timestamp,trade_id,timestamp,pnl,fee_paid,balance,equity,qty,price,psize,pprice,type,pcost,wallet_exposure,mins_since_prev_fill
1672621500000.0,1505,1672621500000.0,0.0,-0.051701364,299.948298636,299.910546636,943.8,0.05478,943.8,0.05478,long_ientry_normal,51.701364,0.17236758546425962,
1672978140000.0,7449,1672978140000.0,0.0,-0.067918032,299.880380604,296.357900604,1328.6,0.05112,2272.4,0.05264011441647597,long_rentry,119.619396,0.3988903700837988,5944.0
1673231400000.0,11670,1673231400000.0,2.2558489633867342,-0.046899930000000006,302.0893296373867,306.062963674,-848.1,0.0553,1424.3,0.05264011441647597,long_nclose,74.97531496338672,0.24818921957085818,4221.0
1673231700000.0,11675,1673231700000.0,4.3439520366132856,-0.079319267,306.353962407,306.353962407,-1424.3,0.05569,0.0,0.05264011441647597,long_nclose,0.0,0.0,5.0
1673294580000.0,12723,1673294580000.0,0.0,-0.052798031,306.301164376,306.252929376,964.7,0.05473,964.7,0.05473,long_ientry_normal,52.798031,0.17237293598788864,1048.0
1673597760000.0,17776,1673597760000.0,3.0580989999999995,-0.055856130000000004,309.303407246,309.303407246,-964.7,0.0579,0.0,0.05473,long_nclose,0.0,0.0,5053.0
1673611620000.0,18007,1673611620000.0,0.0,-0.053302557,309.250104689,309.240787689,931.7,0.05721,931.7,0.05721,long_ientry_normal,53.302557,0.17236067568547525,231.0
1673647860000.0,18611,1673647860000.0,3.0932440000000034,-0.05639580100000001,312.28695288800003,312.28695288800003,-931.7,0.06053,0.0,0.05721,long_nclose,0.0,0.0,604.0
1673707320000.0,19602,1673707320000.0,0.0,-0.053817871,312.23313501700005,312.285041017,865.1,0.06221,865.1,0.06221,long_ientry_normal,53.817871000000004,0.1723643808562144,991.0
1675803840000.0,54544,1675803840000.0,3.1230110000000018,-0.056940882000000005,315.2992051350001,315.2992051350001,-865.1,0.06582,0.0,0.06221,long_nclose,0.0,0.0,34942.0
1675873440000.0,55704,1675873440000.0,0.0,-0.054337800000000006,315.2448673350001,315.1872363350001,823.3,0.066,823.3,0.066,long_ientry_normal,54.3378,0.17236696178230573,1160.0
1676467320000.0,65602,1676467320000.0,3.1532389999999997,-0.057491039,318.34061529600007,318.34061529600007,-823.3,0.06983,0.0,0.066,long_nclose,0.0,0.0,9898.0
1676546820000.0,66927,1676546820000.0,0.0,-0.054860504000000004,318.2857547920001,318.2466747920001,781.6,0.07019,781.6,0.07019,long_ientry_normal,54.860504000000006,0.17236242330685322,1325.0
1678284540000.0,95889,1678284540000.0,0.0,-0.0720631,318.2136916920001,314.6420776920001,1100.2,0.0655,1881.8,0.06744797746838134,long_rentry,126.923604,0.39886279979068184,28962.0
1678396320000.0,97752,1678396320000.0,0.0,-0.19128924800000002,318.02240244400014,305.52629044400015,3097.3,0.06176,4979.1,0.06390971300034143,long_rentry,318.21285200000005,1.0005988557866876,1863.0
1678435320000.0,98402,1678435320000.0,-0.5388464334518293,-0.009162648,317.4743933625483,287.6430647960001,-151.8,0.06036,4827.3,0.06390971300034143,unstuck_close_long,308.5113575665482,0.9717676890376336,650.0
1678443960000.0,98546,1678443960000.0,0.0,-0.054684936,317.4197084265483,278.2438568600001,981.6,0.05571,5808.9,0.06252410844850974,long_rentry,363.1962935665482,1.1442146909116473,144.0
1678489320000.0,99302,1678489320000.0,-0.8305757083821537,-0.009148272,316.5799844461662,287.18041458800013,-159.6,0.05732,5649.3,0.06252410844850974,unstuck_close_long,353.21744585816606,1.1157289254281015,756.0
1678552620000.0,100357,1678552620000.0,-1.0588688554173853,-0.009120056,315.51199553474885,279.55287953200013,-162.8,0.05602,5486.5,0.06252410844850974,unstuck_close_long,343.03852100274867,1.0872439902684086,1055.0
1678605720000.0,101242,1678605720000.0,-0.5676497552947546,-0.009092325,314.9352534544541,295.2915872070002,-154.5,0.05885,5332.0,0.06252410844850974,unstuck_close_long,333.3785462474539,1.058562172988573,885.0
1678658880000.0,102128,1678658880000.0,-0.27419921305220574,-0.009073155,314.65198108640186,305.14671405200016,-149.5,0.06069,5182.5,0.06252410844850974,unstuck_close_long,324.0311920344017,1.0298082056105802,886.0
1678665660000.0,102241,1678665660000.0,3.119753715343148,-0.09114744600000002,317.68058735574505,326.0824376060002,-1407.9,0.06474,3774.6,0.06252410844850974,long_nclose,236.00349974974486,0.742895565996494,113.0
1678666560000.0,102256,1678666560000.0,3.314390174538988,-0.08046914000000001,320.914508390284,328.0431564660002,-1234.0,0.06521,2540.6,0.06252410844850974,long_nclose,158.84874992428382,0.49498774836037646,15.0
1678666920000.0,102262,1678666920000.0,3.9682180368438584,-0.082586032,324.80014039512787,328.8882764340002,-1257.4,0.06568,1283.2,0.06252410844850974,long_nclose,80.2309359611277,0.24701632167869345,6.0
1678667100000.0,102265,1678667100000.0,4.652744038872305,-0.08488368,329.36800075400015,329.36800075400015,-1283.2,0.06615,0.0,0.06252410844850974,long_nclose,0.0,0.0,3.0
1678778940000.0,104129,1678778940000.0,0.0,-0.05676153799999999,329.31123921600016,329.2770352160002,855.1,0.06638,855.1,0.06638,long_ientry_normal,56.761537999999994,0.17236441165850783,1864.0
1679513580000.0,116373,1679513580000.0,0.0,-0.07455717800000002,329.23668203800014,326.2017940380002,1203.7,0.06194,2058.8,0.0637841053040606,long_rentry,131.318716,0.39885809560200625,12244.0
1679514420000.0,116387,1679514420000.0,0.0,-0.197916444,329.03876559400015,317.5932535940002,3388.4,0.05841,5447.2,0.0604411734469085,long_rentry,329.23515999999995,1.0005968731545818,14.0
1679548560000.0,116956,1679548560000.0,0.2962216360699086,-0.00948328,329.3255039500701,338.21522631400023,-152.0,0.06239,5295.2,0.0604411734469085,unstuck_close_long,320.0481016360699,0.9718290803392902,569.0
1679549160000.0,116966,1679549160000.0,2.5970717720663985,-0.07564627400000001,331.84692944813645,340.9552520400002,-1208.6,0.06259,4086.6,0.0604411734469085,long_nclose,246.99889940813625,0.7443157597356619,10.0
1679572800000.0,117360,1679572800000.0,3.485546173006322,-0.08454924800000001,335.2479263731428,342.5474687920002,-1341.2,0.06304,2745.4,0.0604411734469085,long_nclose,165.9351975811426,0.49496263668593393,394.0
1679572800000.0,117360,1679572800000.0,4.185124209428713,-0.08715272300000002,339.3458978595715,342.9956690690002,-1372.7,0.06349,1372.7,0.0604411734469085,long_nclose,82.9675987905713,0.24449271175485093,0.0
1679583540000.0,117539,1679583540000.0,4.802839209428702,-0.087770438,344.0609666310002,344.0609666310002,-1372.7,0.06394,0.0,0.0604411734469085,long_nclose,0.0,0.0,179.0
1679643780000.0,118543,1679643780000.0,0.0,-0.059293059,344.0016735720002,343.7349605720002,919.7,0.06447,919.7,0.06447,long_ientry_normal,59.293059,0.17236270505407833,1004.0
1682805420000.0,171237,1682805420000.0,3.439678000000007,-0.06273273700000001,347.3786188350002,347.3786188350002,-919.7,0.06821,0.0,0.06447,long_nclose,0.0,0.0,52694.0
1682819880000.0,171478,1682819880000.0,0.0,-0.059863103,347.3187557320002,347.3098647320002,889.1,0.06733,889.1,0.06733,long_ientry_normal,59.863103,0.17235781832119615,241.0
1683302580000.0,179523,1683302580000.0,3.4674900000000006,-0.063330593,350.72291513900024,350.72291513900024,-889.1,0.07123,0.0,0.06733,long_nclose,0.0,0.0,8045.0
1683338580000.0,180123,1683338580000.0,0.0,-0.06044117200000001,350.6624739670002,350.6624739670002,857.2,0.07051,857.2,0.07051,long_ientry_normal,60.44117200000001,0.17236281748724544,600.0
1684676520000.0,202422,1684676520000.0,3.505947999999997,-0.06394712000000001,354.1044748470002,354.1044748470002,-857.2,0.0746,0.0,0.07051,long_nclose,0.0,0.0,22299.0
1684727760000.0,203276,1684727760000.0,0.0,-0.061026075,354.0434487720002,354.12563877200023,821.9,0.07425,821.9,0.07425,long_ientry_normal,61.026075,0.17236888639422351,854.0
1684753440000.0,203704,1684753440000.0,3.5341699999999983,-0.064560245,357.5130585270002,357.5130585270002,-821.9,0.07855,0.0,0.07425,long_nclose,0.0,0.0,428.0
1684829280000.0,204968,1684829280000.0,0.0,-0.06161359400000001,357.45144493300023,357.3883889330002,788.2,0.07817,788.2,0.07817,long_ientry_normal,61.613594000000006,0.1723691283764392,1264.0
1685742900000.0,220195,1685742900000.0,3.570545999999994,-0.06518414,360.9568067930002,360.9568067930002,-788.2,0.0827,0.0,0.07817,long_nclose,0.0,0.0,15227.0
1685804640000.0,221224,1685804640000.0,0.0,-0.062205138,360.8946016550002,360.8719486550002,755.1,0.08238,755.1,0.08238,long_ientry_normal,62.205138,0.17236372535011052,1029.0
1685981100000.0,224165,1685981100000.0,0.0,-0.081705123,360.8128965320002,358.48847553200017,1062.9,0.07687,1818.0,0.0791585594059406,long_rentry,143.91026100000002,0.39885010315100183,2941.0
1686339540000.0,230139,1686339540000.0,0.0,-0.216904578,360.59599195400017,348.85736695400016,2992.2,0.07249,4810.2,0.07501036110764625,long_rentry,360.814839,1.000606903711863,5974.0
1686417780000.0,231443,1686417780000.0,-0.883818274479232,-0.010390239,359.70178344052096,332.4862847150002,-150.3,0.06913,4659.9,0.07501036110764625,unstuck_close_long,349.54078172552073,0.9717515948411182,1304.0
1686470880000.0,232328,1686470880000.0,-0.8522039855931149,-0.010361845,358.83921760992786,333.1734128700002,-149.5,0.06931,4510.4,0.07501036110764625,unstuck_close_long,338.32673273992765,0.9428365578137614,885.0
1686523980000.0,233213,1686523980000.0,-0.7385533355993508,-0.010340477,358.0903237973285,336.3188753930002,-147.7,0.07001,4362.7,0.07501036110764625,unstuck_close_long,327.24770240432827,0.913869157183771,885.0
1686577080000.0,234098,1686577080000.0,-0.7134881189347634,-0.010320535999999998,357.3665151423937,337.08795685700017,-147.1,0.07016,4215.6,0.07501036110764625,unstuck_close_long,316.21367828539354,0.8848441722621866,885.0
1686630180000.0,234983,1686630180000.0,-0.4393686745041779,-0.010294614,356.91685185388957,344.3313562430002,-143.1,0.07194,4072.5,0.07501036110764625,unstuck_close_long,305.47969561088934,0.8558847642642075,885.0
1688213220000.0,261367,1688213220000.0,1.339660110078585,-0.039122379000000006,358.21738958496815,367.6377328640002,-503.7,0.07767,3568.8,0.07501036110764625,long_nclose,267.69697672096794,0.7473031307361224,26384.0
1688463300000.0,265535,1688463300000.0,3.802393531869771,-0.09238963,361.9273934868379,369.7107592340002,-1181.0,0.07823,2387.8,0.07501036110764625,long_nclose,179.10974025283772,0.4948775458173529,4168.0
1688467320000.0,265602,1688467320000.0,4.477458351315949,-0.0931022,366.31174963815386,369.9543400340002,-1181.5,0.0788,1206.3,0.07501036110764625,long_nclose,90.48499860415367,0.24701636978212027,67.0
1688744640000.0,270224,1688744640000.0,5.246969395846327,-0.095731968,371.4629870660002,371.4629870660002,-1206.3,0.07936,0.0,0.07501036110764625,long_nclose,0.0,0.0,4622.0
1688756040000.0,270414,1688756040000.0,0.0,-0.064019109,371.3989679570002,371.3662759570002,817.3,0.07833,817.3,0.07833,long_ientry_normal,64.019109,0.17237287801890716,190.0
1689994200000.0,291050,1689994200000.0,3.7105420000000016,-0.06772965099999999,375.0417803060002,375.0417803060002,-817.3,0.08287,0.0,0.07833,long_nclose,0.0,0.0,20636.0
1690052700000.0,292025,1690052700000.0,0.0,-0.064629376,374.97715093000016,374.90860693000013,761.6,0.08486,761.6,0.08486,long_ientry_normal,64.62937600000001,0.17235550443462852,975.0
1690747320000.0,303602,1690747320000.0,0.0,-0.08489959899999999,374.8922513310002,370.6106533310002,1072.1,0.07919,1833.7,0.08154495010088891,long_rentry,149.528975,0.3988585372706937,11577.0
1692217740000.0,328109,1692217740000.0,0.0,-0.225361527,374.66688980400016,360.3136458040002,3018.1,0.07467,4851.8,0.07726833381425449,long_rentry,374.89050199999997,1.0005968293491767,24507.0
1692236400000.0,328420,1692236400000.0,-0.3443977360154974,-0.010797696,374.3116943719847,363.35083010800025,-144.2,0.07488,4707.6,0.07726833381425449,unstuck_close_long,363.74840826398446,0.9717794387222575,311.0
1692289500000.0,329305,1692289500000.0,-0.4066467363040507,-0.010781808,373.89426582768067,361.0804003000003,-144.8,0.07446,4562.8,0.07726833381425449,unstuck_close_long,352.5599535276804,0.9429402527669875,885.0
1692344880000.0,330228,1692344880000.0,-0.6456397377468129,-0.010774620000000002,373.23785146993384,353.95165768000027,-147.8,0.0729,4415.0,0.07726833381425449,unstuck_close_long,341.1396937899336,0.914000797203212,923.0
1692397980000.0,331113,1692397980000.0,-0.6209387374582606,-0.01075296,372.60615977247556,354.64583272000027,-147.2,0.07305,4267.8,0.07726833381425449,unstuck_close_long,329.7657950524753,0.8850250764878395,885.0
1692451080000.0,331998,1692451080000.0,-0.4984797365926027,-0.010736336,372.09694369988296,358.00520438400025,-145.4,0.07384,4122.4,0.07726833381425449,unstuck_close_long,318.5309793158827,0.8560429874769296,885.0
1694526480000.0,366588,1694526480000.0,1.3993464212045061,-0.040837104,373.45545301708745,383.68343128000026,-510.4,0.08001,3612.0,0.07726833381425449,long_nclose,279.0932217370872,0.7473266743927215,34590.0
1694526540000.0,366589,1694526540000.0,3.9700554252030256,-0.096321168,377.3291872742905,385.35699011200023,-1195.2,0.08059,2416.8,0.07726833381425449,long_nclose,186.74210916229026,0.4949050204975066,1.0
1694526600000.0,366590,1694526600000.0,4.6660025915330605,-0.09707120300000001,381.8981186628236,386.6738719090003,-1195.9,0.08117,1220.9,0.07726833381425449,long_nclose,94.33690875382332,0.2470211403086618,1.0
1694526720000.0,366592,1694526720000.0,5.471666246176695,-0.09980857500000001,387.2699763340003,387.2699763340003,-1220.9,0.08175,0.0,0.07726833381425449,long_nclose,0.0,0.0,2.0
1694576760000.0,367426,1694576760000.0,0.0,-0.066738164,387.2032381700003,387.2032381700003,830.8,0.08033,830.8,0.08033,long_ientry_normal,66.738164,0.1723595192938413,834.0
1695173880000.0,377378,1695173880000.0,3.863220000000001,-0.070601384,390.99585678600033,390.99585678600033,-830.8,0.08498,0.0,0.08033,long_nclose,0.0,0.0,9952.0
1695180060000.0,377481,1695180060000.0,0.0,-0.067378863,390.92847792300034,390.92050692300035,797.1,0.08453,797.1,0.08453,long_ientry_normal,67.378863,0.17235598531471363,103.0
1695987660000.0,390941,1695987660000.0,3.9057900000000014,-0.07128465299999999,394.76298327000035,394.76298327000035,-797.1,0.08943,0.0,0.08453,long_nclose,0.0,0.0,13460.0
1696037100000.0,391765,1696037100000.0,0.0,-0.06803049599999998,394.69495277400034,394.67961677400035,766.8,0.08872,766.8,0.08872,long_ientry_normal,68.03049599999999,0.17236221421598413,824.0
1698100920000.0,426162,1698100920000.0,3.941352000000004,-0.07197184799999999,398.56433292600036,398.56433292600036,-766.8,0.09386,0.0,0.08872,long_nclose,0.0,0.0,34397.0
1698161400000.0,427170,1698161400000.0,0.0,-0.068685145,398.49564778100034,398.21387778100035,741.5,0.09263,741.5,0.09263,long_ientry_normal,68.685145,0.17236109197796565,1008.0
1698826200000.0,438250,1698826200000.0,3.981855,-0.07266700000000001,402.4048357810003,402.4048357810003,-741.5,0.098,0.0,0.09263,long_nclose,0.0,0.0,11080.0
1698930480000.0,439988,1698930480000.0,0.0,-0.06935224799999999,402.33548353300034,402.29385553300034,693.8,0.09996,693.8,0.09996,long_ientry_normal,69.35224799999999,0.17237417736810576,1738.0
1699614960000.0,451396,1699614960000.0,4.017102000000002,-0.07336935,406.27921618300036,406.27921618300036,-693.8,0.10575,0.0,0.09996,long_nclose,0.0,0.0,11408.0
1699749300000.0,453635,1699749300000.0,0.0,-0.070015442,406.20920074100036,406.18304874100033,653.8,0.10709,653.8,0.10709,long_ientry_normal,70.015442,0.1723630136202699,2239.0
1700579520000.0,467472,1700579520000.0,0.0,-0.091965579,406.1172351620004,401.24713516200035,920.3,0.09993,1574.1,0.10290389492408361,long_rentry,161.981021,0.39885286064105524,13837.0
1700955900000.0,473745,1700955900000.0,3.04631812159329,-0.063492066,409.1000612175937,414.3158610960004,-587.4,0.10809,986.7,0.10290389492408361,long_nclose,101.5352731215933,0.24819178178413506,6273.0
1700956320000.0,473752,1700956320000.0,5.886755878406696,-0.107422029,414.87939506700036,414.87939506700036,-986.7,0.10887,0.0,0.10290389492408361,long_nclose,0.0,0.0,7.0
1701010020000.0,474647,1701010020000.0,0.0,-0.07150116600000002,414.80789390100034,414.78801590100034,662.6,0.10791,662.6,0.10791,long_ientry_normal,71.50116600000001,0.17237175823144957,895.0
1701136260000.0,476751,1701136260000.0,0.0,-0.09392289000000001,414.71397101100035,409.92067201100036,932.7,0.1007,1595.3,0.10369463799912243,long_rentry,165.424056,0.39888710668879807,2104.0
1704040860000.0,525161,1704040860000.0,3.1171345353225046,-0.064856922,417.7662486243229,422.92109508900035,-595.4,0.10893,999.9,0.10369463799912243,long_nclose,103.68426853532252,0.24818727907471722,48410.0
