timestamp,trade_id,timestamp,pnl,fee_paid,balance,equity,qty,price,psize,pprice,type,pcost,wallet_exposure,mins_since_prev_fill
1710611220000.0,1878,1710611220000.0,0.0,-0.0101332,999.9898668,999.7210668,2800.0,0.018095,2800.0,0.018095,long_ientry_normal,50.666,0.050666513413913726,
1710611400000.0,1881,1710611400000.0,0.07120000000000043,-0.0014618400000000003,1000.0596049599999,1001.2716049599999,-400.0,0.018273,2400.0,0.018095,long_nclose,43.428,0.04342541163007681,3.0
1710611400000.0,1881,1710611400000.0,0.11960000000000026,-0.0014715200000000002,1000.1777334399999,1001.1877334399999,-400.0,0.018394,2000.0,0.018095,long_nclose,36.19,0.03618356896981552,0.0
1710611400000.0,1881,1710611400000.0,0.1680000000000001,-0.0014812,1000.34425224,1001.1522522399999,-400.0,0.018515,1600.0,0.018095,long_nclose,28.951999999999998,0.028942036639056843,0.0
1710611400000.0,1881,1710611400000.0,0.21639999999999993,-0.00149088,1000.55916136,1001.16516136,-400.0,0.018636,1200.0,0.018095,long_nclose,21.714,0.021701865155565075,0.0
1710611400000.0,1881,1710611400000.0,0.26479999999999976,-0.00150056,1000.8224608,1001.2264608,-400.0,0.018757,800.0,0.018095,long_nclose,14.475999999999999,0.014464103841583167,0.0
1710611460000.0,1882,1710611460000.0,0.10819999999999996,-0.00074544,1000.9299153600001,1001.3133153600002,-200.0,0.018636,600.0,0.018095,long_nclose,10.857,0.010846913288724225,1.0
1710611460000.0,1882,1710611460000.0,0.13239999999999988,-0.00075028,1001.06156508,1001.31716508,-200.0,0.018757,400.0,0.018095,long_nclose,7.2379999999999995,0.0072303245399513195,0.0
1710611460000.0,1882,1710611460000.0,0.3131999999999996,-0.00151024,1001.3732548400001,1001.3732548400001,-400.0,0.018878,0.0,0.018095,long_nclose,0.0,0.0,0.0
1710611820000.0,1888,1710611820000.0,0.0,-0.01013544,1001.3631194000001,1002.0183194000001,2800.0,0.018099,2800.0,0.018099,long_ientry_normal,50.6772,0.05060821496038812,6.0
1710611940000.0,1890,1710611940000.0,0.14950000000000033,-0.0018398000000000002,1001.5107796000001,1001.8074796000001,-500.0,0.018398,2300.0,0.018099,long_nclose,41.627700000000004,0.041564904590069375,2.0
1710612000000.0,1891,1710612000000.0,0.05340000000000032,-0.0010966200000000002,1001.5630829800001,1001.5470829800001,-300.0,0.018277,2000.0,0.018099,long_nclose,36.198,0.036141507824248374,1.0
1710612000000.0,1891,1710612000000.0,0.0897000000000002,-0.00110388,1001.6516791000001,1001.6380791000001,-300.0,0.018398,1700.0,0.018099,long_nclose,30.7683,0.030717564440810207,0.0
1710612000000.0,1891,1710612000000.0,0.12600000000000006,-0.00111114,1001.7765679600001,1001.76536796,-300.0,0.018519,1400.0,0.018099,long_nclose,25.3386,0.0252936640867924,0.0
1710612060000.0,1892,1710612060000.0,0.0,-0.005065480000000001,1001.7715024800001,1003.4851024800001,1400.0,0.018091,2800.0,0.018095,long_ientry_partial,50.666,0.0505764037752826,1.0
1710612060000.0,1892,1710612060000.0,0.03640000000000032,-0.0007310800000000001,1001.8071714,1003.3983714,-200.0,0.018277,2600.0,0.018095,long_nclose,47.047,0.046962131379288306,0.0
1710612060000.0,1892,1710612060000.0,0.06060000000000024,-0.00073592,1001.86703548,1003.33583548,-200.0,0.018398,2400.0,0.018095,long_nclose,43.428,0.043347069483320615,0.0
1710612060000.0,1892,1710612060000.0,0.08480000000000015,-0.00074076,1001.95109472,1003.29749472,-200.0,0.018519,2200.0,0.018095,long_nclose,39.809,0.039731480118922184,0.0
1710612060000.0,1892,1710612060000.0,0.10900000000000007,-0.0007456000000000001,1002.0593491200001,1003.2833491200001,-200.0,0.01864,2000.0,0.018095,long_nclose,36.19,0.036115625318781513,0.0
1710612060000.0,1892,1710612060000.0,0.13319999999999999,-0.0007504400000000001,1002.19179868,1003.29339868,-200.0,0.018761,1800.0,0.018095,long_nclose,32.571,0.03249976705347189,0.0
1710612120000.0,1893,1710612120000.0,0.5957999999999994,-0.00337626,1002.7842224200001,1003.5726224200001,-900.0,0.018757,900.0,0.018095,long_nclose,16.2855,0.016240283438742696,1.0
1710612120000.0,1893,1710612120000.0,0.7046999999999991,-0.0033980399999999997,1003.4855243800001,1003.4855243800001,-900.0,0.018878,0.0,0.018095,long_nclose,0.0,0.0,0.0
1710612660000.0,1902,1710612660000.0,0.0,-0.010144960000000001,1003.4753794200001,1003.5957794200001,2800.0,0.018116,2800.0,0.018116,long_ientry_normal,50.7248,0.05054912261954896,9.0
1710612720000.0,1903,1710612720000.0,0.07120000000000043,-0.0014635200000000003,1003.5451159,1003.9123159000001,-400.0,0.018294,2400.0,0.018116,long_nclose,43.4784,0.043324808532407305,1.0
1710612780000.0,1904,1710612780000.0,0.07120000000000043,-0.0014635200000000003,1003.61485238,1004.10485238,-400.0,0.018294,2000.0,0.018116,long_nclose,36.232,0.03610149841254186,1.0
1710612780000.0,1904,1710612780000.0,0.11960000000000026,-0.0014732000000000002,1003.73297918,1004.1249791800001,-400.0,0.018415,1600.0,0.018116,long_nclose,28.9856,0.028877799774676922,0.0
1710612780000.0,1904,1710612780000.0,0.1680000000000001,-0.0014828800000000002,1003.8994963,1004.1934963,-400.0,0.018536,1200.0,0.018116,long_nclose,21.7392,0.021654757353821375,0.0
1710612840000.0,1905,1710612840000.0,0.0,-0.00579712,1003.89369918,1005.84529918,1600.0,0.018116,2800.0,0.018116,long_ientry_partial,50.7248,0.05052805893834478,1.0
1710612840000.0,1905,1710612840000.0,0.05980000000000013,-0.0007366000000000001,1003.95276258,1005.76496258,-200.0,0.018415,2600.0,0.018116,long_nclose,47.1016,0.04691615159159115,0.0
1710612840000.0,1905,1710612840000.0,0.08400000000000005,-0.0007414400000000001,1004.03602114,1005.70882114,-200.0,0.018536,2400.0,0.018116,long_nclose,43.4784,0.04330362565143218,0.0
1710612840000.0,1905,1710612840000.0,0.10840000000000016,-0.0007463200000000001,1004.14367482,1005.67707482,-200.0,0.018658,2200.0,0.018116,long_nclose,39.8552,0.03969073450285322,0.0
1710612840000.0,1905,1710612840000.0,0.13260000000000008,-0.0007511600000000001,1004.27552366,1005.66952366,-200.0,0.018779,2000.0,0.018116,long_nclose,36.232,0.03607774873169809,0.0
1710612840000.0,1905,1710612840000.0,0.3136,-0.001512,1004.5876116599999,1005.7028116599998,-400.0,0.0189,1600.0,0.018116,long_nclose,28.9856,0.028853232573815675,0.0
1710612900000.0,1906,1710612900000.0,1.2544,-0.006048,1005.83596366,1005.83596366,-1600.0,0.0189,0.0,0.018116,long_nclose,0.0,0.0,1.0
1710614220000.0,1928,1710614220000.0,0.0,-0.01016344,1005.8258002199999,1005.4254002199999,2800.0,0.018149,2800.0,0.018149,long_ientry_normal,50.81719999999999,0.050522863888443674,22.0
1710614280000.0,1929,1710614280000.0,0.07120000000000043,-0.00146616,1005.8955340599999,1005.7827340599999,-400.0,0.018327,2400.0,0.018149,long_nclose,43.557599999999994,0.043302309757945356,1.0
1710614280000.0,1929,1710614280000.0,0.12000000000000066,-0.0014759200000000001,1006.01405814,1005.9200581399999,-400.0,0.018449,2000.0,0.018149,long_nclose,36.297999999999995,0.03608100672778934,0.0
1710614280000.0,1929,1710614280000.0,0.1684000000000005,-0.0014856000000000001,1006.18097254,1006.10577254,-400.0,0.01857,1600.0,0.018149,long_nclose,29.038399999999996,0.028860017027250627,0.0
1710614340000.0,1930,1710614340000.0,0.0,-0.00434448,1006.17662806,1005.30342806,1200.0,0.018102,2800.0,0.01812885714285714,long_ientry_partial,50.760799999999996,0.05044919409216594,1.0
1710614460000.0,1932,1710614460000.0,0.0,-0.01646688,1006.1601611799999,1003.84576118,4800.0,0.017153,7600.0,0.01751252631578947,long_rentry,133.09519999999998,0.1322803318349528,2.0
1710614820000.0,1938,1710614820000.0,0.20696842105263347,-0.0042444,1006.3628852010526,1008.42671678,-1200.0,0.017685,6400.0,0.01751252631578947,long_nclose,112.08016842105262,0.11137152419791503,6.0
1710614820000.0,1938,1710614820000.0,0.3473684210526323,-0.0042724799999999995,1006.7059811421051,1008.3828442999999,-1200.0,0.017802,5200.0,0.01751252631578947,long_nclose,91.06513684210525,0.09045852368811011,0.0
1710614820000.0,1938,1710614820000.0,0.48776842105263535,-0.00430056,1007.1894490031576,1008.4793437399998,-1200.0,0.017919,4000.0,0.01751252631578947,long_nclose,70.05010526315789,0.06955007852046936,0.0
1710614820000.0,1938,1710614820000.0,0.6281684210526342,-0.00432864,1007.8132887842102,1008.7162150999997,-1200.0,0.018036,2800.0,0.01751252631578947,long_nclose,49.03507368421052,0.04865491875321934,0.0
1710615000000.0,1941,1710615000000.0,0.14473684210526347,-0.0017802,1007.9562454263155,1008.1068348999997,-500.0,0.017802,2300.0,0.01751252631578947,long_nclose,40.27881052631579,0.039960872021066594,3.0
1710615000000.0,1941,1710615000000.0,0.20323684210526471,-0.0017919000000000001,1008.1576903684208,1008.2755429999997,-500.0,0.017919,1800.0,0.01751252631578947,long_nclose,31.522547368421048,0.03126747697267623,0.0
1710615060000.0,1942,1710615060000.0,0.0,-0.00386716,1008.1538232084208,1007.7670758399997,1100.0,0.017578,2900.0,0.0175373611615245,long_ientry_partial,50.85834736842105,0.05044701135642754,1.0
1710615240000.0,1945,1710615240000.0,0.0,-0.01626114,1008.1375620684208,1005.6329146999998,4900.0,0.016593,7800.0,0.016944108636977057,long_rentry,132.16404736842105,0.1310972354777227,3.0
1710615420000.0,1948,1710615420000.0,0.2169587719298271,-0.004448860000000001,1008.3500719803507,1009.7923658399998,-1300.0,0.017111,6500.0,0.016944108636977057,long_nclose,110.13670614035087,0.10922467226490867,3.0
1710615420000.0,1948,1710615420000.0,0.3638587719298252,-0.0044782400000000005,1008.7094525122804,1009.8632875999998,-1300.0,0.017224,5200.0,0.016944108636977057,long_nclose,88.1093649122807,0.08734860637306065,0.0
1710615480000.0,1949,1710615480000.0,0.27989136302294243,-0.0034448,1008.9858990753033,1010.8418427999997,-1000.0,0.017224,4200.0,0.016944108636977057,long_nclose,71.16525627530365,0.0705314676255871,1.0
1710615480000.0,1949,1710615480000.0,0.3928913630229444,-0.0034674000000000007,1009.3753230383263,1010.7893753999997,-1000.0,0.017337,3200.0,0.016944108636977057,long_nclose,54.221147638326585,0.05371752845622895,0.0
1710615480000.0,1949,1710615480000.0,0.5068913630229439,-0.0034902,1009.8787242013493,1010.8508851999998,-1000.0,0.017451,2200.0,0.016944108636977057,long_nclose,37.27703900134953,0.03691239166448391,0.0
1710615540000.0,1950,1710615540000.0,0.0,-0.00243404,1009.8762901613493,1010.5613511599997,700.0,0.017386,2900.0,0.01705077206943087,long_ientry_partial,49.44723900134952,0.048963659690880824,1.0
1710615540000.0,1950,1710615540000.0,0.2801595513983922,-0.0024431400000000003,1010.1540065727477,1010.6737080199997,-700.0,0.017451,2200.0,0.01705077206943087,long_nclose,37.511698552747916,0.037134633242724716,0.0
1710615540000.0,1950,1710615540000.0,0.35925955139839116,-0.00245896,1010.5108071641461,1010.8651490599998,-700.0,0.017564,1500.0,0.01705077206943087,long_nclose,25.576158104146305,0.02531012822705195,0.0
1710615600000.0,1951,1710615600000.0,0.0,-0.00484036,1010.505966804146,1011.8985086999998,1400.0,0.017287,2900.0,0.017164813139360795,long_ientry_partial,49.77795810414631,0.049260429665324436,1.0
1710615600000.0,1951,1710615600000.0,0.05015605819176164,-0.0010399200000000002,1010.5550829423378,1011.8035687799998,-300.0,0.017332,2600.0,0.017164813139360795,long_nclose,44.628514162338064,0.04416237661424396,0.0
1710615600000.0,1951,1710615600000.0,0.0843560581917615,-0.0010467599999999999,1010.6383922405296,1011.7428220199997,-300.0,0.017446,2300.0,0.017164813139360795,long_nclose,39.47907022052983,0.039063497412765914,0.0
1710615600000.0,1951,1710615600000.0,0.11855605819176135,-0.0010536,1010.7558946987214,1011.7162684199998,-300.0,0.01756,2000.0,0.017164813139360795,long_nclose,34.32962627872159,0.03396430973964719,0.0
1710615600000.0,1951,1710615600000.0,0.1527560581917612,-0.00106044,1010.9075903169132,1011.7239079799999,-300.0,0.017674,1700.0,0.017164813139360795,long_nclose,29.18018233691335,0.028865331130578955,0.0
1710615600000.0,1951,1710615600000.0,0.18725605819176136,-0.00106734,1011.0937790351051,1011.7660406399999,-300.0,0.017789,1400.0,0.017164813139360795,long_nclose,24.030738395105114,0.023767071752768414,0.0
1710615660000.0,1952,1710615660000.0,0.0,-0.0052935000000000005,1011.0884855351051,1013.83424714,1500.0,0.017645,2900.0,0.01741318565348452,long_ientry_partial,50.49823839510511,0.04994443030214076,1.0
1710615660000.0,1952,1710615660000.0,0.10592573860619126,-0.00141424,1011.1929970337112,1013.5600328999999,-400.0,0.017678,2500.0,0.01741318565348452,long_nclose,43.5329641337113,0.04305109337328609,0.0
1710615660000.0,1952,1710615660000.0,0.15192573860619146,-0.00142344,1011.3434993323174,1013.3318094599999,-400.0,0.017793,2100.0,0.01741318565348452,long_nclose,36.567689872317494,0.036157536876896185,0.0
1710615660000.0,1952,1710615660000.0,0.2968886079092875,-0.00214896,1011.6382389802267,1013.0584604999999,-600.0,0.017908,1500.0,0.01741318565348452,long_nclose,26.11977848022678,0.025819287442669824,0.0
1710615720000.0,1953,1710615720000.0,1.4202215197732202,-0.005508000000000001,1013.0529525,1013.0529525,-1500.0,0.01836,0.0,0.01741318565348452,long_nclose,0.0,0.0,1.0
1710626400000.0,2131,1710626400000.0,0.0,-0.01008288,1013.0428696199999,1012.4893696199999,2700.0,0.018672,2700.0,0.018672,long_ientry_normal,50.4144,0.04976531745286438,178.0
1710627120000.0,2143,1710627120000.0,0.07319999999999965,-0.0015084,1013.1145612199999,1013.6228612199999,-400.0,0.018855,2300.0,0.018672,long_nclose,42.945600000000006,0.04238967797312537,12.0
1710627240000.0,2145,1710627240000.0,0.05489999999999974,-0.0011313,1013.1683299199999,1013.2903299199999,-300.0,0.018855,2000.0,0.018672,long_nclose,37.344,0.036858633355573496,2.0
1710627300000.0,2146,1710627300000.0,0.0,-0.00261282,1013.1657170999999,1012.9020171,700.0,0.018663,2700.0,0.018669666666666668,long_ientry_partial,50.408100000000005,0.04975306521847571,1.0
1710627600000.0,2151,1710627600000.0,0.07333333333333358,-0.0015082400000000003,1013.2375421933333,1013.34180886,-400.0,0.018853,2300.0,0.018669666666666668,long_nclose,42.94023333333334,0.042379236403323105,5.0
1710627660000.0,2152,1710627660000.0,0.05500000000000019,-0.0011311800000000003,1013.2914110133332,1014.2000776799999,-300.0,0.018853,2000.0,0.018669666666666668,long_nclose,37.339333333333336,0.03684955080788898,1.0
1710627660000.0,2152,1710627660000.0,0.09249999999999918,-0.00113868,1013.3827723333332,1014.1551389999998,-300.0,0.018978,1700.0,0.018669666666666668,long_nclose,31.738433333333337,0.031319294347440886,0.0
1710627660000.0,2152,1710627660000.0,0.12999999999999923,-0.00114618,1013.5116261533332,1014.1476928199999,-300.0,0.019103,1400.0,0.018669666666666668,long_nclose,26.137533333333334,0.025789080913196167,0.0
1710627660000.0,2152,1710627660000.0,0.16749999999999926,-0.00115368,1013.6779724733332,1014.1777391399999,-300.0,0.019228,1100.0,0.018669666666666668,long_nclose,20.536633333333334,0.020259524120095834,0.0
1710627840000.0,2155,1710627840000.0,0.06166666666666612,-0.00075912,1013.7388800199998,1014.2917800199998,-200.0,0.018978,900.0,0.018669666666666668,long_nclose,16.8027,0.016574978360964616,3.0
1710627840000.0,2155,1710627840000.0,0.08666666666666614,-0.00076412,1013.8247825666665,1014.2548158999998,-200.0,0.019103,700.0,0.018669666666666668,long_nclose,13.068766666666667,0.012890557511901518,0.0
1710627840000.0,2155,1710627840000.0,0.11166666666666616,-0.00076912,1013.9356801133332,1014.2428467799999,-200.0,0.019228,500.0,0.018669666666666668,long_nclose,9.334833333333334,0.009206534020274272,0.0
1710627900000.0,2156,1710627900000.0,0.1366666666666662,-0.00077412,1014.0715726599999,1014.3053726599999,-200.0,0.019353,300.0,0.018669666666666668,long_nclose,5.6009,0.0055231801689385115,1.0
1710627900000.0,2156,1710627900000.0,0.24220000000000005,-0.0011686200000000002,1014.3126040399999,1014.3126040399999,-300.0,0.019477,0.0,0.018669666666666668,long_nclose,0.0,0.0,0.0
1710630660000.0,2202,1710630660000.0,0.0,-0.010120140000000001,1014.3024838999999,1014.1512838999998,2700.0,0.018741,2700.0,0.018741,long_ientry_normal,50.6007,0.049887189278527616,46.0
1710630780000.0,2204,1710630780000.0,0.07360000000000005,-0.0015140000000000002,1014.3745698999999,1014.8299698999999,-400.0,0.018925,2300.0,0.018741,long_nclose,43.1043,0.04249347457936505,2.0
1710630840000.0,2205,1710630840000.0,0.1236000000000001,-0.0015240000000000002,1014.4966458999999,1015.0590458999999,-400.0,0.01905,1900.0,0.018741,long_nclose,35.6079,0.035099081050594144,1.0
1710630900000.0,2206,1710630900000.0,0.09270000000000007,-0.001143,1014.5882028999999,1015.0794029,-300.0,0.01905,1600.0,0.018741,long_nclose,29.9856,0.029554453633791607,1.0
1710630900000.0,2206,1710630900000.0,0.13049999999999937,-0.00115056,1014.7175523399999,1015.1166523399999,-300.0,0.019176,1300.0,0.018741,long_nclose,24.363300000000002,0.02400993256085574,0.0
1710630960000.0,2207,1710630960000.0,0.0,-0.005247760000000001,1014.7123045799999,1014.1574045799999,1400.0,0.018742,2700.0,0.01874151851851852,long_ientry_partial,50.6021,0.04986842060710473,1.0
1710631200000.0,2211,1710631200000.0,0.07379259259259197,-0.00151408,1014.7845830925925,1014.9328904999999,-400.0,0.018926,2300.0,0.01874151851851852,long_nclose,43.10549259259259,0.04247748074889653,4.0
1710631260000.0,2212,1710631260000.0,0.055344444444443974,-0.0011355599999999999,1014.838791977037,1016.3877549399999,-300.0,0.018926,2000.0,0.01874151851851852,long_nclose,37.483037037037036,0.03693496674877321,1.0
1710631260000.0,2212,1710631260000.0,0.09284444444444401,-0.0011430599999999998,1014.9304933614815,1016.24711188,-300.0,0.019051,1700.0,0.01874151851851852,long_nclose,31.860581481481482,0.03139188514866495,0.0
1710631260000.0,2212,1710631260000.0,0.13034444444444404,-0.00115056,1015.0596872459258,1016.1439613199999,-300.0,0.019176,1400.0,0.01874151851851852,long_nclose,26.238125925925925,0.025848850324374104,0.0
1710631260000.0,2212,1710631260000.0,0.16814444444444437,-0.00115812,1015.2266735703703,1016.0786031999999,-300.0,0.019302,1100.0,0.01874151851851852,long_nclose,20.61567037037037,0.02030647037460979,0.0
1710631260000.0,2212,1710631260000.0,0.2056444444444444,-0.00116562,1015.4311523948147,1016.0507375799999,-300.0,0.019427,800.0,0.01874151851851852,long_nclose,14.993214814814815,0.014765368168442039,0.0
1710631260000.0,2212,1710631260000.0,0.6483851851851852,-0.0031283200000000004,1016.0764092599999,1016.0764092599999,-800.0,0.019552,0.0,0.01874151851851852,long_nclose,0.0,0.0,0.0
1710648780000.0,2504,1710648780000.0,0.0,-0.010124500000000002,1016.0662847599999,1016.51628476,2500.0,0.020249,2500.0,0.020249,long_ientry_normal,50.6225,0.04982204484027073,292.0
1710648840000.0,2505,1710648840000.0,0.0796000000000005,-0.00163584,1016.14424892,1016.73644892,-400.0,0.020448,2100.0,0.020249,long_nclose,42.5229,0.04184730666457552,1.0
1710648840000.0,2505,1710648840000.0,0.13360000000000039,-0.00164664,1016.27620228,1016.7556022800001,-400.0,0.020583,1700.0,0.020249,long_nclose,34.4233,0.03387199259686673,0.0
1710648840000.0,2505,1710648840000.0,0.18800000000000067,-0.0016575200000000002,1016.46254476,1016.82914476,-400.0,0.020719,1300.0,0.020249,long_nclose,26.3237,0.025897363494308948,0.0
1710648900000.0,2506,1710648900000.0,0.0,-0.00485976,1016.457685,1016.412685,1200.0,0.020249,2500.0,0.020249,long_ientry_partial,50.6225,0.04980286021449088,1.0
1710648900000.0,2506,1710648900000.0,0.06680000000000019,-0.00082332,1016.5236616799999,1016.48226168,-200.0,0.020583,2300.0,0.020249,long_nclose,46.5727,0.04581565757459073,0.0
1710648900000.0,2506,1710648900000.0,0.09400000000000033,-0.0008287600000000001,1016.61683292,1016.57903292,-200.0,0.020719,2100.0,0.020249,long_nclose,42.5229,0.04182785354622023,0.0
1710649020000.0,2508,1710649020000.0,0.05970000000000038,-0.00122688,1016.67530604,1017.1271060400001,-300.0,0.020448,1800.0,0.020249,long_nclose,36.4482,0.03585038387719627,2.0
1710649020000.0,2508,1710649020000.0,0.10020000000000029,-0.00123498,1016.7742710599999,1017.1507710599999,-300.0,0.020583,1500.0,0.020249,long_nclose,30.3735,0.02987241206284188,0.0
1710649080000.0,2509,1710649080000.0,0.10020000000000029,-0.00123498,1016.8732360799999,1017.5956360799998,-300.0,0.020583,1200.0,0.020249,long_nclose,24.2988,0.02389560383521428,1.0
1710649080000.0,2509,1710649080000.0,0.1410000000000005,-0.00124314,1017.0129929399998,1017.5547929399997,-300.0,0.020719,900.0,0.020249,long_nclose,18.2241,0.01791924009477739,0.0
1710649080000.0,2509,1710649080000.0,0.1815000000000004,-0.0012512400000000003,1017.1932416999998,1017.5544416999999,-300.0,0.020854,600.0,0.020249,long_nclose,12.1494,0.011944043178752474,0.0
1710649140000.0,2510,1710649140000.0,0.12100000000000027,-0.00083416,1017.3134075399998,1017.5018075399998,-200.0,0.020854,400.0,0.020249,long_nclose,8.0996,0.007961754892807241,1.0
1710649200000.0,2511,1710649200000.0,0.06050000000000014,-0.00041708,1017.3734904599999,1017.5780904599999,-100.0,0.020854,300.0,0.020249,long_nclose,6.0747,0.00597096352220988,1.0
1710649200000.0,2511,1710649200000.0,0.07410000000000021,-0.00041980000000000007,1017.4471706599999,1017.5835706599999,-100.0,0.02099,200.0,0.020249,long_nclose,4.0498,0.0039803540830262146,0.0
1710649320000.0,2513,1710649320000.0,0.07410000000000021,-0.00041980000000000007,1017.5208508599999,1017.5826508599998,-100.0,0.02099,100.0,0.020249,long_nclose,2.0249,0.001990032929829961,2.0
1710649380000.0,2514,1710649380000.0,0.07410000000000021,-0.00041980000000000007,1017.5945310599999,1017.5945310599999,-100.0,0.02099,0.0,0.020249,long_nclose,0.0,0.0,1.0
1710653580000.0,2584,1710653580000.0,0.0,-0.0101925,1017.5843385599999,1016.7968385599999,2500.0,0.020385,2500.0,0.020385,long_ientry_normal,50.9625,0.050081843901133405,70.0
1710655500000.0,2616,1710655500000.0,0.0,-0.016588540000000002,1017.5677500199998,1013.3861500199998,4300.0,0.019289,6800.0,0.01969194117647059,long_rentry,133.9052,0.1315934000437496,32.0
1710656040000.0,2625,1710656040000.0,0.0,-0.042572000000000006,1017.5251780199999,1009.4303780199998,11600.0,0.01835,18400.0,0.0188459347826087,long_rentry,346.76520000000005,0.3407927464505298,9.0
1710656760000.0,2637,1710656760000.0,0.5551956521739031,-0.0114186,1018.0689550721738,1018.9015594199999,-3000.0,0.019031,15400.0,0.0188459347826087,long_nclose,290.227395652174,0.28507636364532785,12.0
1710657000000.0,2641,1710657000000.0,0.46266304347825254,-0.009515500000000001,1018.5221026156521,1022.0317439199999,-2500.0,0.019031,12900.0,0.0188459347826087,long_nclose,243.1125586956522,0.23869149041667168,4.0
1710657000000.0,2641,1710657000000.0,0.7776630434782553,-0.0095785,1019.2901871591304,1022.1196654199999,-2500.0,0.019157,10400.0,0.0188459347826087,long_nclose,195.99772173913047,0.19228844171000692,0.0
1710657060000.0,2642,1710657060000.0,0.6221304347826042,-0.0076628,1019.9046547939129,1023.4080026199998,-2000.0,0.019157,8400.0,0.0188459347826087,long_nclose,158.30585217391305,0.15521632481018643,1.0
1710657060000.0,2642,1710657060000.0,0.8741304347826064,-0.007713200000000001,1020.7710720286955,1023.4402894199998,-2000.0,0.019283,6400.0,0.0188459347826087,long_nclose,120.61398260869566,0.11815967939705194,0.0
1710657120000.0,2643,1710657120000.0,0.6993043478260852,-0.00617056,1021.4642058165216,1022.6549188599998,-1600.0,0.019283,4800.0,0.0188459347826087,long_nclose,90.46048695652175,0.08855962493978034,1.0
1710657540000.0,2650,1710657540000.0,0.14805217391304082,-0.00304496,1021.6092130304346,1022.3534738999998,-800.0,0.019031,4000.0,0.0188459347826087,long_nclose,75.38373913043479,0.07378921232202028,7.0
1710657600000.0,2651,1710657600000.0,0.2488521739130417,-0.00306512,1021.8550000843477,1022.1944087799999,-800.0,0.019157,3200.0,0.0188459347826087,long_nclose,60.30699130434783,0.05901717102658388,1.0
1710657660000.0,2652,1710657660000.0,0.09253260869565051,-0.0019031,1021.9456295930433,1022.4345056799999,-500.0,0.019031,2700.0,0.0188459347826087,long_nclose,50.884023913043485,0.04979132200340873,1.0
1710657720000.0,2653,1710657720000.0,0.07402608695652041,-0.00152248,1022.0181332,1023.0164831999999,-400.0,0.019031,2300.0,0.0188459347826087,long_nclose,43.345650000000006,0.04241182087863958,1.0
1710657720000.0,2653,1710657720000.0,0.12442608695652085,-0.00153256,1022.1410267269565,1022.96575064,-400.0,0.019157,1900.0,0.0188459347826087,long_nclose,35.80727608695653,0.035031639617887765,0.0
1710657720000.0,2653,1710657720000.0,0.1748260869565213,-0.00154264,1022.314310173913,1022.9654079999999,-400.0,0.019283,1500.0,0.0188459347826087,long_nclose,28.268902173913048,0.027651869774867995,0.0
1710657780000.0,2654,1710657780000.0,0.0,-0.0046272,1022.309682973913,1022.5233807999999,1200.0,0.01928,2700.0,0.019038852657004834,long_ientry_partial,51.40490217391305,0.05028310210696183,1.0
1710657780000.0,2654,1710657780000.0,0.07324420289855013,-0.0011569800000000002,1022.3817701968115,1022.57172382,-300.0,0.019283,2400.0,0.019038852657004834,long_nclose,45.6932463768116,0.04469293928041725,0.0
1710657840000.0,2655,1710657840000.0,0.07485893719806624,-0.00153808,1022.4550910540096,1023.1273857399999,-400.0,0.019226,2000.0,0.019038852657004834,long_nclose,38.07770531400967,0.03724144526950013,1.0
1710657840000.0,2655,1710657840000.0,0.1256589371980657,-0.00154824,1022.5792017512076,1023.1170374999999,-400.0,0.019353,1600.0,0.019038852657004834,long_nclose,30.462164251207735,0.029789540212670145,0.0
1710657900000.0,2656,1710657900000.0,0.0,-0.003875,1022.5753267512076,1023.1677624999999,1000.0,0.019375,2600.0,0.01916814009661836,long_ientry_partial,49.83716425120773,0.04873691252608631,1.0
1710657960000.0,2657,1710657960000.0,0.15842995169081975,-0.0019485,1022.7318082028984,1023.4119139999998,-500.0,0.019485,2100.0,0.01916814009661836,long_nclose,40.25309420289855,0.039358406456165285,1.0
1710658320000.0,2663,1710658320000.0,0.0,-0.00223548,1022.7295727228984,1021.4758785199998,600.0,0.018629,2700.0,0.019048331186258725,long_ientry_partial,51.43049420289856,0.05028748124098031,6.0
1710659040000.0,2675,1710659040000.0,0.07506752549650969,-0.00153888,1022.8031013683949,1023.6234396399998,-400.0,0.019236,2300.0,0.019048331186258725,long_nclose,43.81116172839507,0.04283440446140679,12.0
1710659040000.0,2675,1710659040000.0,0.12586752549650915,-0.00154904,1022.9274198538914,1023.6050905999998,-400.0,0.019363,1900.0,0.019048331186258725,long_nclose,36.19182925389158,0.035380642410642385,0.0
1710659040000.0,2675,1710659040000.0,0.17666752549651,-0.0015592000000000002,1023.102528179388,1023.6375313999998,-400.0,0.01949,1500.0,0.019048331186258725,long_nclose,28.57249677938809,0.027927305418971916,0.0
1710659100000.0,2676,1710659100000.0,0.0,-0.0042691,1023.098259079388,1024.0726622999998,1100.0,0.019405,2600.0,0.01919922953053388,long_ientry_partial,49.91799677938808,0.04879100940344251,1.0
1710659100000.0,2676,1710659100000.0,0.08723114083983644,-0.0011694000000000001,1023.1843208202279,1024.0462929,-300.0,0.01949,2300.0,0.01919922953053388,long_nclose,44.15822792022792,0.043157647182111646,0.0
1710659100000.0,2676,1710659100000.0,0.12563114083983634,-0.00117708,1023.3087748810676,1024.05831582,-300.0,0.019618,2000.0,0.01919922953053388,long_nclose,38.398459061067754,0.03752382467894947,0.0
1710659160000.0,2677,1710659160000.0,0.0,-0.0023488800000000002,1023.3064260010676,1024.1235669399998,600.0,0.019574,2600.0,0.019285715023487603,long_ientry_partial,50.14285906106777,0.04900082496014293,1.0
1710659160000.0,2677,1710659160000.0,0.17964248825619833,-0.0019645,1023.4841039893238,1024.1441024399999,-500.0,0.019645,2100.0,0.019285715023487603,long_nclose,40.50000154932397,0.03957071867698146,0.0
1710659280000.0,2679,1710659280000.0,0.056785492953718986,-0.0011684999999999998,1023.5397209822776,1024.6598339399998,-300.0,0.019475,1800.0,0.019285715023487603,long_nclose,34.71428704227768,0.03391591584639513,2.0
1710659280000.0,2679,1710659280000.0,0.09548549295371918,-0.00117624,1023.6340302352313,1024.5674577,-300.0,0.019604,1500.0,0.019285715023487603,long_nclose,28.928572535231403,0.02826065925981731,0.0
1710659280000.0,2679,1710659280000.0,0.13418549295371937,-0.00118398,1023.7670317481851,1024.51377372,-300.0,0.019733,1200.0,0.019285715023487603,long_nclose,23.142858028185124,0.022605590247095932,0.0
1710659280000.0,2679,1710659280000.0,0.17288549295371958,-0.00119172,1023.9387255211388,1024.4987820000001,-300.0,0.019862,900.0,0.019285715023487603,long_nclose,17.35714352113884,0.016951349810805167,0.0
1710659280000.0,2679,1710659280000.0,0.2115854929537187,-0.0011994599999999998,1024.1491115540925,1024.52248254,-300.0,0.019991,600.0,0.019285715023487603,long_nclose,11.571429014092562,0.011298578384287739,0.0
1710659340000.0,2680,1710659340000.0,0.0,-0.0079632,1024.1411483540926,1024.0959193400001,2000.0,0.019908,2600.0,0.019764395774650986,long_ientry_partial,51.38742901409256,0.050176119860702605,1.0
1710660000000.0,2691,1710660000000.0,0.0,-0.01645688,1024.1246914740925,1022.90686246,4400.0,0.018701,7000.0,0.019095975573441795,long_rentry,133.67182901409257,0.13052300186385468,11.0
1710660240000.0,2695,1710660240000.0,0.20682686921402427,-0.00424248,1024.3272758633066,1025.51921998,-1100.0,0.019284,5900.0,0.019095975573441795,long_nclose,112.66625588330659,0.10999048696457983,4.0
1710660300000.0,2696,1710660300000.0,0.3465268692140266,-0.0042704200000000005,1024.6695323125207,1025.95604956,-1100.0,0.019411,4800.0,0.019095975573441795,long_nclose,91.66068275252061,0.08945389695120204,1.0
1710660360000.0,2697,1710660360000.0,0.28352198390238537,-0.0034939800000000007,1024.949560316423,1027.55485558,-900.0,0.019411,3900.0,0.019095975573441795,long_nclose,74.47430473642301,0.07266143390844644,1.0
1710660360000.0,2697,1710660360000.0,0.39872198390238506,-0.0035170200000000005,1025.3447652803254,1027.34883856,-900.0,0.019539,3000.0,0.019095975573441795,long_nclose,57.28792672032539,0.055871867356403856,0.0
1710660360000.0,2697,1710660360000.0,0.5139219839023847,-0.0035400600000000007,1025.855147204228,1027.2579985000002,-900.0,0.019667,2100.0,0.019095975573441795,long_nclose,40.10154870422777,0.03909084904775969,0.0
1710660360000.0,2697,1710660360000.0,0.6282219839023835,-0.00356292,1026.4798062681305,1027.2814355800003,-900.0,0.019794,1200.0,0.019095975573441795,long_nclose,22.915170688130154,0.02232403457739762,0.0
1710660420000.0,2698,1710660420000.0,0.0,-0.00553392,1026.4742723481304,1027.1693016600002,1400.0,0.019764,2600.0,0.019455681033896215,long_ientry_partial,50.584770688130156,0.04928011548931861,1.0
1710660600000.0,2701,1710660600000.0,0.07652758644151464,-0.0015717600000000002,1026.549228174572,1027.5465299000002,-400.0,0.019647,2200.0,0.019455681033896215,long_nclose,42.802498274571676,0.04169551454505873,3.0
1710660600000.0,2701,1710660600000.0,0.1285275864415139,-0.00158216,1026.6761736010135,1027.4921477400003,-400.0,0.019777,1800.0,0.019455681033896215,long_nclose,35.02022586101319,0.03411029374352924,0.0
1710660600000.0,2701,1710660600000.0,0.18052758644151456,-0.0015925600000000002,1026.855108627455,1027.4897551800002,-400.0,0.019907,1400.0,0.019455681033896215,long_nclose,27.2379534474547,0.026525605432164902,0.0
1710660660000.0,2702,1710660660000.0,0.0,-0.00477816,1026.850330467455,1027.5395770200003,1200.0,0.019909,2600.0,0.019664905172097964,long_ientry_partial,51.128753447454706,0.049791826452623596,1.0
1710660660000.0,2702,1710660660000.0,0.148837931160814,-0.0016029599999999998,1026.997565438616,1027.5807740600005,-400.0,0.020037,2200.0,0.019664905172097964,long_nclose,43.262791378615525,0.04212550529283738,0.0
1710660660000.0,2702,1710660660000.0,0.20083793116081466,-0.00161336,1027.1967900097768,1027.6739607000004,-400.0,0.020167,1800.0,0.019664905172097964,long_nclose,35.39682930977634,0.034459637777333234,0.0
1710660720000.0,2703,1710660720000.0,0.0,-0.0031888,1027.1936012097767,1027.3457719000003,800.0,0.01993,2600.0,0.019746472811452438,long_ientry_partial,51.34082930977634,0.049981648298149155,1.0
1710660720000.0,2703,1710660720000.0,0.07305815656426899,-0.0011994,1027.265459966341,1027.4000725000005,-300.0,0.01999,2300.0,0.019746472811452438,long_nclose,45.416887466340604,0.04421144216007099,0.0
1710661080000.0,2709,1710661080000.0,0.05805815656426856,-0.0011964,1027.3223217229054,1028.2793761000005,-300.0,0.01994,2000.0,0.019746472811452438,long_nclose,39.49294562290488,0.03844260441715304,6.0
1710661080000.0,2709,1710661080000.0,0.09795815656426891,-0.0012043800000000001,1027.4190754994697,1028.2325717200006,-300.0,0.020073,1700.0,0.019746472811452438,long_nclose,33.56900377946914,0.032673136580756885,0.0
1710661080000.0,2709,1710661080000.0,0.13755815656426895,-0.0012123000000000001,1027.555421356034,1028.2253594200006,-300.0,0.020205,1400.0,0.019746472811452438,long_nclose,27.64506193603341,0.026903718633055386,0.0
1710661140000.0,2710,1710661140000.0,0.0,-0.0048350400000000005,1027.550586316034,1028.6091243800006,1200.0,0.020146,2600.0,0.019930869975397468,long_ientry_partial,51.82026193603342,0.05043086211630612,1.0
1710661140000.0,2710,1710661140000.0,0.16245200984101316,-0.0016269600000000002,1027.711411365875,1028.6070974200004,-400.0,0.020337,2200.0,0.019930869975397468,long_nclose,43.84791394587443,0.042665590224009065,0.0
1710661200000.0,2711,1710661200000.0,0.2310650123012667,-0.0020393,1027.9404370781763,1028.4319581200007,-500.0,0.020393,1700.0,0.019930869975397468,long_nclose,33.882478958175696,0.032961519691241496,1.0
1710661260000.0,2712,1710661260000.0,0.0,-0.00362646,1027.9368106181762,1027.7166316600005,900.0,0.020147,2600.0,0.02000568421468296,long_ientry_partial,52.0147789581757,0.05060114437082497,1.0
1710661260000.0,2712,1710661260000.0,0.07629473559511157,-0.0012156,1028.0118897537714,1027.8171160600004,-300.0,0.02026,2300.0,0.02000568421468296,long_nclose,46.013073693770814,0.04475928163125801,0.0
1710661740000.0,2720,1710661740000.0,0.058894735595111866,-0.0012121200000000001,1028.0695723693664,1028.7362039400005,-300.0,0.020202,2000.0,0.02000568421468296,long_nclose,40.01136842936592,0.03891893068788401,8.0
1710661740000.0,2720,1710661740000.0,0.09909473559511148,-0.0012201599999999999,1028.1674469449615,1028.7340837800004,-300.0,0.020336,1700.0,0.02000568421468296,long_nclose,34.00966316496103,0.033077941988939076,0.0
1710661800000.0,2721,1710661800000.0,0.18572631412681478,-0.0016376,1028.3515356590883,1029.0058461800004,-400.0,0.02047,1300.0,0.02000568421468296,long_nclose,26.00738947908785,0.02529036868935997,1.0
1710661860000.0,2722,1710661860000.0,0.23932631412681565,-0.00164832,1028.5892136532152,1028.8999978600004,-400.0,0.020604,900.0,0.02000568421468296,long_nclose,18.005115793214664,0.017504671013675453,1.0
1710661920000.0,2723,1710661920000.0,0.09286315706340739,-0.0008188,1028.6812580102787,1029.1469790600006,-200.0,0.02047,700.0,0.02000568421468296,long_nclose,14.003978950278073,0.013613525901468445,1.0
1710661920000.0,2723,1710661920000.0,0.11966315706340783,-0.00082416,1028.800097007342,1029.1327549000005,-200.0,0.020604,500.0,0.02000568421468296,long_nclose,10.00284210734148,0.009722823837632372,0.0
1710661980000.0,2724,1710661980000.0,0.14626315706340737,-0.00082948,1028.9455306844054,1029.1691254200005,-200.0,0.020737,300.0,0.02000568421468296,long_nclose,6.0017052644048885,0.0058328697539634005,1.0
1710662160000.0,2727,1710662160000.0,0.046431578531703696,-0.0004094,1028.991552862937,1029.0868160200002,-100.0,0.02047,200.0,0.02000568421468296,long_nclose,4.001136842936592,0.0038884059172345307,3.0
1710662160000.0,2727,1710662160000.0,0.05983157853170391,-0.00041208,1029.0509723614687,1029.0986039400004,-100.0,0.020604,100.0,0.02000568421468296,long_nclose,2.000568421468296,0.0019440906963795845,0.0
1710662220000.0,2728,1710662220000.0,0.0,-0.0100745,1029.0408978614687,1029.0760294400004,2500.0,0.020149,2600.0,0.020143487854410884,long_ientry_partial,52.3730684214683,0.05089503102384843,1.0
1710662340000.0,2730,1710662340000.0,0.07900485823564701,-0.00162728,1029.1182754397043,1029.9202021600004,-400.0,0.020341,2200.0,0.020143487854410884,long_nclose,44.315673279703944,0.04306178826799037,2.0
1710662340000.0,2730,1710662340000.0,0.1330048582356469,-0.00163808,1029.24964221794,1029.9057640800004,-400.0,0.020476,1800.0,0.020143487854410884,long_nclose,36.25827813793959,0.03522787538677816,0.0
1710662400000.0,2731,1710662400000.0,0.18700485823564678,-0.0016488800000000001,1029.4349981961757,1030.1679152000004,-400.0,0.020611,1400.0,0.020143487854410884,long_nclose,28.20088299617524,0.02739452519643314,1.0
1710662400000.0,2731,1710662400000.0,0.24100485823564666,-0.0016596800000000002,1029.6743433744111,1030.1978555200003,-400.0,0.020746,1000.0,0.020143487854410884,long_nclose,20.143487854410886,0.01956296957773793,0.0
1710662520000.0,2733,1710662520000.0,0.06650242911782345,-0.00081904,1029.7400267635292,1030.2604364800004,-200.0,0.020476,800.0,0.020143487854410884,long_nclose,16.114790283528706,0.015649377381374074,2.0
1710662520000.0,2733,1710662520000.0,0.09350242911782339,-0.0008244400000000001,1029.8327047526468,1030.2230120400002,-200.0,0.020611,600.0,0.020143487854410884,long_nclose,12.086092712646531,0.011735976782315785,0.0
1710662520000.0,2733,1710662520000.0,0.12050242911782333,-0.0008298400000000001,1029.9523773417645,1030.2125822000003,-200.0,0.020746,400.0,0.020143487854410884,long_nclose,8.057395141764353,0.007823075434380693,0.0
1710662580000.0,2734,1710662580000.0,0.14730242911782307,-0.0008352,1030.0988445708824,1030.2251470000003,-200.0,0.02088,200.0,0.020143487854410884,long_nclose,4.028697570882176,0.00391098154523263,1.0
1710662640000.0,2735,1710662640000.0,0.07365121455891153,-0.0004176,1030.1720781854413,1030.2178294000003,-100.0,0.02088,100.0,0.020143487854410884,long_nclose,2.014348785441088,0.0019553517592800504,1.0
1710662700000.0,2736,1710662700000.0,0.046751214558911694,-0.00041222000000000003,1030.2184171800002,1030.2184171800002,-100.0,0.020611,0.0,0.020143487854410884,long_nclose,0.0,0.0,1.0
1710662820000.0,2738,1710662820000.0,0.0,-0.0104806,1030.2079365800003,1029.9349365800003,2600.0,0.020155,2600.0,0.020155,long_ientry_normal,52.403,0.05086643010532726,2.0
1710664320000.0,2763,1710664320000.0,0.0792000000000001,-0.00162824,1030.2855083400002,1030.7937083400002,-400.0,0.020353,2200.0,0.020155,long_nclose,44.341,0.04303758486464823,25.0
1710664380000.0,2764,1710664380000.0,0.13319999999999999,-0.00163904,1030.4170693,1030.8166693,-400.0,0.020488,1800.0,0.020155,long_nclose,36.278999999999996,0.035208073585820586,1.0
1710664440000.0,2765,1710664440000.0,0.09989999999999999,-0.0012292800000000001,1030.51574002,1030.70624002,-300.0,0.020488,1500.0,0.020155,long_nclose,30.232499999999998,0.029337252043732248,1.0
1710664500000.0,2766,1710664500000.0,0.03960000000000005,-0.00081412,1030.5545259,1030.8613259,-200.0,0.020353,1300.0,0.020155,long_nclose,26.2015,0.025424661521056154,1.0
1710664620000.0,2768,1710664620000.0,0.03960000000000005,-0.00081412,1030.59331178,1031.04101178,-200.0,0.020353,1100.0,0.020155,long_nclose,22.1705,0.021512365495277658,2.0
1710664620000.0,2768,1710664620000.0,0.06659999999999999,-0.00081952,1030.65909226,1031.02539226,-200.0,0.020488,900.0,0.020155,long_nclose,18.139499999999998,0.01759990295163866,0.0
1710664680000.0,2769,1710664680000.0,0.09359999999999993,-0.00082492,1030.75186734,1030.99406734,-200.0,0.020623,700.0,0.020155,long_nclose,14.1085,0.01368758131518982,1.0
1710664800000.0,2771,1710664800000.0,0.0,-0.0076532000000000015,1030.74421414,1030.96251414,1900.0,0.02014,2600.0,0.020144038461538463,long_ientry_partial,52.374500000000005,0.05081231529754315,2.0
1710664800000.0,2771,1710664800000.0,0.034396153846153604,-0.00040976,1030.778200533846,1030.9881043799999,-100.0,0.020488,2500.0,0.020144038461538463,long_nclose,50.36009615384616,0.048856384552723724,0.0
1710664920000.0,2773,1710664920000.0,0.0791846153846143,-0.00162736,1030.8557577892307,1031.1118770199998,-400.0,0.020342,2100.0,0.020144038461538463,long_nclose,42.302480769230776,0.04103627539506838,2.0
1710666480000.0,2799,1710666480000.0,0.0,-0.0023283600000000002,1030.8534294292306,1028.5682486599999,600.0,0.019403,2700.0,0.01997936324786325,long_ientry_partial,53.94428076923078,0.05232972916343596,26.0
1710666600000.0,2801,1710666600000.0,0.0,-0.017385240000000003,1030.8360441892305,1028.4392634199996,4600.0,0.018897,7300.0,0.01929732613277134,long_rentry,140.87048076923077,0.13665653385260476,2.0
1710667560000.0,2817,1710667560000.0,0.22760864067439407,-0.0046768800000000004,1031.0589759499048,1032.1061865399997,-1200.0,0.019487,6100.0,0.01929732613277134,long_nclose,117.71368940990517,0.11416775582740712,16.0
1710667620000.0,2818,1710667620000.0,0.18967386722866172,-0.0038974000000000005,1031.2447524171337,1031.55928914,-1000.0,0.019487,5100.0,0.01929732613277134,long_nclose,98.41636327713383,0.09543453486328614,1.0
1710667680000.0,2819,1710667680000.0,0.15173909378292938,-0.00311792,1031.3933735909166,1032.11867122,-800.0,0.019487,4300.0,0.01929732613277134,long_nclose,82.97850237091676,0.08045281702946898,1.0
1710667740000.0,2820,1710667740000.0,0.1327717070600632,-0.00272818,1031.5234171179766,1032.1918430399999,-700.0,0.019487,3600.0,0.01929732613277134,long_nclose,69.47037407797681,0.06734735530490764,1.0
1710667800000.0,2821,1710667800000.0,0.11380432033719703,-0.0023384400000000002,1031.634882998314,1032.4379046,-600.0,0.019487,3000.0,0.01929732613277134,long_nclose,57.891978398314016,0.056116732142730996,1.0
1710667980000.0,2824,1710667980000.0,0.09483693361433086,-0.0019487000000000003,1031.7277712319283,1032.1544559,-500.0,0.019487,2500.0,0.01929732613277134,long_nclose,48.24331533192835,0.046759733213659366,3.0
1710668040000.0,2825,1710668040000.0,0.07586954689146469,-0.00155896,1031.8020818188197,1032.24869694,-400.0,0.019487,2100.0,0.01929732613277134,long_nclose,40.52438487881981,0.03927534707759557,1.0
1710668400000.0,2831,1710668400000.0,0.0,-0.0022992000000000004,1031.7997826188198,1031.53299774,600.0,0.01916,2700.0,0.01926680921437771,long_ientry_partial,52.02038487881982,0.05041713107051296,6.0
1710669300000.0,2846,1710669300000.0,0.0,-0.01677068,1031.7830119388198,1027.71072706,4600.0,0.018229,7300.0,0.018612847243673944,long_rentry,135.87378487881978,0.131688333018296,15.0
1710669540000.0,2850,1710669540000.0,0.0,-0.04301312,1031.7399988188197,1022.85171394,12400.0,0.017344,19700.0,0.01781418197354415,long_rentry,350.93938487881974,0.340143238878584,4.0
1710669960000.0,2857,1710669960000.0,0.5594176846587251,-0.011512960000000001,1032.2879035434785,1036.06340098,-3200.0,0.017989,16500.0,0.01781418197354415,long_nclose,293.9340025634785,0.28474033412045924,7.0
1710670020000.0,2858,1710670020000.0,0.9695994873043022,-0.01195128,1033.2455517507829,1037.3747497000002,-3300.0,0.018108,13200.0,0.01781418197354415,long_nclose,235.14720205078277,0.22758114143568062,1.0
1710670080000.0,2859,1710670080000.0,1.3655994873043091,-0.012030480000000001,1034.599120758087,1039.05231922,-3300.0,0.018228,9900.0,0.01781418197354415,long_nclose,176.36040153808707,0.17046254728001473,1.0
1710670080000.0,2859,1710670080000.0,1.758299487304301,-0.01210902,1036.3453112253915,1039.3141102000002,-3300.0,0.018347,6600.0,0.01781418197354415,long_nclose,117.57360102539138,0.11345021755959937,0.0
1710670320000.0,2863,1710670320000.0,0.19229982910143675,-0.0039575800000000005,1036.533653474493,1037.4456526200001,-1100.0,0.017989,5500.0,0.01781418197354415,long_nclose,97.97800085449282,0.09452466934003304,4.0
1710670380000.0,2864,1710670380000.0,0.15733622381026643,-0.0032380200000000003,1036.6877516783031,1034.8975146,-900.0,0.017989,4600.0,0.01781418197354415,long_nclose,81.9452370783031,0.0790452447669428,1.0
1710670680000.0,2869,1710670680000.0,0.12237261851909612,-0.0025184600000000006,1036.8076058368224,1038.08609614,-700.0,0.017989,3900.0,0.01781418197354415,long_nclose,69.47530969682218,0.06700887349369669,5.0
1710670680000.0,2869,1710670680000.0,0.2056726185190944,-0.00253512,1037.0107433353417,1038.0597610200005,-700.0,0.018108,3200.0,0.01781418197354415,long_nclose,57.00538231534128,0.05497086957073815,0.0
1710670680000.0,2869,1710670680000.0,0.28967261851909587,-0.00255192,1037.2978640338606,1038.1174091000003,-700.0,0.018228,2500.0,0.01781418197354415,long_nclose,44.53545493386037,0.04293410454030068,0.0
1710670800000.0,2871,1710670800000.0,0.1469090132279246,-0.0018108000000000002,1037.4429622470886,1038.1705983000004,-500.0,0.018108,2000.0,0.01781418197354415,long_nclose,35.6283639470883,0.034342479773459264,2.0
1710670860000.0,2872,1710670860000.0,0.0,-0.00327204,1037.4396902070887,1038.9764262600004,900.0,0.018178,2900.0,0.017927091016237344,long_ientry_partial,51.988563947088295,0.050112372254343375,1.0
1710670860000.0,2872,1710670860000.0,0.1504544918813286,-0.0018228000000000003,1037.5883218989702,1038.8601034600006,-500.0,0.018228,2400.0,0.017927091016237344,long_nclose,43.025018438969624,0.04146636727775254,0.0
1710670860000.0,2872,1710670860000.0,0.20995449188132737,-0.0018346999999999999,1037.7964416908515,1038.8032687600005,-500.0,0.018347,1900.0,0.017927091016237344,long_nclose,34.061472930850954,0.0328209575235733,0.0
1710670860000.0,2872,1710670860000.0,0.2694544918813279,-0.0018466,1038.0640495827329,1038.8059221600006,-500.0,0.018466,1400.0,0.017927091016237344,long_nclose,25.097927422732283,0.024177628955381714,0.0
1710670860000.0,2872,1710670860000.0,0.3289544918813284,-0.0018585000000000001,1038.3911455746143,1038.8680636600006,-500.0,0.018585,900.0,0.017927091016237344,long_nclose,16.13438191461361,0.015537865459826635,0.0
1710670920000.0,2873,1710670920000.0,0.0,-0.0070136600000000006,1038.3841319146143,1039.0010500000008,1900.0,0.018457,2800.0,0.018286672112362005,long_ientry_partial,51.20268191461361,0.0493099618348405,1.0
1710670920000.0,2873,1710670920000.0,0.052898366291398435,-0.00110778,1038.4359225009057,1038.9867422200007,-300.0,0.018463,2500.0,0.018286672112362005,long_nclose,45.71668028090502,0.044024555863595084,0.0
1710670920000.0,2873,1710670920000.0,0.08889836629139801,-0.00111498,1038.5237058871971,1039.0084272400006,-300.0,0.018583,2200.0,0.018286672112362005,long_nclose,40.23067864719641,0.038738334444496744,0.0
1710670980000.0,2874,1710670980000.0,0.0,-0.00222084,1038.521485047197,1038.9446064000006,600.0,0.018507,2800.0,0.018333885231141576,long_ientry_partial,51.33487864719641,0.04943073339004,1.0
1710671040000.0,2875,1710671040000.0,0.07204590754336937,-0.00148112,1038.5920498347402,1038.5395252800004,-400.0,0.018514,2400.0,0.018333885231141576,long_nclose,44.00132455473978,0.04236632136914704,1.0
1710671160000.0,2877,1710671160000.0,0.07204590754336937,-0.00148112,1038.6626146222834,1038.8968441600002,-400.0,0.018514,2000.0,0.018333885231141576,long_nclose,36.66777046228315,0.0353028692340271,2.0
1710671220000.0,2878,1710671220000.0,0.0,-0.00295216,1038.6596624622834,1039.1850920000004,800.0,0.018451,2800.0,0.018367346593672555,long_ientry_partial,51.428570462283155,0.04951436194254888,1.0
1710671220000.0,2878,1710671220000.0,0.04399602189823319,-0.00111084,1038.7025476441818,1039.1716811600004,-300.0,0.018514,2500.0,0.018367346593672555,long_nclose,45.91836648418139,0.044207426455558474,0.0
1710671220000.0,2878,1710671220000.0,0.08089602189823367,-0.00111822,1038.78232544608,1039.1951629400003,-300.0,0.018637,2200.0,0.018367346593672555,long_nclose,40.40816250607962,0.03889954759167404,0.0
1710671280000.0,2879,1710671280000.0,0.0,-0.0022266,1038.78009884608,1039.1425363400003,600.0,0.018555,2800.0,0.018407558037885578,long_ientry_partial,51.541162506079615,0.049617009955556214,1.0
1710671280000.0,2879,1710671280000.0,0.10537678484576901,-0.00149368,1038.8839819509255,1039.1946426600002,-400.0,0.018671,2400.0,0.018407558037885578,long_nclose,44.17813929092539,0.04252461300631764,0.0
1710671340000.0,2880,1710671340000.0,0.07217678484576912,-0.00148704,1038.9546716957714,1038.8535556200002,-400.0,0.018588,2000.0,0.018407558037885578,long_nclose,36.81511607577116,0.03543476638464111,1.0
1710671400000.0,2881,1710671400000.0,0.0,-0.00293712,1038.9517345757713,1039.3182185,800.0,0.018357,2800.0,0.018393112884203984,long_ientry_partial,51.50071607577115,0.049569883144571794,1.0
1710671400000.0,2881,1710671400000.0,0.05846613473880491,-0.0011152800000000002,1039.0090854305101,1039.3363032200002,-300.0,0.018588,2500.0,0.018393112884203984,long_nclose,45.98278221050996,0.0442563812533527,0.0
1710671460000.0,2882,1710671460000.0,0.0723548463184065,-0.00148592,1039.0799543568285,1039.5984173000002,-400.0,0.018574,2100.0,0.018393112884203984,long_nclose,38.625537056828364,0.03717282476182198,1.0
1710671460000.0,2882,1710671460000.0,0.12155484631840574,-0.00149576,1039.2000134431469,1039.61972154,-400.0,0.018697,1700.0,0.018393112884203984,long_nclose,31.26829190314677,0.030088810141126326,0.0
1710671520000.0,2883,1710671520000.0,0.0,-0.004100800000000001,1039.1959126431468,1039.79482074,1100.0,0.01864,2800.0,0.018490104251123844,long_ientry_partial,51.772291903146765,0.049819568450251435,1.0
1710671520000.0,2883,1710671520000.0,0.06206872466284624,-0.00112182,1039.2568595478097,1039.79159892,-300.0,0.018697,2500.0,0.018490104251123844,long_nclose,46.22526062780961,0.04447914892563004,0.0
1710671520000.0,2883,1710671520000.0,0.09896872466284672,-0.0011292000000000001,1039.3546990724726,1039.82526972,-300.0,0.01882,2200.0,0.018490104251123844,long_nclose,40.67822935247246,0.039137966460125684,0.0
1710671580000.0,2884,1710671580000.0,0.0,-0.0022444799999999997,1039.3524545924727,1039.3246252400002,600.0,0.018704,2800.0,0.01853593905445445,long_ientry_partial,51.90062935247246,0.0499355431578045,1.0
1710672360000.0,2897,1710672360000.0,0.0,-0.01683744,1039.3356171524727,1038.6569878000003,4800.0,0.017539,7600.0,0.01790629333585164,long_rentry,136.08782935247245,0.13093732871901387,13.0
1710672540000.0,2900,1710672540000.0,0.21084799697803497,-0.00433968,1039.5421254694509,1040.3594481200005,-1200.0,0.018082,6400.0,0.01790629333585164,long_nclose,114.60027734945048,0.11024110956321052,3.0
1710673140000.0,2910,1710673140000.0,0.17570666414836247,-0.0036164000000000005,1039.714215733599,1039.9502317200001,-1000.0,0.018082,5400.0,0.01790629333585164,long_nclose,96.69398401359885,0.09300054048541959,10.0
1710673200000.0,2911,1710673200000.0,0.1581359977335262,-0.0032547600000000006,1039.8690969713327,1040.9657769600003,-900.0,0.018082,4500.0,0.01790629333585164,long_nclose,80.57832001133237,0.07748890725382693,1.0
1710673200000.0,2911,1710673200000.0,0.2661359977335249,-0.00327636,1040.1319566090663,1041.0093006000004,-900.0,0.018202,3600.0,0.01790629333585164,long_nclose,64.4626560090659,0.06197545955536312,0.0
1710673320000.0,2913,1710673320000.0,0.10542399848901748,-0.00216984,1040.2352107675551,1040.5943307600003,-600.0,0.018082,3000.0,0.01790629333585164,long_nclose,53.718880007554915,0.05164108987227757,2.0
1710673380000.0,2914,1710673380000.0,0.08785333207418124,-0.0018082000000000003,1040.3212558996295,1041.1830225600004,-500.0,0.018082,2500.0,0.01790629333585164,long_nclose,44.765733339629094,0.04303068219145193,1.0
1710673380000.0,2914,1710673380000.0,0.14785333207418053,-0.0018202,1040.4672890317036,1041.1567023600003,-500.0,0.018202,2000.0,0.01790629333585164,long_nclose,35.81258667170328,0.034419714150775244,0.0
1710673380000.0,2914,1710673380000.0,0.20785333207418155,-0.0018322000000000004,1040.6733101637776,1041.1903701600002,-500.0,0.018322,1500.0,0.01790629333585164,long_nclose,26.859440003777458,0.02580967508386509,0.0
1710673440000.0,2915,1710673440000.0,0.0,-0.00511028,1040.6681998837776,1041.7855598800002,1400.0,0.018251,2900.0,0.018072703449578436,long_ientry_partial,52.410840003777466,0.05036268044861056,1.0
1710673440000.0,2915,1710673440000.0,0.07478896512646965,-0.0010993200000000002,1040.741889528904,1041.74366056,-300.0,0.018322,2600.0,0.018072703449578436,long_nclose,46.98902896890393,0.045149550951748184,0.0
1710673440000.0,2915,1710673440000.0,0.11078896512646923,-0.0011065200000000002,1040.8515719740305,1041.7377540400003,-300.0,0.018442,2300.0,0.018072703449578436,long_nclose,41.5672179340304,0.039935778600205175,0.0
1710673500000.0,2916,1710673500000.0,0.20964827521078278,-0.0018492000000000003,1041.0593710492415,1041.5909048400003,-500.0,0.018492,1800.0,0.018072703449578436,long_nclose,32.53086620924118,0.031247849175455426,1.0
1710673560000.0,2917,1710673560000.0,0.0,-0.0036736,1041.0556974492415,1041.6068312400002,1000.0,0.018368,2800.0,0.018178166503300425,long_ientry_partial,50.89886620924119,0.048891587965900214,1.0
1710673560000.0,2917,1710673560000.0,0.05785004900987212,-0.0011022599999999999,1041.1124452382514,1041.6045289800004,-300.0,0.018371,2500.0,0.018178166503300425,long_nclose,45.445416258251065,0.04365082414114375,0.0
1710673680000.0,2919,1710673680000.0,0.07153339867982944,-0.00146856,1041.1825100769313,1040.5689604200004,-400.0,0.018357,2100.0,0.018178166503300425,long_nclose,38.174149656930894,0.0366642248476785,2.0
1710673740000.0,2920,1710673740000.0,0.0,-0.00286176,1041.1796483169312,1040.3195986600003,800.0,0.017886,2900.0,0.018097568847217547,long_ientry_partial,52.482949656930884,0.050407198932258875,1.0
1710674700000.0,2936,1710674700000.0,0.07097246111298083,-0.001462,1041.2491587780441,1041.7052366600003,-400.0,0.018275,2500.0,0.018097568847217547,long_nclose,45.24392211804387,0.04345158095603149,16.0
1710676080000.0,2959,1710676080000.0,0.0,-0.014744700000000001,1041.2344140780442,1041.6545919600003,4300.0,0.017145,6800.0,0.01749520913500645,long_rentry,118.96742211804387,0.11425613724396824,23.0
1710676260000.0,2962,1710676260000.0,0.18896995149290177,-0.0038867399999999996,1041.419497289537,1042.0681052200002,-1100.0,0.017667,5700.0,0.01749520913500645,long_nclose,99.72269206953678,0.09575650573959989,3.0
1710676380000.0,2964,1710676380000.0,0.15461177849419236,-0.00318006,1041.5709290080313,1042.3379251600004,-900.0,0.017667,4800.0,0.01749520913500645,long_nclose,83.97700384803096,0.08062533381956884,2.0
1710677160000.0,2977,1710677160000.0,0.0,-0.026994399999999998,1041.5439346080313,1037.4329307600003,8200.0,0.01646,13000.0,0.01684223106523315,long_rentry,218.94900384803097,0.21021581190468838,13.0
1710679800000.0,3021,1710679800000.0,0.0,-0.1644944,1041.3794402080314,1013.4804363600003,53200.0,0.01546,66200.0,0.015731435103444578,long_rentry,1041.421003848031,1.0000399120996581,44.0
1710681300000.0,3046,1710681300000.0,1.7002138621096536,-0.03494920000000001,1043.044704870141,1058.0350871600003,-11000.0,0.015886,55200.0,0.015731435103444578,long_nclose,868.3752177101406,0.8325388295013235,25.0
1710681300000.0,3046,1710681300000.0,2.8552138621096255,-0.035180199999999995,1045.8647385322506,1057.8679069600003,-11000.0,0.015991,44200.0,0.015731435103444578,long_nclose,695.3294315722503,0.6648368626980046,0.0
1710681360000.0,3047,1710681360000.0,4.021213862109647,-0.035413400000000005,1049.8505389943602,1063.8464935600002,-11000.0,0.016097,33200.0,0.015731435103444578,long_nclose,522.28364543436,0.4974838093950492,1.0
1710681420000.0,3048,1710681420000.0,5.176213862109657,-0.03564440000000001,1054.99110845647,1063.8392491600005,-11000.0,0.016202,22200.0,0.015731435103444578,long_nclose,349.23785929646965,0.33103393620769983,1.0
1710681540000.0,3050,1710681540000.0,0.5718901172550652,-0.011755640000000001,1055.551242933725,1056.8751935200003,-3700.0,0.015886,18500.0,0.015731435103444578,long_nclose,291.0315494137247,0.27571522591821507,2.0
1710682200000.0,3061,1710682200000.0,0.46369468966626914,-0.009531600000000001,1056.0054060233913,1060.1681619200003,-3000.0,0.015886,15500.0,0.015731435103444578,long_nclose,243.83724410339096,0.2309052990757036,11.0
1710682200000.0,3061,1710682200000.0,0.7786946896662615,-0.009594599999999998,1056.7745061130577,1060.1315673200004,-3000.0,0.015991,12500.0,0.015731435103444578,long_nclose,196.64293879305723,0.18607842794801452,0.0
1710682260000.0,3062,1710682260000.0,1.1332511793218096,-0.00998014,1057.8977771523796,1061.3810871800006,-3100.0,0.016097,9400.0,0.015731435103444578,long_nclose,147.87548997237903,0.13978239974227588,1.0
1710682380000.0,3064,1710682380000.0,0.4672168137997569,-0.00575676,1058.3592372061794,1060.6967304200007,-1800.0,0.015991,7600.0,0.015731435103444578,long_nclose,119.5589067861788,0.11296628080819356,2.0
1710682440000.0,3065,1710682440000.0,0.6945733034553027,-0.00611686,1059.0476936496348,1061.1257135600006,-1900.0,0.016097,5700.0,0.015731435103444578,long_nclose,89.6691800896341,0.08466963350878076,1.0
1710682500000.0,3066,1710682500000.0,0.5117908551775914,-0.0045071600000000005,1059.5549773448124,1060.7915064000008,-1400.0,0.016097,4300.0,0.015731435103444578,long_nclose,67.64517094481168,0.06384300238419607,1.0
1710682620000.0,3068,1710682620000.0,0.10819542758879613,-0.00222404,1059.660948732401,1060.3757823600006,-700.0,0.015886,3600.0,0.015731435103444578,long_nclose,56.63316637240048,0.05344461022192694,2.0
1710682680000.0,3069,1710682680000.0,0.18169542758879437,-0.00223874,1059.8404054199898,1060.8976436200005,-700.0,0.015991,2900.0,0.015731435103444578,long_nclose,45.621161799989274,0.04304531282887888,1.0
1710682680000.0,3069,1710682680000.0,0.2558954275887957,-0.0022535800000000003,1060.0940472675786,1060.8960900400004,-700.0,0.016097,2200.0,0.015731435103444578,long_nclose,34.60915722757807,0.03264725173845106,0.0
1710682740000.0,3070,1710682740000.0,0.0,-0.0035411200000000005,1060.0905061475787,1060.4107489200007,1100.0,0.016096,3300.0,0.015852956735629718,long_ientry_partial,52.31475722757807,0.04934933095259242,1.0
1710682740000.0,3070,1710682740000.0,0.12202163218514098,-0.0016097000000000001,1060.2109180797638,1060.4826392200007,-500.0,0.016097,2800.0,0.015852956735629718,long_nclose,44.38827885976321,0.04186740402575604,0.0
1710682800000.0,3071,1710682800000.0,0.06241730574811227,-0.00128072,1060.2720546655119,1060.9945585000005,-400.0,0.016009,2400.0,0.015852956735629718,long_nclose,38.04709616551133,0.035884277057093794,1.0
1710682800000.0,3071,1710682800000.0,0.10481730574811304,-0.0012892000000000001,1060.37558277126,1060.9776693000006,-400.0,0.016115,2000.0,0.015852956735629718,long_nclose,31.705913471259436,0.02990064462668687,0.0
1710682800000.0,3071,1710682800000.0,0.14721730574811243,-0.00129768,1060.5215023970081,1061.0031716200006,-400.0,0.016221,1600.0,0.015852956735629718,long_nclose,25.364730777007548,0.02391722442183187,0.0
1710682860000.0,3072,1710682860000.0,0.0,-0.005492360000000001,1060.516010037008,1060.7468792600005,1700.0,0.016154,3300.0,0.016008039629396228,long_ientry_partial,52.826530777007555,0.04981210116305939,1.0
1710682920000.0,3073,1710682920000.0,0.07848018530188551,-0.0016165,1060.59287372231,1061.6539627600007,-500.0,0.016165,2800.0,0.016008039629396228,long_nclose,44.82251096230944,0.042261750076632236,1.0
1710682920000.0,3073,1710682920000.0,0.13198018530188524,-0.0016271999999999999,1060.723226707612,1061.5948355600005,-500.0,0.016272,2300.0,0.016008039629396228,long_nclose,36.818491147611326,0.03471074284089409,0.0
1710682920000.0,3073,1710682920000.0,0.18598018530188548,-0.001638,1060.9075688929138,1061.5896975600006,-500.0,0.01638,1800.0,0.016008039629396228,long_nclose,28.81447133291321,0.0271602090302569,0.0
1710682980000.0,3074,1710682980000.0,0.0,-0.00458836,1060.9029805329137,1061.1883092000005,1400.0,0.016387,3200.0,0.016173834791535377,long_ientry_partial,51.75627133291321,0.04878511257166508,1.0
1710683700000.0,3086,1710683700000.0,0.07958260423231167,-0.0016333000000000003,1060.9809298371458,1061.1514759000004,-500.0,0.016333,2700.0,0.016173834791535377,long_nclose,43.669353937145516,0.04115941456539515,12.0
1710684120000.0,3093,1710684120000.0,0.06366608338584934,-0.00130664,1061.0432892805318,1061.7083692600004,-400.0,0.016333,2300.0,0.016173834791535377,long_nclose,37.19982002053137,0.03505966287742669,7.0
1710684120000.0,3093,1710684120000.0,0.10686608338584952,-0.00131528,1061.1488400839175,1061.6982539800003,-400.0,0.016441,1900.0,0.016173834791535377,long_nclose,30.730286103917216,0.02895944936573366,0.0
1710684180000.0,3094,1710684180000.0,0.0,-0.004280379999999999,1061.1445597039176,1061.5979736000004,1300.0,0.016463,3200.0,0.01629130815747413,long_ientry_partial,52.13218610391721,0.04912826026122513,1.0
1710684240000.0,3095,1710684240000.0,0.07984592126293599,-0.0016451,1061.2227605251805,1062.1021285000004,-500.0,0.016451,2700.0,0.01629130815747413,long_nclose,43.986532025180146,0.041448915026485095,1.0
1710684240000.0,3095,1710684240000.0,0.134345921262935,-0.001656,1061.3554504464437,1062.0719725000006,-500.0,0.01656,2200.0,0.01629130815747413,long_nclose,35.84087794644308,0.033768967720820706,0.0
1710684300000.0,3096,1710684300000.0,0.0,-0.0033234000000000002,1061.3521270464437,1062.0302491000007,1000.0,0.016617,3200.0,0.01639308685826346,long_ientry_partial,52.45787794644308,0.04942551732799945,1.0
1710684300000.0,3096,1710684300000.0,0.13795657086826918,-0.0016669,1061.488416717312,1062.0605822000007,-500.0,0.016669,2700.0,0.01639308685826346,long_nclose,44.26133451731135,0.041697425822309946,0.0
1710684420000.0,3098,1710684420000.0,0.13545657086827012,-0.0016664000000000002,1061.6222068881802,1062.5812158000006,-500.0,0.016664,2200.0,0.01639308685826346,long_nclose,36.06479108817962,0.033971398539121074,2.0
1710684420000.0,3098,1710684420000.0,0.19045657086826961,-0.0016774000000000001,1061.8109860590484,1062.5520384000006,-500.0,0.016774,1700.0,0.01639308685826346,long_nclose,27.868247659047885,0.02624595905009604,0.0
1710684420000.0,3098,1710684420000.0,0.2449565708682686,-0.0016883,1062.0542543299166,1062.5773501000006,-500.0,0.016883,1200.0,0.01639308685826346,long_nclose,19.671704229916152,0.018522315738311926,0.0
1710684480000.0,3099,1710684480000.0,0.0,-0.006731600000000001,1062.0475227299166,1062.9354185000004,2000.0,0.016829,3200.0,0.016665532571848798,long_ientry_partial,53.32970422991615,0.050214047006894746,1.0
1710684480000.0,3099,1710684480000.0,0.08698697126048038,-0.00135064,1062.1331590611771,1062.9100678600005,-400.0,0.016883,2800.0,0.016665532571848798,long_nclose,46.66349120117663,0.043933748610600426,0.0
1710684720000.0,3103,1710684720000.0,0.06538697126048099,-0.00134632,1062.1971997124376,1062.5607215400005,-400.0,0.016829,2400.0,0.016665532571848798,long_nclose,39.99727817243711,0.03765522841075587,4.0
1710684780000.0,3104,1710684780000.0,0.0,-0.0026907199999999997,1062.1945089924377,1062.5772308200005,800.0,0.016817,3200.0,0.016703399428886597,long_ientry_partial,53.45087817243711,0.05032117726078139,1.0
1710684780000.0,3104,1710684780000.0,0.050240228445361246,-0.00134632,1062.243402900883,1062.5782845000006,-400.0,0.016829,2800.0,0.016703399428886597,long_nclose,46.769518400882475,0.04402900340276013,0.0
1710684900000.0,3106,1710684900000.0,0.06584022844536158,-0.0013494400000000001,1062.3078936893282,1062.8301350600004,-400.0,0.016868,2400.0,0.016703399428886597,long_nclose,40.088158629327836,0.037736854698597964,2.0
1710684960000.0,3107,1710684960000.0,0.0,-0.00236894,1062.3055247493282,1062.0000661200004,700.0,0.016921,3100.0,0.016752535041718655,long_ientry_partial,51.93285862932783,0.048886932637936156,1.0
1710686400000.0,3131,1710686400000.0,0.0,-0.016806300000000003,1062.2887184493281,1059.7835598200004,5300.0,0.015855,8400.0,0.016186233170158076,long_rentry,135.96435862932785,0.12799190678387443,24.0
1710687600000.0,3151,1710687600000.0,0.22227356177869084,-0.0045766,1062.5064154111067,1063.8347832200002,-1400.0,0.016345,7000.0,0.016186233170158076,long_nclose,113.30363219110653,0.10663806876617014,20.0
1710689460000.0,3182,1710689460000.0,0.17464351282611423,-0.0035959,1062.677463023933,1063.4843873200002,-1100.0,0.016345,5900.0,0.016186233170158076,long_nclose,95.49877570393265,0.0898661908498401,31.0
1710689520000.0,3183,1710689520000.0,0.14289014685772983,-0.0029420999999999996,1062.8174110707907,1064.9012452200004,-900.0,0.016345,5000.0,0.016186233170158076,long_nclose,80.93116585079038,0.07614776066686003,1.0
1710689520000.0,3183,1710689520000.0,0.24099014685773112,-0.00296172,1063.0554394976484,1064.7641835000004,-900.0,0.016454,4100.0,0.016186233170158076,long_nclose,66.3635559976481,0.062427182564446966,0.0
1710689520000.0,3183,1710689520000.0,0.3381901468577315,-0.0029811600000000005,1063.390648484506,1064.7243023400001,-900.0,0.016562,3200.0,0.016186233170158076,long_nclose,51.79594614450585,0.04870829569389478,0.0
1710689520000.0,3183,1710689520000.0,0.435390146857732,-0.0030006,1063.823038031364,1064.7816017400003,-900.0,0.01667,2300.0,0.016186233170158076,long_nclose,37.228336291363576,0.034994858130028575,0.0
1710689580000.0,3184,1710689580000.0,0.0,-0.00298854,1063.820049491364,1064.5450132000003,900.0,0.016603,3200.0,0.016303448841051116,long_ientry_partial,52.17103629136357,0.049041223011643466,1.0
1710689640000.0,3185,1710689640000.0,0.16173069536933107,-0.0019887600000000004,1063.9797914267335,1064.8340244400006,-600.0,0.016573,2600.0,0.016303448841051116,long_nclose,42.3889669867329,0.03984001136891127,1.0
1710689700000.0,3186,1710689700000.0,0.22713069536932987,-0.00200184,1064.2049202821029,1064.6940226000006,-600.0,0.016682,2000.0,0.016303448841051116,long_nclose,32.60689768210223,0.03063967950219464,1.0
1710689760000.0,3187,1710689760000.0,0.0,-0.00397152,1064.2009487621028,1064.6484510800005,1200.0,0.016548,3200.0,0.016395155525656947,long_ientry_partial,52.46449768210223,0.04929942765332981,1.0
1710689760000.0,3187,1710689760000.0,0.07113778973722173,-0.00132584,1064.27076071184,1064.6623252400007,-400.0,0.016573,2800.0,0.016395155525656947,long_nclose,45.90643547183945,0.04313416958024368,0.0
1710689820000.0,3188,1710689820000.0,0.06433778973722187,-0.0013244800000000003,1064.3337740215773,1064.7102007600006,-400.0,0.016556,2400.0,0.016395155525656947,long_nclose,39.34837326157667,0.036969956438476184,1.0
1710689880000.0,3189,1710689880000.0,0.0,-0.00264832,1064.3311257015773,1065.2963524400006,800.0,0.016552,3200.0,0.01643436664424271,long_ientry_partial,52.589973261576674,0.04941128939258526,1.0
1710689880000.0,3189,1710689880000.0,0.04865334230291646,-0.0013244800000000003,1064.3784545638803,1065.2230279600008,-400.0,0.016556,2800.0,0.01643436664424271,long_nclose,46.01622660387959,0.04323295572788941,0.0
1710689880000.0,3189,1710689880000.0,0.09265334230291605,-0.00133328,1064.4697746261832,1065.1936946800006,-400.0,0.016666,2400.0,0.01643436664424271,long_nclose,39.4424799461825,0.03705364011865323,0.0
1710689940000.0,3190,1710689940000.0,0.0,-0.00267776,1064.467096866183,1065.4854169200005,800.0,0.016736,3200.0,0.016509774983182034,long_ientry_partial,52.831279946182505,0.049631670252391145,1.0
1710689940000.0,3190,1710689940000.0,0.18373501009078044,-0.0020179200000000003,1064.6488139562737,1065.4761990000004,-600.0,0.016816,2600.0,0.016509774983182034,long_nclose,42.925414956273286,0.04031884917690453,0.0
1710690000000.0,3191,1710690000000.0,0.22993501009077877,-0.00202716,1064.8767218063645,1065.1631718400004,-600.0,0.016893,2000.0,0.016509774983182034,long_nclose,33.01954996636407,0.031007861558239876,1.0
1710690060000.0,3192,1710690060000.0,0.0,-0.0039967200000000005,1064.8727250863644,1065.2359751200004,1200.0,0.016653,3200.0,0.016563484364488772,long_ientry_partial,53.00314996636407,0.049774164289976865,1.0
1710690060000.0,3192,1710690060000.0,0.03255469065336809,-0.00100032,1064.9042794570178,1065.2334748000003,-300.0,0.016672,2900.0,0.016563484364488772,long_nclose,48.03410465701744,0.04510649978936085,0.0
1710690120000.0,3193,1710690120000.0,0.06500625420449158,-0.0013380800000000002,1064.9679476312222,1065.6992367200003,-400.0,0.016726,2500.0,0.016563484364488772,long_nclose,41.40871091122193,0.03888258891108051,1.0
1710690120000.0,3193,1710690120000.0,0.10940625420449157,-0.0013469600000000001,1065.0760069254266,1065.69028976,-400.0,0.016837,2100.0,0.016563484364488772,long_nclose,34.783317165426425,0.03265806096396447,0.0
1710690180000.0,3194,1710690180000.0,0.0,-0.0037083199999999998,1065.0722986054266,1066.7265814400002,1100.0,0.016856,3200.0,0.016664036614195757,long_ientry_partial,53.32491716542642,0.050066945910853616,1.0
1710690180000.0,3194,1710690180000.0,0.1419816929021222,-0.0016948000000000002,1065.2125854983287,1066.6083866400002,-500.0,0.016948,2700.0,0.016664036614195757,long_nclose,44.992898858328545,0.04223842214301282,0.0
1710690180000.0,3194,1710690180000.0,0.1974816929021222,-0.0017059000000000002,1065.408361291231,1066.5456807400003,-500.0,0.017059,2200.0,0.016664036614195757,long_nclose,36.66088055123066,0.03441016785976711,0.0
1710690180000.0,3194,1710690180000.0,0.2524816929021217,-0.0017169000000000002,1065.659126084133,1066.5379638400002,-500.0,0.017169,1700.0,0.016664036614195757,long_nclose,28.328862244132786,0.026583418234524876,0.0
1710690240000.0,3195,1710690240000.0,0.0,-0.0048106799999999995,1065.654315404133,1066.7408531600004,1400.0,0.017181,3100.0,0.01689750394972025,long_ientry_partial,52.38226224413278,0.049155022868994445,1.0
1710690240000.0,3195,1710690240000.0,0.30119684022379967,-0.00276384,1065.952748404357,1066.7588893200004,-800.0,0.017274,2300.0,0.01689750394972025,long_nclose,38.864259084356576,0.03645964527276951,0.0
1710690300000.0,3196,1710690300000.0,0.0,-0.00275968,1065.949988724357,1066.9204296400003,800.0,0.017248,3100.0,0.016987954543340834,long_ientry_partial,52.662659084356584,0.049404437019957205,1.0
1710690300000.0,3196,1710690300000.0,0.15102272832958308,-0.001729,1066.0992824526863,1066.9132006400002,-500.0,0.01729,2600.0,0.016987954543340834,long_nclose,44.16868181268617,0.04143017685095045,0.0
1710690360000.0,3197,1710690360000.0,0.23642727399550076,-0.0020858400000000003,1066.3336238866818,1067.3197148000002,-600.0,0.017382,2000.0,0.016987954543340834,long_nclose,33.97590908668167,0.03186236307811696,1.0
1710690360000.0,3197,1710690360000.0,0.30482727399550047,-0.00209952,1066.6363516406773,1067.3266152800002,-600.0,0.017496,1400.0,0.016987954543340834,long_nclose,23.78313636067717,0.022297324035595128,0.0
1710690420000.0,3198,1710690420000.0,0.0,-0.005943540000000001,1066.6304081006772,1068.06467174,1700.0,0.017481,3100.0,0.01725833430989586,long_ientry_partial,53.50083636067716,0.05015873910433962,1.0
1710690420000.0,3198,1710690420000.0,0.0950662760416568,-0.0013996800000000002,1066.7240746967188,1067.97327206,-400.0,0.017496,2700.0,0.01725833430989586,long_nclose,46.59750263671882,0.04368280771198212,0.0
1710690420000.0,3198,1710690420000.0,0.1402662760416562,-0.00140872,1066.8629322527606,1067.9270633400001,-400.0,0.017609,2300.0,0.01725833430989586,long_nclose,39.694168912760475,0.0372064374089212,0.0
1710690420000.0,3198,1710690420000.0,0.278799414062484,-0.00212676,1067.139604906823,1067.92613658,-600.0,0.017723,1700.0,0.01725833430989586,long_nclose,29.33916832682296,0.027493280346749666,0.0
1710690480000.0,3199,1710690480000.0,0.0,-0.004607460000000001,1067.134997446823,1068.0325291200002,1300.0,0.017721,3000.0,0.017458822775607653,long_ientry_partial,52.37646832682296,0.049081389376354846,1.0
1710690480000.0,3199,1710690480000.0,0.15758861219617415,-0.0017774000000000002,1067.2908086590191,1068.03875172,-500.0,0.017774,2500.0,0.017458822775607653,long_nclose,43.64705693901913,0.04089518675220186,0.0
1710690540000.0,3200,1710690540000.0,0.24310633463540884,-0.0021436800000000002,1067.5317713136546,1068.2674080400002,-600.0,0.017864,1900.0,0.017458822775607653,long_nclose,33.17176327365454,0.031073326494849816,1.0
1710690600000.0,3201,1710690600000.0,0.0,-0.003926120000000001,1067.5278451936547,1067.4354819200003,1100.0,0.017846,3000.0,0.017600787757884845,long_ientry_partial,52.802363273654535,0.04946228195488047,1.0
1710690600000.0,3201,1710690600000.0,0.10528489684606263,-0.0014291200000000003,1067.6317009705008,1067.5516528000003,-400.0,0.017864,2600.0,0.017600787757884845,long_nclose,45.7620481705006,0.042863141033468645,0.0
1710691380000.0,3214,1710691380000.0,0.0692848968460627,-0.0014219200000000001,1067.6995639473469,1067.8276308800002,-400.0,0.017774,2200.0,0.017600787757884845,long_nclose,38.72173306734666,0.03626650639828884,13.0
1710691440000.0,3215,1710691440000.0,0.0,-0.0028254400000000002,1067.696738507347,1068.5178054400003,800.0,0.017659,3000.0,0.017616311022448886,long_ientry_partial,52.84893306734666,0.04949807483839476,1.0
1710691440000.0,3215,1710691440000.0,0.04730669326533481,-0.00106644,1067.7429787606122,1068.4819390000002,-300.0,0.017774,2700.0,0.017616311022448886,long_nclose,47.56403976061199,0.044546338123264625,0.0
1710691500000.0,3216,1710691500000.0,0.14534448877555686,-0.0017907,1067.886532549388,1069.2080483000004,-500.0,0.017907,2200.0,0.017616311022448886,long_nclose,38.75588424938755,0.03629213691539382,1.0
1710691500000.0,3216,1710691500000.0,0.2043444887755569,-0.0018024999999999998,1068.0890745381637,1069.1102458000005,-500.0,0.018025,1700.0,0.017616311022448886,long_nclose,29.947728738163107,0.028038606004009876,0.0
1710691500000.0,3216,1710691500000.0,0.26334448877555694,-0.0018143000000000002,1068.3506047269393,1069.0714315000007,-500.0,0.018143,1200.0,0.017616311022448886,long_nclose,21.139573226938662,0.01978711214596237,0.0
1710691500000.0,3216,1710691500000.0,0.32234448877555694,-0.0018261,1068.6711231157149,1069.0916054000006,-500.0,0.018261,700.0,0.017616311022448886,long_nclose,12.33141771571422,0.011539020236424022,0.0
1710691560000.0,3217,1710691560000.0,0.19340669326533416,-0.00109566,1068.8634341489803,1069.0865097400008,-300.0,0.018261,400.0,0.017616311022448886,long_nclose,7.046524408979554,0.006592539499295282,1.0
1710691560000.0,3217,1710691560000.0,0.30507559102044557,-0.00147032,1069.1670394200007,1069.1670394200007,-400.0,0.018379,0.0,0.017616311022448886,long_nclose,0.0,0.0,0.0
1710691920000.0,3223,1710691920000.0,0.0,-0.010728000000000001,1069.1563114200007,1069.3933114200008,3000.0,0.01788,3000.0,0.01788,long_ientry_normal,53.64,0.05017040018101562,6.0
1710693900000.0,3256,1710693900000.0,0.0,-0.01725636,1069.1390550600008,1066.5365550600009,5100.0,0.016918,8100.0,0.017274296296296295,long_rentry,139.9218,0.13087334087907534,33.0
1710696120000.0,3293,1710696120000.0,0.22061481481481862,-0.004535440000000001,1069.3551344348157,1070.502319620001,-1300.0,0.017444,6800.0,0.017274296296296295,long_nclose,117.4652148148148,0.10984677683985543,37.0
1710696420000.0,3298,1710696420000.0,0.1866740740740773,-0.0038376800000000004,1069.5379708288897,1070.3627819400008,-1100.0,0.017444,5700.0,0.017274296296296295,long_nclose,98.46348888888888,0.09206170474955637,5.0
1710696420000.0,3298,1710696420000.0,0.31427407407407515,-0.0038632,1069.8483817029637,1070.5140187400007,-1100.0,0.01756,4600.0,0.017274296296296295,long_nclose,79.46176296296295,0.07427385442830438,0.0
1710696480000.0,3299,1710696480000.0,0.11879259259259464,-0.00244216,1069.9647321355562,1071.4494765800007,-700.0,0.017444,3900.0,0.017274296296296295,long_nclose,67.36975555555554,0.0629644637175016,1.0
1710696480000.0,3299,1710696480000.0,0.19999259259259328,-0.0024584,1070.1622663281487,1071.3805181800005,-700.0,0.01756,3200.0,0.017274296296296295,long_nclose,55.27774814814814,0.05165361355695387,0.0
1710696480000.0,3299,1710696480000.0,0.2804925925925936,-0.0024745,1070.4402844207411,1071.3920436800004,-700.0,0.017675,2500.0,0.017274296296296295,long_nclose,43.185740740740734,0.040343904624357725,0.0
1710696540000.0,3300,1710696540000.0,0.24042222222222312,-0.002121,1070.6785856429633,1071.4513226800004,-600.0,0.017675,1900.0,0.017274296296296295,long_nclose,32.82116296296296,0.03065454320565608,1.0
1710696600000.0,3301,1710696600000.0,0.0,-0.0038898199999999996,1070.6746958229633,1071.4324328600003,1100.0,0.017681,3000.0,0.017423420987654318,long_ientry_partial,52.27026296296295,0.048819929308954055,1.0
1710697020000.0,3308,1710697020000.0,0.0857895061728408,-0.0017595,1070.7587258291362,1071.2501733600004,-500.0,0.017595,2500.0,0.017423420987654318,long_nclose,43.5585524691358,0.04068008172000323,7.0
1710697140000.0,3310,1710697140000.0,0.06863160493827264,-0.0014076000000000002,1070.8259498340744,1071.5201657600003,-400.0,0.017595,2100.0,0.017423420987654318,long_nclose,36.58918407407407,0.034169123450681786,2.0
1710697140000.0,3310,1710697140000.0,0.11503160493827325,-0.0014168800000000001,1070.9395645590125,1071.5015488800002,-400.0,0.017711,1700.0,0.017423420987654318,long_nclose,29.61981567901234,0.02765778449058335,0.0
1710697200000.0,3311,1710697200000.0,0.0,-0.00461344,1070.9349511190126,1071.6719354400002,1300.0,0.017744,3000.0,0.01756233855967078,long_ientry_partial,52.68701567901233,0.04919721372802338,1.0
1710697260000.0,3312,1710697260000.0,0.17379686419753265,-0.00214224,1071.1066057432101,1072.1617932000004,-600.0,0.017852,2400.0,0.01756233855967078,long_nclose,42.14961254320987,0.039351463539862554,1.0
1710697260000.0,3312,1710697260000.0,0.24459686419753268,-0.0021564,1071.3490462074076,1072.1404368,-600.0,0.01797,1800.0,0.01756233855967078,long_nclose,31.612209407407402,0.029506918888213995,0.0
1710697260000.0,3312,1710697260000.0,0.3147968641975321,-0.00217044,1071.661672631605,1072.18926636,-600.0,0.018087,1200.0,0.01756233855967078,long_nclose,21.074806271604935,0.01966554072970903,0.0
1710697320000.0,3313,1710697320000.0,0.20986457613168807,-0.00144696,1071.8700902477365,1072.1698193999998,-400.0,0.018087,800.0,0.01756233855967078,long_nclose,14.049870847736623,0.01310781126889112,1.0
1710697380000.0,3314,1710697380000.0,0.08153228806584423,-0.0007188,1071.9509037358023,1072.1421005999998,-200.0,0.01797,600.0,0.01756233855967078,long_nclose,10.537403135802467,0.009830117311417055,1.0
1710697440000.0,3315,1710697440000.0,0.0,-0.00851808,1071.9423856558024,1072.5415825199998,2400.0,0.017746,3000.0,0.017709267711934158,long_ientry_partial,53.12780313580247,0.04956218155633381,1.0
1710697500000.0,3316,1710697500000.0,0.17563937283950545,-0.00216024,1072.1158647886418,1072.9744222799998,-600.0,0.018002,2400.0,0.017709267711934158,long_nclose,42.50224250864198,0.039643329517394015,1.0
1710697680000.0,3319,1710697680000.0,0.06949291522633655,-0.0014306400000000002,1072.1839270638682,1073.0593916399998,-400.0,0.017883,2000.0,0.017709267711934158,long_nclose,35.41853542386831,0.03303401079781202,3.0
1710697680000.0,3319,1710697680000.0,0.11709291522633697,-0.00144016,1072.2995798190946,1072.99995148,-400.0,0.018002,1600.0,0.017709267711934158,long_nclose,28.334828339094653,0.026424358334519688,0.0
1710697680000.0,3319,1710697680000.0,0.164292915226337,-0.0014496,1072.462423134321,1072.98770188,-400.0,0.01812,1200.0,0.017709267711934158,long_nclose,21.25112125432099,0.01981525953348893,0.0
1710697680000.0,3319,1710697680000.0,0.21189291522633602,-0.00145912,1072.6728569295474,1073.02304276,-400.0,0.018239,800.0,0.017709267711934158,long_nclose,14.167414169547326,0.013207581489570436,0.0
1710697740000.0,3320,1710697740000.0,0.10594645761316801,-0.00072956,1072.7780738271604,1073.0215131999998,-200.0,0.018239,600.0,0.017709267711934158,long_nclose,10.625560627160494,0.009904714578341038,1.0
1710697800000.0,3321,1710697800000.0,0.04107322880658425,-0.0003624,1072.818784655967,1073.0821508,-100.0,0.01812,500.0,0.017709267711934158,long_nclose,8.854633855967078,0.008253615599028307,1.0
1710697800000.0,3321,1710697800000.0,0.052973228806584005,-0.00036478,1072.8713931047737,1073.0820860200001,-100.0,0.018239,400.0,0.017709267711934158,long_nclose,7.083707084773663,0.006602568705158763,0.0
1710697860000.0,3322,1710697860000.0,0.052973228806584005,-0.00036478,1072.9240015535804,1073.0346212400002,-100.0,0.018239,300.0,0.017709267711934158,long_nclose,5.312780313580247,0.004951683722134474,1.0
1710697920000.0,3323,1710697920000.0,0.04107322880658425,-0.0003624,1072.964712382387,1073.05065884,-100.0,0.01812,200.0,0.017709267711934158,long_nclose,3.5418535423868316,0.0033009972289979404,1.0
1710697980000.0,3324,1710697980000.0,0.052973228806584005,-0.00036478,1073.0173208311937,1073.0790940600002,-100.0,0.018239,100.0,0.017709267711934158,long_nclose,1.7709267711934158,0.0016504176929982817,1.0
1710698040000.0,3325,1710698040000.0,0.06477322880658401,-0.00036714,1073.0817269200004,1073.0817269200004,-100.0,0.018357,0.0,0.017709267711934158,long_nclose,0.0,0.0,1.0
1710698640000.0,3335,1710698640000.0,0.0,-0.010659,1073.0710679200004,1073.7970679200002,3000.0,0.017765,3000.0,0.017765,long_ientry_normal,53.295,0.04966586239558669,10.0
1710698700000.0,3336,1710698700000.0,0.17580000000000096,-0.0021669600000000003,1073.2447009600003,1073.9647009600003,-600.0,0.018058,2400.0,0.017765,long_nclose,42.635999999999996,0.039726261831866276,1.0
1710698700000.0,3336,1710698700000.0,0.2471999999999995,-0.0021812399999999997,1073.4897197200003,1074.0297197200002,-600.0,0.018177,1800.0,0.017765,long_nclose,31.977,0.029787895880680256,0.0
1710698760000.0,3337,1710698760000.0,0.16479999999999967,-0.00145416,1073.6530655600002,1074.2326655600002,-400.0,0.018177,1400.0,0.017765,long_nclose,24.871,0.02316483862226732,1.0
1710698940000.0,3340,1710698940000.0,0.2124000000000001,-0.00146368,1073.8640018800002,1074.32900188,-400.0,0.018296,1000.0,0.017765,long_nclose,17.765,0.016543063152223224,3.0
1710699000000.0,3341,1710699000000.0,0.15930000000000005,-0.0010977600000000001,1074.0222041200002,1074.2266041200003,-300.0,0.018296,700.0,0.017765,long_nclose,12.4355,0.011578438464583722,1.0
1710699060000.0,3342,1710699060000.0,0.02930000000000016,-0.00036116,1074.05114296,1074.3415429600002,-100.0,0.018058,600.0,0.017765,long_nclose,10.658999999999999,0.009924108428044346,1.0
1710699060000.0,3342,1710699060000.0,0.04119999999999992,-0.00036354,1074.09197942,1074.3339794199999,-100.0,0.018177,500.0,0.017765,long_nclose,8.8825,0.008269775931849403,0.0
1710699060000.0,3342,1710699060000.0,0.05310000000000002,-0.00036592,1074.1447135,1074.3383135000001,-100.0,0.018296,400.0,0.017765,long_nclose,7.106,0.0066154959482561376,0.0
1710699120000.0,3343,1710699120000.0,0.05310000000000002,-0.00036592,1074.1974475800002,1074.3348475800003,-100.0,0.018296,300.0,0.017765,long_nclose,5.3294999999999995,0.004961378387191791,1.0
1710699240000.0,3345,1710699240000.0,0.04119999999999992,-0.00036354,1074.23828404,1074.29428404,-100.0,0.018177,200.0,0.017765,long_nclose,3.553,0.0033074598557760035,2.0
1710699300000.0,3346,1710699300000.0,0.02930000000000016,-0.00036116,1074.26722288,1074.29132288,-100.0,0.018058,100.0,0.017765,long_nclose,1.7765,0.0016536853793578344,1.0
1710699480000.0,3349,1710699480000.0,0.017500000000000154,-0.00035880000000000005,1074.28436408,1074.28436408,-100.0,0.01794,0.0,0.017765,long_nclose,0.0,0.0,3.0
1710699600000.0,3351,1710699600000.0,0.0,-0.0106668,1074.2736972799999,1074.09669728,3000.0,0.017778,3000.0,0.017778,long_ientry_normal,53.333999999999996,0.04964656598689762,2.0
1710701160000.0,3377,1710701160000.0,0.08750000000000077,-0.0017953,1074.35940198,1074.52440198,-500.0,0.017953,2500.0,0.017778,long_nclose,44.44499999999999,0.04136883794946988,26.0
1710701220000.0,3378,1710701220000.0,0.07000000000000062,-0.00143624,1074.42796574,1074.76606574,-400.0,0.017953,2100.0,0.017778,long_nclose,37.3338,0.034747606345379115,1.0
1710701280000.0,3379,1710701280000.0,0.05250000000000046,-0.00107718,1074.47938856,1074.80338856,-300.0,0.017953,1800.0,0.017778,long_nclose,32.0004,0.02978223718454611,1.0
1710701520000.0,3383,1710701520000.0,0.05250000000000046,-0.00107718,1074.53081138,1074.84131138,-300.0,0.017953,1500.0,0.017778,long_nclose,26.666999999999998,0.02481734326980542,4.0
1710701520000.0,3383,1710701520000.0,0.08820000000000078,-0.0010843200000000002,1074.6179270599998,1074.8663270599998,-300.0,0.018072,1200.0,0.017778,long_nclose,21.333599999999997,0.019852265128654293,0.0
1710701640000.0,3385,1710701640000.0,0.03500000000000031,-0.00071812,1074.6522089399998,1074.8492089399997,-200.0,0.017953,1000.0,0.017778,long_nclose,17.778,0.016543026527192094,2.0
1710701880000.0,3389,1710701880000.0,0.017500000000000154,-0.00035906,1074.6693498799998,1074.9582498799998,-100.0,0.017953,900.0,0.017778,long_nclose,16.0002,0.01488848639982765,4.0
1710701880000.0,3389,1710701880000.0,0.02940000000000026,-0.00036144000000000004,1074.6983884399997,1074.9551884399998,-100.0,0.018072,800.0,0.017778,long_nclose,14.222399999999999,0.013233852542241933,0.0
1710701940000.0,3390,1710701940000.0,0.08260000000000003,-0.00072764,1074.7802607999997,1074.9818607999998,-200.0,0.018191,600.0,0.017778,long_nclose,10.666799999999999,0.009924633331152077,1.0
1710702000000.0,3391,1710702000000.0,0.04130000000000002,-0.00036382,1074.8211969799997,1075.0146969799998,-100.0,0.018191,500.0,0.017778,long_nclose,8.889,0.008270212780484832,1.0
1710702240000.0,3395,1710702240000.0,0.017500000000000154,-0.00035906,1074.8383379199997,1074.8563379199998,-100.0,0.017953,400.0,0.017778,long_nclose,7.111199999999999,0.00661606471328648,4.0
1710702300000.0,3396,1710702300000.0,0.0,-0.00924352,1074.8290943999998,1075.1162943999998,2600.0,0.017776,3000.0,0.017776266666666665,long_ientry_partial,53.328799999999994,0.04961607410689757,1.0
1710702360000.0,3397,1710702360000.0,0.08736666666666823,-0.0017951000000000002,1074.9146659666665,1075.3789992999998,-500.0,0.017951,2500.0,0.017776266666666665,long_nclose,44.440666666666665,0.04134343690129239,1.0
1710702480000.0,3399,1710702480000.0,0.06989333333333458,-0.0014360800000000002,1074.9831232199997,1075.5390632199997,-400.0,0.017951,2100.0,0.017776266666666665,long_nclose,37.33016,0.03472627541182358,2.0
1710702480000.0,3399,1710702480000.0,0.11749333333333362,-0.0014456,1075.0991709533332,1075.5492176199998,-400.0,0.01807,1700.0,0.017776266666666665,long_nclose,30.21965333333333,0.028108712340031254,0.0
1710702540000.0,3400,1710702540000.0,0.08812000000000021,-0.0010842,1075.1862067533332,1075.56803342,-300.0,0.01807,1400.0,0.017776266666666665,long_nclose,24.88677333333333,0.023146477491077785,1.0
1710702600000.0,3401,1710702600000.0,0.05874666666666681,-0.0007228,1075.2442306199998,1075.7047106199998,-200.0,0.01807,1200.0,0.017776266666666665,long_nclose,21.331519999999998,0.019838767223796183,1.0
1710702660000.0,3402,1710702660000.0,0.12382000000000053,-0.0010913399999999999,1075.36695928,1075.7906192799999,-300.0,0.018189,900.0,0.017776266666666665,long_nclose,15.998639999999998,0.014877377310078144,1.0
1710702660000.0,3402,1710702660000.0,0.15952000000000083,-0.0010984800000000002,1075.5253807999998,1075.8078207999997,-300.0,0.018308,600.0,0.017776266666666665,long_nclose,10.665759999999999,0.00991679061266464,0.0
1710702720000.0,3403,1710702720000.0,0.10634666666666723,-0.0007323200000000001,1075.6309951466665,1075.8672884799998,-200.0,0.018308,400.0,0.017776266666666665,long_nclose,7.110506666666666,0.006610544600099703,1.0
1710702840000.0,3405,1710702840000.0,0.053173333333333614,-0.00036616000000000003,1075.6838023199996,1075.8553223199997,-100.0,0.018308,300.0,0.017776266666666665,long_nclose,5.332879999999999,0.004957665057796928,2.0
1710702840000.0,3405,1710702840000.0,0.06507333333333337,-0.00036854,1075.748507113333,1075.8628537799998,-100.0,0.018427,200.0,0.017776266666666665,long_nclose,3.555253333333333,0.0033049112407076545,0.0
1710702900000.0,3406,1710702900000.0,0.06507333333333337,-0.00036854,1075.8132119066665,1075.86858524,-100.0,0.018427,100.0,0.017776266666666665,long_nclose,1.7776266666666665,0.0016523562333987088,1.0
1710703080000.0,3409,1710703080000.0,0.053173333333333614,-0.00036616000000000003,1075.8660190799997,1075.8660190799997,-100.0,0.018308,0.0,0.017776266666666665,long_nclose,0.0,0.0,3.0
1710704340000.0,3430,1710704340000.0,0.0,-0.010684800000000001,1075.8553342799996,1076.0653342799997,3000.0,0.017808,3000.0,0.017808,long_ientry_normal,53.424,0.04965723392146699,21.0
1710705420000.0,3448,1710705420000.0,0.08749999999999904,-0.0017983,1075.9410359799997,1076.4210359799997,-500.0,0.017983,2500.0,0.017808,long_nclose,44.52,0.0413777321537419,18.0
1710705660000.0,3452,1710705660000.0,0.06999999999999923,-0.00143864,1076.0095973399996,1076.3539973399995,-400.0,0.017983,2100.0,0.017808,long_nclose,37.3968,0.03475508033799004,4.0
1710705720000.0,3453,1710705720000.0,0.05249999999999942,-0.00107898,1076.0610183599995,1076.6082183599995,-300.0,0.017983,1800.0,0.017808,long_nclose,32.0544,0.029788645302710987,1.0
1710705720000.0,3453,1710705720000.0,0.08819999999999974,-0.00108612,1076.1481322399993,1076.6041322399992,-300.0,0.018102,1500.0,0.017808,long_nclose,26.712,0.024821861600409088,0.0
1710705900000.0,3456,1710705900000.0,0.08819999999999974,-0.00108612,1076.2352461199991,1076.5040461199992,-300.0,0.018102,1200.0,0.017808,long_nclose,21.369600000000002,0.019855881952427074,3.0
1710705960000.0,3457,1710705960000.0,0.058799999999999825,-0.0007240800000000001,1076.293322039999,1076.5323220399991,-200.0,0.018102,1000.0,0.017808,long_nclose,17.808,0.016545675454203167,1.0
1710706140000.0,3460,1710706140000.0,0.017499999999999807,-0.00035966,1076.310462379999,1076.3689623799992,-100.0,0.017983,900.0,0.017808,long_nclose,16.0272,0.014890870766562782,3.0
1710706140000.0,3460,1710706140000.0,0.029399999999999912,-0.00036204000000000005,1076.339500339999,1076.3915003399989,-100.0,0.018102,800.0,0.017808,long_nclose,14.246400000000001,0.013235972474762641,0.0
1710706200000.0,3461,1710706200000.0,0.0,-0.007837280000000002,1076.3316630599988,1077.1898630599987,2200.0,0.017812,3000.0,0.017810933333333334,long_ientry_partial,53.4328,0.049643434114064015,1.0
1710706200000.0,3461,1710706200000.0,0.01720666666666648,-0.00035966,1076.3485100666655,1077.178103399999,-100.0,0.017983,2900.0,0.017810933333333334,long_nclose,51.65170666666667,0.04798790185854165,0.0
1710706200000.0,3461,1710706200000.0,0.029106666666666586,-0.00036204000000000005,1076.3772546933321,1077.1782413599988,-100.0,0.018102,2800.0,0.017810933333333334,long_nclose,49.87061333333334,0.046331909296561495,0.0
1710706260000.0,3462,1710706260000.0,0.14703333333333268,-0.0018105,1076.5224775266656,1077.104530859999,-500.0,0.018105,2300.0,0.017810933333333334,long_nclose,40.96514666666667,0.038053219994797514,1.0
1710706380000.0,3464,1710706380000.0,0.0,-0.00249396,1076.5199835666656,1076.272036899999,700.0,0.017814,3000.0,0.017811648888888892,long_ientry_partial,53.434946666666676,0.049636743843462165,2.0
1710708060000.0,3492,1710708060000.0,0.0,-0.0171921,1076.5027914666655,1073.9244447999988,5100.0,0.016855,8100.0,0.01720931440329218,long_rentry,139.39544666666666,0.1294891641448968,28.0
1710714720000.0,3603,1710714720000.0,0.21929127572016643,-0.00451828,1076.7175644623858,1077.504226519999,-1300.0,0.017378,6800.0,0.01720931440329218,long_nclose,117.02333794238683,0.1086852688251794,111.0
1710714780000.0,3604,1710714780000.0,0.18555415637860234,-0.0038231600000000004,1076.8992954587645,1079.565103359999,-1100.0,0.017378,5700.0,0.01720931440329218,long_nclose,98.09309209876542,0.09108845415018799,1.0
1710714780000.0,3604,1710714780000.0,0.3131541563786002,-0.0038486799999999997,1077.2086009351433,1079.3599546799992,-1100.0,0.017494,4600.0,0.01720931440329218,long_nclose,79.16284625514403,0.0734888731731453,0.0
1710714780000.0,3604,1710714780000.0,0.4396541563786008,-0.0038739800000000004,1077.6443811115219,1079.2812806999991,-1100.0,0.017609,3500.0,0.01720931440329218,long_nclose,60.23260041152263,0.055892835769622375,0.0
1710714780000.0,3604,1710714780000.0,0.5661541563786013,-0.0038992800000000006,1078.2066359879004,1079.3290814199993,-1100.0,0.017724,2400.0,0.01720931440329218,long_nclose,41.30235456790123,0.03830652974052436,0.0
1710714840000.0,3605,1710714840000.0,0.4117484773662555,-0.00283584,1078.6155486252667,1079.3606455799993,-800.0,0.017724,1600.0,0.01720931440329218,long_nclose,27.53490304526749,0.02552800493221305,1.0
1710714900000.0,3606,1710714900000.0,0.2573427983539097,-0.0017724000000000001,1078.8711190236206,1079.4768731799993,-500.0,0.017724,1100.0,0.01720931440329218,long_nclose,18.9302458436214,0.01754634590714903,1.0
1710714960000.0,3607,1710714960000.0,0.31484279835390994,-0.0017839000000000004,1079.1841779219747,1079.6957892799994,-500.0,0.017839,600.0,0.01720931440329218,long_nclose,10.325588641975308,0.009567957771450808,1.0
1710714960000.0,3607,1710714960000.0,0.4468113580246923,-0.0021544800000000003,1079.6288347999994,1079.6288347999994,-600.0,0.017954,0.0,0.01720931440329218,long_nclose,0.0,0.0,0.0
1710716460000.0,3632,1710716460000.0,0.0,-0.0108717,1079.6179630999993,1079.7605630999992,3100.0,0.017535,3100.0,0.017535,long_ientry_normal,54.35849999999999,0.05034975505957291,25.0
1710716580000.0,3634,1710716580000.0,0.086000000000001,-0.0017707,1079.7021923999994,1080.4665923999994,-500.0,0.017707,2600.0,0.017535,long_nclose,45.590999999999994,0.042225532485637304,2.0
1710716580000.0,3634,1710716580000.0,0.14500000000000102,-0.0017825,1079.8454098999994,1080.4628098999995,-500.0,0.017825,2100.0,0.017535,long_nclose,36.823499999999996,0.03410071447487107,0.0
1710716700000.0,3636,1710716700000.0,0.20350000000000057,-0.0017942000000000001,1080.0471156999995,1080.7159156999994,-500.0,0.017942,1600.0,0.017535,long_nclose,28.055999999999997,0.02597664452982346,2.0
1710716820000.0,3638,1710716820000.0,0.26200000000000007,-0.0018058999999999998,1080.3073097999995,1080.9068097999996,-500.0,0.018059,1100.0,0.017535,long_nclose,19.2885,0.017854641753346032,2.0
1710716880000.0,3639,1710716880000.0,0.32050000000000134,-0.0018176000000000004,1080.6259921999995,1081.0351921999995,-500.0,0.018176,600.0,0.017535,long_nclose,10.520999999999999,0.009736023449316403,1.0
1710717000000.0,3641,1710717000000.0,0.45540000000000164,-0.00219528,1081.0791969199995,1081.0791969199995,-600.0,0.018294,0.0,0.017535,long_nclose,0.0,0.0,2.0
1710722040000.0,3725,1710722040000.0,0.0,-0.01068,1081.0685169199994,1081.1705169199995,3000.0,0.0178,3000.0,0.0178,long_ientry_normal,53.4,0.04939557406790311,84.0
1710722340000.0,3730,1710722340000.0,0.08750000000000077,-0.0017975000000000003,1081.1542194199994,1081.3417194199994,-500.0,0.017975,2500.0,0.0178,long_nclose,44.5,0.04115971542327482,5.0
1710722460000.0,3732,1710722460000.0,0.07000000000000062,-0.001438,1081.2227814199994,1081.7477814199995,-400.0,0.017975,2100.0,0.0178,long_nclose,37.38,0.03457196855481331,2.0
1710722520000.0,3733,1710722520000.0,0.11759999999999965,-0.0014475199999999999,1081.3389338999993,1081.8421338999995,-400.0,0.018094,1700.0,0.0178,long_nclose,30.259999999999998,0.027983825469839598,1.0
1710722640000.0,3735,1710722640000.0,0.08819999999999974,-0.00108564,1081.4260482599993,1081.7158482599993,-300.0,0.018094,1400.0,0.0178,long_nclose,24.919999999999998,0.023043646895777994,2.0
1710722700000.0,3736,1710722700000.0,0.058799999999999825,-0.0007237599999999999,1081.4841244999993,1081.8669244999994,-200.0,0.018094,1200.0,0.0178,long_nclose,21.36,0.019750636663182948,1.0
1710722700000.0,3736,1710722700000.0,0.08260000000000003,-0.00072852,1081.5659959799993,1081.8849959799993,-200.0,0.018213,1000.0,0.0178,long_nclose,17.8,0.016457617996645267,0.0
1710722820000.0,3738,1710722820000.0,0.08260000000000003,-0.00072852,1081.6478674599994,1081.8750674599994,-200.0,0.018213,800.0,0.0178,long_nclose,14.24,0.01316509783672884,2.0
1710722940000.0,3740,1710722940000.0,0.029399999999999912,-0.00036187999999999997,1081.6769055799994,1081.9233055799994,-100.0,0.018094,700.0,0.0178,long_nclose,12.459999999999999,0.011519151361855969,2.0
1710723060000.0,3742,1710723060000.0,0.0,-0.008190300000000001,1081.6687152799993,1082.0712152799993,2300.0,0.017805,3000.0,0.017803833333333335,long_ientry_partial,53.411500000000004,0.04937879708037407,2.0
1710723120000.0,3743,1710723120000.0,0.08758333333333188,-0.0017979,1081.7545007133328,1082.4149173799995,-500.0,0.017979,2500.0,0.017803833333333335,long_nclose,44.50958333333334,0.04114573436392706,1.0
1710723180000.0,3744,1710723180000.0,0.1470833333333324,-0.0018098,1081.899774246666,1083.1001075799993,-500.0,0.018098,2000.0,0.017803833333333335,long_nclose,35.60766666666667,0.03291216757250968,1.0
1710723180000.0,3744,1710723180000.0,0.20658333333333292,-0.0018217000000000003,1082.1045358799995,1083.0047858799994,-500.0,0.018217,1500.0,0.017803833333333335,long_nclose,26.705750000000002,0.024679454816518346,0.0
1710723180000.0,3744,1710723180000.0,0.26608333333333345,-0.0018336000000000003,1082.3687856133329,1082.9689522799995,-500.0,0.018336,1000.0,0.017803833333333335,long_nclose,17.803833333333333,0.016448953046298957,0.0
1710723300000.0,3746,1710723300000.0,0.15965000000000007,-0.0011001600000000002,1082.5273354533329,1082.9019521199996,-300.0,0.018336,700.0,0.017803833333333335,long_nclose,12.462683333333334,0.01151258072214343,2.0
1710723420000.0,3748,1710723420000.0,0.041316666666666585,-0.00036434000000000005,1082.5682877799995,1082.9997877799995,-100.0,0.018217,600.0,0.017803833333333335,long_nclose,10.682300000000001,0.009867553040839552,2.0
1710723420000.0,3748,1710723420000.0,0.05321666666666669,-0.00036672000000000007,1082.6211377266661,1082.9807210599995,-100.0,0.018336,500.0,0.017803833333333335,long_nclose,8.901916666666667,0.008222559449891483,0.0
1710723420000.0,3748,1710723420000.0,0.06511666666666645,-0.0003691,1082.6858852933328,1082.9735519599994,-100.0,0.018455,400.0,0.017803833333333335,long_nclose,7.121533333333334,0.00657765417474145,0.0
1710723600000.0,3751,1710723600000.0,0.05321666666666669,-0.00036672000000000007,1082.7387352399994,1082.9856852399994,-100.0,0.018336,300.0,0.017803833333333335,long_nclose,5.341150000000001,0.004932999832887741,3.0
1710723600000.0,3751,1710723600000.0,0.06511666666666645,-0.0003691,1082.8034828066661,1082.9681161399994,-100.0,0.018455,200.0,0.017803833333333335,long_nclose,3.560766666666667,0.003288469905395049,0.0
1710723600000.0,3751,1710723600000.0,0.1540333333333331,-0.00074296,1082.9567731799993,1082.9567731799993,-200.0,0.018574,0.0,0.017803833333333335,long_nclose,0.0,0.0,0.0
1710729120000.0,3843,1710729120000.0,0.0,-0.0107922,1082.9459809799994,1082.8799809799993,3000.0,0.017987,3000.0,0.017987,long_ientry_normal,53.961,0.049827970136763995,92.0
1710733320000.0,3913,1710733320000.0,0.08850000000000004,-0.0018164,1083.0326645799994,1083.7401645799994,-500.0,0.018164,2500.0,0.017987,long_nclose,44.9675,0.04151998501119855,70.0
1710733320000.0,3913,1710733320000.0,0.14850000000000108,-0.0018284000000000004,1083.1793361799994,1083.7453361799994,-500.0,0.018284,2000.0,0.017987,long_nclose,35.974,0.03321149028458013,0.0
1710733380000.0,3914,1710733380000.0,0.11880000000000085,-0.0014627200000000003,1083.2966734599993,1083.7782734599994,-400.0,0.018284,1600.0,0.017987,long_nclose,28.7792,0.026566314385587996,1.0
1710733560000.0,3917,1710733560000.0,0.035400000000000015,-0.00072656,1083.3313468999993,1083.7037468999993,-200.0,0.018164,1400.0,0.017987,long_nclose,25.1818,0.023244781083884294,3.0
1710733620000.0,3918,1710733620000.0,0.059400000000000425,-0.0007313600000000001,1083.3900155399995,1083.8100155399995,-200.0,0.018284,1200.0,0.017987,long_nclose,21.5844,0.01992301912551924,1.0
1710733740000.0,3920,1710733740000.0,0.059400000000000425,-0.0007313600000000001,1083.4486841799996,1083.7286841799996,-200.0,0.018284,1000.0,0.017987,long_nclose,17.987,0.016601616913322785,2.0
1710734100000.0,3926,1710734100000.0,0.0,-0.007185200000000001,1083.4414989799996,1083.1684989799996,2000.0,0.017963,3000.0,0.017971,long_ientry_partial,53.913000000000004,0.04976087776844077,6.0
1710736200000.0,3961,1710736200000.0,0.08850000000000004,-0.0018148,1083.5281841799997,1084.0956841799996,-500.0,0.018148,2500.0,0.017971,long_nclose,44.9275,0.04146408063579865,35.0
1710736260000.0,3962,1710736260000.0,0.14849999999999933,-0.0018268000000000002,1083.6748573799998,1084.3288573799998,-500.0,0.018268,2000.0,0.017971,long_nclose,35.942,0.033166774845083104,1.0
1710736380000.0,3964,1710736380000.0,0.11879999999999946,-0.00146144,1083.7921959399998,1084.28179594,-400.0,0.018268,1600.0,0.017971,long_nclose,28.753600000000002,0.026530547191347224,2.0
1710736500000.0,3966,1710736500000.0,0.0890999999999996,-0.00109608,1083.8801998599997,1084.2415998599997,-300.0,0.018268,1300.0,0.017971,long_nclose,23.3623,0.021554319382361273,2.0
1710736680000.0,3969,1710736680000.0,0.05939999999999973,-0.00073072,1083.9388691399997,1084.2512691399997,-200.0,0.018268,1100.0,0.017971,long_nclose,19.7681,0.018237283081917775,3.0
1710737040000.0,3975,1710737040000.0,0.05939999999999973,-0.00073072,1083.9975384199997,1084.3206384199998,-200.0,0.018268,900.0,0.017971,long_nclose,16.1739,0.01492060583788277,6.0
1710737220000.0,3978,1710737220000.0,0.017700000000000007,-0.00036296000000000006,1084.0148754599998,1084.2204754599998,-100.0,0.018148,800.0,0.017971,long_nclose,14.376800000000001,0.013262548628679318,3.0
1710737280000.0,3979,1710737280000.0,0.029699999999999865,-0.00036536,1084.0442100999999,1084.3088100999998,-100.0,0.018268,700.0,0.017971,long_nclose,12.5797,0.011604416021777895,1.0
1710737340000.0,3980,1710737340000.0,0.04170000000000007,-0.00036776000000000007,1084.0855423399998,1084.2493423399999,-100.0,0.018388,600.0,0.017971,long_nclose,10.7826,0.009946263075075927,1.0
1710737400000.0,3981,1710737400000.0,0.029699999999999865,-0.00036536,1084.11487698,1084.2003769799999,-100.0,0.018268,500.0,0.017971,long_nclose,8.9855,0.008288328285864642,1.0
1710737460000.0,3982,1710737460000.0,0.017700000000000007,-0.00036296000000000006,1084.13221402,1084.21421402,-100.0,0.018148,400.0,0.017971,long_nclose,7.188400000000001,0.0066305565935958705,1.0
1710737580000.0,3984,1710737580000.0,0.017700000000000007,-0.00036296000000000006,1084.14955106,1084.2107510600001,-100.0,0.018148,300.0,0.017971,long_nclose,5.3913,0.004972837921418491,2.0
1710737640000.0,3985,1710737640000.0,0.029699999999999865,-0.00036536,1084.1788857000001,1084.2420857000002,-100.0,0.018268,200.0,0.017971,long_nclose,3.5942000000000003,0.0033151355808588774,1.0
1710737760000.0,3987,1710737760000.0,0.029699999999999865,-0.00036536,1084.2082203400003,1084.2402203400002,-100.0,0.018268,100.0,0.017971,long_nclose,1.7971000000000001,0.0016575229428129976,2.0
1710738180000.0,3994,1710738180000.0,0.0,-0.01041854,1084.1978018000002,1084.2330018000002,2900.0,0.017963,3000.0,0.017963266666666665,long_ientry_partial,53.889799999999994,0.04970476781130842,7.0
1710738300000.0,3996,1710738300000.0,0.0883666666666675,-0.001814,1084.2843544666669,1084.8786878,-500.0,0.01814,2500.0,0.017963266666666665,long_nclose,44.90816666666666,0.04141733345286154,2.0
1710738300000.0,3996,1710738300000.0,0.14836666666666679,-0.001826,1084.4308951333335,1084.9063618000002,-500.0,0.01826,2000.0,0.017963266666666665,long_nclose,35.92653333333333,0.03312938933643723,0.0
1710738360000.0,3997,1710738360000.0,0.11869333333333343,-0.0014608,1084.548127666667,1084.9845010000001,-400.0,0.01826,1600.0,0.017963266666666665,long_nclose,28.741226666666662,0.026500646613536183,1.0
1710738420000.0,3998,1710738420000.0,0.08902000000000007,-0.0010956,1084.6360520666667,1085.0205054,-300.0,0.01826,1300.0,0.017963266666666665,long_nclose,23.352246666666666,0.0215300299323181,1.0
1710738480000.0,3999,1710738480000.0,0.059346666666666714,-0.0007304,1084.6946683333333,1085.037575,-200.0,0.01826,1100.0,0.017963266666666665,long_nclose,19.75959333333333,0.018216733160212314,1.0
1710738540000.0,4000,1710738540000.0,0.08334666666666712,-0.0007352000000000001,1084.7772797999999,1085.2324397999998,-200.0,0.01838,900.0,0.017963266666666665,long_nclose,16.166939999999997,0.014903464795078205,1.0
1710738600000.0,4001,1710738600000.0,0.16102000000000027,-0.00111,1084.9371898,1085.2730298,-300.0,0.0185,600.0,0.017963266666666665,long_nclose,10.777959999999998,0.009934178772124895,1.0
1710738720000.0,4003,1710738720000.0,0.10734666666666684,-0.00074,1085.0437964666667,1085.2864898,-200.0,0.0185,400.0,0.017963266666666665,long_nclose,7.185306666666666,0.006622135152576215,2.0
1710738780000.0,4004,1710738780000.0,0.13134666666666725,-0.0007448000000000001,1085.1743983333333,1085.287145,-200.0,0.01862,200.0,0.017963266666666665,long_nclose,3.592653333333333,0.003310669085864092,1.0
1710738900000.0,4006,1710738900000.0,0.05367333333333342,-0.00037,1085.2277016666667,1085.277075,-100.0,0.0185,100.0,0.017963266666666665,long_nclose,1.7963266666666664,0.001655253237553659,2.0
1710738960000.0,4007,1710738960000.0,0.05367333333333342,-0.00037,1085.281005,1085.281005,-100.0,0.0185,0.0,0.017963266666666665,long_nclose,0.0,0.0,1.0
1710741840000.0,4055,1710741840000.0,0.0,-0.0108144,1085.2701906,1085.1201906,3000.0,0.018024,3000.0,0.018024,long_ientry_normal,54.071999999999996,0.04982353746407231,48.0
1710744780000.0,4104,1710744780000.0,0.0,-0.0173961,1085.2527945,1082.2728945,5100.0,0.017055,8100.0,0.01741388888888889,long_rentry,141.0525,0.1299720219241509,49.0
1710746100000.0,4126,1710746100000.0,0.0,-0.044800320000000005,1085.20799418,1074.2987941800002,13800.0,0.016232,21900.0,0.016669136986301368,long_rentry,365.05409999999995,0.33639090566766466,22.0
1710750420000.0,4198,1710750420000.0,0.0,-0.1439252,1085.06406898,1054.89826898,48200.0,0.01493,70100.0,0.015473325249643368,long_rentry,1084.6801,0.9996461324349621,72.0
1710750660000.0,4202,1710750660000.0,1.7594271041369305,-0.036250000000000004,1086.7872460841368,1099.2872189799998,-11600.0,0.015625,58500.0,0.015473325249643368,long_nclose,905.189527104137,0.8329040760881906,4.0
1710750660000.0,4202,1710750660000.0,2.9658271041369297,-0.03649128,1089.7165819082736,1099.7379276999995,-11600.0,0.015729,46900.0,0.015473325249643368,long_nclose,725.698954208274,0.6659520156492942,0.0
1710750720000.0,4203,1710750720000.0,2.3777751783166763,-0.02925594,1092.0651011465902,1101.5280717599996,-9300.0,0.015729,37600.0,0.015473325249643368,long_nclose,581.7970293865907,0.5327494018220575,1.0
1710750780000.0,4204,1710750780000.0,1.917560627674739,-0.0235935,1093.9590682742648,1103.4608782599994,-7500.0,0.015729,30100.0,0.015473325249643368,long_nclose,465.7470900142654,0.4257445305965494,1.0
1710750780000.0,4204,1710750780000.0,2.6900606276747308,-0.023748000000000002,1096.6253809019395,1103.7596302599993,-7500.0,0.015832,22600.0,0.015473325249643368,long_nclose,349.69715064194014,0.31888478666645975,0.0
1710750900000.0,4206,1710750900000.0,1.1505363766048433,-0.014156100000000001,1097.7617611785442,1104.5252741599993,-4500.0,0.015729,18100.0,0.015473325249643368,long_nclose,280.067187018545,0.25512565378290103,2.0
1710750900000.0,4206,1710750900000.0,1.6140363766048387,-0.0142488,1099.3615487551492,1104.4435253599995,-4500.0,0.015832,13600.0,0.015473325249643368,long_nclose,210.4372233951498,0.19141766749386155,0.0
1710751020000.0,4208,1710751020000.0,0.690321825962906,-0.00849366,1100.043376921112,1102.3833316999992,-2700.0,0.015729,10900.0,0.015473325249643368,long_nclose,168.6592452211127,0.15332054058919883,2.0
1710751140000.0,4210,1710751140000.0,0.5369169757489269,-0.0066061800000000006,1100.5736877168608,1103.7388255199992,-2100.0,0.015729,8800.0,0.015473325249643368,long_nclose,136.16526219686165,0.12372207669196268,2.0
1710751140000.0,4210,1710751140000.0,0.7532169757489247,-0.00664944,1101.3202552526097,1103.7300760799992,-2100.0,0.015832,6700.0,0.015473325249643368,long_nclose,103.67127917261057,0.09413363522387182,0.0
1710751320000.0,4213,1710751320000.0,0.33237717546362144,-0.00408954,1101.6485428880733,1102.5701865399992,-1300.0,0.015729,5400.0,0.015473325249643368,long_nclose,83.55595634807419,0.07584629134898553,3.0
1710751440000.0,4215,1710751440000.0,0.2556747503566319,-0.0031458,1101.9010718384297,1103.052440739999,-1000.0,0.015729,4400.0,0.015473325249643368,long_nclose,68.08263109843082,0.06178651862534324,2.0
1710751560000.0,4217,1710751560000.0,0.10617232524964236,-0.0021875,1102.0050566636794,1102.0778532399988,-700.0,0.015625,3700.0,0.015473325249643368,long_nclose,57.25130342368046,0.05195194257729524,2.0
1710751800000.0,4221,1710751800000.0,0.09100485021397917,-0.0018750000000000001,1102.0941865138934,1102.576778239999,-600.0,0.015625,3100.0,0.015473325249643368,long_nclose,47.96730827389444,0.04352378304945332,4.0
1710751920000.0,4223,1710751920000.0,0.15340485021397912,-0.0018874800000000002,1102.2457038841073,1102.839890759999,-600.0,0.015729,2500.0,0.015473325249643368,long_nclose,38.68331312410842,0.0350950001327251,2.0
1710751980000.0,4224,1710751980000.0,0.0,-0.0031422,1102.2425616841074,1103.263748559999,1000.0,0.015711,3500.0,0.015541232321173833,long_ientry_partial,54.394313124108415,0.049348768605886335,1.0
1710751980000.0,4224,1710751980000.0,0.09388383941308365,-0.0015729,1102.3348726235206,1103.210175659999,-500.0,0.015729,3000.0,0.015541232321173833,long_nclose,46.623696963521496,0.042295402351336886,0.0
1710751980000.0,4224,1710751980000.0,0.1453838394130831,-0.0015831999999999999,1102.4786732629339,1103.2080924599993,-500.0,0.015832,2500.0,0.015541232321173833,long_nclose,38.853080802934585,0.03524157132939694,0.0
1710751980000.0,4224,1710751980000.0,0.19738383941308307,-0.0015936,1102.674463502347,1103.2579988599994,-500.0,0.015936,2000.0,0.015541232321173833,long_nclose,31.082464642347666,0.028188251085114125,0.0
1710752040000.0,4225,1710752040000.0,0.0,-0.0047499000000000005,1102.669713602347,1103.2217489599993,1500.0,0.015833,3500.0,0.015666275612099333,long_ientry_partial,54.831964642347664,0.0497265536234013,1.0
1710752160000.0,4227,1710752160000.0,0.07686219395033368,-0.001582,1102.7449937962972,1103.1791669599993,-500.0,0.01582,3000.0,0.015666275612099333,long_nclose,46.998826836298,0.04261985055538577,2.0
1710752220000.0,4228,1710752220000.0,0.07686219395033368,-0.001582,1102.8202739902474,1102.954584959999,-500.0,0.01582,2500.0,0.015666275612099333,long_nclose,39.16568903024833,0.03551411771615171,1.0
1710752280000.0,4229,1710752280000.0,0.0,-0.003144,1102.8171299902474,1102.9164409599991,1000.0,0.01572,3500.0,0.01568162543721381,long_ientry_partial,54.88568903024834,0.049768622138408124,1.0
1710752340000.0,4230,1710752340000.0,0.07718728139309398,-0.0015836,1102.8927336716404,1103.3018573599988,-500.0,0.015836,3000.0,0.01568162543721381,long_nclose,47.04487631164143,0.04265589469886553,1.0
1710752880000.0,4239,1710752880000.0,0.0,-0.015156180000000002,1102.8775774916403,1097.8420011799988,5100.0,0.014859,8100.0,0.015163676087856966,long_rentry,122.82577631164142,0.11136845903694367,9.0
1710753000000.0,4241,1710753000000.0,0.0,-0.03914784,1102.8384296516404,1094.399353339999,13800.0,0.014184,21900.0,0.014546345950303262,long_rentry,318.56497631164143,0.2888591544749382,2.0
1710753600000.0,4251,1710753600000.0,0.5135545789082596,-0.010576080000000002,1103.3414081505487,1105.659177259999,-3600.0,0.014689,18300.0,0.014546345950303262,long_nclose,266.1981308905497,0.24126542240153784,10.0
1710754980000.0,4274,1710754980000.0,0.0,-0.16750526000000002,1103.1739028905486,1088.500071999999,63100.0,0.013273,81400.0,0.013559268192758595,long_rentry,1103.7244308905497,1.0004990400865708,23.0
1710755100000.0,4276,1710755100000.0,1.8053793977589736,-0.0369711,1104.9423111883075,1115.5165008999988,-13500.0,0.013693,67900.0,0.013559268192758595,long_nclose,920.6743102883086,0.8332329217243674,2.0
1710755100000.0,4276,1710755100000.0,3.020379397758971,-0.03721410000000001,1107.9254764860664,1116.3972867999987,-13500.0,0.013783,54400.0,0.013559268192758595,long_nclose,737.6241896860676,0.6657705823549984,0.0
1710755160000.0,4277,1710755160000.0,2.416303518207177,-0.029771280000000004,1110.3120087242735,1112.7419155199987,-10800.0,0.013783,43600.0,0.013559268192758595,long_nclose,591.1840932042747,0.532448616748308,1.0
1710755220000.0,4278,1710755220000.0,0.9628690121381192,-0.019717920000000003,1111.2551598164116,1100.9805975999989,-7200.0,0.013693,36400.0,0.013559268192758595,long_nclose,493.55736221641286,0.444144045457528,1.0
1710755880000.0,4289,1710755880000.0,0.8023908434484327,-0.0164316,1112.04111905986,1115.7113659999986,-6000.0,0.013693,30400.0,0.013559268192758595,long_nclose,412.2017530598613,0.370671323204617,11.0
1710755940000.0,4290,1710755940000.0,0.6686590362070273,-0.013693000000000002,1112.6960850960668,1114.2386729999985,-5000.0,0.013693,25400.0,0.013559268192758595,long_nclose,344.4054120960683,0.30952334308458845,1.0
1710756000000.0,4291,1710756000000.0,0.5616735904139029,-0.011502120000000001,1113.2462565664807,1118.8373708799986,-4200.0,0.013693,21200.0,0.013559268192758595,long_nclose,287.4564856864822,0.25821464387678894,1.0
1710756000000.0,4291,1710756000000.0,0.9396735904139021,-0.011577720000000001,1114.1743524368944,1118.6577931599984,-4200.0,0.013783,17000.0,0.013559268192758595,long_nclose,230.5075592768961,0.20688643458067016,0.0
1710756060000.0,4292,1710756060000.0,1.321873590413898,-0.01165416,1115.4845718673082,1119.2315389999983,-4200.0,0.013874,12800.0,0.013559268192758595,long_nclose,173.55863286731002,0.15559034812715955,1.0
1710756120000.0,4293,1710756120000.0,1.0071417831724938,-0.008879360000000001,1116.4828342904807,1118.9282596399983,-3200.0,0.013874,9600.0,0.013559268192758595,long_nclose,130.1689746504825,0.11658842451725131,1.0
1710756180000.0,4294,1710756180000.0,0.7553563373793704,-0.0066595199999999995,1117.23153110786,1118.8424001199983,-2400.0,0.013874,7200.0,0.013559268192758595,long_nclose,97.62673098786188,0.08738272083231848,1.0
1710756240000.0,4295,1710756240000.0,0.31322453013796736,-0.00385924,1117.5408963979978,1114.998940879998,-1400.0,0.013783,5800.0,0.013559268192758595,long_nclose,78.64375551799985,0.07037214993337648,1.0
1710756300000.0,4296,1710756300000.0,0.0,-0.025306380000000003,1117.5155900179977,1114.0064344999978,9900.0,0.012781,15700.0,0.013068513090318461,long_rentry,205.17565551799984,0.18359981493832714,1.0
1710756900000.0,4306,1710756900000.0,0.3340659651720014,-0.006862440000000001,1117.8427935431696,1119.0150720599977,-2600.0,0.013197,13100.0,0.013068513090318461,long_nclose,171.19752148317184,0.1531499084415401,10.0
1710756960000.0,4307,1710756960000.0,0.2698225103312319,-0.00554274,1118.107073313501,1121.3684293199979,-2100.0,0.013197,11000.0,0.013068513090318461,long_nclose,143.75364399350306,0.1285687636046254,1.0
1710756960000.0,4307,1710756960000.0,0.4525225103312325,-0.00557928,1118.5540165438322,1121.192750039998,-2100.0,0.013284,8900.0,0.013068513090318461,long_nclose,116.30976650383431,0.10398225278669547,0.0
1710756960000.0,4307,1710756960000.0,0.6373225103312316,-0.00561624,1119.1857228141632,1121.2018337999978,-2100.0,0.013372,6800.0,0.013068513090318461,long_nclose,88.86588901416553,0.0794022718505688,0.0
1710757020000.0,4308,1710757020000.0,0.5159277464586159,-0.00454648,1119.6971040806218,1122.0608873199976,-1700.0,0.013372,5100.0,0.013068513090318461,long_nclose,66.64941676062415,0.059524505795118296,1.0
1710757020000.0,4308,1710757020000.0,0.6638277464586164,-0.004576060000000001,1120.3563557670802,1121.9322112599975,-1700.0,0.013459,3400.0,0.013068513090318461,long_nclose,44.432944507082766,0.03965965317942132,0.0
1710757020000.0,4308,1710757020000.0,0.8134277464586157,-0.004605980000000001,1121.165177533539,1121.9531052799975,-1700.0,0.013547,1700.0,0.013068513090318461,long_nclose,22.216472253541383,0.01981552111921242,0.0
1710757080000.0,4309,1710757080000.0,0.0,-0.006495360000000001,1121.158682173539,1123.2094099199978,2400.0,0.013532,4100.0,0.013339822500863751,long_ientry_partial,54.69327225354138,0.04878281114276351,1.0
1710757080000.0,4309,1710757080000.0,0.16574199930899924,-0.00216752,1121.322256652848,1122.9728423999975,-800.0,0.013547,3300.0,0.013339822500863751,long_nclose,44.02141425285038,0.03925848612356496,0.0
1710757080000.0,4309,1710757080000.0,0.2647597492226244,-0.00245412,1121.5845622820705,1122.7849882799974,-900.0,0.013634,2400.0,0.013339822500863751,long_nclose,32.015574002073,0.028544948886360756,0.0
1710757140000.0,4310,1710757140000.0,0.0,-0.0047056,1121.5798566820704,1122.9770826799975,1700.0,0.01384,4100.0,0.013547213171237318,long_ientry_partial,55.54357400207301,0.049522620855893026,1.0
1710757140000.0,4310,1710757140000.0,0.8874883890304373,-0.006680160000000001,1122.4606649111008,1123.0400025199974,-2400.0,0.013917,1700.0,0.013547213171237318,long_nclose,23.03026239110344,0.020517656530019645,0.0
1710757200000.0,4311,1710757200000.0,0.0,-0.00638848,1122.4542764311009,1122.5816140399975,2300.0,0.013888,4000.0,0.013743165597775858,long_ientry_partial,54.972662391103434,0.04897541356062337,1.0
1710757200000.0,4311,1710757200000.0,0.10441720111207131,-0.0013952000000000003,1122.557298432213,1122.6687188399974,-500.0,0.013952,3500.0,0.013743165597775858,long_nclose,48.101079592215505,0.04284955401331805,0.0
1710757200000.0,4311,1710757200000.0,0.14991720111207085,-0.0014043,1122.7058113333248,1122.8013145399973,-500.0,0.014043,3000.0,0.013743165597775858,long_nclose,41.22949679332758,0.036723330704384126,0.0
1710757200000.0,4311,1710757200000.0,0.272884081556899,-0.0019786200000000004,1122.9767167948817,1123.049935919997,-700.0,0.014133,2300.0,0.013743165597775858,long_nclose,31.609280874884472,0.02814776157167477,0.0
1710757260000.0,4312,1710757260000.0,0.0,-0.004959000000000001,1122.9717577948816,1124.213476919997,1800.0,0.013775,4100.0,0.013757141676801091,long_ientry_partial,56.40428087488448,0.05022769315734395,1.0
1710757260000.0,4312,1710757260000.0,0.0362574969596725,-0.00083268,1123.0071826118412,1124.158044239997,-300.0,0.013878,3800.0,0.013757141676801091,long_nclose,52.277138371844146,0.04655102761699195,0.0
1710757260000.0,4312,1710757260000.0,0.06385749695967252,-0.0008382,1123.0702019088008,1124.130206039997,-300.0,0.01397,3500.0,0.013757141676801091,long_nclose,48.14999586880382,0.04287354057383659,0.0
1710757260000.0,4312,1710757260000.0,0.09145749695967254,-0.0008437200000000001,1123.1608156857606,1124.129962319997,-300.0,0.014062,3200.0,0.013757141676801091,long_nclose,44.022853365763496,0.03919550321819656,0.0
1710757320000.0,4313,1710757320000.0,0.2550866585591269,-0.00225216,1123.4136501843197,1124.481310159997,-800.0,0.014076,2400.0,0.013757141676801091,long_nclose,33.01714002432262,0.029390011434261513,1.0
1710757320000.0,4313,1710757320000.0,0.32868665855912693,-0.00226688,1123.7400699628788,1124.451843279997,-800.0,0.014168,1600.0,0.013757141676801091,long_nclose,22.011426682881748,0.019587649556368374,0.0
1710757320000.0,4313,1710757320000.0,0.402286658559127,-0.0022816,1124.140075021438,1124.495961679997,-800.0,0.01426,800.0,0.013757141676801091,long_nclose,11.005713341440874,0.009790339821512893,0.0
1710757380000.0,4314,1710757380000.0,0.0,-0.00908928,1124.130985741438,1125.2348723999971,3200.0,0.014202,4000.0,0.014113028335360218,long_ientry_partial,56.45211334144087,0.05021844790107534,1.0
1710757380000.0,4314,1710757380000.0,0.058788665855912664,-0.0011408,1124.188633607294,1125.182131599997,-400.0,0.01426,3600.0,0.014113028335360218,long_nclose,50.806902007296785,0.04519428545035873,0.0
1710757380000.0,4314,1710757380000.0,0.09558866585591269,-0.00114816,1124.28307411315,1125.1661834399972,-400.0,0.014352,3200.0,0.014113028335360218,long_nclose,45.1616906731527,0.04016932364545012,0.0
1710757500000.0,4316,1710757500000.0,0.13978299878386857,-0.00172152,1124.4211355919338,1124.9774619199973,-600.0,0.014346,2600.0,0.014113028335360218,long_nclose,36.693873671936565,0.032633568073780164,2.0
1710757500000.0,4316,1710757500000.0,0.19678299878386935,-0.0017329200000000002,1124.6161856707176,1125.0441289999972,-600.0,0.014441,2000.0,0.014113028335360218,long_nclose,28.226056670720435,0.02509839092693344,0.0
1710757560000.0,4317,1710757560000.0,0.0,-0.00544426,1124.6107414107175,1125.3779847399971,1900.0,0.014327,3900.0,0.014217270941210367,long_ientry_partial,55.44735667072043,0.04930359868443634,1.0
1710757560000.0,4317,1710757560000.0,0.051491623515852875,-0.0011476799999999999,1124.6610853542334,1125.3496370599971,-400.0,0.014346,3500.0,0.014217270941210367,long_nclose,49.760448294236284,0.04424483868272484,0.0
1710757620000.0,4318,1710757620000.0,0.16431034115274268,-0.00202328,1124.823372415386,1126.141413779997,-700.0,0.014452,2800.0,0.014217270941210367,long_nclose,39.80835863538903,0.03539076410717415,1.0
1710757620000.0,4318,1710757620000.0,0.23081034115274238,-0.00203658,1125.0521461765388,1126.0406771999972,-700.0,0.014547,2100.0,0.014217270941210367,long_nclose,29.85626897654177,0.02653767567841859,0.0
1710757620000.0,4318,1710757620000.0,0.2973103411527433,-0.00204988,1125.3474066376916,1126.006427319997,-700.0,0.014642,1400.0,0.014217270941210367,long_nclose,19.904179317694513,0.017687141944161173,0.0
1710757620000.0,4318,1710757620000.0,0.363810341152743,-0.00206318,1125.7091537988442,1126.038664139997,-700.0,0.014737,700.0,0.014217270941210367,long_nclose,9.952089658847257,0.008840729086427612,0.0
1710757680000.0,4319,1710757680000.0,0.0,-0.009106560000000001,1125.7000472388443,1124.669157579997,3100.0,0.014688,3800.0,0.014601286752328224,long_ientry_partial,55.48488965884725,0.04928923099447539,1.0
1710757920000.0,4323,1710757920000.0,0.0,-0.0179634,1125.6820838388442,1123.766494179997,6500.0,0.013818,10300.0,0.01410697957852886,long_rentry,145.30188965884727,0.1290789750897813,4.0
1710759840000.0,4355,1710759840000.0,0.2363347165009369,-0.00484364,1125.9135749153452,1127.547750539997,-1700.0,0.014246,8600.0,0.01410697957852886,long_nclose,121.3200243753482,0.10775251944579313,32.0
1710759840000.0,4355,1710759840000.0,0.39613471650093746,-0.0048756,1126.304834031846,1127.615974939997,-1700.0,0.01434,6900.0,0.01410697957852886,long_nclose,97.33815909184914,0.08642257064937442,0.0
1710759900000.0,4356,1710759900000.0,0.3029265479124816,-0.0037284,1126.6040321797584,1127.8697465399969,-1300.0,0.01434,5600.0,0.01410697957852886,long_nclose,78.99908563976162,0.07012142987533414,1.0
1710759900000.0,4356,1710759900000.0,0.42512654791248206,-0.0037528400000000008,1127.0254058876708,1127.9972936999966,-1300.0,0.014434,4300.0,0.01410697957852886,long_nclose,60.6600121876741,0.05382310981702928,0.0
1710759900000.0,4356,1710759900000.0,0.5486265479124816,-0.00377754,1127.5702548955833,1128.2483161599966,-1300.0,0.014529,3000.0,0.01410697957852886,long_nclose,42.32093873558658,0.037532861967439574,0.0
1710759960000.0,4357,1710759960000.0,0.0,-0.00257994,1127.5676749555832,1128.5421362199966,900.0,0.014333,3900.0,0.014159138137329894,long_ientry_partial,55.22063873558658,0.04897323678400218,1.0
1710759960000.0,4357,1710759960000.0,0.10851711760206384,-0.0017208000000000002,1127.6744712731854,1128.4990154199968,-600.0,0.01434,3300.0,0.014159138137329894,long_nclose,46.72515585318865,0.04143496819648161,0.0
1710759960000.0,4357,1710759960000.0,0.16491711760206404,-0.0017320800000000002,1127.8376563107875,1128.5122833399967,-600.0,0.014434,2700.0,0.014159138137329894,long_nclose,38.229672970790716,0.033896432484655514,0.0
1710760020000.0,4358,1710760020000.0,0.0,-0.0034581600000000005,1127.8341981507874,1129.2576251799967,1200.0,0.014409,3900.0,0.014236018710459156,long_ientry_partial,55.520472970790706,0.04922751328326703,1.0
1710760020000.0,4358,1710760020000.0,0.15118877372450568,-0.00173856,1127.983648364512,1129.1880866199967,-600.0,0.014488,3300.0,0.014236018710459156,long_nclose,46.978861744515214,0.04164853082101934,0.0
1710760020000.0,4358,1710760020000.0,0.20758877372450585,-0.0017498400000000001,1128.1894872982364,1129.1749367799966,-600.0,0.014582,2700.0,0.014236018710459156,long_nclose,38.43725051823972,0.03406985346964047,0.0
1710760080000.0,4359,1710760080000.0,0.0,-0.00350424,1128.1859830582364,1128.7697325399968,1200.0,0.014601,3900.0,0.014348320645702493,long_ientry_partial,55.95845051823972,0.04960037738330168,1.0
1710760200000.0,4361,1710760200000.0,0.08440761257850447,-0.0017386800000000003,1128.268651990815,1129.0628938599968,-600.0,0.014489,3300.0,0.014348320645702493,long_nclose,47.34945813081823,0.04196647495901862,2.0
1710760200000.0,4361,1710760200000.0,0.14200761257850483,-0.0017502000000000004,1128.4089094033934,1129.0587436599967,-600.0,0.014585,2700.0,0.014348320645702493,long_nclose,38.74046574339673,0.034331938910230154,0.0
1710760260000.0,4362,1710760260000.0,0.0,-0.00350136,1128.4054080433934,1129.8196422999968,1200.0,0.014589,3900.0,0.014422375831640188,long_ientry_partial,56.24726574339674,0.049846682178639225,1.0
1710760260000.0,4362,1710760260000.0,0.1551745010158867,-0.00176172,1128.5588208244092,1129.7554805799966,-600.0,0.014681,3300.0,0.014422375831640188,long_nclose,47.59384024441262,0.042172228302327606,0.0
1710760260000.0,4362,1710760260000.0,0.21277450101588707,-0.0017732400000000004,1128.7698220854252,1129.7489073399968,-600.0,0.014777,2700.0,0.014422375831640188,long_nclose,38.94041474542851,0.034498100483839396,0.0
1710760320000.0,4363,1710760320000.0,0.0,-0.0032527000000000003,1128.766569385425,1129.1718546399966,1100.0,0.014785,3800.0,0.014527345985639081,long_ientry_partial,55.203914745428506,0.04890640478082652,1.0
1710760620000.0,4368,1710760620000.0,0.08559240861655167,-0.0017604,1128.8504013940417,1129.1724942399967,-600.0,0.01467,3200.0,0.014527345985639081,long_nclose,46.48750715404506,0.04118128238838081,5.0
1710760680000.0,4369,1710760680000.0,0.07132700718045973,-0.001467,1128.9202614012222,1129.1461272399968,-500.0,0.01467,2700.0,0.014527345985639081,long_nclose,39.22383416122552,0.03474455681443849,1.0
1710760740000.0,4370,1710760740000.0,0.0,-0.0035066400000000005,1128.9167547612221,1129.2986205999966,1200.0,0.014611,3900.0,0.014553085682365519,long_ientry_partial,56.75703416122552,0.0502756593184147,1.0
1710760740000.0,4370,1710760740000.0,0.046765727053792866,-0.0011736000000000001,1128.962346888276,1129.3050469999966,-400.0,0.01467,3500.0,0.014553085682365519,long_nclose,50.93579988827931,0.04511735934211808,0.0
1710760800000.0,4371,1710760800000.0,0.07145715881724107,-0.0014696000000000002,1129.0323344470933,1129.0050773999967,-500.0,0.014696,3000.0,0.014553085682365519,long_nclose,43.65925704709655,0.03866962505416397,1.0
1710760860000.0,4372,1710760860000.0,0.0,-0.00261792,1129.0297165270933,1128.8269594799967,900.0,0.014544,3900.0,0.014550988986435014,long_ientry_partial,56.74885704709656,0.05026338653127449,1.0
1710761040000.0,4375,1710761040000.0,0.08580660813899167,-0.00176328,1129.1137598552323,1129.2292961999967,-600.0,0.014694,3300.0,0.014550988986435014,long_nclose,48.01826365523555,0.04252739215700652,3.0
1710761220000.0,4378,1710761220000.0,0.07150550678249307,-0.0014694,1129.1837959620148,1129.9818267999967,-500.0,0.014694,2800.0,0.014550988986435014,long_nclose,40.74276916201804,0.0360816098386419,3.0
1710761220000.0,4378,1710761220000.0,0.120005506782493,-0.0014791000000000001,1129.3023223687971,1129.9578476999966,-500.0,0.014791,2300.0,0.014550988986435014,long_nclose,33.467274668800535,0.02963535450684312,0.0
1710761220000.0,4378,1710761220000.0,0.16900550678249254,-0.0014889,1129.4698389755797,1129.9828587999966,-500.0,0.014889,1800.0,0.014550988986435014,long_nclose,26.191780175583027,0.023189446297511376,0.0
1710761280000.0,4379,1710761280000.0,0.0,-0.0059344,1129.4639045755798,1129.7793243999968,2000.0,0.014836,3800.0,0.014700994783048165,long_ientry_partial,55.863780175583024,0.049460438664106786,1.0
1710761280000.0,4379,1710761280000.0,0.0752020867807339,-0.00119112,1129.5379155423607,1129.820133279997,-400.0,0.014889,3400.0,0.014700994783048165,long_nclose,49.98338226236376,0.044251177029647266,0.0
1710761340000.0,4380,1710761340000.0,0.07250260847591755,-0.0014846,1129.6089335508366,1129.9453486799969,-500.0,0.014846,2900.0,0.014700994783048165,long_nclose,42.632884870839675,0.03774127806941697,1.0
1710761400000.0,4381,1710761400000.0,0.0,-0.00266706,1129.6062664908366,1128.859681619997,900.0,0.014817,3800.0,0.014728469702852548,long_ientry_partial,55.968184870839686,0.0495466310086141,1.0
1710762420000.0,4398,1710762420000.0,0.0,-0.018119400000000004,1129.5881470908366,1126.265062219997,6500.0,0.013938,10300.0,0.01422962959911065,long_rentry,146.5651848708397,0.1297509939780322,17.0
1710763260000.0,4412,1710763260000.0,0.0,-0.04668928,1129.5414578108366,1123.501472939997,17600.0,0.013264,27900.0,0.01362048691293332,long_rentry,380.0115848708396,0.3364299576992417,14.0
1710763800000.0,4421,1710763800000.0,0.6141602005067294,-0.01265368,1130.1429643313434,1131.203419259997,-4600.0,0.013754,23300.0,0.01362048691293332,long_nclose,317.35734507134634,0.28081168054619793,9.0
1710763860000.0,4422,1710763860000.0,0.5073497308533851,-0.01045304,1130.6398610221968,1134.471866219997,-3800.0,0.013754,19500.0,0.01362048691293332,long_nclose,265.59949480219973,0.23491078278637256,1.0
1710763860000.0,4422,1710763860000.0,0.8569497308533853,-0.010522960000000001,1131.4862877930502,1134.571543259997,-3800.0,0.013846,15700.0,0.01362048691293332,long_nclose,213.84164453305314,0.18899181266274873,0.0
1710764400000.0,4431,1710764400000.0,0.34713402637336876,-0.007152080000000001,1131.8262697394237,1134.0206911799971,-2600.0,0.013754,13100.0,0.01362048691293332,long_nclose,178.4283785594265,0.15764643685157215,9.0
1710764460000.0,4432,1710764460000.0,0.586334026373369,-0.00719992,1132.405403845797,1134.2587912599972,-2600.0,0.013846,10500.0,0.01362048691293332,long_nclose,143.01511258579987,0.12629320921650658,1.0
1710764580000.0,4434,1710764580000.0,0.2269722480133565,-0.004676360000000001,1132.6276997338105,1133.6178148999973,-1700.0,0.013754,8800.0,0.01362048691293332,long_nclose,119.86028483381322,0.10582496336791226,2.0
1710764640000.0,4435,1710764640000.0,0.1869183218933524,-0.0038511200000000004,1132.8107669357037,1134.124363779997,-1400.0,0.013754,7400.0,0.01362048691293332,long_nclose,100.79160315570657,0.0889747926993594,1.0
1710764700000.0,4436,1710764700000.0,0.31571832189335247,-0.00387688,1133.122608377597,1134.763686899997,-1400.0,0.013846,6000.0,0.01362048691293332,long_nclose,81.72292147759993,0.07212187001953006,1.0
1710764760000.0,4437,1710764760000.0,0.47476963060001914,-0.0041811,1133.5931969081971,1135.4000057999972,-1500.0,0.013937,4500.0,0.01362048691293332,long_nclose,61.292191108199944,0.05406894755135305,1.0
1710764760000.0,4437,1710764760000.0,0.6112696306000204,-0.0042084,1134.2002581387972,1135.4047973999973,-1500.0,0.014028,3000.0,0.01362048691293332,long_nclose,40.86146073879996,0.03602667204983087,0.0
1710764820000.0,4438,1710764820000.0,0.0,-0.0028044000000000003,1134.197453738797,1135.841992999997,1000.0,0.014022,4000.0,0.01372086518469999,long_ientry_partial,54.88346073879996,0.04838968784304773,1.0
1710764820000.0,4438,1710764820000.0,0.30713481530001036,-0.0028056,1134.501782954097,1135.7351873999971,-1000.0,0.014028,3000.0,0.01372086518469999,long_nclose,41.16259555409997,0.03628253051036893,0.0
1710764820000.0,4438,1710764820000.0,0.39813481530000944,-0.0028238,1134.897093969397,1135.719363599997,-1000.0,0.014119,2000.0,0.01372086518469999,long_nclose,27.44173036939998,0.02417992830823123,0.0
1710764880000.0,4439,1710764880000.0,0.0,-0.0056528,1134.891441169397,1135.269710799997,2000.0,0.014132,4000.0,0.013926432592349994,long_ientry_partial,55.70573036939998,0.049084633427141325,1.0
1710764940000.0,4440,1710764940000.0,0.08194044459000384,-0.0016875600000000003,1134.971694053987,1135.313623239997,-600.0,0.014063,3400.0,0.013926432592349994,long_nclose,47.34987081398998,0.041718988290238096,1.0
1710765420000.0,4448,1710765420000.0,0.0682837038250032,-0.0014063,1135.038571457812,1135.295416939997,-500.0,0.014063,2900.0,0.013926432592349994,long_nclose,40.38665451781498,0.035581746324218295,8.0
1710765480000.0,4449,1710765480000.0,0.0,-0.0030833,1135.0354881578119,1135.1443336399968,1100.0,0.014015,4000.0,0.013950788629453745,long_ientry_partial,55.80315451781498,0.049164237682457625,1.0
1710767220000.0,4478,1710767220000.0,0.0,-0.01795608,1135.017532077812,1132.0911775599968,6800.0,0.013203,10800.0,0.013479958751649534,long_rentry,145.58355451781497,0.1282654676278907,29.0
1710767640000.0,4485,1710767640000.0,0.0,-0.046253920000000004,1134.9712781578119,1125.2205236399968,18400.0,0.012569,29200.0,0.012905929949240239,long_rentry,376.85315451781497,0.3320376134359019,7.0
1710768720000.0,4503,1710768720000.0,0.6099362436468525,-0.01251168,1135.5687027214587,1140.3040119599968,-4800.0,0.013033,24400.0,0.012905929949240239,long_nclose,314.90469076146184,0.27731011783503173,18.0
1710768780000.0,4504,1710768780000.0,1.0227362436468574,-0.012594240000000001,1136.5788447251057,1140.735417719997,-4800.0,0.013119,19600.0,0.012905929949240239,long_nclose,252.95622700510867,0.22255933073106685,1.0
1710768900000.0,4506,1710768900000.0,0.406624162431235,-0.00834112,1136.9771277675368,1138.5362765999969,-3200.0,0.013033,16400.0,0.012905929949240239,long_nclose,211.65725116753993,0.18615787951964394,2.0
1710768960000.0,4507,1710768960000.0,0.3430891370513545,-0.007037819999999999,1137.313179084588,1138.8348387799967,-2700.0,0.013033,13700.0,0.012905929949240239,long_nclose,176.81124030459128,0.1554639861352041,1.0
1710769020000.0,4508,1710769020000.0,0.27955411167147404,-0.00573452,1137.5869986762596,1138.8988042599967,-2200.0,0.013033,11500.0,0.012905929949240239,long_nclose,148.41819441626274,0.1304675550871871,1.0
1710769080000.0,4509,1710769080000.0,0.24143309644354577,-0.00495254,1137.8234792327032,1138.227351719997,-1900.0,0.013033,9600.0,0.012905929949240239,long_nclose,123.89692751270628,0.1088894101537233,1.0
1710769140000.0,4510,1710769140000.0,0.2033120812156175,-0.00417056,1138.022620753919,1137.983181159997,-1600.0,0.013033,8000.0,0.012905929949240239,long_nclose,103.24743959392191,0.090725296414163,1.0
1710769260000.0,4512,1710769260000.0,0.16519106598768923,-0.00338858,1138.1844232399067,1139.008992579997,-1300.0,0.013033,6700.0,0.012905929949240239,long_nclose,86.4697306599096,0.07597163420473511,2.0
1710769320000.0,4513,1710769320000.0,0.13977705583573702,-0.00286726,1138.3213330357426,1138.1873253199972,-1100.0,0.013033,5600.0,0.012905929949240239,long_nclose,72.27320771574533,0.06349104213219203,1.0
1710769740000.0,4520,1710769740000.0,0.11436304568378484,-0.00234594,1138.4333501414264,1139.0023793799974,-900.0,0.013033,4700.0,0.012905929949240239,long_nclose,60.65787076142912,0.05328188141527447,7.0
1710769800000.0,4521,1710769800000.0,0.08894903553183266,-0.0018246199999999999,1138.5204745569583,1139.7327547599973,-700.0,0.013033,4000.0,0.012905929949240239,long_nclose,51.623719796960955,0.045342811965722186,1.0
1710769800000.0,4521,1710769800000.0,0.14914903553183337,-0.0018366600000000004,1138.6677869324901,1139.6679180999972,-700.0,0.013119,3300.0,0.012905929949240239,long_nclose,42.58956883249279,0.03740298032600606,0.0
1710769800000.0,4521,1710769800000.0,0.21004903553183354,-0.0018488400000000002,1138.875987128022,1139.6639692599974,-700.0,0.013206,2600.0,0.012905929949240239,long_nclose,33.55541786802462,0.02946362751281069,0.0
1710769860000.0,4522,1710769860000.0,0.0,-0.004491060000000001,1138.871496068022,1139.1563781999973,1700.0,0.013209,4300.0,0.013025748341401074,long_ientry_partial,56.01071786802462,0.04918089359633884,1.0
1710770640000.0,4535,1710770640000.0,0.08977616101924854,-0.0018415600000000001,1138.9594306690412,1139.7271366399973,-700.0,0.013154,3600.0,0.013025748341401074,long_nclose,46.89269402904387,0.04117152267793983,13.0
1710770640000.0,4535,1710770640000.0,0.15067616101924752,-0.00185374,1139.1082530900605,1139.7266828999975,-700.0,0.013241,2900.0,0.013025748341401074,long_nclose,37.77467019006311,0.03316161575301708,0.0
1710770700000.0,4536,1710770700000.0,0.0,-0.0037069200000000003,1139.1045461700605,1139.3058759799974,1400.0,0.013239,4300.0,0.013095179113968167,long_ientry_partial,56.30927019006312,0.04943292551977624,1.0
1710771300000.0,4546,1710771300000.0,0.09017462022228306,-0.00185136,1139.1928694302828,1139.8510246199974,-700.0,0.013224,3600.0,0.013095179113968167,long_nclose,47.1426448102854,0.04138249639313641,10.0
1710771300000.0,4546,1710771300000.0,0.15177462022228275,-0.0018636799999999997,1139.3427803705051,1139.8729609399975,-700.0,0.013312,2900.0,0.013095179113968167,long_nclose,37.976019430507684,0.03333151364522465,0.0
1710771360000.0,4547,1710771360000.0,0.0,-0.0037178399999999996,1139.339062530505,1139.6026430999975,1400.0,0.013278,4300.0,0.013154702193141321,long_ientry_partial,56.56521943050768,0.04964739759284184,1.0
1710771960000.0,4557,1710771960000.0,0.0905084648010755,-0.00185976,1139.4277112353063,1139.6519833399975,-700.0,0.013284,3600.0,0.013154702193141321,long_nclose,47.35692789530876,0.041562029278686685,10.0
1710772020000.0,4558,1710772020000.0,0.07757868411520756,-0.00159408,1139.5036958394217,1139.4355892599976,-600.0,0.013284,3000.0,0.013154702193141321,long_nclose,39.46410657942396,0.03463271485956218,1.0
1710772080000.0,4559,1710772080000.0,0.0,-0.00341432,1139.5002815194216,1139.2300749399976,1300.0,0.013132,4300.0,0.013147838739400921,long_ientry_partial,56.53570657942396,0.04961447355154547,1.0
1710773760000.0,4587,1710773760000.0,0.0,-0.018165320000000002,1139.4821161994216,1136.2614096199977,7300.0,0.012442,11600.0,0.012703647118915858,long_rentry,147.36230657942394,0.12932393100729803,28.0
1710774000000.0,4591,1710774000000.0,0.23817047405986952,-0.00487502,1139.7154116534814,1141.7267345999976,-1900.0,0.012829,9700.0,0.012703647118915858,long_nclose,123.22537705348383,0.10811942682665875,4.0
1710774000000.0,4591,1710774000000.0,0.39967047405986955,-0.004907320000000001,1140.1101748075412,1141.7275272799975,-1900.0,0.012914,7800.0,0.012703647118915858,long_nclose,99.08844752754369,0.08691129130943029,0.0
1710774060000.0,4592,1710774060000.0,0.3155293216262128,-0.0038742,1140.4218299291674,1142.3077530799976,-1500.0,0.012914,6300.0,0.012703647118915858,long_nclose,80.03297684916991,0.07017839780753832,1.0
1710774060000.0,4592,1710774060000.0,0.4430293216262128,-0.0038997000000000003,1140.8609595507937,1142.2978533799976,-1500.0,0.012999,4800.0,0.012703647118915858,long_nclose,60.97750617079612,0.053448674582401,0.0
1710774060000.0,4592,1710774060000.0,0.5705293216262128,-0.0039252,1141.42756367242,1142.4154281799977,-1500.0,0.013084,3300.0,0.012703647118915858,long_nclose,41.92203549242233,0.0367277230957545,0.0
1710774120000.0,4593,1710774120000.0,0.0,-0.00286066,1141.4247030124202,1142.377367519998,1100.0,0.013003,4400.0,0.012778485339186893,long_ientry_partial,56.22533549242233,0.04925890892674199,1.0
1710774240000.0,4595,1710774240000.0,0.08786026256917528,-0.00180656,1141.5107567149894,1142.1379609599978,-700.0,0.012904,3700.0,0.012778485339186893,long_nclose,47.2803957549915,0.041419141674191334,2.0
1710774240000.0,4595,1710774240000.0,0.14806026256917476,-0.0018186,1141.6569983775587,1142.165542359998,-700.0,0.01299,3000.0,0.012778485339186893,long_nclose,38.33545601756068,0.033578785985668456,0.0
1710774300000.0,4596,1710774300000.0,0.0,-0.0036254399999999997,1141.6533729375587,1141.792316919998,1400.0,0.012948,4400.0,0.012832421822172882,long_ientry_partial,56.46265601756068,0.049456916920657,1.0
1710774300000.0,4596,1710774300000.0,0.09454690669627071,-0.0015588,1141.7463610442549,1141.8663581199978,-600.0,0.01299,3800.0,0.012832421822172882,long_nclose,48.76320292425695,0.042709313196021524,0.0
1710774360000.0,4597,1710774360000.0,0.07594690669627084,-0.0015550800000000001,1141.8207528709513,1141.7234030399982,-600.0,0.012959,3200.0,0.012832421822172882,long_nclose,41.06374983095322,0.03596339419099195,1.0
1710774420000.0,4598,1710774420000.0,0.0,-0.0033285199999999997,1141.8174243509513,1142.075574519998,1300.0,0.012802,4500.0,0.012823633295767382,long_ientry_partial,57.70634983095322,0.050539034175061316,1.0
1710774480000.0,4599,1710774480000.0,0.08845669296283237,-0.001813,1141.904068043914,1142.350061519998,-700.0,0.01295,3800.0,0.012823633295767382,long_nclose,48.729806523916054,0.042674168424139514,1.0
1710774540000.0,4600,1710774540000.0,0.07582002253957061,-0.001554,1141.9783340664537,1142.395507519998,-600.0,0.01295,3200.0,0.012823633295767382,long_nclose,41.035626546455624,0.03593380480375006,1.0
1710774600000.0,4601,1710774600000.0,0.0,-0.00310896,1141.9752251064538,1141.983198559998,1200.0,0.012954,4400.0,0.012859187851467186,long_ientry_partial,56.58042654645562,0.04954610687038438,1.0
1710775020000.0,4608,1710775020000.0,0.08876850397296926,-0.00181804,1142.0621755704267,1142.6719805199982,-700.0,0.012986,3700.0,0.012859187851467186,long_nclose,47.57899505042859,0.041660599631245354,7.0
1710775200000.0,4611,1710775200000.0,0.07608728911968794,-0.00155832,1142.1367045395464,1142.2260221999982,-600.0,0.012986,3100.0,0.012859187851467186,long_nclose,39.86348233954828,0.0349025490391006,3.0
1710775260000.0,4612,1710775260000.0,0.06340607426640663,-0.0012986,1142.1988120138128,1142.523323599998,-500.0,0.012986,2600.0,0.012859187851467186,long_nclose,33.433888413814685,0.02927151390997101,1.0
1710775320000.0,4613,1710775320000.0,0.0,-0.0046742400000000005,1142.1941377738128,1143.3986493599982,1800.0,0.012984,4400.0,0.012910247366776064,long_ientry_partial,56.80508841381468,0.04973330411634779,1.0
1710775320000.0,4613,1710775320000.0,0.03030105328957408,-0.00103888,1142.2233999471025,1143.3184104799982,-400.0,0.012986,4000.0,0.012910247366776064,long_nclose,51.640989467104255,0.045210936380305114,0.0
1710775320000.0,4613,1710775320000.0,0.06470105328957448,-0.00104576,1142.2870552403922,1143.2725647199984,-400.0,0.013072,3600.0,0.012910247366776064,long_nclose,46.47689052039383,0.04068757525280093,0.0
1710775320000.0,4613,1710775320000.0,0.09910105328957419,-0.0010526399999999999,1142.3851036536819,1143.2611120799984,-400.0,0.013158,3200.0,0.012910247366776064,long_nclose,41.312791573683405,0.036163629446456375,0.0
1710775380000.0,4614,1710775380000.0,0.0,-0.00290048,1142.3822031736818,1143.1206115999983,1100.0,0.013184,4300.0,0.012980277110158932,long_ientry_partial,55.81519157368341,0.04885859690270189,1.0
1710775380000.0,4614,1710775380000.0,0.18377831187285365,-0.0021136,1142.5638678855546,1143.1648979999984,-800.0,0.01321,3500.0,0.012980277110158932,long_nclose,45.430969885556266,0.03976230227692346,0.0
1710775440000.0,4615,1710775440000.0,0.15030602288874736,-0.0018473,1142.7123266084434,1143.3975506999984,-700.0,0.013195,2800.0,0.012980277110158932,long_nclose,36.34477590844501,0.03180570915544061,1.0
1710775500000.0,4616,1710775500000.0,0.0,-0.0039675000000000005,1142.7083591084433,1144.0858831999983,1500.0,0.013225,4300.0,0.013065645560103492,long_ientry_partial,56.182275908445014,0.049165892119909925,1.0
1710775500000.0,4616,1710775500000.0,0.1514481079275558,-0.00185948,1142.857947736371,1144.0112237199985,-700.0,0.013282,3600.0,0.013065645560103492,long_nclose,47.036324016372575,0.041156754528886286,0.0
1710775500000.0,4616,1710775500000.0,0.2116481079275553,-0.00187152,1143.0677243242988,1143.9967521999986,-700.0,0.013368,2900.0,0.013065645560103492,long_nclose,37.89037212430013,0.03314796780453079,0.0
1710775500000.0,4616,1710775500000.0,0.2725481079275555,-0.0018837,1143.3383887322263,1144.0431684999987,-700.0,0.013455,2200.0,0.013065645560103492,long_nclose,28.744420232227682,0.02514078116811988,0.0
1710775560000.0,4617,1710775560000.0,0.0,-0.00562212,1143.3327666122264,1144.0547463799987,2100.0,0.013386,4300.0,0.013222097728425041,long_ientry_partial,56.85502023222768,0.04972744759226399,1.0
1710775560000.0,4617,1710775560000.0,0.16373159010247065,-0.0018838400000000001,1143.494614362329,1144.0990625399988,-700.0,0.013456,3600.0,0.013222097728425041,long_nclose,47.59955182233015,0.04162638916220352,0.0
1710775680000.0,4619,1710775680000.0,0.07794136294497489,-0.0016022399999999998,1143.570953485274,1144.446660299999,-600.0,0.013352,3000.0,0.013222097728425041,long_nclose,39.66629318527512,0.03468634199249615,2.0
1710775680000.0,4619,1710775680000.0,0.13134136294497523,-0.0016129200000000001,1143.700681928219,1144.401247379999,-600.0,0.013441,2400.0,0.013222097728425041,long_nclose,31.7330345482201,0.02774592605358937,0.0
1710775680000.0,4619,1710775680000.0,0.18414136294497493,-0.00162348,1143.8831998111639,1144.4086238999987,-600.0,0.013529,1800.0,0.013222097728425041,long_nclose,23.799775911165074,0.02080612418741181,0.0
1710775740000.0,4620,1710775740000.0,0.0,-0.00648672,1143.8767130911638,1144.4945371799986,2400.0,0.013514,4200.0,0.013388899026467874,long_ientry_partial,56.23337591116507,0.04916034679926509,1.0
1710775740000.0,4620,1710775740000.0,0.05604038941285014,-0.0010823200000000001,1143.9316711605766,1144.4906548599986,-400.0,0.013529,3800.0,0.013388899026467874,long_nclose,50.87781630057792,0.0444762721264285,0.0
1710776040000.0,4625,1710776040000.0,0.07926058411927561,-0.0016225200000000001,1144.009309224696,1144.4960323399987,-600.0,0.013521,3200.0,0.013388899026467874,long_nclose,42.844476884697194,0.03745116105194391,5.0
1710776100000.0,4626,1710776100000.0,0.0,-0.0027082,1144.006601024696,1144.6403241399987,1000.0,0.013541,4200.0,0.013425113543975523,long_ientry_partial,56.3854768846972,0.049287719873462504,1.0
1710777420000.0,4648,1710777420000.0,0.0,-0.0182952,1143.988305824696,1142.1152289399988,7200.0,0.012705,11400.0,0.012970304989885717,long_rentry,147.86147688469717,0.12925086395713153,22.0
1710780180000.0,4694,1710780180000.0,0.2426205192171382,-0.00497724,1144.225949103913,1146.2560516999988,-1900.0,0.013098,9500.0,0.012970304989885717,long_nclose,123.21789740391431,0.10768668329923031,46.0
1710780180000.0,4694,1710780180000.0,0.40792051921713873,-0.0050103000000000005,1144.6288593231302,1146.2529413999987,-1900.0,0.013185,7600.0,0.012970304989885717,long_nclose,98.57431792313145,0.0861190220045848,0.0
1710780300000.0,4696,1710780300000.0,0.3220425151714253,-0.0039555,1144.9469463383016,1146.0735858999988,-1500.0,0.013185,6100.0,0.012970304989885717,long_nclose,79.11886043830287,0.06910264330704223,2.0
1710780420000.0,4698,1710780420000.0,0.2576340121371402,-0.0031644000000000004,1145.2014159504386,1145.8418214999986,-1200.0,0.013185,4900.0,0.012970304989885717,long_nclose,63.55449445044001,0.0554963463764967,2.0
1710780900000.0,4706,1710780900000.0,0.0,-0.0205968,1145.1808191504385,1142.6712246999984,8400.0,0.01226,13300.0,0.012521691312063158,long_rentry,166.53849445044,0.14542550107850033,8.0
1710781260000.0,4712,1710781260000.0,0.0,-0.05283198,1145.1279871704385,1136.9615927199984,22700.0,0.011637,36000.0,0.01196384429029,long_rentry,430.69839445044,0.37611376132258983,6.0
1710784020000.0,4758,1710784020000.0,0.0,-0.14289408,1144.9850930904386,1101.9922986399984,67200.0,0.010632,103200.0,0.011096596845450002,long_rentry,1145.1687944504401,1.0001604399577866,46.0
1710784320000.0,4763,1710784320000.0,1.881734258259979,-0.03854864,1146.8282787086985,1152.5389499999983,-17200.0,0.011206,86000.0,0.011096596845450002,long_nclose,954.3073287087002,0.8321274827502751,5.0
1710784500000.0,4766,1710784500000.0,1.5644651100649825,-0.03204916,1148.3606946587634,1159.5748008399983,-14300.0,0.011206,71700.0,0.011096596845450002,long_nclose,795.6259938187651,0.6928363166027607,3.0
1710784500000.0,4766,1710784500000.0,2.622665110064974,-0.0322608,1150.9510989688283,1159.9286400399983,-14300.0,0.01128,57400.0,0.011096596845450002,long_nclose,636.9446589288301,0.553407229463952,0.0
1710784500000.0,4766,1710784500000.0,3.680865110064966,-0.032472440000000005,1154.5994916388934,1161.3404675999984,-14300.0,0.011354,43100.0,0.011096596845450002,long_nclose,478.26332403889506,0.4142244367005786,0.0
1710784560000.0,4767,1710784560000.0,1.5772671291299845,-0.0194016,1156.1573571680233,1162.5192659999982,-8600.0,0.01128,34500.0,0.011096596845450002,long_nclose,382.8325911680251,0.33112498812943886,1.0
1710784680000.0,4769,1710784680000.0,0.623597980934993,-0.01277484,1156.7681803089583,1157.1541911599984,-5700.0,0.011206,28800.0,0.011096596845450002,long_nclose,319.5819891489601,0.27627142117930986,2.0
1710784860000.0,4772,1710784860000.0,0.5251351418399941,-0.010757760000000002,1157.2825576907983,1161.6122333999983,-4800.0,0.011206,24000.0,0.011096596845450002,long_nclose,266.31832429080004,0.23012385568326757,3.0
1710784860000.0,4772,1710784860000.0,0.8803351418399913,-0.0108288,1158.1520640326385,1161.6158045999985,-4800.0,0.01128,19200.0,0.011096596845450002,long_nclose,213.05465943264005,0.18396086839477052,0.0
1710784920000.0,4773,1710784920000.0,0.6969319872899931,-0.0085728,1158.8404232199287,1162.0806317999986,-3800.0,0.01128,15400.0,0.011096596845450002,long_nclose,170.88759141993003,0.14746429965318736,1.0
1710786720000.0,4803,1710786720000.0,0.2735078863749969,-0.005603,1159.1083281063036,1159.4360287999987,-2500.0,0.011206,12900.0,0.011096596845450002,long_nclose,143.14609930630502,0.1234967395499352,30.0
1710786900000.0,4806,1710786900000.0,0.22974662455499742,-0.0047065200000000005,1159.3333682108587,1159.5537222799987,-2100.0,0.011206,10800.0,0.011096596845450002,long_nclose,119.84324593086002,0.10337254944693615,3.0
1710786900000.0,4806,1710786900000.0,0.3851466245549962,-0.0047376,1159.7137772354138,1159.8912846799988,-2100.0,0.01128,8700.0,0.011096596845450002,long_nclose,96.54039255541501,0.08324501652946906,0.0
1710787560000.0,4817,1710787560000.0,0.15316441636999828,-0.0031376800000000003,1159.8638039717837,1160.6624469999986,-1400.0,0.011206,7300.0,0.011096596845450002,long_nclose,81.00515697178501,0.06984023183963041,11.0
1710787560000.0,4817,1710787560000.0,0.2567644163699975,-0.0031584,1160.1174099881537,1160.7628885999986,-1400.0,0.01128,5900.0,0.011096596845450002,long_nclose,65.46992138815502,0.056433875420267635,0.0
1710787620000.0,4818,1710787620000.0,0.0984628390949989,-0.00201708,1160.2138557472485,1160.9458715199985,-900.0,0.011206,5000.0,0.011096596845450002,long_nclose,55.48298422725001,0.04782134255026249,1.0
1710787620000.0,4818,1710787620000.0,0.16506283909499836,-0.0020304,1160.3768881863436,1160.9771411199986,-900.0,0.01128,4100.0,0.011096596845450002,long_nclose,45.49604706634501,0.03920799141169972,0.0
1710787680000.0,4819,1710787680000.0,0.0,-0.0024734600000000002,1160.3744147263437,1160.8810676599987,1100.0,0.011243,5200.0,0.011127566743527887,long_ientry_partial,57.863347066345014,0.04986610040000855,1.0
1710787740000.0,4820,1710787740000.0,0.08754660517769075,-0.0017979200000000004,1160.4601634115215,1161.2144697399988,-800.0,0.011237,4400.0,0.011127566743527887,long_nclose,48.961293671522704,0.04219127481945288,1.0
1710787740000.0,4820,1710787740000.0,0.1475466051776897,-0.00180992,1160.6059000966993,1161.223059819999,-800.0,0.011312,3600.0,0.011127566743527887,long_nclose,40.05924027670039,0.03451579926774691,0.0
1710787800000.0,4821,1710787800000.0,0.0,-0.0033897,1160.6025103966992,1160.944270119999,1500.0,0.011299,5100.0,0.011177988289549098,long_ientry_partial,57.0077402767004,0.0491190909601039,1.0
1710787860000.0,4822,1710787860000.0,0.0880093683607211,-0.00180608,1160.6887136850598,1160.7188640399986,-800.0,0.011288,4300.0,0.011177988289549098,long_nclose,48.06534964506112,0.04141105972544429,1.0
1710789120000.0,4843,1710789120000.0,0.07700819731563097,-0.0015803199999999999,1160.7641415623755,1161.0845837199988,-700.0,0.011288,3600.0,0.011177988289549098,long_nclose,40.24075784237675,0.03466747154009526,21.0
1710789180000.0,4844,1710789180000.0,0.0,-0.00360544,1160.7605361223755,1161.0289782799987,1600.0,0.011267,5200.0,0.011205376508149376,long_ientry_partial,58.26795784237676,0.05019808653818133,1.0
1710789180000.0,4844,1710789180000.0,0.04957409511037389,-0.0013545599999999999,1160.8087556574858,1161.0462237199986,-600.0,0.011288,4600.0,0.011205376508149376,long_nclose,51.54473193748713,0.044404155022324955,0.0
1710789300000.0,4846,1710789300000.0,0.07743644429543638,-0.00158424,1160.8846078617812,1161.6202394799986,-700.0,0.011316,3900.0,0.011205376508149376,long_nclose,43.700968381782566,0.0376445411420131,2.0
1710789300000.0,4846,1710789300000.0,0.12993644429543666,-0.00159474,1161.0129495660767,1161.6165447399987,-700.0,0.011391,3200.0,0.011205376508149376,long_nclose,35.857204826078004,0.03088441420009955,0.0
1710789300000.0,4846,1710789300000.0,0.18243644429543696,-0.0016052400000000004,1161.1937807703723,1161.665339499999,-700.0,0.011466,2500.0,0.011205376508149376,long_nclose,28.01344127037344,0.024124691101762918,0.0
1710789360000.0,4847,1710789360000.0,0.0,-0.0059248799999999996,1161.1878558903722,1161.5217146199989,2600.0,0.011394,5100.0,0.01130153750399479,long_ientry_partial,57.637841270373436,0.04963696526620842,1.0
1710789600000.0,4851,1710789600000.0,0.08916999680416704,-0.00182608,1161.2751998071765,1162.0081885399989,-800.0,0.011413,4300.0,0.01130153750399479,long_nclose,48.5966112671776,0.04184762688055924,4.0
1710789660000.0,4852,1710789660000.0,0.14916999680416737,-0.0018380800000000002,1161.4225317239807,1162.3271504599988,-800.0,0.011488,3500.0,0.01130153750399479,long_nclose,39.555381263981765,0.034057700951665666,1.0
1710789660000.0,4852,1710789660000.0,0.2099699968041671,-0.00185024,1161.6306514807848,1162.328500219999,-800.0,0.011564,2700.0,0.01130153750399479,long_nclose,30.514151260785933,0.026268376460183897,0.0
1710789720000.0,4853,1710789720000.0,0.0,-0.0053176000000000005,1161.6253338807849,1162.268182619999,2300.0,0.01156,5000.0,0.011420430252157188,long_ientry_partial,57.10215126078594,0.04915711597819389,1.0
1710789720000.0,4853,1710789720000.0,0.08614184870568697,-0.00138768,1161.7100880494904,1162.2757949399988,-600.0,0.011564,4400.0,0.011420430252157188,long_nclose,50.24989310949163,0.04325510609437948,0.0
1710789780000.0,4854,1710789780000.0,0.15085579827424922,-0.0018574400000000001,1161.8590864077646,1162.6495374999988,-800.0,0.011609,3600.0,0.011420430252157188,long_nclose,41.113548907765875,0.03538600281974015,1.0
1710789780000.0,4854,1710789780000.0,0.21245579827424976,-0.0018697600000000003,1162.0696724460388,1162.6844677399986,-800.0,0.011686,2800.0,0.011420430252157188,long_nclose,31.977204706040126,0.027517459119926393,0.0
1710789840000.0,4855,1710789840000.0,0.0,-0.0051216,1162.0645508460389,1162.8743461399988,2200.0,0.01164,5000.0,0.011517040941208026,long_ientry_partial,57.58520470604013,0.04955422197855991,1.0
1710789840000.0,4855,1710789840000.0,0.11827134115438218,-0.0016360400000000003,1162.1811861471933,1162.8776100999987,-700.0,0.011686,4300.0,0.011517040941208026,long_nclose,49.52327604719451,0.042612353940586205,0.0
1710789840000.0,4855,1710789840000.0,0.17147134115438195,-0.00164668,1162.3510108083476,1162.9340634199987,-700.0,0.011762,3600.0,0.011517040941208026,long_nclose,41.46134738834889,0.03567024676953215,0.0
1710789900000.0,4856,1710789900000.0,0.0,-0.00327012,1162.3477406883476,1162.7857932999987,1400.0,0.011679,5000.0,0.011562389477669778,long_ientry_partial,57.81194738834889,0.04973722180086348,1.0
1710789960000.0,4857,1710789960000.0,0.09088841786417806,-0.00186816,1162.4367609462117,1162.9685251399987,-800.0,0.011676,4200.0,0.011562389477669778,long_nclose,48.56203580621307,0.0417760668259356,1.0
1710790020000.0,4858,1710790020000.0,0.15328841786417802,-0.00188064,1162.5881687240758,1163.2022444999986,-800.0,0.011754,3400.0,0.011562389477669778,long_nclose,39.312124224077245,0.03381431643779908,1.0
1710790080000.0,4859,1710790080000.0,0.0,-0.0037577599999999997,1162.5844109640757,1163.1334867399985,1600.0,0.011743,5000.0,0.01162018484481545,long_ientry_partial,58.100924224077254,0.04997566084332486,1.0
1710790080000.0,4859,1710790080000.0,0.08028909311072994,-0.0014104800000000002,1162.6632895771863,1163.1464762599983,-600.0,0.011754,4400.0,0.01162018484481545,long_nclose,51.12881331718798,0.04397559790141948,0.0
1710790380000.0,4864,1710790380000.0,0.08037060862918499,-0.0016429000000000003,1162.7420172858156,1163.1557333599983,-700.0,0.011735,3700.0,0.01162018484481545,long_nclose,42.99468392581717,0.03697697622227457,5.0
1710790440000.0,4865,1710790440000.0,0.0,-0.00305032,1162.7389669658155,1163.3926830399982,1300.0,0.011732,5000.0,0.011649256785163434,long_ientry_partial,58.246283925817174,0.05009403278004152,1.0
1710790440000.0,4865,1710790440000.0,0.051445928901939705,-0.0014082,1162.7890046947175,1163.3642748399984,-600.0,0.011735,4400.0,0.011649256785163434,long_nclose,51.25672985471911,0.0440808518551276,0.0
1710792780000.0,4904,1710792780000.0,0.08032025038559598,-0.00164696,1162.867677985103,1163.4291278799983,-700.0,0.011764,3700.0,0.011649256785163434,long_nclose,43.10225010510471,0.03706548124184502,39.0
1710792780000.0,4904,1710792780000.0,0.13492025038559594,-0.0016578800000000002,1163.0009403554886,1163.4561699999983,-700.0,0.011842,3000.0,0.011649256785163434,long_nclose,34.947770355490306,0.030049649267530253,0.0
1710792840000.0,4905,1710792840000.0,0.0,-0.0044843800000000005,1162.9964559754887,1163.2850856199984,1900.0,0.011801,4900.0,0.011708095990916389,long_ientry_partial,57.36967035549031,0.04932918760046456,1.0
1710792840000.0,4905,1710792840000.0,0.08034240545016676,-0.0014210400000000002,1163.075377340939,1163.3286645799985,-600.0,0.011842,4300.0,0.011708095990916389,long_nclose,50.34481276094047,0.0432859415148487,0.0
1710792900000.0,4906,1710792900000.0,0.08043280635852794,-0.00165522,1163.1541549272974,1163.6938093599983,-700.0,0.011823,3600.0,0.011708095990916389,long_nclose,42.149145567299,0.036236938490696896,1.0
1710792900000.0,4906,1710792900000.0,0.13573280635852739,-0.0016662800000000002,1163.2882214536558,1163.7229430799982,-700.0,0.011902,2900.0,0.011708095990916389,long_nclose,33.953478373657525,0.029187502931327665,0.0
1710792960000.0,4907,1710792960000.0,0.0,-0.0047432,1163.2834782536559,1163.3996998799983,2000.0,0.011858,4900.0,0.011769281300746434,long_ientry_partial,57.669478373657526,0.04957474205705396,1.0
1710793020000.0,4908,1710793020000.0,0.09257495940285243,-0.0019015999999999998,1163.3741516130585,1163.774798279998,-800.0,0.011885,4100.0,0.011769281300746434,long_nclose,48.254053333060384,0.0414776735980892,1.0
1710795780000.0,4954,1710795780000.0,0.06943121955213932,-0.0014262,1163.4421566326107,1163.7561720799981,-600.0,0.011885,3500.0,0.011769281300746434,long_nclose,41.19248455261252,0.035405700504988834,46.0
1710795840000.0,4955,1710795840000.0,0.0,-0.00332052,1163.4388361126107,1163.9929515599981,1400.0,0.011859,4900.0,0.011794915214818881,long_ientry_partial,57.795084552612515,0.049676083313260185,1.0
1710795840000.0,4955,1710795840000.0,0.045042392590559366,-0.0011885,1163.4826900052014,1163.9802630599984,-500.0,0.011885,4400.0,0.011794915214818881,long_nclose,51.89762694520308,0.044605413893154755,0.0
1710795900000.0,4956,1710795900000.0,0.0812593496267831,-0.0016675400000000001,1163.5622818148283,1164.2470955199985,-700.0,0.011911,3700.0,0.011794915214818881,long_nclose,43.64118629482986,0.037506532290443394,1.0
1710795900000.0,4956,1710795900000.0,0.13655934962678376,-0.0016786000000000001,1163.697162564455,1164.2524169199985,-700.0,0.01199,3000.0,0.011794915214818881,long_nclose,35.38474564445664,0.030407177041214747,0.0
1710795960000.0,4957,1710795960000.0,0.0,-0.004552400000000001,1163.6926101644551,1164.0763645199984,1900.0,0.01198,4900.0,0.011866682784582989,long_ientry_partial,58.146745644456644,0.049967444268842816,1.0
1710796320000.0,4963,1710796320000.0,0.09305377233360945,-0.0019172800000000004,1163.7837466567887,1164.2073472399984,-800.0,0.011983,4100.0,0.011866682784582989,long_nclose,48.65339941679025,0.04180622006155119,6.0
1710798180000.0,4994,1710798180000.0,0.0,-0.015744400000000002,1163.7680022567888,1162.2888028399984,7000.0,0.011246,11100.0,0.011475261208719844,long_rentry,127.37539941679027,0.10945085203389578,31.0
1710798660000.0,5002,1710798660000.0,0.0,-0.040589639999999996,1163.7274126167888,1147.0538131999986,18900.0,0.010738,30000.0,0.011010786647226342,long_rentry,330.3235994167903,0.2838496333724886,8.0
1710800580000.0,5034,1710800580000.0,0.0,-0.16659808,1163.5608145367887,1116.5940151199986,83600.0,0.009964,113600.0,0.010240440135711182,long_rentry,1163.3139994167902,0.9997878794843252,32.0
1710801900000.0,5056,1710801900000.0,1.9005814350586538,-0.03908898,1165.4223069918473,1173.9983261399984,-18900.0,0.010341,94700.0,0.010240440135711182,long_nclose,969.7696808518489,0.8321186878214035,22.0
1710802020000.0,5058,1710802020000.0,1.5787898693344373,-0.032470740000000005,1166.9686261211818,1171.3578553999985,-15700.0,0.010341,79000.0,0.010240440135711182,long_nclose,808.9947707211834,0.6932446619496133,2.0
1710802140000.0,5060,1710802140000.0,1.3173342221835114,-0.02709342,1168.2588669233653,1170.7999619799984,-13100.0,0.010341,65900.0,0.010240440135711182,long_nclose,674.8450049433669,0.5776502315112623,2.0
1710802200000.0,5061,1710802200000.0,1.0961025207481125,-0.022543380000000002,1169.3324260641136,1173.4332185999986,-10900.0,0.010341,55000.0,0.010240440135711182,long_nclose,563.224207464115,0.4816630368832634,1.0
1710802260000.0,5062,1710802260000.0,0.9150947650282407,-0.01882062,1170.2287002091418,1170.2084979799986,-9100.0,0.010341,45900.0,0.010240440135711182,long_nclose,470.03620222914327,0.40166183084138934,1.0
1710802500000.0,5066,1710802500000.0,0.7642549685950142,-0.01571832,1170.977236857737,1174.5605796599987,-7600.0,0.010341,38300.0,0.010240440135711182,long_nclose,392.20885719773827,0.334941487206201,4.0
1710802560000.0,5067,1710802560000.0,0.6335271450195513,-0.013029659999999998,1171.5977343427564,1176.5436499999987,-6300.0,0.010341,32000.0,0.010240440135711182,long_nclose,327.69408434275783,0.2796984619696178,1.0
1710802620000.0,5068,1710802620000.0,1.0851831314484417,-0.013324800000000003,1172.669592674205,1177.1127251999987,-6400.0,0.01041,25600.0,0.010240440135711182,long_nclose,262.15526747420625,0.22355424674769334,1.0
1710802680000.0,5069,1710802680000.0,1.5203831314484328,-0.013411839999999998,1174.1765639656535,1179.025713359999,-6400.0,0.010478,19200.0,0.010240440135711182,long_nclose,196.61645060565468,0.167450498195607,1.0
1710802800000.0,5071,1710802800000.0,1.9619831314484415,-0.01350016,1176.125046937102,1181.367413199999,-6400.0,0.010547,12800.0,0.010240440135711182,long_nclose,131.07763373710313,0.11144872229229297,2.0
1710802800000.0,5071,1710802800000.0,2.3971831314484326,-0.013587199999999999,1178.5086428685504,1181.1298259999987,-6400.0,0.010615,6400.0,0.010240440135711182,long_nclose,65.53881686855156,0.05561165568461741,0.0
1710802920000.0,5073,1710802920000.0,2.8387831314484413,-0.01367552,1181.3337504799988,1181.3337504799988,-6400.0,0.010684,0.0,0.010240440135711182,long_nclose,0.0,0.0,2.0
1710802980000.0,5074,1710802980000.0,0.0,-0.011794200000000001,1181.3219562799989,1181.5584562799988,5500.0,0.010722,5500.0,0.010722,long_ientry_normal,58.971000000000004,0.04991949881783337,1.0
1710804180000.0,5094,1710804180000.0,0.09540000000000018,-0.0019490400000000002,1181.4154072399988,1182.2388072399988,-900.0,0.010828,4600.0,0.010722,long_nclose,49.321200000000005,0.04174755102883185,20.0
1710804180000.0,5094,1710804180000.0,0.15930000000000005,-0.0019618200000000004,1181.572745419999,1182.2350454199989,-900.0,0.010899,3700.0,0.010722,long_nclose,39.671400000000006,0.033575080462691705,0.0
1710804240000.0,5095,1710804240000.0,0.0,-0.00370634,1181.569039079999,1182.0585390799988,1700.0,0.010901,5400.0,0.010778351851851853,long_ientry_partial,58.203100000000006,0.04925916139891283,1.0
1710804300000.0,5096,1710804300000.0,0.09508333333333174,-0.00195912,1181.6621632933322,1182.142079959999,-900.0,0.010884,4500.0,0.010778351851851853,long_nclose,48.50258333333334,0.041046066160022425,1.0
1710806580000.0,5134,1710806580000.0,0.07395370370370247,-0.0015237599999999999,1181.7345932370358,1181.9270561999988,-700.0,0.010884,3800.0,0.010778351851851853,long_nclose,40.95773703703704,0.034658998112972746,38.0
1710806640000.0,5135,1710806640000.0,0.0,-0.0036818600000000003,1181.730911377036,1182.731874339999,1700.0,0.010829,5500.0,0.010794006734006736,long_ientry_partial,59.36703703703704,0.05023735646202095,1.0
1710806640000.0,5135,1710806640000.0,0.053995959595958334,-0.0013060799999999998,1181.783601256632,1182.675368259999,-600.0,0.010884,4900.0,0.010794006734006736,long_nclose,52.890632996633,0.044754922085898416,0.0
1710806640000.0,5135,1710806640000.0,0.09779595959595842,-0.00131484,1181.8800823762278,1182.6626534199988,-600.0,0.010957,4300.0,0.010794006734006736,long_nclose,46.41422895622896,0.039271521407578745,0.0
1710806700000.0,5136,1710806700000.0,0.0,-0.00241472,1181.877667656228,1182.476638699999,1100.0,0.010976,5400.0,0.010831079436338696,long_ientry_partial,58.48782895622896,0.049487210526801564,1.0
1710806760000.0,5137,1710806760000.0,0.1789205636613042,-0.0022020000000000004,1182.0543862198892,1183.224436699999,-1000.0,0.01101,4400.0,0.010831079436338696,long_nclose,47.65674951989026,0.04031688395683091,1.0
1710806760000.0,5137,1710806760000.0,0.25192056366130433,-0.0022166,1182.3040901835504,1183.208220099999,-1000.0,0.011083,3400.0,0.010831079436338696,long_nclose,36.82567008355157,0.03114737603405775,0.0
1710806820000.0,5138,1710806820000.0,0.0,-0.00421686,1182.2998733235504,1183.7022032399989,1900.0,0.011097,5300.0,0.010926409449726709,long_ientry_partial,57.909970083551556,0.04898078007972839,1.0
1710806820000.0,5138,1710806820000.0,0.2514496053006203,-0.0024541000000000003,1182.548868828851,1183.6601491399988,-1100.0,0.011155,4200.0,0.010926409449726709,long_nclose,45.89091968885218,0.03880678498665405,0.0
1710806880000.0,5139,1710806880000.0,0.0,-0.00246202,1182.546406808851,1184.039287119999,1100.0,0.011191,5300.0,0.010981324469594751,long_ientry_partial,58.20101968885218,0.04921668980916357,1.0
1710806880000.0,5139,1710806880000.0,0.38034574256735,-0.0031508400000000002,1182.9236017114185,1184.022136279999,-1400.0,0.011253,3900.0,0.010981324469594751,long_nclose,42.82716543141953,0.0362045066726697,0.0
1710806940000.0,5140,1710806940000.0,0.0,-0.00315364,1182.9204480714186,1183.3299826399991,1400.0,0.011263,5300.0,0.01105572932668293,long_ientry_partial,58.59536543141952,0.04953449365673814,1.0
1710807000000.0,5141,1710807000000.0,0.08741653865365628,-0.0017864000000000003,1183.0060782100725,1183.1512962399993,-800.0,0.011165,4500.0,0.01105572932668293,long_nclose,49.750781970073184,0.04205454467769749,1.0
1710807420000.0,5148,1710807420000.0,0.07648947132194925,-0.0015631,1183.0810045813944,1183.5494331399993,-700.0,0.011165,3800.0,0.01105572932668293,long_nclose,42.01177144139513,0.035510477540174876,7.0
1710807480000.0,5149,1710807480000.0,0.0,-0.0033537000000000003,1183.0776508813944,1183.8640794399994,1500.0,0.011179,5300.0,0.01109061725309342,long_ientry_partial,58.78027144139513,0.049684204073674916,1.0
1710807480000.0,5149,1710807480000.0,0.1038679228346065,-0.00157346,1183.179945344229,1183.8625059799992,-700.0,0.011239,4600.0,0.01109061725309342,long_nclose,51.01683936422973,0.04311841116389707,0.0
1710807540000.0,5150,1710807540000.0,0.16504447221592136,-0.00202932,1183.342960496445,1184.2656766599991,-900.0,0.011274,3700.0,0.01109061725309342,long_nclose,41.03528383644566,0.034677422527810725,1.0
1710807540000.0,5150,1710807540000.0,0.23164447221592238,-0.00204264,1183.572562328661,1184.2708340199995,-900.0,0.011348,2800.0,0.01109061725309342,long_nclose,31.053728308661576,0.02623728303363491,0.0
1710807600000.0,5151,1710807600000.0,0.0,-0.0054432,1183.567119128661,1184.8737908199994,2400.0,0.01134,5200.0,0.011205716982434919,long_ientry_partial,58.26972830866158,0.04923229732130409,1.0
1710807600000.0,5151,1710807600000.0,0.09959811229555693,-0.00158872,1183.6651285209566,1184.7959020999995,-700.0,0.011348,4500.0,0.011205716982434919,long_nclose,50.42572642095713,0.04260134492934363,0.0
1710807600000.0,5151,1710807600000.0,0.15139811229555653,-0.0015990800000000001,1183.8149275532521,1184.7698030199995,-700.0,0.011422,3800.0,0.011205716982434919,long_nclose,42.58172453325269,0.03596991686974416,0.0
1710807660000.0,5152,1710807660000.0,0.0,-0.00320796,1183.811719593252,1184.1113950599993,1400.0,0.011457,5200.0,0.011273370102548594,long_ientry_partial,58.62152453325269,0.04951929733673743,1.0
1710807660000.0,5152,1710807660000.0,0.17336690770626567,-0.00206388,1183.9830226209583,1184.2308311799993,-900.0,0.011466,4300.0,0.011273370102548594,long_nclose,48.475491440958955,0.040942725119191135,0.0
1710808920000.0,5173,1710808920000.0,0.0,-0.00260256,1183.9804200609583,1181.5071286199993,1200.0,0.010844,5500.0,0.011179689352901628,long_ientry_partial,61.48829144095895,0.051933537412547054,21.0
1710809220000.0,5178,1710809220000.0,0.0,-0.019881,1183.9605390609584,1177.8484476199994,9400.0,0.010575,14900.0,0.01079820747925899,long_rentry,160.89329144095896,0.13589413340462278,5.0
1710809520000.0,5183,1710809520000.0,0.0,-0.05107432,1183.9094647409584,1175.0775732999994,25400.0,0.010054,40300.0,0.010329153633770693,long_rentry,416.26489144095893,0.35160196268220434,5.0
1710810540000.0,5200,1710810540000.0,0.0,-0.15348736,1183.7559773809583,1161.8187859399995,83200.0,0.009224,123500.0,0.009584629080493593,long_rentry,1183.7016914409587,0.9999541409369526,17.0
1710810900000.0,5206,1710810900000.0,1.9346038498813363,-0.0396839,1185.6508973308396,1199.0791020399995,-20500.0,0.009679,103000.0,0.009584629080493593,long_nclose,987.2167952908401,0.8326369907982879,6.0
1710810900000.0,5206,1710810900000.0,3.2466038498813328,-0.039946300000000004,1188.8575548807207,1199.6131557399992,-20500.0,0.009743,82500.0,0.009584629080493593,long_nclose,790.7318991407215,0.6651191270934527,0.0
1710810960000.0,5207,1710810960000.0,2.613120171855707,-0.032151900000000004,1191.4385231525764,1203.6730038399992,-16500.0,0.009743,66000.0,0.009584629080493593,long_nclose,632.5855193125772,0.5309426437200804,1.0
1710810960000.0,5207,1710810960000.0,3.669120171855704,-0.0323631,1195.075280224432,1204.251140739999,-16500.0,0.009807,49500.0,0.009584629080493593,long_nclose,474.43913948443287,0.39699519129484,0.0
1710810960000.0,5207,1710810960000.0,4.725120171855701,-0.0325743,1199.7678260962875,1205.885066439999,-16500.0,0.009871,33000.0,0.009584629080493593,long_nclose,316.2927596562886,0.26362830605769594,0.0
1710811020000.0,5208,1710811020000.0,1.8234415399525317,-0.01608348,1201.57518415624,1206.569182959999,-8200.0,0.009807,24800.0,0.009584629080493593,long_nclose,237.6988011962411,0.1978226617281181,1.0
1710811080000.0,5209,1710811080000.0,1.378699700939719,-0.01216068,1202.9417231771797,1206.7988222799988,-6200.0,0.009807,18600.0,0.009584629080493593,long_nclose,178.27410089718083,0.14819845173075194,1.0
1710811140000.0,5210,1710811140000.0,1.0229062297294689,-0.009022440000000001,1203.955606966909,1206.4947998399987,-4600.0,0.009807,14000.0,0.009584629080493593,long_nclose,134.1848071269103,0.11145328478095488,1.0
1710811680000.0,5219,1710811680000.0,0.0,-0.04285270000000001,1203.9127542669091,1197.0192471399987,23900.0,0.008965,37900.0,0.009193886731580747,long_rentry,348.4483071269103,0.2894298659865006,9.0
1710812220000.0,5228,1710812220000.0,0.5677135910412948,-0.011697840000000001,1204.4687700179504,1205.4835492999987,-6300.0,0.009284,31600.0,0.009193886731580747,long_nclose,290.52682071795164,0.24120743347593965,9.0
1710812220000.0,5228,1710812220000.0,0.958313591041292,-0.011775960000000002,1205.4153076489918,1206.2277733399987,-6300.0,0.009346,25300.0,0.009193886731580747,long_nclose,232.60533430899292,0.19296696568642374,0.0
1710812280000.0,5229,1710812280000.0,0.3784757273608632,-0.007798560000000001,1205.7859848163525,1204.3957747799989,-4200.0,0.009284,21100.0,0.009193886731580747,long_nclose,193.99101003635377,0.16088345069452736,1.0
1710812400000.0,5231,1710812400000.0,0.315396439467386,-0.0064988,1206.09488245582,1207.6456759799987,-3500.0,0.009284,17600.0,0.009193886731580747,long_nclose,161.81240647582115,0.13416225276268715,2.0
1710812460000.0,5232,1710812460000.0,0.2613284784158341,-0.00538472,1206.350826214236,1208.924991259999,-2900.0,0.009284,14700.0,0.009193886731580747,long_nclose,135.150134954237,0.11203219827715,1.0
1710812460000.0,5232,1710812460000.0,0.4411284784158328,-0.005420680000000001,1206.7865340126516,1208.8528705799988,-2900.0,0.009346,11800.0,0.009193886731580747,long_nclose,108.48786343265282,0.0898981388795605,0.0
1710812460000.0,5232,1710812460000.0,0.6180284784158336,-0.00545606,1207.3991064310676,1208.957614519999,-2900.0,0.009407,8900.0,0.009193886731580747,long_nclose,81.82559191106866,0.06777012793469399,0.0
1710812640000.0,5235,1710812640000.0,0.4688491905223566,-0.00413908,1207.86381654159,1209.841075439999,-2200.0,0.009407,6700.0,0.009193886731580747,long_nclose,61.599041101591006,0.05099833297263937,3.0
1710812640000.0,5235,1710812640000.0,0.6052491905223556,-0.00416636,1208.4648993721123,1209.792909079999,-2200.0,0.009469,4500.0,0.009193886731580747,long_nclose,41.37249029211336,0.034235574664691924,0.0
1710812640000.0,5235,1710812640000.0,0.7394491905223562,-0.0041932,1209.2001553626349,1209.878915879999,-2200.0,0.00953,2300.0,0.009193886731580747,long_nclose,21.14593948263572,0.017487542809894965,0.0
1710812700000.0,5236,1710812700000.0,0.0,-0.00778098,1209.1923743826349,1209.8263348999992,4100.0,0.009489,6400.0,0.009382943669161831,long_ientry_partial,60.05083948263572,0.049661940279184504,1.0
1710812700000.0,5236,1710812700000.0,0.16176196392198583,-0.0020966,1209.3520397465568,1209.8770382999992,-1100.0,0.00953,5300.0,0.009382943669161831,long_nclose,49.72960144655771,0.04112086457222126,0.0
1710814140000.0,5260,1710814140000.0,0.07364506467053555,-0.0015160000000000002,1209.4241688112272,1209.968922299999,-800.0,0.009475,4500.0,0.009382943669161831,long_nclose,42.22324651122824,0.03491185937910477,24.0
1710814200000.0,5261,1710814200000.0,0.0,-0.0036115200000000004,1209.4205572912272,1209.9589107799989,1900.0,0.009504,6400.0,0.009418882267379414,long_ientry_partial,60.28084651122825,0.04984275002422725,1.0
1710814260000.0,5262,1710814260000.0,0.09311773262058592,-0.0019024000000000003,1209.5117726238477,1210.1388083799989,-1000.0,0.009512,5400.0,0.009418882267379414,long_nclose,50.86196424384883,0.042051648768586775,1.0
1710814440000.0,5265,1710814440000.0,0.08380595935852733,-0.0017121600000000001,1209.5938664232062,1209.972396219999,-900.0,0.009512,4500.0,0.009418882267379414,long_nclose,42.38497020320736,0.03504066230803615,3.0
1710814500000.0,5266,1710814500000.0,0.0,-0.0036111399999999997,1209.5902552832063,1210.2951850799989,1900.0,0.009503,6400.0,0.00944385471925115,long_ientry_partial,60.44067020320736,0.049967887835749916,1.0
1710814500000.0,5266,1710814500000.0,0.04770169652419491,-0.00133168,1209.6366252997304,1210.264453399999,-700.0,0.009512,5700.0,0.00944385471925115,long_nclose,53.829971899731554,0.044500944146258194,0.0
1710814560000.0,5267,1710814560000.0,0.17175980882373434,-0.0021119999999999997,1209.8062731085543,1210.768341399999,-1100.0,0.0096,4600.0,0.00944385471925115,long_nclose,43.44173170855529,0.035908006657076844,1.0
1710814560000.0,5267,1710814560000.0,0.24105980882373496,-0.00212586,1210.045207057378,1210.7772155399991,-1100.0,0.009663,3500.0,0.00944385471925115,long_nclose,33.05349151737902,0.027315914582860448,0.0
1710814620000.0,5268,1710814620000.0,0.0,-0.00540568,1210.0398013773781,1210.6017098599991,2800.0,0.009653,6300.0,0.009536808177361751,long_ientry_partial,60.081891517379034,0.049652822534422686,1.0
1710814680000.0,5269,1710814680000.0,0.0941918226382496,-0.0019262,1210.1320670000164,1210.9598836599992,-1000.0,0.009631,5300.0,0.009536808177361751,long_nclose,50.54508334001728,0.04176823730100906,1.0
1710814680000.0,5269,1710814680000.0,0.15819182263824944,-0.0019390000000000002,1210.2883198226546,1210.959944659999,-1000.0,0.009695,4300.0,0.009536808177361751,long_nclose,41.00827516265553,0.03388306281321837,0.0
1710814740000.0,5270,1710814740000.0,0.0,-0.00368334,1210.2846364826546,1211.129861319999,1900.0,0.009693,6200.0,0.009584673413331538,long_ientry_partial,59.424975162655535,0.049099999596257944,1.0
1710814740000.0,5270,1710814740000.0,0.08826126933477035,-0.0015512000000000002,1210.3713465519893,1211.107510119999,-800.0,0.009695,5400.0,0.009584673413331538,long_nclose,51.7572364319903,0.042761452160473105,0.0
1710814800000.0,5271,1710814800000.0,0.1583265866684624,-0.0019486000000000002,1210.5277245386576,1211.109961519999,-1000.0,0.009743,4400.0,0.009584673413331538,long_nclose,42.172563018658764,0.03483816368991556,1.0
1710814860000.0,5272,1710814860000.0,0.0,-0.0034981200000000004,1210.5242264186577,1211.019663399999,1800.0,0.009717,6200.0,0.009623090809461093,long_ientry_partial,59.66316301865877,0.049287045824082804,1.0
1710814860000.0,5272,1710814860000.0,0.09592735243112577,-0.00155888,1210.6185948910888,1211.050104519999,-800.0,0.009743,5400.0,0.009623090809461093,long_nclose,51.9646903710899,0.042924080788437596,0.0
1710814920000.0,5273,1710814920000.0,0.08541827148501585,-0.00174924,1210.7022639225738,1210.895355279999,-900.0,0.009718,4500.0,0.009623090809461093,long_nclose,43.30390864257492,0.035767595331220314,1.0
1710814980000.0,5274,1710814980000.0,0.0,-0.0034797599999999997,1210.698784162574,1210.620975519999,1800.0,0.009666,6300.0,0.009635350578186494,long_ientry_partial,60.70270864257491,0.050138572398552676,1.0
1710815640000.0,5285,1710815640000.0,0.09464942181350647,-0.0019460000000000002,1210.7914875843874,1211.3143295199989,-1000.0,0.00973,5300.0,0.009635350578186494,long_nclose,51.06735806438842,0.042176839355115826,11.0
1710816540000.0,5300,1710816540000.0,0.0,-0.016433999999999997,1210.7750535843875,1208.096695519999,9000.0,0.00913,14300.0,0.009317297766740448,long_rentry,133.2373580643884,0.11004303208093982,15.0
1710817560000.0,5317,1710817560000.0,0.21091513649697213,-0.00432814,1210.9816405808845,1211.734067379999,-2300.0,0.009409,12000.0,0.009317297766740448,long_nclose,111.80757320088537,0.09232804978550578,17.0
1710817620000.0,5318,1710817620000.0,0.1834044665191062,-0.0037636000000000006,1211.1612814474036,1211.9683037799991,-2000.0,0.009409,10000.0,0.009317297766740448,long_nclose,93.17297766740448,0.07692862965042749,1.0
1710817680000.0,5319,1710817680000.0,0.14672357321528495,-0.0030108800000000005,1211.3049941406189,1211.865292899999,-1600.0,0.009409,8400.0,0.009317297766740448,long_nclose,78.26530124061976,0.06461238219870993,1.0
1710818220000.0,5328,1710818220000.0,0.12838312656337433,-0.0026345200000000004,1211.4307427471824,1212.2336583799993,-1400.0,0.009409,7000.0,0.009317297766740448,long_nclose,65.22108436718314,0.0538380627680623,9.0
1710818280000.0,5329,1710818280000.0,0.2151831265633737,-0.0026518800000000006,1211.6432739937457,1212.8624064999992,-1400.0,0.009471,5600.0,0.009317297766740448,long_nclose,52.17686749374651,0.04306289533697839,1.0
1710818280000.0,5329,1710818280000.0,0.3033831265633745,-0.0026695200000000003,1211.9439876003091,1212.8583369799992,-1400.0,0.009534,4200.0,0.009317297766740448,long_nclose,39.13265062030988,0.032289157766931025,0.0
1710818280000.0,5329,1710818280000.0,0.39018312656337384,-0.00268688,1212.3314838468725,1212.9410500999993,-1400.0,0.009596,2800.0,0.009317297766740448,long_nclose,26.088433746873253,0.021519224811428258,0.0
1710818340000.0,5330,1710818340000.0,0.0,-0.0068652,1212.3246186468725,1212.9981848999992,3600.0,0.009535,6400.0,0.009439755272948946,long_ientry_partial,60.41443374687325,0.049833545254821594,1.0
1710818340000.0,5330,1710818340000.0,0.14062025434594916,-0.00172728,1212.4635116212185,1213.0423576199992,-900.0,0.009596,5500.0,0.009439755272948946,long_nclose,51.9186540012192,0.04282079708262505,0.0
1710818520000.0,5333,1710818520000.0,0.08392025434594864,-0.0017159399999999998,1212.5457159355644,1213.1172416799993,-900.0,0.009533,4600.0,0.009439755272948946,long_nclose,43.42287425556515,0.035811329572890654,3.0
1710818580000.0,5334,1710818580000.0,0.0,-0.0032517600000000002,1212.5424641755644,1212.7548899199992,1700.0,0.009564,6300.0,0.009473281627867484,long_ientry_partial,59.68167425556515,0.04922027559351837,1.0
1710819960000.0,5357,1710819960000.0,0.09371837213251709,-0.0019134000000000002,1212.634269147697,1213.2263765199993,-1000.0,0.009567,5300.0,0.009473281627867484,long_nclose,50.20839262769766,0.04140439859330938,23.0
1710820020000.0,5358,1710820020000.0,0.1567183721325159,-0.001926,1212.7890615198296,1213.3296505199994,-1000.0,0.00963,4300.0,0.009473281627867484,long_nclose,40.735110999830184,0.03358796042304522,1.0
1710820080000.0,5359,1710820080000.0,0.0,-0.0038396000000000003,1212.7852219198296,1214.0818109199995,2000.0,0.009599,6300.0,0.009513192222195266,long_ientry_partial,59.93311099983018,0.04941774513458906,1.0
1710820080000.0,5359,1710820080000.0,0.09344622224378707,-0.0015408,1212.8771273420734,1214.0090701199995,-800.0,0.00963,5500.0,0.009513192222195266,long_nclose,52.32255722207396,0.04313920680220494,0.0
1710820080000.0,5359,1710820080000.0,0.1438462222437875,-0.0015508800000000001,1213.0194226843173,1213.9867192399995,-800.0,0.009693,4700.0,0.009513192222195266,long_nclose,44.71200344431775,0.03686008864175775,0.0
1710820140000.0,5360,1710820140000.0,0.0,-0.0029157000000000002,1213.0165069843174,1213.7420035399996,1500.0,0.009719,6200.0,0.009562984426502863,long_ientry_partial,59.29050344431775,0.048878562742497196,1.0
1710820140000.0,5360,1710820140000.0,0.1881171308468507,-0.00214148,1213.2024826351642,1213.7992620599996,-1100.0,0.009734,5100.0,0.009562984426502863,long_nclose,48.7712205751646,0.040200396284410786,0.0
1710820200000.0,5361,1710820200000.0,0.15801557349713785,-0.0019442,1213.3585540086613,1214.0310178599996,-1000.0,0.009721,4100.0,0.009562984426502863,long_nclose,39.20823614866174,0.03231380865872386,1.0
1710820260000.0,5362,1710820260000.0,0.0,-0.004085340000000001,1213.3544686686612,1214.7957325199995,2100.0,0.009727,6200.0,0.009618538088493828,long_ientry_partial,59.63493614866174,0.04914881651533823,1.0
1710820260000.0,5362,1710820260000.0,0.16646191150617232,-0.001957,1213.5189735801673,1214.7277755199993,-1000.0,0.009785,5200.0,0.009618538088493828,long_nclose,50.01639806016791,0.04121600003715453,0.0
1710820260000.0,5362,1710820260000.0,0.23046191150617212,-0.0019698000000000003,1213.7474656916734,1214.7238057199993,-1000.0,0.009849,4200.0,0.009618538088493828,long_nclose,40.39785997167408,0.03328357925645819,0.0
1710820320000.0,5363,1710820320000.0,0.0,-0.0039404,1213.7435252916734,1214.4904653199994,2000.0,0.009851,6200.0,0.009693525801882916,long_ientry_partial,60.09985997167408,0.04951611169850034,1.0
1710820380000.0,5364,1710820380000.0,0.19256903774050108,-0.00236496,1213.9337293694139,1214.4961003599992,-1200.0,0.009854,5000.0,0.009693525801882916,long_nclose,48.46762900941458,0.03992609138110976,1.0
1710820440000.0,5365,1710820440000.0,0.16047419811708424,-0.0019708,1214.092232767531,1214.7021295599993,-1000.0,0.009854,4000.0,0.009693525801882916,long_nclose,38.77410320753166,0.03193670312769059,1.0
1710820500000.0,5366,1710820500000.0,0.0,-0.00433224,1214.087900527531,1214.4187973199994,2200.0,0.009846,6200.0,0.00974762954960188,long_ientry_partial,60.43530320753166,0.04977835886616779,1.0
1710820500000.0,5366,1710820500000.0,0.08509636031849566,-0.00157664,1214.1714202478495,1214.4596206799993,-800.0,0.009854,5400.0,0.00974762954960188,long_nclose,52.63719956785015,0.04335236251657554,0.0
1710820680000.0,5369,1710820680000.0,0.08673340535830798,-0.0017719200000000002,1214.2563817332077,1214.5730487599992,-900.0,0.009844,4500.0,0.00974762954960188,long_nclose,43.86433297320846,0.036124440960810356,3.0
1710820740000.0,5370,1710820740000.0,0.0,-0.00333812,1214.2530436132076,1214.6255106399992,1700.0,0.009818,6200.0,0.00976692467309814,long_ientry_partial,60.554932973208466,0.049870110099141614,1.0
1710820800000.0,5371,1710820800000.0,0.09607532690186077,-0.0019726,1214.3471463401095,1215.6995380399992,-1000.0,0.009863,5200.0,0.00976692467309814,long_nclose,50.78800830011033,0.04182330271304959,1.0
1710820800000.0,5371,1710820800000.0,0.16107532690185986,-0.0019855999999999997,1214.5062360670115,1215.5985524399994,-1000.0,0.009928,4200.0,0.00976692467309814,long_nclose,41.02108362701219,0.033775934951023844,0.0
1710820800000.0,5371,1710820800000.0,0.22707532690185994,-0.0019988000000000002,1214.7313125939136,1215.5635536399996,-1000.0,0.009994,3200.0,0.00976692467309814,long_nclose,31.254158953914047,0.025729277437637237,0.0
1710820860000.0,5372,1710820860000.0,0.0,-0.00581566,1214.7254969339135,1215.8688379799994,2900.0,0.010027,6100.0,0.009890567041625253,long_ientry_partial,60.33245895391404,0.04966756613424111,1.0
1710820860000.0,5372,1710820860000.0,0.16843295837474723,-0.0020118000000000002,1214.8919180922883,1215.8478261799994,-1000.0,0.010059,5100.0,0.009890567041625253,long_nclose,50.44189191228879,0.041519653856530975,0.0
1710820980000.0,5374,1710820980000.0,0.275319550049697,-0.0024288,1215.164808842338,1217.0969973799995,-1200.0,0.01012,3900.0,0.009890567041625253,long_nclose,38.573211462338485,0.03174319333612563,2.0
1710820980000.0,5374,1710820980000.0,0.35451955004969715,-0.00244464,1215.5168837523877,1216.8545527399995,-1200.0,0.010186,2700.0,0.009890567041625253,long_nclose,26.704531012388184,0.021969691552082258,0.0
1710820980000.0,5374,1710820980000.0,0.43491955004969635,-0.00246072,1215.9493425824373,1216.6924920199995,-1200.0,0.010253,1500.0,0.009890567041625253,long_nclose,14.83585056243788,0.012201043286005197,0.0
1710820980000.0,5374,1710820980000.0,0.6426494375621206,-0.0030957000000000003,1216.5888963199995,1216.5888963199995,-1500.0,0.010319,0.0,0.009890567041625253,long_nclose,0.0,0.0,0.0
1710821040000.0,5375,1710821040000.0,0.0,-0.01225548,1216.5766408399995,1215.6208408399996,5900.0,0.010386,5900.0,0.010386,long_ientry_normal,61.27739999999999,0.0503687132753842,1.0
1710821220000.0,5378,1710821220000.0,0.09180000000000126,-0.0018878400000000004,1216.6665529999993,1218.1265529999994,-900.0,0.010488,5000.0,0.010386,long_nclose,51.93,0.04268219576839146,3.0
1710821220000.0,5378,1710821220000.0,0.15480000000000024,-0.0019004400000000002,1216.8194525599993,1218.0166525599993,-900.0,0.010558,4100.0,0.010386,long_nclose,42.5826,0.034995002677194895,0.0
1710821220000.0,5378,1710821220000.0,0.2168999999999999,-0.00191286,1217.0344396999992,1217.9688396999993,-900.0,0.010627,3200.0,0.010386,long_nclose,33.2352,0.027308347993991466,0.0
1710821220000.0,5378,1710821220000.0,0.2799000000000005,-0.0019254600000000001,1217.3124142399993,1217.9840142399992,-900.0,0.010697,2300.0,0.010386,long_nclose,23.8878,0.01962339307523927,0.0
1710821220000.0,5378,1710821220000.0,0.34200000000000014,-0.00193788,1217.6524763599994,1218.0612763599993,-900.0,0.010766,1400.0,0.010386,long_nclose,14.5404,0.011941338175130625,0.0
1710821220000.0,5378,1710821220000.0,0.630000000000001,-0.00303408,1218.2794422799996,1218.2794422799996,-1400.0,0.010836,0.0,0.010386,long_nclose,0.0,0.0,0.0
1710821280000.0,5379,1710821280000.0,0.0,-0.012172920000000002,1218.2672693599995,1217.8397693599995,5700.0,0.010678,5700.0,0.010678,long_ientry_normal,60.8646,0.04995997309520957,1.0
1710821940000.0,5390,1710821940000.0,0.0,-0.019601760000000003,1218.2476675999997,1213.3742675999997,9700.0,0.010104,15400.0,0.010316454545454545,long_rentry,158.8734,0.1304114132333924,11.0
1710823020000.0,5408,1710823020000.0,0.0,-0.05038260000000001,1218.1972849999997,1210.4316849999998,26200.0,0.009615,41600.0,0.009874673076923076,long_rentry,410.78639999999996,0.33720843500320236,18.0
1710824100000.0,5426,1710824100000.0,0.0,-0.16147318000000002,1218.0358118199997,1195.3190118199998,91300.0,0.008843,132900.0,0.009165931527464258,long_rentry,1218.1523,1.0000956360879294,18.0
1710824760000.0,5437,1710824760000.0,1.9905132430398955,-0.04091152000000001,1219.9854135430396,1220.5470002999998,-22100.0,0.009256,110800.0,0.009165931527464258,long_nclose,1015.5852132430398,0.8324568490483933,11.0
1710824760000.0,5437,1710824760000.0,3.3607132430398856,-0.04118556,1223.3049412260796,1223.7545147399999,-22100.0,0.009318,88700.0,0.009165931527464258,long_nclose,813.0181264860797,0.6646078987232877,0.0
1710824880000.0,5439,1710824880000.0,1.3240065462754056,-0.02721264,1224.6017351323549,1233.0428020999998,-14700.0,0.009256,74000.0,0.009165931527464258,long_nclose,678.2789330323551,0.553877161507571,2.0
1710824940000.0,5440,1710824940000.0,2.2506133935289734,-0.02758128,1226.8247672458838,1236.3008208199997,-14800.0,0.009318,59200.0,0.009165931527464258,long_nclose,542.6231464258841,0.44229881961384465,1.0
1710825300000.0,5446,1710825300000.0,0.8826710308502704,-0.01814176,1227.6892965167342,1236.1400790599998,-9800.0,0.009256,49400.0,0.009165931527464258,long_nclose,452.79701745673435,0.3688205303584826,6.0
1710825300000.0,5446,1710825300000.0,1.490271030850266,-0.01826328,1229.1613042675845,1235.9356157799998,-9800.0,0.009318,39600.0,0.009165931527464258,long_nclose,362.97088848758466,0.2952996382389915,0.0
1710825360000.0,5447,1710825360000.0,2.1093778781038433,-0.01857042,1231.2521117256883,1238.26334536,-9900.0,0.009379,29700.0,0.009165931527464258,long_nclose,272.2281663656885,0.22109863916021322,1.0
1710825420000.0,5448,1710825420000.0,2.713277878103846,-0.0186912,1233.9466984037922,1239.88805416,-9900.0,0.00944,19800.0,0.009165931527464258,long_nclose,181.48544424379233,0.14707721531129192,1.0
1710825480000.0,5449,1710825480000.0,3.317177878103849,-0.018811980000000002,1237.245064301896,1241.45324218,-9900.0,0.009501,9900.0,0.009165931527464258,long_nclose,90.74272212189616,0.07334256142140838,1.0
1710825480000.0,5449,1710825480000.0,3.9309778781038442,-0.01893474,1241.15710744,1241.15710744,-9900.0,0.009563,0.0,0.009165931527464258,long_nclose,0.0,0.0,0.0
1710825540000.0,5450,1710825540000.0,0.0,-0.012468300000000002,1241.14463914,1240.80013914,6500.0,0.009591,6500.0,0.009591,long_ientry_normal,62.3415,0.05022903699861845,1.0
1710825600000.0,5451,1710825600000.0,0.0939999999999986,-0.001937,1241.23670214,1242.67770214,-1000.0,0.009685,5500.0,0.009591,long_nclose,52.7505,0.04249834049303695,1.0
1710825600000.0,5451,1710825600000.0,0.15899999999999942,-0.0019500000000000001,1241.39375214,1242.5727521400001,-1000.0,0.00975,4500.0,0.009591,long_nclose,43.1595,0.03476697053259587,0.0
1710825600000.0,5451,1710825600000.0,0.22299999999999925,-0.0019628000000000002,1241.61478934,1242.53178934,-1000.0,0.009814,3500.0,0.009591,long_nclose,33.5685,0.027036163138684798,0.0
1710825600000.0,5451,1710825600000.0,0.28699999999999903,-0.0019756,1241.8998137400001,1242.55481374,-1000.0,0.009878,2500.0,0.009591,long_nclose,23.977500000000003,0.019307112968953107,0.0
1710825660000.0,5452,1710825660000.0,0.0,-0.007488280000000001,1241.8923254600002,1241.5645254600001,3800.0,0.009853,6300.0,0.009749031746031745,long_ientry_partial,61.418899999999994,0.0494558978591403,1.0
1710826260000.0,5462,1710826260000.0,0.09596825396825451,-0.001969,1241.9863247139685,1242.5744564600002,-1000.0,0.009845,5300.0,0.009749031746031745,long_nclose,51.66986825396825,0.04160260642633718,10.0
1710826380000.0,5464,1710826380000.0,0.0767746031746036,-0.0015752,1242.061524117143,1242.5743812600003,-800.0,0.009845,4500.0,0.009749031746031745,long_nclose,43.870642857142855,0.03532082912585678,2.0
1710826440000.0,5465,1710826440000.0,0.0,-0.00355068,1242.0579734371431,1243.0118305800004,1800.0,0.009863,6300.0,0.00978159410430839,long_ientry_partial,61.624042857142854,0.0496144658100063,1.0
1710826440000.0,5465,1710826440000.0,0.11556530612244989,-0.0017838,1242.1717549432656,1242.9893467800002,-900.0,0.00991,5400.0,0.00978159410430839,long_nclose,52.820608163265305,0.042522789584503,0.0
1710826440000.0,5465,1710826440000.0,0.17406530612244908,-0.0017955,1242.344024749388,1243.0253512800002,-900.0,0.009975,4500.0,0.00978159410430839,long_nclose,44.01717346938775,0.03543074429666704,0.0
1710826500000.0,5466,1710826500000.0,0.0,-0.0035758800000000005,1242.340448869388,1242.7949754,1800.0,0.009933,6300.0,0.00982485293164885,long_ientry_partial,61.896573469387754,0.04982255349225547,1.0
1710826500000.0,5466,1710826500000.0,0.10633236151603512,-0.0017897400000000002,1242.444991490904,1242.8345856600001,-900.0,0.009943,5400.0,0.00982485293164885,long_nclose,53.05420583090379,0.042701452534522295,0.0
1710826560000.0,5467,1710826560000.0,0.08743236151603495,-0.00178596,1242.53063789242,1243.5212997,-900.0,0.009922,4500.0,0.00982485293164885,long_nclose,44.211838192419826,0.03558209097154492,1.0
1710826560000.0,5467,1710826560000.0,0.14593236151603411,-0.0017976599999999998,1242.674772593936,1243.4673020400003,-900.0,0.009987,3600.0,0.00982485293164885,long_nclose,35.36947055393586,0.028462371115900494,0.0
1710826560000.0,5467,1710826560000.0,0.2053323615160342,-0.0018095399999999999,1242.878295415452,1243.4726925,-900.0,0.010053,2700.0,0.00982485293164885,long_nclose,26.527102915451895,0.021343282776198763,0.0
1710826620000.0,5468,1710826620000.0,0.0,-0.0070315,1242.871263915452,1243.713661,3500.0,0.010045,6200.0,0.009949129502492243,long_ientry_partial,61.68460291545191,0.0496307258091439,1.0
1710826620000.0,5468,1710826620000.0,0.062322298504653706,-0.00120636,1242.9323798539565,1243.6932546399999,-600.0,0.010053,5600.0,0.009949129502492243,long_nclose,55.71512521395656,0.04482554812877515,0.0
1710826620000.0,5468,1710826620000.0,0.10192229850465376,-0.00121428,1243.033087872461,1243.7124403599998,-600.0,0.010119,5000.0,0.009949129502492243,long_nclose,49.74564751246122,0.0400195682623416,0.0
1710826740000.0,5470,1710826740000.0,0.07829639800620569,-0.0016075200000000003,1243.109776750467,1243.3528328399996,-800.0,0.010047,4200.0,0.009949129502492243,long_nclose,41.78634391046742,0.03361436350351809,2.0
1710826800000.0,5471,1710826800000.0,0.0,-0.0040028,1243.105773950467,1242.8280300399995,2000.0,0.010007,6200.0,0.0099677974049141,long_ientry_partial,61.80034391046742,0.049714469360135016,1.0
1710827640000.0,5485,1710827640000.0,0.09820259508590105,-0.0020132,1243.201963345553,1243.7854168399997,-1000.0,0.010066,5200.0,0.0099677974049141,long_nclose,51.83254650555332,0.041692780444190995,14.0
1710827700000.0,5486,1710827700000.0,0.1652025950859004,-0.0020266,1243.365139340639,1244.4705902399996,-1000.0,0.010133,4200.0,0.0099677974049141,long_nclose,41.864749100639216,0.033670518640115846,1.0
1710827700000.0,5486,1710827700000.0,0.2312025950859005,-0.0020398,1243.594302135725,1244.4365504399998,-1000.0,0.010199,3200.0,0.0099677974049141,long_nclose,31.896951695725118,0.025649001158131637,0.0
1710827760000.0,5487,1710827760000.0,0.0,-0.005933980000000001,1243.588368155725,1244.2781164599999,2900.0,0.010231,6100.0,0.010092926507495922,long_ientry_partial,61.56685169572513,0.049507420037251094,1.0
1710827760000.0,5487,1710827760000.0,0.17307349250407847,-0.0020532000000000003,1243.759388448229,1244.3360632599997,-1000.0,0.010266,5100.0,0.010092926507495922,long_nclose,51.4739251882292,0.041385758102658765,0.0
1710827820000.0,5488,1710827820000.0,0.16707349250407766,-0.002052,1243.924409940733,1244.6340112599999,-1000.0,0.01026,4100.0,0.010092926507495922,long_nclose,41.380998680733285,0.03326648978831832,1.0
1710827880000.0,5489,1710827880000.0,0.0,-0.0041064000000000005,1243.9203035407331,1243.9284048599998,2000.0,0.010266,6100.0,0.010149671914874307,long_ientry_partial,61.912998680733274,0.0497724802019086,1.0
1710828000000.0,5491,1710828000000.0,0.10032808512569318,-0.00205,1244.0185816258588,1245.61655486,-1000.0,0.01025,5100.0,0.010149671914874307,long_nclose,51.76332676585897,0.04160976976582404,2.0
1710828000000.0,5491,1710828000000.0,0.16832808512569353,-0.0020636000000000005,1244.1848461109846,1245.46949126,-1000.0,0.010318,4100.0,0.010149671914874307,long_nclose,41.61365485098466,0.03344652121512225,0.0
1710828000000.0,5491,1710828000000.0,0.23532808512569287,-0.002077,1244.4180971961102,1245.38941426,-1000.0,0.010385,3100.0,0.010149671914874307,long_nclose,31.46398293611035,0.025284093028704872,0.0
1710828000000.0,5491,1710828000000.0,0.3033280851256932,-0.0020906,1244.719334681236,1245.37732366,-1000.0,0.010453,2100.0,0.010149671914874307,long_nclose,21.314311021236044,0.017123788815166508,0.0
1710828060000.0,5492,1710828060000.0,0.0,-0.00795188,1244.711382801236,1243.77047178,3800.0,0.010463,5900.0,0.010351476444277294,long_ientry_partial,61.073711021236036,0.049066564237396956,1.0
1710828060000.0,5492,1710828060000.0,0.169523555722707,-0.0021042,1244.8788021569585,1244.0973675799999,-1000.0,0.010521,4900.0,0.010351476444277294,long_nclose,50.72223457695874,0.04074471706729529,0.0
1710828420000.0,5498,1710828420000.0,0.0,-0.00260676,1244.8761953969586,1243.1697608199997,1300.0,0.010026,6200.0,0.010283231383380442,long_ientry_partial,63.75603457695874,0.05121475919669956,6.0
1710830880000.0,5539,1710830880000.0,0.10176861661955784,-0.002077,1244.9758870135781,1245.2866838199998,-1000.0,0.010385,5200.0,0.010283231383380442,long_nclose,53.4728031935783,0.04295087459231659,41.0
1710830880000.0,5539,1710830880000.0,0.1697686166195582,-0.0020906,1245.1435650301978,1245.39459322,-1000.0,0.010453,4200.0,0.010283231383380442,long_nclose,43.189571810197855,0.03468641931996846,0.0
1710830940000.0,5540,1710830940000.0,0.0,-0.0037234800000000004,1245.1398415501978,1245.73886974,1800.0,0.010343,6000.0,0.010301161968366309,long_ientry_partial,61.80697181019785,0.04963857853367557,1.0
1710830940000.0,5540,1710830940000.0,0.05868662214358403,-0.0014539,1245.1970742723415,1245.7262158400001,-700.0,0.010385,5300.0,0.010301161968366309,long_nclose,54.59615843234143,0.04384539568906866,0.0
1710831000000.0,5541,1710831000000.0,0.0814704253069537,-0.00166448,1245.2768802176483,1245.72615136,-800.0,0.010403,4500.0,0.010301161968366309,long_nclose,46.35522885764839,0.03722483697725639,1.0
1710831000000.0,5541,1710831000000.0,0.1366704253069534,-0.0016755200000000002,1245.4118751229553,1245.78127584,-800.0,0.010472,3700.0,0.010301161968366309,long_nclose,38.11429928295534,0.030603770563206206,0.0
1710831060000.0,5542,1710831060000.0,0.0,-0.00478446,1245.4070906629552,1245.1944913799998,2300.0,0.010401,6000.0,0.010339433213825891,long_ientry_partial,62.03659928295535,0.04981230615118148,1.0
1710831180000.0,5544,1710831180000.0,0.1015667861741093,-0.0020882,1245.5065692491294,1246.92440318,-1000.0,0.010441,5000.0,0.010339433213825891,long_nclose,51.69716606912946,0.04150693970269125,2.0
1710831180000.0,5544,1710831180000.0,0.17056678617410892,-0.002102,1245.6750340353035,1246.80930118,-1000.0,0.01051,4000.0,0.010339433213825891,long_nclose,41.35773285530357,0.033201061051474405,0.0
1710831180000.0,5544,1710831180000.0,0.24056678617410954,-0.0021160000000000003,1245.9134848214778,1246.7641851800001,-1000.0,0.01058,3000.0,0.010339433213825891,long_nclose,31.018299641477675,0.02489603011714908,0.0
1710831240000.0,5545,1710831240000.0,0.30956678617410915,-0.0021298000000000003,1246.220921807652,1246.7460553800004,-1000.0,0.010649,2000.0,0.010339433213825891,long_nclose,20.678866427651784,0.01659325892046247,1.0
1710831240000.0,5545,1710831240000.0,0.37856678617410877,-0.0021436000000000003,1246.5973449938263,1246.8599117800004,-1000.0,0.010718,1000.0,0.010339433213825891,long_nclose,10.339433213825892,0.00829412420566089,0.0
1710831300000.0,5546,1710831300000.0,0.09287003585223275,-0.0006389400000000001,1246.6895760896784,1246.8999728400004,-300.0,0.010649,700.0,0.010339433213825891,long_nclose,7.2376032496781235,0.005805457419784746,1.0
1710831360000.0,5547,1710831360000.0,0.06191335723482183,-0.00042596,1246.7510634869132,1246.8833468800003,-200.0,0.010649,500.0,0.010339433213825891,long_nclose,5.169716606912946,0.004146550789741685,1.0
1710831360000.0,5547,1710831360000.0,0.07571335723482175,-0.00042872000000000006,1246.8263481241481,1246.9057181600003,-200.0,0.010718,300.0,0.010339433213825891,long_nclose,3.1018299641477673,0.0024877802500841233,0.0
1710831480000.0,5549,1710831480000.0,0.024056678617410954,-0.00021160000000000002,1246.8501932027655,1246.9035065600003,-100.0,0.01058,200.0,0.010339433213825891,long_nclose,2.067886642765178,0.0016584884487633824,2.0
1710831480000.0,5549,1710831480000.0,0.030956678617410915,-0.00021298,1246.880936901383,1246.9075935800004,-100.0,0.010649,100.0,0.010339433213825891,long_nclose,1.033943321382589,0.000829223778135574,0.0
1710831540000.0,5550,1710831540000.0,0.030956678617410915,-0.00021298,1246.9116806000004,1246.9116806000004,-100.0,0.010649,0.0,0.010339433213825891,long_nclose,0.0,0.0,1.0
1710832320000.0,5563,1710832320000.0,0.0,-0.0125508,1246.8991298000003,1247.2171298000003,6000.0,0.010459,6000.0,0.010459,long_ientry_normal,62.754,0.050328048596894596,13.0
1710832380000.0,5564,1710832380000.0,0.10300000000000066,-0.0021124,1247.0000174000004,1247.2250174000003,-1000.0,0.010562,5000.0,0.010459,long_nclose,52.294999999999995,0.041936647369929685,1.0
1710832440000.0,5565,1710832440000.0,0.08240000000000053,-0.0016899200000000001,1247.0807274800004,1247.1059274800004,-800.0,0.010562,4200.0,0.010459,long_nclose,43.9278,0.035224503941108716,1.0
1710832500000.0,5566,1710832500000.0,0.0,-0.00376524,1247.0769622400005,1246.6269622400005,1800.0,0.010459,6000.0,0.010459,long_ientry_partial,62.754,0.05032087184681948,1.0
1710832500000.0,5566,1710832500000.0,0.07210000000000047,-0.00147868,1247.1475835600006,1246.7500835600006,-700.0,0.010562,5300.0,0.010459,long_nclose,55.4327,0.044447586420980394,0.0
1710832680000.0,5569,1710832680000.0,0.08240000000000053,-0.0016899200000000001,1247.2282936400006,1248.0517936400006,-800.0,0.010562,4500.0,0.010459,long_nclose,47.0655,0.03773607465449703,3.0
1710832680000.0,5569,1710832680000.0,0.13840000000000102,-0.0017011200000000004,1247.3649925200007,1248.0420925200008,-800.0,0.010632,3700.0,0.010459,long_nclose,38.698299999999996,0.03102403885956379,0.0
1710832740000.0,5570,1710832740000.0,0.21870000000000014,-0.0019263600000000002,1247.5817661600006,1248.4945661600007,-900.0,0.010702,2800.0,0.010459,long_nclose,29.2852,0.023473571668283115,1.0
1710832740000.0,5570,1710832740000.0,0.2817000000000007,-0.0019389600000000002,1247.8615272000006,1248.4809272000007,-900.0,0.010772,1900.0,0.010459,long_nclose,19.8721,0.0159249240134759,0.0
1710832800000.0,5571,1710832800000.0,0.3446999999999997,-0.00195156,1248.2042756400008,1248.6812756400009,-900.0,0.010842,1000.0,0.010459,long_nclose,10.459,0.008379237440632289,1.0
1710832800000.0,5571,1710832800000.0,0.4530000000000003,-0.0021823999999999997,1248.6550932400007,1248.6550932400007,-1000.0,0.010912,0.0,0.010459,long_nclose,0.0,0.0,0.0
1710839280000.0,5679,1710839280000.0,0.0,-0.012395759999999999,1248.6426974800008,1248.6774974800007,5800.0,0.010686,5800.0,0.010686,long_ientry_normal,61.97879999999999,0.049636937872687706,108.0
1710839400000.0,5681,1710839400000.0,0.09450000000000083,-0.00194238,1248.7352551000008,1248.681355100001,-900.0,0.010791,4900.0,0.010686,long_nclose,52.361399999999996,0.041931546167331364,2.0
1710839640000.0,5685,1710839640000.0,0.08400000000000074,-0.00172656,1248.817528540001,1249.571928540001,-800.0,0.010791,4100.0,0.010686,long_nclose,43.812599999999996,0.03508326797047887,4.0
1710839640000.0,5685,1710839640000.0,0.14160000000000006,-0.0017380800000000001,1248.9573904600009,1249.5645904600008,-800.0,0.010863,3300.0,0.010686,long_nclose,35.263799999999996,0.028234590122415675,0.0
1710839760000.0,5687,1710839760000.0,0.05250000000000046,-0.0010791000000000002,1249.008811360001,1249.3924113600008,-500.0,0.010791,2800.0,0.010686,long_nclose,29.9208,0.023955635643130743,2.0
1710839820000.0,5688,1710839820000.0,0.08850000000000004,-0.0010863000000000001,1249.096225060001,1249.779325060001,-500.0,0.010863,2300.0,0.010686,long_nclose,24.5778,0.019676466477848327,1.0
1710839820000.0,5688,1710839820000.0,0.12399999999999997,-0.0010934,1249.219131660001,1249.753731660001,-500.0,0.010934,1800.0,0.010686,long_nclose,19.2348,0.015397458710418725,0.0
1710839820000.0,5688,1710839820000.0,0.16000000000000042,-0.0011006,1249.3780310600011,1249.764131060001,-500.0,0.011006,1300.0,0.010686,long_nclose,13.8918,0.011118972524443924,0.0
1710839940000.0,5690,1710839940000.0,0.0,-0.0096174,1249.3684136600011,1249.519213660001,4500.0,0.010686,5800.0,0.010686,long_ientry_partial,61.97879999999999,0.049608105441400006,2.0
1710840000000.0,5691,1710840000000.0,0.09450000000000083,-0.00194238,1249.460971280001,1250.347871280001,-900.0,0.010791,4900.0,0.010686,long_nclose,52.361399999999996,0.04190719134376702,1.0
1710840000000.0,5691,1710840000000.0,0.15930000000000005,-0.0019553400000000003,1249.6183159400011,1250.342315940001,-900.0,0.010863,4000.0,0.010686,long_nclose,42.744,0.034205644599444474,0.0
1710840120000.0,5693,1710840120000.0,0.24799999999999994,-0.0021868,1249.8641291400013,1250.5511291400012,-1000.0,0.010934,3000.0,0.010686,long_nclose,32.058,0.02564918798178348,2.0
1710840180000.0,5694,1710840180000.0,0.17359999999999998,-0.00153076,1250.0361983800015,1250.9354983800015,-700.0,0.010934,2300.0,0.010686,long_nclose,24.5778,0.019661670623500247,1.0
1710840180000.0,5694,1710840180000.0,0.2240000000000006,-0.0015408400000000001,1250.2586575400014,1250.8842575400015,-700.0,0.011006,1600.0,0.010686,long_nclose,17.0976,0.013675250234732305,0.0
1710840180000.0,5694,1710840180000.0,0.2737000000000005,-0.00155078,1250.5308067600015,1250.8827067600016,-700.0,0.011077,900.0,0.010686,long_nclose,9.6174,0.007690654199009865,0.0
1710840240000.0,5695,1710840240000.0,0.1564000000000003,-0.00088616,1250.6863206000016,1250.8728206000017,-400.0,0.011077,500.0,0.010686,long_nclose,5.343,0.004272054400848296,1.0
1710840300000.0,5696,1710840300000.0,0.07820000000000014,-0.00044308,1250.7640775200016,1250.8510775200016,-200.0,0.011077,300.0,0.010686,long_nclose,3.2058,0.0025630732906531963,1.0
1710840360000.0,5697,1710840360000.0,0.032000000000000084,-0.00022012000000000003,1250.7958574000015,1250.8576574000015,-100.0,0.011006,200.0,0.010686,long_nclose,2.1372,0.0017086721125240572,1.0
1710840420000.0,5698,1710840420000.0,0.032000000000000084,-0.00022012000000000003,1250.8276372800015,1250.8471372800016,-100.0,0.011006,100.0,0.010686,long_nclose,1.0686,0.0008543143500760295,1.0
1710840480000.0,5699,1710840480000.0,0.024799999999999996,-0.00021868,1250.8522186000014,1250.8522186000014,-100.0,0.010934,0.0,0.010686,long_nclose,0.0,0.0,1.0
1710841200000.0,5711,1710841200000.0,0.0,-0.01241664,1250.8398019600013,1251.2864019600013,5800.0,0.010704,5800.0,0.010704,long_ientry_normal,62.0832,0.04963321434345056,12.0
1710841320000.0,5713,1710841320000.0,0.09449999999999928,-0.00194562,1250.9323563400012,1251.3978563400012,-900.0,0.010809,4900.0,0.010704,long_nclose,52.4496,0.04192840622770196,2.0
1710841380000.0,5714,1710841380000.0,0.08399999999999935,-0.00172944,1251.0146269000013,1251.2729269000013,-800.0,0.010809,4100.0,0.010704,long_nclose,43.8864,0.03508064498714132,1.0
1710841440000.0,5715,1710841440000.0,0.0,-0.00363936,1251.0109875400012,1251.5619875400012,1700.0,0.010704,5800.0,0.010703999999999998,long_ientry_partial,62.08319999999999,0.04962642264404162,1.0
1710841440000.0,5715,1710841440000.0,0.06300000000000056,-0.00129708,1251.0726904600012,1251.5666904600012,-600.0,0.010809,5200.0,0.010703999999999998,long_nclose,55.66079999999999,0.044490460406049086,0.0
1710841500000.0,5716,1710841500000.0,0.08400000000000074,-0.00172944,1251.1549610200013,1251.3529610200014,-800.0,0.010809,4400.0,0.010703999999999998,long_nclose,47.09759999999999,0.03764329876580898,1.0
1710841560000.0,5717,1710841560000.0,0.07350000000000065,-0.00151326,1251.2269477600014,1252.1482477600014,-700.0,0.010809,3700.0,0.010703999999999998,long_nclose,39.60479999999999,0.031652770962855424,1.0
1710841560000.0,5717,1710841560000.0,0.12390000000000126,-0.00152334,1251.3493244200015,1252.0963244200016,-700.0,0.010881,3000.0,0.010703999999999998,long_nclose,32.111999999999995,0.025661899018392692,0.0
1710841560000.0,5717,1710841560000.0,0.17430000000000068,-0.00153342,1251.5220910000014,1252.0947910000014,-700.0,0.010953,2300.0,0.010703999999999998,long_nclose,24.619199999999996,0.019671406663168495,0.0
1710841620000.0,5718,1710841620000.0,0.12450000000000047,-0.0010953,1251.6454957000012,1252.1674957000012,-500.0,0.010953,1800.0,0.010703999999999998,long_nclose,19.267199999999995,0.015393496054747139,1.0
1710841680000.0,5719,1710841680000.0,0.19200000000000156,-0.0013228800000000002,1251.8361728200011,1252.3077728200012,-600.0,0.011024,1200.0,0.010703999999999998,long_nclose,12.844799999999998,0.010260767565986387,1.0
1710841680000.0,5719,1710841680000.0,0.23520000000000102,-0.00133152,1252.0700413000013,1252.3058413000012,-600.0,0.011096,600.0,0.010703999999999998,long_nclose,6.422399999999999,0.005129425501892641,0.0
1710841740000.0,5720,1710841740000.0,0.27780000000000094,-0.00134004,1252.3465012600013,1252.3465012600013,-600.0,0.011167,0.0,0.010703999999999998,long_nclose,0.0,0.0,1.0
1710853200000.0,5911,1710853200000.0,0.0,-0.01253886,1252.3339624000014,1252.1857624000013,5700.0,0.010999,5700.0,0.010999,long_ientry_normal,62.6943,0.05006196580331592,191.0
1710853260000.0,5912,1710853260000.0,0.09720000000000041,-0.00199926,1252.4291631400013,1252.5587631400012,-900.0,0.011107,4800.0,0.010999,long_nclose,52.7952,0.04215424037846231,1.0
1710853500000.0,5916,1710853500000.0,0.0,-0.01709372,1252.4120694200012,1250.5182694200012,8200.0,0.010423,13000.0,0.010635676923076924,long_rentry,138.2638,0.11039800986909262,4.0
1710855300000.0,5946,1710855300000.0,0.21907846153845847,-0.0045108,1252.6266370815397,1253.6329586200013,-2100.0,0.01074,10900.0,0.010635676923076924,long_nclose,115.92887846153847,0.09254862943968521,30.0
1710855360000.0,5947,1710855360000.0,0.18778153846153584,-0.0038664000000000003,1252.810552220001,1253.650692220001,-1800.0,0.01074,9100.0,0.010635676923076924,long_nclose,96.78466,0.07725402681873647,1.0
1710855420000.0,5948,1710855420000.0,0.1564846153846132,-0.003222,1252.9638148353856,1253.817470220001,-1500.0,0.01074,7600.0,0.010635676923076924,long_nclose,80.83114461538462,0.06451195450205735,1.0
1710855480000.0,5949,1710855480000.0,0.26448461538461454,-0.0032436,1253.2250558507703,1254.135926620001,-1500.0,0.010812,6100.0,0.010635676923076924,long_nclose,64.87762923076923,0.05176853824289852,1.0
1710855540000.0,5950,1710855540000.0,0.21158769230769162,-0.0025948800000000004,1253.4340486630779,1254.200031740001,-1200.0,0.010812,4900.0,0.010635676923076924,long_nclose,52.11481692307693,0.0415776298550873,1.0
1710855900000.0,5956,1710855900000.0,0.08345846153846037,-0.0017184,1253.5157887246162,1253.9517133400009,-800.0,0.01074,4100.0,0.010635676923076924,long_nclose,43.60627538461539,0.03478717681648222,6.0
1710855960000.0,5957,1710855960000.0,0.0,-0.00365228,1253.512136444616,1254.0292610600006,1700.0,0.010742,5800.0,0.010666840583554377,long_ientry_partial,61.86767538461539,0.04935546580354062,1.0
1710856020000.0,5958,1710856020000.0,0.09464347480106095,-0.0019389600000000002,1253.6048409594173,1254.090722100001,-900.0,0.010772,4900.0,0.010666840583554377,long_nclose,52.26751885941645,0.04169377554366711,1.0
1710856440000.0,5965,1710856440000.0,0.08412753315649862,-0.00172352,1253.6872449725738,1254.142998580001,-800.0,0.010772,4100.0,0.010666840583554377,long_nclose,43.73404639257294,0.03488433544167524,7.0
1710856500000.0,5966,1710856500000.0,0.0,-0.0036645199999999997,1253.6835804525738,1254.556934060001,1700.0,0.010778,5800.0,0.01069942179182292,long_ientry_partial,62.05664639257294,0.04949944895200014,1.0
1710856500000.0,5966,1710856500000.0,0.11486256654166388,-0.00173488,1253.7967081391155,1254.5495991800008,-800.0,0.010843,5000.0,0.01069942179182292,long_nclose,53.4971089591146,0.042668088544047134,0.0
1710856560000.0,5967,1710856560000.0,0.1765782081770799,-0.0021752,1253.9711111472925,1254.6294239800009,-1000.0,0.010876,4000.0,0.01069942179182292,long_nclose,42.797687167291684,0.034129723393814794,1.0
1710856620000.0,5968,1710856620000.0,0.0,-0.00391104,1253.9672001072925,1254.4109129400008,1800.0,0.010864,5800.0,0.010750497787464083,long_ientry_partial,62.352887167291684,0.049724496112782395,1.0
1710856620000.0,5968,1710856620000.0,0.1004017700287338,-0.0017401600000000004,1254.0658617173212,1254.448372780001,-800.0,0.010876,5000.0,0.010750497787464083,long_nclose,53.752488937320415,0.04286257251569835,0.0
1710856680000.0,5969,1710856680000.0,0.08440177002873306,-0.0017369599999999998,1254.14852652735,1254.4740358200008,-800.0,0.010856,4200.0,0.010750497787464083,long_nclose,45.152090707349146,0.03600218774116982,1.0
1710856740000.0,5970,1710856740000.0,0.07385154877514143,-0.00151984,1254.2208582361252,1254.740615980001,-700.0,0.010856,3500.0,0.010750497787464083,long_nclose,37.62674225612429,0.03000009289355999,1.0
1710856800000.0,5971,1710856800000.0,0.0,-0.00501354,1254.2158446961253,1254.405002440001,2300.0,0.010899,5800.0,0.0108093865958835,long_ientry_partial,62.6944422561243,0.04998696398331188,1.0
1710856800000.0,5971,1710856800000.0,0.08302938288155051,-0.0015299200000000002,1254.2973441590068,1254.463672520001,-700.0,0.010928,5100.0,0.0108093865958835,long_nclose,55.127871639005846,0.04395119857003963,0.0
1710859080000.0,6009,1710859080000.0,0.0852907232932007,-0.0017465600000000003,1254.3808883223,1254.727525960001,-800.0,0.010916,4300.0,0.0108093865958835,long_nclose,46.48036236229905,0.03705442485213981,38.0
1710859140000.0,6010,1710859140000.0,0.0,-0.0032670000000000004,1254.3776213223,1254.811258960001,1500.0,0.01089,5800.0,0.010830234890051561,long_ientry_partial,62.815362362299055,0.05007691567080282,1.0
1710859140000.0,6010,1710859140000.0,0.06003557696390733,-0.0015282400000000002,1254.4361286592639,1254.8174307200009,-700.0,0.010916,5100.0,0.010830234890051561,long_nclose,55.23419793926296,0.04403109626497847,0.0
1710859200000.0,6011,1710859200000.0,0.08541208795875138,-0.0017499200000000003,1254.5197908272226,1255.0648808000008,-800.0,0.010937,4300.0,0.010830234890051561,long_nclose,46.57001002722171,0.03712178187042688,1.0
1710859260000.0,6012,1710859260000.0,0.0,-0.0032712000000000006,1254.5165196272226,1254.8859096000008,1500.0,0.010904,5800.0,0.010849312073658916,long_ientry_partial,62.92601002722171,0.0501595706734257,1.0
1710859320000.0,6013,1710859320000.0,0.09601913370697636,-0.00197208,1254.6105666809294,1255.4371375200008,-900.0,0.010956,4900.0,0.010849312073658916,long_nclose,53.16162916092868,0.04237301244924766,1.0
1710859320000.0,6013,1710859320000.0,0.1617191337069765,-0.00198522,1254.7703005946364,1255.4450523000007,-900.0,0.011029,4000.0,0.010849312073658916,long_nclose,43.39724829463566,0.03458581086440257,0.0
1710859380000.0,6014,1710859380000.0,0.143750341072868,-0.00176464,1254.9122862957095,1255.653687660001,-800.0,0.011029,3200.0,0.010849312073658916,long_nclose,34.71779863570853,0.027665518152021326,1.0
1710859380000.0,6014,1710859380000.0,0.2013503410728673,-0.0017761600000000002,1255.1118604767823,1255.6679115000009,-800.0,0.011101,2400.0,0.010849312073658916,long_nclose,26.038348976781396,0.02074583931259334,0.0
1710859440000.0,6015,1710859440000.0,0.15101275580465048,-0.00133212,1255.261541112587,1255.737979380001,-600.0,0.011101,1800.0,0.010849312073658916,long_nclose,19.528761732586048,0.015557524143754891,1.0
1710859500000.0,6016,1710859500000.0,0.0,-0.008723999999999999,1255.252817112587,1255.353055380001,4000.0,0.010905,5800.0,0.010887717540101044,long_ientry_partial,63.14876173258605,0.050307604071221985,1.0
1710859620000.0,6018,1710859620000.0,0.09655421390906034,-0.0019791,1255.3473922264961,1255.784876280001,-900.0,0.010995,4900.0,0.010887717540101044,long_nclose,53.34981594649511,0.042498049764434824,2.0
1710859680000.0,6019,1710859680000.0,0.08582596791916475,-0.0017592,1255.4314589944154,1255.9369170800012,-800.0,0.010995,4100.0,0.010887717540101044,long_nclose,44.63964191441428,0.035557211502545955,1.0
1710859740000.0,6020,1710859740000.0,0.14422596791916487,-0.00177088,1255.5739140823343,1256.244746200001,-800.0,0.011068,3300.0,0.010887717540101044,long_nclose,35.92946788233344,0.02861597193072726,1.0
1710859860000.0,6022,1710859860000.0,0.10816947593937365,-0.0013281599999999999,1255.6807553982737,1255.932618040001,-600.0,0.011068,2700.0,0.010887717540101044,long_nclose,29.39683735827282,0.023411075810386855,2.0
1710859920000.0,6023,1710859920000.0,0.042912983959582374,-0.0008796,1255.7227887822335,1255.918938440001,-400.0,0.010995,2300.0,0.010887717540101044,long_nclose,25.0417503422324,0.019942100729506727,1.0
1710859980000.0,6024,1710859980000.0,0.0,-0.007634900000000001,1255.7151538822334,1255.968303540001,3500.0,0.010907,5800.0,0.010899353507281448,long_ientry_partial,63.2162503422324,0.050342826672744846,1.0
1710859980000.0,6024,1710859980000.0,0.02869394781556539,-0.0006596999999999999,1255.743188130049,1255.983243840001,-300.0,0.010995,5500.0,0.010899353507281448,long_nclose,59.946444290047964,0.047737821599745524,0.0
1710860040000.0,6025,1710860040000.0,0.09688184344669604,-0.00198126,1255.8380887134956,1256.337862580001,-900.0,0.011007,4600.0,0.010899353507281448,long_nclose,50.137026133494665,0.03992316094255111,1.0
1710860220000.0,6028,1710860220000.0,0.16258184344669618,-0.0019944,1255.9986761569423,1256.977868180001,-900.0,0.01108,3700.0,0.010899353507281448,long_nclose,40.32760797694136,0.03210800197682872,3.0
1710860220000.0,6028,1710860220000.0,0.22738184344669699,-0.0020073600000000006,1256.224050640389,1256.9650608200009,-900.0,0.011152,2800.0,0.010899353507281448,long_nclose,30.518189820388056,0.02429358823756854,0.0
1710860280000.0,6029,1710860280000.0,0.2930818434466971,-0.0020205,1256.5151119838356,1257.0597403200009,-900.0,0.011225,1900.0,0.010899353507281448,long_nclose,20.708771663834753,0.016481116276539587,1.0
1710860280000.0,6029,1710860280000.0,0.3587818434466972,-0.00203364,1256.8718601872822,1257.1585066800008,-900.0,0.011298,1000.0,0.010899353507281448,long_nclose,10.899353507281448,0.008671809635118549,0.0
1710860340000.0,6030,1710860340000.0,0.0976939478155657,-0.0006735,1256.9688806350978,1257.1695331800008,-300.0,0.011225,700.0,0.010899353507281448,long_nclose,7.629547455097014,0.006069798204743222,1.0
1710860400000.0,6031,1710860400000.0,0.06512929854371047,-0.000449,1257.0335609336416,1257.128884180001,-200.0,0.011225,500.0,0.010899353507281448,long_nclose,5.449676753640724,0.00433534706073644,1.0
1710860520000.0,6033,1710860520000.0,0.010764649271855116,-0.00022014000000000002,1257.0441054429134,1257.0743640400008,-100.0,0.011007,400.0,0.010899353507281448,long_nclose,4.359741402912579,0.0034682485555082776,2.0
1710860580000.0,6034,1710860580000.0,0.010764649271855116,-0.00022014000000000002,1257.0546499521852,1257.0899439000007,-100.0,0.011007,300.0,0.010899353507281448,long_nclose,3.2698060521844345,0.002601164597186613,1.0
1710860640000.0,6035,1710860640000.0,0.01806464927185513,-0.0002216,1257.072493001457,1257.1120223000007,-100.0,0.01108,200.0,0.010899353507281448,long_nclose,2.1798707014562897,0.0017340851172803152,1.0
1710860760000.0,6037,1710860760000.0,0.01806464927185513,-0.0002216,1257.0903360507286,1257.1090007000005,-100.0,0.01108,100.0,0.010899353507281448,long_nclose,1.0899353507281448,0.0008670302519008161,2.0
1710861060000.0,6042,1710861060000.0,0.0,-0.012440820000000002,1257.0778952307287,1256.9574598800007,5700.0,0.010913,5800.0,0.010912764715642783,long_ientry_partial,63.294035350728144,0.05035012992501226,5.0
1710861480000.0,6049,1710861480000.0,0.09651175592149552,-0.0019836000000000003,1257.1724233866503,1257.7468762800006,-900.0,0.01102,4900.0,0.010912764715642783,long_nclose,53.472547106649635,0.042533980313219026,7.0
1710861540000.0,6050,1710861540000.0,0.16221175592149567,-0.0019967400000000003,1257.3326384025718,1258.3615795400005,-900.0,0.011093,4000.0,0.010912764715642783,long_nclose,43.65105886257113,0.03471719219667228,1.0
1710861540000.0,6050,1710861540000.0,0.2279117559214958,-0.0020098800000000003,1257.5585402784932,1258.3559696600005,-900.0,0.011166,3100.0,0.010912764715642783,long_nclose,33.829570618492625,0.026900990717299636,0.0
1710861600000.0,6051,1710861600000.0,0.3262352843572177,-0.0022478000000000003,1257.8825277628503,1258.4437218600003,-1000.0,0.011239,2100.0,0.010912764715642783,long_nclose,22.916805902849845,0.01821855809032302,1.0
1710861660000.0,6052,1710861660000.0,0.22836469905005238,-0.00157346,1258.1093190019003,1258.5100484000004,-700.0,0.011239,1400.0,0.010912764715642783,long_nclose,15.277870601899897,0.012143515965703471,1.0
1710861720000.0,6053,1710861720000.0,0.13049411374288708,-0.0008991200000000001,1258.2389139956433,1258.5751492800005,-400.0,0.011239,1000.0,0.010912764715642783,long_nclose,10.912764715642783,0.008673046584601635,1.0
1710861900000.0,6056,1710861900000.0,0.0978705853071653,-0.00067434,1258.3361102409506,1258.5539749400007,-300.0,0.011239,700.0,0.010912764715642783,long_nclose,7.6389353009499485,0.00607066366353201,3.0
1710861960000.0,6057,1710861960000.0,0.06524705687144354,-0.00044956000000000005,1258.4009077378219,1258.5210253800005,-200.0,0.011239,500.0,0.010912764715642783,long_nclose,5.456382357821392,0.004335965052369612,1.0
1710862020000.0,6058,1710862020000.0,0.025323528435721755,-0.00022332000000000002,1258.4260079462576,1258.5465020600004,-100.0,0.011166,400.0,0.010912764715642783,long_nclose,4.365105886257113,0.003468702854751814,1.0
1710862020000.0,6058,1710862020000.0,0.03262352843572177,-0.00022478000000000003,1258.4584066946934,1258.5487772800006,-100.0,0.011239,300.0,0.010912764715642783,long_nclose,3.273829414692835,0.002601460165291802,0.0
1710862200000.0,6061,1710862200000.0,0.025323528435721755,-0.00022332000000000002,1258.4835069031292,1258.5465539600007,-100.0,0.011166,200.0,0.010912764715642783,long_nclose,2.1825529431285564,0.00173427218645032,3.0
1710862260000.0,6062,1710862260000.0,0.03262352843572177,-0.00022478000000000003,1258.515905651565,1258.5464291800006,-100.0,0.011239,100.0,0.010912764715642783,long_nclose,1.0912764715642782,0.0008671137700077754,1.0
1710862320000.0,6063,1710862320000.0,0.03262352843572177,-0.00022478000000000003,1258.5483044000007,1258.5483044000007,-100.0,0.011239,0.0,0.010912764715642783,long_nclose,0.0,0.0,1.0
1710879900000.0,6356,1710879900000.0,0.0,-0.01252152,1258.5357828800006,1258.0065828800007,5400.0,0.011594,5400.0,0.011594,long_ientry_normal,62.6076,0.049746380557198294,293.0
1710880260000.0,6362,1710880260000.0,0.10259999999999957,-0.0021074400000000004,1258.6362754400006,1259.0862754400007,-900.0,0.011708,4500.0,0.011594,long_nclose,52.173,0.04145200723835891,6.0
1710880320000.0,6363,1710880320000.0,0.07979999999999966,-0.0016391199999999998,1258.7144363200007,1259.3262363200006,-700.0,0.011708,3800.0,0.011594,long_nclose,44.0572,0.035001743627257026,1.0
1710880380000.0,6364,1710880380000.0,0.13439999999999963,-0.00165004,1258.8471862800006,1259.4423862800006,-700.0,0.011786,3100.0,0.011594,long_nclose,35.9414,0.028551042884092916,1.0
1710880440000.0,6365,1710880440000.0,0.11519999999999968,-0.0014143200000000002,1258.9609719600005,1259.4309719600005,-600.0,0.011786,2500.0,0.011594,long_nclose,28.985,0.023022953566920346,1.0
1710880500000.0,6366,1710880500000.0,0.09599999999999972,-0.0011786,1259.0557933600005,1259.4857933600006,-500.0,0.011786,2000.0,0.011594,long_nclose,23.188,0.01841697573871524,1.0
1710880680000.0,6369,1710880680000.0,0.07679999999999979,-0.0009428799999999999,1259.1316504800006,1259.4260504800006,-400.0,0.011786,1600.0,0.011594,long_nclose,18.5504,0.014732692957823987,3.0
1710880740000.0,6370,1710880740000.0,0.05759999999999984,-0.0007071600000000001,1259.1885433200007,1259.3588433200007,-300.0,0.011786,1300.0,0.011594,long_nclose,15.0722,0.011969772183806841,1.0
1710880920000.0,6373,1710880920000.0,0.022799999999999904,-0.00046832000000000004,1259.2108750000007,1259.3153750000006,-200.0,0.011708,1100.0,0.011594,long_nclose,12.753400000000001,0.01012808914948419,3.0
1710880980000.0,6374,1710880980000.0,0.0,-0.00997256,1259.2009024400006,1258.5443024400006,4300.0,0.011596,5400.0,0.011595592592592593,long_ientry_partial,62.616200000000006,0.04972693386628477,1.0
1710883980000.0,6424,1710883980000.0,0.10296666666666614,-0.0021078,1259.3017613066672,1259.7355946400005,-900.0,0.01171,4500.0,0.011595592592592593,long_nclose,52.18016666666667,0.041435792651098875,50.0
1710884040000.0,6425,1710884040000.0,0.08008518518518477,-0.0016393999999999998,1259.3802070918525,1259.7541552400007,-700.0,0.01171,3800.0,0.011595592592592593,long_nclose,44.06325185185185,0.034988045392266603,1.0
1710884100000.0,6426,1710884100000.0,0.06864444444444409,-0.0014052000000000001,1259.4474463362972,1259.5959500400008,-600.0,0.01171,3200.0,0.011595592592592593,long_nclose,37.1058962962963,0.02946204417201883,1.0
1710884160000.0,6427,1710884160000.0,0.0,-0.005098719999999999,1259.4423476162972,1259.7366513200009,2200.0,0.011588,5400.0,0.011592499314128944,long_ientry_partial,62.5994962962963,0.04970413803758163,1.0
1710884700000.0,6436,1710884700000.0,0.10305061728395054,-0.00210726,1259.5432909735812,1260.166544060001,-900.0,0.011707,4500.0,0.011592499314128944,long_nclose,52.16624691358025,0.04141679550629629,9.0
1710884880000.0,6439,1710884880000.0,0.0801504801097393,-0.0016389800000000002,1259.6218024736909,1260.110105080001,-700.0,0.011707,3800.0,0.011592499314128944,long_nclose,44.051497393689985,0.03497200295134624,3.0
1710884940000.0,6440,1710884940000.0,0.13405048010973858,-0.00164976,1259.7542031938005,1260.1928553200007,-700.0,0.011784,3100.0,0.011592499314128944,long_nclose,35.936747873799725,0.028526793387702806,1.0
1710885180000.0,6444,1710885180000.0,0.057250342935528074,-0.0011707000000000002,1259.810282836736,1260.1027846200006,-500.0,0.011707,2600.0,0.011592499314128944,long_nclose,30.140498216735256,0.023924632642993982,4.0
1710885240000.0,6445,1710885240000.0,0.04580027434842246,-0.0009365600000000001,1259.8551465510845,1260.078448060001,-400.0,0.011707,2200.0,0.011592499314128944,long_nclose,25.50349849108368,0.02024319903831862,1.0
1710885420000.0,6448,1710885420000.0,0.034350205761316845,-0.00070242,1259.8887943368459,1260.119645640001,-300.0,0.011707,1900.0,0.011592499314128944,long_nclose,22.025748696844992,0.017482295894566194,3.0
1710885600000.0,6451,1710885600000.0,0.05745020576131653,-0.0007070399999999999,1259.9455375026073,1260.242338600001,-300.0,0.011784,1600.0,0.011592499314128944,long_nclose,18.54799890260631,0.01472127036488506,3.0
1710885660000.0,6452,1710885660000.0,0.05745020576131653,-0.0007070399999999999,1260.0022806683687,1260.2655315600011,-300.0,0.011784,1300.0,0.011592499314128944,long_nclose,15.070249108367628,0.011960493516228882,1.0
1710885900000.0,6456,1710885900000.0,0.02290013717421123,-0.00046828000000000006,1260.024712525543,1260.0549632800012,-200.0,0.011707,1100.0,0.011592499314128944,long_nclose,12.75174924554184,0.010120237419774684,4.0
1710885960000.0,6457,1710885960000.0,0.0,-0.00996998,1260.014742545543,1259.7668933000011,4300.0,0.011593,5400.0,0.011592898008433673,long_ientry_partial,62.601649245541836,0.04968326729183418,1.0
1710886740000.0,6470,1710886740000.0,0.0,-0.020184800000000003,1259.994557745543,1257.2003085000013,9200.0,0.01097,14600.0,0.011200386934626154,long_rentry,163.52564924554184,0.129782821870383,13.0
1710891360000.0,6547,1710891360000.0,0.2654713568972303,-0.00542928,1260.2545998224402,1261.677279220001,-2400.0,0.011311,12200.0,0.011200386934626154,long_nclose,136.64472060243907,0.10842628197642858,77.0
1710891540000.0,6550,1710891540000.0,0.2212261307476919,-0.0045244000000000005,1260.471301553188,1262.0381548200012,-2000.0,0.011311,10200.0,0.011200386934626154,long_nclose,114.24394673318677,0.09063589674149042,3.0
1710891600000.0,6551,1710891600000.0,0.37122613074769273,-0.004554400000000001,1260.8379732839358,1261.9910004200012,-2000.0,0.011386,8200.0,0.011200386934626154,long_nclose,91.84317286393446,0.07284296222830508,1.0
1710891660000.0,6552,1710891660000.0,0.2969809045981542,-0.0036435200000000004,1261.1313106685338,1262.2375569000012,-1600.0,0.011386,6600.0,0.011200386934626154,long_nclose,73.92255376853261,0.05861606411892651,1.0
1710891720000.0,6553,1710891720000.0,0.24129698498600027,-0.00296036,1261.3696472935198,1262.5812965400012,-1300.0,0.011386,5300.0,0.011200386934626154,long_nclose,59.362050753518616,0.04706158173449777,1.0
1710891900000.0,6556,1710891900000.0,0.08849045229907676,-0.00180976,1261.456327985819,1262.0980867800013,-800.0,0.011311,4500.0,0.011200386934626154,long_nclose,50.40174120581769,0.03995520105424078,3.0
1710891900000.0,6556,1710891900000.0,0.1484904522990771,-0.0018217600000000002,1261.602996678118,1262.1306650200013,-800.0,0.011386,3700.0,0.011200386934626154,long_nclose,41.44143165811677,0.0328482349576172,0.0
1710891960000.0,6557,1710891960000.0,0.12992914576169245,-0.0015940400000000001,1261.7313317838796,1262.6391709800012,-700.0,0.011386,3000.0,0.011200386934626154,long_nclose,33.601160803878464,0.026630995012521388,1.0
1710891960000.0,6557,1710891960000.0,0.18172914576169205,-0.0016044000000000002,1261.9114565296413,1262.607466580001,-700.0,0.01146,2300.0,0.011200386934626154,long_nclose,25.760889949640156,0.02041418184797584,0.0
1710892020000.0,6558,1710892020000.0,0.23422914576169235,-0.0016149000000000003,1262.144070775403,1262.669851680001,-700.0,0.011535,1600.0,0.011200386934626154,long_nclose,17.920619095401847,0.014198552693269199,1.0
1710892080000.0,6559,1710892080000.0,0.0,-0.0089388,1262.135131975403,1262.726512880001,3900.0,0.01146,5500.0,0.011384476199163973,long_ientry_partial,62.61461909540185,0.04961007542623582,1.0
1710892860000.0,6572,1710892860000.0,0.10127142075242473,-0.0020694600000000004,1262.2343339361555,1262.8807434200012,-900.0,0.011497,4600.0,0.011384476199163973,long_nclose,52.36859051615428,0.04148880212507602,13.0
1710892920000.0,6573,1710892920000.0,0.16967142075242445,-0.00208314,1262.401922216908,1263.3695602800012,-900.0,0.011573,3700.0,0.011384476199163973,long_nclose,42.1225619369067,0.033366997622227265,1.0
1710892920000.0,6573,1710892920000.0,0.23807142075242416,-0.00209682,1262.6378968176605,1263.3701634600013,-900.0,0.011649,2800.0,0.011384476199163973,long_nclose,31.876533357659124,0.025245981795731308,0.0
1710893040000.0,6575,1710893040000.0,0.0,-0.00618732,1262.6317094976605,1262.5350761400014,2700.0,0.011458,5500.0,0.011420569701392567,long_ientry_partial,62.81313335765912,0.049747787011185866,2.0
1710893160000.0,6577,1710893160000.0,0.10118726874668912,-0.00207594,1262.7308208264074,1262.5626002000015,-900.0,0.011533,4600.0,0.011420569701392567,long_nclose,52.53462062640581,0.04160397430706885,2.0
1710893880000.0,6589,1710893880000.0,0.07870120902520264,-0.0016146200000000002,1262.8079074154325,1263.5622855800016,-700.0,0.011533,3900.0,0.011420569701392567,long_nclose,44.54022183543101,0.03527078154474874,12.0
1710893880000.0,6589,1710893880000.0,0.13190120902520241,-0.0016252600000000001,1262.9381833644577,1263.5571603200015,-700.0,0.011609,3200.0,0.011420569701392567,long_nclose,36.54582304445621,0.028937143183919278,0.0
1710894000000.0,6591,1710894000000.0,0.21234423888594617,-0.0018697600000000003,1263.1486578433435,1263.7832905600012,-800.0,0.011686,2400.0,0.011420569701392567,long_nclose,27.409367283342164,0.021699241109229356,2.0
1710894060000.0,6592,1710894060000.0,0.1592581791644596,-0.00140232,1263.306513702508,1263.7482882400013,-600.0,0.011686,1800.0,0.011420569701392567,long_nclose,20.557025462506623,0.01627239726822744,1.0
1710894240000.0,6595,1710894240000.0,0.05652908958222961,-0.00069654,1263.3623462520902,1263.6929917000014,-300.0,0.011609,1500.0,0.011420569701392567,long_nclose,17.130854552088852,0.01355973177680141,3.0
1710894420000.0,6598,1710894420000.0,0.02248605972148647,-0.00046132000000000004,1263.3843709918117,1263.4850303800013,-200.0,0.011533,1300.0,0.011420569701392567,long_nclose,14.846740611810338,0.011751562669842909,3.0
1710894480000.0,6599,1710894480000.0,0.0,-0.00962556,1263.3747454318118,1263.4027048200014,4200.0,0.011459,5500.0,0.011449916474874608,long_ientry_partial,62.97454061181034,0.04984628736605474,1.0
1710895020000.0,6608,1710895020000.0,0.10177517261285349,-0.00208134,1263.4744392644247,1264.2384234800015,-900.0,0.011563,4600.0,0.011449916474874608,long_nclose,52.66961578442319,0.04168633266145584,9.0
1710895020000.0,6608,1710895020000.0,0.1701751726128532,-0.00209502,1263.6425194170374,1264.2570284600013,-900.0,0.011639,3700.0,0.011449916474874608,long_nclose,42.364690957036046,0.033525851105881084,0.0
1710895080000.0,6609,1710895080000.0,0.1323584675877747,-0.00162946,1263.773248424625,1264.3194990000013,-700.0,0.011639,3000.0,0.011449916474874608,long_nclose,34.34974942462382,0.027180310603538257,1.0
1710895140000.0,6610,1710895140000.0,0.11345011507523546,-0.00139668,1263.8853018597003,1264.4015023200013,-600.0,0.011639,2400.0,0.011449916474874608,long_nclose,27.47979953969906,0.02174232068310697,1.0
1710895200000.0,6611,1710895200000.0,0.15965011507523585,-0.0014059200000000002,1264.0435460547756,1264.4306964000014,-600.0,0.011716,1800.0,0.011449916474874608,long_nclose,20.609849654774294,0.01630469908975841,1.0
1710895440000.0,6615,1710895440000.0,0.05672505753761773,-0.00069834,1264.099572772313,1264.329198060001,-300.0,0.011639,1500.0,0.011449916474874608,long_nclose,17.17487471231191,0.013586647034968515,4.0
1710895500000.0,6616,1710895500000.0,0.0,-0.009167999999999999,1264.090404772313,1263.9900300600011,4000.0,0.01146,5500.0,0.011457249947693074,long_ientry_partial,63.01487471231191,0.049849974712577697,1.0
1710896280000.0,6629,1710896280000.0,0.10147504707623353,-0.0020826,1264.1897972193892,1264.832647460001,-900.0,0.01157,4600.0,0.011457249947693074,long_nclose,52.70334975938814,0.04168942818183647,13.0
1710897300000.0,6646,1710897300000.0,0.07892503661484832,-0.0016198,1264.267102456004,1264.890127660001,-700.0,0.01157,3900.0,0.011457249947693074,long_nclose,44.68327479600299,0.035343223523889765,17.0
1710897300000.0,6646,1710897300000.0,0.13282503661484757,-0.00163058,1264.398296912619,1264.909497080001,-700.0,0.011647,3200.0,0.011457249947693074,long_nclose,36.663199832617835,0.028996559013201192,0.0
1710897480000.0,6649,1710897480000.0,0.0,-0.00527022,1264.3930266926188,1263.946726860001,2300.0,0.011457,5500.0,0.011457145424112334,long_ientry_partial,63.01429983261784,0.049837588868589175,3.0
1710898320000.0,6663,1710898320000.0,0.10156911829889981,-0.0020826,1264.4925132109177,1264.731044260001,-900.0,0.01157,4600.0,0.011457145424112334,long_nclose,52.70286895091674,0.04167906761036385,14.0
1710898500000.0,6666,1710898500000.0,0.07899820312136652,-0.0016198,1264.5698916140389,1265.2791244600007,-700.0,0.01157,3900.0,0.011457145424112334,long_nclose,44.6828671540381,0.035334438571051965,3.0
1710898560000.0,6667,1710898560000.0,0.13289820312136577,-0.00163058,1264.7011592371603,1265.4814938800007,-700.0,0.011647,3200.0,0.011457145424112334,long_nclose,36.66286535715947,0.028989350637801024,1.0
1710898560000.0,6667,1710898560000.0,0.18609820312136677,-0.0016412200000000003,1264.8856162202817,1265.495252660001,-700.0,0.011723,2500.0,0.011457145424112334,long_nclose,28.642863560280833,0.02264462746115427,0.0
1710898620000.0,6668,1710898620000.0,0.1595127455326001,-0.0014067600000000002,1265.0437222058142,1265.3854459000008,-600.0,0.011723,1900.0,0.011457145424112334,long_nclose,21.768576305813436,0.017207765963895935,1.0
1710898680000.0,6669,1710898680000.0,0.05695637276629962,-0.0006988200000000001,1265.0999797585805,1265.3253470800007,-300.0,0.011647,1600.0,0.011457145424112334,long_nclose,18.331432678579734,0.014490105898253138,1.0
1710898740000.0,6670,1710898740000.0,0.05695637276629962,-0.0006988200000000001,1265.1562373113468,1265.3484482600009,-300.0,0.011647,1300.0,0.011457145424112334,long_nclose,14.894289051346034,0.01177268752434775,1.0
1710898860000.0,6672,1710898860000.0,0.0,-0.00962136,1265.1466159513468,1265.2965269000008,4200.0,0.011454,5500.0,0.011454743463881098,long_ientry_partial,63.00108905134604,0.04979746082944812,2.0
1710899100000.0,6676,1710899100000.0,0.10193088250701164,-0.0020822400000000004,1265.246464593854,1265.689244660001,-900.0,0.011568,4600.0,0.011454743463881098,long_nclose,52.691819933853054,0.04164549865054727,4.0
1710899160000.0,6677,1710899160000.0,0.07927957528323128,-0.0016195200000000002,1265.324124649137,1265.9296251400008,-700.0,0.011568,3900.0,0.011454743463881098,long_nclose,44.673499509136285,0.035305973101179784,1.0
1710899400000.0,6681,1710899400000.0,0.0679539216713411,-0.00138816,1265.3906904108082,1265.8601369800006,-600.0,0.011568,3300.0,0.011454743463881098,long_nclose,37.80065343080762,0.02987271339773779,4.0
1710899460000.0,6682,1710899460000.0,0.1135539216713409,-0.00139728,1265.5028470524796,1266.1299397000007,-600.0,0.011644,2700.0,0.011454743463881098,long_nclose,30.927807352478965,0.02443914482256112,1.0
1710899580000.0,6684,1710899580000.0,0.0,-0.00641536,1265.4964316924797,1265.6318243400008,2800.0,0.011456,5500.0,0.011455383154996175,long_ientry_partial,63.00460735247896,0.049786475705993385,2.0
1710899640000.0,6685,1710899640000.0,0.10135516050344251,-0.0020822400000000004,1265.5957046129834,1266.288542100001,-900.0,0.011568,4600.0,0.011455383154996175,long_nclose,52.69476251298241,0.04163633166651459,1.0
1710899700000.0,6686,1710899700000.0,0.17065516050344312,-0.0020961000000000005,1265.7642636734868,1266.632346000001,-900.0,0.011645,3700.0,0.011455383154996175,long_nclose,42.384917673485845,0.033485633059726946,1.0
1710899940000.0,6690,1710899940000.0,0.067570107002295,-0.00138816,1265.830445620489,1266.3500578400008,-600.0,0.011568,3100.0,0.011455383154996175,long_nclose,35.511687780488145,0.028054063562265568,4.0
1710900000000.0,6691,1710900000000.0,0.11377010700229541,-0.0013974,1265.942818327491,1266.1618604400007,-600.0,0.011645,2500.0,0.011455383154996175,long_nclose,28.63845788749044,0.022622236544085246,1.0
1710900060000.0,6692,1710900060000.0,0.04504673800153,-0.0009254400000000001,1265.9869396254926,1266.1625350000006,-400.0,0.011568,2100.0,0.011455383154996175,long_nclose,24.05630462549197,0.01900201642886487,1.0
1710900120000.0,6693,1710900120000.0,0.0337850535011475,-0.00069408,1266.0200305989938,1266.4495409200006,-300.0,0.011568,1800.0,0.011455383154996175,long_nclose,20.619689678993115,0.016287016935456616,1.0
1710900120000.0,6693,1710900120000.0,0.056885053501147705,-0.0006987,1266.076216952495,1266.434142220001,-300.0,0.011645,1500.0,0.011455383154996175,long_nclose,17.183074732494262,0.013571911787313033,0.0
1710900180000.0,6694,1710900180000.0,0.0796850535011476,-0.00070326,1266.1551987459964,1266.515938960001,-300.0,0.011721,1200.0,0.011455383154996175,long_nclose,13.74645978599541,0.01085685214546364,1.0
1710900180000.0,6694,1710900180000.0,0.10278505350114729,-0.0007078799999999999,1266.2572759194975,1266.5278310800009,-300.0,0.011798,900.0,0.011455383154996175,long_nclose,10.309844839496558,0.008141982704115185,0.0
1710900240000.0,6695,1710900240000.0,0.10278505350114729,-0.0007078799999999999,1266.3593530929986,1266.623123200001,-300.0,0.011798,600.0,0.011455383154996175,long_nclose,6.873229892997705,0.005427550936636033,1.0
1710900240000.0,6695,1710900240000.0,0.12588505350114748,-0.0007125,1266.4845256464998,1266.6164107000009,-300.0,0.011875,300.0,0.011455383154996175,long_nclose,3.4366149464988527,0.002713507253272258,0.0
1710900360000.0,6697,1710900360000.0,0.1486850535011474,-0.00071706,1266.632493640001,1266.632493640001,-300.0,0.011951,0.0,0.011455383154996175,long_nclose,0.0,0.0,2.0
1710911040000.0,6875,1710911040000.0,0.0,-0.0126198,1266.619873840001,1266.603673840001,5400.0,0.011685,5400.0,0.011685,long_ientry_normal,63.099,0.04981684031903216,178.0
1710913380000.0,6914,1710913380000.0,0.10350000000000047,-0.002124,1266.7212498400008,1267.211749840001,-900.0,0.0118,4500.0,0.011685,long_nclose,52.582499999999996,0.04151071122130593,39.0
1710913440000.0,6915,1710913440000.0,0.08050000000000036,-0.001652,1266.800097840001,1267.028097840001,-700.0,0.0118,3800.0,0.011685,long_nclose,44.403,0.03505130768122831,1.0
1710913500000.0,6916,1710913500000.0,0.0,-0.0037350400000000002,1266.796362800001,1266.871162800001,1600.0,0.011672,5400.0,0.011681148148148147,long_ientry_partial,63.078199999999995,0.049793480509036356,1.0
1710913500000.0,6916,1710913500000.0,0.07131111111111157,-0.0014160000000000002,1266.866257911112,1266.9327468000008,-600.0,0.0118,4800.0,0.011681148148148147,long_nclose,56.069511111111105,0.04425842961794721,0.0
1710913620000.0,6918,1710913620000.0,0.09188148148148167,-0.00188736,1266.9562520325935,1267.2396594400009,-800.0,0.011796,4000.0,0.011681148148148147,long_nclose,46.724592592592586,0.03687940488681574,2.0
1710913680000.0,6919,1710913680000.0,0.06891111111111126,-0.00141552,1267.0237476237048,1267.6624439200011,-600.0,0.011796,3400.0,0.011681148148148147,long_nclose,39.7159037037037,0.03134582424219801,1.0
1710913680000.0,6919,1710913680000.0,0.11571111111111122,-0.00142488,1267.1380338548158,1267.664019040001,-600.0,0.011874,2800.0,0.011681148148148147,long_nclose,32.70721481481481,0.025811879953847466,0.0
1710913740000.0,6920,1710913740000.0,0.09642592592592603,-0.0011874,1267.2332723807417,1267.706731640001,-500.0,0.011874,2300.0,0.011681148148148147,long_nclose,26.86664074074074,0.021201022200329843,1.0
1710913920000.0,6923,1710913920000.0,0.03445555555555563,-0.00070776,1267.2670201762971,1267.552723880001,-300.0,0.011796,2000.0,0.011681148148148147,long_nclose,23.362296296296293,0.018435180529708904,3.0
1710913980000.0,6924,1710913980000.0,0.07714074074074082,-0.00094992,1267.3432109970379,1267.5061739600008,-400.0,0.011874,1600.0,0.011681148148148147,long_nclose,18.689837037037034,0.014747257786889045,1.0
1710914040000.0,6925,1710914040000.0,0.02297037037037042,-0.00047184,1267.3657095274082,1267.5573021200007,-200.0,0.011796,1400.0,0.011681148148148147,long_nclose,16.353607407407406,0.012903621491783576,1.0
1710914220000.0,6928,1710914220000.0,0.03857037037037041,-0.00047496,1267.4038049377784,1267.7624271600007,-200.0,0.011874,1200.0,0.011681148148148147,long_nclose,14.017377777777776,0.011059914545913756,3.0
1710914220000.0,6928,1710914220000.0,0.05417037037037074,-0.00047808000000000003,1267.457497228149,1267.7563490800007,-200.0,0.011952,1000.0,0.011681148148148147,long_nclose,11.681148148148147,0.009216205019650833,0.0
1710914220000.0,6928,1710914220000.0,0.06977037037037073,-0.00048120000000000004,1267.5267863985193,1267.7658678800008,-200.0,0.01203,800.0,0.011681148148148147,long_nclose,9.344918518518517,0.007372560973697963,0.0
1710914460000.0,6932,1710914460000.0,0.05417037037037074,-0.00047808000000000003,1267.5804786888898,1267.776589800001,-200.0,0.011952,600.0,0.011681148148148147,long_nclose,7.008688888888888,0.005529186514562185,4.0
1710914520000.0,6933,1710914520000.0,0.06977037037037073,-0.00048120000000000004,1267.6497678592602,1267.806508600001,-200.0,0.01203,400.0,0.011681148148148147,long_nclose,4.672459259259258,0.0036859228611305314,1.0
1710914580000.0,6934,1710914580000.0,0.08557037037037057,-0.00048436000000000003,1267.7348538696306,1267.826224240001,-200.0,0.012109,200.0,0.011681148148148147,long_nclose,2.336229629629629,0.0018428377373222232,1.0
1710914580000.0,6934,1710914580000.0,0.10117037037037056,-0.00048748,1267.835536760001,1267.835536760001,-200.0,0.012187,0.0,0.011681148148148147,long_nclose,0.0,0.0,0.0
1710924960000.0,7107,1710924960000.0,0.0,-0.0125663,1267.8229704600012,1267.7540704600012,5300.0,0.011855,5300.0,0.011855,long_ientry_normal,62.8315,0.04955857518278202,173.0
1710925500000.0,7116,1710925500000.0,0.09360000000000063,-0.0019155200000000002,1267.9146549400011,1268.3691549400012,-800.0,0.011972,4500.0,0.011855,long_nclose,53.3475,0.04207499281765495,9.0
1710925560000.0,7117,1710925560000.0,0.08190000000000056,-0.0016760800000000001,1267.994878860001,1268.5306788600012,-700.0,0.011972,3800.0,0.011855,long_nclose,45.049,0.03552774601148357,1.0
1710925680000.0,7119,1710925680000.0,0.07020000000000047,-0.00143664,1268.0636422200012,1268.396442220001,-600.0,0.011972,3200.0,0.011855,long_nclose,37.936,0.029916479533775908,2.0
1710925740000.0,7120,1710925740000.0,0.05850000000000039,-0.0011972,1268.1209450200013,1268.4449450200013,-500.0,0.011972,2700.0,0.011855,long_nclose,32.0085,0.025240888990675215,1.0
1710926100000.0,7126,1710926100000.0,0.046800000000000314,-0.0009577600000000001,1268.1667872600015,1268.5209872600014,-400.0,0.011972,2300.0,0.011855,long_nclose,27.266499999999997,0.02150072078366911,6.0
1710926220000.0,7128,1710926220000.0,0.0784,-0.0009640799999999999,1268.2442231800017,1268.5539231800017,-400.0,0.012051,1900.0,0.011855,long_nclose,22.5245,0.017760380523178698,2.0
1710926400000.0,7131,1710926400000.0,0.0588,-0.00072306,1268.3023001200017,1268.6799001200018,-300.0,0.012051,1600.0,0.011855,long_nclose,18.968,0.014955425057736884,3.0
1710926460000.0,7132,1710926460000.0,0.11000000000000038,-0.0009704000000000001,1268.4113297200017,1268.7317297200018,-400.0,0.01213,1200.0,0.011855,long_nclose,14.225999999999999,0.011215604643913381,1.0
1710926520000.0,7133,1710926520000.0,0.08250000000000028,-0.0007278000000000001,1268.4931019200017,1268.7415019200016,-300.0,0.01213,900.0,0.011855,long_nclose,10.6695,0.008411161230479343,1.0
1710926820000.0,7138,1710926820000.0,0.05500000000000019,-0.00048520000000000003,1268.5476167200018,1268.7919167200018,-200.0,0.01213,700.0,0.011855,long_nclose,8.298499999999999,0.006541733152640239,5.0
1710926820000.0,7138,1710926820000.0,0.07100000000000023,-0.0004884,1268.6181283200017,1268.7926283200018,-200.0,0.01221,500.0,0.011855,long_nclose,5.927499999999999,0.004672406824147811,0.0
1710927000000.0,7141,1710927000000.0,0.027500000000000094,-0.00024260000000000002,1268.6453857200015,1268.7593857200015,-100.0,0.01213,400.0,0.011855,long_nclose,4.742,0.003737845148357786,3.0
1710927120000.0,7143,1710927120000.0,0.027500000000000094,-0.00024260000000000002,1268.6726431200013,1268.7680431200013,-100.0,0.01213,300.0,0.011855,long_nclose,3.5564999999999998,0.0028033236306362107,2.0
1710927180000.0,7144,1710927180000.0,0.035500000000000115,-0.0002442,1268.7078989200013,1268.7796989200012,-100.0,0.01221,200.0,0.011855,long_nclose,2.371,0.0018688304865275408,1.0
1710927300000.0,7146,1710927300000.0,0.027500000000000094,-0.00024260000000000002,1268.7351563200011,1268.7630563200012,-100.0,0.01213,100.0,0.011855,long_nclose,1.1855,0.000934395168364825,2.0
1710927540000.0,7150,1710927540000.0,0.0196,-0.00024101999999999997,1268.7545153000012,1268.7545153000012,-100.0,0.012051,0.0,0.011855,long_nclose,0.0,0.0,4.0
1710928920000.0,7173,1710928920000.0,0.0,-0.012584320000000001,1268.7419309800011,1268.7790309800012,5300.0,0.011872,5300.0,0.011872,long_ientry_normal,62.921600000000005,0.049593694717252806,23.0
1710929040000.0,7175,1710929040000.0,0.09359999999999924,-0.0019182400000000003,1268.8336127400012,1269.2746127400012,-800.0,0.011989,4500.0,0.011872,long_nclose,53.424,0.042104811429634785,2.0
1710929100000.0,7176,1710929100000.0,0.08189999999999933,-0.00167846,1268.913834280001,1269.502834280001,-700.0,0.011989,3800.0,0.011872,long_nclose,45.113600000000005,0.0355529262754063,1.0
1710929340000.0,7180,1710929340000.0,0.07019999999999943,-0.00143868,1268.9825956000009,1269.4209956000009,-600.0,0.011989,3200.0,0.011872,long_nclose,37.9904,0.02993768404052647,4.0
1710929700000.0,7186,1710929700000.0,0.0,-0.00498708,1268.9776085200008,1268.9151085200008,2100.0,0.011874,5300.0,0.011872792452830188,long_ientry_partial,62.925799999999995,0.04958779380937217,6.0
1710930420000.0,7198,1710930420000.0,0.09376603773584985,-0.0019184000000000002,1269.0694561577366,1269.5608901200007,-800.0,0.01199,4500.0,0.011872792452830188,long_nclose,53.42756603773585,0.04209979664903004,12.0
1710930480000.0,7199,1710930480000.0,0.08204528301886863,-0.0016786000000000001,1269.1498228407554,1269.5724115200007,-700.0,0.01199,3800.0,0.011872792452830188,long_nclose,45.116611320754714,0.035548688191729474,1.0
1710930780000.0,7204,1710930780000.0,0.0,-0.0035619000000000002,1269.1462609407554,1268.9933496200006,1500.0,0.011873,5300.0,0.01187285119259523,long_ientry_partial,62.92611132075472,0.049581449559730574,5.0
1710934380000.0,7264,1710934380000.0,0.09371904592381658,-0.0019184000000000002,1269.2380615866791,1269.6167312200007,-800.0,0.01199,4500.0,0.01187285119259523,long_nclose,53.427830366678535,0.04209441237516011,60.0
1710934500000.0,7266,1710934500000.0,0.0820041651833395,-0.0016786000000000001,1269.3183871518625,1269.8243526200006,-700.0,0.01199,3800.0,0.01187285119259523,long_nclose,45.116834531861876,0.03554414320988171,2.0
1710934620000.0,7268,1710934620000.0,0.07028928444286243,-0.0014388000000000003,1269.3872376363054,1269.6597138200007,-600.0,0.01199,3200.0,0.01187285119259523,long_nclose,37.99312381630474,0.02993028659012737,2.0
1710934920000.0,7273,1710934920000.0,0.0,-0.005217960000000001,1269.3820196763054,1269.4564958600006,2200.0,0.011859,5400.0,0.011867208114130504,long_ientry_partial,64.08292381630473,0.05048356036478757,5.0
1710938100000.0,7326,1710938100000.0,0.0,-0.02065952,1269.3613601563054,1265.9972363400007,9200.0,0.011228,14600.0,0.011464419439472927,long_rentry,167.38052381630473,0.13186199696175877,53.0
1710941340000.0,7380,1710941340000.0,0.0,-0.053196360000000005,1269.3081637963055,1261.4003399800008,24900.0,0.010682,39500.0,0.010971198071298854,long_rentry,433.3623238163047,0.34141616368414796,54.0
1710946860000.0,7472,1710946860000.0,0.700712536557453,-0.014402700000000003,1269.994473632863,1275.3009372800009,-6500.0,0.011079,33000.0,0.010971198071298854,long_nclose,362.04953635286216,0.2850796155964419,92.0
1710946860000.0,7472,1710946860000.0,1.1817125365574492,-0.0144989,1271.1616872694203,1275.4229383800007,-6500.0,0.011153,26500.0,0.010971198071298854,long_nclose,290.73674888941963,0.22871736286667876,0.0
1710946980000.0,7474,1710946980000.0,0.963550222116074,-0.011822180000000002,1272.1134153115363,1275.7556162000005,-5300.0,0.011153,21200.0,0.010971198071298854,long_nclose,232.5893991115357,0.18283699889649802,2.0
1710947100000.0,7476,1710947100000.0,0.3773067504540132,-0.0077553,1272.4829667619902,1274.6211609000004,-3500.0,0.011079,17700.0,0.010971198071298854,long_nclose,194.1902058619897,0.15260731258048482,2.0
1710947280000.0,7479,1710947280000.0,0.6363067504540111,-0.0078071,1273.111466412444,1276.9000538000003,-3500.0,0.011153,14200.0,0.010971198071298854,long_nclose,155.79101261244372,0.12237028470999005,3.0
1710947280000.0,7479,1710947280000.0,0.8918067504540116,-0.0078582,1273.995414962898,1276.8501956000002,-3500.0,0.011226,10700.0,0.010971198071298854,long_nclose,117.39181936289773,0.09214461683625172,0.0
1710947820000.0,7488,1710947820000.0,0.18326327879194926,-0.00376686,1274.1749113816898,1275.66712874,-1700.0,0.011079,9000.0,0.010971198071298854,long_nclose,98.74078264168968,0.07749389958919937,9.0
1710947880000.0,7489,1710947880000.0,0.32724347166206286,-0.00401508,1274.4981397733518,1276.85111366,-1800.0,0.011153,7200.0,0.010971198071298854,long_nclose,78.99262611335175,0.06197939694709893,1.0
1710947880000.0,7489,1710947880000.0,0.4586434716620631,-0.004041360000000001,1274.952741885014,1276.7174723,-1800.0,0.011226,5400.0,0.010971198071298854,long_nclose,59.24446958501381,0.04646797299907841,0.0
1710947880000.0,7489,1710947880000.0,0.5900434716620634,-0.00406764,1275.538717716676,1276.7152046600002,-1800.0,0.011299,3600.0,0.010971198071298854,long_nclose,39.496313056675874,0.030964417236489433,0.0
1710947940000.0,7490,1710947940000.0,0.0,-0.0045192,1275.534198516676,1276.59868546,2000.0,0.011298,5600.0,0.01108791304583498,long_ientry_partial,62.092313056675884,0.04867945769614276,1.0
1710947940000.0,7490,1710947940000.0,0.2533043449980246,-0.00271176,1275.784791101674,1276.6211737,-1200.0,0.011299,4400.0,0.01108791304583498,long_nclose,48.78681740167391,0.038240632543945906,0.0
1710948000000.0,7491,1710948000000.0,0.0,-0.00293228,1275.781858821674,1276.53274142,1300.0,0.011278,5700.0,0.011131266210819984,long_ientry_partial,63.44821740167391,0.049732810482409094,1.0
1710952440000.0,7565,1710952440000.0,0.09876041026201393,-0.00202338,1275.8785958519359,1275.4453180399998,-900.0,0.011241,4800.0,0.011131266210819984,long_nclose,53.430077811935924,0.04187708610023302,74.0
1710952560000.0,7567,1710952560000.0,0.08778703134401239,-0.0017985599999999998,1275.96458432328,1276.38351948,-800.0,0.011241,4000.0,0.011131266210819984,long_nclose,44.525064843279935,0.03489521996952151,2.0
1710952620000.0,7568,1710952620000.0,0.0,-0.00382024,1275.9607640832799,1275.70139924,1700.0,0.011236,5700.0,0.011162502604084197,long_ientry_partial,63.62626484327993,0.049865377239081896,1.0
1710952620000.0,7568,1710952620000.0,0.0470984375494813,-0.00134892,1276.0065136008293,1275.77445032,-600.0,0.011241,5100.0,0.011162502604084197,long_nclose,56.92876328082941,0.04461479049991615,0.0
1710955260000.0,7612,1710955260000.0,0.08759791673264294,-0.00180352,1276.0923079975619,1275.8063467999998,-800.0,0.011272,4300.0,0.011162502604084197,long_nclose,47.99876119756205,0.03761386296018152,44.0
1710955320000.0,7613,1710955320000.0,0.0,-0.0033288,1276.088979197562,1275.837818,1500.0,0.011096,5800.0,0.011145303654752078,long_ientry_partial,64.64276119756205,0.050656938702041854,1.0
1710957780000.0,7654,1710957780000.0,0.0987267107231295,-0.0020259,1276.185680008285,1277.5169921,-900.0,0.011255,4900.0,0.011145303654752078,long_nclose,54.61198790828518,0.04279313642504642,41.0
1710957780000.0,7654,1710957780000.0,0.1662267107231299,-0.0020394,1276.3498673190081,1277.4366526999997,-900.0,0.01133,4000.0,0.011145303654752078,long_nclose,44.581214619008314,0.03492867885249349,0.0
1710957780000.0,7654,1710957780000.0,0.23282671072312935,-0.0020527199999999996,1276.5806413097314,1277.42289998,-900.0,0.011404,3100.0,0.011145303654752078,long_nclose,34.55044132973144,0.02706483257828803,0.0
1710957840000.0,7655,1710957840000.0,0.0,-0.0056555,1276.5749858097313,1277.17264448,2500.0,0.011311,5600.0,0.011219275237452045,long_ientry_partial,62.82794132973145,0.04921602101570218,1.0
1710957900000.0,7656,1710957900000.0,0.09965228629315939,-0.0020394,1276.6725986960244,1277.8557050799998,-900.0,0.01133,4700.0,0.011219275237452045,long_nclose,52.73059361602461,0.04130314512106151,1.0
1710957900000.0,7656,1710957900000.0,0.16715228629315976,-0.0020529000000000003,1276.8376980823175,1277.7942521799998,-900.0,0.011405,3800.0,0.011219275237452045,long_nclose,42.63324590231777,0.033389714265445514,0.0
1710958080000.0,7659,1710958080000.0,0.0,-0.00407196,1276.8336261223176,1277.1821802199997,1800.0,0.011311,5600.0,0.01124875819684246,long_ientry_partial,62.993045902317775,0.04933535944978566,3.0
1710958080000.0,7659,1710958080000.0,0.04874508189452384,-0.0013596,1276.8810116042123,1277.19222062,-600.0,0.01133,5000.0,0.01124875819684246,long_nclose,56.2437909842123,0.044047793391140094,0.0
1710958140000.0,7660,1710958140000.0,0.0881934425260314,-0.00181744,1276.9673876067384,1277.19100318,-800.0,0.011359,4200.0,0.01124875819684246,long_nclose,47.244784426738335,0.03699764370277566,1.0
1710958200000.0,7661,1710958200000.0,0.0,-0.00316456,1276.9642230467384,1276.8406386200002,1400.0,0.011302,5600.0,0.011262068647631846,long_ientry_partial,63.067584426738335,0.049388685515608204,1.0
1710958440000.0,7665,1710958440000.0,0.09983821713133827,-0.00204714,1277.0620141238696,1277.1556914799999,-900.0,0.011373,4700.0,0.011262068647631846,long_nclose,52.931722643869676,0.04144804407183277,4.0
1710960180000.0,7694,1710960180000.0,0.07765194665770754,-0.0015922199999999999,1277.1380738505272,1278.0217992599999,-700.0,0.011373,4000.0,0.011262068647631846,long_nclose,45.048274590527384,0.03527283033283033,29.0
1710960180000.0,7694,1710960180000.0,0.13015194665770782,-0.0016027200000000002,1277.266623077185,1277.99569654,-700.0,0.011448,3300.0,0.011262068647631846,long_nclose,37.16482653718509,0.02909715627552199,0.0
1710960300000.0,7696,1710960300000.0,0.11155881142089243,-0.0013737600000000001,1277.376808128606,1277.80592278,-600.0,0.011448,2700.0,0.011262068647631846,long_nclose,30.407585348605984,0.023804710681379897,2.0
1710960420000.0,7698,1710960420000.0,0.09296567618407703,-0.0011448,1277.46862900479,1278.03607798,-500.0,0.011448,2200.0,0.011262068647631846,long_nclose,24.77655102479006,0.01939503676430175,2.0
1710960420000.0,7698,1710960420000.0,0.13096567618407687,-0.0011524,1277.5984422809743,1278.0369255800001,-500.0,0.011524,1700.0,0.011262068647631846,long_nclose,19.145516700974138,0.014985551067824161,0.0
1710960480000.0,7699,1710960480000.0,0.10477254094726149,-0.0009219199999999999,1277.7022929019215,1277.99600366,-400.0,0.011524,1300.0,0.011262068647631846,long_nclose,14.6406892419214,0.011458607629692375,1.0
1710960540000.0,7700,1710960540000.0,0.07857940571044611,-0.00069144,1277.7801808676318,1278.0211122199998,-300.0,0.011524,1000.0,0.011262068647631846,long_nclose,11.262068647631846,0.0088137762787843,1.0
1710960660000.0,7702,1710960660000.0,0.052386270473630744,-0.00046095999999999995,1277.8321061781053,1278.0808512599997,-200.0,0.011524,800.0,0.011262068647631846,long_nclose,9.009654918105477,0.007050734501461731,2.0
1710960720000.0,7703,1710960720000.0,0.06738627047363083,-0.00046395999999999997,1277.899028488579,1278.0861873,-200.0,0.011599,600.0,0.011262068647631846,long_nclose,6.7572411885791075,0.005287773946092721,1.0
1710960780000.0,7704,1710960780000.0,0.06738627047363083,-0.00046395999999999997,1277.9659507990527,1278.10872334,-200.0,0.011599,400.0,0.011262068647631846,long_nclose,4.504827459052739,0.0035249980300618177,1.0
1710960840000.0,7705,1710960840000.0,0.08238627047363091,-0.00046696000000000004,1278.0478701095262,1278.1272563799998,-200.0,0.011674,200.0,0.011262068647631846,long_nclose,2.2524137295263693,0.0017623860437507258,1.0
1710960900000.0,7706,1710960900000.0,0.041193135236815455,-0.00023348000000000002,1278.0888297647632,1278.1284229,-100.0,0.011674,100.0,0.011262068647631846,long_nclose,1.1262068647631847,0.0008811647817706591,1.0
1710960960000.0,7707,1710960960000.0,0.041193135236815455,-0.00023348000000000002,1278.1297894200002,1278.1297894200002,-100.0,0.011674,0.0,0.011262068647631846,long_nclose,0.0,0.0,1.0
1710983160000.0,8077,1710983160000.0,0.0,-0.0126846,1278.1171048200001,1278.37090482,5400.0,0.011745,5400.0,0.011745,long_ientry_normal,63.423,0.049622213614715686,370.0
1710983220000.0,8078,1710983220000.0,0.1043999999999998,-0.00213498,1278.2193698400001,1278.5433698400002,-900.0,0.011861,4500.0,0.011745,long_nclose,52.8525,0.041348536289679105,1.0
1710997080000.0,8309,1710997080000.0,0.0,-0.0027002400000000005,1278.2166696000002,1276.2159696,1200.0,0.011251,5700.0,0.011641,long_ientry_partial,66.3537,0.05191115213726986,231.0
1710998340000.0,8330,1710998340000.0,0.0,-0.021361340000000003,1278.19530826,1274.46570826,9700.0,0.011011,15400.0,0.01124418181818182,long_rentry,173.16040000000004,0.13547256736196467,21.0
1711001580000.0,8384,1711001580000.0,0.2770454545454517,-0.005677500000000001,1278.4666762145455,1279.38023076,-2500.0,0.011355,12900.0,0.01124418181818182,long_nclose,145.04994545454548,0.1134561800891273,54.0
1711003800000.0,8421,1711003800000.0,0.23271818181817944,-0.0047691,1278.6946252963637,1280.36666166,-2100.0,0.011355,10800.0,0.01124418181818182,long_nclose,121.43716363636365,0.09496963640417125,37.0
1711004220000.0,8428,1711004220000.0,0.39021818181817663,-0.0048005999999999995,1279.080042878182,1280.6879610600001,-2100.0,0.01143,8700.0,0.01124418181818182,long_nclose,97.82438181818183,0.07648026592460759,7.0
1711004580000.0,8434,1711004580000.0,0.15514545454545295,-0.0031794,1279.2320089327275,1280.21618166,-1400.0,0.011355,7300.0,0.01124418181818182,long_nclose,82.08252727272729,0.06416547326798783,6.0
1711004760000.0,8437,1711004760000.0,0.2601454545454511,-0.0032004,1279.488953987273,1280.4613812600003,-1400.0,0.01143,5900.0,0.01124418181818182,long_nclose,66.34067272727273,0.05184935166539361,3.0
1711004880000.0,8439,1711004880000.0,0.2043999999999973,-0.0025145999999999996,1279.690839387273,1280.51556666,-1100.0,0.01143,4800.0,0.01124418181818182,long_nclose,53.97207272727273,0.042175868628640825,2.0
1711004940000.0,8440,1711004940000.0,0.1672363636363614,-0.0020574,1279.8560183509094,1280.7484092600002,-900.0,0.01143,3900.0,0.01124418181818182,long_nclose,43.852309090909095,0.034263470626494895,1.0
1711004940000.0,8440,1711004940000.0,0.2347363636363618,-0.0020709,1280.0886838145457,1280.7751383600003,-900.0,0.011505,3000.0,0.01124418181818182,long_nclose,33.73254545454546,0.0263517253773587,0.0
1711005000000.0,8441,1711005000000.0,0.0,-0.005965960000000001,1280.0827178545458,1280.7747724000003,2600.0,0.011473,5600.0,0.011350418831168833,long_ientry_partial,63.562345454545465,0.04965487352339052,1.0
1711005420000.0,8448,1711005420000.0,0.10042305194805055,-0.00206316,1280.1810777464939,1281.0674092400004,-900.0,0.011462,4700.0,0.011350418831168833,long_nclose,53.34696850649351,0.041671424014796656,7.0
1711005420000.0,8448,1711005420000.0,0.16882305194805025,-0.00207684,1280.347823958442,1281.0644324000004,-900.0,0.011538,3800.0,0.011350418831168833,long_nclose,43.13159155844156,0.03368740177578616,0.0
1711005900000.0,8456,1711005900000.0,0.23722305194805,-0.00209052,1280.5829564903902,1281.4952418800005,-900.0,0.011614,2900.0,0.011350418831168833,long_nclose,32.916214610389616,0.02570408613011759,8.0
1711005900000.0,8456,1711005900000.0,0.3056230519480512,-0.0021042,1280.8864753423381,1281.5156376800005,-900.0,0.01169,2000.0,0.011350418831168833,long_nclose,22.700837662337666,0.01772275537242322,0.0
1711005960000.0,8457,1711005960000.0,0.20374870129870082,-0.0014028,1281.0888212436369,1281.4690348800004,-600.0,0.01169,1400.0,0.011350418831168833,long_nclose,15.890586363636366,0.012403969264371796,1.0
1711006020000.0,8458,1711006020000.0,0.13583246753246722,-0.0009352000000000001,1281.2237185111694,1281.5042996800005,-400.0,0.01169,1000.0,0.011350418831168833,long_nclose,11.350418831168833,0.008859045198100492,1.0
1711006080000.0,8459,1711006080000.0,0.10187435064935041,-0.0007014,1281.3248914618187,1281.5184982800004,-300.0,0.01169,700.0,0.011350418831168833,long_nclose,7.945293181818183,0.006200841983763912,1.0
1711006140000.0,8460,1711006140000.0,0.06791623376623361,-0.00046760000000000004,1281.3923400955848,1281.5371306800005,-200.0,0.01169,500.0,0.011350418831168833,long_nclose,5.675209415584416,0.004428939707225873,1.0
1711006200000.0,8461,1711006200000.0,0.033958116883116805,-0.00023380000000000002,1281.426064412468,1281.5530968800003,-100.0,0.01169,400.0,0.011350418831168833,long_nclose,4.5401675324675335,0.0035430585178156137,1.0
1711006260000.0,8462,1711006260000.0,0.033958116883116805,-0.00023380000000000002,1281.459788729351,1281.5496630800003,-100.0,0.01169,300.0,0.011350418831168833,long_nclose,3.4051256493506497,0.002657223956068921,1.0
1711006380000.0,8464,1711006380000.0,0.026358116883116664,-0.00023228000000000002,1281.485914566234,1281.5384308000002,-100.0,0.011614,200.0,0.011350418831168833,long_nclose,2.2700837662337667,0.0017714465219090293,2.0
1711006440000.0,8465,1711006440000.0,0.026358116883116664,-0.00023228000000000002,1281.512040403117,1281.53849852,-100.0,0.011614,100.0,0.011350418831168833,long_nclose,1.1350418831168834,0.0008857052039556652,1.0
1711006440000.0,8465,1711006440000.0,0.033958116883116805,-0.00023380000000000002,1281.54576472,1281.54576472,-100.0,0.01169,0.0,0.011350418831168833,long_nclose,0.0,0.0,0.0
1711012440000.0,8565,1711012440000.0,0.0,-0.0127545,1281.53301022,1281.6595102200001,5500.0,0.011595,5500.0,0.011595,long_ientry_normal,63.772499999999994,0.04976266665893546,100.0
1711022880000.0,8739,1711022880000.0,0.10260000000000113,-0.00210762,1281.6335026,1282.1395026,-900.0,0.011709,4600.0,0.011595,long_nclose,53.336999999999996,0.0416164214588627,174.0
1711022940000.0,8740,1711022940000.0,0.07980000000000087,-0.0016392600000000002,1281.7116633399999,1282.37076334,-700.0,0.011709,3900.0,0.011595,long_nclose,45.220499999999994,0.03528133611748553,1.0
1711022940000.0,8740,1711022940000.0,0.13440000000000085,-0.00165018,1281.8444131599997,1282.3852131599997,-700.0,0.011787,3200.0,0.011595,long_nclose,37.104,0.02894579062721919,0.0
1711023180000.0,8744,1711023180000.0,0.05700000000000063,-0.0011709000000000001,1281.9002422599997,1282.1540422599996,-500.0,0.011709,2700.0,0.011595,long_nclose,31.3065,0.024421947174927128,4.0
1711023240000.0,8745,1711023240000.0,0.0456000000000005,-0.00093672,1281.9449055399996,1282.2439055399996,-400.0,0.011709,2300.0,0.011595,long_nclose,26.668499999999998,0.020803156114393467,1.0
1711023300000.0,8746,1711023300000.0,0.07680000000000048,-0.0009429600000000001,1282.0207625799997,1282.3779625799996,-400.0,0.011787,1900.0,0.011595,long_nclose,22.0305,0.017184199073082693,1.0
1711023360000.0,8747,1711023360000.0,0.05760000000000036,-0.00070722,1282.0776553599997,1282.4424553599997,-300.0,0.011787,1600.0,0.011595,long_nclose,18.552,0.014470262329617397,1.0
1711023360000.0,8747,1711023360000.0,0.08070000000000005,-0.0007118399999999999,1282.1576435199997,1282.4540435199997,-300.0,0.011864,1300.0,0.011595,long_nclose,15.0735,0.01175635466994342,0.0
1711023420000.0,8748,1711023420000.0,0.08070000000000005,-0.0007118399999999999,1282.2376316799998,1282.6026316799998,-300.0,0.011864,1000.0,0.011595,long_nclose,11.594999999999999,0.009042785606602514,1.0
1711023420000.0,8748,1711023420000.0,0.10410000000000003,-0.00071652,1282.3410151599999,1282.5965151599999,-300.0,0.011942,700.0,0.011595,long_nclose,8.1165,0.006329439598395198,0.0
1711023480000.0,8749,1711023480000.0,0.12720000000000023,-0.0007211400000000001,1282.4674940199998,1282.6694940199998,-300.0,0.012019,400.0,0.011595,long_nclose,4.638,0.003616465931204079,1.0
1711023480000.0,8749,1711023480000.0,0.20080000000000028,-0.00096776,1282.6673262599998,1282.6673262599998,-400.0,0.012097,0.0,0.011595,long_nclose,0.0,0.0,0.0
1711068540000.0,9500,1711068540000.0,0.0,-0.0127988,1282.6545274599998,1283.13962746,4900.0,0.01306,4900.0,0.01306,long_ientry_normal,63.994,0.049891844319705704,751.0
1711068600000.0,9501,1711068600000.0,0.10239999999999971,-0.00211008,1282.7548173799998,1283.25911738,-800.0,0.013188,4100.0,0.01306,long_nclose,53.546,0.04174297322801453,1.0
1711068780000.0,9504,1711068780000.0,0.07679999999999979,-0.00158256,1282.8300348199998,1283.2465348199999,-600.0,0.013188,3500.0,0.01306,long_nclose,45.71,0.03563215606065366,3.0
1711068840000.0,9505,1711068840000.0,0.06399999999999982,-0.0013188000000000002,1282.8927160199999,1283.33071602,-500.0,0.013188,3000.0,0.01306,long_nclose,39.18,0.030540355799626502,1.0
1711069380000.0,9514,1711069380000.0,0.06399999999999982,-0.0013188000000000002,1282.95539722,1283.2453972199999,-500.0,0.013188,2500.0,0.01306,long_nclose,32.65,0.02544905307756479,9.0
1711069440000.0,9515,1711069440000.0,0.05119999999999986,-0.00105504,1283.00554218,1283.13784218,-400.0,0.013188,2100.0,0.01306,long_nclose,27.426000000000002,0.021376369078967124,1.0
1711069560000.0,9517,1711069560000.0,0.0,-0.00731528,1282.9982269,1283.2642269,2800.0,0.013063,4900.0,0.013061714285714284,long_ientry_partial,64.0024,0.04988502607259526,2.0
1711069680000.0,9519,1711069680000.0,0.10262857142857296,-0.0021104,1283.0987450714285,1283.9855165,-800.0,0.01319,4100.0,0.013061714285714284,long_nclose,53.55302857142856,0.04173726205962997,2.0
1711069680000.0,9519,1711069680000.0,0.1730285714285726,-0.00212448,1283.2696491628571,1283.98339202,-800.0,0.013278,3300.0,0.013061714285714284,long_nclose,43.10365714285714,0.033588932124262325,0.0
1711069740000.0,9520,1711069740000.0,0.12977142857142943,-0.00159336,1283.3978272314287,1284.19779866,-600.0,0.013278,2700.0,0.013061714285714284,long_nclose,35.26662857142857,0.027479108833701582,1.0
1711069740000.0,9520,1711069740000.0,0.18197142857142962,-0.0016038,1283.57819486,1284.20039486,-600.0,0.013365,2100.0,0.013061714285714284,long_nclose,27.429599999999997,0.02136963693356582,0.0
1711069800000.0,9521,1711069800000.0,0.151642857142858,-0.0013365,1283.7285012171428,1284.32255836,-500.0,0.013365,1600.0,0.013061714285714284,long_nclose,20.898742857142853,0.016279721792675093,1.0
1711069860000.0,9522,1711069860000.0,0.19514285714285814,-0.0013452,1283.9222988742856,1284.32631316,-500.0,0.013452,1100.0,0.013061714285714284,long_nclose,14.367885714285713,0.011190619344241589,1.0
1711069920000.0,9523,1711069920000.0,0.11708571428571488,-0.0008071200000000001,1284.0385774685712,1284.3604060399998,-300.0,0.013452,800.0,0.013061714285714284,long_nclose,10.449371428571427,0.00813789524078936,1.0
1711070160000.0,9527,1711070160000.0,0.07805714285714326,-0.00053808,1284.1160965314284,1284.3502679599999,-200.0,0.013452,600.0,0.013061714285714284,long_nclose,7.83702857142857,0.006103052981422354,4.0
1711070280000.0,9529,1711070280000.0,0.07805714285714326,-0.00053808,1284.1936155942856,1284.3789298799998,-200.0,0.013452,400.0,0.013061714285714284,long_nclose,5.224685714285713,0.00406845638448988,2.0
1711070280000.0,9529,1711070280000.0,0.09565714285714316,-0.0005416,1284.2887311371428,1284.38138828,-200.0,0.01354,200.0,0.013061714285714284,long_nclose,2.6123428571428566,0.0020340775355319205,0.0
1711070340000.0,9530,1711070340000.0,0.04782857142857158,-0.0002708,1284.3362889085715,1284.38091748,-100.0,0.01354,100.0,0.013061714285714284,long_nclose,1.3061714285714283,0.0010170011077717132,1.0
1711070400000.0,9531,1711070400000.0,0.04782857142857158,-0.0002708,1284.3838466800003,1284.3838466800003,-100.0,0.01354,0.0,0.013061714285714284,long_nclose,0.0,0.0,1.0
1711111620000.0,10218,1711111620000.0,0.0,-0.012977359999999999,1284.3708693200003,1284.2784693200003,4400.0,0.014747,4400.0,0.014747,long_ientry_normal,64.8868,0.050520298731435556,687.0
1711113120000.0,10243,1711113120000.0,0.0,-0.020929500000000004,1284.3499398200004,1280.7849398200003,7500.0,0.013953,11900.0,0.014246579831932773,long_rentry,169.5343,0.13200008404544322,25.0
1711115580000.0,10284,1711115580000.0,0.26679831932773185,-0.00546706,1284.6112710793282,1285.2154727600005,-1900.0,0.014387,10000.0,0.014246579831932773,long_nclose,142.46579831932775,0.11090187477463764,41.0
1711117560000.0,10317,1711117560000.0,0.22467226890756364,-0.0046038400000000005,1284.8313395082357,1284.8936689200004,-1600.0,0.014387,8400.0,0.014246579831932773,long_nclose,119.67127058823529,0.09314161859877967,33.0
1711117680000.0,10319,1711117680000.0,0.19658823529411817,-0.00402836,1285.0238993835299,1286.2168405600005,-1400.0,0.014387,7000.0,0.014246579831932773,long_nclose,99.72605882352941,0.07760638449710658,2.0
1711117740000.0,10320,1711117740000.0,0.3295882352941176,-0.00405496,1285.3494326588238,1286.0069856000002,-1400.0,0.014482,5600.0,0.014246579831932773,long_nclose,79.78084705882353,0.06206938364907663,1.0
1711117800000.0,10321,1711117800000.0,0.12637815126050456,-0.00258966,1285.4732211500843,1286.1519959400002,-900.0,0.014387,4700.0,0.014246579831932773,long_nclose,66.95892521008403,0.05208893044864627,1.0
1711119240000.0,10345,1711119240000.0,0.0,-0.021560000000000003,1285.4516611500844,1282.8666359400004,8000.0,0.013475,12700.0,0.013760545292132602,long_rentry,174.75892521008404,0.1359513784079041,24.0
1711120020000.0,10358,1711120020000.0,0.2844548865215369,-0.00583632,1285.730279716606,1287.3674996200004,-2100.0,0.013896,10600.0,0.013760545292132602,long_nclose,145.86178009660557,0.11344663993505362,13.0
1711120080000.0,10359,1711120080000.0,0.477654886521537,-0.00587496,1286.2020596431275,1289.0109246600005,-2100.0,0.013988,8500.0,0.013760545292132602,long_nclose,116.96463498312711,0.09093799384490209,1.0
1711120080000.0,10359,1711120080000.0,0.6708548865215371,-0.005913600000000001,1286.867000929649,1288.9819110600004,-2100.0,0.01408,6400.0,0.013760545292132602,long_nclose,88.06748986964865,0.06843558021615877,0.0
1711120140000.0,10360,1711120140000.0,0.8640548865215373,-0.005952240000000001,1287.7251035761706,1289.9845588200003,-2100.0,0.014172,4300.0,0.013760545292132602,long_nclose,59.17034475617019,0.045949515616218774,1.0
1711120140000.0,10360,1711120140000.0,1.0572548865215374,-0.0059908800000000005,1288.7763675826923,1289.9323679400006,-2100.0,0.014264,2200.0,0.013760545292132602,long_nclose,30.273199642691726,0.023489877999139593,0.0
1711120200000.0,10361,1711120200000.0,0.0,-0.00657156,1288.7697960226922,1290.0562963800005,2300.0,0.014286,4500.0,0.014029111031709271,long_ientry_partial,63.13099964269172,0.048985474238705806,1.0
1711120380000.0,10364,1711120380000.0,0.20870007146165553,-0.00256698,1288.9759291141538,1289.8683294000004,-900.0,0.014261,3600.0,0.014029111031709271,long_nclose,50.50479971415338,0.03918211238348159,3.0
1711120560000.0,10367,1711120560000.0,0.08273338097443787,-0.0017000400000000003,1289.056962455128,1289.6206293600003,-600.0,0.014167,3000.0,0.014029111031709271,long_nclose,42.08733309512781,0.03264970774834387,3.0
1711120560000.0,10367,1711120560000.0,0.13913338097443703,-0.00171132,1289.1943845161027,1289.6453180400003,-600.0,0.014261,2400.0,0.014029111031709271,long_nclose,33.66986647610225,0.026116981954385558,0.0
1711120620000.0,10368,1711120620000.0,0.0,-0.005971140000000001,1289.1884133761027,1290.6383469000004,2100.0,0.014217,4500.0,0.014116792550244945,long_ientry_partial,63.52556647610225,0.04927562629091792,1.0
1711120620000.0,10368,1711120620000.0,0.0576829799020219,-0.00114088,1289.2449554760046,1290.5660060200003,-400.0,0.014261,4100.0,0.014116792550244945,long_nclose,57.878849456004275,0.04489360164658136,0.0
1711120620000.0,10368,1711120620000.0,0.09528297990202203,-0.0011484000000000002,1289.3390900559068,1290.5312576200006,-400.0,0.014355,3700.0,0.014116792550244945,long_nclose,52.232132435906294,0.0405107801653958,0.0
1711120740000.0,10370,1711120740000.0,0.2944867047795501,-0.0025999200000000004,1289.6309768406863,1290.7851577000006,-900.0,0.014444,2800.0,0.014116792550244945,long_nclose,39.527019140685844,0.030649867947122666,2.0
1711120740000.0,10370,1711120740000.0,0.3799867047795497,-0.0026170200000000003,1290.008346525466,1290.7915406800007,-900.0,0.014539,1900.0,0.014116792550244945,long_nclose,26.821905845465395,0.020792040545867817,0.0
1711120800000.0,10371,1711120800000.0,0.0,-0.0072645,1290.001082025466,1290.7094761800006,2500.0,0.014529,4400.0,0.014351001328514863,long_ientry_partial,63.1444058454654,0.04894911076068296,1.0
1711120800000.0,10371,1711120800000.0,0.11279920289108195,-0.00174468,1290.112136548357,1290.7239315000006,-600.0,0.014539,3800.0,0.014351001328514863,long_nclose,54.53380504835648,0.042270592999969346,0.0
1711120920000.0,10373,1711120920000.0,0.08459920289108185,-0.00173904,1290.194996711248,1290.8061924600004,-600.0,0.014492,3200.0,0.014351001328514863,long_nclose,45.92320425124756,0.035594002742459406,2.0
1711120980000.0,10374,1711120980000.0,0.0,-0.00349008,1290.191506631248,1290.2219023800005,1200.0,0.014542,4400.0,0.014403091875283536,long_ientry_partial,63.37360425124756,0.049119532972836784,1.0
1711121100000.0,10376,1711121100000.0,0.09933568730152495,-0.0020363,1290.2888060185496,1290.8545660800005,-700.0,0.014545,3700.0,0.014403091875283536,long_nclose,53.29143993854908,0.04130194704470136,2.0
1711121280000.0,10379,1711121280000.0,0.08514487482987852,-0.0017454000000000002,1290.3722054933796,1290.6881206800006,-600.0,0.014545,3100.0,0.014403091875283536,long_nclose,44.649584813378965,0.03460209745939699,3.0
1711121340000.0,10380,1711121340000.0,0.0,-0.0037713000000000004,1290.3684341933797,1290.9967493800007,1300.0,0.014505,4400.0,0.014433201093949764,long_ientry_partial,63.50608481337896,0.049215466784939724,1.0
1711121340000.0,10380,1711121340000.0,0.055899453025118166,-0.0014545,1290.422879146405,1290.9797948800008,-500.0,0.014545,3900.0,0.014433201093949764,long_nclose,56.28948426640408,0.04362095959088909,0.0
1711122540000.0,10400,1711122540000.0,0.08507934363014107,-0.001749,1290.5062094900352,1291.782645880001,-600.0,0.014575,3300.0,0.014433201093949764,long_nclose,47.629563610034225,0.03690765938186057,20.0
1711122540000.0,10400,1711122540000.0,0.143279343630141,-0.0017606400000000002,1290.6477281936654,1291.692085240001,-600.0,0.014672,2700.0,0.014433201093949764,long_nclose,38.96964295366436,0.030193864756733104,0.0
1711122540000.0,10400,1711122540000.0,0.20087934363014134,-0.00177216,1290.8468353772955,1291.659113080001,-600.0,0.014768,2100.0,0.014433201093949764,long_nclose,30.309722297294506,0.023480494716040745,0.0
1711122720000.0,10403,1711122720000.0,0.16739945302511777,-0.0014768000000000001,1291.0127580303206,1291.503636280001,-500.0,0.014768,1600.0,0.014433201093949764,long_nclose,23.09312175031962,0.017887601502523075,3.0
1711122840000.0,10405,1711122840000.0,0.0,-0.0081648,1291.0045932303206,1291.160271480001,2800.0,0.01458,4400.0,0.014526618579618095,long_ientry_partial,63.917121750319616,0.049509600574222386,2.0
1711128780000.0,10504,1711128780000.0,0.09966699426733355,-0.00205366,1291.102206564588,1291.529117820001,-700.0,0.014669,3700.0,0.014526618579618095,long_nclose,53.74848874458695,0.04162992555608971,99.0
1711128840000.0,10505,1711128840000.0,0.08542885222914305,-0.00176028,1291.185875136817,1291.9837575400009,-600.0,0.014669,3100.0,0.014526618579618095,long_nclose,45.03251759681609,0.034876866657207156,1.0
1711128840000.0,10505,1711128840000.0,0.14422885222914356,-0.0017720400000000003,1291.328331949046,1291.9717855000008,-600.0,0.014767,2500.0,0.014526618579618095,long_nclose,36.316546449045234,0.028123402507735137,0.0
1711129260000.0,10512,1711129260000.0,0.056952568152762034,-0.00117352,1291.3841109971988,1291.6831119800008,-400.0,0.014669,2100.0,0.014526618579618095,long_nclose,30.505899017197997,0.023622637724450186,7.0
1711129380000.0,10514,1711129380000.0,0.042714426114571526,-0.00088014,1291.4259452833135,1291.684031840001,-300.0,0.014669,1800.0,0.014526618579618095,long_nclose,26.14791344331257,0.020247319282079495,2.0
1711129500000.0,10516,1711129500000.0,0.042714426114571526,-0.00088014,1291.467779569428,1291.7143517000009,-300.0,0.014669,1500.0,0.014526618579618095,long_nclose,21.789927869427142,0.016872219511888904,2.0
1711130100000.0,10526,1711130100000.0,0.028476284076381017,-0.00058676,1291.4956690935044,1291.763964940001,-200.0,0.014669,1300.0,0.014526618579618095,long_nclose,18.884604153503524,0.014622274472479302,10.0
1711130460000.0,10532,1711130460000.0,0.028476284076381017,-0.00058676,1291.5235586175806,1291.6911781800006,-200.0,0.014669,1100.0,0.014526618579618095,long_nclose,15.979280437579904,0.012372426604965523,6.0
1711130520000.0,10533,1711130520000.0,0.04807628407638119,-0.0005906800000000001,1291.571044221657,1291.8332875000008,-200.0,0.014767,900.0,0.014526618579618095,long_nclose,13.073956721656286,0.010122522318960069,1.0
1711130760000.0,10537,1711130760000.0,0.06747628407638116,-0.00059456,1291.6379259457333,1291.8040929400006,-200.0,0.014864,700.0,0.014526618579618095,long_nclose,10.168633005732666,0.007872665242689605,4.0
1711130820000.0,10538,1711130820000.0,0.024038142038190595,-0.00029534000000000006,1291.6616687477713,1291.7476976000005,-100.0,0.014767,600.0,0.014526618579618095,long_nclose,8.715971147770857,0.0067478747404656975,1.0
1711131000000.0,10541,1711131000000.0,0.0,-0.01105648,1291.6506122677713,1291.6854411200004,3800.0,0.014548,4400.0,0.014545084351766104,long_ientry_partial,63.998371147770854,0.049547741889277554,3.0
1711131960000.0,10557,1711131960000.0,0.10004095376372704,-0.00205632,1291.748596901535,1292.2551848000003,-700.0,0.014688,3700.0,0.014545084351766104,long_nclose,53.81681210153459,0.04166198610985357,16.0
1711132440000.0,10565,1711132440000.0,0.08574938894033747,-0.00176256,1291.832583730475,1292.31902224,-600.0,0.014688,3100.0,0.014545084351766104,long_nclose,45.08976149047492,0.034903718994505825,8.0
1711132560000.0,10567,1711132560000.0,0.14394938894033737,-0.0017742,1291.9747589194155,1292.6695480400003,-600.0,0.014785,2500.0,0.014545084351766104,long_nclose,36.36271087941526,0.02814506291889818,2.0
1711132620000.0,10568,1711132620000.0,0.2027493889403379,-0.00178596,1292.175722348356,1292.7075620800003,-600.0,0.014883,1900.0,0.014545084351766104,long_nclose,27.635660268355597,0.021386921136493334,1.0
1711132980000.0,10574,1711132980000.0,0.042874694470168735,-0.00088128,1292.2177157628262,1292.3951808000004,-300.0,0.014688,1600.0,0.014545084351766104,long_nclose,23.272134962825767,0.01800945357654974,6.0
1711133100000.0,10576,1711133100000.0,0.0,-0.00814968,1292.209566082826,1292.2574311200003,2800.0,0.014553,4400.0,0.014550121582460402,long_ientry_partial,64.02053496282576,0.04954346155855827,2.0
1711133760000.0,10587,1711133760000.0,0.1000148922777182,-0.00205702,1292.3075239551038,1292.8213741000002,-700.0,0.014693,3700.0,0.014550121582460402,long_nclose,53.83544985510349,0.041658389243405654,11.0
1711133820000.0,10588,1711133820000.0,0.08572705052375847,-0.00176316,1292.3914878456274,1292.7042109400002,-600.0,0.014693,3100.0,0.014550121582460402,long_nclose,45.105376905627246,0.03490070720042916,1.0
1711134120000.0,10593,1711134120000.0,0.0,-0.00378404,1292.3877038056273,1292.5317269,1300.0,0.014554,4400.0,0.01455126747855165,long_ientry_partial,64.02557690562726,0.049540533941242595,5.0
1711134180000.0,10594,1711134180000.0,0.09991276501384577,-0.00205716,1292.4855594106411,1293.07286974,-700.0,0.014694,3700.0,0.01455126747855165,long_nclose,53.8396896706411,0.041655931301229694,1.0
1711134300000.0,10596,1711134300000.0,0.08563951286901066,-0.00176328,1292.5694356435101,1293.06460646,-600.0,0.014694,3100.0,0.01455126747855165,long_nclose,45.108929183510114,0.03489865065628175,2.0
1711134600000.0,10601,1711134600000.0,0.0,-0.0037843000000000004,1292.5656513435101,1292.33962216,1300.0,0.014555,4400.0,0.014552370268979573,long_ientry_partial,64.03042918351012,0.0495374676844894,5.0
1711136220000.0,10628,1711136220000.0,0.09984081171429855,-0.0020573,1292.6634348552245,1293.35766486,-700.0,0.014695,3700.0,0.014552370268979573,long_nclose,53.84376999522442,0.04165335581048195,27.0
1711136220000.0,10628,1711136220000.0,0.16844081171429914,-0.0020710200000000002,1292.829804646939,1293.3926938400002,-700.0,0.014793,3000.0,0.014552370268979573,long_nclose,43.65711080693872,0.03376864506837473,0.0
1711136580000.0,10634,1711136580000.0,0.07131486551021325,-0.0014695,1292.8996500124492,1293.3212243400003,-500.0,0.014695,2500.0,0.014552370268979573,long_nclose,36.38092567244893,0.02813901734144535,6.0
1711136820000.0,10638,1711136820000.0,0.0570518924081706,-0.0011756000000000002,1292.9555263048576,1293.2865487400004,-400.0,0.014695,2100.0,0.014552370268979573,long_nclose,30.559977564857103,0.02363575308131021,4.0
1711137120000.0,10643,1711137120000.0,0.04278891930612795,-0.0008817,1292.9974335241636,1293.2739670400003,-300.0,0.014695,1800.0,0.014552370268979573,long_nclose,26.194266484163233,0.02025856030724574,5.0
1711137600000.0,10651,1711137600000.0,0.0,-0.007571200000000001,1292.9898623241636,1292.8847958400004,2600.0,0.01456,4400.0,0.014556878746400735,long_ientry_partial,64.05026648416323,0.04953655736250876,8.0
1711151940000.0,10890,1711151940000.0,0.10018487751948507,-0.002058,1293.087989201683,1293.4177378400004,-700.0,0.0147,3700.0,0.014556878746400735,long_nclose,53.86045136168272,0.04165258034368928,239.0
1711156860000.0,10972,1711156860000.0,0.08587275215955863,-0.0017640000000000002,1293.1720979538425,1293.8048738400003,-600.0,0.0147,3100.0,0.014556878746400735,long_nclose,45.12632411384228,0.03489583805994938,82.0
1711156920000.0,10973,1711156920000.0,0.14407275215955856,-0.00177564,1293.314395066002,1293.9446982000002,-600.0,0.014797,2500.0,0.014556878746400735,long_nclose,36.39219686600184,0.02813870858071183,1.0
1711157040000.0,10975,1711157040000.0,0.12006062679963211,-0.0014797,1293.4329759928016,1294.0052185000002,-500.0,0.014797,2000.0,0.014556878746400735,long_nclose,29.11375749280147,0.022508903076678244,2.0
1711157100000.0,10976,1711157100000.0,0.16906062679963255,-0.0014895,1293.6005471196013,1294.269729,-500.0,0.014895,1500.0,0.014556878746400735,long_nclose,21.8353181196011,0.016879490479669915,1.0
1711157100000.0,10976,1711157100000.0,0.21756062679963248,-0.0014992000000000002,1293.816608546401,1294.2627298000004,-500.0,0.014992,1000.0,0.014556878746400735,long_nclose,14.556878746400734,0.011251114454895846,0.0
1711157160000.0,10977,1711157160000.0,0.26606062679963244,-0.0015089,1294.0811602732006,1294.4432209000001,-500.0,0.015089,500.0,0.014556878746400735,long_nclose,7.278439373200367,0.00562440718298053,1.0
1711157160000.0,10977,1711157160000.0,0.31506062679963287,-0.0015187000000000002,1294.3947022000002,1294.3947022000002,-500.0,0.015187,0.0,0.014556878746400735,long_nclose,0.0,0.0,0.0
1711164840000.0,11105,1711164840000.0,0.0,-0.012805760000000001,1294.3818964400002,1294.3026964400003,4400.0,0.014552,4400.0,0.014552,long_ientry_normal,64.0288,0.049466699260937934,128.0
1711165500000.0,11116,1711165500000.0,0.10009999999999933,-0.0020573,1294.4799391400004,1295.0349391400005,-700.0,0.014695,3700.0,0.014552,long_nclose,53.842400000000005,0.0415938465881292,11.0
1711165680000.0,11119,1711165680000.0,0.08579999999999942,-0.0017634,1294.5639757400004,1295.0971757400005,-600.0,0.014695,3100.0,0.014552,long_nclose,45.111200000000004,0.03484663627706269,3.0
1711165800000.0,11121,1711165800000.0,0.07149999999999951,-0.0014695,1294.6340062400004,1295.0370062400004,-500.0,0.014695,2600.0,0.014552,long_nclose,37.8352,0.02922463014074889,2.0
1711165920000.0,11123,1711165920000.0,0.05719999999999961,-0.0011756000000000002,1294.6900306400005,1294.9804306400006,-400.0,0.014695,2200.0,0.014552,long_nclose,32.0144,0.024727463131985664,2.0
1711165980000.0,11124,1711165980000.0,0.04289999999999971,-0.0008817,1294.7320489400004,1295.0265489400003,-300.0,0.014695,1900.0,0.014552,long_nclose,27.6488,0.021354843284088106,1.0
1711166280000.0,11129,1711166280000.0,0.04289999999999971,-0.0008817,1294.7740672400002,1294.9788672400002,-300.0,0.014695,1600.0,0.014552,long_nclose,23.2832,0.0179824423342302,5.0
1711166460000.0,11132,1711166460000.0,0.028599999999999806,-0.0005878000000000001,1294.8020794400004,1294.9714794400004,-200.0,0.014695,1400.0,0.014552,long_nclose,20.3728,0.01573429663382314,3.0
1711166640000.0,11135,1711166640000.0,0.028599999999999806,-0.0005878000000000001,1294.8300916400005,1294.9980916400004,-200.0,0.014695,1200.0,0.014552,long_nclose,17.462400000000002,0.01348624820564878,3.0
1711166700000.0,11136,1711166700000.0,0.028599999999999806,-0.0005878000000000001,1294.8581038400007,1295.0941038400008,-200.0,0.014695,1000.0,0.014552,long_nclose,14.552000000000001,0.011238297043394125,1.0
1711166760000.0,11137,1711166760000.0,0.04799999999999978,-0.00059168,1294.9055121600006,1295.0879121600005,-200.0,0.014792,800.0,0.014552,long_nclose,11.6416,0.008990308474771204,1.0
1711166940000.0,11140,1711166940000.0,0.02399999999999989,-0.00029584,1294.9292163200005,1295.1175163200005,-100.0,0.014792,700.0,0.014552,long_nclose,10.1864,0.007866375915857595,3.0
1711167360000.0,11147,1711167360000.0,0.033799999999999976,-0.00029780000000000003,1294.9627185200004,1295.1415185200003,-100.0,0.01489,600.0,0.014552,long_nclose,8.731200000000001,0.006742433488725297,7.0
1711167480000.0,11149,1711167480000.0,0.033799999999999976,-0.00029780000000000003,1294.9962207200003,1295.1797207200004,-100.0,0.01489,500.0,0.014552,long_nclose,7.276000000000001,0.005618549215498593,2.0
1711167660000.0,11152,1711167660000.0,0.033799999999999976,-0.00029780000000000003,1295.0297229200003,1295.1537229200003,-100.0,0.01489,400.0,0.014552,long_nclose,5.8208,0.0044947230916641875,3.0
1711167840000.0,11155,1711167840000.0,0.033799999999999976,-0.00029780000000000003,1295.0632251200002,1295.1649251200001,-100.0,0.01489,300.0,0.014552,long_nclose,4.365600000000001,0.0033709551127092544,3.0
1711168020000.0,11158,1711168020000.0,0.04349999999999996,-0.00029974,1295.1064253800002,1295.1912253800003,-100.0,0.014987,200.0,0.014552,long_nclose,2.9104,0.0022472284462229063,3.0
1711168080000.0,11159,1711168080000.0,0.04349999999999996,-0.00029974,1295.1496256400003,1295.1982256400004,-100.0,0.014987,100.0,0.014552,long_nclose,1.4552,0.0011235767444868856,1.0
1711168260000.0,11162,1711168260000.0,0.04349999999999996,-0.00029974,1295.1928259000003,1295.1928259000003,-100.0,0.014987,0.0,0.014552,long_nclose,0.0,0.0,3.0
1711184940000.0,11440,1711184940000.0,0.0,-0.012986159999999998,1295.1798397400003,1295.1490397400003,4400.0,0.014757,4400.0,0.014757,long_ientry_normal,64.93079999999999,0.05013265185862874,278.0
1711229280000.0,12179,1711229280000.0,0.0,-0.0209445,1295.1588952400002,1291.9151952400002,7500.0,0.013963,11900.0,0.014256579831932771,long_rentry,169.65329999999997,0.13099033687952416,739.0
1711248720000.0,12503,1711248720000.0,0.0,-0.05394116,1295.1049540800002,1282.6856540800002,20300.0,0.013286,32200.0,0.01364469254658385,long_rentry,439.35909999999996,0.3392459418951927,324.0
1711295400000.0,13281,1711295400000.0,0.7118295031055966,-0.01460574,1295.8021778431057,1298.9039483400002,-5300.0,0.013779,26900.0,0.01364469254658385,long_nclose,367.04222950310555,0.28325483301321214,778.0
1711295460000.0,13282,1711295460000.0,0.5909527950310612,-0.01212552,1296.381005118137,1299.3804228200004,-4400.0,0.013779,22500.0,0.01364469254658385,long_nclose,307.00558229813663,0.23681740251212624,1.0
1711295520000.0,13283,1711295520000.0,0.49693757763975605,-0.01019646,1296.8677462357766,1299.2611263600002,-3700.0,0.013779,18800.0,0.01364469254658385,long_nclose,256.5202198757764,0.19779983010629967,1.0
1711295580000.0,13284,1711295580000.0,0.4163531055900659,-0.00854298,1297.2755563613669,1299.8394833800005,-3100.0,0.013779,15700.0,0.01364469254658385,long_nclose,214.22167298136642,0.16513197364345714,1.0
1711311900000.0,13556,1711311900000.0,0.34919937888199076,-0.007165080000000001,1297.6175906602489,1299.4163183000005,-2600.0,0.013779,13100.0,0.01364469254658385,long_nclose,178.7454723602484,0.13774895905141038,272.0
1711312440000.0,13565,1711312440000.0,0.2820456521739156,-0.00578718,1297.893849132423,1299.3602311200007,-2100.0,0.013779,11000.0,0.01364469254658385,long_nclose,150.09161801242234,0.11564244496015685,9.0
1711313400000.0,13581,1711313400000.0,0.24175341614907053,-0.00496044,1298.130642108572,1299.4950706800005,-1800.0,0.013779,9200.0,0.01364469254658385,long_nclose,125.53117142857141,0.0967014931753474,16.0
1711313880000.0,13589,1711313880000.0,0.20146118012422543,-0.0041337,1298.327969588696,1299.1388369800004,-1500.0,0.013779,7700.0,0.01364469254658385,long_nclose,105.06413260869564,0.08092264440854605,8.0
1711313940000.0,13590,1711313940000.0,0.16116894409938035,-0.0033069600000000003,1298.4858315727956,1299.2873300200006,-1200.0,0.013779,6500.0,0.01364469254658385,long_nclose,88.69050155279503,0.06830301832817716,1.0
1711314000000.0,13591,1711314000000.0,0.1343074534161503,-0.0027558,1298.6173832262118,1299.4990742200007,-1000.0,0.013779,5500.0,0.01364469254658385,long_nclose,75.04580900621117,0.05778900696660289,1.0
1711314120000.0,13593,1711314120000.0,0.2478381987577662,-0.0030514,1298.8621700249696,1299.8667228200006,-1100.0,0.01387,4400.0,0.01364469254658385,long_nclose,60.036647204968936,0.046222492725163274,2.0
1711314300000.0,13596,1711314300000.0,0.18024596273292087,-0.0022192,1299.0401967877026,1299.7433036200007,-800.0,0.01387,3600.0,0.01364469254658385,long_nclose,49.12089316770186,0.037813220321564464,3.0
1711314360000.0,13597,1711314360000.0,0.15771521739130576,-0.0019418,1299.195970205094,1299.8174618200007,-700.0,0.01387,2900.0,0.01364469254658385,long_nclose,39.56960838509316,0.030456997475790056,1.0
1711314540000.0,13600,1711314540000.0,0.11265372670807555,-0.0013870000000000002,1299.307236931802,1299.8311748200008,-500.0,0.01387,2400.0,0.01364469254658385,long_nclose,32.74726211180124,0.02520363250583517,3.0
1711314960000.0,13607,1711314960000.0,0.09012298136646044,-0.0011096,1299.3962503131684,1299.8888652200008,-400.0,0.01387,2000.0,0.01364469254658385,long_nclose,27.2893850931677,0.021001588304253353,7.0
1711315260000.0,13612,1711315260000.0,0.1581537267080751,-0.0013961000000000002,1299.5530079398766,1300.0394691200008,-500.0,0.013961,1500.0,0.01364469254658385,long_nclose,20.467038819875775,0.01574929125232164,5.0
1711315500000.0,13616,1711315500000.0,0.06759223602484532,-0.0008322000000000002,1299.6197679759014,1299.8109369200008,-300.0,0.01387,1200.0,0.01364469254658385,long_nclose,16.37363105590062,0.012598785782861556,4.0
1711315740000.0,13620,1711315740000.0,0.04506149068323022,-0.0005548,1299.6642746665848,1299.946582120001,-200.0,0.01387,1000.0,0.01364469254658385,long_nclose,13.64469254658385,0.010498628617059011,4.0
1711315800000.0,13621,1711315800000.0,0.06326149068323003,-0.00055844,1299.726977717268,1300.024023680001,-200.0,0.013961,800.0,0.01364469254658385,long_nclose,10.91575403726708,0.008398497703293501,1.0
1711315860000.0,13622,1711315860000.0,0.08166149068323005,-0.00056212,1299.8080770879512,1300.0308615600009,-200.0,0.014053,600.0,0.01364469254658385,long_nclose,8.18681552795031,0.006298480269711658,1.0
1711315920000.0,13623,1711315920000.0,0.08166149068323005,-0.00056212,1299.8891764586344,1300.054899440001,-200.0,0.014053,400.0,0.01364469254658385,long_nclose,5.45787701863354,0.004198724873994843,1.0
1711316040000.0,13625,1711316040000.0,0.04083074534161502,-0.00028106,1299.929726143976,1300.0492183800009,-100.0,0.014053,300.0,0.01364469254658385,long_nclose,4.093407763975155,0.0031489454250096765,2.0
1711316580000.0,13634,1711316580000.0,0.04083074534161502,-0.00028106,1299.9702758293176,1300.052537320001,-100.0,0.014053,200.0,0.01364469254658385,long_nclose,2.72893850931677,0.002099231467100923,9.0
1711316820000.0,13638,1711316820000.0,0.031630745341615016,-0.00027922,1300.0016273546591,1300.0307581000009,-100.0,0.013961,100.0,0.01364469254658385,long_nclose,1.364469254658385,0.00104959042046348,4.0
1711316880000.0,13639,1711316880000.0,0.031630745341615016,-0.00027922,1300.0329788800007,1300.0329788800007,-100.0,0.013961,0.0,0.01364469254658385,long_nclose,0.0,0.0,1.0
1711349640000.0,14185,1711349640000.0,0.0,-0.01301242,1300.0199664600007,1300.1515664600006,4700.0,0.013843,4700.0,0.013843,long_ientry_normal,65.0621,0.05004700056812693,546.0
1711371660000.0,14552,1711371660000.0,0.0,-0.0209568,1299.9990096600006,1297.0817096600006,8000.0,0.013098,12700.0,0.013373708661417322,long_rentry,169.84609999999998,0.1306509456837365,367.0
1711375380000.0,14614,1711375380000.0,0.27571181102362363,-0.0056721,1300.2690493710243,1300.5583375600006,-2100.0,0.013505,10600.0,0.013373708661417322,long_nclose,141.7613118110236,0.10902459908554882,62.0
1711375680000.0,14619,1711375680000.0,0.22319527559055247,-0.004591700000000001,1300.4876529466148,1301.9854458600007,-1700.0,0.013505,8900.0,0.013373708661417322,long_nclose,119.02600708661416,0.09152413467127334,5.0
1711375860000.0,14622,1711375860000.0,0.3761952755905521,-0.0046223,1300.8592259222055,1302.2437235600007,-1700.0,0.013595,7200.0,0.013373708661417322,long_nclose,96.29070236220471,0.07402084748558575,3.0
1711376100000.0,14626,1711376100000.0,0.1575496062992135,-0.0032412,1301.0135343285046,1302.1852823600007,-1200.0,0.013505,6000.0,0.013373708661417322,long_nclose,80.24225196850394,0.061676723455394,4.0
1711376100000.0,14626,1711376100000.0,0.26554960629921326,-0.0032628,1301.275821134804,1302.2132195600007,-1200.0,0.013595,4800.0,0.013373708661417322,long_nclose,64.19380157480315,0.04933143345337935,0.0
1711376220000.0,14628,1711376220000.0,0.19916220472440993,-0.0024471000000000002,1301.4725362395284,1302.3199724600008,-900.0,0.013595,3900.0,0.013373708661417322,long_nclose,52.15746377952755,0.04007573139440284,2.0
1711376280000.0,14629,1711376280000.0,0.15490393700787441,-0.0019033,1301.6255368765362,1302.3976691600008,-700.0,0.013595,3200.0,0.013373708661417322,long_nclose,42.795867716535426,0.032878786182415506,1.0
1711376340000.0,14630,1711376340000.0,0.0,-0.00435552,1301.6211813565362,1302.390113640001,1600.0,0.013611,4800.0,0.013452805774278213,long_ientry_partial,64.57346771653542,0.04961003142960351,1.0
1711376400000.0,14631,1711376400000.0,0.19997480314960825,-0.0024615,1301.818694659686,1302.6969521400008,-900.0,0.013675,3900.0,0.013452805774278213,long_nclose,52.46594251968503,0.040302034941509565,1.0
1711376520000.0,14633,1711376520000.0,0.2809748031496081,-0.0024776999999999998,1302.0971917628353,1303.1807744400007,-900.0,0.013765,3000.0,0.013452805774278213,long_nclose,40.35841732283464,0.030994934616359684,2.0
1711376520000.0,14633,1711376520000.0,0.3619748031496079,-0.0024939000000000003,1302.456672665985,1303.2151805400008,-900.0,0.013855,2100.0,0.013452805774278213,long_nclose,28.250892125984247,0.021690465962416847,0.0
1711376520000.0,14633,1711376520000.0,0.4429748031496093,-0.0025101000000000004,1302.8971373691345,1303.3305704400007,-900.0,0.013945,1200.0,0.013452805774278213,long_nclose,16.143366929133855,0.01239036180686622,0.0
1711376580000.0,14634,1711376580000.0,0.16087769028871463,-0.0011084,1303.0569066594232,1303.3354620400007,-400.0,0.013855,800.0,0.013452805774278213,long_nclose,10.762244619422571,0.008259228407002698,1.0
1711376700000.0,14636,1711376700000.0,0.06243884514435735,-0.0005506,1303.1187949045677,1303.2857114400008,-200.0,0.013765,600.0,0.013452805774278213,long_nclose,8.071683464566927,0.0061941271172886786,2.0
1711376820000.0,14638,1711376820000.0,0.031219422572178676,-0.0002753,1303.1497390271397,1303.2768361400006,-100.0,0.013765,500.0,0.013452805774278213,long_nclose,6.726402887139106,0.005161650028154608,2.0
1711377000000.0,14641,1711377000000.0,0.0,-0.01170718,1303.1380318471397,1303.2853289600007,4300.0,0.013613,4800.0,0.013596313101487314,long_ientry_partial,65.2623028871391,0.05008088267873873,3.0
1711377000000.0,14641,1711377000000.0,0.007868689851268582,-0.0002735,1303.1456270369908,1303.2898554600006,-100.0,0.013675,4700.0,0.013596313101487314,long_nclose,63.90267157699037,0.049037245148332485,0.0
1711377300000.0,14646,1711377300000.0,0.09358082895887972,-0.0019221999999999998,1303.2372856659497,1303.8640332600005,-700.0,0.01373,4000.0,0.013596313101487314,long_nclose,54.38525240594925,0.04173089045573046,5.0
1711377600000.0,14651,1711377600000.0,0.08021213910761119,-0.0016476,1303.3158502050571,1303.8145856600004,-600.0,0.01373,3400.0,0.013596313101487314,long_nclose,46.22746454505687,0.035469118662052386,5.0
1711377840000.0,14655,1711377840000.0,0.06684344925634265,-0.0013729999999999999,1303.3813206543134,1303.7690126600003,-500.0,0.01373,2900.0,0.013596313101487314,long_nclose,39.42930799431321,0.030251552150923275,4.0
1711377900000.0,14656,1711377900000.0,0.053474759405074124,-0.0010984,1303.4336970137185,1303.6854142600002,-400.0,0.01373,2500.0,0.013596313101487314,long_nclose,33.990782753718285,0.026077876328956483,1.0
1711378020000.0,14658,1711378020000.0,0.053474759405074124,-0.0010984,1303.4860733731236,1303.7584158600002,-400.0,0.01373,2100.0,0.013596313101487314,long_nclose,28.552257513123358,0.021904535918237048,2.0
1711378080000.0,14659,1711378080000.0,0.04010606955380559,-0.0008238,1303.5253556426774,1303.7497920600001,-300.0,0.01373,1800.0,0.013596313101487314,long_nclose,24.473363582677166,0.018774750699506768,1.0
1711378140000.0,14660,1711378140000.0,0.04010606955380559,-0.0008238,1303.564637912231,1303.8896682600002,-300.0,0.01373,1500.0,0.013596313101487314,long_nclose,20.39446965223097,0.015645154109806506,1.0
1711378140000.0,14660,1711378140000.0,0.06740606955380583,-0.0008292600000000001,1303.6312147217848,1303.891239,-300.0,0.013821,1200.0,0.013596313101487314,long_nclose,16.315575721784775,0.01251548408593973,0.0
1711378200000.0,14661,1711378200000.0,0.04493737970253722,-0.00055284,1303.6755992614874,1303.9012861600002,-200.0,0.013821,1000.0,0.013596313101487314,long_nclose,13.596313101487313,0.010429214989671833,1.0
1711378380000.0,14664,1711378380000.0,0.04493737970253722,-0.00055284,1303.71998380119,1303.90053332,-200.0,0.013821,800.0,0.013596313101487314,long_nclose,10.877050481189851,0.008343087945523539,3.0
1711378500000.0,14666,1711378500000.0,0.02246868985126861,-0.00027642,1303.742176071041,1303.9029569,-100.0,0.013821,700.0,0.013596313101487314,long_nclose,9.51741917104112,0.007300077688460478,2.0
1711378800000.0,14671,1711378800000.0,0.03156868985126869,-0.00027824,1303.7734665208923,1303.9604786599998,-100.0,0.013912,600.0,0.013596313101487314,long_nclose,8.157787860892387,0.006257059274769083,5.0
1711378860000.0,14672,1711378860000.0,0.03156868985126869,-0.00027824,1303.8047569707435,1303.9896004199998,-100.0,0.013912,500.0,0.013596313101487314,long_nclose,6.7981565507436565,0.005214090924578673,1.0
1711378920000.0,14673,1711378920000.0,0.0406686898512686,-0.00028006,1303.8451456005948,1304.01382036,-100.0,0.014003,400.0,0.013596313101487314,long_nclose,5.438525240594926,0.0041711435280067394,1.0
1711379040000.0,14675,1711379040000.0,0.0406686898512686,-0.00028006,1303.8855342304462,1304.0114403,-100.0,0.014003,300.0,0.013596313101487314,long_nclose,4.078893930446194,0.003128260743266516,2.0
1711379160000.0,14677,1711379160000.0,0.04976868985126868,-0.00028188000000000003,1303.9350210402974,1304.03235842,-100.0,0.014094,200.0,0.013596313101487314,long_nclose,2.719262620297463,0.0020854280132210864,2.0
1711379220000.0,14678,1711379220000.0,0.04976868985126868,-0.00028188000000000003,1303.9845078501487,1304.0395765399999,-100.0,0.014094,100.0,0.013596313101487314,long_nclose,1.3596313101487314,0.0010426744351359866,1.0
1711379220000.0,14678,1711379220000.0,0.058868689851268585,-0.0002837,1304.04309284,1304.04309284,-100.0,0.014185,0.0,0.013596313101487314,long_nclose,0.0,0.0,0.0
1711402080000.0,15059,1711402080000.0,0.0,-0.0131694,1304.0299234400002,1303.9453234400003,4700.0,0.01401,4700.0,0.01401,long_ientry_normal,65.847,0.05049500691387293,381.0
1711402200000.0,15061,1711402200000.0,0.09660000000000069,-0.00198072,1304.1245427200004,1304.6405427200004,-700.0,0.014148,4000.0,0.01401,long_nclose,56.04,0.04297135600493945,2.0
1711402500000.0,15066,1711402500000.0,0.08280000000000058,-0.0016977600000000004,1304.2056449600002,1304.7360449600003,-600.0,0.014148,3400.0,0.01401,long_nclose,47.634,0.03652338125055495,5.0
1711402980000.0,15074,1711402980000.0,0.06900000000000048,-0.0014148000000000001,1304.2732301600001,1304.63863016,-500.0,0.014148,2900.0,0.01401,long_nclose,40.629,0.031150681514038193,8.0
1711404180000.0,15094,1711404180000.0,0.05520000000000039,-0.00113184,1304.3272983200002,1304.6747983200003,-400.0,0.014148,2500.0,0.01401,long_nclose,35.025,0.0268529226100787,20.0
1711404660000.0,15102,1711404660000.0,0.05520000000000039,-0.00113184,1304.3813664800002,1304.6900664800003,-400.0,0.014148,2100.0,0.01401,long_nclose,29.421,0.02255552000056197,8.0
1711405380000.0,15114,1711405380000.0,0.04140000000000029,-0.0008488800000000002,1304.4219176000004,1304.6757176000003,-300.0,0.014148,1800.0,0.01401,long_nclose,25.218,0.019332701835000195,12.0
1711405500000.0,15116,1711405500000.0,0.04140000000000029,-0.0008488800000000002,1304.4624687200005,1304.6619687200005,-300.0,0.014148,1500.0,0.01401,long_nclose,21.015,0.016110084041452644,2.0
1711405560000.0,15117,1711405560000.0,0.027600000000000194,-0.00056592,1304.4895028000003,1304.6676028000004,-200.0,0.014148,1300.0,0.01401,long_nclose,18.213,0.013961783487645553,1.0
1711405620000.0,15118,1711405620000.0,0.027600000000000194,-0.00056592,1304.51653688,1304.63093688,-200.0,0.014148,1100.0,0.01401,long_nclose,15.411,0.011813571974226056,1.0
1711405800000.0,15121,1711405800000.0,0.013800000000000097,-0.00028296,1304.53005392,1304.69305392,-100.0,0.014148,1000.0,0.01401,long_nclose,14.01,0.010739499605931777,3.0
1711406220000.0,15128,1711406220000.0,0.013800000000000097,-0.00028296,1304.54357096,1304.6533709599998,-100.0,0.014148,900.0,0.01401,long_nclose,12.609,0.0096654494956586,7.0
1711406280000.0,15129,1711406280000.0,0.013800000000000097,-0.00028296,1304.5570879999998,1304.6682879999998,-100.0,0.014148,800.0,0.01401,long_nclose,11.208,0.00859142164271465,1.0
1711406580000.0,15134,1711406580000.0,0.02310000000000003,-0.00028482,1304.57990318,1304.7479031799999,-100.0,0.014241,700.0,0.01401,long_nclose,9.807,0.007517362467484581,5.0
1711406760000.0,15137,1711406760000.0,0.02310000000000003,-0.00028482,1304.6027183600002,1304.73171836,-100.0,0.014241,600.0,0.01401,long_nclose,8.406,0.006443340859021878,3.0
1711407360000.0,15147,1711407360000.0,0.02310000000000003,-0.00028482,1304.6255335400003,1304.7395335400004,-100.0,0.014241,500.0,0.01401,long_nclose,7.005,0.005369356815355648,10.0
1711407420000.0,15148,1711407420000.0,0.02310000000000003,-0.00028482,1304.6483487200005,1304.7419487200004,-100.0,0.014241,400.0,0.01401,long_nclose,5.604,0.004295410334515138,1.0
1711408200000.0,15161,1711408200000.0,0.032500000000000064,-0.00028670000000000003,1304.6805620200005,1304.7807620200006,-100.0,0.014335,300.0,0.01401,long_nclose,4.203,0.0032214782088058496,13.0
1711409340000.0,15180,1711409340000.0,0.013800000000000097,-0.00028296,1304.6940790600004,1304.7242790600003,-100.0,0.014148,200.0,0.01401,long_nclose,2.802,0.002147629888853923,19.0
1711409700000.0,15186,1711409700000.0,0.013800000000000097,-0.00028296,1304.7075961000003,1304.7204961000002,-100.0,0.014148,100.0,0.01401,long_nclose,1.401,0.0010738038194824913,6.0
1711409760000.0,15187,1711409760000.0,0.013800000000000097,-0.00028296,1304.7211131400002,1304.7211131400002,-100.0,0.014148,0.0,0.01401,long_nclose,0.0,0.0,1.0
1711410240000.0,15195,1711410240000.0,0.0,-0.012921400000000001,1304.70819174,1304.71739174,4600.0,0.014045,4600.0,0.014045,long_ientry_normal,64.607,0.04951835238639689,8.0
1711412700000.0,15236,1711412700000.0,0.09659999999999946,-0.00198562,1304.8028061200002,1305.3488061200003,-700.0,0.014183,3900.0,0.014045,long_nclose,54.7755,0.041979906651858016,41.0
1711413060000.0,15242,1711413060000.0,0.1623999999999997,-0.00199878,1304.9632073400003,1305.7408073400002,-700.0,0.014277,3200.0,0.014045,long_nclose,44.944,0.034440817754251146,6.0
1711413180000.0,15244,1711413180000.0,0.2607999999999999,-0.0022993600000000003,1305.2217079800002,1305.9129079800002,-800.0,0.014371,2400.0,0.014045,long_nclose,33.708,0.025825497533417136,2.0
1711413300000.0,15246,1711413300000.0,0.19559999999999994,-0.0017245200000000002,1305.4155834600003,1305.9771834600003,-600.0,0.014371,1800.0,0.014045,long_nclose,25.281,0.01936624651974261,2.0
1711413780000.0,15254,1711413780000.0,0.13039999999999996,-0.0011496800000000001,1305.5448337800003,1305.9592337800002,-400.0,0.014371,1400.0,0.014045,long_nclose,19.663,0.015061144965101556,8.0
1711413900000.0,15256,1711413900000.0,0.09779999999999997,-0.0008622600000000001,1305.6417715200002,1306.0124715200002,-300.0,0.014371,1100.0,0.014045,long_nclose,15.4495,0.011832878157700196,2.0
1711414320000.0,15263,1711414320000.0,0.046399999999999914,-0.0005710800000000001,1305.68760044,1305.89910044,-200.0,0.014277,900.0,0.014045,long_nclose,12.6405,0.00968110595194464,7.0
1711414680000.0,15269,1711414680000.0,0.023199999999999957,-0.00028554000000000003,1305.7105149000001,1305.9465149000002,-100.0,0.014277,800.0,0.014045,long_nclose,11.236,0.008605276492592639,6.0
1711414680000.0,15269,1711414680000.0,0.03259999999999999,-0.00028742000000000004,1305.7428274800002,1305.9493274800002,-100.0,0.014371,700.0,0.014045,long_nclose,9.8315,0.007529430599265985,0.0
1711414740000.0,15270,1711414740000.0,0.03259999999999999,-0.00028742000000000004,1305.7751400600002,1305.9563400600002,-100.0,0.014371,600.0,0.014045,long_nclose,8.427,0.006453637951487405,1.0
1711414920000.0,15273,1711414920000.0,0.023199999999999957,-0.00028554000000000003,1305.7980545200003,1305.9215545200002,-100.0,0.014277,500.0,0.014045,long_nclose,7.0225,0.00537793725124013,3.0
1711415100000.0,15276,1711415100000.0,0.03259999999999999,-0.00028742000000000004,1305.8303671000003,1305.9871671000003,-100.0,0.014371,400.0,0.014045,long_nclose,5.618,0.0043022433399802955,3.0
1711415160000.0,15277,1711415160000.0,0.04200000000000002,-0.00028930000000000004,1305.8720778000002,1306.0016778000002,-100.0,0.014465,300.0,0.014045,long_nclose,4.2135,0.0032265794419147655,1.0
1711415220000.0,15278,1711415220000.0,0.05140000000000006,-0.00029118,1305.9231866200003,1306.0239866200002,-100.0,0.014559,200.0,0.014045,long_nclose,2.809,0.0021509687773216385,1.0
1711415520000.0,15283,1711415520000.0,0.05140000000000006,-0.00029118,1305.9742954400003,1306.0265954400004,-100.0,0.014559,100.0,0.014045,long_nclose,1.4045,0.0010754422999778913,5.0
1711415580000.0,15284,1711415580000.0,0.06079999999999992,-0.00029306000000000004,1306.0348023800002,1306.0348023800002,-100.0,0.014653,0.0,0.014045,long_nclose,0.0,0.0,1.0
1711430100000.0,15526,1711430100000.0,0.0,-0.013115520000000002,1306.0216868600003,1306.3252868600002,4600.0,0.014256,4600.0,0.014256,long_ientry_normal,65.5776,0.05021172363352159,242.0
1711431240000.0,15545,1711431240000.0,0.09800000000000086,-0.0020154400000000003,1306.1176714200003,1306.6831714200002,-700.0,0.014396,3900.0,0.014256,long_nclose,55.5984,0.04256768070487392,19.0
1711431420000.0,15548,1711431420000.0,0.08400000000000074,-0.0017275200000000002,1306.1999439000003,1306.6586439000002,-600.0,0.014396,3300.0,0.014256,long_nclose,47.044799999999995,0.03601653806501896,3.0
1711431480000.0,15549,1711431480000.0,0.07000000000000062,-0.0014396,1306.2685043000004,1306.6241043000005,-500.0,0.014396,2800.0,0.014256,long_nclose,39.9168,0.03055788290738167,1.0
1711431600000.0,15551,1711431600000.0,0.056000000000000494,-0.00115168,1306.3233526200004,1306.5729526200005,-400.0,0.014396,2400.0,0.014256,long_nclose,34.2144,0.026191371325773663,2.0
1711431900000.0,15556,1711431900000.0,0.056000000000000494,-0.00115168,1306.3782009400004,1306.6522009400003,-400.0,0.014396,2000.0,0.014256,long_nclose,28.512,0.021825226400351963,5.0
1711431960000.0,15557,1711431960000.0,0.04200000000000037,-0.0008637600000000001,1306.4193371800004,1306.6573371800005,-300.0,0.014396,1700.0,0.014256,long_nclose,24.2352,0.018550858296627337,1.0
1711432440000.0,15565,1711432440000.0,0.028000000000000247,-0.00057584,1306.4467613400004,1306.6777613400004,-200.0,0.014396,1500.0,0.014256,long_nclose,21.384,0.016368060783484812,8.0
1711432560000.0,15567,1711432560000.0,0.028000000000000247,-0.00057584,1306.4741855000004,1306.6457855000003,-200.0,0.014396,1300.0,0.014256,long_nclose,18.532799999999998,0.01418535490841506,2.0
1711432800000.0,15571,1711432800000.0,0.028000000000000247,-0.00057584,1306.5016096600004,1306.6138096600005,-200.0,0.014396,1100.0,0.014256,long_nclose,15.6816,0.012002740665647497,4.0
1711433940000.0,15590,1711433940000.0,0.014000000000000123,-0.00028792,1306.5153217400004,1306.6703217400004,-100.0,0.014396,1000.0,0.014256,long_nclose,14.256,0.010911467904573856,19.0
1711434060000.0,15592,1711434060000.0,0.014000000000000123,-0.00028792,1306.5290338200004,1306.7243338200005,-100.0,0.014396,900.0,0.014256,long_nclose,12.8304,0.009820218049412008,2.0
1711434060000.0,15592,1711434060000.0,0.02360000000000001,-0.00028984000000000003,1306.5523439800004,1306.7259439800005,-100.0,0.014492,800.0,0.014256,long_nclose,11.4048,0.008728926975293518,0.0
1711434120000.0,15593,1711434120000.0,0.02360000000000001,-0.00028984000000000003,1306.5756541400003,1306.7296541400003,-100.0,0.014492,700.0,0.014256,long_nclose,9.9792,0.007637674839860994,1.0
1711434180000.0,15594,1711434180000.0,0.02360000000000001,-0.00028984000000000003,1306.5989643000003,1306.7507643000004,-100.0,0.014492,600.0,0.014256,long_nclose,8.5536,0.006546461641030399,1.0
1711434480000.0,15599,1711434480000.0,0.02360000000000001,-0.00028984000000000003,1306.6222744600002,1306.7307744600002,-100.0,0.014492,500.0,0.014256,long_nclose,7.128,0.005455287376717846,5.0
1711434540000.0,15600,1711434540000.0,0.02360000000000001,-0.00028984000000000003,1306.6455846200001,1306.7415846200001,-100.0,0.014492,400.0,0.014256,long_nclose,5.7024,0.0043641520448395935,1.0
1711434720000.0,15603,1711434720000.0,0.02360000000000001,-0.00028984000000000003,1306.66889478,1306.75349478,-100.0,0.014492,300.0,0.014256,long_nclose,4.2768,0.0032730556433120507,3.0
1711435020000.0,15608,1711435020000.0,0.02360000000000001,-0.00028984000000000003,1306.69220494,1306.74260494,-100.0,0.014492,200.0,0.014256,long_nclose,2.8512,0.0021819981700517757,5.0
1711435740000.0,15620,1711435740000.0,0.02360000000000001,-0.00028984000000000003,1306.7155151,1306.7378151,-100.0,0.014492,100.0,0.014256,long_nclose,1.4256,0.001090979622975474,12.0
1711435800000.0,15621,1711435800000.0,0.02360000000000001,-0.00028984000000000003,1306.7388252599999,1306.7388252599999,-100.0,0.014492,0.0,0.014256,long_nclose,0.0,0.0,1.0
1711440000000.0,15691,1711440000000.0,0.0,-0.0131698,1306.7256554599999,1306.7440554599998,4600.0,0.014315,4600.0,0.014315,long_ientry_normal,65.849,0.050392367919660626,70.0
1711440180000.0,15694,1711440180000.0,0.09870000000000034,-0.00202384,1306.8223316199999,1307.36833162,-700.0,0.014456,3900.0,0.014315,long_nclose,55.8285,0.04272080347050108,3.0
1711440240000.0,15695,1711440240000.0,0.0846000000000003,-0.0017347200000000001,1306.9051968999997,1307.3242968999998,-600.0,0.014456,3300.0,0.014315,long_nclose,47.2395,0.03614608015336756,1.0
1711440300000.0,15696,1711440300000.0,0.07050000000000026,-0.0014456,1306.9742512999999,1307.3438512999999,-500.0,0.014456,2800.0,0.014315,long_nclose,40.082,0.030667780914682818,1.0
1711440360000.0,15697,1711440360000.0,0.0564000000000002,-0.00115648,1307.0294948199999,1307.3246948199999,-400.0,0.014456,2400.0,0.014315,long_nclose,34.356,0.02628555831077967,1.0
1711440600000.0,15701,1711440600000.0,0.0564000000000002,-0.00115648,1307.0847383399998,1307.30273834,-400.0,0.014456,2000.0,0.014315,long_nclose,28.63,0.021903706133360686,4.0
1711441440000.0,15715,1711441440000.0,0.0,-0.00744588,1307.0772924599999,1306.78629246,2600.0,0.014319,4600.0,0.014317260869565217,long_ientry_partial,65.8594,0.05038676777564435,14.0
1711442700000.0,15736,1711442700000.0,0.09851739130434853,-0.00202412,1307.1737857313042,1307.57056834,-700.0,0.014458,3900.0,0.014317260869565217,long_nclose,55.837317391304346,0.04271606270016034,21.0
1711443240000.0,15745,1711443240000.0,0.08444347826087016,-0.00173496,1307.256494249565,1307.75063338,-600.0,0.014458,3300.0,0.014317260869565217,long_nclose,47.246960869565214,0.036142073936827133,9.0
1711443240000.0,15745,1711443240000.0,0.1420434782608695,-0.0017464800000000001,1307.3967912478258,1307.8010868999997,-600.0,0.014554,2700.0,0.014317260869565217,long_nclose,38.65660434782608,0.029567614519637034,0.0
1711443720000.0,15753,1711443720000.0,0.05629565217391344,-0.00115664,1307.4519302599997,1307.8009302599996,-400.0,0.014458,2300.0,0.014317260869565217,long_nclose,32.9297,0.025186164965507834,8.0
1711443900000.0,15756,1711443900000.0,0.0,-0.0065872000000000005,1307.4453430599997,1307.5666430599997,2300.0,0.01432,4600.0,0.014318630434782608,long_ientry_partial,65.8657,0.050377402275069615,3.0
1711445220000.0,15778,1711445220000.0,0.09825869565217409,-0.00202426,1307.5415774956518,1308.1319187999998,-700.0,0.014459,3900.0,0.014318630434782608,long_nclose,55.84265869565217,0.042708132312402794,22.0
1711445460000.0,15782,1711445460000.0,0.08422173913043493,-0.00173508,1307.6240641547824,1308.0839837199999,-600.0,0.014459,3300.0,0.014318630434782608,long_nclose,47.25148043478261,0.036135370807300685,4.0
1711445760000.0,15787,1711445760000.0,0.0,-0.0037242399999999998,1307.6203399147823,1307.7760594799997,1300.0,0.014324,4600.0,0.014320147920604914,long_ientry_partial,65.87268043478261,0.050375998616751044,5.0
1711463520000.0,16083,1711463520000.0,0.0,-0.021136440000000003,1307.5992034747824,1304.1387230399998,7800.0,0.013549,12400.0,0.013835071002805049,long_rentry,171.5548804347826,0.13119836718995914,296.0
1711501860000.0,16722,1711501860000.0,0.2718579943899041,-0.0055884,1307.8654730691721,1309.5911346399996,-2000.0,0.013971,10400.0,0.013835071002805049,long_nclose,143.8847384291725,0.11001493761550087,639.0
1711525020000.0,17108,1711525020000.0,0.0,-0.04582176,1307.819651309172,1301.3063128799995,17700.0,0.012944,28100.0,0.0132737914031734,long_rentry,372.99353842917253,0.2852025797714488,386.0
1711590420000.0,18198,1711590420000.0,0.5989595454023601,-0.01233168,1308.4062791745744,1310.3616811999996,-4600.0,0.013404,23500.0,0.0132737914031734,long_nclose,311.93409797457485,0.23840767423660078,1090.0
1711597380000.0,18314,1711597380000.0,0.0,-0.19923636,1308.2070428145744,1280.1181448399993,82200.0,0.012119,105700.0,0.012375741702692289,long_rentry,1308.1158979745749,0.9999303284288981,116.0
1711606740000.0,18470,1711606740000.0,2.1517460326157227,-0.043992960000000005,1310.31479588719,1321.2619518799995,-17600.0,0.012498,88100.0,0.012375741702692289,long_nclose,1090.3028440071907,0.8320922937216524,156.0
1711606920000.0,18473,1711606920000.0,1.7849711406925883,-0.03649416,1312.0632728678825,1320.7552577199992,-14600.0,0.012498,73500.0,0.012375741702692289,long_nclose,909.6170151478832,0.6932722178555154,3.0
1711606980000.0,18474,1711606980000.0,1.4915512271540805,-0.030495120000000004,1313.5243289750365,1321.2026625999993,-12200.0,0.012498,61300.0,0.012375741702692289,long_nclose,758.6329663750373,0.5775553216947343,1.0
1711607400000.0,18481,1711607400000.0,2.491951227154065,-0.030695200000000002,1315.9855850021904,1323.117767399999,-12200.0,0.01258,49100.0,0.012375741702692289,long_nclose,607.6489176021914,0.4617443568739243,7.0
1711608120000.0,18493,1711608120000.0,2.0017313136155606,-0.0246568,1317.962659515806,1327.2476105999992,-9800.0,0.01258,39300.0,0.012375741702692289,long_nclose,486.36664891580693,0.36902915678543474,12.0
1711608480000.0,18499,1711608480000.0,2.815131313615575,-0.02481948,1320.7529713494218,1329.0205911199994,-9800.0,0.012663,29500.0,0.012375741702692289,long_nclose,365.08438022942255,0.27642139608924254,6.0
1711608600000.0,18501,1711608600000.0,2.0969855703462956,-0.01848798,1322.8314689397682,1328.3872031399994,-7300.0,0.012663,22200.0,0.012375741702692289,long_nclose,274.74146579976883,0.20769196398084666,2.0
1711609560000.0,18517,1711609560000.0,0.8987365081539251,-0.0110704,1323.719135047922,1327.7821327399993,-4400.0,0.01258,17800.0,0.012375741702692289,long_nclose,220.28820230792275,0.16641611991198402,16.0
1711609620000.0,18518,1711609620000.0,1.2639365081539315,-0.011143440000000001,1324.9719281160758,1328.874789299999,-4400.0,0.012663,13400.0,0.012375741702692289,long_nclose,165.83493881607666,0.12516109609346265,1.0
1711610220000.0,18528,1711610220000.0,0.5310715730000467,-0.0065416,1325.4964580890758,1328.091247699999,-2600.0,0.01258,10800.0,0.012375741702692289,long_nclose,133.6580103890767,0.10083618826244697,10.0
1711610460000.0,18532,1711610460000.0,0.7755974027308217,-0.00683802,1326.2652174718066,1328.6163096799992,-2700.0,0.012663,8100.0,0.012375741702692289,long_nclose,100.24350779180755,0.07558330450895542,4.0
1711610580000.0,18534,1711610580000.0,0.5745165946154235,-0.005065200000000001,1326.8346688664221,1328.6296444799991,-2000.0,0.012663,6100.0,0.012375741702692289,long_nclose,75.49202438642297,0.05689633091281779,2.0
1711610820000.0,18538,1711610820000.0,0.4308874459615676,-0.0037989000000000005,1327.2617574123838,1328.6935455799992,-1500.0,0.012663,4600.0,0.012375741702692289,long_nclose,56.928411832384526,0.04289162368647733,4.0
1711610940000.0,18540,1711610940000.0,0.3159841270384829,-0.0027858600000000002,1327.5749556794224,1328.6013597199994,-1100.0,0.012663,3500.0,0.012375741702692289,long_nclose,43.31509595942301,0.03262723191193023,2.0
1711611240000.0,18545,1711611240000.0,0.2298066378461694,-0.00202608,1327.8027362372686,1328.5486336399995,-800.0,0.012663,2700.0,0.012375741702692289,long_nclose,33.41450259726918,0.025165261138080867,5.0
1711611420000.0,18548,1711611420000.0,0.17235497838462704,-0.00151956,1327.9735716556534,1328.6104140799996,-600.0,0.012663,2100.0,0.012375741702692289,long_nclose,25.989057575653806,0.01957046294471953,3.0
1711611600000.0,18551,1711611600000.0,0.14362914865385587,-0.0012663000000000002,1328.1159345043072,1328.5723477799995,-500.0,0.012663,1600.0,0.012375741702692289,long_nclose,19.801186724307662,0.014909230594916445,3.0
1711611660000.0,18552,1711611660000.0,0.1149033189230847,-0.00101304,1328.2298247832302,1328.5733347399994,-400.0,0.012663,1200.0,0.012375741702692289,long_nclose,14.850890043230747,0.011180964141995865,1.0
1711611720000.0,18553,1711611720000.0,0.08617748919231352,-0.00075978,1328.3152424924226,1328.5953749599996,-300.0,0.012663,900.0,0.012375741702692289,long_nclose,11.13816753242306,0.008385183860062945,1.0
1711612020000.0,18558,1711612020000.0,0.05745165946154235,-0.00050652,1328.3721876318841,1328.5760684399995,-200.0,0.012663,700.0,0.012375741702692289,long_nclose,8.663019191884603,0.006521530089641775,5.0
1711612200000.0,18561,1711612200000.0,0.028725829730771174,-0.00025326,1328.400660201615,1328.5808151799997,-100.0,0.012663,600.0,0.012375741702692289,long_nclose,7.425445021615373,0.005589763121984894,3.0
1711612500000.0,18566,1711612500000.0,0.028725829730771174,-0.00025326,1328.4291327713458,1328.5732619199996,-100.0,0.012663,500.0,0.012375741702692289,long_nclose,6.187870851346144,0.004658036095939205,5.0
1711612740000.0,18570,1711612740000.0,0.028725829730771174,-0.00025326,1328.4576053410767,1328.5797086599998,-100.0,0.012663,400.0,0.012375741702692289,long_nclose,4.950296681076916,0.003726349008936529,4.0
1711613100000.0,18576,1711613100000.0,0.028725829730771174,-0.00025326,1328.4860779108076,1328.5821554,-100.0,0.012663,300.0,0.012375741702692289,long_nclose,3.7127225108076867,0.0027947018584089014,6.0
1711613400000.0,18581,1711613400000.0,0.0,-0.012624,1328.4734539108076,1328.4472314,5000.0,0.012624,5300.0,0.01260994764354862,long_ientry_partial,66.83272251080768,0.05030790966433174,5.0
1711615680000.0,18619,1711615680000.0,0.09924188516110405,-0.00203744,1328.5706583559686,1329.11989396,-800.0,0.012734,4500.0,0.01260994764354862,long_nclose,56.744764395968794,0.042711137747229226,38.0
1711615740000.0,18620,1711615740000.0,0.08683664951596604,-0.0017827600000000002,1328.6557122454847,1329.3019112,-700.0,0.012734,3800.0,0.01260994764354862,long_nclose,47.91780104548476,0.03606487414599049,1.0
1711615800000.0,18621,1711615800000.0,0.14563664951596533,-0.00179452,1328.7995543750008,1329.40111668,-700.0,0.012818,3100.0,0.01260994764354862,long_nclose,39.09083769500072,0.02941815984683036,1.0
1711616040000.0,18625,1711616040000.0,0.06202617822569003,-0.0012734,1328.8603071532266,1329.1490432800001,-500.0,0.012734,2600.0,0.01260994764354862,long_nclose,32.78586387322641,0.02467216734275289,4.0
1711616400000.0,18631,1711616400000.0,0.0,-0.006818040000000001,1328.8534891132265,1328.9588252400001,2700.0,0.012626,5300.0,0.012618125259099323,long_ientry_partial,66.87606387322641,0.05032613784823961,6.0
1711619700000.0,18686,1711619700000.0,0.0990997927205417,-0.00203872,1328.9505501859471,1329.39098652,-800.0,0.012742,4500.0,0.012618125259099323,long_nclose,56.781563665946955,0.04272661887833378,55.0
1711623000000.0,18741,1711623000000.0,0.08671231863047399,-0.00178388,1329.0354786245775,1329.4834026400001,-700.0,0.012742,3800.0,0.012618125259099323,long_nclose,47.94887598457743,0.03607795032996399,55.0
1711623060000.0,18742,1711623060000.0,0.07432484454040628,-0.0015290400000000002,1329.108274429118,1329.6998736,-600.0,0.012742,3200.0,0.012618125259099323,long_nclose,40.37800082911783,0.030379767853345955,1.0
1711623060000.0,18742,1711623060000.0,0.12532484454040627,-0.00153924,1329.2320600336584,1329.7127343600002,-600.0,0.012827,2600.0,0.012618125259099323,long_nclose,32.80712567365824,0.024681262708053785,0.0
1711623300000.0,18746,1711623300000.0,0.04954989636027085,-0.00101936,1329.2805905700186,1329.561915,-400.0,0.012742,2200.0,0.012618125259099323,long_nclose,27.75987557001851,0.0208833829117407,4.0
1711623420000.0,18748,1711623420000.0,0.08354989636027085,-0.00102616,1329.3631143063787,1330.03788884,-400.0,0.012827,1800.0,0.012618125259099323,long_nclose,22.712625466378782,0.017085343516718185,2.0
1711623420000.0,18748,1711623420000.0,0.11714989636027115,-0.0010328800000000001,1329.479231322739,1330.00405596,-400.0,0.012911,1400.0,0.012618125259099323,long_nclose,17.665375362739052,0.01328743988363266,0.0
1711623420000.0,18748,1711623420000.0,0.15074989636027075,-0.0010396,1329.6289416190994,1330.00381636,-400.0,0.012995,1000.0,0.012618125259099323,long_nclose,12.618125259099322,0.00948995984077643,0.0
1711623480000.0,18749,1711623480000.0,0.11306242227020306,-0.0007797,1329.7412243413694,1329.94763666,-300.0,0.012995,700.0,0.012618125259099323,long_nclose,8.832687681369526,0.006642410959128098,1.0
1711623600000.0,18751,1711623600000.0,0.029287474090067787,-0.00025822000000000003,1329.7702535954595,1330.02157844,-100.0,0.012911,600.0,0.012618125259099323,long_nclose,7.570875155459594,0.005693370817244039,2.0
1711623600000.0,18751,1711623600000.0,0.03768747409006769,-0.0002599,1329.8076811695496,1330.01711854,-100.0,0.012995,500.0,0.012618125259099323,long_nclose,6.309062629549661,0.004744342147280213,0.0
1711623660000.0,18752,1711623660000.0,0.09237494818013538,-0.0005232,1329.8995329177296,1330.0047953399999,-200.0,0.01308,300.0,0.012618125259099323,long_nclose,3.785437577729797,0.0028464086827857935,1.0
1711623720000.0,18753,1711623720000.0,0.03768747409006769,-0.0002599,1329.9369604918197,1330.0069354399998,-100.0,0.012995,200.0,0.012618125259099323,long_nclose,2.5236250518198644,0.0018975523854052531,1.0
1711623960000.0,18757,1711623960000.0,0.029287474090067787,-0.00025822000000000003,1329.9659897459098,1329.99607722,-100.0,0.012911,100.0,0.012618125259099323,long_nclose,1.2618125259099322,0.0009487554837030093,4.0
1711624560000.0,18767,1711624560000.0,0.012387474090067713,-0.00025484,1329.9781223799998,1329.9781223799998,-100.0,0.012742,0.0,0.012618125259099323,long_nclose,0.0,0.0,10.0
1711626720000.0,18803,1711626720000.0,0.0,-0.01340052,1329.9647218599998,1329.9647218599998,5300.0,0.012642,5300.0,0.012642,long_ientry_normal,67.0026,0.05037923104177879,36.0
1711627320000.0,18813,1711627320000.0,0.09919999999999929,-0.00204256,1330.0618792999999,1330.6108792999999,-800.0,0.012766,4500.0,0.012642,long_nclose,56.889,0.04277169422368544,10.0
1711627380000.0,18814,1711627380000.0,0.08679999999999938,-0.00178724,1330.1468920599998,1330.8992920599999,-700.0,0.012766,3800.0,0.012642,long_nclose,48.0396,0.03611601116144475,1.0
1711627380000.0,18814,1711627380000.0,0.14629999999999937,-0.0017991399999999999,1330.29139292,1330.90519292,-700.0,0.012851,3100.0,0.012642,long_nclose,39.190200000000004,0.029459861357125083,0.0
1711627740000.0,18820,1711627740000.0,0.0,-0.00556424,1330.28582868,1330.33532868,2200.0,0.012646,5300.0,0.01264366037735849,long_ientry_partial,67.0114,0.050373685530795485,6.0
1711628040000.0,18825,1711628040000.0,0.0994716981132085,-0.00204288,1330.383257498113,1331.0642857999997,-800.0,0.012768,4500.0,0.01264366037735849,long_nclose,56.8964716981132,0.04276697814516349,5.0
1711628280000.0,18829,1711628280000.0,0.08703773584905744,-0.0017875200000000001,1330.4685077139618,1330.9865982799995,-700.0,0.012768,3800.0,0.01264366037735849,long_nclose,48.04590943396226,0.03611202306209842,4.0
1711628400000.0,18831,1711628400000.0,0.14653773584905744,-0.00179942,1330.6132460298109,1331.3458988599996,-700.0,0.012853,3100.0,0.01264366037735849,long_nclose,39.19534716981131,0.02945660377781418,2.0
1711628520000.0,18833,1711628520000.0,0.20533773584905796,-0.0018111800000000003,1330.81677258566,1331.5519876799995,-700.0,0.012937,2400.0,0.01264366037735849,long_nclose,30.344784905660376,0.022801624934966163,2.0
1711628640000.0,18835,1711628640000.0,0.17600377358490682,-0.00155244,1330.9912239192447,1331.6506352399995,-600.0,0.012937,1800.0,0.01264366037735849,long_nclose,22.758588679245282,0.017098977266153722,2.0
1711628640000.0,18835,1711628640000.0,0.2270037735849068,-0.0015626400000000001,1331.2166650528297,1331.6562725999995,-600.0,0.013022,1200.0,0.01264366037735849,long_nclose,15.172392452830188,0.011397387706401698,0.0
1711628700000.0,18836,1711628700000.0,0.15133584905660455,-0.00104176,1331.3669591418864,1331.6144308399996,-400.0,0.013022,800.0,0.01264366037735849,long_nclose,10.114928301886792,0.007597400725947281,1.0
1711629000000.0,18841,1711629000000.0,0.07566792452830227,-0.00052088,1331.4421061864145,1331.6715099599994,-200.0,0.013022,600.0,0.01264366037735849,long_nclose,7.586196226415094,0.005697728944553114,5.0
1711629060000.0,18842,1711629060000.0,0.1387018867924531,-0.00078636,1331.580021713207,1331.7223235999995,-300.0,0.013106,300.0,0.01264366037735849,long_nclose,3.793098113207547,0.0028485694072875605,1.0
1711629300000.0,18846,1711629300000.0,0.03783396226415114,-0.00026044,1331.6175952354713,1331.7008631599997,-100.0,0.013022,200.0,0.01264366037735849,long_nclose,2.528732075471698,0.00189899268717949,4.0
1711629360000.0,18847,1711629360000.0,0.04623396226415104,-0.00026212,1331.6635670777355,1331.7129010399997,-100.0,0.013106,100.0,0.01264366037735849,long_nclose,1.264366037735849,0.0009494635649681644,1.0
1711629420000.0,18848,1711629420000.0,0.05473396226415104,-0.00026382,1331.7180372199996,1331.7180372199996,-100.0,0.013191,0.0,0.01264366037735849,long_nclose,0.0,0.0,1.0
1711684740000.0,19770,1711684740000.0,0.0,-0.01328194,1331.7047552799995,1332.1800552799996,4900.0,0.013553,4900.0,0.013553,long_ientry_normal,66.4097,0.049868185674561874,922.0
1711684800000.0,19771,1711684800000.0,0.10639999999999955,-0.0021897600000000002,1331.8089655199994,1332.2886655199995,-800.0,0.013686,4100.0,0.013553,long_nclose,55.5673,0.04172317610003772,1.0
1711684920000.0,19773,1711684920000.0,0.07979999999999966,-0.0016423200000000003,1331.8871231999995,1332.2861231999993,-600.0,0.013686,3500.0,0.013553,long_nclose,47.435500000000005,0.035615255357399365,2.0
1711685100000.0,19776,1711685100000.0,0.06649999999999973,-0.0013686,1331.9522545999994,1332.3932545999994,-500.0,0.013686,3000.0,0.013553,long_nclose,40.659,0.030525868971339642,3.0
1711685460000.0,19782,1711685460000.0,0.0,-0.00515128,1331.9471033199993,1332.0002033199994,1900.0,0.013556,4900.0,0.013554163265306124,long_ientry_partial,66.4154,0.049863391597499314,6.0
1711686660000.0,19802,1711686660000.0,0.10626938775510075,-0.00218992,1332.0511827877542,1332.3744133999992,-800.0,0.013687,4100.0,0.013554163265306124,long_nclose,55.57206938775511,0.04171916973299203,20.0
1711705320000.0,20113,1711705320000.0,0.0,-0.0028404200000000006,1332.0483423677542,1329.421772979999,1100.0,0.012911,5200.0,0.013418109497645212,long_ientry_partial,69.77416938775511,0.05238110897967075,311.0
1711726740000.0,20470,1711726740000.0,0.0,-0.022589980000000003,1332.0257523877542,1329.7957829999991,8900.0,0.012691,14100.0,0.012959153857287596,long_rentry,182.7240693877551,0.13717758013327352,357.0
1711730400000.0,20531,1711730400000.0,0.2940461282385282,-0.00602002,1332.3137784959927,1333.916762979999,-2300.0,0.013087,11800.0,0.012959153857287596,long_nclose,152.91801551599363,0.1147762771684445,61.0
1711730640000.0,20535,1711730640000.0,0.24290767115356676,-0.00497306,1332.551713107146,1333.916389919999,-1900.0,0.013087,9900.0,0.012959153857287596,long_nclose,128.2956231871472,0.0962781571065613,4.0
1711731600000.0,20551,1711731600000.0,0.2045538283398457,-0.00418784,1332.752079095486,1333.780002079999,-1600.0,0.013087,8300.0,0.012959153857287596,long_nclose,107.56097701548705,0.0807059157532785,16.0
1711731660000.0,20552,1711731660000.0,0.16619998552612464,-0.00340262,1332.914876461012,1333.529799459999,-1300.0,0.013087,7000.0,0.012959153857287596,long_nclose,90.71407700101317,0.0680569169142037,1.0
1711731900000.0,20556,1711731900000.0,0.1406307569836439,-0.00287914,1333.0526280779957,1333.9721203199988,-1100.0,0.013087,5900.0,0.012959153857287596,long_nclose,76.45900775799682,0.05735633098614863,4.0
1711732620000.0,20568,1711732620000.0,0.23523075698364504,-0.0028980600000000005,1333.2849607749793,1334.3114222599988,-1100.0,0.013173,4800.0,0.012959153857287596,long_nclose,62.203938514980464,0.046654646489692704,12.0
1711732680000.0,20569,1711732680000.0,0.1924615284411641,-0.0023711400000000003,1333.4750511634204,1334.2700511199987,-900.0,0.013173,3900.0,0.012959153857287596,long_nclose,50.54070004342162,0.03790149654418075,1.0
1711732800000.0,20571,1711732800000.0,0.0,-0.0031519200000000003,1333.4718992434205,1334.1906991999988,1200.0,0.013133,5100.0,0.013000058832043455,long_ientry_partial,66.30030004342161,0.049720057903761446,2.0
1711734120000.0,20593,1711734120000.0,0.21494116795654425,-0.002643,1333.684197411377,1334.5531561999987,-1000.0,0.013215,4100.0,0.013000058832043455,long_nclose,53.300241211378165,0.039964664284717184,22.0
1711734180000.0,20594,1711734180000.0,0.1719529343652354,-0.0021144,1333.8540359457422,1334.556741799999,-800.0,0.013215,3300.0,0.013000058832043455,long_nclose,42.9001941457434,0.03216258525268537,1.0
1711734720000.0,20603,1711734720000.0,0.0,-0.0047286,1333.8493073457423,1334.1722131999989,1800.0,0.013135,5100.0,0.013047685126616354,long_ientry_partial,66.54319414574341,0.04988808989087325,9.0
1711734960000.0,20607,1711734960000.0,0.10265189870691666,-0.0021081600000000004,1333.9498510844492,1334.5059050399989,-800.0,0.013176,4300.0,0.013047685126616354,long_nclose,56.105046044450326,0.04205933678754049,4.0
1711735860000.0,20622,1711735860000.0,0.08982041136855207,-0.00184464,1334.0378268558177,1334.3917603999987,-700.0,0.013176,3600.0,0.013047685126616354,long_nclose,46.97166645581888,0.03521014585210525,15.0
1711735920000.0,20623,1711735920000.0,0.0,-0.0039408,1334.0338860558177,1334.4181195999988,1500.0,0.013136,5100.0,0.013073660089376252,long_ientry_partial,66.67566645581888,0.049980489365941856,1.0
1711737600000.0,20651,1711737600000.0,0.10267192849899853,-0.00211232,1334.1344456643167,1334.6734072799989,-800.0,0.013202,4300.0,0.013073660089376252,long_nclose,56.216738384317885,0.042137236293547174,28.0
1711737660000.0,20652,1711737660000.0,0.08983793743662372,-0.00184828,1334.2224353217532,1334.7096589999987,-700.0,0.013202,3600.0,0.013073660089376252,long_nclose,47.06517632175451,0.03527535969697927,1.0
1711737900000.0,20656,1711737900000.0,0.1514379374366234,-0.0018605999999999998,1334.3720126591897,1335.0196983999986,-700.0,0.01329,2900.0,0.013073660089376252,long_nclose,37.91361425919113,0.028413076637927505,4.0
1711738740000.0,20670,1711738740000.0,0.10816995531187384,-0.0013289999999999999,1334.4788536145018,1335.0028693999986,-500.0,0.01329,2400.0,0.013073660089376252,long_nclose,31.376784214503004,0.023512387723130596,14.0
1711739700000.0,20686,1711739700000.0,0.0,-0.00709614,1334.4717574745018,1334.6129732599989,2700.0,0.013141,5100.0,0.013109310630294706,long_ientry_partial,66.857484214503,0.050100336586389294,16.0
1711740120000.0,20693,1711740120000.0,0.10295149576423496,-0.00211808,1334.5725908902662,1335.500055179999,-800.0,0.013238,4300.0,0.013109310630294706,long_nclose,56.37003571026724,0.0422382687124302,7.0
1711740120000.0,20693,1711740120000.0,0.1733514957642346,-0.00213216,1334.7438102260305,1335.498723019999,-800.0,0.013326,3500.0,0.013109310630294706,long_nclose,45.882587206031474,0.03437557593787346,0.0
1711740180000.0,20694,1711740180000.0,0.15168255879370526,-0.0018656399999999998,1334.8936271448242,1335.351957379999,-700.0,0.013326,2800.0,0.013109310630294706,long_nclose,36.70606976482518,0.02749737433636193,1.0
1711740420000.0,20698,1711740420000.0,0.05147574788211748,-0.00105904,1334.9440438527063,1335.257698339999,-400.0,0.013238,2400.0,0.013109310630294706,long_nclose,31.462345512707294,0.023568287867636463,4.0
1711741320000.0,20713,1711741320000.0,0.0,-0.007098300000000001,1334.9369455527062,1335.083800039999,2700.0,0.013145,5100.0,0.013128205002491627,long_ientry_partial,66.9538455127073,0.05015506218159711,15.0
