timestamp,trade_id,timestamp,pnl,fee_paid,balance,equity,qty,price,psize,pprice,type,pcost,wallet_exposure,mins_since_prev_fill
1674058920000.0,25462,1674058920000.0,0.0,-0.4919831,999.5080169,1008.1677169000001,6230.0,0.07897,6230.0,0.07897,long_ientry_normal,491.9831,0.49222526651251713,
1674058980000.0,25463,1674058980000.0,5.3577999999999975,-0.25134934999999997,1004.61446755,1009.97226755,-3115.0,0.08069,3115.0,0.07897,long_nclose,245.99155,0.2448616438900298,1.0
1674059040000.0,25464,1674059040000.0,2.678039999999999,-0.12563433,1007.16687322,1010.2517132199999,-1557.0,0.08069,1558.0,0.07897,long_nclose,123.03526,0.12215975651248892,1.0
1674059340000.0,25469,1674059340000.0,1.3398799999999995,-0.06285751,1008.44389571,1009.54228571,-779.0,0.08069,779.0,0.07897,long_nclose,61.51763,0.0610025309902721,5.0
1674059400000.0,25470,1674059400000.0,0.6690799999999997,-0.03138841,1009.0815873,1009.9395873,-389.0,0.08069,390.0,0.07897,long_nclose,30.7983,0.030521119786168158,1.0
1674059700000.0,25475,1674059700000.0,0.33539999999999986,-0.01573455,1009.40125275,1009.73275275,-195.0,0.08069,195.0,0.07897,long_nclose,15.39915,0.015255727054079585,5.0
1674059760000.0,25476,1674059760000.0,0.16683999999999993,-0.00782693,1009.56026582,1009.71706582,-97.0,0.08069,98.0,0.07897,long_nclose,7.73906,0.007665773170771599,1.0
1674059820000.0,25477,1674059820000.0,0.16855999999999993,-0.00790762,1009.7209182,1009.7209182,-98.0,0.08069,0.0,0.07897,long_nclose,0.0,0.0,1.0
1677807120000.0,87932,1677807120000.0,0.0,-0.49676867999999996,1009.2241495200001,1008.3458695200002,6756.0,0.07353,6756.0,0.07353,long_ientry_normal,496.76867999999996,0.4922282926307991,62455.0
1677807300000.0,87935,1677807300000.0,5.404800000000014,-0.25378914,1014.3751603800001,1020.0502003800001,-3378.0,0.07513,3378.0,0.07353,long_nclose,248.38433999999998,0.24486437533323616,3.0
1677811680000.0,88008,1677811680000.0,2.702400000000007,-0.12689457,1016.9506658100001,1019.5855058100002,-1689.0,0.07513,1689.0,0.07353,long_nclose,124.19216999999999,0.12212211877660856,73.0
1677811740000.0,88009,1677811740000.0,1.3504000000000036,-0.06340972,1018.2376560900002,1019.5981060900002,-844.0,0.07513,845.0,0.07353,long_nclose,62.13285,0.06101998843628328,1.0
1677811860000.0,88011,1677811860000.0,0.6752000000000018,-0.03170486,1018.8811512300002,1019.5368012300003,-422.0,0.07513,423.0,0.07353,long_nclose,31.103189999999998,0.03052680870821098,2.0
1677811920000.0,88012,1677811920000.0,0.3376000000000009,-0.01585243,1019.2028988000002,1019.5484588000002,-211.0,0.07513,212.0,0.07353,long_nclose,15.58836,0.015294658225907311,1.0
1677812280000.0,88018,1677812280000.0,0.16960000000000044,-0.00796378,1019.3645350200002,1019.5330750200002,-106.0,0.07513,106.0,0.07353,long_nclose,7.79418,0.007646116509092673,6.0
1677812340000.0,88019,1677812340000.0,0.16960000000000044,-0.00796378,1019.5261712400002,1019.5261712400002,-106.0,0.07513,0.0,0.07353,long_nclose,0.0,0.0,1.0
1681892520000.0,156022,1681892520000.0,0.0,-0.50159882,1019.0245724200001,1022.6807124200002,5897.0,0.08506,5897.0,0.08506,long_ientry_normal,501.59882,0.4922342734177577,68003.0
1681892700000.0,156025,1681892700000.0,5.453800000000013,-0.25621068,1024.2221617400003,1031.2702717400002,-2948.0,0.08691,2949.0,0.08506,long_nclose,250.84194,0.24490969769083795,3.0
1681894800000.0,156060,1681894800000.0,2.7269000000000063,-0.12810534,1026.8209564000003,1030.1397064000003,-1474.0,0.08691,1475.0,0.08506,long_nclose,125.4635,0.12218634535846522,35.0
1681895340000.0,156069,1681895340000.0,1.3634500000000032,-0.06405267,1028.1203537300005,1029.6996737300005,-737.0,0.08691,738.0,0.08506,long_nclose,62.77428,0.061057326384266336,9.0
1681896120000.0,156082,1681896120000.0,0.6826500000000016,-0.03206979,1028.7709339400005,1029.4720339400005,-369.0,0.08691,369.0,0.08506,long_nclose,31.38714,0.030509357296665755,13.0
1681947180000.0,156933,1681947180000.0,0.3404000000000008,-0.015991440000000003,1029.0953425000005,1029.4375925000004,-184.0,0.08691,185.0,0.08506,long_nclose,15.736099999999999,0.015291197375135328,851.0
1681947240000.0,156934,1681947240000.0,0.1702000000000004,-0.007995720000000001,1029.2575467800004,1029.4212267800006,-92.0,0.08691,93.0,0.08506,long_nclose,7.9105799999999995,0.0076857148385727145,1.0
1681947420000.0,156937,1681947420000.0,0.17205000000000042,-0.00808263,1029.4215141500003,1029.4215141500003,-93.0,0.08691,0.0,0.08506,long_nclose,0.0,0.0,3.0
1685980920000.0,224162,1685980920000.0,0.0,-0.50648868,1028.9150254700003,1028.2931854700003,7773.0,0.06516,7773.0,0.06516,long_ientry_normal,506.48868,0.49225511092972907,67225.0
1685981460000.0,224171,1685981460000.0,5.5181200000000175,-0.25872987999999997,1034.1744155900003,1039.4996055900003,-3886.0,0.06658,3887.0,0.06516,long_nclose,253.27692,0.2449073542933322,9.0
1685981520000.0,224172,1685981520000.0,2.7590600000000087,-0.12936493999999998,1036.8041106500004,1039.4090706500006,-1943.0,0.06658,1944.0,0.06516,long_nclose,126.67103999999999,0.12217451560891912,1.0
1685981580000.0,224173,1685981580000.0,1.3802400000000046,-0.06471576000000001,1038.1196348900005,1039.5581948900006,-972.0,0.06658,972.0,0.06516,long_nclose,63.335519999999995,0.06100984691105572,1.0
1685981820000.0,224177,1685981820000.0,0.6901200000000023,-0.032357880000000006,1038.7773970100004,1039.6619170100005,-486.0,0.06658,486.0,0.06516,long_nclose,31.667759999999998,0.030485607495072526,4.0
1685982180000.0,224183,1685982180000.0,0.34506000000000114,-0.016178940000000003,1039.1062780700006,1039.4270380700007,-243.0,0.06658,243.0,0.06516,long_nclose,15.833879999999999,0.015237979342603233,6.0
1685982240000.0,224184,1685982240000.0,0.17182000000000056,-0.00805618,1039.2700418900006,1039.4603618900005,-121.0,0.06658,122.0,0.06516,long_nclose,7.94952,0.007649138029172018,1.0
1685982780000.0,224193,1685982780000.0,0.17324000000000056,-0.00812276,1039.4351591300006,1039.4351591300006,-122.0,0.06658,0.0,0.06516,long_nclose,0.0,0.0,9.0
1686370980000.0,230663,1686370980000.0,0.0,-0.511434,1038.9237251300005,1037.5467251300006,8100.0,0.06314,8100.0,0.06314,long_ientry_normal,511.434,0.4922729047659435,6470.0
1686371100000.0,230665,1686371100000.0,0.0,-0.52747452,1038.3962506100006,990.4788406100005,8989.0,0.05868,17089.0,0.06079399145649249,long_rentry,1038.9085200000002,1.0004933274650198,2.0
1686418740000.0,231459,1686418740000.0,11.329416995728193,-0.53075328,1049.1949143257289,1060.4402073300005,-8544.0,0.06212,8545.0,0.06079399145649249,long_nclose,519.4846569957283,0.49512693008960884,794.0
1686418800000.0,231460,1686418800000.0,5.664708497864097,-0.26537664,1054.5942461835928,1060.9439606900003,-4272.0,0.06212,4273.0,0.06079399145649249,long_nclose,259.7727254935924,0.24632480826978548,1.0
1686419160000.0,231466,1686419160000.0,2.8323542489320483,-0.13268832,1057.2939121125248,1060.1489623700004,-2136.0,0.06212,2137.0,0.06079399145649249,long_nclose,129.91675974252445,0.12287667436100566,6.0
1686419460000.0,231471,1686419460000.0,1.4161771244660242,-0.06634416,1058.6437450769909,1059.8474482100005,-1068.0,0.06212,1069.0,0.06079399145649249,long_nclose,64.98877686699046,0.06138871284056384,5.0
1686419760000.0,231476,1686419760000.0,0.7080885622330121,-0.03317208,1059.318661559224,1060.0494761300006,-534.0,0.06212,535.0,0.06079399145649249,long_nclose,32.52478542922348,0.0307034951893983,5.0
1686419940000.0,231479,1686419940000.0,0.35404428111650604,-0.01658604,1059.6561198003405,1060.0248900900006,-267.0,0.06212,268.0,0.06079399145649249,long_nclose,16.29278971033999,0.015375544392090013,3.0
1686436440000.0,231754,1686436440000.0,0.1776851448300068,-0.008324080000000001,1059.8254808651707,1060.0031660100008,-134.0,0.06212,134.0,0.06079399145649249,long_nclose,8.146394855169994,0.007686543683135286,275.0
1686436680000.0,231758,1686436680000.0,0.1776851448300068,-0.008324080000000001,1059.9948419300008,1059.9948419300008,-134.0,0.06212,0.0,0.06079399145649249,long_nclose,0.0,0.0,4.0
1692308520000.0,329622,1692308520000.0,0.0,-0.5215270399999999,1059.473314890001,1052.884874890001,8669.0,0.06016,8669.0,0.06016,long_ientry_normal,521.5270399999999,0.4922512277283238,97864.0
1692308640000.0,329624,1692308640000.0,0.0,-0.5379660199999999,1058.9353488700008,1019.8971788700006,9622.0,0.05591,18291.0,0.057924282980700896,long_rentry,1059.49306,1.0005266715579892,2.0
1692308700000.0,329625,1692308700000.0,11.574982141490302,-0.54129255,1069.9690384614912,1068.4665063200007,-9145.0,0.05919,9146.0,0.057924282980700896,long_nclose,529.7754921414904,0.49513160951204227,1.0
1692308880000.0,329628,1692308880000.0,5.788123929254801,-0.27067587,1075.486486520746,1083.1038104500008,-4573.0,0.05919,4573.0,0.057924282980700896,long_nclose,264.8877460707452,0.24629574559106798,3.0
1692308940000.0,329629,1692308940000.0,0.0,-0.25665413000000004,1075.229832390746,1079.6503563200008,4307.0,0.05959,8880.0,0.05873219325121004,long_ientry_partial,521.5418760707452,0.48505153071423823,1.0
1692309300000.0,329635,1692309300000.0,5.673461964627422,-0.2664444,1080.6368499553735,1085.821911920001,-4440.0,0.06001,4440.0,0.05873219325121004,long_nclose,260.7709380353726,0.24131227622502555,6.0
1692309360000.0,329636,1692309360000.0,2.836730982313711,-0.1332222,1083.340358737687,1086.0216897200007,-2220.0,0.06001,2220.0,0.05873219325121004,long_nclose,130.3854690176863,0.12035503705374,1.0
1692309480000.0,329638,1692309480000.0,0.0,-0.40121424,1082.939144497687,1088.0142654800006,6759.0,0.05936,8979.0,0.05920477881920998,long_ientry_partial,531.5997090176863,0.49088604075186953,2.0
1692309480000.0,329638,1692309480000.0,0.8937955106769262,-0.0666111,1083.766328908364,1088.2140543800006,-1110.0,0.06001,7869.0,0.05920477881920998,long_nclose,465.88240452836334,0.42987348111989115,0.0
1692310860000.0,329661,1692310860000.0,5.056060125227958,-0.23796766,1088.5844213735918,1092.4612667200006,-3934.0,0.06049,3935.0,0.05920477881920998,long_nclose,232.97080465359127,0.21401262049995654,23.0
1692311040000.0,329664,1692311040000.0,2.528030062613979,-0.11898383,1090.9934676062057,1093.6211828900005,-1967.0,0.06049,1968.0,0.05920477881920998,long_nclose,116.51500471620524,0.1067971607308114,3.0
1692311280000.0,329668,1692311280000.0,1.2646576418973845,-0.05952216,1092.1986030881033,1093.3747007300005,-984.0,0.06049,984.0,0.05920477881920998,long_nclose,58.25750235810262,0.0533396601985978,4.0
1692311340000.0,329669,1692311340000.0,0.6323288209486922,-0.02976108,1092.801170829052,1093.4138196500005,-492.0,0.06049,492.0,0.05920477881920998,long_nclose,29.12875117905131,0.02665512442391769,1.0
1692311400000.0,329670,1692311400000.0,0.3161644104743461,-0.01488054,1093.1024546995263,1093.4530591100006,-246.0,0.06049,246.0,0.05920477881920998,long_nclose,14.564375589525655,0.013323888833027214,1.0
1692311520000.0,329672,1692311520000.0,0.15808220523717306,-0.00744027,1093.2530966347636,1093.3988788400006,-123.0,0.06049,123.0,0.05920477881920998,long_nclose,7.2821877947628275,0.006661026451403391,2.0
1692311580000.0,329673,1692311580000.0,0.15808220523717306,-0.00744027,1093.4037385700008,1093.4037385700008,-123.0,0.06049,0.0,0.05920477881920998,long_nclose,0.0,0.0,1.0
1699546380000.0,450253,1699546380000.0,0.0,-0.53793711,1092.8658014600007,1086.3818414600007,7719.0,0.06969,7719.0,0.06969,long_ientry_normal,537.93711,0.4922261354334168,120580.0
1699546500000.0,450255,1699546500000.0,5.865679999999975,-0.27479939,1098.4566820700006,1104.7484820700006,-3859.0,0.07121,3860.0,0.06969,long_nclose,269.0034,0.24489213310903907,2.0
1699546620000.0,450257,1699546620000.0,2.9335999999999878,-0.13743529999999998,1101.2528467700006,1103.4916467700007,-1930.0,0.07121,1930.0,0.06969,long_nclose,134.5017,0.12213516668265287,2.0
1699546680000.0,450258,1699546680000.0,1.4667999999999939,-0.06871764999999999,1102.6509291200005,1104.5905791200005,-965.0,0.07121,965.0,0.06969,long_nclose,67.25085,0.06099015402242603,1.0
1699546860000.0,450261,1699546860000.0,0.7326399999999968,-0.03432322,1103.3492459000004,1104.3152459000003,-482.0,0.07121,483.0,0.06969,long_nclose,33.660270000000004,0.03050735759785957,3.0
1699547280000.0,450268,1699547280000.0,0.3663199999999984,-0.01716161,1103.6984042900006,1104.1630442900005,-241.0,0.07121,242.0,0.06969,long_nclose,16.86498,0.015280424375397273,7.0
1699547640000.0,450274,1699547640000.0,0.18391999999999922,-0.00861641,1103.8737078800004,1104.0915078800003,-121.0,0.07121,121.0,0.06969,long_nclose,8.43249,0.0076389988635517676,6.0
1699547760000.0,450276,1699547760000.0,0.0,-0.53472055,1103.3389873300005,1103.4283473300006,7735.0,0.06913,7856.0,0.06913862525458248,long_ientry_partial,543.1530399999999,0.4922811993749904,2.0
1699547820000.0,450277,1699547820000.0,5.897400000000015,-0.27747392,1108.9589134100006,1115.2883934100007,-3928.0,0.07064,3928.0,0.06913862525458248,long_nclose,271.57651999999996,0.24489322076407136,1.0
1699548060000.0,450281,1699548060000.0,2.9487000000000076,-0.13873696,1111.7688764500006,1114.9336164500005,-1964.0,0.07064,1964.0,0.06913862525458248,long_nclose,135.78825999999998,0.12213713018625483,4.0
1699557780000.0,450443,1699557780000.0,1.4743500000000038,-0.06936848,1113.1738579700004,1114.6187479700004,-982.0,0.07064,982.0,0.06913862525458248,long_nclose,67.89412999999999,0.06099148799973859,162.0
1699557840000.0,450444,1699557840000.0,0.7371750000000019,-0.03468424,1113.8763487300005,1114.6478937300005,-491.0,0.07064,491.0,0.06913862525458248,long_nclose,33.947064999999995,0.030476511184302592,1.0
1699561500000.0,450505,1699561500000.0,0.3678368126272922,-0.0173068,1114.2268787426278,1114.5765369300004,-245.0,0.07064,246.0,0.06913862525458248,long_nclose,17.008101812627288,0.015264487096039569,61.0
1699561560000.0,450506,1699561560000.0,0.18466909368635487,-0.00868872,1114.4028591163142,1114.5887582100006,-123.0,0.07064,123.0,0.06913862525458248,long_nclose,8.504050906313644,0.0076310383060728005,1.0
1699561740000.0,450509,1699561740000.0,0.18466909368635487,-0.00868872,1114.5788394900005,1114.5788394900005,-123.0,0.07064,0.0,0.06913862525458248,long_nclose,0.0,0.0,3.0
1702260780000.0,495493,1702260780000.0,0.0,-0.5483551999999999,1114.0304842900005,1114.7986542900005,5909.0,0.0928,5909.0,0.0928,long_ientry_normal,548.3552,0.4922263867397493,44984.0
1702260840000.0,495494,1702260840000.0,5.967080000000023,-0.28009828,1119.7174660100006,1129.6758160100007,-2954.0,0.09482,2955.0,0.0928,long_nclose,274.224,0.24490463739676166,1.0
1702306740000.0,496259,1702306740000.0,2.9835400000000116,-0.14004914,1122.5609568700006,1125.3987168700007,-1477.0,0.09482,1478.0,0.0928,long_nclose,137.1584,0.12218347623850576,765.0
1702306800000.0,496260,1702306800000.0,1.4927800000000058,-0.07007197999999999,1123.9836648900007,1125.5725148900008,-739.0,0.09482,739.0,0.0928,long_nclose,68.5792,0.061014409855068084,1.0
1702306920000.0,496262,1702306920000.0,0.7453800000000029,-0.03498858,1124.6940563100009,1125.4858563100008,-369.0,0.09482,370.0,0.0928,long_nclose,34.336,0.030529191300834903,2.0
1702307220000.0,496267,1702307220000.0,0.3737000000000015,-0.0175417,1125.050214610001,1125.414664610001,-185.0,0.09482,185.0,0.0928,long_nclose,17.168,0.015259763321720972,5.0
1702307460000.0,496271,1702307460000.0,0.18584000000000073,-0.00872344,1125.227331170001,1125.431931170001,-92.0,0.09482,93.0,0.0928,long_nclose,8.6304,0.007669916790082045,4.0
1702308480000.0,496288,1702308480000.0,0.18786000000000075,-0.008818260000000001,1125.406372910001,1125.406372910001,-93.0,0.09482,0.0,0.0928,long_nclose,0.0,0.0,17.0
