timestamp,trade_id,timestamp,pnl,fee_paid,balance,equity,qty,price,psize,pprice,type,pcost,wallet_exposure,mins_since_prev_fill
1672573980000.0,713,1672573980000.0,0.0,-0.056797175000000005,299.943202825,299.942727825,0.0475,1195.73,0.0475,1195.73,long_ientry_normal,56.797175,0.1893597669994141,
1672654140000.0,2049,1672654140000.0,1.297699999999997,-0.058094875000000004,301.18280795000004,301.18280795000004,-0.0475,1223.05,0.0,1195.73,long_nclose,0.0,0.0,1336.0
1672658640000.0,2124,1672658640000.0,0.0,-0.057032744999999996,301.125775205,301.12389920500004,0.0469,1216.05,0.0469,1216.05,long_ientry_normal,57.03274499999999,0.18939841652934994,75.0
1672801560000.0,4506,1672801560000.0,1.3028819999999985,-0.058335626999999994,302.370321578,302.370321578,-0.0469,1243.83,0.0,1216.05,long_nclose,0.0,0.0,2382.0
1672829040000.0,4964,1672829040000.0,0.0,-0.05719504,302.313126538,302.312668538,0.0458,1248.8,0.0458,1248.8,long_ientry_normal,57.19504,0.189191387932706,458.0
1673193720000.0,11042,1673193720000.0,1.3066739999999988,-0.058501714,303.561298824,303.561298824,-0.0458,1277.33,0.0,1248.8,long_nclose,0.0,0.0,6078.0
1673193840000.0,11044,1673193840000.0,0.0,-0.057493044,303.50380578,303.51691378,0.0452,1271.97,0.0452,1271.97,long_ientry_normal,57.493044,0.18943104799705487,2.0
1673230980000.0,11663,1673230980000.0,1.3135119999999973,-0.058806555999999996,304.758511224,304.758511224,-0.0452,1301.03,0.0,1271.97,long_nclose,0.0,0.0,619.0
1673267640000.0,12274,1673267640000.0,0.0,-0.05767146000000001,304.700839764,304.71310376400004,0.0438,1316.7,0.0438,1316.7,long_ientry_normal,57.67146,0.1892724025462755,611.0
1673382180000.0,14183,1673382180000.0,1.3175039999999967,-0.058988964,305.9593548,305.9593548,-0.0438,1346.78,0.0,1316.7,long_nclose,0.0,0.0,1909.0
1673382720000.0,14192,1673382720000.0,0.0,-0.05793811200000001,305.90141668800004,305.861240688,0.0432,1341.16,0.0432,1341.16,long_ientry_normal,57.938112000000004,0.1894012542579794,9.0
1673479620000.0,15807,1673479620000.0,1.3236479999999946,-0.059261760000000004,307.165802928,307.165802928,-0.0432,1371.8,0.0,1341.16,long_nclose,0.0,0.0,1615.0
1673517780000.0,16443,1673517780000.0,0.0,-0.058167199999999995,307.107635728,307.089331728,0.0416,1398.25,0.0416,1398.25,long_ientry_normal,58.167199999999994,0.18940330110032721,636.0
1673545140000.0,16899,1673545140000.0,1.3291200000000019,-0.05949632,308.377259408,308.377259408,-0.0416,1430.2,0.0,1398.25,long_nclose,0.0,0.0,456.0
1673561460000.0,17171,1673561460000.0,0.0,-0.058297472999999995,308.318961935,308.389242935,0.0411,1418.43,0.0411,1418.43,long_ientry_normal,58.297473,0.1890816984921294,272.0
1673645880000.0,18578,1673645880000.0,1.3320509999999939,-0.059629523999999996,309.591383411,309.591383411,-0.0411,1450.84,0.0,1418.43,long_nclose,0.0,0.0,1407.0
1673687820000.0,19277,1673687820000.0,0.0,-0.058639673999999996,309.532743737,309.682105737,0.0382,1535.07,0.0382,1535.07,long_ientry_normal,58.63967399999999,0.1894457862261714,699.0
1673831220000.0,21667,1673831220000.0,1.3396740000000062,-0.059979348,310.81243838899996,310.81243838899996,-0.0382,1570.14,0.0,1535.07,long_nclose,0.0,0.0,2390.0
1673840700000.0,21825,1673840700000.0,0.0,-0.058849264000000005,310.75358912499996,310.82089312499994,0.0376,1565.14,0.0376,1565.14,long_ientry_normal,58.849264000000005,0.18937597524039543,158.0
1673897760000.0,22776,1673897760000.0,1.3445759999999998,-0.06019384000000001,312.03797128499997,312.03797128499997,-0.0376,1600.9,0.0,1565.14,long_nclose,0.0,0.0,951.0
1673910180000.0,22983,1673910180000.0,0.0,-0.05902206200000001,311.978949223,311.94080122299994,0.0374,1578.13,0.0374,1578.13,long_ientry_normal,59.022062000000005,0.18918604010622372,207.0
1674245100000.0,28565,1674245100000.0,1.348643999999998,-0.06037070600000001,313.26722251699994,313.26722251699994,-0.0374,1614.19,0.0,1578.13,long_nclose,0.0,0.0,5582.0
1674280680000.0,29158,1674280680000.0,0.0,-0.05925708,313.2079654369999,313.2076054369999,0.036,1646.03,0.036,1646.03,long_ientry_normal,59.257079999999995,0.18919403891060757,593.0
1675298460000.0,46121,1675298460000.0,1.3539600000000045,-0.06061104,314.50131439699993,314.50131439699993,-0.036,1683.64,0.0,1646.03,long_nclose,0.0,0.0,16963.0
1675319100000.0,46465,1675319100000.0,0.0,-0.059474182,314.44184021499996,314.51809421499996,0.0358,1661.29,0.0358,1661.29,long_ientry_normal,59.474182,0.18914207460220453,344.0
1675361700000.0,47175,1675361700000.0,1.3589680000000013,-0.060833149999999996,315.73997506499995,315.73997506499995,-0.0358,1699.25,0.0,1661.29,long_nclose,0.0,0.0,710.0
1675365120000.0,47232,1675365120000.0,0.0,-0.059838445,315.6801366199999,315.7238016199999,0.0355,1685.59,0.0355,1685.59,long_ientry_normal,59.83844499999999,0.18955403922683467,57.0
1676279940000.0,62479,1676279940000.0,0.0,-0.077162705,315.60297391499995,308.0387079149999,0.0521,1481.05,0.0876,1563.9400684931506,long_rentry,137.00115,0.4340933429762229,15247.0
1676463060000.0,65531,1676463060000.0,0.5079046095890426,-0.032255887999999996,316.078622636589,317.664206027,-0.0203,1588.96,0.0673,1563.9400684931506,long_nclose,105.25316660958903,0.3329967896329507,3052.0
1676488440000.0,65954,1676488440000.0,2.4046243904109663,-0.107657791,318.37558923599994,318.37558923599994,-0.0673,1599.67,0.0,1563.9400684931506,long_nclose,0.0,0.0,423.0
1676530980000.0,66663,1676530980000.0,0.0,-0.060190181999999995,318.31539905399995,318.42745305399995,0.0358,1681.29,0.0358,1681.29,long_ientry_normal,60.19018199999999,0.18908975870749237,709.0
1676562420000.0,67187,1676562420000.0,1.375078000000003,-0.061565260000000004,319.628911794,319.628911794,-0.0358,1719.7,0.0,1681.29,long_nclose,0.0,0.0,524.0
1676563740000.0,67209,1676563740000.0,0.0,-0.060461520000000005,319.568450274,319.690187274,0.0357,1693.6,0.0357,1693.6,long_ientry_normal,60.46152,0.18919740026951945,22.0
1678391280000.0,97668,1678391280000.0,0.0,-0.077987444,319.49046283,312.13077483,0.0524,1488.31,0.0881,1571.49788876277,long_rentry,138.44896400000002,0.43334302618500486,30459.0
1678668060000.0,102281,1678668060000.0,0.5103848581157733,-0.032411792,319.9684358961158,322.414125038,-0.0203,1596.64,0.0678,1571.49788876277,long_nclose,106.5475568581158,0.3329939609815407,4613.0
1678668060000.0,102281,1678668060000.0,2.434163141884208,-0.10898172000000002,322.29361731800003,322.29361731800003,-0.0678,1607.4,0.0,1571.49788876277,long_nclose,0.0,0.0,0.0
1678697220000.0,102767,1678697220000.0,0.0,-0.061041792000000004,322.232575526,322.304383526,0.0384,1589.63,0.0384,1589.63,long_ientry_normal,61.041792,0.1894339574462878,486.0
1678716480000.0,103088,1678716480000.0,1.3946879999999975,-0.062436479999999996,323.564827046,323.564827046,-0.0384,1625.95,0.0,1589.63,long_nclose,0.0,0.0,321.0
1678749900000.0,103645,1678749900000.0,0.0,-0.061155344,323.503671702,323.488583702,0.0368,1661.83,0.0368,1661.83,long_ientry_normal,61.155344,0.18904064883793378,557.0
1678797000000.0,104430,1678797000000.0,1.397296000000001,-0.06255263999999999,324.838415062,324.838415062,-0.0368,1699.8,0.0,1661.83,long_nclose,0.0,0.0,785.0
1678797300000.0,104435,1678797300000.0,0.0,-0.061560834,324.77685422800005,324.91264022800004,0.0366,1681.99,0.0366,1681.99,long_ientry_normal,61.560834,0.18954809494146718,5.0
1678797960000.0,104446,1678797960000.0,1.4065380000000023,-0.06296737200000001,326.12042485600006,326.12042485600006,-0.0366,1720.42,0.0,1681.99,long_nclose,0.0,0.0,11.0
1678819800000.0,104810,1678819800000.0,0.0,-0.061759947999999995,326.0586649080001,326.0244889080001,0.0356,1734.83,0.0356,1734.83,long_ientry_normal,61.759947999999994,0.18941360757097508,364.0
1679092620000.0,109357,1679092620000.0,1.4111840000000035,-0.063171132,327.4066777760001,327.4066777760001,-0.0356,1774.47,0.0,1734.83,long_nclose,0.0,0.0,4547.0
1679127180000.0,109933,1679127180000.0,0.0,-0.061907727,327.3447700490001,327.2689670490001,0.0343,1804.89,0.0343,1804.89,long_ientry_normal,61.907727,0.1891208678566426,576.0
1679584500000.0,117555,1679584500000.0,1.4145320000000001,-0.06332225899999999,328.6959797900001,328.6959797900001,-0.0343,1846.13,0.0,1804.89,long_nclose,0.0,0.0,7622.0
1679597700000.0,117775,1679597700000.0,0.0,-0.062220142,328.6337596480001,328.6116156480001,0.0346,1798.27,0.0346,1798.27,long_ientry_normal,62.220141999999996,0.18932973309450632,220.0
1680269880000.0,128978,1680269880000.0,1.4213679999999975,-0.06364151,329.991486138,329.991486138,-0.0346,1839.35,0.0,1798.27,long_nclose,0.0,0.0,11203.0
1680280320000.0,129152,1680280320000.0,0.0,-0.06251312199999999,329.92897301600004,329.94166401600006,0.0343,1822.54,0.0343,1822.54,long_ientry_normal,62.513121999999996,0.1894744842459422,174.0
1680606420000.0,134587,1680606420000.0,1.4282520000000034,-0.063941374,331.293283642,331.293283642,-0.0343,1864.18,0.0,1822.54,long_nclose,0.0,0.0,5435.0
1680621480000.0,134838,1680621480000.0,0.0,-0.06264999,331.230633652,331.319189652,0.0338,1853.55,0.0338,1853.55,long_ientry_normal,62.649989999999995,0.1891431034299255,251.0
1680654720000.0,135392,1680654720000.0,1.4314300000000044,-0.06408142,332.597982232,332.597982232,-0.0338,1895.9,0.0,1853.55,long_nclose,0.0,0.0,554.0
1680679200000.0,135800,1680679200000.0,0.0,-0.06295971,332.535022522,332.617522522,0.033,1907.87,0.033,1907.87,long_ientry_normal,62.95971,0.18933256870961518,408.0
1681375320000.0,147402,1681375320000.0,1.4384700000000048,-0.06439818000000001,333.909094342,333.909094342,-0.033,1951.46,0.0,1907.87,long_nclose,0.0,0.0,11602.0
1681416420000.0,148087,1681416420000.0,0.0,-0.06325182400000001,333.845842518,333.854690518,0.0316,2001.64,0.0316,2001.64,long_ientry_normal,63.251824000000006,0.18946416562485618,685.0
1681432560000.0,148356,1681432560000.0,1.4450679999999936,-0.064696892,335.226213626,335.226213626,-0.0316,2047.37,0.0,2001.64,long_nclose,0.0,0.0,269.0
1681475400000.0,149070,1681475400000.0,0.0,-0.06352605,335.162687576,335.171416576,0.0301,2110.5,0.0301,2110.5,long_ientry_normal,63.52605,0.18953795382009853,714.0
1682104020000.0,159547,1682104020000.0,0.0,-0.081779481,335.080908095,326.735221095,0.0441,1854.41,0.0742,1958.2955660377356,long_rentry,145.30553099999997,0.4336431216749714,10477.0
1683302580000.0,179523,1683302580000.0,0.535647820754719,-0.034022502,335.5825334137547,337.74059559299997,-0.0171,1989.62,0.0571,1958.2955660377356,long_nclose,111.8186768207547,0.33320767825209924,19976.0
1683332580000.0,180023,1683332580000.0,2.5549071792452938,-0.114373584,338.02306700899993,338.02306700899993,-0.0571,2003.04,0.0,1958.2955660377356,long_nclose,0.0,0.0,500.0
1683335940000.0,180079,1683335940000.0,0.0,-0.06400555,337.95906145899994,337.9510114589999,0.0322,1987.75,0.0322,1987.75,long_ientry_normal,64.00555,0.18938847126537228,56.0
1683870600000.0,188990,1683870600000.0,0.0,-0.082442352,337.87661910699995,330.054765107,0.0472,1746.66,0.0794,1844.4320151133502,long_rentry,146.447902,0.4334360346894035,8911.0
1685311200000.0,213000,1685311200000.0,0.5399961234256926,-0.034293102000000006,338.38232212842564,340.19748000499993,-0.0183,1873.94,0.0611,1844.4320151133502,long_nclose,112.6947961234257,0.3330398450326103,24010.0
1685311320000.0,213002,1685311320000.0,2.5746308765743,-0.115269427,340.84168357799996,340.84168357799996,-0.0611,1886.57,0.0,1844.4320151133502,long_nclose,0.0,0.0,2.0
1685333580000.0,213373,1685333580000.0,0.0,-0.064439493,340.77724408499995,340.76029408499994,0.0339,1900.87,0.0339,1900.87,long_ientry_normal,64.439493,0.18909564567030443,371.0
1686774660000.0,237391,1686774660000.0,0.0,-0.083024844,340.6942192409999,331.25766224099993,0.0497,1670.52,0.0836,1763.9274760765552,long_rentry,147.464337,0.43283486678618055,24018.0
1687303800000.0,246210,1687303800000.0,0.5418724593301419,-0.034409279999999993,341.2016824203301,342.70107696099996,-0.0192,1792.15,0.0644,1763.9274760765552,long_nclose,113.59692945933016,0.33293191479457257,8819.0
1687308840000.0,246294,1687308840000.0,2.5954825406698467,-0.11619241200000001,343.68097254899993,343.68097254899993,-0.0644,1804.23,0.0,1763.9274760765552,long_nclose,0.0,0.0,84.0
1687334520000.0,246722,1687334520000.0,0.0,-0.065012387,343.6159601619999,343.6130881619999,0.0359,1810.93,0.0359,1810.93,long_ientry_normal,65.012387,0.18920071980751274,428.0
1687360800000.0,247160,1687360800000.0,1.4851829999999961,-0.06649756999999999,345.0346455919999,345.0346455919999,-0.0359,1852.3,0.0,1810.93,long_nclose,0.0,0.0,438.0
1687413240000.0,248034,1687413240000.0,0.0,-0.065307978,344.96933761399987,344.93924161399985,0.0342,1909.59,0.0342,1909.59,long_ientry_normal,65.307978,0.18931531263533846,874.0
1688336820000.0,263427,1688336820000.0,1.4921460000000037,-0.066800124,346.39468348999986,346.39468348999986,-0.0342,1953.22,0.0,1909.59,long_nclose,0.0,0.0,15393.0
1688337780000.0,263443,1688337780000.0,0.0,-0.065463273,346.3292202169999,346.27837021699986,0.0339,1931.07,0.0339,1931.07,long_ientry_normal,65.463273,0.1890203574476985,16.0
1688372220000.0,264017,1688372220000.0,1.495668000000004,-0.066958941,347.7579292759999,347.7579292759999,-0.0339,1975.19,0.0,1931.07,long_nclose,0.0,0.0,574.0
1688376720000.0,264092,1688376720000.0,0.0,-0.0658308,347.6920984759999,347.6749624759999,0.0336,1959.25,0.0336,1959.25,long_ientry_normal,65.8308,0.18933648561054112,75.0
1689271680000.0,279008,1689271680000.0,1.5039359999999995,-0.06733473599999999,349.1286997399999,349.1286997399999,-0.0336,2004.01,0.0,1959.25,long_nclose,0.0,0.0,14916.0
1689316080000.0,279748,1689316080000.0,0.0,-0.065989833,349.0627099069999,349.0702769069999,0.0329,2005.77,0.0329,2005.77,long_ientry_normal,65.98983299999999,0.18904864692530904,740.0
1692286440000.0,329254,1692286440000.0,0.0,-0.08514034200000001,348.9775695649999,341.0509025649999,0.0483,1762.74,0.0812,1861.2090517241381,long_rentry,151.130175,0.43306558409580187,49506.0
1699156680000.0,443758,1699156680000.0,0.5539256379310308,-0.035172414,349.49632278893097,351.36061015099995,-0.0186,1890.99,0.0626,1861.2090517241381,long_nclose,116.51168663793105,0.33337027900089006,114504.0
1699206000000.0,444580,1699206000000.0,2.661811362068954,-0.11917349800000002,352.0389606529999,352.0389606529999,-0.0626,1903.73,0.0,1861.2090517241381,long_nclose,0.0,0.0,822.0
1699209600000.0,444640,1699209600000.0,0.0,-0.066708224,351.97225242899987,351.9648604289999,0.0352,1895.12,0.0352,1895.12,long_ientry_normal,66.708224,0.18952694009155294,60.0
1699539720000.0,450142,1699539720000.0,1.5241600000000064,-0.06823238400000001,353.42818004499986,353.42818004499986,-0.0352,1938.42,0.0,1895.12,long_nclose,0.0,0.0,5502.0
1699601160000.0,451166,1699601160000.0,0.0,-0.066869994,353.36131005099986,353.37371205099987,0.0318,2102.83,0.0318,2102.83,long_ientry_normal,66.869994,0.18923971611478577,1024.0
1701543060000.0,483531,1701543060000.0,1.527671999999999,-0.068397666,354.82058438499985,354.82058438499985,-0.0318,2150.87,0.0,2102.83,long_nclose,0.0,0.0,32365.0
1701572640000.0,484024,1701572640000.0,0.0,-0.06704432,354.75354006499987,354.7526100649999,0.031,2162.72,0.031,2162.72,long_ientry_normal,67.04432,0.188988445295615,493.0
1701642000000.0,485180,1701642000000.0,1.5317100000000097,-0.06857603000000001,356.2166740349999,356.2166740349999,-0.031,2212.13,0.0,2162.72,long_nclose,0.0,0.0,1156.0
1701646020000.0,485247,1701646020000.0,0.0,-0.06750352200000001,356.14917051299994,356.23599951299997,0.0309,2184.58,0.0309,2184.58,long_ientry_normal,67.503522,0.1895372152706896,67.0
1701666540000.0,485589,1701666540000.0,1.5422189999999956,-0.069045741,357.6223437719999,357.6223437719999,-0.0309,2234.49,0.0,2184.58,long_nclose,0.0,0.0,342.0
1701688260000.0,485951,1701688260000.0,0.0,-0.06762476699999999,357.5547190049999,357.4815760049999,0.0301,2246.67,0.0301,2246.67,long_ientry_normal,67.62476699999999,0.18913123895605571,362.0
1701798780000.0,487793,1701798780000.0,1.5450329999999977,-0.06916979999999999,359.0305822049999,359.0305822049999,-0.0301,2298.0,0.0,2246.67,long_nclose,0.0,0.0,1842.0
1701807660000.0,487941,1701807660000.0,0.0,-0.067929379,358.9626528259999,358.9214158259999,0.0301,2256.79,0.0301,2256.79,long_ientry_normal,67.929379,0.18923801254869663,148.0
1701822360000.0,488186,1701822360000.0,1.5519559999999983,-0.06948133499999999,360.44512749099994,360.44512749099994,-0.0301,2308.35,0.0,2256.79,long_nclose,0.0,0.0,245.0
1701829200000.0,488300,1701829200000.0,0.0,-0.06810819800000001,360.37701929299993,360.37582729299993,0.0298,2285.51,0.0298,2285.51,long_ientry_normal,68.108198,0.1889915126486617,114.0
1701965460000.0,490571,1701965460000.0,1.5558579999999875,-0.06966405599999999,361.8632132369999,361.8632132369999,-0.0298,2337.72,0.0,2285.51,long_nclose,0.0,0.0,2271.0
1702017540000.0,491439,1702017540000.0,0.0,-0.0685508,361.7946624369999,361.7836804369999,0.0289,2372.0,0.0289,2372.0,long_ientry_normal,68.5508,0.18947432650954849,868.0
1703723580000.0,519873,1703723580000.0,1.5660910000000015,-0.070116891,363.2906365459999,363.2906365459999,-0.0289,2426.19,0.0,2372.0,long_nclose,0.0,0.0,28434.0
1703740140000.0,520149,1703740140000.0,0.0,-0.068811407,363.2218251389999,363.09267513899994,0.0287,2397.61,0.0287,2397.61,long_ientry_normal,68.811407,0.1894473355880166,276.0
