timestamp,trade_id,timestamp,pnl,fee_paid,balance,equity,qty,price,psize,pprice,type,pcost,wallet_exposure,mins_since_prev_fill
1706628000000.0,290,1706628000000.0,0.0,-0.01576376,999.98423624,1000.9582262399999,0.173,455.6,0.173,455.6,long_ientry_normal,78.8188,0.07882004250023317,
1706658180000.0,793,1706658180000.0,0.0,-0.03376737,999.95046887,994.29657887,0.399,423.15,0.572,432.96442307692314,long_rentry,247.65565,0.24766791727180723,503.0
1706740140000.0,2159,1706740140000.0,21.66482999999995,-0.053864096,1021.561434774,1021.561434774,-0.572,470.84,0.0,432.96442307692314,long_nclose,0.0,0.0,1366.0
1706745480000.0,2248,1706745480000.0,0.0,-0.016113304000000002,1021.54532147,1021.74484147,0.172,468.41,0.172,468.41,long_ientry_normal,80.56652,0.07886729869612155,89.0
1706776440000.0,2764,1706776440000.0,0.0,-0.034542970000000006,1021.5107785,1018.8454585,0.397,435.05,0.569,445.13421792618635,long_rentry,253.28137,0.24794781937780602,516.0
1707186840000.0,9604,1707186840000.0,22.160149999999955,-0.055088304,1043.615840196,1043.615840196,-0.569,484.08,0.0,445.13421792618635,long_nclose,0.0,0.0,6840.0
1707201480000.0,9848,1707201480000.0,0.0,-0.016452480000000002,1043.599387716,1043.5845377159999,0.165,498.56,0.165,498.56,long_ientry_normal,82.2624,0.0788256499268726,244.0
1707332760000.0,12036,1707332760000.0,0.0,-0.03528441,1043.5641033059999,1037.6612733059999,0.381,463.05,0.546,473.78104395604396,long_rentry,258.68445,0.24788553878050276,2188.0
1707351480000.0,12348,1707351480000.0,0.0,-0.15699268800000002,1043.407110618,1012.7523606179998,1.836,427.54,2.382,438.1393324937028,long_rentry,1043.6478900000002,1.0002307626424527,312.0
1707385800000.0,12920,1707385800000.0,14.895969999999963,-0.07255572,1058.2305248979999,1086.402704898,-0.794,456.9,1.588,438.1393324937028,long_nclose,695.7652600000001,0.6574798624969386,572.0
1707437940000.0,13789,1707437940000.0,22.326621989924412,-0.07299031600000001,1080.4841565719244,1103.3831545819999,-0.782,466.69,0.806,438.1393324937028,long_nclose,353.14030198992447,0.32683524311021867,869.0
1707440580000.0,13833,1707440580000.0,30.894518010075572,-0.076806964,1111.301867618,1111.301867618,-0.806,476.47,0.0,438.1393324937028,long_nclose,0.0,0.0,44.0
1707446520000.0,13932,1707446520000.0,0.0,-0.017499663999999998,1111.284367954,1111.6447279539998,0.182,480.76,0.182,480.76,long_ientry_normal,87.49831999999999,0.07873621057146182,99.0
1707513360000.0,15046,1707513360000.0,7.65492000000001,-0.019030648000000004,1118.920257306,1118.920257306,-0.182,522.82,0.0,480.76,long_nclose,0.0,0.0,1114.0
1707522360000.0,15196,1707522360000.0,0.0,-0.017589000000000004,1118.902668306,1118.610748306,0.164,536.25,0.164,536.25,long_ientry_normal,87.94500000000001,0.07859932994274406,150.0
1707581580000.0,16183,1707581580000.0,7.693239999999995,-0.019127648,1126.576780658,1126.576780658,-0.164,583.16,0.0,536.25,long_nclose,0.0,0.0,987.0
1707593580000.0,16383,1707593580000.0,0.0,-0.017764674,1126.5590159839999,1125.420655984,0.149,596.13,0.149,596.13,long_ientry_normal,88.82337,0.07884484411357419,200.0
1707670380000.0,17663,1707670380000.0,0.0,-0.038092495999999997,1126.5209234879999,1120.6282234879998,0.344,553.67,0.493,566.502738336714,long_rentry,279.28585,0.24791891937103025,1280.0
1707914640000.0,21734,1707914640000.0,24.431729999999998,-0.06074351599999999,1150.891909972,1150.891909972,-0.493,616.06,0.0,566.502738336714,long_nclose,0.0,0.0,4071.0
1707917040000.0,21774,1707917040000.0,0.0,-0.018154756,1150.8737552159998,1150.9899752159997,0.149,609.22,0.149,609.22,long_ientry_normal,90.77378,0.0788737944440859,40.0
1708026840000.0,23604,1708026840000.0,7.940209999999994,-0.019742798,1158.794222418,1158.794222418,-0.149,662.51,0.0,609.22,long_nclose,0.0,0.0,1830.0
1708029120000.0,23642,1708029120000.0,0.0,-0.018313120000000002,1158.775909298,1158.934109298,0.14,654.04,0.14,654.04,long_ientry_normal,91.5656,0.0790192471773697,38.0
1708360860000.0,29171,1708360860000.0,0.0,-0.039240624,1158.736668674,1147.638228674,0.323,607.44,0.463,621.5307127429805,long_rentry,287.76872000000003,0.2483469521416873,5529.0
1708443000000.0,30540,1708443000000.0,0.0,-0.174190692,1158.562477982,1134.364457982,1.553,560.82,2.016,574.7629861111111,long_rentry,1158.72218,1.0001378449768874,1369.0
1708453920000.0,30722,1708453920000.0,16.535913333333344,-0.08055532800000001,1175.0178359873335,1208.129982654,-0.672,599.37,1.344,574.7629861111111,long_nclose,772.4814533333333,0.6574210447488565,182.0
1708454940000.0,30739,1708454940000.0,24.789923194444473,-0.081056604,1199.726702577778,1225.2587460500004,-0.662,612.21,0.682,574.7629861111111,long_nclose,391.9883565277778,0.32673137614219705,17.0
1708456620000.0,30767,1708456620000.0,34.2889234722222,-0.08525545600000001,1233.9303705940004,1233.9303705940004,-0.682,625.04,0.0,574.7629861111111,long_nclose,0.0,0.0,28.0
1708462380000.0,30863,1708462380000.0,0.0,-0.019508112,1233.9108624820003,1234.1729424820003,0.156,625.26,0.156,625.26,long_ientry_normal,97.54056,0.07904992407944125,96.0
1708510020000.0,31657,1708510020000.0,0.0,-0.04181112,1233.8690513620004,1223.7148913620003,0.36,580.71,0.516,594.1786046511627,long_rentry,306.59615999999994,0.2484835482838031,794.0
1709044980000.0,40573,1709044980000.0,26.822400000000037,-0.066683712,1260.6247676500004,1260.6247676500004,-0.516,646.16,0.0,594.1786046511627,long_nclose,0.0,0.0,8916.0
1709047620000.0,40617,1709047620000.0,0.0,-0.019914024000000002,1260.6048536260005,1260.9776936260005,0.156,638.27,0.156,638.27,long_ientry_normal,99.57012,0.07898598812593556,44.0
1709081640000.0,41184,1709081640000.0,0.0,-0.0426816,1260.5621720260006,1257.0447320260007,0.36,592.8,0.516,606.5467441860465,long_rentry,312.97812,0.24828455664108603,567.0
1709266980000.0,44273,1709266980000.0,27.38064000000004,-0.06807175200000001,1287.8747402740007,1287.8747402740007,-0.516,659.61,0.0,606.5467441860465,long_nclose,0.0,0.0,3089.0
1709274240000.0,44394,1709274240000.0,0.0,-0.020243736,1287.8544965380006,1287.3749765380005,0.148,683.91,0.148,683.91,long_ientry_normal,101.21867999999999,0.07859481041693388,121.0
1709446860000.0,47271,1709446860000.0,0.0,-0.043322686000000006,1287.8111738520006,1281.2275638520005,0.341,635.23,0.489,649.9634151329244,long_rentry,317.83211000000006,0.24680024249931407,2877.0
1709650080000.0,50658,1709650080000.0,27.802869999999988,-0.06912699600000001,1315.5449168560006,1315.5449168560006,-0.489,706.82,0.0,649.9634151329244,long_nclose,0.0,0.0,3387.0
1709653440000.0,50714,1709653440000.0,0.0,-0.020746344,1315.5241705120006,1315.6188905120007,0.148,700.89,0.148,700.89,long_ientry_normal,103.73172,0.07885200616240119,56.0
1709667480000.0,50948,1709667480000.0,0.0,-0.04439615400000001,1315.4797743580007,1308.7370943580006,0.341,650.97,0.489,666.0787116564418,long_rentry,325.71249,0.24759977032635025,234.0
1709668620000.0,50967,1709668620000.0,0.0,-0.19800234000000003,1315.2817720180008,1282.8236620180007,1.647,601.1,2.136,615.9757443820224,long_rentry,1315.72419,1.0003363674548005,19.0
1709669460000.0,50981,1709669460000.0,18.77847000000006,-0.09147064,1333.9687713780008,1371.6396313780008,-0.712,642.35,1.424,615.9757443820224,long_nclose,877.1494599999999,0.6575487213946524,14.0
1709672940000.0,51039,1709672940000.0,28.174247443820274,-0.09211784399999999,1362.0509009778211,1392.991673534001,-0.702,656.11,0.722,615.9757443820224,long_nclose,444.73448744382017,0.3265182579627118,58.0
1709674740000.0,51069,1709674740000.0,38.90443255617983,-0.096727784,1400.858605750001,1400.858605750001,-0.722,669.86,0.0,615.9757443820224,long_nclose,0.0,0.0,30.0
1709677260000.0,51111,1709677260000.0,0.0,-0.022112196,1400.836493554001,1400.833173554001,0.166,666.03,0.166,666.03,long_ientry_normal,110.56098,0.0789249712644911,42.0
1709708400000.0,51630,1709708400000.0,9.671159999999999,-0.024046428,1410.483607126001,1410.483607126001,-0.166,724.29,0.0,666.03,long_nclose,0.0,0.0,519.0
1709711280000.0,51678,1709711280000.0,0.0,-0.022190688,1410.4614164380012,1411.9231364380012,0.156,711.24,0.156,711.24,long_ientry_normal,110.95344,0.07866464031338295,48.0
1710368520000.0,62632,1710368520000.0,0.0,-0.0475632,1410.4138532380011,1402.8545732380012,0.36,660.6,0.516,675.9097674418604,long_rentry,348.76944,0.24728163240831885,10954.0
1710424380000.0,63563,1710424380000.0,0.0,-0.21228348000000002,1410.2015697580011,1378.2728097580011,1.74,610.01,2.256,625.0828191489361,long_rentry,1410.1868399999996,0.9999895548563288,931.0
1710467280000.0,64278,1710467280000.0,20.075385638297945,-0.09777750000000002,1430.1791778962993,1469.8429722580015,-0.75,651.85,1.506,625.0828191489361,long_nclose,941.3747256382977,0.6582215292932727,715.0
1710685500000.0,67915,1710685500000.0,30.26029537234044,-0.098939366,1460.3405339026397,1492.5217228920014,-0.743,665.81,0.763,625.0828191489361,long_nclose,476.93819101063826,0.32659381831719775,3637.0
1710690660000.0,68001,1710690660000.0,41.71868898936175,-0.103731376,1501.9554915160013,1501.9554915160013,-0.763,679.76,0.0,625.0828191489361,long_nclose,0.0,0.0,86.0
1710700440000.0,68164,1710700440000.0,0.0,-0.023633226000000004,1501.9318582900014,1502.2926682900013,0.171,691.03,0.171,691.03,long_ientry_normal,118.16613000000001,0.07867609262549102,163.0
1710764820000.0,69237,1710764820000.0,10.336950000000009,-0.025700616000000003,1512.2431076740015,1512.2431076740015,-0.171,751.48,0.0,691.03,long_nclose,0.0,0.0,1073.0
1710767880000.0,69288,1710767880000.0,0.0,-0.023831940000000003,1512.2192757340015,1511.3992257340014,0.165,722.18,0.165,722.18,long_ientry_normal,119.1597,0.07879789783936078,51.0
1710773520000.0,69382,1710773520000.0,0.0,-0.05111115000000001,1512.1681645840015,1506.4340545840014,0.381,670.75,0.546,686.2920329670329,long_rentry,374.71545000000003,0.2478001182514542,94.0
1710888180000.0,71293,1710888180000.0,0.0,-0.227538168,1511.9406264160016,1471.4419464160014,1.837,619.32,2.383,634.6648300461603,long_rentry,1512.4062900000001,1.0003079906550976,1911.0
1710961680000.0,72518,1710961680000.0,21.549909773394894,-0.10496782400000003,1533.3855683653965,1575.9421885920015,-0.793,661.84,1.59,634.6648300461603,long_nclose,1009.117079773395,0.6580974156742087,1225.0
1710966240000.0,72594,1710966240000.0,32.4146132438103,-0.10599836800000001,1565.6941832412067,1599.4536302240015,-0.784,676.01,0.806,634.6648300461603,long_nclose,511.53985301720525,0.32671760455687837,76.0
1710972240000.0,72694,1710972240000.0,44.74522698279475,-0.111257016,1610.3281532080014,1610.3281532080014,-0.806,690.18,0.0,634.6648300461603,long_nclose,0.0,0.0,100.0
1710976980000.0,72773,1710976980000.0,0.0,-0.025448148,1610.3027050600015,1610.4738250600014,0.186,684.09,0.186,684.09,long_ientry_normal,127.24074,0.07901665916611553,79.0
