timestamp,trade_id,timestamp,pnl,fee_paid,balance,equity,qty,price,psize,pprice,type,pcost,wallet_exposure,mins_since_prev_fill
1674058920000.0,25462,1674058920000.0,0.0,-0.012297599999999999,299.9877024,300.2622024,6.1,2.016,6.1,2.016,long_ientry_normal,12.2976,0.040993680412947486,
1674059160000.0,25466,1674059160000.0,0.1655999999999999,-0.005004,300.1482984,300.3998984,-2.4,2.085,3.7,2.016,long_nclose,7.4592,0.024851715101377368,4.0
1674059400000.0,25470,1674059400000.0,0.2552999999999998,-0.0077145,300.39588389999994,300.39588389999994,-3.7,2.085,0.0,2.016,long_nclose,0.0,0.0,4.0
1674060420000.0,25487,1674060420000.0,0.0,-0.0123876,300.38349629999993,300.56329629999993,6.2,1.998,6.2,1.998,long_ientry_normal,12.3876,0.04123928295856913,17.0
1674061020000.0,25497,1674061020000.0,0.1699999999999996,-0.0051649999999999995,300.5483313,300.81473129999995,-2.5,2.066,3.7,1.998,long_nclose,7.392600000000001,0.024597042239508857,10.0
1674061080000.0,25498,1674061080000.0,0.27380000000000027,-0.0076664,300.81446489999996,300.81446489999996,-3.7,2.072,0.0,1.998,long_nclose,0.0,0.0,1.0
1677808620000.0,87957,1677808620000.0,0.0,-0.012302400000000002,300.80216249999995,300.85496249999994,4.8,2.563,4.8,2.563,long_ientry_normal,12.3024,0.04089864214323925,62459.0
1677819960000.0,88146,1677819960000.0,0.1652999999999995,-0.0050349999999999995,300.96242749999993,301.19152749999995,-1.9,2.65,2.9,2.563,long_nclose,7.4327000000000005,0.02469643822898791,189.0
1677826200000.0,88250,1677826200000.0,0.25229999999999925,-0.007685,301.20704249999994,301.20704249999994,-2.9,2.65,0.0,2.563,long_nclose,0.0,0.0,104.0
1678898460000.0,106121,1678898460000.0,0.0,-0.012300399999999998,301.1947420999999,301.13494209999993,4.6,2.674,4.6,2.674,long_ientry_normal,12.300399999999998,0.040838694308668017,17871.0
1678946880000.0,106928,1678946880000.0,0.17290000000000036,-0.0052535,301.3623886,301.5891886,-1.9,2.765,2.7,2.674,long_nclose,7.2198,0.02395720326461469,807.0
1678947000000.0,106930,1678947000000.0,0.24570000000000053,-0.007465500000000001,301.60062309999995,301.60062309999995,-2.7,2.765,0.0,2.674,long_nclose,0.0,0.0,2.0
1682539320000.0,166802,1682539320000.0,0.0,-0.012360600000000001,301.5882624999999,301.5396624999999,5.4,2.289,5.4,2.289,long_ientry_normal,12.360600000000002,0.04098501678260773,59872.0
1682541720000.0,166842,1682541720000.0,0.17159999999999967,-0.005207400000000001,301.7546550999999,302.0234550999999,-2.2,2.367,3.2,2.289,long_nclose,7.324800000000001,0.024274024861596917,40.0
1682541840000.0,166844,1682541840000.0,0.24959999999999952,-0.007574400000000001,301.9966806999999,301.9966806999999,-3.2,2.367,0.0,2.289,long_nclose,0.0,0.0,2.0
1685981040000.0,224164,1685981040000.0,0.0,-0.012478500000000002,301.9842021999999,301.95470219999993,5.9,2.115,5.9,2.115,long_ientry_normal,12.478500000000002,0.04132169798649158,57320.0
1685981340000.0,224169,1685981340000.0,0.1655999999999991,-0.005030099999999999,302.1447720999999,302.3535720999999,-2.3,2.187,3.6,2.115,long_nclose,7.614000000000001,0.0251998402854378,5.0
1685981340000.0,224169,1685981340000.0,0.28079999999999944,-0.0078948,302.4176772999999,302.4176772999999,-3.6,2.193,0.0,2.115,long_nclose,0.0,0.0,0.0
1686370920000.0,230662,1686370920000.0,0.0,-0.0124752,302.40520209999994,302.17060209999994,6.9,1.808,6.9,1.808,long_ientry_normal,12.475200000000001,0.04125325858605659,6493.0
1686370980000.0,230663,1686370980000.0,0.0,-0.012424600000000001,302.39277749999997,302.22937749999994,7.3,1.702,14.2,1.7535070422535213,long_rentry,24.899800000000003,0.08234257512979128,1.0
1686371160000.0,230666,1686371160000.0,0.0,-0.024824399999999996,302.36795309999997,300.72505309999997,15.1,1.644,29.3,1.6970716723549488,long_rentry,49.7242,0.1644493058546951,3.0
1686372000000.0,230680,1686372000000.0,0.18537064846416343,-0.0056159999999999995,302.5477077484642,303.95523710000003,-3.2,1.755,26.1,1.6970716723549488,long_nclose,44.29357064846417,0.1464019376583395,14.0
1686372420000.0,230687,1686372420000.0,0.16799215017064809,-0.005089499999999999,302.71061039863486,304.00814760000003,-2.9,1.755,23.2,1.6970716723549488,long_nclose,39.372062798634815,0.1300650239738421,7.0
1686372480000.0,230688,1686372480000.0,0.16799215017064809,-0.005089499999999999,302.87351304880553,304.1103581000001,-2.9,1.755,20.3,1.6970716723549488,long_nclose,34.45055494880546,0.11374568413730533,1.0
1686372480000.0,230688,1686372480000.0,0.18249215017064843,-0.005104,303.0509011989762,304.1110541000001,-2.9,1.76,17.4,1.6970716723549488,long_nclose,29.529047098976108,0.0974392320964854,0.0
1686372540000.0,230689,1686372540000.0,0.18249215017064843,-0.005104,303.22828934914685,304.1407501000001,-2.9,1.76,14.5,1.6970716723549488,long_nclose,24.607539249146757,0.08115185856162926,1.0
1686372540000.0,230689,1686372540000.0,0.1969921501706481,-0.005118499999999999,303.42016299931754,304.1501316000001,-2.9,1.765,11.6,1.6970716723549488,long_nclose,19.686031399317407,0.06488043248253639,0.0
1686372600000.0,230690,1686372600000.0,0.18249215017064843,-0.005104,303.5975511494882,304.06672760000015,-2.9,1.76,8.7,1.6970716723549488,long_nclose,14.764523549488054,0.048631892759300153,1.0
1686372780000.0,230693,1686372780000.0,0.16799215017064809,-0.005089499999999999,303.7604537996589,304.0848381000002,-2.9,1.755,5.8,1.6970716723549488,long_nclose,9.843015699658704,0.0324038747524078,3.0
1686372960000.0,230696,1686372960000.0,0.16799215017064809,-0.005089499999999999,303.92335644982956,304.09134860000023,-2.9,1.755,2.9,1.6970716723549488,long_nclose,4.921507849829352,0.0161932531521044,3.0
1686373020000.0,230697,1686373020000.0,0.0,-0.007371,303.9159854498296,304.0413776000002,4.2,1.755,7.1,1.731339133778782,long_ientry_partial,12.292507849829352,0.04044705918194816,1.0
1686373020000.0,230697,1686373020000.0,0.06861651204153185,-0.005089499999999999,303.97951246187114,304.0536881000003,-2.9,1.755,4.2,1.731339133778782,long_nclose,7.2716243618708845,0.023921429121914858,0.0
1686373080000.0,230698,1686373080000.0,0.0,-0.0050720999999999995,303.97444036187113,303.97051600000026,2.9,1.749,7.1,1.7385527270240684,long_ientry_partial,12.343724361870885,0.04060777066379695,1.0
1686507420000.0,232937,1686507420000.0,0.16645236433260865,-0.0050344,304.13585832620373,304.40868160000025,-2.8,1.798,4.3,1.7385527270240684,long_nclose,7.4757767262034935,0.024580385776757963,2239.0
1686507480000.0,232938,1686507480000.0,0.2771232737965057,-0.007752899999999999,304.40522870000024,304.40522870000024,-4.3,1.803,0.0,1.7385527270240684,long_nclose,0.0,0.0,1.0
1688132880000.0,260028,1688132880000.0,0.0,-0.0124372,304.3927915000002,304.6995915000002,5.9,2.108,5.9,2.108,long_ientry_normal,12.4372,0.04085904905537158,27090.0
1688133060000.0,260031,1688133060000.0,0.16560000000000014,-0.005014,304.5533775000002,304.8773775000002,-2.3,2.18,3.6,2.108,long_nclose,7.588800000000001,0.024917799507903984,3.0
1688133060000.0,260031,1688133060000.0,0.28079999999999944,-0.007869600000000001,304.8263079000002,304.8263079000002,-3.6,2.186,0.0,2.108,long_nclose,0.0,0.0,0.0
1692308580000.0,329623,1692308580000.0,0.0,-0.012493,304.8138149000002,304.5534149000002,6.2,2.015,6.2,2.015,long_ientry_normal,12.493,0.040985675154187357,69592.0
1692310620000.0,329657,1692310620000.0,0.1655999999999999,-0.0050016,304.97441330000015,305.18721330000017,-2.4,2.084,3.8,2.015,long_nclose,7.657,0.02510702428163339,34.0
1692310800000.0,329660,1692310800000.0,0.2621999999999998,-0.0079192,305.22869410000015,305.22869410000015,-3.8,2.084,0.0,2.015,long_nclose,0.0,0.0,3.0
1699546320000.0,450252,1699546320000.0,0.0,-0.0125817,305.21611240000016,304.91521240000014,5.1,2.467,5.1,2.467,long_ientry_normal,12.5817,0.04122226674426377,120592.0
1699546500000.0,450255,1699546500000.0,0.16800000000000015,-0.005102000000000001,305.37901040000014,305.6146104000001,-2.0,2.551,3.1,2.467,long_nclose,7.6477,0.02504330598878644,3.0
1699546680000.0,450258,1699546680000.0,0.26040000000000024,-0.007908100000000001,305.63150230000014,305.63150230000014,-3.1,2.551,0.0,2.467,long_nclose,0.0,0.0,3.0
1702260780000.0,495493,1702260780000.0,0.0,-0.012617600000000001,305.61888470000014,306.05728470000014,3.2,3.943,3.2,3.943,long_ientry_normal,12.617600000000001,0.04128540686347186,45235.0
1702260840000.0,495494,1702260840000.0,0.18980000000000047,-0.0053157000000000005,305.80336900000015,306.20046900000017,-1.3,4.089,1.9,3.943,long_nclose,7.4917,0.024498422056298524,1.0
1702260840000.0,495494,1702260840000.0,0.2982999999999992,-0.007789999999999999,306.09387900000013,306.09387900000013,-1.9,4.1,0.0,3.943,long_nclose,0.0,0.0,0.0
