timestamp,trade_id,timestamp,pnl,fee_paid,balance,equity,qty,price,psize,pprice,type,pcost,wallet_exposure,mins_since_prev_fill
1686370920000.0,230662,1686370920000.0,0.0,-0.15083520000000003,999.8491648,1000.7707648,10.24,14.73,10.24,14.73,long_ientry_normal,150.83520000000001,0.15085795468976723,
1686371040000.0,230664,1686371040000.0,0.0,-0.23448049999999998,999.6146843,987.0713843000001,16.93,13.85,27.17,14.181659919028338,long_rentry,385.31569999999994,0.38546422541784175,2.0
1686371160000.0,230666,1686371160000.0,0.0,-0.614295,999.0003893,985.4824893000001,46.75,13.14,73.92,13.522872023809523,long_rentry,999.6107,1.0006109213835517,2.0
1686371340000.0,230669,1686371340000.0,4.566925000000011,-0.2544696,1003.3128447,1025.8840197,-18.48,13.77,55.44,13.522872023809523,long_nclose,749.7080249999999,0.7472325595753433,3.0
1686371400000.0,230670,1686371400000.0,9.371725000000007,-0.2592744,1012.4252953,1033.0167453000001,-18.48,14.03,36.96,13.522872023809523,long_nclose,499.80535,0.4936713378461159,1.0
1686371400000.0,230670,1686371400000.0,14.361325000000033,-0.264264,1026.5223563,1036.8180813,-18.48,14.3,18.48,13.522872023809523,long_nclose,249.902675,0.24344591568443757,0.0
1686371460000.0,230671,1686371460000.0,7.180662500000016,-0.132132,1033.5708868,1040.7515492999999,-9.24,14.3,9.24,13.522872023809523,long_nclose,124.9513375,0.12089285708003748,1.0
1686371520000.0,230672,1686371520000.0,3.590331250000008,-0.066066,1037.0951520499998,1038.9760832999998,-4.62,14.3,4.62,13.522872023809523,long_nclose,62.47566875,0.06024101899088615,1.0
1686371580000.0,230673,1686371580000.0,0.7809770833333339,-0.021606200000000002,1037.854522933333,1039.7244770999998,-1.54,14.03,3.08,13.522872023809523,long_nclose,41.65044583333333,0.040131294813472385,1.0
1686371700000.0,230675,1686371700000.0,1.196777083333336,-0.022022000000000003,1039.0292780166662,1040.2568550999995,-1.54,14.3,1.54,13.522872023809523,long_nclose,20.825222916666664,0.0200429606338125,2.0
1686371820000.0,230677,1686371820000.0,0.598388541666668,-0.011011000000000002,1039.616655558333,1040.4152440999997,-0.77,14.3,0.77,13.522872023809523,long_nclose,10.412611458333332,0.0100158182370993,2.0
1686371880000.0,230678,1686371880000.0,0.7985885416666678,-0.0112112,1040.4040328999997,1040.4040328999997,-0.77,14.56,0.0,13.522872023809523,long_nclose,0.0,0.0,1.0
1692308580000.0,329623,1692308580000.0,0.0,-0.15686,1040.2471728999997,1039.4721728999996,7.75,20.24,7.75,20.24,long_ientry_normal,156.85999999999999,0.150791085125188,98945.0
1692308640000.0,329624,1692308640000.0,0.7141000000000018,-0.039777299999999995,1040.9214955999996,1040.2230955999996,-1.93,20.61,5.82,20.24,long_nclose,117.79679999999999,0.11316588282394967,1.0
1692308700000.0,329625,1692308700000.0,0.0,-0.0403005,1040.8811950999996,1043.2988950999995,2.01,20.05,7.83,20.191226053639845,long_ientry_partial,158.0973,0.15188793951149368,1.0
1692308700000.0,329625,1692308700000.0,0.607222222222224,-0.0298845,1041.4585328222217,1043.4285105999995,-1.45,20.61,6.38,20.191226053639845,long_nclose,128.8200222222222,0.12369193603237964,0.0
1692308760000.0,329626,1692308760000.0,0.5863505747126446,-0.032690399999999994,1042.0121929969343,1045.7904201999995,-1.59,20.56,4.79,20.191226053639845,long_nclose,96.71597279693486,0.09281654614690234,1.0
1692308760000.0,329626,1692308760000.0,1.2064505747126455,-0.0333105,1043.185333071647,1045.7094096999995,-1.59,20.95,3.2,20.191226053639845,long_nclose,64.6119233716475,0.061937147046918745,0.0
1692308940000.0,329629,1692308940000.0,1.838038314176248,-0.034144,1044.9892273858231,1046.4272656999995,-1.6,21.34,1.6,20.191226053639845,long_nclose,32.30596168582375,0.030915114566914082,3.0
1692309240000.0,329634,1692309240000.0,0.919019157088124,-0.017072,1045.8911745429111,1046.8661936999993,-0.8,21.34,0.8,20.191226053639845,long_nclose,16.152980842911877,0.015444227120447077,5.0
1692309660000.0,329641,1692309660000.0,0.459509578544062,-0.008536,1046.3421481214552,1046.8056576999993,-0.4,21.34,0.4,20.191226053639845,long_nclose,8.076490421455938,0.007718785328447317,7.0
1692309780000.0,329643,1692309780000.0,0.459509578544062,-0.008536,1046.7931216999993,1046.7931216999993,-0.4,21.34,0.0,20.191226053639845,long_nclose,0.0,0.0,2.0
1699546320000.0,450252,1699546320000.0,0.0,-0.15783750000000002,1046.6352841999994,1045.3227841999994,3.75,42.09,3.75,42.09,long_ientry_normal,157.8375,0.15080468084987583,120609.0
1699546380000.0,450253,1699546380000.0,0.7067999999999982,-0.039850500000000004,1047.3022336999993,1051.7578336999993,-0.93,42.85,2.82,42.09,long_nclose,118.6938,0.11333290064766532,1.0
1699546380000.0,450253,1699546380000.0,1.4693999999999985,-0.040613100000000006,1048.7310205999993,1051.7172205999993,-0.93,43.67,1.89,42.09,long_nclose,79.5501,0.07585367309387668,0.0
1699546440000.0,450254,1699546440000.0,0.995399999999999,-0.0275121,1049.6989084999993,1052.5465084999994,-0.63,43.67,1.26,42.09,long_nclose,53.03340000000001,0.050522487515761806,1.0
1699546500000.0,450255,1699546500000.0,1.5056999999999958,-0.0280224,1051.1765860999992,1052.8082860999991,-0.63,44.48,0.63,42.09,long_nclose,26.516700000000004,0.025225733098166107,1.0
1699546500000.0,450255,1699546500000.0,2.022299999999996,-0.028539,1053.1703470999994,1053.1703470999994,-0.63,45.3,0.0,42.09,long_nclose,0.0,0.0,0.0
1702260780000.0,495493,1702260780000.0,0.0,-0.15897060000000002,1053.0113764999994,1054.4207764999994,2.43,65.42,2.43,65.42,long_ientry_normal,158.97060000000002,0.15096759973134072,45238.0
1702260840000.0,495494,1702260840000.0,0.7079999999999955,-0.039959999999999996,1053.6794164999994,1058.0165164999994,-0.6,66.6,1.83,65.42,long_nclose,119.71860000000001,0.11361956789254607,1.0
1702260840000.0,495494,1702260840000.0,1.4700000000000017,-0.040722,1055.1086944999995,1058.0237944999994,-0.6,67.87,1.23,65.42,long_nclose,80.4666,0.07626380146372685,0.0
1702260900000.0,495495,1702260900000.0,1.004500000000001,-0.0278267,1056.0853677999994,1058.6027677999994,-0.41,67.87,0.82,65.42,long_nclose,53.6444,0.05079551486614208,1.0
1702261020000.0,495497,1702261020000.0,0.6615000000000009,-0.018324900000000005,1056.7285428999994,1057.9220428999995,-0.27,67.87,0.55,65.42,long_nclose,35.981,0.03404942569380845,2.0
1702261080000.0,495498,1702261080000.0,0.4410000000000005,-0.0122166,1057.1573262999993,1058.2525262999993,-0.18,67.87,0.37,65.42,long_nclose,24.2054,0.02289668661212211,1.0
1702261320000.0,495502,1702261320000.0,0.6695999999999998,-0.0124452,1057.8144810999993,1058.5535810999993,-0.18,69.14,0.19,65.42,long_nclose,12.4298,0.011750453621200675,4.0
1702261620000.0,495507,1702261620000.0,0.3347999999999999,-0.0062226,1058.1430584999994,1058.6000584999995,-0.09,69.14,0.1,65.42,long_nclose,6.542000000000001,0.006182528862660402,5.0
1702261800000.0,495510,1702261800000.0,0.4989999999999995,-0.007041,1058.6350174999993,1058.6350174999993,-0.1,70.41,0.0,65.42,long_nclose,0.0,0.0,3.0
