timestamp,trade_id,timestamp,pnl,fee_paid,balance,equity,qty,price,psize,pprice,type,pcost,wallet_exposure,mins_since_prev_fill
1693660740000.0,3225,1693660740000.0,0.0,-0.013159872000000001,999.986840128,1000.1030001280001,35.2,1.8693,35.2,1.8693,long_ientry_normal,65.79936000000001,0.06580022592255072,
1693948500000.0,8021,1693948500000.0,0.0,-0.013749160000000002,999.9730909680001,995.630030968,39.5,1.7404,74.7,1.8011400267737618,long_rentry,134.54516,0.13454878057744213,4796.0
1694449620000.0,16373,1694449620000.0,0.0,-0.027529976,999.9455609920001,989.402320992,83.8,1.6426,158.5,1.7173188643533126,long_rentry,272.19504000000006,0.2722098588346828,8352.0
1694554440000.0,18120,1694554440000.0,8.465901728706603,-0.022781856,1008.3886808647067,1021.106949136,-61.4,1.8552,97.1,1.7173188643533126,long_nclose,166.75166172870664,0.16536447194718099,1747.0
1694554500000.0,18121,1694554500000.0,15.019538271293357,-0.03635424,1023.371864896,1023.371864896,-97.1,1.872,0.0,1.7173188643533126,long_nclose,0.0,0.0,1.0
1694673540000.0,20105,1694673540000.0,0.0,-0.01345752,1023.3584073760001,1023.398007376,36.0,1.8691,36.0,1.8691,long_ientry_normal,67.2876,0.06575174397846847,1984.0
1694802600000.0,22256,1694802600000.0,6.058799999999996,-0.014669279999999998,1029.402538096,1029.402538096,-36.0,2.0374,0.0,1.8691,long_nclose,0.0,0.0,2151.0
1694959320000.0,24868,1694959320000.0,0.0,-0.013529527999999999,1029.389008568,1029.485368568,29.2,2.3167,29.2,2.3167,long_ientry_normal,67.64764,0.06571630300784514,2612.0
1695044520000.0,26288,1695044520000.0,6.091120000000004,-0.014747752000000001,1035.465380816,1035.465380816,-29.2,2.5253,0.0,2.3167,long_nclose,0.0,0.0,1420.0
1695058380000.0,26519,1695058380000.0,0.0,-0.013642258,1035.4517385580002,1035.4861785580001,28.7,2.3767,28.7,2.3767,long_ientry_normal,68.21129,0.06587587567817792,231.0
1695140100000.0,27881,1695140100000.0,6.141799999999999,-0.014870618,1041.5786679400003,1041.5786679400003,-28.7,2.5907,0.0,2.3767,long_nclose,0.0,0.0,1362.0
1695179940000.0,28545,1695179940000.0,0.0,-0.013693972,1041.5649739680002,1041.7458139680002,27.4,2.4989,27.4,2.4989,long_ientry_normal,68.46986,0.06573748322118941,664.0
1695277200000.0,30166,1695277200000.0,0.0,-0.014285938000000001,1041.5506880300002,1036.6464880300002,30.7,2.3267,58.1,2.4079096385542167,long_rentry,139.89955,0.13431852295600463,1621.0
1695598020000.0,35513,1695598020000.0,0.0,-0.028594524000000003,1041.5220935060001,1028.7043235060003,65.1,2.1962,123.2,2.296040340909091,long_rentry,282.87217,0.27159497793060533,5347.0
1696282860000.0,46927,1696282860000.0,0.0,-0.055425054,1041.4666684520002,1008.7203684520002,138.1,2.0067,261.3,2.14312070417145,long_rentry,559.99744,0.5377007800281891,11414.0
1698754740000.0,88125,1698754740000.0,2.3841111136624633,-0.008320644,1043.8424589216627,1076.2293278080003,-18.3,2.2734,243.0,2.14312070417145,long_nclose,520.7783311136624,0.4989051045611331,41198.0
1698925980000.0,90979,1698925980000.0,12.185051243781098,-0.036984116,1055.9905260494438,1078.7231636920003,-80.6,2.2943,162.4,2.14312070417145,long_nclose,348.0428023574435,0.3295889440026542,2854.0
1699236900000.0,96161,1699236900000.0,13.80075952544969,-0.037135808000000006,1069.7541497668935,1083.6278078840003,-80.2,2.3152,82.2,2.14312070417145,long_nclose,176.1645218828932,0.1646775774800973,5182.0
1699280040000.0,96880,1699280040000.0,15.862898117106802,-0.038405484000000004,1085.5786424000005,1085.5786424000005,-82.2,2.3361,0.0,2.14312070417145,long_nclose,0.0,0.0,719.0
1699353360000.0,98102,1699353360000.0,0.0,-0.014278200000000001,1085.5643642000005,1085.6063642000004,30.0,2.3797,30.0,2.3797,long_ientry_normal,71.391,0.06576394947582047,1222.0
1699393380000.0,98769,1699393380000.0,6.428999999999991,-0.015564,1091.9778002000005,1091.9778002000005,-30.0,2.594,0.0,2.3797,long_nclose,0.0,0.0,667.0
1699515600000.0,100806,1699515600000.0,0.0,-0.014348908000000004,1091.9634512920004,1091.7547812920004,27.1,2.6474,27.1,2.6474,long_ientry_normal,71.74454000000001,0.06570232723001175,2037.0
1699527600000.0,101006,1699527600000.0,0.0,-0.0149872,1091.9484640920004,1081.6809240920004,30.4,2.465,57.5,2.5509659130434783,long_rentry,146.68054,0.13432917836646333,200.0
1699546380000.0,101319,1699546380000.0,0.0,-0.03001314,1091.9184509520005,1085.2028109520004,64.5,2.3266,122.0,2.432346229508197,long_rentry,296.74624,0.27176593612945976,313.0
1702260780000.0,146559,1702260780000.0,0.0,-0.058161888,1091.8602890640004,1012.5101690640005,136.8,2.1258,258.8,2.270307882534776,long_rentry,587.55568,0.538123499759922,45240.0
1702260780000.0,146559,1702260780000.0,0.0,-0.10085208000000001,1091.7594369840003,1053.2720369840001,277.6,1.8165,536.4,2.035451304996272,long_rentry,1091.8160800000003,1.000051882323231,0.0
1702264920000.0,146628,1702264920000.0,7.505013333333307,-0.037894872,1099.2265554453338,1136.8410221120002,-89.4,2.1194,447.0,2.035451304996272,long_nclose,909.8467333333335,0.827715386629032,69.0
1702266120000.0,146648,1702266120000.0,8.99329698732285,-0.037052676,1108.1827997566566,1147.2677094360001,-86.6,2.1393,360.4,2.035451304996272,long_nclose,733.5766503206563,0.661963577202011,20.0
1702266360000.0,146652,1702266360000.0,10.889885160328053,-0.038001919999999995,1119.0346829969847,1152.1173075160002,-88.0,2.1592,272.4,2.035451304996272,long_nclose,554.4569354809844,0.49547788277307436,4.0
1702288920000.0,147028,1702288920000.0,12.775833855331785,-0.0387862,1131.7717306523164,1157.0898613160002,-89.0,2.179,183.4,2.035451304996272,long_nclose,373.3017693363163,0.3298383934021371,376.0
1702291680000.0,147074,1702291680000.0,14.824796636838144,-0.039888046,1146.5566392431545,1161.71760327,-90.7,2.1989,92.7,2.035451304996272,long_nclose,188.6863359731544,0.16456782815169674,46.0
1702292220000.0,147083,1702292220000.0,16.996424026845585,-0.041136552,1163.511926718,1163.511926718,-92.7,2.2188,0.0,2.035451304996272,long_nclose,0.0,0.0,9.0
1702292280000.0,147084,1702292280000.0,0.0,-0.015310410000000002,1163.496616308,1163.517316308,34.5,2.2189,34.5,2.2189,long_ientry_normal,76.55205000000001,0.06579481962131913,1.0
1702402440000.0,148920,1702402440000.0,0.0,-0.015990066,1163.480626242,1158.516886242,38.7,2.0659,73.2,2.1380106557377045,long_rentry,156.50238,0.13451223550279215,1836.0
1703158380000.0,161519,1703158380000.0,14.097540000000029,-0.034119984,1177.544046258,1177.544046258,-73.2,2.3306,0.0,2.1380106557377045,long_nclose,0.0,0.0,12599.0
1703197320000.0,162168,1703197320000.0,0.0,-0.015495368,1177.52855089,1177.55599089,34.3,2.2588,34.3,2.2588,long_ientry_normal,77.47684,0.06579614561484852,649.0
1703645520000.0,169638,1703645520000.0,0.0,-0.016193870000000003,1177.5123570199999,1172.81976702,38.5,2.1031,72.8,2.1764586538461534,long_rentry,158.44618999999997,0.13456010805779492,7470.0
1703928720000.0,174358,1703928720000.0,14.271810000000032,-0.0345436,1191.7496234199998,1191.7496234199998,-72.8,2.3725,0.0,2.1764586538461534,long_nclose,0.0,0.0,4720.0
1703984820000.0,175293,1703984820000.0,0.0,-0.01565924,1191.7339641799997,1191.8713141799997,33.5,2.3372,33.5,2.3372,long_ientry_normal,78.2962,0.06569939462443157,935.0
1704283260000.0,180267,1704283260000.0,0.0,-0.016364272,1191.7175999079998,1186.3918499079998,37.6,2.1761,71.1,2.2520050632911395,long_rentry,160.11756,0.13435864336681863,4974.0
1704283740000.0,180275,1704283740000.0,0.0,-0.032739166,1191.6848607419997,1160.7099907419997,79.7,2.0539,150.8,2.147303647214854,long_rentry,323.81339,0.2717273674169011,8.0
1704283800000.0,180276,1704283800000.0,0.0,-0.063469994,1191.6213907479998,1097.6789707479998,169.1,1.8767,319.9,2.0042618318224448,long_rentry,641.16336,0.5380596261347167,1.0
1704284220000.0,180283,1704284220000.0,2.7535426008127506,-0.009609972000000001,1194.3653233768127,1239.358160776,-22.6,2.1261,297.3,2.0042618318224448,long_nclose,595.8670426008129,0.4988984784957806,7.0
1704284220000.0,180283,1704284220000.0,14.006612466395717,-0.042525792,1208.3294100512082,1238.3246349839997,-99.1,2.1456,198.2,2.0042618318224448,long_nclose,397.2446950672085,0.32875529782095886,0.0
1704287580000.0,180339,1704287580000.0,15.723659030947147,-0.042308008,1224.0107610741554,1240.3960969759996,-97.7,2.1652,100.5,2.0042618318224448,long_nclose,201.4283140981557,0.16456416928997275,56.0
1704297180000.0,180499,1704297180000.0,18.144085901844306,-0.043914480000000006,1242.1109324959998,1242.1109324959998,-100.5,2.1848,0.0,2.0042618318224448,long_nclose,0.0,0.0,160.0
1704297240000.0,180500,1704297240000.0,0.0,-0.016324848,1242.0946076479997,1242.0611276479997,37.2,2.1942,37.2,2.1942,long_ientry_normal,81.62424,0.06571499425036688,1.0
1704521460000.0,184237,1704521460000.0,0.0,-0.017038620000000004,1242.0775690279997,1236.8868790279998,41.7,2.043,78.9,2.1142882129277565,long_rentry,166.81734,0.1343050902453255,3737.0
1704647640000.0,186340,1704647640000.0,15.023490000000013,-0.03636816600000001,1257.0646908619997,1257.0646908619997,-78.9,2.3047,0.0,2.1142882129277565,long_nclose,0.0,0.0,2103.0
1704665820000.0,186643,1704665820000.0,0.0,-0.016548517999999998,1257.0481423439996,1257.1451223439997,37.3,2.2183,37.3,2.2183,long_ientry_normal,82.74258999999999,0.0658229285043221,303.0
1705333380000.0,197769,1705333380000.0,7.45253999999999,-0.018039026,1264.4826433179996,1264.4826433179996,-37.3,2.4181,0.0,2.2183,long_nclose,0.0,0.0,11126.0
1705416000000.0,199146,1705416000000.0,0.0,-0.0166369,1264.4660064179996,1264.2490064179995,35.0,2.3767,35.0,2.3767,long_ientry_normal,83.1845,0.06578626833602783,1377.0
1705596480000.0,202154,1705596480000.0,0.0,-0.017349136,1264.4486572819997,1258.5375772819996,39.2,2.2129,74.2,2.2901641509433963,long_rentry,169.93018,0.13439073150290978,3008.0
1706186760000.0,211992,1706186760000.0,0.0,-0.034755968,1264.4139013139998,1247.9857013139997,83.2,2.0887,157.4,2.183672299872935,long_rentry,343.71002,0.2718334713362538,9838.0
1709122860000.0,260927,1709122860000.0,10.659924167725551,-0.02868544,1275.0451400417255,1288.736035874,-60.8,2.359,96.6,2.183672299872935,long_nclose,210.9427441677255,0.1654394323332133,48935.0
1709123220000.0,260933,1709123220000.0,18.994235832274487,-0.04598739600000001,1293.9933884779998,1293.9933884779998,-96.6,2.3803,0.0,2.183672299872935,long_nclose,0.0,0.0,6.0
1709141460000.0,261237,1709141460000.0,0.0,-0.01701528,1293.976373198,1291.1417331979999,37.2,2.287,37.2,2.287,long_ientry_normal,85.0764,0.0657480320059769,304.0
1709150100000.0,261381,1709150100000.0,7.663199999999999,-0.01854792,1301.621025278,1301.621025278,-37.2,2.493,0.0,2.287,long_nclose,0.0,0.0,144.0
1709242440000.0,262920,1709242440000.0,0.0,-0.017119024,1301.6039062539999,1301.7120662539999,33.8,2.5324,33.8,2.5324,long_ientry_normal,85.59512,0.06576126545773953,1539.0
1709284440000.0,263620,1709284440000.0,7.706400000000007,-0.018660304,1309.29164595,1309.29164595,-33.8,2.7604,0.0,2.5324,long_nclose,0.0,0.0,700.0
1709342580000.0,264589,1709342580000.0,0.0,-0.017203172000000003,1309.2744427779999,1308.9427827779998,32.2,2.6713,32.2,2.6713,long_ientry_normal,86.01586,0.06569734899697025,969.0
1709668560000.0,270022,1709668560000.0,0.0,-0.017957584000000002,1309.2564851939999,1287.9814551939999,36.1,2.4872,68.3,2.573993850658858,long_rentry,175.80378000000002,0.13427757050517888,5433.0
1709668560000.0,270022,1709668560000.0,0.0,-0.035966764000000005,1309.2205184299999,1281.41916843,76.6,2.3477,144.9,2.454365769496204,long_rentry,355.6376,0.27164071674226126,0.0
1709702400000.0,270586,1709702400000.0,11.014213485162195,-0.029642652000000005,1320.205089263162,1337.580935778,-55.9,2.6514,89.0,2.454365769496204,long_nclose,218.43855348516217,0.16545804531557892,564.0
1709705460000.0,270637,1709705460000.0,19.672046514837806,-0.04762212,1339.829513658,1339.829513658,-89.0,2.6754,0.0,2.454365769496204,long_nclose,0.0,0.0,51.0
1709717760000.0,270842,1709717760000.0,0.0,-0.017628398000000003,1339.81188526,1339.8847052600001,33.1,2.6629,33.1,2.6629,long_ientry_normal,88.14199,0.06578683990618236,205.0
1709972040000.0,275080,1709972040000.0,7.937379999999993,-0.019215874,1347.730049386,1347.730049386,-33.1,2.9027,0.0,2.6629,long_nclose,0.0,0.0,4238.0
1710033300000.0,276101,1710033300000.0,0.0,-0.017753424,1347.712295962,1347.656135962,31.2,2.8451,31.2,2.8451,long_ientry_normal,88.76711999999999,0.06586503682274251,1021.0
1710161280000.0,278234,1710161280000.0,7.993440000000006,-0.019352112,1355.68638385,1355.68638385,-31.2,3.1013,0.0,2.8451,long_nclose,0.0,0.0,2133.0
1710384060000.0,281947,1710384060000.0,0.0,-0.017874670000000002,1355.66850918,1356.49625918,21.5,4.1569,21.5,4.1569,long_ientry_normal,89.37335,0.06592566648469178,3713.0
1710444480000.0,282954,1710444480000.0,0.0,-0.018654364000000003,1355.649854816,1349.577004816,24.1,3.8702,45.6,4.00537653508772,long_rentry,182.64517000000004,0.13472886774645076,1007.0
1710473280000.0,283434,1710473280000.0,0.0,-0.037330594,1355.612524222,1342.267084222,51.1,3.6527,96.7,3.8190086866597728,long_rentry,369.29814000000005,0.2724216052901577,480.0
1710529680000.0,284374,1710529680000.0,11.497174250258535,-0.030942000000000004,1367.0787564722584,1386.543202222,-37.5,4.1256,59.2,3.8190086866597728,long_nclose,226.08531425025856,0.16537841231157074,940.0
1710529740000.0,284375,1710529740000.0,20.358365749741427,-0.049288736,1387.3878334859996,1387.3878334859996,-59.2,4.1629,0.0,3.8190086866597728,long_nclose,0.0,0.0,1.0
1710532020000.0,284413,1710532020000.0,0.0,-0.018285312,1387.3695481739996,1387.5389081739997,23.2,3.9408,23.2,3.9408,long_ientry_normal,91.42656,0.06589921201624468,38.0
1710595380000.0,285469,1710595380000.0,0.0,-0.019078800000000003,1387.3504693739997,1381.0643893739996,26.0,3.669,49.2,3.7971658536585364,long_rentry,186.82056,0.13465996092847193,1056.0
1710637080000.0,286164,1710637080000.0,0.0,-0.038230416,1387.3122389579996,1370.4174389579996,55.2,3.4629,104.4,3.6204275862068966,long_rentry,377.97264,0.2724495822828555,695.0
1710690480000.0,287054,1710690480000.0,11.772232758620678,-0.031679910000000006,1399.0527918066202,1416.7321590479996,-40.5,3.9111,63.9,3.6204275862068966,long_nclose,231.34532275862068,0.16535853694261288,890.0
1710691680000.0,287074,1710691680000.0,20.829637241379313,-0.050434992000000005,1419.8319940559995,1419.8319940559995,-63.9,3.9464,0.0,3.6204275862068966,long_nclose,0.0,0.0,20.0
1710723600000.0,287606,1710723600000.0,0.0,-0.018682832000000003,1419.8133112239996,1419.8802712239997,24.8,3.7667,24.8,3.7667,long_ientry_normal,93.41416000000001,0.06579326962322185,532.0
1710933840000.0,291110,1710933840000.0,8.412159999999998,-0.020365264000000004,1428.2051059599996,1428.2051059599996,-24.8,4.1059,0.0,3.7667,long_nclose,0.0,0.0,3504.0
