,timestamp,bkr_price_long,bkr_price_short,psize_long,pprice_long,psize_short,pprice_short,price,closest_bkr_long,closest_bkr_short,balance_long,balance_short,equity_long,equity_short,wallet_exposure_long,wallet_exposure_short
0,1642160280000.0,0.0,0.0,0.0,0.0,0.0,0.0,217.95,1.0,1.0,1000.0,1000.0,1000.0,1000.0,0.0,0.0
1,1642163880000.0,0.0,0.0,0.0,0.0,0.0,0.0,222.55,1.0,1.0,1000.0,1000.0,1000.0,1000.0,0.0,0.0
2,1642167480000.0,0.0,0.0,0.0,0.0,0.0,0.0,221.15,1.0,1.0,1000.0,1000.0,1000.0,1000.0,0.0,0.0
3,1642171080000.0,0.0,0.0,0.0,0.0,0.0,0.0,223.1,1.0,1.0,1000.0,1000.0,1000.0,1000.0,0.0,0.0
4,1642174680000.0,0.0,0.0,0.0,0.0,0.0,0.0,226.1,1.0,1.0,1000.0,1000.0,1000.0,1000.0,0.0,0.0
5,1642178280000.0,0.0,0.0,0.0,0.0,0.0,0.0,226.1,1.0,1.0,1000.0,1000.0,1000.0,1000.0,0.0,0.0
6,1642181880000.0,0.0,0.0,0.0,0.0,0.0,0.0,224.45,1.0,1.0,1000.0,1000.0,1000.0,1000.0,0.0,0.0
7,1642185480000.0,0.0,0.0,0.0,0.0,0.0,0.0,225.1,1.0,1.0,1000.0,1000.0,1000.0,1000.0,0.0,0.0
8,1642189080000.0,0.0,0.0,0.0,0.0,0.0,0.0,225.15,1.0,1.0,1000.0,1000.0,1000.0,1000.0,0.0,0.0
9,1642192680000.0,0.0,0.0,0.0,0.0,0.0,0.0,223.65,1.0,1.0,1000.0,1000.0,1000.0,1000.0,0.0,0.0
10,1642196280000.0,0.0,0.0,0.0,0.0,0.0,0.0,228.85,1.0,1.0,1000.0,1000.0,1000.0,1000.0,0.0,0.0
11,1642199880000.0,0.0,0.0,0.0,0.0,0.0,0.0,228.8,1.0,1.0,1000.0,1000.0,1000.0,1000.0,0.0,0.0
12,1642203480000.0,0.0,0.0,0.0,0.0,0.0,0.0,229.2,1.0,1.0,1000.0,1000.0,1000.0,1000.0,0.0,0.0
13,1642207080000.0,0.0,0.0,0.0,0.0,0.0,0.0,226.1,1.0,1.0,1000.0,1000.0,1000.0,1000.0,0.0,0.0
14,1642210680000.0,0.0,0.0,0.0,0.0,0.0,0.0,228.25,1.0,1.0,1000.0,1000.0,1000.0,1000.0,0.0,0.0
15,1642214280000.0,0.0,0.0,0.0,0.0,0.0,0.0,229.4,1.0,1.0,1000.0,1000.0,1000.0,1000.0,0.0,0.0
16,1642217880000.0,0.0,0.0,0.0,0.0,0.0,0.0,227.4,1.0,1.0,1000.0,1000.0,1000.0,1000.0,0.0,0.0
17,1642221480000.0,0.0,0.0,0.0,0.0,0.0,0.0,224.9,1.0,1.0,1000.0,1000.0,1000.0,1000.0,0.0,0.0
18,1642225080000.0,0.0,0.0,0.0,0.0,0.0,0.0,224.6,1.0,1.0,1000.0,1000.0,1000.0,1000.0,0.0,0.0
19,1642228680000.0,0.0,0.0,0.0,0.0,0.0,0.0,224.25,1.0,1.0,1000.0,1000.0,1000.0,1000.0,0.0,0.0
20,1642232280000.0,0.0,0.0,0.0,0.0,0.0,0.0,224.75,1.0,1.0,1000.0,1000.0,1000.0,1000.0,0.0,0.0
21,1642235880000.0,0.0,0.0,0.0,0.0,0.0,0.0,223.4,1.0,1.0,1000.0,1000.0,1000.0,1000.0,0.0,0.0
22,1642239480000.0,0.0,0.0,0.0,0.0,0.0,0.0,222.6,1.0,1.0,1000.0,1000.0,1000.0,1000.0,0.0,0.0
23,1642243080000.0,0.0,0.0,0.0,0.0,0.0,0.0,222.45,1.0,1.0,1000.0,1000.0,1000.0,1000.0,0.0,0.0
24,1642246680000.0,0.0,0.0,0.0,0.0,0.0,0.0,221.7,1.0,1.0,1000.0,1000.0,1000.0,1000.0,0.0,0.0
25,1642250280000.0,0.0,0.0,0.0,0.0,0.0,0.0,219.9,1.0,1.0,1000.0,1000.0,1000.0,1000.0,0.0,0.0
26,1642253880000.0,0.0,0.0,0.0,0.0,0.0,0.0,221.25,1.0,1.0,1000.0,1000.0,1000.0,1000.0,0.0,0.0
27,1642257480000.0,0.0,0.0,0.0,0.0,0.0,0.0,220.2,1.0,1.0,1000.0,1000.0,1000.0,1000.0,0.0,0.0
28,1642261080000.0,0.0,0.0,0.0,0.0,0.0,0.0,220.45,1.0,1.0,1000.0,1000.0,1000.0,1000.0,0.0,0.0
29,1642264680000.0,0.0,0.0,0.0,0.0,0.0,0.0,220.45,1.0,1.0,1000.0,1000.0,1000.0,1000.0,0.0,0.0
30,1642268280000.0,0.0,0.0,0.0,0.0,0.0,0.0,219.65,1.0,1.0,1000.0,1000.0,1000.0,1000.0,0.0,0.0
31,1642271880000.0,0.0,0.0,0.0,0.0,0.0,0.0,218.4,1.0,1.0,1000.0,1000.0,1000.0,1000.0,0.0,0.0
32,1642275480000.0,0.0,0.0,0.0,0.0,0.0,0.0,218.05,1.0,1.0,1000.0,1000.0,1000.0,1000.0,0.0,0.0
33,1642279080000.0,0.0,0.0,0.0,0.0,0.0,0.0,218.15,1.0,1.0,1000.0,1000.0,1000.0,1000.0,0.0,0.0
34,1642282680000.0,0.0,0.0,0.0,0.0,0.0,0.0,217.2,1.0,1.0,1000.0,1000.0,1000.0,1000.0,0.0,0.0
35,1642286280000.0,0.0,0.0,0.0,0.0,0.0,0.0,217.1,1.0,1.0,1000.0,1000.0,1000.0,1000.0,0.0,0.0
36,1642289880000.0,0.0,0.0,0.0,0.0,0.0,0.0,217.25,1.0,1.0,1000.0,1000.0,1000.0,1000.0,0.0,0.0
37,1642293480000.0,0.0,0.0,0.0,0.0,0.0,0.0,218.15,1.0,1.0,1000.0,1000.0,1000.0,1000.0,0.0,0.0
38,1642297080000.0,0.0,0.0,0.0,0.0,0.0,0.0,217.65,1.0,1.0,1000.0,1000.0,1000.0,1000.0,0.0,0.0
39,1642300680000.0,0.0,0.0,0.0,0.0,0.0,0.0,216.35,1.0,1.0,1000.0,1000.0,1000.0,1000.0,0.0,0.0
40,1642304280000.0,0.0,0.0,0.19,212.56,0.0,0.0,214.25,1.0,1.0,999.99192272,1000.0,1000.31302272,1000.0,0.04038672621489592,0.0
41,1642307880000.0,0.0,0.0,0.19,212.56,0.0,0.0,213.75,1.0,1.0,999.99192272,1000.0,1000.21802272,1000.0,0.04038672621489592,0.0
42,1642311480000.0,0.0,0.0,0.19,212.56,0.0,0.0,213.2,1.0,1.0,999.99192272,1000.0,1000.11352272,1000.0,0.04038672621489592,0.0
43,1642315080000.0,0.0,0.0,0.19,212.56,0.0,0.0,213.35,1.0,1.0,999.99192272,1000.0,1000.14202272,1000.0,0.04038672621489592,0.0
44,1642318680000.0,0.0,0.0,0.19,212.56,0.0,0.0,214.0,1.0,1.0,999.99192272,1000.0,1000.26552272,1000.0,0.04038672621489592,0.0
45,1642322280000.0,0.0,0.0,0.19,212.56,0.0,0.0,213.05,1.0,1.0,999.99192272,1000.0,1000.0850227200001,1000.0,0.04038672621489592,0.0
46,1642325880000.0,0.0,0.0,0.19,212.56,0.0,0.0,214.1,1.0,1.0,999.99192272,1000.0,1000.28452272,1000.0,0.04038672621489592,0.0
47,1642329480000.0,0.0,0.0,0.19,212.56,0.0,0.0,214.85,1.0,1.0,999.99192272,1000.0,1000.4270227200001,1000.0,0.04038672621489592,0.0
48,1642333080000.0,0.0,0.0,0.19,212.56,0.0,0.0,215.85,1.0,1.0,999.99192272,1000.0,1000.61702272,1000.0,0.04038672621489592,0.0
49,1642336680000.0,0.0,0.0,0.19,212.56,0.0,0.0,214.95,1.0,1.0,999.99192272,1000.0,1000.4460227200001,1000.0,0.04038672621489592,0.0
50,1642340280000.0,0.0,0.0,0.19,212.56,0.0,0.0,213.6,1.0,1.0,999.99192272,1000.0,1000.18952272,1000.0,0.04038672621489592,0.0
51,1642343880000.0,0.0,0.0,0.19,212.56,0.0,0.0,216.3,1.0,1.0,999.99192272,1000.0,1000.70252272,1000.0,0.04038672621489592,0.0
52,1642347480000.0,0.0,0.0,0.19,212.56,0.0,0.0,217.0,1.0,1.0,999.99192272,1000.0,1000.8355227200001,1000.0,0.04038672621489592,0.0
53,1642351080000.0,0.0,0.0,0.19,212.56,0.0,0.0,218.65,1.0,1.0,999.99192272,1000.0,1001.1490227200001,1000.0,0.04038672621489592,0.0
54,1642354680000.0,0.0,0.0,0.02,212.56,0.0,0.0,219.95,1.0,1.0,1001.06907876,1000.0,1001.21687876,1000.0,0.004246659986008016,0.0
55,1642358280000.0,0.0,0.0,0.02,212.56,0.0,0.0,220.35,1.0,1.0,1001.06907876,1000.0,1001.22487876,1000.0,0.004246659986008016,0.0
56,1642361880000.0,0.0,0.0,0.02,212.56,0.0,0.0,221.05,1.0,1.0,1001.06907876,1000.0,1001.23887876,1000.0,0.004246659986008016,0.0
57,1642365480000.0,0.0,0.0,0.0,212.56,0.0,0.0,223.4,1.0,1.0,1001.29898236,1000.0,1001.29898236,1000.0,0.0,0.0
58,1642369080000.0,0.0,0.0,0.0,212.56,0.0,0.0,225.65,1.0,1.0,1001.29898236,1000.0,1001.29898236,1000.0,0.0,0.0
59,1642372680000.0,0.0,0.0,0.0,212.56,0.0,0.0,227.05,1.0,1.0,1001.29898236,1000.0,1001.29898236,1000.0,0.0,0.0
60,1642376280000.0,0.0,0.0,0.0,212.56,0.0,0.0,225.25,1.0,1.0,1001.29898236,1000.0,1001.29898236,1000.0,0.0,0.0
61,1642379880000.0,0.0,0.0,0.0,212.56,0.0,0.0,224.35,1.0,1.0,1001.29898236,1000.0,1001.29898236,1000.0,0.0,0.0
62,1642383480000.0,0.0,0.0,0.0,212.56,0.0,0.0,222.4,1.0,1.0,1001.29898236,1000.0,1001.29898236,1000.0,0.0,0.0
63,1642387080000.0,0.0,0.0,0.0,212.56,0.0,0.0,222.05,1.0,1.0,1001.29898236,1000.0,1001.29898236,1000.0,0.0,0.0
64,1642390680000.0,0.0,0.0,0.0,212.56,0.0,0.0,221.4,1.0,1.0,1001.29898236,1000.0,1001.29898236,1000.0,0.0,0.0
65,1642394280000.0,0.0,0.0,0.0,212.56,0.0,0.0,222.8,1.0,1.0,1001.29898236,1000.0,1001.29898236,1000.0,0.0,0.0
66,1642397880000.0,0.0,0.0,0.0,212.56,0.0,0.0,224.85,1.0,1.0,1001.29898236,1000.0,1001.29898236,1000.0,0.0,0.0
67,1642401480000.0,0.0,0.0,0.0,212.56,0.0,0.0,225.8,1.0,1.0,1001.29898236,1000.0,1001.29898236,1000.0,0.0,0.0
68,1642405080000.0,0.0,0.0,0.0,212.56,0.0,0.0,228.1,1.0,1.0,1001.29898236,1000.0,1001.29898236,1000.0,0.0,0.0
69,1642408680000.0,0.0,0.0,0.0,212.56,0.0,0.0,229.0,1.0,1.0,1001.29898236,1000.0,1001.29898236,1000.0,0.0,0.0
70,1642412280000.0,0.0,0.0,0.0,212.56,0.0,0.0,229.0,1.0,1.0,1001.29898236,1000.0,1001.29898236,1000.0,0.0,0.0
71,1642415880000.0,0.0,0.0,0.0,212.56,0.0,0.0,228.0,1.0,1.0,1001.29898236,1000.0,1001.29898236,1000.0,0.0,0.0
72,1642419480000.0,0.0,0.0,0.0,212.56,0.0,0.0,225.0,1.0,1.0,1001.29898236,1000.0,1001.29898236,1000.0,0.0,0.0
73,1642423080000.0,0.0,0.0,0.0,212.56,0.0,0.0,224.65,1.0,1.0,1001.29898236,1000.0,1001.29898236,1000.0,0.0,0.0
74,1642426680000.0,0.0,0.0,0.0,212.56,0.0,0.0,225.4,1.0,1.0,1001.29898236,1000.0,1001.29898236,1000.0,0.0,0.0
75,1642430280000.0,0.0,0.0,0.0,212.56,0.0,0.0,226.5,1.0,1.0,1001.29898236,1000.0,1001.29898236,1000.0,0.0,0.0
76,1642433880000.0,0.0,0.0,0.0,212.56,0.0,0.0,225.35,1.0,1.0,1001.29898236,1000.0,1001.29898236,1000.0,0.0,0.0
77,1642437480000.0,0.0,0.0,0.0,212.56,0.0,0.0,222.95,1.0,1.0,1001.29898236,1000.0,1001.29898236,1000.0,0.0,0.0
78,1642441080000.0,0.0,0.0,0.18,216.56,0.0,0.0,215.7,1.0,1.0,1001.2911862,1000.0,1001.1363862,1000.0,0.03893053343247335,0.0
79,1642444680000.0,0.0,0.0,0.18,216.56,0.0,0.0,215.5,1.0,1.0,1001.2911862,1000.0,1001.1003862,1000.0,0.03893053343247335,0.0
80,1642448280000.0,0.0,0.0,0.18,216.56,0.0,0.0,216.85,1.0,1.0,1001.2911862,1000.0,1001.3433861999999,1000.0,0.03893053343247335,0.0
81,1642451880000.0,0.0,0.0,0.18,216.56,0.0,0.0,216.85,1.0,1.0,1001.2911862,1000.0,1001.3433861999999,1000.0,0.03893053343247335,0.0
82,1642455480000.0,0.0,0.0,0.18,216.56,0.0,0.0,213.7,1.0,1.0,1001.2911862,1000.0,1000.7763861999999,1000.0,0.03893053343247335,0.0
83,1642459080000.0,0.0,0.0,0.18,216.56,0.0,0.0,215.35,1.0,1.0,1001.2911862,1000.0,1001.0733862,1000.0,0.03893053343247335,0.0
84,1642462680000.0,0.0,0.0,0.18,216.56,0.0,0.0,215.35,1.0,1.0,1001.2911862,1000.0,1001.0733862,1000.0,0.03893053343247335,0.0
85,1642466280000.0,0.0,0.0,0.18,216.56,0.0,0.0,213.25,1.0,1.0,1001.2911862,1000.0,1000.6953861999999,1000.0,0.03893053343247335,0.0
86,1642469880000.0,0.0,0.0,0.18,216.56,0.0,0.0,213.5,1.0,1.0,1001.2911862,1000.0,1000.7403862,1000.0,0.03893053343247335,0.0
87,1642473480000.0,0.0,0.0,0.18,216.56,0.0,0.0,211.55,1.0,1.0,1001.2911862,1000.0,1000.3893862,1000.0,0.03893053343247335,0.0
88,1642477080000.0,0.0,0.0,0.18,216.56,0.0,0.0,210.8,1.0,1.0,1001.2911862,1000.0,1000.2543862,1000.0,0.03893053343247335,0.0
89,1642480680000.0,0.0,0.0,0.18,216.56,0.0,0.0,209.9,1.0,1.0,1001.2911862,1000.0,1000.0923862,1000.0,0.03893053343247335,0.0
90,1642484280000.0,0.0,0.0,0.18,216.56,0.0,0.0,209.3,1.0,1.0,1001.2911862,1000.0,999.9843862,1000.0,0.03893053343247335,0.0
91,1642487880000.0,0.0,0.0,0.18,216.56,0.0,0.0,209.95,1.0,1.0,1001.2911862,1000.0,1000.1013862,1000.0,0.03893053343247335,0.0
92,1642491480000.0,0.0,0.0,0.37,211.9743243243243,0.0,0.0,208.15,1.0,1.0,1001.2832962599999,1000.0,999.86829626,1000.0,0.07832997943035115,0.0
93,1642495080000.0,0.0,0.0,0.37,211.9743243243243,0.0,0.0,203.6,1.0,1.0,1001.2832962599999,1000.0,998.18479626,1000.0,0.07832997943035115,0.0
94,1642498680000.0,0.0,0.0,0.37,211.9743243243243,0.0,0.0,201.6,1.0,1.0,1001.2832962599999,1000.0,997.44479626,1000.0,0.07832997943035115,0.0
95,1642502280000.0,0.0,0.0,0.37,211.9743243243243,0.0,0.0,203.7,1.0,1.0,1001.2832962599999,1000.0,998.2217962599999,1000.0,0.07832997943035115,0.0
96,1642505880000.0,0.0,0.0,0.37,211.9743243243243,0.0,0.0,202.55,1.0,1.0,1001.2832962599999,1000.0,997.79629626,1000.0,0.07832997943035115,0.0
97,1642509480000.0,0.0,0.0,0.37,211.9743243243243,0.0,0.0,202.65,1.0,1.0,1001.2832962599999,1000.0,997.8332962599999,1000.0,0.07832997943035115,0.0
98,1642513080000.0,0.0,0.0,0.37,211.9743243243243,0.0,0.0,201.8,1.0,1.0,1001.2832962599999,1000.0,997.5187962599999,1000.0,0.07832997943035115,0.0
99,1642516680000.0,0.0,0.0,0.37,211.9743243243243,0.0,0.0,201.45,1.0,1.0,1001.2832962599999,1000.0,997.3892962599999,1000.0,0.07832997943035115,0.0
100,1642520280000.0,0.0,0.0,0.37,211.9743243243243,0.0,0.0,202.85,1.0,1.0,1001.2832962599999,1000.0,997.90729626,1000.0,0.07832997943035115,0.0
101,1642523880000.0,0.0,0.0,0.37,211.9743243243243,0.0,0.0,202.15,1.0,1.0,1001.2832962599999,1000.0,997.6482962599999,1000.0,0.07832997943035115,0.0
102,1642527480000.0,0.0,0.0,0.37,211.9743243243243,0.0,0.0,201.65,1.0,1.0,1001.2832962599999,1000.0,997.46329626,1000.0,0.07832997943035115,0.0
103,1642531080000.0,0.0,0.0,0.57,207.82894736842104,0.0,0.0,199.85,1.0,1.0,1001.2752898599999,1000.0,996.7272898599999,1000.0,0.11831161839274353,0.0
104,1642534680000.0,0.0,0.0,0.57,207.82894736842104,0.0,0.0,201.65,1.0,1.0,1001.2752898599999,1000.0,997.75328986,1000.0,0.11831161839274353,0.0
105,1642538280000.0,0.0,0.0,0.57,207.82894736842104,0.0,0.0,200.9,1.0,1.0,1001.2752898599999,1000.0,997.32578986,1000.0,0.11831161839274353,0.0
106,1642541880000.0,0.0,0.0,0.57,207.82894736842104,0.0,0.0,205.0,1.0,1.0,1001.2752898599999,1000.0,999.66278986,1000.0,0.11831161839274353,0.0
107,1642545480000.0,0.0,0.0,0.57,207.82894736842104,0.0,0.0,204.85,1.0,1.0,1001.2752898599999,1000.0,999.57728986,1000.0,0.11831161839274353,0.0
108,1642549080000.0,0.0,0.0,0.57,207.82894736842104,0.0,0.0,204.6,1.0,1.0,1001.2752898599999,1000.0,999.4347898599999,1000.0,0.11831161839274353,0.0
109,1642552680000.0,0.0,0.0,0.57,207.82894736842104,0.0,0.0,203.2,1.0,1.0,1001.2752898599999,1000.0,998.6367898599999,1000.0,0.11831161839274353,0.0
110,1642556280000.0,0.0,0.0,0.57,207.82894736842104,0.0,0.0,203.5,1.0,1.0,1001.2752898599999,1000.0,998.80778986,1000.0,0.11831161839274353,0.0
111,1642559880000.0,0.0,0.0,0.57,207.82894736842104,0.0,0.0,203.55,1.0,1.0,1001.2752898599999,1000.0,998.83628986,1000.0,0.11831161839274353,0.0
112,1642563480000.0,0.0,0.0,0.57,207.82894736842104,0.0,0.0,199.85,1.0,1.0,1001.2752898599999,1000.0,996.7272898599999,1000.0,0.11831161839274353,0.0
113,1642567080000.0,0.0,0.0,0.57,207.82894736842104,0.0,0.0,200.5,1.0,1.0,1001.2752898599999,1000.0,997.0977898599999,1000.0,0.11831161839274353,0.0
114,1642570680000.0,0.0,0.0,0.57,207.82894736842104,0.0,0.0,200.9,1.0,1.0,1001.2752898599999,1000.0,997.32578986,1000.0,0.11831161839274353,0.0
115,1642574280000.0,0.0,0.0,0.57,207.82894736842104,0.0,0.0,202.15,1.0,1.0,1001.2752898599999,1000.0,998.03828986,1000.0,0.11831161839274353,0.0
116,1642577880000.0,0.0,0.0,0.57,207.82894736842104,0.0,0.0,201.65,1.0,1.0,1001.2752898599999,1000.0,997.75328986,1000.0,0.11831161839274353,0.0
117,1642581480000.0,0.0,0.0,0.57,207.82894736842104,0.0,0.0,203.9,1.0,1.0,1001.2752898599999,1000.0,999.0357898599999,1000.0,0.11831161839274353,0.0
118,1642585080000.0,0.0,0.0,0.57,207.82894736842104,0.0,0.0,206.65,1.0,1.0,1001.2752898599999,1000.0,1000.6032898599999,1000.0,0.11831161839274353,0.0
119,1642588680000.0,0.0,0.0,0.57,207.82894736842104,0.0,0.0,205.6,1.0,1.0,1001.2752898599999,1000.0,1000.00478986,1000.0,0.11831161839274353,0.0
120,1642592280000.0,0.0,0.0,0.57,207.82894736842104,0.0,0.0,208.75,1.0,1.0,1001.2752898599999,1000.0,1001.8002898599999,1000.0,0.11831161839274353,0.0
121,1642595880000.0,0.0,0.0,0.57,207.82894736842104,0.0,0.0,209.35,1.0,1.0,1001.2752898599999,1000.0,1002.1422898599999,1000.0,0.11831161839274353,0.0
122,1642599480000.0,0.0,0.0,0.57,207.82894736842104,0.0,0.0,209.25,1.0,1.0,1001.2752898599999,1000.0,1002.08528986,1000.0,0.11831161839274353,0.0
123,1642603080000.0,0.0,0.0,0.57,207.82894736842104,0.0,0.0,211.8,1.0,1.0,1001.2752898599999,1000.0,1003.53878986,1000.0,0.11831161839274353,0.0
124,1642606680000.0,0.0,0.0,0.57,207.82894736842104,0.0,0.0,210.9,1.0,1.0,1001.2752898599999,1000.0,1003.0257898599999,1000.0,0.11831161839274353,0.0
125,1642610280000.0,0.0,0.0,0.57,207.82894736842104,0.0,0.0,207.9,1.0,1.0,1001.2752898599999,1000.0,1001.31578986,1000.0,0.11831161839274353,0.0
126,1642613880000.0,0.0,0.0,0.57,207.82894736842104,0.0,0.0,210.9,1.0,1.0,1001.2752898599999,1000.0,1003.0257898599999,1000.0,0.11831161839274353,0.0
127,1642617480000.0,0.0,0.0,0.57,207.82894736842104,0.0,0.0,208.65,1.0,1.0,1001.2752898599999,1000.0,1001.7432898599999,1000.0,0.11831161839274353,0.0
128,1642621080000.0,0.0,0.0,0.57,207.82894736842104,0.0,0.0,204.4,1.0,1.0,1001.2752898599999,1000.0,999.32078986,1000.0,0.11831161839274353,0.0
129,1642624680000.0,0.0,0.0,0.57,207.82894736842104,0.0,0.0,202.7,1.0,1.0,1001.2752898599999,1000.0,998.3517898599999,1000.0,0.11831161839274353,0.0
130,1642628280000.0,0.0,0.0,0.57,207.82894736842104,0.0,0.0,202.75,1.0,1.0,1001.2752898599999,1000.0,998.38028986,1000.0,0.11831161839274353,0.0
131,1642631880000.0,0.0,0.0,0.57,207.82894736842104,0.0,0.0,203.0,1.0,1.0,1001.2752898599999,1000.0,998.52278986,1000.0,0.11831161839274353,0.0
132,1642635480000.0,0.0,0.0,0.57,207.82894736842104,0.0,0.0,202.85,1.0,1.0,1001.2752898599999,1000.0,998.43728986,1000.0,0.11831161839274353,0.0
133,1642639080000.0,0.0,0.0,0.57,207.82894736842104,0.0,0.0,201.55,1.0,1.0,1001.2752898599999,1000.0,997.69628986,1000.0,0.11831161839274353,0.0
134,1642642680000.0,0.0,0.0,0.57,207.82894736842104,0.0,0.0,199.85,1.0,1.0,1001.2752898599999,1000.0,996.7272898599999,1000.0,0.11831161839274353,0.0
135,1642646280000.0,0.0,0.0,0.57,207.82894736842104,0.0,0.0,202.25,1.0,1.0,1001.2752898599999,1000.0,998.09528986,1000.0,0.11831161839274353,0.0
136,1642649880000.0,0.0,0.0,0.57,207.82894736842104,0.0,0.0,202.3,1.0,1.0,1001.2752898599999,1000.0,998.12378986,1000.0,0.11831161839274353,0.0
137,1642653480000.0,0.0,0.0,0.57,207.82894736842104,0.0,0.0,203.25,1.0,1.0,1001.2752898599999,1000.0,998.6652898599999,1000.0,0.11831161839274353,0.0
138,1642657080000.0,0.0,0.0,0.57,207.82894736842104,0.0,0.0,203.2,1.0,1.0,1001.2752898599999,1000.0,998.6367898599999,1000.0,0.11831161839274353,0.0
139,1642660680000.0,0.0,0.0,0.57,207.82894736842104,0.0,0.0,204.85,1.0,1.0,1001.2752898599999,1000.0,999.57728986,1000.0,0.11831161839274353,0.0
140,1642664280000.0,0.0,0.0,0.57,207.82894736842104,0.0,0.0,205.15,1.0,1.0,1001.2752898599999,1000.0,999.7482898599999,1000.0,0.11831161839274353,0.0
141,1642667880000.0,0.0,0.0,0.57,207.82894736842104,0.0,0.0,203.95,1.0,1.0,1001.2752898599999,1000.0,999.0642898599999,1000.0,0.11831161839274353,0.0
142,1642671480000.0,0.0,0.0,0.57,207.82894736842104,0.0,0.0,204.15,1.0,1.0,1001.2752898599999,1000.0,999.17828986,1000.0,0.11831161839274353,0.0
143,1642675080000.0,0.0,0.0,0.57,207.82894736842104,0.0,0.0,204.5,1.0,1.0,1001.2752898599999,1000.0,999.3777898599999,1000.0,0.11831161839274353,0.0
144,1642678680000.0,0.0,0.0,0.57,207.82894736842104,0.0,0.0,204.4,1.0,1.0,1001.2752898599999,1000.0,999.32078986,1000.0,0.11831161839274353,0.0
145,1642682280000.0,0.0,0.0,0.57,207.82894736842104,0.0,0.0,203.1,1.0,1.0,1001.2752898599999,1000.0,998.5797898599999,1000.0,0.11831161839274353,0.0
146,1642685880000.0,0.0,0.0,0.57,207.82894736842104,0.0,0.0,204.75,1.0,1.0,1001.2752898599999,1000.0,999.5202898599999,1000.0,0.11831161839274353,0.0
147,1642689480000.0,0.0,0.0,0.57,207.82894736842104,0.0,0.0,207.1,1.0,1.0,1001.2752898599999,1000.0,1000.85978986,1000.0,0.11831161839274353,0.0
148,1642693080000.0,0.0,0.0,0.57,207.82894736842104,0.0,0.0,208.75,1.0,1.0,1001.2752898599999,1000.0,1001.8002898599999,1000.0,0.11831161839274353,0.0
149,1642696680000.0,0.0,0.0,0.57,207.82894736842104,0.0,0.0,207.3,1.0,1.0,1001.2752898599999,1000.0,1000.9737898599999,1000.0,0.11831161839274353,0.0
150,1642700280000.0,0.0,0.0,0.57,207.82894736842104,0.0,0.0,206.4,1.0,1.0,1001.2752898599999,1000.0,1000.46078986,1000.0,0.11831161839274353,0.0
151,1642703880000.0,0.0,0.0,0.57,207.82894736842104,0.0,0.0,204.95,1.0,1.0,1001.2752898599999,1000.0,999.63428986,1000.0,0.11831161839274353,0.0
152,1642707480000.0,0.0,0.0,0.57,207.82894736842104,0.0,0.0,204.7,1.0,1.0,1001.2752898599999,1000.0,999.4917898599999,1000.0,0.11831161839274353,0.0
153,1642711080000.0,0.0,0.0,0.57,207.82894736842104,0.0,0.0,202.8,1.0,1.0,1001.2752898599999,1000.0,998.40878986,1000.0,0.11831161839274353,0.0
154,1642714680000.0,0.0,0.0,0.57,207.82894736842104,0.0,0.0,199.3,1.0,1.0,1001.2752898599999,1000.0,996.41378986,1000.0,0.11831161839274353,0.0
155,1642718280000.0,0.0,0.0,0.84,203.1235714285714,0.0,0.0,192.5,1.0,1.0,1001.2648575999999,1000.0,992.3410575999999,1000.0,0.17040825781999364,0.0
156,1642721880000.0,0.0,0.0,0.84,203.1235714285714,0.0,0.0,190.1,1.0,1.0,1001.2648575999999,1000.0,990.3250575999999,1000.0,0.17040825781999364,0.0
157,1642725480000.0,0.0,0.0,0.84,203.1235714285714,0.0,0.0,191.6,1.0,1.0,1001.2648575999999,1000.0,991.5850575999999,1000.0,0.17040825781999364,0.0
158,1642729080000.0,0.0,0.0,0.84,203.1235714285714,0.0,0.0,185.85,1.0,1.0,1001.2648575999999,1000.0,986.7550575999999,1000.0,0.17040825781999364,0.0
159,1642732680000.0,0.0,0.0,1.24,197.2514516129032,0.0,0.0,184.85,1.0,1.0,1001.250064,1000.0,985.872264,1000.0,0.24428642633275274,0.0
160,1642736280000.0,0.0,0.0,1.24,197.2514516129032,0.0,0.0,181.7,1.0,1.0,1001.250064,1000.0,981.966264,1000.0,0.24428642633275274,0.0
161,1642739880000.0,0.0,0.0,1.24,197.2514516129032,0.0,0.0,184.95,1.0,1.0,1001.250064,1000.0,985.996264,1000.0,0.24428642633275274,0.0
162,1642743480000.0,0.0,0.0,1.24,197.2514516129032,0.0,0.0,184.25,1.0,1.0,1001.250064,1000.0,985.128264,1000.0,0.24428642633275274,0.0
163,1642747080000.0,0.0,0.0,1.24,197.2514516129032,0.0,0.0,183.85,1.0,1.0,1001.250064,1000.0,984.632264,1000.0,0.24428642633275274,0.0
164,1642750680000.0,0.0,0.0,1.24,197.2514516129032,0.0,0.0,184.3,1.0,1.0,1001.250064,1000.0,985.190264,1000.0,0.24428642633275274,0.0
165,1642754280000.0,0.0,0.0,1.24,197.2514516129032,0.0,0.0,186.7,1.0,1.0,1001.250064,1000.0,988.166264,1000.0,0.24428642633275274,0.0
166,1642757880000.0,0.0,0.0,1.24,197.2514516129032,0.0,0.0,186.45,1.0,1.0,1001.250064,1000.0,987.856264,1000.0,0.24428642633275274,0.0
167,1642761480000.0,0.0,0.0,1.24,197.2514516129032,0.0,0.0,185.3,1.0,1.0,1001.250064,1000.0,986.430264,1000.0,0.24428642633275274,0.0
168,1642765080000.0,0.0,0.0,1.24,197.2514516129032,0.0,0.0,185.1,1.0,1.0,1001.250064,1000.0,986.182264,1000.0,0.24428642633275274,0.0
169,1642768680000.0,0.0,0.0,1.24,197.2514516129032,0.0,0.0,178.25,1.0,1.0,1001.250064,1000.0,977.688264,1000.0,0.24428642633275274,0.0
170,1642772280000.0,0.0,0.0,1.24,197.2514516129032,0.0,0.0,180.45,1.0,1.0,1001.250064,1000.0,980.416264,1000.0,0.24428642633275274,0.0
171,1642775880000.0,0.0,0.0,1.24,197.2514516129032,0.0,0.0,182.55,1.0,1.0,1001.250064,1000.0,983.020264,1000.0,0.24428642633275274,0.0
172,1642779480000.0,0.0,0.0,1.24,197.2514516129032,0.0,0.0,183.1,1.0,1.0,1001.250064,1000.0,983.702264,1000.0,0.24428642633275274,0.0
173,1642783080000.0,0.0,0.0,1.24,197.2514516129032,0.0,0.0,182.7,1.0,1.0,1001.250064,1000.0,983.2062639999999,1000.0,0.24428642633275274,0.0
174,1642786680000.0,0.0,0.0,1.24,197.2514516129032,0.0,0.0,179.2,1.0,1.0,1001.250064,1000.0,978.866264,1000.0,0.24428642633275274,0.0
175,1642790280000.0,0.0,0.0,1.24,197.2514516129032,0.0,0.0,181.85,1.0,1.0,1001.250064,1000.0,982.152264,1000.0,0.24428642633275274,0.0
176,1642793880000.0,0.0,0.0,1.24,197.2514516129032,0.0,0.0,180.55,1.0,1.0,1001.250064,1000.0,980.540264,1000.0,0.24428642633275274,0.0
177,1642797480000.0,0.0,0.0,1.24,197.2514516129032,0.0,0.0,177.75,1.0,1.0,1001.250064,1000.0,977.068264,1000.0,0.24428642633275274,0.0
178,1642801080000.0,0.0,0.0,1.24,197.2514516129032,0.0,0.0,175.5,1.0,1.0,1001.250064,1000.0,974.278264,1000.0,0.24428642633275274,0.0
179,1642804680000.0,0.0,0.0,1.83,189.82278688524588,0.0,0.0,173.25,1.0,1.0,1001.22950722,1000.0,970.90130722,1000.0,0.34694912354762547,0.0
180,1642808280000.0,0.0,0.0,1.83,189.82278688524588,0.0,0.0,173.0,1.0,1.0,1001.22950722,1000.0,970.44380722,1000.0,0.34694912354762547,0.0
181,1642811880000.0,0.0,0.0,1.83,189.82278688524588,0.0,0.0,173.4,1.0,1.0,1001.22950722,1000.0,971.17580722,1000.0,0.34694912354762547,0.0
182,1642815480000.0,0.0,0.0,1.83,189.82278688524588,0.0,0.0,172.55,1.0,1.0,1001.22950722,1000.0,969.62030722,1000.0,0.34694912354762547,0.0
183,1642819080000.0,0.0,0.0,1.83,189.82278688524588,0.0,0.0,168.4,1.0,1.0,1001.22950722,1000.0,962.02580722,1000.0,0.34694912354762547,0.0
184,1642822680000.0,0.0,0.0,1.83,189.82278688524588,0.0,0.0,166.35,1.0,1.0,1001.22950722,1000.0,958.27430722,1000.0,0.34694912354762547,0.0
185,1642826280000.0,0.0,0.0,1.83,189.82278688524588,0.0,0.0,164.45,1.0,1.0,1001.22950722,1000.0,954.79730722,1000.0,0.34694912354762547,0.0
186,1642829880000.0,0.0,0.0,2.71,180.29450184501846,0.0,0.0,159.55,1.0,1.0,1001.20126274,1000.0,944.98366274,1000.0,0.48801186952446257,0.0
187,1642833480000.0,0.0,0.0,2.71,180.29450184501846,0.0,0.0,154.2,1.0,1.0,1001.20126274,1000.0,930.4851627399999,1000.0,0.48801186952446257,0.0
188,1642837080000.0,0.0,0.0,2.71,180.29450184501846,0.0,0.0,154.55,1.0,1.0,1001.20126274,1000.0,931.4336627399999,1000.0,0.48801186952446257,0.0
189,1642840680000.0,0.0,0.0,2.71,180.29450184501846,0.0,0.0,156.6,1.0,1.0,1001.20126274,1000.0,936.9891627399999,1000.0,0.48801186952446257,0.0
190,1642844280000.0,0.0,0.0,2.71,180.29450184501846,0.0,0.0,152.15,1.0,1.0,1001.20126274,1000.0,924.9296627399999,1000.0,0.48801186952446257,0.0
191,1642847880000.0,0.0,0.0,4.01,168.22670822942644,0.0,0.0,150.95,1.0,1.0,1001.1640645399999,1000.0,931.8844645399998,1000.0,0.6738047477862183,0.0
192,1642851480000.0,0.0,0.0,4.01,168.22670822942644,0.0,0.0,150.2,1.0,1.0,1001.1640645399999,1000.0,928.8769645399999,1000.0,0.6738047477862183,0.0
193,1642855080000.0,0.0,0.0,4.01,168.22670822942644,0.0,0.0,153.85,1.0,1.0,1001.1640645399999,1000.0,943.5134645399999,1000.0,0.6738047477862183,0.0
194,1642858680000.0,0.0,0.0,4.01,168.22670822942644,0.0,0.0,153.45,1.0,1.0,1001.1640645399999,1000.0,941.9094645399998,1000.0,0.6738047477862183,0.0
195,1642862280000.0,0.0,0.0,4.01,168.22670822942644,0.0,0.0,150.85,1.0,1.0,1001.1640645399999,1000.0,931.4834645399999,1000.0,0.6738047477862183,0.0
196,1642865880000.0,0.0,0.0,4.01,168.22670822942644,0.0,0.0,147.3,1.0,1.0,1001.1640645399999,1000.0,917.24796454,1000.0,0.6738047477862183,0.0
197,1642869480000.0,0.0,0.0,4.01,168.22670822942644,0.0,0.0,150.3,1.0,1.0,1001.1640645399999,1000.0,929.27796454,1000.0,0.6738047477862183,0.0
198,1642873080000.0,0.0,0.0,4.01,168.22670822942644,0.0,0.0,148.8,1.0,1.0,1001.1640645399999,1000.0,923.26296454,1000.0,0.6738047477862183,0.0
199,1642876680000.0,0.0,0.0,4.01,168.22670822942644,0.0,0.0,145.9,1.0,1.0,1001.1640645399999,1000.0,911.63396454,1000.0,0.6738047477862183,0.0
200,1642880280000.0,0.0,0.0,4.01,168.22670822942644,0.0,0.0,147.45,1.0,1.0,1001.1640645399999,1000.0,917.8494645399999,1000.0,0.6738047477862183,0.0
201,1642883880000.0,0.0,0.0,4.01,168.22670822942644,0.0,0.0,151.2,1.0,1.0,1001.1640645399999,1000.0,932.8869645399999,1000.0,0.6738047477862183,0.0
202,1642887480000.0,0.0,0.0,4.01,168.22670822942644,0.0,0.0,152.0,1.0,1.0,1001.1640645399999,1000.0,936.0949645399999,1000.0,0.6738047477862183,0.0
203,1642891080000.0,0.0,0.0,4.01,168.22670822942644,0.0,0.0,150.7,1.0,1.0,1001.1640645399999,1000.0,930.8819645399999,1000.0,0.6738047477862183,0.0
204,1642894680000.0,0.0,0.0,4.01,168.22670822942644,0.0,0.0,151.5,1.0,1.0,1001.1640645399999,1000.0,934.0899645399999,1000.0,0.6738047477862183,0.0
205,1642898280000.0,0.0,0.0,4.01,168.22670822942644,0.0,0.0,154.3,1.0,1.0,1001.1640645399999,1000.0,945.3179645399999,1000.0,0.6738047477862183,0.0
206,1642901880000.0,0.0,0.0,4.01,168.22670822942644,0.0,0.0,153.55,1.0,1.0,1001.1640645399999,1000.0,942.31046454,1000.0,0.6738047477862183,0.0
207,1642905480000.0,0.0,0.0,4.01,168.22670822942644,0.0,0.0,151.05,1.0,1.0,1001.1640645399999,1000.0,932.2854645399999,1000.0,0.6738047477862183,0.0
208,1642909080000.0,0.0,0.0,4.01,168.22670822942644,0.0,0.0,149.2,1.0,1.0,1001.1640645399999,1000.0,924.8669645399999,1000.0,0.6738047477862183,0.0
209,1642912680000.0,0.0,0.0,4.01,168.22670822942644,0.0,0.0,152.2,1.0,1.0,1001.1640645399999,1000.0,936.8969645399999,1000.0,0.6738047477862183,0.0
210,1642916280000.0,0.0,0.0,4.01,168.22670822942644,0.0,0.0,152.35,1.0,1.0,1001.1640645399999,1000.0,937.4984645399999,1000.0,0.6738047477862183,0.0
211,1642919880000.0,0.0,0.0,4.01,168.22670822942644,0.0,0.0,153.45,1.0,1.0,1001.1640645399999,1000.0,941.9094645399998,1000.0,0.6738047477862183,0.0
212,1642923480000.0,0.0,0.0,4.01,168.22670822942644,0.0,0.0,155.0,1.0,1.0,1001.1640645399999,1000.0,948.12496454,1000.0,0.6738047477862183,0.0
213,1642927080000.0,0.0,0.0,4.01,168.22670822942644,0.0,0.0,156.8,1.0,1.0,1001.1640645399999,1000.0,955.3429645399999,1000.0,0.6738047477862183,0.0
214,1642930680000.0,0.0,0.0,4.01,168.22670822942644,0.0,0.0,157.5,1.0,1.0,1001.1640645399999,1000.0,958.1499645399999,1000.0,0.6738047477862183,0.0
215,1642934280000.0,0.0,0.0,4.01,168.22670822942644,0.0,0.0,155.8,1.0,1.0,1001.1640645399999,1000.0,951.3329645399999,1000.0,0.6738047477862183,0.0
216,1642937880000.0,0.0,0.0,4.01,168.22670822942644,0.0,0.0,154.05,1.0,1.0,1001.1640645399999,1000.0,944.31546454,1000.0,0.6738047477862183,0.0
217,1642941480000.0,0.0,0.0,4.01,168.22670822942644,0.0,0.0,153.95,1.0,1.0,1001.1640645399999,1000.0,943.9144645399998,1000.0,0.6738047477862183,0.0
218,1642945080000.0,0.0,0.0,4.01,168.22670822942644,0.0,0.0,154.35,1.0,1.0,1001.1640645399999,1000.0,945.5184645399999,1000.0,0.6738047477862183,0.0
219,1642948680000.0,0.0,0.0,4.01,168.22670822942644,0.0,0.0,152.65,1.0,1.0,1001.1640645399999,1000.0,938.70146454,1000.0,0.6738047477862183,0.0
220,1642952280000.0,0.0,0.0,4.01,168.22670822942644,0.0,0.0,150.45,1.0,1.0,1001.1640645399999,1000.0,929.8794645399998,1000.0,0.6738047477862183,0.0
221,1642955880000.0,0.0,0.0,4.01,168.22670822942644,0.0,0.0,151.4,1.0,1.0,1001.1640645399999,1000.0,933.6889645399999,1000.0,0.6738047477862183,0.0
222,1642959480000.0,0.0,0.0,4.01,168.22670822942644,0.0,0.0,152.4,1.0,1.0,1001.1640645399999,1000.0,937.6989645399999,1000.0,0.6738047477862183,0.0
223,1642963080000.0,0.0,0.0,4.01,168.22670822942644,0.0,0.0,152.8,1.0,1.0,1001.1640645399999,1000.0,939.30296454,1000.0,0.6738047477862183,0.0
224,1642966680000.0,0.0,0.0,4.01,168.22670822942644,0.0,0.0,150.15,1.0,1.0,1001.1640645399999,1000.0,928.6764645399999,1000.0,0.6738047477862183,0.0
225,1642970280000.0,0.0,0.0,4.01,168.22670822942644,0.0,0.0,150.4,1.0,1.0,1001.1640645399999,1000.0,929.6789645399999,1000.0,0.6738047477862183,0.0
226,1642973880000.0,0.0,0.0,4.01,168.22670822942644,0.0,0.0,149.25,1.0,1.0,1001.1640645399999,1000.0,925.06746454,1000.0,0.6738047477862183,0.0
227,1642977480000.0,0.0,0.0,4.01,168.22670822942644,0.0,0.0,150.1,1.0,1.0,1001.1640645399999,1000.0,928.47596454,1000.0,0.6738047477862183,0.0
228,1642981080000.0,0.0,0.0,4.01,168.22670822942644,0.0,0.0,155.15,1.0,1.0,1001.1640645399999,1000.0,948.7264645399999,1000.0,0.6738047477862183,0.0
229,1642984680000.0,0.0,0.0,4.01,168.22670822942644,0.0,0.0,154.05,1.0,1.0,1001.1640645399999,1000.0,944.31546454,1000.0,0.6738047477862183,0.0
230,1642988280000.0,0.0,0.0,4.01,168.22670822942644,0.0,0.0,152.45,1.0,1.0,1001.1640645399999,1000.0,937.8994645399998,1000.0,0.6738047477862183,0.0
231,1642991880000.0,0.0,0.0,4.01,168.22670822942644,0.0,0.0,151.5,1.0,1.0,1001.1640645399999,1000.0,934.0899645399999,1000.0,0.6738047477862183,0.0
232,1642995480000.0,0.0,0.0,4.01,168.22670822942644,0.0,0.0,151.2,1.0,1.0,1001.1640645399999,1000.0,932.8869645399999,1000.0,0.6738047477862183,0.0
233,1642999080000.0,0.0,0.0,4.01,168.22670822942644,0.0,0.0,150.25,1.0,1.0,1001.1640645399999,1000.0,929.0774645399999,1000.0,0.6738047477862183,0.0
234,1643002680000.0,0.0,0.0,4.01,168.22670822942644,0.0,0.0,148.95,1.0,1.0,1001.1640645399999,1000.0,923.8644645399999,1000.0,0.6738047477862183,0.0
235,1643006280000.0,0.0,0.0,4.01,168.22670822942644,0.0,0.0,151.0,1.0,1.0,1001.1640645399999,1000.0,932.0849645399999,1000.0,0.6738047477862183,0.0
236,1643009880000.0,0.0,0.0,4.01,168.22670822942644,0.0,0.0,150.15,1.0,1.0,1001.1640645399999,1000.0,928.6764645399999,1000.0,0.6738047477862183,0.0
237,1643013480000.0,0.0,0.0,4.01,168.22670822942644,0.0,0.0,149.25,1.0,1.0,1001.1640645399999,1000.0,925.06746454,1000.0,0.6738047477862183,0.0
238,1643017080000.0,0.0,0.0,4.01,168.22670822942644,0.0,0.0,145.45,1.0,1.0,1001.1640645399999,1000.0,909.8294645399999,1000.0,0.6738047477862183,0.0
239,1643020680000.0,0.0,0.0,4.01,168.22670822942644,0.0,0.0,140.65,1.0,1.0,1001.1640645399999,1000.0,890.58146454,1000.0,0.6738047477862183,0.0
240,1643024280000.0,0.0,0.0,4.01,168.22670822942644,0.0,0.0,140.5,1.0,1.0,1001.1640645399999,1000.0,889.9799645399999,1000.0,0.6738047477862183,0.0
241,1643027880000.0,0.0,0.0,4.01,168.22670822942644,0.0,0.0,137.9,1.0,1.0,1001.1640645399999,1000.0,879.5539645399999,1000.0,0.6738047477862183,0.0
242,1643031480000.0,0.0,0.0,4.01,168.22670822942644,0.0,0.0,136.6,1.0,1.0,1001.1640645399999,1000.0,874.3409645399998,1000.0,0.6738047477862183,0.0
243,1643035080000.0,0.0,0.0,4.01,168.22670822942644,0.0,0.0,139.65,1.0,1.0,1001.1640645399999,1000.0,886.57146454,1000.0,0.6738047477862183,0.0
244,1643038680000.0,0.0,0.0,4.01,168.22670822942644,0.0,0.0,141.95,1.0,1.0,1001.1640645399999,1000.0,895.7944645399998,1000.0,0.6738047477862183,0.0
245,1643042280000.0,0.0,0.0,4.01,168.22670822942644,0.0,0.0,140.15,1.0,1.0,1001.1640645399999,1000.0,888.57646454,1000.0,0.6738047477862183,0.0
246,1643045880000.0,0.0,0.0,4.01,168.22670822942644,0.0,0.0,141.25,1.0,1.0,1001.1640645399999,1000.0,892.9874645399999,1000.0,0.6738047477862183,0.0
247,1643049480000.0,0.0,0.0,4.01,168.22670822942644,0.0,0.0,144.9,1.0,1.0,1001.1640645399999,1000.0,907.62396454,1000.0,0.6738047477862183,0.0
248,1643053080000.0,0.0,0.0,4.01,168.22670822942644,0.0,0.0,143.15,1.0,1.0,1001.1640645399999,1000.0,900.6064645399999,1000.0,0.6738047477862183,0.0
249,1643056680000.0,0.0,0.0,4.01,168.22670822942644,0.0,0.0,146.6,1.0,1.0,1001.1640645399999,1000.0,914.4409645399999,1000.0,0.6738047477862183,0.0
250,1643060280000.0,0.0,0.0,4.01,168.22670822942644,0.0,0.0,147.45,1.0,1.0,1001.1640645399999,1000.0,917.8494645399999,1000.0,0.6738047477862183,0.0
251,1643063880000.0,0.0,0.0,4.01,168.22670822942644,0.0,0.0,145.85,1.0,1.0,1001.1640645399999,1000.0,911.4334645399999,1000.0,0.6738047477862183,0.0
252,1643067480000.0,0.0,0.0,4.01,168.22670822942644,0.0,0.0,147.1,1.0,1.0,1001.1640645399999,1000.0,916.4459645399999,1000.0,0.6738047477862183,0.0
253,1643071080000.0,0.0,0.0,4.01,168.22670822942644,0.0,0.0,145.8,1.0,1.0,1001.1640645399999,1000.0,911.23296454,1000.0,0.6738047477862183,0.0
254,1643074680000.0,0.0,0.0,4.01,168.22670822942644,0.0,0.0,144.45,1.0,1.0,1001.1640645399999,1000.0,905.8194645399999,1000.0,0.6738047477862183,0.0
255,1643078280000.0,0.0,0.0,4.01,168.22670822942644,0.0,0.0,143.45,1.0,1.0,1001.1640645399999,1000.0,901.8094645399999,1000.0,0.6738047477862183,0.0
256,1643081880000.0,0.0,0.0,4.01,168.22670822942644,0.0,0.0,144.55,1.0,1.0,1001.1640645399999,1000.0,906.22046454,1000.0,0.6738047477862183,0.0
257,1643085480000.0,0.0,0.0,4.01,168.22670822942644,0.0,0.0,143.6,1.0,1.0,1001.1640645399999,1000.0,902.4109645399999,1000.0,0.6738047477862183,0.0
258,1643089080000.0,0.0,0.0,4.01,168.22670822942644,0.0,0.0,141.65,1.0,1.0,1001.1640645399999,1000.0,894.59146454,1000.0,0.6738047477862183,0.0
259,1643092680000.0,0.0,0.0,4.01,168.22670822942644,0.0,0.0,142.55,1.0,1.0,1001.1640645399999,1000.0,898.20046454,1000.0,0.6738047477862183,0.0
260,1643096280000.0,0.0,0.0,4.01,168.22670822942644,0.0,0.0,142.35,1.0,1.0,1001.1640645399999,1000.0,897.3984645399998,1000.0,0.6738047477862183,0.0
261,1643099880000.0,0.0,0.0,4.01,168.22670822942644,0.0,0.0,143.5,1.0,1.0,1001.1640645399999,1000.0,902.0099645399999,1000.0,0.6738047477862183,0.0
262,1643103480000.0,0.0,0.0,4.01,168.22670822942644,0.0,0.0,145.4,1.0,1.0,1001.1640645399999,1000.0,909.62896454,1000.0,0.6738047477862183,0.0
263,1643107080000.0,0.0,0.0,4.01,168.22670822942644,0.0,0.0,145.2,1.0,1.0,1001.1640645399999,1000.0,908.8269645399998,1000.0,0.6738047477862183,0.0
264,1643110680000.0,0.0,0.0,4.01,168.22670822942644,0.0,0.0,144.3,1.0,1.0,1001.1640645399999,1000.0,905.2179645399999,1000.0,0.6738047477862183,0.0
265,1643114280000.0,0.0,0.0,4.01,168.22670822942644,0.0,0.0,146.05,1.0,1.0,1001.1640645399999,1000.0,912.23546454,1000.0,0.6738047477862183,0.0
266,1643117880000.0,0.0,0.0,4.01,168.22670822942644,0.0,0.0,142.15,1.0,1.0,1001.1640645399999,1000.0,896.5964645399999,1000.0,0.6738047477862183,0.0
267,1643121480000.0,0.0,0.0,4.01,168.22670822942644,0.0,0.0,145.6,1.0,1.0,1001.1640645399999,1000.0,910.4309645399999,1000.0,0.6738047477862183,0.0
268,1643125080000.0,0.0,0.0,4.01,168.22670822942644,0.0,0.0,141.7,1.0,1.0,1001.1640645399999,1000.0,894.7919645399999,1000.0,0.6738047477862183,0.0
269,1643128680000.0,0.0,0.0,4.01,168.22670822942644,0.0,0.0,142.2,1.0,1.0,1001.1640645399999,1000.0,896.7969645399999,1000.0,0.6738047477862183,0.0
270,1643132280000.0,0.0,0.0,4.01,168.22670822942644,0.0,0.0,144.55,1.0,1.0,1001.1640645399999,1000.0,906.22046454,1000.0,0.6738047477862183,0.0
271,1643135880000.0,0.0,0.0,4.01,168.22670822942644,0.0,0.0,145.45,1.0,1.0,1001.1640645399999,1000.0,909.8294645399999,1000.0,0.6738047477862183,0.0
272,1643139480000.0,0.0,0.0,4.01,168.22670822942644,0.0,0.0,143.7,1.0,1.0,1001.1640645399999,1000.0,902.8119645399998,1000.0,0.6738047477862183,0.0
273,1643143080000.0,0.0,0.0,4.01,168.22670822942644,0.0,0.0,145.6,1.0,1.0,1001.1640645399999,1000.0,910.4309645399999,1000.0,0.6738047477862183,0.0
274,1643146680000.0,0.0,0.0,4.01,168.22670822942644,0.0,0.0,145.1,1.0,1.0,1001.1640645399999,1000.0,908.4259645399999,1000.0,0.6738047477862183,0.0
275,1643150280000.0,0.0,0.0,4.01,168.22670822942644,0.0,0.0,143.3,1.0,1.0,1001.1640645399999,1000.0,901.2079645399999,1000.0,0.6738047477862183,0.0
276,1643153880000.0,0.0,0.0,4.01,168.22670822942644,0.0,0.0,145.2,1.0,1.0,1001.1640645399999,1000.0,908.8269645399998,1000.0,0.6738047477862183,0.0
277,1643157480000.0,0.0,0.0,4.01,168.22670822942644,0.0,0.0,145.1,1.0,1.0,1001.1640645399999,1000.0,908.4259645399999,1000.0,0.6738047477862183,0.0
278,1643161080000.0,0.0,0.0,4.01,168.22670822942644,0.0,0.0,143.1,1.0,1.0,1001.1640645399999,1000.0,900.4059645399999,1000.0,0.6738047477862183,0.0
279,1643164680000.0,0.0,0.0,4.01,168.22670822942644,0.0,0.0,144.9,1.0,1.0,1001.1640645399999,1000.0,907.62396454,1000.0,0.6738047477862183,0.0
280,1643168280000.0,0.0,0.0,4.01,168.22670822942644,0.0,0.0,145.3,1.0,1.0,1001.1640645399999,1000.0,909.2279645399999,1000.0,0.6738047477862183,0.0
281,1643171880000.0,0.0,0.0,4.01,168.22670822942644,0.0,0.0,145.5,1.0,1.0,1001.1640645399999,1000.0,910.0299645399999,1000.0,0.6738047477862183,0.0
282,1643175480000.0,0.0,0.0,4.01,168.22670822942644,0.0,0.0,146.75,1.0,1.0,1001.1640645399999,1000.0,915.0424645399999,1000.0,0.6738047477862183,0.0
283,1643179080000.0,0.0,0.0,4.01,168.22670822942644,0.0,0.0,145.8,1.0,1.0,1001.1640645399999,1000.0,911.23296454,1000.0,0.6738047477862183,0.0
284,1643182680000.0,0.0,0.0,4.01,168.22670822942644,0.0,0.0,146.65,1.0,1.0,1001.1640645399999,1000.0,914.6414645399999,1000.0,0.6738047477862183,0.0
285,1643186280000.0,0.0,0.0,4.01,168.22670822942644,0.0,0.0,146.9,1.0,1.0,1001.1640645399999,1000.0,915.64396454,1000.0,0.6738047477862183,0.0
286,1643189880000.0,0.0,0.0,4.01,168.22670822942644,0.0,0.0,146.75,1.0,1.0,1001.1640645399999,1000.0,915.0424645399999,1000.0,0.6738047477862183,0.0
287,1643193480000.0,0.0,0.0,4.01,168.22670822942644,0.0,0.0,147.2,1.0,1.0,1001.1640645399999,1000.0,916.8469645399998,1000.0,0.6738047477862183,0.0
288,1643197080000.0,0.0,0.0,4.01,168.22670822942644,0.0,0.0,148.3,1.0,1.0,1001.1640645399999,1000.0,921.25796454,1000.0,0.6738047477862183,0.0
289,1643200680000.0,0.0,0.0,4.01,168.22670822942644,0.0,0.0,148.55,1.0,1.0,1001.1640645399999,1000.0,922.2604645399999,1000.0,0.6738047477862183,0.0
290,1643204280000.0,0.0,0.0,4.01,168.22670822942644,0.0,0.0,149.5,1.0,1.0,1001.1640645399999,1000.0,926.0699645399999,1000.0,0.6738047477862183,0.0
291,1643207880000.0,0.0,0.0,4.01,168.22670822942644,0.0,0.0,152.45,1.0,1.0,1001.1640645399999,1000.0,937.8994645399998,1000.0,0.6738047477862183,0.0
292,1643211480000.0,0.0,0.0,4.01,168.22670822942644,0.0,0.0,153.25,1.0,1.0,1001.1640645399999,1000.0,941.1074645399999,1000.0,0.6738047477862183,0.0
293,1643215080000.0,0.0,0.0,4.01,168.22670822942644,0.0,0.0,154.15,1.0,1.0,1001.1640645399999,1000.0,944.71646454,1000.0,0.6738047477862183,0.0
294,1643218680000.0,0.0,0.0,4.01,168.22670822942644,0.0,0.0,153.6,1.0,1.0,1001.1640645399999,1000.0,942.5109645399999,1000.0,0.6738047477862183,0.0
295,1643222280000.0,0.0,0.0,4.01,168.22670822942644,0.0,0.0,153.35,1.0,1.0,1001.1640645399999,1000.0,941.5084645399999,1000.0,0.6738047477862183,0.0
296,1643225880000.0,0.0,0.0,4.01,168.22670822942644,0.0,0.0,154.5,1.0,1.0,1001.1640645399999,1000.0,946.11996454,1000.0,0.6738047477862183,0.0
297,1643229480000.0,0.0,0.0,4.01,168.22670822942644,0.0,0.0,148.55,1.0,1.0,1001.1640645399999,1000.0,922.2604645399999,1000.0,0.6738047477862183,0.0
298,1643233080000.0,0.0,0.0,4.01,168.22670822942644,0.0,0.0,146.8,1.0,1.0,1001.1640645399999,1000.0,915.24296454,1000.0,0.6738047477862183,0.0
299,1643236680000.0,0.0,0.0,4.01,168.22670822942644,0.0,0.0,145.8,1.0,1.0,1001.1640645399999,1000.0,911.23296454,1000.0,0.6738047477862183,0.0
300,1643240280000.0,0.0,0.0,4.01,168.22670822942644,0.0,0.0,148.15,1.0,1.0,1001.1640645399999,1000.0,920.6564645399999,1000.0,0.6738047477862183,0.0
301,1643243880000.0,0.0,0.0,4.01,168.22670822942644,0.0,0.0,147.9,1.0,1.0,1001.1640645399999,1000.0,919.65396454,1000.0,0.6738047477862183,0.0
302,1643247480000.0,0.0,0.0,4.01,168.22670822942644,0.0,0.0,143.95,1.0,1.0,1001.1640645399999,1000.0,903.8144645399999,1000.0,0.6738047477862183,0.0
303,1643251080000.0,0.0,0.0,4.01,168.22670822942644,0.0,0.0,141.85,1.0,1.0,1001.1640645399999,1000.0,895.3934645399999,1000.0,0.6738047477862183,0.0
304,1643254680000.0,0.0,0.0,4.01,168.22670822942644,0.0,0.0,140.5,1.0,1.0,1001.1640645399999,1000.0,889.9799645399999,1000.0,0.6738047477862183,0.0
305,1643258280000.0,0.0,0.0,4.01,168.22670822942644,0.0,0.0,141.05,1.0,1.0,1001.1640645399999,1000.0,892.18546454,1000.0,0.6738047477862183,0.0
306,1643261880000.0,0.0,0.0,4.01,168.22670822942644,0.0,0.0,141.95,1.0,1.0,1001.1640645399999,1000.0,895.7944645399998,1000.0,0.6738047477862183,0.0
307,1643265480000.0,0.0,0.0,4.01,168.22670822942644,0.0,0.0,142.0,1.0,1.0,1001.1640645399999,1000.0,895.99496454,1000.0,0.6738047477862183,0.0
308,1643269080000.0,0.0,0.0,4.01,168.22670822942644,0.0,0.0,142.95,1.0,1.0,1001.1640645399999,1000.0,899.8044645399999,1000.0,0.6738047477862183,0.0
309,1643272680000.0,0.0,0.0,4.01,168.22670822942644,0.0,0.0,142.2,1.0,1.0,1001.1640645399999,1000.0,896.7969645399999,1000.0,0.6738047477862183,0.0
310,1643276280000.0,0.0,0.0,4.01,168.22670822942644,0.0,0.0,145.1,1.0,1.0,1001.1640645399999,1000.0,908.4259645399999,1000.0,0.6738047477862183,0.0
311,1643279880000.0,0.0,0.0,4.01,168.22670822942644,0.0,0.0,144.3,1.0,1.0,1001.1640645399999,1000.0,905.2179645399999,1000.0,0.6738047477862183,0.0
312,1643283480000.0,0.0,0.0,4.01,168.22670822942644,0.0,0.0,145.1,1.0,1.0,1001.1640645399999,1000.0,908.4259645399999,1000.0,0.6738047477862183,0.0
313,1643287080000.0,0.0,0.0,4.01,168.22670822942644,0.0,0.0,146.3,1.0,1.0,1001.1640645399999,1000.0,913.2379645399999,1000.0,0.6738047477862183,0.0
314,1643290680000.0,0.0,0.0,4.01,168.22670822942644,0.0,0.0,146.75,1.0,1.0,1001.1640645399999,1000.0,915.0424645399999,1000.0,0.6738047477862183,0.0
315,1643294280000.0,0.0,0.0,4.01,168.22670822942644,0.0,0.0,147.65,1.0,1.0,1001.1640645399999,1000.0,918.6514645399999,1000.0,0.6738047477862183,0.0
316,1643297880000.0,0.0,0.0,4.01,168.22670822942644,0.0,0.0,147.1,1.0,1.0,1001.1640645399999,1000.0,916.4459645399999,1000.0,0.6738047477862183,0.0
317,1643301480000.0,0.0,0.0,4.01,168.22670822942644,0.0,0.0,146.4,1.0,1.0,1001.1640645399999,1000.0,913.63896454,1000.0,0.6738047477862183,0.0
318,1643305080000.0,0.0,0.0,4.01,168.22670822942644,0.0,0.0,144.65,1.0,1.0,1001.1640645399999,1000.0,906.6214645399999,1000.0,0.6738047477862183,0.0
319,1643308680000.0,0.0,0.0,4.01,168.22670822942644,0.0,0.0,145.0,1.0,1.0,1001.1640645399999,1000.0,908.0249645399999,1000.0,0.6738047477862183,0.0
320,1643312280000.0,0.0,0.0,4.01,168.22670822942644,0.0,0.0,143.55,1.0,1.0,1001.1640645399999,1000.0,902.21046454,1000.0,0.6738047477862183,0.0
321,1643315880000.0,0.0,0.0,4.01,168.22670822942644,0.0,0.0,140.3,1.0,1.0,1001.1640645399999,1000.0,889.17796454,1000.0,0.6738047477862183,0.0
322,1643319480000.0,0.0,0.0,4.01,168.22670822942644,0.0,0.0,140.05,1.0,1.0,1001.1640645399999,1000.0,888.17546454,1000.0,0.6738047477862183,0.0
323,1643323080000.0,0.0,0.0,4.01,168.22670822942644,0.0,0.0,140.55,1.0,1.0,1001.1640645399999,1000.0,890.18046454,1000.0,0.6738047477862183,0.0
324,1643326680000.0,0.0,0.0,4.01,168.22670822942644,0.0,0.0,142.3,1.0,1.0,1001.1640645399999,1000.0,897.1979645399999,1000.0,0.6738047477862183,0.0
325,1643330280000.0,0.0,0.0,4.01,168.22670822942644,0.0,0.0,144.2,1.0,1.0,1001.1640645399999,1000.0,904.8169645399998,1000.0,0.6738047477862183,0.0
326,1643333880000.0,0.0,0.0,4.01,168.22670822942644,0.0,0.0,142.1,1.0,1.0,1001.1640645399999,1000.0,896.3959645399999,1000.0,0.6738047477862183,0.0
327,1643337480000.0,0.0,0.0,4.01,168.22670822942644,0.0,0.0,143.3,1.0,1.0,1001.1640645399999,1000.0,901.2079645399999,1000.0,0.6738047477862183,0.0
328,1643341080000.0,0.0,0.0,4.01,168.22670822942644,0.0,0.0,145.2,1.0,1.0,1001.1640645399999,1000.0,908.8269645399998,1000.0,0.6738047477862183,0.0
329,1643344680000.0,0.0,0.0,4.01,168.22670822942644,0.0,0.0,144.8,1.0,1.0,1001.1640645399999,1000.0,907.22296454,1000.0,0.6738047477862183,0.0
330,1643348280000.0,0.0,0.0,4.01,168.22670822942644,0.0,0.0,145.55,1.0,1.0,1001.1640645399999,1000.0,910.23046454,1000.0,0.6738047477862183,0.0
331,1643351880000.0,0.0,0.0,4.01,168.22670822942644,0.0,0.0,146.0,1.0,1.0,1001.1640645399999,1000.0,912.0349645399999,1000.0,0.6738047477862183,0.0
332,1643355480000.0,0.0,0.0,4.01,168.22670822942644,0.0,0.0,143.9,1.0,1.0,1001.1640645399999,1000.0,903.61396454,1000.0,0.6738047477862183,0.0
333,1643359080000.0,0.0,0.0,4.01,168.22670822942644,0.0,0.0,142.35,1.0,1.0,1001.1640645399999,1000.0,897.3984645399998,1000.0,0.6738047477862183,0.0
334,1643362680000.0,0.0,0.0,4.01,168.22670822942644,0.0,0.0,141.7,1.0,1.0,1001.1640645399999,1000.0,894.7919645399999,1000.0,0.6738047477862183,0.0
335,1643366280000.0,0.0,0.0,4.01,168.22670822942644,0.0,0.0,142.0,1.0,1.0,1001.1640645399999,1000.0,895.99496454,1000.0,0.6738047477862183,0.0
336,1643369880000.0,0.0,0.0,4.01,168.22670822942644,0.0,0.0,141.8,1.0,1.0,1001.1640645399999,1000.0,895.1929645399999,1000.0,0.6738047477862183,0.0
337,1643373480000.0,0.0,0.0,4.01,168.22670822942644,0.0,0.0,140.95,1.0,1.0,1001.1640645399999,1000.0,891.7844645399998,1000.0,0.6738047477862183,0.0
338,1643377080000.0,0.0,0.0,4.01,168.22670822942644,0.0,0.0,143.95,1.0,1.0,1001.1640645399999,1000.0,903.8144645399999,1000.0,0.6738047477862183,0.0
339,1643380680000.0,0.0,0.0,4.01,168.22670822942644,0.0,0.0,142.05,1.0,1.0,1001.1640645399999,1000.0,896.19546454,1000.0,0.6738047477862183,0.0
340,1643384280000.0,0.0,0.0,4.01,168.22670822942644,0.0,0.0,143.65,1.0,1.0,1001.1640645399999,1000.0,902.6114645399999,1000.0,0.6738047477862183,0.0
341,1643387880000.0,0.0,0.0,4.01,168.22670822942644,0.0,0.0,145.45,1.0,1.0,1001.1640645399999,1000.0,909.8294645399999,1000.0,0.6738047477862183,0.0
342,1643391480000.0,0.0,0.0,4.01,168.22670822942644,0.0,0.0,145.1,1.0,1.0,1001.1640645399999,1000.0,908.4259645399999,1000.0,0.6738047477862183,0.0
343,1643395080000.0,0.0,0.0,4.01,168.22670822942644,0.0,0.0,145.8,1.0,1.0,1001.1640645399999,1000.0,911.23296454,1000.0,0.6738047477862183,0.0
344,1643398680000.0,0.0,0.0,4.01,168.22670822942644,0.0,0.0,145.05,1.0,1.0,1001.1640645399999,1000.0,908.22546454,1000.0,0.6738047477862183,0.0
345,1643402280000.0,0.0,0.0,4.01,168.22670822942644,0.0,0.0,145.9,1.0,1.0,1001.1640645399999,1000.0,911.63396454,1000.0,0.6738047477862183,0.0
346,1643405880000.0,0.0,0.0,4.01,168.22670822942644,0.0,0.0,147.5,1.0,1.0,1001.1640645399999,1000.0,918.0499645399999,1000.0,0.6738047477862183,0.0
347,1643409480000.0,0.0,0.0,4.01,168.22670822942644,0.0,0.0,149.05,1.0,1.0,1001.1640645399999,1000.0,924.2654645399999,1000.0,0.6738047477862183,0.0
348,1643413080000.0,0.0,0.0,4.01,168.22670822942644,0.0,0.0,148.35,1.0,1.0,1001.1640645399999,1000.0,921.4584645399999,1000.0,0.6738047477862183,0.0
349,1643416680000.0,0.0,0.0,4.01,168.22670822942644,0.0,0.0,149.3,1.0,1.0,1001.1640645399999,1000.0,925.26796454,1000.0,0.6738047477862183,0.0
350,1643420280000.0,0.0,0.0,4.01,168.22670822942644,0.0,0.0,149.1,1.0,1.0,1001.1640645399999,1000.0,924.4659645399998,1000.0,0.6738047477862183,0.0
351,1643423880000.0,0.0,0.0,4.01,168.22670822942644,0.0,0.0,148.85,1.0,1.0,1001.1640645399999,1000.0,923.4634645399999,1000.0,0.6738047477862183,0.0
352,1643427480000.0,0.0,0.0,4.01,168.22670822942644,0.0,0.0,149.95,1.0,1.0,1001.1640645399999,1000.0,927.8744645399998,1000.0,0.6738047477862183,0.0
353,1643431080000.0,0.0,0.0,4.01,168.22670822942644,0.0,0.0,151.1,1.0,1.0,1001.1640645399999,1000.0,932.4859645399999,1000.0,0.6738047477862183,0.0
354,1643434680000.0,0.0,0.0,4.01,168.22670822942644,0.0,0.0,151.15,1.0,1.0,1001.1640645399999,1000.0,932.68646454,1000.0,0.6738047477862183,0.0
355,1643438280000.0,0.0,0.0,4.01,168.22670822942644,0.0,0.0,151.6,1.0,1.0,1001.1640645399999,1000.0,934.4909645399999,1000.0,0.6738047477862183,0.0
356,1643441880000.0,0.0,0.0,4.01,168.22670822942644,0.0,0.0,151.8,1.0,1.0,1001.1640645399999,1000.0,935.29296454,1000.0,0.6738047477862183,0.0
357,1643445480000.0,0.0,0.0,4.01,168.22670822942644,0.0,0.0,151.95,1.0,1.0,1001.1640645399999,1000.0,935.8944645399998,1000.0,0.6738047477862183,0.0
358,1643449080000.0,0.0,0.0,4.01,168.22670822942644,0.0,0.0,151.9,1.0,1.0,1001.1640645399999,1000.0,935.6939645399999,1000.0,0.6738047477862183,0.0
359,1643452680000.0,0.0,0.0,4.01,168.22670822942644,0.0,0.0,152.15,1.0,1.0,1001.1640645399999,1000.0,936.69646454,1000.0,0.6738047477862183,0.0
360,1643456280000.0,0.0,0.0,4.01,168.22670822942644,0.0,0.0,152.05,1.0,1.0,1001.1640645399999,1000.0,936.29546454,1000.0,0.6738047477862183,0.0
361,1643459880000.0,0.0,0.0,4.01,168.22670822942644,0.0,0.0,152.8,1.0,1.0,1001.1640645399999,1000.0,939.30296454,1000.0,0.6738047477862183,0.0
362,1643463480000.0,0.0,0.0,4.01,168.22670822942644,0.0,0.0,153.7,1.0,1.0,1001.1640645399999,1000.0,942.9119645399999,1000.0,0.6738047477862183,0.0
363,1643467080000.0,0.0,0.0,4.01,168.22670822942644,0.0,0.0,152.6,1.0,1.0,1001.1640645399999,1000.0,938.5009645399999,1000.0,0.6738047477862183,0.0
364,1643470680000.0,0.0,0.0,4.01,168.22670822942644,0.0,0.0,151.15,1.0,1.0,1001.1640645399999,1000.0,932.68646454,1000.0,0.6738047477862183,0.0
365,1643474280000.0,0.0,0.0,4.01,168.22670822942644,0.0,0.0,151.55,1.0,1.0,1001.1640645399999,1000.0,934.2904645399999,1000.0,0.6738047477862183,0.0
366,1643477880000.0,0.0,0.0,4.01,168.22670822942644,0.0,0.0,151.95,1.0,1.0,1001.1640645399999,1000.0,935.8944645399998,1000.0,0.6738047477862183,0.0
367,1643481480000.0,0.0,0.0,4.01,168.22670822942644,0.0,0.0,150.55,1.0,1.0,1001.1640645399999,1000.0,930.2804645399999,1000.0,0.6738047477862183,0.0
368,1643485080000.0,0.0,0.0,4.01,168.22670822942644,0.0,0.0,152.4,1.0,1.0,1001.1640645399999,1000.0,937.6989645399999,1000.0,0.6738047477862183,0.0
369,1643488680000.0,0.0,0.0,4.01,168.22670822942644,0.0,0.0,154.1,1.0,1.0,1001.1640645399999,1000.0,944.5159645399999,1000.0,0.6738047477862183,0.0
370,1643492280000.0,0.0,0.0,4.01,168.22670822942644,0.0,0.0,154.05,1.0,1.0,1001.1640645399999,1000.0,944.31546454,1000.0,0.6738047477862183,0.0
371,1643495880000.0,0.0,0.0,4.01,168.22670822942644,0.0,0.0,153.95,1.0,1.0,1001.1640645399999,1000.0,943.9144645399998,1000.0,0.6738047477862183,0.0
372,1643499480000.0,0.0,0.0,4.01,168.22670822942644,0.0,0.0,153.45,1.0,1.0,1001.1640645399999,1000.0,941.9094645399998,1000.0,0.6738047477862183,0.0
373,1643503080000.0,0.0,0.0,4.01,168.22670822942644,0.0,0.0,152.8,1.0,1.0,1001.1640645399999,1000.0,939.30296454,1000.0,0.6738047477862183,0.0
374,1643506680000.0,0.0,0.0,4.01,168.22670822942644,0.0,0.0,153.3,1.0,1.0,1001.1640645399999,1000.0,941.30796454,1000.0,0.6738047477862183,0.0
375,1643510280000.0,0.0,0.0,4.01,168.22670822942644,0.0,0.0,153.6,1.0,1.0,1001.1640645399999,1000.0,942.5109645399999,1000.0,0.6738047477862183,0.0
376,1643513880000.0,0.0,0.0,4.01,168.22670822942644,0.0,0.0,152.45,1.0,1.0,1001.1640645399999,1000.0,937.8994645399998,1000.0,0.6738047477862183,0.0
377,1643517480000.0,0.0,0.0,4.01,168.22670822942644,0.0,0.0,151.95,1.0,1.0,1001.1640645399999,1000.0,935.8944645399998,1000.0,0.6738047477862183,0.0
378,1643521080000.0,0.0,0.0,4.01,168.22670822942644,0.0,0.0,152.75,1.0,1.0,1001.1640645399999,1000.0,939.1024645399999,1000.0,0.6738047477862183,0.0
379,1643524680000.0,0.0,0.0,4.01,168.22670822942644,0.0,0.0,153.65,1.0,1.0,1001.1640645399999,1000.0,942.71146454,1000.0,0.6738047477862183,0.0
380,1643528280000.0,0.0,0.0,4.01,168.22670822942644,0.0,0.0,154.35,1.0,1.0,1001.1640645399999,1000.0,945.5184645399999,1000.0,0.6738047477862183,0.0
381,1643531880000.0,0.0,0.0,4.01,168.22670822942644,0.0,0.0,153.3,1.0,1.0,1001.1640645399999,1000.0,941.30796454,1000.0,0.6738047477862183,0.0
382,1643535480000.0,0.0,0.0,4.01,168.22670822942644,0.0,0.0,152.95,1.0,1.0,1001.1640645399999,1000.0,939.9044645399998,1000.0,0.6738047477862183,0.0
383,1643539080000.0,0.0,0.0,4.01,168.22670822942644,0.0,0.0,153.9,1.0,1.0,1001.1640645399999,1000.0,943.7139645399999,1000.0,0.6738047477862183,0.0
384,1643542680000.0,0.0,0.0,4.01,168.22670822942644,0.0,0.0,153.1,1.0,1.0,1001.1640645399999,1000.0,940.5059645399999,1000.0,0.6738047477862183,0.0
385,1643546280000.0,0.0,0.0,4.01,168.22670822942644,0.0,0.0,153.45,1.0,1.0,1001.1640645399999,1000.0,941.9094645399998,1000.0,0.6738047477862183,0.0
386,1643549880000.0,0.0,0.0,4.01,168.22670822942644,0.0,0.0,152.95,1.0,1.0,1001.1640645399999,1000.0,939.9044645399998,1000.0,0.6738047477862183,0.0
387,1643553480000.0,0.0,0.0,4.01,168.22670822942644,0.0,0.0,151.55,1.0,1.0,1001.1640645399999,1000.0,934.2904645399999,1000.0,0.6738047477862183,0.0
388,1643557080000.0,0.0,0.0,4.01,168.22670822942644,0.0,0.0,152.85,1.0,1.0,1001.1640645399999,1000.0,939.5034645399999,1000.0,0.6738047477862183,0.0
389,1643560680000.0,0.0,0.0,4.01,168.22670822942644,0.0,0.0,152.4,1.0,1.0,1001.1640645399999,1000.0,937.6989645399999,1000.0,0.6738047477862183,0.0
390,1643564280000.0,0.0,0.0,4.01,168.22670822942644,0.0,0.0,151.05,1.0,1.0,1001.1640645399999,1000.0,932.2854645399999,1000.0,0.6738047477862183,0.0
391,1643567880000.0,0.0,0.0,4.01,168.22670822942644,0.0,0.0,149.25,1.0,1.0,1001.1640645399999,1000.0,925.06746454,1000.0,0.6738047477862183,0.0
392,1643571480000.0,0.0,0.0,4.01,168.22670822942644,0.0,0.0,145.9,1.0,1.0,1001.1640645399999,1000.0,911.63396454,1000.0,0.6738047477862183,0.0
393,1643575080000.0,0.0,0.0,4.01,168.22670822942644,0.0,0.0,147.0,1.0,1.0,1001.1640645399999,1000.0,916.0449645399999,1000.0,0.6738047477862183,0.0
394,1643578680000.0,0.0,0.0,4.01,168.22670822942644,0.0,0.0,146.75,1.0,1.0,1001.1640645399999,1000.0,915.0424645399999,1000.0,0.6738047477862183,0.0
395,1643582280000.0,0.0,0.0,4.01,168.22670822942644,0.0,0.0,146.55,1.0,1.0,1001.1640645399999,1000.0,914.24046454,1000.0,0.6738047477862183,0.0
396,1643585880000.0,0.0,0.0,4.01,168.22670822942644,0.0,0.0,147.9,1.0,1.0,1001.1640645399999,1000.0,919.65396454,1000.0,0.6738047477862183,0.0
397,1643589480000.0,0.0,0.0,4.01,168.22670822942644,0.0,0.0,146.3,1.0,1.0,1001.1640645399999,1000.0,913.2379645399999,1000.0,0.6738047477862183,0.0
398,1643593080000.0,0.0,0.0,4.01,168.22670822942644,0.0,0.0,144.15,1.0,1.0,1001.1640645399999,1000.0,904.6164645399999,1000.0,0.6738047477862183,0.0
399,1643596680000.0,0.0,0.0,4.01,168.22670822942644,0.0,0.0,143.7,1.0,1.0,1001.1640645399999,1000.0,902.8119645399998,1000.0,0.6738047477862183,0.0
400,1643600280000.0,0.0,0.0,4.01,168.22670822942644,0.0,0.0,143.15,1.0,1.0,1001.1640645399999,1000.0,900.6064645399999,1000.0,0.6738047477862183,0.0
401,1643603880000.0,0.0,0.0,4.01,168.22670822942644,0.0,0.0,142.7,1.0,1.0,1001.1640645399999,1000.0,898.8019645399999,1000.0,0.6738047477862183,0.0
402,1643607480000.0,0.0,0.0,4.01,168.22670822942644,0.0,0.0,142.45,1.0,1.0,1001.1640645399999,1000.0,897.7994645399999,1000.0,0.6738047477862183,0.0
403,1643611080000.0,0.0,0.0,4.01,168.22670822942644,0.0,0.0,142.05,1.0,1.0,1001.1640645399999,1000.0,896.19546454,1000.0,0.6738047477862183,0.0
404,1643614680000.0,0.0,0.0,4.01,168.22670822942644,0.0,0.0,141.95,1.0,1.0,1001.1640645399999,1000.0,895.7944645399998,1000.0,0.6738047477862183,0.0
405,1643618280000.0,0.0,0.0,4.01,168.22670822942644,0.0,0.0,142.45,1.0,1.0,1001.1640645399999,1000.0,897.7994645399999,1000.0,0.6738047477862183,0.0
406,1643621880000.0,0.0,0.0,4.01,168.22670822942644,0.0,0.0,142.7,1.0,1.0,1001.1640645399999,1000.0,898.8019645399999,1000.0,0.6738047477862183,0.0
407,1643625480000.0,0.0,0.0,4.01,168.22670822942644,0.0,0.0,142.1,1.0,1.0,1001.1640645399999,1000.0,896.3959645399999,1000.0,0.6738047477862183,0.0
408,1643629080000.0,0.0,0.0,4.01,168.22670822942644,0.0,0.0,141.75,1.0,1.0,1001.1640645399999,1000.0,894.9924645399999,1000.0,0.6738047477862183,0.0
409,1643632680000.0,0.0,0.0,4.01,168.22670822942644,0.0,0.0,142.0,1.0,1.0,1001.1640645399999,1000.0,895.99496454,1000.0,0.6738047477862183,0.0
410,1643636280000.0,0.0,0.0,4.01,168.22670822942644,0.0,0.0,142.9,1.0,1.0,1001.1640645399999,1000.0,899.6039645399999,1000.0,0.6738047477862183,0.0
411,1643639880000.0,0.0,0.0,4.01,168.22670822942644,0.0,0.0,143.55,1.0,1.0,1001.1640645399999,1000.0,902.21046454,1000.0,0.6738047477862183,0.0
412,1643643480000.0,0.0,0.0,4.01,168.22670822942644,0.0,0.0,144.7,1.0,1.0,1001.1640645399999,1000.0,906.8219645399998,1000.0,0.6738047477862183,0.0
413,1643647080000.0,0.0,0.0,4.01,168.22670822942644,0.0,0.0,144.2,1.0,1.0,1001.1640645399999,1000.0,904.8169645399998,1000.0,0.6738047477862183,0.0
414,1643650680000.0,0.0,0.0,4.01,168.22670822942644,0.0,0.0,144.75,1.0,1.0,1001.1640645399999,1000.0,907.0224645399999,1000.0,0.6738047477862183,0.0
415,1643654280000.0,0.0,0.0,4.01,168.22670822942644,0.0,0.0,144.0,1.0,1.0,1001.1640645399999,1000.0,904.0149645399999,1000.0,0.6738047477862183,0.0
416,1643657880000.0,0.0,0.0,4.01,168.22670822942644,0.0,0.0,143.9,1.0,1.0,1001.1640645399999,1000.0,903.61396454,1000.0,0.6738047477862183,0.0
417,1643661480000.0,0.0,0.0,4.01,168.22670822942644,0.0,0.0,144.05,1.0,1.0,1001.1640645399999,1000.0,904.21546454,1000.0,0.6738047477862183,0.0
418,1643665080000.0,0.0,0.0,4.01,168.22670822942644,0.0,0.0,144.95,1.0,1.0,1001.1640645399999,1000.0,907.8244645399999,1000.0,0.6738047477862183,0.0
419,1643668680000.0,0.0,0.0,4.01,168.22670822942644,0.0,0.0,145.75,1.0,1.0,1001.1640645399999,1000.0,911.0324645399999,1000.0,0.6738047477862183,0.0
420,1643672280000.0,0.0,0.0,4.01,168.22670822942644,0.0,0.0,146.65,1.0,1.0,1001.1640645399999,1000.0,914.6414645399999,1000.0,0.6738047477862183,0.0
421,1643675880000.0,0.0,0.0,4.01,168.22670822942644,0.0,0.0,145.7,1.0,1.0,1001.1640645399999,1000.0,910.8319645399998,1000.0,0.6738047477862183,0.0
422,1643679480000.0,0.0,0.0,4.01,168.22670822942644,0.0,0.0,146.2,1.0,1.0,1001.1640645399999,1000.0,912.8369645399998,1000.0,0.6738047477862183,0.0
423,1643683080000.0,0.0,0.0,4.01,168.22670822942644,0.0,0.0,147.2,1.0,1.0,1001.1640645399999,1000.0,916.8469645399998,1000.0,0.6738047477862183,0.0
424,1643686680000.0,0.0,0.0,4.01,168.22670822942644,0.0,0.0,147.3,1.0,1.0,1001.1640645399999,1000.0,917.24796454,1000.0,0.6738047477862183,0.0
425,1643690280000.0,0.0,0.0,4.01,168.22670822942644,0.0,0.0,144.25,1.0,1.0,1001.1640645399999,1000.0,905.0174645399999,1000.0,0.6738047477862183,0.0
426,1643693880000.0,0.0,0.0,4.01,168.22670822942644,0.0,0.0,145.7,1.0,1.0,1001.1640645399999,1000.0,910.8319645399998,1000.0,0.6738047477862183,0.0
427,1643697480000.0,0.0,0.0,4.01,168.22670822942644,0.0,0.0,144.95,1.0,1.0,1001.1640645399999,1000.0,907.8244645399999,1000.0,0.6738047477862183,0.0
428,1643701080000.0,0.0,0.0,4.01,168.22670822942644,0.0,0.0,145.35,1.0,1.0,1001.1640645399999,1000.0,909.4284645399999,1000.0,0.6738047477862183,0.0
429,1643704680000.0,0.0,0.0,4.01,168.22670822942644,0.0,0.0,145.45,1.0,1.0,1001.1640645399999,1000.0,909.8294645399999,1000.0,0.6738047477862183,0.0
430,1643708280000.0,0.0,0.0,4.01,168.22670822942644,0.0,0.0,144.55,1.0,1.0,1001.1640645399999,1000.0,906.22046454,1000.0,0.6738047477862183,0.0
431,1643711880000.0,0.0,0.0,4.01,168.22670822942644,0.0,0.0,144.8,1.0,1.0,1001.1640645399999,1000.0,907.22296454,1000.0,0.6738047477862183,0.0
432,1643715480000.0,0.0,0.0,4.01,168.22670822942644,0.0,0.0,145.4,1.0,1.0,1001.1640645399999,1000.0,909.62896454,1000.0,0.6738047477862183,0.0
433,1643719080000.0,0.0,0.0,4.01,168.22670822942644,0.0,0.0,146.65,1.0,1.0,1001.1640645399999,1000.0,914.6414645399999,1000.0,0.6738047477862183,0.0
434,1643722680000.0,0.0,0.0,4.01,168.22670822942644,0.0,0.0,145.1,1.0,1.0,1001.1640645399999,1000.0,908.4259645399999,1000.0,0.6738047477862183,0.0
435,1643726280000.0,0.0,0.0,4.01,168.22670822942644,0.0,0.0,144.85,1.0,1.0,1001.1640645399999,1000.0,907.4234645399999,1000.0,0.6738047477862183,0.0
436,1643729880000.0,0.0,0.0,4.01,168.22670822942644,0.0,0.0,144.2,1.0,1.0,1001.1640645399999,1000.0,904.8169645399998,1000.0,0.6738047477862183,0.0
437,1643733480000.0,0.0,0.0,4.01,168.22670822942644,0.0,0.0,145.45,1.0,1.0,1001.1640645399999,1000.0,909.8294645399999,1000.0,0.6738047477862183,0.0
438,1643737080000.0,0.0,0.0,4.01,168.22670822942644,0.0,0.0,145.1,1.0,1.0,1001.1640645399999,1000.0,908.4259645399999,1000.0,0.6738047477862183,0.0
439,1643740680000.0,0.0,0.0,4.01,168.22670822942644,0.0,0.0,145.2,1.0,1.0,1001.1640645399999,1000.0,908.8269645399998,1000.0,0.6738047477862183,0.0
440,1643744280000.0,0.0,0.0,4.01,168.22670822942644,0.0,0.0,144.3,1.0,1.0,1001.1640645399999,1000.0,905.2179645399999,1000.0,0.6738047477862183,0.0
441,1643747880000.0,0.0,0.0,4.01,168.22670822942644,0.0,0.0,144.6,1.0,1.0,1001.1640645399999,1000.0,906.4209645399999,1000.0,0.6738047477862183,0.0
442,1643751480000.0,0.0,0.0,4.01,168.22670822942644,0.0,0.0,145.25,1.0,1.0,1001.1640645399999,1000.0,909.0274645399999,1000.0,0.6738047477862183,0.0
443,1643755080000.0,0.0,0.0,4.01,168.22670822942644,0.0,0.0,144.95,1.0,1.0,1001.1640645399999,1000.0,907.8244645399999,1000.0,0.6738047477862183,0.0
444,1643758680000.0,0.0,0.0,4.01,168.22670822942644,0.0,0.0,146.65,1.0,1.0,1001.1640645399999,1000.0,914.6414645399999,1000.0,0.6738047477862183,0.0
445,1643762280000.0,0.0,0.0,4.01,168.22670822942644,0.0,0.0,145.3,1.0,1.0,1001.1640645399999,1000.0,909.2279645399999,1000.0,0.6738047477862183,0.0
446,1643765880000.0,0.0,0.0,4.01,168.22670822942644,0.0,0.0,145.6,1.0,1.0,1001.1640645399999,1000.0,910.4309645399999,1000.0,0.6738047477862183,0.0
447,1643769480000.0,0.0,0.0,4.01,168.22670822942644,0.0,0.0,146.05,1.0,1.0,1001.1640645399999,1000.0,912.23546454,1000.0,0.6738047477862183,0.0
448,1643773080000.0,0.0,0.0,4.01,168.22670822942644,0.0,0.0,146.4,1.0,1.0,1001.1640645399999,1000.0,913.63896454,1000.0,0.6738047477862183,0.0
449,1643776680000.0,0.0,0.0,4.01,168.22670822942644,0.0,0.0,146.15,1.0,1.0,1001.1640645399999,1000.0,912.6364645399999,1000.0,0.6738047477862183,0.0
450,1643780280000.0,0.0,0.0,4.01,168.22670822942644,0.0,0.0,145.75,1.0,1.0,1001.1640645399999,1000.0,911.0324645399999,1000.0,0.6738047477862183,0.0
451,1643783880000.0,0.0,0.0,4.01,168.22670822942644,0.0,0.0,145.8,1.0,1.0,1001.1640645399999,1000.0,911.23296454,1000.0,0.6738047477862183,0.0
452,1643787480000.0,0.0,0.0,4.01,168.22670822942644,0.0,0.0,146.15,1.0,1.0,1001.1640645399999,1000.0,912.6364645399999,1000.0,0.6738047477862183,0.0
453,1643791080000.0,0.0,0.0,4.01,168.22670822942644,0.0,0.0,146.35,1.0,1.0,1001.1640645399999,1000.0,913.4384645399999,1000.0,0.6738047477862183,0.0
454,1643794680000.0,0.0,0.0,4.01,168.22670822942644,0.0,0.0,146.9,1.0,1.0,1001.1640645399999,1000.0,915.64396454,1000.0,0.6738047477862183,0.0
455,1643798280000.0,0.0,0.0,4.01,168.22670822942644,0.0,0.0,147.7,1.0,1.0,1001.1640645399999,1000.0,918.8519645399999,1000.0,0.6738047477862183,0.0
456,1643801880000.0,0.0,0.0,4.01,168.22670822942644,0.0,0.0,147.8,1.0,1.0,1001.1640645399999,1000.0,919.25296454,1000.0,0.6738047477862183,0.0
457,1643805480000.0,0.0,0.0,4.01,168.22670822942644,0.0,0.0,148.7,1.0,1.0,1001.1640645399999,1000.0,922.8619645399999,1000.0,0.6738047477862183,0.0
458,1643809080000.0,0.0,0.0,4.01,168.22670822942644,0.0,0.0,149.4,1.0,1.0,1001.1640645399999,1000.0,925.6689645399999,1000.0,0.6738047477862183,0.0
459,1643812680000.0,0.0,0.0,4.01,168.22670822942644,0.0,0.0,148.75,1.0,1.0,1001.1640645399999,1000.0,923.06246454,1000.0,0.6738047477862183,0.0
460,1643816280000.0,0.0,0.0,4.01,168.22670822942644,0.0,0.0,147.4,1.0,1.0,1001.1640645399999,1000.0,917.64896454,1000.0,0.6738047477862183,0.0
461,1643819880000.0,0.0,0.0,4.01,168.22670822942644,0.0,0.0,146.4,1.0,1.0,1001.1640645399999,1000.0,913.63896454,1000.0,0.6738047477862183,0.0
462,1643823480000.0,0.0,0.0,4.01,168.22670822942644,0.0,0.0,146.8,1.0,1.0,1001.1640645399999,1000.0,915.24296454,1000.0,0.6738047477862183,0.0
463,1643827080000.0,0.0,0.0,4.01,168.22670822942644,0.0,0.0,147.95,1.0,1.0,1001.1640645399999,1000.0,919.8544645399999,1000.0,0.6738047477862183,0.0
464,1643830680000.0,0.0,0.0,4.01,168.22670822942644,0.0,0.0,147.65,1.0,1.0,1001.1640645399999,1000.0,918.6514645399999,1000.0,0.6738047477862183,0.0
465,1643834280000.0,0.0,0.0,4.01,168.22670822942644,0.0,0.0,146.4,1.0,1.0,1001.1640645399999,1000.0,913.63896454,1000.0,0.6738047477862183,0.0
466,1643837880000.0,0.0,0.0,4.01,168.22670822942644,0.0,0.0,144.95,1.0,1.0,1001.1640645399999,1000.0,907.8244645399999,1000.0,0.6738047477862183,0.0
467,1643841480000.0,0.0,0.0,4.01,168.22670822942644,0.0,0.0,145.15,1.0,1.0,1001.1640645399999,1000.0,908.6264645399999,1000.0,0.6738047477862183,0.0
468,1643845080000.0,0.0,0.0,4.01,168.22670822942644,0.0,0.0,144.55,1.0,1.0,1001.1640645399999,1000.0,906.22046454,1000.0,0.6738047477862183,0.0
469,1643848680000.0,0.0,0.0,4.01,168.22670822942644,0.0,0.0,145.55,1.0,1.0,1001.1640645399999,1000.0,910.23046454,1000.0,0.6738047477862183,0.0
470,1643852280000.0,0.0,0.0,4.01,168.22670822942644,0.0,0.0,144.7,1.0,1.0,1001.1640645399999,1000.0,906.8219645399998,1000.0,0.6738047477862183,0.0
471,1643855880000.0,0.0,0.0,4.01,168.22670822942644,0.0,0.0,143.8,1.0,1.0,1001.1640645399999,1000.0,903.2129645399999,1000.0,0.6738047477862183,0.0
472,1643859480000.0,0.0,0.0,4.01,168.22670822942644,0.0,0.0,144.5,1.0,1.0,1001.1640645399999,1000.0,906.0199645399999,1000.0,0.6738047477862183,0.0
473,1643863080000.0,0.0,0.0,4.01,168.22670822942644,0.0,0.0,143.9,1.0,1.0,1001.1640645399999,1000.0,903.61396454,1000.0,0.6738047477862183,0.0
474,1643866680000.0,0.0,0.0,4.01,168.22670822942644,0.0,0.0,144.45,1.0,1.0,1001.1640645399999,1000.0,905.8194645399999,1000.0,0.6738047477862183,0.0
475,1643870280000.0,0.0,0.0,4.01,168.22670822942644,0.0,0.0,145.05,1.0,1.0,1001.1640645399999,1000.0,908.22546454,1000.0,0.6738047477862183,0.0
476,1643873880000.0,0.0,0.0,4.01,168.22670822942644,0.0,0.0,144.85,1.0,1.0,1001.1640645399999,1000.0,907.4234645399999,1000.0,0.6738047477862183,0.0
477,1643877480000.0,0.0,0.0,4.01,168.22670822942644,0.0,0.0,145.7,1.0,1.0,1001.1640645399999,1000.0,910.8319645399998,1000.0,0.6738047477862183,0.0
478,1643881080000.0,0.0,0.0,4.01,168.22670822942644,0.0,0.0,144.45,1.0,1.0,1001.1640645399999,1000.0,905.8194645399999,1000.0,0.6738047477862183,0.0
479,1643884680000.0,0.0,0.0,4.01,168.22670822942644,0.0,0.0,141.9,1.0,1.0,1001.1640645399999,1000.0,895.5939645399999,1000.0,0.6738047477862183,0.0
480,1643888280000.0,0.0,0.0,4.01,168.22670822942644,0.0,0.0,142.45,1.0,1.0,1001.1640645399999,1000.0,897.7994645399999,1000.0,0.6738047477862183,0.0
481,1643891880000.0,0.0,0.0,4.01,168.22670822942644,0.0,0.0,141.75,1.0,1.0,1001.1640645399999,1000.0,894.9924645399999,1000.0,0.6738047477862183,0.0
482,1643895480000.0,0.0,0.0,4.01,168.22670822942644,0.0,0.0,142.6,1.0,1.0,1001.1640645399999,1000.0,898.4009645399999,1000.0,0.6738047477862183,0.0
483,1643899080000.0,0.0,0.0,4.01,168.22670822942644,0.0,0.0,142.2,1.0,1.0,1001.1640645399999,1000.0,896.7969645399999,1000.0,0.6738047477862183,0.0
484,1643902680000.0,0.0,0.0,4.01,168.22670822942644,0.0,0.0,142.9,1.0,1.0,1001.1640645399999,1000.0,899.6039645399999,1000.0,0.6738047477862183,0.0
485,1643906280000.0,0.0,0.0,4.01,168.22670822942644,0.0,0.0,143.35,1.0,1.0,1001.1640645399999,1000.0,901.4084645399998,1000.0,0.6738047477862183,0.0
486,1643909880000.0,0.0,0.0,4.01,168.22670822942644,0.0,0.0,143.9,1.0,1.0,1001.1640645399999,1000.0,903.61396454,1000.0,0.6738047477862183,0.0
487,1643913480000.0,0.0,0.0,4.01,168.22670822942644,0.0,0.0,143.3,1.0,1.0,1001.1640645399999,1000.0,901.2079645399999,1000.0,0.6738047477862183,0.0
488,1643917080000.0,0.0,0.0,4.01,168.22670822942644,0.0,0.0,144.05,1.0,1.0,1001.1640645399999,1000.0,904.21546454,1000.0,0.6738047477862183,0.0
489,1643920680000.0,0.0,0.0,4.01,168.22670822942644,0.0,0.0,143.6,1.0,1.0,1001.1640645399999,1000.0,902.4109645399999,1000.0,0.6738047477862183,0.0
490,1643924280000.0,0.0,0.0,4.01,168.22670822942644,0.0,0.0,145.65,1.0,1.0,1001.1640645399999,1000.0,910.6314645399999,1000.0,0.6738047477862183,0.0
491,1643927880000.0,0.0,0.0,4.01,168.22670822942644,0.0,0.0,145.55,1.0,1.0,1001.1640645399999,1000.0,910.23046454,1000.0,0.6738047477862183,0.0
492,1643931480000.0,0.0,0.0,4.01,168.22670822942644,0.0,0.0,146.05,1.0,1.0,1001.1640645399999,1000.0,912.23546454,1000.0,0.6738047477862183,0.0
493,1643935080000.0,0.0,0.0,4.01,168.22670822942644,0.0,0.0,147.55,1.0,1.0,1001.1640645399999,1000.0,918.2504645399999,1000.0,0.6738047477862183,0.0
494,1643938680000.0,0.0,0.0,4.01,168.22670822942644,0.0,0.0,147.55,1.0,1.0,1001.1640645399999,1000.0,918.2504645399999,1000.0,0.6738047477862183,0.0
495,1643942280000.0,0.0,0.0,4.01,168.22670822942644,0.0,0.0,148.7,1.0,1.0,1001.1640645399999,1000.0,922.8619645399999,1000.0,0.6738047477862183,0.0
496,1643945880000.0,0.0,0.0,4.01,168.22670822942644,0.0,0.0,149.5,1.0,1.0,1001.1640645399999,1000.0,926.0699645399999,1000.0,0.6738047477862183,0.0
497,1643949480000.0,0.0,0.0,4.01,168.22670822942644,0.0,0.0,149.35,1.0,1.0,1001.1640645399999,1000.0,925.4684645399999,1000.0,0.6738047477862183,0.0
498,1643953080000.0,0.0,0.0,4.01,168.22670822942644,0.0,0.0,151.15,1.0,1.0,1001.1640645399999,1000.0,932.68646454,1000.0,0.6738047477862183,0.0
499,1643956680000.0,0.0,0.0,4.01,168.22670822942644,0.0,0.0,152.75,1.0,1.0,1001.1640645399999,1000.0,939.1024645399999,1000.0,0.6738047477862183,0.0
500,1643960280000.0,0.0,0.0,4.01,168.22670822942644,0.0,0.0,154.0,1.0,1.0,1001.1640645399999,1000.0,944.11496454,1000.0,0.6738047477862183,0.0
501,1643963880000.0,0.0,0.0,4.01,168.22670822942644,0.0,0.0,154.35,1.0,1.0,1001.1640645399999,1000.0,945.5184645399999,1000.0,0.6738047477862183,0.0
502,1643967480000.0,0.0,0.0,4.01,168.22670822942644,0.0,0.0,154.7,1.0,1.0,1001.1640645399999,1000.0,946.9219645399999,1000.0,0.6738047477862183,0.0
503,1643971080000.0,0.0,0.0,4.01,168.22670822942644,0.0,0.0,155.15,1.0,1.0,1001.1640645399999,1000.0,948.7264645399999,1000.0,0.6738047477862183,0.0
504,1643974680000.0,0.0,0.0,4.01,168.22670822942644,0.0,0.0,155.4,1.0,1.0,1001.1640645399999,1000.0,949.7289645399999,1000.0,0.6738047477862183,0.0
505,1643978280000.0,0.0,0.0,4.01,168.22670822942644,0.0,0.0,156.3,1.0,1.0,1001.1640645399999,1000.0,953.3379645399999,1000.0,0.6738047477862183,0.0
506,1643981880000.0,0.0,0.0,4.01,168.22670822942644,0.0,0.0,155.2,1.0,1.0,1001.1640645399999,1000.0,948.9269645399999,1000.0,0.6738047477862183,0.0
507,1643985480000.0,0.0,0.0,4.01,168.22670822942644,0.0,0.0,157.3,1.0,1.0,1001.1640645399999,1000.0,957.3479645399999,1000.0,0.6738047477862183,0.0
508,1643989080000.0,0.0,0.0,4.01,168.22670822942644,0.0,0.0,160.4,1.0,1.0,1001.1640645399999,1000.0,969.77896454,1000.0,0.6738047477862183,0.0
509,1643992680000.0,0.0,0.0,4.01,168.22670822942644,0.0,0.0,161.45,1.0,1.0,1001.1640645399999,1000.0,973.9894645399999,1000.0,0.6738047477862183,0.0
510,1643996280000.0,0.0,0.0,4.01,168.22670822942644,0.0,0.0,161.35,1.0,1.0,1001.1640645399999,1000.0,973.5884645399999,1000.0,0.6738047477862183,0.0
511,1643999880000.0,0.0,0.0,4.01,168.22670822942644,0.0,0.0,160.3,1.0,1.0,1001.1640645399999,1000.0,969.37796454,1000.0,0.6738047477862183,0.0
512,1644003480000.0,0.0,0.0,4.01,168.22670822942644,0.0,0.0,160.8,1.0,1.0,1001.1640645399999,1000.0,971.38296454,1000.0,0.6738047477862183,0.0
513,1644007080000.0,0.0,0.0,4.01,168.22670822942644,0.0,0.0,160.5,1.0,1.0,1001.1640645399999,1000.0,970.1799645399999,1000.0,0.6738047477862183,0.0
514,1644010680000.0,0.0,0.0,4.01,168.22670822942644,0.0,0.0,160.6,1.0,1.0,1001.1640645399999,1000.0,970.5809645399999,1000.0,0.6738047477862183,0.0
515,1644014280000.0,0.0,0.0,4.01,168.22670822942644,0.0,0.0,161.75,1.0,1.0,1001.1640645399999,1000.0,975.19246454,1000.0,0.6738047477862183,0.0
516,1644017880000.0,0.0,0.0,4.01,168.22670822942644,0.0,0.0,163.4,1.0,1.0,1001.1640645399999,1000.0,981.8089645399999,1000.0,0.6738047477862183,0.0
517,1644021480000.0,0.0,0.0,4.01,168.22670822942644,0.0,0.0,165.25,1.0,1.0,1001.1640645399999,1000.0,989.2274645399999,1000.0,0.6738047477862183,0.0
518,1644025080000.0,0.0,0.0,4.01,168.22670822942644,0.0,0.0,163.75,1.0,1.0,1001.1640645399999,1000.0,983.2124645399999,1000.0,0.6738047477862183,0.0
519,1644028680000.0,0.0,0.0,4.01,168.22670822942644,0.0,0.0,165.15,1.0,1.0,1001.1640645399999,1000.0,988.82646454,1000.0,0.6738047477862183,0.0
520,1644032280000.0,0.0,0.0,4.01,168.22670822942644,0.0,0.0,165.7,1.0,1.0,1001.1640645399999,1000.0,991.0319645399999,1000.0,0.6738047477862183,0.0
521,1644035880000.0,0.0,0.0,4.01,168.22670822942644,0.0,0.0,168.5,1.0,1.0,1001.1640645399999,1000.0,1002.2599645399999,1000.0,0.6738047477862183,0.0
522,1644039480000.0,0.0,0.0,4.01,168.22670822942644,0.0,0.0,167.75,1.0,1.0,1001.1640645399999,1000.0,999.2524645399999,1000.0,0.6738047477862183,0.0
523,1644043080000.0,0.0,0.0,4.01,168.22670822942644,0.0,0.0,168.0,1.0,1.0,1001.1640645399999,1000.0,1000.25496454,1000.0,0.6738047477862183,0.0
524,1644046680000.0,0.0,0.0,4.01,168.22670822942644,0.0,0.0,167.6,1.0,1.0,1001.1640645399999,1000.0,998.6509645399999,1000.0,0.6738047477862183,0.0
525,1644050280000.0,0.0,0.0,4.01,168.22670822942644,0.0,0.0,165.95,1.0,1.0,1001.1640645399999,1000.0,992.0344645399998,1000.0,0.6738047477862183,0.0
526,1644053880000.0,0.0,0.0,4.01,168.22670822942644,0.0,0.0,165.45,1.0,1.0,1001.1640645399999,1000.0,990.0294645399998,1000.0,0.6738047477862183,0.0
527,1644057480000.0,0.0,0.0,4.01,168.22670822942644,0.0,0.0,165.3,1.0,1.0,1001.1640645399999,1000.0,989.42796454,1000.0,0.6738047477862183,0.0
528,1644061080000.0,0.0,0.0,4.01,168.22670822942644,0.0,0.0,164.6,1.0,1.0,1001.1640645399999,1000.0,986.6209645399999,1000.0,0.6738047477862183,0.0
529,1644064680000.0,0.0,0.0,4.01,168.22670822942644,0.0,0.0,164.6,1.0,1.0,1001.1640645399999,1000.0,986.6209645399999,1000.0,0.6738047477862183,0.0
530,1644068280000.0,0.0,0.0,4.01,168.22670822942644,0.0,0.0,165.95,1.0,1.0,1001.1640645399999,1000.0,992.0344645399998,1000.0,0.6738047477862183,0.0
531,1644071880000.0,0.0,0.0,4.01,168.22670822942644,0.0,0.0,166.55,1.0,1.0,1001.1640645399999,1000.0,994.44046454,1000.0,0.6738047477862183,0.0
532,1644075480000.0,0.0,0.0,4.01,168.22670822942644,0.0,0.0,167.4,1.0,1.0,1001.1640645399999,1000.0,997.8489645399999,1000.0,0.6738047477862183,0.0
533,1644079080000.0,0.0,0.0,4.01,168.22670822942644,0.0,0.0,166.2,1.0,1.0,1001.1640645399999,1000.0,993.0369645399999,1000.0,0.6738047477862183,0.0
534,1644082680000.0,0.0,0.0,4.01,168.22670822942644,0.0,0.0,164.4,1.0,1.0,1001.1640645399999,1000.0,985.8189645399999,1000.0,0.6738047477862183,0.0
535,1644086280000.0,0.0,0.0,4.01,168.22670822942644,0.0,0.0,165.5,1.0,1.0,1001.1640645399999,1000.0,990.2299645399999,1000.0,0.6738047477862183,0.0
536,1644089880000.0,0.0,0.0,4.01,168.22670822942644,0.0,0.0,166.3,1.0,1.0,1001.1640645399999,1000.0,993.4379645399999,1000.0,0.6738047477862183,0.0
537,1644093480000.0,0.0,0.0,4.01,168.22670822942644,0.0,0.0,166.7,1.0,1.0,1001.1640645399999,1000.0,995.0419645399999,1000.0,0.6738047477862183,0.0
538,1644097080000.0,0.0,0.0,4.01,168.22670822942644,0.0,0.0,169.25,1.0,1.0,1001.1640645399999,1000.0,1005.2674645399999,1000.0,0.6738047477862183,0.0
539,1644100680000.0,0.0,0.0,4.01,168.22670822942644,0.0,0.0,169.0,1.0,1.0,1001.1640645399999,1000.0,1004.2649645399999,1000.0,0.6738047477862183,0.0
540,1644104280000.0,0.0,0.0,4.01,168.22670822942644,0.0,0.0,168.6,1.0,1.0,1001.1640645399999,1000.0,1002.6609645399999,1000.0,0.6738047477862183,0.0
541,1644107880000.0,0.0,0.0,4.01,168.22670822942644,0.0,0.0,167.8,1.0,1.0,1001.1640645399999,1000.0,999.4529645399999,1000.0,0.6738047477862183,0.0
542,1644111480000.0,0.0,0.0,4.01,168.22670822942644,0.0,0.0,169.55,1.0,1.0,1001.1640645399999,1000.0,1006.47046454,1000.0,0.6738047477862183,0.0
543,1644115080000.0,0.0,0.0,4.01,168.22670822942644,0.0,0.0,170.85,1.0,1.0,1001.1640645399999,1000.0,1011.6834645399999,1000.0,0.6738047477862183,0.0
544,1644118680000.0,0.0,0.0,4.01,168.22670822942644,0.0,0.0,170.75,1.0,1.0,1001.1640645399999,1000.0,1011.2824645399999,1000.0,0.6738047477862183,0.0
545,1644122280000.0,0.0,0.0,4.01,168.22670822942644,0.0,0.0,169.9,1.0,1.0,1001.1640645399999,1000.0,1007.87396454,1000.0,0.6738047477862183,0.0
546,1644125880000.0,0.0,0.0,4.01,168.22670822942644,0.0,0.0,170.3,1.0,1.0,1001.1640645399999,1000.0,1009.4779645399999,1000.0,0.6738047477862183,0.0
547,1644129480000.0,0.0,0.0,4.01,168.22670822942644,0.0,0.0,169.95,1.0,1.0,1001.1640645399999,1000.0,1008.0744645399999,1000.0,0.6738047477862183,0.0
548,1644133080000.0,0.0,0.0,4.01,168.22670822942644,0.0,0.0,168.7,1.0,1.0,1001.1640645399999,1000.0,1003.0619645399998,1000.0,0.6738047477862183,0.0
549,1644136680000.0,0.0,0.0,4.01,168.22670822942644,0.0,0.0,169.75,1.0,1.0,1001.1640645399999,1000.0,1007.2724645399999,1000.0,0.6738047477862183,0.0
550,1644140280000.0,0.0,0.0,4.01,168.22670822942644,0.0,0.0,170.05,1.0,1.0,1001.1640645399999,1000.0,1008.47546454,1000.0,0.6738047477862183,0.0
551,1644143880000.0,0.0,0.0,4.01,168.22670822942644,0.0,0.0,169.4,1.0,1.0,1001.1640645399999,1000.0,1005.86896454,1000.0,0.6738047477862183,0.0
552,1644147480000.0,0.0,0.0,4.01,168.22670822942644,0.0,0.0,169.9,1.0,1.0,1001.1640645399999,1000.0,1007.87396454,1000.0,0.6738047477862183,0.0
553,1644151080000.0,0.0,0.0,4.01,168.22670822942644,0.0,0.0,170.15,1.0,1.0,1001.1640645399999,1000.0,1008.8764645399999,1000.0,0.6738047477862183,0.0
554,1644154680000.0,0.0,0.0,4.01,168.22670822942644,0.0,0.0,170.9,1.0,1.0,1001.1640645399999,1000.0,1011.88396454,1000.0,0.6738047477862183,0.0
555,1644158280000.0,0.0,0.0,4.01,168.22670822942644,0.0,0.0,170.0,1.0,1.0,1001.1640645399999,1000.0,1008.2749645399999,1000.0,0.6738047477862183,0.0
556,1644161880000.0,0.0,0.0,4.01,168.22670822942644,0.0,0.0,167.7,1.0,1.0,1001.1640645399999,1000.0,999.0519645399999,1000.0,0.6738047477862183,0.0
557,1644165480000.0,0.0,0.0,4.01,168.22670822942644,0.0,0.0,169.05,1.0,1.0,1001.1640645399999,1000.0,1004.46546454,1000.0,0.6738047477862183,0.0
558,1644169080000.0,0.0,0.0,4.01,168.22670822942644,0.0,0.0,170.0,1.0,1.0,1001.1640645399999,1000.0,1008.2749645399999,1000.0,0.6738047477862183,0.0
559,1644172680000.0,0.0,0.0,4.01,168.22670822942644,0.0,0.0,169.55,1.0,1.0,1001.1640645399999,1000.0,1006.47046454,1000.0,0.6738047477862183,0.0
560,1644176280000.0,0.0,0.0,4.01,168.22670822942644,0.0,0.0,169.6,1.0,1.0,1001.1640645399999,1000.0,1006.6709645399999,1000.0,0.6738047477862183,0.0
561,1644179880000.0,0.0,0.0,4.01,168.22670822942644,0.0,0.0,169.95,1.0,1.0,1001.1640645399999,1000.0,1008.0744645399999,1000.0,0.6738047477862183,0.0
562,1644183480000.0,0.0,0.0,4.01,168.22670822942644,0.0,0.0,170.75,1.0,1.0,1001.1640645399999,1000.0,1011.2824645399999,1000.0,0.6738047477862183,0.0
563,1644187080000.0,0.0,0.0,4.01,168.22670822942644,0.0,0.0,170.3,1.0,1.0,1001.1640645399999,1000.0,1009.4779645399999,1000.0,0.6738047477862183,0.0
564,1644190680000.0,0.0,0.0,4.01,168.22670822942644,0.0,0.0,172.75,1.0,1.0,1001.1640645399999,1000.0,1019.30246454,1000.0,0.6738047477862183,0.0
565,1644194280000.0,0.0,0.0,2.68,168.22670822942644,0.0,0.0,171.0,1.0,1.0,1007.8388501148628,1000.0,1015.27127206,1000.0,0.44734093948003695,0.0
566,1644197880000.0,0.0,0.0,2.68,168.22670822942644,0.0,0.0,172.6,1.0,1.0,1007.8388501148628,1000.0,1019.5592720599999,1000.0,0.44734093948003695,0.0
567,1644201480000.0,0.0,0.0,1.79,168.22670822942644,0.0,0.0,173.95,1.0,1.0,1012.3054359506733,1000.0,1022.5501282199999,1000.0,0.2974653667130424,0.0
568,1644205080000.0,0.0,0.0,1.79,168.22670822942644,0.0,0.0,176.8,1.0,1.0,1012.3054359506733,1000.0,1027.65162822,1000.0,0.2974653667130424,0.0
569,1644208680000.0,0.0,0.0,1.79,168.22670822942644,0.0,0.0,176.35,1.0,1.0,1012.3054359506733,1000.0,1026.84612822,1000.0,0.2974653667130424,0.0
570,1644212280000.0,0.0,0.0,1.79,168.22670822942644,0.0,0.0,176.35,1.0,1.0,1012.3054359506733,1000.0,1026.84612822,1000.0,0.2974653667130424,0.0
571,1644215880000.0,0.0,0.0,1.79,168.22670822942644,0.0,0.0,176.4,1.0,1.0,1012.3054359506733,1000.0,1026.93562822,1000.0,0.2974653667130424,0.0
572,1644219480000.0,0.0,0.0,1.79,168.22670822942644,0.0,0.0,177.1,1.0,1.0,1012.3054359506733,1000.0,1028.18862822,1000.0,0.2974653667130424,0.0
573,1644223080000.0,0.0,0.0,0.23,168.22670822942644,0.0,0.0,176.75,1.0,1.0,1026.498034792768,1000.0,1028.4583919,1000.0,0.03769334336872778,0.0
574,1644226680000.0,0.0,0.0,0.23,168.22670822942644,0.0,0.0,174.3,1.0,1.0,1026.498034792768,1000.0,1027.8948919,1000.0,0.03769334336872778,0.0
575,1644230280000.0,0.0,0.0,0.23,168.22670822942644,0.0,0.0,176.8,1.0,1.0,1026.498034792768,1000.0,1028.4698919,1000.0,0.03769334336872778,0.0
576,1644233880000.0,0.0,0.0,0.03,168.22670822942644,0.0,0.0,177.4,1.0,1.0,1028.3175987468826,1000.0,1028.5927974999997,1000.0,0.00490782347110744,0.0
577,1644237480000.0,0.0,0.0,0.0,168.22670822942644,0.0,0.0,177.45,1.0,1.0,1028.5905333400003,1000.0,1028.5905333400003,1000.0,0.0,0.0
578,1644241080000.0,0.0,0.0,0.0,168.22670822942644,0.0,0.0,176.4,1.0,1.0,1028.5905333400003,1000.0,1028.5905333400003,1000.0,0.0,0.0
579,1644244680000.0,0.0,0.0,0.0,168.22670822942644,0.0,0.0,176.55,1.0,1.0,1028.5905333400003,1000.0,1028.5905333400003,1000.0,0.0,0.0
580,1644248280000.0,0.0,0.0,0.0,168.22670822942644,0.0,0.0,177.75,1.0,1.0,1028.5905333400003,1000.0,1028.5905333400003,1000.0,0.0,0.0
581,1644251880000.0,0.0,0.0,0.0,168.22670822942644,0.0,0.0,178.05,1.0,1.0,1028.5905333400003,1000.0,1028.5905333400003,1000.0,0.0,0.0
582,1644255480000.0,0.0,0.0,0.0,168.22670822942644,0.0,0.0,180.8,1.0,1.0,1028.5905333400003,1000.0,1028.5905333400003,1000.0,0.0,0.0
583,1644259080000.0,0.0,0.0,0.0,168.22670822942644,0.0,0.0,183.1,1.0,1.0,1028.5905333400003,1000.0,1028.5905333400003,1000.0,0.0,0.0
584,1644262680000.0,0.0,0.0,0.0,168.22670822942644,0.0,0.0,182.55,1.0,1.0,1028.5905333400003,1000.0,1028.5905333400003,1000.0,0.0,0.0
585,1644266280000.0,0.0,0.0,0.0,168.22670822942644,0.0,0.0,181.05,1.0,1.0,1028.5905333400003,1000.0,1028.5905333400003,1000.0,0.0,0.0
586,1644269880000.0,0.0,0.0,0.0,168.22670822942644,0.0,0.0,182.55,1.0,1.0,1028.5905333400003,1000.0,1028.5905333400003,1000.0,0.0,0.0
587,1644273480000.0,0.0,0.0,0.0,168.22670822942644,0.0,0.0,184.4,1.0,1.0,1028.5905333400003,1000.0,1028.5905333400003,1000.0,0.0,0.0
588,1644277080000.0,0.0,0.0,0.0,168.22670822942644,0.0,0.0,184.35,1.0,1.0,1028.5905333400003,1000.0,1028.5905333400003,1000.0,0.0,0.0
589,1644280680000.0,0.0,0.0,0.0,168.22670822942644,0.0,0.0,184.45,1.0,1.0,1028.5905333400003,1000.0,1028.5905333400003,1000.0,0.0,0.0
590,1644284280000.0,0.0,0.0,0.0,168.22670822942644,0.0,0.0,185.2,1.0,1.0,1028.5905333400003,1000.0,1028.5905333400003,1000.0,0.0,0.0
591,1644287880000.0,0.0,0.0,0.0,168.22670822942644,0.0,0.0,183.95,1.0,1.0,1028.5905333400003,1000.0,1028.5905333400003,1000.0,0.0,0.0
592,1644291480000.0,0.0,0.0,0.0,168.22670822942644,0.0,0.0,183.75,1.0,1.0,1028.5905333400003,1000.0,1028.5905333400003,1000.0,0.0,0.0
593,1644295080000.0,0.0,0.0,0.0,168.22670822942644,0.0,0.0,183.7,1.0,1.0,1028.5905333400003,1000.0,1028.5905333400003,1000.0,0.0,0.0
594,1644298680000.0,0.0,0.0,0.0,168.22670822942644,0.0,0.0,183.55,1.0,1.0,1028.5905333400003,1000.0,1028.5905333400003,1000.0,0.0,0.0
595,1644302280000.0,0.0,0.0,0.0,168.22670822942644,0.0,0.0,185.2,1.0,1.0,1028.5905333400003,1000.0,1028.5905333400003,1000.0,0.0,0.0
596,1644305880000.0,0.0,0.0,0.0,168.22670822942644,0.0,0.0,185.7,1.0,1.0,1028.5905333400003,1000.0,1028.5905333400003,1000.0,0.0,0.0
597,1644309480000.0,0.0,0.0,0.0,168.22670822942644,0.0,0.0,184.55,1.0,1.0,1028.5905333400003,1000.0,1028.5905333400003,1000.0,0.0,0.0
598,1644313080000.0,0.0,0.0,0.0,168.22670822942644,0.0,0.0,182.4,1.0,1.0,1028.5905333400003,1000.0,1028.5905333400003,1000.0,0.0,0.0
599,1644316680000.0,0.0,0.0,0.0,168.22670822942644,0.0,0.0,181.4,1.0,1.0,1028.5905333400003,1000.0,1028.5905333400003,1000.0,0.0,0.0
600,1644320280000.0,0.0,0.0,0.0,168.22670822942644,0.0,0.0,181.7,1.0,1.0,1028.5905333400003,1000.0,1028.5905333400003,1000.0,0.0,0.0
601,1644323880000.0,0.0,0.0,0.0,168.22670822942644,0.0,0.0,178.1,1.0,1.0,1028.5905333400003,1000.0,1028.5905333400003,1000.0,0.0,0.0
602,1644327480000.0,0.0,0.0,0.0,168.22670822942644,0.0,0.0,179.2,1.0,1.0,1028.5905333400003,1000.0,1028.5905333400003,1000.0,0.0,0.0
603,1644331080000.0,0.0,0.0,0.0,168.22670822942644,0.0,0.0,180.1,1.0,1.0,1028.5905333400003,1000.0,1028.5905333400003,1000.0,0.0,0.0
604,1644334680000.0,0.0,0.0,0.0,168.22670822942644,0.0,0.0,177.3,1.0,1.0,1028.5905333400003,1000.0,1028.5905333400003,1000.0,0.0,0.0
605,1644338280000.0,0.0,0.0,0.0,168.22670822942644,0.0,0.0,180.15,1.0,1.0,1028.5905333400003,1000.0,1028.5905333400003,1000.0,0.0,0.0
606,1644341880000.0,0.0,0.0,0.0,168.22670822942644,0.0,0.0,178.95,1.0,1.0,1028.5905333400003,1000.0,1028.5905333400003,1000.0,0.0,0.0
607,1644345480000.0,0.0,0.0,0.0,168.22670822942644,0.0,0.0,177.95,1.0,1.0,1028.5905333400003,1000.0,1028.5905333400003,1000.0,0.0,0.0
608,1644349080000.0,0.0,0.0,0.0,168.22670822942644,0.0,0.0,175.8,1.0,1.0,1028.5905333400003,1000.0,1028.5905333400003,1000.0,0.0,0.0
609,1644352680000.0,0.0,0.0,0.0,168.22670822942644,0.0,0.0,177.7,1.0,1.0,1028.5905333400003,1000.0,1028.5905333400003,1000.0,0.0,0.0
610,1644356280000.0,0.0,0.0,0.0,168.22670822942644,0.0,0.0,178.2,1.0,1.0,1028.5905333400003,1000.0,1028.5905333400003,1000.0,0.0,0.0
611,1644359880000.0,0.0,0.0,0.0,168.22670822942644,0.0,0.0,176.55,1.0,1.0,1028.5905333400003,1000.0,1028.5905333400003,1000.0,0.0,0.0
612,1644363480000.0,0.0,0.0,0.0,168.22670822942644,0.0,0.0,177.25,1.0,1.0,1028.5905333400003,1000.0,1028.5905333400003,1000.0,0.0,0.0
613,1644367080000.0,0.0,0.0,0.0,168.22670822942644,0.0,0.0,178.45,1.0,1.0,1028.5905333400003,1000.0,1028.5905333400003,1000.0,0.0,0.0
614,1644370680000.0,0.0,0.0,0.0,168.22670822942644,0.0,0.0,178.3,1.0,1.0,1028.5905333400003,1000.0,1028.5905333400003,1000.0,0.0,0.0
615,1644374280000.0,0.0,0.0,0.0,168.22670822942644,0.0,0.0,176.5,1.0,1.0,1028.5905333400003,1000.0,1028.5905333400003,1000.0,0.0,0.0
616,1644377880000.0,0.0,0.0,0.0,168.22670822942644,0.0,0.0,177.5,1.0,1.0,1028.5905333400003,1000.0,1028.5905333400003,1000.0,0.0,0.0
617,1644381480000.0,0.0,0.0,0.0,168.22670822942644,0.0,0.0,177.8,1.0,1.0,1028.5905333400003,1000.0,1028.5905333400003,1000.0,0.0,0.0
618,1644385080000.0,0.0,0.0,0.0,168.22670822942644,0.0,0.0,178.05,1.0,1.0,1028.5905333400003,1000.0,1028.5905333400003,1000.0,0.0,0.0
619,1644388680000.0,0.0,0.0,0.0,168.22670822942644,0.0,0.0,179.05,1.0,1.0,1028.5905333400003,1000.0,1028.5905333400003,1000.0,0.0,0.0
620,1644392280000.0,0.0,0.0,0.0,168.22670822942644,0.0,0.0,178.25,1.0,1.0,1028.5905333400003,1000.0,1028.5905333400003,1000.0,0.0,0.0
621,1644395880000.0,0.0,0.0,0.0,168.22670822942644,0.0,0.0,177.95,1.0,1.0,1028.5905333400003,1000.0,1028.5905333400003,1000.0,0.0,0.0
622,1644399480000.0,0.0,0.0,0.0,168.22670822942644,0.0,0.0,177.9,1.0,1.0,1028.5905333400003,1000.0,1028.5905333400003,1000.0,0.0,0.0
623,1644403080000.0,0.0,0.0,0.0,168.22670822942644,0.0,0.0,178.85,1.0,1.0,1028.5905333400003,1000.0,1028.5905333400003,1000.0,0.0,0.0
624,1644406680000.0,0.0,0.0,0.0,168.22670822942644,0.0,0.0,181.8,1.0,1.0,1028.5905333400003,1000.0,1028.5905333400003,1000.0,0.0,0.0
625,1644410280000.0,0.0,0.0,0.0,168.22670822942644,0.0,0.0,182.8,1.0,1.0,1028.5905333400003,1000.0,1028.5905333400003,1000.0,0.0,0.0
626,1644413880000.0,0.0,0.0,0.0,168.22670822942644,0.0,0.0,183.7,1.0,1.0,1028.5905333400003,1000.0,1028.5905333400003,1000.0,0.0,0.0
627,1644417480000.0,0.0,0.0,0.0,168.22670822942644,0.0,0.0,183.45,1.0,1.0,1028.5905333400003,1000.0,1028.5905333400003,1000.0,0.0,0.0
628,1644421080000.0,0.0,0.0,0.0,168.22670822942644,0.0,0.0,182.7,1.0,1.0,1028.5905333400003,1000.0,1028.5905333400003,1000.0,0.0,0.0
629,1644424680000.0,0.0,0.0,0.0,168.22670822942644,0.0,0.0,182.65,1.0,1.0,1028.5905333400003,1000.0,1028.5905333400003,1000.0,0.0,0.0
630,1644428280000.0,0.0,0.0,0.0,168.22670822942644,0.0,0.0,183.4,1.0,1.0,1028.5905333400003,1000.0,1028.5905333400003,1000.0,0.0,0.0
631,1644431880000.0,0.0,0.0,0.0,168.22670822942644,0.0,0.0,182.4,1.0,1.0,1028.5905333400003,1000.0,1028.5905333400003,1000.0,0.0,0.0
632,1644435480000.0,0.0,0.0,0.0,168.22670822942644,0.0,0.0,184.65,1.0,1.0,1028.5905333400003,1000.0,1028.5905333400003,1000.0,0.0,0.0
633,1644439080000.0,0.0,0.0,0.0,168.22670822942644,0.0,0.0,184.2,1.0,1.0,1028.5905333400003,1000.0,1028.5905333400003,1000.0,0.0,0.0
634,1644442680000.0,0.0,0.0,0.0,168.22670822942644,0.0,0.0,183.55,1.0,1.0,1028.5905333400003,1000.0,1028.5905333400003,1000.0,0.0,0.0
635,1644446280000.0,0.0,0.0,0.0,168.22670822942644,0.0,0.0,183.35,1.0,1.0,1028.5905333400003,1000.0,1028.5905333400003,1000.0,0.0,0.0
636,1644449880000.0,0.0,0.0,0.0,168.22670822942644,0.0,0.0,184.3,1.0,1.0,1028.5905333400003,1000.0,1028.5905333400003,1000.0,0.0,0.0
637,1644453480000.0,0.0,0.0,0.0,168.22670822942644,0.0,0.0,184.8,1.0,1.0,1028.5905333400003,1000.0,1028.5905333400003,1000.0,0.0,0.0
638,1644457080000.0,0.0,0.0,0.0,168.22670822942644,0.0,0.0,185.85,1.0,1.0,1028.5905333400003,1000.0,1028.5905333400003,1000.0,0.0,0.0
639,1644460680000.0,0.0,0.0,0.0,168.22670822942644,0.0,0.0,186.0,1.0,1.0,1028.5905333400003,1000.0,1028.5905333400003,1000.0,0.0,0.0
640,1644464280000.0,0.0,0.0,0.0,168.22670822942644,0.0,0.0,183.3,1.0,1.0,1028.5905333400003,1000.0,1028.5905333400003,1000.0,0.0,0.0
641,1644467880000.0,0.0,0.0,0.0,168.22670822942644,0.0,0.0,182.9,1.0,1.0,1028.5905333400003,1000.0,1028.5905333400003,1000.0,0.0,0.0
642,1644471480000.0,0.0,0.0,0.0,168.22670822942644,0.0,0.0,182.25,1.0,1.0,1028.5905333400003,1000.0,1028.5905333400003,1000.0,0.0,0.0
643,1644475080000.0,0.0,0.0,0.0,168.22670822942644,0.0,0.0,183.6,1.0,1.0,1028.5905333400003,1000.0,1028.5905333400003,1000.0,0.0,0.0
644,1644478680000.0,0.0,0.0,0.0,168.22670822942644,0.0,0.0,182.55,1.0,1.0,1028.5905333400003,1000.0,1028.5905333400003,1000.0,0.0,0.0
645,1644482280000.0,0.0,0.0,0.0,168.22670822942644,0.0,0.0,185.3,1.0,1.0,1028.5905333400003,1000.0,1028.5905333400003,1000.0,0.0,0.0
646,1644485880000.0,0.0,0.0,0.0,168.22670822942644,0.0,0.0,185.5,1.0,1.0,1028.5905333400003,1000.0,1028.5905333400003,1000.0,0.0,0.0
647,1644489480000.0,0.0,0.0,0.0,168.22670822942644,0.0,0.0,185.4,1.0,1.0,1028.5905333400003,1000.0,1028.5905333400003,1000.0,0.0,0.0
648,1644493080000.0,0.0,0.0,0.0,168.22670822942644,0.0,0.0,185.85,1.0,1.0,1028.5905333400003,1000.0,1028.5905333400003,1000.0,0.0,0.0
649,1644496680000.0,0.0,0.0,0.0,168.22670822942644,0.0,0.0,183.2,1.0,1.0,1028.5905333400003,1000.0,1028.5905333400003,1000.0,0.0,0.0
650,1644500280000.0,0.0,0.0,0.0,168.22670822942644,0.0,0.0,180.0,1.0,1.0,1028.5905333400003,1000.0,1028.5905333400003,1000.0,0.0,0.0
651,1644503880000.0,0.0,0.0,0.23,177.35,0.0,0.0,179.5,1.0,1.0,1028.5823752400004,1000.0,1029.0768752400004,1000.0,0.03965700850209718,0.0
652,1644507480000.0,0.0,0.0,0.06,177.35,0.0,0.0,183.7,1.0,1.0,1029.4822641200005,1000.0,1029.8632641200006,1000.0,0.0103362635480621,0.0
653,1644511080000.0,0.0,0.0,0.01,177.35,0.0,0.0,182.3,1.0,1.0,1029.7469373200008,1000.0,1029.796437320001,1000.0,0.001722267807482561,0.0
654,1644514680000.0,0.0,0.0,0.0,177.35,0.0,0.0,183.75,1.0,1.0,1029.799871960001,1000.0,1029.799871960001,1000.0,0.0,0.0
655,1644518280000.0,0.0,0.0,0.0,177.35,0.0,0.0,181.8,1.0,1.0,1029.799871960001,1000.0,1029.799871960001,1000.0,0.0,0.0
656,1644521880000.0,0.0,0.0,0.0,177.35,0.0,0.0,183.6,1.0,1.0,1029.799871960001,1000.0,1029.799871960001,1000.0,0.0,0.0
657,1644525480000.0,0.0,0.0,0.0,177.35,0.0,0.0,180.95,1.0,1.0,1029.799871960001,1000.0,1029.799871960001,1000.0,0.0,0.0
658,1644529080000.0,0.0,0.0,0.0,177.35,0.0,0.0,181.6,1.0,1.0,1029.799871960001,1000.0,1029.799871960001,1000.0,0.0,0.0
659,1644532680000.0,0.0,0.0,0.0,177.35,0.0,0.0,181.55,1.0,1.0,1029.799871960001,1000.0,1029.799871960001,1000.0,0.0,0.0
660,1644536280000.0,0.0,0.0,0.0,177.35,0.0,0.0,181.4,1.0,1.0,1029.799871960001,1000.0,1029.799871960001,1000.0,0.0,0.0
661,1644539880000.0,0.0,0.0,0.23,176.39,0.0,0.0,176.45,1.0,1.0,1029.791758020001,1000.0,1029.805558020001,1000.0,0.03939602320958956,0.0
662,1644543480000.0,0.0,0.0,0.23,176.39,0.0,0.0,177.65,1.0,1.0,1029.791758020001,1000.0,1030.081558020001,1000.0,0.03939602320958956,0.0
663,1644547080000.0,0.0,0.0,0.23,176.39,0.0,0.0,178.6,1.0,1.0,1029.791758020001,1000.0,1030.300058020001,1000.0,0.03939602320958956,0.0
664,1644550680000.0,0.0,0.0,0.23,176.39,0.0,0.0,179.8,1.0,1.0,1029.791758020001,1000.0,1030.576058020001,1000.0,0.03939602320958956,0.0
665,1644554280000.0,0.0,0.0,0.23,176.39,0.0,0.0,180.25,1.0,1.0,1029.791758020001,1000.0,1030.679558020001,1000.0,0.03939602320958956,0.0
666,1644557880000.0,0.0,0.0,0.23,176.39,0.0,0.0,180.55,1.0,1.0,1029.791758020001,1000.0,1030.748558020001,1000.0,0.03939602320958956,0.0
667,1644561480000.0,0.0,0.0,0.23,176.39,0.0,0.0,180.25,1.0,1.0,1029.791758020001,1000.0,1030.679558020001,1000.0,0.03939602320958956,0.0
668,1644565080000.0,0.0,0.0,0.23,176.39,0.0,0.0,180.25,1.0,1.0,1029.791758020001,1000.0,1030.679558020001,1000.0,0.03939602320958956,0.0
669,1644568680000.0,0.0,0.0,0.23,176.39,0.0,0.0,179.4,1.0,1.0,1029.791758020001,1000.0,1030.484058020001,1000.0,0.03939602320958956,0.0
670,1644572280000.0,0.0,0.0,0.23,176.39,0.0,0.0,179.25,1.0,1.0,1029.791758020001,1000.0,1030.449558020001,1000.0,0.03939602320958956,0.0
671,1644575880000.0,0.0,0.0,0.23,176.39,0.0,0.0,178.85,1.0,1.0,1029.791758020001,1000.0,1030.357558020001,1000.0,0.03939602320958956,0.0
672,1644579480000.0,0.0,0.0,0.23,176.39,0.0,0.0,179.65,1.0,1.0,1029.791758020001,1000.0,1030.541558020001,1000.0,0.03939602320958956,0.0
673,1644583080000.0,0.0,0.0,0.23,176.39,0.0,0.0,179.8,1.0,1.0,1029.791758020001,1000.0,1030.576058020001,1000.0,0.03939602320958956,0.0
674,1644586680000.0,0.0,0.0,0.23,176.39,0.0,0.0,180.6,1.0,1.0,1029.791758020001,1000.0,1030.760058020001,1000.0,0.03939602320958956,0.0
675,1644590280000.0,0.0,0.0,0.23,176.39,0.0,0.0,179.75,1.0,1.0,1029.791758020001,1000.0,1030.564558020001,1000.0,0.03939602320958956,0.0
676,1644593880000.0,0.0,0.0,0.23,176.39,0.0,0.0,179.95,1.0,1.0,1029.791758020001,1000.0,1030.610558020001,1000.0,0.03939602320958956,0.0
677,1644597480000.0,0.0,0.0,0.23,176.39,0.0,0.0,178.55,1.0,1.0,1029.791758020001,1000.0,1030.288558020001,1000.0,0.03939602320958956,0.0
678,1644601080000.0,0.0,0.0,0.23,176.39,0.0,0.0,178.95,1.0,1.0,1029.791758020001,1000.0,1030.380558020001,1000.0,0.03939602320958956,0.0
679,1644604680000.0,0.0,0.0,0.23,176.39,0.0,0.0,176.05,1.0,1.0,1029.791758020001,1000.0,1029.713558020001,1000.0,0.03939602320958956,0.0
680,1644608280000.0,0.0,0.0,0.23,176.39,0.0,0.0,172.6,1.0,1.0,1029.791758020001,1000.0,1028.920058020001,1000.0,0.03939602320958956,0.0
681,1644611880000.0,0.0,0.0,0.47,172.65723404255317,0.0,0.0,168.95,1.0,1.0,1029.783642180001,1000.0,1028.0412421800008,1000.0,0.07880189262689373,0.0
682,1644615480000.0,0.0,0.0,0.47,172.65723404255317,0.0,0.0,168.0,1.0,1.0,1029.783642180001,1000.0,1027.5947421800008,1000.0,0.07880189262689373,0.0
683,1644619080000.0,0.0,0.0,0.47,172.65723404255317,0.0,0.0,167.5,1.0,1.0,1029.783642180001,1000.0,1027.359742180001,1000.0,0.07880189262689373,0.0
684,1644622680000.0,0.0,0.0,0.47,172.65723404255317,0.0,0.0,168.45,1.0,1.0,1029.783642180001,1000.0,1027.806242180001,1000.0,0.07880189262689373,0.0
685,1644626280000.0,0.0,0.0,0.47,172.65723404255317,0.0,0.0,169.25,1.0,1.0,1029.783642180001,1000.0,1028.182242180001,1000.0,0.07880189262689373,0.0
686,1644629880000.0,0.0,0.0,0.47,172.65723404255317,0.0,0.0,170.25,1.0,1.0,1029.783642180001,1000.0,1028.652242180001,1000.0,0.07880189262689373,0.0
687,1644633480000.0,0.0,0.0,0.47,172.65723404255317,0.0,0.0,168.95,1.0,1.0,1029.783642180001,1000.0,1028.0412421800008,1000.0,0.07880189262689373,0.0
688,1644637080000.0,0.0,0.0,0.47,172.65723404255317,0.0,0.0,167.9,1.0,1.0,1029.783642180001,1000.0,1027.547742180001,1000.0,0.07880189262689373,0.0
689,1644640680000.0,0.0,0.0,0.47,172.65723404255317,0.0,0.0,168.55,1.0,1.0,1029.783642180001,1000.0,1027.853242180001,1000.0,0.07880189262689373,0.0
690,1644644280000.0,0.0,0.0,0.47,172.65723404255317,0.0,0.0,167.45,1.0,1.0,1029.783642180001,1000.0,1027.336242180001,1000.0,0.07880189262689373,0.0
691,1644647880000.0,0.0,0.0,0.47,172.65723404255317,0.0,0.0,165.45,1.0,1.0,1029.783642180001,1000.0,1026.3962421800009,1000.0,0.07880189262689373,0.0
692,1644651480000.0,0.0,0.0,0.47,172.65723404255317,0.0,0.0,165.65,1.0,1.0,1029.783642180001,1000.0,1026.490242180001,1000.0,0.07880189262689373,0.0
693,1644655080000.0,0.0,0.0,0.47,172.65723404255317,0.0,0.0,167.7,1.0,1.0,1029.783642180001,1000.0,1027.453742180001,1000.0,0.07880189262689373,0.0
694,1644658680000.0,0.0,0.0,0.47,172.65723404255317,0.0,0.0,169.0,1.0,1.0,1029.783642180001,1000.0,1028.0647421800008,1000.0,0.07880189262689373,0.0
695,1644662280000.0,0.0,0.0,0.47,172.65723404255317,0.0,0.0,167.95,1.0,1.0,1029.783642180001,1000.0,1027.571242180001,1000.0,0.07880189262689373,0.0
696,1644665880000.0,0.0,0.0,0.47,172.65723404255317,0.0,0.0,167.3,1.0,1.0,1029.783642180001,1000.0,1027.2657421800009,1000.0,0.07880189262689373,0.0
697,1644669480000.0,0.0,0.0,0.47,172.65723404255317,0.0,0.0,168.9,1.0,1.0,1029.783642180001,1000.0,1028.017742180001,1000.0,0.07880189262689373,0.0
698,1644673080000.0,0.0,0.0,0.47,172.65723404255317,0.0,0.0,168.8,1.0,1.0,1029.783642180001,1000.0,1027.970742180001,1000.0,0.07880189262689373,0.0
699,1644676680000.0,0.0,0.0,0.47,172.65723404255317,0.0,0.0,166.85,1.0,1.0,1029.783642180001,1000.0,1027.054242180001,1000.0,0.07880189262689373,0.0
700,1644680280000.0,0.0,0.0,0.47,172.65723404255317,0.0,0.0,168.75,1.0,1.0,1029.783642180001,1000.0,1027.947242180001,1000.0,0.07880189262689373,0.0
701,1644683880000.0,0.0,0.0,0.47,172.65723404255317,0.0,0.0,170.1,1.0,1.0,1029.783642180001,1000.0,1028.581742180001,1000.0,0.07880189262689373,0.0
702,1644687480000.0,0.0,0.0,0.47,172.65723404255317,0.0,0.0,173.1,1.0,1.0,1029.783642180001,1000.0,1029.991742180001,1000.0,0.07880189262689373,0.0
703,1644691080000.0,0.0,0.0,0.47,172.65723404255317,0.0,0.0,173.5,1.0,1.0,1029.783642180001,1000.0,1030.1797421800009,1000.0,0.07880189262689373,0.0
704,1644694680000.0,0.0,0.0,0.47,172.65723404255317,0.0,0.0,173.2,1.0,1.0,1029.783642180001,1000.0,1030.038742180001,1000.0,0.07880189262689373,0.0
705,1644698280000.0,0.0,0.0,0.47,172.65723404255317,0.0,0.0,174.45,1.0,1.0,1029.783642180001,1000.0,1030.6262421800009,1000.0,0.07880189262689373,0.0
706,1644701880000.0,0.0,0.0,0.47,172.65723404255317,0.0,0.0,172.6,1.0,1.0,1029.783642180001,1000.0,1029.7567421800009,1000.0,0.07880189262689373,0.0
707,1644705480000.0,0.0,0.0,0.47,172.65723404255317,0.0,0.0,173.9,1.0,1.0,1029.783642180001,1000.0,1030.367742180001,1000.0,0.07880189262689373,0.0
708,1644709080000.0,0.0,0.0,0.47,172.65723404255317,0.0,0.0,173.15,1.0,1.0,1029.783642180001,1000.0,1030.015242180001,1000.0,0.07880189262689373,0.0
709,1644712680000.0,0.0,0.0,0.47,172.65723404255317,0.0,0.0,173.4,1.0,1.0,1029.783642180001,1000.0,1030.1327421800008,1000.0,0.07880189262689373,0.0
710,1644716280000.0,0.0,0.0,0.47,172.65723404255317,0.0,0.0,172.15,1.0,1.0,1029.783642180001,1000.0,1029.545242180001,1000.0,0.07880189262689373,0.0
711,1644719880000.0,0.0,0.0,0.47,172.65723404255317,0.0,0.0,171.25,1.0,1.0,1029.783642180001,1000.0,1029.122242180001,1000.0,0.07880189262689373,0.0
712,1644723480000.0,0.0,0.0,0.47,172.65723404255317,0.0,0.0,172.25,1.0,1.0,1029.783642180001,1000.0,1029.592242180001,1000.0,0.07880189262689373,0.0
713,1644727080000.0,0.0,0.0,0.47,172.65723404255317,0.0,0.0,171.55,1.0,1.0,1029.783642180001,1000.0,1029.263242180001,1000.0,0.07880189262689373,0.0
714,1644730680000.0,0.0,0.0,0.47,172.65723404255317,0.0,0.0,171.6,1.0,1.0,1029.783642180001,1000.0,1029.2867421800008,1000.0,0.07880189262689373,0.0
715,1644734280000.0,0.0,0.0,0.47,172.65723404255317,0.0,0.0,171.3,1.0,1.0,1029.783642180001,1000.0,1029.145742180001,1000.0,0.07880189262689373,0.0
716,1644737880000.0,0.0,0.0,0.47,172.65723404255317,0.0,0.0,172.2,1.0,1.0,1029.783642180001,1000.0,1029.568742180001,1000.0,0.07880189262689373,0.0
717,1644741480000.0,0.0,0.0,0.47,172.65723404255317,0.0,0.0,172.85,1.0,1.0,1029.783642180001,1000.0,1029.874242180001,1000.0,0.07880189262689373,0.0
718,1644745080000.0,0.0,0.0,0.47,172.65723404255317,0.0,0.0,173.0,1.0,1.0,1029.783642180001,1000.0,1029.944742180001,1000.0,0.07880189262689373,0.0
719,1644748680000.0,0.0,0.0,0.47,172.65723404255317,0.0,0.0,173.85,1.0,1.0,1029.783642180001,1000.0,1030.344242180001,1000.0,0.07880189262689373,0.0
720,1644752280000.0,0.0,0.0,0.47,172.65723404255317,0.0,0.0,174.0,1.0,1.0,1029.783642180001,1000.0,1030.414742180001,1000.0,0.07880189262689373,0.0
721,1644755880000.0,0.0,0.0,0.47,172.65723404255317,0.0,0.0,174.35,1.0,1.0,1029.783642180001,1000.0,1030.5792421800008,1000.0,0.07880189262689373,0.0
722,1644759480000.0,0.0,0.0,0.47,172.65723404255317,0.0,0.0,174.05,1.0,1.0,1029.783642180001,1000.0,1030.438242180001,1000.0,0.07880189262689373,0.0
723,1644763080000.0,0.0,0.0,0.47,172.65723404255317,0.0,0.0,173.05,1.0,1.0,1029.783642180001,1000.0,1029.968242180001,1000.0,0.07880189262689373,0.0
724,1644766680000.0,0.0,0.0,0.47,172.65723404255317,0.0,0.0,174.45,1.0,1.0,1029.783642180001,1000.0,1030.6262421800009,1000.0,0.07880189262689373,0.0
725,1644770280000.0,0.0,0.0,0.47,172.65723404255317,0.0,0.0,172.35,1.0,1.0,1029.783642180001,1000.0,1029.639242180001,1000.0,0.07880189262689373,0.0
726,1644773880000.0,0.0,0.0,0.47,172.65723404255317,0.0,0.0,171.15,1.0,1.0,1029.783642180001,1000.0,1029.075242180001,1000.0,0.07880189262689373,0.0
727,1644777480000.0,0.0,0.0,0.47,172.65723404255317,0.0,0.0,173.05,1.0,1.0,1029.783642180001,1000.0,1029.968242180001,1000.0,0.07880189262689373,0.0
728,1644781080000.0,0.0,0.0,0.47,172.65723404255317,0.0,0.0,172.5,1.0,1.0,1029.783642180001,1000.0,1029.7097421800008,1000.0,0.07880189262689373,0.0
729,1644784680000.0,0.0,0.0,0.47,172.65723404255317,0.0,0.0,173.0,1.0,1.0,1029.783642180001,1000.0,1029.944742180001,1000.0,0.07880189262689373,0.0
730,1644788280000.0,0.0,0.0,0.47,172.65723404255317,0.0,0.0,172.3,1.0,1.0,1029.783642180001,1000.0,1029.615742180001,1000.0,0.07880189262689373,0.0
731,1644791880000.0,0.0,0.0,0.47,172.65723404255317,0.0,0.0,174.6,1.0,1.0,1029.783642180001,1000.0,1030.696742180001,1000.0,0.07880189262689373,0.0
732,1644795480000.0,0.0,0.0,0.47,172.65723404255317,0.0,0.0,173.65,1.0,1.0,1029.783642180001,1000.0,1030.250242180001,1000.0,0.07880189262689373,0.0
733,1644799080000.0,0.0,0.0,0.47,172.65723404255317,0.0,0.0,173.5,1.0,1.0,1029.783642180001,1000.0,1030.1797421800009,1000.0,0.07880189262689373,0.0
734,1644802680000.0,0.0,0.0,0.47,172.65723404255317,0.0,0.0,170.1,1.0,1.0,1029.783642180001,1000.0,1028.581742180001,1000.0,0.07880189262689373,0.0
735,1644806280000.0,0.0,0.0,0.47,172.65723404255317,0.0,0.0,169.55,1.0,1.0,1029.783642180001,1000.0,1028.323242180001,1000.0,0.07880189262689373,0.0
736,1644809880000.0,0.0,0.0,0.47,172.65723404255317,0.0,0.0,168.85,1.0,1.0,1029.783642180001,1000.0,1027.994242180001,1000.0,0.07880189262689373,0.0
737,1644813480000.0,0.0,0.0,0.47,172.65723404255317,0.0,0.0,168.8,1.0,1.0,1029.783642180001,1000.0,1027.970742180001,1000.0,0.07880189262689373,0.0
738,1644817080000.0,0.0,0.0,0.47,172.65723404255317,0.0,0.0,168.75,1.0,1.0,1029.783642180001,1000.0,1027.947242180001,1000.0,0.07880189262689373,0.0
739,1644820680000.0,0.0,0.0,0.47,172.65723404255317,0.0,0.0,169.25,1.0,1.0,1029.783642180001,1000.0,1028.182242180001,1000.0,0.07880189262689373,0.0
740,1644824280000.0,0.0,0.0,0.47,172.65723404255317,0.0,0.0,170.8,1.0,1.0,1029.783642180001,1000.0,1028.9107421800009,1000.0,0.07880189262689373,0.0
741,1644827880000.0,0.0,0.0,0.47,172.65723404255317,0.0,0.0,170.5,1.0,1.0,1029.783642180001,1000.0,1028.769742180001,1000.0,0.07880189262689373,0.0
742,1644831480000.0,0.0,0.0,0.47,172.65723404255317,0.0,0.0,171.0,1.0,1.0,1029.783642180001,1000.0,1029.004742180001,1000.0,0.07880189262689373,0.0
743,1644835080000.0,0.0,0.0,0.47,172.65723404255317,0.0,0.0,171.25,1.0,1.0,1029.783642180001,1000.0,1029.122242180001,1000.0,0.07880189262689373,0.0
744,1644838680000.0,0.0,0.0,0.47,172.65723404255317,0.0,0.0,171.85,1.0,1.0,1029.783642180001,1000.0,1029.404242180001,1000.0,0.07880189262689373,0.0
745,1644842280000.0,0.0,0.0,0.47,172.65723404255317,0.0,0.0,171.65,1.0,1.0,1029.783642180001,1000.0,1029.3102421800008,1000.0,0.07880189262689373,0.0
746,1644845880000.0,0.0,0.0,0.47,172.65723404255317,0.0,0.0,173.65,1.0,1.0,1029.783642180001,1000.0,1030.250242180001,1000.0,0.07880189262689373,0.0
747,1644849480000.0,0.0,0.0,0.47,172.65723404255317,0.0,0.0,174.8,1.0,1.0,1029.783642180001,1000.0,1030.790742180001,1000.0,0.07880189262689373,0.0
748,1644853080000.0,0.0,0.0,0.47,172.65723404255317,0.0,0.0,174.5,1.0,1.0,1029.783642180001,1000.0,1030.6497421800009,1000.0,0.07880189262689373,0.0
749,1644856680000.0,0.0,0.0,0.47,172.65723404255317,0.0,0.0,175.75,1.0,1.0,1029.783642180001,1000.0,1031.237242180001,1000.0,0.07880189262689373,0.0
750,1644860280000.0,0.0,0.0,0.47,172.65723404255317,0.0,0.0,176.15,1.0,1.0,1029.783642180001,1000.0,1031.4252421800009,1000.0,0.07880189262689373,0.0
751,1644863880000.0,0.0,0.0,0.47,172.65723404255317,0.0,0.0,175.95,1.0,1.0,1029.783642180001,1000.0,1031.331242180001,1000.0,0.07880189262689373,0.0
752,1644867480000.0,0.0,0.0,0.47,172.65723404255317,0.0,0.0,173.6,1.0,1.0,1029.783642180001,1000.0,1030.2267421800009,1000.0,0.07880189262689373,0.0
753,1644871080000.0,0.0,0.0,0.47,172.65723404255317,0.0,0.0,172.95,1.0,1.0,1029.783642180001,1000.0,1029.921242180001,1000.0,0.07880189262689373,0.0
754,1644874680000.0,0.0,0.0,0.47,172.65723404255317,0.0,0.0,173.75,1.0,1.0,1029.783642180001,1000.0,1030.297242180001,1000.0,0.07880189262689373,0.0
755,1644878280000.0,0.0,0.0,0.47,172.65723404255317,0.0,0.0,176.3,1.0,1.0,1029.783642180001,1000.0,1031.495742180001,1000.0,0.07880189262689373,0.0
756,1644881880000.0,0.0,0.0,0.47,172.65723404255317,0.0,0.0,176.75,1.0,1.0,1029.783642180001,1000.0,1031.707242180001,1000.0,0.07880189262689373,0.0
757,1644885480000.0,0.0,0.0,0.47,172.65723404255317,0.0,0.0,175.7,1.0,1.0,1029.783642180001,1000.0,1031.213742180001,1000.0,0.07880189262689373,0.0
758,1644889080000.0,0.0,0.0,0.22,172.65723404255317,0.0,0.0,179.05,1.0,1.0,1031.0704416693627,1000.0,1032.476850180001,1000.0,0.03683995773156143,0.0
759,1644892680000.0,0.0,0.0,0.07,172.65723404255317,0.0,0.0,177.5,1.0,1.0,1031.84252136298,1000.0,1032.1815149800013,1000.0,0.011713033852311195,0.0
760,1644896280000.0,0.0,0.0,0.07,172.65723404255317,0.0,0.0,176.0,1.0,1.0,1031.84252136298,1000.0,1032.0765149800013,1000.0,0.011713033852311195,0.0
761,1644899880000.0,0.0,0.0,0.07,172.65723404255317,0.0,0.0,174.6,1.0,1.0,1031.84252136298,1000.0,1031.9785149800014,1000.0,0.011713033852311195,0.0
762,1644903480000.0,0.0,0.0,0.07,172.65723404255317,0.0,0.0,175.2,1.0,1.0,1031.84252136298,1000.0,1032.0205149800013,1000.0,0.011713033852311195,0.0
763,1644907080000.0,0.0,0.0,0.07,172.65723404255317,0.0,0.0,174.75,1.0,1.0,1031.84252136298,1000.0,1031.9890149800012,1000.0,0.011713033852311195,0.0
764,1644910680000.0,0.0,0.0,0.07,172.65723404255317,0.0,0.0,175.25,1.0,1.0,1031.84252136298,1000.0,1032.0240149800013,1000.0,0.011713033852311195,0.0
765,1644914280000.0,0.0,0.0,0.05,172.65723404255317,0.0,0.0,178.2,1.0,1.0,1031.945465322129,1000.0,1032.2226036200013,1000.0,0.008365618138001945,0.0
766,1644917880000.0,0.0,0.0,0.04,172.65723404255317,0.0,0.0,179.0,1.0,1.0,1031.9969373017034,1000.0,1032.2506479400013,1000.0,0.006692160714894718,0.0
767,1644921480000.0,0.0,0.0,0.04,172.65723404255317,0.0,0.0,179.85,1.0,1.0,1031.9969373017034,1000.0,1032.2846479400012,1000.0,0.006692160714894718,0.0
768,1644925080000.0,0.0,0.0,0.04,172.65723404255317,0.0,0.0,179.9,1.0,1.0,1031.9969373017034,1000.0,1032.2866479400013,1000.0,0.006692160714894718,0.0
769,1644928680000.0,0.0,0.0,0.04,172.65723404255317,0.0,0.0,179.2,1.0,1.0,1031.9969373017034,1000.0,1032.2586479400013,1000.0,0.006692160714894718,0.0
770,1644932280000.0,0.0,0.0,0.04,172.65723404255317,0.0,0.0,179.5,1.0,1.0,1031.9969373017034,1000.0,1032.2706479400013,1000.0,0.006692160714894718,0.0
771,1644935880000.0,0.0,0.0,0.02,172.65723404255317,0.0,0.0,181.6,1.0,1.0,1032.1836645008523,1000.0,1032.3625198200011,1000.0,0.0033454750347371074,0.0
772,1644939480000.0,0.0,0.0,0.0,172.65723404255317,0.0,0.0,181.7,1.0,1.0,1032.370391700001,1000.0,1032.370391700001,1000.0,0.0,0.0
773,1644943080000.0,0.0,0.0,0.0,172.65723404255317,0.0,0.0,180.7,1.0,1.0,1032.370391700001,1000.0,1032.370391700001,1000.0,0.0,0.0
774,1644946680000.0,0.0,0.0,0.0,172.65723404255317,0.0,0.0,179.6,1.0,1.0,1032.370391700001,1000.0,1032.370391700001,1000.0,0.0,0.0
775,1644950280000.0,0.0,0.0,0.0,172.65723404255317,0.0,0.0,179.65,1.0,1.0,1032.370391700001,1000.0,1032.370391700001,1000.0,0.0,0.0
776,1644953880000.0,0.0,0.0,0.0,172.65723404255317,0.0,0.0,179.85,1.0,1.0,1032.370391700001,1000.0,1032.370391700001,1000.0,0.0,0.0
777,1644957480000.0,0.0,0.0,0.0,172.65723404255317,0.0,0.0,179.5,1.0,1.0,1032.370391700001,1000.0,1032.370391700001,1000.0,0.0,0.0
778,1644961080000.0,0.0,0.0,0.0,172.65723404255317,0.0,0.0,178.85,1.0,1.0,1032.370391700001,1000.0,1032.370391700001,1000.0,0.0,0.0
779,1644964680000.0,0.0,0.0,0.0,172.65723404255317,0.0,0.0,181.05,1.0,1.0,1032.370391700001,1000.0,1032.370391700001,1000.0,0.0,0.0
780,1644968280000.0,0.0,0.0,0.0,172.65723404255317,0.0,0.0,182.3,1.0,1.0,1032.370391700001,1000.0,1032.370391700001,1000.0,0.0,0.0
781,1644971880000.0,0.0,0.0,0.0,172.65723404255317,0.0,0.0,181.3,1.0,1.0,1032.370391700001,1000.0,1032.370391700001,1000.0,0.0,0.0
782,1644975480000.0,0.0,0.0,0.0,172.65723404255317,0.0,0.0,180.7,1.0,1.0,1032.370391700001,1000.0,1032.370391700001,1000.0,0.0,0.0
783,1644979080000.0,0.0,0.0,0.0,172.65723404255317,0.0,0.0,181.2,1.0,1.0,1032.370391700001,1000.0,1032.370391700001,1000.0,0.0,0.0
784,1644982680000.0,0.0,0.0,0.0,172.65723404255317,0.0,0.0,180.6,1.0,1.0,1032.370391700001,1000.0,1032.370391700001,1000.0,0.0,0.0
785,1644986280000.0,0.0,0.0,0.0,172.65723404255317,0.0,0.0,178.75,1.0,1.0,1032.370391700001,1000.0,1032.370391700001,1000.0,0.0,0.0
786,1644989880000.0,0.0,0.0,0.0,172.65723404255317,0.0,0.0,180.85,1.0,1.0,1032.370391700001,1000.0,1032.370391700001,1000.0,0.0,0.0
787,1644993480000.0,0.0,0.0,0.0,172.65723404255317,0.0,0.0,181.0,1.0,1.0,1032.370391700001,1000.0,1032.370391700001,1000.0,0.0,0.0
788,1644997080000.0,0.0,0.0,0.0,172.65723404255317,0.0,0.0,180.0,1.0,1.0,1032.370391700001,1000.0,1032.370391700001,1000.0,0.0,0.0
789,1645000680000.0,0.0,0.0,0.0,172.65723404255317,0.0,0.0,181.8,1.0,1.0,1032.370391700001,1000.0,1032.370391700001,1000.0,0.0,0.0
790,1645004280000.0,0.0,0.0,0.0,172.65723404255317,0.0,0.0,181.8,1.0,1.0,1032.370391700001,1000.0,1032.370391700001,1000.0,0.0,0.0
791,1645007880000.0,0.0,0.0,0.0,172.65723404255317,0.0,0.0,179.45,1.0,1.0,1032.370391700001,1000.0,1032.370391700001,1000.0,0.0,0.0
792,1645011480000.0,0.0,0.0,0.0,172.65723404255317,0.0,0.0,180.9,1.0,1.0,1032.370391700001,1000.0,1032.370391700001,1000.0,0.0,0.0
793,1645015080000.0,0.0,0.0,0.0,172.65723404255317,0.0,0.0,180.55,1.0,1.0,1032.370391700001,1000.0,1032.370391700001,1000.0,0.0,0.0
794,1645018680000.0,0.0,0.0,0.0,172.65723404255317,0.0,0.0,179.45,1.0,1.0,1032.370391700001,1000.0,1032.370391700001,1000.0,0.0,0.0
795,1645022280000.0,0.0,0.0,0.0,172.65723404255317,0.0,0.0,178.85,1.0,1.0,1032.370391700001,1000.0,1032.370391700001,1000.0,0.0,0.0
796,1645025880000.0,0.0,0.0,0.0,172.65723404255317,0.0,0.0,179.2,1.0,1.0,1032.370391700001,1000.0,1032.370391700001,1000.0,0.0,0.0
797,1645029480000.0,0.0,0.0,0.0,172.65723404255317,0.0,0.0,180.65,1.0,1.0,1032.370391700001,1000.0,1032.370391700001,1000.0,0.0,0.0
798,1645033080000.0,0.0,0.0,0.0,172.65723404255317,0.0,0.0,182.45,1.0,1.0,1032.370391700001,1000.0,1032.370391700001,1000.0,0.0,0.0
799,1645036680000.0,0.0,0.0,0.0,172.65723404255317,0.0,0.0,183.15,1.0,1.0,1032.370391700001,1000.0,1032.370391700001,1000.0,0.0,0.0
800,1645040280000.0,0.0,0.0,0.0,172.65723404255317,0.0,0.0,182.5,1.0,1.0,1032.370391700001,1000.0,1032.370391700001,1000.0,0.0,0.0
801,1645043880000.0,0.0,0.0,0.0,172.65723404255317,0.0,0.0,182.25,1.0,1.0,1032.370391700001,1000.0,1032.370391700001,1000.0,0.0,0.0
802,1645047480000.0,0.0,0.0,0.0,172.65723404255317,0.0,0.0,181.55,1.0,1.0,1032.370391700001,1000.0,1032.370391700001,1000.0,0.0,0.0
803,1645051080000.0,0.0,0.0,0.0,172.65723404255317,0.0,0.0,181.35,1.0,1.0,1032.370391700001,1000.0,1032.370391700001,1000.0,0.0,0.0
804,1645054680000.0,0.0,0.0,0.0,172.65723404255317,0.0,0.0,180.2,1.0,1.0,1032.370391700001,1000.0,1032.370391700001,1000.0,0.0,0.0
805,1645058280000.0,0.0,0.0,0.0,172.65723404255317,0.0,0.0,179.75,1.0,1.0,1032.370391700001,1000.0,1032.370391700001,1000.0,0.0,0.0
806,1645061880000.0,0.0,0.0,0.0,172.65723404255317,0.0,0.0,180.35,1.0,1.0,1032.370391700001,1000.0,1032.370391700001,1000.0,0.0,0.0
807,1645065480000.0,0.0,0.0,0.0,172.65723404255317,0.0,0.0,180.05,1.0,1.0,1032.370391700001,1000.0,1032.370391700001,1000.0,0.0,0.0
808,1645069080000.0,0.0,0.0,0.0,172.65723404255317,0.0,0.0,180.25,1.0,1.0,1032.370391700001,1000.0,1032.370391700001,1000.0,0.0,0.0
809,1645072680000.0,0.0,0.0,0.0,172.65723404255317,0.0,0.0,177.7,1.0,1.0,1032.370391700001,1000.0,1032.370391700001,1000.0,0.0,0.0
810,1645076280000.0,0.0,0.0,0.0,172.65723404255317,0.0,0.0,177.55,1.0,1.0,1032.370391700001,1000.0,1032.370391700001,1000.0,0.0,0.0
811,1645079880000.0,0.0,0.0,0.0,172.65723404255317,0.0,0.0,177.65,1.0,1.0,1032.370391700001,1000.0,1032.370391700001,1000.0,0.0,0.0
812,1645083480000.0,0.0,0.0,0.0,172.65723404255317,0.0,0.0,178.0,1.0,1.0,1032.370391700001,1000.0,1032.370391700001,1000.0,0.0,0.0
813,1645087080000.0,0.0,0.0,0.0,172.65723404255317,0.0,0.0,177.4,1.0,1.0,1032.370391700001,1000.0,1032.370391700001,1000.0,0.0,0.0
814,1645090680000.0,0.0,0.0,0.0,172.65723404255317,0.0,0.0,176.65,1.0,1.0,1032.370391700001,1000.0,1032.370391700001,1000.0,0.0,0.0
815,1645094280000.0,0.0,0.0,0.0,172.65723404255317,0.0,0.0,176.65,1.0,1.0,1032.370391700001,1000.0,1032.370391700001,1000.0,0.0,0.0
816,1645097880000.0,0.0,0.0,0.0,172.65723404255317,0.0,0.0,176.6,1.0,1.0,1032.370391700001,1000.0,1032.370391700001,1000.0,0.0,0.0
817,1645101480000.0,0.0,0.0,0.0,172.65723404255317,0.0,0.0,175.95,1.0,1.0,1032.370391700001,1000.0,1032.370391700001,1000.0,0.0,0.0
818,1645105080000.0,0.0,0.0,0.0,172.65723404255317,0.0,0.0,173.9,1.0,1.0,1032.370391700001,1000.0,1032.370391700001,1000.0,0.0,0.0
819,1645108680000.0,0.0,0.0,0.24,172.57,0.0,0.0,173.45,1.0,1.0,1032.362108340001,1000.0,1032.573308340001,1000.0,0.040118481359797904,0.0
820,1645112280000.0,0.0,0.0,0.24,172.57,0.0,0.0,172.2,1.0,1.0,1032.362108340001,1000.0,1032.273308340001,1000.0,0.040118481359797904,0.0
821,1645115880000.0,0.0,0.0,0.24,172.57,0.0,0.0,173.15,1.0,1.0,1032.362108340001,1000.0,1032.501308340001,1000.0,0.040118481359797904,0.0
822,1645119480000.0,0.0,0.0,0.24,172.57,0.0,0.0,170.6,1.0,1.0,1032.362108340001,1000.0,1031.889308340001,1000.0,0.040118481359797904,0.0
823,1645123080000.0,0.0,0.0,0.49,168.9016326530612,0.0,0.0,165.4,1.0,1.0,1032.353839340001,1000.0,1030.6380393400011,1000.0,0.08016805560863784,0.0
824,1645126680000.0,0.0,0.0,0.49,168.9016326530612,0.0,0.0,167.0,1.0,1.0,1032.353839340001,1000.0,1031.422039340001,1000.0,0.08016805560863784,0.0
825,1645130280000.0,0.0,0.0,0.49,168.9016326530612,0.0,0.0,165.9,1.0,1.0,1032.353839340001,1000.0,1030.883039340001,1000.0,0.08016805560863784,0.0
826,1645133880000.0,0.0,0.0,0.49,168.9016326530612,0.0,0.0,165.85,1.0,1.0,1032.353839340001,1000.0,1030.858539340001,1000.0,0.08016805560863784,0.0
827,1645137480000.0,0.0,0.0,0.49,168.9016326530612,0.0,0.0,164.0,1.0,1.0,1032.353839340001,1000.0,1029.952039340001,1000.0,0.08016805560863784,0.0
828,1645141080000.0,0.0,0.0,0.49,168.9016326530612,0.0,0.0,163.05,1.0,1.0,1032.353839340001,1000.0,1029.4865393400012,1000.0,0.08016805560863784,0.0
829,1645144680000.0,0.0,0.0,0.49,168.9016326530612,0.0,0.0,162.95,1.0,1.0,1032.353839340001,1000.0,1029.437539340001,1000.0,0.08016805560863784,0.0
830,1645148280000.0,0.0,0.0,0.49,168.9016326530612,0.0,0.0,163.8,1.0,1.0,1032.353839340001,1000.0,1029.854039340001,1000.0,0.08016805560863784,0.0
831,1645151880000.0,0.0,0.0,0.49,168.9016326530612,0.0,0.0,163.85,1.0,1.0,1032.353839340001,1000.0,1029.878539340001,1000.0,0.08016805560863784,0.0
832,1645155480000.0,0.0,0.0,0.49,168.9016326530612,0.0,0.0,164.15,1.0,1.0,1032.353839340001,1000.0,1030.0255393400012,1000.0,0.08016805560863784,0.0
833,1645159080000.0,0.0,0.0,0.49,168.9016326530612,0.0,0.0,164.7,1.0,1.0,1032.353839340001,1000.0,1030.295039340001,1000.0,0.08016805560863784,0.0
834,1645162680000.0,0.0,0.0,0.49,168.9016326530612,0.0,0.0,165.05,1.0,1.0,1032.353839340001,1000.0,1030.466539340001,1000.0,0.08016805560863784,0.0
835,1645166280000.0,0.0,0.0,0.49,168.9016326530612,0.0,0.0,163.65,1.0,1.0,1032.353839340001,1000.0,1029.780539340001,1000.0,0.08016805560863784,0.0
836,1645169880000.0,0.0,0.0,0.49,168.9016326530612,0.0,0.0,163.3,1.0,1.0,1032.353839340001,1000.0,1029.6090393400011,1000.0,0.08016805560863784,0.0
837,1645173480000.0,0.0,0.0,0.49,168.9016326530612,0.0,0.0,164.85,1.0,1.0,1032.353839340001,1000.0,1030.368539340001,1000.0,0.08016805560863784,0.0
838,1645177080000.0,0.0,0.0,0.49,168.9016326530612,0.0,0.0,165.85,1.0,1.0,1032.353839340001,1000.0,1030.858539340001,1000.0,0.08016805560863784,0.0
839,1645180680000.0,0.0,0.0,0.49,168.9016326530612,0.0,0.0,164.2,1.0,1.0,1032.353839340001,1000.0,1030.0500393400011,1000.0,0.08016805560863784,0.0
840,1645184280000.0,0.0,0.0,0.49,168.9016326530612,0.0,0.0,163.5,1.0,1.0,1032.353839340001,1000.0,1029.707039340001,1000.0,0.08016805560863784,0.0
841,1645187880000.0,0.0,0.0,0.49,168.9016326530612,0.0,0.0,163.4,1.0,1.0,1032.353839340001,1000.0,1029.658039340001,1000.0,0.08016805560863784,0.0
842,1645191480000.0,0.0,0.0,0.49,168.9016326530612,0.0,0.0,163.45,1.0,1.0,1032.353839340001,1000.0,1029.682539340001,1000.0,0.08016805560863784,0.0
843,1645195080000.0,0.0,0.0,0.49,168.9016326530612,0.0,0.0,161.75,1.0,1.0,1032.353839340001,1000.0,1028.849539340001,1000.0,0.08016805560863784,0.0
844,1645198680000.0,0.0,0.0,0.49,168.9016326530612,0.0,0.0,161.8,1.0,1.0,1032.353839340001,1000.0,1028.874039340001,1000.0,0.08016805560863784,0.0
845,1645202280000.0,0.0,0.0,0.49,168.9016326530612,0.0,0.0,161.35,1.0,1.0,1032.353839340001,1000.0,1028.653539340001,1000.0,0.08016805560863784,0.0
846,1645205880000.0,0.0,0.0,0.75,165.59733333333332,0.0,0.0,159.35,1.0,1.0,1032.345552100001,1000.0,1027.660052100001,1000.0,0.12030661608155911,0.0
847,1645209480000.0,0.0,0.0,0.75,165.59733333333332,0.0,0.0,162.1,1.0,1.0,1032.345552100001,1000.0,1029.722552100001,1000.0,0.12030661608155911,0.0
848,1645213080000.0,0.0,0.0,0.75,165.59733333333332,0.0,0.0,161.45,1.0,1.0,1032.345552100001,1000.0,1029.235052100001,1000.0,0.12030661608155911,0.0
849,1645216680000.0,0.0,0.0,0.75,165.59733333333332,0.0,0.0,159.65,1.0,1.0,1032.345552100001,1000.0,1027.885052100001,1000.0,0.12030661608155911,0.0
850,1645220280000.0,0.0,0.0,0.75,165.59733333333332,0.0,0.0,161.05,1.0,1.0,1032.345552100001,1000.0,1028.935052100001,1000.0,0.12030661608155911,0.0
851,1645223880000.0,0.0,0.0,0.75,165.59733333333332,0.0,0.0,159.05,1.0,1.0,1032.345552100001,1000.0,1027.435052100001,1000.0,0.12030661608155911,0.0
852,1645227480000.0,0.0,0.0,0.75,165.59733333333332,0.0,0.0,159.75,1.0,1.0,1032.345552100001,1000.0,1027.960052100001,1000.0,0.12030661608155911,0.0
853,1645231080000.0,0.0,0.0,0.75,165.59733333333332,0.0,0.0,161.25,1.0,1.0,1032.345552100001,1000.0,1029.085052100001,1000.0,0.12030661608155911,0.0
854,1645234680000.0,0.0,0.0,0.75,165.59733333333332,0.0,0.0,161.25,1.0,1.0,1032.345552100001,1000.0,1029.085052100001,1000.0,0.12030661608155911,0.0
855,1645238280000.0,0.0,0.0,0.75,165.59733333333332,0.0,0.0,160.9,1.0,1.0,1032.345552100001,1000.0,1028.822552100001,1000.0,0.12030661608155911,0.0
856,1645241880000.0,0.0,0.0,0.75,165.59733333333332,0.0,0.0,160.25,1.0,1.0,1032.345552100001,1000.0,1028.335052100001,1000.0,0.12030661608155911,0.0
857,1645245480000.0,0.0,0.0,0.75,165.59733333333332,0.0,0.0,161.15,1.0,1.0,1032.345552100001,1000.0,1029.010052100001,1000.0,0.12030661608155911,0.0
858,1645249080000.0,0.0,0.0,0.75,165.59733333333332,0.0,0.0,161.55,1.0,1.0,1032.345552100001,1000.0,1029.310052100001,1000.0,0.12030661608155911,0.0
859,1645252680000.0,0.0,0.0,0.75,165.59733333333332,0.0,0.0,162.7,1.0,1.0,1032.345552100001,1000.0,1030.172552100001,1000.0,0.12030661608155911,0.0
860,1645256280000.0,0.0,0.0,0.75,165.59733333333332,0.0,0.0,162.5,1.0,1.0,1032.345552100001,1000.0,1030.022552100001,1000.0,0.12030661608155911,0.0
861,1645259880000.0,0.0,0.0,0.75,165.59733333333332,0.0,0.0,162.2,1.0,1.0,1032.345552100001,1000.0,1029.797552100001,1000.0,0.12030661608155911,0.0
862,1645263480000.0,0.0,0.0,0.75,165.59733333333332,0.0,0.0,162.7,1.0,1.0,1032.345552100001,1000.0,1030.172552100001,1000.0,0.12030661608155911,0.0
863,1645267080000.0,0.0,0.0,0.75,165.59733333333332,0.0,0.0,161.4,1.0,1.0,1032.345552100001,1000.0,1029.197552100001,1000.0,0.12030661608155911,0.0
864,1645270680000.0,0.0,0.0,0.75,165.59733333333332,0.0,0.0,159.8,1.0,1.0,1032.345552100001,1000.0,1027.997552100001,1000.0,0.12030661608155911,0.0
865,1645274280000.0,0.0,0.0,0.75,165.59733333333332,0.0,0.0,158.15,1.0,1.0,1032.345552100001,1000.0,1026.760052100001,1000.0,0.12030661608155911,0.0
866,1645277880000.0,0.0,0.0,0.75,165.59733333333332,0.0,0.0,159.95,1.0,1.0,1032.345552100001,1000.0,1028.110052100001,1000.0,0.12030661608155911,0.0
867,1645281480000.0,0.0,0.0,0.75,165.59733333333332,0.0,0.0,159.7,1.0,1.0,1032.345552100001,1000.0,1027.922552100001,1000.0,0.12030661608155911,0.0
868,1645285080000.0,0.0,0.0,0.75,165.59733333333332,0.0,0.0,160.1,1.0,1.0,1032.345552100001,1000.0,1028.222552100001,1000.0,0.12030661608155911,0.0
869,1645288680000.0,0.0,0.0,0.75,165.59733333333332,0.0,0.0,161.6,1.0,1.0,1032.345552100001,1000.0,1029.347552100001,1000.0,0.12030661608155911,0.0
870,1645292280000.0,0.0,0.0,0.75,165.59733333333332,0.0,0.0,160.85,1.0,1.0,1032.345552100001,1000.0,1028.785052100001,1000.0,0.12030661608155911,0.0
871,1645295880000.0,0.0,0.0,0.75,165.59733333333332,0.0,0.0,161.0,1.0,1.0,1032.345552100001,1000.0,1028.897552100001,1000.0,0.12030661608155911,0.0
872,1645299480000.0,0.0,0.0,0.75,165.59733333333332,0.0,0.0,160.85,1.0,1.0,1032.345552100001,1000.0,1028.785052100001,1000.0,0.12030661608155911,0.0
873,1645303080000.0,0.0,0.0,0.75,165.59733333333332,0.0,0.0,163.7,1.0,1.0,1032.345552100001,1000.0,1030.922552100001,1000.0,0.12030661608155911,0.0
874,1645306680000.0,0.0,0.0,0.75,165.59733333333332,0.0,0.0,164.4,1.0,1.0,1032.345552100001,1000.0,1031.447552100001,1000.0,0.12030661608155911,0.0
875,1645310280000.0,0.0,0.0,0.75,165.59733333333332,0.0,0.0,164.75,1.0,1.0,1032.345552100001,1000.0,1031.710052100001,1000.0,0.12030661608155911,0.0
876,1645313880000.0,0.0,0.0,0.75,165.59733333333332,0.0,0.0,161.55,1.0,1.0,1032.345552100001,1000.0,1029.310052100001,1000.0,0.12030661608155911,0.0
877,1645317480000.0,0.0,0.0,0.75,165.59733333333332,0.0,0.0,160.45,1.0,1.0,1032.345552100001,1000.0,1028.485052100001,1000.0,0.12030661608155911,0.0
878,1645321080000.0,0.0,0.0,0.75,165.59733333333332,0.0,0.0,159.45,1.0,1.0,1032.345552100001,1000.0,1027.735052100001,1000.0,0.12030661608155911,0.0
879,1645324680000.0,0.0,0.0,0.75,165.59733333333332,0.0,0.0,159.35,1.0,1.0,1032.345552100001,1000.0,1027.660052100001,1000.0,0.12030661608155911,0.0
880,1645328280000.0,0.0,0.0,0.75,165.59733333333332,0.0,0.0,158.8,1.0,1.0,1032.345552100001,1000.0,1027.247552100001,1000.0,0.12030661608155911,0.0
881,1645331880000.0,0.0,0.0,0.75,165.59733333333332,0.0,0.0,156.6,1.0,1.0,1032.345552100001,1000.0,1025.597552100001,1000.0,0.12030661608155911,0.0
882,1645335480000.0,0.0,0.0,0.75,165.59733333333332,0.0,0.0,156.5,1.0,1.0,1032.345552100001,1000.0,1025.522552100001,1000.0,0.12030661608155911,0.0
883,1645339080000.0,0.0,0.0,1.11,161.7744144144144,0.0,0.0,153.1,1.0,1.0,1032.334477780001,1000.0,1022.705877780001,1000.0,0.17394517364774845,0.0
884,1645342680000.0,0.0,0.0,1.11,161.7744144144144,0.0,0.0,154.05,1.0,1.0,1032.334477780001,1000.0,1023.760377780001,1000.0,0.17394517364774845,0.0
885,1645346280000.0,0.0,0.0,1.11,161.7744144144144,0.0,0.0,152.9,1.0,1.0,1032.334477780001,1000.0,1022.483877780001,1000.0,0.17394517364774845,0.0
886,1645349880000.0,0.0,0.0,1.11,161.7744144144144,0.0,0.0,152.8,1.0,1.0,1032.334477780001,1000.0,1022.372877780001,1000.0,0.17394517364774845,0.0
887,1645353480000.0,0.0,0.0,1.11,161.7744144144144,0.0,0.0,153.65,1.0,1.0,1032.334477780001,1000.0,1023.316377780001,1000.0,0.17394517364774845,0.0
888,1645357080000.0,0.0,0.0,1.11,161.7744144144144,0.0,0.0,153.1,1.0,1.0,1032.334477780001,1000.0,1022.705877780001,1000.0,0.17394517364774845,0.0
889,1645360680000.0,0.0,0.0,1.11,161.7744144144144,0.0,0.0,155.05,1.0,1.0,1032.334477780001,1000.0,1024.870377780001,1000.0,0.17394517364774845,0.0
890,1645364280000.0,0.0,0.0,1.11,161.7744144144144,0.0,0.0,154.0,1.0,1.0,1032.334477780001,1000.0,1023.704877780001,1000.0,0.17394517364774845,0.0
891,1645367880000.0,0.0,0.0,1.11,161.7744144144144,0.0,0.0,153.2,1.0,1.0,1032.334477780001,1000.0,1022.8168777800009,1000.0,0.17394517364774845,0.0
892,1645371480000.0,0.0,0.0,1.11,161.7744144144144,0.0,0.0,152.6,1.0,1.0,1032.334477780001,1000.0,1022.150877780001,1000.0,0.17394517364774845,0.0
893,1645375080000.0,0.0,0.0,1.11,161.7744144144144,0.0,0.0,152.9,1.0,1.0,1032.334477780001,1000.0,1022.483877780001,1000.0,0.17394517364774845,0.0
894,1645378680000.0,0.0,0.0,1.11,161.7744144144144,0.0,0.0,152.2,1.0,1.0,1032.334477780001,1000.0,1021.7068777800009,1000.0,0.17394517364774845,0.0
895,1645382280000.0,0.0,0.0,1.11,161.7744144144144,0.0,0.0,153.25,1.0,1.0,1032.334477780001,1000.0,1022.872377780001,1000.0,0.17394517364774845,0.0
896,1645385880000.0,0.0,0.0,1.11,161.7744144144144,0.0,0.0,153.05,1.0,1.0,1032.334477780001,1000.0,1022.650377780001,1000.0,0.17394517364774845,0.0
897,1645389480000.0,0.0,0.0,1.11,161.7744144144144,0.0,0.0,152.1,1.0,1.0,1032.334477780001,1000.0,1021.5958777800009,1000.0,0.17394517364774845,0.0
898,1645393080000.0,0.0,0.0,1.11,161.7744144144144,0.0,0.0,150.95,1.0,1.0,1032.334477780001,1000.0,1020.319377780001,1000.0,0.17394517364774845,0.0
899,1645396680000.0,0.0,0.0,1.11,161.7744144144144,0.0,0.0,153.15,1.0,1.0,1032.334477780001,1000.0,1022.761377780001,1000.0,0.17394517364774845,0.0
900,1645400280000.0,0.0,0.0,1.11,161.7744144144144,0.0,0.0,155.2,1.0,1.0,1032.334477780001,1000.0,1025.0368777800009,1000.0,0.17394517364774845,0.0
901,1645403880000.0,0.0,0.0,1.11,161.7744144144144,0.0,0.0,153.7,1.0,1.0,1032.334477780001,1000.0,1023.371877780001,1000.0,0.17394517364774845,0.0
902,1645407480000.0,0.0,0.0,1.11,161.7744144144144,0.0,0.0,157.45,1.0,1.0,1032.334477780001,1000.0,1027.534377780001,1000.0,0.17394517364774845,0.0
903,1645411080000.0,0.0,0.0,1.11,161.7744144144144,0.0,0.0,157.85,1.0,1.0,1032.334477780001,1000.0,1027.978377780001,1000.0,0.17394517364774845,0.0
904,1645414680000.0,0.0,0.0,1.11,161.7744144144144,0.0,0.0,157.05,1.0,1.0,1032.334477780001,1000.0,1027.090377780001,1000.0,0.17394517364774845,0.0
905,1645418280000.0,0.0,0.0,1.11,161.7744144144144,0.0,0.0,157.5,1.0,1.0,1032.334477780001,1000.0,1027.589877780001,1000.0,0.17394517364774845,0.0
906,1645421880000.0,0.0,0.0,1.11,161.7744144144144,0.0,0.0,159.35,1.0,1.0,1032.334477780001,1000.0,1029.643377780001,1000.0,0.17394517364774845,0.0
907,1645425480000.0,0.0,0.0,1.11,161.7744144144144,0.0,0.0,159.55,1.0,1.0,1032.334477780001,1000.0,1029.865377780001,1000.0,0.17394517364774845,0.0
908,1645429080000.0,0.0,0.0,1.11,161.7744144144144,0.0,0.0,159.4,1.0,1.0,1032.334477780001,1000.0,1029.6988777800009,1000.0,0.17394517364774845,0.0
909,1645432680000.0,0.0,0.0,1.11,161.7744144144144,0.0,0.0,160.95,1.0,1.0,1032.334477780001,1000.0,1031.419377780001,1000.0,0.17394517364774845,0.0
910,1645436280000.0,0.0,0.0,1.11,161.7744144144144,0.0,0.0,160.3,1.0,1.0,1032.334477780001,1000.0,1030.697877780001,1000.0,0.17394517364774845,0.0
911,1645439880000.0,0.0,0.0,1.11,161.7744144144144,0.0,0.0,158.15,1.0,1.0,1032.334477780001,1000.0,1028.311377780001,1000.0,0.17394517364774845,0.0
912,1645443480000.0,0.0,0.0,1.11,161.7744144144144,0.0,0.0,156.7,1.0,1.0,1032.334477780001,1000.0,1026.701877780001,1000.0,0.17394517364774845,0.0
913,1645447080000.0,0.0,0.0,1.11,161.7744144144144,0.0,0.0,154.05,1.0,1.0,1032.334477780001,1000.0,1023.760377780001,1000.0,0.17394517364774845,0.0
914,1645450680000.0,0.0,0.0,1.11,161.7744144144144,0.0,0.0,153.55,1.0,1.0,1032.334477780001,1000.0,1023.205377780001,1000.0,0.17394517364774845,0.0
915,1645454280000.0,0.0,0.0,1.11,161.7744144144144,0.0,0.0,157.55,1.0,1.0,1032.334477780001,1000.0,1027.645377780001,1000.0,0.17394517364774845,0.0
916,1645457880000.0,0.0,0.0,1.11,161.7744144144144,0.0,0.0,159.1,1.0,1.0,1032.334477780001,1000.0,1029.365877780001,1000.0,0.17394517364774845,0.0
917,1645461480000.0,0.0,0.0,1.11,161.7744144144144,0.0,0.0,159.9,1.0,1.0,1032.334477780001,1000.0,1030.253877780001,1000.0,0.17394517364774845,0.0
918,1645465080000.0,0.0,0.0,1.11,161.7744144144144,0.0,0.0,158.65,1.0,1.0,1032.334477780001,1000.0,1028.866377780001,1000.0,0.17394517364774845,0.0
919,1645468680000.0,0.0,0.0,1.11,161.7744144144144,0.0,0.0,154.6,1.0,1.0,1032.334477780001,1000.0,1024.370877780001,1000.0,0.17394517364774845,0.0
920,1645472280000.0,0.0,0.0,1.11,161.7744144144144,0.0,0.0,154.7,1.0,1.0,1032.334477780001,1000.0,1024.481877780001,1000.0,0.17394517364774845,0.0
921,1645475880000.0,0.0,0.0,1.11,161.7744144144144,0.0,0.0,151.7,1.0,1.0,1032.334477780001,1000.0,1021.151877780001,1000.0,0.17394517364774845,0.0
922,1645479480000.0,0.0,0.0,1.11,161.7744144144144,0.0,0.0,152.55,1.0,1.0,1032.334477780001,1000.0,1022.095377780001,1000.0,0.17394517364774845,0.0
923,1645483080000.0,0.0,0.0,1.11,161.7744144144144,0.0,0.0,148.85,1.0,1.0,1032.334477780001,1000.0,1017.988377780001,1000.0,0.17394517364774845,0.0
924,1645486680000.0,0.0,0.0,1.11,161.7744144144144,0.0,0.0,148.1,1.0,1.0,1032.334477780001,1000.0,1017.155877780001,1000.0,0.17394517364774845,0.0
925,1645490280000.0,0.0,0.0,1.64,157.02237804878047,0.0,0.0,149.35,1.0,1.0,1032.318888360001,1000.0,1019.736188360001,1000.0,0.24945460448670592,0.0
926,1645493880000.0,0.0,0.0,1.64,157.02237804878047,0.0,0.0,148.0,1.0,1.0,1032.318888360001,1000.0,1017.522188360001,1000.0,0.24945460448670592,0.0
927,1645497480000.0,0.0,0.0,1.64,157.02237804878047,0.0,0.0,148.1,1.0,1.0,1032.318888360001,1000.0,1017.686188360001,1000.0,0.24945460448670592,0.0
928,1645501080000.0,0.0,0.0,1.64,157.02237804878047,0.0,0.0,144.45,1.0,1.0,1032.318888360001,1000.0,1011.700188360001,1000.0,0.24945460448670592,0.0
929,1645504680000.0,0.0,0.0,1.64,157.02237804878047,0.0,0.0,145.4,1.0,1.0,1032.318888360001,1000.0,1013.258188360001,1000.0,0.24945460448670592,0.0
930,1645508280000.0,0.0,0.0,1.64,157.02237804878047,0.0,0.0,145.0,1.0,1.0,1032.318888360001,1000.0,1012.602188360001,1000.0,0.24945460448670592,0.0
931,1645511880000.0,0.0,0.0,1.64,157.02237804878047,0.0,0.0,144.4,1.0,1.0,1032.318888360001,1000.0,1011.618188360001,1000.0,0.24945460448670592,0.0
932,1645515480000.0,0.0,0.0,1.64,157.02237804878047,0.0,0.0,141.95,1.0,1.0,1032.318888360001,1000.0,1007.600188360001,1000.0,0.24945460448670592,0.0
933,1645519080000.0,0.0,0.0,1.64,157.02237804878047,0.0,0.0,144.2,1.0,1.0,1032.318888360001,1000.0,1011.290188360001,1000.0,0.24945460448670592,0.0
934,1645522680000.0,0.0,0.0,1.64,157.02237804878047,0.0,0.0,143.95,1.0,1.0,1032.318888360001,1000.0,1010.8801883600011,1000.0,0.24945460448670592,0.0
935,1645526280000.0,0.0,0.0,1.64,157.02237804878047,0.0,0.0,145.9,1.0,1.0,1032.318888360001,1000.0,1014.078188360001,1000.0,0.24945460448670592,0.0
936,1645529880000.0,0.0,0.0,1.64,157.02237804878047,0.0,0.0,145.45,1.0,1.0,1032.318888360001,1000.0,1013.340188360001,1000.0,0.24945460448670592,0.0
937,1645533480000.0,0.0,0.0,1.64,157.02237804878047,0.0,0.0,146.25,1.0,1.0,1032.318888360001,1000.0,1014.652188360001,1000.0,0.24945460448670592,0.0
938,1645537080000.0,0.0,0.0,1.64,157.02237804878047,0.0,0.0,146.5,1.0,1.0,1032.318888360001,1000.0,1015.0621883600011,1000.0,0.24945460448670592,0.0
939,1645540680000.0,0.0,0.0,1.64,157.02237804878047,0.0,0.0,146.95,1.0,1.0,1032.318888360001,1000.0,1015.800188360001,1000.0,0.24945460448670592,0.0
940,1645544280000.0,0.0,0.0,1.64,157.02237804878047,0.0,0.0,148.8,1.0,1.0,1032.318888360001,1000.0,1018.834188360001,1000.0,0.24945460448670592,0.0
941,1645547880000.0,0.0,0.0,1.64,157.02237804878047,0.0,0.0,146.6,1.0,1.0,1032.318888360001,1000.0,1015.2261883600011,1000.0,0.24945460448670592,0.0
942,1645551480000.0,0.0,0.0,1.64,157.02237804878047,0.0,0.0,146.3,1.0,1.0,1032.318888360001,1000.0,1014.734188360001,1000.0,0.24945460448670592,0.0
943,1645555080000.0,0.0,0.0,1.64,157.02237804878047,0.0,0.0,147.2,1.0,1.0,1032.318888360001,1000.0,1016.210188360001,1000.0,0.24945460448670592,0.0
944,1645558680000.0,0.0,0.0,1.64,157.02237804878047,0.0,0.0,148.65,1.0,1.0,1032.318888360001,1000.0,1018.588188360001,1000.0,0.24945460448670592,0.0
945,1645562280000.0,0.0,0.0,1.64,157.02237804878047,0.0,0.0,147.4,1.0,1.0,1032.318888360001,1000.0,1016.5381883600011,1000.0,0.24945460448670592,0.0
946,1645565880000.0,0.0,0.0,1.64,157.02237804878047,0.0,0.0,148.35,1.0,1.0,1032.318888360001,1000.0,1018.096188360001,1000.0,0.24945460448670592,0.0
947,1645569480000.0,0.0,0.0,1.64,157.02237804878047,0.0,0.0,147.9,1.0,1.0,1032.318888360001,1000.0,1017.358188360001,1000.0,0.24945460448670592,0.0
948,1645573080000.0,0.0,0.0,1.64,157.02237804878047,0.0,0.0,150.0,1.0,1.0,1032.318888360001,1000.0,1020.802188360001,1000.0,0.24945460448670592,0.0
949,1645576680000.0,0.0,0.0,1.64,157.02237804878047,0.0,0.0,149.95,1.0,1.0,1032.318888360001,1000.0,1020.720188360001,1000.0,0.24945460448670592,0.0
950,1645580280000.0,0.0,0.0,1.64,157.02237804878047,0.0,0.0,150.2,1.0,1.0,1032.318888360001,1000.0,1021.130188360001,1000.0,0.24945460448670592,0.0
951,1645583880000.0,0.0,0.0,1.64,157.02237804878047,0.0,0.0,149.2,1.0,1.0,1032.318888360001,1000.0,1019.490188360001,1000.0,0.24945460448670592,0.0
952,1645587480000.0,0.0,0.0,1.64,157.02237804878047,0.0,0.0,150.3,1.0,1.0,1032.318888360001,1000.0,1021.294188360001,1000.0,0.24945460448670592,0.0
953,1645591080000.0,0.0,0.0,1.64,157.02237804878047,0.0,0.0,150.9,1.0,1.0,1032.318888360001,1000.0,1022.2781883600011,1000.0,0.24945460448670592,0.0
954,1645594680000.0,0.0,0.0,1.64,157.02237804878047,0.0,0.0,150.75,1.0,1.0,1032.318888360001,1000.0,1022.032188360001,1000.0,0.24945460448670592,0.0
955,1645598280000.0,0.0,0.0,1.64,157.02237804878047,0.0,0.0,151.0,1.0,1.0,1032.318888360001,1000.0,1022.4421883600011,1000.0,0.24945460448670592,0.0
956,1645601880000.0,0.0,0.0,1.64,157.02237804878047,0.0,0.0,151.95,1.0,1.0,1032.318888360001,1000.0,1024.000188360001,1000.0,0.24945460448670592,0.0
957,1645605480000.0,0.0,0.0,1.64,157.02237804878047,0.0,0.0,153.5,1.0,1.0,1032.318888360001,1000.0,1026.542188360001,1000.0,0.24945460448670592,0.0
958,1645609080000.0,0.0,0.0,1.64,157.02237804878047,0.0,0.0,154.75,1.0,1.0,1032.318888360001,1000.0,1028.592188360001,1000.0,0.24945460448670592,0.0
959,1645612680000.0,0.0,0.0,1.64,157.02237804878047,0.0,0.0,154.25,1.0,1.0,1032.318888360001,1000.0,1027.772188360001,1000.0,0.24945460448670592,0.0
960,1645616280000.0,0.0,0.0,1.64,157.02237804878047,0.0,0.0,154.9,1.0,1.0,1032.318888360001,1000.0,1028.838188360001,1000.0,0.24945460448670592,0.0
961,1645619880000.0,0.0,0.0,1.64,157.02237804878047,0.0,0.0,154.75,1.0,1.0,1032.318888360001,1000.0,1028.592188360001,1000.0,0.24945460448670592,0.0
962,1645623480000.0,0.0,0.0,1.64,157.02237804878047,0.0,0.0,155.8,1.0,1.0,1032.318888360001,1000.0,1030.314188360001,1000.0,0.24945460448670592,0.0
963,1645627080000.0,0.0,0.0,1.64,157.02237804878047,0.0,0.0,154.4,1.0,1.0,1032.318888360001,1000.0,1028.018188360001,1000.0,0.24945460448670592,0.0
964,1645630680000.0,0.0,0.0,1.64,157.02237804878047,0.0,0.0,153.5,1.0,1.0,1032.318888360001,1000.0,1026.542188360001,1000.0,0.24945460448670592,0.0
965,1645634280000.0,0.0,0.0,1.64,157.02237804878047,0.0,0.0,153.5,1.0,1.0,1032.318888360001,1000.0,1026.542188360001,1000.0,0.24945460448670592,0.0
966,1645637880000.0,0.0,0.0,1.64,157.02237804878047,0.0,0.0,153.45,1.0,1.0,1032.318888360001,1000.0,1026.460188360001,1000.0,0.24945460448670592,0.0
967,1645641480000.0,0.0,0.0,1.64,157.02237804878047,0.0,0.0,150.8,1.0,1.0,1032.318888360001,1000.0,1022.114188360001,1000.0,0.24945460448670592,0.0
968,1645645080000.0,0.0,0.0,1.64,157.02237804878047,0.0,0.0,150.8,1.0,1.0,1032.318888360001,1000.0,1022.114188360001,1000.0,0.24945460448670592,0.0
969,1645648680000.0,0.0,0.0,1.64,157.02237804878047,0.0,0.0,150.3,1.0,1.0,1032.318888360001,1000.0,1021.294188360001,1000.0,0.24945460448670592,0.0
970,1645652280000.0,0.0,0.0,1.64,157.02237804878047,0.0,0.0,151.2,1.0,1.0,1032.318888360001,1000.0,1022.770188360001,1000.0,0.24945460448670592,0.0
971,1645655880000.0,0.0,0.0,1.64,157.02237804878047,0.0,0.0,151.0,1.0,1.0,1032.318888360001,1000.0,1022.4421883600011,1000.0,0.24945460448670592,0.0
972,1645659480000.0,0.0,0.0,1.64,157.02237804878047,0.0,0.0,148.65,1.0,1.0,1032.318888360001,1000.0,1018.588188360001,1000.0,0.24945460448670592,0.0
973,1645663080000.0,0.0,0.0,1.64,157.02237804878047,0.0,0.0,147.7,1.0,1.0,1032.318888360001,1000.0,1017.030188360001,1000.0,0.24945460448670592,0.0
974,1645666680000.0,0.0,0.0,1.64,157.02237804878047,0.0,0.0,146.8,1.0,1.0,1032.318888360001,1000.0,1015.554188360001,1000.0,0.24945460448670592,0.0
975,1645670280000.0,0.0,0.0,1.64,157.02237804878047,0.0,0.0,147.7,1.0,1.0,1032.318888360001,1000.0,1017.030188360001,1000.0,0.24945460448670592,0.0
976,1645673880000.0,0.0,0.0,1.64,157.02237804878047,0.0,0.0,139.05,1.0,1.0,1032.318888360001,1000.0,1002.844188360001,1000.0,0.24945460448670592,0.0
977,1645677480000.0,0.0,0.0,2.42,151.0136776859504,0.0,0.0,138.05,1.0,1.0,1032.297301080001,1000.0,1000.9252010800011,1000.0,0.3540192342047769,0.0
978,1645681080000.0,0.0,0.0,2.42,151.0136776859504,0.0,0.0,134.8,1.0,1.0,1032.297301080001,1000.0,993.0602010800011,1000.0,0.3540192342047769,0.0
979,1645684680000.0,0.0,0.0,2.42,151.0136776859504,0.0,0.0,134.8,1.0,1.0,1032.297301080001,1000.0,993.0602010800011,1000.0,0.3540192342047769,0.0
980,1645688280000.0,0.0,0.0,2.42,151.0136776859504,0.0,0.0,133.35,1.0,1.0,1032.297301080001,1000.0,989.5512010800011,1000.0,0.3540192342047769,0.0
981,1645691880000.0,0.0,0.0,2.42,151.0136776859504,0.0,0.0,136.05,1.0,1.0,1032.297301080001,1000.0,996.0852010800011,1000.0,0.3540192342047769,0.0
982,1645695480000.0,0.0,0.0,2.42,151.0136776859504,0.0,0.0,137.1,1.0,1.0,1032.297301080001,1000.0,998.626201080001,1000.0,0.3540192342047769,0.0
983,1645699080000.0,0.0,0.0,2.42,151.0136776859504,0.0,0.0,135.3,1.0,1.0,1032.297301080001,1000.0,994.2702010800011,1000.0,0.3540192342047769,0.0
984,1645702680000.0,0.0,0.0,2.42,151.0136776859504,0.0,0.0,134.0,1.0,1.0,1032.297301080001,1000.0,991.1242010800011,1000.0,0.3540192342047769,0.0
985,1645706280000.0,0.0,0.0,2.42,151.0136776859504,0.0,0.0,134.25,1.0,1.0,1032.297301080001,1000.0,991.7292010800011,1000.0,0.3540192342047769,0.0
986,1645709880000.0,0.0,0.0,2.42,151.0136776859504,0.0,0.0,135.5,1.0,1.0,1032.297301080001,1000.0,994.754201080001,1000.0,0.3540192342047769,0.0
987,1645713480000.0,0.0,0.0,2.42,151.0136776859504,0.0,0.0,135.8,1.0,1.0,1032.297301080001,1000.0,995.480201080001,1000.0,0.3540192342047769,0.0
988,1645717080000.0,0.0,0.0,2.42,151.0136776859504,0.0,0.0,138.45,1.0,1.0,1032.297301080001,1000.0,1001.8932010800011,1000.0,0.3540192342047769,0.0
989,1645720680000.0,0.0,0.0,2.42,151.0136776859504,0.0,0.0,139.8,1.0,1.0,1032.297301080001,1000.0,1005.1602010800011,1000.0,0.3540192342047769,0.0
990,1645724280000.0,0.0,0.0,2.42,151.0136776859504,0.0,0.0,138.5,1.0,1.0,1032.297301080001,1000.0,1002.014201080001,1000.0,0.3540192342047769,0.0
991,1645727880000.0,0.0,0.0,2.42,151.0136776859504,0.0,0.0,139.5,1.0,1.0,1032.297301080001,1000.0,1004.4342010800011,1000.0,0.3540192342047769,0.0
992,1645731480000.0,0.0,0.0,2.42,151.0136776859504,0.0,0.0,144.25,1.0,1.0,1032.297301080001,1000.0,1015.9292010800011,1000.0,0.3540192342047769,0.0
993,1645735080000.0,0.0,0.0,2.42,151.0136776859504,0.0,0.0,148.8,1.0,1.0,1032.297301080001,1000.0,1026.940201080001,1000.0,0.3540192342047769,0.0
994,1645738680000.0,0.0,0.0,2.42,151.0136776859504,0.0,0.0,147.75,1.0,1.0,1032.297301080001,1000.0,1024.3992010800011,1000.0,0.3540192342047769,0.0
995,1645742280000.0,0.0,0.0,2.42,151.0136776859504,0.0,0.0,146.5,1.0,1.0,1032.297301080001,1000.0,1021.3742010800011,1000.0,0.3540192342047769,0.0
996,1645745880000.0,0.0,0.0,2.42,151.0136776859504,0.0,0.0,146.25,1.0,1.0,1032.297301080001,1000.0,1020.769201080001,1000.0,0.3540192342047769,0.0
997,1645749480000.0,0.0,0.0,2.42,151.0136776859504,0.0,0.0,147.55,1.0,1.0,1032.297301080001,1000.0,1023.9152010800011,1000.0,0.3540192342047769,0.0
998,1645753080000.0,0.0,0.0,2.42,151.0136776859504,0.0,0.0,148.9,1.0,1.0,1032.297301080001,1000.0,1027.182201080001,1000.0,0.3540192342047769,0.0
999,1645756680000.0,0.0,0.0,2.42,151.0136776859504,0.0,0.0,148.55,1.0,1.0,1032.297301080001,1000.0,1026.335201080001,1000.0,0.3540192342047769,0.0
1000,1645760280000.0,0.0,0.0,2.42,151.0136776859504,0.0,0.0,148.55,1.0,1.0,1032.297301080001,1000.0,1026.335201080001,1000.0,0.3540192342047769,0.0
1001,1645763880000.0,0.0,0.0,2.42,151.0136776859504,0.0,0.0,148.25,1.0,1.0,1032.297301080001,1000.0,1025.6092010800012,1000.0,0.3540192342047769,0.0
1002,1645767480000.0,0.0,0.0,2.42,151.0136776859504,0.0,0.0,147.2,1.0,1.0,1032.297301080001,1000.0,1023.068201080001,1000.0,0.3540192342047769,0.0
1003,1645771080000.0,0.0,0.0,2.42,151.0136776859504,0.0,0.0,147.4,1.0,1.0,1032.297301080001,1000.0,1023.552201080001,1000.0,0.3540192342047769,0.0
1004,1645774680000.0,0.0,0.0,2.42,151.0136776859504,0.0,0.0,147.5,1.0,1.0,1032.297301080001,1000.0,1023.794201080001,1000.0,0.3540192342047769,0.0
1005,1645778280000.0,0.0,0.0,2.42,151.0136776859504,0.0,0.0,146.5,1.0,1.0,1032.297301080001,1000.0,1021.3742010800011,1000.0,0.3540192342047769,0.0
1006,1645781880000.0,0.0,0.0,2.42,151.0136776859504,0.0,0.0,145.5,1.0,1.0,1032.297301080001,1000.0,1018.9542010800011,1000.0,0.3540192342047769,0.0
1007,1645785480000.0,0.0,0.0,2.42,151.0136776859504,0.0,0.0,146.85,1.0,1.0,1032.297301080001,1000.0,1022.221201080001,1000.0,0.3540192342047769,0.0
1008,1645789080000.0,0.0,0.0,2.42,151.0136776859504,0.0,0.0,147.55,1.0,1.0,1032.297301080001,1000.0,1023.9152010800011,1000.0,0.3540192342047769,0.0
1009,1645792680000.0,0.0,0.0,2.42,151.0136776859504,0.0,0.0,148.55,1.0,1.0,1032.297301080001,1000.0,1026.335201080001,1000.0,0.3540192342047769,0.0
1010,1645796280000.0,0.0,0.0,2.42,151.0136776859504,0.0,0.0,152.1,1.0,1.0,1032.297301080001,1000.0,1034.926201080001,1000.0,0.3540192342047769,0.0
1011,1645799880000.0,0.0,0.0,2.42,151.0136776859504,0.0,0.0,151.2,1.0,1.0,1032.297301080001,1000.0,1032.748201080001,1000.0,0.3540192342047769,0.0
1012,1645803480000.0,0.0,0.0,2.42,151.0136776859504,0.0,0.0,150.3,1.0,1.0,1032.297301080001,1000.0,1030.5702010800012,1000.0,0.3540192342047769,0.0
1013,1645807080000.0,0.0,0.0,2.42,151.0136776859504,0.0,0.0,151.65,1.0,1.0,1032.297301080001,1000.0,1033.837201080001,1000.0,0.3540192342047769,0.0
1014,1645810680000.0,0.0,0.0,2.42,151.0136776859504,0.0,0.0,151.4,1.0,1.0,1032.297301080001,1000.0,1033.232201080001,1000.0,0.3540192342047769,0.0
1015,1645814280000.0,0.0,0.0,2.42,151.0136776859504,0.0,0.0,150.85,1.0,1.0,1032.297301080001,1000.0,1031.901201080001,1000.0,0.3540192342047769,0.0
1016,1645817880000.0,0.0,0.0,2.42,151.0136776859504,0.0,0.0,149.85,1.0,1.0,1032.297301080001,1000.0,1029.481201080001,1000.0,0.3540192342047769,0.0
1017,1645821480000.0,0.0,0.0,2.42,151.0136776859504,0.0,0.0,150.45,1.0,1.0,1032.297301080001,1000.0,1030.933201080001,1000.0,0.3540192342047769,0.0
1018,1645825080000.0,0.0,0.0,2.42,151.0136776859504,0.0,0.0,152.1,1.0,1.0,1032.297301080001,1000.0,1034.926201080001,1000.0,0.3540192342047769,0.0
1019,1645828680000.0,0.0,0.0,2.42,151.0136776859504,0.0,0.0,152.5,1.0,1.0,1032.297301080001,1000.0,1035.894201080001,1000.0,0.3540192342047769,0.0
1020,1645832280000.0,0.0,0.0,0.72,151.0136776859504,0.0,0.0,155.05,1.0,1.0,1039.9561620138854,1000.0,1042.8623140800012,1000.0,0.10455233778636193,0.0
1021,1645835880000.0,0.0,0.0,0.48,151.0136776859504,0.0,0.0,156.8,1.0,1.0,1041.0374129692573,1000.0,1043.814847680001,1000.0,0.0696291645105331,0.0
1022,1645839480000.0,0.0,0.0,0.48,151.0136776859504,0.0,0.0,155.45,1.0,1.0,1041.0374129692573,1000.0,1043.1668476800012,1000.0,0.0696291645105331,0.0
1023,1645843080000.0,0.0,0.0,0.22,151.0136776859504,0.0,0.0,154.3,1.0,1.0,1042.2087681709102,1000.0,1042.931759080001,1000.0,0.03187749912065689,0.0
1024,1645846680000.0,0.0,0.0,0.22,151.0136776859504,0.0,0.0,153.0,1.0,1.0,1042.2087681709102,1000.0,1042.645759080001,1000.0,0.03187749912065689,0.0
1025,1645850280000.0,0.0,0.0,0.22,151.0136776859504,0.0,0.0,154.05,1.0,1.0,1042.2087681709102,1000.0,1042.876759080001,1000.0,0.03187749912065689,0.0
1026,1645853880000.0,0.0,0.0,0.22,151.0136776859504,0.0,0.0,153.1,1.0,1.0,1042.2087681709102,1000.0,1042.6677590800011,1000.0,0.03187749912065689,0.0
1027,1645857480000.0,0.0,0.0,0.22,151.0136776859504,0.0,0.0,152.9,1.0,1.0,1042.2087681709102,1000.0,1042.623759080001,1000.0,0.03187749912065689,0.0
1028,1645861080000.0,0.0,0.0,0.22,151.0136776859504,0.0,0.0,152.85,1.0,1.0,1042.2087681709102,1000.0,1042.612759080001,1000.0,0.03187749912065689,0.0
1029,1645864680000.0,0.0,0.0,0.22,151.0136776859504,0.0,0.0,154.4,1.0,1.0,1042.2087681709102,1000.0,1042.953759080001,1000.0,0.03187749912065689,0.0
1030,1645868280000.0,0.0,0.0,0.22,151.0136776859504,0.0,0.0,153.35,1.0,1.0,1042.2087681709102,1000.0,1042.722759080001,1000.0,0.03187749912065689,0.0
1031,1645871880000.0,0.0,0.0,0.22,151.0136776859504,0.0,0.0,152.4,1.0,1.0,1042.2087681709102,1000.0,1042.5137590800011,1000.0,0.03187749912065689,0.0
1032,1645875480000.0,0.0,0.0,0.22,151.0136776859504,0.0,0.0,153.6,1.0,1.0,1042.2087681709102,1000.0,1042.777759080001,1000.0,0.03187749912065689,0.0
1033,1645879080000.0,0.0,0.0,0.22,151.0136776859504,0.0,0.0,154.7,1.0,1.0,1042.2087681709102,1000.0,1043.019759080001,1000.0,0.03187749912065689,0.0
1034,1645882680000.0,0.0,0.0,0.07,151.0136776859504,0.0,0.0,155.9,1.0,1.0,1042.8845500180173,1000.0,1043.2265925800007,1000.0,0.010136268139971871,0.0
1035,1645886280000.0,0.0,0.0,0.05,151.0136776859504,0.0,0.0,156.7,1.0,1.0,1042.9746542642984,1000.0,1043.2589703800008,1000.0,0.007239566036840733,0.0
1036,1645889880000.0,0.0,0.0,0.05,151.0136776859504,0.0,0.0,158.35,1.0,1.0,1042.9746542642984,1000.0,1043.3414703800008,1000.0,0.007239566036840733,0.0
1037,1645893480000.0,0.0,0.0,0.05,151.0136776859504,0.0,0.0,157.4,1.0,1.0,1042.9746542642984,1000.0,1043.293970380001,1000.0,0.007239566036840733,0.0
1038,1645897080000.0,0.0,0.0,0.05,151.0136776859504,0.0,0.0,158.25,1.0,1.0,1042.9746542642984,1000.0,1043.3364703800007,1000.0,0.007239566036840733,0.0
1039,1645900680000.0,0.0,0.0,0.05,151.0136776859504,0.0,0.0,157.4,1.0,1.0,1042.9746542642984,1000.0,1043.293970380001,1000.0,0.007239566036840733,0.0
1040,1645904280000.0,0.0,0.0,0.02,151.0136776859504,0.0,0.0,159.3,1.0,1.0,1043.21958867372,1000.0,1043.385315120001,1000.0,0.0028951465123069468,0.0
1041,1645907880000.0,0.0,0.0,0.0,151.0136776859504,0.0,0.0,158.8,1.0,1.0,1043.382878280001,1000.0,1043.382878280001,1000.0,0.0,0.0
1042,1645911480000.0,0.0,0.0,0.0,151.0136776859504,0.0,0.0,159.1,1.0,1.0,1043.382878280001,1000.0,1043.382878280001,1000.0,0.0,0.0
1043,1645915080000.0,0.0,0.0,0.0,151.0136776859504,0.0,0.0,157.95,1.0,1.0,1043.382878280001,1000.0,1043.382878280001,1000.0,0.0,0.0
1044,1645918680000.0,0.0,0.0,0.0,151.0136776859504,0.0,0.0,157.1,1.0,1.0,1043.382878280001,1000.0,1043.382878280001,1000.0,0.0,0.0
1045,1645922280000.0,0.0,0.0,0.0,151.0136776859504,0.0,0.0,155.45,1.0,1.0,1043.382878280001,1000.0,1043.382878280001,1000.0,0.0,0.0
1046,1645925880000.0,0.0,0.0,0.0,151.0136776859504,0.0,0.0,153.65,1.0,1.0,1043.382878280001,1000.0,1043.382878280001,1000.0,0.0,0.0
1047,1645929480000.0,0.0,0.0,0.0,151.0136776859504,0.0,0.0,153.4,1.0,1.0,1043.382878280001,1000.0,1043.382878280001,1000.0,0.0,0.0
1048,1645933080000.0,0.0,0.0,0.0,151.0136776859504,0.0,0.0,153.3,1.0,1.0,1043.382878280001,1000.0,1043.382878280001,1000.0,0.0,0.0
1049,1645936680000.0,0.0,0.0,0.0,151.0136776859504,0.0,0.0,153.35,1.0,1.0,1043.382878280001,1000.0,1043.382878280001,1000.0,0.0,0.0
1050,1645940280000.0,0.0,0.0,0.0,151.0136776859504,0.0,0.0,153.3,1.0,1.0,1043.382878280001,1000.0,1043.382878280001,1000.0,0.0,0.0
1051,1645943880000.0,0.0,0.0,0.0,151.0136776859504,0.0,0.0,154.75,1.0,1.0,1043.382878280001,1000.0,1043.382878280001,1000.0,0.0,0.0
1052,1645947480000.0,0.0,0.0,0.0,151.0136776859504,0.0,0.0,154.95,1.0,1.0,1043.382878280001,1000.0,1043.382878280001,1000.0,0.0,0.0
1053,1645951080000.0,0.0,0.0,0.0,151.0136776859504,0.0,0.0,155.1,1.0,1.0,1043.382878280001,1000.0,1043.382878280001,1000.0,0.0,0.0
1054,1645954680000.0,0.0,0.0,0.0,151.0136776859504,0.0,0.0,155.2,1.0,1.0,1043.382878280001,1000.0,1043.382878280001,1000.0,0.0,0.0
1055,1645958280000.0,0.0,0.0,0.0,151.0136776859504,0.0,0.0,157.45,1.0,1.0,1043.382878280001,1000.0,1043.382878280001,1000.0,0.0,0.0
1056,1645961880000.0,0.0,0.0,0.0,151.0136776859504,0.0,0.0,158.9,1.0,1.0,1043.382878280001,1000.0,1043.382878280001,1000.0,0.0,0.0
1057,1645965480000.0,0.0,0.0,0.0,151.0136776859504,0.0,0.0,158.15,1.0,1.0,1043.382878280001,1000.0,1043.382878280001,1000.0,0.0,0.0
1058,1645969080000.0,0.0,0.0,0.0,151.0136776859504,0.0,0.0,155.95,1.0,1.0,1043.382878280001,1000.0,1043.382878280001,1000.0,0.0,0.0
1059,1645972680000.0,0.0,0.0,0.0,151.0136776859504,0.0,0.0,156.05,1.0,1.0,1043.382878280001,1000.0,1043.382878280001,1000.0,0.0,0.0
1060,1645976280000.0,0.0,0.0,0.0,151.0136776859504,0.0,0.0,158.2,1.0,1.0,1043.382878280001,1000.0,1043.382878280001,1000.0,0.0,0.0
1061,1645979880000.0,0.0,0.0,0.0,151.0136776859504,0.0,0.0,157.45,1.0,1.0,1043.382878280001,1000.0,1043.382878280001,1000.0,0.0,0.0
1062,1645983480000.0,0.0,0.0,0.0,151.0136776859504,0.0,0.0,158.3,1.0,1.0,1043.382878280001,1000.0,1043.382878280001,1000.0,0.0,0.0
1063,1645987080000.0,0.0,0.0,0.0,151.0136776859504,0.0,0.0,158.75,1.0,1.0,1043.382878280001,1000.0,1043.382878280001,1000.0,0.0,0.0
1064,1645990680000.0,0.0,0.0,0.0,151.0136776859504,0.0,0.0,154.7,1.0,1.0,1043.382878280001,1000.0,1043.382878280001,1000.0,0.0,0.0
1065,1645994280000.0,0.0,0.0,0.28,151.14,0.0,0.0,151.3,1.0,1.0,1043.374414440001,1000.0,1043.4192144400008,1000.0,0.04055993650439812,0.0
1066,1645997880000.0,0.0,0.0,0.28,151.14,0.0,0.0,150.0,1.0,1.0,1043.374414440001,1000.0,1043.055214440001,1000.0,0.04055993650439812,0.0
1067,1646001480000.0,0.0,0.0,0.28,151.14,0.0,0.0,152.05,1.0,1.0,1043.374414440001,1000.0,1043.6292144400009,1000.0,0.04055993650439812,0.0
1068,1646005080000.0,0.0,0.0,0.28,151.14,0.0,0.0,150.5,1.0,1.0,1043.374414440001,1000.0,1043.1952144400009,1000.0,0.04055993650439812,0.0
1069,1646008680000.0,0.0,0.0,0.28,151.14,0.0,0.0,149.15,1.0,1.0,1043.374414440001,1000.0,1042.817214440001,1000.0,0.04055993650439812,0.0
1070,1646012280000.0,0.0,0.0,0.28,151.14,0.0,0.0,151.95,1.0,1.0,1043.374414440001,1000.0,1043.6012144400008,1000.0,0.04055993650439812,0.0
1071,1646015880000.0,0.0,0.0,0.28,151.14,0.0,0.0,151.25,1.0,1.0,1043.374414440001,1000.0,1043.405214440001,1000.0,0.04055993650439812,0.0
1072,1646019480000.0,0.0,0.0,0.28,151.14,0.0,0.0,150.1,1.0,1.0,1043.374414440001,1000.0,1043.083214440001,1000.0,0.04055993650439812,0.0
1073,1646023080000.0,0.0,0.0,0.28,151.14,0.0,0.0,149.7,1.0,1.0,1043.374414440001,1000.0,1042.971214440001,1000.0,0.04055993650439812,0.0
1074,1646026680000.0,0.0,0.0,0.28,151.14,0.0,0.0,151.05,1.0,1.0,1043.374414440001,1000.0,1043.3492144400009,1000.0,0.04055993650439812,0.0
1075,1646030280000.0,0.0,0.0,0.28,151.14,0.0,0.0,151.15,1.0,1.0,1043.374414440001,1000.0,1043.377214440001,1000.0,0.04055993650439812,0.0
1076,1646033880000.0,0.0,0.0,0.28,151.14,0.0,0.0,152.2,1.0,1.0,1043.374414440001,1000.0,1043.671214440001,1000.0,0.04055993650439812,0.0
1077,1646037480000.0,0.0,0.0,0.28,151.14,0.0,0.0,152.8,1.0,1.0,1043.374414440001,1000.0,1043.839214440001,1000.0,0.04055993650439812,0.0
1078,1646041080000.0,0.0,0.0,0.28,151.14,0.0,0.0,152.55,1.0,1.0,1043.374414440001,1000.0,1043.769214440001,1000.0,0.04055993650439812,0.0
1079,1646044680000.0,0.0,0.0,0.28,151.14,0.0,0.0,153.2,1.0,1.0,1043.374414440001,1000.0,1043.951214440001,1000.0,0.04055993650439812,0.0
1080,1646048280000.0,0.0,0.0,0.28,151.14,0.0,0.0,153.55,1.0,1.0,1043.374414440001,1000.0,1044.049214440001,1000.0,0.04055993650439812,0.0
1081,1646051880000.0,0.0,0.0,0.28,151.14,0.0,0.0,154.2,1.0,1.0,1043.374414440001,1000.0,1044.231214440001,1000.0,0.04055993650439812,0.0
1082,1646055480000.0,0.0,0.0,0.28,151.14,0.0,0.0,153.5,1.0,1.0,1043.374414440001,1000.0,1044.035214440001,1000.0,0.04055993650439812,0.0
1083,1646059080000.0,0.0,0.0,0.19,151.14,0.0,0.0,158.25,1.0,1.0,1043.780212200001,1000.0,1045.1311122000009,1000.0,0.027512113818936382,0.0
1084,1646062680000.0,0.0,0.0,0.0,151.14,0.0,0.0,162.45,1.0,1.0,1045.3340569000013,1000.0,1045.3340569000013,1000.0,0.0,0.0
1085,1646066280000.0,0.0,0.0,0.0,151.14,0.0,0.0,163.65,1.0,1.0,1045.3340569000013,1000.0,1045.3340569000013,1000.0,0.0,0.0
1086,1646069880000.0,0.0,0.0,0.0,151.14,0.0,0.0,163.3,1.0,1.0,1045.3340569000013,1000.0,1045.3340569000013,1000.0,0.0,0.0
1087,1646073480000.0,0.0,0.0,0.0,151.14,0.0,0.0,165.25,1.0,1.0,1045.3340569000013,1000.0,1045.3340569000013,1000.0,0.0,0.0
1088,1646077080000.0,0.0,0.0,0.0,151.14,0.0,0.0,166.2,1.0,1.0,1045.3340569000013,1000.0,1045.3340569000013,1000.0,0.0,0.0
1089,1646080680000.0,0.0,0.0,0.0,151.14,0.0,0.0,167.15,1.0,1.0,1045.3340569000013,1000.0,1045.3340569000013,1000.0,0.0,0.0
1090,1646084280000.0,0.0,0.0,0.0,151.14,0.0,0.0,167.3,1.0,1.0,1045.3340569000013,1000.0,1045.3340569000013,1000.0,0.0,0.0
1091,1646087880000.0,0.0,0.0,0.0,151.14,0.0,0.0,169.3,1.0,1.0,1045.3340569000013,1000.0,1045.3340569000013,1000.0,0.0,0.0
1092,1646091480000.0,0.0,0.0,0.0,151.14,0.0,0.0,169.95,1.0,1.0,1045.3340569000013,1000.0,1045.3340569000013,1000.0,0.0,0.0
1093,1646095080000.0,0.0,0.0,0.0,151.14,0.0,0.0,172.95,1.0,1.0,1045.3340569000013,1000.0,1045.3340569000013,1000.0,0.0,0.0
1094,1646098680000.0,0.0,0.0,0.0,151.14,0.0,0.0,172.1,1.0,1.0,1045.3340569000013,1000.0,1045.3340569000013,1000.0,0.0,0.0
1095,1646102280000.0,0.0,0.0,0.0,151.14,0.0,0.0,171.6,1.0,1.0,1045.3340569000013,1000.0,1045.3340569000013,1000.0,0.0,0.0
1096,1646105880000.0,0.0,0.0,0.0,151.14,0.0,0.0,172.2,1.0,1.0,1045.3340569000013,1000.0,1045.3340569000013,1000.0,0.0,0.0
1097,1646109480000.0,0.0,0.0,0.0,151.14,0.0,0.0,172.65,1.0,1.0,1045.3340569000013,1000.0,1045.3340569000013,1000.0,0.0,0.0
1098,1646113080000.0,0.0,0.0,0.0,151.14,0.0,0.0,172.95,1.0,1.0,1045.3340569000013,1000.0,1045.3340569000013,1000.0,0.0,0.0
1099,1646116680000.0,0.0,0.0,0.0,151.14,0.0,0.0,173.6,1.0,1.0,1045.3340569000013,1000.0,1045.3340569000013,1000.0,0.0,0.0
1100,1646120280000.0,0.0,0.0,0.0,151.14,0.0,0.0,175.15,1.0,1.0,1045.3340569000013,1000.0,1045.3340569000013,1000.0,0.0,0.0
1101,1646123880000.0,0.0,0.0,0.0,151.14,0.0,0.0,175.25,1.0,1.0,1045.3340569000013,1000.0,1045.3340569000013,1000.0,0.0,0.0
1102,1646127480000.0,0.0,0.0,0.0,151.14,0.0,0.0,172.65,1.0,1.0,1045.3340569000013,1000.0,1045.3340569000013,1000.0,0.0,0.0
1103,1646131080000.0,0.0,0.0,0.0,151.14,0.0,0.0,171.9,1.0,1.0,1045.3340569000013,1000.0,1045.3340569000013,1000.0,0.0,0.0
1104,1646134680000.0,0.0,0.0,0.0,151.14,0.0,0.0,173.35,1.0,1.0,1045.3340569000013,1000.0,1045.3340569000013,1000.0,0.0,0.0
1105,1646138280000.0,0.0,0.0,0.0,151.14,0.0,0.0,174.65,1.0,1.0,1045.3340569000013,1000.0,1045.3340569000013,1000.0,0.0,0.0
1106,1646141880000.0,0.0,0.0,0.0,151.14,0.0,0.0,177.5,1.0,1.0,1045.3340569000013,1000.0,1045.3340569000013,1000.0,0.0,0.0
1107,1646145480000.0,0.0,0.0,0.0,151.14,0.0,0.0,176.25,1.0,1.0,1045.3340569000013,1000.0,1045.3340569000013,1000.0,0.0,0.0
1108,1646149080000.0,0.0,0.0,0.0,151.14,0.0,0.0,173.3,1.0,1.0,1045.3340569000013,1000.0,1045.3340569000013,1000.0,0.0,0.0
1109,1646152680000.0,0.0,0.0,0.0,151.14,0.0,0.0,173.5,1.0,1.0,1045.3340569000013,1000.0,1045.3340569000013,1000.0,0.0,0.0
1110,1646156280000.0,0.0,0.0,0.0,151.14,0.0,0.0,174.55,1.0,1.0,1045.3340569000013,1000.0,1045.3340569000013,1000.0,0.0,0.0
1111,1646159880000.0,0.0,0.0,0.0,151.14,0.0,0.0,176.7,1.0,1.0,1045.3340569000013,1000.0,1045.3340569000013,1000.0,0.0,0.0
1112,1646163480000.0,0.0,0.0,0.0,151.14,0.0,0.0,177.0,1.0,1.0,1045.3340569000013,1000.0,1045.3340569000013,1000.0,0.0,0.0
1113,1646167080000.0,0.0,0.0,0.0,151.14,0.0,0.0,177.3,1.0,1.0,1045.3340569000013,1000.0,1045.3340569000013,1000.0,0.0,0.0
1114,1646170680000.0,0.0,0.0,0.0,151.14,0.0,0.0,177.2,1.0,1.0,1045.3340569000013,1000.0,1045.3340569000013,1000.0,0.0,0.0
1115,1646174280000.0,0.0,0.0,0.0,151.14,0.0,0.0,177.5,1.0,1.0,1045.3340569000013,1000.0,1045.3340569000013,1000.0,0.0,0.0
1116,1646177880000.0,0.0,0.0,0.0,151.14,0.0,0.0,177.5,1.0,1.0,1045.3340569000013,1000.0,1045.3340569000013,1000.0,0.0,0.0
1117,1646181480000.0,0.0,0.0,0.0,151.14,0.0,0.0,174.75,1.0,1.0,1045.3340569000013,1000.0,1045.3340569000013,1000.0,0.0,0.0
1118,1646185080000.0,0.0,0.0,0.0,151.14,0.0,0.0,177.0,1.0,1.0,1045.3340569000013,1000.0,1045.3340569000013,1000.0,0.0,0.0
1119,1646188680000.0,0.0,0.0,0.0,151.14,0.0,0.0,178.75,1.0,1.0,1045.3340569000013,1000.0,1045.3340569000013,1000.0,0.0,0.0
1120,1646192280000.0,0.0,0.0,0.0,151.14,0.0,0.0,180.0,1.0,1.0,1045.3340569000013,1000.0,1045.3340569000013,1000.0,0.0,0.0
1121,1646195880000.0,0.0,0.0,0.0,151.14,0.0,0.0,180.7,1.0,1.0,1045.3340569000013,1000.0,1045.3340569000013,1000.0,0.0,0.0
1122,1646199480000.0,0.0,0.0,0.0,151.14,0.0,0.0,179.2,1.0,1.0,1045.3340569000013,1000.0,1045.3340569000013,1000.0,0.0,0.0
1123,1646203080000.0,0.0,0.0,0.0,151.14,0.0,0.0,178.0,1.0,1.0,1045.3340569000013,1000.0,1045.3340569000013,1000.0,0.0,0.0
1124,1646206680000.0,0.0,0.0,0.0,151.14,0.0,0.0,176.45,1.0,1.0,1045.3340569000013,1000.0,1045.3340569000013,1000.0,0.0,0.0
1125,1646210280000.0,0.0,0.0,0.0,151.14,0.0,0.0,178.0,1.0,1.0,1045.3340569000013,1000.0,1045.3340569000013,1000.0,0.0,0.0
1126,1646213880000.0,0.0,0.0,0.0,151.14,0.0,0.0,177.0,1.0,1.0,1045.3340569000013,1000.0,1045.3340569000013,1000.0,0.0,0.0
1127,1646217480000.0,0.0,0.0,0.0,151.14,0.0,0.0,178.75,1.0,1.0,1045.3340569000013,1000.0,1045.3340569000013,1000.0,0.0,0.0
1128,1646221080000.0,0.0,0.0,0.0,151.14,0.0,0.0,177.4,1.0,1.0,1045.3340569000013,1000.0,1045.3340569000013,1000.0,0.0,0.0
1129,1646224680000.0,0.0,0.0,0.0,151.14,0.0,0.0,176.0,1.0,1.0,1045.3340569000013,1000.0,1045.3340569000013,1000.0,0.0,0.0
1130,1646228280000.0,0.0,0.0,0.0,151.14,0.0,0.0,173.2,1.0,1.0,1045.3340569000013,1000.0,1045.3340569000013,1000.0,0.0,0.0
1131,1646231880000.0,0.0,0.0,0.0,151.14,0.0,0.0,174.6,1.0,1.0,1045.3340569000013,1000.0,1045.3340569000013,1000.0,0.0,0.0
1132,1646235480000.0,0.0,0.0,0.0,151.14,0.0,0.0,176.15,1.0,1.0,1045.3340569000013,1000.0,1045.3340569000013,1000.0,0.0,0.0
1133,1646239080000.0,0.0,0.0,0.0,151.14,0.0,0.0,176.15,1.0,1.0,1045.3340569000013,1000.0,1045.3340569000013,1000.0,0.0,0.0
1134,1646242680000.0,0.0,0.0,0.0,151.14,0.0,0.0,177.2,1.0,1.0,1045.3340569000013,1000.0,1045.3340569000013,1000.0,0.0,0.0
1135,1646246280000.0,0.0,0.0,0.0,151.14,0.0,0.0,177.15,1.0,1.0,1045.3340569000013,1000.0,1045.3340569000013,1000.0,0.0,0.0
1136,1646249880000.0,0.0,0.0,0.0,151.14,0.0,0.0,176.7,1.0,1.0,1045.3340569000013,1000.0,1045.3340569000013,1000.0,0.0,0.0
1137,1646253480000.0,0.0,0.0,0.0,151.14,0.0,0.0,178.15,1.0,1.0,1045.3340569000013,1000.0,1045.3340569000013,1000.0,0.0,0.0
1138,1646257080000.0,0.0,0.0,0.0,151.14,0.0,0.0,177.9,1.0,1.0,1045.3340569000013,1000.0,1045.3340569000013,1000.0,0.0,0.0
1139,1646260680000.0,0.0,0.0,0.0,151.14,0.0,0.0,179.55,1.0,1.0,1045.3340569000013,1000.0,1045.3340569000013,1000.0,0.0,0.0
1140,1646264280000.0,0.0,0.0,0.0,151.14,0.0,0.0,178.35,1.0,1.0,1045.3340569000013,1000.0,1045.3340569000013,1000.0,0.0,0.0
1141,1646267880000.0,0.0,0.0,0.0,151.14,0.0,0.0,178.85,1.0,1.0,1045.3340569000013,1000.0,1045.3340569000013,1000.0,0.0,0.0
1142,1646271480000.0,0.0,0.0,0.0,151.14,0.0,0.0,177.15,1.0,1.0,1045.3340569000013,1000.0,1045.3340569000013,1000.0,0.0,0.0
1143,1646275080000.0,0.0,0.0,0.0,151.14,0.0,0.0,176.5,1.0,1.0,1045.3340569000013,1000.0,1045.3340569000013,1000.0,0.0,0.0
1144,1646278680000.0,0.0,0.0,0.0,151.14,0.0,0.0,174.85,1.0,1.0,1045.3340569000013,1000.0,1045.3340569000013,1000.0,0.0,0.0
1145,1646282280000.0,0.0,0.0,0.0,151.14,0.0,0.0,176.75,1.0,1.0,1045.3340569000013,1000.0,1045.3340569000013,1000.0,0.0,0.0
1146,1646285880000.0,0.0,0.0,0.0,151.14,0.0,0.0,176.9,1.0,1.0,1045.3340569000013,1000.0,1045.3340569000013,1000.0,0.0,0.0
1147,1646289480000.0,0.0,0.0,0.0,151.14,0.0,0.0,176.95,1.0,1.0,1045.3340569000013,1000.0,1045.3340569000013,1000.0,0.0,0.0
1148,1646293080000.0,0.0,0.0,0.0,151.14,0.0,0.0,177.55,1.0,1.0,1045.3340569000013,1000.0,1045.3340569000013,1000.0,0.0,0.0
1149,1646296680000.0,0.0,0.0,0.0,151.14,0.0,0.0,177.4,1.0,1.0,1045.3340569000013,1000.0,1045.3340569000013,1000.0,0.0,0.0
1150,1646300280000.0,0.0,0.0,0.0,151.14,0.0,0.0,176.05,1.0,1.0,1045.3340569000013,1000.0,1045.3340569000013,1000.0,0.0,0.0
1151,1646303880000.0,0.0,0.0,0.0,151.14,0.0,0.0,175.25,1.0,1.0,1045.3340569000013,1000.0,1045.3340569000013,1000.0,0.0,0.0
1152,1646307480000.0,0.0,0.0,0.0,151.14,0.0,0.0,176.95,1.0,1.0,1045.3340569000013,1000.0,1045.3340569000013,1000.0,0.0,0.0
1153,1646311080000.0,0.0,0.0,0.0,151.14,0.0,0.0,177.55,1.0,1.0,1045.3340569000013,1000.0,1045.3340569000013,1000.0,0.0,0.0
1154,1646314680000.0,0.0,0.0,0.0,151.14,0.0,0.0,178.5,1.0,1.0,1045.3340569000013,1000.0,1045.3340569000013,1000.0,0.0,0.0
1155,1646318280000.0,0.0,0.0,0.0,151.14,0.0,0.0,180.55,1.0,1.0,1045.3340569000013,1000.0,1045.3340569000013,1000.0,0.0,0.0
1156,1646321880000.0,0.0,0.0,0.0,151.14,0.0,0.0,176.9,1.0,1.0,1045.3340569000013,1000.0,1045.3340569000013,1000.0,0.0,0.0
1157,1646325480000.0,0.0,0.0,0.0,151.14,0.0,0.0,175.9,1.0,1.0,1045.3340569000013,1000.0,1045.3340569000013,1000.0,0.0,0.0
1158,1646329080000.0,0.0,0.0,0.0,151.14,0.0,0.0,174.15,1.0,1.0,1045.3340569000013,1000.0,1045.3340569000013,1000.0,0.0,0.0
1159,1646332680000.0,0.0,0.0,0.0,151.14,0.0,0.0,173.0,1.0,1.0,1045.3340569000013,1000.0,1045.3340569000013,1000.0,0.0,0.0
1160,1646336280000.0,0.0,0.0,0.0,151.14,0.0,0.0,173.55,1.0,1.0,1045.3340569000013,1000.0,1045.3340569000013,1000.0,0.0,0.0
1161,1646339880000.0,0.0,0.0,0.0,151.14,0.0,0.0,172.0,1.0,1.0,1045.3340569000013,1000.0,1045.3340569000013,1000.0,0.0,0.0
1162,1646343480000.0,0.0,0.0,0.0,151.14,0.0,0.0,171.0,1.0,1.0,1045.3340569000013,1000.0,1045.3340569000013,1000.0,0.0,0.0
1163,1646347080000.0,0.0,0.0,0.0,151.14,0.0,0.0,172.4,1.0,1.0,1045.3340569000013,1000.0,1045.3340569000013,1000.0,0.0,0.0
1164,1646350680000.0,0.0,0.0,0.0,151.14,0.0,0.0,172.05,1.0,1.0,1045.3340569000013,1000.0,1045.3340569000013,1000.0,0.0,0.0
1165,1646354280000.0,0.0,0.0,0.0,151.14,0.0,0.0,170.5,1.0,1.0,1045.3340569000013,1000.0,1045.3340569000013,1000.0,0.0,0.0
1166,1646357880000.0,0.0,0.0,0.25,169.06,0.0,0.0,165.65,1.0,1.0,1045.3256039000014,1000.0,1044.4731039000014,1000.0,0.04043237804786726,0.0
1167,1646361480000.0,0.0,0.0,0.25,169.06,0.0,0.0,167.65,1.0,1.0,1045.3256039000014,1000.0,1044.9731039000014,1000.0,0.04043237804786726,0.0
1168,1646365080000.0,0.0,0.0,0.25,169.06,0.0,0.0,170.35,1.0,1.0,1045.3256039000014,1000.0,1045.6481039000014,1000.0,0.04043237804786726,0.0
1169,1646368680000.0,0.0,0.0,0.25,169.06,0.0,0.0,171.75,1.0,1.0,1045.3256039000014,1000.0,1045.9981039000013,1000.0,0.04043237804786726,0.0
1170,1646372280000.0,0.0,0.0,0.17,169.06,0.0,0.0,173.7,1.0,1.0,1045.7292176600015,1000.0,1046.5180176600015,1000.0,0.027483405373631167,0.0
1171,1646375880000.0,0.0,0.0,0.17,169.06,0.0,0.0,172.6,1.0,1.0,1045.7292176600015,1000.0,1046.3310176600014,1000.0,0.027483405373631167,0.0
1172,1646379480000.0,0.0,0.0,0.17,169.06,0.0,0.0,173.0,1.0,1.0,1045.7292176600015,1000.0,1046.3990176600014,1000.0,0.027483405373631167,0.0
1173,1646383080000.0,0.0,0.0,0.06,169.06,0.0,0.0,174.95,1.0,1.0,1046.2841865800012,1000.0,1046.6375865800012,1000.0,0.009694880349053614,0.0
1174,1646386680000.0,0.0,0.0,0.06,169.06,0.0,0.0,176.85,1.0,1.0,1046.2841865800012,1000.0,1046.7515865800012,1000.0,0.009694880349053614,0.0
1175,1646390280000.0,0.0,0.0,0.0,169.06,0.0,0.0,178.55,1.0,1.0,1046.8328477000011,1000.0,1046.8328477000011,1000.0,0.0,0.0
1176,1646393880000.0,0.0,0.0,0.0,169.06,0.0,0.0,177.2,1.0,1.0,1046.8328477000011,1000.0,1046.8328477000011,1000.0,0.0,0.0
1177,1646397480000.0,0.0,0.0,0.0,169.06,0.0,0.0,174.5,1.0,1.0,1046.8328477000011,1000.0,1046.8328477000011,1000.0,0.0,0.0
1178,1646401080000.0,0.0,0.0,0.0,169.06,0.0,0.0,170.9,1.0,1.0,1046.8328477000011,1000.0,1046.8328477000011,1000.0,0.0,0.0
1179,1646404680000.0,0.0,0.0,0.25,168.3,0.0,0.0,168.75,1.0,1.0,1046.8244327000011,1000.0,1046.936932700001,1000.0,0.040192986221652176,0.0
1180,1646408280000.0,0.0,0.0,0.25,168.3,0.0,0.0,167.7,1.0,1.0,1046.8244327000011,1000.0,1046.674432700001,1000.0,0.040192986221652176,0.0
1181,1646411880000.0,0.0,0.0,0.25,168.3,0.0,0.0,167.65,1.0,1.0,1046.8244327000011,1000.0,1046.6619327000012,1000.0,0.040192986221652176,0.0
1182,1646415480000.0,0.0,0.0,0.25,168.3,0.0,0.0,167.35,1.0,1.0,1046.8244327000011,1000.0,1046.5869327000012,1000.0,0.040192986221652176,0.0
1183,1646419080000.0,0.0,0.0,0.25,168.3,0.0,0.0,166.15,1.0,1.0,1046.8244327000011,1000.0,1046.2869327000012,1000.0,0.040192986221652176,0.0
1184,1646422680000.0,0.0,0.0,0.25,168.3,0.0,0.0,163.05,1.0,1.0,1046.8244327000011,1000.0,1045.5119327000011,1000.0,0.040192986221652176,0.0
1185,1646426280000.0,0.0,0.0,0.51,164.72117647058823,0.0,0.0,160.25,1.0,1.0,1046.8160461400012,1000.0,1044.5357461400013,1000.0,0.08025077596944363,0.0
1186,1646429880000.0,0.0,0.0,0.51,164.72117647058823,0.0,0.0,159.8,1.0,1.0,1046.8160461400012,1000.0,1044.3062461400011,1000.0,0.08025077596944363,0.0
1187,1646433480000.0,0.0,0.0,0.51,164.72117647058823,0.0,0.0,156.85,1.0,1.0,1046.8160461400012,1000.0,1042.8017461400011,1000.0,0.08025077596944363,0.0
1188,1646437080000.0,0.0,0.0,0.51,164.72117647058823,0.0,0.0,159.15,1.0,1.0,1046.8160461400012,1000.0,1043.9747461400011,1000.0,0.08025077596944363,0.0
1189,1646440680000.0,0.0,0.0,0.51,164.72117647058823,0.0,0.0,157.55,1.0,1.0,1046.8160461400012,1000.0,1043.158746140001,1000.0,0.08025077596944363,0.0
1190,1646444280000.0,0.0,0.0,0.51,164.72117647058823,0.0,0.0,156.75,1.0,1.0,1046.8160461400012,1000.0,1042.7507461400012,1000.0,0.08025077596944363,0.0
1191,1646447880000.0,0.0,0.0,0.51,164.72117647058823,0.0,0.0,156.1,1.0,1.0,1046.8160461400012,1000.0,1042.4192461400012,1000.0,0.08025077596944363,0.0
1192,1646451480000.0,0.0,0.0,0.51,164.72117647058823,0.0,0.0,156.55,1.0,1.0,1046.8160461400012,1000.0,1042.648746140001,1000.0,0.08025077596944363,0.0
1193,1646455080000.0,0.0,0.0,0.51,164.72117647058823,0.0,0.0,156.65,1.0,1.0,1046.8160461400012,1000.0,1042.6997461400013,1000.0,0.08025077596944363,0.0
1194,1646458680000.0,0.0,0.0,0.51,164.72117647058823,0.0,0.0,156.7,1.0,1.0,1046.8160461400012,1000.0,1042.7252461400012,1000.0,0.08025077596944363,0.0
1195,1646462280000.0,0.0,0.0,0.51,164.72117647058823,0.0,0.0,157.45,1.0,1.0,1046.8160461400012,1000.0,1043.1077461400012,1000.0,0.08025077596944363,0.0
1196,1646465880000.0,0.0,0.0,0.51,164.72117647058823,0.0,0.0,157.45,1.0,1.0,1046.8160461400012,1000.0,1043.1077461400012,1000.0,0.08025077596944363,0.0
1197,1646469480000.0,0.0,0.0,0.51,164.72117647058823,0.0,0.0,158.3,1.0,1.0,1046.8160461400012,1000.0,1043.5412461400012,1000.0,0.08025077596944363,0.0
1198,1646473080000.0,0.0,0.0,0.51,164.72117647058823,0.0,0.0,158.95,1.0,1.0,1046.8160461400012,1000.0,1043.8727461400013,1000.0,0.08025077596944363,0.0
1199,1646476680000.0,0.0,0.0,0.51,164.72117647058823,0.0,0.0,158.4,1.0,1.0,1046.8160461400012,1000.0,1043.5922461400012,1000.0,0.08025077596944363,0.0
1200,1646480280000.0,0.0,0.0,0.51,164.72117647058823,0.0,0.0,159.4,1.0,1.0,1046.8160461400012,1000.0,1044.1022461400012,1000.0,0.08025077596944363,0.0
1201,1646483880000.0,0.0,0.0,0.51,164.72117647058823,0.0,0.0,160.8,1.0,1.0,1046.8160461400012,1000.0,1044.816246140001,1000.0,0.08025077596944363,0.0
1202,1646487480000.0,0.0,0.0,0.51,164.72117647058823,0.0,0.0,159.7,1.0,1.0,1046.8160461400012,1000.0,1044.2552461400012,1000.0,0.08025077596944363,0.0
1203,1646491080000.0,0.0,0.0,0.51,164.72117647058823,0.0,0.0,160.25,1.0,1.0,1046.8160461400012,1000.0,1044.5357461400013,1000.0,0.08025077596944363,0.0
1204,1646494680000.0,0.0,0.0,0.51,164.72117647058823,0.0,0.0,160.6,1.0,1.0,1046.8160461400012,1000.0,1044.7142461400013,1000.0,0.08025077596944363,0.0
1205,1646498280000.0,0.0,0.0,0.51,164.72117647058823,0.0,0.0,161.3,1.0,1.0,1046.8160461400012,1000.0,1045.0712461400012,1000.0,0.08025077596944363,0.0
1206,1646501880000.0,0.0,0.0,0.51,164.72117647058823,0.0,0.0,161.95,1.0,1.0,1046.8160461400012,1000.0,1045.4027461400012,1000.0,0.08025077596944363,0.0
1207,1646505480000.0,0.0,0.0,0.51,164.72117647058823,0.0,0.0,160.85,1.0,1.0,1046.8160461400012,1000.0,1044.841746140001,1000.0,0.08025077596944363,0.0
1208,1646509080000.0,0.0,0.0,0.51,164.72117647058823,0.0,0.0,161.35,1.0,1.0,1046.8160461400012,1000.0,1045.0967461400012,1000.0,0.08025077596944363,0.0
1209,1646512680000.0,0.0,0.0,0.51,164.72117647058823,0.0,0.0,161.85,1.0,1.0,1046.8160461400012,1000.0,1045.351746140001,1000.0,0.08025077596944363,0.0
1210,1646516280000.0,0.0,0.0,0.51,164.72117647058823,0.0,0.0,162.25,1.0,1.0,1046.8160461400012,1000.0,1045.5557461400012,1000.0,0.08025077596944363,0.0
1211,1646519880000.0,0.0,0.0,0.51,164.72117647058823,0.0,0.0,162.85,1.0,1.0,1046.8160461400012,1000.0,1045.861746140001,1000.0,0.08025077596944363,0.0
1212,1646523480000.0,0.0,0.0,0.51,164.72117647058823,0.0,0.0,164.85,1.0,1.0,1046.8160461400012,1000.0,1046.8817461400013,1000.0,0.08025077596944363,0.0
1213,1646527080000.0,0.0,0.0,0.51,164.72117647058823,0.0,0.0,168.35,1.0,1.0,1046.8160461400012,1000.0,1048.6667461400011,1000.0,0.08025077596944363,0.0
1214,1646530680000.0,0.0,0.0,0.08,164.72117647058823,0.0,0.0,169.4,1.0,1.0,1048.9294486376484,1000.0,1049.3037545200013,1000.0,0.012562993759744541,0.0
1215,1646534280000.0,0.0,0.0,0.06,164.72117647058823,0.0,0.0,169.05,1.0,1.0,1049.0277464282367,1000.0,1049.2874758400014,1000.0,0.009421362420475692,0.0
1216,1646537880000.0,0.0,0.0,0.06,164.72117647058823,0.0,0.0,167.3,1.0,1.0,1049.0277464282367,1000.0,1049.1824758400014,1000.0,0.009421362420475692,0.0
1217,1646541480000.0,0.0,0.0,0.06,164.72117647058823,0.0,0.0,167.45,1.0,1.0,1049.0277464282367,1000.0,1049.1914758400014,1000.0,0.009421362420475692,0.0
1218,1646545080000.0,0.0,0.0,0.06,164.72117647058823,0.0,0.0,168.65,1.0,1.0,1049.0277464282367,1000.0,1049.2634758400013,1000.0,0.009421362420475692,0.0
1219,1646548680000.0,0.0,0.0,0.03,164.72117647058823,0.0,0.0,171.15,1.0,1.0,1049.175193114119,1000.0,1049.3680578200015,1000.0,0.004710019190837029,0.0
1220,1646552280000.0,0.0,0.0,0.02,164.72117647058823,0.0,0.0,171.5,1.0,1.0,1049.2642340294133,1000.0,1049.3998105000014,1000.0,0.003139746331351093,0.0
1221,1646555880000.0,0.0,0.0,0.02,164.72117647058823,0.0,0.0,171.0,1.0,1.0,1049.2642340294133,1000.0,1049.3898105000014,1000.0,0.003139746331351093,0.0
1222,1646559480000.0,0.0,0.0,0.01,164.72117647058823,0.0,0.0,168.6,1.0,1.0,1049.3133829247074,1000.0,1049.3521711600015,1000.0,0.0015697996342281253,0.0
1223,1646563080000.0,0.0,0.0,0.01,164.72117647058823,0.0,0.0,165.95,1.0,1.0,1049.3133829247074,1000.0,1049.3256711600015,1000.0,0.0015697996342281253,0.0
1224,1646566680000.0,0.0,0.0,0.01,164.72117647058823,0.0,0.0,166.95,1.0,1.0,1049.3133829247074,1000.0,1049.3356711600015,1000.0,0.0015697996342281253,0.0
1225,1646570280000.0,0.0,0.0,0.0,164.72117647058823,0.0,0.0,168.95,1.0,1.0,1049.3625318200015,1000.0,1049.3625318200015,1000.0,0.0,0.0
1226,1646573880000.0,0.0,0.0,0.0,164.72117647058823,0.0,0.0,169.35,1.0,1.0,1049.3625318200015,1000.0,1049.3625318200015,1000.0,0.0,0.0
1227,1646577480000.0,0.0,0.0,0.0,164.72117647058823,0.0,0.0,167.5,1.0,1.0,1049.3625318200015,1000.0,1049.3625318200015,1000.0,0.0,0.0
1228,1646581080000.0,0.0,0.0,0.0,164.72117647058823,0.0,0.0,165.9,1.0,1.0,1049.3625318200015,1000.0,1049.3625318200015,1000.0,0.0,0.0
1229,1646584680000.0,0.0,0.0,0.0,164.72117647058823,0.0,0.0,166.2,1.0,1.0,1049.3625318200015,1000.0,1049.3625318200015,1000.0,0.0,0.0
1230,1646588280000.0,0.0,0.0,0.0,164.72117647058823,0.0,0.0,164.15,1.0,1.0,1049.3625318200015,1000.0,1049.3625318200015,1000.0,0.0,0.0
1231,1646591880000.0,0.0,0.0,0.0,164.72117647058823,0.0,0.0,162.4,1.0,1.0,1049.3625318200015,1000.0,1049.3625318200015,1000.0,0.0,0.0
1232,1646595480000.0,0.0,0.0,0.0,164.72117647058823,0.0,0.0,161.65,1.0,1.0,1049.3625318200015,1000.0,1049.3625318200015,1000.0,0.0,0.0
1233,1646599080000.0,0.0,0.0,0.26,160.33,0.0,0.0,161.15,1.0,1.0,1049.3541946600014,1000.0,1049.5673946600014,1000.0,0.03972519499338974,0.0
1234,1646602680000.0,0.0,0.0,0.26,160.33,0.0,0.0,161.65,1.0,1.0,1049.3541946600014,1000.0,1049.6973946600015,1000.0,0.03972519499338974,0.0
1235,1646606280000.0,0.0,0.0,0.26,160.33,0.0,0.0,163.05,1.0,1.0,1049.3541946600014,1000.0,1050.0613946600015,1000.0,0.03972519499338974,0.0
1236,1646609880000.0,0.0,0.0,0.26,160.33,0.0,0.0,159.15,1.0,1.0,1049.3541946600014,1000.0,1049.0473946600014,1000.0,0.03972519499338974,0.0
1237,1646613480000.0,0.0,0.0,0.26,160.33,0.0,0.0,159.1,1.0,1.0,1049.3541946600014,1000.0,1049.0343946600015,1000.0,0.03972519499338974,0.0
1238,1646617080000.0,0.0,0.0,0.26,160.33,0.0,0.0,160.1,1.0,1.0,1049.3541946600014,1000.0,1049.2943946600014,1000.0,0.03972519499338974,0.0
1239,1646620680000.0,0.0,0.0,0.26,160.33,0.0,0.0,157.05,1.0,1.0,1049.3541946600014,1000.0,1048.5013946600016,1000.0,0.03972519499338974,0.0
1240,1646624280000.0,0.0,0.0,0.26,160.33,0.0,0.0,155.7,1.0,1.0,1049.3541946600014,1000.0,1048.1503946600014,1000.0,0.03972519499338974,0.0
1241,1646627880000.0,0.0,0.0,0.26,160.33,0.0,0.0,155.95,1.0,1.0,1049.3541946600014,1000.0,1048.2153946600015,1000.0,0.03972519499338974,0.0
1242,1646631480000.0,0.0,0.0,0.26,160.33,0.0,0.0,156.65,1.0,1.0,1049.3541946600014,1000.0,1048.3973946600015,1000.0,0.03972519499338974,0.0
1243,1646635080000.0,0.0,0.0,0.26,160.33,0.0,0.0,157.3,1.0,1.0,1049.3541946600014,1000.0,1048.5663946600014,1000.0,0.03972519499338974,0.0
1244,1646638680000.0,0.0,0.0,0.26,160.33,0.0,0.0,156.15,1.0,1.0,1049.3541946600014,1000.0,1048.2673946600014,1000.0,0.03972519499338974,0.0
1245,1646642280000.0,0.0,0.0,0.26,160.33,0.0,0.0,157.2,1.0,1.0,1049.3541946600014,1000.0,1048.5403946600015,1000.0,0.03972519499338974,0.0
1246,1646645880000.0,0.0,0.0,0.26,160.33,0.0,0.0,157.9,1.0,1.0,1049.3541946600014,1000.0,1048.7223946600013,1000.0,0.03972519499338974,0.0
1247,1646649480000.0,0.0,0.0,0.26,160.33,0.0,0.0,157.55,1.0,1.0,1049.3541946600014,1000.0,1048.6313946600014,1000.0,0.03972519499338974,0.0
1248,1646653080000.0,0.0,0.0,0.26,160.33,0.0,0.0,158.35,1.0,1.0,1049.3541946600014,1000.0,1048.8393946600015,1000.0,0.03972519499338974,0.0
1249,1646656680000.0,0.0,0.0,0.26,160.33,0.0,0.0,160.45,1.0,1.0,1049.3541946600014,1000.0,1049.3853946600013,1000.0,0.03972519499338974,0.0
1250,1646660280000.0,0.0,0.0,0.26,160.33,0.0,0.0,160.75,1.0,1.0,1049.3541946600014,1000.0,1049.4633946600015,1000.0,0.03972519499338974,0.0
1251,1646663880000.0,0.0,0.0,0.26,160.33,0.0,0.0,161.65,1.0,1.0,1049.3541946600014,1000.0,1049.6973946600015,1000.0,0.03972519499338974,0.0
1252,1646667480000.0,0.0,0.0,0.26,160.33,0.0,0.0,161.25,1.0,1.0,1049.3541946600014,1000.0,1049.5933946600014,1000.0,0.03972519499338974,0.0
1253,1646671080000.0,0.0,0.0,0.26,160.33,0.0,0.0,161.3,1.0,1.0,1049.3541946600014,1000.0,1049.6063946600013,1000.0,0.03972519499338974,0.0
1254,1646674680000.0,0.0,0.0,0.26,160.33,0.0,0.0,159.2,1.0,1.0,1049.3541946600014,1000.0,1049.0603946600015,1000.0,0.03972519499338974,0.0
1255,1646678280000.0,0.0,0.0,0.26,160.33,0.0,0.0,157.45,1.0,1.0,1049.3541946600014,1000.0,1048.6053946600014,1000.0,0.03972519499338974,0.0
1256,1646681880000.0,0.0,0.0,0.26,160.33,0.0,0.0,155.2,1.0,1.0,1049.3541946600014,1000.0,1048.0203946600013,1000.0,0.03972519499338974,0.0
1257,1646685480000.0,0.0,0.0,0.53,156.93716981132076,0.0,0.0,154.35,1.0,1.0,1049.3458964800013,1000.0,1047.9746964800013,1000.0,0.0792652835247307,0.0
1258,1646689080000.0,0.0,0.0,0.53,156.93716981132076,0.0,0.0,156.25,1.0,1.0,1049.3458964800013,1000.0,1048.9816964800013,1000.0,0.0792652835247307,0.0
1259,1646692680000.0,0.0,0.0,0.53,156.93716981132076,0.0,0.0,158.85,1.0,1.0,1049.3458964800013,1000.0,1050.3596964800013,1000.0,0.0792652835247307,0.0
1260,1646696280000.0,0.0,0.0,0.53,156.93716981132076,0.0,0.0,158.9,1.0,1.0,1049.3458964800013,1000.0,1050.3861964800012,1000.0,0.0792652835247307,0.0
1261,1646699880000.0,0.0,0.0,0.53,156.93716981132076,0.0,0.0,160.05,1.0,1.0,1049.3458964800013,1000.0,1050.9956964800012,1000.0,0.0792652835247307,0.0
1262,1646703480000.0,0.0,0.0,0.53,156.93716981132076,0.0,0.0,160.25,1.0,1.0,1049.3458964800013,1000.0,1051.1016964800012,1000.0,0.0792652835247307,0.0
1263,1646707080000.0,0.0,0.0,0.53,156.93716981132076,0.0,0.0,160.1,1.0,1.0,1049.3458964800013,1000.0,1051.0221964800014,1000.0,0.0792652835247307,0.0
1264,1646710680000.0,0.0,0.0,0.16,156.93716981132076,0.0,0.0,160.4,1.0,1.0,1051.077681549813,1000.0,1051.6317343800017,1000.0,0.023889715870273956,0.0
1265,1646714280000.0,0.0,0.0,0.16,156.93716981132076,0.0,0.0,160.3,1.0,1.0,1051.077681549813,1000.0,1051.6157343800016,1000.0,0.023889715870273956,0.0
1266,1646717880000.0,0.0,0.0,0.16,156.93716981132076,0.0,0.0,159.1,1.0,1.0,1051.077681549813,1000.0,1051.4237343800016,1000.0,0.023889715870273956,0.0
1267,1646721480000.0,0.0,0.0,0.16,156.93716981132076,0.0,0.0,158.0,1.0,1.0,1051.077681549813,1000.0,1051.2477343800017,1000.0,0.023889715870273956,0.0
1268,1646725080000.0,0.0,0.0,0.16,156.93716981132076,0.0,0.0,159.5,1.0,1.0,1051.077681549813,1000.0,1051.4877343800017,1000.0,0.023889715870273956,0.0
1269,1646728680000.0,0.0,0.0,0.08,156.93716981132076,0.0,0.0,162.65,1.0,1.0,1051.4521215649072,1000.0,1051.9091479800015,1000.0,0.011940604167710197,0.0
1270,1646732280000.0,0.0,0.0,0.08,156.93716981132076,0.0,0.0,163.05,1.0,1.0,1051.4521215649072,1000.0,1051.9411479800015,1000.0,0.011940604167710197,0.0
1271,1646735880000.0,0.0,0.0,0.08,156.93716981132076,0.0,0.0,164.1,1.0,1.0,1051.4521215649072,1000.0,1052.0251479800015,1000.0,0.011940604167710197,0.0
1272,1646739480000.0,0.0,0.0,0.08,156.93716981132076,0.0,0.0,164.05,1.0,1.0,1051.4521215649072,1000.0,1052.0211479800016,1000.0,0.011940604167710197,0.0
1273,1646743080000.0,0.0,0.0,0.08,156.93716981132076,0.0,0.0,164.55,1.0,1.0,1051.4521215649072,1000.0,1052.0611479800016,1000.0,0.011940604167710197,0.0
1274,1646746680000.0,0.0,0.0,0.01,156.93716981132076,0.0,0.0,165.95,1.0,1.0,1052.0464032381149,1000.0,1052.1365315400017,1000.0,0.0014917323924902995,0.0
1275,1646750280000.0,0.0,0.0,0.0,156.93716981132076,0.0,0.0,167.75,1.0,1.0,1052.1692930200015,1000.0,1052.1692930200015,1000.0,0.0,0.0
1276,1646753880000.0,0.0,0.0,0.0,156.93716981132076,0.0,0.0,165.75,1.0,1.0,1052.1692930200015,1000.0,1052.1692930200015,1000.0,0.0,0.0
1277,1646757480000.0,0.0,0.0,0.0,156.93716981132076,0.0,0.0,171.0,1.0,1.0,1052.1692930200015,1000.0,1052.1692930200015,1000.0,0.0,0.0
1278,1646761080000.0,0.0,0.0,0.0,156.93716981132076,0.0,0.0,172.15,1.0,1.0,1052.1692930200015,1000.0,1052.1692930200015,1000.0,0.0,0.0
1279,1646764680000.0,0.0,0.0,0.0,156.93716981132076,0.0,0.0,170.9,1.0,1.0,1052.1692930200015,1000.0,1052.1692930200015,1000.0,0.0,0.0
1280,1646768280000.0,0.0,0.0,0.0,156.93716981132076,0.0,0.0,168.85,1.0,1.0,1052.1692930200015,1000.0,1052.1692930200015,1000.0,0.0,0.0
1281,1646771880000.0,0.0,0.0,0.0,156.93716981132076,0.0,0.0,168.55,1.0,1.0,1052.1692930200015,1000.0,1052.1692930200015,1000.0,0.0,0.0
1282,1646775480000.0,0.0,0.0,0.0,156.93716981132076,0.0,0.0,169.3,1.0,1.0,1052.1692930200015,1000.0,1052.1692930200015,1000.0,0.0,0.0
1283,1646779080000.0,0.0,0.0,0.0,156.93716981132076,0.0,0.0,173.2,1.0,1.0,1052.1692930200015,1000.0,1052.1692930200015,1000.0,0.0,0.0
1284,1646782680000.0,0.0,0.0,0.0,156.93716981132076,0.0,0.0,197.3,1.0,1.0,1052.1692930200015,1000.0,1052.1692930200015,1000.0,0.0,0.0
1285,1646786280000.0,0.0,0.0,0.0,156.93716981132076,0.0,0.0,199.55,1.0,1.0,1052.1692930200015,1000.0,1052.1692930200015,1000.0,0.0,0.0
1286,1646789880000.0,0.0,0.0,0.0,156.93716981132076,0.0,0.0,202.15,1.0,1.0,1052.1692930200015,1000.0,1052.1692930200015,1000.0,0.0,0.0
1287,1646793480000.0,0.0,0.0,0.0,156.93716981132076,0.0,0.0,200.2,1.0,1.0,1052.1692930200015,1000.0,1052.1692930200015,1000.0,0.0,0.0
1288,1646797080000.0,0.0,0.0,0.0,156.93716981132076,0.0,0.0,205.5,1.0,1.0,1052.1692930200015,1000.0,1052.1692930200015,1000.0,0.0,0.0
1289,1646800680000.0,0.0,0.0,0.0,156.93716981132076,0.0,0.0,203.5,1.0,1.0,1052.1692930200015,1000.0,1052.1692930200015,1000.0,0.0,0.0
1290,1646804280000.0,0.0,0.0,0.0,156.93716981132076,0.0,0.0,203.3,1.0,1.0,1052.1692930200015,1000.0,1052.1692930200015,1000.0,0.0,0.0
1291,1646807880000.0,0.0,0.0,0.0,156.93716981132076,0.0,0.0,201.05,1.0,1.0,1052.1692930200015,1000.0,1052.1692930200015,1000.0,0.0,0.0
1292,1646811480000.0,0.0,0.0,0.0,156.93716981132076,0.0,0.0,199.7,1.0,1.0,1052.1692930200015,1000.0,1052.1692930200015,1000.0,0.0,0.0
1293,1646815080000.0,0.0,0.0,0.0,156.93716981132076,0.0,0.0,198.0,1.0,1.0,1052.1692930200015,1000.0,1052.1692930200015,1000.0,0.0,0.0
1294,1646818680000.0,0.0,0.0,0.0,156.93716981132076,0.0,0.0,196.1,1.0,1.0,1052.1692930200015,1000.0,1052.1692930200015,1000.0,0.0,0.0
1295,1646822280000.0,0.0,0.0,0.0,156.93716981132076,0.0,0.0,196.2,1.0,1.0,1052.1692930200015,1000.0,1052.1692930200015,1000.0,0.0,0.0
1296,1646825880000.0,0.0,0.0,0.0,156.93716981132076,0.0,0.0,195.05,1.0,1.0,1052.1692930200015,1000.0,1052.1692930200015,1000.0,0.0,0.0
1297,1646829480000.0,0.0,0.0,0.0,156.93716981132076,0.0,0.0,193.75,1.0,1.0,1052.1692930200015,1000.0,1052.1692930200015,1000.0,0.0,0.0
1298,1646833080000.0,0.0,0.0,0.0,156.93716981132076,0.0,0.0,192.95,1.0,1.0,1052.1692930200015,1000.0,1052.1692930200015,1000.0,0.0,0.0
1299,1646836680000.0,0.0,0.0,0.0,156.93716981132076,0.0,0.0,196.7,1.0,1.0,1052.1692930200015,1000.0,1052.1692930200015,1000.0,0.0,0.0
1300,1646840280000.0,0.0,0.0,0.0,156.93716981132076,0.0,0.0,195.35,1.0,1.0,1052.1692930200015,1000.0,1052.1692930200015,1000.0,0.0,0.0
1301,1646843880000.0,0.0,0.0,0.0,156.93716981132076,0.0,0.0,193.55,1.0,1.0,1052.1692930200015,1000.0,1052.1692930200015,1000.0,0.0,0.0
1302,1646847480000.0,0.0,0.0,0.0,156.93716981132076,0.0,0.0,188.85,1.0,1.0,1052.1692930200015,1000.0,1052.1692930200015,1000.0,0.0,0.0
1303,1646851080000.0,0.0,0.0,0.0,156.93716981132076,0.0,0.0,186.9,1.0,1.0,1052.1692930200015,1000.0,1052.1692930200015,1000.0,0.0,0.0
1304,1646854680000.0,0.0,0.0,0.0,156.93716981132076,0.0,0.0,188.75,1.0,1.0,1052.1692930200015,1000.0,1052.1692930200015,1000.0,0.0,0.0
1305,1646858280000.0,0.0,0.0,0.0,156.93716981132076,0.0,0.0,188.65,1.0,1.0,1052.1692930200015,1000.0,1052.1692930200015,1000.0,0.0,0.0
1306,1646861880000.0,0.0,0.0,0.0,156.93716981132076,0.0,0.0,186.9,1.0,1.0,1052.1692930200015,1000.0,1052.1692930200015,1000.0,0.0,0.0
1307,1646865480000.0,0.0,0.0,0.0,156.93716981132076,0.0,0.0,186.8,1.0,1.0,1052.1692930200015,1000.0,1052.1692930200015,1000.0,0.0,0.0
1308,1646869080000.0,0.0,0.0,0.0,156.93716981132076,0.0,0.0,190.3,1.0,1.0,1052.1692930200015,1000.0,1052.1692930200015,1000.0,0.0,0.0
1309,1646872680000.0,0.0,0.0,0.0,156.93716981132076,0.0,0.0,189.3,1.0,1.0,1052.1692930200015,1000.0,1052.1692930200015,1000.0,0.0,0.0
1310,1646876280000.0,0.0,0.0,0.0,156.93716981132076,0.0,0.0,189.55,1.0,1.0,1052.1692930200015,1000.0,1052.1692930200015,1000.0,0.0,0.0
1311,1646879880000.0,0.0,0.0,0.23,183.11,0.0,0.0,184.15,1.0,1.0,1052.1608699600015,1000.0,1052.4000699600015,1000.0,0.040027434209372416,0.0
1312,1646883480000.0,0.0,0.0,0.23,183.11,0.0,0.0,183.1,1.0,1.0,1052.1608699600015,1000.0,1052.1585699600014,1000.0,0.040027434209372416,0.0
1313,1646887080000.0,0.0,0.0,0.23,183.11,0.0,0.0,178.35,1.0,1.0,1052.1608699600015,1000.0,1051.0660699600014,1000.0,0.040027434209372416,0.0
1314,1646890680000.0,0.0,0.0,0.47,179.21382978723403,0.0,0.0,174.4,1.0,1.0,1052.1524469200015,1000.0,1049.8899469200014,1000.0,0.08005541425728804,0.0
1315,1646894280000.0,0.0,0.0,0.47,179.21382978723403,0.0,0.0,172.95,1.0,1.0,1052.1524469200015,1000.0,1049.2084469200015,1000.0,0.08005541425728804,0.0
1316,1646897880000.0,0.0,0.0,0.47,179.21382978723403,0.0,0.0,174.1,1.0,1.0,1052.1524469200015,1000.0,1049.7489469200016,1000.0,0.08005541425728804,0.0
1317,1646901480000.0,0.0,0.0,0.47,179.21382978723403,0.0,0.0,173.85,1.0,1.0,1052.1524469200015,1000.0,1049.6314469200015,1000.0,0.08005541425728804,0.0
1318,1646905080000.0,0.0,0.0,0.47,179.21382978723403,0.0,0.0,174.65,1.0,1.0,1052.1524469200015,1000.0,1050.0074469200015,1000.0,0.08005541425728804,0.0
1319,1646908680000.0,0.0,0.0,0.47,179.21382978723403,0.0,0.0,173.15,1.0,1.0,1052.1524469200015,1000.0,1049.3024469200016,1000.0,0.08005541425728804,0.0
1320,1646912280000.0,0.0,0.0,0.47,179.21382978723403,0.0,0.0,171.1,1.0,1.0,1052.1524469200015,1000.0,1048.3389469200015,1000.0,0.08005541425728804,0.0
1321,1646915880000.0,0.0,0.0,0.72,175.70555555555555,0.0,0.0,171.0,1.0,1.0,1052.1439914200014,1000.0,1048.7559914200015,1000.0,0.12023829535847223,0.0
1322,1646919480000.0,0.0,0.0,0.72,175.70555555555555,0.0,0.0,171.1,1.0,1.0,1052.1439914200014,1000.0,1048.8279914200014,1000.0,0.12023829535847223,0.0
1323,1646923080000.0,0.0,0.0,0.72,175.70555555555555,0.0,0.0,167.95,1.0,1.0,1052.1439914200014,1000.0,1046.5599914200013,1000.0,0.12023829535847223,0.0
1324,1646926680000.0,0.0,0.0,0.72,175.70555555555555,0.0,0.0,170.0,1.0,1.0,1052.1439914200014,1000.0,1048.0359914200014,1000.0,0.12023829535847223,0.0
1325,1646930280000.0,0.0,0.0,0.72,175.70555555555555,0.0,0.0,170.1,1.0,1.0,1052.1439914200014,1000.0,1048.1079914200013,1000.0,0.12023829535847223,0.0
1326,1646933880000.0,0.0,0.0,0.72,175.70555555555555,0.0,0.0,170.75,1.0,1.0,1052.1439914200014,1000.0,1048.5759914200014,1000.0,0.12023829535847223,0.0
1327,1646937480000.0,0.0,0.0,0.72,175.70555555555555,0.0,0.0,172.1,1.0,1.0,1052.1439914200014,1000.0,1049.5479914200014,1000.0,0.12023829535847223,0.0
1328,1646941080000.0,0.0,0.0,0.72,175.70555555555555,0.0,0.0,172.35,1.0,1.0,1052.1439914200014,1000.0,1049.7279914200014,1000.0,0.12023829535847223,0.0
1329,1646944680000.0,0.0,0.0,0.72,175.70555555555555,0.0,0.0,172.35,1.0,1.0,1052.1439914200014,1000.0,1049.7279914200014,1000.0,0.12023829535847223,0.0
1330,1646948280000.0,0.0,0.0,0.72,175.70555555555555,0.0,0.0,171.65,1.0,1.0,1052.1439914200014,1000.0,1049.2239914200013,1000.0,0.12023829535847223,0.0
1331,1646951880000.0,0.0,0.0,0.72,175.70555555555555,0.0,0.0,169.45,1.0,1.0,1052.1439914200014,1000.0,1047.6399914200015,1000.0,0.12023829535847223,0.0
1332,1646955480000.0,0.0,0.0,0.1,175.70555555555555,0.0,0.0,178.85,1.0,1.0,1055.3917054555566,1000.0,1055.706149900001,1000.0,0.016648373740981107,0.0
1333,1646959080000.0,0.0,0.0,0.1,175.70555555555555,0.0,0.0,172.8,1.0,1.0,1055.3917054555566,1000.0,1055.101149900001,1000.0,0.016648373740981107,0.0
1334,1646962680000.0,0.0,0.0,0.25,171.95822222222222,0.0,0.0,170.0,1.0,1.0,1055.3866216555566,1000.0,1054.897066100001,1000.0,0.040733466460015376,0.0
1335,1646966280000.0,0.0,0.0,0.25,171.95822222222222,0.0,0.0,170.0,1.0,1.0,1055.3866216555566,1000.0,1054.897066100001,1000.0,0.040733466460015376,0.0
1336,1646969880000.0,0.0,0.0,0.25,171.95822222222222,0.0,0.0,170.95,1.0,1.0,1055.3866216555566,1000.0,1055.134566100001,1000.0,0.040733466460015376,0.0
1337,1646973480000.0,0.0,0.0,0.25,171.95822222222222,0.0,0.0,170.2,1.0,1.0,1055.3866216555566,1000.0,1054.947066100001,1000.0,0.040733466460015376,0.0
1338,1646977080000.0,0.0,0.0,0.25,171.95822222222222,0.0,0.0,171.45,1.0,1.0,1055.3866216555566,1000.0,1055.259566100001,1000.0,0.040733466460015376,0.0
1339,1646980680000.0,0.0,0.0,0.25,171.95822222222222,0.0,0.0,172.25,1.0,1.0,1055.3866216555566,1000.0,1055.459566100001,1000.0,0.040733466460015376,0.0
1340,1646984280000.0,0.0,0.0,0.25,171.95822222222222,0.0,0.0,171.9,1.0,1.0,1055.3866216555566,1000.0,1055.3720661000011,1000.0,0.040733466460015376,0.0
1341,1646987880000.0,0.0,0.0,0.25,171.95822222222222,0.0,0.0,169.6,1.0,1.0,1055.3866216555566,1000.0,1054.797066100001,1000.0,0.040733466460015376,0.0
1342,1646991480000.0,0.0,0.0,0.25,171.95822222222222,0.0,0.0,168.65,1.0,1.0,1055.3866216555566,1000.0,1054.5595661000011,1000.0,0.040733466460015376,0.0
1343,1646995080000.0,0.0,0.0,0.25,171.95822222222222,0.0,0.0,169.7,1.0,1.0,1055.3866216555566,1000.0,1054.822066100001,1000.0,0.040733466460015376,0.0
1344,1646998680000.0,0.0,0.0,0.25,171.95822222222222,0.0,0.0,172.25,1.0,1.0,1055.3866216555566,1000.0,1055.459566100001,1000.0,0.040733466460015376,0.0
1345,1647002280000.0,0.0,0.0,0.25,171.95822222222222,0.0,0.0,175.1,1.0,1.0,1055.3866216555566,1000.0,1056.172066100001,1000.0,0.040733466460015376,0.0
1346,1647005880000.0,0.0,0.0,0.25,171.95822222222222,0.0,0.0,172.65,1.0,1.0,1055.3866216555566,1000.0,1055.5595661000011,1000.0,0.040733466460015376,0.0
1347,1647009480000.0,0.0,0.0,0.25,171.95822222222222,0.0,0.0,172.4,1.0,1.0,1055.3866216555566,1000.0,1055.4970661000011,1000.0,0.040733466460015376,0.0
1348,1647013080000.0,0.0,0.0,0.25,171.95822222222222,0.0,0.0,173.9,1.0,1.0,1055.3866216555566,1000.0,1055.8720661000011,1000.0,0.040733466460015376,0.0
1349,1647016680000.0,0.0,0.0,0.25,171.95822222222222,0.0,0.0,171.25,1.0,1.0,1055.3866216555566,1000.0,1055.209566100001,1000.0,0.040733466460015376,0.0
1350,1647020280000.0,0.0,0.0,0.25,171.95822222222222,0.0,0.0,173.45,1.0,1.0,1055.3866216555566,1000.0,1055.759566100001,1000.0,0.040733466460015376,0.0
1351,1647023880000.0,0.0,0.0,0.25,171.95822222222222,0.0,0.0,173.6,1.0,1.0,1055.3866216555566,1000.0,1055.797066100001,1000.0,0.040733466460015376,0.0
1352,1647027480000.0,0.0,0.0,0.25,171.95822222222222,0.0,0.0,173.9,1.0,1.0,1055.3866216555566,1000.0,1055.8720661000011,1000.0,0.040733466460015376,0.0
1353,1647031080000.0,0.0,0.0,0.25,171.95822222222222,0.0,0.0,172.5,1.0,1.0,1055.3866216555566,1000.0,1055.522066100001,1000.0,0.040733466460015376,0.0
1354,1647034680000.0,0.0,0.0,0.25,171.95822222222222,0.0,0.0,170.85,1.0,1.0,1055.3866216555566,1000.0,1055.109566100001,1000.0,0.040733466460015376,0.0
1355,1647038280000.0,0.0,0.0,0.25,171.95822222222222,0.0,0.0,170.85,1.0,1.0,1055.3866216555566,1000.0,1055.109566100001,1000.0,0.040733466460015376,0.0
1356,1647041880000.0,0.0,0.0,0.25,171.95822222222222,0.0,0.0,170.95,1.0,1.0,1055.3866216555566,1000.0,1055.134566100001,1000.0,0.040733466460015376,0.0
1357,1647045480000.0,0.0,0.0,0.25,171.95822222222222,0.0,0.0,172.45,1.0,1.0,1055.3866216555566,1000.0,1055.509566100001,1000.0,0.040733466460015376,0.0
1358,1647049080000.0,0.0,0.0,0.12,171.95822222222222,0.0,0.0,174.7,1.0,1.0,1056.0530476466677,1000.0,1056.382060980001,1000.0,0.019539725502094932,0.0
1359,1647052680000.0,0.0,0.0,0.12,171.95822222222222,0.0,0.0,172.85,1.0,1.0,1056.0530476466677,1000.0,1056.160060980001,1000.0,0.019539725502094932,0.0
1360,1647056280000.0,0.0,0.0,0.12,171.95822222222222,0.0,0.0,173.4,1.0,1.0,1056.0530476466677,1000.0,1056.226060980001,1000.0,0.019539725502094932,0.0
1361,1647059880000.0,0.0,0.0,0.12,171.95822222222222,0.0,0.0,173.55,1.0,1.0,1056.0530476466677,1000.0,1056.244060980001,1000.0,0.019539725502094932,0.0
1362,1647063480000.0,0.0,0.0,0.12,171.95822222222222,0.0,0.0,174.3,1.0,1.0,1056.0530476466677,1000.0,1056.334060980001,1000.0,0.019539725502094932,0.0
1363,1647067080000.0,0.0,0.0,0.12,171.95822222222222,0.0,0.0,174.25,1.0,1.0,1056.0530476466677,1000.0,1056.328060980001,1000.0,0.019539725502094932,0.0
1364,1647070680000.0,0.0,0.0,0.12,171.95822222222222,0.0,0.0,174.25,1.0,1.0,1056.0530476466677,1000.0,1056.328060980001,1000.0,0.019539725502094932,0.0
1365,1647074280000.0,0.0,0.0,0.12,171.95822222222222,0.0,0.0,174.3,1.0,1.0,1056.0530476466677,1000.0,1056.334060980001,1000.0,0.019539725502094932,0.0
1366,1647077880000.0,0.0,0.0,0.12,171.95822222222222,0.0,0.0,175.5,1.0,1.0,1056.0530476466677,1000.0,1056.478060980001,1000.0,0.019539725502094932,0.0
1367,1647081480000.0,0.0,0.0,0.08,171.95822222222222,0.0,0.0,178.65,1.0,1.0,1056.2581017977789,1000.0,1056.793444020001,1000.0,0.013023954802678992,0.0
1368,1647085080000.0,0.0,0.0,0.08,171.95822222222222,0.0,0.0,178.7,1.0,1.0,1056.2581017977789,1000.0,1056.7974440200012,1000.0,0.013023954802678992,0.0
1369,1647088680000.0,0.0,0.0,0.08,171.95822222222222,0.0,0.0,178.1,1.0,1.0,1056.2581017977789,1000.0,1056.7494440200012,1000.0,0.013023954802678992,0.0
1370,1647092280000.0,0.0,0.0,0.08,171.95822222222222,0.0,0.0,179.1,1.0,1.0,1056.2581017977789,1000.0,1056.8294440200011,1000.0,0.013023954802678992,0.0
1371,1647095880000.0,0.0,0.0,0.0,171.95822222222222,0.0,0.0,178.4,1.0,1.0,1057.0017433800012,1000.0,1057.0017433800012,1000.0,0.0,0.0
1372,1647099480000.0,0.0,0.0,0.0,171.95822222222222,0.0,0.0,182.3,1.0,1.0,1057.0017433800012,1000.0,1057.0017433800012,1000.0,0.0,0.0
1373,1647103080000.0,0.0,0.0,0.0,171.95822222222222,0.0,0.0,183.35,1.0,1.0,1057.0017433800012,1000.0,1057.0017433800012,1000.0,0.0,0.0
1374,1647106680000.0,0.0,0.0,0.0,171.95822222222222,0.0,0.0,183.4,1.0,1.0,1057.0017433800012,1000.0,1057.0017433800012,1000.0,0.0,0.0
1375,1647110280000.0,0.0,0.0,0.0,171.95822222222222,0.0,0.0,184.7,1.0,1.0,1057.0017433800012,1000.0,1057.0017433800012,1000.0,0.0,0.0
1376,1647113880000.0,0.0,0.0,0.0,171.95822222222222,0.0,0.0,184.95,1.0,1.0,1057.0017433800012,1000.0,1057.0017433800012,1000.0,0.0,0.0
1377,1647117480000.0,0.0,0.0,0.0,171.95822222222222,0.0,0.0,185.65,1.0,1.0,1057.0017433800012,1000.0,1057.0017433800012,1000.0,0.0,0.0
1378,1647121080000.0,0.0,0.0,0.0,171.95822222222222,0.0,0.0,184.9,1.0,1.0,1057.0017433800012,1000.0,1057.0017433800012,1000.0,0.0,0.0
1379,1647124680000.0,0.0,0.0,0.0,171.95822222222222,0.0,0.0,184.15,1.0,1.0,1057.0017433800012,1000.0,1057.0017433800012,1000.0,0.0,0.0
1380,1647128280000.0,0.0,0.0,0.0,171.95822222222222,0.0,0.0,184.15,1.0,1.0,1057.0017433800012,1000.0,1057.0017433800012,1000.0,0.0,0.0
1381,1647131880000.0,0.0,0.0,0.0,171.95822222222222,0.0,0.0,185.35,1.0,1.0,1057.0017433800012,1000.0,1057.0017433800012,1000.0,0.0,0.0
1382,1647135480000.0,0.0,0.0,0.0,171.95822222222222,0.0,0.0,187.6,1.0,1.0,1057.0017433800012,1000.0,1057.0017433800012,1000.0,0.0,0.0
1383,1647139080000.0,0.0,0.0,0.0,171.95822222222222,0.0,0.0,189.55,1.0,1.0,1057.0017433800012,1000.0,1057.0017433800012,1000.0,0.0,0.0
1384,1647142680000.0,0.0,0.0,0.0,171.95822222222222,0.0,0.0,193.65,1.0,1.0,1057.0017433800012,1000.0,1057.0017433800012,1000.0,0.0,0.0
1385,1647146280000.0,0.0,0.0,0.0,171.95822222222222,0.0,0.0,191.65,1.0,1.0,1057.0017433800012,1000.0,1057.0017433800012,1000.0,0.0,0.0
1386,1647149880000.0,0.0,0.0,0.0,171.95822222222222,0.0,0.0,192.4,1.0,1.0,1057.0017433800012,1000.0,1057.0017433800012,1000.0,0.0,0.0
1387,1647153480000.0,0.0,0.0,0.0,171.95822222222222,0.0,0.0,191.7,1.0,1.0,1057.0017433800012,1000.0,1057.0017433800012,1000.0,0.0,0.0
1388,1647157080000.0,0.0,0.0,0.0,171.95822222222222,0.0,0.0,193.15,1.0,1.0,1057.0017433800012,1000.0,1057.0017433800012,1000.0,0.0,0.0
1389,1647160680000.0,0.0,0.0,0.0,171.95822222222222,0.0,0.0,186.8,1.0,1.0,1057.0017433800012,1000.0,1057.0017433800012,1000.0,0.0,0.0
1390,1647164280000.0,0.0,0.0,0.0,171.95822222222222,0.0,0.0,186.35,1.0,1.0,1057.0017433800012,1000.0,1057.0017433800012,1000.0,0.0,0.0
1391,1647167880000.0,0.0,0.0,0.0,171.95822222222222,0.0,0.0,186.25,1.0,1.0,1057.0017433800012,1000.0,1057.0017433800012,1000.0,0.0,0.0
1392,1647171480000.0,0.0,0.0,0.0,171.95822222222222,0.0,0.0,185.65,1.0,1.0,1057.0017433800012,1000.0,1057.0017433800012,1000.0,0.0,0.0
1393,1647175080000.0,0.0,0.0,0.0,171.95822222222222,0.0,0.0,184.6,1.0,1.0,1057.0017433800012,1000.0,1057.0017433800012,1000.0,0.0,0.0
1394,1647178680000.0,0.0,0.0,0.0,171.95822222222222,0.0,0.0,186.1,1.0,1.0,1057.0017433800012,1000.0,1057.0017433800012,1000.0,0.0,0.0
1395,1647182280000.0,0.0,0.0,0.0,171.95822222222222,0.0,0.0,183.05,1.0,1.0,1057.0017433800012,1000.0,1057.0017433800012,1000.0,0.0,0.0
1396,1647185880000.0,0.0,0.0,0.0,171.95822222222222,0.0,0.0,184.2,1.0,1.0,1057.0017433800012,1000.0,1057.0017433800012,1000.0,0.0,0.0
1397,1647189480000.0,0.0,0.0,0.0,171.95822222222222,0.0,0.0,184.1,1.0,1.0,1057.0017433800012,1000.0,1057.0017433800012,1000.0,0.0,0.0
1398,1647193080000.0,0.0,0.0,0.0,171.95822222222222,0.0,0.0,184.75,1.0,1.0,1057.0017433800012,1000.0,1057.0017433800012,1000.0,0.0,0.0
1399,1647196680000.0,0.0,0.0,0.0,171.95822222222222,0.0,0.0,185.5,1.0,1.0,1057.0017433800012,1000.0,1057.0017433800012,1000.0,0.0,0.0
1400,1647200280000.0,0.0,0.0,0.0,171.95822222222222,0.0,0.0,184.25,1.0,1.0,1057.0017433800012,1000.0,1057.0017433800012,1000.0,0.0,0.0
1401,1647203880000.0,0.0,0.0,0.0,171.95822222222222,0.0,0.0,181.6,1.0,1.0,1057.0017433800012,1000.0,1057.0017433800012,1000.0,0.0,0.0
1402,1647207480000.0,0.0,0.0,0.0,171.95822222222222,0.0,0.0,181.15,1.0,1.0,1057.0017433800012,1000.0,1057.0017433800012,1000.0,0.0,0.0
1403,1647211080000.0,0.0,0.0,0.0,171.95822222222222,0.0,0.0,180.55,1.0,1.0,1057.0017433800012,1000.0,1057.0017433800012,1000.0,0.0,0.0
1404,1647214680000.0,0.0,0.0,0.24,178.35,0.0,0.0,175.8,1.0,1.0,1056.9931825800013,1000.0,1056.3811825800012,1000.0,0.04049600385834112,0.0
1405,1647218280000.0,0.0,0.0,0.24,178.35,0.0,0.0,175.3,1.0,1.0,1056.9931825800013,1000.0,1056.2611825800013,1000.0,0.04049600385834112,0.0
1406,1647221880000.0,0.0,0.0,0.24,178.35,0.0,0.0,176.85,1.0,1.0,1056.9931825800013,1000.0,1056.6331825800014,1000.0,0.04049600385834112,0.0
1407,1647225480000.0,0.0,0.0,0.24,178.35,0.0,0.0,178.7,1.0,1.0,1056.9931825800013,1000.0,1057.0771825800014,1000.0,0.04049600385834112,0.0
1408,1647229080000.0,0.0,0.0,0.24,178.35,0.0,0.0,178.75,1.0,1.0,1056.9931825800013,1000.0,1057.0891825800013,1000.0,0.04049600385834112,0.0
1409,1647232680000.0,0.0,0.0,0.24,178.35,0.0,0.0,181.4,1.0,1.0,1056.9931825800013,1000.0,1057.7251825800013,1000.0,0.04049600385834112,0.0
1410,1647236280000.0,0.0,0.0,0.16,178.35,0.0,0.0,182.35,1.0,1.0,1057.4190432200012,1000.0,1058.0590432200013,1000.0,0.02698646310842252,0.0
1411,1647239880000.0,0.0,0.0,0.16,178.35,0.0,0.0,182.55,1.0,1.0,1057.4190432200012,1000.0,1058.0910432200012,1000.0,0.02698646310842252,0.0
1412,1647243480000.0,0.0,0.0,0.16,178.35,0.0,0.0,181.85,1.0,1.0,1057.4190432200012,1000.0,1057.9790432200011,1000.0,0.02698646310842252,0.0
1413,1647247080000.0,0.0,0.0,0.16,178.35,0.0,0.0,180.45,1.0,1.0,1057.4190432200012,1000.0,1057.7550432200012,1000.0,0.02698646310842252,0.0
1414,1647250680000.0,0.0,0.0,0.16,178.35,0.0,0.0,180.35,1.0,1.0,1057.4190432200012,1000.0,1057.7390432200011,1000.0,0.02698646310842252,0.0
1415,1647254280000.0,0.0,0.0,0.16,178.35,0.0,0.0,180.35,1.0,1.0,1057.4190432200012,1000.0,1057.7390432200011,1000.0,0.02698646310842252,0.0
1416,1647257880000.0,0.0,0.0,0.16,178.35,0.0,0.0,178.85,1.0,1.0,1057.4190432200012,1000.0,1057.499043220001,1000.0,0.02698646310842252,0.0
1417,1647261480000.0,0.0,0.0,0.16,178.35,0.0,0.0,181.85,1.0,1.0,1057.4190432200012,1000.0,1057.9790432200011,1000.0,0.02698646310842252,0.0
1418,1647265080000.0,0.0,0.0,0.16,178.35,0.0,0.0,180.25,1.0,1.0,1057.4190432200012,1000.0,1057.7230432200013,1000.0,0.02698646310842252,0.0
1419,1647268680000.0,0.0,0.0,0.16,178.35,0.0,0.0,180.8,1.0,1.0,1057.4190432200012,1000.0,1057.8110432200012,1000.0,0.02698646310842252,0.0
1420,1647272280000.0,0.0,0.0,0.16,178.35,0.0,0.0,181.15,1.0,1.0,1057.4190432200012,1000.0,1057.8670432200013,1000.0,0.02698646310842252,0.0
1421,1647275880000.0,0.0,0.0,0.02,178.35,0.0,0.0,183.3,1.0,1.0,1058.1642993400012,1000.0,1058.2632993400011,1000.0,0.003370932096485216,0.0
1422,1647279480000.0,0.0,0.0,0.02,178.35,0.0,0.0,181.4,1.0,1.0,1058.1642993400012,1000.0,1058.2252993400011,1000.0,0.003370932096485216,0.0
1423,1647283080000.0,0.0,0.0,0.02,178.35,0.0,0.0,180.3,1.0,1.0,1058.1642993400012,1000.0,1058.2032993400012,1000.0,0.003370932096485216,0.0
1424,1647286680000.0,0.0,0.0,0.02,178.35,0.0,0.0,181.7,1.0,1.0,1058.1642993400012,1000.0,1058.2312993400012,1000.0,0.003370932096485216,0.0
1425,1647290280000.0,0.0,0.0,0.02,178.35,0.0,0.0,183.1,1.0,1.0,1058.1642993400012,1000.0,1058.2592993400012,1000.0,0.003370932096485216,0.0
1426,1647293880000.0,0.0,0.0,0.0,178.35,0.0,0.0,183.15,1.0,1.0,1058.2707645000012,1000.0,1058.2707645000012,1000.0,0.0,0.0
1427,1647297480000.0,0.0,0.0,0.0,178.35,0.0,0.0,183.5,1.0,1.0,1058.2707645000012,1000.0,1058.2707645000012,1000.0,0.0,0.0
1428,1647301080000.0,0.0,0.0,0.0,178.35,0.0,0.0,185.9,1.0,1.0,1058.2707645000012,1000.0,1058.2707645000012,1000.0,0.0,0.0
1429,1647304680000.0,0.0,0.0,0.0,178.35,0.0,0.0,184.05,1.0,1.0,1058.2707645000012,1000.0,1058.2707645000012,1000.0,0.0,0.0
1430,1647308280000.0,0.0,0.0,0.0,178.35,0.0,0.0,180.95,1.0,1.0,1058.2707645000012,1000.0,1058.2707645000012,1000.0,0.0,0.0
1431,1647311880000.0,0.0,0.0,0.0,178.35,0.0,0.0,181.45,1.0,1.0,1058.2707645000012,1000.0,1058.2707645000012,1000.0,0.0,0.0
1432,1647315480000.0,0.0,0.0,0.0,178.35,0.0,0.0,179.65,1.0,1.0,1058.2707645000012,1000.0,1058.2707645000012,1000.0,0.0,0.0
1433,1647319080000.0,0.0,0.0,0.0,178.35,0.0,0.0,182.4,1.0,1.0,1058.2707645000012,1000.0,1058.2707645000012,1000.0,0.0,0.0
1434,1647322680000.0,0.0,0.0,0.0,178.35,0.0,0.0,182.6,1.0,1.0,1058.2707645000012,1000.0,1058.2707645000012,1000.0,0.0,0.0
1435,1647326280000.0,0.0,0.0,0.0,178.35,0.0,0.0,183.1,1.0,1.0,1058.2707645000012,1000.0,1058.2707645000012,1000.0,0.0,0.0
1436,1647329880000.0,0.0,0.0,0.0,178.35,0.0,0.0,178.6,1.0,1.0,1058.2707645000012,1000.0,1058.2707645000012,1000.0,0.0,0.0
1437,1647333480000.0,0.0,0.0,0.0,178.35,0.0,0.0,178.85,1.0,1.0,1058.2707645000012,1000.0,1058.2707645000012,1000.0,0.0,0.0
1438,1647337080000.0,0.0,0.0,0.0,178.35,0.0,0.0,179.4,1.0,1.0,1058.2707645000012,1000.0,1058.2707645000012,1000.0,0.0,0.0
1439,1647340680000.0,0.0,0.0,0.0,178.35,0.0,0.0,180.85,1.0,1.0,1058.2707645000012,1000.0,1058.2707645000012,1000.0,0.0,0.0
1440,1647344280000.0,0.0,0.0,0.0,178.35,0.0,0.0,181.75,1.0,1.0,1058.2707645000012,1000.0,1058.2707645000012,1000.0,0.0,0.0
1441,1647347880000.0,0.0,0.0,0.0,178.35,0.0,0.0,183.8,1.0,1.0,1058.2707645000012,1000.0,1058.2707645000012,1000.0,0.0,0.0
1442,1647351480000.0,0.0,0.0,0.0,178.35,0.0,0.0,190.0,1.0,1.0,1058.2707645000012,1000.0,1058.2707645000012,1000.0,0.0,0.0
1443,1647355080000.0,0.0,0.0,0.0,178.35,0.0,0.0,189.95,1.0,1.0,1058.2707645000012,1000.0,1058.2707645000012,1000.0,0.0,0.0
1444,1647358680000.0,0.0,0.0,0.0,178.35,0.0,0.0,188.6,1.0,1.0,1058.2707645000012,1000.0,1058.2707645000012,1000.0,0.0,0.0
1445,1647362280000.0,0.0,0.0,0.0,178.35,0.0,0.0,187.95,1.0,1.0,1058.2707645000012,1000.0,1058.2707645000012,1000.0,0.0,0.0
1446,1647365880000.0,0.0,0.0,0.0,178.35,0.0,0.0,188.9,1.0,1.0,1058.2707645000012,1000.0,1058.2707645000012,1000.0,0.0,0.0
1447,1647369480000.0,0.0,0.0,0.0,178.35,0.0,0.0,188.2,1.0,1.0,1058.2707645000012,1000.0,1058.2707645000012,1000.0,0.0,0.0
1448,1647373080000.0,0.0,0.0,0.0,178.35,0.0,0.0,187.35,1.0,1.0,1058.2707645000012,1000.0,1058.2707645000012,1000.0,0.0,0.0
1449,1647376680000.0,0.0,0.0,0.0,178.35,0.0,0.0,185.5,1.0,1.0,1058.2707645000012,1000.0,1058.2707645000012,1000.0,0.0,0.0
1450,1647380280000.0,0.0,0.0,0.0,178.35,0.0,0.0,184.45,1.0,1.0,1058.2707645000012,1000.0,1058.2707645000012,1000.0,0.0,0.0
1451,1647383880000.0,0.0,0.0,0.0,178.35,0.0,0.0,182.95,1.0,1.0,1058.2707645000012,1000.0,1058.2707645000012,1000.0,0.0,0.0
1452,1647387480000.0,0.0,0.0,0.0,178.35,0.0,0.0,182.95,1.0,1.0,1058.2707645000012,1000.0,1058.2707645000012,1000.0,0.0,0.0
1453,1647391080000.0,0.0,0.0,0.0,178.35,0.0,0.0,185.7,1.0,1.0,1058.2707645000012,1000.0,1058.2707645000012,1000.0,0.0,0.0
1454,1647394680000.0,0.0,0.0,0.0,178.35,0.0,0.0,187.3,1.0,1.0,1058.2707645000012,1000.0,1058.2707645000012,1000.0,0.0,0.0
1455,1647398280000.0,0.0,0.0,0.0,178.35,0.0,0.0,189.45,1.0,1.0,1058.2707645000012,1000.0,1058.2707645000012,1000.0,0.0,0.0
1456,1647401880000.0,0.0,0.0,0.0,178.35,0.0,0.0,187.35,1.0,1.0,1058.2707645000012,1000.0,1058.2707645000012,1000.0,0.0,0.0
1457,1647405480000.0,0.0,0.0,0.0,178.35,0.0,0.0,187.4,1.0,1.0,1058.2707645000012,1000.0,1058.2707645000012,1000.0,0.0,0.0
1458,1647409080000.0,0.0,0.0,0.0,178.35,0.0,0.0,187.95,1.0,1.0,1058.2707645000012,1000.0,1058.2707645000012,1000.0,0.0,0.0
1459,1647412680000.0,0.0,0.0,0.0,178.35,0.0,0.0,190.3,1.0,1.0,1058.2707645000012,1000.0,1058.2707645000012,1000.0,0.0,0.0
1460,1647416280000.0,0.0,0.0,0.0,178.35,0.0,0.0,189.35,1.0,1.0,1058.2707645000012,1000.0,1058.2707645000012,1000.0,0.0,0.0
1461,1647419880000.0,0.0,0.0,0.0,178.35,0.0,0.0,191.4,1.0,1.0,1058.2707645000012,1000.0,1058.2707645000012,1000.0,0.0,0.0
1462,1647423480000.0,0.0,0.0,0.0,178.35,0.0,0.0,189.95,1.0,1.0,1058.2707645000012,1000.0,1058.2707645000012,1000.0,0.0,0.0
1463,1647427080000.0,0.0,0.0,0.0,178.35,0.0,0.0,190.4,1.0,1.0,1058.2707645000012,1000.0,1058.2707645000012,1000.0,0.0,0.0
1464,1647430680000.0,0.0,0.0,0.0,178.35,0.0,0.0,192.1,1.0,1.0,1058.2707645000012,1000.0,1058.2707645000012,1000.0,0.0,0.0
1465,1647434280000.0,0.0,0.0,0.0,178.35,0.0,0.0,191.7,1.0,1.0,1058.2707645000012,1000.0,1058.2707645000012,1000.0,0.0,0.0
1466,1647437880000.0,0.0,0.0,0.0,178.35,0.0,0.0,190.55,1.0,1.0,1058.2707645000012,1000.0,1058.2707645000012,1000.0,0.0,0.0
1467,1647441480000.0,0.0,0.0,0.0,178.35,0.0,0.0,192.0,1.0,1.0,1058.2707645000012,1000.0,1058.2707645000012,1000.0,0.0,0.0
1468,1647445080000.0,0.0,0.0,0.0,178.35,0.0,0.0,189.6,1.0,1.0,1058.2707645000012,1000.0,1058.2707645000012,1000.0,0.0,0.0
1469,1647448680000.0,0.0,0.0,0.0,178.35,0.0,0.0,187.85,1.0,1.0,1058.2707645000012,1000.0,1058.2707645000012,1000.0,0.0,0.0
1470,1647452280000.0,0.0,0.0,0.0,178.35,0.0,0.0,189.4,1.0,1.0,1058.2707645000012,1000.0,1058.2707645000012,1000.0,0.0,0.0
1471,1647455880000.0,0.0,0.0,0.0,178.35,0.0,0.0,187.6,1.0,1.0,1058.2707645000012,1000.0,1058.2707645000012,1000.0,0.0,0.0
1472,1647459480000.0,0.0,0.0,0.0,178.35,0.0,0.0,188.75,1.0,1.0,1058.2707645000012,1000.0,1058.2707645000012,1000.0,0.0,0.0
1473,1647463080000.0,0.0,0.0,0.0,178.35,0.0,0.0,189.95,1.0,1.0,1058.2707645000012,1000.0,1058.2707645000012,1000.0,0.0,0.0
1474,1647466680000.0,0.0,0.0,0.0,178.35,0.0,0.0,188.0,1.0,1.0,1058.2707645000012,1000.0,1058.2707645000012,1000.0,0.0,0.0
1475,1647470280000.0,0.0,0.0,0.0,178.35,0.0,0.0,187.0,1.0,1.0,1058.2707645000012,1000.0,1058.2707645000012,1000.0,0.0,0.0
1476,1647473880000.0,0.0,0.0,0.0,178.35,0.0,0.0,189.05,1.0,1.0,1058.2707645000012,1000.0,1058.2707645000012,1000.0,0.0,0.0
1477,1647477480000.0,0.0,0.0,0.0,178.35,0.0,0.0,191.2,1.0,1.0,1058.2707645000012,1000.0,1058.2707645000012,1000.0,0.0,0.0
1478,1647481080000.0,0.0,0.0,0.0,178.35,0.0,0.0,188.9,1.0,1.0,1058.2707645000012,1000.0,1058.2707645000012,1000.0,0.0,0.0
1479,1647484680000.0,0.0,0.0,0.0,178.35,0.0,0.0,189.7,1.0,1.0,1058.2707645000012,1000.0,1058.2707645000012,1000.0,0.0,0.0
1480,1647488280000.0,0.0,0.0,0.0,178.35,0.0,0.0,190.25,1.0,1.0,1058.2707645000012,1000.0,1058.2707645000012,1000.0,0.0,0.0
1481,1647491880000.0,0.0,0.0,0.0,178.35,0.0,0.0,188.4,1.0,1.0,1058.2707645000012,1000.0,1058.2707645000012,1000.0,0.0,0.0
1482,1647495480000.0,0.0,0.0,0.0,178.35,0.0,0.0,188.45,1.0,1.0,1058.2707645000012,1000.0,1058.2707645000012,1000.0,0.0,0.0
1483,1647499080000.0,0.0,0.0,0.0,178.35,0.0,0.0,187.95,1.0,1.0,1058.2707645000012,1000.0,1058.2707645000012,1000.0,0.0,0.0
1484,1647502680000.0,0.0,0.0,0.0,178.35,0.0,0.0,187.8,1.0,1.0,1058.2707645000012,1000.0,1058.2707645000012,1000.0,0.0,0.0
1485,1647506280000.0,0.0,0.0,0.0,178.35,0.0,0.0,189.35,1.0,1.0,1058.2707645000012,1000.0,1058.2707645000012,1000.0,0.0,0.0
1486,1647509880000.0,0.0,0.0,0.0,178.35,0.0,0.0,189.1,1.0,1.0,1058.2707645000012,1000.0,1058.2707645000012,1000.0,0.0,0.0
1487,1647513480000.0,0.0,0.0,0.0,178.35,0.0,0.0,188.0,1.0,1.0,1058.2707645000012,1000.0,1058.2707645000012,1000.0,0.0,0.0
1488,1647517080000.0,0.0,0.0,0.0,178.35,0.0,0.0,189.6,1.0,1.0,1058.2707645000012,1000.0,1058.2707645000012,1000.0,0.0,0.0
1489,1647520680000.0,0.0,0.0,0.0,178.35,0.0,0.0,189.25,1.0,1.0,1058.2707645000012,1000.0,1058.2707645000012,1000.0,0.0,0.0
1490,1647524280000.0,0.0,0.0,0.0,178.35,0.0,0.0,189.05,1.0,1.0,1058.2707645000012,1000.0,1058.2707645000012,1000.0,0.0,0.0
1491,1647527880000.0,0.0,0.0,0.0,178.35,0.0,0.0,187.95,1.0,1.0,1058.2707645000012,1000.0,1058.2707645000012,1000.0,0.0,0.0
1492,1647531480000.0,0.0,0.0,0.0,178.35,0.0,0.0,187.0,1.0,1.0,1058.2707645000012,1000.0,1058.2707645000012,1000.0,0.0,0.0
1493,1647535080000.0,0.0,0.0,0.0,178.35,0.0,0.0,187.0,1.0,1.0,1058.2707645000012,1000.0,1058.2707645000012,1000.0,0.0,0.0
1494,1647538680000.0,0.0,0.0,0.0,178.35,0.0,0.0,185.9,1.0,1.0,1058.2707645000012,1000.0,1058.2707645000012,1000.0,0.0,0.0
1495,1647542280000.0,0.0,0.0,0.0,178.35,0.0,0.0,186.4,1.0,1.0,1058.2707645000012,1000.0,1058.2707645000012,1000.0,0.0,0.0
1496,1647545880000.0,0.0,0.0,0.0,178.35,0.0,0.0,186.65,1.0,1.0,1058.2707645000012,1000.0,1058.2707645000012,1000.0,0.0,0.0
1497,1647549480000.0,0.0,0.0,0.0,178.35,0.0,0.0,186.95,1.0,1.0,1058.2707645000012,1000.0,1058.2707645000012,1000.0,0.0,0.0
1498,1647553080000.0,0.0,0.0,0.0,178.35,0.0,0.0,188.5,1.0,1.0,1058.2707645000012,1000.0,1058.2707645000012,1000.0,0.0,0.0
1499,1647556680000.0,0.0,0.0,0.0,178.35,0.0,0.0,187.95,1.0,1.0,1058.2707645000012,1000.0,1058.2707645000012,1000.0,0.0,0.0
1500,1647560280000.0,0.0,0.0,0.0,178.35,0.0,0.0,187.35,1.0,1.0,1058.2707645000012,1000.0,1058.2707645000012,1000.0,0.0,0.0
1501,1647563880000.0,0.0,0.0,0.0,178.35,0.0,0.0,188.2,1.0,1.0,1058.2707645000012,1000.0,1058.2707645000012,1000.0,0.0,0.0
1502,1647567480000.0,0.0,0.0,0.0,178.35,0.0,0.0,187.6,1.0,1.0,1058.2707645000012,1000.0,1058.2707645000012,1000.0,0.0,0.0
1503,1647571080000.0,0.0,0.0,0.0,178.35,0.0,0.0,187.15,1.0,1.0,1058.2707645000012,1000.0,1058.2707645000012,1000.0,0.0,0.0
1504,1647574680000.0,0.0,0.0,0.0,178.35,0.0,0.0,188.75,1.0,1.0,1058.2707645000012,1000.0,1058.2707645000012,1000.0,0.0,0.0
1505,1647578280000.0,0.0,0.0,0.0,178.35,0.0,0.0,189.9,1.0,1.0,1058.2707645000012,1000.0,1058.2707645000012,1000.0,0.0,0.0
1506,1647581880000.0,0.0,0.0,0.0,178.35,0.0,0.0,191.3,1.0,1.0,1058.2707645000012,1000.0,1058.2707645000012,1000.0,0.0,0.0
1507,1647585480000.0,0.0,0.0,0.0,178.35,0.0,0.0,191.05,1.0,1.0,1058.2707645000012,1000.0,1058.2707645000012,1000.0,0.0,0.0
1508,1647589080000.0,0.0,0.0,0.0,178.35,0.0,0.0,191.6,1.0,1.0,1058.2707645000012,1000.0,1058.2707645000012,1000.0,0.0,0.0
1509,1647592680000.0,0.0,0.0,0.0,178.35,0.0,0.0,192.95,1.0,1.0,1058.2707645000012,1000.0,1058.2707645000012,1000.0,0.0,0.0
1510,1647596280000.0,0.0,0.0,0.0,178.35,0.0,0.0,192.0,1.0,1.0,1058.2707645000012,1000.0,1058.2707645000012,1000.0,0.0,0.0
1511,1647599880000.0,0.0,0.0,0.0,178.35,0.0,0.0,191.2,1.0,1.0,1058.2707645000012,1000.0,1058.2707645000012,1000.0,0.0,0.0
1512,1647603480000.0,0.0,0.0,0.0,178.35,0.0,0.0,187.75,1.0,1.0,1058.2707645000012,1000.0,1058.2707645000012,1000.0,0.0,0.0
1513,1647607080000.0,0.0,0.0,0.0,178.35,0.0,0.0,188.4,1.0,1.0,1058.2707645000012,1000.0,1058.2707645000012,1000.0,0.0,0.0
1514,1647610680000.0,0.0,0.0,0.0,178.35,0.0,0.0,188.85,1.0,1.0,1058.2707645000012,1000.0,1058.2707645000012,1000.0,0.0,0.0
1515,1647614280000.0,0.0,0.0,0.0,178.35,0.0,0.0,187.95,1.0,1.0,1058.2707645000012,1000.0,1058.2707645000012,1000.0,0.0,0.0
1516,1647617880000.0,0.0,0.0,0.0,178.35,0.0,0.0,188.95,1.0,1.0,1058.2707645000012,1000.0,1058.2707645000012,1000.0,0.0,0.0
1517,1647621480000.0,0.0,0.0,0.0,178.35,0.0,0.0,190.8,1.0,1.0,1058.2707645000012,1000.0,1058.2707645000012,1000.0,0.0,0.0
1518,1647625080000.0,0.0,0.0,0.0,178.35,0.0,0.0,191.8,1.0,1.0,1058.2707645000012,1000.0,1058.2707645000012,1000.0,0.0,0.0
1519,1647628680000.0,0.0,0.0,0.0,178.35,0.0,0.0,192.35,1.0,1.0,1058.2707645000012,1000.0,1058.2707645000012,1000.0,0.0,0.0
1520,1647632280000.0,0.0,0.0,0.0,178.35,0.0,0.0,193.05,1.0,1.0,1058.2707645000012,1000.0,1058.2707645000012,1000.0,0.0,0.0
1521,1647635880000.0,0.0,0.0,0.0,178.35,0.0,0.0,193.25,1.0,1.0,1058.2707645000012,1000.0,1058.2707645000012,1000.0,0.0,0.0
1522,1647639480000.0,0.0,0.0,0.0,178.35,0.0,0.0,192.3,1.0,1.0,1058.2707645000012,1000.0,1058.2707645000012,1000.0,0.0,0.0
1523,1647643080000.0,0.0,0.0,0.0,178.35,0.0,0.0,193.0,1.0,1.0,1058.2707645000012,1000.0,1058.2707645000012,1000.0,0.0,0.0
1524,1647646680000.0,0.0,0.0,0.0,178.35,0.0,0.0,194.65,1.0,1.0,1058.2707645000012,1000.0,1058.2707645000012,1000.0,0.0,0.0
1525,1647650280000.0,0.0,0.0,0.0,178.35,0.0,0.0,196.2,1.0,1.0,1058.2707645000012,1000.0,1058.2707645000012,1000.0,0.0,0.0
1526,1647653880000.0,0.0,0.0,0.0,178.35,0.0,0.0,193.9,1.0,1.0,1058.2707645000012,1000.0,1058.2707645000012,1000.0,0.0,0.0
1527,1647657480000.0,0.0,0.0,0.0,178.35,0.0,0.0,193.55,1.0,1.0,1058.2707645000012,1000.0,1058.2707645000012,1000.0,0.0,0.0
1528,1647661080000.0,0.0,0.0,0.0,178.35,0.0,0.0,193.5,1.0,1.0,1058.2707645000012,1000.0,1058.2707645000012,1000.0,0.0,0.0
1529,1647664680000.0,0.0,0.0,0.0,178.35,0.0,0.0,194.35,1.0,1.0,1058.2707645000012,1000.0,1058.2707645000012,1000.0,0.0,0.0
1530,1647668280000.0,0.0,0.0,0.0,178.35,0.0,0.0,193.6,1.0,1.0,1058.2707645000012,1000.0,1058.2707645000012,1000.0,0.0,0.0
1531,1647671880000.0,0.0,0.0,0.0,178.35,0.0,0.0,192.75,1.0,1.0,1058.2707645000012,1000.0,1058.2707645000012,1000.0,0.0,0.0
1532,1647675480000.0,0.0,0.0,0.0,178.35,0.0,0.0,191.9,1.0,1.0,1058.2707645000012,1000.0,1058.2707645000012,1000.0,0.0,0.0
1533,1647679080000.0,0.0,0.0,0.0,178.35,0.0,0.0,192.65,1.0,1.0,1058.2707645000012,1000.0,1058.2707645000012,1000.0,0.0,0.0
1534,1647682680000.0,0.0,0.0,0.0,178.35,0.0,0.0,194.45,1.0,1.0,1058.2707645000012,1000.0,1058.2707645000012,1000.0,0.0,0.0
1535,1647686280000.0,0.0,0.0,0.0,178.35,0.0,0.0,193.75,1.0,1.0,1058.2707645000012,1000.0,1058.2707645000012,1000.0,0.0,0.0
1536,1647689880000.0,0.0,0.0,0.0,178.35,0.0,0.0,195.35,1.0,1.0,1058.2707645000012,1000.0,1058.2707645000012,1000.0,0.0,0.0
1537,1647693480000.0,0.0,0.0,0.0,178.35,0.0,0.0,198.7,1.0,1.0,1058.2707645000012,1000.0,1058.2707645000012,1000.0,0.0,0.0
1538,1647697080000.0,0.0,0.0,0.0,178.35,0.0,0.0,197.05,1.0,1.0,1058.2707645000012,1000.0,1058.2707645000012,1000.0,0.0,0.0
1539,1647700680000.0,0.0,0.0,0.0,178.35,0.0,0.0,200.95,1.0,1.0,1058.2707645000012,1000.0,1058.2707645000012,1000.0,0.0,0.0
1540,1647704280000.0,0.0,0.0,0.0,178.35,0.0,0.0,199.35,1.0,1.0,1058.2707645000012,1000.0,1058.2707645000012,1000.0,0.0,0.0
1541,1647707880000.0,0.0,0.0,0.0,178.35,0.0,0.0,200.4,1.0,1.0,1058.2707645000012,1000.0,1058.2707645000012,1000.0,0.0,0.0
1542,1647711480000.0,0.0,0.0,0.0,178.35,0.0,0.0,198.65,1.0,1.0,1058.2707645000012,1000.0,1058.2707645000012,1000.0,0.0,0.0
1543,1647715080000.0,0.0,0.0,0.0,178.35,0.0,0.0,197.85,1.0,1.0,1058.2707645000012,1000.0,1058.2707645000012,1000.0,0.0,0.0
1544,1647718680000.0,0.0,0.0,0.0,178.35,0.0,0.0,196.95,1.0,1.0,1058.2707645000012,1000.0,1058.2707645000012,1000.0,0.0,0.0
1545,1647722280000.0,0.0,0.0,0.0,178.35,0.0,0.0,197.65,1.0,1.0,1058.2707645000012,1000.0,1058.2707645000012,1000.0,0.0,0.0
1546,1647725880000.0,0.0,0.0,0.0,178.35,0.0,0.0,198.1,1.0,1.0,1058.2707645000012,1000.0,1058.2707645000012,1000.0,0.0,0.0
1547,1647729480000.0,0.0,0.0,0.0,178.35,0.0,0.0,195.45,1.0,1.0,1058.2707645000012,1000.0,1058.2707645000012,1000.0,0.0,0.0
1548,1647733080000.0,0.0,0.0,0.0,178.35,0.0,0.0,197.65,1.0,1.0,1058.2707645000012,1000.0,1058.2707645000012,1000.0,0.0,0.0
1549,1647736680000.0,0.0,0.0,0.0,178.35,0.0,0.0,196.8,1.0,1.0,1058.2707645000012,1000.0,1058.2707645000012,1000.0,0.0,0.0
1550,1647740280000.0,0.0,0.0,0.0,178.35,0.0,0.0,197.6,1.0,1.0,1058.2707645000012,1000.0,1058.2707645000012,1000.0,0.0,0.0
1551,1647743880000.0,0.0,0.0,0.0,178.35,0.0,0.0,198.05,1.0,1.0,1058.2707645000012,1000.0,1058.2707645000012,1000.0,0.0,0.0
1552,1647747480000.0,0.0,0.0,0.0,178.35,0.0,0.0,199.4,1.0,1.0,1058.2707645000012,1000.0,1058.2707645000012,1000.0,0.0,0.0
1553,1647751080000.0,0.0,0.0,0.0,178.35,0.0,0.0,199.35,1.0,1.0,1058.2707645000012,1000.0,1058.2707645000012,1000.0,0.0,0.0
1554,1647754680000.0,0.0,0.0,0.0,178.35,0.0,0.0,200.15,1.0,1.0,1058.2707645000012,1000.0,1058.2707645000012,1000.0,0.0,0.0
1555,1647758280000.0,0.0,0.0,0.0,178.35,0.0,0.0,204.6,1.0,1.0,1058.2707645000012,1000.0,1058.2707645000012,1000.0,0.0,0.0
1556,1647761880000.0,0.0,0.0,0.0,178.35,0.0,0.0,201.15,1.0,1.0,1058.2707645000012,1000.0,1058.2707645000012,1000.0,0.0,0.0
1557,1647765480000.0,0.0,0.0,0.0,178.35,0.0,0.0,200.6,1.0,1.0,1058.2707645000012,1000.0,1058.2707645000012,1000.0,0.0,0.0
1558,1647769080000.0,0.0,0.0,0.0,178.35,0.0,0.0,199.35,1.0,1.0,1058.2707645000012,1000.0,1058.2707645000012,1000.0,0.0,0.0
1559,1647772680000.0,0.0,0.0,0.0,178.35,0.0,0.0,199.3,1.0,1.0,1058.2707645000012,1000.0,1058.2707645000012,1000.0,0.0,0.0
1560,1647776280000.0,0.0,0.0,0.0,178.35,0.0,0.0,198.7,1.0,1.0,1058.2707645000012,1000.0,1058.2707645000012,1000.0,0.0,0.0
1561,1647779880000.0,0.0,0.0,0.0,178.35,0.0,0.0,197.1,1.0,1.0,1058.2707645000012,1000.0,1058.2707645000012,1000.0,0.0,0.0
1562,1647783480000.0,0.0,0.0,0.0,178.35,0.0,0.0,197.45,1.0,1.0,1058.2707645000012,1000.0,1058.2707645000012,1000.0,0.0,0.0
1563,1647787080000.0,0.0,0.0,0.0,178.35,0.0,0.0,198.3,1.0,1.0,1058.2707645000012,1000.0,1058.2707645000012,1000.0,0.0,0.0
1564,1647790680000.0,0.0,0.0,0.0,178.35,0.0,0.0,197.55,1.0,1.0,1058.2707645000012,1000.0,1058.2707645000012,1000.0,0.0,0.0
1565,1647794280000.0,0.0,0.0,0.0,178.35,0.0,0.0,198.75,1.0,1.0,1058.2707645000012,1000.0,1058.2707645000012,1000.0,0.0,0.0
1566,1647797880000.0,0.0,0.0,0.0,178.35,0.0,0.0,198.4,1.0,1.0,1058.2707645000012,1000.0,1058.2707645000012,1000.0,0.0,0.0
1567,1647801480000.0,0.0,0.0,0.0,178.35,0.0,0.0,199.75,1.0,1.0,1058.2707645000012,1000.0,1058.2707645000012,1000.0,0.0,0.0
1568,1647805080000.0,0.0,0.0,0.0,178.35,0.0,0.0,200.1,1.0,1.0,1058.2707645000012,1000.0,1058.2707645000012,1000.0,0.0,0.0
1569,1647808680000.0,0.0,0.0,0.0,178.35,0.0,0.0,197.9,1.0,1.0,1058.2707645000012,1000.0,1058.2707645000012,1000.0,0.0,0.0
1570,1647812280000.0,0.0,0.0,0.0,178.35,0.0,0.0,197.3,1.0,1.0,1058.2707645000012,1000.0,1058.2707645000012,1000.0,0.0,0.0
1571,1647815880000.0,0.0,0.0,0.0,178.35,0.0,0.0,195.25,1.0,1.0,1058.2707645000012,1000.0,1058.2707645000012,1000.0,0.0,0.0
1572,1647819480000.0,0.0,0.0,0.0,178.35,0.0,0.0,194.45,1.0,1.0,1058.2707645000012,1000.0,1058.2707645000012,1000.0,0.0,0.0
1573,1647823080000.0,0.0,0.0,0.22,191.31,0.0,0.0,191.45,1.0,1.0,1058.2623468600011,1000.0,1058.2931468600011,1000.0,0.039771045549226086,0.0
1574,1647826680000.0,0.0,0.0,0.22,191.31,0.0,0.0,192.1,1.0,1.0,1058.2623468600011,1000.0,1058.4361468600011,1000.0,0.039771045549226086,0.0
1575,1647830280000.0,0.0,0.0,0.22,191.31,0.0,0.0,189.35,1.0,1.0,1058.2623468600011,1000.0,1057.8311468600011,1000.0,0.039771045549226086,0.0
1576,1647833880000.0,0.0,0.0,0.22,191.31,0.0,0.0,190.2,1.0,1.0,1058.2623468600011,1000.0,1058.018146860001,1000.0,0.039771045549226086,0.0
1577,1647837480000.0,0.0,0.0,0.22,191.31,0.0,0.0,189.65,1.0,1.0,1058.2623468600011,1000.0,1057.8971468600012,1000.0,0.039771045549226086,0.0
1578,1647841080000.0,0.0,0.0,0.22,191.31,0.0,0.0,191.45,1.0,1.0,1058.2623468600011,1000.0,1058.2931468600011,1000.0,0.039771045549226086,0.0
1579,1647844680000.0,0.0,0.0,0.22,191.31,0.0,0.0,191.45,1.0,1.0,1058.2623468600011,1000.0,1058.2931468600011,1000.0,0.039771045549226086,0.0
1580,1647848280000.0,0.0,0.0,0.22,191.31,0.0,0.0,192.6,1.0,1.0,1058.2623468600011,1000.0,1058.546146860001,1000.0,0.039771045549226086,0.0
1581,1647851880000.0,0.0,0.0,0.22,191.31,0.0,0.0,193.55,1.0,1.0,1058.2623468600011,1000.0,1058.755146860001,1000.0,0.039771045549226086,0.0
1582,1647855480000.0,0.0,0.0,0.22,191.31,0.0,0.0,193.55,1.0,1.0,1058.2623468600011,1000.0,1058.755146860001,1000.0,0.039771045549226086,0.0
1583,1647859080000.0,0.0,0.0,0.22,191.31,0.0,0.0,193.85,1.0,1.0,1058.2623468600011,1000.0,1058.8211468600011,1000.0,0.039771045549226086,0.0
1584,1647862680000.0,0.0,0.0,0.22,191.31,0.0,0.0,193.1,1.0,1.0,1058.2623468600011,1000.0,1058.6561468600012,1000.0,0.039771045549226086,0.0
1585,1647866280000.0,0.0,0.0,0.22,191.31,0.0,0.0,194.2,1.0,1.0,1058.2623468600011,1000.0,1058.8981468600011,1000.0,0.039771045549226086,0.0
1586,1647869880000.0,0.0,0.0,0.22,191.31,0.0,0.0,195.1,1.0,1.0,1058.2623468600011,1000.0,1059.0961468600012,1000.0,0.039771045549226086,0.0
1587,1647873480000.0,0.0,0.0,0.22,191.31,0.0,0.0,190.75,1.0,1.0,1058.2623468600011,1000.0,1058.1391468600011,1000.0,0.039771045549226086,0.0
1588,1647877080000.0,0.0,0.0,0.22,191.31,0.0,0.0,192.15,1.0,1.0,1058.2623468600011,1000.0,1058.447146860001,1000.0,0.039771045549226086,0.0
1589,1647880680000.0,0.0,0.0,0.22,191.31,0.0,0.0,189.1,1.0,1.0,1058.2623468600011,1000.0,1057.776146860001,1000.0,0.039771045549226086,0.0
1590,1647884280000.0,0.0,0.0,0.22,191.31,0.0,0.0,190.0,1.0,1.0,1058.2623468600011,1000.0,1057.9741468600012,1000.0,0.039771045549226086,0.0
1591,1647887880000.0,0.0,0.0,0.22,191.31,0.0,0.0,192.0,1.0,1.0,1058.2623468600011,1000.0,1058.4141468600012,1000.0,0.039771045549226086,0.0
1592,1647891480000.0,0.0,0.0,0.22,191.31,0.0,0.0,192.25,1.0,1.0,1058.2623468600011,1000.0,1058.469146860001,1000.0,0.039771045549226086,0.0
1593,1647895080000.0,0.0,0.0,0.22,191.31,0.0,0.0,192.85,1.0,1.0,1058.2623468600011,1000.0,1058.601146860001,1000.0,0.039771045549226086,0.0
1594,1647898680000.0,0.0,0.0,0.22,191.31,0.0,0.0,193.15,1.0,1.0,1058.2623468600011,1000.0,1058.6671468600011,1000.0,0.039771045549226086,0.0
1595,1647902280000.0,0.0,0.0,0.22,191.31,0.0,0.0,193.6,1.0,1.0,1058.2623468600011,1000.0,1058.766146860001,1000.0,0.039771045549226086,0.0
1596,1647905880000.0,0.0,0.0,0.22,191.31,0.0,0.0,191.65,1.0,1.0,1058.2623468600011,1000.0,1058.3371468600012,1000.0,0.039771045549226086,0.0
1597,1647909480000.0,0.0,0.0,0.22,191.31,0.0,0.0,189.75,1.0,1.0,1058.2623468600011,1000.0,1057.919146860001,1000.0,0.039771045549226086,0.0
1598,1647913080000.0,0.0,0.0,0.22,191.31,0.0,0.0,189.85,1.0,1.0,1058.2623468600011,1000.0,1057.941146860001,1000.0,0.039771045549226086,0.0
1599,1647916680000.0,0.0,0.0,0.22,191.31,0.0,0.0,193.15,1.0,1.0,1058.2623468600011,1000.0,1058.6671468600011,1000.0,0.039771045549226086,0.0
1600,1647920280000.0,0.0,0.0,0.22,191.31,0.0,0.0,195.1,1.0,1.0,1058.2623468600011,1000.0,1059.0961468600012,1000.0,0.039771045549226086,0.0
1601,1647923880000.0,0.0,0.0,0.22,191.31,0.0,0.0,196.85,1.0,1.0,1058.2623468600011,1000.0,1059.4811468600012,1000.0,0.039771045549226086,0.0
1602,1647927480000.0,0.0,0.0,0.07,191.31,0.0,0.0,196.75,1.0,1.0,1059.1174353600013,1000.0,1059.4982353600012,1000.0,0.012644206915022669,0.0
1603,1647931080000.0,0.0,0.0,0.07,191.31,0.0,0.0,195.35,1.0,1.0,1059.1174353600013,1000.0,1059.4002353600013,1000.0,0.012644206915022669,0.0
1604,1647934680000.0,0.0,0.0,0.07,191.31,0.0,0.0,195.3,1.0,1.0,1059.1174353600013,1000.0,1059.3967353600012,1000.0,0.012644206915022669,0.0
1605,1647938280000.0,0.0,0.0,0.07,191.31,0.0,0.0,196.15,1.0,1.0,1059.1174353600013,1000.0,1059.4562353600013,1000.0,0.012644206915022669,0.0
1606,1647941880000.0,0.0,0.0,0.07,191.31,0.0,0.0,195.5,1.0,1.0,1059.1174353600013,1000.0,1059.4107353600014,1000.0,0.012644206915022669,0.0
1607,1647945480000.0,0.0,0.0,0.07,191.31,0.0,0.0,196.2,1.0,1.0,1059.1174353600013,1000.0,1059.4597353600013,1000.0,0.012644206915022669,0.0
1608,1647949080000.0,0.0,0.0,0.07,191.31,0.0,0.0,195.4,1.0,1.0,1059.1174353600013,1000.0,1059.4037353600013,1000.0,0.012644206915022669,0.0
1609,1647952680000.0,0.0,0.0,0.07,191.31,0.0,0.0,196.8,1.0,1.0,1059.1174353600013,1000.0,1059.5017353600012,1000.0,0.012644206915022669,0.0
1610,1647956280000.0,0.0,0.0,0.02,191.31,0.0,0.0,197.0,1.0,1.0,1059.4024648600011,1000.0,1059.5162648600012,1000.0,0.0036116585782209106,0.0
1611,1647959880000.0,0.0,0.0,0.0,191.31,0.0,0.0,197.2,1.0,1.0,1059.516476660001,1000.0,1059.516476660001,1000.0,0.0,0.0
1612,1647963480000.0,0.0,0.0,0.0,191.31,0.0,0.0,196.05,1.0,1.0,1059.516476660001,1000.0,1059.516476660001,1000.0,0.0,0.0
1613,1647967080000.0,0.0,0.0,0.0,191.31,0.0,0.0,196.5,1.0,1.0,1059.516476660001,1000.0,1059.516476660001,1000.0,0.0,0.0
1614,1647970680000.0,0.0,0.0,0.0,191.31,0.0,0.0,197.0,1.0,1.0,1059.516476660001,1000.0,1059.516476660001,1000.0,0.0,0.0
1615,1647974280000.0,0.0,0.0,0.0,191.31,0.0,0.0,197.15,1.0,1.0,1059.516476660001,1000.0,1059.516476660001,1000.0,0.0,0.0
1616,1647977880000.0,0.0,0.0,0.0,191.31,0.0,0.0,196.55,1.0,1.0,1059.516476660001,1000.0,1059.516476660001,1000.0,0.0,0.0
1617,1647981480000.0,0.0,0.0,0.0,191.31,0.0,0.0,195.4,1.0,1.0,1059.516476660001,1000.0,1059.516476660001,1000.0,0.0,0.0
1618,1647985080000.0,0.0,0.0,0.0,191.31,0.0,0.0,196.4,1.0,1.0,1059.516476660001,1000.0,1059.516476660001,1000.0,0.0,0.0
1619,1647988680000.0,0.0,0.0,0.0,191.31,0.0,0.0,195.15,1.0,1.0,1059.516476660001,1000.0,1059.516476660001,1000.0,0.0,0.0
1620,1647992280000.0,0.0,0.0,0.0,191.31,0.0,0.0,193.55,1.0,1.0,1059.516476660001,1000.0,1059.516476660001,1000.0,0.0,0.0
1621,1647995880000.0,0.0,0.0,0.0,191.31,0.0,0.0,192.95,1.0,1.0,1059.516476660001,1000.0,1059.516476660001,1000.0,0.0,0.0
1622,1647999480000.0,0.0,0.0,0.0,191.31,0.0,0.0,192.85,1.0,1.0,1059.516476660001,1000.0,1059.516476660001,1000.0,0.0,0.0
1623,1648003080000.0,0.0,0.0,0.0,191.31,0.0,0.0,194.25,1.0,1.0,1059.516476660001,1000.0,1059.516476660001,1000.0,0.0,0.0
1624,1648006680000.0,0.0,0.0,0.0,191.31,0.0,0.0,192.9,1.0,1.0,1059.516476660001,1000.0,1059.516476660001,1000.0,0.0,0.0
1625,1648010280000.0,0.0,0.0,0.0,191.31,0.0,0.0,191.5,1.0,1.0,1059.516476660001,1000.0,1059.516476660001,1000.0,0.0,0.0
1626,1648013880000.0,0.0,0.0,0.0,191.31,0.0,0.0,191.65,1.0,1.0,1059.516476660001,1000.0,1059.516476660001,1000.0,0.0,0.0
1627,1648017480000.0,0.0,0.0,0.0,191.31,0.0,0.0,193.1,1.0,1.0,1059.516476660001,1000.0,1059.516476660001,1000.0,0.0,0.0
1628,1648021080000.0,0.0,0.0,0.0,191.31,0.0,0.0,192.25,1.0,1.0,1059.516476660001,1000.0,1059.516476660001,1000.0,0.0,0.0
1629,1648024680000.0,0.0,0.0,0.0,191.31,0.0,0.0,193.3,1.0,1.0,1059.516476660001,1000.0,1059.516476660001,1000.0,0.0,0.0
1630,1648028280000.0,0.0,0.0,0.0,191.31,0.0,0.0,193.05,1.0,1.0,1059.516476660001,1000.0,1059.516476660001,1000.0,0.0,0.0
1631,1648031880000.0,0.0,0.0,0.0,191.31,0.0,0.0,193.55,1.0,1.0,1059.516476660001,1000.0,1059.516476660001,1000.0,0.0,0.0
1632,1648035480000.0,0.0,0.0,0.0,191.31,0.0,0.0,192.55,1.0,1.0,1059.516476660001,1000.0,1059.516476660001,1000.0,0.0,0.0
1633,1648039080000.0,0.0,0.0,0.0,191.31,0.0,0.0,192.7,1.0,1.0,1059.516476660001,1000.0,1059.516476660001,1000.0,0.0,0.0
1634,1648042680000.0,0.0,0.0,0.0,191.31,0.0,0.0,192.75,1.0,1.0,1059.516476660001,1000.0,1059.516476660001,1000.0,0.0,0.0
1635,1648046280000.0,0.0,0.0,0.0,191.31,0.0,0.0,193.75,1.0,1.0,1059.516476660001,1000.0,1059.516476660001,1000.0,0.0,0.0
1636,1648049880000.0,0.0,0.0,0.0,191.31,0.0,0.0,195.35,1.0,1.0,1059.516476660001,1000.0,1059.516476660001,1000.0,0.0,0.0
1637,1648053480000.0,0.0,0.0,0.0,191.31,0.0,0.0,195.45,1.0,1.0,1059.516476660001,1000.0,1059.516476660001,1000.0,0.0,0.0
1638,1648057080000.0,0.0,0.0,0.0,191.31,0.0,0.0,195.85,1.0,1.0,1059.516476660001,1000.0,1059.516476660001,1000.0,0.0,0.0
1639,1648060680000.0,0.0,0.0,0.0,191.31,0.0,0.0,196.1,1.0,1.0,1059.516476660001,1000.0,1059.516476660001,1000.0,0.0,0.0
1640,1648064280000.0,0.0,0.0,0.0,191.31,0.0,0.0,195.4,1.0,1.0,1059.516476660001,1000.0,1059.516476660001,1000.0,0.0,0.0
1641,1648067880000.0,0.0,0.0,0.0,191.31,0.0,0.0,195.45,1.0,1.0,1059.516476660001,1000.0,1059.516476660001,1000.0,0.0,0.0
1642,1648071480000.0,0.0,0.0,0.0,191.31,0.0,0.0,195.8,1.0,1.0,1059.516476660001,1000.0,1059.516476660001,1000.0,0.0,0.0
1643,1648075080000.0,0.0,0.0,0.0,191.31,0.0,0.0,196.65,1.0,1.0,1059.516476660001,1000.0,1059.516476660001,1000.0,0.0,0.0
1644,1648078680000.0,0.0,0.0,0.0,191.31,0.0,0.0,196.7,1.0,1.0,1059.516476660001,1000.0,1059.516476660001,1000.0,0.0,0.0
1645,1648082280000.0,0.0,0.0,0.0,191.31,0.0,0.0,197.1,1.0,1.0,1059.516476660001,1000.0,1059.516476660001,1000.0,0.0,0.0
1646,1648085880000.0,0.0,0.0,0.0,191.31,0.0,0.0,194.65,1.0,1.0,1059.516476660001,1000.0,1059.516476660001,1000.0,0.0,0.0
1647,1648089480000.0,0.0,0.0,0.0,191.31,0.0,0.0,194.5,1.0,1.0,1059.516476660001,1000.0,1059.516476660001,1000.0,0.0,0.0
1648,1648093080000.0,0.0,0.0,0.0,191.31,0.0,0.0,196.85,1.0,1.0,1059.516476660001,1000.0,1059.516476660001,1000.0,0.0,0.0
1649,1648096680000.0,0.0,0.0,0.0,191.31,0.0,0.0,197.1,1.0,1.0,1059.516476660001,1000.0,1059.516476660001,1000.0,0.0,0.0
1650,1648100280000.0,0.0,0.0,0.0,191.31,0.0,0.0,197.1,1.0,1.0,1059.516476660001,1000.0,1059.516476660001,1000.0,0.0,0.0
1651,1648103880000.0,0.0,0.0,0.0,191.31,0.0,0.0,196.5,1.0,1.0,1059.516476660001,1000.0,1059.516476660001,1000.0,0.0,0.0
1652,1648107480000.0,0.0,0.0,0.0,191.31,0.0,0.0,197.3,1.0,1.0,1059.516476660001,1000.0,1059.516476660001,1000.0,0.0,0.0
1653,1648111080000.0,0.0,0.0,0.0,191.31,0.0,0.0,198.4,1.0,1.0,1059.516476660001,1000.0,1059.516476660001,1000.0,0.0,0.0
1654,1648114680000.0,0.0,0.0,0.0,191.31,0.0,0.0,199.65,1.0,1.0,1059.516476660001,1000.0,1059.516476660001,1000.0,0.0,0.0
1655,1648118280000.0,0.0,0.0,0.0,191.31,0.0,0.0,200.15,1.0,1.0,1059.516476660001,1000.0,1059.516476660001,1000.0,0.0,0.0
1656,1648121880000.0,0.0,0.0,0.0,191.31,0.0,0.0,201.35,1.0,1.0,1059.516476660001,1000.0,1059.516476660001,1000.0,0.0,0.0
1657,1648125480000.0,0.0,0.0,0.0,191.31,0.0,0.0,200.2,1.0,1.0,1059.516476660001,1000.0,1059.516476660001,1000.0,0.0,0.0
1658,1648129080000.0,0.0,0.0,0.0,191.31,0.0,0.0,200.55,1.0,1.0,1059.516476660001,1000.0,1059.516476660001,1000.0,0.0,0.0
1659,1648132680000.0,0.0,0.0,0.0,191.31,0.0,0.0,201.4,1.0,1.0,1059.516476660001,1000.0,1059.516476660001,1000.0,0.0,0.0
1660,1648136280000.0,0.0,0.0,0.0,191.31,0.0,0.0,202.55,1.0,1.0,1059.516476660001,1000.0,1059.516476660001,1000.0,0.0,0.0
1661,1648139880000.0,0.0,0.0,0.0,191.31,0.0,0.0,202.65,1.0,1.0,1059.516476660001,1000.0,1059.516476660001,1000.0,0.0,0.0
1662,1648143480000.0,0.0,0.0,0.0,191.31,0.0,0.0,201.75,1.0,1.0,1059.516476660001,1000.0,1059.516476660001,1000.0,0.0,0.0
1663,1648147080000.0,0.0,0.0,0.0,191.31,0.0,0.0,201.6,1.0,1.0,1059.516476660001,1000.0,1059.516476660001,1000.0,0.0,0.0
1664,1648150680000.0,0.0,0.0,0.0,191.31,0.0,0.0,201.45,1.0,1.0,1059.516476660001,1000.0,1059.516476660001,1000.0,0.0,0.0
1665,1648154280000.0,0.0,0.0,0.0,191.31,0.0,0.0,201.5,1.0,1.0,1059.516476660001,1000.0,1059.516476660001,1000.0,0.0,0.0
1666,1648157880000.0,0.0,0.0,0.0,191.31,0.0,0.0,201.8,1.0,1.0,1059.516476660001,1000.0,1059.516476660001,1000.0,0.0,0.0
1667,1648161480000.0,0.0,0.0,0.0,191.31,0.0,0.0,202.85,1.0,1.0,1059.516476660001,1000.0,1059.516476660001,1000.0,0.0,0.0
1668,1648165080000.0,0.0,0.0,0.0,191.31,0.0,0.0,204.05,1.0,1.0,1059.516476660001,1000.0,1059.516476660001,1000.0,0.0,0.0
1669,1648168680000.0,0.0,0.0,0.0,191.31,0.0,0.0,203.0,1.0,1.0,1059.516476660001,1000.0,1059.516476660001,1000.0,0.0,0.0
1670,1648172280000.0,0.0,0.0,0.0,191.31,0.0,0.0,202.85,1.0,1.0,1059.516476660001,1000.0,1059.516476660001,1000.0,0.0,0.0
1671,1648175880000.0,0.0,0.0,0.0,191.31,0.0,0.0,201.45,1.0,1.0,1059.516476660001,1000.0,1059.516476660001,1000.0,0.0,0.0
1672,1648179480000.0,0.0,0.0,0.0,191.31,0.0,0.0,201.8,1.0,1.0,1059.516476660001,1000.0,1059.516476660001,1000.0,0.0,0.0
1673,1648183080000.0,0.0,0.0,0.0,191.31,0.0,0.0,201.65,1.0,1.0,1059.516476660001,1000.0,1059.516476660001,1000.0,0.0,0.0
1674,1648186680000.0,0.0,0.0,0.0,191.31,0.0,0.0,201.15,1.0,1.0,1059.516476660001,1000.0,1059.516476660001,1000.0,0.0,0.0
1675,1648190280000.0,0.0,0.0,0.0,191.31,0.0,0.0,200.5,1.0,1.0,1059.516476660001,1000.0,1059.516476660001,1000.0,0.0,0.0
1676,1648193880000.0,0.0,0.0,0.0,191.31,0.0,0.0,202.4,1.0,1.0,1059.516476660001,1000.0,1059.516476660001,1000.0,0.0,0.0
1677,1648197480000.0,0.0,0.0,0.0,191.31,0.0,0.0,200.8,1.0,1.0,1059.516476660001,1000.0,1059.516476660001,1000.0,0.0,0.0
1678,1648201080000.0,0.0,0.0,0.0,191.31,0.0,0.0,202.25,1.0,1.0,1059.516476660001,1000.0,1059.516476660001,1000.0,0.0,0.0
1679,1648204680000.0,0.0,0.0,0.0,191.31,0.0,0.0,202.6,1.0,1.0,1059.516476660001,1000.0,1059.516476660001,1000.0,0.0,0.0
1680,1648208280000.0,0.0,0.0,0.0,191.31,0.0,0.0,203.65,1.0,1.0,1059.516476660001,1000.0,1059.516476660001,1000.0,0.0,0.0
1681,1648211880000.0,0.0,0.0,0.0,191.31,0.0,0.0,203.9,1.0,1.0,1059.516476660001,1000.0,1059.516476660001,1000.0,0.0,0.0
1682,1648215480000.0,0.0,0.0,0.0,191.31,0.0,0.0,203.2,1.0,1.0,1059.516476660001,1000.0,1059.516476660001,1000.0,0.0,0.0
1683,1648219080000.0,0.0,0.0,0.0,191.31,0.0,0.0,202.8,1.0,1.0,1059.516476660001,1000.0,1059.516476660001,1000.0,0.0,0.0
1684,1648222680000.0,0.0,0.0,0.0,191.31,0.0,0.0,200.7,1.0,1.0,1059.516476660001,1000.0,1059.516476660001,1000.0,0.0,0.0
1685,1648226280000.0,0.0,0.0,0.0,191.31,0.0,0.0,201.2,1.0,1.0,1059.516476660001,1000.0,1059.516476660001,1000.0,0.0,0.0
1686,1648229880000.0,0.0,0.0,0.0,191.31,0.0,0.0,201.0,1.0,1.0,1059.516476660001,1000.0,1059.516476660001,1000.0,0.0,0.0
1687,1648233480000.0,0.0,0.0,0.0,191.31,0.0,0.0,201.25,1.0,1.0,1059.516476660001,1000.0,1059.516476660001,1000.0,0.0,0.0
1688,1648237080000.0,0.0,0.0,0.0,191.31,0.0,0.0,200.0,1.0,1.0,1059.516476660001,1000.0,1059.516476660001,1000.0,0.0,0.0
1689,1648240680000.0,0.0,0.0,0.0,191.31,0.0,0.0,199.85,1.0,1.0,1059.516476660001,1000.0,1059.516476660001,1000.0,0.0,0.0
1690,1648244280000.0,0.0,0.0,0.0,191.31,0.0,0.0,200.1,1.0,1.0,1059.516476660001,1000.0,1059.516476660001,1000.0,0.0,0.0
1691,1648247880000.0,0.0,0.0,0.0,191.31,0.0,0.0,200.0,1.0,1.0,1059.516476660001,1000.0,1059.516476660001,1000.0,0.0,0.0
1692,1648251480000.0,0.0,0.0,0.0,191.31,0.0,0.0,199.7,1.0,1.0,1059.516476660001,1000.0,1059.516476660001,1000.0,0.0,0.0
1693,1648255080000.0,0.0,0.0,0.0,191.31,0.0,0.0,199.9,1.0,1.0,1059.516476660001,1000.0,1059.516476660001,1000.0,0.0,0.0
1694,1648258680000.0,0.0,0.0,0.0,191.31,0.0,0.0,200.55,1.0,1.0,1059.516476660001,1000.0,1059.516476660001,1000.0,0.0,0.0
1695,1648262280000.0,0.0,0.0,0.0,191.31,0.0,0.0,200.2,1.0,1.0,1059.516476660001,1000.0,1059.516476660001,1000.0,0.0,0.0
1696,1648265880000.0,0.0,0.0,0.0,191.31,0.0,0.0,201.1,1.0,1.0,1059.516476660001,1000.0,1059.516476660001,1000.0,0.0,0.0
1697,1648269480000.0,0.0,0.0,0.0,191.31,0.0,0.0,202.0,1.0,1.0,1059.516476660001,1000.0,1059.516476660001,1000.0,0.0,0.0
1698,1648273080000.0,0.0,0.0,0.0,191.31,0.0,0.0,201.95,1.0,1.0,1059.516476660001,1000.0,1059.516476660001,1000.0,0.0,0.0
1699,1648276680000.0,0.0,0.0,0.0,191.31,0.0,0.0,201.05,1.0,1.0,1059.516476660001,1000.0,1059.516476660001,1000.0,0.0,0.0
1700,1648280280000.0,0.0,0.0,0.0,191.31,0.0,0.0,200.6,1.0,1.0,1059.516476660001,1000.0,1059.516476660001,1000.0,0.0,0.0
1701,1648283880000.0,0.0,0.0,0.0,191.31,0.0,0.0,200.85,1.0,1.0,1059.516476660001,1000.0,1059.516476660001,1000.0,0.0,0.0
1702,1648287480000.0,0.0,0.0,0.0,191.31,0.0,0.0,201.3,1.0,1.0,1059.516476660001,1000.0,1059.516476660001,1000.0,0.0,0.0
1703,1648291080000.0,0.0,0.0,0.0,191.31,0.0,0.0,201.85,1.0,1.0,1059.516476660001,1000.0,1059.516476660001,1000.0,0.0,0.0
1704,1648294680000.0,0.0,0.0,0.0,191.31,0.0,0.0,203.0,1.0,1.0,1059.516476660001,1000.0,1059.516476660001,1000.0,0.0,0.0
1705,1648298280000.0,0.0,0.0,0.0,191.31,0.0,0.0,205.8,1.0,1.0,1059.516476660001,1000.0,1059.516476660001,1000.0,0.0,0.0
1706,1648301880000.0,0.0,0.0,0.0,191.31,0.0,0.0,205.55,1.0,1.0,1059.516476660001,1000.0,1059.516476660001,1000.0,0.0,0.0
1707,1648305480000.0,0.0,0.0,0.0,191.31,0.0,0.0,205.9,1.0,1.0,1059.516476660001,1000.0,1059.516476660001,1000.0,0.0,0.0
1708,1648309080000.0,0.0,0.0,0.0,191.31,0.0,0.0,207.6,1.0,1.0,1059.516476660001,1000.0,1059.516476660001,1000.0,0.0,0.0
1709,1648312680000.0,0.0,0.0,0.0,191.31,0.0,0.0,208.2,1.0,1.0,1059.516476660001,1000.0,1059.516476660001,1000.0,0.0,0.0
1710,1648316280000.0,0.0,0.0,0.0,191.31,0.0,0.0,208.6,1.0,1.0,1059.516476660001,1000.0,1059.516476660001,1000.0,0.0,0.0
1711,1648319880000.0,0.0,0.0,0.0,191.31,0.0,0.0,208.25,1.0,1.0,1059.516476660001,1000.0,1059.516476660001,1000.0,0.0,0.0
1712,1648323480000.0,0.0,0.0,0.0,191.31,0.0,0.0,206.3,1.0,1.0,1059.516476660001,1000.0,1059.516476660001,1000.0,0.0,0.0
1713,1648327080000.0,0.0,0.0,0.0,191.31,0.0,0.0,207.15,1.0,1.0,1059.516476660001,1000.0,1059.516476660001,1000.0,0.0,0.0
1714,1648330680000.0,0.0,0.0,0.0,191.31,0.0,0.0,206.8,1.0,1.0,1059.516476660001,1000.0,1059.516476660001,1000.0,0.0,0.0
1715,1648334280000.0,0.0,0.0,0.0,191.31,0.0,0.0,206.55,1.0,1.0,1059.516476660001,1000.0,1059.516476660001,1000.0,0.0,0.0
1716,1648337880000.0,0.0,0.0,0.0,191.31,0.0,0.0,207.35,1.0,1.0,1059.516476660001,1000.0,1059.516476660001,1000.0,0.0,0.0
1717,1648341480000.0,0.0,0.0,0.0,191.31,0.0,0.0,205.6,1.0,1.0,1059.516476660001,1000.0,1059.516476660001,1000.0,0.0,0.0
1718,1648345080000.0,0.0,0.0,0.0,191.31,0.0,0.0,205.45,1.0,1.0,1059.516476660001,1000.0,1059.516476660001,1000.0,0.0,0.0
1719,1648348680000.0,0.0,0.0,0.0,191.31,0.0,0.0,206.55,1.0,1.0,1059.516476660001,1000.0,1059.516476660001,1000.0,0.0,0.0
1720,1648352280000.0,0.0,0.0,0.0,191.31,0.0,0.0,208.0,1.0,1.0,1059.516476660001,1000.0,1059.516476660001,1000.0,0.0,0.0
1721,1648355880000.0,0.0,0.0,0.0,191.31,0.0,0.0,206.8,1.0,1.0,1059.516476660001,1000.0,1059.516476660001,1000.0,0.0,0.0
1722,1648359480000.0,0.0,0.0,0.0,191.31,0.0,0.0,208.25,1.0,1.0,1059.516476660001,1000.0,1059.516476660001,1000.0,0.0,0.0
1723,1648363080000.0,0.0,0.0,0.0,191.31,0.0,0.0,207.75,1.0,1.0,1059.516476660001,1000.0,1059.516476660001,1000.0,0.0,0.0
1724,1648366680000.0,0.0,0.0,0.0,191.31,0.0,0.0,208.0,1.0,1.0,1059.516476660001,1000.0,1059.516476660001,1000.0,0.0,0.0
1725,1648370280000.0,0.0,0.0,0.0,191.31,0.0,0.0,208.35,1.0,1.0,1059.516476660001,1000.0,1059.516476660001,1000.0,0.0,0.0
1726,1648373880000.0,0.0,0.0,0.0,191.31,0.0,0.0,209.4,1.0,1.0,1059.516476660001,1000.0,1059.516476660001,1000.0,0.0,0.0
1727,1648377480000.0,0.0,0.0,0.0,191.31,0.0,0.0,208.5,1.0,1.0,1059.516476660001,1000.0,1059.516476660001,1000.0,0.0,0.0
1728,1648381080000.0,0.0,0.0,0.0,191.31,0.0,0.0,209.25,1.0,1.0,1059.516476660001,1000.0,1059.516476660001,1000.0,0.0,0.0
1729,1648384680000.0,0.0,0.0,0.0,191.31,0.0,0.0,211.65,1.0,1.0,1059.516476660001,1000.0,1059.516476660001,1000.0,0.0,0.0
1730,1648388280000.0,0.0,0.0,0.0,191.31,0.0,0.0,211.6,1.0,1.0,1059.516476660001,1000.0,1059.516476660001,1000.0,0.0,0.0
1731,1648391880000.0,0.0,0.0,0.0,191.31,0.0,0.0,211.85,1.0,1.0,1059.516476660001,1000.0,1059.516476660001,1000.0,0.0,0.0
1732,1648395480000.0,0.0,0.0,0.0,191.31,0.0,0.0,210.15,1.0,1.0,1059.516476660001,1000.0,1059.516476660001,1000.0,0.0,0.0
1733,1648399080000.0,0.0,0.0,0.0,191.31,0.0,0.0,210.75,1.0,1.0,1059.516476660001,1000.0,1059.516476660001,1000.0,0.0,0.0
1734,1648402680000.0,0.0,0.0,0.0,191.31,0.0,0.0,209.9,1.0,1.0,1059.516476660001,1000.0,1059.516476660001,1000.0,0.0,0.0
1735,1648406280000.0,0.0,0.0,0.0,191.31,0.0,0.0,210.0,1.0,1.0,1059.516476660001,1000.0,1059.516476660001,1000.0,0.0,0.0
1736,1648409880000.0,0.0,0.0,0.0,191.31,0.0,0.0,211.45,1.0,1.0,1059.516476660001,1000.0,1059.516476660001,1000.0,0.0,0.0
1737,1648413480000.0,0.0,0.0,0.0,191.31,0.0,0.0,211.5,1.0,1.0,1059.516476660001,1000.0,1059.516476660001,1000.0,0.0,0.0
1738,1648417080000.0,0.0,0.0,0.0,191.31,0.0,0.0,213.8,1.0,1.0,1059.516476660001,1000.0,1059.516476660001,1000.0,0.0,0.0
1739,1648420680000.0,0.0,0.0,0.0,191.31,0.0,0.0,215.5,1.0,1.0,1059.516476660001,1000.0,1059.516476660001,1000.0,0.0,0.0
1740,1648424280000.0,0.0,0.0,0.0,191.31,0.0,0.0,214.35,1.0,1.0,1059.516476660001,1000.0,1059.516476660001,1000.0,0.0,0.0
1741,1648427880000.0,0.0,0.0,0.0,191.31,0.0,0.0,215.9,1.0,1.0,1059.516476660001,1000.0,1059.516476660001,1000.0,0.0,0.0
1742,1648431480000.0,0.0,0.0,0.0,191.31,0.0,0.0,213.05,1.0,1.0,1059.516476660001,1000.0,1059.516476660001,1000.0,0.0,0.0
1743,1648435080000.0,0.0,0.0,0.0,191.31,0.0,0.0,213.75,1.0,1.0,1059.516476660001,1000.0,1059.516476660001,1000.0,0.0,0.0
1744,1648438680000.0,0.0,0.0,0.0,191.31,0.0,0.0,216.45,1.0,1.0,1059.516476660001,1000.0,1059.516476660001,1000.0,0.0,0.0
1745,1648442280000.0,0.0,0.0,0.0,191.31,0.0,0.0,217.75,1.0,1.0,1059.516476660001,1000.0,1059.516476660001,1000.0,0.0,0.0
1746,1648445880000.0,0.0,0.0,0.0,191.31,0.0,0.0,218.45,1.0,1.0,1059.516476660001,1000.0,1059.516476660001,1000.0,0.0,0.0
1747,1648449480000.0,0.0,0.0,0.0,191.31,0.0,0.0,217.9,1.0,1.0,1059.516476660001,1000.0,1059.516476660001,1000.0,0.0,0.0
1748,1648453080000.0,0.0,0.0,0.0,191.31,0.0,0.0,219.65,1.0,1.0,1059.516476660001,1000.0,1059.516476660001,1000.0,0.0,0.0
1749,1648456680000.0,0.0,0.0,0.0,191.31,0.0,0.0,218.7,1.0,1.0,1059.516476660001,1000.0,1059.516476660001,1000.0,0.0,0.0
1750,1648460280000.0,0.0,0.0,0.0,191.31,0.0,0.0,218.5,1.0,1.0,1059.516476660001,1000.0,1059.516476660001,1000.0,0.0,0.0
1751,1648463880000.0,0.0,0.0,0.0,191.31,0.0,0.0,219.65,1.0,1.0,1059.516476660001,1000.0,1059.516476660001,1000.0,0.0,0.0
1752,1648467480000.0,0.0,0.0,0.0,191.31,0.0,0.0,221.1,1.0,1.0,1059.516476660001,1000.0,1059.516476660001,1000.0,0.0,0.0
1753,1648471080000.0,0.0,0.0,0.0,191.31,0.0,0.0,220.85,1.0,1.0,1059.516476660001,1000.0,1059.516476660001,1000.0,0.0,0.0
1754,1648474680000.0,0.0,0.0,0.0,191.31,0.0,0.0,221.2,1.0,1.0,1059.516476660001,1000.0,1059.516476660001,1000.0,0.0,0.0
1755,1648478280000.0,0.0,0.0,0.0,191.31,0.0,0.0,220.45,1.0,1.0,1059.516476660001,1000.0,1059.516476660001,1000.0,0.0,0.0
1756,1648481880000.0,0.0,0.0,0.0,191.31,0.0,0.0,219.95,1.0,1.0,1059.516476660001,1000.0,1059.516476660001,1000.0,0.0,0.0
1757,1648485480000.0,0.0,0.0,0.0,191.31,0.0,0.0,219.05,1.0,1.0,1059.516476660001,1000.0,1059.516476660001,1000.0,0.0,0.0
1758,1648489080000.0,0.0,0.0,0.0,191.31,0.0,0.0,218.75,1.0,1.0,1059.516476660001,1000.0,1059.516476660001,1000.0,0.0,0.0
1759,1648492680000.0,0.0,0.0,0.0,191.31,0.0,0.0,218.05,1.0,1.0,1059.516476660001,1000.0,1059.516476660001,1000.0,0.0,0.0
1760,1648496280000.0,0.0,0.0,0.0,191.31,0.0,0.0,219.25,1.0,1.0,1059.516476660001,1000.0,1059.516476660001,1000.0,0.0,0.0
1761,1648499880000.0,0.0,0.0,0.0,191.31,0.0,0.0,218.4,1.0,1.0,1059.516476660001,1000.0,1059.516476660001,1000.0,0.0,0.0
1762,1648503480000.0,0.0,0.0,0.0,191.31,0.0,0.0,214.85,1.0,1.0,1059.516476660001,1000.0,1059.516476660001,1000.0,0.0,0.0
1763,1648507080000.0,0.0,0.0,0.0,191.31,0.0,0.0,219.1,1.0,1.0,1059.516476660001,1000.0,1059.516476660001,1000.0,0.0,0.0
1764,1648510680000.0,0.0,0.0,0.0,191.31,0.0,0.0,216.05,1.0,1.0,1059.516476660001,1000.0,1059.516476660001,1000.0,0.0,0.0
1765,1648514280000.0,0.0,0.0,0.0,191.31,0.0,0.0,216.5,1.0,1.0,1059.516476660001,1000.0,1059.516476660001,1000.0,0.0,0.0
1766,1648517880000.0,0.0,0.0,0.0,191.31,0.0,0.0,219.7,1.0,1.0,1059.516476660001,1000.0,1059.516476660001,1000.0,0.0,0.0
1767,1648521480000.0,0.0,0.0,0.0,191.31,0.0,0.0,221.7,1.0,1.0,1059.516476660001,1000.0,1059.516476660001,1000.0,0.0,0.0
1768,1648525080000.0,0.0,0.0,0.0,191.31,0.0,0.0,222.45,1.0,1.0,1059.516476660001,1000.0,1059.516476660001,1000.0,0.0,0.0
1769,1648528680000.0,0.0,0.0,0.0,191.31,0.0,0.0,223.35,1.0,1.0,1059.516476660001,1000.0,1059.516476660001,1000.0,0.0,0.0
1770,1648532280000.0,0.0,0.0,0.0,191.31,0.0,0.0,223.05,1.0,1.0,1059.516476660001,1000.0,1059.516476660001,1000.0,0.0,0.0
1771,1648535880000.0,0.0,0.0,0.0,191.31,0.0,0.0,222.9,1.0,1.0,1059.516476660001,1000.0,1059.516476660001,1000.0,0.0,0.0
1772,1648539480000.0,0.0,0.0,0.0,191.31,0.0,0.0,220.8,1.0,1.0,1059.516476660001,1000.0,1059.516476660001,1000.0,0.0,0.0
1773,1648543080000.0,0.0,0.0,0.0,191.31,0.0,0.0,220.9,1.0,1.0,1059.516476660001,1000.0,1059.516476660001,1000.0,0.0,0.0
1774,1648546680000.0,0.0,0.0,0.0,191.31,0.0,0.0,221.85,1.0,1.0,1059.516476660001,1000.0,1059.516476660001,1000.0,0.0,0.0
1775,1648550280000.0,0.0,0.0,0.0,191.31,0.0,0.0,223.25,1.0,1.0,1059.516476660001,1000.0,1059.516476660001,1000.0,0.0,0.0
1776,1648553880000.0,0.0,0.0,0.0,191.31,0.0,0.0,223.35,1.0,1.0,1059.516476660001,1000.0,1059.516476660001,1000.0,0.0,0.0
1777,1648557480000.0,0.0,0.0,0.0,191.31,0.0,0.0,224.6,1.0,1.0,1059.516476660001,1000.0,1059.516476660001,1000.0,0.0,0.0
1778,1648561080000.0,0.0,0.0,0.0,191.31,0.0,0.0,225.1,1.0,1.0,1059.516476660001,1000.0,1059.516476660001,1000.0,0.0,0.0
1779,1648564680000.0,0.0,0.0,0.0,191.31,0.0,0.0,225.05,1.0,1.0,1059.516476660001,1000.0,1059.516476660001,1000.0,0.0,0.0
1780,1648568280000.0,0.0,0.0,0.0,191.31,0.0,0.0,222.55,1.0,1.0,1059.516476660001,1000.0,1059.516476660001,1000.0,0.0,0.0
1781,1648571880000.0,0.0,0.0,0.0,191.31,0.0,0.0,221.8,1.0,1.0,1059.516476660001,1000.0,1059.516476660001,1000.0,0.0,0.0
1782,1648575480000.0,0.0,0.0,0.0,191.31,0.0,0.0,219.3,1.0,1.0,1059.516476660001,1000.0,1059.516476660001,1000.0,0.0,0.0
1783,1648579080000.0,0.0,0.0,0.0,191.31,0.0,0.0,220.2,1.0,1.0,1059.516476660001,1000.0,1059.516476660001,1000.0,0.0,0.0
1784,1648582680000.0,0.0,0.0,0.0,191.31,0.0,0.0,222.25,1.0,1.0,1059.516476660001,1000.0,1059.516476660001,1000.0,0.0,0.0
1785,1648586280000.0,0.0,0.0,0.0,191.31,0.0,0.0,220.4,1.0,1.0,1059.516476660001,1000.0,1059.516476660001,1000.0,0.0,0.0
1786,1648589880000.0,0.0,0.0,0.0,191.31,0.0,0.0,219.55,1.0,1.0,1059.516476660001,1000.0,1059.516476660001,1000.0,0.0,0.0
1787,1648593480000.0,0.0,0.0,0.0,191.31,0.0,0.0,219.65,1.0,1.0,1059.516476660001,1000.0,1059.516476660001,1000.0,0.0,0.0
1788,1648597080000.0,0.0,0.0,0.0,191.31,0.0,0.0,221.75,1.0,1.0,1059.516476660001,1000.0,1059.516476660001,1000.0,0.0,0.0
1789,1648600680000.0,0.0,0.0,0.0,191.31,0.0,0.0,220.2,1.0,1.0,1059.516476660001,1000.0,1059.516476660001,1000.0,0.0,0.0
1790,1648604280000.0,0.0,0.0,0.0,191.31,0.0,0.0,218.6,1.0,1.0,1059.516476660001,1000.0,1059.516476660001,1000.0,0.0,0.0
1791,1648607880000.0,0.0,0.0,0.0,191.31,0.0,0.0,219.2,1.0,1.0,1059.516476660001,1000.0,1059.516476660001,1000.0,0.0,0.0
1792,1648611480000.0,0.0,0.0,0.0,191.31,0.0,0.0,219.15,1.0,1.0,1059.516476660001,1000.0,1059.516476660001,1000.0,0.0,0.0
1793,1648615080000.0,0.0,0.0,0.0,191.31,0.0,0.0,219.15,1.0,1.0,1059.516476660001,1000.0,1059.516476660001,1000.0,0.0,0.0
1794,1648618680000.0,0.0,0.0,0.0,191.31,0.0,0.0,220.6,1.0,1.0,1059.516476660001,1000.0,1059.516476660001,1000.0,0.0,0.0
1795,1648622280000.0,0.0,0.0,0.0,191.31,0.0,0.0,220.1,1.0,1.0,1059.516476660001,1000.0,1059.516476660001,1000.0,0.0,0.0
1796,1648625880000.0,0.0,0.0,0.0,191.31,0.0,0.0,220.7,1.0,1.0,1059.516476660001,1000.0,1059.516476660001,1000.0,0.0,0.0
1797,1648629480000.0,0.0,0.0,0.0,191.31,0.0,0.0,220.85,1.0,1.0,1059.516476660001,1000.0,1059.516476660001,1000.0,0.0,0.0
1798,1648633080000.0,0.0,0.0,0.0,191.31,0.0,0.0,219.1,1.0,1.0,1059.516476660001,1000.0,1059.516476660001,1000.0,0.0,0.0
1799,1648636680000.0,0.0,0.0,0.0,191.31,0.0,0.0,219.25,1.0,1.0,1059.516476660001,1000.0,1059.516476660001,1000.0,0.0,0.0
1800,1648640280000.0,0.0,0.0,0.0,191.31,0.0,0.0,220.05,1.0,1.0,1059.516476660001,1000.0,1059.516476660001,1000.0,0.0,0.0
1801,1648643880000.0,0.0,0.0,0.0,191.31,0.0,0.0,219.9,1.0,1.0,1059.516476660001,1000.0,1059.516476660001,1000.0,0.0,0.0
1802,1648647480000.0,0.0,0.0,0.0,191.31,0.0,0.0,218.05,1.0,1.0,1059.516476660001,1000.0,1059.516476660001,1000.0,0.0,0.0
1803,1648651080000.0,0.0,0.0,0.0,191.31,0.0,0.0,218.35,1.0,1.0,1059.516476660001,1000.0,1059.516476660001,1000.0,0.0,0.0
1804,1648654680000.0,0.0,0.0,0.0,191.31,0.0,0.0,217.2,1.0,1.0,1059.516476660001,1000.0,1059.516476660001,1000.0,0.0,0.0
1805,1648658280000.0,0.0,0.0,0.0,191.31,0.0,0.0,220.8,1.0,1.0,1059.516476660001,1000.0,1059.516476660001,1000.0,0.0,0.0
1806,1648661880000.0,0.0,0.0,0.0,191.31,0.0,0.0,221.3,1.0,1.0,1059.516476660001,1000.0,1059.516476660001,1000.0,0.0,0.0
1807,1648665480000.0,0.0,0.0,0.0,191.31,0.0,0.0,221.0,1.0,1.0,1059.516476660001,1000.0,1059.516476660001,1000.0,0.0,0.0
1808,1648669080000.0,0.0,0.0,0.0,191.31,0.0,0.0,222.05,1.0,1.0,1059.516476660001,1000.0,1059.516476660001,1000.0,0.0,0.0
1809,1648672680000.0,0.0,0.0,0.0,191.31,0.0,0.0,221.5,1.0,1.0,1059.516476660001,1000.0,1059.516476660001,1000.0,0.0,0.0
1810,1648676280000.0,0.0,0.0,0.0,191.31,0.0,0.0,220.8,1.0,1.0,1059.516476660001,1000.0,1059.516476660001,1000.0,0.0,0.0
1811,1648679880000.0,0.0,0.0,0.0,191.31,0.0,0.0,221.1,1.0,1.0,1059.516476660001,1000.0,1059.516476660001,1000.0,0.0,0.0
1812,1648683480000.0,0.0,0.0,0.0,191.31,0.0,0.0,222.0,1.0,1.0,1059.516476660001,1000.0,1059.516476660001,1000.0,0.0,0.0
1813,1648687080000.0,0.0,0.0,0.0,191.31,0.0,0.0,222.1,1.0,1.0,1059.516476660001,1000.0,1059.516476660001,1000.0,0.0,0.0
1814,1648690680000.0,0.0,0.0,0.0,191.31,0.0,0.0,222.1,1.0,1.0,1059.516476660001,1000.0,1059.516476660001,1000.0,0.0,0.0
1815,1648694280000.0,0.0,0.0,0.0,191.31,0.0,0.0,222.6,1.0,1.0,1059.516476660001,1000.0,1059.516476660001,1000.0,0.0,0.0
1816,1648697880000.0,0.0,0.0,0.0,191.31,0.0,0.0,221.5,1.0,1.0,1059.516476660001,1000.0,1059.516476660001,1000.0,0.0,0.0
1817,1648701480000.0,0.0,0.0,0.0,191.31,0.0,0.0,220.25,1.0,1.0,1059.516476660001,1000.0,1059.516476660001,1000.0,0.0,0.0
1818,1648705080000.0,0.0,0.0,0.0,191.31,0.0,0.0,220.75,1.0,1.0,1059.516476660001,1000.0,1059.516476660001,1000.0,0.0,0.0
1819,1648708680000.0,0.0,0.0,0.0,191.31,0.0,0.0,219.85,1.0,1.0,1059.516476660001,1000.0,1059.516476660001,1000.0,0.0,0.0
1820,1648712280000.0,0.0,0.0,0.0,191.31,0.0,0.0,219.25,1.0,1.0,1059.516476660001,1000.0,1059.516476660001,1000.0,0.0,0.0
1821,1648715880000.0,0.0,0.0,0.0,191.31,0.0,0.0,218.45,1.0,1.0,1059.516476660001,1000.0,1059.516476660001,1000.0,0.0,0.0
1822,1648719480000.0,0.0,0.0,0.0,191.31,0.0,0.0,218.55,1.0,1.0,1059.516476660001,1000.0,1059.516476660001,1000.0,0.0,0.0
1823,1648723080000.0,0.0,0.0,0.0,191.31,0.0,0.0,218.9,1.0,1.0,1059.516476660001,1000.0,1059.516476660001,1000.0,0.0,0.0
1824,1648726680000.0,0.0,0.0,0.0,191.31,0.0,0.0,217.95,1.0,1.0,1059.516476660001,1000.0,1059.516476660001,1000.0,0.0,0.0
1825,1648730280000.0,0.0,0.0,0.0,191.31,0.0,0.0,219.25,1.0,1.0,1059.516476660001,1000.0,1059.516476660001,1000.0,0.0,0.0
1826,1648733880000.0,0.0,0.0,0.0,191.31,0.0,0.0,216.75,1.0,1.0,1059.516476660001,1000.0,1059.516476660001,1000.0,0.0,0.0
1827,1648737480000.0,0.0,0.0,0.2,212.62,0.0,0.0,215.1,1.0,1.0,1059.507971860001,1000.0,1060.003971860001,1000.0,0.040135611179355005,0.0
1828,1648741080000.0,0.0,0.0,0.2,212.62,0.0,0.0,217.35,1.0,1.0,1059.507971860001,1000.0,1060.4539718600008,1000.0,0.040135611179355005,0.0
1829,1648744680000.0,0.0,0.0,0.2,212.62,0.0,0.0,212.95,1.0,1.0,1059.507971860001,1000.0,1059.573971860001,1000.0,0.040135611179355005,0.0
1830,1648748280000.0,0.0,0.0,0.2,212.62,0.0,0.0,213.55,1.0,1.0,1059.507971860001,1000.0,1059.6939718600008,1000.0,0.040135611179355005,0.0
1831,1648751880000.0,0.0,0.0,0.2,212.62,0.0,0.0,214.3,1.0,1.0,1059.507971860001,1000.0,1059.843971860001,1000.0,0.040135611179355005,0.0
1832,1648755480000.0,0.0,0.0,0.2,212.62,0.0,0.0,214.15,1.0,1.0,1059.507971860001,1000.0,1059.813971860001,1000.0,0.040135611179355005,0.0
1833,1648759080000.0,0.0,0.0,0.2,212.62,0.0,0.0,213.35,1.0,1.0,1059.507971860001,1000.0,1059.6539718600009,1000.0,0.040135611179355005,0.0
1834,1648762680000.0,0.0,0.0,0.2,212.62,0.0,0.0,213.75,1.0,1.0,1059.507971860001,1000.0,1059.733971860001,1000.0,0.040135611179355005,0.0
1835,1648766280000.0,0.0,0.0,0.2,212.62,0.0,0.0,212.4,1.0,1.0,1059.507971860001,1000.0,1059.4639718600008,1000.0,0.040135611179355005,0.0
1836,1648769880000.0,0.0,0.0,0.2,212.62,0.0,0.0,213.0,1.0,1.0,1059.507971860001,1000.0,1059.583971860001,1000.0,0.040135611179355005,0.0
1837,1648773480000.0,0.0,0.0,0.2,212.62,0.0,0.0,213.75,1.0,1.0,1059.507971860001,1000.0,1059.733971860001,1000.0,0.040135611179355005,0.0
1838,1648777080000.0,0.0,0.0,0.2,212.62,0.0,0.0,213.6,1.0,1.0,1059.507971860001,1000.0,1059.7039718600008,1000.0,0.040135611179355005,0.0
1839,1648780680000.0,0.0,0.0,0.2,212.62,0.0,0.0,210.9,1.0,1.0,1059.507971860001,1000.0,1059.1639718600009,1000.0,0.040135611179355005,0.0
1840,1648784280000.0,0.0,0.0,0.2,212.62,0.0,0.0,210.4,1.0,1.0,1059.507971860001,1000.0,1059.063971860001,1000.0,0.040135611179355005,0.0
1841,1648787880000.0,0.0,0.0,0.2,212.62,0.0,0.0,213.85,1.0,1.0,1059.507971860001,1000.0,1059.753971860001,1000.0,0.040135611179355005,0.0
1842,1648791480000.0,0.0,0.0,0.2,212.62,0.0,0.0,213.95,1.0,1.0,1059.507971860001,1000.0,1059.773971860001,1000.0,0.040135611179355005,0.0
1843,1648795080000.0,0.0,0.0,0.2,212.62,0.0,0.0,217.45,1.0,1.0,1059.507971860001,1000.0,1060.4739718600008,1000.0,0.040135611179355005,0.0
1844,1648798680000.0,0.0,0.0,0.2,212.62,0.0,0.0,215.95,1.0,1.0,1059.507971860001,1000.0,1060.1739718600008,1000.0,0.040135611179355005,0.0
1845,1648802280000.0,0.0,0.0,0.2,212.62,0.0,0.0,216.8,1.0,1.0,1059.507971860001,1000.0,1060.343971860001,1000.0,0.040135611179355005,0.0
1846,1648805880000.0,0.0,0.0,0.2,212.62,0.0,0.0,216.6,1.0,1.0,1059.507971860001,1000.0,1060.303971860001,1000.0,0.040135611179355005,0.0
1847,1648809480000.0,0.0,0.0,0.2,212.62,0.0,0.0,217.55,1.0,1.0,1059.507971860001,1000.0,1060.493971860001,1000.0,0.040135611179355005,0.0
1848,1648813080000.0,0.0,0.0,0.2,212.62,0.0,0.0,218.2,1.0,1.0,1059.507971860001,1000.0,1060.623971860001,1000.0,0.040135611179355005,0.0
1849,1648816680000.0,0.0,0.0,0.2,212.62,0.0,0.0,217.5,1.0,1.0,1059.507971860001,1000.0,1060.483971860001,1000.0,0.040135611179355005,0.0
1850,1648820280000.0,0.0,0.0,0.04,212.62,0.0,0.0,219.15,1.0,1.0,1060.5217638600009,1000.0,1060.7829638600008,1000.0,0.008019448812672095,0.0
1851,1648823880000.0,0.0,0.0,0.0,212.62,0.0,0.0,219.8,1.0,1.0,1060.7752118600004,1000.0,1060.7752118600004,1000.0,0.0,0.0
1852,1648827480000.0,0.0,0.0,0.0,212.62,0.0,0.0,220.35,1.0,1.0,1060.7752118600004,1000.0,1060.7752118600004,1000.0,0.0,0.0
1853,1648831080000.0,0.0,0.0,0.0,212.62,0.0,0.0,218.3,1.0,1.0,1060.7752118600004,1000.0,1060.7752118600004,1000.0,0.0,0.0
1854,1648834680000.0,0.0,0.0,0.0,212.62,0.0,0.0,218.25,1.0,1.0,1060.7752118600004,1000.0,1060.7752118600004,1000.0,0.0,0.0
1855,1648838280000.0,0.0,0.0,0.0,212.62,0.0,0.0,216.7,1.0,1.0,1060.7752118600004,1000.0,1060.7752118600004,1000.0,0.0,0.0
1856,1648841880000.0,0.0,0.0,0.0,212.62,0.0,0.0,216.7,1.0,1.0,1060.7752118600004,1000.0,1060.7752118600004,1000.0,0.0,0.0
1857,1648845480000.0,0.0,0.0,0.0,212.62,0.0,0.0,218.3,1.0,1.0,1060.7752118600004,1000.0,1060.7752118600004,1000.0,0.0,0.0
1858,1648849080000.0,0.0,0.0,0.0,212.62,0.0,0.0,217.9,1.0,1.0,1060.7752118600004,1000.0,1060.7752118600004,1000.0,0.0,0.0
1859,1648852680000.0,0.0,0.0,0.0,212.62,0.0,0.0,218.25,1.0,1.0,1060.7752118600004,1000.0,1060.7752118600004,1000.0,0.0,0.0
1860,1648856280000.0,0.0,0.0,0.0,212.62,0.0,0.0,217.55,1.0,1.0,1060.7752118600004,1000.0,1060.7752118600004,1000.0,0.0,0.0
1861,1648859880000.0,0.0,0.0,0.0,212.62,0.0,0.0,220.3,1.0,1.0,1060.7752118600004,1000.0,1060.7752118600004,1000.0,0.0,0.0
1862,1648863480000.0,0.0,0.0,0.0,212.62,0.0,0.0,221.3,1.0,1.0,1060.7752118600004,1000.0,1060.7752118600004,1000.0,0.0,0.0
1863,1648867080000.0,0.0,0.0,0.0,212.62,0.0,0.0,219.35,1.0,1.0,1060.7752118600004,1000.0,1060.7752118600004,1000.0,0.0,0.0
1864,1648870680000.0,0.0,0.0,0.0,212.62,0.0,0.0,220.15,1.0,1.0,1060.7752118600004,1000.0,1060.7752118600004,1000.0,0.0,0.0
1865,1648874280000.0,0.0,0.0,0.0,212.62,0.0,0.0,222.15,1.0,1.0,1060.7752118600004,1000.0,1060.7752118600004,1000.0,0.0,0.0
1866,1648877880000.0,0.0,0.0,0.0,212.62,0.0,0.0,222.4,1.0,1.0,1060.7752118600004,1000.0,1060.7752118600004,1000.0,0.0,0.0
1867,1648881480000.0,0.0,0.0,0.0,212.62,0.0,0.0,221.5,1.0,1.0,1060.7752118600004,1000.0,1060.7752118600004,1000.0,0.0,0.0
1868,1648885080000.0,0.0,0.0,0.0,212.62,0.0,0.0,220.45,1.0,1.0,1060.7752118600004,1000.0,1060.7752118600004,1000.0,0.0,0.0
1869,1648888680000.0,0.0,0.0,0.0,212.62,0.0,0.0,221.1,1.0,1.0,1060.7752118600004,1000.0,1060.7752118600004,1000.0,0.0,0.0
1870,1648892280000.0,0.0,0.0,0.0,212.62,0.0,0.0,221.4,1.0,1.0,1060.7752118600004,1000.0,1060.7752118600004,1000.0,0.0,0.0
1871,1648895880000.0,0.0,0.0,0.0,212.62,0.0,0.0,221.9,1.0,1.0,1060.7752118600004,1000.0,1060.7752118600004,1000.0,0.0,0.0
1872,1648899480000.0,0.0,0.0,0.0,212.62,0.0,0.0,221.15,1.0,1.0,1060.7752118600004,1000.0,1060.7752118600004,1000.0,0.0,0.0
1873,1648903080000.0,0.0,0.0,0.0,212.62,0.0,0.0,221.05,1.0,1.0,1060.7752118600004,1000.0,1060.7752118600004,1000.0,0.0,0.0
1874,1648906680000.0,0.0,0.0,0.0,212.62,0.0,0.0,220.6,1.0,1.0,1060.7752118600004,1000.0,1060.7752118600004,1000.0,0.0,0.0
1875,1648910280000.0,0.0,0.0,0.0,212.62,0.0,0.0,219.4,1.0,1.0,1060.7752118600004,1000.0,1060.7752118600004,1000.0,0.0,0.0
1876,1648913880000.0,0.0,0.0,0.0,212.62,0.0,0.0,216.9,1.0,1.0,1060.7752118600004,1000.0,1060.7752118600004,1000.0,0.0,0.0
1877,1648917480000.0,0.0,0.0,0.0,212.62,0.0,0.0,217.55,1.0,1.0,1060.7752118600004,1000.0,1060.7752118600004,1000.0,0.0,0.0
1878,1648921080000.0,0.0,0.0,0.0,212.62,0.0,0.0,218.2,1.0,1.0,1060.7752118600004,1000.0,1060.7752118600004,1000.0,0.0,0.0
1879,1648924680000.0,0.0,0.0,0.0,212.62,0.0,0.0,217.1,1.0,1.0,1060.7752118600004,1000.0,1060.7752118600004,1000.0,0.0,0.0
1880,1648928280000.0,0.0,0.0,0.0,212.62,0.0,0.0,215.1,1.0,1.0,1060.7752118600004,1000.0,1060.7752118600004,1000.0,0.0,0.0
1881,1648931880000.0,0.0,0.0,0.0,212.62,0.0,0.0,215.05,1.0,1.0,1060.7752118600004,1000.0,1060.7752118600004,1000.0,0.0,0.0
1882,1648935480000.0,0.0,0.0,0.0,212.62,0.0,0.0,214.6,1.0,1.0,1060.7752118600004,1000.0,1060.7752118600004,1000.0,0.0,0.0
1883,1648939080000.0,0.0,0.0,0.0,212.62,0.0,0.0,214.8,1.0,1.0,1060.7752118600004,1000.0,1060.7752118600004,1000.0,0.0,0.0
1884,1648942680000.0,0.0,0.0,0.0,212.62,0.0,0.0,212.8,1.0,1.0,1060.7752118600004,1000.0,1060.7752118600004,1000.0,0.0,0.0
1885,1648946280000.0,0.0,0.0,0.0,212.62,0.0,0.0,213.35,1.0,1.0,1060.7752118600004,1000.0,1060.7752118600004,1000.0,0.0,0.0
1886,1648949880000.0,0.0,0.0,0.2,209.81,0.0,0.0,209.15,1.0,1.0,1060.7668194600003,1000.0,1060.6348194600002,1000.0,0.03955817549172721,0.0
1887,1648953480000.0,0.0,0.0,0.2,209.81,0.0,0.0,210.7,1.0,1.0,1060.7668194600003,1000.0,1060.9448194600004,1000.0,0.03955817549172721,0.0
1888,1648957080000.0,0.0,0.0,0.2,209.81,0.0,0.0,211.95,1.0,1.0,1060.7668194600003,1000.0,1061.1948194600004,1000.0,0.03955817549172721,0.0
1889,1648960680000.0,0.0,0.0,0.2,209.81,0.0,0.0,211.4,1.0,1.0,1060.7668194600003,1000.0,1061.0848194600003,1000.0,0.03955817549172721,0.0
1890,1648964280000.0,0.0,0.0,0.2,209.81,0.0,0.0,212.85,1.0,1.0,1060.7668194600003,1000.0,1061.3748194600003,1000.0,0.03955817549172721,0.0
1891,1648967880000.0,0.0,0.0,0.2,209.81,0.0,0.0,213.15,1.0,1.0,1060.7668194600003,1000.0,1061.4348194600002,1000.0,0.03955817549172721,0.0
1892,1648971480000.0,0.0,0.0,0.2,209.81,0.0,0.0,212.85,1.0,1.0,1060.7668194600003,1000.0,1061.3748194600003,1000.0,0.03955817549172721,0.0
1893,1648975080000.0,0.0,0.0,0.2,209.81,0.0,0.0,212.8,1.0,1.0,1060.7668194600003,1000.0,1061.3648194600003,1000.0,0.03955817549172721,0.0
1894,1648978680000.0,0.0,0.0,0.2,209.81,0.0,0.0,213.7,1.0,1.0,1060.7668194600003,1000.0,1061.5448194600003,1000.0,0.03955817549172721,0.0
1895,1648982280000.0,0.0,0.0,0.2,209.81,0.0,0.0,213.5,1.0,1.0,1060.7668194600003,1000.0,1061.5048194600004,1000.0,0.03955817549172721,0.0
1896,1648985880000.0,0.0,0.0,0.2,209.81,0.0,0.0,214.65,1.0,1.0,1060.7668194600003,1000.0,1061.7348194600004,1000.0,0.03955817549172721,0.0
1897,1648989480000.0,0.0,0.0,0.2,209.81,0.0,0.0,215.3,1.0,1.0,1060.7668194600003,1000.0,1061.8648194600003,1000.0,0.03955817549172721,0.0
1898,1648993080000.0,0.0,0.0,0.2,209.81,0.0,0.0,215.7,1.0,1.0,1060.7668194600003,1000.0,1061.9448194600004,1000.0,0.03955817549172721,0.0
1899,1648996680000.0,0.0,0.0,0.2,209.81,0.0,0.0,215.1,1.0,1.0,1060.7668194600003,1000.0,1061.8248194600003,1000.0,0.03955817549172721,0.0
1900,1649000280000.0,0.0,0.0,0.01,209.81,0.0,0.0,216.25,1.0,1.0,1061.9556072800008,1000.0,1062.0200072800008,1000.0,0.0019756946388501946,0.0
1901,1649003880000.0,0.0,0.0,0.0,209.81,0.0,0.0,215.75,1.0,1.0,1062.0181750600009,1000.0,1062.0181750600009,1000.0,0.0,0.0
1902,1649007480000.0,0.0,0.0,0.0,209.81,0.0,0.0,215.2,1.0,1.0,1062.0181750600009,1000.0,1062.0181750600009,1000.0,0.0,0.0
1903,1649011080000.0,0.0,0.0,0.0,209.81,0.0,0.0,214.9,1.0,1.0,1062.0181750600009,1000.0,1062.0181750600009,1000.0,0.0,0.0
1904,1649014680000.0,0.0,0.0,0.0,209.81,0.0,0.0,214.6,1.0,1.0,1062.0181750600009,1000.0,1062.0181750600009,1000.0,0.0,0.0
1905,1649018280000.0,0.0,0.0,0.0,209.81,0.0,0.0,215.3,1.0,1.0,1062.0181750600009,1000.0,1062.0181750600009,1000.0,0.0,0.0
1906,1649021880000.0,0.0,0.0,0.0,209.81,0.0,0.0,216.45,1.0,1.0,1062.0181750600009,1000.0,1062.0181750600009,1000.0,0.0,0.0
1907,1649025480000.0,0.0,0.0,0.0,209.81,0.0,0.0,217.8,1.0,1.0,1062.0181750600009,1000.0,1062.0181750600009,1000.0,0.0,0.0
1908,1649029080000.0,0.0,0.0,0.0,209.81,0.0,0.0,216.95,1.0,1.0,1062.0181750600009,1000.0,1062.0181750600009,1000.0,0.0,0.0
1909,1649032680000.0,0.0,0.0,0.0,209.81,0.0,0.0,215.6,1.0,1.0,1062.0181750600009,1000.0,1062.0181750600009,1000.0,0.0,0.0
1910,1649036280000.0,0.0,0.0,0.0,209.81,0.0,0.0,216.6,1.0,1.0,1062.0181750600009,1000.0,1062.0181750600009,1000.0,0.0,0.0
1911,1649039880000.0,0.0,0.0,0.0,209.81,0.0,0.0,214.8,1.0,1.0,1062.0181750600009,1000.0,1062.0181750600009,1000.0,0.0,0.0
1912,1649043480000.0,0.0,0.0,0.0,209.81,0.0,0.0,215.5,1.0,1.0,1062.0181750600009,1000.0,1062.0181750600009,1000.0,0.0,0.0
1913,1649047080000.0,0.0,0.0,0.0,209.81,0.0,0.0,215.25,1.0,1.0,1062.0181750600009,1000.0,1062.0181750600009,1000.0,0.0,0.0
1914,1649050680000.0,0.0,0.0,0.0,209.81,0.0,0.0,215.3,1.0,1.0,1062.0181750600009,1000.0,1062.0181750600009,1000.0,0.0,0.0
1915,1649054280000.0,0.0,0.0,0.0,209.81,0.0,0.0,215.45,1.0,1.0,1062.0181750600009,1000.0,1062.0181750600009,1000.0,0.0,0.0
1916,1649057880000.0,0.0,0.0,0.0,209.81,0.0,0.0,214.85,1.0,1.0,1062.0181750600009,1000.0,1062.0181750600009,1000.0,0.0,0.0
1917,1649061480000.0,0.0,0.0,0.0,209.81,0.0,0.0,215.85,1.0,1.0,1062.0181750600009,1000.0,1062.0181750600009,1000.0,0.0,0.0
1918,1649065080000.0,0.0,0.0,0.0,209.81,0.0,0.0,213.95,1.0,1.0,1062.0181750600009,1000.0,1062.0181750600009,1000.0,0.0,0.0
1919,1649068680000.0,0.0,0.0,0.0,209.81,0.0,0.0,212.7,1.0,1.0,1062.0181750600009,1000.0,1062.0181750600009,1000.0,0.0,0.0
1920,1649072280000.0,0.0,0.0,0.0,209.81,0.0,0.0,213.85,1.0,1.0,1062.0181750600009,1000.0,1062.0181750600009,1000.0,0.0,0.0
1921,1649075880000.0,0.0,0.0,0.0,209.81,0.0,0.0,212.55,1.0,1.0,1062.0181750600009,1000.0,1062.0181750600009,1000.0,0.0,0.0
1922,1649079480000.0,0.0,0.0,0.0,209.81,0.0,0.0,212.8,1.0,1.0,1062.0181750600009,1000.0,1062.0181750600009,1000.0,0.0,0.0
1923,1649083080000.0,0.0,0.0,0.0,209.81,0.0,0.0,214.6,1.0,1.0,1062.0181750600009,1000.0,1062.0181750600009,1000.0,0.0,0.0
1924,1649086680000.0,0.0,0.0,0.0,209.81,0.0,0.0,212.7,1.0,1.0,1062.0181750600009,1000.0,1062.0181750600009,1000.0,0.0,0.0
1925,1649090280000.0,0.0,0.0,0.0,209.81,0.0,0.0,212.25,1.0,1.0,1062.0181750600009,1000.0,1062.0181750600009,1000.0,0.0,0.0
1926,1649093880000.0,0.0,0.0,0.0,209.81,0.0,0.0,213.85,1.0,1.0,1062.0181750600009,1000.0,1062.0181750600009,1000.0,0.0,0.0
1927,1649097480000.0,0.0,0.0,0.0,209.81,0.0,0.0,214.25,1.0,1.0,1062.0181750600009,1000.0,1062.0181750600009,1000.0,0.0,0.0
1928,1649101080000.0,0.0,0.0,0.0,209.81,0.0,0.0,219.05,1.0,1.0,1062.0181750600009,1000.0,1062.0181750600009,1000.0,0.0,0.0
1929,1649104680000.0,0.0,0.0,0.0,209.81,0.0,0.0,223.5,1.0,1.0,1062.0181750600009,1000.0,1062.0181750600009,1000.0,0.0,0.0
1930,1649108280000.0,0.0,0.0,0.0,209.81,0.0,0.0,223.0,1.0,1.0,1062.0181750600009,1000.0,1062.0181750600009,1000.0,0.0,0.0
1931,1649111880000.0,0.0,0.0,0.0,209.81,0.0,0.0,220.9,1.0,1.0,1062.0181750600009,1000.0,1062.0181750600009,1000.0,0.0,0.0
1932,1649115480000.0,0.0,0.0,0.0,209.81,0.0,0.0,221.3,1.0,1.0,1062.0181750600009,1000.0,1062.0181750600009,1000.0,0.0,0.0
1933,1649119080000.0,0.0,0.0,0.0,209.81,0.0,0.0,222.1,1.0,1.0,1062.0181750600009,1000.0,1062.0181750600009,1000.0,0.0,0.0
1934,1649122680000.0,0.0,0.0,0.0,209.81,0.0,0.0,225.85,1.0,1.0,1062.0181750600009,1000.0,1062.0181750600009,1000.0,0.0,0.0
1935,1649126280000.0,0.0,0.0,0.0,209.81,0.0,0.0,228.25,1.0,1.0,1062.0181750600009,1000.0,1062.0181750600009,1000.0,0.0,0.0
1936,1649129880000.0,0.0,0.0,0.0,209.81,0.0,0.0,226.5,1.0,1.0,1062.0181750600009,1000.0,1062.0181750600009,1000.0,0.0,0.0
1937,1649133480000.0,0.0,0.0,0.0,209.81,0.0,0.0,226.9,1.0,1.0,1062.0181750600009,1000.0,1062.0181750600009,1000.0,0.0,0.0
1938,1649137080000.0,0.0,0.0,0.0,209.81,0.0,0.0,224.8,1.0,1.0,1062.0181750600009,1000.0,1062.0181750600009,1000.0,0.0,0.0
1939,1649140680000.0,0.0,0.0,0.0,209.81,0.0,0.0,224.25,1.0,1.0,1062.0181750600009,1000.0,1062.0181750600009,1000.0,0.0,0.0
1940,1649144280000.0,0.0,0.0,0.0,209.81,0.0,0.0,224.1,1.0,1.0,1062.0181750600009,1000.0,1062.0181750600009,1000.0,0.0,0.0
1941,1649147880000.0,0.0,0.0,0.0,209.81,0.0,0.0,225.65,1.0,1.0,1062.0181750600009,1000.0,1062.0181750600009,1000.0,0.0,0.0
1942,1649151480000.0,0.0,0.0,0.0,209.81,0.0,0.0,226.4,1.0,1.0,1062.0181750600009,1000.0,1062.0181750600009,1000.0,0.0,0.0
1943,1649155080000.0,0.0,0.0,0.0,209.81,0.0,0.0,226.3,1.0,1.0,1062.0181750600009,1000.0,1062.0181750600009,1000.0,0.0,0.0
1944,1649158680000.0,0.0,0.0,0.0,209.81,0.0,0.0,226.9,1.0,1.0,1062.0181750600009,1000.0,1062.0181750600009,1000.0,0.0,0.0
1945,1649162280000.0,0.0,0.0,0.0,209.81,0.0,0.0,227.65,1.0,1.0,1062.0181750600009,1000.0,1062.0181750600009,1000.0,0.0,0.0
1946,1649165880000.0,0.0,0.0,0.0,209.81,0.0,0.0,224.65,1.0,1.0,1062.0181750600009,1000.0,1062.0181750600009,1000.0,0.0,0.0
1947,1649169480000.0,0.0,0.0,0.0,209.81,0.0,0.0,221.8,1.0,1.0,1062.0181750600009,1000.0,1062.0181750600009,1000.0,0.0,0.0
1948,1649173080000.0,0.0,0.0,0.0,209.81,0.0,0.0,222.1,1.0,1.0,1062.0181750600009,1000.0,1062.0181750600009,1000.0,0.0,0.0
1949,1649176680000.0,0.0,0.0,0.0,209.81,0.0,0.0,223.1,1.0,1.0,1062.0181750600009,1000.0,1062.0181750600009,1000.0,0.0,0.0
1950,1649180280000.0,0.0,0.0,0.0,209.81,0.0,0.0,223.1,1.0,1.0,1062.0181750600009,1000.0,1062.0181750600009,1000.0,0.0,0.0
1951,1649183880000.0,0.0,0.0,0.0,209.81,0.0,0.0,221.05,1.0,1.0,1062.0181750600009,1000.0,1062.0181750600009,1000.0,0.0,0.0
1952,1649187480000.0,0.0,0.0,0.0,209.81,0.0,0.0,219.6,1.0,1.0,1062.0181750600009,1000.0,1062.0181750600009,1000.0,0.0,0.0
1953,1649191080000.0,0.0,0.0,0.0,209.81,0.0,0.0,220.2,1.0,1.0,1062.0181750600009,1000.0,1062.0181750600009,1000.0,0.0,0.0
1954,1649194680000.0,0.0,0.0,0.0,209.81,0.0,0.0,220.7,1.0,1.0,1062.0181750600009,1000.0,1062.0181750600009,1000.0,0.0,0.0
1955,1649198280000.0,0.0,0.0,0.0,209.81,0.0,0.0,221.45,1.0,1.0,1062.0181750600009,1000.0,1062.0181750600009,1000.0,0.0,0.0
1956,1649201880000.0,0.0,0.0,0.0,209.81,0.0,0.0,223.5,1.0,1.0,1062.0181750600009,1000.0,1062.0181750600009,1000.0,0.0,0.0
1957,1649205480000.0,0.0,0.0,0.2,214.95,0.0,0.0,216.55,1.0,1.0,1062.009577060001,1000.0,1062.329577060001,1000.0,0.040479860943449075,0.0
1958,1649209080000.0,0.0,0.0,0.2,214.95,0.0,0.0,218.5,1.0,1.0,1062.009577060001,1000.0,1062.719577060001,1000.0,0.040479860943449075,0.0
1959,1649212680000.0,0.0,0.0,0.2,214.95,0.0,0.0,220.5,1.0,1.0,1062.009577060001,1000.0,1063.119577060001,1000.0,0.040479860943449075,0.0
1960,1649216280000.0,0.0,0.0,0.2,214.95,0.0,0.0,219.8,1.0,1.0,1062.009577060001,1000.0,1062.979577060001,1000.0,0.040479860943449075,0.0
1961,1649219880000.0,0.0,0.0,0.2,214.95,0.0,0.0,220.65,1.0,1.0,1062.009577060001,1000.0,1063.149577060001,1000.0,0.040479860943449075,0.0
1962,1649223480000.0,0.0,0.0,0.1,214.95,0.0,0.0,222.45,1.0,1.0,1062.650149060001,1000.0,1063.400149060001,1000.0,0.020227729718020598,0.0
1963,1649227080000.0,0.0,0.0,0.1,214.95,0.0,0.0,223.35,1.0,1.0,1062.650149060001,1000.0,1063.490149060001,1000.0,0.020227729718020598,0.0
1964,1649230680000.0,0.0,0.0,0.1,214.95,0.0,0.0,222.25,1.0,1.0,1062.650149060001,1000.0,1063.380149060001,1000.0,0.020227729718020598,0.0
1965,1649234280000.0,0.0,0.0,0.05,214.95,0.0,0.0,221.15,1.0,1.0,1062.9704350600011,1000.0,1063.280435060001,1000.0,0.01011081742776161,0.0
1966,1649237880000.0,0.0,0.0,0.04,214.95,0.0,0.0,222.55,1.0,1.0,1063.0344922600011,1000.0,1063.3384922600012,1000.0,0.008088166529498713,0.0
1967,1649241480000.0,0.0,0.0,0.03,214.95,0.0,0.0,221.55,1.0,1.0,1063.098549460001,1000.0,1063.2965494600012,1000.0,0.006065759381644818,0.0
1968,1649245080000.0,0.0,0.0,0.01,214.95,0.0,0.0,218.5,1.0,1.0,1063.226663860001,1000.0,1063.262163860001,1000.0,0.00202167616093856,0.0
1969,1649248680000.0,0.0,0.0,0.01,214.95,0.0,0.0,218.45,1.0,1.0,1063.226663860001,1000.0,1063.2616638600011,1000.0,0.00202167616093856,0.0
1970,1649252280000.0,0.0,0.0,0.01,214.95,0.0,0.0,219.9,1.0,1.0,1063.226663860001,1000.0,1063.2761638600011,1000.0,0.00202167616093856,0.0
1971,1649255880000.0,0.0,0.0,0.2,213.72449999999998,0.0,0.0,215.1,1.0,1.0,1063.2185447800011,1000.0,1063.4936447800012,1000.0,0.040203305529104255,0.0
1972,1649259480000.0,0.0,0.0,0.2,213.72449999999998,0.0,0.0,214.7,1.0,1.0,1063.2185447800011,1000.0,1063.413644780001,1000.0,0.040203305529104255,0.0
1973,1649263080000.0,0.0,0.0,0.2,213.72449999999998,0.0,0.0,215.3,1.0,1.0,1063.2185447800011,1000.0,1063.5336447800012,1000.0,0.040203305529104255,0.0
1974,1649266680000.0,0.0,0.0,0.2,213.72449999999998,0.0,0.0,214.55,1.0,1.0,1063.2185447800011,1000.0,1063.383644780001,1000.0,0.040203305529104255,0.0
1975,1649270280000.0,0.0,0.0,0.2,213.72449999999998,0.0,0.0,216.75,1.0,1.0,1063.2185447800011,1000.0,1063.8236447800011,1000.0,0.040203305529104255,0.0
1976,1649273880000.0,0.0,0.0,0.2,213.72449999999998,0.0,0.0,217.15,1.0,1.0,1063.2185447800011,1000.0,1063.903644780001,1000.0,0.040203305529104255,0.0
1977,1649277480000.0,0.0,0.0,0.2,213.72449999999998,0.0,0.0,217.3,1.0,1.0,1063.2185447800011,1000.0,1063.933644780001,1000.0,0.040203305529104255,0.0
1978,1649281080000.0,0.0,0.0,0.2,213.72449999999998,0.0,0.0,216.0,1.0,1.0,1063.2185447800011,1000.0,1063.673644780001,1000.0,0.040203305529104255,0.0
1979,1649284680000.0,0.0,0.0,0.2,213.72449999999998,0.0,0.0,215.8,1.0,1.0,1063.2185447800011,1000.0,1063.633644780001,1000.0,0.040203305529104255,0.0
1980,1649288280000.0,0.0,0.0,0.2,213.72449999999998,0.0,0.0,214.35,1.0,1.0,1063.2185447800011,1000.0,1063.3436447800011,1000.0,0.040203305529104255,0.0
1981,1649291880000.0,0.0,0.0,0.2,213.72449999999998,0.0,0.0,215.95,1.0,1.0,1063.2185447800011,1000.0,1063.663644780001,1000.0,0.040203305529104255,0.0
1982,1649295480000.0,0.0,0.0,0.2,213.72449999999998,0.0,0.0,217.2,1.0,1.0,1063.2185447800011,1000.0,1063.913644780001,1000.0,0.040203305529104255,0.0
1983,1649299080000.0,0.0,0.0,0.1,213.72449999999998,0.0,0.0,220.25,1.0,1.0,1063.8556919800012,1000.0,1064.5082419800012,1000.0,0.02008961380863841,0.0
1984,1649302680000.0,0.0,0.0,0.0,213.72449999999998,0.0,0.0,220.25,1.0,1.0,1064.4928391800013,1000.0,1064.4928391800013,1000.0,0.0,0.0
1985,1649306280000.0,0.0,0.0,0.0,213.72449999999998,0.0,0.0,220.2,1.0,1.0,1064.4928391800013,1000.0,1064.4928391800013,1000.0,0.0,0.0
1986,1649309880000.0,0.0,0.0,0.0,213.72449999999998,0.0,0.0,220.55,1.0,1.0,1064.4928391800013,1000.0,1064.4928391800013,1000.0,0.0,0.0
1987,1649313480000.0,0.0,0.0,0.0,213.72449999999998,0.0,0.0,220.45,1.0,1.0,1064.4928391800013,1000.0,1064.4928391800013,1000.0,0.0,0.0
1988,1649317080000.0,0.0,0.0,0.0,213.72449999999998,0.0,0.0,220.05,1.0,1.0,1064.4928391800013,1000.0,1064.4928391800013,1000.0,0.0,0.0
1989,1649320680000.0,0.0,0.0,0.0,213.72449999999998,0.0,0.0,220.25,1.0,1.0,1064.4928391800013,1000.0,1064.4928391800013,1000.0,0.0,0.0
1990,1649324280000.0,0.0,0.0,0.0,213.72449999999998,0.0,0.0,219.55,1.0,1.0,1064.4928391800013,1000.0,1064.4928391800013,1000.0,0.0,0.0
1991,1649327880000.0,0.0,0.0,0.0,213.72449999999998,0.0,0.0,219.35,1.0,1.0,1064.4928391800013,1000.0,1064.4928391800013,1000.0,0.0,0.0
1992,1649331480000.0,0.0,0.0,0.0,213.72449999999998,0.0,0.0,221.65,1.0,1.0,1064.4928391800013,1000.0,1064.4928391800013,1000.0,0.0,0.0
1993,1649335080000.0,0.0,0.0,0.0,213.72449999999998,0.0,0.0,220.55,1.0,1.0,1064.4928391800013,1000.0,1064.4928391800013,1000.0,0.0,0.0
1994,1649338680000.0,0.0,0.0,0.0,213.72449999999998,0.0,0.0,219.2,1.0,1.0,1064.4928391800013,1000.0,1064.4928391800013,1000.0,0.0,0.0
1995,1649342280000.0,0.0,0.0,0.0,213.72449999999998,0.0,0.0,217.95,1.0,1.0,1064.4928391800013,1000.0,1064.4928391800013,1000.0,0.0,0.0
1996,1649345880000.0,0.0,0.0,0.0,213.72449999999998,0.0,0.0,215.45,1.0,1.0,1064.4928391800013,1000.0,1064.4928391800013,1000.0,0.0,0.0
1997,1649349480000.0,0.0,0.0,0.0,213.72449999999998,0.0,0.0,220.8,1.0,1.0,1064.4928391800013,1000.0,1064.4928391800013,1000.0,0.0,0.0
1998,1649353080000.0,0.0,0.0,0.0,213.72449999999998,0.0,0.0,222.35,1.0,1.0,1064.4928391800013,1000.0,1064.4928391800013,1000.0,0.0,0.0
1999,1649356680000.0,0.0,0.0,0.0,213.72449999999998,0.0,0.0,224.25,1.0,1.0,1064.4928391800013,1000.0,1064.4928391800013,1000.0,0.0,0.0
2000,1649360280000.0,0.0,0.0,0.0,213.72449999999998,0.0,0.0,224.9,1.0,1.0,1064.4928391800013,1000.0,1064.4928391800013,1000.0,0.0,0.0
2001,1649363880000.0,0.0,0.0,0.0,213.72449999999998,0.0,0.0,223.4,1.0,1.0,1064.4928391800013,1000.0,1064.4928391800013,1000.0,0.0,0.0
2002,1649367480000.0,0.0,0.0,0.0,213.72449999999998,0.0,0.0,223.75,1.0,1.0,1064.4928391800013,1000.0,1064.4928391800013,1000.0,0.0,0.0
2003,1649371080000.0,0.0,0.0,0.0,213.72449999999998,0.0,0.0,226.1,1.0,1.0,1064.4928391800013,1000.0,1064.4928391800013,1000.0,0.0,0.0
2004,1649374680000.0,0.0,0.0,0.0,213.72449999999998,0.0,0.0,226.8,1.0,1.0,1064.4928391800013,1000.0,1064.4928391800013,1000.0,0.0,0.0
2005,1649378280000.0,0.0,0.0,0.0,213.72449999999998,0.0,0.0,225.15,1.0,1.0,1064.4928391800013,1000.0,1064.4928391800013,1000.0,0.0,0.0
2006,1649381880000.0,0.0,0.0,0.0,213.72449999999998,0.0,0.0,225.85,1.0,1.0,1064.4928391800013,1000.0,1064.4928391800013,1000.0,0.0,0.0
2007,1649385480000.0,0.0,0.0,0.0,213.72449999999998,0.0,0.0,225.7,1.0,1.0,1064.4928391800013,1000.0,1064.4928391800013,1000.0,0.0,0.0
2008,1649389080000.0,0.0,0.0,0.0,213.72449999999998,0.0,0.0,225.15,1.0,1.0,1064.4928391800013,1000.0,1064.4928391800013,1000.0,0.0,0.0
2009,1649392680000.0,0.0,0.0,0.0,213.72449999999998,0.0,0.0,225.6,1.0,1.0,1064.4928391800013,1000.0,1064.4928391800013,1000.0,0.0,0.0
2010,1649396280000.0,0.0,0.0,0.0,213.72449999999998,0.0,0.0,226.65,1.0,1.0,1064.4928391800013,1000.0,1064.4928391800013,1000.0,0.0,0.0
2011,1649399880000.0,0.0,0.0,0.0,213.72449999999998,0.0,0.0,225.25,1.0,1.0,1064.4928391800013,1000.0,1064.4928391800013,1000.0,0.0,0.0
2012,1649403480000.0,0.0,0.0,0.0,213.72449999999998,0.0,0.0,223.35,1.0,1.0,1064.4928391800013,1000.0,1064.4928391800013,1000.0,0.0,0.0
2013,1649407080000.0,0.0,0.0,0.0,213.72449999999998,0.0,0.0,224.65,1.0,1.0,1064.4928391800013,1000.0,1064.4928391800013,1000.0,0.0,0.0
2014,1649410680000.0,0.0,0.0,0.0,213.72449999999998,0.0,0.0,223.45,1.0,1.0,1064.4928391800013,1000.0,1064.4928391800013,1000.0,0.0,0.0
2015,1649414280000.0,0.0,0.0,0.0,213.72449999999998,0.0,0.0,225.05,1.0,1.0,1064.4928391800013,1000.0,1064.4928391800013,1000.0,0.0,0.0
2016,1649417880000.0,0.0,0.0,0.0,213.72449999999998,0.0,0.0,223.8,1.0,1.0,1064.4928391800013,1000.0,1064.4928391800013,1000.0,0.0,0.0
2017,1649421480000.0,0.0,0.0,0.0,213.72449999999998,0.0,0.0,224.85,1.0,1.0,1064.4928391800013,1000.0,1064.4928391800013,1000.0,0.0,0.0
2018,1649425080000.0,0.0,0.0,0.0,213.72449999999998,0.0,0.0,221.65,1.0,1.0,1064.4928391800013,1000.0,1064.4928391800013,1000.0,0.0,0.0
2019,1649428680000.0,0.0,0.0,0.0,213.72449999999998,0.0,0.0,223.95,1.0,1.0,1064.4928391800013,1000.0,1064.4928391800013,1000.0,0.0,0.0
2020,1649432280000.0,0.0,0.0,0.0,213.72449999999998,0.0,0.0,224.15,1.0,1.0,1064.4928391800013,1000.0,1064.4928391800013,1000.0,0.0,0.0
2021,1649435880000.0,0.0,0.0,0.0,213.72449999999998,0.0,0.0,222.95,1.0,1.0,1064.4928391800013,1000.0,1064.4928391800013,1000.0,0.0,0.0
2022,1649439480000.0,0.0,0.0,0.0,213.72449999999998,0.0,0.0,223.65,1.0,1.0,1064.4928391800013,1000.0,1064.4928391800013,1000.0,0.0,0.0
2023,1649443080000.0,0.0,0.0,0.0,213.72449999999998,0.0,0.0,222.25,1.0,1.0,1064.4928391800013,1000.0,1064.4928391800013,1000.0,0.0,0.0
2024,1649446680000.0,0.0,0.0,0.0,213.72449999999998,0.0,0.0,223.2,1.0,1.0,1064.4928391800013,1000.0,1064.4928391800013,1000.0,0.0,0.0
2025,1649450280000.0,0.0,0.0,0.0,213.72449999999998,0.0,0.0,220.95,1.0,1.0,1064.4928391800013,1000.0,1064.4928391800013,1000.0,0.0,0.0
2026,1649453880000.0,0.0,0.0,0.0,213.72449999999998,0.0,0.0,219.1,1.0,1.0,1064.4928391800013,1000.0,1064.4928391800013,1000.0,0.0,0.0
2027,1649457480000.0,0.0,0.0,0.0,213.72449999999998,0.0,0.0,216.75,1.0,1.0,1064.4928391800013,1000.0,1064.4928391800013,1000.0,0.0,0.0
2028,1649461080000.0,0.0,0.0,0.2,215.33,0.0,0.0,215.55,1.0,1.0,1064.4842259800014,1000.0,1064.5282259800015,1000.0,0.04045715187592558,0.0
2029,1649464680000.0,0.0,0.0,0.2,215.33,0.0,0.0,218.0,1.0,1.0,1064.4842259800014,1000.0,1065.0182259800015,1000.0,0.04045715187592558,0.0
2030,1649468280000.0,0.0,0.0,0.2,215.33,0.0,0.0,218.45,1.0,1.0,1064.4842259800014,1000.0,1065.1082259800014,1000.0,0.04045715187592558,0.0
2031,1649471880000.0,0.0,0.0,0.2,215.33,0.0,0.0,217.4,1.0,1.0,1064.4842259800014,1000.0,1064.8982259800014,1000.0,0.04045715187592558,0.0
2032,1649475480000.0,0.0,0.0,0.2,215.33,0.0,0.0,219.0,1.0,1.0,1064.4842259800014,1000.0,1065.2182259800013,1000.0,0.04045715187592558,0.0
2033,1649479080000.0,0.0,0.0,0.2,215.33,0.0,0.0,220.0,1.0,1.0,1064.4842259800014,1000.0,1065.4182259800014,1000.0,0.04045715187592558,0.0
2034,1649482680000.0,0.0,0.0,0.2,215.33,0.0,0.0,219.6,1.0,1.0,1064.4842259800014,1000.0,1065.3382259800014,1000.0,0.04045715187592558,0.0
2035,1649486280000.0,0.0,0.0,0.2,215.33,0.0,0.0,219.4,1.0,1.0,1064.4842259800014,1000.0,1065.2982259800015,1000.0,0.04045715187592558,0.0
2036,1649489880000.0,0.0,0.0,0.14,215.33,0.0,0.0,220.5,1.0,1.0,1064.8691645000015,1000.0,1065.5929645000015,1000.0,0.02830976894157213,0.0
2037,1649493480000.0,0.0,0.0,0.0,215.33,0.0,0.0,222.15,1.0,1.0,1065.7673543800015,1000.0,1065.7673543800015,1000.0,0.0,0.0
2038,1649497080000.0,0.0,0.0,0.0,215.33,0.0,0.0,223.55,1.0,1.0,1065.7673543800015,1000.0,1065.7673543800015,1000.0,0.0,0.0
2039,1649500680000.0,0.0,0.0,0.0,215.33,0.0,0.0,227.2,1.0,1.0,1065.7673543800015,1000.0,1065.7673543800015,1000.0,0.0,0.0
2040,1649504280000.0,0.0,0.0,0.0,215.33,0.0,0.0,244.95,1.0,1.0,1065.7673543800015,1000.0,1065.7673543800015,1000.0,0.0,0.0
2041,1649507880000.0,0.0,0.0,0.0,215.33,0.0,0.0,235.8,1.0,1.0,1065.7673543800015,1000.0,1065.7673543800015,1000.0,0.0,0.0
2042,1649511480000.0,0.0,0.0,0.0,215.33,0.0,0.0,235.25,1.0,1.0,1065.7673543800015,1000.0,1065.7673543800015,1000.0,0.0,0.0
2043,1649515080000.0,0.0,0.0,0.0,215.33,0.0,0.0,232.85,1.0,1.0,1065.7673543800015,1000.0,1065.7673543800015,1000.0,0.0,0.0
2044,1649518680000.0,0.0,0.0,0.0,215.33,0.0,0.0,233.9,1.0,1.0,1065.7673543800015,1000.0,1065.7673543800015,1000.0,0.0,0.0
2045,1649522280000.0,0.0,0.0,0.0,215.33,0.0,0.0,235.2,1.0,1.0,1065.7673543800015,1000.0,1065.7673543800015,1000.0,0.0,0.0
2046,1649525880000.0,0.0,0.0,0.0,215.33,0.0,0.0,236.0,1.0,1.0,1065.7673543800015,1000.0,1065.7673543800015,1000.0,0.0,0.0
2047,1649529480000.0,0.0,0.0,0.0,215.33,0.0,0.0,234.55,1.0,1.0,1065.7673543800015,1000.0,1065.7673543800015,1000.0,0.0,0.0
2048,1649533080000.0,0.0,0.0,0.0,215.33,0.0,0.0,235.2,1.0,1.0,1065.7673543800015,1000.0,1065.7673543800015,1000.0,0.0,0.0
2049,1649536680000.0,0.0,0.0,0.0,215.33,0.0,0.0,237.8,1.0,1.0,1065.7673543800015,1000.0,1065.7673543800015,1000.0,0.0,0.0
2050,1649540280000.0,0.0,0.0,0.0,215.33,0.0,0.0,234.45,1.0,1.0,1065.7673543800015,1000.0,1065.7673543800015,1000.0,0.0,0.0
2051,1649543880000.0,0.0,0.0,0.0,215.33,0.0,0.0,237.8,1.0,1.0,1065.7673543800015,1000.0,1065.7673543800015,1000.0,0.0,0.0
2052,1649547480000.0,0.0,0.0,0.0,215.33,0.0,0.0,239.3,1.0,1.0,1065.7673543800015,1000.0,1065.7673543800015,1000.0,0.0,0.0
2053,1649551080000.0,0.0,0.0,0.0,215.33,0.0,0.0,238.75,1.0,1.0,1065.7673543800015,1000.0,1065.7673543800015,1000.0,0.0,0.0
2054,1649554680000.0,0.0,0.0,0.0,215.33,0.0,0.0,237.4,1.0,1.0,1065.7673543800015,1000.0,1065.7673543800015,1000.0,0.0,0.0
2055,1649558280000.0,0.0,0.0,0.0,215.33,0.0,0.0,237.75,1.0,1.0,1065.7673543800015,1000.0,1065.7673543800015,1000.0,0.0,0.0
2056,1649561880000.0,0.0,0.0,0.0,215.33,0.0,0.0,239.95,1.0,1.0,1065.7673543800015,1000.0,1065.7673543800015,1000.0,0.0,0.0
2057,1649565480000.0,0.0,0.0,0.0,215.33,0.0,0.0,239.1,1.0,1.0,1065.7673543800015,1000.0,1065.7673543800015,1000.0,0.0,0.0
2058,1649569080000.0,0.0,0.0,0.0,215.33,0.0,0.0,239.9,1.0,1.0,1065.7673543800015,1000.0,1065.7673543800015,1000.0,0.0,0.0
2059,1649572680000.0,0.0,0.0,0.0,215.33,0.0,0.0,240.45,1.0,1.0,1065.7673543800015,1000.0,1065.7673543800015,1000.0,0.0,0.0
2060,1649576280000.0,0.0,0.0,0.0,215.33,0.0,0.0,236.2,1.0,1.0,1065.7673543800015,1000.0,1065.7673543800015,1000.0,0.0,0.0
2061,1649579880000.0,0.0,0.0,0.0,215.33,0.0,0.0,234.1,1.0,1.0,1065.7673543800015,1000.0,1065.7673543800015,1000.0,0.0,0.0
2062,1649583480000.0,0.0,0.0,0.0,215.33,0.0,0.0,231.45,1.0,1.0,1065.7673543800015,1000.0,1065.7673543800015,1000.0,0.0,0.0
2063,1649587080000.0,0.0,0.0,0.0,215.33,0.0,0.0,229.55,1.0,1.0,1065.7673543800015,1000.0,1065.7673543800015,1000.0,0.0,0.0
2064,1649590680000.0,0.0,0.0,0.0,215.33,0.0,0.0,229.85,1.0,1.0,1065.7673543800015,1000.0,1065.7673543800015,1000.0,0.0,0.0
2065,1649594280000.0,0.0,0.0,0.0,215.33,0.0,0.0,230.6,1.0,1.0,1065.7673543800015,1000.0,1065.7673543800015,1000.0,0.0,0.0
2066,1649597880000.0,0.0,0.0,0.0,215.33,0.0,0.0,229.3,1.0,1.0,1065.7673543800015,1000.0,1065.7673543800015,1000.0,0.0,0.0
2067,1649601480000.0,0.0,0.0,0.0,215.33,0.0,0.0,233.1,1.0,1.0,1065.7673543800015,1000.0,1065.7673543800015,1000.0,0.0,0.0
2068,1649605080000.0,0.0,0.0,0.0,215.33,0.0,0.0,235.45,1.0,1.0,1065.7673543800015,1000.0,1065.7673543800015,1000.0,0.0,0.0
2069,1649608680000.0,0.0,0.0,0.0,215.33,0.0,0.0,239.25,1.0,1.0,1065.7673543800015,1000.0,1065.7673543800015,1000.0,0.0,0.0
2070,1649612280000.0,0.0,0.0,0.0,215.33,0.0,0.0,241.9,1.0,1.0,1065.7673543800015,1000.0,1065.7673543800015,1000.0,0.0,0.0
2071,1649615880000.0,0.0,0.0,0.0,215.33,0.0,0.0,244.2,1.0,1.0,1065.7673543800015,1000.0,1065.7673543800015,1000.0,0.0,0.0
2072,1649619480000.0,0.0,0.0,0.0,215.33,0.0,0.0,243.8,1.0,1.0,1065.7673543800015,1000.0,1065.7673543800015,1000.0,0.0,0.0
2073,1649623080000.0,0.0,0.0,0.0,215.33,0.0,0.0,243.7,1.0,1.0,1065.7673543800015,1000.0,1065.7673543800015,1000.0,0.0,0.0
2074,1649626680000.0,0.0,0.0,0.0,215.33,0.0,0.0,241.7,1.0,1.0,1065.7673543800015,1000.0,1065.7673543800015,1000.0,0.0,0.0
2075,1649630280000.0,0.0,0.0,0.0,215.33,0.0,0.0,238.0,1.0,1.0,1065.7673543800015,1000.0,1065.7673543800015,1000.0,0.0,0.0
2076,1649633880000.0,0.0,0.0,0.0,215.33,0.0,0.0,236.45,1.0,1.0,1065.7673543800015,1000.0,1065.7673543800015,1000.0,0.0,0.0
2077,1649637480000.0,0.0,0.0,0.0,215.33,0.0,0.0,237.5,1.0,1.0,1065.7673543800015,1000.0,1065.7673543800015,1000.0,0.0,0.0
2078,1649641080000.0,0.0,0.0,0.0,215.33,0.0,0.0,238.1,1.0,1.0,1065.7673543800015,1000.0,1065.7673543800015,1000.0,0.0,0.0
2079,1649644680000.0,0.0,0.0,0.0,215.33,0.0,0.0,237.35,1.0,1.0,1065.7673543800015,1000.0,1065.7673543800015,1000.0,0.0,0.0
2080,1649648280000.0,0.0,0.0,0.0,215.33,0.0,0.0,236.35,1.0,1.0,1065.7673543800015,1000.0,1065.7673543800015,1000.0,0.0,0.0
2081,1649651880000.0,0.0,0.0,0.0,215.33,0.0,0.0,238.65,1.0,1.0,1065.7673543800015,1000.0,1065.7673543800015,1000.0,0.0,0.0
2082,1649655480000.0,0.0,0.0,0.0,215.33,0.0,0.0,240.95,1.0,1.0,1065.7673543800015,1000.0,1065.7673543800015,1000.0,0.0,0.0
2083,1649659080000.0,0.0,0.0,0.0,215.33,0.0,0.0,239.9,1.0,1.0,1065.7673543800015,1000.0,1065.7673543800015,1000.0,0.0,0.0
2084,1649662680000.0,0.0,0.0,0.0,215.33,0.0,0.0,240.9,1.0,1.0,1065.7673543800015,1000.0,1065.7673543800015,1000.0,0.0,0.0
2085,1649666280000.0,0.0,0.0,0.19,230.0,0.0,0.0,227.65,1.0,1.0,1065.7586143800015,1000.0,1065.3121143800015,1000.0,0.04100365637243496,0.0
2086,1649669880000.0,0.0,0.0,0.38,225.17000000000002,0.0,0.0,222.05,1.0,1.0,1065.7502414600015,1000.0,1064.5646414600014,1000.0,0.0802857899265241,0.0
2087,1649673480000.0,0.0,0.0,0.38,225.17000000000002,0.0,0.0,218.75,1.0,1.0,1065.7502414600015,1000.0,1063.3106414600015,1000.0,0.0802857899265241,0.0
2088,1649677080000.0,0.0,0.0,0.38,225.17000000000002,0.0,0.0,219.1,1.0,1.0,1065.7502414600015,1000.0,1063.4436414600013,1000.0,0.0802857899265241,0.0
2089,1649680680000.0,0.0,0.0,0.38,225.17000000000002,0.0,0.0,221.85,1.0,1.0,1065.7502414600015,1000.0,1064.4886414600014,1000.0,0.0802857899265241,0.0
2090,1649684280000.0,0.0,0.0,0.38,225.17000000000002,0.0,0.0,220.15,1.0,1.0,1065.7502414600015,1000.0,1063.8426414600015,1000.0,0.0802857899265241,0.0
2091,1649687880000.0,0.0,0.0,0.38,225.17000000000002,0.0,0.0,220.75,1.0,1.0,1065.7502414600015,1000.0,1064.0706414600015,1000.0,0.0802857899265241,0.0
2092,1649691480000.0,0.0,0.0,0.38,225.17000000000002,0.0,0.0,221.95,1.0,1.0,1065.7502414600015,1000.0,1064.5266414600014,1000.0,0.0802857899265241,0.0
2093,1649695080000.0,0.0,0.0,0.38,225.17000000000002,0.0,0.0,220.45,1.0,1.0,1065.7502414600015,1000.0,1063.9566414600015,1000.0,0.0802857899265241,0.0
2094,1649698680000.0,0.0,0.0,0.38,225.17000000000002,0.0,0.0,221.25,1.0,1.0,1065.7502414600015,1000.0,1064.2606414600014,1000.0,0.0802857899265241,0.0
2095,1649702280000.0,0.0,0.0,0.38,225.17000000000002,0.0,0.0,224.35,1.0,1.0,1065.7502414600015,1000.0,1065.4386414600015,1000.0,0.0802857899265241,0.0
2096,1649705880000.0,0.0,0.0,0.38,225.17000000000002,0.0,0.0,224.85,1.0,1.0,1065.7502414600015,1000.0,1065.6286414600015,1000.0,0.0802857899265241,0.0
2097,1649709480000.0,0.0,0.0,0.38,225.17000000000002,0.0,0.0,224.75,1.0,1.0,1065.7502414600015,1000.0,1065.5906414600015,1000.0,0.0802857899265241,0.0
2098,1649713080000.0,0.0,0.0,0.38,225.17000000000002,0.0,0.0,217.3,1.0,1.0,1065.7502414600015,1000.0,1062.7596414600014,1000.0,0.0802857899265241,0.0
2099,1649716680000.0,0.0,0.0,0.38,225.17000000000002,0.0,0.0,227.6,1.0,1.0,1065.7502414600015,1000.0,1066.6736414600014,1000.0,0.0802857899265241,0.0
2100,1649720280000.0,0.0,0.0,0.38,225.17000000000002,0.0,0.0,224.9,1.0,1.0,1065.7502414600015,1000.0,1065.6476414600015,1000.0,0.0802857899265241,0.0
2101,1649723880000.0,0.0,0.0,0.38,225.17000000000002,0.0,0.0,228.3,1.0,1.0,1065.7502414600015,1000.0,1066.9396414600014,1000.0,0.0802857899265241,0.0
2102,1649727480000.0,0.0,0.0,0.0,225.17000000000002,0.0,0.0,242.45,1.0,1.0,1070.4303889000014,1000.0,1070.4303889000014,1000.0,0.0,0.0
2103,1649731080000.0,0.0,0.0,0.0,225.17000000000002,0.0,0.0,242.5,1.0,1.0,1070.4303889000014,1000.0,1070.4303889000014,1000.0,0.0,0.0
2104,1649734680000.0,0.0,0.0,0.0,225.17000000000002,0.0,0.0,239.85,1.0,1.0,1070.4303889000014,1000.0,1070.4303889000014,1000.0,0.0,0.0
2105,1649738280000.0,0.0,0.0,0.0,225.17000000000002,0.0,0.0,240.45,1.0,1.0,1070.4303889000014,1000.0,1070.4303889000014,1000.0,0.0,0.0
2106,1649741880000.0,0.0,0.0,0.0,225.17000000000002,0.0,0.0,242.0,1.0,1.0,1070.4303889000014,1000.0,1070.4303889000014,1000.0,0.0,0.0
2107,1649745480000.0,0.0,0.0,0.0,225.17000000000002,0.0,0.0,241.1,1.0,1.0,1070.4303889000014,1000.0,1070.4303889000014,1000.0,0.0,0.0
2108,1649749080000.0,0.0,0.0,0.0,225.17000000000002,0.0,0.0,240.35,1.0,1.0,1070.4303889000014,1000.0,1070.4303889000014,1000.0,0.0,0.0
2109,1649752680000.0,0.0,0.0,0.0,225.17000000000002,0.0,0.0,247.0,1.0,1.0,1070.4303889000014,1000.0,1070.4303889000014,1000.0,0.0,0.0
2110,1649756280000.0,0.0,0.0,0.0,225.17000000000002,0.0,0.0,247.2,1.0,1.0,1070.4303889000014,1000.0,1070.4303889000014,1000.0,0.0,0.0
2111,1649759880000.0,0.0,0.0,0.0,225.17000000000002,0.0,0.0,243.45,1.0,1.0,1070.4303889000014,1000.0,1070.4303889000014,1000.0,0.0,0.0
2112,1649763480000.0,0.0,0.0,0.0,225.17000000000002,0.0,0.0,240.4,1.0,1.0,1070.4303889000014,1000.0,1070.4303889000014,1000.0,0.0,0.0
2113,1649767080000.0,0.0,0.0,0.0,225.17000000000002,0.0,0.0,241.6,1.0,1.0,1070.4303889000014,1000.0,1070.4303889000014,1000.0,0.0,0.0
2114,1649770680000.0,0.0,0.0,0.0,225.17000000000002,0.0,0.0,237.55,1.0,1.0,1070.4303889000014,1000.0,1070.4303889000014,1000.0,0.0,0.0
2115,1649774280000.0,0.0,0.0,0.0,225.17000000000002,0.0,0.0,236.0,1.0,1.0,1070.4303889000014,1000.0,1070.4303889000014,1000.0,0.0,0.0
2116,1649777880000.0,0.0,0.0,0.0,225.17000000000002,0.0,0.0,234.8,1.0,1.0,1070.4303889000014,1000.0,1070.4303889000014,1000.0,0.0,0.0
2117,1649781480000.0,0.0,0.0,0.0,225.17000000000002,0.0,0.0,233.05,1.0,1.0,1070.4303889000014,1000.0,1070.4303889000014,1000.0,0.0,0.0
2118,1649785080000.0,0.0,0.0,0.0,225.17000000000002,0.0,0.0,233.05,1.0,1.0,1070.4303889000014,1000.0,1070.4303889000014,1000.0,0.0,0.0
2119,1649788680000.0,0.0,0.0,0.0,225.17000000000002,0.0,0.0,230.95,1.0,1.0,1070.4303889000014,1000.0,1070.4303889000014,1000.0,0.0,0.0
2120,1649792280000.0,0.0,0.0,0.0,225.17000000000002,0.0,0.0,233.5,1.0,1.0,1070.4303889000014,1000.0,1070.4303889000014,1000.0,0.0,0.0
2121,1649795880000.0,0.0,0.0,0.0,225.17000000000002,0.0,0.0,233.75,1.0,1.0,1070.4303889000014,1000.0,1070.4303889000014,1000.0,0.0,0.0
2122,1649799480000.0,0.0,0.0,0.0,225.17000000000002,0.0,0.0,237.45,1.0,1.0,1070.4303889000014,1000.0,1070.4303889000014,1000.0,0.0,0.0
2123,1649803080000.0,0.0,0.0,0.0,225.17000000000002,0.0,0.0,233.5,1.0,1.0,1070.4303889000014,1000.0,1070.4303889000014,1000.0,0.0,0.0
2124,1649806680000.0,0.0,0.0,0.0,225.17000000000002,0.0,0.0,233.85,1.0,1.0,1070.4303889000014,1000.0,1070.4303889000014,1000.0,0.0,0.0
2125,1649810280000.0,0.0,0.0,0.0,225.17000000000002,0.0,0.0,231.35,1.0,1.0,1070.4303889000014,1000.0,1070.4303889000014,1000.0,0.0,0.0
2126,1649813880000.0,0.0,0.0,0.19,227.28,0.0,0.0,228.4,1.0,1.0,1070.4217522600013,1000.0,1070.6345522600013,1000.0,0.040342229507973386,0.0
2127,1649817480000.0,0.0,0.0,0.19,227.28,0.0,0.0,230.15,1.0,1.0,1070.4217522600013,1000.0,1070.9670522600013,1000.0,0.040342229507973386,0.0
2128,1649821080000.0,0.0,0.0,0.19,227.28,0.0,0.0,229.95,1.0,1.0,1070.4217522600013,1000.0,1070.9290522600013,1000.0,0.040342229507973386,0.0
2129,1649824680000.0,0.0,0.0,0.19,227.28,0.0,0.0,230.55,1.0,1.0,1070.4217522600013,1000.0,1071.0430522600013,1000.0,0.040342229507973386,0.0
2130,1649828280000.0,0.0,0.0,0.13,227.28,0.0,0.0,233.85,1.0,1.0,1070.8281430600014,1000.0,1071.6822430600014,1000.0,0.02759210260907799,0.0
2131,1649831880000.0,0.0,0.0,0.04,227.28,0.0,0.0,233.6,1.0,1.0,1071.4377292600016,1000.0,1071.6905292600015,1000.0,0.008485047475674506,0.0
2132,1649835480000.0,0.0,0.0,0.04,227.28,0.0,0.0,232.05,1.0,1.0,1071.4377292600016,1000.0,1071.6285292600016,1000.0,0.008485047475674506,0.0
2133,1649839080000.0,0.0,0.0,0.04,227.28,0.0,0.0,232.1,1.0,1.0,1071.4377292600016,1000.0,1071.6305292600016,1000.0,0.008485047475674506,0.0
2134,1649842680000.0,0.0,0.0,0.04,227.28,0.0,0.0,232.75,1.0,1.0,1071.4377292600016,1000.0,1071.6565292600017,1000.0,0.008485047475674506,0.0
2135,1649846280000.0,0.0,0.0,0.04,227.28,0.0,0.0,231.25,1.0,1.0,1071.4377292600016,1000.0,1071.5965292600015,1000.0,0.008485047475674506,0.0
2136,1649849880000.0,0.0,0.0,0.04,227.28,0.0,0.0,231.95,1.0,1.0,1071.4377292600016,1000.0,1071.6245292600015,1000.0,0.008485047475674506,0.0
2137,1649853480000.0,0.0,0.0,0.02,227.28,0.0,0.0,231.6,1.0,1.0,1071.5731928600017,1000.0,1071.6595928600016,1000.0,0.004241987416527199,0.0
2138,1649857080000.0,0.0,0.0,0.02,227.28,0.0,0.0,234.1,1.0,1.0,1071.5731928600017,1000.0,1071.7095928600017,1000.0,0.004241987416527199,0.0
2139,1649860680000.0,0.0,0.0,0.0,227.28,0.0,0.0,236.0,1.0,1.0,1071.7086564600017,1000.0,1071.7086564600017,1000.0,0.0,0.0
2140,1649864280000.0,0.0,0.0,0.0,227.28,0.0,0.0,237.15,1.0,1.0,1071.7086564600017,1000.0,1071.7086564600017,1000.0,0.0,0.0
2141,1649867880000.0,0.0,0.0,0.0,227.28,0.0,0.0,234.45,1.0,1.0,1071.7086564600017,1000.0,1071.7086564600017,1000.0,0.0,0.0
2142,1649871480000.0,0.0,0.0,0.0,227.28,0.0,0.0,233.7,1.0,1.0,1071.7086564600017,1000.0,1071.7086564600017,1000.0,0.0,0.0
2143,1649875080000.0,0.0,0.0,0.0,227.28,0.0,0.0,233.75,1.0,1.0,1071.7086564600017,1000.0,1071.7086564600017,1000.0,0.0,0.0
2144,1649878680000.0,0.0,0.0,0.0,227.28,0.0,0.0,233.8,1.0,1.0,1071.7086564600017,1000.0,1071.7086564600017,1000.0,0.0,0.0
2145,1649882280000.0,0.0,0.0,0.0,227.28,0.0,0.0,233.35,1.0,1.0,1071.7086564600017,1000.0,1071.7086564600017,1000.0,0.0,0.0
2146,1649885880000.0,0.0,0.0,0.0,227.28,0.0,0.0,233.05,1.0,1.0,1071.7086564600017,1000.0,1071.7086564600017,1000.0,0.0,0.0
2147,1649889480000.0,0.0,0.0,0.0,227.28,0.0,0.0,233.9,1.0,1.0,1071.7086564600017,1000.0,1071.7086564600017,1000.0,0.0,0.0
2148,1649893080000.0,0.0,0.0,0.0,227.28,0.0,0.0,235.3,1.0,1.0,1071.7086564600017,1000.0,1071.7086564600017,1000.0,0.0,0.0
2149,1649896680000.0,0.0,0.0,0.0,227.28,0.0,0.0,239.1,1.0,1.0,1071.7086564600017,1000.0,1071.7086564600017,1000.0,0.0,0.0
2150,1649900280000.0,0.0,0.0,0.0,227.28,0.0,0.0,238.3,1.0,1.0,1071.7086564600017,1000.0,1071.7086564600017,1000.0,0.0,0.0
2151,1649903880000.0,0.0,0.0,0.0,227.28,0.0,0.0,237.85,1.0,1.0,1071.7086564600017,1000.0,1071.7086564600017,1000.0,0.0,0.0
2152,1649907480000.0,0.0,0.0,0.0,227.28,0.0,0.0,237.0,1.0,1.0,1071.7086564600017,1000.0,1071.7086564600017,1000.0,0.0,0.0
2153,1649911080000.0,0.0,0.0,0.0,227.28,0.0,0.0,236.8,1.0,1.0,1071.7086564600017,1000.0,1071.7086564600017,1000.0,0.0,0.0
2154,1649914680000.0,0.0,0.0,0.0,227.28,0.0,0.0,235.9,1.0,1.0,1071.7086564600017,1000.0,1071.7086564600017,1000.0,0.0,0.0
2155,1649918280000.0,0.0,0.0,0.0,227.28,0.0,0.0,237.7,1.0,1.0,1071.7086564600017,1000.0,1071.7086564600017,1000.0,0.0,0.0
2156,1649921880000.0,0.0,0.0,0.0,227.28,0.0,0.0,236.9,1.0,1.0,1071.7086564600017,1000.0,1071.7086564600017,1000.0,0.0,0.0
2157,1649925480000.0,0.0,0.0,0.0,227.28,0.0,0.0,237.0,1.0,1.0,1071.7086564600017,1000.0,1071.7086564600017,1000.0,0.0,0.0
2158,1649929080000.0,0.0,0.0,0.0,227.28,0.0,0.0,239.2,1.0,1.0,1071.7086564600017,1000.0,1071.7086564600017,1000.0,0.0,0.0
2159,1649932680000.0,0.0,0.0,0.0,227.28,0.0,0.0,237.4,1.0,1.0,1071.7086564600017,1000.0,1071.7086564600017,1000.0,0.0,0.0
2160,1649936280000.0,0.0,0.0,0.0,227.28,0.0,0.0,231.65,1.0,1.0,1071.7086564600017,1000.0,1071.7086564600017,1000.0,0.0,0.0
2161,1649939880000.0,0.0,0.0,0.0,227.28,0.0,0.0,232.2,1.0,1.0,1071.7086564600017,1000.0,1071.7086564600017,1000.0,0.0,0.0
2162,1649943480000.0,0.0,0.0,0.0,227.28,0.0,0.0,231.05,1.0,1.0,1071.7086564600017,1000.0,1071.7086564600017,1000.0,0.0,0.0
2163,1649947080000.0,0.0,0.0,0.0,227.28,0.0,0.0,229.55,1.0,1.0,1071.7086564600017,1000.0,1071.7086564600017,1000.0,0.0,0.0
2164,1649950680000.0,0.0,0.0,0.19,226.64,0.0,0.0,226.4,1.0,1.0,1071.7000441400016,1000.0,1071.6544441400017,1000.0,0.04018064591436617,0.0
2165,1649954280000.0,0.0,0.0,0.19,226.64,0.0,0.0,225.65,1.0,1.0,1071.7000441400016,1000.0,1071.5119441400016,1000.0,0.04018064591436617,0.0
2166,1649957880000.0,0.0,0.0,0.19,226.64,0.0,0.0,227.55,1.0,1.0,1071.7000441400016,1000.0,1071.8729441400017,1000.0,0.04018064591436617,0.0
2167,1649961480000.0,0.0,0.0,0.19,226.64,0.0,0.0,227.4,1.0,1.0,1071.7000441400016,1000.0,1071.8444441400015,1000.0,0.04018064591436617,0.0
2168,1649965080000.0,0.0,0.0,0.19,226.64,0.0,0.0,226.05,1.0,1.0,1071.7000441400016,1000.0,1071.5879441400016,1000.0,0.04018064591436617,0.0
2169,1649968680000.0,0.0,0.0,0.19,226.64,0.0,0.0,226.65,1.0,1.0,1071.7000441400016,1000.0,1071.7019441400016,1000.0,0.04018064591436617,0.0
2170,1649972280000.0,0.0,0.0,0.19,226.64,0.0,0.0,229.0,1.0,1.0,1071.7000441400016,1000.0,1072.1484441400016,1000.0,0.04018064591436617,0.0
2171,1649975880000.0,0.0,0.0,0.19,226.64,0.0,0.0,229.25,1.0,1.0,1071.7000441400016,1000.0,1072.1959441400015,1000.0,0.04018064591436617,0.0
2172,1649979480000.0,0.0,0.0,0.19,226.64,0.0,0.0,230.75,1.0,1.0,1071.7000441400016,1000.0,1072.4809441400016,1000.0,0.04018064591436617,0.0
2173,1649983080000.0,0.0,0.0,0.19,226.64,0.0,0.0,229.5,1.0,1.0,1071.7000441400016,1000.0,1072.2434441400017,1000.0,0.04018064591436617,0.0
2174,1649986680000.0,0.0,0.0,0.19,226.64,0.0,0.0,228.6,1.0,1.0,1071.7000441400016,1000.0,1072.0724441400016,1000.0,0.04018064591436617,0.0
2175,1649990280000.0,0.0,0.0,0.19,226.64,0.0,0.0,229.25,1.0,1.0,1071.7000441400016,1000.0,1072.1959441400015,1000.0,0.04018064591436617,0.0
2176,1649993880000.0,0.0,0.0,0.19,226.64,0.0,0.0,230.5,1.0,1.0,1071.7000441400016,1000.0,1072.4334441400017,1000.0,0.04018064591436617,0.0
2177,1649997480000.0,0.0,0.0,0.19,226.64,0.0,0.0,231.45,1.0,1.0,1071.7000441400016,1000.0,1072.6139441400016,1000.0,0.04018064591436617,0.0
2178,1650001080000.0,0.0,0.0,0.19,226.64,0.0,0.0,232.55,1.0,1.0,1071.7000441400016,1000.0,1072.8229441400017,1000.0,0.04018064591436617,0.0
2179,1650004680000.0,0.0,0.0,0.09,226.64,0.0,0.0,234.25,1.0,1.0,1072.3753753400015,1000.0,1073.0602753400015,1000.0,0.019020951496142705,0.0
2180,1650008280000.0,0.0,0.0,0.04,226.64,0.0,0.0,234.4,1.0,1.0,1072.7130409400015,1000.0,1073.0234409400016,1000.0,0.008451095170853854,0.0
2181,1650011880000.0,0.0,0.0,0.04,226.64,0.0,0.0,233.55,1.0,1.0,1072.7130409400015,1000.0,1072.9894409400015,1000.0,0.008451095170853854,0.0
2182,1650015480000.0,0.0,0.0,0.03,226.64,0.0,0.0,234.4,1.0,1.0,1072.7805740600015,1000.0,1073.0133740600015,1000.0,0.00633792237145759,0.0
2183,1650019080000.0,0.0,0.0,0.03,226.64,0.0,0.0,235.4,1.0,1.0,1072.7805740600015,1000.0,1073.0433740600015,1000.0,0.00633792237145759,0.0
2184,1650022680000.0,0.0,0.0,0.03,226.64,0.0,0.0,236.7,1.0,1.0,1072.7805740600015,1000.0,1073.0823740600015,1000.0,0.00633792237145759,0.0
2185,1650026280000.0,0.0,0.0,0.02,226.64,0.0,0.0,234.75,1.0,1.0,1072.9030961800015,1000.0,1073.0652961800015,1000.0,0.004224799067258474,0.0
2186,1650029880000.0,0.0,0.0,0.0,226.64,0.0,0.0,233.4,1.0,1.0,1073.0381624200015,1000.0,1073.0381624200015,1000.0,0.0,0.0
2187,1650033480000.0,0.0,0.0,0.0,226.64,0.0,0.0,232.7,1.0,1.0,1073.0381624200015,1000.0,1073.0381624200015,1000.0,0.0,0.0
2188,1650037080000.0,0.0,0.0,0.0,226.64,0.0,0.0,234.95,1.0,1.0,1073.0381624200015,1000.0,1073.0381624200015,1000.0,0.0,0.0
2189,1650040680000.0,0.0,0.0,0.0,226.64,0.0,0.0,235.6,1.0,1.0,1073.0381624200015,1000.0,1073.0381624200015,1000.0,0.0,0.0
2190,1650044280000.0,0.0,0.0,0.0,226.64,0.0,0.0,237.35,1.0,1.0,1073.0381624200015,1000.0,1073.0381624200015,1000.0,0.0,0.0
2191,1650047880000.0,0.0,0.0,0.0,226.64,0.0,0.0,237.65,1.0,1.0,1073.0381624200015,1000.0,1073.0381624200015,1000.0,0.0,0.0
2192,1650051480000.0,0.0,0.0,0.0,226.64,0.0,0.0,237.6,1.0,1.0,1073.0381624200015,1000.0,1073.0381624200015,1000.0,0.0,0.0
2193,1650055080000.0,0.0,0.0,0.0,226.64,0.0,0.0,237.3,1.0,1.0,1073.0381624200015,1000.0,1073.0381624200015,1000.0,0.0,0.0
2194,1650058680000.0,0.0,0.0,0.0,226.64,0.0,0.0,237.0,1.0,1.0,1073.0381624200015,1000.0,1073.0381624200015,1000.0,0.0,0.0
2195,1650062280000.0,0.0,0.0,0.0,226.64,0.0,0.0,239.05,1.0,1.0,1073.0381624200015,1000.0,1073.0381624200015,1000.0,0.0,0.0
2196,1650065880000.0,0.0,0.0,0.0,226.64,0.0,0.0,239.1,1.0,1.0,1073.0381624200015,1000.0,1073.0381624200015,1000.0,0.0,0.0
2197,1650069480000.0,0.0,0.0,0.0,226.64,0.0,0.0,239.15,1.0,1.0,1073.0381624200015,1000.0,1073.0381624200015,1000.0,0.0,0.0
2198,1650073080000.0,0.0,0.0,0.0,226.64,0.0,0.0,236.95,1.0,1.0,1073.0381624200015,1000.0,1073.0381624200015,1000.0,0.0,0.0
2199,1650076680000.0,0.0,0.0,0.0,226.64,0.0,0.0,235.3,1.0,1.0,1073.0381624200015,1000.0,1073.0381624200015,1000.0,0.0,0.0
2200,1650080280000.0,0.0,0.0,0.0,226.64,0.0,0.0,233.45,1.0,1.0,1073.0381624200015,1000.0,1073.0381624200015,1000.0,0.0,0.0
2201,1650083880000.0,0.0,0.0,0.0,226.64,0.0,0.0,232.4,1.0,1.0,1073.0381624200015,1000.0,1073.0381624200015,1000.0,0.0,0.0
2202,1650087480000.0,0.0,0.0,0.0,226.64,0.0,0.0,231.15,1.0,1.0,1073.0381624200015,1000.0,1073.0381624200015,1000.0,0.0,0.0
2203,1650091080000.0,0.0,0.0,0.0,226.64,0.0,0.0,229.9,1.0,1.0,1073.0381624200015,1000.0,1073.0381624200015,1000.0,0.0,0.0
2204,1650094680000.0,0.0,0.0,0.0,226.64,0.0,0.0,228.3,1.0,1.0,1073.0381624200015,1000.0,1073.0381624200015,1000.0,0.0,0.0
2205,1650098280000.0,0.0,0.0,0.0,226.64,0.0,0.0,228.85,1.0,1.0,1073.0381624200015,1000.0,1073.0381624200015,1000.0,0.0,0.0
2206,1650101880000.0,0.0,0.0,0.0,226.64,0.0,0.0,229.35,1.0,1.0,1073.0381624200015,1000.0,1073.0381624200015,1000.0,0.0,0.0
2207,1650105480000.0,0.0,0.0,0.0,226.64,0.0,0.0,229.9,1.0,1.0,1073.0381624200015,1000.0,1073.0381624200015,1000.0,0.0,0.0
2208,1650109080000.0,0.0,0.0,0.0,226.64,0.0,0.0,230.55,1.0,1.0,1073.0381624200015,1000.0,1073.0381624200015,1000.0,0.0,0.0
2209,1650112680000.0,0.0,0.0,0.0,226.64,0.0,0.0,231.7,1.0,1.0,1073.0381624200015,1000.0,1073.0381624200015,1000.0,0.0,0.0
2210,1650116280000.0,0.0,0.0,0.0,226.64,0.0,0.0,229.7,1.0,1.0,1073.0381624200015,1000.0,1073.0381624200015,1000.0,0.0,0.0
2211,1650119880000.0,0.0,0.0,0.0,226.64,0.0,0.0,231.25,1.0,1.0,1073.0381624200015,1000.0,1073.0381624200015,1000.0,0.0,0.0
2212,1650123480000.0,0.0,0.0,0.0,226.64,0.0,0.0,228.9,1.0,1.0,1073.0381624200015,1000.0,1073.0381624200015,1000.0,0.0,0.0
2213,1650127080000.0,0.0,0.0,0.0,226.64,0.0,0.0,231.2,1.0,1.0,1073.0381624200015,1000.0,1073.0381624200015,1000.0,0.0,0.0
2214,1650130680000.0,0.0,0.0,0.0,226.64,0.0,0.0,234.5,1.0,1.0,1073.0381624200015,1000.0,1073.0381624200015,1000.0,0.0,0.0
2215,1650134280000.0,0.0,0.0,0.0,226.64,0.0,0.0,237.2,1.0,1.0,1073.0381624200015,1000.0,1073.0381624200015,1000.0,0.0,0.0
2216,1650137880000.0,0.0,0.0,0.0,226.64,0.0,0.0,237.85,1.0,1.0,1073.0381624200015,1000.0,1073.0381624200015,1000.0,0.0,0.0
2217,1650141480000.0,0.0,0.0,0.0,226.64,0.0,0.0,236.25,1.0,1.0,1073.0381624200015,1000.0,1073.0381624200015,1000.0,0.0,0.0
2218,1650145080000.0,0.0,0.0,0.0,226.64,0.0,0.0,236.0,1.0,1.0,1073.0381624200015,1000.0,1073.0381624200015,1000.0,0.0,0.0
2219,1650148680000.0,0.0,0.0,0.0,226.64,0.0,0.0,236.35,1.0,1.0,1073.0381624200015,1000.0,1073.0381624200015,1000.0,0.0,0.0
2220,1650152280000.0,0.0,0.0,0.0,226.64,0.0,0.0,236.55,1.0,1.0,1073.0381624200015,1000.0,1073.0381624200015,1000.0,0.0,0.0
2221,1650155880000.0,0.0,0.0,0.0,226.64,0.0,0.0,236.25,1.0,1.0,1073.0381624200015,1000.0,1073.0381624200015,1000.0,0.0,0.0
2222,1650159480000.0,0.0,0.0,0.0,226.64,0.0,0.0,236.15,1.0,1.0,1073.0381624200015,1000.0,1073.0381624200015,1000.0,0.0,0.0
2223,1650163080000.0,0.0,0.0,0.0,226.64,0.0,0.0,235.45,1.0,1.0,1073.0381624200015,1000.0,1073.0381624200015,1000.0,0.0,0.0
2224,1650166680000.0,0.0,0.0,0.0,226.64,0.0,0.0,236.1,1.0,1.0,1073.0381624200015,1000.0,1073.0381624200015,1000.0,0.0,0.0
2225,1650170280000.0,0.0,0.0,0.0,226.64,0.0,0.0,234.95,1.0,1.0,1073.0381624200015,1000.0,1073.0381624200015,1000.0,0.0,0.0
2226,1650173880000.0,0.0,0.0,0.0,226.64,0.0,0.0,236.9,1.0,1.0,1073.0381624200015,1000.0,1073.0381624200015,1000.0,0.0,0.0
2227,1650177480000.0,0.0,0.0,0.0,226.64,0.0,0.0,237.5,1.0,1.0,1073.0381624200015,1000.0,1073.0381624200015,1000.0,0.0,0.0
2228,1650181080000.0,0.0,0.0,0.0,226.64,0.0,0.0,236.45,1.0,1.0,1073.0381624200015,1000.0,1073.0381624200015,1000.0,0.0,0.0
2229,1650184680000.0,0.0,0.0,0.0,226.64,0.0,0.0,237.05,1.0,1.0,1073.0381624200015,1000.0,1073.0381624200015,1000.0,0.0,0.0
2230,1650188280000.0,0.0,0.0,0.0,226.64,0.0,0.0,237.55,1.0,1.0,1073.0381624200015,1000.0,1073.0381624200015,1000.0,0.0,0.0
2231,1650191880000.0,0.0,0.0,0.0,226.64,0.0,0.0,237.55,1.0,1.0,1073.0381624200015,1000.0,1073.0381624200015,1000.0,0.0,0.0
2232,1650195480000.0,0.0,0.0,0.0,226.64,0.0,0.0,236.3,1.0,1.0,1073.0381624200015,1000.0,1073.0381624200015,1000.0,0.0,0.0
2233,1650199080000.0,0.0,0.0,0.0,226.64,0.0,0.0,238.6,1.0,1.0,1073.0381624200015,1000.0,1073.0381624200015,1000.0,0.0,0.0
2234,1650202680000.0,0.0,0.0,0.0,226.64,0.0,0.0,238.25,1.0,1.0,1073.0381624200015,1000.0,1073.0381624200015,1000.0,0.0,0.0
2235,1650206280000.0,0.0,0.0,0.0,226.64,0.0,0.0,237.8,1.0,1.0,1073.0381624200015,1000.0,1073.0381624200015,1000.0,0.0,0.0
2236,1650209880000.0,0.0,0.0,0.0,226.64,0.0,0.0,238.35,1.0,1.0,1073.0381624200015,1000.0,1073.0381624200015,1000.0,0.0,0.0
2237,1650213480000.0,0.0,0.0,0.0,226.64,0.0,0.0,238.4,1.0,1.0,1073.0381624200015,1000.0,1073.0381624200015,1000.0,0.0,0.0
2238,1650217080000.0,0.0,0.0,0.0,226.64,0.0,0.0,238.35,1.0,1.0,1073.0381624200015,1000.0,1073.0381624200015,1000.0,0.0,0.0
2239,1650220680000.0,0.0,0.0,0.0,226.64,0.0,0.0,236.1,1.0,1.0,1073.0381624200015,1000.0,1073.0381624200015,1000.0,0.0,0.0
2240,1650224280000.0,0.0,0.0,0.0,226.64,0.0,0.0,236.8,1.0,1.0,1073.0381624200015,1000.0,1073.0381624200015,1000.0,0.0,0.0
2241,1650227880000.0,0.0,0.0,0.0,226.64,0.0,0.0,239.1,1.0,1.0,1073.0381624200015,1000.0,1073.0381624200015,1000.0,0.0,0.0
2242,1650231480000.0,0.0,0.0,0.0,226.64,0.0,0.0,239.05,1.0,1.0,1073.0381624200015,1000.0,1073.0381624200015,1000.0,0.0,0.0
2243,1650235080000.0,0.0,0.0,0.0,226.64,0.0,0.0,242.3,1.0,1.0,1073.0381624200015,1000.0,1073.0381624200015,1000.0,0.0,0.0
2244,1650238680000.0,0.0,0.0,0.0,226.64,0.0,0.0,239.45,1.0,1.0,1073.0381624200015,1000.0,1073.0381624200015,1000.0,0.0,0.0
2245,1650242280000.0,0.0,0.0,0.0,226.64,0.0,0.0,236.7,1.0,1.0,1073.0381624200015,1000.0,1073.0381624200015,1000.0,0.0,0.0
2246,1650245880000.0,0.0,0.0,0.0,226.64,0.0,0.0,238.65,1.0,1.0,1073.0381624200015,1000.0,1073.0381624200015,1000.0,0.0,0.0
2247,1650249480000.0,0.0,0.0,0.0,226.64,0.0,0.0,240.6,1.0,1.0,1073.0381624200015,1000.0,1073.0381624200015,1000.0,0.0,0.0
2248,1650253080000.0,0.0,0.0,0.0,226.64,0.0,0.0,241.45,1.0,1.0,1073.0381624200015,1000.0,1073.0381624200015,1000.0,0.0,0.0
2249,1650256680000.0,0.0,0.0,0.0,226.64,0.0,0.0,235.6,1.0,1.0,1073.0381624200015,1000.0,1073.0381624200015,1000.0,0.0,0.0
2250,1650260280000.0,0.0,0.0,0.0,226.64,0.0,0.0,239.0,1.0,1.0,1073.0381624200015,1000.0,1073.0381624200015,1000.0,0.0,0.0
2251,1650263880000.0,0.0,0.0,0.0,226.64,0.0,0.0,238.3,1.0,1.0,1073.0381624200015,1000.0,1073.0381624200015,1000.0,0.0,0.0
2252,1650267480000.0,0.0,0.0,0.0,226.64,0.0,0.0,237.75,1.0,1.0,1073.0381624200015,1000.0,1073.0381624200015,1000.0,0.0,0.0
2253,1650271080000.0,0.0,0.0,0.0,226.64,0.0,0.0,238.1,1.0,1.0,1073.0381624200015,1000.0,1073.0381624200015,1000.0,0.0,0.0
2254,1650274680000.0,0.0,0.0,0.0,226.64,0.0,0.0,239.05,1.0,1.0,1073.0381624200015,1000.0,1073.0381624200015,1000.0,0.0,0.0
2255,1650278280000.0,0.0,0.0,0.0,226.64,0.0,0.0,238.3,1.0,1.0,1073.0381624200015,1000.0,1073.0381624200015,1000.0,0.0,0.0
2256,1650281880000.0,0.0,0.0,0.0,226.64,0.0,0.0,237.95,1.0,1.0,1073.0381624200015,1000.0,1073.0381624200015,1000.0,0.0,0.0
2257,1650285480000.0,0.0,0.0,0.0,226.64,0.0,0.0,240.1,1.0,1.0,1073.0381624200015,1000.0,1073.0381624200015,1000.0,0.0,0.0
2258,1650289080000.0,0.0,0.0,0.0,226.64,0.0,0.0,241.7,1.0,1.0,1073.0381624200015,1000.0,1073.0381624200015,1000.0,0.0,0.0
2259,1650292680000.0,0.0,0.0,0.0,226.64,0.0,0.0,257.9,1.0,1.0,1073.0381624200015,1000.0,1073.0381624200015,1000.0,0.0,0.0
2260,1650296280000.0,0.0,0.0,0.0,226.64,0.0,0.0,254.5,1.0,1.0,1073.0381624200015,1000.0,1073.0381624200015,1000.0,0.0,0.0
2261,1650299880000.0,0.0,0.0,0.0,226.64,0.0,0.0,251.0,1.0,1.0,1073.0381624200015,1000.0,1073.0381624200015,1000.0,0.0,0.0
2262,1650303480000.0,0.0,0.0,0.0,226.64,0.0,0.0,253.0,1.0,1.0,1073.0381624200015,1000.0,1073.0381624200015,1000.0,0.0,0.0
2263,1650307080000.0,0.0,0.0,0.0,226.64,0.0,0.0,256.2,1.0,1.0,1073.0381624200015,1000.0,1073.0381624200015,1000.0,0.0,0.0
2264,1650310680000.0,0.0,0.0,0.0,226.64,0.0,0.0,255.0,1.0,1.0,1073.0381624200015,1000.0,1073.0381624200015,1000.0,0.0,0.0
2265,1650314280000.0,0.0,0.0,0.0,226.64,0.0,0.0,253.8,1.0,1.0,1073.0381624200015,1000.0,1073.0381624200015,1000.0,0.0,0.0
2266,1650317880000.0,0.0,0.0,0.0,226.64,0.0,0.0,255.6,1.0,1.0,1073.0381624200015,1000.0,1073.0381624200015,1000.0,0.0,0.0
2267,1650321480000.0,0.0,0.0,0.0,226.64,0.0,0.0,256.7,1.0,1.0,1073.0381624200015,1000.0,1073.0381624200015,1000.0,0.0,0.0
2268,1650325080000.0,0.0,0.0,0.0,226.64,0.0,0.0,262.55,1.0,1.0,1073.0381624200015,1000.0,1073.0381624200015,1000.0,0.0,0.0
2269,1650328680000.0,0.0,0.0,0.0,226.64,0.0,0.0,268.25,1.0,1.0,1073.0381624200015,1000.0,1073.0381624200015,1000.0,0.0,0.0
2270,1650332280000.0,0.0,0.0,0.0,226.64,0.0,0.0,264.8,1.0,1.0,1073.0381624200015,1000.0,1073.0381624200015,1000.0,0.0,0.0
2271,1650335880000.0,0.0,0.0,0.0,226.64,0.0,0.0,263.85,1.0,1.0,1073.0381624200015,1000.0,1073.0381624200015,1000.0,0.0,0.0
2272,1650339480000.0,0.0,0.0,0.0,226.64,0.0,0.0,263.35,1.0,1.0,1073.0381624200015,1000.0,1073.0381624200015,1000.0,0.0,0.0
2273,1650343080000.0,0.0,0.0,0.0,226.64,0.0,0.0,262.7,1.0,1.0,1073.0381624200015,1000.0,1073.0381624200015,1000.0,0.0,0.0
2274,1650346680000.0,0.0,0.0,0.0,226.64,0.0,0.0,265.75,1.0,1.0,1073.0381624200015,1000.0,1073.0381624200015,1000.0,0.0,0.0
2275,1650350280000.0,0.0,0.0,0.0,226.64,0.0,0.0,264.65,1.0,1.0,1073.0381624200015,1000.0,1073.0381624200015,1000.0,0.0,0.0
2276,1650353880000.0,0.0,0.0,0.0,226.64,0.0,0.0,261.1,1.0,1.0,1073.0381624200015,1000.0,1073.0381624200015,1000.0,0.0,0.0
2277,1650357480000.0,0.0,0.0,0.0,226.64,0.0,0.0,258.3,1.0,1.0,1073.0381624200015,1000.0,1073.0381624200015,1000.0,0.0,0.0
2278,1650361080000.0,0.0,0.0,0.0,226.64,0.0,0.0,253.85,1.0,1.0,1073.0381624200015,1000.0,1073.0381624200015,1000.0,0.0,0.0
2279,1650364680000.0,0.0,0.0,0.0,226.64,0.0,0.0,253.9,1.0,1.0,1073.0381624200015,1000.0,1073.0381624200015,1000.0,0.0,0.0
2280,1650368280000.0,0.0,0.0,0.0,226.64,0.0,0.0,255.6,1.0,1.0,1073.0381624200015,1000.0,1073.0381624200015,1000.0,0.0,0.0
2281,1650371880000.0,0.0,0.0,0.0,226.64,0.0,0.0,253.4,1.0,1.0,1073.0381624200015,1000.0,1073.0381624200015,1000.0,0.0,0.0
2282,1650375480000.0,0.0,0.0,0.0,226.64,0.0,0.0,252.0,1.0,1.0,1073.0381624200015,1000.0,1073.0381624200015,1000.0,0.0,0.0
2283,1650379080000.0,0.0,0.0,0.0,226.64,0.0,0.0,254.7,1.0,1.0,1073.0381624200015,1000.0,1073.0381624200015,1000.0,0.0,0.0
2284,1650382680000.0,0.0,0.0,0.0,226.64,0.0,0.0,254.8,1.0,1.0,1073.0381624200015,1000.0,1073.0381624200015,1000.0,0.0,0.0
2285,1650386280000.0,0.0,0.0,0.0,226.64,0.0,0.0,254.05,1.0,1.0,1073.0381624200015,1000.0,1073.0381624200015,1000.0,0.0,0.0
2286,1650389880000.0,0.0,0.0,0.0,226.64,0.0,0.0,252.6,1.0,1.0,1073.0381624200015,1000.0,1073.0381624200015,1000.0,0.0,0.0
2287,1650393480000.0,0.0,0.0,0.0,226.64,0.0,0.0,253.65,1.0,1.0,1073.0381624200015,1000.0,1073.0381624200015,1000.0,0.0,0.0
2288,1650397080000.0,0.0,0.0,0.0,226.64,0.0,0.0,255.5,1.0,1.0,1073.0381624200015,1000.0,1073.0381624200015,1000.0,0.0,0.0
2289,1650400680000.0,0.0,0.0,0.0,226.64,0.0,0.0,253.25,1.0,1.0,1073.0381624200015,1000.0,1073.0381624200015,1000.0,0.0,0.0
2290,1650404280000.0,0.0,0.0,0.0,226.64,0.0,0.0,254.05,1.0,1.0,1073.0381624200015,1000.0,1073.0381624200015,1000.0,0.0,0.0
2291,1650407880000.0,0.0,0.0,0.0,226.64,0.0,0.0,255.75,1.0,1.0,1073.0381624200015,1000.0,1073.0381624200015,1000.0,0.0,0.0
2292,1650411480000.0,0.0,0.0,0.0,226.64,0.0,0.0,254.85,1.0,1.0,1073.0381624200015,1000.0,1073.0381624200015,1000.0,0.0,0.0
2293,1650415080000.0,0.0,0.0,0.0,226.64,0.0,0.0,253.7,1.0,1.0,1073.0381624200015,1000.0,1073.0381624200015,1000.0,0.0,0.0
2294,1650418680000.0,0.0,0.0,0.0,226.64,0.0,0.0,256.95,1.0,1.0,1073.0381624200015,1000.0,1073.0381624200015,1000.0,0.0,0.0
2295,1650422280000.0,0.0,0.0,0.0,226.64,0.0,0.0,256.0,1.0,1.0,1073.0381624200015,1000.0,1073.0381624200015,1000.0,0.0,0.0
2296,1650425880000.0,0.0,0.0,0.0,226.64,0.0,0.0,255.05,1.0,1.0,1073.0381624200015,1000.0,1073.0381624200015,1000.0,0.0,0.0
2297,1650429480000.0,0.0,0.0,0.0,226.64,0.0,0.0,253.8,1.0,1.0,1073.0381624200015,1000.0,1073.0381624200015,1000.0,0.0,0.0
2298,1650433080000.0,0.0,0.0,0.0,226.64,0.0,0.0,254.75,1.0,1.0,1073.0381624200015,1000.0,1073.0381624200015,1000.0,0.0,0.0
2299,1650436680000.0,0.0,0.0,0.0,226.64,0.0,0.0,257.1,1.0,1.0,1073.0381624200015,1000.0,1073.0381624200015,1000.0,0.0,0.0
2300,1650440280000.0,0.0,0.0,0.0,226.64,0.0,0.0,258.6,1.0,1.0,1073.0381624200015,1000.0,1073.0381624200015,1000.0,0.0,0.0
2301,1650443880000.0,0.0,0.0,0.0,226.64,0.0,0.0,260.75,1.0,1.0,1073.0381624200015,1000.0,1073.0381624200015,1000.0,0.0,0.0
2302,1650447480000.0,0.0,0.0,0.0,226.64,0.0,0.0,261.55,1.0,1.0,1073.0381624200015,1000.0,1073.0381624200015,1000.0,0.0,0.0
2303,1650451080000.0,0.0,0.0,0.0,226.64,0.0,0.0,259.3,1.0,1.0,1073.0381624200015,1000.0,1073.0381624200015,1000.0,0.0,0.0
2304,1650454680000.0,0.0,0.0,0.0,226.64,0.0,0.0,259.05,1.0,1.0,1073.0381624200015,1000.0,1073.0381624200015,1000.0,0.0,0.0
2305,1650458280000.0,0.0,0.0,0.0,226.64,0.0,0.0,257.95,1.0,1.0,1073.0381624200015,1000.0,1073.0381624200015,1000.0,0.0,0.0
2306,1650461880000.0,0.0,0.0,0.0,226.64,0.0,0.0,255.2,1.0,1.0,1073.0381624200015,1000.0,1073.0381624200015,1000.0,0.0,0.0
2307,1650465480000.0,0.0,0.0,0.0,226.64,0.0,0.0,256.1,1.0,1.0,1073.0381624200015,1000.0,1073.0381624200015,1000.0,0.0,0.0
2308,1650469080000.0,0.0,0.0,0.0,226.64,0.0,0.0,254.75,1.0,1.0,1073.0381624200015,1000.0,1073.0381624200015,1000.0,0.0,0.0
2309,1650472680000.0,0.0,0.0,0.0,226.64,0.0,0.0,257.55,1.0,1.0,1073.0381624200015,1000.0,1073.0381624200015,1000.0,0.0,0.0
2310,1650476280000.0,0.0,0.0,0.0,226.64,0.0,0.0,257.15,1.0,1.0,1073.0381624200015,1000.0,1073.0381624200015,1000.0,0.0,0.0
2311,1650479880000.0,0.0,0.0,0.0,226.64,0.0,0.0,261.1,1.0,1.0,1073.0381624200015,1000.0,1073.0381624200015,1000.0,0.0,0.0
2312,1650483480000.0,0.0,0.0,0.0,226.64,0.0,0.0,269.7,1.0,1.0,1073.0381624200015,1000.0,1073.0381624200015,1000.0,0.0,0.0
2313,1650487080000.0,0.0,0.0,0.0,226.64,0.0,0.0,266.55,1.0,1.0,1073.0381624200015,1000.0,1073.0381624200015,1000.0,0.0,0.0
2314,1650490680000.0,0.0,0.0,0.0,226.64,0.0,0.0,267.05,1.0,1.0,1073.0381624200015,1000.0,1073.0381624200015,1000.0,0.0,0.0
2315,1650494280000.0,0.0,0.0,0.0,226.64,0.0,0.0,268.75,1.0,1.0,1073.0381624200015,1000.0,1073.0381624200015,1000.0,0.0,0.0
2316,1650497880000.0,0.0,0.0,0.0,226.64,0.0,0.0,266.55,1.0,1.0,1073.0381624200015,1000.0,1073.0381624200015,1000.0,0.0,0.0
2317,1650501480000.0,0.0,0.0,0.0,226.64,0.0,0.0,268.2,1.0,1.0,1073.0381624200015,1000.0,1073.0381624200015,1000.0,0.0,0.0
2318,1650505080000.0,0.0,0.0,0.0,226.64,0.0,0.0,270.1,1.0,1.0,1073.0381624200015,1000.0,1073.0381624200015,1000.0,0.0,0.0
2319,1650508680000.0,0.0,0.0,0.0,226.64,0.0,0.0,276.3,1.0,1.0,1073.0381624200015,1000.0,1073.0381624200015,1000.0,0.0,0.0
2320,1650512280000.0,0.0,0.0,0.0,226.64,0.0,0.0,273.85,1.0,1.0,1073.0381624200015,1000.0,1073.0381624200015,1000.0,0.0,0.0
2321,1650515880000.0,0.0,0.0,0.0,226.64,0.0,0.0,273.4,1.0,1.0,1073.0381624200015,1000.0,1073.0381624200015,1000.0,0.0,0.0
2322,1650519480000.0,0.0,0.0,0.0,226.64,0.0,0.0,270.6,1.0,1.0,1073.0381624200015,1000.0,1073.0381624200015,1000.0,0.0,0.0
2323,1650523080000.0,0.0,0.0,0.0,226.64,0.0,0.0,275.0,1.0,1.0,1073.0381624200015,1000.0,1073.0381624200015,1000.0,0.0,0.0
2324,1650526680000.0,0.0,0.0,0.0,226.64,0.0,0.0,275.6,1.0,1.0,1073.0381624200015,1000.0,1073.0381624200015,1000.0,0.0,0.0
2325,1650530280000.0,0.0,0.0,0.0,226.64,0.0,0.0,276.05,1.0,1.0,1073.0381624200015,1000.0,1073.0381624200015,1000.0,0.0,0.0
2326,1650533880000.0,0.0,0.0,0.0,226.64,0.0,0.0,274.3,1.0,1.0,1073.0381624200015,1000.0,1073.0381624200015,1000.0,0.0,0.0
2327,1650537480000.0,0.0,0.0,0.0,226.64,0.0,0.0,276.85,1.0,1.0,1073.0381624200015,1000.0,1073.0381624200015,1000.0,0.0,0.0
2328,1650541080000.0,0.0,0.0,0.0,226.64,0.0,0.0,276.6,1.0,1.0,1073.0381624200015,1000.0,1073.0381624200015,1000.0,0.0,0.0
2329,1650544680000.0,0.0,0.0,0.0,226.64,0.0,0.0,275.35,1.0,1.0,1073.0381624200015,1000.0,1073.0381624200015,1000.0,0.0,0.0
2330,1650548280000.0,0.0,0.0,0.0,226.64,0.0,0.0,276.2,1.0,1.0,1073.0381624200015,1000.0,1073.0381624200015,1000.0,0.0,0.0
2331,1650551880000.0,0.0,0.0,0.0,226.64,0.0,0.0,274.15,1.0,1.0,1073.0381624200015,1000.0,1073.0381624200015,1000.0,0.0,0.0
2332,1650555480000.0,0.0,0.0,0.0,226.64,0.0,0.0,279.25,1.0,1.0,1073.0381624200015,1000.0,1073.0381624200015,1000.0,0.0,0.0
2333,1650559080000.0,0.0,0.0,0.0,226.64,0.0,0.0,278.75,1.0,1.0,1073.0381624200015,1000.0,1073.0381624200015,1000.0,0.0,0.0
2334,1650562680000.0,0.0,0.0,0.0,226.64,0.0,0.0,276.35,1.0,1.0,1073.0381624200015,1000.0,1073.0381624200015,1000.0,0.0,0.0
2335,1650566280000.0,0.0,0.0,0.0,226.64,0.0,0.0,281.75,1.0,1.0,1073.0381624200015,1000.0,1073.0381624200015,1000.0,0.0,0.0
2336,1650569880000.0,0.0,0.0,0.0,226.64,0.0,0.0,286.5,1.0,1.0,1073.0381624200015,1000.0,1073.0381624200015,1000.0,0.0,0.0
2337,1650573480000.0,0.0,0.0,0.0,226.64,0.0,0.0,279.8,1.0,1.0,1073.0381624200015,1000.0,1073.0381624200015,1000.0,0.0,0.0
2338,1650577080000.0,0.0,0.0,0.0,226.64,0.0,0.0,285.65,1.0,1.0,1073.0381624200015,1000.0,1073.0381624200015,1000.0,0.0,0.0
2339,1650580680000.0,0.0,0.0,0.0,226.64,0.0,0.0,278.0,1.0,1.0,1073.0381624200015,1000.0,1073.0381624200015,1000.0,0.0,0.0
2340,1650584280000.0,0.0,0.0,0.0,226.64,0.0,0.0,281.2,1.0,1.0,1073.0381624200015,1000.0,1073.0381624200015,1000.0,0.0,0.0
2341,1650587880000.0,0.0,0.0,0.0,226.64,0.0,0.0,281.55,1.0,1.0,1073.0381624200015,1000.0,1073.0381624200015,1000.0,0.0,0.0
2342,1650591480000.0,0.0,0.0,0.0,226.64,0.0,0.0,278.3,1.0,1.0,1073.0381624200015,1000.0,1073.0381624200015,1000.0,0.0,0.0
2343,1650595080000.0,0.0,0.0,0.0,226.64,0.0,0.0,284.35,1.0,1.0,1073.0381624200015,1000.0,1073.0381624200015,1000.0,0.0,0.0
2344,1650598680000.0,0.0,0.0,0.0,226.64,0.0,0.0,283.85,1.0,1.0,1073.0381624200015,1000.0,1073.0381624200015,1000.0,0.0,0.0
2345,1650602280000.0,0.0,0.0,0.0,226.64,0.0,0.0,282.55,1.0,1.0,1073.0381624200015,1000.0,1073.0381624200015,1000.0,0.0,0.0
2346,1650605880000.0,0.0,0.0,0.0,226.64,0.0,0.0,281.9,1.0,1.0,1073.0381624200015,1000.0,1073.0381624200015,1000.0,0.0,0.0
2347,1650609480000.0,0.0,0.0,0.0,226.64,0.0,0.0,280.4,1.0,1.0,1073.0381624200015,1000.0,1073.0381624200015,1000.0,0.0,0.0
2348,1650613080000.0,0.0,0.0,0.0,226.64,0.0,0.0,282.4,1.0,1.0,1073.0381624200015,1000.0,1073.0381624200015,1000.0,0.0,0.0
2349,1650616680000.0,0.0,0.0,0.0,226.64,0.0,0.0,280.7,1.0,1.0,1073.0381624200015,1000.0,1073.0381624200015,1000.0,0.0,0.0
2350,1650620280000.0,0.0,0.0,0.0,226.64,0.0,0.0,273.55,1.0,1.0,1073.0381624200015,1000.0,1073.0381624200015,1000.0,0.0,0.0
2351,1650623880000.0,0.0,0.0,0.0,226.64,0.0,0.0,272.8,1.0,1.0,1073.0381624200015,1000.0,1073.0381624200015,1000.0,0.0,0.0
2352,1650627480000.0,0.0,0.0,0.0,226.64,0.0,0.0,271.4,1.0,1.0,1073.0381624200015,1000.0,1073.0381624200015,1000.0,0.0,0.0
2353,1650631080000.0,0.0,0.0,0.0,226.64,0.0,0.0,271.4,1.0,1.0,1073.0381624200015,1000.0,1073.0381624200015,1000.0,0.0,0.0
2354,1650634680000.0,0.0,0.0,0.16,268.44,0.0,0.0,267.85,1.0,1.0,1073.0295723400016,1000.0,1072.9351723400016,1000.0,0.04002722861247544,0.0
2355,1650638280000.0,0.0,0.0,0.16,268.44,0.0,0.0,264.65,1.0,1.0,1073.0295723400016,1000.0,1072.4231723400017,1000.0,0.04002722861247544,0.0
2356,1650641880000.0,0.0,0.0,0.16,268.44,0.0,0.0,262.75,1.0,1.0,1073.0295723400016,1000.0,1072.1191723400016,1000.0,0.04002722861247544,0.0
2357,1650645480000.0,0.0,0.0,0.16,268.44,0.0,0.0,263.35,1.0,1.0,1073.0295723400016,1000.0,1072.2151723400016,1000.0,0.04002722861247544,0.0
2358,1650649080000.0,0.0,0.0,0.16,268.44,0.0,0.0,266.75,1.0,1.0,1073.0295723400016,1000.0,1072.7591723400014,1000.0,0.04002722861247544,0.0
2359,1650652680000.0,0.0,0.0,0.16,268.44,0.0,0.0,265.1,1.0,1.0,1073.0295723400016,1000.0,1072.4951723400015,1000.0,0.04002722861247544,0.0
2360,1650656280000.0,0.0,0.0,0.16,268.44,0.0,0.0,266.1,1.0,1.0,1073.0295723400016,1000.0,1072.6551723400016,1000.0,0.04002722861247544,0.0
2361,1650659880000.0,0.0,0.0,0.16,268.44,0.0,0.0,264.75,1.0,1.0,1073.0295723400016,1000.0,1072.4391723400015,1000.0,0.04002722861247544,0.0
2362,1650663480000.0,0.0,0.0,0.16,268.44,0.0,0.0,267.2,1.0,1.0,1073.0295723400016,1000.0,1072.8311723400016,1000.0,0.04002722861247544,0.0
2363,1650667080000.0,0.0,0.0,0.16,268.44,0.0,0.0,268.25,1.0,1.0,1073.0295723400016,1000.0,1072.9991723400015,1000.0,0.04002722861247544,0.0
2364,1650670680000.0,0.0,0.0,0.16,268.44,0.0,0.0,267.1,1.0,1.0,1073.0295723400016,1000.0,1072.8151723400015,1000.0,0.04002722861247544,0.0
2365,1650674280000.0,0.0,0.0,0.16,268.44,0.0,0.0,264.8,1.0,1.0,1073.0295723400016,1000.0,1072.4471723400015,1000.0,0.04002722861247544,0.0
2366,1650677880000.0,0.0,0.0,0.16,268.44,0.0,0.0,263.4,1.0,1.0,1073.0295723400016,1000.0,1072.2231723400016,1000.0,0.04002722861247544,0.0
2367,1650681480000.0,0.0,0.0,0.16,268.44,0.0,0.0,264.4,1.0,1.0,1073.0295723400016,1000.0,1072.3831723400015,1000.0,0.04002722861247544,0.0
2368,1650685080000.0,0.0,0.0,0.16,268.44,0.0,0.0,265.0,1.0,1.0,1073.0295723400016,1000.0,1072.4791723400015,1000.0,0.04002722861247544,0.0
2369,1650688680000.0,0.0,0.0,0.16,268.44,0.0,0.0,266.85,1.0,1.0,1073.0295723400016,1000.0,1072.7751723400015,1000.0,0.04002722861247544,0.0
2370,1650692280000.0,0.0,0.0,0.16,268.44,0.0,0.0,272.15,1.0,1.0,1073.0295723400016,1000.0,1073.6231723400015,1000.0,0.04002722861247544,0.0
2371,1650695880000.0,0.0,0.0,0.16,268.44,0.0,0.0,271.2,1.0,1.0,1073.0295723400016,1000.0,1073.4711723400017,1000.0,0.04002722861247544,0.0
2372,1650699480000.0,0.0,0.0,0.16,268.44,0.0,0.0,270.9,1.0,1.0,1073.0295723400016,1000.0,1073.4231723400017,1000.0,0.04002722861247544,0.0
2373,1650703080000.0,0.0,0.0,0.16,268.44,0.0,0.0,274.75,1.0,1.0,1073.0295723400016,1000.0,1074.0391723400016,1000.0,0.04002722861247544,0.0
2374,1650706680000.0,0.0,0.0,0.16,268.44,0.0,0.0,272.25,1.0,1.0,1073.0295723400016,1000.0,1073.6391723400016,1000.0,0.04002722861247544,0.0
2375,1650710280000.0,0.0,0.0,0.16,268.44,0.0,0.0,272.6,1.0,1.0,1073.0295723400016,1000.0,1073.6951723400016,1000.0,0.04002722861247544,0.0
2376,1650713880000.0,0.0,0.0,0.16,268.44,0.0,0.0,272.4,1.0,1.0,1073.0295723400016,1000.0,1073.6631723400014,1000.0,0.04002722861247544,0.0
2377,1650717480000.0,0.0,0.0,0.16,268.44,0.0,0.0,274.65,1.0,1.0,1073.0295723400016,1000.0,1074.0231723400016,1000.0,0.04002722861247544,0.0
2378,1650721080000.0,0.0,0.0,0.02,268.44,0.0,0.0,274.8,1.0,1.0,1074.1502303400016,1000.0,1074.2774303400015,1000.0,0.00499818353928073,0.0
2379,1650724680000.0,0.0,0.0,0.01,268.44,0.0,0.0,274.15,1.0,1.0,1074.2302773400015,1000.0,1074.2873773400015,1000.0,0.00249890554811682,0.0
2380,1650728280000.0,0.0,0.0,0.0,268.44,0.0,0.0,276.3,1.0,1.0,1074.3103243400014,1000.0,1074.3103243400014,1000.0,0.0,0.0
2381,1650731880000.0,0.0,0.0,0.0,268.44,0.0,0.0,277.25,1.0,1.0,1074.3103243400014,1000.0,1074.3103243400014,1000.0,0.0,0.0
2382,1650735480000.0,0.0,0.0,0.0,268.44,0.0,0.0,275.2,1.0,1.0,1074.3103243400014,1000.0,1074.3103243400014,1000.0,0.0,0.0
2383,1650739080000.0,0.0,0.0,0.0,268.44,0.0,0.0,274.0,1.0,1.0,1074.3103243400014,1000.0,1074.3103243400014,1000.0,0.0,0.0
2384,1650742680000.0,0.0,0.0,0.0,268.44,0.0,0.0,272.05,1.0,1.0,1074.3103243400014,1000.0,1074.3103243400014,1000.0,0.0,0.0
2385,1650746280000.0,0.0,0.0,0.0,268.44,0.0,0.0,271.35,1.0,1.0,1074.3103243400014,1000.0,1074.3103243400014,1000.0,0.0,0.0
2386,1650749880000.0,0.0,0.0,0.0,268.44,0.0,0.0,271.05,1.0,1.0,1074.3103243400014,1000.0,1074.3103243400014,1000.0,0.0,0.0
2387,1650753480000.0,0.0,0.0,0.0,268.44,0.0,0.0,271.0,1.0,1.0,1074.3103243400014,1000.0,1074.3103243400014,1000.0,0.0,0.0
2388,1650757080000.0,0.0,0.0,0.0,268.44,0.0,0.0,266.9,1.0,1.0,1074.3103243400014,1000.0,1074.3103243400014,1000.0,0.0,0.0
2389,1650760680000.0,0.0,0.0,0.0,268.44,0.0,0.0,266.15,1.0,1.0,1074.3103243400014,1000.0,1074.3103243400014,1000.0,0.0,0.0
2390,1650764280000.0,0.0,0.0,0.0,268.44,0.0,0.0,264.95,1.0,1.0,1074.3103243400014,1000.0,1074.3103243400014,1000.0,0.0,0.0
2391,1650767880000.0,0.0,0.0,0.0,268.44,0.0,0.0,266.35,1.0,1.0,1074.3103243400014,1000.0,1074.3103243400014,1000.0,0.0,0.0
2392,1650771480000.0,0.0,0.0,0.0,268.44,0.0,0.0,268.6,1.0,1.0,1074.3103243400014,1000.0,1074.3103243400014,1000.0,0.0,0.0
2393,1650775080000.0,0.0,0.0,0.0,268.44,0.0,0.0,263.95,1.0,1.0,1074.3103243400014,1000.0,1074.3103243400014,1000.0,0.0,0.0
2394,1650778680000.0,0.0,0.0,0.0,268.44,0.0,0.0,264.25,1.0,1.0,1074.3103243400014,1000.0,1074.3103243400014,1000.0,0.0,0.0
2395,1650782280000.0,0.0,0.0,0.0,268.44,0.0,0.0,263.85,1.0,1.0,1074.3103243400014,1000.0,1074.3103243400014,1000.0,0.0,0.0
2396,1650785880000.0,0.0,0.0,0.0,268.44,0.0,0.0,263.7,1.0,1.0,1074.3103243400014,1000.0,1074.3103243400014,1000.0,0.0,0.0
2397,1650789480000.0,0.0,0.0,0.17,259.2,0.0,0.0,259.85,1.0,1.0,1074.3015115400015,1000.0,1074.4120115400015,1000.0,0.041016418134639555,0.0
2398,1650793080000.0,0.0,0.0,0.17,259.2,0.0,0.0,257.85,1.0,1.0,1074.3015115400015,1000.0,1074.0720115400015,1000.0,0.041016418134639555,0.0
2399,1650796680000.0,0.0,0.0,0.17,259.2,0.0,0.0,257.75,1.0,1.0,1074.3015115400015,1000.0,1074.0550115400015,1000.0,0.041016418134639555,0.0
2400,1650800280000.0,0.0,0.0,0.17,259.2,0.0,0.0,255.55,1.0,1.0,1074.3015115400015,1000.0,1073.6810115400015,1000.0,0.041016418134639555,0.0
2401,1650803880000.0,0.0,0.0,0.17,259.2,0.0,0.0,255.75,1.0,1.0,1074.3015115400015,1000.0,1073.7150115400016,1000.0,0.041016418134639555,0.0
2402,1650807480000.0,0.0,0.0,0.17,259.2,0.0,0.0,253.55,1.0,1.0,1074.3015115400015,1000.0,1073.3410115400015,1000.0,0.041016418134639555,0.0
2403,1650811080000.0,0.0,0.0,0.17,259.2,0.0,0.0,252.45,1.0,1.0,1074.3015115400015,1000.0,1073.1540115400014,1000.0,0.041016418134639555,0.0
2404,1650814680000.0,0.0,0.0,0.17,259.2,0.0,0.0,253.6,1.0,1.0,1074.3015115400015,1000.0,1073.3495115400015,1000.0,0.041016418134639555,0.0
2405,1650818280000.0,0.0,0.0,0.17,259.2,0.0,0.0,251.05,1.0,1.0,1074.3015115400015,1000.0,1072.9160115400014,1000.0,0.041016418134639555,0.0
2406,1650821880000.0,0.0,0.0,0.34,253.755,0.0,0.0,250.8,1.0,1.0,1074.2930690000014,1000.0,1073.2883690000015,1000.0,0.0803102081635043,0.0
2407,1650825480000.0,0.0,0.0,0.34,253.755,0.0,0.0,255.45,1.0,1.0,1074.2930690000014,1000.0,1074.8693690000014,1000.0,0.0803102081635043,0.0
2408,1650829080000.0,0.0,0.0,0.34,253.755,0.0,0.0,255.15,1.0,1.0,1074.2930690000014,1000.0,1074.7673690000015,1000.0,0.0803102081635043,0.0
2409,1650832680000.0,0.0,0.0,0.34,253.755,0.0,0.0,253.45,1.0,1.0,1074.2930690000014,1000.0,1074.1893690000015,1000.0,0.0803102081635043,0.0
2410,1650836280000.0,0.0,0.0,0.34,253.755,0.0,0.0,253.15,1.0,1.0,1074.2930690000014,1000.0,1074.0873690000014,1000.0,0.0803102081635043,0.0
2411,1650839880000.0,0.0,0.0,0.34,253.755,0.0,0.0,253.8,1.0,1.0,1074.2930690000014,1000.0,1074.3083690000014,1000.0,0.0803102081635043,0.0
2412,1650843480000.0,0.0,0.0,0.34,253.755,0.0,0.0,254.0,1.0,1.0,1074.2930690000014,1000.0,1074.3763690000014,1000.0,0.0803102081635043,0.0
2413,1650847080000.0,0.0,0.0,0.34,253.755,0.0,0.0,249.25,1.0,1.0,1074.2930690000014,1000.0,1072.7613690000014,1000.0,0.0803102081635043,0.0
2414,1650850680000.0,0.0,0.0,0.34,253.755,0.0,0.0,254.2,1.0,1.0,1074.2930690000014,1000.0,1074.4443690000014,1000.0,0.0803102081635043,0.0
2415,1650854280000.0,0.0,0.0,0.34,253.755,0.0,0.0,252.2,1.0,1.0,1074.2930690000014,1000.0,1073.7643690000014,1000.0,0.0803102081635043,0.0
2416,1650857880000.0,0.0,0.0,0.34,253.755,0.0,0.0,254.2,1.0,1.0,1074.2930690000014,1000.0,1074.4443690000014,1000.0,0.0803102081635043,0.0
2417,1650861480000.0,0.0,0.0,0.34,253.755,0.0,0.0,252.15,1.0,1.0,1074.2930690000014,1000.0,1073.7473690000015,1000.0,0.0803102081635043,0.0
2418,1650865080000.0,0.0,0.0,0.34,253.755,0.0,0.0,253.75,1.0,1.0,1074.2930690000014,1000.0,1074.2913690000014,1000.0,0.0803102081635043,0.0
2419,1650868680000.0,0.0,0.0,0.34,253.755,0.0,0.0,250.55,1.0,1.0,1074.2930690000014,1000.0,1073.2033690000014,1000.0,0.0803102081635043,0.0
2420,1650872280000.0,0.0,0.0,0.34,253.755,0.0,0.0,245.95,1.0,1.0,1074.2930690000014,1000.0,1071.6393690000014,1000.0,0.0803102081635043,0.0
2421,1650875880000.0,0.0,0.0,0.34,253.755,0.0,0.0,243.75,1.0,1.0,1074.2930690000014,1000.0,1070.8913690000015,1000.0,0.0803102081635043,0.0
2422,1650879480000.0,0.0,0.0,0.34,253.755,0.0,0.0,241.55,1.0,1.0,1074.2930690000014,1000.0,1070.1433690000015,1000.0,0.0803102081635043,0.0
2423,1650883080000.0,0.0,0.0,0.34,253.755,0.0,0.0,241.55,1.0,1.0,1074.2930690000014,1000.0,1070.1433690000015,1000.0,0.0803102081635043,0.0
2424,1650886680000.0,0.0,0.0,0.52,248.79634615384617,0.0,0.0,241.35,1.0,1.0,1074.2844495200013,1000.0,1070.4123495200013,1000.0,0.12042816039811931,0.0
2425,1650890280000.0,0.0,0.0,0.52,248.79634615384617,0.0,0.0,240.1,1.0,1.0,1074.2844495200013,1000.0,1069.7623495200014,1000.0,0.12042816039811931,0.0
2426,1650893880000.0,0.0,0.0,0.52,248.79634615384617,0.0,0.0,240.8,1.0,1.0,1074.2844495200013,1000.0,1070.1263495200012,1000.0,0.12042816039811931,0.0
2427,1650897480000.0,0.0,0.0,0.52,248.79634615384617,0.0,0.0,241.65,1.0,1.0,1074.2844495200013,1000.0,1070.5683495200012,1000.0,0.12042816039811931,0.0
2428,1650901080000.0,0.0,0.0,0.52,248.79634615384617,0.0,0.0,242.05,1.0,1.0,1074.2844495200013,1000.0,1070.7763495200013,1000.0,0.12042816039811931,0.0
2429,1650904680000.0,0.0,0.0,0.52,248.79634615384617,0.0,0.0,243.9,1.0,1.0,1074.2844495200013,1000.0,1071.7383495200013,1000.0,0.12042816039811931,0.0
2430,1650908280000.0,0.0,0.0,0.52,248.79634615384617,0.0,0.0,245.4,1.0,1.0,1074.2844495200013,1000.0,1072.5183495200013,1000.0,0.12042816039811931,0.0
2431,1650911880000.0,0.0,0.0,0.52,248.79634615384617,0.0,0.0,248.45,1.0,1.0,1074.2844495200013,1000.0,1074.1043495200013,1000.0,0.12042816039811931,0.0
2432,1650915480000.0,0.0,0.0,0.52,248.79634615384617,0.0,0.0,252.95,1.0,1.0,1074.2844495200013,1000.0,1076.4443495200012,1000.0,0.12042816039811931,0.0
2433,1650919080000.0,0.0,0.0,0.16,248.79634615384617,0.0,0.0,259.3,1.0,1.0,1076.9565134646166,1000.0,1078.6370980800011,1000.0,0.03696288093987489,0.0
2434,1650922680000.0,0.0,0.0,0.16,248.79634615384617,0.0,0.0,257.8,1.0,1.0,1076.9565134646166,1000.0,1078.3970980800011,1000.0,0.03696288093987489,0.0
2435,1650926280000.0,0.0,0.0,0.16,248.79634615384617,0.0,0.0,257.95,1.0,1.0,1076.9565134646166,1000.0,1078.4210980800012,1000.0,0.03696288093987489,0.0
2436,1650929880000.0,0.0,0.0,0.06,248.79634615384617,0.0,0.0,255.45,1.0,1.0,1077.698753449232,1000.0,1078.0979726800012,1000.0,0.013851533855313106,0.0
2437,1650933480000.0,0.0,0.0,0.06,248.79634615384617,0.0,0.0,255.0,1.0,1.0,1077.698753449232,1000.0,1078.0709726800012,1000.0,0.013851533855313106,0.0
2438,1650937080000.0,0.0,0.0,0.0,248.79634615384617,0.0,0.0,256.5,1.0,1.0,1078.1440974400014,1000.0,1078.1440974400014,1000.0,0.0,0.0
2439,1650940680000.0,0.0,0.0,0.0,248.79634615384617,0.0,0.0,262.65,1.0,1.0,1078.1440974400014,1000.0,1078.1440974400014,1000.0,0.0,0.0
2440,1650944280000.0,0.0,0.0,0.0,248.79634615384617,0.0,0.0,259.9,1.0,1.0,1078.1440974400014,1000.0,1078.1440974400014,1000.0,0.0,0.0
2441,1650947880000.0,0.0,0.0,0.0,248.79634615384617,0.0,0.0,260.45,1.0,1.0,1078.1440974400014,1000.0,1078.1440974400014,1000.0,0.0,0.0
2442,1650951480000.0,0.0,0.0,0.0,248.79634615384617,0.0,0.0,258.7,1.0,1.0,1078.1440974400014,1000.0,1078.1440974400014,1000.0,0.0,0.0
2443,1650955080000.0,0.0,0.0,0.0,248.79634615384617,0.0,0.0,258.15,1.0,1.0,1078.1440974400014,1000.0,1078.1440974400014,1000.0,0.0,0.0
2444,1650958680000.0,0.0,0.0,0.0,248.79634615384617,0.0,0.0,259.35,1.0,1.0,1078.1440974400014,1000.0,1078.1440974400014,1000.0,0.0,0.0
2445,1650962280000.0,0.0,0.0,0.0,248.79634615384617,0.0,0.0,259.65,1.0,1.0,1078.1440974400014,1000.0,1078.1440974400014,1000.0,0.0,0.0
2446,1650965880000.0,0.0,0.0,0.0,248.79634615384617,0.0,0.0,259.8,1.0,1.0,1078.1440974400014,1000.0,1078.1440974400014,1000.0,0.0,0.0
2447,1650969480000.0,0.0,0.0,0.0,248.79634615384617,0.0,0.0,260.0,1.0,1.0,1078.1440974400014,1000.0,1078.1440974400014,1000.0,0.0,0.0
2448,1650973080000.0,0.0,0.0,0.0,248.79634615384617,0.0,0.0,260.45,1.0,1.0,1078.1440974400014,1000.0,1078.1440974400014,1000.0,0.0,0.0
2449,1650976680000.0,0.0,0.0,0.0,248.79634615384617,0.0,0.0,262.1,1.0,1.0,1078.1440974400014,1000.0,1078.1440974400014,1000.0,0.0,0.0
2450,1650980280000.0,0.0,0.0,0.0,248.79634615384617,0.0,0.0,258.5,1.0,1.0,1078.1440974400014,1000.0,1078.1440974400014,1000.0,0.0,0.0
2451,1650983880000.0,0.0,0.0,0.0,248.79634615384617,0.0,0.0,251.3,1.0,1.0,1078.1440974400014,1000.0,1078.1440974400014,1000.0,0.0,0.0
2452,1650987480000.0,0.0,0.0,0.17,248.22,0.0,0.0,240.1,1.0,1.0,1078.1356579600013,1000.0,1076.7552579600012,1000.0,0.039139230474803124,0.0
2453,1650991080000.0,0.0,0.0,0.35,242.9434285714286,0.0,0.0,240.6,1.0,1.0,1078.1270914000013,1000.0,1077.3068914000012,1000.0,0.07886843831146483,0.0
2454,1650994680000.0,0.0,0.0,0.35,242.9434285714286,0.0,0.0,240.1,1.0,1.0,1078.1270914000013,1000.0,1077.1318914000012,1000.0,0.07886843831146483,0.0
2455,1650998280000.0,0.0,0.0,0.35,242.9434285714286,0.0,0.0,241.1,1.0,1.0,1078.1270914000013,1000.0,1077.4818914000014,1000.0,0.07886843831146483,0.0
2456,1651001880000.0,0.0,0.0,0.35,242.9434285714286,0.0,0.0,242.4,1.0,1.0,1078.1270914000013,1000.0,1077.9368914000013,1000.0,0.07886843831146483,0.0
2457,1651005480000.0,0.0,0.0,0.35,242.9434285714286,0.0,0.0,241.05,1.0,1.0,1078.1270914000013,1000.0,1077.4643914000012,1000.0,0.07886843831146483,0.0
2458,1651009080000.0,0.0,0.0,0.35,242.9434285714286,0.0,0.0,240.25,1.0,1.0,1078.1270914000013,1000.0,1077.1843914000012,1000.0,0.07886843831146483,0.0
2459,1651012680000.0,0.0,0.0,0.35,242.9434285714286,0.0,0.0,239.5,1.0,1.0,1078.1270914000013,1000.0,1076.9218914000012,1000.0,0.07886843831146483,0.0
2460,1651016280000.0,0.0,0.0,0.54,238.16055555555553,0.0,0.0,229.6,1.0,1.0,1078.1183761000013,1000.0,1073.4956761000014,1000.0,0.11928810680810714,0.0
2461,1651019880000.0,0.0,0.0,0.54,238.16055555555553,0.0,0.0,227.5,1.0,1.0,1078.1183761000013,1000.0,1072.3616761000014,1000.0,0.11928810680810714,0.0
2462,1651023480000.0,0.0,0.0,0.54,238.16055555555553,0.0,0.0,226.85,1.0,1.0,1078.1183761000013,1000.0,1072.0106761000013,1000.0,0.11928810680810714,0.0
2463,1651027080000.0,0.0,0.0,0.54,238.16055555555553,0.0,0.0,228.35,1.0,1.0,1078.1183761000013,1000.0,1072.8206761000013,1000.0,0.11928810680810714,0.0
2464,1651030680000.0,0.0,0.0,0.54,238.16055555555553,0.0,0.0,226.55,1.0,1.0,1078.1183761000013,1000.0,1071.8486761000013,1000.0,0.11928810680810714,0.0
2465,1651034280000.0,0.0,0.0,0.54,238.16055555555553,0.0,0.0,229.6,1.0,1.0,1078.1183761000013,1000.0,1073.4956761000014,1000.0,0.11928810680810714,0.0
2466,1651037880000.0,0.0,0.0,0.54,238.16055555555553,0.0,0.0,230.75,1.0,1.0,1078.1183761000013,1000.0,1074.1166761000013,1000.0,0.11928810680810714,0.0
2467,1651041480000.0,0.0,0.0,0.54,238.16055555555553,0.0,0.0,231.7,1.0,1.0,1078.1183761000013,1000.0,1074.6296761000015,1000.0,0.11928810680810714,0.0
2468,1651045080000.0,0.0,0.0,0.54,238.16055555555553,0.0,0.0,233.85,1.0,1.0,1078.1183761000013,1000.0,1075.7906761000013,1000.0,0.11928810680810714,0.0
2469,1651048680000.0,0.0,0.0,0.54,238.16055555555553,0.0,0.0,232.5,1.0,1.0,1078.1183761000013,1000.0,1075.0616761000013,1000.0,0.11928810680810714,0.0
2470,1651052280000.0,0.0,0.0,0.54,238.16055555555553,0.0,0.0,230.7,1.0,1.0,1078.1183761000013,1000.0,1074.0896761000013,1000.0,0.11928810680810714,0.0
2471,1651055880000.0,0.0,0.0,0.54,238.16055555555553,0.0,0.0,230.95,1.0,1.0,1078.1183761000013,1000.0,1074.2246761000013,1000.0,0.11928810680810714,0.0
2472,1651059480000.0,0.0,0.0,0.54,238.16055555555553,0.0,0.0,227.25,1.0,1.0,1078.1183761000013,1000.0,1072.2266761000014,1000.0,0.11928810680810714,0.0
2473,1651063080000.0,0.0,0.0,0.54,238.16055555555553,0.0,0.0,227.35,1.0,1.0,1078.1183761000013,1000.0,1072.2806761000013,1000.0,0.11928810680810714,0.0
2474,1651066680000.0,0.0,0.0,0.54,238.16055555555553,0.0,0.0,229.0,1.0,1.0,1078.1183761000013,1000.0,1073.1716761000014,1000.0,0.11928810680810714,0.0
2475,1651070280000.0,0.0,0.0,0.54,238.16055555555553,0.0,0.0,226.55,1.0,1.0,1078.1183761000013,1000.0,1071.8486761000013,1000.0,0.11928810680810714,0.0
2476,1651073880000.0,0.0,0.0,0.54,238.16055555555553,0.0,0.0,226.6,1.0,1.0,1078.1183761000013,1000.0,1071.8756761000013,1000.0,0.11928810680810714,0.0
2477,1651077480000.0,0.0,0.0,0.54,238.16055555555553,0.0,0.0,225.75,1.0,1.0,1078.1183761000013,1000.0,1071.4166761000013,1000.0,0.11928810680810714,0.0
2478,1651081080000.0,0.0,0.0,0.54,238.16055555555553,0.0,0.0,224.3,1.0,1.0,1078.1183761000013,1000.0,1070.6336761000014,1000.0,0.11928810680810714,0.0
2479,1651084680000.0,0.0,0.0,0.54,238.16055555555553,0.0,0.0,223.75,1.0,1.0,1078.1183761000013,1000.0,1070.3366761000013,1000.0,0.11928810680810714,0.0
2480,1651088280000.0,0.0,0.0,0.54,238.16055555555553,0.0,0.0,222.0,1.0,1.0,1078.1183761000013,1000.0,1069.3916761000014,1000.0,0.11928810680810714,0.0
2481,1651091880000.0,0.0,0.0,0.54,238.16055555555553,0.0,0.0,224.6,1.0,1.0,1078.1183761000013,1000.0,1070.7956761000014,1000.0,0.11928810680810714,0.0
2482,1651095480000.0,0.0,0.0,0.54,238.16055555555553,0.0,0.0,226.6,1.0,1.0,1078.1183761000013,1000.0,1071.8756761000013,1000.0,0.11928810680810714,0.0
2483,1651099080000.0,0.0,0.0,0.54,238.16055555555553,0.0,0.0,227.95,1.0,1.0,1078.1183761000013,1000.0,1072.6046761000014,1000.0,0.11928810680810714,0.0
2484,1651102680000.0,0.0,0.0,0.54,238.16055555555553,0.0,0.0,228.3,1.0,1.0,1078.1183761000013,1000.0,1072.7936761000014,1000.0,0.11928810680810714,0.0
2485,1651106280000.0,0.0,0.0,0.54,238.16055555555553,0.0,0.0,230.55,1.0,1.0,1078.1183761000013,1000.0,1074.0086761000014,1000.0,0.11928810680810714,0.0
2486,1651109880000.0,0.0,0.0,0.54,238.16055555555553,0.0,0.0,230.25,1.0,1.0,1078.1183761000013,1000.0,1073.8466761000013,1000.0,0.11928810680810714,0.0
2487,1651113480000.0,0.0,0.0,0.54,238.16055555555553,0.0,0.0,228.9,1.0,1.0,1078.1183761000013,1000.0,1073.1176761000013,1000.0,0.11928810680810714,0.0
2488,1651117080000.0,0.0,0.0,0.54,238.16055555555553,0.0,0.0,229.4,1.0,1.0,1078.1183761000013,1000.0,1073.3876761000013,1000.0,0.11928810680810714,0.0
2489,1651120680000.0,0.0,0.0,0.54,238.16055555555553,0.0,0.0,228.75,1.0,1.0,1078.1183761000013,1000.0,1073.0366761000014,1000.0,0.11928810680810714,0.0
2490,1651124280000.0,0.0,0.0,0.54,238.16055555555553,0.0,0.0,229.55,1.0,1.0,1078.1183761000013,1000.0,1073.4686761000014,1000.0,0.11928810680810714,0.0
2491,1651127880000.0,0.0,0.0,0.54,238.16055555555553,0.0,0.0,232.2,1.0,1.0,1078.1183761000013,1000.0,1074.8996761000014,1000.0,0.11928810680810714,0.0
2492,1651131480000.0,0.0,0.0,0.54,238.16055555555553,0.0,0.0,236.25,1.0,1.0,1078.1183761000013,1000.0,1077.0866761000013,1000.0,0.11928810680810714,0.0
2493,1651135080000.0,0.0,0.0,0.54,238.16055555555553,0.0,0.0,235.3,1.0,1.0,1078.1183761000013,1000.0,1076.5736761000014,1000.0,0.11928810680810714,0.0
2494,1651138680000.0,0.0,0.0,0.54,238.16055555555553,0.0,0.0,235.4,1.0,1.0,1078.1183761000013,1000.0,1076.6276761000013,1000.0,0.11928810680810714,0.0
2495,1651142280000.0,0.0,0.0,0.54,238.16055555555553,0.0,0.0,236.35,1.0,1.0,1078.1183761000013,1000.0,1077.1406761000014,1000.0,0.11928810680810714,0.0
2496,1651145880000.0,0.0,0.0,0.54,238.16055555555553,0.0,0.0,234.7,1.0,1.0,1078.1183761000013,1000.0,1076.2496761000014,1000.0,0.11928810680810714,0.0
2497,1651149480000.0,0.0,0.0,0.54,238.16055555555553,0.0,0.0,234.9,1.0,1.0,1078.1183761000013,1000.0,1076.3576761000013,1000.0,0.11928810680810714,0.0
2498,1651153080000.0,0.0,0.0,0.54,238.16055555555553,0.0,0.0,230.9,1.0,1.0,1078.1183761000013,1000.0,1074.1976761000014,1000.0,0.11928810680810714,0.0
2499,1651156680000.0,0.0,0.0,0.54,238.16055555555553,0.0,0.0,229.2,1.0,1.0,1078.1183761000013,1000.0,1073.2796761000013,1000.0,0.11928810680810714,0.0
2500,1651160280000.0,0.0,0.0,0.54,238.16055555555553,0.0,0.0,229.8,1.0,1.0,1078.1183761000013,1000.0,1073.6036761000014,1000.0,0.11928810680810714,0.0
2501,1651163880000.0,0.0,0.0,0.54,238.16055555555553,0.0,0.0,226.7,1.0,1.0,1078.1183761000013,1000.0,1071.9296761000014,1000.0,0.11928810680810714,0.0
2502,1651167480000.0,0.0,0.0,0.54,238.16055555555553,0.0,0.0,229.4,1.0,1.0,1078.1183761000013,1000.0,1073.3876761000013,1000.0,0.11928810680810714,0.0
2503,1651171080000.0,0.0,0.0,0.54,238.16055555555553,0.0,0.0,230.85,1.0,1.0,1078.1183761000013,1000.0,1074.1706761000014,1000.0,0.11928810680810714,0.0
2504,1651174680000.0,0.0,0.0,0.54,238.16055555555553,0.0,0.0,231.4,1.0,1.0,1078.1183761000013,1000.0,1074.4676761000014,1000.0,0.11928810680810714,0.0
2505,1651178280000.0,0.0,0.0,0.54,238.16055555555553,0.0,0.0,228.05,1.0,1.0,1078.1183761000013,1000.0,1072.6586761000015,1000.0,0.11928810680810714,0.0
2506,1651181880000.0,0.0,0.0,0.54,238.16055555555553,0.0,0.0,224.6,1.0,1.0,1078.1183761000013,1000.0,1070.7956761000014,1000.0,0.11928810680810714,0.0
2507,1651185480000.0,0.0,0.0,0.54,238.16055555555553,0.0,0.0,225.15,1.0,1.0,1078.1183761000013,1000.0,1071.0926761000014,1000.0,0.11928810680810714,0.0
2508,1651189080000.0,0.0,0.0,0.54,238.16055555555553,0.0,0.0,226.1,1.0,1.0,1078.1183761000013,1000.0,1071.6056761000013,1000.0,0.11928810680810714,0.0
2509,1651192680000.0,0.0,0.0,0.54,238.16055555555553,0.0,0.0,227.8,1.0,1.0,1078.1183761000013,1000.0,1072.5236761000015,1000.0,0.11928810680810714,0.0
2510,1651196280000.0,0.0,0.0,0.54,238.16055555555553,0.0,0.0,229.0,1.0,1.0,1078.1183761000013,1000.0,1073.1716761000014,1000.0,0.11928810680810714,0.0
2511,1651199880000.0,0.0,0.0,0.54,238.16055555555553,0.0,0.0,231.45,1.0,1.0,1078.1183761000013,1000.0,1074.4946761000012,1000.0,0.11928810680810714,0.0
2512,1651203480000.0,0.0,0.0,0.54,238.16055555555553,0.0,0.0,232.9,1.0,1.0,1078.1183761000013,1000.0,1075.2776761000014,1000.0,0.11928810680810714,0.0
2513,1651207080000.0,0.0,0.0,0.54,238.16055555555553,0.0,0.0,229.05,1.0,1.0,1078.1183761000013,1000.0,1073.1986761000014,1000.0,0.11928810680810714,0.0
2514,1651210680000.0,0.0,0.0,0.54,238.16055555555553,0.0,0.0,230.45,1.0,1.0,1078.1183761000013,1000.0,1073.9546761000013,1000.0,0.11928810680810714,0.0
2515,1651214280000.0,0.0,0.0,0.54,238.16055555555553,0.0,0.0,231.7,1.0,1.0,1078.1183761000013,1000.0,1074.6296761000015,1000.0,0.11928810680810714,0.0
2516,1651217880000.0,0.0,0.0,0.54,238.16055555555553,0.0,0.0,234.95,1.0,1.0,1078.1183761000013,1000.0,1076.3846761000013,1000.0,0.11928810680810714,0.0
2517,1651221480000.0,0.0,0.0,0.54,238.16055555555553,0.0,0.0,230.7,1.0,1.0,1078.1183761000013,1000.0,1074.0896761000013,1000.0,0.11928810680810714,0.0
2518,1651225080000.0,0.0,0.0,0.54,238.16055555555553,0.0,0.0,232.1,1.0,1.0,1078.1183761000013,1000.0,1074.8456761000014,1000.0,0.11928810680810714,0.0
2519,1651228680000.0,0.0,0.0,0.54,238.16055555555553,0.0,0.0,229.9,1.0,1.0,1078.1183761000013,1000.0,1073.6576761000013,1000.0,0.11928810680810714,0.0
2520,1651232280000.0,0.0,0.0,0.54,238.16055555555553,0.0,0.0,227.3,1.0,1.0,1078.1183761000013,1000.0,1072.2536761000013,1000.0,0.11928810680810714,0.0
2521,1651235880000.0,0.0,0.0,0.54,238.16055555555553,0.0,0.0,228.2,1.0,1.0,1078.1183761000013,1000.0,1072.7396761000014,1000.0,0.11928810680810714,0.0
2522,1651239480000.0,0.0,0.0,0.54,238.16055555555553,0.0,0.0,227.7,1.0,1.0,1078.1183761000013,1000.0,1072.4696761000014,1000.0,0.11928810680810714,0.0
2523,1651243080000.0,0.0,0.0,0.54,238.16055555555553,0.0,0.0,225.0,1.0,1.0,1078.1183761000013,1000.0,1071.0116761000013,1000.0,0.11928810680810714,0.0
2524,1651246680000.0,0.0,0.0,0.54,238.16055555555553,0.0,0.0,227.05,1.0,1.0,1078.1183761000013,1000.0,1072.1186761000013,1000.0,0.11928810680810714,0.0
2525,1651250280000.0,0.0,0.0,0.54,238.16055555555553,0.0,0.0,227.25,1.0,1.0,1078.1183761000013,1000.0,1072.2266761000014,1000.0,0.11928810680810714,0.0
2526,1651253880000.0,0.0,0.0,0.54,238.16055555555553,0.0,0.0,227.95,1.0,1.0,1078.1183761000013,1000.0,1072.6046761000014,1000.0,0.11928810680810714,0.0
2527,1651257480000.0,0.0,0.0,0.54,238.16055555555553,0.0,0.0,226.9,1.0,1.0,1078.1183761000013,1000.0,1072.0376761000014,1000.0,0.11928810680810714,0.0
2528,1651261080000.0,0.0,0.0,0.54,238.16055555555553,0.0,0.0,224.0,1.0,1.0,1078.1183761000013,1000.0,1070.4716761000013,1000.0,0.11928810680810714,0.0
2529,1651264680000.0,0.0,0.0,0.54,238.16055555555553,0.0,0.0,222.25,1.0,1.0,1078.1183761000013,1000.0,1069.5266761000014,1000.0,0.11928810680810714,0.0
2530,1651268280000.0,0.0,0.0,0.8,232.68087500000001,0.0,0.0,222.6,1.0,1.0,1078.1068685000014,1000.0,1070.0421685000015,1000.0,0.172658857334791,0.0
2531,1651271880000.0,0.0,0.0,0.8,232.68087500000001,0.0,0.0,217.4,1.0,1.0,1078.1068685000014,1000.0,1065.8821685000014,1000.0,0.172658857334791,0.0
2532,1651275480000.0,0.0,0.0,0.8,232.68087500000001,0.0,0.0,219.1,1.0,1.0,1078.1068685000014,1000.0,1067.2421685000013,1000.0,0.172658857334791,0.0
2533,1651279080000.0,0.0,0.0,0.8,232.68087500000001,0.0,0.0,221.8,1.0,1.0,1078.1068685000014,1000.0,1069.4021685000014,1000.0,0.172658857334791,0.0
2534,1651282680000.0,0.0,0.0,0.8,232.68087500000001,0.0,0.0,220.0,1.0,1.0,1078.1068685000014,1000.0,1067.9621685000013,1000.0,0.172658857334791,0.0
2535,1651286280000.0,0.0,0.0,0.8,232.68087500000001,0.0,0.0,218.85,1.0,1.0,1078.1068685000014,1000.0,1067.0421685000015,1000.0,0.172658857334791,0.0
2536,1651289880000.0,0.0,0.0,0.8,232.68087500000001,0.0,0.0,218.1,1.0,1.0,1078.1068685000014,1000.0,1066.4421685000013,1000.0,0.172658857334791,0.0
2537,1651293480000.0,0.0,0.0,0.8,232.68087500000001,0.0,0.0,218.75,1.0,1.0,1078.1068685000014,1000.0,1066.9621685000013,1000.0,0.172658857334791,0.0
2538,1651297080000.0,0.0,0.0,0.8,232.68087500000001,0.0,0.0,220.65,1.0,1.0,1078.1068685000014,1000.0,1068.4821685000013,1000.0,0.172658857334791,0.0
2539,1651300680000.0,0.0,0.0,0.8,232.68087500000001,0.0,0.0,221.6,1.0,1.0,1078.1068685000014,1000.0,1069.2421685000013,1000.0,0.172658857334791,0.0
2540,1651304280000.0,0.0,0.0,0.8,232.68087500000001,0.0,0.0,221.5,1.0,1.0,1078.1068685000014,1000.0,1069.1621685000014,1000.0,0.172658857334791,0.0
2541,1651307880000.0,0.0,0.0,0.8,232.68087500000001,0.0,0.0,219.55,1.0,1.0,1078.1068685000014,1000.0,1067.6021685000014,1000.0,0.172658857334791,0.0
2542,1651311480000.0,0.0,0.0,0.8,232.68087500000001,0.0,0.0,224.7,1.0,1.0,1078.1068685000014,1000.0,1071.7221685000013,1000.0,0.172658857334791,0.0
2543,1651315080000.0,0.0,0.0,0.8,232.68087500000001,0.0,0.0,227.15,1.0,1.0,1078.1068685000014,1000.0,1073.6821685000014,1000.0,0.172658857334791,0.0
2544,1651318680000.0,0.0,0.0,0.8,232.68087500000001,0.0,0.0,227.25,1.0,1.0,1078.1068685000014,1000.0,1073.7621685000013,1000.0,0.172658857334791,0.0
2545,1651322280000.0,0.0,0.0,0.8,232.68087500000001,0.0,0.0,229.1,1.0,1.0,1078.1068685000014,1000.0,1075.2421685000013,1000.0,0.172658857334791,0.0
2546,1651325880000.0,0.0,0.0,0.8,232.68087500000001,0.0,0.0,229.95,1.0,1.0,1078.1068685000014,1000.0,1075.9221685000014,1000.0,0.172658857334791,0.0
2547,1651329480000.0,0.0,0.0,0.8,232.68087500000001,0.0,0.0,227.1,1.0,1.0,1078.1068685000014,1000.0,1073.6421685000014,1000.0,0.172658857334791,0.0
2548,1651333080000.0,0.0,0.0,0.8,232.68087500000001,0.0,0.0,232.85,1.0,1.0,1078.1068685000014,1000.0,1078.2421685000013,1000.0,0.172658857334791,0.0
2549,1651336680000.0,0.0,0.0,0.8,232.68087500000001,0.0,0.0,229.7,1.0,1.0,1078.1068685000014,1000.0,1075.7221685000013,1000.0,0.172658857334791,0.0
2550,1651340280000.0,0.0,0.0,0.8,232.68087500000001,0.0,0.0,230.6,1.0,1.0,1078.1068685000014,1000.0,1076.4421685000013,1000.0,0.172658857334791,0.0
2551,1651343880000.0,0.0,0.0,0.8,232.68087500000001,0.0,0.0,231.45,1.0,1.0,1078.1068685000014,1000.0,1077.1221685000014,1000.0,0.172658857334791,0.0
2552,1651347480000.0,0.0,0.0,0.8,232.68087500000001,0.0,0.0,229.65,1.0,1.0,1078.1068685000014,1000.0,1075.6821685000014,1000.0,0.172658857334791,0.0
2553,1651351080000.0,0.0,0.0,0.8,232.68087500000001,0.0,0.0,226.3,1.0,1.0,1078.1068685000014,1000.0,1073.0021685000013,1000.0,0.172658857334791,0.0
2554,1651354680000.0,0.0,0.0,0.8,232.68087500000001,0.0,0.0,225.6,1.0,1.0,1078.1068685000014,1000.0,1072.4421685000013,1000.0,0.172658857334791,0.0
2555,1651358280000.0,0.0,0.0,0.8,232.68087500000001,0.0,0.0,221.05,1.0,1.0,1078.1068685000014,1000.0,1068.8021685000015,1000.0,0.172658857334791,0.0
2556,1651361880000.0,0.0,0.0,0.8,232.68087500000001,0.0,0.0,216.2,1.0,1.0,1078.1068685000014,1000.0,1064.9221685000014,1000.0,0.172658857334791,0.0
2557,1651365480000.0,0.0,0.0,1.18,225.90500000000003,0.0,0.0,214.5,1.0,1.0,1078.0907838600015,1000.0,1064.6328838600014,1000.0,0.2472592327017016,0.0
2558,1651369080000.0,0.0,0.0,1.18,225.90500000000003,0.0,0.0,215.25,1.0,1.0,1078.0907838600015,1000.0,1065.5178838600013,1000.0,0.2472592327017016,0.0
2559,1651372680000.0,0.0,0.0,1.18,225.90500000000003,0.0,0.0,224.05,1.0,1.0,1078.0907838600015,1000.0,1075.9018838600014,1000.0,0.2472592327017016,0.0
2560,1651376280000.0,0.0,0.0,1.18,225.90500000000003,0.0,0.0,223.6,1.0,1.0,1078.0907838600015,1000.0,1075.3708838600014,1000.0,0.2472592327017016,0.0
2561,1651379880000.0,0.0,0.0,1.18,225.90500000000003,0.0,0.0,225.35,1.0,1.0,1078.0907838600015,1000.0,1077.4358838600015,1000.0,0.2472592327017016,0.0
2562,1651383480000.0,0.0,0.0,1.18,225.90500000000003,0.0,0.0,224.2,1.0,1.0,1078.0907838600015,1000.0,1076.0788838600015,1000.0,0.2472592327017016,0.0
2563,1651387080000.0,0.0,0.0,1.18,225.90500000000003,0.0,0.0,222.45,1.0,1.0,1078.0907838600015,1000.0,1074.0138838600014,1000.0,0.2472592327017016,0.0
2564,1651390680000.0,0.0,0.0,1.18,225.90500000000003,0.0,0.0,222.05,1.0,1.0,1078.0907838600015,1000.0,1073.5418838600015,1000.0,0.2472592327017016,0.0
2565,1651394280000.0,0.0,0.0,1.18,225.90500000000003,0.0,0.0,220.5,1.0,1.0,1078.0907838600015,1000.0,1071.7128838600015,1000.0,0.2472592327017016,0.0
2566,1651397880000.0,0.0,0.0,1.18,225.90500000000003,0.0,0.0,218.5,1.0,1.0,1078.0907838600015,1000.0,1069.3528838600014,1000.0,0.2472592327017016,0.0
2567,1651401480000.0,0.0,0.0,1.18,225.90500000000003,0.0,0.0,217.75,1.0,1.0,1078.0907838600015,1000.0,1068.4678838600014,1000.0,0.2472592327017016,0.0
2568,1651405080000.0,0.0,0.0,1.18,225.90500000000003,0.0,0.0,214.55,1.0,1.0,1078.0907838600015,1000.0,1064.6918838600016,1000.0,0.2472592327017016,0.0
2569,1651408680000.0,0.0,0.0,1.18,225.90500000000003,0.0,0.0,211.45,1.0,1.0,1078.0907838600015,1000.0,1061.0338838600014,1000.0,0.2472592327017016,0.0
2570,1651412280000.0,0.0,0.0,1.18,225.90500000000003,0.0,0.0,213.15,1.0,1.0,1078.0907838600015,1000.0,1063.0398838600015,1000.0,0.2472592327017016,0.0
2571,1651415880000.0,0.0,0.0,1.18,225.90500000000003,0.0,0.0,210.55,1.0,1.0,1078.0907838600015,1000.0,1059.9718838600015,1000.0,0.2472592327017016,0.0
2572,1651419480000.0,0.0,0.0,1.18,225.90500000000003,0.0,0.0,214.05,1.0,1.0,1078.0907838600015,1000.0,1064.1018838600014,1000.0,0.2472592327017016,0.0
2573,1651423080000.0,0.0,0.0,1.18,225.90500000000003,0.0,0.0,217.75,1.0,1.0,1078.0907838600015,1000.0,1068.4678838600014,1000.0,0.2472592327017016,0.0
2574,1651426680000.0,0.0,0.0,1.18,225.90500000000003,0.0,0.0,217.6,1.0,1.0,1078.0907838600015,1000.0,1068.2908838600015,1000.0,0.2472592327017016,0.0
2575,1651430280000.0,0.0,0.0,1.18,225.90500000000003,0.0,0.0,212.7,1.0,1.0,1078.0907838600015,1000.0,1062.5088838600013,1000.0,0.2472592327017016,0.0
2576,1651433880000.0,0.0,0.0,1.18,225.90500000000003,0.0,0.0,211.55,1.0,1.0,1078.0907838600015,1000.0,1061.1518838600014,1000.0,0.2472592327017016,0.0
2577,1651437480000.0,0.0,0.0,1.18,225.90500000000003,0.0,0.0,208.95,1.0,1.0,1078.0907838600015,1000.0,1058.0838838600014,1000.0,0.2472592327017016,0.0
2578,1651441080000.0,0.0,0.0,1.18,225.90500000000003,0.0,0.0,210.0,1.0,1.0,1078.0907838600015,1000.0,1059.3228838600014,1000.0,0.2472592327017016,0.0
2579,1651444680000.0,0.0,0.0,1.18,225.90500000000003,0.0,0.0,212.0,1.0,1.0,1078.0907838600015,1000.0,1061.6828838600015,1000.0,0.2472592327017016,0.0
2580,1651448280000.0,0.0,0.0,1.18,225.90500000000003,0.0,0.0,212.25,1.0,1.0,1078.0907838600015,1000.0,1061.9778838600014,1000.0,0.2472592327017016,0.0
2581,1651451880000.0,0.0,0.0,1.18,225.90500000000003,0.0,0.0,215.9,1.0,1.0,1078.0907838600015,1000.0,1066.2848838600014,1000.0,0.2472592327017016,0.0
2582,1651455480000.0,0.0,0.0,1.18,225.90500000000003,0.0,0.0,212.4,1.0,1.0,1078.0907838600015,1000.0,1062.1548838600015,1000.0,0.2472592327017016,0.0
2583,1651459080000.0,0.0,0.0,1.18,225.90500000000003,0.0,0.0,211.6,1.0,1.0,1078.0907838600015,1000.0,1061.2108838600013,1000.0,0.2472592327017016,0.0
2584,1651462680000.0,0.0,0.0,1.18,225.90500000000003,0.0,0.0,214.35,1.0,1.0,1078.0907838600015,1000.0,1064.4558838600014,1000.0,0.2472592327017016,0.0
2585,1651466280000.0,0.0,0.0,1.18,225.90500000000003,0.0,0.0,213.1,1.0,1.0,1078.0907838600015,1000.0,1062.9808838600013,1000.0,0.2472592327017016,0.0
2586,1651469880000.0,0.0,0.0,1.18,225.90500000000003,0.0,0.0,214.15,1.0,1.0,1078.0907838600015,1000.0,1064.2198838600013,1000.0,0.2472592327017016,0.0
2587,1651473480000.0,0.0,0.0,1.18,225.90500000000003,0.0,0.0,215.25,1.0,1.0,1078.0907838600015,1000.0,1065.5178838600013,1000.0,0.2472592327017016,0.0
2588,1651477080000.0,0.0,0.0,1.18,225.90500000000003,0.0,0.0,214.05,1.0,1.0,1078.0907838600015,1000.0,1064.1018838600014,1000.0,0.2472592327017016,0.0
2589,1651480680000.0,0.0,0.0,1.18,225.90500000000003,0.0,0.0,211.35,1.0,1.0,1078.0907838600015,1000.0,1060.9158838600015,1000.0,0.2472592327017016,0.0
2590,1651484280000.0,0.0,0.0,1.18,225.90500000000003,0.0,0.0,213.7,1.0,1.0,1078.0907838600015,1000.0,1063.6888838600014,1000.0,0.2472592327017016,0.0
2591,1651487880000.0,0.0,0.0,1.18,225.90500000000003,0.0,0.0,211.4,1.0,1.0,1078.0907838600015,1000.0,1060.9748838600015,1000.0,0.2472592327017016,0.0
2592,1651491480000.0,0.0,0.0,1.18,225.90500000000003,0.0,0.0,206.05,1.0,1.0,1078.0907838600015,1000.0,1054.6618838600014,1000.0,0.2472592327017016,0.0
2593,1651495080000.0,0.0,0.0,1.18,225.90500000000003,0.0,0.0,208.3,1.0,1.0,1078.0907838600015,1000.0,1057.3168838600016,1000.0,0.2472592327017016,0.0
2594,1651498680000.0,0.0,0.0,1.18,225.90500000000003,0.0,0.0,207.65,1.0,1.0,1078.0907838600015,1000.0,1056.5498838600015,1000.0,0.2472592327017016,0.0
2595,1651502280000.0,0.0,0.0,1.18,225.90500000000003,0.0,0.0,212.65,1.0,1.0,1078.0907838600015,1000.0,1062.4498838600014,1000.0,0.2472592327017016,0.0
2596,1651505880000.0,0.0,0.0,1.18,225.90500000000003,0.0,0.0,211.25,1.0,1.0,1078.0907838600015,1000.0,1060.7978838600013,1000.0,0.2472592327017016,0.0
2597,1651509480000.0,0.0,0.0,1.18,225.90500000000003,0.0,0.0,211.85,1.0,1.0,1078.0907838600015,1000.0,1061.5058838600014,1000.0,0.2472592327017016,0.0
2598,1651513080000.0,0.0,0.0,1.18,225.90500000000003,0.0,0.0,208.65,1.0,1.0,1078.0907838600015,1000.0,1057.7298838600013,1000.0,0.2472592327017016,0.0
2599,1651516680000.0,0.0,0.0,1.18,225.90500000000003,0.0,0.0,209.25,1.0,1.0,1078.0907838600015,1000.0,1058.4378838600014,1000.0,0.2472592327017016,0.0
2600,1651520280000.0,0.0,0.0,1.74,217.33281609195404,0.0,0.0,202.8,1.0,1.0,1078.0684656200015,1000.0,1052.7813656200015,1000.0,0.35077466047809797,0.0
2601,1651523880000.0,0.0,0.0,1.74,217.33281609195404,0.0,0.0,202.95,1.0,1.0,1078.0684656200015,1000.0,1053.0423656200014,1000.0,0.35077466047809797,0.0
2602,1651527480000.0,0.0,0.0,1.74,217.33281609195404,0.0,0.0,197.65,1.0,1.0,1078.0684656200015,1000.0,1043.8203656200014,1000.0,0.35077466047809797,0.0
2603,1651531080000.0,0.0,0.0,1.74,217.33281609195404,0.0,0.0,197.5,1.0,1.0,1078.0684656200015,1000.0,1043.5593656200015,1000.0,0.35077466047809797,0.0
2604,1651534680000.0,0.0,0.0,1.74,217.33281609195404,0.0,0.0,198.15,1.0,1.0,1078.0684656200015,1000.0,1044.6903656200013,1000.0,0.35077466047809797,0.0
2605,1651538280000.0,0.0,0.0,1.74,217.33281609195404,0.0,0.0,201.25,1.0,1.0,1078.0684656200015,1000.0,1050.0843656200013,1000.0,0.35077466047809797,0.0
2606,1651541880000.0,0.0,0.0,1.74,217.33281609195404,0.0,0.0,201.1,1.0,1.0,1078.0684656200015,1000.0,1049.8233656200014,1000.0,0.35077466047809797,0.0
2607,1651545480000.0,0.0,0.0,1.74,217.33281609195404,0.0,0.0,203.5,1.0,1.0,1078.0684656200015,1000.0,1053.9993656200015,1000.0,0.35077466047809797,0.0
2608,1651549080000.0,0.0,0.0,1.74,217.33281609195404,0.0,0.0,203.85,1.0,1.0,1078.0684656200015,1000.0,1054.6083656200015,1000.0,0.35077466047809797,0.0
2609,1651552680000.0,0.0,0.0,1.74,217.33281609195404,0.0,0.0,204.95,1.0,1.0,1078.0684656200015,1000.0,1056.5223656200014,1000.0,0.35077466047809797,0.0
2610,1651556280000.0,0.0,0.0,1.74,217.33281609195404,0.0,0.0,208.15,1.0,1.0,1078.0684656200015,1000.0,1062.0903656200014,1000.0,0.35077466047809797,0.0
2611,1651559880000.0,0.0,0.0,1.74,217.33281609195404,0.0,0.0,208.5,1.0,1.0,1078.0684656200015,1000.0,1062.6993656200013,1000.0,0.35077466047809797,0.0
2612,1651563480000.0,0.0,0.0,1.74,217.33281609195404,0.0,0.0,206.3,1.0,1.0,1078.0684656200015,1000.0,1058.8713656200014,1000.0,0.35077466047809797,0.0
2613,1651567080000.0,0.0,0.0,1.74,217.33281609195404,0.0,0.0,207.45,1.0,1.0,1078.0684656200015,1000.0,1060.8723656200013,1000.0,0.35077466047809797,0.0
2614,1651570680000.0,0.0,0.0,1.74,217.33281609195404,0.0,0.0,206.7,1.0,1.0,1078.0684656200015,1000.0,1059.5673656200015,1000.0,0.35077466047809797,0.0
2615,1651574280000.0,0.0,0.0,1.74,217.33281609195404,0.0,0.0,204.45,1.0,1.0,1078.0684656200015,1000.0,1055.6523656200013,1000.0,0.35077466047809797,0.0
2616,1651577880000.0,0.0,0.0,1.74,217.33281609195404,0.0,0.0,207.05,1.0,1.0,1078.0684656200015,1000.0,1060.1763656200014,1000.0,0.35077466047809797,0.0
2617,1651581480000.0,0.0,0.0,1.74,217.33281609195404,0.0,0.0,207.1,1.0,1.0,1078.0684656200015,1000.0,1060.2633656200014,1000.0,0.35077466047809797,0.0
2618,1651585080000.0,0.0,0.0,1.74,217.33281609195404,0.0,0.0,207.15,1.0,1.0,1078.0684656200015,1000.0,1060.3503656200014,1000.0,0.35077466047809797,0.0
2619,1651588680000.0,0.0,0.0,1.74,217.33281609195404,0.0,0.0,208.0,1.0,1.0,1078.0684656200015,1000.0,1061.8293656200015,1000.0,0.35077466047809797,0.0
2620,1651592280000.0,0.0,0.0,1.74,217.33281609195404,0.0,0.0,211.05,1.0,1.0,1078.0684656200015,1000.0,1067.1363656200015,1000.0,0.35077466047809797,0.0
2621,1651595880000.0,0.0,0.0,1.74,217.33281609195404,0.0,0.0,212.65,1.0,1.0,1078.0684656200015,1000.0,1069.9203656200013,1000.0,0.35077466047809797,0.0
2622,1651599480000.0,0.0,0.0,1.74,217.33281609195404,0.0,0.0,211.45,1.0,1.0,1078.0684656200015,1000.0,1067.8323656200014,1000.0,0.35077466047809797,0.0
2623,1651603080000.0,0.0,0.0,1.74,217.33281609195404,0.0,0.0,208.3,1.0,1.0,1078.0684656200015,1000.0,1062.3513656200014,1000.0,0.35077466047809797,0.0
2624,1651606680000.0,0.0,0.0,1.74,217.33281609195404,0.0,0.0,206.05,1.0,1.0,1078.0684656200015,1000.0,1058.4363656200014,1000.0,0.35077466047809797,0.0
2625,1651610280000.0,0.0,0.0,1.74,217.33281609195404,0.0,0.0,209.75,1.0,1.0,1078.0684656200015,1000.0,1064.8743656200015,1000.0,0.35077466047809797,0.0
2626,1651613880000.0,0.0,0.0,1.74,217.33281609195404,0.0,0.0,209.8,1.0,1.0,1078.0684656200015,1000.0,1064.9613656200015,1000.0,0.35077466047809797,0.0
2627,1651617480000.0,0.0,0.0,1.74,217.33281609195404,0.0,0.0,209.75,1.0,1.0,1078.0684656200015,1000.0,1064.8743656200015,1000.0,0.35077466047809797,0.0
2628,1651621080000.0,0.0,0.0,1.74,217.33281609195404,0.0,0.0,209.3,1.0,1.0,1078.0684656200015,1000.0,1064.0913656200014,1000.0,0.35077466047809797,0.0
2629,1651624680000.0,0.0,0.0,1.74,217.33281609195404,0.0,0.0,208.65,1.0,1.0,1078.0684656200015,1000.0,1062.9603656200015,1000.0,0.35077466047809797,0.0
2630,1651628280000.0,0.0,0.0,1.74,217.33281609195404,0.0,0.0,208.8,1.0,1.0,1078.0684656200015,1000.0,1063.2213656200015,1000.0,0.35077466047809797,0.0
2631,1651631880000.0,0.0,0.0,1.74,217.33281609195404,0.0,0.0,208.85,1.0,1.0,1078.0684656200015,1000.0,1063.3083656200015,1000.0,0.35077466047809797,0.0
2632,1651635480000.0,0.0,0.0,1.74,217.33281609195404,0.0,0.0,208.75,1.0,1.0,1078.0684656200015,1000.0,1063.1343656200015,1000.0,0.35077466047809797,0.0
2633,1651639080000.0,0.0,0.0,1.74,217.33281609195404,0.0,0.0,207.8,1.0,1.0,1078.0684656200015,1000.0,1061.4813656200015,1000.0,0.35077466047809797,0.0
2634,1651642680000.0,0.0,0.0,1.74,217.33281609195404,0.0,0.0,213.45,1.0,1.0,1078.0684656200015,1000.0,1071.3123656200014,1000.0,0.35077466047809797,0.0
2635,1651646280000.0,0.0,0.0,1.74,217.33281609195404,0.0,0.0,212.9,1.0,1.0,1078.0684656200015,1000.0,1070.3553656200015,1000.0,0.35077466047809797,0.0
2636,1651649880000.0,0.0,0.0,1.74,217.33281609195404,0.0,0.0,211.9,1.0,1.0,1078.0684656200015,1000.0,1068.6153656200015,1000.0,0.35077466047809797,0.0
2637,1651653480000.0,0.0,0.0,1.74,217.33281609195404,0.0,0.0,214.95,1.0,1.0,1078.0684656200015,1000.0,1073.9223656200013,1000.0,0.35077466047809797,0.0
2638,1651657080000.0,0.0,0.0,1.74,217.33281609195404,0.0,0.0,215.6,1.0,1.0,1078.0684656200015,1000.0,1075.0533656200014,1000.0,0.35077466047809797,0.0
2639,1651660680000.0,0.0,0.0,1.74,217.33281609195404,0.0,0.0,218.0,1.0,1.0,1078.0684656200015,1000.0,1079.2293656200013,1000.0,0.35077466047809797,0.0
2640,1651664280000.0,0.0,0.0,1.74,217.33281609195404,0.0,0.0,215.55,1.0,1.0,1078.0684656200015,1000.0,1074.9663656200014,1000.0,0.35077466047809797,0.0
2641,1651667880000.0,0.0,0.0,1.74,217.33281609195404,0.0,0.0,213.5,1.0,1.0,1078.0684656200015,1000.0,1071.3993656200014,1000.0,0.35077466047809797,0.0
2642,1651671480000.0,0.0,0.0,1.74,217.33281609195404,0.0,0.0,218.5,1.0,1.0,1078.0684656200015,1000.0,1080.0993656200014,1000.0,0.35077466047809797,0.0
2643,1651675080000.0,0.0,0.0,1.74,217.33281609195404,0.0,0.0,211.35,1.0,1.0,1078.0684656200015,1000.0,1067.6583656200014,1000.0,0.35077466047809797,0.0
2644,1651678680000.0,0.0,0.0,1.74,217.33281609195404,0.0,0.0,209.6,1.0,1.0,1078.0684656200015,1000.0,1064.6133656200013,1000.0,0.35077466047809797,0.0
2645,1651682280000.0,0.0,0.0,1.74,217.33281609195404,0.0,0.0,213.55,1.0,1.0,1078.0684656200015,1000.0,1071.4863656200014,1000.0,0.35077466047809797,0.0
2646,1651685880000.0,0.0,0.0,1.74,217.33281609195404,0.0,0.0,212.4,1.0,1.0,1078.0684656200015,1000.0,1069.4853656200014,1000.0,0.35077466047809797,0.0
2647,1651689480000.0,0.0,0.0,1.74,217.33281609195404,0.0,0.0,213.0,1.0,1.0,1078.0684656200015,1000.0,1070.5293656200015,1000.0,0.35077466047809797,0.0
2648,1651693080000.0,0.0,0.0,1.74,217.33281609195404,0.0,0.0,221.7,1.0,1.0,1078.0684656200015,1000.0,1085.6673656200014,1000.0,0.35077466047809797,0.0
2649,1651696680000.0,0.0,0.0,1.74,217.33281609195404,0.0,0.0,221.35,1.0,1.0,1078.0684656200015,1000.0,1085.0583656200015,1000.0,0.35077466047809797,0.0
2650,1651700280000.0,0.0,0.0,1.74,217.33281609195404,0.0,0.0,220.95,1.0,1.0,1078.0684656200015,1000.0,1084.3623656200014,1000.0,0.35077466047809797,0.0
2651,1651703880000.0,0.0,0.0,1.74,217.33281609195404,0.0,0.0,220.8,1.0,1.0,1078.0684656200015,1000.0,1084.1013656200014,1000.0,0.35077466047809797,0.0
2652,1651707480000.0,0.0,0.0,0.52,217.33281609195404,0.0,0.0,224.35,1.0,1.0,1085.9770081478175,1000.0,1089.6259437800013,1000.0,0.1040657983731764,0.0
2653,1651711080000.0,0.0,0.0,0.35,217.33281609195404,0.0,0.0,223.4,1.0,1.0,1087.0790181721854,1000.0,1089.2025325400016,1000.0,0.06997328102246154,0.0
2654,1651714680000.0,0.0,0.0,0.35,217.33281609195404,0.0,0.0,221.8,1.0,1.0,1087.0790181721854,1000.0,1088.6425325400016,1000.0,0.06997328102246154,0.0
2655,1651718280000.0,0.0,0.0,0.35,217.33281609195404,0.0,0.0,223.75,1.0,1.0,1087.0790181721854,1000.0,1089.3250325400015,1000.0,0.06997328102246154,0.0
2656,1651721880000.0,0.0,0.0,0.16,217.33281609195404,0.0,0.0,221.85,1.0,1.0,1088.3106764347142,1000.0,1089.0334258600014,1000.0,0.03195158453156885,0.0
2657,1651725480000.0,0.0,0.0,0.16,217.33281609195404,0.0,0.0,222.5,1.0,1.0,1088.3106764347142,1000.0,1089.1374258600015,1000.0,0.03195158453156885,0.0
2658,1651729080000.0,0.0,0.0,0.08,217.33281609195404,0.0,0.0,228.05,1.0,1.0,1088.8292693873577,1000.0,1089.6866441000013,1000.0,0.015968183236972595,0.0
2659,1651732680000.0,0.0,0.0,0.01,217.33281609195404,0.0,0.0,228.4,1.0,1.0,1089.651864440921,1000.0,1089.7625362800013,1000.0,0.00199451607604474,0.0
2660,1651736280000.0,0.0,0.0,0.01,217.33281609195404,0.0,0.0,226.5,1.0,1.0,1089.651864440921,1000.0,1089.7435362800013,1000.0,0.00199451607604474,0.0
2661,1651739880000.0,0.0,0.0,0.0,217.33281609195404,0.0,0.0,225.8,1.0,1.0,1089.7166885600013,1000.0,1089.7166885600013,1000.0,0.0,0.0
2662,1651743480000.0,0.0,0.0,0.0,217.33281609195404,0.0,0.0,221.8,1.0,1.0,1089.7166885600013,1000.0,1089.7166885600013,1000.0,0.0,0.0
2663,1651747080000.0,0.0,0.0,0.0,217.33281609195404,0.0,0.0,221.75,1.0,1.0,1089.7166885600013,1000.0,1089.7166885600013,1000.0,0.0,0.0
2664,1651750680000.0,0.0,0.0,0.0,217.33281609195404,0.0,0.0,223.4,1.0,1.0,1089.7166885600013,1000.0,1089.7166885600013,1000.0,0.0,0.0
2665,1651754280000.0,0.0,0.0,0.0,217.33281609195404,0.0,0.0,222.15,1.0,1.0,1089.7166885600013,1000.0,1089.7166885600013,1000.0,0.0,0.0
2666,1651757880000.0,0.0,0.0,0.0,217.33281609195404,0.0,0.0,223.4,1.0,1.0,1089.7166885600013,1000.0,1089.7166885600013,1000.0,0.0,0.0
2667,1651761480000.0,0.0,0.0,0.0,217.33281609195404,0.0,0.0,217.7,1.0,1.0,1089.7166885600013,1000.0,1089.7166885600013,1000.0,0.0,0.0
2668,1651765080000.0,0.0,0.0,0.41,209.13731707317075,0.0,0.0,205.65,1.0,1.0,1089.6995393000013,1000.0,1088.2697393000012,1000.0,0.07868802078697905,0.0
2669,1651768680000.0,0.0,0.0,0.41,209.13731707317075,0.0,0.0,200.65,1.0,1.0,1089.6995393000013,1000.0,1086.2197393000013,1000.0,0.07868802078697905,0.0
2670,1651772280000.0,0.0,0.0,0.41,209.13731707317075,0.0,0.0,201.25,1.0,1.0,1089.6995393000013,1000.0,1086.4657393000014,1000.0,0.07868802078697905,0.0
2671,1651775880000.0,0.0,0.0,0.63,205.05603174603175,0.0,0.0,199.2,1.0,1.0,1089.6908515000014,1000.0,1086.0015515000014,1000.0,0.11855224793543186,0.0
2672,1651779480000.0,0.0,0.0,0.63,205.05603174603175,0.0,0.0,200.35,1.0,1.0,1089.6908515000014,1000.0,1086.7260515000014,1000.0,0.11855224793543186,0.0
2673,1651783080000.0,0.0,0.0,0.63,205.05603174603175,0.0,0.0,204.1,1.0,1.0,1089.6908515000014,1000.0,1089.0885515000014,1000.0,0.11855224793543186,0.0
2674,1651786680000.0,0.0,0.0,0.63,205.05603174603175,0.0,0.0,209.0,1.0,1.0,1089.6908515000014,1000.0,1092.1755515000013,1000.0,0.11855224793543186,0.0
2675,1651790280000.0,0.0,0.0,0.63,205.05603174603175,0.0,0.0,208.1,1.0,1.0,1089.6908515000014,1000.0,1091.6085515000013,1000.0,0.11855224793543186,0.0
2676,1651793880000.0,0.0,0.0,0.63,205.05603174603175,0.0,0.0,207.7,1.0,1.0,1089.6908515000014,1000.0,1091.3565515000014,1000.0,0.11855224793543186,0.0
2677,1651797480000.0,0.0,0.0,0.63,205.05603174603175,0.0,0.0,205.95,1.0,1.0,1089.6908515000014,1000.0,1090.2540515000014,1000.0,0.11855224793543186,0.0
2678,1651801080000.0,0.0,0.0,0.63,205.05603174603175,0.0,0.0,205.65,1.0,1.0,1089.6908515000014,1000.0,1090.0650515000013,1000.0,0.11855224793543186,0.0
2679,1651804680000.0,0.0,0.0,0.28,205.05603174603175,0.0,0.0,211.45,1.0,1.0,1091.82995568889,1000.0,1093.6202668000012,1000.0,0.05258665838002445,0.0
2680,1651808280000.0,0.0,0.0,0.28,205.05603174603175,0.0,0.0,206.75,1.0,1.0,1091.82995568889,1000.0,1092.3042668000012,1000.0,0.05258665838002445,0.0
2681,1651811880000.0,0.0,0.0,0.28,205.05603174603175,0.0,0.0,205.8,1.0,1.0,1091.82995568889,1000.0,1092.038266800001,1000.0,0.05258665838002445,0.0
2682,1651815480000.0,0.0,0.0,0.28,205.05603174603175,0.0,0.0,208.75,1.0,1.0,1091.82995568889,1000.0,1092.8642668000011,1000.0,0.05258665838002445,0.0
2683,1651819080000.0,0.0,0.0,0.28,205.05603174603175,0.0,0.0,207.6,1.0,1.0,1091.82995568889,1000.0,1092.5422668000012,1000.0,0.05258665838002445,0.0
2684,1651822680000.0,0.0,0.0,0.28,205.05603174603175,0.0,0.0,202.4,1.0,1.0,1091.82995568889,1000.0,1091.086266800001,1000.0,0.05258665838002445,0.0
2685,1651826280000.0,0.0,0.0,0.28,205.05603174603175,0.0,0.0,205.6,1.0,1.0,1091.82995568889,1000.0,1091.9822668000013,1000.0,0.05258665838002445,0.0
2686,1651829880000.0,0.0,0.0,0.28,205.05603174603175,0.0,0.0,207.65,1.0,1.0,1091.82995568889,1000.0,1092.5562668000011,1000.0,0.05258665838002445,0.0
2687,1651833480000.0,0.0,0.0,0.28,205.05603174603175,0.0,0.0,206.5,1.0,1.0,1091.82995568889,1000.0,1092.2342668000013,1000.0,0.05258665838002445,0.0
2688,1651837080000.0,0.0,0.0,0.28,205.05603174603175,0.0,0.0,204.85,1.0,1.0,1091.82995568889,1000.0,1091.7722668000013,1000.0,0.05258665838002445,0.0
2689,1651840680000.0,0.0,0.0,0.28,205.05603174603175,0.0,0.0,208.55,1.0,1.0,1091.82995568889,1000.0,1092.8082668000013,1000.0,0.05258665838002445,0.0
2690,1651844280000.0,0.0,0.0,0.28,205.05603174603175,0.0,0.0,201.2,1.0,1.0,1091.82995568889,1000.0,1090.750266800001,1000.0,0.05258665838002445,0.0
2691,1651847880000.0,0.0,0.0,0.28,205.05603174603175,0.0,0.0,204.75,1.0,1.0,1091.82995568889,1000.0,1091.7442668000012,1000.0,0.05258665838002445,0.0
2692,1651851480000.0,0.0,0.0,0.19,205.05603174603175,0.0,0.0,213.25,1.0,1.0,1092.3800110517473,1000.0,1093.9368650200013,1000.0,0.03566583573259875,0.0
2693,1651855080000.0,0.0,0.0,0.01,205.05603174603175,0.0,0.0,211.0,1.0,1.0,1093.4801217774616,1000.0,1093.5395614600013,1000.0,0.0018752607172475286,0.0
2694,1651858680000.0,0.0,0.0,0.0,205.05603174603175,0.0,0.0,208.2,1.0,1.0,1093.5412390400013,1000.0,1093.5412390400013,1000.0,0.0,0.0
2695,1651862280000.0,0.0,0.0,0.0,205.05603174603175,0.0,0.0,210.6,1.0,1.0,1093.5412390400013,1000.0,1093.5412390400013,1000.0,0.0,0.0
2696,1651865880000.0,0.0,0.0,0.0,205.05603174603175,0.0,0.0,211.0,1.0,1.0,1093.5412390400013,1000.0,1093.5412390400013,1000.0,0.0,0.0
2697,1651869480000.0,0.0,0.0,0.0,205.05603174603175,0.0,0.0,212.6,1.0,1.0,1093.5412390400013,1000.0,1093.5412390400013,1000.0,0.0,0.0
2698,1651873080000.0,0.0,0.0,0.0,205.05603174603175,0.0,0.0,213.45,1.0,1.0,1093.5412390400013,1000.0,1093.5412390400013,1000.0,0.0,0.0
2699,1651876680000.0,0.0,0.0,0.0,205.05603174603175,0.0,0.0,213.95,1.0,1.0,1093.5412390400013,1000.0,1093.5412390400013,1000.0,0.0,0.0
2700,1651880280000.0,0.0,0.0,0.0,205.05603174603175,0.0,0.0,215.0,1.0,1.0,1093.5412390400013,1000.0,1093.5412390400013,1000.0,0.0,0.0
2701,1651883880000.0,0.0,0.0,0.0,205.05603174603175,0.0,0.0,219.55,1.0,1.0,1093.5412390400013,1000.0,1093.5412390400013,1000.0,0.0,0.0
2702,1651887480000.0,0.0,0.0,0.0,205.05603174603175,0.0,0.0,220.9,1.0,1.0,1093.5412390400013,1000.0,1093.5412390400013,1000.0,0.0,0.0
2703,1651891080000.0,0.0,0.0,0.0,205.05603174603175,0.0,0.0,218.95,1.0,1.0,1093.5412390400013,1000.0,1093.5412390400013,1000.0,0.0,0.0
2704,1651894680000.0,0.0,0.0,0.0,205.05603174603175,0.0,0.0,218.35,1.0,1.0,1093.5412390400013,1000.0,1093.5412390400013,1000.0,0.0,0.0
2705,1651898280000.0,0.0,0.0,0.0,205.05603174603175,0.0,0.0,216.85,1.0,1.0,1093.5412390400013,1000.0,1093.5412390400013,1000.0,0.0,0.0
2706,1651901880000.0,0.0,0.0,0.0,205.05603174603175,0.0,0.0,214.8,1.0,1.0,1093.5412390400013,1000.0,1093.5412390400013,1000.0,0.0,0.0
2707,1651905480000.0,0.0,0.0,0.0,205.05603174603175,0.0,0.0,216.0,1.0,1.0,1093.5412390400013,1000.0,1093.5412390400013,1000.0,0.0,0.0
2708,1651909080000.0,0.0,0.0,0.0,205.05603174603175,0.0,0.0,214.3,1.0,1.0,1093.5412390400013,1000.0,1093.5412390400013,1000.0,0.0,0.0
2709,1651912680000.0,0.0,0.0,0.0,205.05603174603175,0.0,0.0,217.2,1.0,1.0,1093.5412390400013,1000.0,1093.5412390400013,1000.0,0.0,0.0
2710,1651916280000.0,0.0,0.0,0.0,205.05603174603175,0.0,0.0,215.6,1.0,1.0,1093.5412390400013,1000.0,1093.5412390400013,1000.0,0.0,0.0
2711,1651919880000.0,0.0,0.0,0.0,205.05603174603175,0.0,0.0,216.6,1.0,1.0,1093.5412390400013,1000.0,1093.5412390400013,1000.0,0.0,0.0
2712,1651923480000.0,0.0,0.0,0.0,205.05603174603175,0.0,0.0,217.35,1.0,1.0,1093.5412390400013,1000.0,1093.5412390400013,1000.0,0.0,0.0
2713,1651927080000.0,0.0,0.0,0.0,205.05603174603175,0.0,0.0,218.5,1.0,1.0,1093.5412390400013,1000.0,1093.5412390400013,1000.0,0.0,0.0
2714,1651930680000.0,0.0,0.0,0.0,205.05603174603175,0.0,0.0,215.4,1.0,1.0,1093.5412390400013,1000.0,1093.5412390400013,1000.0,0.0,0.0
2715,1651934280000.0,0.0,0.0,0.0,205.05603174603175,0.0,0.0,215.65,1.0,1.0,1093.5412390400013,1000.0,1093.5412390400013,1000.0,0.0,0.0
2716,1651937880000.0,0.0,0.0,0.0,205.05603174603175,0.0,0.0,214.0,1.0,1.0,1093.5412390400013,1000.0,1093.5412390400013,1000.0,0.0,0.0
2717,1651941480000.0,0.0,0.0,0.0,205.05603174603175,0.0,0.0,210.55,1.0,1.0,1093.5412390400013,1000.0,1093.5412390400013,1000.0,0.0,0.0
2718,1651945080000.0,0.0,0.0,0.0,205.05603174603175,0.0,0.0,210.1,1.0,1.0,1093.5412390400013,1000.0,1093.5412390400013,1000.0,0.0,0.0
2719,1651948680000.0,0.0,0.0,0.0,205.05603174603175,0.0,0.0,209.25,1.0,1.0,1093.5412390400013,1000.0,1093.5412390400013,1000.0,0.0,0.0
2720,1651952280000.0,0.0,0.0,0.0,205.05603174603175,0.0,0.0,208.8,1.0,1.0,1093.5412390400013,1000.0,1093.5412390400013,1000.0,0.0,0.0
2721,1651955880000.0,0.0,0.0,0.21,206.44,0.0,0.0,207.1,1.0,1.0,1093.5325685600012,1000.0,1093.6711685600012,1000.0,0.03964436107933011,0.0
2722,1651959480000.0,0.0,0.0,0.21,206.44,0.0,0.0,205.05,1.0,1.0,1093.5325685600012,1000.0,1093.2406685600013,1000.0,0.03964436107933011,0.0
2723,1651963080000.0,0.0,0.0,0.21,206.44,0.0,0.0,203.15,1.0,1.0,1093.5325685600012,1000.0,1092.8416685600012,1000.0,0.03964436107933011,0.0
2724,1651966680000.0,0.0,0.0,0.21,206.44,0.0,0.0,203.95,1.0,1.0,1093.5325685600012,1000.0,1093.0096685600013,1000.0,0.03964436107933011,0.0
2725,1651970280000.0,0.0,0.0,0.21,206.44,0.0,0.0,204.5,1.0,1.0,1093.5325685600012,1000.0,1093.1251685600012,1000.0,0.03964436107933011,0.0
2726,1651973880000.0,0.0,0.0,0.21,206.44,0.0,0.0,204.35,1.0,1.0,1093.5325685600012,1000.0,1093.093668560001,1000.0,0.03964436107933011,0.0
2727,1651977480000.0,0.0,0.0,0.21,206.44,0.0,0.0,201.95,1.0,1.0,1093.5325685600012,1000.0,1092.5896685600012,1000.0,0.03964436107933011,0.0
2728,1651981080000.0,0.0,0.0,0.21,206.44,0.0,0.0,201.55,1.0,1.0,1093.5325685600012,1000.0,1092.5056685600011,1000.0,0.03964436107933011,0.0
2729,1651984680000.0,0.0,0.0,0.21,206.44,0.0,0.0,203.7,1.0,1.0,1093.5325685600012,1000.0,1092.9571685600013,1000.0,0.03964436107933011,0.0
2730,1651988280000.0,0.0,0.0,0.21,206.44,0.0,0.0,203.4,1.0,1.0,1093.5325685600012,1000.0,1092.8941685600012,1000.0,0.03964436107933011,0.0
2731,1651991880000.0,0.0,0.0,0.21,206.44,0.0,0.0,202.2,1.0,1.0,1093.5325685600012,1000.0,1092.6421685600012,1000.0,0.03964436107933011,0.0
2732,1651995480000.0,0.0,0.0,0.21,206.44,0.0,0.0,200.85,1.0,1.0,1093.5325685600012,1000.0,1092.3586685600012,1000.0,0.03964436107933011,0.0
2733,1651999080000.0,0.0,0.0,0.21,206.44,0.0,0.0,201.05,1.0,1.0,1093.5325685600012,1000.0,1092.4006685600011,1000.0,0.03964436107933011,0.0
2734,1652002680000.0,0.0,0.0,0.21,206.44,0.0,0.0,202.9,1.0,1.0,1093.5325685600012,1000.0,1092.7891685600011,1000.0,0.03964436107933011,0.0
2735,1652006280000.0,0.0,0.0,0.21,206.44,0.0,0.0,205.05,1.0,1.0,1093.5325685600012,1000.0,1093.2406685600013,1000.0,0.03964436107933011,0.0
2736,1652009880000.0,0.0,0.0,0.14,206.44,0.0,0.0,209.85,1.0,1.0,1093.963591600001,1000.0,1094.440991600001,1000.0,0.026419160767251235,0.0
2737,1652013480000.0,0.0,0.0,0.14,206.44,0.0,0.0,208.25,1.0,1.0,1093.963591600001,1000.0,1094.2169916000012,1000.0,0.026419160767251235,0.0
2738,1652017080000.0,0.0,0.0,0.07,206.44,0.0,0.0,213.95,1.0,1.0,1094.394614640001,1000.0,1094.920314640001,1000.0,0.013204377842039696,0.0
2739,1652020680000.0,0.0,0.0,0.0,206.44,0.0,0.0,213.7,1.0,1.0,1094.825637680001,1000.0,1094.825637680001,1000.0,0.0,0.0
2740,1652024280000.0,0.0,0.0,0.0,206.44,0.0,0.0,215.95,1.0,1.0,1094.825637680001,1000.0,1094.825637680001,1000.0,0.0,0.0
2741,1652027880000.0,0.0,0.0,0.0,206.44,0.0,0.0,214.95,1.0,1.0,1094.825637680001,1000.0,1094.825637680001,1000.0,0.0,0.0
2742,1652031480000.0,0.0,0.0,0.0,206.44,0.0,0.0,214.45,1.0,1.0,1094.825637680001,1000.0,1094.825637680001,1000.0,0.0,0.0
2743,1652035080000.0,0.0,0.0,0.0,206.44,0.0,0.0,214.6,1.0,1.0,1094.825637680001,1000.0,1094.825637680001,1000.0,0.0,0.0
2744,1652038680000.0,0.0,0.0,0.0,206.44,0.0,0.0,219.8,1.0,1.0,1094.825637680001,1000.0,1094.825637680001,1000.0,0.0,0.0
2745,1652042280000.0,0.0,0.0,0.0,206.44,0.0,0.0,219.5,1.0,1.0,1094.825637680001,1000.0,1094.825637680001,1000.0,0.0,0.0
2746,1652045880000.0,0.0,0.0,0.0,206.44,0.0,0.0,221.35,1.0,1.0,1094.825637680001,1000.0,1094.825637680001,1000.0,0.0,0.0
2747,1652049480000.0,0.0,0.0,0.0,206.44,0.0,0.0,219.15,1.0,1.0,1094.825637680001,1000.0,1094.825637680001,1000.0,0.0,0.0
2748,1652053080000.0,0.0,0.0,0.0,206.44,0.0,0.0,217.85,1.0,1.0,1094.825637680001,1000.0,1094.825637680001,1000.0,0.0,0.0
2749,1652056680000.0,0.0,0.0,0.0,206.44,0.0,0.0,216.9,1.0,1.0,1094.825637680001,1000.0,1094.825637680001,1000.0,0.0,0.0
2750,1652060280000.0,0.0,0.0,0.0,206.44,0.0,0.0,219.15,1.0,1.0,1094.825637680001,1000.0,1094.825637680001,1000.0,0.0,0.0
2751,1652063880000.0,0.0,0.0,0.0,206.44,0.0,0.0,213.4,1.0,1.0,1094.825637680001,1000.0,1094.825637680001,1000.0,0.0,0.0
2752,1652067480000.0,0.0,0.0,0.0,206.44,0.0,0.0,216.8,1.0,1.0,1094.825637680001,1000.0,1094.825637680001,1000.0,0.0,0.0
2753,1652071080000.0,0.0,0.0,0.0,206.44,0.0,0.0,217.9,1.0,1.0,1094.825637680001,1000.0,1094.825637680001,1000.0,0.0,0.0
2754,1652074680000.0,0.0,0.0,0.0,206.44,0.0,0.0,213.9,1.0,1.0,1094.825637680001,1000.0,1094.825637680001,1000.0,0.0,0.0
2755,1652078280000.0,0.0,0.0,0.21,207.12,0.0,0.0,206.8,1.0,1.0,1094.816938640001,1000.0,1094.749738640001,1000.0,0.039728285583551924,0.0
2756,1652081880000.0,0.0,0.0,0.21,207.12,0.0,0.0,209.65,1.0,1.0,1094.816938640001,1000.0,1095.348238640001,1000.0,0.039728285583551924,0.0
2757,1652085480000.0,0.0,0.0,0.14,207.12,0.0,0.0,211.45,1.0,1.0,1095.2493518800009,1000.0,1095.8555518800008,1000.0,0.02647506702489881,0.0
2758,1652089080000.0,0.0,0.0,0.14,207.12,0.0,0.0,209.35,1.0,1.0,1095.2493518800009,1000.0,1095.561551880001,1000.0,0.02647506702489881,0.0
2759,1652092680000.0,0.0,0.0,0.21,206.75333333333336,0.0,0.0,207.7,1.0,1.0,1095.2464676000009,1000.0,1095.4452676000008,1000.0,0.039642401308211235,0.0
2760,1652096280000.0,0.0,0.0,0.21,206.75333333333336,0.0,0.0,203.3,1.0,1.0,1095.2464676000009,1000.0,1094.5212676000008,1000.0,0.039642401308211235,0.0
2761,1652099880000.0,0.0,0.0,0.21,206.75333333333336,0.0,0.0,201.4,1.0,1.0,1095.2464676000009,1000.0,1094.122267600001,1000.0,0.039642401308211235,0.0
2762,1652103480000.0,0.0,0.0,0.43,202.3618604651163,0.0,0.0,203.95,1.0,1.0,1095.2377481200008,1000.0,1095.9206481200008,1000.0,0.07944905126705518,0.0
2763,1652107080000.0,0.0,0.0,0.43,202.3618604651163,0.0,0.0,199.9,1.0,1.0,1095.2377481200008,1000.0,1094.1791481200007,1000.0,0.07944905126705518,0.0
2764,1652110680000.0,0.0,0.0,0.43,202.3618604651163,0.0,0.0,197.9,1.0,1.0,1095.2377481200008,1000.0,1093.3191481200008,1000.0,0.07944905126705518,0.0
2765,1652114280000.0,0.0,0.0,0.43,202.3618604651163,0.0,0.0,192.85,1.0,1.0,1095.2377481200008,1000.0,1091.1476481200007,1000.0,0.07944905126705518,0.0
2766,1652117880000.0,0.0,0.0,0.66,198.40242424242425,0.0,0.0,189.8,1.0,1.0,1095.2289621200007,1000.0,1089.5513621200007,1000.0,0.11956002309008765,0.0
2767,1652121480000.0,0.0,0.0,0.98,193.80734693877554,0.0,0.0,182.05,1.0,1.0,1095.2171650000007,1000.0,1083.6949650000006,1000.0,0.17341875754841726,0.0
2768,1652125080000.0,0.0,0.0,0.98,193.80734693877554,0.0,0.0,182.55,1.0,1.0,1095.2171650000007,1000.0,1084.1849650000006,1000.0,0.17341875754841726,0.0
2769,1652128680000.0,0.0,0.0,0.98,193.80734693877554,0.0,0.0,185.35,1.0,1.0,1095.2171650000007,1000.0,1086.9289650000007,1000.0,0.17341875754841726,0.0
2770,1652132280000.0,0.0,0.0,0.98,193.80734693877554,0.0,0.0,185.5,1.0,1.0,1095.2171650000007,1000.0,1087.0759650000007,1000.0,0.17341875754841726,0.0
2771,1652135880000.0,0.0,0.0,0.98,193.80734693877554,0.0,0.0,183.95,1.0,1.0,1095.2171650000007,1000.0,1085.5569650000007,1000.0,0.17341875754841726,0.0
2772,1652139480000.0,0.0,0.0,0.98,193.80734693877554,0.0,0.0,178.7,1.0,1.0,1095.2171650000007,1000.0,1080.4119650000007,1000.0,0.17341875754841726,0.0
2773,1652143080000.0,0.0,0.0,1.45,188.1066206896552,0.0,0.0,173.7,1.0,1.0,1095.2006003200006,1000.0,1074.3110003200006,1000.0,0.2490453346357785,0.0
2774,1652146680000.0,0.0,0.0,1.45,188.1066206896552,0.0,0.0,178.1,1.0,1.0,1095.2006003200006,1000.0,1080.6910003200005,1000.0,0.2490453346357785,0.0
2775,1652150280000.0,0.0,0.0,1.45,188.1066206896552,0.0,0.0,178.4,1.0,1.0,1095.2006003200006,1000.0,1081.1260003200007,1000.0,0.2490453346357785,0.0
2776,1652153880000.0,0.0,0.0,1.45,188.1066206896552,0.0,0.0,178.7,1.0,1.0,1095.2006003200006,1000.0,1081.5610003200006,1000.0,0.2490453346357785,0.0
2777,1652157480000.0,0.0,0.0,1.45,188.1066206896552,0.0,0.0,180.55,1.0,1.0,1095.2006003200006,1000.0,1084.2435003200005,1000.0,0.2490453346357785,0.0
2778,1652161080000.0,0.0,0.0,1.45,188.1066206896552,0.0,0.0,184.1,1.0,1.0,1095.2006003200006,1000.0,1089.3910003200006,1000.0,0.2490453346357785,0.0
2779,1652164680000.0,0.0,0.0,1.45,188.1066206896552,0.0,0.0,188.95,1.0,1.0,1095.2006003200006,1000.0,1096.4235003200006,1000.0,0.2490453346357785,0.0
2780,1652168280000.0,0.0,0.0,1.45,188.1066206896552,0.0,0.0,182.05,1.0,1.0,1095.2006003200006,1000.0,1086.4185003200007,1000.0,0.2490453346357785,0.0
2781,1652171880000.0,0.0,0.0,1.45,188.1066206896552,0.0,0.0,184.25,1.0,1.0,1095.2006003200006,1000.0,1089.6085003200005,1000.0,0.2490453346357785,0.0
2782,1652175480000.0,0.0,0.0,1.45,188.1066206896552,0.0,0.0,183.05,1.0,1.0,1095.2006003200006,1000.0,1087.8685003200005,1000.0,0.2490453346357785,0.0
2783,1652179080000.0,0.0,0.0,1.45,188.1066206896552,0.0,0.0,181.25,1.0,1.0,1095.2006003200006,1000.0,1085.2585003200006,1000.0,0.2490453346357785,0.0
2784,1652182680000.0,0.0,0.0,1.45,188.1066206896552,0.0,0.0,183.65,1.0,1.0,1095.2006003200006,1000.0,1088.7385003200006,1000.0,0.2490453346357785,0.0
2785,1652186280000.0,0.0,0.0,1.45,188.1066206896552,0.0,0.0,186.55,1.0,1.0,1095.2006003200006,1000.0,1092.9435003200006,1000.0,0.2490453346357785,0.0
2786,1652189880000.0,0.0,0.0,1.45,188.1066206896552,0.0,0.0,182.7,1.0,1.0,1095.2006003200006,1000.0,1087.3610003200006,1000.0,0.2490453346357785,0.0
2787,1652193480000.0,0.0,0.0,1.45,188.1066206896552,0.0,0.0,174.05,1.0,1.0,1095.2006003200006,1000.0,1074.8185003200006,1000.0,0.2490453346357785,0.0
2788,1652197080000.0,0.0,0.0,1.45,188.1066206896552,0.0,0.0,174.85,1.0,1.0,1095.2006003200006,1000.0,1075.9785003200006,1000.0,0.2490453346357785,0.0
2789,1652200680000.0,0.0,0.0,1.45,188.1066206896552,0.0,0.0,173.0,1.0,1.0,1095.2006003200006,1000.0,1073.2960003200005,1000.0,0.2490453346357785,0.0
2790,1652204280000.0,0.0,0.0,1.45,188.1066206896552,0.0,0.0,177.25,1.0,1.0,1095.2006003200006,1000.0,1079.4585003200007,1000.0,0.2490453346357785,0.0
2791,1652207880000.0,0.0,0.0,1.45,188.1066206896552,0.0,0.0,175.0,1.0,1.0,1095.2006003200006,1000.0,1076.1960003200006,1000.0,0.2490453346357785,0.0
2792,1652211480000.0,0.0,0.0,1.45,188.1066206896552,0.0,0.0,170.25,1.0,1.0,1095.2006003200006,1000.0,1069.3085003200006,1000.0,0.2490453346357785,0.0
2793,1652215080000.0,0.0,0.0,2.14,180.917523364486,0.0,0.0,162.35,1.0,1.0,1095.1777185400006,1000.0,1055.4432185400005,1000.0,0.3535165968461576,0.0
2794,1652218680000.0,0.0,0.0,2.14,180.917523364486,0.0,0.0,153.65,1.0,1.0,1095.1777185400006,1000.0,1036.8252185400006,1000.0,0.3535165968461576,0.0
2795,1652222280000.0,0.0,0.0,3.16,171.7512341772152,0.0,0.0,154.95,1.0,1.0,1095.1466044600006,1000.0,1042.0547044600005,1000.0,0.49558104621765553,0.0
2796,1652225880000.0,0.0,0.0,3.16,171.7512341772152,0.0,0.0,161.5,1.0,1.0,1095.1466044600006,1000.0,1062.7527044600006,1000.0,0.49558104621765553,0.0
2797,1652229480000.0,0.0,0.0,3.16,171.7512341772152,0.0,0.0,165.8,1.0,1.0,1095.1466044600006,1000.0,1076.3407044600006,1000.0,0.49558104621765553,0.0
2798,1652233080000.0,0.0,0.0,3.16,171.7512341772152,0.0,0.0,160.25,1.0,1.0,1095.1466044600006,1000.0,1058.8027044600005,1000.0,0.49558104621765553,0.0
2799,1652236680000.0,0.0,0.0,3.16,171.7512341772152,0.0,0.0,163.7,1.0,1.0,1095.1466044600006,1000.0,1069.7047044600006,1000.0,0.49558104621765553,0.0
2800,1652240280000.0,0.0,0.0,3.16,171.7512341772152,0.0,0.0,163.9,1.0,1.0,1095.1466044600006,1000.0,1070.3367044600006,1000.0,0.49558104621765553,0.0
2801,1652243880000.0,0.0,0.0,3.16,171.7512341772152,0.0,0.0,161.25,1.0,1.0,1095.1466044600006,1000.0,1061.9627044600006,1000.0,0.49558104621765553,0.0
2802,1652247480000.0,0.0,0.0,3.16,171.7512341772152,0.0,0.0,159.2,1.0,1.0,1095.1466044600006,1000.0,1055.4847044600006,1000.0,0.49558104621765553,0.0
2803,1652251080000.0,0.0,0.0,3.16,171.7512341772152,0.0,0.0,158.25,1.0,1.0,1095.1466044600006,1000.0,1052.4827044600006,1000.0,0.49558104621765553,0.0
2804,1652254680000.0,0.0,0.0,3.16,171.7512341772152,0.0,0.0,148.0,1.0,1.0,1095.1466044600006,1000.0,1020.0927044600006,1000.0,0.49558104621765553,0.0
2805,1652258280000.0,0.0,0.0,3.16,171.7512341772152,0.0,0.0,154.7,1.0,1.0,1095.1466044600006,1000.0,1041.2647044600005,1000.0,0.49558104621765553,0.0
2806,1652261880000.0,0.0,0.0,3.16,171.7512341772152,0.0,0.0,159.85,1.0,1.0,1095.1466044600006,1000.0,1057.5387044600006,1000.0,0.49558104621765553,0.0
2807,1652265480000.0,0.0,0.0,3.16,171.7512341772152,0.0,0.0,166.75,1.0,1.0,1095.1466044600006,1000.0,1079.3427044600005,1000.0,0.49558104621765553,0.0
2808,1652269080000.0,0.0,0.0,3.16,171.7512341772152,0.0,0.0,164.3,1.0,1.0,1095.1466044600006,1000.0,1071.6007044600005,1000.0,0.49558104621765553,0.0
2809,1652272680000.0,0.0,0.0,3.16,171.7512341772152,0.0,0.0,156.05,1.0,1.0,1095.1466044600006,1000.0,1045.5307044600006,1000.0,0.49558104621765553,0.0
2810,1652276280000.0,0.0,0.0,3.16,171.7512341772152,0.0,0.0,157.85,1.0,1.0,1095.1466044600006,1000.0,1051.2187044600005,1000.0,0.49558104621765553,0.0
2811,1652279880000.0,0.0,0.0,3.16,171.7512341772152,0.0,0.0,171.1,1.0,1.0,1095.1466044600006,1000.0,1093.0887044600006,1000.0,0.49558104621765553,0.0
2812,1652283480000.0,0.0,0.0,3.16,171.7512341772152,0.0,0.0,169.0,1.0,1.0,1095.1466044600006,1000.0,1086.4527044600006,1000.0,0.49558104621765553,0.0
2813,1652287080000.0,0.0,0.0,3.16,171.7512341772152,0.0,0.0,161.9,1.0,1.0,1095.1466044600006,1000.0,1064.0167044600007,1000.0,0.49558104621765553,0.0
2814,1652290680000.0,0.0,0.0,3.16,171.7512341772152,0.0,0.0,156.3,1.0,1.0,1095.1466044600006,1000.0,1046.3207044600006,1000.0,0.49558104621765553,0.0
2815,1652294280000.0,0.0,0.0,3.16,171.7512341772152,0.0,0.0,159.45,1.0,1.0,1095.1466044600006,1000.0,1056.2747044600005,1000.0,0.49558104621765553,0.0
2816,1652297880000.0,0.0,0.0,3.16,171.7512341772152,0.0,0.0,152.2,1.0,1.0,1095.1466044600006,1000.0,1033.3647044600007,1000.0,0.49558104621765553,0.0
2817,1652301480000.0,0.0,0.0,3.16,171.7512341772152,0.0,0.0,145.75,1.0,1.0,1095.1466044600006,1000.0,1012.9827044600006,1000.0,0.49558104621765553,0.0
2818,1652305080000.0,0.0,0.0,3.16,171.7512341772152,0.0,0.0,144.55,1.0,1.0,1095.1466044600006,1000.0,1009.1907044600007,1000.0,0.49558104621765553,0.0
2819,1652308680000.0,0.0,0.0,3.16,171.7512341772152,0.0,0.0,142.65,1.0,1.0,1095.1466044600006,1000.0,1003.1867044600006,1000.0,0.49558104621765553,0.0
2820,1652312280000.0,0.0,0.0,3.16,171.7512341772152,0.0,0.0,138.45,1.0,1.0,1095.1466044600006,1000.0,989.9147044600006,1000.0,0.49558104621765553,0.0
2821,1652315880000.0,0.0,0.0,3.16,171.7512341772152,0.0,0.0,153.25,1.0,1.0,1095.1466044600006,1000.0,1036.6827044600007,1000.0,0.49558104621765553,0.0
2822,1652319480000.0,0.0,0.0,3.16,171.7512341772152,0.0,0.0,146.3,1.0,1.0,1095.1466044600006,1000.0,1014.7207044600007,1000.0,0.49558104621765553,0.0
2823,1652323080000.0,0.0,0.0,3.16,171.7512341772152,0.0,0.0,143.05,1.0,1.0,1095.1466044600006,1000.0,1004.4507044600007,1000.0,0.49558104621765553,0.0
2824,1652326680000.0,0.0,0.0,4.67,160.12997858672378,0.0,0.0,133.95,1.0,1.0,1095.1055898400007,1000.0,972.8450898400006,1000.0,0.6828629192818362,0.0
2825,1652330280000.0,0.0,0.0,4.67,160.12997858672378,0.0,0.0,130.45,1.0,1.0,1095.1055898400007,1000.0,956.5000898400006,1000.0,0.6828629192818362,0.0
2826,1652333880000.0,0.0,0.0,4.67,160.12997858672378,0.0,0.0,124.85,1.0,1.0,1095.1055898400007,1000.0,930.3480898400006,1000.0,0.6828629192818362,0.0
2827,1652337480000.0,0.0,0.0,4.67,160.12997858672378,0.0,0.0,128.95,1.0,1.0,1095.1055898400007,1000.0,949.4950898400006,1000.0,0.6828629192818362,0.0
2828,1652341080000.0,0.0,0.0,4.67,160.12997858672378,0.0,0.0,126.45,1.0,1.0,1095.1055898400007,1000.0,937.8200898400006,1000.0,0.6828629192818362,0.0
2829,1652344680000.0,0.0,0.0,4.67,160.12997858672378,0.0,0.0,129.3,1.0,1.0,1095.1055898400007,1000.0,951.1295898400007,1000.0,0.6828629192818362,0.0
2830,1652348280000.0,0.0,0.0,4.67,160.12997858672378,0.0,0.0,130.3,1.0,1.0,1095.1055898400007,1000.0,955.7995898400006,1000.0,0.6828629192818362,0.0
2831,1652351880000.0,0.0,0.0,4.67,160.12997858672378,0.0,0.0,132.3,1.0,1.0,1095.1055898400007,1000.0,965.1395898400007,1000.0,0.6828629192818362,0.0
2832,1652355480000.0,0.0,0.0,4.67,160.12997858672378,0.0,0.0,137.5,1.0,1.0,1095.1055898400007,1000.0,989.4235898400007,1000.0,0.6828629192818362,0.0
2833,1652359080000.0,0.0,0.0,4.67,160.12997858672378,0.0,0.0,137.2,1.0,1.0,1095.1055898400007,1000.0,988.0225898400006,1000.0,0.6828629192818362,0.0
2834,1652362680000.0,0.0,0.0,4.67,160.12997858672378,0.0,0.0,134.75,1.0,1.0,1095.1055898400007,1000.0,976.5810898400007,1000.0,0.6828629192818362,0.0
2835,1652366280000.0,0.0,0.0,4.67,160.12997858672378,0.0,0.0,137.05,1.0,1.0,1095.1055898400007,1000.0,987.3220898400007,1000.0,0.6828629192818362,0.0
2836,1652369880000.0,0.0,0.0,4.67,160.12997858672378,0.0,0.0,140.45,1.0,1.0,1095.1055898400007,1000.0,1003.2000898400006,1000.0,0.6828629192818362,0.0
2837,1652373480000.0,0.0,0.0,4.67,160.12997858672378,0.0,0.0,143.8,1.0,1.0,1095.1055898400007,1000.0,1018.8445898400007,1000.0,0.6828629192818362,0.0
2838,1652377080000.0,0.0,0.0,4.67,160.12997858672378,0.0,0.0,140.8,1.0,1.0,1095.1055898400007,1000.0,1004.8345898400007,1000.0,0.6828629192818362,0.0
2839,1652380680000.0,0.0,0.0,4.67,160.12997858672378,0.0,0.0,132.3,1.0,1.0,1095.1055898400007,1000.0,965.1395898400007,1000.0,0.6828629192818362,0.0
2840,1652384280000.0,0.0,0.0,4.67,160.12997858672378,0.0,0.0,134.15,1.0,1.0,1095.1055898400007,1000.0,973.7790898400007,1000.0,0.6828629192818362,0.0
2841,1652387880000.0,0.0,0.0,4.67,160.12997858672378,0.0,0.0,134.55,1.0,1.0,1095.1055898400007,1000.0,975.6470898400007,1000.0,0.6828629192818362,0.0
2842,1652391480000.0,0.0,0.0,4.67,160.12997858672378,0.0,0.0,130.8,1.0,1.0,1095.1055898400007,1000.0,958.1345898400007,1000.0,0.6828629192818362,0.0
2843,1652395080000.0,0.0,0.0,4.67,160.12997858672378,0.0,0.0,134.15,1.0,1.0,1095.1055898400007,1000.0,973.7790898400007,1000.0,0.6828629192818362,0.0
2844,1652398680000.0,0.0,0.0,4.67,160.12997858672378,0.0,0.0,137.2,1.0,1.0,1095.1055898400007,1000.0,988.0225898400006,1000.0,0.6828629192818362,0.0
2845,1652402280000.0,0.0,0.0,4.67,160.12997858672378,0.0,0.0,137.9,1.0,1.0,1095.1055898400007,1000.0,991.2915898400006,1000.0,0.6828629192818362,0.0
2846,1652405880000.0,0.0,0.0,4.67,160.12997858672378,0.0,0.0,138.65,1.0,1.0,1095.1055898400007,1000.0,994.7940898400007,1000.0,0.6828629192818362,0.0
2847,1652409480000.0,0.0,0.0,4.67,160.12997858672378,0.0,0.0,143.1,1.0,1.0,1095.1055898400007,1000.0,1015.5755898400006,1000.0,0.6828629192818362,0.0
2848,1652413080000.0,0.0,0.0,4.67,160.12997858672378,0.0,0.0,146.45,1.0,1.0,1095.1055898400007,1000.0,1031.2200898400006,1000.0,0.6828629192818362,0.0
2849,1652416680000.0,0.0,0.0,4.67,160.12997858672378,0.0,0.0,144.7,1.0,1.0,1095.1055898400007,1000.0,1023.0475898400006,1000.0,0.6828629192818362,0.0
2850,1652420280000.0,0.0,0.0,4.67,160.12997858672378,0.0,0.0,149.55,1.0,1.0,1095.1055898400007,1000.0,1045.6970898400007,1000.0,0.6828629192818362,0.0
2851,1652423880000.0,0.0,0.0,4.67,160.12997858672378,0.0,0.0,147.0,1.0,1.0,1095.1055898400007,1000.0,1033.7885898400007,1000.0,0.6828629192818362,0.0
2852,1652427480000.0,0.0,0.0,4.67,160.12997858672378,0.0,0.0,145.8,1.0,1.0,1095.1055898400007,1000.0,1028.1845898400006,1000.0,0.6828629192818362,0.0
2853,1652431080000.0,0.0,0.0,4.67,160.12997858672378,0.0,0.0,145.45,1.0,1.0,1095.1055898400007,1000.0,1026.5500898400005,1000.0,0.6828629192818362,0.0
2854,1652434680000.0,0.0,0.0,4.67,160.12997858672378,0.0,0.0,148.3,1.0,1.0,1095.1055898400007,1000.0,1039.8595898400006,1000.0,0.6828629192818362,0.0
2855,1652438280000.0,0.0,0.0,4.67,160.12997858672378,0.0,0.0,148.5,1.0,1.0,1095.1055898400007,1000.0,1040.7935898400005,1000.0,0.6828629192818362,0.0
2856,1652441880000.0,0.0,0.0,4.67,160.12997858672378,0.0,0.0,149.85,1.0,1.0,1095.1055898400007,1000.0,1047.0980898400005,1000.0,0.6828629192818362,0.0
2857,1652445480000.0,0.0,0.0,4.67,160.12997858672378,0.0,0.0,151.4,1.0,1.0,1095.1055898400007,1000.0,1054.3365898400007,1000.0,0.6828629192818362,0.0
2858,1652449080000.0,0.0,0.0,4.67,160.12997858672378,0.0,0.0,147.65,1.0,1.0,1095.1055898400007,1000.0,1036.8240898400006,1000.0,0.6828629192818362,0.0
2859,1652452680000.0,0.0,0.0,4.67,160.12997858672378,0.0,0.0,155.4,1.0,1.0,1095.1055898400007,1000.0,1073.0165898400007,1000.0,0.6828629192818362,0.0
2860,1652456280000.0,0.0,0.0,4.67,160.12997858672378,0.0,0.0,152.05,1.0,1.0,1095.1055898400007,1000.0,1057.3720898400006,1000.0,0.6828629192818362,0.0
2861,1652459880000.0,0.0,0.0,4.67,160.12997858672378,0.0,0.0,149.25,1.0,1.0,1095.1055898400007,1000.0,1044.2960898400006,1000.0,0.6828629192818362,0.0
2862,1652463480000.0,0.0,0.0,4.67,160.12997858672378,0.0,0.0,151.05,1.0,1.0,1095.1055898400007,1000.0,1052.7020898400008,1000.0,0.6828629192818362,0.0
2863,1652467080000.0,0.0,0.0,4.67,160.12997858672378,0.0,0.0,147.75,1.0,1.0,1095.1055898400007,1000.0,1037.2910898400007,1000.0,0.6828629192818362,0.0
2864,1652470680000.0,0.0,0.0,4.67,160.12997858672378,0.0,0.0,146.9,1.0,1.0,1095.1055898400007,1000.0,1033.3215898400006,1000.0,0.6828629192818362,0.0
2865,1652474280000.0,0.0,0.0,4.67,160.12997858672378,0.0,0.0,145.7,1.0,1.0,1095.1055898400007,1000.0,1027.7175898400005,1000.0,0.6828629192818362,0.0
2866,1652477880000.0,0.0,0.0,4.67,160.12997858672378,0.0,0.0,143.8,1.0,1.0,1095.1055898400007,1000.0,1018.8445898400007,1000.0,0.6828629192818362,0.0
2867,1652481480000.0,0.0,0.0,4.67,160.12997858672378,0.0,0.0,147.7,1.0,1.0,1095.1055898400007,1000.0,1037.0575898400007,1000.0,0.6828629192818362,0.0
2868,1652485080000.0,0.0,0.0,4.67,160.12997858672378,0.0,0.0,143.2,1.0,1.0,1095.1055898400007,1000.0,1016.0425898400006,1000.0,0.6828629192818362,0.0
2869,1652488680000.0,0.0,0.0,4.67,160.12997858672378,0.0,0.0,144.95,1.0,1.0,1095.1055898400007,1000.0,1024.2150898400005,1000.0,0.6828629192818362,0.0
2870,1652492280000.0,0.0,0.0,4.67,160.12997858672378,0.0,0.0,146.95,1.0,1.0,1095.1055898400007,1000.0,1033.5550898400006,1000.0,0.6828629192818362,0.0
2871,1652495880000.0,0.0,0.0,4.67,160.12997858672378,0.0,0.0,147.45,1.0,1.0,1095.1055898400007,1000.0,1035.8900898400007,1000.0,0.6828629192818362,0.0
2872,1652499480000.0,0.0,0.0,4.67,160.12997858672378,0.0,0.0,145.9,1.0,1.0,1095.1055898400007,1000.0,1028.6515898400007,1000.0,0.6828629192818362,0.0
2873,1652503080000.0,0.0,0.0,4.67,160.12997858672378,0.0,0.0,145.3,1.0,1.0,1095.1055898400007,1000.0,1025.8495898400006,1000.0,0.6828629192818362,0.0
2874,1652506680000.0,0.0,0.0,4.67,160.12997858672378,0.0,0.0,145.45,1.0,1.0,1095.1055898400007,1000.0,1026.5500898400005,1000.0,0.6828629192818362,0.0
2875,1652510280000.0,0.0,0.0,4.67,160.12997858672378,0.0,0.0,146.25,1.0,1.0,1095.1055898400007,1000.0,1030.2860898400006,1000.0,0.6828629192818362,0.0
2876,1652513880000.0,0.0,0.0,4.67,160.12997858672378,0.0,0.0,145.3,1.0,1.0,1095.1055898400007,1000.0,1025.8495898400006,1000.0,0.6828629192818362,0.0
2877,1652517480000.0,0.0,0.0,4.67,160.12997858672378,0.0,0.0,144.85,1.0,1.0,1095.1055898400007,1000.0,1023.7480898400006,1000.0,0.6828629192818362,0.0
2878,1652521080000.0,0.0,0.0,4.67,160.12997858672378,0.0,0.0,143.9,1.0,1.0,1095.1055898400007,1000.0,1019.3115898400007,1000.0,0.6828629192818362,0.0
2879,1652524680000.0,0.0,0.0,4.67,160.12997858672378,0.0,0.0,141.3,1.0,1.0,1095.1055898400007,1000.0,1007.1695898400006,1000.0,0.6828629192818362,0.0
2880,1652528280000.0,0.0,0.0,4.67,160.12997858672378,0.0,0.0,137.7,1.0,1.0,1095.1055898400007,1000.0,990.3575898400006,1000.0,0.6828629192818362,0.0
2881,1652531880000.0,0.0,0.0,4.67,160.12997858672378,0.0,0.0,140.85,1.0,1.0,1095.1055898400007,1000.0,1005.0680898400005,1000.0,0.6828629192818362,0.0
2882,1652535480000.0,0.0,0.0,4.67,160.12997858672378,0.0,0.0,140.2,1.0,1.0,1095.1055898400007,1000.0,1002.0325898400006,1000.0,0.6828629192818362,0.0
2883,1652539080000.0,0.0,0.0,4.67,160.12997858672378,0.0,0.0,141.4,1.0,1.0,1095.1055898400007,1000.0,1007.6365898400006,1000.0,0.6828629192818362,0.0
2884,1652542680000.0,0.0,0.0,4.67,160.12997858672378,0.0,0.0,141.55,1.0,1.0,1095.1055898400007,1000.0,1008.3370898400007,1000.0,0.6828629192818362,0.0
2885,1652546280000.0,0.0,0.0,4.67,160.12997858672378,0.0,0.0,145.35,1.0,1.0,1095.1055898400007,1000.0,1026.0830898400006,1000.0,0.6828629192818362,0.0
2886,1652549880000.0,0.0,0.0,4.67,160.12997858672378,0.0,0.0,147.2,1.0,1.0,1095.1055898400007,1000.0,1034.7225898400006,1000.0,0.6828629192818362,0.0
2887,1652553480000.0,0.0,0.0,4.67,160.12997858672378,0.0,0.0,149.3,1.0,1.0,1095.1055898400007,1000.0,1044.5295898400007,1000.0,0.6828629192818362,0.0
2888,1652557080000.0,0.0,0.0,4.67,160.12997858672378,0.0,0.0,148.05,1.0,1.0,1095.1055898400007,1000.0,1038.6920898400008,1000.0,0.6828629192818362,0.0
2889,1652560680000.0,0.0,0.0,4.67,160.12997858672378,0.0,0.0,146.15,1.0,1.0,1095.1055898400007,1000.0,1029.8190898400007,1000.0,0.6828629192818362,0.0
2890,1652564280000.0,0.0,0.0,4.67,160.12997858672378,0.0,0.0,148.45,1.0,1.0,1095.1055898400007,1000.0,1040.5600898400005,1000.0,0.6828629192818362,0.0
2891,1652567880000.0,0.0,0.0,4.67,160.12997858672378,0.0,0.0,150.3,1.0,1.0,1095.1055898400007,1000.0,1049.1995898400007,1000.0,0.6828629192818362,0.0
2892,1652571480000.0,0.0,0.0,4.67,160.12997858672378,0.0,0.0,153.95,1.0,1.0,1095.1055898400007,1000.0,1066.2450898400007,1000.0,0.6828629192818362,0.0
2893,1652575080000.0,0.0,0.0,4.67,160.12997858672378,0.0,0.0,155.3,1.0,1.0,1095.1055898400007,1000.0,1072.5495898400006,1000.0,0.6828629192818362,0.0
2894,1652578680000.0,0.0,0.0,4.67,160.12997858672378,0.0,0.0,153.25,1.0,1.0,1095.1055898400007,1000.0,1062.9760898400007,1000.0,0.6828629192818362,0.0
2895,1652582280000.0,0.0,0.0,4.67,160.12997858672378,0.0,0.0,152.7,1.0,1.0,1095.1055898400007,1000.0,1060.4075898400006,1000.0,0.6828629192818362,0.0
2896,1652585880000.0,0.0,0.0,4.67,160.12997858672378,0.0,0.0,153.05,1.0,1.0,1095.1055898400007,1000.0,1062.0420898400007,1000.0,0.6828629192818362,0.0
2897,1652589480000.0,0.0,0.0,4.67,160.12997858672378,0.0,0.0,153.05,1.0,1.0,1095.1055898400007,1000.0,1062.0420898400007,1000.0,0.6828629192818362,0.0
2898,1652593080000.0,0.0,0.0,4.67,160.12997858672378,0.0,0.0,153.8,1.0,1.0,1095.1055898400007,1000.0,1065.5445898400008,1000.0,0.6828629192818362,0.0
2899,1652596680000.0,0.0,0.0,4.67,160.12997858672378,0.0,0.0,156.35,1.0,1.0,1095.1055898400007,1000.0,1077.4530898400005,1000.0,0.6828629192818362,0.0
2900,1652600280000.0,0.0,0.0,4.67,160.12997858672378,0.0,0.0,158.45,1.0,1.0,1095.1055898400007,1000.0,1087.2600898400005,1000.0,0.6828629192818362,0.0
2901,1652603880000.0,0.0,0.0,4.67,160.12997858672378,0.0,0.0,158.8,1.0,1.0,1095.1055898400007,1000.0,1088.8945898400007,1000.0,0.6828629192818362,0.0
2902,1652607480000.0,0.0,0.0,4.67,160.12997858672378,0.0,0.0,157.85,1.0,1.0,1095.1055898400007,1000.0,1084.4580898400006,1000.0,0.6828629192818362,0.0
2903,1652611080000.0,0.0,0.0,4.67,160.12997858672378,0.0,0.0,160.2,1.0,1.0,1095.1055898400007,1000.0,1095.4325898400007,1000.0,0.6828629192818362,0.0
2904,1652614680000.0,0.0,0.0,4.67,160.12997858672378,0.0,0.0,163.2,1.0,1.0,1095.1055898400007,1000.0,1109.4425898400007,1000.0,0.6828629192818362,0.0
2905,1652618280000.0,0.0,0.0,2.08,160.12997858672378,0.0,0.0,163.9,1.0,1.0,1107.478106380386,1000.0,1115.3197509200004,1000.0,0.30074667259018995,0.0
2906,1652621880000.0,0.0,0.0,2.08,160.12997858672378,0.0,0.0,163.25,1.0,1.0,1107.478106380386,1000.0,1113.9677509200005,1000.0,0.30074667259018995,0.0
2907,1652625480000.0,0.0,0.0,2.08,160.12997858672378,0.0,0.0,160.7,1.0,1.0,1107.478106380386,1000.0,1108.6637509200004,1000.0,0.30074667259018995,0.0
2908,1652629080000.0,0.0,0.0,2.08,160.12997858672378,0.0,0.0,161.95,1.0,1.0,1107.478106380386,1000.0,1111.2637509200006,1000.0,0.30074667259018995,0.0
2909,1652632680000.0,0.0,0.0,2.08,160.12997858672378,0.0,0.0,158.95,1.0,1.0,1107.478106380386,1000.0,1105.0237509200006,1000.0,0.30074667259018995,0.0
2910,1652636280000.0,0.0,0.0,2.08,160.12997858672378,0.0,0.0,157.75,1.0,1.0,1107.478106380386,1000.0,1102.5277509200005,1000.0,0.30074667259018995,0.0
2911,1652639880000.0,0.0,0.0,0.93,160.12997858672378,0.0,0.0,164.8,1.0,1.0,1112.9716948056537,1000.0,1117.3148147200006,1000.0,0.1338047326636259,0.0
2912,1652643480000.0,0.0,0.0,0.03,160.12997858672378,0.0,0.0,164.95,1.0,1.0,1117.2710248776025,1000.0,1117.4156255200007,1000.0,0.004299672371909924,0.0
2913,1652647080000.0,0.0,0.0,0.0,160.12997858672378,0.0,0.0,168.8,1.0,1.0,1117.491920360001,1000.0,1117.491920360001,1000.0,0.0,0.0
2914,1652650680000.0,0.0,0.0,0.0,160.12997858672378,0.0,0.0,169.85,1.0,1.0,1117.491920360001,1000.0,1117.491920360001,1000.0,0.0,0.0
2915,1652654280000.0,0.0,0.0,0.0,160.12997858672378,0.0,0.0,171.85,1.0,1.0,1117.491920360001,1000.0,1117.491920360001,1000.0,0.0,0.0
2916,1652657880000.0,0.0,0.0,0.0,160.12997858672378,0.0,0.0,169.9,1.0,1.0,1117.491920360001,1000.0,1117.491920360001,1000.0,0.0,0.0
2917,1652661480000.0,0.0,0.0,0.0,160.12997858672378,0.0,0.0,168.6,1.0,1.0,1117.491920360001,1000.0,1117.491920360001,1000.0,0.0,0.0
2918,1652665080000.0,0.0,0.0,0.0,160.12997858672378,0.0,0.0,169.5,1.0,1.0,1117.491920360001,1000.0,1117.491920360001,1000.0,0.0,0.0
2919,1652668680000.0,0.0,0.0,0.0,160.12997858672378,0.0,0.0,173.0,1.0,1.0,1117.491920360001,1000.0,1117.491920360001,1000.0,0.0,0.0
2920,1652672280000.0,0.0,0.0,0.0,160.12997858672378,0.0,0.0,170.6,1.0,1.0,1117.491920360001,1000.0,1117.491920360001,1000.0,0.0,0.0
2921,1652675880000.0,0.0,0.0,0.0,160.12997858672378,0.0,0.0,167.9,1.0,1.0,1117.491920360001,1000.0,1117.491920360001,1000.0,0.0,0.0
2922,1652679480000.0,0.0,0.0,0.0,160.12997858672378,0.0,0.0,167.0,1.0,1.0,1117.491920360001,1000.0,1117.491920360001,1000.0,0.0,0.0
2923,1652683080000.0,0.0,0.0,0.0,160.12997858672378,0.0,0.0,163.8,1.0,1.0,1117.491920360001,1000.0,1117.491920360001,1000.0,0.0,0.0
2924,1652686680000.0,0.0,0.0,0.0,160.12997858672378,0.0,0.0,162.15,1.0,1.0,1117.491920360001,1000.0,1117.491920360001,1000.0,0.0,0.0
2925,1652690280000.0,0.0,0.0,0.0,160.12997858672378,0.0,0.0,166.25,1.0,1.0,1117.491920360001,1000.0,1117.491920360001,1000.0,0.0,0.0
2926,1652693880000.0,0.0,0.0,0.0,160.12997858672378,0.0,0.0,163.95,1.0,1.0,1117.491920360001,1000.0,1117.491920360001,1000.0,0.0,0.0
2927,1652697480000.0,0.0,0.0,0.0,160.12997858672378,0.0,0.0,168.6,1.0,1.0,1117.491920360001,1000.0,1117.491920360001,1000.0,0.0,0.0
2928,1652701080000.0,0.0,0.0,0.0,160.12997858672378,0.0,0.0,168.5,1.0,1.0,1117.491920360001,1000.0,1117.491920360001,1000.0,0.0,0.0
2929,1652704680000.0,0.0,0.0,0.0,160.12997858672378,0.0,0.0,172.45,1.0,1.0,1117.491920360001,1000.0,1117.491920360001,1000.0,0.0,0.0
2930,1652708280000.0,0.0,0.0,0.0,160.12997858672378,0.0,0.0,171.4,1.0,1.0,1117.491920360001,1000.0,1117.491920360001,1000.0,0.0,0.0
2931,1652711880000.0,0.0,0.0,0.0,160.12997858672378,0.0,0.0,170.65,1.0,1.0,1117.491920360001,1000.0,1117.491920360001,1000.0,0.0,0.0
2932,1652715480000.0,0.0,0.0,0.0,160.12997858672378,0.0,0.0,166.2,1.0,1.0,1117.491920360001,1000.0,1117.491920360001,1000.0,0.0,0.0
2933,1652719080000.0,0.0,0.0,0.0,160.12997858672378,0.0,0.0,165.45,1.0,1.0,1117.491920360001,1000.0,1117.491920360001,1000.0,0.0,0.0
2934,1652722680000.0,0.0,0.0,0.0,160.12997858672378,0.0,0.0,167.8,1.0,1.0,1117.491920360001,1000.0,1117.491920360001,1000.0,0.0,0.0
2935,1652726280000.0,0.0,0.0,0.0,160.12997858672378,0.0,0.0,166.95,1.0,1.0,1117.491920360001,1000.0,1117.491920360001,1000.0,0.0,0.0
2936,1652729880000.0,0.0,0.0,0.0,160.12997858672378,0.0,0.0,165.5,1.0,1.0,1117.491920360001,1000.0,1117.491920360001,1000.0,0.0,0.0
2937,1652733480000.0,0.0,0.0,0.0,160.12997858672378,0.0,0.0,166.15,1.0,1.0,1117.491920360001,1000.0,1117.491920360001,1000.0,0.0,0.0
2938,1652737080000.0,0.0,0.0,0.0,160.12997858672378,0.0,0.0,166.2,1.0,1.0,1117.491920360001,1000.0,1117.491920360001,1000.0,0.0,0.0
2939,1652740680000.0,0.0,0.0,0.0,160.12997858672378,0.0,0.0,164.85,1.0,1.0,1117.491920360001,1000.0,1117.491920360001,1000.0,0.0,0.0
2940,1652744280000.0,0.0,0.0,0.0,160.12997858672378,0.0,0.0,163.05,1.0,1.0,1117.491920360001,1000.0,1117.491920360001,1000.0,0.0,0.0
2941,1652747880000.0,0.0,0.0,0.0,160.12997858672378,0.0,0.0,163.9,1.0,1.0,1117.491920360001,1000.0,1117.491920360001,1000.0,0.0,0.0
2942,1652751480000.0,0.0,0.0,0.0,160.12997858672378,0.0,0.0,165.8,1.0,1.0,1117.491920360001,1000.0,1117.491920360001,1000.0,0.0,0.0
2943,1652755080000.0,0.0,0.0,0.0,160.12997858672378,0.0,0.0,167.4,1.0,1.0,1117.491920360001,1000.0,1117.491920360001,1000.0,0.0,0.0
2944,1652758680000.0,0.0,0.0,0.0,160.12997858672378,0.0,0.0,171.5,1.0,1.0,1117.491920360001,1000.0,1117.491920360001,1000.0,0.0,0.0
2945,1652762280000.0,0.0,0.0,0.0,160.12997858672378,0.0,0.0,169.4,1.0,1.0,1117.491920360001,1000.0,1117.491920360001,1000.0,0.0,0.0
2946,1652765880000.0,0.0,0.0,0.0,160.12997858672378,0.0,0.0,168.25,1.0,1.0,1117.491920360001,1000.0,1117.491920360001,1000.0,0.0,0.0
2947,1652769480000.0,0.0,0.0,0.0,160.12997858672378,0.0,0.0,170.85,1.0,1.0,1117.491920360001,1000.0,1117.491920360001,1000.0,0.0,0.0
2948,1652773080000.0,0.0,0.0,0.0,160.12997858672378,0.0,0.0,169.0,1.0,1.0,1117.491920360001,1000.0,1117.491920360001,1000.0,0.0,0.0
2949,1652776680000.0,0.0,0.0,0.0,160.12997858672378,0.0,0.0,170.5,1.0,1.0,1117.491920360001,1000.0,1117.491920360001,1000.0,0.0,0.0
2950,1652780280000.0,0.0,0.0,0.0,160.12997858672378,0.0,0.0,170.25,1.0,1.0,1117.491920360001,1000.0,1117.491920360001,1000.0,0.0,0.0
2951,1652783880000.0,0.0,0.0,0.0,160.12997858672378,0.0,0.0,171.65,1.0,1.0,1117.491920360001,1000.0,1117.491920360001,1000.0,0.0,0.0
2952,1652787480000.0,0.0,0.0,0.0,160.12997858672378,0.0,0.0,173.35,1.0,1.0,1117.491920360001,1000.0,1117.491920360001,1000.0,0.0,0.0
2953,1652791080000.0,0.0,0.0,0.0,160.12997858672378,0.0,0.0,176.6,1.0,1.0,1117.491920360001,1000.0,1117.491920360001,1000.0,0.0,0.0
2954,1652794680000.0,0.0,0.0,0.0,160.12997858672378,0.0,0.0,175.55,1.0,1.0,1117.491920360001,1000.0,1117.491920360001,1000.0,0.0,0.0
2955,1652798280000.0,0.0,0.0,0.0,160.12997858672378,0.0,0.0,172.7,1.0,1.0,1117.491920360001,1000.0,1117.491920360001,1000.0,0.0,0.0
2956,1652801880000.0,0.0,0.0,0.0,160.12997858672378,0.0,0.0,172.0,1.0,1.0,1117.491920360001,1000.0,1117.491920360001,1000.0,0.0,0.0
2957,1652805480000.0,0.0,0.0,0.0,160.12997858672378,0.0,0.0,172.85,1.0,1.0,1117.491920360001,1000.0,1117.491920360001,1000.0,0.0,0.0
2958,1652809080000.0,0.0,0.0,0.0,160.12997858672378,0.0,0.0,172.9,1.0,1.0,1117.491920360001,1000.0,1117.491920360001,1000.0,0.0,0.0
2959,1652812680000.0,0.0,0.0,0.0,160.12997858672378,0.0,0.0,168.4,1.0,1.0,1117.491920360001,1000.0,1117.491920360001,1000.0,0.0,0.0
2960,1652816280000.0,0.0,0.0,0.0,160.12997858672378,0.0,0.0,171.1,1.0,1.0,1117.491920360001,1000.0,1117.491920360001,1000.0,0.0,0.0
2961,1652819880000.0,0.0,0.0,0.0,160.12997858672378,0.0,0.0,171.0,1.0,1.0,1117.491920360001,1000.0,1117.491920360001,1000.0,0.0,0.0
2962,1652823480000.0,0.0,0.0,0.0,160.12997858672378,0.0,0.0,173.0,1.0,1.0,1117.491920360001,1000.0,1117.491920360001,1000.0,0.0,0.0
2963,1652827080000.0,0.0,0.0,0.0,160.12997858672378,0.0,0.0,171.4,1.0,1.0,1117.491920360001,1000.0,1117.491920360001,1000.0,0.0,0.0
2964,1652830680000.0,0.0,0.0,0.0,160.12997858672378,0.0,0.0,172.5,1.0,1.0,1117.491920360001,1000.0,1117.491920360001,1000.0,0.0,0.0
2965,1652834280000.0,0.0,0.0,0.0,160.12997858672378,0.0,0.0,175.15,1.0,1.0,1117.491920360001,1000.0,1117.491920360001,1000.0,0.0,0.0
2966,1652837880000.0,0.0,0.0,0.0,160.12997858672378,0.0,0.0,174.95,1.0,1.0,1117.491920360001,1000.0,1117.491920360001,1000.0,0.0,0.0
2967,1652841480000.0,0.0,0.0,0.0,160.12997858672378,0.0,0.0,174.35,1.0,1.0,1117.491920360001,1000.0,1117.491920360001,1000.0,0.0,0.0
2968,1652845080000.0,0.0,0.0,0.0,160.12997858672378,0.0,0.0,169.9,1.0,1.0,1117.491920360001,1000.0,1117.491920360001,1000.0,0.0,0.0
2969,1652848680000.0,0.0,0.0,0.0,160.12997858672378,0.0,0.0,170.25,1.0,1.0,1117.491920360001,1000.0,1117.491920360001,1000.0,0.0,0.0
2970,1652852280000.0,0.0,0.0,0.0,160.12997858672378,0.0,0.0,172.5,1.0,1.0,1117.491920360001,1000.0,1117.491920360001,1000.0,0.0,0.0
2971,1652855880000.0,0.0,0.0,0.0,160.12997858672378,0.0,0.0,172.65,1.0,1.0,1117.491920360001,1000.0,1117.491920360001,1000.0,0.0,0.0
2972,1652859480000.0,0.0,0.0,0.0,160.12997858672378,0.0,0.0,171.65,1.0,1.0,1117.491920360001,1000.0,1117.491920360001,1000.0,0.0,0.0
2973,1652863080000.0,0.0,0.0,0.0,160.12997858672378,0.0,0.0,170.75,1.0,1.0,1117.491920360001,1000.0,1117.491920360001,1000.0,0.0,0.0
2974,1652866680000.0,0.0,0.0,0.0,160.12997858672378,0.0,0.0,169.55,1.0,1.0,1117.491920360001,1000.0,1117.491920360001,1000.0,0.0,0.0
2975,1652870280000.0,0.0,0.0,0.0,160.12997858672378,0.0,0.0,170.75,1.0,1.0,1117.491920360001,1000.0,1117.491920360001,1000.0,0.0,0.0
2976,1652873880000.0,0.0,0.0,0.0,160.12997858672378,0.0,0.0,170.05,1.0,1.0,1117.491920360001,1000.0,1117.491920360001,1000.0,0.0,0.0
2977,1652877480000.0,0.0,0.0,0.0,160.12997858672378,0.0,0.0,168.45,1.0,1.0,1117.491920360001,1000.0,1117.491920360001,1000.0,0.0,0.0
2978,1652881080000.0,0.0,0.0,0.27,165.58,0.0,0.0,165.05,1.0,1.0,1117.4829790400008,1000.0,1117.3398790400008,1000.0,0.040006515390870856,0.0
2979,1652884680000.0,0.0,0.0,0.27,165.58,0.0,0.0,165.7,1.0,1.0,1117.4829790400008,1000.0,1117.5153790400009,1000.0,0.040006515390870856,0.0
2980,1652888280000.0,0.0,0.0,0.27,165.58,0.0,0.0,163.2,1.0,1.0,1117.4829790400008,1000.0,1116.840379040001,1000.0,0.040006515390870856,0.0
2981,1652891880000.0,0.0,0.0,0.27,165.58,0.0,0.0,162.45,1.0,1.0,1117.4829790400008,1000.0,1116.6378790400008,1000.0,0.040006515390870856,0.0
2982,1652895480000.0,0.0,0.0,0.27,165.58,0.0,0.0,161.3,1.0,1.0,1117.4829790400008,1000.0,1116.3273790400008,1000.0,0.040006515390870856,0.0
2983,1652899080000.0,0.0,0.0,0.55,162.06727272727275,0.0,0.0,158.65,1.0,1.0,1117.474092960001,1000.0,1115.594592960001,1000.0,0.07976650247335139,0.0
2984,1652902680000.0,0.0,0.0,0.55,162.06727272727275,0.0,0.0,159.5,1.0,1.0,1117.474092960001,1000.0,1116.0620929600009,1000.0,0.07976650247335139,0.0
2985,1652906280000.0,0.0,0.0,0.55,162.06727272727275,0.0,0.0,157.55,1.0,1.0,1117.474092960001,1000.0,1114.989592960001,1000.0,0.07976650247335139,0.0
2986,1652909880000.0,0.0,0.0,0.55,162.06727272727275,0.0,0.0,158.95,1.0,1.0,1117.474092960001,1000.0,1115.7595929600009,1000.0,0.07976650247335139,0.0
2987,1652913480000.0,0.0,0.0,0.55,162.06727272727275,0.0,0.0,158.85,1.0,1.0,1117.474092960001,1000.0,1115.7045929600008,1000.0,0.07976650247335139,0.0
2988,1652917080000.0,0.0,0.0,0.55,162.06727272727275,0.0,0.0,154.95,1.0,1.0,1117.474092960001,1000.0,1113.5595929600008,1000.0,0.07976650247335139,0.0
2989,1652920680000.0,0.0,0.0,0.55,162.06727272727275,0.0,0.0,156.6,1.0,1.0,1117.474092960001,1000.0,1114.4670929600009,1000.0,0.07976650247335139,0.0
2990,1652924280000.0,0.0,0.0,0.55,162.06727272727275,0.0,0.0,156.15,1.0,1.0,1117.474092960001,1000.0,1114.219592960001,1000.0,0.07976650247335139,0.0
2991,1652927880000.0,0.0,0.0,0.84,158.9196428571429,0.0,0.0,152.7,1.0,1.0,1117.4652218600008,1000.0,1112.2407218600008,1000.0,0.1194600936016641,0.0
2992,1652931480000.0,0.0,0.0,0.84,158.9196428571429,0.0,0.0,156.2,1.0,1.0,1117.4652218600008,1000.0,1115.1807218600009,1000.0,0.1194600936016641,0.0
2993,1652935080000.0,0.0,0.0,0.84,158.9196428571429,0.0,0.0,156.5,1.0,1.0,1117.4652218600008,1000.0,1115.4327218600008,1000.0,0.1194600936016641,0.0
2994,1652938680000.0,0.0,0.0,0.84,158.9196428571429,0.0,0.0,155.2,1.0,1.0,1117.4652218600008,1000.0,1114.3407218600007,1000.0,0.1194600936016641,0.0
2995,1652942280000.0,0.0,0.0,0.84,158.9196428571429,0.0,0.0,157.65,1.0,1.0,1117.4652218600008,1000.0,1116.3987218600007,1000.0,0.1194600936016641,0.0
2996,1652945880000.0,0.0,0.0,0.84,158.9196428571429,0.0,0.0,156.5,1.0,1.0,1117.4652218600008,1000.0,1115.4327218600008,1000.0,0.1194600936016641,0.0
2997,1652949480000.0,0.0,0.0,0.84,158.9196428571429,0.0,0.0,156.6,1.0,1.0,1117.4652218600008,1000.0,1115.5167218600009,1000.0,0.1194600936016641,0.0
2998,1652953080000.0,0.0,0.0,0.84,158.9196428571429,0.0,0.0,153.35,1.0,1.0,1117.4652218600008,1000.0,1112.7867218600009,1000.0,0.1194600936016641,0.0
2999,1652956680000.0,0.0,0.0,0.84,158.9196428571429,0.0,0.0,155.4,1.0,1.0,1117.4652218600008,1000.0,1114.5087218600008,1000.0,0.1194600936016641,0.0
3000,1652960280000.0,0.0,0.0,0.84,158.9196428571429,0.0,0.0,159.75,1.0,1.0,1117.4652218600008,1000.0,1118.1627218600008,1000.0,0.1194600936016641,0.0
3001,1652963880000.0,0.0,0.0,0.38,158.9196428571429,0.0,0.0,162.15,1.0,1.0,1119.6445266657151,1000.0,1120.872062380001,1000.0,0.05393628321084481,0.0
3002,1652967480000.0,0.0,0.0,0.26,158.9196428571429,0.0,0.0,166.3,1.0,1.0,1120.213040962858,1000.0,1122.131933820001,1000.0,0.03688504385499931,0.0
3003,1652971080000.0,0.0,0.0,0.08,158.9196428571429,0.0,0.0,163.8,1.0,1.0,1121.0658124085726,1000.0,1121.4562409800012,1000.0,0.011340611129026177,0.0
3004,1652974680000.0,0.0,0.0,0.0,158.9196428571429,0.0,0.0,169.0,1.0,1.0,1121.5991910600005,1000.0,1121.5991910600005,1000.0,0.0,0.0
3005,1652978280000.0,0.0,0.0,0.0,158.9196428571429,0.0,0.0,167.1,1.0,1.0,1121.5991910600005,1000.0,1121.5991910600005,1000.0,0.0,0.0
3006,1652981880000.0,0.0,0.0,0.0,158.9196428571429,0.0,0.0,164.7,1.0,1.0,1121.5991910600005,1000.0,1121.5991910600005,1000.0,0.0,0.0
3007,1652985480000.0,0.0,0.0,0.0,158.9196428571429,0.0,0.0,164.1,1.0,1.0,1121.5991910600005,1000.0,1121.5991910600005,1000.0,0.0,0.0
3008,1652989080000.0,0.0,0.0,0.0,158.9196428571429,0.0,0.0,162.65,1.0,1.0,1121.5991910600005,1000.0,1121.5991910600005,1000.0,0.0,0.0
3009,1652992680000.0,0.0,0.0,0.0,158.9196428571429,0.0,0.0,163.45,1.0,1.0,1121.5991910600005,1000.0,1121.5991910600005,1000.0,0.0,0.0
3010,1652996280000.0,0.0,0.0,0.0,158.9196428571429,0.0,0.0,163.8,1.0,1.0,1121.5991910600005,1000.0,1121.5991910600005,1000.0,0.0,0.0
3011,1652999880000.0,0.0,0.0,0.0,158.9196428571429,0.0,0.0,162.6,1.0,1.0,1121.5991910600005,1000.0,1121.5991910600005,1000.0,0.0,0.0
3012,1653003480000.0,0.0,0.0,0.0,158.9196428571429,0.0,0.0,165.65,1.0,1.0,1121.5991910600005,1000.0,1121.5991910600005,1000.0,0.0,0.0
3013,1653007080000.0,0.0,0.0,0.0,158.9196428571429,0.0,0.0,164.6,1.0,1.0,1121.5991910600005,1000.0,1121.5991910600005,1000.0,0.0,0.0
3014,1653010680000.0,0.0,0.0,0.0,158.9196428571429,0.0,0.0,168.95,1.0,1.0,1121.5991910600005,1000.0,1121.5991910600005,1000.0,0.0,0.0
3015,1653014280000.0,0.0,0.0,0.0,158.9196428571429,0.0,0.0,167.45,1.0,1.0,1121.5991910600005,1000.0,1121.5991910600005,1000.0,0.0,0.0
3016,1653017880000.0,0.0,0.0,0.0,158.9196428571429,0.0,0.0,166.15,1.0,1.0,1121.5991910600005,1000.0,1121.5991910600005,1000.0,0.0,0.0
3017,1653021480000.0,0.0,0.0,0.0,158.9196428571429,0.0,0.0,165.0,1.0,1.0,1121.5991910600005,1000.0,1121.5991910600005,1000.0,0.0,0.0
3018,1653025080000.0,0.0,0.0,0.0,158.9196428571429,0.0,0.0,167.6,1.0,1.0,1121.5991910600005,1000.0,1121.5991910600005,1000.0,0.0,0.0
3019,1653028680000.0,0.0,0.0,0.0,158.9196428571429,0.0,0.0,169.8,1.0,1.0,1121.5991910600005,1000.0,1121.5991910600005,1000.0,0.0,0.0
3020,1653032280000.0,0.0,0.0,0.0,158.9196428571429,0.0,0.0,175.55,1.0,1.0,1121.5991910600005,1000.0,1121.5991910600005,1000.0,0.0,0.0
3021,1653035880000.0,0.0,0.0,0.0,158.9196428571429,0.0,0.0,174.05,1.0,1.0,1121.5991910600005,1000.0,1121.5991910600005,1000.0,0.0,0.0
3022,1653039480000.0,0.0,0.0,0.0,158.9196428571429,0.0,0.0,176.6,1.0,1.0,1121.5991910600005,1000.0,1121.5991910600005,1000.0,0.0,0.0
3023,1653043080000.0,0.0,0.0,0.0,158.9196428571429,0.0,0.0,177.55,1.0,1.0,1121.5991910600005,1000.0,1121.5991910600005,1000.0,0.0,0.0
3024,1653046680000.0,0.0,0.0,0.0,158.9196428571429,0.0,0.0,177.45,1.0,1.0,1121.5991910600005,1000.0,1121.5991910600005,1000.0,0.0,0.0
3025,1653050280000.0,0.0,0.0,0.0,158.9196428571429,0.0,0.0,176.5,1.0,1.0,1121.5991910600005,1000.0,1121.5991910600005,1000.0,0.0,0.0
3026,1653053880000.0,0.0,0.0,0.0,158.9196428571429,0.0,0.0,173.5,1.0,1.0,1121.5991910600005,1000.0,1121.5991910600005,1000.0,0.0,0.0
3027,1653057480000.0,0.0,0.0,0.0,158.9196428571429,0.0,0.0,171.05,1.0,1.0,1121.5991910600005,1000.0,1121.5991910600005,1000.0,0.0,0.0
3028,1653061080000.0,0.0,0.0,0.0,158.9196428571429,0.0,0.0,170.1,1.0,1.0,1121.5991910600005,1000.0,1121.5991910600005,1000.0,0.0,0.0
3029,1653064680000.0,0.0,0.0,0.0,158.9196428571429,0.0,0.0,165.3,1.0,1.0,1121.5991910600005,1000.0,1121.5991910600005,1000.0,0.0,0.0
3030,1653068280000.0,0.0,0.0,0.0,158.9196428571429,0.0,0.0,168.95,1.0,1.0,1121.5991910600005,1000.0,1121.5991910600005,1000.0,0.0,0.0
3031,1653071880000.0,0.0,0.0,0.0,158.9196428571429,0.0,0.0,170.7,1.0,1.0,1121.5991910600005,1000.0,1121.5991910600005,1000.0,0.0,0.0
3032,1653075480000.0,0.0,0.0,0.0,158.9196428571429,0.0,0.0,174.4,1.0,1.0,1121.5991910600005,1000.0,1121.5991910600005,1000.0,0.0,0.0
3033,1653079080000.0,0.0,0.0,0.0,158.9196428571429,0.0,0.0,178.25,1.0,1.0,1121.5991910600005,1000.0,1121.5991910600005,1000.0,0.0,0.0
3034,1653082680000.0,0.0,0.0,0.0,158.9196428571429,0.0,0.0,175.4,1.0,1.0,1121.5991910600005,1000.0,1121.5991910600005,1000.0,0.0,0.0
3035,1653086280000.0,0.0,0.0,0.0,158.9196428571429,0.0,0.0,177.05,1.0,1.0,1121.5991910600005,1000.0,1121.5991910600005,1000.0,0.0,0.0
3036,1653089880000.0,0.0,0.0,0.0,158.9196428571429,0.0,0.0,174.6,1.0,1.0,1121.5991910600005,1000.0,1121.5991910600005,1000.0,0.0,0.0
3037,1653093480000.0,0.0,0.0,0.0,158.9196428571429,0.0,0.0,172.15,1.0,1.0,1121.5991910600005,1000.0,1121.5991910600005,1000.0,0.0,0.0
3038,1653097080000.0,0.0,0.0,0.0,158.9196428571429,0.0,0.0,171.95,1.0,1.0,1121.5991910600005,1000.0,1121.5991910600005,1000.0,0.0,0.0
3039,1653100680000.0,0.0,0.0,0.0,158.9196428571429,0.0,0.0,172.25,1.0,1.0,1121.5991910600005,1000.0,1121.5991910600005,1000.0,0.0,0.0
3040,1653104280000.0,0.0,0.0,0.0,158.9196428571429,0.0,0.0,171.45,1.0,1.0,1121.5991910600005,1000.0,1121.5991910600005,1000.0,0.0,0.0
3041,1653107880000.0,0.0,0.0,0.0,158.9196428571429,0.0,0.0,172.6,1.0,1.0,1121.5991910600005,1000.0,1121.5991910600005,1000.0,0.0,0.0
3042,1653111480000.0,0.0,0.0,0.0,158.9196428571429,0.0,0.0,171.55,1.0,1.0,1121.5991910600005,1000.0,1121.5991910600005,1000.0,0.0,0.0
3043,1653115080000.0,0.0,0.0,0.0,158.9196428571429,0.0,0.0,171.55,1.0,1.0,1121.5991910600005,1000.0,1121.5991910600005,1000.0,0.0,0.0
3044,1653118680000.0,0.0,0.0,0.0,158.9196428571429,0.0,0.0,173.15,1.0,1.0,1121.5991910600005,1000.0,1121.5991910600005,1000.0,0.0,0.0
3045,1653122280000.0,0.0,0.0,0.0,158.9196428571429,0.0,0.0,174.05,1.0,1.0,1121.5991910600005,1000.0,1121.5991910600005,1000.0,0.0,0.0
3046,1653125880000.0,0.0,0.0,0.0,158.9196428571429,0.0,0.0,175.3,1.0,1.0,1121.5991910600005,1000.0,1121.5991910600005,1000.0,0.0,0.0
3047,1653129480000.0,0.0,0.0,0.0,158.9196428571429,0.0,0.0,173.55,1.0,1.0,1121.5991910600005,1000.0,1121.5991910600005,1000.0,0.0,0.0
3048,1653133080000.0,0.0,0.0,0.0,158.9196428571429,0.0,0.0,173.6,1.0,1.0,1121.5991910600005,1000.0,1121.5991910600005,1000.0,0.0,0.0
3049,1653136680000.0,0.0,0.0,0.0,158.9196428571429,0.0,0.0,174.55,1.0,1.0,1121.5991910600005,1000.0,1121.5991910600005,1000.0,0.0,0.0
3050,1653140280000.0,0.0,0.0,0.0,158.9196428571429,0.0,0.0,176.6,1.0,1.0,1121.5991910600005,1000.0,1121.5991910600005,1000.0,0.0,0.0
3051,1653143880000.0,0.0,0.0,0.0,158.9196428571429,0.0,0.0,177.15,1.0,1.0,1121.5991910600005,1000.0,1121.5991910600005,1000.0,0.0,0.0
3052,1653147480000.0,0.0,0.0,0.0,158.9196428571429,0.0,0.0,178.55,1.0,1.0,1121.5991910600005,1000.0,1121.5991910600005,1000.0,0.0,0.0
3053,1653151080000.0,0.0,0.0,0.0,158.9196428571429,0.0,0.0,176.45,1.0,1.0,1121.5991910600005,1000.0,1121.5991910600005,1000.0,0.0,0.0
3054,1653154680000.0,0.0,0.0,0.0,158.9196428571429,0.0,0.0,177.5,1.0,1.0,1121.5991910600005,1000.0,1121.5991910600005,1000.0,0.0,0.0
3055,1653158280000.0,0.0,0.0,0.0,158.9196428571429,0.0,0.0,178.4,1.0,1.0,1121.5991910600005,1000.0,1121.5991910600005,1000.0,0.0,0.0
3056,1653161880000.0,0.0,0.0,0.0,158.9196428571429,0.0,0.0,179.95,1.0,1.0,1121.5991910600005,1000.0,1121.5991910600005,1000.0,0.0,0.0
3057,1653165480000.0,0.0,0.0,0.0,158.9196428571429,0.0,0.0,178.75,1.0,1.0,1121.5991910600005,1000.0,1121.5991910600005,1000.0,0.0,0.0
3058,1653169080000.0,0.0,0.0,0.0,158.9196428571429,0.0,0.0,178.3,1.0,1.0,1121.5991910600005,1000.0,1121.5991910600005,1000.0,0.0,0.0
3059,1653172680000.0,0.0,0.0,0.0,158.9196428571429,0.0,0.0,178.2,1.0,1.0,1121.5991910600005,1000.0,1121.5991910600005,1000.0,0.0,0.0
3060,1653176280000.0,0.0,0.0,0.0,158.9196428571429,0.0,0.0,177.1,1.0,1.0,1121.5991910600005,1000.0,1121.5991910600005,1000.0,0.0,0.0
3061,1653179880000.0,0.0,0.0,0.0,158.9196428571429,0.0,0.0,175.95,1.0,1.0,1121.5991910600005,1000.0,1121.5991910600005,1000.0,0.0,0.0
3062,1653183480000.0,0.0,0.0,0.0,158.9196428571429,0.0,0.0,176.95,1.0,1.0,1121.5991910600005,1000.0,1121.5991910600005,1000.0,0.0,0.0
3063,1653187080000.0,0.0,0.0,0.0,158.9196428571429,0.0,0.0,175.5,1.0,1.0,1121.5991910600005,1000.0,1121.5991910600005,1000.0,0.0,0.0
3064,1653190680000.0,0.0,0.0,0.0,158.9196428571429,0.0,0.0,176.1,1.0,1.0,1121.5991910600005,1000.0,1121.5991910600005,1000.0,0.0,0.0
3065,1653194280000.0,0.0,0.0,0.0,158.9196428571429,0.0,0.0,174.55,1.0,1.0,1121.5991910600005,1000.0,1121.5991910600005,1000.0,0.0,0.0
3066,1653197880000.0,0.0,0.0,0.0,158.9196428571429,0.0,0.0,172.6,1.0,1.0,1121.5991910600005,1000.0,1121.5991910600005,1000.0,0.0,0.0
3067,1653201480000.0,0.0,0.0,0.0,158.9196428571429,0.0,0.0,173.4,1.0,1.0,1121.5991910600005,1000.0,1121.5991910600005,1000.0,0.0,0.0
3068,1653205080000.0,0.0,0.0,0.0,158.9196428571429,0.0,0.0,174.55,1.0,1.0,1121.5991910600005,1000.0,1121.5991910600005,1000.0,0.0,0.0
3069,1653208680000.0,0.0,0.0,0.0,158.9196428571429,0.0,0.0,174.85,1.0,1.0,1121.5991910600005,1000.0,1121.5991910600005,1000.0,0.0,0.0
3070,1653212280000.0,0.0,0.0,0.0,158.9196428571429,0.0,0.0,178.55,1.0,1.0,1121.5991910600005,1000.0,1121.5991910600005,1000.0,0.0,0.0
3071,1653215880000.0,0.0,0.0,0.0,158.9196428571429,0.0,0.0,178.95,1.0,1.0,1121.5991910600005,1000.0,1121.5991910600005,1000.0,0.0,0.0
3072,1653219480000.0,0.0,0.0,0.0,158.9196428571429,0.0,0.0,178.9,1.0,1.0,1121.5991910600005,1000.0,1121.5991910600005,1000.0,0.0,0.0
3073,1653223080000.0,0.0,0.0,0.0,158.9196428571429,0.0,0.0,180.65,1.0,1.0,1121.5991910600005,1000.0,1121.5991910600005,1000.0,0.0,0.0
3074,1653226680000.0,0.0,0.0,0.0,158.9196428571429,0.0,0.0,181.6,1.0,1.0,1121.5991910600005,1000.0,1121.5991910600005,1000.0,0.0,0.0
3075,1653230280000.0,0.0,0.0,0.0,158.9196428571429,0.0,0.0,181.25,1.0,1.0,1121.5991910600005,1000.0,1121.5991910600005,1000.0,0.0,0.0
3076,1653233880000.0,0.0,0.0,0.0,158.9196428571429,0.0,0.0,179.7,1.0,1.0,1121.5991910600005,1000.0,1121.5991910600005,1000.0,0.0,0.0
3077,1653237480000.0,0.0,0.0,0.0,158.9196428571429,0.0,0.0,180.3,1.0,1.0,1121.5991910600005,1000.0,1121.5991910600005,1000.0,0.0,0.0
3078,1653241080000.0,0.0,0.0,0.0,158.9196428571429,0.0,0.0,181.7,1.0,1.0,1121.5991910600005,1000.0,1121.5991910600005,1000.0,0.0,0.0
3079,1653244680000.0,0.0,0.0,0.0,158.9196428571429,0.0,0.0,179.85,1.0,1.0,1121.5991910600005,1000.0,1121.5991910600005,1000.0,0.0,0.0
3080,1653248280000.0,0.0,0.0,0.0,158.9196428571429,0.0,0.0,180.2,1.0,1.0,1121.5991910600005,1000.0,1121.5991910600005,1000.0,0.0,0.0
3081,1653251880000.0,0.0,0.0,0.0,158.9196428571429,0.0,0.0,180.3,1.0,1.0,1121.5991910600005,1000.0,1121.5991910600005,1000.0,0.0,0.0
3082,1653255480000.0,0.0,0.0,0.0,158.9196428571429,0.0,0.0,181.6,1.0,1.0,1121.5991910600005,1000.0,1121.5991910600005,1000.0,0.0,0.0
3083,1653259080000.0,0.0,0.0,0.0,158.9196428571429,0.0,0.0,187.7,1.0,1.0,1121.5991910600005,1000.0,1121.5991910600005,1000.0,0.0,0.0
3084,1653262680000.0,0.0,0.0,0.0,158.9196428571429,0.0,0.0,186.7,1.0,1.0,1121.5991910600005,1000.0,1121.5991910600005,1000.0,0.0,0.0
3085,1653266280000.0,0.0,0.0,0.0,158.9196428571429,0.0,0.0,187.65,1.0,1.0,1121.5991910600005,1000.0,1121.5991910600005,1000.0,0.0,0.0
3086,1653269880000.0,0.0,0.0,0.0,158.9196428571429,0.0,0.0,184.2,1.0,1.0,1121.5991910600005,1000.0,1121.5991910600005,1000.0,0.0,0.0
3087,1653273480000.0,0.0,0.0,0.0,158.9196428571429,0.0,0.0,186.05,1.0,1.0,1121.5991910600005,1000.0,1121.5991910600005,1000.0,0.0,0.0
3088,1653277080000.0,0.0,0.0,0.0,158.9196428571429,0.0,0.0,186.55,1.0,1.0,1121.5991910600005,1000.0,1121.5991910600005,1000.0,0.0,0.0
3089,1653280680000.0,0.0,0.0,0.0,158.9196428571429,0.0,0.0,187.45,1.0,1.0,1121.5991910600005,1000.0,1121.5991910600005,1000.0,0.0,0.0
3090,1653284280000.0,0.0,0.0,0.0,158.9196428571429,0.0,0.0,189.35,1.0,1.0,1121.5991910600005,1000.0,1121.5991910600005,1000.0,0.0,0.0
3091,1653287880000.0,0.0,0.0,0.0,158.9196428571429,0.0,0.0,191.05,1.0,1.0,1121.5991910600005,1000.0,1121.5991910600005,1000.0,0.0,0.0
3092,1653291480000.0,0.0,0.0,0.0,158.9196428571429,0.0,0.0,193.6,1.0,1.0,1121.5991910600005,1000.0,1121.5991910600005,1000.0,0.0,0.0
3093,1653295080000.0,0.0,0.0,0.0,158.9196428571429,0.0,0.0,191.75,1.0,1.0,1121.5991910600005,1000.0,1121.5991910600005,1000.0,0.0,0.0
3094,1653298680000.0,0.0,0.0,0.0,158.9196428571429,0.0,0.0,192.75,1.0,1.0,1121.5991910600005,1000.0,1121.5991910600005,1000.0,0.0,0.0
3095,1653302280000.0,0.0,0.0,0.0,158.9196428571429,0.0,0.0,194.2,1.0,1.0,1121.5991910600005,1000.0,1121.5991910600005,1000.0,0.0,0.0
3096,1653305880000.0,0.0,0.0,0.0,158.9196428571429,0.0,0.0,194.15,1.0,1.0,1121.5991910600005,1000.0,1121.5991910600005,1000.0,0.0,0.0
3097,1653309480000.0,0.0,0.0,0.0,158.9196428571429,0.0,0.0,192.95,1.0,1.0,1121.5991910600005,1000.0,1121.5991910600005,1000.0,0.0,0.0
3098,1653313080000.0,0.0,0.0,0.0,158.9196428571429,0.0,0.0,195.15,1.0,1.0,1121.5991910600005,1000.0,1121.5991910600005,1000.0,0.0,0.0
3099,1653316680000.0,0.0,0.0,0.0,158.9196428571429,0.0,0.0,196.9,1.0,1.0,1121.5991910600005,1000.0,1121.5991910600005,1000.0,0.0,0.0
3100,1653320280000.0,0.0,0.0,0.0,158.9196428571429,0.0,0.0,193.8,1.0,1.0,1121.5991910600005,1000.0,1121.5991910600005,1000.0,0.0,0.0
3101,1653323880000.0,0.0,0.0,0.0,158.9196428571429,0.0,0.0,198.1,1.0,1.0,1121.5991910600005,1000.0,1121.5991910600005,1000.0,0.0,0.0
3102,1653327480000.0,0.0,0.0,0.0,158.9196428571429,0.0,0.0,194.75,1.0,1.0,1121.5991910600005,1000.0,1121.5991910600005,1000.0,0.0,0.0
3103,1653331080000.0,0.0,0.0,0.0,158.9196428571429,0.0,0.0,193.25,1.0,1.0,1121.5991910600005,1000.0,1121.5991910600005,1000.0,0.0,0.0
3104,1653334680000.0,0.0,0.0,0.0,158.9196428571429,0.0,0.0,187.65,1.0,1.0,1121.5991910600005,1000.0,1121.5991910600005,1000.0,0.0,0.0
3105,1653338280000.0,0.0,0.0,0.0,158.9196428571429,0.0,0.0,185.8,1.0,1.0,1121.5991910600005,1000.0,1121.5991910600005,1000.0,0.0,0.0
3106,1653341880000.0,0.0,0.0,0.0,158.9196428571429,0.0,0.0,187.6,1.0,1.0,1121.5991910600005,1000.0,1121.5991910600005,1000.0,0.0,0.0
3107,1653345480000.0,0.0,0.0,0.24,183.42,0.0,0.0,182.95,1.0,1.0,1121.5903869000006,1000.0,1121.4775869000005,1000.0,0.039248553227770155,0.0
3108,1653349080000.0,0.0,0.0,0.24,183.42,0.0,0.0,184.9,1.0,1.0,1121.5903869000006,1000.0,1121.9455869000005,1000.0,0.039248553227770155,0.0
3109,1653352680000.0,0.0,0.0,0.24,183.42,0.0,0.0,186.5,1.0,1.0,1121.5903869000006,1000.0,1122.3295869000005,1000.0,0.039248553227770155,0.0
3110,1653356280000.0,0.0,0.0,0.24,183.42,0.0,0.0,188.3,1.0,1.0,1121.5903869000006,1000.0,1122.7615869000006,1000.0,0.039248553227770155,0.0
3111,1653359880000.0,0.0,0.0,0.16,183.42,0.0,0.0,189.4,1.0,1.0,1122.0281640200008,1000.0,1122.9849640200007,1000.0,0.026155493187314385,0.0
3112,1653363480000.0,0.0,0.0,0.04,183.42,0.0,0.0,189.15,1.0,1.0,1122.684829700001,1000.0,1122.914029700001,1000.0,0.006535048667185168,0.0
3113,1653367080000.0,0.0,0.0,0.01,183.42,0.0,0.0,187.7,1.0,1.0,1122.848996120001,1000.0,1122.891796120001,1000.0,0.0016335233021876215,0.0
3114,1653370680000.0,0.0,0.0,0.01,183.42,0.0,0.0,186.35,1.0,1.0,1122.848996120001,1000.0,1122.8782961200009,1000.0,0.0016335233021876215,0.0
3115,1653374280000.0,0.0,0.0,0.01,183.42,0.0,0.0,184.55,1.0,1.0,1122.848996120001,1000.0,1122.8602961200008,1000.0,0.0016335233021876215,0.0
3116,1653377880000.0,0.0,0.0,0.01,183.42,0.0,0.0,184.7,1.0,1.0,1122.848996120001,1000.0,1122.861796120001,1000.0,0.0016335233021876215,0.0
3117,1653381480000.0,0.0,0.0,0.01,183.42,0.0,0.0,186.55,1.0,1.0,1122.848996120001,1000.0,1122.880296120001,1000.0,0.0016335233021876215,0.0
3118,1653385080000.0,0.0,0.0,0.01,183.42,0.0,0.0,186.4,1.0,1.0,1122.848996120001,1000.0,1122.878796120001,1000.0,0.0016335233021876215,0.0
3119,1653388680000.0,0.0,0.0,0.0,183.42,0.0,0.0,189.5,1.0,1.0,1122.903718260001,1000.0,1122.903718260001,1000.0,0.0,0.0
3120,1653392280000.0,0.0,0.0,0.0,183.42,0.0,0.0,193.05,1.0,1.0,1122.903718260001,1000.0,1122.903718260001,1000.0,0.0,0.0
3121,1653395880000.0,0.0,0.0,0.0,183.42,0.0,0.0,192.75,1.0,1.0,1122.903718260001,1000.0,1122.903718260001,1000.0,0.0,0.0
3122,1653399480000.0,0.0,0.0,0.0,183.42,0.0,0.0,194.05,1.0,1.0,1122.903718260001,1000.0,1122.903718260001,1000.0,0.0,0.0
3123,1653403080000.0,0.0,0.0,0.0,183.42,0.0,0.0,192.15,1.0,1.0,1122.903718260001,1000.0,1122.903718260001,1000.0,0.0,0.0
3124,1653406680000.0,0.0,0.0,0.0,183.42,0.0,0.0,191.5,1.0,1.0,1122.903718260001,1000.0,1122.903718260001,1000.0,0.0,0.0
3125,1653410280000.0,0.0,0.0,0.0,183.42,0.0,0.0,192.4,1.0,1.0,1122.903718260001,1000.0,1122.903718260001,1000.0,0.0,0.0
3126,1653413880000.0,0.0,0.0,0.0,183.42,0.0,0.0,192.3,1.0,1.0,1122.903718260001,1000.0,1122.903718260001,1000.0,0.0,0.0
3127,1653417480000.0,0.0,0.0,0.0,183.42,0.0,0.0,194.6,1.0,1.0,1122.903718260001,1000.0,1122.903718260001,1000.0,0.0,0.0
3128,1653421080000.0,0.0,0.0,0.0,183.42,0.0,0.0,193.65,1.0,1.0,1122.903718260001,1000.0,1122.903718260001,1000.0,0.0,0.0
3129,1653424680000.0,0.0,0.0,0.0,183.42,0.0,0.0,191.5,1.0,1.0,1122.903718260001,1000.0,1122.903718260001,1000.0,0.0,0.0
3130,1653428280000.0,0.0,0.0,0.0,183.42,0.0,0.0,191.0,1.0,1.0,1122.903718260001,1000.0,1122.903718260001,1000.0,0.0,0.0
3131,1653431880000.0,0.0,0.0,0.0,183.42,0.0,0.0,191.45,1.0,1.0,1122.903718260001,1000.0,1122.903718260001,1000.0,0.0,0.0
3132,1653435480000.0,0.0,0.0,0.0,183.42,0.0,0.0,193.25,1.0,1.0,1122.903718260001,1000.0,1122.903718260001,1000.0,0.0,0.0
3133,1653439080000.0,0.0,0.0,0.0,183.42,0.0,0.0,195.0,1.0,1.0,1122.903718260001,1000.0,1122.903718260001,1000.0,0.0,0.0
3134,1653442680000.0,0.0,0.0,0.0,183.42,0.0,0.0,194.55,1.0,1.0,1122.903718260001,1000.0,1122.903718260001,1000.0,0.0,0.0
3135,1653446280000.0,0.0,0.0,0.0,183.42,0.0,0.0,196.9,1.0,1.0,1122.903718260001,1000.0,1122.903718260001,1000.0,0.0,0.0
3136,1653449880000.0,0.0,0.0,0.0,183.42,0.0,0.0,195.7,1.0,1.0,1122.903718260001,1000.0,1122.903718260001,1000.0,0.0,0.0
3137,1653453480000.0,0.0,0.0,0.0,183.42,0.0,0.0,194.1,1.0,1.0,1122.903718260001,1000.0,1122.903718260001,1000.0,0.0,0.0
3138,1653457080000.0,0.0,0.0,0.0,183.42,0.0,0.0,193.3,1.0,1.0,1122.903718260001,1000.0,1122.903718260001,1000.0,0.0,0.0
3139,1653460680000.0,0.0,0.0,0.0,183.42,0.0,0.0,192.4,1.0,1.0,1122.903718260001,1000.0,1122.903718260001,1000.0,0.0,0.0
3140,1653464280000.0,0.0,0.0,0.0,183.42,0.0,0.0,193.05,1.0,1.0,1122.903718260001,1000.0,1122.903718260001,1000.0,0.0,0.0
3141,1653467880000.0,0.0,0.0,0.0,183.42,0.0,0.0,193.75,1.0,1.0,1122.903718260001,1000.0,1122.903718260001,1000.0,0.0,0.0
3142,1653471480000.0,0.0,0.0,0.0,183.42,0.0,0.0,196.55,1.0,1.0,1122.903718260001,1000.0,1122.903718260001,1000.0,0.0,0.0
3143,1653475080000.0,0.0,0.0,0.0,183.42,0.0,0.0,200.4,1.0,1.0,1122.903718260001,1000.0,1122.903718260001,1000.0,0.0,0.0
3144,1653478680000.0,0.0,0.0,0.0,183.42,0.0,0.0,201.15,1.0,1.0,1122.903718260001,1000.0,1122.903718260001,1000.0,0.0,0.0
3145,1653482280000.0,0.0,0.0,0.0,183.42,0.0,0.0,202.45,1.0,1.0,1122.903718260001,1000.0,1122.903718260001,1000.0,0.0,0.0
3146,1653485880000.0,0.0,0.0,0.0,183.42,0.0,0.0,204.6,1.0,1.0,1122.903718260001,1000.0,1122.903718260001,1000.0,0.0,0.0
3147,1653489480000.0,0.0,0.0,0.0,183.42,0.0,0.0,202.15,1.0,1.0,1122.903718260001,1000.0,1122.903718260001,1000.0,0.0,0.0
3148,1653493080000.0,0.0,0.0,0.0,183.42,0.0,0.0,201.45,1.0,1.0,1122.903718260001,1000.0,1122.903718260001,1000.0,0.0,0.0
3149,1653496680000.0,0.0,0.0,0.0,183.42,0.0,0.0,201.45,1.0,1.0,1122.903718260001,1000.0,1122.903718260001,1000.0,0.0,0.0
3150,1653500280000.0,0.0,0.0,0.0,183.42,0.0,0.0,203.2,1.0,1.0,1122.903718260001,1000.0,1122.903718260001,1000.0,0.0,0.0
3151,1653503880000.0,0.0,0.0,0.0,183.42,0.0,0.0,202.8,1.0,1.0,1122.903718260001,1000.0,1122.903718260001,1000.0,0.0,0.0
3152,1653507480000.0,0.0,0.0,0.0,183.42,0.0,0.0,201.8,1.0,1.0,1122.903718260001,1000.0,1122.903718260001,1000.0,0.0,0.0
3153,1653511080000.0,0.0,0.0,0.0,183.42,0.0,0.0,199.2,1.0,1.0,1122.903718260001,1000.0,1122.903718260001,1000.0,0.0,0.0
3154,1653514680000.0,0.0,0.0,0.0,183.42,0.0,0.0,199.3,1.0,1.0,1122.903718260001,1000.0,1122.903718260001,1000.0,0.0,0.0
3155,1653518280000.0,0.0,0.0,0.0,183.42,0.0,0.0,203.0,1.0,1.0,1122.903718260001,1000.0,1122.903718260001,1000.0,0.0,0.0
3156,1653521880000.0,0.0,0.0,0.0,183.42,0.0,0.0,203.2,1.0,1.0,1122.903718260001,1000.0,1122.903718260001,1000.0,0.0,0.0
3157,1653525480000.0,0.0,0.0,0.0,183.42,0.0,0.0,203.55,1.0,1.0,1122.903718260001,1000.0,1122.903718260001,1000.0,0.0,0.0
3158,1653529080000.0,0.0,0.0,0.0,183.42,0.0,0.0,201.45,1.0,1.0,1122.903718260001,1000.0,1122.903718260001,1000.0,0.0,0.0
3159,1653532680000.0,0.0,0.0,0.0,183.42,0.0,0.0,202.25,1.0,1.0,1122.903718260001,1000.0,1122.903718260001,1000.0,0.0,0.0
3160,1653536280000.0,0.0,0.0,0.0,183.42,0.0,0.0,200.0,1.0,1.0,1122.903718260001,1000.0,1122.903718260001,1000.0,0.0,0.0
3161,1653539880000.0,0.0,0.0,0.0,183.42,0.0,0.0,199.65,1.0,1.0,1122.903718260001,1000.0,1122.903718260001,1000.0,0.0,0.0
3162,1653543480000.0,0.0,0.0,0.0,183.42,0.0,0.0,195.6,1.0,1.0,1122.903718260001,1000.0,1122.903718260001,1000.0,0.0,0.0
3163,1653547080000.0,0.0,0.0,0.23,193.17,0.0,0.0,195.5,1.0,1.0,1122.894832440001,1000.0,1123.430732440001,1000.0,0.03956657268023713,0.0
3164,1653550680000.0,0.0,0.0,0.23,193.17,0.0,0.0,194.45,1.0,1.0,1122.894832440001,1000.0,1123.189232440001,1000.0,0.03956657268023713,0.0
3165,1653554280000.0,0.0,0.0,0.23,193.17,0.0,0.0,189.2,1.0,1.0,1122.894832440001,1000.0,1121.981732440001,1000.0,0.03956657268023713,0.0
3166,1653557880000.0,0.0,0.0,0.23,193.17,0.0,0.0,190.6,1.0,1.0,1122.894832440001,1000.0,1122.3037324400009,1000.0,0.03956657268023713,0.0
3167,1653561480000.0,0.0,0.0,0.23,193.17,0.0,0.0,190.95,1.0,1.0,1122.894832440001,1000.0,1122.384232440001,1000.0,0.03956657268023713,0.0
3168,1653565080000.0,0.0,0.0,0.16,193.17,0.0,0.0,195.75,1.0,1.0,1123.298046860001,1000.0,1123.710846860001,1000.0,0.027514692192687512,0.0
3169,1653568680000.0,0.0,0.0,0.16,193.17,0.0,0.0,193.55,1.0,1.0,1123.298046860001,1000.0,1123.358846860001,1000.0,0.027514692192687512,0.0
3170,1653572280000.0,0.0,0.0,0.24,192.21,0.0,0.0,190.45,1.0,1.0,1123.295002220001,1000.0,1122.872602220001,1000.0,0.0410670392985201,0.0
3171,1653575880000.0,0.0,0.0,0.24,192.21,0.0,0.0,194.75,1.0,1.0,1123.295002220001,1000.0,1123.904602220001,1000.0,0.0410670392985201,0.0
3172,1653579480000.0,0.0,0.0,0.24,192.21,0.0,0.0,195.45,1.0,1.0,1123.295002220001,1000.0,1124.0726022200008,1000.0,0.0410670392985201,0.0
3173,1653583080000.0,0.0,0.0,0.03,192.21,0.0,0.0,197.3,1.0,1.0,1124.4983870600008,1000.0,1124.651087060001,1000.0,0.005127886412603919,0.0
3174,1653586680000.0,0.0,0.0,0.03,192.21,0.0,0.0,195.15,1.0,1.0,1124.4983870600008,1000.0,1124.5865870600007,1000.0,0.005127886412603919,0.0
3175,1653590280000.0,0.0,0.0,0.03,192.21,0.0,0.0,193.1,1.0,1.0,1124.4983870600008,1000.0,1124.5250870600007,1000.0,0.005127886412603919,0.0
3176,1653593880000.0,0.0,0.0,0.24,189.57625,0.0,0.0,189.8,1.0,1.0,1124.4904406600008,1000.0,1124.5441406600007,1000.0,0.04046125992257927,0.0
3177,1653597480000.0,0.0,0.0,0.24,189.57625,0.0,0.0,189.65,1.0,1.0,1124.4904406600008,1000.0,1124.508140660001,1000.0,0.04046125992257927,0.0
3178,1653601080000.0,0.0,0.0,0.24,189.57625,0.0,0.0,190.85,1.0,1.0,1124.4904406600008,1000.0,1124.7961406600007,1000.0,0.04046125992257927,0.0
3179,1653604680000.0,0.0,0.0,0.24,189.57625,0.0,0.0,191.4,1.0,1.0,1124.4904406600008,1000.0,1124.9281406600007,1000.0,0.04046125992257927,0.0
3180,1653608280000.0,0.0,0.0,0.24,189.57625,0.0,0.0,190.4,1.0,1.0,1124.4904406600008,1000.0,1124.6881406600007,1000.0,0.04046125992257927,0.0
3181,1653611880000.0,0.0,0.0,0.24,189.57625,0.0,0.0,189.85,1.0,1.0,1124.4904406600008,1000.0,1124.556140660001,1000.0,0.04046125992257927,0.0
3182,1653615480000.0,0.0,0.0,0.24,189.57625,0.0,0.0,187.4,1.0,1.0,1124.4904406600008,1000.0,1123.9681406600007,1000.0,0.04046125992257927,0.0
3183,1653619080000.0,0.0,0.0,0.24,189.57625,0.0,0.0,185.15,1.0,1.0,1124.4904406600008,1000.0,1123.4281406600007,1000.0,0.04046125992257927,0.0
3184,1653622680000.0,0.0,0.0,0.24,189.57625,0.0,0.0,187.1,1.0,1.0,1124.4904406600008,1000.0,1123.8961406600008,1000.0,0.04046125992257927,0.0
3185,1653626280000.0,0.0,0.0,0.24,189.57625,0.0,0.0,182.7,1.0,1.0,1124.4904406600008,1000.0,1122.8401406600008,1000.0,0.04046125992257927,0.0
3186,1653629880000.0,0.0,0.0,0.49,185.53224489795917,0.0,0.0,179.1,1.0,1.0,1124.4813581600008,1000.0,1121.3295581600007,1000.0,0.08084687161800368,0.0
3187,1653633480000.0,0.0,0.0,0.49,185.53224489795917,0.0,0.0,182.85,1.0,1.0,1124.4813581600008,1000.0,1123.1670581600008,1000.0,0.08084687161800368,0.0
3188,1653637080000.0,0.0,0.0,0.49,185.53224489795917,0.0,0.0,184.65,1.0,1.0,1124.4813581600008,1000.0,1124.0490581600009,1000.0,0.08084687161800368,0.0
3189,1653640680000.0,0.0,0.0,0.49,185.53224489795917,0.0,0.0,183.75,1.0,1.0,1124.4813581600008,1000.0,1123.6080581600008,1000.0,0.08084687161800368,0.0
3190,1653644280000.0,0.0,0.0,0.49,185.53224489795917,0.0,0.0,185.15,1.0,1.0,1124.4813581600008,1000.0,1124.2940581600008,1000.0,0.08084687161800368,0.0
3191,1653647880000.0,0.0,0.0,0.49,185.53224489795917,0.0,0.0,185.4,1.0,1.0,1124.4813581600008,1000.0,1124.4165581600007,1000.0,0.08084687161800368,0.0
3192,1653651480000.0,0.0,0.0,0.49,185.53224489795917,0.0,0.0,186.45,1.0,1.0,1124.4813581600008,1000.0,1124.9310581600007,1000.0,0.08084687161800368,0.0
3193,1653655080000.0,0.0,0.0,0.49,185.53224489795917,0.0,0.0,187.8,1.0,1.0,1124.4813581600008,1000.0,1125.5925581600009,1000.0,0.08084687161800368,0.0
3194,1653658680000.0,0.0,0.0,0.49,185.53224489795917,0.0,0.0,188.55,1.0,1.0,1124.4813581600008,1000.0,1125.960058160001,1000.0,0.08084687161800368,0.0
3195,1653662280000.0,0.0,0.0,0.49,185.53224489795917,0.0,0.0,186.65,1.0,1.0,1124.4813581600008,1000.0,1125.029058160001,1000.0,0.08084687161800368,0.0
3196,1653665880000.0,0.0,0.0,0.49,185.53224489795917,0.0,0.0,186.85,1.0,1.0,1124.4813581600008,1000.0,1125.1270581600008,1000.0,0.08084687161800368,0.0
3197,1653669480000.0,0.0,0.0,0.49,185.53224489795917,0.0,0.0,186.8,1.0,1.0,1124.4813581600008,1000.0,1125.1025581600009,1000.0,0.08084687161800368,0.0
3198,1653673080000.0,0.0,0.0,0.49,185.53224489795917,0.0,0.0,183.8,1.0,1.0,1124.4813581600008,1000.0,1123.6325581600008,1000.0,0.08084687161800368,0.0
3199,1653676680000.0,0.0,0.0,0.49,185.53224489795917,0.0,0.0,183.6,1.0,1.0,1124.4813581600008,1000.0,1123.5345581600009,1000.0,0.08084687161800368,0.0
3200,1653680280000.0,0.0,0.0,0.49,185.53224489795917,0.0,0.0,176.7,1.0,1.0,1124.4813581600008,1000.0,1120.1535581600008,1000.0,0.08084687161800368,0.0
3201,1653683880000.0,0.0,0.0,0.49,185.53224489795917,0.0,0.0,183.4,1.0,1.0,1124.4813581600008,1000.0,1123.436558160001,1000.0,0.08084687161800368,0.0
3202,1653687480000.0,0.0,0.0,0.49,185.53224489795917,0.0,0.0,182.55,1.0,1.0,1124.4813581600008,1000.0,1123.0200581600009,1000.0,0.08084687161800368,0.0
3203,1653691080000.0,0.0,0.0,0.49,185.53224489795917,0.0,0.0,182.65,1.0,1.0,1124.4813581600008,1000.0,1123.0690581600008,1000.0,0.08084687161800368,0.0
3204,1653694680000.0,0.0,0.0,0.49,185.53224489795917,0.0,0.0,180.45,1.0,1.0,1124.4813581600008,1000.0,1121.9910581600009,1000.0,0.08084687161800368,0.0
3205,1653698280000.0,0.0,0.0,0.49,185.53224489795917,0.0,0.0,182.55,1.0,1.0,1124.4813581600008,1000.0,1123.0200581600009,1000.0,0.08084687161800368,0.0
3206,1653701880000.0,0.0,0.0,0.49,185.53224489795917,0.0,0.0,181.7,1.0,1.0,1124.4813581600008,1000.0,1122.6035581600008,1000.0,0.08084687161800368,0.0
3207,1653705480000.0,0.0,0.0,0.49,185.53224489795917,0.0,0.0,177.45,1.0,1.0,1124.4813581600008,1000.0,1120.5210581600008,1000.0,0.08084687161800368,0.0
3208,1653709080000.0,0.0,0.0,0.49,185.53224489795917,0.0,0.0,179.45,1.0,1.0,1124.4813581600008,1000.0,1121.5010581600009,1000.0,0.08084687161800368,0.0
3209,1653712680000.0,0.0,0.0,0.49,185.53224489795917,0.0,0.0,179.4,1.0,1.0,1124.4813581600008,1000.0,1121.4765581600009,1000.0,0.08084687161800368,0.0
3210,1653716280000.0,0.0,0.0,0.49,185.53224489795917,0.0,0.0,181.1,1.0,1.0,1124.4813581600008,1000.0,1122.3095581600007,1000.0,0.08084687161800368,0.0
3211,1653719880000.0,0.0,0.0,0.49,185.53224489795917,0.0,0.0,180.7,1.0,1.0,1124.4813581600008,1000.0,1122.1135581600008,1000.0,0.08084687161800368,0.0
3212,1653723480000.0,0.0,0.0,0.49,185.53224489795917,0.0,0.0,179.9,1.0,1.0,1124.4813581600008,1000.0,1121.7215581600008,1000.0,0.08084687161800368,0.0
3213,1653727080000.0,0.0,0.0,0.49,185.53224489795917,0.0,0.0,179.1,1.0,1.0,1124.4813581600008,1000.0,1121.3295581600007,1000.0,0.08084687161800368,0.0
3214,1653730680000.0,0.0,0.0,0.49,185.53224489795917,0.0,0.0,178.2,1.0,1.0,1124.4813581600008,1000.0,1120.888558160001,1000.0,0.08084687161800368,0.0
3215,1653734280000.0,0.0,0.0,0.49,185.53224489795917,0.0,0.0,178.25,1.0,1.0,1124.4813581600008,1000.0,1120.913058160001,1000.0,0.08084687161800368,0.0
3216,1653737880000.0,0.0,0.0,0.49,185.53224489795917,0.0,0.0,178.25,1.0,1.0,1124.4813581600008,1000.0,1120.913058160001,1000.0,0.08084687161800368,0.0
3217,1653741480000.0,0.0,0.0,0.49,185.53224489795917,0.0,0.0,177.2,1.0,1.0,1124.4813581600008,1000.0,1120.398558160001,1000.0,0.08084687161800368,0.0
3218,1653745080000.0,0.0,0.0,0.49,185.53224489795917,0.0,0.0,178.7,1.0,1.0,1124.4813581600008,1000.0,1121.1335581600008,1000.0,0.08084687161800368,0.0
3219,1653748680000.0,0.0,0.0,0.49,185.53224489795917,0.0,0.0,178.0,1.0,1.0,1124.4813581600008,1000.0,1120.7905581600007,1000.0,0.08084687161800368,0.0
3220,1653752280000.0,0.0,0.0,0.49,185.53224489795917,0.0,0.0,179.65,1.0,1.0,1124.4813581600008,1000.0,1121.5990581600008,1000.0,0.08084687161800368,0.0
3221,1653755880000.0,0.0,0.0,0.49,185.53224489795917,0.0,0.0,179.3,1.0,1.0,1124.4813581600008,1000.0,1121.427558160001,1000.0,0.08084687161800368,0.0
3222,1653759480000.0,0.0,0.0,0.49,185.53224489795917,0.0,0.0,177.35,1.0,1.0,1124.4813581600008,1000.0,1120.4720581600009,1000.0,0.08084687161800368,0.0
3223,1653763080000.0,0.0,0.0,0.49,185.53224489795917,0.0,0.0,179.5,1.0,1.0,1124.4813581600008,1000.0,1121.5255581600009,1000.0,0.08084687161800368,0.0
3224,1653766680000.0,0.0,0.0,0.49,185.53224489795917,0.0,0.0,178.4,1.0,1.0,1124.4813581600008,1000.0,1120.9865581600009,1000.0,0.08084687161800368,0.0
3225,1653770280000.0,0.0,0.0,0.49,185.53224489795917,0.0,0.0,177.4,1.0,1.0,1124.4813581600008,1000.0,1120.4965581600009,1000.0,0.08084687161800368,0.0
3226,1653773880000.0,0.0,0.0,0.49,185.53224489795917,0.0,0.0,176.9,1.0,1.0,1124.4813581600008,1000.0,1120.2515581600007,1000.0,0.08084687161800368,0.0
3227,1653777480000.0,0.0,0.0,0.75,181.888,0.0,0.0,175.05,1.0,1.0,1124.472257120001,1000.0,1119.3437571200009,1000.0,0.12131557638370621,0.0
3228,1653781080000.0,0.0,0.0,0.75,181.888,0.0,0.0,176.5,1.0,1.0,1124.472257120001,1000.0,1120.431257120001,1000.0,0.12131557638370621,0.0
3229,1653784680000.0,0.0,0.0,0.75,181.888,0.0,0.0,175.55,1.0,1.0,1124.472257120001,1000.0,1119.7187571200009,1000.0,0.12131557638370621,0.0
3230,1653788280000.0,0.0,0.0,0.75,181.888,0.0,0.0,172.65,1.0,1.0,1124.472257120001,1000.0,1117.543757120001,1000.0,0.12131557638370621,0.0
3231,1653791880000.0,0.0,0.0,1.11,177.66594594594594,0.0,0.0,168.6,1.0,1.0,1124.4600984800009,1000.0,1114.3968984800008,1000.0,0.17538123430665023,0.0
3232,1653795480000.0,0.0,0.0,1.11,177.66594594594594,0.0,0.0,171.0,1.0,1.0,1124.4600984800009,1000.0,1117.0608984800008,1000.0,0.17538123430665023,0.0
3233,1653799080000.0,0.0,0.0,1.11,177.66594594594594,0.0,0.0,170.45,1.0,1.0,1124.4600984800009,1000.0,1116.4503984800008,1000.0,0.17538123430665023,0.0
3234,1653802680000.0,0.0,0.0,1.11,177.66594594594594,0.0,0.0,171.05,1.0,1.0,1124.4600984800009,1000.0,1117.116398480001,1000.0,0.17538123430665023,0.0
3235,1653806280000.0,0.0,0.0,1.11,177.66594594594594,0.0,0.0,170.7,1.0,1.0,1124.4600984800009,1000.0,1116.727898480001,1000.0,0.17538123430665023,0.0
3236,1653809880000.0,0.0,0.0,1.11,177.66594594594594,0.0,0.0,172.4,1.0,1.0,1124.4600984800009,1000.0,1118.6148984800009,1000.0,0.17538123430665023,0.0
3237,1653813480000.0,0.0,0.0,1.11,177.66594594594594,0.0,0.0,173.75,1.0,1.0,1124.4600984800009,1000.0,1120.1133984800008,1000.0,0.17538123430665023,0.0
3238,1653817080000.0,0.0,0.0,1.11,177.66594594594594,0.0,0.0,172.6,1.0,1.0,1124.4600984800009,1000.0,1118.8368984800009,1000.0,0.17538123430665023,0.0
3239,1653820680000.0,0.0,0.0,1.11,177.66594594594594,0.0,0.0,174.3,1.0,1.0,1124.4600984800009,1000.0,1120.7238984800008,1000.0,0.17538123430665023,0.0
3240,1653824280000.0,0.0,0.0,1.11,177.66594594594594,0.0,0.0,175.1,1.0,1.0,1124.4600984800009,1000.0,1121.611898480001,1000.0,0.17538123430665023,0.0
3241,1653827880000.0,0.0,0.0,1.11,177.66594594594594,0.0,0.0,174.95,1.0,1.0,1124.4600984800009,1000.0,1121.445398480001,1000.0,0.17538123430665023,0.0
3242,1653831480000.0,0.0,0.0,1.11,177.66594594594594,0.0,0.0,175.65,1.0,1.0,1124.4600984800009,1000.0,1122.222398480001,1000.0,0.17538123430665023,0.0
3243,1653835080000.0,0.0,0.0,1.11,177.66594594594594,0.0,0.0,177.45,1.0,1.0,1124.4600984800009,1000.0,1124.2203984800008,1000.0,0.17538123430665023,0.0
3244,1653838680000.0,0.0,0.0,1.11,177.66594594594594,0.0,0.0,177.7,1.0,1.0,1124.4600984800009,1000.0,1124.497898480001,1000.0,0.17538123430665023,0.0
3245,1653842280000.0,0.0,0.0,1.11,177.66594594594594,0.0,0.0,182.05,1.0,1.0,1124.4600984800009,1000.0,1129.326398480001,1000.0,0.17538123430665023,0.0
3246,1653845880000.0,0.0,0.0,0.11,177.66594594594594,0.0,0.0,185.25,1.0,1.0,1129.757552534055,1000.0,1130.591798480001,1000.0,0.01729862660375085,0.0
3247,1653849480000.0,0.0,0.0,0.11,177.66594594594594,0.0,0.0,184.05,1.0,1.0,1129.757552534055,1000.0,1130.4597984800012,1000.0,0.01729862660375085,0.0
3248,1653853080000.0,0.0,0.0,0.08,177.66594594594594,0.0,0.0,181.25,1.0,1.0,1129.9164761556767,1000.0,1130.203200480001,1000.0,0.012579049846262628,0.0
3249,1653856680000.0,0.0,0.0,0.04,177.66594594594594,0.0,0.0,183.75,1.0,1.0,1130.1283743178387,1000.0,1130.371736480001,1000.0,0.006288345642261662,0.0
3250,1653860280000.0,0.0,0.0,0.04,177.66594594594594,0.0,0.0,185.55,1.0,1.0,1130.1283743178387,1000.0,1130.443736480001,1000.0,0.006288345642261662,0.0
3251,1653863880000.0,0.0,0.0,0.02,177.66594594594594,0.0,0.0,187.85,1.0,1.0,1130.32050615892,1000.0,1130.524187240001,1000.0,0.0031436383747419443,0.0
3252,1653867480000.0,0.0,0.0,0.0,177.66594594594594,0.0,0.0,186.55,1.0,1.0,1130.5126380000008,1000.0,1130.5126380000008,1000.0,0.0,0.0
3253,1653871080000.0,0.0,0.0,0.0,177.66594594594594,0.0,0.0,184.55,1.0,1.0,1130.5126380000008,1000.0,1130.5126380000008,1000.0,0.0,0.0
3254,1653874680000.0,0.0,0.0,0.0,177.66594594594594,0.0,0.0,186.1,1.0,1.0,1130.5126380000008,1000.0,1130.5126380000008,1000.0,0.0,0.0
3255,1653878280000.0,0.0,0.0,0.0,177.66594594594594,0.0,0.0,189.05,1.0,1.0,1130.5126380000008,1000.0,1130.5126380000008,1000.0,0.0,0.0
3256,1653881880000.0,0.0,0.0,0.0,177.66594594594594,0.0,0.0,190.8,1.0,1.0,1130.5126380000008,1000.0,1130.5126380000008,1000.0,0.0,0.0
3257,1653885480000.0,0.0,0.0,0.0,177.66594594594594,0.0,0.0,188.3,1.0,1.0,1130.5126380000008,1000.0,1130.5126380000008,1000.0,0.0,0.0
3258,1653889080000.0,0.0,0.0,0.0,177.66594594594594,0.0,0.0,189.35,1.0,1.0,1130.5126380000008,1000.0,1130.5126380000008,1000.0,0.0,0.0
3259,1653892680000.0,0.0,0.0,0.0,177.66594594594594,0.0,0.0,194.15,1.0,1.0,1130.5126380000008,1000.0,1130.5126380000008,1000.0,0.0,0.0
3260,1653896280000.0,0.0,0.0,0.0,177.66594594594594,0.0,0.0,193.15,1.0,1.0,1130.5126380000008,1000.0,1130.5126380000008,1000.0,0.0,0.0
3261,1653899880000.0,0.0,0.0,0.0,177.66594594594594,0.0,0.0,192.05,1.0,1.0,1130.5126380000008,1000.0,1130.5126380000008,1000.0,0.0,0.0
3262,1653903480000.0,0.0,0.0,0.0,177.66594594594594,0.0,0.0,190.8,1.0,1.0,1130.5126380000008,1000.0,1130.5126380000008,1000.0,0.0,0.0
3263,1653907080000.0,0.0,0.0,0.0,177.66594594594594,0.0,0.0,189.9,1.0,1.0,1130.5126380000008,1000.0,1130.5126380000008,1000.0,0.0,0.0
3264,1653910680000.0,0.0,0.0,0.0,177.66594594594594,0.0,0.0,190.8,1.0,1.0,1130.5126380000008,1000.0,1130.5126380000008,1000.0,0.0,0.0
3265,1653914280000.0,0.0,0.0,0.0,177.66594594594594,0.0,0.0,191.6,1.0,1.0,1130.5126380000008,1000.0,1130.5126380000008,1000.0,0.0,0.0
3266,1653917880000.0,0.0,0.0,0.0,177.66594594594594,0.0,0.0,194.1,1.0,1.0,1130.5126380000008,1000.0,1130.5126380000008,1000.0,0.0,0.0
3267,1653921480000.0,0.0,0.0,0.0,177.66594594594594,0.0,0.0,196.7,1.0,1.0,1130.5126380000008,1000.0,1130.5126380000008,1000.0,0.0,0.0
3268,1653925080000.0,0.0,0.0,0.0,177.66594594594594,0.0,0.0,197.8,1.0,1.0,1130.5126380000008,1000.0,1130.5126380000008,1000.0,0.0,0.0
3269,1653928680000.0,0.0,0.0,0.0,177.66594594594594,0.0,0.0,198.9,1.0,1.0,1130.5126380000008,1000.0,1130.5126380000008,1000.0,0.0,0.0
3270,1653932280000.0,0.0,0.0,0.0,177.66594594594594,0.0,0.0,201.7,1.0,1.0,1130.5126380000008,1000.0,1130.5126380000008,1000.0,0.0,0.0
3271,1653935880000.0,0.0,0.0,0.0,177.66594594594594,0.0,0.0,202.25,1.0,1.0,1130.5126380000008,1000.0,1130.5126380000008,1000.0,0.0,0.0
3272,1653939480000.0,0.0,0.0,0.0,177.66594594594594,0.0,0.0,199.75,1.0,1.0,1130.5126380000008,1000.0,1130.5126380000008,1000.0,0.0,0.0
3273,1653943080000.0,0.0,0.0,0.0,177.66594594594594,0.0,0.0,203.65,1.0,1.0,1130.5126380000008,1000.0,1130.5126380000008,1000.0,0.0,0.0
3274,1653946680000.0,0.0,0.0,0.0,177.66594594594594,0.0,0.0,207.4,1.0,1.0,1130.5126380000008,1000.0,1130.5126380000008,1000.0,0.0,0.0
3275,1653950280000.0,0.0,0.0,0.0,177.66594594594594,0.0,0.0,205.35,1.0,1.0,1130.5126380000008,1000.0,1130.5126380000008,1000.0,0.0,0.0
3276,1653953880000.0,0.0,0.0,0.0,177.66594594594594,0.0,0.0,204.5,1.0,1.0,1130.5126380000008,1000.0,1130.5126380000008,1000.0,0.0,0.0
3277,1653957480000.0,0.0,0.0,0.0,177.66594594594594,0.0,0.0,203.95,1.0,1.0,1130.5126380000008,1000.0,1130.5126380000008,1000.0,0.0,0.0
3278,1653961080000.0,0.0,0.0,0.0,177.66594594594594,0.0,0.0,201.45,1.0,1.0,1130.5126380000008,1000.0,1130.5126380000008,1000.0,0.0,0.0
3279,1653964680000.0,0.0,0.0,0.0,177.66594594594594,0.0,0.0,204.1,1.0,1.0,1130.5126380000008,1000.0,1130.5126380000008,1000.0,0.0,0.0
3280,1653968280000.0,0.0,0.0,0.0,177.66594594594594,0.0,0.0,201.45,1.0,1.0,1130.5126380000008,1000.0,1130.5126380000008,1000.0,0.0,0.0
3281,1653971880000.0,0.0,0.0,0.0,177.66594594594594,0.0,0.0,205.65,1.0,1.0,1130.5126380000008,1000.0,1130.5126380000008,1000.0,0.0,0.0
3282,1653975480000.0,0.0,0.0,0.0,177.66594594594594,0.0,0.0,207.1,1.0,1.0,1130.5126380000008,1000.0,1130.5126380000008,1000.0,0.0,0.0
3283,1653979080000.0,0.0,0.0,0.0,177.66594594594594,0.0,0.0,202.05,1.0,1.0,1130.5126380000008,1000.0,1130.5126380000008,1000.0,0.0,0.0
3284,1653982680000.0,0.0,0.0,0.0,177.66594594594594,0.0,0.0,204.35,1.0,1.0,1130.5126380000008,1000.0,1130.5126380000008,1000.0,0.0,0.0
3285,1653986280000.0,0.0,0.0,0.0,177.66594594594594,0.0,0.0,203.95,1.0,1.0,1130.5126380000008,1000.0,1130.5126380000008,1000.0,0.0,0.0
3286,1653989880000.0,0.0,0.0,0.0,177.66594594594594,0.0,0.0,202.5,1.0,1.0,1130.5126380000008,1000.0,1130.5126380000008,1000.0,0.0,0.0
3287,1653993480000.0,0.0,0.0,0.0,177.66594594594594,0.0,0.0,201.15,1.0,1.0,1130.5126380000008,1000.0,1130.5126380000008,1000.0,0.0,0.0
3288,1653997080000.0,0.0,0.0,0.0,177.66594594594594,0.0,0.0,199.95,1.0,1.0,1130.5126380000008,1000.0,1130.5126380000008,1000.0,0.0,0.0
3289,1654000680000.0,0.0,0.0,0.0,177.66594594594594,0.0,0.0,197.1,1.0,1.0,1130.5126380000008,1000.0,1130.5126380000008,1000.0,0.0,0.0
3290,1654004280000.0,0.0,0.0,0.0,177.66594594594594,0.0,0.0,196.9,1.0,1.0,1130.5126380000008,1000.0,1130.5126380000008,1000.0,0.0,0.0
3291,1654007880000.0,0.0,0.0,0.23,193.84,0.0,0.0,194.4,1.0,1.0,1130.5037213600008,1000.0,1130.6325213600007,1000.0,0.03943657960397178,0.0
3292,1654011480000.0,0.0,0.0,0.23,193.84,0.0,0.0,193.35,1.0,1.0,1130.5037213600008,1000.0,1130.3910213600009,1000.0,0.03943657960397178,0.0
3293,1654015080000.0,0.0,0.0,0.23,193.84,0.0,0.0,195.15,1.0,1.0,1130.5037213600008,1000.0,1130.8050213600009,1000.0,0.03943657960397178,0.0
3294,1654018680000.0,0.0,0.0,0.23,193.84,0.0,0.0,192.55,1.0,1.0,1130.5037213600008,1000.0,1130.2070213600007,1000.0,0.03943657960397178,0.0
3295,1654022280000.0,0.0,0.0,0.23,193.84,0.0,0.0,193.45,1.0,1.0,1130.5037213600008,1000.0,1130.4140213600008,1000.0,0.03943657960397178,0.0
3296,1654025880000.0,0.0,0.0,0.23,193.84,0.0,0.0,192.75,1.0,1.0,1130.5037213600008,1000.0,1130.2530213600007,1000.0,0.03943657960397178,0.0
3297,1654029480000.0,0.0,0.0,0.23,193.84,0.0,0.0,195.4,1.0,1.0,1130.5037213600008,1000.0,1130.8625213600008,1000.0,0.03943657960397178,0.0
3298,1654033080000.0,0.0,0.0,0.23,193.84,0.0,0.0,197.7,1.0,1.0,1130.5037213600008,1000.0,1131.3915213600008,1000.0,0.03943657960397178,0.0
3299,1654036680000.0,0.0,0.0,0.16,193.84,0.0,0.0,199.8,1.0,1.0,1130.9083261200008,1000.0,1131.8619261200008,1000.0,0.027424327227659886,0.0
3300,1654040280000.0,0.0,0.0,0.08,193.84,0.0,0.0,201.0,1.0,1.0,1131.3707315600009,1000.0,1131.9435315600008,1000.0,0.013706559280190815,0.0
3301,1654043880000.0,0.0,0.0,0.04,193.84,0.0,0.0,198.4,1.0,1.0,1131.601934280001,1000.0,1131.7843342800008,1000.0,0.00685187941547073,0.0
3302,1654047480000.0,0.0,0.0,0.01,193.84,0.0,0.0,197.0,1.0,1.0,1131.7753363200006,1000.0,1131.8069363200007,1000.0,0.001712707405608221,0.0
3303,1654051080000.0,0.0,0.0,0.01,193.84,0.0,0.0,196.8,1.0,1.0,1131.7753363200006,1000.0,1131.8049363200007,1000.0,0.001712707405608221,0.0
3304,1654054680000.0,0.0,0.0,0.01,193.84,0.0,0.0,195.9,1.0,1.0,1131.7753363200006,1000.0,1131.7959363200007,1000.0,0.001712707405608221,0.0
3305,1654058280000.0,0.0,0.0,0.01,193.84,0.0,0.0,195.3,1.0,1.0,1131.7753363200006,1000.0,1131.7899363200006,1000.0,0.001712707405608221,0.0
3306,1654061880000.0,0.0,0.0,0.01,193.84,0.0,0.0,195.25,1.0,1.0,1131.7753363200006,1000.0,1131.7894363200007,1000.0,0.001712707405608221,0.0
3307,1654065480000.0,0.0,0.0,0.01,193.84,0.0,0.0,196.95,1.0,1.0,1131.7753363200006,1000.0,1131.8064363200006,1000.0,0.001712707405608221,0.0
3308,1654069080000.0,0.0,0.0,0.01,193.84,0.0,0.0,196.7,1.0,1.0,1131.7753363200006,1000.0,1131.8039363200007,1000.0,0.001712707405608221,0.0
3309,1654072680000.0,0.0,0.0,0.01,193.84,0.0,0.0,197.5,1.0,1.0,1131.7753363200006,1000.0,1131.8119363200005,1000.0,0.001712707405608221,0.0
3310,1654076280000.0,0.0,0.0,0.01,193.84,0.0,0.0,198.55,1.0,1.0,1131.7753363200006,1000.0,1131.8224363200006,1000.0,0.001712707405608221,0.0
3311,1654079880000.0,0.0,0.0,0.01,193.84,0.0,0.0,196.6,1.0,1.0,1131.7753363200006,1000.0,1131.8029363200005,1000.0,0.001712707405608221,0.0
3312,1654083480000.0,0.0,0.0,0.01,193.84,0.0,0.0,194.9,1.0,1.0,1131.7753363200006,1000.0,1131.7859363200007,1000.0,0.001712707405608221,0.0
3313,1654087080000.0,0.0,0.0,0.01,193.84,0.0,0.0,196.2,1.0,1.0,1131.7753363200006,1000.0,1131.7989363200006,1000.0,0.001712707405608221,0.0
3314,1654090680000.0,0.0,0.0,0.01,193.84,0.0,0.0,199.0,1.0,1.0,1131.7753363200006,1000.0,1131.8269363200006,1000.0,0.001712707405608221,0.0
3315,1654094280000.0,0.0,0.0,0.0,193.84,0.0,0.0,195.75,1.0,1.0,1131.8331370000005,1000.0,1131.8331370000005,1000.0,0.0,0.0
3316,1654097880000.0,0.0,0.0,0.0,193.84,0.0,0.0,198.1,1.0,1.0,1131.8331370000005,1000.0,1131.8331370000005,1000.0,0.0,0.0
3317,1654101480000.0,0.0,0.0,0.0,193.84,0.0,0.0,196.6,1.0,1.0,1131.8331370000005,1000.0,1131.8331370000005,1000.0,0.0,0.0
3318,1654105080000.0,0.0,0.0,0.0,193.84,0.0,0.0,196.1,1.0,1.0,1131.8331370000005,1000.0,1131.8331370000005,1000.0,0.0,0.0
3319,1654108680000.0,0.0,0.0,0.0,193.84,0.0,0.0,197.15,1.0,1.0,1131.8331370000005,1000.0,1131.8331370000005,1000.0,0.0,0.0
3320,1654112280000.0,0.0,0.0,0.0,193.84,0.0,0.0,197.55,1.0,1.0,1131.8331370000005,1000.0,1131.8331370000005,1000.0,0.0,0.0
3321,1654115880000.0,0.0,0.0,0.0,193.84,0.0,0.0,194.6,1.0,1.0,1131.8331370000005,1000.0,1131.8331370000005,1000.0,0.0,0.0
3322,1654119480000.0,0.0,0.0,0.0,193.84,0.0,0.0,200.25,1.0,1.0,1131.8331370000005,1000.0,1131.8331370000005,1000.0,0.0,0.0
3323,1654123080000.0,0.0,0.0,0.0,193.84,0.0,0.0,197.6,1.0,1.0,1131.8331370000005,1000.0,1131.8331370000005,1000.0,0.0,0.0
3324,1654126680000.0,0.0,0.0,0.0,193.84,0.0,0.0,199.7,1.0,1.0,1131.8331370000005,1000.0,1131.8331370000005,1000.0,0.0,0.0
3325,1654130280000.0,0.0,0.0,0.0,193.84,0.0,0.0,195.1,1.0,1.0,1131.8331370000005,1000.0,1131.8331370000005,1000.0,0.0,0.0
3326,1654133880000.0,0.0,0.0,0.0,193.84,0.0,0.0,196.25,1.0,1.0,1131.8331370000005,1000.0,1131.8331370000005,1000.0,0.0,0.0
3327,1654137480000.0,0.0,0.0,0.0,193.84,0.0,0.0,199.3,1.0,1.0,1131.8331370000005,1000.0,1131.8331370000005,1000.0,0.0,0.0
3328,1654141080000.0,0.0,0.0,0.0,193.84,0.0,0.0,197.75,1.0,1.0,1131.8331370000005,1000.0,1131.8331370000005,1000.0,0.0,0.0
3329,1654144680000.0,0.0,0.0,0.0,193.84,0.0,0.0,196.25,1.0,1.0,1131.8331370000005,1000.0,1131.8331370000005,1000.0,0.0,0.0
3330,1654148280000.0,0.0,0.0,0.0,193.84,0.0,0.0,192.3,1.0,1.0,1131.8331370000005,1000.0,1131.8331370000005,1000.0,0.0,0.0
3331,1654151880000.0,0.0,0.0,0.0,193.84,0.0,0.0,194.95,1.0,1.0,1131.8331370000005,1000.0,1131.8331370000005,1000.0,0.0,0.0
3332,1654155480000.0,0.0,0.0,0.0,193.84,0.0,0.0,195.45,1.0,1.0,1131.8331370000005,1000.0,1131.8331370000005,1000.0,0.0,0.0
3333,1654159080000.0,0.0,0.0,0.0,193.84,0.0,0.0,194.3,1.0,1.0,1131.8331370000005,1000.0,1131.8331370000005,1000.0,0.0,0.0
3334,1654162680000.0,0.0,0.0,0.0,193.84,0.0,0.0,195.5,1.0,1.0,1131.8331370000005,1000.0,1131.8331370000005,1000.0,0.0,0.0
3335,1654166280000.0,0.0,0.0,0.0,193.84,0.0,0.0,197.4,1.0,1.0,1131.8331370000005,1000.0,1131.8331370000005,1000.0,0.0,0.0
3336,1654169880000.0,0.0,0.0,0.0,193.84,0.0,0.0,200.4,1.0,1.0,1131.8331370000005,1000.0,1131.8331370000005,1000.0,0.0,0.0
3337,1654173480000.0,0.0,0.0,0.0,193.84,0.0,0.0,198.55,1.0,1.0,1131.8331370000005,1000.0,1131.8331370000005,1000.0,0.0,0.0
3338,1654177080000.0,0.0,0.0,0.0,193.84,0.0,0.0,197.9,1.0,1.0,1131.8331370000005,1000.0,1131.8331370000005,1000.0,0.0,0.0
3339,1654180680000.0,0.0,0.0,0.0,193.84,0.0,0.0,198.7,1.0,1.0,1131.8331370000005,1000.0,1131.8331370000005,1000.0,0.0,0.0
3340,1654184280000.0,0.0,0.0,0.0,193.84,0.0,0.0,202.1,1.0,1.0,1131.8331370000005,1000.0,1131.8331370000005,1000.0,0.0,0.0
3341,1654187880000.0,0.0,0.0,0.0,193.84,0.0,0.0,199.7,1.0,1.0,1131.8331370000005,1000.0,1131.8331370000005,1000.0,0.0,0.0
3342,1654191480000.0,0.0,0.0,0.0,193.84,0.0,0.0,201.55,1.0,1.0,1131.8331370000005,1000.0,1131.8331370000005,1000.0,0.0,0.0
3343,1654195080000.0,0.0,0.0,0.0,193.84,0.0,0.0,202.0,1.0,1.0,1131.8331370000005,1000.0,1131.8331370000005,1000.0,0.0,0.0
3344,1654198680000.0,0.0,0.0,0.0,193.84,0.0,0.0,201.75,1.0,1.0,1131.8331370000005,1000.0,1131.8331370000005,1000.0,0.0,0.0
3345,1654202280000.0,0.0,0.0,0.0,193.84,0.0,0.0,202.65,1.0,1.0,1131.8331370000005,1000.0,1131.8331370000005,1000.0,0.0,0.0
3346,1654205880000.0,0.0,0.0,0.0,193.84,0.0,0.0,201.1,1.0,1.0,1131.8331370000005,1000.0,1131.8331370000005,1000.0,0.0,0.0
3347,1654209480000.0,0.0,0.0,0.0,193.84,0.0,0.0,201.55,1.0,1.0,1131.8331370000005,1000.0,1131.8331370000005,1000.0,0.0,0.0
3348,1654213080000.0,0.0,0.0,0.0,193.84,0.0,0.0,202.25,1.0,1.0,1131.8331370000005,1000.0,1131.8331370000005,1000.0,0.0,0.0
3349,1654216680000.0,0.0,0.0,0.0,193.84,0.0,0.0,202.15,1.0,1.0,1131.8331370000005,1000.0,1131.8331370000005,1000.0,0.0,0.0
3350,1654220280000.0,0.0,0.0,0.0,193.84,0.0,0.0,200.85,1.0,1.0,1131.8331370000005,1000.0,1131.8331370000005,1000.0,0.0,0.0
3351,1654223880000.0,0.0,0.0,0.0,193.84,0.0,0.0,198.2,1.0,1.0,1131.8331370000005,1000.0,1131.8331370000005,1000.0,0.0,0.0
3352,1654227480000.0,0.0,0.0,0.0,193.84,0.0,0.0,198.3,1.0,1.0,1131.8331370000005,1000.0,1131.8331370000005,1000.0,0.0,0.0
3353,1654231080000.0,0.0,0.0,0.0,193.84,0.0,0.0,198.35,1.0,1.0,1131.8331370000005,1000.0,1131.8331370000005,1000.0,0.0,0.0
3354,1654234680000.0,0.0,0.0,0.0,193.84,0.0,0.0,198.45,1.0,1.0,1131.8331370000005,1000.0,1131.8331370000005,1000.0,0.0,0.0
3355,1654238280000.0,0.0,0.0,0.0,193.84,0.0,0.0,199.55,1.0,1.0,1131.8331370000005,1000.0,1131.8331370000005,1000.0,0.0,0.0
3356,1654241880000.0,0.0,0.0,0.0,193.84,0.0,0.0,198.5,1.0,1.0,1131.8331370000005,1000.0,1131.8331370000005,1000.0,0.0,0.0
3357,1654245480000.0,0.0,0.0,0.0,193.84,0.0,0.0,199.1,1.0,1.0,1131.8331370000005,1000.0,1131.8331370000005,1000.0,0.0,0.0
3358,1654249080000.0,0.0,0.0,0.0,193.84,0.0,0.0,196.25,1.0,1.0,1131.8331370000005,1000.0,1131.8331370000005,1000.0,0.0,0.0
3359,1654252680000.0,0.0,0.0,0.24,192.4,0.0,0.0,192.35,1.0,1.0,1131.8239018000006,1000.0,1131.8119018000007,1000.0,0.040797866104933654,0.0
3360,1654256280000.0,0.0,0.0,0.24,192.4,0.0,0.0,190.65,1.0,1.0,1131.8239018000006,1000.0,1131.4039018000005,1000.0,0.040797866104933654,0.0
3361,1654259880000.0,0.0,0.0,0.24,192.4,0.0,0.0,193.35,1.0,1.0,1131.8239018000006,1000.0,1132.0519018000007,1000.0,0.040797866104933654,0.0
3362,1654263480000.0,0.0,0.0,0.24,192.4,0.0,0.0,193.35,1.0,1.0,1131.8239018000006,1000.0,1132.0519018000007,1000.0,0.040797866104933654,0.0
3363,1654267080000.0,0.0,0.0,0.24,192.4,0.0,0.0,191.05,1.0,1.0,1131.8239018000006,1000.0,1131.4999018000005,1000.0,0.040797866104933654,0.0
3364,1654270680000.0,0.0,0.0,0.24,192.4,0.0,0.0,190.25,1.0,1.0,1131.8239018000006,1000.0,1131.3079018000005,1000.0,0.040797866104933654,0.0
3365,1654274280000.0,0.0,0.0,0.24,192.4,0.0,0.0,191.65,1.0,1.0,1131.8239018000006,1000.0,1131.6439018000005,1000.0,0.040797866104933654,0.0
3366,1654277880000.0,0.0,0.0,0.24,192.4,0.0,0.0,192.9,1.0,1.0,1131.8239018000006,1000.0,1131.9439018000005,1000.0,0.040797866104933654,0.0
3367,1654281480000.0,0.0,0.0,0.24,192.4,0.0,0.0,194.35,1.0,1.0,1131.8239018000006,1000.0,1132.2919018000007,1000.0,0.040797866104933654,0.0
3368,1654285080000.0,0.0,0.0,0.24,192.4,0.0,0.0,195.85,1.0,1.0,1131.8239018000006,1000.0,1132.6519018000006,1000.0,0.040797866104933654,0.0
3369,1654288680000.0,0.0,0.0,0.24,192.4,0.0,0.0,196.25,1.0,1.0,1131.8239018000006,1000.0,1132.7479018000006,1000.0,0.040797866104933654,0.0
3370,1654292280000.0,0.0,0.0,0.24,192.4,0.0,0.0,196.4,1.0,1.0,1131.8239018000006,1000.0,1132.7839018000006,1000.0,0.040797866104933654,0.0
3371,1654295880000.0,0.0,0.0,0.24,192.4,0.0,0.0,194.6,1.0,1.0,1131.8239018000006,1000.0,1132.3519018000006,1000.0,0.040797866104933654,0.0
3372,1654299480000.0,0.0,0.0,0.24,192.4,0.0,0.0,193.8,1.0,1.0,1131.8239018000006,1000.0,1132.1599018000006,1000.0,0.040797866104933654,0.0
3373,1654303080000.0,0.0,0.0,0.24,192.4,0.0,0.0,193.25,1.0,1.0,1131.8239018000006,1000.0,1132.0279018000006,1000.0,0.040797866104933654,0.0
3374,1654306680000.0,0.0,0.0,0.24,192.4,0.0,0.0,191.6,1.0,1.0,1131.8239018000006,1000.0,1131.6319018000006,1000.0,0.040797866104933654,0.0
3375,1654310280000.0,0.0,0.0,0.24,192.4,0.0,0.0,191.4,1.0,1.0,1131.8239018000006,1000.0,1131.5839018000006,1000.0,0.040797866104933654,0.0
3376,1654313880000.0,0.0,0.0,0.24,192.4,0.0,0.0,192.6,1.0,1.0,1131.8239018000006,1000.0,1131.8719018000006,1000.0,0.040797866104933654,0.0
3377,1654317480000.0,0.0,0.0,0.24,192.4,0.0,0.0,193.55,1.0,1.0,1131.8239018000006,1000.0,1132.0999018000007,1000.0,0.040797866104933654,0.0
3378,1654321080000.0,0.0,0.0,0.24,192.4,0.0,0.0,193.9,1.0,1.0,1131.8239018000006,1000.0,1132.1839018000005,1000.0,0.040797866104933654,0.0
3379,1654324680000.0,0.0,0.0,0.24,192.4,0.0,0.0,194.4,1.0,1.0,1131.8239018000006,1000.0,1132.3039018000006,1000.0,0.040797866104933654,0.0
3380,1654328280000.0,0.0,0.0,0.24,192.4,0.0,0.0,194.0,1.0,1.0,1131.8239018000006,1000.0,1132.2079018000006,1000.0,0.040797866104933654,0.0
3381,1654331880000.0,0.0,0.0,0.24,192.4,0.0,0.0,194.45,1.0,1.0,1131.8239018000006,1000.0,1132.3159018000006,1000.0,0.040797866104933654,0.0
3382,1654335480000.0,0.0,0.0,0.24,192.4,0.0,0.0,193.95,1.0,1.0,1131.8239018000006,1000.0,1132.1959018000007,1000.0,0.040797866104933654,0.0
3383,1654339080000.0,0.0,0.0,0.24,192.4,0.0,0.0,194.85,1.0,1.0,1131.8239018000006,1000.0,1132.4119018000006,1000.0,0.040797866104933654,0.0
3384,1654342680000.0,0.0,0.0,0.24,192.4,0.0,0.0,193.9,1.0,1.0,1131.8239018000006,1000.0,1132.1839018000005,1000.0,0.040797866104933654,0.0
3385,1654346280000.0,0.0,0.0,0.24,192.4,0.0,0.0,191.4,1.0,1.0,1131.8239018000006,1000.0,1131.5839018000006,1000.0,0.040797866104933654,0.0
3386,1654349880000.0,0.0,0.0,0.24,192.4,0.0,0.0,191.8,1.0,1.0,1131.8239018000006,1000.0,1131.6799018000006,1000.0,0.040797866104933654,0.0
3387,1654353480000.0,0.0,0.0,0.24,192.4,0.0,0.0,192.5,1.0,1.0,1131.8239018000006,1000.0,1131.8479018000005,1000.0,0.040797866104933654,0.0
3388,1654357080000.0,0.0,0.0,0.24,192.4,0.0,0.0,192.2,1.0,1.0,1131.8239018000006,1000.0,1131.7759018000006,1000.0,0.040797866104933654,0.0
3389,1654360680000.0,0.0,0.0,0.24,192.4,0.0,0.0,191.2,1.0,1.0,1131.8239018000006,1000.0,1131.5359018000006,1000.0,0.040797866104933654,0.0
3390,1654364280000.0,0.0,0.0,0.24,192.4,0.0,0.0,192.05,1.0,1.0,1131.8239018000006,1000.0,1131.7399018000006,1000.0,0.040797866104933654,0.0
3391,1654367880000.0,0.0,0.0,0.24,192.4,0.0,0.0,192.85,1.0,1.0,1131.8239018000006,1000.0,1131.9319018000006,1000.0,0.040797866104933654,0.0
3392,1654371480000.0,0.0,0.0,0.24,192.4,0.0,0.0,192.2,1.0,1.0,1131.8239018000006,1000.0,1131.7759018000006,1000.0,0.040797866104933654,0.0
3393,1654375080000.0,0.0,0.0,0.24,192.4,0.0,0.0,192.9,1.0,1.0,1131.8239018000006,1000.0,1131.9439018000005,1000.0,0.040797866104933654,0.0
3394,1654378680000.0,0.0,0.0,0.24,192.4,0.0,0.0,191.95,1.0,1.0,1131.8239018000006,1000.0,1131.7159018000007,1000.0,0.040797866104933654,0.0
3395,1654382280000.0,0.0,0.0,0.24,192.4,0.0,0.0,191.0,1.0,1.0,1131.8239018000006,1000.0,1131.4879018000006,1000.0,0.040797866104933654,0.0
3396,1654385880000.0,0.0,0.0,0.24,192.4,0.0,0.0,190.25,1.0,1.0,1131.8239018000006,1000.0,1131.3079018000005,1000.0,0.040797866104933654,0.0
3397,1654389480000.0,0.0,0.0,0.24,192.4,0.0,0.0,189.7,1.0,1.0,1131.8239018000006,1000.0,1131.1759018000007,1000.0,0.040797866104933654,0.0
3398,1654393080000.0,0.0,0.0,0.24,192.4,0.0,0.0,188.9,1.0,1.0,1131.8239018000006,1000.0,1130.9839018000007,1000.0,0.040797866104933654,0.0
3399,1654396680000.0,0.0,0.0,0.24,192.4,0.0,0.0,189.1,1.0,1.0,1131.8239018000006,1000.0,1131.0319018000007,1000.0,0.040797866104933654,0.0
3400,1654400280000.0,0.0,0.0,0.24,192.4,0.0,0.0,189.75,1.0,1.0,1131.8239018000006,1000.0,1131.1879018000006,1000.0,0.040797866104933654,0.0
3401,1654403880000.0,0.0,0.0,0.24,192.4,0.0,0.0,190.45,1.0,1.0,1131.8239018000006,1000.0,1131.3559018000005,1000.0,0.040797866104933654,0.0
3402,1654407480000.0,0.0,0.0,0.24,192.4,0.0,0.0,190.95,1.0,1.0,1131.8239018000006,1000.0,1131.4759018000007,1000.0,0.040797866104933654,0.0
3403,1654411080000.0,0.0,0.0,0.24,192.4,0.0,0.0,191.05,1.0,1.0,1131.8239018000006,1000.0,1131.4999018000005,1000.0,0.040797866104933654,0.0
3404,1654414680000.0,0.0,0.0,0.24,192.4,0.0,0.0,191.45,1.0,1.0,1131.8239018000006,1000.0,1131.5959018000005,1000.0,0.040797866104933654,0.0
3405,1654418280000.0,0.0,0.0,0.24,192.4,0.0,0.0,190.9,1.0,1.0,1131.8239018000006,1000.0,1131.4639018000007,1000.0,0.040797866104933654,0.0
3406,1654421880000.0,0.0,0.0,0.24,192.4,0.0,0.0,186.9,1.0,1.0,1131.8239018000006,1000.0,1130.5039018000007,1000.0,0.040797866104933654,0.0
3407,1654425480000.0,0.0,0.0,0.24,192.4,0.0,0.0,188.4,1.0,1.0,1131.8239018000006,1000.0,1130.8639018000006,1000.0,0.040797866104933654,0.0
3408,1654429080000.0,0.0,0.0,0.24,192.4,0.0,0.0,188.6,1.0,1.0,1131.8239018000006,1000.0,1130.9119018000006,1000.0,0.040797866104933654,0.0
3409,1654432680000.0,0.0,0.0,0.24,192.4,0.0,0.0,188.05,1.0,1.0,1131.8239018000006,1000.0,1130.7799018000005,1000.0,0.040797866104933654,0.0
3410,1654436280000.0,0.0,0.0,0.24,192.4,0.0,0.0,188.55,1.0,1.0,1131.8239018000006,1000.0,1130.8999018000006,1000.0,0.040797866104933654,0.0
3411,1654439880000.0,0.0,0.0,0.24,192.4,0.0,0.0,187.15,1.0,1.0,1131.8239018000006,1000.0,1130.5639018000006,1000.0,0.040797866104933654,0.0
3412,1654443480000.0,0.0,0.0,0.24,192.4,0.0,0.0,188.65,1.0,1.0,1131.8239018000006,1000.0,1130.9239018000005,1000.0,0.040797866104933654,0.0
3413,1654447080000.0,0.0,0.0,0.24,192.4,0.0,0.0,186.6,1.0,1.0,1131.8239018000006,1000.0,1130.4319018000006,1000.0,0.040797866104933654,0.0
3414,1654450680000.0,0.0,0.0,0.24,192.4,0.0,0.0,188.5,1.0,1.0,1131.8239018000006,1000.0,1130.8879018000007,1000.0,0.040797866104933654,0.0
3415,1654454280000.0,0.0,0.0,0.24,192.4,0.0,0.0,188.45,1.0,1.0,1131.8239018000006,1000.0,1130.8759018000005,1000.0,0.040797866104933654,0.0
3416,1654457880000.0,0.0,0.0,0.24,192.4,0.0,0.0,188.15,1.0,1.0,1131.8239018000006,1000.0,1130.8039018000006,1000.0,0.040797866104933654,0.0
3417,1654461480000.0,0.0,0.0,0.24,192.4,0.0,0.0,187.95,1.0,1.0,1131.8239018000006,1000.0,1130.7559018000006,1000.0,0.040797866104933654,0.0
3418,1654465080000.0,0.0,0.0,0.24,192.4,0.0,0.0,187.25,1.0,1.0,1131.8239018000006,1000.0,1130.5879018000005,1000.0,0.040797866104933654,0.0
3419,1654468680000.0,0.0,0.0,0.24,192.4,0.0,0.0,188.25,1.0,1.0,1131.8239018000006,1000.0,1130.8279018000005,1000.0,0.040797866104933654,0.0
3420,1654472280000.0,0.0,0.0,0.24,192.4,0.0,0.0,187.55,1.0,1.0,1131.8239018000006,1000.0,1130.6599018000006,1000.0,0.040797866104933654,0.0
3421,1654475880000.0,0.0,0.0,0.24,192.4,0.0,0.0,188.1,1.0,1.0,1131.8239018000006,1000.0,1130.7919018000007,1000.0,0.040797866104933654,0.0
3422,1654479480000.0,0.0,0.0,0.24,192.4,0.0,0.0,192.8,1.0,1.0,1131.8239018000006,1000.0,1131.9199018000006,1000.0,0.040797866104933654,0.0
3423,1654483080000.0,0.0,0.0,0.24,192.4,0.0,0.0,191.85,1.0,1.0,1131.8239018000006,1000.0,1131.6919018000006,1000.0,0.040797866104933654,0.0
3424,1654486680000.0,0.0,0.0,0.24,192.4,0.0,0.0,193.9,1.0,1.0,1131.8239018000006,1000.0,1132.1839018000005,1000.0,0.040797866104933654,0.0
3425,1654490280000.0,0.0,0.0,0.24,192.4,0.0,0.0,192.7,1.0,1.0,1131.8239018000006,1000.0,1131.8959018000005,1000.0,0.040797866104933654,0.0
3426,1654493880000.0,0.0,0.0,0.24,192.4,0.0,0.0,191.25,1.0,1.0,1131.8239018000006,1000.0,1131.5479018000005,1000.0,0.040797866104933654,0.0
3427,1654497480000.0,0.0,0.0,0.24,192.4,0.0,0.0,191.9,1.0,1.0,1131.8239018000006,1000.0,1131.7039018000007,1000.0,0.040797866104933654,0.0
3428,1654501080000.0,0.0,0.0,0.24,192.4,0.0,0.0,192.95,1.0,1.0,1131.8239018000006,1000.0,1131.9559018000007,1000.0,0.040797866104933654,0.0
3429,1654504680000.0,0.0,0.0,0.24,192.4,0.0,0.0,193.45,1.0,1.0,1131.8239018000006,1000.0,1132.0759018000006,1000.0,0.040797866104933654,0.0
3430,1654508280000.0,0.0,0.0,0.24,192.4,0.0,0.0,192.6,1.0,1.0,1131.8239018000006,1000.0,1131.8719018000006,1000.0,0.040797866104933654,0.0
3431,1654511880000.0,0.0,0.0,0.24,192.4,0.0,0.0,195.0,1.0,1.0,1131.8239018000006,1000.0,1132.4479018000006,1000.0,0.040797866104933654,0.0
3432,1654515480000.0,0.0,0.0,0.24,192.4,0.0,0.0,192.8,1.0,1.0,1131.8239018000006,1000.0,1131.9199018000006,1000.0,0.040797866104933654,0.0
3433,1654519080000.0,0.0,0.0,0.24,192.4,0.0,0.0,192.75,1.0,1.0,1131.8239018000006,1000.0,1131.9079018000007,1000.0,0.040797866104933654,0.0
3434,1654522680000.0,0.0,0.0,0.24,192.4,0.0,0.0,191.6,1.0,1.0,1131.8239018000006,1000.0,1131.6319018000006,1000.0,0.040797866104933654,0.0
3435,1654526280000.0,0.0,0.0,0.24,192.4,0.0,0.0,193.3,1.0,1.0,1131.8239018000006,1000.0,1132.0399018000005,1000.0,0.040797866104933654,0.0
3436,1654529880000.0,0.0,0.0,0.24,192.4,0.0,0.0,189.7,1.0,1.0,1131.8239018000006,1000.0,1131.1759018000007,1000.0,0.040797866104933654,0.0
3437,1654533480000.0,0.0,0.0,0.24,192.4,0.0,0.0,190.0,1.0,1.0,1131.8239018000006,1000.0,1131.2479018000006,1000.0,0.040797866104933654,0.0
3438,1654537080000.0,0.0,0.0,0.24,192.4,0.0,0.0,191.3,1.0,1.0,1131.8239018000006,1000.0,1131.5599018000007,1000.0,0.040797866104933654,0.0
3439,1654540680000.0,0.0,0.0,0.24,192.4,0.0,0.0,191.9,1.0,1.0,1131.8239018000006,1000.0,1131.7039018000007,1000.0,0.040797866104933654,0.0
3440,1654544280000.0,0.0,0.0,0.24,192.4,0.0,0.0,190.3,1.0,1.0,1131.8239018000006,1000.0,1131.3199018000007,1000.0,0.040797866104933654,0.0
3441,1654547880000.0,0.0,0.0,0.24,192.4,0.0,0.0,188.3,1.0,1.0,1131.8239018000006,1000.0,1130.8399018000007,1000.0,0.040797866104933654,0.0
3442,1654551480000.0,0.0,0.0,0.24,192.4,0.0,0.0,189.75,1.0,1.0,1131.8239018000006,1000.0,1131.1879018000006,1000.0,0.040797866104933654,0.0
3443,1654555080000.0,0.0,0.0,0.24,192.4,0.0,0.0,189.7,1.0,1.0,1131.8239018000006,1000.0,1131.1759018000007,1000.0,0.040797866104933654,0.0
3444,1654558680000.0,0.0,0.0,0.24,192.4,0.0,0.0,189.05,1.0,1.0,1131.8239018000006,1000.0,1131.0199018000005,1000.0,0.040797866104933654,0.0
3445,1654562280000.0,0.0,0.0,0.49,188.2826530612245,0.0,0.0,183.55,1.0,1.0,1131.8146853000005,1000.0,1129.4956853000006,1000.0,0.08151378595652858,0.0
3446,1654565880000.0,0.0,0.0,0.49,188.2826530612245,0.0,0.0,182.6,1.0,1.0,1131.8146853000005,1000.0,1129.0301853000005,1000.0,0.08151378595652858,0.0
3447,1654569480000.0,0.0,0.0,0.49,188.2826530612245,0.0,0.0,181.35,1.0,1.0,1131.8146853000005,1000.0,1128.4176853000006,1000.0,0.08151378595652858,0.0
3448,1654573080000.0,0.0,0.0,0.49,188.2826530612245,0.0,0.0,182.6,1.0,1.0,1131.8146853000005,1000.0,1129.0301853000005,1000.0,0.08151378595652858,0.0
3449,1654576680000.0,0.0,0.0,0.49,188.2826530612245,0.0,0.0,182.2,1.0,1.0,1131.8146853000005,1000.0,1128.8341853000004,1000.0,0.08151378595652858,0.0
3450,1654580280000.0,0.0,0.0,0.49,188.2826530612245,0.0,0.0,182.15,1.0,1.0,1131.8146853000005,1000.0,1128.8096853000004,1000.0,0.08151378595652858,0.0
3451,1654583880000.0,0.0,0.0,0.49,188.2826530612245,0.0,0.0,184.25,1.0,1.0,1131.8146853000005,1000.0,1129.8386853000004,1000.0,0.08151378595652858,0.0
3452,1654587480000.0,0.0,0.0,0.49,188.2826530612245,0.0,0.0,184.6,1.0,1.0,1131.8146853000005,1000.0,1130.0101853000006,1000.0,0.08151378595652858,0.0
3453,1654591080000.0,0.0,0.0,0.49,188.2826530612245,0.0,0.0,185.45,1.0,1.0,1131.8146853000005,1000.0,1130.4266853000006,1000.0,0.08151378595652858,0.0
3454,1654594680000.0,0.0,0.0,0.49,188.2826530612245,0.0,0.0,185.5,1.0,1.0,1131.8146853000005,1000.0,1130.4511853000006,1000.0,0.08151378595652858,0.0
3455,1654598280000.0,0.0,0.0,0.49,188.2826530612245,0.0,0.0,185.85,1.0,1.0,1131.8146853000005,1000.0,1130.6226853000005,1000.0,0.08151378595652858,0.0
3456,1654601880000.0,0.0,0.0,0.49,188.2826530612245,0.0,0.0,184.0,1.0,1.0,1131.8146853000005,1000.0,1129.7161853000005,1000.0,0.08151378595652858,0.0
3457,1654605480000.0,0.0,0.0,0.49,188.2826530612245,0.0,0.0,185.9,1.0,1.0,1131.8146853000005,1000.0,1130.6471853000005,1000.0,0.08151378595652858,0.0
3458,1654609080000.0,0.0,0.0,0.49,188.2826530612245,0.0,0.0,186.05,1.0,1.0,1131.8146853000005,1000.0,1130.7206853000005,1000.0,0.08151378595652858,0.0
3459,1654612680000.0,0.0,0.0,0.49,188.2826530612245,0.0,0.0,187.55,1.0,1.0,1131.8146853000005,1000.0,1131.4556853000006,1000.0,0.08151378595652858,0.0
3460,1654616280000.0,0.0,0.0,0.49,188.2826530612245,0.0,0.0,186.9,1.0,1.0,1131.8146853000005,1000.0,1131.1371853000005,1000.0,0.08151378595652858,0.0
3461,1654619880000.0,0.0,0.0,0.49,188.2826530612245,0.0,0.0,187.25,1.0,1.0,1131.8146853000005,1000.0,1131.3086853000004,1000.0,0.08151378595652858,0.0
3462,1654623480000.0,0.0,0.0,0.49,188.2826530612245,0.0,0.0,187.95,1.0,1.0,1131.8146853000005,1000.0,1131.6516853000005,1000.0,0.08151378595652858,0.0
3463,1654627080000.0,0.0,0.0,0.49,188.2826530612245,0.0,0.0,189.15,1.0,1.0,1131.8146853000005,1000.0,1132.2396853000005,1000.0,0.08151378595652858,0.0
3464,1654630680000.0,0.0,0.0,0.49,188.2826530612245,0.0,0.0,192.25,1.0,1.0,1131.8146853000005,1000.0,1133.7586853000005,1000.0,0.08151378595652858,0.0
3465,1654634280000.0,0.0,0.0,0.05,188.2826530612245,0.0,0.0,193.45,1.0,1.0,1134.286851233062,1000.0,1134.5452185800007,1000.0,0.008299604851125002,0.0
3466,1654637880000.0,0.0,0.0,0.04,188.2826530612245,0.0,0.0,192.2,1.0,1.0,1134.3430368224497,1000.0,1134.4997307000008,1000.0,0.006639355008116296,0.0
3467,1654641480000.0,0.0,0.0,0.04,188.2826530612245,0.0,0.0,190.85,1.0,1.0,1134.3430368224497,1000.0,1134.4457307000007,1000.0,0.006639355008116296,0.0
3468,1654645080000.0,0.0,0.0,0.04,188.2826530612245,0.0,0.0,188.9,1.0,1.0,1134.3430368224497,1000.0,1134.3677307000007,1000.0,0.006639355008116296,0.0
3469,1654648680000.0,0.0,0.0,0.04,188.2826530612245,0.0,0.0,188.45,1.0,1.0,1134.3430368224497,1000.0,1134.3497307000007,1000.0,0.006639355008116296,0.0
3470,1654652280000.0,0.0,0.0,0.04,188.2826530612245,0.0,0.0,188.65,1.0,1.0,1134.3430368224497,1000.0,1134.3577307000007,1000.0,0.006639355008116296,0.0
3471,1654655880000.0,0.0,0.0,0.04,188.2826530612245,0.0,0.0,189.35,1.0,1.0,1134.3430368224497,1000.0,1134.3857307000007,1000.0,0.006639355008116296,0.0
3472,1654659480000.0,0.0,0.0,0.04,188.2826530612245,0.0,0.0,182.7,1.0,1.0,1134.3430368224497,1000.0,1134.1197307000007,1000.0,0.006639355008116296,0.0
3473,1654663080000.0,0.0,0.0,0.25,183.00522448979592,0.0,0.0,183.65,1.0,1.0,1134.3353928224496,1000.0,1134.4965867000008,1000.0,0.04033313816349389,0.0
3474,1654666680000.0,0.0,0.0,0.25,183.00522448979592,0.0,0.0,185.6,1.0,1.0,1134.3353928224496,1000.0,1134.9840867000007,1000.0,0.04033313816349389,0.0
3475,1654670280000.0,0.0,0.0,0.25,183.00522448979592,0.0,0.0,184.75,1.0,1.0,1134.3353928224496,1000.0,1134.7715867000006,1000.0,0.04033313816349389,0.0
3476,1654673880000.0,0.0,0.0,0.25,183.00522448979592,0.0,0.0,184.2,1.0,1.0,1134.3353928224496,1000.0,1134.6340867000006,1000.0,0.04033313816349389,0.0
3477,1654677480000.0,0.0,0.0,0.25,183.00522448979592,0.0,0.0,185.8,1.0,1.0,1134.3353928224496,1000.0,1135.0340867000007,1000.0,0.04033313816349389,0.0
3478,1654681080000.0,0.0,0.0,0.25,183.00522448979592,0.0,0.0,185.9,1.0,1.0,1134.3353928224496,1000.0,1135.0590867000008,1000.0,0.04033313816349389,0.0
3479,1654684680000.0,0.0,0.0,0.25,183.00522448979592,0.0,0.0,185.45,1.0,1.0,1134.3353928224496,1000.0,1134.9465867000006,1000.0,0.04033313816349389,0.0
3480,1654688280000.0,0.0,0.0,0.25,183.00522448979592,0.0,0.0,184.95,1.0,1.0,1134.3353928224496,1000.0,1134.8215867000006,1000.0,0.04033313816349389,0.0
3481,1654691880000.0,0.0,0.0,0.25,183.00522448979592,0.0,0.0,184.0,1.0,1.0,1134.3353928224496,1000.0,1134.5840867000006,1000.0,0.04033313816349389,0.0
3482,1654695480000.0,0.0,0.0,0.25,183.00522448979592,0.0,0.0,184.65,1.0,1.0,1134.3353928224496,1000.0,1134.7465867000008,1000.0,0.04033313816349389,0.0
3483,1654699080000.0,0.0,0.0,0.25,183.00522448979592,0.0,0.0,185.65,1.0,1.0,1134.3353928224496,1000.0,1134.9965867000008,1000.0,0.04033313816349389,0.0
3484,1654702680000.0,0.0,0.0,0.25,183.00522448979592,0.0,0.0,186.1,1.0,1.0,1134.3353928224496,1000.0,1135.1090867000007,1000.0,0.04033313816349389,0.0
3485,1654706280000.0,0.0,0.0,0.25,183.00522448979592,0.0,0.0,185.65,1.0,1.0,1134.3353928224496,1000.0,1134.9965867000008,1000.0,0.04033313816349389,0.0
3486,1654709880000.0,0.0,0.0,0.25,183.00522448979592,0.0,0.0,185.55,1.0,1.0,1134.3353928224496,1000.0,1134.9715867000007,1000.0,0.04033313816349389,0.0
3487,1654713480000.0,0.0,0.0,0.25,183.00522448979592,0.0,0.0,184.5,1.0,1.0,1134.3353928224496,1000.0,1134.7090867000006,1000.0,0.04033313816349389,0.0
3488,1654717080000.0,0.0,0.0,0.25,183.00522448979592,0.0,0.0,185.65,1.0,1.0,1134.3353928224496,1000.0,1134.9965867000008,1000.0,0.04033313816349389,0.0
3489,1654720680000.0,0.0,0.0,0.25,183.00522448979592,0.0,0.0,184.7,1.0,1.0,1134.3353928224496,1000.0,1134.7590867000006,1000.0,0.04033313816349389,0.0
3490,1654724280000.0,0.0,0.0,0.25,183.00522448979592,0.0,0.0,185.35,1.0,1.0,1134.3353928224496,1000.0,1134.9215867000007,1000.0,0.04033313816349389,0.0
3491,1654727880000.0,0.0,0.0,0.25,183.00522448979592,0.0,0.0,186.25,1.0,1.0,1134.3353928224496,1000.0,1135.1465867000006,1000.0,0.04033313816349389,0.0
3492,1654731480000.0,0.0,0.0,0.25,183.00522448979592,0.0,0.0,186.7,1.0,1.0,1134.3353928224496,1000.0,1135.2590867000006,1000.0,0.04033313816349389,0.0
3493,1654735080000.0,0.0,0.0,0.25,183.00522448979592,0.0,0.0,185.3,1.0,1.0,1134.3353928224496,1000.0,1134.9090867000007,1000.0,0.04033313816349389,0.0
3494,1654738680000.0,0.0,0.0,0.25,183.00522448979592,0.0,0.0,186.3,1.0,1.0,1134.3353928224496,1000.0,1135.1590867000007,1000.0,0.04033313816349389,0.0
3495,1654742280000.0,0.0,0.0,0.25,183.00522448979592,0.0,0.0,185.85,1.0,1.0,1134.3353928224496,1000.0,1135.0465867000007,1000.0,0.04033313816349389,0.0
3496,1654745880000.0,0.0,0.0,0.25,183.00522448979592,0.0,0.0,185.7,1.0,1.0,1134.3353928224496,1000.0,1135.0090867000006,1000.0,0.04033313816349389,0.0
3497,1654749480000.0,0.0,0.0,0.25,183.00522448979592,0.0,0.0,186.05,1.0,1.0,1134.3353928224496,1000.0,1135.0965867000007,1000.0,0.04033313816349389,0.0
3498,1654753080000.0,0.0,0.0,0.25,183.00522448979592,0.0,0.0,187.0,1.0,1.0,1134.3353928224496,1000.0,1135.3340867000006,1000.0,0.04033313816349389,0.0
3499,1654756680000.0,0.0,0.0,0.25,183.00522448979592,0.0,0.0,186.85,1.0,1.0,1134.3353928224496,1000.0,1135.2965867000007,1000.0,0.04033313816349389,0.0
3500,1654760280000.0,0.0,0.0,0.25,183.00522448979592,0.0,0.0,187.55,1.0,1.0,1134.3353928224496,1000.0,1135.4715867000007,1000.0,0.04033313816349389,0.0
3501,1654763880000.0,0.0,0.0,0.17,183.00522448979592,0.0,0.0,188.35,1.0,1.0,1134.771958863266,1000.0,1135.6805707000008,1000.0,0.027415982497866784,0.0
3502,1654767480000.0,0.0,0.0,0.04,183.00522448979592,0.0,0.0,189.15,1.0,1.0,1135.4813786795928,1000.0,1135.727169700001,1000.0,0.006446789103758112,0.0
3503,1654771080000.0,0.0,0.0,0.04,183.00522448979592,0.0,0.0,189.05,1.0,1.0,1135.4813786795928,1000.0,1135.7231697000009,1000.0,0.006446789103758112,0.0
3504,1654774680000.0,0.0,0.0,0.04,183.00522448979592,0.0,0.0,187.8,1.0,1.0,1135.4813786795928,1000.0,1135.673169700001,1000.0,0.006446789103758112,0.0
3505,1654778280000.0,0.0,0.0,0.04,183.00522448979592,0.0,0.0,186.3,1.0,1.0,1135.4813786795928,1000.0,1135.613169700001,1000.0,0.006446789103758112,0.0
3506,1654781880000.0,0.0,0.0,0.04,183.00522448979592,0.0,0.0,186.05,1.0,1.0,1135.4813786795928,1000.0,1135.603169700001,1000.0,0.006446789103758112,0.0
3507,1654785480000.0,0.0,0.0,0.04,183.00522448979592,0.0,0.0,187.1,1.0,1.0,1135.4813786795928,1000.0,1135.645169700001,1000.0,0.006446789103758112,0.0
3508,1654789080000.0,0.0,0.0,0.04,183.00522448979592,0.0,0.0,186.8,1.0,1.0,1135.4813786795928,1000.0,1135.633169700001,1000.0,0.006446789103758112,0.0
3509,1654792680000.0,0.0,0.0,0.04,183.00522448979592,0.0,0.0,185.2,1.0,1.0,1135.4813786795928,1000.0,1135.5691697000009,1000.0,0.006446789103758112,0.0
3510,1654796280000.0,0.0,0.0,0.04,183.00522448979592,0.0,0.0,185.15,1.0,1.0,1135.4813786795928,1000.0,1135.567169700001,1000.0,0.006446789103758112,0.0
3511,1654799880000.0,0.0,0.0,0.04,183.00522448979592,0.0,0.0,184.8,1.0,1.0,1135.4813786795928,1000.0,1135.553169700001,1000.0,0.006446789103758112,0.0
3512,1654803480000.0,0.0,0.0,0.04,183.00522448979592,0.0,0.0,182.75,1.0,1.0,1135.4813786795928,1000.0,1135.471169700001,1000.0,0.006446789103758112,0.0
3513,1654807080000.0,0.0,0.0,0.04,183.00522448979592,0.0,0.0,183.1,1.0,1.0,1135.4813786795928,1000.0,1135.485169700001,1000.0,0.006446789103758112,0.0
3514,1654810680000.0,0.0,0.0,0.04,183.00522448979592,0.0,0.0,183.8,1.0,1.0,1135.4813786795928,1000.0,1135.513169700001,1000.0,0.006446789103758112,0.0
3515,1654814280000.0,0.0,0.0,0.04,183.00522448979592,0.0,0.0,183.8,1.0,1.0,1135.4813786795928,1000.0,1135.513169700001,1000.0,0.006446789103758112,0.0
3516,1654817880000.0,0.0,0.0,0.04,183.00522448979592,0.0,0.0,185.05,1.0,1.0,1135.4813786795928,1000.0,1135.563169700001,1000.0,0.006446789103758112,0.0
3517,1654821480000.0,0.0,0.0,0.04,183.00522448979592,0.0,0.0,182.5,1.0,1.0,1135.4813786795928,1000.0,1135.461169700001,1000.0,0.006446789103758112,0.0
3518,1654825080000.0,0.0,0.0,0.04,183.00522448979592,0.0,0.0,184.3,1.0,1.0,1135.4813786795928,1000.0,1135.533169700001,1000.0,0.006446789103758112,0.0
3519,1654828680000.0,0.0,0.0,0.04,183.00522448979592,0.0,0.0,185.65,1.0,1.0,1135.4813786795928,1000.0,1135.587169700001,1000.0,0.006446789103758112,0.0
3520,1654832280000.0,0.0,0.0,0.04,183.00522448979592,0.0,0.0,185.0,1.0,1.0,1135.4813786795928,1000.0,1135.561169700001,1000.0,0.006446789103758112,0.0
3521,1654835880000.0,0.0,0.0,0.04,183.00522448979592,0.0,0.0,184.1,1.0,1.0,1135.4813786795928,1000.0,1135.525169700001,1000.0,0.006446789103758112,0.0
3522,1654839480000.0,0.0,0.0,0.04,183.00522448979592,0.0,0.0,184.3,1.0,1.0,1135.4813786795928,1000.0,1135.533169700001,1000.0,0.006446789103758112,0.0
3523,1654843080000.0,0.0,0.0,0.04,183.00522448979592,0.0,0.0,183.75,1.0,1.0,1135.4813786795928,1000.0,1135.511169700001,1000.0,0.006446789103758112,0.0
3524,1654846680000.0,0.0,0.0,0.04,183.00522448979592,0.0,0.0,182.8,1.0,1.0,1135.4813786795928,1000.0,1135.4731697000009,1000.0,0.006446789103758112,0.0
3525,1654850280000.0,0.0,0.0,0.04,183.00522448979592,0.0,0.0,181.4,1.0,1.0,1135.4813786795928,1000.0,1135.417169700001,1000.0,0.006446789103758112,0.0
3526,1654853880000.0,0.0,0.0,0.04,183.00522448979592,0.0,0.0,180.9,1.0,1.0,1135.4813786795928,1000.0,1135.3971697000009,1000.0,0.006446789103758112,0.0
3527,1654857480000.0,0.0,0.0,0.04,183.00522448979592,0.0,0.0,181.2,1.0,1.0,1135.4813786795928,1000.0,1135.409169700001,1000.0,0.006446789103758112,0.0
3528,1654861080000.0,0.0,0.0,0.04,183.00522448979592,0.0,0.0,181.7,1.0,1.0,1135.4813786795928,1000.0,1135.429169700001,1000.0,0.006446789103758112,0.0
3529,1654864680000.0,0.0,0.0,0.26,178.52464992150706,0.0,0.0,178.5,1.0,1.0,1135.473559439593,1000.0,1135.467150460001,1000.0,0.040878458678069454,0.0
3530,1654868280000.0,0.0,0.0,0.26,178.52464992150706,0.0,0.0,176.05,1.0,1.0,1135.473559439593,1000.0,1134.830150460001,1000.0,0.040878458678069454,0.0
3531,1654871880000.0,0.0,0.0,0.26,178.52464992150706,0.0,0.0,178.5,1.0,1.0,1135.473559439593,1000.0,1135.467150460001,1000.0,0.040878458678069454,0.0
3532,1654875480000.0,0.0,0.0,0.26,178.52464992150706,0.0,0.0,176.95,1.0,1.0,1135.473559439593,1000.0,1135.064150460001,1000.0,0.040878458678069454,0.0
3533,1654879080000.0,0.0,0.0,0.26,178.52464992150706,0.0,0.0,172.95,1.0,1.0,1135.473559439593,1000.0,1134.024150460001,1000.0,0.040878458678069454,0.0
3534,1654882680000.0,0.0,0.0,0.26,178.52464992150706,0.0,0.0,175.3,1.0,1.0,1135.473559439593,1000.0,1134.6351504600011,1000.0,0.040878458678069454,0.0
3535,1654886280000.0,0.0,0.0,0.26,178.52464992150706,0.0,0.0,174.55,1.0,1.0,1135.473559439593,1000.0,1134.4401504600012,1000.0,0.040878458678069454,0.0
3536,1654889880000.0,0.0,0.0,0.26,178.52464992150706,0.0,0.0,177.05,1.0,1.0,1135.473559439593,1000.0,1135.090150460001,1000.0,0.040878458678069454,0.0
3537,1654893480000.0,0.0,0.0,0.26,178.52464992150706,0.0,0.0,176.8,1.0,1.0,1135.473559439593,1000.0,1135.025150460001,1000.0,0.040878458678069454,0.0
3538,1654897080000.0,0.0,0.0,0.26,178.52464992150706,0.0,0.0,177.7,1.0,1.0,1135.473559439593,1000.0,1135.2591504600011,1000.0,0.040878458678069454,0.0
3539,1654900680000.0,0.0,0.0,0.26,178.52464992150706,0.0,0.0,176.05,1.0,1.0,1135.473559439593,1000.0,1134.830150460001,1000.0,0.040878458678069454,0.0
3540,1654904280000.0,0.0,0.0,0.26,178.52464992150706,0.0,0.0,174.0,1.0,1.0,1135.473559439593,1000.0,1134.2971504600011,1000.0,0.040878458678069454,0.0
3541,1654907880000.0,0.0,0.0,0.26,178.52464992150706,0.0,0.0,175.7,1.0,1.0,1135.473559439593,1000.0,1134.7391504600012,1000.0,0.040878458678069454,0.0
3542,1654911480000.0,0.0,0.0,0.26,178.52464992150706,0.0,0.0,175.6,1.0,1.0,1135.473559439593,1000.0,1134.713150460001,1000.0,0.040878458678069454,0.0
3543,1654915080000.0,0.0,0.0,0.26,178.52464992150706,0.0,0.0,175.15,1.0,1.0,1135.473559439593,1000.0,1134.5961504600011,1000.0,0.040878458678069454,0.0
3544,1654918680000.0,0.0,0.0,0.26,178.52464992150706,0.0,0.0,175.95,1.0,1.0,1135.473559439593,1000.0,1134.804150460001,1000.0,0.040878458678069454,0.0
3545,1654922280000.0,0.0,0.0,0.26,178.52464992150706,0.0,0.0,177.05,1.0,1.0,1135.473559439593,1000.0,1135.090150460001,1000.0,0.040878458678069454,0.0
3546,1654925880000.0,0.0,0.0,0.26,178.52464992150706,0.0,0.0,177.05,1.0,1.0,1135.473559439593,1000.0,1135.090150460001,1000.0,0.040878458678069454,0.0
3547,1654929480000.0,0.0,0.0,0.26,178.52464992150706,0.0,0.0,176.35,1.0,1.0,1135.473559439593,1000.0,1134.908150460001,1000.0,0.040878458678069454,0.0
3548,1654933080000.0,0.0,0.0,0.26,178.52464992150706,0.0,0.0,176.3,1.0,1.0,1135.473559439593,1000.0,1134.895150460001,1000.0,0.040878458678069454,0.0
3549,1654936680000.0,0.0,0.0,0.26,178.52464992150706,0.0,0.0,175.1,1.0,1.0,1135.473559439593,1000.0,1134.583150460001,1000.0,0.040878458678069454,0.0
3550,1654940280000.0,0.0,0.0,0.53,174.70662071621103,0.0,0.0,175.85,1.0,1.0,1135.464323819593,1000.0,1136.070314840001,1000.0,0.08154770435068609,0.0
3551,1654943880000.0,0.0,0.0,0.53,174.70662071621103,0.0,0.0,174.15,1.0,1.0,1135.464323819593,1000.0,1135.169314840001,1000.0,0.08154770435068609,0.0
3552,1654947480000.0,0.0,0.0,0.53,174.70662071621103,0.0,0.0,171.2,1.0,1.0,1135.464323819593,1000.0,1133.6058148400011,1000.0,0.08154770435068609,0.0
3553,1654951080000.0,0.0,0.0,0.53,174.70662071621103,0.0,0.0,172.3,1.0,1.0,1135.464323819593,1000.0,1134.188814840001,1000.0,0.08154770435068609,0.0
3554,1654954680000.0,0.0,0.0,0.53,174.70662071621103,0.0,0.0,170.7,1.0,1.0,1135.464323819593,1000.0,1133.340814840001,1000.0,0.08154770435068609,0.0
3555,1654958280000.0,0.0,0.0,0.53,174.70662071621103,0.0,0.0,168.55,1.0,1.0,1135.464323819593,1000.0,1132.201314840001,1000.0,0.08154770435068609,0.0
3556,1654961880000.0,0.0,0.0,0.81,171.26828269085414,0.0,0.0,161.25,1.0,1.0,1135.455097259593,1000.0,1127.3402882800012,1000.0,0.12217771474575131,0.0
3557,1654965480000.0,0.0,0.0,0.81,171.26828269085414,0.0,0.0,162.05,1.0,1.0,1135.455097259593,1000.0,1127.9882882800011,1000.0,0.12217771474575131,0.0
3558,1654969080000.0,0.0,0.0,0.81,171.26828269085414,0.0,0.0,164.55,1.0,1.0,1135.455097259593,1000.0,1130.0132882800012,1000.0,0.12217771474575131,0.0
3559,1654972680000.0,0.0,0.0,0.81,171.26828269085414,0.0,0.0,169.45,1.0,1.0,1135.455097259593,1000.0,1133.982288280001,1000.0,0.12217771474575131,0.0
3560,1654976280000.0,0.0,0.0,0.81,171.26828269085414,0.0,0.0,168.45,1.0,1.0,1135.455097259593,1000.0,1133.172288280001,1000.0,0.12217771474575131,0.0
3561,1654979880000.0,0.0,0.0,0.81,171.26828269085414,0.0,0.0,166.6,1.0,1.0,1135.455097259593,1000.0,1131.6737882800012,1000.0,0.12217771474575131,0.0
3562,1654983480000.0,0.0,0.0,0.81,171.26828269085414,0.0,0.0,165.95,1.0,1.0,1135.455097259593,1000.0,1131.1472882800012,1000.0,0.12217771474575131,0.0
3563,1654987080000.0,0.0,0.0,0.81,171.26828269085414,0.0,0.0,168.25,1.0,1.0,1135.455097259593,1000.0,1133.010288280001,1000.0,0.12217771474575131,0.0
3564,1654990680000.0,0.0,0.0,0.81,171.26828269085414,0.0,0.0,165.4,1.0,1.0,1135.455097259593,1000.0,1130.7017882800012,1000.0,0.12217771474575131,0.0
3565,1654994280000.0,0.0,0.0,0.81,171.26828269085414,0.0,0.0,166.6,1.0,1.0,1135.455097259593,1000.0,1131.6737882800012,1000.0,0.12217771474575131,0.0
3566,1654997880000.0,0.0,0.0,0.81,171.26828269085414,0.0,0.0,164.05,1.0,1.0,1135.455097259593,1000.0,1129.6082882800013,1000.0,0.12217771474575131,0.0
3567,1655001480000.0,0.0,0.0,1.2,167.26809081632655,0.0,0.0,157.85,1.0,1.0,1135.442698379593,1000.0,1124.140989400001,1000.0,0.176778369587514,0.0
3568,1655005080000.0,0.0,0.0,1.2,167.26809081632655,0.0,0.0,155.0,1.0,1.0,1135.442698379593,1000.0,1120.7209894000011,1000.0,0.176778369587514,0.0
3569,1655008680000.0,0.0,0.0,1.2,167.26809081632655,0.0,0.0,153.9,1.0,1.0,1135.442698379593,1000.0,1119.400989400001,1000.0,0.176778369587514,0.0
3570,1655012280000.0,0.0,0.0,1.2,167.26809081632655,0.0,0.0,153.55,1.0,1.0,1135.442698379593,1000.0,1118.9809894000011,1000.0,0.176778369587514,0.0
3571,1655015880000.0,0.0,0.0,1.2,167.26809081632655,0.0,0.0,157.95,1.0,1.0,1135.442698379593,1000.0,1124.260989400001,1000.0,0.176778369587514,0.0
3572,1655019480000.0,0.0,0.0,1.2,167.26809081632655,0.0,0.0,159.05,1.0,1.0,1135.442698379593,1000.0,1125.580989400001,1000.0,0.176778369587514,0.0
3573,1655023080000.0,0.0,0.0,1.2,167.26809081632655,0.0,0.0,161.25,1.0,1.0,1135.442698379593,1000.0,1128.2209894000011,1000.0,0.176778369587514,0.0
3574,1655026680000.0,0.0,0.0,1.2,167.26809081632655,0.0,0.0,160.35,1.0,1.0,1135.442698379593,1000.0,1127.140989400001,1000.0,0.176778369587514,0.0
3575,1655030280000.0,0.0,0.0,1.2,167.26809081632655,0.0,0.0,160.85,1.0,1.0,1135.442698379593,1000.0,1127.7409894000011,1000.0,0.176778369587514,0.0
3576,1655033880000.0,0.0,0.0,1.2,167.26809081632655,0.0,0.0,162.25,1.0,1.0,1135.442698379593,1000.0,1129.420989400001,1000.0,0.176778369587514,0.0
3577,1655037480000.0,0.0,0.0,1.2,167.26809081632655,0.0,0.0,163.0,1.0,1.0,1135.442698379593,1000.0,1130.320989400001,1000.0,0.176778369587514,0.0
3578,1655041080000.0,0.0,0.0,1.2,167.26809081632655,0.0,0.0,160.15,1.0,1.0,1135.442698379593,1000.0,1126.900989400001,1000.0,0.176778369587514,0.0
3579,1655044680000.0,0.0,0.0,1.2,167.26809081632655,0.0,0.0,163.45,1.0,1.0,1135.442698379593,1000.0,1130.860989400001,1000.0,0.176778369587514,0.0
3580,1655048280000.0,0.0,0.0,1.2,167.26809081632655,0.0,0.0,161.9,1.0,1.0,1135.442698379593,1000.0,1129.0009894000011,1000.0,0.176778369587514,0.0
3581,1655051880000.0,0.0,0.0,1.2,167.26809081632655,0.0,0.0,162.35,1.0,1.0,1135.442698379593,1000.0,1129.540989400001,1000.0,0.176778369587514,0.0
3582,1655055480000.0,0.0,0.0,1.2,167.26809081632655,0.0,0.0,163.4,1.0,1.0,1135.442698379593,1000.0,1130.800989400001,1000.0,0.176778369587514,0.0
3583,1655059080000.0,0.0,0.0,1.2,167.26809081632655,0.0,0.0,162.25,1.0,1.0,1135.442698379593,1000.0,1129.420989400001,1000.0,0.176778369587514,0.0
3584,1655062680000.0,0.0,0.0,1.2,167.26809081632655,0.0,0.0,162.4,1.0,1.0,1135.442698379593,1000.0,1129.600989400001,1000.0,0.176778369587514,0.0
3585,1655066280000.0,0.0,0.0,1.2,167.26809081632655,0.0,0.0,162.0,1.0,1.0,1135.442698379593,1000.0,1129.120989400001,1000.0,0.176778369587514,0.0
3586,1655069880000.0,0.0,0.0,1.2,167.26809081632655,0.0,0.0,162.45,1.0,1.0,1135.442698379593,1000.0,1129.660989400001,1000.0,0.176778369587514,0.0
3587,1655073480000.0,0.0,0.0,1.2,167.26809081632655,0.0,0.0,160.7,1.0,1.0,1135.442698379593,1000.0,1127.560989400001,1000.0,0.176778369587514,0.0
3588,1655077080000.0,0.0,0.0,1.2,167.26809081632655,0.0,0.0,160.7,1.0,1.0,1135.442698379593,1000.0,1127.560989400001,1000.0,0.176778369587514,0.0
3589,1655080680000.0,0.0,0.0,1.2,167.26809081632655,0.0,0.0,158.15,1.0,1.0,1135.442698379593,1000.0,1124.5009894000011,1000.0,0.176778369587514,0.0
3590,1655084280000.0,0.0,0.0,1.77,162.31582428225528,0.0,0.0,152.25,1.0,1.0,1135.425382919593,1000.0,1117.608873940001,1000.0,0.25303204710893573,0.0
3591,1655087880000.0,0.0,0.0,1.77,162.31582428225528,0.0,0.0,150.2,1.0,1.0,1135.425382919593,1000.0,1113.980373940001,1000.0,0.25303204710893573,0.0
3592,1655091480000.0,0.0,0.0,1.77,162.31582428225528,0.0,0.0,150.5,1.0,1.0,1135.425382919593,1000.0,1114.511373940001,1000.0,0.25303204710893573,0.0
3593,1655095080000.0,0.0,0.0,1.77,162.31582428225528,0.0,0.0,151.7,1.0,1.0,1135.425382919593,1000.0,1116.635373940001,1000.0,0.25303204710893573,0.0
3594,1655098680000.0,0.0,0.0,1.77,162.31582428225528,0.0,0.0,148.65,1.0,1.0,1135.425382919593,1000.0,1111.236873940001,1000.0,0.25303204710893573,0.0
3595,1655102280000.0,0.0,0.0,1.77,162.31582428225528,0.0,0.0,148.3,1.0,1.0,1135.425382919593,1000.0,1110.617373940001,1000.0,0.25303204710893573,0.0
3596,1655105880000.0,0.0,0.0,1.77,162.31582428225528,0.0,0.0,144.3,1.0,1.0,1135.425382919593,1000.0,1103.537373940001,1000.0,0.25303204710893573,0.0
3597,1655109480000.0,0.0,0.0,2.62,155.99733167159994,0.0,0.0,142.45,1.0,1.0,1135.401100119593,1000.0,1099.907091140001,1000.0,0.35997235596877764,0.0
3598,1655113080000.0,0.0,0.0,2.62,155.99733167159994,0.0,0.0,137.9,1.0,1.0,1135.401100119593,1000.0,1087.986091140001,1000.0,0.35997235596877764,0.0
3599,1655116680000.0,0.0,0.0,2.62,155.99733167159994,0.0,0.0,140.7,1.0,1.0,1135.401100119593,1000.0,1095.322091140001,1000.0,0.35997235596877764,0.0
3600,1655120280000.0,0.0,0.0,2.62,155.99733167159994,0.0,0.0,137.15,1.0,1.0,1135.401100119593,1000.0,1086.021091140001,1000.0,0.35997235596877764,0.0
3601,1655123880000.0,0.0,0.0,2.62,155.99733167159994,0.0,0.0,140.2,1.0,1.0,1135.401100119593,1000.0,1094.012091140001,1000.0,0.35997235596877764,0.0
3602,1655127480000.0,0.0,0.0,2.62,155.99733167159994,0.0,0.0,140.65,1.0,1.0,1135.401100119593,1000.0,1095.1910911400012,1000.0,0.35997235596877764,0.0
3603,1655131080000.0,0.0,0.0,2.62,155.99733167159994,0.0,0.0,140.15,1.0,1.0,1135.401100119593,1000.0,1093.881091140001,1000.0,0.35997235596877764,0.0
3604,1655134680000.0,0.0,0.0,2.62,155.99733167159994,0.0,0.0,141.45,1.0,1.0,1135.401100119593,1000.0,1097.287091140001,1000.0,0.35997235596877764,0.0
3605,1655138280000.0,0.0,0.0,2.62,155.99733167159994,0.0,0.0,145.25,1.0,1.0,1135.401100119593,1000.0,1107.243091140001,1000.0,0.35997235596877764,0.0
3606,1655141880000.0,0.0,0.0,2.62,155.99733167159994,0.0,0.0,141.5,1.0,1.0,1135.401100119593,1000.0,1097.418091140001,1000.0,0.35997235596877764,0.0
3607,1655145480000.0,0.0,0.0,2.62,155.99733167159994,0.0,0.0,145.35,1.0,1.0,1135.401100119593,1000.0,1107.505091140001,1000.0,0.35997235596877764,0.0
3608,1655149080000.0,0.0,0.0,2.62,155.99733167159994,0.0,0.0,141.95,1.0,1.0,1135.401100119593,1000.0,1098.597091140001,1000.0,0.35997235596877764,0.0
3609,1655152680000.0,0.0,0.0,2.62,155.99733167159994,0.0,0.0,143.05,1.0,1.0,1135.401100119593,1000.0,1101.4790911400012,1000.0,0.35997235596877764,0.0
3610,1655156280000.0,0.0,0.0,2.62,155.99733167159994,0.0,0.0,138.65,1.0,1.0,1135.401100119593,1000.0,1089.9510911400012,1000.0,0.35997235596877764,0.0
3611,1655159880000.0,0.0,0.0,2.62,155.99733167159994,0.0,0.0,133.4,1.0,1.0,1135.401100119593,1000.0,1076.196091140001,1000.0,0.35997235596877764,0.0
3612,1655163480000.0,0.0,0.0,3.87,147.96847777250434,0.0,0.0,129.55,1.0,1.0,1135.3683151195928,1000.0,1064.088806140001,1000.0,0.50436321091035,0.0
3613,1655167080000.0,0.0,0.0,3.87,147.96847777250434,0.0,0.0,129.9,1.0,1.0,1135.3683151195928,1000.0,1065.443306140001,1000.0,0.50436321091035,0.0
3614,1655170680000.0,0.0,0.0,3.87,147.96847777250434,0.0,0.0,123.3,1.0,1.0,1135.3683151195928,1000.0,1039.901306140001,1000.0,0.50436321091035,0.0
3615,1655174280000.0,0.0,0.0,3.87,147.96847777250434,0.0,0.0,121.6,1.0,1.0,1135.3683151195928,1000.0,1033.322306140001,1000.0,0.50436321091035,0.0
3616,1655177880000.0,0.0,0.0,3.87,147.96847777250434,0.0,0.0,127.1,1.0,1.0,1135.3683151195928,1000.0,1054.607306140001,1000.0,0.50436321091035,0.0
3617,1655181480000.0,0.0,0.0,3.87,147.96847777250434,0.0,0.0,123.6,1.0,1.0,1135.3683151195928,1000.0,1041.062306140001,1000.0,0.50436321091035,0.0
3618,1655185080000.0,0.0,0.0,3.87,147.96847777250434,0.0,0.0,126.4,1.0,1.0,1135.3683151195928,1000.0,1051.898306140001,1000.0,0.50436321091035,0.0
3619,1655188680000.0,0.0,0.0,3.87,147.96847777250434,0.0,0.0,126.7,1.0,1.0,1135.3683151195928,1000.0,1053.059306140001,1000.0,0.50436321091035,0.0
3620,1655192280000.0,0.0,0.0,3.87,147.96847777250434,0.0,0.0,123.6,1.0,1.0,1135.3683151195928,1000.0,1041.062306140001,1000.0,0.50436321091035,0.0
3621,1655195880000.0,0.0,0.0,3.87,147.96847777250434,0.0,0.0,123.1,1.0,1.0,1135.3683151195928,1000.0,1039.1273061400009,1000.0,0.50436321091035,0.0
3622,1655199480000.0,0.0,0.0,3.87,147.96847777250434,0.0,0.0,122.6,1.0,1.0,1135.3683151195928,1000.0,1037.192306140001,1000.0,0.50436321091035,0.0
3623,1655203080000.0,0.0,0.0,3.87,147.96847777250434,0.0,0.0,123.75,1.0,1.0,1135.3683151195928,1000.0,1041.642806140001,1000.0,0.50436321091035,0.0
3624,1655206680000.0,0.0,0.0,3.87,147.96847777250434,0.0,0.0,123.1,1.0,1.0,1135.3683151195928,1000.0,1039.1273061400009,1000.0,0.50436321091035,0.0
3625,1655210280000.0,0.0,0.0,3.87,147.96847777250434,0.0,0.0,123.7,1.0,1.0,1135.3683151195928,1000.0,1041.449306140001,1000.0,0.50436321091035,0.0
3626,1655213880000.0,0.0,0.0,3.87,147.96847777250434,0.0,0.0,125.3,1.0,1.0,1135.3683151195928,1000.0,1047.641306140001,1000.0,0.50436321091035,0.0
3627,1655217480000.0,0.0,0.0,3.87,147.96847777250434,0.0,0.0,121.1,1.0,1.0,1135.3683151195928,1000.0,1031.3873061400009,1000.0,0.50436321091035,0.0
3628,1655221080000.0,0.0,0.0,3.87,147.96847777250434,0.0,0.0,123.9,1.0,1.0,1135.3683151195928,1000.0,1042.2233061400011,1000.0,0.50436321091035,0.0
3629,1655224680000.0,0.0,0.0,3.87,147.96847777250434,0.0,0.0,123.85,1.0,1.0,1135.3683151195928,1000.0,1042.029806140001,1000.0,0.50436321091035,0.0
3630,1655228280000.0,0.0,0.0,3.87,147.96847777250434,0.0,0.0,123.25,1.0,1.0,1135.3683151195928,1000.0,1039.707806140001,1000.0,0.50436321091035,0.0
3631,1655231880000.0,0.0,0.0,3.87,147.96847777250434,0.0,0.0,123.35,1.0,1.0,1135.3683151195928,1000.0,1040.0948061400009,1000.0,0.50436321091035,0.0
3632,1655235480000.0,0.0,0.0,3.87,147.96847777250434,0.0,0.0,120.4,1.0,1.0,1135.3683151195928,1000.0,1028.678306140001,1000.0,0.50436321091035,0.0
3633,1655239080000.0,0.0,0.0,3.87,147.96847777250434,0.0,0.0,119.0,1.0,1.0,1135.3683151195928,1000.0,1023.260306140001,1000.0,0.50436321091035,0.0
3634,1655242680000.0,0.0,0.0,3.87,147.96847777250434,0.0,0.0,117.95,1.0,1.0,1135.3683151195928,1000.0,1019.196806140001,1000.0,0.50436321091035,0.0
3635,1655246280000.0,0.0,0.0,5.72,137.8004386327958,0.0,0.0,117.9,1.0,1.0,1135.325199019593,1000.0,1021.494690040001,1000.0,0.6942667260977348,0.0
3636,1655249880000.0,0.0,0.0,5.72,137.8004386327958,0.0,0.0,120.05,1.0,1.0,1135.325199019593,1000.0,1033.792690040001,1000.0,0.6942667260977348,0.0
3637,1655253480000.0,0.0,0.0,5.72,137.8004386327958,0.0,0.0,117.8,1.0,1.0,1135.325199019593,1000.0,1020.9226900400009,1000.0,0.6942667260977348,0.0
3638,1655257080000.0,0.0,0.0,5.72,137.8004386327958,0.0,0.0,118.15,1.0,1.0,1135.325199019593,1000.0,1022.924690040001,1000.0,0.6942667260977348,0.0
3639,1655260680000.0,0.0,0.0,5.72,137.8004386327958,0.0,0.0,115.85,1.0,1.0,1135.325199019593,1000.0,1009.7686900400009,1000.0,0.6942667260977348,0.0
3640,1655264280000.0,0.0,0.0,5.72,137.8004386327958,0.0,0.0,112.85,1.0,1.0,1135.325199019593,1000.0,992.608690040001,1000.0,0.6942667260977348,0.0
3641,1655267880000.0,0.0,0.0,5.72,137.8004386327958,0.0,0.0,110.85,1.0,1.0,1135.325199019593,1000.0,981.1686900400009,1000.0,0.6942667260977348,0.0
3642,1655271480000.0,0.0,0.0,5.72,137.8004386327958,0.0,0.0,110.7,1.0,1.0,1135.325199019593,1000.0,980.310690040001,1000.0,0.6942667260977348,0.0
3643,1655275080000.0,0.0,0.0,5.72,137.8004386327958,0.0,0.0,111.05,1.0,1.0,1135.325199019593,1000.0,982.3126900400009,1000.0,0.6942667260977348,0.0
3644,1655278680000.0,0.0,0.0,5.72,137.8004386327958,0.0,0.0,111.65,1.0,1.0,1135.325199019593,1000.0,985.744690040001,1000.0,0.6942667260977348,0.0
3645,1655282280000.0,0.0,0.0,5.72,137.8004386327958,0.0,0.0,106.9,1.0,1.0,1135.325199019593,1000.0,958.5746900400011,1000.0,0.6942667260977348,0.0
3646,1655285880000.0,0.0,0.0,5.72,137.8004386327958,0.0,0.0,104.65,1.0,1.0,1135.325199019593,1000.0,945.704690040001,1000.0,0.6942667260977348,0.0
3647,1655289480000.0,0.0,0.0,5.72,137.8004386327958,0.0,0.0,107.95,1.0,1.0,1135.325199019593,1000.0,964.580690040001,1000.0,0.6942667260977348,0.0
3648,1655293080000.0,0.0,0.0,5.72,137.8004386327958,0.0,0.0,110.8,1.0,1.0,1135.325199019593,1000.0,980.882690040001,1000.0,0.6942667260977348,0.0
3649,1655296680000.0,0.0,0.0,5.72,137.8004386327958,0.0,0.0,112.4,1.0,1.0,1135.325199019593,1000.0,990.034690040001,1000.0,0.6942667260977348,0.0
3650,1655300280000.0,0.0,0.0,5.72,137.8004386327958,0.0,0.0,113.35,1.0,1.0,1135.325199019593,1000.0,995.468690040001,1000.0,0.6942667260977348,0.0
3651,1655303880000.0,0.0,0.0,5.72,137.8004386327958,0.0,0.0,114.25,1.0,1.0,1135.325199019593,1000.0,1000.616690040001,1000.0,0.6942667260977348,0.0
3652,1655307480000.0,0.0,0.0,5.72,137.8004386327958,0.0,0.0,112.0,1.0,1.0,1135.325199019593,1000.0,987.746690040001,1000.0,0.6942667260977348,0.0
3653,1655311080000.0,0.0,0.0,5.72,137.8004386327958,0.0,0.0,111.5,1.0,1.0,1135.325199019593,1000.0,984.886690040001,1000.0,0.6942667260977348,0.0
3654,1655314680000.0,0.0,0.0,5.72,137.8004386327958,0.0,0.0,109.05,1.0,1.0,1135.325199019593,1000.0,970.872690040001,1000.0,0.6942667260977348,0.0
3655,1655318280000.0,0.0,0.0,5.72,137.8004386327958,0.0,0.0,108.05,1.0,1.0,1135.325199019593,1000.0,965.152690040001,1000.0,0.6942667260977348,0.0
3656,1655321880000.0,0.0,0.0,5.72,137.8004386327958,0.0,0.0,117.0,1.0,1.0,1135.325199019593,1000.0,1016.346690040001,1000.0,0.6942667260977348,0.0
3657,1655325480000.0,0.0,0.0,5.72,137.8004386327958,0.0,0.0,114.45,1.0,1.0,1135.325199019593,1000.0,1001.760690040001,1000.0,0.6942667260977348,0.0
3658,1655329080000.0,0.0,0.0,5.72,137.8004386327958,0.0,0.0,117.35,1.0,1.0,1135.325199019593,1000.0,1018.348690040001,1000.0,0.6942667260977348,0.0
3659,1655332680000.0,0.0,0.0,5.72,137.8004386327958,0.0,0.0,117.4,1.0,1.0,1135.325199019593,1000.0,1018.634690040001,1000.0,0.6942667260977348,0.0
3660,1655336280000.0,0.0,0.0,5.72,137.8004386327958,0.0,0.0,117.75,1.0,1.0,1135.325199019593,1000.0,1020.636690040001,1000.0,0.6942667260977348,0.0
3661,1655339880000.0,0.0,0.0,5.72,137.8004386327958,0.0,0.0,119.85,1.0,1.0,1135.325199019593,1000.0,1032.648690040001,1000.0,0.6942667260977348,0.0
3662,1655343480000.0,0.0,0.0,5.72,137.8004386327958,0.0,0.0,118.05,1.0,1.0,1135.325199019593,1000.0,1022.352690040001,1000.0,0.6942667260977348,0.0
3663,1655347080000.0,0.0,0.0,5.72,137.8004386327958,0.0,0.0,116.5,1.0,1.0,1135.325199019593,1000.0,1013.486690040001,1000.0,0.6942667260977348,0.0
3664,1655350680000.0,0.0,0.0,5.72,137.8004386327958,0.0,0.0,113.85,1.0,1.0,1135.325199019593,1000.0,998.328690040001,1000.0,0.6942667260977348,0.0
3665,1655354280000.0,0.0,0.0,5.72,137.8004386327958,0.0,0.0,114.15,1.0,1.0,1135.325199019593,1000.0,1000.044690040001,1000.0,0.6942667260977348,0.0
3666,1655357880000.0,0.0,0.0,5.72,137.8004386327958,0.0,0.0,113.2,1.0,1.0,1135.325199019593,1000.0,994.610690040001,1000.0,0.6942667260977348,0.0
3667,1655361480000.0,0.0,0.0,5.72,137.8004386327958,0.0,0.0,111.3,1.0,1.0,1135.325199019593,1000.0,983.742690040001,1000.0,0.6942667260977348,0.0
3668,1655365080000.0,0.0,0.0,5.72,137.8004386327958,0.0,0.0,109.7,1.0,1.0,1135.325199019593,1000.0,974.590690040001,1000.0,0.6942667260977348,0.0
3669,1655368680000.0,0.0,0.0,5.72,137.8004386327958,0.0,0.0,110.7,1.0,1.0,1135.325199019593,1000.0,980.310690040001,1000.0,0.6942667260977348,0.0
3670,1655372280000.0,0.0,0.0,5.72,137.8004386327958,0.0,0.0,107.55,1.0,1.0,1135.325199019593,1000.0,962.2926900400009,1000.0,0.6942667260977348,0.0
3671,1655375880000.0,0.0,0.0,5.72,137.8004386327958,0.0,0.0,106.1,1.0,1.0,1135.325199019593,1000.0,953.998690040001,1000.0,0.6942667260977348,0.0
3672,1655379480000.0,0.0,0.0,5.72,137.8004386327958,0.0,0.0,107.55,1.0,1.0,1135.325199019593,1000.0,962.2926900400009,1000.0,0.6942667260977348,0.0
3673,1655383080000.0,0.0,0.0,5.72,137.8004386327958,0.0,0.0,109.0,1.0,1.0,1135.325199019593,1000.0,970.586690040001,1000.0,0.6942667260977348,0.0
3674,1655386680000.0,0.0,0.0,5.72,137.8004386327958,0.0,0.0,107.7,1.0,1.0,1135.325199019593,1000.0,963.150690040001,1000.0,0.6942667260977348,0.0
3675,1655390280000.0,0.0,0.0,5.72,137.8004386327958,0.0,0.0,107.1,1.0,1.0,1135.325199019593,1000.0,959.718690040001,1000.0,0.6942667260977348,0.0
3676,1655393880000.0,0.0,0.0,5.72,137.8004386327958,0.0,0.0,108.25,1.0,1.0,1135.325199019593,1000.0,966.296690040001,1000.0,0.6942667260977348,0.0
3677,1655397480000.0,0.0,0.0,5.72,137.8004386327958,0.0,0.0,110.25,1.0,1.0,1135.325199019593,1000.0,977.736690040001,1000.0,0.6942667260977348,0.0
3678,1655401080000.0,0.0,0.0,5.72,137.8004386327958,0.0,0.0,110.35,1.0,1.0,1135.325199019593,1000.0,978.308690040001,1000.0,0.6942667260977348,0.0
3679,1655404680000.0,0.0,0.0,5.72,137.8004386327958,0.0,0.0,109.55,1.0,1.0,1135.325199019593,1000.0,973.732690040001,1000.0,0.6942667260977348,0.0
3680,1655408280000.0,0.0,0.0,5.72,137.8004386327958,0.0,0.0,107.7,1.0,1.0,1135.325199019593,1000.0,963.150690040001,1000.0,0.6942667260977348,0.0
3681,1655411880000.0,0.0,0.0,5.72,137.8004386327958,0.0,0.0,106.95,1.0,1.0,1135.325199019593,1000.0,958.860690040001,1000.0,0.6942667260977348,0.0
3682,1655415480000.0,0.0,0.0,5.72,137.8004386327958,0.0,0.0,108.3,1.0,1.0,1135.325199019593,1000.0,966.582690040001,1000.0,0.6942667260977348,0.0
3683,1655419080000.0,0.0,0.0,5.72,137.8004386327958,0.0,0.0,106.95,1.0,1.0,1135.325199019593,1000.0,958.860690040001,1000.0,0.6942667260977348,0.0
3684,1655422680000.0,0.0,0.0,5.72,137.8004386327958,0.0,0.0,105.85,1.0,1.0,1135.325199019593,1000.0,952.568690040001,1000.0,0.6942667260977348,0.0
3685,1655426280000.0,0.0,0.0,5.72,137.8004386327958,0.0,0.0,107.55,1.0,1.0,1135.325199019593,1000.0,962.2926900400009,1000.0,0.6942667260977348,0.0
3686,1655429880000.0,0.0,0.0,5.72,137.8004386327958,0.0,0.0,110.65,1.0,1.0,1135.325199019593,1000.0,980.024690040001,1000.0,0.6942667260977348,0.0
3687,1655433480000.0,0.0,0.0,5.72,137.8004386327958,0.0,0.0,111.6,1.0,1.0,1135.325199019593,1000.0,985.458690040001,1000.0,0.6942667260977348,0.0
3688,1655437080000.0,0.0,0.0,5.72,137.8004386327958,0.0,0.0,111.3,1.0,1.0,1135.325199019593,1000.0,983.742690040001,1000.0,0.6942667260977348,0.0
3689,1655440680000.0,0.0,0.0,5.72,137.8004386327958,0.0,0.0,111.55,1.0,1.0,1135.325199019593,1000.0,985.172690040001,1000.0,0.6942667260977348,0.0
3690,1655444280000.0,0.0,0.0,5.72,137.8004386327958,0.0,0.0,112.75,1.0,1.0,1135.325199019593,1000.0,992.036690040001,1000.0,0.6942667260977348,0.0
3691,1655447880000.0,0.0,0.0,5.72,137.8004386327958,0.0,0.0,111.95,1.0,1.0,1135.325199019593,1000.0,987.460690040001,1000.0,0.6942667260977348,0.0
3692,1655451480000.0,0.0,0.0,5.72,137.8004386327958,0.0,0.0,114.95,1.0,1.0,1135.325199019593,1000.0,1004.620690040001,1000.0,0.6942667260977348,0.0
3693,1655455080000.0,0.0,0.0,5.72,137.8004386327958,0.0,0.0,115.45,1.0,1.0,1135.325199019593,1000.0,1007.480690040001,1000.0,0.6942667260977348,0.0
3694,1655458680000.0,0.0,0.0,5.72,137.8004386327958,0.0,0.0,113.75,1.0,1.0,1135.325199019593,1000.0,997.756690040001,1000.0,0.6942667260977348,0.0
3695,1655462280000.0,0.0,0.0,5.72,137.8004386327958,0.0,0.0,114.5,1.0,1.0,1135.325199019593,1000.0,1002.046690040001,1000.0,0.6942667260977348,0.0
3696,1655465880000.0,0.0,0.0,5.72,137.8004386327958,0.0,0.0,116.0,1.0,1.0,1135.325199019593,1000.0,1010.626690040001,1000.0,0.6942667260977348,0.0
3697,1655469480000.0,0.0,0.0,5.72,137.8004386327958,0.0,0.0,114.75,1.0,1.0,1135.325199019593,1000.0,1003.476690040001,1000.0,0.6942667260977348,0.0
3698,1655473080000.0,0.0,0.0,5.72,137.8004386327958,0.0,0.0,114.55,1.0,1.0,1135.325199019593,1000.0,1002.332690040001,1000.0,0.6942667260977348,0.0
3699,1655476680000.0,0.0,0.0,5.72,137.8004386327958,0.0,0.0,113.05,1.0,1.0,1135.325199019593,1000.0,993.752690040001,1000.0,0.6942667260977348,0.0
3700,1655480280000.0,0.0,0.0,5.72,137.8004386327958,0.0,0.0,110.95,1.0,1.0,1135.325199019593,1000.0,981.740690040001,1000.0,0.6942667260977348,0.0
3701,1655483880000.0,0.0,0.0,5.72,137.8004386327958,0.0,0.0,112.3,1.0,1.0,1135.325199019593,1000.0,989.462690040001,1000.0,0.6942667260977348,0.0
3702,1655487480000.0,0.0,0.0,5.72,137.8004386327958,0.0,0.0,111.6,1.0,1.0,1135.325199019593,1000.0,985.458690040001,1000.0,0.6942667260977348,0.0
3703,1655491080000.0,0.0,0.0,5.72,137.8004386327958,0.0,0.0,111.55,1.0,1.0,1135.325199019593,1000.0,985.172690040001,1000.0,0.6942667260977348,0.0
3704,1655494680000.0,0.0,0.0,5.72,137.8004386327958,0.0,0.0,112.1,1.0,1.0,1135.325199019593,1000.0,988.318690040001,1000.0,0.6942667260977348,0.0
3705,1655498280000.0,0.0,0.0,5.72,137.8004386327958,0.0,0.0,113.0,1.0,1.0,1135.325199019593,1000.0,993.466690040001,1000.0,0.6942667260977348,0.0
3706,1655501880000.0,0.0,0.0,5.72,137.8004386327958,0.0,0.0,113.75,1.0,1.0,1135.325199019593,1000.0,997.756690040001,1000.0,0.6942667260977348,0.0
3707,1655505480000.0,0.0,0.0,5.72,137.8004386327958,0.0,0.0,113.55,1.0,1.0,1135.325199019593,1000.0,996.612690040001,1000.0,0.6942667260977348,0.0
3708,1655509080000.0,0.0,0.0,5.72,137.8004386327958,0.0,0.0,114.7,1.0,1.0,1135.325199019593,1000.0,1003.1906900400011,1000.0,0.6942667260977348,0.0
3709,1655512680000.0,0.0,0.0,5.72,137.8004386327958,0.0,0.0,114.9,1.0,1.0,1135.325199019593,1000.0,1004.3346900400011,1000.0,0.6942667260977348,0.0
3710,1655516280000.0,0.0,0.0,5.72,137.8004386327958,0.0,0.0,113.2,1.0,1.0,1135.325199019593,1000.0,994.610690040001,1000.0,0.6942667260977348,0.0
3711,1655519880000.0,0.0,0.0,5.72,137.8004386327958,0.0,0.0,113.2,1.0,1.0,1135.325199019593,1000.0,994.610690040001,1000.0,0.6942667260977348,0.0
3712,1655523480000.0,0.0,0.0,5.72,137.8004386327958,0.0,0.0,113.2,1.0,1.0,1135.325199019593,1000.0,994.610690040001,1000.0,0.6942667260977348,0.0
3713,1655527080000.0,0.0,0.0,5.72,137.8004386327958,0.0,0.0,113.55,1.0,1.0,1135.325199019593,1000.0,996.612690040001,1000.0,0.6942667260977348,0.0
3714,1655530680000.0,0.0,0.0,5.72,137.8004386327958,0.0,0.0,113.5,1.0,1.0,1135.325199019593,1000.0,996.326690040001,1000.0,0.6942667260977348,0.0
3715,1655534280000.0,0.0,0.0,5.72,137.8004386327958,0.0,0.0,113.05,1.0,1.0,1135.325199019593,1000.0,993.752690040001,1000.0,0.6942667260977348,0.0
3716,1655537880000.0,0.0,0.0,5.72,137.8004386327958,0.0,0.0,105.85,1.0,1.0,1135.325199019593,1000.0,952.568690040001,1000.0,0.6942667260977348,0.0
3717,1655541480000.0,0.0,0.0,5.72,137.8004386327958,0.0,0.0,106.3,1.0,1.0,1135.325199019593,1000.0,955.142690040001,1000.0,0.6942667260977348,0.0
3718,1655545080000.0,0.0,0.0,5.72,137.8004386327958,0.0,0.0,105.5,1.0,1.0,1135.325199019593,1000.0,950.566690040001,1000.0,0.6942667260977348,0.0
3719,1655548680000.0,0.0,0.0,5.72,137.8004386327958,0.0,0.0,107.45,1.0,1.0,1135.325199019593,1000.0,961.720690040001,1000.0,0.6942667260977348,0.0
3720,1655552280000.0,0.0,0.0,5.72,137.8004386327958,0.0,0.0,105.7,1.0,1.0,1135.325199019593,1000.0,951.710690040001,1000.0,0.6942667260977348,0.0
3721,1655555880000.0,0.0,0.0,5.72,137.8004386327958,0.0,0.0,104.05,1.0,1.0,1135.325199019593,1000.0,942.272690040001,1000.0,0.6942667260977348,0.0
3722,1655559480000.0,0.0,0.0,5.72,137.8004386327958,0.0,0.0,103.4,1.0,1.0,1135.325199019593,1000.0,938.554690040001,1000.0,0.6942667260977348,0.0
3723,1655563080000.0,0.0,0.0,5.72,137.8004386327958,0.0,0.0,103.1,1.0,1.0,1135.325199019593,1000.0,936.838690040001,1000.0,0.6942667260977348,0.0
3724,1655566680000.0,0.0,0.0,5.72,137.8004386327958,0.0,0.0,102.1,1.0,1.0,1135.325199019593,1000.0,931.118690040001,1000.0,0.6942667260977348,0.0
3725,1655570280000.0,0.0,0.0,5.72,137.8004386327958,0.0,0.0,102.3,1.0,1.0,1135.325199019593,1000.0,932.262690040001,1000.0,0.6942667260977348,0.0
3726,1655573880000.0,0.0,0.0,5.72,137.8004386327958,0.0,0.0,102.05,1.0,1.0,1135.325199019593,1000.0,930.832690040001,1000.0,0.6942667260977348,0.0
3727,1655577480000.0,0.0,0.0,5.72,137.8004386327958,0.0,0.0,101.9,1.0,1.0,1135.325199019593,1000.0,929.9746900400011,1000.0,0.6942667260977348,0.0
3728,1655581080000.0,0.0,0.0,5.72,137.8004386327958,0.0,0.0,100.65,1.0,1.0,1135.325199019593,1000.0,922.8246900400011,1000.0,0.6942667260977348,0.0
3729,1655584680000.0,0.007218931744206647,0.0,9.23,123.00351126539456,0.0,0.0,99.25,0.9999253857184062,1.0,1135.255778239593,1000.0,916.0108692600011,1000.0,1.0000586922711834,0.0
3730,1655588280000.0,0.007218931744206647,0.0,9.23,123.00351126539456,0.0,0.0,100.85,0.9999253857184062,1.0,1135.255778239593,1000.0,930.7788692600011,1000.0,1.0000586922711834,0.0
3731,1655591880000.0,0.007218931744206647,0.0,9.23,123.00351126539456,0.0,0.0,103.15,0.9999253857184062,1.0,1135.255778239593,1000.0,952.0078692600011,1000.0,1.0000586922711834,0.0
3732,1655595480000.0,0.007218931744206647,0.0,9.23,123.00351126539456,0.0,0.0,104.6,0.9999253857184062,1.0,1135.255778239593,1000.0,965.391369260001,1000.0,1.0000586922711834,0.0
3733,1655599080000.0,0.007218931744206647,0.0,9.23,123.00351126539456,0.0,0.0,104.45,0.9999253857184062,1.0,1135.255778239593,1000.0,964.0068692600012,1000.0,1.0000586922711834,0.0
3734,1655602680000.0,0.007218931744206647,0.0,9.23,123.00351126539456,0.0,0.0,101.85,0.9999253857184062,1.0,1135.255778239593,1000.0,940.008869260001,1000.0,1.0000586922711834,0.0
3735,1655606280000.0,0.007218931744206647,0.0,9.23,123.00351126539456,0.0,0.0,100.75,0.9999253857184062,1.0,1135.255778239593,1000.0,929.8558692600011,1000.0,1.0000586922711834,0.0
3736,1655609880000.0,0.007218931744206647,0.0,9.23,123.00351126539456,0.0,0.0,102.7,0.9999253857184062,1.0,1135.255778239593,1000.0,947.8543692600011,1000.0,1.0000586922711834,0.0
3737,1655613480000.0,0.007218931744206647,0.0,9.23,123.00351126539456,0.0,0.0,103.55,0.9999253857184062,1.0,1135.255778239593,1000.0,955.699869260001,1000.0,1.0000586922711834,0.0
3738,1655617080000.0,0.007218931744206647,0.0,9.23,123.00351126539456,0.0,0.0,100.1,0.9999253857184062,1.0,1135.255778239593,1000.0,923.856369260001,1000.0,1.0000586922711834,0.0
3739,1655620680000.0,0.007218931744206647,0.0,9.23,123.00351126539456,0.0,0.0,101.9,0.9999253857184062,1.0,1135.255778239593,1000.0,940.4703692600011,1000.0,1.0000586922711834,0.0
3740,1655624280000.0,0.007218931744206647,0.0,9.23,123.00351126539456,0.0,0.0,102.65,0.9999253857184062,1.0,1135.255778239593,1000.0,947.3928692600011,1000.0,1.0000586922711834,0.0
3741,1655627880000.0,0.007218931744206647,0.0,9.23,123.00351126539456,0.0,0.0,103.95,0.9999253857184062,1.0,1135.255778239593,1000.0,959.3918692600012,1000.0,1.0000586922711834,0.0
3742,1655631480000.0,0.007218931744206647,0.0,9.23,123.00351126539456,0.0,0.0,106.65,0.9999253857184062,1.0,1135.255778239593,1000.0,984.3128692600012,1000.0,1.0000586922711834,0.0
3743,1655635080000.0,0.007218931744206647,0.0,9.23,123.00351126539456,0.0,0.0,109.2,0.9999253857184062,1.0,1135.255778239593,1000.0,1007.8493692600011,1000.0,1.0000586922711834,0.0
3744,1655638680000.0,0.007218931744206647,0.0,9.23,123.00351126539456,0.0,0.0,110.8,0.9999253857184062,1.0,1135.255778239593,1000.0,1022.617369260001,1000.0,1.0000586922711834,0.0
3745,1655642280000.0,0.007218931744206647,0.0,9.23,123.00351126539456,0.0,0.0,110.15,0.9999253857184062,1.0,1135.255778239593,1000.0,1016.6178692600012,1000.0,1.0000586922711834,0.0
3746,1655645880000.0,0.007218931744206647,0.0,9.23,123.00351126539456,0.0,0.0,112.05,0.9999253857184062,1.0,1135.255778239593,1000.0,1034.154869260001,1000.0,1.0000586922711834,0.0
3747,1655649480000.0,0.007218931744206647,0.0,9.23,123.00351126539456,0.0,0.0,110.5,0.9999253857184062,1.0,1135.255778239593,1000.0,1019.848369260001,1000.0,1.0000586922711834,0.0
3748,1655653080000.0,0.007218931744206647,0.0,9.23,123.00351126539456,0.0,0.0,110.25,0.9999253857184062,1.0,1135.255778239593,1000.0,1017.540869260001,1000.0,1.0000586922711834,0.0
3749,1655656680000.0,0.007218931744206647,0.0,9.23,123.00351126539456,0.0,0.0,109.3,0.9999253857184062,1.0,1135.255778239593,1000.0,1008.772369260001,1000.0,1.0000586922711834,0.0
3750,1655660280000.0,0.007218931744206647,0.0,9.23,123.00351126539456,0.0,0.0,108.1,0.9999253857184062,1.0,1135.255778239593,1000.0,997.696369260001,1000.0,1.0000586922711834,0.0
3751,1655663880000.0,0.007218931744206647,0.0,9.23,123.00351126539456,0.0,0.0,109.3,0.9999253857184062,1.0,1135.255778239593,1000.0,1008.772369260001,1000.0,1.0000586922711834,0.0
3752,1655667480000.0,0.007218931744206647,0.0,9.23,123.00351126539456,0.0,0.0,112.05,0.9999253857184062,1.0,1135.255778239593,1000.0,1034.154869260001,1000.0,1.0000586922711834,0.0
3753,1655671080000.0,0.007218931744206647,0.0,9.23,123.00351126539456,0.0,0.0,113.7,0.9999253857184062,1.0,1135.255778239593,1000.0,1049.3843692600012,1000.0,1.0000586922711834,0.0
3754,1655674680000.0,0.007218931744206647,0.0,9.23,123.00351126539456,0.0,0.0,114.1,0.9999253857184062,1.0,1135.255778239593,1000.0,1053.076369260001,1000.0,1.0000586922711834,0.0
3755,1655678280000.0,0.007218931744206647,0.0,9.23,123.00351126539456,0.0,0.0,113.6,0.9999253857184062,1.0,1135.255778239593,1000.0,1048.461369260001,1000.0,1.0000586922711834,0.0
3756,1655681880000.0,0.007218931744206647,0.0,9.23,123.00351126539456,0.0,0.0,114.05,0.9999253857184062,1.0,1135.255778239593,1000.0,1052.6148692600011,1000.0,1.0000586922711834,0.0
3757,1655685480000.0,0.007218931744206647,0.0,9.23,123.00351126539456,0.0,0.0,112.05,0.9999253857184062,1.0,1135.255778239593,1000.0,1034.154869260001,1000.0,1.0000586922711834,0.0
3758,1655689080000.0,0.007218931744206647,0.0,9.23,123.00351126539456,0.0,0.0,109.85,0.9999253857184062,1.0,1135.255778239593,1000.0,1013.848869260001,1000.0,1.0000586922711834,0.0
3759,1655692680000.0,0.007218931744206647,0.0,9.23,123.00351126539456,0.0,0.0,108.7,0.9999253857184062,1.0,1135.255778239593,1000.0,1003.2343692600011,1000.0,1.0000586922711834,0.0
3760,1655696280000.0,0.007218931744206647,0.0,9.23,123.00351126539456,0.0,0.0,110.45,0.9999253857184062,1.0,1135.255778239593,1000.0,1019.3868692600012,1000.0,1.0000586922711834,0.0
3761,1655699880000.0,0.007218931744206647,0.0,9.23,123.00351126539456,0.0,0.0,110.85,0.9999253857184062,1.0,1135.255778239593,1000.0,1023.078869260001,1000.0,1.0000586922711834,0.0
3762,1655703480000.0,0.007218931744206647,0.0,9.23,123.00351126539456,0.0,0.0,109.4,0.9999253857184062,1.0,1135.255778239593,1000.0,1009.6953692600011,1000.0,1.0000586922711834,0.0
3763,1655707080000.0,0.007218931744206647,0.0,9.23,123.00351126539456,0.0,0.0,110.8,0.9999253857184062,1.0,1135.255778239593,1000.0,1022.617369260001,1000.0,1.0000586922711834,0.0
3764,1655710680000.0,0.007218931744206647,0.0,9.23,123.00351126539456,0.0,0.0,109.95,0.9999253857184062,1.0,1135.255778239593,1000.0,1014.7718692600012,1000.0,1.0000586922711834,0.0
3765,1655714280000.0,0.007218931744206647,0.0,9.23,123.00351126539456,0.0,0.0,112.6,0.9999253857184062,1.0,1135.255778239593,1000.0,1039.231369260001,1000.0,1.0000586922711834,0.0
3766,1655717880000.0,0.007218931744206647,0.0,9.23,123.00351126539456,0.0,0.0,113.4,0.9999253857184062,1.0,1135.255778239593,1000.0,1046.6153692600012,1000.0,1.0000586922711834,0.0
3767,1655721480000.0,0.007218931744206647,0.0,9.23,123.00351126539456,0.0,0.0,113.75,0.9999253857184062,1.0,1135.255778239593,1000.0,1049.845869260001,1000.0,1.0000586922711834,0.0
3768,1655725080000.0,0.007218931744206647,0.0,9.23,123.00351126539456,0.0,0.0,114.95,0.9999253857184062,1.0,1135.255778239593,1000.0,1060.9218692600011,1000.0,1.0000586922711834,0.0
3769,1655728680000.0,0.007218931744206647,0.0,9.23,123.00351126539456,0.0,0.0,113.5,0.9999253857184062,1.0,1135.255778239593,1000.0,1047.538369260001,1000.0,1.0000586922711834,0.0
3770,1655732280000.0,0.007218931744206647,0.0,9.23,123.00351126539456,0.0,0.0,113.3,0.9999253857184062,1.0,1135.255778239593,1000.0,1045.692369260001,1000.0,1.0000586922711834,0.0
3771,1655735880000.0,0.007218931744206647,0.0,9.23,123.00351126539456,0.0,0.0,114.45,0.9999253857184062,1.0,1135.255778239593,1000.0,1056.3068692600011,1000.0,1.0000586922711834,0.0
3772,1655739480000.0,0.007218931744206647,0.0,9.23,123.00351126539456,0.0,0.0,114.7,0.9999253857184062,1.0,1135.255778239593,1000.0,1058.6143692600012,1000.0,1.0000586922711834,0.0
3773,1655743080000.0,0.007218931744206647,0.0,9.23,123.00351126539456,0.0,0.0,116.2,0.9999253857184062,1.0,1135.255778239593,1000.0,1072.459369260001,1000.0,1.0000586922711834,0.0
3774,1655746680000.0,0.007218931744206647,0.0,9.23,123.00351126539456,0.0,0.0,116.15,0.9999253857184062,1.0,1135.255778239593,1000.0,1071.9978692600012,1000.0,1.0000586922711834,0.0
3775,1655750280000.0,0.007218931744206647,0.0,9.23,123.00351126539456,0.0,0.0,113.9,0.9999253857184062,1.0,1135.255778239593,1000.0,1051.2303692600012,1000.0,1.0000586922711834,0.0
3776,1655753880000.0,0.007218931744206647,0.0,9.23,123.00351126539456,0.0,0.0,114.0,0.9999253857184062,1.0,1135.255778239593,1000.0,1052.153369260001,1000.0,1.0000586922711834,0.0
3777,1655757480000.0,0.007218931744206647,0.0,9.23,123.00351126539456,0.0,0.0,115.2,0.9999253857184062,1.0,1135.255778239593,1000.0,1063.229369260001,1000.0,1.0000586922711834,0.0
3778,1655761080000.0,0.007218931744206647,0.0,9.23,123.00351126539456,0.0,0.0,114.45,0.9999253857184062,1.0,1135.255778239593,1000.0,1056.3068692600011,1000.0,1.0000586922711834,0.0
3779,1655764680000.0,0.007218931744206647,0.0,9.23,123.00351126539456,0.0,0.0,115.45,0.9999253857184062,1.0,1135.255778239593,1000.0,1065.5368692600011,1000.0,1.0000586922711834,0.0
3780,1655768280000.0,0.007218931744206647,0.0,9.23,123.00351126539456,0.0,0.0,117.3,0.9999253857184062,1.0,1135.255778239593,1000.0,1082.612369260001,1000.0,1.0000586922711834,0.0
3781,1655771880000.0,0.007218931744206647,0.0,9.23,123.00351126539456,0.0,0.0,115.95,0.9999253857184062,1.0,1135.255778239593,1000.0,1070.1518692600011,1000.0,1.0000586922711834,0.0
3782,1655775480000.0,0.007218931744206647,0.0,9.23,123.00351126539456,0.0,0.0,117.55,0.9999253857184062,1.0,1135.255778239593,1000.0,1084.9198692600012,1000.0,1.0000586922711834,0.0
3783,1655779080000.0,0.007218931744206647,0.0,9.23,123.00351126539456,0.0,0.0,116.55,0.9999253857184062,1.0,1135.255778239593,1000.0,1075.6898692600012,1000.0,1.0000586922711834,0.0
3784,1655782680000.0,0.007218931744206647,0.0,9.23,123.00351126539456,0.0,0.0,116.95,0.9999253857184062,1.0,1135.255778239593,1000.0,1079.3818692600012,1000.0,1.0000586922711834,0.0
3785,1655786280000.0,0.007218931744206647,0.0,9.23,123.00351126539456,0.0,0.0,118.4,0.9999253857184062,1.0,1135.255778239593,1000.0,1092.765369260001,1000.0,1.0000586922711834,0.0
3786,1655789880000.0,0.007218931744206647,0.0,9.23,123.00351126539456,0.0,0.0,120.6,0.9999253857184062,1.0,1135.255778239593,1000.0,1113.0713692600011,1000.0,1.0000586922711834,0.0
3787,1655793480000.0,0.007218931744206647,0.0,9.23,123.00351126539456,0.0,0.0,121.4,0.9999253857184062,1.0,1135.255778239593,1000.0,1120.4553692600011,1000.0,1.0000586922711834,0.0
3788,1655797080000.0,0.007218931744206647,0.0,9.23,123.00351126539456,0.0,0.0,119.8,0.9999253857184062,1.0,1135.255778239593,1000.0,1105.687369260001,1000.0,1.0000586922711834,0.0
3789,1655800680000.0,0.007218931744206647,0.0,9.23,123.00351126539456,0.0,0.0,121.3,0.9999253857184062,1.0,1135.255778239593,1000.0,1119.5323692600011,1000.0,1.0000586922711834,0.0
3790,1655804280000.0,0.007218931744206647,0.0,9.23,123.00351126539456,0.0,0.0,121.75,0.9999253857184062,1.0,1135.255778239593,1000.0,1123.685869260001,1000.0,1.0000586922711834,0.0
3791,1655807880000.0,0.007218931744206647,0.0,9.23,123.00351126539456,0.0,0.0,123.3,0.9999253857184062,1.0,1135.255778239593,1000.0,1137.9923692600012,1000.0,1.0000586922711834,0.0
3792,1655811480000.0,0.007218931744206647,0.0,9.23,123.00351126539456,0.0,0.0,122.25,0.9999253857184062,1.0,1135.255778239593,1000.0,1128.300869260001,1000.0,1.0000586922711834,0.0
3793,1655815080000.0,0.007218931744206647,0.0,9.23,123.00351126539456,0.0,0.0,121.05,0.9999253857184062,1.0,1135.255778239593,1000.0,1117.224869260001,1000.0,1.0000586922711834,0.0
3794,1655818680000.0,0.007218931744206647,0.0,9.23,123.00351126539456,0.0,0.0,121.45,0.9999253857184062,1.0,1135.255778239593,1000.0,1120.916869260001,1000.0,1.0000586922711834,0.0
3795,1655822280000.0,0.007218931744206647,0.0,9.23,123.00351126539456,0.0,0.0,123.95,0.9999253857184062,1.0,1135.255778239593,1000.0,1143.991869260001,1000.0,1.0000586922711834,0.0
3796,1655825880000.0,0.007218931744206647,0.0,9.23,123.00351126539456,0.0,0.0,123.85,0.9999253857184062,1.0,1135.255778239593,1000.0,1143.068869260001,1000.0,1.0000586922711834,0.0
3797,1655829480000.0,0.007218931744206647,0.0,9.23,123.00351126539456,0.0,0.0,123.0,0.9999253857184062,1.0,1135.255778239593,1000.0,1135.2233692600012,1000.0,1.0000586922711834,0.0
3798,1655833080000.0,0.007218931744206647,0.0,9.23,123.00351126539456,0.0,0.0,122.75,0.9999253857184062,1.0,1135.255778239593,1000.0,1132.915869260001,1000.0,1.0000586922711834,0.0
3799,1655836680000.0,0.007218931744206647,0.0,9.23,123.00351126539456,0.0,0.0,121.2,0.9999253857184062,1.0,1135.255778239593,1000.0,1118.6093692600011,1000.0,1.0000586922711834,0.0
3800,1655840280000.0,0.007218931744206647,0.0,9.23,123.00351126539456,0.0,0.0,122.0,0.9999253857184062,1.0,1135.255778239593,1000.0,1125.9933692600011,1000.0,1.0000586922711834,0.0
3801,1655843880000.0,0.007218931744206647,0.0,9.23,123.00351126539456,0.0,0.0,118.75,0.9999253857184062,1.0,1135.255778239593,1000.0,1095.9958692600012,1000.0,1.0000586922711834,0.0
3802,1655847480000.0,0.007218931744206647,0.0,9.23,123.00351126539456,0.0,0.0,119.9,0.9999253857184062,1.0,1135.255778239593,1000.0,1106.610369260001,1000.0,1.0000586922711834,0.0
3803,1655851080000.0,0.007218931744206647,0.0,9.23,123.00351126539456,0.0,0.0,119.65,0.9999253857184062,1.0,1135.255778239593,1000.0,1104.3028692600012,1000.0,1.0000586922711834,0.0
3804,1655854680000.0,0.007218931744206647,0.0,9.23,123.00351126539456,0.0,0.0,118.6,0.9999253857184062,1.0,1135.255778239593,1000.0,1094.611369260001,1000.0,1.0000586922711834,0.0
3805,1655858280000.0,0.007218931744206647,0.0,9.23,123.00351126539456,0.0,0.0,117.95,0.9999253857184062,1.0,1135.255778239593,1000.0,1088.6118692600012,1000.0,1.0000586922711834,0.0
3806,1655861880000.0,0.007218931744206647,0.0,9.23,123.00351126539456,0.0,0.0,118.0,0.9999253857184062,1.0,1135.255778239593,1000.0,1089.073369260001,1000.0,1.0000586922711834,0.0
3807,1655865480000.0,0.007218931744206647,0.0,9.23,123.00351126539456,0.0,0.0,115.0,0.9999253857184062,1.0,1135.255778239593,1000.0,1061.383369260001,1000.0,1.0000586922711834,0.0
3808,1655869080000.0,0.007218931744206647,0.0,9.23,123.00351126539456,0.0,0.0,114.65,0.9999253857184062,1.0,1135.255778239593,1000.0,1058.1528692600011,1000.0,1.0000586922711834,0.0
3809,1655872680000.0,0.007218931744206647,0.0,9.23,123.00351126539456,0.0,0.0,113.4,0.9999253857184062,1.0,1135.255778239593,1000.0,1046.6153692600012,1000.0,1.0000586922711834,0.0
3810,1655876280000.0,0.007218931744206647,0.0,9.23,123.00351126539456,0.0,0.0,114.95,0.9999253857184062,1.0,1135.255778239593,1000.0,1060.9218692600011,1000.0,1.0000586922711834,0.0
3811,1655879880000.0,0.007218931744206647,0.0,9.23,123.00351126539456,0.0,0.0,113.15,0.9999253857184062,1.0,1135.255778239593,1000.0,1044.307869260001,1000.0,1.0000586922711834,0.0
3812,1655883480000.0,0.007218931744206647,0.0,9.23,123.00351126539456,0.0,0.0,113.8,0.9999253857184062,1.0,1135.255778239593,1000.0,1050.307369260001,1000.0,1.0000586922711834,0.0
3813,1655887080000.0,0.007218931744206647,0.0,9.23,123.00351126539456,0.0,0.0,113.2,0.9999253857184062,1.0,1135.255778239593,1000.0,1044.7693692600012,1000.0,1.0000586922711834,0.0
3814,1655890680000.0,0.007218931744206647,0.0,9.23,123.00351126539456,0.0,0.0,114.5,0.9999253857184062,1.0,1135.255778239593,1000.0,1056.768369260001,1000.0,1.0000586922711834,0.0
3815,1655894280000.0,0.007218931744206647,0.0,9.23,123.00351126539456,0.0,0.0,114.8,0.9999253857184062,1.0,1135.255778239593,1000.0,1059.537369260001,1000.0,1.0000586922711834,0.0
3816,1655897880000.0,0.007218931744206647,0.0,9.23,123.00351126539456,0.0,0.0,116.4,0.9999253857184062,1.0,1135.255778239593,1000.0,1074.305369260001,1000.0,1.0000586922711834,0.0
3817,1655901480000.0,0.007218931744206647,0.0,9.23,123.00351126539456,0.0,0.0,115.95,0.9999253857184062,1.0,1135.255778239593,1000.0,1070.1518692600011,1000.0,1.0000586922711834,0.0
3818,1655905080000.0,0.007218931744206647,0.0,9.23,123.00351126539456,0.0,0.0,117.25,0.9999253857184062,1.0,1135.255778239593,1000.0,1082.1508692600012,1000.0,1.0000586922711834,0.0
3819,1655908680000.0,0.007218931744206647,0.0,9.23,123.00351126539456,0.0,0.0,117.75,0.9999253857184062,1.0,1135.255778239593,1000.0,1086.7658692600012,1000.0,1.0000586922711834,0.0
3820,1655912280000.0,0.007218931744206647,0.0,9.23,123.00351126539456,0.0,0.0,115.65,0.9999253857184062,1.0,1135.255778239593,1000.0,1067.3828692600011,1000.0,1.0000586922711834,0.0
3821,1655915880000.0,0.007218931744206647,0.0,9.23,123.00351126539456,0.0,0.0,114.15,0.9999253857184062,1.0,1135.255778239593,1000.0,1053.5378692600011,1000.0,1.0000586922711834,0.0
3822,1655919480000.0,0.007218931744206647,0.0,9.23,123.00351126539456,0.0,0.0,115.15,0.9999253857184062,1.0,1135.255778239593,1000.0,1062.7678692600011,1000.0,1.0000586922711834,0.0
3823,1655923080000.0,0.007218931744206647,0.0,9.23,123.00351126539456,0.0,0.0,115.15,0.9999253857184062,1.0,1135.255778239593,1000.0,1062.7678692600011,1000.0,1.0000586922711834,0.0
3824,1655926680000.0,0.007218931744206647,0.0,9.23,123.00351126539456,0.0,0.0,113.4,0.9999253857184062,1.0,1135.255778239593,1000.0,1046.6153692600012,1000.0,1.0000586922711834,0.0
3825,1655930280000.0,0.007218931744206647,0.0,9.23,123.00351126539456,0.0,0.0,112.4,0.9999253857184062,1.0,1135.255778239593,1000.0,1037.3853692600012,1000.0,1.0000586922711834,0.0
3826,1655933880000.0,0.007218931744206647,0.0,9.23,123.00351126539456,0.0,0.0,112.2,0.9999253857184062,1.0,1135.255778239593,1000.0,1035.5393692600012,1000.0,1.0000586922711834,0.0
3827,1655937480000.0,0.007218931744206647,0.0,9.23,123.00351126539456,0.0,0.0,112.95,0.9999253857184062,1.0,1135.255778239593,1000.0,1042.461869260001,1000.0,1.0000586922711834,0.0
3828,1655941080000.0,0.007218931744206647,0.0,9.23,123.00351126539456,0.0,0.0,111.55,0.9999253857184062,1.0,1135.255778239593,1000.0,1029.539869260001,1000.0,1.0000586922711834,0.0
3829,1655944680000.0,0.007218931744206647,0.0,9.23,123.00351126539456,0.0,0.0,113.15,0.9999253857184062,1.0,1135.255778239593,1000.0,1044.307869260001,1000.0,1.0000586922711834,0.0
3830,1655948280000.0,0.007218931744206647,0.0,9.23,123.00351126539456,0.0,0.0,114.7,0.9999253857184062,1.0,1135.255778239593,1000.0,1058.6143692600012,1000.0,1.0000586922711834,0.0
3831,1655951880000.0,0.007218931744206647,0.0,9.23,123.00351126539456,0.0,0.0,114.5,0.9999253857184062,1.0,1135.255778239593,1000.0,1056.768369260001,1000.0,1.0000586922711834,0.0
3832,1655955480000.0,0.007218931744206647,0.0,9.23,123.00351126539456,0.0,0.0,114.35,0.9999253857184062,1.0,1135.255778239593,1000.0,1055.3838692600011,1000.0,1.0000586922711834,0.0
3833,1655959080000.0,0.007218931744206647,0.0,9.23,123.00351126539456,0.0,0.0,114.7,0.9999253857184062,1.0,1135.255778239593,1000.0,1058.6143692600012,1000.0,1.0000586922711834,0.0
3834,1655962680000.0,0.007218931744206647,0.0,9.23,123.00351126539456,0.0,0.0,115.4,0.9999253857184062,1.0,1135.255778239593,1000.0,1065.075369260001,1000.0,1.0000586922711834,0.0
3835,1655966280000.0,0.007218931744206647,0.0,9.23,123.00351126539456,0.0,0.0,116.85,0.9999253857184062,1.0,1135.255778239593,1000.0,1078.458869260001,1000.0,1.0000586922711834,0.0
3836,1655969880000.0,0.007218931744206647,0.0,9.23,123.00351126539456,0.0,0.0,116.45,0.9999253857184062,1.0,1135.255778239593,1000.0,1074.7668692600012,1000.0,1.0000586922711834,0.0
3837,1655973480000.0,0.007218931744206647,0.0,9.23,123.00351126539456,0.0,0.0,116.35,0.9999253857184062,1.0,1135.255778239593,1000.0,1073.8438692600012,1000.0,1.0000586922711834,0.0
3838,1655977080000.0,0.007218931744206647,0.0,9.23,123.00351126539456,0.0,0.0,116.55,0.9999253857184062,1.0,1135.255778239593,1000.0,1075.6898692600012,1000.0,1.0000586922711834,0.0
3839,1655980680000.0,0.007218931744206647,0.0,9.23,123.00351126539456,0.0,0.0,117.95,0.9999253857184062,1.0,1135.255778239593,1000.0,1088.6118692600012,1000.0,1.0000586922711834,0.0
3840,1655984280000.0,0.007218931744206647,0.0,9.23,123.00351126539456,0.0,0.0,118.0,0.9999253857184062,1.0,1135.255778239593,1000.0,1089.073369260001,1000.0,1.0000586922711834,0.0
3841,1655987880000.0,0.007218931744206647,0.0,9.23,123.00351126539456,0.0,0.0,117.95,0.9999253857184062,1.0,1135.255778239593,1000.0,1088.6118692600012,1000.0,1.0000586922711834,0.0
3842,1655991480000.0,0.007218931744206647,0.0,9.23,123.00351126539456,0.0,0.0,118.45,0.9999253857184062,1.0,1135.255778239593,1000.0,1093.2268692600012,1000.0,1.0000586922711834,0.0
3843,1655995080000.0,0.007218931744206647,0.0,9.23,123.00351126539456,0.0,0.0,117.6,0.9999253857184062,1.0,1135.255778239593,1000.0,1085.381369260001,1000.0,1.0000586922711834,0.0
3844,1655998680000.0,0.007218931744206647,0.0,9.23,123.00351126539456,0.0,0.0,117.3,0.9999253857184062,1.0,1135.255778239593,1000.0,1082.612369260001,1000.0,1.0000586922711834,0.0
3845,1656002280000.0,0.007218931744206647,0.0,9.23,123.00351126539456,0.0,0.0,117.25,0.9999253857184062,1.0,1135.255778239593,1000.0,1082.1508692600012,1000.0,1.0000586922711834,0.0
3846,1656005880000.0,0.007218931744206647,0.0,9.23,123.00351126539456,0.0,0.0,117.25,0.9999253857184062,1.0,1135.255778239593,1000.0,1082.1508692600012,1000.0,1.0000586922711834,0.0
3847,1656009480000.0,0.007218931744206647,0.0,9.23,123.00351126539456,0.0,0.0,118.85,0.9999253857184062,1.0,1135.255778239593,1000.0,1096.918869260001,1000.0,1.0000586922711834,0.0
3848,1656013080000.0,0.007218931744206647,0.0,9.23,123.00351126539456,0.0,0.0,120.5,0.9999253857184062,1.0,1135.255778239593,1000.0,1112.1483692600011,1000.0,1.0000586922711834,0.0
3849,1656016680000.0,0.007218931744206647,0.0,9.23,123.00351126539456,0.0,0.0,120.8,0.9999253857184062,1.0,1135.255778239593,1000.0,1114.9173692600011,1000.0,1.0000586922711834,0.0
3850,1656020280000.0,0.007218931744206647,0.0,9.23,123.00351126539456,0.0,0.0,119.95,0.9999253857184062,1.0,1135.255778239593,1000.0,1107.0718692600012,1000.0,1.0000586922711834,0.0
3851,1656023880000.0,0.007218931744206647,0.0,9.23,123.00351126539456,0.0,0.0,122.05,0.9999253857184062,1.0,1135.255778239593,1000.0,1126.454869260001,1000.0,1.0000586922711834,0.0
3852,1656027480000.0,0.007218931744206647,0.0,9.23,123.00351126539456,0.0,0.0,122.6,0.9999253857184062,1.0,1135.255778239593,1000.0,1131.5313692600012,1000.0,1.0000586922711834,0.0
3853,1656031080000.0,0.007218931744206647,0.0,9.23,123.00351126539456,0.0,0.0,123.75,0.9999253857184062,1.0,1135.255778239593,1000.0,1142.145869260001,1000.0,1.0000586922711834,0.0
3854,1656034680000.0,0.007218931744206647,0.0,9.23,123.00351126539456,0.0,0.0,124.35,0.9999253857184062,1.0,1135.255778239593,1000.0,1147.683869260001,1000.0,1.0000586922711834,0.0
3855,1656038280000.0,0.007218931744206647,0.0,9.23,123.00351126539456,0.0,0.0,125.35,0.9999253857184062,1.0,1135.255778239593,1000.0,1156.913869260001,1000.0,1.0000586922711834,0.0
3856,1656041880000.0,0.007218931744206647,0.0,9.23,123.00351126539456,0.0,0.0,124.25,0.9999253857184062,1.0,1135.255778239593,1000.0,1146.760869260001,1000.0,1.0000586922711834,0.0
3857,1656045480000.0,0.007218931744206647,0.0,9.23,123.00351126539456,0.0,0.0,123.65,0.9999253857184062,1.0,1135.255778239593,1000.0,1141.222869260001,1000.0,1.0000586922711834,0.0
3858,1656049080000.0,0.007218931744206647,0.0,9.23,123.00351126539456,0.0,0.0,124.35,0.9999253857184062,1.0,1135.255778239593,1000.0,1147.683869260001,1000.0,1.0000586922711834,0.0
3859,1656052680000.0,0.007218931744206647,0.0,9.23,123.00351126539456,0.0,0.0,122.95,0.9999253857184062,1.0,1135.255778239593,1000.0,1134.761869260001,1000.0,1.0000586922711834,0.0
3860,1656056280000.0,0.007218931744206647,0.0,9.23,123.00351126539456,0.0,0.0,124.0,0.9999253857184062,1.0,1135.255778239593,1000.0,1144.4533692600012,1000.0,1.0000586922711834,0.0
3861,1656059880000.0,0.007218931744206647,0.0,9.23,123.00351126539456,0.0,0.0,125.1,0.9999253857184062,1.0,1135.255778239593,1000.0,1154.606369260001,1000.0,1.0000586922711834,0.0
3862,1656063480000.0,0.007218931744206647,0.0,9.23,123.00351126539456,0.0,0.0,125.15,0.9999253857184062,1.0,1135.255778239593,1000.0,1155.067869260001,1000.0,1.0000586922711834,0.0
3863,1656067080000.0,0.007218931744206647,0.0,9.23,123.00351126539456,0.0,0.0,125.1,0.9999253857184062,1.0,1135.255778239593,1000.0,1154.606369260001,1000.0,1.0000586922711834,0.0
3864,1656070680000.0,0.0,0.0,0.82,123.00351126539456,0.0,0.0,127.5,0.9999253857184062,1.0,1166.1301390976248,1000.0,1169.8172598600013,1000.0,0.0864936732667533,0.0
3865,1656074280000.0,0.0,0.0,0.06,123.00351126539456,0.0,0.0,126.5,0.9999253857184062,1.0,1168.9202121359247,1000.0,1169.130001460001,1000.0,0.006313699257914351,0.0
3866,1656077880000.0,0.0,0.0,0.0,123.00351126539456,0.0,0.0,127.1,0.9999253857184062,1.0,1169.140481060001,1000.0,1169.140481060001,1000.0,0.0,0.0
3867,1656081480000.0,0.0,0.0,0.0,123.00351126539456,0.0,0.0,126.15,0.9999253857184062,1.0,1169.140481060001,1000.0,1169.140481060001,1000.0,0.0,0.0
3868,1656085080000.0,0.0,0.0,0.0,123.00351126539456,0.0,0.0,124.45,0.9999253857184062,1.0,1169.140481060001,1000.0,1169.140481060001,1000.0,0.0,0.0
3869,1656088680000.0,0.0,0.0,0.0,123.00351126539456,0.0,0.0,124.25,0.9999253857184062,1.0,1169.140481060001,1000.0,1169.140481060001,1000.0,0.0,0.0
3870,1656092280000.0,0.0,0.0,0.0,123.00351126539456,0.0,0.0,127.35,0.9999253857184062,1.0,1169.140481060001,1000.0,1169.140481060001,1000.0,0.0,0.0
3871,1656095880000.0,0.0,0.0,0.0,123.00351126539456,0.0,0.0,127.2,0.9999253857184062,1.0,1169.140481060001,1000.0,1169.140481060001,1000.0,0.0,0.0
3872,1656099480000.0,0.0,0.0,0.0,123.00351126539456,0.0,0.0,127.7,0.9999253857184062,1.0,1169.140481060001,1000.0,1169.140481060001,1000.0,0.0,0.0
3873,1656103080000.0,0.0,0.0,0.0,123.00351126539456,0.0,0.0,127.5,0.9999253857184062,1.0,1169.140481060001,1000.0,1169.140481060001,1000.0,0.0,0.0
3874,1656106680000.0,0.0,0.0,0.0,123.00351126539456,0.0,0.0,127.15,0.9999253857184062,1.0,1169.140481060001,1000.0,1169.140481060001,1000.0,0.0,0.0
3875,1656110280000.0,0.0,0.0,0.0,123.00351126539456,0.0,0.0,127.35,0.9999253857184062,1.0,1169.140481060001,1000.0,1169.140481060001,1000.0,0.0,0.0
3876,1656113880000.0,0.0,0.0,0.0,123.00351126539456,0.0,0.0,127.4,0.9999253857184062,1.0,1169.140481060001,1000.0,1169.140481060001,1000.0,0.0,0.0
3877,1656117480000.0,0.0,0.0,0.0,123.00351126539456,0.0,0.0,125.45,0.9999253857184062,1.0,1169.140481060001,1000.0,1169.140481060001,1000.0,0.0,0.0
3878,1656121080000.0,0.0,0.0,0.0,123.00351126539456,0.0,0.0,126.8,0.9999253857184062,1.0,1169.140481060001,1000.0,1169.140481060001,1000.0,0.0,0.0
3879,1656124680000.0,0.0,0.0,0.0,123.00351126539456,0.0,0.0,124.95,0.9999253857184062,1.0,1169.140481060001,1000.0,1169.140481060001,1000.0,0.0,0.0
3880,1656128280000.0,0.0,0.0,0.0,123.00351126539456,0.0,0.0,125.0,0.9999253857184062,1.0,1169.140481060001,1000.0,1169.140481060001,1000.0,0.0,0.0
3881,1656131880000.0,0.0,0.0,0.0,123.00351126539456,0.0,0.0,125.4,0.9999253857184062,1.0,1169.140481060001,1000.0,1169.140481060001,1000.0,0.0,0.0
3882,1656135480000.0,0.0,0.0,0.0,123.00351126539456,0.0,0.0,126.2,0.9999253857184062,1.0,1169.140481060001,1000.0,1169.140481060001,1000.0,0.0,0.0
3883,1656139080000.0,0.0,0.0,0.0,123.00351126539456,0.0,0.0,125.25,0.9999253857184062,1.0,1169.140481060001,1000.0,1169.140481060001,1000.0,0.0,0.0
3884,1656142680000.0,0.0,0.0,0.0,123.00351126539456,0.0,0.0,127.05,0.9999253857184062,1.0,1169.140481060001,1000.0,1169.140481060001,1000.0,0.0,0.0
3885,1656146280000.0,0.0,0.0,0.0,123.00351126539456,0.0,0.0,126.1,0.9999253857184062,1.0,1169.140481060001,1000.0,1169.140481060001,1000.0,0.0,0.0
3886,1656149880000.0,0.0,0.0,0.0,123.00351126539456,0.0,0.0,126.8,0.9999253857184062,1.0,1169.140481060001,1000.0,1169.140481060001,1000.0,0.0,0.0
3887,1656153480000.0,0.0,0.0,0.0,123.00351126539456,0.0,0.0,126.5,0.9999253857184062,1.0,1169.140481060001,1000.0,1169.140481060001,1000.0,0.0,0.0
3888,1656157080000.0,0.0,0.0,0.0,123.00351126539456,0.0,0.0,125.7,0.9999253857184062,1.0,1169.140481060001,1000.0,1169.140481060001,1000.0,0.0,0.0
3889,1656160680000.0,0.0,0.0,0.38,121.63,0.0,0.0,122.4,0.9999253857184062,1.0,1169.131237180001,1000.0,1169.423837180001,1000.0,0.03953311529977023,0.0
3890,1656164280000.0,0.0,0.0,0.38,121.63,0.0,0.0,122.95,0.9999253857184062,1.0,1169.131237180001,1000.0,1169.6328371800012,1000.0,0.03953311529977023,0.0
3891,1656167880000.0,0.0,0.0,0.38,121.63,0.0,0.0,122.85,0.9999253857184062,1.0,1169.131237180001,1000.0,1169.5948371800012,1000.0,0.03953311529977023,0.0
3892,1656171480000.0,0.0,0.0,0.38,121.63,0.0,0.0,122.7,0.9999253857184062,1.0,1169.131237180001,1000.0,1169.5378371800011,1000.0,0.03953311529977023,0.0
3893,1656175080000.0,0.0,0.0,0.38,121.63,0.0,0.0,122.65,0.9999253857184062,1.0,1169.131237180001,1000.0,1169.5188371800011,1000.0,0.03953311529977023,0.0
3894,1656178680000.0,0.0,0.0,0.38,121.63,0.0,0.0,122.75,0.9999253857184062,1.0,1169.131237180001,1000.0,1169.5568371800011,1000.0,0.03953311529977023,0.0
3895,1656182280000.0,0.0,0.0,0.38,121.63,0.0,0.0,122.35,0.9999253857184062,1.0,1169.131237180001,1000.0,1169.404837180001,1000.0,0.03953311529977023,0.0
3896,1656185880000.0,0.0,0.0,0.38,121.63,0.0,0.0,123.7,0.9999253857184062,1.0,1169.131237180001,1000.0,1169.917837180001,1000.0,0.03953311529977023,0.0
3897,1656189480000.0,0.0,0.0,0.38,121.63,0.0,0.0,123.9,0.9999253857184062,1.0,1169.131237180001,1000.0,1169.993837180001,1000.0,0.03953311529977023,0.0
3898,1656193080000.0,0.0,0.0,0.26,121.63,0.0,0.0,126.6,0.9999253857184062,1.0,1169.5662304600012,1000.0,1170.8584304600013,1000.0,0.02703891338206821,0.0
3899,1656196680000.0,0.0,0.0,0.26,121.63,0.0,0.0,127.45,0.9999253857184062,1.0,1169.5662304600012,1000.0,1171.0794304600013,1000.0,0.02703891338206821,0.0
3900,1656200280000.0,0.0,0.0,0.26,121.63,0.0,0.0,127.25,0.9999253857184062,1.0,1169.5662304600012,1000.0,1171.0274304600011,1000.0,0.02703891338206821,0.0
3901,1656203880000.0,0.0,0.0,0.26,121.63,0.0,0.0,126.9,0.9999253857184062,1.0,1169.5662304600012,1000.0,1170.9364304600012,1000.0,0.02703891338206821,0.0
3902,1656207480000.0,0.0,0.0,0.26,121.63,0.0,0.0,125.95,0.9999253857184062,1.0,1169.5662304600012,1000.0,1170.6894304600012,1000.0,0.02703891338206821,0.0
3903,1656211080000.0,0.0,0.0,0.26,121.63,0.0,0.0,127.25,0.9999253857184062,1.0,1169.5662304600012,1000.0,1171.0274304600011,1000.0,0.02703891338206821,0.0
3904,1656214680000.0,0.0,0.0,0.01,121.63,0.0,0.0,128.2,0.9999253857184062,1.0,1171.2098189600015,1000.0,1171.2755189600016,1000.0,0.001038498807224855,0.0
3905,1656218280000.0,0.0,0.0,0.0,121.63,0.0,0.0,129.55,0.9999253857184062,1.0,1171.2755625000016,1000.0,1171.2755625000016,1000.0,0.0,0.0
3906,1656221880000.0,0.0,0.0,0.0,121.63,0.0,0.0,130.5,0.9999253857184062,1.0,1171.2755625000016,1000.0,1171.2755625000016,1000.0,0.0,0.0
3907,1656225480000.0,0.0,0.0,0.0,121.63,0.0,0.0,130.9,0.9999253857184062,1.0,1171.2755625000016,1000.0,1171.2755625000016,1000.0,0.0,0.0
3908,1656229080000.0,0.0,0.0,0.0,121.63,0.0,0.0,131.0,0.9999253857184062,1.0,1171.2755625000016,1000.0,1171.2755625000016,1000.0,0.0,0.0
3909,1656232680000.0,0.0,0.0,0.0,121.63,0.0,0.0,130.35,0.9999253857184062,1.0,1171.2755625000016,1000.0,1171.2755625000016,1000.0,0.0,0.0
3910,1656236280000.0,0.0,0.0,0.0,121.63,0.0,0.0,130.4,0.9999253857184062,1.0,1171.2755625000016,1000.0,1171.2755625000016,1000.0,0.0,0.0
3911,1656239880000.0,0.0,0.0,0.0,121.63,0.0,0.0,130.2,0.9999253857184062,1.0,1171.2755625000016,1000.0,1171.2755625000016,1000.0,0.0,0.0
3912,1656243480000.0,0.0,0.0,0.0,121.63,0.0,0.0,131.1,0.9999253857184062,1.0,1171.2755625000016,1000.0,1171.2755625000016,1000.0,0.0,0.0
3913,1656247080000.0,0.0,0.0,0.0,121.63,0.0,0.0,132.75,0.9999253857184062,1.0,1171.2755625000016,1000.0,1171.2755625000016,1000.0,0.0,0.0
3914,1656250680000.0,0.0,0.0,0.0,121.63,0.0,0.0,129.65,0.9999253857184062,1.0,1171.2755625000016,1000.0,1171.2755625000016,1000.0,0.0,0.0
3915,1656254280000.0,0.0,0.0,0.0,121.63,0.0,0.0,130.15,0.9999253857184062,1.0,1171.2755625000016,1000.0,1171.2755625000016,1000.0,0.0,0.0
3916,1656257880000.0,0.0,0.0,0.0,121.63,0.0,0.0,129.65,0.9999253857184062,1.0,1171.2755625000016,1000.0,1171.2755625000016,1000.0,0.0,0.0
3917,1656261480000.0,0.0,0.0,0.0,121.63,0.0,0.0,130.9,0.9999253857184062,1.0,1171.2755625000016,1000.0,1171.2755625000016,1000.0,0.0,0.0
3918,1656265080000.0,0.0,0.0,0.0,121.63,0.0,0.0,128.8,0.9999253857184062,1.0,1171.2755625000016,1000.0,1171.2755625000016,1000.0,0.0,0.0
3919,1656268680000.0,0.0,0.0,0.0,121.63,0.0,0.0,128.95,0.9999253857184062,1.0,1171.2755625000016,1000.0,1171.2755625000016,1000.0,0.0,0.0
3920,1656272280000.0,0.0,0.0,0.0,121.63,0.0,0.0,129.9,0.9999253857184062,1.0,1171.2755625000016,1000.0,1171.2755625000016,1000.0,0.0,0.0
3921,1656275880000.0,0.0,0.0,0.0,121.63,0.0,0.0,130.6,0.9999253857184062,1.0,1171.2755625000016,1000.0,1171.2755625000016,1000.0,0.0,0.0
3922,1656279480000.0,0.0,0.0,0.0,121.63,0.0,0.0,131.45,0.9999253857184062,1.0,1171.2755625000016,1000.0,1171.2755625000016,1000.0,0.0,0.0
3923,1656283080000.0,0.0,0.0,0.0,121.63,0.0,0.0,127.2,0.9999253857184062,1.0,1171.2755625000016,1000.0,1171.2755625000016,1000.0,0.0,0.0
3924,1656286680000.0,0.0,0.0,0.0,121.63,0.0,0.0,127.05,0.9999253857184062,1.0,1171.2755625000016,1000.0,1171.2755625000016,1000.0,0.0,0.0
3925,1656290280000.0,0.0,0.0,0.38,124.86,0.0,0.0,125.45,0.9999253857184062,1.0,1171.2660731400015,1000.0,1171.4902731400016,1000.0,0.0405089851811397,0.0
3926,1656293880000.0,0.0,0.0,0.38,124.86,0.0,0.0,126.2,0.9999253857184062,1.0,1171.2660731400015,1000.0,1171.7752731400014,1000.0,0.0405089851811397,0.0
3927,1656297480000.0,0.0,0.0,0.38,124.86,0.0,0.0,127.0,0.9999253857184062,1.0,1171.2660731400015,1000.0,1172.0792731400015,1000.0,0.0405089851811397,0.0
3928,1656301080000.0,0.0,0.0,0.38,124.86,0.0,0.0,125.85,0.9999253857184062,1.0,1171.2660731400015,1000.0,1171.6422731400014,1000.0,0.0405089851811397,0.0
3929,1656304680000.0,0.0,0.0,0.38,124.86,0.0,0.0,126.45,0.9999253857184062,1.0,1171.2660731400015,1000.0,1171.8702731400015,1000.0,0.0405089851811397,0.0
3930,1656308280000.0,0.0,0.0,0.38,124.86,0.0,0.0,125.8,0.9999253857184062,1.0,1171.2660731400015,1000.0,1171.6232731400014,1000.0,0.0405089851811397,0.0
3931,1656311880000.0,0.0,0.0,0.38,124.86,0.0,0.0,126.45,0.9999253857184062,1.0,1171.2660731400015,1000.0,1171.8702731400015,1000.0,0.0405089851811397,0.0
3932,1656315480000.0,0.0,0.0,0.38,124.86,0.0,0.0,127.55,0.9999253857184062,1.0,1171.2660731400015,1000.0,1172.2882731400016,1000.0,0.0405089851811397,0.0
3933,1656319080000.0,0.0,0.0,0.26,124.86,0.0,0.0,128.95,0.9999253857184062,1.0,1171.7129865000015,1000.0,1172.7763865000015,1000.0,0.027706102410771528,0.0
3934,1656322680000.0,0.0,0.0,0.12,124.86,0.0,0.0,129.8,0.9999253857184062,1.0,1172.2343854200012,1000.0,1172.8271854200011,1000.0,0.012781744151475007,0.0
3935,1656326280000.0,0.0,0.0,0.08,124.86,0.0,0.0,129.0,0.9999253857184062,1.0,1172.3833565400014,1000.0,1172.7145565400015,1000.0,0.008520080009903471,0.0
3936,1656329880000.0,0.0,0.0,0.06,124.86,0.0,0.0,127.85,0.9999253857184062,1.0,1172.4578421000015,1000.0,1172.6372421000015,1000.0,0.00638965405065799,0.0
3937,1656333480000.0,0.0,0.0,0.06,124.86,0.0,0.0,127.5,0.9999253857184062,1.0,1172.4578421000015,1000.0,1172.6162421000015,1000.0,0.00638965405065799,0.0
3938,1656337080000.0,0.0,0.0,0.06,124.86,0.0,0.0,128.35,0.9999253857184062,1.0,1172.4578421000015,1000.0,1172.6672421000014,1000.0,0.00638965405065799,0.0
3939,1656340680000.0,0.0,0.0,0.06,124.86,0.0,0.0,124.2,0.9999253857184062,1.0,1172.4578421000015,1000.0,1172.4182421000014,1000.0,0.00638965405065799,0.0
3940,1656344280000.0,0.0,0.0,0.06,124.86,0.0,0.0,124.25,0.9999253857184062,1.0,1172.4578421000015,1000.0,1172.4212421000016,1000.0,0.00638965405065799,0.0
3941,1656347880000.0,0.0,0.0,0.38,123.37789473684208,0.0,0.0,124.1,0.9999253857184062,1.0,1172.4499637000015,1000.0,1172.7243637000015,1000.0,0.03998771926440713,0.0
3942,1656351480000.0,0.0,0.0,0.38,123.37789473684208,0.0,0.0,121.55,0.9999253857184062,1.0,1172.4499637000015,1000.0,1171.7553637000015,1000.0,0.03998771926440713,0.0
3943,1656355080000.0,0.0,0.0,0.38,123.37789473684208,0.0,0.0,122.95,0.9999253857184062,1.0,1172.4499637000015,1000.0,1172.2873637000016,1000.0,0.03998771926440713,0.0
3944,1656358680000.0,0.0,0.0,0.38,123.37789473684208,0.0,0.0,121.15,0.9999253857184062,1.0,1172.4499637000015,1000.0,1171.6033637000014,1000.0,0.03998771926440713,0.0
3945,1656362280000.0,0.0,0.0,0.38,123.37789473684208,0.0,0.0,121.45,0.9999253857184062,1.0,1172.4499637000015,1000.0,1171.7173637000014,1000.0,0.03998771926440713,0.0
3946,1656365880000.0,0.0,0.0,0.38,123.37789473684208,0.0,0.0,121.55,0.9999253857184062,1.0,1172.4499637000015,1000.0,1171.7553637000015,1000.0,0.03998771926440713,0.0
3947,1656369480000.0,0.0,0.0,0.38,123.37789473684208,0.0,0.0,121.65,0.9999253857184062,1.0,1172.4499637000015,1000.0,1171.7933637000015,1000.0,0.03998771926440713,0.0
3948,1656373080000.0,0.0,0.0,0.38,123.37789473684208,0.0,0.0,122.0,0.9999253857184062,1.0,1172.4499637000015,1000.0,1171.9263637000015,1000.0,0.03998771926440713,0.0
3949,1656376680000.0,0.0,0.0,0.38,123.37789473684208,0.0,0.0,120.4,0.9999253857184062,1.0,1172.4499637000015,1000.0,1171.3183637000016,1000.0,0.03998771926440713,0.0
3950,1656380280000.0,0.0,0.0,0.78,120.74307692307691,0.0,0.0,118.4,0.9999253857184062,1.0,1172.4405045000015,1000.0,1170.6129045000014,1000.0,0.0803278286945262,0.0
3951,1656383880000.0,0.0,0.0,0.78,120.74307692307691,0.0,0.0,117.0,0.9999253857184062,1.0,1172.4405045000015,1000.0,1169.5209045000015,1000.0,0.0803278286945262,0.0
3952,1656387480000.0,0.0,0.0,0.78,120.74307692307691,0.0,0.0,118.0,0.9999253857184062,1.0,1172.4405045000015,1000.0,1170.3009045000015,1000.0,0.0803278286945262,0.0
3953,1656391080000.0,0.0,0.0,0.78,120.74307692307691,0.0,0.0,118.85,0.9999253857184062,1.0,1172.4405045000015,1000.0,1170.9639045000015,1000.0,0.0803278286945262,0.0
3954,1656394680000.0,0.0,0.0,0.78,120.74307692307691,0.0,0.0,117.6,0.9999253857184062,1.0,1172.4405045000015,1000.0,1169.9889045000014,1000.0,0.0803278286945262,0.0
3955,1656398280000.0,0.0,0.0,0.78,120.74307692307691,0.0,0.0,119.15,0.9999253857184062,1.0,1172.4405045000015,1000.0,1171.1979045000014,1000.0,0.0803278286945262,0.0
3956,1656401880000.0,0.0,0.0,0.78,120.74307692307691,0.0,0.0,120.0,0.9999253857184062,1.0,1172.4405045000015,1000.0,1171.8609045000014,1000.0,0.0803278286945262,0.0
3957,1656405480000.0,0.0,0.0,0.78,120.74307692307691,0.0,0.0,120.3,0.9999253857184062,1.0,1172.4405045000015,1000.0,1172.0949045000013,1000.0,0.0803278286945262,0.0
3958,1656409080000.0,0.0,0.0,0.78,120.74307692307691,0.0,0.0,121.65,0.9999253857184062,1.0,1172.4405045000015,1000.0,1173.1479045000015,1000.0,0.0803278286945262,0.0
3959,1656412680000.0,0.0,0.0,0.78,120.74307692307691,0.0,0.0,121.0,0.9999253857184062,1.0,1172.4405045000015,1000.0,1172.6409045000014,1000.0,0.0803278286945262,0.0
3960,1656416280000.0,0.0,0.0,0.78,120.74307692307691,0.0,0.0,122.1,0.9999253857184062,1.0,1172.4405045000015,1000.0,1173.4989045000013,1000.0,0.0803278286945262,0.0
3961,1656419880000.0,0.0,0.0,0.78,120.74307692307691,0.0,0.0,121.7,0.9999253857184062,1.0,1172.4405045000015,1000.0,1173.1869045000014,1000.0,0.0803278286945262,0.0
3962,1656423480000.0,0.0,0.0,0.78,120.74307692307691,0.0,0.0,122.35,0.9999253857184062,1.0,1172.4405045000015,1000.0,1173.6939045000015,1000.0,0.0803278286945262,0.0
3963,1656427080000.0,0.0,0.0,0.78,120.74307692307691,0.0,0.0,121.15,0.9999253857184062,1.0,1172.4405045000015,1000.0,1172.7579045000014,1000.0,0.0803278286945262,0.0
3964,1656430680000.0,0.0,0.0,0.78,120.74307692307691,0.0,0.0,118.15,0.9999253857184062,1.0,1172.4405045000015,1000.0,1170.4179045000014,1000.0,0.0803278286945262,0.0
3965,1656434280000.0,0.0,0.0,0.78,120.74307692307691,0.0,0.0,118.95,0.9999253857184062,1.0,1172.4405045000015,1000.0,1171.0419045000015,1000.0,0.0803278286945262,0.0
3966,1656437880000.0,0.0,0.0,0.78,120.74307692307691,0.0,0.0,117.85,0.9999253857184062,1.0,1172.4405045000015,1000.0,1170.1839045000015,1000.0,0.0803278286945262,0.0
3967,1656441480000.0,0.0,0.0,0.78,120.74307692307691,0.0,0.0,117.15,0.9999253857184062,1.0,1172.4405045000015,1000.0,1169.6379045000015,1000.0,0.0803278286945262,0.0
3968,1656445080000.0,0.0,0.0,0.78,120.74307692307691,0.0,0.0,118.15,0.9999253857184062,1.0,1172.4405045000015,1000.0,1170.4179045000014,1000.0,0.0803278286945262,0.0
3969,1656448680000.0,0.0,0.0,0.78,120.74307692307691,0.0,0.0,118.15,0.9999253857184062,1.0,1172.4405045000015,1000.0,1170.4179045000014,1000.0,0.0803278286945262,0.0
3970,1656452280000.0,0.0,0.0,0.78,120.74307692307691,0.0,0.0,118.95,0.9999253857184062,1.0,1172.4405045000015,1000.0,1171.0419045000015,1000.0,0.0803278286945262,0.0
3971,1656455880000.0,0.0,0.0,0.78,120.74307692307691,0.0,0.0,117.45,0.9999253857184062,1.0,1172.4405045000015,1000.0,1169.8719045000014,1000.0,0.0803278286945262,0.0
3972,1656459480000.0,0.0,0.0,0.78,120.74307692307691,0.0,0.0,116.85,0.9999253857184062,1.0,1172.4405045000015,1000.0,1169.4039045000015,1000.0,0.0803278286945262,0.0
3973,1656463080000.0,0.0,0.0,0.78,120.74307692307691,0.0,0.0,118.75,0.9999253857184062,1.0,1172.4405045000015,1000.0,1170.8859045000015,1000.0,0.0803278286945262,0.0
3974,1656466680000.0,0.0,0.0,0.78,120.74307692307691,0.0,0.0,119.85,0.9999253857184062,1.0,1172.4405045000015,1000.0,1171.7439045000015,1000.0,0.0803278286945262,0.0
3975,1656470280000.0,0.0,0.0,0.78,120.74307692307691,0.0,0.0,119.0,0.9999253857184062,1.0,1172.4405045000015,1000.0,1171.0809045000015,1000.0,0.0803278286945262,0.0
3976,1656473880000.0,0.0,0.0,0.78,120.74307692307691,0.0,0.0,118.75,0.9999253857184062,1.0,1172.4405045000015,1000.0,1170.8859045000015,1000.0,0.0803278286945262,0.0
3977,1656477480000.0,0.0,0.0,0.78,120.74307692307691,0.0,0.0,119.5,0.9999253857184062,1.0,1172.4405045000015,1000.0,1171.4709045000016,1000.0,0.0803278286945262,0.0
3978,1656481080000.0,0.0,0.0,0.78,120.74307692307691,0.0,0.0,118.4,0.9999253857184062,1.0,1172.4405045000015,1000.0,1170.6129045000014,1000.0,0.0803278286945262,0.0
3979,1656484680000.0,0.0,0.0,0.78,120.74307692307691,0.0,0.0,118.4,0.9999253857184062,1.0,1172.4405045000015,1000.0,1170.6129045000014,1000.0,0.0803278286945262,0.0
3980,1656488280000.0,0.0,0.0,0.78,120.74307692307691,0.0,0.0,118.5,0.9999253857184062,1.0,1172.4405045000015,1000.0,1170.6909045000014,1000.0,0.0803278286945262,0.0
3981,1656491880000.0,0.0,0.0,0.78,120.74307692307691,0.0,0.0,118.15,0.9999253857184062,1.0,1172.4405045000015,1000.0,1170.4179045000014,1000.0,0.0803278286945262,0.0
3982,1656495480000.0,0.0,0.0,0.78,120.74307692307691,0.0,0.0,119.6,0.9999253857184062,1.0,1172.4405045000015,1000.0,1171.5489045000015,1000.0,0.0803278286945262,0.0
3983,1656499080000.0,0.0,0.0,0.78,120.74307692307691,0.0,0.0,119.85,0.9999253857184062,1.0,1172.4405045000015,1000.0,1171.7439045000015,1000.0,0.0803278286945262,0.0
3984,1656502680000.0,0.0,0.0,0.78,120.74307692307691,0.0,0.0,120.2,0.9999253857184062,1.0,1172.4405045000015,1000.0,1172.0169045000014,1000.0,0.0803278286945262,0.0
3985,1656506280000.0,0.0,0.0,0.78,120.74307692307691,0.0,0.0,120.45,0.9999253857184062,1.0,1172.4405045000015,1000.0,1172.2119045000015,1000.0,0.0803278286945262,0.0
3986,1656509880000.0,0.0,0.0,0.78,120.74307692307691,0.0,0.0,121.6,0.9999253857184062,1.0,1172.4405045000015,1000.0,1173.1089045000015,1000.0,0.0803278286945262,0.0
3987,1656513480000.0,0.0,0.0,0.78,120.74307692307691,0.0,0.0,123.05,0.9999253857184062,1.0,1172.4405045000015,1000.0,1174.2399045000016,1000.0,0.0803278286945262,0.0
3988,1656517080000.0,0.0,0.0,0.35,120.74307692307691,0.0,0.0,121.65,0.9999253857184062,1.0,1173.9893856030785,1000.0,1174.3068086800015,1000.0,0.035996983823978874,0.0
3989,1656520680000.0,0.0,0.0,0.35,120.74307692307691,0.0,0.0,118.55,0.9999253857184062,1.0,1173.9893856030785,1000.0,1173.2218086800017,1000.0,0.035996983823978874,0.0
3990,1656524280000.0,0.0,0.0,0.35,120.74307692307691,0.0,0.0,117.2,0.9999253857184062,1.0,1173.9893856030785,1000.0,1172.7493086800016,1000.0,0.035996983823978874,0.0
3991,1656527880000.0,0.0,0.0,0.35,120.74307692307691,0.0,0.0,119.65,0.9999253857184062,1.0,1173.9893856030785,1000.0,1173.6068086800017,1000.0,0.035996983823978874,0.0
3992,1656531480000.0,0.0,0.0,0.35,120.74307692307691,0.0,0.0,120.25,0.9999253857184062,1.0,1173.9893856030785,1000.0,1173.8168086800015,1000.0,0.035996983823978874,0.0
3993,1656535080000.0,0.0,0.0,0.35,120.74307692307691,0.0,0.0,120.3,0.9999253857184062,1.0,1173.9893856030785,1000.0,1173.8343086800016,1000.0,0.035996983823978874,0.0
3994,1656538680000.0,0.0,0.0,0.35,120.74307692307691,0.0,0.0,121.85,0.9999253857184062,1.0,1173.9893856030785,1000.0,1174.3768086800017,1000.0,0.035996983823978874,0.0
3995,1656542280000.0,0.0,0.0,0.35,120.74307692307691,0.0,0.0,120.25,0.9999253857184062,1.0,1173.9893856030785,1000.0,1173.8168086800015,1000.0,0.035996983823978874,0.0
3996,1656545880000.0,0.0,0.0,0.35,120.74307692307691,0.0,0.0,118.65,0.9999253857184062,1.0,1173.9893856030785,1000.0,1173.2568086800015,1000.0,0.035996983823978874,0.0
3997,1656549480000.0,0.0,0.0,0.35,120.74307692307691,0.0,0.0,118.6,0.9999253857184062,1.0,1173.9893856030785,1000.0,1173.2393086800016,1000.0,0.035996983823978874,0.0
3998,1656553080000.0,0.0,0.0,0.35,120.74307692307691,0.0,0.0,117.1,0.9999253857184062,1.0,1173.9893856030785,1000.0,1172.7143086800015,1000.0,0.035996983823978874,0.0
3999,1656556680000.0,0.0,0.0,0.35,120.74307692307691,0.0,0.0,118.3,0.9999253857184062,1.0,1173.9893856030785,1000.0,1173.1343086800016,1000.0,0.035996983823978874,0.0
4000,1656560280000.0,0.0,0.0,0.35,120.74307692307691,0.0,0.0,118.05,0.9999253857184062,1.0,1173.9893856030785,1000.0,1173.0468086800015,1000.0,0.035996983823978874,0.0
4001,1656563880000.0,0.0,0.0,0.35,120.74307692307691,0.0,0.0,118.35,0.9999253857184062,1.0,1173.9893856030785,1000.0,1173.1518086800015,1000.0,0.035996983823978874,0.0
4002,1656567480000.0,0.0,0.0,0.35,120.74307692307691,0.0,0.0,117.85,0.9999253857184062,1.0,1173.9893856030785,1000.0,1172.9768086800016,1000.0,0.035996983823978874,0.0
4003,1656571080000.0,0.0,0.0,0.76,118.12496963562754,0.0,0.0,115.85,0.9999253857184062,1.0,1173.9798826230785,1000.0,1172.2509057000016,1000.0,0.07647062633005983,0.0
4004,1656574680000.0,0.0,0.0,0.76,118.12496963562754,0.0,0.0,115.25,0.9999253857184062,1.0,1173.9798826230785,1000.0,1171.7949057000017,1000.0,0.07647062633005983,0.0
4005,1656578280000.0,0.0,0.0,0.76,118.12496963562754,0.0,0.0,113.05,0.9999253857184062,1.0,1173.9798826230785,1000.0,1170.1229057000016,1000.0,0.07647062633005983,0.0
4006,1656581880000.0,0.0,0.0,1.18,115.8096414602347,0.0,0.0,110.05,0.9999253857184062,1.0,1173.9705065430785,1000.0,1167.1741296200016,1000.0,0.1164044378980848,0.0
4007,1656585480000.0,0.0,0.0,1.18,115.8096414602347,0.0,0.0,109.1,0.9999253857184062,1.0,1173.9705065430785,1000.0,1166.0531296200015,1000.0,0.1164044378980848,0.0
4008,1656589080000.0,0.0,0.0,1.18,115.8096414602347,0.0,0.0,109.7,0.9999253857184062,1.0,1173.9705065430785,1000.0,1166.7611296200016,1000.0,0.1164044378980848,0.0
4009,1656592680000.0,0.0,0.0,1.18,115.8096414602347,0.0,0.0,110.55,0.9999253857184062,1.0,1173.9705065430785,1000.0,1167.7641296200015,1000.0,0.1164044378980848,0.0
4010,1656596280000.0,0.0,0.0,1.18,115.8096414602347,0.0,0.0,110.05,0.9999253857184062,1.0,1173.9705065430785,1000.0,1167.1741296200016,1000.0,0.1164044378980848,0.0
4011,1656599880000.0,0.0,0.0,1.18,115.8096414602347,0.0,0.0,109.55,0.9999253857184062,1.0,1173.9705065430785,1000.0,1166.5841296200015,1000.0,0.1164044378980848,0.0
4012,1656603480000.0,0.0,0.0,1.18,115.8096414602347,0.0,0.0,111.05,0.9999253857184062,1.0,1173.9705065430785,1000.0,1168.3541296200015,1000.0,0.1164044378980848,0.0
4013,1656607080000.0,0.0,0.0,1.18,115.8096414602347,0.0,0.0,110.95,0.9999253857184062,1.0,1173.9705065430785,1000.0,1168.2361296200015,1000.0,0.1164044378980848,0.0
4014,1656610680000.0,0.0,0.0,1.18,115.8096414602347,0.0,0.0,111.45,0.9999253857184062,1.0,1173.9705065430785,1000.0,1168.8261296200017,1000.0,0.1164044378980848,0.0
4015,1656614280000.0,0.0,0.0,1.18,115.8096414602347,0.0,0.0,110.35,0.9999253857184062,1.0,1173.9705065430785,1000.0,1167.5281296200014,1000.0,0.1164044378980848,0.0
4016,1656617880000.0,0.0,0.0,1.18,115.8096414602347,0.0,0.0,110.55,0.9999253857184062,1.0,1173.9705065430785,1000.0,1167.7641296200015,1000.0,0.1164044378980848,0.0
4017,1656621480000.0,0.0,0.0,1.18,115.8096414602347,0.0,0.0,109.65,0.9999253857184062,1.0,1173.9705065430785,1000.0,1166.7021296200016,1000.0,0.1164044378980848,0.0
4018,1656625080000.0,0.0,0.0,1.18,115.8096414602347,0.0,0.0,110.0,0.9999253857184062,1.0,1173.9705065430785,1000.0,1167.1151296200017,1000.0,0.1164044378980848,0.0
4019,1656628680000.0,0.0,0.0,1.18,115.8096414602347,0.0,0.0,109.7,0.9999253857184062,1.0,1173.9705065430785,1000.0,1166.7611296200016,1000.0,0.1164044378980848,0.0
4020,1656632280000.0,0.0,0.0,1.18,115.8096414602347,0.0,0.0,109.7,0.9999253857184062,1.0,1173.9705065430785,1000.0,1166.7611296200016,1000.0,0.1164044378980848,0.0
4021,1656635880000.0,0.0,0.0,1.18,115.8096414602347,0.0,0.0,115.35,0.9999253857184062,1.0,1173.9705065430785,1000.0,1173.4281296200015,1000.0,0.1164044378980848,0.0
4022,1656639480000.0,0.0,0.0,1.18,115.8096414602347,0.0,0.0,115.85,0.9999253857184062,1.0,1173.9705065430785,1000.0,1174.0181296200014,1000.0,0.1164044378980848,0.0
4023,1656643080000.0,0.0,0.0,1.18,115.8096414602347,0.0,0.0,116.0,0.9999253857184062,1.0,1173.9705065430785,1000.0,1174.1951296200016,1000.0,0.1164044378980848,0.0
4024,1656646680000.0,0.0,0.0,1.18,115.8096414602347,0.0,0.0,115.2,0.9999253857184062,1.0,1173.9705065430785,1000.0,1173.2511296200016,1000.0,0.1164044378980848,0.0
4025,1656650280000.0,0.0,0.0,1.18,115.8096414602347,0.0,0.0,112.3,0.9999253857184062,1.0,1173.9705065430785,1000.0,1169.8291296200016,1000.0,0.1164044378980848,0.0
4026,1656653880000.0,0.0,0.0,1.18,115.8096414602347,0.0,0.0,111.3,0.9999253857184062,1.0,1173.9705065430785,1000.0,1168.6491296200015,1000.0,0.1164044378980848,0.0
4027,1656657480000.0,0.0,0.0,1.18,115.8096414602347,0.0,0.0,112.2,0.9999253857184062,1.0,1173.9705065430785,1000.0,1169.7111296200017,1000.0,0.1164044378980848,0.0
4028,1656661080000.0,0.0,0.0,1.18,115.8096414602347,0.0,0.0,114.25,0.9999253857184062,1.0,1173.9705065430785,1000.0,1172.1301296200015,1000.0,0.1164044378980848,0.0
4029,1656664680000.0,0.0,0.0,1.18,115.8096414602347,0.0,0.0,113.6,0.9999253857184062,1.0,1173.9705065430785,1000.0,1171.3631296200015,1000.0,0.1164044378980848,0.0
4030,1656668280000.0,0.0,0.0,1.18,115.8096414602347,0.0,0.0,113.8,0.9999253857184062,1.0,1173.9705065430785,1000.0,1171.5991296200016,1000.0,0.1164044378980848,0.0
4031,1656671880000.0,0.0,0.0,1.18,115.8096414602347,0.0,0.0,112.45,0.9999253857184062,1.0,1173.9705065430785,1000.0,1170.0061296200015,1000.0,0.1164044378980848,0.0
4032,1656675480000.0,0.0,0.0,1.18,115.8096414602347,0.0,0.0,112.5,0.9999253857184062,1.0,1173.9705065430785,1000.0,1170.0651296200015,1000.0,0.1164044378980848,0.0
4033,1656679080000.0,0.0,0.0,1.18,115.8096414602347,0.0,0.0,112.5,0.9999253857184062,1.0,1173.9705065430785,1000.0,1170.0651296200015,1000.0,0.1164044378980848,0.0
4034,1656682680000.0,0.0,0.0,1.18,115.8096414602347,0.0,0.0,112.5,0.9999253857184062,1.0,1173.9705065430785,1000.0,1170.0651296200015,1000.0,0.1164044378980848,0.0
4035,1656686280000.0,0.0,0.0,1.18,115.8096414602347,0.0,0.0,111.7,0.9999253857184062,1.0,1173.9705065430785,1000.0,1169.1211296200015,1000.0,0.1164044378980848,0.0
4036,1656689880000.0,0.0,0.0,1.18,115.8096414602347,0.0,0.0,112.85,0.9999253857184062,1.0,1173.9705065430785,1000.0,1170.4781296200015,1000.0,0.1164044378980848,0.0
4037,1656693480000.0,0.0,0.0,1.18,115.8096414602347,0.0,0.0,111.75,0.9999253857184062,1.0,1173.9705065430785,1000.0,1169.1801296200015,1000.0,0.1164044378980848,0.0
4038,1656697080000.0,0.0,0.0,1.18,115.8096414602347,0.0,0.0,112.9,0.9999253857184062,1.0,1173.9705065430785,1000.0,1170.5371296200015,1000.0,0.1164044378980848,0.0
4039,1656700680000.0,0.0,0.0,1.18,115.8096414602347,0.0,0.0,112.3,0.9999253857184062,1.0,1173.9705065430785,1000.0,1169.8291296200016,1000.0,0.1164044378980848,0.0
4040,1656704280000.0,0.0,0.0,1.18,115.8096414602347,0.0,0.0,111.95,0.9999253857184062,1.0,1173.9705065430785,1000.0,1169.4161296200016,1000.0,0.1164044378980848,0.0
4041,1656707880000.0,0.0,0.0,1.18,115.8096414602347,0.0,0.0,113.85,0.9999253857184062,1.0,1173.9705065430785,1000.0,1171.6581296200015,1000.0,0.1164044378980848,0.0
4042,1656711480000.0,0.0,0.0,1.18,115.8096414602347,0.0,0.0,113.1,0.9999253857184062,1.0,1173.9705065430785,1000.0,1170.7731296200016,1000.0,0.1164044378980848,0.0
4043,1656715080000.0,0.0,0.0,1.18,115.8096414602347,0.0,0.0,113.95,0.9999253857184062,1.0,1173.9705065430785,1000.0,1171.7761296200015,1000.0,0.1164044378980848,0.0
4044,1656718680000.0,0.0,0.0,1.18,115.8096414602347,0.0,0.0,115.9,0.9999253857184062,1.0,1173.9705065430785,1000.0,1174.0771296200016,1000.0,0.1164044378980848,0.0
4045,1656722280000.0,0.0,0.0,1.18,115.8096414602347,0.0,0.0,116.5,0.9999253857184062,1.0,1173.9705065430785,1000.0,1174.7851296200015,1000.0,0.1164044378980848,0.0
4046,1656725880000.0,0.0,0.0,1.18,115.8096414602347,0.0,0.0,118.75,0.9999253857184062,1.0,1173.9705065430785,1000.0,1177.4401296200015,1000.0,0.1164044378980848,0.0
4047,1656729480000.0,0.0,0.0,1.18,115.8096414602347,0.0,0.0,117.2,0.9999253857184062,1.0,1173.9705065430785,1000.0,1175.6111296200015,1000.0,0.1164044378980848,0.0
4048,1656733080000.0,0.0,0.0,1.18,115.8096414602347,0.0,0.0,116.7,0.9999253857184062,1.0,1173.9705065430785,1000.0,1175.0211296200016,1000.0,0.1164044378980848,0.0
4049,1656736680000.0,0.0,0.0,1.18,115.8096414602347,0.0,0.0,117.6,0.9999253857184062,1.0,1173.9705065430785,1000.0,1176.0831296200015,1000.0,0.1164044378980848,0.0
4050,1656740280000.0,0.0,0.0,1.18,115.8096414602347,0.0,0.0,118.25,0.9999253857184062,1.0,1173.9705065430785,1000.0,1176.8501296200016,1000.0,0.1164044378980848,0.0
4051,1656743880000.0,0.0,0.0,1.18,115.8096414602347,0.0,0.0,117.6,0.9999253857184062,1.0,1173.9705065430785,1000.0,1176.0831296200015,1000.0,0.1164044378980848,0.0
4052,1656747480000.0,0.0,0.0,1.18,115.8096414602347,0.0,0.0,117.25,0.9999253857184062,1.0,1173.9705065430785,1000.0,1175.6701296200015,1000.0,0.1164044378980848,0.0
4053,1656751080000.0,0.0,0.0,1.18,115.8096414602347,0.0,0.0,117.0,0.9999253857184062,1.0,1173.9705065430785,1000.0,1175.3751296200016,1000.0,0.1164044378980848,0.0
4054,1656754680000.0,0.0,0.0,1.18,115.8096414602347,0.0,0.0,117.75,0.9999253857184062,1.0,1173.9705065430785,1000.0,1176.2601296200016,1000.0,0.1164044378980848,0.0
4055,1656758280000.0,0.0,0.0,1.18,115.8096414602347,0.0,0.0,117.65,0.9999253857184062,1.0,1173.9705065430785,1000.0,1176.1421296200015,1000.0,0.1164044378980848,0.0
4056,1656761880000.0,0.0,0.0,1.18,115.8096414602347,0.0,0.0,117.4,0.9999253857184062,1.0,1173.9705065430785,1000.0,1175.8471296200016,1000.0,0.1164044378980848,0.0
4057,1656765480000.0,0.0,0.0,1.18,115.8096414602347,0.0,0.0,117.85,0.9999253857184062,1.0,1173.9705065430785,1000.0,1176.3781296200016,1000.0,0.1164044378980848,0.0
4058,1656769080000.0,0.0,0.0,1.18,115.8096414602347,0.0,0.0,116.35,0.9999253857184062,1.0,1173.9705065430785,1000.0,1174.6081296200016,1000.0,0.1164044378980848,0.0
4059,1656772680000.0,0.0,0.0,1.18,115.8096414602347,0.0,0.0,114.7,0.9999253857184062,1.0,1173.9705065430785,1000.0,1172.6611296200015,1000.0,0.1164044378980848,0.0
4060,1656776280000.0,0.0,0.0,1.18,115.8096414602347,0.0,0.0,113.85,0.9999253857184062,1.0,1173.9705065430785,1000.0,1171.6581296200015,1000.0,0.1164044378980848,0.0
4061,1656779880000.0,0.0,0.0,1.18,115.8096414602347,0.0,0.0,115.05,0.9999253857184062,1.0,1173.9705065430785,1000.0,1173.0741296200015,1000.0,0.1164044378980848,0.0
4062,1656783480000.0,0.0,0.0,1.18,115.8096414602347,0.0,0.0,115.85,0.9999253857184062,1.0,1173.9705065430785,1000.0,1174.0181296200014,1000.0,0.1164044378980848,0.0
4063,1656787080000.0,0.0,0.0,1.18,115.8096414602347,0.0,0.0,116.4,0.9999253857184062,1.0,1173.9705065430785,1000.0,1174.6671296200016,1000.0,0.1164044378980848,0.0
4064,1656790680000.0,0.0,0.0,1.18,115.8096414602347,0.0,0.0,116.25,0.9999253857184062,1.0,1173.9705065430785,1000.0,1174.4901296200017,1000.0,0.1164044378980848,0.0
4065,1656794280000.0,0.0,0.0,1.18,115.8096414602347,0.0,0.0,115.85,0.9999253857184062,1.0,1173.9705065430785,1000.0,1174.0181296200014,1000.0,0.1164044378980848,0.0
4066,1656797880000.0,0.0,0.0,1.18,115.8096414602347,0.0,0.0,116.45,0.9999253857184062,1.0,1173.9705065430785,1000.0,1174.7261296200015,1000.0,0.1164044378980848,0.0
4067,1656801480000.0,0.0,0.0,1.18,115.8096414602347,0.0,0.0,116.8,0.9999253857184062,1.0,1173.9705065430785,1000.0,1175.1391296200015,1000.0,0.1164044378980848,0.0
4068,1656805080000.0,0.0,0.0,1.18,115.8096414602347,0.0,0.0,116.0,0.9999253857184062,1.0,1173.9705065430785,1000.0,1174.1951296200016,1000.0,0.1164044378980848,0.0
4069,1656808680000.0,0.0,0.0,1.18,115.8096414602347,0.0,0.0,116.05,0.9999253857184062,1.0,1173.9705065430785,1000.0,1174.2541296200015,1000.0,0.1164044378980848,0.0
4070,1656812280000.0,0.0,0.0,1.18,115.8096414602347,0.0,0.0,115.0,0.9999253857184062,1.0,1173.9705065430785,1000.0,1173.0151296200015,1000.0,0.1164044378980848,0.0
4071,1656815880000.0,0.0,0.0,1.18,115.8096414602347,0.0,0.0,116.0,0.9999253857184062,1.0,1173.9705065430785,1000.0,1174.1951296200016,1000.0,0.1164044378980848,0.0
4072,1656819480000.0,0.0,0.0,1.18,115.8096414602347,0.0,0.0,116.65,0.9999253857184062,1.0,1173.9705065430785,1000.0,1174.9621296200016,1000.0,0.1164044378980848,0.0
4073,1656823080000.0,0.0,0.0,1.18,115.8096414602347,0.0,0.0,116.6,0.9999253857184062,1.0,1173.9705065430785,1000.0,1174.9031296200014,1000.0,0.1164044378980848,0.0
4074,1656826680000.0,0.0,0.0,1.18,115.8096414602347,0.0,0.0,115.45,0.9999253857184062,1.0,1173.9705065430785,1000.0,1173.5461296200015,1000.0,0.1164044378980848,0.0
4075,1656830280000.0,0.0,0.0,1.18,115.8096414602347,0.0,0.0,115.85,0.9999253857184062,1.0,1173.9705065430785,1000.0,1174.0181296200014,1000.0,0.1164044378980848,0.0
4076,1656833880000.0,0.0,0.0,1.18,115.8096414602347,0.0,0.0,116.2,0.9999253857184062,1.0,1173.9705065430785,1000.0,1174.4311296200015,1000.0,0.1164044378980848,0.0
4077,1656837480000.0,0.0,0.0,1.18,115.8096414602347,0.0,0.0,115.2,0.9999253857184062,1.0,1173.9705065430785,1000.0,1173.2511296200016,1000.0,0.1164044378980848,0.0
4078,1656841080000.0,0.0,0.0,1.18,115.8096414602347,0.0,0.0,115.0,0.9999253857184062,1.0,1173.9705065430785,1000.0,1173.0151296200015,1000.0,0.1164044378980848,0.0
4079,1656844680000.0,0.0,0.0,1.18,115.8096414602347,0.0,0.0,116.15,0.9999253857184062,1.0,1173.9705065430785,1000.0,1174.3721296200015,1000.0,0.1164044378980848,0.0
4080,1656848280000.0,0.0,0.0,1.18,115.8096414602347,0.0,0.0,116.25,0.9999253857184062,1.0,1173.9705065430785,1000.0,1174.4901296200017,1000.0,0.1164044378980848,0.0
4081,1656851880000.0,0.0,0.0,1.18,115.8096414602347,0.0,0.0,116.55,0.9999253857184062,1.0,1173.9705065430785,1000.0,1174.8441296200015,1000.0,0.1164044378980848,0.0
4082,1656855480000.0,0.0,0.0,1.18,115.8096414602347,0.0,0.0,114.8,0.9999253857184062,1.0,1173.9705065430785,1000.0,1172.7791296200016,1000.0,0.1164044378980848,0.0
4083,1656859080000.0,0.0,0.0,1.18,115.8096414602347,0.0,0.0,115.6,0.9999253857184062,1.0,1173.9705065430785,1000.0,1173.7231296200016,1000.0,0.1164044378980848,0.0
4084,1656862680000.0,0.0,0.0,1.18,115.8096414602347,0.0,0.0,115.55,0.9999253857184062,1.0,1173.9705065430785,1000.0,1173.6641296200016,1000.0,0.1164044378980848,0.0
4085,1656866280000.0,0.0,0.0,1.18,115.8096414602347,0.0,0.0,116.05,0.9999253857184062,1.0,1173.9705065430785,1000.0,1174.2541296200015,1000.0,0.1164044378980848,0.0
4086,1656869880000.0,0.0,0.0,1.18,115.8096414602347,0.0,0.0,115.65,0.9999253857184062,1.0,1173.9705065430785,1000.0,1173.7821296200016,1000.0,0.1164044378980848,0.0
4087,1656873480000.0,0.0,0.0,1.18,115.8096414602347,0.0,0.0,116.15,0.9999253857184062,1.0,1173.9705065430785,1000.0,1174.3721296200015,1000.0,0.1164044378980848,0.0
4088,1656877080000.0,0.0,0.0,1.18,115.8096414602347,0.0,0.0,116.15,0.9999253857184062,1.0,1173.9705065430785,1000.0,1174.3721296200015,1000.0,0.1164044378980848,0.0
4089,1656880680000.0,0.0,0.0,1.18,115.8096414602347,0.0,0.0,117.0,0.9999253857184062,1.0,1173.9705065430785,1000.0,1175.3751296200016,1000.0,0.1164044378980848,0.0
4090,1656884280000.0,0.0,0.0,1.18,115.8096414602347,0.0,0.0,116.55,0.9999253857184062,1.0,1173.9705065430785,1000.0,1174.8441296200015,1000.0,0.1164044378980848,0.0
4091,1656887880000.0,0.0,0.0,1.18,115.8096414602347,0.0,0.0,116.25,0.9999253857184062,1.0,1173.9705065430785,1000.0,1174.4901296200017,1000.0,0.1164044378980848,0.0
4092,1656891480000.0,0.0,0.0,1.18,115.8096414602347,0.0,0.0,116.5,0.9999253857184062,1.0,1173.9705065430785,1000.0,1174.7851296200015,1000.0,0.1164044378980848,0.0
4093,1656895080000.0,0.0,0.0,1.18,115.8096414602347,0.0,0.0,116.15,0.9999253857184062,1.0,1173.9705065430785,1000.0,1174.3721296200015,1000.0,0.1164044378980848,0.0
4094,1656898680000.0,0.0,0.0,1.18,115.8096414602347,0.0,0.0,116.0,0.9999253857184062,1.0,1173.9705065430785,1000.0,1174.1951296200016,1000.0,0.1164044378980848,0.0
4095,1656902280000.0,0.0,0.0,1.18,115.8096414602347,0.0,0.0,116.85,0.9999253857184062,1.0,1173.9705065430785,1000.0,1175.1981296200015,1000.0,0.1164044378980848,0.0
4096,1656905880000.0,0.0,0.0,1.18,115.8096414602347,0.0,0.0,115.05,0.9999253857184062,1.0,1173.9705065430785,1000.0,1173.0741296200015,1000.0,0.1164044378980848,0.0
4097,1656909480000.0,0.0,0.0,1.18,115.8096414602347,0.0,0.0,116.55,0.9999253857184062,1.0,1173.9705065430785,1000.0,1174.8441296200015,1000.0,0.1164044378980848,0.0
4098,1656913080000.0,0.0,0.0,1.18,115.8096414602347,0.0,0.0,116.85,0.9999253857184062,1.0,1173.9705065430785,1000.0,1175.1981296200015,1000.0,0.1164044378980848,0.0
4099,1656916680000.0,0.0,0.0,1.18,115.8096414602347,0.0,0.0,117.7,0.9999253857184062,1.0,1173.9705065430785,1000.0,1176.2011296200017,1000.0,0.1164044378980848,0.0
4100,1656920280000.0,0.0,0.0,1.18,115.8096414602347,0.0,0.0,117.25,0.9999253857184062,1.0,1173.9705065430785,1000.0,1175.6701296200015,1000.0,0.1164044378980848,0.0
4101,1656923880000.0,0.0,0.0,1.18,115.8096414602347,0.0,0.0,117.1,0.9999253857184062,1.0,1173.9705065430785,1000.0,1175.4931296200016,1000.0,0.1164044378980848,0.0
4102,1656927480000.0,0.0,0.0,1.18,115.8096414602347,0.0,0.0,117.9,0.9999253857184062,1.0,1173.9705065430785,1000.0,1176.4371296200015,1000.0,0.1164044378980848,0.0
4103,1656931080000.0,0.0,0.0,1.18,115.8096414602347,0.0,0.0,118.7,0.9999253857184062,1.0,1173.9705065430785,1000.0,1177.3811296200015,1000.0,0.1164044378980848,0.0
4104,1656934680000.0,0.0,0.0,0.53,115.8096414602347,0.0,0.0,119.8,0.9999253857184062,1.0,1176.217231893926,1000.0,1178.3321219200016,1000.0,0.05218348134136135,0.0
4105,1656938280000.0,0.0,0.0,0.53,115.8096414602347,0.0,0.0,120.8,0.9999253857184062,1.0,1176.217231893926,1000.0,1178.8621219200018,1000.0,0.05218348134136135,0.0
4106,1656941880000.0,0.0,0.0,0.53,115.8096414602347,0.0,0.0,120.95,0.9999253857184062,1.0,1176.217231893926,1000.0,1178.9416219200016,1000.0,0.05218348134136135,0.0
4107,1656945480000.0,0.0,0.0,0.27,115.8096414602347,0.0,0.0,121.8,0.9999253857184062,1.0,1177.846375914265,1000.0,1179.4637727200018,1000.0,0.026547267821741296,0.0
4108,1656949080000.0,0.0,0.0,0.14,115.8096414602347,0.0,0.0,121.7,0.9999253857184062,1.0,1178.6609479244346,1000.0,1179.4855981200017,1000.0,0.01375573682404918,0.0
4109,1656952680000.0,0.0,0.0,0.07,115.8096414602347,0.0,0.0,121.2,0.9999253857184062,1.0,1179.0995636222183,1000.0,1179.4768887200019,1000.0,0.00687530989945629,0.0
4110,1656956280000.0,0.0,0.0,0.02,115.8096414602347,0.0,0.0,121.0,0.9999253857184062,1.0,1179.4128605492065,1000.0,1179.5166677200018,1000.0,0.001963852444449464,0.0
4111,1656959880000.0,0.0,0.0,0.02,115.8096414602347,0.0,0.0,120.7,0.9999253857184062,1.0,1179.4128605492065,1000.0,1179.5106677200017,1000.0,0.001963852444449464,0.0
4112,1656963480000.0,0.0,0.0,0.02,115.8096414602347,0.0,0.0,120.75,0.9999253857184062,1.0,1179.4128605492065,1000.0,1179.5116677200017,1000.0,0.001963852444449464,0.0
4113,1656967080000.0,0.0,0.0,0.02,115.8096414602347,0.0,0.0,120.25,0.9999253857184062,1.0,1179.4128605492065,1000.0,1179.5016677200017,1000.0,0.001963852444449464,0.0
4114,1656970680000.0,0.0,0.0,0.02,115.8096414602347,0.0,0.0,121.25,0.9999253857184062,1.0,1179.4128605492065,1000.0,1179.5216677200017,1000.0,0.001963852444449464,0.0
4115,1656974280000.0,0.0,0.0,0.0,115.8096414602347,0.0,0.0,122.8,0.9999253857184062,1.0,1179.5381793200017,1000.0,1179.5381793200017,1000.0,0.0,0.0
4116,1656977880000.0,0.0,0.0,0.0,115.8096414602347,0.0,0.0,123.6,0.9999253857184062,1.0,1179.5381793200017,1000.0,1179.5381793200017,1000.0,0.0,0.0
4117,1656981480000.0,0.0,0.0,0.0,115.8096414602347,0.0,0.0,124.45,0.9999253857184062,1.0,1179.5381793200017,1000.0,1179.5381793200017,1000.0,0.0,0.0
4118,1656985080000.0,0.0,0.0,0.0,115.8096414602347,0.0,0.0,123.8,0.9999253857184062,1.0,1179.5381793200017,1000.0,1179.5381793200017,1000.0,0.0,0.0
4119,1656988680000.0,0.0,0.0,0.0,115.8096414602347,0.0,0.0,123.1,0.9999253857184062,1.0,1179.5381793200017,1000.0,1179.5381793200017,1000.0,0.0,0.0
4120,1656992280000.0,0.0,0.0,0.0,115.8096414602347,0.0,0.0,123.7,0.9999253857184062,1.0,1179.5381793200017,1000.0,1179.5381793200017,1000.0,0.0,0.0
4121,1656995880000.0,0.0,0.0,0.0,115.8096414602347,0.0,0.0,123.65,0.9999253857184062,1.0,1179.5381793200017,1000.0,1179.5381793200017,1000.0,0.0,0.0
4122,1656999480000.0,0.0,0.0,0.0,115.8096414602347,0.0,0.0,124.55,0.9999253857184062,1.0,1179.5381793200017,1000.0,1179.5381793200017,1000.0,0.0,0.0
4123,1657003080000.0,0.0,0.0,0.0,115.8096414602347,0.0,0.0,124.55,0.9999253857184062,1.0,1179.5381793200017,1000.0,1179.5381793200017,1000.0,0.0,0.0
4124,1657006680000.0,0.0,0.0,0.0,115.8096414602347,0.0,0.0,124.05,0.9999253857184062,1.0,1179.5381793200017,1000.0,1179.5381793200017,1000.0,0.0,0.0
4125,1657010280000.0,0.0,0.0,0.0,115.8096414602347,0.0,0.0,122.7,0.9999253857184062,1.0,1179.5381793200017,1000.0,1179.5381793200017,1000.0,0.0,0.0
4126,1657013880000.0,0.0,0.0,0.0,115.8096414602347,0.0,0.0,121.95,0.9999253857184062,1.0,1179.5381793200017,1000.0,1179.5381793200017,1000.0,0.0,0.0
4127,1657017480000.0,0.0,0.0,0.0,115.8096414602347,0.0,0.0,121.85,0.9999253857184062,1.0,1179.5381793200017,1000.0,1179.5381793200017,1000.0,0.0,0.0
4128,1657021080000.0,0.0,0.0,0.0,115.8096414602347,0.0,0.0,121.45,0.9999253857184062,1.0,1179.5381793200017,1000.0,1179.5381793200017,1000.0,0.0,0.0
4129,1657024680000.0,0.0,0.0,0.0,115.8096414602347,0.0,0.0,119.05,0.9999253857184062,1.0,1179.5381793200017,1000.0,1179.5381793200017,1000.0,0.0,0.0
4130,1657028280000.0,0.0,0.0,0.0,115.8096414602347,0.0,0.0,120.6,0.9999253857184062,1.0,1179.5381793200017,1000.0,1179.5381793200017,1000.0,0.0,0.0
4131,1657031880000.0,0.0,0.0,0.0,115.8096414602347,0.0,0.0,121.15,0.9999253857184062,1.0,1179.5381793200017,1000.0,1179.5381793200017,1000.0,0.0,0.0
4132,1657035480000.0,0.0,0.0,0.0,115.8096414602347,0.0,0.0,119.7,0.9999253857184062,1.0,1179.5381793200017,1000.0,1179.5381793200017,1000.0,0.0,0.0
4133,1657039080000.0,0.0,0.0,0.0,115.8096414602347,0.0,0.0,121.6,0.9999253857184062,1.0,1179.5381793200017,1000.0,1179.5381793200017,1000.0,0.0,0.0
4134,1657042680000.0,0.0,0.0,0.0,115.8096414602347,0.0,0.0,122.65,0.9999253857184062,1.0,1179.5381793200017,1000.0,1179.5381793200017,1000.0,0.0,0.0
4135,1657046280000.0,0.0,0.0,0.0,115.8096414602347,0.0,0.0,123.0,0.9999253857184062,1.0,1179.5381793200017,1000.0,1179.5381793200017,1000.0,0.0,0.0
4136,1657049880000.0,0.0,0.0,0.0,115.8096414602347,0.0,0.0,123.7,0.9999253857184062,1.0,1179.5381793200017,1000.0,1179.5381793200017,1000.0,0.0,0.0
4137,1657053480000.0,0.0,0.0,0.0,115.8096414602347,0.0,0.0,124.05,0.9999253857184062,1.0,1179.5381793200017,1000.0,1179.5381793200017,1000.0,0.0,0.0
4138,1657057080000.0,0.0,0.0,0.0,115.8096414602347,0.0,0.0,122.55,0.9999253857184062,1.0,1179.5381793200017,1000.0,1179.5381793200017,1000.0,0.0,0.0
4139,1657060680000.0,0.0,0.0,0.0,115.8096414602347,0.0,0.0,122.85,0.9999253857184062,1.0,1179.5381793200017,1000.0,1179.5381793200017,1000.0,0.0,0.0
4140,1657064280000.0,0.0,0.0,0.0,115.8096414602347,0.0,0.0,122.2,0.9999253857184062,1.0,1179.5381793200017,1000.0,1179.5381793200017,1000.0,0.0,0.0
4141,1657067880000.0,0.0,0.0,0.0,115.8096414602347,0.0,0.0,123.4,0.9999253857184062,1.0,1179.5381793200017,1000.0,1179.5381793200017,1000.0,0.0,0.0
4142,1657071480000.0,0.0,0.0,0.0,115.8096414602347,0.0,0.0,122.3,0.9999253857184062,1.0,1179.5381793200017,1000.0,1179.5381793200017,1000.0,0.0,0.0
4143,1657075080000.0,0.0,0.0,0.0,115.8096414602347,0.0,0.0,122.15,0.9999253857184062,1.0,1179.5381793200017,1000.0,1179.5381793200017,1000.0,0.0,0.0
4144,1657078680000.0,0.0,0.0,0.0,115.8096414602347,0.0,0.0,122.3,0.9999253857184062,1.0,1179.5381793200017,1000.0,1179.5381793200017,1000.0,0.0,0.0
4145,1657082280000.0,0.0,0.0,0.0,115.8096414602347,0.0,0.0,123.4,0.9999253857184062,1.0,1179.5381793200017,1000.0,1179.5381793200017,1000.0,0.0,0.0
4146,1657085880000.0,0.0,0.0,0.0,115.8096414602347,0.0,0.0,122.65,0.9999253857184062,1.0,1179.5381793200017,1000.0,1179.5381793200017,1000.0,0.0,0.0
4147,1657089480000.0,0.0,0.0,0.0,115.8096414602347,0.0,0.0,122.55,0.9999253857184062,1.0,1179.5381793200017,1000.0,1179.5381793200017,1000.0,0.0,0.0
4148,1657093080000.0,0.0,0.0,0.0,115.8096414602347,0.0,0.0,124.25,0.9999253857184062,1.0,1179.5381793200017,1000.0,1179.5381793200017,1000.0,0.0,0.0
4149,1657096680000.0,0.0,0.0,0.0,115.8096414602347,0.0,0.0,122.8,0.9999253857184062,1.0,1179.5381793200017,1000.0,1179.5381793200017,1000.0,0.0,0.0
4150,1657100280000.0,0.0,0.0,0.0,115.8096414602347,0.0,0.0,124.6,0.9999253857184062,1.0,1179.5381793200017,1000.0,1179.5381793200017,1000.0,0.0,0.0
4151,1657103880000.0,0.0,0.0,0.0,115.8096414602347,0.0,0.0,124.75,0.9999253857184062,1.0,1179.5381793200017,1000.0,1179.5381793200017,1000.0,0.0,0.0
4152,1657107480000.0,0.0,0.0,0.0,115.8096414602347,0.0,0.0,124.45,0.9999253857184062,1.0,1179.5381793200017,1000.0,1179.5381793200017,1000.0,0.0,0.0
4153,1657111080000.0,0.0,0.0,0.0,115.8096414602347,0.0,0.0,124.85,0.9999253857184062,1.0,1179.5381793200017,1000.0,1179.5381793200017,1000.0,0.0,0.0
4154,1657114680000.0,0.0,0.0,0.0,115.8096414602347,0.0,0.0,125.95,0.9999253857184062,1.0,1179.5381793200017,1000.0,1179.5381793200017,1000.0,0.0,0.0
4155,1657118280000.0,0.0,0.0,0.0,115.8096414602347,0.0,0.0,124.95,0.9999253857184062,1.0,1179.5381793200017,1000.0,1179.5381793200017,1000.0,0.0,0.0
4156,1657121880000.0,0.0,0.0,0.0,115.8096414602347,0.0,0.0,123.75,0.9999253857184062,1.0,1179.5381793200017,1000.0,1179.5381793200017,1000.0,0.0,0.0
4157,1657125480000.0,0.0,0.0,0.0,115.8096414602347,0.0,0.0,124.95,0.9999253857184062,1.0,1179.5381793200017,1000.0,1179.5381793200017,1000.0,0.0,0.0
4158,1657129080000.0,0.0,0.0,0.0,115.8096414602347,0.0,0.0,124.35,0.9999253857184062,1.0,1179.5381793200017,1000.0,1179.5381793200017,1000.0,0.0,0.0
4159,1657132680000.0,0.0,0.0,0.0,115.8096414602347,0.0,0.0,125.6,0.9999253857184062,1.0,1179.5381793200017,1000.0,1179.5381793200017,1000.0,0.0,0.0
4160,1657136280000.0,0.0,0.0,0.0,115.8096414602347,0.0,0.0,126.25,0.9999253857184062,1.0,1179.5381793200017,1000.0,1179.5381793200017,1000.0,0.0,0.0
4161,1657139880000.0,0.0,0.0,0.0,115.8096414602347,0.0,0.0,125.2,0.9999253857184062,1.0,1179.5381793200017,1000.0,1179.5381793200017,1000.0,0.0,0.0
4162,1657143480000.0,0.0,0.0,0.0,115.8096414602347,0.0,0.0,124.95,0.9999253857184062,1.0,1179.5381793200017,1000.0,1179.5381793200017,1000.0,0.0,0.0
4163,1657147080000.0,0.0,0.0,0.0,115.8096414602347,0.0,0.0,125.6,0.9999253857184062,1.0,1179.5381793200017,1000.0,1179.5381793200017,1000.0,0.0,0.0
4164,1657150680000.0,0.0,0.0,0.0,115.8096414602347,0.0,0.0,125.85,0.9999253857184062,1.0,1179.5381793200017,1000.0,1179.5381793200017,1000.0,0.0,0.0
4165,1657154280000.0,0.0,0.0,0.0,115.8096414602347,0.0,0.0,125.95,0.9999253857184062,1.0,1179.5381793200017,1000.0,1179.5381793200017,1000.0,0.0,0.0
4166,1657157880000.0,0.0,0.0,0.0,115.8096414602347,0.0,0.0,126.25,0.9999253857184062,1.0,1179.5381793200017,1000.0,1179.5381793200017,1000.0,0.0,0.0
4167,1657161480000.0,0.0,0.0,0.0,115.8096414602347,0.0,0.0,126.7,0.9999253857184062,1.0,1179.5381793200017,1000.0,1179.5381793200017,1000.0,0.0,0.0
4168,1657165080000.0,0.0,0.0,0.0,115.8096414602347,0.0,0.0,126.55,0.9999253857184062,1.0,1179.5381793200017,1000.0,1179.5381793200017,1000.0,0.0,0.0
4169,1657168680000.0,0.0,0.0,0.0,115.8096414602347,0.0,0.0,126.45,0.9999253857184062,1.0,1179.5381793200017,1000.0,1179.5381793200017,1000.0,0.0,0.0
4170,1657172280000.0,0.0,0.0,0.0,115.8096414602347,0.0,0.0,128.0,0.9999253857184062,1.0,1179.5381793200017,1000.0,1179.5381793200017,1000.0,0.0,0.0
4171,1657175880000.0,0.0,0.0,0.0,115.8096414602347,0.0,0.0,127.7,0.9999253857184062,1.0,1179.5381793200017,1000.0,1179.5381793200017,1000.0,0.0,0.0
4172,1657179480000.0,0.0,0.0,0.0,115.8096414602347,0.0,0.0,128.7,0.9999253857184062,1.0,1179.5381793200017,1000.0,1179.5381793200017,1000.0,0.0,0.0
4173,1657183080000.0,0.0,0.0,0.0,115.8096414602347,0.0,0.0,128.85,0.9999253857184062,1.0,1179.5381793200017,1000.0,1179.5381793200017,1000.0,0.0,0.0
4174,1657186680000.0,0.0,0.0,0.0,115.8096414602347,0.0,0.0,128.95,0.9999253857184062,1.0,1179.5381793200017,1000.0,1179.5381793200017,1000.0,0.0,0.0
4175,1657190280000.0,0.0,0.0,0.0,115.8096414602347,0.0,0.0,129.1,0.9999253857184062,1.0,1179.5381793200017,1000.0,1179.5381793200017,1000.0,0.0,0.0
4176,1657193880000.0,0.0,0.0,0.0,115.8096414602347,0.0,0.0,127.65,0.9999253857184062,1.0,1179.5381793200017,1000.0,1179.5381793200017,1000.0,0.0,0.0
4177,1657197480000.0,0.0,0.0,0.0,115.8096414602347,0.0,0.0,127.7,0.9999253857184062,1.0,1179.5381793200017,1000.0,1179.5381793200017,1000.0,0.0,0.0
4178,1657201080000.0,0.0,0.0,0.0,115.8096414602347,0.0,0.0,127.05,0.9999253857184062,1.0,1179.5381793200017,1000.0,1179.5381793200017,1000.0,0.0,0.0
4179,1657204680000.0,0.0,0.0,0.0,115.8096414602347,0.0,0.0,129.6,0.9999253857184062,1.0,1179.5381793200017,1000.0,1179.5381793200017,1000.0,0.0,0.0
4180,1657208280000.0,0.0,0.0,0.0,115.8096414602347,0.0,0.0,128.75,0.9999253857184062,1.0,1179.5381793200017,1000.0,1179.5381793200017,1000.0,0.0,0.0
4181,1657211880000.0,0.0,0.0,0.0,115.8096414602347,0.0,0.0,130.6,0.9999253857184062,1.0,1179.5381793200017,1000.0,1179.5381793200017,1000.0,0.0,0.0
4182,1657215480000.0,0.0,0.0,0.0,115.8096414602347,0.0,0.0,130.05,0.9999253857184062,1.0,1179.5381793200017,1000.0,1179.5381793200017,1000.0,0.0,0.0
4183,1657219080000.0,0.0,0.0,0.0,115.8096414602347,0.0,0.0,130.7,0.9999253857184062,1.0,1179.5381793200017,1000.0,1179.5381793200017,1000.0,0.0,0.0
4184,1657222680000.0,0.0,0.0,0.0,115.8096414602347,0.0,0.0,130.65,0.9999253857184062,1.0,1179.5381793200017,1000.0,1179.5381793200017,1000.0,0.0,0.0
4185,1657226280000.0,0.0,0.0,0.0,115.8096414602347,0.0,0.0,130.3,0.9999253857184062,1.0,1179.5381793200017,1000.0,1179.5381793200017,1000.0,0.0,0.0
4186,1657229880000.0,0.0,0.0,0.0,115.8096414602347,0.0,0.0,130.3,0.9999253857184062,1.0,1179.5381793200017,1000.0,1179.5381793200017,1000.0,0.0,0.0
4187,1657233480000.0,0.0,0.0,0.0,115.8096414602347,0.0,0.0,129.65,0.9999253857184062,1.0,1179.5381793200017,1000.0,1179.5381793200017,1000.0,0.0,0.0
4188,1657237080000.0,0.0,0.0,0.0,115.8096414602347,0.0,0.0,130.45,0.9999253857184062,1.0,1179.5381793200017,1000.0,1179.5381793200017,1000.0,0.0,0.0
4189,1657240680000.0,0.0,0.0,0.0,115.8096414602347,0.0,0.0,130.35,0.9999253857184062,1.0,1179.5381793200017,1000.0,1179.5381793200017,1000.0,0.0,0.0
4190,1657244280000.0,0.0,0.0,0.0,115.8096414602347,0.0,0.0,132.15,0.9999253857184062,1.0,1179.5381793200017,1000.0,1179.5381793200017,1000.0,0.0,0.0
4191,1657247880000.0,0.0,0.0,0.0,115.8096414602347,0.0,0.0,131.75,0.9999253857184062,1.0,1179.5381793200017,1000.0,1179.5381793200017,1000.0,0.0,0.0
4192,1657251480000.0,0.0,0.0,0.0,115.8096414602347,0.0,0.0,132.85,0.9999253857184062,1.0,1179.5381793200017,1000.0,1179.5381793200017,1000.0,0.0,0.0
4193,1657255080000.0,0.0,0.0,0.0,115.8096414602347,0.0,0.0,132.9,0.9999253857184062,1.0,1179.5381793200017,1000.0,1179.5381793200017,1000.0,0.0,0.0
4194,1657258680000.0,0.0,0.0,0.0,115.8096414602347,0.0,0.0,132.7,0.9999253857184062,1.0,1179.5381793200017,1000.0,1179.5381793200017,1000.0,0.0,0.0
4195,1657262280000.0,0.0,0.0,0.0,115.8096414602347,0.0,0.0,131.25,0.9999253857184062,1.0,1179.5381793200017,1000.0,1179.5381793200017,1000.0,0.0,0.0
4196,1657265880000.0,0.0,0.0,0.0,115.8096414602347,0.0,0.0,131.15,0.9999253857184062,1.0,1179.5381793200017,1000.0,1179.5381793200017,1000.0,0.0,0.0
4197,1657269480000.0,0.0,0.0,0.0,115.8096414602347,0.0,0.0,129.4,0.9999253857184062,1.0,1179.5381793200017,1000.0,1179.5381793200017,1000.0,0.0,0.0
4198,1657273080000.0,0.0,0.0,0.0,115.8096414602347,0.0,0.0,128.4,0.9999253857184062,1.0,1179.5381793200017,1000.0,1179.5381793200017,1000.0,0.0,0.0
4199,1657276680000.0,0.0,0.0,0.0,115.8096414602347,0.0,0.0,129.6,0.9999253857184062,1.0,1179.5381793200017,1000.0,1179.5381793200017,1000.0,0.0,0.0
4200,1657280280000.0,0.0,0.0,0.0,115.8096414602347,0.0,0.0,129.7,0.9999253857184062,1.0,1179.5381793200017,1000.0,1179.5381793200017,1000.0,0.0,0.0
4201,1657283880000.0,0.0,0.0,0.0,115.8096414602347,0.0,0.0,128.6,0.9999253857184062,1.0,1179.5381793200017,1000.0,1179.5381793200017,1000.0,0.0,0.0
4202,1657287480000.0,0.0,0.0,0.0,115.8096414602347,0.0,0.0,129.15,0.9999253857184062,1.0,1179.5381793200017,1000.0,1179.5381793200017,1000.0,0.0,0.0
4203,1657291080000.0,0.0,0.0,0.0,115.8096414602347,0.0,0.0,129.7,0.9999253857184062,1.0,1179.5381793200017,1000.0,1179.5381793200017,1000.0,0.0,0.0
4204,1657294680000.0,0.0,0.0,0.0,115.8096414602347,0.0,0.0,129.8,0.9999253857184062,1.0,1179.5381793200017,1000.0,1179.5381793200017,1000.0,0.0,0.0
4205,1657298280000.0,0.0,0.0,0.0,115.8096414602347,0.0,0.0,128.55,0.9999253857184062,1.0,1179.5381793200017,1000.0,1179.5381793200017,1000.0,0.0,0.0
4206,1657301880000.0,0.0,0.0,0.0,115.8096414602347,0.0,0.0,129.45,0.9999253857184062,1.0,1179.5381793200017,1000.0,1179.5381793200017,1000.0,0.0,0.0
4207,1657305480000.0,0.0,0.0,0.0,115.8096414602347,0.0,0.0,129.65,0.9999253857184062,1.0,1179.5381793200017,1000.0,1179.5381793200017,1000.0,0.0,0.0
4208,1657309080000.0,0.0,0.0,0.0,115.8096414602347,0.0,0.0,129.55,0.9999253857184062,1.0,1179.5381793200017,1000.0,1179.5381793200017,1000.0,0.0,0.0
4209,1657312680000.0,0.0,0.0,0.0,115.8096414602347,0.0,0.0,130.05,0.9999253857184062,1.0,1179.5381793200017,1000.0,1179.5381793200017,1000.0,0.0,0.0
4210,1657316280000.0,0.0,0.0,0.0,115.8096414602347,0.0,0.0,129.75,0.9999253857184062,1.0,1179.5381793200017,1000.0,1179.5381793200017,1000.0,0.0,0.0
4211,1657319880000.0,0.0,0.0,0.0,115.8096414602347,0.0,0.0,127.3,0.9999253857184062,1.0,1179.5381793200017,1000.0,1179.5381793200017,1000.0,0.0,0.0
4212,1657323480000.0,0.0,0.0,0.0,115.8096414602347,0.0,0.0,127.15,0.9999253857184062,1.0,1179.5381793200017,1000.0,1179.5381793200017,1000.0,0.0,0.0
4213,1657327080000.0,0.0,0.0,0.38,125.02,0.0,0.0,126.25,0.9999253857184062,1.0,1179.5286778000018,1000.0,1179.9960778000018,1000.0,0.04027676553706927,0.0
4214,1657330680000.0,0.0,0.0,0.38,125.02,0.0,0.0,126.9,0.9999253857184062,1.0,1179.5286778000018,1000.0,1180.2430778000019,1000.0,0.04027676553706927,0.0
4215,1657334280000.0,0.0,0.0,0.38,125.02,0.0,0.0,127.05,0.9999253857184062,1.0,1179.5286778000018,1000.0,1180.3000778000019,1000.0,0.04027676553706927,0.0
4216,1657337880000.0,0.0,0.0,0.38,125.02,0.0,0.0,126.0,0.9999253857184062,1.0,1179.5286778000018,1000.0,1179.9010778000018,1000.0,0.04027676553706927,0.0
4217,1657341480000.0,0.0,0.0,0.38,125.02,0.0,0.0,125.95,0.9999253857184062,1.0,1179.5286778000018,1000.0,1179.8820778000018,1000.0,0.04027676553706927,0.0
4218,1657345080000.0,0.0,0.0,0.38,125.02,0.0,0.0,126.5,0.9999253857184062,1.0,1179.5286778000018,1000.0,1180.0910778000018,1000.0,0.04027676553706927,0.0
4219,1657348680000.0,0.0,0.0,0.38,125.02,0.0,0.0,126.35,0.9999253857184062,1.0,1179.5286778000018,1000.0,1180.0340778000018,1000.0,0.04027676553706927,0.0
4220,1657352280000.0,0.0,0.0,0.38,125.02,0.0,0.0,127.15,0.9999253857184062,1.0,1179.5286778000018,1000.0,1180.3380778000019,1000.0,0.04027676553706927,0.0
4221,1657355880000.0,0.0,0.0,0.38,125.02,0.0,0.0,127.05,0.9999253857184062,1.0,1179.5286778000018,1000.0,1180.3000778000019,1000.0,0.04027676553706927,0.0
4222,1657359480000.0,0.0,0.0,0.38,125.02,0.0,0.0,127.5,0.9999253857184062,1.0,1179.5286778000018,1000.0,1180.4710778000017,1000.0,0.04027676553706927,0.0
4223,1657363080000.0,0.0,0.0,0.38,125.02,0.0,0.0,127.75,0.9999253857184062,1.0,1179.5286778000018,1000.0,1180.5660778000017,1000.0,0.04027676553706927,0.0
4224,1657366680000.0,0.0,0.0,0.18,125.02,0.0,0.0,128.0,0.9999253857184062,1.0,1180.2755266000017,1000.0,1180.8119266000017,1000.0,0.01906639550921276,0.0
4225,1657370280000.0,0.0,0.0,0.18,125.02,0.0,0.0,127.05,0.9999253857184062,1.0,1180.2755266000017,1000.0,1180.6409266000016,1000.0,0.01906639550921276,0.0
4226,1657373880000.0,0.0,0.0,0.18,125.02,0.0,0.0,125.8,0.9999253857184062,1.0,1180.2755266000017,1000.0,1180.4159266000017,1000.0,0.01906639550921276,0.0
4227,1657377480000.0,0.0,0.0,0.18,125.02,0.0,0.0,125.9,0.9999253857184062,1.0,1180.2755266000017,1000.0,1180.4339266000018,1000.0,0.01906639550921276,0.0
4228,1657381080000.0,0.0,0.0,0.18,125.02,0.0,0.0,126.35,0.9999253857184062,1.0,1180.2755266000017,1000.0,1180.5149266000017,1000.0,0.01906639550921276,0.0
4229,1657384680000.0,0.0,0.0,0.18,125.02,0.0,0.0,126.65,0.9999253857184062,1.0,1180.2755266000017,1000.0,1180.5689266000018,1000.0,0.01906639550921276,0.0
4230,1657388280000.0,0.0,0.0,0.18,125.02,0.0,0.0,127.15,0.9999253857184062,1.0,1180.2755266000017,1000.0,1180.6589266000017,1000.0,0.01906639550921276,0.0
4231,1657391880000.0,0.0,0.0,0.18,125.02,0.0,0.0,127.5,0.9999253857184062,1.0,1180.2755266000017,1000.0,1180.7219266000018,1000.0,0.01906639550921276,0.0
4232,1657395480000.0,0.0,0.0,0.18,125.02,0.0,0.0,127.3,0.9999253857184062,1.0,1180.2755266000017,1000.0,1180.6859266000017,1000.0,0.01906639550921276,0.0
4233,1657399080000.0,0.0,0.0,0.18,125.02,0.0,0.0,126.9,0.9999253857184062,1.0,1180.2755266000017,1000.0,1180.6139266000018,1000.0,0.01906639550921276,0.0
4234,1657402680000.0,0.0,0.0,0.18,125.02,0.0,0.0,127.2,0.9999253857184062,1.0,1180.2755266000017,1000.0,1180.6679266000017,1000.0,0.01906639550921276,0.0
4235,1657406280000.0,0.0,0.0,0.18,125.02,0.0,0.0,126.7,0.9999253857184062,1.0,1180.2755266000017,1000.0,1180.5779266000018,1000.0,0.01906639550921276,0.0
4236,1657409880000.0,0.0,0.0,0.18,125.02,0.0,0.0,127.55,0.9999253857184062,1.0,1180.2755266000017,1000.0,1180.7309266000018,1000.0,0.01906639550921276,0.0
4237,1657413480000.0,0.0,0.0,0.18,125.02,0.0,0.0,127.8,0.9999253857184062,1.0,1180.2755266000017,1000.0,1180.7759266000016,1000.0,0.01906639550921276,0.0
4238,1657417080000.0,0.0,0.0,0.18,125.02,0.0,0.0,126.6,0.9999253857184062,1.0,1180.2755266000017,1000.0,1180.5599266000017,1000.0,0.01906639550921276,0.0
4239,1657420680000.0,0.0,0.0,0.18,125.02,0.0,0.0,124.6,0.9999253857184062,1.0,1180.2755266000017,1000.0,1180.1999266000018,1000.0,0.01906639550921276,0.0
4240,1657424280000.0,0.0,0.0,0.18,125.02,0.0,0.0,124.1,0.9999253857184062,1.0,1180.2755266000017,1000.0,1180.1099266000017,1000.0,0.01906639550921276,0.0
4241,1657427880000.0,0.0,0.0,0.18,125.02,0.0,0.0,123.0,0.9999253857184062,1.0,1180.2755266000017,1000.0,1179.9119266000018,1000.0,0.01906639550921276,0.0
4242,1657431480000.0,0.0,0.0,0.18,125.02,0.0,0.0,123.7,0.9999253857184062,1.0,1180.2755266000017,1000.0,1180.0379266000018,1000.0,0.01906639550921276,0.0
4243,1657435080000.0,0.0,0.0,0.18,125.02,0.0,0.0,123.75,0.9999253857184062,1.0,1180.2755266000017,1000.0,1180.0469266000018,1000.0,0.01906639550921276,0.0
4244,1657438680000.0,0.0,0.0,0.18,125.02,0.0,0.0,123.8,0.9999253857184062,1.0,1180.2755266000017,1000.0,1180.0559266000018,1000.0,0.01906639550921276,0.0
4245,1657442280000.0,0.0,0.0,0.18,125.02,0.0,0.0,124.3,0.9999253857184062,1.0,1180.2755266000017,1000.0,1180.1459266000018,1000.0,0.01906639550921276,0.0
4246,1657445880000.0,0.0,0.0,0.18,125.02,0.0,0.0,124.25,0.9999253857184062,1.0,1180.2755266000017,1000.0,1180.1369266000017,1000.0,0.01906639550921276,0.0
4247,1657449480000.0,0.0,0.0,0.18,125.02,0.0,0.0,123.9,0.9999253857184062,1.0,1180.2755266000017,1000.0,1180.0739266000016,1000.0,0.01906639550921276,0.0
4248,1657453080000.0,0.0,0.0,0.18,125.02,0.0,0.0,123.35,0.9999253857184062,1.0,1180.2755266000017,1000.0,1179.9749266000017,1000.0,0.01906639550921276,0.0
4249,1657456680000.0,0.0,0.0,0.18,125.02,0.0,0.0,124.6,0.9999253857184062,1.0,1180.2755266000017,1000.0,1180.1999266000018,1000.0,0.01906639550921276,0.0
4250,1657460280000.0,0.0,0.0,0.18,125.02,0.0,0.0,122.85,0.9999253857184062,1.0,1180.2755266000017,1000.0,1179.8849266000018,1000.0,0.01906639550921276,0.0
4251,1657463880000.0,0.0,0.0,0.18,125.02,0.0,0.0,121.4,0.9999253857184062,1.0,1180.2755266000017,1000.0,1179.6239266000018,1000.0,0.01906639550921276,0.0
4252,1657467480000.0,0.0,0.0,0.18,125.02,0.0,0.0,121.5,0.9999253857184062,1.0,1180.2755266000017,1000.0,1179.6419266000019,1000.0,0.01906639550921276,0.0
4253,1657471080000.0,0.0,0.0,0.18,125.02,0.0,0.0,121.75,0.9999253857184062,1.0,1180.2755266000017,1000.0,1179.6869266000017,1000.0,0.01906639550921276,0.0
4254,1657474680000.0,0.0,0.0,0.18,125.02,0.0,0.0,123.2,0.9999253857184062,1.0,1180.2755266000017,1000.0,1179.9479266000017,1000.0,0.01906639550921276,0.0
4255,1657478280000.0,0.0,0.0,0.18,125.02,0.0,0.0,123.25,0.9999253857184062,1.0,1180.2755266000017,1000.0,1179.9569266000017,1000.0,0.01906639550921276,0.0
4256,1657481880000.0,0.0,0.0,0.18,125.02,0.0,0.0,122.65,0.9999253857184062,1.0,1180.2755266000017,1000.0,1179.8489266000017,1000.0,0.01906639550921276,0.0
4257,1657485480000.0,0.0,0.0,0.18,125.02,0.0,0.0,125.4,0.9999253857184062,1.0,1180.2755266000017,1000.0,1180.3439266000019,1000.0,0.01906639550921276,0.0
4258,1657489080000.0,0.0,0.0,0.18,125.02,0.0,0.0,126.45,0.9999253857184062,1.0,1180.2755266000017,1000.0,1180.5329266000017,1000.0,0.01906639550921276,0.0
4259,1657492680000.0,0.0,0.0,0.18,125.02,0.0,0.0,127.25,0.9999253857184062,1.0,1180.2755266000017,1000.0,1180.6769266000017,1000.0,0.01906639550921276,0.0
4260,1657496280000.0,0.0,0.0,0.18,125.02,0.0,0.0,127.95,0.9999253857184062,1.0,1180.2755266000017,1000.0,1180.8029266000017,1000.0,0.01906639550921276,0.0
4261,1657499880000.0,0.0,0.0,0.06,125.02,0.0,0.0,128.1,0.9999253857184062,1.0,1180.7236358800017,1000.0,1180.9084358800017,1000.0,0.006353053137967635,0.0
4262,1657503480000.0,0.0,0.0,0.04,125.02,0.0,0.0,129.25,0.9999253857184062,1.0,1180.7983207600016,1000.0,1180.9675207600017,1000.0,0.004235100873772683,0.0
4263,1657507080000.0,0.0,0.0,0.0,125.02,0.0,0.0,129.25,0.9999253857184062,1.0,1180.9476905200024,1000.0,1180.9476905200024,1000.0,0.0,0.0
4264,1657510680000.0,0.0,0.0,0.0,125.02,0.0,0.0,129.05,0.9999253857184062,1.0,1180.9476905200024,1000.0,1180.9476905200024,1000.0,0.0,0.0
4265,1657514280000.0,0.0,0.0,0.0,125.02,0.0,0.0,129.25,0.9999253857184062,1.0,1180.9476905200024,1000.0,1180.9476905200024,1000.0,0.0,0.0
4266,1657517880000.0,0.0,0.0,0.0,125.02,0.0,0.0,129.0,0.9999253857184062,1.0,1180.9476905200024,1000.0,1180.9476905200024,1000.0,0.0,0.0
4267,1657521480000.0,0.0,0.0,0.0,125.02,0.0,0.0,128.05,0.9999253857184062,1.0,1180.9476905200024,1000.0,1180.9476905200024,1000.0,0.0,0.0
4268,1657525080000.0,0.0,0.0,0.0,125.02,0.0,0.0,129.35,0.9999253857184062,1.0,1180.9476905200024,1000.0,1180.9476905200024,1000.0,0.0,0.0
4269,1657528680000.0,0.0,0.0,0.0,125.02,0.0,0.0,129.9,0.9999253857184062,1.0,1180.9476905200024,1000.0,1180.9476905200024,1000.0,0.0,0.0
4270,1657532280000.0,0.0,0.0,0.0,125.02,0.0,0.0,130.6,0.9999253857184062,1.0,1180.9476905200024,1000.0,1180.9476905200024,1000.0,0.0,0.0
4271,1657535880000.0,0.0,0.0,0.0,125.02,0.0,0.0,131.35,0.9999253857184062,1.0,1180.9476905200024,1000.0,1180.9476905200024,1000.0,0.0,0.0
4272,1657539480000.0,0.0,0.0,0.0,125.02,0.0,0.0,130.05,0.9999253857184062,1.0,1180.9476905200024,1000.0,1180.9476905200024,1000.0,0.0,0.0
4273,1657543080000.0,0.0,0.0,0.0,125.02,0.0,0.0,131.05,0.9999253857184062,1.0,1180.9476905200024,1000.0,1180.9476905200024,1000.0,0.0,0.0
4274,1657546680000.0,0.0,0.0,0.0,125.02,0.0,0.0,130.0,0.9999253857184062,1.0,1180.9476905200024,1000.0,1180.9476905200024,1000.0,0.0,0.0
4275,1657550280000.0,0.0,0.0,0.0,125.02,0.0,0.0,129.5,0.9999253857184062,1.0,1180.9476905200024,1000.0,1180.9476905200024,1000.0,0.0,0.0
4276,1657553880000.0,0.0,0.0,0.0,125.02,0.0,0.0,130.4,0.9999253857184062,1.0,1180.9476905200024,1000.0,1180.9476905200024,1000.0,0.0,0.0
4277,1657557480000.0,0.0,0.0,0.0,125.02,0.0,0.0,130.55,0.9999253857184062,1.0,1180.9476905200024,1000.0,1180.9476905200024,1000.0,0.0,0.0
4278,1657561080000.0,0.0,0.0,0.0,125.02,0.0,0.0,131.85,0.9999253857184062,1.0,1180.9476905200024,1000.0,1180.9476905200024,1000.0,0.0,0.0
4279,1657564680000.0,0.0,0.0,0.0,125.02,0.0,0.0,132.0,0.9999253857184062,1.0,1180.9476905200024,1000.0,1180.9476905200024,1000.0,0.0,0.0
4280,1657568280000.0,0.0,0.0,0.0,125.02,0.0,0.0,130.25,0.9999253857184062,1.0,1180.9476905200024,1000.0,1180.9476905200024,1000.0,0.0,0.0
4281,1657571880000.0,0.0,0.0,0.0,125.02,0.0,0.0,128.9,0.9999253857184062,1.0,1180.9476905200024,1000.0,1180.9476905200024,1000.0,0.0,0.0
4282,1657575480000.0,0.0,0.0,0.0,125.02,0.0,0.0,128.25,0.9999253857184062,1.0,1180.9476905200024,1000.0,1180.9476905200024,1000.0,0.0,0.0
4283,1657579080000.0,0.0,0.0,0.0,125.02,0.0,0.0,126.0,0.9999253857184062,1.0,1180.9476905200024,1000.0,1180.9476905200024,1000.0,0.0,0.0
4284,1657582680000.0,0.0,0.0,0.0,125.02,0.0,0.0,127.8,0.9999253857184062,1.0,1180.9476905200024,1000.0,1180.9476905200024,1000.0,0.0,0.0
4285,1657586280000.0,0.0,0.0,0.0,125.02,0.0,0.0,127.75,0.9999253857184062,1.0,1180.9476905200024,1000.0,1180.9476905200024,1000.0,0.0,0.0
4286,1657589880000.0,0.0,0.0,0.0,125.02,0.0,0.0,128.0,0.9999253857184062,1.0,1180.9476905200024,1000.0,1180.9476905200024,1000.0,0.0,0.0
4287,1657593480000.0,0.0,0.0,0.0,125.02,0.0,0.0,128.85,0.9999253857184062,1.0,1180.9476905200024,1000.0,1180.9476905200024,1000.0,0.0,0.0
4288,1657597080000.0,0.0,0.0,0.0,125.02,0.0,0.0,128.3,0.9999253857184062,1.0,1180.9476905200024,1000.0,1180.9476905200024,1000.0,0.0,0.0
4289,1657600680000.0,0.0,0.0,0.0,125.02,0.0,0.0,128.05,0.9999253857184062,1.0,1180.9476905200024,1000.0,1180.9476905200024,1000.0,0.0,0.0
4290,1657604280000.0,0.0,0.0,0.0,125.02,0.0,0.0,128.5,0.9999253857184062,1.0,1180.9476905200024,1000.0,1180.9476905200024,1000.0,0.0,0.0
4291,1657607880000.0,0.0,0.0,0.0,125.02,0.0,0.0,127.6,0.9999253857184062,1.0,1180.9476905200024,1000.0,1180.9476905200024,1000.0,0.0,0.0
4292,1657611480000.0,0.0,0.0,0.0,125.02,0.0,0.0,126.25,0.9999253857184062,1.0,1180.9476905200024,1000.0,1180.9476905200024,1000.0,0.0,0.0
4293,1657615080000.0,0.0,0.0,0.38,123.91,0.0,0.0,125.15,0.9999253857184062,1.0,1180.9382733600023,1000.0,1181.4094733600023,1000.0,0.03987151662553167,0.0
4294,1657618680000.0,0.0,0.0,0.38,123.91,0.0,0.0,123.45,0.9999253857184062,1.0,1180.9382733600023,1000.0,1180.7634733600023,1000.0,0.03987151662553167,0.0
4295,1657622280000.0,0.0,0.0,0.38,123.91,0.0,0.0,123.65,0.9999253857184062,1.0,1180.9382733600023,1000.0,1180.8394733600023,1000.0,0.03987151662553167,0.0
4296,1657625880000.0,0.0,0.0,0.38,123.91,0.0,0.0,124.95,0.9999253857184062,1.0,1180.9382733600023,1000.0,1181.3334733600022,1000.0,0.03987151662553167,0.0
4297,1657629480000.0,0.0,0.0,0.38,123.91,0.0,0.0,125.15,0.9999253857184062,1.0,1180.9382733600023,1000.0,1181.4094733600023,1000.0,0.03987151662553167,0.0
4298,1657633080000.0,0.0,0.0,0.38,123.91,0.0,0.0,126.55,0.9999253857184062,1.0,1180.9382733600023,1000.0,1181.9414733600024,1000.0,0.03987151662553167,0.0
4299,1657636680000.0,0.0,0.0,0.38,123.91,0.0,0.0,126.4,0.9999253857184062,1.0,1180.9382733600023,1000.0,1181.8844733600024,1000.0,0.03987151662553167,0.0
4300,1657640280000.0,0.0,0.0,0.04,123.91,0.0,0.0,127.85,0.9999253857184062,1.0,1182.194394520002,1000.0,1182.351994520002,1000.0,0.00419254229505327,0.0
4301,1657643880000.0,0.0,0.0,0.01,123.91,0.0,0.0,128.3,0.9999253857184062,1.0,1182.3052287400023,1000.0,1182.3491287400022,1000.0,0.001048037317165995,0.0
4302,1657647480000.0,0.0,0.0,0.0,123.91,0.0,0.0,127.55,0.9999253857184062,1.0,1182.3421734800024,1000.0,1182.3421734800024,1000.0,0.0,0.0
4303,1657651080000.0,0.0,0.0,0.0,123.91,0.0,0.0,127.4,0.9999253857184062,1.0,1182.3421734800024,1000.0,1182.3421734800024,1000.0,0.0,0.0
4304,1657654680000.0,0.0,0.0,0.0,123.91,0.0,0.0,124.35,0.9999253857184062,1.0,1182.3421734800024,1000.0,1182.3421734800024,1000.0,0.0,0.0
4305,1657658280000.0,0.0,0.0,0.0,123.91,0.0,0.0,125.25,0.9999253857184062,1.0,1182.3421734800024,1000.0,1182.3421734800024,1000.0,0.0,0.0
4306,1657661880000.0,0.0,0.0,0.0,123.91,0.0,0.0,124.05,0.9999253857184062,1.0,1182.3421734800024,1000.0,1182.3421734800024,1000.0,0.0,0.0
4307,1657665480000.0,0.0,0.0,0.0,123.91,0.0,0.0,125.3,0.9999253857184062,1.0,1182.3421734800024,1000.0,1182.3421734800024,1000.0,0.0,0.0
4308,1657669080000.0,0.0,0.0,0.0,123.91,0.0,0.0,124.3,0.9999253857184062,1.0,1182.3421734800024,1000.0,1182.3421734800024,1000.0,0.0,0.0
4309,1657672680000.0,0.0,0.0,0.39,121.97,0.0,0.0,123.05,0.9999253857184062,1.0,1182.3326598200024,1000.0,1182.7538598200024,1000.0,0.04023258564746217,0.0
4310,1657676280000.0,0.0,0.0,0.39,121.97,0.0,0.0,123.5,0.9999253857184062,1.0,1182.3326598200024,1000.0,1182.9293598200024,1000.0,0.04023258564746217,0.0
4311,1657679880000.0,0.0,0.0,0.39,121.97,0.0,0.0,124.5,0.9999253857184062,1.0,1182.3326598200024,1000.0,1183.3193598200023,1000.0,0.04023258564746217,0.0
4312,1657683480000.0,0.0,0.0,0.39,121.97,0.0,0.0,124.1,0.9999253857184062,1.0,1182.3326598200024,1000.0,1183.1633598200024,1000.0,0.04023258564746217,0.0
4313,1657687080000.0,0.0,0.0,0.39,121.97,0.0,0.0,123.55,0.9999253857184062,1.0,1182.3326598200024,1000.0,1182.9488598200023,1000.0,0.04023258564746217,0.0
4314,1657690680000.0,0.0,0.0,0.39,121.97,0.0,0.0,124.4,0.9999253857184062,1.0,1182.3326598200024,1000.0,1183.2803598200023,1000.0,0.04023258564746217,0.0
4315,1657694280000.0,0.0,0.0,0.39,121.97,0.0,0.0,124.4,0.9999253857184062,1.0,1182.3326598200024,1000.0,1183.2803598200023,1000.0,0.04023258564746217,0.0
4316,1657697880000.0,0.0,0.0,0.39,121.97,0.0,0.0,124.2,0.9999253857184062,1.0,1182.3326598200024,1000.0,1183.2023598200024,1000.0,0.04023258564746217,0.0
4317,1657701480000.0,0.0,0.0,0.39,121.97,0.0,0.0,125.1,0.9999253857184062,1.0,1182.3326598200024,1000.0,1183.5533598200025,1000.0,0.04023258564746217,0.0
4318,1657705080000.0,0.0,0.0,0.26,121.97,0.0,0.0,125.05,0.9999253857184062,1.0,1182.8051934400023,1000.0,1183.6059934400023,1000.0,0.02681100841954377,0.0
4319,1657708680000.0,0.0,0.0,0.26,121.97,0.0,0.0,124.1,0.9999253857184062,1.0,1182.8051934400023,1000.0,1183.3589934400022,1000.0,0.02681100841954377,0.0
4320,1657712280000.0,0.0,0.0,0.26,121.97,0.0,0.0,124.25,0.9999253857184062,1.0,1182.8051934400023,1000.0,1183.3979934400022,1000.0,0.02681100841954377,0.0
4321,1657715880000.0,0.0,0.0,0.12,121.97,0.0,0.0,121.5,0.9999253857184062,1.0,1183.3140758000022,1000.0,1183.2576758000023,1000.0,0.012368990024989587,0.0
4322,1657719480000.0,0.0,0.0,0.39,121.13923076923076,0.0,0.0,118.85,0.9999253857184062,1.0,1183.3075542200022,1000.0,1182.4147542200021,1000.0,0.03992563034987291,0.0
4323,1657723080000.0,0.0,0.0,0.39,121.13923076923076,0.0,0.0,120.6,0.9999253857184062,1.0,1183.3075542200022,1000.0,1183.0972542200022,1000.0,0.03992563034987291,0.0
4324,1657726680000.0,0.0,0.0,0.39,121.13923076923076,0.0,0.0,120.3,0.9999253857184062,1.0,1183.3075542200022,1000.0,1182.9802542200023,1000.0,0.03992563034987291,0.0
4325,1657730280000.0,0.0,0.0,0.39,121.13923076923076,0.0,0.0,119.8,0.9999253857184062,1.0,1183.3075542200022,1000.0,1182.7852542200021,1000.0,0.03992563034987291,0.0
4326,1657733880000.0,0.0,0.0,0.39,121.13923076923076,0.0,0.0,120.95,0.9999253857184062,1.0,1183.3075542200022,1000.0,1183.2337542200023,1000.0,0.03992563034987291,0.0
4327,1657737480000.0,0.0,0.0,0.39,121.13923076923076,0.0,0.0,121.55,0.9999253857184062,1.0,1183.3075542200022,1000.0,1183.4677542200022,1000.0,0.03992563034987291,0.0
4328,1657741080000.0,0.0,0.0,0.39,121.13923076923076,0.0,0.0,121.55,0.9999253857184062,1.0,1183.3075542200022,1000.0,1183.4677542200022,1000.0,0.03992563034987291,0.0
4329,1657744680000.0,0.0,0.0,0.39,121.13923076923076,0.0,0.0,121.1,0.9999253857184062,1.0,1183.3075542200022,1000.0,1183.2922542200022,1000.0,0.03992563034987291,0.0
4330,1657748280000.0,0.0,0.0,0.39,121.13923076923076,0.0,0.0,122.3,0.9999253857184062,1.0,1183.3075542200022,1000.0,1183.7602542200023,1000.0,0.03992563034987291,0.0
4331,1657751880000.0,0.0,0.0,0.39,121.13923076923076,0.0,0.0,122.75,0.9999253857184062,1.0,1183.3075542200022,1000.0,1183.9357542200023,1000.0,0.03992563034987291,0.0
4332,1657755480000.0,0.0,0.0,0.39,121.13923076923076,0.0,0.0,123.45,0.9999253857184062,1.0,1183.3075542200022,1000.0,1184.2087542200022,1000.0,0.03992563034987291,0.0
4333,1657759080000.0,0.0,0.0,0.26,121.13923076923076,0.0,0.0,123.75,0.9999253857184062,1.0,1183.7776099400023,1000.0,1184.4564099400022,1000.0,0.026606517757669302,0.0
4334,1657762680000.0,0.0,0.0,0.18,121.13923076923076,0.0,0.0,123.85,0.9999253857184062,1.0,1184.066874998464,1000.0,1184.5548134600026,1000.0,0.01841539696690681,0.0
4335,1657766280000.0,0.0,0.0,0.18,121.13923076923076,0.0,0.0,124.3,0.9999253857184062,1.0,1184.066874998464,1000.0,1184.6358134600025,1000.0,0.01841539696690681,0.0
4336,1657769880000.0,0.0,0.0,0.18,121.13923076923076,0.0,0.0,124.3,0.9999253857184062,1.0,1184.066874998464,1000.0,1184.6358134600025,1000.0,0.01841539696690681,0.0
4337,1657773480000.0,0.0,0.0,0.18,121.13923076923076,0.0,0.0,123.9,0.9999253857184062,1.0,1184.066874998464,1000.0,1184.5638134600026,1000.0,0.01841539696690681,0.0
4338,1657777080000.0,0.0,0.0,0.18,121.13923076923076,0.0,0.0,124.5,0.9999253857184062,1.0,1184.066874998464,1000.0,1184.6718134600026,1000.0,0.01841539696690681,0.0
4339,1657780680000.0,0.0,0.0,0.18,121.13923076923076,0.0,0.0,123.45,0.9999253857184062,1.0,1184.066874998464,1000.0,1184.4828134600025,1000.0,0.01841539696690681,0.0
4340,1657784280000.0,0.0,0.0,0.18,121.13923076923076,0.0,0.0,124.3,0.9999253857184062,1.0,1184.066874998464,1000.0,1184.6358134600025,1000.0,0.01841539696690681,0.0
4341,1657787880000.0,0.0,0.0,0.06,121.13923076923076,0.0,0.0,124.0,0.9999253857184062,1.0,1184.5007725861562,1000.0,1184.6724187400023,1000.0,0.006136217058165889,0.0
4342,1657791480000.0,0.0,0.0,0.06,121.13923076923076,0.0,0.0,123.7,0.9999253857184062,1.0,1184.5007725861562,1000.0,1184.6544187400025,1000.0,0.006136217058165889,0.0
4343,1657795080000.0,0.0,0.0,0.04,121.13923076923076,0.0,0.0,124.65,0.9999253857184062,1.0,1184.5730888507715,1000.0,1184.7135196200022,1000.0,0.004090561634715356,0.0
4344,1657798680000.0,0.0,0.0,0.02,121.13923076923076,0.0,0.0,123.75,0.9999253857184062,1.0,1184.645405115387,1000.0,1184.6976205000024,1000.0,0.0020451559639051917,0.0
4345,1657802280000.0,0.0,0.0,0.01,121.13923076923076,0.0,0.0,124.95,0.9999253857184062,1.0,1184.6815632476946,1000.0,1184.7196709400023,1000.0,0.0010225467714475003,0.0
4346,1657805880000.0,0.0,0.0,0.0,121.13923076923076,0.0,0.0,124.45,0.9999253857184062,1.0,1184.7177213800023,1000.0,1184.7177213800023,1000.0,0.0,0.0
4347,1657809480000.0,0.0,0.0,0.0,121.13923076923076,0.0,0.0,127.15,0.9999253857184062,1.0,1184.7177213800023,1000.0,1184.7177213800023,1000.0,0.0,0.0
4348,1657813080000.0,0.0,0.0,0.0,121.13923076923076,0.0,0.0,128.55,0.9999253857184062,1.0,1184.7177213800023,1000.0,1184.7177213800023,1000.0,0.0,0.0
4349,1657816680000.0,0.0,0.0,0.0,121.13923076923076,0.0,0.0,130.35,0.9999253857184062,1.0,1184.7177213800023,1000.0,1184.7177213800023,1000.0,0.0,0.0
4350,1657820280000.0,0.0,0.0,0.0,121.13923076923076,0.0,0.0,132.5,0.9999253857184062,1.0,1184.7177213800023,1000.0,1184.7177213800023,1000.0,0.0,0.0
4351,1657823880000.0,0.0,0.0,0.0,121.13923076923076,0.0,0.0,134.25,0.9999253857184062,1.0,1184.7177213800023,1000.0,1184.7177213800023,1000.0,0.0,0.0
4352,1657827480000.0,0.0,0.0,0.0,121.13923076923076,0.0,0.0,133.7,0.9999253857184062,1.0,1184.7177213800023,1000.0,1184.7177213800023,1000.0,0.0,0.0
4353,1657831080000.0,0.0,0.0,0.0,121.13923076923076,0.0,0.0,134.2,0.9999253857184062,1.0,1184.7177213800023,1000.0,1184.7177213800023,1000.0,0.0,0.0
4354,1657834680000.0,0.0,0.0,0.0,121.13923076923076,0.0,0.0,134.1,0.9999253857184062,1.0,1184.7177213800023,1000.0,1184.7177213800023,1000.0,0.0,0.0
4355,1657838280000.0,0.0,0.0,0.0,121.13923076923076,0.0,0.0,133.15,0.9999253857184062,1.0,1184.7177213800023,1000.0,1184.7177213800023,1000.0,0.0,0.0
4356,1657841880000.0,0.0,0.0,0.0,121.13923076923076,0.0,0.0,133.45,0.9999253857184062,1.0,1184.7177213800023,1000.0,1184.7177213800023,1000.0,0.0,0.0
4357,1657845480000.0,0.0,0.0,0.0,121.13923076923076,0.0,0.0,133.0,0.9999253857184062,1.0,1184.7177213800023,1000.0,1184.7177213800023,1000.0,0.0,0.0
4358,1657849080000.0,0.0,0.0,0.0,121.13923076923076,0.0,0.0,133.45,0.9999253857184062,1.0,1184.7177213800023,1000.0,1184.7177213800023,1000.0,0.0,0.0
4359,1657852680000.0,0.0,0.0,0.0,121.13923076923076,0.0,0.0,134.1,0.9999253857184062,1.0,1184.7177213800023,1000.0,1184.7177213800023,1000.0,0.0,0.0
4360,1657856280000.0,0.0,0.0,0.0,121.13923076923076,0.0,0.0,132.95,0.9999253857184062,1.0,1184.7177213800023,1000.0,1184.7177213800023,1000.0,0.0,0.0
4361,1657859880000.0,0.0,0.0,0.0,121.13923076923076,0.0,0.0,133.7,0.9999253857184062,1.0,1184.7177213800023,1000.0,1184.7177213800023,1000.0,0.0,0.0
4362,1657863480000.0,0.0,0.0,0.0,121.13923076923076,0.0,0.0,135.1,0.9999253857184062,1.0,1184.7177213800023,1000.0,1184.7177213800023,1000.0,0.0,0.0
4363,1657867080000.0,0.0,0.0,0.0,121.13923076923076,0.0,0.0,135.4,0.9999253857184062,1.0,1184.7177213800023,1000.0,1184.7177213800023,1000.0,0.0,0.0
4364,1657870680000.0,0.0,0.0,0.0,121.13923076923076,0.0,0.0,136.25,0.9999253857184062,1.0,1184.7177213800023,1000.0,1184.7177213800023,1000.0,0.0,0.0
4365,1657874280000.0,0.0,0.0,0.0,121.13923076923076,0.0,0.0,135.9,0.9999253857184062,1.0,1184.7177213800023,1000.0,1184.7177213800023,1000.0,0.0,0.0
4366,1657877880000.0,0.0,0.0,0.0,121.13923076923076,0.0,0.0,135.1,0.9999253857184062,1.0,1184.7177213800023,1000.0,1184.7177213800023,1000.0,0.0,0.0
4367,1657881480000.0,0.0,0.0,0.0,121.13923076923076,0.0,0.0,134.15,0.9999253857184062,1.0,1184.7177213800023,1000.0,1184.7177213800023,1000.0,0.0,0.0
4368,1657885080000.0,0.0,0.0,0.0,121.13923076923076,0.0,0.0,133.75,0.9999253857184062,1.0,1184.7177213800023,1000.0,1184.7177213800023,1000.0,0.0,0.0
4369,1657888680000.0,0.0,0.0,0.0,121.13923076923076,0.0,0.0,134.25,0.9999253857184062,1.0,1184.7177213800023,1000.0,1184.7177213800023,1000.0,0.0,0.0
4370,1657892280000.0,0.0,0.0,0.0,121.13923076923076,0.0,0.0,133.4,0.9999253857184062,1.0,1184.7177213800023,1000.0,1184.7177213800023,1000.0,0.0,0.0
4371,1657895880000.0,0.0,0.0,0.0,121.13923076923076,0.0,0.0,134.75,0.9999253857184062,1.0,1184.7177213800023,1000.0,1184.7177213800023,1000.0,0.0,0.0
4372,1657899480000.0,0.0,0.0,0.0,121.13923076923076,0.0,0.0,134.2,0.9999253857184062,1.0,1184.7177213800023,1000.0,1184.7177213800023,1000.0,0.0,0.0
4373,1657903080000.0,0.0,0.0,0.0,121.13923076923076,0.0,0.0,133.7,0.9999253857184062,1.0,1184.7177213800023,1000.0,1184.7177213800023,1000.0,0.0,0.0
4374,1657906680000.0,0.0,0.0,0.0,121.13923076923076,0.0,0.0,134.6,0.9999253857184062,1.0,1184.7177213800023,1000.0,1184.7177213800023,1000.0,0.0,0.0
4375,1657910280000.0,0.0,0.0,0.0,121.13923076923076,0.0,0.0,136.5,0.9999253857184062,1.0,1184.7177213800023,1000.0,1184.7177213800023,1000.0,0.0,0.0
4376,1657913880000.0,0.0,0.0,0.0,121.13923076923076,0.0,0.0,138.55,0.9999253857184062,1.0,1184.7177213800023,1000.0,1184.7177213800023,1000.0,0.0,0.0
4377,1657917480000.0,0.0,0.0,0.0,121.13923076923076,0.0,0.0,138.7,0.9999253857184062,1.0,1184.7177213800023,1000.0,1184.7177213800023,1000.0,0.0,0.0
4378,1657921080000.0,0.0,0.0,0.0,121.13923076923076,0.0,0.0,138.7,0.9999253857184062,1.0,1184.7177213800023,1000.0,1184.7177213800023,1000.0,0.0,0.0
4379,1657924680000.0,0.0,0.0,0.0,121.13923076923076,0.0,0.0,139.2,0.9999253857184062,1.0,1184.7177213800023,1000.0,1184.7177213800023,1000.0,0.0,0.0
4380,1657928280000.0,0.0,0.0,0.0,121.13923076923076,0.0,0.0,138.5,0.9999253857184062,1.0,1184.7177213800023,1000.0,1184.7177213800023,1000.0,0.0,0.0
4381,1657931880000.0,0.0,0.0,0.0,121.13923076923076,0.0,0.0,138.45,0.9999253857184062,1.0,1184.7177213800023,1000.0,1184.7177213800023,1000.0,0.0,0.0
4382,1657935480000.0,0.0,0.0,0.0,121.13923076923076,0.0,0.0,138.45,0.9999253857184062,1.0,1184.7177213800023,1000.0,1184.7177213800023,1000.0,0.0,0.0
4383,1657939080000.0,0.0,0.0,0.0,121.13923076923076,0.0,0.0,137.8,0.9999253857184062,1.0,1184.7177213800023,1000.0,1184.7177213800023,1000.0,0.0,0.0
4384,1657942680000.0,0.0,0.0,0.0,121.13923076923076,0.0,0.0,138.2,0.9999253857184062,1.0,1184.7177213800023,1000.0,1184.7177213800023,1000.0,0.0,0.0
4385,1657946280000.0,0.0,0.0,0.0,121.13923076923076,0.0,0.0,137.65,0.9999253857184062,1.0,1184.7177213800023,1000.0,1184.7177213800023,1000.0,0.0,0.0
4386,1657949880000.0,0.0,0.0,0.0,121.13923076923076,0.0,0.0,137.05,0.9999253857184062,1.0,1184.7177213800023,1000.0,1184.7177213800023,1000.0,0.0,0.0
4387,1657953480000.0,0.0,0.0,0.0,121.13923076923076,0.0,0.0,135.9,0.9999253857184062,1.0,1184.7177213800023,1000.0,1184.7177213800023,1000.0,0.0,0.0
4388,1657957080000.0,0.0,0.0,0.0,121.13923076923076,0.0,0.0,136.15,0.9999253857184062,1.0,1184.7177213800023,1000.0,1184.7177213800023,1000.0,0.0,0.0
4389,1657960680000.0,0.0,0.0,0.0,121.13923076923076,0.0,0.0,137.15,0.9999253857184062,1.0,1184.7177213800023,1000.0,1184.7177213800023,1000.0,0.0,0.0
4390,1657964280000.0,0.0,0.0,0.0,121.13923076923076,0.0,0.0,138.55,0.9999253857184062,1.0,1184.7177213800023,1000.0,1184.7177213800023,1000.0,0.0,0.0
4391,1657967880000.0,0.0,0.0,0.0,121.13923076923076,0.0,0.0,138.1,0.9999253857184062,1.0,1184.7177213800023,1000.0,1184.7177213800023,1000.0,0.0,0.0
4392,1657971480000.0,0.0,0.0,0.0,121.13923076923076,0.0,0.0,140.15,0.9999253857184062,1.0,1184.7177213800023,1000.0,1184.7177213800023,1000.0,0.0,0.0
4393,1657975080000.0,0.0,0.0,0.0,121.13923076923076,0.0,0.0,138.75,0.9999253857184062,1.0,1184.7177213800023,1000.0,1184.7177213800023,1000.0,0.0,0.0
4394,1657978680000.0,0.0,0.0,0.0,121.13923076923076,0.0,0.0,139.45,0.9999253857184062,1.0,1184.7177213800023,1000.0,1184.7177213800023,1000.0,0.0,0.0
4395,1657982280000.0,0.0,0.0,0.0,121.13923076923076,0.0,0.0,138.65,0.9999253857184062,1.0,1184.7177213800023,1000.0,1184.7177213800023,1000.0,0.0,0.0
4396,1657985880000.0,0.0,0.0,0.0,121.13923076923076,0.0,0.0,140.35,0.9999253857184062,1.0,1184.7177213800023,1000.0,1184.7177213800023,1000.0,0.0,0.0
4397,1657989480000.0,0.0,0.0,0.0,121.13923076923076,0.0,0.0,142.85,0.9999253857184062,1.0,1184.7177213800023,1000.0,1184.7177213800023,1000.0,0.0,0.0
4398,1657993080000.0,0.0,0.0,0.0,121.13923076923076,0.0,0.0,142.65,0.9999253857184062,1.0,1184.7177213800023,1000.0,1184.7177213800023,1000.0,0.0,0.0
4399,1657996680000.0,0.0,0.0,0.0,121.13923076923076,0.0,0.0,140.45,0.9999253857184062,1.0,1184.7177213800023,1000.0,1184.7177213800023,1000.0,0.0,0.0
4400,1658000280000.0,0.0,0.0,0.0,121.13923076923076,0.0,0.0,140.05,0.9999253857184062,1.0,1184.7177213800023,1000.0,1184.7177213800023,1000.0,0.0,0.0
4401,1658003880000.0,0.0,0.0,0.0,121.13923076923076,0.0,0.0,138.85,0.9999253857184062,1.0,1184.7177213800023,1000.0,1184.7177213800023,1000.0,0.0,0.0
4402,1658007480000.0,0.0,0.0,0.0,121.13923076923076,0.0,0.0,139.7,0.9999253857184062,1.0,1184.7177213800023,1000.0,1184.7177213800023,1000.0,0.0,0.0
4403,1658011080000.0,0.0,0.0,0.0,121.13923076923076,0.0,0.0,138.95,0.9999253857184062,1.0,1184.7177213800023,1000.0,1184.7177213800023,1000.0,0.0,0.0
4404,1658014680000.0,0.0,0.0,0.0,121.13923076923076,0.0,0.0,139.05,0.9999253857184062,1.0,1184.7177213800023,1000.0,1184.7177213800023,1000.0,0.0,0.0
4405,1658018280000.0,0.0,0.0,0.0,121.13923076923076,0.0,0.0,138.55,0.9999253857184062,1.0,1184.7177213800023,1000.0,1184.7177213800023,1000.0,0.0,0.0
4406,1658021880000.0,0.0,0.0,0.0,121.13923076923076,0.0,0.0,137.4,0.9999253857184062,1.0,1184.7177213800023,1000.0,1184.7177213800023,1000.0,0.0,0.0
4407,1658025480000.0,0.0,0.0,0.0,121.13923076923076,0.0,0.0,139.55,0.9999253857184062,1.0,1184.7177213800023,1000.0,1184.7177213800023,1000.0,0.0,0.0
4408,1658029080000.0,0.0,0.0,0.0,121.13923076923076,0.0,0.0,140.15,0.9999253857184062,1.0,1184.7177213800023,1000.0,1184.7177213800023,1000.0,0.0,0.0
4409,1658032680000.0,0.0,0.0,0.0,121.13923076923076,0.0,0.0,140.55,0.9999253857184062,1.0,1184.7177213800023,1000.0,1184.7177213800023,1000.0,0.0,0.0
4410,1658036280000.0,0.0,0.0,0.0,121.13923076923076,0.0,0.0,139.85,0.9999253857184062,1.0,1184.7177213800023,1000.0,1184.7177213800023,1000.0,0.0,0.0
4411,1658039880000.0,0.0,0.0,0.0,121.13923076923076,0.0,0.0,140.55,0.9999253857184062,1.0,1184.7177213800023,1000.0,1184.7177213800023,1000.0,0.0,0.0
4412,1658043480000.0,0.0,0.0,0.0,121.13923076923076,0.0,0.0,140.65,0.9999253857184062,1.0,1184.7177213800023,1000.0,1184.7177213800023,1000.0,0.0,0.0
4413,1658047080000.0,0.0,0.0,0.0,121.13923076923076,0.0,0.0,138.75,0.9999253857184062,1.0,1184.7177213800023,1000.0,1184.7177213800023,1000.0,0.0,0.0
4414,1658050680000.0,0.0,0.0,0.0,121.13923076923076,0.0,0.0,139.45,0.9999253857184062,1.0,1184.7177213800023,1000.0,1184.7177213800023,1000.0,0.0,0.0
4415,1658054280000.0,0.0,0.0,0.0,121.13923076923076,0.0,0.0,138.65,0.9999253857184062,1.0,1184.7177213800023,1000.0,1184.7177213800023,1000.0,0.0,0.0
4416,1658057880000.0,0.0,0.0,0.0,121.13923076923076,0.0,0.0,138.15,0.9999253857184062,1.0,1184.7177213800023,1000.0,1184.7177213800023,1000.0,0.0,0.0
4417,1658061480000.0,0.0,0.0,0.0,121.13923076923076,0.0,0.0,138.35,0.9999253857184062,1.0,1184.7177213800023,1000.0,1184.7177213800023,1000.0,0.0,0.0
4418,1658065080000.0,0.0,0.0,0.0,121.13923076923076,0.0,0.0,136.05,0.9999253857184062,1.0,1184.7177213800023,1000.0,1184.7177213800023,1000.0,0.0,0.0
4419,1658068680000.0,0.0,0.0,0.0,121.13923076923076,0.0,0.0,136.75,0.9999253857184062,1.0,1184.7177213800023,1000.0,1184.7177213800023,1000.0,0.0,0.0
4420,1658072280000.0,0.0,0.0,0.0,121.13923076923076,0.0,0.0,136.0,0.9999253857184062,1.0,1184.7177213800023,1000.0,1184.7177213800023,1000.0,0.0,0.0
4421,1658075880000.0,0.0,0.0,0.0,121.13923076923076,0.0,0.0,135.3,0.9999253857184062,1.0,1184.7177213800023,1000.0,1184.7177213800023,1000.0,0.0,0.0
4422,1658079480000.0,0.0,0.0,0.0,121.13923076923076,0.0,0.0,137.3,0.9999253857184062,1.0,1184.7177213800023,1000.0,1184.7177213800023,1000.0,0.0,0.0
4423,1658083080000.0,0.0,0.0,0.0,121.13923076923076,0.0,0.0,135.95,0.9999253857184062,1.0,1184.7177213800023,1000.0,1184.7177213800023,1000.0,0.0,0.0
4424,1658086680000.0,0.0,0.0,0.0,121.13923076923076,0.0,0.0,137.4,0.9999253857184062,1.0,1184.7177213800023,1000.0,1184.7177213800023,1000.0,0.0,0.0
4425,1658090280000.0,0.0,0.0,0.0,121.13923076923076,0.0,0.0,136.9,0.9999253857184062,1.0,1184.7177213800023,1000.0,1184.7177213800023,1000.0,0.0,0.0
4426,1658093880000.0,0.0,0.0,0.0,121.13923076923076,0.0,0.0,137.55,0.9999253857184062,1.0,1184.7177213800023,1000.0,1184.7177213800023,1000.0,0.0,0.0
4427,1658097480000.0,0.0,0.0,0.0,121.13923076923076,0.0,0.0,137.55,0.9999253857184062,1.0,1184.7177213800023,1000.0,1184.7177213800023,1000.0,0.0,0.0
4428,1658101080000.0,0.0,0.0,0.0,121.13923076923076,0.0,0.0,137.05,0.9999253857184062,1.0,1184.7177213800023,1000.0,1184.7177213800023,1000.0,0.0,0.0
4429,1658104680000.0,0.0,0.0,0.0,121.13923076923076,0.0,0.0,138.5,0.9999253857184062,1.0,1184.7177213800023,1000.0,1184.7177213800023,1000.0,0.0,0.0
4430,1658108280000.0,0.0,0.0,0.0,121.13923076923076,0.0,0.0,139.9,0.9999253857184062,1.0,1184.7177213800023,1000.0,1184.7177213800023,1000.0,0.0,0.0
4431,1658111880000.0,0.0,0.0,0.0,121.13923076923076,0.0,0.0,140.2,0.9999253857184062,1.0,1184.7177213800023,1000.0,1184.7177213800023,1000.0,0.0,0.0
4432,1658115480000.0,0.0,0.0,0.0,121.13923076923076,0.0,0.0,141.3,0.9999253857184062,1.0,1184.7177213800023,1000.0,1184.7177213800023,1000.0,0.0,0.0
4433,1658119080000.0,0.0,0.0,0.0,121.13923076923076,0.0,0.0,141.9,0.9999253857184062,1.0,1184.7177213800023,1000.0,1184.7177213800023,1000.0,0.0,0.0
4434,1658122680000.0,0.0,0.0,0.0,121.13923076923076,0.0,0.0,143.9,0.9999253857184062,1.0,1184.7177213800023,1000.0,1184.7177213800023,1000.0,0.0,0.0
4435,1658126280000.0,0.0,0.0,0.0,121.13923076923076,0.0,0.0,145.95,0.9999253857184062,1.0,1184.7177213800023,1000.0,1184.7177213800023,1000.0,0.0,0.0
4436,1658129880000.0,0.0,0.0,0.0,121.13923076923076,0.0,0.0,146.65,0.9999253857184062,1.0,1184.7177213800023,1000.0,1184.7177213800023,1000.0,0.0,0.0
4437,1658133480000.0,0.0,0.0,0.0,121.13923076923076,0.0,0.0,145.9,0.9999253857184062,1.0,1184.7177213800023,1000.0,1184.7177213800023,1000.0,0.0,0.0
4438,1658137080000.0,0.0,0.0,0.0,121.13923076923076,0.0,0.0,146.65,0.9999253857184062,1.0,1184.7177213800023,1000.0,1184.7177213800023,1000.0,0.0,0.0
4439,1658140680000.0,0.0,0.0,0.0,121.13923076923076,0.0,0.0,145.95,0.9999253857184062,1.0,1184.7177213800023,1000.0,1184.7177213800023,1000.0,0.0,0.0
4440,1658144280000.0,0.0,0.0,0.0,121.13923076923076,0.0,0.0,144.4,0.9999253857184062,1.0,1184.7177213800023,1000.0,1184.7177213800023,1000.0,0.0,0.0
4441,1658147880000.0,0.0,0.0,0.0,121.13923076923076,0.0,0.0,144.7,0.9999253857184062,1.0,1184.7177213800023,1000.0,1184.7177213800023,1000.0,0.0,0.0
4442,1658151480000.0,0.0,0.0,0.0,121.13923076923076,0.0,0.0,145.8,0.9999253857184062,1.0,1184.7177213800023,1000.0,1184.7177213800023,1000.0,0.0,0.0
4443,1658155080000.0,0.0,0.0,0.0,121.13923076923076,0.0,0.0,146.05,0.9999253857184062,1.0,1184.7177213800023,1000.0,1184.7177213800023,1000.0,0.0,0.0
4444,1658158680000.0,0.0,0.0,0.0,121.13923076923076,0.0,0.0,147.1,0.9999253857184062,1.0,1184.7177213800023,1000.0,1184.7177213800023,1000.0,0.0,0.0
4445,1658162280000.0,0.0,0.0,0.0,121.13923076923076,0.0,0.0,146.65,0.9999253857184062,1.0,1184.7177213800023,1000.0,1184.7177213800023,1000.0,0.0,0.0
4446,1658165880000.0,0.0,0.0,0.0,121.13923076923076,0.0,0.0,145.0,0.9999253857184062,1.0,1184.7177213800023,1000.0,1184.7177213800023,1000.0,0.0,0.0
4447,1658169480000.0,0.0,0.0,0.0,121.13923076923076,0.0,0.0,143.0,0.9999253857184062,1.0,1184.7177213800023,1000.0,1184.7177213800023,1000.0,0.0,0.0
4448,1658173080000.0,0.0,0.0,0.0,121.13923076923076,0.0,0.0,140.5,0.9999253857184062,1.0,1184.7177213800023,1000.0,1184.7177213800023,1000.0,0.0,0.0
4449,1658176680000.0,0.0,0.0,0.0,121.13923076923076,0.0,0.0,140.8,0.9999253857184062,1.0,1184.7177213800023,1000.0,1184.7177213800023,1000.0,0.0,0.0
4450,1658180280000.0,0.0,0.0,0.0,121.13923076923076,0.0,0.0,141.7,0.9999253857184062,1.0,1184.7177213800023,1000.0,1184.7177213800023,1000.0,0.0,0.0
4451,1658183880000.0,0.0,0.0,0.0,121.13923076923076,0.0,0.0,142.55,0.9999253857184062,1.0,1184.7177213800023,1000.0,1184.7177213800023,1000.0,0.0,0.0
4452,1658187480000.0,0.0,0.0,0.0,121.13923076923076,0.0,0.0,146.7,0.9999253857184062,1.0,1184.7177213800023,1000.0,1184.7177213800023,1000.0,0.0,0.0
4453,1658191080000.0,0.0,0.0,0.0,121.13923076923076,0.0,0.0,144.85,0.9999253857184062,1.0,1184.7177213800023,1000.0,1184.7177213800023,1000.0,0.0,0.0
4454,1658194680000.0,0.0,0.0,0.0,121.13923076923076,0.0,0.0,143.45,0.9999253857184062,1.0,1184.7177213800023,1000.0,1184.7177213800023,1000.0,0.0,0.0
4455,1658198280000.0,0.0,0.0,0.0,121.13923076923076,0.0,0.0,142.2,0.9999253857184062,1.0,1184.7177213800023,1000.0,1184.7177213800023,1000.0,0.0,0.0
4456,1658201880000.0,0.0,0.0,0.0,121.13923076923076,0.0,0.0,144.95,0.9999253857184062,1.0,1184.7177213800023,1000.0,1184.7177213800023,1000.0,0.0,0.0
4457,1658205480000.0,0.0,0.0,0.0,121.13923076923076,0.0,0.0,143.75,0.9999253857184062,1.0,1184.7177213800023,1000.0,1184.7177213800023,1000.0,0.0,0.0
4458,1658209080000.0,0.0,0.0,0.0,121.13923076923076,0.0,0.0,143.25,0.9999253857184062,1.0,1184.7177213800023,1000.0,1184.7177213800023,1000.0,0.0,0.0
4459,1658212680000.0,0.0,0.0,0.0,121.13923076923076,0.0,0.0,142.15,0.9999253857184062,1.0,1184.7177213800023,1000.0,1184.7177213800023,1000.0,0.0,0.0
4460,1658216280000.0,0.0,0.0,0.0,121.13923076923076,0.0,0.0,141.05,0.9999253857184062,1.0,1184.7177213800023,1000.0,1184.7177213800023,1000.0,0.0,0.0
4461,1658219880000.0,0.0,0.0,0.0,121.13923076923076,0.0,0.0,141.6,0.9999253857184062,1.0,1184.7177213800023,1000.0,1184.7177213800023,1000.0,0.0,0.0
4462,1658223480000.0,0.0,0.0,0.0,121.13923076923076,0.0,0.0,142.95,0.9999253857184062,1.0,1184.7177213800023,1000.0,1184.7177213800023,1000.0,0.0,0.0
4463,1658227080000.0,0.0,0.0,0.0,121.13923076923076,0.0,0.0,143.15,0.9999253857184062,1.0,1184.7177213800023,1000.0,1184.7177213800023,1000.0,0.0,0.0
4464,1658230680000.0,0.0,0.0,0.0,121.13923076923076,0.0,0.0,143.0,0.9999253857184062,1.0,1184.7177213800023,1000.0,1184.7177213800023,1000.0,0.0,0.0
4465,1658234280000.0,0.0,0.0,0.0,121.13923076923076,0.0,0.0,142.4,0.9999253857184062,1.0,1184.7177213800023,1000.0,1184.7177213800023,1000.0,0.0,0.0
4466,1658237880000.0,0.0,0.0,0.0,121.13923076923076,0.0,0.0,145.4,0.9999253857184062,1.0,1184.7177213800023,1000.0,1184.7177213800023,1000.0,0.0,0.0
4467,1658241480000.0,0.0,0.0,0.0,121.13923076923076,0.0,0.0,145.6,0.9999253857184062,1.0,1184.7177213800023,1000.0,1184.7177213800023,1000.0,0.0,0.0
4468,1658245080000.0,0.0,0.0,0.0,121.13923076923076,0.0,0.0,146.3,0.9999253857184062,1.0,1184.7177213800023,1000.0,1184.7177213800023,1000.0,0.0,0.0
4469,1658248680000.0,0.0,0.0,0.0,121.13923076923076,0.0,0.0,146.6,0.9999253857184062,1.0,1184.7177213800023,1000.0,1184.7177213800023,1000.0,0.0,0.0
4470,1658252280000.0,0.0,0.0,0.0,121.13923076923076,0.0,0.0,146.2,0.9999253857184062,1.0,1184.7177213800023,1000.0,1184.7177213800023,1000.0,0.0,0.0
4471,1658255880000.0,0.0,0.0,0.0,121.13923076923076,0.0,0.0,145.45,0.9999253857184062,1.0,1184.7177213800023,1000.0,1184.7177213800023,1000.0,0.0,0.0
4472,1658259480000.0,0.0,0.0,0.0,121.13923076923076,0.0,0.0,145.9,0.9999253857184062,1.0,1184.7177213800023,1000.0,1184.7177213800023,1000.0,0.0,0.0
4473,1658263080000.0,0.0,0.0,0.0,121.13923076923076,0.0,0.0,146.0,0.9999253857184062,1.0,1184.7177213800023,1000.0,1184.7177213800023,1000.0,0.0,0.0
4474,1658266680000.0,0.0,0.0,0.0,121.13923076923076,0.0,0.0,147.45,0.9999253857184062,1.0,1184.7177213800023,1000.0,1184.7177213800023,1000.0,0.0,0.0
4475,1658270280000.0,0.0,0.0,0.0,121.13923076923076,0.0,0.0,147.55,0.9999253857184062,1.0,1184.7177213800023,1000.0,1184.7177213800023,1000.0,0.0,0.0
4476,1658273880000.0,0.0,0.0,0.0,121.13923076923076,0.0,0.0,146.75,0.9999253857184062,1.0,1184.7177213800023,1000.0,1184.7177213800023,1000.0,0.0,0.0
4477,1658277480000.0,0.0,0.0,0.0,121.13923076923076,0.0,0.0,144.7,0.9999253857184062,1.0,1184.7177213800023,1000.0,1184.7177213800023,1000.0,0.0,0.0
4478,1658281080000.0,0.0,0.0,0.0,121.13923076923076,0.0,0.0,145.15,0.9999253857184062,1.0,1184.7177213800023,1000.0,1184.7177213800023,1000.0,0.0,0.0
4479,1658284680000.0,0.0,0.0,0.0,121.13923076923076,0.0,0.0,147.45,0.9999253857184062,1.0,1184.7177213800023,1000.0,1184.7177213800023,1000.0,0.0,0.0
4480,1658288280000.0,0.0,0.0,0.0,121.13923076923076,0.0,0.0,147.5,0.9999253857184062,1.0,1184.7177213800023,1000.0,1184.7177213800023,1000.0,0.0,0.0
4481,1658291880000.0,0.0,0.0,0.0,121.13923076923076,0.0,0.0,147.3,0.9999253857184062,1.0,1184.7177213800023,1000.0,1184.7177213800023,1000.0,0.0,0.0
4482,1658295480000.0,0.0,0.0,0.0,121.13923076923076,0.0,0.0,147.8,0.9999253857184062,1.0,1184.7177213800023,1000.0,1184.7177213800023,1000.0,0.0,0.0
4483,1658299080000.0,0.0,0.0,0.0,121.13923076923076,0.0,0.0,147.2,0.9999253857184062,1.0,1184.7177213800023,1000.0,1184.7177213800023,1000.0,0.0,0.0
4484,1658302680000.0,0.0,0.0,0.0,121.13923076923076,0.0,0.0,146.45,0.9999253857184062,1.0,1184.7177213800023,1000.0,1184.7177213800023,1000.0,0.0,0.0
4485,1658306280000.0,0.0,0.0,0.0,121.13923076923076,0.0,0.0,144.4,0.9999253857184062,1.0,1184.7177213800023,1000.0,1184.7177213800023,1000.0,0.0,0.0
4486,1658309880000.0,0.0,0.0,0.0,121.13923076923076,0.0,0.0,144.2,0.9999253857184062,1.0,1184.7177213800023,1000.0,1184.7177213800023,1000.0,0.0,0.0
4487,1658313480000.0,0.0,0.0,0.0,121.13923076923076,0.0,0.0,145.6,0.9999253857184062,1.0,1184.7177213800023,1000.0,1184.7177213800023,1000.0,0.0,0.0
4488,1658317080000.0,0.0,0.0,0.0,121.13923076923076,0.0,0.0,146.3,0.9999253857184062,1.0,1184.7177213800023,1000.0,1184.7177213800023,1000.0,0.0,0.0
4489,1658320680000.0,0.0,0.0,0.0,121.13923076923076,0.0,0.0,146.95,0.9999253857184062,1.0,1184.7177213800023,1000.0,1184.7177213800023,1000.0,0.0,0.0
4490,1658324280000.0,0.0,0.0,0.0,121.13923076923076,0.0,0.0,150.0,0.9999253857184062,1.0,1184.7177213800023,1000.0,1184.7177213800023,1000.0,0.0,0.0
4491,1658327880000.0,0.0,0.0,0.0,121.13923076923076,0.0,0.0,150.85,0.9999253857184062,1.0,1184.7177213800023,1000.0,1184.7177213800023,1000.0,0.0,0.0
4492,1658331480000.0,0.0,0.0,0.0,121.13923076923076,0.0,0.0,150.95,0.9999253857184062,1.0,1184.7177213800023,1000.0,1184.7177213800023,1000.0,0.0,0.0
4493,1658335080000.0,0.0,0.0,0.0,121.13923076923076,0.0,0.0,149.55,0.9999253857184062,1.0,1184.7177213800023,1000.0,1184.7177213800023,1000.0,0.0,0.0
4494,1658338680000.0,0.0,0.0,0.0,121.13923076923076,0.0,0.0,149.65,0.9999253857184062,1.0,1184.7177213800023,1000.0,1184.7177213800023,1000.0,0.0,0.0
4495,1658342280000.0,0.0,0.0,0.0,121.13923076923076,0.0,0.0,151.9,0.9999253857184062,1.0,1184.7177213800023,1000.0,1184.7177213800023,1000.0,0.0,0.0
4496,1658345880000.0,0.0,0.0,0.0,121.13923076923076,0.0,0.0,151.0,0.9999253857184062,1.0,1184.7177213800023,1000.0,1184.7177213800023,1000.0,0.0,0.0
4497,1658349480000.0,0.0,0.0,0.0,121.13923076923076,0.0,0.0,145.75,0.9999253857184062,1.0,1184.7177213800023,1000.0,1184.7177213800023,1000.0,0.0,0.0
4498,1658353080000.0,0.0,0.0,0.0,121.13923076923076,0.0,0.0,148.8,0.9999253857184062,1.0,1184.7177213800023,1000.0,1184.7177213800023,1000.0,0.0,0.0
4499,1658356680000.0,0.0,0.0,0.0,121.13923076923076,0.0,0.0,150.6,0.9999253857184062,1.0,1184.7177213800023,1000.0,1184.7177213800023,1000.0,0.0,0.0
4500,1658360280000.0,0.0,0.0,0.0,121.13923076923076,0.0,0.0,151.85,0.9999253857184062,1.0,1184.7177213800023,1000.0,1184.7177213800023,1000.0,0.0,0.0
4501,1658363880000.0,0.0,0.0,0.0,121.13923076923076,0.0,0.0,149.3,0.9999253857184062,1.0,1184.7177213800023,1000.0,1184.7177213800023,1000.0,0.0,0.0
4502,1658367480000.0,0.0,0.0,0.0,121.13923076923076,0.0,0.0,151.4,0.9999253857184062,1.0,1184.7177213800023,1000.0,1184.7177213800023,1000.0,0.0,0.0
4503,1658371080000.0,0.0,0.0,0.0,121.13923076923076,0.0,0.0,149.5,0.9999253857184062,1.0,1184.7177213800023,1000.0,1184.7177213800023,1000.0,0.0,0.0
4504,1658374680000.0,0.0,0.0,0.0,121.13923076923076,0.0,0.0,149.5,0.9999253857184062,1.0,1184.7177213800023,1000.0,1184.7177213800023,1000.0,0.0,0.0
4505,1658378280000.0,0.0,0.0,0.0,121.13923076923076,0.0,0.0,150.05,0.9999253857184062,1.0,1184.7177213800023,1000.0,1184.7177213800023,1000.0,0.0,0.0
4506,1658381880000.0,0.0,0.0,0.0,121.13923076923076,0.0,0.0,150.05,0.9999253857184062,1.0,1184.7177213800023,1000.0,1184.7177213800023,1000.0,0.0,0.0
4507,1658385480000.0,0.0,0.0,0.0,121.13923076923076,0.0,0.0,150.7,0.9999253857184062,1.0,1184.7177213800023,1000.0,1184.7177213800023,1000.0,0.0,0.0
4508,1658389080000.0,0.0,0.0,0.0,121.13923076923076,0.0,0.0,151.9,0.9999253857184062,1.0,1184.7177213800023,1000.0,1184.7177213800023,1000.0,0.0,0.0
4509,1658392680000.0,0.0,0.0,0.0,121.13923076923076,0.0,0.0,152.6,0.9999253857184062,1.0,1184.7177213800023,1000.0,1184.7177213800023,1000.0,0.0,0.0
4510,1658396280000.0,0.0,0.0,0.0,121.13923076923076,0.0,0.0,152.1,0.9999253857184062,1.0,1184.7177213800023,1000.0,1184.7177213800023,1000.0,0.0,0.0
4511,1658399880000.0,0.0,0.0,0.0,121.13923076923076,0.0,0.0,151.0,0.9999253857184062,1.0,1184.7177213800023,1000.0,1184.7177213800023,1000.0,0.0,0.0
4512,1658403480000.0,0.0,0.0,0.0,121.13923076923076,0.0,0.0,148.0,0.9999253857184062,1.0,1184.7177213800023,1000.0,1184.7177213800023,1000.0,0.0,0.0
4513,1658407080000.0,0.0,0.0,0.0,121.13923076923076,0.0,0.0,147.55,0.9999253857184062,1.0,1184.7177213800023,1000.0,1184.7177213800023,1000.0,0.0,0.0
4514,1658410680000.0,0.0,0.0,0.0,121.13923076923076,0.0,0.0,148.65,0.9999253857184062,1.0,1184.7177213800023,1000.0,1184.7177213800023,1000.0,0.0,0.0
4515,1658414280000.0,0.0,0.0,0.0,121.13923076923076,0.0,0.0,148.3,0.9999253857184062,1.0,1184.7177213800023,1000.0,1184.7177213800023,1000.0,0.0,0.0
4516,1658417880000.0,0.0,0.0,0.0,121.13923076923076,0.0,0.0,149.25,0.9999253857184062,1.0,1184.7177213800023,1000.0,1184.7177213800023,1000.0,0.0,0.0
4517,1658421480000.0,0.0,0.0,0.0,121.13923076923076,0.0,0.0,151.2,0.9999253857184062,1.0,1184.7177213800023,1000.0,1184.7177213800023,1000.0,0.0,0.0
4518,1658425080000.0,0.0,0.0,0.0,121.13923076923076,0.0,0.0,149.45,0.9999253857184062,1.0,1184.7177213800023,1000.0,1184.7177213800023,1000.0,0.0,0.0
4519,1658428680000.0,0.0,0.0,0.0,121.13923076923076,0.0,0.0,149.45,0.9999253857184062,1.0,1184.7177213800023,1000.0,1184.7177213800023,1000.0,0.0,0.0
4520,1658432280000.0,0.0,0.0,0.0,121.13923076923076,0.0,0.0,149.65,0.9999253857184062,1.0,1184.7177213800023,1000.0,1184.7177213800023,1000.0,0.0,0.0
4521,1658435880000.0,0.0,0.0,0.0,121.13923076923076,0.0,0.0,151.65,0.9999253857184062,1.0,1184.7177213800023,1000.0,1184.7177213800023,1000.0,0.0,0.0
4522,1658439480000.0,0.0,0.0,0.0,121.13923076923076,0.0,0.0,151.15,0.9999253857184062,1.0,1184.7177213800023,1000.0,1184.7177213800023,1000.0,0.0,0.0
4523,1658443080000.0,0.0,0.0,0.0,121.13923076923076,0.0,0.0,150.8,0.9999253857184062,1.0,1184.7177213800023,1000.0,1184.7177213800023,1000.0,0.0,0.0
4524,1658446680000.0,0.0,0.0,0.0,121.13923076923076,0.0,0.0,150.35,0.9999253857184062,1.0,1184.7177213800023,1000.0,1184.7177213800023,1000.0,0.0,0.0
4525,1658450280000.0,0.0,0.0,0.0,121.13923076923076,0.0,0.0,152.35,0.9999253857184062,1.0,1184.7177213800023,1000.0,1184.7177213800023,1000.0,0.0,0.0
4526,1658453880000.0,0.0,0.0,0.0,121.13923076923076,0.0,0.0,151.85,0.9999253857184062,1.0,1184.7177213800023,1000.0,1184.7177213800023,1000.0,0.0,0.0
4527,1658457480000.0,0.0,0.0,0.0,121.13923076923076,0.0,0.0,151.0,0.9999253857184062,1.0,1184.7177213800023,1000.0,1184.7177213800023,1000.0,0.0,0.0
4528,1658461080000.0,0.0,0.0,0.0,121.13923076923076,0.0,0.0,150.85,0.9999253857184062,1.0,1184.7177213800023,1000.0,1184.7177213800023,1000.0,0.0,0.0
4529,1658464680000.0,0.0,0.0,0.0,121.13923076923076,0.0,0.0,151.25,0.9999253857184062,1.0,1184.7177213800023,1000.0,1184.7177213800023,1000.0,0.0,0.0
4530,1658468280000.0,0.0,0.0,0.0,121.13923076923076,0.0,0.0,152.45,0.9999253857184062,1.0,1184.7177213800023,1000.0,1184.7177213800023,1000.0,0.0,0.0
4531,1658471880000.0,0.0,0.0,0.0,121.13923076923076,0.0,0.0,151.7,0.9999253857184062,1.0,1184.7177213800023,1000.0,1184.7177213800023,1000.0,0.0,0.0
4532,1658475480000.0,0.0,0.0,0.0,121.13923076923076,0.0,0.0,150.95,0.9999253857184062,1.0,1184.7177213800023,1000.0,1184.7177213800023,1000.0,0.0,0.0
4533,1658479080000.0,0.0,0.0,0.0,121.13923076923076,0.0,0.0,151.45,0.9999253857184062,1.0,1184.7177213800023,1000.0,1184.7177213800023,1000.0,0.0,0.0
4534,1658482680000.0,0.0,0.0,0.0,121.13923076923076,0.0,0.0,151.6,0.9999253857184062,1.0,1184.7177213800023,1000.0,1184.7177213800023,1000.0,0.0,0.0
4535,1658486280000.0,0.0,0.0,0.0,121.13923076923076,0.0,0.0,152.2,0.9999253857184062,1.0,1184.7177213800023,1000.0,1184.7177213800023,1000.0,0.0,0.0
4536,1658489880000.0,0.0,0.0,0.0,121.13923076923076,0.0,0.0,152.15,0.9999253857184062,1.0,1184.7177213800023,1000.0,1184.7177213800023,1000.0,0.0,0.0
4537,1658493480000.0,0.0,0.0,0.0,121.13923076923076,0.0,0.0,152.45,0.9999253857184062,1.0,1184.7177213800023,1000.0,1184.7177213800023,1000.0,0.0,0.0
4538,1658497080000.0,0.0,0.0,0.0,121.13923076923076,0.0,0.0,151.8,0.9999253857184062,1.0,1184.7177213800023,1000.0,1184.7177213800023,1000.0,0.0,0.0
4539,1658500680000.0,0.0,0.0,0.0,121.13923076923076,0.0,0.0,150.3,0.9999253857184062,1.0,1184.7177213800023,1000.0,1184.7177213800023,1000.0,0.0,0.0
4540,1658504280000.0,0.0,0.0,0.0,121.13923076923076,0.0,0.0,148.8,0.9999253857184062,1.0,1184.7177213800023,1000.0,1184.7177213800023,1000.0,0.0,0.0
4541,1658507880000.0,0.0,0.0,0.0,121.13923076923076,0.0,0.0,149.5,0.9999253857184062,1.0,1184.7177213800023,1000.0,1184.7177213800023,1000.0,0.0,0.0
4542,1658511480000.0,0.0,0.0,0.0,121.13923076923076,0.0,0.0,148.75,0.9999253857184062,1.0,1184.7177213800023,1000.0,1184.7177213800023,1000.0,0.0,0.0
4543,1658515080000.0,0.0,0.0,0.0,121.13923076923076,0.0,0.0,149.45,0.9999253857184062,1.0,1184.7177213800023,1000.0,1184.7177213800023,1000.0,0.0,0.0
4544,1658518680000.0,0.0,0.0,0.0,121.13923076923076,0.0,0.0,150.2,0.9999253857184062,1.0,1184.7177213800023,1000.0,1184.7177213800023,1000.0,0.0,0.0
4545,1658522280000.0,0.0,0.0,0.0,121.13923076923076,0.0,0.0,149.15,0.9999253857184062,1.0,1184.7177213800023,1000.0,1184.7177213800023,1000.0,0.0,0.0
4546,1658525880000.0,0.0,0.0,0.0,121.13923076923076,0.0,0.0,150.5,0.9999253857184062,1.0,1184.7177213800023,1000.0,1184.7177213800023,1000.0,0.0,0.0
4547,1658529480000.0,0.0,0.0,0.0,121.13923076923076,0.0,0.0,149.5,0.9999253857184062,1.0,1184.7177213800023,1000.0,1184.7177213800023,1000.0,0.0,0.0
4548,1658533080000.0,0.0,0.0,0.0,121.13923076923076,0.0,0.0,148.8,0.9999253857184062,1.0,1184.7177213800023,1000.0,1184.7177213800023,1000.0,0.0,0.0
4549,1658536680000.0,0.0,0.0,0.0,121.13923076923076,0.0,0.0,149.95,0.9999253857184062,1.0,1184.7177213800023,1000.0,1184.7177213800023,1000.0,0.0,0.0
4550,1658540280000.0,0.0,0.0,0.0,121.13923076923076,0.0,0.0,148.3,0.9999253857184062,1.0,1184.7177213800023,1000.0,1184.7177213800023,1000.0,0.0,0.0
4551,1658543880000.0,0.0,0.0,0.0,121.13923076923076,0.0,0.0,149.25,0.9999253857184062,1.0,1184.7177213800023,1000.0,1184.7177213800023,1000.0,0.0,0.0
4552,1658547480000.0,0.0,0.0,0.0,121.13923076923076,0.0,0.0,149.15,0.9999253857184062,1.0,1184.7177213800023,1000.0,1184.7177213800023,1000.0,0.0,0.0
4553,1658551080000.0,0.0,0.0,0.0,121.13923076923076,0.0,0.0,150.05,0.9999253857184062,1.0,1184.7177213800023,1000.0,1184.7177213800023,1000.0,0.0,0.0
4554,1658554680000.0,0.0,0.0,0.0,121.13923076923076,0.0,0.0,150.6,0.9999253857184062,1.0,1184.7177213800023,1000.0,1184.7177213800023,1000.0,0.0,0.0
4555,1658558280000.0,0.0,0.0,0.0,121.13923076923076,0.0,0.0,150.35,0.9999253857184062,1.0,1184.7177213800023,1000.0,1184.7177213800023,1000.0,0.0,0.0
4556,1658561880000.0,0.0,0.0,0.0,121.13923076923076,0.0,0.0,149.65,0.9999253857184062,1.0,1184.7177213800023,1000.0,1184.7177213800023,1000.0,0.0,0.0
4557,1658565480000.0,0.0,0.0,0.0,121.13923076923076,0.0,0.0,149.85,0.9999253857184062,1.0,1184.7177213800023,1000.0,1184.7177213800023,1000.0,0.0,0.0
4558,1658569080000.0,0.0,0.0,0.0,121.13923076923076,0.0,0.0,148.8,0.9999253857184062,1.0,1184.7177213800023,1000.0,1184.7177213800023,1000.0,0.0,0.0
4559,1658572680000.0,0.0,0.0,0.0,121.13923076923076,0.0,0.0,147.05,0.9999253857184062,1.0,1184.7177213800023,1000.0,1184.7177213800023,1000.0,0.0,0.0
4560,1658576280000.0,0.0,0.0,0.33,144.65,0.0,0.0,143.85,0.9999253857184062,1.0,1184.7081744800023,1000.0,1184.4441744800024,1000.0,0.04029220109074697,0.0
4561,1658579880000.0,0.0,0.0,0.33,144.65,0.0,0.0,145.25,0.9999253857184062,1.0,1184.7081744800023,1000.0,1184.9061744800024,1000.0,0.04029220109074697,0.0
4562,1658583480000.0,0.0,0.0,0.33,144.65,0.0,0.0,146.0,0.9999253857184062,1.0,1184.7081744800023,1000.0,1185.1536744800023,1000.0,0.04029220109074697,0.0
4563,1658587080000.0,0.0,0.0,0.33,144.65,0.0,0.0,145.05,0.9999253857184062,1.0,1184.7081744800023,1000.0,1184.8401744800024,1000.0,0.04029220109074697,0.0
4564,1658590680000.0,0.0,0.0,0.33,144.65,0.0,0.0,145.4,0.9999253857184062,1.0,1184.7081744800023,1000.0,1184.9556744800022,1000.0,0.04029220109074697,0.0
4565,1658594280000.0,0.0,0.0,0.33,144.65,0.0,0.0,145.45,0.9999253857184062,1.0,1184.7081744800023,1000.0,1184.9721744800022,1000.0,0.04029220109074697,0.0
4566,1658597880000.0,0.0,0.0,0.33,144.65,0.0,0.0,144.9,0.9999253857184062,1.0,1184.7081744800023,1000.0,1184.7906744800023,1000.0,0.04029220109074697,0.0
4567,1658601480000.0,0.0,0.0,0.33,144.65,0.0,0.0,144.4,0.9999253857184062,1.0,1184.7081744800023,1000.0,1184.6256744800023,1000.0,0.04029220109074697,0.0
4568,1658605080000.0,0.0,0.0,0.33,144.65,0.0,0.0,144.7,0.9999253857184062,1.0,1184.7081744800023,1000.0,1184.7246744800022,1000.0,0.04029220109074697,0.0
4569,1658608680000.0,0.0,0.0,0.33,144.65,0.0,0.0,145.95,0.9999253857184062,1.0,1184.7081744800023,1000.0,1185.1371744800024,1000.0,0.04029220109074697,0.0
4570,1658612280000.0,0.0,0.0,0.33,144.65,0.0,0.0,146.0,0.9999253857184062,1.0,1184.7081744800023,1000.0,1185.1536744800023,1000.0,0.04029220109074697,0.0
4571,1658615880000.0,0.0,0.0,0.33,144.65,0.0,0.0,147.2,0.9999253857184062,1.0,1184.7081744800023,1000.0,1185.5496744800023,1000.0,0.04029220109074697,0.0
4572,1658619480000.0,0.0,0.0,0.33,144.65,0.0,0.0,146.7,0.9999253857184062,1.0,1184.7081744800023,1000.0,1185.3846744800023,1000.0,0.04029220109074697,0.0
4573,1658623080000.0,0.0,0.0,0.33,144.65,0.0,0.0,146.9,0.9999253857184062,1.0,1184.7081744800023,1000.0,1185.4506744800024,1000.0,0.04029220109074697,0.0
4574,1658626680000.0,0.0,0.0,0.33,144.65,0.0,0.0,147.95,0.9999253857184062,1.0,1184.7081744800023,1000.0,1185.7971744800022,1000.0,0.04029220109074697,0.0
4575,1658630280000.0,0.0,0.0,0.33,144.65,0.0,0.0,147.85,0.9999253857184062,1.0,1184.7081744800023,1000.0,1185.7641744800023,1000.0,0.04029220109074697,0.0
4576,1658633880000.0,0.0,0.0,0.33,144.65,0.0,0.0,146.85,0.9999253857184062,1.0,1184.7081744800023,1000.0,1185.4341744800022,1000.0,0.04029220109074697,0.0
4577,1658637480000.0,0.0,0.0,0.33,144.65,0.0,0.0,147.7,0.9999253857184062,1.0,1184.7081744800023,1000.0,1185.7146744800023,1000.0,0.04029220109074697,0.0
4578,1658641080000.0,0.0,0.0,0.04,144.65,0.0,0.0,149.0,0.9999253857184062,1.0,1185.9581330600024,1000.0,1186.1321330600024,1000.0,0.004878755698627401,0.0
4579,1658644680000.0,0.0,0.0,0.04,144.65,0.0,0.0,149.65,0.9999253857184062,1.0,1185.9581330600024,1000.0,1186.1581330600025,1000.0,0.004878755698627401,0.0
4580,1658648280000.0,0.0,0.0,0.04,144.65,0.0,0.0,149.6,0.9999253857184062,1.0,1185.9581330600024,1000.0,1186.1561330600025,1000.0,0.004878755698627401,0.0
4581,1658651880000.0,0.0,0.0,0.04,144.65,0.0,0.0,149.8,0.9999253857184062,1.0,1185.9581330600024,1000.0,1186.1641330600023,1000.0,0.004878755698627401,0.0
4582,1658655480000.0,0.0,0.0,0.04,144.65,0.0,0.0,150.5,0.9999253857184062,1.0,1185.9581330600024,1000.0,1186.1921330600023,1000.0,0.004878755698627401,0.0
4583,1658659080000.0,0.0,0.0,0.04,144.65,0.0,0.0,149.85,0.9999253857184062,1.0,1185.9581330600024,1000.0,1186.1661330600025,1000.0,0.004878755698627401,0.0
4584,1658662680000.0,0.0,0.0,0.02,144.65,0.0,0.0,152.5,0.9999253857184062,1.0,1186.1145230600023,1000.0,1186.2715230600022,1000.0,0.002439056215698702,0.0
4585,1658666280000.0,0.0,0.0,0.0,144.65,0.0,0.0,150.8,0.9999253857184062,1.0,1186.2709130600024,1000.0,1186.2709130600024,1000.0,0.0,0.0
4586,1658669880000.0,0.0,0.0,0.0,144.65,0.0,0.0,149.6,0.9999253857184062,1.0,1186.2709130600024,1000.0,1186.2709130600024,1000.0,0.0,0.0
4587,1658673480000.0,0.0,0.0,0.0,144.65,0.0,0.0,151.55,0.9999253857184062,1.0,1186.2709130600024,1000.0,1186.2709130600024,1000.0,0.0,0.0
4588,1658677080000.0,0.0,0.0,0.0,144.65,0.0,0.0,151.6,0.9999253857184062,1.0,1186.2709130600024,1000.0,1186.2709130600024,1000.0,0.0,0.0
4589,1658680680000.0,0.0,0.0,0.0,144.65,0.0,0.0,149.2,0.9999253857184062,1.0,1186.2709130600024,1000.0,1186.2709130600024,1000.0,0.0,0.0
4590,1658684280000.0,0.0,0.0,0.0,144.65,0.0,0.0,149.45,0.9999253857184062,1.0,1186.2709130600024,1000.0,1186.2709130600024,1000.0,0.0,0.0
4591,1658687880000.0,0.0,0.0,0.0,144.65,0.0,0.0,150.6,0.9999253857184062,1.0,1186.2709130600024,1000.0,1186.2709130600024,1000.0,0.0,0.0
4592,1658691480000.0,0.0,0.0,0.0,144.65,0.0,0.0,151.4,0.9999253857184062,1.0,1186.2709130600024,1000.0,1186.2709130600024,1000.0,0.0,0.0
4593,1658695080000.0,0.0,0.0,0.0,144.65,0.0,0.0,150.65,0.9999253857184062,1.0,1186.2709130600024,1000.0,1186.2709130600024,1000.0,0.0,0.0
4594,1658698680000.0,0.0,0.0,0.0,144.65,0.0,0.0,152.45,0.9999253857184062,1.0,1186.2709130600024,1000.0,1186.2709130600024,1000.0,0.0,0.0
4595,1658702280000.0,0.0,0.0,0.0,144.65,0.0,0.0,153.5,0.9999253857184062,1.0,1186.2709130600024,1000.0,1186.2709130600024,1000.0,0.0,0.0
4596,1658705880000.0,0.0,0.0,0.0,144.65,0.0,0.0,152.45,0.9999253857184062,1.0,1186.2709130600024,1000.0,1186.2709130600024,1000.0,0.0,0.0
4597,1658709480000.0,0.0,0.0,0.0,144.65,0.0,0.0,149.9,0.9999253857184062,1.0,1186.2709130600024,1000.0,1186.2709130600024,1000.0,0.0,0.0
4598,1658713080000.0,0.0,0.0,0.0,144.65,0.0,0.0,148.35,0.9999253857184062,1.0,1186.2709130600024,1000.0,1186.2709130600024,1000.0,0.0,0.0
4599,1658716680000.0,0.0,0.0,0.0,144.65,0.0,0.0,145.9,0.9999253857184062,1.0,1186.2709130600024,1000.0,1186.2709130600024,1000.0,0.0,0.0
4600,1658720280000.0,0.0,0.0,0.0,144.65,0.0,0.0,145.5,0.9999253857184062,1.0,1186.2709130600024,1000.0,1186.2709130600024,1000.0,0.0,0.0
4601,1658723880000.0,0.0,0.0,0.33,144.61,0.0,0.0,145.4,0.9999253857184062,1.0,1186.2613688000024,1000.0,1186.5220688000024,1000.0,0.04022831835809834,0.0
4602,1658727480000.0,0.0,0.0,0.33,144.61,0.0,0.0,146.9,0.9999253857184062,1.0,1186.2613688000024,1000.0,1187.0170688000023,1000.0,0.04022831835809834,0.0
4603,1658731080000.0,0.0,0.0,0.33,144.61,0.0,0.0,146.75,0.9999253857184062,1.0,1186.2613688000024,1000.0,1186.9675688000025,1000.0,0.04022831835809834,0.0
4604,1658734680000.0,0.0,0.0,0.33,144.61,0.0,0.0,147.6,0.9999253857184062,1.0,1186.2613688000024,1000.0,1187.2480688000023,1000.0,0.04022831835809834,0.0
4605,1658738280000.0,0.0,0.0,0.33,144.61,0.0,0.0,148.15,0.9999253857184062,1.0,1186.2613688000024,1000.0,1187.4295688000025,1000.0,0.04022831835809834,0.0
4606,1658741880000.0,0.0,0.0,0.33,144.61,0.0,0.0,145.7,0.9999253857184062,1.0,1186.2613688000024,1000.0,1186.6210688000024,1000.0,0.04022831835809834,0.0
4607,1658745480000.0,0.0,0.0,0.33,144.61,0.0,0.0,145.85,0.9999253857184062,1.0,1186.2613688000024,1000.0,1186.6705688000025,1000.0,0.04022831835809834,0.0
4608,1658749080000.0,0.0,0.0,0.33,144.61,0.0,0.0,145.9,0.9999253857184062,1.0,1186.2613688000024,1000.0,1186.6870688000024,1000.0,0.04022831835809834,0.0
4609,1658752680000.0,0.0,0.0,0.33,144.61,0.0,0.0,146.05,0.9999253857184062,1.0,1186.2613688000024,1000.0,1186.7365688000025,1000.0,0.04022831835809834,0.0
4610,1658756280000.0,0.0,0.0,0.33,144.61,0.0,0.0,146.75,0.9999253857184062,1.0,1186.2613688000024,1000.0,1186.9675688000025,1000.0,0.04022831835809834,0.0
4611,1658759880000.0,0.0,0.0,0.33,144.61,0.0,0.0,146.05,0.9999253857184062,1.0,1186.2613688000024,1000.0,1186.7365688000025,1000.0,0.04022831835809834,0.0
4612,1658763480000.0,0.0,0.0,0.33,144.61,0.0,0.0,146.6,0.9999253857184062,1.0,1186.2613688000024,1000.0,1186.9180688000024,1000.0,0.04022831835809834,0.0
4613,1658767080000.0,0.0,0.0,0.33,144.61,0.0,0.0,147.15,0.9999253857184062,1.0,1186.2613688000024,1000.0,1187.0995688000023,1000.0,0.04022831835809834,0.0
4614,1658770680000.0,0.0,0.0,0.33,144.61,0.0,0.0,147.9,0.9999253857184062,1.0,1186.2613688000024,1000.0,1187.3470688000025,1000.0,0.04022831835809834,0.0
4615,1658774280000.0,0.0,0.0,0.22,144.61,0.0,0.0,149.15,0.9999253857184062,1.0,1186.7354919000024,1000.0,1187.7342919000025,1000.0,0.02680816425997711,0.0
4616,1658777880000.0,0.0,0.0,0.15,144.61,0.0,0.0,145.95,0.9999253857184062,1.0,1187.0372066000023,1000.0,1187.2382066000023,1000.0,0.01827364793571245,0.0
4617,1658781480000.0,0.0,0.0,0.15,144.61,0.0,0.0,147.35,0.9999253857184062,1.0,1187.0372066000023,1000.0,1187.4482066000023,1000.0,0.01827364793571245,0.0
4618,1658785080000.0,0.0,0.0,0.15,144.61,0.0,0.0,147.85,0.9999253857184062,1.0,1187.0372066000023,1000.0,1187.5232066000024,1000.0,0.01827364793571245,0.0
4619,1658788680000.0,0.0,0.0,0.15,144.61,0.0,0.0,145.15,0.9999253857184062,1.0,1187.0372066000023,1000.0,1187.1182066000022,1000.0,0.01827364793571245,0.0
4620,1658792280000.0,0.0,0.0,0.15,144.61,0.0,0.0,145.3,0.9999253857184062,1.0,1187.0372066000023,1000.0,1187.1407066000022,1000.0,0.01827364793571245,0.0
4621,1658795880000.0,0.0,0.0,0.33,143.4209090909091,0.0,0.0,139.95,0.9999253857184062,1.0,1187.0320791200022,1000.0,1185.886679120002,1000.0,0.039871626750885236,0.0
4622,1658799480000.0,0.0,0.0,0.33,143.4209090909091,0.0,0.0,138.0,0.9999253857184062,1.0,1187.0320791200022,1000.0,1185.2431791200022,1000.0,0.039871626750885236,0.0
4623,1658803080000.0,0.0,0.0,0.33,143.4209090909091,0.0,0.0,140.4,0.9999253857184062,1.0,1187.0320791200022,1000.0,1186.035179120002,1000.0,0.039871626750885236,0.0
4624,1658806680000.0,0.0,0.0,0.33,143.4209090909091,0.0,0.0,141.0,0.9999253857184062,1.0,1187.0320791200022,1000.0,1186.2331791200022,1000.0,0.039871626750885236,0.0
4625,1658810280000.0,0.0,0.0,0.33,143.4209090909091,0.0,0.0,141.55,0.9999253857184062,1.0,1187.0320791200022,1000.0,1186.4146791200021,1000.0,0.039871626750885236,0.0
4626,1658813880000.0,0.0,0.0,0.33,143.4209090909091,0.0,0.0,142.35,0.9999253857184062,1.0,1187.0320791200022,1000.0,1186.6786791200022,1000.0,0.039871626750885236,0.0
4627,1658817480000.0,0.0,0.0,0.33,143.4209090909091,0.0,0.0,142.4,0.9999253857184062,1.0,1187.0320791200022,1000.0,1186.6951791200022,1000.0,0.039871626750885236,0.0
4628,1658821080000.0,0.0,0.0,0.33,143.4209090909091,0.0,0.0,142.15,0.9999253857184062,1.0,1187.0320791200022,1000.0,1186.6126791200022,1000.0,0.039871626750885236,0.0
4629,1658824680000.0,0.0,0.0,0.33,143.4209090909091,0.0,0.0,141.95,0.9999253857184062,1.0,1187.0320791200022,1000.0,1186.5466791200022,1000.0,0.039871626750885236,0.0
4630,1658828280000.0,0.0,0.0,0.33,143.4209090909091,0.0,0.0,143.05,0.9999253857184062,1.0,1187.0320791200022,1000.0,1186.9096791200022,1000.0,0.039871626750885236,0.0
4631,1658831880000.0,0.0,0.0,0.33,143.4209090909091,0.0,0.0,142.85,0.9999253857184062,1.0,1187.0320791200022,1000.0,1186.8436791200022,1000.0,0.039871626750885236,0.0
4632,1658835480000.0,0.0,0.0,0.33,143.4209090909091,0.0,0.0,142.35,0.9999253857184062,1.0,1187.0320791200022,1000.0,1186.6786791200022,1000.0,0.039871626750885236,0.0
4633,1658839080000.0,0.0,0.0,0.33,143.4209090909091,0.0,0.0,142.95,0.9999253857184062,1.0,1187.0320791200022,1000.0,1186.876679120002,1000.0,0.039871626750885236,0.0
4634,1658842680000.0,0.0,0.0,0.33,143.4209090909091,0.0,0.0,144.45,0.9999253857184062,1.0,1187.0320791200022,1000.0,1187.3716791200022,1000.0,0.039871626750885236,0.0
4635,1658846280000.0,0.0,0.0,0.33,143.4209090909091,0.0,0.0,144.3,0.9999253857184062,1.0,1187.0320791200022,1000.0,1187.3221791200021,1000.0,0.039871626750885236,0.0
4636,1658849880000.0,0.0,0.0,0.33,143.4209090909091,0.0,0.0,144.15,0.9999253857184062,1.0,1187.0320791200022,1000.0,1187.2726791200023,1000.0,0.039871626750885236,0.0
4637,1658853480000.0,0.0,0.0,0.33,143.4209090909091,0.0,0.0,145.1,0.9999253857184062,1.0,1187.0320791200022,1000.0,1187.5861791200023,1000.0,0.039871626750885236,0.0
4638,1658857080000.0,0.0,0.0,0.33,143.4209090909091,0.0,0.0,146.75,0.9999253857184062,1.0,1187.0320791200022,1000.0,1188.1306791200022,1000.0,0.039871626750885236,0.0
4639,1658860680000.0,0.0,0.0,0.07,143.4209090909091,0.0,0.0,147.05,0.9999253857184062,1.0,1188.1447607963657,1000.0,1188.398797160002,1000.0,0.008449697349702228,0.0
4640,1658864280000.0,0.0,0.0,0.01,143.4209090909091,0.0,0.0,148.05,0.9999253857184062,1.0,1188.4015334909118,1000.0,1188.4478244000027,1000.0,0.0012068388086778406,0.0
4641,1658867880000.0,0.0,0.0,0.0,143.4209090909091,0.0,0.0,148.05,0.9999253857184062,1.0,1188.4443289400028,1000.0,1188.4443289400028,1000.0,0.0,0.0
4642,1658871480000.0,0.0,0.0,0.0,143.4209090909091,0.0,0.0,147.85,0.9999253857184062,1.0,1188.4443289400028,1000.0,1188.4443289400028,1000.0,0.0,0.0
4643,1658875080000.0,0.0,0.0,0.0,143.4209090909091,0.0,0.0,148.65,0.9999253857184062,1.0,1188.4443289400028,1000.0,1188.4443289400028,1000.0,0.0,0.0
4644,1658878680000.0,0.0,0.0,0.0,143.4209090909091,0.0,0.0,149.9,0.9999253857184062,1.0,1188.4443289400028,1000.0,1188.4443289400028,1000.0,0.0,0.0
4645,1658882280000.0,0.0,0.0,0.0,143.4209090909091,0.0,0.0,152.55,0.9999253857184062,1.0,1188.4443289400028,1000.0,1188.4443289400028,1000.0,0.0,0.0
4646,1658885880000.0,0.0,0.0,0.0,143.4209090909091,0.0,0.0,152.45,0.9999253857184062,1.0,1188.4443289400028,1000.0,1188.4443289400028,1000.0,0.0,0.0
4647,1658889480000.0,0.0,0.0,0.0,143.4209090909091,0.0,0.0,151.9,0.9999253857184062,1.0,1188.4443289400028,1000.0,1188.4443289400028,1000.0,0.0,0.0
4648,1658893080000.0,0.0,0.0,0.0,143.4209090909091,0.0,0.0,150.2,0.9999253857184062,1.0,1188.4443289400028,1000.0,1188.4443289400028,1000.0,0.0,0.0
4649,1658896680000.0,0.0,0.0,0.0,143.4209090909091,0.0,0.0,151.95,0.9999253857184062,1.0,1188.4443289400028,1000.0,1188.4443289400028,1000.0,0.0,0.0
4650,1658900280000.0,0.0,0.0,0.0,143.4209090909091,0.0,0.0,151.6,0.9999253857184062,1.0,1188.4443289400028,1000.0,1188.4443289400028,1000.0,0.0,0.0
4651,1658903880000.0,0.0,0.0,0.0,143.4209090909091,0.0,0.0,152.3,0.9999253857184062,1.0,1188.4443289400028,1000.0,1188.4443289400028,1000.0,0.0,0.0
4652,1658907480000.0,0.0,0.0,0.0,143.4209090909091,0.0,0.0,152.8,0.9999253857184062,1.0,1188.4443289400028,1000.0,1188.4443289400028,1000.0,0.0,0.0
4653,1658911080000.0,0.0,0.0,0.0,143.4209090909091,0.0,0.0,152.1,0.9999253857184062,1.0,1188.4443289400028,1000.0,1188.4443289400028,1000.0,0.0,0.0
4654,1658914680000.0,0.0,0.0,0.0,143.4209090909091,0.0,0.0,150.65,0.9999253857184062,1.0,1188.4443289400028,1000.0,1188.4443289400028,1000.0,0.0,0.0
4655,1658918280000.0,0.0,0.0,0.0,143.4209090909091,0.0,0.0,151.85,0.9999253857184062,1.0,1188.4443289400028,1000.0,1188.4443289400028,1000.0,0.0,0.0
4656,1658921880000.0,0.0,0.0,0.0,143.4209090909091,0.0,0.0,151.75,0.9999253857184062,1.0,1188.4443289400028,1000.0,1188.4443289400028,1000.0,0.0,0.0
4657,1658925480000.0,0.0,0.0,0.0,143.4209090909091,0.0,0.0,151.9,0.9999253857184062,1.0,1188.4443289400028,1000.0,1188.4443289400028,1000.0,0.0,0.0
4658,1658929080000.0,0.0,0.0,0.0,143.4209090909091,0.0,0.0,152.4,0.9999253857184062,1.0,1188.4443289400028,1000.0,1188.4443289400028,1000.0,0.0,0.0
4659,1658932680000.0,0.0,0.0,0.0,143.4209090909091,0.0,0.0,152.9,0.9999253857184062,1.0,1188.4443289400028,1000.0,1188.4443289400028,1000.0,0.0,0.0
4660,1658936280000.0,0.0,0.0,0.0,143.4209090909091,0.0,0.0,152.2,0.9999253857184062,1.0,1188.4443289400028,1000.0,1188.4443289400028,1000.0,0.0,0.0
4661,1658939880000.0,0.0,0.0,0.0,143.4209090909091,0.0,0.0,154.85,0.9999253857184062,1.0,1188.4443289400028,1000.0,1188.4443289400028,1000.0,0.0,0.0
4662,1658943480000.0,0.0,0.0,0.0,143.4209090909091,0.0,0.0,153.2,0.9999253857184062,1.0,1188.4443289400028,1000.0,1188.4443289400028,1000.0,0.0,0.0
4663,1658947080000.0,0.0,0.0,0.0,143.4209090909091,0.0,0.0,158.35,0.9999253857184062,1.0,1188.4443289400028,1000.0,1188.4443289400028,1000.0,0.0,0.0
4664,1658950680000.0,0.0,0.0,0.0,143.4209090909091,0.0,0.0,159.55,0.9999253857184062,1.0,1188.4443289400028,1000.0,1188.4443289400028,1000.0,0.0,0.0
4665,1658954280000.0,0.0,0.0,0.0,143.4209090909091,0.0,0.0,160.4,0.9999253857184062,1.0,1188.4443289400028,1000.0,1188.4443289400028,1000.0,0.0,0.0
4666,1658957880000.0,0.0,0.0,0.0,143.4209090909091,0.0,0.0,159.95,0.9999253857184062,1.0,1188.4443289400028,1000.0,1188.4443289400028,1000.0,0.0,0.0
4667,1658961480000.0,0.0,0.0,0.0,143.4209090909091,0.0,0.0,161.9,0.9999253857184062,1.0,1188.4443289400028,1000.0,1188.4443289400028,1000.0,0.0,0.0
4668,1658965080000.0,0.0,0.0,0.0,143.4209090909091,0.0,0.0,161.55,0.9999253857184062,1.0,1188.4443289400028,1000.0,1188.4443289400028,1000.0,0.0,0.0
4669,1658968680000.0,0.0,0.0,0.0,143.4209090909091,0.0,0.0,159.85,0.9999253857184062,1.0,1188.4443289400028,1000.0,1188.4443289400028,1000.0,0.0,0.0
4670,1658972280000.0,0.0,0.0,0.0,143.4209090909091,0.0,0.0,159.85,0.9999253857184062,1.0,1188.4443289400028,1000.0,1188.4443289400028,1000.0,0.0,0.0
4671,1658975880000.0,0.0,0.0,0.0,143.4209090909091,0.0,0.0,161.15,0.9999253857184062,1.0,1188.4443289400028,1000.0,1188.4443289400028,1000.0,0.0,0.0
4672,1658979480000.0,0.0,0.0,0.0,143.4209090909091,0.0,0.0,160.45,0.9999253857184062,1.0,1188.4443289400028,1000.0,1188.4443289400028,1000.0,0.0,0.0
4673,1658983080000.0,0.0,0.0,0.0,143.4209090909091,0.0,0.0,159.3,0.9999253857184062,1.0,1188.4443289400028,1000.0,1188.4443289400028,1000.0,0.0,0.0
4674,1658986680000.0,0.0,0.0,0.0,143.4209090909091,0.0,0.0,159.0,0.9999253857184062,1.0,1188.4443289400028,1000.0,1188.4443289400028,1000.0,0.0,0.0
4675,1658990280000.0,0.0,0.0,0.0,143.4209090909091,0.0,0.0,159.6,0.9999253857184062,1.0,1188.4443289400028,1000.0,1188.4443289400028,1000.0,0.0,0.0
4676,1658993880000.0,0.0,0.0,0.0,143.4209090909091,0.0,0.0,157.9,0.9999253857184062,1.0,1188.4443289400028,1000.0,1188.4443289400028,1000.0,0.0,0.0
4677,1658997480000.0,0.0,0.0,0.0,143.4209090909091,0.0,0.0,158.2,0.9999253857184062,1.0,1188.4443289400028,1000.0,1188.4443289400028,1000.0,0.0,0.0
4678,1659001080000.0,0.0,0.0,0.0,143.4209090909091,0.0,0.0,158.2,0.9999253857184062,1.0,1188.4443289400028,1000.0,1188.4443289400028,1000.0,0.0,0.0
4679,1659004680000.0,0.0,0.0,0.0,143.4209090909091,0.0,0.0,159.65,0.9999253857184062,1.0,1188.4443289400028,1000.0,1188.4443289400028,1000.0,0.0,0.0
4680,1659008280000.0,0.0,0.0,0.0,143.4209090909091,0.0,0.0,161.05,0.9999253857184062,1.0,1188.4443289400028,1000.0,1188.4443289400028,1000.0,0.0,0.0
4681,1659011880000.0,0.0,0.0,0.0,143.4209090909091,0.0,0.0,157.95,0.9999253857184062,1.0,1188.4443289400028,1000.0,1188.4443289400028,1000.0,0.0,0.0
4682,1659015480000.0,0.0,0.0,0.0,143.4209090909091,0.0,0.0,161.4,0.9999253857184062,1.0,1188.4443289400028,1000.0,1188.4443289400028,1000.0,0.0,0.0
4683,1659019080000.0,0.0,0.0,0.0,143.4209090909091,0.0,0.0,159.2,0.9999253857184062,1.0,1188.4443289400028,1000.0,1188.4443289400028,1000.0,0.0,0.0
4684,1659022680000.0,0.0,0.0,0.0,143.4209090909091,0.0,0.0,160.95,0.9999253857184062,1.0,1188.4443289400028,1000.0,1188.4443289400028,1000.0,0.0,0.0
4685,1659026280000.0,0.0,0.0,0.0,143.4209090909091,0.0,0.0,160.75,0.9999253857184062,1.0,1188.4443289400028,1000.0,1188.4443289400028,1000.0,0.0,0.0
4686,1659029880000.0,0.0,0.0,0.0,143.4209090909091,0.0,0.0,164.3,0.9999253857184062,1.0,1188.4443289400028,1000.0,1188.4443289400028,1000.0,0.0,0.0
4687,1659033480000.0,0.0,0.0,0.0,143.4209090909091,0.0,0.0,161.75,0.9999253857184062,1.0,1188.4443289400028,1000.0,1188.4443289400028,1000.0,0.0,0.0
4688,1659037080000.0,0.0,0.0,0.0,143.4209090909091,0.0,0.0,163.45,0.9999253857184062,1.0,1188.4443289400028,1000.0,1188.4443289400028,1000.0,0.0,0.0
4689,1659040680000.0,0.0,0.0,0.0,143.4209090909091,0.0,0.0,165.75,0.9999253857184062,1.0,1188.4443289400028,1000.0,1188.4443289400028,1000.0,0.0,0.0
4690,1659044280000.0,0.0,0.0,0.0,143.4209090909091,0.0,0.0,163.35,0.9999253857184062,1.0,1188.4443289400028,1000.0,1188.4443289400028,1000.0,0.0,0.0
4691,1659047880000.0,0.0,0.0,0.0,143.4209090909091,0.0,0.0,163.7,0.9999253857184062,1.0,1188.4443289400028,1000.0,1188.4443289400028,1000.0,0.0,0.0
4692,1659051480000.0,0.0,0.0,0.0,143.4209090909091,0.0,0.0,162.15,0.9999253857184062,1.0,1188.4443289400028,1000.0,1188.4443289400028,1000.0,0.0,0.0
4693,1659055080000.0,0.0,0.0,0.0,143.4209090909091,0.0,0.0,163.15,0.9999253857184062,1.0,1188.4443289400028,1000.0,1188.4443289400028,1000.0,0.0,0.0
4694,1659058680000.0,0.0,0.0,0.0,143.4209090909091,0.0,0.0,162.95,0.9999253857184062,1.0,1188.4443289400028,1000.0,1188.4443289400028,1000.0,0.0,0.0
4695,1659062280000.0,0.0,0.0,0.0,143.4209090909091,0.0,0.0,162.6,0.9999253857184062,1.0,1188.4443289400028,1000.0,1188.4443289400028,1000.0,0.0,0.0
4696,1659065880000.0,0.0,0.0,0.0,143.4209090909091,0.0,0.0,163.9,0.9999253857184062,1.0,1188.4443289400028,1000.0,1188.4443289400028,1000.0,0.0,0.0
4697,1659069480000.0,0.0,0.0,0.0,143.4209090909091,0.0,0.0,164.35,0.9999253857184062,1.0,1188.4443289400028,1000.0,1188.4443289400028,1000.0,0.0,0.0
4698,1659073080000.0,0.0,0.0,0.0,143.4209090909091,0.0,0.0,164.55,0.9999253857184062,1.0,1188.4443289400028,1000.0,1188.4443289400028,1000.0,0.0,0.0
4699,1659076680000.0,0.0,0.0,0.0,143.4209090909091,0.0,0.0,165.55,0.9999253857184062,1.0,1188.4443289400028,1000.0,1188.4443289400028,1000.0,0.0,0.0
4700,1659080280000.0,0.0,0.0,0.0,143.4209090909091,0.0,0.0,163.15,0.9999253857184062,1.0,1188.4443289400028,1000.0,1188.4443289400028,1000.0,0.0,0.0
4701,1659083880000.0,0.0,0.0,0.0,143.4209090909091,0.0,0.0,163.3,0.9999253857184062,1.0,1188.4443289400028,1000.0,1188.4443289400028,1000.0,0.0,0.0
4702,1659087480000.0,0.0,0.0,0.0,143.4209090909091,0.0,0.0,164.1,0.9999253857184062,1.0,1188.4443289400028,1000.0,1188.4443289400028,1000.0,0.0,0.0
4703,1659091080000.0,0.0,0.0,0.0,143.4209090909091,0.0,0.0,162.9,0.9999253857184062,1.0,1188.4443289400028,1000.0,1188.4443289400028,1000.0,0.0,0.0
4704,1659094680000.0,0.0,0.0,0.0,143.4209090909091,0.0,0.0,160.35,0.9999253857184062,1.0,1188.4443289400028,1000.0,1188.4443289400028,1000.0,0.0,0.0
4705,1659098280000.0,0.0,0.0,0.0,143.4209090909091,0.0,0.0,160.0,0.9999253857184062,1.0,1188.4443289400028,1000.0,1188.4443289400028,1000.0,0.0,0.0
4706,1659101880000.0,0.0,0.0,0.0,143.4209090909091,0.0,0.0,160.35,0.9999253857184062,1.0,1188.4443289400028,1000.0,1188.4443289400028,1000.0,0.0,0.0
4707,1659105480000.0,0.0,0.0,0.0,143.4209090909091,0.0,0.0,163.55,0.9999253857184062,1.0,1188.4443289400028,1000.0,1188.4443289400028,1000.0,0.0,0.0
4708,1659109080000.0,0.0,0.0,0.0,143.4209090909091,0.0,0.0,162.9,0.9999253857184062,1.0,1188.4443289400028,1000.0,1188.4443289400028,1000.0,0.0,0.0
4709,1659112680000.0,0.0,0.0,0.0,143.4209090909091,0.0,0.0,160.35,0.9999253857184062,1.0,1188.4443289400028,1000.0,1188.4443289400028,1000.0,0.0,0.0
4710,1659116280000.0,0.0,0.0,0.0,143.4209090909091,0.0,0.0,161.05,0.9999253857184062,1.0,1188.4443289400028,1000.0,1188.4443289400028,1000.0,0.0,0.0
4711,1659119880000.0,0.0,0.0,0.0,143.4209090909091,0.0,0.0,162.35,0.9999253857184062,1.0,1188.4443289400028,1000.0,1188.4443289400028,1000.0,0.0,0.0
4712,1659123480000.0,0.0,0.0,0.0,143.4209090909091,0.0,0.0,160.55,0.9999253857184062,1.0,1188.4443289400028,1000.0,1188.4443289400028,1000.0,0.0,0.0
4713,1659127080000.0,0.0,0.0,0.0,143.4209090909091,0.0,0.0,161.65,0.9999253857184062,1.0,1188.4443289400028,1000.0,1188.4443289400028,1000.0,0.0,0.0
4714,1659130680000.0,0.0,0.0,0.0,143.4209090909091,0.0,0.0,161.05,0.9999253857184062,1.0,1188.4443289400028,1000.0,1188.4443289400028,1000.0,0.0,0.0
4715,1659134280000.0,0.0,0.0,0.0,143.4209090909091,0.0,0.0,162.4,0.9999253857184062,1.0,1188.4443289400028,1000.0,1188.4443289400028,1000.0,0.0,0.0
4716,1659137880000.0,0.0,0.0,0.0,143.4209090909091,0.0,0.0,162.0,0.9999253857184062,1.0,1188.4443289400028,1000.0,1188.4443289400028,1000.0,0.0,0.0
4717,1659141480000.0,0.0,0.0,0.0,143.4209090909091,0.0,0.0,160.25,0.9999253857184062,1.0,1188.4443289400028,1000.0,1188.4443289400028,1000.0,0.0,0.0
4718,1659145080000.0,0.0,0.0,0.0,143.4209090909091,0.0,0.0,162.05,0.9999253857184062,1.0,1188.4443289400028,1000.0,1188.4443289400028,1000.0,0.0,0.0
4719,1659148680000.0,0.0,0.0,0.0,143.4209090909091,0.0,0.0,160.8,0.9999253857184062,1.0,1188.4443289400028,1000.0,1188.4443289400028,1000.0,0.0,0.0
4720,1659152280000.0,0.0,0.0,0.0,143.4209090909091,0.0,0.0,159.5,0.9999253857184062,1.0,1188.4443289400028,1000.0,1188.4443289400028,1000.0,0.0,0.0
4721,1659155880000.0,0.0,0.0,0.0,143.4209090909091,0.0,0.0,159.1,0.9999253857184062,1.0,1188.4443289400028,1000.0,1188.4443289400028,1000.0,0.0,0.0
4722,1659159480000.0,0.0,0.0,0.0,143.4209090909091,0.0,0.0,160.3,0.9999253857184062,1.0,1188.4443289400028,1000.0,1188.4443289400028,1000.0,0.0,0.0
4723,1659163080000.0,0.0,0.0,0.0,143.4209090909091,0.0,0.0,161.5,0.9999253857184062,1.0,1188.4443289400028,1000.0,1188.4443289400028,1000.0,0.0,0.0
4724,1659166680000.0,0.0,0.0,0.0,143.4209090909091,0.0,0.0,161.95,0.9999253857184062,1.0,1188.4443289400028,1000.0,1188.4443289400028,1000.0,0.0,0.0
4725,1659170280000.0,0.0,0.0,0.0,143.4209090909091,0.0,0.0,160.5,0.9999253857184062,1.0,1188.4443289400028,1000.0,1188.4443289400028,1000.0,0.0,0.0
4726,1659173880000.0,0.0,0.0,0.0,143.4209090909091,0.0,0.0,160.55,0.9999253857184062,1.0,1188.4443289400028,1000.0,1188.4443289400028,1000.0,0.0,0.0
4727,1659177480000.0,0.0,0.0,0.0,143.4209090909091,0.0,0.0,158.2,0.9999253857184062,1.0,1188.4443289400028,1000.0,1188.4443289400028,1000.0,0.0,0.0
4728,1659181080000.0,0.0,0.0,0.0,143.4209090909091,0.0,0.0,159.2,0.9999253857184062,1.0,1188.4443289400028,1000.0,1188.4443289400028,1000.0,0.0,0.0
4729,1659184680000.0,0.0,0.0,0.0,143.4209090909091,0.0,0.0,159.75,0.9999253857184062,1.0,1188.4443289400028,1000.0,1188.4443289400028,1000.0,0.0,0.0
4730,1659188280000.0,0.0,0.0,0.0,143.4209090909091,0.0,0.0,161.8,0.9999253857184062,1.0,1188.4443289400028,1000.0,1188.4443289400028,1000.0,0.0,0.0
4731,1659191880000.0,0.0,0.0,0.0,143.4209090909091,0.0,0.0,160.65,0.9999253857184062,1.0,1188.4443289400028,1000.0,1188.4443289400028,1000.0,0.0,0.0
4732,1659195480000.0,0.0,0.0,0.0,143.4209090909091,0.0,0.0,162.95,0.9999253857184062,1.0,1188.4443289400028,1000.0,1188.4443289400028,1000.0,0.0,0.0
4733,1659199080000.0,0.0,0.0,0.0,143.4209090909091,0.0,0.0,163.1,0.9999253857184062,1.0,1188.4443289400028,1000.0,1188.4443289400028,1000.0,0.0,0.0
4734,1659202680000.0,0.0,0.0,0.0,143.4209090909091,0.0,0.0,162.2,0.9999253857184062,1.0,1188.4443289400028,1000.0,1188.4443289400028,1000.0,0.0,0.0
4735,1659206280000.0,0.0,0.0,0.0,143.4209090909091,0.0,0.0,161.95,0.9999253857184062,1.0,1188.4443289400028,1000.0,1188.4443289400028,1000.0,0.0,0.0
4736,1659209880000.0,0.0,0.0,0.0,143.4209090909091,0.0,0.0,160.85,0.9999253857184062,1.0,1188.4443289400028,1000.0,1188.4443289400028,1000.0,0.0,0.0
4737,1659213480000.0,0.0,0.0,0.0,143.4209090909091,0.0,0.0,159.0,0.9999253857184062,1.0,1188.4443289400028,1000.0,1188.4443289400028,1000.0,0.0,0.0
4738,1659217080000.0,0.0,0.0,0.0,143.4209090909091,0.0,0.0,158.45,0.9999253857184062,1.0,1188.4443289400028,1000.0,1188.4443289400028,1000.0,0.0,0.0
4739,1659220680000.0,0.0,0.0,0.0,143.4209090909091,0.0,0.0,157.15,0.9999253857184062,1.0,1188.4443289400028,1000.0,1188.4443289400028,1000.0,0.0,0.0
4740,1659224280000.0,0.0,0.0,0.31,155.14,0.0,0.0,155.4,0.9999253857184062,1.0,1188.434710260003,1000.0,1188.515310260003,1000.0,0.04046785202821805,0.0
4741,1659227880000.0,0.0,0.0,0.31,155.14,0.0,0.0,156.15,0.9999253857184062,1.0,1188.434710260003,1000.0,1188.747810260003,1000.0,0.04046785202821805,0.0
4742,1659231480000.0,0.0,0.0,0.31,155.14,0.0,0.0,156.2,0.9999253857184062,1.0,1188.434710260003,1000.0,1188.763310260003,1000.0,0.04046785202821805,0.0
4743,1659235080000.0,0.0,0.0,0.31,155.14,0.0,0.0,156.55,0.9999253857184062,1.0,1188.434710260003,1000.0,1188.871810260003,1000.0,0.04046785202821805,0.0
4744,1659238680000.0,0.0,0.0,0.31,155.14,0.0,0.0,156.7,0.9999253857184062,1.0,1188.434710260003,1000.0,1188.918310260003,1000.0,0.04046785202821805,0.0
4745,1659242280000.0,0.0,0.0,0.31,155.14,0.0,0.0,157.85,0.9999253857184062,1.0,1188.434710260003,1000.0,1189.2748102600028,1000.0,0.04046785202821805,0.0
4746,1659245880000.0,0.0,0.0,0.31,155.14,0.0,0.0,157.85,0.9999253857184062,1.0,1188.434710260003,1000.0,1189.2748102600028,1000.0,0.04046785202821805,0.0
4747,1659249480000.0,0.0,0.0,0.31,155.14,0.0,0.0,157.3,0.9999253857184062,1.0,1188.434710260003,1000.0,1189.1043102600029,1000.0,0.04046785202821805,0.0
4748,1659253080000.0,0.0,0.0,0.31,155.14,0.0,0.0,157.2,0.9999253857184062,1.0,1188.434710260003,1000.0,1189.073310260003,1000.0,0.04046785202821805,0.0
4749,1659256680000.0,0.0,0.0,0.31,155.14,0.0,0.0,155.55,0.9999253857184062,1.0,1188.434710260003,1000.0,1188.5618102600029,1000.0,0.04046785202821805,0.0
4750,1659260280000.0,0.0,0.0,0.31,155.14,0.0,0.0,155.95,0.9999253857184062,1.0,1188.434710260003,1000.0,1188.6858102600029,1000.0,0.04046785202821805,0.0
4751,1659263880000.0,0.0,0.0,0.31,155.14,0.0,0.0,155.95,0.9999253857184062,1.0,1188.434710260003,1000.0,1188.6858102600029,1000.0,0.04046785202821805,0.0
4752,1659267480000.0,0.0,0.0,0.31,155.14,0.0,0.0,156.75,0.9999253857184062,1.0,1188.434710260003,1000.0,1188.933810260003,1000.0,0.04046785202821805,0.0
4753,1659271080000.0,0.0,0.0,0.31,155.14,0.0,0.0,156.75,0.9999253857184062,1.0,1188.434710260003,1000.0,1188.933810260003,1000.0,0.04046785202821805,0.0
4754,1659274680000.0,0.0,0.0,0.31,155.14,0.0,0.0,156.75,0.9999253857184062,1.0,1188.434710260003,1000.0,1188.933810260003,1000.0,0.04046785202821805,0.0
4755,1659278280000.0,0.0,0.0,0.31,155.14,0.0,0.0,157.85,0.9999253857184062,1.0,1188.434710260003,1000.0,1189.2748102600028,1000.0,0.04046785202821805,0.0
4756,1659281880000.0,0.0,0.0,0.31,155.14,0.0,0.0,157.5,0.9999253857184062,1.0,1188.434710260003,1000.0,1189.166310260003,1000.0,0.04046785202821805,0.0
4757,1659285480000.0,0.0,0.0,0.31,155.14,0.0,0.0,158.15,0.9999253857184062,1.0,1188.434710260003,1000.0,1189.367810260003,1000.0,0.04046785202821805,0.0
4758,1659289080000.0,0.0,0.0,0.31,155.14,0.0,0.0,158.25,0.9999253857184062,1.0,1188.434710260003,1000.0,1189.3988102600028,1000.0,0.04046785202821805,0.0
4759,1659292680000.0,0.0,0.0,0.31,155.14,0.0,0.0,155.45,0.9999253857184062,1.0,1188.434710260003,1000.0,1188.530810260003,1000.0,0.04046785202821805,0.0
4760,1659296280000.0,0.0,0.0,0.31,155.14,0.0,0.0,158.05,0.9999253857184062,1.0,1188.434710260003,1000.0,1189.336810260003,1000.0,0.04046785202821805,0.0
4761,1659299880000.0,0.0,0.0,0.31,155.14,0.0,0.0,157.05,0.9999253857184062,1.0,1188.434710260003,1000.0,1189.026810260003,1000.0,0.04046785202821805,0.0
4762,1659303480000.0,0.0,0.0,0.31,155.14,0.0,0.0,156.85,0.9999253857184062,1.0,1188.434710260003,1000.0,1188.9648102600029,1000.0,0.04046785202821805,0.0
4763,1659307080000.0,0.0,0.0,0.31,155.14,0.0,0.0,154.9,0.9999253857184062,1.0,1188.434710260003,1000.0,1188.360310260003,1000.0,0.04046785202821805,0.0
4764,1659310680000.0,0.0,0.0,0.31,155.14,0.0,0.0,155.0,0.9999253857184062,1.0,1188.434710260003,1000.0,1188.391310260003,1000.0,0.04046785202821805,0.0
4765,1659314280000.0,0.0,0.0,0.31,155.14,0.0,0.0,154.9,0.9999253857184062,1.0,1188.434710260003,1000.0,1188.360310260003,1000.0,0.04046785202821805,0.0
4766,1659317880000.0,0.0,0.0,0.31,155.14,0.0,0.0,155.25,0.9999253857184062,1.0,1188.434710260003,1000.0,1188.468810260003,1000.0,0.04046785202821805,0.0
4767,1659321480000.0,0.0,0.0,0.31,155.14,0.0,0.0,155.2,0.9999253857184062,1.0,1188.434710260003,1000.0,1188.453310260003,1000.0,0.04046785202821805,0.0
4768,1659325080000.0,0.0,0.0,0.31,155.14,0.0,0.0,155.2,0.9999253857184062,1.0,1188.434710260003,1000.0,1188.453310260003,1000.0,0.04046785202821805,0.0
4769,1659328680000.0,0.0,0.0,0.31,155.14,0.0,0.0,155.9,0.9999253857184062,1.0,1188.434710260003,1000.0,1188.670310260003,1000.0,0.04046785202821805,0.0
4770,1659332280000.0,0.0,0.0,0.31,155.14,0.0,0.0,155.15,0.9999253857184062,1.0,1188.434710260003,1000.0,1188.4378102600028,1000.0,0.04046785202821805,0.0
4771,1659335880000.0,0.0,0.0,0.31,155.14,0.0,0.0,154.35,0.9999253857184062,1.0,1188.434710260003,1000.0,1188.189810260003,1000.0,0.04046785202821805,0.0
4772,1659339480000.0,0.0,0.0,0.31,155.14,0.0,0.0,153.65,0.9999253857184062,1.0,1188.434710260003,1000.0,1187.972810260003,1000.0,0.04046785202821805,0.0
4773,1659343080000.0,0.0,0.0,0.31,155.14,0.0,0.0,154.9,0.9999253857184062,1.0,1188.434710260003,1000.0,1188.360310260003,1000.0,0.04046785202821805,0.0
4774,1659346680000.0,0.0,0.0,0.31,155.14,0.0,0.0,155.8,0.9999253857184062,1.0,1188.434710260003,1000.0,1188.639310260003,1000.0,0.04046785202821805,0.0
4775,1659350280000.0,0.0,0.0,0.31,155.14,0.0,0.0,154.2,0.9999253857184062,1.0,1188.434710260003,1000.0,1188.1433102600029,1000.0,0.04046785202821805,0.0
4776,1659353880000.0,0.0,0.0,0.31,155.14,0.0,0.0,153.75,0.9999253857184062,1.0,1188.434710260003,1000.0,1188.0038102600029,1000.0,0.04046785202821805,0.0
4777,1659357480000.0,0.0,0.0,0.31,155.14,0.0,0.0,155.5,0.9999253857184062,1.0,1188.434710260003,1000.0,1188.5463102600029,1000.0,0.04046785202821805,0.0
4778,1659361080000.0,0.0,0.0,0.31,155.14,0.0,0.0,154.65,0.9999253857184062,1.0,1188.434710260003,1000.0,1188.2828102600029,1000.0,0.04046785202821805,0.0
4779,1659364680000.0,0.0,0.0,0.31,155.14,0.0,0.0,157.65,0.9999253857184062,1.0,1188.434710260003,1000.0,1189.212810260003,1000.0,0.04046785202821805,0.0
4780,1659368280000.0,0.0,0.0,0.31,155.14,0.0,0.0,157.45,0.9999253857184062,1.0,1188.434710260003,1000.0,1189.150810260003,1000.0,0.04046785202821805,0.0
4781,1659371880000.0,0.0,0.0,0.31,155.14,0.0,0.0,158.25,0.9999253857184062,1.0,1188.434710260003,1000.0,1189.3988102600028,1000.0,0.04046785202821805,0.0
4782,1659375480000.0,0.0,0.0,0.31,155.14,0.0,0.0,156.3,0.9999253857184062,1.0,1188.434710260003,1000.0,1188.794310260003,1000.0,0.04046785202821805,0.0
4783,1659379080000.0,0.0,0.0,0.31,155.14,0.0,0.0,156.6,0.9999253857184062,1.0,1188.434710260003,1000.0,1188.887310260003,1000.0,0.04046785202821805,0.0
4784,1659382680000.0,0.0,0.0,0.31,155.14,0.0,0.0,157.0,0.9999253857184062,1.0,1188.434710260003,1000.0,1189.011310260003,1000.0,0.04046785202821805,0.0
4785,1659386280000.0,0.0,0.0,0.31,155.14,0.0,0.0,158.0,0.9999253857184062,1.0,1188.434710260003,1000.0,1189.321310260003,1000.0,0.04046785202821805,0.0
4786,1659389880000.0,0.0,0.0,0.31,155.14,0.0,0.0,157.55,0.9999253857184062,1.0,1188.434710260003,1000.0,1189.181810260003,1000.0,0.04046785202821805,0.0
4787,1659393480000.0,0.0,0.0,0.31,155.14,0.0,0.0,158.8,0.9999253857184062,1.0,1188.434710260003,1000.0,1189.569310260003,1000.0,0.04046785202821805,0.0
4788,1659397080000.0,0.0,0.0,0.21,155.14,0.0,0.0,161.25,0.9999253857184062,1.0,1188.897514260003,1000.0,1190.180614260003,1000.0,0.027403034836251765,0.0
4789,1659400680000.0,0.0,0.0,0.21,155.14,0.0,0.0,160.25,0.9999253857184062,1.0,1188.897514260003,1000.0,1189.970614260003,1000.0,0.027403034836251765,0.0
4790,1659404280000.0,0.0,0.0,0.04,155.14,0.0,0.0,159.15,0.9999253857184062,1.0,1189.6842810600026,1000.0,1189.8446810600026,1000.0,0.005216173819217685,0.0
4791,1659407880000.0,0.0,0.0,0.04,155.14,0.0,0.0,157.95,0.9999253857184062,1.0,1189.6842810600026,1000.0,1189.7966810600026,1000.0,0.005216173819217685,0.0
4792,1659411480000.0,0.0,0.0,0.04,155.14,0.0,0.0,156.95,0.9999253857184062,1.0,1189.6842810600026,1000.0,1189.7566810600026,1000.0,0.005216173819217685,0.0
4793,1659415080000.0,0.0,0.0,0.04,155.14,0.0,0.0,157.05,0.9999253857184062,1.0,1189.6842810600026,1000.0,1189.7606810600025,1000.0,0.005216173819217685,0.0
4794,1659418680000.0,0.0,0.0,0.04,155.14,0.0,0.0,156.6,0.9999253857184062,1.0,1189.6842810600026,1000.0,1189.7426810600025,1000.0,0.005216173819217685,0.0
4795,1659422280000.0,0.0,0.0,0.04,155.14,0.0,0.0,158.15,0.9999253857184062,1.0,1189.6842810600026,1000.0,1189.8046810600026,1000.0,0.005216173819217685,0.0
4796,1659425880000.0,0.0,0.0,0.04,155.14,0.0,0.0,158.55,0.9999253857184062,1.0,1189.6842810600026,1000.0,1189.8206810600027,1000.0,0.005216173819217685,0.0
4797,1659429480000.0,0.0,0.0,0.03,155.14,0.0,0.0,158.65,0.9999253857184062,1.0,1189.7305614600025,1000.0,1189.8358614600024,1000.0,0.003911978182932867,0.0
4798,1659433080000.0,0.0,0.0,0.03,155.14,0.0,0.0,157.35,0.9999253857184062,1.0,1189.7305614600025,1000.0,1189.7968614600024,1000.0,0.003911978182932867,0.0
4799,1659436680000.0,0.0,0.0,0.03,155.14,0.0,0.0,155.35,0.9999253857184062,1.0,1189.7305614600025,1000.0,1189.7368614600025,1000.0,0.003911978182932867,0.0
4800,1659440280000.0,0.0,0.0,0.03,155.14,0.0,0.0,155.4,0.9999253857184062,1.0,1189.7305614600025,1000.0,1189.7383614600026,1000.0,0.003911978182932867,0.0
4801,1659443880000.0,0.0,0.0,0.03,155.14,0.0,0.0,155.85,0.9999253857184062,1.0,1189.7305614600025,1000.0,1189.7518614600026,1000.0,0.003911978182932867,0.0
4802,1659447480000.0,0.0,0.0,0.03,155.14,0.0,0.0,156.3,0.9999253857184062,1.0,1189.7305614600025,1000.0,1189.7653614600024,1000.0,0.003911978182932867,0.0
4803,1659451080000.0,0.0,0.0,0.03,155.14,0.0,0.0,156.65,0.9999253857184062,1.0,1189.7305614600025,1000.0,1189.7758614600025,1000.0,0.003911978182932867,0.0
4804,1659454680000.0,0.0,0.0,0.03,155.14,0.0,0.0,158.5,0.9999253857184062,1.0,1189.7305614600025,1000.0,1189.8313614600024,1000.0,0.003911978182932867,0.0
4805,1659458280000.0,0.0,0.0,0.03,155.14,0.0,0.0,158.85,0.9999253857184062,1.0,1189.7305614600025,1000.0,1189.8418614600025,1000.0,0.003911978182932867,0.0
4806,1659461880000.0,0.0,0.0,0.01,155.14,0.0,0.0,158.4,0.9999253857184062,1.0,1189.8231222600023,1000.0,1189.8557222600023,1000.0,0.0013038912851627918,0.0
4807,1659465480000.0,0.0,0.0,0.01,155.14,0.0,0.0,158.0,0.9999253857184062,1.0,1189.8231222600023,1000.0,1189.8517222600024,1000.0,0.0013038912851627918,0.0
4808,1659469080000.0,0.0,0.0,0.01,155.14,0.0,0.0,158.15,0.9999253857184062,1.0,1189.8231222600023,1000.0,1189.8532222600022,1000.0,0.0013038912851627918,0.0
4809,1659472680000.0,0.0,0.0,0.01,155.14,0.0,0.0,157.85,0.9999253857184062,1.0,1189.8231222600023,1000.0,1189.8502222600023,1000.0,0.0013038912851627918,0.0
4810,1659476280000.0,0.0,0.0,0.01,155.14,0.0,0.0,157.5,0.9999253857184062,1.0,1189.8231222600023,1000.0,1189.8467222600023,1000.0,0.0013038912851627918,0.0
4811,1659479880000.0,0.0,0.0,0.01,155.14,0.0,0.0,157.95,0.9999253857184062,1.0,1189.8231222600023,1000.0,1189.8512222600023,1000.0,0.0013038912851627918,0.0
4812,1659483480000.0,0.0,0.0,0.01,155.14,0.0,0.0,157.85,0.9999253857184062,1.0,1189.8231222600023,1000.0,1189.8502222600023,1000.0,0.0013038912851627918,0.0
4813,1659487080000.0,0.0,0.0,0.01,155.14,0.0,0.0,155.85,0.9999253857184062,1.0,1189.8231222600023,1000.0,1189.8302222600023,1000.0,0.0013038912851627918,0.0
4814,1659490680000.0,0.0,0.0,0.01,155.14,0.0,0.0,156.15,0.9999253857184062,1.0,1189.8231222600023,1000.0,1189.8332222600022,1000.0,0.0013038912851627918,0.0
4815,1659494280000.0,0.0,0.0,0.0,155.14,0.0,0.0,159.65,0.9999253857184062,1.0,1189.8694026600022,1000.0,1189.8694026600022,1000.0,0.0,0.0
4816,1659497880000.0,0.0,0.0,0.0,155.14,0.0,0.0,161.45,0.9999253857184062,1.0,1189.8694026600022,1000.0,1189.8694026600022,1000.0,0.0,0.0
4817,1659501480000.0,0.0,0.0,0.0,155.14,0.0,0.0,161.4,0.9999253857184062,1.0,1189.8694026600022,1000.0,1189.8694026600022,1000.0,0.0,0.0
4818,1659505080000.0,0.0,0.0,0.0,155.14,0.0,0.0,162.15,0.9999253857184062,1.0,1189.8694026600022,1000.0,1189.8694026600022,1000.0,0.0,0.0
4819,1659508680000.0,0.0,0.0,0.0,155.14,0.0,0.0,163.15,0.9999253857184062,1.0,1189.8694026600022,1000.0,1189.8694026600022,1000.0,0.0,0.0
4820,1659512280000.0,0.0,0.0,0.0,155.14,0.0,0.0,161.4,0.9999253857184062,1.0,1189.8694026600022,1000.0,1189.8694026600022,1000.0,0.0,0.0
4821,1659515880000.0,0.0,0.0,0.0,155.14,0.0,0.0,160.95,0.9999253857184062,1.0,1189.8694026600022,1000.0,1189.8694026600022,1000.0,0.0,0.0
4822,1659519480000.0,0.0,0.0,0.0,155.14,0.0,0.0,159.15,0.9999253857184062,1.0,1189.8694026600022,1000.0,1189.8694026600022,1000.0,0.0,0.0
4823,1659523080000.0,0.0,0.0,0.0,155.14,0.0,0.0,159.6,0.9999253857184062,1.0,1189.8694026600022,1000.0,1189.8694026600022,1000.0,0.0,0.0
4824,1659526680000.0,0.0,0.0,0.0,155.14,0.0,0.0,159.7,0.9999253857184062,1.0,1189.8694026600022,1000.0,1189.8694026600022,1000.0,0.0,0.0
4825,1659530280000.0,0.0,0.0,0.0,155.14,0.0,0.0,158.65,0.9999253857184062,1.0,1189.8694026600022,1000.0,1189.8694026600022,1000.0,0.0,0.0
4826,1659533880000.0,0.0,0.0,0.0,155.14,0.0,0.0,158.75,0.9999253857184062,1.0,1189.8694026600022,1000.0,1189.8694026600022,1000.0,0.0,0.0
4827,1659537480000.0,0.0,0.0,0.0,155.14,0.0,0.0,157.95,0.9999253857184062,1.0,1189.8694026600022,1000.0,1189.8694026600022,1000.0,0.0,0.0
4828,1659541080000.0,0.0,0.0,0.0,155.14,0.0,0.0,158.5,0.9999253857184062,1.0,1189.8694026600022,1000.0,1189.8694026600022,1000.0,0.0,0.0
4829,1659544680000.0,0.0,0.0,0.0,155.14,0.0,0.0,158.45,0.9999253857184062,1.0,1189.8694026600022,1000.0,1189.8694026600022,1000.0,0.0,0.0
4830,1659548280000.0,0.0,0.0,0.0,155.14,0.0,0.0,158.65,0.9999253857184062,1.0,1189.8694026600022,1000.0,1189.8694026600022,1000.0,0.0,0.0
4831,1659551880000.0,0.0,0.0,0.0,155.14,0.0,0.0,158.7,0.9999253857184062,1.0,1189.8694026600022,1000.0,1189.8694026600022,1000.0,0.0,0.0
4832,1659555480000.0,0.0,0.0,0.0,155.14,0.0,0.0,158.25,0.9999253857184062,1.0,1189.8694026600022,1000.0,1189.8694026600022,1000.0,0.0,0.0
4833,1659559080000.0,0.0,0.0,0.0,155.14,0.0,0.0,157.6,0.9999253857184062,1.0,1189.8694026600022,1000.0,1189.8694026600022,1000.0,0.0,0.0
4834,1659562680000.0,0.0,0.0,0.0,155.14,0.0,0.0,157.9,0.9999253857184062,1.0,1189.8694026600022,1000.0,1189.8694026600022,1000.0,0.0,0.0
4835,1659566280000.0,0.0,0.0,0.0,155.14,0.0,0.0,156.05,0.9999253857184062,1.0,1189.8694026600022,1000.0,1189.8694026600022,1000.0,0.0,0.0
4836,1659569880000.0,0.0,0.0,0.0,155.14,0.0,0.0,155.7,0.9999253857184062,1.0,1189.8694026600022,1000.0,1189.8694026600022,1000.0,0.0,0.0
4837,1659573480000.0,0.0,0.0,0.0,155.14,0.0,0.0,156.45,0.9999253857184062,1.0,1189.8694026600022,1000.0,1189.8694026600022,1000.0,0.0,0.0
4838,1659577080000.0,0.0,0.0,0.0,155.14,0.0,0.0,157.85,0.9999253857184062,1.0,1189.8694026600022,1000.0,1189.8694026600022,1000.0,0.0,0.0
4839,1659580680000.0,0.0,0.0,0.0,155.14,0.0,0.0,158.8,0.9999253857184062,1.0,1189.8694026600022,1000.0,1189.8694026600022,1000.0,0.0,0.0
4840,1659584280000.0,0.0,0.0,0.0,155.14,0.0,0.0,159.05,0.9999253857184062,1.0,1189.8694026600022,1000.0,1189.8694026600022,1000.0,0.0,0.0
4841,1659587880000.0,0.0,0.0,0.0,155.14,0.0,0.0,159.8,0.9999253857184062,1.0,1189.8694026600022,1000.0,1189.8694026600022,1000.0,0.0,0.0
4842,1659591480000.0,0.0,0.0,0.0,155.14,0.0,0.0,161.35,0.9999253857184062,1.0,1189.8694026600022,1000.0,1189.8694026600022,1000.0,0.0,0.0
4843,1659595080000.0,0.0,0.0,0.0,155.14,0.0,0.0,161.0,0.9999253857184062,1.0,1189.8694026600022,1000.0,1189.8694026600022,1000.0,0.0,0.0
4844,1659598680000.0,0.0,0.0,0.0,155.14,0.0,0.0,162.55,0.9999253857184062,1.0,1189.8694026600022,1000.0,1189.8694026600022,1000.0,0.0,0.0
4845,1659602280000.0,0.0,0.0,0.0,155.14,0.0,0.0,160.75,0.9999253857184062,1.0,1189.8694026600022,1000.0,1189.8694026600022,1000.0,0.0,0.0
4846,1659605880000.0,0.0,0.0,0.0,155.14,0.0,0.0,160.85,0.9999253857184062,1.0,1189.8694026600022,1000.0,1189.8694026600022,1000.0,0.0,0.0
4847,1659609480000.0,0.0,0.0,0.0,155.14,0.0,0.0,160.95,0.9999253857184062,1.0,1189.8694026600022,1000.0,1189.8694026600022,1000.0,0.0,0.0
4848,1659613080000.0,0.0,0.0,0.0,155.14,0.0,0.0,160.4,0.9999253857184062,1.0,1189.8694026600022,1000.0,1189.8694026600022,1000.0,0.0,0.0
4849,1659616680000.0,0.0,0.0,0.0,155.14,0.0,0.0,158.35,0.9999253857184062,1.0,1189.8694026600022,1000.0,1189.8694026600022,1000.0,0.0,0.0
4850,1659620280000.0,0.0,0.0,0.0,155.14,0.0,0.0,158.35,0.9999253857184062,1.0,1189.8694026600022,1000.0,1189.8694026600022,1000.0,0.0,0.0
4851,1659623880000.0,0.0,0.0,0.0,155.14,0.0,0.0,157.6,0.9999253857184062,1.0,1189.8694026600022,1000.0,1189.8694026600022,1000.0,0.0,0.0
4852,1659627480000.0,0.0,0.0,0.0,155.14,0.0,0.0,157.3,0.9999253857184062,1.0,1189.8694026600022,1000.0,1189.8694026600022,1000.0,0.0,0.0
4853,1659631080000.0,0.0,0.0,0.0,155.14,0.0,0.0,157.65,0.9999253857184062,1.0,1189.8694026600022,1000.0,1189.8694026600022,1000.0,0.0,0.0
4854,1659634680000.0,0.0,0.0,0.0,155.14,0.0,0.0,157.3,0.9999253857184062,1.0,1189.8694026600022,1000.0,1189.8694026600022,1000.0,0.0,0.0
4855,1659638280000.0,0.0,0.0,0.0,155.14,0.0,0.0,158.55,0.9999253857184062,1.0,1189.8694026600022,1000.0,1189.8694026600022,1000.0,0.0,0.0
4856,1659641880000.0,0.0,0.0,0.0,155.14,0.0,0.0,157.3,0.9999253857184062,1.0,1189.8694026600022,1000.0,1189.8694026600022,1000.0,0.0,0.0
4857,1659645480000.0,0.0,0.0,0.0,155.14,0.0,0.0,157.7,0.9999253857184062,1.0,1189.8694026600022,1000.0,1189.8694026600022,1000.0,0.0,0.0
4858,1659649080000.0,0.0,0.0,0.0,155.14,0.0,0.0,157.2,0.9999253857184062,1.0,1189.8694026600022,1000.0,1189.8694026600022,1000.0,0.0,0.0
4859,1659652680000.0,0.0,0.0,0.0,155.14,0.0,0.0,157.35,0.9999253857184062,1.0,1189.8694026600022,1000.0,1189.8694026600022,1000.0,0.0,0.0
4860,1659656280000.0,0.0,0.0,0.0,155.14,0.0,0.0,158.45,0.9999253857184062,1.0,1189.8694026600022,1000.0,1189.8694026600022,1000.0,0.0,0.0
4861,1659659880000.0,0.0,0.0,0.0,155.14,0.0,0.0,159.15,0.9999253857184062,1.0,1189.8694026600022,1000.0,1189.8694026600022,1000.0,0.0,0.0
4862,1659663480000.0,0.0,0.0,0.0,155.14,0.0,0.0,159.2,0.9999253857184062,1.0,1189.8694026600022,1000.0,1189.8694026600022,1000.0,0.0,0.0
4863,1659667080000.0,0.0,0.0,0.0,155.14,0.0,0.0,160.85,0.9999253857184062,1.0,1189.8694026600022,1000.0,1189.8694026600022,1000.0,0.0,0.0
4864,1659670680000.0,0.0,0.0,0.0,155.14,0.0,0.0,160.6,0.9999253857184062,1.0,1189.8694026600022,1000.0,1189.8694026600022,1000.0,0.0,0.0
4865,1659674280000.0,0.0,0.0,0.0,155.14,0.0,0.0,160.55,0.9999253857184062,1.0,1189.8694026600022,1000.0,1189.8694026600022,1000.0,0.0,0.0
4866,1659677880000.0,0.0,0.0,0.0,155.14,0.0,0.0,160.1,0.9999253857184062,1.0,1189.8694026600022,1000.0,1189.8694026600022,1000.0,0.0,0.0
4867,1659681480000.0,0.0,0.0,0.0,155.14,0.0,0.0,160.95,0.9999253857184062,1.0,1189.8694026600022,1000.0,1189.8694026600022,1000.0,0.0,0.0
4868,1659685080000.0,0.0,0.0,0.0,155.14,0.0,0.0,160.0,0.9999253857184062,1.0,1189.8694026600022,1000.0,1189.8694026600022,1000.0,0.0,0.0
4869,1659688680000.0,0.0,0.0,0.0,155.14,0.0,0.0,159.6,0.9999253857184062,1.0,1189.8694026600022,1000.0,1189.8694026600022,1000.0,0.0,0.0
4870,1659692280000.0,0.0,0.0,0.0,155.14,0.0,0.0,159.3,0.9999253857184062,1.0,1189.8694026600022,1000.0,1189.8694026600022,1000.0,0.0,0.0
4871,1659695880000.0,0.0,0.0,0.0,155.14,0.0,0.0,160.2,0.9999253857184062,1.0,1189.8694026600022,1000.0,1189.8694026600022,1000.0,0.0,0.0
4872,1659699480000.0,0.0,0.0,0.0,155.14,0.0,0.0,159.9,0.9999253857184062,1.0,1189.8694026600022,1000.0,1189.8694026600022,1000.0,0.0,0.0
4873,1659703080000.0,0.0,0.0,0.0,155.14,0.0,0.0,158.85,0.9999253857184062,1.0,1189.8694026600022,1000.0,1189.8694026600022,1000.0,0.0,0.0
4874,1659706680000.0,0.0,0.0,0.0,155.14,0.0,0.0,158.1,0.9999253857184062,1.0,1189.8694026600022,1000.0,1189.8694026600022,1000.0,0.0,0.0
4875,1659710280000.0,0.0,0.0,0.0,155.14,0.0,0.0,159.2,0.9999253857184062,1.0,1189.8694026600022,1000.0,1189.8694026600022,1000.0,0.0,0.0
4876,1659713880000.0,0.0,0.0,0.0,155.14,0.0,0.0,158.7,0.9999253857184062,1.0,1189.8694026600022,1000.0,1189.8694026600022,1000.0,0.0,0.0
4877,1659717480000.0,0.0,0.0,0.0,155.14,0.0,0.0,158.15,0.9999253857184062,1.0,1189.8694026600022,1000.0,1189.8694026600022,1000.0,0.0,0.0
4878,1659721080000.0,0.0,0.0,0.0,155.14,0.0,0.0,158.5,0.9999253857184062,1.0,1189.8694026600022,1000.0,1189.8694026600022,1000.0,0.0,0.0
4879,1659724680000.0,0.0,0.0,0.0,155.14,0.0,0.0,158.45,0.9999253857184062,1.0,1189.8694026600022,1000.0,1189.8694026600022,1000.0,0.0,0.0
4880,1659728280000.0,0.0,0.0,0.0,155.14,0.0,0.0,159.1,0.9999253857184062,1.0,1189.8694026600022,1000.0,1189.8694026600022,1000.0,0.0,0.0
4881,1659731880000.0,0.0,0.0,0.0,155.14,0.0,0.0,159.35,0.9999253857184062,1.0,1189.8694026600022,1000.0,1189.8694026600022,1000.0,0.0,0.0
4882,1659735480000.0,0.0,0.0,0.0,155.14,0.0,0.0,160.6,0.9999253857184062,1.0,1189.8694026600022,1000.0,1189.8694026600022,1000.0,0.0,0.0
4883,1659739080000.0,0.0,0.0,0.0,155.14,0.0,0.0,160.9,0.9999253857184062,1.0,1189.8694026600022,1000.0,1189.8694026600022,1000.0,0.0,0.0
4884,1659742680000.0,0.0,0.0,0.0,155.14,0.0,0.0,161.35,0.9999253857184062,1.0,1189.8694026600022,1000.0,1189.8694026600022,1000.0,0.0,0.0
4885,1659746280000.0,0.0,0.0,0.0,155.14,0.0,0.0,161.25,0.9999253857184062,1.0,1189.8694026600022,1000.0,1189.8694026600022,1000.0,0.0,0.0
4886,1659749880000.0,0.0,0.0,0.0,155.14,0.0,0.0,160.8,0.9999253857184062,1.0,1189.8694026600022,1000.0,1189.8694026600022,1000.0,0.0,0.0
4887,1659753480000.0,0.0,0.0,0.0,155.14,0.0,0.0,161.4,0.9999253857184062,1.0,1189.8694026600022,1000.0,1189.8694026600022,1000.0,0.0,0.0
4888,1659757080000.0,0.0,0.0,0.0,155.14,0.0,0.0,161.55,0.9999253857184062,1.0,1189.8694026600022,1000.0,1189.8694026600022,1000.0,0.0,0.0
4889,1659760680000.0,0.0,0.0,0.0,155.14,0.0,0.0,160.5,0.9999253857184062,1.0,1189.8694026600022,1000.0,1189.8694026600022,1000.0,0.0,0.0
4890,1659764280000.0,0.0,0.0,0.0,155.14,0.0,0.0,160.6,0.9999253857184062,1.0,1189.8694026600022,1000.0,1189.8694026600022,1000.0,0.0,0.0
4891,1659767880000.0,0.0,0.0,0.0,155.14,0.0,0.0,160.4,0.9999253857184062,1.0,1189.8694026600022,1000.0,1189.8694026600022,1000.0,0.0,0.0
4892,1659771480000.0,0.0,0.0,0.0,155.14,0.0,0.0,160.55,0.9999253857184062,1.0,1189.8694026600022,1000.0,1189.8694026600022,1000.0,0.0,0.0
4893,1659775080000.0,0.0,0.0,0.0,155.14,0.0,0.0,160.95,0.9999253857184062,1.0,1189.8694026600022,1000.0,1189.8694026600022,1000.0,0.0,0.0
4894,1659778680000.0,0.0,0.0,0.0,155.14,0.0,0.0,161.2,0.9999253857184062,1.0,1189.8694026600022,1000.0,1189.8694026600022,1000.0,0.0,0.0
4895,1659782280000.0,0.0,0.0,0.0,155.14,0.0,0.0,162.85,0.9999253857184062,1.0,1189.8694026600022,1000.0,1189.8694026600022,1000.0,0.0,0.0
4896,1659785880000.0,0.0,0.0,0.0,155.14,0.0,0.0,163.25,0.9999253857184062,1.0,1189.8694026600022,1000.0,1189.8694026600022,1000.0,0.0,0.0
4897,1659789480000.0,0.0,0.0,0.0,155.14,0.0,0.0,164.75,0.9999253857184062,1.0,1189.8694026600022,1000.0,1189.8694026600022,1000.0,0.0,0.0
4898,1659793080000.0,0.0,0.0,0.0,155.14,0.0,0.0,163.15,0.9999253857184062,1.0,1189.8694026600022,1000.0,1189.8694026600022,1000.0,0.0,0.0
4899,1659796680000.0,0.0,0.0,0.0,155.14,0.0,0.0,163.4,0.9999253857184062,1.0,1189.8694026600022,1000.0,1189.8694026600022,1000.0,0.0,0.0
4900,1659800280000.0,0.0,0.0,0.0,155.14,0.0,0.0,162.55,0.9999253857184062,1.0,1189.8694026600022,1000.0,1189.8694026600022,1000.0,0.0,0.0
4901,1659803880000.0,0.0,0.0,0.0,155.14,0.0,0.0,162.85,0.9999253857184062,1.0,1189.8694026600022,1000.0,1189.8694026600022,1000.0,0.0,0.0
4902,1659807480000.0,0.0,0.0,0.0,155.14,0.0,0.0,163.1,0.9999253857184062,1.0,1189.8694026600022,1000.0,1189.8694026600022,1000.0,0.0,0.0
4903,1659811080000.0,0.0,0.0,0.0,155.14,0.0,0.0,162.05,0.9999253857184062,1.0,1189.8694026600022,1000.0,1189.8694026600022,1000.0,0.0,0.0
4904,1659814680000.0,0.0,0.0,0.0,155.14,0.0,0.0,161.6,0.9999253857184062,1.0,1189.8694026600022,1000.0,1189.8694026600022,1000.0,0.0,0.0
4905,1659818280000.0,0.0,0.0,0.0,155.14,0.0,0.0,161.2,0.9999253857184062,1.0,1189.8694026600022,1000.0,1189.8694026600022,1000.0,0.0,0.0
4906,1659821880000.0,0.0,0.0,0.0,155.14,0.0,0.0,162.15,0.9999253857184062,1.0,1189.8694026600022,1000.0,1189.8694026600022,1000.0,0.0,0.0
4907,1659825480000.0,0.0,0.0,0.0,155.14,0.0,0.0,161.1,0.9999253857184062,1.0,1189.8694026600022,1000.0,1189.8694026600022,1000.0,0.0,0.0
4908,1659829080000.0,0.0,0.0,0.0,155.14,0.0,0.0,160.95,0.9999253857184062,1.0,1189.8694026600022,1000.0,1189.8694026600022,1000.0,0.0,0.0
4909,1659832680000.0,0.0,0.0,0.0,155.14,0.0,0.0,160.75,0.9999253857184062,1.0,1189.8694026600022,1000.0,1189.8694026600022,1000.0,0.0,0.0
4910,1659836280000.0,0.0,0.0,0.0,155.14,0.0,0.0,159.9,0.9999253857184062,1.0,1189.8694026600022,1000.0,1189.8694026600022,1000.0,0.0,0.0
4911,1659839880000.0,0.0,0.0,0.0,155.14,0.0,0.0,160.1,0.9999253857184062,1.0,1189.8694026600022,1000.0,1189.8694026600022,1000.0,0.0,0.0
4912,1659843480000.0,0.0,0.0,0.0,155.14,0.0,0.0,159.65,0.9999253857184062,1.0,1189.8694026600022,1000.0,1189.8694026600022,1000.0,0.0,0.0
4913,1659847080000.0,0.0,0.0,0.0,155.14,0.0,0.0,160.2,0.9999253857184062,1.0,1189.8694026600022,1000.0,1189.8694026600022,1000.0,0.0,0.0
4914,1659850680000.0,0.0,0.0,0.0,155.14,0.0,0.0,160.25,0.9999253857184062,1.0,1189.8694026600022,1000.0,1189.8694026600022,1000.0,0.0,0.0
4915,1659854280000.0,0.0,0.0,0.0,155.14,0.0,0.0,160.65,0.9999253857184062,1.0,1189.8694026600022,1000.0,1189.8694026600022,1000.0,0.0,0.0
4916,1659857880000.0,0.0,0.0,0.0,155.14,0.0,0.0,161.2,0.9999253857184062,1.0,1189.8694026600022,1000.0,1189.8694026600022,1000.0,0.0,0.0
4917,1659861480000.0,0.0,0.0,0.0,155.14,0.0,0.0,161.8,0.9999253857184062,1.0,1189.8694026600022,1000.0,1189.8694026600022,1000.0,0.0,0.0
4918,1659865080000.0,0.0,0.0,0.0,155.14,0.0,0.0,163.95,0.9999253857184062,1.0,1189.8694026600022,1000.0,1189.8694026600022,1000.0,0.0,0.0
4919,1659868680000.0,0.0,0.0,0.0,155.14,0.0,0.0,168.75,0.9999253857184062,1.0,1189.8694026600022,1000.0,1189.8694026600022,1000.0,0.0,0.0
4920,1659872280000.0,0.0,0.0,0.0,155.14,0.0,0.0,168.85,0.9999253857184062,1.0,1189.8694026600022,1000.0,1189.8694026600022,1000.0,0.0,0.0
4921,1659875880000.0,0.0,0.0,0.0,155.14,0.0,0.0,169.25,0.9999253857184062,1.0,1189.8694026600022,1000.0,1189.8694026600022,1000.0,0.0,0.0
4922,1659879480000.0,0.0,0.0,0.0,155.14,0.0,0.0,168.9,0.9999253857184062,1.0,1189.8694026600022,1000.0,1189.8694026600022,1000.0,0.0,0.0
4923,1659883080000.0,0.0,0.0,0.0,155.14,0.0,0.0,168.95,0.9999253857184062,1.0,1189.8694026600022,1000.0,1189.8694026600022,1000.0,0.0,0.0
4924,1659886680000.0,0.0,0.0,0.0,155.14,0.0,0.0,169.15,0.9999253857184062,1.0,1189.8694026600022,1000.0,1189.8694026600022,1000.0,0.0,0.0
4925,1659890280000.0,0.0,0.0,0.0,155.14,0.0,0.0,168.05,0.9999253857184062,1.0,1189.8694026600022,1000.0,1189.8694026600022,1000.0,0.0,0.0
4926,1659893880000.0,0.0,0.0,0.0,155.14,0.0,0.0,168.25,0.9999253857184062,1.0,1189.8694026600022,1000.0,1189.8694026600022,1000.0,0.0,0.0
4927,1659897480000.0,0.0,0.0,0.0,155.14,0.0,0.0,168.65,0.9999253857184062,1.0,1189.8694026600022,1000.0,1189.8694026600022,1000.0,0.0,0.0
4928,1659901080000.0,0.0,0.0,0.0,155.14,0.0,0.0,167.95,0.9999253857184062,1.0,1189.8694026600022,1000.0,1189.8694026600022,1000.0,0.0,0.0
4929,1659904680000.0,0.0,0.0,0.0,155.14,0.0,0.0,168.65,0.9999253857184062,1.0,1189.8694026600022,1000.0,1189.8694026600022,1000.0,0.0,0.0
4930,1659908280000.0,0.0,0.0,0.0,155.14,0.0,0.0,167.45,0.9999253857184062,1.0,1189.8694026600022,1000.0,1189.8694026600022,1000.0,0.0,0.0
4931,1659911880000.0,0.0,0.0,0.0,155.14,0.0,0.0,166.75,0.9999253857184062,1.0,1189.8694026600022,1000.0,1189.8694026600022,1000.0,0.0,0.0
4932,1659915480000.0,0.0,0.0,0.0,155.14,0.0,0.0,165.35,0.9999253857184062,1.0,1189.8694026600022,1000.0,1189.8694026600022,1000.0,0.0,0.0
4933,1659919080000.0,0.0,0.0,0.0,155.14,0.0,0.0,164.55,0.9999253857184062,1.0,1189.8694026600022,1000.0,1189.8694026600022,1000.0,0.0,0.0
4934,1659922680000.0,0.0,0.0,0.0,155.14,0.0,0.0,162.8,0.9999253857184062,1.0,1189.8694026600022,1000.0,1189.8694026600022,1000.0,0.0,0.0
4935,1659926280000.0,0.0,0.0,0.0,155.14,0.0,0.0,163.6,0.9999253857184062,1.0,1189.8694026600022,1000.0,1189.8694026600022,1000.0,0.0,0.0
4936,1659929880000.0,0.0,0.0,0.0,155.14,0.0,0.0,164.5,0.9999253857184062,1.0,1189.8694026600022,1000.0,1189.8694026600022,1000.0,0.0,0.0
4937,1659933480000.0,0.0,0.0,0.0,155.14,0.0,0.0,164.2,0.9999253857184062,1.0,1189.8694026600022,1000.0,1189.8694026600022,1000.0,0.0,0.0
4938,1659937080000.0,0.0,0.0,0.0,155.14,0.0,0.0,164.75,0.9999253857184062,1.0,1189.8694026600022,1000.0,1189.8694026600022,1000.0,0.0,0.0
4939,1659940680000.0,0.0,0.0,0.0,155.14,0.0,0.0,166.05,0.9999253857184062,1.0,1189.8694026600022,1000.0,1189.8694026600022,1000.0,0.0,0.0
4940,1659944280000.0,0.0,0.0,0.0,155.14,0.0,0.0,165.85,0.9999253857184062,1.0,1189.8694026600022,1000.0,1189.8694026600022,1000.0,0.0,0.0
4941,1659947880000.0,0.0,0.0,0.0,155.14,0.0,0.0,166.9,0.9999253857184062,1.0,1189.8694026600022,1000.0,1189.8694026600022,1000.0,0.0,0.0
4942,1659951480000.0,0.0,0.0,0.0,155.14,0.0,0.0,166.8,0.9999253857184062,1.0,1189.8694026600022,1000.0,1189.8694026600022,1000.0,0.0,0.0
4943,1659955080000.0,0.0,0.0,0.0,155.14,0.0,0.0,166.65,0.9999253857184062,1.0,1189.8694026600022,1000.0,1189.8694026600022,1000.0,0.0,0.0
4944,1659958680000.0,0.0,0.0,0.0,155.14,0.0,0.0,166.75,0.9999253857184062,1.0,1189.8694026600022,1000.0,1189.8694026600022,1000.0,0.0,0.0
4945,1659962280000.0,0.0,0.0,0.0,155.14,0.0,0.0,167.65,0.9999253857184062,1.0,1189.8694026600022,1000.0,1189.8694026600022,1000.0,0.0,0.0
4946,1659965880000.0,0.0,0.0,0.0,155.14,0.0,0.0,167.3,0.9999253857184062,1.0,1189.8694026600022,1000.0,1189.8694026600022,1000.0,0.0,0.0
4947,1659969480000.0,0.0,0.0,0.0,155.14,0.0,0.0,166.0,0.9999253857184062,1.0,1189.8694026600022,1000.0,1189.8694026600022,1000.0,0.0,0.0
4948,1659973080000.0,0.0,0.0,0.0,155.14,0.0,0.0,166.15,0.9999253857184062,1.0,1189.8694026600022,1000.0,1189.8694026600022,1000.0,0.0,0.0
4949,1659976680000.0,0.0,0.0,0.0,155.14,0.0,0.0,166.25,0.9999253857184062,1.0,1189.8694026600022,1000.0,1189.8694026600022,1000.0,0.0,0.0
4950,1659980280000.0,0.0,0.0,0.0,155.14,0.0,0.0,166.8,0.9999253857184062,1.0,1189.8694026600022,1000.0,1189.8694026600022,1000.0,0.0,0.0
4951,1659983880000.0,0.0,0.0,0.0,155.14,0.0,0.0,167.5,0.9999253857184062,1.0,1189.8694026600022,1000.0,1189.8694026600022,1000.0,0.0,0.0
4952,1659987480000.0,0.0,0.0,0.0,155.14,0.0,0.0,167.15,0.9999253857184062,1.0,1189.8694026600022,1000.0,1189.8694026600022,1000.0,0.0,0.0
4953,1659991080000.0,0.0,0.0,0.0,155.14,0.0,0.0,168.3,0.9999253857184062,1.0,1189.8694026600022,1000.0,1189.8694026600022,1000.0,0.0,0.0
4954,1659994680000.0,0.0,0.0,0.0,155.14,0.0,0.0,165.7,0.9999253857184062,1.0,1189.8694026600022,1000.0,1189.8694026600022,1000.0,0.0,0.0
4955,1659998280000.0,0.0,0.0,0.0,155.14,0.0,0.0,166.15,0.9999253857184062,1.0,1189.8694026600022,1000.0,1189.8694026600022,1000.0,0.0,0.0
4956,1660001880000.0,0.0,0.0,0.0,155.14,0.0,0.0,167.4,0.9999253857184062,1.0,1189.8694026600022,1000.0,1189.8694026600022,1000.0,0.0,0.0
4957,1660005480000.0,0.0,0.0,0.0,155.14,0.0,0.0,166.7,0.9999253857184062,1.0,1189.8694026600022,1000.0,1189.8694026600022,1000.0,0.0,0.0
4958,1660009080000.0,0.0,0.0,0.0,155.14,0.0,0.0,166.75,0.9999253857184062,1.0,1189.8694026600022,1000.0,1189.8694026600022,1000.0,0.0,0.0
4959,1660012680000.0,0.0,0.0,0.0,155.14,0.0,0.0,167.45,0.9999253857184062,1.0,1189.8694026600022,1000.0,1189.8694026600022,1000.0,0.0,0.0
4960,1660016280000.0,0.0,0.0,0.0,155.14,0.0,0.0,170.2,0.9999253857184062,1.0,1189.8694026600022,1000.0,1189.8694026600022,1000.0,0.0,0.0
4961,1660019880000.0,0.0,0.0,0.0,155.14,0.0,0.0,168.9,0.9999253857184062,1.0,1189.8694026600022,1000.0,1189.8694026600022,1000.0,0.0,0.0
4962,1660023480000.0,0.0,0.0,0.0,155.14,0.0,0.0,169.5,0.9999253857184062,1.0,1189.8694026600022,1000.0,1189.8694026600022,1000.0,0.0,0.0
4963,1660027080000.0,0.0,0.0,0.0,155.14,0.0,0.0,169.15,0.9999253857184062,1.0,1189.8694026600022,1000.0,1189.8694026600022,1000.0,0.0,0.0
4964,1660030680000.0,0.0,0.0,0.0,155.14,0.0,0.0,167.75,0.9999253857184062,1.0,1189.8694026600022,1000.0,1189.8694026600022,1000.0,0.0,0.0
4965,1660034280000.0,0.0,0.0,0.0,155.14,0.0,0.0,166.4,0.9999253857184062,1.0,1189.8694026600022,1000.0,1189.8694026600022,1000.0,0.0,0.0
4966,1660037880000.0,0.0,0.0,0.0,155.14,0.0,0.0,165.05,0.9999253857184062,1.0,1189.8694026600022,1000.0,1189.8694026600022,1000.0,0.0,0.0
4967,1660041480000.0,0.0,0.0,0.0,155.14,0.0,0.0,161.9,0.9999253857184062,1.0,1189.8694026600022,1000.0,1189.8694026600022,1000.0,0.0,0.0
4968,1660045080000.0,0.0,0.0,0.29,161.44,0.0,0.0,159.25,0.9999253857184062,1.0,1189.860039140002,1000.0,1189.224939140002,1000.0,0.03934714879057411,0.0
4969,1660048680000.0,0.0,0.0,0.29,161.44,0.0,0.0,160.2,0.9999253857184062,1.0,1189.860039140002,1000.0,1189.500439140002,1000.0,0.03934714879057411,0.0
4970,1660052280000.0,0.0,0.0,0.29,161.44,0.0,0.0,159.7,0.9999253857184062,1.0,1189.860039140002,1000.0,1189.355439140002,1000.0,0.03934714879057411,0.0
4971,1660055880000.0,0.0,0.0,0.29,161.44,0.0,0.0,158.3,0.9999253857184062,1.0,1189.860039140002,1000.0,1188.9494391400021,1000.0,0.03934714879057411,0.0
4972,1660059480000.0,0.0,0.0,0.29,161.44,0.0,0.0,156.4,0.9999253857184062,1.0,1189.860039140002,1000.0,1188.398439140002,1000.0,0.03934714879057411,0.0
4973,1660063080000.0,0.0,0.0,0.29,161.44,0.0,0.0,156.9,0.9999253857184062,1.0,1189.860039140002,1000.0,1188.543439140002,1000.0,0.03934714879057411,0.0
4974,1660066680000.0,0.0,0.0,0.29,161.44,0.0,0.0,157.7,0.9999253857184062,1.0,1189.860039140002,1000.0,1188.7754391400022,1000.0,0.03934714879057411,0.0
4975,1660070280000.0,0.0,0.0,0.29,161.44,0.0,0.0,156.8,0.9999253857184062,1.0,1189.860039140002,1000.0,1188.514439140002,1000.0,0.03934714879057411,0.0
4976,1660073880000.0,0.0,0.0,0.29,161.44,0.0,0.0,156.75,0.9999253857184062,1.0,1189.860039140002,1000.0,1188.499939140002,1000.0,0.03934714879057411,0.0
4977,1660077480000.0,0.0,0.0,0.29,161.44,0.0,0.0,157.2,0.9999253857184062,1.0,1189.860039140002,1000.0,1188.6304391400022,1000.0,0.03934714879057411,0.0
4978,1660081080000.0,0.0,0.0,0.29,161.44,0.0,0.0,158.05,0.9999253857184062,1.0,1189.860039140002,1000.0,1188.8769391400022,1000.0,0.03934714879057411,0.0
4979,1660084680000.0,0.0,0.0,0.29,161.44,0.0,0.0,157.75,0.9999253857184062,1.0,1189.860039140002,1000.0,1188.7899391400022,1000.0,0.03934714879057411,0.0
4980,1660088280000.0,0.0,0.0,0.29,161.44,0.0,0.0,157.95,0.9999253857184062,1.0,1189.860039140002,1000.0,1188.8479391400022,1000.0,0.03934714879057411,0.0
4981,1660091880000.0,0.0,0.0,0.29,161.44,0.0,0.0,155.5,0.9999253857184062,1.0,1189.860039140002,1000.0,1188.137439140002,1000.0,0.03934714879057411,0.0
4982,1660095480000.0,0.0,0.0,0.6,157.98866666666666,0.0,0.0,157.55,0.9999253857184062,1.0,1189.850444020002,1000.0,1189.587244020002,1000.0,0.0796681637397502,0.0
4983,1660099080000.0,0.0,0.0,0.6,157.98866666666666,0.0,0.0,156.6,0.9999253857184062,1.0,1189.850444020002,1000.0,1189.017244020002,1000.0,0.0796681637397502,0.0
4984,1660102680000.0,0.0,0.0,0.6,157.98866666666666,0.0,0.0,157.6,0.9999253857184062,1.0,1189.850444020002,1000.0,1189.617244020002,1000.0,0.0796681637397502,0.0
4985,1660106280000.0,0.0,0.0,0.6,157.98866666666666,0.0,0.0,157.85,0.9999253857184062,1.0,1189.850444020002,1000.0,1189.767244020002,1000.0,0.0796681637397502,0.0
4986,1660109880000.0,0.0,0.0,0.6,157.98866666666666,0.0,0.0,158.9,0.9999253857184062,1.0,1189.850444020002,1000.0,1190.397244020002,1000.0,0.0796681637397502,0.0
4987,1660113480000.0,0.0,0.0,0.6,157.98866666666666,0.0,0.0,157.75,0.9999253857184062,1.0,1189.850444020002,1000.0,1189.707244020002,1000.0,0.0796681637397502,0.0
4988,1660117080000.0,0.0,0.0,0.6,157.98866666666666,0.0,0.0,158.15,0.9999253857184062,1.0,1189.850444020002,1000.0,1189.947244020002,1000.0,0.0796681637397502,0.0
4989,1660120680000.0,0.0,0.0,0.6,157.98866666666666,0.0,0.0,158.35,0.9999253857184062,1.0,1189.850444020002,1000.0,1190.067244020002,1000.0,0.0796681637397502,0.0
4990,1660124280000.0,0.0,0.0,0.6,157.98866666666666,0.0,0.0,158.05,0.9999253857184062,1.0,1189.850444020002,1000.0,1189.887244020002,1000.0,0.0796681637397502,0.0
4991,1660127880000.0,0.0,0.0,0.6,157.98866666666666,0.0,0.0,159.2,0.9999253857184062,1.0,1189.850444020002,1000.0,1190.577244020002,1000.0,0.0796681637397502,0.0
4992,1660131480000.0,0.0,0.0,0.6,157.98866666666666,0.0,0.0,161.35,0.9999253857184062,1.0,1189.850444020002,1000.0,1191.867244020002,1000.0,0.0796681637397502,0.0
4993,1660135080000.0,0.0,0.0,0.4,157.98866666666666,0.0,0.0,165.05,0.9999253857184062,1.0,1190.7922014866688,1000.0,1193.6167348200022,1000.0,0.05307010458060525,0.0
4994,1660138680000.0,0.0,0.0,0.03,157.98866666666666,0.0,0.0,166.25,0.9999253857184062,1.0,1193.954968640002,1000.0,1194.202808640002,1000.0,0.003969714205719838,0.0
4995,1660142280000.0,0.0,0.0,0.03,157.98866666666666,0.0,0.0,165.85,0.9999253857184062,1.0,1193.954968640002,1000.0,1194.1908086400022,1000.0,0.003969714205719838,0.0
4996,1660145880000.0,0.0,0.0,0.0,157.98866666666666,0.0,0.0,166.75,0.9999253857184062,1.0,1194.211409220002,1000.0,1194.211409220002,1000.0,0.0,0.0
4997,1660149480000.0,0.0,0.0,0.0,157.98866666666666,0.0,0.0,166.55,0.9999253857184062,1.0,1194.211409220002,1000.0,1194.211409220002,1000.0,0.0,0.0
4998,1660153080000.0,0.0,0.0,0.0,157.98866666666666,0.0,0.0,167.35,0.9999253857184062,1.0,1194.211409220002,1000.0,1194.211409220002,1000.0,0.0,0.0
4999,1660156680000.0,0.0,0.0,0.0,157.98866666666666,0.0,0.0,166.55,0.9999253857184062,1.0,1194.211409220002,1000.0,1194.211409220002,1000.0,0.0,0.0
5000,1660160280000.0,0.0,0.0,0.0,157.98866666666666,0.0,0.0,166.05,0.9999253857184062,1.0,1194.211409220002,1000.0,1194.211409220002,1000.0,0.0,0.0
5001,1660163880000.0,0.0,0.0,0.0,157.98866666666666,0.0,0.0,167.7,0.9999253857184062,1.0,1194.211409220002,1000.0,1194.211409220002,1000.0,0.0,0.0
5002,1660167480000.0,0.0,0.0,0.0,157.98866666666666,0.0,0.0,168.25,0.9999253857184062,1.0,1194.211409220002,1000.0,1194.211409220002,1000.0,0.0,0.0
5003,1660171080000.0,0.0,0.0,0.0,157.98866666666666,0.0,0.0,168.55,0.9999253857184062,1.0,1194.211409220002,1000.0,1194.211409220002,1000.0,0.0,0.0
5004,1660174680000.0,0.0,0.0,0.0,157.98866666666666,0.0,0.0,167.35,0.9999253857184062,1.0,1194.211409220002,1000.0,1194.211409220002,1000.0,0.0,0.0
5005,1660178280000.0,0.0,0.0,0.0,157.98866666666666,0.0,0.0,166.75,0.9999253857184062,1.0,1194.211409220002,1000.0,1194.211409220002,1000.0,0.0,0.0
5006,1660181880000.0,0.0,0.0,0.0,157.98866666666666,0.0,0.0,166.7,0.9999253857184062,1.0,1194.211409220002,1000.0,1194.211409220002,1000.0,0.0,0.0
5007,1660185480000.0,0.0,0.0,0.0,157.98866666666666,0.0,0.0,166.05,0.9999253857184062,1.0,1194.211409220002,1000.0,1194.211409220002,1000.0,0.0,0.0
5008,1660189080000.0,0.0,0.0,0.0,157.98866666666666,0.0,0.0,166.4,0.9999253857184062,1.0,1194.211409220002,1000.0,1194.211409220002,1000.0,0.0,0.0
5009,1660192680000.0,0.0,0.0,0.0,157.98866666666666,0.0,0.0,167.6,0.9999253857184062,1.0,1194.211409220002,1000.0,1194.211409220002,1000.0,0.0,0.0
5010,1660196280000.0,0.0,0.0,0.0,157.98866666666666,0.0,0.0,168.05,0.9999253857184062,1.0,1194.211409220002,1000.0,1194.211409220002,1000.0,0.0,0.0
5011,1660199880000.0,0.0,0.0,0.0,157.98866666666666,0.0,0.0,167.7,0.9999253857184062,1.0,1194.211409220002,1000.0,1194.211409220002,1000.0,0.0,0.0
5012,1660203480000.0,0.0,0.0,0.0,157.98866666666666,0.0,0.0,166.55,0.9999253857184062,1.0,1194.211409220002,1000.0,1194.211409220002,1000.0,0.0,0.0
5013,1660207080000.0,0.0,0.0,0.0,157.98866666666666,0.0,0.0,166.4,0.9999253857184062,1.0,1194.211409220002,1000.0,1194.211409220002,1000.0,0.0,0.0
5014,1660210680000.0,0.0,0.0,0.0,157.98866666666666,0.0,0.0,166.5,0.9999253857184062,1.0,1194.211409220002,1000.0,1194.211409220002,1000.0,0.0,0.0
5015,1660214280000.0,0.0,0.0,0.0,157.98866666666666,0.0,0.0,165.3,0.9999253857184062,1.0,1194.211409220002,1000.0,1194.211409220002,1000.0,0.0,0.0
5016,1660217880000.0,0.0,0.0,0.0,157.98866666666666,0.0,0.0,166.25,0.9999253857184062,1.0,1194.211409220002,1000.0,1194.211409220002,1000.0,0.0,0.0
5017,1660221480000.0,0.0,0.0,0.0,157.98866666666666,0.0,0.0,167.0,0.9999253857184062,1.0,1194.211409220002,1000.0,1194.211409220002,1000.0,0.0,0.0
5018,1660225080000.0,0.0,0.0,0.0,157.98866666666666,0.0,0.0,165.0,0.9999253857184062,1.0,1194.211409220002,1000.0,1194.211409220002,1000.0,0.0,0.0
5019,1660228680000.0,0.0,0.0,0.0,157.98866666666666,0.0,0.0,165.35,0.9999253857184062,1.0,1194.211409220002,1000.0,1194.211409220002,1000.0,0.0,0.0
5020,1660232280000.0,0.0,0.0,0.0,157.98866666666666,0.0,0.0,164.25,0.9999253857184062,1.0,1194.211409220002,1000.0,1194.211409220002,1000.0,0.0,0.0
5021,1660235880000.0,0.0,0.0,0.0,157.98866666666666,0.0,0.0,161.65,0.9999253857184062,1.0,1194.211409220002,1000.0,1194.211409220002,1000.0,0.0,0.0
5022,1660239480000.0,0.0,0.0,0.3,159.88,0.0,0.0,161.4,0.9999253857184062,1.0,1194.201816420002,1000.0,1194.6578164200018,1000.0,0.04016406552100823,0.0
5023,1660243080000.0,0.0,0.0,0.3,159.88,0.0,0.0,159.95,0.9999253857184062,1.0,1194.201816420002,1000.0,1194.222816420002,1000.0,0.04016406552100823,0.0
5024,1660246680000.0,0.0,0.0,0.3,159.88,0.0,0.0,158.95,0.9999253857184062,1.0,1194.201816420002,1000.0,1193.922816420002,1000.0,0.04016406552100823,0.0
5025,1660250280000.0,0.0,0.0,0.3,159.88,0.0,0.0,158.7,0.9999253857184062,1.0,1194.201816420002,1000.0,1193.847816420002,1000.0,0.04016406552100823,0.0
5026,1660253880000.0,0.0,0.0,0.3,159.88,0.0,0.0,159.2,0.9999253857184062,1.0,1194.201816420002,1000.0,1193.997816420002,1000.0,0.04016406552100823,0.0
5027,1660257480000.0,0.0,0.0,0.3,159.88,0.0,0.0,158.55,0.9999253857184062,1.0,1194.201816420002,1000.0,1193.802816420002,1000.0,0.04016406552100823,0.0
5028,1660261080000.0,0.0,0.0,0.3,159.88,0.0,0.0,157.8,0.9999253857184062,1.0,1194.201816420002,1000.0,1193.577816420002,1000.0,0.04016406552100823,0.0
5029,1660264680000.0,0.0,0.0,0.3,159.88,0.0,0.0,158.55,0.9999253857184062,1.0,1194.201816420002,1000.0,1193.802816420002,1000.0,0.04016406552100823,0.0
5030,1660268280000.0,0.0,0.0,0.3,159.88,0.0,0.0,158.35,0.9999253857184062,1.0,1194.201816420002,1000.0,1193.7428164200019,1000.0,0.04016406552100823,0.0
5031,1660271880000.0,0.0,0.0,0.3,159.88,0.0,0.0,158.25,0.9999253857184062,1.0,1194.201816420002,1000.0,1193.712816420002,1000.0,0.04016406552100823,0.0
5032,1660275480000.0,0.0,0.0,0.3,159.88,0.0,0.0,160.7,0.9999253857184062,1.0,1194.201816420002,1000.0,1194.447816420002,1000.0,0.04016406552100823,0.0
5033,1660279080000.0,0.0,0.0,0.3,159.88,0.0,0.0,160.35,0.9999253857184062,1.0,1194.201816420002,1000.0,1194.342816420002,1000.0,0.04016406552100823,0.0
5034,1660282680000.0,0.0,0.0,0.3,159.88,0.0,0.0,160.15,0.9999253857184062,1.0,1194.201816420002,1000.0,1194.2828164200018,1000.0,0.04016406552100823,0.0
5035,1660286280000.0,0.0,0.0,0.3,159.88,0.0,0.0,159.85,0.9999253857184062,1.0,1194.201816420002,1000.0,1194.192816420002,1000.0,0.04016406552100823,0.0
5036,1660289880000.0,0.0,0.0,0.3,159.88,0.0,0.0,160.9,0.9999253857184062,1.0,1194.201816420002,1000.0,1194.507816420002,1000.0,0.04016406552100823,0.0
5037,1660293480000.0,0.0,0.0,0.3,159.88,0.0,0.0,162.05,0.9999253857184062,1.0,1194.201816420002,1000.0,1194.852816420002,1000.0,0.04016406552100823,0.0
5038,1660297080000.0,0.0,0.0,0.2,159.88,0.0,0.0,164.75,0.9999253857184062,1.0,1194.678522820002,1000.0,1195.6525228200019,1000.0,0.026765359374270523,0.0
5039,1660300680000.0,0.0,0.0,0.2,159.88,0.0,0.0,163.25,0.9999253857184062,1.0,1194.678522820002,1000.0,1195.352522820002,1000.0,0.026765359374270523,0.0
5040,1660304280000.0,0.0,0.0,0.2,159.88,0.0,0.0,159.7,0.9999253857184062,1.0,1194.678522820002,1000.0,1194.642522820002,1000.0,0.026765359374270523,0.0
5041,1660307880000.0,0.0,0.0,0.2,159.88,0.0,0.0,163.4,0.9999253857184062,1.0,1194.678522820002,1000.0,1195.382522820002,1000.0,0.026765359374270523,0.0
5042,1660311480000.0,0.0,0.0,0.2,159.88,0.0,0.0,161.55,0.9999253857184062,1.0,1194.678522820002,1000.0,1195.012522820002,1000.0,0.026765359374270523,0.0
5043,1660315080000.0,0.0,0.0,0.2,159.88,0.0,0.0,162.05,0.9999253857184062,1.0,1194.678522820002,1000.0,1195.112522820002,1000.0,0.026765359374270523,0.0
5044,1660318680000.0,0.0,0.0,0.2,159.88,0.0,0.0,162.55,0.9999253857184062,1.0,1194.678522820002,1000.0,1195.212522820002,1000.0,0.026765359374270523,0.0
5045,1660322280000.0,0.0,0.0,0.2,159.88,0.0,0.0,162.35,0.9999253857184062,1.0,1194.678522820002,1000.0,1195.1725228200019,1000.0,0.026765359374270523,0.0
5046,1660325880000.0,0.0,0.0,0.2,159.88,0.0,0.0,163.2,0.9999253857184062,1.0,1194.678522820002,1000.0,1195.342522820002,1000.0,0.026765359374270523,0.0
5047,1660329480000.0,0.0,0.0,0.14,159.88,0.0,0.0,164.8,0.9999253857184062,1.0,1194.964546660002,1000.0,1195.653346660002,1000.0,0.018731267017554953,0.0
5048,1660333080000.0,0.0,0.0,0.14,159.88,0.0,0.0,165.25,0.9999253857184062,1.0,1194.964546660002,1000.0,1195.716346660002,1000.0,0.018731267017554953,0.0
5049,1660336680000.0,0.0,0.0,0.04,159.88,0.0,0.0,164.6,0.9999253857184062,1.0,1195.4412530600018,1000.0,1195.6300530600017,1000.0,0.00534965644161103,0.0
5050,1660340280000.0,0.0,0.0,0.0,159.88,0.0,0.0,164.55,0.9999253857184062,1.0,1195.6319356200017,1000.0,1195.6319356200017,1000.0,0.0,0.0
5051,1660343880000.0,0.0,0.0,0.0,159.88,0.0,0.0,164.65,0.9999253857184062,1.0,1195.6319356200017,1000.0,1195.6319356200017,1000.0,0.0,0.0
5052,1660347480000.0,0.0,0.0,0.0,159.88,0.0,0.0,165.6,0.9999253857184062,1.0,1195.6319356200017,1000.0,1195.6319356200017,1000.0,0.0,0.0
5053,1660351080000.0,0.0,0.0,0.0,159.88,0.0,0.0,165.7,0.9999253857184062,1.0,1195.6319356200017,1000.0,1195.6319356200017,1000.0,0.0,0.0
5054,1660354680000.0,0.0,0.0,0.0,159.88,0.0,0.0,165.35,0.9999253857184062,1.0,1195.6319356200017,1000.0,1195.6319356200017,1000.0,0.0,0.0
5055,1660358280000.0,0.0,0.0,0.0,159.88,0.0,0.0,165.9,0.9999253857184062,1.0,1195.6319356200017,1000.0,1195.6319356200017,1000.0,0.0,0.0
5056,1660361880000.0,0.0,0.0,0.0,159.88,0.0,0.0,166.55,0.9999253857184062,1.0,1195.6319356200017,1000.0,1195.6319356200017,1000.0,0.0,0.0
5057,1660365480000.0,0.0,0.0,0.0,159.88,0.0,0.0,165.15,0.9999253857184062,1.0,1195.6319356200017,1000.0,1195.6319356200017,1000.0,0.0,0.0
5058,1660369080000.0,0.0,0.0,0.0,159.88,0.0,0.0,165.2,0.9999253857184062,1.0,1195.6319356200017,1000.0,1195.6319356200017,1000.0,0.0,0.0
5059,1660372680000.0,0.0,0.0,0.0,159.88,0.0,0.0,165.7,0.9999253857184062,1.0,1195.6319356200017,1000.0,1195.6319356200017,1000.0,0.0,0.0
5060,1660376280000.0,0.0,0.0,0.0,159.88,0.0,0.0,164.4,0.9999253857184062,1.0,1195.6319356200017,1000.0,1195.6319356200017,1000.0,0.0,0.0
5061,1660379880000.0,0.0,0.0,0.0,159.88,0.0,0.0,165.55,0.9999253857184062,1.0,1195.6319356200017,1000.0,1195.6319356200017,1000.0,0.0,0.0
5062,1660383480000.0,0.0,0.0,0.0,159.88,0.0,0.0,165.35,0.9999253857184062,1.0,1195.6319356200017,1000.0,1195.6319356200017,1000.0,0.0,0.0
5063,1660387080000.0,0.0,0.0,0.0,159.88,0.0,0.0,166.15,0.9999253857184062,1.0,1195.6319356200017,1000.0,1195.6319356200017,1000.0,0.0,0.0
5064,1660390680000.0,0.0,0.0,0.0,159.88,0.0,0.0,164.3,0.9999253857184062,1.0,1195.6319356200017,1000.0,1195.6319356200017,1000.0,0.0,0.0
5065,1660394280000.0,0.0,0.0,0.0,159.88,0.0,0.0,163.7,0.9999253857184062,1.0,1195.6319356200017,1000.0,1195.6319356200017,1000.0,0.0,0.0
5066,1660397880000.0,0.0,0.0,0.0,159.88,0.0,0.0,165.5,0.9999253857184062,1.0,1195.6319356200017,1000.0,1195.6319356200017,1000.0,0.0,0.0
5067,1660401480000.0,0.0,0.0,0.0,159.88,0.0,0.0,166.35,0.9999253857184062,1.0,1195.6319356200017,1000.0,1195.6319356200017,1000.0,0.0,0.0
5068,1660405080000.0,0.0,0.0,0.0,159.88,0.0,0.0,165.4,0.9999253857184062,1.0,1195.6319356200017,1000.0,1195.6319356200017,1000.0,0.0,0.0
5069,1660408680000.0,0.0,0.0,0.0,159.88,0.0,0.0,166.25,0.9999253857184062,1.0,1195.6319356200017,1000.0,1195.6319356200017,1000.0,0.0,0.0
5070,1660412280000.0,0.0,0.0,0.0,159.88,0.0,0.0,167.3,0.9999253857184062,1.0,1195.6319356200017,1000.0,1195.6319356200017,1000.0,0.0,0.0
5071,1660415880000.0,0.0,0.0,0.0,159.88,0.0,0.0,166.15,0.9999253857184062,1.0,1195.6319356200017,1000.0,1195.6319356200017,1000.0,0.0,0.0
5072,1660419480000.0,0.0,0.0,0.0,159.88,0.0,0.0,166.0,0.9999253857184062,1.0,1195.6319356200017,1000.0,1195.6319356200017,1000.0,0.0,0.0
5073,1660423080000.0,0.0,0.0,0.0,159.88,0.0,0.0,166.05,0.9999253857184062,1.0,1195.6319356200017,1000.0,1195.6319356200017,1000.0,0.0,0.0
5074,1660426680000.0,0.0,0.0,0.0,159.88,0.0,0.0,166.35,0.9999253857184062,1.0,1195.6319356200017,1000.0,1195.6319356200017,1000.0,0.0,0.0
5075,1660430280000.0,0.0,0.0,0.0,159.88,0.0,0.0,165.55,0.9999253857184062,1.0,1195.6319356200017,1000.0,1195.6319356200017,1000.0,0.0,0.0
5076,1660433880000.0,0.0,0.0,0.0,159.88,0.0,0.0,165.1,0.9999253857184062,1.0,1195.6319356200017,1000.0,1195.6319356200017,1000.0,0.0,0.0
5077,1660437480000.0,0.0,0.0,0.0,159.88,0.0,0.0,166.15,0.9999253857184062,1.0,1195.6319356200017,1000.0,1195.6319356200017,1000.0,0.0,0.0
5078,1660441080000.0,0.0,0.0,0.0,159.88,0.0,0.0,166.55,0.9999253857184062,1.0,1195.6319356200017,1000.0,1195.6319356200017,1000.0,0.0,0.0
5079,1660444680000.0,0.0,0.0,0.0,159.88,0.0,0.0,167.45,0.9999253857184062,1.0,1195.6319356200017,1000.0,1195.6319356200017,1000.0,0.0,0.0
5080,1660448280000.0,0.0,0.0,0.0,159.88,0.0,0.0,167.35,0.9999253857184062,1.0,1195.6319356200017,1000.0,1195.6319356200017,1000.0,0.0,0.0
5081,1660451880000.0,0.0,0.0,0.0,159.88,0.0,0.0,167.0,0.9999253857184062,1.0,1195.6319356200017,1000.0,1195.6319356200017,1000.0,0.0,0.0
5082,1660455480000.0,0.0,0.0,0.0,159.88,0.0,0.0,166.25,0.9999253857184062,1.0,1195.6319356200017,1000.0,1195.6319356200017,1000.0,0.0,0.0
5083,1660459080000.0,0.0,0.0,0.0,159.88,0.0,0.0,167.35,0.9999253857184062,1.0,1195.6319356200017,1000.0,1195.6319356200017,1000.0,0.0,0.0
5084,1660462680000.0,0.0,0.0,0.0,159.88,0.0,0.0,167.75,0.9999253857184062,1.0,1195.6319356200017,1000.0,1195.6319356200017,1000.0,0.0,0.0
5085,1660466280000.0,0.0,0.0,0.0,159.88,0.0,0.0,167.95,0.9999253857184062,1.0,1195.6319356200017,1000.0,1195.6319356200017,1000.0,0.0,0.0
5086,1660469880000.0,0.0,0.0,0.0,159.88,0.0,0.0,167.65,0.9999253857184062,1.0,1195.6319356200017,1000.0,1195.6319356200017,1000.0,0.0,0.0
5087,1660473480000.0,0.0,0.0,0.0,159.88,0.0,0.0,167.5,0.9999253857184062,1.0,1195.6319356200017,1000.0,1195.6319356200017,1000.0,0.0,0.0
5088,1660477080000.0,0.0,0.0,0.0,159.88,0.0,0.0,166.95,0.9999253857184062,1.0,1195.6319356200017,1000.0,1195.6319356200017,1000.0,0.0,0.0
5089,1660480680000.0,0.0,0.0,0.0,159.88,0.0,0.0,166.7,0.9999253857184062,1.0,1195.6319356200017,1000.0,1195.6319356200017,1000.0,0.0,0.0
5090,1660484280000.0,0.0,0.0,0.0,159.88,0.0,0.0,164.9,0.9999253857184062,1.0,1195.6319356200017,1000.0,1195.6319356200017,1000.0,0.0,0.0
5091,1660487880000.0,0.0,0.0,0.0,159.88,0.0,0.0,165.8,0.9999253857184062,1.0,1195.6319356200017,1000.0,1195.6319356200017,1000.0,0.0,0.0
5092,1660491480000.0,0.0,0.0,0.0,159.88,0.0,0.0,165.55,0.9999253857184062,1.0,1195.6319356200017,1000.0,1195.6319356200017,1000.0,0.0,0.0
5093,1660495080000.0,0.0,0.0,0.0,159.88,0.0,0.0,165.5,0.9999253857184062,1.0,1195.6319356200017,1000.0,1195.6319356200017,1000.0,0.0,0.0
5094,1660498680000.0,0.0,0.0,0.0,159.88,0.0,0.0,163.25,0.9999253857184062,1.0,1195.6319356200017,1000.0,1195.6319356200017,1000.0,0.0,0.0
5095,1660502280000.0,0.0,0.0,0.0,159.88,0.0,0.0,163.65,0.9999253857184062,1.0,1195.6319356200017,1000.0,1195.6319356200017,1000.0,0.0,0.0
5096,1660505880000.0,0.0,0.0,0.0,159.88,0.0,0.0,162.8,0.9999253857184062,1.0,1195.6319356200017,1000.0,1195.6319356200017,1000.0,0.0,0.0
5097,1660509480000.0,0.0,0.0,0.0,159.88,0.0,0.0,163.75,0.9999253857184062,1.0,1195.6319356200017,1000.0,1195.6319356200017,1000.0,0.0,0.0
5098,1660513080000.0,0.0,0.0,0.0,159.88,0.0,0.0,163.85,0.9999253857184062,1.0,1195.6319356200017,1000.0,1195.6319356200017,1000.0,0.0,0.0
5099,1660516680000.0,0.0,0.0,0.0,159.88,0.0,0.0,164.4,0.9999253857184062,1.0,1195.6319356200017,1000.0,1195.6319356200017,1000.0,0.0,0.0
5100,1660520280000.0,0.0,0.0,0.0,159.88,0.0,0.0,164.6,0.9999253857184062,1.0,1195.6319356200017,1000.0,1195.6319356200017,1000.0,0.0,0.0
5101,1660523880000.0,0.0,0.0,0.0,159.88,0.0,0.0,165.3,0.9999253857184062,1.0,1195.6319356200017,1000.0,1195.6319356200017,1000.0,0.0,0.0
5102,1660527480000.0,0.0,0.0,0.0,159.88,0.0,0.0,165.55,0.9999253857184062,1.0,1195.6319356200017,1000.0,1195.6319356200017,1000.0,0.0,0.0
5103,1660531080000.0,0.0,0.0,0.0,159.88,0.0,0.0,167.75,0.9999253857184062,1.0,1195.6319356200017,1000.0,1195.6319356200017,1000.0,0.0,0.0
5104,1660534680000.0,0.0,0.0,0.0,159.88,0.0,0.0,167.5,0.9999253857184062,1.0,1195.6319356200017,1000.0,1195.6319356200017,1000.0,0.0,0.0
5105,1660538280000.0,0.0,0.0,0.0,159.88,0.0,0.0,167.2,0.9999253857184062,1.0,1195.6319356200017,1000.0,1195.6319356200017,1000.0,0.0,0.0
5106,1660541880000.0,0.0,0.0,0.0,159.88,0.0,0.0,167.3,0.9999253857184062,1.0,1195.6319356200017,1000.0,1195.6319356200017,1000.0,0.0,0.0
5107,1660545480000.0,0.0,0.0,0.0,159.88,0.0,0.0,165.05,0.9999253857184062,1.0,1195.6319356200017,1000.0,1195.6319356200017,1000.0,0.0,0.0
5108,1660549080000.0,0.0,0.0,0.0,159.88,0.0,0.0,164.05,0.9999253857184062,1.0,1195.6319356200017,1000.0,1195.6319356200017,1000.0,0.0,0.0
5109,1660552680000.0,0.0,0.0,0.0,159.88,0.0,0.0,163.95,0.9999253857184062,1.0,1195.6319356200017,1000.0,1195.6319356200017,1000.0,0.0,0.0
5110,1660556280000.0,0.0,0.0,0.0,159.88,0.0,0.0,163.9,0.9999253857184062,1.0,1195.6319356200017,1000.0,1195.6319356200017,1000.0,0.0,0.0
5111,1660559880000.0,0.0,0.0,0.0,159.88,0.0,0.0,164.7,0.9999253857184062,1.0,1195.6319356200017,1000.0,1195.6319356200017,1000.0,0.0,0.0
5112,1660563480000.0,0.0,0.0,0.0,159.88,0.0,0.0,164.45,0.9999253857184062,1.0,1195.6319356200017,1000.0,1195.6319356200017,1000.0,0.0,0.0
5113,1660567080000.0,0.0,0.0,0.0,159.88,0.0,0.0,163.8,0.9999253857184062,1.0,1195.6319356200017,1000.0,1195.6319356200017,1000.0,0.0,0.0
5114,1660570680000.0,0.0,0.0,0.0,159.88,0.0,0.0,163.8,0.9999253857184062,1.0,1195.6319356200017,1000.0,1195.6319356200017,1000.0,0.0,0.0
5115,1660574280000.0,0.0,0.0,0.0,159.88,0.0,0.0,164.25,0.9999253857184062,1.0,1195.6319356200017,1000.0,1195.6319356200017,1000.0,0.0,0.0
5116,1660577880000.0,0.0,0.0,0.0,159.88,0.0,0.0,163.9,0.9999253857184062,1.0,1195.6319356200017,1000.0,1195.6319356200017,1000.0,0.0,0.0
5117,1660581480000.0,0.0,0.0,0.0,159.88,0.0,0.0,164.35,0.9999253857184062,1.0,1195.6319356200017,1000.0,1195.6319356200017,1000.0,0.0,0.0
5118,1660585080000.0,0.0,0.0,0.0,159.88,0.0,0.0,163.5,0.9999253857184062,1.0,1195.6319356200017,1000.0,1195.6319356200017,1000.0,0.0,0.0
5119,1660588680000.0,0.0,0.0,0.0,159.88,0.0,0.0,162.9,0.9999253857184062,1.0,1195.6319356200017,1000.0,1195.6319356200017,1000.0,0.0,0.0
5120,1660592280000.0,0.0,0.0,0.0,159.88,0.0,0.0,163.5,0.9999253857184062,1.0,1195.6319356200017,1000.0,1195.6319356200017,1000.0,0.0,0.0
5121,1660595880000.0,0.0,0.0,0.0,159.88,0.0,0.0,163.5,0.9999253857184062,1.0,1195.6319356200017,1000.0,1195.6319356200017,1000.0,0.0,0.0
5122,1660599480000.0,0.0,0.0,0.0,159.88,0.0,0.0,163.4,0.9999253857184062,1.0,1195.6319356200017,1000.0,1195.6319356200017,1000.0,0.0,0.0
5123,1660603080000.0,0.0,0.0,0.0,159.88,0.0,0.0,162.9,0.9999253857184062,1.0,1195.6319356200017,1000.0,1195.6319356200017,1000.0,0.0,0.0
5124,1660606680000.0,0.0,0.0,0.0,159.88,0.0,0.0,163.0,0.9999253857184062,1.0,1195.6319356200017,1000.0,1195.6319356200017,1000.0,0.0,0.0
5125,1660610280000.0,0.0,0.0,0.0,159.88,0.0,0.0,161.85,0.9999253857184062,1.0,1195.6319356200017,1000.0,1195.6319356200017,1000.0,0.0,0.0
5126,1660613880000.0,0.0,0.0,0.0,159.88,0.0,0.0,164.45,0.9999253857184062,1.0,1195.6319356200017,1000.0,1195.6319356200017,1000.0,0.0,0.0
5127,1660617480000.0,0.0,0.0,0.0,159.88,0.0,0.0,163.8,0.9999253857184062,1.0,1195.6319356200017,1000.0,1195.6319356200017,1000.0,0.0,0.0
5128,1660621080000.0,0.0,0.0,0.0,159.88,0.0,0.0,163.05,0.9999253857184062,1.0,1195.6319356200017,1000.0,1195.6319356200017,1000.0,0.0,0.0
5129,1660624680000.0,0.0,0.0,0.0,159.88,0.0,0.0,163.75,0.9999253857184062,1.0,1195.6319356200017,1000.0,1195.6319356200017,1000.0,0.0,0.0
5130,1660628280000.0,0.0,0.0,0.0,159.88,0.0,0.0,162.65,0.9999253857184062,1.0,1195.6319356200017,1000.0,1195.6319356200017,1000.0,0.0,0.0
5131,1660631880000.0,0.0,0.0,0.0,159.88,0.0,0.0,165.65,0.9999253857184062,1.0,1195.6319356200017,1000.0,1195.6319356200017,1000.0,0.0,0.0
5132,1660635480000.0,0.0,0.0,0.0,159.88,0.0,0.0,170.8,0.9999253857184062,1.0,1195.6319356200017,1000.0,1195.6319356200017,1000.0,0.0,0.0
5133,1660639080000.0,0.0,0.0,0.0,159.88,0.0,0.0,172.6,0.9999253857184062,1.0,1195.6319356200017,1000.0,1195.6319356200017,1000.0,0.0,0.0
5134,1660642680000.0,0.0,0.0,0.0,159.88,0.0,0.0,172.2,0.9999253857184062,1.0,1195.6319356200017,1000.0,1195.6319356200017,1000.0,0.0,0.0
5135,1660646280000.0,0.0,0.0,0.0,159.88,0.0,0.0,170.95,0.9999253857184062,1.0,1195.6319356200017,1000.0,1195.6319356200017,1000.0,0.0,0.0
5136,1660649880000.0,0.0,0.0,0.0,159.88,0.0,0.0,171.2,0.9999253857184062,1.0,1195.6319356200017,1000.0,1195.6319356200017,1000.0,0.0,0.0
5137,1660653480000.0,0.0,0.0,0.0,159.88,0.0,0.0,170.15,0.9999253857184062,1.0,1195.6319356200017,1000.0,1195.6319356200017,1000.0,0.0,0.0
5138,1660657080000.0,0.0,0.0,0.0,159.88,0.0,0.0,168.25,0.9999253857184062,1.0,1195.6319356200017,1000.0,1195.6319356200017,1000.0,0.0,0.0
5139,1660660680000.0,0.0,0.0,0.0,159.88,0.0,0.0,167.6,0.9999253857184062,1.0,1195.6319356200017,1000.0,1195.6319356200017,1000.0,0.0,0.0
5140,1660664280000.0,0.0,0.0,0.0,159.88,0.0,0.0,168.05,0.9999253857184062,1.0,1195.6319356200017,1000.0,1195.6319356200017,1000.0,0.0,0.0
5141,1660667880000.0,0.0,0.0,0.0,159.88,0.0,0.0,168.35,0.9999253857184062,1.0,1195.6319356200017,1000.0,1195.6319356200017,1000.0,0.0,0.0
5142,1660671480000.0,0.0,0.0,0.0,159.88,0.0,0.0,169.05,0.9999253857184062,1.0,1195.6319356200017,1000.0,1195.6319356200017,1000.0,0.0,0.0
5143,1660675080000.0,0.0,0.0,0.0,159.88,0.0,0.0,168.3,0.9999253857184062,1.0,1195.6319356200017,1000.0,1195.6319356200017,1000.0,0.0,0.0
5144,1660678680000.0,0.0,0.0,0.0,159.88,0.0,0.0,171.3,0.9999253857184062,1.0,1195.6319356200017,1000.0,1195.6319356200017,1000.0,0.0,0.0
5145,1660682280000.0,0.0,0.0,0.0,159.88,0.0,0.0,171.35,0.9999253857184062,1.0,1195.6319356200017,1000.0,1195.6319356200017,1000.0,0.0,0.0
5146,1660685880000.0,0.0,0.0,0.0,159.88,0.0,0.0,170.4,0.9999253857184062,1.0,1195.6319356200017,1000.0,1195.6319356200017,1000.0,0.0,0.0
5147,1660689480000.0,0.0,0.0,0.0,159.88,0.0,0.0,169.6,0.9999253857184062,1.0,1195.6319356200017,1000.0,1195.6319356200017,1000.0,0.0,0.0
5148,1660693080000.0,0.0,0.0,0.0,159.88,0.0,0.0,168.9,0.9999253857184062,1.0,1195.6319356200017,1000.0,1195.6319356200017,1000.0,0.0,0.0
5149,1660696680000.0,0.0,0.0,0.0,159.88,0.0,0.0,169.35,0.9999253857184062,1.0,1195.6319356200017,1000.0,1195.6319356200017,1000.0,0.0,0.0
5150,1660700280000.0,0.0,0.0,0.0,159.88,0.0,0.0,169.1,0.9999253857184062,1.0,1195.6319356200017,1000.0,1195.6319356200017,1000.0,0.0,0.0
5151,1660703880000.0,0.0,0.0,0.0,159.88,0.0,0.0,169.5,0.9999253857184062,1.0,1195.6319356200017,1000.0,1195.6319356200017,1000.0,0.0,0.0
5152,1660707480000.0,0.0,0.0,0.0,159.88,0.0,0.0,169.8,0.9999253857184062,1.0,1195.6319356200017,1000.0,1195.6319356200017,1000.0,0.0,0.0
5153,1660711080000.0,0.0,0.0,0.0,159.88,0.0,0.0,167.7,0.9999253857184062,1.0,1195.6319356200017,1000.0,1195.6319356200017,1000.0,0.0,0.0
5154,1660714680000.0,0.0,0.0,0.0,159.88,0.0,0.0,166.65,0.9999253857184062,1.0,1195.6319356200017,1000.0,1195.6319356200017,1000.0,0.0,0.0
5155,1660718280000.0,0.0,0.0,0.0,159.88,0.0,0.0,167.5,0.9999253857184062,1.0,1195.6319356200017,1000.0,1195.6319356200017,1000.0,0.0,0.0
5156,1660721880000.0,0.0,0.0,0.0,159.88,0.0,0.0,163.65,0.9999253857184062,1.0,1195.6319356200017,1000.0,1195.6319356200017,1000.0,0.0,0.0
5157,1660725480000.0,0.0,0.0,0.0,159.88,0.0,0.0,163.3,0.9999253857184062,1.0,1195.6319356200017,1000.0,1195.6319356200017,1000.0,0.0,0.0
5158,1660729080000.0,0.0,0.0,0.0,159.88,0.0,0.0,163.1,0.9999253857184062,1.0,1195.6319356200017,1000.0,1195.6319356200017,1000.0,0.0,0.0
5159,1660732680000.0,0.0,0.0,0.3,161.76,0.0,0.0,161.5,0.9999253857184062,1.0,1195.6222300200018,1000.0,1195.5442300200018,1000.0,0.040588071032426495,0.0
5160,1660736280000.0,0.0,0.0,0.3,161.76,0.0,0.0,160.7,0.9999253857184062,1.0,1195.6222300200018,1000.0,1195.3042300200018,1000.0,0.040588071032426495,0.0
5161,1660739880000.0,0.0,0.0,0.3,161.76,0.0,0.0,159.9,0.9999253857184062,1.0,1195.6222300200018,1000.0,1195.0642300200018,1000.0,0.040588071032426495,0.0
5162,1660743480000.0,0.0,0.0,0.3,161.76,0.0,0.0,160.2,0.9999253857184062,1.0,1195.6222300200018,1000.0,1195.1542300200017,1000.0,0.040588071032426495,0.0
5163,1660747080000.0,0.0,0.0,0.3,161.76,0.0,0.0,160.85,0.9999253857184062,1.0,1195.6222300200018,1000.0,1195.3492300200019,1000.0,0.040588071032426495,0.0
5164,1660750680000.0,0.0,0.0,0.3,161.76,0.0,0.0,161.45,0.9999253857184062,1.0,1195.6222300200018,1000.0,1195.5292300200017,1000.0,0.040588071032426495,0.0
5165,1660754280000.0,0.0,0.0,0.3,161.76,0.0,0.0,162.65,0.9999253857184062,1.0,1195.6222300200018,1000.0,1195.8892300200018,1000.0,0.040588071032426495,0.0
5166,1660757880000.0,0.0,0.0,0.3,161.76,0.0,0.0,163.95,0.9999253857184062,1.0,1195.6222300200018,1000.0,1196.2792300200017,1000.0,0.040588071032426495,0.0
5167,1660761480000.0,0.0,0.0,0.14,161.76,0.0,0.0,168.45,0.9999253857184062,1.0,1196.3944981800018,1000.0,1197.3310981800018,1000.0,0.018928873406264,0.0
5168,1660765080000.0,0.0,0.0,0.14,161.76,0.0,0.0,168.6,0.9999253857184062,1.0,1196.3944981800018,1000.0,1197.3520981800018,1000.0,0.018928873406264,0.0
5169,1660768680000.0,0.0,0.0,0.14,161.76,0.0,0.0,169.55,0.9999253857184062,1.0,1196.3944981800018,1000.0,1197.4850981800018,1000.0,0.018928873406264,0.0
5170,1660772280000.0,0.0,0.0,0.14,161.76,0.0,0.0,167.75,0.9999253857184062,1.0,1196.3944981800018,1000.0,1197.233098180002,1000.0,0.018928873406264,0.0
5171,1660775880000.0,0.0,0.0,0.14,161.76,0.0,0.0,168.75,0.9999253857184062,1.0,1196.3944981800018,1000.0,1197.3730981800018,1000.0,0.018928873406264,0.0
5172,1660779480000.0,0.0,0.0,0.14,161.76,0.0,0.0,169.25,0.9999253857184062,1.0,1196.3944981800018,1000.0,1197.443098180002,1000.0,0.018928873406264,0.0
5173,1660783080000.0,0.0,0.0,0.07,161.76,0.0,0.0,170.05,0.9999253857184062,1.0,1197.006710620002,1000.0,1197.587010620002,1000.0,0.009459596090430464,0.0
5174,1660786680000.0,0.0,0.0,0.0,161.76,0.0,0.0,170.0,0.9999253857184062,1.0,1197.618923060002,1000.0,1197.618923060002,1000.0,0.0,0.0
5175,1660790280000.0,0.0,0.0,0.0,161.76,0.0,0.0,167.65,0.9999253857184062,1.0,1197.618923060002,1000.0,1197.618923060002,1000.0,0.0,0.0
5176,1660793880000.0,0.0,0.0,0.0,161.76,0.0,0.0,168.05,0.9999253857184062,1.0,1197.618923060002,1000.0,1197.618923060002,1000.0,0.0,0.0
5177,1660797480000.0,0.0,0.0,0.0,161.76,0.0,0.0,168.05,0.9999253857184062,1.0,1197.618923060002,1000.0,1197.618923060002,1000.0,0.0,0.0
5178,1660801080000.0,0.0,0.0,0.0,161.76,0.0,0.0,169.8,0.9999253857184062,1.0,1197.618923060002,1000.0,1197.618923060002,1000.0,0.0,0.0
5179,1660804680000.0,0.0,0.0,0.0,161.76,0.0,0.0,169.6,0.9999253857184062,1.0,1197.618923060002,1000.0,1197.618923060002,1000.0,0.0,0.0
5180,1660808280000.0,0.0,0.0,0.0,161.76,0.0,0.0,169.8,0.9999253857184062,1.0,1197.618923060002,1000.0,1197.618923060002,1000.0,0.0,0.0
5181,1660811880000.0,0.0,0.0,0.0,161.76,0.0,0.0,167.35,0.9999253857184062,1.0,1197.618923060002,1000.0,1197.618923060002,1000.0,0.0,0.0
5182,1660815480000.0,0.0,0.0,0.0,161.76,0.0,0.0,168.85,0.9999253857184062,1.0,1197.618923060002,1000.0,1197.618923060002,1000.0,0.0,0.0
5183,1660819080000.0,0.0,0.0,0.0,161.76,0.0,0.0,168.55,0.9999253857184062,1.0,1197.618923060002,1000.0,1197.618923060002,1000.0,0.0,0.0
5184,1660822680000.0,0.0,0.0,0.0,161.76,0.0,0.0,167.4,0.9999253857184062,1.0,1197.618923060002,1000.0,1197.618923060002,1000.0,0.0,0.0
5185,1660826280000.0,0.0,0.0,0.0,161.76,0.0,0.0,167.55,0.9999253857184062,1.0,1197.618923060002,1000.0,1197.618923060002,1000.0,0.0,0.0
5186,1660829880000.0,0.0,0.0,0.0,161.76,0.0,0.0,166.85,0.9999253857184062,1.0,1197.618923060002,1000.0,1197.618923060002,1000.0,0.0,0.0
5187,1660833480000.0,0.0,0.0,0.0,161.76,0.0,0.0,165.6,0.9999253857184062,1.0,1197.618923060002,1000.0,1197.618923060002,1000.0,0.0,0.0
5188,1660837080000.0,0.0,0.0,0.0,161.76,0.0,0.0,165.0,0.9999253857184062,1.0,1197.618923060002,1000.0,1197.618923060002,1000.0,0.0,0.0
5189,1660840680000.0,0.0,0.0,0.0,161.76,0.0,0.0,162.0,0.9999253857184062,1.0,1197.618923060002,1000.0,1197.618923060002,1000.0,0.0,0.0
5190,1660844280000.0,0.0,0.0,0.0,161.76,0.0,0.0,162.6,0.9999253857184062,1.0,1197.618923060002,1000.0,1197.618923060002,1000.0,0.0,0.0
5191,1660847880000.0,0.0,0.0,0.0,161.76,0.0,0.0,162.5,0.9999253857184062,1.0,1197.618923060002,1000.0,1197.618923060002,1000.0,0.0,0.0
5192,1660851480000.0,0.0,0.0,0.0,161.76,0.0,0.0,163.05,0.9999253857184062,1.0,1197.618923060002,1000.0,1197.618923060002,1000.0,0.0,0.0
5193,1660855080000.0,0.0,0.0,0.0,161.76,0.0,0.0,163.4,0.9999253857184062,1.0,1197.618923060002,1000.0,1197.618923060002,1000.0,0.0,0.0
5194,1660858680000.0,0.0,0.0,0.0,161.76,0.0,0.0,162.55,0.9999253857184062,1.0,1197.618923060002,1000.0,1197.618923060002,1000.0,0.0,0.0
5195,1660862280000.0,0.0,0.0,0.0,161.76,0.0,0.0,162.55,0.9999253857184062,1.0,1197.618923060002,1000.0,1197.618923060002,1000.0,0.0,0.0
5196,1660865880000.0,0.0,0.0,0.3,159.71,0.0,0.0,159.6,0.9999253857184062,1.0,1197.6093404600022,1000.0,1197.5763404600023,1000.0,0.040007203001269684,0.0
5197,1660869480000.0,0.0,0.0,0.3,159.71,0.0,0.0,158.9,0.9999253857184062,1.0,1197.6093404600022,1000.0,1197.3663404600022,1000.0,0.040007203001269684,0.0
5198,1660873080000.0,0.0,0.0,0.3,159.71,0.0,0.0,155.45,0.9999253857184062,1.0,1197.6093404600022,1000.0,1196.3313404600021,1000.0,0.040007203001269684,0.0
5199,1660876680000.0,0.0,0.0,0.3,159.71,0.0,0.0,156.45,0.9999253857184062,1.0,1197.6093404600022,1000.0,1196.631340460002,1000.0,0.040007203001269684,0.0
5200,1660880280000.0,0.0,0.0,0.3,159.71,0.0,0.0,157.25,0.9999253857184062,1.0,1197.6093404600022,1000.0,1196.871340460002,1000.0,0.040007203001269684,0.0
5201,1660883880000.0,0.0,0.0,0.3,159.71,0.0,0.0,157.55,0.9999253857184062,1.0,1197.6093404600022,1000.0,1196.9613404600022,1000.0,0.040007203001269684,0.0
5202,1660887480000.0,0.0,0.0,0.3,159.71,0.0,0.0,158.4,0.9999253857184062,1.0,1197.6093404600022,1000.0,1197.2163404600021,1000.0,0.040007203001269684,0.0
5203,1660891080000.0,0.0,0.0,0.61,156.33049180327868,0.0,0.0,149.5,0.9999253857184062,1.0,1197.5998507400022,1000.0,1193.4332507400022,1000.0,0.07962726443317077,0.0
5204,1660894680000.0,0.0,0.0,0.61,156.33049180327868,0.0,0.0,150.5,0.9999253857184062,1.0,1197.5998507400022,1000.0,1194.0432507400023,1000.0,0.07962726443317077,0.0
5205,1660898280000.0,0.0,0.0,0.61,156.33049180327868,0.0,0.0,152.6,0.9999253857184062,1.0,1197.5998507400022,1000.0,1195.3242507400023,1000.0,0.07962726443317077,0.0
5206,1660901880000.0,0.0,0.0,0.61,156.33049180327868,0.0,0.0,153.9,0.9999253857184062,1.0,1197.5998507400022,1000.0,1196.1172507400022,1000.0,0.07962726443317077,0.0
5207,1660905480000.0,0.0,0.0,0.61,156.33049180327868,0.0,0.0,154.25,0.9999253857184062,1.0,1197.5998507400022,1000.0,1196.3307507400023,1000.0,0.07962726443317077,0.0
5208,1660909080000.0,0.0,0.0,0.61,156.33049180327868,0.0,0.0,152.2,0.9999253857184062,1.0,1197.5998507400022,1000.0,1195.0802507400022,1000.0,0.07962726443317077,0.0
5209,1660912680000.0,0.0,0.0,0.61,156.33049180327868,0.0,0.0,152.7,0.9999253857184062,1.0,1197.5998507400022,1000.0,1195.3852507400022,1000.0,0.07962726443317077,0.0
5210,1660916280000.0,0.0,0.0,0.61,156.33049180327868,0.0,0.0,151.55,0.9999253857184062,1.0,1197.5998507400022,1000.0,1194.6837507400023,1000.0,0.07962726443317077,0.0
5211,1660919880000.0,0.0,0.0,0.61,156.33049180327868,0.0,0.0,150.25,0.9999253857184062,1.0,1197.5998507400022,1000.0,1193.8907507400022,1000.0,0.07962726443317077,0.0
5212,1660923480000.0,0.0,0.0,0.93,153.30580645161288,0.0,0.0,147.95,0.9999253857184062,1.0,1197.5904081800022,1000.0,1192.6095081800022,1000.0,0.11905105370430667,0.0
5213,1660927080000.0,0.0,0.0,0.93,153.30580645161288,0.0,0.0,150.8,0.9999253857184062,1.0,1197.5904081800022,1000.0,1195.2600081800022,1000.0,0.11905105370430667,0.0
5214,1660930680000.0,0.0,0.0,0.93,153.30580645161288,0.0,0.0,148.95,0.9999253857184062,1.0,1197.5904081800022,1000.0,1193.5395081800023,1000.0,0.11905105370430667,0.0
5215,1660934280000.0,0.0,0.0,0.93,153.30580645161288,0.0,0.0,147.95,0.9999253857184062,1.0,1197.5904081800022,1000.0,1192.6095081800022,1000.0,0.11905105370430667,0.0
5216,1660937880000.0,0.0,0.0,0.93,153.30580645161288,0.0,0.0,146.35,0.9999253857184062,1.0,1197.5904081800022,1000.0,1191.1215081800021,1000.0,0.11905105370430667,0.0
5217,1660941480000.0,0.0,0.0,0.93,153.30580645161288,0.0,0.0,145.75,0.9999253857184062,1.0,1197.5904081800022,1000.0,1190.5635081800021,1000.0,0.11905105370430667,0.0
5218,1660945080000.0,0.0,0.0,0.93,153.30580645161288,0.0,0.0,146.35,0.9999253857184062,1.0,1197.5904081800022,1000.0,1191.1215081800021,1000.0,0.11905105370430667,0.0
5219,1660948680000.0,0.0,0.0,1.38,149.76913043478262,0.0,0.0,143.65,0.9999253857184062,1.0,1197.5775867800023,1000.0,1189.1331867800022,1000.0,0.1725828892270074,0.0
5220,1660952280000.0,0.0,0.0,1.38,149.76913043478262,0.0,0.0,142.6,0.9999253857184062,1.0,1197.5775867800023,1000.0,1187.6841867800024,1000.0,0.1725828892270074,0.0
5221,1660955880000.0,0.0,0.0,1.38,149.76913043478262,0.0,0.0,144.25,0.9999253857184062,1.0,1197.5775867800023,1000.0,1189.9611867800022,1000.0,0.1725828892270074,0.0
5222,1660959480000.0,0.0,0.0,1.38,149.76913043478262,0.0,0.0,143.9,0.9999253857184062,1.0,1197.5775867800023,1000.0,1189.4781867800023,1000.0,0.1725828892270074,0.0
5223,1660963080000.0,0.0,0.0,1.38,149.76913043478262,0.0,0.0,144.15,0.9999253857184062,1.0,1197.5775867800023,1000.0,1189.8231867800023,1000.0,0.1725828892270074,0.0
5224,1660966680000.0,0.0,0.0,1.38,149.76913043478262,0.0,0.0,144.0,0.9999253857184062,1.0,1197.5775867800023,1000.0,1189.6161867800024,1000.0,0.1725828892270074,0.0
5225,1660970280000.0,0.0,0.0,1.38,149.76913043478262,0.0,0.0,144.3,0.9999253857184062,1.0,1197.5775867800023,1000.0,1190.0301867800024,1000.0,0.1725828892270074,0.0
5226,1660973880000.0,0.0,0.0,1.38,149.76913043478262,0.0,0.0,145.15,0.9999253857184062,1.0,1197.5775867800023,1000.0,1191.2031867800024,1000.0,0.1725828892270074,0.0
5227,1660977480000.0,0.0,0.0,1.38,149.76913043478262,0.0,0.0,145.3,0.9999253857184062,1.0,1197.5775867800023,1000.0,1191.4101867800023,1000.0,0.1725828892270074,0.0
5228,1660981080000.0,0.0,0.0,1.38,149.76913043478262,0.0,0.0,146.15,0.9999253857184062,1.0,1197.5775867800023,1000.0,1192.5831867800023,1000.0,0.1725828892270074,0.0
5229,1660984680000.0,0.0,0.0,1.38,149.76913043478262,0.0,0.0,145.05,0.9999253857184062,1.0,1197.5775867800023,1000.0,1191.0651867800023,1000.0,0.1725828892270074,0.0
5230,1660988280000.0,0.0,0.0,1.38,149.76913043478262,0.0,0.0,145.5,0.9999253857184062,1.0,1197.5775867800023,1000.0,1191.6861867800023,1000.0,0.1725828892270074,0.0
5231,1660991880000.0,0.0,0.0,1.38,149.76913043478262,0.0,0.0,144.5,0.9999253857184062,1.0,1197.5775867800023,1000.0,1190.3061867800022,1000.0,0.1725828892270074,0.0
5232,1660995480000.0,0.0,0.0,1.38,149.76913043478262,0.0,0.0,145.85,0.9999253857184062,1.0,1197.5775867800023,1000.0,1192.1691867800023,1000.0,0.1725828892270074,0.0
5233,1660999080000.0,0.0,0.0,1.38,149.76913043478262,0.0,0.0,146.6,0.9999253857184062,1.0,1197.5775867800023,1000.0,1193.2041867800024,1000.0,0.1725828892270074,0.0
5234,1661002680000.0,0.0,0.0,1.38,149.76913043478262,0.0,0.0,146.05,0.9999253857184062,1.0,1197.5775867800023,1000.0,1192.4451867800024,1000.0,0.1725828892270074,0.0
5235,1661006280000.0,0.0,0.0,1.38,149.76913043478262,0.0,0.0,147.15,0.9999253857184062,1.0,1197.5775867800023,1000.0,1193.9631867800024,1000.0,0.1725828892270074,0.0
5236,1661009880000.0,0.0,0.0,1.38,149.76913043478262,0.0,0.0,145.65,0.9999253857184062,1.0,1197.5775867800023,1000.0,1191.8931867800022,1000.0,0.1725828892270074,0.0
5237,1661013480000.0,0.0,0.0,1.38,149.76913043478262,0.0,0.0,145.55,0.9999253857184062,1.0,1197.5775867800023,1000.0,1191.7551867800023,1000.0,0.1725828892270074,0.0
5238,1661017080000.0,0.0,0.0,1.38,149.76913043478262,0.0,0.0,146.05,0.9999253857184062,1.0,1197.5775867800023,1000.0,1192.4451867800024,1000.0,0.1725828892270074,0.0
5239,1661020680000.0,0.0,0.0,1.38,149.76913043478262,0.0,0.0,146.45,0.9999253857184062,1.0,1197.5775867800023,1000.0,1192.9971867800023,1000.0,0.1725828892270074,0.0
5240,1661024280000.0,0.0,0.0,1.38,149.76913043478262,0.0,0.0,145.85,0.9999253857184062,1.0,1197.5775867800023,1000.0,1192.1691867800023,1000.0,0.1725828892270074,0.0
5241,1661027880000.0,0.0,0.0,1.38,149.76913043478262,0.0,0.0,148.15,0.9999253857184062,1.0,1197.5775867800023,1000.0,1195.3431867800023,1000.0,0.1725828892270074,0.0
5242,1661031480000.0,0.0,0.0,1.38,149.76913043478262,0.0,0.0,147.75,0.9999253857184062,1.0,1197.5775867800023,1000.0,1194.7911867800024,1000.0,0.1725828892270074,0.0
5243,1661035080000.0,0.0,0.0,1.38,149.76913043478262,0.0,0.0,149.05,0.9999253857184062,1.0,1197.5775867800023,1000.0,1196.5851867800022,1000.0,0.1725828892270074,0.0
5244,1661038680000.0,0.0,0.0,1.38,149.76913043478262,0.0,0.0,148.25,0.9999253857184062,1.0,1197.5775867800023,1000.0,1195.4811867800022,1000.0,0.1725828892270074,0.0
5245,1661042280000.0,0.0,0.0,1.38,149.76913043478262,0.0,0.0,150.25,0.9999253857184062,1.0,1197.5775867800023,1000.0,1198.2411867800024,1000.0,0.1725828892270074,0.0
5246,1661045880000.0,0.0,0.0,1.38,149.76913043478262,0.0,0.0,150.85,0.9999253857184062,1.0,1197.5775867800023,1000.0,1199.0691867800024,1000.0,0.1725828892270074,0.0
5247,1661049480000.0,0.0,0.0,1.38,149.76913043478262,0.0,0.0,150.85,0.9999253857184062,1.0,1197.5775867800023,1000.0,1199.0691867800024,1000.0,0.1725828892270074,0.0
5248,1661053080000.0,0.0,0.0,1.38,149.76913043478262,0.0,0.0,150.4,0.9999253857184062,1.0,1197.5775867800023,1000.0,1198.4481867800023,1000.0,0.1725828892270074,0.0
5249,1661056680000.0,0.0,0.0,1.38,149.76913043478262,0.0,0.0,151.5,0.9999253857184062,1.0,1197.5775867800023,1000.0,1199.9661867800023,1000.0,0.1725828892270074,0.0
5250,1661060280000.0,0.0,0.0,1.38,149.76913043478262,0.0,0.0,152.05,0.9999253857184062,1.0,1197.5775867800023,1000.0,1200.7251867800023,1000.0,0.1725828892270074,0.0
5251,1661063880000.0,0.0,0.0,1.38,149.76913043478262,0.0,0.0,151.7,0.9999253857184062,1.0,1197.5775867800023,1000.0,1200.2421867800024,1000.0,0.1725828892270074,0.0
5252,1661067480000.0,0.0,0.0,1.38,149.76913043478262,0.0,0.0,152.7,0.9999253857184062,1.0,1197.5775867800023,1000.0,1201.6221867800023,1000.0,0.1725828892270074,0.0
5253,1661071080000.0,0.0,0.0,1.38,149.76913043478262,0.0,0.0,151.9,0.9999253857184062,1.0,1197.5775867800023,1000.0,1200.5181867800022,1000.0,0.1725828892270074,0.0
5254,1661074680000.0,0.0,0.0,1.38,149.76913043478262,0.0,0.0,152.9,0.9999253857184062,1.0,1197.5775867800023,1000.0,1201.8981867800023,1000.0,0.1725828892270074,0.0
5255,1661078280000.0,0.0,0.0,1.38,149.76913043478262,0.0,0.0,152.15,0.9999253857184062,1.0,1197.5775867800023,1000.0,1200.8631867800023,1000.0,0.1725828892270074,0.0
5256,1661081880000.0,0.0,0.0,1.38,149.76913043478262,0.0,0.0,151.8,0.9999253857184062,1.0,1197.5775867800023,1000.0,1200.3801867800023,1000.0,0.1725828892270074,0.0
5257,1661085480000.0,0.0,0.0,1.38,149.76913043478262,0.0,0.0,152.5,0.9999253857184062,1.0,1197.5775867800023,1000.0,1201.3461867800022,1000.0,0.1725828892270074,0.0
5258,1661089080000.0,0.0,0.0,1.38,149.76913043478262,0.0,0.0,152.35,0.9999253857184062,1.0,1197.5775867800023,1000.0,1201.1391867800023,1000.0,0.1725828892270074,0.0
5259,1661092680000.0,0.0,0.0,1.38,149.76913043478262,0.0,0.0,153.3,0.9999253857184062,1.0,1197.5775867800023,1000.0,1202.4501867800022,1000.0,0.1725828892270074,0.0
5260,1661096280000.0,0.0,0.0,1.38,149.76913043478262,0.0,0.0,153.0,0.9999253857184062,1.0,1197.5775867800023,1000.0,1202.0361867800023,1000.0,0.1725828892270074,0.0
5261,1661099880000.0,0.0,0.0,0.19,149.76913043478262,0.0,0.0,154.5,0.9999253857184062,1.0,1202.8969053026108,1000.0,1203.7957705200022,1000.0,0.02365633717833037,0.0
5262,1661103480000.0,0.0,0.0,0.19,149.76913043478262,0.0,0.0,155.55,0.9999253857184062,1.0,1202.8969053026108,1000.0,1203.9952705200021,1000.0,0.02365633717833037,0.0
5263,1661107080000.0,0.0,0.0,0.19,149.76913043478262,0.0,0.0,156.75,0.9999253857184062,1.0,1202.8969053026108,1000.0,1204.2232705200022,1000.0,0.02365633717833037,0.0
5264,1661110680000.0,0.0,0.0,0.19,149.76913043478262,0.0,0.0,156.6,0.9999253857184062,1.0,1202.8969053026108,1000.0,1204.194770520002,1000.0,0.02365633717833037,0.0
5265,1661114280000.0,0.0,0.0,0.19,149.76913043478262,0.0,0.0,155.7,0.9999253857184062,1.0,1202.8969053026108,1000.0,1204.023770520002,1000.0,0.02365633717833037,0.0
5266,1661117880000.0,0.0,0.0,0.1,149.76913043478262,0.0,0.0,156.45,0.9999253857184062,1.0,1203.6258413634803,1000.0,1204.2939283200021,1000.0,0.012443163422374061,0.0
5267,1661121480000.0,0.0,0.0,0.05,149.76913043478262,0.0,0.0,155.3,0.9999253857184062,1.0,1203.849342141741,1000.0,1204.125885620002,1000.0,0.006220426642769591,0.0
5268,1661125080000.0,0.0,0.0,0.05,149.76913043478262,0.0,0.0,154.75,0.9999253857184062,1.0,1203.849342141741,1000.0,1204.0983856200019,1000.0,0.006220426642769591,0.0
5269,1661128680000.0,0.0,0.0,0.05,149.76913043478262,0.0,0.0,153.3,0.9999253857184062,1.0,1203.849342141741,1000.0,1204.0258856200019,1000.0,0.006220426642769591,0.0
5270,1661132280000.0,0.0,0.0,0.05,149.76913043478262,0.0,0.0,151.05,0.9999253857184062,1.0,1203.849342141741,1000.0,1203.913385620002,1000.0,0.006220426642769591,0.0
5271,1661135880000.0,0.0,0.0,0.05,149.76913043478262,0.0,0.0,152.0,0.9999253857184062,1.0,1203.849342141741,1000.0,1203.960885620002,1000.0,0.006220426642769591,0.0
5272,1661139480000.0,0.0,0.0,0.05,149.76913043478262,0.0,0.0,152.7,0.9999253857184062,1.0,1203.849342141741,1000.0,1203.995885620002,1000.0,0.006220426642769591,0.0
5273,1661143080000.0,0.0,0.0,0.05,149.76913043478262,0.0,0.0,152.4,0.9999253857184062,1.0,1203.849342141741,1000.0,1203.980885620002,1000.0,0.006220426642769591,0.0
5274,1661146680000.0,0.0,0.0,0.05,149.76913043478262,0.0,0.0,153.25,0.9999253857184062,1.0,1203.849342141741,1000.0,1204.023385620002,1000.0,0.006220426642769591,0.0
5275,1661150280000.0,0.0,0.0,0.04,149.76913043478262,0.0,0.0,152.65,0.9999253857184062,1.0,1203.894042297393,1000.0,1204.0092770800018,1000.0,0.00497615654444067,0.0
5276,1661153880000.0,0.0,0.0,0.04,149.76913043478262,0.0,0.0,153.0,0.9999253857184062,1.0,1203.894042297393,1000.0,1204.0232770800017,1000.0,0.00497615654444067,0.0
5277,1661157480000.0,0.0,0.0,0.04,149.76913043478262,0.0,0.0,150.5,0.9999253857184062,1.0,1203.894042297393,1000.0,1203.9232770800018,1000.0,0.00497615654444067,0.0
5278,1661161080000.0,0.0,0.0,0.04,149.76913043478262,0.0,0.0,152.6,0.9999253857184062,1.0,1203.894042297393,1000.0,1204.0072770800018,1000.0,0.00497615654444067,0.0
5279,1661164680000.0,0.0,0.0,0.0,149.76913043478262,0.0,0.0,154.45,0.9999253857184062,1.0,1204.072842920001,1000.0,1204.072842920001,1000.0,0.0,0.0
5280,1661168280000.0,0.0,0.0,0.0,149.76913043478262,0.0,0.0,152.95,0.9999253857184062,1.0,1204.072842920001,1000.0,1204.072842920001,1000.0,0.0,0.0
5281,1661171880000.0,0.0,0.0,0.0,149.76913043478262,0.0,0.0,152.2,0.9999253857184062,1.0,1204.072842920001,1000.0,1204.072842920001,1000.0,0.0,0.0
5282,1661175480000.0,0.0,0.0,0.0,149.76913043478262,0.0,0.0,151.45,0.9999253857184062,1.0,1204.072842920001,1000.0,1204.072842920001,1000.0,0.0,0.0
5283,1661179080000.0,0.0,0.0,0.0,149.76913043478262,0.0,0.0,152.45,0.9999253857184062,1.0,1204.072842920001,1000.0,1204.072842920001,1000.0,0.0,0.0
5284,1661182680000.0,0.0,0.0,0.0,149.76913043478262,0.0,0.0,152.25,0.9999253857184062,1.0,1204.072842920001,1000.0,1204.072842920001,1000.0,0.0,0.0
5285,1661186280000.0,0.0,0.0,0.0,149.76913043478262,0.0,0.0,152.95,0.9999253857184062,1.0,1204.072842920001,1000.0,1204.072842920001,1000.0,0.0,0.0
5286,1661189880000.0,0.0,0.0,0.0,149.76913043478262,0.0,0.0,152.45,0.9999253857184062,1.0,1204.072842920001,1000.0,1204.072842920001,1000.0,0.0,0.0
5287,1661193480000.0,0.0,0.0,0.0,149.76913043478262,0.0,0.0,151.55,0.9999253857184062,1.0,1204.072842920001,1000.0,1204.072842920001,1000.0,0.0,0.0
5288,1661197080000.0,0.0,0.0,0.0,149.76913043478262,0.0,0.0,152.55,0.9999253857184062,1.0,1204.072842920001,1000.0,1204.072842920001,1000.0,0.0,0.0
5289,1661200680000.0,0.0,0.0,0.0,149.76913043478262,0.0,0.0,153.3,0.9999253857184062,1.0,1204.072842920001,1000.0,1204.072842920001,1000.0,0.0,0.0
5290,1661204280000.0,0.0,0.0,0.0,149.76913043478262,0.0,0.0,152.2,0.9999253857184062,1.0,1204.072842920001,1000.0,1204.072842920001,1000.0,0.0,0.0
5291,1661207880000.0,0.0,0.0,0.0,149.76913043478262,0.0,0.0,152.95,0.9999253857184062,1.0,1204.072842920001,1000.0,1204.072842920001,1000.0,0.0,0.0
5292,1661211480000.0,0.0,0.0,0.0,149.76913043478262,0.0,0.0,153.1,0.9999253857184062,1.0,1204.072842920001,1000.0,1204.072842920001,1000.0,0.0,0.0
5293,1661215080000.0,0.0,0.0,0.0,149.76913043478262,0.0,0.0,154.5,0.9999253857184062,1.0,1204.072842920001,1000.0,1204.072842920001,1000.0,0.0,0.0
5294,1661218680000.0,0.0,0.0,0.0,149.76913043478262,0.0,0.0,154.1,0.9999253857184062,1.0,1204.072842920001,1000.0,1204.072842920001,1000.0,0.0,0.0
5295,1661222280000.0,0.0,0.0,0.0,149.76913043478262,0.0,0.0,154.15,0.9999253857184062,1.0,1204.072842920001,1000.0,1204.072842920001,1000.0,0.0,0.0
5296,1661225880000.0,0.0,0.0,0.0,149.76913043478262,0.0,0.0,153.65,0.9999253857184062,1.0,1204.072842920001,1000.0,1204.072842920001,1000.0,0.0,0.0
5297,1661229480000.0,0.0,0.0,0.0,149.76913043478262,0.0,0.0,152.8,0.9999253857184062,1.0,1204.072842920001,1000.0,1204.072842920001,1000.0,0.0,0.0
5298,1661233080000.0,0.0,0.0,0.0,149.76913043478262,0.0,0.0,151.0,0.9999253857184062,1.0,1204.072842920001,1000.0,1204.072842920001,1000.0,0.0,0.0
5299,1661236680000.0,0.0,0.0,0.0,149.76913043478262,0.0,0.0,151.15,0.9999253857184062,1.0,1204.072842920001,1000.0,1204.072842920001,1000.0,0.0,0.0
5300,1661240280000.0,0.0,0.0,0.0,149.76913043478262,0.0,0.0,153.15,0.9999253857184062,1.0,1204.072842920001,1000.0,1204.072842920001,1000.0,0.0,0.0
5301,1661243880000.0,0.0,0.0,0.0,149.76913043478262,0.0,0.0,155.3,0.9999253857184062,1.0,1204.072842920001,1000.0,1204.072842920001,1000.0,0.0,0.0
5302,1661247480000.0,0.0,0.0,0.0,149.76913043478262,0.0,0.0,153.55,0.9999253857184062,1.0,1204.072842920001,1000.0,1204.072842920001,1000.0,0.0,0.0
5303,1661251080000.0,0.0,0.0,0.0,149.76913043478262,0.0,0.0,153.9,0.9999253857184062,1.0,1204.072842920001,1000.0,1204.072842920001,1000.0,0.0,0.0
5304,1661254680000.0,0.0,0.0,0.0,149.76913043478262,0.0,0.0,154.35,0.9999253857184062,1.0,1204.072842920001,1000.0,1204.072842920001,1000.0,0.0,0.0
5305,1661258280000.0,0.0,0.0,0.0,149.76913043478262,0.0,0.0,154.05,0.9999253857184062,1.0,1204.072842920001,1000.0,1204.072842920001,1000.0,0.0,0.0
5306,1661261880000.0,0.0,0.0,0.0,149.76913043478262,0.0,0.0,154.4,0.9999253857184062,1.0,1204.072842920001,1000.0,1204.072842920001,1000.0,0.0,0.0
5307,1661265480000.0,0.0,0.0,0.0,149.76913043478262,0.0,0.0,154.65,0.9999253857184062,1.0,1204.072842920001,1000.0,1204.072842920001,1000.0,0.0,0.0
5308,1661269080000.0,0.0,0.0,0.0,149.76913043478262,0.0,0.0,154.45,0.9999253857184062,1.0,1204.072842920001,1000.0,1204.072842920001,1000.0,0.0,0.0
5309,1661272680000.0,0.0,0.0,0.0,149.76913043478262,0.0,0.0,154.5,0.9999253857184062,1.0,1204.072842920001,1000.0,1204.072842920001,1000.0,0.0,0.0
5310,1661276280000.0,0.0,0.0,0.0,149.76913043478262,0.0,0.0,154.4,0.9999253857184062,1.0,1204.072842920001,1000.0,1204.072842920001,1000.0,0.0,0.0
5311,1661279880000.0,0.0,0.0,0.0,149.76913043478262,0.0,0.0,155.4,0.9999253857184062,1.0,1204.072842920001,1000.0,1204.072842920001,1000.0,0.0,0.0
5312,1661283480000.0,0.0,0.0,0.0,149.76913043478262,0.0,0.0,154.15,0.9999253857184062,1.0,1204.072842920001,1000.0,1204.072842920001,1000.0,0.0,0.0
5313,1661287080000.0,0.0,0.0,0.0,149.76913043478262,0.0,0.0,154.05,0.9999253857184062,1.0,1204.072842920001,1000.0,1204.072842920001,1000.0,0.0,0.0
5314,1661290680000.0,0.0,0.0,0.0,149.76913043478262,0.0,0.0,153.9,0.9999253857184062,1.0,1204.072842920001,1000.0,1204.072842920001,1000.0,0.0,0.0
5315,1661294280000.0,0.0,0.0,0.0,149.76913043478262,0.0,0.0,154.0,0.9999253857184062,1.0,1204.072842920001,1000.0,1204.072842920001,1000.0,0.0,0.0
5316,1661297880000.0,0.0,0.0,0.0,149.76913043478262,0.0,0.0,154.65,0.9999253857184062,1.0,1204.072842920001,1000.0,1204.072842920001,1000.0,0.0,0.0
5317,1661301480000.0,0.0,0.0,0.0,149.76913043478262,0.0,0.0,153.35,0.9999253857184062,1.0,1204.072842920001,1000.0,1204.072842920001,1000.0,0.0,0.0
5318,1661305080000.0,0.0,0.0,0.0,149.76913043478262,0.0,0.0,151.75,0.9999253857184062,1.0,1204.072842920001,1000.0,1204.072842920001,1000.0,0.0,0.0
5319,1661308680000.0,0.0,0.0,0.0,149.76913043478262,0.0,0.0,151.95,0.9999253857184062,1.0,1204.072842920001,1000.0,1204.072842920001,1000.0,0.0,0.0
5320,1661312280000.0,0.0,0.0,0.0,149.76913043478262,0.0,0.0,151.7,0.9999253857184062,1.0,1204.072842920001,1000.0,1204.072842920001,1000.0,0.0,0.0
5321,1661315880000.0,0.0,0.0,0.0,149.76913043478262,0.0,0.0,151.8,0.9999253857184062,1.0,1204.072842920001,1000.0,1204.072842920001,1000.0,0.0,0.0
5322,1661319480000.0,0.0,0.0,0.0,149.76913043478262,0.0,0.0,153.4,0.9999253857184062,1.0,1204.072842920001,1000.0,1204.072842920001,1000.0,0.0,0.0
5323,1661323080000.0,0.0,0.0,0.0,149.76913043478262,0.0,0.0,151.35,0.9999253857184062,1.0,1204.072842920001,1000.0,1204.072842920001,1000.0,0.0,0.0
5324,1661326680000.0,0.0,0.0,0.0,149.76913043478262,0.0,0.0,151.1,0.9999253857184062,1.0,1204.072842920001,1000.0,1204.072842920001,1000.0,0.0,0.0
5325,1661330280000.0,0.0,0.0,0.0,149.76913043478262,0.0,0.0,153.3,0.9999253857184062,1.0,1204.072842920001,1000.0,1204.072842920001,1000.0,0.0,0.0
5326,1661333880000.0,0.0,0.0,0.0,149.76913043478262,0.0,0.0,152.75,0.9999253857184062,1.0,1204.072842920001,1000.0,1204.072842920001,1000.0,0.0,0.0
5327,1661337480000.0,0.0,0.0,0.0,149.76913043478262,0.0,0.0,153.45,0.9999253857184062,1.0,1204.072842920001,1000.0,1204.072842920001,1000.0,0.0,0.0
5328,1661341080000.0,0.0,0.0,0.0,149.76913043478262,0.0,0.0,154.0,0.9999253857184062,1.0,1204.072842920001,1000.0,1204.072842920001,1000.0,0.0,0.0
5329,1661344680000.0,0.0,0.0,0.0,149.76913043478262,0.0,0.0,153.6,0.9999253857184062,1.0,1204.072842920001,1000.0,1204.072842920001,1000.0,0.0,0.0
5330,1661348280000.0,0.0,0.0,0.0,149.76913043478262,0.0,0.0,151.35,0.9999253857184062,1.0,1204.072842920001,1000.0,1204.072842920001,1000.0,0.0,0.0
5331,1661351880000.0,0.0,0.0,0.0,149.76913043478262,0.0,0.0,151.7,0.9999253857184062,1.0,1204.072842920001,1000.0,1204.072842920001,1000.0,0.0,0.0
5332,1661355480000.0,0.0,0.0,0.0,149.76913043478262,0.0,0.0,152.8,0.9999253857184062,1.0,1204.072842920001,1000.0,1204.072842920001,1000.0,0.0,0.0
5333,1661359080000.0,0.0,0.0,0.0,149.76913043478262,0.0,0.0,153.4,0.9999253857184062,1.0,1204.072842920001,1000.0,1204.072842920001,1000.0,0.0,0.0
5334,1661362680000.0,0.0,0.0,0.0,149.76913043478262,0.0,0.0,152.95,0.9999253857184062,1.0,1204.072842920001,1000.0,1204.072842920001,1000.0,0.0,0.0
5335,1661366280000.0,0.0,0.0,0.0,149.76913043478262,0.0,0.0,153.0,0.9999253857184062,1.0,1204.072842920001,1000.0,1204.072842920001,1000.0,0.0,0.0
5336,1661369880000.0,0.0,0.0,0.0,149.76913043478262,0.0,0.0,153.75,0.9999253857184062,1.0,1204.072842920001,1000.0,1204.072842920001,1000.0,0.0,0.0
5337,1661373480000.0,0.0,0.0,0.0,149.76913043478262,0.0,0.0,153.5,0.9999253857184062,1.0,1204.072842920001,1000.0,1204.072842920001,1000.0,0.0,0.0
5338,1661377080000.0,0.0,0.0,0.0,149.76913043478262,0.0,0.0,153.65,0.9999253857184062,1.0,1204.072842920001,1000.0,1204.072842920001,1000.0,0.0,0.0
5339,1661380680000.0,0.0,0.0,0.0,149.76913043478262,0.0,0.0,151.4,0.9999253857184062,1.0,1204.072842920001,1000.0,1204.072842920001,1000.0,0.0,0.0
5340,1661384280000.0,0.0,0.0,0.0,149.76913043478262,0.0,0.0,150.55,0.9999253857184062,1.0,1204.072842920001,1000.0,1204.072842920001,1000.0,0.0,0.0
5341,1661387880000.0,0.0,0.0,0.0,149.76913043478262,0.0,0.0,151.05,0.9999253857184062,1.0,1204.072842920001,1000.0,1204.072842920001,1000.0,0.0,0.0
5342,1661391480000.0,0.0,0.0,0.0,149.76913043478262,0.0,0.0,152.65,0.9999253857184062,1.0,1204.072842920001,1000.0,1204.072842920001,1000.0,0.0,0.0
5343,1661395080000.0,0.0,0.0,0.0,149.76913043478262,0.0,0.0,152.45,0.9999253857184062,1.0,1204.072842920001,1000.0,1204.072842920001,1000.0,0.0,0.0
5344,1661398680000.0,0.0,0.0,0.0,149.76913043478262,0.0,0.0,151.95,0.9999253857184062,1.0,1204.072842920001,1000.0,1204.072842920001,1000.0,0.0,0.0
5345,1661402280000.0,0.0,0.0,0.0,149.76913043478262,0.0,0.0,151.9,0.9999253857184062,1.0,1204.072842920001,1000.0,1204.072842920001,1000.0,0.0,0.0
5346,1661405880000.0,0.0,0.0,0.0,149.76913043478262,0.0,0.0,151.35,0.9999253857184062,1.0,1204.072842920001,1000.0,1204.072842920001,1000.0,0.0,0.0
5347,1661409480000.0,0.0,0.0,0.0,149.76913043478262,0.0,0.0,153.6,0.9999253857184062,1.0,1204.072842920001,1000.0,1204.072842920001,1000.0,0.0,0.0
5348,1661413080000.0,0.0,0.0,0.0,149.76913043478262,0.0,0.0,154.8,0.9999253857184062,1.0,1204.072842920001,1000.0,1204.072842920001,1000.0,0.0,0.0
5349,1661416680000.0,0.0,0.0,0.0,149.76913043478262,0.0,0.0,154.15,0.9999253857184062,1.0,1204.072842920001,1000.0,1204.072842920001,1000.0,0.0,0.0
5350,1661420280000.0,0.0,0.0,0.0,149.76913043478262,0.0,0.0,153.4,0.9999253857184062,1.0,1204.072842920001,1000.0,1204.072842920001,1000.0,0.0,0.0
5351,1661423880000.0,0.0,0.0,0.0,149.76913043478262,0.0,0.0,153.55,0.9999253857184062,1.0,1204.072842920001,1000.0,1204.072842920001,1000.0,0.0,0.0
5352,1661427480000.0,0.0,0.0,0.0,149.76913043478262,0.0,0.0,153.95,0.9999253857184062,1.0,1204.072842920001,1000.0,1204.072842920001,1000.0,0.0,0.0
5353,1661431080000.0,0.0,0.0,0.0,149.76913043478262,0.0,0.0,153.3,0.9999253857184062,1.0,1204.072842920001,1000.0,1204.072842920001,1000.0,0.0,0.0
5354,1661434680000.0,0.0,0.0,0.0,149.76913043478262,0.0,0.0,152.4,0.9999253857184062,1.0,1204.072842920001,1000.0,1204.072842920001,1000.0,0.0,0.0
5355,1661438280000.0,0.0,0.0,0.0,149.76913043478262,0.0,0.0,153.25,0.9999253857184062,1.0,1204.072842920001,1000.0,1204.072842920001,1000.0,0.0,0.0
5356,1661441880000.0,0.0,0.0,0.0,149.76913043478262,0.0,0.0,151.8,0.9999253857184062,1.0,1204.072842920001,1000.0,1204.072842920001,1000.0,0.0,0.0
5357,1661445480000.0,0.0,0.0,0.0,149.76913043478262,0.0,0.0,152.7,0.9999253857184062,1.0,1204.072842920001,1000.0,1204.072842920001,1000.0,0.0,0.0
5358,1661449080000.0,0.0,0.0,0.0,149.76913043478262,0.0,0.0,153.3,0.9999253857184062,1.0,1204.072842920001,1000.0,1204.072842920001,1000.0,0.0,0.0
5359,1661452680000.0,0.0,0.0,0.0,149.76913043478262,0.0,0.0,153.45,0.9999253857184062,1.0,1204.072842920001,1000.0,1204.072842920001,1000.0,0.0,0.0
5360,1661456280000.0,0.0,0.0,0.0,149.76913043478262,0.0,0.0,154.15,0.9999253857184062,1.0,1204.072842920001,1000.0,1204.072842920001,1000.0,0.0,0.0
5361,1661459880000.0,0.0,0.0,0.0,149.76913043478262,0.0,0.0,154.45,0.9999253857184062,1.0,1204.072842920001,1000.0,1204.072842920001,1000.0,0.0,0.0
5362,1661463480000.0,0.0,0.0,0.0,149.76913043478262,0.0,0.0,154.85,0.9999253857184062,1.0,1204.072842920001,1000.0,1204.072842920001,1000.0,0.0,0.0
5363,1661467080000.0,0.0,0.0,0.0,149.76913043478262,0.0,0.0,154.5,0.9999253857184062,1.0,1204.072842920001,1000.0,1204.072842920001,1000.0,0.0,0.0
5364,1661470680000.0,0.0,0.0,0.0,149.76913043478262,0.0,0.0,154.05,0.9999253857184062,1.0,1204.072842920001,1000.0,1204.072842920001,1000.0,0.0,0.0
5365,1661474280000.0,0.0,0.0,0.0,149.76913043478262,0.0,0.0,153.4,0.9999253857184062,1.0,1204.072842920001,1000.0,1204.072842920001,1000.0,0.0,0.0
5366,1661477880000.0,0.0,0.0,0.0,149.76913043478262,0.0,0.0,153.65,0.9999253857184062,1.0,1204.072842920001,1000.0,1204.072842920001,1000.0,0.0,0.0
5367,1661481480000.0,0.0,0.0,0.0,149.76913043478262,0.0,0.0,154.35,0.9999253857184062,1.0,1204.072842920001,1000.0,1204.072842920001,1000.0,0.0,0.0
5368,1661485080000.0,0.0,0.0,0.0,149.76913043478262,0.0,0.0,154.25,0.9999253857184062,1.0,1204.072842920001,1000.0,1204.072842920001,1000.0,0.0,0.0
5369,1661488680000.0,0.0,0.0,0.0,149.76913043478262,0.0,0.0,153.75,0.9999253857184062,1.0,1204.072842920001,1000.0,1204.072842920001,1000.0,0.0,0.0
5370,1661492280000.0,0.0,0.0,0.0,149.76913043478262,0.0,0.0,151.9,0.9999253857184062,1.0,1204.072842920001,1000.0,1204.072842920001,1000.0,0.0,0.0
5371,1661495880000.0,0.0,0.0,0.0,149.76913043478262,0.0,0.0,151.3,0.9999253857184062,1.0,1204.072842920001,1000.0,1204.072842920001,1000.0,0.0,0.0
5372,1661499480000.0,0.0,0.0,0.0,149.76913043478262,0.0,0.0,151.75,0.9999253857184062,1.0,1204.072842920001,1000.0,1204.072842920001,1000.0,0.0,0.0
5373,1661503080000.0,0.0,0.0,0.0,149.76913043478262,0.0,0.0,151.65,0.9999253857184062,1.0,1204.072842920001,1000.0,1204.072842920001,1000.0,0.0,0.0
5374,1661506680000.0,0.0,0.0,0.0,149.76913043478262,0.0,0.0,152.65,0.9999253857184062,1.0,1204.072842920001,1000.0,1204.072842920001,1000.0,0.0,0.0
5375,1661510280000.0,0.0,0.0,0.0,149.76913043478262,0.0,0.0,152.4,0.9999253857184062,1.0,1204.072842920001,1000.0,1204.072842920001,1000.0,0.0,0.0
5376,1661513880000.0,0.0,0.0,0.0,149.76913043478262,0.0,0.0,152.0,0.9999253857184062,1.0,1204.072842920001,1000.0,1204.072842920001,1000.0,0.0,0.0
5377,1661517480000.0,0.0,0.0,0.0,149.76913043478262,0.0,0.0,154.5,0.9999253857184062,1.0,1204.072842920001,1000.0,1204.072842920001,1000.0,0.0,0.0
5378,1661521080000.0,0.0,0.0,0.0,149.76913043478262,0.0,0.0,153.5,0.9999253857184062,1.0,1204.072842920001,1000.0,1204.072842920001,1000.0,0.0,0.0
5379,1661524680000.0,0.0,0.0,0.0,149.76913043478262,0.0,0.0,151.9,0.9999253857184062,1.0,1204.072842920001,1000.0,1204.072842920001,1000.0,0.0,0.0
5380,1661528280000.0,0.0,0.0,0.33,147.91,0.0,0.0,148.35,0.9999253857184062,1.0,1204.063080860001,1000.0,1204.208280860001,1000.0,0.040537992382539696,0.0
5381,1661531880000.0,0.0,0.0,0.33,147.91,0.0,0.0,146.65,0.9999253857184062,1.0,1204.063080860001,1000.0,1203.647280860001,1000.0,0.040537992382539696,0.0
5382,1661535480000.0,0.0,0.0,0.33,147.91,0.0,0.0,147.2,0.9999253857184062,1.0,1204.063080860001,1000.0,1203.828780860001,1000.0,0.040537992382539696,0.0
5383,1661539080000.0,0.0,0.0,0.33,147.91,0.0,0.0,146.05,0.9999253857184062,1.0,1204.063080860001,1000.0,1203.449280860001,1000.0,0.040537992382539696,0.0
5384,1661542680000.0,0.0,0.0,0.33,147.91,0.0,0.0,146.7,0.9999253857184062,1.0,1204.063080860001,1000.0,1203.663780860001,1000.0,0.040537992382539696,0.0
5385,1661546280000.0,0.0,0.0,0.33,147.91,0.0,0.0,146.5,0.9999253857184062,1.0,1204.063080860001,1000.0,1203.597780860001,1000.0,0.040537992382539696,0.0
5386,1661549880000.0,0.0,0.0,0.33,147.91,0.0,0.0,145.85,0.9999253857184062,1.0,1204.063080860001,1000.0,1203.383280860001,1000.0,0.040537992382539696,0.0
5387,1661553480000.0,0.0,0.0,0.33,147.91,0.0,0.0,145.8,0.9999253857184062,1.0,1204.063080860001,1000.0,1203.366780860001,1000.0,0.040537992382539696,0.0
5388,1661557080000.0,0.0,0.0,0.67,144.76880597014926,0.0,0.0,142.35,0.9999253857184062,1.0,1204.053443900001,1000.0,1202.432843900001,1000.0,0.0805571384654049,0.0
5389,1661560680000.0,0.0,0.0,0.67,144.76880597014926,0.0,0.0,143.0,0.9999253857184062,1.0,1204.053443900001,1000.0,1202.868343900001,1000.0,0.0805571384654049,0.0
5390,1661564280000.0,0.0,0.0,0.67,144.76880597014926,0.0,0.0,142.35,0.9999253857184062,1.0,1204.053443900001,1000.0,1202.432843900001,1000.0,0.0805571384654049,0.0
5391,1661567880000.0,0.0,0.0,0.67,144.76880597014926,0.0,0.0,142.3,0.9999253857184062,1.0,1204.053443900001,1000.0,1202.399343900001,1000.0,0.0805571384654049,0.0
5392,1661571480000.0,0.0,0.0,0.67,144.76880597014926,0.0,0.0,144.0,0.9999253857184062,1.0,1204.053443900001,1000.0,1203.5383439000009,1000.0,0.0805571384654049,0.0
5393,1661575080000.0,0.0,0.0,0.67,144.76880597014926,0.0,0.0,145.05,0.9999253857184062,1.0,1204.053443900001,1000.0,1204.241843900001,1000.0,0.0805571384654049,0.0
5394,1661578680000.0,0.0,0.0,0.67,144.76880597014926,0.0,0.0,144.15,0.9999253857184062,1.0,1204.053443900001,1000.0,1203.638843900001,1000.0,0.0805571384654049,0.0
5395,1661582280000.0,0.0,0.0,0.67,144.76880597014926,0.0,0.0,144.3,0.9999253857184062,1.0,1204.053443900001,1000.0,1203.739343900001,1000.0,0.0805571384654049,0.0
5396,1661585880000.0,0.0,0.0,0.67,144.76880597014926,0.0,0.0,143.8,0.9999253857184062,1.0,1204.053443900001,1000.0,1203.4043439000009,1000.0,0.0805571384654049,0.0
5397,1661589480000.0,0.0,0.0,0.67,144.76880597014926,0.0,0.0,143.9,0.9999253857184062,1.0,1204.053443900001,1000.0,1203.4713439000009,1000.0,0.0805571384654049,0.0
5398,1661593080000.0,0.0,0.0,0.67,144.76880597014926,0.0,0.0,143.1,0.9999253857184062,1.0,1204.053443900001,1000.0,1202.935343900001,1000.0,0.0805571384654049,0.0
5399,1661596680000.0,0.0,0.0,0.67,144.76880597014926,0.0,0.0,143.55,0.9999253857184062,1.0,1204.053443900001,1000.0,1203.2368439000008,1000.0,0.0805571384654049,0.0
5400,1661600280000.0,0.0,0.0,0.67,144.76880597014926,0.0,0.0,143.75,0.9999253857184062,1.0,1204.053443900001,1000.0,1203.3708439000009,1000.0,0.0805571384654049,0.0
5401,1661603880000.0,0.0,0.0,0.67,144.76880597014926,0.0,0.0,144.1,0.9999253857184062,1.0,1204.053443900001,1000.0,1203.605343900001,1000.0,0.0805571384654049,0.0
5402,1661607480000.0,0.0,0.0,0.67,144.76880597014926,0.0,0.0,144.2,0.9999253857184062,1.0,1204.053443900001,1000.0,1203.672343900001,1000.0,0.0805571384654049,0.0
5403,1661611080000.0,0.0,0.0,0.67,144.76880597014926,0.0,0.0,144.4,0.9999253857184062,1.0,1204.053443900001,1000.0,1203.806343900001,1000.0,0.0805571384654049,0.0
5404,1661614680000.0,0.0,0.0,0.67,144.76880597014926,0.0,0.0,143.8,0.9999253857184062,1.0,1204.053443900001,1000.0,1203.4043439000009,1000.0,0.0805571384654049,0.0
5405,1661618280000.0,0.0,0.0,0.67,144.76880597014926,0.0,0.0,143.2,0.9999253857184062,1.0,1204.053443900001,1000.0,1203.002343900001,1000.0,0.0805571384654049,0.0
5406,1661621880000.0,0.0,0.0,0.67,144.76880597014926,0.0,0.0,144.7,0.9999253857184062,1.0,1204.053443900001,1000.0,1204.007343900001,1000.0,0.0805571384654049,0.0
5407,1661625480000.0,0.0,0.0,0.67,144.76880597014926,0.0,0.0,143.85,0.9999253857184062,1.0,1204.053443900001,1000.0,1203.4378439000009,1000.0,0.0805571384654049,0.0
5408,1661629080000.0,0.0,0.0,0.67,144.76880597014926,0.0,0.0,144.35,0.9999253857184062,1.0,1204.053443900001,1000.0,1203.772843900001,1000.0,0.0805571384654049,0.0
5409,1661632680000.0,0.0,0.0,0.67,144.76880597014926,0.0,0.0,143.6,0.9999253857184062,1.0,1204.053443900001,1000.0,1203.2703439000009,1000.0,0.0805571384654049,0.0
5410,1661636280000.0,0.0,0.0,0.67,144.76880597014926,0.0,0.0,144.65,0.9999253857184062,1.0,1204.053443900001,1000.0,1203.973843900001,1000.0,0.0805571384654049,0.0
5411,1661639880000.0,0.0,0.0,0.67,144.76880597014926,0.0,0.0,145.0,0.9999253857184062,1.0,1204.053443900001,1000.0,1204.208343900001,1000.0,0.0805571384654049,0.0
5412,1661643480000.0,0.0,0.0,0.67,144.76880597014926,0.0,0.0,145.4,0.9999253857184062,1.0,1204.053443900001,1000.0,1204.476343900001,1000.0,0.0805571384654049,0.0
5413,1661647080000.0,0.0,0.0,0.67,144.76880597014926,0.0,0.0,144.05,0.9999253857184062,1.0,1204.053443900001,1000.0,1203.5718439000009,1000.0,0.0805571384654049,0.0
5414,1661650680000.0,0.0,0.0,0.67,144.76880597014926,0.0,0.0,144.5,0.9999253857184062,1.0,1204.053443900001,1000.0,1203.873343900001,1000.0,0.0805571384654049,0.0
5415,1661654280000.0,0.0,0.0,0.67,144.76880597014926,0.0,0.0,145.3,0.9999253857184062,1.0,1204.053443900001,1000.0,1204.409343900001,1000.0,0.0805571384654049,0.0
5416,1661657880000.0,0.0,0.0,0.67,144.76880597014926,0.0,0.0,144.2,0.9999253857184062,1.0,1204.053443900001,1000.0,1203.672343900001,1000.0,0.0805571384654049,0.0
5417,1661661480000.0,0.0,0.0,0.67,144.76880597014926,0.0,0.0,144.3,0.9999253857184062,1.0,1204.053443900001,1000.0,1203.739343900001,1000.0,0.0805571384654049,0.0
5418,1661665080000.0,0.0,0.0,0.67,144.76880597014926,0.0,0.0,144.15,0.9999253857184062,1.0,1204.053443900001,1000.0,1203.638843900001,1000.0,0.0805571384654049,0.0
5419,1661668680000.0,0.0,0.0,0.67,144.76880597014926,0.0,0.0,145.0,0.9999253857184062,1.0,1204.053443900001,1000.0,1204.208343900001,1000.0,0.0805571384654049,0.0
5420,1661672280000.0,0.0,0.0,0.67,144.76880597014926,0.0,0.0,145.45,0.9999253857184062,1.0,1204.053443900001,1000.0,1204.509843900001,1000.0,0.0805571384654049,0.0
5421,1661675880000.0,0.0,0.0,0.67,144.76880597014926,0.0,0.0,145.8,0.9999253857184062,1.0,1204.053443900001,1000.0,1204.744343900001,1000.0,0.0805571384654049,0.0
5422,1661679480000.0,0.0,0.0,0.67,144.76880597014926,0.0,0.0,146.0,0.9999253857184062,1.0,1204.053443900001,1000.0,1204.878343900001,1000.0,0.0805571384654049,0.0
5423,1661683080000.0,0.0,0.0,0.67,144.76880597014926,0.0,0.0,146.15,0.9999253857184062,1.0,1204.053443900001,1000.0,1204.978843900001,1000.0,0.0805571384654049,0.0
5424,1661686680000.0,0.0,0.0,0.67,144.76880597014926,0.0,0.0,146.2,0.9999253857184062,1.0,1204.053443900001,1000.0,1205.012343900001,1000.0,0.0805571384654049,0.0
5425,1661690280000.0,0.0,0.0,0.67,144.76880597014926,0.0,0.0,146.55,0.9999253857184062,1.0,1204.053443900001,1000.0,1205.246843900001,1000.0,0.0805571384654049,0.0
5426,1661693880000.0,0.0,0.0,0.67,144.76880597014926,0.0,0.0,145.8,0.9999253857184062,1.0,1204.053443900001,1000.0,1204.744343900001,1000.0,0.0805571384654049,0.0
5427,1661697480000.0,0.0,0.0,0.67,144.76880597014926,0.0,0.0,146.3,0.9999253857184062,1.0,1204.053443900001,1000.0,1205.079343900001,1000.0,0.0805571384654049,0.0
5428,1661701080000.0,0.0,0.0,0.67,144.76880597014926,0.0,0.0,145.9,0.9999253857184062,1.0,1204.053443900001,1000.0,1204.811343900001,1000.0,0.0805571384654049,0.0
5429,1661704680000.0,0.0,0.0,0.67,144.76880597014926,0.0,0.0,146.15,0.9999253857184062,1.0,1204.053443900001,1000.0,1204.978843900001,1000.0,0.0805571384654049,0.0
5430,1661708280000.0,0.0,0.0,0.67,144.76880597014926,0.0,0.0,146.0,0.9999253857184062,1.0,1204.053443900001,1000.0,1204.878343900001,1000.0,0.0805571384654049,0.0
5431,1661711880000.0,0.0,0.0,0.67,144.76880597014926,0.0,0.0,147.35,0.9999253857184062,1.0,1204.053443900001,1000.0,1205.782843900001,1000.0,0.0805571384654049,0.0
5432,1661715480000.0,0.0,0.0,0.67,144.76880597014926,0.0,0.0,148.25,0.9999253857184062,1.0,1204.053443900001,1000.0,1206.385843900001,1000.0,0.0805571384654049,0.0
5433,1661719080000.0,0.0,0.0,0.67,144.76880597014926,0.0,0.0,148.9,0.9999253857184062,1.0,1204.053443900001,1000.0,1206.821343900001,1000.0,0.0805571384654049,0.0
5434,1661722680000.0,0.0,0.0,0.67,144.76880597014926,0.0,0.0,148.9,0.9999253857184062,1.0,1204.053443900001,1000.0,1206.821343900001,1000.0,0.0805571384654049,0.0
5435,1661726280000.0,0.0,0.0,0.67,144.76880597014926,0.0,0.0,147.7,0.9999253857184062,1.0,1204.053443900001,1000.0,1206.017343900001,1000.0,0.0805571384654049,0.0
5436,1661729880000.0,0.0,0.0,0.67,144.76880597014926,0.0,0.0,147.4,0.9999253857184062,1.0,1204.053443900001,1000.0,1205.816343900001,1000.0,0.0805571384654049,0.0
5437,1661733480000.0,0.0,0.0,0.67,144.76880597014926,0.0,0.0,146.2,0.9999253857184062,1.0,1204.053443900001,1000.0,1205.012343900001,1000.0,0.0805571384654049,0.0
5438,1661737080000.0,0.0,0.0,0.67,144.76880597014926,0.0,0.0,146.7,0.9999253857184062,1.0,1204.053443900001,1000.0,1205.3473439000009,1000.0,0.0805571384654049,0.0
5439,1661740680000.0,0.0,0.0,0.67,144.76880597014926,0.0,0.0,147.7,0.9999253857184062,1.0,1204.053443900001,1000.0,1206.017343900001,1000.0,0.0805571384654049,0.0
5440,1661744280000.0,0.0,0.0,0.67,144.76880597014926,0.0,0.0,148.25,0.9999253857184062,1.0,1204.053443900001,1000.0,1206.385843900001,1000.0,0.0805571384654049,0.0
5441,1661747880000.0,0.0,0.0,0.67,144.76880597014926,0.0,0.0,147.9,0.9999253857184062,1.0,1204.053443900001,1000.0,1206.151343900001,1000.0,0.0805571384654049,0.0
5442,1661751480000.0,0.0,0.0,0.67,144.76880597014926,0.0,0.0,146.5,0.9999253857184062,1.0,1204.053443900001,1000.0,1205.213343900001,1000.0,0.0805571384654049,0.0
5443,1661755080000.0,0.0,0.0,0.67,144.76880597014926,0.0,0.0,147.2,0.9999253857184062,1.0,1204.053443900001,1000.0,1205.682343900001,1000.0,0.0805571384654049,0.0
5444,1661758680000.0,0.0,0.0,0.67,144.76880597014926,0.0,0.0,147.8,0.9999253857184062,1.0,1204.053443900001,1000.0,1206.084343900001,1000.0,0.0805571384654049,0.0
5445,1661762280000.0,0.0,0.0,0.67,144.76880597014926,0.0,0.0,146.5,0.9999253857184062,1.0,1204.053443900001,1000.0,1205.213343900001,1000.0,0.0805571384654049,0.0
5446,1661765880000.0,0.0,0.0,0.67,144.76880597014926,0.0,0.0,145.7,0.9999253857184062,1.0,1204.053443900001,1000.0,1204.677343900001,1000.0,0.0805571384654049,0.0
5447,1661769480000.0,0.0,0.0,0.67,144.76880597014926,0.0,0.0,145.0,0.9999253857184062,1.0,1204.053443900001,1000.0,1204.208343900001,1000.0,0.0805571384654049,0.0
5448,1661773080000.0,0.0,0.0,0.67,144.76880597014926,0.0,0.0,145.3,0.9999253857184062,1.0,1204.053443900001,1000.0,1204.409343900001,1000.0,0.0805571384654049,0.0
5449,1661776680000.0,0.0,0.0,0.67,144.76880597014926,0.0,0.0,147.95,0.9999253857184062,1.0,1204.053443900001,1000.0,1206.184843900001,1000.0,0.0805571384654049,0.0
5450,1661780280000.0,0.0,0.0,0.45,144.76880597014926,0.0,0.0,149.6,0.9999253857184062,1.0,1205.0041453065683,1000.0,1207.178182620001,1000.0,0.05406285359291708,0.0
5451,1661783880000.0,0.0,0.0,0.3,144.76880597014926,0.0,0.0,149.3,0.9999253857184062,1.0,1205.6523508110458,1000.0,1207.011709020001,1000.0,0.036022524869485685,0.0
5452,1661787480000.0,0.0,0.0,0.14,144.76880597014926,0.0,0.0,149.9,0.9999253857184062,1.0,1206.3437700158217,1000.0,1207.062137180001,1000.0,0.01680087661542371,0.0
5453,1661791080000.0,0.0,0.0,0.1,144.76880597014926,0.0,0.0,149.65,0.9999253857184062,1.0,1206.5166248170158,1000.0,1207.004744220001,1000.0,0.01199890685236976,0.0
5454,1661794680000.0,0.0,0.0,0.1,144.76880597014926,0.0,0.0,150.6,0.9999253857184062,1.0,1206.5166248170158,1000.0,1207.099744220001,1000.0,0.01199890685236976,0.0
5455,1661798280000.0,0.0,0.0,0.1,144.76880597014926,0.0,0.0,150.75,0.9999253857184062,1.0,1206.5166248170158,1000.0,1207.1147442200008,1000.0,0.01199890685236976,0.0
5456,1661801880000.0,0.0,0.0,0.1,144.76880597014926,0.0,0.0,150.65,0.9999253857184062,1.0,1206.5166248170158,1000.0,1207.1047442200008,1000.0,0.01199890685236976,0.0
5457,1661805480000.0,0.0,0.0,0.1,144.76880597014926,0.0,0.0,151.45,0.9999253857184062,1.0,1206.5166248170158,1000.0,1207.1847442200008,1000.0,0.01199890685236976,0.0
5458,1661809080000.0,0.0,0.0,0.1,144.76880597014926,0.0,0.0,152.0,0.9999253857184062,1.0,1206.5166248170158,1000.0,1207.2397442200008,1000.0,0.01199890685236976,0.0
5459,1661812680000.0,0.0,0.0,0.0,144.76880597014926,0.0,0.0,152.3,0.9999253857184062,1.0,1207.2996916200009,1000.0,1207.2996916200009,1000.0,0.0,0.0
5460,1661816280000.0,0.0,0.0,0.0,144.76880597014926,0.0,0.0,152.65,0.9999253857184062,1.0,1207.2996916200009,1000.0,1207.2996916200009,1000.0,0.0,0.0
5461,1661819880000.0,0.0,0.0,0.0,144.76880597014926,0.0,0.0,151.9,0.9999253857184062,1.0,1207.2996916200009,1000.0,1207.2996916200009,1000.0,0.0,0.0
5462,1661823480000.0,0.0,0.0,0.0,144.76880597014926,0.0,0.0,150.75,0.9999253857184062,1.0,1207.2996916200009,1000.0,1207.2996916200009,1000.0,0.0,0.0
5463,1661827080000.0,0.0,0.0,0.0,144.76880597014926,0.0,0.0,150.75,0.9999253857184062,1.0,1207.2996916200009,1000.0,1207.2996916200009,1000.0,0.0,0.0
5464,1661830680000.0,0.0,0.0,0.0,144.76880597014926,0.0,0.0,150.65,0.9999253857184062,1.0,1207.2996916200009,1000.0,1207.2996916200009,1000.0,0.0,0.0
5465,1661834280000.0,0.0,0.0,0.0,144.76880597014926,0.0,0.0,152.75,0.9999253857184062,1.0,1207.2996916200009,1000.0,1207.2996916200009,1000.0,0.0,0.0
5466,1661837880000.0,0.0,0.0,0.0,144.76880597014926,0.0,0.0,152.15,0.9999253857184062,1.0,1207.2996916200009,1000.0,1207.2996916200009,1000.0,0.0,0.0
5467,1661841480000.0,0.0,0.0,0.0,144.76880597014926,0.0,0.0,151.55,0.9999253857184062,1.0,1207.2996916200009,1000.0,1207.2996916200009,1000.0,0.0,0.0
5468,1661845080000.0,0.0,0.0,0.0,144.76880597014926,0.0,0.0,152.2,0.9999253857184062,1.0,1207.2996916200009,1000.0,1207.2996916200009,1000.0,0.0,0.0
5469,1661848680000.0,0.0,0.0,0.0,144.76880597014926,0.0,0.0,151.8,0.9999253857184062,1.0,1207.2996916200009,1000.0,1207.2996916200009,1000.0,0.0,0.0
5470,1661852280000.0,0.0,0.0,0.0,144.76880597014926,0.0,0.0,151.05,0.9999253857184062,1.0,1207.2996916200009,1000.0,1207.2996916200009,1000.0,0.0,0.0
5471,1661855880000.0,0.0,0.0,0.0,144.76880597014926,0.0,0.0,150.7,0.9999253857184062,1.0,1207.2996916200009,1000.0,1207.2996916200009,1000.0,0.0,0.0
5472,1661859480000.0,0.0,0.0,0.0,144.76880597014926,0.0,0.0,150.1,0.9999253857184062,1.0,1207.2996916200009,1000.0,1207.2996916200009,1000.0,0.0,0.0
5473,1661863080000.0,0.0,0.0,0.0,144.76880597014926,0.0,0.0,149.7,0.9999253857184062,1.0,1207.2996916200009,1000.0,1207.2996916200009,1000.0,0.0,0.0
5474,1661866680000.0,0.0,0.0,0.0,144.76880597014926,0.0,0.0,151.1,0.9999253857184062,1.0,1207.2996916200009,1000.0,1207.2996916200009,1000.0,0.0,0.0
5475,1661870280000.0,0.0,0.0,0.0,144.76880597014926,0.0,0.0,149.4,0.9999253857184062,1.0,1207.2996916200009,1000.0,1207.2996916200009,1000.0,0.0,0.0
5476,1661873880000.0,0.0,0.0,0.0,144.76880597014926,0.0,0.0,149.1,0.9999253857184062,1.0,1207.2996916200009,1000.0,1207.2996916200009,1000.0,0.0,0.0
5477,1661877480000.0,0.0,0.0,0.0,144.76880597014926,0.0,0.0,149.35,0.9999253857184062,1.0,1207.2996916200009,1000.0,1207.2996916200009,1000.0,0.0,0.0
5478,1661881080000.0,0.0,0.0,0.0,144.76880597014926,0.0,0.0,148.35,0.9999253857184062,1.0,1207.2996916200009,1000.0,1207.2996916200009,1000.0,0.0,0.0
5479,1661884680000.0,0.0,0.0,0.0,144.76880597014926,0.0,0.0,149.15,0.9999253857184062,1.0,1207.2996916200009,1000.0,1207.2996916200009,1000.0,0.0,0.0
5480,1661888280000.0,0.0,0.0,0.0,144.76880597014926,0.0,0.0,151.3,0.9999253857184062,1.0,1207.2996916200009,1000.0,1207.2996916200009,1000.0,0.0,0.0
5481,1661891880000.0,0.0,0.0,0.0,144.76880597014926,0.0,0.0,150.15,0.9999253857184062,1.0,1207.2996916200009,1000.0,1207.2996916200009,1000.0,0.0,0.0
5482,1661895480000.0,0.0,0.0,0.0,144.76880597014926,0.0,0.0,149.85,0.9999253857184062,1.0,1207.2996916200009,1000.0,1207.2996916200009,1000.0,0.0,0.0
5483,1661899080000.0,0.0,0.0,0.0,144.76880597014926,0.0,0.0,149.3,0.9999253857184062,1.0,1207.2996916200009,1000.0,1207.2996916200009,1000.0,0.0,0.0
5484,1661902680000.0,0.0,0.0,0.0,144.76880597014926,0.0,0.0,149.05,0.9999253857184062,1.0,1207.2996916200009,1000.0,1207.2996916200009,1000.0,0.0,0.0
5485,1661906280000.0,0.0,0.0,0.0,144.76880597014926,0.0,0.0,150.0,0.9999253857184062,1.0,1207.2996916200009,1000.0,1207.2996916200009,1000.0,0.0,0.0
5486,1661909880000.0,0.0,0.0,0.0,144.76880597014926,0.0,0.0,150.7,0.9999253857184062,1.0,1207.2996916200009,1000.0,1207.2996916200009,1000.0,0.0,0.0
5487,1661913480000.0,0.0,0.0,0.0,144.76880597014926,0.0,0.0,149.9,0.9999253857184062,1.0,1207.2996916200009,1000.0,1207.2996916200009,1000.0,0.0,0.0
5488,1661917080000.0,0.0,0.0,0.0,144.76880597014926,0.0,0.0,151.0,0.9999253857184062,1.0,1207.2996916200009,1000.0,1207.2996916200009,1000.0,0.0,0.0
5489,1661920680000.0,0.0,0.0,0.0,144.76880597014926,0.0,0.0,151.25,0.9999253857184062,1.0,1207.2996916200009,1000.0,1207.2996916200009,1000.0,0.0,0.0
5490,1661924280000.0,0.0,0.0,0.0,144.76880597014926,0.0,0.0,151.05,0.9999253857184062,1.0,1207.2996916200009,1000.0,1207.2996916200009,1000.0,0.0,0.0
5491,1661927880000.0,0.0,0.0,0.0,144.76880597014926,0.0,0.0,150.55,0.9999253857184062,1.0,1207.2996916200009,1000.0,1207.2996916200009,1000.0,0.0,0.0
5492,1661931480000.0,0.0,0.0,0.0,144.76880597014926,0.0,0.0,151.45,0.9999253857184062,1.0,1207.2996916200009,1000.0,1207.2996916200009,1000.0,0.0,0.0
5493,1661935080000.0,0.0,0.0,0.0,144.76880597014926,0.0,0.0,151.25,0.9999253857184062,1.0,1207.2996916200009,1000.0,1207.2996916200009,1000.0,0.0,0.0
5494,1661938680000.0,0.0,0.0,0.0,144.76880597014926,0.0,0.0,151.6,0.9999253857184062,1.0,1207.2996916200009,1000.0,1207.2996916200009,1000.0,0.0,0.0
5495,1661942280000.0,0.0,0.0,0.0,144.76880597014926,0.0,0.0,151.75,0.9999253857184062,1.0,1207.2996916200009,1000.0,1207.2996916200009,1000.0,0.0,0.0
5496,1661945880000.0,0.0,0.0,0.0,144.76880597014926,0.0,0.0,151.7,0.9999253857184062,1.0,1207.2996916200009,1000.0,1207.2996916200009,1000.0,0.0,0.0
5497,1661949480000.0,0.0,0.0,0.0,144.76880597014926,0.0,0.0,151.0,0.9999253857184062,1.0,1207.2996916200009,1000.0,1207.2996916200009,1000.0,0.0,0.0
5498,1661953080000.0,0.0,0.0,0.0,144.76880597014926,0.0,0.0,151.25,0.9999253857184062,1.0,1207.2996916200009,1000.0,1207.2996916200009,1000.0,0.0,0.0
5499,1661956680000.0,0.0,0.0,0.0,144.76880597014926,0.0,0.0,151.2,0.9999253857184062,1.0,1207.2996916200009,1000.0,1207.2996916200009,1000.0,0.0,0.0
5500,1661960280000.0,0.0,0.0,0.0,144.76880597014926,0.0,0.0,150.3,0.9999253857184062,1.0,1207.2996916200009,1000.0,1207.2996916200009,1000.0,0.0,0.0
5501,1661963880000.0,0.0,0.0,0.0,144.76880597014926,0.0,0.0,151.55,0.9999253857184062,1.0,1207.2996916200009,1000.0,1207.2996916200009,1000.0,0.0,0.0
5502,1661967480000.0,0.0,0.0,0.0,144.76880597014926,0.0,0.0,150.2,0.9999253857184062,1.0,1207.2996916200009,1000.0,1207.2996916200009,1000.0,0.0,0.0
5503,1661971080000.0,0.0,0.0,0.0,144.76880597014926,0.0,0.0,149.45,0.9999253857184062,1.0,1207.2996916200009,1000.0,1207.2996916200009,1000.0,0.0,0.0
5504,1661974680000.0,0.0,0.0,0.0,144.76880597014926,0.0,0.0,150.1,0.9999253857184062,1.0,1207.2996916200009,1000.0,1207.2996916200009,1000.0,0.0,0.0
5505,1661978280000.0,0.0,0.0,0.0,144.76880597014926,0.0,0.0,149.95,0.9999253857184062,1.0,1207.2996916200009,1000.0,1207.2996916200009,1000.0,0.0,0.0
5506,1661981880000.0,0.0,0.0,0.0,144.76880597014926,0.0,0.0,150.4,0.9999253857184062,1.0,1207.2996916200009,1000.0,1207.2996916200009,1000.0,0.0,0.0
5507,1661985480000.0,0.0,0.0,0.0,144.76880597014926,0.0,0.0,149.05,0.9999253857184062,1.0,1207.2996916200009,1000.0,1207.2996916200009,1000.0,0.0,0.0
5508,1661989080000.0,0.0,0.0,0.0,144.76880597014926,0.0,0.0,148.55,0.9999253857184062,1.0,1207.2996916200009,1000.0,1207.2996916200009,1000.0,0.0,0.0
5509,1661992680000.0,0.0,0.0,0.0,144.76880597014926,0.0,0.0,149.45,0.9999253857184062,1.0,1207.2996916200009,1000.0,1207.2996916200009,1000.0,0.0,0.0
5510,1661996280000.0,0.0,0.0,0.0,144.76880597014926,0.0,0.0,150.8,0.9999253857184062,1.0,1207.2996916200009,1000.0,1207.2996916200009,1000.0,0.0,0.0
5511,1661999880000.0,0.0,0.0,0.0,144.76880597014926,0.0,0.0,151.55,0.9999253857184062,1.0,1207.2996916200009,1000.0,1207.2996916200009,1000.0,0.0,0.0
5512,1662003480000.0,0.0,0.0,0.0,144.76880597014926,0.0,0.0,150.9,0.9999253857184062,1.0,1207.2996916200009,1000.0,1207.2996916200009,1000.0,0.0,0.0
5513,1662007080000.0,0.0,0.0,0.0,144.76880597014926,0.0,0.0,151.65,0.9999253857184062,1.0,1207.2996916200009,1000.0,1207.2996916200009,1000.0,0.0,0.0
5514,1662010680000.0,0.0,0.0,0.0,144.76880597014926,0.0,0.0,153.0,0.9999253857184062,1.0,1207.2996916200009,1000.0,1207.2996916200009,1000.0,0.0,0.0
5515,1662014280000.0,0.0,0.0,0.0,144.76880597014926,0.0,0.0,152.35,0.9999253857184062,1.0,1207.2996916200009,1000.0,1207.2996916200009,1000.0,0.0,0.0
5516,1662017880000.0,0.0,0.0,0.0,144.76880597014926,0.0,0.0,151.35,0.9999253857184062,1.0,1207.2996916200009,1000.0,1207.2996916200009,1000.0,0.0,0.0
5517,1662021480000.0,0.0,0.0,0.0,144.76880597014926,0.0,0.0,152.2,0.9999253857184062,1.0,1207.2996916200009,1000.0,1207.2996916200009,1000.0,0.0,0.0
5518,1662025080000.0,0.0,0.0,0.0,144.76880597014926,0.0,0.0,152.1,0.9999253857184062,1.0,1207.2996916200009,1000.0,1207.2996916200009,1000.0,0.0,0.0
5519,1662028680000.0,0.0,0.0,0.0,144.76880597014926,0.0,0.0,152.6,0.9999253857184062,1.0,1207.2996916200009,1000.0,1207.2996916200009,1000.0,0.0,0.0
5520,1662032280000.0,0.0,0.0,0.0,144.76880597014926,0.0,0.0,153.1,0.9999253857184062,1.0,1207.2996916200009,1000.0,1207.2996916200009,1000.0,0.0,0.0
5521,1662035880000.0,0.0,0.0,0.0,144.76880597014926,0.0,0.0,153.0,0.9999253857184062,1.0,1207.2996916200009,1000.0,1207.2996916200009,1000.0,0.0,0.0
5522,1662039480000.0,0.0,0.0,0.0,144.76880597014926,0.0,0.0,153.3,0.9999253857184062,1.0,1207.2996916200009,1000.0,1207.2996916200009,1000.0,0.0,0.0
5523,1662043080000.0,0.0,0.0,0.0,144.76880597014926,0.0,0.0,151.7,0.9999253857184062,1.0,1207.2996916200009,1000.0,1207.2996916200009,1000.0,0.0,0.0
5524,1662046680000.0,0.0,0.0,0.0,144.76880597014926,0.0,0.0,150.9,0.9999253857184062,1.0,1207.2996916200009,1000.0,1207.2996916200009,1000.0,0.0,0.0
5525,1662050280000.0,0.0,0.0,0.0,144.76880597014926,0.0,0.0,150.2,0.9999253857184062,1.0,1207.2996916200009,1000.0,1207.2996916200009,1000.0,0.0,0.0
5526,1662053880000.0,0.0,0.0,0.0,144.76880597014926,0.0,0.0,152.4,0.9999253857184062,1.0,1207.2996916200009,1000.0,1207.2996916200009,1000.0,0.0,0.0
5527,1662057480000.0,0.0,0.0,0.0,144.76880597014926,0.0,0.0,152.3,0.9999253857184062,1.0,1207.2996916200009,1000.0,1207.2996916200009,1000.0,0.0,0.0
5528,1662061080000.0,0.0,0.0,0.0,144.76880597014926,0.0,0.0,152.2,0.9999253857184062,1.0,1207.2996916200009,1000.0,1207.2996916200009,1000.0,0.0,0.0
5529,1662064680000.0,0.0,0.0,0.0,144.76880597014926,0.0,0.0,152.65,0.9999253857184062,1.0,1207.2996916200009,1000.0,1207.2996916200009,1000.0,0.0,0.0
5530,1662068280000.0,0.0,0.0,0.0,144.76880597014926,0.0,0.0,153.05,0.9999253857184062,1.0,1207.2996916200009,1000.0,1207.2996916200009,1000.0,0.0,0.0
5531,1662071880000.0,0.0,0.0,0.0,144.76880597014926,0.0,0.0,153.95,0.9999253857184062,1.0,1207.2996916200009,1000.0,1207.2996916200009,1000.0,0.0,0.0
5532,1662075480000.0,0.0,0.0,0.0,144.76880597014926,0.0,0.0,154.25,0.9999253857184062,1.0,1207.2996916200009,1000.0,1207.2996916200009,1000.0,0.0,0.0
5533,1662079080000.0,0.0,0.0,0.0,144.76880597014926,0.0,0.0,153.05,0.9999253857184062,1.0,1207.2996916200009,1000.0,1207.2996916200009,1000.0,0.0,0.0
5534,1662082680000.0,0.0,0.0,0.0,144.76880597014926,0.0,0.0,153.05,0.9999253857184062,1.0,1207.2996916200009,1000.0,1207.2996916200009,1000.0,0.0,0.0
5535,1662086280000.0,0.0,0.0,0.0,144.76880597014926,0.0,0.0,151.85,0.9999253857184062,1.0,1207.2996916200009,1000.0,1207.2996916200009,1000.0,0.0,0.0
5536,1662089880000.0,0.0,0.0,0.0,144.76880597014926,0.0,0.0,153.25,0.9999253857184062,1.0,1207.2996916200009,1000.0,1207.2996916200009,1000.0,0.0,0.0
5537,1662093480000.0,0.0,0.0,0.0,144.76880597014926,0.0,0.0,152.95,0.9999253857184062,1.0,1207.2996916200009,1000.0,1207.2996916200009,1000.0,0.0,0.0
5538,1662097080000.0,0.0,0.0,0.0,144.76880597014926,0.0,0.0,152.45,0.9999253857184062,1.0,1207.2996916200009,1000.0,1207.2996916200009,1000.0,0.0,0.0
5539,1662100680000.0,0.0,0.0,0.0,144.76880597014926,0.0,0.0,151.4,0.9999253857184062,1.0,1207.2996916200009,1000.0,1207.2996916200009,1000.0,0.0,0.0
5540,1662104280000.0,0.0,0.0,0.0,144.76880597014926,0.0,0.0,152.1,0.9999253857184062,1.0,1207.2996916200009,1000.0,1207.2996916200009,1000.0,0.0,0.0
5541,1662107880000.0,0.0,0.0,0.0,144.76880597014926,0.0,0.0,152.55,0.9999253857184062,1.0,1207.2996916200009,1000.0,1207.2996916200009,1000.0,0.0,0.0
5542,1662111480000.0,0.0,0.0,0.0,144.76880597014926,0.0,0.0,151.95,0.9999253857184062,1.0,1207.2996916200009,1000.0,1207.2996916200009,1000.0,0.0,0.0
5543,1662115080000.0,0.0,0.0,0.0,144.76880597014926,0.0,0.0,151.3,0.9999253857184062,1.0,1207.2996916200009,1000.0,1207.2996916200009,1000.0,0.0,0.0
5544,1662118680000.0,0.0,0.0,0.0,144.76880597014926,0.0,0.0,151.35,0.9999253857184062,1.0,1207.2996916200009,1000.0,1207.2996916200009,1000.0,0.0,0.0
5545,1662122280000.0,0.0,0.0,0.0,144.76880597014926,0.0,0.0,154.0,0.9999253857184062,1.0,1207.2996916200009,1000.0,1207.2996916200009,1000.0,0.0,0.0
5546,1662125880000.0,0.0,0.0,0.0,144.76880597014926,0.0,0.0,154.6,0.9999253857184062,1.0,1207.2996916200009,1000.0,1207.2996916200009,1000.0,0.0,0.0
5547,1662129480000.0,0.0,0.0,0.0,144.76880597014926,0.0,0.0,153.6,0.9999253857184062,1.0,1207.2996916200009,1000.0,1207.2996916200009,1000.0,0.0,0.0
5548,1662133080000.0,0.0,0.0,0.0,144.76880597014926,0.0,0.0,153.4,0.9999253857184062,1.0,1207.2996916200009,1000.0,1207.2996916200009,1000.0,0.0,0.0
5549,1662136680000.0,0.0,0.0,0.0,144.76880597014926,0.0,0.0,152.4,0.9999253857184062,1.0,1207.2996916200009,1000.0,1207.2996916200009,1000.0,0.0,0.0
5550,1662140280000.0,0.0,0.0,0.0,144.76880597014926,0.0,0.0,150.4,0.9999253857184062,1.0,1207.2996916200009,1000.0,1207.2996916200009,1000.0,0.0,0.0
5551,1662143880000.0,0.0,0.0,0.0,144.76880597014926,0.0,0.0,151.6,0.9999253857184062,1.0,1207.2996916200009,1000.0,1207.2996916200009,1000.0,0.0,0.0
5552,1662147480000.0,0.0,0.0,0.0,144.76880597014926,0.0,0.0,150.4,0.9999253857184062,1.0,1207.2996916200009,1000.0,1207.2996916200009,1000.0,0.0,0.0
5553,1662151080000.0,0.0,0.0,0.0,144.76880597014926,0.0,0.0,151.35,0.9999253857184062,1.0,1207.2996916200009,1000.0,1207.2996916200009,1000.0,0.0,0.0
5554,1662154680000.0,0.0,0.0,0.0,144.76880597014926,0.0,0.0,151.75,0.9999253857184062,1.0,1207.2996916200009,1000.0,1207.2996916200009,1000.0,0.0,0.0
5555,1662158280000.0,0.0,0.0,0.0,144.76880597014926,0.0,0.0,151.1,0.9999253857184062,1.0,1207.2996916200009,1000.0,1207.2996916200009,1000.0,0.0,0.0
5556,1662161880000.0,0.0,0.0,0.0,144.76880597014926,0.0,0.0,152.95,0.9999253857184062,1.0,1207.2996916200009,1000.0,1207.2996916200009,1000.0,0.0,0.0
5557,1662165480000.0,0.0,0.0,0.0,144.76880597014926,0.0,0.0,152.95,0.9999253857184062,1.0,1207.2996916200009,1000.0,1207.2996916200009,1000.0,0.0,0.0
5558,1662169080000.0,0.0,0.0,0.0,144.76880597014926,0.0,0.0,153.15,0.9999253857184062,1.0,1207.2996916200009,1000.0,1207.2996916200009,1000.0,0.0,0.0
5559,1662172680000.0,0.0,0.0,0.0,144.76880597014926,0.0,0.0,152.85,0.9999253857184062,1.0,1207.2996916200009,1000.0,1207.2996916200009,1000.0,0.0,0.0
5560,1662176280000.0,0.0,0.0,0.0,144.76880597014926,0.0,0.0,152.65,0.9999253857184062,1.0,1207.2996916200009,1000.0,1207.2996916200009,1000.0,0.0,0.0
5561,1662179880000.0,0.0,0.0,0.0,144.76880597014926,0.0,0.0,153.1,0.9999253857184062,1.0,1207.2996916200009,1000.0,1207.2996916200009,1000.0,0.0,0.0
5562,1662183480000.0,0.0,0.0,0.0,144.76880597014926,0.0,0.0,153.45,0.9999253857184062,1.0,1207.2996916200009,1000.0,1207.2996916200009,1000.0,0.0,0.0
5563,1662187080000.0,0.0,0.0,0.0,144.76880597014926,0.0,0.0,152.65,0.9999253857184062,1.0,1207.2996916200009,1000.0,1207.2996916200009,1000.0,0.0,0.0
5564,1662190680000.0,0.0,0.0,0.0,144.76880597014926,0.0,0.0,152.7,0.9999253857184062,1.0,1207.2996916200009,1000.0,1207.2996916200009,1000.0,0.0,0.0
5565,1662194280000.0,0.0,0.0,0.0,144.76880597014926,0.0,0.0,152.95,0.9999253857184062,1.0,1207.2996916200009,1000.0,1207.2996916200009,1000.0,0.0,0.0
5566,1662197880000.0,0.0,0.0,0.0,144.76880597014926,0.0,0.0,152.8,0.9999253857184062,1.0,1207.2996916200009,1000.0,1207.2996916200009,1000.0,0.0,0.0
5567,1662201480000.0,0.0,0.0,0.0,144.76880597014926,0.0,0.0,152.95,0.9999253857184062,1.0,1207.2996916200009,1000.0,1207.2996916200009,1000.0,0.0,0.0
5568,1662205080000.0,0.0,0.0,0.0,144.76880597014926,0.0,0.0,153.7,0.9999253857184062,1.0,1207.2996916200009,1000.0,1207.2996916200009,1000.0,0.0,0.0
5569,1662208680000.0,0.0,0.0,0.0,144.76880597014926,0.0,0.0,154.1,0.9999253857184062,1.0,1207.2996916200009,1000.0,1207.2996916200009,1000.0,0.0,0.0
5570,1662212280000.0,0.0,0.0,0.0,144.76880597014926,0.0,0.0,154.3,0.9999253857184062,1.0,1207.2996916200009,1000.0,1207.2996916200009,1000.0,0.0,0.0
5571,1662215880000.0,0.0,0.0,0.0,144.76880597014926,0.0,0.0,153.3,0.9999253857184062,1.0,1207.2996916200009,1000.0,1207.2996916200009,1000.0,0.0,0.0
5572,1662219480000.0,0.0,0.0,0.0,144.76880597014926,0.0,0.0,153.7,0.9999253857184062,1.0,1207.2996916200009,1000.0,1207.2996916200009,1000.0,0.0,0.0
5573,1662223080000.0,0.0,0.0,0.0,144.76880597014926,0.0,0.0,154.3,0.9999253857184062,1.0,1207.2996916200009,1000.0,1207.2996916200009,1000.0,0.0,0.0
5574,1662226680000.0,0.0,0.0,0.0,144.76880597014926,0.0,0.0,154.05,0.9999253857184062,1.0,1207.2996916200009,1000.0,1207.2996916200009,1000.0,0.0,0.0
5575,1662230280000.0,0.0,0.0,0.0,144.76880597014926,0.0,0.0,153.7,0.9999253857184062,1.0,1207.2996916200009,1000.0,1207.2996916200009,1000.0,0.0,0.0
5576,1662233880000.0,0.0,0.0,0.0,144.76880597014926,0.0,0.0,153.7,0.9999253857184062,1.0,1207.2996916200009,1000.0,1207.2996916200009,1000.0,0.0,0.0
5577,1662237480000.0,0.0,0.0,0.0,144.76880597014926,0.0,0.0,153.7,0.9999253857184062,1.0,1207.2996916200009,1000.0,1207.2996916200009,1000.0,0.0,0.0
5578,1662241080000.0,0.0,0.0,0.0,144.76880597014926,0.0,0.0,154.0,0.9999253857184062,1.0,1207.2996916200009,1000.0,1207.2996916200009,1000.0,0.0,0.0
5579,1662244680000.0,0.0,0.0,0.0,144.76880597014926,0.0,0.0,154.8,0.9999253857184062,1.0,1207.2996916200009,1000.0,1207.2996916200009,1000.0,0.0,0.0
5580,1662248280000.0,0.0,0.0,0.0,144.76880597014926,0.0,0.0,153.9,0.9999253857184062,1.0,1207.2996916200009,1000.0,1207.2996916200009,1000.0,0.0,0.0
5581,1662251880000.0,0.0,0.0,0.0,144.76880597014926,0.0,0.0,155.1,0.9999253857184062,1.0,1207.2996916200009,1000.0,1207.2996916200009,1000.0,0.0,0.0
5582,1662255480000.0,0.0,0.0,0.0,144.76880597014926,0.0,0.0,154.95,0.9999253857184062,1.0,1207.2996916200009,1000.0,1207.2996916200009,1000.0,0.0,0.0
5583,1662259080000.0,0.0,0.0,0.0,144.76880597014926,0.0,0.0,154.65,0.9999253857184062,1.0,1207.2996916200009,1000.0,1207.2996916200009,1000.0,0.0,0.0
5584,1662262680000.0,0.0,0.0,0.0,144.76880597014926,0.0,0.0,153.65,0.9999253857184062,1.0,1207.2996916200009,1000.0,1207.2996916200009,1000.0,0.0,0.0
5585,1662266280000.0,0.0,0.0,0.0,144.76880597014926,0.0,0.0,153.8,0.9999253857184062,1.0,1207.2996916200009,1000.0,1207.2996916200009,1000.0,0.0,0.0
5586,1662269880000.0,0.0,0.0,0.0,144.76880597014926,0.0,0.0,154.25,0.9999253857184062,1.0,1207.2996916200009,1000.0,1207.2996916200009,1000.0,0.0,0.0
5587,1662273480000.0,0.0,0.0,0.0,144.76880597014926,0.0,0.0,153.6,0.9999253857184062,1.0,1207.2996916200009,1000.0,1207.2996916200009,1000.0,0.0,0.0
5588,1662277080000.0,0.0,0.0,0.0,144.76880597014926,0.0,0.0,154.1,0.9999253857184062,1.0,1207.2996916200009,1000.0,1207.2996916200009,1000.0,0.0,0.0
5589,1662280680000.0,0.0,0.0,0.0,144.76880597014926,0.0,0.0,154.95,0.9999253857184062,1.0,1207.2996916200009,1000.0,1207.2996916200009,1000.0,0.0,0.0
5590,1662284280000.0,0.0,0.0,0.0,144.76880597014926,0.0,0.0,155.8,0.9999253857184062,1.0,1207.2996916200009,1000.0,1207.2996916200009,1000.0,0.0,0.0
5591,1662287880000.0,0.0,0.0,0.0,144.76880597014926,0.0,0.0,156.05,0.9999253857184062,1.0,1207.2996916200009,1000.0,1207.2996916200009,1000.0,0.0,0.0
5592,1662291480000.0,0.0,0.0,0.0,144.76880597014926,0.0,0.0,154.5,0.9999253857184062,1.0,1207.2996916200009,1000.0,1207.2996916200009,1000.0,0.0,0.0
5593,1662295080000.0,0.0,0.0,0.0,144.76880597014926,0.0,0.0,155.15,0.9999253857184062,1.0,1207.2996916200009,1000.0,1207.2996916200009,1000.0,0.0,0.0
5594,1662298680000.0,0.0,0.0,0.0,144.76880597014926,0.0,0.0,154.65,0.9999253857184062,1.0,1207.2996916200009,1000.0,1207.2996916200009,1000.0,0.0,0.0
5595,1662302280000.0,0.0,0.0,0.0,144.76880597014926,0.0,0.0,155.0,0.9999253857184062,1.0,1207.2996916200009,1000.0,1207.2996916200009,1000.0,0.0,0.0
5596,1662305880000.0,0.0,0.0,0.0,144.76880597014926,0.0,0.0,154.95,0.9999253857184062,1.0,1207.2996916200009,1000.0,1207.2996916200009,1000.0,0.0,0.0
5597,1662309480000.0,0.0,0.0,0.0,144.76880597014926,0.0,0.0,155.75,0.9999253857184062,1.0,1207.2996916200009,1000.0,1207.2996916200009,1000.0,0.0,0.0
5598,1662313080000.0,0.0,0.0,0.0,144.76880597014926,0.0,0.0,156.1,0.9999253857184062,1.0,1207.2996916200009,1000.0,1207.2996916200009,1000.0,0.0,0.0
5599,1662316680000.0,0.0,0.0,0.0,144.76880597014926,0.0,0.0,155.2,0.9999253857184062,1.0,1207.2996916200009,1000.0,1207.2996916200009,1000.0,0.0,0.0
5600,1662320280000.0,0.0,0.0,0.0,144.76880597014926,0.0,0.0,155.05,0.9999253857184062,1.0,1207.2996916200009,1000.0,1207.2996916200009,1000.0,0.0,0.0
5601,1662323880000.0,0.0,0.0,0.0,144.76880597014926,0.0,0.0,154.55,0.9999253857184062,1.0,1207.2996916200009,1000.0,1207.2996916200009,1000.0,0.0,0.0
5602,1662327480000.0,0.0,0.0,0.0,144.76880597014926,0.0,0.0,154.8,0.9999253857184062,1.0,1207.2996916200009,1000.0,1207.2996916200009,1000.0,0.0,0.0
5603,1662331080000.0,0.0,0.0,0.0,144.76880597014926,0.0,0.0,154.95,0.9999253857184062,1.0,1207.2996916200009,1000.0,1207.2996916200009,1000.0,0.0,0.0
5604,1662334680000.0,0.0,0.0,0.0,144.76880597014926,0.0,0.0,155.45,0.9999253857184062,1.0,1207.2996916200009,1000.0,1207.2996916200009,1000.0,0.0,0.0
5605,1662338280000.0,0.0,0.0,0.0,144.76880597014926,0.0,0.0,155.2,0.9999253857184062,1.0,1207.2996916200009,1000.0,1207.2996916200009,1000.0,0.0,0.0
5606,1662341880000.0,0.0,0.0,0.0,144.76880597014926,0.0,0.0,154.9,0.9999253857184062,1.0,1207.2996916200009,1000.0,1207.2996916200009,1000.0,0.0,0.0
5607,1662345480000.0,0.0,0.0,0.0,144.76880597014926,0.0,0.0,154.85,0.9999253857184062,1.0,1207.2996916200009,1000.0,1207.2996916200009,1000.0,0.0,0.0
5608,1662349080000.0,0.0,0.0,0.0,144.76880597014926,0.0,0.0,155.4,0.9999253857184062,1.0,1207.2996916200009,1000.0,1207.2996916200009,1000.0,0.0,0.0
5609,1662352680000.0,0.0,0.0,0.0,144.76880597014926,0.0,0.0,155.3,0.9999253857184062,1.0,1207.2996916200009,1000.0,1207.2996916200009,1000.0,0.0,0.0
5610,1662356280000.0,0.0,0.0,0.0,144.76880597014926,0.0,0.0,155.35,0.9999253857184062,1.0,1207.2996916200009,1000.0,1207.2996916200009,1000.0,0.0,0.0
5611,1662359880000.0,0.0,0.0,0.0,144.76880597014926,0.0,0.0,155.05,0.9999253857184062,1.0,1207.2996916200009,1000.0,1207.2996916200009,1000.0,0.0,0.0
5612,1662363480000.0,0.0,0.0,0.0,144.76880597014926,0.0,0.0,156.45,0.9999253857184062,1.0,1207.2996916200009,1000.0,1207.2996916200009,1000.0,0.0,0.0
5613,1662367080000.0,0.0,0.0,0.0,144.76880597014926,0.0,0.0,157.0,0.9999253857184062,1.0,1207.2996916200009,1000.0,1207.2996916200009,1000.0,0.0,0.0
5614,1662370680000.0,0.0,0.0,0.0,144.76880597014926,0.0,0.0,156.45,0.9999253857184062,1.0,1207.2996916200009,1000.0,1207.2996916200009,1000.0,0.0,0.0
5615,1662374280000.0,0.0,0.0,0.0,144.76880597014926,0.0,0.0,156.5,0.9999253857184062,1.0,1207.2996916200009,1000.0,1207.2996916200009,1000.0,0.0,0.0
5616,1662377880000.0,0.0,0.0,0.0,144.76880597014926,0.0,0.0,156.3,0.9999253857184062,1.0,1207.2996916200009,1000.0,1207.2996916200009,1000.0,0.0,0.0
5617,1662381480000.0,0.0,0.0,0.0,144.76880597014926,0.0,0.0,156.85,0.9999253857184062,1.0,1207.2996916200009,1000.0,1207.2996916200009,1000.0,0.0,0.0
5618,1662385080000.0,0.0,0.0,0.0,144.76880597014926,0.0,0.0,156.7,0.9999253857184062,1.0,1207.2996916200009,1000.0,1207.2996916200009,1000.0,0.0,0.0
5619,1662388680000.0,0.0,0.0,0.0,144.76880597014926,0.0,0.0,156.85,0.9999253857184062,1.0,1207.2996916200009,1000.0,1207.2996916200009,1000.0,0.0,0.0
5620,1662392280000.0,0.0,0.0,0.0,144.76880597014926,0.0,0.0,157.2,0.9999253857184062,1.0,1207.2996916200009,1000.0,1207.2996916200009,1000.0,0.0,0.0
5621,1662395880000.0,0.0,0.0,0.0,144.76880597014926,0.0,0.0,156.15,0.9999253857184062,1.0,1207.2996916200009,1000.0,1207.2996916200009,1000.0,0.0,0.0
5622,1662399480000.0,0.0,0.0,0.0,144.76880597014926,0.0,0.0,157.35,0.9999253857184062,1.0,1207.2996916200009,1000.0,1207.2996916200009,1000.0,0.0,0.0
5623,1662403080000.0,0.0,0.0,0.0,144.76880597014926,0.0,0.0,156.95,0.9999253857184062,1.0,1207.2996916200009,1000.0,1207.2996916200009,1000.0,0.0,0.0
5624,1662406680000.0,0.0,0.0,0.0,144.76880597014926,0.0,0.0,156.85,0.9999253857184062,1.0,1207.2996916200009,1000.0,1207.2996916200009,1000.0,0.0,0.0
5625,1662410280000.0,0.0,0.0,0.0,144.76880597014926,0.0,0.0,156.55,0.9999253857184062,1.0,1207.2996916200009,1000.0,1207.2996916200009,1000.0,0.0,0.0
5626,1662413880000.0,0.0,0.0,0.0,144.76880597014926,0.0,0.0,156.85,0.9999253857184062,1.0,1207.2996916200009,1000.0,1207.2996916200009,1000.0,0.0,0.0
5627,1662417480000.0,0.0,0.0,0.0,144.76880597014926,0.0,0.0,157.0,0.9999253857184062,1.0,1207.2996916200009,1000.0,1207.2996916200009,1000.0,0.0,0.0
5628,1662421080000.0,0.0,0.0,0.0,144.76880597014926,0.0,0.0,157.0,0.9999253857184062,1.0,1207.2996916200009,1000.0,1207.2996916200009,1000.0,0.0,0.0
5629,1662424680000.0,0.0,0.0,0.0,144.76880597014926,0.0,0.0,158.7,0.9999253857184062,1.0,1207.2996916200009,1000.0,1207.2996916200009,1000.0,0.0,0.0
5630,1662428280000.0,0.0,0.0,0.0,144.76880597014926,0.0,0.0,159.5,0.9999253857184062,1.0,1207.2996916200009,1000.0,1207.2996916200009,1000.0,0.0,0.0
5631,1662431880000.0,0.0,0.0,0.0,144.76880597014926,0.0,0.0,157.7,0.9999253857184062,1.0,1207.2996916200009,1000.0,1207.2996916200009,1000.0,0.0,0.0
5632,1662435480000.0,0.0,0.0,0.0,144.76880597014926,0.0,0.0,157.5,0.9999253857184062,1.0,1207.2996916200009,1000.0,1207.2996916200009,1000.0,0.0,0.0
5633,1662439080000.0,0.0,0.0,0.0,144.76880597014926,0.0,0.0,157.35,0.9999253857184062,1.0,1207.2996916200009,1000.0,1207.2996916200009,1000.0,0.0,0.0
5634,1662442680000.0,0.0,0.0,0.0,144.76880597014926,0.0,0.0,157.75,0.9999253857184062,1.0,1207.2996916200009,1000.0,1207.2996916200009,1000.0,0.0,0.0
5635,1662446280000.0,0.0,0.0,0.0,144.76880597014926,0.0,0.0,157.05,0.9999253857184062,1.0,1207.2996916200009,1000.0,1207.2996916200009,1000.0,0.0,0.0
5636,1662449880000.0,0.0,0.0,0.0,144.76880597014926,0.0,0.0,156.25,0.9999253857184062,1.0,1207.2996916200009,1000.0,1207.2996916200009,1000.0,0.0,0.0
5637,1662453480000.0,0.0,0.0,0.0,144.76880597014926,0.0,0.0,156.9,0.9999253857184062,1.0,1207.2996916200009,1000.0,1207.2996916200009,1000.0,0.0,0.0
5638,1662457080000.0,0.0,0.0,0.0,144.76880597014926,0.0,0.0,156.15,0.9999253857184062,1.0,1207.2996916200009,1000.0,1207.2996916200009,1000.0,0.0,0.0
5639,1662460680000.0,0.0,0.0,0.0,144.76880597014926,0.0,0.0,156.2,0.9999253857184062,1.0,1207.2996916200009,1000.0,1207.2996916200009,1000.0,0.0,0.0
5640,1662464280000.0,0.0,0.0,0.0,144.76880597014926,0.0,0.0,156.75,0.9999253857184062,1.0,1207.2996916200009,1000.0,1207.2996916200009,1000.0,0.0,0.0
5641,1662467880000.0,0.0,0.0,0.0,144.76880597014926,0.0,0.0,156.15,0.9999253857184062,1.0,1207.2996916200009,1000.0,1207.2996916200009,1000.0,0.0,0.0
5642,1662471480000.0,0.0,0.0,0.0,144.76880597014926,0.0,0.0,153.95,0.9999253857184062,1.0,1207.2996916200009,1000.0,1207.2996916200009,1000.0,0.0,0.0
5643,1662475080000.0,0.0,0.0,0.0,144.76880597014926,0.0,0.0,153.5,0.9999253857184062,1.0,1207.2996916200009,1000.0,1207.2996916200009,1000.0,0.0,0.0
5644,1662478680000.0,0.0,0.0,0.0,144.76880597014926,0.0,0.0,153.65,0.9999253857184062,1.0,1207.2996916200009,1000.0,1207.2996916200009,1000.0,0.0,0.0
5645,1662482280000.0,0.0,0.0,0.0,144.76880597014926,0.0,0.0,154.3,0.9999253857184062,1.0,1207.2996916200009,1000.0,1207.2996916200009,1000.0,0.0,0.0
5646,1662485880000.0,0.0,0.0,0.32,150.85,0.0,0.0,149.25,0.9999253857184062,1.0,1207.2900372200008,1000.0,1206.778037220001,1000.0,0.03998376405984003,0.0
5647,1662489480000.0,0.0,0.0,0.32,150.85,0.0,0.0,147.7,0.9999253857184062,1.0,1207.2900372200008,1000.0,1206.2820372200008,1000.0,0.03998376405984003,0.0
5648,1662493080000.0,0.0,0.0,0.32,150.85,0.0,0.0,146.75,0.9999253857184062,1.0,1207.2900372200008,1000.0,1205.978037220001,1000.0,0.03998376405984003,0.0
5649,1662496680000.0,0.0,0.0,0.32,150.85,0.0,0.0,146.05,0.9999253857184062,1.0,1207.2900372200008,1000.0,1205.7540372200008,1000.0,0.03998376405984003,0.0
5650,1662500280000.0,0.0,0.0,0.32,150.85,0.0,0.0,146.0,0.9999253857184062,1.0,1207.2900372200008,1000.0,1205.738037220001,1000.0,0.03998376405984003,0.0
5651,1662503880000.0,0.0,0.0,0.32,150.85,0.0,0.0,146.0,0.9999253857184062,1.0,1207.2900372200008,1000.0,1205.738037220001,1000.0,0.03998376405984003,0.0
5652,1662507480000.0,0.0,0.0,0.32,150.85,0.0,0.0,145.6,0.9999253857184062,1.0,1207.2900372200008,1000.0,1205.6100372200008,1000.0,0.03998376405984003,0.0
5653,1662511080000.0,0.0,0.0,0.65,147.6616923076923,0.0,0.0,144.05,0.9999253857184062,1.0,1207.280495600001,1000.0,1204.9328956000008,1000.0,0.07950107729711917,0.0
5654,1662514680000.0,0.0,0.0,0.65,147.6616923076923,0.0,0.0,144.2,0.9999253857184062,1.0,1207.280495600001,1000.0,1205.030395600001,1000.0,0.07950107729711917,0.0
5655,1662518280000.0,0.0,0.0,0.65,147.6616923076923,0.0,0.0,141.95,0.9999253857184062,1.0,1207.280495600001,1000.0,1203.5678956000008,1000.0,0.07950107729711917,0.0
5656,1662521880000.0,0.0,0.0,0.65,147.6616923076923,0.0,0.0,142.75,0.9999253857184062,1.0,1207.280495600001,1000.0,1204.0878956000008,1000.0,0.07950107729711917,0.0
5657,1662525480000.0,0.0,0.0,0.65,147.6616923076923,0.0,0.0,141.9,0.9999253857184062,1.0,1207.280495600001,1000.0,1203.5353956000008,1000.0,0.07950107729711917,0.0
5658,1662529080000.0,0.0,0.0,0.65,147.6616923076923,0.0,0.0,142.2,0.9999253857184062,1.0,1207.280495600001,1000.0,1203.730395600001,1000.0,0.07950107729711917,0.0
5659,1662532680000.0,0.0,0.0,0.65,147.6616923076923,0.0,0.0,142.65,0.9999253857184062,1.0,1207.280495600001,1000.0,1204.022895600001,1000.0,0.07950107729711917,0.0
5660,1662536280000.0,0.0,0.0,0.65,147.6616923076923,0.0,0.0,143.0,0.9999253857184062,1.0,1207.280495600001,1000.0,1204.250395600001,1000.0,0.07950107729711917,0.0
5661,1662539880000.0,0.0,0.0,0.65,147.6616923076923,0.0,0.0,143.65,0.9999253857184062,1.0,1207.280495600001,1000.0,1204.6728956000009,1000.0,0.07950107729711917,0.0
5662,1662543480000.0,0.0,0.0,0.65,147.6616923076923,0.0,0.0,143.85,0.9999253857184062,1.0,1207.280495600001,1000.0,1204.802895600001,1000.0,0.07950107729711917,0.0
5663,1662547080000.0,0.0,0.0,0.65,147.6616923076923,0.0,0.0,144.1,0.9999253857184062,1.0,1207.280495600001,1000.0,1204.9653956000009,1000.0,0.07950107729711917,0.0
5664,1662550680000.0,0.0,0.0,0.65,147.6616923076923,0.0,0.0,144.0,0.9999253857184062,1.0,1207.280495600001,1000.0,1204.9003956000008,1000.0,0.07950107729711917,0.0
5665,1662554280000.0,0.0,0.0,0.65,147.6616923076923,0.0,0.0,144.05,0.9999253857184062,1.0,1207.280495600001,1000.0,1204.9328956000008,1000.0,0.07950107729711917,0.0
5666,1662557880000.0,0.0,0.0,0.65,147.6616923076923,0.0,0.0,146.9,0.9999253857184062,1.0,1207.280495600001,1000.0,1206.7853956000008,1000.0,0.07950107729711917,0.0
5667,1662561480000.0,0.0,0.0,0.65,147.6616923076923,0.0,0.0,147.7,0.9999253857184062,1.0,1207.280495600001,1000.0,1207.3053956000008,1000.0,0.07950107729711917,0.0
5668,1662565080000.0,0.0,0.0,0.65,147.6616923076923,0.0,0.0,147.3,0.9999253857184062,1.0,1207.280495600001,1000.0,1207.0453956000008,1000.0,0.07950107729711917,0.0
5669,1662568680000.0,0.0,0.0,0.65,147.6616923076923,0.0,0.0,148.2,0.9999253857184062,1.0,1207.280495600001,1000.0,1207.6303956000008,1000.0,0.07950107729711917,0.0
5670,1662572280000.0,0.0,0.0,0.65,147.6616923076923,0.0,0.0,148.75,0.9999253857184062,1.0,1207.280495600001,1000.0,1207.987895600001,1000.0,0.07950107729711917,0.0
5671,1662575880000.0,0.0,0.0,0.65,147.6616923076923,0.0,0.0,149.2,0.9999253857184062,1.0,1207.280495600001,1000.0,1208.280395600001,1000.0,0.07950107729711917,0.0
5672,1662579480000.0,0.0,0.0,0.65,147.6616923076923,0.0,0.0,149.7,0.9999253857184062,1.0,1207.280495600001,1000.0,1208.605395600001,1000.0,0.07950107729711917,0.0
5673,1662583080000.0,0.0,0.0,0.3,147.6616923076923,0.0,0.0,151.3,0.9999253857184062,1.0,1208.8232562923088,1000.0,1209.914748600001,1000.0,0.036645975713752936,0.0
5674,1662586680000.0,0.0,0.0,0.3,147.6616923076923,0.0,0.0,150.1,0.9999253857184062,1.0,1208.8232562923088,1000.0,1209.5547486000012,1000.0,0.036645975713752936,0.0
5675,1662590280000.0,0.0,0.0,0.3,147.6616923076923,0.0,0.0,149.1,0.9999253857184062,1.0,1208.8232562923088,1000.0,1209.254748600001,1000.0,0.036645975713752936,0.0
5676,1662593880000.0,0.0,0.0,0.3,147.6616923076923,0.0,0.0,149.35,0.9999253857184062,1.0,1208.8232562923088,1000.0,1209.329748600001,1000.0,0.036645975713752936,0.0
5677,1662597480000.0,0.0,0.0,0.3,147.6616923076923,0.0,0.0,148.45,0.9999253857184062,1.0,1208.8232562923088,1000.0,1209.059748600001,1000.0,0.036645975713752936,0.0
5678,1662601080000.0,0.0,0.0,0.3,147.6616923076923,0.0,0.0,148.1,0.9999253857184062,1.0,1208.8232562923088,1000.0,1208.954748600001,1000.0,0.036645975713752936,0.0
5679,1662604680000.0,0.0,0.0,0.3,147.6616923076923,0.0,0.0,148.45,0.9999253857184062,1.0,1208.8232562923088,1000.0,1209.059748600001,1000.0,0.036645975713752936,0.0
5680,1662608280000.0,0.0,0.0,0.3,147.6616923076923,0.0,0.0,148.7,0.9999253857184062,1.0,1208.8232562923088,1000.0,1209.134748600001,1000.0,0.036645975713752936,0.0
5681,1662611880000.0,0.0,0.0,0.3,147.6616923076923,0.0,0.0,149.4,0.9999253857184062,1.0,1208.8232562923088,1000.0,1209.3447486000011,1000.0,0.036645975713752936,0.0
5682,1662615480000.0,0.0,0.0,0.3,147.6616923076923,0.0,0.0,149.65,0.9999253857184062,1.0,1208.8232562923088,1000.0,1209.4197486000012,1000.0,0.036645975713752936,0.0
5683,1662619080000.0,0.0,0.0,0.3,147.6616923076923,0.0,0.0,149.0,0.9999253857184062,1.0,1208.8232562923088,1000.0,1209.224748600001,1000.0,0.036645975713752936,0.0
5684,1662622680000.0,0.0,0.0,0.3,147.6616923076923,0.0,0.0,148.55,0.9999253857184062,1.0,1208.8232562923088,1000.0,1209.089748600001,1000.0,0.036645975713752936,0.0
5685,1662626280000.0,0.0,0.0,0.3,147.6616923076923,0.0,0.0,149.2,0.9999253857184062,1.0,1208.8232562923088,1000.0,1209.284748600001,1000.0,0.036645975713752936,0.0
5686,1662629880000.0,0.0,0.0,0.3,147.6616923076923,0.0,0.0,149.05,0.9999253857184062,1.0,1208.8232562923088,1000.0,1209.2397486000011,1000.0,0.036645975713752936,0.0
5687,1662633480000.0,0.0,0.0,0.3,147.6616923076923,0.0,0.0,149.8,0.9999253857184062,1.0,1208.8232562923088,1000.0,1209.464748600001,1000.0,0.036645975713752936,0.0
5688,1662637080000.0,0.0,0.0,0.3,147.6616923076923,0.0,0.0,149.4,0.9999253857184062,1.0,1208.8232562923088,1000.0,1209.3447486000011,1000.0,0.036645975713752936,0.0
5689,1662640680000.0,0.0,0.0,0.3,147.6616923076923,0.0,0.0,148.5,0.9999253857184062,1.0,1208.8232562923088,1000.0,1209.0747486000012,1000.0,0.036645975713752936,0.0
5690,1662644280000.0,0.0,0.0,0.3,147.6616923076923,0.0,0.0,151.0,0.9999253857184062,1.0,1208.8232562923088,1000.0,1209.8247486000012,1000.0,0.036645975713752936,0.0
5691,1662647880000.0,0.0,0.0,0.2,147.6616923076923,0.0,0.0,151.65,0.9999253857184062,1.0,1209.2640450615395,1000.0,1210.0617066000011,1000.0,0.024421745260800803,0.0
5692,1662651480000.0,0.0,0.0,0.07,147.6616923076923,0.0,0.0,151.35,0.9999253857184062,1.0,1209.8370704615395,1000.0,1210.095252000001,1000.0,0.008543562363810915,0.0
5693,1662655080000.0,0.0,0.0,0.07,147.6616923076923,0.0,0.0,151.05,0.9999253857184062,1.0,1209.8370704615395,1000.0,1210.074252000001,1000.0,0.008543562363810915,0.0
5694,1662658680000.0,0.0,0.0,0.07,147.6616923076923,0.0,0.0,151.35,0.9999253857184062,1.0,1209.8370704615395,1000.0,1210.095252000001,1000.0,0.008543562363810915,0.0
5695,1662662280000.0,0.0,0.0,0.07,147.6616923076923,0.0,0.0,150.75,0.9999253857184062,1.0,1209.8370704615395,1000.0,1210.053252000001,1000.0,0.008543562363810915,0.0
5696,1662665880000.0,0.0,0.0,0.07,147.6616923076923,0.0,0.0,151.35,0.9999253857184062,1.0,1209.8370704615395,1000.0,1210.095252000001,1000.0,0.008543562363810915,0.0
5697,1662669480000.0,0.0,0.0,0.01,147.6616923076923,0.0,0.0,151.55,0.9999253857184062,1.0,1210.101543723078,1000.0,1210.1404268000013,1000.0,0.0012202421612767026,0.0
5698,1662673080000.0,0.0,0.0,0.01,147.6616923076923,0.0,0.0,151.4,0.9999253857184062,1.0,1210.101543723078,1000.0,1210.1389268000012,1000.0,0.0012202421612767026,0.0
5699,1662676680000.0,0.0,0.0,0.01,147.6616923076923,0.0,0.0,151.45,0.9999253857184062,1.0,1210.101543723078,1000.0,1210.139426800001,1000.0,0.0012202421612767026,0.0
5700,1662680280000.0,0.0,0.0,0.01,147.6616923076923,0.0,0.0,151.75,0.9999253857184062,1.0,1210.101543723078,1000.0,1210.1424268000012,1000.0,0.0012202421612767026,0.0
5701,1662683880000.0,0.0,0.0,0.0,147.6616923076923,0.0,0.0,152.5,0.9999253857184062,1.0,1210.1456226000012,1000.0,1210.1456226000012,1000.0,0.0,0.0
5702,1662687480000.0,0.0,0.0,0.0,147.6616923076923,0.0,0.0,152.55,0.9999253857184062,1.0,1210.1456226000012,1000.0,1210.1456226000012,1000.0,0.0,0.0
5703,1662691080000.0,0.0,0.0,0.0,147.6616923076923,0.0,0.0,152.85,0.9999253857184062,1.0,1210.1456226000012,1000.0,1210.1456226000012,1000.0,0.0,0.0
5704,1662694680000.0,0.0,0.0,0.0,147.6616923076923,0.0,0.0,154.35,0.9999253857184062,1.0,1210.1456226000012,1000.0,1210.1456226000012,1000.0,0.0,0.0
5705,1662698280000.0,0.0,0.0,0.0,147.6616923076923,0.0,0.0,155.65,0.9999253857184062,1.0,1210.1456226000012,1000.0,1210.1456226000012,1000.0,0.0,0.0
5706,1662701880000.0,0.0,0.0,0.0,147.6616923076923,0.0,0.0,155.3,0.9999253857184062,1.0,1210.1456226000012,1000.0,1210.1456226000012,1000.0,0.0,0.0
5707,1662705480000.0,0.0,0.0,0.0,147.6616923076923,0.0,0.0,154.65,0.9999253857184062,1.0,1210.1456226000012,1000.0,1210.1456226000012,1000.0,0.0,0.0
5708,1662709080000.0,0.0,0.0,0.0,147.6616923076923,0.0,0.0,154.1,0.9999253857184062,1.0,1210.1456226000012,1000.0,1210.1456226000012,1000.0,0.0,0.0
5709,1662712680000.0,0.0,0.0,0.0,147.6616923076923,0.0,0.0,154.7,0.9999253857184062,1.0,1210.1456226000012,1000.0,1210.1456226000012,1000.0,0.0,0.0
5710,1662716280000.0,0.0,0.0,0.0,147.6616923076923,0.0,0.0,153.7,0.9999253857184062,1.0,1210.1456226000012,1000.0,1210.1456226000012,1000.0,0.0,0.0
5711,1662719880000.0,0.0,0.0,0.0,147.6616923076923,0.0,0.0,154.95,0.9999253857184062,1.0,1210.1456226000012,1000.0,1210.1456226000012,1000.0,0.0,0.0
5712,1662723480000.0,0.0,0.0,0.0,147.6616923076923,0.0,0.0,155.6,0.9999253857184062,1.0,1210.1456226000012,1000.0,1210.1456226000012,1000.0,0.0,0.0
5713,1662727080000.0,0.0,0.0,0.0,147.6616923076923,0.0,0.0,158.0,0.9999253857184062,1.0,1210.1456226000012,1000.0,1210.1456226000012,1000.0,0.0,0.0
5714,1662730680000.0,0.0,0.0,0.0,147.6616923076923,0.0,0.0,156.95,0.9999253857184062,1.0,1210.1456226000012,1000.0,1210.1456226000012,1000.0,0.0,0.0
5715,1662734280000.0,0.0,0.0,0.0,147.6616923076923,0.0,0.0,155.75,0.9999253857184062,1.0,1210.1456226000012,1000.0,1210.1456226000012,1000.0,0.0,0.0
5716,1662737880000.0,0.0,0.0,0.0,147.6616923076923,0.0,0.0,156.4,0.9999253857184062,1.0,1210.1456226000012,1000.0,1210.1456226000012,1000.0,0.0,0.0
5717,1662741480000.0,0.0,0.0,0.0,147.6616923076923,0.0,0.0,156.15,0.9999253857184062,1.0,1210.1456226000012,1000.0,1210.1456226000012,1000.0,0.0,0.0
5718,1662745080000.0,0.0,0.0,0.0,147.6616923076923,0.0,0.0,156.1,0.9999253857184062,1.0,1210.1456226000012,1000.0,1210.1456226000012,1000.0,0.0,0.0
5719,1662748680000.0,0.0,0.0,0.0,147.6616923076923,0.0,0.0,155.9,0.9999253857184062,1.0,1210.1456226000012,1000.0,1210.1456226000012,1000.0,0.0,0.0
5720,1662752280000.0,0.0,0.0,0.0,147.6616923076923,0.0,0.0,156.3,0.9999253857184062,1.0,1210.1456226000012,1000.0,1210.1456226000012,1000.0,0.0,0.0
5721,1662755880000.0,0.0,0.0,0.0,147.6616923076923,0.0,0.0,157.45,0.9999253857184062,1.0,1210.1456226000012,1000.0,1210.1456226000012,1000.0,0.0,0.0
5722,1662759480000.0,0.0,0.0,0.0,147.6616923076923,0.0,0.0,157.3,0.9999253857184062,1.0,1210.1456226000012,1000.0,1210.1456226000012,1000.0,0.0,0.0
5723,1662763080000.0,0.0,0.0,0.0,147.6616923076923,0.0,0.0,157.65,0.9999253857184062,1.0,1210.1456226000012,1000.0,1210.1456226000012,1000.0,0.0,0.0
5724,1662766680000.0,0.0,0.0,0.0,147.6616923076923,0.0,0.0,158.65,0.9999253857184062,1.0,1210.1456226000012,1000.0,1210.1456226000012,1000.0,0.0,0.0
5725,1662770280000.0,0.0,0.0,0.0,147.6616923076923,0.0,0.0,159.4,0.9999253857184062,1.0,1210.1456226000012,1000.0,1210.1456226000012,1000.0,0.0,0.0
5726,1662773880000.0,0.0,0.0,0.0,147.6616923076923,0.0,0.0,161.4,0.9999253857184062,1.0,1210.1456226000012,1000.0,1210.1456226000012,1000.0,0.0,0.0
5727,1662777480000.0,0.0,0.0,0.0,147.6616923076923,0.0,0.0,160.55,0.9999253857184062,1.0,1210.1456226000012,1000.0,1210.1456226000012,1000.0,0.0,0.0
5728,1662781080000.0,0.0,0.0,0.0,147.6616923076923,0.0,0.0,160.4,0.9999253857184062,1.0,1210.1456226000012,1000.0,1210.1456226000012,1000.0,0.0,0.0
5729,1662784680000.0,0.0,0.0,0.0,147.6616923076923,0.0,0.0,160.75,0.9999253857184062,1.0,1210.1456226000012,1000.0,1210.1456226000012,1000.0,0.0,0.0
5730,1662788280000.0,0.0,0.0,0.0,147.6616923076923,0.0,0.0,160.45,0.9999253857184062,1.0,1210.1456226000012,1000.0,1210.1456226000012,1000.0,0.0,0.0
5731,1662791880000.0,0.0,0.0,0.0,147.6616923076923,0.0,0.0,160.05,0.9999253857184062,1.0,1210.1456226000012,1000.0,1210.1456226000012,1000.0,0.0,0.0
5732,1662795480000.0,0.0,0.0,0.0,147.6616923076923,0.0,0.0,158.75,0.9999253857184062,1.0,1210.1456226000012,1000.0,1210.1456226000012,1000.0,0.0,0.0
5733,1662799080000.0,0.0,0.0,0.0,147.6616923076923,0.0,0.0,158.95,0.9999253857184062,1.0,1210.1456226000012,1000.0,1210.1456226000012,1000.0,0.0,0.0
5734,1662802680000.0,0.0,0.0,0.0,147.6616923076923,0.0,0.0,157.65,0.9999253857184062,1.0,1210.1456226000012,1000.0,1210.1456226000012,1000.0,0.0,0.0
5735,1662806280000.0,0.0,0.0,0.0,147.6616923076923,0.0,0.0,157.65,0.9999253857184062,1.0,1210.1456226000012,1000.0,1210.1456226000012,1000.0,0.0,0.0
5736,1662809880000.0,0.0,0.0,0.0,147.6616923076923,0.0,0.0,158.35,0.9999253857184062,1.0,1210.1456226000012,1000.0,1210.1456226000012,1000.0,0.0,0.0
5737,1662813480000.0,0.0,0.0,0.0,147.6616923076923,0.0,0.0,159.15,0.9999253857184062,1.0,1210.1456226000012,1000.0,1210.1456226000012,1000.0,0.0,0.0
5738,1662817080000.0,0.0,0.0,0.0,147.6616923076923,0.0,0.0,158.2,0.9999253857184062,1.0,1210.1456226000012,1000.0,1210.1456226000012,1000.0,0.0,0.0
5739,1662820680000.0,0.0,0.0,0.0,147.6616923076923,0.0,0.0,157.75,0.9999253857184062,1.0,1210.1456226000012,1000.0,1210.1456226000012,1000.0,0.0,0.0
5740,1662824280000.0,0.0,0.0,0.0,147.6616923076923,0.0,0.0,157.65,0.9999253857184062,1.0,1210.1456226000012,1000.0,1210.1456226000012,1000.0,0.0,0.0
5741,1662827880000.0,0.0,0.0,0.0,147.6616923076923,0.0,0.0,157.7,0.9999253857184062,1.0,1210.1456226000012,1000.0,1210.1456226000012,1000.0,0.0,0.0
5742,1662831480000.0,0.0,0.0,0.0,147.6616923076923,0.0,0.0,158.25,0.9999253857184062,1.0,1210.1456226000012,1000.0,1210.1456226000012,1000.0,0.0,0.0
5743,1662835080000.0,0.0,0.0,0.0,147.6616923076923,0.0,0.0,158.2,0.9999253857184062,1.0,1210.1456226000012,1000.0,1210.1456226000012,1000.0,0.0,0.0
5744,1662838680000.0,0.0,0.0,0.0,147.6616923076923,0.0,0.0,158.35,0.9999253857184062,1.0,1210.1456226000012,1000.0,1210.1456226000012,1000.0,0.0,0.0
5745,1662842280000.0,0.0,0.0,0.0,147.6616923076923,0.0,0.0,157.75,0.9999253857184062,1.0,1210.1456226000012,1000.0,1210.1456226000012,1000.0,0.0,0.0
5746,1662845880000.0,0.0,0.0,0.0,147.6616923076923,0.0,0.0,157.75,0.9999253857184062,1.0,1210.1456226000012,1000.0,1210.1456226000012,1000.0,0.0,0.0
5747,1662849480000.0,0.0,0.0,0.0,147.6616923076923,0.0,0.0,157.75,0.9999253857184062,1.0,1210.1456226000012,1000.0,1210.1456226000012,1000.0,0.0,0.0
5748,1662853080000.0,0.0,0.0,0.0,147.6616923076923,0.0,0.0,158.2,0.9999253857184062,1.0,1210.1456226000012,1000.0,1210.1456226000012,1000.0,0.0,0.0
5749,1662856680000.0,0.0,0.0,0.0,147.6616923076923,0.0,0.0,157.8,0.9999253857184062,1.0,1210.1456226000012,1000.0,1210.1456226000012,1000.0,0.0,0.0
5750,1662860280000.0,0.0,0.0,0.0,147.6616923076923,0.0,0.0,157.8,0.9999253857184062,1.0,1210.1456226000012,1000.0,1210.1456226000012,1000.0,0.0,0.0
5751,1662863880000.0,0.0,0.0,0.0,147.6616923076923,0.0,0.0,156.65,0.9999253857184062,1.0,1210.1456226000012,1000.0,1210.1456226000012,1000.0,0.0,0.0
5752,1662867480000.0,0.0,0.0,0.0,147.6616923076923,0.0,0.0,157.35,0.9999253857184062,1.0,1210.1456226000012,1000.0,1210.1456226000012,1000.0,0.0,0.0
5753,1662871080000.0,0.0,0.0,0.0,147.6616923076923,0.0,0.0,156.3,0.9999253857184062,1.0,1210.1456226000012,1000.0,1210.1456226000012,1000.0,0.0,0.0
5754,1662874680000.0,0.0,0.0,0.0,147.6616923076923,0.0,0.0,156.35,0.9999253857184062,1.0,1210.1456226000012,1000.0,1210.1456226000012,1000.0,0.0,0.0
5755,1662878280000.0,0.0,0.0,0.0,147.6616923076923,0.0,0.0,154.6,0.9999253857184062,1.0,1210.1456226000012,1000.0,1210.1456226000012,1000.0,0.0,0.0
5756,1662881880000.0,0.0,0.0,0.0,147.6616923076923,0.0,0.0,156.0,0.9999253857184062,1.0,1210.1456226000012,1000.0,1210.1456226000012,1000.0,0.0,0.0
5757,1662885480000.0,0.0,0.0,0.0,147.6616923076923,0.0,0.0,156.5,0.9999253857184062,1.0,1210.1456226000012,1000.0,1210.1456226000012,1000.0,0.0,0.0
5758,1662889080000.0,0.0,0.0,0.0,147.6616923076923,0.0,0.0,157.1,0.9999253857184062,1.0,1210.1456226000012,1000.0,1210.1456226000012,1000.0,0.0,0.0
5759,1662892680000.0,0.0,0.0,0.0,147.6616923076923,0.0,0.0,157.3,0.9999253857184062,1.0,1210.1456226000012,1000.0,1210.1456226000012,1000.0,0.0,0.0
5760,1662896280000.0,0.0,0.0,0.0,147.6616923076923,0.0,0.0,157.45,0.9999253857184062,1.0,1210.1456226000012,1000.0,1210.1456226000012,1000.0,0.0,0.0
5761,1662899880000.0,0.0,0.0,0.0,147.6616923076923,0.0,0.0,157.5,0.9999253857184062,1.0,1210.1456226000012,1000.0,1210.1456226000012,1000.0,0.0,0.0
5762,1662903480000.0,0.0,0.0,0.0,147.6616923076923,0.0,0.0,156.75,0.9999253857184062,1.0,1210.1456226000012,1000.0,1210.1456226000012,1000.0,0.0,0.0
5763,1662907080000.0,0.0,0.0,0.0,147.6616923076923,0.0,0.0,156.8,0.9999253857184062,1.0,1210.1456226000012,1000.0,1210.1456226000012,1000.0,0.0,0.0
5764,1662910680000.0,0.0,0.0,0.0,147.6616923076923,0.0,0.0,156.8,0.9999253857184062,1.0,1210.1456226000012,1000.0,1210.1456226000012,1000.0,0.0,0.0
5765,1662914280000.0,0.0,0.0,0.0,147.6616923076923,0.0,0.0,156.6,0.9999253857184062,1.0,1210.1456226000012,1000.0,1210.1456226000012,1000.0,0.0,0.0
5766,1662917880000.0,0.0,0.0,0.0,147.6616923076923,0.0,0.0,157.1,0.9999253857184062,1.0,1210.1456226000012,1000.0,1210.1456226000012,1000.0,0.0,0.0
5767,1662921480000.0,0.0,0.0,0.0,147.6616923076923,0.0,0.0,156.15,0.9999253857184062,1.0,1210.1456226000012,1000.0,1210.1456226000012,1000.0,0.0,0.0
5768,1662925080000.0,0.0,0.0,0.0,147.6616923076923,0.0,0.0,155.8,0.9999253857184062,1.0,1210.1456226000012,1000.0,1210.1456226000012,1000.0,0.0,0.0
5769,1662928680000.0,0.0,0.0,0.0,147.6616923076923,0.0,0.0,154.85,0.9999253857184062,1.0,1210.1456226000012,1000.0,1210.1456226000012,1000.0,0.0,0.0
5770,1662932280000.0,0.0,0.0,0.0,147.6616923076923,0.0,0.0,156.3,0.9999253857184062,1.0,1210.1456226000012,1000.0,1210.1456226000012,1000.0,0.0,0.0
5771,1662935880000.0,0.0,0.0,0.0,147.6616923076923,0.0,0.0,157.5,0.9999253857184062,1.0,1210.1456226000012,1000.0,1210.1456226000012,1000.0,0.0,0.0
5772,1662939480000.0,0.0,0.0,0.0,147.6616923076923,0.0,0.0,158.65,0.9999253857184062,1.0,1210.1456226000012,1000.0,1210.1456226000012,1000.0,0.0,0.0
5773,1662943080000.0,0.0,0.0,0.0,147.6616923076923,0.0,0.0,158.9,0.9999253857184062,1.0,1210.1456226000012,1000.0,1210.1456226000012,1000.0,0.0,0.0
5774,1662946680000.0,0.0,0.0,0.0,147.6616923076923,0.0,0.0,159.7,0.9999253857184062,1.0,1210.1456226000012,1000.0,1210.1456226000012,1000.0,0.0,0.0
5775,1662950280000.0,0.0,0.0,0.0,147.6616923076923,0.0,0.0,159.65,0.9999253857184062,1.0,1210.1456226000012,1000.0,1210.1456226000012,1000.0,0.0,0.0
5776,1662953880000.0,0.0,0.0,0.0,147.6616923076923,0.0,0.0,158.7,0.9999253857184062,1.0,1210.1456226000012,1000.0,1210.1456226000012,1000.0,0.0,0.0
5777,1662957480000.0,0.0,0.0,0.0,147.6616923076923,0.0,0.0,159.45,0.9999253857184062,1.0,1210.1456226000012,1000.0,1210.1456226000012,1000.0,0.0,0.0
5778,1662961080000.0,0.0,0.0,0.0,147.6616923076923,0.0,0.0,159.15,0.9999253857184062,1.0,1210.1456226000012,1000.0,1210.1456226000012,1000.0,0.0,0.0
5779,1662964680000.0,0.0,0.0,0.0,147.6616923076923,0.0,0.0,160.0,0.9999253857184062,1.0,1210.1456226000012,1000.0,1210.1456226000012,1000.0,0.0,0.0
5780,1662968280000.0,0.0,0.0,0.0,147.6616923076923,0.0,0.0,160.4,0.9999253857184062,1.0,1210.1456226000012,1000.0,1210.1456226000012,1000.0,0.0,0.0
5781,1662971880000.0,0.0,0.0,0.0,147.6616923076923,0.0,0.0,160.75,0.9999253857184062,1.0,1210.1456226000012,1000.0,1210.1456226000012,1000.0,0.0,0.0
5782,1662975480000.0,0.0,0.0,0.0,147.6616923076923,0.0,0.0,160.6,0.9999253857184062,1.0,1210.1456226000012,1000.0,1210.1456226000012,1000.0,0.0,0.0
5783,1662979080000.0,0.0,0.0,0.0,147.6616923076923,0.0,0.0,161.55,0.9999253857184062,1.0,1210.1456226000012,1000.0,1210.1456226000012,1000.0,0.0,0.0
5784,1662982680000.0,0.0,0.0,0.0,147.6616923076923,0.0,0.0,161.45,0.9999253857184062,1.0,1210.1456226000012,1000.0,1210.1456226000012,1000.0,0.0,0.0
5785,1662986280000.0,0.0,0.0,0.0,147.6616923076923,0.0,0.0,160.35,0.9999253857184062,1.0,1210.1456226000012,1000.0,1210.1456226000012,1000.0,0.0,0.0
5786,1662989880000.0,0.0,0.0,0.0,147.6616923076923,0.0,0.0,159.5,0.9999253857184062,1.0,1210.1456226000012,1000.0,1210.1456226000012,1000.0,0.0,0.0
5787,1662993480000.0,0.0,0.0,0.0,147.6616923076923,0.0,0.0,161.25,0.9999253857184062,1.0,1210.1456226000012,1000.0,1210.1456226000012,1000.0,0.0,0.0
5788,1662997080000.0,0.0,0.0,0.0,147.6616923076923,0.0,0.0,160.65,0.9999253857184062,1.0,1210.1456226000012,1000.0,1210.1456226000012,1000.0,0.0,0.0
5789,1663000680000.0,0.0,0.0,0.0,147.6616923076923,0.0,0.0,159.55,0.9999253857184062,1.0,1210.1456226000012,1000.0,1210.1456226000012,1000.0,0.0,0.0
5790,1663004280000.0,0.0,0.0,0.0,147.6616923076923,0.0,0.0,159.5,0.9999253857184062,1.0,1210.1456226000012,1000.0,1210.1456226000012,1000.0,0.0,0.0
5791,1663007880000.0,0.0,0.0,0.0,147.6616923076923,0.0,0.0,161.15,0.9999253857184062,1.0,1210.1456226000012,1000.0,1210.1456226000012,1000.0,0.0,0.0
5792,1663011480000.0,0.0,0.0,0.0,147.6616923076923,0.0,0.0,162.6,0.9999253857184062,1.0,1210.1456226000012,1000.0,1210.1456226000012,1000.0,0.0,0.0
5793,1663015080000.0,0.0,0.0,0.0,147.6616923076923,0.0,0.0,162.65,0.9999253857184062,1.0,1210.1456226000012,1000.0,1210.1456226000012,1000.0,0.0,0.0
5794,1663018680000.0,0.0,0.0,0.0,147.6616923076923,0.0,0.0,161.65,0.9999253857184062,1.0,1210.1456226000012,1000.0,1210.1456226000012,1000.0,0.0,0.0
5795,1663022280000.0,0.0,0.0,0.0,147.6616923076923,0.0,0.0,161.85,0.9999253857184062,1.0,1210.1456226000012,1000.0,1210.1456226000012,1000.0,0.0,0.0
5796,1663025880000.0,0.0,0.0,0.0,147.6616923076923,0.0,0.0,163.85,0.9999253857184062,1.0,1210.1456226000012,1000.0,1210.1456226000012,1000.0,0.0,0.0
5797,1663029480000.0,0.0,0.0,0.0,147.6616923076923,0.0,0.0,162.9,0.9999253857184062,1.0,1210.1456226000012,1000.0,1210.1456226000012,1000.0,0.0,0.0
5798,1663033080000.0,0.0,0.0,0.0,147.6616923076923,0.0,0.0,161.75,0.9999253857184062,1.0,1210.1456226000012,1000.0,1210.1456226000012,1000.0,0.0,0.0
5799,1663036680000.0,0.0,0.0,0.0,147.6616923076923,0.0,0.0,162.95,0.9999253857184062,1.0,1210.1456226000012,1000.0,1210.1456226000012,1000.0,0.0,0.0
5800,1663040280000.0,0.0,0.0,0.0,147.6616923076923,0.0,0.0,162.55,0.9999253857184062,1.0,1210.1456226000012,1000.0,1210.1456226000012,1000.0,0.0,0.0
5801,1663043880000.0,0.0,0.0,0.0,147.6616923076923,0.0,0.0,163.85,0.9999253857184062,1.0,1210.1456226000012,1000.0,1210.1456226000012,1000.0,0.0,0.0
5802,1663047480000.0,0.0,0.0,0.0,147.6616923076923,0.0,0.0,163.1,0.9999253857184062,1.0,1210.1456226000012,1000.0,1210.1456226000012,1000.0,0.0,0.0
5803,1663051080000.0,0.0,0.0,0.0,147.6616923076923,0.0,0.0,161.55,0.9999253857184062,1.0,1210.1456226000012,1000.0,1210.1456226000012,1000.0,0.0,0.0
5804,1663054680000.0,0.0,0.0,0.0,147.6616923076923,0.0,0.0,161.1,0.9999253857184062,1.0,1210.1456226000012,1000.0,1210.1456226000012,1000.0,0.0,0.0
5805,1663058280000.0,0.0,0.0,0.0,147.6616923076923,0.0,0.0,161.25,0.9999253857184062,1.0,1210.1456226000012,1000.0,1210.1456226000012,1000.0,0.0,0.0
5806,1663061880000.0,0.0,0.0,0.0,147.6616923076923,0.0,0.0,160.5,0.9999253857184062,1.0,1210.1456226000012,1000.0,1210.1456226000012,1000.0,0.0,0.0
5807,1663065480000.0,0.0,0.0,0.0,147.6616923076923,0.0,0.0,159.6,0.9999253857184062,1.0,1210.1456226000012,1000.0,1210.1456226000012,1000.0,0.0,0.0
5808,1663069080000.0,0.0,0.0,0.0,147.6616923076923,0.0,0.0,160.25,0.9999253857184062,1.0,1210.1456226000012,1000.0,1210.1456226000012,1000.0,0.0,0.0
5809,1663072680000.0,0.0,0.0,0.31,155.95,0.0,0.0,156.0,0.9999253857184062,1.0,1210.1359537000012,1000.0,1210.1514537000012,1000.0,0.039949643552186234,0.0
5810,1663076280000.0,0.0,0.0,0.31,155.95,0.0,0.0,154.8,0.9999253857184062,1.0,1210.1359537000012,1000.0,1209.779453700001,1000.0,0.039949643552186234,0.0
5811,1663079880000.0,0.0,0.0,0.31,155.95,0.0,0.0,153.95,0.9999253857184062,1.0,1210.1359537000012,1000.0,1209.5159537000013,1000.0,0.039949643552186234,0.0
5812,1663083480000.0,0.0,0.0,0.31,155.95,0.0,0.0,152.5,0.9999253857184062,1.0,1210.1359537000012,1000.0,1209.0664537000011,1000.0,0.039949643552186234,0.0
5813,1663087080000.0,0.0,0.0,0.31,155.95,0.0,0.0,152.25,0.9999253857184062,1.0,1210.1359537000012,1000.0,1208.9889537000013,1000.0,0.039949643552186234,0.0
5814,1663090680000.0,0.0,0.0,0.31,155.95,0.0,0.0,152.25,0.9999253857184062,1.0,1210.1359537000012,1000.0,1208.9889537000013,1000.0,0.039949643552186234,0.0
5815,1663094280000.0,0.0,0.0,0.31,155.95,0.0,0.0,151.2,0.9999253857184062,1.0,1210.1359537000012,1000.0,1208.6634537000011,1000.0,0.039949643552186234,0.0
5816,1663097880000.0,0.0,0.0,0.63,152.65349206349205,0.0,0.0,149.25,0.9999253857184062,1.0,1210.1263882600012,1000.0,1207.9821882600013,1000.0,0.07947244265806147,0.0
5817,1663101480000.0,0.0,0.0,0.63,152.65349206349205,0.0,0.0,150.05,0.9999253857184062,1.0,1210.1263882600012,1000.0,1208.4861882600012,1000.0,0.07947244265806147,0.0
5818,1663105080000.0,0.0,0.0,0.63,152.65349206349205,0.0,0.0,147.6,0.9999253857184062,1.0,1210.1263882600012,1000.0,1206.9426882600012,1000.0,0.07947244265806147,0.0
5819,1663108680000.0,0.0,0.0,0.63,152.65349206349205,0.0,0.0,146.7,0.9999253857184062,1.0,1210.1263882600012,1000.0,1206.3756882600012,1000.0,0.07947244265806147,0.0
5820,1663112280000.0,0.0,0.0,0.63,152.65349206349205,0.0,0.0,145.75,0.9999253857184062,1.0,1210.1263882600012,1000.0,1205.7771882600014,1000.0,0.07947244265806147,0.0
5821,1663115880000.0,0.0,0.0,0.63,152.65349206349205,0.0,0.0,145.2,0.9999253857184062,1.0,1210.1263882600012,1000.0,1205.4306882600013,1000.0,0.07947244265806147,0.0
5822,1663119480000.0,0.0,0.0,0.63,152.65349206349205,0.0,0.0,145.25,0.9999253857184062,1.0,1210.1263882600012,1000.0,1205.4621882600013,1000.0,0.07947244265806147,0.0
5823,1663123080000.0,0.0,0.0,0.63,152.65349206349205,0.0,0.0,146.4,0.9999253857184062,1.0,1210.1263882600012,1000.0,1206.1866882600013,1000.0,0.07947244265806147,0.0
5824,1663126680000.0,0.0,0.0,0.63,152.65349206349205,0.0,0.0,147.0,0.9999253857184062,1.0,1210.1263882600012,1000.0,1206.5646882600013,1000.0,0.07947244265806147,0.0
5825,1663130280000.0,0.0,0.0,0.63,152.65349206349205,0.0,0.0,147.05,0.9999253857184062,1.0,1210.1263882600012,1000.0,1206.5961882600013,1000.0,0.07947244265806147,0.0
5826,1663133880000.0,0.0,0.0,0.63,152.65349206349205,0.0,0.0,147.65,0.9999253857184062,1.0,1210.1263882600012,1000.0,1206.9741882600013,1000.0,0.07947244265806147,0.0
5827,1663137480000.0,0.0,0.0,0.63,152.65349206349205,0.0,0.0,146.6,0.9999253857184062,1.0,1210.1263882600012,1000.0,1206.3126882600013,1000.0,0.07947244265806147,0.0
5828,1663141080000.0,0.0,0.0,0.63,152.65349206349205,0.0,0.0,146.4,0.9999253857184062,1.0,1210.1263882600012,1000.0,1206.1866882600013,1000.0,0.07947244265806147,0.0
5829,1663144680000.0,0.0,0.0,0.63,152.65349206349205,0.0,0.0,147.2,0.9999253857184062,1.0,1210.1263882600012,1000.0,1206.6906882600013,1000.0,0.07947244265806147,0.0
5830,1663148280000.0,0.0,0.0,0.63,152.65349206349205,0.0,0.0,147.45,0.9999253857184062,1.0,1210.1263882600012,1000.0,1206.8481882600013,1000.0,0.07947244265806147,0.0
5831,1663151880000.0,0.0,0.0,0.63,152.65349206349205,0.0,0.0,148.4,0.9999253857184062,1.0,1210.1263882600012,1000.0,1207.4466882600013,1000.0,0.07947244265806147,0.0
5832,1663155480000.0,0.0,0.0,0.63,152.65349206349205,0.0,0.0,147.3,0.9999253857184062,1.0,1210.1263882600012,1000.0,1206.7536882600014,1000.0,0.07947244265806147,0.0
5833,1663159080000.0,0.0,0.0,0.63,152.65349206349205,0.0,0.0,147.75,0.9999253857184062,1.0,1210.1263882600012,1000.0,1207.0371882600014,1000.0,0.07947244265806147,0.0
5834,1663162680000.0,0.0,0.0,0.63,152.65349206349205,0.0,0.0,146.25,0.9999253857184062,1.0,1210.1263882600012,1000.0,1206.0921882600012,1000.0,0.07947244265806147,0.0
5835,1663166280000.0,0.0,0.0,0.63,152.65349206349205,0.0,0.0,149.45,0.9999253857184062,1.0,1210.1263882600012,1000.0,1208.1081882600013,1000.0,0.07947244265806147,0.0
5836,1663169880000.0,0.0,0.0,0.63,152.65349206349205,0.0,0.0,150.2,0.9999253857184062,1.0,1210.1263882600012,1000.0,1208.5806882600014,1000.0,0.07947244265806147,0.0
5837,1663173480000.0,0.0,0.0,0.63,152.65349206349205,0.0,0.0,149.45,0.9999253857184062,1.0,1210.1263882600012,1000.0,1208.1081882600013,1000.0,0.07947244265806147,0.0
5838,1663177080000.0,0.0,0.0,0.63,152.65349206349205,0.0,0.0,150.4,0.9999253857184062,1.0,1210.1263882600012,1000.0,1208.7066882600013,1000.0,0.07947244265806147,0.0
5839,1663180680000.0,0.0,0.0,0.63,152.65349206349205,0.0,0.0,149.55,0.9999253857184062,1.0,1210.1263882600012,1000.0,1208.1711882600014,1000.0,0.07947244265806147,0.0
5840,1663184280000.0,0.0,0.0,0.63,152.65349206349205,0.0,0.0,149.65,0.9999253857184062,1.0,1210.1263882600012,1000.0,1208.2341882600012,1000.0,0.07947244265806147,0.0
5841,1663187880000.0,0.0,0.0,0.63,152.65349206349205,0.0,0.0,150.15,0.9999253857184062,1.0,1210.1263882600012,1000.0,1208.5491882600013,1000.0,0.07947244265806147,0.0
5842,1663191480000.0,0.0,0.0,0.63,152.65349206349205,0.0,0.0,150.85,0.9999253857184062,1.0,1210.1263882600012,1000.0,1208.9901882600013,1000.0,0.07947244265806147,0.0
5843,1663195080000.0,0.0,0.0,0.63,152.65349206349205,0.0,0.0,151.45,0.9999253857184062,1.0,1210.1263882600012,1000.0,1209.3681882600013,1000.0,0.07947244265806147,0.0
5844,1663198680000.0,0.0,0.0,0.63,152.65349206349205,0.0,0.0,150.25,0.9999253857184062,1.0,1210.1263882600012,1000.0,1208.6121882600012,1000.0,0.07947244265806147,0.0
5845,1663202280000.0,0.0,0.0,0.63,152.65349206349205,0.0,0.0,148.35,0.9999253857184062,1.0,1210.1263882600012,1000.0,1207.4151882600013,1000.0,0.07947244265806147,0.0
5846,1663205880000.0,0.0,0.0,0.63,152.65349206349205,0.0,0.0,148.8,0.9999253857184062,1.0,1210.1263882600012,1000.0,1207.6986882600013,1000.0,0.07947244265806147,0.0
5847,1663209480000.0,0.0,0.0,0.63,152.65349206349205,0.0,0.0,148.55,0.9999253857184062,1.0,1210.1263882600012,1000.0,1207.5411882600013,1000.0,0.07947244265806147,0.0
5848,1663213080000.0,0.0,0.0,0.63,152.65349206349205,0.0,0.0,148.5,0.9999253857184062,1.0,1210.1263882600012,1000.0,1207.5096882600012,1000.0,0.07947244265806147,0.0
5849,1663216680000.0,0.0,0.0,0.63,152.65349206349205,0.0,0.0,147.7,0.9999253857184062,1.0,1210.1263882600012,1000.0,1207.0056882600013,1000.0,0.07947244265806147,0.0
5850,1663220280000.0,0.0,0.0,0.63,152.65349206349205,0.0,0.0,148.8,0.9999253857184062,1.0,1210.1263882600012,1000.0,1207.6986882600013,1000.0,0.07947244265806147,0.0
5851,1663223880000.0,0.0,0.0,0.63,152.65349206349205,0.0,0.0,148.2,0.9999253857184062,1.0,1210.1263882600012,1000.0,1207.3206882600014,1000.0,0.07947244265806147,0.0
5852,1663227480000.0,0.0,0.0,0.63,152.65349206349205,0.0,0.0,150.5,0.9999253857184062,1.0,1210.1263882600012,1000.0,1208.7696882600012,1000.0,0.07947244265806147,0.0
5853,1663231080000.0,0.0,0.0,0.63,152.65349206349205,0.0,0.0,149.7,0.9999253857184062,1.0,1210.1263882600012,1000.0,1208.2656882600013,1000.0,0.07947244265806147,0.0
5854,1663234680000.0,0.0,0.0,0.63,152.65349206349205,0.0,0.0,149.45,0.9999253857184062,1.0,1210.1263882600012,1000.0,1208.1081882600013,1000.0,0.07947244265806147,0.0
5855,1663238280000.0,0.0,0.0,0.63,152.65349206349205,0.0,0.0,149.25,0.9999253857184062,1.0,1210.1263882600012,1000.0,1207.9821882600013,1000.0,0.07947244265806147,0.0
5856,1663241880000.0,0.0,0.0,0.63,152.65349206349205,0.0,0.0,148.65,0.9999253857184062,1.0,1210.1263882600012,1000.0,1207.6041882600014,1000.0,0.07947244265806147,0.0
5857,1663245480000.0,0.0,0.0,0.63,152.65349206349205,0.0,0.0,148.55,0.9999253857184062,1.0,1210.1263882600012,1000.0,1207.5411882600013,1000.0,0.07947244265806147,0.0
5858,1663249080000.0,0.0,0.0,0.63,152.65349206349205,0.0,0.0,148.4,0.9999253857184062,1.0,1210.1263882600012,1000.0,1207.4466882600013,1000.0,0.07947244265806147,0.0
5859,1663252680000.0,0.0,0.0,0.63,152.65349206349205,0.0,0.0,147.0,0.9999253857184062,1.0,1210.1263882600012,1000.0,1206.5646882600013,1000.0,0.07947244265806147,0.0
5860,1663256280000.0,0.0,0.0,0.63,152.65349206349205,0.0,0.0,145.6,0.9999253857184062,1.0,1210.1263882600012,1000.0,1205.6826882600012,1000.0,0.07947244265806147,0.0
5861,1663259880000.0,0.0,0.0,0.97,149.64835051546393,0.0,0.0,145.35,0.9999253857184062,1.0,1210.1165908200012,1000.0,1205.9471908200012,1000.0,0.119954474718537,0.0
5862,1663263480000.0,0.0,0.0,0.97,149.64835051546393,0.0,0.0,145.95,0.9999253857184062,1.0,1210.1165908200012,1000.0,1206.529190820001,1000.0,0.119954474718537,0.0
5863,1663267080000.0,0.0,0.0,0.97,149.64835051546393,0.0,0.0,145.6,0.9999253857184062,1.0,1210.1165908200012,1000.0,1206.1896908200013,1000.0,0.119954474718537,0.0
5864,1663270680000.0,0.0,0.0,0.97,149.64835051546393,0.0,0.0,144.3,0.9999253857184062,1.0,1210.1165908200012,1000.0,1204.9286908200013,1000.0,0.119954474718537,0.0
5865,1663274280000.0,0.0,0.0,0.97,149.64835051546393,0.0,0.0,144.3,0.9999253857184062,1.0,1210.1165908200012,1000.0,1204.9286908200013,1000.0,0.119954474718537,0.0
5866,1663277880000.0,0.0,0.0,0.97,149.64835051546393,0.0,0.0,145.55,0.9999253857184062,1.0,1210.1165908200012,1000.0,1206.1411908200012,1000.0,0.119954474718537,0.0
5867,1663281480000.0,0.0,0.0,0.97,149.64835051546393,0.0,0.0,144.8,0.9999253857184062,1.0,1210.1165908200012,1000.0,1205.4136908200012,1000.0,0.119954474718537,0.0
5868,1663285080000.0,0.0,0.0,0.97,149.64835051546393,0.0,0.0,145.0,0.9999253857184062,1.0,1210.1165908200012,1000.0,1205.6076908200012,1000.0,0.119954474718537,0.0
5869,1663288680000.0,0.0,0.0,0.97,149.64835051546393,0.0,0.0,145.0,0.9999253857184062,1.0,1210.1165908200012,1000.0,1205.6076908200012,1000.0,0.119954474718537,0.0
5870,1663292280000.0,0.0,0.0,0.97,149.64835051546393,0.0,0.0,145.95,0.9999253857184062,1.0,1210.1165908200012,1000.0,1206.529190820001,1000.0,0.119954474718537,0.0
5871,1663295880000.0,0.0,0.0,0.97,149.64835051546393,0.0,0.0,144.15,0.9999253857184062,1.0,1210.1165908200012,1000.0,1204.7831908200012,1000.0,0.119954474718537,0.0
5872,1663299480000.0,0.0,0.0,0.97,149.64835051546393,0.0,0.0,146.0,0.9999253857184062,1.0,1210.1165908200012,1000.0,1206.5776908200012,1000.0,0.119954474718537,0.0
5873,1663303080000.0,0.0,0.0,0.97,149.64835051546393,0.0,0.0,145.8,0.9999253857184062,1.0,1210.1165908200012,1000.0,1206.3836908200012,1000.0,0.119954474718537,0.0
5874,1663306680000.0,0.0,0.0,0.97,149.64835051546393,0.0,0.0,145.8,0.9999253857184062,1.0,1210.1165908200012,1000.0,1206.3836908200012,1000.0,0.119954474718537,0.0
5875,1663310280000.0,0.0,0.0,0.97,149.64835051546393,0.0,0.0,146.1,0.9999253857184062,1.0,1210.1165908200012,1000.0,1206.6746908200012,1000.0,0.119954474718537,0.0
5876,1663313880000.0,0.0,0.0,0.97,149.64835051546393,0.0,0.0,145.9,0.9999253857184062,1.0,1210.1165908200012,1000.0,1206.4806908200012,1000.0,0.119954474718537,0.0
5877,1663317480000.0,0.0,0.0,0.97,149.64835051546393,0.0,0.0,144.9,0.9999253857184062,1.0,1210.1165908200012,1000.0,1205.5106908200012,1000.0,0.119954474718537,0.0
5878,1663321080000.0,0.0,0.0,0.97,149.64835051546393,0.0,0.0,145.4,0.9999253857184062,1.0,1210.1165908200012,1000.0,1205.995690820001,1000.0,0.119954474718537,0.0
5879,1663324680000.0,0.0,0.0,0.97,149.64835051546393,0.0,0.0,146.75,0.9999253857184062,1.0,1210.1165908200012,1000.0,1207.3051908200011,1000.0,0.119954474718537,0.0
5880,1663328280000.0,0.0,0.0,0.97,149.64835051546393,0.0,0.0,146.95,0.9999253857184062,1.0,1210.1165908200012,1000.0,1207.499190820001,1000.0,0.119954474718537,0.0
5881,1663331880000.0,0.0,0.0,0.97,149.64835051546393,0.0,0.0,147.05,0.9999253857184062,1.0,1210.1165908200012,1000.0,1207.596190820001,1000.0,0.119954474718537,0.0
5882,1663335480000.0,0.0,0.0,0.97,149.64835051546393,0.0,0.0,147.15,0.9999253857184062,1.0,1210.1165908200012,1000.0,1207.6931908200013,1000.0,0.119954474718537,0.0
5883,1663339080000.0,0.0,0.0,0.97,149.64835051546393,0.0,0.0,147.55,0.9999253857184062,1.0,1210.1165908200012,1000.0,1208.0811908200012,1000.0,0.119954474718537,0.0
5884,1663342680000.0,0.0,0.0,0.97,149.64835051546393,0.0,0.0,147.7,0.9999253857184062,1.0,1210.1165908200012,1000.0,1208.226690820001,1000.0,0.119954474718537,0.0
5885,1663346280000.0,0.0,0.0,0.97,149.64835051546393,0.0,0.0,147.4,0.9999253857184062,1.0,1210.1165908200012,1000.0,1207.9356908200011,1000.0,0.119954474718537,0.0
5886,1663349880000.0,0.0,0.0,0.97,149.64835051546393,0.0,0.0,147.15,0.9999253857184062,1.0,1210.1165908200012,1000.0,1207.6931908200013,1000.0,0.119954474718537,0.0
5887,1663353480000.0,0.0,0.0,0.97,149.64835051546393,0.0,0.0,147.8,0.9999253857184062,1.0,1210.1165908200012,1000.0,1208.3236908200013,1000.0,0.119954474718537,0.0
5888,1663357080000.0,0.0,0.0,0.97,149.64835051546393,0.0,0.0,147.85,0.9999253857184062,1.0,1210.1165908200012,1000.0,1208.3721908200012,1000.0,0.119954474718537,0.0
5889,1663360680000.0,0.0,0.0,0.97,149.64835051546393,0.0,0.0,148.1,0.9999253857184062,1.0,1210.1165908200012,1000.0,1208.6146908200012,1000.0,0.119954474718537,0.0
5890,1663364280000.0,0.0,0.0,0.97,149.64835051546393,0.0,0.0,148.65,0.9999253857184062,1.0,1210.1165908200012,1000.0,1209.1481908200012,1000.0,0.119954474718537,0.0
5891,1663367880000.0,0.0,0.0,0.97,149.64835051546393,0.0,0.0,148.45,0.9999253857184062,1.0,1210.1165908200012,1000.0,1208.9541908200013,1000.0,0.119954474718537,0.0
5892,1663371480000.0,0.0,0.0,0.97,149.64835051546393,0.0,0.0,148.55,0.9999253857184062,1.0,1210.1165908200012,1000.0,1209.0511908200012,1000.0,0.119954474718537,0.0
5893,1663375080000.0,0.0,0.0,0.97,149.64835051546393,0.0,0.0,149.95,0.9999253857184062,1.0,1210.1165908200012,1000.0,1210.4091908200012,1000.0,0.119954474718537,0.0
5894,1663378680000.0,0.0,0.0,0.97,149.64835051546393,0.0,0.0,150.1,0.9999253857184062,1.0,1210.1165908200012,1000.0,1210.5546908200013,1000.0,0.119954474718537,0.0
5895,1663382280000.0,0.0,0.0,0.97,149.64835051546393,0.0,0.0,150.35,0.9999253857184062,1.0,1210.1165908200012,1000.0,1210.797190820001,1000.0,0.119954474718537,0.0
5896,1663385880000.0,0.0,0.0,0.97,149.64835051546393,0.0,0.0,150.3,0.9999253857184062,1.0,1210.1165908200012,1000.0,1210.7486908200012,1000.0,0.119954474718537,0.0
5897,1663389480000.0,0.0,0.0,0.97,149.64835051546393,0.0,0.0,150.85,0.9999253857184062,1.0,1210.1165908200012,1000.0,1211.2821908200012,1000.0,0.119954474718537,0.0
5898,1663393080000.0,0.0,0.0,0.97,149.64835051546393,0.0,0.0,150.3,0.9999253857184062,1.0,1210.1165908200012,1000.0,1210.7486908200012,1000.0,0.119954474718537,0.0
5899,1663396680000.0,0.0,0.0,0.97,149.64835051546393,0.0,0.0,150.4,0.9999253857184062,1.0,1210.1165908200012,1000.0,1210.8456908200012,1000.0,0.119954474718537,0.0
5900,1663400280000.0,0.0,0.0,0.97,149.64835051546393,0.0,0.0,149.9,0.9999253857184062,1.0,1210.1165908200012,1000.0,1210.360690820001,1000.0,0.119954474718537,0.0
5901,1663403880000.0,0.0,0.0,0.97,149.64835051546393,0.0,0.0,150.2,0.9999253857184062,1.0,1210.1165908200012,1000.0,1210.6516908200012,1000.0,0.119954474718537,0.0
5902,1663407480000.0,0.0,0.0,0.97,149.64835051546393,0.0,0.0,151.4,0.9999253857184062,1.0,1210.1165908200012,1000.0,1211.8156908200012,1000.0,0.119954474718537,0.0
5903,1663411080000.0,0.0,0.0,0.97,149.64835051546393,0.0,0.0,150.8,0.9999253857184062,1.0,1210.1165908200012,1000.0,1211.2336908200011,1000.0,0.119954474718537,0.0
5904,1663414680000.0,0.0,0.0,0.97,149.64835051546393,0.0,0.0,150.9,0.9999253857184062,1.0,1210.1165908200012,1000.0,1211.330690820001,1000.0,0.119954474718537,0.0
5905,1663418280000.0,0.0,0.0,0.97,149.64835051546393,0.0,0.0,151.25,0.9999253857184062,1.0,1210.1165908200012,1000.0,1211.6701908200012,1000.0,0.119954474718537,0.0
5906,1663421880000.0,0.0,0.0,0.97,149.64835051546393,0.0,0.0,151.9,0.9999253857184062,1.0,1210.1165908200012,1000.0,1212.3006908200011,1000.0,0.119954474718537,0.0
5907,1663425480000.0,0.0,0.0,0.97,149.64835051546393,0.0,0.0,150.7,0.9999253857184062,1.0,1210.1165908200012,1000.0,1211.1366908200011,1000.0,0.119954474718537,0.0
5908,1663429080000.0,0.0,0.0,0.97,149.64835051546393,0.0,0.0,150.9,0.9999253857184062,1.0,1210.1165908200012,1000.0,1211.330690820001,1000.0,0.119954474718537,0.0
5909,1663432680000.0,0.0,0.0,0.97,149.64835051546393,0.0,0.0,151.65,0.9999253857184062,1.0,1210.1165908200012,1000.0,1212.058190820001,1000.0,0.119954474718537,0.0
5910,1663436280000.0,0.0,0.0,0.97,149.64835051546393,0.0,0.0,151.0,0.9999253857184062,1.0,1210.1165908200012,1000.0,1211.427690820001,1000.0,0.119954474718537,0.0
5911,1663439880000.0,0.0,0.0,0.97,149.64835051546393,0.0,0.0,150.5,0.9999253857184062,1.0,1210.1165908200012,1000.0,1210.9426908200012,1000.0,0.119954474718537,0.0
5912,1663443480000.0,0.0,0.0,0.97,149.64835051546393,0.0,0.0,149.65,0.9999253857184062,1.0,1210.1165908200012,1000.0,1210.1181908200012,1000.0,0.119954474718537,0.0
5913,1663447080000.0,0.0,0.0,0.97,149.64835051546393,0.0,0.0,149.45,0.9999253857184062,1.0,1210.1165908200012,1000.0,1209.924190820001,1000.0,0.119954474718537,0.0
5914,1663450680000.0,0.0,0.0,0.97,149.64835051546393,0.0,0.0,148.35,0.9999253857184062,1.0,1210.1165908200012,1000.0,1208.8571908200013,1000.0,0.119954474718537,0.0
5915,1663454280000.0,0.0,0.0,0.97,149.64835051546393,0.0,0.0,148.3,0.9999253857184062,1.0,1210.1165908200012,1000.0,1208.8086908200012,1000.0,0.119954474718537,0.0
5916,1663457880000.0,0.0,0.0,0.97,149.64835051546393,0.0,0.0,147.55,0.9999253857184062,1.0,1210.1165908200012,1000.0,1208.0811908200012,1000.0,0.119954474718537,0.0
5917,1663461480000.0,0.0,0.0,0.97,149.64835051546393,0.0,0.0,146.65,0.9999253857184062,1.0,1210.1165908200012,1000.0,1207.2081908200012,1000.0,0.119954474718537,0.0
5918,1663465080000.0,0.0,0.0,0.97,149.64835051546393,0.0,0.0,147.3,0.9999253857184062,1.0,1210.1165908200012,1000.0,1207.8386908200011,1000.0,0.119954474718537,0.0
5919,1663468680000.0,0.0,0.0,0.97,149.64835051546393,0.0,0.0,147.9,0.9999253857184062,1.0,1210.1165908200012,1000.0,1208.4206908200013,1000.0,0.119954474718537,0.0
5920,1663472280000.0,0.0,0.0,0.97,149.64835051546393,0.0,0.0,147.75,0.9999253857184062,1.0,1210.1165908200012,1000.0,1208.2751908200012,1000.0,0.119954474718537,0.0
5921,1663475880000.0,0.0,0.0,0.97,149.64835051546393,0.0,0.0,148.1,0.9999253857184062,1.0,1210.1165908200012,1000.0,1208.6146908200012,1000.0,0.119954474718537,0.0
5922,1663479480000.0,0.0,0.0,0.97,149.64835051546393,0.0,0.0,148.25,0.9999253857184062,1.0,1210.1165908200012,1000.0,1208.760190820001,1000.0,0.119954474718537,0.0
5923,1663483080000.0,0.0,0.0,0.97,149.64835051546393,0.0,0.0,148.1,0.9999253857184062,1.0,1210.1165908200012,1000.0,1208.6146908200012,1000.0,0.119954474718537,0.0
5924,1663486680000.0,0.0,0.0,0.97,149.64835051546393,0.0,0.0,147.95,0.9999253857184062,1.0,1210.1165908200012,1000.0,1208.4691908200011,1000.0,0.119954474718537,0.0
5925,1663490280000.0,0.0,0.0,0.97,149.64835051546393,0.0,0.0,147.85,0.9999253857184062,1.0,1210.1165908200012,1000.0,1208.3721908200012,1000.0,0.119954474718537,0.0
5926,1663493880000.0,0.0,0.0,0.97,149.64835051546393,0.0,0.0,147.7,0.9999253857184062,1.0,1210.1165908200012,1000.0,1208.226690820001,1000.0,0.119954474718537,0.0
5927,1663497480000.0,0.0,0.0,0.97,149.64835051546393,0.0,0.0,146.1,0.9999253857184062,1.0,1210.1165908200012,1000.0,1206.6746908200012,1000.0,0.119954474718537,0.0
5928,1663501080000.0,0.0,0.0,0.97,149.64835051546393,0.0,0.0,146.5,0.9999253857184062,1.0,1210.1165908200012,1000.0,1207.062690820001,1000.0,0.119954474718537,0.0
5929,1663504680000.0,0.0,0.0,0.97,149.64835051546393,0.0,0.0,146.25,0.9999253857184062,1.0,1210.1165908200012,1000.0,1206.8201908200012,1000.0,0.119954474718537,0.0
5930,1663508280000.0,0.0,0.0,0.97,149.64835051546393,0.0,0.0,146.65,0.9999253857184062,1.0,1210.1165908200012,1000.0,1207.2081908200012,1000.0,0.119954474718537,0.0
5931,1663511880000.0,0.0,0.0,0.97,149.64835051546393,0.0,0.0,146.15,0.9999253857184062,1.0,1210.1165908200012,1000.0,1206.7231908200013,1000.0,0.119954474718537,0.0
5932,1663515480000.0,0.0,0.0,0.97,149.64835051546393,0.0,0.0,146.55,0.9999253857184062,1.0,1210.1165908200012,1000.0,1207.1111908200012,1000.0,0.119954474718537,0.0
5933,1663519080000.0,0.0,0.0,0.97,149.64835051546393,0.0,0.0,145.5,0.9999253857184062,1.0,1210.1165908200012,1000.0,1206.0926908200013,1000.0,0.119954474718537,0.0
5934,1663522680000.0,0.0,0.0,0.97,149.64835051546393,0.0,0.0,146.85,0.9999253857184062,1.0,1210.1165908200012,1000.0,1207.4021908200011,1000.0,0.119954474718537,0.0
5935,1663526280000.0,0.0,0.0,0.97,149.64835051546393,0.0,0.0,148.0,0.9999253857184062,1.0,1210.1165908200012,1000.0,1208.5176908200012,1000.0,0.119954474718537,0.0
5936,1663529880000.0,0.0,0.0,0.97,149.64835051546393,0.0,0.0,147.1,0.9999253857184062,1.0,1210.1165908200012,1000.0,1207.6446908200012,1000.0,0.119954474718537,0.0
5937,1663533480000.0,0.0,0.0,0.97,149.64835051546393,0.0,0.0,146.15,0.9999253857184062,1.0,1210.1165908200012,1000.0,1206.7231908200013,1000.0,0.119954474718537,0.0
5938,1663537080000.0,0.0,0.0,1.43,146.2262237762238,0.0,0.0,139.95,0.9999253857184062,1.0,1210.1038019000011,1000.0,1201.128801900001,1000.0,0.1727979861493565,0.0
5939,1663540680000.0,0.0,0.0,1.43,146.2262237762238,0.0,0.0,137.95,0.9999253857184062,1.0,1210.1038019000011,1000.0,1198.268801900001,1000.0,0.1727979861493565,0.0
5940,1663544280000.0,0.0,0.0,1.43,146.2262237762238,0.0,0.0,140.0,0.9999253857184062,1.0,1210.1038019000011,1000.0,1201.200301900001,1000.0,0.1727979861493565,0.0
5941,1663547880000.0,0.0,0.0,1.43,146.2262237762238,0.0,0.0,141.05,0.9999253857184062,1.0,1210.1038019000011,1000.0,1202.701801900001,1000.0,0.1727979861493565,0.0
5942,1663551480000.0,0.0,0.0,1.43,146.2262237762238,0.0,0.0,140.05,0.9999253857184062,1.0,1210.1038019000011,1000.0,1201.271801900001,1000.0,0.1727979861493565,0.0
5943,1663555080000.0,0.0,0.0,1.43,146.2262237762238,0.0,0.0,136.65,0.9999253857184062,1.0,1210.1038019000011,1000.0,1196.4098019000012,1000.0,0.1727979861493565,0.0
5944,1663558680000.0,0.0,0.0,1.43,146.2262237762238,0.0,0.0,135.5,0.9999253857184062,1.0,1210.1038019000011,1000.0,1194.765301900001,1000.0,0.1727979861493565,0.0
5945,1663562280000.0,0.0,0.0,1.43,146.2262237762238,0.0,0.0,136.65,0.9999253857184062,1.0,1210.1038019000011,1000.0,1196.4098019000012,1000.0,0.1727979861493565,0.0
5946,1663565880000.0,0.0,0.0,1.43,146.2262237762238,0.0,0.0,137.95,0.9999253857184062,1.0,1210.1038019000011,1000.0,1198.268801900001,1000.0,0.1727979861493565,0.0
5947,1663569480000.0,0.0,0.0,1.43,146.2262237762238,0.0,0.0,136.75,0.9999253857184062,1.0,1210.1038019000011,1000.0,1196.5528019000012,1000.0,0.1727979861493565,0.0
5948,1663573080000.0,0.0,0.0,1.43,146.2262237762238,0.0,0.0,136.65,0.9999253857184062,1.0,1210.1038019000011,1000.0,1196.4098019000012,1000.0,0.1727979861493565,0.0
5949,1663576680000.0,0.0,0.0,1.43,146.2262237762238,0.0,0.0,136.85,0.9999253857184062,1.0,1210.1038019000011,1000.0,1196.695801900001,1000.0,0.1727979861493565,0.0
5950,1663580280000.0,0.0,0.0,1.43,146.2262237762238,0.0,0.0,135.4,0.9999253857184062,1.0,1210.1038019000011,1000.0,1194.622301900001,1000.0,0.1727979861493565,0.0
5951,1663583880000.0,0.0,0.0,1.43,146.2262237762238,0.0,0.0,138.05,0.9999253857184062,1.0,1210.1038019000011,1000.0,1198.4118019000011,1000.0,0.1727979861493565,0.0
5952,1663587480000.0,0.0,0.0,1.43,146.2262237762238,0.0,0.0,138.05,0.9999253857184062,1.0,1210.1038019000011,1000.0,1198.4118019000011,1000.0,0.1727979861493565,0.0
5953,1663591080000.0,0.0,0.0,1.43,146.2262237762238,0.0,0.0,138.55,0.9999253857184062,1.0,1210.1038019000011,1000.0,1199.126801900001,1000.0,0.1727979861493565,0.0
5954,1663594680000.0,0.0,0.0,1.43,146.2262237762238,0.0,0.0,138.65,0.9999253857184062,1.0,1210.1038019000011,1000.0,1199.269801900001,1000.0,0.1727979861493565,0.0
5955,1663598280000.0,0.0,0.0,1.43,146.2262237762238,0.0,0.0,141.1,0.9999253857184062,1.0,1210.1038019000011,1000.0,1202.7733019000011,1000.0,0.1727979861493565,0.0
5956,1663601880000.0,0.0,0.0,1.43,146.2262237762238,0.0,0.0,140.05,0.9999253857184062,1.0,1210.1038019000011,1000.0,1201.271801900001,1000.0,0.1727979861493565,0.0
5957,1663605480000.0,0.0,0.0,1.43,146.2262237762238,0.0,0.0,140.8,0.9999253857184062,1.0,1210.1038019000011,1000.0,1202.344301900001,1000.0,0.1727979861493565,0.0
5958,1663609080000.0,0.0,0.0,1.43,146.2262237762238,0.0,0.0,139.75,0.9999253857184062,1.0,1210.1038019000011,1000.0,1200.8428019000012,1000.0,0.1727979861493565,0.0
5959,1663612680000.0,0.0,0.0,1.43,146.2262237762238,0.0,0.0,140.55,0.9999253857184062,1.0,1210.1038019000011,1000.0,1201.9868019000012,1000.0,0.1727979861493565,0.0
5960,1663616280000.0,0.0,0.0,1.43,146.2262237762238,0.0,0.0,141.2,0.9999253857184062,1.0,1210.1038019000011,1000.0,1202.9163019000011,1000.0,0.1727979861493565,0.0
5961,1663619880000.0,0.0,0.0,1.43,146.2262237762238,0.0,0.0,140.95,0.9999253857184062,1.0,1210.1038019000011,1000.0,1202.558801900001,1000.0,0.1727979861493565,0.0
5962,1663623480000.0,0.0,0.0,1.43,146.2262237762238,0.0,0.0,141.05,0.9999253857184062,1.0,1210.1038019000011,1000.0,1202.701801900001,1000.0,0.1727979861493565,0.0
5963,1663627080000.0,0.0,0.0,1.43,146.2262237762238,0.0,0.0,140.6,0.9999253857184062,1.0,1210.1038019000011,1000.0,1202.0583019000012,1000.0,0.1727979861493565,0.0
5964,1663630680000.0,0.0,0.0,1.43,146.2262237762238,0.0,0.0,140.95,0.9999253857184062,1.0,1210.1038019000011,1000.0,1202.558801900001,1000.0,0.1727979861493565,0.0
5965,1663634280000.0,0.0,0.0,1.43,146.2262237762238,0.0,0.0,140.3,0.9999253857184062,1.0,1210.1038019000011,1000.0,1201.629301900001,1000.0,0.1727979861493565,0.0
5966,1663637880000.0,0.0,0.0,1.43,146.2262237762238,0.0,0.0,140.7,0.9999253857184062,1.0,1210.1038019000011,1000.0,1202.201301900001,1000.0,0.1727979861493565,0.0
5967,1663641480000.0,0.0,0.0,1.43,146.2262237762238,0.0,0.0,140.55,0.9999253857184062,1.0,1210.1038019000011,1000.0,1201.9868019000012,1000.0,0.1727979861493565,0.0
5968,1663645080000.0,0.0,0.0,1.43,146.2262237762238,0.0,0.0,139.7,0.9999253857184062,1.0,1210.1038019000011,1000.0,1200.7713019000012,1000.0,0.1727979861493565,0.0
5969,1663648680000.0,0.0,0.0,1.43,146.2262237762238,0.0,0.0,140.2,0.9999253857184062,1.0,1210.1038019000011,1000.0,1201.486301900001,1000.0,0.1727979861493565,0.0
5970,1663652280000.0,0.0,0.0,1.43,146.2262237762238,0.0,0.0,141.35,0.9999253857184062,1.0,1210.1038019000011,1000.0,1203.1308019000012,1000.0,0.1727979861493565,0.0
5971,1663655880000.0,0.0,0.0,1.43,146.2262237762238,0.0,0.0,141.0,0.9999253857184062,1.0,1210.1038019000011,1000.0,1202.630301900001,1000.0,0.1727979861493565,0.0
5972,1663659480000.0,0.0,0.0,1.43,146.2262237762238,0.0,0.0,142.75,0.9999253857184062,1.0,1210.1038019000011,1000.0,1205.1328019000011,1000.0,0.1727979861493565,0.0
5973,1663663080000.0,0.0,0.0,1.43,146.2262237762238,0.0,0.0,142.35,0.9999253857184062,1.0,1210.1038019000011,1000.0,1204.560801900001,1000.0,0.1727979861493565,0.0
5974,1663666680000.0,0.0,0.0,1.43,146.2262237762238,0.0,0.0,141.6,0.9999253857184062,1.0,1210.1038019000011,1000.0,1203.488301900001,1000.0,0.1727979861493565,0.0
5975,1663670280000.0,0.0,0.0,1.43,146.2262237762238,0.0,0.0,141.9,0.9999253857184062,1.0,1210.1038019000011,1000.0,1203.9173019000011,1000.0,0.1727979861493565,0.0
5976,1663673880000.0,0.0,0.0,1.43,146.2262237762238,0.0,0.0,141.85,0.9999253857184062,1.0,1210.1038019000011,1000.0,1203.845801900001,1000.0,0.1727979861493565,0.0
5977,1663677480000.0,0.0,0.0,1.43,146.2262237762238,0.0,0.0,140.75,0.9999253857184062,1.0,1210.1038019000011,1000.0,1202.272801900001,1000.0,0.1727979861493565,0.0
5978,1663681080000.0,0.0,0.0,1.43,146.2262237762238,0.0,0.0,140.1,0.9999253857184062,1.0,1210.1038019000011,1000.0,1201.343301900001,1000.0,0.1727979861493565,0.0
5979,1663684680000.0,0.0,0.0,1.43,146.2262237762238,0.0,0.0,140.15,0.9999253857184062,1.0,1210.1038019000011,1000.0,1201.414801900001,1000.0,0.1727979861493565,0.0
5980,1663688280000.0,0.0,0.0,1.43,146.2262237762238,0.0,0.0,141.6,0.9999253857184062,1.0,1210.1038019000011,1000.0,1203.488301900001,1000.0,0.1727979861493565,0.0
5981,1663691880000.0,0.0,0.0,1.43,146.2262237762238,0.0,0.0,141.95,0.9999253857184062,1.0,1210.1038019000011,1000.0,1203.9888019000011,1000.0,0.1727979861493565,0.0
5982,1663695480000.0,0.0,0.0,1.43,146.2262237762238,0.0,0.0,141.9,0.9999253857184062,1.0,1210.1038019000011,1000.0,1203.9173019000011,1000.0,0.1727979861493565,0.0
5983,1663699080000.0,0.0,0.0,1.43,146.2262237762238,0.0,0.0,141.75,0.9999253857184062,1.0,1210.1038019000011,1000.0,1203.702801900001,1000.0,0.1727979861493565,0.0
5984,1663702680000.0,0.0,0.0,1.43,146.2262237762238,0.0,0.0,142.95,0.9999253857184062,1.0,1210.1038019000011,1000.0,1205.4188019000012,1000.0,0.1727979861493565,0.0
5985,1663706280000.0,0.0,0.0,1.43,146.2262237762238,0.0,0.0,142.3,0.9999253857184062,1.0,1210.1038019000011,1000.0,1204.489301900001,1000.0,0.1727979861493565,0.0
5986,1663709880000.0,0.0,0.0,1.43,146.2262237762238,0.0,0.0,142.85,0.9999253857184062,1.0,1210.1038019000011,1000.0,1205.2758019000012,1000.0,0.1727979861493565,0.0
5987,1663713480000.0,0.0,0.0,1.43,146.2262237762238,0.0,0.0,141.7,0.9999253857184062,1.0,1210.1038019000011,1000.0,1203.631301900001,1000.0,0.1727979861493565,0.0
5988,1663717080000.0,0.0,0.0,1.43,146.2262237762238,0.0,0.0,142.75,0.9999253857184062,1.0,1210.1038019000011,1000.0,1205.1328019000011,1000.0,0.1727979861493565,0.0
5989,1663720680000.0,0.0,0.0,1.43,146.2262237762238,0.0,0.0,141.7,0.9999253857184062,1.0,1210.1038019000011,1000.0,1203.631301900001,1000.0,0.1727979861493565,0.0
5990,1663724280000.0,0.0,0.0,1.43,146.2262237762238,0.0,0.0,142.25,0.9999253857184062,1.0,1210.1038019000011,1000.0,1204.417801900001,1000.0,0.1727979861493565,0.0
5991,1663727880000.0,0.0,0.0,1.43,146.2262237762238,0.0,0.0,142.75,0.9999253857184062,1.0,1210.1038019000011,1000.0,1205.1328019000011,1000.0,0.1727979861493565,0.0
5992,1663731480000.0,0.0,0.0,1.43,146.2262237762238,0.0,0.0,142.0,0.9999253857184062,1.0,1210.1038019000011,1000.0,1204.0603019000011,1000.0,0.1727979861493565,0.0
5993,1663735080000.0,0.0,0.0,1.43,146.2262237762238,0.0,0.0,141.45,0.9999253857184062,1.0,1210.1038019000011,1000.0,1203.273801900001,1000.0,0.1727979861493565,0.0
5994,1663738680000.0,0.0,0.0,1.43,146.2262237762238,0.0,0.0,142.1,0.9999253857184062,1.0,1210.1038019000011,1000.0,1204.2033019000012,1000.0,0.1727979861493565,0.0
5995,1663742280000.0,0.0,0.0,1.43,146.2262237762238,0.0,0.0,139.5,0.9999253857184062,1.0,1210.1038019000011,1000.0,1200.485301900001,1000.0,0.1727979861493565,0.0
5996,1663745880000.0,0.0,0.0,1.43,146.2262237762238,0.0,0.0,139.75,0.9999253857184062,1.0,1210.1038019000011,1000.0,1200.8428019000012,1000.0,0.1727979861493565,0.0
5997,1663749480000.0,0.0,0.0,1.43,146.2262237762238,0.0,0.0,139.8,0.9999253857184062,1.0,1210.1038019000011,1000.0,1200.9143019000012,1000.0,0.1727979861493565,0.0
5998,1663753080000.0,0.0,0.0,1.43,146.2262237762238,0.0,0.0,139.95,0.9999253857184062,1.0,1210.1038019000011,1000.0,1201.128801900001,1000.0,0.1727979861493565,0.0
5999,1663756680000.0,0.0,0.0,1.43,146.2262237762238,0.0,0.0,141.8,0.9999253857184062,1.0,1210.1038019000011,1000.0,1203.774301900001,1000.0,0.1727979861493565,0.0
6000,1663760280000.0,0.0,0.0,1.43,146.2262237762238,0.0,0.0,142.45,0.9999253857184062,1.0,1210.1038019000011,1000.0,1204.703801900001,1000.0,0.1727979861493565,0.0
6001,1663763880000.0,0.0,0.0,1.43,146.2262237762238,0.0,0.0,143.4,0.9999253857184062,1.0,1210.1038019000011,1000.0,1206.062301900001,1000.0,0.1727979861493565,0.0
6002,1663767480000.0,0.0,0.0,1.43,146.2262237762238,0.0,0.0,142.9,0.9999253857184062,1.0,1210.1038019000011,1000.0,1205.3473019000012,1000.0,0.1727979861493565,0.0
6003,1663771080000.0,0.0,0.0,1.43,146.2262237762238,0.0,0.0,142.55,0.9999253857184062,1.0,1210.1038019000011,1000.0,1204.846801900001,1000.0,0.1727979861493565,0.0
6004,1663774680000.0,0.0,0.0,1.43,146.2262237762238,0.0,0.0,142.4,0.9999253857184062,1.0,1210.1038019000011,1000.0,1204.632301900001,1000.0,0.1727979861493565,0.0
6005,1663778280000.0,0.0,0.0,1.43,146.2262237762238,0.0,0.0,142.25,0.9999253857184062,1.0,1210.1038019000011,1000.0,1204.417801900001,1000.0,0.1727979861493565,0.0
6006,1663781880000.0,0.0,0.0,1.43,146.2262237762238,0.0,0.0,141.95,0.9999253857184062,1.0,1210.1038019000011,1000.0,1203.9888019000011,1000.0,0.1727979861493565,0.0
6007,1663785480000.0,0.0,0.0,1.43,146.2262237762238,0.0,0.0,144.0,0.9999253857184062,1.0,1210.1038019000011,1000.0,1206.920301900001,1000.0,0.1727979861493565,0.0
6008,1663789080000.0,0.0,0.0,1.43,146.2262237762238,0.0,0.0,140.5,0.9999253857184062,1.0,1210.1038019000011,1000.0,1201.9153019000012,1000.0,0.1727979861493565,0.0
6009,1663792680000.0,0.0,0.0,1.43,146.2262237762238,0.0,0.0,138.85,0.9999253857184062,1.0,1210.1038019000011,1000.0,1199.5558019000011,1000.0,0.1727979861493565,0.0
6010,1663796280000.0,0.0,0.0,1.43,146.2262237762238,0.0,0.0,135.8,0.9999253857184062,1.0,1210.1038019000011,1000.0,1195.1943019000012,1000.0,0.1727979861493565,0.0
6011,1663799880000.0,0.0,0.0,1.43,146.2262237762238,0.0,0.0,134.95,0.9999253857184062,1.0,1210.1038019000011,1000.0,1193.9788019000011,1000.0,0.1727979861493565,0.0
6012,1663803480000.0,0.0,0.0,1.43,146.2262237762238,0.0,0.0,135.55,0.9999253857184062,1.0,1210.1038019000011,1000.0,1194.836801900001,1000.0,0.1727979861493565,0.0
6013,1663807080000.0,0.0,0.0,1.43,146.2262237762238,0.0,0.0,134.55,0.9999253857184062,1.0,1210.1038019000011,1000.0,1193.406801900001,1000.0,0.1727979861493565,0.0
6014,1663810680000.0,0.0,0.0,1.43,146.2262237762238,0.0,0.0,134.3,0.9999253857184062,1.0,1210.1038019000011,1000.0,1193.0493019000012,1000.0,0.1727979861493565,0.0
6015,1663814280000.0,0.0,0.0,1.43,146.2262237762238,0.0,0.0,136.05,0.9999253857184062,1.0,1210.1038019000011,1000.0,1195.551801900001,1000.0,0.1727979861493565,0.0
6016,1663817880000.0,0.0,0.0,1.43,146.2262237762238,0.0,0.0,136.15,0.9999253857184062,1.0,1210.1038019000011,1000.0,1195.694801900001,1000.0,0.1727979861493565,0.0
6017,1663821480000.0,0.0,0.0,1.43,146.2262237762238,0.0,0.0,136.15,0.9999253857184062,1.0,1210.1038019000011,1000.0,1195.694801900001,1000.0,0.1727979861493565,0.0
6018,1663825080000.0,0.0,0.0,1.43,146.2262237762238,0.0,0.0,136.8,0.9999253857184062,1.0,1210.1038019000011,1000.0,1196.6243019000012,1000.0,0.1727979861493565,0.0
6019,1663828680000.0,0.0,0.0,1.43,146.2262237762238,0.0,0.0,136.4,0.9999253857184062,1.0,1210.1038019000011,1000.0,1196.052301900001,1000.0,0.1727979861493565,0.0
6020,1663832280000.0,0.0,0.0,1.43,146.2262237762238,0.0,0.0,138.3,0.9999253857184062,1.0,1210.1038019000011,1000.0,1198.7693019000012,1000.0,0.1727979861493565,0.0
6021,1663835880000.0,0.0,0.0,1.43,146.2262237762238,0.0,0.0,140.7,0.9999253857184062,1.0,1210.1038019000011,1000.0,1202.201301900001,1000.0,0.1727979861493565,0.0
6022,1663839480000.0,0.0,0.0,1.43,146.2262237762238,0.0,0.0,139.4,0.9999253857184062,1.0,1210.1038019000011,1000.0,1200.342301900001,1000.0,0.1727979861493565,0.0
6023,1663843080000.0,0.0,0.0,1.43,146.2262237762238,0.0,0.0,140.1,0.9999253857184062,1.0,1210.1038019000011,1000.0,1201.343301900001,1000.0,0.1727979861493565,0.0
6024,1663846680000.0,0.0,0.0,1.43,146.2262237762238,0.0,0.0,139.9,0.9999253857184062,1.0,1210.1038019000011,1000.0,1201.0573019000012,1000.0,0.1727979861493565,0.0
6025,1663850280000.0,0.0,0.0,1.43,146.2262237762238,0.0,0.0,141.25,0.9999253857184062,1.0,1210.1038019000011,1000.0,1202.9878019000012,1000.0,0.1727979861493565,0.0
6026,1663853880000.0,0.0,0.0,1.43,146.2262237762238,0.0,0.0,141.0,0.9999253857184062,1.0,1210.1038019000011,1000.0,1202.630301900001,1000.0,0.1727979861493565,0.0
6027,1663857480000.0,0.0,0.0,1.43,146.2262237762238,0.0,0.0,141.0,0.9999253857184062,1.0,1210.1038019000011,1000.0,1202.630301900001,1000.0,0.1727979861493565,0.0
6028,1663861080000.0,0.0,0.0,1.43,146.2262237762238,0.0,0.0,140.2,0.9999253857184062,1.0,1210.1038019000011,1000.0,1201.486301900001,1000.0,0.1727979861493565,0.0
6029,1663864680000.0,0.0,0.0,1.43,146.2262237762238,0.0,0.0,140.4,0.9999253857184062,1.0,1210.1038019000011,1000.0,1201.7723019000011,1000.0,0.1727979861493565,0.0
6030,1663868280000.0,0.0,0.0,1.43,146.2262237762238,0.0,0.0,140.55,0.9999253857184062,1.0,1210.1038019000011,1000.0,1201.9868019000012,1000.0,0.1727979861493565,0.0
6031,1663871880000.0,0.0,0.0,1.43,146.2262237762238,0.0,0.0,141.45,0.9999253857184062,1.0,1210.1038019000011,1000.0,1203.273801900001,1000.0,0.1727979861493565,0.0
6032,1663875480000.0,0.0,0.0,1.43,146.2262237762238,0.0,0.0,141.45,0.9999253857184062,1.0,1210.1038019000011,1000.0,1203.273801900001,1000.0,0.1727979861493565,0.0
6033,1663879080000.0,0.0,0.0,1.43,146.2262237762238,0.0,0.0,140.9,0.9999253857184062,1.0,1210.1038019000011,1000.0,1202.487301900001,1000.0,0.1727979861493565,0.0
6034,1663882680000.0,0.0,0.0,1.43,146.2262237762238,0.0,0.0,141.5,0.9999253857184062,1.0,1210.1038019000011,1000.0,1203.345301900001,1000.0,0.1727979861493565,0.0
6035,1663886280000.0,0.0,0.0,1.43,146.2262237762238,0.0,0.0,142.4,0.9999253857184062,1.0,1210.1038019000011,1000.0,1204.632301900001,1000.0,0.1727979861493565,0.0
6036,1663889880000.0,0.0,0.0,1.43,146.2262237762238,0.0,0.0,143.7,0.9999253857184062,1.0,1210.1038019000011,1000.0,1206.4913019000012,1000.0,0.1727979861493565,0.0
6037,1663893480000.0,0.0,0.0,1.43,146.2262237762238,0.0,0.0,144.9,0.9999253857184062,1.0,1210.1038019000011,1000.0,1208.207301900001,1000.0,0.1727979861493565,0.0
6038,1663897080000.0,0.0,0.0,1.43,146.2262237762238,0.0,0.0,145.4,0.9999253857184062,1.0,1210.1038019000011,1000.0,1208.922301900001,1000.0,0.1727979861493565,0.0
6039,1663900680000.0,0.0,0.0,1.43,146.2262237762238,0.0,0.0,144.3,0.9999253857184062,1.0,1210.1038019000011,1000.0,1207.3493019000011,1000.0,0.1727979861493565,0.0
6040,1663904280000.0,0.0,0.0,1.43,146.2262237762238,0.0,0.0,144.95,0.9999253857184062,1.0,1210.1038019000011,1000.0,1208.278801900001,1000.0,0.1727979861493565,0.0
6041,1663907880000.0,0.0,0.0,1.43,146.2262237762238,0.0,0.0,144.85,0.9999253857184062,1.0,1210.1038019000011,1000.0,1208.135801900001,1000.0,0.1727979861493565,0.0
6042,1663911480000.0,0.0,0.0,1.43,146.2262237762238,0.0,0.0,144.2,0.9999253857184062,1.0,1210.1038019000011,1000.0,1207.206301900001,1000.0,0.1727979861493565,0.0
6043,1663915080000.0,0.0,0.0,1.43,146.2262237762238,0.0,0.0,144.3,0.9999253857184062,1.0,1210.1038019000011,1000.0,1207.3493019000011,1000.0,0.1727979861493565,0.0
6044,1663918680000.0,0.0,0.0,1.43,146.2262237762238,0.0,0.0,142.5,0.9999253857184062,1.0,1210.1038019000011,1000.0,1204.775301900001,1000.0,0.1727979861493565,0.0
6045,1663922280000.0,0.0,0.0,1.43,146.2262237762238,0.0,0.0,141.05,0.9999253857184062,1.0,1210.1038019000011,1000.0,1202.701801900001,1000.0,0.1727979861493565,0.0
6046,1663925880000.0,0.0,0.0,1.43,146.2262237762238,0.0,0.0,139.9,0.9999253857184062,1.0,1210.1038019000011,1000.0,1201.0573019000012,1000.0,0.1727979861493565,0.0
6047,1663929480000.0,0.0,0.0,1.43,146.2262237762238,0.0,0.0,140.1,0.9999253857184062,1.0,1210.1038019000011,1000.0,1201.343301900001,1000.0,0.1727979861493565,0.0
6048,1663933080000.0,0.0,0.0,1.43,146.2262237762238,0.0,0.0,138.3,0.9999253857184062,1.0,1210.1038019000011,1000.0,1198.7693019000012,1000.0,0.1727979861493565,0.0
6049,1663936680000.0,0.0,0.0,1.43,146.2262237762238,0.0,0.0,139.0,0.9999253857184062,1.0,1210.1038019000011,1000.0,1199.7703019000012,1000.0,0.1727979861493565,0.0
6050,1663940280000.0,0.0,0.0,1.43,146.2262237762238,0.0,0.0,139.65,0.9999253857184062,1.0,1210.1038019000011,1000.0,1200.6998019000011,1000.0,0.1727979861493565,0.0
6051,1663943880000.0,0.0,0.0,1.43,146.2262237762238,0.0,0.0,138.55,0.9999253857184062,1.0,1210.1038019000011,1000.0,1199.126801900001,1000.0,0.1727979861493565,0.0
6052,1663947480000.0,0.0,0.0,1.43,146.2262237762238,0.0,0.0,139.55,0.9999253857184062,1.0,1210.1038019000011,1000.0,1200.5568019000011,1000.0,0.1727979861493565,0.0
6053,1663951080000.0,0.0,0.0,1.43,146.2262237762238,0.0,0.0,138.55,0.9999253857184062,1.0,1210.1038019000011,1000.0,1199.126801900001,1000.0,0.1727979861493565,0.0
6054,1663954680000.0,0.0,0.0,1.43,146.2262237762238,0.0,0.0,139.25,0.9999253857184062,1.0,1210.1038019000011,1000.0,1200.127801900001,1000.0,0.1727979861493565,0.0
6055,1663958280000.0,0.0,0.0,1.43,146.2262237762238,0.0,0.0,139.05,0.9999253857184062,1.0,1210.1038019000011,1000.0,1199.8418019000012,1000.0,0.1727979861493565,0.0
6056,1663961880000.0,0.0,0.0,1.43,146.2262237762238,0.0,0.0,138.9,0.9999253857184062,1.0,1210.1038019000011,1000.0,1199.6273019000012,1000.0,0.1727979861493565,0.0
6057,1663965480000.0,0.0,0.0,1.43,146.2262237762238,0.0,0.0,141.15,0.9999253857184062,1.0,1210.1038019000011,1000.0,1202.8448019000011,1000.0,0.1727979861493565,0.0
6058,1663969080000.0,0.0,0.0,1.43,146.2262237762238,0.0,0.0,140.55,0.9999253857184062,1.0,1210.1038019000011,1000.0,1201.9868019000012,1000.0,0.1727979861493565,0.0
6059,1663972680000.0,0.0,0.0,1.43,146.2262237762238,0.0,0.0,142.0,0.9999253857184062,1.0,1210.1038019000011,1000.0,1204.0603019000011,1000.0,0.1727979861493565,0.0
6060,1663976280000.0,0.0,0.0,1.43,146.2262237762238,0.0,0.0,142.0,0.9999253857184062,1.0,1210.1038019000011,1000.0,1204.0603019000011,1000.0,0.1727979861493565,0.0
6061,1663979880000.0,0.0,0.0,1.43,146.2262237762238,0.0,0.0,140.8,0.9999253857184062,1.0,1210.1038019000011,1000.0,1202.344301900001,1000.0,0.1727979861493565,0.0
6062,1663983480000.0,0.0,0.0,1.43,146.2262237762238,0.0,0.0,140.8,0.9999253857184062,1.0,1210.1038019000011,1000.0,1202.344301900001,1000.0,0.1727979861493565,0.0
6063,1663987080000.0,0.0,0.0,1.43,146.2262237762238,0.0,0.0,142.1,0.9999253857184062,1.0,1210.1038019000011,1000.0,1204.2033019000012,1000.0,0.1727979861493565,0.0
6064,1663990680000.0,0.0,0.0,1.43,146.2262237762238,0.0,0.0,141.05,0.9999253857184062,1.0,1210.1038019000011,1000.0,1202.701801900001,1000.0,0.1727979861493565,0.0
6065,1663994280000.0,0.0,0.0,1.43,146.2262237762238,0.0,0.0,141.4,0.9999253857184062,1.0,1210.1038019000011,1000.0,1203.2023019000012,1000.0,0.1727979861493565,0.0
6066,1663997880000.0,0.0,0.0,1.43,146.2262237762238,0.0,0.0,141.6,0.9999253857184062,1.0,1210.1038019000011,1000.0,1203.488301900001,1000.0,0.1727979861493565,0.0
6067,1664001480000.0,0.0,0.0,1.43,146.2262237762238,0.0,0.0,141.75,0.9999253857184062,1.0,1210.1038019000011,1000.0,1203.702801900001,1000.0,0.1727979861493565,0.0
6068,1664005080000.0,0.0,0.0,1.43,146.2262237762238,0.0,0.0,142.15,0.9999253857184062,1.0,1210.1038019000011,1000.0,1204.2748019000012,1000.0,0.1727979861493565,0.0
6069,1664008680000.0,0.0,0.0,1.43,146.2262237762238,0.0,0.0,141.95,0.9999253857184062,1.0,1210.1038019000011,1000.0,1203.9888019000011,1000.0,0.1727979861493565,0.0
6070,1664012280000.0,0.0,0.0,1.43,146.2262237762238,0.0,0.0,141.7,0.9999253857184062,1.0,1210.1038019000011,1000.0,1203.631301900001,1000.0,0.1727979861493565,0.0
6071,1664015880000.0,0.0,0.0,1.43,146.2262237762238,0.0,0.0,141.8,0.9999253857184062,1.0,1210.1038019000011,1000.0,1203.774301900001,1000.0,0.1727979861493565,0.0
6072,1664019480000.0,0.0,0.0,1.43,146.2262237762238,0.0,0.0,141.45,0.9999253857184062,1.0,1210.1038019000011,1000.0,1203.273801900001,1000.0,0.1727979861493565,0.0
6073,1664023080000.0,0.0,0.0,1.43,146.2262237762238,0.0,0.0,141.95,0.9999253857184062,1.0,1210.1038019000011,1000.0,1203.9888019000011,1000.0,0.1727979861493565,0.0
6074,1664026680000.0,0.0,0.0,1.43,146.2262237762238,0.0,0.0,141.6,0.9999253857184062,1.0,1210.1038019000011,1000.0,1203.488301900001,1000.0,0.1727979861493565,0.0
6075,1664030280000.0,0.0,0.0,1.43,146.2262237762238,0.0,0.0,142.3,0.9999253857184062,1.0,1210.1038019000011,1000.0,1204.489301900001,1000.0,0.1727979861493565,0.0
6076,1664033880000.0,0.0,0.0,1.43,146.2262237762238,0.0,0.0,142.85,0.9999253857184062,1.0,1210.1038019000011,1000.0,1205.2758019000012,1000.0,0.1727979861493565,0.0
6077,1664037480000.0,0.0,0.0,1.43,146.2262237762238,0.0,0.0,142.9,0.9999253857184062,1.0,1210.1038019000011,1000.0,1205.3473019000012,1000.0,0.1727979861493565,0.0
6078,1664041080000.0,0.0,0.0,1.43,146.2262237762238,0.0,0.0,143.55,0.9999253857184062,1.0,1210.1038019000011,1000.0,1206.2768019000011,1000.0,0.1727979861493565,0.0
6079,1664044680000.0,0.0,0.0,1.43,146.2262237762238,0.0,0.0,143.1,0.9999253857184062,1.0,1210.1038019000011,1000.0,1205.633301900001,1000.0,0.1727979861493565,0.0
6080,1664048280000.0,0.0,0.0,1.43,146.2262237762238,0.0,0.0,143.1,0.9999253857184062,1.0,1210.1038019000011,1000.0,1205.633301900001,1000.0,0.1727979861493565,0.0
6081,1664051880000.0,0.0,0.0,1.43,146.2262237762238,0.0,0.0,142.35,0.9999253857184062,1.0,1210.1038019000011,1000.0,1204.560801900001,1000.0,0.1727979861493565,0.0
6082,1664055480000.0,0.0,0.0,1.43,146.2262237762238,0.0,0.0,142.05,0.9999253857184062,1.0,1210.1038019000011,1000.0,1204.1318019000012,1000.0,0.1727979861493565,0.0
6083,1664059080000.0,0.0,0.0,1.43,146.2262237762238,0.0,0.0,141.8,0.9999253857184062,1.0,1210.1038019000011,1000.0,1203.774301900001,1000.0,0.1727979861493565,0.0
6084,1664062680000.0,0.0,0.0,1.43,146.2262237762238,0.0,0.0,141.2,0.9999253857184062,1.0,1210.1038019000011,1000.0,1202.9163019000011,1000.0,0.1727979861493565,0.0
6085,1664066280000.0,0.0,0.0,1.43,146.2262237762238,0.0,0.0,142.35,0.9999253857184062,1.0,1210.1038019000011,1000.0,1204.560801900001,1000.0,0.1727979861493565,0.0
6086,1664069880000.0,0.0,0.0,1.43,146.2262237762238,0.0,0.0,142.45,0.9999253857184062,1.0,1210.1038019000011,1000.0,1204.703801900001,1000.0,0.1727979861493565,0.0
6087,1664073480000.0,0.0,0.0,1.43,146.2262237762238,0.0,0.0,142.3,0.9999253857184062,1.0,1210.1038019000011,1000.0,1204.489301900001,1000.0,0.1727979861493565,0.0
6088,1664077080000.0,0.0,0.0,1.43,146.2262237762238,0.0,0.0,143.05,0.9999253857184062,1.0,1210.1038019000011,1000.0,1205.5618019000012,1000.0,0.1727979861493565,0.0
6089,1664080680000.0,0.0,0.0,1.43,146.2262237762238,0.0,0.0,142.95,0.9999253857184062,1.0,1210.1038019000011,1000.0,1205.4188019000012,1000.0,0.1727979861493565,0.0
6090,1664084280000.0,0.0,0.0,1.43,146.2262237762238,0.0,0.0,142.75,0.9999253857184062,1.0,1210.1038019000011,1000.0,1205.1328019000011,1000.0,0.1727979861493565,0.0
6091,1664087880000.0,0.0,0.0,1.43,146.2262237762238,0.0,0.0,142.85,0.9999253857184062,1.0,1210.1038019000011,1000.0,1205.2758019000012,1000.0,0.1727979861493565,0.0
6092,1664091480000.0,0.0,0.0,1.43,146.2262237762238,0.0,0.0,144.2,0.9999253857184062,1.0,1210.1038019000011,1000.0,1207.206301900001,1000.0,0.1727979861493565,0.0
6093,1664095080000.0,0.0,0.0,1.43,146.2262237762238,0.0,0.0,144.05,0.9999253857184062,1.0,1210.1038019000011,1000.0,1206.991801900001,1000.0,0.1727979861493565,0.0
6094,1664098680000.0,0.0,0.0,1.43,146.2262237762238,0.0,0.0,143.25,0.9999253857184062,1.0,1210.1038019000011,1000.0,1205.847801900001,1000.0,0.1727979861493565,0.0
6095,1664102280000.0,0.0,0.0,1.43,146.2262237762238,0.0,0.0,143.55,0.9999253857184062,1.0,1210.1038019000011,1000.0,1206.2768019000011,1000.0,0.1727979861493565,0.0
6096,1664105880000.0,0.0,0.0,1.43,146.2262237762238,0.0,0.0,143.6,0.9999253857184062,1.0,1210.1038019000011,1000.0,1206.3483019000012,1000.0,0.1727979861493565,0.0
6097,1664109480000.0,0.0,0.0,1.43,146.2262237762238,0.0,0.0,142.9,0.9999253857184062,1.0,1210.1038019000011,1000.0,1205.3473019000012,1000.0,0.1727979861493565,0.0
6098,1664113080000.0,0.0,0.0,1.43,146.2262237762238,0.0,0.0,142.35,0.9999253857184062,1.0,1210.1038019000011,1000.0,1204.560801900001,1000.0,0.1727979861493565,0.0
6099,1664116680000.0,0.0,0.0,1.43,146.2262237762238,0.0,0.0,141.85,0.9999253857184062,1.0,1210.1038019000011,1000.0,1203.845801900001,1000.0,0.1727979861493565,0.0
6100,1664120280000.0,0.0,0.0,1.43,146.2262237762238,0.0,0.0,142.25,0.9999253857184062,1.0,1210.1038019000011,1000.0,1204.417801900001,1000.0,0.1727979861493565,0.0
6101,1664123880000.0,0.0,0.0,1.43,146.2262237762238,0.0,0.0,142.5,0.9999253857184062,1.0,1210.1038019000011,1000.0,1204.775301900001,1000.0,0.1727979861493565,0.0
6102,1664127480000.0,0.0,0.0,1.43,146.2262237762238,0.0,0.0,140.65,0.9999253857184062,1.0,1210.1038019000011,1000.0,1202.1298019000012,1000.0,0.1727979861493565,0.0
6103,1664131080000.0,0.0,0.0,1.43,146.2262237762238,0.0,0.0,141.05,0.9999253857184062,1.0,1210.1038019000011,1000.0,1202.701801900001,1000.0,0.1727979861493565,0.0
6104,1664134680000.0,0.0,0.0,1.43,146.2262237762238,0.0,0.0,141.75,0.9999253857184062,1.0,1210.1038019000011,1000.0,1203.702801900001,1000.0,0.1727979861493565,0.0
6105,1664138280000.0,0.0,0.0,1.43,146.2262237762238,0.0,0.0,141.8,0.9999253857184062,1.0,1210.1038019000011,1000.0,1203.774301900001,1000.0,0.1727979861493565,0.0
6106,1664141880000.0,0.0,0.0,1.43,146.2262237762238,0.0,0.0,140.85,0.9999253857184062,1.0,1210.1038019000011,1000.0,1202.415801900001,1000.0,0.1727979861493565,0.0
6107,1664145480000.0,0.0,0.0,1.43,146.2262237762238,0.0,0.0,141.65,0.9999253857184062,1.0,1210.1038019000011,1000.0,1203.559801900001,1000.0,0.1727979861493565,0.0
6108,1664149080000.0,0.0,0.0,1.43,146.2262237762238,0.0,0.0,140.7,0.9999253857184062,1.0,1210.1038019000011,1000.0,1202.201301900001,1000.0,0.1727979861493565,0.0
6109,1664152680000.0,0.0,0.0,1.43,146.2262237762238,0.0,0.0,141.2,0.9999253857184062,1.0,1210.1038019000011,1000.0,1202.9163019000011,1000.0,0.1727979861493565,0.0
6110,1664156280000.0,0.0,0.0,1.43,146.2262237762238,0.0,0.0,140.45,0.9999253857184062,1.0,1210.1038019000011,1000.0,1201.8438019000012,1000.0,0.1727979861493565,0.0
6111,1664159880000.0,0.0,0.0,1.43,146.2262237762238,0.0,0.0,141.2,0.9999253857184062,1.0,1210.1038019000011,1000.0,1202.9163019000011,1000.0,0.1727979861493565,0.0
6112,1664163480000.0,0.0,0.0,1.43,146.2262237762238,0.0,0.0,141.4,0.9999253857184062,1.0,1210.1038019000011,1000.0,1203.2023019000012,1000.0,0.1727979861493565,0.0
6113,1664167080000.0,0.0,0.0,1.43,146.2262237762238,0.0,0.0,141.5,0.9999253857184062,1.0,1210.1038019000011,1000.0,1203.345301900001,1000.0,0.1727979861493565,0.0
6114,1664170680000.0,0.0,0.0,1.43,146.2262237762238,0.0,0.0,140.6,0.9999253857184062,1.0,1210.1038019000011,1000.0,1202.0583019000012,1000.0,0.1727979861493565,0.0
6115,1664174280000.0,0.0,0.0,1.43,146.2262237762238,0.0,0.0,140.4,0.9999253857184062,1.0,1210.1038019000011,1000.0,1201.7723019000011,1000.0,0.1727979861493565,0.0
6116,1664177880000.0,0.0,0.0,1.43,146.2262237762238,0.0,0.0,141.8,0.9999253857184062,1.0,1210.1038019000011,1000.0,1203.774301900001,1000.0,0.1727979861493565,0.0
6117,1664181480000.0,0.0,0.0,1.43,146.2262237762238,0.0,0.0,142.95,0.9999253857184062,1.0,1210.1038019000011,1000.0,1205.4188019000012,1000.0,0.1727979861493565,0.0
6118,1664185080000.0,0.0,0.0,1.43,146.2262237762238,0.0,0.0,143.35,0.9999253857184062,1.0,1210.1038019000011,1000.0,1205.990801900001,1000.0,0.1727979861493565,0.0
6119,1664188680000.0,0.0,0.0,1.43,146.2262237762238,0.0,0.0,143.25,0.9999253857184062,1.0,1210.1038019000011,1000.0,1205.847801900001,1000.0,0.1727979861493565,0.0
6120,1664192280000.0,0.0,0.0,1.43,146.2262237762238,0.0,0.0,141.55,0.9999253857184062,1.0,1210.1038019000011,1000.0,1203.416801900001,1000.0,0.1727979861493565,0.0
6121,1664195880000.0,0.0,0.0,1.43,146.2262237762238,0.0,0.0,143.25,0.9999253857184062,1.0,1210.1038019000011,1000.0,1205.847801900001,1000.0,0.1727979861493565,0.0
6122,1664199480000.0,0.0,0.0,1.43,146.2262237762238,0.0,0.0,144.45,0.9999253857184062,1.0,1210.1038019000011,1000.0,1207.5638019000012,1000.0,0.1727979861493565,0.0
6123,1664203080000.0,0.0,0.0,1.43,146.2262237762238,0.0,0.0,144.65,0.9999253857184062,1.0,1210.1038019000011,1000.0,1207.849801900001,1000.0,0.1727979861493565,0.0
6124,1664206680000.0,0.0,0.0,1.43,146.2262237762238,0.0,0.0,144.35,0.9999253857184062,1.0,1210.1038019000011,1000.0,1207.4208019000012,1000.0,0.1727979861493565,0.0
6125,1664210280000.0,0.0,0.0,1.43,146.2262237762238,0.0,0.0,143.65,0.9999253857184062,1.0,1210.1038019000011,1000.0,1206.4198019000012,1000.0,0.1727979861493565,0.0
6126,1664213880000.0,0.0,0.0,1.43,146.2262237762238,0.0,0.0,144.4,0.9999253857184062,1.0,1210.1038019000011,1000.0,1207.4923019000012,1000.0,0.1727979861493565,0.0
6127,1664217480000.0,0.0,0.0,1.43,146.2262237762238,0.0,0.0,145.15,0.9999253857184062,1.0,1210.1038019000011,1000.0,1208.5648019000012,1000.0,0.1727979861493565,0.0
6128,1664221080000.0,0.0,0.0,1.43,146.2262237762238,0.0,0.0,145.65,0.9999253857184062,1.0,1210.1038019000011,1000.0,1209.279801900001,1000.0,0.1727979861493565,0.0
6129,1664224680000.0,0.0,0.0,1.43,146.2262237762238,0.0,0.0,145.1,0.9999253857184062,1.0,1210.1038019000011,1000.0,1208.4933019000011,1000.0,0.1727979861493565,0.0
6130,1664228280000.0,0.0,0.0,1.43,146.2262237762238,0.0,0.0,144.25,0.9999253857184062,1.0,1210.1038019000011,1000.0,1207.2778019000011,1000.0,0.1727979861493565,0.0
6131,1664231880000.0,0.0,0.0,1.43,146.2262237762238,0.0,0.0,145.15,0.9999253857184062,1.0,1210.1038019000011,1000.0,1208.5648019000012,1000.0,0.1727979861493565,0.0
6132,1664235480000.0,0.0,0.0,1.43,146.2262237762238,0.0,0.0,145.45,0.9999253857184062,1.0,1210.1038019000011,1000.0,1208.993801900001,1000.0,0.1727979861493565,0.0
6133,1664239080000.0,0.0,0.0,1.43,146.2262237762238,0.0,0.0,146.5,0.9999253857184062,1.0,1210.1038019000011,1000.0,1210.495301900001,1000.0,0.1727979861493565,0.0
6134,1664242680000.0,0.0,0.0,1.43,146.2262237762238,0.0,0.0,149.05,0.9999253857184062,1.0,1210.1038019000011,1000.0,1214.1418019000012,1000.0,0.1727979861493565,0.0
6135,1664246280000.0,0.0,0.0,1.43,146.2262237762238,0.0,0.0,149.6,0.9999253857184062,1.0,1210.1038019000011,1000.0,1214.928301900001,1000.0,0.1727979861493565,0.0
6136,1664249880000.0,0.0,0.0,0.64,146.2262237762238,0.0,0.0,151.15,0.9999253857184062,1.0,1213.5510871567844,1000.0,1216.7023039400012,1000.0,0.07711647594172735,0.0
6137,1664253480000.0,0.0,0.0,0.64,146.2262237762238,0.0,0.0,151.35,0.9999253857184062,1.0,1213.5510871567844,1000.0,1216.8303039400012,1000.0,0.07711647594172735,0.0
6138,1664257080000.0,0.0,0.0,0.2,146.2262237762238,0.0,0.0,151.4,0.9999253857184062,1.0,1215.4710941352462,1000.0,1216.5058493800013,1000.0,0.02406083114304866,0.0
6139,1664260680000.0,0.0,0.0,0.2,146.2262237762238,0.0,0.0,152.7,0.9999253857184062,1.0,1215.4710941352462,1000.0,1216.7658493800013,1000.0,0.02406083114304866,0.0
6140,1664264280000.0,0.0,0.0,0.2,146.2262237762238,0.0,0.0,152.1,0.9999253857184062,1.0,1215.4710941352462,1000.0,1216.6458493800014,1000.0,0.02406083114304866,0.0
6141,1664267880000.0,0.0,0.0,0.2,146.2262237762238,0.0,0.0,151.55,0.9999253857184062,1.0,1215.4710941352462,1000.0,1216.5358493800013,1000.0,0.02406083114304866,0.0
6142,1664271480000.0,0.0,0.0,0.2,146.2262237762238,0.0,0.0,152.0,0.9999253857184062,1.0,1215.4710941352462,1000.0,1216.6258493800015,1000.0,0.02406083114304866,0.0
6143,1664275080000.0,0.0,0.0,0.2,146.2262237762238,0.0,0.0,152.65,0.9999253857184062,1.0,1215.4710941352462,1000.0,1216.7558493800013,1000.0,0.02406083114304866,0.0
6144,1664278680000.0,0.0,0.0,0.2,146.2262237762238,0.0,0.0,152.0,0.9999253857184062,1.0,1215.4710941352462,1000.0,1216.6258493800015,1000.0,0.02406083114304866,0.0
6145,1664282280000.0,0.0,0.0,0.2,146.2262237762238,0.0,0.0,151.4,0.9999253857184062,1.0,1215.4710941352462,1000.0,1216.5058493800013,1000.0,0.02406083114304866,0.0
6146,1664285880000.0,0.0,0.0,0.07,146.2262237762238,0.0,0.0,151.3,0.9999253857184062,1.0,1216.0383689243372,1000.0,1216.3935332600015,1000.0,0.008417362417100302,0.0
6147,1664289480000.0,0.0,0.0,0.05,146.2262237762238,0.0,0.0,150.15,0.9999253857184062,1.0,1216.1256419688127,1000.0,1216.3218307800016,1000.0,0.006011970257427306,0.0
6148,1664293080000.0,0.0,0.0,0.05,146.2262237762238,0.0,0.0,149.55,0.9999253857184062,1.0,1216.1256419688127,1000.0,1216.2918307800014,1000.0,0.006011970257427306,0.0
6149,1664296680000.0,0.0,0.0,0.05,146.2262237762238,0.0,0.0,147.45,0.9999253857184062,1.0,1216.1256419688127,1000.0,1216.1868307800016,1000.0,0.006011970257427306,0.0
6150,1664300280000.0,0.0,0.0,0.05,146.2262237762238,0.0,0.0,146.5,0.9999253857184062,1.0,1216.1256419688127,1000.0,1216.1393307800015,1000.0,0.006011970257427306,0.0
6151,1664303880000.0,0.0,0.0,0.34,144.16532702591525,0.0,0.0,143.75,0.9999253857184062,1.0,1216.1173009888128,1000.0,1215.9760898000015,1000.0,0.04030549614659424,0.0
6152,1664307480000.0,0.0,0.0,0.34,144.16532702591525,0.0,0.0,143.15,0.9999253857184062,1.0,1216.1173009888128,1000.0,1215.7720898000016,1000.0,0.04030549614659424,0.0
6153,1664311080000.0,0.0,0.0,0.34,144.16532702591525,0.0,0.0,143.65,0.9999253857184062,1.0,1216.1173009888128,1000.0,1215.9420898000017,1000.0,0.04030549614659424,0.0
6154,1664314680000.0,0.0,0.0,0.34,144.16532702591525,0.0,0.0,143.4,0.9999253857184062,1.0,1216.1173009888128,1000.0,1215.8570898000016,1000.0,0.04030549614659424,0.0
6155,1664318280000.0,0.0,0.0,0.34,144.16532702591525,0.0,0.0,144.7,0.9999253857184062,1.0,1216.1173009888128,1000.0,1216.2990898000016,1000.0,0.04030549614659424,0.0
6156,1664321880000.0,0.0,0.0,0.34,144.16532702591525,0.0,0.0,145.2,0.9999253857184062,1.0,1216.1173009888128,1000.0,1216.4690898000015,1000.0,0.04030549614659424,0.0
6157,1664325480000.0,0.0,0.0,0.34,144.16532702591525,0.0,0.0,144.7,0.9999253857184062,1.0,1216.1173009888128,1000.0,1216.2990898000016,1000.0,0.04030549614659424,0.0
6158,1664329080000.0,0.0,0.0,0.34,144.16532702591525,0.0,0.0,141.45,0.9999253857184062,1.0,1216.1173009888128,1000.0,1215.1940898000016,1000.0,0.04030549614659424,0.0
6159,1664332680000.0,0.0,0.0,0.34,144.16532702591525,0.0,0.0,141.7,0.9999253857184062,1.0,1216.1173009888128,1000.0,1215.2790898000017,1000.0,0.04030549614659424,0.0
6160,1664336280000.0,0.0,0.0,0.34,144.16532702591525,0.0,0.0,141.9,0.9999253857184062,1.0,1216.1173009888128,1000.0,1215.3470898000016,1000.0,0.04030549614659424,0.0
6161,1664339880000.0,0.0,0.0,0.34,144.16532702591525,0.0,0.0,142.4,0.9999253857184062,1.0,1216.1173009888128,1000.0,1215.5170898000015,1000.0,0.04030549614659424,0.0
6162,1664343480000.0,0.0,0.0,0.34,144.16532702591525,0.0,0.0,142.35,0.9999253857184062,1.0,1216.1173009888128,1000.0,1215.5000898000017,1000.0,0.04030549614659424,0.0
6163,1664347080000.0,0.0,0.0,0.34,144.16532702591525,0.0,0.0,141.65,0.9999253857184062,1.0,1216.1173009888128,1000.0,1215.2620898000016,1000.0,0.04030549614659424,0.0
6164,1664350680000.0,0.0,0.0,0.34,144.16532702591525,0.0,0.0,140.9,0.9999253857184062,1.0,1216.1173009888128,1000.0,1215.0070898000015,1000.0,0.04030549614659424,0.0
6165,1664354280000.0,0.0,0.0,0.34,144.16532702591525,0.0,0.0,141.1,0.9999253857184062,1.0,1216.1173009888128,1000.0,1215.0750898000015,1000.0,0.04030549614659424,0.0
6166,1664357880000.0,0.0,0.0,0.34,144.16532702591525,0.0,0.0,140.95,0.9999253857184062,1.0,1216.1173009888128,1000.0,1215.0240898000015,1000.0,0.04030549614659424,0.0
6167,1664361480000.0,0.0,0.0,0.34,144.16532702591525,0.0,0.0,142.45,0.9999253857184062,1.0,1216.1173009888128,1000.0,1215.5340898000015,1000.0,0.04030549614659424,0.0
6168,1664365080000.0,0.0,0.0,0.34,144.16532702591525,0.0,0.0,141.85,0.9999253857184062,1.0,1216.1173009888128,1000.0,1215.3300898000016,1000.0,0.04030549614659424,0.0
6169,1664368680000.0,0.0,0.0,0.34,144.16532702591525,0.0,0.0,143.2,0.9999253857184062,1.0,1216.1173009888128,1000.0,1215.7890898000016,1000.0,0.04030549614659424,0.0
6170,1664372280000.0,0.0,0.0,0.34,144.16532702591525,0.0,0.0,143.3,0.9999253857184062,1.0,1216.1173009888128,1000.0,1215.8230898000015,1000.0,0.04030549614659424,0.0
6171,1664375880000.0,0.0,0.0,0.34,144.16532702591525,0.0,0.0,146.55,0.9999253857184062,1.0,1216.1173009888128,1000.0,1216.9280898000015,1000.0,0.04030549614659424,0.0
6172,1664379480000.0,0.0,0.0,0.34,144.16532702591525,0.0,0.0,147.05,0.9999253857184062,1.0,1216.1173009888128,1000.0,1217.0980898000016,1000.0,0.04030549614659424,0.0
6173,1664383080000.0,0.0,0.0,0.34,144.16532702591525,0.0,0.0,145.95,0.9999253857184062,1.0,1216.1173009888128,1000.0,1216.7240898000016,1000.0,0.04030549614659424,0.0
6174,1664386680000.0,0.0,0.0,0.34,144.16532702591525,0.0,0.0,146.3,0.9999253857184062,1.0,1216.1173009888128,1000.0,1216.8430898000015,1000.0,0.04030549614659424,0.0
6175,1664390280000.0,0.0,0.0,0.34,144.16532702591525,0.0,0.0,146.95,0.9999253857184062,1.0,1216.1173009888128,1000.0,1217.0640898000015,1000.0,0.04030549614659424,0.0
6176,1664393880000.0,0.0,0.0,0.34,144.16532702591525,0.0,0.0,146.8,0.9999253857184062,1.0,1216.1173009888128,1000.0,1217.0130898000016,1000.0,0.04030549614659424,0.0
6177,1664397480000.0,0.0,0.0,0.34,144.16532702591525,0.0,0.0,147.2,0.9999253857184062,1.0,1216.1173009888128,1000.0,1217.1490898000015,1000.0,0.04030549614659424,0.0
6178,1664401080000.0,0.0,0.0,0.34,144.16532702591525,0.0,0.0,147.55,0.9999253857184062,1.0,1216.1173009888128,1000.0,1217.2680898000017,1000.0,0.04030549614659424,0.0
6179,1664404680000.0,0.0,0.0,0.34,144.16532702591525,0.0,0.0,147.8,0.9999253857184062,1.0,1216.1173009888128,1000.0,1217.3530898000015,1000.0,0.04030549614659424,0.0
6180,1664408280000.0,0.0,0.0,0.34,144.16532702591525,0.0,0.0,147.3,0.9999253857184062,1.0,1216.1173009888128,1000.0,1217.1830898000017,1000.0,0.04030549614659424,0.0
6181,1664411880000.0,0.0,0.0,0.34,144.16532702591525,0.0,0.0,146.65,0.9999253857184062,1.0,1216.1173009888128,1000.0,1216.9620898000016,1000.0,0.04030549614659424,0.0
6182,1664415480000.0,0.0,0.0,0.23,144.16532702591525,0.0,0.0,148.6,0.9999253857184062,1.0,1216.5908480159621,1000.0,1217.6108228000016,1000.0,0.027254869843904548,0.0
6183,1664419080000.0,0.0,0.0,0.23,144.16532702591525,0.0,0.0,148.1,0.9999253857184062,1.0,1216.5908480159621,1000.0,1217.4958228000016,1000.0,0.027254869843904548,0.0
6184,1664422680000.0,0.0,0.0,0.23,144.16532702591525,0.0,0.0,147.25,0.9999253857184062,1.0,1216.5908480159621,1000.0,1217.3003228000016,1000.0,0.027254869843904548,0.0
6185,1664426280000.0,0.0,0.0,0.23,144.16532702591525,0.0,0.0,147.85,0.9999253857184062,1.0,1216.5908480159621,1000.0,1217.4383228000017,1000.0,0.027254869843904548,0.0
6186,1664429880000.0,0.0,0.0,0.23,144.16532702591525,0.0,0.0,147.3,0.9999253857184062,1.0,1216.5908480159621,1000.0,1217.3118228000017,1000.0,0.027254869843904548,0.0
6187,1664433480000.0,0.0,0.0,0.23,144.16532702591525,0.0,0.0,146.75,0.9999253857184062,1.0,1216.5908480159621,1000.0,1217.1853228000016,1000.0,0.027254869843904548,0.0
6188,1664437080000.0,0.0,0.0,0.23,144.16532702591525,0.0,0.0,146.25,0.9999253857184062,1.0,1216.5908480159621,1000.0,1217.0703228000016,1000.0,0.027254869843904548,0.0
6189,1664440680000.0,0.0,0.0,0.23,144.16532702591525,0.0,0.0,146.3,0.9999253857184062,1.0,1216.5908480159621,1000.0,1217.0818228000016,1000.0,0.027254869843904548,0.0
6190,1664444280000.0,0.0,0.0,0.23,144.16532702591525,0.0,0.0,147.25,0.9999253857184062,1.0,1216.5908480159621,1000.0,1217.3003228000016,1000.0,0.027254869843904548,0.0
6191,1664447880000.0,0.0,0.0,0.23,144.16532702591525,0.0,0.0,147.3,0.9999253857184062,1.0,1216.5908480159621,1000.0,1217.3118228000017,1000.0,0.027254869843904548,0.0
6192,1664451480000.0,0.0,0.0,0.08,144.16532702591525,0.0,0.0,148.3,0.9999253857184062,1.0,1217.2365939620752,1000.0,1217.5673678000019,1000.0,0.00947492559727674,0.0
6193,1664455080000.0,0.0,0.0,0.01,144.16532702591525,0.0,0.0,147.45,0.9999253857184062,1.0,1217.5379420702611,1000.0,1217.570788800002,1000.0,0.0011840725618848585,0.0
6194,1664458680000.0,0.0,0.0,0.01,144.16532702591525,0.0,0.0,147.45,0.9999253857184062,1.0,1217.5379420702611,1000.0,1217.570788800002,1000.0,0.0011840725618848585,0.0
6195,1664462280000.0,0.0,0.0,0.01,144.16532702591525,0.0,0.0,147.55,0.9999253857184062,1.0,1217.5379420702611,1000.0,1217.571788800002,1000.0,0.0011840725618848585,0.0
6196,1664465880000.0,0.0,0.0,0.0,144.16532702591525,0.0,0.0,148.8,0.9999253857184062,1.0,1217.580991800002,1000.0,1217.580991800002,1000.0,0.0,0.0
6197,1664469480000.0,0.0,0.0,0.0,144.16532702591525,0.0,0.0,148.3,0.9999253857184062,1.0,1217.580991800002,1000.0,1217.580991800002,1000.0,0.0,0.0
6198,1664473080000.0,0.0,0.0,0.0,144.16532702591525,0.0,0.0,147.95,0.9999253857184062,1.0,1217.580991800002,1000.0,1217.580991800002,1000.0,0.0,0.0
6199,1664476680000.0,0.0,0.0,0.0,144.16532702591525,0.0,0.0,147.8,0.9999253857184062,1.0,1217.580991800002,1000.0,1217.580991800002,1000.0,0.0,0.0
6200,1664480280000.0,0.0,0.0,0.0,144.16532702591525,0.0,0.0,147.9,0.9999253857184062,1.0,1217.580991800002,1000.0,1217.580991800002,1000.0,0.0,0.0
6201,1664483880000.0,0.0,0.0,0.0,144.16532702591525,0.0,0.0,148.25,0.9999253857184062,1.0,1217.580991800002,1000.0,1217.580991800002,1000.0,0.0,0.0
6202,1664487480000.0,0.0,0.0,0.0,144.16532702591525,0.0,0.0,148.25,0.9999253857184062,1.0,1217.580991800002,1000.0,1217.580991800002,1000.0,0.0,0.0
6203,1664491080000.0,0.0,0.0,0.0,144.16532702591525,0.0,0.0,147.7,0.9999253857184062,1.0,1217.580991800002,1000.0,1217.580991800002,1000.0,0.0,0.0
6204,1664494680000.0,0.0,0.0,0.0,144.16532702591525,0.0,0.0,147.9,0.9999253857184062,1.0,1217.580991800002,1000.0,1217.580991800002,1000.0,0.0,0.0
6205,1664498280000.0,0.0,0.0,0.0,144.16532702591525,0.0,0.0,147.8,0.9999253857184062,1.0,1217.580991800002,1000.0,1217.580991800002,1000.0,0.0,0.0
6206,1664501880000.0,0.0,0.0,0.0,144.16532702591525,0.0,0.0,147.8,0.9999253857184062,1.0,1217.580991800002,1000.0,1217.580991800002,1000.0,0.0,0.0
6207,1664505480000.0,0.0,0.0,0.0,144.16532702591525,0.0,0.0,147.75,0.9999253857184062,1.0,1217.580991800002,1000.0,1217.580991800002,1000.0,0.0,0.0
6208,1664509080000.0,0.0,0.0,0.0,144.16532702591525,0.0,0.0,147.75,0.9999253857184062,1.0,1217.580991800002,1000.0,1217.580991800002,1000.0,0.0,0.0
6209,1664512680000.0,0.0,0.0,0.0,144.16532702591525,0.0,0.0,148.15,0.9999253857184062,1.0,1217.580991800002,1000.0,1217.580991800002,1000.0,0.0,0.0
6210,1664516280000.0,0.0,0.0,0.0,144.16532702591525,0.0,0.0,148.2,0.9999253857184062,1.0,1217.580991800002,1000.0,1217.580991800002,1000.0,0.0,0.0
6211,1664519880000.0,0.0,0.0,0.0,144.16532702591525,0.0,0.0,148.4,0.9999253857184062,1.0,1217.580991800002,1000.0,1217.580991800002,1000.0,0.0,0.0
6212,1664523480000.0,0.0,0.0,0.0,144.16532702591525,0.0,0.0,149.15,0.9999253857184062,1.0,1217.580991800002,1000.0,1217.580991800002,1000.0,0.0,0.0
6213,1664527080000.0,0.0,0.0,0.0,144.16532702591525,0.0,0.0,149.1,0.9999253857184062,1.0,1217.580991800002,1000.0,1217.580991800002,1000.0,0.0,0.0
6214,1664530680000.0,0.0,0.0,0.0,144.16532702591525,0.0,0.0,149.6,0.9999253857184062,1.0,1217.580991800002,1000.0,1217.580991800002,1000.0,0.0,0.0
6215,1664534280000.0,0.0,0.0,0.0,144.16532702591525,0.0,0.0,150.4,0.9999253857184062,1.0,1217.580991800002,1000.0,1217.580991800002,1000.0,0.0,0.0
6216,1664537880000.0,0.0,0.0,0.0,144.16532702591525,0.0,0.0,149.5,0.9999253857184062,1.0,1217.580991800002,1000.0,1217.580991800002,1000.0,0.0,0.0
6217,1664541480000.0,0.0,0.0,0.0,144.16532702591525,0.0,0.0,149.1,0.9999253857184062,1.0,1217.580991800002,1000.0,1217.580991800002,1000.0,0.0,0.0
6218,1664545080000.0,0.0,0.0,0.0,144.16532702591525,0.0,0.0,148.6,0.9999253857184062,1.0,1217.580991800002,1000.0,1217.580991800002,1000.0,0.0,0.0
6219,1664548680000.0,0.0,0.0,0.0,144.16532702591525,0.0,0.0,150.0,0.9999253857184062,1.0,1217.580991800002,1000.0,1217.580991800002,1000.0,0.0,0.0
6220,1664552280000.0,0.0,0.0,0.0,144.16532702591525,0.0,0.0,149.8,0.9999253857184062,1.0,1217.580991800002,1000.0,1217.580991800002,1000.0,0.0,0.0
6221,1664555880000.0,0.0,0.0,0.0,144.16532702591525,0.0,0.0,149.55,0.9999253857184062,1.0,1217.580991800002,1000.0,1217.580991800002,1000.0,0.0,0.0
6222,1664559480000.0,0.0,0.0,0.0,144.16532702591525,0.0,0.0,148.7,0.9999253857184062,1.0,1217.580991800002,1000.0,1217.580991800002,1000.0,0.0,0.0
6223,1664563080000.0,0.0,0.0,0.0,144.16532702591525,0.0,0.0,148.55,0.9999253857184062,1.0,1217.580991800002,1000.0,1217.580991800002,1000.0,0.0,0.0
6224,1664566680000.0,0.0,0.0,0.0,144.16532702591525,0.0,0.0,147.65,0.9999253857184062,1.0,1217.580991800002,1000.0,1217.580991800002,1000.0,0.0,0.0
6225,1664570280000.0,0.0,0.0,0.0,144.16532702591525,0.0,0.0,146.9,0.9999253857184062,1.0,1217.580991800002,1000.0,1217.580991800002,1000.0,0.0,0.0
6226,1664573880000.0,0.0,0.0,0.0,144.16532702591525,0.0,0.0,146.7,0.9999253857184062,1.0,1217.580991800002,1000.0,1217.580991800002,1000.0,0.0,0.0
6227,1664577480000.0,0.0,0.0,0.0,144.16532702591525,0.0,0.0,146.6,0.9999253857184062,1.0,1217.580991800002,1000.0,1217.580991800002,1000.0,0.0,0.0
6228,1664581080000.0,0.0,0.0,0.0,144.16532702591525,0.0,0.0,147.2,0.9999253857184062,1.0,1217.580991800002,1000.0,1217.580991800002,1000.0,0.0,0.0
6229,1664584680000.0,0.0,0.0,0.0,144.16532702591525,0.0,0.0,147.0,0.9999253857184062,1.0,1217.580991800002,1000.0,1217.580991800002,1000.0,0.0,0.0
6230,1664588280000.0,0.0,0.0,0.0,144.16532702591525,0.0,0.0,147.35,0.9999253857184062,1.0,1217.580991800002,1000.0,1217.580991800002,1000.0,0.0,0.0
6231,1664591880000.0,0.0,0.0,0.0,144.16532702591525,0.0,0.0,148.25,0.9999253857184062,1.0,1217.580991800002,1000.0,1217.580991800002,1000.0,0.0,0.0
6232,1664595480000.0,0.0,0.0,0.0,144.16532702591525,0.0,0.0,148.35,0.9999253857184062,1.0,1217.580991800002,1000.0,1217.580991800002,1000.0,0.0,0.0
6233,1664599080000.0,0.0,0.0,0.0,144.16532702591525,0.0,0.0,148.35,0.9999253857184062,1.0,1217.580991800002,1000.0,1217.580991800002,1000.0,0.0,0.0
6234,1664602680000.0,0.0,0.0,0.0,144.16532702591525,0.0,0.0,148.35,0.9999253857184062,1.0,1217.580991800002,1000.0,1217.580991800002,1000.0,0.0,0.0
6235,1664606280000.0,0.0,0.0,0.0,144.16532702591525,0.0,0.0,148.2,0.9999253857184062,1.0,1217.580991800002,1000.0,1217.580991800002,1000.0,0.0,0.0
6236,1664609880000.0,0.0,0.0,0.0,144.16532702591525,0.0,0.0,149.15,0.9999253857184062,1.0,1217.580991800002,1000.0,1217.580991800002,1000.0,0.0,0.0
6237,1664613480000.0,0.0,0.0,0.0,144.16532702591525,0.0,0.0,149.95,0.9999253857184062,1.0,1217.580991800002,1000.0,1217.580991800002,1000.0,0.0,0.0
6238,1664617080000.0,0.0,0.0,0.0,144.16532702591525,0.0,0.0,149.85,0.9999253857184062,1.0,1217.580991800002,1000.0,1217.580991800002,1000.0,0.0,0.0
6239,1664620680000.0,0.0,0.0,0.0,144.16532702591525,0.0,0.0,149.8,0.9999253857184062,1.0,1217.580991800002,1000.0,1217.580991800002,1000.0,0.0,0.0
6240,1664624280000.0,0.0,0.0,0.0,144.16532702591525,0.0,0.0,149.75,0.9999253857184062,1.0,1217.580991800002,1000.0,1217.580991800002,1000.0,0.0,0.0
6241,1664627880000.0,0.0,0.0,0.0,144.16532702591525,0.0,0.0,148.75,0.9999253857184062,1.0,1217.580991800002,1000.0,1217.580991800002,1000.0,0.0,0.0
6242,1664631480000.0,0.0,0.0,0.0,144.16532702591525,0.0,0.0,149.4,0.9999253857184062,1.0,1217.580991800002,1000.0,1217.580991800002,1000.0,0.0,0.0
6243,1664635080000.0,0.0,0.0,0.0,144.16532702591525,0.0,0.0,149.5,0.9999253857184062,1.0,1217.580991800002,1000.0,1217.580991800002,1000.0,0.0,0.0
6244,1664638680000.0,0.0,0.0,0.0,144.16532702591525,0.0,0.0,149.6,0.9999253857184062,1.0,1217.580991800002,1000.0,1217.580991800002,1000.0,0.0,0.0
6245,1664642280000.0,0.0,0.0,0.0,144.16532702591525,0.0,0.0,148.3,0.9999253857184062,1.0,1217.580991800002,1000.0,1217.580991800002,1000.0,0.0,0.0
6246,1664645880000.0,0.0,0.0,0.0,144.16532702591525,0.0,0.0,146.9,0.9999253857184062,1.0,1217.580991800002,1000.0,1217.580991800002,1000.0,0.0,0.0
6247,1664649480000.0,0.0,0.0,0.0,144.16532702591525,0.0,0.0,144.8,0.9999253857184062,1.0,1217.580991800002,1000.0,1217.580991800002,1000.0,0.0,0.0
6248,1664653080000.0,0.0,0.0,0.0,144.16532702591525,0.0,0.0,145.05,0.9999253857184062,1.0,1217.580991800002,1000.0,1217.580991800002,1000.0,0.0,0.0
6249,1664656680000.0,0.0,0.0,0.0,144.16532702591525,0.0,0.0,143.4,0.9999253857184062,1.0,1217.580991800002,1000.0,1217.580991800002,1000.0,0.0,0.0
6250,1664660280000.0,0.0,0.0,0.34,142.9,0.0,0.0,143.15,0.9999253857184062,1.0,1217.571274600002,1000.0,1217.656274600002,1000.0,0.0399040294507289,0.0
6251,1664663880000.0,0.0,0.0,0.34,142.9,0.0,0.0,141.5,0.9999253857184062,1.0,1217.571274600002,1000.0,1217.0952746000019,1000.0,0.0399040294507289,0.0
6252,1664667480000.0,0.0,0.0,0.34,142.9,0.0,0.0,140.8,0.9999253857184062,1.0,1217.571274600002,1000.0,1216.857274600002,1000.0,0.0399040294507289,0.0
6253,1664671080000.0,0.0,0.0,0.34,142.9,0.0,0.0,141.65,0.9999253857184062,1.0,1217.571274600002,1000.0,1217.146274600002,1000.0,0.0399040294507289,0.0
6254,1664674680000.0,0.0,0.0,0.34,142.9,0.0,0.0,140.95,0.9999253857184062,1.0,1217.571274600002,1000.0,1216.908274600002,1000.0,0.0399040294507289,0.0
6255,1664678280000.0,0.0,0.0,0.34,142.9,0.0,0.0,140.5,0.9999253857184062,1.0,1217.571274600002,1000.0,1216.755274600002,1000.0,0.0399040294507289,0.0
6256,1664681880000.0,0.0,0.0,0.34,142.9,0.0,0.0,140.45,0.9999253857184062,1.0,1217.571274600002,1000.0,1216.738274600002,1000.0,0.0399040294507289,0.0
6257,1664685480000.0,0.0,0.0,0.34,142.9,0.0,0.0,141.2,0.9999253857184062,1.0,1217.571274600002,1000.0,1216.993274600002,1000.0,0.0399040294507289,0.0
6258,1664689080000.0,0.0,0.0,0.34,142.9,0.0,0.0,141.25,0.9999253857184062,1.0,1217.571274600002,1000.0,1217.010274600002,1000.0,0.0399040294507289,0.0
6259,1664692680000.0,0.0,0.0,0.34,142.9,0.0,0.0,141.5,0.9999253857184062,1.0,1217.571274600002,1000.0,1217.0952746000019,1000.0,0.0399040294507289,0.0
6260,1664696280000.0,0.0,0.0,0.34,142.9,0.0,0.0,141.55,0.9999253857184062,1.0,1217.571274600002,1000.0,1217.112274600002,1000.0,0.0399040294507289,0.0
6261,1664699880000.0,0.0,0.0,0.34,142.9,0.0,0.0,141.3,0.9999253857184062,1.0,1217.571274600002,1000.0,1217.0272746000019,1000.0,0.0399040294507289,0.0
6262,1664703480000.0,0.0,0.0,0.34,142.9,0.0,0.0,140.85,0.9999253857184062,1.0,1217.571274600002,1000.0,1216.8742746000019,1000.0,0.0399040294507289,0.0
6263,1664707080000.0,0.0,0.0,0.34,142.9,0.0,0.0,139.7,0.9999253857184062,1.0,1217.571274600002,1000.0,1216.483274600002,1000.0,0.0399040294507289,0.0
6264,1664710680000.0,0.0,0.0,0.34,142.9,0.0,0.0,140.6,0.9999253857184062,1.0,1217.571274600002,1000.0,1216.789274600002,1000.0,0.0399040294507289,0.0
6265,1664714280000.0,0.0,0.0,0.34,142.9,0.0,0.0,139.65,0.9999253857184062,1.0,1217.571274600002,1000.0,1216.466274600002,1000.0,0.0399040294507289,0.0
6266,1664717880000.0,0.0,0.0,0.34,142.9,0.0,0.0,139.8,0.9999253857184062,1.0,1217.571274600002,1000.0,1216.5172746000019,1000.0,0.0399040294507289,0.0
6267,1664721480000.0,0.0,0.0,0.34,142.9,0.0,0.0,139.7,0.9999253857184062,1.0,1217.571274600002,1000.0,1216.483274600002,1000.0,0.0399040294507289,0.0
6268,1664725080000.0,0.0,0.0,0.34,142.9,0.0,0.0,139.1,0.9999253857184062,1.0,1217.571274600002,1000.0,1216.279274600002,1000.0,0.0399040294507289,0.0
6269,1664728680000.0,0.0,0.0,0.34,142.9,0.0,0.0,139.75,0.9999253857184062,1.0,1217.571274600002,1000.0,1216.500274600002,1000.0,0.0399040294507289,0.0
6270,1664732280000.0,0.0,0.0,0.34,142.9,0.0,0.0,140.1,0.9999253857184062,1.0,1217.571274600002,1000.0,1216.619274600002,1000.0,0.0399040294507289,0.0
6271,1664735880000.0,0.0,0.0,0.34,142.9,0.0,0.0,140.3,0.9999253857184062,1.0,1217.571274600002,1000.0,1216.687274600002,1000.0,0.0399040294507289,0.0
6272,1664739480000.0,0.0,0.0,0.34,142.9,0.0,0.0,140.7,0.9999253857184062,1.0,1217.571274600002,1000.0,1216.823274600002,1000.0,0.0399040294507289,0.0
6273,1664743080000.0,0.0,0.0,0.34,142.9,0.0,0.0,140.25,0.9999253857184062,1.0,1217.571274600002,1000.0,1216.670274600002,1000.0,0.0399040294507289,0.0
6274,1664746680000.0,0.0,0.0,0.34,142.9,0.0,0.0,139.3,0.9999253857184062,1.0,1217.571274600002,1000.0,1216.347274600002,1000.0,0.0399040294507289,0.0
6275,1664750280000.0,0.0,0.0,0.34,142.9,0.0,0.0,139.25,0.9999253857184062,1.0,1217.571274600002,1000.0,1216.330274600002,1000.0,0.0399040294507289,0.0
6276,1664753880000.0,0.0,0.0,0.7,139.84,0.0,0.0,136.5,0.9999253857184062,1.0,1217.561414200002,1000.0,1215.223414200002,1000.0,0.08039676591124337,0.0
6277,1664757480000.0,0.0,0.0,0.7,139.84,0.0,0.0,137.2,0.9999253857184062,1.0,1217.561414200002,1000.0,1215.713414200002,1000.0,0.08039676591124337,0.0
6278,1664761080000.0,0.0,0.0,0.7,139.84,0.0,0.0,138.95,0.9999253857184062,1.0,1217.561414200002,1000.0,1216.938414200002,1000.0,0.08039676591124337,0.0
6279,1664764680000.0,0.0,0.0,0.7,139.84,0.0,0.0,139.05,0.9999253857184062,1.0,1217.561414200002,1000.0,1217.008414200002,1000.0,0.08039676591124337,0.0
6280,1664768280000.0,0.0,0.0,0.7,139.84,0.0,0.0,139.05,0.9999253857184062,1.0,1217.561414200002,1000.0,1217.008414200002,1000.0,0.08039676591124337,0.0
6281,1664771880000.0,0.0,0.0,0.7,139.84,0.0,0.0,137.9,0.9999253857184062,1.0,1217.561414200002,1000.0,1216.203414200002,1000.0,0.08039676591124337,0.0
6282,1664775480000.0,0.0,0.0,0.7,139.84,0.0,0.0,137.8,0.9999253857184062,1.0,1217.561414200002,1000.0,1216.133414200002,1000.0,0.08039676591124337,0.0
6283,1664779080000.0,0.0,0.0,0.7,139.84,0.0,0.0,138.35,0.9999253857184062,1.0,1217.561414200002,1000.0,1216.518414200002,1000.0,0.08039676591124337,0.0
6284,1664782680000.0,0.0,0.0,0.7,139.84,0.0,0.0,138.4,0.9999253857184062,1.0,1217.561414200002,1000.0,1216.553414200002,1000.0,0.08039676591124337,0.0
6285,1664786280000.0,0.0,0.0,0.7,139.84,0.0,0.0,138.4,0.9999253857184062,1.0,1217.561414200002,1000.0,1216.553414200002,1000.0,0.08039676591124337,0.0
6286,1664789880000.0,0.0,0.0,0.7,139.84,0.0,0.0,138.55,0.9999253857184062,1.0,1217.561414200002,1000.0,1216.658414200002,1000.0,0.08039676591124337,0.0
6287,1664793480000.0,0.0,0.0,0.7,139.84,0.0,0.0,138.55,0.9999253857184062,1.0,1217.561414200002,1000.0,1216.658414200002,1000.0,0.08039676591124337,0.0
6288,1664797080000.0,0.0,0.0,0.7,139.84,0.0,0.0,138.95,0.9999253857184062,1.0,1217.561414200002,1000.0,1216.938414200002,1000.0,0.08039676591124337,0.0
6289,1664800680000.0,0.0,0.0,0.7,139.84,0.0,0.0,139.45,0.9999253857184062,1.0,1217.561414200002,1000.0,1217.288414200002,1000.0,0.08039676591124337,0.0
6290,1664804280000.0,0.0,0.0,0.7,139.84,0.0,0.0,139.25,0.9999253857184062,1.0,1217.561414200002,1000.0,1217.148414200002,1000.0,0.08039676591124337,0.0
6291,1664807880000.0,0.0,0.0,0.7,139.84,0.0,0.0,140.2,0.9999253857184062,1.0,1217.561414200002,1000.0,1217.813414200002,1000.0,0.08039676591124337,0.0
6292,1664811480000.0,0.0,0.0,0.7,139.84,0.0,0.0,140.35,0.9999253857184062,1.0,1217.561414200002,1000.0,1217.918414200002,1000.0,0.08039676591124337,0.0
6293,1664815080000.0,0.0,0.0,0.7,139.84,0.0,0.0,139.85,0.9999253857184062,1.0,1217.561414200002,1000.0,1217.568414200002,1000.0,0.08039676591124337,0.0
6294,1664818680000.0,0.0,0.0,0.7,139.84,0.0,0.0,140.6,0.9999253857184062,1.0,1217.561414200002,1000.0,1218.093414200002,1000.0,0.08039676591124337,0.0
6295,1664822280000.0,0.0,0.0,0.7,139.84,0.0,0.0,140.6,0.9999253857184062,1.0,1217.561414200002,1000.0,1218.093414200002,1000.0,0.08039676591124337,0.0
6296,1664825880000.0,0.0,0.0,0.7,139.84,0.0,0.0,141.05,0.9999253857184062,1.0,1217.561414200002,1000.0,1218.408414200002,1000.0,0.08039676591124337,0.0
6297,1664829480000.0,0.0,0.0,0.7,139.84,0.0,0.0,140.55,0.9999253857184062,1.0,1217.561414200002,1000.0,1218.058414200002,1000.0,0.08039676591124337,0.0
6298,1664833080000.0,0.0,0.0,0.7,139.84,0.0,0.0,140.9,0.9999253857184062,1.0,1217.561414200002,1000.0,1218.303414200002,1000.0,0.08039676591124337,0.0
6299,1664836680000.0,0.0,0.0,0.7,139.84,0.0,0.0,140.55,0.9999253857184062,1.0,1217.561414200002,1000.0,1218.058414200002,1000.0,0.08039676591124337,0.0
6300,1664840280000.0,0.0,0.0,0.7,139.84,0.0,0.0,141.5,0.9999253857184062,1.0,1217.561414200002,1000.0,1218.723414200002,1000.0,0.08039676591124337,0.0
6301,1664843880000.0,0.0,0.0,0.7,139.84,0.0,0.0,142.45,0.9999253857184062,1.0,1217.561414200002,1000.0,1219.388414200002,1000.0,0.08039676591124337,0.0
6302,1664847480000.0,0.0,0.0,0.7,139.84,0.0,0.0,142.1,0.9999253857184062,1.0,1217.561414200002,1000.0,1219.143414200002,1000.0,0.08039676591124337,0.0
6303,1664851080000.0,0.0,0.0,0.7,139.84,0.0,0.0,142.25,0.9999253857184062,1.0,1217.561414200002,1000.0,1219.248414200002,1000.0,0.08039676591124337,0.0
6304,1664854680000.0,0.0,0.0,0.7,139.84,0.0,0.0,142.95,0.9999253857184062,1.0,1217.561414200002,1000.0,1219.738414200002,1000.0,0.08039676591124337,0.0
6305,1664858280000.0,0.0,0.0,0.7,139.84,0.0,0.0,143.0,0.9999253857184062,1.0,1217.561414200002,1000.0,1219.773414200002,1000.0,0.08039676591124337,0.0
6306,1664861880000.0,0.0,0.0,0.7,139.84,0.0,0.0,143.1,0.9999253857184062,1.0,1217.561414200002,1000.0,1219.843414200002,1000.0,0.08039676591124337,0.0
6307,1664865480000.0,0.0,0.0,0.07,139.84,0.0,0.0,144.4,0.9999253857184062,1.0,1220.1892651600022,1000.0,1220.508465160002,1000.0,0.00802236200522253,0.0
6308,1664869080000.0,0.0,0.0,0.07,139.84,0.0,0.0,144.25,0.9999253857184062,1.0,1220.1892651600022,1000.0,1220.4979651600022,1000.0,0.00802236200522253,0.0
6309,1664872680000.0,0.0,0.0,0.04,139.84,0.0,0.0,144.1,0.9999253857184062,1.0,1220.314400920002,1000.0,1220.484800920002,1000.0,0.004583736777819677,0.0
6310,1664876280000.0,0.0,0.0,0.01,139.84,0.0,0.0,144.65,0.9999253857184062,1.0,1220.4395366800018,1000.0,1220.4876366800017,1000.0,0.001145816697977607,0.0
6311,1664879880000.0,0.0,0.0,0.01,139.84,0.0,0.0,145.1,0.9999253857184062,1.0,1220.4395366800018,1000.0,1220.4921366800017,1000.0,0.001145816697977607,0.0
6312,1664883480000.0,0.0,0.0,0.01,139.84,0.0,0.0,145.6,0.9999253857184062,1.0,1220.4395366800018,1000.0,1220.4971366800019,1000.0,0.001145816697977607,0.0
6313,1664887080000.0,0.0,0.0,0.01,139.84,0.0,0.0,146.05,0.9999253857184062,1.0,1220.4395366800018,1000.0,1220.5016366800019,1000.0,0.001145816697977607,0.0
6314,1664890680000.0,0.0,0.0,0.01,139.84,0.0,0.0,146.3,0.9999253857184062,1.0,1220.4395366800018,1000.0,1220.5041366800017,1000.0,0.001145816697977607,0.0
6315,1664894280000.0,0.0,0.0,0.0,139.84,0.0,0.0,146.75,0.9999253857184062,1.0,1220.5151418200019,1000.0,1220.5151418200019,1000.0,0.0,0.0
6316,1664897880000.0,0.0,0.0,0.0,139.84,0.0,0.0,146.95,0.9999253857184062,1.0,1220.5151418200019,1000.0,1220.5151418200019,1000.0,0.0,0.0
6317,1664901480000.0,0.0,0.0,0.0,139.84,0.0,0.0,146.9,0.9999253857184062,1.0,1220.5151418200019,1000.0,1220.5151418200019,1000.0,0.0,0.0
6318,1664905080000.0,0.0,0.0,0.0,139.84,0.0,0.0,145.35,0.9999253857184062,1.0,1220.5151418200019,1000.0,1220.5151418200019,1000.0,0.0,0.0
6319,1664908680000.0,0.0,0.0,0.0,139.84,0.0,0.0,145.55,0.9999253857184062,1.0,1220.5151418200019,1000.0,1220.5151418200019,1000.0,0.0,0.0
6320,1664912280000.0,0.0,0.0,0.0,139.84,0.0,0.0,146.05,0.9999253857184062,1.0,1220.5151418200019,1000.0,1220.5151418200019,1000.0,0.0,0.0
6321,1664915880000.0,0.0,0.0,0.0,139.84,0.0,0.0,146.95,0.9999253857184062,1.0,1220.5151418200019,1000.0,1220.5151418200019,1000.0,0.0,0.0
6322,1664919480000.0,0.0,0.0,0.0,139.84,0.0,0.0,146.3,0.9999253857184062,1.0,1220.5151418200019,1000.0,1220.5151418200019,1000.0,0.0,0.0
6323,1664923080000.0,0.0,0.0,0.0,139.84,0.0,0.0,146.8,0.9999253857184062,1.0,1220.5151418200019,1000.0,1220.5151418200019,1000.0,0.0,0.0
6324,1664926680000.0,0.0,0.0,0.0,139.84,0.0,0.0,146.95,0.9999253857184062,1.0,1220.5151418200019,1000.0,1220.5151418200019,1000.0,0.0,0.0
6325,1664930280000.0,0.0,0.0,0.0,139.84,0.0,0.0,146.25,0.9999253857184062,1.0,1220.5151418200019,1000.0,1220.5151418200019,1000.0,0.0,0.0
6326,1664933880000.0,0.0,0.0,0.0,139.84,0.0,0.0,146.75,0.9999253857184062,1.0,1220.5151418200019,1000.0,1220.5151418200019,1000.0,0.0,0.0
6327,1664937480000.0,0.0,0.0,0.0,139.84,0.0,0.0,146.35,0.9999253857184062,1.0,1220.5151418200019,1000.0,1220.5151418200019,1000.0,0.0,0.0
6328,1664941080000.0,0.0,0.0,0.0,139.84,0.0,0.0,146.4,0.9999253857184062,1.0,1220.5151418200019,1000.0,1220.5151418200019,1000.0,0.0,0.0
6329,1664944680000.0,0.0,0.0,0.0,139.84,0.0,0.0,146.15,0.9999253857184062,1.0,1220.5151418200019,1000.0,1220.5151418200019,1000.0,0.0,0.0
6330,1664948280000.0,0.0,0.0,0.0,139.84,0.0,0.0,146.65,0.9999253857184062,1.0,1220.5151418200019,1000.0,1220.5151418200019,1000.0,0.0,0.0
6331,1664951880000.0,0.0,0.0,0.0,139.84,0.0,0.0,147.65,0.9999253857184062,1.0,1220.5151418200019,1000.0,1220.5151418200019,1000.0,0.0,0.0
6332,1664955480000.0,0.0,0.0,0.0,139.84,0.0,0.0,147.25,0.9999253857184062,1.0,1220.5151418200019,1000.0,1220.5151418200019,1000.0,0.0,0.0
6333,1664959080000.0,0.0,0.0,0.0,139.84,0.0,0.0,145.8,0.9999253857184062,1.0,1220.5151418200019,1000.0,1220.5151418200019,1000.0,0.0,0.0
6334,1664962680000.0,0.0,0.0,0.0,139.84,0.0,0.0,145.2,0.9999253857184062,1.0,1220.5151418200019,1000.0,1220.5151418200019,1000.0,0.0,0.0
6335,1664966280000.0,0.0,0.0,0.0,139.84,0.0,0.0,144.9,0.9999253857184062,1.0,1220.5151418200019,1000.0,1220.5151418200019,1000.0,0.0,0.0
6336,1664969880000.0,0.0,0.0,0.0,139.84,0.0,0.0,144.9,0.9999253857184062,1.0,1220.5151418200019,1000.0,1220.5151418200019,1000.0,0.0,0.0
6337,1664973480000.0,0.0,0.0,0.0,139.84,0.0,0.0,144.7,0.9999253857184062,1.0,1220.5151418200019,1000.0,1220.5151418200019,1000.0,0.0,0.0
6338,1664977080000.0,0.0,0.0,0.0,139.84,0.0,0.0,144.25,0.9999253857184062,1.0,1220.5151418200019,1000.0,1220.5151418200019,1000.0,0.0,0.0
6339,1664980680000.0,0.0,0.0,0.0,139.84,0.0,0.0,144.4,0.9999253857184062,1.0,1220.5151418200019,1000.0,1220.5151418200019,1000.0,0.0,0.0
6340,1664984280000.0,0.0,0.0,0.0,139.84,0.0,0.0,145.65,0.9999253857184062,1.0,1220.5151418200019,1000.0,1220.5151418200019,1000.0,0.0,0.0
6341,1664987880000.0,0.0,0.0,0.0,139.84,0.0,0.0,145.8,0.9999253857184062,1.0,1220.5151418200019,1000.0,1220.5151418200019,1000.0,0.0,0.0
6342,1664991480000.0,0.0,0.0,0.0,139.84,0.0,0.0,146.0,0.9999253857184062,1.0,1220.5151418200019,1000.0,1220.5151418200019,1000.0,0.0,0.0
6343,1664995080000.0,0.0,0.0,0.0,139.84,0.0,0.0,146.1,0.9999253857184062,1.0,1220.5151418200019,1000.0,1220.5151418200019,1000.0,0.0,0.0
6344,1664998680000.0,0.0,0.0,0.0,139.84,0.0,0.0,146.95,0.9999253857184062,1.0,1220.5151418200019,1000.0,1220.5151418200019,1000.0,0.0,0.0
6345,1665002280000.0,0.0,0.0,0.0,139.84,0.0,0.0,146.2,0.9999253857184062,1.0,1220.5151418200019,1000.0,1220.5151418200019,1000.0,0.0,0.0
6346,1665005880000.0,0.0,0.0,0.0,139.84,0.0,0.0,145.95,0.9999253857184062,1.0,1220.5151418200019,1000.0,1220.5151418200019,1000.0,0.0,0.0
6347,1665009480000.0,0.0,0.0,0.0,139.84,0.0,0.0,146.15,0.9999253857184062,1.0,1220.5151418200019,1000.0,1220.5151418200019,1000.0,0.0,0.0
6348,1665013080000.0,0.0,0.0,0.0,139.84,0.0,0.0,145.95,0.9999253857184062,1.0,1220.5151418200019,1000.0,1220.5151418200019,1000.0,0.0,0.0
6349,1665016680000.0,0.0,0.0,0.0,139.84,0.0,0.0,146.8,0.9999253857184062,1.0,1220.5151418200019,1000.0,1220.5151418200019,1000.0,0.0,0.0
6350,1665020280000.0,0.0,0.0,0.0,139.84,0.0,0.0,147.35,0.9999253857184062,1.0,1220.5151418200019,1000.0,1220.5151418200019,1000.0,0.0,0.0
6351,1665023880000.0,0.0,0.0,0.0,139.84,0.0,0.0,147.7,0.9999253857184062,1.0,1220.5151418200019,1000.0,1220.5151418200019,1000.0,0.0,0.0
6352,1665027480000.0,0.0,0.0,0.0,139.84,0.0,0.0,148.7,0.9999253857184062,1.0,1220.5151418200019,1000.0,1220.5151418200019,1000.0,0.0,0.0
6353,1665031080000.0,0.0,0.0,0.0,139.84,0.0,0.0,149.2,0.9999253857184062,1.0,1220.5151418200019,1000.0,1220.5151418200019,1000.0,0.0,0.0
6354,1665034680000.0,0.0,0.0,0.0,139.84,0.0,0.0,147.95,0.9999253857184062,1.0,1220.5151418200019,1000.0,1220.5151418200019,1000.0,0.0,0.0
6355,1665038280000.0,0.0,0.0,0.0,139.84,0.0,0.0,145.45,0.9999253857184062,1.0,1220.5151418200019,1000.0,1220.5151418200019,1000.0,0.0,0.0
6356,1665041880000.0,0.0,0.0,0.0,139.84,0.0,0.0,145.45,0.9999253857184062,1.0,1220.5151418200019,1000.0,1220.5151418200019,1000.0,0.0,0.0
6357,1665045480000.0,0.0,0.0,0.0,139.84,0.0,0.0,145.4,0.9999253857184062,1.0,1220.5151418200019,1000.0,1220.5151418200019,1000.0,0.0,0.0
6358,1665049080000.0,0.0,0.0,0.0,139.84,0.0,0.0,144.9,0.9999253857184062,1.0,1220.5151418200019,1000.0,1220.5151418200019,1000.0,0.0,0.0
6359,1665052680000.0,0.0,0.0,0.0,139.84,0.0,0.0,145.3,0.9999253857184062,1.0,1220.5151418200019,1000.0,1220.5151418200019,1000.0,0.0,0.0
6360,1665056280000.0,0.0,0.0,0.0,139.84,0.0,0.0,145.3,0.9999253857184062,1.0,1220.5151418200019,1000.0,1220.5151418200019,1000.0,0.0,0.0
6361,1665059880000.0,0.0,0.0,0.0,139.84,0.0,0.0,145.7,0.9999253857184062,1.0,1220.5151418200019,1000.0,1220.5151418200019,1000.0,0.0,0.0
6362,1665063480000.0,0.0,0.0,0.0,139.84,0.0,0.0,144.55,0.9999253857184062,1.0,1220.5151418200019,1000.0,1220.5151418200019,1000.0,0.0,0.0
6363,1665067080000.0,0.0,0.0,0.0,139.84,0.0,0.0,143.75,0.9999253857184062,1.0,1220.5151418200019,1000.0,1220.5151418200019,1000.0,0.0,0.0
6364,1665070680000.0,0.0,0.0,0.0,139.84,0.0,0.0,144.1,0.9999253857184062,1.0,1220.5151418200019,1000.0,1220.5151418200019,1000.0,0.0,0.0
6365,1665074280000.0,0.0,0.0,0.0,139.84,0.0,0.0,143.9,0.9999253857184062,1.0,1220.5151418200019,1000.0,1220.5151418200019,1000.0,0.0,0.0
6366,1665077880000.0,0.0,0.0,0.0,139.84,0.0,0.0,143.8,0.9999253857184062,1.0,1220.5151418200019,1000.0,1220.5151418200019,1000.0,0.0,0.0
6367,1665081480000.0,0.0,0.0,0.0,139.84,0.0,0.0,144.85,0.9999253857184062,1.0,1220.5151418200019,1000.0,1220.5151418200019,1000.0,0.0,0.0
6368,1665085080000.0,0.0,0.0,0.0,139.84,0.0,0.0,146.25,0.9999253857184062,1.0,1220.5151418200019,1000.0,1220.5151418200019,1000.0,0.0,0.0
6369,1665088680000.0,0.0,0.0,0.0,139.84,0.0,0.0,145.45,0.9999253857184062,1.0,1220.5151418200019,1000.0,1220.5151418200019,1000.0,0.0,0.0
6370,1665092280000.0,0.0,0.0,0.0,139.84,0.0,0.0,150.4,0.9999253857184062,1.0,1220.5151418200019,1000.0,1220.5151418200019,1000.0,0.0,0.0
6371,1665095880000.0,0.0,0.0,0.0,139.84,0.0,0.0,149.4,0.9999253857184062,1.0,1220.5151418200019,1000.0,1220.5151418200019,1000.0,0.0,0.0
6372,1665099480000.0,0.0,0.0,0.0,139.84,0.0,0.0,148.9,0.9999253857184062,1.0,1220.5151418200019,1000.0,1220.5151418200019,1000.0,0.0,0.0
6373,1665103080000.0,0.0,0.0,0.0,139.84,0.0,0.0,148.9,0.9999253857184062,1.0,1220.5151418200019,1000.0,1220.5151418200019,1000.0,0.0,0.0
6374,1665106680000.0,0.0,0.0,0.0,139.84,0.0,0.0,147.9,0.9999253857184062,1.0,1220.5151418200019,1000.0,1220.5151418200019,1000.0,0.0,0.0
6375,1665110280000.0,0.0,0.0,0.0,139.84,0.0,0.0,147.9,0.9999253857184062,1.0,1220.5151418200019,1000.0,1220.5151418200019,1000.0,0.0,0.0
6376,1665113880000.0,0.0,0.0,0.0,139.84,0.0,0.0,146.6,0.9999253857184062,1.0,1220.5151418200019,1000.0,1220.5151418200019,1000.0,0.0,0.0
6377,1665117480000.0,0.0,0.0,0.0,139.84,0.0,0.0,147.0,0.9999253857184062,1.0,1220.5151418200019,1000.0,1220.5151418200019,1000.0,0.0,0.0
6378,1665121080000.0,0.0,0.0,0.0,139.84,0.0,0.0,148.0,0.9999253857184062,1.0,1220.5151418200019,1000.0,1220.5151418200019,1000.0,0.0,0.0
6379,1665124680000.0,0.0,0.0,0.0,139.84,0.0,0.0,147.4,0.9999253857184062,1.0,1220.5151418200019,1000.0,1220.5151418200019,1000.0,0.0,0.0
6380,1665128280000.0,0.0,0.0,0.0,139.84,0.0,0.0,147.65,0.9999253857184062,1.0,1220.5151418200019,1000.0,1220.5151418200019,1000.0,0.0,0.0
6381,1665131880000.0,0.0,0.0,0.0,139.84,0.0,0.0,147.8,0.9999253857184062,1.0,1220.5151418200019,1000.0,1220.5151418200019,1000.0,0.0,0.0
6382,1665135480000.0,0.0,0.0,0.0,139.84,0.0,0.0,148.25,0.9999253857184062,1.0,1220.5151418200019,1000.0,1220.5151418200019,1000.0,0.0,0.0
6383,1665139080000.0,0.0,0.0,0.0,139.84,0.0,0.0,147.05,0.9999253857184062,1.0,1220.5151418200019,1000.0,1220.5151418200019,1000.0,0.0,0.0
6384,1665142680000.0,0.0,0.0,0.0,139.84,0.0,0.0,146.3,0.9999253857184062,1.0,1220.5151418200019,1000.0,1220.5151418200019,1000.0,0.0,0.0
6385,1665146280000.0,0.0,0.0,0.0,139.84,0.0,0.0,145.1,0.9999253857184062,1.0,1220.5151418200019,1000.0,1220.5151418200019,1000.0,0.0,0.0
6386,1665149880000.0,0.0,0.0,0.0,139.84,0.0,0.0,145.65,0.9999253857184062,1.0,1220.5151418200019,1000.0,1220.5151418200019,1000.0,0.0,0.0
6387,1665153480000.0,0.0,0.0,0.0,139.84,0.0,0.0,145.9,0.9999253857184062,1.0,1220.5151418200019,1000.0,1220.5151418200019,1000.0,0.0,0.0
6388,1665157080000.0,0.0,0.0,0.0,139.84,0.0,0.0,146.1,0.9999253857184062,1.0,1220.5151418200019,1000.0,1220.5151418200019,1000.0,0.0,0.0
6389,1665160680000.0,0.0,0.0,0.0,139.84,0.0,0.0,145.05,0.9999253857184062,1.0,1220.5151418200019,1000.0,1220.5151418200019,1000.0,0.0,0.0
6390,1665164280000.0,0.0,0.0,0.0,139.84,0.0,0.0,144.95,0.9999253857184062,1.0,1220.5151418200019,1000.0,1220.5151418200019,1000.0,0.0,0.0
6391,1665167880000.0,0.0,0.0,0.0,139.84,0.0,0.0,144.8,0.9999253857184062,1.0,1220.5151418200019,1000.0,1220.5151418200019,1000.0,0.0,0.0
6392,1665171480000.0,0.0,0.0,0.0,139.84,0.0,0.0,144.05,0.9999253857184062,1.0,1220.5151418200019,1000.0,1220.5151418200019,1000.0,0.0,0.0
6393,1665175080000.0,0.0,0.0,0.0,139.84,0.0,0.0,144.9,0.9999253857184062,1.0,1220.5151418200019,1000.0,1220.5151418200019,1000.0,0.0,0.0
6394,1665178680000.0,0.0,0.0,0.0,139.84,0.0,0.0,145.9,0.9999253857184062,1.0,1220.5151418200019,1000.0,1220.5151418200019,1000.0,0.0,0.0
6395,1665182280000.0,0.0,0.0,0.0,139.84,0.0,0.0,146.3,0.9999253857184062,1.0,1220.5151418200019,1000.0,1220.5151418200019,1000.0,0.0,0.0
6396,1665185880000.0,0.0,0.0,0.0,139.84,0.0,0.0,146.25,0.9999253857184062,1.0,1220.5151418200019,1000.0,1220.5151418200019,1000.0,0.0,0.0
6397,1665189480000.0,0.0,0.0,0.0,139.84,0.0,0.0,147.15,0.9999253857184062,1.0,1220.5151418200019,1000.0,1220.5151418200019,1000.0,0.0,0.0
6398,1665193080000.0,0.0,0.0,0.0,139.84,0.0,0.0,147.5,0.9999253857184062,1.0,1220.5151418200019,1000.0,1220.5151418200019,1000.0,0.0,0.0
6399,1665196680000.0,0.0,0.0,0.0,139.84,0.0,0.0,147.25,0.9999253857184062,1.0,1220.5151418200019,1000.0,1220.5151418200019,1000.0,0.0,0.0
6400,1665200280000.0,0.0,0.0,0.0,139.84,0.0,0.0,146.8,0.9999253857184062,1.0,1220.5151418200019,1000.0,1220.5151418200019,1000.0,0.0,0.0
6401,1665203880000.0,0.0,0.0,0.0,139.84,0.0,0.0,145.95,0.9999253857184062,1.0,1220.5151418200019,1000.0,1220.5151418200019,1000.0,0.0,0.0
6402,1665207480000.0,0.0,0.0,0.0,139.84,0.0,0.0,146.65,0.9999253857184062,1.0,1220.5151418200019,1000.0,1220.5151418200019,1000.0,0.0,0.0
6403,1665211080000.0,0.0,0.0,0.0,139.84,0.0,0.0,147.3,0.9999253857184062,1.0,1220.5151418200019,1000.0,1220.5151418200019,1000.0,0.0,0.0
6404,1665214680000.0,0.0,0.0,0.0,139.84,0.0,0.0,147.5,0.9999253857184062,1.0,1220.5151418200019,1000.0,1220.5151418200019,1000.0,0.0,0.0
6405,1665218280000.0,0.0,0.0,0.0,139.84,0.0,0.0,146.95,0.9999253857184062,1.0,1220.5151418200019,1000.0,1220.5151418200019,1000.0,0.0,0.0
6406,1665221880000.0,0.0,0.0,0.0,139.84,0.0,0.0,147.45,0.9999253857184062,1.0,1220.5151418200019,1000.0,1220.5151418200019,1000.0,0.0,0.0
6407,1665225480000.0,0.0,0.0,0.0,139.84,0.0,0.0,147.2,0.9999253857184062,1.0,1220.5151418200019,1000.0,1220.5151418200019,1000.0,0.0,0.0
6408,1665229080000.0,0.0,0.0,0.0,139.84,0.0,0.0,147.6,0.9999253857184062,1.0,1220.5151418200019,1000.0,1220.5151418200019,1000.0,0.0,0.0
6409,1665232680000.0,0.0,0.0,0.0,139.84,0.0,0.0,147.9,0.9999253857184062,1.0,1220.5151418200019,1000.0,1220.5151418200019,1000.0,0.0,0.0
6410,1665236280000.0,0.0,0.0,0.0,139.84,0.0,0.0,148.1,0.9999253857184062,1.0,1220.5151418200019,1000.0,1220.5151418200019,1000.0,0.0,0.0
6411,1665239880000.0,0.0,0.0,0.0,139.84,0.0,0.0,147.85,0.9999253857184062,1.0,1220.5151418200019,1000.0,1220.5151418200019,1000.0,0.0,0.0
6412,1665243480000.0,0.0,0.0,0.0,139.84,0.0,0.0,147.5,0.9999253857184062,1.0,1220.5151418200019,1000.0,1220.5151418200019,1000.0,0.0,0.0
6413,1665247080000.0,0.0,0.0,0.0,139.84,0.0,0.0,147.6,0.9999253857184062,1.0,1220.5151418200019,1000.0,1220.5151418200019,1000.0,0.0,0.0
6414,1665250680000.0,0.0,0.0,0.0,139.84,0.0,0.0,146.8,0.9999253857184062,1.0,1220.5151418200019,1000.0,1220.5151418200019,1000.0,0.0,0.0
6415,1665254280000.0,0.0,0.0,0.0,139.84,0.0,0.0,146.75,0.9999253857184062,1.0,1220.5151418200019,1000.0,1220.5151418200019,1000.0,0.0,0.0
6416,1665257880000.0,0.0,0.0,0.0,139.84,0.0,0.0,146.5,0.9999253857184062,1.0,1220.5151418200019,1000.0,1220.5151418200019,1000.0,0.0,0.0
6417,1665261480000.0,0.0,0.0,0.0,139.84,0.0,0.0,146.7,0.9999253857184062,1.0,1220.5151418200019,1000.0,1220.5151418200019,1000.0,0.0,0.0
6418,1665265080000.0,0.0,0.0,0.0,139.84,0.0,0.0,146.25,0.9999253857184062,1.0,1220.5151418200019,1000.0,1220.5151418200019,1000.0,0.0,0.0
6419,1665268680000.0,0.0,0.0,0.0,139.84,0.0,0.0,145.75,0.9999253857184062,1.0,1220.5151418200019,1000.0,1220.5151418200019,1000.0,0.0,0.0
6420,1665272280000.0,0.0,0.0,0.0,139.84,0.0,0.0,147.35,0.9999253857184062,1.0,1220.5151418200019,1000.0,1220.5151418200019,1000.0,0.0,0.0
6421,1665275880000.0,0.0,0.0,0.0,139.84,0.0,0.0,146.65,0.9999253857184062,1.0,1220.5151418200019,1000.0,1220.5151418200019,1000.0,0.0,0.0
6422,1665279480000.0,0.0,0.0,0.0,139.84,0.0,0.0,147.25,0.9999253857184062,1.0,1220.5151418200019,1000.0,1220.5151418200019,1000.0,0.0,0.0
6423,1665283080000.0,0.0,0.0,0.0,139.84,0.0,0.0,147.75,0.9999253857184062,1.0,1220.5151418200019,1000.0,1220.5151418200019,1000.0,0.0,0.0
6424,1665286680000.0,0.0,0.0,0.0,139.84,0.0,0.0,147.5,0.9999253857184062,1.0,1220.5151418200019,1000.0,1220.5151418200019,1000.0,0.0,0.0
6425,1665290280000.0,0.0,0.0,0.0,139.84,0.0,0.0,147.25,0.9999253857184062,1.0,1220.5151418200019,1000.0,1220.5151418200019,1000.0,0.0,0.0
6426,1665293880000.0,0.0,0.0,0.0,139.84,0.0,0.0,147.35,0.9999253857184062,1.0,1220.5151418200019,1000.0,1220.5151418200019,1000.0,0.0,0.0
6427,1665297480000.0,0.0,0.0,0.0,139.84,0.0,0.0,147.8,0.9999253857184062,1.0,1220.5151418200019,1000.0,1220.5151418200019,1000.0,0.0,0.0
6428,1665301080000.0,0.0,0.0,0.0,139.84,0.0,0.0,147.85,0.9999253857184062,1.0,1220.5151418200019,1000.0,1220.5151418200019,1000.0,0.0,0.0
6429,1665304680000.0,0.0,0.0,0.0,139.84,0.0,0.0,148.0,0.9999253857184062,1.0,1220.5151418200019,1000.0,1220.5151418200019,1000.0,0.0,0.0
6430,1665308280000.0,0.0,0.0,0.0,139.84,0.0,0.0,148.25,0.9999253857184062,1.0,1220.5151418200019,1000.0,1220.5151418200019,1000.0,0.0,0.0
6431,1665311880000.0,0.0,0.0,0.0,139.84,0.0,0.0,148.35,0.9999253857184062,1.0,1220.5151418200019,1000.0,1220.5151418200019,1000.0,0.0,0.0
6432,1665315480000.0,0.0,0.0,0.0,139.84,0.0,0.0,148.35,0.9999253857184062,1.0,1220.5151418200019,1000.0,1220.5151418200019,1000.0,0.0,0.0
6433,1665319080000.0,0.0,0.0,0.0,139.84,0.0,0.0,148.9,0.9999253857184062,1.0,1220.5151418200019,1000.0,1220.5151418200019,1000.0,0.0,0.0
6434,1665322680000.0,0.0,0.0,0.0,139.84,0.0,0.0,148.15,0.9999253857184062,1.0,1220.5151418200019,1000.0,1220.5151418200019,1000.0,0.0,0.0
6435,1665326280000.0,0.0,0.0,0.0,139.84,0.0,0.0,147.2,0.9999253857184062,1.0,1220.5151418200019,1000.0,1220.5151418200019,1000.0,0.0,0.0
6436,1665329880000.0,0.0,0.0,0.0,139.84,0.0,0.0,147.25,0.9999253857184062,1.0,1220.5151418200019,1000.0,1220.5151418200019,1000.0,0.0,0.0
6437,1665333480000.0,0.0,0.0,0.0,139.84,0.0,0.0,147.05,0.9999253857184062,1.0,1220.5151418200019,1000.0,1220.5151418200019,1000.0,0.0,0.0
6438,1665337080000.0,0.0,0.0,0.0,139.84,0.0,0.0,147.2,0.9999253857184062,1.0,1220.5151418200019,1000.0,1220.5151418200019,1000.0,0.0,0.0
6439,1665340680000.0,0.0,0.0,0.0,139.84,0.0,0.0,146.95,0.9999253857184062,1.0,1220.5151418200019,1000.0,1220.5151418200019,1000.0,0.0,0.0
6440,1665344280000.0,0.0,0.0,0.0,139.84,0.0,0.0,146.6,0.9999253857184062,1.0,1220.5151418200019,1000.0,1220.5151418200019,1000.0,0.0,0.0
6441,1665347880000.0,0.0,0.0,0.0,139.84,0.0,0.0,146.55,0.9999253857184062,1.0,1220.5151418200019,1000.0,1220.5151418200019,1000.0,0.0,0.0
6442,1665351480000.0,0.0,0.0,0.0,139.84,0.0,0.0,146.5,0.9999253857184062,1.0,1220.5151418200019,1000.0,1220.5151418200019,1000.0,0.0,0.0
6443,1665355080000.0,0.0,0.0,0.0,139.84,0.0,0.0,145.55,0.9999253857184062,1.0,1220.5151418200019,1000.0,1220.5151418200019,1000.0,0.0,0.0
6444,1665358680000.0,0.0,0.0,0.0,139.84,0.0,0.0,145.45,0.9999253857184062,1.0,1220.5151418200019,1000.0,1220.5151418200019,1000.0,0.0,0.0
6445,1665362280000.0,0.0,0.0,0.0,139.84,0.0,0.0,145.05,0.9999253857184062,1.0,1220.5151418200019,1000.0,1220.5151418200019,1000.0,0.0,0.0
6446,1665365880000.0,0.0,0.0,0.0,139.84,0.0,0.0,146.0,0.9999253857184062,1.0,1220.5151418200019,1000.0,1220.5151418200019,1000.0,0.0,0.0
6447,1665369480000.0,0.0,0.0,0.0,139.84,0.0,0.0,146.25,0.9999253857184062,1.0,1220.5151418200019,1000.0,1220.5151418200019,1000.0,0.0,0.0
6448,1665373080000.0,0.0,0.0,0.0,139.84,0.0,0.0,145.15,0.9999253857184062,1.0,1220.5151418200019,1000.0,1220.5151418200019,1000.0,0.0,0.0
6449,1665376680000.0,0.0,0.0,0.0,139.84,0.0,0.0,145.3,0.9999253857184062,1.0,1220.5151418200019,1000.0,1220.5151418200019,1000.0,0.0,0.0
6450,1665380280000.0,0.0,0.0,0.0,139.84,0.0,0.0,145.6,0.9999253857184062,1.0,1220.5151418200019,1000.0,1220.5151418200019,1000.0,0.0,0.0
6451,1665383880000.0,0.0,0.0,0.0,139.84,0.0,0.0,145.85,0.9999253857184062,1.0,1220.5151418200019,1000.0,1220.5151418200019,1000.0,0.0,0.0
6452,1665387480000.0,0.0,0.0,0.0,139.84,0.0,0.0,146.75,0.9999253857184062,1.0,1220.5151418200019,1000.0,1220.5151418200019,1000.0,0.0,0.0
6453,1665391080000.0,0.0,0.0,0.0,139.84,0.0,0.0,146.0,0.9999253857184062,1.0,1220.5151418200019,1000.0,1220.5151418200019,1000.0,0.0,0.0
6454,1665394680000.0,0.0,0.0,0.0,139.84,0.0,0.0,146.65,0.9999253857184062,1.0,1220.5151418200019,1000.0,1220.5151418200019,1000.0,0.0,0.0
6455,1665398280000.0,0.0,0.0,0.0,139.84,0.0,0.0,146.5,0.9999253857184062,1.0,1220.5151418200019,1000.0,1220.5151418200019,1000.0,0.0,0.0
6456,1665401880000.0,0.0,0.0,0.0,139.84,0.0,0.0,147.35,0.9999253857184062,1.0,1220.5151418200019,1000.0,1220.5151418200019,1000.0,0.0,0.0
6457,1665405480000.0,0.0,0.0,0.0,139.84,0.0,0.0,146.7,0.9999253857184062,1.0,1220.5151418200019,1000.0,1220.5151418200019,1000.0,0.0,0.0
6458,1665409080000.0,0.0,0.0,0.0,139.84,0.0,0.0,145.95,0.9999253857184062,1.0,1220.5151418200019,1000.0,1220.5151418200019,1000.0,0.0,0.0
6459,1665412680000.0,0.0,0.0,0.0,139.84,0.0,0.0,144.45,0.9999253857184062,1.0,1220.5151418200019,1000.0,1220.5151418200019,1000.0,0.0,0.0
6460,1665416280000.0,0.0,0.0,0.0,139.84,0.0,0.0,144.3,0.9999253857184062,1.0,1220.5151418200019,1000.0,1220.5151418200019,1000.0,0.0,0.0
6461,1665419880000.0,0.0,0.0,0.0,139.84,0.0,0.0,144.55,0.9999253857184062,1.0,1220.5151418200019,1000.0,1220.5151418200019,1000.0,0.0,0.0
6462,1665423480000.0,0.0,0.0,0.0,139.84,0.0,0.0,144.5,0.9999253857184062,1.0,1220.5151418200019,1000.0,1220.5151418200019,1000.0,0.0,0.0
6463,1665427080000.0,0.0,0.0,0.0,139.84,0.0,0.0,145.55,0.9999253857184062,1.0,1220.5151418200019,1000.0,1220.5151418200019,1000.0,0.0,0.0
6464,1665430680000.0,0.0,0.0,0.0,139.84,0.0,0.0,145.75,0.9999253857184062,1.0,1220.5151418200019,1000.0,1220.5151418200019,1000.0,0.0,0.0
6465,1665434280000.0,0.0,0.0,0.0,139.84,0.0,0.0,145.75,0.9999253857184062,1.0,1220.5151418200019,1000.0,1220.5151418200019,1000.0,0.0,0.0
6466,1665437880000.0,0.0,0.0,0.0,139.84,0.0,0.0,145.15,0.9999253857184062,1.0,1220.5151418200019,1000.0,1220.5151418200019,1000.0,0.0,0.0
6467,1665441480000.0,0.0,0.0,0.0,139.84,0.0,0.0,142.45,0.9999253857184062,1.0,1220.5151418200019,1000.0,1220.5151418200019,1000.0,0.0,0.0
6468,1665445080000.0,0.0,0.0,0.0,139.84,0.0,0.0,142.8,0.9999253857184062,1.0,1220.5151418200019,1000.0,1220.5151418200019,1000.0,0.0,0.0
6469,1665448680000.0,0.0,0.0,0.35,140.5,0.0,0.0,140.85,0.9999253857184062,1.0,1220.5053068200018,1000.0,1220.6278068200018,1000.0,0.04029068921308037,0.0
6470,1665452280000.0,0.0,0.0,0.35,140.5,0.0,0.0,140.45,0.9999253857184062,1.0,1220.5053068200018,1000.0,1220.4878068200019,1000.0,0.04029068921308037,0.0
6471,1665455880000.0,0.0,0.0,0.35,140.5,0.0,0.0,141.4,0.9999253857184062,1.0,1220.5053068200018,1000.0,1220.8203068200019,1000.0,0.04029068921308037,0.0
6472,1665459480000.0,0.0,0.0,0.35,140.5,0.0,0.0,142.1,0.9999253857184062,1.0,1220.5053068200018,1000.0,1221.0653068200018,1000.0,0.04029068921308037,0.0
6473,1665463080000.0,0.0,0.0,0.35,140.5,0.0,0.0,142.0,0.9999253857184062,1.0,1220.5053068200018,1000.0,1221.030306820002,1000.0,0.04029068921308037,0.0
6474,1665466680000.0,0.0,0.0,0.35,140.5,0.0,0.0,142.5,0.9999253857184062,1.0,1220.5053068200018,1000.0,1221.2053068200019,1000.0,0.04029068921308037,0.0
6475,1665470280000.0,0.0,0.0,0.35,140.5,0.0,0.0,142.9,0.9999253857184062,1.0,1220.5053068200018,1000.0,1221.3453068200017,1000.0,0.04029068921308037,0.0
6476,1665473880000.0,0.0,0.0,0.35,140.5,0.0,0.0,142.5,0.9999253857184062,1.0,1220.5053068200018,1000.0,1221.2053068200019,1000.0,0.04029068921308037,0.0
6477,1665477480000.0,0.0,0.0,0.35,140.5,0.0,0.0,142.75,0.9999253857184062,1.0,1220.5053068200018,1000.0,1221.2928068200017,1000.0,0.04029068921308037,0.0
6478,1665481080000.0,0.0,0.0,0.35,140.5,0.0,0.0,143.05,0.9999253857184062,1.0,1220.5053068200018,1000.0,1221.3978068200017,1000.0,0.04029068921308037,0.0
6479,1665484680000.0,0.0,0.0,0.35,140.5,0.0,0.0,142.45,0.9999253857184062,1.0,1220.5053068200018,1000.0,1221.1878068200017,1000.0,0.04029068921308037,0.0
6480,1665488280000.0,0.0,0.0,0.35,140.5,0.0,0.0,142.5,0.9999253857184062,1.0,1220.5053068200018,1000.0,1221.2053068200019,1000.0,0.04029068921308037,0.0
6481,1665491880000.0,0.0,0.0,0.35,140.5,0.0,0.0,143.5,0.9999253857184062,1.0,1220.5053068200018,1000.0,1221.5553068200018,1000.0,0.04029068921308037,0.0
6482,1665495480000.0,0.0,0.0,0.35,140.5,0.0,0.0,142.7,0.9999253857184062,1.0,1220.5053068200018,1000.0,1221.2753068200018,1000.0,0.04029068921308037,0.0
6483,1665499080000.0,0.0,0.0,0.35,140.5,0.0,0.0,142.8,0.9999253857184062,1.0,1220.5053068200018,1000.0,1221.3103068200019,1000.0,0.04029068921308037,0.0
6484,1665502680000.0,0.0,0.0,0.35,140.5,0.0,0.0,144.0,0.9999253857184062,1.0,1220.5053068200018,1000.0,1221.7303068200017,1000.0,0.04029068921308037,0.0
6485,1665506280000.0,0.0,0.0,0.35,140.5,0.0,0.0,144.45,0.9999253857184062,1.0,1220.5053068200018,1000.0,1221.8878068200017,1000.0,0.04029068921308037,0.0
6486,1665509880000.0,0.0,0.0,0.11,140.5,0.0,0.0,144.55,0.9999253857184062,1.0,1221.5111602600018,1000.0,1221.9566602600019,1000.0,0.012652360864808115,0.0
6487,1665513480000.0,0.0,0.0,0.08,140.5,0.0,0.0,144.2,0.9999253857184062,1.0,1221.6368919400018,1000.0,1221.9328919400018,1000.0,0.009200769945765547,0.0
6488,1665517080000.0,0.0,0.0,0.08,140.5,0.0,0.0,142.9,0.9999253857184062,1.0,1221.6368919400018,1000.0,1221.8288919400018,1000.0,0.009200769945765547,0.0
6489,1665520680000.0,0.0,0.0,0.08,140.5,0.0,0.0,144.25,0.9999253857184062,1.0,1221.6368919400018,1000.0,1221.9368919400017,1000.0,0.009200769945765547,0.0
6490,1665524280000.0,0.0,0.0,0.08,140.5,0.0,0.0,143.9,0.9999253857184062,1.0,1221.6368919400018,1000.0,1221.9088919400017,1000.0,0.009200769945765547,0.0
6491,1665527880000.0,0.0,0.0,0.03,140.5,0.0,0.0,144.55,0.9999253857184062,1.0,1221.846444740002,1000.0,1221.967944740002,1000.0,0.003449696987821505,0.0
6492,1665531480000.0,0.0,0.0,0.0,140.5,0.0,0.0,144.2,0.9999253857184062,1.0,1221.9721764200024,1000.0,1221.9721764200024,1000.0,0.0,0.0
6493,1665535080000.0,0.0,0.0,0.0,140.5,0.0,0.0,144.85,0.9999253857184062,1.0,1221.9721764200024,1000.0,1221.9721764200024,1000.0,0.0,0.0
6494,1665538680000.0,0.0,0.0,0.0,140.5,0.0,0.0,144.75,0.9999253857184062,1.0,1221.9721764200024,1000.0,1221.9721764200024,1000.0,0.0,0.0
6495,1665542280000.0,0.0,0.0,0.0,140.5,0.0,0.0,144.9,0.9999253857184062,1.0,1221.9721764200024,1000.0,1221.9721764200024,1000.0,0.0,0.0
6496,1665545880000.0,0.0,0.0,0.0,140.5,0.0,0.0,145.85,0.9999253857184062,1.0,1221.9721764200024,1000.0,1221.9721764200024,1000.0,0.0,0.0
6497,1665549480000.0,0.0,0.0,0.0,140.5,0.0,0.0,145.8,0.9999253857184062,1.0,1221.9721764200024,1000.0,1221.9721764200024,1000.0,0.0,0.0
6498,1665553080000.0,0.0,0.0,0.0,140.5,0.0,0.0,145.65,0.9999253857184062,1.0,1221.9721764200024,1000.0,1221.9721764200024,1000.0,0.0,0.0
6499,1665556680000.0,0.0,0.0,0.0,140.5,0.0,0.0,145.8,0.9999253857184062,1.0,1221.9721764200024,1000.0,1221.9721764200024,1000.0,0.0,0.0
6500,1665560280000.0,0.0,0.0,0.0,140.5,0.0,0.0,145.45,0.9999253857184062,1.0,1221.9721764200024,1000.0,1221.9721764200024,1000.0,0.0,0.0
6501,1665563880000.0,0.0,0.0,0.0,140.5,0.0,0.0,146.6,0.9999253857184062,1.0,1221.9721764200024,1000.0,1221.9721764200024,1000.0,0.0,0.0
6502,1665567480000.0,0.0,0.0,0.0,140.5,0.0,0.0,146.6,0.9999253857184062,1.0,1221.9721764200024,1000.0,1221.9721764200024,1000.0,0.0,0.0
6503,1665571080000.0,0.0,0.0,0.0,140.5,0.0,0.0,145.55,0.9999253857184062,1.0,1221.9721764200024,1000.0,1221.9721764200024,1000.0,0.0,0.0
6504,1665574680000.0,0.0,0.0,0.0,140.5,0.0,0.0,144.85,0.9999253857184062,1.0,1221.9721764200024,1000.0,1221.9721764200024,1000.0,0.0,0.0
6505,1665578280000.0,0.0,0.0,0.0,140.5,0.0,0.0,143.5,0.9999253857184062,1.0,1221.9721764200024,1000.0,1221.9721764200024,1000.0,0.0,0.0
6506,1665581880000.0,0.0,0.0,0.0,140.5,0.0,0.0,143.7,0.9999253857184062,1.0,1221.9721764200024,1000.0,1221.9721764200024,1000.0,0.0,0.0
6507,1665585480000.0,0.0,0.0,0.0,140.5,0.0,0.0,143.6,0.9999253857184062,1.0,1221.9721764200024,1000.0,1221.9721764200024,1000.0,0.0,0.0
6508,1665589080000.0,0.0,0.0,0.0,140.5,0.0,0.0,143.2,0.9999253857184062,1.0,1221.9721764200024,1000.0,1221.9721764200024,1000.0,0.0,0.0
6509,1665592680000.0,0.0,0.0,0.0,140.5,0.0,0.0,143.0,0.9999253857184062,1.0,1221.9721764200024,1000.0,1221.9721764200024,1000.0,0.0,0.0
6510,1665596280000.0,0.0,0.0,0.0,140.5,0.0,0.0,142.95,0.9999253857184062,1.0,1221.9721764200024,1000.0,1221.9721764200024,1000.0,0.0,0.0
6511,1665599880000.0,0.0,0.0,0.0,140.5,0.0,0.0,143.15,0.9999253857184062,1.0,1221.9721764200024,1000.0,1221.9721764200024,1000.0,0.0,0.0
6512,1665603480000.0,0.0,0.0,0.0,140.5,0.0,0.0,143.55,0.9999253857184062,1.0,1221.9721764200024,1000.0,1221.9721764200024,1000.0,0.0,0.0
6513,1665607080000.0,0.0,0.0,0.0,140.5,0.0,0.0,143.8,0.9999253857184062,1.0,1221.9721764200024,1000.0,1221.9721764200024,1000.0,0.0,0.0
6514,1665610680000.0,0.0,0.0,0.0,140.5,0.0,0.0,144.25,0.9999253857184062,1.0,1221.9721764200024,1000.0,1221.9721764200024,1000.0,0.0,0.0
6515,1665614280000.0,0.0,0.0,0.0,140.5,0.0,0.0,145.3,0.9999253857184062,1.0,1221.9721764200024,1000.0,1221.9721764200024,1000.0,0.0,0.0
6516,1665617880000.0,0.0,0.0,0.0,140.5,0.0,0.0,144.85,0.9999253857184062,1.0,1221.9721764200024,1000.0,1221.9721764200024,1000.0,0.0,0.0
6517,1665621480000.0,0.0,0.0,0.0,140.5,0.0,0.0,145.05,0.9999253857184062,1.0,1221.9721764200024,1000.0,1221.9721764200024,1000.0,0.0,0.0
6518,1665625080000.0,0.0,0.0,0.0,140.5,0.0,0.0,143.8,0.9999253857184062,1.0,1221.9721764200024,1000.0,1221.9721764200024,1000.0,0.0,0.0
6519,1665628680000.0,0.0,0.0,0.0,140.5,0.0,0.0,141.7,0.9999253857184062,1.0,1221.9721764200024,1000.0,1221.9721764200024,1000.0,0.0,0.0
6520,1665632280000.0,0.0,0.0,0.0,140.5,0.0,0.0,142.55,0.9999253857184062,1.0,1221.9721764200024,1000.0,1221.9721764200024,1000.0,0.0,0.0
6521,1665635880000.0,0.0,0.0,0.0,140.5,0.0,0.0,143.25,0.9999253857184062,1.0,1221.9721764200024,1000.0,1221.9721764200024,1000.0,0.0,0.0
6522,1665639480000.0,0.0,0.0,0.0,140.5,0.0,0.0,142.95,0.9999253857184062,1.0,1221.9721764200024,1000.0,1221.9721764200024,1000.0,0.0,0.0
6523,1665643080000.0,0.0,0.0,0.0,140.5,0.0,0.0,141.6,0.9999253857184062,1.0,1221.9721764200024,1000.0,1221.9721764200024,1000.0,0.0,0.0
6524,1665646680000.0,0.0,0.0,0.0,140.5,0.0,0.0,139.4,0.9999253857184062,1.0,1221.9721764200024,1000.0,1221.9721764200024,1000.0,0.0,0.0
6525,1665650280000.0,0.0,0.0,0.35,138.57,0.0,0.0,139.65,0.9999253857184062,1.0,1221.9624765200024,1000.0,1222.3404765200023,1000.0,0.03968984394522536,0.0
6526,1665653880000.0,0.0,0.0,0.35,138.57,0.0,0.0,138.7,0.9999253857184062,1.0,1221.9624765200024,1000.0,1222.0079765200023,1000.0,0.03968984394522536,0.0
6527,1665657480000.0,0.0,0.0,0.35,138.57,0.0,0.0,135.8,0.9999253857184062,1.0,1221.9624765200024,1000.0,1220.9929765200025,1000.0,0.03968984394522536,0.0
6528,1665661080000.0,0.0,0.0,0.35,138.57,0.0,0.0,137.65,0.9999253857184062,1.0,1221.9624765200024,1000.0,1221.6404765200025,1000.0,0.03968984394522536,0.0
6529,1665664680000.0,0.0,0.0,0.35,138.57,0.0,0.0,135.5,0.9999253857184062,1.0,1221.9624765200024,1000.0,1220.8879765200024,1000.0,0.03968984394522536,0.0
6530,1665668280000.0,0.0,0.0,0.35,138.57,0.0,0.0,136.15,0.9999253857184062,1.0,1221.9624765200024,1000.0,1221.1154765200024,1000.0,0.03968984394522536,0.0
6531,1665671880000.0,0.0,0.0,0.35,138.57,0.0,0.0,137.8,0.9999253857184062,1.0,1221.9624765200024,1000.0,1221.6929765200025,1000.0,0.03968984394522536,0.0
6532,1665675480000.0,0.0,0.0,0.35,138.57,0.0,0.0,140.25,0.9999253857184062,1.0,1221.9624765200024,1000.0,1222.5504765200023,1000.0,0.03968984394522536,0.0
6533,1665679080000.0,0.0,0.0,0.35,138.57,0.0,0.0,141.4,0.9999253857184062,1.0,1221.9624765200024,1000.0,1222.9529765200025,1000.0,0.03968984394522536,0.0
6534,1665682680000.0,0.0,0.0,0.11,138.57,0.0,0.0,144.05,0.9999253857184062,1.0,1222.9540254800024,1000.0,1223.5568254800023,1000.0,0.012463837300848105,0.0
6535,1665686280000.0,0.0,0.0,0.04,138.57,0.0,0.0,141.9,0.9999253857184062,1.0,1223.2432272600026,1000.0,1223.3764272600026,1000.0,0.004531232935918694,0.0
6536,1665689880000.0,0.0,0.0,0.02,138.57,0.0,0.0,143.05,0.9999253857184062,1.0,1223.3258563400027,1000.0,1223.4154563400027,1000.0,0.0022654634377561426,0.0
6537,1665693480000.0,0.0,0.0,0.02,138.57,0.0,0.0,143.55,0.9999253857184062,1.0,1223.3258563400027,1000.0,1223.4254563400027,1000.0,0.0022654634377561426,0.0
6538,1665697080000.0,0.0,0.0,0.02,138.57,0.0,0.0,142.85,0.9999253857184062,1.0,1223.3258563400027,1000.0,1223.4114563400028,1000.0,0.0022654634377561426,0.0
6539,1665700680000.0,0.0,0.0,0.02,138.57,0.0,0.0,143.35,0.9999253857184062,1.0,1223.3258563400027,1000.0,1223.4214563400028,1000.0,0.0022654634377561426,0.0
6540,1665704280000.0,0.0,0.0,0.0,138.57,0.0,0.0,142.6,0.9999253857184062,1.0,1223.4084854200028,1000.0,1223.4084854200028,1000.0,0.0,0.0
6541,1665707880000.0,0.0,0.0,0.0,138.57,0.0,0.0,142.35,0.9999253857184062,1.0,1223.4084854200028,1000.0,1223.4084854200028,1000.0,0.0,0.0
6542,1665711480000.0,0.0,0.0,0.0,138.57,0.0,0.0,144.9,0.9999253857184062,1.0,1223.4084854200028,1000.0,1223.4084854200028,1000.0,0.0,0.0
6543,1665715080000.0,0.0,0.0,0.0,138.57,0.0,0.0,145.2,0.9999253857184062,1.0,1223.4084854200028,1000.0,1223.4084854200028,1000.0,0.0,0.0
6544,1665718680000.0,0.0,0.0,0.0,138.57,0.0,0.0,144.65,0.9999253857184062,1.0,1223.4084854200028,1000.0,1223.4084854200028,1000.0,0.0,0.0
6545,1665722280000.0,0.0,0.0,0.0,138.57,0.0,0.0,144.2,0.9999253857184062,1.0,1223.4084854200028,1000.0,1223.4084854200028,1000.0,0.0,0.0
6546,1665725880000.0,0.0,0.0,0.0,138.57,0.0,0.0,144.0,0.9999253857184062,1.0,1223.4084854200028,1000.0,1223.4084854200028,1000.0,0.0,0.0
6547,1665729480000.0,0.0,0.0,0.0,138.57,0.0,0.0,143.75,0.9999253857184062,1.0,1223.4084854200028,1000.0,1223.4084854200028,1000.0,0.0,0.0
6548,1665733080000.0,0.0,0.0,0.0,138.57,0.0,0.0,143.3,0.9999253857184062,1.0,1223.4084854200028,1000.0,1223.4084854200028,1000.0,0.0,0.0
6549,1665736680000.0,0.0,0.0,0.0,138.57,0.0,0.0,143.1,0.9999253857184062,1.0,1223.4084854200028,1000.0,1223.4084854200028,1000.0,0.0,0.0
6550,1665740280000.0,0.0,0.0,0.0,138.57,0.0,0.0,143.1,0.9999253857184062,1.0,1223.4084854200028,1000.0,1223.4084854200028,1000.0,0.0,0.0
6551,1665743880000.0,0.0,0.0,0.0,138.57,0.0,0.0,143.9,0.9999253857184062,1.0,1223.4084854200028,1000.0,1223.4084854200028,1000.0,0.0,0.0
6552,1665747480000.0,0.0,0.0,0.0,138.57,0.0,0.0,144.2,0.9999253857184062,1.0,1223.4084854200028,1000.0,1223.4084854200028,1000.0,0.0,0.0
6553,1665751080000.0,0.0,0.0,0.0,138.57,0.0,0.0,144.2,0.9999253857184062,1.0,1223.4084854200028,1000.0,1223.4084854200028,1000.0,0.0,0.0
6554,1665754680000.0,0.0,0.0,0.0,138.57,0.0,0.0,144.45,0.9999253857184062,1.0,1223.4084854200028,1000.0,1223.4084854200028,1000.0,0.0,0.0
6555,1665758280000.0,0.0,0.0,0.0,138.57,0.0,0.0,142.9,0.9999253857184062,1.0,1223.4084854200028,1000.0,1223.4084854200028,1000.0,0.0,0.0
6556,1665761880000.0,0.0,0.0,0.0,138.57,0.0,0.0,141.4,0.9999253857184062,1.0,1223.4084854200028,1000.0,1223.4084854200028,1000.0,0.0,0.0
6557,1665765480000.0,0.0,0.0,0.0,138.57,0.0,0.0,141.5,0.9999253857184062,1.0,1223.4084854200028,1000.0,1223.4084854200028,1000.0,0.0,0.0
6558,1665769080000.0,0.0,0.0,0.0,138.57,0.0,0.0,141.0,0.9999253857184062,1.0,1223.4084854200028,1000.0,1223.4084854200028,1000.0,0.0,0.0
6559,1665772680000.0,0.0,0.0,0.0,138.57,0.0,0.0,140.1,0.9999253857184062,1.0,1223.4084854200028,1000.0,1223.4084854200028,1000.0,0.0,0.0
6560,1665776280000.0,0.0,0.0,0.0,138.57,0.0,0.0,140.55,0.9999253857184062,1.0,1223.4084854200028,1000.0,1223.4084854200028,1000.0,0.0,0.0
6561,1665779880000.0,0.0,0.0,0.0,138.57,0.0,0.0,140.7,0.9999253857184062,1.0,1223.4084854200028,1000.0,1223.4084854200028,1000.0,0.0,0.0
6562,1665783480000.0,0.0,0.0,0.0,138.57,0.0,0.0,140.5,0.9999253857184062,1.0,1223.4084854200028,1000.0,1223.4084854200028,1000.0,0.0,0.0
6563,1665787080000.0,0.0,0.0,0.0,138.57,0.0,0.0,140.45,0.9999253857184062,1.0,1223.4084854200028,1000.0,1223.4084854200028,1000.0,0.0,0.0
6564,1665790680000.0,0.0,0.0,0.0,138.57,0.0,0.0,140.2,0.9999253857184062,1.0,1223.4084854200028,1000.0,1223.4084854200028,1000.0,0.0,0.0
6565,1665794280000.0,0.0,0.0,0.0,138.57,0.0,0.0,140.8,0.9999253857184062,1.0,1223.4084854200028,1000.0,1223.4084854200028,1000.0,0.0,0.0
6566,1665797880000.0,0.0,0.0,0.0,138.57,0.0,0.0,141.5,0.9999253857184062,1.0,1223.4084854200028,1000.0,1223.4084854200028,1000.0,0.0,0.0
6567,1665801480000.0,0.0,0.0,0.0,138.57,0.0,0.0,139.95,0.9999253857184062,1.0,1223.4084854200028,1000.0,1223.4084854200028,1000.0,0.0,0.0
6568,1665805080000.0,0.0,0.0,0.0,138.57,0.0,0.0,140.25,0.9999253857184062,1.0,1223.4084854200028,1000.0,1223.4084854200028,1000.0,0.0,0.0
6569,1665808680000.0,0.0,0.0,0.0,138.57,0.0,0.0,140.0,0.9999253857184062,1.0,1223.4084854200028,1000.0,1223.4084854200028,1000.0,0.0,0.0
6570,1665812280000.0,0.0,0.0,0.0,138.57,0.0,0.0,140.15,0.9999253857184062,1.0,1223.4084854200028,1000.0,1223.4084854200028,1000.0,0.0,0.0
6571,1665815880000.0,0.0,0.0,0.0,138.57,0.0,0.0,140.1,0.9999253857184062,1.0,1223.4084854200028,1000.0,1223.4084854200028,1000.0,0.0,0.0
6572,1665819480000.0,0.0,0.0,0.0,138.57,0.0,0.0,140.1,0.9999253857184062,1.0,1223.4084854200028,1000.0,1223.4084854200028,1000.0,0.0,0.0
6573,1665823080000.0,0.0,0.0,0.0,138.57,0.0,0.0,139.55,0.9999253857184062,1.0,1223.4084854200028,1000.0,1223.4084854200028,1000.0,0.0,0.0
6574,1665826680000.0,0.0,0.0,0.0,138.57,0.0,0.0,139.7,0.9999253857184062,1.0,1223.4084854200028,1000.0,1223.4084854200028,1000.0,0.0,0.0
6575,1665830280000.0,0.0,0.0,0.0,138.57,0.0,0.0,140.3,0.9999253857184062,1.0,1223.4084854200028,1000.0,1223.4084854200028,1000.0,0.0,0.0
6576,1665833880000.0,0.0,0.0,0.0,138.57,0.0,0.0,140.2,0.9999253857184062,1.0,1223.4084854200028,1000.0,1223.4084854200028,1000.0,0.0,0.0
6577,1665837480000.0,0.0,0.0,0.0,138.57,0.0,0.0,141.1,0.9999253857184062,1.0,1223.4084854200028,1000.0,1223.4084854200028,1000.0,0.0,0.0
6578,1665841080000.0,0.0,0.0,0.0,138.57,0.0,0.0,140.55,0.9999253857184062,1.0,1223.4084854200028,1000.0,1223.4084854200028,1000.0,0.0,0.0
6579,1665844680000.0,0.0,0.0,0.0,138.57,0.0,0.0,140.95,0.9999253857184062,1.0,1223.4084854200028,1000.0,1223.4084854200028,1000.0,0.0,0.0
6580,1665848280000.0,0.0,0.0,0.0,138.57,0.0,0.0,140.8,0.9999253857184062,1.0,1223.4084854200028,1000.0,1223.4084854200028,1000.0,0.0,0.0
6581,1665851880000.0,0.0,0.0,0.0,138.57,0.0,0.0,140.95,0.9999253857184062,1.0,1223.4084854200028,1000.0,1223.4084854200028,1000.0,0.0,0.0
6582,1665855480000.0,0.0,0.0,0.0,138.57,0.0,0.0,140.0,0.9999253857184062,1.0,1223.4084854200028,1000.0,1223.4084854200028,1000.0,0.0,0.0
6583,1665859080000.0,0.0,0.0,0.0,138.57,0.0,0.0,140.9,0.9999253857184062,1.0,1223.4084854200028,1000.0,1223.4084854200028,1000.0,0.0,0.0
6584,1665862680000.0,0.0,0.0,0.0,138.57,0.0,0.0,140.3,0.9999253857184062,1.0,1223.4084854200028,1000.0,1223.4084854200028,1000.0,0.0,0.0
6585,1665866280000.0,0.0,0.0,0.0,138.57,0.0,0.0,139.8,0.9999253857184062,1.0,1223.4084854200028,1000.0,1223.4084854200028,1000.0,0.0,0.0
6586,1665869880000.0,0.0,0.0,0.0,138.57,0.0,0.0,139.55,0.9999253857184062,1.0,1223.4084854200028,1000.0,1223.4084854200028,1000.0,0.0,0.0
6587,1665873480000.0,0.0,0.0,0.0,138.57,0.0,0.0,140.15,0.9999253857184062,1.0,1223.4084854200028,1000.0,1223.4084854200028,1000.0,0.0,0.0
6588,1665877080000.0,0.0,0.0,0.0,138.57,0.0,0.0,139.9,0.9999253857184062,1.0,1223.4084854200028,1000.0,1223.4084854200028,1000.0,0.0,0.0
6589,1665880680000.0,0.0,0.0,0.0,138.57,0.0,0.0,139.7,0.9999253857184062,1.0,1223.4084854200028,1000.0,1223.4084854200028,1000.0,0.0,0.0
6590,1665884280000.0,0.0,0.0,0.0,138.57,0.0,0.0,140.35,0.9999253857184062,1.0,1223.4084854200028,1000.0,1223.4084854200028,1000.0,0.0,0.0
6591,1665887880000.0,0.0,0.0,0.0,138.57,0.0,0.0,140.45,0.9999253857184062,1.0,1223.4084854200028,1000.0,1223.4084854200028,1000.0,0.0,0.0
6592,1665891480000.0,0.0,0.0,0.0,138.57,0.0,0.0,140.65,0.9999253857184062,1.0,1223.4084854200028,1000.0,1223.4084854200028,1000.0,0.0,0.0
6593,1665895080000.0,0.0,0.0,0.0,138.57,0.0,0.0,141.15,0.9999253857184062,1.0,1223.4084854200028,1000.0,1223.4084854200028,1000.0,0.0,0.0
6594,1665898680000.0,0.0,0.0,0.0,138.57,0.0,0.0,140.95,0.9999253857184062,1.0,1223.4084854200028,1000.0,1223.4084854200028,1000.0,0.0,0.0
6595,1665902280000.0,0.0,0.0,0.0,138.57,0.0,0.0,141.0,0.9999253857184062,1.0,1223.4084854200028,1000.0,1223.4084854200028,1000.0,0.0,0.0
6596,1665905880000.0,0.0,0.0,0.0,138.57,0.0,0.0,141.3,0.9999253857184062,1.0,1223.4084854200028,1000.0,1223.4084854200028,1000.0,0.0,0.0
6597,1665909480000.0,0.0,0.0,0.0,138.57,0.0,0.0,141.95,0.9999253857184062,1.0,1223.4084854200028,1000.0,1223.4084854200028,1000.0,0.0,0.0
6598,1665913080000.0,0.0,0.0,0.0,138.57,0.0,0.0,141.3,0.9999253857184062,1.0,1223.4084854200028,1000.0,1223.4084854200028,1000.0,0.0,0.0
6599,1665916680000.0,0.0,0.0,0.0,138.57,0.0,0.0,141.55,0.9999253857184062,1.0,1223.4084854200028,1000.0,1223.4084854200028,1000.0,0.0,0.0
6600,1665920280000.0,0.0,0.0,0.0,138.57,0.0,0.0,141.9,0.9999253857184062,1.0,1223.4084854200028,1000.0,1223.4084854200028,1000.0,0.0,0.0
6601,1665923880000.0,0.0,0.0,0.0,138.57,0.0,0.0,141.5,0.9999253857184062,1.0,1223.4084854200028,1000.0,1223.4084854200028,1000.0,0.0,0.0
6602,1665927480000.0,0.0,0.0,0.0,138.57,0.0,0.0,141.4,0.9999253857184062,1.0,1223.4084854200028,1000.0,1223.4084854200028,1000.0,0.0,0.0
6603,1665931080000.0,0.0,0.0,0.0,138.57,0.0,0.0,141.55,0.9999253857184062,1.0,1223.4084854200028,1000.0,1223.4084854200028,1000.0,0.0,0.0
6604,1665934680000.0,0.0,0.0,0.0,138.57,0.0,0.0,141.7,0.9999253857184062,1.0,1223.4084854200028,1000.0,1223.4084854200028,1000.0,0.0,0.0
6605,1665938280000.0,0.0,0.0,0.0,138.57,0.0,0.0,141.65,0.9999253857184062,1.0,1223.4084854200028,1000.0,1223.4084854200028,1000.0,0.0,0.0
6606,1665941880000.0,0.0,0.0,0.0,138.57,0.0,0.0,141.85,0.9999253857184062,1.0,1223.4084854200028,1000.0,1223.4084854200028,1000.0,0.0,0.0
6607,1665945480000.0,0.0,0.0,0.0,138.57,0.0,0.0,141.45,0.9999253857184062,1.0,1223.4084854200028,1000.0,1223.4084854200028,1000.0,0.0,0.0
6608,1665949080000.0,0.0,0.0,0.0,138.57,0.0,0.0,142.4,0.9999253857184062,1.0,1223.4084854200028,1000.0,1223.4084854200028,1000.0,0.0,0.0
6609,1665952680000.0,0.0,0.0,0.0,138.57,0.0,0.0,142.95,0.9999253857184062,1.0,1223.4084854200028,1000.0,1223.4084854200028,1000.0,0.0,0.0
6610,1665956280000.0,0.0,0.0,0.0,138.57,0.0,0.0,142.85,0.9999253857184062,1.0,1223.4084854200028,1000.0,1223.4084854200028,1000.0,0.0,0.0
6611,1665959880000.0,0.0,0.0,0.0,138.57,0.0,0.0,142.8,0.9999253857184062,1.0,1223.4084854200028,1000.0,1223.4084854200028,1000.0,0.0,0.0
6612,1665963480000.0,0.0,0.0,0.0,138.57,0.0,0.0,142.7,0.9999253857184062,1.0,1223.4084854200028,1000.0,1223.4084854200028,1000.0,0.0,0.0
6613,1665967080000.0,0.0,0.0,0.0,138.57,0.0,0.0,142.75,0.9999253857184062,1.0,1223.4084854200028,1000.0,1223.4084854200028,1000.0,0.0,0.0
6614,1665970680000.0,0.0,0.0,0.0,138.57,0.0,0.0,143.4,0.9999253857184062,1.0,1223.4084854200028,1000.0,1223.4084854200028,1000.0,0.0,0.0
6615,1665974280000.0,0.0,0.0,0.0,138.57,0.0,0.0,143.15,0.9999253857184062,1.0,1223.4084854200028,1000.0,1223.4084854200028,1000.0,0.0,0.0
6616,1665977880000.0,0.0,0.0,0.0,138.57,0.0,0.0,143.35,0.9999253857184062,1.0,1223.4084854200028,1000.0,1223.4084854200028,1000.0,0.0,0.0
6617,1665981480000.0,0.0,0.0,0.0,138.57,0.0,0.0,143.65,0.9999253857184062,1.0,1223.4084854200028,1000.0,1223.4084854200028,1000.0,0.0,0.0
6618,1665985080000.0,0.0,0.0,0.0,138.57,0.0,0.0,143.15,0.9999253857184062,1.0,1223.4084854200028,1000.0,1223.4084854200028,1000.0,0.0,0.0
6619,1665988680000.0,0.0,0.0,0.0,138.57,0.0,0.0,143.85,0.9999253857184062,1.0,1223.4084854200028,1000.0,1223.4084854200028,1000.0,0.0,0.0
6620,1665992280000.0,0.0,0.0,0.0,138.57,0.0,0.0,143.75,0.9999253857184062,1.0,1223.4084854200028,1000.0,1223.4084854200028,1000.0,0.0,0.0
6621,1665995880000.0,0.0,0.0,0.0,138.57,0.0,0.0,143.75,0.9999253857184062,1.0,1223.4084854200028,1000.0,1223.4084854200028,1000.0,0.0,0.0
6622,1665999480000.0,0.0,0.0,0.0,138.57,0.0,0.0,144.25,0.9999253857184062,1.0,1223.4084854200028,1000.0,1223.4084854200028,1000.0,0.0,0.0
6623,1666003080000.0,0.0,0.0,0.0,138.57,0.0,0.0,144.15,0.9999253857184062,1.0,1223.4084854200028,1000.0,1223.4084854200028,1000.0,0.0,0.0
6624,1666006680000.0,0.0,0.0,0.0,138.57,0.0,0.0,143.95,0.9999253857184062,1.0,1223.4084854200028,1000.0,1223.4084854200028,1000.0,0.0,0.0
6625,1666010280000.0,0.0,0.0,0.0,138.57,0.0,0.0,144.25,0.9999253857184062,1.0,1223.4084854200028,1000.0,1223.4084854200028,1000.0,0.0,0.0
6626,1666013880000.0,0.0,0.0,0.0,138.57,0.0,0.0,144.9,0.9999253857184062,1.0,1223.4084854200028,1000.0,1223.4084854200028,1000.0,0.0,0.0
6627,1666017480000.0,0.0,0.0,0.0,138.57,0.0,0.0,144.5,0.9999253857184062,1.0,1223.4084854200028,1000.0,1223.4084854200028,1000.0,0.0,0.0
6628,1666021080000.0,0.0,0.0,0.0,138.57,0.0,0.0,143.95,0.9999253857184062,1.0,1223.4084854200028,1000.0,1223.4084854200028,1000.0,0.0,0.0
6629,1666024680000.0,0.0,0.0,0.0,138.57,0.0,0.0,143.45,0.9999253857184062,1.0,1223.4084854200028,1000.0,1223.4084854200028,1000.0,0.0,0.0
6630,1666028280000.0,0.0,0.0,0.0,138.57,0.0,0.0,142.75,0.9999253857184062,1.0,1223.4084854200028,1000.0,1223.4084854200028,1000.0,0.0,0.0
6631,1666031880000.0,0.0,0.0,0.0,138.57,0.0,0.0,142.9,0.9999253857184062,1.0,1223.4084854200028,1000.0,1223.4084854200028,1000.0,0.0,0.0
6632,1666035480000.0,0.0,0.0,0.0,138.57,0.0,0.0,143.9,0.9999253857184062,1.0,1223.4084854200028,1000.0,1223.4084854200028,1000.0,0.0,0.0
6633,1666039080000.0,0.0,0.0,0.0,138.57,0.0,0.0,144.15,0.9999253857184062,1.0,1223.4084854200028,1000.0,1223.4084854200028,1000.0,0.0,0.0
6634,1666042680000.0,0.0,0.0,0.0,138.57,0.0,0.0,144.4,0.9999253857184062,1.0,1223.4084854200028,1000.0,1223.4084854200028,1000.0,0.0,0.0
6635,1666046280000.0,0.0,0.0,0.0,138.57,0.0,0.0,143.95,0.9999253857184062,1.0,1223.4084854200028,1000.0,1223.4084854200028,1000.0,0.0,0.0
6636,1666049880000.0,0.0,0.0,0.0,138.57,0.0,0.0,143.85,0.9999253857184062,1.0,1223.4084854200028,1000.0,1223.4084854200028,1000.0,0.0,0.0
6637,1666053480000.0,0.0,0.0,0.0,138.57,0.0,0.0,143.75,0.9999253857184062,1.0,1223.4084854200028,1000.0,1223.4084854200028,1000.0,0.0,0.0
6638,1666057080000.0,0.0,0.0,0.0,138.57,0.0,0.0,143.0,0.9999253857184062,1.0,1223.4084854200028,1000.0,1223.4084854200028,1000.0,0.0,0.0
6639,1666060680000.0,0.0,0.0,0.0,138.57,0.0,0.0,142.9,0.9999253857184062,1.0,1223.4084854200028,1000.0,1223.4084854200028,1000.0,0.0,0.0
6640,1666064280000.0,0.0,0.0,0.0,138.57,0.0,0.0,143.55,0.9999253857184062,1.0,1223.4084854200028,1000.0,1223.4084854200028,1000.0,0.0,0.0
6641,1666067880000.0,0.0,0.0,0.0,138.57,0.0,0.0,143.7,0.9999253857184062,1.0,1223.4084854200028,1000.0,1223.4084854200028,1000.0,0.0,0.0
6642,1666071480000.0,0.0,0.0,0.0,138.57,0.0,0.0,143.3,0.9999253857184062,1.0,1223.4084854200028,1000.0,1223.4084854200028,1000.0,0.0,0.0
6643,1666075080000.0,0.0,0.0,0.0,138.57,0.0,0.0,143.3,0.9999253857184062,1.0,1223.4084854200028,1000.0,1223.4084854200028,1000.0,0.0,0.0
6644,1666078680000.0,0.0,0.0,0.0,138.57,0.0,0.0,143.3,0.9999253857184062,1.0,1223.4084854200028,1000.0,1223.4084854200028,1000.0,0.0,0.0
6645,1666082280000.0,0.0,0.0,0.0,138.57,0.0,0.0,143.15,0.9999253857184062,1.0,1223.4084854200028,1000.0,1223.4084854200028,1000.0,0.0,0.0
6646,1666085880000.0,0.0,0.0,0.0,138.57,0.0,0.0,143.3,0.9999253857184062,1.0,1223.4084854200028,1000.0,1223.4084854200028,1000.0,0.0,0.0
6647,1666089480000.0,0.0,0.0,0.0,138.57,0.0,0.0,145.75,0.9999253857184062,1.0,1223.4084854200028,1000.0,1223.4084854200028,1000.0,0.0,0.0
6648,1666093080000.0,0.0,0.0,0.0,138.57,0.0,0.0,145.9,0.9999253857184062,1.0,1223.4084854200028,1000.0,1223.4084854200028,1000.0,0.0,0.0
6649,1666096680000.0,0.0,0.0,0.0,138.57,0.0,0.0,146.9,0.9999253857184062,1.0,1223.4084854200028,1000.0,1223.4084854200028,1000.0,0.0,0.0
6650,1666100280000.0,0.0,0.0,0.0,138.57,0.0,0.0,146.1,0.9999253857184062,1.0,1223.4084854200028,1000.0,1223.4084854200028,1000.0,0.0,0.0
6651,1666103880000.0,0.0,0.0,0.0,138.57,0.0,0.0,145.25,0.9999253857184062,1.0,1223.4084854200028,1000.0,1223.4084854200028,1000.0,0.0,0.0
6652,1666107480000.0,0.0,0.0,0.0,138.57,0.0,0.0,145.75,0.9999253857184062,1.0,1223.4084854200028,1000.0,1223.4084854200028,1000.0,0.0,0.0
6653,1666111080000.0,0.0,0.0,0.0,138.57,0.0,0.0,146.5,0.9999253857184062,1.0,1223.4084854200028,1000.0,1223.4084854200028,1000.0,0.0,0.0
6654,1666114680000.0,0.0,0.0,0.0,138.57,0.0,0.0,147.85,0.9999253857184062,1.0,1223.4084854200028,1000.0,1223.4084854200028,1000.0,0.0,0.0
6655,1666118280000.0,0.0,0.0,0.0,138.57,0.0,0.0,146.2,0.9999253857184062,1.0,1223.4084854200028,1000.0,1223.4084854200028,1000.0,0.0,0.0
6656,1666121880000.0,0.0,0.0,0.0,138.57,0.0,0.0,146.55,0.9999253857184062,1.0,1223.4084854200028,1000.0,1223.4084854200028,1000.0,0.0,0.0
6657,1666125480000.0,0.0,0.0,0.0,138.57,0.0,0.0,146.75,0.9999253857184062,1.0,1223.4084854200028,1000.0,1223.4084854200028,1000.0,0.0,0.0
6658,1666129080000.0,0.0,0.0,0.0,138.57,0.0,0.0,146.4,0.9999253857184062,1.0,1223.4084854200028,1000.0,1223.4084854200028,1000.0,0.0,0.0
6659,1666132680000.0,0.0,0.0,0.0,138.57,0.0,0.0,145.45,0.9999253857184062,1.0,1223.4084854200028,1000.0,1223.4084854200028,1000.0,0.0,0.0
6660,1666136280000.0,0.0,0.0,0.0,138.57,0.0,0.0,146.15,0.9999253857184062,1.0,1223.4084854200028,1000.0,1223.4084854200028,1000.0,0.0,0.0
6661,1666139880000.0,0.0,0.0,0.0,138.57,0.0,0.0,145.85,0.9999253857184062,1.0,1223.4084854200028,1000.0,1223.4084854200028,1000.0,0.0,0.0
6662,1666143480000.0,0.0,0.0,0.0,138.57,0.0,0.0,145.8,0.9999253857184062,1.0,1223.4084854200028,1000.0,1223.4084854200028,1000.0,0.0,0.0
6663,1666147080000.0,0.0,0.0,0.0,138.57,0.0,0.0,145.5,0.9999253857184062,1.0,1223.4084854200028,1000.0,1223.4084854200028,1000.0,0.0,0.0
6664,1666150680000.0,0.0,0.0,0.0,138.57,0.0,0.0,146.45,0.9999253857184062,1.0,1223.4084854200028,1000.0,1223.4084854200028,1000.0,0.0,0.0
6665,1666154280000.0,0.0,0.0,0.0,138.57,0.0,0.0,146.5,0.9999253857184062,1.0,1223.4084854200028,1000.0,1223.4084854200028,1000.0,0.0,0.0
6666,1666157880000.0,0.0,0.0,0.0,138.57,0.0,0.0,146.75,0.9999253857184062,1.0,1223.4084854200028,1000.0,1223.4084854200028,1000.0,0.0,0.0
6667,1666161480000.0,0.0,0.0,0.0,138.57,0.0,0.0,147.05,0.9999253857184062,1.0,1223.4084854200028,1000.0,1223.4084854200028,1000.0,0.0,0.0
6668,1666165080000.0,0.0,0.0,0.0,138.57,0.0,0.0,147.1,0.9999253857184062,1.0,1223.4084854200028,1000.0,1223.4084854200028,1000.0,0.0,0.0
6669,1666168680000.0,0.0,0.0,0.0,138.57,0.0,0.0,147.3,0.9999253857184062,1.0,1223.4084854200028,1000.0,1223.4084854200028,1000.0,0.0,0.0
6670,1666172280000.0,0.0,0.0,0.0,138.57,0.0,0.0,147.25,0.9999253857184062,1.0,1223.4084854200028,1000.0,1223.4084854200028,1000.0,0.0,0.0
6671,1666175880000.0,0.0,0.0,0.0,138.57,0.0,0.0,147.25,0.9999253857184062,1.0,1223.4084854200028,1000.0,1223.4084854200028,1000.0,0.0,0.0
6672,1666179480000.0,0.0,0.0,0.0,138.57,0.0,0.0,147.9,0.9999253857184062,1.0,1223.4084854200028,1000.0,1223.4084854200028,1000.0,0.0,0.0
6673,1666183080000.0,0.0,0.0,0.0,138.57,0.0,0.0,147.4,0.9999253857184062,1.0,1223.4084854200028,1000.0,1223.4084854200028,1000.0,0.0,0.0
6674,1666186680000.0,0.0,0.0,0.0,138.57,0.0,0.0,147.6,0.9999253857184062,1.0,1223.4084854200028,1000.0,1223.4084854200028,1000.0,0.0,0.0
6675,1666190280000.0,0.0,0.0,0.0,138.57,0.0,0.0,148.15,0.9999253857184062,1.0,1223.4084854200028,1000.0,1223.4084854200028,1000.0,0.0,0.0
6676,1666193880000.0,0.0,0.0,0.0,138.57,0.0,0.0,147.65,0.9999253857184062,1.0,1223.4084854200028,1000.0,1223.4084854200028,1000.0,0.0,0.0
6677,1666197480000.0,0.0,0.0,0.0,138.57,0.0,0.0,147.7,0.9999253857184062,1.0,1223.4084854200028,1000.0,1223.4084854200028,1000.0,0.0,0.0
6678,1666201080000.0,0.0,0.0,0.0,138.57,0.0,0.0,147.25,0.9999253857184062,1.0,1223.4084854200028,1000.0,1223.4084854200028,1000.0,0.0,0.0
6679,1666204680000.0,0.0,0.0,0.0,138.57,0.0,0.0,146.8,0.9999253857184062,1.0,1223.4084854200028,1000.0,1223.4084854200028,1000.0,0.0,0.0
6680,1666208280000.0,0.0,0.0,0.0,138.57,0.0,0.0,146.35,0.9999253857184062,1.0,1223.4084854200028,1000.0,1223.4084854200028,1000.0,0.0,0.0
6681,1666211880000.0,0.0,0.0,0.0,138.57,0.0,0.0,146.65,0.9999253857184062,1.0,1223.4084854200028,1000.0,1223.4084854200028,1000.0,0.0,0.0
6682,1666215480000.0,0.0,0.0,0.0,138.57,0.0,0.0,146.7,0.9999253857184062,1.0,1223.4084854200028,1000.0,1223.4084854200028,1000.0,0.0,0.0
6683,1666219080000.0,0.0,0.0,0.0,138.57,0.0,0.0,145.8,0.9999253857184062,1.0,1223.4084854200028,1000.0,1223.4084854200028,1000.0,0.0,0.0
6684,1666222680000.0,0.0,0.0,0.0,138.57,0.0,0.0,145.1,0.9999253857184062,1.0,1223.4084854200028,1000.0,1223.4084854200028,1000.0,0.0,0.0
6685,1666226280000.0,0.0,0.0,0.0,138.57,0.0,0.0,144.2,0.9999253857184062,1.0,1223.4084854200028,1000.0,1223.4084854200028,1000.0,0.0,0.0
6686,1666229880000.0,0.0,0.0,0.0,138.57,0.0,0.0,144.15,0.9999253857184062,1.0,1223.4084854200028,1000.0,1223.4084854200028,1000.0,0.0,0.0
6687,1666233480000.0,0.0,0.0,0.0,138.57,0.0,0.0,145.45,0.9999253857184062,1.0,1223.4084854200028,1000.0,1223.4084854200028,1000.0,0.0,0.0
6688,1666237080000.0,0.0,0.0,0.0,138.57,0.0,0.0,145.95,0.9999253857184062,1.0,1223.4084854200028,1000.0,1223.4084854200028,1000.0,0.0,0.0
6689,1666240680000.0,0.0,0.0,0.0,138.57,0.0,0.0,147.15,0.9999253857184062,1.0,1223.4084854200028,1000.0,1223.4084854200028,1000.0,0.0,0.0
6690,1666244280000.0,0.0,0.0,0.0,138.57,0.0,0.0,147.7,0.9999253857184062,1.0,1223.4084854200028,1000.0,1223.4084854200028,1000.0,0.0,0.0
6691,1666247880000.0,0.0,0.0,0.0,138.57,0.0,0.0,147.5,0.9999253857184062,1.0,1223.4084854200028,1000.0,1223.4084854200028,1000.0,0.0,0.0
6692,1666251480000.0,0.0,0.0,0.0,138.57,0.0,0.0,148.05,0.9999253857184062,1.0,1223.4084854200028,1000.0,1223.4084854200028,1000.0,0.0,0.0
6693,1666255080000.0,0.0,0.0,0.0,138.57,0.0,0.0,147.45,0.9999253857184062,1.0,1223.4084854200028,1000.0,1223.4084854200028,1000.0,0.0,0.0
6694,1666258680000.0,0.0,0.0,0.0,138.57,0.0,0.0,145.7,0.9999253857184062,1.0,1223.4084854200028,1000.0,1223.4084854200028,1000.0,0.0,0.0
6695,1666262280000.0,0.0,0.0,0.0,138.57,0.0,0.0,143.15,0.9999253857184062,1.0,1223.4084854200028,1000.0,1223.4084854200028,1000.0,0.0,0.0
6696,1666265880000.0,0.0,0.0,0.0,138.57,0.0,0.0,143.5,0.9999253857184062,1.0,1223.4084854200028,1000.0,1223.4084854200028,1000.0,0.0,0.0
6697,1666269480000.0,0.0,0.0,0.0,138.57,0.0,0.0,143.4,0.9999253857184062,1.0,1223.4084854200028,1000.0,1223.4084854200028,1000.0,0.0,0.0
6698,1666273080000.0,0.0,0.0,0.0,138.57,0.0,0.0,143.4,0.9999253857184062,1.0,1223.4084854200028,1000.0,1223.4084854200028,1000.0,0.0,0.0
6699,1666276680000.0,0.0,0.0,0.0,138.57,0.0,0.0,143.7,0.9999253857184062,1.0,1223.4084854200028,1000.0,1223.4084854200028,1000.0,0.0,0.0
6700,1666280280000.0,0.0,0.0,0.0,138.57,0.0,0.0,143.6,0.9999253857184062,1.0,1223.4084854200028,1000.0,1223.4084854200028,1000.0,0.0,0.0
6701,1666283880000.0,0.0,0.0,0.0,138.57,0.0,0.0,141.75,0.9999253857184062,1.0,1223.4084854200028,1000.0,1223.4084854200028,1000.0,0.0,0.0
6702,1666287480000.0,0.0,0.0,0.0,138.57,0.0,0.0,141.25,0.9999253857184062,1.0,1223.4084854200028,1000.0,1223.4084854200028,1000.0,0.0,0.0
6703,1666291080000.0,0.0,0.0,0.0,138.57,0.0,0.0,140.9,0.9999253857184062,1.0,1223.4084854200028,1000.0,1223.4084854200028,1000.0,0.0,0.0
6704,1666294680000.0,0.0,0.0,0.0,138.57,0.0,0.0,141.25,0.9999253857184062,1.0,1223.4084854200028,1000.0,1223.4084854200028,1000.0,0.0,0.0
6705,1666298280000.0,0.0,0.0,0.0,138.57,0.0,0.0,141.8,0.9999253857184062,1.0,1223.4084854200028,1000.0,1223.4084854200028,1000.0,0.0,0.0
6706,1666301880000.0,0.0,0.0,0.0,138.57,0.0,0.0,142.25,0.9999253857184062,1.0,1223.4084854200028,1000.0,1223.4084854200028,1000.0,0.0,0.0
6707,1666305480000.0,0.0,0.0,0.0,138.57,0.0,0.0,140.15,0.9999253857184062,1.0,1223.4084854200028,1000.0,1223.4084854200028,1000.0,0.0,0.0
6708,1666309080000.0,0.0,0.0,0.0,138.57,0.0,0.0,141.05,0.9999253857184062,1.0,1223.4084854200028,1000.0,1223.4084854200028,1000.0,0.0,0.0
6709,1666312680000.0,0.0,0.0,0.0,138.57,0.0,0.0,140.5,0.9999253857184062,1.0,1223.4084854200028,1000.0,1223.4084854200028,1000.0,0.0,0.0
6710,1666316280000.0,0.0,0.0,0.0,138.57,0.0,0.0,142.75,0.9999253857184062,1.0,1223.4084854200028,1000.0,1223.4084854200028,1000.0,0.0,0.0
6711,1666319880000.0,0.0,0.0,0.0,138.57,0.0,0.0,142.75,0.9999253857184062,1.0,1223.4084854200028,1000.0,1223.4084854200028,1000.0,0.0,0.0
6712,1666323480000.0,0.0,0.0,0.0,138.57,0.0,0.0,142.65,0.9999253857184062,1.0,1223.4084854200028,1000.0,1223.4084854200028,1000.0,0.0,0.0
6713,1666327080000.0,0.0,0.0,0.0,138.57,0.0,0.0,142.3,0.9999253857184062,1.0,1223.4084854200028,1000.0,1223.4084854200028,1000.0,0.0,0.0
6714,1666330680000.0,0.0,0.0,0.0,138.57,0.0,0.0,141.05,0.9999253857184062,1.0,1223.4084854200028,1000.0,1223.4084854200028,1000.0,0.0,0.0
6715,1666334280000.0,0.0,0.0,0.0,138.57,0.0,0.0,139.15,0.9999253857184062,1.0,1223.4084854200028,1000.0,1223.4084854200028,1000.0,0.0,0.0
6716,1666337880000.0,0.0,0.0,0.0,138.57,0.0,0.0,139.0,0.9999253857184062,1.0,1223.4084854200028,1000.0,1223.4084854200028,1000.0,0.0,0.0
6717,1666341480000.0,0.0,0.0,0.36,137.34,0.0,0.0,137.45,0.9999253857184062,1.0,1223.3985969400028,1000.0,1223.4381969400029,1000.0,0.04041397474516208,0.0
6718,1666345080000.0,0.0,0.0,0.36,137.34,0.0,0.0,137.9,0.9999253857184062,1.0,1223.3985969400028,1000.0,1223.600196940003,1000.0,0.04041397474516208,0.0
6719,1666348680000.0,0.0,0.0,0.36,137.34,0.0,0.0,138.4,0.9999253857184062,1.0,1223.3985969400028,1000.0,1223.7801969400027,1000.0,0.04041397474516208,0.0
6720,1666352280000.0,0.0,0.0,0.36,137.34,0.0,0.0,138.7,0.9999253857184062,1.0,1223.3985969400028,1000.0,1223.8881969400027,1000.0,0.04041397474516208,0.0
6721,1666355880000.0,0.0,0.0,0.36,137.34,0.0,0.0,138.25,0.9999253857184062,1.0,1223.3985969400028,1000.0,1223.7261969400029,1000.0,0.04041397474516208,0.0
6722,1666359480000.0,0.0,0.0,0.36,137.34,0.0,0.0,139.5,0.9999253857184062,1.0,1223.3985969400028,1000.0,1224.1761969400027,1000.0,0.04041397474516208,0.0
6723,1666363080000.0,0.0,0.0,0.36,137.34,0.0,0.0,139.75,0.9999253857184062,1.0,1223.3985969400028,1000.0,1224.2661969400028,1000.0,0.04041397474516208,0.0
6724,1666366680000.0,0.0,0.0,0.36,137.34,0.0,0.0,139.9,0.9999253857184062,1.0,1223.3985969400028,1000.0,1224.3201969400027,1000.0,0.04041397474516208,0.0
6725,1666370280000.0,0.0,0.0,0.36,137.34,0.0,0.0,140.85,0.9999253857184062,1.0,1223.3985969400028,1000.0,1224.6621969400028,1000.0,0.04041397474516208,0.0
6726,1666373880000.0,0.0,0.0,0.11,137.34,0.0,0.0,141.4,0.9999253857184062,1.0,1224.4240234400029,1000.0,1224.8706234400029,1000.0,0.01233837274570615,0.0
6727,1666377480000.0,0.0,0.0,0.04,137.34,0.0,0.0,141.5,0.9999253857184062,1.0,1224.7111428600026,1000.0,1224.8775428600027,1000.0,0.00448562914776058,0.0
6728,1666381080000.0,0.0,0.0,0.03,137.34,0.0,0.0,142.0,0.9999253857184062,1.0,1224.7521599200027,1000.0,1224.8919599200026,1000.0,0.00336410919272771,0.0
6729,1666384680000.0,0.0,0.0,0.03,137.34,0.0,0.0,141.75,0.9999253857184062,1.0,1224.7521599200027,1000.0,1224.8844599200027,1000.0,0.00336410919272771,0.0
6730,1666388280000.0,0.0,0.0,0.02,137.34,0.0,0.0,140.75,0.9999253857184062,1.0,1224.7931769800027,1000.0,1224.8613769800027,1000.0,0.002242664354787508,0.0
6731,1666391880000.0,0.0,0.0,0.02,137.34,0.0,0.0,140.6,0.9999253857184062,1.0,1224.7931769800027,1000.0,1224.8583769800027,1000.0,0.002242664354787508,0.0
6732,1666395480000.0,0.0,0.0,0.02,137.34,0.0,0.0,140.9,0.9999253857184062,1.0,1224.7931769800027,1000.0,1224.8643769800028,1000.0,0.002242664354787508,0.0
6733,1666399080000.0,0.0,0.0,0.02,137.34,0.0,0.0,140.55,0.9999253857184062,1.0,1224.7931769800027,1000.0,1224.8573769800028,1000.0,0.002242664354787508,0.0
6734,1666402680000.0,0.0,0.0,0.02,137.34,0.0,0.0,140.4,0.9999253857184062,1.0,1224.7931769800027,1000.0,1224.8543769800028,1000.0,0.002242664354787508,0.0
6735,1666406280000.0,0.0,0.0,0.02,137.34,0.0,0.0,139.95,0.9999253857184062,1.0,1224.7931769800027,1000.0,1224.8453769800028,1000.0,0.002242664354787508,0.0
6736,1666409880000.0,0.0,0.0,0.02,137.34,0.0,0.0,140.1,0.9999253857184062,1.0,1224.7931769800027,1000.0,1224.8483769800027,1000.0,0.002242664354787508,0.0
6737,1666413480000.0,0.0,0.0,0.02,137.34,0.0,0.0,139.95,0.9999253857184062,1.0,1224.7931769800027,1000.0,1224.8453769800028,1000.0,0.002242664354787508,0.0
6738,1666417080000.0,0.0,0.0,0.02,137.34,0.0,0.0,139.9,0.9999253857184062,1.0,1224.7931769800027,1000.0,1224.8443769800028,1000.0,0.002242664354787508,0.0
6739,1666420680000.0,0.0,0.0,0.02,137.34,0.0,0.0,140.0,0.9999253857184062,1.0,1224.7931769800027,1000.0,1224.8463769800028,1000.0,0.002242664354787508,0.0
6740,1666424280000.0,0.0,0.0,0.02,137.34,0.0,0.0,140.25,0.9999253857184062,1.0,1224.7931769800027,1000.0,1224.8513769800027,1000.0,0.002242664354787508,0.0
6741,1666427880000.0,0.0,0.0,0.02,137.34,0.0,0.0,140.9,0.9999253857184062,1.0,1224.7931769800027,1000.0,1224.8643769800028,1000.0,0.002242664354787508,0.0
6742,1666431480000.0,0.0,0.0,0.02,137.34,0.0,0.0,141.2,0.9999253857184062,1.0,1224.7931769800027,1000.0,1224.8703769800027,1000.0,0.002242664354787508,0.0
6743,1666435080000.0,0.0,0.0,0.0,137.34,0.0,0.0,141.65,0.9999253857184062,1.0,1224.8752111000028,1000.0,1224.8752111000028,1000.0,0.0,0.0
6744,1666438680000.0,0.0,0.0,0.0,137.34,0.0,0.0,141.75,0.9999253857184062,1.0,1224.8752111000028,1000.0,1224.8752111000028,1000.0,0.0,0.0
6745,1666442280000.0,0.0,0.0,0.0,137.34,0.0,0.0,141.75,0.9999253857184062,1.0,1224.8752111000028,1000.0,1224.8752111000028,1000.0,0.0,0.0
6746,1666445880000.0,0.0,0.0,0.0,137.34,0.0,0.0,141.9,0.9999253857184062,1.0,1224.8752111000028,1000.0,1224.8752111000028,1000.0,0.0,0.0
6747,1666449480000.0,0.0,0.0,0.0,137.34,0.0,0.0,141.4,0.9999253857184062,1.0,1224.8752111000028,1000.0,1224.8752111000028,1000.0,0.0,0.0
6748,1666453080000.0,0.0,0.0,0.0,137.34,0.0,0.0,142.05,0.9999253857184062,1.0,1224.8752111000028,1000.0,1224.8752111000028,1000.0,0.0,0.0
6749,1666456680000.0,0.0,0.0,0.0,137.34,0.0,0.0,141.45,0.9999253857184062,1.0,1224.8752111000028,1000.0,1224.8752111000028,1000.0,0.0,0.0
6750,1666460280000.0,0.0,0.0,0.0,137.34,0.0,0.0,142.1,0.9999253857184062,1.0,1224.8752111000028,1000.0,1224.8752111000028,1000.0,0.0,0.0
6751,1666463880000.0,0.0,0.0,0.0,137.34,0.0,0.0,142.35,0.9999253857184062,1.0,1224.8752111000028,1000.0,1224.8752111000028,1000.0,0.0,0.0
6752,1666467480000.0,0.0,0.0,0.0,137.34,0.0,0.0,142.5,0.9999253857184062,1.0,1224.8752111000028,1000.0,1224.8752111000028,1000.0,0.0,0.0
6753,1666471080000.0,0.0,0.0,0.0,137.34,0.0,0.0,142.95,0.9999253857184062,1.0,1224.8752111000028,1000.0,1224.8752111000028,1000.0,0.0,0.0
6754,1666474680000.0,0.0,0.0,0.0,137.34,0.0,0.0,142.3,0.9999253857184062,1.0,1224.8752111000028,1000.0,1224.8752111000028,1000.0,0.0,0.0
6755,1666478280000.0,0.0,0.0,0.0,137.34,0.0,0.0,142.55,0.9999253857184062,1.0,1224.8752111000028,1000.0,1224.8752111000028,1000.0,0.0,0.0
6756,1666481880000.0,0.0,0.0,0.0,137.34,0.0,0.0,142.5,0.9999253857184062,1.0,1224.8752111000028,1000.0,1224.8752111000028,1000.0,0.0,0.0
6757,1666485480000.0,0.0,0.0,0.0,137.34,0.0,0.0,142.55,0.9999253857184062,1.0,1224.8752111000028,1000.0,1224.8752111000028,1000.0,0.0,0.0
6758,1666489080000.0,0.0,0.0,0.0,137.34,0.0,0.0,142.55,0.9999253857184062,1.0,1224.8752111000028,1000.0,1224.8752111000028,1000.0,0.0,0.0
6759,1666492680000.0,0.0,0.0,0.0,137.34,0.0,0.0,143.6,0.9999253857184062,1.0,1224.8752111000028,1000.0,1224.8752111000028,1000.0,0.0,0.0
6760,1666496280000.0,0.0,0.0,0.0,137.34,0.0,0.0,143.25,0.9999253857184062,1.0,1224.8752111000028,1000.0,1224.8752111000028,1000.0,0.0,0.0
6761,1666499880000.0,0.0,0.0,0.0,137.34,0.0,0.0,143.5,0.9999253857184062,1.0,1224.8752111000028,1000.0,1224.8752111000028,1000.0,0.0,0.0
6762,1666503480000.0,0.0,0.0,0.0,137.34,0.0,0.0,143.45,0.9999253857184062,1.0,1224.8752111000028,1000.0,1224.8752111000028,1000.0,0.0,0.0
6763,1666507080000.0,0.0,0.0,0.0,137.34,0.0,0.0,142.85,0.9999253857184062,1.0,1224.8752111000028,1000.0,1224.8752111000028,1000.0,0.0,0.0
6764,1666510680000.0,0.0,0.0,0.0,137.34,0.0,0.0,143.0,0.9999253857184062,1.0,1224.8752111000028,1000.0,1224.8752111000028,1000.0,0.0,0.0
6765,1666514280000.0,0.0,0.0,0.0,137.34,0.0,0.0,143.25,0.9999253857184062,1.0,1224.8752111000028,1000.0,1224.8752111000028,1000.0,0.0,0.0
6766,1666517880000.0,0.0,0.0,0.0,137.34,0.0,0.0,143.6,0.9999253857184062,1.0,1224.8752111000028,1000.0,1224.8752111000028,1000.0,0.0,0.0
6767,1666521480000.0,0.0,0.0,0.0,137.34,0.0,0.0,144.0,0.9999253857184062,1.0,1224.8752111000028,1000.0,1224.8752111000028,1000.0,0.0,0.0
6768,1666525080000.0,0.0,0.0,0.0,137.34,0.0,0.0,143.3,0.9999253857184062,1.0,1224.8752111000028,1000.0,1224.8752111000028,1000.0,0.0,0.0
6769,1666528680000.0,0.0,0.0,0.0,137.34,0.0,0.0,143.3,0.9999253857184062,1.0,1224.8752111000028,1000.0,1224.8752111000028,1000.0,0.0,0.0
6770,1666532280000.0,0.0,0.0,0.0,137.34,0.0,0.0,143.65,0.9999253857184062,1.0,1224.8752111000028,1000.0,1224.8752111000028,1000.0,0.0,0.0
6771,1666535880000.0,0.0,0.0,0.0,137.34,0.0,0.0,143.5,0.9999253857184062,1.0,1224.8752111000028,1000.0,1224.8752111000028,1000.0,0.0,0.0
6772,1666539480000.0,0.0,0.0,0.0,137.34,0.0,0.0,143.5,0.9999253857184062,1.0,1224.8752111000028,1000.0,1224.8752111000028,1000.0,0.0,0.0
6773,1666543080000.0,0.0,0.0,0.0,137.34,0.0,0.0,143.25,0.9999253857184062,1.0,1224.8752111000028,1000.0,1224.8752111000028,1000.0,0.0,0.0
6774,1666546680000.0,0.0,0.0,0.0,137.34,0.0,0.0,143.35,0.9999253857184062,1.0,1224.8752111000028,1000.0,1224.8752111000028,1000.0,0.0,0.0
6775,1666550280000.0,0.0,0.0,0.0,137.34,0.0,0.0,143.5,0.9999253857184062,1.0,1224.8752111000028,1000.0,1224.8752111000028,1000.0,0.0,0.0
6776,1666553880000.0,0.0,0.0,0.0,137.34,0.0,0.0,142.55,0.9999253857184062,1.0,1224.8752111000028,1000.0,1224.8752111000028,1000.0,0.0,0.0
6777,1666557480000.0,0.0,0.0,0.0,137.34,0.0,0.0,142.1,0.9999253857184062,1.0,1224.8752111000028,1000.0,1224.8752111000028,1000.0,0.0,0.0
6778,1666561080000.0,0.0,0.0,0.0,137.34,0.0,0.0,142.85,0.9999253857184062,1.0,1224.8752111000028,1000.0,1224.8752111000028,1000.0,0.0,0.0
6779,1666564680000.0,0.0,0.0,0.0,137.34,0.0,0.0,144.8,0.9999253857184062,1.0,1224.8752111000028,1000.0,1224.8752111000028,1000.0,0.0,0.0
6780,1666568280000.0,0.0,0.0,0.0,137.34,0.0,0.0,144.3,0.9999253857184062,1.0,1224.8752111000028,1000.0,1224.8752111000028,1000.0,0.0,0.0
6781,1666571880000.0,0.0,0.0,0.0,137.34,0.0,0.0,144.65,0.9999253857184062,1.0,1224.8752111000028,1000.0,1224.8752111000028,1000.0,0.0,0.0
6782,1666575480000.0,0.0,0.0,0.0,137.34,0.0,0.0,144.0,0.9999253857184062,1.0,1224.8752111000028,1000.0,1224.8752111000028,1000.0,0.0,0.0
6783,1666579080000.0,0.0,0.0,0.0,137.34,0.0,0.0,143.85,0.9999253857184062,1.0,1224.8752111000028,1000.0,1224.8752111000028,1000.0,0.0,0.0
6784,1666582680000.0,0.0,0.0,0.0,137.34,0.0,0.0,143.15,0.9999253857184062,1.0,1224.8752111000028,1000.0,1224.8752111000028,1000.0,0.0,0.0
6785,1666586280000.0,0.0,0.0,0.0,137.34,0.0,0.0,143.0,0.9999253857184062,1.0,1224.8752111000028,1000.0,1224.8752111000028,1000.0,0.0,0.0
6786,1666589880000.0,0.0,0.0,0.0,137.34,0.0,0.0,142.4,0.9999253857184062,1.0,1224.8752111000028,1000.0,1224.8752111000028,1000.0,0.0,0.0
6787,1666593480000.0,0.0,0.0,0.0,137.34,0.0,0.0,142.45,0.9999253857184062,1.0,1224.8752111000028,1000.0,1224.8752111000028,1000.0,0.0,0.0
6788,1666597080000.0,0.0,0.0,0.0,137.34,0.0,0.0,142.25,0.9999253857184062,1.0,1224.8752111000028,1000.0,1224.8752111000028,1000.0,0.0,0.0
6789,1666600680000.0,0.0,0.0,0.0,137.34,0.0,0.0,142.55,0.9999253857184062,1.0,1224.8752111000028,1000.0,1224.8752111000028,1000.0,0.0,0.0
6790,1666604280000.0,0.0,0.0,0.0,137.34,0.0,0.0,143.25,0.9999253857184062,1.0,1224.8752111000028,1000.0,1224.8752111000028,1000.0,0.0,0.0
6791,1666607880000.0,0.0,0.0,0.0,137.34,0.0,0.0,143.0,0.9999253857184062,1.0,1224.8752111000028,1000.0,1224.8752111000028,1000.0,0.0,0.0
6792,1666611480000.0,0.0,0.0,0.0,137.34,0.0,0.0,142.3,0.9999253857184062,1.0,1224.8752111000028,1000.0,1224.8752111000028,1000.0,0.0,0.0
6793,1666615080000.0,0.0,0.0,0.0,137.34,0.0,0.0,141.95,0.9999253857184062,1.0,1224.8752111000028,1000.0,1224.8752111000028,1000.0,0.0,0.0
6794,1666618680000.0,0.0,0.0,0.0,137.34,0.0,0.0,142.6,0.9999253857184062,1.0,1224.8752111000028,1000.0,1224.8752111000028,1000.0,0.0,0.0
6795,1666622280000.0,0.0,0.0,0.0,137.34,0.0,0.0,142.05,0.9999253857184062,1.0,1224.8752111000028,1000.0,1224.8752111000028,1000.0,0.0,0.0
6796,1666625880000.0,0.0,0.0,0.0,137.34,0.0,0.0,142.5,0.9999253857184062,1.0,1224.8752111000028,1000.0,1224.8752111000028,1000.0,0.0,0.0
6797,1666629480000.0,0.0,0.0,0.0,137.34,0.0,0.0,142.75,0.9999253857184062,1.0,1224.8752111000028,1000.0,1224.8752111000028,1000.0,0.0,0.0
6798,1666633080000.0,0.0,0.0,0.0,137.34,0.0,0.0,142.75,0.9999253857184062,1.0,1224.8752111000028,1000.0,1224.8752111000028,1000.0,0.0,0.0
6799,1666636680000.0,0.0,0.0,0.0,137.34,0.0,0.0,143.05,0.9999253857184062,1.0,1224.8752111000028,1000.0,1224.8752111000028,1000.0,0.0,0.0
6800,1666640280000.0,0.0,0.0,0.0,137.34,0.0,0.0,142.7,0.9999253857184062,1.0,1224.8752111000028,1000.0,1224.8752111000028,1000.0,0.0,0.0
6801,1666643880000.0,0.0,0.0,0.0,137.34,0.0,0.0,142.6,0.9999253857184062,1.0,1224.8752111000028,1000.0,1224.8752111000028,1000.0,0.0,0.0
6802,1666647480000.0,0.0,0.0,0.0,137.34,0.0,0.0,142.85,0.9999253857184062,1.0,1224.8752111000028,1000.0,1224.8752111000028,1000.0,0.0,0.0
6803,1666651080000.0,0.0,0.0,0.0,137.34,0.0,0.0,143.0,0.9999253857184062,1.0,1224.8752111000028,1000.0,1224.8752111000028,1000.0,0.0,0.0
6804,1666654680000.0,0.0,0.0,0.0,137.34,0.0,0.0,143.1,0.9999253857184062,1.0,1224.8752111000028,1000.0,1224.8752111000028,1000.0,0.0,0.0
6805,1666658280000.0,0.0,0.0,0.0,137.34,0.0,0.0,143.65,0.9999253857184062,1.0,1224.8752111000028,1000.0,1224.8752111000028,1000.0,0.0,0.0
6806,1666661880000.0,0.0,0.0,0.0,137.34,0.0,0.0,143.25,0.9999253857184062,1.0,1224.8752111000028,1000.0,1224.8752111000028,1000.0,0.0,0.0
6807,1666665480000.0,0.0,0.0,0.0,137.34,0.0,0.0,143.5,0.9999253857184062,1.0,1224.8752111000028,1000.0,1224.8752111000028,1000.0,0.0,0.0
6808,1666669080000.0,0.0,0.0,0.0,137.34,0.0,0.0,143.75,0.9999253857184062,1.0,1224.8752111000028,1000.0,1224.8752111000028,1000.0,0.0,0.0
6809,1666672680000.0,0.0,0.0,0.0,137.34,0.0,0.0,143.75,0.9999253857184062,1.0,1224.8752111000028,1000.0,1224.8752111000028,1000.0,0.0,0.0
6810,1666676280000.0,0.0,0.0,0.0,137.34,0.0,0.0,143.9,0.9999253857184062,1.0,1224.8752111000028,1000.0,1224.8752111000028,1000.0,0.0,0.0
6811,1666679880000.0,0.0,0.0,0.0,137.34,0.0,0.0,144.1,0.9999253857184062,1.0,1224.8752111000028,1000.0,1224.8752111000028,1000.0,0.0,0.0
6812,1666683480000.0,0.0,0.0,0.0,137.34,0.0,0.0,143.95,0.9999253857184062,1.0,1224.8752111000028,1000.0,1224.8752111000028,1000.0,0.0,0.0
6813,1666687080000.0,0.0,0.0,0.0,137.34,0.0,0.0,144.15,0.9999253857184062,1.0,1224.8752111000028,1000.0,1224.8752111000028,1000.0,0.0,0.0
6814,1666690680000.0,0.0,0.0,0.0,137.34,0.0,0.0,144.3,0.9999253857184062,1.0,1224.8752111000028,1000.0,1224.8752111000028,1000.0,0.0,0.0
6815,1666694280000.0,0.0,0.0,0.0,137.34,0.0,0.0,144.65,0.9999253857184062,1.0,1224.8752111000028,1000.0,1224.8752111000028,1000.0,0.0,0.0
6816,1666697880000.0,0.0,0.0,0.0,137.34,0.0,0.0,144.65,0.9999253857184062,1.0,1224.8752111000028,1000.0,1224.8752111000028,1000.0,0.0,0.0
6817,1666701480000.0,0.0,0.0,0.0,137.34,0.0,0.0,143.5,0.9999253857184062,1.0,1224.8752111000028,1000.0,1224.8752111000028,1000.0,0.0,0.0
6818,1666705080000.0,0.0,0.0,0.0,137.34,0.0,0.0,144.25,0.9999253857184062,1.0,1224.8752111000028,1000.0,1224.8752111000028,1000.0,0.0,0.0
6819,1666708680000.0,0.0,0.0,0.0,137.34,0.0,0.0,144.25,0.9999253857184062,1.0,1224.8752111000028,1000.0,1224.8752111000028,1000.0,0.0,0.0
6820,1666712280000.0,0.0,0.0,0.0,137.34,0.0,0.0,144.65,0.9999253857184062,1.0,1224.8752111000028,1000.0,1224.8752111000028,1000.0,0.0,0.0
6821,1666715880000.0,0.0,0.0,0.0,137.34,0.0,0.0,144.0,0.9999253857184062,1.0,1224.8752111000028,1000.0,1224.8752111000028,1000.0,0.0,0.0
6822,1666719480000.0,0.0,0.0,0.0,137.34,0.0,0.0,145.5,0.9999253857184062,1.0,1224.8752111000028,1000.0,1224.8752111000028,1000.0,0.0,0.0
6823,1666723080000.0,0.0,0.0,0.0,137.34,0.0,0.0,145.75,0.9999253857184062,1.0,1224.8752111000028,1000.0,1224.8752111000028,1000.0,0.0,0.0
6824,1666726680000.0,0.0,0.0,0.0,137.34,0.0,0.0,145.25,0.9999253857184062,1.0,1224.8752111000028,1000.0,1224.8752111000028,1000.0,0.0,0.0
6825,1666730280000.0,0.0,0.0,0.0,137.34,0.0,0.0,143.95,0.9999253857184062,1.0,1224.8752111000028,1000.0,1224.8752111000028,1000.0,0.0,0.0
6826,1666733880000.0,0.0,0.0,0.0,137.34,0.0,0.0,143.85,0.9999253857184062,1.0,1224.8752111000028,1000.0,1224.8752111000028,1000.0,0.0,0.0
6827,1666737480000.0,0.0,0.0,0.0,137.34,0.0,0.0,143.35,0.9999253857184062,1.0,1224.8752111000028,1000.0,1224.8752111000028,1000.0,0.0,0.0
6828,1666741080000.0,0.0,0.0,0.0,137.34,0.0,0.0,143.95,0.9999253857184062,1.0,1224.8752111000028,1000.0,1224.8752111000028,1000.0,0.0,0.0
6829,1666744680000.0,0.0,0.0,0.0,137.34,0.0,0.0,144.0,0.9999253857184062,1.0,1224.8752111000028,1000.0,1224.8752111000028,1000.0,0.0,0.0
6830,1666748280000.0,0.0,0.0,0.0,137.34,0.0,0.0,144.4,0.9999253857184062,1.0,1224.8752111000028,1000.0,1224.8752111000028,1000.0,0.0,0.0
6831,1666751880000.0,0.0,0.0,0.0,137.34,0.0,0.0,144.6,0.9999253857184062,1.0,1224.8752111000028,1000.0,1224.8752111000028,1000.0,0.0,0.0
6832,1666755480000.0,0.0,0.0,0.0,137.34,0.0,0.0,145.2,0.9999253857184062,1.0,1224.8752111000028,1000.0,1224.8752111000028,1000.0,0.0,0.0
6833,1666759080000.0,0.0,0.0,0.0,137.34,0.0,0.0,145.55,0.9999253857184062,1.0,1224.8752111000028,1000.0,1224.8752111000028,1000.0,0.0,0.0
6834,1666762680000.0,0.0,0.0,0.0,137.34,0.0,0.0,144.7,0.9999253857184062,1.0,1224.8752111000028,1000.0,1224.8752111000028,1000.0,0.0,0.0
6835,1666766280000.0,0.0,0.0,0.0,137.34,0.0,0.0,144.95,0.9999253857184062,1.0,1224.8752111000028,1000.0,1224.8752111000028,1000.0,0.0,0.0
6836,1666769880000.0,0.0,0.0,0.0,137.34,0.0,0.0,145.45,0.9999253857184062,1.0,1224.8752111000028,1000.0,1224.8752111000028,1000.0,0.0,0.0
6837,1666773480000.0,0.0,0.0,0.0,137.34,0.0,0.0,146.05,0.9999253857184062,1.0,1224.8752111000028,1000.0,1224.8752111000028,1000.0,0.0,0.0
6838,1666777080000.0,0.0,0.0,0.0,137.34,0.0,0.0,145.55,0.9999253857184062,1.0,1224.8752111000028,1000.0,1224.8752111000028,1000.0,0.0,0.0
6839,1666780680000.0,0.0,0.0,0.0,137.34,0.0,0.0,146.0,0.9999253857184062,1.0,1224.8752111000028,1000.0,1224.8752111000028,1000.0,0.0,0.0
6840,1666784280000.0,0.0,0.0,0.0,137.34,0.0,0.0,146.0,0.9999253857184062,1.0,1224.8752111000028,1000.0,1224.8752111000028,1000.0,0.0,0.0
6841,1666787880000.0,0.0,0.0,0.0,137.34,0.0,0.0,145.3,0.9999253857184062,1.0,1224.8752111000028,1000.0,1224.8752111000028,1000.0,0.0,0.0
6842,1666791480000.0,0.0,0.0,0.0,137.34,0.0,0.0,145.2,0.9999253857184062,1.0,1224.8752111000028,1000.0,1224.8752111000028,1000.0,0.0,0.0
6843,1666795080000.0,0.0,0.0,0.0,137.34,0.0,0.0,146.7,0.9999253857184062,1.0,1224.8752111000028,1000.0,1224.8752111000028,1000.0,0.0,0.0
6844,1666798680000.0,0.0,0.0,0.0,137.34,0.0,0.0,147.15,0.9999253857184062,1.0,1224.8752111000028,1000.0,1224.8752111000028,1000.0,0.0,0.0
6845,1666802280000.0,0.0,0.0,0.0,137.34,0.0,0.0,146.9,0.9999253857184062,1.0,1224.8752111000028,1000.0,1224.8752111000028,1000.0,0.0,0.0
6846,1666805880000.0,0.0,0.0,0.0,137.34,0.0,0.0,146.95,0.9999253857184062,1.0,1224.8752111000028,1000.0,1224.8752111000028,1000.0,0.0,0.0
6847,1666809480000.0,0.0,0.0,0.0,137.34,0.0,0.0,147.35,0.9999253857184062,1.0,1224.8752111000028,1000.0,1224.8752111000028,1000.0,0.0,0.0
6848,1666813080000.0,0.0,0.0,0.0,137.34,0.0,0.0,147.5,0.9999253857184062,1.0,1224.8752111000028,1000.0,1224.8752111000028,1000.0,0.0,0.0
6849,1666816680000.0,0.0,0.0,0.0,137.34,0.0,0.0,147.15,0.9999253857184062,1.0,1224.8752111000028,1000.0,1224.8752111000028,1000.0,0.0,0.0
6850,1666820280000.0,0.0,0.0,0.0,137.34,0.0,0.0,146.4,0.9999253857184062,1.0,1224.8752111000028,1000.0,1224.8752111000028,1000.0,0.0,0.0
6851,1666823880000.0,0.0,0.0,0.0,137.34,0.0,0.0,146.3,0.9999253857184062,1.0,1224.8752111000028,1000.0,1224.8752111000028,1000.0,0.0,0.0
6852,1666827480000.0,0.0,0.0,0.0,137.34,0.0,0.0,146.8,0.9999253857184062,1.0,1224.8752111000028,1000.0,1224.8752111000028,1000.0,0.0,0.0
6853,1666831080000.0,0.0,0.0,0.0,137.34,0.0,0.0,146.8,0.9999253857184062,1.0,1224.8752111000028,1000.0,1224.8752111000028,1000.0,0.0,0.0
6854,1666834680000.0,0.0,0.0,0.0,137.34,0.0,0.0,147.55,0.9999253857184062,1.0,1224.8752111000028,1000.0,1224.8752111000028,1000.0,0.0,0.0
6855,1666838280000.0,0.0,0.0,0.0,137.34,0.0,0.0,146.5,0.9999253857184062,1.0,1224.8752111000028,1000.0,1224.8752111000028,1000.0,0.0,0.0
6856,1666841880000.0,0.0,0.0,0.0,137.34,0.0,0.0,147.55,0.9999253857184062,1.0,1224.8752111000028,1000.0,1224.8752111000028,1000.0,0.0,0.0
6857,1666845480000.0,0.0,0.0,0.0,137.34,0.0,0.0,148.6,0.9999253857184062,1.0,1224.8752111000028,1000.0,1224.8752111000028,1000.0,0.0,0.0
6858,1666849080000.0,0.0,0.0,0.0,137.34,0.0,0.0,149.25,0.9999253857184062,1.0,1224.8752111000028,1000.0,1224.8752111000028,1000.0,0.0,0.0
6859,1666852680000.0,0.0,0.0,0.0,137.34,0.0,0.0,149.0,0.9999253857184062,1.0,1224.8752111000028,1000.0,1224.8752111000028,1000.0,0.0,0.0
6860,1666856280000.0,0.0,0.0,0.0,137.34,0.0,0.0,147.75,0.9999253857184062,1.0,1224.8752111000028,1000.0,1224.8752111000028,1000.0,0.0,0.0
6861,1666859880000.0,0.0,0.0,0.0,137.34,0.0,0.0,148.2,0.9999253857184062,1.0,1224.8752111000028,1000.0,1224.8752111000028,1000.0,0.0,0.0
6862,1666863480000.0,0.0,0.0,0.0,137.34,0.0,0.0,146.65,0.9999253857184062,1.0,1224.8752111000028,1000.0,1224.8752111000028,1000.0,0.0,0.0
6863,1666867080000.0,0.0,0.0,0.0,137.34,0.0,0.0,146.35,0.9999253857184062,1.0,1224.8752111000028,1000.0,1224.8752111000028,1000.0,0.0,0.0
6864,1666870680000.0,0.0,0.0,0.0,137.34,0.0,0.0,146.75,0.9999253857184062,1.0,1224.8752111000028,1000.0,1224.8752111000028,1000.0,0.0,0.0
6865,1666874280000.0,0.0,0.0,0.0,137.34,0.0,0.0,146.75,0.9999253857184062,1.0,1224.8752111000028,1000.0,1224.8752111000028,1000.0,0.0,0.0
6866,1666877880000.0,0.0,0.0,0.0,137.34,0.0,0.0,148.0,0.9999253857184062,1.0,1224.8752111000028,1000.0,1224.8752111000028,1000.0,0.0,0.0
6867,1666881480000.0,0.0,0.0,0.0,137.34,0.0,0.0,146.7,0.9999253857184062,1.0,1224.8752111000028,1000.0,1224.8752111000028,1000.0,0.0,0.0
6868,1666885080000.0,0.0,0.0,0.0,137.34,0.0,0.0,147.15,0.9999253857184062,1.0,1224.8752111000028,1000.0,1224.8752111000028,1000.0,0.0,0.0
6869,1666888680000.0,0.0,0.0,0.0,137.34,0.0,0.0,146.15,0.9999253857184062,1.0,1224.8752111000028,1000.0,1224.8752111000028,1000.0,0.0,0.0
6870,1666892280000.0,0.0,0.0,0.0,137.34,0.0,0.0,147.75,0.9999253857184062,1.0,1224.8752111000028,1000.0,1224.8752111000028,1000.0,0.0,0.0
6871,1666895880000.0,0.0,0.0,0.0,137.34,0.0,0.0,148.65,0.9999253857184062,1.0,1224.8752111000028,1000.0,1224.8752111000028,1000.0,0.0,0.0
6872,1666899480000.0,0.0,0.0,0.0,137.34,0.0,0.0,149.0,0.9999253857184062,1.0,1224.8752111000028,1000.0,1224.8752111000028,1000.0,0.0,0.0
6873,1666903080000.0,0.0,0.0,0.0,137.34,0.0,0.0,147.0,0.9999253857184062,1.0,1224.8752111000028,1000.0,1224.8752111000028,1000.0,0.0,0.0
6874,1666906680000.0,0.0,0.0,0.0,137.34,0.0,0.0,146.3,0.9999253857184062,1.0,1224.8752111000028,1000.0,1224.8752111000028,1000.0,0.0,0.0
6875,1666910280000.0,0.0,0.0,0.0,137.34,0.0,0.0,146.05,0.9999253857184062,1.0,1224.8752111000028,1000.0,1224.8752111000028,1000.0,0.0,0.0
6876,1666913880000.0,0.0,0.0,0.0,137.34,0.0,0.0,145.05,0.9999253857184062,1.0,1224.8752111000028,1000.0,1224.8752111000028,1000.0,0.0,0.0
6877,1666917480000.0,0.0,0.0,0.0,137.34,0.0,0.0,146.5,0.9999253857184062,1.0,1224.8752111000028,1000.0,1224.8752111000028,1000.0,0.0,0.0
6878,1666921080000.0,0.0,0.0,0.0,137.34,0.0,0.0,147.0,0.9999253857184062,1.0,1224.8752111000028,1000.0,1224.8752111000028,1000.0,0.0,0.0
6879,1666924680000.0,0.0,0.0,0.0,137.34,0.0,0.0,145.7,0.9999253857184062,1.0,1224.8752111000028,1000.0,1224.8752111000028,1000.0,0.0,0.0
6880,1666928280000.0,0.0,0.0,0.0,137.34,0.0,0.0,145.75,0.9999253857184062,1.0,1224.8752111000028,1000.0,1224.8752111000028,1000.0,0.0,0.0
6881,1666931880000.0,0.0,0.0,0.0,137.34,0.0,0.0,145.95,0.9999253857184062,1.0,1224.8752111000028,1000.0,1224.8752111000028,1000.0,0.0,0.0
6882,1666935480000.0,0.0,0.0,0.0,137.34,0.0,0.0,144.95,0.9999253857184062,1.0,1224.8752111000028,1000.0,1224.8752111000028,1000.0,0.0,0.0
6883,1666939080000.0,0.0,0.0,0.0,137.34,0.0,0.0,144.7,0.9999253857184062,1.0,1224.8752111000028,1000.0,1224.8752111000028,1000.0,0.0,0.0
6884,1666942680000.0,0.0,0.0,0.0,137.34,0.0,0.0,144.15,0.9999253857184062,1.0,1224.8752111000028,1000.0,1224.8752111000028,1000.0,0.0,0.0
6885,1666946280000.0,0.0,0.0,0.0,137.34,0.0,0.0,145.2,0.9999253857184062,1.0,1224.8752111000028,1000.0,1224.8752111000028,1000.0,0.0,0.0
6886,1666949880000.0,0.0,0.0,0.0,137.34,0.0,0.0,145.7,0.9999253857184062,1.0,1224.8752111000028,1000.0,1224.8752111000028,1000.0,0.0,0.0
6887,1666953480000.0,0.0,0.0,0.0,137.34,0.0,0.0,145.0,0.9999253857184062,1.0,1224.8752111000028,1000.0,1224.8752111000028,1000.0,0.0,0.0
6888,1666957080000.0,0.0,0.0,0.0,137.34,0.0,0.0,145.0,0.9999253857184062,1.0,1224.8752111000028,1000.0,1224.8752111000028,1000.0,0.0,0.0
6889,1666960680000.0,0.0,0.0,0.0,137.34,0.0,0.0,144.75,0.9999253857184062,1.0,1224.8752111000028,1000.0,1224.8752111000028,1000.0,0.0,0.0
6890,1666964280000.0,0.0,0.0,0.0,137.34,0.0,0.0,145.25,0.9999253857184062,1.0,1224.8752111000028,1000.0,1224.8752111000028,1000.0,0.0,0.0
6891,1666967880000.0,0.0,0.0,0.0,137.34,0.0,0.0,145.0,0.9999253857184062,1.0,1224.8752111000028,1000.0,1224.8752111000028,1000.0,0.0,0.0
6892,1666971480000.0,0.0,0.0,0.0,137.34,0.0,0.0,144.75,0.9999253857184062,1.0,1224.8752111000028,1000.0,1224.8752111000028,1000.0,0.0,0.0
6893,1666975080000.0,0.0,0.0,0.0,137.34,0.0,0.0,145.65,0.9999253857184062,1.0,1224.8752111000028,1000.0,1224.8752111000028,1000.0,0.0,0.0
6894,1666978680000.0,0.0,0.0,0.0,137.34,0.0,0.0,145.8,0.9999253857184062,1.0,1224.8752111000028,1000.0,1224.8752111000028,1000.0,0.0,0.0
6895,1666982280000.0,0.0,0.0,0.0,137.34,0.0,0.0,145.75,0.9999253857184062,1.0,1224.8752111000028,1000.0,1224.8752111000028,1000.0,0.0,0.0
6896,1666985880000.0,0.0,0.0,0.0,137.34,0.0,0.0,146.1,0.9999253857184062,1.0,1224.8752111000028,1000.0,1224.8752111000028,1000.0,0.0,0.0
6897,1666989480000.0,0.0,0.0,0.0,137.34,0.0,0.0,147.85,0.9999253857184062,1.0,1224.8752111000028,1000.0,1224.8752111000028,1000.0,0.0,0.0
6898,1666993080000.0,0.0,0.0,0.0,137.34,0.0,0.0,147.9,0.9999253857184062,1.0,1224.8752111000028,1000.0,1224.8752111000028,1000.0,0.0,0.0
6899,1666996680000.0,0.0,0.0,0.0,137.34,0.0,0.0,146.2,0.9999253857184062,1.0,1224.8752111000028,1000.0,1224.8752111000028,1000.0,0.0,0.0
6900,1667000280000.0,0.0,0.0,0.0,137.34,0.0,0.0,146.65,0.9999253857184062,1.0,1224.8752111000028,1000.0,1224.8752111000028,1000.0,0.0,0.0
6901,1667003880000.0,0.0,0.0,0.0,137.34,0.0,0.0,147.0,0.9999253857184062,1.0,1224.8752111000028,1000.0,1224.8752111000028,1000.0,0.0,0.0
6902,1667007480000.0,0.0,0.0,0.0,137.34,0.0,0.0,147.0,0.9999253857184062,1.0,1224.8752111000028,1000.0,1224.8752111000028,1000.0,0.0,0.0
6903,1667011080000.0,0.0,0.0,0.0,137.34,0.0,0.0,146.45,0.9999253857184062,1.0,1224.8752111000028,1000.0,1224.8752111000028,1000.0,0.0,0.0
6904,1667014680000.0,0.0,0.0,0.0,137.34,0.0,0.0,147.25,0.9999253857184062,1.0,1224.8752111000028,1000.0,1224.8752111000028,1000.0,0.0,0.0
6905,1667018280000.0,0.0,0.0,0.0,137.34,0.0,0.0,146.9,0.9999253857184062,1.0,1224.8752111000028,1000.0,1224.8752111000028,1000.0,0.0,0.0
6906,1667021880000.0,0.0,0.0,0.0,137.34,0.0,0.0,146.5,0.9999253857184062,1.0,1224.8752111000028,1000.0,1224.8752111000028,1000.0,0.0,0.0
6907,1667025480000.0,0.0,0.0,0.0,137.34,0.0,0.0,146.75,0.9999253857184062,1.0,1224.8752111000028,1000.0,1224.8752111000028,1000.0,0.0,0.0
6908,1667029080000.0,0.0,0.0,0.0,137.34,0.0,0.0,147.55,0.9999253857184062,1.0,1224.8752111000028,1000.0,1224.8752111000028,1000.0,0.0,0.0
6909,1667032680000.0,0.0,0.0,0.0,137.34,0.0,0.0,148.15,0.9999253857184062,1.0,1224.8752111000028,1000.0,1224.8752111000028,1000.0,0.0,0.0
6910,1667036280000.0,0.0,0.0,0.0,137.34,0.0,0.0,148.45,0.9999253857184062,1.0,1224.8752111000028,1000.0,1224.8752111000028,1000.0,0.0,0.0
6911,1667039880000.0,0.0,0.0,0.0,137.34,0.0,0.0,147.3,0.9999253857184062,1.0,1224.8752111000028,1000.0,1224.8752111000028,1000.0,0.0,0.0
6912,1667043480000.0,0.0,0.0,0.0,137.34,0.0,0.0,147.25,0.9999253857184062,1.0,1224.8752111000028,1000.0,1224.8752111000028,1000.0,0.0,0.0
6913,1667047080000.0,0.0,0.0,0.0,137.34,0.0,0.0,147.75,0.9999253857184062,1.0,1224.8752111000028,1000.0,1224.8752111000028,1000.0,0.0,0.0
6914,1667050680000.0,0.0,0.0,0.0,137.34,0.0,0.0,147.7,0.9999253857184062,1.0,1224.8752111000028,1000.0,1224.8752111000028,1000.0,0.0,0.0
6915,1667054280000.0,0.0,0.0,0.0,137.34,0.0,0.0,147.8,0.9999253857184062,1.0,1224.8752111000028,1000.0,1224.8752111000028,1000.0,0.0,0.0
6916,1667057880000.0,0.0,0.0,0.0,137.34,0.0,0.0,148.45,0.9999253857184062,1.0,1224.8752111000028,1000.0,1224.8752111000028,1000.0,0.0,0.0
6917,1667061480000.0,0.0,0.0,0.0,137.34,0.0,0.0,148.5,0.9999253857184062,1.0,1224.8752111000028,1000.0,1224.8752111000028,1000.0,0.0,0.0
6918,1667065080000.0,0.0,0.0,0.0,137.34,0.0,0.0,148.65,0.9999253857184062,1.0,1224.8752111000028,1000.0,1224.8752111000028,1000.0,0.0,0.0
6919,1667068680000.0,0.0,0.0,0.0,137.34,0.0,0.0,147.25,0.9999253857184062,1.0,1224.8752111000028,1000.0,1224.8752111000028,1000.0,0.0,0.0
6920,1667072280000.0,0.0,0.0,0.0,137.34,0.0,0.0,147.4,0.9999253857184062,1.0,1224.8752111000028,1000.0,1224.8752111000028,1000.0,0.0,0.0
6921,1667075880000.0,0.0,0.0,0.0,137.34,0.0,0.0,148.5,0.9999253857184062,1.0,1224.8752111000028,1000.0,1224.8752111000028,1000.0,0.0,0.0
6922,1667079480000.0,0.0,0.0,0.0,137.34,0.0,0.0,149.05,0.9999253857184062,1.0,1224.8752111000028,1000.0,1224.8752111000028,1000.0,0.0,0.0
6923,1667083080000.0,0.0,0.0,0.0,137.34,0.0,0.0,148.55,0.9999253857184062,1.0,1224.8752111000028,1000.0,1224.8752111000028,1000.0,0.0,0.0
6924,1667086680000.0,0.0,0.0,0.0,137.34,0.0,0.0,148.45,0.9999253857184062,1.0,1224.8752111000028,1000.0,1224.8752111000028,1000.0,0.0,0.0
6925,1667090280000.0,0.0,0.0,0.0,137.34,0.0,0.0,148.55,0.9999253857184062,1.0,1224.8752111000028,1000.0,1224.8752111000028,1000.0,0.0,0.0
6926,1667093880000.0,0.0,0.0,0.0,137.34,0.0,0.0,149.4,0.9999253857184062,1.0,1224.8752111000028,1000.0,1224.8752111000028,1000.0,0.0,0.0
6927,1667097480000.0,0.0,0.0,0.0,137.34,0.0,0.0,148.9,0.9999253857184062,1.0,1224.8752111000028,1000.0,1224.8752111000028,1000.0,0.0,0.0
6928,1667101080000.0,0.0,0.0,0.0,137.34,0.0,0.0,149.25,0.9999253857184062,1.0,1224.8752111000028,1000.0,1224.8752111000028,1000.0,0.0,0.0
6929,1667104680000.0,0.0,0.0,0.0,137.34,0.0,0.0,149.4,0.9999253857184062,1.0,1224.8752111000028,1000.0,1224.8752111000028,1000.0,0.0,0.0
6930,1667108280000.0,0.0,0.0,0.0,137.34,0.0,0.0,149.5,0.9999253857184062,1.0,1224.8752111000028,1000.0,1224.8752111000028,1000.0,0.0,0.0
6931,1667111880000.0,0.0,0.0,0.0,137.34,0.0,0.0,149.15,0.9999253857184062,1.0,1224.8752111000028,1000.0,1224.8752111000028,1000.0,0.0,0.0
6932,1667115480000.0,0.0,0.0,0.0,137.34,0.0,0.0,149.5,0.9999253857184062,1.0,1224.8752111000028,1000.0,1224.8752111000028,1000.0,0.0,0.0
6933,1667119080000.0,0.0,0.0,0.0,137.34,0.0,0.0,149.05,0.9999253857184062,1.0,1224.8752111000028,1000.0,1224.8752111000028,1000.0,0.0,0.0
6934,1667122680000.0,0.0,0.0,0.0,137.34,0.0,0.0,149.0,0.9999253857184062,1.0,1224.8752111000028,1000.0,1224.8752111000028,1000.0,0.0,0.0
6935,1667126280000.0,0.0,0.0,0.0,137.34,0.0,0.0,148.2,0.9999253857184062,1.0,1224.8752111000028,1000.0,1224.8752111000028,1000.0,0.0,0.0
6936,1667129880000.0,0.0,0.0,0.0,137.34,0.0,0.0,148.7,0.9999253857184062,1.0,1224.8752111000028,1000.0,1224.8752111000028,1000.0,0.0,0.0
6937,1667133480000.0,0.0,0.0,0.0,137.34,0.0,0.0,148.25,0.9999253857184062,1.0,1224.8752111000028,1000.0,1224.8752111000028,1000.0,0.0,0.0
6938,1667137080000.0,0.0,0.0,0.0,137.34,0.0,0.0,147.7,0.9999253857184062,1.0,1224.8752111000028,1000.0,1224.8752111000028,1000.0,0.0,0.0
6939,1667140680000.0,0.0,0.0,0.0,137.34,0.0,0.0,148.5,0.9999253857184062,1.0,1224.8752111000028,1000.0,1224.8752111000028,1000.0,0.0,0.0
6940,1667144280000.0,0.0,0.0,0.0,137.34,0.0,0.0,147.9,0.9999253857184062,1.0,1224.8752111000028,1000.0,1224.8752111000028,1000.0,0.0,0.0
6941,1667147880000.0,0.0,0.0,0.0,137.34,0.0,0.0,146.65,0.9999253857184062,1.0,1224.8752111000028,1000.0,1224.8752111000028,1000.0,0.0,0.0
6942,1667151480000.0,0.0,0.0,0.0,137.34,0.0,0.0,147.0,0.9999253857184062,1.0,1224.8752111000028,1000.0,1224.8752111000028,1000.0,0.0,0.0
6943,1667155080000.0,0.0,0.0,0.0,137.34,0.0,0.0,148.3,0.9999253857184062,1.0,1224.8752111000028,1000.0,1224.8752111000028,1000.0,0.0,0.0
6944,1667158680000.0,0.0,0.0,0.0,137.34,0.0,0.0,148.85,0.9999253857184062,1.0,1224.8752111000028,1000.0,1224.8752111000028,1000.0,0.0,0.0
6945,1667162280000.0,0.0,0.0,0.0,137.34,0.0,0.0,149.1,0.9999253857184062,1.0,1224.8752111000028,1000.0,1224.8752111000028,1000.0,0.0,0.0
6946,1667165880000.0,0.0,0.0,0.0,137.34,0.0,0.0,148.6,0.9999253857184062,1.0,1224.8752111000028,1000.0,1224.8752111000028,1000.0,0.0,0.0
6947,1667169480000.0,0.0,0.0,0.0,137.34,0.0,0.0,147.0,0.9999253857184062,1.0,1224.8752111000028,1000.0,1224.8752111000028,1000.0,0.0,0.0
6948,1667173080000.0,0.0,0.0,0.0,137.34,0.0,0.0,147.4,0.9999253857184062,1.0,1224.8752111000028,1000.0,1224.8752111000028,1000.0,0.0,0.0
6949,1667176680000.0,0.0,0.0,0.0,137.34,0.0,0.0,147.25,0.9999253857184062,1.0,1224.8752111000028,1000.0,1224.8752111000028,1000.0,0.0,0.0
6950,1667180280000.0,0.0,0.0,0.0,137.34,0.0,0.0,148.45,0.9999253857184062,1.0,1224.8752111000028,1000.0,1224.8752111000028,1000.0,0.0,0.0
6951,1667183880000.0,0.0,0.0,0.0,137.34,0.0,0.0,146.75,0.9999253857184062,1.0,1224.8752111000028,1000.0,1224.8752111000028,1000.0,0.0,0.0
6952,1667187480000.0,0.0,0.0,0.0,137.34,0.0,0.0,147.6,0.9999253857184062,1.0,1224.8752111000028,1000.0,1224.8752111000028,1000.0,0.0,0.0
6953,1667191080000.0,0.0,0.0,0.0,137.34,0.0,0.0,148.0,0.9999253857184062,1.0,1224.8752111000028,1000.0,1224.8752111000028,1000.0,0.0,0.0
6954,1667194680000.0,0.0,0.0,0.0,137.34,0.0,0.0,148.5,0.9999253857184062,1.0,1224.8752111000028,1000.0,1224.8752111000028,1000.0,0.0,0.0
6955,1667198280000.0,0.0,0.0,0.0,137.34,0.0,0.0,149.25,0.9999253857184062,1.0,1224.8752111000028,1000.0,1224.8752111000028,1000.0,0.0,0.0
6956,1667201880000.0,0.0,0.0,0.0,137.34,0.0,0.0,149.75,0.9999253857184062,1.0,1224.8752111000028,1000.0,1224.8752111000028,1000.0,0.0,0.0
6957,1667205480000.0,0.0,0.0,0.0,137.34,0.0,0.0,148.8,0.9999253857184062,1.0,1224.8752111000028,1000.0,1224.8752111000028,1000.0,0.0,0.0
6958,1667209080000.0,0.0,0.0,0.0,137.34,0.0,0.0,149.75,0.9999253857184062,1.0,1224.8752111000028,1000.0,1224.8752111000028,1000.0,0.0,0.0
6959,1667212680000.0,0.0,0.0,0.0,137.34,0.0,0.0,149.35,0.9999253857184062,1.0,1224.8752111000028,1000.0,1224.8752111000028,1000.0,0.0,0.0
6960,1667216280000.0,0.0,0.0,0.0,137.34,0.0,0.0,150.35,0.9999253857184062,1.0,1224.8752111000028,1000.0,1224.8752111000028,1000.0,0.0,0.0
6961,1667219880000.0,0.0,0.0,0.0,137.34,0.0,0.0,150.65,0.9999253857184062,1.0,1224.8752111000028,1000.0,1224.8752111000028,1000.0,0.0,0.0
6962,1667223480000.0,0.0,0.0,0.0,137.34,0.0,0.0,150.0,0.9999253857184062,1.0,1224.8752111000028,1000.0,1224.8752111000028,1000.0,0.0,0.0
6963,1667227080000.0,0.0,0.0,0.0,137.34,0.0,0.0,147.5,0.9999253857184062,1.0,1224.8752111000028,1000.0,1224.8752111000028,1000.0,0.0,0.0
6964,1667230680000.0,0.0,0.0,0.0,137.34,0.0,0.0,146.95,0.9999253857184062,1.0,1224.8752111000028,1000.0,1224.8752111000028,1000.0,0.0,0.0
6965,1667234280000.0,0.0,0.0,0.0,137.34,0.0,0.0,146.15,0.9999253857184062,1.0,1224.8752111000028,1000.0,1224.8752111000028,1000.0,0.0,0.0
6966,1667237880000.0,0.0,0.0,0.0,137.34,0.0,0.0,147.4,0.9999253857184062,1.0,1224.8752111000028,1000.0,1224.8752111000028,1000.0,0.0,0.0
6967,1667241480000.0,0.0,0.0,0.0,137.34,0.0,0.0,147.75,0.9999253857184062,1.0,1224.8752111000028,1000.0,1224.8752111000028,1000.0,0.0,0.0
6968,1667245080000.0,0.0,0.0,0.0,137.34,0.0,0.0,147.5,0.9999253857184062,1.0,1224.8752111000028,1000.0,1224.8752111000028,1000.0,0.0,0.0
6969,1667248680000.0,0.0,0.0,0.0,137.34,0.0,0.0,147.15,0.9999253857184062,1.0,1224.8752111000028,1000.0,1224.8752111000028,1000.0,0.0,0.0
6970,1667252280000.0,0.0,0.0,0.0,137.34,0.0,0.0,147.15,0.9999253857184062,1.0,1224.8752111000028,1000.0,1224.8752111000028,1000.0,0.0,0.0
6971,1667255880000.0,0.0,0.0,0.0,137.34,0.0,0.0,147.95,0.9999253857184062,1.0,1224.8752111000028,1000.0,1224.8752111000028,1000.0,0.0,0.0
6972,1667259480000.0,0.0,0.0,0.0,137.34,0.0,0.0,149.15,0.9999253857184062,1.0,1224.8752111000028,1000.0,1224.8752111000028,1000.0,0.0,0.0
6973,1667263080000.0,0.0,0.0,0.0,137.34,0.0,0.0,150.25,0.9999253857184062,1.0,1224.8752111000028,1000.0,1224.8752111000028,1000.0,0.0,0.0
6974,1667266680000.0,0.0,0.0,0.0,137.34,0.0,0.0,149.9,0.9999253857184062,1.0,1224.8752111000028,1000.0,1224.8752111000028,1000.0,0.0,0.0
6975,1667270280000.0,0.0,0.0,0.0,137.34,0.0,0.0,149.75,0.9999253857184062,1.0,1224.8752111000028,1000.0,1224.8752111000028,1000.0,0.0,0.0
6976,1667273880000.0,0.0,0.0,0.0,137.34,0.0,0.0,149.3,0.9999253857184062,1.0,1224.8752111000028,1000.0,1224.8752111000028,1000.0,0.0,0.0
6977,1667277480000.0,0.0,0.0,0.0,137.34,0.0,0.0,149.5,0.9999253857184062,1.0,1224.8752111000028,1000.0,1224.8752111000028,1000.0,0.0,0.0
6978,1667281080000.0,0.0,0.0,0.0,137.34,0.0,0.0,148.9,0.9999253857184062,1.0,1224.8752111000028,1000.0,1224.8752111000028,1000.0,0.0,0.0
6979,1667284680000.0,0.0,0.0,0.0,137.34,0.0,0.0,149.2,0.9999253857184062,1.0,1224.8752111000028,1000.0,1224.8752111000028,1000.0,0.0,0.0
6980,1667288280000.0,0.0,0.0,0.0,137.34,0.0,0.0,149.3,0.9999253857184062,1.0,1224.8752111000028,1000.0,1224.8752111000028,1000.0,0.0,0.0
6981,1667291880000.0,0.0,0.0,0.0,137.34,0.0,0.0,149.8,0.9999253857184062,1.0,1224.8752111000028,1000.0,1224.8752111000028,1000.0,0.0,0.0
6982,1667295480000.0,0.0,0.0,0.0,137.34,0.0,0.0,149.55,0.9999253857184062,1.0,1224.8752111000028,1000.0,1224.8752111000028,1000.0,0.0,0.0
6983,1667299080000.0,0.0,0.0,0.0,137.34,0.0,0.0,149.5,0.9999253857184062,1.0,1224.8752111000028,1000.0,1224.8752111000028,1000.0,0.0,0.0
6984,1667302680000.0,0.0,0.0,0.0,137.34,0.0,0.0,149.0,0.9999253857184062,1.0,1224.8752111000028,1000.0,1224.8752111000028,1000.0,0.0,0.0
6985,1667306280000.0,0.0,0.0,0.0,137.34,0.0,0.0,149.7,0.9999253857184062,1.0,1224.8752111000028,1000.0,1224.8752111000028,1000.0,0.0,0.0
6986,1667309880000.0,0.0,0.0,0.0,137.34,0.0,0.0,150.1,0.9999253857184062,1.0,1224.8752111000028,1000.0,1224.8752111000028,1000.0,0.0,0.0
6987,1667313480000.0,0.0,0.0,0.0,137.34,0.0,0.0,148.9,0.9999253857184062,1.0,1224.8752111000028,1000.0,1224.8752111000028,1000.0,0.0,0.0
6988,1667317080000.0,0.0,0.0,0.0,137.34,0.0,0.0,149.4,0.9999253857184062,1.0,1224.8752111000028,1000.0,1224.8752111000028,1000.0,0.0,0.0
6989,1667320680000.0,0.0,0.0,0.0,137.34,0.0,0.0,148.5,0.9999253857184062,1.0,1224.8752111000028,1000.0,1224.8752111000028,1000.0,0.0,0.0
6990,1667324280000.0,0.0,0.0,0.0,137.34,0.0,0.0,149.0,0.9999253857184062,1.0,1224.8752111000028,1000.0,1224.8752111000028,1000.0,0.0,0.0
6991,1667327880000.0,0.0,0.0,0.0,137.34,0.0,0.0,149.9,0.9999253857184062,1.0,1224.8752111000028,1000.0,1224.8752111000028,1000.0,0.0,0.0
6992,1667331480000.0,0.0,0.0,0.0,137.34,0.0,0.0,149.85,0.9999253857184062,1.0,1224.8752111000028,1000.0,1224.8752111000028,1000.0,0.0,0.0
6993,1667335080000.0,0.0,0.0,0.0,137.34,0.0,0.0,149.9,0.9999253857184062,1.0,1224.8752111000028,1000.0,1224.8752111000028,1000.0,0.0,0.0
6994,1667338680000.0,0.0,0.0,0.0,137.34,0.0,0.0,150.85,0.9999253857184062,1.0,1224.8752111000028,1000.0,1224.8752111000028,1000.0,0.0,0.0
6995,1667342280000.0,0.0,0.0,0.0,137.34,0.0,0.0,150.55,0.9999253857184062,1.0,1224.8752111000028,1000.0,1224.8752111000028,1000.0,0.0,0.0
6996,1667345880000.0,0.0,0.0,0.0,137.34,0.0,0.0,149.9,0.9999253857184062,1.0,1224.8752111000028,1000.0,1224.8752111000028,1000.0,0.0,0.0
6997,1667349480000.0,0.0,0.0,0.0,137.34,0.0,0.0,149.25,0.9999253857184062,1.0,1224.8752111000028,1000.0,1224.8752111000028,1000.0,0.0,0.0
6998,1667353080000.0,0.0,0.0,0.0,137.34,0.0,0.0,149.9,0.9999253857184062,1.0,1224.8752111000028,1000.0,1224.8752111000028,1000.0,0.0,0.0
6999,1667356680000.0,0.0,0.0,0.0,137.34,0.0,0.0,149.5,0.9999253857184062,1.0,1224.8752111000028,1000.0,1224.8752111000028,1000.0,0.0,0.0
7000,1667360280000.0,0.0,0.0,0.0,137.34,0.0,0.0,149.85,0.9999253857184062,1.0,1224.8752111000028,1000.0,1224.8752111000028,1000.0,0.0,0.0
7001,1667363880000.0,0.0,0.0,0.0,137.34,0.0,0.0,150.5,0.9999253857184062,1.0,1224.8752111000028,1000.0,1224.8752111000028,1000.0,0.0,0.0
7002,1667367480000.0,0.0,0.0,0.0,137.34,0.0,0.0,150.75,0.9999253857184062,1.0,1224.8752111000028,1000.0,1224.8752111000028,1000.0,0.0,0.0
7003,1667371080000.0,0.0,0.0,0.0,137.34,0.0,0.0,150.0,0.9999253857184062,1.0,1224.8752111000028,1000.0,1224.8752111000028,1000.0,0.0,0.0
7004,1667374680000.0,0.0,0.0,0.0,137.34,0.0,0.0,149.75,0.9999253857184062,1.0,1224.8752111000028,1000.0,1224.8752111000028,1000.0,0.0,0.0
7005,1667378280000.0,0.0,0.0,0.0,137.34,0.0,0.0,149.95,0.9999253857184062,1.0,1224.8752111000028,1000.0,1224.8752111000028,1000.0,0.0,0.0
7006,1667381880000.0,0.0,0.0,0.0,137.34,0.0,0.0,150.75,0.9999253857184062,1.0,1224.8752111000028,1000.0,1224.8752111000028,1000.0,0.0,0.0
7007,1667385480000.0,0.0,0.0,0.0,137.34,0.0,0.0,149.9,0.9999253857184062,1.0,1224.8752111000028,1000.0,1224.8752111000028,1000.0,0.0,0.0
7008,1667389080000.0,0.0,0.0,0.0,137.34,0.0,0.0,150.1,0.9999253857184062,1.0,1224.8752111000028,1000.0,1224.8752111000028,1000.0,0.0,0.0
7009,1667392680000.0,0.0,0.0,0.0,137.34,0.0,0.0,149.05,0.9999253857184062,1.0,1224.8752111000028,1000.0,1224.8752111000028,1000.0,0.0,0.0
7010,1667396280000.0,0.0,0.0,0.0,137.34,0.0,0.0,148.6,0.9999253857184062,1.0,1224.8752111000028,1000.0,1224.8752111000028,1000.0,0.0,0.0
7011,1667399880000.0,0.0,0.0,0.0,137.34,0.0,0.0,149.5,0.9999253857184062,1.0,1224.8752111000028,1000.0,1224.8752111000028,1000.0,0.0,0.0
7012,1667403480000.0,0.0,0.0,0.0,137.34,0.0,0.0,149.2,0.9999253857184062,1.0,1224.8752111000028,1000.0,1224.8752111000028,1000.0,0.0,0.0
7013,1667407080000.0,0.0,0.0,0.0,137.34,0.0,0.0,148.3,0.9999253857184062,1.0,1224.8752111000028,1000.0,1224.8752111000028,1000.0,0.0,0.0
7014,1667410680000.0,0.0,0.0,0.0,137.34,0.0,0.0,148.5,0.9999253857184062,1.0,1224.8752111000028,1000.0,1224.8752111000028,1000.0,0.0,0.0
7015,1667414280000.0,0.0,0.0,0.0,137.34,0.0,0.0,148.95,0.9999253857184062,1.0,1224.8752111000028,1000.0,1224.8752111000028,1000.0,0.0,0.0
7016,1667417880000.0,0.0,0.0,0.0,137.34,0.0,0.0,147.4,0.9999253857184062,1.0,1224.8752111000028,1000.0,1224.8752111000028,1000.0,0.0,0.0
7017,1667421480000.0,0.0,0.0,0.0,137.34,0.0,0.0,145.5,0.9999253857184062,1.0,1224.8752111000028,1000.0,1224.8752111000028,1000.0,0.0,0.0
7018,1667425080000.0,0.0,0.0,0.0,137.34,0.0,0.0,144.85,0.9999253857184062,1.0,1224.8752111000028,1000.0,1224.8752111000028,1000.0,0.0,0.0
7019,1667428680000.0,0.0,0.0,0.0,137.34,0.0,0.0,146.15,0.9999253857184062,1.0,1224.8752111000028,1000.0,1224.8752111000028,1000.0,0.0,0.0
7020,1667432280000.0,0.0,0.0,0.0,137.34,0.0,0.0,146.75,0.9999253857184062,1.0,1224.8752111000028,1000.0,1224.8752111000028,1000.0,0.0,0.0
7021,1667435880000.0,0.0,0.0,0.0,137.34,0.0,0.0,147.7,0.9999253857184062,1.0,1224.8752111000028,1000.0,1224.8752111000028,1000.0,0.0,0.0
7022,1667439480000.0,0.0,0.0,0.0,137.34,0.0,0.0,148.4,0.9999253857184062,1.0,1224.8752111000028,1000.0,1224.8752111000028,1000.0,0.0,0.0
7023,1667443080000.0,0.0,0.0,0.0,137.34,0.0,0.0,148.55,0.9999253857184062,1.0,1224.8752111000028,1000.0,1224.8752111000028,1000.0,0.0,0.0
7024,1667446680000.0,0.0,0.0,0.0,137.34,0.0,0.0,148.45,0.9999253857184062,1.0,1224.8752111000028,1000.0,1224.8752111000028,1000.0,0.0,0.0
7025,1667450280000.0,0.0,0.0,0.0,137.34,0.0,0.0,149.0,0.9999253857184062,1.0,1224.8752111000028,1000.0,1224.8752111000028,1000.0,0.0,0.0
7026,1667453880000.0,0.0,0.0,0.0,137.34,0.0,0.0,149.15,0.9999253857184062,1.0,1224.8752111000028,1000.0,1224.8752111000028,1000.0,0.0,0.0
7027,1667457480000.0,0.0,0.0,0.0,137.34,0.0,0.0,148.9,0.9999253857184062,1.0,1224.8752111000028,1000.0,1224.8752111000028,1000.0,0.0,0.0
7028,1667461080000.0,0.0,0.0,0.0,137.34,0.0,0.0,149.0,0.9999253857184062,1.0,1224.8752111000028,1000.0,1224.8752111000028,1000.0,0.0,0.0
7029,1667464680000.0,0.0,0.0,0.0,137.34,0.0,0.0,148.6,0.9999253857184062,1.0,1224.8752111000028,1000.0,1224.8752111000028,1000.0,0.0,0.0
7030,1667468280000.0,0.0,0.0,0.0,137.34,0.0,0.0,149.0,0.9999253857184062,1.0,1224.8752111000028,1000.0,1224.8752111000028,1000.0,0.0,0.0
7031,1667471880000.0,0.0,0.0,0.0,137.34,0.0,0.0,149.2,0.9999253857184062,1.0,1224.8752111000028,1000.0,1224.8752111000028,1000.0,0.0,0.0
7032,1667475480000.0,0.0,0.0,0.0,137.34,0.0,0.0,148.25,0.9999253857184062,1.0,1224.8752111000028,1000.0,1224.8752111000028,1000.0,0.0,0.0
7033,1667479080000.0,0.0,0.0,0.0,137.34,0.0,0.0,148.5,0.9999253857184062,1.0,1224.8752111000028,1000.0,1224.8752111000028,1000.0,0.0,0.0
7034,1667482680000.0,0.0,0.0,0.0,137.34,0.0,0.0,149.5,0.9999253857184062,1.0,1224.8752111000028,1000.0,1224.8752111000028,1000.0,0.0,0.0
7035,1667486280000.0,0.0,0.0,0.0,137.34,0.0,0.0,149.9,0.9999253857184062,1.0,1224.8752111000028,1000.0,1224.8752111000028,1000.0,0.0,0.0
7036,1667489880000.0,0.0,0.0,0.0,137.34,0.0,0.0,149.9,0.9999253857184062,1.0,1224.8752111000028,1000.0,1224.8752111000028,1000.0,0.0,0.0
7037,1667493480000.0,0.0,0.0,0.0,137.34,0.0,0.0,149.55,0.9999253857184062,1.0,1224.8752111000028,1000.0,1224.8752111000028,1000.0,0.0,0.0
7038,1667497080000.0,0.0,0.0,0.0,137.34,0.0,0.0,149.75,0.9999253857184062,1.0,1224.8752111000028,1000.0,1224.8752111000028,1000.0,0.0,0.0
7039,1667500680000.0,0.0,0.0,0.0,137.34,0.0,0.0,149.35,0.9999253857184062,1.0,1224.8752111000028,1000.0,1224.8752111000028,1000.0,0.0,0.0
7040,1667504280000.0,0.0,0.0,0.0,137.34,0.0,0.0,149.6,0.9999253857184062,1.0,1224.8752111000028,1000.0,1224.8752111000028,1000.0,0.0,0.0
7041,1667507880000.0,0.0,0.0,0.0,137.34,0.0,0.0,149.55,0.9999253857184062,1.0,1224.8752111000028,1000.0,1224.8752111000028,1000.0,0.0,0.0
7042,1667511480000.0,0.0,0.0,0.0,137.34,0.0,0.0,148.65,0.9999253857184062,1.0,1224.8752111000028,1000.0,1224.8752111000028,1000.0,0.0,0.0
7043,1667515080000.0,0.0,0.0,0.0,137.34,0.0,0.0,148.35,0.9999253857184062,1.0,1224.8752111000028,1000.0,1224.8752111000028,1000.0,0.0,0.0
7044,1667518680000.0,0.0,0.0,0.0,137.34,0.0,0.0,148.45,0.9999253857184062,1.0,1224.8752111000028,1000.0,1224.8752111000028,1000.0,0.0,0.0
7045,1667522280000.0,0.0,0.0,0.0,137.34,0.0,0.0,149.45,0.9999253857184062,1.0,1224.8752111000028,1000.0,1224.8752111000028,1000.0,0.0,0.0
7046,1667525880000.0,0.0,0.0,0.0,137.34,0.0,0.0,149.4,0.9999253857184062,1.0,1224.8752111000028,1000.0,1224.8752111000028,1000.0,0.0,0.0
7047,1667529480000.0,0.0,0.0,0.0,137.34,0.0,0.0,149.45,0.9999253857184062,1.0,1224.8752111000028,1000.0,1224.8752111000028,1000.0,0.0,0.0
7048,1667533080000.0,0.0,0.0,0.0,137.34,0.0,0.0,150.25,0.9999253857184062,1.0,1224.8752111000028,1000.0,1224.8752111000028,1000.0,0.0,0.0
7049,1667536680000.0,0.0,0.0,0.0,137.34,0.0,0.0,150.0,0.9999253857184062,1.0,1224.8752111000028,1000.0,1224.8752111000028,1000.0,0.0,0.0
7050,1667540280000.0,0.0,0.0,0.0,137.34,0.0,0.0,150.3,0.9999253857184062,1.0,1224.8752111000028,1000.0,1224.8752111000028,1000.0,0.0,0.0
7051,1667543880000.0,0.0,0.0,0.0,137.34,0.0,0.0,151.8,0.9999253857184062,1.0,1224.8752111000028,1000.0,1224.8752111000028,1000.0,0.0,0.0
7052,1667547480000.0,0.0,0.0,0.0,137.34,0.0,0.0,151.95,0.9999253857184062,1.0,1224.8752111000028,1000.0,1224.8752111000028,1000.0,0.0,0.0
7053,1667551080000.0,0.0,0.0,0.0,137.34,0.0,0.0,151.95,0.9999253857184062,1.0,1224.8752111000028,1000.0,1224.8752111000028,1000.0,0.0,0.0
7054,1667554680000.0,0.0,0.0,0.0,137.34,0.0,0.0,152.25,0.9999253857184062,1.0,1224.8752111000028,1000.0,1224.8752111000028,1000.0,0.0,0.0
7055,1667558280000.0,0.0,0.0,0.0,137.34,0.0,0.0,152.7,0.9999253857184062,1.0,1224.8752111000028,1000.0,1224.8752111000028,1000.0,0.0,0.0
7056,1667561880000.0,0.0,0.0,0.0,137.34,0.0,0.0,150.95,0.9999253857184062,1.0,1224.8752111000028,1000.0,1224.8752111000028,1000.0,0.0,0.0
7057,1667565480000.0,0.0,0.0,0.0,137.34,0.0,0.0,151.85,0.9999253857184062,1.0,1224.8752111000028,1000.0,1224.8752111000028,1000.0,0.0,0.0
7058,1667569080000.0,0.0,0.0,0.0,137.34,0.0,0.0,153.05,0.9999253857184062,1.0,1224.8752111000028,1000.0,1224.8752111000028,1000.0,0.0,0.0
7059,1667572680000.0,0.0,0.0,0.0,137.34,0.0,0.0,154.55,0.9999253857184062,1.0,1224.8752111000028,1000.0,1224.8752111000028,1000.0,0.0,0.0
7060,1667576280000.0,0.0,0.0,0.0,137.34,0.0,0.0,154.25,0.9999253857184062,1.0,1224.8752111000028,1000.0,1224.8752111000028,1000.0,0.0,0.0
7061,1667579880000.0,0.0,0.0,0.0,137.34,0.0,0.0,153.4,0.9999253857184062,1.0,1224.8752111000028,1000.0,1224.8752111000028,1000.0,0.0,0.0
7062,1667583480000.0,0.0,0.0,0.0,137.34,0.0,0.0,152.9,0.9999253857184062,1.0,1224.8752111000028,1000.0,1224.8752111000028,1000.0,0.0,0.0
7063,1667587080000.0,0.0,0.0,0.0,137.34,0.0,0.0,154.2,0.9999253857184062,1.0,1224.8752111000028,1000.0,1224.8752111000028,1000.0,0.0,0.0
7064,1667590680000.0,0.0,0.0,0.0,137.34,0.0,0.0,154.0,0.9999253857184062,1.0,1224.8752111000028,1000.0,1224.8752111000028,1000.0,0.0,0.0
7065,1667594280000.0,0.0,0.0,0.0,137.34,0.0,0.0,154.7,0.9999253857184062,1.0,1224.8752111000028,1000.0,1224.8752111000028,1000.0,0.0,0.0
7066,1667597880000.0,0.0,0.0,0.0,137.34,0.0,0.0,155.45,0.9999253857184062,1.0,1224.8752111000028,1000.0,1224.8752111000028,1000.0,0.0,0.0
7067,1667601480000.0,0.0,0.0,0.0,137.34,0.0,0.0,155.9,0.9999253857184062,1.0,1224.8752111000028,1000.0,1224.8752111000028,1000.0,0.0,0.0
7068,1667605080000.0,0.0,0.0,0.0,137.34,0.0,0.0,157.45,0.9999253857184062,1.0,1224.8752111000028,1000.0,1224.8752111000028,1000.0,0.0,0.0
7069,1667608680000.0,0.0,0.0,0.0,137.34,0.0,0.0,159.25,0.9999253857184062,1.0,1224.8752111000028,1000.0,1224.8752111000028,1000.0,0.0,0.0
7070,1667612280000.0,0.0,0.0,0.0,137.34,0.0,0.0,160.2,0.9999253857184062,1.0,1224.8752111000028,1000.0,1224.8752111000028,1000.0,0.0,0.0
7071,1667615880000.0,0.0,0.0,0.0,137.34,0.0,0.0,158.85,0.9999253857184062,1.0,1224.8752111000028,1000.0,1224.8752111000028,1000.0,0.0,0.0
7072,1667619480000.0,0.0,0.0,0.0,137.34,0.0,0.0,160.05,0.9999253857184062,1.0,1224.8752111000028,1000.0,1224.8752111000028,1000.0,0.0,0.0
7073,1667623080000.0,0.0,0.0,0.0,137.34,0.0,0.0,160.5,0.9999253857184062,1.0,1224.8752111000028,1000.0,1224.8752111000028,1000.0,0.0,0.0
7074,1667626680000.0,0.0,0.0,0.0,137.34,0.0,0.0,159.75,0.9999253857184062,1.0,1224.8752111000028,1000.0,1224.8752111000028,1000.0,0.0,0.0
7075,1667630280000.0,0.0,0.0,0.0,137.34,0.0,0.0,161.2,0.9999253857184062,1.0,1224.8752111000028,1000.0,1224.8752111000028,1000.0,0.0,0.0
7076,1667633880000.0,0.0,0.0,0.0,137.34,0.0,0.0,161.2,0.9999253857184062,1.0,1224.8752111000028,1000.0,1224.8752111000028,1000.0,0.0,0.0
7077,1667637480000.0,0.0,0.0,0.0,137.34,0.0,0.0,159.8,0.9999253857184062,1.0,1224.8752111000028,1000.0,1224.8752111000028,1000.0,0.0,0.0
7078,1667641080000.0,0.0,0.0,0.0,137.34,0.0,0.0,159.3,0.9999253857184062,1.0,1224.8752111000028,1000.0,1224.8752111000028,1000.0,0.0,0.0
7079,1667644680000.0,0.0,0.0,0.0,137.34,0.0,0.0,159.9,0.9999253857184062,1.0,1224.8752111000028,1000.0,1224.8752111000028,1000.0,0.0,0.0
7080,1667648280000.0,0.0,0.0,0.0,137.34,0.0,0.0,161.0,0.9999253857184062,1.0,1224.8752111000028,1000.0,1224.8752111000028,1000.0,0.0,0.0
7081,1667651880000.0,0.0,0.0,0.0,137.34,0.0,0.0,159.95,0.9999253857184062,1.0,1224.8752111000028,1000.0,1224.8752111000028,1000.0,0.0,0.0
7082,1667655480000.0,0.0,0.0,0.0,137.34,0.0,0.0,159.7,0.9999253857184062,1.0,1224.8752111000028,1000.0,1224.8752111000028,1000.0,0.0,0.0
7083,1667659080000.0,0.0,0.0,0.0,137.34,0.0,0.0,158.7,0.9999253857184062,1.0,1224.8752111000028,1000.0,1224.8752111000028,1000.0,0.0,0.0
7084,1667662680000.0,0.0,0.0,0.0,137.34,0.0,0.0,158.8,0.9999253857184062,1.0,1224.8752111000028,1000.0,1224.8752111000028,1000.0,0.0,0.0
7085,1667666280000.0,0.0,0.0,0.0,137.34,0.0,0.0,159.1,0.9999253857184062,1.0,1224.8752111000028,1000.0,1224.8752111000028,1000.0,0.0,0.0
7086,1667669880000.0,0.0,0.0,0.0,137.34,0.0,0.0,158.75,0.9999253857184062,1.0,1224.8752111000028,1000.0,1224.8752111000028,1000.0,0.0,0.0
7087,1667673480000.0,0.0,0.0,0.0,137.34,0.0,0.0,158.35,0.9999253857184062,1.0,1224.8752111000028,1000.0,1224.8752111000028,1000.0,0.0,0.0
7088,1667677080000.0,0.0,0.0,0.0,137.34,0.0,0.0,157.95,0.9999253857184062,1.0,1224.8752111000028,1000.0,1224.8752111000028,1000.0,0.0,0.0
7089,1667680680000.0,0.0,0.0,0.0,137.34,0.0,0.0,157.95,0.9999253857184062,1.0,1224.8752111000028,1000.0,1224.8752111000028,1000.0,0.0,0.0
7090,1667684280000.0,0.0,0.0,0.0,137.34,0.0,0.0,158.1,0.9999253857184062,1.0,1224.8752111000028,1000.0,1224.8752111000028,1000.0,0.0,0.0
7091,1667687880000.0,0.0,0.0,0.0,137.34,0.0,0.0,157.75,0.9999253857184062,1.0,1224.8752111000028,1000.0,1224.8752111000028,1000.0,0.0,0.0
7092,1667691480000.0,0.0,0.0,0.0,137.34,0.0,0.0,157.25,0.9999253857184062,1.0,1224.8752111000028,1000.0,1224.8752111000028,1000.0,0.0,0.0
7093,1667695080000.0,0.0,0.0,0.0,137.34,0.0,0.0,157.5,0.9999253857184062,1.0,1224.8752111000028,1000.0,1224.8752111000028,1000.0,0.0,0.0
7094,1667698680000.0,0.0,0.0,0.0,137.34,0.0,0.0,156.9,0.9999253857184062,1.0,1224.8752111000028,1000.0,1224.8752111000028,1000.0,0.0,0.0
7095,1667702280000.0,0.0,0.0,0.0,137.34,0.0,0.0,159.3,0.9999253857184062,1.0,1224.8752111000028,1000.0,1224.8752111000028,1000.0,0.0,0.0
7096,1667705880000.0,0.0,0.0,0.0,137.34,0.0,0.0,158.7,0.9999253857184062,1.0,1224.8752111000028,1000.0,1224.8752111000028,1000.0,0.0,0.0
7097,1667709480000.0,0.0,0.0,0.0,137.34,0.0,0.0,158.55,0.9999253857184062,1.0,1224.8752111000028,1000.0,1224.8752111000028,1000.0,0.0,0.0
7098,1667713080000.0,0.0,0.0,0.0,137.34,0.0,0.0,157.8,0.9999253857184062,1.0,1224.8752111000028,1000.0,1224.8752111000028,1000.0,0.0,0.0
7099,1667716680000.0,0.0,0.0,0.0,137.34,0.0,0.0,157.5,0.9999253857184062,1.0,1224.8752111000028,1000.0,1224.8752111000028,1000.0,0.0,0.0
7100,1667720280000.0,0.0,0.0,0.0,137.34,0.0,0.0,158.25,0.9999253857184062,1.0,1224.8752111000028,1000.0,1224.8752111000028,1000.0,0.0,0.0
7101,1667723880000.0,0.0,0.0,0.0,137.34,0.0,0.0,158.5,0.9999253857184062,1.0,1224.8752111000028,1000.0,1224.8752111000028,1000.0,0.0,0.0
7102,1667727480000.0,0.0,0.0,0.0,137.34,0.0,0.0,159.5,0.9999253857184062,1.0,1224.8752111000028,1000.0,1224.8752111000028,1000.0,0.0,0.0
7103,1667731080000.0,0.0,0.0,0.0,137.34,0.0,0.0,159.0,0.9999253857184062,1.0,1224.8752111000028,1000.0,1224.8752111000028,1000.0,0.0,0.0
7104,1667734680000.0,0.0,0.0,0.0,137.34,0.0,0.0,158.55,0.9999253857184062,1.0,1224.8752111000028,1000.0,1224.8752111000028,1000.0,0.0,0.0
7105,1667738280000.0,0.0,0.0,0.0,137.34,0.0,0.0,159.25,0.9999253857184062,1.0,1224.8752111000028,1000.0,1224.8752111000028,1000.0,0.0,0.0
7106,1667741880000.0,0.0,0.0,0.0,137.34,0.0,0.0,158.5,0.9999253857184062,1.0,1224.8752111000028,1000.0,1224.8752111000028,1000.0,0.0,0.0
7107,1667745480000.0,0.0,0.0,0.0,137.34,0.0,0.0,158.35,0.9999253857184062,1.0,1224.8752111000028,1000.0,1224.8752111000028,1000.0,0.0,0.0
7108,1667749080000.0,0.0,0.0,0.0,137.34,0.0,0.0,159.25,0.9999253857184062,1.0,1224.8752111000028,1000.0,1224.8752111000028,1000.0,0.0,0.0
7109,1667752680000.0,0.0,0.0,0.0,137.34,0.0,0.0,158.0,0.9999253857184062,1.0,1224.8752111000028,1000.0,1224.8752111000028,1000.0,0.0,0.0
7110,1667756280000.0,0.0,0.0,0.0,137.34,0.0,0.0,157.5,0.9999253857184062,1.0,1224.8752111000028,1000.0,1224.8752111000028,1000.0,0.0,0.0
7111,1667759880000.0,0.0,0.0,0.0,137.34,0.0,0.0,157.85,0.9999253857184062,1.0,1224.8752111000028,1000.0,1224.8752111000028,1000.0,0.0,0.0
7112,1667763480000.0,0.0,0.0,0.0,137.34,0.0,0.0,156.8,0.9999253857184062,1.0,1224.8752111000028,1000.0,1224.8752111000028,1000.0,0.0,0.0
7113,1667767080000.0,0.0,0.0,0.0,137.34,0.0,0.0,156.75,0.9999253857184062,1.0,1224.8752111000028,1000.0,1224.8752111000028,1000.0,0.0,0.0
7114,1667770680000.0,0.0,0.0,0.0,137.34,0.0,0.0,158.0,0.9999253857184062,1.0,1224.8752111000028,1000.0,1224.8752111000028,1000.0,0.0,0.0
7115,1667774280000.0,0.0,0.0,0.0,137.34,0.0,0.0,157.65,0.9999253857184062,1.0,1224.8752111000028,1000.0,1224.8752111000028,1000.0,0.0,0.0
7116,1667777880000.0,0.0,0.0,0.0,137.34,0.0,0.0,154.35,0.9999253857184062,1.0,1224.8752111000028,1000.0,1224.8752111000028,1000.0,0.0,0.0
7117,1667781480000.0,0.0,0.0,0.0,137.34,0.0,0.0,155.75,0.9999253857184062,1.0,1224.8752111000028,1000.0,1224.8752111000028,1000.0,0.0,0.0
7118,1667785080000.0,0.0,0.0,0.0,137.34,0.0,0.0,156.35,0.9999253857184062,1.0,1224.8752111000028,1000.0,1224.8752111000028,1000.0,0.0,0.0
7119,1667788680000.0,0.0,0.0,0.0,137.34,0.0,0.0,156.75,0.9999253857184062,1.0,1224.8752111000028,1000.0,1224.8752111000028,1000.0,0.0,0.0
7120,1667792280000.0,0.0,0.0,0.0,137.34,0.0,0.0,156.1,0.9999253857184062,1.0,1224.8752111000028,1000.0,1224.8752111000028,1000.0,0.0,0.0
7121,1667795880000.0,0.0,0.0,0.0,137.34,0.0,0.0,155.5,0.9999253857184062,1.0,1224.8752111000028,1000.0,1224.8752111000028,1000.0,0.0,0.0
7122,1667799480000.0,0.0,0.0,0.0,137.34,0.0,0.0,156.7,0.9999253857184062,1.0,1224.8752111000028,1000.0,1224.8752111000028,1000.0,0.0,0.0
7123,1667803080000.0,0.0,0.0,0.0,137.34,0.0,0.0,157.25,0.9999253857184062,1.0,1224.8752111000028,1000.0,1224.8752111000028,1000.0,0.0,0.0
7124,1667806680000.0,0.0,0.0,0.0,137.34,0.0,0.0,156.0,0.9999253857184062,1.0,1224.8752111000028,1000.0,1224.8752111000028,1000.0,0.0,0.0
7125,1667810280000.0,0.0,0.0,0.0,137.34,0.0,0.0,156.1,0.9999253857184062,1.0,1224.8752111000028,1000.0,1224.8752111000028,1000.0,0.0,0.0
7126,1667813880000.0,0.0,0.0,0.0,137.34,0.0,0.0,156.75,0.9999253857184062,1.0,1224.8752111000028,1000.0,1224.8752111000028,1000.0,0.0,0.0
7127,1667817480000.0,0.0,0.0,0.0,137.34,0.0,0.0,157.0,0.9999253857184062,1.0,1224.8752111000028,1000.0,1224.8752111000028,1000.0,0.0,0.0
7128,1667821080000.0,0.0,0.0,0.0,137.34,0.0,0.0,157.5,0.9999253857184062,1.0,1224.8752111000028,1000.0,1224.8752111000028,1000.0,0.0,0.0
7129,1667824680000.0,0.0,0.0,0.0,137.34,0.0,0.0,158.05,0.9999253857184062,1.0,1224.8752111000028,1000.0,1224.8752111000028,1000.0,0.0,0.0
7130,1667828280000.0,0.0,0.0,0.0,137.34,0.0,0.0,156.8,0.9999253857184062,1.0,1224.8752111000028,1000.0,1224.8752111000028,1000.0,0.0,0.0
7131,1667831880000.0,0.0,0.0,0.0,137.34,0.0,0.0,154.8,0.9999253857184062,1.0,1224.8752111000028,1000.0,1224.8752111000028,1000.0,0.0,0.0
7132,1667835480000.0,0.0,0.0,0.0,137.34,0.0,0.0,156.9,0.9999253857184062,1.0,1224.8752111000028,1000.0,1224.8752111000028,1000.0,0.0,0.0
7133,1667839080000.0,0.0,0.0,0.0,137.34,0.0,0.0,156.0,0.9999253857184062,1.0,1224.8752111000028,1000.0,1224.8752111000028,1000.0,0.0,0.0
7134,1667842680000.0,0.0,0.0,0.0,137.34,0.0,0.0,156.4,0.9999253857184062,1.0,1224.8752111000028,1000.0,1224.8752111000028,1000.0,0.0,0.0
7135,1667846280000.0,0.0,0.0,0.0,137.34,0.0,0.0,156.95,0.9999253857184062,1.0,1224.8752111000028,1000.0,1224.8752111000028,1000.0,0.0,0.0
7136,1667849880000.0,0.0,0.0,0.0,137.34,0.0,0.0,156.9,0.9999253857184062,1.0,1224.8752111000028,1000.0,1224.8752111000028,1000.0,0.0,0.0
7137,1667853480000.0,0.0,0.0,0.0,137.34,0.0,0.0,155.6,0.9999253857184062,1.0,1224.8752111000028,1000.0,1224.8752111000028,1000.0,0.0,0.0
7138,1667857080000.0,0.0,0.0,0.0,137.34,0.0,0.0,154.55,0.9999253857184062,1.0,1224.8752111000028,1000.0,1224.8752111000028,1000.0,0.0,0.0
7139,1667860680000.0,0.0,0.0,0.0,137.34,0.0,0.0,153.35,0.9999253857184062,1.0,1224.8752111000028,1000.0,1224.8752111000028,1000.0,0.0,0.0
7140,1667864280000.0,0.0,0.0,0.0,137.34,0.0,0.0,153.65,0.9999253857184062,1.0,1224.8752111000028,1000.0,1224.8752111000028,1000.0,0.0,0.0
7141,1667867880000.0,0.0,0.0,0.0,137.34,0.0,0.0,156.4,0.9999253857184062,1.0,1224.8752111000028,1000.0,1224.8752111000028,1000.0,0.0,0.0
7142,1667871480000.0,0.0,0.0,0.0,137.34,0.0,0.0,156.45,0.9999253857184062,1.0,1224.8752111000028,1000.0,1224.8752111000028,1000.0,0.0,0.0
7143,1667875080000.0,0.0,0.0,0.0,137.34,0.0,0.0,156.65,0.9999253857184062,1.0,1224.8752111000028,1000.0,1224.8752111000028,1000.0,0.0,0.0
7144,1667878680000.0,0.0,0.0,0.0,137.34,0.0,0.0,153.85,0.9999253857184062,1.0,1224.8752111000028,1000.0,1224.8752111000028,1000.0,0.0,0.0
7145,1667882280000.0,0.0,0.0,0.33,150.74,0.0,0.0,149.1,0.9999253857184062,1.0,1224.8652622600027,1000.0,1224.3240622600026,1000.0,0.04061197711511291,0.0
7146,1667885880000.0,0.0,0.0,0.33,150.74,0.0,0.0,148.0,0.9999253857184062,1.0,1224.8652622600027,1000.0,1223.9610622600028,1000.0,0.04061197711511291,0.0
7147,1667889480000.0,0.0,0.0,0.33,150.74,0.0,0.0,148.45,0.9999253857184062,1.0,1224.8652622600027,1000.0,1224.1095622600028,1000.0,0.04061197711511291,0.0
7148,1667893080000.0,0.0,0.0,0.33,150.74,0.0,0.0,148.75,0.9999253857184062,1.0,1224.8652622600027,1000.0,1224.2085622600027,1000.0,0.04061197711511291,0.0
7149,1667896680000.0,0.0,0.0,0.33,150.74,0.0,0.0,148.15,0.9999253857184062,1.0,1224.8652622600027,1000.0,1224.0105622600026,1000.0,0.04061197711511291,0.0
7150,1667900280000.0,0.0,0.0,0.33,150.74,0.0,0.0,147.9,0.9999253857184062,1.0,1224.8652622600027,1000.0,1223.9280622600027,1000.0,0.04061197711511291,0.0
7151,1667903880000.0,0.0,0.0,0.33,150.74,0.0,0.0,147.15,0.9999253857184062,1.0,1224.8652622600027,1000.0,1223.6805622600027,1000.0,0.04061197711511291,0.0
7152,1667907480000.0,0.0,0.0,0.33,150.74,0.0,0.0,147.05,0.9999253857184062,1.0,1224.8652622600027,1000.0,1223.6475622600028,1000.0,0.04061197711511291,0.0
7153,1667911080000.0,0.0,0.0,0.33,150.74,0.0,0.0,145.65,0.9999253857184062,1.0,1224.8652622600027,1000.0,1223.1855622600028,1000.0,0.04061197711511291,0.0
7154,1667914680000.0,0.0,0.0,0.33,150.74,0.0,0.0,145.6,0.9999253857184062,1.0,1224.8652622600027,1000.0,1223.1690622600026,1000.0,0.04061197711511291,0.0
7155,1667918280000.0,0.0,0.0,0.67,147.5379104477612,0.0,0.0,142.65,0.9999253857184062,1.0,1224.8554410200027,1000.0,1221.5805410200028,1000.0,0.08070372771311037,0.0
7156,1667921880000.0,0.0,0.0,0.67,147.5379104477612,0.0,0.0,143.45,0.9999253857184062,1.0,1224.8554410200027,1000.0,1222.1165410200026,1000.0,0.08070372771311037,0.0
7157,1667925480000.0,0.0,0.0,0.67,147.5379104477612,0.0,0.0,149.45,0.9999253857184062,1.0,1224.8554410200027,1000.0,1226.1365410200026,1000.0,0.08070372771311037,0.0
7158,1667929080000.0,0.0,0.0,0.67,147.5379104477612,0.0,0.0,146.0,0.9999253857184062,1.0,1224.8554410200027,1000.0,1223.8250410200026,1000.0,0.08070372771311037,0.0
7159,1667932680000.0,0.0,0.0,1.02,144.67,0.0,0.0,139.55,0.9999253857184062,1.0,1224.8456984200027,1000.0,1219.6232984200028,1000.0,0.12047509346716107,0.0
7160,1667936280000.0,0.0,0.0,2.23,137.17085201793722,0.0,0.0,135.1,0.9999253857184062,1.0,1224.8140329000025,1000.0,1220.1960329000026,1000.0,0.2497448525109884,0.0
7161,1667939880000.0,0.0,0.0,2.23,137.17085201793722,0.0,0.0,135.55,0.9999253857184062,1.0,1224.8140329000025,1000.0,1221.1995329000026,1000.0,0.2497448525109884,0.0
7162,1667943480000.0,0.0,0.0,2.23,137.17085201793722,0.0,0.0,136.5,0.9999253857184062,1.0,1224.8140329000025,1000.0,1223.3180329000024,1000.0,0.2497448525109884,0.0
7163,1667947080000.0,0.0,0.0,2.23,137.17085201793722,0.0,0.0,135.8,0.9999253857184062,1.0,1224.8140329000025,1000.0,1221.7570329000025,1000.0,0.2497448525109884,0.0
7164,1667950680000.0,0.0,0.0,2.23,137.17085201793722,0.0,0.0,138.2,0.9999253857184062,1.0,1224.8140329000025,1000.0,1227.1090329000026,1000.0,0.2497448525109884,0.0
7165,1667954280000.0,0.0,0.0,2.23,137.17085201793722,0.0,0.0,137.65,0.9999253857184062,1.0,1224.8140329000025,1000.0,1225.8825329000026,1000.0,0.2497448525109884,0.0
7166,1667957880000.0,0.0,0.0,2.23,137.17085201793722,0.0,0.0,138.0,0.9999253857184062,1.0,1224.8140329000025,1000.0,1226.6630329000025,1000.0,0.2497448525109884,0.0
7167,1667961480000.0,0.0,0.0,2.23,137.17085201793722,0.0,0.0,136.45,0.9999253857184062,1.0,1224.8140329000025,1000.0,1223.2065329000025,1000.0,0.2497448525109884,0.0
7168,1667965080000.0,0.0,0.0,2.23,137.17085201793722,0.0,0.0,135.0,0.9999253857184062,1.0,1224.8140329000025,1000.0,1219.9730329000026,1000.0,0.2497448525109884,0.0
7169,1667968680000.0,0.0,0.0,2.23,137.17085201793722,0.0,0.0,136.75,0.9999253857184062,1.0,1224.8140329000025,1000.0,1223.8755329000026,1000.0,0.2497448525109884,0.0
7170,1667972280000.0,0.0,0.0,2.23,137.17085201793722,0.0,0.0,136.75,0.9999253857184062,1.0,1224.8140329000025,1000.0,1223.8755329000026,1000.0,0.2497448525109884,0.0
7171,1667975880000.0,0.0,0.0,2.23,137.17085201793722,0.0,0.0,136.05,0.9999253857184062,1.0,1224.8140329000025,1000.0,1222.3145329000026,1000.0,0.2497448525109884,0.0
7172,1667979480000.0,0.0,0.0,2.23,137.17085201793722,0.0,0.0,134.9,0.9999253857184062,1.0,1224.8140329000025,1000.0,1219.7500329000025,1000.0,0.2497448525109884,0.0
7173,1667983080000.0,0.0,0.0,2.23,137.17085201793722,0.0,0.0,132.2,0.9999253857184062,1.0,1224.8140329000025,1000.0,1213.7290329000025,1000.0,0.2497448525109884,0.0
7174,1667986680000.0,0.0,0.0,2.23,137.17085201793722,0.0,0.0,132.5,0.9999253857184062,1.0,1224.8140329000025,1000.0,1214.3980329000026,1000.0,0.2497448525109884,0.0
7175,1667990280000.0,0.0,0.0,2.23,137.17085201793722,0.0,0.0,130.4,0.9999253857184062,1.0,1224.8140329000025,1000.0,1209.7150329000026,1000.0,0.2497448525109884,0.0
7176,1667993880000.0,0.0,0.0,2.23,137.17085201793722,0.0,0.0,131.4,0.9999253857184062,1.0,1224.8140329000025,1000.0,1211.9450329000026,1000.0,0.2497448525109884,0.0
7177,1667997480000.0,0.0,0.0,2.23,137.17085201793722,0.0,0.0,132.75,0.9999253857184062,1.0,1224.8140329000025,1000.0,1214.9555329000025,1000.0,0.2497448525109884,0.0
7178,1668001080000.0,0.0,0.0,2.23,137.17085201793722,0.0,0.0,131.3,0.9999253857184062,1.0,1224.8140329000025,1000.0,1211.7220329000027,1000.0,0.2497448525109884,0.0
7179,1668004680000.0,0.0,0.0,2.23,137.17085201793722,0.0,0.0,131.6,0.9999253857184062,1.0,1224.8140329000025,1000.0,1212.3910329000025,1000.0,0.2497448525109884,0.0
7180,1668008280000.0,0.0,0.0,2.23,137.17085201793722,0.0,0.0,131.35,0.9999253857184062,1.0,1224.8140329000025,1000.0,1211.8335329000024,1000.0,0.2497448525109884,0.0
7181,1668011880000.0,0.0,0.0,2.23,137.17085201793722,0.0,0.0,128.05,0.9999253857184062,1.0,1224.8140329000025,1000.0,1204.4745329000025,1000.0,0.2497448525109884,0.0
7182,1668015480000.0,0.0,0.0,2.23,137.17085201793722,0.0,0.0,128.75,0.9999253857184062,1.0,1224.8140329000025,1000.0,1206.0355329000026,1000.0,0.2497448525109884,0.0
7183,1668019080000.0,0.0,0.0,2.23,137.17085201793722,0.0,0.0,124.0,0.9999253857184062,1.0,1224.8140329000025,1000.0,1195.4430329000024,1000.0,0.2497448525109884,0.0
7184,1668022680000.0,0.0,0.0,2.23,137.17085201793722,0.0,0.0,126.8,0.9999253857184062,1.0,1224.8140329000025,1000.0,1201.6870329000026,1000.0,0.2497448525109884,0.0
7185,1668026280000.0,0.0,0.0,2.23,137.17085201793722,0.0,0.0,126.8,0.9999253857184062,1.0,1224.8140329000025,1000.0,1201.6870329000026,1000.0,0.2497448525109884,0.0
7186,1668029880000.0,0.0,0.0,3.3,131.88542424242425,0.0,0.0,117.85,0.9999253857184062,1.0,1224.7881667200024,1000.0,1178.4712667200024,1000.0,0.35534463168886543,0.0
7187,1668033480000.0,0.0,0.0,3.3,131.88542424242425,0.0,0.0,117.7,0.9999253857184062,1.0,1224.7881667200024,1000.0,1177.9762667200025,1000.0,0.35534463168886543,0.0
7188,1668037080000.0,0.0,0.0,3.3,131.88542424242425,0.0,0.0,118.7,0.9999253857184062,1.0,1224.7881667200024,1000.0,1181.2762667200025,1000.0,0.35534463168886543,0.0
7189,1668040680000.0,0.0,0.0,3.3,131.88542424242425,0.0,0.0,120.5,0.9999253857184062,1.0,1224.7881667200024,1000.0,1187.2162667200025,1000.0,0.35534463168886543,0.0
7190,1668044280000.0,0.0,0.0,3.3,131.88542424242425,0.0,0.0,122.8,0.9999253857184062,1.0,1224.7881667200024,1000.0,1194.8062667200024,1000.0,0.35534463168886543,0.0
7191,1668047880000.0,0.0,0.0,3.3,131.88542424242425,0.0,0.0,123.15,0.9999253857184062,1.0,1224.7881667200024,1000.0,1195.9612667200024,1000.0,0.35534463168886543,0.0
7192,1668051480000.0,0.0,0.0,3.3,131.88542424242425,0.0,0.0,125.55,0.9999253857184062,1.0,1224.7881667200024,1000.0,1203.8812667200025,1000.0,0.35534463168886543,0.0
7193,1668055080000.0,0.0,0.0,3.3,131.88542424242425,0.0,0.0,124.9,0.9999253857184062,1.0,1224.7881667200024,1000.0,1201.7362667200025,1000.0,0.35534463168886543,0.0
7194,1668058680000.0,0.0,0.0,3.3,131.88542424242425,0.0,0.0,127.7,0.9999253857184062,1.0,1224.7881667200024,1000.0,1210.9762667200025,1000.0,0.35534463168886543,0.0
7195,1668062280000.0,0.0,0.0,3.3,131.88542424242425,0.0,0.0,128.85,0.9999253857184062,1.0,1224.7881667200024,1000.0,1214.7712667200024,1000.0,0.35534463168886543,0.0
7196,1668065880000.0,0.0,0.0,3.3,131.88542424242425,0.0,0.0,129.25,0.9999253857184062,1.0,1224.7881667200024,1000.0,1216.0912667200025,1000.0,0.35534463168886543,0.0
7197,1668069480000.0,0.0,0.0,3.3,131.88542424242425,0.0,0.0,127.35,0.9999253857184062,1.0,1224.7881667200024,1000.0,1209.8212667200023,1000.0,0.35534463168886543,0.0
7198,1668073080000.0,0.0,0.0,3.3,131.88542424242425,0.0,0.0,126.9,0.9999253857184062,1.0,1224.7881667200024,1000.0,1208.3362667200024,1000.0,0.35534463168886543,0.0
7199,1668076680000.0,0.0,0.0,3.3,131.88542424242425,0.0,0.0,125.6,0.9999253857184062,1.0,1224.7881667200024,1000.0,1204.0462667200024,1000.0,0.35534463168886543,0.0
7200,1668080280000.0,0.0,0.0,3.3,131.88542424242425,0.0,0.0,125.8,0.9999253857184062,1.0,1224.7881667200024,1000.0,1204.7062667200023,1000.0,0.35534463168886543,0.0
7201,1668083880000.0,0.0,0.0,3.3,131.88542424242425,0.0,0.0,125.6,0.9999253857184062,1.0,1224.7881667200024,1000.0,1204.0462667200024,1000.0,0.35534463168886543,0.0
7202,1668087480000.0,0.0,0.0,3.3,131.88542424242425,0.0,0.0,130.05,0.9999253857184062,1.0,1224.7881667200024,1000.0,1218.7312667200024,1000.0,0.35534463168886543,0.0
7203,1668091080000.0,0.0,0.0,3.3,131.88542424242425,0.0,0.0,131.25,0.9999253857184062,1.0,1224.7881667200024,1000.0,1222.6912667200024,1000.0,0.35534463168886543,0.0
7204,1668094680000.0,0.0,0.0,3.3,131.88542424242425,0.0,0.0,131.75,0.9999253857184062,1.0,1224.7881667200024,1000.0,1224.3412667200025,1000.0,0.35534463168886543,0.0
7205,1668098280000.0,0.0,0.0,3.3,131.88542424242425,0.0,0.0,133.3,0.9999253857184062,1.0,1224.7881667200024,1000.0,1229.4562667200025,1000.0,0.35534463168886543,0.0
7206,1668101880000.0,0.0,0.0,3.3,131.88542424242425,0.0,0.0,130.25,0.9999253857184062,1.0,1224.7881667200024,1000.0,1219.3912667200025,1000.0,0.35534463168886543,0.0
7207,1668105480000.0,0.0,0.0,3.3,131.88542424242425,0.0,0.0,131.0,0.9999253857184062,1.0,1224.7881667200024,1000.0,1221.8662667200024,1000.0,0.35534463168886543,0.0
7208,1668109080000.0,0.0,0.0,3.3,131.88542424242425,0.0,0.0,131.3,0.9999253857184062,1.0,1224.7881667200024,1000.0,1222.8562667200024,1000.0,0.35534463168886543,0.0
7209,1668112680000.0,0.0,0.0,3.3,131.88542424242425,0.0,0.0,131.75,0.9999253857184062,1.0,1224.7881667200024,1000.0,1224.3412667200025,1000.0,0.35534463168886543,0.0
7210,1668116280000.0,0.0,0.0,3.3,131.88542424242425,0.0,0.0,133.8,0.9999253857184062,1.0,1224.7881667200024,1000.0,1231.1062667200024,1000.0,0.35534463168886543,0.0
7211,1668119880000.0,0.0,0.0,3.3,131.88542424242425,0.0,0.0,133.3,0.9999253857184062,1.0,1224.7881667200024,1000.0,1229.4562667200025,1000.0,0.35534463168886543,0.0
7212,1668123480000.0,0.0,0.0,3.3,131.88542424242425,0.0,0.0,133.05,0.9999253857184062,1.0,1224.7881667200024,1000.0,1228.6312667200025,1000.0,0.35534463168886543,0.0
7213,1668127080000.0,0.0,0.0,3.3,131.88542424242425,0.0,0.0,132.5,0.9999253857184062,1.0,1224.7881667200024,1000.0,1226.8162667200024,1000.0,0.35534463168886543,0.0
7214,1668130680000.0,0.0,0.0,3.3,131.88542424242425,0.0,0.0,131.4,0.9999253857184062,1.0,1224.7881667200024,1000.0,1223.1862667200023,1000.0,0.35534463168886543,0.0
7215,1668134280000.0,0.0,0.0,3.3,131.88542424242425,0.0,0.0,130.35,0.9999253857184062,1.0,1224.7881667200024,1000.0,1219.7212667200024,1000.0,0.35534463168886543,0.0
7216,1668137880000.0,0.0,0.0,3.3,131.88542424242425,0.0,0.0,128.1,0.9999253857184062,1.0,1224.7881667200024,1000.0,1212.2962667200024,1000.0,0.35534463168886543,0.0
7217,1668141480000.0,0.0,0.0,3.3,131.88542424242425,0.0,0.0,128.95,0.9999253857184062,1.0,1224.7881667200024,1000.0,1215.1012667200023,1000.0,0.35534463168886543,0.0
7218,1668145080000.0,0.0,0.0,3.3,131.88542424242425,0.0,0.0,130.25,0.9999253857184062,1.0,1224.7881667200024,1000.0,1219.3912667200025,1000.0,0.35534463168886543,0.0
7219,1668148680000.0,0.0,0.0,3.3,131.88542424242425,0.0,0.0,131.15,0.9999253857184062,1.0,1224.7881667200024,1000.0,1222.3612667200025,1000.0,0.35534463168886543,0.0
7220,1668152280000.0,0.0,0.0,3.3,131.88542424242425,0.0,0.0,132.25,0.9999253857184062,1.0,1224.7881667200024,1000.0,1225.9912667200024,1000.0,0.35534463168886543,0.0
7221,1668155880000.0,0.0,0.0,3.3,131.88542424242425,0.0,0.0,132.85,0.9999253857184062,1.0,1224.7881667200024,1000.0,1227.9712667200024,1000.0,0.35534463168886543,0.0
7222,1668159480000.0,0.0,0.0,3.3,131.88542424242425,0.0,0.0,133.15,0.9999253857184062,1.0,1224.7881667200024,1000.0,1228.9612667200024,1000.0,0.35534463168886543,0.0
7223,1668163080000.0,0.0,0.0,3.3,131.88542424242425,0.0,0.0,132.05,0.9999253857184062,1.0,1224.7881667200024,1000.0,1225.3312667200025,1000.0,0.35534463168886543,0.0
7224,1668166680000.0,0.0,0.0,3.3,131.88542424242425,0.0,0.0,128.2,0.9999253857184062,1.0,1224.7881667200024,1000.0,1212.6262667200024,1000.0,0.35534463168886543,0.0
7225,1668170280000.0,0.0,0.0,3.3,131.88542424242425,0.0,0.0,128.5,0.9999253857184062,1.0,1224.7881667200024,1000.0,1213.6162667200024,1000.0,0.35534463168886543,0.0
7226,1668173880000.0,0.0,0.0,3.3,131.88542424242425,0.0,0.0,129.05,0.9999253857184062,1.0,1224.7881667200024,1000.0,1215.4312667200024,1000.0,0.35534463168886543,0.0
7227,1668177480000.0,0.0,0.0,3.3,131.88542424242425,0.0,0.0,123.6,0.9999253857184062,1.0,1224.7881667200024,1000.0,1197.4462667200023,1000.0,0.35534463168886543,0.0
7228,1668181080000.0,0.0,0.0,3.3,131.88542424242425,0.0,0.0,125.35,0.9999253857184062,1.0,1224.7881667200024,1000.0,1203.2212667200024,1000.0,0.35534463168886543,0.0
7229,1668184680000.0,0.0,0.0,3.3,131.88542424242425,0.0,0.0,124.6,0.9999253857184062,1.0,1224.7881667200024,1000.0,1200.7462667200025,1000.0,0.35534463168886543,0.0
7230,1668188280000.0,0.0,0.0,3.3,131.88542424242425,0.0,0.0,125.0,0.9999253857184062,1.0,1224.7881667200024,1000.0,1202.0662667200024,1000.0,0.35534463168886543,0.0
7231,1668191880000.0,0.0,0.0,3.3,131.88542424242425,0.0,0.0,126.25,0.9999253857184062,1.0,1224.7881667200024,1000.0,1206.1912667200024,1000.0,0.35534463168886543,0.0
7232,1668195480000.0,0.0,0.0,3.3,131.88542424242425,0.0,0.0,125.65,0.9999253857184062,1.0,1224.7881667200024,1000.0,1204.2112667200024,1000.0,0.35534463168886543,0.0
7233,1668199080000.0,0.0,0.0,3.3,131.88542424242425,0.0,0.0,125.55,0.9999253857184062,1.0,1224.7881667200024,1000.0,1203.8812667200025,1000.0,0.35534463168886543,0.0
7234,1668202680000.0,0.0,0.0,3.3,131.88542424242425,0.0,0.0,126.25,0.9999253857184062,1.0,1224.7881667200024,1000.0,1206.1912667200024,1000.0,0.35534463168886543,0.0
7235,1668206280000.0,0.0,0.0,3.3,131.88542424242425,0.0,0.0,126.95,0.9999253857184062,1.0,1224.7881667200024,1000.0,1208.5012667200024,1000.0,0.35534463168886543,0.0
7236,1668209880000.0,0.0,0.0,3.3,131.88542424242425,0.0,0.0,127.65,0.9999253857184062,1.0,1224.7881667200024,1000.0,1210.8112667200023,1000.0,0.35534463168886543,0.0
7237,1668213480000.0,0.0,0.0,3.3,131.88542424242425,0.0,0.0,127.85,0.9999253857184062,1.0,1224.7881667200024,1000.0,1211.4712667200024,1000.0,0.35534463168886543,0.0
7238,1668217080000.0,0.0,0.0,3.3,131.88542424242425,0.0,0.0,128.0,0.9999253857184062,1.0,1224.7881667200024,1000.0,1211.9662667200025,1000.0,0.35534463168886543,0.0
7239,1668220680000.0,0.0,0.0,3.3,131.88542424242425,0.0,0.0,129.5,0.9999253857184062,1.0,1224.7881667200024,1000.0,1216.9162667200023,1000.0,0.35534463168886543,0.0
7240,1668224280000.0,0.0,0.0,3.3,131.88542424242425,0.0,0.0,129.5,0.9999253857184062,1.0,1224.7881667200024,1000.0,1216.9162667200023,1000.0,0.35534463168886543,0.0
7241,1668227880000.0,0.0,0.0,3.3,131.88542424242425,0.0,0.0,127.85,0.9999253857184062,1.0,1224.7881667200024,1000.0,1211.4712667200024,1000.0,0.35534463168886543,0.0
7242,1668231480000.0,0.0,0.0,3.3,131.88542424242425,0.0,0.0,125.9,0.9999253857184062,1.0,1224.7881667200024,1000.0,1205.0362667200025,1000.0,0.35534463168886543,0.0
7243,1668235080000.0,0.0,0.0,3.3,131.88542424242425,0.0,0.0,126.35,0.9999253857184062,1.0,1224.7881667200024,1000.0,1206.5212667200024,1000.0,0.35534463168886543,0.0
7244,1668238680000.0,0.0,0.0,3.3,131.88542424242425,0.0,0.0,126.9,0.9999253857184062,1.0,1224.7881667200024,1000.0,1208.3362667200024,1000.0,0.35534463168886543,0.0
7245,1668242280000.0,0.0,0.0,3.3,131.88542424242425,0.0,0.0,126.9,0.9999253857184062,1.0,1224.7881667200024,1000.0,1208.3362667200024,1000.0,0.35534463168886543,0.0
7246,1668245880000.0,0.0,0.0,3.3,131.88542424242425,0.0,0.0,126.35,0.9999253857184062,1.0,1224.7881667200024,1000.0,1206.5212667200024,1000.0,0.35534463168886543,0.0
7247,1668249480000.0,0.0,0.0,3.3,131.88542424242425,0.0,0.0,125.65,0.9999253857184062,1.0,1224.7881667200024,1000.0,1204.2112667200024,1000.0,0.35534463168886543,0.0
7248,1668253080000.0,0.0,0.0,3.3,131.88542424242425,0.0,0.0,125.75,0.9999253857184062,1.0,1224.7881667200024,1000.0,1204.5412667200023,1000.0,0.35534463168886543,0.0
7249,1668256680000.0,0.0,0.0,3.3,131.88542424242425,0.0,0.0,125.65,0.9999253857184062,1.0,1224.7881667200024,1000.0,1204.2112667200024,1000.0,0.35534463168886543,0.0
7250,1668260280000.0,0.0,0.0,3.3,131.88542424242425,0.0,0.0,125.55,0.9999253857184062,1.0,1224.7881667200024,1000.0,1203.8812667200025,1000.0,0.35534463168886543,0.0
7251,1668263880000.0,0.0,0.0,3.3,131.88542424242425,0.0,0.0,126.1,0.9999253857184062,1.0,1224.7881667200024,1000.0,1205.6962667200023,1000.0,0.35534463168886543,0.0
7252,1668267480000.0,0.0,0.0,3.3,131.88542424242425,0.0,0.0,127.2,0.9999253857184062,1.0,1224.7881667200024,1000.0,1209.3262667200024,1000.0,0.35534463168886543,0.0
7253,1668271080000.0,0.0,0.0,3.3,131.88542424242425,0.0,0.0,126.65,0.9999253857184062,1.0,1224.7881667200024,1000.0,1207.5112667200024,1000.0,0.35534463168886543,0.0
7254,1668274680000.0,0.0,0.0,3.3,131.88542424242425,0.0,0.0,126.35,0.9999253857184062,1.0,1224.7881667200024,1000.0,1206.5212667200024,1000.0,0.35534463168886543,0.0
7255,1668278280000.0,0.0,0.0,3.3,131.88542424242425,0.0,0.0,126.15,0.9999253857184062,1.0,1224.7881667200024,1000.0,1205.8612667200025,1000.0,0.35534463168886543,0.0
7256,1668281880000.0,0.0,0.0,3.3,131.88542424242425,0.0,0.0,127.1,0.9999253857184062,1.0,1224.7881667200024,1000.0,1208.9962667200025,1000.0,0.35534463168886543,0.0
7257,1668285480000.0,0.0,0.0,3.3,131.88542424242425,0.0,0.0,126.6,0.9999253857184062,1.0,1224.7881667200024,1000.0,1207.3462667200024,1000.0,0.35534463168886543,0.0
7258,1668289080000.0,0.0,0.0,3.3,131.88542424242425,0.0,0.0,127.0,0.9999253857184062,1.0,1224.7881667200024,1000.0,1208.6662667200023,1000.0,0.35534463168886543,0.0
7259,1668292680000.0,0.0,0.0,3.3,131.88542424242425,0.0,0.0,127.45,0.9999253857184062,1.0,1224.7881667200024,1000.0,1210.1512667200025,1000.0,0.35534463168886543,0.0
7260,1668296280000.0,0.0,0.0,3.3,131.88542424242425,0.0,0.0,128.3,0.9999253857184062,1.0,1224.7881667200024,1000.0,1212.9562667200025,1000.0,0.35534463168886543,0.0
7261,1668299880000.0,0.0,0.0,3.3,131.88542424242425,0.0,0.0,128.9,0.9999253857184062,1.0,1224.7881667200024,1000.0,1214.9362667200023,1000.0,0.35534463168886543,0.0
7262,1668303480000.0,0.0,0.0,3.3,131.88542424242425,0.0,0.0,129.35,0.9999253857184062,1.0,1224.7881667200024,1000.0,1216.4212667200024,1000.0,0.35534463168886543,0.0
7263,1668307080000.0,0.0,0.0,3.3,131.88542424242425,0.0,0.0,130.0,0.9999253857184062,1.0,1224.7881667200024,1000.0,1218.5662667200024,1000.0,0.35534463168886543,0.0
7264,1668310680000.0,0.0,0.0,3.3,131.88542424242425,0.0,0.0,130.05,0.9999253857184062,1.0,1224.7881667200024,1000.0,1218.7312667200024,1000.0,0.35534463168886543,0.0
7265,1668314280000.0,0.0,0.0,3.3,131.88542424242425,0.0,0.0,130.9,0.9999253857184062,1.0,1224.7881667200024,1000.0,1221.5362667200025,1000.0,0.35534463168886543,0.0
7266,1668317880000.0,0.0,0.0,3.3,131.88542424242425,0.0,0.0,130.9,0.9999253857184062,1.0,1224.7881667200024,1000.0,1221.5362667200025,1000.0,0.35534463168886543,0.0
7267,1668321480000.0,0.0,0.0,3.3,131.88542424242425,0.0,0.0,129.0,0.9999253857184062,1.0,1224.7881667200024,1000.0,1215.2662667200025,1000.0,0.35534463168886543,0.0
7268,1668325080000.0,0.0,0.0,3.3,131.88542424242425,0.0,0.0,128.55,0.9999253857184062,1.0,1224.7881667200024,1000.0,1213.7812667200023,1000.0,0.35534463168886543,0.0
7269,1668328680000.0,0.0,0.0,3.3,131.88542424242425,0.0,0.0,129.15,0.9999253857184062,1.0,1224.7881667200024,1000.0,1215.7612667200024,1000.0,0.35534463168886543,0.0
7270,1668332280000.0,0.0,0.0,3.3,131.88542424242425,0.0,0.0,127.3,0.9999253857184062,1.0,1224.7881667200024,1000.0,1209.6562667200023,1000.0,0.35534463168886543,0.0
7271,1668335880000.0,0.0,0.0,3.3,131.88542424242425,0.0,0.0,126.85,0.9999253857184062,1.0,1224.7881667200024,1000.0,1208.1712667200024,1000.0,0.35534463168886543,0.0
7272,1668339480000.0,0.0,0.0,3.3,131.88542424242425,0.0,0.0,128.2,0.9999253857184062,1.0,1224.7881667200024,1000.0,1212.6262667200024,1000.0,0.35534463168886543,0.0
7273,1668343080000.0,0.0,0.0,3.3,131.88542424242425,0.0,0.0,128.1,0.9999253857184062,1.0,1224.7881667200024,1000.0,1212.2962667200024,1000.0,0.35534463168886543,0.0
7274,1668346680000.0,0.0,0.0,3.3,131.88542424242425,0.0,0.0,127.95,0.9999253857184062,1.0,1224.7881667200024,1000.0,1211.8012667200023,1000.0,0.35534463168886543,0.0
7275,1668350280000.0,0.0,0.0,3.3,131.88542424242425,0.0,0.0,128.25,0.9999253857184062,1.0,1224.7881667200024,1000.0,1212.7912667200023,1000.0,0.35534463168886543,0.0
7276,1668353880000.0,0.0,0.0,3.3,131.88542424242425,0.0,0.0,128.75,0.9999253857184062,1.0,1224.7881667200024,1000.0,1214.4412667200024,1000.0,0.35534463168886543,0.0
7277,1668357480000.0,0.0,0.0,3.3,131.88542424242425,0.0,0.0,128.75,0.9999253857184062,1.0,1224.7881667200024,1000.0,1214.4412667200024,1000.0,0.35534463168886543,0.0
7278,1668361080000.0,0.0,0.0,3.3,131.88542424242425,0.0,0.0,128.25,0.9999253857184062,1.0,1224.7881667200024,1000.0,1212.7912667200023,1000.0,0.35534463168886543,0.0
7279,1668364680000.0,0.0,0.0,3.3,131.88542424242425,0.0,0.0,127.15,0.9999253857184062,1.0,1224.7881667200024,1000.0,1209.1612667200025,1000.0,0.35534463168886543,0.0
7280,1668368280000.0,0.0,0.0,3.3,131.88542424242425,0.0,0.0,127.55,0.9999253857184062,1.0,1224.7881667200024,1000.0,1210.4812667200024,1000.0,0.35534463168886543,0.0
7281,1668371880000.0,0.0,0.0,3.3,131.88542424242425,0.0,0.0,129.0,0.9999253857184062,1.0,1224.7881667200024,1000.0,1215.2662667200025,1000.0,0.35534463168886543,0.0
7282,1668375480000.0,0.0,0.0,3.3,131.88542424242425,0.0,0.0,128.4,0.9999253857184062,1.0,1224.7881667200024,1000.0,1213.2862667200025,1000.0,0.35534463168886543,0.0
7283,1668379080000.0,0.0,0.0,3.3,131.88542424242425,0.0,0.0,127.85,0.9999253857184062,1.0,1224.7881667200024,1000.0,1211.4712667200024,1000.0,0.35534463168886543,0.0
7284,1668382680000.0,0.0,0.0,3.3,131.88542424242425,0.0,0.0,127.35,0.9999253857184062,1.0,1224.7881667200024,1000.0,1209.8212667200023,1000.0,0.35534463168886543,0.0
7285,1668386280000.0,0.0,0.0,3.3,131.88542424242425,0.0,0.0,125.55,0.9999253857184062,1.0,1224.7881667200024,1000.0,1203.8812667200025,1000.0,0.35534463168886543,0.0
7286,1668389880000.0,0.0,0.0,3.3,131.88542424242425,0.0,0.0,125.35,0.9999253857184062,1.0,1224.7881667200024,1000.0,1203.2212667200024,1000.0,0.35534463168886543,0.0
7287,1668393480000.0,0.0,0.0,3.3,131.88542424242425,0.0,0.0,125.3,0.9999253857184062,1.0,1224.7881667200024,1000.0,1203.0562667200024,1000.0,0.35534463168886543,0.0
7288,1668397080000.0,0.0,0.0,3.3,131.88542424242425,0.0,0.0,125.95,0.9999253857184062,1.0,1224.7881667200024,1000.0,1205.2012667200024,1000.0,0.35534463168886543,0.0
7289,1668400680000.0,0.0,0.0,3.3,131.88542424242425,0.0,0.0,123.15,0.9999253857184062,1.0,1224.7881667200024,1000.0,1195.9612667200024,1000.0,0.35534463168886543,0.0
7290,1668404280000.0,0.0,0.0,3.3,131.88542424242425,0.0,0.0,122.75,0.9999253857184062,1.0,1224.7881667200024,1000.0,1194.6412667200025,1000.0,0.35534463168886543,0.0
7291,1668407880000.0,0.0,0.0,3.3,131.88542424242425,0.0,0.0,124.2,0.9999253857184062,1.0,1224.7881667200024,1000.0,1199.4262667200023,1000.0,0.35534463168886543,0.0
7292,1668411480000.0,0.0,0.0,3.3,131.88542424242425,0.0,0.0,127.35,0.9999253857184062,1.0,1224.7881667200024,1000.0,1209.8212667200023,1000.0,0.35534463168886543,0.0
7293,1668415080000.0,0.0,0.0,3.3,131.88542424242425,0.0,0.0,127.8,0.9999253857184062,1.0,1224.7881667200024,1000.0,1211.3062667200024,1000.0,0.35534463168886543,0.0
7294,1668418680000.0,0.0,0.0,3.3,131.88542424242425,0.0,0.0,128.2,0.9999253857184062,1.0,1224.7881667200024,1000.0,1212.6262667200024,1000.0,0.35534463168886543,0.0
7295,1668422280000.0,0.0,0.0,3.3,131.88542424242425,0.0,0.0,128.8,0.9999253857184062,1.0,1224.7881667200024,1000.0,1214.6062667200024,1000.0,0.35534463168886543,0.0
7296,1668425880000.0,0.0,0.0,3.3,131.88542424242425,0.0,0.0,128.1,0.9999253857184062,1.0,1224.7881667200024,1000.0,1212.2962667200024,1000.0,0.35534463168886543,0.0
7297,1668429480000.0,0.0,0.0,3.3,131.88542424242425,0.0,0.0,128.45,0.9999253857184062,1.0,1224.7881667200024,1000.0,1213.4512667200024,1000.0,0.35534463168886543,0.0
7298,1668433080000.0,0.0,0.0,3.3,131.88542424242425,0.0,0.0,129.5,0.9999253857184062,1.0,1224.7881667200024,1000.0,1216.9162667200023,1000.0,0.35534463168886543,0.0
7299,1668436680000.0,0.0,0.0,3.3,131.88542424242425,0.0,0.0,128.05,0.9999253857184062,1.0,1224.7881667200024,1000.0,1212.1312667200025,1000.0,0.35534463168886543,0.0
7300,1668440280000.0,0.0,0.0,3.3,131.88542424242425,0.0,0.0,128.1,0.9999253857184062,1.0,1224.7881667200024,1000.0,1212.2962667200024,1000.0,0.35534463168886543,0.0
7301,1668443880000.0,0.0,0.0,3.3,131.88542424242425,0.0,0.0,128.65,0.9999253857184062,1.0,1224.7881667200024,1000.0,1214.1112667200025,1000.0,0.35534463168886543,0.0
7302,1668447480000.0,0.0,0.0,3.3,131.88542424242425,0.0,0.0,128.2,0.9999253857184062,1.0,1224.7881667200024,1000.0,1212.6262667200024,1000.0,0.35534463168886543,0.0
7303,1668451080000.0,0.0,0.0,3.3,131.88542424242425,0.0,0.0,128.55,0.9999253857184062,1.0,1224.7881667200024,1000.0,1213.7812667200023,1000.0,0.35534463168886543,0.0
7304,1668454680000.0,0.0,0.0,3.3,131.88542424242425,0.0,0.0,128.05,0.9999253857184062,1.0,1224.7881667200024,1000.0,1212.1312667200025,1000.0,0.35534463168886543,0.0
7305,1668458280000.0,0.0,0.0,3.3,131.88542424242425,0.0,0.0,128.4,0.9999253857184062,1.0,1224.7881667200024,1000.0,1213.2862667200025,1000.0,0.35534463168886543,0.0
7306,1668461880000.0,0.0,0.0,3.3,131.88542424242425,0.0,0.0,128.5,0.9999253857184062,1.0,1224.7881667200024,1000.0,1213.6162667200024,1000.0,0.35534463168886543,0.0
7307,1668465480000.0,0.0,0.0,3.3,131.88542424242425,0.0,0.0,128.55,0.9999253857184062,1.0,1224.7881667200024,1000.0,1213.7812667200023,1000.0,0.35534463168886543,0.0
7308,1668469080000.0,0.0,0.0,3.3,131.88542424242425,0.0,0.0,130.0,0.9999253857184062,1.0,1224.7881667200024,1000.0,1218.5662667200024,1000.0,0.35534463168886543,0.0
7309,1668472680000.0,0.0,0.0,3.3,131.88542424242425,0.0,0.0,129.9,0.9999253857184062,1.0,1224.7881667200024,1000.0,1218.2362667200025,1000.0,0.35534463168886543,0.0
7310,1668476280000.0,0.0,0.0,3.3,131.88542424242425,0.0,0.0,130.0,0.9999253857184062,1.0,1224.7881667200024,1000.0,1218.5662667200024,1000.0,0.35534463168886543,0.0
7311,1668479880000.0,0.0,0.0,3.3,131.88542424242425,0.0,0.0,130.35,0.9999253857184062,1.0,1224.7881667200024,1000.0,1219.7212667200024,1000.0,0.35534463168886543,0.0
7312,1668483480000.0,0.0,0.0,3.3,131.88542424242425,0.0,0.0,130.05,0.9999253857184062,1.0,1224.7881667200024,1000.0,1218.7312667200024,1000.0,0.35534463168886543,0.0
7313,1668487080000.0,0.0,0.0,3.3,131.88542424242425,0.0,0.0,129.65,0.9999253857184062,1.0,1224.7881667200024,1000.0,1217.4112667200025,1000.0,0.35534463168886543,0.0
7314,1668490680000.0,0.0,0.0,3.3,131.88542424242425,0.0,0.0,129.6,0.9999253857184062,1.0,1224.7881667200024,1000.0,1217.2462667200025,1000.0,0.35534463168886543,0.0
7315,1668494280000.0,0.0,0.0,3.3,131.88542424242425,0.0,0.0,129.2,0.9999253857184062,1.0,1224.7881667200024,1000.0,1215.9262667200023,1000.0,0.35534463168886543,0.0
7316,1668497880000.0,0.0,0.0,3.3,131.88542424242425,0.0,0.0,130.4,0.9999253857184062,1.0,1224.7881667200024,1000.0,1219.8862667200024,1000.0,0.35534463168886543,0.0
7317,1668501480000.0,0.0,0.0,3.3,131.88542424242425,0.0,0.0,130.75,0.9999253857184062,1.0,1224.7881667200024,1000.0,1221.0412667200023,1000.0,0.35534463168886543,0.0
7318,1668505080000.0,0.0,0.0,3.3,131.88542424242425,0.0,0.0,129.85,0.9999253857184062,1.0,1224.7881667200024,1000.0,1218.0712667200023,1000.0,0.35534463168886543,0.0
7319,1668508680000.0,0.0,0.0,3.3,131.88542424242425,0.0,0.0,130.1,0.9999253857184062,1.0,1224.7881667200024,1000.0,1218.8962667200024,1000.0,0.35534463168886543,0.0
7320,1668512280000.0,0.0,0.0,3.3,131.88542424242425,0.0,0.0,130.5,0.9999253857184062,1.0,1224.7881667200024,1000.0,1220.2162667200025,1000.0,0.35534463168886543,0.0
7321,1668515880000.0,0.0,0.0,3.3,131.88542424242425,0.0,0.0,131.15,0.9999253857184062,1.0,1224.7881667200024,1000.0,1222.3612667200025,1000.0,0.35534463168886543,0.0
7322,1668519480000.0,0.0,0.0,3.3,131.88542424242425,0.0,0.0,131.85,0.9999253857184062,1.0,1224.7881667200024,1000.0,1224.6712667200024,1000.0,0.35534463168886543,0.0
7323,1668523080000.0,0.0,0.0,3.3,131.88542424242425,0.0,0.0,131.75,0.9999253857184062,1.0,1224.7881667200024,1000.0,1224.3412667200025,1000.0,0.35534463168886543,0.0
7324,1668526680000.0,0.0,0.0,3.3,131.88542424242425,0.0,0.0,132.05,0.9999253857184062,1.0,1224.7881667200024,1000.0,1225.3312667200025,1000.0,0.35534463168886543,0.0
7325,1668530280000.0,0.0,0.0,3.3,131.88542424242425,0.0,0.0,131.05,0.9999253857184062,1.0,1224.7881667200024,1000.0,1222.0312667200023,1000.0,0.35534463168886543,0.0
7326,1668533880000.0,0.0,0.0,3.3,131.88542424242425,0.0,0.0,130.7,0.9999253857184062,1.0,1224.7881667200024,1000.0,1220.8762667200024,1000.0,0.35534463168886543,0.0
7327,1668537480000.0,0.0,0.0,3.3,131.88542424242425,0.0,0.0,128.15,0.9999253857184062,1.0,1224.7881667200024,1000.0,1212.4612667200024,1000.0,0.35534463168886543,0.0
7328,1668541080000.0,0.0,0.0,3.3,131.88542424242425,0.0,0.0,128.2,0.9999253857184062,1.0,1224.7881667200024,1000.0,1212.6262667200024,1000.0,0.35534463168886543,0.0
7329,1668544680000.0,0.0,0.0,3.3,131.88542424242425,0.0,0.0,127.9,0.9999253857184062,1.0,1224.7881667200024,1000.0,1211.6362667200024,1000.0,0.35534463168886543,0.0
7330,1668548280000.0,0.0,0.0,3.3,131.88542424242425,0.0,0.0,128.0,0.9999253857184062,1.0,1224.7881667200024,1000.0,1211.9662667200025,1000.0,0.35534463168886543,0.0
7331,1668551880000.0,0.0,0.0,3.3,131.88542424242425,0.0,0.0,128.1,0.9999253857184062,1.0,1224.7881667200024,1000.0,1212.2962667200024,1000.0,0.35534463168886543,0.0
7332,1668555480000.0,0.0,0.0,3.3,131.88542424242425,0.0,0.0,128.7,0.9999253857184062,1.0,1224.7881667200024,1000.0,1214.2762667200025,1000.0,0.35534463168886543,0.0
7333,1668559080000.0,0.0,0.0,3.3,131.88542424242425,0.0,0.0,128.95,0.9999253857184062,1.0,1224.7881667200024,1000.0,1215.1012667200023,1000.0,0.35534463168886543,0.0
7334,1668562680000.0,0.0,0.0,3.3,131.88542424242425,0.0,0.0,129.75,0.9999253857184062,1.0,1224.7881667200024,1000.0,1217.7412667200024,1000.0,0.35534463168886543,0.0
7335,1668566280000.0,0.0,0.0,3.3,131.88542424242425,0.0,0.0,130.05,0.9999253857184062,1.0,1224.7881667200024,1000.0,1218.7312667200024,1000.0,0.35534463168886543,0.0
7336,1668569880000.0,0.0,0.0,3.3,131.88542424242425,0.0,0.0,130.35,0.9999253857184062,1.0,1224.7881667200024,1000.0,1219.7212667200024,1000.0,0.35534463168886543,0.0
7337,1668573480000.0,0.0,0.0,3.3,131.88542424242425,0.0,0.0,130.4,0.9999253857184062,1.0,1224.7881667200024,1000.0,1219.8862667200024,1000.0,0.35534463168886543,0.0
7338,1668577080000.0,0.0,0.0,3.3,131.88542424242425,0.0,0.0,130.35,0.9999253857184062,1.0,1224.7881667200024,1000.0,1219.7212667200024,1000.0,0.35534463168886543,0.0
7339,1668580680000.0,0.0,0.0,3.3,131.88542424242425,0.0,0.0,130.05,0.9999253857184062,1.0,1224.7881667200024,1000.0,1218.7312667200024,1000.0,0.35534463168886543,0.0
7340,1668584280000.0,0.0,0.0,3.3,131.88542424242425,0.0,0.0,130.45,0.9999253857184062,1.0,1224.7881667200024,1000.0,1220.0512667200023,1000.0,0.35534463168886543,0.0
7341,1668587880000.0,0.0,0.0,3.3,131.88542424242425,0.0,0.0,129.45,0.9999253857184062,1.0,1224.7881667200024,1000.0,1216.7512667200024,1000.0,0.35534463168886543,0.0
7342,1668591480000.0,0.0,0.0,3.3,131.88542424242425,0.0,0.0,129.25,0.9999253857184062,1.0,1224.7881667200024,1000.0,1216.0912667200025,1000.0,0.35534463168886543,0.0
7343,1668595080000.0,0.0,0.0,3.3,131.88542424242425,0.0,0.0,129.2,0.9999253857184062,1.0,1224.7881667200024,1000.0,1215.9262667200023,1000.0,0.35534463168886543,0.0
7344,1668598680000.0,0.0,0.0,3.3,131.88542424242425,0.0,0.0,129.65,0.9999253857184062,1.0,1224.7881667200024,1000.0,1217.4112667200025,1000.0,0.35534463168886543,0.0
7345,1668602280000.0,0.0,0.0,3.3,131.88542424242425,0.0,0.0,128.8,0.9999253857184062,1.0,1224.7881667200024,1000.0,1214.6062667200024,1000.0,0.35534463168886543,0.0
7346,1668605880000.0,0.0,0.0,3.3,131.88542424242425,0.0,0.0,128.5,0.9999253857184062,1.0,1224.7881667200024,1000.0,1213.6162667200024,1000.0,0.35534463168886543,0.0
7347,1668609480000.0,0.0,0.0,3.3,131.88542424242425,0.0,0.0,128.2,0.9999253857184062,1.0,1224.7881667200024,1000.0,1212.6262667200024,1000.0,0.35534463168886543,0.0
7348,1668613080000.0,0.0,0.0,3.3,131.88542424242425,0.0,0.0,128.2,0.9999253857184062,1.0,1224.7881667200024,1000.0,1212.6262667200024,1000.0,0.35534463168886543,0.0
7349,1668616680000.0,0.0,0.0,3.3,131.88542424242425,0.0,0.0,128.75,0.9999253857184062,1.0,1224.7881667200024,1000.0,1214.4412667200024,1000.0,0.35534463168886543,0.0
7350,1668620280000.0,0.0,0.0,3.3,131.88542424242425,0.0,0.0,129.75,0.9999253857184062,1.0,1224.7881667200024,1000.0,1217.7412667200024,1000.0,0.35534463168886543,0.0
7351,1668623880000.0,0.0,0.0,3.3,131.88542424242425,0.0,0.0,129.55,0.9999253857184062,1.0,1224.7881667200024,1000.0,1217.0812667200025,1000.0,0.35534463168886543,0.0
7352,1668627480000.0,0.0,0.0,3.3,131.88542424242425,0.0,0.0,130.85,0.9999253857184062,1.0,1224.7881667200024,1000.0,1221.3712667200025,1000.0,0.35534463168886543,0.0
7353,1668631080000.0,0.0,0.0,3.3,131.88542424242425,0.0,0.0,132.05,0.9999253857184062,1.0,1224.7881667200024,1000.0,1225.3312667200025,1000.0,0.35534463168886543,0.0
7354,1668634680000.0,0.0,0.0,3.3,131.88542424242425,0.0,0.0,131.6,0.9999253857184062,1.0,1224.7881667200024,1000.0,1223.8462667200024,1000.0,0.35534463168886543,0.0
7355,1668638280000.0,0.0,0.0,3.3,131.88542424242425,0.0,0.0,131.75,0.9999253857184062,1.0,1224.7881667200024,1000.0,1224.3412667200025,1000.0,0.35534463168886543,0.0
7356,1668641880000.0,0.0,0.0,3.3,131.88542424242425,0.0,0.0,132.1,0.9999253857184062,1.0,1224.7881667200024,1000.0,1225.4962667200025,1000.0,0.35534463168886543,0.0
7357,1668645480000.0,0.0,0.0,3.3,131.88542424242425,0.0,0.0,132.5,0.9999253857184062,1.0,1224.7881667200024,1000.0,1226.8162667200024,1000.0,0.35534463168886543,0.0
7358,1668649080000.0,0.0,0.0,3.3,131.88542424242425,0.0,0.0,132.45,0.9999253857184062,1.0,1224.7881667200024,1000.0,1226.6512667200025,1000.0,0.35534463168886543,0.0
7359,1668652680000.0,0.0,0.0,3.3,131.88542424242425,0.0,0.0,131.7,0.9999253857184062,1.0,1224.7881667200024,1000.0,1224.1762667200023,1000.0,0.35534463168886543,0.0
7360,1668656280000.0,0.0,0.0,3.3,131.88542424242425,0.0,0.0,131.55,0.9999253857184062,1.0,1224.7881667200024,1000.0,1223.6812667200024,1000.0,0.35534463168886543,0.0
7361,1668659880000.0,0.0,0.0,3.3,131.88542424242425,0.0,0.0,131.65,0.9999253857184062,1.0,1224.7881667200024,1000.0,1224.0112667200024,1000.0,0.35534463168886543,0.0
7362,1668663480000.0,0.0,0.0,3.3,131.88542424242425,0.0,0.0,131.9,0.9999253857184062,1.0,1224.7881667200024,1000.0,1224.8362667200024,1000.0,0.35534463168886543,0.0
7363,1668667080000.0,0.0,0.0,3.3,131.88542424242425,0.0,0.0,131.1,0.9999253857184062,1.0,1224.7881667200024,1000.0,1222.1962667200023,1000.0,0.35534463168886543,0.0
7364,1668670680000.0,0.0,0.0,3.3,131.88542424242425,0.0,0.0,131.85,0.9999253857184062,1.0,1224.7881667200024,1000.0,1224.6712667200024,1000.0,0.35534463168886543,0.0
7365,1668674280000.0,0.0,0.0,3.3,131.88542424242425,0.0,0.0,132.5,0.9999253857184062,1.0,1224.7881667200024,1000.0,1226.8162667200024,1000.0,0.35534463168886543,0.0
7366,1668677880000.0,0.0,0.0,3.3,131.88542424242425,0.0,0.0,132.15,0.9999253857184062,1.0,1224.7881667200024,1000.0,1225.6612667200025,1000.0,0.35534463168886543,0.0
7367,1668681480000.0,0.0,0.0,3.3,131.88542424242425,0.0,0.0,132.1,0.9999253857184062,1.0,1224.7881667200024,1000.0,1225.4962667200025,1000.0,0.35534463168886543,0.0
7368,1668685080000.0,0.0,0.0,3.3,131.88542424242425,0.0,0.0,132.55,0.9999253857184062,1.0,1224.7881667200024,1000.0,1226.9812667200024,1000.0,0.35534463168886543,0.0
7369,1668688680000.0,0.0,0.0,3.3,131.88542424242425,0.0,0.0,131.75,0.9999253857184062,1.0,1224.7881667200024,1000.0,1224.3412667200025,1000.0,0.35534463168886543,0.0
7370,1668692280000.0,0.0,0.0,3.3,131.88542424242425,0.0,0.0,131.5,0.9999253857184062,1.0,1224.7881667200024,1000.0,1223.5162667200025,1000.0,0.35534463168886543,0.0
7371,1668695880000.0,0.0,0.0,3.3,131.88542424242425,0.0,0.0,131.25,0.9999253857184062,1.0,1224.7881667200024,1000.0,1222.6912667200024,1000.0,0.35534463168886543,0.0
7372,1668699480000.0,0.0,0.0,3.3,131.88542424242425,0.0,0.0,131.65,0.9999253857184062,1.0,1224.7881667200024,1000.0,1224.0112667200024,1000.0,0.35534463168886543,0.0
7373,1668703080000.0,0.0,0.0,3.3,131.88542424242425,0.0,0.0,131.55,0.9999253857184062,1.0,1224.7881667200024,1000.0,1223.6812667200024,1000.0,0.35534463168886543,0.0
7374,1668706680000.0,0.0,0.0,3.3,131.88542424242425,0.0,0.0,131.55,0.9999253857184062,1.0,1224.7881667200024,1000.0,1223.6812667200024,1000.0,0.35534463168886543,0.0
7375,1668710280000.0,0.0,0.0,3.3,131.88542424242425,0.0,0.0,131.75,0.9999253857184062,1.0,1224.7881667200024,1000.0,1224.3412667200025,1000.0,0.35534463168886543,0.0
7376,1668713880000.0,0.0,0.0,3.3,131.88542424242425,0.0,0.0,131.0,0.9999253857184062,1.0,1224.7881667200024,1000.0,1221.8662667200024,1000.0,0.35534463168886543,0.0
7377,1668717480000.0,0.0,0.0,3.3,131.88542424242425,0.0,0.0,131.45,0.9999253857184062,1.0,1224.7881667200024,1000.0,1223.3512667200023,1000.0,0.35534463168886543,0.0
7378,1668721080000.0,0.0,0.0,3.3,131.88542424242425,0.0,0.0,132.8,0.9999253857184062,1.0,1224.7881667200024,1000.0,1227.8062667200024,1000.0,0.35534463168886543,0.0
7379,1668724680000.0,0.0,0.0,3.3,131.88542424242425,0.0,0.0,133.05,0.9999253857184062,1.0,1224.7881667200024,1000.0,1228.6312667200025,1000.0,0.35534463168886543,0.0
7380,1668728280000.0,0.0,0.0,3.3,131.88542424242425,0.0,0.0,131.85,0.9999253857184062,1.0,1224.7881667200024,1000.0,1224.6712667200024,1000.0,0.35534463168886543,0.0
7381,1668731880000.0,0.0,0.0,3.3,131.88542424242425,0.0,0.0,132.6,0.9999253857184062,1.0,1224.7881667200024,1000.0,1227.1462667200024,1000.0,0.35534463168886543,0.0
7382,1668735480000.0,0.0,0.0,3.3,131.88542424242425,0.0,0.0,133.6,0.9999253857184062,1.0,1224.7881667200024,1000.0,1230.4462667200023,1000.0,0.35534463168886543,0.0
7383,1668739080000.0,0.0,0.0,3.3,131.88542424242425,0.0,0.0,133.55,0.9999253857184062,1.0,1224.7881667200024,1000.0,1230.2812667200023,1000.0,0.35534463168886543,0.0
7384,1668742680000.0,0.0,0.0,3.3,131.88542424242425,0.0,0.0,133.9,0.9999253857184062,1.0,1224.7881667200024,1000.0,1231.4362667200023,1000.0,0.35534463168886543,0.0
7385,1668746280000.0,0.0,0.0,3.3,131.88542424242425,0.0,0.0,134.0,0.9999253857184062,1.0,1224.7881667200024,1000.0,1231.7662667200025,1000.0,0.35534463168886543,0.0
7386,1668749880000.0,0.0,0.0,3.3,131.88542424242425,0.0,0.0,133.85,0.9999253857184062,1.0,1224.7881667200024,1000.0,1231.2712667200024,1000.0,0.35534463168886543,0.0
7387,1668753480000.0,0.0,0.0,3.3,131.88542424242425,0.0,0.0,133.6,0.9999253857184062,1.0,1224.7881667200024,1000.0,1230.4462667200023,1000.0,0.35534463168886543,0.0
7388,1668757080000.0,0.0,0.0,3.3,131.88542424242425,0.0,0.0,133.75,0.9999253857184062,1.0,1224.7881667200024,1000.0,1230.9412667200024,1000.0,0.35534463168886543,0.0
7389,1668760680000.0,0.0,0.0,3.3,131.88542424242425,0.0,0.0,133.25,0.9999253857184062,1.0,1224.7881667200024,1000.0,1229.2912667200023,1000.0,0.35534463168886543,0.0
7390,1668764280000.0,0.0,0.0,3.3,131.88542424242425,0.0,0.0,133.2,0.9999253857184062,1.0,1224.7881667200024,1000.0,1229.1262667200024,1000.0,0.35534463168886543,0.0
7391,1668767880000.0,0.0,0.0,3.3,131.88542424242425,0.0,0.0,133.65,0.9999253857184062,1.0,1224.7881667200024,1000.0,1230.6112667200025,1000.0,0.35534463168886543,0.0
7392,1668771480000.0,0.0,0.0,3.3,131.88542424242425,0.0,0.0,133.75,0.9999253857184062,1.0,1224.7881667200024,1000.0,1230.9412667200024,1000.0,0.35534463168886543,0.0
7393,1668775080000.0,0.0,0.0,3.3,131.88542424242425,0.0,0.0,133.85,0.9999253857184062,1.0,1224.7881667200024,1000.0,1231.2712667200024,1000.0,0.35534463168886543,0.0
7394,1668778680000.0,0.0,0.0,3.3,131.88542424242425,0.0,0.0,134.05,0.9999253857184062,1.0,1224.7881667200024,1000.0,1231.9312667200024,1000.0,0.35534463168886543,0.0
7395,1668782280000.0,0.0,0.0,3.3,131.88542424242425,0.0,0.0,132.55,0.9999253857184062,1.0,1224.7881667200024,1000.0,1226.9812667200024,1000.0,0.35534463168886543,0.0
7396,1668785880000.0,0.0,0.0,3.3,131.88542424242425,0.0,0.0,131.65,0.9999253857184062,1.0,1224.7881667200024,1000.0,1224.0112667200024,1000.0,0.35534463168886543,0.0
7397,1668789480000.0,0.0,0.0,3.3,131.88542424242425,0.0,0.0,132.3,0.9999253857184062,1.0,1224.7881667200024,1000.0,1226.1562667200023,1000.0,0.35534463168886543,0.0
7398,1668793080000.0,0.0,0.0,3.3,131.88542424242425,0.0,0.0,132.4,0.9999253857184062,1.0,1224.7881667200024,1000.0,1226.4862667200025,1000.0,0.35534463168886543,0.0
7399,1668796680000.0,0.0,0.0,3.3,131.88542424242425,0.0,0.0,132.65,0.9999253857184062,1.0,1224.7881667200024,1000.0,1227.3112667200023,1000.0,0.35534463168886543,0.0
7400,1668800280000.0,0.0,0.0,3.3,131.88542424242425,0.0,0.0,133.45,0.9999253857184062,1.0,1224.7881667200024,1000.0,1229.9512667200024,1000.0,0.35534463168886543,0.0
7401,1668803880000.0,0.0,0.0,3.3,131.88542424242425,0.0,0.0,133.35,0.9999253857184062,1.0,1224.7881667200024,1000.0,1229.6212667200025,1000.0,0.35534463168886543,0.0
7402,1668807480000.0,0.0,0.0,3.3,131.88542424242425,0.0,0.0,132.75,0.9999253857184062,1.0,1224.7881667200024,1000.0,1227.6412667200025,1000.0,0.35534463168886543,0.0
7403,1668811080000.0,0.0,0.0,3.3,131.88542424242425,0.0,0.0,132.25,0.9999253857184062,1.0,1224.7881667200024,1000.0,1225.9912667200024,1000.0,0.35534463168886543,0.0
7404,1668814680000.0,0.0,0.0,3.3,131.88542424242425,0.0,0.0,133.15,0.9999253857184062,1.0,1224.7881667200024,1000.0,1228.9612667200024,1000.0,0.35534463168886543,0.0
7405,1668818280000.0,0.0,0.0,3.3,131.88542424242425,0.0,0.0,132.85,0.9999253857184062,1.0,1224.7881667200024,1000.0,1227.9712667200024,1000.0,0.35534463168886543,0.0
7406,1668821880000.0,0.0,0.0,3.3,131.88542424242425,0.0,0.0,133.0,0.9999253857184062,1.0,1224.7881667200024,1000.0,1228.4662667200025,1000.0,0.35534463168886543,0.0
7407,1668825480000.0,0.0,0.0,3.3,131.88542424242425,0.0,0.0,133.05,0.9999253857184062,1.0,1224.7881667200024,1000.0,1228.6312667200025,1000.0,0.35534463168886543,0.0
7408,1668829080000.0,0.0,0.0,3.3,131.88542424242425,0.0,0.0,133.5,0.9999253857184062,1.0,1224.7881667200024,1000.0,1230.1162667200024,1000.0,0.35534463168886543,0.0
7409,1668832680000.0,0.0,0.0,3.3,131.88542424242425,0.0,0.0,133.75,0.9999253857184062,1.0,1224.7881667200024,1000.0,1230.9412667200024,1000.0,0.35534463168886543,0.0
7410,1668836280000.0,0.0,0.0,3.3,131.88542424242425,0.0,0.0,133.3,0.9999253857184062,1.0,1224.7881667200024,1000.0,1229.4562667200025,1000.0,0.35534463168886543,0.0
7411,1668839880000.0,0.0,0.0,3.3,131.88542424242425,0.0,0.0,133.3,0.9999253857184062,1.0,1224.7881667200024,1000.0,1229.4562667200025,1000.0,0.35534463168886543,0.0
7412,1668843480000.0,0.0,0.0,3.3,131.88542424242425,0.0,0.0,132.35,0.9999253857184062,1.0,1224.7881667200024,1000.0,1226.3212667200023,1000.0,0.35534463168886543,0.0
7413,1668847080000.0,0.0,0.0,3.3,131.88542424242425,0.0,0.0,132.5,0.9999253857184062,1.0,1224.7881667200024,1000.0,1226.8162667200024,1000.0,0.35534463168886543,0.0
7414,1668850680000.0,0.0,0.0,3.3,131.88542424242425,0.0,0.0,132.3,0.9999253857184062,1.0,1224.7881667200024,1000.0,1226.1562667200023,1000.0,0.35534463168886543,0.0
7415,1668854280000.0,0.0,0.0,3.3,131.88542424242425,0.0,0.0,133.15,0.9999253857184062,1.0,1224.7881667200024,1000.0,1228.9612667200024,1000.0,0.35534463168886543,0.0
7416,1668857880000.0,0.0,0.0,3.3,131.88542424242425,0.0,0.0,133.15,0.9999253857184062,1.0,1224.7881667200024,1000.0,1228.9612667200024,1000.0,0.35534463168886543,0.0
7417,1668861480000.0,0.0,0.0,3.3,131.88542424242425,0.0,0.0,133.3,0.9999253857184062,1.0,1224.7881667200024,1000.0,1229.4562667200025,1000.0,0.35534463168886543,0.0
7418,1668865080000.0,0.0,0.0,3.3,131.88542424242425,0.0,0.0,133.8,0.9999253857184062,1.0,1224.7881667200024,1000.0,1231.1062667200024,1000.0,0.35534463168886543,0.0
7419,1668868680000.0,0.0,0.0,3.3,131.88542424242425,0.0,0.0,133.25,0.9999253857184062,1.0,1224.7881667200024,1000.0,1229.2912667200023,1000.0,0.35534463168886543,0.0
7420,1668872280000.0,0.0,0.0,3.3,131.88542424242425,0.0,0.0,133.55,0.9999253857184062,1.0,1224.7881667200024,1000.0,1230.2812667200023,1000.0,0.35534463168886543,0.0
7421,1668875880000.0,0.0,0.0,3.3,131.88542424242425,0.0,0.0,133.4,0.9999253857184062,1.0,1224.7881667200024,1000.0,1229.7862667200025,1000.0,0.35534463168886543,0.0
7422,1668879480000.0,0.0,0.0,3.3,131.88542424242425,0.0,0.0,133.5,0.9999253857184062,1.0,1224.7881667200024,1000.0,1230.1162667200024,1000.0,0.35534463168886543,0.0
7423,1668883080000.0,0.0,0.0,3.3,131.88542424242425,0.0,0.0,132.55,0.9999253857184062,1.0,1224.7881667200024,1000.0,1226.9812667200024,1000.0,0.35534463168886543,0.0
7424,1668886680000.0,0.0,0.0,3.3,131.88542424242425,0.0,0.0,132.05,0.9999253857184062,1.0,1224.7881667200024,1000.0,1225.3312667200025,1000.0,0.35534463168886543,0.0
7425,1668890280000.0,0.0,0.0,3.3,131.88542424242425,0.0,0.0,132.75,0.9999253857184062,1.0,1224.7881667200024,1000.0,1227.6412667200025,1000.0,0.35534463168886543,0.0
7426,1668893880000.0,0.0,0.0,3.3,131.88542424242425,0.0,0.0,133.7,0.9999253857184062,1.0,1224.7881667200024,1000.0,1230.7762667200025,1000.0,0.35534463168886543,0.0
7427,1668897480000.0,0.0,0.0,3.3,131.88542424242425,0.0,0.0,134.2,0.9999253857184062,1.0,1224.7881667200024,1000.0,1232.4262667200023,1000.0,0.35534463168886543,0.0
7428,1668901080000.0,0.0,0.0,3.3,131.88542424242425,0.0,0.0,134.25,0.9999253857184062,1.0,1224.7881667200024,1000.0,1232.5912667200025,1000.0,0.35534463168886543,0.0
7429,1668904680000.0,0.0,0.0,3.3,131.88542424242425,0.0,0.0,133.75,0.9999253857184062,1.0,1224.7881667200024,1000.0,1230.9412667200024,1000.0,0.35534463168886543,0.0
7430,1668908280000.0,0.0,0.0,3.3,131.88542424242425,0.0,0.0,133.6,0.9999253857184062,1.0,1224.7881667200024,1000.0,1230.4462667200023,1000.0,0.35534463168886543,0.0
7431,1668911880000.0,0.0,0.0,3.3,131.88542424242425,0.0,0.0,134.05,0.9999253857184062,1.0,1224.7881667200024,1000.0,1231.9312667200024,1000.0,0.35534463168886543,0.0
7432,1668915480000.0,0.0,0.0,3.3,131.88542424242425,0.0,0.0,133.9,0.9999253857184062,1.0,1224.7881667200024,1000.0,1231.4362667200023,1000.0,0.35534463168886543,0.0
7433,1668919080000.0,0.0,0.0,3.3,131.88542424242425,0.0,0.0,133.8,0.9999253857184062,1.0,1224.7881667200024,1000.0,1231.1062667200024,1000.0,0.35534463168886543,0.0
7434,1668922680000.0,0.0,0.0,3.3,131.88542424242425,0.0,0.0,133.5,0.9999253857184062,1.0,1224.7881667200024,1000.0,1230.1162667200024,1000.0,0.35534463168886543,0.0
7435,1668926280000.0,0.0,0.0,3.3,131.88542424242425,0.0,0.0,133.35,0.9999253857184062,1.0,1224.7881667200024,1000.0,1229.6212667200025,1000.0,0.35534463168886543,0.0
7436,1668929880000.0,0.0,0.0,3.3,131.88542424242425,0.0,0.0,133.5,0.9999253857184062,1.0,1224.7881667200024,1000.0,1230.1162667200024,1000.0,0.35534463168886543,0.0
7437,1668933480000.0,0.0,0.0,3.3,131.88542424242425,0.0,0.0,133.7,0.9999253857184062,1.0,1224.7881667200024,1000.0,1230.7762667200025,1000.0,0.35534463168886543,0.0
7438,1668937080000.0,0.0,0.0,3.3,131.88542424242425,0.0,0.0,133.0,0.9999253857184062,1.0,1224.7881667200024,1000.0,1228.4662667200025,1000.0,0.35534463168886543,0.0
7439,1668940680000.0,0.0,0.0,3.3,131.88542424242425,0.0,0.0,133.7,0.9999253857184062,1.0,1224.7881667200024,1000.0,1230.7762667200025,1000.0,0.35534463168886543,0.0
7440,1668944280000.0,0.0,0.0,3.3,131.88542424242425,0.0,0.0,132.65,0.9999253857184062,1.0,1224.7881667200024,1000.0,1227.3112667200023,1000.0,0.35534463168886543,0.0
7441,1668947880000.0,0.0,0.0,3.3,131.88542424242425,0.0,0.0,132.45,0.9999253857184062,1.0,1224.7881667200024,1000.0,1226.6512667200025,1000.0,0.35534463168886543,0.0
7442,1668951480000.0,0.0,0.0,3.3,131.88542424242425,0.0,0.0,132.9,0.9999253857184062,1.0,1224.7881667200024,1000.0,1228.1362667200024,1000.0,0.35534463168886543,0.0
7443,1668955080000.0,0.0,0.0,3.3,131.88542424242425,0.0,0.0,133.0,0.9999253857184062,1.0,1224.7881667200024,1000.0,1228.4662667200025,1000.0,0.35534463168886543,0.0
7444,1668958680000.0,0.0,0.0,3.3,131.88542424242425,0.0,0.0,133.2,0.9999253857184062,1.0,1224.7881667200024,1000.0,1229.1262667200024,1000.0,0.35534463168886543,0.0
7445,1668962280000.0,0.0,0.0,3.3,131.88542424242425,0.0,0.0,132.9,0.9999253857184062,1.0,1224.7881667200024,1000.0,1228.1362667200024,1000.0,0.35534463168886543,0.0
7446,1668965880000.0,0.0,0.0,3.3,131.88542424242425,0.0,0.0,133.15,0.9999253857184062,1.0,1224.7881667200024,1000.0,1228.9612667200024,1000.0,0.35534463168886543,0.0
7447,1668969480000.0,0.0,0.0,3.3,131.88542424242425,0.0,0.0,132.1,0.9999253857184062,1.0,1224.7881667200024,1000.0,1225.4962667200025,1000.0,0.35534463168886543,0.0
7448,1668973080000.0,0.0,0.0,3.3,131.88542424242425,0.0,0.0,131.75,0.9999253857184062,1.0,1224.7881667200024,1000.0,1224.3412667200025,1000.0,0.35534463168886543,0.0
7449,1668976680000.0,0.0,0.0,3.3,131.88542424242425,0.0,0.0,131.0,0.9999253857184062,1.0,1224.7881667200024,1000.0,1221.8662667200024,1000.0,0.35534463168886543,0.0
7450,1668980280000.0,0.0,0.0,3.3,131.88542424242425,0.0,0.0,130.65,0.9999253857184062,1.0,1224.7881667200024,1000.0,1220.7112667200024,1000.0,0.35534463168886543,0.0
7451,1668983880000.0,0.0,0.0,3.3,131.88542424242425,0.0,0.0,130.65,0.9999253857184062,1.0,1224.7881667200024,1000.0,1220.7112667200024,1000.0,0.35534463168886543,0.0
7452,1668987480000.0,0.0,0.0,3.3,131.88542424242425,0.0,0.0,129.75,0.9999253857184062,1.0,1224.7881667200024,1000.0,1217.7412667200024,1000.0,0.35534463168886543,0.0
7453,1668991080000.0,0.0,0.0,3.3,131.88542424242425,0.0,0.0,130.1,0.9999253857184062,1.0,1224.7881667200024,1000.0,1218.8962667200024,1000.0,0.35534463168886543,0.0
7454,1668994680000.0,0.0,0.0,3.3,131.88542424242425,0.0,0.0,129.8,0.9999253857184062,1.0,1224.7881667200024,1000.0,1217.9062667200023,1000.0,0.35534463168886543,0.0
7455,1668998280000.0,0.0,0.0,3.3,131.88542424242425,0.0,0.0,128.95,0.9999253857184062,1.0,1224.7881667200024,1000.0,1215.1012667200023,1000.0,0.35534463168886543,0.0
7456,1669001880000.0,0.0,0.0,3.3,131.88542424242425,0.0,0.0,127.9,0.9999253857184062,1.0,1224.7881667200024,1000.0,1211.6362667200024,1000.0,0.35534463168886543,0.0
7457,1669005480000.0,0.0,0.0,3.3,131.88542424242425,0.0,0.0,129.2,0.9999253857184062,1.0,1224.7881667200024,1000.0,1215.9262667200023,1000.0,0.35534463168886543,0.0
7458,1669009080000.0,0.0,0.0,3.3,131.88542424242425,0.0,0.0,131.9,0.9999253857184062,1.0,1224.7881667200024,1000.0,1224.8362667200024,1000.0,0.35534463168886543,0.0
7459,1669012680000.0,0.0,0.0,3.3,131.88542424242425,0.0,0.0,130.95,0.9999253857184062,1.0,1224.7881667200024,1000.0,1221.7012667200024,1000.0,0.35534463168886543,0.0
7460,1669016280000.0,0.0,0.0,3.3,131.88542424242425,0.0,0.0,130.85,0.9999253857184062,1.0,1224.7881667200024,1000.0,1221.3712667200025,1000.0,0.35534463168886543,0.0
7461,1669019880000.0,0.0,0.0,3.3,131.88542424242425,0.0,0.0,129.95,0.9999253857184062,1.0,1224.7881667200024,1000.0,1218.4012667200025,1000.0,0.35534463168886543,0.0
7462,1669023480000.0,0.0,0.0,3.3,131.88542424242425,0.0,0.0,129.05,0.9999253857184062,1.0,1224.7881667200024,1000.0,1215.4312667200024,1000.0,0.35534463168886543,0.0
7463,1669027080000.0,0.0,0.0,3.3,131.88542424242425,0.0,0.0,132.2,0.9999253857184062,1.0,1224.7881667200024,1000.0,1225.8262667200024,1000.0,0.35534463168886543,0.0
7464,1669030680000.0,0.0,0.0,3.3,131.88542424242425,0.0,0.0,131.85,0.9999253857184062,1.0,1224.7881667200024,1000.0,1224.6712667200024,1000.0,0.35534463168886543,0.0
7465,1669034280000.0,0.0,0.0,3.3,131.88542424242425,0.0,0.0,130.85,0.9999253857184062,1.0,1224.7881667200024,1000.0,1221.3712667200025,1000.0,0.35534463168886543,0.0
7466,1669037880000.0,0.0,0.0,3.3,131.88542424242425,0.0,0.0,132.6,0.9999253857184062,1.0,1224.7881667200024,1000.0,1227.1462667200024,1000.0,0.35534463168886543,0.0
7467,1669041480000.0,0.0,0.0,3.3,131.88542424242425,0.0,0.0,134.1,0.9999253857184062,1.0,1224.7881667200024,1000.0,1232.0962667200024,1000.0,0.35534463168886543,0.0
7468,1669045080000.0,0.0,0.0,3.3,131.88542424242425,0.0,0.0,133.45,0.9999253857184062,1.0,1224.7881667200024,1000.0,1229.9512667200024,1000.0,0.35534463168886543,0.0
7469,1669048680000.0,0.0,0.0,3.3,131.88542424242425,0.0,0.0,132.8,0.9999253857184062,1.0,1224.7881667200024,1000.0,1227.8062667200024,1000.0,0.35534463168886543,0.0
7470,1669052280000.0,0.0,0.0,3.3,131.88542424242425,0.0,0.0,129.8,0.9999253857184062,1.0,1224.7881667200024,1000.0,1217.9062667200023,1000.0,0.35534463168886543,0.0
7471,1669055880000.0,0.0,0.0,3.3,131.88542424242425,0.0,0.0,129.5,0.9999253857184062,1.0,1224.7881667200024,1000.0,1216.9162667200023,1000.0,0.35534463168886543,0.0
7472,1669059480000.0,0.0,0.0,3.3,131.88542424242425,0.0,0.0,126.8,0.9999253857184062,1.0,1224.7881667200024,1000.0,1208.0062667200025,1000.0,0.35534463168886543,0.0
7473,1669063080000.0,0.0,0.0,3.3,131.88542424242425,0.0,0.0,127.25,0.9999253857184062,1.0,1224.7881667200024,1000.0,1209.4912667200024,1000.0,0.35534463168886543,0.0
7474,1669066680000.0,0.0,0.0,3.3,131.88542424242425,0.0,0.0,127.9,0.9999253857184062,1.0,1224.7881667200024,1000.0,1211.6362667200024,1000.0,0.35534463168886543,0.0
7475,1669070280000.0,0.0,0.0,3.3,131.88542424242425,0.0,0.0,127.75,0.9999253857184062,1.0,1224.7881667200024,1000.0,1211.1412667200025,1000.0,0.35534463168886543,0.0
7476,1669073880000.0,0.0,0.0,3.3,131.88542424242425,0.0,0.0,126.65,0.9999253857184062,1.0,1224.7881667200024,1000.0,1207.5112667200024,1000.0,0.35534463168886543,0.0
7477,1669077480000.0,0.0,0.0,3.3,131.88542424242425,0.0,0.0,126.65,0.9999253857184062,1.0,1224.7881667200024,1000.0,1207.5112667200024,1000.0,0.35534463168886543,0.0
7478,1669081080000.0,0.0,0.0,3.3,131.88542424242425,0.0,0.0,125.85,0.9999253857184062,1.0,1224.7881667200024,1000.0,1204.8712667200025,1000.0,0.35534463168886543,0.0
7479,1669084680000.0,0.0,0.0,3.3,131.88542424242425,0.0,0.0,126.4,0.9999253857184062,1.0,1224.7881667200024,1000.0,1206.6862667200023,1000.0,0.35534463168886543,0.0
7480,1669088280000.0,0.0,0.0,3.3,131.88542424242425,0.0,0.0,127.2,0.9999253857184062,1.0,1224.7881667200024,1000.0,1209.3262667200024,1000.0,0.35534463168886543,0.0
7481,1669091880000.0,0.0,0.0,3.3,131.88542424242425,0.0,0.0,127.55,0.9999253857184062,1.0,1224.7881667200024,1000.0,1210.4812667200024,1000.0,0.35534463168886543,0.0
7482,1669095480000.0,0.0,0.0,3.3,131.88542424242425,0.0,0.0,128.0,0.9999253857184062,1.0,1224.7881667200024,1000.0,1211.9662667200025,1000.0,0.35534463168886543,0.0
7483,1669099080000.0,0.0,0.0,3.3,131.88542424242425,0.0,0.0,127.3,0.9999253857184062,1.0,1224.7881667200024,1000.0,1209.6562667200023,1000.0,0.35534463168886543,0.0
7484,1669102680000.0,0.0,0.0,3.3,131.88542424242425,0.0,0.0,127.15,0.9999253857184062,1.0,1224.7881667200024,1000.0,1209.1612667200025,1000.0,0.35534463168886543,0.0
7485,1669106280000.0,0.0,0.0,3.3,131.88542424242425,0.0,0.0,127.75,0.9999253857184062,1.0,1224.7881667200024,1000.0,1211.1412667200025,1000.0,0.35534463168886543,0.0
7486,1669109880000.0,0.0,0.0,3.3,131.88542424242425,0.0,0.0,127.6,0.9999253857184062,1.0,1224.7881667200024,1000.0,1210.6462667200024,1000.0,0.35534463168886543,0.0
7487,1669113480000.0,0.0,0.0,3.3,131.88542424242425,0.0,0.0,127.9,0.9999253857184062,1.0,1224.7881667200024,1000.0,1211.6362667200024,1000.0,0.35534463168886543,0.0
7488,1669117080000.0,0.0,0.0,3.3,131.88542424242425,0.0,0.0,128.15,0.9999253857184062,1.0,1224.7881667200024,1000.0,1212.4612667200024,1000.0,0.35534463168886543,0.0
7489,1669120680000.0,0.0,0.0,3.3,131.88542424242425,0.0,0.0,128.25,0.9999253857184062,1.0,1224.7881667200024,1000.0,1212.7912667200023,1000.0,0.35534463168886543,0.0
7490,1669124280000.0,0.0,0.0,3.3,131.88542424242425,0.0,0.0,129.35,0.9999253857184062,1.0,1224.7881667200024,1000.0,1216.4212667200024,1000.0,0.35534463168886543,0.0
7491,1669127880000.0,0.0,0.0,3.3,131.88542424242425,0.0,0.0,128.3,0.9999253857184062,1.0,1224.7881667200024,1000.0,1212.9562667200025,1000.0,0.35534463168886543,0.0
7492,1669131480000.0,0.0,0.0,3.3,131.88542424242425,0.0,0.0,129.7,0.9999253857184062,1.0,1224.7881667200024,1000.0,1217.5762667200024,1000.0,0.35534463168886543,0.0
7493,1669135080000.0,0.0,0.0,3.3,131.88542424242425,0.0,0.0,129.5,0.9999253857184062,1.0,1224.7881667200024,1000.0,1216.9162667200023,1000.0,0.35534463168886543,0.0
7494,1669138680000.0,0.0,0.0,3.3,131.88542424242425,0.0,0.0,129.55,0.9999253857184062,1.0,1224.7881667200024,1000.0,1217.0812667200025,1000.0,0.35534463168886543,0.0
7495,1669142280000.0,0.0,0.0,3.3,131.88542424242425,0.0,0.0,130.25,0.9999253857184062,1.0,1224.7881667200024,1000.0,1219.3912667200025,1000.0,0.35534463168886543,0.0
7496,1669145880000.0,0.0,0.0,3.3,131.88542424242425,0.0,0.0,130.65,0.9999253857184062,1.0,1224.7881667200024,1000.0,1220.7112667200024,1000.0,0.35534463168886543,0.0
7497,1669149480000.0,0.0,0.0,3.3,131.88542424242425,0.0,0.0,131.05,0.9999253857184062,1.0,1224.7881667200024,1000.0,1222.0312667200023,1000.0,0.35534463168886543,0.0
7498,1669153080000.0,0.0,0.0,3.3,131.88542424242425,0.0,0.0,132.15,0.9999253857184062,1.0,1224.7881667200024,1000.0,1225.6612667200025,1000.0,0.35534463168886543,0.0
7499,1669156680000.0,0.0,0.0,3.3,131.88542424242425,0.0,0.0,132.4,0.9999253857184062,1.0,1224.7881667200024,1000.0,1226.4862667200025,1000.0,0.35534463168886543,0.0
7500,1669160280000.0,0.0,0.0,3.3,131.88542424242425,0.0,0.0,133.95,0.9999253857184062,1.0,1224.7881667200024,1000.0,1231.6012667200023,1000.0,0.35534463168886543,0.0
7501,1669163880000.0,0.0,0.0,3.3,131.88542424242425,0.0,0.0,133.8,0.9999253857184062,1.0,1224.7881667200024,1000.0,1231.1062667200024,1000.0,0.35534463168886543,0.0
7502,1669167480000.0,0.0,0.0,3.3,131.88542424242425,0.0,0.0,133.4,0.9999253857184062,1.0,1224.7881667200024,1000.0,1229.7862667200025,1000.0,0.35534463168886543,0.0
7503,1669171080000.0,0.0,0.0,2.2,131.88542424242425,0.0,0.0,135.15,0.9999253857184062,1.0,1229.1193130533359,1000.0,1236.3013797200026,1000.0,0.23606165020103528,0.0
7504,1669174680000.0,0.0,0.0,1.47,131.88542424242425,0.0,0.0,135.4,0.9999253857184062,1.0,1231.9936192563662,1000.0,1237.1600456200026,1000.0,0.15736410530550063,0.0
7505,1669178280000.0,0.0,0.0,0.66,131.88542424242425,0.0,0.0,135.35,0.9999253857184062,1.0,1235.1829179200026,1000.0,1237.4695379200027,1000.0,0.07047084179773079,0.0
7506,1669181880000.0,0.0,0.0,0.66,131.88542424242425,0.0,0.0,135.1,0.9999253857184062,1.0,1235.1829179200026,1000.0,1237.3045379200025,1000.0,0.07047084179773079,0.0
7507,1669185480000.0,0.0,0.0,0.66,131.88542424242425,0.0,0.0,134.7,0.9999253857184062,1.0,1235.1829179200026,1000.0,1237.0405379200026,1000.0,0.07047084179773079,0.0
7508,1669189080000.0,0.0,0.0,0.66,131.88542424242425,0.0,0.0,134.5,0.9999253857184062,1.0,1235.1829179200026,1000.0,1236.9085379200026,1000.0,0.07047084179773079,0.0
7509,1669192680000.0,0.0,0.0,0.66,131.88542424242425,0.0,0.0,135.1,0.9999253857184062,1.0,1235.1829179200026,1000.0,1237.3045379200025,1000.0,0.07047084179773079,0.0
7510,1669196280000.0,0.0,0.0,0.14,131.88542424242425,0.0,0.0,134.85,0.9999253857184062,1.0,1237.2303689139421,1000.0,1237.6454095200027,1000.0,0.014923622841676054,0.0
7511,1669199880000.0,0.0,0.0,0.14,131.88542424242425,0.0,0.0,135.5,0.9999253857184062,1.0,1237.2303689139421,1000.0,1237.7364095200028,1000.0,0.014923622841676054,0.0
7512,1669203480000.0,0.0,0.0,0.05,131.88542424242425,0.0,0.0,136.95,0.9999253857184062,1.0,1237.584735432124,1000.0,1237.8379642200027,1000.0,0.005328339162020053,0.0
7513,1669207080000.0,0.0,0.0,0.04,131.88542424242425,0.0,0.0,134.45,0.9999253857184062,1.0,1237.6241094896998,1000.0,1237.7266925200029,1000.0,0.004262535716011659,0.0
7514,1669210680000.0,0.0,0.0,0.04,131.88542424242425,0.0,0.0,133.65,0.9999253857184062,1.0,1237.6241094896998,1000.0,1237.6946925200027,1000.0,0.004262535716011659,0.0
7515,1669214280000.0,0.0,0.0,0.04,131.88542424242425,0.0,0.0,134.2,0.9999253857184062,1.0,1237.6241094896998,1000.0,1237.7166925200029,1000.0,0.004262535716011659,0.0
7516,1669217880000.0,0.0,0.0,0.04,131.88542424242425,0.0,0.0,134.1,0.9999253857184062,1.0,1237.6241094896998,1000.0,1237.7126925200027,1000.0,0.004262535716011659,0.0
7517,1669221480000.0,0.0,0.0,0.04,131.88542424242425,0.0,0.0,134.8,0.9999253857184062,1.0,1237.6241094896998,1000.0,1237.7406925200028,1000.0,0.004262535716011659,0.0
7518,1669225080000.0,0.0,0.0,0.03,131.88542424242425,0.0,0.0,134.95,0.9999253857184062,1.0,1237.6634835472755,1000.0,1237.7554208200029,1000.0,0.003196800083276915,0.0
7519,1669228680000.0,0.0,0.0,0.02,131.88542424242425,0.0,0.0,133.85,0.9999253857184062,1.0,1237.7028576048513,1000.0,1237.7421491200028,1000.0,0.0021311322573439504,0.0
7520,1669232280000.0,0.0,0.0,0.02,131.88542424242425,0.0,0.0,134.25,0.9999253857184062,1.0,1237.7028576048513,1000.0,1237.7501491200028,1000.0,0.0021311322573439504,0.0
7521,1669235880000.0,0.0,0.0,0.02,131.88542424242425,0.0,0.0,134.4,0.9999253857184062,1.0,1237.7028576048513,1000.0,1237.7531491200027,1000.0,0.0021311322573439504,0.0
7522,1669239480000.0,0.0,0.0,0.02,131.88542424242425,0.0,0.0,133.8,0.9999253857184062,1.0,1237.7028576048513,1000.0,1237.7411491200028,1000.0,0.0021311322573439504,0.0
7523,1669243080000.0,0.0,0.0,0.02,131.88542424242425,0.0,0.0,134.35,0.9999253857184062,1.0,1237.7028576048513,1000.0,1237.7521491200027,1000.0,0.0021311322573439504,0.0
7524,1669246680000.0,0.0,0.0,0.02,131.88542424242425,0.0,0.0,134.75,0.9999253857184062,1.0,1237.7028576048513,1000.0,1237.7601491200028,1000.0,0.0021311322573439504,0.0
7525,1669250280000.0,0.0,0.0,0.02,131.88542424242425,0.0,0.0,133.9,0.9999253857184062,1.0,1237.7028576048513,1000.0,1237.7431491200027,1000.0,0.0021311322573439504,0.0
7526,1669253880000.0,0.0,0.0,0.02,131.88542424242425,0.0,0.0,134.25,0.9999253857184062,1.0,1237.7028576048513,1000.0,1237.7501491200028,1000.0,0.0021311322573439504,0.0
7527,1669257480000.0,0.0,0.0,0.02,131.88542424242425,0.0,0.0,134.8,0.9999253857184062,1.0,1237.7028576048513,1000.0,1237.7611491200028,1000.0,0.0021311322573439504,0.0
7528,1669261080000.0,0.0,0.0,0.02,131.88542424242425,0.0,0.0,135.1,0.9999253857184062,1.0,1237.7028576048513,1000.0,1237.7671491200028,1000.0,0.0021311322573439504,0.0
7529,1669264680000.0,0.0,0.0,0.02,131.88542424242425,0.0,0.0,134.05,0.9999253857184062,1.0,1237.7028576048513,1000.0,1237.7461491200029,1000.0,0.0021311322573439504,0.0
7530,1669268280000.0,0.0,0.0,0.02,131.88542424242425,0.0,0.0,134.15,0.9999253857184062,1.0,1237.7028576048513,1000.0,1237.7481491200028,1000.0,0.0021311322573439504,0.0
7531,1669271880000.0,0.0,0.0,0.02,131.88542424242425,0.0,0.0,134.3,0.9999253857184062,1.0,1237.7028576048513,1000.0,1237.7511491200028,1000.0,0.0021311322573439504,0.0
7532,1669275480000.0,0.0,0.0,0.02,131.88542424242425,0.0,0.0,134.65,0.9999253857184062,1.0,1237.7028576048513,1000.0,1237.7581491200028,1000.0,0.0021311322573439504,0.0
7533,1669279080000.0,0.0,0.0,0.02,131.88542424242425,0.0,0.0,134.4,0.9999253857184062,1.0,1237.7028576048513,1000.0,1237.7531491200027,1000.0,0.0021311322573439504,0.0
7534,1669282680000.0,0.0,0.0,0.02,131.88542424242425,0.0,0.0,134.4,0.9999253857184062,1.0,1237.7028576048513,1000.0,1237.7531491200027,1000.0,0.0021311322573439504,0.0
7535,1669286280000.0,0.0,0.0,0.02,131.88542424242425,0.0,0.0,133.6,0.9999253857184062,1.0,1237.7028576048513,1000.0,1237.7371491200029,1000.0,0.0021311322573439504,0.0
7536,1669289880000.0,0.0,0.0,0.02,131.88542424242425,0.0,0.0,134.85,0.9999253857184062,1.0,1237.7028576048513,1000.0,1237.7621491200027,1000.0,0.0021311322573439504,0.0
7537,1669293480000.0,0.0,0.0,0.02,131.88542424242425,0.0,0.0,135.35,0.9999253857184062,1.0,1237.7028576048513,1000.0,1237.7721491200027,1000.0,0.0021311322573439504,0.0
7538,1669297080000.0,0.0,0.0,0.02,131.88542424242425,0.0,0.0,135.35,0.9999253857184062,1.0,1237.7028576048513,1000.0,1237.7721491200027,1000.0,0.0021311322573439504,0.0
7539,1669300680000.0,0.0,0.0,0.0,131.88542424242425,0.0,0.0,136.3,0.9999253857184062,1.0,1237.7816057200027,1000.0,1237.7816057200027,1000.0,0.0,0.0
7540,1669304280000.0,0.0,0.0,0.0,131.88542424242425,0.0,0.0,135.55,0.9999253857184062,1.0,1237.7816057200027,1000.0,1237.7816057200027,1000.0,0.0,0.0
7541,1669307880000.0,0.0,0.0,0.0,131.88542424242425,0.0,0.0,135.2,0.9999253857184062,1.0,1237.7816057200027,1000.0,1237.7816057200027,1000.0,0.0,0.0
7542,1669311480000.0,0.0,0.0,0.0,131.88542424242425,0.0,0.0,135.0,0.9999253857184062,1.0,1237.7816057200027,1000.0,1237.7816057200027,1000.0,0.0,0.0
7543,1669315080000.0,0.0,0.0,0.0,131.88542424242425,0.0,0.0,135.15,0.9999253857184062,1.0,1237.7816057200027,1000.0,1237.7816057200027,1000.0,0.0,0.0
7544,1669318680000.0,0.0,0.0,0.0,131.88542424242425,0.0,0.0,135.8,0.9999253857184062,1.0,1237.7816057200027,1000.0,1237.7816057200027,1000.0,0.0,0.0
7545,1669322280000.0,0.0,0.0,0.0,131.88542424242425,0.0,0.0,136.95,0.9999253857184062,1.0,1237.7816057200027,1000.0,1237.7816057200027,1000.0,0.0,0.0
7546,1669325880000.0,0.0,0.0,0.0,131.88542424242425,0.0,0.0,136.65,0.9999253857184062,1.0,1237.7816057200027,1000.0,1237.7816057200027,1000.0,0.0,0.0
7547,1669329480000.0,0.0,0.0,0.0,131.88542424242425,0.0,0.0,136.7,0.9999253857184062,1.0,1237.7816057200027,1000.0,1237.7816057200027,1000.0,0.0,0.0
7548,1669333080000.0,0.0,0.0,0.0,131.88542424242425,0.0,0.0,137.0,0.9999253857184062,1.0,1237.7816057200027,1000.0,1237.7816057200027,1000.0,0.0,0.0
7549,1669336680000.0,0.0,0.0,0.0,131.88542424242425,0.0,0.0,136.6,0.9999253857184062,1.0,1237.7816057200027,1000.0,1237.7816057200027,1000.0,0.0,0.0
7550,1669340280000.0,0.0,0.0,0.0,131.88542424242425,0.0,0.0,136.6,0.9999253857184062,1.0,1237.7816057200027,1000.0,1237.7816057200027,1000.0,0.0,0.0
7551,1669343880000.0,0.0,0.0,0.0,131.88542424242425,0.0,0.0,135.8,0.9999253857184062,1.0,1237.7816057200027,1000.0,1237.7816057200027,1000.0,0.0,0.0
7552,1669347480000.0,0.0,0.0,0.0,131.88542424242425,0.0,0.0,136.0,0.9999253857184062,1.0,1237.7816057200027,1000.0,1237.7816057200027,1000.0,0.0,0.0
7553,1669351080000.0,0.0,0.0,0.0,131.88542424242425,0.0,0.0,135.4,0.9999253857184062,1.0,1237.7816057200027,1000.0,1237.7816057200027,1000.0,0.0,0.0
7554,1669354680000.0,0.0,0.0,0.0,131.88542424242425,0.0,0.0,135.0,0.9999253857184062,1.0,1237.7816057200027,1000.0,1237.7816057200027,1000.0,0.0,0.0
7555,1669358280000.0,0.0,0.0,0.0,131.88542424242425,0.0,0.0,134.7,0.9999253857184062,1.0,1237.7816057200027,1000.0,1237.7816057200027,1000.0,0.0,0.0
7556,1669361880000.0,0.0,0.0,0.0,131.88542424242425,0.0,0.0,135.25,0.9999253857184062,1.0,1237.7816057200027,1000.0,1237.7816057200027,1000.0,0.0,0.0
7557,1669365480000.0,0.0,0.0,0.0,131.88542424242425,0.0,0.0,133.9,0.9999253857184062,1.0,1237.7816057200027,1000.0,1237.7816057200027,1000.0,0.0,0.0
7558,1669369080000.0,0.0,0.0,0.0,131.88542424242425,0.0,0.0,134.05,0.9999253857184062,1.0,1237.7816057200027,1000.0,1237.7816057200027,1000.0,0.0,0.0
7559,1669372680000.0,0.0,0.0,0.0,131.88542424242425,0.0,0.0,135.05,0.9999253857184062,1.0,1237.7816057200027,1000.0,1237.7816057200027,1000.0,0.0,0.0
7560,1669376280000.0,0.0,0.0,0.0,131.88542424242425,0.0,0.0,135.9,0.9999253857184062,1.0,1237.7816057200027,1000.0,1237.7816057200027,1000.0,0.0,0.0
7561,1669379880000.0,0.0,0.0,0.0,131.88542424242425,0.0,0.0,135.9,0.9999253857184062,1.0,1237.7816057200027,1000.0,1237.7816057200027,1000.0,0.0,0.0
7562,1669383480000.0,0.0,0.0,0.0,131.88542424242425,0.0,0.0,135.75,0.9999253857184062,1.0,1237.7816057200027,1000.0,1237.7816057200027,1000.0,0.0,0.0
7563,1669387080000.0,0.0,0.0,0.0,131.88542424242425,0.0,0.0,136.05,0.9999253857184062,1.0,1237.7816057200027,1000.0,1237.7816057200027,1000.0,0.0,0.0
7564,1669390680000.0,0.0,0.0,0.0,131.88542424242425,0.0,0.0,136.05,0.9999253857184062,1.0,1237.7816057200027,1000.0,1237.7816057200027,1000.0,0.0,0.0
7565,1669394280000.0,0.0,0.0,0.0,131.88542424242425,0.0,0.0,135.6,0.9999253857184062,1.0,1237.7816057200027,1000.0,1237.7816057200027,1000.0,0.0,0.0
7566,1669397880000.0,0.0,0.0,0.0,131.88542424242425,0.0,0.0,136.4,0.9999253857184062,1.0,1237.7816057200027,1000.0,1237.7816057200027,1000.0,0.0,0.0
7567,1669401480000.0,0.0,0.0,0.0,131.88542424242425,0.0,0.0,137.15,0.9999253857184062,1.0,1237.7816057200027,1000.0,1237.7816057200027,1000.0,0.0,0.0
7568,1669405080000.0,0.0,0.0,0.0,131.88542424242425,0.0,0.0,136.9,0.9999253857184062,1.0,1237.7816057200027,1000.0,1237.7816057200027,1000.0,0.0,0.0
7569,1669408680000.0,0.0,0.0,0.0,131.88542424242425,0.0,0.0,137.75,0.9999253857184062,1.0,1237.7816057200027,1000.0,1237.7816057200027,1000.0,0.0,0.0
7570,1669412280000.0,0.0,0.0,0.0,131.88542424242425,0.0,0.0,136.65,0.9999253857184062,1.0,1237.7816057200027,1000.0,1237.7816057200027,1000.0,0.0,0.0
7571,1669415880000.0,0.0,0.0,0.0,131.88542424242425,0.0,0.0,136.2,0.9999253857184062,1.0,1237.7816057200027,1000.0,1237.7816057200027,1000.0,0.0,0.0
7572,1669419480000.0,0.0,0.0,0.0,131.88542424242425,0.0,0.0,136.1,0.9999253857184062,1.0,1237.7816057200027,1000.0,1237.7816057200027,1000.0,0.0,0.0
7573,1669423080000.0,0.0,0.0,0.0,131.88542424242425,0.0,0.0,137.15,0.9999253857184062,1.0,1237.7816057200027,1000.0,1237.7816057200027,1000.0,0.0,0.0
7574,1669426680000.0,0.0,0.0,0.0,131.88542424242425,0.0,0.0,137.5,0.9999253857184062,1.0,1237.7816057200027,1000.0,1237.7816057200027,1000.0,0.0,0.0
7575,1669430280000.0,0.0,0.0,0.0,131.88542424242425,0.0,0.0,137.75,0.9999253857184062,1.0,1237.7816057200027,1000.0,1237.7816057200027,1000.0,0.0,0.0
7576,1669433880000.0,0.0,0.0,0.0,131.88542424242425,0.0,0.0,137.0,0.9999253857184062,1.0,1237.7816057200027,1000.0,1237.7816057200027,1000.0,0.0,0.0
7577,1669437480000.0,0.0,0.0,0.0,131.88542424242425,0.0,0.0,137.25,0.9999253857184062,1.0,1237.7816057200027,1000.0,1237.7816057200027,1000.0,0.0,0.0
7578,1669441080000.0,0.0,0.0,0.0,131.88542424242425,0.0,0.0,137.25,0.9999253857184062,1.0,1237.7816057200027,1000.0,1237.7816057200027,1000.0,0.0,0.0
7579,1669444680000.0,0.0,0.0,0.0,131.88542424242425,0.0,0.0,137.5,0.9999253857184062,1.0,1237.7816057200027,1000.0,1237.7816057200027,1000.0,0.0,0.0
7580,1669448280000.0,0.0,0.0,0.0,131.88542424242425,0.0,0.0,137.95,0.9999253857184062,1.0,1237.7816057200027,1000.0,1237.7816057200027,1000.0,0.0,0.0
7581,1669451880000.0,0.0,0.0,0.0,131.88542424242425,0.0,0.0,138.4,0.9999253857184062,1.0,1237.7816057200027,1000.0,1237.7816057200027,1000.0,0.0,0.0
7582,1669455480000.0,0.0,0.0,0.0,131.88542424242425,0.0,0.0,138.3,0.9999253857184062,1.0,1237.7816057200027,1000.0,1237.7816057200027,1000.0,0.0,0.0
7583,1669459080000.0,0.0,0.0,0.0,131.88542424242425,0.0,0.0,138.0,0.9999253857184062,1.0,1237.7816057200027,1000.0,1237.7816057200027,1000.0,0.0,0.0
7584,1669462680000.0,0.0,0.0,0.0,131.88542424242425,0.0,0.0,138.35,0.9999253857184062,1.0,1237.7816057200027,1000.0,1237.7816057200027,1000.0,0.0,0.0
7585,1669466280000.0,0.0,0.0,0.0,131.88542424242425,0.0,0.0,138.55,0.9999253857184062,1.0,1237.7816057200027,1000.0,1237.7816057200027,1000.0,0.0,0.0
7586,1669469880000.0,0.0,0.0,0.0,131.88542424242425,0.0,0.0,138.4,0.9999253857184062,1.0,1237.7816057200027,1000.0,1237.7816057200027,1000.0,0.0,0.0
7587,1669473480000.0,0.0,0.0,0.0,131.88542424242425,0.0,0.0,138.65,0.9999253857184062,1.0,1237.7816057200027,1000.0,1237.7816057200027,1000.0,0.0,0.0
7588,1669477080000.0,0.0,0.0,0.0,131.88542424242425,0.0,0.0,137.35,0.9999253857184062,1.0,1237.7816057200027,1000.0,1237.7816057200027,1000.0,0.0,0.0
7589,1669480680000.0,0.0,0.0,0.0,131.88542424242425,0.0,0.0,137.25,0.9999253857184062,1.0,1237.7816057200027,1000.0,1237.7816057200027,1000.0,0.0,0.0
7590,1669484280000.0,0.0,0.0,0.0,131.88542424242425,0.0,0.0,136.25,0.9999253857184062,1.0,1237.7816057200027,1000.0,1237.7816057200027,1000.0,0.0,0.0
7591,1669487880000.0,0.0,0.0,0.0,131.88542424242425,0.0,0.0,136.0,0.9999253857184062,1.0,1237.7816057200027,1000.0,1237.7816057200027,1000.0,0.0,0.0
7592,1669491480000.0,0.0,0.0,0.0,131.88542424242425,0.0,0.0,136.1,0.9999253857184062,1.0,1237.7816057200027,1000.0,1237.7816057200027,1000.0,0.0,0.0
7593,1669495080000.0,0.0,0.0,0.0,131.88542424242425,0.0,0.0,137.3,0.9999253857184062,1.0,1237.7816057200027,1000.0,1237.7816057200027,1000.0,0.0,0.0
7594,1669498680000.0,0.0,0.0,0.0,131.88542424242425,0.0,0.0,138.2,0.9999253857184062,1.0,1237.7816057200027,1000.0,1237.7816057200027,1000.0,0.0,0.0
7595,1669502280000.0,0.0,0.0,0.0,131.88542424242425,0.0,0.0,139.0,0.9999253857184062,1.0,1237.7816057200027,1000.0,1237.7816057200027,1000.0,0.0,0.0
7596,1669505880000.0,0.0,0.0,0.0,131.88542424242425,0.0,0.0,138.5,0.9999253857184062,1.0,1237.7816057200027,1000.0,1237.7816057200027,1000.0,0.0,0.0
7597,1669509480000.0,0.0,0.0,0.0,131.88542424242425,0.0,0.0,138.4,0.9999253857184062,1.0,1237.7816057200027,1000.0,1237.7816057200027,1000.0,0.0,0.0
7598,1669513080000.0,0.0,0.0,0.0,131.88542424242425,0.0,0.0,137.35,0.9999253857184062,1.0,1237.7816057200027,1000.0,1237.7816057200027,1000.0,0.0,0.0
7599,1669516680000.0,0.0,0.0,0.0,131.88542424242425,0.0,0.0,137.55,0.9999253857184062,1.0,1237.7816057200027,1000.0,1237.7816057200027,1000.0,0.0,0.0
7600,1669520280000.0,0.0,0.0,0.0,131.88542424242425,0.0,0.0,137.8,0.9999253857184062,1.0,1237.7816057200027,1000.0,1237.7816057200027,1000.0,0.0,0.0
7601,1669523880000.0,0.0,0.0,0.0,131.88542424242425,0.0,0.0,138.25,0.9999253857184062,1.0,1237.7816057200027,1000.0,1237.7816057200027,1000.0,0.0,0.0
7602,1669527480000.0,0.0,0.0,0.0,131.88542424242425,0.0,0.0,137.55,0.9999253857184062,1.0,1237.7816057200027,1000.0,1237.7816057200027,1000.0,0.0,0.0
7603,1669531080000.0,0.0,0.0,0.0,131.88542424242425,0.0,0.0,137.45,0.9999253857184062,1.0,1237.7816057200027,1000.0,1237.7816057200027,1000.0,0.0,0.0
7604,1669534680000.0,0.0,0.0,0.0,131.88542424242425,0.0,0.0,137.35,0.9999253857184062,1.0,1237.7816057200027,1000.0,1237.7816057200027,1000.0,0.0,0.0
7605,1669538280000.0,0.0,0.0,0.0,131.88542424242425,0.0,0.0,137.05,0.9999253857184062,1.0,1237.7816057200027,1000.0,1237.7816057200027,1000.0,0.0,0.0
7606,1669541880000.0,0.0,0.0,0.0,131.88542424242425,0.0,0.0,137.5,0.9999253857184062,1.0,1237.7816057200027,1000.0,1237.7816057200027,1000.0,0.0,0.0
7607,1669545480000.0,0.0,0.0,0.0,131.88542424242425,0.0,0.0,137.95,0.9999253857184062,1.0,1237.7816057200027,1000.0,1237.7816057200027,1000.0,0.0,0.0
7608,1669549080000.0,0.0,0.0,0.0,131.88542424242425,0.0,0.0,138.45,0.9999253857184062,1.0,1237.7816057200027,1000.0,1237.7816057200027,1000.0,0.0,0.0
7609,1669552680000.0,0.0,0.0,0.0,131.88542424242425,0.0,0.0,139.3,0.9999253857184062,1.0,1237.7816057200027,1000.0,1237.7816057200027,1000.0,0.0,0.0
7610,1669556280000.0,0.0,0.0,0.0,131.88542424242425,0.0,0.0,138.4,0.9999253857184062,1.0,1237.7816057200027,1000.0,1237.7816057200027,1000.0,0.0,0.0
7611,1669559880000.0,0.0,0.0,0.0,131.88542424242425,0.0,0.0,137.9,0.9999253857184062,1.0,1237.7816057200027,1000.0,1237.7816057200027,1000.0,0.0,0.0
7612,1669563480000.0,0.0,0.0,0.0,131.88542424242425,0.0,0.0,137.85,0.9999253857184062,1.0,1237.7816057200027,1000.0,1237.7816057200027,1000.0,0.0,0.0
7613,1669567080000.0,0.0,0.0,0.0,131.88542424242425,0.0,0.0,137.5,0.9999253857184062,1.0,1237.7816057200027,1000.0,1237.7816057200027,1000.0,0.0,0.0
7614,1669570680000.0,0.0,0.0,0.0,131.88542424242425,0.0,0.0,137.1,0.9999253857184062,1.0,1237.7816057200027,1000.0,1237.7816057200027,1000.0,0.0,0.0
7615,1669574280000.0,0.0,0.0,0.0,131.88542424242425,0.0,0.0,137.3,0.9999253857184062,1.0,1237.7816057200027,1000.0,1237.7816057200027,1000.0,0.0,0.0
7616,1669577880000.0,0.0,0.0,0.0,131.88542424242425,0.0,0.0,137.6,0.9999253857184062,1.0,1237.7816057200027,1000.0,1237.7816057200027,1000.0,0.0,0.0
7617,1669581480000.0,0.0,0.0,0.0,131.88542424242425,0.0,0.0,137.25,0.9999253857184062,1.0,1237.7816057200027,1000.0,1237.7816057200027,1000.0,0.0,0.0
7618,1669585080000.0,0.0,0.0,0.0,131.88542424242425,0.0,0.0,137.3,0.9999253857184062,1.0,1237.7816057200027,1000.0,1237.7816057200027,1000.0,0.0,0.0
7619,1669588680000.0,0.0,0.0,0.0,131.88542424242425,0.0,0.0,138.0,0.9999253857184062,1.0,1237.7816057200027,1000.0,1237.7816057200027,1000.0,0.0,0.0
7620,1669592280000.0,0.0,0.0,0.0,131.88542424242425,0.0,0.0,136.1,0.9999253857184062,1.0,1237.7816057200027,1000.0,1237.7816057200027,1000.0,0.0,0.0
7621,1669595880000.0,0.0,0.0,0.0,131.88542424242425,0.0,0.0,136.9,0.9999253857184062,1.0,1237.7816057200027,1000.0,1237.7816057200027,1000.0,0.0,0.0
7622,1669599480000.0,0.0,0.0,0.0,131.88542424242425,0.0,0.0,133.85,0.9999253857184062,1.0,1237.7816057200027,1000.0,1237.7816057200027,1000.0,0.0,0.0
7623,1669603080000.0,0.0,0.0,0.37,132.8,0.0,0.0,133.25,0.9999253857184062,1.0,1237.7717785200027,1000.0,1237.9382785200028,1000.0,0.039697140339353724,0.0
7624,1669606680000.0,0.0,0.0,0.37,132.8,0.0,0.0,133.65,0.9999253857184062,1.0,1237.7717785200027,1000.0,1238.0862785200027,1000.0,0.039697140339353724,0.0
7625,1669610280000.0,0.0,0.0,0.37,132.8,0.0,0.0,134.3,0.9999253857184062,1.0,1237.7717785200027,1000.0,1238.3267785200028,1000.0,0.039697140339353724,0.0
7626,1669613880000.0,0.0,0.0,0.37,132.8,0.0,0.0,134.25,0.9999253857184062,1.0,1237.7717785200027,1000.0,1238.3082785200027,1000.0,0.039697140339353724,0.0
7627,1669617480000.0,0.0,0.0,0.37,132.8,0.0,0.0,134.35,0.9999253857184062,1.0,1237.7717785200027,1000.0,1238.3452785200027,1000.0,0.039697140339353724,0.0
7628,1669621080000.0,0.0,0.0,0.37,132.8,0.0,0.0,134.9,0.9999253857184062,1.0,1237.7717785200027,1000.0,1238.5487785200028,1000.0,0.039697140339353724,0.0
7629,1669624680000.0,0.0,0.0,0.37,132.8,0.0,0.0,135.4,0.9999253857184062,1.0,1237.7717785200027,1000.0,1238.7337785200027,1000.0,0.039697140339353724,0.0
7630,1669628280000.0,0.0,0.0,0.37,132.8,0.0,0.0,134.95,0.9999253857184062,1.0,1237.7717785200027,1000.0,1238.5672785200027,1000.0,0.039697140339353724,0.0
7631,1669631880000.0,0.0,0.0,0.37,132.8,0.0,0.0,134.5,0.9999253857184062,1.0,1237.7717785200027,1000.0,1238.4007785200026,1000.0,0.039697140339353724,0.0
7632,1669635480000.0,0.0,0.0,0.37,132.8,0.0,0.0,134.75,0.9999253857184062,1.0,1237.7717785200027,1000.0,1238.4932785200028,1000.0,0.039697140339353724,0.0
7633,1669639080000.0,0.0,0.0,0.37,132.8,0.0,0.0,135.0,0.9999253857184062,1.0,1237.7717785200027,1000.0,1238.5857785200028,1000.0,0.039697140339353724,0.0
7634,1669642680000.0,0.0,0.0,0.37,132.8,0.0,0.0,134.7,0.9999253857184062,1.0,1237.7717785200027,1000.0,1238.4747785200027,1000.0,0.039697140339353724,0.0
7635,1669646280000.0,0.0,0.0,0.37,132.8,0.0,0.0,135.95,0.9999253857184062,1.0,1237.7717785200027,1000.0,1238.9372785200028,1000.0,0.039697140339353724,0.0
7636,1669649880000.0,0.0,0.0,0.37,132.8,0.0,0.0,134.4,0.9999253857184062,1.0,1237.7717785200027,1000.0,1238.3637785200028,1000.0,0.039697140339353724,0.0
7637,1669653480000.0,0.0,0.0,0.37,132.8,0.0,0.0,133.75,0.9999253857184062,1.0,1237.7717785200027,1000.0,1238.1232785200027,1000.0,0.039697140339353724,0.0
7638,1669657080000.0,0.0,0.0,0.37,132.8,0.0,0.0,135.05,0.9999253857184062,1.0,1237.7717785200027,1000.0,1238.6042785200027,1000.0,0.039697140339353724,0.0
7639,1669660680000.0,0.0,0.0,0.37,132.8,0.0,0.0,135.0,0.9999253857184062,1.0,1237.7717785200027,1000.0,1238.5857785200028,1000.0,0.039697140339353724,0.0
7640,1669664280000.0,0.0,0.0,0.37,132.8,0.0,0.0,135.15,0.9999253857184062,1.0,1237.7717785200027,1000.0,1238.6412785200027,1000.0,0.039697140339353724,0.0
7641,1669667880000.0,0.0,0.0,0.37,132.8,0.0,0.0,135.55,0.9999253857184062,1.0,1237.7717785200027,1000.0,1238.7892785200027,1000.0,0.039697140339353724,0.0
7642,1669671480000.0,0.0,0.0,0.37,132.8,0.0,0.0,134.9,0.9999253857184062,1.0,1237.7717785200027,1000.0,1238.5487785200028,1000.0,0.039697140339353724,0.0
7643,1669675080000.0,0.0,0.0,0.37,132.8,0.0,0.0,134.85,0.9999253857184062,1.0,1237.7717785200027,1000.0,1238.5302785200026,1000.0,0.039697140339353724,0.0
7644,1669678680000.0,0.0,0.0,0.37,132.8,0.0,0.0,134.7,0.9999253857184062,1.0,1237.7717785200027,1000.0,1238.4747785200027,1000.0,0.039697140339353724,0.0
7645,1669682280000.0,0.0,0.0,0.37,132.8,0.0,0.0,134.95,0.9999253857184062,1.0,1237.7717785200027,1000.0,1238.5672785200027,1000.0,0.039697140339353724,0.0
7646,1669685880000.0,0.0,0.0,0.37,132.8,0.0,0.0,135.7,0.9999253857184062,1.0,1237.7717785200027,1000.0,1238.8447785200028,1000.0,0.039697140339353724,0.0
7647,1669689480000.0,0.0,0.0,0.37,132.8,0.0,0.0,135.9,0.9999253857184062,1.0,1237.7717785200027,1000.0,1238.9187785200027,1000.0,0.039697140339353724,0.0
7648,1669693080000.0,0.0,0.0,0.37,132.8,0.0,0.0,136.3,0.9999253857184062,1.0,1237.7717785200027,1000.0,1239.0667785200028,1000.0,0.039697140339353724,0.0
7649,1669696680000.0,0.0,0.0,0.17,132.8,0.0,0.0,137.7,0.9999253857184062,1.0,1238.5643069200028,1000.0,1239.3973069200028,1000.0,0.018227555786861666,0.0
7650,1669700280000.0,0.0,0.0,0.17,132.8,0.0,0.0,138.65,0.9999253857184062,1.0,1238.5643069200028,1000.0,1239.5588069200028,1000.0,0.018227555786861666,0.0
7651,1669703880000.0,0.0,0.0,0.17,132.8,0.0,0.0,137.9,0.9999253857184062,1.0,1238.5643069200028,1000.0,1239.4313069200027,1000.0,0.018227555786861666,0.0
7652,1669707480000.0,0.0,0.0,0.17,132.8,0.0,0.0,137.7,0.9999253857184062,1.0,1238.5643069200028,1000.0,1239.3973069200028,1000.0,0.018227555786861666,0.0
7653,1669711080000.0,0.0,0.0,0.09,132.8,0.0,0.0,138.3,0.9999253857184062,1.0,1239.1388667600029,1000.0,1239.6338667600028,1000.0,0.009645408049584542,0.0
7654,1669714680000.0,0.0,0.0,0.09,132.8,0.0,0.0,139.0,0.9999253857184062,1.0,1239.1388667600029,1000.0,1239.6968667600029,1000.0,0.009645408049584542,0.0
7655,1669718280000.0,0.0,0.0,0.09,132.8,0.0,0.0,138.5,0.9999253857184062,1.0,1239.1388667600029,1000.0,1239.6518667600028,1000.0,0.009645408049584542,0.0
7656,1669721880000.0,0.0,0.0,0.09,132.8,0.0,0.0,138.75,0.9999253857184062,1.0,1239.1388667600029,1000.0,1239.6743667600028,1000.0,0.009645408049584542,0.0
7657,1669725480000.0,0.0,0.0,0.09,132.8,0.0,0.0,138.1,0.9999253857184062,1.0,1239.1388667600029,1000.0,1239.615866760003,1000.0,0.009645408049584542,0.0
7658,1669729080000.0,0.0,0.0,0.09,132.8,0.0,0.0,138.0,0.9999253857184062,1.0,1239.1388667600029,1000.0,1239.606866760003,1000.0,0.009645408049584542,0.0
7659,1669732680000.0,0.0,0.0,0.09,132.8,0.0,0.0,138.3,0.9999253857184062,1.0,1239.1388667600029,1000.0,1239.6338667600028,1000.0,0.009645408049584542,0.0
7660,1669736280000.0,0.0,0.0,0.09,132.8,0.0,0.0,138.0,0.9999253857184062,1.0,1239.1388667600029,1000.0,1239.606866760003,1000.0,0.009645408049584542,0.0
7661,1669739880000.0,0.0,0.0,0.06,132.8,0.0,0.0,136.35,0.9999253857184062,1.0,1239.2577460200027,1000.0,1239.4707460200027,1000.0,0.006429655191254612,0.0
7662,1669743480000.0,0.0,0.0,0.06,132.8,0.0,0.0,136.3,0.9999253857184062,1.0,1239.2577460200027,1000.0,1239.4677460200028,1000.0,0.006429655191254612,0.0
7663,1669747080000.0,0.0,0.0,0.02,132.8,0.0,0.0,137.5,0.9999253857184062,1.0,1239.4162517000025,1000.0,1239.5102517000025,1000.0,0.0021429443065289723,0.0
7664,1669750680000.0,0.0,0.0,0.02,132.8,0.0,0.0,137.75,0.9999253857184062,1.0,1239.4162517000025,1000.0,1239.5152517000024,1000.0,0.0021429443065289723,0.0
7665,1669754280000.0,0.0,0.0,0.02,132.8,0.0,0.0,137.95,0.9999253857184062,1.0,1239.4162517000025,1000.0,1239.5192517000025,1000.0,0.0021429443065289723,0.0
7666,1669757880000.0,0.0,0.0,0.02,132.8,0.0,0.0,137.75,0.9999253857184062,1.0,1239.4162517000025,1000.0,1239.5152517000024,1000.0,0.0021429443065289723,0.0
7667,1669761480000.0,0.0,0.0,0.02,132.8,0.0,0.0,138.0,0.9999253857184062,1.0,1239.4162517000025,1000.0,1239.5202517000025,1000.0,0.0021429443065289723,0.0
7668,1669765080000.0,0.0,0.0,0.02,132.8,0.0,0.0,137.75,0.9999253857184062,1.0,1239.4162517000025,1000.0,1239.5152517000024,1000.0,0.0021429443065289723,0.0
7669,1669768680000.0,0.0,0.0,0.02,132.8,0.0,0.0,138.25,0.9999253857184062,1.0,1239.4162517000025,1000.0,1239.5252517000024,1000.0,0.0021429443065289723,0.0
7670,1669772280000.0,0.0,0.0,0.0,132.8,0.0,0.0,139.3,0.9999253857184062,1.0,1239.5598916600027,1000.0,1239.5598916600027,1000.0,0.0,0.0
7671,1669775880000.0,0.0,0.0,0.0,132.8,0.0,0.0,140.1,0.9999253857184062,1.0,1239.5598916600027,1000.0,1239.5598916600027,1000.0,0.0,0.0
7672,1669779480000.0,0.0,0.0,0.0,132.8,0.0,0.0,139.8,0.9999253857184062,1.0,1239.5598916600027,1000.0,1239.5598916600027,1000.0,0.0,0.0
7673,1669783080000.0,0.0,0.0,0.0,132.8,0.0,0.0,139.7,0.9999253857184062,1.0,1239.5598916600027,1000.0,1239.5598916600027,1000.0,0.0,0.0
7674,1669786680000.0,0.0,0.0,0.0,132.8,0.0,0.0,140.35,0.9999253857184062,1.0,1239.5598916600027,1000.0,1239.5598916600027,1000.0,0.0,0.0
7675,1669790280000.0,0.0,0.0,0.0,132.8,0.0,0.0,140.25,0.9999253857184062,1.0,1239.5598916600027,1000.0,1239.5598916600027,1000.0,0.0,0.0
7676,1669793880000.0,0.0,0.0,0.0,132.8,0.0,0.0,140.2,0.9999253857184062,1.0,1239.5598916600027,1000.0,1239.5598916600027,1000.0,0.0,0.0
7677,1669797480000.0,0.0,0.0,0.0,132.8,0.0,0.0,140.3,0.9999253857184062,1.0,1239.5598916600027,1000.0,1239.5598916600027,1000.0,0.0,0.0
7678,1669801080000.0,0.0,0.0,0.0,132.8,0.0,0.0,139.1,0.9999253857184062,1.0,1239.5598916600027,1000.0,1239.5598916600027,1000.0,0.0,0.0
7679,1669804680000.0,0.0,0.0,0.0,132.8,0.0,0.0,139.65,0.9999253857184062,1.0,1239.5598916600027,1000.0,1239.5598916600027,1000.0,0.0,0.0
7680,1669808280000.0,0.0,0.0,0.0,132.8,0.0,0.0,139.15,0.9999253857184062,1.0,1239.5598916600027,1000.0,1239.5598916600027,1000.0,0.0,0.0
7681,1669811880000.0,0.0,0.0,0.0,132.8,0.0,0.0,138.55,0.9999253857184062,1.0,1239.5598916600027,1000.0,1239.5598916600027,1000.0,0.0,0.0
7682,1669815480000.0,0.0,0.0,0.0,132.8,0.0,0.0,138.75,0.9999253857184062,1.0,1239.5598916600027,1000.0,1239.5598916600027,1000.0,0.0,0.0
7683,1669819080000.0,0.0,0.0,0.0,132.8,0.0,0.0,139.5,0.9999253857184062,1.0,1239.5598916600027,1000.0,1239.5598916600027,1000.0,0.0,0.0
7684,1669822680000.0,0.0,0.0,0.0,132.8,0.0,0.0,140.25,0.9999253857184062,1.0,1239.5598916600027,1000.0,1239.5598916600027,1000.0,0.0,0.0
7685,1669826280000.0,0.0,0.0,0.0,132.8,0.0,0.0,139.35,0.9999253857184062,1.0,1239.5598916600027,1000.0,1239.5598916600027,1000.0,0.0,0.0
7686,1669829880000.0,0.0,0.0,0.0,132.8,0.0,0.0,139.1,0.9999253857184062,1.0,1239.5598916600027,1000.0,1239.5598916600027,1000.0,0.0,0.0
7687,1669833480000.0,0.0,0.0,0.0,132.8,0.0,0.0,141.2,0.9999253857184062,1.0,1239.5598916600027,1000.0,1239.5598916600027,1000.0,0.0,0.0
7688,1669837080000.0,0.0,0.0,0.0,132.8,0.0,0.0,141.2,0.9999253857184062,1.0,1239.5598916600027,1000.0,1239.5598916600027,1000.0,0.0,0.0
7689,1669840680000.0,0.0,0.0,0.0,132.8,0.0,0.0,141.2,0.9999253857184062,1.0,1239.5598916600027,1000.0,1239.5598916600027,1000.0,0.0,0.0
7690,1669844280000.0,0.0,0.0,0.0,132.8,0.0,0.0,141.45,0.9999253857184062,1.0,1239.5598916600027,1000.0,1239.5598916600027,1000.0,0.0,0.0
7691,1669847880000.0,0.0,0.0,0.0,132.8,0.0,0.0,141.55,0.9999253857184062,1.0,1239.5598916600027,1000.0,1239.5598916600027,1000.0,0.0,0.0
7692,1669851480000.0,0.0,0.0,0.0,132.8,0.0,0.0,141.8,0.9999253857184062,1.0,1239.5598916600027,1000.0,1239.5598916600027,1000.0,0.0,0.0
7693,1669855080000.0,0.0,0.0,0.0,132.8,0.0,0.0,142.85,0.9999253857184062,1.0,1239.5598916600027,1000.0,1239.5598916600027,1000.0,0.0,0.0
7694,1669858680000.0,0.0,0.0,0.0,132.8,0.0,0.0,142.9,0.9999253857184062,1.0,1239.5598916600027,1000.0,1239.5598916600027,1000.0,0.0,0.0
7695,1669862280000.0,0.0,0.0,0.0,132.8,0.0,0.0,141.5,0.9999253857184062,1.0,1239.5598916600027,1000.0,1239.5598916600027,1000.0,0.0,0.0
7696,1669865880000.0,0.0,0.0,0.0,132.8,0.0,0.0,142.9,0.9999253857184062,1.0,1239.5598916600027,1000.0,1239.5598916600027,1000.0,0.0,0.0
7697,1669869480000.0,0.0,0.0,0.0,132.8,0.0,0.0,144.0,0.9999253857184062,1.0,1239.5598916600027,1000.0,1239.5598916600027,1000.0,0.0,0.0
7698,1669873080000.0,0.0,0.0,0.0,132.8,0.0,0.0,144.5,0.9999253857184062,1.0,1239.5598916600027,1000.0,1239.5598916600027,1000.0,0.0,0.0
7699,1669876680000.0,0.0,0.0,0.0,132.8,0.0,0.0,143.6,0.9999253857184062,1.0,1239.5598916600027,1000.0,1239.5598916600027,1000.0,0.0,0.0
7700,1669880280000.0,0.0,0.0,0.0,132.8,0.0,0.0,143.7,0.9999253857184062,1.0,1239.5598916600027,1000.0,1239.5598916600027,1000.0,0.0,0.0
7701,1669883880000.0,0.0,0.0,0.0,132.8,0.0,0.0,143.4,0.9999253857184062,1.0,1239.5598916600027,1000.0,1239.5598916600027,1000.0,0.0,0.0
7702,1669887480000.0,0.0,0.0,0.0,132.8,0.0,0.0,142.0,0.9999253857184062,1.0,1239.5598916600027,1000.0,1239.5598916600027,1000.0,0.0,0.0
7703,1669891080000.0,0.0,0.0,0.0,132.8,0.0,0.0,142.25,0.9999253857184062,1.0,1239.5598916600027,1000.0,1239.5598916600027,1000.0,0.0,0.0
7704,1669894680000.0,0.0,0.0,0.0,132.8,0.0,0.0,142.3,0.9999253857184062,1.0,1239.5598916600027,1000.0,1239.5598916600027,1000.0,0.0,0.0
7705,1669898280000.0,0.0,0.0,0.0,132.8,0.0,0.0,142.25,0.9999253857184062,1.0,1239.5598916600027,1000.0,1239.5598916600027,1000.0,0.0,0.0
7706,1669901880000.0,0.0,0.0,0.0,132.8,0.0,0.0,142.35,0.9999253857184062,1.0,1239.5598916600027,1000.0,1239.5598916600027,1000.0,0.0,0.0
7707,1669905480000.0,0.0,0.0,0.0,132.8,0.0,0.0,142.35,0.9999253857184062,1.0,1239.5598916600027,1000.0,1239.5598916600027,1000.0,0.0,0.0
7708,1669909080000.0,0.0,0.0,0.0,132.8,0.0,0.0,141.85,0.9999253857184062,1.0,1239.5598916600027,1000.0,1239.5598916600027,1000.0,0.0,0.0
7709,1669912680000.0,0.0,0.0,0.0,132.8,0.0,0.0,142.3,0.9999253857184062,1.0,1239.5598916600027,1000.0,1239.5598916600027,1000.0,0.0,0.0
7710,1669916280000.0,0.0,0.0,0.0,132.8,0.0,0.0,142.5,0.9999253857184062,1.0,1239.5598916600027,1000.0,1239.5598916600027,1000.0,0.0,0.0
7711,1669919880000.0,0.0,0.0,0.0,132.8,0.0,0.0,142.2,0.9999253857184062,1.0,1239.5598916600027,1000.0,1239.5598916600027,1000.0,0.0,0.0
7712,1669923480000.0,0.0,0.0,0.0,132.8,0.0,0.0,142.8,0.9999253857184062,1.0,1239.5598916600027,1000.0,1239.5598916600027,1000.0,0.0,0.0
7713,1669927080000.0,0.0,0.0,0.0,132.8,0.0,0.0,143.55,0.9999253857184062,1.0,1239.5598916600027,1000.0,1239.5598916600027,1000.0,0.0,0.0
7714,1669930680000.0,0.0,0.0,0.0,132.8,0.0,0.0,142.8,0.9999253857184062,1.0,1239.5598916600027,1000.0,1239.5598916600027,1000.0,0.0,0.0
7715,1669934280000.0,0.0,0.0,0.0,132.8,0.0,0.0,143.2,0.9999253857184062,1.0,1239.5598916600027,1000.0,1239.5598916600027,1000.0,0.0,0.0
7716,1669937880000.0,0.0,0.0,0.0,132.8,0.0,0.0,143.9,0.9999253857184062,1.0,1239.5598916600027,1000.0,1239.5598916600027,1000.0,0.0,0.0
7717,1669941480000.0,0.0,0.0,0.0,132.8,0.0,0.0,144.35,0.9999253857184062,1.0,1239.5598916600027,1000.0,1239.5598916600027,1000.0,0.0,0.0
7718,1669945080000.0,0.0,0.0,0.0,132.8,0.0,0.0,144.0,0.9999253857184062,1.0,1239.5598916600027,1000.0,1239.5598916600027,1000.0,0.0,0.0
7719,1669948680000.0,0.0,0.0,0.0,132.8,0.0,0.0,143.85,0.9999253857184062,1.0,1239.5598916600027,1000.0,1239.5598916600027,1000.0,0.0,0.0
7720,1669952280000.0,0.0,0.0,0.0,132.8,0.0,0.0,143.85,0.9999253857184062,1.0,1239.5598916600027,1000.0,1239.5598916600027,1000.0,0.0,0.0
7721,1669955880000.0,0.0,0.0,0.0,132.8,0.0,0.0,144.1,0.9999253857184062,1.0,1239.5598916600027,1000.0,1239.5598916600027,1000.0,0.0,0.0
7722,1669959480000.0,0.0,0.0,0.0,132.8,0.0,0.0,144.0,0.9999253857184062,1.0,1239.5598916600027,1000.0,1239.5598916600027,1000.0,0.0,0.0
7723,1669963080000.0,0.0,0.0,0.0,132.8,0.0,0.0,143.75,0.9999253857184062,1.0,1239.5598916600027,1000.0,1239.5598916600027,1000.0,0.0,0.0
7724,1669966680000.0,0.0,0.0,0.0,132.8,0.0,0.0,143.95,0.9999253857184062,1.0,1239.5598916600027,1000.0,1239.5598916600027,1000.0,0.0,0.0
7725,1669970280000.0,0.0,0.0,0.0,132.8,0.0,0.0,144.25,0.9999253857184062,1.0,1239.5598916600027,1000.0,1239.5598916600027,1000.0,0.0,0.0
7726,1669973880000.0,0.0,0.0,0.0,132.8,0.0,0.0,144.25,0.9999253857184062,1.0,1239.5598916600027,1000.0,1239.5598916600027,1000.0,0.0,0.0
7727,1669977480000.0,0.0,0.0,0.0,132.8,0.0,0.0,144.0,0.9999253857184062,1.0,1239.5598916600027,1000.0,1239.5598916600027,1000.0,0.0,0.0
7728,1669981080000.0,0.0,0.0,0.0,132.8,0.0,0.0,144.0,0.9999253857184062,1.0,1239.5598916600027,1000.0,1239.5598916600027,1000.0,0.0,0.0
7729,1669984680000.0,0.0,0.0,0.0,132.8,0.0,0.0,143.8,0.9999253857184062,1.0,1239.5598916600027,1000.0,1239.5598916600027,1000.0,0.0,0.0
7730,1669988280000.0,0.0,0.0,0.0,132.8,0.0,0.0,143.35,0.9999253857184062,1.0,1239.5598916600027,1000.0,1239.5598916600027,1000.0,0.0,0.0
7731,1669991880000.0,0.0,0.0,0.0,132.8,0.0,0.0,144.4,0.9999253857184062,1.0,1239.5598916600027,1000.0,1239.5598916600027,1000.0,0.0,0.0
7732,1669995480000.0,0.0,0.0,0.0,132.8,0.0,0.0,144.0,0.9999253857184062,1.0,1239.5598916600027,1000.0,1239.5598916600027,1000.0,0.0,0.0
7733,1669999080000.0,0.0,0.0,0.0,132.8,0.0,0.0,144.4,0.9999253857184062,1.0,1239.5598916600027,1000.0,1239.5598916600027,1000.0,0.0,0.0
7734,1670002680000.0,0.0,0.0,0.0,132.8,0.0,0.0,144.2,0.9999253857184062,1.0,1239.5598916600027,1000.0,1239.5598916600027,1000.0,0.0,0.0
7735,1670006280000.0,0.0,0.0,0.0,132.8,0.0,0.0,145.4,0.9999253857184062,1.0,1239.5598916600027,1000.0,1239.5598916600027,1000.0,0.0,0.0
7736,1670009880000.0,0.0,0.0,0.0,132.8,0.0,0.0,146.05,0.9999253857184062,1.0,1239.5598916600027,1000.0,1239.5598916600027,1000.0,0.0,0.0
7737,1670013480000.0,0.0,0.0,0.0,132.8,0.0,0.0,145.7,0.9999253857184062,1.0,1239.5598916600027,1000.0,1239.5598916600027,1000.0,0.0,0.0
7738,1670017080000.0,0.0,0.0,0.0,132.8,0.0,0.0,144.75,0.9999253857184062,1.0,1239.5598916600027,1000.0,1239.5598916600027,1000.0,0.0,0.0
7739,1670020680000.0,0.0,0.0,0.0,132.8,0.0,0.0,144.35,0.9999253857184062,1.0,1239.5598916600027,1000.0,1239.5598916600027,1000.0,0.0,0.0
7740,1670024280000.0,0.0,0.0,0.0,132.8,0.0,0.0,145.2,0.9999253857184062,1.0,1239.5598916600027,1000.0,1239.5598916600027,1000.0,0.0,0.0
7741,1670027880000.0,0.0,0.0,0.0,132.8,0.0,0.0,148.0,0.9999253857184062,1.0,1239.5598916600027,1000.0,1239.5598916600027,1000.0,0.0,0.0
7742,1670031480000.0,0.0,0.0,0.0,132.8,0.0,0.0,148.05,0.9999253857184062,1.0,1239.5598916600027,1000.0,1239.5598916600027,1000.0,0.0,0.0
7743,1670035080000.0,0.0,0.0,0.0,132.8,0.0,0.0,147.55,0.9999253857184062,1.0,1239.5598916600027,1000.0,1239.5598916600027,1000.0,0.0,0.0
7744,1670038680000.0,0.0,0.0,0.0,132.8,0.0,0.0,147.05,0.9999253857184062,1.0,1239.5598916600027,1000.0,1239.5598916600027,1000.0,0.0,0.0
7745,1670042280000.0,0.0,0.0,0.0,132.8,0.0,0.0,147.0,0.9999253857184062,1.0,1239.5598916600027,1000.0,1239.5598916600027,1000.0,0.0,0.0
7746,1670045880000.0,0.0,0.0,0.0,132.8,0.0,0.0,147.05,0.9999253857184062,1.0,1239.5598916600027,1000.0,1239.5598916600027,1000.0,0.0,0.0
7747,1670049480000.0,0.0,0.0,0.0,132.8,0.0,0.0,147.35,0.9999253857184062,1.0,1239.5598916600027,1000.0,1239.5598916600027,1000.0,0.0,0.0
7748,1670053080000.0,0.0,0.0,0.0,132.8,0.0,0.0,147.1,0.9999253857184062,1.0,1239.5598916600027,1000.0,1239.5598916600027,1000.0,0.0,0.0
7749,1670056680000.0,0.0,0.0,0.0,132.8,0.0,0.0,147.25,0.9999253857184062,1.0,1239.5598916600027,1000.0,1239.5598916600027,1000.0,0.0,0.0
7750,1670060280000.0,0.0,0.0,0.0,132.8,0.0,0.0,145.5,0.9999253857184062,1.0,1239.5598916600027,1000.0,1239.5598916600027,1000.0,0.0,0.0
7751,1670063880000.0,0.0,0.0,0.0,132.8,0.0,0.0,145.5,0.9999253857184062,1.0,1239.5598916600027,1000.0,1239.5598916600027,1000.0,0.0,0.0
7752,1670067480000.0,0.0,0.0,0.0,132.8,0.0,0.0,145.35,0.9999253857184062,1.0,1239.5598916600027,1000.0,1239.5598916600027,1000.0,0.0,0.0
7753,1670071080000.0,0.0,0.0,0.0,132.8,0.0,0.0,145.15,0.9999253857184062,1.0,1239.5598916600027,1000.0,1239.5598916600027,1000.0,0.0,0.0
7754,1670074680000.0,0.0,0.0,0.0,132.8,0.0,0.0,145.8,0.9999253857184062,1.0,1239.5598916600027,1000.0,1239.5598916600027,1000.0,0.0,0.0
7755,1670078280000.0,0.0,0.0,0.0,132.8,0.0,0.0,146.05,0.9999253857184062,1.0,1239.5598916600027,1000.0,1239.5598916600027,1000.0,0.0,0.0
7756,1670081880000.0,0.0,0.0,0.0,132.8,0.0,0.0,145.65,0.9999253857184062,1.0,1239.5598916600027,1000.0,1239.5598916600027,1000.0,0.0,0.0
7757,1670085480000.0,0.0,0.0,0.0,132.8,0.0,0.0,146.0,0.9999253857184062,1.0,1239.5598916600027,1000.0,1239.5598916600027,1000.0,0.0,0.0
7758,1670089080000.0,0.0,0.0,0.0,132.8,0.0,0.0,146.75,0.9999253857184062,1.0,1239.5598916600027,1000.0,1239.5598916600027,1000.0,0.0,0.0
7759,1670092680000.0,0.0,0.0,0.0,132.8,0.0,0.0,147.05,0.9999253857184062,1.0,1239.5598916600027,1000.0,1239.5598916600027,1000.0,0.0,0.0
7760,1670096280000.0,0.0,0.0,0.0,132.8,0.0,0.0,147.4,0.9999253857184062,1.0,1239.5598916600027,1000.0,1239.5598916600027,1000.0,0.0,0.0
7761,1670099880000.0,0.0,0.0,0.0,132.8,0.0,0.0,146.8,0.9999253857184062,1.0,1239.5598916600027,1000.0,1239.5598916600027,1000.0,0.0,0.0
7762,1670103480000.0,0.0,0.0,0.0,132.8,0.0,0.0,145.5,0.9999253857184062,1.0,1239.5598916600027,1000.0,1239.5598916600027,1000.0,0.0,0.0
7763,1670107080000.0,0.0,0.0,0.0,132.8,0.0,0.0,144.05,0.9999253857184062,1.0,1239.5598916600027,1000.0,1239.5598916600027,1000.0,0.0,0.0
7764,1670110680000.0,0.0,0.0,0.0,132.8,0.0,0.0,145.25,0.9999253857184062,1.0,1239.5598916600027,1000.0,1239.5598916600027,1000.0,0.0,0.0
7765,1670114280000.0,0.0,0.0,0.0,132.8,0.0,0.0,145.75,0.9999253857184062,1.0,1239.5598916600027,1000.0,1239.5598916600027,1000.0,0.0,0.0
7766,1670117880000.0,0.0,0.0,0.0,132.8,0.0,0.0,146.25,0.9999253857184062,1.0,1239.5598916600027,1000.0,1239.5598916600027,1000.0,0.0,0.0
7767,1670121480000.0,0.0,0.0,0.0,132.8,0.0,0.0,146.95,0.9999253857184062,1.0,1239.5598916600027,1000.0,1239.5598916600027,1000.0,0.0,0.0
7768,1670125080000.0,0.0,0.0,0.0,132.8,0.0,0.0,145.95,0.9999253857184062,1.0,1239.5598916600027,1000.0,1239.5598916600027,1000.0,0.0,0.0
7769,1670128680000.0,0.0,0.0,0.0,132.8,0.0,0.0,146.35,0.9999253857184062,1.0,1239.5598916600027,1000.0,1239.5598916600027,1000.0,0.0,0.0
7770,1670132280000.0,0.0,0.0,0.0,132.8,0.0,0.0,146.5,0.9999253857184062,1.0,1239.5598916600027,1000.0,1239.5598916600027,1000.0,0.0,0.0
7771,1670135880000.0,0.0,0.0,0.0,132.8,0.0,0.0,146.1,0.9999253857184062,1.0,1239.5598916600027,1000.0,1239.5598916600027,1000.0,0.0,0.0
7772,1670139480000.0,0.0,0.0,0.0,132.8,0.0,0.0,144.9,0.9999253857184062,1.0,1239.5598916600027,1000.0,1239.5598916600027,1000.0,0.0,0.0
7773,1670143080000.0,0.0,0.0,0.0,132.8,0.0,0.0,143.35,0.9999253857184062,1.0,1239.5598916600027,1000.0,1239.5598916600027,1000.0,0.0,0.0
7774,1670146680000.0,0.0,0.0,0.0,132.8,0.0,0.0,142.65,0.9999253857184062,1.0,1239.5598916600027,1000.0,1239.5598916600027,1000.0,0.0,0.0
7775,1670150280000.0,0.0,0.0,0.0,132.8,0.0,0.0,142.5,0.9999253857184062,1.0,1239.5598916600027,1000.0,1239.5598916600027,1000.0,0.0,0.0
7776,1670153880000.0,0.0,0.0,0.0,132.8,0.0,0.0,142.8,0.9999253857184062,1.0,1239.5598916600027,1000.0,1239.5598916600027,1000.0,0.0,0.0
7777,1670157480000.0,0.0,0.0,0.0,132.8,0.0,0.0,143.0,0.9999253857184062,1.0,1239.5598916600027,1000.0,1239.5598916600027,1000.0,0.0,0.0
7778,1670161080000.0,0.0,0.0,0.0,132.8,0.0,0.0,143.5,0.9999253857184062,1.0,1239.5598916600027,1000.0,1239.5598916600027,1000.0,0.0,0.0
7779,1670164680000.0,0.0,0.0,0.0,132.8,0.0,0.0,143.95,0.9999253857184062,1.0,1239.5598916600027,1000.0,1239.5598916600027,1000.0,0.0,0.0
7780,1670168280000.0,0.0,0.0,0.0,132.8,0.0,0.0,144.5,0.9999253857184062,1.0,1239.5598916600027,1000.0,1239.5598916600027,1000.0,0.0,0.0
7781,1670171880000.0,0.0,0.0,0.0,132.8,0.0,0.0,143.4,0.9999253857184062,1.0,1239.5598916600027,1000.0,1239.5598916600027,1000.0,0.0,0.0
7782,1670175480000.0,0.0,0.0,0.0,132.8,0.0,0.0,143.15,0.9999253857184062,1.0,1239.5598916600027,1000.0,1239.5598916600027,1000.0,0.0,0.0
7783,1670179080000.0,0.0,0.0,0.0,132.8,0.0,0.0,143.5,0.9999253857184062,1.0,1239.5598916600027,1000.0,1239.5598916600027,1000.0,0.0,0.0
7784,1670182680000.0,0.0,0.0,0.0,132.8,0.0,0.0,143.8,0.9999253857184062,1.0,1239.5598916600027,1000.0,1239.5598916600027,1000.0,0.0,0.0
7785,1670186280000.0,0.0,0.0,0.0,132.8,0.0,0.0,144.75,0.9999253857184062,1.0,1239.5598916600027,1000.0,1239.5598916600027,1000.0,0.0,0.0
7786,1670189880000.0,0.0,0.0,0.0,132.8,0.0,0.0,144.5,0.9999253857184062,1.0,1239.5598916600027,1000.0,1239.5598916600027,1000.0,0.0,0.0
7787,1670193480000.0,0.0,0.0,0.0,132.8,0.0,0.0,143.45,0.9999253857184062,1.0,1239.5598916600027,1000.0,1239.5598916600027,1000.0,0.0,0.0
7788,1670197080000.0,0.0,0.0,0.0,132.8,0.0,0.0,143.45,0.9999253857184062,1.0,1239.5598916600027,1000.0,1239.5598916600027,1000.0,0.0,0.0
7789,1670200680000.0,0.0,0.0,0.0,132.8,0.0,0.0,142.5,0.9999253857184062,1.0,1239.5598916600027,1000.0,1239.5598916600027,1000.0,0.0,0.0
7790,1670204280000.0,0.0,0.0,0.0,132.8,0.0,0.0,143.1,0.9999253857184062,1.0,1239.5598916600027,1000.0,1239.5598916600027,1000.0,0.0,0.0
7791,1670207880000.0,0.0,0.0,0.0,132.8,0.0,0.0,143.65,0.9999253857184062,1.0,1239.5598916600027,1000.0,1239.5598916600027,1000.0,0.0,0.0
7792,1670211480000.0,0.0,0.0,0.0,132.8,0.0,0.0,144.05,0.9999253857184062,1.0,1239.5598916600027,1000.0,1239.5598916600027,1000.0,0.0,0.0
7793,1670215080000.0,0.0,0.0,0.0,132.8,0.0,0.0,144.0,0.9999253857184062,1.0,1239.5598916600027,1000.0,1239.5598916600027,1000.0,0.0,0.0
7794,1670218680000.0,0.0,0.0,0.0,132.8,0.0,0.0,144.3,0.9999253857184062,1.0,1239.5598916600027,1000.0,1239.5598916600027,1000.0,0.0,0.0
7795,1670222280000.0,0.0,0.0,0.0,132.8,0.0,0.0,144.65,0.9999253857184062,1.0,1239.5598916600027,1000.0,1239.5598916600027,1000.0,0.0,0.0
7796,1670225880000.0,0.0,0.0,0.0,132.8,0.0,0.0,144.7,0.9999253857184062,1.0,1239.5598916600027,1000.0,1239.5598916600027,1000.0,0.0,0.0
7797,1670229480000.0,0.0,0.0,0.0,132.8,0.0,0.0,144.9,0.9999253857184062,1.0,1239.5598916600027,1000.0,1239.5598916600027,1000.0,0.0,0.0
7798,1670233080000.0,0.0,0.0,0.0,132.8,0.0,0.0,144.75,0.9999253857184062,1.0,1239.5598916600027,1000.0,1239.5598916600027,1000.0,0.0,0.0
7799,1670236680000.0,0.0,0.0,0.0,132.8,0.0,0.0,143.6,0.9999253857184062,1.0,1239.5598916600027,1000.0,1239.5598916600027,1000.0,0.0,0.0
7800,1670240280000.0,0.0,0.0,0.0,132.8,0.0,0.0,144.1,0.9999253857184062,1.0,1239.5598916600027,1000.0,1239.5598916600027,1000.0,0.0,0.0
7801,1670243880000.0,0.0,0.0,0.0,132.8,0.0,0.0,143.25,0.9999253857184062,1.0,1239.5598916600027,1000.0,1239.5598916600027,1000.0,0.0,0.0
7802,1670247480000.0,0.0,0.0,0.0,132.8,0.0,0.0,143.6,0.9999253857184062,1.0,1239.5598916600027,1000.0,1239.5598916600027,1000.0,0.0,0.0
7803,1670251080000.0,0.0,0.0,0.0,132.8,0.0,0.0,143.65,0.9999253857184062,1.0,1239.5598916600027,1000.0,1239.5598916600027,1000.0,0.0,0.0
7804,1670254680000.0,0.0,0.0,0.0,132.8,0.0,0.0,144.6,0.9999253857184062,1.0,1239.5598916600027,1000.0,1239.5598916600027,1000.0,0.0,0.0
7805,1670258280000.0,0.0,0.0,0.0,132.8,0.0,0.0,145.15,0.9999253857184062,1.0,1239.5598916600027,1000.0,1239.5598916600027,1000.0,0.0,0.0
7806,1670261880000.0,0.0,0.0,0.0,132.8,0.0,0.0,144.8,0.9999253857184062,1.0,1239.5598916600027,1000.0,1239.5598916600027,1000.0,0.0,0.0
7807,1670265480000.0,0.0,0.0,0.0,132.8,0.0,0.0,145.3,0.9999253857184062,1.0,1239.5598916600027,1000.0,1239.5598916600027,1000.0,0.0,0.0
7808,1670269080000.0,0.0,0.0,0.0,132.8,0.0,0.0,144.25,0.9999253857184062,1.0,1239.5598916600027,1000.0,1239.5598916600027,1000.0,0.0,0.0
7809,1670272680000.0,0.0,0.0,0.0,132.8,0.0,0.0,144.25,0.9999253857184062,1.0,1239.5598916600027,1000.0,1239.5598916600027,1000.0,0.0,0.0
7810,1670276280000.0,0.0,0.0,0.0,132.8,0.0,0.0,143.9,0.9999253857184062,1.0,1239.5598916600027,1000.0,1239.5598916600027,1000.0,0.0,0.0
7811,1670279880000.0,0.0,0.0,0.0,132.8,0.0,0.0,144.6,0.9999253857184062,1.0,1239.5598916600027,1000.0,1239.5598916600027,1000.0,0.0,0.0
7812,1670283480000.0,0.0,0.0,0.0,132.8,0.0,0.0,145.4,0.9999253857184062,1.0,1239.5598916600027,1000.0,1239.5598916600027,1000.0,0.0,0.0
7813,1670287080000.0,0.0,0.0,0.0,132.8,0.0,0.0,145.4,0.9999253857184062,1.0,1239.5598916600027,1000.0,1239.5598916600027,1000.0,0.0,0.0
7814,1670290680000.0,0.0,0.0,0.0,132.8,0.0,0.0,145.7,0.9999253857184062,1.0,1239.5598916600027,1000.0,1239.5598916600027,1000.0,0.0,0.0
7815,1670294280000.0,0.0,0.0,0.0,132.8,0.0,0.0,145.1,0.9999253857184062,1.0,1239.5598916600027,1000.0,1239.5598916600027,1000.0,0.0,0.0
7816,1670297880000.0,0.0,0.0,0.0,132.8,0.0,0.0,145.5,0.9999253857184062,1.0,1239.5598916600027,1000.0,1239.5598916600027,1000.0,0.0,0.0
7817,1670301480000.0,0.0,0.0,0.0,132.8,0.0,0.0,144.8,0.9999253857184062,1.0,1239.5598916600027,1000.0,1239.5598916600027,1000.0,0.0,0.0
7818,1670305080000.0,0.0,0.0,0.0,132.8,0.0,0.0,145.35,0.9999253857184062,1.0,1239.5598916600027,1000.0,1239.5598916600027,1000.0,0.0,0.0
7819,1670308680000.0,0.0,0.0,0.0,132.8,0.0,0.0,145.25,0.9999253857184062,1.0,1239.5598916600027,1000.0,1239.5598916600027,1000.0,0.0,0.0
7820,1670312280000.0,0.0,0.0,0.0,132.8,0.0,0.0,144.85,0.9999253857184062,1.0,1239.5598916600027,1000.0,1239.5598916600027,1000.0,0.0,0.0
7821,1670315880000.0,0.0,0.0,0.0,132.8,0.0,0.0,144.05,0.9999253857184062,1.0,1239.5598916600027,1000.0,1239.5598916600027,1000.0,0.0,0.0
7822,1670319480000.0,0.0,0.0,0.0,132.8,0.0,0.0,144.1,0.9999253857184062,1.0,1239.5598916600027,1000.0,1239.5598916600027,1000.0,0.0,0.0
7823,1670323080000.0,0.0,0.0,0.0,132.8,0.0,0.0,143.65,0.9999253857184062,1.0,1239.5598916600027,1000.0,1239.5598916600027,1000.0,0.0,0.0
7824,1670326680000.0,0.0,0.0,0.0,132.8,0.0,0.0,144.05,0.9999253857184062,1.0,1239.5598916600027,1000.0,1239.5598916600027,1000.0,0.0,0.0
7825,1670330280000.0,0.0,0.0,0.0,132.8,0.0,0.0,144.6,0.9999253857184062,1.0,1239.5598916600027,1000.0,1239.5598916600027,1000.0,0.0,0.0
7826,1670333880000.0,0.0,0.0,0.0,132.8,0.0,0.0,144.2,0.9999253857184062,1.0,1239.5598916600027,1000.0,1239.5598916600027,1000.0,0.0,0.0
7827,1670337480000.0,0.0,0.0,0.0,132.8,0.0,0.0,143.6,0.9999253857184062,1.0,1239.5598916600027,1000.0,1239.5598916600027,1000.0,0.0,0.0
7828,1670341080000.0,0.0,0.0,0.0,132.8,0.0,0.0,142.5,0.9999253857184062,1.0,1239.5598916600027,1000.0,1239.5598916600027,1000.0,0.0,0.0
7829,1670344680000.0,0.0,0.0,0.0,132.8,0.0,0.0,143.1,0.9999253857184062,1.0,1239.5598916600027,1000.0,1239.5598916600027,1000.0,0.0,0.0
7830,1670348280000.0,0.0,0.0,0.0,132.8,0.0,0.0,142.55,0.9999253857184062,1.0,1239.5598916600027,1000.0,1239.5598916600027,1000.0,0.0,0.0
7831,1670351880000.0,0.0,0.0,0.0,132.8,0.0,0.0,142.15,0.9999253857184062,1.0,1239.5598916600027,1000.0,1239.5598916600027,1000.0,0.0,0.0
7832,1670355480000.0,0.0,0.0,0.0,132.8,0.0,0.0,143.1,0.9999253857184062,1.0,1239.5598916600027,1000.0,1239.5598916600027,1000.0,0.0,0.0
7833,1670359080000.0,0.0,0.0,0.0,132.8,0.0,0.0,142.8,0.9999253857184062,1.0,1239.5598916600027,1000.0,1239.5598916600027,1000.0,0.0,0.0
7834,1670362680000.0,0.0,0.0,0.0,132.8,0.0,0.0,143.25,0.9999253857184062,1.0,1239.5598916600027,1000.0,1239.5598916600027,1000.0,0.0,0.0
7835,1670366280000.0,0.0,0.0,0.0,132.8,0.0,0.0,142.75,0.9999253857184062,1.0,1239.5598916600027,1000.0,1239.5598916600027,1000.0,0.0,0.0
7836,1670369880000.0,0.0,0.0,0.0,132.8,0.0,0.0,143.1,0.9999253857184062,1.0,1239.5598916600027,1000.0,1239.5598916600027,1000.0,0.0,0.0
7837,1670373480000.0,0.0,0.0,0.0,132.8,0.0,0.0,143.75,0.9999253857184062,1.0,1239.5598916600027,1000.0,1239.5598916600027,1000.0,0.0,0.0
7838,1670377080000.0,0.0,0.0,0.0,132.8,0.0,0.0,143.7,0.9999253857184062,1.0,1239.5598916600027,1000.0,1239.5598916600027,1000.0,0.0,0.0
7839,1670380680000.0,0.0,0.0,0.0,132.8,0.0,0.0,143.8,0.9999253857184062,1.0,1239.5598916600027,1000.0,1239.5598916600027,1000.0,0.0,0.0
7840,1670384280000.0,0.0,0.0,0.0,132.8,0.0,0.0,144.0,0.9999253857184062,1.0,1239.5598916600027,1000.0,1239.5598916600027,1000.0,0.0,0.0
7841,1670387880000.0,0.0,0.0,0.0,132.8,0.0,0.0,143.95,0.9999253857184062,1.0,1239.5598916600027,1000.0,1239.5598916600027,1000.0,0.0,0.0
7842,1670391480000.0,0.0,0.0,0.0,132.8,0.0,0.0,143.75,0.9999253857184062,1.0,1239.5598916600027,1000.0,1239.5598916600027,1000.0,0.0,0.0
7843,1670395080000.0,0.0,0.0,0.0,132.8,0.0,0.0,143.1,0.9999253857184062,1.0,1239.5598916600027,1000.0,1239.5598916600027,1000.0,0.0,0.0
7844,1670398680000.0,0.0,0.0,0.0,132.8,0.0,0.0,141.8,0.9999253857184062,1.0,1239.5598916600027,1000.0,1239.5598916600027,1000.0,0.0,0.0
7845,1670402280000.0,0.0,0.0,0.0,132.8,0.0,0.0,141.45,0.9999253857184062,1.0,1239.5598916600027,1000.0,1239.5598916600027,1000.0,0.0,0.0
7846,1670405880000.0,0.0,0.0,0.0,132.8,0.0,0.0,141.95,0.9999253857184062,1.0,1239.5598916600027,1000.0,1239.5598916600027,1000.0,0.0,0.0
7847,1670409480000.0,0.0,0.0,0.0,132.8,0.0,0.0,142.35,0.9999253857184062,1.0,1239.5598916600027,1000.0,1239.5598916600027,1000.0,0.0,0.0
7848,1670413080000.0,0.0,0.0,0.0,132.8,0.0,0.0,143.0,0.9999253857184062,1.0,1239.5598916600027,1000.0,1239.5598916600027,1000.0,0.0,0.0
7849,1670416680000.0,0.0,0.0,0.0,132.8,0.0,0.0,142.95,0.9999253857184062,1.0,1239.5598916600027,1000.0,1239.5598916600027,1000.0,0.0,0.0
7850,1670420280000.0,0.0,0.0,0.0,132.8,0.0,0.0,143.8,0.9999253857184062,1.0,1239.5598916600027,1000.0,1239.5598916600027,1000.0,0.0,0.0
7851,1670423880000.0,0.0,0.0,0.0,132.8,0.0,0.0,143.25,0.9999253857184062,1.0,1239.5598916600027,1000.0,1239.5598916600027,1000.0,0.0,0.0
7852,1670427480000.0,0.0,0.0,0.0,132.8,0.0,0.0,142.5,0.9999253857184062,1.0,1239.5598916600027,1000.0,1239.5598916600027,1000.0,0.0,0.0
7853,1670431080000.0,0.0,0.0,0.0,132.8,0.0,0.0,142.15,0.9999253857184062,1.0,1239.5598916600027,1000.0,1239.5598916600027,1000.0,0.0,0.0
7854,1670434680000.0,0.0,0.0,0.0,132.8,0.0,0.0,141.95,0.9999253857184062,1.0,1239.5598916600027,1000.0,1239.5598916600027,1000.0,0.0,0.0
7855,1670438280000.0,0.0,0.0,0.0,132.8,0.0,0.0,141.5,0.9999253857184062,1.0,1239.5598916600027,1000.0,1239.5598916600027,1000.0,0.0,0.0
7856,1670441880000.0,0.0,0.0,0.0,132.8,0.0,0.0,141.45,0.9999253857184062,1.0,1239.5598916600027,1000.0,1239.5598916600027,1000.0,0.0,0.0
7857,1670445480000.0,0.0,0.0,0.0,132.8,0.0,0.0,142.0,0.9999253857184062,1.0,1239.5598916600027,1000.0,1239.5598916600027,1000.0,0.0,0.0
7858,1670449080000.0,0.0,0.0,0.0,132.8,0.0,0.0,142.9,0.9999253857184062,1.0,1239.5598916600027,1000.0,1239.5598916600027,1000.0,0.0,0.0
7859,1670452680000.0,0.0,0.0,0.0,132.8,0.0,0.0,143.4,0.9999253857184062,1.0,1239.5598916600027,1000.0,1239.5598916600027,1000.0,0.0,0.0
7860,1670456280000.0,0.0,0.0,0.0,132.8,0.0,0.0,144.15,0.9999253857184062,1.0,1239.5598916600027,1000.0,1239.5598916600027,1000.0,0.0,0.0
7861,1670459880000.0,0.0,0.0,0.0,132.8,0.0,0.0,144.05,0.9999253857184062,1.0,1239.5598916600027,1000.0,1239.5598916600027,1000.0,0.0,0.0
7862,1670463480000.0,0.0,0.0,0.0,132.8,0.0,0.0,143.05,0.9999253857184062,1.0,1239.5598916600027,1000.0,1239.5598916600027,1000.0,0.0,0.0
7863,1670467080000.0,0.0,0.0,0.0,132.8,0.0,0.0,143.6,0.9999253857184062,1.0,1239.5598916600027,1000.0,1239.5598916600027,1000.0,0.0,0.0
7864,1670470680000.0,0.0,0.0,0.0,132.8,0.0,0.0,144.3,0.9999253857184062,1.0,1239.5598916600027,1000.0,1239.5598916600027,1000.0,0.0,0.0
7865,1670474280000.0,0.0,0.0,0.0,132.8,0.0,0.0,144.15,0.9999253857184062,1.0,1239.5598916600027,1000.0,1239.5598916600027,1000.0,0.0,0.0
7866,1670477880000.0,0.0,0.0,0.0,132.8,0.0,0.0,144.2,0.9999253857184062,1.0,1239.5598916600027,1000.0,1239.5598916600027,1000.0,0.0,0.0
7867,1670481480000.0,0.0,0.0,0.0,132.8,0.0,0.0,144.3,0.9999253857184062,1.0,1239.5598916600027,1000.0,1239.5598916600027,1000.0,0.0,0.0
7868,1670485080000.0,0.0,0.0,0.0,132.8,0.0,0.0,144.2,0.9999253857184062,1.0,1239.5598916600027,1000.0,1239.5598916600027,1000.0,0.0,0.0
7869,1670488680000.0,0.0,0.0,0.0,132.8,0.0,0.0,144.55,0.9999253857184062,1.0,1239.5598916600027,1000.0,1239.5598916600027,1000.0,0.0,0.0
7870,1670492280000.0,0.0,0.0,0.0,132.8,0.0,0.0,144.75,0.9999253857184062,1.0,1239.5598916600027,1000.0,1239.5598916600027,1000.0,0.0,0.0
7871,1670495880000.0,0.0,0.0,0.0,132.8,0.0,0.0,145.2,0.9999253857184062,1.0,1239.5598916600027,1000.0,1239.5598916600027,1000.0,0.0,0.0
7872,1670499480000.0,0.0,0.0,0.0,132.8,0.0,0.0,145.65,0.9999253857184062,1.0,1239.5598916600027,1000.0,1239.5598916600027,1000.0,0.0,0.0
7873,1670503080000.0,0.0,0.0,0.0,132.8,0.0,0.0,145.5,0.9999253857184062,1.0,1239.5598916600027,1000.0,1239.5598916600027,1000.0,0.0,0.0
7874,1670506680000.0,0.0,0.0,0.0,132.8,0.0,0.0,146.15,0.9999253857184062,1.0,1239.5598916600027,1000.0,1239.5598916600027,1000.0,0.0,0.0
7875,1670510280000.0,0.0,0.0,0.0,132.8,0.0,0.0,145.55,0.9999253857184062,1.0,1239.5598916600027,1000.0,1239.5598916600027,1000.0,0.0,0.0
7876,1670513880000.0,0.0,0.0,0.0,132.8,0.0,0.0,146.2,0.9999253857184062,1.0,1239.5598916600027,1000.0,1239.5598916600027,1000.0,0.0,0.0
7877,1670517480000.0,0.0,0.0,0.0,132.8,0.0,0.0,146.55,0.9999253857184062,1.0,1239.5598916600027,1000.0,1239.5598916600027,1000.0,0.0,0.0
7878,1670521080000.0,0.0,0.0,0.0,132.8,0.0,0.0,147.0,0.9999253857184062,1.0,1239.5598916600027,1000.0,1239.5598916600027,1000.0,0.0,0.0
7879,1670524680000.0,0.0,0.0,0.0,132.8,0.0,0.0,145.65,0.9999253857184062,1.0,1239.5598916600027,1000.0,1239.5598916600027,1000.0,0.0,0.0
7880,1670528280000.0,0.0,0.0,0.0,132.8,0.0,0.0,147.5,0.9999253857184062,1.0,1239.5598916600027,1000.0,1239.5598916600027,1000.0,0.0,0.0
7881,1670531880000.0,0.0,0.0,0.0,132.8,0.0,0.0,147.45,0.9999253857184062,1.0,1239.5598916600027,1000.0,1239.5598916600027,1000.0,0.0,0.0
7882,1670535480000.0,0.0,0.0,0.0,132.8,0.0,0.0,147.55,0.9999253857184062,1.0,1239.5598916600027,1000.0,1239.5598916600027,1000.0,0.0,0.0
7883,1670539080000.0,0.0,0.0,0.0,132.8,0.0,0.0,148.05,0.9999253857184062,1.0,1239.5598916600027,1000.0,1239.5598916600027,1000.0,0.0,0.0
7884,1670542680000.0,0.0,0.0,0.0,132.8,0.0,0.0,147.9,0.9999253857184062,1.0,1239.5598916600027,1000.0,1239.5598916600027,1000.0,0.0,0.0
7885,1670546280000.0,0.0,0.0,0.0,132.8,0.0,0.0,147.35,0.9999253857184062,1.0,1239.5598916600027,1000.0,1239.5598916600027,1000.0,0.0,0.0
7886,1670549880000.0,0.0,0.0,0.0,132.8,0.0,0.0,146.8,0.9999253857184062,1.0,1239.5598916600027,1000.0,1239.5598916600027,1000.0,0.0,0.0
7887,1670553480000.0,0.0,0.0,0.0,132.8,0.0,0.0,146.65,0.9999253857184062,1.0,1239.5598916600027,1000.0,1239.5598916600027,1000.0,0.0,0.0
7888,1670557080000.0,0.0,0.0,0.0,132.8,0.0,0.0,146.4,0.9999253857184062,1.0,1239.5598916600027,1000.0,1239.5598916600027,1000.0,0.0,0.0
7889,1670560680000.0,0.0,0.0,0.0,132.8,0.0,0.0,147.0,0.9999253857184062,1.0,1239.5598916600027,1000.0,1239.5598916600027,1000.0,0.0,0.0
7890,1670564280000.0,0.0,0.0,0.0,132.8,0.0,0.0,147.25,0.9999253857184062,1.0,1239.5598916600027,1000.0,1239.5598916600027,1000.0,0.0,0.0
7891,1670567880000.0,0.0,0.0,0.0,132.8,0.0,0.0,147.4,0.9999253857184062,1.0,1239.5598916600027,1000.0,1239.5598916600027,1000.0,0.0,0.0
7892,1670571480000.0,0.0,0.0,0.0,132.8,0.0,0.0,147.75,0.9999253857184062,1.0,1239.5598916600027,1000.0,1239.5598916600027,1000.0,0.0,0.0
7893,1670575080000.0,0.0,0.0,0.0,132.8,0.0,0.0,148.05,0.9999253857184062,1.0,1239.5598916600027,1000.0,1239.5598916600027,1000.0,0.0,0.0
7894,1670578680000.0,0.0,0.0,0.0,132.8,0.0,0.0,148.05,0.9999253857184062,1.0,1239.5598916600027,1000.0,1239.5598916600027,1000.0,0.0,0.0
7895,1670582280000.0,0.0,0.0,0.0,132.8,0.0,0.0,147.25,0.9999253857184062,1.0,1239.5598916600027,1000.0,1239.5598916600027,1000.0,0.0,0.0
7896,1670585880000.0,0.0,0.0,0.0,132.8,0.0,0.0,147.25,0.9999253857184062,1.0,1239.5598916600027,1000.0,1239.5598916600027,1000.0,0.0,0.0
7897,1670589480000.0,0.0,0.0,0.0,132.8,0.0,0.0,146.85,0.9999253857184062,1.0,1239.5598916600027,1000.0,1239.5598916600027,1000.0,0.0,0.0
7898,1670593080000.0,0.0,0.0,0.0,132.8,0.0,0.0,146.5,0.9999253857184062,1.0,1239.5598916600027,1000.0,1239.5598916600027,1000.0,0.0,0.0
7899,1670596680000.0,0.0,0.0,0.0,132.8,0.0,0.0,146.85,0.9999253857184062,1.0,1239.5598916600027,1000.0,1239.5598916600027,1000.0,0.0,0.0
7900,1670600280000.0,0.0,0.0,0.0,132.8,0.0,0.0,147.25,0.9999253857184062,1.0,1239.5598916600027,1000.0,1239.5598916600027,1000.0,0.0,0.0
7901,1670603880000.0,0.0,0.0,0.0,132.8,0.0,0.0,147.45,0.9999253857184062,1.0,1239.5598916600027,1000.0,1239.5598916600027,1000.0,0.0,0.0
7902,1670607480000.0,0.0,0.0,0.0,132.8,0.0,0.0,147.1,0.9999253857184062,1.0,1239.5598916600027,1000.0,1239.5598916600027,1000.0,0.0,0.0
7903,1670611080000.0,0.0,0.0,0.0,132.8,0.0,0.0,147.05,0.9999253857184062,1.0,1239.5598916600027,1000.0,1239.5598916600027,1000.0,0.0,0.0
7904,1670614680000.0,0.0,0.0,0.0,132.8,0.0,0.0,147.55,0.9999253857184062,1.0,1239.5598916600027,1000.0,1239.5598916600027,1000.0,0.0,0.0
7905,1670618280000.0,0.0,0.0,0.0,132.8,0.0,0.0,148.05,0.9999253857184062,1.0,1239.5598916600027,1000.0,1239.5598916600027,1000.0,0.0,0.0
7906,1670621880000.0,0.0,0.0,0.0,132.8,0.0,0.0,148.0,0.9999253857184062,1.0,1239.5598916600027,1000.0,1239.5598916600027,1000.0,0.0,0.0
7907,1670625480000.0,0.0,0.0,0.0,132.8,0.0,0.0,148.5,0.9999253857184062,1.0,1239.5598916600027,1000.0,1239.5598916600027,1000.0,0.0,0.0
7908,1670629080000.0,0.0,0.0,0.0,132.8,0.0,0.0,149.15,0.9999253857184062,1.0,1239.5598916600027,1000.0,1239.5598916600027,1000.0,0.0,0.0
7909,1670632680000.0,0.0,0.0,0.0,132.8,0.0,0.0,149.2,0.9999253857184062,1.0,1239.5598916600027,1000.0,1239.5598916600027,1000.0,0.0,0.0
7910,1670636280000.0,0.0,0.0,0.0,132.8,0.0,0.0,149.6,0.9999253857184062,1.0,1239.5598916600027,1000.0,1239.5598916600027,1000.0,0.0,0.0
7911,1670639880000.0,0.0,0.0,0.0,132.8,0.0,0.0,148.95,0.9999253857184062,1.0,1239.5598916600027,1000.0,1239.5598916600027,1000.0,0.0,0.0
7912,1670643480000.0,0.0,0.0,0.0,132.8,0.0,0.0,149.2,0.9999253857184062,1.0,1239.5598916600027,1000.0,1239.5598916600027,1000.0,0.0,0.0
7913,1670647080000.0,0.0,0.0,0.0,132.8,0.0,0.0,148.5,0.9999253857184062,1.0,1239.5598916600027,1000.0,1239.5598916600027,1000.0,0.0,0.0
7914,1670650680000.0,0.0,0.0,0.0,132.8,0.0,0.0,149.05,0.9999253857184062,1.0,1239.5598916600027,1000.0,1239.5598916600027,1000.0,0.0,0.0
7915,1670654280000.0,0.0,0.0,0.0,132.8,0.0,0.0,148.95,0.9999253857184062,1.0,1239.5598916600027,1000.0,1239.5598916600027,1000.0,0.0,0.0
7916,1670657880000.0,0.0,0.0,0.0,132.8,0.0,0.0,148.55,0.9999253857184062,1.0,1239.5598916600027,1000.0,1239.5598916600027,1000.0,0.0,0.0
7917,1670661480000.0,0.0,0.0,0.0,132.8,0.0,0.0,148.35,0.9999253857184062,1.0,1239.5598916600027,1000.0,1239.5598916600027,1000.0,0.0,0.0
7918,1670665080000.0,0.0,0.0,0.0,132.8,0.0,0.0,148.75,0.9999253857184062,1.0,1239.5598916600027,1000.0,1239.5598916600027,1000.0,0.0,0.0
7919,1670668680000.0,0.0,0.0,0.0,132.8,0.0,0.0,149.75,0.9999253857184062,1.0,1239.5598916600027,1000.0,1239.5598916600027,1000.0,0.0,0.0
7920,1670672280000.0,0.0,0.0,0.0,132.8,0.0,0.0,149.75,0.9999253857184062,1.0,1239.5598916600027,1000.0,1239.5598916600027,1000.0,0.0,0.0
7921,1670675880000.0,0.0,0.0,0.0,132.8,0.0,0.0,149.25,0.9999253857184062,1.0,1239.5598916600027,1000.0,1239.5598916600027,1000.0,0.0,0.0
7922,1670679480000.0,0.0,0.0,0.0,132.8,0.0,0.0,149.7,0.9999253857184062,1.0,1239.5598916600027,1000.0,1239.5598916600027,1000.0,0.0,0.0
7923,1670683080000.0,0.0,0.0,0.0,132.8,0.0,0.0,150.3,0.9999253857184062,1.0,1239.5598916600027,1000.0,1239.5598916600027,1000.0,0.0,0.0
7924,1670686680000.0,0.0,0.0,0.0,132.8,0.0,0.0,150.35,0.9999253857184062,1.0,1239.5598916600027,1000.0,1239.5598916600027,1000.0,0.0,0.0
7925,1670690280000.0,0.0,0.0,0.0,132.8,0.0,0.0,149.65,0.9999253857184062,1.0,1239.5598916600027,1000.0,1239.5598916600027,1000.0,0.0,0.0
7926,1670693880000.0,0.0,0.0,0.0,132.8,0.0,0.0,149.8,0.9999253857184062,1.0,1239.5598916600027,1000.0,1239.5598916600027,1000.0,0.0,0.0
7927,1670697480000.0,0.0,0.0,0.0,132.8,0.0,0.0,149.95,0.9999253857184062,1.0,1239.5598916600027,1000.0,1239.5598916600027,1000.0,0.0,0.0
7928,1670701080000.0,0.0,0.0,0.0,132.8,0.0,0.0,150.0,0.9999253857184062,1.0,1239.5598916600027,1000.0,1239.5598916600027,1000.0,0.0,0.0
7929,1670704680000.0,0.0,0.0,0.0,132.8,0.0,0.0,150.2,0.9999253857184062,1.0,1239.5598916600027,1000.0,1239.5598916600027,1000.0,0.0,0.0
7930,1670708280000.0,0.0,0.0,0.0,132.8,0.0,0.0,149.9,0.9999253857184062,1.0,1239.5598916600027,1000.0,1239.5598916600027,1000.0,0.0,0.0
7931,1670711880000.0,0.0,0.0,0.0,132.8,0.0,0.0,150.1,0.9999253857184062,1.0,1239.5598916600027,1000.0,1239.5598916600027,1000.0,0.0,0.0
7932,1670715480000.0,0.0,0.0,0.0,132.8,0.0,0.0,149.45,0.9999253857184062,1.0,1239.5598916600027,1000.0,1239.5598916600027,1000.0,0.0,0.0
7933,1670719080000.0,0.0,0.0,0.0,132.8,0.0,0.0,149.55,0.9999253857184062,1.0,1239.5598916600027,1000.0,1239.5598916600027,1000.0,0.0,0.0
7934,1670722680000.0,0.0,0.0,0.0,132.8,0.0,0.0,149.85,0.9999253857184062,1.0,1239.5598916600027,1000.0,1239.5598916600027,1000.0,0.0,0.0
7935,1670726280000.0,0.0,0.0,0.0,132.8,0.0,0.0,149.4,0.9999253857184062,1.0,1239.5598916600027,1000.0,1239.5598916600027,1000.0,0.0,0.0
7936,1670729880000.0,0.0,0.0,0.0,132.8,0.0,0.0,149.3,0.9999253857184062,1.0,1239.5598916600027,1000.0,1239.5598916600027,1000.0,0.0,0.0
7937,1670733480000.0,0.0,0.0,0.0,132.8,0.0,0.0,149.25,0.9999253857184062,1.0,1239.5598916600027,1000.0,1239.5598916600027,1000.0,0.0,0.0
7938,1670737080000.0,0.0,0.0,0.0,132.8,0.0,0.0,149.5,0.9999253857184062,1.0,1239.5598916600027,1000.0,1239.5598916600027,1000.0,0.0,0.0
7939,1670740680000.0,0.0,0.0,0.0,132.8,0.0,0.0,149.55,0.9999253857184062,1.0,1239.5598916600027,1000.0,1239.5598916600027,1000.0,0.0,0.0
7940,1670744280000.0,0.0,0.0,0.0,132.8,0.0,0.0,149.35,0.9999253857184062,1.0,1239.5598916600027,1000.0,1239.5598916600027,1000.0,0.0,0.0
7941,1670747880000.0,0.0,0.0,0.0,132.8,0.0,0.0,149.5,0.9999253857184062,1.0,1239.5598916600027,1000.0,1239.5598916600027,1000.0,0.0,0.0
7942,1670751480000.0,0.0,0.0,0.0,132.8,0.0,0.0,149.9,0.9999253857184062,1.0,1239.5598916600027,1000.0,1239.5598916600027,1000.0,0.0,0.0
7943,1670755080000.0,0.0,0.0,0.0,132.8,0.0,0.0,150.45,0.9999253857184062,1.0,1239.5598916600027,1000.0,1239.5598916600027,1000.0,0.0,0.0
7944,1670758680000.0,0.0,0.0,0.0,132.8,0.0,0.0,150.55,0.9999253857184062,1.0,1239.5598916600027,1000.0,1239.5598916600027,1000.0,0.0,0.0
7945,1670762280000.0,0.0,0.0,0.0,132.8,0.0,0.0,150.65,0.9999253857184062,1.0,1239.5598916600027,1000.0,1239.5598916600027,1000.0,0.0,0.0
7946,1670765880000.0,0.0,0.0,0.0,132.8,0.0,0.0,150.15,0.9999253857184062,1.0,1239.5598916600027,1000.0,1239.5598916600027,1000.0,0.0,0.0
7947,1670769480000.0,0.0,0.0,0.0,132.8,0.0,0.0,149.9,0.9999253857184062,1.0,1239.5598916600027,1000.0,1239.5598916600027,1000.0,0.0,0.0
7948,1670773080000.0,0.0,0.0,0.0,132.8,0.0,0.0,149.9,0.9999253857184062,1.0,1239.5598916600027,1000.0,1239.5598916600027,1000.0,0.0,0.0
7949,1670776680000.0,0.0,0.0,0.0,132.8,0.0,0.0,150.35,0.9999253857184062,1.0,1239.5598916600027,1000.0,1239.5598916600027,1000.0,0.0,0.0
7950,1670780280000.0,0.0,0.0,0.0,132.8,0.0,0.0,151.3,0.9999253857184062,1.0,1239.5598916600027,1000.0,1239.5598916600027,1000.0,0.0,0.0
7951,1670783880000.0,0.0,0.0,0.0,132.8,0.0,0.0,151.45,0.9999253857184062,1.0,1239.5598916600027,1000.0,1239.5598916600027,1000.0,0.0,0.0
7952,1670787480000.0,0.0,0.0,0.0,132.8,0.0,0.0,150.8,0.9999253857184062,1.0,1239.5598916600027,1000.0,1239.5598916600027,1000.0,0.0,0.0
7953,1670791080000.0,0.0,0.0,0.0,132.8,0.0,0.0,150.15,0.9999253857184062,1.0,1239.5598916600027,1000.0,1239.5598916600027,1000.0,0.0,0.0
7954,1670794680000.0,0.0,0.0,0.0,132.8,0.0,0.0,151.5,0.9999253857184062,1.0,1239.5598916600027,1000.0,1239.5598916600027,1000.0,0.0,0.0
7955,1670798280000.0,0.0,0.0,0.0,132.8,0.0,0.0,149.75,0.9999253857184062,1.0,1239.5598916600027,1000.0,1239.5598916600027,1000.0,0.0,0.0
7956,1670801880000.0,0.0,0.0,0.0,132.8,0.0,0.0,149.8,0.9999253857184062,1.0,1239.5598916600027,1000.0,1239.5598916600027,1000.0,0.0,0.0
7957,1670805480000.0,0.0,0.0,0.0,132.8,0.0,0.0,149.7,0.9999253857184062,1.0,1239.5598916600027,1000.0,1239.5598916600027,1000.0,0.0,0.0
7958,1670809080000.0,0.0,0.0,0.0,132.8,0.0,0.0,150.0,0.9999253857184062,1.0,1239.5598916600027,1000.0,1239.5598916600027,1000.0,0.0,0.0
7959,1670812680000.0,0.0,0.0,0.0,132.8,0.0,0.0,150.1,0.9999253857184062,1.0,1239.5598916600027,1000.0,1239.5598916600027,1000.0,0.0,0.0
7960,1670816280000.0,0.0,0.0,0.0,132.8,0.0,0.0,149.25,0.9999253857184062,1.0,1239.5598916600027,1000.0,1239.5598916600027,1000.0,0.0,0.0
7961,1670819880000.0,0.0,0.0,0.0,132.8,0.0,0.0,149.6,0.9999253857184062,1.0,1239.5598916600027,1000.0,1239.5598916600027,1000.0,0.0,0.0
7962,1670823480000.0,0.0,0.0,0.0,132.8,0.0,0.0,149.2,0.9999253857184062,1.0,1239.5598916600027,1000.0,1239.5598916600027,1000.0,0.0,0.0
7963,1670827080000.0,0.0,0.0,0.0,132.8,0.0,0.0,149.0,0.9999253857184062,1.0,1239.5598916600027,1000.0,1239.5598916600027,1000.0,0.0,0.0
7964,1670830680000.0,0.0,0.0,0.0,132.8,0.0,0.0,148.5,0.9999253857184062,1.0,1239.5598916600027,1000.0,1239.5598916600027,1000.0,0.0,0.0
7965,1670834280000.0,0.0,0.0,0.0,132.8,0.0,0.0,148.5,0.9999253857184062,1.0,1239.5598916600027,1000.0,1239.5598916600027,1000.0,0.0,0.0
7966,1670837880000.0,0.0,0.0,0.0,132.8,0.0,0.0,150.5,0.9999253857184062,1.0,1239.5598916600027,1000.0,1239.5598916600027,1000.0,0.0,0.0
7967,1670841480000.0,0.0,0.0,0.0,132.8,0.0,0.0,151.1,0.9999253857184062,1.0,1239.5598916600027,1000.0,1239.5598916600027,1000.0,0.0,0.0
7968,1670845080000.0,0.0,0.0,0.0,132.8,0.0,0.0,150.5,0.9999253857184062,1.0,1239.5598916600027,1000.0,1239.5598916600027,1000.0,0.0,0.0
7969,1670848680000.0,0.0,0.0,0.0,132.8,0.0,0.0,149.9,0.9999253857184062,1.0,1239.5598916600027,1000.0,1239.5598916600027,1000.0,0.0,0.0
7970,1670852280000.0,0.0,0.0,0.0,132.8,0.0,0.0,150.85,0.9999253857184062,1.0,1239.5598916600027,1000.0,1239.5598916600027,1000.0,0.0,0.0
7971,1670855880000.0,0.0,0.0,0.0,132.8,0.0,0.0,151.3,0.9999253857184062,1.0,1239.5598916600027,1000.0,1239.5598916600027,1000.0,0.0,0.0
7972,1670859480000.0,0.0,0.0,0.0,132.8,0.0,0.0,151.15,0.9999253857184062,1.0,1239.5598916600027,1000.0,1239.5598916600027,1000.0,0.0,0.0
7973,1670863080000.0,0.0,0.0,0.0,132.8,0.0,0.0,150.85,0.9999253857184062,1.0,1239.5598916600027,1000.0,1239.5598916600027,1000.0,0.0,0.0
7974,1670866680000.0,0.0,0.0,0.0,132.8,0.0,0.0,150.2,0.9999253857184062,1.0,1239.5598916600027,1000.0,1239.5598916600027,1000.0,0.0,0.0
7975,1670870280000.0,0.0,0.0,0.0,132.8,0.0,0.0,150.05,0.9999253857184062,1.0,1239.5598916600027,1000.0,1239.5598916600027,1000.0,0.0,0.0
7976,1670873880000.0,0.0,0.0,0.0,132.8,0.0,0.0,150.35,0.9999253857184062,1.0,1239.5598916600027,1000.0,1239.5598916600027,1000.0,0.0,0.0
7977,1670877480000.0,0.0,0.0,0.0,132.8,0.0,0.0,150.7,0.9999253857184062,1.0,1239.5598916600027,1000.0,1239.5598916600027,1000.0,0.0,0.0
7978,1670881080000.0,0.0,0.0,0.0,132.8,0.0,0.0,151.5,0.9999253857184062,1.0,1239.5598916600027,1000.0,1239.5598916600027,1000.0,0.0,0.0
7979,1670884680000.0,0.0,0.0,0.0,132.8,0.0,0.0,151.25,0.9999253857184062,1.0,1239.5598916600027,1000.0,1239.5598916600027,1000.0,0.0,0.0
7980,1670888280000.0,0.0,0.0,0.0,132.8,0.0,0.0,150.85,0.9999253857184062,1.0,1239.5598916600027,1000.0,1239.5598916600027,1000.0,0.0,0.0
7981,1670891880000.0,0.0,0.0,0.0,132.8,0.0,0.0,150.65,0.9999253857184062,1.0,1239.5598916600027,1000.0,1239.5598916600027,1000.0,0.0,0.0
7982,1670895480000.0,0.0,0.0,0.0,132.8,0.0,0.0,150.8,0.9999253857184062,1.0,1239.5598916600027,1000.0,1239.5598916600027,1000.0,0.0,0.0
7983,1670899080000.0,0.0,0.0,0.0,132.8,0.0,0.0,149.95,0.9999253857184062,1.0,1239.5598916600027,1000.0,1239.5598916600027,1000.0,0.0,0.0
7984,1670902680000.0,0.0,0.0,0.0,132.8,0.0,0.0,150.05,0.9999253857184062,1.0,1239.5598916600027,1000.0,1239.5598916600027,1000.0,0.0,0.0
7985,1670906280000.0,0.0,0.0,0.0,132.8,0.0,0.0,149.85,0.9999253857184062,1.0,1239.5598916600027,1000.0,1239.5598916600027,1000.0,0.0,0.0
7986,1670909880000.0,0.0,0.0,0.0,132.8,0.0,0.0,149.65,0.9999253857184062,1.0,1239.5598916600027,1000.0,1239.5598916600027,1000.0,0.0,0.0
7987,1670913480000.0,0.0,0.0,0.0,132.8,0.0,0.0,149.55,0.9999253857184062,1.0,1239.5598916600027,1000.0,1239.5598916600027,1000.0,0.0,0.0
7988,1670917080000.0,0.0,0.0,0.0,132.8,0.0,0.0,148.8,0.9999253857184062,1.0,1239.5598916600027,1000.0,1239.5598916600027,1000.0,0.0,0.0
7989,1670920680000.0,0.0,0.0,0.0,132.8,0.0,0.0,148.6,0.9999253857184062,1.0,1239.5598916600027,1000.0,1239.5598916600027,1000.0,0.0,0.0
7990,1670924280000.0,0.0,0.0,0.0,132.8,0.0,0.0,149.25,0.9999253857184062,1.0,1239.5598916600027,1000.0,1239.5598916600027,1000.0,0.0,0.0
7991,1670927880000.0,0.0,0.0,0.0,132.8,0.0,0.0,150.0,0.9999253857184062,1.0,1239.5598916600027,1000.0,1239.5598916600027,1000.0,0.0,0.0
7992,1670931480000.0,0.0,0.0,0.0,132.8,0.0,0.0,151.3,0.9999253857184062,1.0,1239.5598916600027,1000.0,1239.5598916600027,1000.0,0.0,0.0
7993,1670935080000.0,0.0,0.0,0.0,132.8,0.0,0.0,150.8,0.9999253857184062,1.0,1239.5598916600027,1000.0,1239.5598916600027,1000.0,0.0,0.0
7994,1670938680000.0,0.0,0.0,0.0,132.8,0.0,0.0,152.75,0.9999253857184062,1.0,1239.5598916600027,1000.0,1239.5598916600027,1000.0,0.0,0.0
7995,1670942280000.0,0.0,0.0,0.0,132.8,0.0,0.0,151.3,0.9999253857184062,1.0,1239.5598916600027,1000.0,1239.5598916600027,1000.0,0.0,0.0
7996,1670945880000.0,0.0,0.0,0.0,132.8,0.0,0.0,150.6,0.9999253857184062,1.0,1239.5598916600027,1000.0,1239.5598916600027,1000.0,0.0,0.0
7997,1670949480000.0,0.0,0.0,0.0,132.8,0.0,0.0,151.45,0.9999253857184062,1.0,1239.5598916600027,1000.0,1239.5598916600027,1000.0,0.0,0.0
7998,1670953080000.0,0.0,0.0,0.0,132.8,0.0,0.0,150.45,0.9999253857184062,1.0,1239.5598916600027,1000.0,1239.5598916600027,1000.0,0.0,0.0
7999,1670956680000.0,0.0,0.0,0.0,132.8,0.0,0.0,150.8,0.9999253857184062,1.0,1239.5598916600027,1000.0,1239.5598916600027,1000.0,0.0,0.0
8000,1670960280000.0,0.0,0.0,0.0,132.8,0.0,0.0,150.7,0.9999253857184062,1.0,1239.5598916600027,1000.0,1239.5598916600027,1000.0,0.0,0.0
8001,1670963880000.0,0.0,0.0,0.0,132.8,0.0,0.0,151.05,0.9999253857184062,1.0,1239.5598916600027,1000.0,1239.5598916600027,1000.0,0.0,0.0
8002,1670967480000.0,0.0,0.0,0.0,132.8,0.0,0.0,151.1,0.9999253857184062,1.0,1239.5598916600027,1000.0,1239.5598916600027,1000.0,0.0,0.0
8003,1670971080000.0,0.0,0.0,0.0,132.8,0.0,0.0,151.6,0.9999253857184062,1.0,1239.5598916600027,1000.0,1239.5598916600027,1000.0,0.0,0.0
8004,1670974680000.0,0.0,0.0,0.0,132.8,0.0,0.0,151.4,0.9999253857184062,1.0,1239.5598916600027,1000.0,1239.5598916600027,1000.0,0.0,0.0
8005,1670978280000.0,0.0,0.0,0.0,132.8,0.0,0.0,152.15,0.9999253857184062,1.0,1239.5598916600027,1000.0,1239.5598916600027,1000.0,0.0,0.0
8006,1670981880000.0,0.0,0.0,0.0,132.8,0.0,0.0,151.9,0.9999253857184062,1.0,1239.5598916600027,1000.0,1239.5598916600027,1000.0,0.0,0.0
8007,1670985480000.0,0.0,0.0,0.0,132.8,0.0,0.0,151.25,0.9999253857184062,1.0,1239.5598916600027,1000.0,1239.5598916600027,1000.0,0.0,0.0
8008,1670989080000.0,0.0,0.0,0.0,132.8,0.0,0.0,151.5,0.9999253857184062,1.0,1239.5598916600027,1000.0,1239.5598916600027,1000.0,0.0,0.0
8009,1670992680000.0,0.0,0.0,0.0,132.8,0.0,0.0,151.1,0.9999253857184062,1.0,1239.5598916600027,1000.0,1239.5598916600027,1000.0,0.0,0.0
8010,1670996280000.0,0.0,0.0,0.0,132.8,0.0,0.0,151.0,0.9999253857184062,1.0,1239.5598916600027,1000.0,1239.5598916600027,1000.0,0.0,0.0
8011,1670999880000.0,0.0,0.0,0.0,132.8,0.0,0.0,151.15,0.9999253857184062,1.0,1239.5598916600027,1000.0,1239.5598916600027,1000.0,0.0,0.0
8012,1671003480000.0,0.0,0.0,0.0,132.8,0.0,0.0,150.8,0.9999253857184062,1.0,1239.5598916600027,1000.0,1239.5598916600027,1000.0,0.0,0.0
8013,1671007080000.0,0.0,0.0,0.0,132.8,0.0,0.0,150.75,0.9999253857184062,1.0,1239.5598916600027,1000.0,1239.5598916600027,1000.0,0.0,0.0
8014,1671010680000.0,0.0,0.0,0.0,132.8,0.0,0.0,148.55,0.9999253857184062,1.0,1239.5598916600027,1000.0,1239.5598916600027,1000.0,0.0,0.0
8015,1671014280000.0,0.0,0.0,0.0,132.8,0.0,0.0,149.95,0.9999253857184062,1.0,1239.5598916600027,1000.0,1239.5598916600027,1000.0,0.0,0.0
8016,1671017880000.0,0.0,0.0,0.0,132.8,0.0,0.0,149.3,0.9999253857184062,1.0,1239.5598916600027,1000.0,1239.5598916600027,1000.0,0.0,0.0
8017,1671021480000.0,0.0,0.0,0.0,132.8,0.0,0.0,148.55,0.9999253857184062,1.0,1239.5598916600027,1000.0,1239.5598916600027,1000.0,0.0,0.0
8018,1671025080000.0,0.0,0.0,0.0,132.8,0.0,0.0,148.65,0.9999253857184062,1.0,1239.5598916600027,1000.0,1239.5598916600027,1000.0,0.0,0.0
8019,1671028680000.0,0.0,0.0,0.0,132.8,0.0,0.0,147.7,0.9999253857184062,1.0,1239.5598916600027,1000.0,1239.5598916600027,1000.0,0.0,0.0
8020,1671032280000.0,0.0,0.0,0.0,132.8,0.0,0.0,147.55,0.9999253857184062,1.0,1239.5598916600027,1000.0,1239.5598916600027,1000.0,0.0,0.0
8021,1671035880000.0,0.0,0.0,0.0,132.8,0.0,0.0,147.5,0.9999253857184062,1.0,1239.5598916600027,1000.0,1239.5598916600027,1000.0,0.0,0.0
8022,1671039480000.0,0.0,0.0,0.0,132.8,0.0,0.0,147.65,0.9999253857184062,1.0,1239.5598916600027,1000.0,1239.5598916600027,1000.0,0.0,0.0
8023,1671043080000.0,0.0,0.0,0.0,132.8,0.0,0.0,148.65,0.9999253857184062,1.0,1239.5598916600027,1000.0,1239.5598916600027,1000.0,0.0,0.0
8024,1671046680000.0,0.0,0.0,0.0,132.8,0.0,0.0,147.15,0.9999253857184062,1.0,1239.5598916600027,1000.0,1239.5598916600027,1000.0,0.0,0.0
8025,1671050280000.0,0.0,0.0,0.0,132.8,0.0,0.0,148.2,0.9999253857184062,1.0,1239.5598916600027,1000.0,1239.5598916600027,1000.0,0.0,0.0
8026,1671053880000.0,0.0,0.0,0.0,132.8,0.0,0.0,149.5,0.9999253857184062,1.0,1239.5598916600027,1000.0,1239.5598916600027,1000.0,0.0,0.0
8027,1671057480000.0,0.0,0.0,0.0,132.8,0.0,0.0,149.0,0.9999253857184062,1.0,1239.5598916600027,1000.0,1239.5598916600027,1000.0,0.0,0.0
8028,1671061080000.0,0.0,0.0,0.0,132.8,0.0,0.0,148.4,0.9999253857184062,1.0,1239.5598916600027,1000.0,1239.5598916600027,1000.0,0.0,0.0
8029,1671064680000.0,0.0,0.0,0.0,132.8,0.0,0.0,148.6,0.9999253857184062,1.0,1239.5598916600027,1000.0,1239.5598916600027,1000.0,0.0,0.0
8030,1671068280000.0,0.0,0.0,0.0,132.8,0.0,0.0,147.2,0.9999253857184062,1.0,1239.5598916600027,1000.0,1239.5598916600027,1000.0,0.0,0.0
8031,1671071880000.0,0.0,0.0,0.0,132.8,0.0,0.0,147.5,0.9999253857184062,1.0,1239.5598916600027,1000.0,1239.5598916600027,1000.0,0.0,0.0
8032,1671075480000.0,0.0,0.0,0.0,132.8,0.0,0.0,148.0,0.9999253857184062,1.0,1239.5598916600027,1000.0,1239.5598916600027,1000.0,0.0,0.0
8033,1671079080000.0,0.0,0.0,0.0,132.8,0.0,0.0,147.5,0.9999253857184062,1.0,1239.5598916600027,1000.0,1239.5598916600027,1000.0,0.0,0.0
8034,1671082680000.0,0.0,0.0,0.0,132.8,0.0,0.0,147.4,0.9999253857184062,1.0,1239.5598916600027,1000.0,1239.5598916600027,1000.0,0.0,0.0
8035,1671086280000.0,0.0,0.0,0.0,132.8,0.0,0.0,147.55,0.9999253857184062,1.0,1239.5598916600027,1000.0,1239.5598916600027,1000.0,0.0,0.0
8036,1671089880000.0,0.0,0.0,0.0,132.8,0.0,0.0,147.45,0.9999253857184062,1.0,1239.5598916600027,1000.0,1239.5598916600027,1000.0,0.0,0.0
8037,1671093480000.0,0.0,0.0,0.0,132.8,0.0,0.0,147.85,0.9999253857184062,1.0,1239.5598916600027,1000.0,1239.5598916600027,1000.0,0.0,0.0
8038,1671097080000.0,0.0,0.0,0.0,132.8,0.0,0.0,148.5,0.9999253857184062,1.0,1239.5598916600027,1000.0,1239.5598916600027,1000.0,0.0,0.0
8039,1671100680000.0,0.0,0.0,0.0,132.8,0.0,0.0,148.55,0.9999253857184062,1.0,1239.5598916600027,1000.0,1239.5598916600027,1000.0,0.0,0.0
8040,1671104280000.0,0.0,0.0,0.0,132.8,0.0,0.0,148.9,0.9999253857184062,1.0,1239.5598916600027,1000.0,1239.5598916600027,1000.0,0.0,0.0
8041,1671107880000.0,0.0,0.0,0.0,132.8,0.0,0.0,149.55,0.9999253857184062,1.0,1239.5598916600027,1000.0,1239.5598916600027,1000.0,0.0,0.0
8042,1671111480000.0,0.0,0.0,0.0,132.8,0.0,0.0,148.8,0.9999253857184062,1.0,1239.5598916600027,1000.0,1239.5598916600027,1000.0,0.0,0.0
8043,1671115080000.0,0.0,0.0,0.0,132.8,0.0,0.0,148.1,0.9999253857184062,1.0,1239.5598916600027,1000.0,1239.5598916600027,1000.0,0.0,0.0
8044,1671118680000.0,0.0,0.0,0.0,132.8,0.0,0.0,147.55,0.9999253857184062,1.0,1239.5598916600027,1000.0,1239.5598916600027,1000.0,0.0,0.0
8045,1671122280000.0,0.0,0.0,0.0,132.8,0.0,0.0,147.25,0.9999253857184062,1.0,1239.5598916600027,1000.0,1239.5598916600027,1000.0,0.0,0.0
8046,1671125880000.0,0.0,0.0,0.0,132.8,0.0,0.0,147.2,0.9999253857184062,1.0,1239.5598916600027,1000.0,1239.5598916600027,1000.0,0.0,0.0
8047,1671129480000.0,0.0,0.0,0.0,132.8,0.0,0.0,147.1,0.9999253857184062,1.0,1239.5598916600027,1000.0,1239.5598916600027,1000.0,0.0,0.0
8048,1671133080000.0,0.0,0.0,0.0,132.8,0.0,0.0,147.8,0.9999253857184062,1.0,1239.5598916600027,1000.0,1239.5598916600027,1000.0,0.0,0.0
8049,1671136680000.0,0.0,0.0,0.0,132.8,0.0,0.0,148.35,0.9999253857184062,1.0,1239.5598916600027,1000.0,1239.5598916600027,1000.0,0.0,0.0
8050,1671140280000.0,0.0,0.0,0.0,132.8,0.0,0.0,148.85,0.9999253857184062,1.0,1239.5598916600027,1000.0,1239.5598916600027,1000.0,0.0,0.0
8051,1671143880000.0,0.0,0.0,0.0,132.8,0.0,0.0,148.75,0.9999253857184062,1.0,1239.5598916600027,1000.0,1239.5598916600027,1000.0,0.0,0.0
8052,1671147480000.0,0.0,0.0,0.0,132.8,0.0,0.0,148.75,0.9999253857184062,1.0,1239.5598916600027,1000.0,1239.5598916600027,1000.0,0.0,0.0
8053,1671151080000.0,0.0,0.0,0.0,132.8,0.0,0.0,149.0,0.9999253857184062,1.0,1239.5598916600027,1000.0,1239.5598916600027,1000.0,0.0,0.0
8054,1671154680000.0,0.0,0.0,0.0,132.8,0.0,0.0,149.0,0.9999253857184062,1.0,1239.5598916600027,1000.0,1239.5598916600027,1000.0,0.0,0.0
8055,1671158280000.0,0.0,0.0,0.0,132.8,0.0,0.0,148.85,0.9999253857184062,1.0,1239.5598916600027,1000.0,1239.5598916600027,1000.0,0.0,0.0
8056,1671161880000.0,0.0,0.0,0.0,132.8,0.0,0.0,148.7,0.9999253857184062,1.0,1239.5598916600027,1000.0,1239.5598916600027,1000.0,0.0,0.0
8057,1671165480000.0,0.0,0.0,0.0,132.8,0.0,0.0,148.25,0.9999253857184062,1.0,1239.5598916600027,1000.0,1239.5598916600027,1000.0,0.0,0.0
8058,1671169080000.0,0.0,0.0,0.0,132.8,0.0,0.0,147.9,0.9999253857184062,1.0,1239.5598916600027,1000.0,1239.5598916600027,1000.0,0.0,0.0
8059,1671172680000.0,0.0,0.0,0.0,132.8,0.0,0.0,148.55,0.9999253857184062,1.0,1239.5598916600027,1000.0,1239.5598916600027,1000.0,0.0,0.0
8060,1671176280000.0,0.0,0.0,0.0,132.8,0.0,0.0,149.15,0.9999253857184062,1.0,1239.5598916600027,1000.0,1239.5598916600027,1000.0,0.0,0.0
8061,1671179880000.0,0.0,0.0,0.0,132.8,0.0,0.0,149.2,0.9999253857184062,1.0,1239.5598916600027,1000.0,1239.5598916600027,1000.0,0.0,0.0
8062,1671183480000.0,0.0,0.0,0.0,132.8,0.0,0.0,147.05,0.9999253857184062,1.0,1239.5598916600027,1000.0,1239.5598916600027,1000.0,0.0,0.0
8063,1671187080000.0,0.0,0.0,0.0,132.8,0.0,0.0,145.05,0.9999253857184062,1.0,1239.5598916600027,1000.0,1239.5598916600027,1000.0,0.0,0.0
8064,1671190680000.0,0.0,0.0,0.0,132.8,0.0,0.0,145.75,0.9999253857184062,1.0,1239.5598916600027,1000.0,1239.5598916600027,1000.0,0.0,0.0
8065,1671194280000.0,0.0,0.0,0.0,132.8,0.0,0.0,146.0,0.9999253857184062,1.0,1239.5598916600027,1000.0,1239.5598916600027,1000.0,0.0,0.0
8066,1671197880000.0,0.0,0.0,0.0,132.8,0.0,0.0,145.75,0.9999253857184062,1.0,1239.5598916600027,1000.0,1239.5598916600027,1000.0,0.0,0.0
8067,1671201480000.0,0.0,0.0,0.0,132.8,0.0,0.0,146.15,0.9999253857184062,1.0,1239.5598916600027,1000.0,1239.5598916600027,1000.0,0.0,0.0
8068,1671205080000.0,0.0,0.0,0.0,132.8,0.0,0.0,145.75,0.9999253857184062,1.0,1239.5598916600027,1000.0,1239.5598916600027,1000.0,0.0,0.0
8069,1671208680000.0,0.0,0.0,0.0,132.8,0.0,0.0,144.9,0.9999253857184062,1.0,1239.5598916600027,1000.0,1239.5598916600027,1000.0,0.0,0.0
8070,1671212280000.0,0.0,0.0,0.0,132.8,0.0,0.0,144.25,0.9999253857184062,1.0,1239.5598916600027,1000.0,1239.5598916600027,1000.0,0.0,0.0
8071,1671215880000.0,0.0,0.0,0.0,132.8,0.0,0.0,144.45,0.9999253857184062,1.0,1239.5598916600027,1000.0,1239.5598916600027,1000.0,0.0,0.0
8072,1671219480000.0,0.0,0.0,0.0,132.8,0.0,0.0,144.85,0.9999253857184062,1.0,1239.5598916600027,1000.0,1239.5598916600027,1000.0,0.0,0.0
8073,1671223080000.0,0.0,0.0,0.0,132.8,0.0,0.0,145.65,0.9999253857184062,1.0,1239.5598916600027,1000.0,1239.5598916600027,1000.0,0.0,0.0
8074,1671226680000.0,0.0,0.0,0.0,132.8,0.0,0.0,145.0,0.9999253857184062,1.0,1239.5598916600027,1000.0,1239.5598916600027,1000.0,0.0,0.0
8075,1671230280000.0,0.0,0.0,0.0,132.8,0.0,0.0,141.9,0.9999253857184062,1.0,1239.5598916600027,1000.0,1239.5598916600027,1000.0,0.0,0.0
8076,1671233880000.0,0.0,0.0,0.35,141.32,0.0,0.0,141.45,0.9999253857184062,1.0,1239.5499992600028,1000.0,1239.5954992600027,1000.0,0.03990319069785668,0.0
8077,1671237480000.0,0.0,0.0,0.35,141.32,0.0,0.0,140.35,0.9999253857184062,1.0,1239.5499992600028,1000.0,1239.2104992600027,1000.0,0.03990319069785668,0.0
8078,1671241080000.0,0.0,0.0,0.35,141.32,0.0,0.0,140.5,0.9999253857184062,1.0,1239.5499992600028,1000.0,1239.2629992600027,1000.0,0.03990319069785668,0.0
8079,1671244680000.0,0.0,0.0,0.35,141.32,0.0,0.0,139.35,0.9999253857184062,1.0,1239.5499992600028,1000.0,1238.8604992600028,1000.0,0.03990319069785668,0.0
8080,1671248280000.0,0.0,0.0,0.35,141.32,0.0,0.0,139.4,0.9999253857184062,1.0,1239.5499992600028,1000.0,1238.8779992600028,1000.0,0.03990319069785668,0.0
8081,1671251880000.0,0.0,0.0,0.35,141.32,0.0,0.0,142.1,0.9999253857184062,1.0,1239.5499992600028,1000.0,1239.8229992600027,1000.0,0.03990319069785668,0.0
8082,1671255480000.0,0.0,0.0,0.35,141.32,0.0,0.0,141.6,0.9999253857184062,1.0,1239.5499992600028,1000.0,1239.6479992600027,1000.0,0.03990319069785668,0.0
8083,1671259080000.0,0.0,0.0,0.35,141.32,0.0,0.0,141.55,0.9999253857184062,1.0,1239.5499992600028,1000.0,1239.6304992600028,1000.0,0.03990319069785668,0.0
8084,1671262680000.0,0.0,0.0,0.35,141.32,0.0,0.0,142.15,0.9999253857184062,1.0,1239.5499992600028,1000.0,1239.8404992600028,1000.0,0.03990319069785668,0.0
8085,1671266280000.0,0.0,0.0,0.35,141.32,0.0,0.0,142.9,0.9999253857184062,1.0,1239.5499992600028,1000.0,1240.102999260003,1000.0,0.03990319069785668,0.0
8086,1671269880000.0,0.0,0.0,0.35,141.32,0.0,0.0,142.0,0.9999253857184062,1.0,1239.5499992600028,1000.0,1239.7879992600028,1000.0,0.03990319069785668,0.0
8087,1671273480000.0,0.0,0.0,0.35,141.32,0.0,0.0,142.5,0.9999253857184062,1.0,1239.5499992600028,1000.0,1239.9629992600028,1000.0,0.03990319069785668,0.0
8088,1671277080000.0,0.0,0.0,0.35,141.32,0.0,0.0,143.15,0.9999253857184062,1.0,1239.5499992600028,1000.0,1240.1904992600028,1000.0,0.03990319069785668,0.0
8089,1671280680000.0,0.0,0.0,0.35,141.32,0.0,0.0,143.65,0.9999253857184062,1.0,1239.5499992600028,1000.0,1240.3654992600027,1000.0,0.03990319069785668,0.0
8090,1671284280000.0,0.0,0.0,0.35,141.32,0.0,0.0,142.5,0.9999253857184062,1.0,1239.5499992600028,1000.0,1239.9629992600028,1000.0,0.03990319069785668,0.0
8091,1671287880000.0,0.0,0.0,0.35,141.32,0.0,0.0,142.15,0.9999253857184062,1.0,1239.5499992600028,1000.0,1239.8404992600028,1000.0,0.03990319069785668,0.0
8092,1671291480000.0,0.0,0.0,0.35,141.32,0.0,0.0,141.9,0.9999253857184062,1.0,1239.5499992600028,1000.0,1239.7529992600028,1000.0,0.03990319069785668,0.0
8093,1671295080000.0,0.0,0.0,0.35,141.32,0.0,0.0,141.35,0.9999253857184062,1.0,1239.5499992600028,1000.0,1239.5604992600029,1000.0,0.03990319069785668,0.0
8094,1671298680000.0,0.0,0.0,0.35,141.32,0.0,0.0,141.1,0.9999253857184062,1.0,1239.5499992600028,1000.0,1239.4729992600028,1000.0,0.03990319069785668,0.0
8095,1671302280000.0,0.0,0.0,0.35,141.32,0.0,0.0,141.75,0.9999253857184062,1.0,1239.5499992600028,1000.0,1239.7004992600027,1000.0,0.03990319069785668,0.0
8096,1671305880000.0,0.0,0.0,0.35,141.32,0.0,0.0,142.05,0.9999253857184062,1.0,1239.5499992600028,1000.0,1239.8054992600028,1000.0,0.03990319069785668,0.0
8097,1671309480000.0,0.0,0.0,0.35,141.32,0.0,0.0,142.1,0.9999253857184062,1.0,1239.5499992600028,1000.0,1239.8229992600027,1000.0,0.03990319069785668,0.0
8098,1671313080000.0,0.0,0.0,0.35,141.32,0.0,0.0,143.15,0.9999253857184062,1.0,1239.5499992600028,1000.0,1240.1904992600028,1000.0,0.03990319069785668,0.0
8099,1671316680000.0,0.0,0.0,0.35,141.32,0.0,0.0,143.05,0.9999253857184062,1.0,1239.5499992600028,1000.0,1240.1554992600027,1000.0,0.03990319069785668,0.0
8100,1671320280000.0,0.0,0.0,0.35,141.32,0.0,0.0,143.05,0.9999253857184062,1.0,1239.5499992600028,1000.0,1240.1554992600027,1000.0,0.03990319069785668,0.0
8101,1671323880000.0,0.0,0.0,0.35,141.32,0.0,0.0,143.1,0.9999253857184062,1.0,1239.5499992600028,1000.0,1240.1729992600028,1000.0,0.03990319069785668,0.0
8102,1671327480000.0,0.0,0.0,0.35,141.32,0.0,0.0,143.0,0.9999253857184062,1.0,1239.5499992600028,1000.0,1240.1379992600027,1000.0,0.03990319069785668,0.0
8103,1671331080000.0,0.0,0.0,0.35,141.32,0.0,0.0,144.0,0.9999253857184062,1.0,1239.5499992600028,1000.0,1240.4879992600029,1000.0,0.03990319069785668,0.0
8104,1671334680000.0,0.0,0.0,0.35,141.32,0.0,0.0,143.85,0.9999253857184062,1.0,1239.5499992600028,1000.0,1240.4354992600029,1000.0,0.03990319069785668,0.0
8105,1671338280000.0,0.0,0.0,0.35,141.32,0.0,0.0,144.45,0.9999253857184062,1.0,1239.5499992600028,1000.0,1240.6454992600027,1000.0,0.03990319069785668,0.0
8106,1671341880000.0,0.0,0.0,0.35,141.32,0.0,0.0,143.6,0.9999253857184062,1.0,1239.5499992600028,1000.0,1240.3479992600028,1000.0,0.03990319069785668,0.0
8107,1671345480000.0,0.0,0.0,0.35,141.32,0.0,0.0,143.55,0.9999253857184062,1.0,1239.5499992600028,1000.0,1240.3304992600029,1000.0,0.03990319069785668,0.0
8108,1671349080000.0,0.0,0.0,0.35,141.32,0.0,0.0,143.7,0.9999253857184062,1.0,1239.5499992600028,1000.0,1240.3829992600029,1000.0,0.03990319069785668,0.0
8109,1671352680000.0,0.0,0.0,0.35,141.32,0.0,0.0,143.95,0.9999253857184062,1.0,1239.5499992600028,1000.0,1240.4704992600027,1000.0,0.03990319069785668,0.0
8110,1671356280000.0,0.0,0.0,0.35,141.32,0.0,0.0,143.35,0.9999253857184062,1.0,1239.5499992600028,1000.0,1240.2604992600027,1000.0,0.03990319069785668,0.0
8111,1671359880000.0,0.0,0.0,0.35,141.32,0.0,0.0,143.85,0.9999253857184062,1.0,1239.5499992600028,1000.0,1240.4354992600029,1000.0,0.03990319069785668,0.0
8112,1671363480000.0,0.0,0.0,0.35,141.32,0.0,0.0,143.85,0.9999253857184062,1.0,1239.5499992600028,1000.0,1240.4354992600029,1000.0,0.03990319069785668,0.0
8113,1671367080000.0,0.0,0.0,0.35,141.32,0.0,0.0,143.7,0.9999253857184062,1.0,1239.5499992600028,1000.0,1240.3829992600029,1000.0,0.03990319069785668,0.0
8114,1671370680000.0,0.0,0.0,0.35,141.32,0.0,0.0,143.35,0.9999253857184062,1.0,1239.5499992600028,1000.0,1240.2604992600027,1000.0,0.03990319069785668,0.0
8115,1671374280000.0,0.0,0.0,0.35,141.32,0.0,0.0,143.1,0.9999253857184062,1.0,1239.5499992600028,1000.0,1240.1729992600028,1000.0,0.03990319069785668,0.0
8116,1671377880000.0,0.0,0.0,0.35,141.32,0.0,0.0,143.35,0.9999253857184062,1.0,1239.5499992600028,1000.0,1240.2604992600027,1000.0,0.03990319069785668,0.0
8117,1671381480000.0,0.0,0.0,0.35,141.32,0.0,0.0,143.65,0.9999253857184062,1.0,1239.5499992600028,1000.0,1240.3654992600027,1000.0,0.03990319069785668,0.0
8118,1671385080000.0,0.0,0.0,0.35,141.32,0.0,0.0,143.9,0.9999253857184062,1.0,1239.5499992600028,1000.0,1240.4529992600028,1000.0,0.03990319069785668,0.0
8119,1671388680000.0,0.0,0.0,0.24,141.32,0.0,0.0,144.7,0.9999253857184062,1.0,1240.013196940003,1000.0,1240.824396940003,1000.0,0.027351966965913698,0.0
8120,1671392280000.0,0.0,0.0,0.24,141.32,0.0,0.0,144.8,0.9999253857184062,1.0,1240.013196940003,1000.0,1240.8483969400029,1000.0,0.027351966965913698,0.0
8121,1671395880000.0,0.0,0.0,0.24,141.32,0.0,0.0,145.1,0.9999253857184062,1.0,1240.013196940003,1000.0,1240.920396940003,1000.0,0.027351966965913698,0.0
8122,1671399480000.0,0.0,0.0,0.24,141.32,0.0,0.0,145.25,0.9999253857184062,1.0,1240.013196940003,1000.0,1240.9563969400028,1000.0,0.027351966965913698,0.0
8123,1671403080000.0,0.0,0.0,0.06,141.32,0.0,0.0,146.0,0.9999253857184062,1.0,1240.7711567800025,1000.0,1241.0519567800025,1000.0,0.0068338145625538756,0.0
8124,1671406680000.0,0.0,0.0,0.03,141.32,0.0,0.0,144.25,0.9999253857184062,1.0,1240.8974834200026,1000.0,1240.9853834200026,1000.0,0.0034165594310944666,0.0
8125,1671410280000.0,0.0,0.0,0.03,141.32,0.0,0.0,144.4,0.9999253857184062,1.0,1240.8974834200026,1000.0,1240.9898834200026,1000.0,0.0034165594310944666,0.0
8126,1671413880000.0,0.0,0.0,0.03,141.32,0.0,0.0,144.45,0.9999253857184062,1.0,1240.8974834200026,1000.0,1240.9913834200026,1000.0,0.0034165594310944666,0.0
8127,1671417480000.0,0.0,0.0,0.03,141.32,0.0,0.0,144.25,0.9999253857184062,1.0,1240.8974834200026,1000.0,1240.9853834200026,1000.0,0.0034165594310944666,0.0
8128,1671421080000.0,0.0,0.0,0.03,141.32,0.0,0.0,143.85,0.9999253857184062,1.0,1240.8974834200026,1000.0,1240.9733834200026,1000.0,0.0034165594310944666,0.0
8129,1671424680000.0,0.0,0.0,0.03,141.32,0.0,0.0,144.8,0.9999253857184062,1.0,1240.8974834200026,1000.0,1241.0018834200025,1000.0,0.0034165594310944666,0.0
8130,1671428280000.0,0.0,0.0,0.03,141.32,0.0,0.0,144.5,0.9999253857184062,1.0,1240.8974834200026,1000.0,1240.9928834200025,1000.0,0.0034165594310944666,0.0
8131,1671431880000.0,0.0,0.0,0.03,141.32,0.0,0.0,144.85,0.9999253857184062,1.0,1240.8974834200026,1000.0,1241.0033834200026,1000.0,0.0034165594310944666,0.0
8132,1671435480000.0,0.0,0.0,0.03,141.32,0.0,0.0,144.9,0.9999253857184062,1.0,1240.8974834200026,1000.0,1241.0048834200027,1000.0,0.0034165594310944666,0.0
8133,1671439080000.0,0.0,0.0,0.03,141.32,0.0,0.0,144.75,0.9999253857184062,1.0,1240.8974834200026,1000.0,1241.0003834200027,1000.0,0.0034165594310944666,0.0
8134,1671442680000.0,0.0,0.0,0.03,141.32,0.0,0.0,144.75,0.9999253857184062,1.0,1240.8974834200026,1000.0,1241.0003834200027,1000.0,0.0034165594310944666,0.0
8135,1671446280000.0,0.0,0.0,0.03,141.32,0.0,0.0,144.9,0.9999253857184062,1.0,1240.8974834200026,1000.0,1241.0048834200027,1000.0,0.0034165594310944666,0.0
8136,1671449880000.0,0.0,0.0,0.03,141.32,0.0,0.0,145.45,0.9999253857184062,1.0,1240.8974834200026,1000.0,1241.0213834200026,1000.0,0.0034165594310944666,0.0
8137,1671453480000.0,0.0,0.0,0.02,141.32,0.0,0.0,145.15,0.9999253857184062,1.0,1240.9395923000027,1000.0,1241.0161923000028,1000.0,0.0022776289978478706,0.0
8138,1671457080000.0,0.0,0.0,0.02,141.32,0.0,0.0,145.25,0.9999253857184062,1.0,1240.9395923000027,1000.0,1241.0181923000027,1000.0,0.0022776289978478706,0.0
8139,1671460680000.0,0.0,0.0,0.01,141.32,0.0,0.0,145.45,0.9999253857184062,1.0,1240.9817011800028,1000.0,1241.023001180003,1000.0,0.0011387758567722966,0.0
8140,1671464280000.0,0.0,0.0,0.0,141.32,0.0,0.0,145.45,0.9999253857184062,1.0,1241.023810060003,1000.0,1241.023810060003,1000.0,0.0,0.0
8141,1671467880000.0,0.0,0.0,0.0,141.32,0.0,0.0,145.05,0.9999253857184062,1.0,1241.023810060003,1000.0,1241.023810060003,1000.0,0.0,0.0
8142,1671471480000.0,0.0,0.0,0.0,141.32,0.0,0.0,144.3,0.9999253857184062,1.0,1241.023810060003,1000.0,1241.023810060003,1000.0,0.0,0.0
8143,1671475080000.0,0.0,0.0,0.0,141.32,0.0,0.0,145.05,0.9999253857184062,1.0,1241.023810060003,1000.0,1241.023810060003,1000.0,0.0,0.0
8144,1671478680000.0,0.0,0.0,0.0,141.32,0.0,0.0,144.6,0.9999253857184062,1.0,1241.023810060003,1000.0,1241.023810060003,1000.0,0.0,0.0
8145,1671482280000.0,0.0,0.0,0.0,141.32,0.0,0.0,145.4,0.9999253857184062,1.0,1241.023810060003,1000.0,1241.023810060003,1000.0,0.0,0.0
8146,1671485880000.0,0.0,0.0,0.0,141.32,0.0,0.0,145.0,0.9999253857184062,1.0,1241.023810060003,1000.0,1241.023810060003,1000.0,0.0,0.0
8147,1671489480000.0,0.0,0.0,0.0,141.32,0.0,0.0,143.6,0.9999253857184062,1.0,1241.023810060003,1000.0,1241.023810060003,1000.0,0.0,0.0
8148,1671493080000.0,0.0,0.0,0.0,141.32,0.0,0.0,143.75,0.9999253857184062,1.0,1241.023810060003,1000.0,1241.023810060003,1000.0,0.0,0.0
8149,1671496680000.0,0.0,0.0,0.0,141.32,0.0,0.0,144.6,0.9999253857184062,1.0,1241.023810060003,1000.0,1241.023810060003,1000.0,0.0,0.0
8150,1671500280000.0,0.0,0.0,0.0,141.32,0.0,0.0,145.4,0.9999253857184062,1.0,1241.023810060003,1000.0,1241.023810060003,1000.0,0.0,0.0
8151,1671503880000.0,0.0,0.0,0.0,141.32,0.0,0.0,145.25,0.9999253857184062,1.0,1241.023810060003,1000.0,1241.023810060003,1000.0,0.0,0.0
8152,1671507480000.0,0.0,0.0,0.0,141.32,0.0,0.0,145.7,0.9999253857184062,1.0,1241.023810060003,1000.0,1241.023810060003,1000.0,0.0,0.0
8153,1671511080000.0,0.0,0.0,0.0,141.32,0.0,0.0,145.9,0.9999253857184062,1.0,1241.023810060003,1000.0,1241.023810060003,1000.0,0.0,0.0
8154,1671514680000.0,0.0,0.0,0.0,141.32,0.0,0.0,146.3,0.9999253857184062,1.0,1241.023810060003,1000.0,1241.023810060003,1000.0,0.0,0.0
8155,1671518280000.0,0.0,0.0,0.0,141.32,0.0,0.0,146.65,0.9999253857184062,1.0,1241.023810060003,1000.0,1241.023810060003,1000.0,0.0,0.0
8156,1671521880000.0,0.0,0.0,0.0,141.32,0.0,0.0,146.6,0.9999253857184062,1.0,1241.023810060003,1000.0,1241.023810060003,1000.0,0.0,0.0
8157,1671525480000.0,0.0,0.0,0.0,141.32,0.0,0.0,146.35,0.9999253857184062,1.0,1241.023810060003,1000.0,1241.023810060003,1000.0,0.0,0.0
8158,1671529080000.0,0.0,0.0,0.0,141.32,0.0,0.0,146.5,0.9999253857184062,1.0,1241.023810060003,1000.0,1241.023810060003,1000.0,0.0,0.0
8159,1671532680000.0,0.0,0.0,0.0,141.32,0.0,0.0,145.8,0.9999253857184062,1.0,1241.023810060003,1000.0,1241.023810060003,1000.0,0.0,0.0
8160,1671536280000.0,0.0,0.0,0.0,141.32,0.0,0.0,145.25,0.9999253857184062,1.0,1241.023810060003,1000.0,1241.023810060003,1000.0,0.0,0.0
8161,1671539880000.0,0.0,0.0,0.0,141.32,0.0,0.0,145.15,0.9999253857184062,1.0,1241.023810060003,1000.0,1241.023810060003,1000.0,0.0,0.0
8162,1671543480000.0,0.0,0.0,0.0,141.32,0.0,0.0,144.3,0.9999253857184062,1.0,1241.023810060003,1000.0,1241.023810060003,1000.0,0.0,0.0
8163,1671547080000.0,0.0,0.0,0.0,141.32,0.0,0.0,146.1,0.9999253857184062,1.0,1241.023810060003,1000.0,1241.023810060003,1000.0,0.0,0.0
8164,1671550680000.0,0.0,0.0,0.0,141.32,0.0,0.0,147.15,0.9999253857184062,1.0,1241.023810060003,1000.0,1241.023810060003,1000.0,0.0,0.0
8165,1671554280000.0,0.0,0.0,0.0,141.32,0.0,0.0,147.2,0.9999253857184062,1.0,1241.023810060003,1000.0,1241.023810060003,1000.0,0.0,0.0
8166,1671557880000.0,0.0,0.0,0.0,141.32,0.0,0.0,146.45,0.9999253857184062,1.0,1241.023810060003,1000.0,1241.023810060003,1000.0,0.0,0.0
8167,1671561480000.0,0.0,0.0,0.0,141.32,0.0,0.0,147.35,0.9999253857184062,1.0,1241.023810060003,1000.0,1241.023810060003,1000.0,0.0,0.0
8168,1671565080000.0,0.0,0.0,0.0,141.32,0.0,0.0,147.0,0.9999253857184062,1.0,1241.023810060003,1000.0,1241.023810060003,1000.0,0.0,0.0
8169,1671568680000.0,0.0,0.0,0.0,141.32,0.0,0.0,146.9,0.9999253857184062,1.0,1241.023810060003,1000.0,1241.023810060003,1000.0,0.0,0.0
8170,1671572280000.0,0.0,0.0,0.0,141.32,0.0,0.0,146.8,0.9999253857184062,1.0,1241.023810060003,1000.0,1241.023810060003,1000.0,0.0,0.0
8171,1671575880000.0,0.0,0.0,0.0,141.32,0.0,0.0,147.15,0.9999253857184062,1.0,1241.023810060003,1000.0,1241.023810060003,1000.0,0.0,0.0
8172,1671579480000.0,0.0,0.0,0.0,141.32,0.0,0.0,147.2,0.9999253857184062,1.0,1241.023810060003,1000.0,1241.023810060003,1000.0,0.0,0.0
8173,1671583080000.0,0.0,0.0,0.0,141.32,0.0,0.0,147.2,0.9999253857184062,1.0,1241.023810060003,1000.0,1241.023810060003,1000.0,0.0,0.0
8174,1671586680000.0,0.0,0.0,0.0,141.32,0.0,0.0,147.6,0.9999253857184062,1.0,1241.023810060003,1000.0,1241.023810060003,1000.0,0.0,0.0
8175,1671590280000.0,0.0,0.0,0.0,141.32,0.0,0.0,147.8,0.9999253857184062,1.0,1241.023810060003,1000.0,1241.023810060003,1000.0,0.0,0.0
8176,1671593880000.0,0.0,0.0,0.0,141.32,0.0,0.0,147.65,0.9999253857184062,1.0,1241.023810060003,1000.0,1241.023810060003,1000.0,0.0,0.0
8177,1671597480000.0,0.0,0.0,0.0,141.32,0.0,0.0,147.55,0.9999253857184062,1.0,1241.023810060003,1000.0,1241.023810060003,1000.0,0.0,0.0
8178,1671601080000.0,0.0,0.0,0.0,141.32,0.0,0.0,147.75,0.9999253857184062,1.0,1241.023810060003,1000.0,1241.023810060003,1000.0,0.0,0.0
8179,1671604680000.0,0.0,0.0,0.0,141.32,0.0,0.0,147.6,0.9999253857184062,1.0,1241.023810060003,1000.0,1241.023810060003,1000.0,0.0,0.0
8180,1671608280000.0,0.0,0.0,0.0,141.32,0.0,0.0,148.05,0.9999253857184062,1.0,1241.023810060003,1000.0,1241.023810060003,1000.0,0.0,0.0
8181,1671611880000.0,0.0,0.0,0.0,141.32,0.0,0.0,147.85,0.9999253857184062,1.0,1241.023810060003,1000.0,1241.023810060003,1000.0,0.0,0.0
8182,1671615480000.0,0.0,0.0,0.0,141.32,0.0,0.0,147.3,0.9999253857184062,1.0,1241.023810060003,1000.0,1241.023810060003,1000.0,0.0,0.0
8183,1671619080000.0,0.0,0.0,0.0,141.32,0.0,0.0,146.85,0.9999253857184062,1.0,1241.023810060003,1000.0,1241.023810060003,1000.0,0.0,0.0
8184,1671622680000.0,0.0,0.0,0.0,141.32,0.0,0.0,146.9,0.9999253857184062,1.0,1241.023810060003,1000.0,1241.023810060003,1000.0,0.0,0.0
8185,1671626280000.0,0.0,0.0,0.0,141.32,0.0,0.0,147.4,0.9999253857184062,1.0,1241.023810060003,1000.0,1241.023810060003,1000.0,0.0,0.0
8186,1671629880000.0,0.0,0.0,0.0,141.32,0.0,0.0,147.6,0.9999253857184062,1.0,1241.023810060003,1000.0,1241.023810060003,1000.0,0.0,0.0
8187,1671633480000.0,0.0,0.0,0.0,141.32,0.0,0.0,148.0,0.9999253857184062,1.0,1241.023810060003,1000.0,1241.023810060003,1000.0,0.0,0.0
8188,1671637080000.0,0.0,0.0,0.0,141.32,0.0,0.0,147.95,0.9999253857184062,1.0,1241.023810060003,1000.0,1241.023810060003,1000.0,0.0,0.0
8189,1671640680000.0,0.0,0.0,0.0,141.32,0.0,0.0,147.65,0.9999253857184062,1.0,1241.023810060003,1000.0,1241.023810060003,1000.0,0.0,0.0
8190,1671644280000.0,0.0,0.0,0.0,141.32,0.0,0.0,148.05,0.9999253857184062,1.0,1241.023810060003,1000.0,1241.023810060003,1000.0,0.0,0.0
8191,1671647880000.0,0.0,0.0,0.0,141.32,0.0,0.0,148.4,0.9999253857184062,1.0,1241.023810060003,1000.0,1241.023810060003,1000.0,0.0,0.0
8192,1671651480000.0,0.0,0.0,0.0,141.32,0.0,0.0,148.5,0.9999253857184062,1.0,1241.023810060003,1000.0,1241.023810060003,1000.0,0.0,0.0
8193,1671655080000.0,0.0,0.0,0.0,141.32,0.0,0.0,147.45,0.9999253857184062,1.0,1241.023810060003,1000.0,1241.023810060003,1000.0,0.0,0.0
8194,1671658680000.0,0.0,0.0,0.0,141.32,0.0,0.0,147.05,0.9999253857184062,1.0,1241.023810060003,1000.0,1241.023810060003,1000.0,0.0,0.0
8195,1671662280000.0,0.0,0.0,0.0,141.32,0.0,0.0,147.4,0.9999253857184062,1.0,1241.023810060003,1000.0,1241.023810060003,1000.0,0.0,0.0
8196,1671665880000.0,0.0,0.0,0.0,141.32,0.0,0.0,146.9,0.9999253857184062,1.0,1241.023810060003,1000.0,1241.023810060003,1000.0,0.0,0.0
8197,1671669480000.0,0.0,0.0,0.0,141.32,0.0,0.0,147.25,0.9999253857184062,1.0,1241.023810060003,1000.0,1241.023810060003,1000.0,0.0,0.0
8198,1671673080000.0,0.0,0.0,0.0,141.32,0.0,0.0,147.3,0.9999253857184062,1.0,1241.023810060003,1000.0,1241.023810060003,1000.0,0.0,0.0
8199,1671676680000.0,0.0,0.0,0.0,141.32,0.0,0.0,147.45,0.9999253857184062,1.0,1241.023810060003,1000.0,1241.023810060003,1000.0,0.0,0.0
8200,1671680280000.0,0.0,0.0,0.0,141.32,0.0,0.0,147.15,0.9999253857184062,1.0,1241.023810060003,1000.0,1241.023810060003,1000.0,0.0,0.0
8201,1671683880000.0,0.0,0.0,0.0,141.32,0.0,0.0,146.55,0.9999253857184062,1.0,1241.023810060003,1000.0,1241.023810060003,1000.0,0.0,0.0
8202,1671687480000.0,0.0,0.0,0.0,141.32,0.0,0.0,146.9,0.9999253857184062,1.0,1241.023810060003,1000.0,1241.023810060003,1000.0,0.0,0.0
8203,1671691080000.0,0.0,0.0,0.0,141.32,0.0,0.0,146.95,0.9999253857184062,1.0,1241.023810060003,1000.0,1241.023810060003,1000.0,0.0,0.0
8204,1671694680000.0,0.0,0.0,0.0,141.32,0.0,0.0,147.5,0.9999253857184062,1.0,1241.023810060003,1000.0,1241.023810060003,1000.0,0.0,0.0
8205,1671698280000.0,0.0,0.0,0.0,141.32,0.0,0.0,147.4,0.9999253857184062,1.0,1241.023810060003,1000.0,1241.023810060003,1000.0,0.0,0.0
8206,1671701880000.0,0.0,0.0,0.0,141.32,0.0,0.0,147.45,0.9999253857184062,1.0,1241.023810060003,1000.0,1241.023810060003,1000.0,0.0,0.0
8207,1671705480000.0,0.0,0.0,0.0,141.32,0.0,0.0,147.4,0.9999253857184062,1.0,1241.023810060003,1000.0,1241.023810060003,1000.0,0.0,0.0
8208,1671709080000.0,0.0,0.0,0.0,141.32,0.0,0.0,147.6,0.9999253857184062,1.0,1241.023810060003,1000.0,1241.023810060003,1000.0,0.0,0.0
8209,1671712680000.0,0.0,0.0,0.0,141.32,0.0,0.0,146.75,0.9999253857184062,1.0,1241.023810060003,1000.0,1241.023810060003,1000.0,0.0,0.0
8210,1671716280000.0,0.0,0.0,0.0,141.32,0.0,0.0,146.5,0.9999253857184062,1.0,1241.023810060003,1000.0,1241.023810060003,1000.0,0.0,0.0
8211,1671719880000.0,0.0,0.0,0.0,141.32,0.0,0.0,145.85,0.9999253857184062,1.0,1241.023810060003,1000.0,1241.023810060003,1000.0,0.0,0.0
8212,1671723480000.0,0.0,0.0,0.0,141.32,0.0,0.0,145.2,0.9999253857184062,1.0,1241.023810060003,1000.0,1241.023810060003,1000.0,0.0,0.0
8213,1671727080000.0,0.0,0.0,0.0,141.32,0.0,0.0,145.7,0.9999253857184062,1.0,1241.023810060003,1000.0,1241.023810060003,1000.0,0.0,0.0
8214,1671730680000.0,0.0,0.0,0.0,141.32,0.0,0.0,144.65,0.9999253857184062,1.0,1241.023810060003,1000.0,1241.023810060003,1000.0,0.0,0.0
8215,1671734280000.0,0.0,0.0,0.0,141.32,0.0,0.0,144.15,0.9999253857184062,1.0,1241.023810060003,1000.0,1241.023810060003,1000.0,0.0,0.0
8216,1671737880000.0,0.0,0.0,0.0,141.32,0.0,0.0,145.2,0.9999253857184062,1.0,1241.023810060003,1000.0,1241.023810060003,1000.0,0.0,0.0
8217,1671741480000.0,0.0,0.0,0.0,141.32,0.0,0.0,146.65,0.9999253857184062,1.0,1241.023810060003,1000.0,1241.023810060003,1000.0,0.0,0.0
8218,1671745080000.0,0.0,0.0,0.0,141.32,0.0,0.0,146.4,0.9999253857184062,1.0,1241.023810060003,1000.0,1241.023810060003,1000.0,0.0,0.0
8219,1671748680000.0,0.0,0.0,0.0,141.32,0.0,0.0,146.2,0.9999253857184062,1.0,1241.023810060003,1000.0,1241.023810060003,1000.0,0.0,0.0
8220,1671752280000.0,0.0,0.0,0.0,141.32,0.0,0.0,145.75,0.9999253857184062,1.0,1241.023810060003,1000.0,1241.023810060003,1000.0,0.0,0.0
8221,1671755880000.0,0.0,0.0,0.0,141.32,0.0,0.0,145.05,0.9999253857184062,1.0,1241.023810060003,1000.0,1241.023810060003,1000.0,0.0,0.0
8222,1671759480000.0,0.0,0.0,0.0,141.32,0.0,0.0,145.35,0.9999253857184062,1.0,1241.023810060003,1000.0,1241.023810060003,1000.0,0.0,0.0
8223,1671763080000.0,0.0,0.0,0.0,141.32,0.0,0.0,145.85,0.9999253857184062,1.0,1241.023810060003,1000.0,1241.023810060003,1000.0,0.0,0.0
8224,1671766680000.0,0.0,0.0,0.0,141.32,0.0,0.0,146.05,0.9999253857184062,1.0,1241.023810060003,1000.0,1241.023810060003,1000.0,0.0,0.0
8225,1671770280000.0,0.0,0.0,0.0,141.32,0.0,0.0,145.65,0.9999253857184062,1.0,1241.023810060003,1000.0,1241.023810060003,1000.0,0.0,0.0
8226,1671773880000.0,0.0,0.0,0.0,141.32,0.0,0.0,145.25,0.9999253857184062,1.0,1241.023810060003,1000.0,1241.023810060003,1000.0,0.0,0.0
8227,1671777480000.0,0.0,0.0,0.0,141.32,0.0,0.0,144.55,0.9999253857184062,1.0,1241.023810060003,1000.0,1241.023810060003,1000.0,0.0,0.0
8228,1671781080000.0,0.0,0.0,0.0,141.32,0.0,0.0,143.25,0.9999253857184062,1.0,1241.023810060003,1000.0,1241.023810060003,1000.0,0.0,0.0
8229,1671784680000.0,0.0,0.0,0.0,141.32,0.0,0.0,142.9,0.9999253857184062,1.0,1241.023810060003,1000.0,1241.023810060003,1000.0,0.0,0.0
8230,1671788280000.0,0.0,0.0,0.0,141.32,0.0,0.0,142.35,0.9999253857184062,1.0,1241.023810060003,1000.0,1241.023810060003,1000.0,0.0,0.0
8231,1671791880000.0,0.0,0.0,0.35,140.28,0.0,0.0,140.3,0.9999253857184062,1.0,1241.013990460003,1000.0,1241.020990460003,1000.0,0.03956280942634739,0.0
8232,1671795480000.0,0.0,0.0,0.35,140.28,0.0,0.0,140.55,0.9999253857184062,1.0,1241.013990460003,1000.0,1241.108490460003,1000.0,0.03956280942634739,0.0
8233,1671799080000.0,0.0,0.0,0.35,140.28,0.0,0.0,141.1,0.9999253857184062,1.0,1241.013990460003,1000.0,1241.300990460003,1000.0,0.03956280942634739,0.0
8234,1671802680000.0,0.0,0.0,0.35,140.28,0.0,0.0,141.1,0.9999253857184062,1.0,1241.013990460003,1000.0,1241.300990460003,1000.0,0.03956280942634739,0.0
8235,1671806280000.0,0.0,0.0,0.35,140.28,0.0,0.0,141.85,0.9999253857184062,1.0,1241.013990460003,1000.0,1241.563490460003,1000.0,0.03956280942634739,0.0
8236,1671809880000.0,0.0,0.0,0.35,140.28,0.0,0.0,142.25,0.9999253857184062,1.0,1241.013990460003,1000.0,1241.703490460003,1000.0,0.03956280942634739,0.0
8237,1671813480000.0,0.0,0.0,0.35,140.28,0.0,0.0,142.35,0.9999253857184062,1.0,1241.013990460003,1000.0,1241.738490460003,1000.0,0.03956280942634739,0.0
8238,1671817080000.0,0.0,0.0,0.35,140.28,0.0,0.0,142.5,0.9999253857184062,1.0,1241.013990460003,1000.0,1241.790990460003,1000.0,0.03956280942634739,0.0
8239,1671820680000.0,0.0,0.0,0.35,140.28,0.0,0.0,142.25,0.9999253857184062,1.0,1241.013990460003,1000.0,1241.703490460003,1000.0,0.03956280942634739,0.0
8240,1671824280000.0,0.0,0.0,0.35,140.28,0.0,0.0,142.8,0.9999253857184062,1.0,1241.013990460003,1000.0,1241.895990460003,1000.0,0.03956280942634739,0.0
8241,1671827880000.0,0.0,0.0,0.35,140.28,0.0,0.0,142.4,0.9999253857184062,1.0,1241.013990460003,1000.0,1241.755990460003,1000.0,0.03956280942634739,0.0
8242,1671831480000.0,0.0,0.0,0.35,140.28,0.0,0.0,143.35,0.9999253857184062,1.0,1241.013990460003,1000.0,1242.088490460003,1000.0,0.03956280942634739,0.0
8243,1671835080000.0,0.0,0.0,0.35,140.28,0.0,0.0,142.85,0.9999253857184062,1.0,1241.013990460003,1000.0,1241.913490460003,1000.0,0.03956280942634739,0.0
8244,1671838680000.0,0.0,0.0,0.35,140.28,0.0,0.0,143.05,0.9999253857184062,1.0,1241.013990460003,1000.0,1241.983490460003,1000.0,0.03956280942634739,0.0
8245,1671842280000.0,0.0,0.0,0.35,140.28,0.0,0.0,142.4,0.9999253857184062,1.0,1241.013990460003,1000.0,1241.755990460003,1000.0,0.03956280942634739,0.0
8246,1671845880000.0,0.0,0.0,0.35,140.28,0.0,0.0,142.45,0.9999253857184062,1.0,1241.013990460003,1000.0,1241.773490460003,1000.0,0.03956280942634739,0.0
8247,1671849480000.0,0.0,0.0,0.35,140.28,0.0,0.0,141.8,0.9999253857184062,1.0,1241.013990460003,1000.0,1241.545990460003,1000.0,0.03956280942634739,0.0
8248,1671853080000.0,0.0,0.0,0.35,140.28,0.0,0.0,142.15,0.9999253857184062,1.0,1241.013990460003,1000.0,1241.668490460003,1000.0,0.03956280942634739,0.0
8249,1671856680000.0,0.0,0.0,0.35,140.28,0.0,0.0,142.45,0.9999253857184062,1.0,1241.013990460003,1000.0,1241.773490460003,1000.0,0.03956280942634739,0.0
8250,1671860280000.0,0.0,0.0,0.35,140.28,0.0,0.0,142.0,0.9999253857184062,1.0,1241.013990460003,1000.0,1241.615990460003,1000.0,0.03956280942634739,0.0
8251,1671863880000.0,0.0,0.0,0.35,140.28,0.0,0.0,141.95,0.9999253857184062,1.0,1241.013990460003,1000.0,1241.598490460003,1000.0,0.03956280942634739,0.0
8252,1671867480000.0,0.0,0.0,0.35,140.28,0.0,0.0,142.2,0.9999253857184062,1.0,1241.013990460003,1000.0,1241.685990460003,1000.0,0.03956280942634739,0.0
8253,1671871080000.0,0.0,0.0,0.35,140.28,0.0,0.0,142.7,0.9999253857184062,1.0,1241.013990460003,1000.0,1241.860990460003,1000.0,0.03956280942634739,0.0
8254,1671874680000.0,0.0,0.0,0.35,140.28,0.0,0.0,142.5,0.9999253857184062,1.0,1241.013990460003,1000.0,1241.790990460003,1000.0,0.03956280942634739,0.0
8255,1671878280000.0,0.0,0.0,0.35,140.28,0.0,0.0,142.25,0.9999253857184062,1.0,1241.013990460003,1000.0,1241.703490460003,1000.0,0.03956280942634739,0.0
8256,1671881880000.0,0.0,0.0,0.35,140.28,0.0,0.0,141.95,0.9999253857184062,1.0,1241.013990460003,1000.0,1241.598490460003,1000.0,0.03956280942634739,0.0
8257,1671885480000.0,0.0,0.0,0.35,140.28,0.0,0.0,142.3,0.9999253857184062,1.0,1241.013990460003,1000.0,1241.7209904600031,1000.0,0.03956280942634739,0.0
8258,1671889080000.0,0.0,0.0,0.35,140.28,0.0,0.0,142.75,0.9999253857184062,1.0,1241.013990460003,1000.0,1241.878490460003,1000.0,0.03956280942634739,0.0
8259,1671892680000.0,0.0,0.0,0.35,140.28,0.0,0.0,142.35,0.9999253857184062,1.0,1241.013990460003,1000.0,1241.738490460003,1000.0,0.03956280942634739,0.0
8260,1671896280000.0,0.0,0.0,0.35,140.28,0.0,0.0,142.55,0.9999253857184062,1.0,1241.013990460003,1000.0,1241.808490460003,1000.0,0.03956280942634739,0.0
8261,1671899880000.0,0.0,0.0,0.35,140.28,0.0,0.0,142.8,0.9999253857184062,1.0,1241.013990460003,1000.0,1241.895990460003,1000.0,0.03956280942634739,0.0
8262,1671903480000.0,0.0,0.0,0.35,140.28,0.0,0.0,142.75,0.9999253857184062,1.0,1241.013990460003,1000.0,1241.878490460003,1000.0,0.03956280942634739,0.0
8263,1671907080000.0,0.0,0.0,0.35,140.28,0.0,0.0,142.75,0.9999253857184062,1.0,1241.013990460003,1000.0,1241.878490460003,1000.0,0.03956280942634739,0.0
8264,1671910680000.0,0.0,0.0,0.35,140.28,0.0,0.0,143.05,0.9999253857184062,1.0,1241.013990460003,1000.0,1241.983490460003,1000.0,0.03956280942634739,0.0
8265,1671914280000.0,0.0,0.0,0.35,140.28,0.0,0.0,143.5,0.9999253857184062,1.0,1241.013990460003,1000.0,1242.140990460003,1000.0,0.03956280942634739,0.0
8266,1671917880000.0,0.0,0.0,0.35,140.28,0.0,0.0,143.45,0.9999253857184062,1.0,1241.013990460003,1000.0,1242.123490460003,1000.0,0.03956280942634739,0.0
8267,1671921480000.0,0.0,0.0,0.35,140.28,0.0,0.0,143.25,0.9999253857184062,1.0,1241.013990460003,1000.0,1242.053490460003,1000.0,0.03956280942634739,0.0
8268,1671925080000.0,0.0,0.0,0.35,140.28,0.0,0.0,143.55,0.9999253857184062,1.0,1241.013990460003,1000.0,1242.1584904600031,1000.0,0.03956280942634739,0.0
8269,1671928680000.0,0.0,0.0,0.35,140.28,0.0,0.0,143.5,0.9999253857184062,1.0,1241.013990460003,1000.0,1242.140990460003,1000.0,0.03956280942634739,0.0
8270,1671932280000.0,0.0,0.0,0.35,140.28,0.0,0.0,143.65,0.9999253857184062,1.0,1241.013990460003,1000.0,1242.193490460003,1000.0,0.03956280942634739,0.0
8271,1671935880000.0,0.0,0.0,0.35,140.28,0.0,0.0,143.4,0.9999253857184062,1.0,1241.013990460003,1000.0,1242.105990460003,1000.0,0.03956280942634739,0.0
8272,1671939480000.0,0.0,0.0,0.35,140.28,0.0,0.0,143.3,0.9999253857184062,1.0,1241.013990460003,1000.0,1242.070990460003,1000.0,0.03956280942634739,0.0
8273,1671943080000.0,0.0,0.0,0.35,140.28,0.0,0.0,143.55,0.9999253857184062,1.0,1241.013990460003,1000.0,1242.1584904600031,1000.0,0.03956280942634739,0.0
8274,1671946680000.0,0.0,0.0,0.35,140.28,0.0,0.0,143.7,0.9999253857184062,1.0,1241.013990460003,1000.0,1242.210990460003,1000.0,0.03956280942634739,0.0
8275,1671950280000.0,0.0,0.0,0.35,140.28,0.0,0.0,143.75,0.9999253857184062,1.0,1241.013990460003,1000.0,1242.228490460003,1000.0,0.03956280942634739,0.0
8276,1671953880000.0,0.0,0.0,0.35,140.28,0.0,0.0,143.5,0.9999253857184062,1.0,1241.013990460003,1000.0,1242.140990460003,1000.0,0.03956280942634739,0.0
8277,1671957480000.0,0.0,0.0,0.35,140.28,0.0,0.0,144.15,0.9999253857184062,1.0,1241.013990460003,1000.0,1242.368490460003,1000.0,0.03956280942634739,0.0
8278,1671961080000.0,0.0,0.0,0.35,140.28,0.0,0.0,144.05,0.9999253857184062,1.0,1241.013990460003,1000.0,1242.333490460003,1000.0,0.03956280942634739,0.0
8279,1671964680000.0,0.0,0.0,0.24,140.28,0.0,0.0,144.35,0.9999253857184062,1.0,1241.4739116800029,1000.0,1242.4507116800028,1000.0,0.027118733372689604,0.0
8280,1671968280000.0,0.0,0.0,0.06,140.28,0.0,0.0,144.5,0.9999253857184062,1.0,1242.2265100400027,1000.0,1242.4797100400028,1000.0,0.006775575896966616,0.0
8281,1671971880000.0,0.0,0.0,0.06,140.28,0.0,0.0,144.1,0.9999253857184062,1.0,1242.2265100400027,1000.0,1242.4557100400027,1000.0,0.006775575896966616,0.0
8282,1671975480000.0,0.0,0.0,0.06,140.28,0.0,0.0,144.25,0.9999253857184062,1.0,1242.2265100400027,1000.0,1242.4647100400027,1000.0,0.006775575896966616,0.0
8283,1671979080000.0,0.0,0.0,0.06,140.28,0.0,0.0,143.65,0.9999253857184062,1.0,1242.2265100400027,1000.0,1242.4287100400027,1000.0,0.006775575896966616,0.0
8284,1671982680000.0,0.0,0.0,0.0,140.28,0.0,0.0,144.45,0.9999253857184062,1.0,1242.477376160002,1000.0,1242.477376160002,1000.0,0.0,0.0
8285,1671986280000.0,0.0,0.0,0.0,140.28,0.0,0.0,144.0,0.9999253857184062,1.0,1242.477376160002,1000.0,1242.477376160002,1000.0,0.0,0.0
8286,1671989880000.0,0.0,0.0,0.0,140.28,0.0,0.0,144.2,0.9999253857184062,1.0,1242.477376160002,1000.0,1242.477376160002,1000.0,0.0,0.0
8287,1671993480000.0,0.0,0.0,0.0,140.28,0.0,0.0,143.75,0.9999253857184062,1.0,1242.477376160002,1000.0,1242.477376160002,1000.0,0.0,0.0
8288,1671997080000.0,0.0,0.0,0.0,140.28,0.0,0.0,144.15,0.9999253857184062,1.0,1242.477376160002,1000.0,1242.477376160002,1000.0,0.0,0.0
8289,1672000680000.0,0.0,0.0,0.0,140.28,0.0,0.0,144.2,0.9999253857184062,1.0,1242.477376160002,1000.0,1242.477376160002,1000.0,0.0,0.0
8290,1672004280000.0,0.0,0.0,0.0,140.28,0.0,0.0,144.8,0.9999253857184062,1.0,1242.477376160002,1000.0,1242.477376160002,1000.0,0.0,0.0
8291,1672007880000.0,0.0,0.0,0.0,140.28,0.0,0.0,145.2,0.9999253857184062,1.0,1242.477376160002,1000.0,1242.477376160002,1000.0,0.0,0.0
8292,1672011480000.0,0.0,0.0,0.0,140.28,0.0,0.0,145.25,0.9999253857184062,1.0,1242.477376160002,1000.0,1242.477376160002,1000.0,0.0,0.0
8293,1672015080000.0,0.0,0.0,0.0,140.28,0.0,0.0,145.55,0.9999253857184062,1.0,1242.477376160002,1000.0,1242.477376160002,1000.0,0.0,0.0
8294,1672018680000.0,0.0,0.0,0.0,140.28,0.0,0.0,144.8,0.9999253857184062,1.0,1242.477376160002,1000.0,1242.477376160002,1000.0,0.0,0.0
8295,1672022280000.0,0.0,0.0,0.0,140.28,0.0,0.0,145.1,0.9999253857184062,1.0,1242.477376160002,1000.0,1242.477376160002,1000.0,0.0,0.0
8296,1672025880000.0,0.0,0.0,0.0,140.28,0.0,0.0,145.0,0.9999253857184062,1.0,1242.477376160002,1000.0,1242.477376160002,1000.0,0.0,0.0
8297,1672029480000.0,0.0,0.0,0.0,140.28,0.0,0.0,145.2,0.9999253857184062,1.0,1242.477376160002,1000.0,1242.477376160002,1000.0,0.0,0.0
8298,1672033080000.0,0.0,0.0,0.0,140.28,0.0,0.0,145.35,0.9999253857184062,1.0,1242.477376160002,1000.0,1242.477376160002,1000.0,0.0,0.0
8299,1672036680000.0,0.0,0.0,0.0,140.28,0.0,0.0,145.6,0.9999253857184062,1.0,1242.477376160002,1000.0,1242.477376160002,1000.0,0.0,0.0
8300,1672040280000.0,0.0,0.0,0.0,140.28,0.0,0.0,145.05,0.9999253857184062,1.0,1242.477376160002,1000.0,1242.477376160002,1000.0,0.0,0.0
8301,1672043880000.0,0.0,0.0,0.0,140.28,0.0,0.0,144.95,0.9999253857184062,1.0,1242.477376160002,1000.0,1242.477376160002,1000.0,0.0,0.0
8302,1672047480000.0,0.0,0.0,0.0,140.28,0.0,0.0,145.0,0.9999253857184062,1.0,1242.477376160002,1000.0,1242.477376160002,1000.0,0.0,0.0
8303,1672051080000.0,0.0,0.0,0.0,140.28,0.0,0.0,145.65,0.9999253857184062,1.0,1242.477376160002,1000.0,1242.477376160002,1000.0,0.0,0.0
8304,1672054680000.0,0.0,0.0,0.0,140.28,0.0,0.0,146.15,0.9999253857184062,1.0,1242.477376160002,1000.0,1242.477376160002,1000.0,0.0,0.0
8305,1672058280000.0,0.0,0.0,0.0,140.28,0.0,0.0,146.25,0.9999253857184062,1.0,1242.477376160002,1000.0,1242.477376160002,1000.0,0.0,0.0
8306,1672061880000.0,0.0,0.0,0.0,140.28,0.0,0.0,146.15,0.9999253857184062,1.0,1242.477376160002,1000.0,1242.477376160002,1000.0,0.0,0.0
8307,1672065480000.0,0.0,0.0,0.0,140.28,0.0,0.0,145.95,0.9999253857184062,1.0,1242.477376160002,1000.0,1242.477376160002,1000.0,0.0,0.0
8308,1672069080000.0,0.0,0.0,0.0,140.28,0.0,0.0,145.9,0.9999253857184062,1.0,1242.477376160002,1000.0,1242.477376160002,1000.0,0.0,0.0
8309,1672072680000.0,0.0,0.0,0.0,140.28,0.0,0.0,146.3,0.9999253857184062,1.0,1242.477376160002,1000.0,1242.477376160002,1000.0,0.0,0.0
8310,1672076280000.0,0.0,0.0,0.0,140.28,0.0,0.0,146.5,0.9999253857184062,1.0,1242.477376160002,1000.0,1242.477376160002,1000.0,0.0,0.0
8311,1672079880000.0,0.0,0.0,0.0,140.28,0.0,0.0,146.85,0.9999253857184062,1.0,1242.477376160002,1000.0,1242.477376160002,1000.0,0.0,0.0
8312,1672083480000.0,0.0,0.0,0.0,140.28,0.0,0.0,147.05,0.9999253857184062,1.0,1242.477376160002,1000.0,1242.477376160002,1000.0,0.0,0.0
8313,1672087080000.0,0.0,0.0,0.0,140.28,0.0,0.0,146.4,0.9999253857184062,1.0,1242.477376160002,1000.0,1242.477376160002,1000.0,0.0,0.0
8314,1672090680000.0,0.0,0.0,0.0,140.28,0.0,0.0,146.45,0.9999253857184062,1.0,1242.477376160002,1000.0,1242.477376160002,1000.0,0.0,0.0
8315,1672094280000.0,0.0,0.0,0.0,140.28,0.0,0.0,146.35,0.9999253857184062,1.0,1242.477376160002,1000.0,1242.477376160002,1000.0,0.0,0.0
8316,1672097880000.0,0.0,0.0,0.0,140.28,0.0,0.0,146.5,0.9999253857184062,1.0,1242.477376160002,1000.0,1242.477376160002,1000.0,0.0,0.0
8317,1672101480000.0,0.0,0.0,0.0,140.28,0.0,0.0,146.35,0.9999253857184062,1.0,1242.477376160002,1000.0,1242.477376160002,1000.0,0.0,0.0
8318,1672105080000.0,0.0,0.0,0.0,140.28,0.0,0.0,146.35,0.9999253857184062,1.0,1242.477376160002,1000.0,1242.477376160002,1000.0,0.0,0.0
8319,1672108680000.0,0.0,0.0,0.0,140.28,0.0,0.0,145.35,0.9999253857184062,1.0,1242.477376160002,1000.0,1242.477376160002,1000.0,0.0,0.0
8320,1672112280000.0,0.0,0.0,0.0,140.28,0.0,0.0,144.95,0.9999253857184062,1.0,1242.477376160002,1000.0,1242.477376160002,1000.0,0.0,0.0
8321,1672115880000.0,0.0,0.0,0.0,140.28,0.0,0.0,145.8,0.9999253857184062,1.0,1242.477376160002,1000.0,1242.477376160002,1000.0,0.0,0.0
8322,1672119480000.0,0.0,0.0,0.0,140.28,0.0,0.0,145.6,0.9999253857184062,1.0,1242.477376160002,1000.0,1242.477376160002,1000.0,0.0,0.0
8323,1672123080000.0,0.0,0.0,0.0,140.28,0.0,0.0,146.2,0.9999253857184062,1.0,1242.477376160002,1000.0,1242.477376160002,1000.0,0.0,0.0
8324,1672126680000.0,0.0,0.0,0.0,140.28,0.0,0.0,146.6,0.9999253857184062,1.0,1242.477376160002,1000.0,1242.477376160002,1000.0,0.0,0.0
8325,1672130280000.0,0.0,0.0,0.0,140.28,0.0,0.0,146.9,0.9999253857184062,1.0,1242.477376160002,1000.0,1242.477376160002,1000.0,0.0,0.0
8326,1672133880000.0,0.0,0.0,0.0,140.28,0.0,0.0,147.05,0.9999253857184062,1.0,1242.477376160002,1000.0,1242.477376160002,1000.0,0.0,0.0
8327,1672137480000.0,0.0,0.0,0.0,140.28,0.0,0.0,146.5,0.9999253857184062,1.0,1242.477376160002,1000.0,1242.477376160002,1000.0,0.0,0.0
8328,1672141080000.0,0.0,0.0,0.0,140.28,0.0,0.0,145.95,0.9999253857184062,1.0,1242.477376160002,1000.0,1242.477376160002,1000.0,0.0,0.0
8329,1672144680000.0,0.0,0.0,0.0,140.28,0.0,0.0,145.55,0.9999253857184062,1.0,1242.477376160002,1000.0,1242.477376160002,1000.0,0.0,0.0
8330,1672148280000.0,0.0,0.0,0.0,140.28,0.0,0.0,145.0,0.9999253857184062,1.0,1242.477376160002,1000.0,1242.477376160002,1000.0,0.0,0.0
8331,1672151880000.0,0.0,0.0,0.0,140.28,0.0,0.0,144.45,0.9999253857184062,1.0,1242.477376160002,1000.0,1242.477376160002,1000.0,0.0,0.0
8332,1672155480000.0,0.0,0.0,0.0,140.28,0.0,0.0,145.6,0.9999253857184062,1.0,1242.477376160002,1000.0,1242.477376160002,1000.0,0.0,0.0
8333,1672159080000.0,0.0,0.0,0.0,140.28,0.0,0.0,144.3,0.9999253857184062,1.0,1242.477376160002,1000.0,1242.477376160002,1000.0,0.0,0.0
8334,1672162680000.0,0.0,0.0,0.0,140.28,0.0,0.0,144.55,0.9999253857184062,1.0,1242.477376160002,1000.0,1242.477376160002,1000.0,0.0,0.0
8335,1672166280000.0,0.0,0.0,0.0,140.28,0.0,0.0,145.4,0.9999253857184062,1.0,1242.477376160002,1000.0,1242.477376160002,1000.0,0.0,0.0
8336,1672169880000.0,0.0,0.0,0.0,140.28,0.0,0.0,145.45,0.9999253857184062,1.0,1242.477376160002,1000.0,1242.477376160002,1000.0,0.0,0.0
8337,1672173480000.0,0.0,0.0,0.0,140.28,0.0,0.0,145.45,0.9999253857184062,1.0,1242.477376160002,1000.0,1242.477376160002,1000.0,0.0,0.0
8338,1672177080000.0,0.0,0.0,0.0,140.28,0.0,0.0,145.15,0.9999253857184062,1.0,1242.477376160002,1000.0,1242.477376160002,1000.0,0.0,0.0
8339,1672180680000.0,0.0,0.0,0.0,140.28,0.0,0.0,145.45,0.9999253857184062,1.0,1242.477376160002,1000.0,1242.477376160002,1000.0,0.0,0.0
8340,1672184280000.0,0.0,0.0,0.0,140.28,0.0,0.0,145.15,0.9999253857184062,1.0,1242.477376160002,1000.0,1242.477376160002,1000.0,0.0,0.0
8341,1672187880000.0,0.0,0.0,0.0,140.28,0.0,0.0,145.45,0.9999253857184062,1.0,1242.477376160002,1000.0,1242.477376160002,1000.0,0.0,0.0
8342,1672191480000.0,0.0,0.0,0.0,140.28,0.0,0.0,146.05,0.9999253857184062,1.0,1242.477376160002,1000.0,1242.477376160002,1000.0,0.0,0.0
8343,1672195080000.0,0.0,0.0,0.0,140.28,0.0,0.0,145.7,0.9999253857184062,1.0,1242.477376160002,1000.0,1242.477376160002,1000.0,0.0,0.0
8344,1672198680000.0,0.0,0.0,0.0,140.28,0.0,0.0,145.4,0.9999253857184062,1.0,1242.477376160002,1000.0,1242.477376160002,1000.0,0.0,0.0
8345,1672202280000.0,0.0,0.0,0.0,140.28,0.0,0.0,145.6,0.9999253857184062,1.0,1242.477376160002,1000.0,1242.477376160002,1000.0,0.0,0.0
8346,1672205880000.0,0.0,0.0,0.0,140.28,0.0,0.0,144.55,0.9999253857184062,1.0,1242.477376160002,1000.0,1242.477376160002,1000.0,0.0,0.0
8347,1672209480000.0,0.0,0.0,0.0,140.28,0.0,0.0,144.0,0.9999253857184062,1.0,1242.477376160002,1000.0,1242.477376160002,1000.0,0.0,0.0
8348,1672213080000.0,0.0,0.0,0.0,140.28,0.0,0.0,144.45,0.9999253857184062,1.0,1242.477376160002,1000.0,1242.477376160002,1000.0,0.0,0.0
8349,1672216680000.0,0.0,0.0,0.0,140.28,0.0,0.0,143.85,0.9999253857184062,1.0,1242.477376160002,1000.0,1242.477376160002,1000.0,0.0,0.0
8350,1672220280000.0,0.0,0.0,0.0,140.28,0.0,0.0,144.0,0.9999253857184062,1.0,1242.477376160002,1000.0,1242.477376160002,1000.0,0.0,0.0
8351,1672223880000.0,0.0,0.0,0.0,140.28,0.0,0.0,144.3,0.9999253857184062,1.0,1242.477376160002,1000.0,1242.477376160002,1000.0,0.0,0.0
8352,1672227480000.0,0.0,0.0,0.0,140.28,0.0,0.0,144.65,0.9999253857184062,1.0,1242.477376160002,1000.0,1242.477376160002,1000.0,0.0,0.0
8353,1672231080000.0,0.0,0.0,0.0,140.28,0.0,0.0,144.25,0.9999253857184062,1.0,1242.477376160002,1000.0,1242.477376160002,1000.0,0.0,0.0
8354,1672234680000.0,0.0,0.0,0.0,140.28,0.0,0.0,144.1,0.9999253857184062,1.0,1242.477376160002,1000.0,1242.477376160002,1000.0,0.0,0.0
8355,1672238280000.0,0.0,0.0,0.0,140.28,0.0,0.0,144.55,0.9999253857184062,1.0,1242.477376160002,1000.0,1242.477376160002,1000.0,0.0,0.0
8356,1672241880000.0,0.0,0.0,0.0,140.28,0.0,0.0,144.15,0.9999253857184062,1.0,1242.477376160002,1000.0,1242.477376160002,1000.0,0.0,0.0
8357,1672245480000.0,0.0,0.0,0.0,140.28,0.0,0.0,144.7,0.9999253857184062,1.0,1242.477376160002,1000.0,1242.477376160002,1000.0,0.0,0.0
8358,1672249080000.0,0.0,0.0,0.0,140.28,0.0,0.0,144.9,0.9999253857184062,1.0,1242.477376160002,1000.0,1242.477376160002,1000.0,0.0,0.0
8359,1672252680000.0,0.0,0.0,0.0,140.28,0.0,0.0,145.4,0.9999253857184062,1.0,1242.477376160002,1000.0,1242.477376160002,1000.0,0.0,0.0
8360,1672256280000.0,0.0,0.0,0.0,140.28,0.0,0.0,145.65,0.9999253857184062,1.0,1242.477376160002,1000.0,1242.477376160002,1000.0,0.0,0.0
8361,1672259880000.0,0.0,0.0,0.0,140.28,0.0,0.0,145.9,0.9999253857184062,1.0,1242.477376160002,1000.0,1242.477376160002,1000.0,0.0,0.0
8362,1672263480000.0,0.0,0.0,0.0,140.28,0.0,0.0,145.7,0.9999253857184062,1.0,1242.477376160002,1000.0,1242.477376160002,1000.0,0.0,0.0
8363,1672267080000.0,0.0,0.0,0.0,140.28,0.0,0.0,146.2,0.9999253857184062,1.0,1242.477376160002,1000.0,1242.477376160002,1000.0,0.0,0.0
8364,1672270680000.0,0.0,0.0,0.0,140.28,0.0,0.0,146.9,0.9999253857184062,1.0,1242.477376160002,1000.0,1242.477376160002,1000.0,0.0,0.0
8365,1672274280000.0,0.0,0.0,0.0,140.28,0.0,0.0,146.0,0.9999253857184062,1.0,1242.477376160002,1000.0,1242.477376160002,1000.0,0.0,0.0
8366,1672277880000.0,0.0,0.0,0.0,140.28,0.0,0.0,145.9,0.9999253857184062,1.0,1242.477376160002,1000.0,1242.477376160002,1000.0,0.0,0.0
8367,1672281480000.0,0.0,0.0,0.0,140.28,0.0,0.0,146.35,0.9999253857184062,1.0,1242.477376160002,1000.0,1242.477376160002,1000.0,0.0,0.0
8368,1672285080000.0,0.0,0.0,0.0,140.28,0.0,0.0,146.2,0.9999253857184062,1.0,1242.477376160002,1000.0,1242.477376160002,1000.0,0.0,0.0
8369,1672288680000.0,0.0,0.0,0.0,140.28,0.0,0.0,146.35,0.9999253857184062,1.0,1242.477376160002,1000.0,1242.477376160002,1000.0,0.0,0.0
8370,1672292280000.0,0.0,0.0,0.0,140.28,0.0,0.0,146.3,0.9999253857184062,1.0,1242.477376160002,1000.0,1242.477376160002,1000.0,0.0,0.0
8371,1672295880000.0,0.0,0.0,0.0,140.28,0.0,0.0,146.5,0.9999253857184062,1.0,1242.477376160002,1000.0,1242.477376160002,1000.0,0.0,0.0
8372,1672299480000.0,0.0,0.0,0.0,140.28,0.0,0.0,146.3,0.9999253857184062,1.0,1242.477376160002,1000.0,1242.477376160002,1000.0,0.0,0.0
8373,1672303080000.0,0.0,0.0,0.0,140.28,0.0,0.0,146.05,0.9999253857184062,1.0,1242.477376160002,1000.0,1242.477376160002,1000.0,0.0,0.0
8374,1672306680000.0,0.0,0.0,0.0,140.28,0.0,0.0,146.15,0.9999253857184062,1.0,1242.477376160002,1000.0,1242.477376160002,1000.0,0.0,0.0
8375,1672310280000.0,0.0,0.0,0.0,140.28,0.0,0.0,146.35,0.9999253857184062,1.0,1242.477376160002,1000.0,1242.477376160002,1000.0,0.0,0.0
8376,1672313880000.0,0.0,0.0,0.0,140.28,0.0,0.0,145.65,0.9999253857184062,1.0,1242.477376160002,1000.0,1242.477376160002,1000.0,0.0,0.0
8377,1672317480000.0,0.0,0.0,0.0,140.28,0.0,0.0,145.8,0.9999253857184062,1.0,1242.477376160002,1000.0,1242.477376160002,1000.0,0.0,0.0
8378,1672321080000.0,0.0,0.0,0.0,140.28,0.0,0.0,146.15,0.9999253857184062,1.0,1242.477376160002,1000.0,1242.477376160002,1000.0,0.0,0.0
8379,1672324680000.0,0.0,0.0,0.0,140.28,0.0,0.0,145.9,0.9999253857184062,1.0,1242.477376160002,1000.0,1242.477376160002,1000.0,0.0,0.0
8380,1672328280000.0,0.0,0.0,0.0,140.28,0.0,0.0,146.15,0.9999253857184062,1.0,1242.477376160002,1000.0,1242.477376160002,1000.0,0.0,0.0
8381,1672331880000.0,0.0,0.0,0.0,140.28,0.0,0.0,146.1,0.9999253857184062,1.0,1242.477376160002,1000.0,1242.477376160002,1000.0,0.0,0.0
8382,1672335480000.0,0.0,0.0,0.0,140.28,0.0,0.0,146.05,0.9999253857184062,1.0,1242.477376160002,1000.0,1242.477376160002,1000.0,0.0,0.0
8383,1672339080000.0,0.0,0.0,0.0,140.28,0.0,0.0,146.45,0.9999253857184062,1.0,1242.477376160002,1000.0,1242.477376160002,1000.0,0.0,0.0
8384,1672342680000.0,0.0,0.0,0.0,140.28,0.0,0.0,145.55,0.9999253857184062,1.0,1242.477376160002,1000.0,1242.477376160002,1000.0,0.0,0.0
8385,1672346280000.0,0.0,0.0,0.0,140.28,0.0,0.0,144.9,0.9999253857184062,1.0,1242.477376160002,1000.0,1242.477376160002,1000.0,0.0,0.0
8386,1672349880000.0,0.0,0.0,0.0,140.28,0.0,0.0,145.25,0.9999253857184062,1.0,1242.477376160002,1000.0,1242.477376160002,1000.0,0.0,0.0
8387,1672353480000.0,0.0,0.0,0.0,140.28,0.0,0.0,145.4,0.9999253857184062,1.0,1242.477376160002,1000.0,1242.477376160002,1000.0,0.0,0.0
8388,1672357080000.0,0.0,0.0,0.0,140.28,0.0,0.0,145.85,0.9999253857184062,1.0,1242.477376160002,1000.0,1242.477376160002,1000.0,0.0,0.0
8389,1672360680000.0,0.0,0.0,0.0,140.28,0.0,0.0,145.3,0.9999253857184062,1.0,1242.477376160002,1000.0,1242.477376160002,1000.0,0.0,0.0
8390,1672364280000.0,0.0,0.0,0.0,140.28,0.0,0.0,145.0,0.9999253857184062,1.0,1242.477376160002,1000.0,1242.477376160002,1000.0,0.0,0.0
8391,1672367880000.0,0.0,0.0,0.0,140.28,0.0,0.0,144.7,0.9999253857184062,1.0,1242.477376160002,1000.0,1242.477376160002,1000.0,0.0,0.0
8392,1672371480000.0,0.0,0.0,0.0,140.28,0.0,0.0,145.2,0.9999253857184062,1.0,1242.477376160002,1000.0,1242.477376160002,1000.0,0.0,0.0
8393,1672375080000.0,0.0,0.0,0.0,140.28,0.0,0.0,145.4,0.9999253857184062,1.0,1242.477376160002,1000.0,1242.477376160002,1000.0,0.0,0.0
8394,1672378680000.0,0.0,0.0,0.0,140.28,0.0,0.0,145.35,0.9999253857184062,1.0,1242.477376160002,1000.0,1242.477376160002,1000.0,0.0,0.0
8395,1672382280000.0,0.0,0.0,0.0,140.28,0.0,0.0,145.45,0.9999253857184062,1.0,1242.477376160002,1000.0,1242.477376160002,1000.0,0.0,0.0
8396,1672385880000.0,0.0,0.0,0.0,140.28,0.0,0.0,144.5,0.9999253857184062,1.0,1242.477376160002,1000.0,1242.477376160002,1000.0,0.0,0.0
8397,1672389480000.0,0.0,0.0,0.0,140.28,0.0,0.0,144.8,0.9999253857184062,1.0,1242.477376160002,1000.0,1242.477376160002,1000.0,0.0,0.0
8398,1672393080000.0,0.0,0.0,0.0,140.28,0.0,0.0,144.5,0.9999253857184062,1.0,1242.477376160002,1000.0,1242.477376160002,1000.0,0.0,0.0
8399,1672396680000.0,0.0,0.0,0.0,140.28,0.0,0.0,144.5,0.9999253857184062,1.0,1242.477376160002,1000.0,1242.477376160002,1000.0,0.0,0.0
8400,1672400280000.0,0.0,0.0,0.0,140.28,0.0,0.0,145.1,0.9999253857184062,1.0,1242.477376160002,1000.0,1242.477376160002,1000.0,0.0,0.0
8401,1672403880000.0,0.0,0.0,0.0,140.28,0.0,0.0,144.85,0.9999253857184062,1.0,1242.477376160002,1000.0,1242.477376160002,1000.0,0.0,0.0
8402,1672407480000.0,0.0,0.0,0.0,140.28,0.0,0.0,145.05,0.9999253857184062,1.0,1242.477376160002,1000.0,1242.477376160002,1000.0,0.0,0.0
8403,1672411080000.0,0.0,0.0,0.0,140.28,0.0,0.0,145.3,0.9999253857184062,1.0,1242.477376160002,1000.0,1242.477376160002,1000.0,0.0,0.0
8404,1672414680000.0,0.0,0.0,0.0,140.28,0.0,0.0,145.9,0.9999253857184062,1.0,1242.477376160002,1000.0,1242.477376160002,1000.0,0.0,0.0
8405,1672418280000.0,0.0,0.0,0.0,140.28,0.0,0.0,145.7,0.9999253857184062,1.0,1242.477376160002,1000.0,1242.477376160002,1000.0,0.0,0.0
8406,1672421880000.0,0.0,0.0,0.0,140.28,0.0,0.0,146.15,0.9999253857184062,1.0,1242.477376160002,1000.0,1242.477376160002,1000.0,0.0,0.0
8407,1672425480000.0,0.0,0.0,0.0,140.28,0.0,0.0,145.55,0.9999253857184062,1.0,1242.477376160002,1000.0,1242.477376160002,1000.0,0.0,0.0
8408,1672429080000.0,0.0,0.0,0.0,140.28,0.0,0.0,145.85,0.9999253857184062,1.0,1242.477376160002,1000.0,1242.477376160002,1000.0,0.0,0.0
8409,1672432680000.0,0.0,0.0,0.0,140.28,0.0,0.0,145.95,0.9999253857184062,1.0,1242.477376160002,1000.0,1242.477376160002,1000.0,0.0,0.0
8410,1672436280000.0,0.0,0.0,0.0,140.28,0.0,0.0,146.15,0.9999253857184062,1.0,1242.477376160002,1000.0,1242.477376160002,1000.0,0.0,0.0
8411,1672439880000.0,0.0,0.0,0.0,140.28,0.0,0.0,146.1,0.9999253857184062,1.0,1242.477376160002,1000.0,1242.477376160002,1000.0,0.0,0.0
8412,1672443480000.0,0.0,0.0,0.0,140.28,0.0,0.0,146.15,0.9999253857184062,1.0,1242.477376160002,1000.0,1242.477376160002,1000.0,0.0,0.0
8413,1672447080000.0,0.0,0.0,0.0,140.28,0.0,0.0,145.75,0.9999253857184062,1.0,1242.477376160002,1000.0,1242.477376160002,1000.0,0.0,0.0
8414,1672450680000.0,0.0,0.0,0.0,140.28,0.0,0.0,145.5,0.9999253857184062,1.0,1242.477376160002,1000.0,1242.477376160002,1000.0,0.0,0.0
8415,1672454280000.0,0.0,0.0,0.0,140.28,0.0,0.0,145.35,0.9999253857184062,1.0,1242.477376160002,1000.0,1242.477376160002,1000.0,0.0,0.0
8416,1672457880000.0,0.0,0.0,0.0,140.28,0.0,0.0,145.75,0.9999253857184062,1.0,1242.477376160002,1000.0,1242.477376160002,1000.0,0.0,0.0
8417,1672461480000.0,0.0,0.0,0.0,140.28,0.0,0.0,145.45,0.9999253857184062,1.0,1242.477376160002,1000.0,1242.477376160002,1000.0,0.0,0.0
8418,1672465080000.0,0.0,0.0,0.0,140.28,0.0,0.0,145.75,0.9999253857184062,1.0,1242.477376160002,1000.0,1242.477376160002,1000.0,0.0,0.0
8419,1672468680000.0,0.0,0.0,0.0,140.28,0.0,0.0,145.9,0.9999253857184062,1.0,1242.477376160002,1000.0,1242.477376160002,1000.0,0.0,0.0
8420,1672472280000.0,0.0,0.0,0.0,140.28,0.0,0.0,145.8,0.9999253857184062,1.0,1242.477376160002,1000.0,1242.477376160002,1000.0,0.0,0.0
8421,1672475880000.0,0.0,0.0,0.0,140.28,0.0,0.0,145.9,0.9999253857184062,1.0,1242.477376160002,1000.0,1242.477376160002,1000.0,0.0,0.0
8422,1672479480000.0,0.0,0.0,0.0,140.28,0.0,0.0,145.5,0.9999253857184062,1.0,1242.477376160002,1000.0,1242.477376160002,1000.0,0.0,0.0
8423,1672483080000.0,0.0,0.0,0.0,140.28,0.0,0.0,145.7,0.9999253857184062,1.0,1242.477376160002,1000.0,1242.477376160002,1000.0,0.0,0.0
8424,1672486680000.0,0.0,0.0,0.0,140.28,0.0,0.0,145.6,0.9999253857184062,1.0,1242.477376160002,1000.0,1242.477376160002,1000.0,0.0,0.0
8425,1672490280000.0,0.0,0.0,0.0,140.28,0.0,0.0,145.95,0.9999253857184062,1.0,1242.477376160002,1000.0,1242.477376160002,1000.0,0.0,0.0
8426,1672493880000.0,0.0,0.0,0.0,140.28,0.0,0.0,146.7,0.9999253857184062,1.0,1242.477376160002,1000.0,1242.477376160002,1000.0,0.0,0.0
8427,1672497480000.0,0.0,0.0,0.0,140.28,0.0,0.0,146.65,0.9999253857184062,1.0,1242.477376160002,1000.0,1242.477376160002,1000.0,0.0,0.0
8428,1672501080000.0,0.0,0.0,0.0,140.28,0.0,0.0,147.15,0.9999253857184062,1.0,1242.477376160002,1000.0,1242.477376160002,1000.0,0.0,0.0
8429,1672504680000.0,0.0,0.0,0.0,140.28,0.0,0.0,147.9,0.9999253857184062,1.0,1242.477376160002,1000.0,1242.477376160002,1000.0,0.0,0.0
8430,1672508280000.0,0.0,0.0,0.0,140.28,0.0,0.0,147.0,0.9999253857184062,1.0,1242.477376160002,1000.0,1242.477376160002,1000.0,0.0,0.0
8431,1672511880000.0,0.0,0.0,0.0,140.28,0.0,0.0,147.35,0.9999253857184062,1.0,1242.477376160002,1000.0,1242.477376160002,1000.0,0.0,0.0
8432,1672515480000.0,0.0,0.0,0.0,140.28,0.0,0.0,147.85,0.9999253857184062,1.0,1242.477376160002,1000.0,1242.477376160002,1000.0,0.0,0.0
8433,1672519080000.0,0.0,0.0,0.0,140.28,0.0,0.0,147.65,0.9999253857184062,1.0,1242.477376160002,1000.0,1242.477376160002,1000.0,0.0,0.0
8434,1672522680000.0,0.0,0.0,0.0,140.28,0.0,0.0,147.7,0.9999253857184062,1.0,1242.477376160002,1000.0,1242.477376160002,1000.0,0.0,0.0
8435,1672526280000.0,0.0,0.0,0.0,140.28,0.0,0.0,147.9,0.9999253857184062,1.0,1242.477376160002,1000.0,1242.477376160002,1000.0,0.0,0.0
8436,1672529880000.0,0.0,0.0,0.0,140.28,0.0,0.0,147.5,0.9999253857184062,1.0,1242.477376160002,1000.0,1242.477376160002,1000.0,0.0,0.0
8437,1672533480000.0,0.0,0.0,0.0,140.28,0.0,0.0,146.65,0.9999253857184062,1.0,1242.477376160002,1000.0,1242.477376160002,1000.0,0.0,0.0
8438,1672537080000.0,0.0,0.0,0.0,140.28,0.0,0.0,147.3,0.9999253857184062,1.0,1242.477376160002,1000.0,1242.477376160002,1000.0,0.0,0.0
8439,1672540680000.0,0.0,0.0,0.0,140.28,0.0,0.0,147.05,0.9999253857184062,1.0,1242.477376160002,1000.0,1242.477376160002,1000.0,0.0,0.0
8440,1672544280000.0,0.0,0.0,0.0,140.28,0.0,0.0,146.6,0.9999253857184062,1.0,1242.477376160002,1000.0,1242.477376160002,1000.0,0.0,0.0
8441,1672547880000.0,0.0,0.0,0.0,140.28,0.0,0.0,146.8,0.9999253857184062,1.0,1242.477376160002,1000.0,1242.477376160002,1000.0,0.0,0.0
8442,1672551480000.0,0.0,0.0,0.0,140.28,0.0,0.0,146.85,0.9999253857184062,1.0,1242.477376160002,1000.0,1242.477376160002,1000.0,0.0,0.0
8443,1672555080000.0,0.0,0.0,0.0,140.28,0.0,0.0,147.05,0.9999253857184062,1.0,1242.477376160002,1000.0,1242.477376160002,1000.0,0.0,0.0
8444,1672558680000.0,0.0,0.0,0.0,140.28,0.0,0.0,146.75,0.9999253857184062,1.0,1242.477376160002,1000.0,1242.477376160002,1000.0,0.0,0.0
8445,1672562280000.0,0.0,0.0,0.0,140.28,0.0,0.0,146.65,0.9999253857184062,1.0,1242.477376160002,1000.0,1242.477376160002,1000.0,0.0,0.0
8446,1672565880000.0,0.0,0.0,0.0,140.28,0.0,0.0,146.9,0.9999253857184062,1.0,1242.477376160002,1000.0,1242.477376160002,1000.0,0.0,0.0
8447,1672569480000.0,0.0,0.0,0.0,140.28,0.0,0.0,147.25,0.9999253857184062,1.0,1242.477376160002,1000.0,1242.477376160002,1000.0,0.0,0.0
8448,1672573080000.0,0.0,0.0,0.0,140.28,0.0,0.0,146.85,0.9999253857184062,1.0,1242.477376160002,1000.0,1242.477376160002,1000.0,0.0,0.0
8449,1672576680000.0,0.0,0.0,0.0,140.28,0.0,0.0,146.65,0.9999253857184062,1.0,1242.477376160002,1000.0,1242.477376160002,1000.0,0.0,0.0
8450,1672580280000.0,0.0,0.0,0.0,140.28,0.0,0.0,146.45,0.9999253857184062,1.0,1242.477376160002,1000.0,1242.477376160002,1000.0,0.0,0.0
8451,1672583880000.0,0.0,0.0,0.0,140.28,0.0,0.0,146.6,0.9999253857184062,1.0,1242.477376160002,1000.0,1242.477376160002,1000.0,0.0,0.0
8452,1672587480000.0,0.0,0.0,0.0,140.28,0.0,0.0,146.85,0.9999253857184062,1.0,1242.477376160002,1000.0,1242.477376160002,1000.0,0.0,0.0
8453,1672591080000.0,0.0,0.0,0.0,140.28,0.0,0.0,147.5,0.9999253857184062,1.0,1242.477376160002,1000.0,1242.477376160002,1000.0,0.0,0.0
8454,1672594680000.0,0.0,0.0,0.0,140.28,0.0,0.0,148.0,0.9999253857184062,1.0,1242.477376160002,1000.0,1242.477376160002,1000.0,0.0,0.0
8455,1672598280000.0,0.0,0.0,0.0,140.28,0.0,0.0,148.5,0.9999253857184062,1.0,1242.477376160002,1000.0,1242.477376160002,1000.0,0.0,0.0
8456,1672601880000.0,0.0,0.0,0.0,140.28,0.0,0.0,148.4,0.9999253857184062,1.0,1242.477376160002,1000.0,1242.477376160002,1000.0,0.0,0.0
8457,1672605480000.0,0.0,0.0,0.0,140.28,0.0,0.0,148.6,0.9999253857184062,1.0,1242.477376160002,1000.0,1242.477376160002,1000.0,0.0,0.0
8458,1672609080000.0,0.0,0.0,0.0,140.28,0.0,0.0,148.3,0.9999253857184062,1.0,1242.477376160002,1000.0,1242.477376160002,1000.0,0.0,0.0
8459,1672612680000.0,0.0,0.0,0.0,140.28,0.0,0.0,148.4,0.9999253857184062,1.0,1242.477376160002,1000.0,1242.477376160002,1000.0,0.0,0.0
8460,1672616280000.0,0.0,0.0,0.0,140.28,0.0,0.0,148.55,0.9999253857184062,1.0,1242.477376160002,1000.0,1242.477376160002,1000.0,0.0,0.0
8461,1672619880000.0,0.0,0.0,0.0,140.28,0.0,0.0,148.7,0.9999253857184062,1.0,1242.477376160002,1000.0,1242.477376160002,1000.0,0.0,0.0
8462,1672623480000.0,0.0,0.0,0.0,140.28,0.0,0.0,148.6,0.9999253857184062,1.0,1242.477376160002,1000.0,1242.477376160002,1000.0,0.0,0.0
8463,1672627080000.0,0.0,0.0,0.0,140.28,0.0,0.0,148.85,0.9999253857184062,1.0,1242.477376160002,1000.0,1242.477376160002,1000.0,0.0,0.0
8464,1672630680000.0,0.0,0.0,0.0,140.28,0.0,0.0,148.65,0.9999253857184062,1.0,1242.477376160002,1000.0,1242.477376160002,1000.0,0.0,0.0
8465,1672634280000.0,0.0,0.0,0.0,140.28,0.0,0.0,148.7,0.9999253857184062,1.0,1242.477376160002,1000.0,1242.477376160002,1000.0,0.0,0.0
8466,1672637880000.0,0.0,0.0,0.0,140.28,0.0,0.0,148.35,0.9999253857184062,1.0,1242.477376160002,1000.0,1242.477376160002,1000.0,0.0,0.0
8467,1672641480000.0,0.0,0.0,0.0,140.28,0.0,0.0,148.5,0.9999253857184062,1.0,1242.477376160002,1000.0,1242.477376160002,1000.0,0.0,0.0
8468,1672645080000.0,0.0,0.0,0.0,140.28,0.0,0.0,149.1,0.9999253857184062,1.0,1242.477376160002,1000.0,1242.477376160002,1000.0,0.0,0.0
8469,1672648680000.0,0.0,0.0,0.0,140.28,0.0,0.0,149.45,0.9999253857184062,1.0,1242.477376160002,1000.0,1242.477376160002,1000.0,0.0,0.0
8470,1672652280000.0,0.0,0.0,0.0,140.28,0.0,0.0,149.25,0.9999253857184062,1.0,1242.477376160002,1000.0,1242.477376160002,1000.0,0.0,0.0
8471,1672655880000.0,0.0,0.0,0.0,140.28,0.0,0.0,148.55,0.9999253857184062,1.0,1242.477376160002,1000.0,1242.477376160002,1000.0,0.0,0.0
8472,1672659480000.0,0.0,0.0,0.0,140.28,0.0,0.0,148.4,0.9999253857184062,1.0,1242.477376160002,1000.0,1242.477376160002,1000.0,0.0,0.0
8473,1672663080000.0,0.0,0.0,0.0,140.28,0.0,0.0,148.45,0.9999253857184062,1.0,1242.477376160002,1000.0,1242.477376160002,1000.0,0.0,0.0
8474,1672666680000.0,0.0,0.0,0.0,140.28,0.0,0.0,148.65,0.9999253857184062,1.0,1242.477376160002,1000.0,1242.477376160002,1000.0,0.0,0.0
8475,1672670280000.0,0.0,0.0,0.0,140.28,0.0,0.0,148.5,0.9999253857184062,1.0,1242.477376160002,1000.0,1242.477376160002,1000.0,0.0,0.0
8476,1672673880000.0,0.0,0.0,0.0,140.28,0.0,0.0,148.9,0.9999253857184062,1.0,1242.477376160002,1000.0,1242.477376160002,1000.0,0.0,0.0
8477,1672677480000.0,0.0,0.0,0.0,140.28,0.0,0.0,149.1,0.9999253857184062,1.0,1242.477376160002,1000.0,1242.477376160002,1000.0,0.0,0.0
8478,1672681080000.0,0.0,0.0,0.0,140.28,0.0,0.0,148.8,0.9999253857184062,1.0,1242.477376160002,1000.0,1242.477376160002,1000.0,0.0,0.0
8479,1672684680000.0,0.0,0.0,0.0,140.28,0.0,0.0,148.65,0.9999253857184062,1.0,1242.477376160002,1000.0,1242.477376160002,1000.0,0.0,0.0
8480,1672688280000.0,0.0,0.0,0.0,140.28,0.0,0.0,148.55,0.9999253857184062,1.0,1242.477376160002,1000.0,1242.477376160002,1000.0,0.0,0.0
8481,1672691880000.0,0.0,0.0,0.0,140.28,0.0,0.0,148.75,0.9999253857184062,1.0,1242.477376160002,1000.0,1242.477376160002,1000.0,0.0,0.0
8482,1672695480000.0,0.0,0.0,0.0,140.28,0.0,0.0,148.6,0.9999253857184062,1.0,1242.477376160002,1000.0,1242.477376160002,1000.0,0.0,0.0
8483,1672699080000.0,0.0,0.0,0.0,140.28,0.0,0.0,148.15,0.9999253857184062,1.0,1242.477376160002,1000.0,1242.477376160002,1000.0,0.0,0.0
8484,1672702680000.0,0.0,0.0,0.0,140.28,0.0,0.0,147.85,0.9999253857184062,1.0,1242.477376160002,1000.0,1242.477376160002,1000.0,0.0,0.0
8485,1672706280000.0,0.0,0.0,0.0,140.28,0.0,0.0,147.9,0.9999253857184062,1.0,1242.477376160002,1000.0,1242.477376160002,1000.0,0.0,0.0
8486,1672709880000.0,0.0,0.0,0.0,140.28,0.0,0.0,147.8,0.9999253857184062,1.0,1242.477376160002,1000.0,1242.477376160002,1000.0,0.0,0.0
8487,1672713480000.0,0.0,0.0,0.0,140.28,0.0,0.0,147.7,0.9999253857184062,1.0,1242.477376160002,1000.0,1242.477376160002,1000.0,0.0,0.0
8488,1672717080000.0,0.0,0.0,0.0,140.28,0.0,0.0,147.95,0.9999253857184062,1.0,1242.477376160002,1000.0,1242.477376160002,1000.0,0.0,0.0
8489,1672720680000.0,0.0,0.0,0.0,140.28,0.0,0.0,148.15,0.9999253857184062,1.0,1242.477376160002,1000.0,1242.477376160002,1000.0,0.0,0.0
8490,1672724280000.0,0.0,0.0,0.0,140.28,0.0,0.0,148.85,0.9999253857184062,1.0,1242.477376160002,1000.0,1242.477376160002,1000.0,0.0,0.0
8491,1672727880000.0,0.0,0.0,0.0,140.28,0.0,0.0,148.75,0.9999253857184062,1.0,1242.477376160002,1000.0,1242.477376160002,1000.0,0.0,0.0
8492,1672731480000.0,0.0,0.0,0.0,140.28,0.0,0.0,148.5,0.9999253857184062,1.0,1242.477376160002,1000.0,1242.477376160002,1000.0,0.0,0.0
8493,1672735080000.0,0.0,0.0,0.0,140.28,0.0,0.0,148.1,0.9999253857184062,1.0,1242.477376160002,1000.0,1242.477376160002,1000.0,0.0,0.0
8494,1672738680000.0,0.0,0.0,0.0,140.28,0.0,0.0,148.65,0.9999253857184062,1.0,1242.477376160002,1000.0,1242.477376160002,1000.0,0.0,0.0
8495,1672742280000.0,0.0,0.0,0.0,140.28,0.0,0.0,148.3,0.9999253857184062,1.0,1242.477376160002,1000.0,1242.477376160002,1000.0,0.0,0.0
8496,1672745880000.0,0.0,0.0,0.0,140.28,0.0,0.0,148.4,0.9999253857184062,1.0,1242.477376160002,1000.0,1242.477376160002,1000.0,0.0,0.0
8497,1672749480000.0,0.0,0.0,0.0,140.28,0.0,0.0,148.7,0.9999253857184062,1.0,1242.477376160002,1000.0,1242.477376160002,1000.0,0.0,0.0
8498,1672753080000.0,0.0,0.0,0.0,140.28,0.0,0.0,148.5,0.9999253857184062,1.0,1242.477376160002,1000.0,1242.477376160002,1000.0,0.0,0.0
8499,1672756680000.0,0.0,0.0,0.0,140.28,0.0,0.0,148.6,0.9999253857184062,1.0,1242.477376160002,1000.0,1242.477376160002,1000.0,0.0,0.0
8500,1672760280000.0,0.0,0.0,0.0,140.28,0.0,0.0,147.85,0.9999253857184062,1.0,1242.477376160002,1000.0,1242.477376160002,1000.0,0.0,0.0
8501,1672763880000.0,0.0,0.0,0.0,140.28,0.0,0.0,148.15,0.9999253857184062,1.0,1242.477376160002,1000.0,1242.477376160002,1000.0,0.0,0.0
8502,1672767480000.0,0.0,0.0,0.0,140.28,0.0,0.0,148.35,0.9999253857184062,1.0,1242.477376160002,1000.0,1242.477376160002,1000.0,0.0,0.0
8503,1672771080000.0,0.0,0.0,0.0,140.28,0.0,0.0,147.6,0.9999253857184062,1.0,1242.477376160002,1000.0,1242.477376160002,1000.0,0.0,0.0
8504,1672774680000.0,0.0,0.0,0.0,140.28,0.0,0.0,147.75,0.9999253857184062,1.0,1242.477376160002,1000.0,1242.477376160002,1000.0,0.0,0.0
8505,1672778280000.0,0.0,0.0,0.0,140.28,0.0,0.0,148.5,0.9999253857184062,1.0,1242.477376160002,1000.0,1242.477376160002,1000.0,0.0,0.0
8506,1672781880000.0,0.0,0.0,0.0,140.28,0.0,0.0,148.15,0.9999253857184062,1.0,1242.477376160002,1000.0,1242.477376160002,1000.0,0.0,0.0
8507,1672785480000.0,0.0,0.0,0.0,140.28,0.0,0.0,148.3,0.9999253857184062,1.0,1242.477376160002,1000.0,1242.477376160002,1000.0,0.0,0.0
8508,1672789080000.0,0.0,0.0,0.0,140.28,0.0,0.0,148.3,0.9999253857184062,1.0,1242.477376160002,1000.0,1242.477376160002,1000.0,0.0,0.0
8509,1672792680000.0,0.0,0.0,0.0,140.28,0.0,0.0,148.7,0.9999253857184062,1.0,1242.477376160002,1000.0,1242.477376160002,1000.0,0.0,0.0
8510,1672796280000.0,0.0,0.0,0.0,140.28,0.0,0.0,148.95,0.9999253857184062,1.0,1242.477376160002,1000.0,1242.477376160002,1000.0,0.0,0.0
8511,1672799880000.0,0.0,0.0,0.0,140.28,0.0,0.0,149.5,0.9999253857184062,1.0,1242.477376160002,1000.0,1242.477376160002,1000.0,0.0,0.0
8512,1672803480000.0,0.0,0.0,0.0,140.28,0.0,0.0,150.45,0.9999253857184062,1.0,1242.477376160002,1000.0,1242.477376160002,1000.0,0.0,0.0
8513,1672807080000.0,0.0,0.0,0.0,140.28,0.0,0.0,150.5,0.9999253857184062,1.0,1242.477376160002,1000.0,1242.477376160002,1000.0,0.0,0.0
8514,1672810680000.0,0.0,0.0,0.0,140.28,0.0,0.0,150.35,0.9999253857184062,1.0,1242.477376160002,1000.0,1242.477376160002,1000.0,0.0,0.0
8515,1672814280000.0,0.0,0.0,0.0,140.28,0.0,0.0,150.25,0.9999253857184062,1.0,1242.477376160002,1000.0,1242.477376160002,1000.0,0.0,0.0
8516,1672817880000.0,0.0,0.0,0.0,140.28,0.0,0.0,150.15,0.9999253857184062,1.0,1242.477376160002,1000.0,1242.477376160002,1000.0,0.0,0.0
8517,1672821480000.0,0.0,0.0,0.0,140.28,0.0,0.0,150.65,0.9999253857184062,1.0,1242.477376160002,1000.0,1242.477376160002,1000.0,0.0,0.0
8518,1672825080000.0,0.0,0.0,0.0,140.28,0.0,0.0,151.2,0.9999253857184062,1.0,1242.477376160002,1000.0,1242.477376160002,1000.0,0.0,0.0
8519,1672828680000.0,0.0,0.0,0.0,140.28,0.0,0.0,150.95,0.9999253857184062,1.0,1242.477376160002,1000.0,1242.477376160002,1000.0,0.0,0.0
8520,1672832280000.0,0.0,0.0,0.0,140.28,0.0,0.0,151.3,0.9999253857184062,1.0,1242.477376160002,1000.0,1242.477376160002,1000.0,0.0,0.0
8521,1672835880000.0,0.0,0.0,0.0,140.28,0.0,0.0,151.3,0.9999253857184062,1.0,1242.477376160002,1000.0,1242.477376160002,1000.0,0.0,0.0
8522,1672839480000.0,0.0,0.0,0.0,140.28,0.0,0.0,151.2,0.9999253857184062,1.0,1242.477376160002,1000.0,1242.477376160002,1000.0,0.0,0.0
8523,1672843080000.0,0.0,0.0,0.0,140.28,0.0,0.0,151.65,0.9999253857184062,1.0,1242.477376160002,1000.0,1242.477376160002,1000.0,0.0,0.0
8524,1672846680000.0,0.0,0.0,0.0,140.28,0.0,0.0,151.65,0.9999253857184062,1.0,1242.477376160002,1000.0,1242.477376160002,1000.0,0.0,0.0
8525,1672850280000.0,0.0,0.0,0.0,140.28,0.0,0.0,152.25,0.9999253857184062,1.0,1242.477376160002,1000.0,1242.477376160002,1000.0,0.0,0.0
8526,1672853880000.0,0.0,0.0,0.0,140.28,0.0,0.0,151.9,0.9999253857184062,1.0,1242.477376160002,1000.0,1242.477376160002,1000.0,0.0,0.0
8527,1672857480000.0,0.0,0.0,0.0,140.28,0.0,0.0,150.95,0.9999253857184062,1.0,1242.477376160002,1000.0,1242.477376160002,1000.0,0.0,0.0
8528,1672861080000.0,0.0,0.0,0.0,140.28,0.0,0.0,149.55,0.9999253857184062,1.0,1242.477376160002,1000.0,1242.477376160002,1000.0,0.0,0.0
8529,1672864680000.0,0.0,0.0,0.0,140.28,0.0,0.0,149.55,0.9999253857184062,1.0,1242.477376160002,1000.0,1242.477376160002,1000.0,0.0,0.0
8530,1672868280000.0,0.0,0.0,0.0,140.28,0.0,0.0,149.9,0.9999253857184062,1.0,1242.477376160002,1000.0,1242.477376160002,1000.0,0.0,0.0
8531,1672871880000.0,0.0,0.0,0.0,140.28,0.0,0.0,150.4,0.9999253857184062,1.0,1242.477376160002,1000.0,1242.477376160002,1000.0,0.0,0.0
8532,1672875480000.0,0.0,0.0,0.0,140.28,0.0,0.0,150.9,0.9999253857184062,1.0,1242.477376160002,1000.0,1242.477376160002,1000.0,0.0,0.0
8533,1672879080000.0,0.0,0.0,0.0,140.28,0.0,0.0,151.0,0.9999253857184062,1.0,1242.477376160002,1000.0,1242.477376160002,1000.0,0.0,0.0
8534,1672882680000.0,0.0,0.0,0.0,140.28,0.0,0.0,151.15,0.9999253857184062,1.0,1242.477376160002,1000.0,1242.477376160002,1000.0,0.0,0.0
8535,1672886280000.0,0.0,0.0,0.0,140.28,0.0,0.0,151.4,0.9999253857184062,1.0,1242.477376160002,1000.0,1242.477376160002,1000.0,0.0,0.0
8536,1672889880000.0,0.0,0.0,0.0,140.28,0.0,0.0,151.55,0.9999253857184062,1.0,1242.477376160002,1000.0,1242.477376160002,1000.0,0.0,0.0
8537,1672893480000.0,0.0,0.0,0.0,140.28,0.0,0.0,151.45,0.9999253857184062,1.0,1242.477376160002,1000.0,1242.477376160002,1000.0,0.0,0.0
8538,1672897080000.0,0.0,0.0,0.0,140.28,0.0,0.0,151.65,0.9999253857184062,1.0,1242.477376160002,1000.0,1242.477376160002,1000.0,0.0,0.0
8539,1672900680000.0,0.0,0.0,0.0,140.28,0.0,0.0,151.4,0.9999253857184062,1.0,1242.477376160002,1000.0,1242.477376160002,1000.0,0.0,0.0
8540,1672904280000.0,0.0,0.0,0.0,140.28,0.0,0.0,151.5,0.9999253857184062,1.0,1242.477376160002,1000.0,1242.477376160002,1000.0,0.0,0.0
8541,1672907880000.0,0.0,0.0,0.0,140.28,0.0,0.0,151.2,0.9999253857184062,1.0,1242.477376160002,1000.0,1242.477376160002,1000.0,0.0,0.0
8542,1672911480000.0,0.0,0.0,0.0,140.28,0.0,0.0,151.45,0.9999253857184062,1.0,1242.477376160002,1000.0,1242.477376160002,1000.0,0.0,0.0
8543,1672915080000.0,0.0,0.0,0.0,140.28,0.0,0.0,151.45,0.9999253857184062,1.0,1242.477376160002,1000.0,1242.477376160002,1000.0,0.0,0.0
8544,1672918680000.0,0.0,0.0,0.0,140.28,0.0,0.0,151.55,0.9999253857184062,1.0,1242.477376160002,1000.0,1242.477376160002,1000.0,0.0,0.0
8545,1672922280000.0,0.0,0.0,0.0,140.28,0.0,0.0,152.2,0.9999253857184062,1.0,1242.477376160002,1000.0,1242.477376160002,1000.0,0.0,0.0
8546,1672925880000.0,0.0,0.0,0.0,140.28,0.0,0.0,151.6,0.9999253857184062,1.0,1242.477376160002,1000.0,1242.477376160002,1000.0,0.0,0.0
8547,1672929480000.0,0.0,0.0,0.0,140.28,0.0,0.0,151.7,0.9999253857184062,1.0,1242.477376160002,1000.0,1242.477376160002,1000.0,0.0,0.0
8548,1672933080000.0,0.0,0.0,0.0,140.28,0.0,0.0,151.9,0.9999253857184062,1.0,1242.477376160002,1000.0,1242.477376160002,1000.0,0.0,0.0
8549,1672936680000.0,0.0,0.0,0.0,140.28,0.0,0.0,151.9,0.9999253857184062,1.0,1242.477376160002,1000.0,1242.477376160002,1000.0,0.0,0.0
8550,1672940280000.0,0.0,0.0,0.0,140.28,0.0,0.0,151.8,0.9999253857184062,1.0,1242.477376160002,1000.0,1242.477376160002,1000.0,0.0,0.0
8551,1672943880000.0,0.0,0.0,0.0,140.28,0.0,0.0,152.15,0.9999253857184062,1.0,1242.477376160002,1000.0,1242.477376160002,1000.0,0.0,0.0
8552,1672947480000.0,0.0,0.0,0.0,140.28,0.0,0.0,152.3,0.9999253857184062,1.0,1242.477376160002,1000.0,1242.477376160002,1000.0,0.0,0.0
8553,1672951080000.0,0.0,0.0,0.0,140.28,0.0,0.0,153.5,0.9999253857184062,1.0,1242.477376160002,1000.0,1242.477376160002,1000.0,0.0,0.0
8554,1672954680000.0,0.0,0.0,0.0,140.28,0.0,0.0,154.6,0.9999253857184062,1.0,1242.477376160002,1000.0,1242.477376160002,1000.0,0.0,0.0
8555,1672958280000.0,0.0,0.0,0.0,140.28,0.0,0.0,155.15,0.9999253857184062,1.0,1242.477376160002,1000.0,1242.477376160002,1000.0,0.0,0.0
8556,1672961880000.0,0.0,0.0,0.0,140.28,0.0,0.0,155.6,0.9999253857184062,1.0,1242.477376160002,1000.0,1242.477376160002,1000.0,0.0,0.0
8557,1672965480000.0,0.0,0.0,0.0,140.28,0.0,0.0,155.65,0.9999253857184062,1.0,1242.477376160002,1000.0,1242.477376160002,1000.0,0.0,0.0
8558,1672969080000.0,0.0,0.0,0.0,140.28,0.0,0.0,156.75,0.9999253857184062,1.0,1242.477376160002,1000.0,1242.477376160002,1000.0,0.0,0.0
8559,1672972680000.0,0.0,0.0,0.0,140.28,0.0,0.0,156.0,0.9999253857184062,1.0,1242.477376160002,1000.0,1242.477376160002,1000.0,0.0,0.0
8560,1672976280000.0,0.0,0.0,0.0,140.28,0.0,0.0,156.4,0.9999253857184062,1.0,1242.477376160002,1000.0,1242.477376160002,1000.0,0.0,0.0
8561,1672979880000.0,0.0,0.0,0.0,140.28,0.0,0.0,155.8,0.9999253857184062,1.0,1242.477376160002,1000.0,1242.477376160002,1000.0,0.0,0.0
8562,1672983480000.0,0.0,0.0,0.0,140.28,0.0,0.0,155.5,0.9999253857184062,1.0,1242.477376160002,1000.0,1242.477376160002,1000.0,0.0,0.0
8563,1672987080000.0,0.0,0.0,0.0,140.28,0.0,0.0,155.5,0.9999253857184062,1.0,1242.477376160002,1000.0,1242.477376160002,1000.0,0.0,0.0
8564,1672990680000.0,0.0,0.0,0.0,140.28,0.0,0.0,154.6,0.9999253857184062,1.0,1242.477376160002,1000.0,1242.477376160002,1000.0,0.0,0.0
8565,1672994280000.0,0.0,0.0,0.0,140.28,0.0,0.0,154.3,0.9999253857184062,1.0,1242.477376160002,1000.0,1242.477376160002,1000.0,0.0,0.0
8566,1672997880000.0,0.0,0.0,0.0,140.28,0.0,0.0,153.7,0.9999253857184062,1.0,1242.477376160002,1000.0,1242.477376160002,1000.0,0.0,0.0
8567,1673001480000.0,0.0,0.0,0.0,140.28,0.0,0.0,154.65,0.9999253857184062,1.0,1242.477376160002,1000.0,1242.477376160002,1000.0,0.0,0.0
8568,1673005080000.0,0.0,0.0,0.0,140.28,0.0,0.0,154.75,0.9999253857184062,1.0,1242.477376160002,1000.0,1242.477376160002,1000.0,0.0,0.0
8569,1673008680000.0,0.0,0.0,0.0,140.28,0.0,0.0,155.45,0.9999253857184062,1.0,1242.477376160002,1000.0,1242.477376160002,1000.0,0.0,0.0
8570,1673012280000.0,0.0,0.0,0.0,140.28,0.0,0.0,154.45,0.9999253857184062,1.0,1242.477376160002,1000.0,1242.477376160002,1000.0,0.0,0.0
8571,1673015880000.0,0.0,0.0,0.0,140.28,0.0,0.0,153.4,0.9999253857184062,1.0,1242.477376160002,1000.0,1242.477376160002,1000.0,0.0,0.0
8572,1673019480000.0,0.0,0.0,0.0,140.28,0.0,0.0,153.65,0.9999253857184062,1.0,1242.477376160002,1000.0,1242.477376160002,1000.0,0.0,0.0
8573,1673023080000.0,0.0,0.0,0.0,140.28,0.0,0.0,153.75,0.9999253857184062,1.0,1242.477376160002,1000.0,1242.477376160002,1000.0,0.0,0.0
8574,1673026680000.0,0.0,0.0,0.0,140.28,0.0,0.0,154.4,0.9999253857184062,1.0,1242.477376160002,1000.0,1242.477376160002,1000.0,0.0,0.0
8575,1673030280000.0,0.0,0.0,0.0,140.28,0.0,0.0,154.35,0.9999253857184062,1.0,1242.477376160002,1000.0,1242.477376160002,1000.0,0.0,0.0
8576,1673033880000.0,0.0,0.0,0.0,140.28,0.0,0.0,155.1,0.9999253857184062,1.0,1242.477376160002,1000.0,1242.477376160002,1000.0,0.0,0.0
8577,1673037480000.0,0.0,0.0,0.0,140.28,0.0,0.0,155.25,0.9999253857184062,1.0,1242.477376160002,1000.0,1242.477376160002,1000.0,0.0,0.0
8578,1673041080000.0,0.0,0.0,0.0,140.28,0.0,0.0,156.0,0.9999253857184062,1.0,1242.477376160002,1000.0,1242.477376160002,1000.0,0.0,0.0
8579,1673044680000.0,0.0,0.0,0.0,140.28,0.0,0.0,156.45,0.9999253857184062,1.0,1242.477376160002,1000.0,1242.477376160002,1000.0,0.0,0.0
8580,1673048280000.0,0.0,0.0,0.0,140.28,0.0,0.0,155.35,0.9999253857184062,1.0,1242.477376160002,1000.0,1242.477376160002,1000.0,0.0,0.0
8581,1673051880000.0,0.0,0.0,0.0,140.28,0.0,0.0,154.65,0.9999253857184062,1.0,1242.477376160002,1000.0,1242.477376160002,1000.0,0.0,0.0
8582,1673055480000.0,0.0,0.0,0.0,140.28,0.0,0.0,154.4,0.9999253857184062,1.0,1242.477376160002,1000.0,1242.477376160002,1000.0,0.0,0.0
8583,1673059080000.0,0.0,0.0,0.0,140.28,0.0,0.0,154.55,0.9999253857184062,1.0,1242.477376160002,1000.0,1242.477376160002,1000.0,0.0,0.0
8584,1673062680000.0,0.0,0.0,0.0,140.28,0.0,0.0,154.9,0.9999253857184062,1.0,1242.477376160002,1000.0,1242.477376160002,1000.0,0.0,0.0
8585,1673066280000.0,0.0,0.0,0.0,140.28,0.0,0.0,154.5,0.9999253857184062,1.0,1242.477376160002,1000.0,1242.477376160002,1000.0,0.0,0.0
8586,1673069880000.0,0.0,0.0,0.0,140.28,0.0,0.0,154.45,0.9999253857184062,1.0,1242.477376160002,1000.0,1242.477376160002,1000.0,0.0,0.0
8587,1673073480000.0,0.0,0.0,0.0,140.28,0.0,0.0,154.75,0.9999253857184062,1.0,1242.477376160002,1000.0,1242.477376160002,1000.0,0.0,0.0
8588,1673077080000.0,0.0,0.0,0.0,140.28,0.0,0.0,155.05,0.9999253857184062,1.0,1242.477376160002,1000.0,1242.477376160002,1000.0,0.0,0.0
8589,1673080680000.0,0.0,0.0,0.0,140.28,0.0,0.0,155.1,0.9999253857184062,1.0,1242.477376160002,1000.0,1242.477376160002,1000.0,0.0,0.0
8590,1673084280000.0,0.0,0.0,0.0,140.28,0.0,0.0,155.15,0.9999253857184062,1.0,1242.477376160002,1000.0,1242.477376160002,1000.0,0.0,0.0
8591,1673087880000.0,0.0,0.0,0.0,140.28,0.0,0.0,155.2,0.9999253857184062,1.0,1242.477376160002,1000.0,1242.477376160002,1000.0,0.0,0.0
8592,1673091480000.0,0.0,0.0,0.0,140.28,0.0,0.0,154.8,0.9999253857184062,1.0,1242.477376160002,1000.0,1242.477376160002,1000.0,0.0,0.0
8593,1673095080000.0,0.0,0.0,0.0,140.28,0.0,0.0,153.55,0.9999253857184062,1.0,1242.477376160002,1000.0,1242.477376160002,1000.0,0.0,0.0
8594,1673098680000.0,0.0,0.0,0.0,140.28,0.0,0.0,154.05,0.9999253857184062,1.0,1242.477376160002,1000.0,1242.477376160002,1000.0,0.0,0.0
8595,1673102280000.0,0.0,0.0,0.0,140.28,0.0,0.0,154.05,0.9999253857184062,1.0,1242.477376160002,1000.0,1242.477376160002,1000.0,0.0,0.0
8596,1673105880000.0,0.0,0.0,0.0,140.28,0.0,0.0,154.65,0.9999253857184062,1.0,1242.477376160002,1000.0,1242.477376160002,1000.0,0.0,0.0
8597,1673109480000.0,0.0,0.0,0.0,140.28,0.0,0.0,154.9,0.9999253857184062,1.0,1242.477376160002,1000.0,1242.477376160002,1000.0,0.0,0.0
8598,1673113080000.0,0.0,0.0,0.0,140.28,0.0,0.0,154.3,0.9999253857184062,1.0,1242.477376160002,1000.0,1242.477376160002,1000.0,0.0,0.0
8599,1673116680000.0,0.0,0.0,0.0,140.28,0.0,0.0,154.05,0.9999253857184062,1.0,1242.477376160002,1000.0,1242.477376160002,1000.0,0.0,0.0
8600,1673120280000.0,0.0,0.0,0.0,140.28,0.0,0.0,154.5,0.9999253857184062,1.0,1242.477376160002,1000.0,1242.477376160002,1000.0,0.0,0.0
8601,1673123880000.0,0.0,0.0,0.0,140.28,0.0,0.0,155.0,0.9999253857184062,1.0,1242.477376160002,1000.0,1242.477376160002,1000.0,0.0,0.0
8602,1673127480000.0,0.0,0.0,0.0,140.28,0.0,0.0,155.55,0.9999253857184062,1.0,1242.477376160002,1000.0,1242.477376160002,1000.0,0.0,0.0
8603,1673131080000.0,0.0,0.0,0.0,140.28,0.0,0.0,155.45,0.9999253857184062,1.0,1242.477376160002,1000.0,1242.477376160002,1000.0,0.0,0.0
8604,1673134680000.0,0.0,0.0,0.0,140.28,0.0,0.0,155.7,0.9999253857184062,1.0,1242.477376160002,1000.0,1242.477376160002,1000.0,0.0,0.0
8605,1673138280000.0,0.0,0.0,0.0,140.28,0.0,0.0,155.05,0.9999253857184062,1.0,1242.477376160002,1000.0,1242.477376160002,1000.0,0.0,0.0
8606,1673141880000.0,0.0,0.0,0.0,140.28,0.0,0.0,155.4,0.9999253857184062,1.0,1242.477376160002,1000.0,1242.477376160002,1000.0,0.0,0.0
8607,1673145480000.0,0.0,0.0,0.0,140.28,0.0,0.0,156.15,0.9999253857184062,1.0,1242.477376160002,1000.0,1242.477376160002,1000.0,0.0,0.0
8608,1673149080000.0,0.0,0.0,0.0,140.28,0.0,0.0,157.4,0.9999253857184062,1.0,1242.477376160002,1000.0,1242.477376160002,1000.0,0.0,0.0
8609,1673152680000.0,0.0,0.0,0.0,140.28,0.0,0.0,157.45,0.9999253857184062,1.0,1242.477376160002,1000.0,1242.477376160002,1000.0,0.0,0.0
8610,1673156280000.0,0.0,0.0,0.0,140.28,0.0,0.0,157.6,0.9999253857184062,1.0,1242.477376160002,1000.0,1242.477376160002,1000.0,0.0,0.0
8611,1673159880000.0,0.0,0.0,0.0,140.28,0.0,0.0,157.9,0.9999253857184062,1.0,1242.477376160002,1000.0,1242.477376160002,1000.0,0.0,0.0
8612,1673163480000.0,0.0,0.0,0.0,140.28,0.0,0.0,158.05,0.9999253857184062,1.0,1242.477376160002,1000.0,1242.477376160002,1000.0,0.0,0.0
8613,1673167080000.0,0.0,0.0,0.0,140.28,0.0,0.0,158.0,0.9999253857184062,1.0,1242.477376160002,1000.0,1242.477376160002,1000.0,0.0,0.0
8614,1673170680000.0,0.0,0.0,0.0,140.28,0.0,0.0,157.55,0.9999253857184062,1.0,1242.477376160002,1000.0,1242.477376160002,1000.0,0.0,0.0
8615,1673174280000.0,0.0,0.0,0.0,140.28,0.0,0.0,158.1,0.9999253857184062,1.0,1242.477376160002,1000.0,1242.477376160002,1000.0,0.0,0.0
8616,1673177880000.0,0.0,0.0,0.0,140.28,0.0,0.0,157.45,0.9999253857184062,1.0,1242.477376160002,1000.0,1242.477376160002,1000.0,0.0,0.0
8617,1673181480000.0,0.0,0.0,0.0,140.28,0.0,0.0,157.6,0.9999253857184062,1.0,1242.477376160002,1000.0,1242.477376160002,1000.0,0.0,0.0
8618,1673185080000.0,0.0,0.0,0.0,140.28,0.0,0.0,155.4,0.9999253857184062,1.0,1242.477376160002,1000.0,1242.477376160002,1000.0,0.0,0.0
8619,1673188680000.0,0.0,0.0,0.0,140.28,0.0,0.0,155.25,0.9999253857184062,1.0,1242.477376160002,1000.0,1242.477376160002,1000.0,0.0,0.0
8620,1673192280000.0,0.0,0.0,0.0,140.28,0.0,0.0,154.85,0.9999253857184062,1.0,1242.477376160002,1000.0,1242.477376160002,1000.0,0.0,0.0
8621,1673195880000.0,0.0,0.0,0.0,140.28,0.0,0.0,154.25,0.9999253857184062,1.0,1242.477376160002,1000.0,1242.477376160002,1000.0,0.0,0.0
8622,1673199480000.0,0.0,0.0,0.0,140.28,0.0,0.0,154.75,0.9999253857184062,1.0,1242.477376160002,1000.0,1242.477376160002,1000.0,0.0,0.0
8623,1673203080000.0,0.0,0.0,0.0,140.28,0.0,0.0,154.4,0.9999253857184062,1.0,1242.477376160002,1000.0,1242.477376160002,1000.0,0.0,0.0
8624,1673206680000.0,0.0,0.0,0.0,140.28,0.0,0.0,154.35,0.9999253857184062,1.0,1242.477376160002,1000.0,1242.477376160002,1000.0,0.0,0.0
8625,1673210280000.0,0.0,0.0,0.0,140.28,0.0,0.0,154.75,0.9999253857184062,1.0,1242.477376160002,1000.0,1242.477376160002,1000.0,0.0,0.0
8626,1673213880000.0,0.0,0.0,0.0,140.28,0.0,0.0,155.3,0.9999253857184062,1.0,1242.477376160002,1000.0,1242.477376160002,1000.0,0.0,0.0
8627,1673217480000.0,0.0,0.0,0.0,140.28,0.0,0.0,154.7,0.9999253857184062,1.0,1242.477376160002,1000.0,1242.477376160002,1000.0,0.0,0.0
8628,1673221080000.0,0.0,0.0,0.0,140.28,0.0,0.0,154.5,0.9999253857184062,1.0,1242.477376160002,1000.0,1242.477376160002,1000.0,0.0,0.0
8629,1673224680000.0,0.0,0.0,0.0,140.28,0.0,0.0,156.2,0.9999253857184062,1.0,1242.477376160002,1000.0,1242.477376160002,1000.0,0.0,0.0
8630,1673228280000.0,0.0,0.0,0.0,140.28,0.0,0.0,157.25,0.9999253857184062,1.0,1242.477376160002,1000.0,1242.477376160002,1000.0,0.0,0.0
8631,1673231880000.0,0.0,0.0,0.0,140.28,0.0,0.0,159.85,0.9999253857184062,1.0,1242.477376160002,1000.0,1242.477376160002,1000.0,0.0,0.0
8632,1673235480000.0,0.0,0.0,0.0,140.28,0.0,0.0,160.4,0.9999253857184062,1.0,1242.477376160002,1000.0,1242.477376160002,1000.0,0.0,0.0
8633,1673239080000.0,0.0,0.0,0.0,140.28,0.0,0.0,159.85,0.9999253857184062,1.0,1242.477376160002,1000.0,1242.477376160002,1000.0,0.0,0.0
8634,1673242680000.0,0.0,0.0,0.0,140.28,0.0,0.0,158.9,0.9999253857184062,1.0,1242.477376160002,1000.0,1242.477376160002,1000.0,0.0,0.0
8635,1673246280000.0,0.0,0.0,0.0,140.28,0.0,0.0,158.75,0.9999253857184062,1.0,1242.477376160002,1000.0,1242.477376160002,1000.0,0.0,0.0
8636,1673249880000.0,0.0,0.0,0.0,140.28,0.0,0.0,158.75,0.9999253857184062,1.0,1242.477376160002,1000.0,1242.477376160002,1000.0,0.0,0.0
8637,1673253480000.0,0.0,0.0,0.0,140.28,0.0,0.0,158.15,0.9999253857184062,1.0,1242.477376160002,1000.0,1242.477376160002,1000.0,0.0,0.0
8638,1673257080000.0,0.0,0.0,0.0,140.28,0.0,0.0,158.5,0.9999253857184062,1.0,1242.477376160002,1000.0,1242.477376160002,1000.0,0.0,0.0
8639,1673260680000.0,0.0,0.0,0.0,140.28,0.0,0.0,159.25,0.9999253857184062,1.0,1242.477376160002,1000.0,1242.477376160002,1000.0,0.0,0.0
8640,1673264280000.0,0.0,0.0,0.0,140.28,0.0,0.0,158.6,0.9999253857184062,1.0,1242.477376160002,1000.0,1242.477376160002,1000.0,0.0,0.0
8641,1673267880000.0,0.0,0.0,0.0,140.28,0.0,0.0,158.7,0.9999253857184062,1.0,1242.477376160002,1000.0,1242.477376160002,1000.0,0.0,0.0
8642,1673271480000.0,0.0,0.0,0.0,140.28,0.0,0.0,158.8,0.9999253857184062,1.0,1242.477376160002,1000.0,1242.477376160002,1000.0,0.0,0.0
8643,1673275080000.0,0.0,0.0,0.0,140.28,0.0,0.0,157.85,0.9999253857184062,1.0,1242.477376160002,1000.0,1242.477376160002,1000.0,0.0,0.0
8644,1673278680000.0,0.0,0.0,0.0,140.28,0.0,0.0,158.75,0.9999253857184062,1.0,1242.477376160002,1000.0,1242.477376160002,1000.0,0.0,0.0
8645,1673282280000.0,0.0,0.0,0.0,140.28,0.0,0.0,159.5,0.9999253857184062,1.0,1242.477376160002,1000.0,1242.477376160002,1000.0,0.0,0.0
8646,1673285880000.0,0.0,0.0,0.0,140.28,0.0,0.0,158.95,0.9999253857184062,1.0,1242.477376160002,1000.0,1242.477376160002,1000.0,0.0,0.0
8647,1673289480000.0,0.0,0.0,0.0,140.28,0.0,0.0,157.8,0.9999253857184062,1.0,1242.477376160002,1000.0,1242.477376160002,1000.0,0.0,0.0
8648,1673293080000.0,0.0,0.0,0.0,140.28,0.0,0.0,158.25,0.9999253857184062,1.0,1242.477376160002,1000.0,1242.477376160002,1000.0,0.0,0.0
8649,1673296680000.0,0.0,0.0,0.0,140.28,0.0,0.0,158.35,0.9999253857184062,1.0,1242.477376160002,1000.0,1242.477376160002,1000.0,0.0,0.0
8650,1673300280000.0,0.0,0.0,0.0,140.28,0.0,0.0,159.55,0.9999253857184062,1.0,1242.477376160002,1000.0,1242.477376160002,1000.0,0.0,0.0
8651,1673303880000.0,0.0,0.0,0.0,140.28,0.0,0.0,158.35,0.9999253857184062,1.0,1242.477376160002,1000.0,1242.477376160002,1000.0,0.0,0.0
8652,1673307480000.0,0.0,0.0,0.0,140.28,0.0,0.0,158.75,0.9999253857184062,1.0,1242.477376160002,1000.0,1242.477376160002,1000.0,0.0,0.0
8653,1673311080000.0,0.0,0.0,0.0,140.28,0.0,0.0,159.45,0.9999253857184062,1.0,1242.477376160002,1000.0,1242.477376160002,1000.0,0.0,0.0
8654,1673314680000.0,0.0,0.0,0.0,140.28,0.0,0.0,159.75,0.9999253857184062,1.0,1242.477376160002,1000.0,1242.477376160002,1000.0,0.0,0.0
8655,1673318280000.0,0.0,0.0,0.0,140.28,0.0,0.0,158.75,0.9999253857184062,1.0,1242.477376160002,1000.0,1242.477376160002,1000.0,0.0,0.0
8656,1673321880000.0,0.0,0.0,0.0,140.28,0.0,0.0,158.8,0.9999253857184062,1.0,1242.477376160002,1000.0,1242.477376160002,1000.0,0.0,0.0
8657,1673325480000.0,0.0,0.0,0.0,140.28,0.0,0.0,159.9,0.9999253857184062,1.0,1242.477376160002,1000.0,1242.477376160002,1000.0,0.0,0.0
8658,1673329080000.0,0.0,0.0,0.0,140.28,0.0,0.0,159.65,0.9999253857184062,1.0,1242.477376160002,1000.0,1242.477376160002,1000.0,0.0,0.0
8659,1673332680000.0,0.0,0.0,0.0,140.28,0.0,0.0,158.8,0.9999253857184062,1.0,1242.477376160002,1000.0,1242.477376160002,1000.0,0.0,0.0
8660,1673336280000.0,0.0,0.0,0.0,140.28,0.0,0.0,159.0,0.9999253857184062,1.0,1242.477376160002,1000.0,1242.477376160002,1000.0,0.0,0.0
8661,1673339880000.0,0.0,0.0,0.0,140.28,0.0,0.0,159.05,0.9999253857184062,1.0,1242.477376160002,1000.0,1242.477376160002,1000.0,0.0,0.0
8662,1673343480000.0,0.0,0.0,0.0,140.28,0.0,0.0,158.95,0.9999253857184062,1.0,1242.477376160002,1000.0,1242.477376160002,1000.0,0.0,0.0
8663,1673347080000.0,0.0,0.0,0.0,140.28,0.0,0.0,159.4,0.9999253857184062,1.0,1242.477376160002,1000.0,1242.477376160002,1000.0,0.0,0.0
8664,1673350680000.0,0.0,0.0,0.0,140.28,0.0,0.0,158.85,0.9999253857184062,1.0,1242.477376160002,1000.0,1242.477376160002,1000.0,0.0,0.0
8665,1673354280000.0,0.0,0.0,0.0,140.28,0.0,0.0,158.95,0.9999253857184062,1.0,1242.477376160002,1000.0,1242.477376160002,1000.0,0.0,0.0
8666,1673357880000.0,0.0,0.0,0.0,140.28,0.0,0.0,158.7,0.9999253857184062,1.0,1242.477376160002,1000.0,1242.477376160002,1000.0,0.0,0.0
8667,1673361480000.0,0.0,0.0,0.0,140.28,0.0,0.0,158.35,0.9999253857184062,1.0,1242.477376160002,1000.0,1242.477376160002,1000.0,0.0,0.0
8668,1673365080000.0,0.0,0.0,0.0,140.28,0.0,0.0,158.05,0.9999253857184062,1.0,1242.477376160002,1000.0,1242.477376160002,1000.0,0.0,0.0
8669,1673368680000.0,0.0,0.0,0.0,140.28,0.0,0.0,158.8,0.9999253857184062,1.0,1242.477376160002,1000.0,1242.477376160002,1000.0,0.0,0.0
8670,1673372280000.0,0.0,0.0,0.0,140.28,0.0,0.0,158.55,0.9999253857184062,1.0,1242.477376160002,1000.0,1242.477376160002,1000.0,0.0,0.0
8671,1673375880000.0,0.0,0.0,0.0,140.28,0.0,0.0,159.35,0.9999253857184062,1.0,1242.477376160002,1000.0,1242.477376160002,1000.0,0.0,0.0
8672,1673379480000.0,0.0,0.0,0.0,140.28,0.0,0.0,160.35,0.9999253857184062,1.0,1242.477376160002,1000.0,1242.477376160002,1000.0,0.0,0.0
8673,1673383080000.0,0.0,0.0,0.0,140.28,0.0,0.0,161.4,0.9999253857184062,1.0,1242.477376160002,1000.0,1242.477376160002,1000.0,0.0,0.0
8674,1673386680000.0,0.0,0.0,0.0,140.28,0.0,0.0,162.5,0.9999253857184062,1.0,1242.477376160002,1000.0,1242.477376160002,1000.0,0.0,0.0
8675,1673390280000.0,0.0,0.0,0.0,140.28,0.0,0.0,160.65,0.9999253857184062,1.0,1242.477376160002,1000.0,1242.477376160002,1000.0,0.0,0.0
8676,1673393880000.0,0.0,0.0,0.0,140.28,0.0,0.0,161.25,0.9999253857184062,1.0,1242.477376160002,1000.0,1242.477376160002,1000.0,0.0,0.0
8677,1673397480000.0,0.0,0.0,0.0,140.28,0.0,0.0,161.2,0.9999253857184062,1.0,1242.477376160002,1000.0,1242.477376160002,1000.0,0.0,0.0
8678,1673401080000.0,0.0,0.0,0.0,140.28,0.0,0.0,161.85,0.9999253857184062,1.0,1242.477376160002,1000.0,1242.477376160002,1000.0,0.0,0.0
8679,1673404680000.0,0.0,0.0,0.0,140.28,0.0,0.0,160.85,0.9999253857184062,1.0,1242.477376160002,1000.0,1242.477376160002,1000.0,0.0,0.0
8680,1673408280000.0,0.0,0.0,0.0,140.28,0.0,0.0,160.4,0.9999253857184062,1.0,1242.477376160002,1000.0,1242.477376160002,1000.0,0.0,0.0
8681,1673411880000.0,0.0,0.0,0.0,140.28,0.0,0.0,160.3,0.9999253857184062,1.0,1242.477376160002,1000.0,1242.477376160002,1000.0,0.0,0.0
8682,1673415480000.0,0.0,0.0,0.0,140.28,0.0,0.0,161.25,0.9999253857184062,1.0,1242.477376160002,1000.0,1242.477376160002,1000.0,0.0,0.0
8683,1673419080000.0,0.0,0.0,0.0,140.28,0.0,0.0,161.5,0.9999253857184062,1.0,1242.477376160002,1000.0,1242.477376160002,1000.0,0.0,0.0
8684,1673422680000.0,0.0,0.0,0.0,140.28,0.0,0.0,161.8,0.9999253857184062,1.0,1242.477376160002,1000.0,1242.477376160002,1000.0,0.0,0.0
8685,1673426280000.0,0.0,0.0,0.0,140.28,0.0,0.0,161.2,0.9999253857184062,1.0,1242.477376160002,1000.0,1242.477376160002,1000.0,0.0,0.0
8686,1673429880000.0,0.0,0.0,0.0,140.28,0.0,0.0,161.65,0.9999253857184062,1.0,1242.477376160002,1000.0,1242.477376160002,1000.0,0.0,0.0
8687,1673433480000.0,0.0,0.0,0.0,140.28,0.0,0.0,161.7,0.9999253857184062,1.0,1242.477376160002,1000.0,1242.477376160002,1000.0,0.0,0.0
8688,1673437080000.0,0.0,0.0,0.0,140.28,0.0,0.0,161.65,0.9999253857184062,1.0,1242.477376160002,1000.0,1242.477376160002,1000.0,0.0,0.0
8689,1673440680000.0,0.0,0.0,0.0,140.28,0.0,0.0,161.4,0.9999253857184062,1.0,1242.477376160002,1000.0,1242.477376160002,1000.0,0.0,0.0
8690,1673444280000.0,0.0,0.0,0.0,140.28,0.0,0.0,160.75,0.9999253857184062,1.0,1242.477376160002,1000.0,1242.477376160002,1000.0,0.0,0.0
8691,1673447880000.0,0.0,0.0,0.0,140.28,0.0,0.0,161.1,0.9999253857184062,1.0,1242.477376160002,1000.0,1242.477376160002,1000.0,0.0,0.0
8692,1673451480000.0,0.0,0.0,0.0,140.28,0.0,0.0,160.9,0.9999253857184062,1.0,1242.477376160002,1000.0,1242.477376160002,1000.0,0.0,0.0
8693,1673455080000.0,0.0,0.0,0.0,140.28,0.0,0.0,161.6,0.9999253857184062,1.0,1242.477376160002,1000.0,1242.477376160002,1000.0,0.0,0.0
8694,1673458680000.0,0.0,0.0,0.0,140.28,0.0,0.0,161.5,0.9999253857184062,1.0,1242.477376160002,1000.0,1242.477376160002,1000.0,0.0,0.0
8695,1673462280000.0,0.0,0.0,0.0,140.28,0.0,0.0,162.1,0.9999253857184062,1.0,1242.477376160002,1000.0,1242.477376160002,1000.0,0.0,0.0
8696,1673465880000.0,0.0,0.0,0.0,140.28,0.0,0.0,163.75,0.9999253857184062,1.0,1242.477376160002,1000.0,1242.477376160002,1000.0,0.0,0.0
8697,1673469480000.0,0.0,0.0,0.0,140.28,0.0,0.0,164.25,0.9999253857184062,1.0,1242.477376160002,1000.0,1242.477376160002,1000.0,0.0,0.0
8698,1673473080000.0,0.0,0.0,0.0,140.28,0.0,0.0,163.4,0.9999253857184062,1.0,1242.477376160002,1000.0,1242.477376160002,1000.0,0.0,0.0
8699,1673476680000.0,0.0,0.0,0.0,140.28,0.0,0.0,164.15,0.9999253857184062,1.0,1242.477376160002,1000.0,1242.477376160002,1000.0,0.0,0.0
8700,1673480280000.0,0.0,0.0,0.0,140.28,0.0,0.0,169.2,0.9999253857184062,1.0,1242.477376160002,1000.0,1242.477376160002,1000.0,0.0,0.0
8701,1673483880000.0,0.0,0.0,0.0,140.28,0.0,0.0,168.3,0.9999253857184062,1.0,1242.477376160002,1000.0,1242.477376160002,1000.0,0.0,0.0
8702,1673487480000.0,0.0,0.0,0.0,140.28,0.0,0.0,168.85,0.9999253857184062,1.0,1242.477376160002,1000.0,1242.477376160002,1000.0,0.0,0.0
8703,1673491080000.0,0.0,0.0,0.0,140.28,0.0,0.0,170.05,0.9999253857184062,1.0,1242.477376160002,1000.0,1242.477376160002,1000.0,0.0,0.0
8704,1673494680000.0,0.0,0.0,0.0,140.28,0.0,0.0,169.6,0.9999253857184062,1.0,1242.477376160002,1000.0,1242.477376160002,1000.0,0.0,0.0
8705,1673498280000.0,0.0,0.0,0.0,140.28,0.0,0.0,169.4,0.9999253857184062,1.0,1242.477376160002,1000.0,1242.477376160002,1000.0,0.0,0.0
8706,1673501880000.0,0.0,0.0,0.0,140.28,0.0,0.0,168.75,0.9999253857184062,1.0,1242.477376160002,1000.0,1242.477376160002,1000.0,0.0,0.0
8707,1673505480000.0,0.0,0.0,0.0,140.28,0.0,0.0,167.75,0.9999253857184062,1.0,1242.477376160002,1000.0,1242.477376160002,1000.0,0.0,0.0
8708,1673509080000.0,0.0,0.0,0.0,140.28,0.0,0.0,168.35,0.9999253857184062,1.0,1242.477376160002,1000.0,1242.477376160002,1000.0,0.0,0.0
8709,1673512680000.0,0.0,0.0,0.0,140.28,0.0,0.0,167.15,0.9999253857184062,1.0,1242.477376160002,1000.0,1242.477376160002,1000.0,0.0,0.0
8710,1673516280000.0,0.0,0.0,0.0,140.28,0.0,0.0,166.9,0.9999253857184062,1.0,1242.477376160002,1000.0,1242.477376160002,1000.0,0.0,0.0
8711,1673519880000.0,0.0,0.0,0.0,140.28,0.0,0.0,166.6,0.9999253857184062,1.0,1242.477376160002,1000.0,1242.477376160002,1000.0,0.0,0.0
8712,1673523480000.0,0.0,0.0,0.0,140.28,0.0,0.0,166.6,0.9999253857184062,1.0,1242.477376160002,1000.0,1242.477376160002,1000.0,0.0,0.0
8713,1673527080000.0,0.0,0.0,0.0,140.28,0.0,0.0,165.25,0.9999253857184062,1.0,1242.477376160002,1000.0,1242.477376160002,1000.0,0.0,0.0
8714,1673530680000.0,0.0,0.0,0.0,140.28,0.0,0.0,165.55,0.9999253857184062,1.0,1242.477376160002,1000.0,1242.477376160002,1000.0,0.0,0.0
8715,1673534280000.0,0.0,0.0,0.0,140.28,0.0,0.0,165.25,0.9999253857184062,1.0,1242.477376160002,1000.0,1242.477376160002,1000.0,0.0,0.0
8716,1673537880000.0,0.0,0.0,0.0,140.28,0.0,0.0,165.55,0.9999253857184062,1.0,1242.477376160002,1000.0,1242.477376160002,1000.0,0.0,0.0
8717,1673541480000.0,0.0,0.0,0.0,140.28,0.0,0.0,167.35,0.9999253857184062,1.0,1242.477376160002,1000.0,1242.477376160002,1000.0,0.0,0.0
8718,1673545080000.0,0.0,0.0,0.0,140.28,0.0,0.0,169.1,0.9999253857184062,1.0,1242.477376160002,1000.0,1242.477376160002,1000.0,0.0,0.0
8719,1673548680000.0,0.0,0.0,0.0,140.28,0.0,0.0,169.2,0.9999253857184062,1.0,1242.477376160002,1000.0,1242.477376160002,1000.0,0.0,0.0
8720,1673552280000.0,0.0,0.0,0.0,140.28,0.0,0.0,169.8,0.9999253857184062,1.0,1242.477376160002,1000.0,1242.477376160002,1000.0,0.0,0.0
8721,1673555880000.0,0.0,0.0,0.0,140.28,0.0,0.0,169.85,0.9999253857184062,1.0,1242.477376160002,1000.0,1242.477376160002,1000.0,0.0,0.0
8722,1673559480000.0,0.0,0.0,0.0,140.28,0.0,0.0,170.05,0.9999253857184062,1.0,1242.477376160002,1000.0,1242.477376160002,1000.0,0.0,0.0
8723,1673563080000.0,0.0,0.0,0.0,140.28,0.0,0.0,168.4,0.9999253857184062,1.0,1242.477376160002,1000.0,1242.477376160002,1000.0,0.0,0.0
8724,1673566680000.0,0.0,0.0,0.0,140.28,0.0,0.0,167.05,0.9999253857184062,1.0,1242.477376160002,1000.0,1242.477376160002,1000.0,0.0,0.0
8725,1673570280000.0,0.0,0.0,0.0,140.28,0.0,0.0,165.7,0.9999253857184062,1.0,1242.477376160002,1000.0,1242.477376160002,1000.0,0.0,0.0
8726,1673573880000.0,0.0,0.0,0.0,140.28,0.0,0.0,164.45,0.9999253857184062,1.0,1242.477376160002,1000.0,1242.477376160002,1000.0,0.0,0.0
8727,1673577480000.0,0.0,0.0,0.0,140.28,0.0,0.0,164.7,0.9999253857184062,1.0,1242.477376160002,1000.0,1242.477376160002,1000.0,0.0,0.0
8728,1673581080000.0,0.0,0.0,0.0,140.28,0.0,0.0,165.4,0.9999253857184062,1.0,1242.477376160002,1000.0,1242.477376160002,1000.0,0.0,0.0
8729,1673584680000.0,0.0,0.0,0.0,140.28,0.0,0.0,165.3,0.9999253857184062,1.0,1242.477376160002,1000.0,1242.477376160002,1000.0,0.0,0.0
8730,1673588280000.0,0.0,0.0,0.0,140.28,0.0,0.0,164.3,0.9999253857184062,1.0,1242.477376160002,1000.0,1242.477376160002,1000.0,0.0,0.0
8731,1673591880000.0,0.0,0.0,0.0,140.28,0.0,0.0,164.75,0.9999253857184062,1.0,1242.477376160002,1000.0,1242.477376160002,1000.0,0.0,0.0
8732,1673595480000.0,0.0,0.0,0.0,140.28,0.0,0.0,164.7,0.9999253857184062,1.0,1242.477376160002,1000.0,1242.477376160002,1000.0,0.0,0.0
8733,1673599080000.0,0.0,0.0,0.0,140.28,0.0,0.0,165.95,0.9999253857184062,1.0,1242.477376160002,1000.0,1242.477376160002,1000.0,0.0,0.0
8734,1673602680000.0,0.0,0.0,0.0,140.28,0.0,0.0,166.85,0.9999253857184062,1.0,1242.477376160002,1000.0,1242.477376160002,1000.0,0.0,0.0
8735,1673606280000.0,0.0,0.0,0.0,140.28,0.0,0.0,166.0,0.9999253857184062,1.0,1242.477376160002,1000.0,1242.477376160002,1000.0,0.0,0.0
8736,1673609880000.0,0.0,0.0,0.0,140.28,0.0,0.0,166.5,0.9999253857184062,1.0,1242.477376160002,1000.0,1242.477376160002,1000.0,0.0,0.0
8737,1673613480000.0,0.0,0.0,0.0,140.28,0.0,0.0,165.85,0.9999253857184062,1.0,1242.477376160002,1000.0,1242.477376160002,1000.0,0.0,0.0
8738,1673617080000.0,0.0,0.0,0.0,140.28,0.0,0.0,164.75,0.9999253857184062,1.0,1242.477376160002,1000.0,1242.477376160002,1000.0,0.0,0.0
8739,1673620680000.0,0.0,0.0,0.0,140.28,0.0,0.0,164.45,0.9999253857184062,1.0,1242.477376160002,1000.0,1242.477376160002,1000.0,0.0,0.0
8740,1673624280000.0,0.0,0.0,0.0,140.28,0.0,0.0,165.4,0.9999253857184062,1.0,1242.477376160002,1000.0,1242.477376160002,1000.0,0.0,0.0
8741,1673627880000.0,0.0,0.0,0.0,140.28,0.0,0.0,165.85,0.9999253857184062,1.0,1242.477376160002,1000.0,1242.477376160002,1000.0,0.0,0.0
8742,1673631480000.0,0.0,0.0,0.0,140.28,0.0,0.0,165.0,0.9999253857184062,1.0,1242.477376160002,1000.0,1242.477376160002,1000.0,0.0,0.0
8743,1673635080000.0,0.0,0.0,0.0,140.28,0.0,0.0,165.95,0.9999253857184062,1.0,1242.477376160002,1000.0,1242.477376160002,1000.0,0.0,0.0
8744,1673638680000.0,0.0,0.0,0.0,140.28,0.0,0.0,167.5,0.9999253857184062,1.0,1242.477376160002,1000.0,1242.477376160002,1000.0,0.0,0.0
8745,1673642280000.0,0.0,0.0,0.0,140.28,0.0,0.0,168.1,0.9999253857184062,1.0,1242.477376160002,1000.0,1242.477376160002,1000.0,0.0,0.0
8746,1673645880000.0,0.0,0.0,0.0,140.28,0.0,0.0,169.55,0.9999253857184062,1.0,1242.477376160002,1000.0,1242.477376160002,1000.0,0.0,0.0
8747,1673649480000.0,0.0,0.0,0.0,140.28,0.0,0.0,170.35,0.9999253857184062,1.0,1242.477376160002,1000.0,1242.477376160002,1000.0,0.0,0.0
8748,1673653080000.0,0.0,0.0,0.0,140.28,0.0,0.0,170.15,0.9999253857184062,1.0,1242.477376160002,1000.0,1242.477376160002,1000.0,0.0,0.0
8749,1673656680000.0,0.0,0.0,0.0,140.28,0.0,0.0,175.5,0.9999253857184062,1.0,1242.477376160002,1000.0,1242.477376160002,1000.0,0.0,0.0
8750,1673660280000.0,0.0,0.0,0.0,140.28,0.0,0.0,179.9,0.9999253857184062,1.0,1242.477376160002,1000.0,1242.477376160002,1000.0,0.0,0.0
8751,1673663880000.0,0.0,0.0,0.0,140.28,0.0,0.0,182.7,0.9999253857184062,1.0,1242.477376160002,1000.0,1242.477376160002,1000.0,0.0,0.0
8752,1673667480000.0,0.0,0.0,0.0,140.28,0.0,0.0,181.75,0.9999253857184062,1.0,1242.477376160002,1000.0,1242.477376160002,1000.0,0.0,0.0
8753,1673671080000.0,0.0,0.0,0.0,140.28,0.0,0.0,182.6,0.9999253857184062,1.0,1242.477376160002,1000.0,1242.477376160002,1000.0,0.0,0.0
8754,1673674680000.0,0.0,0.0,0.0,140.28,0.0,0.0,181.35,0.9999253857184062,1.0,1242.477376160002,1000.0,1242.477376160002,1000.0,0.0,0.0
8755,1673678280000.0,0.0,0.0,0.0,140.28,0.0,0.0,182.3,0.9999253857184062,1.0,1242.477376160002,1000.0,1242.477376160002,1000.0,0.0,0.0
8756,1673681880000.0,0.0,0.0,0.0,140.28,0.0,0.0,182.45,0.9999253857184062,1.0,1242.477376160002,1000.0,1242.477376160002,1000.0,0.0,0.0
8757,1673685480000.0,0.0,0.0,0.0,140.28,0.0,0.0,183.25,0.9999253857184062,1.0,1242.477376160002,1000.0,1242.477376160002,1000.0,0.0,0.0
8758,1673689080000.0,0.0,0.0,0.0,140.28,0.0,0.0,177.75,0.9999253857184062,1.0,1242.477376160002,1000.0,1242.477376160002,1000.0,0.0,0.0
8759,1673692680000.0,0.0,0.0,0.0,140.28,0.0,0.0,175.75,0.9999253857184062,1.0,1242.477376160002,1000.0,1242.477376160002,1000.0,0.0,0.0
8760,1673696280000.0,0.0,0.0,0.0,140.28,0.0,0.0,178.05,0.9999253857184062,1.0,1242.477376160002,1000.0,1242.477376160002,1000.0,0.0,0.0
8761,1673699880000.0,0.0,0.0,0.0,140.28,0.0,0.0,177.55,0.9999253857184062,1.0,1242.477376160002,1000.0,1242.477376160002,1000.0,0.0,0.0
8762,1673703480000.0,0.0,0.0,0.0,140.28,0.0,0.0,177.65,0.9999253857184062,1.0,1242.477376160002,1000.0,1242.477376160002,1000.0,0.0,0.0
8763,1673707080000.0,0.0,0.0,0.0,140.28,0.0,0.0,178.35,0.9999253857184062,1.0,1242.477376160002,1000.0,1242.477376160002,1000.0,0.0,0.0
8764,1673710680000.0,0.0,0.0,0.0,140.28,0.0,0.0,177.5,0.9999253857184062,1.0,1242.477376160002,1000.0,1242.477376160002,1000.0,0.0,0.0
8765,1673714280000.0,0.0,0.0,0.0,140.28,0.0,0.0,175.75,0.9999253857184062,1.0,1242.477376160002,1000.0,1242.477376160002,1000.0,0.0,0.0
8766,1673717880000.0,0.0,0.0,0.0,140.28,0.0,0.0,175.65,0.9999253857184062,1.0,1242.477376160002,1000.0,1242.477376160002,1000.0,0.0,0.0
8767,1673721480000.0,0.0,0.0,0.0,140.28,0.0,0.0,174.0,0.9999253857184062,1.0,1242.477376160002,1000.0,1242.477376160002,1000.0,0.0,0.0
8768,1673725080000.0,0.0,0.0,0.0,140.28,0.0,0.0,175.3,0.9999253857184062,1.0,1242.477376160002,1000.0,1242.477376160002,1000.0,0.0,0.0
8769,1673728680000.0,0.0,0.0,0.0,140.28,0.0,0.0,175.65,0.9999253857184062,1.0,1242.477376160002,1000.0,1242.477376160002,1000.0,0.0,0.0
8770,1673732280000.0,0.0,0.0,0.0,140.28,0.0,0.0,176.2,0.9999253857184062,1.0,1242.477376160002,1000.0,1242.477376160002,1000.0,0.0,0.0
8771,1673735880000.0,0.0,0.0,0.0,140.28,0.0,0.0,176.2,0.9999253857184062,1.0,1242.477376160002,1000.0,1242.477376160002,1000.0,0.0,0.0
8772,1673739480000.0,0.0,0.0,0.0,140.28,0.0,0.0,176.25,0.9999253857184062,1.0,1242.477376160002,1000.0,1242.477376160002,1000.0,0.0,0.0
8773,1673743080000.0,0.0,0.0,0.0,140.28,0.0,0.0,172.65,0.9999253857184062,1.0,1242.477376160002,1000.0,1242.477376160002,1000.0,0.0,0.0
8774,1673746680000.0,0.0,0.0,0.0,140.28,0.0,0.0,174.15,0.9999253857184062,1.0,1242.477376160002,1000.0,1242.477376160002,1000.0,0.0,0.0
8775,1673750280000.0,0.0,0.0,0.0,140.28,0.0,0.0,174.1,0.9999253857184062,1.0,1242.477376160002,1000.0,1242.477376160002,1000.0,0.0,0.0
8776,1673753880000.0,0.0,0.0,0.0,140.28,0.0,0.0,174.0,0.9999253857184062,1.0,1242.477376160002,1000.0,1242.477376160002,1000.0,0.0,0.0
8777,1673757480000.0,0.0,0.0,0.0,140.28,0.0,0.0,175.2,0.9999253857184062,1.0,1242.477376160002,1000.0,1242.477376160002,1000.0,0.0,0.0
8778,1673761080000.0,0.0,0.0,0.0,140.28,0.0,0.0,175.65,0.9999253857184062,1.0,1242.477376160002,1000.0,1242.477376160002,1000.0,0.0,0.0
8779,1673764680000.0,0.0,0.0,0.0,140.28,0.0,0.0,174.85,0.9999253857184062,1.0,1242.477376160002,1000.0,1242.477376160002,1000.0,0.0,0.0
8780,1673768280000.0,0.0,0.0,0.0,140.28,0.0,0.0,175.55,0.9999253857184062,1.0,1242.477376160002,1000.0,1242.477376160002,1000.0,0.0,0.0
8781,1673771880000.0,0.0,0.0,0.0,140.28,0.0,0.0,173.45,0.9999253857184062,1.0,1242.477376160002,1000.0,1242.477376160002,1000.0,0.0,0.0
8782,1673775480000.0,0.0,0.0,0.0,140.28,0.0,0.0,172.9,0.9999253857184062,1.0,1242.477376160002,1000.0,1242.477376160002,1000.0,0.0,0.0
8783,1673779080000.0,0.0,0.0,0.0,140.28,0.0,0.0,173.6,0.9999253857184062,1.0,1242.477376160002,1000.0,1242.477376160002,1000.0,0.0,0.0
8784,1673782680000.0,0.0,0.0,0.0,140.28,0.0,0.0,175.3,0.9999253857184062,1.0,1242.477376160002,1000.0,1242.477376160002,1000.0,0.0,0.0
8785,1673786280000.0,0.0,0.0,0.0,140.28,0.0,0.0,174.55,0.9999253857184062,1.0,1242.477376160002,1000.0,1242.477376160002,1000.0,0.0,0.0
8786,1673789880000.0,0.0,0.0,0.0,140.28,0.0,0.0,175.65,0.9999253857184062,1.0,1242.477376160002,1000.0,1242.477376160002,1000.0,0.0,0.0
8787,1673793480000.0,0.0,0.0,0.0,140.28,0.0,0.0,176.55,0.9999253857184062,1.0,1242.477376160002,1000.0,1242.477376160002,1000.0,0.0,0.0
8788,1673797080000.0,0.0,0.0,0.0,140.28,0.0,0.0,175.2,0.9999253857184062,1.0,1242.477376160002,1000.0,1242.477376160002,1000.0,0.0,0.0
8789,1673800680000.0,0.0,0.0,0.0,140.28,0.0,0.0,175.45,0.9999253857184062,1.0,1242.477376160002,1000.0,1242.477376160002,1000.0,0.0,0.0
8790,1673804280000.0,0.0,0.0,0.0,140.28,0.0,0.0,176.35,0.9999253857184062,1.0,1242.477376160002,1000.0,1242.477376160002,1000.0,0.0,0.0
8791,1673807880000.0,0.0,0.0,0.0,140.28,0.0,0.0,175.25,0.9999253857184062,1.0,1242.477376160002,1000.0,1242.477376160002,1000.0,0.0,0.0
8792,1673811480000.0,0.0,0.0,0.0,140.28,0.0,0.0,176.9,0.9999253857184062,1.0,1242.477376160002,1000.0,1242.477376160002,1000.0,0.0,0.0
8793,1673815080000.0,0.0,0.0,0.0,140.28,0.0,0.0,176.05,0.9999253857184062,1.0,1242.477376160002,1000.0,1242.477376160002,1000.0,0.0,0.0
8794,1673818680000.0,0.0,0.0,0.0,140.28,0.0,0.0,177.0,0.9999253857184062,1.0,1242.477376160002,1000.0,1242.477376160002,1000.0,0.0,0.0
8795,1673822280000.0,0.0,0.0,0.0,140.28,0.0,0.0,174.95,0.9999253857184062,1.0,1242.477376160002,1000.0,1242.477376160002,1000.0,0.0,0.0
8796,1673825880000.0,0.0,0.0,0.0,140.28,0.0,0.0,174.8,0.9999253857184062,1.0,1242.477376160002,1000.0,1242.477376160002,1000.0,0.0,0.0
8797,1673829480000.0,0.0,0.0,0.0,140.28,0.0,0.0,174.6,0.9999253857184062,1.0,1242.477376160002,1000.0,1242.477376160002,1000.0,0.0,0.0
8798,1673833080000.0,0.0,0.0,0.0,140.28,0.0,0.0,175.5,0.9999253857184062,1.0,1242.477376160002,1000.0,1242.477376160002,1000.0,0.0,0.0
8799,1673836680000.0,0.0,0.0,0.0,140.28,0.0,0.0,176.05,0.9999253857184062,1.0,1242.477376160002,1000.0,1242.477376160002,1000.0,0.0,0.0
8800,1673840280000.0,0.0,0.0,0.0,140.28,0.0,0.0,175.85,0.9999253857184062,1.0,1242.477376160002,1000.0,1242.477376160002,1000.0,0.0,0.0
8801,1673843880000.0,0.0,0.0,0.0,140.28,0.0,0.0,174.65,0.9999253857184062,1.0,1242.477376160002,1000.0,1242.477376160002,1000.0,0.0,0.0
8802,1673847480000.0,0.0,0.0,0.0,140.28,0.0,0.0,174.8,0.9999253857184062,1.0,1242.477376160002,1000.0,1242.477376160002,1000.0,0.0,0.0
8803,1673851080000.0,0.0,0.0,0.0,140.28,0.0,0.0,174.3,0.9999253857184062,1.0,1242.477376160002,1000.0,1242.477376160002,1000.0,0.0,0.0
8804,1673854680000.0,0.0,0.0,0.0,140.28,0.0,0.0,173.35,0.9999253857184062,1.0,1242.477376160002,1000.0,1242.477376160002,1000.0,0.0,0.0
8805,1673858280000.0,0.0,0.0,0.29,169.42,0.0,0.0,169.85,0.9999253857184062,1.0,1242.467549800002,1000.0,1242.592249800002,1000.0,0.03954372893514093,0.0
8806,1673861880000.0,0.0,0.0,0.29,169.42,0.0,0.0,169.1,0.9999253857184062,1.0,1242.467549800002,1000.0,1242.374749800002,1000.0,0.03954372893514093,0.0
8807,1673865480000.0,0.0,0.0,0.29,169.42,0.0,0.0,168.0,0.9999253857184062,1.0,1242.467549800002,1000.0,1242.0557498000019,1000.0,0.03954372893514093,0.0
8808,1673869080000.0,0.0,0.0,0.29,169.42,0.0,0.0,167.85,0.9999253857184062,1.0,1242.467549800002,1000.0,1242.0122498000019,1000.0,0.03954372893514093,0.0
8809,1673872680000.0,0.0,0.0,0.29,169.42,0.0,0.0,167.8,0.9999253857184062,1.0,1242.467549800002,1000.0,1241.9977498000019,1000.0,0.03954372893514093,0.0
8810,1673876280000.0,0.0,0.0,0.29,169.42,0.0,0.0,168.45,0.9999253857184062,1.0,1242.467549800002,1000.0,1242.1862498000019,1000.0,0.03954372893514093,0.0
8811,1673879880000.0,0.0,0.0,0.29,169.42,0.0,0.0,168.35,0.9999253857184062,1.0,1242.467549800002,1000.0,1242.1572498000019,1000.0,0.03954372893514093,0.0
8812,1673883480000.0,0.0,0.0,0.29,169.42,0.0,0.0,167.95,0.9999253857184062,1.0,1242.467549800002,1000.0,1242.0412498000019,1000.0,0.03954372893514093,0.0
8813,1673887080000.0,0.0,0.0,0.29,169.42,0.0,0.0,168.25,0.9999253857184062,1.0,1242.467549800002,1000.0,1242.1282498000019,1000.0,0.03954372893514093,0.0
8814,1673890680000.0,0.0,0.0,0.29,169.42,0.0,0.0,168.65,0.9999253857184062,1.0,1242.467549800002,1000.0,1242.244249800002,1000.0,0.03954372893514093,0.0
8815,1673894280000.0,0.0,0.0,0.29,169.42,0.0,0.0,169.25,0.9999253857184062,1.0,1242.467549800002,1000.0,1242.418249800002,1000.0,0.03954372893514093,0.0
8816,1673897880000.0,0.0,0.0,0.29,169.42,0.0,0.0,169.55,0.9999253857184062,1.0,1242.467549800002,1000.0,1242.505249800002,1000.0,0.03954372893514093,0.0
8817,1673901480000.0,0.0,0.0,0.29,169.42,0.0,0.0,168.7,0.9999253857184062,1.0,1242.467549800002,1000.0,1242.2587498000019,1000.0,0.03954372893514093,0.0
8818,1673905080000.0,0.0,0.0,0.29,169.42,0.0,0.0,167.65,0.9999253857184062,1.0,1242.467549800002,1000.0,1241.954249800002,1000.0,0.03954372893514093,0.0
8819,1673908680000.0,0.0,0.0,0.29,169.42,0.0,0.0,168.0,0.9999253857184062,1.0,1242.467549800002,1000.0,1242.0557498000019,1000.0,0.03954372893514093,0.0
8820,1673912280000.0,0.0,0.0,0.29,169.42,0.0,0.0,167.9,0.9999253857184062,1.0,1242.467549800002,1000.0,1242.0267498000019,1000.0,0.03954372893514093,0.0
8821,1673915880000.0,0.0,0.0,0.29,169.42,0.0,0.0,167.6,0.9999253857184062,1.0,1242.467549800002,1000.0,1241.939749800002,1000.0,0.03954372893514093,0.0
8822,1673919480000.0,0.0,0.0,0.29,169.42,0.0,0.0,166.75,0.9999253857184062,1.0,1242.467549800002,1000.0,1241.693249800002,1000.0,0.03954372893514093,0.0
8823,1673923080000.0,0.0,0.0,0.29,169.42,0.0,0.0,165.9,0.9999253857184062,1.0,1242.467549800002,1000.0,1241.446749800002,1000.0,0.03954372893514093,0.0
8824,1673926680000.0,0.0,0.0,0.29,169.42,0.0,0.0,167.25,0.9999253857184062,1.0,1242.467549800002,1000.0,1241.838249800002,1000.0,0.03954372893514093,0.0
8825,1673930280000.0,0.0,0.0,0.29,169.42,0.0,0.0,167.6,0.9999253857184062,1.0,1242.467549800002,1000.0,1241.939749800002,1000.0,0.03954372893514093,0.0
8826,1673933880000.0,0.0,0.0,0.29,169.42,0.0,0.0,168.0,0.9999253857184062,1.0,1242.467549800002,1000.0,1242.0557498000019,1000.0,0.03954372893514093,0.0
8827,1673937480000.0,0.0,0.0,0.29,169.42,0.0,0.0,169.5,0.9999253857184062,1.0,1242.467549800002,1000.0,1242.490749800002,1000.0,0.03954372893514093,0.0
8828,1673941080000.0,0.0,0.0,0.29,169.42,0.0,0.0,171.15,0.9999253857184062,1.0,1242.467549800002,1000.0,1242.969249800002,1000.0,0.03954372893514093,0.0
8829,1673944680000.0,0.0,0.0,0.29,169.42,0.0,0.0,170.7,0.9999253857184062,1.0,1242.467549800002,1000.0,1242.838749800002,1000.0,0.03954372893514093,0.0
8830,1673948280000.0,0.0,0.0,0.29,169.42,0.0,0.0,171.75,0.9999253857184062,1.0,1242.467549800002,1000.0,1243.143249800002,1000.0,0.03954372893514093,0.0
8831,1673951880000.0,0.0,0.0,0.29,169.42,0.0,0.0,170.55,0.9999253857184062,1.0,1242.467549800002,1000.0,1242.795249800002,1000.0,0.03954372893514093,0.0
8832,1673955480000.0,0.0,0.0,0.29,169.42,0.0,0.0,170.85,0.9999253857184062,1.0,1242.467549800002,1000.0,1242.882249800002,1000.0,0.03954372893514093,0.0
8833,1673959080000.0,0.0,0.0,0.29,169.42,0.0,0.0,171.95,0.9999253857184062,1.0,1242.467549800002,1000.0,1243.201249800002,1000.0,0.03954372893514093,0.0
8834,1673962680000.0,0.0,0.0,0.29,169.42,0.0,0.0,172.55,0.9999253857184062,1.0,1242.467549800002,1000.0,1243.375249800002,1000.0,0.03954372893514093,0.0
8835,1673966280000.0,0.0,0.0,0.29,169.42,0.0,0.0,171.05,0.9999253857184062,1.0,1242.467549800002,1000.0,1242.940249800002,1000.0,0.03954372893514093,0.0
8836,1673969880000.0,0.0,0.0,0.29,169.42,0.0,0.0,173.3,0.9999253857184062,1.0,1242.467549800002,1000.0,1243.592749800002,1000.0,0.03954372893514093,0.0
8837,1673973480000.0,0.0,0.0,0.29,169.42,0.0,0.0,173.8,0.9999253857184062,1.0,1242.467549800002,1000.0,1243.737749800002,1000.0,0.03954372893514093,0.0
8838,1673977080000.0,0.0,0.0,0.2,169.42,0.0,0.0,174.25,0.9999253857184062,1.0,1242.922508620002,1000.0,1243.8885086200019,1000.0,0.027261554734913356,0.0
8839,1673980680000.0,0.0,0.0,0.2,169.42,0.0,0.0,172.95,0.9999253857184062,1.0,1242.922508620002,1000.0,1243.6285086200019,1000.0,0.027261554734913356,0.0
8840,1673984280000.0,0.0,0.0,0.2,169.42,0.0,0.0,171.6,0.9999253857184062,1.0,1242.922508620002,1000.0,1243.3585086200019,1000.0,0.027261554734913356,0.0
8841,1673987880000.0,0.0,0.0,0.2,169.42,0.0,0.0,172.1,0.9999253857184062,1.0,1242.922508620002,1000.0,1243.458508620002,1000.0,0.027261554734913356,0.0
8842,1673991480000.0,0.0,0.0,0.2,169.42,0.0,0.0,172.7,0.9999253857184062,1.0,1242.922508620002,1000.0,1243.578508620002,1000.0,0.027261554734913356,0.0
8843,1673995080000.0,0.0,0.0,0.2,169.42,0.0,0.0,173.65,0.9999253857184062,1.0,1242.922508620002,1000.0,1243.768508620002,1000.0,0.027261554734913356,0.0
8844,1673998680000.0,0.0,0.0,0.2,169.42,0.0,0.0,172.25,0.9999253857184062,1.0,1242.922508620002,1000.0,1243.488508620002,1000.0,0.027261554734913356,0.0
8845,1674002280000.0,0.0,0.0,0.2,169.42,0.0,0.0,172.15,0.9999253857184062,1.0,1242.922508620002,1000.0,1243.468508620002,1000.0,0.027261554734913356,0.0
8846,1674005880000.0,0.0,0.0,0.2,169.42,0.0,0.0,173.0,0.9999253857184062,1.0,1242.922508620002,1000.0,1243.6385086200019,1000.0,0.027261554734913356,0.0
8847,1674009480000.0,0.0,0.0,0.2,169.42,0.0,0.0,171.95,0.9999253857184062,1.0,1242.922508620002,1000.0,1243.428508620002,1000.0,0.027261554734913356,0.0
8848,1674013080000.0,0.0,0.0,0.2,169.42,0.0,0.0,172.25,0.9999253857184062,1.0,1242.922508620002,1000.0,1243.488508620002,1000.0,0.027261554734913356,0.0
8849,1674016680000.0,0.0,0.0,0.2,169.42,0.0,0.0,172.5,0.9999253857184062,1.0,1242.922508620002,1000.0,1243.538508620002,1000.0,0.027261554734913356,0.0
8850,1674020280000.0,0.0,0.0,0.2,169.42,0.0,0.0,173.6,0.9999253857184062,1.0,1242.922508620002,1000.0,1243.758508620002,1000.0,0.027261554734913356,0.0
8851,1674023880000.0,0.0,0.0,0.2,169.42,0.0,0.0,173.65,0.9999253857184062,1.0,1242.922508620002,1000.0,1243.768508620002,1000.0,0.027261554734913356,0.0
8852,1674027480000.0,0.0,0.0,0.2,169.42,0.0,0.0,173.75,0.9999253857184062,1.0,1242.922508620002,1000.0,1243.788508620002,1000.0,0.027261554734913356,0.0
8853,1674031080000.0,0.0,0.0,0.2,169.42,0.0,0.0,173.75,0.9999253857184062,1.0,1242.922508620002,1000.0,1243.788508620002,1000.0,0.027261554734913356,0.0
8854,1674034680000.0,0.0,0.0,0.2,169.42,0.0,0.0,173.75,0.9999253857184062,1.0,1242.922508620002,1000.0,1243.788508620002,1000.0,0.027261554734913356,0.0
8855,1674038280000.0,0.0,0.0,0.05,169.42,0.0,0.0,173.55,0.9999253857184062,1.0,1243.680773320002,1000.0,1243.887273320002,1000.0,0.006811233382169841,0.0
8856,1674041880000.0,0.0,0.0,0.05,169.42,0.0,0.0,171.8,0.9999253857184062,1.0,1243.680773320002,1000.0,1243.7997733200018,1000.0,0.006811233382169841,0.0
8857,1674045480000.0,0.0,0.0,0.05,169.42,0.0,0.0,173.05,0.9999253857184062,1.0,1243.680773320002,1000.0,1243.8622733200018,1000.0,0.006811233382169841,0.0
8858,1674049080000.0,0.0,0.0,0.05,169.42,0.0,0.0,172.65,0.9999253857184062,1.0,1243.680773320002,1000.0,1243.8422733200018,1000.0,0.006811233382169841,0.0
8859,1674052680000.0,0.0,0.0,0.05,169.42,0.0,0.0,173.7,0.9999253857184062,1.0,1243.680773320002,1000.0,1243.8947733200018,1000.0,0.006811233382169841,0.0
8860,1674056280000.0,0.0,0.0,0.05,169.42,0.0,0.0,172.05,0.9999253857184062,1.0,1243.680773320002,1000.0,1243.8122733200019,1000.0,0.006811233382169841,0.0
8861,1674059880000.0,0.0,0.0,0.61,163.96262295081968,0.0,0.0,161.75,0.9999253857184062,1.0,1243.6624640800019,1000.0,1242.312764080002,1000.0,0.08042149931250649,0.0
8862,1674063480000.0,0.0,0.0,0.61,163.96262295081968,0.0,0.0,167.65,0.9999253857184062,1.0,1243.6624640800019,1000.0,1245.9117640800018,1000.0,0.08042149931250649,0.0
8863,1674067080000.0,0.0,0.0,0.41,163.96262295081968,0.0,0.0,167.5,0.9999253857184062,1.0,1244.641183889838,1000.0,1246.091508480002,1000.0,0.05401128958286669,0.0
8864,1674070680000.0,0.0,0.0,0.41,163.96262295081968,0.0,0.0,166.15,0.9999253857184062,1.0,1244.641183889838,1000.0,1245.538008480002,1000.0,0.05401128958286669,0.0
8865,1674074280000.0,0.0,0.0,0.41,163.96262295081968,0.0,0.0,164.4,0.9999253857184062,1.0,1244.641183889838,1000.0,1244.820508480002,1000.0,0.05401128958286669,0.0
8866,1674077880000.0,0.0,0.0,0.41,163.96262295081968,0.0,0.0,163.7,0.9999253857184062,1.0,1244.641183889838,1000.0,1244.533508480002,1000.0,0.05401128958286669,0.0
8867,1674081480000.0,0.0,0.0,0.41,163.96262295081968,0.0,0.0,162.7,0.9999253857184062,1.0,1244.641183889838,1000.0,1244.1235084800019,1000.0,0.05401128958286669,0.0
8868,1674085080000.0,0.0,0.0,0.41,163.96262295081968,0.0,0.0,163.5,0.9999253857184062,1.0,1244.641183889838,1000.0,1244.4515084800018,1000.0,0.05401128958286669,0.0
8869,1674088680000.0,0.0,0.0,0.41,163.96262295081968,0.0,0.0,163.55,0.9999253857184062,1.0,1244.641183889838,1000.0,1244.472008480002,1000.0,0.05401128958286669,0.0
8870,1674092280000.0,0.0,0.0,0.41,163.96262295081968,0.0,0.0,162.35,0.9999253857184062,1.0,1244.641183889838,1000.0,1243.980008480002,1000.0,0.05401128958286669,0.0
8871,1674095880000.0,0.0,0.0,0.41,163.96262295081968,0.0,0.0,162.35,0.9999253857184062,1.0,1244.641183889838,1000.0,1243.980008480002,1000.0,0.05401128958286669,0.0
8872,1674099480000.0,0.0,0.0,0.41,163.96262295081968,0.0,0.0,160.45,0.9999253857184062,1.0,1244.641183889838,1000.0,1243.201008480002,1000.0,0.05401128958286669,0.0
8873,1674103080000.0,0.0,0.0,0.41,163.96262295081968,0.0,0.0,160.0,0.9999253857184062,1.0,1244.641183889838,1000.0,1243.016508480002,1000.0,0.05401128958286669,0.0
8874,1674106680000.0,0.0,0.0,0.41,163.96262295081968,0.0,0.0,159.95,0.9999253857184062,1.0,1244.641183889838,1000.0,1242.9960084800018,1000.0,0.05401128958286669,0.0
8875,1674110280000.0,0.0,0.0,0.41,163.96262295081968,0.0,0.0,159.8,0.9999253857184062,1.0,1244.641183889838,1000.0,1242.934508480002,1000.0,0.05401128958286669,0.0
8876,1674113880000.0,0.0,0.0,0.41,163.96262295081968,0.0,0.0,159.8,0.9999253857184062,1.0,1244.641183889838,1000.0,1242.934508480002,1000.0,0.05401128958286669,0.0
8877,1674117480000.0,0.0,0.0,0.41,163.96262295081968,0.0,0.0,158.8,0.9999253857184062,1.0,1244.641183889838,1000.0,1242.524508480002,1000.0,0.05401128958286669,0.0
8878,1674121080000.0,0.0,0.0,0.41,163.96262295081968,0.0,0.0,158.3,0.9999253857184062,1.0,1244.641183889838,1000.0,1242.319508480002,1000.0,0.05401128958286669,0.0
8879,1674124680000.0,0.0,0.0,0.41,163.96262295081968,0.0,0.0,157.8,0.9999253857184062,1.0,1244.641183889838,1000.0,1242.1145084800019,1000.0,0.05401128958286669,0.0
8880,1674128280000.0,0.0,0.0,0.41,163.96262295081968,0.0,0.0,157.0,0.9999253857184062,1.0,1244.641183889838,1000.0,1241.7865084800019,1000.0,0.05401128958286669,0.0
8881,1674131880000.0,0.0,0.0,0.41,163.96262295081968,0.0,0.0,158.8,0.9999253857184062,1.0,1244.641183889838,1000.0,1242.524508480002,1000.0,0.05401128958286669,0.0
8882,1674135480000.0,0.0,0.0,0.41,163.96262295081968,0.0,0.0,158.5,0.9999253857184062,1.0,1244.641183889838,1000.0,1242.401508480002,1000.0,0.05401128958286669,0.0
8883,1674139080000.0,0.0,0.0,0.41,163.96262295081968,0.0,0.0,160.6,0.9999253857184062,1.0,1244.641183889838,1000.0,1243.262508480002,1000.0,0.05401128958286669,0.0
8884,1674142680000.0,0.0,0.0,0.41,163.96262295081968,0.0,0.0,162.0,0.9999253857184062,1.0,1244.641183889838,1000.0,1243.8365084800018,1000.0,0.05401128958286669,0.0
8885,1674146280000.0,0.0,0.0,0.41,163.96262295081968,0.0,0.0,161.35,0.9999253857184062,1.0,1244.641183889838,1000.0,1243.570008480002,1000.0,0.05401128958286669,0.0
8886,1674149880000.0,0.0,0.0,0.41,163.96262295081968,0.0,0.0,161.4,0.9999253857184062,1.0,1244.641183889838,1000.0,1243.590508480002,1000.0,0.05401128958286669,0.0
8887,1674153480000.0,0.0,0.0,0.41,163.96262295081968,0.0,0.0,162.0,0.9999253857184062,1.0,1244.641183889838,1000.0,1243.8365084800018,1000.0,0.05401128958286669,0.0
8888,1674157080000.0,0.0,0.0,0.41,163.96262295081968,0.0,0.0,162.9,0.9999253857184062,1.0,1244.641183889838,1000.0,1244.205508480002,1000.0,0.05401128958286669,0.0
8889,1674160680000.0,0.0,0.0,0.41,163.96262295081968,0.0,0.0,163.1,0.9999253857184062,1.0,1244.641183889838,1000.0,1244.2875084800019,1000.0,0.05401128958286669,0.0
8890,1674164280000.0,0.0,0.0,0.41,163.96262295081968,0.0,0.0,163.2,0.9999253857184062,1.0,1244.641183889838,1000.0,1244.3285084800018,1000.0,0.05401128958286669,0.0
8891,1674167880000.0,0.0,0.0,0.41,163.96262295081968,0.0,0.0,162.75,0.9999253857184062,1.0,1244.641183889838,1000.0,1244.144008480002,1000.0,0.05401128958286669,0.0
8892,1674171480000.0,0.0,0.0,0.41,163.96262295081968,0.0,0.0,165.25,0.9999253857184062,1.0,1244.641183889838,1000.0,1245.1690084800018,1000.0,0.05401128958286669,0.0
8893,1674175080000.0,0.0,0.0,0.41,163.96262295081968,0.0,0.0,166.35,0.9999253857184062,1.0,1244.641183889838,1000.0,1245.6200084800018,1000.0,0.05401128958286669,0.0
8894,1674178680000.0,0.0,0.0,0.41,163.96262295081968,0.0,0.0,166.3,0.9999253857184062,1.0,1244.641183889838,1000.0,1245.599508480002,1000.0,0.05401128958286669,0.0
8895,1674182280000.0,0.0,0.0,0.41,163.96262295081968,0.0,0.0,165.35,0.9999253857184062,1.0,1244.641183889838,1000.0,1245.210008480002,1000.0,0.05401128958286669,0.0
8896,1674185880000.0,0.0,0.0,0.41,163.96262295081968,0.0,0.0,166.15,0.9999253857184062,1.0,1244.641183889838,1000.0,1245.538008480002,1000.0,0.05401128958286669,0.0
8897,1674189480000.0,0.0,0.0,0.41,163.96262295081968,0.0,0.0,166.55,0.9999253857184062,1.0,1244.641183889838,1000.0,1245.702008480002,1000.0,0.05401128958286669,0.0
8898,1674193080000.0,0.0,0.0,0.41,163.96262295081968,0.0,0.0,165.6,0.9999253857184062,1.0,1244.641183889838,1000.0,1245.312508480002,1000.0,0.05401128958286669,0.0
8899,1674196680000.0,0.0,0.0,0.41,163.96262295081968,0.0,0.0,166.35,0.9999253857184062,1.0,1244.641183889838,1000.0,1245.6200084800018,1000.0,0.05401128958286669,0.0
8900,1674200280000.0,0.0,0.0,0.41,163.96262295081968,0.0,0.0,167.2,0.9999253857184062,1.0,1244.641183889838,1000.0,1245.968508480002,1000.0,0.05401128958286669,0.0
8901,1674203880000.0,0.0,0.0,0.41,163.96262295081968,0.0,0.0,166.4,0.9999253857184062,1.0,1244.641183889838,1000.0,1245.640508480002,1000.0,0.05401128958286669,0.0
8902,1674207480000.0,0.0,0.0,0.41,163.96262295081968,0.0,0.0,167.35,0.9999253857184062,1.0,1244.641183889838,1000.0,1246.030008480002,1000.0,0.05401128958286669,0.0
8903,1674211080000.0,0.0,0.0,0.41,163.96262295081968,0.0,0.0,165.75,0.9999253857184062,1.0,1244.641183889838,1000.0,1245.374008480002,1000.0,0.05401128958286669,0.0
8904,1674214680000.0,0.0,0.0,0.41,163.96262295081968,0.0,0.0,166.1,0.9999253857184062,1.0,1244.641183889838,1000.0,1245.5175084800019,1000.0,0.05401128958286669,0.0
8905,1674218280000.0,0.0,0.0,0.41,163.96262295081968,0.0,0.0,166.85,0.9999253857184062,1.0,1244.641183889838,1000.0,1245.825008480002,1000.0,0.05401128958286669,0.0
8906,1674221880000.0,0.0,0.0,0.41,163.96262295081968,0.0,0.0,165.35,0.9999253857184062,1.0,1244.641183889838,1000.0,1245.210008480002,1000.0,0.05401128958286669,0.0
8907,1674225480000.0,0.0,0.0,0.41,163.96262295081968,0.0,0.0,164.85,0.9999253857184062,1.0,1244.641183889838,1000.0,1245.0050084800018,1000.0,0.05401128958286669,0.0
8908,1674229080000.0,0.0,0.0,0.41,163.96262295081968,0.0,0.0,166.8,0.9999253857184062,1.0,1244.641183889838,1000.0,1245.804508480002,1000.0,0.05401128958286669,0.0
8909,1674232680000.0,0.0,0.0,0.41,163.96262295081968,0.0,0.0,168.6,0.9999253857184062,1.0,1244.641183889838,1000.0,1246.542508480002,1000.0,0.05401128958286669,0.0
8910,1674236280000.0,0.0,0.0,0.01,163.96262295081968,0.0,0.0,168.9,0.9999253857184062,1.0,1246.5986235095093,1000.0,1246.6479972800012,1000.0,0.0013152799935653783,0.0
8911,1674239880000.0,0.0,0.0,0.0,163.96262295081968,0.0,0.0,169.35,0.9999253857184062,1.0,1246.6475595000009,1000.0,1246.6475595000009,1000.0,0.0,0.0
8912,1674243480000.0,0.0,0.0,0.0,163.96262295081968,0.0,0.0,169.55,0.9999253857184062,1.0,1246.6475595000009,1000.0,1246.6475595000009,1000.0,0.0,0.0
8913,1674247080000.0,0.0,0.0,0.0,163.96262295081968,0.0,0.0,172.25,0.9999253857184062,1.0,1246.6475595000009,1000.0,1246.6475595000009,1000.0,0.0,0.0
8914,1674250680000.0,0.0,0.0,0.0,163.96262295081968,0.0,0.0,172.65,0.9999253857184062,1.0,1246.6475595000009,1000.0,1246.6475595000009,1000.0,0.0,0.0
8915,1674254280000.0,0.0,0.0,0.0,163.96262295081968,0.0,0.0,172.6,0.9999253857184062,1.0,1246.6475595000009,1000.0,1246.6475595000009,1000.0,0.0,0.0
8916,1674257880000.0,0.0,0.0,0.0,163.96262295081968,0.0,0.0,172.5,0.9999253857184062,1.0,1246.6475595000009,1000.0,1246.6475595000009,1000.0,0.0,0.0
8917,1674261480000.0,0.0,0.0,0.0,163.96262295081968,0.0,0.0,173.0,0.9999253857184062,1.0,1246.6475595000009,1000.0,1246.6475595000009,1000.0,0.0,0.0
8918,1674265080000.0,0.0,0.0,0.0,163.96262295081968,0.0,0.0,172.65,0.9999253857184062,1.0,1246.6475595000009,1000.0,1246.6475595000009,1000.0,0.0,0.0
8919,1674268680000.0,0.0,0.0,0.0,163.96262295081968,0.0,0.0,172.9,0.9999253857184062,1.0,1246.6475595000009,1000.0,1246.6475595000009,1000.0,0.0,0.0
8920,1674272280000.0,0.0,0.0,0.0,163.96262295081968,0.0,0.0,172.4,0.9999253857184062,1.0,1246.6475595000009,1000.0,1246.6475595000009,1000.0,0.0,0.0
8921,1674275880000.0,0.0,0.0,0.0,163.96262295081968,0.0,0.0,172.8,0.9999253857184062,1.0,1246.6475595000009,1000.0,1246.6475595000009,1000.0,0.0,0.0
8922,1674279480000.0,0.0,0.0,0.0,163.96262295081968,0.0,0.0,174.6,0.9999253857184062,1.0,1246.6475595000009,1000.0,1246.6475595000009,1000.0,0.0,0.0
8923,1674283080000.0,0.0,0.0,0.0,163.96262295081968,0.0,0.0,176.05,0.9999253857184062,1.0,1246.6475595000009,1000.0,1246.6475595000009,1000.0,0.0,0.0
8924,1674286680000.0,0.0,0.0,0.0,163.96262295081968,0.0,0.0,177.35,0.9999253857184062,1.0,1246.6475595000009,1000.0,1246.6475595000009,1000.0,0.0,0.0
8925,1674290280000.0,0.0,0.0,0.0,163.96262295081968,0.0,0.0,176.55,0.9999253857184062,1.0,1246.6475595000009,1000.0,1246.6475595000009,1000.0,0.0,0.0
8926,1674293880000.0,0.0,0.0,0.0,163.96262295081968,0.0,0.0,180.6,0.9999253857184062,1.0,1246.6475595000009,1000.0,1246.6475595000009,1000.0,0.0,0.0
8927,1674297480000.0,0.0,0.0,0.0,163.96262295081968,0.0,0.0,180.25,0.9999253857184062,1.0,1246.6475595000009,1000.0,1246.6475595000009,1000.0,0.0,0.0
8928,1674301080000.0,0.0,0.0,0.0,163.96262295081968,0.0,0.0,174.3,0.9999253857184062,1.0,1246.6475595000009,1000.0,1246.6475595000009,1000.0,0.0,0.0
8929,1674304680000.0,0.0,0.0,0.0,163.96262295081968,0.0,0.0,176.4,0.9999253857184062,1.0,1246.6475595000009,1000.0,1246.6475595000009,1000.0,0.0,0.0
8930,1674308280000.0,0.0,0.0,0.0,163.96262295081968,0.0,0.0,176.1,0.9999253857184062,1.0,1246.6475595000009,1000.0,1246.6475595000009,1000.0,0.0,0.0
8931,1674311880000.0,0.0,0.0,0.0,163.96262295081968,0.0,0.0,176.3,0.9999253857184062,1.0,1246.6475595000009,1000.0,1246.6475595000009,1000.0,0.0,0.0
8932,1674315480000.0,0.0,0.0,0.0,163.96262295081968,0.0,0.0,173.3,0.9999253857184062,1.0,1246.6475595000009,1000.0,1246.6475595000009,1000.0,0.0,0.0
8933,1674319080000.0,0.0,0.0,0.0,163.96262295081968,0.0,0.0,175.05,0.9999253857184062,1.0,1246.6475595000009,1000.0,1246.6475595000009,1000.0,0.0,0.0
8934,1674322680000.0,0.0,0.0,0.0,163.96262295081968,0.0,0.0,174.2,0.9999253857184062,1.0,1246.6475595000009,1000.0,1246.6475595000009,1000.0,0.0,0.0
8935,1674326280000.0,0.0,0.0,0.0,163.96262295081968,0.0,0.0,175.35,0.9999253857184062,1.0,1246.6475595000009,1000.0,1246.6475595000009,1000.0,0.0,0.0
8936,1674329880000.0,0.0,0.0,0.0,163.96262295081968,0.0,0.0,175.5,0.9999253857184062,1.0,1246.6475595000009,1000.0,1246.6475595000009,1000.0,0.0,0.0
8937,1674333480000.0,0.0,0.0,0.0,163.96262295081968,0.0,0.0,174.25,0.9999253857184062,1.0,1246.6475595000009,1000.0,1246.6475595000009,1000.0,0.0,0.0
8938,1674337080000.0,0.0,0.0,0.0,163.96262295081968,0.0,0.0,174.15,0.9999253857184062,1.0,1246.6475595000009,1000.0,1246.6475595000009,1000.0,0.0,0.0
8939,1674340680000.0,0.0,0.0,0.0,163.96262295081968,0.0,0.0,173.85,0.9999253857184062,1.0,1246.6475595000009,1000.0,1246.6475595000009,1000.0,0.0,0.0
8940,1674344280000.0,0.0,0.0,0.0,163.96262295081968,0.0,0.0,173.2,0.9999253857184062,1.0,1246.6475595000009,1000.0,1246.6475595000009,1000.0,0.0,0.0
8941,1674347880000.0,0.0,0.0,0.0,163.96262295081968,0.0,0.0,174.7,0.9999253857184062,1.0,1246.6475595000009,1000.0,1246.6475595000009,1000.0,0.0,0.0
8942,1674351480000.0,0.0,0.0,0.0,163.96262295081968,0.0,0.0,175.05,0.9999253857184062,1.0,1246.6475595000009,1000.0,1246.6475595000009,1000.0,0.0,0.0
8943,1674355080000.0,0.0,0.0,0.0,163.96262295081968,0.0,0.0,175.3,0.9999253857184062,1.0,1246.6475595000009,1000.0,1246.6475595000009,1000.0,0.0,0.0
8944,1674358680000.0,0.0,0.0,0.0,163.96262295081968,0.0,0.0,173.65,0.9999253857184062,1.0,1246.6475595000009,1000.0,1246.6475595000009,1000.0,0.0,0.0
8945,1674362280000.0,0.0,0.0,0.0,163.96262295081968,0.0,0.0,173.9,0.9999253857184062,1.0,1246.6475595000009,1000.0,1246.6475595000009,1000.0,0.0,0.0
8946,1674365880000.0,0.0,0.0,0.0,163.96262295081968,0.0,0.0,174.0,0.9999253857184062,1.0,1246.6475595000009,1000.0,1246.6475595000009,1000.0,0.0,0.0
8947,1674369480000.0,0.0,0.0,0.0,163.96262295081968,0.0,0.0,174.5,0.9999253857184062,1.0,1246.6475595000009,1000.0,1246.6475595000009,1000.0,0.0,0.0
8948,1674373080000.0,0.0,0.0,0.0,163.96262295081968,0.0,0.0,174.7,0.9999253857184062,1.0,1246.6475595000009,1000.0,1246.6475595000009,1000.0,0.0,0.0
8949,1674376680000.0,0.0,0.0,0.0,163.96262295081968,0.0,0.0,176.75,0.9999253857184062,1.0,1246.6475595000009,1000.0,1246.6475595000009,1000.0,0.0,0.0
8950,1674380280000.0,0.0,0.0,0.0,163.96262295081968,0.0,0.0,176.3,0.9999253857184062,1.0,1246.6475595000009,1000.0,1246.6475595000009,1000.0,0.0,0.0
8951,1674383880000.0,0.0,0.0,0.0,163.96262295081968,0.0,0.0,177.65,0.9999253857184062,1.0,1246.6475595000009,1000.0,1246.6475595000009,1000.0,0.0,0.0
8952,1674387480000.0,0.0,0.0,0.0,163.96262295081968,0.0,0.0,178.55,0.9999253857184062,1.0,1246.6475595000009,1000.0,1246.6475595000009,1000.0,0.0,0.0
8953,1674391080000.0,0.0,0.0,0.0,163.96262295081968,0.0,0.0,177.8,0.9999253857184062,1.0,1246.6475595000009,1000.0,1246.6475595000009,1000.0,0.0,0.0
8954,1674394680000.0,0.0,0.0,0.0,163.96262295081968,0.0,0.0,179.3,0.9999253857184062,1.0,1246.6475595000009,1000.0,1246.6475595000009,1000.0,0.0,0.0
8955,1674398280000.0,0.0,0.0,0.0,163.96262295081968,0.0,0.0,179.5,0.9999253857184062,1.0,1246.6475595000009,1000.0,1246.6475595000009,1000.0,0.0,0.0
8956,1674401880000.0,0.0,0.0,0.0,163.96262295081968,0.0,0.0,178.4,0.9999253857184062,1.0,1246.6475595000009,1000.0,1246.6475595000009,1000.0,0.0,0.0
8957,1674405480000.0,0.0,0.0,0.0,163.96262295081968,0.0,0.0,178.8,0.9999253857184062,1.0,1246.6475595000009,1000.0,1246.6475595000009,1000.0,0.0,0.0
8958,1674409080000.0,0.0,0.0,0.0,163.96262295081968,0.0,0.0,180.75,0.9999253857184062,1.0,1246.6475595000009,1000.0,1246.6475595000009,1000.0,0.0,0.0
8959,1674412680000.0,0.0,0.0,0.0,163.96262295081968,0.0,0.0,180.1,0.9999253857184062,1.0,1246.6475595000009,1000.0,1246.6475595000009,1000.0,0.0,0.0
8960,1674416280000.0,0.0,0.0,0.0,163.96262295081968,0.0,0.0,178.4,0.9999253857184062,1.0,1246.6475595000009,1000.0,1246.6475595000009,1000.0,0.0,0.0
8961,1674419880000.0,0.0,0.0,0.0,163.96262295081968,0.0,0.0,175.85,0.9999253857184062,1.0,1246.6475595000009,1000.0,1246.6475595000009,1000.0,0.0,0.0
8962,1674423480000.0,0.0,0.0,0.0,163.96262295081968,0.0,0.0,175.6,0.9999253857184062,1.0,1246.6475595000009,1000.0,1246.6475595000009,1000.0,0.0,0.0
8963,1674427080000.0,0.0,0.0,0.0,163.96262295081968,0.0,0.0,175.75,0.9999253857184062,1.0,1246.6475595000009,1000.0,1246.6475595000009,1000.0,0.0,0.0
8964,1674430680000.0,0.0,0.0,0.0,163.96262295081968,0.0,0.0,176.6,0.9999253857184062,1.0,1246.6475595000009,1000.0,1246.6475595000009,1000.0,0.0,0.0
8965,1674434280000.0,0.0,0.0,0.0,163.96262295081968,0.0,0.0,177.85,0.9999253857184062,1.0,1246.6475595000009,1000.0,1246.6475595000009,1000.0,0.0,0.0
8966,1674437880000.0,0.0,0.0,0.0,163.96262295081968,0.0,0.0,179.8,0.9999253857184062,1.0,1246.6475595000009,1000.0,1246.6475595000009,1000.0,0.0,0.0
8967,1674441480000.0,0.0,0.0,0.0,163.96262295081968,0.0,0.0,179.2,0.9999253857184062,1.0,1246.6475595000009,1000.0,1246.6475595000009,1000.0,0.0,0.0
8968,1674445080000.0,0.0,0.0,0.0,163.96262295081968,0.0,0.0,178.35,0.9999253857184062,1.0,1246.6475595000009,1000.0,1246.6475595000009,1000.0,0.0,0.0
8969,1674448680000.0,0.0,0.0,0.0,163.96262295081968,0.0,0.0,178.75,0.9999253857184062,1.0,1246.6475595000009,1000.0,1246.6475595000009,1000.0,0.0,0.0
8970,1674452280000.0,0.0,0.0,0.0,163.96262295081968,0.0,0.0,178.45,0.9999253857184062,1.0,1246.6475595000009,1000.0,1246.6475595000009,1000.0,0.0,0.0
8971,1674455880000.0,0.0,0.0,0.0,163.96262295081968,0.0,0.0,178.7,0.9999253857184062,1.0,1246.6475595000009,1000.0,1246.6475595000009,1000.0,0.0,0.0
8972,1674459480000.0,0.0,0.0,0.0,163.96262295081968,0.0,0.0,177.0,0.9999253857184062,1.0,1246.6475595000009,1000.0,1246.6475595000009,1000.0,0.0,0.0
8973,1674463080000.0,0.0,0.0,0.0,163.96262295081968,0.0,0.0,176.25,0.9999253857184062,1.0,1246.6475595000009,1000.0,1246.6475595000009,1000.0,0.0,0.0
8974,1674466680000.0,0.0,0.0,0.0,163.96262295081968,0.0,0.0,176.5,0.9999253857184062,1.0,1246.6475595000009,1000.0,1246.6475595000009,1000.0,0.0,0.0
8975,1674470280000.0,0.0,0.0,0.0,163.96262295081968,0.0,0.0,176.25,0.9999253857184062,1.0,1246.6475595000009,1000.0,1246.6475595000009,1000.0,0.0,0.0
8976,1674473880000.0,0.0,0.0,0.0,163.96262295081968,0.0,0.0,177.05,0.9999253857184062,1.0,1246.6475595000009,1000.0,1246.6475595000009,1000.0,0.0,0.0
8977,1674477480000.0,0.0,0.0,0.0,163.96262295081968,0.0,0.0,177.9,0.9999253857184062,1.0,1246.6475595000009,1000.0,1246.6475595000009,1000.0,0.0,0.0
8978,1674481080000.0,0.0,0.0,0.0,163.96262295081968,0.0,0.0,178.25,0.9999253857184062,1.0,1246.6475595000009,1000.0,1246.6475595000009,1000.0,0.0,0.0
8979,1674484680000.0,0.0,0.0,0.0,163.96262295081968,0.0,0.0,177.15,0.9999253857184062,1.0,1246.6475595000009,1000.0,1246.6475595000009,1000.0,0.0,0.0
8980,1674488280000.0,0.0,0.0,0.0,163.96262295081968,0.0,0.0,177.65,0.9999253857184062,1.0,1246.6475595000009,1000.0,1246.6475595000009,1000.0,0.0,0.0
8981,1674491880000.0,0.0,0.0,0.0,163.96262295081968,0.0,0.0,177.05,0.9999253857184062,1.0,1246.6475595000009,1000.0,1246.6475595000009,1000.0,0.0,0.0
8982,1674495480000.0,0.0,0.0,0.0,163.96262295081968,0.0,0.0,175.7,0.9999253857184062,1.0,1246.6475595000009,1000.0,1246.6475595000009,1000.0,0.0,0.0
8983,1674499080000.0,0.0,0.0,0.0,163.96262295081968,0.0,0.0,176.95,0.9999253857184062,1.0,1246.6475595000009,1000.0,1246.6475595000009,1000.0,0.0,0.0
8984,1674502680000.0,0.0,0.0,0.0,163.96262295081968,0.0,0.0,176.5,0.9999253857184062,1.0,1246.6475595000009,1000.0,1246.6475595000009,1000.0,0.0,0.0
8985,1674506280000.0,0.0,0.0,0.0,163.96262295081968,0.0,0.0,177.75,0.9999253857184062,1.0,1246.6475595000009,1000.0,1246.6475595000009,1000.0,0.0,0.0
8986,1674509880000.0,0.0,0.0,0.0,163.96262295081968,0.0,0.0,178.4,0.9999253857184062,1.0,1246.6475595000009,1000.0,1246.6475595000009,1000.0,0.0,0.0
8987,1674513480000.0,0.0,0.0,0.0,163.96262295081968,0.0,0.0,179.8,0.9999253857184062,1.0,1246.6475595000009,1000.0,1246.6475595000009,1000.0,0.0,0.0
8988,1674517080000.0,0.0,0.0,0.0,163.96262295081968,0.0,0.0,179.4,0.9999253857184062,1.0,1246.6475595000009,1000.0,1246.6475595000009,1000.0,0.0,0.0
8989,1674520680000.0,0.0,0.0,0.0,163.96262295081968,0.0,0.0,178.3,0.9999253857184062,1.0,1246.6475595000009,1000.0,1246.6475595000009,1000.0,0.0,0.0
8990,1674524280000.0,0.0,0.0,0.0,163.96262295081968,0.0,0.0,178.5,0.9999253857184062,1.0,1246.6475595000009,1000.0,1246.6475595000009,1000.0,0.0,0.0
8991,1674527880000.0,0.0,0.0,0.0,163.96262295081968,0.0,0.0,179.75,0.9999253857184062,1.0,1246.6475595000009,1000.0,1246.6475595000009,1000.0,0.0,0.0
8992,1674531480000.0,0.0,0.0,0.0,163.96262295081968,0.0,0.0,179.75,0.9999253857184062,1.0,1246.6475595000009,1000.0,1246.6475595000009,1000.0,0.0,0.0
8993,1674535080000.0,0.0,0.0,0.0,163.96262295081968,0.0,0.0,179.45,0.9999253857184062,1.0,1246.6475595000009,1000.0,1246.6475595000009,1000.0,0.0,0.0
8994,1674538680000.0,0.0,0.0,0.0,163.96262295081968,0.0,0.0,179.05,0.9999253857184062,1.0,1246.6475595000009,1000.0,1246.6475595000009,1000.0,0.0,0.0
8995,1674542280000.0,0.0,0.0,0.0,163.96262295081968,0.0,0.0,178.65,0.9999253857184062,1.0,1246.6475595000009,1000.0,1246.6475595000009,1000.0,0.0,0.0
8996,1674545880000.0,0.0,0.0,0.0,163.96262295081968,0.0,0.0,178.65,0.9999253857184062,1.0,1246.6475595000009,1000.0,1246.6475595000009,1000.0,0.0,0.0
8997,1674549480000.0,0.0,0.0,0.0,163.96262295081968,0.0,0.0,179.1,0.9999253857184062,1.0,1246.6475595000009,1000.0,1246.6475595000009,1000.0,0.0,0.0
8998,1674553080000.0,0.0,0.0,0.0,163.96262295081968,0.0,0.0,177.65,0.9999253857184062,1.0,1246.6475595000009,1000.0,1246.6475595000009,1000.0,0.0,0.0
8999,1674556680000.0,0.0,0.0,0.0,163.96262295081968,0.0,0.0,178.4,0.9999253857184062,1.0,1246.6475595000009,1000.0,1246.6475595000009,1000.0,0.0,0.0
9000,1674560280000.0,0.0,0.0,0.0,163.96262295081968,0.0,0.0,178.75,0.9999253857184062,1.0,1246.6475595000009,1000.0,1246.6475595000009,1000.0,0.0,0.0
9001,1674563880000.0,0.0,0.0,0.0,163.96262295081968,0.0,0.0,176.5,0.9999253857184062,1.0,1246.6475595000009,1000.0,1246.6475595000009,1000.0,0.0,0.0
9002,1674567480000.0,0.0,0.0,0.0,163.96262295081968,0.0,0.0,176.3,0.9999253857184062,1.0,1246.6475595000009,1000.0,1246.6475595000009,1000.0,0.0,0.0
9003,1674571080000.0,0.0,0.0,0.0,163.96262295081968,0.0,0.0,175.75,0.9999253857184062,1.0,1246.6475595000009,1000.0,1246.6475595000009,1000.0,0.0,0.0
9004,1674574680000.0,0.0,0.0,0.0,163.96262295081968,0.0,0.0,176.2,0.9999253857184062,1.0,1246.6475595000009,1000.0,1246.6475595000009,1000.0,0.0,0.0
9005,1674578280000.0,0.0,0.0,0.0,163.96262295081968,0.0,0.0,175.1,0.9999253857184062,1.0,1246.6475595000009,1000.0,1246.6475595000009,1000.0,0.0,0.0
9006,1674581880000.0,0.0,0.0,0.0,163.96262295081968,0.0,0.0,174.35,0.9999253857184062,1.0,1246.6475595000009,1000.0,1246.6475595000009,1000.0,0.0,0.0
9007,1674585480000.0,0.0,0.0,0.0,163.96262295081968,0.0,0.0,174.95,0.9999253857184062,1.0,1246.6475595000009,1000.0,1246.6475595000009,1000.0,0.0,0.0
9008,1674589080000.0,0.0,0.0,0.0,163.96262295081968,0.0,0.0,175.1,0.9999253857184062,1.0,1246.6475595000009,1000.0,1246.6475595000009,1000.0,0.0,0.0
9009,1674592680000.0,0.0,0.0,0.0,163.96262295081968,0.0,0.0,174.15,0.9999253857184062,1.0,1246.6475595000009,1000.0,1246.6475595000009,1000.0,0.0,0.0
9010,1674596280000.0,0.0,0.0,0.0,163.96262295081968,0.0,0.0,174.95,0.9999253857184062,1.0,1246.6475595000009,1000.0,1246.6475595000009,1000.0,0.0,0.0
9011,1674599880000.0,0.0,0.0,0.29,170.56,0.0,0.0,169.2,0.9999253857184062,1.0,1246.637667020001,1000.0,1246.243267020001,1000.0,0.0396766448732745,0.0
9012,1674603480000.0,0.0,0.0,0.29,170.56,0.0,0.0,170.25,0.9999253857184062,1.0,1246.637667020001,1000.0,1246.547767020001,1000.0,0.0396766448732745,0.0
9013,1674607080000.0,0.0,0.0,0.29,170.56,0.0,0.0,169.65,0.9999253857184062,1.0,1246.637667020001,1000.0,1246.373767020001,1000.0,0.0396766448732745,0.0
9014,1674610680000.0,0.0,0.0,0.29,170.56,0.0,0.0,167.35,0.9999253857184062,1.0,1246.637667020001,1000.0,1245.7067670200008,1000.0,0.0396766448732745,0.0
9015,1674614280000.0,0.0,0.0,0.29,170.56,0.0,0.0,168.7,0.9999253857184062,1.0,1246.637667020001,1000.0,1246.0982670200008,1000.0,0.0396766448732745,0.0
9016,1674617880000.0,0.0,0.0,0.29,170.56,0.0,0.0,168.4,0.9999253857184062,1.0,1246.637667020001,1000.0,1246.0112670200008,1000.0,0.0396766448732745,0.0
9017,1674621480000.0,0.0,0.0,0.29,170.56,0.0,0.0,168.75,0.9999253857184062,1.0,1246.637667020001,1000.0,1246.112767020001,1000.0,0.0396766448732745,0.0
9018,1674625080000.0,0.0,0.0,0.29,170.56,0.0,0.0,168.4,0.9999253857184062,1.0,1246.637667020001,1000.0,1246.0112670200008,1000.0,0.0396766448732745,0.0
9019,1674628680000.0,0.0,0.0,0.29,170.56,0.0,0.0,169.2,0.9999253857184062,1.0,1246.637667020001,1000.0,1246.243267020001,1000.0,0.0396766448732745,0.0
9020,1674632280000.0,0.0,0.0,0.29,170.56,0.0,0.0,169.65,0.9999253857184062,1.0,1246.637667020001,1000.0,1246.373767020001,1000.0,0.0396766448732745,0.0
9021,1674635880000.0,0.0,0.0,0.29,170.56,0.0,0.0,168.7,0.9999253857184062,1.0,1246.637667020001,1000.0,1246.0982670200008,1000.0,0.0396766448732745,0.0
9022,1674639480000.0,0.0,0.0,0.29,170.56,0.0,0.0,168.35,0.9999253857184062,1.0,1246.637667020001,1000.0,1245.9967670200008,1000.0,0.0396766448732745,0.0
9023,1674643080000.0,0.0,0.0,0.29,170.56,0.0,0.0,167.65,0.9999253857184062,1.0,1246.637667020001,1000.0,1245.7937670200008,1000.0,0.0396766448732745,0.0
9024,1674646680000.0,0.0,0.0,0.29,170.56,0.0,0.0,167.95,0.9999253857184062,1.0,1246.637667020001,1000.0,1245.8807670200008,1000.0,0.0396766448732745,0.0
9025,1674650280000.0,0.0,0.0,0.29,170.56,0.0,0.0,169.75,0.9999253857184062,1.0,1246.637667020001,1000.0,1246.402767020001,1000.0,0.0396766448732745,0.0
9026,1674653880000.0,0.0,0.0,0.29,170.56,0.0,0.0,171.6,0.9999253857184062,1.0,1246.637667020001,1000.0,1246.939267020001,1000.0,0.0396766448732745,0.0
9027,1674657480000.0,0.0,0.0,0.29,170.56,0.0,0.0,172.05,0.9999253857184062,1.0,1246.637667020001,1000.0,1247.0697670200009,1000.0,0.0396766448732745,0.0
9028,1674661080000.0,0.0,0.0,0.29,170.56,0.0,0.0,171.75,0.9999253857184062,1.0,1246.637667020001,1000.0,1246.982767020001,1000.0,0.0396766448732745,0.0
9029,1674664680000.0,0.0,0.0,0.29,170.56,0.0,0.0,171.65,0.9999253857184062,1.0,1246.637667020001,1000.0,1246.953767020001,1000.0,0.0396766448732745,0.0
9030,1674668280000.0,0.0,0.0,0.29,170.56,0.0,0.0,170.55,0.9999253857184062,1.0,1246.637667020001,1000.0,1246.634767020001,1000.0,0.0396766448732745,0.0
9031,1674671880000.0,0.0,0.0,0.29,170.56,0.0,0.0,170.3,0.9999253857184062,1.0,1246.637667020001,1000.0,1246.562267020001,1000.0,0.0396766448732745,0.0
9032,1674675480000.0,0.0,0.0,0.29,170.56,0.0,0.0,171.8,0.9999253857184062,1.0,1246.637667020001,1000.0,1246.997267020001,1000.0,0.0396766448732745,0.0
9033,1674679080000.0,0.0,0.0,0.29,170.56,0.0,0.0,172.7,0.9999253857184062,1.0,1246.637667020001,1000.0,1247.2582670200009,1000.0,0.0396766448732745,0.0
9034,1674682680000.0,0.0,0.0,0.29,170.56,0.0,0.0,173.95,0.9999253857184062,1.0,1246.637667020001,1000.0,1247.6207670200008,1000.0,0.0396766448732745,0.0
9035,1674686280000.0,0.0,0.0,0.2,170.56,0.0,0.0,174.8,0.9999253857184062,1.0,1247.095304780001,1000.0,1247.943304780001,1000.0,0.027353162079314916,0.0
9036,1674689880000.0,0.0,0.0,0.2,170.56,0.0,0.0,173.7,0.9999253857184062,1.0,1247.095304780001,1000.0,1247.723304780001,1000.0,0.027353162079314916,0.0
9037,1674693480000.0,0.0,0.0,0.2,170.56,0.0,0.0,174.2,0.9999253857184062,1.0,1247.095304780001,1000.0,1247.823304780001,1000.0,0.027353162079314916,0.0
9038,1674697080000.0,0.0,0.0,0.2,170.56,0.0,0.0,174.55,0.9999253857184062,1.0,1247.095304780001,1000.0,1247.893304780001,1000.0,0.027353162079314916,0.0
9039,1674700680000.0,0.0,0.0,0.2,170.56,0.0,0.0,173.4,0.9999253857184062,1.0,1247.095304780001,1000.0,1247.663304780001,1000.0,0.027353162079314916,0.0
9040,1674704280000.0,0.0,0.0,0.2,170.56,0.0,0.0,173.2,0.9999253857184062,1.0,1247.095304780001,1000.0,1247.623304780001,1000.0,0.027353162079314916,0.0
9041,1674707880000.0,0.0,0.0,0.2,170.56,0.0,0.0,173.05,0.9999253857184062,1.0,1247.095304780001,1000.0,1247.593304780001,1000.0,0.027353162079314916,0.0
9042,1674711480000.0,0.0,0.0,0.2,170.56,0.0,0.0,174.1,0.9999253857184062,1.0,1247.095304780001,1000.0,1247.803304780001,1000.0,0.027353162079314916,0.0
9043,1674715080000.0,0.0,0.0,0.2,170.56,0.0,0.0,174.05,0.9999253857184062,1.0,1247.095304780001,1000.0,1247.793304780001,1000.0,0.027353162079314916,0.0
9044,1674718680000.0,0.0,0.0,0.2,170.56,0.0,0.0,173.35,0.9999253857184062,1.0,1247.095304780001,1000.0,1247.653304780001,1000.0,0.027353162079314916,0.0
9045,1674722280000.0,0.0,0.0,0.2,170.56,0.0,0.0,174.45,0.9999253857184062,1.0,1247.095304780001,1000.0,1247.873304780001,1000.0,0.027353162079314916,0.0
9046,1674725880000.0,0.0,0.0,0.14,170.56,0.0,0.0,174.2,0.9999253857184062,1.0,1247.400396620001,1000.0,1247.909996620001,1000.0,0.019142530389361537,0.0
9047,1674729480000.0,0.0,0.0,0.1,170.56,0.0,0.0,175.15,0.9999253857184062,1.0,1247.6037911800008,1000.0,1248.0627911800009,1000.0,0.013671006869791733,0.0
9048,1674733080000.0,0.0,0.0,0.03,170.56,0.0,0.0,175.5,0.9999253857184062,1.0,1247.9597316600014,1000.0,1248.1079316600014,1000.0,0.004100132296090815,0.0
9049,1674736680000.0,0.0,0.0,0.0,170.56,0.0,0.0,177.15,0.9999253857184062,1.0,1248.1122775800018,1000.0,1248.1122775800018,1000.0,0.0,0.0
9050,1674740280000.0,0.0,0.0,0.0,170.56,0.0,0.0,177.2,0.9999253857184062,1.0,1248.1122775800018,1000.0,1248.1122775800018,1000.0,0.0,0.0
9051,1674743880000.0,0.0,0.0,0.0,170.56,0.0,0.0,176.4,0.9999253857184062,1.0,1248.1122775800018,1000.0,1248.1122775800018,1000.0,0.0,0.0
9052,1674747480000.0,0.0,0.0,0.0,170.56,0.0,0.0,175.9,0.9999253857184062,1.0,1248.1122775800018,1000.0,1248.1122775800018,1000.0,0.0,0.0
9053,1674751080000.0,0.0,0.0,0.0,170.56,0.0,0.0,175.05,0.9999253857184062,1.0,1248.1122775800018,1000.0,1248.1122775800018,1000.0,0.0,0.0
9054,1674754680000.0,0.0,0.0,0.0,170.56,0.0,0.0,174.5,0.9999253857184062,1.0,1248.1122775800018,1000.0,1248.1122775800018,1000.0,0.0,0.0
9055,1674758280000.0,0.0,0.0,0.0,170.56,0.0,0.0,175.3,0.9999253857184062,1.0,1248.1122775800018,1000.0,1248.1122775800018,1000.0,0.0,0.0
9056,1674761880000.0,0.0,0.0,0.0,170.56,0.0,0.0,173.25,0.9999253857184062,1.0,1248.1122775800018,1000.0,1248.1122775800018,1000.0,0.0,0.0
9057,1674765480000.0,0.0,0.0,0.0,170.56,0.0,0.0,172.2,0.9999253857184062,1.0,1248.1122775800018,1000.0,1248.1122775800018,1000.0,0.0,0.0
9058,1674769080000.0,0.0,0.0,0.0,170.56,0.0,0.0,172.75,0.9999253857184062,1.0,1248.1122775800018,1000.0,1248.1122775800018,1000.0,0.0,0.0
9059,1674772680000.0,0.0,0.0,0.0,170.56,0.0,0.0,172.45,0.9999253857184062,1.0,1248.1122775800018,1000.0,1248.1122775800018,1000.0,0.0,0.0
9060,1674776280000.0,0.0,0.0,0.0,170.56,0.0,0.0,170.85,0.9999253857184062,1.0,1248.1122775800018,1000.0,1248.1122775800018,1000.0,0.0,0.0
9061,1674779880000.0,0.0,0.0,0.0,170.56,0.0,0.0,171.1,0.9999253857184062,1.0,1248.1122775800018,1000.0,1248.1122775800018,1000.0,0.0,0.0
9062,1674783480000.0,0.0,0.0,0.3,167.59,0.0,0.0,167.85,0.9999253857184062,1.0,1248.1022221800017,1000.0,1248.1802221800017,1000.0,0.04028275818000189,0.0
9063,1674787080000.0,0.0,0.0,0.3,167.59,0.0,0.0,169.4,0.9999253857184062,1.0,1248.1022221800017,1000.0,1248.6452221800016,1000.0,0.04028275818000189,0.0
9064,1674790680000.0,0.0,0.0,0.3,167.59,0.0,0.0,170.2,0.9999253857184062,1.0,1248.1022221800017,1000.0,1248.8852221800016,1000.0,0.04028275818000189,0.0
9065,1674794280000.0,0.0,0.0,0.3,167.59,0.0,0.0,170.55,0.9999253857184062,1.0,1248.1022221800017,1000.0,1248.9902221800016,1000.0,0.04028275818000189,0.0
9066,1674797880000.0,0.0,0.0,0.3,167.59,0.0,0.0,170.6,0.9999253857184062,1.0,1248.1022221800017,1000.0,1249.0052221800017,1000.0,0.04028275818000189,0.0
9067,1674801480000.0,0.0,0.0,0.3,167.59,0.0,0.0,171.2,0.9999253857184062,1.0,1248.1022221800017,1000.0,1249.1852221800018,1000.0,0.04028275818000189,0.0
9068,1674805080000.0,0.0,0.0,0.3,167.59,0.0,0.0,171.3,0.9999253857184062,1.0,1248.1022221800017,1000.0,1249.2152221800018,1000.0,0.04028275818000189,0.0
9069,1674808680000.0,0.0,0.0,0.3,167.59,0.0,0.0,171.9,0.9999253857184062,1.0,1248.1022221800017,1000.0,1249.3952221800016,1000.0,0.04028275818000189,0.0
9070,1674812280000.0,0.0,0.0,0.3,167.59,0.0,0.0,171.2,0.9999253857184062,1.0,1248.1022221800017,1000.0,1249.1852221800018,1000.0,0.04028275818000189,0.0
9071,1674815880000.0,0.0,0.0,0.3,167.59,0.0,0.0,172.2,0.9999253857184062,1.0,1248.1022221800017,1000.0,1249.4852221800018,1000.0,0.04028275818000189,0.0
9072,1674819480000.0,0.0,0.0,0.05,167.59,0.0,0.0,173.6,0.9999253857184062,1.0,1249.3510911800017,1000.0,1249.6515911800018,1000.0,0.006707081827643527,0.0
9073,1674823080000.0,0.0,0.0,0.05,167.59,0.0,0.0,172.85,0.9999253857184062,1.0,1249.3510911800017,1000.0,1249.6140911800017,1000.0,0.006707081827643527,0.0
9074,1674826680000.0,0.0,0.0,0.0,167.59,0.0,0.0,173.65,0.9999253857184062,1.0,1249.6008649800028,1000.0,1249.6008649800028,1000.0,0.0,0.0
9075,1674830280000.0,0.0,0.0,0.0,167.59,0.0,0.0,172.4,0.9999253857184062,1.0,1249.6008649800028,1000.0,1249.6008649800028,1000.0,0.0,0.0
9076,1674833880000.0,0.0,0.0,0.0,167.59,0.0,0.0,174.25,0.9999253857184062,1.0,1249.6008649800028,1000.0,1249.6008649800028,1000.0,0.0,0.0
9077,1674837480000.0,0.0,0.0,0.0,167.59,0.0,0.0,175.2,0.9999253857184062,1.0,1249.6008649800028,1000.0,1249.6008649800028,1000.0,0.0,0.0
9078,1674841080000.0,0.0,0.0,0.0,167.59,0.0,0.0,177.1,0.9999253857184062,1.0,1249.6008649800028,1000.0,1249.6008649800028,1000.0,0.0,0.0
9079,1674844680000.0,0.0,0.0,0.0,167.59,0.0,0.0,178.05,0.9999253857184062,1.0,1249.6008649800028,1000.0,1249.6008649800028,1000.0,0.0,0.0
9080,1674848280000.0,0.0,0.0,0.0,167.59,0.0,0.0,179.05,0.9999253857184062,1.0,1249.6008649800028,1000.0,1249.6008649800028,1000.0,0.0,0.0
9081,1674851880000.0,0.0,0.0,0.0,167.59,0.0,0.0,179.7,0.9999253857184062,1.0,1249.6008649800028,1000.0,1249.6008649800028,1000.0,0.0,0.0
9082,1674855480000.0,0.0,0.0,0.0,167.59,0.0,0.0,179.85,0.9999253857184062,1.0,1249.6008649800028,1000.0,1249.6008649800028,1000.0,0.0,0.0
9083,1674859080000.0,0.0,0.0,0.0,167.59,0.0,0.0,179.25,0.9999253857184062,1.0,1249.6008649800028,1000.0,1249.6008649800028,1000.0,0.0,0.0
9084,1674862680000.0,0.0,0.0,0.0,167.59,0.0,0.0,180.05,0.9999253857184062,1.0,1249.6008649800028,1000.0,1249.6008649800028,1000.0,0.0,0.0
9085,1674866280000.0,0.0,0.0,0.0,167.59,0.0,0.0,180.35,0.9999253857184062,1.0,1249.6008649800028,1000.0,1249.6008649800028,1000.0,0.0,0.0
9086,1674869880000.0,0.0,0.0,0.0,167.59,0.0,0.0,180.35,0.9999253857184062,1.0,1249.6008649800028,1000.0,1249.6008649800028,1000.0,0.0,0.0
9087,1674873480000.0,0.0,0.0,0.0,167.59,0.0,0.0,179.9,0.9999253857184062,1.0,1249.6008649800028,1000.0,1249.6008649800028,1000.0,0.0,0.0
9088,1674877080000.0,0.0,0.0,0.0,167.59,0.0,0.0,179.1,0.9999253857184062,1.0,1249.6008649800028,1000.0,1249.6008649800028,1000.0,0.0,0.0
9089,1674880680000.0,0.0,0.0,0.0,167.59,0.0,0.0,179.15,0.9999253857184062,1.0,1249.6008649800028,1000.0,1249.6008649800028,1000.0,0.0,0.0
9090,1674884280000.0,0.0,0.0,0.0,167.59,0.0,0.0,178.05,0.9999253857184062,1.0,1249.6008649800028,1000.0,1249.6008649800028,1000.0,0.0,0.0
9091,1674887880000.0,0.0,0.0,0.0,167.59,0.0,0.0,179.55,0.9999253857184062,1.0,1249.6008649800028,1000.0,1249.6008649800028,1000.0,0.0,0.0
9092,1674891480000.0,0.0,0.0,0.0,167.59,0.0,0.0,180.85,0.9999253857184062,1.0,1249.6008649800028,1000.0,1249.6008649800028,1000.0,0.0,0.0
9093,1674895080000.0,0.0,0.0,0.0,167.59,0.0,0.0,182.2,0.9999253857184062,1.0,1249.6008649800028,1000.0,1249.6008649800028,1000.0,0.0,0.0
9094,1674898680000.0,0.0,0.0,0.0,167.59,0.0,0.0,182.4,0.9999253857184062,1.0,1249.6008649800028,1000.0,1249.6008649800028,1000.0,0.0,0.0
9095,1674902280000.0,0.0,0.0,0.0,167.59,0.0,0.0,181.6,0.9999253857184062,1.0,1249.6008649800028,1000.0,1249.6008649800028,1000.0,0.0,0.0
9096,1674905880000.0,0.0,0.0,0.0,167.59,0.0,0.0,180.75,0.9999253857184062,1.0,1249.6008649800028,1000.0,1249.6008649800028,1000.0,0.0,0.0
9097,1674909480000.0,0.0,0.0,0.0,167.59,0.0,0.0,179.9,0.9999253857184062,1.0,1249.6008649800028,1000.0,1249.6008649800028,1000.0,0.0,0.0
9098,1674913080000.0,0.0,0.0,0.0,167.59,0.0,0.0,179.75,0.9999253857184062,1.0,1249.6008649800028,1000.0,1249.6008649800028,1000.0,0.0,0.0
9099,1674916680000.0,0.0,0.0,0.0,167.59,0.0,0.0,180.8,0.9999253857184062,1.0,1249.6008649800028,1000.0,1249.6008649800028,1000.0,0.0,0.0
9100,1674920280000.0,0.0,0.0,0.0,167.59,0.0,0.0,182.25,0.9999253857184062,1.0,1249.6008649800028,1000.0,1249.6008649800028,1000.0,0.0,0.0
9101,1674923880000.0,0.0,0.0,0.0,167.59,0.0,0.0,182.65,0.9999253857184062,1.0,1249.6008649800028,1000.0,1249.6008649800028,1000.0,0.0,0.0
9102,1674927480000.0,0.0,0.0,0.0,167.59,0.0,0.0,182.4,0.9999253857184062,1.0,1249.6008649800028,1000.0,1249.6008649800028,1000.0,0.0,0.0
9103,1674931080000.0,0.0,0.0,0.0,167.59,0.0,0.0,182.25,0.9999253857184062,1.0,1249.6008649800028,1000.0,1249.6008649800028,1000.0,0.0,0.0
9104,1674934680000.0,0.0,0.0,0.0,167.59,0.0,0.0,183.25,0.9999253857184062,1.0,1249.6008649800028,1000.0,1249.6008649800028,1000.0,0.0,0.0
9105,1674938280000.0,0.0,0.0,0.0,167.59,0.0,0.0,185.45,0.9999253857184062,1.0,1249.6008649800028,1000.0,1249.6008649800028,1000.0,0.0,0.0
9106,1674941880000.0,0.0,0.0,0.0,167.59,0.0,0.0,184.5,0.9999253857184062,1.0,1249.6008649800028,1000.0,1249.6008649800028,1000.0,0.0,0.0
9107,1674945480000.0,0.0,0.0,0.0,167.59,0.0,0.0,185.0,0.9999253857184062,1.0,1249.6008649800028,1000.0,1249.6008649800028,1000.0,0.0,0.0
9108,1674949080000.0,0.0,0.0,0.0,167.59,0.0,0.0,186.15,0.9999253857184062,1.0,1249.6008649800028,1000.0,1249.6008649800028,1000.0,0.0,0.0
9109,1674952680000.0,0.0,0.0,0.0,167.59,0.0,0.0,184.15,0.9999253857184062,1.0,1249.6008649800028,1000.0,1249.6008649800028,1000.0,0.0,0.0
9110,1674956280000.0,0.0,0.0,0.0,167.59,0.0,0.0,184.25,0.9999253857184062,1.0,1249.6008649800028,1000.0,1249.6008649800028,1000.0,0.0,0.0
9111,1674959880000.0,0.0,0.0,0.0,167.59,0.0,0.0,183.0,0.9999253857184062,1.0,1249.6008649800028,1000.0,1249.6008649800028,1000.0,0.0,0.0
9112,1674963480000.0,0.0,0.0,0.0,167.59,0.0,0.0,183.7,0.9999253857184062,1.0,1249.6008649800028,1000.0,1249.6008649800028,1000.0,0.0,0.0
9113,1674967080000.0,0.0,0.0,0.0,167.59,0.0,0.0,183.45,0.9999253857184062,1.0,1249.6008649800028,1000.0,1249.6008649800028,1000.0,0.0,0.0
9114,1674970680000.0,0.0,0.0,0.0,167.59,0.0,0.0,183.2,0.9999253857184062,1.0,1249.6008649800028,1000.0,1249.6008649800028,1000.0,0.0,0.0
9115,1674974280000.0,0.0,0.0,0.0,167.59,0.0,0.0,183.75,0.9999253857184062,1.0,1249.6008649800028,1000.0,1249.6008649800028,1000.0,0.0,0.0
9116,1674977880000.0,0.0,0.0,0.0,167.59,0.0,0.0,183.2,0.9999253857184062,1.0,1249.6008649800028,1000.0,1249.6008649800028,1000.0,0.0,0.0
9117,1674981480000.0,0.0,0.0,0.0,167.59,0.0,0.0,183.2,0.9999253857184062,1.0,1249.6008649800028,1000.0,1249.6008649800028,1000.0,0.0,0.0
9118,1674985080000.0,0.0,0.0,0.0,167.59,0.0,0.0,183.5,0.9999253857184062,1.0,1249.6008649800028,1000.0,1249.6008649800028,1000.0,0.0,0.0
9119,1674988680000.0,0.0,0.0,0.0,167.59,0.0,0.0,184.5,0.9999253857184062,1.0,1249.6008649800028,1000.0,1249.6008649800028,1000.0,0.0,0.0
9120,1674992280000.0,0.0,0.0,0.0,167.59,0.0,0.0,183.4,0.9999253857184062,1.0,1249.6008649800028,1000.0,1249.6008649800028,1000.0,0.0,0.0
9121,1674995880000.0,0.0,0.0,0.0,167.59,0.0,0.0,182.55,0.9999253857184062,1.0,1249.6008649800028,1000.0,1249.6008649800028,1000.0,0.0,0.0
9122,1674999480000.0,0.0,0.0,0.0,167.59,0.0,0.0,183.4,0.9999253857184062,1.0,1249.6008649800028,1000.0,1249.6008649800028,1000.0,0.0,0.0
9123,1675003080000.0,0.0,0.0,0.0,167.59,0.0,0.0,183.7,0.9999253857184062,1.0,1249.6008649800028,1000.0,1249.6008649800028,1000.0,0.0,0.0
9124,1675006680000.0,0.0,0.0,0.0,167.59,0.0,0.0,184.6,0.9999253857184062,1.0,1249.6008649800028,1000.0,1249.6008649800028,1000.0,0.0,0.0
9125,1675010280000.0,0.0,0.0,0.0,167.59,0.0,0.0,184.9,0.9999253857184062,1.0,1249.6008649800028,1000.0,1249.6008649800028,1000.0,0.0,0.0
9126,1675013880000.0,0.0,0.0,0.0,167.59,0.0,0.0,185.55,0.9999253857184062,1.0,1249.6008649800028,1000.0,1249.6008649800028,1000.0,0.0,0.0
9127,1675017480000.0,0.0,0.0,0.0,167.59,0.0,0.0,184.2,0.9999253857184062,1.0,1249.6008649800028,1000.0,1249.6008649800028,1000.0,0.0,0.0
9128,1675021080000.0,0.0,0.0,0.0,167.59,0.0,0.0,185.6,0.9999253857184062,1.0,1249.6008649800028,1000.0,1249.6008649800028,1000.0,0.0,0.0
9129,1675024680000.0,0.0,0.0,0.0,167.59,0.0,0.0,186.75,0.9999253857184062,1.0,1249.6008649800028,1000.0,1249.6008649800028,1000.0,0.0,0.0
9130,1675028280000.0,0.0,0.0,0.0,167.59,0.0,0.0,186.15,0.9999253857184062,1.0,1249.6008649800028,1000.0,1249.6008649800028,1000.0,0.0,0.0
9131,1675031880000.0,0.0,0.0,0.0,167.59,0.0,0.0,185.9,0.9999253857184062,1.0,1249.6008649800028,1000.0,1249.6008649800028,1000.0,0.0,0.0
9132,1675035480000.0,0.0,0.0,0.0,167.59,0.0,0.0,185.85,0.9999253857184062,1.0,1249.6008649800028,1000.0,1249.6008649800028,1000.0,0.0,0.0
9133,1675039080000.0,0.0,0.0,0.0,167.59,0.0,0.0,186.35,0.9999253857184062,1.0,1249.6008649800028,1000.0,1249.6008649800028,1000.0,0.0,0.0
9134,1675042680000.0,0.0,0.0,0.0,167.59,0.0,0.0,185.5,0.9999253857184062,1.0,1249.6008649800028,1000.0,1249.6008649800028,1000.0,0.0,0.0
9135,1675046280000.0,0.0,0.0,0.0,167.59,0.0,0.0,185.25,0.9999253857184062,1.0,1249.6008649800028,1000.0,1249.6008649800028,1000.0,0.0,0.0
9136,1675049880000.0,0.0,0.0,0.0,167.59,0.0,0.0,185.85,0.9999253857184062,1.0,1249.6008649800028,1000.0,1249.6008649800028,1000.0,0.0,0.0
9137,1675053480000.0,0.0,0.0,0.0,167.59,0.0,0.0,185.7,0.9999253857184062,1.0,1249.6008649800028,1000.0,1249.6008649800028,1000.0,0.0,0.0
9138,1675057080000.0,0.0,0.0,0.0,167.59,0.0,0.0,185.2,0.9999253857184062,1.0,1249.6008649800028,1000.0,1249.6008649800028,1000.0,0.0,0.0
9139,1675060680000.0,0.0,0.0,0.0,167.59,0.0,0.0,185.75,0.9999253857184062,1.0,1249.6008649800028,1000.0,1249.6008649800028,1000.0,0.0,0.0
9140,1675064280000.0,0.0,0.0,0.0,167.59,0.0,0.0,186.3,0.9999253857184062,1.0,1249.6008649800028,1000.0,1249.6008649800028,1000.0,0.0,0.0
9141,1675067880000.0,0.0,0.0,0.0,167.59,0.0,0.0,186.15,0.9999253857184062,1.0,1249.6008649800028,1000.0,1249.6008649800028,1000.0,0.0,0.0
9142,1675071480000.0,0.0,0.0,0.0,167.59,0.0,0.0,183.15,0.9999253857184062,1.0,1249.6008649800028,1000.0,1249.6008649800028,1000.0,0.0,0.0
9143,1675075080000.0,0.0,0.0,0.0,167.59,0.0,0.0,184.8,0.9999253857184062,1.0,1249.6008649800028,1000.0,1249.6008649800028,1000.0,0.0,0.0
9144,1675078680000.0,0.0,0.0,0.0,167.59,0.0,0.0,183.55,0.9999253857184062,1.0,1249.6008649800028,1000.0,1249.6008649800028,1000.0,0.0,0.0
9145,1675082280000.0,0.0,0.0,0.0,167.59,0.0,0.0,182.3,0.9999253857184062,1.0,1249.6008649800028,1000.0,1249.6008649800028,1000.0,0.0,0.0
9146,1675085880000.0,0.0,0.0,0.0,167.59,0.0,0.0,181.95,0.9999253857184062,1.0,1249.6008649800028,1000.0,1249.6008649800028,1000.0,0.0,0.0
9147,1675089480000.0,0.0,0.0,0.0,167.59,0.0,0.0,181.35,0.9999253857184062,1.0,1249.6008649800028,1000.0,1249.6008649800028,1000.0,0.0,0.0
9148,1675093080000.0,0.0,0.0,0.0,167.59,0.0,0.0,180.25,0.9999253857184062,1.0,1249.6008649800028,1000.0,1249.6008649800028,1000.0,0.0,0.0
9149,1675096680000.0,0.0,0.0,0.0,167.59,0.0,0.0,179.3,0.9999253857184062,1.0,1249.6008649800028,1000.0,1249.6008649800028,1000.0,0.0,0.0
9150,1675100280000.0,0.0,0.0,0.0,167.59,0.0,0.0,179.5,0.9999253857184062,1.0,1249.6008649800028,1000.0,1249.6008649800028,1000.0,0.0,0.0
9151,1675103880000.0,0.0,0.0,0.0,167.59,0.0,0.0,180.0,0.9999253857184062,1.0,1249.6008649800028,1000.0,1249.6008649800028,1000.0,0.0,0.0
9152,1675107480000.0,0.0,0.0,0.28,176.88,0.0,0.0,176.95,0.9999253857184062,1.0,1249.5909597000027,1000.0,1249.6105597000028,1000.0,0.039634089551904346,0.0
9153,1675111080000.0,0.0,0.0,0.28,176.88,0.0,0.0,176.0,0.9999253857184062,1.0,1249.5909597000027,1000.0,1249.3445597000027,1000.0,0.039634089551904346,0.0
9154,1675114680000.0,0.0,0.0,0.28,176.88,0.0,0.0,176.05,0.9999253857184062,1.0,1249.5909597000027,1000.0,1249.3585597000026,1000.0,0.039634089551904346,0.0
9155,1675118280000.0,0.0,0.0,0.28,176.88,0.0,0.0,175.05,0.9999253857184062,1.0,1249.5909597000027,1000.0,1249.0785597000026,1000.0,0.039634089551904346,0.0
9156,1675121880000.0,0.0,0.0,0.28,176.88,0.0,0.0,176.0,0.9999253857184062,1.0,1249.5909597000027,1000.0,1249.3445597000027,1000.0,0.039634089551904346,0.0
9157,1675125480000.0,0.0,0.0,0.28,176.88,0.0,0.0,175.0,0.9999253857184062,1.0,1249.5909597000027,1000.0,1249.0645597000027,1000.0,0.039634089551904346,0.0
9158,1675129080000.0,0.0,0.0,0.28,176.88,0.0,0.0,175.7,0.9999253857184062,1.0,1249.5909597000027,1000.0,1249.2605597000027,1000.0,0.039634089551904346,0.0
9159,1675132680000.0,0.0,0.0,0.28,176.88,0.0,0.0,175.55,0.9999253857184062,1.0,1249.5909597000027,1000.0,1249.2185597000027,1000.0,0.039634089551904346,0.0
9160,1675136280000.0,0.0,0.0,0.28,176.88,0.0,0.0,173.8,0.9999253857184062,1.0,1249.5909597000027,1000.0,1248.7285597000027,1000.0,0.039634089551904346,0.0
9161,1675139880000.0,0.0,0.0,0.28,176.88,0.0,0.0,173.45,0.9999253857184062,1.0,1249.5909597000027,1000.0,1248.6305597000028,1000.0,0.039634089551904346,0.0
9162,1675143480000.0,0.0,0.0,0.28,176.88,0.0,0.0,173.05,0.9999253857184062,1.0,1249.5909597000027,1000.0,1248.5185597000027,1000.0,0.039634089551904346,0.0
9163,1675147080000.0,0.0,0.0,0.28,176.88,0.0,0.0,172.85,0.9999253857184062,1.0,1249.5909597000027,1000.0,1248.4625597000027,1000.0,0.039634089551904346,0.0
9164,1675150680000.0,0.0,0.0,0.28,176.88,0.0,0.0,173.65,0.9999253857184062,1.0,1249.5909597000027,1000.0,1248.6865597000028,1000.0,0.039634089551904346,0.0
9165,1675154280000.0,0.0,0.0,0.28,176.88,0.0,0.0,174.1,0.9999253857184062,1.0,1249.5909597000027,1000.0,1248.8125597000028,1000.0,0.039634089551904346,0.0
9166,1675157880000.0,0.0,0.0,0.28,176.88,0.0,0.0,174.45,0.9999253857184062,1.0,1249.5909597000027,1000.0,1248.9105597000028,1000.0,0.039634089551904346,0.0
9167,1675161480000.0,0.0,0.0,0.28,176.88,0.0,0.0,175.1,0.9999253857184062,1.0,1249.5909597000027,1000.0,1249.0925597000028,1000.0,0.039634089551904346,0.0
9168,1675165080000.0,0.0,0.0,0.28,176.88,0.0,0.0,174.4,0.9999253857184062,1.0,1249.5909597000027,1000.0,1248.8965597000026,1000.0,0.039634089551904346,0.0
9169,1675168680000.0,0.0,0.0,0.28,176.88,0.0,0.0,174.2,0.9999253857184062,1.0,1249.5909597000027,1000.0,1248.8405597000028,1000.0,0.039634089551904346,0.0
9170,1675172280000.0,0.0,0.0,0.28,176.88,0.0,0.0,174.85,0.9999253857184062,1.0,1249.5909597000027,1000.0,1249.0225597000026,1000.0,0.039634089551904346,0.0
9171,1675175880000.0,0.0,0.0,0.28,176.88,0.0,0.0,176.05,0.9999253857184062,1.0,1249.5909597000027,1000.0,1249.3585597000026,1000.0,0.039634089551904346,0.0
9172,1675179480000.0,0.0,0.0,0.28,176.88,0.0,0.0,177.45,0.9999253857184062,1.0,1249.5909597000027,1000.0,1249.7505597000027,1000.0,0.039634089551904346,0.0
9173,1675183080000.0,0.0,0.0,0.28,176.88,0.0,0.0,178.55,0.9999253857184062,1.0,1249.5909597000027,1000.0,1250.0585597000027,1000.0,0.039634089551904346,0.0
9174,1675186680000.0,0.0,0.0,0.28,176.88,0.0,0.0,179.25,0.9999253857184062,1.0,1249.5909597000027,1000.0,1250.2545597000028,1000.0,0.039634089551904346,0.0
9175,1675190280000.0,0.0,0.0,0.28,176.88,0.0,0.0,179.75,0.9999253857184062,1.0,1249.5909597000027,1000.0,1250.3945597000027,1000.0,0.039634089551904346,0.0
9176,1675193880000.0,0.0,0.0,0.28,176.88,0.0,0.0,178.65,0.9999253857184062,1.0,1249.5909597000027,1000.0,1250.0865597000027,1000.0,0.039634089551904346,0.0
9177,1675197480000.0,0.0,0.0,0.28,176.88,0.0,0.0,177.55,0.9999253857184062,1.0,1249.5909597000027,1000.0,1249.7785597000027,1000.0,0.039634089551904346,0.0
9178,1675201080000.0,0.0,0.0,0.28,176.88,0.0,0.0,175.85,0.9999253857184062,1.0,1249.5909597000027,1000.0,1249.3025597000028,1000.0,0.039634089551904346,0.0
9179,1675204680000.0,0.0,0.0,0.28,176.88,0.0,0.0,176.45,0.9999253857184062,1.0,1249.5909597000027,1000.0,1249.4705597000027,1000.0,0.039634089551904346,0.0
9180,1675208280000.0,0.0,0.0,0.28,176.88,0.0,0.0,177.45,0.9999253857184062,1.0,1249.5909597000027,1000.0,1249.7505597000027,1000.0,0.039634089551904346,0.0
9181,1675211880000.0,0.0,0.0,0.28,176.88,0.0,0.0,177.75,0.9999253857184062,1.0,1249.5909597000027,1000.0,1249.8345597000027,1000.0,0.039634089551904346,0.0
9182,1675215480000.0,0.0,0.0,0.28,176.88,0.0,0.0,177.5,0.9999253857184062,1.0,1249.5909597000027,1000.0,1249.7645597000028,1000.0,0.039634089551904346,0.0
9183,1675219080000.0,0.0,0.0,0.28,176.88,0.0,0.0,176.75,0.9999253857184062,1.0,1249.5909597000027,1000.0,1249.5545597000028,1000.0,0.039634089551904346,0.0
9184,1675222680000.0,0.0,0.0,0.28,176.88,0.0,0.0,175.65,0.9999253857184062,1.0,1249.5909597000027,1000.0,1249.2465597000028,1000.0,0.039634089551904346,0.0
9185,1675226280000.0,0.0,0.0,0.28,176.88,0.0,0.0,176.2,0.9999253857184062,1.0,1249.5909597000027,1000.0,1249.4005597000028,1000.0,0.039634089551904346,0.0
9186,1675229880000.0,0.0,0.0,0.28,176.88,0.0,0.0,176.6,0.9999253857184062,1.0,1249.5909597000027,1000.0,1249.5125597000026,1000.0,0.039634089551904346,0.0
9187,1675233480000.0,0.0,0.0,0.28,176.88,0.0,0.0,175.05,0.9999253857184062,1.0,1249.5909597000027,1000.0,1249.0785597000026,1000.0,0.039634089551904346,0.0
9188,1675237080000.0,0.0,0.0,0.28,176.88,0.0,0.0,174.8,0.9999253857184062,1.0,1249.5909597000027,1000.0,1249.0085597000027,1000.0,0.039634089551904346,0.0
9189,1675240680000.0,0.0,0.0,0.28,176.88,0.0,0.0,173.4,0.9999253857184062,1.0,1249.5909597000027,1000.0,1248.6165597000027,1000.0,0.039634089551904346,0.0
9190,1675244280000.0,0.0,0.0,0.28,176.88,0.0,0.0,173.85,0.9999253857184062,1.0,1249.5909597000027,1000.0,1248.7425597000026,1000.0,0.039634089551904346,0.0
9191,1675247880000.0,0.0,0.0,0.28,176.88,0.0,0.0,174.65,0.9999253857184062,1.0,1249.5909597000027,1000.0,1248.9665597000028,1000.0,0.039634089551904346,0.0
9192,1675251480000.0,0.0,0.0,0.28,176.88,0.0,0.0,176.25,0.9999253857184062,1.0,1249.5909597000027,1000.0,1249.4145597000027,1000.0,0.039634089551904346,0.0
9193,1675255080000.0,0.0,0.0,0.28,176.88,0.0,0.0,176.9,0.9999253857184062,1.0,1249.5909597000027,1000.0,1249.5965597000027,1000.0,0.039634089551904346,0.0
9194,1675258680000.0,0.0,0.0,0.28,176.88,0.0,0.0,177.55,0.9999253857184062,1.0,1249.5909597000027,1000.0,1249.7785597000027,1000.0,0.039634089551904346,0.0
9195,1675262280000.0,0.0,0.0,0.28,176.88,0.0,0.0,176.25,0.9999253857184062,1.0,1249.5909597000027,1000.0,1249.4145597000027,1000.0,0.039634089551904346,0.0
9196,1675265880000.0,0.0,0.0,0.28,176.88,0.0,0.0,176.8,0.9999253857184062,1.0,1249.5909597000027,1000.0,1249.5685597000027,1000.0,0.039634089551904346,0.0
9197,1675269480000.0,0.0,0.0,0.28,176.88,0.0,0.0,175.75,0.9999253857184062,1.0,1249.5909597000027,1000.0,1249.2745597000028,1000.0,0.039634089551904346,0.0
9198,1675273080000.0,0.0,0.0,0.28,176.88,0.0,0.0,174.7,0.9999253857184062,1.0,1249.5909597000027,1000.0,1248.9805597000027,1000.0,0.039634089551904346,0.0
9199,1675276680000.0,0.0,0.0,0.28,176.88,0.0,0.0,174.1,0.9999253857184062,1.0,1249.5909597000027,1000.0,1248.8125597000028,1000.0,0.039634089551904346,0.0
9200,1675280280000.0,0.0,0.0,0.28,176.88,0.0,0.0,174.85,0.9999253857184062,1.0,1249.5909597000027,1000.0,1249.0225597000026,1000.0,0.039634089551904346,0.0
9201,1675283880000.0,0.0,0.0,0.28,176.88,0.0,0.0,177.15,0.9999253857184062,1.0,1249.5909597000027,1000.0,1249.6665597000026,1000.0,0.039634089551904346,0.0
9202,1675287480000.0,0.0,0.0,0.28,176.88,0.0,0.0,177.35,0.9999253857184062,1.0,1249.5909597000027,1000.0,1249.7225597000026,1000.0,0.039634089551904346,0.0
9203,1675291080000.0,0.0,0.0,0.28,176.88,0.0,0.0,177.85,0.9999253857184062,1.0,1249.5909597000027,1000.0,1249.8625597000027,1000.0,0.039634089551904346,0.0
9204,1675294680000.0,0.0,0.0,0.28,176.88,0.0,0.0,177.55,0.9999253857184062,1.0,1249.5909597000027,1000.0,1249.7785597000027,1000.0,0.039634089551904346,0.0
9205,1675298280000.0,0.0,0.0,0.28,176.88,0.0,0.0,177.7,0.9999253857184062,1.0,1249.5909597000027,1000.0,1249.8205597000026,1000.0,0.039634089551904346,0.0
9206,1675301880000.0,0.0,0.0,0.28,176.88,0.0,0.0,178.7,0.9999253857184062,1.0,1249.5909597000027,1000.0,1250.1005597000028,1000.0,0.039634089551904346,0.0
9207,1675305480000.0,0.0,0.0,0.28,176.88,0.0,0.0,179.15,0.9999253857184062,1.0,1249.5909597000027,1000.0,1250.2265597000028,1000.0,0.039634089551904346,0.0
9208,1675309080000.0,0.0,0.0,0.28,176.88,0.0,0.0,180.65,0.9999253857184062,1.0,1249.5909597000027,1000.0,1250.6465597000026,1000.0,0.039634089551904346,0.0
9209,1675312680000.0,0.0,0.0,0.28,176.88,0.0,0.0,179.8,0.9999253857184062,1.0,1249.5909597000027,1000.0,1250.4085597000028,1000.0,0.039634089551904346,0.0
9210,1675316280000.0,0.0,0.0,0.28,176.88,0.0,0.0,178.95,0.9999253857184062,1.0,1249.5909597000027,1000.0,1250.1705597000027,1000.0,0.039634089551904346,0.0
9211,1675319880000.0,0.0,0.0,0.28,176.88,0.0,0.0,177.65,0.9999253857184062,1.0,1249.5909597000027,1000.0,1249.8065597000027,1000.0,0.039634089551904346,0.0
9212,1675323480000.0,0.0,0.0,0.28,176.88,0.0,0.0,178.6,0.9999253857184062,1.0,1249.5909597000027,1000.0,1250.0725597000028,1000.0,0.039634089551904346,0.0
9213,1675327080000.0,0.0,0.0,0.28,176.88,0.0,0.0,179.05,0.9999253857184062,1.0,1249.5909597000027,1000.0,1250.1985597000028,1000.0,0.039634089551904346,0.0
9214,1675330680000.0,0.0,0.0,0.28,176.88,0.0,0.0,178.75,0.9999253857184062,1.0,1249.5909597000027,1000.0,1250.1145597000027,1000.0,0.039634089551904346,0.0
9215,1675334280000.0,0.0,0.0,0.28,176.88,0.0,0.0,179.0,0.9999253857184062,1.0,1249.5909597000027,1000.0,1250.1845597000026,1000.0,0.039634089551904346,0.0
9216,1675337880000.0,0.0,0.0,0.28,176.88,0.0,0.0,178.45,0.9999253857184062,1.0,1249.5909597000027,1000.0,1250.0305597000026,1000.0,0.039634089551904346,0.0
9217,1675341480000.0,0.0,0.0,0.28,176.88,0.0,0.0,178.95,0.9999253857184062,1.0,1249.5909597000027,1000.0,1250.1705597000027,1000.0,0.039634089551904346,0.0
9218,1675345080000.0,0.0,0.0,0.28,176.88,0.0,0.0,178.4,0.9999253857184062,1.0,1249.5909597000027,1000.0,1250.0165597000027,1000.0,0.039634089551904346,0.0
9219,1675348680000.0,0.0,0.0,0.28,176.88,0.0,0.0,178.6,0.9999253857184062,1.0,1249.5909597000027,1000.0,1250.0725597000028,1000.0,0.039634089551904346,0.0
9220,1675352280000.0,0.0,0.0,0.28,176.88,0.0,0.0,178.95,0.9999253857184062,1.0,1249.5909597000027,1000.0,1250.1705597000027,1000.0,0.039634089551904346,0.0
9221,1675355880000.0,0.0,0.0,0.28,176.88,0.0,0.0,178.75,0.9999253857184062,1.0,1249.5909597000027,1000.0,1250.1145597000027,1000.0,0.039634089551904346,0.0
9222,1675359480000.0,0.0,0.0,0.28,176.88,0.0,0.0,179.15,0.9999253857184062,1.0,1249.5909597000027,1000.0,1250.2265597000028,1000.0,0.039634089551904346,0.0
9223,1675363080000.0,0.0,0.0,0.28,176.88,0.0,0.0,179.25,0.9999253857184062,1.0,1249.5909597000027,1000.0,1250.2545597000028,1000.0,0.039634089551904346,0.0
9224,1675366680000.0,0.0,0.0,0.28,176.88,0.0,0.0,177.7,0.9999253857184062,1.0,1249.5909597000027,1000.0,1249.8205597000026,1000.0,0.039634089551904346,0.0
9225,1675370280000.0,0.0,0.0,0.28,176.88,0.0,0.0,176.35,0.9999253857184062,1.0,1249.5909597000027,1000.0,1249.4425597000027,1000.0,0.039634089551904346,0.0
9226,1675373880000.0,0.0,0.0,0.28,176.88,0.0,0.0,174.7,0.9999253857184062,1.0,1249.5909597000027,1000.0,1248.9805597000027,1000.0,0.039634089551904346,0.0
9227,1675377480000.0,0.0,0.0,0.28,176.88,0.0,0.0,173.75,0.9999253857184062,1.0,1249.5909597000027,1000.0,1248.7145597000026,1000.0,0.039634089551904346,0.0
9228,1675381080000.0,0.0,0.0,0.28,176.88,0.0,0.0,172.65,0.9999253857184062,1.0,1249.5909597000027,1000.0,1248.4065597000026,1000.0,0.039634089551904346,0.0
9229,1675384680000.0,0.0,0.0,0.28,176.88,0.0,0.0,172.35,0.9999253857184062,1.0,1249.5909597000027,1000.0,1248.3225597000028,1000.0,0.039634089551904346,0.0
9230,1675388280000.0,0.0,0.0,0.28,176.88,0.0,0.0,173.95,0.9999253857184062,1.0,1249.5909597000027,1000.0,1248.7705597000027,1000.0,0.039634089551904346,0.0
9231,1675391880000.0,0.0,0.0,0.28,176.88,0.0,0.0,173.8,0.9999253857184062,1.0,1249.5909597000027,1000.0,1248.7285597000027,1000.0,0.039634089551904346,0.0
9232,1675395480000.0,0.0,0.0,0.28,176.88,0.0,0.0,173.65,0.9999253857184062,1.0,1249.5909597000027,1000.0,1248.6865597000028,1000.0,0.039634089551904346,0.0
9233,1675399080000.0,0.0,0.0,0.28,176.88,0.0,0.0,173.75,0.9999253857184062,1.0,1249.5909597000027,1000.0,1248.7145597000026,1000.0,0.039634089551904346,0.0
9234,1675402680000.0,0.0,0.0,0.28,176.88,0.0,0.0,173.7,0.9999253857184062,1.0,1249.5909597000027,1000.0,1248.7005597000027,1000.0,0.039634089551904346,0.0
9235,1675406280000.0,0.0,0.0,0.28,176.88,0.0,0.0,173.65,0.9999253857184062,1.0,1249.5909597000027,1000.0,1248.6865597000028,1000.0,0.039634089551904346,0.0
9236,1675409880000.0,0.0,0.0,0.28,176.88,0.0,0.0,172.45,0.9999253857184062,1.0,1249.5909597000027,1000.0,1248.3505597000028,1000.0,0.039634089551904346,0.0
9237,1675413480000.0,0.0,0.0,0.28,176.88,0.0,0.0,173.15,0.9999253857184062,1.0,1249.5909597000027,1000.0,1248.5465597000027,1000.0,0.039634089551904346,0.0
9238,1675417080000.0,0.0,0.0,0.28,176.88,0.0,0.0,173.9,0.9999253857184062,1.0,1249.5909597000027,1000.0,1248.7565597000028,1000.0,0.039634089551904346,0.0
9239,1675420680000.0,0.0,0.0,0.28,176.88,0.0,0.0,173.45,0.9999253857184062,1.0,1249.5909597000027,1000.0,1248.6305597000028,1000.0,0.039634089551904346,0.0
9240,1675424280000.0,0.0,0.0,0.28,176.88,0.0,0.0,174.35,0.9999253857184062,1.0,1249.5909597000027,1000.0,1248.8825597000027,1000.0,0.039634089551904346,0.0
9241,1675427880000.0,0.0,0.0,0.28,176.88,0.0,0.0,175.25,0.9999253857184062,1.0,1249.5909597000027,1000.0,1249.1345597000027,1000.0,0.039634089551904346,0.0
9242,1675431480000.0,0.0,0.0,0.28,176.88,0.0,0.0,172.85,0.9999253857184062,1.0,1249.5909597000027,1000.0,1248.4625597000027,1000.0,0.039634089551904346,0.0
9243,1675435080000.0,0.0,0.0,0.28,176.88,0.0,0.0,171.5,0.9999253857184062,1.0,1249.5909597000027,1000.0,1248.0845597000027,1000.0,0.039634089551904346,0.0
9244,1675438680000.0,0.0,0.0,0.28,176.88,0.0,0.0,173.35,0.9999253857184062,1.0,1249.5909597000027,1000.0,1248.6025597000028,1000.0,0.039634089551904346,0.0
9245,1675442280000.0,0.0,0.0,0.28,176.88,0.0,0.0,173.6,0.9999253857184062,1.0,1249.5909597000027,1000.0,1248.6725597000027,1000.0,0.039634089551904346,0.0
9246,1675445880000.0,0.0,0.0,0.28,176.88,0.0,0.0,173.65,0.9999253857184062,1.0,1249.5909597000027,1000.0,1248.6865597000028,1000.0,0.039634089551904346,0.0
9247,1675449480000.0,0.0,0.0,0.28,176.88,0.0,0.0,172.2,0.9999253857184062,1.0,1249.5909597000027,1000.0,1248.2805597000026,1000.0,0.039634089551904346,0.0
9248,1675453080000.0,0.0,0.0,0.28,176.88,0.0,0.0,171.7,0.9999253857184062,1.0,1249.5909597000027,1000.0,1248.1405597000028,1000.0,0.039634089551904346,0.0
9249,1675456680000.0,0.0,0.0,0.28,176.88,0.0,0.0,171.95,0.9999253857184062,1.0,1249.5909597000027,1000.0,1248.2105597000027,1000.0,0.039634089551904346,0.0
9250,1675460280000.0,0.0,0.0,0.28,176.88,0.0,0.0,171.35,0.9999253857184062,1.0,1249.5909597000027,1000.0,1248.0425597000028,1000.0,0.039634089551904346,0.0
9251,1675463880000.0,0.0,0.0,0.28,176.88,0.0,0.0,171.7,0.9999253857184062,1.0,1249.5909597000027,1000.0,1248.1405597000028,1000.0,0.039634089551904346,0.0
9252,1675467480000.0,0.0,0.0,0.28,176.88,0.0,0.0,171.75,0.9999253857184062,1.0,1249.5909597000027,1000.0,1248.1545597000027,1000.0,0.039634089551904346,0.0
9253,1675471080000.0,0.0,0.0,0.28,176.88,0.0,0.0,171.75,0.9999253857184062,1.0,1249.5909597000027,1000.0,1248.1545597000027,1000.0,0.039634089551904346,0.0
9254,1675474680000.0,0.0,0.0,0.28,176.88,0.0,0.0,171.85,0.9999253857184062,1.0,1249.5909597000027,1000.0,1248.1825597000027,1000.0,0.039634089551904346,0.0
9255,1675478280000.0,0.0,0.0,0.28,176.88,0.0,0.0,171.1,0.9999253857184062,1.0,1249.5909597000027,1000.0,1247.9725597000026,1000.0,0.039634089551904346,0.0
9256,1675481880000.0,0.0,0.0,0.28,176.88,0.0,0.0,171.15,0.9999253857184062,1.0,1249.5909597000027,1000.0,1247.9865597000028,1000.0,0.039634089551904346,0.0
9257,1675485480000.0,0.0,0.0,0.28,176.88,0.0,0.0,171.35,0.9999253857184062,1.0,1249.5909597000027,1000.0,1248.0425597000028,1000.0,0.039634089551904346,0.0
9258,1675489080000.0,0.0,0.0,0.28,176.88,0.0,0.0,171.55,0.9999253857184062,1.0,1249.5909597000027,1000.0,1248.0985597000026,1000.0,0.039634089551904346,0.0
9259,1675492680000.0,0.0,0.0,0.28,176.88,0.0,0.0,172.15,0.9999253857184062,1.0,1249.5909597000027,1000.0,1248.2665597000027,1000.0,0.039634089551904346,0.0
9260,1675496280000.0,0.0,0.0,0.28,176.88,0.0,0.0,173.0,0.9999253857184062,1.0,1249.5909597000027,1000.0,1248.5045597000028,1000.0,0.039634089551904346,0.0
9261,1675499880000.0,0.0,0.0,0.28,176.88,0.0,0.0,172.9,0.9999253857184062,1.0,1249.5909597000027,1000.0,1248.4765597000028,1000.0,0.039634089551904346,0.0
9262,1675503480000.0,0.0,0.0,0.28,176.88,0.0,0.0,173.25,0.9999253857184062,1.0,1249.5909597000027,1000.0,1248.5745597000027,1000.0,0.039634089551904346,0.0
9263,1675507080000.0,0.0,0.0,0.28,176.88,0.0,0.0,173.7,0.9999253857184062,1.0,1249.5909597000027,1000.0,1248.7005597000027,1000.0,0.039634089551904346,0.0
9264,1675510680000.0,0.0,0.0,0.28,176.88,0.0,0.0,174.0,0.9999253857184062,1.0,1249.5909597000027,1000.0,1248.7845597000028,1000.0,0.039634089551904346,0.0
9265,1675514280000.0,0.0,0.0,0.28,176.88,0.0,0.0,174.1,0.9999253857184062,1.0,1249.5909597000027,1000.0,1248.8125597000028,1000.0,0.039634089551904346,0.0
9266,1675517880000.0,0.0,0.0,0.28,176.88,0.0,0.0,174.1,0.9999253857184062,1.0,1249.5909597000027,1000.0,1248.8125597000028,1000.0,0.039634089551904346,0.0
9267,1675521480000.0,0.0,0.0,0.28,176.88,0.0,0.0,173.8,0.9999253857184062,1.0,1249.5909597000027,1000.0,1248.7285597000027,1000.0,0.039634089551904346,0.0
9268,1675525080000.0,0.0,0.0,0.28,176.88,0.0,0.0,172.75,0.9999253857184062,1.0,1249.5909597000027,1000.0,1248.4345597000026,1000.0,0.039634089551904346,0.0
9269,1675528680000.0,0.0,0.0,0.28,176.88,0.0,0.0,172.65,0.9999253857184062,1.0,1249.5909597000027,1000.0,1248.4065597000026,1000.0,0.039634089551904346,0.0
9270,1675532280000.0,0.0,0.0,0.28,176.88,0.0,0.0,173.25,0.9999253857184062,1.0,1249.5909597000027,1000.0,1248.5745597000027,1000.0,0.039634089551904346,0.0
9271,1675535880000.0,0.0,0.0,0.28,176.88,0.0,0.0,173.4,0.9999253857184062,1.0,1249.5909597000027,1000.0,1248.6165597000027,1000.0,0.039634089551904346,0.0
9272,1675539480000.0,0.0,0.0,0.28,176.88,0.0,0.0,173.3,0.9999253857184062,1.0,1249.5909597000027,1000.0,1248.5885597000026,1000.0,0.039634089551904346,0.0
9273,1675543080000.0,0.0,0.0,0.28,176.88,0.0,0.0,172.75,0.9999253857184062,1.0,1249.5909597000027,1000.0,1248.4345597000026,1000.0,0.039634089551904346,0.0
9274,1675546680000.0,0.0,0.0,0.28,176.88,0.0,0.0,172.75,0.9999253857184062,1.0,1249.5909597000027,1000.0,1248.4345597000026,1000.0,0.039634089551904346,0.0
9275,1675550280000.0,0.0,0.0,0.28,176.88,0.0,0.0,173.0,0.9999253857184062,1.0,1249.5909597000027,1000.0,1248.5045597000028,1000.0,0.039634089551904346,0.0
9276,1675553880000.0,0.0,0.0,0.28,176.88,0.0,0.0,171.8,0.9999253857184062,1.0,1249.5909597000027,1000.0,1248.1685597000028,1000.0,0.039634089551904346,0.0
9277,1675557480000.0,0.0,0.0,0.28,176.88,0.0,0.0,171.35,0.9999253857184062,1.0,1249.5909597000027,1000.0,1248.0425597000028,1000.0,0.039634089551904346,0.0
9278,1675561080000.0,0.0,0.0,0.58,173.08344827586208,0.0,0.0,170.6,0.9999253857184062,1.0,1249.5807873000026,1000.0,1248.1403873000027,1000.0,0.08033766285484549,0.0
9279,1675564680000.0,0.0,0.0,0.58,173.08344827586208,0.0,0.0,171.4,0.9999253857184062,1.0,1249.5807873000026,1000.0,1248.6043873000026,1000.0,0.08033766285484549,0.0
9280,1675568280000.0,0.0,0.0,0.58,173.08344827586208,0.0,0.0,172.15,0.9999253857184062,1.0,1249.5807873000026,1000.0,1249.0393873000025,1000.0,0.08033766285484549,0.0
9281,1675571880000.0,0.0,0.0,0.58,173.08344827586208,0.0,0.0,172.3,0.9999253857184062,1.0,1249.5807873000026,1000.0,1249.1263873000025,1000.0,0.08033766285484549,0.0
9282,1675575480000.0,0.0,0.0,0.58,173.08344827586208,0.0,0.0,172.5,0.9999253857184062,1.0,1249.5807873000026,1000.0,1249.2423873000025,1000.0,0.08033766285484549,0.0
9283,1675579080000.0,0.0,0.0,0.58,173.08344827586208,0.0,0.0,173.5,0.9999253857184062,1.0,1249.5807873000026,1000.0,1249.8223873000027,1000.0,0.08033766285484549,0.0
9284,1675582680000.0,0.0,0.0,0.58,173.08344827586208,0.0,0.0,172.95,0.9999253857184062,1.0,1249.5807873000026,1000.0,1249.5033873000025,1000.0,0.08033766285484549,0.0
9285,1675586280000.0,0.0,0.0,0.58,173.08344827586208,0.0,0.0,173.0,0.9999253857184062,1.0,1249.5807873000026,1000.0,1249.5323873000027,1000.0,0.08033766285484549,0.0
9286,1675589880000.0,0.0,0.0,0.58,173.08344827586208,0.0,0.0,173.3,0.9999253857184062,1.0,1249.5807873000026,1000.0,1249.7063873000027,1000.0,0.08033766285484549,0.0
9287,1675593480000.0,0.0,0.0,0.58,173.08344827586208,0.0,0.0,173.45,0.9999253857184062,1.0,1249.5807873000026,1000.0,1249.7933873000027,1000.0,0.08033766285484549,0.0
9288,1675597080000.0,0.0,0.0,0.58,173.08344827586208,0.0,0.0,173.0,0.9999253857184062,1.0,1249.5807873000026,1000.0,1249.5323873000027,1000.0,0.08033766285484549,0.0
9289,1675600680000.0,0.0,0.0,0.58,173.08344827586208,0.0,0.0,172.3,0.9999253857184062,1.0,1249.5807873000026,1000.0,1249.1263873000025,1000.0,0.08033766285484549,0.0
9290,1675604280000.0,0.0,0.0,0.58,173.08344827586208,0.0,0.0,170.3,0.9999253857184062,1.0,1249.5807873000026,1000.0,1247.9663873000027,1000.0,0.08033766285484549,0.0
9291,1675607880000.0,0.0,0.0,0.58,173.08344827586208,0.0,0.0,170.55,0.9999253857184062,1.0,1249.5807873000026,1000.0,1248.1113873000027,1000.0,0.08033766285484549,0.0
9292,1675611480000.0,0.0,0.0,0.58,173.08344827586208,0.0,0.0,170.35,0.9999253857184062,1.0,1249.5807873000026,1000.0,1247.9953873000027,1000.0,0.08033766285484549,0.0
9293,1675615080000.0,0.0,0.0,0.58,173.08344827586208,0.0,0.0,170.55,0.9999253857184062,1.0,1249.5807873000026,1000.0,1248.1113873000027,1000.0,0.08033766285484549,0.0
9294,1675618680000.0,0.0,0.0,0.58,173.08344827586208,0.0,0.0,165.8,0.9999253857184062,1.0,1249.5807873000026,1000.0,1245.3563873000026,1000.0,0.08033766285484549,0.0
9295,1675622280000.0,0.0,0.0,0.58,173.08344827586208,0.0,0.0,166.05,0.9999253857184062,1.0,1249.5807873000026,1000.0,1245.5013873000025,1000.0,0.08033766285484549,0.0
9296,1675625880000.0,0.0,0.0,0.58,173.08344827586208,0.0,0.0,165.75,0.9999253857184062,1.0,1249.5807873000026,1000.0,1245.3273873000026,1000.0,0.08033766285484549,0.0
9297,1675629480000.0,0.0,0.0,0.58,173.08344827586208,0.0,0.0,166.4,0.9999253857184062,1.0,1249.5807873000026,1000.0,1245.7043873000025,1000.0,0.08033766285484549,0.0
9298,1675633080000.0,0.0,0.0,0.58,173.08344827586208,0.0,0.0,166.4,0.9999253857184062,1.0,1249.5807873000026,1000.0,1245.7043873000025,1000.0,0.08033766285484549,0.0
9299,1675636680000.0,0.0,0.0,0.58,173.08344827586208,0.0,0.0,167.0,0.9999253857184062,1.0,1249.5807873000026,1000.0,1246.0523873000027,1000.0,0.08033766285484549,0.0
9300,1675640280000.0,0.0,0.0,0.58,173.08344827586208,0.0,0.0,166.85,0.9999253857184062,1.0,1249.5807873000026,1000.0,1245.9653873000027,1000.0,0.08033766285484549,0.0
9301,1675643880000.0,0.0,0.0,0.58,173.08344827586208,0.0,0.0,167.15,0.9999253857184062,1.0,1249.5807873000026,1000.0,1246.1393873000027,1000.0,0.08033766285484549,0.0
9302,1675647480000.0,0.0,0.0,0.58,173.08344827586208,0.0,0.0,166.65,0.9999253857184062,1.0,1249.5807873000026,1000.0,1245.8493873000027,1000.0,0.08033766285484549,0.0
9303,1675651080000.0,0.0,0.0,0.58,173.08344827586208,0.0,0.0,165.4,0.9999253857184062,1.0,1249.5807873000026,1000.0,1245.1243873000026,1000.0,0.08033766285484549,0.0
9304,1675654680000.0,0.0,0.0,0.58,173.08344827586208,0.0,0.0,165.15,0.9999253857184062,1.0,1249.5807873000026,1000.0,1244.9793873000026,1000.0,0.08033766285484549,0.0
9305,1675658280000.0,0.0,0.0,0.58,173.08344827586208,0.0,0.0,166.2,0.9999253857184062,1.0,1249.5807873000026,1000.0,1245.5883873000025,1000.0,0.08033766285484549,0.0
9306,1675661880000.0,0.0,0.0,0.58,173.08344827586208,0.0,0.0,164.25,0.9999253857184062,1.0,1249.5807873000026,1000.0,1244.4573873000027,1000.0,0.08033766285484549,0.0
9307,1675665480000.0,0.0,0.0,0.58,173.08344827586208,0.0,0.0,165.6,0.9999253857184062,1.0,1249.5807873000026,1000.0,1245.2403873000026,1000.0,0.08033766285484549,0.0
9308,1675669080000.0,0.0,0.0,0.58,173.08344827586208,0.0,0.0,166.2,0.9999253857184062,1.0,1249.5807873000026,1000.0,1245.5883873000025,1000.0,0.08033766285484549,0.0
9309,1675672680000.0,0.0,0.0,0.58,173.08344827586208,0.0,0.0,166.05,0.9999253857184062,1.0,1249.5807873000026,1000.0,1245.5013873000025,1000.0,0.08033766285484549,0.0
9310,1675676280000.0,0.0,0.0,0.58,173.08344827586208,0.0,0.0,166.3,0.9999253857184062,1.0,1249.5807873000026,1000.0,1245.6463873000025,1000.0,0.08033766285484549,0.0
9311,1675679880000.0,0.0,0.0,0.58,173.08344827586208,0.0,0.0,165.55,0.9999253857184062,1.0,1249.5807873000026,1000.0,1245.2113873000026,1000.0,0.08033766285484549,0.0
9312,1675683480000.0,0.0,0.0,0.58,173.08344827586208,0.0,0.0,165.5,0.9999253857184062,1.0,1249.5807873000026,1000.0,1245.1823873000026,1000.0,0.08033766285484549,0.0
9313,1675687080000.0,0.0,0.0,0.58,173.08344827586208,0.0,0.0,166.2,0.9999253857184062,1.0,1249.5807873000026,1000.0,1245.5883873000025,1000.0,0.08033766285484549,0.0
9314,1675690680000.0,0.0,0.0,0.58,173.08344827586208,0.0,0.0,166.25,0.9999253857184062,1.0,1249.5807873000026,1000.0,1245.6173873000025,1000.0,0.08033766285484549,0.0
9315,1675694280000.0,0.0,0.0,0.58,173.08344827586208,0.0,0.0,165.35,0.9999253857184062,1.0,1249.5807873000026,1000.0,1245.0953873000026,1000.0,0.08033766285484549,0.0
9316,1675697880000.0,0.0,0.0,0.58,173.08344827586208,0.0,0.0,164.6,0.9999253857184062,1.0,1249.5807873000026,1000.0,1244.6603873000026,1000.0,0.08033766285484549,0.0
9317,1675701480000.0,0.0,0.0,0.58,173.08344827586208,0.0,0.0,165.9,0.9999253857184062,1.0,1249.5807873000026,1000.0,1245.4143873000025,1000.0,0.08033766285484549,0.0
9318,1675705080000.0,0.0,0.0,0.58,173.08344827586208,0.0,0.0,167.6,0.9999253857184062,1.0,1249.5807873000026,1000.0,1246.4003873000026,1000.0,0.08033766285484549,0.0
9319,1675708680000.0,0.0,0.0,0.58,173.08344827586208,0.0,0.0,167.1,0.9999253857184062,1.0,1249.5807873000026,1000.0,1246.1103873000027,1000.0,0.08033766285484549,0.0
9320,1675712280000.0,0.0,0.0,0.58,173.08344827586208,0.0,0.0,167.05,0.9999253857184062,1.0,1249.5807873000026,1000.0,1246.0813873000027,1000.0,0.08033766285484549,0.0
9321,1675715880000.0,0.0,0.0,0.58,173.08344827586208,0.0,0.0,167.7,0.9999253857184062,1.0,1249.5807873000026,1000.0,1246.4583873000026,1000.0,0.08033766285484549,0.0
9322,1675719480000.0,0.0,0.0,0.58,173.08344827586208,0.0,0.0,166.85,0.9999253857184062,1.0,1249.5807873000026,1000.0,1245.9653873000027,1000.0,0.08033766285484549,0.0
9323,1675723080000.0,0.0,0.0,0.58,173.08344827586208,0.0,0.0,166.1,0.9999253857184062,1.0,1249.5807873000026,1000.0,1245.5303873000025,1000.0,0.08033766285484549,0.0
9324,1675726680000.0,0.0,0.0,0.89,169.67921348314604,0.0,0.0,164.0,0.9999253857184062,1.0,1249.5706620800026,1000.0,1244.5161620800027,1000.0,0.12085310945811194,0.0
9325,1675730280000.0,0.0,0.0,0.89,169.67921348314604,0.0,0.0,164.05,0.9999253857184062,1.0,1249.5706620800026,1000.0,1244.5606620800027,1000.0,0.12085310945811194,0.0
9326,1675733880000.0,0.0,0.0,0.89,169.67921348314604,0.0,0.0,165.0,0.9999253857184062,1.0,1249.5706620800026,1000.0,1245.4061620800026,1000.0,0.12085310945811194,0.0
9327,1675737480000.0,0.0,0.0,0.89,169.67921348314604,0.0,0.0,165.25,0.9999253857184062,1.0,1249.5706620800026,1000.0,1245.6286620800026,1000.0,0.12085310945811194,0.0
9328,1675741080000.0,0.0,0.0,0.89,169.67921348314604,0.0,0.0,166.0,0.9999253857184062,1.0,1249.5706620800026,1000.0,1246.2961620800027,1000.0,0.12085310945811194,0.0
9329,1675744680000.0,0.0,0.0,0.89,169.67921348314604,0.0,0.0,166.5,0.9999253857184062,1.0,1249.5706620800026,1000.0,1246.7411620800026,1000.0,0.12085310945811194,0.0
9330,1675748280000.0,0.0,0.0,0.89,169.67921348314604,0.0,0.0,166.9,0.9999253857184062,1.0,1249.5706620800026,1000.0,1247.0971620800026,1000.0,0.12085310945811194,0.0
9331,1675751880000.0,0.0,0.0,0.89,169.67921348314604,0.0,0.0,167.0,0.9999253857184062,1.0,1249.5706620800026,1000.0,1247.1861620800028,1000.0,0.12085310945811194,0.0
9332,1675755480000.0,0.0,0.0,0.89,169.67921348314604,0.0,0.0,167.15,0.9999253857184062,1.0,1249.5706620800026,1000.0,1247.3196620800027,1000.0,0.12085310945811194,0.0
9333,1675759080000.0,0.0,0.0,0.89,169.67921348314604,0.0,0.0,166.65,0.9999253857184062,1.0,1249.5706620800026,1000.0,1246.8746620800027,1000.0,0.12085310945811194,0.0
9334,1675762680000.0,0.0,0.0,0.89,169.67921348314604,0.0,0.0,167.3,0.9999253857184062,1.0,1249.5706620800026,1000.0,1247.4531620800026,1000.0,0.12085310945811194,0.0
9335,1675766280000.0,0.0,0.0,0.89,169.67921348314604,0.0,0.0,167.45,0.9999253857184062,1.0,1249.5706620800026,1000.0,1247.5866620800027,1000.0,0.12085310945811194,0.0
9336,1675769880000.0,0.0,0.0,0.89,169.67921348314604,0.0,0.0,167.2,0.9999253857184062,1.0,1249.5706620800026,1000.0,1247.3641620800026,1000.0,0.12085310945811194,0.0
9337,1675773480000.0,0.0,0.0,0.89,169.67921348314604,0.0,0.0,167.05,0.9999253857184062,1.0,1249.5706620800026,1000.0,1247.2306620800027,1000.0,0.12085310945811194,0.0
9338,1675777080000.0,0.0,0.0,0.89,169.67921348314604,0.0,0.0,166.6,0.9999253857184062,1.0,1249.5706620800026,1000.0,1246.8301620800028,1000.0,0.12085310945811194,0.0
9339,1675780680000.0,0.0,0.0,0.89,169.67921348314604,0.0,0.0,167.05,0.9999253857184062,1.0,1249.5706620800026,1000.0,1247.2306620800027,1000.0,0.12085310945811194,0.0
9340,1675784280000.0,0.0,0.0,0.89,169.67921348314604,0.0,0.0,167.3,0.9999253857184062,1.0,1249.5706620800026,1000.0,1247.4531620800026,1000.0,0.12085310945811194,0.0
9341,1675787880000.0,0.0,0.0,0.89,169.67921348314604,0.0,0.0,167.2,0.9999253857184062,1.0,1249.5706620800026,1000.0,1247.3641620800026,1000.0,0.12085310945811194,0.0
9342,1675791480000.0,0.0,0.0,0.89,169.67921348314604,0.0,0.0,166.55,0.9999253857184062,1.0,1249.5706620800026,1000.0,1246.7856620800026,1000.0,0.12085310945811194,0.0
9343,1675795080000.0,0.0,0.0,0.89,169.67921348314604,0.0,0.0,164.35,0.9999253857184062,1.0,1249.5706620800026,1000.0,1244.8276620800027,1000.0,0.12085310945811194,0.0
9344,1675798680000.0,0.0,0.0,0.89,169.67921348314604,0.0,0.0,166.05,0.9999253857184062,1.0,1249.5706620800026,1000.0,1246.3406620800026,1000.0,0.12085310945811194,0.0
9345,1675802280000.0,0.0,0.0,0.89,169.67921348314604,0.0,0.0,167.25,0.9999253857184062,1.0,1249.5706620800026,1000.0,1247.4086620800026,1000.0,0.12085310945811194,0.0
9346,1675805880000.0,0.0,0.0,0.89,169.67921348314604,0.0,0.0,167.05,0.9999253857184062,1.0,1249.5706620800026,1000.0,1247.2306620800027,1000.0,0.12085310945811194,0.0
9347,1675809480000.0,0.0,0.0,0.89,169.67921348314604,0.0,0.0,167.6,0.9999253857184062,1.0,1249.5706620800026,1000.0,1247.7201620800026,1000.0,0.12085310945811194,0.0
9348,1675813080000.0,0.0,0.0,0.89,169.67921348314604,0.0,0.0,167.9,0.9999253857184062,1.0,1249.5706620800026,1000.0,1247.9871620800027,1000.0,0.12085310945811194,0.0
9349,1675816680000.0,0.0,0.0,0.89,169.67921348314604,0.0,0.0,168.85,0.9999253857184062,1.0,1249.5706620800026,1000.0,1248.8326620800026,1000.0,0.12085310945811194,0.0
9350,1675820280000.0,0.0,0.0,0.89,169.67921348314604,0.0,0.0,168.45,0.9999253857184062,1.0,1249.5706620800026,1000.0,1248.4766620800026,1000.0,0.12085310945811194,0.0
9351,1675823880000.0,0.0,0.0,0.89,169.67921348314604,0.0,0.0,167.95,0.9999253857184062,1.0,1249.5706620800026,1000.0,1248.0316620800027,1000.0,0.12085310945811194,0.0
9352,1675827480000.0,0.0,0.0,0.89,169.67921348314604,0.0,0.0,168.05,0.9999253857184062,1.0,1249.5706620800026,1000.0,1248.1206620800026,1000.0,0.12085310945811194,0.0
9353,1675831080000.0,0.0,0.0,0.89,169.67921348314604,0.0,0.0,168.15,0.9999253857184062,1.0,1249.5706620800026,1000.0,1248.2096620800028,1000.0,0.12085310945811194,0.0
9354,1675834680000.0,0.0,0.0,0.89,169.67921348314604,0.0,0.0,167.75,0.9999253857184062,1.0,1249.5706620800026,1000.0,1247.8536620800028,1000.0,0.12085310945811194,0.0
9355,1675838280000.0,0.0,0.0,0.89,169.67921348314604,0.0,0.0,166.4,0.9999253857184062,1.0,1249.5706620800026,1000.0,1246.6521620800027,1000.0,0.12085310945811194,0.0
9356,1675841880000.0,0.0,0.0,0.89,169.67921348314604,0.0,0.0,166.2,0.9999253857184062,1.0,1249.5706620800026,1000.0,1246.4741620800028,1000.0,0.12085310945811194,0.0
9357,1675845480000.0,0.0,0.0,0.89,169.67921348314604,0.0,0.0,164.8,0.9999253857184062,1.0,1249.5706620800026,1000.0,1245.2281620800027,1000.0,0.12085310945811194,0.0
9358,1675849080000.0,0.0,0.0,0.89,169.67921348314604,0.0,0.0,166.25,0.9999253857184062,1.0,1249.5706620800026,1000.0,1246.5186620800027,1000.0,0.12085310945811194,0.0
9359,1675852680000.0,0.0,0.0,0.89,169.67921348314604,0.0,0.0,165.95,0.9999253857184062,1.0,1249.5706620800026,1000.0,1246.2516620800027,1000.0,0.12085310945811194,0.0
9360,1675856280000.0,0.0,0.0,0.89,169.67921348314604,0.0,0.0,166.35,0.9999253857184062,1.0,1249.5706620800026,1000.0,1246.6076620800027,1000.0,0.12085310945811194,0.0
9361,1675859880000.0,0.0,0.0,0.89,169.67921348314604,0.0,0.0,167.4,0.9999253857184062,1.0,1249.5706620800026,1000.0,1247.5421620800028,1000.0,0.12085310945811194,0.0
9362,1675863480000.0,0.0,0.0,0.89,169.67921348314604,0.0,0.0,168.0,0.9999253857184062,1.0,1249.5706620800026,1000.0,1248.0761620800026,1000.0,0.12085310945811194,0.0
9363,1675867080000.0,0.0,0.0,0.89,169.67921348314604,0.0,0.0,168.55,0.9999253857184062,1.0,1249.5706620800026,1000.0,1248.5656620800028,1000.0,0.12085310945811194,0.0
9364,1675870680000.0,0.0,0.0,0.89,169.67921348314604,0.0,0.0,167.0,0.9999253857184062,1.0,1249.5706620800026,1000.0,1247.1861620800028,1000.0,0.12085310945811194,0.0
9365,1675874280000.0,0.0,0.0,0.89,169.67921348314604,0.0,0.0,164.15,0.9999253857184062,1.0,1249.5706620800026,1000.0,1244.6496620800026,1000.0,0.12085310945811194,0.0
9366,1675877880000.0,0.0,0.0,0.89,169.67921348314604,0.0,0.0,166.25,0.9999253857184062,1.0,1249.5706620800026,1000.0,1246.5186620800027,1000.0,0.12085310945811194,0.0
9367,1675881480000.0,0.0,0.0,0.89,169.67921348314604,0.0,0.0,165.2,0.9999253857184062,1.0,1249.5706620800026,1000.0,1245.5841620800027,1000.0,0.12085310945811194,0.0
9368,1675885080000.0,0.0,0.0,0.89,169.67921348314604,0.0,0.0,165.95,0.9999253857184062,1.0,1249.5706620800026,1000.0,1246.2516620800027,1000.0,0.12085310945811194,0.0
9369,1675888680000.0,0.0,0.0,0.89,169.67921348314604,0.0,0.0,164.95,0.9999253857184062,1.0,1249.5706620800026,1000.0,1245.3616620800026,1000.0,0.12085310945811194,0.0
9370,1675892280000.0,0.0,0.0,0.89,169.67921348314604,0.0,0.0,164.9,0.9999253857184062,1.0,1249.5706620800026,1000.0,1245.3171620800026,1000.0,0.12085310945811194,0.0
9371,1675895880000.0,0.0,0.0,0.89,169.67921348314604,0.0,0.0,165.8,0.9999253857184062,1.0,1249.5706620800026,1000.0,1246.1181620800028,1000.0,0.12085310945811194,0.0
9372,1675899480000.0,0.0,0.0,0.89,169.67921348314604,0.0,0.0,166.0,0.9999253857184062,1.0,1249.5706620800026,1000.0,1246.2961620800027,1000.0,0.12085310945811194,0.0
9373,1675903080000.0,0.0,0.0,0.89,169.67921348314604,0.0,0.0,166.5,0.9999253857184062,1.0,1249.5706620800026,1000.0,1246.7411620800026,1000.0,0.12085310945811194,0.0
9374,1675906680000.0,0.0,0.0,0.89,169.67921348314604,0.0,0.0,167.85,0.9999253857184062,1.0,1249.5706620800026,1000.0,1247.9426620800027,1000.0,0.12085310945811194,0.0
9375,1675910280000.0,0.0,0.0,0.89,169.67921348314604,0.0,0.0,167.55,0.9999253857184062,1.0,1249.5706620800026,1000.0,1247.6756620800027,1000.0,0.12085310945811194,0.0
9376,1675913880000.0,0.0,0.0,0.89,169.67921348314604,0.0,0.0,162.55,0.9999253857184062,1.0,1249.5706620800026,1000.0,1243.2256620800026,1000.0,0.12085310945811194,0.0
9377,1675917480000.0,0.0,0.0,0.89,169.67921348314604,0.0,0.0,163.2,0.9999253857184062,1.0,1249.5706620800026,1000.0,1243.8041620800027,1000.0,0.12085310945811194,0.0
9378,1675921080000.0,0.0,0.0,0.89,169.67921348314604,0.0,0.0,162.75,0.9999253857184062,1.0,1249.5706620800026,1000.0,1243.4036620800027,1000.0,0.12085310945811194,0.0
9379,1675924680000.0,0.0,0.0,0.89,169.67921348314604,0.0,0.0,162.5,0.9999253857184062,1.0,1249.5706620800026,1000.0,1243.1811620800027,1000.0,0.12085310945811194,0.0
9380,1675928280000.0,0.0,0.0,0.89,169.67921348314604,0.0,0.0,162.9,0.9999253857184062,1.0,1249.5706620800026,1000.0,1243.5371620800026,1000.0,0.12085310945811194,0.0
9381,1675931880000.0,0.0,0.0,0.89,169.67921348314604,0.0,0.0,163.25,0.9999253857184062,1.0,1249.5706620800026,1000.0,1243.8486620800027,1000.0,0.12085310945811194,0.0
9382,1675935480000.0,0.0,0.0,0.89,169.67921348314604,0.0,0.0,163.2,0.9999253857184062,1.0,1249.5706620800026,1000.0,1243.8041620800027,1000.0,0.12085310945811194,0.0
9383,1675939080000.0,0.0,0.0,0.89,169.67921348314604,0.0,0.0,163.3,0.9999253857184062,1.0,1249.5706620800026,1000.0,1243.8931620800026,1000.0,0.12085310945811194,0.0
9384,1675942680000.0,0.0,0.0,0.89,169.67921348314604,0.0,0.0,163.15,0.9999253857184062,1.0,1249.5706620800026,1000.0,1243.7596620800027,1000.0,0.12085310945811194,0.0
9385,1675946280000.0,0.0,0.0,0.89,169.67921348314604,0.0,0.0,161.4,0.9999253857184062,1.0,1249.5706620800026,1000.0,1242.2021620800026,1000.0,0.12085310945811194,0.0
9386,1675949880000.0,0.0,0.0,0.89,169.67921348314604,0.0,0.0,163.25,0.9999253857184062,1.0,1249.5706620800026,1000.0,1243.8486620800027,1000.0,0.12085310945811194,0.0
9387,1675953480000.0,0.0,0.0,0.89,169.67921348314604,0.0,0.0,163.75,0.9999253857184062,1.0,1249.5706620800026,1000.0,1244.2936620800026,1000.0,0.12085310945811194,0.0
9388,1675957080000.0,0.0,0.0,0.89,169.67921348314604,0.0,0.0,163.2,0.9999253857184062,1.0,1249.5706620800026,1000.0,1243.8041620800027,1000.0,0.12085310945811194,0.0
9389,1675960680000.0,0.0,0.0,0.89,169.67921348314604,0.0,0.0,162.8,0.9999253857184062,1.0,1249.5706620800026,1000.0,1243.4481620800027,1000.0,0.12085310945811194,0.0
9390,1675964280000.0,0.0,0.0,0.89,169.67921348314604,0.0,0.0,161.45,0.9999253857184062,1.0,1249.5706620800026,1000.0,1242.2466620800026,1000.0,0.12085310945811194,0.0
9391,1675967880000.0,0.0,0.0,0.89,169.67921348314604,0.0,0.0,161.15,0.9999253857184062,1.0,1249.5706620800026,1000.0,1241.9796620800028,1000.0,0.12085310945811194,0.0
9392,1675971480000.0,0.0,0.0,1.32,165.7345454545454,0.0,0.0,155.65,0.9999253857184062,1.0,1249.5571110600026,1000.0,1236.2455110600026,1000.0,0.1750777119858228,0.0
9393,1675975080000.0,0.0,0.0,1.32,165.7345454545454,0.0,0.0,154.6,0.9999253857184062,1.0,1249.5571110600026,1000.0,1234.8595110600027,1000.0,0.1750777119858228,0.0
9394,1675978680000.0,0.0,0.0,1.32,165.7345454545454,0.0,0.0,153.55,0.9999253857184062,1.0,1249.5571110600026,1000.0,1233.4735110600027,1000.0,0.1750777119858228,0.0
9395,1675982280000.0,0.0,0.0,1.32,165.7345454545454,0.0,0.0,153.75,0.9999253857184062,1.0,1249.5571110600026,1000.0,1233.7375110600026,1000.0,0.1750777119858228,0.0
9396,1675985880000.0,0.0,0.0,1.95,160.84492307692307,0.0,0.0,152.4,0.9999253857184062,1.0,1249.5381354600026,1000.0,1233.0705354600027,1000.0,0.2510108263998956,0.0
9397,1675989480000.0,0.0,0.0,1.95,160.84492307692307,0.0,0.0,153.15,0.9999253857184062,1.0,1249.5381354600026,1000.0,1234.5330354600028,1000.0,0.2510108263998956,0.0
9398,1675993080000.0,0.0,0.0,1.95,160.84492307692307,0.0,0.0,153.9,0.9999253857184062,1.0,1249.5381354600026,1000.0,1235.9955354600027,1000.0,0.2510108263998956,0.0
9399,1675996680000.0,0.0,0.0,1.95,160.84492307692307,0.0,0.0,154.6,0.9999253857184062,1.0,1249.5381354600026,1000.0,1237.3605354600027,1000.0,0.2510108263998956,0.0
9400,1676000280000.0,0.0,0.0,1.95,160.84492307692307,0.0,0.0,157.05,0.9999253857184062,1.0,1249.5381354600026,1000.0,1242.1380354600026,1000.0,0.2510108263998956,0.0
9401,1676003880000.0,0.0,0.0,1.95,160.84492307692307,0.0,0.0,156.95,0.9999253857184062,1.0,1249.5381354600026,1000.0,1241.9430354600026,1000.0,0.2510108263998956,0.0
9402,1676007480000.0,0.0,0.0,1.95,160.84492307692307,0.0,0.0,156.2,0.9999253857184062,1.0,1249.5381354600026,1000.0,1240.4805354600026,1000.0,0.2510108263998956,0.0
9403,1676011080000.0,0.0,0.0,1.95,160.84492307692307,0.0,0.0,157.15,0.9999253857184062,1.0,1249.5381354600026,1000.0,1242.3330354600027,1000.0,0.2510108263998956,0.0
9404,1676014680000.0,0.0,0.0,1.95,160.84492307692307,0.0,0.0,157.15,0.9999253857184062,1.0,1249.5381354600026,1000.0,1242.3330354600027,1000.0,0.2510108263998956,0.0
9405,1676018280000.0,0.0,0.0,1.95,160.84492307692307,0.0,0.0,157.9,0.9999253857184062,1.0,1249.5381354600026,1000.0,1243.7955354600026,1000.0,0.2510108263998956,0.0
9406,1676021880000.0,0.0,0.0,1.95,160.84492307692307,0.0,0.0,156.95,0.9999253857184062,1.0,1249.5381354600026,1000.0,1241.9430354600026,1000.0,0.2510108263998956,0.0
9407,1676025480000.0,0.0,0.0,1.95,160.84492307692307,0.0,0.0,156.05,0.9999253857184062,1.0,1249.5381354600026,1000.0,1240.1880354600028,1000.0,0.2510108263998956,0.0
9408,1676029080000.0,0.0,0.0,1.95,160.84492307692307,0.0,0.0,154.4,0.9999253857184062,1.0,1249.5381354600026,1000.0,1236.9705354600028,1000.0,0.2510108263998956,0.0
9409,1676032680000.0,0.0,0.0,1.95,160.84492307692307,0.0,0.0,154.05,0.9999253857184062,1.0,1249.5381354600026,1000.0,1236.2880354600027,1000.0,0.2510108263998956,0.0
9410,1676036280000.0,0.0,0.0,1.95,160.84492307692307,0.0,0.0,154.65,0.9999253857184062,1.0,1249.5381354600026,1000.0,1237.4580354600027,1000.0,0.2510108263998956,0.0
9411,1676039880000.0,0.0,0.0,1.95,160.84492307692307,0.0,0.0,155.9,0.9999253857184062,1.0,1249.5381354600026,1000.0,1239.8955354600027,1000.0,0.2510108263998956,0.0
9412,1676043480000.0,0.0,0.0,1.95,160.84492307692307,0.0,0.0,153.8,0.9999253857184062,1.0,1249.5381354600026,1000.0,1235.8005354600027,1000.0,0.2510108263998956,0.0
9413,1676047080000.0,0.0,0.0,1.95,160.84492307692307,0.0,0.0,152.2,0.9999253857184062,1.0,1249.5381354600026,1000.0,1232.6805354600026,1000.0,0.2510108263998956,0.0
9414,1676050680000.0,0.0,0.0,1.95,160.84492307692307,0.0,0.0,152.25,0.9999253857184062,1.0,1249.5381354600026,1000.0,1232.7780354600027,1000.0,0.2510108263998956,0.0
9415,1676054280000.0,0.0,0.0,1.95,160.84492307692307,0.0,0.0,152.65,0.9999253857184062,1.0,1249.5381354600026,1000.0,1233.5580354600027,1000.0,0.2510108263998956,0.0
9416,1676057880000.0,0.0,0.0,1.95,160.84492307692307,0.0,0.0,153.5,0.9999253857184062,1.0,1249.5381354600026,1000.0,1235.2155354600027,1000.0,0.2510108263998956,0.0
9417,1676061480000.0,0.0,0.0,1.95,160.84492307692307,0.0,0.0,153.85,0.9999253857184062,1.0,1249.5381354600026,1000.0,1235.8980354600026,1000.0,0.2510108263998956,0.0
9418,1676065080000.0,0.0,0.0,1.95,160.84492307692307,0.0,0.0,153.0,0.9999253857184062,1.0,1249.5381354600026,1000.0,1234.2405354600028,1000.0,0.2510108263998956,0.0
9419,1676068680000.0,0.0,0.0,1.95,160.84492307692307,0.0,0.0,153.8,0.9999253857184062,1.0,1249.5381354600026,1000.0,1235.8005354600027,1000.0,0.2510108263998956,0.0
9420,1676072280000.0,0.0,0.0,1.95,160.84492307692307,0.0,0.0,154.5,0.9999253857184062,1.0,1249.5381354600026,1000.0,1237.1655354600027,1000.0,0.2510108263998956,0.0
9421,1676075880000.0,0.0,0.0,1.95,160.84492307692307,0.0,0.0,154.6,0.9999253857184062,1.0,1249.5381354600026,1000.0,1237.3605354600027,1000.0,0.2510108263998956,0.0
9422,1676079480000.0,0.0,0.0,1.95,160.84492307692307,0.0,0.0,155.75,0.9999253857184062,1.0,1249.5381354600026,1000.0,1239.6030354600027,1000.0,0.2510108263998956,0.0
9423,1676083080000.0,0.0,0.0,1.95,160.84492307692307,0.0,0.0,156.55,0.9999253857184062,1.0,1249.5381354600026,1000.0,1241.1630354600027,1000.0,0.2510108263998956,0.0
9424,1676086680000.0,0.0,0.0,1.95,160.84492307692307,0.0,0.0,157.7,0.9999253857184062,1.0,1249.5381354600026,1000.0,1243.4055354600027,1000.0,0.2510108263998956,0.0
9425,1676090280000.0,0.0,0.0,1.95,160.84492307692307,0.0,0.0,157.15,0.9999253857184062,1.0,1249.5381354600026,1000.0,1242.3330354600027,1000.0,0.2510108263998956,0.0
9426,1676093880000.0,0.0,0.0,1.95,160.84492307692307,0.0,0.0,156.8,0.9999253857184062,1.0,1249.5381354600026,1000.0,1241.6505354600026,1000.0,0.2510108263998956,0.0
9427,1676097480000.0,0.0,0.0,1.95,160.84492307692307,0.0,0.0,156.15,0.9999253857184062,1.0,1249.5381354600026,1000.0,1240.3830354600027,1000.0,0.2510108263998956,0.0
9428,1676101080000.0,0.0,0.0,1.95,160.84492307692307,0.0,0.0,156.85,0.9999253857184062,1.0,1249.5381354600026,1000.0,1241.7480354600027,1000.0,0.2510108263998956,0.0
9429,1676104680000.0,0.0,0.0,1.95,160.84492307692307,0.0,0.0,158.0,0.9999253857184062,1.0,1249.5381354600026,1000.0,1243.9905354600028,1000.0,0.2510108263998956,0.0
9430,1676108280000.0,0.0,0.0,1.95,160.84492307692307,0.0,0.0,157.35,0.9999253857184062,1.0,1249.5381354600026,1000.0,1242.7230354600026,1000.0,0.2510108263998956,0.0
9431,1676111880000.0,0.0,0.0,1.95,160.84492307692307,0.0,0.0,157.9,0.9999253857184062,1.0,1249.5381354600026,1000.0,1243.7955354600026,1000.0,0.2510108263998956,0.0
9432,1676115480000.0,0.0,0.0,1.95,160.84492307692307,0.0,0.0,159.35,0.9999253857184062,1.0,1249.5381354600026,1000.0,1246.6230354600027,1000.0,0.2510108263998956,0.0
9433,1676119080000.0,0.0,0.0,1.95,160.84492307692307,0.0,0.0,159.25,0.9999253857184062,1.0,1249.5381354600026,1000.0,1246.4280354600028,1000.0,0.2510108263998956,0.0
9434,1676122680000.0,0.0,0.0,1.95,160.84492307692307,0.0,0.0,160.4,0.9999253857184062,1.0,1249.5381354600026,1000.0,1248.6705354600026,1000.0,0.2510108263998956,0.0
9435,1676126280000.0,0.0,0.0,1.95,160.84492307692307,0.0,0.0,160.4,0.9999253857184062,1.0,1249.5381354600026,1000.0,1248.6705354600026,1000.0,0.2510108263998956,0.0
9436,1676129880000.0,0.0,0.0,1.95,160.84492307692307,0.0,0.0,160.45,0.9999253857184062,1.0,1249.5381354600026,1000.0,1248.7680354600027,1000.0,0.2510108263998956,0.0
9437,1676133480000.0,0.0,0.0,1.95,160.84492307692307,0.0,0.0,159.25,0.9999253857184062,1.0,1249.5381354600026,1000.0,1246.4280354600028,1000.0,0.2510108263998956,0.0
9438,1676137080000.0,0.0,0.0,1.95,160.84492307692307,0.0,0.0,159.2,0.9999253857184062,1.0,1249.5381354600026,1000.0,1246.3305354600027,1000.0,0.2510108263998956,0.0
9439,1676140680000.0,0.0,0.0,1.95,160.84492307692307,0.0,0.0,159.05,0.9999253857184062,1.0,1249.5381354600026,1000.0,1246.0380354600027,1000.0,0.2510108263998956,0.0
9440,1676144280000.0,0.0,0.0,1.95,160.84492307692307,0.0,0.0,159.5,0.9999253857184062,1.0,1249.5381354600026,1000.0,1246.9155354600027,1000.0,0.2510108263998956,0.0
9441,1676147880000.0,0.0,0.0,1.95,160.84492307692307,0.0,0.0,159.2,0.9999253857184062,1.0,1249.5381354600026,1000.0,1246.3305354600027,1000.0,0.2510108263998956,0.0
9442,1676151480000.0,0.0,0.0,1.95,160.84492307692307,0.0,0.0,159.1,0.9999253857184062,1.0,1249.5381354600026,1000.0,1246.1355354600028,1000.0,0.2510108263998956,0.0
9443,1676155080000.0,0.0,0.0,1.95,160.84492307692307,0.0,0.0,161.05,0.9999253857184062,1.0,1249.5381354600026,1000.0,1249.9380354600028,1000.0,0.2510108263998956,0.0
9444,1676158680000.0,0.0,0.0,1.95,160.84492307692307,0.0,0.0,161.45,0.9999253857184062,1.0,1249.5381354600026,1000.0,1250.7180354600027,1000.0,0.2510108263998956,0.0
9445,1676162280000.0,0.0,0.0,1.95,160.84492307692307,0.0,0.0,161.05,0.9999253857184062,1.0,1249.5381354600026,1000.0,1249.9380354600028,1000.0,0.2510108263998956,0.0
9446,1676165880000.0,0.0,0.0,1.95,160.84492307692307,0.0,0.0,161.4,0.9999253857184062,1.0,1249.5381354600026,1000.0,1250.6205354600027,1000.0,0.2510108263998956,0.0
9447,1676169480000.0,0.0,0.0,1.95,160.84492307692307,0.0,0.0,160.8,0.9999253857184062,1.0,1249.5381354600026,1000.0,1249.4505354600026,1000.0,0.2510108263998956,0.0
9448,1676173080000.0,0.0,0.0,1.95,160.84492307692307,0.0,0.0,160.95,0.9999253857184062,1.0,1249.5381354600026,1000.0,1249.7430354600026,1000.0,0.2510108263998956,0.0
9449,1676176680000.0,0.0,0.0,1.95,160.84492307692307,0.0,0.0,161.7,0.9999253857184062,1.0,1249.5381354600026,1000.0,1251.2055354600027,1000.0,0.2510108263998956,0.0
9450,1676180280000.0,0.0,0.0,1.95,160.84492307692307,0.0,0.0,161.35,0.9999253857184062,1.0,1249.5381354600026,1000.0,1250.5230354600026,1000.0,0.2510108263998956,0.0
9451,1676183880000.0,0.0,0.0,1.95,160.84492307692307,0.0,0.0,160.7,0.9999253857184062,1.0,1249.5381354600026,1000.0,1249.2555354600026,1000.0,0.2510108263998956,0.0
9452,1676187480000.0,0.0,0.0,1.95,160.84492307692307,0.0,0.0,160.65,0.9999253857184062,1.0,1249.5381354600026,1000.0,1249.1580354600028,1000.0,0.2510108263998956,0.0
9453,1676191080000.0,0.0,0.0,1.95,160.84492307692307,0.0,0.0,161.05,0.9999253857184062,1.0,1249.5381354600026,1000.0,1249.9380354600028,1000.0,0.2510108263998956,0.0
9454,1676194680000.0,0.0,0.0,1.95,160.84492307692307,0.0,0.0,161.6,0.9999253857184062,1.0,1249.5381354600026,1000.0,1251.0105354600028,1000.0,0.2510108263998956,0.0
9455,1676198280000.0,0.0,0.0,1.95,160.84492307692307,0.0,0.0,161.35,0.9999253857184062,1.0,1249.5381354600026,1000.0,1250.5230354600026,1000.0,0.2510108263998956,0.0
9456,1676201880000.0,0.0,0.0,1.95,160.84492307692307,0.0,0.0,161.65,0.9999253857184062,1.0,1249.5381354600026,1000.0,1251.1080354600026,1000.0,0.2510108263998956,0.0
9457,1676205480000.0,0.0,0.0,1.95,160.84492307692307,0.0,0.0,161.95,0.9999253857184062,1.0,1249.5381354600026,1000.0,1251.6930354600026,1000.0,0.2510108263998956,0.0
9458,1676209080000.0,0.0,0.0,1.95,160.84492307692307,0.0,0.0,160.5,0.9999253857184062,1.0,1249.5381354600026,1000.0,1248.8655354600028,1000.0,0.2510108263998956,0.0
9459,1676212680000.0,0.0,0.0,1.95,160.84492307692307,0.0,0.0,161.55,0.9999253857184062,1.0,1249.5381354600026,1000.0,1250.9130354600027,1000.0,0.2510108263998956,0.0
9460,1676216280000.0,0.0,0.0,1.95,160.84492307692307,0.0,0.0,161.35,0.9999253857184062,1.0,1249.5381354600026,1000.0,1250.5230354600026,1000.0,0.2510108263998956,0.0
9461,1676219880000.0,0.0,0.0,1.95,160.84492307692307,0.0,0.0,162.1,0.9999253857184062,1.0,1249.5381354600026,1000.0,1251.9855354600027,1000.0,0.2510108263998956,0.0
9462,1676223480000.0,0.0,0.0,1.95,160.84492307692307,0.0,0.0,161.8,0.9999253857184062,1.0,1249.5381354600026,1000.0,1251.4005354600026,1000.0,0.2510108263998956,0.0
9463,1676227080000.0,0.0,0.0,1.95,160.84492307692307,0.0,0.0,161.55,0.9999253857184062,1.0,1249.5381354600026,1000.0,1250.9130354600027,1000.0,0.2510108263998956,0.0
9464,1676230680000.0,0.0,0.0,1.95,160.84492307692307,0.0,0.0,161.75,0.9999253857184062,1.0,1249.5381354600026,1000.0,1251.3030354600028,1000.0,0.2510108263998956,0.0
9465,1676234280000.0,0.0,0.0,1.95,160.84492307692307,0.0,0.0,161.55,0.9999253857184062,1.0,1249.5381354600026,1000.0,1250.9130354600027,1000.0,0.2510108263998956,0.0
9466,1676237880000.0,0.0,0.0,1.95,160.84492307692307,0.0,0.0,159.75,0.9999253857184062,1.0,1249.5381354600026,1000.0,1247.4030354600027,1000.0,0.2510108263998956,0.0
9467,1676241480000.0,0.0,0.0,1.95,160.84492307692307,0.0,0.0,159.25,0.9999253857184062,1.0,1249.5381354600026,1000.0,1246.4280354600028,1000.0,0.2510108263998956,0.0
9468,1676245080000.0,0.0,0.0,1.95,160.84492307692307,0.0,0.0,159.0,0.9999253857184062,1.0,1249.5381354600026,1000.0,1245.9405354600026,1000.0,0.2510108263998956,0.0
9469,1676248680000.0,0.0,0.0,1.95,160.84492307692307,0.0,0.0,158.55,0.9999253857184062,1.0,1249.5381354600026,1000.0,1245.0630354600028,1000.0,0.2510108263998956,0.0
9470,1676252280000.0,0.0,0.0,1.95,160.84492307692307,0.0,0.0,160.0,0.9999253857184062,1.0,1249.5381354600026,1000.0,1247.8905354600026,1000.0,0.2510108263998956,0.0
9471,1676255880000.0,0.0,0.0,1.95,160.84492307692307,0.0,0.0,159.75,0.9999253857184062,1.0,1249.5381354600026,1000.0,1247.4030354600027,1000.0,0.2510108263998956,0.0
9472,1676259480000.0,0.0,0.0,1.95,160.84492307692307,0.0,0.0,161.0,0.9999253857184062,1.0,1249.5381354600026,1000.0,1249.8405354600027,1000.0,0.2510108263998956,0.0
9473,1676263080000.0,0.0,0.0,1.95,160.84492307692307,0.0,0.0,161.2,0.9999253857184062,1.0,1249.5381354600026,1000.0,1250.2305354600026,1000.0,0.2510108263998956,0.0
9474,1676266680000.0,0.0,0.0,1.95,160.84492307692307,0.0,0.0,161.45,0.9999253857184062,1.0,1249.5381354600026,1000.0,1250.7180354600027,1000.0,0.2510108263998956,0.0
9475,1676270280000.0,0.0,0.0,1.95,160.84492307692307,0.0,0.0,160.3,0.9999253857184062,1.0,1249.5381354600026,1000.0,1248.4755354600027,1000.0,0.2510108263998956,0.0
9476,1676273880000.0,0.0,0.0,1.95,160.84492307692307,0.0,0.0,161.15,0.9999253857184062,1.0,1249.5381354600026,1000.0,1250.1330354600027,1000.0,0.2510108263998956,0.0
9477,1676277480000.0,0.0,0.0,1.95,160.84492307692307,0.0,0.0,160.25,0.9999253857184062,1.0,1249.5381354600026,1000.0,1248.3780354600026,1000.0,0.2510108263998956,0.0
9478,1676281080000.0,0.0,0.0,1.95,160.84492307692307,0.0,0.0,158.4,0.9999253857184062,1.0,1249.5381354600026,1000.0,1244.7705354600027,1000.0,0.2510108263998956,0.0
9479,1676284680000.0,0.0,0.0,1.95,160.84492307692307,0.0,0.0,159.35,0.9999253857184062,1.0,1249.5381354600026,1000.0,1246.6230354600027,1000.0,0.2510108263998956,0.0
9480,1676288280000.0,0.0,0.0,1.95,160.84492307692307,0.0,0.0,160.65,0.9999253857184062,1.0,1249.5381354600026,1000.0,1249.1580354600028,1000.0,0.2510108263998956,0.0
9481,1676291880000.0,0.0,0.0,1.95,160.84492307692307,0.0,0.0,160.2,0.9999253857184062,1.0,1249.5381354600026,1000.0,1248.2805354600027,1000.0,0.2510108263998956,0.0
9482,1676295480000.0,0.0,0.0,1.95,160.84492307692307,0.0,0.0,158.85,0.9999253857184062,1.0,1249.5381354600026,1000.0,1245.6480354600026,1000.0,0.2510108263998956,0.0
9483,1676299080000.0,0.0,0.0,1.95,160.84492307692307,0.0,0.0,158.8,0.9999253857184062,1.0,1249.5381354600026,1000.0,1245.5505354600027,1000.0,0.2510108263998956,0.0
9484,1676302680000.0,0.0,0.0,1.95,160.84492307692307,0.0,0.0,156.5,0.9999253857184062,1.0,1249.5381354600026,1000.0,1241.0655354600026,1000.0,0.2510108263998956,0.0
9485,1676306280000.0,0.0,0.0,1.95,160.84492307692307,0.0,0.0,154.75,0.9999253857184062,1.0,1249.5381354600026,1000.0,1237.6530354600027,1000.0,0.2510108263998956,0.0
9486,1676309880000.0,0.0,0.0,1.95,160.84492307692307,0.0,0.0,156.2,0.9999253857184062,1.0,1249.5381354600026,1000.0,1240.4805354600026,1000.0,0.2510108263998956,0.0
9487,1676313480000.0,0.0,0.0,1.95,160.84492307692307,0.0,0.0,153.8,0.9999253857184062,1.0,1249.5381354600026,1000.0,1235.8005354600027,1000.0,0.2510108263998956,0.0
9488,1676317080000.0,0.0,0.0,1.95,160.84492307692307,0.0,0.0,154.7,0.9999253857184062,1.0,1249.5381354600026,1000.0,1237.5555354600026,1000.0,0.2510108263998956,0.0
9489,1676320680000.0,0.0,0.0,1.95,160.84492307692307,0.0,0.0,154.85,0.9999253857184062,1.0,1249.5381354600026,1000.0,1237.8480354600026,1000.0,0.2510108263998956,0.0
9490,1676324280000.0,0.0,0.0,1.95,160.84492307692307,0.0,0.0,154.45,0.9999253857184062,1.0,1249.5381354600026,1000.0,1237.0680354600026,1000.0,0.2510108263998956,0.0
9491,1676327880000.0,0.0,0.0,1.95,160.84492307692307,0.0,0.0,155.45,0.9999253857184062,1.0,1249.5381354600026,1000.0,1239.0180354600027,1000.0,0.2510108263998956,0.0
9492,1676331480000.0,0.0,0.0,1.95,160.84492307692307,0.0,0.0,156.4,0.9999253857184062,1.0,1249.5381354600026,1000.0,1240.8705354600027,1000.0,0.2510108263998956,0.0
9493,1676335080000.0,0.0,0.0,1.95,160.84492307692307,0.0,0.0,157.65,0.9999253857184062,1.0,1249.5381354600026,1000.0,1243.3080354600027,1000.0,0.2510108263998956,0.0
9494,1676338680000.0,0.0,0.0,1.95,160.84492307692307,0.0,0.0,158.2,0.9999253857184062,1.0,1249.5381354600026,1000.0,1244.3805354600026,1000.0,0.2510108263998956,0.0
9495,1676342280000.0,0.0,0.0,1.95,160.84492307692307,0.0,0.0,156.25,0.9999253857184062,1.0,1249.5381354600026,1000.0,1240.5780354600026,1000.0,0.2510108263998956,0.0
9496,1676345880000.0,0.0,0.0,1.95,160.84492307692307,0.0,0.0,154.95,0.9999253857184062,1.0,1249.5381354600026,1000.0,1238.0430354600026,1000.0,0.2510108263998956,0.0
9497,1676349480000.0,0.0,0.0,1.95,160.84492307692307,0.0,0.0,154.55,0.9999253857184062,1.0,1249.5381354600026,1000.0,1237.2630354600026,1000.0,0.2510108263998956,0.0
9498,1676353080000.0,0.0,0.0,1.95,160.84492307692307,0.0,0.0,154.9,0.9999253857184062,1.0,1249.5381354600026,1000.0,1237.9455354600027,1000.0,0.2510108263998956,0.0
9499,1676356680000.0,0.0,0.0,1.95,160.84492307692307,0.0,0.0,155.65,0.9999253857184062,1.0,1249.5381354600026,1000.0,1239.4080354600028,1000.0,0.2510108263998956,0.0
9500,1676360280000.0,0.0,0.0,1.95,160.84492307692307,0.0,0.0,156.7,0.9999253857184062,1.0,1249.5381354600026,1000.0,1241.4555354600027,1000.0,0.2510108263998956,0.0
9501,1676363880000.0,0.0,0.0,1.95,160.84492307692307,0.0,0.0,154.95,0.9999253857184062,1.0,1249.5381354600026,1000.0,1238.0430354600026,1000.0,0.2510108263998956,0.0
9502,1676367480000.0,0.0,0.0,1.95,160.84492307692307,0.0,0.0,155.75,0.9999253857184062,1.0,1249.5381354600026,1000.0,1239.6030354600027,1000.0,0.2510108263998956,0.0
9503,1676371080000.0,0.0,0.0,1.95,160.84492307692307,0.0,0.0,156.2,0.9999253857184062,1.0,1249.5381354600026,1000.0,1240.4805354600026,1000.0,0.2510108263998956,0.0
9504,1676374680000.0,0.0,0.0,1.95,160.84492307692307,0.0,0.0,155.9,0.9999253857184062,1.0,1249.5381354600026,1000.0,1239.8955354600027,1000.0,0.2510108263998956,0.0
9505,1676378280000.0,0.0,0.0,1.95,160.84492307692307,0.0,0.0,155.1,0.9999253857184062,1.0,1249.5381354600026,1000.0,1238.3355354600026,1000.0,0.2510108263998956,0.0
9506,1676381880000.0,0.0,0.0,1.95,160.84492307692307,0.0,0.0,154.6,0.9999253857184062,1.0,1249.5381354600026,1000.0,1237.3605354600027,1000.0,0.2510108263998956,0.0
9507,1676385480000.0,0.0,0.0,1.95,160.84492307692307,0.0,0.0,155.85,0.9999253857184062,1.0,1249.5381354600026,1000.0,1239.7980354600027,1000.0,0.2510108263998956,0.0
9508,1676389080000.0,0.0,0.0,1.95,160.84492307692307,0.0,0.0,157.0,0.9999253857184062,1.0,1249.5381354600026,1000.0,1242.0405354600027,1000.0,0.2510108263998956,0.0
9509,1676392680000.0,0.0,0.0,1.95,160.84492307692307,0.0,0.0,157.8,0.9999253857184062,1.0,1249.5381354600026,1000.0,1243.6005354600027,1000.0,0.2510108263998956,0.0
9510,1676396280000.0,0.0,0.0,1.95,160.84492307692307,0.0,0.0,157.75,0.9999253857184062,1.0,1249.5381354600026,1000.0,1243.5030354600026,1000.0,0.2510108263998956,0.0
9511,1676399880000.0,0.0,0.0,1.95,160.84492307692307,0.0,0.0,157.35,0.9999253857184062,1.0,1249.5381354600026,1000.0,1242.7230354600026,1000.0,0.2510108263998956,0.0
9512,1676403480000.0,0.0,0.0,1.95,160.84492307692307,0.0,0.0,157.55,0.9999253857184062,1.0,1249.5381354600026,1000.0,1243.1130354600027,1000.0,0.2510108263998956,0.0
9513,1676407080000.0,0.0,0.0,1.95,160.84492307692307,0.0,0.0,157.65,0.9999253857184062,1.0,1249.5381354600026,1000.0,1243.3080354600027,1000.0,0.2510108263998956,0.0
9514,1676410680000.0,0.0,0.0,1.95,160.84492307692307,0.0,0.0,157.5,0.9999253857184062,1.0,1249.5381354600026,1000.0,1243.0155354600026,1000.0,0.2510108263998956,0.0
9515,1676414280000.0,0.0,0.0,1.95,160.84492307692307,0.0,0.0,158.05,0.9999253857184062,1.0,1249.5381354600026,1000.0,1244.0880354600026,1000.0,0.2510108263998956,0.0
9516,1676417880000.0,0.0,0.0,1.95,160.84492307692307,0.0,0.0,158.55,0.9999253857184062,1.0,1249.5381354600026,1000.0,1245.0630354600028,1000.0,0.2510108263998956,0.0
9517,1676421480000.0,0.0,0.0,1.95,160.84492307692307,0.0,0.0,157.45,0.9999253857184062,1.0,1249.5381354600026,1000.0,1242.9180354600026,1000.0,0.2510108263998956,0.0
9518,1676425080000.0,0.0,0.0,1.95,160.84492307692307,0.0,0.0,157.4,0.9999253857184062,1.0,1249.5381354600026,1000.0,1242.8205354600027,1000.0,0.2510108263998956,0.0
9519,1676428680000.0,0.0,0.0,1.95,160.84492307692307,0.0,0.0,157.4,0.9999253857184062,1.0,1249.5381354600026,1000.0,1242.8205354600027,1000.0,0.2510108263998956,0.0
9520,1676432280000.0,0.0,0.0,1.95,160.84492307692307,0.0,0.0,157.7,0.9999253857184062,1.0,1249.5381354600026,1000.0,1243.4055354600027,1000.0,0.2510108263998956,0.0
9521,1676435880000.0,0.0,0.0,1.95,160.84492307692307,0.0,0.0,157.75,0.9999253857184062,1.0,1249.5381354600026,1000.0,1243.5030354600026,1000.0,0.2510108263998956,0.0
9522,1676439480000.0,0.0,0.0,1.95,160.84492307692307,0.0,0.0,158.2,0.9999253857184062,1.0,1249.5381354600026,1000.0,1244.3805354600026,1000.0,0.2510108263998956,0.0
9523,1676443080000.0,0.0,0.0,1.95,160.84492307692307,0.0,0.0,157.8,0.9999253857184062,1.0,1249.5381354600026,1000.0,1243.6005354600027,1000.0,0.2510108263998956,0.0
9524,1676446680000.0,0.0,0.0,1.95,160.84492307692307,0.0,0.0,157.9,0.9999253857184062,1.0,1249.5381354600026,1000.0,1243.7955354600026,1000.0,0.2510108263998956,0.0
9525,1676450280000.0,0.0,0.0,1.95,160.84492307692307,0.0,0.0,158.55,0.9999253857184062,1.0,1249.5381354600026,1000.0,1245.0630354600028,1000.0,0.2510108263998956,0.0
9526,1676453880000.0,0.0,0.0,1.95,160.84492307692307,0.0,0.0,158.6,0.9999253857184062,1.0,1249.5381354600026,1000.0,1245.1605354600026,1000.0,0.2510108263998956,0.0
9527,1676457480000.0,0.0,0.0,1.95,160.84492307692307,0.0,0.0,159.45,0.9999253857184062,1.0,1249.5381354600026,1000.0,1246.8180354600026,1000.0,0.2510108263998956,0.0
9528,1676461080000.0,0.0,0.0,1.95,160.84492307692307,0.0,0.0,159.6,0.9999253857184062,1.0,1249.5381354600026,1000.0,1247.1105354600027,1000.0,0.2510108263998956,0.0
9529,1676464680000.0,0.0,0.0,1.95,160.84492307692307,0.0,0.0,161.0,0.9999253857184062,1.0,1249.5381354600026,1000.0,1249.8405354600027,1000.0,0.2510108263998956,0.0
9530,1676468280000.0,0.0,0.0,1.95,160.84492307692307,0.0,0.0,161.1,0.9999253857184062,1.0,1249.5381354600026,1000.0,1250.0355354600026,1000.0,0.2510108263998956,0.0
9531,1676471880000.0,0.0,0.0,1.95,160.84492307692307,0.0,0.0,161.95,0.9999253857184062,1.0,1249.5381354600026,1000.0,1251.6930354600026,1000.0,0.2510108263998956,0.0
9532,1676475480000.0,0.0,0.0,1.95,160.84492307692307,0.0,0.0,162.15,0.9999253857184062,1.0,1249.5381354600026,1000.0,1252.0830354600027,1000.0,0.2510108263998956,0.0
9533,1676479080000.0,0.0,0.0,1.95,160.84492307692307,0.0,0.0,161.75,0.9999253857184062,1.0,1249.5381354600026,1000.0,1251.3030354600028,1000.0,0.2510108263998956,0.0
9534,1676482680000.0,0.0,0.0,1.95,160.84492307692307,0.0,0.0,162.0,0.9999253857184062,1.0,1249.5381354600026,1000.0,1251.7905354600027,1000.0,0.2510108263998956,0.0
9535,1676486280000.0,0.0,0.0,1.95,160.84492307692307,0.0,0.0,161.8,0.9999253857184062,1.0,1249.5381354600026,1000.0,1251.4005354600026,1000.0,0.2510108263998956,0.0
9536,1676489880000.0,0.0,0.0,1.95,160.84492307692307,0.0,0.0,163.05,0.9999253857184062,1.0,1249.5381354600026,1000.0,1253.8380354600026,1000.0,0.2510108263998956,0.0
9537,1676493480000.0,0.0,0.0,1.95,160.84492307692307,0.0,0.0,163.5,0.9999253857184062,1.0,1249.5381354600026,1000.0,1254.7155354600027,1000.0,0.2510108263998956,0.0
9538,1676497080000.0,0.0,0.0,1.95,160.84492307692307,0.0,0.0,163.7,0.9999253857184062,1.0,1249.5381354600026,1000.0,1255.1055354600026,1000.0,0.2510108263998956,0.0
9539,1676500680000.0,0.0,0.0,1.95,160.84492307692307,0.0,0.0,164.9,0.9999253857184062,1.0,1249.5381354600026,1000.0,1257.4455354600027,1000.0,0.2510108263998956,0.0
9540,1676504280000.0,0.0,0.0,1.95,160.84492307692307,0.0,0.0,165.2,0.9999253857184062,1.0,1249.5381354600026,1000.0,1258.0305354600027,1000.0,0.2510108263998956,0.0
9541,1676507880000.0,0.0,0.0,0.87,160.84492307692307,0.0,0.0,164.4,0.9999253857184062,1.0,1254.7242316569257,1000.0,1257.8171485800026,1000.0,0.11152656459988171,0.0
9542,1676511480000.0,0.0,0.0,0.87,160.84492307692307,0.0,0.0,165.0,0.9999253857184062,1.0,1254.7242316569257,1000.0,1258.3391485800025,1000.0,0.11152656459988171,0.0
9543,1676515080000.0,0.0,0.0,0.02,160.84492307692307,0.0,0.0,165.6,0.9999253857184062,1.0,1258.805881441541,1000.0,1258.9009829800025,1000.0,0.002555515913108525,0.0
9544,1676518680000.0,0.0,0.0,0.0,160.84492307692307,0.0,0.0,166.25,0.9999253857184062,1.0,1258.9019202600027,1000.0,1258.9019202600027,1000.0,0.0,0.0
9545,1676522280000.0,0.0,0.0,0.0,160.84492307692307,0.0,0.0,165.75,0.9999253857184062,1.0,1258.9019202600027,1000.0,1258.9019202600027,1000.0,0.0,0.0
9546,1676525880000.0,0.0,0.0,0.0,160.84492307692307,0.0,0.0,165.85,0.9999253857184062,1.0,1258.9019202600027,1000.0,1258.9019202600027,1000.0,0.0,0.0
9547,1676529480000.0,0.0,0.0,0.0,160.84492307692307,0.0,0.0,165.95,0.9999253857184062,1.0,1258.9019202600027,1000.0,1258.9019202600027,1000.0,0.0,0.0
9548,1676533080000.0,0.0,0.0,0.0,160.84492307692307,0.0,0.0,164.75,0.9999253857184062,1.0,1258.9019202600027,1000.0,1258.9019202600027,1000.0,0.0,0.0
9549,1676536680000.0,0.0,0.0,0.0,160.84492307692307,0.0,0.0,164.65,0.9999253857184062,1.0,1258.9019202600027,1000.0,1258.9019202600027,1000.0,0.0,0.0
9550,1676540280000.0,0.0,0.0,0.0,160.84492307692307,0.0,0.0,166.0,0.9999253857184062,1.0,1258.9019202600027,1000.0,1258.9019202600027,1000.0,0.0,0.0
9551,1676543880000.0,0.0,0.0,0.0,160.84492307692307,0.0,0.0,166.75,0.9999253857184062,1.0,1258.9019202600027,1000.0,1258.9019202600027,1000.0,0.0,0.0
9552,1676547480000.0,0.0,0.0,0.0,160.84492307692307,0.0,0.0,166.0,0.9999253857184062,1.0,1258.9019202600027,1000.0,1258.9019202600027,1000.0,0.0,0.0
9553,1676551080000.0,0.0,0.0,0.0,160.84492307692307,0.0,0.0,165.0,0.9999253857184062,1.0,1258.9019202600027,1000.0,1258.9019202600027,1000.0,0.0,0.0
9554,1676554680000.0,0.0,0.0,0.0,160.84492307692307,0.0,0.0,165.0,0.9999253857184062,1.0,1258.9019202600027,1000.0,1258.9019202600027,1000.0,0.0,0.0
9555,1676558280000.0,0.0,0.0,0.0,160.84492307692307,0.0,0.0,162.15,0.9999253857184062,1.0,1258.9019202600027,1000.0,1258.9019202600027,1000.0,0.0,0.0
9556,1676561880000.0,0.0,0.0,0.0,160.84492307692307,0.0,0.0,163.45,0.9999253857184062,1.0,1258.9019202600027,1000.0,1258.9019202600027,1000.0,0.0,0.0
9557,1676565480000.0,0.0,0.0,0.0,160.84492307692307,0.0,0.0,165.1,0.9999253857184062,1.0,1258.9019202600027,1000.0,1258.9019202600027,1000.0,0.0,0.0
9558,1676569080000.0,0.0,0.0,0.0,160.84492307692307,0.0,0.0,163.9,0.9999253857184062,1.0,1258.9019202600027,1000.0,1258.9019202600027,1000.0,0.0,0.0
9559,1676572680000.0,0.0,0.0,0.0,160.84492307692307,0.0,0.0,163.1,0.9999253857184062,1.0,1258.9019202600027,1000.0,1258.9019202600027,1000.0,0.0,0.0
9560,1676576280000.0,0.0,0.0,0.0,160.84492307692307,0.0,0.0,162.1,0.9999253857184062,1.0,1258.9019202600027,1000.0,1258.9019202600027,1000.0,0.0,0.0
9561,1676579880000.0,0.0,0.0,0.32,158.31,0.0,0.0,159.15,0.9999253857184062,1.0,1258.8917884200027,1000.0,1259.1605884200028,1000.0,0.04024110766786464,0.0
9562,1676583480000.0,0.0,0.0,0.32,158.31,0.0,0.0,158.8,0.9999253857184062,1.0,1258.8917884200027,1000.0,1259.0485884200027,1000.0,0.04024110766786464,0.0
9563,1676587080000.0,0.0,0.0,0.32,158.31,0.0,0.0,156.75,0.9999253857184062,1.0,1258.8917884200027,1000.0,1258.3925884200028,1000.0,0.04024110766786464,0.0
9564,1676590680000.0,0.0,0.0,0.32,158.31,0.0,0.0,156.05,0.9999253857184062,1.0,1258.8917884200027,1000.0,1258.1685884200028,1000.0,0.04024110766786464,0.0
9565,1676594280000.0,0.0,0.0,0.32,158.31,0.0,0.0,156.15,0.9999253857184062,1.0,1258.8917884200027,1000.0,1258.2005884200028,1000.0,0.04024110766786464,0.0
9566,1676597880000.0,0.0,0.0,0.32,158.31,0.0,0.0,155.85,0.9999253857184062,1.0,1258.8917884200027,1000.0,1258.1045884200028,1000.0,0.04024110766786464,0.0
9567,1676601480000.0,0.0,0.0,0.32,158.31,0.0,0.0,156.35,0.9999253857184062,1.0,1258.8917884200027,1000.0,1258.2645884200028,1000.0,0.04024110766786464,0.0
9568,1676605080000.0,0.0,0.0,0.32,158.31,0.0,0.0,157.25,0.9999253857184062,1.0,1258.8917884200027,1000.0,1258.5525884200028,1000.0,0.04024110766786464,0.0
9569,1676608680000.0,0.0,0.0,0.32,158.31,0.0,0.0,156.5,0.9999253857184062,1.0,1258.8917884200027,1000.0,1258.3125884200028,1000.0,0.04024110766786464,0.0
9570,1676612280000.0,0.0,0.0,0.32,158.31,0.0,0.0,156.8,0.9999253857184062,1.0,1258.8917884200027,1000.0,1258.4085884200028,1000.0,0.04024110766786464,0.0
9571,1676615880000.0,0.0,0.0,0.32,158.31,0.0,0.0,156.35,0.9999253857184062,1.0,1258.8917884200027,1000.0,1258.2645884200028,1000.0,0.04024110766786464,0.0
9572,1676619480000.0,0.0,0.0,0.32,158.31,0.0,0.0,158.6,0.9999253857184062,1.0,1258.8917884200027,1000.0,1258.9845884200026,1000.0,0.04024110766786464,0.0
9573,1676623080000.0,0.0,0.0,0.32,158.31,0.0,0.0,158.0,0.9999253857184062,1.0,1258.8917884200027,1000.0,1258.7925884200026,1000.0,0.04024110766786464,0.0
9574,1676626680000.0,0.0,0.0,0.32,158.31,0.0,0.0,158.55,0.9999253857184062,1.0,1258.8917884200027,1000.0,1258.9685884200028,1000.0,0.04024110766786464,0.0
9575,1676630280000.0,0.0,0.0,0.32,158.31,0.0,0.0,159.3,0.9999253857184062,1.0,1258.8917884200027,1000.0,1259.2085884200028,1000.0,0.04024110766786464,0.0
9576,1676633880000.0,0.0,0.0,0.32,158.31,0.0,0.0,159.35,0.9999253857184062,1.0,1258.8917884200027,1000.0,1259.2245884200026,1000.0,0.04024110766786464,0.0
9577,1676637480000.0,0.0,0.0,0.32,158.31,0.0,0.0,159.3,0.9999253857184062,1.0,1258.8917884200027,1000.0,1259.2085884200028,1000.0,0.04024110766786464,0.0
9578,1676641080000.0,0.0,0.0,0.32,158.31,0.0,0.0,159.25,0.9999253857184062,1.0,1258.8917884200027,1000.0,1259.1925884200027,1000.0,0.04024110766786464,0.0
9579,1676644680000.0,0.0,0.0,0.32,158.31,0.0,0.0,160.55,0.9999253857184062,1.0,1258.8917884200027,1000.0,1259.6085884200027,1000.0,0.04024110766786464,0.0
9580,1676648280000.0,0.0,0.0,0.32,158.31,0.0,0.0,160.4,0.9999253857184062,1.0,1258.8917884200027,1000.0,1259.5605884200027,1000.0,0.04024110766786464,0.0
9581,1676651880000.0,0.0,0.0,0.32,158.31,0.0,0.0,160.35,0.9999253857184062,1.0,1258.8917884200027,1000.0,1259.5445884200028,1000.0,0.04024110766786464,0.0
9582,1676655480000.0,0.0,0.0,0.32,158.31,0.0,0.0,161.0,0.9999253857184062,1.0,1258.8917884200027,1000.0,1259.7525884200027,1000.0,0.04024110766786464,0.0
9583,1676659080000.0,0.0,0.0,0.32,158.31,0.0,0.0,159.75,0.9999253857184062,1.0,1258.8917884200027,1000.0,1259.3525884200028,1000.0,0.04024110766786464,0.0
9584,1676662680000.0,0.0,0.0,0.32,158.31,0.0,0.0,159.65,0.9999253857184062,1.0,1258.8917884200027,1000.0,1259.3205884200027,1000.0,0.04024110766786464,0.0
9585,1676666280000.0,0.0,0.0,0.32,158.31,0.0,0.0,159.45,0.9999253857184062,1.0,1258.8917884200027,1000.0,1259.2565884200028,1000.0,0.04024110766786464,0.0
9586,1676669880000.0,0.0,0.0,0.32,158.31,0.0,0.0,159.95,0.9999253857184062,1.0,1258.8917884200027,1000.0,1259.4165884200027,1000.0,0.04024110766786464,0.0
9587,1676673480000.0,0.0,0.0,0.32,158.31,0.0,0.0,159.1,0.9999253857184062,1.0,1258.8917884200027,1000.0,1259.1445884200027,1000.0,0.04024110766786464,0.0
9588,1676677080000.0,0.0,0.0,0.32,158.31,0.0,0.0,159.75,0.9999253857184062,1.0,1258.8917884200027,1000.0,1259.3525884200028,1000.0,0.04024110766786464,0.0
9589,1676680680000.0,0.0,0.0,0.32,158.31,0.0,0.0,159.7,0.9999253857184062,1.0,1258.8917884200027,1000.0,1259.3365884200027,1000.0,0.04024110766786464,0.0
9590,1676684280000.0,0.0,0.0,0.32,158.31,0.0,0.0,159.85,0.9999253857184062,1.0,1258.8917884200027,1000.0,1259.3845884200027,1000.0,0.04024110766786464,0.0
9591,1676687880000.0,0.0,0.0,0.32,158.31,0.0,0.0,159.85,0.9999253857184062,1.0,1258.8917884200027,1000.0,1259.3845884200027,1000.0,0.04024110766786464,0.0
9592,1676691480000.0,0.0,0.0,0.32,158.31,0.0,0.0,159.5,0.9999253857184062,1.0,1258.8917884200027,1000.0,1259.2725884200026,1000.0,0.04024110766786464,0.0
9593,1676695080000.0,0.0,0.0,0.32,158.31,0.0,0.0,160.0,0.9999253857184062,1.0,1258.8917884200027,1000.0,1259.4325884200027,1000.0,0.04024110766786464,0.0
9594,1676698680000.0,0.0,0.0,0.32,158.31,0.0,0.0,159.75,0.9999253857184062,1.0,1258.8917884200027,1000.0,1259.3525884200028,1000.0,0.04024110766786464,0.0
9595,1676702280000.0,0.0,0.0,0.32,158.31,0.0,0.0,160.05,0.9999253857184062,1.0,1258.8917884200027,1000.0,1259.4485884200028,1000.0,0.04024110766786464,0.0
9596,1676705880000.0,0.0,0.0,0.32,158.31,0.0,0.0,159.5,0.9999253857184062,1.0,1258.8917884200027,1000.0,1259.2725884200026,1000.0,0.04024110766786464,0.0
9597,1676709480000.0,0.0,0.0,0.32,158.31,0.0,0.0,158.85,0.9999253857184062,1.0,1258.8917884200027,1000.0,1259.0645884200028,1000.0,0.04024110766786464,0.0
9598,1676713080000.0,0.0,0.0,0.32,158.31,0.0,0.0,159.9,0.9999253857184062,1.0,1258.8917884200027,1000.0,1259.4005884200028,1000.0,0.04024110766786464,0.0
9599,1676716680000.0,0.0,0.0,0.32,158.31,0.0,0.0,160.05,0.9999253857184062,1.0,1258.8917884200027,1000.0,1259.4485884200028,1000.0,0.04024110766786464,0.0
9600,1676720280000.0,0.0,0.0,0.32,158.31,0.0,0.0,160.6,0.9999253857184062,1.0,1258.8917884200027,1000.0,1259.6245884200027,1000.0,0.04024110766786464,0.0
9601,1676723880000.0,0.0,0.0,0.32,158.31,0.0,0.0,160.5,0.9999253857184062,1.0,1258.8917884200027,1000.0,1259.5925884200028,1000.0,0.04024110766786464,0.0
9602,1676727480000.0,0.0,0.0,0.32,158.31,0.0,0.0,162.8,0.9999253857184062,1.0,1258.8917884200027,1000.0,1260.3285884200027,1000.0,0.04024110766786464,0.0
9603,1676731080000.0,0.0,0.0,0.32,158.31,0.0,0.0,161.55,0.9999253857184062,1.0,1258.8917884200027,1000.0,1259.9285884200028,1000.0,0.04024110766786464,0.0
9604,1676734680000.0,0.0,0.0,0.32,158.31,0.0,0.0,162.0,0.9999253857184062,1.0,1258.8917884200027,1000.0,1260.0725884200028,1000.0,0.04024110766786464,0.0
9605,1676738280000.0,0.0,0.0,0.32,158.31,0.0,0.0,162.45,0.9999253857184062,1.0,1258.8917884200027,1000.0,1260.2165884200028,1000.0,0.04024110766786464,0.0
9606,1676741880000.0,0.0,0.0,0.05,158.31,0.0,0.0,163.0,0.9999253857184062,1.0,1260.1654831800026,1000.0,1260.3999831800027,1000.0,0.006281317894873135,0.0
9607,1676745480000.0,0.0,0.0,0.0,158.31,0.0,0.0,162.85,0.9999253857184062,1.0,1260.4013525800024,1000.0,1260.4013525800024,1000.0,0.0,0.0
9608,1676749080000.0,0.0,0.0,0.0,158.31,0.0,0.0,163.35,0.9999253857184062,1.0,1260.4013525800024,1000.0,1260.4013525800024,1000.0,0.0,0.0
9609,1676752680000.0,0.0,0.0,0.0,158.31,0.0,0.0,161.75,0.9999253857184062,1.0,1260.4013525800024,1000.0,1260.4013525800024,1000.0,0.0,0.0
9610,1676756280000.0,0.0,0.0,0.0,158.31,0.0,0.0,162.05,0.9999253857184062,1.0,1260.4013525800024,1000.0,1260.4013525800024,1000.0,0.0,0.0
9611,1676759880000.0,0.0,0.0,0.0,158.31,0.0,0.0,161.9,0.9999253857184062,1.0,1260.4013525800024,1000.0,1260.4013525800024,1000.0,0.0,0.0
9612,1676763480000.0,0.0,0.0,0.0,158.31,0.0,0.0,161.75,0.9999253857184062,1.0,1260.4013525800024,1000.0,1260.4013525800024,1000.0,0.0,0.0
9613,1676767080000.0,0.0,0.0,0.0,158.31,0.0,0.0,161.75,0.9999253857184062,1.0,1260.4013525800024,1000.0,1260.4013525800024,1000.0,0.0,0.0
9614,1676770680000.0,0.0,0.0,0.0,158.31,0.0,0.0,161.0,0.9999253857184062,1.0,1260.4013525800024,1000.0,1260.4013525800024,1000.0,0.0,0.0
9615,1676774280000.0,0.0,0.0,0.0,158.31,0.0,0.0,161.1,0.9999253857184062,1.0,1260.4013525800024,1000.0,1260.4013525800024,1000.0,0.0,0.0
9616,1676777880000.0,0.0,0.0,0.0,158.31,0.0,0.0,160.5,0.9999253857184062,1.0,1260.4013525800024,1000.0,1260.4013525800024,1000.0,0.0,0.0
9617,1676781480000.0,0.0,0.0,0.0,158.31,0.0,0.0,161.5,0.9999253857184062,1.0,1260.4013525800024,1000.0,1260.4013525800024,1000.0,0.0,0.0
9618,1676785080000.0,0.0,0.0,0.0,158.31,0.0,0.0,162.15,0.9999253857184062,1.0,1260.4013525800024,1000.0,1260.4013525800024,1000.0,0.0,0.0
9619,1676788680000.0,0.0,0.0,0.0,158.31,0.0,0.0,162.0,0.9999253857184062,1.0,1260.4013525800024,1000.0,1260.4013525800024,1000.0,0.0,0.0
9620,1676792280000.0,0.0,0.0,0.0,158.31,0.0,0.0,162.35,0.9999253857184062,1.0,1260.4013525800024,1000.0,1260.4013525800024,1000.0,0.0,0.0
9621,1676795880000.0,0.0,0.0,0.0,158.31,0.0,0.0,162.45,0.9999253857184062,1.0,1260.4013525800024,1000.0,1260.4013525800024,1000.0,0.0,0.0
9622,1676799480000.0,0.0,0.0,0.0,158.31,0.0,0.0,163.15,0.9999253857184062,1.0,1260.4013525800024,1000.0,1260.4013525800024,1000.0,0.0,0.0
9623,1676803080000.0,0.0,0.0,0.0,158.31,0.0,0.0,163.4,0.9999253857184062,1.0,1260.4013525800024,1000.0,1260.4013525800024,1000.0,0.0,0.0
9624,1676806680000.0,0.0,0.0,0.0,158.31,0.0,0.0,164.2,0.9999253857184062,1.0,1260.4013525800024,1000.0,1260.4013525800024,1000.0,0.0,0.0
9625,1676810280000.0,0.0,0.0,0.0,158.31,0.0,0.0,164.65,0.9999253857184062,1.0,1260.4013525800024,1000.0,1260.4013525800024,1000.0,0.0,0.0
9626,1676813880000.0,0.0,0.0,0.0,158.31,0.0,0.0,164.15,0.9999253857184062,1.0,1260.4013525800024,1000.0,1260.4013525800024,1000.0,0.0,0.0
9627,1676817480000.0,0.0,0.0,0.0,158.31,0.0,0.0,165.9,0.9999253857184062,1.0,1260.4013525800024,1000.0,1260.4013525800024,1000.0,0.0,0.0
9628,1676821080000.0,0.0,0.0,0.0,158.31,0.0,0.0,165.05,0.9999253857184062,1.0,1260.4013525800024,1000.0,1260.4013525800024,1000.0,0.0,0.0
9629,1676824680000.0,0.0,0.0,0.0,158.31,0.0,0.0,163.8,0.9999253857184062,1.0,1260.4013525800024,1000.0,1260.4013525800024,1000.0,0.0,0.0
9630,1676828280000.0,0.0,0.0,0.0,158.31,0.0,0.0,163.3,0.9999253857184062,1.0,1260.4013525800024,1000.0,1260.4013525800024,1000.0,0.0,0.0
9631,1676831880000.0,0.0,0.0,0.0,158.31,0.0,0.0,163.55,0.9999253857184062,1.0,1260.4013525800024,1000.0,1260.4013525800024,1000.0,0.0,0.0
9632,1676835480000.0,0.0,0.0,0.0,158.31,0.0,0.0,161.5,0.9999253857184062,1.0,1260.4013525800024,1000.0,1260.4013525800024,1000.0,0.0,0.0
9633,1676839080000.0,0.0,0.0,0.0,158.31,0.0,0.0,160.1,0.9999253857184062,1.0,1260.4013525800024,1000.0,1260.4013525800024,1000.0,0.0,0.0
9634,1676842680000.0,0.0,0.0,0.0,158.31,0.0,0.0,161.5,0.9999253857184062,1.0,1260.4013525800024,1000.0,1260.4013525800024,1000.0,0.0,0.0
9635,1676846280000.0,0.0,0.0,0.0,158.31,0.0,0.0,161.45,0.9999253857184062,1.0,1260.4013525800024,1000.0,1260.4013525800024,1000.0,0.0,0.0
9636,1676849880000.0,0.0,0.0,0.0,158.31,0.0,0.0,162.35,0.9999253857184062,1.0,1260.4013525800024,1000.0,1260.4013525800024,1000.0,0.0,0.0
9637,1676853480000.0,0.0,0.0,0.0,158.31,0.0,0.0,164.05,0.9999253857184062,1.0,1260.4013525800024,1000.0,1260.4013525800024,1000.0,0.0,0.0
9638,1676857080000.0,0.0,0.0,0.0,158.31,0.0,0.0,162.7,0.9999253857184062,1.0,1260.4013525800024,1000.0,1260.4013525800024,1000.0,0.0,0.0
9639,1676860680000.0,0.0,0.0,0.0,158.31,0.0,0.0,164.6,0.9999253857184062,1.0,1260.4013525800024,1000.0,1260.4013525800024,1000.0,0.0,0.0
9640,1676864280000.0,0.0,0.0,0.0,158.31,0.0,0.0,167.5,0.9999253857184062,1.0,1260.4013525800024,1000.0,1260.4013525800024,1000.0,0.0,0.0
9641,1676867880000.0,0.0,0.0,0.0,158.31,0.0,0.0,167.35,0.9999253857184062,1.0,1260.4013525800024,1000.0,1260.4013525800024,1000.0,0.0,0.0
9642,1676871480000.0,0.0,0.0,0.0,158.31,0.0,0.0,167.65,0.9999253857184062,1.0,1260.4013525800024,1000.0,1260.4013525800024,1000.0,0.0,0.0
9643,1676875080000.0,0.0,0.0,0.0,158.31,0.0,0.0,166.85,0.9999253857184062,1.0,1260.4013525800024,1000.0,1260.4013525800024,1000.0,0.0,0.0
9644,1676878680000.0,0.0,0.0,0.0,158.31,0.0,0.0,167.9,0.9999253857184062,1.0,1260.4013525800024,1000.0,1260.4013525800024,1000.0,0.0,0.0
9645,1676882280000.0,0.0,0.0,0.0,158.31,0.0,0.0,168.2,0.9999253857184062,1.0,1260.4013525800024,1000.0,1260.4013525800024,1000.0,0.0,0.0
9646,1676885880000.0,0.0,0.0,0.0,158.31,0.0,0.0,168.25,0.9999253857184062,1.0,1260.4013525800024,1000.0,1260.4013525800024,1000.0,0.0,0.0
9647,1676889480000.0,0.0,0.0,0.0,158.31,0.0,0.0,168.2,0.9999253857184062,1.0,1260.4013525800024,1000.0,1260.4013525800024,1000.0,0.0,0.0
9648,1676893080000.0,0.0,0.0,0.0,158.31,0.0,0.0,168.3,0.9999253857184062,1.0,1260.4013525800024,1000.0,1260.4013525800024,1000.0,0.0,0.0
9649,1676896680000.0,0.0,0.0,0.0,158.31,0.0,0.0,166.9,0.9999253857184062,1.0,1260.4013525800024,1000.0,1260.4013525800024,1000.0,0.0,0.0
9650,1676900280000.0,0.0,0.0,0.0,158.31,0.0,0.0,166.45,0.9999253857184062,1.0,1260.4013525800024,1000.0,1260.4013525800024,1000.0,0.0,0.0
9651,1676903880000.0,0.0,0.0,0.0,158.31,0.0,0.0,167.1,0.9999253857184062,1.0,1260.4013525800024,1000.0,1260.4013525800024,1000.0,0.0,0.0
9652,1676907480000.0,0.0,0.0,0.0,158.31,0.0,0.0,167.4,0.9999253857184062,1.0,1260.4013525800024,1000.0,1260.4013525800024,1000.0,0.0,0.0
9653,1676911080000.0,0.0,0.0,0.0,158.31,0.0,0.0,164.9,0.9999253857184062,1.0,1260.4013525800024,1000.0,1260.4013525800024,1000.0,0.0,0.0
9654,1676914680000.0,0.0,0.0,0.0,158.31,0.0,0.0,164.3,0.9999253857184062,1.0,1260.4013525800024,1000.0,1260.4013525800024,1000.0,0.0,0.0
9655,1676918280000.0,0.0,0.0,0.0,158.31,0.0,0.0,162.7,0.9999253857184062,1.0,1260.4013525800024,1000.0,1260.4013525800024,1000.0,0.0,0.0
9656,1676921880000.0,0.0,0.0,0.0,158.31,0.0,0.0,162.95,0.9999253857184062,1.0,1260.4013525800024,1000.0,1260.4013525800024,1000.0,0.0,0.0
9657,1676925480000.0,0.0,0.0,0.0,158.31,0.0,0.0,161.15,0.9999253857184062,1.0,1260.4013525800024,1000.0,1260.4013525800024,1000.0,0.0,0.0
9658,1676929080000.0,0.0,0.0,0.0,158.31,0.0,0.0,161.25,0.9999253857184062,1.0,1260.4013525800024,1000.0,1260.4013525800024,1000.0,0.0,0.0
9659,1676932680000.0,0.0,0.0,0.0,158.31,0.0,0.0,161.8,0.9999253857184062,1.0,1260.4013525800024,1000.0,1260.4013525800024,1000.0,0.0,0.0
9660,1676936280000.0,0.0,0.0,0.0,158.31,0.0,0.0,161.6,0.9999253857184062,1.0,1260.4013525800024,1000.0,1260.4013525800024,1000.0,0.0,0.0
9661,1676939880000.0,0.0,0.0,0.0,158.31,0.0,0.0,161.8,0.9999253857184062,1.0,1260.4013525800024,1000.0,1260.4013525800024,1000.0,0.0,0.0
9662,1676943480000.0,0.0,0.0,0.0,158.31,0.0,0.0,161.05,0.9999253857184062,1.0,1260.4013525800024,1000.0,1260.4013525800024,1000.0,0.0,0.0
9663,1676947080000.0,0.0,0.0,0.0,158.31,0.0,0.0,161.7,0.9999253857184062,1.0,1260.4013525800024,1000.0,1260.4013525800024,1000.0,0.0,0.0
9664,1676950680000.0,0.0,0.0,0.0,158.31,0.0,0.0,161.6,0.9999253857184062,1.0,1260.4013525800024,1000.0,1260.4013525800024,1000.0,0.0,0.0
9665,1676954280000.0,0.0,0.0,0.0,158.31,0.0,0.0,160.6,0.9999253857184062,1.0,1260.4013525800024,1000.0,1260.4013525800024,1000.0,0.0,0.0
9666,1676957880000.0,0.0,0.0,0.0,158.31,0.0,0.0,162.0,0.9999253857184062,1.0,1260.4013525800024,1000.0,1260.4013525800024,1000.0,0.0,0.0
9667,1676961480000.0,0.0,0.0,0.0,158.31,0.0,0.0,162.8,0.9999253857184062,1.0,1260.4013525800024,1000.0,1260.4013525800024,1000.0,0.0,0.0
9668,1676965080000.0,0.0,0.0,0.0,158.31,0.0,0.0,162.5,0.9999253857184062,1.0,1260.4013525800024,1000.0,1260.4013525800024,1000.0,0.0,0.0
9669,1676968680000.0,0.0,0.0,0.0,158.31,0.0,0.0,161.5,0.9999253857184062,1.0,1260.4013525800024,1000.0,1260.4013525800024,1000.0,0.0,0.0
9670,1676972280000.0,0.0,0.0,0.0,158.31,0.0,0.0,161.35,0.9999253857184062,1.0,1260.4013525800024,1000.0,1260.4013525800024,1000.0,0.0,0.0
9671,1676975880000.0,0.0,0.0,0.0,158.31,0.0,0.0,160.65,0.9999253857184062,1.0,1260.4013525800024,1000.0,1260.4013525800024,1000.0,0.0,0.0
9672,1676979480000.0,0.0,0.0,0.0,158.31,0.0,0.0,161.65,0.9999253857184062,1.0,1260.4013525800024,1000.0,1260.4013525800024,1000.0,0.0,0.0
9673,1676983080000.0,0.0,0.0,0.0,158.31,0.0,0.0,161.4,0.9999253857184062,1.0,1260.4013525800024,1000.0,1260.4013525800024,1000.0,0.0,0.0
9674,1676986680000.0,0.0,0.0,0.0,158.31,0.0,0.0,162.85,0.9999253857184062,1.0,1260.4013525800024,1000.0,1260.4013525800024,1000.0,0.0,0.0
9675,1676990280000.0,0.0,0.0,0.0,158.31,0.0,0.0,162.2,0.9999253857184062,1.0,1260.4013525800024,1000.0,1260.4013525800024,1000.0,0.0,0.0
9676,1676993880000.0,0.0,0.0,0.0,158.31,0.0,0.0,161.95,0.9999253857184062,1.0,1260.4013525800024,1000.0,1260.4013525800024,1000.0,0.0,0.0
9677,1676997480000.0,0.0,0.0,0.0,158.31,0.0,0.0,160.25,0.9999253857184062,1.0,1260.4013525800024,1000.0,1260.4013525800024,1000.0,0.0,0.0
9678,1677001080000.0,0.0,0.0,0.0,158.31,0.0,0.0,160.05,0.9999253857184062,1.0,1260.4013525800024,1000.0,1260.4013525800024,1000.0,0.0,0.0
9679,1677004680000.0,0.0,0.0,0.0,158.31,0.0,0.0,160.35,0.9999253857184062,1.0,1260.4013525800024,1000.0,1260.4013525800024,1000.0,0.0,0.0
9680,1677008280000.0,0.0,0.0,0.0,158.31,0.0,0.0,160.2,0.9999253857184062,1.0,1260.4013525800024,1000.0,1260.4013525800024,1000.0,0.0,0.0
9681,1677011880000.0,0.0,0.0,0.0,158.31,0.0,0.0,158.7,0.9999253857184062,1.0,1260.4013525800024,1000.0,1260.4013525800024,1000.0,0.0,0.0
9682,1677015480000.0,0.0,0.0,0.0,158.31,0.0,0.0,157.9,0.9999253857184062,1.0,1260.4013525800024,1000.0,1260.4013525800024,1000.0,0.0,0.0
9683,1677019080000.0,0.0,0.0,0.0,158.31,0.0,0.0,158.45,0.9999253857184062,1.0,1260.4013525800024,1000.0,1260.4013525800024,1000.0,0.0,0.0
9684,1677022680000.0,0.0,0.0,0.0,158.31,0.0,0.0,159.4,0.9999253857184062,1.0,1260.4013525800024,1000.0,1260.4013525800024,1000.0,0.0,0.0
9685,1677026280000.0,0.0,0.0,0.0,158.31,0.0,0.0,159.3,0.9999253857184062,1.0,1260.4013525800024,1000.0,1260.4013525800024,1000.0,0.0,0.0
9686,1677029880000.0,0.0,0.0,0.0,158.31,0.0,0.0,158.4,0.9999253857184062,1.0,1260.4013525800024,1000.0,1260.4013525800024,1000.0,0.0,0.0
9687,1677033480000.0,0.0,0.0,0.32,155.28,0.0,0.0,157.2,0.9999253857184062,1.0,1260.3914146600023,1000.0,1261.0058146600022,1000.0,0.039423943563915854,0.0
9688,1677037080000.0,0.0,0.0,0.32,155.28,0.0,0.0,158.2,0.9999253857184062,1.0,1260.3914146600023,1000.0,1261.3258146600024,1000.0,0.039423943563915854,0.0
9689,1677040680000.0,0.0,0.0,0.32,155.28,0.0,0.0,157.5,0.9999253857184062,1.0,1260.3914146600023,1000.0,1261.1018146600022,1000.0,0.039423943563915854,0.0
9690,1677044280000.0,0.0,0.0,0.32,155.28,0.0,0.0,157.3,0.9999253857184062,1.0,1260.3914146600023,1000.0,1261.0378146600024,1000.0,0.039423943563915854,0.0
9691,1677047880000.0,0.0,0.0,0.32,155.28,0.0,0.0,157.95,0.9999253857184062,1.0,1260.3914146600023,1000.0,1261.2458146600022,1000.0,0.039423943563915854,0.0
9692,1677051480000.0,0.0,0.0,0.32,155.28,0.0,0.0,157.8,0.9999253857184062,1.0,1260.3914146600023,1000.0,1261.1978146600022,1000.0,0.039423943563915854,0.0
9693,1677055080000.0,0.0,0.0,0.32,155.28,0.0,0.0,156.4,0.9999253857184062,1.0,1260.3914146600023,1000.0,1260.7498146600024,1000.0,0.039423943563915854,0.0
9694,1677058680000.0,0.0,0.0,0.32,155.28,0.0,0.0,156.6,0.9999253857184062,1.0,1260.3914146600023,1000.0,1260.8138146600022,1000.0,0.039423943563915854,0.0
9695,1677062280000.0,0.0,0.0,0.32,155.28,0.0,0.0,157.85,0.9999253857184062,1.0,1260.3914146600023,1000.0,1261.2138146600023,1000.0,0.039423943563915854,0.0
9696,1677065880000.0,0.0,0.0,0.32,155.28,0.0,0.0,157.15,0.9999253857184062,1.0,1260.3914146600023,1000.0,1260.9898146600024,1000.0,0.039423943563915854,0.0
9697,1677069480000.0,0.0,0.0,0.32,155.28,0.0,0.0,158.8,0.9999253857184062,1.0,1260.3914146600023,1000.0,1261.5178146600024,1000.0,0.039423943563915854,0.0
9698,1677073080000.0,0.0,0.0,0.32,155.28,0.0,0.0,158.15,0.9999253857184062,1.0,1260.3914146600023,1000.0,1261.3098146600023,1000.0,0.039423943563915854,0.0
9699,1677076680000.0,0.0,0.0,0.32,155.28,0.0,0.0,157.4,0.9999253857184062,1.0,1260.3914146600023,1000.0,1261.0698146600023,1000.0,0.039423943563915854,0.0
9700,1677080280000.0,0.0,0.0,0.32,155.28,0.0,0.0,156.15,0.9999253857184062,1.0,1260.3914146600023,1000.0,1260.6698146600022,1000.0,0.039423943563915854,0.0
9701,1677083880000.0,0.0,0.0,0.32,155.28,0.0,0.0,156.05,0.9999253857184062,1.0,1260.3914146600023,1000.0,1260.6378146600023,1000.0,0.039423943563915854,0.0
9702,1677087480000.0,0.0,0.0,0.32,155.28,0.0,0.0,156.8,0.9999253857184062,1.0,1260.3914146600023,1000.0,1260.8778146600023,1000.0,0.039423943563915854,0.0
9703,1677091080000.0,0.0,0.0,0.32,155.28,0.0,0.0,156.95,0.9999253857184062,1.0,1260.3914146600023,1000.0,1260.9258146600023,1000.0,0.039423943563915854,0.0
9704,1677094680000.0,0.0,0.0,0.32,155.28,0.0,0.0,156.15,0.9999253857184062,1.0,1260.3914146600023,1000.0,1260.6698146600022,1000.0,0.039423943563915854,0.0
9705,1677098280000.0,0.0,0.0,0.32,155.28,0.0,0.0,156.4,0.9999253857184062,1.0,1260.3914146600023,1000.0,1260.7498146600024,1000.0,0.039423943563915854,0.0
9706,1677101880000.0,0.0,0.0,0.32,155.28,0.0,0.0,156.5,0.9999253857184062,1.0,1260.3914146600023,1000.0,1260.7818146600023,1000.0,0.039423943563915854,0.0
9707,1677105480000.0,0.0,0.0,0.32,155.28,0.0,0.0,157.15,0.9999253857184062,1.0,1260.3914146600023,1000.0,1260.9898146600024,1000.0,0.039423943563915854,0.0
9708,1677109080000.0,0.0,0.0,0.32,155.28,0.0,0.0,157.75,0.9999253857184062,1.0,1260.3914146600023,1000.0,1261.1818146600024,1000.0,0.039423943563915854,0.0
9709,1677112680000.0,0.0,0.0,0.32,155.28,0.0,0.0,157.9,0.9999253857184062,1.0,1260.3914146600023,1000.0,1261.2298146600024,1000.0,0.039423943563915854,0.0
9710,1677116280000.0,0.0,0.0,0.32,155.28,0.0,0.0,158.35,0.9999253857184062,1.0,1260.3914146600023,1000.0,1261.3738146600024,1000.0,0.039423943563915854,0.0
9711,1677119880000.0,0.0,0.0,0.32,155.28,0.0,0.0,159.1,0.9999253857184062,1.0,1260.3914146600023,1000.0,1261.6138146600024,1000.0,0.039423943563915854,0.0
9712,1677123480000.0,0.0,0.0,0.32,155.28,0.0,0.0,158.35,0.9999253857184062,1.0,1260.3914146600023,1000.0,1261.3738146600024,1000.0,0.039423943563915854,0.0
9713,1677127080000.0,0.0,0.0,0.32,155.28,0.0,0.0,157.35,0.9999253857184062,1.0,1260.3914146600023,1000.0,1261.0538146600022,1000.0,0.039423943563915854,0.0
9714,1677130680000.0,0.0,0.0,0.32,155.28,0.0,0.0,157.6,0.9999253857184062,1.0,1260.3914146600023,1000.0,1261.1338146600024,1000.0,0.039423943563915854,0.0
9715,1677134280000.0,0.0,0.0,0.32,155.28,0.0,0.0,156.75,0.9999253857184062,1.0,1260.3914146600023,1000.0,1260.8618146600022,1000.0,0.039423943563915854,0.0
9716,1677137880000.0,0.0,0.0,0.32,155.28,0.0,0.0,158.05,0.9999253857184062,1.0,1260.3914146600023,1000.0,1261.2778146600024,1000.0,0.039423943563915854,0.0
9717,1677141480000.0,0.0,0.0,0.32,155.28,0.0,0.0,157.5,0.9999253857184062,1.0,1260.3914146600023,1000.0,1261.1018146600022,1000.0,0.039423943563915854,0.0
9718,1677145080000.0,0.0,0.0,0.32,155.28,0.0,0.0,156.8,0.9999253857184062,1.0,1260.3914146600023,1000.0,1260.8778146600023,1000.0,0.039423943563915854,0.0
9719,1677148680000.0,0.0,0.0,0.32,155.28,0.0,0.0,156.5,0.9999253857184062,1.0,1260.3914146600023,1000.0,1260.7818146600023,1000.0,0.039423943563915854,0.0
9720,1677152280000.0,0.0,0.0,0.32,155.28,0.0,0.0,153.3,0.9999253857184062,1.0,1260.3914146600023,1000.0,1259.7578146600024,1000.0,0.039423943563915854,0.0
9721,1677155880000.0,0.0,0.0,0.32,155.28,0.0,0.0,154.65,0.9999253857184062,1.0,1260.3914146600023,1000.0,1260.1898146600022,1000.0,0.039423943563915854,0.0
9722,1677159480000.0,0.0,0.0,0.32,155.28,0.0,0.0,153.7,0.9999253857184062,1.0,1260.3914146600023,1000.0,1259.8858146600023,1000.0,0.039423943563915854,0.0
9723,1677163080000.0,0.0,0.0,0.32,155.28,0.0,0.0,153.75,0.9999253857184062,1.0,1260.3914146600023,1000.0,1259.9018146600022,1000.0,0.039423943563915854,0.0
9724,1677166680000.0,0.0,0.0,0.32,155.28,0.0,0.0,154.0,0.9999253857184062,1.0,1260.3914146600023,1000.0,1259.9818146600023,1000.0,0.039423943563915854,0.0
9725,1677170280000.0,0.0,0.0,0.32,155.28,0.0,0.0,153.15,0.9999253857184062,1.0,1260.3914146600023,1000.0,1259.7098146600024,1000.0,0.039423943563915854,0.0
9726,1677173880000.0,0.0,0.0,0.32,155.28,0.0,0.0,152.5,0.9999253857184062,1.0,1260.3914146600023,1000.0,1259.5018146600023,1000.0,0.039423943563915854,0.0
9727,1677177480000.0,0.0,0.0,0.32,155.28,0.0,0.0,152.15,0.9999253857184062,1.0,1260.3914146600023,1000.0,1259.3898146600022,1000.0,0.039423943563915854,0.0
9728,1677181080000.0,0.0,0.0,0.32,155.28,0.0,0.0,153.0,0.9999253857184062,1.0,1260.3914146600023,1000.0,1259.6618146600024,1000.0,0.039423943563915854,0.0
9729,1677184680000.0,0.0,0.0,0.32,155.28,0.0,0.0,151.75,0.9999253857184062,1.0,1260.3914146600023,1000.0,1259.2618146600023,1000.0,0.039423943563915854,0.0
9730,1677188280000.0,0.0,0.0,0.32,155.28,0.0,0.0,151.4,0.9999253857184062,1.0,1260.3914146600023,1000.0,1259.1498146600022,1000.0,0.039423943563915854,0.0
9731,1677191880000.0,0.0,0.0,0.32,155.28,0.0,0.0,150.45,0.9999253857184062,1.0,1260.3914146600023,1000.0,1258.8458146600024,1000.0,0.039423943563915854,0.0
9732,1677195480000.0,0.0,0.0,0.32,155.28,0.0,0.0,151.4,0.9999253857184062,1.0,1260.3914146600023,1000.0,1259.1498146600022,1000.0,0.039423943563915854,0.0
9733,1677199080000.0,0.0,0.0,0.32,155.28,0.0,0.0,151.4,0.9999253857184062,1.0,1260.3914146600023,1000.0,1259.1498146600022,1000.0,0.039423943563915854,0.0
9734,1677202680000.0,0.0,0.0,0.32,155.28,0.0,0.0,151.95,0.9999253857184062,1.0,1260.3914146600023,1000.0,1259.3258146600024,1000.0,0.039423943563915854,0.0
9735,1677206280000.0,0.0,0.0,0.32,155.28,0.0,0.0,152.35,0.9999253857184062,1.0,1260.3914146600023,1000.0,1259.4538146600023,1000.0,0.039423943563915854,0.0
9736,1677209880000.0,0.0,0.0,0.32,155.28,0.0,0.0,152.25,0.9999253857184062,1.0,1260.3914146600023,1000.0,1259.4218146600024,1000.0,0.039423943563915854,0.0
9737,1677213480000.0,0.0,0.0,0.32,155.28,0.0,0.0,152.75,0.9999253857184062,1.0,1260.3914146600023,1000.0,1259.5818146600022,1000.0,0.039423943563915854,0.0
9738,1677217080000.0,0.0,0.0,0.32,155.28,0.0,0.0,153.1,0.9999253857184062,1.0,1260.3914146600023,1000.0,1259.6938146600023,1000.0,0.039423943563915854,0.0
9739,1677220680000.0,0.0,0.0,0.32,155.28,0.0,0.0,153.4,0.9999253857184062,1.0,1260.3914146600023,1000.0,1259.7898146600023,1000.0,0.039423943563915854,0.0
9740,1677224280000.0,0.0,0.0,0.32,155.28,0.0,0.0,153.7,0.9999253857184062,1.0,1260.3914146600023,1000.0,1259.8858146600023,1000.0,0.039423943563915854,0.0
9741,1677227880000.0,0.0,0.0,0.32,155.28,0.0,0.0,154.05,0.9999253857184062,1.0,1260.3914146600023,1000.0,1259.9978146600022,1000.0,0.039423943563915854,0.0
9742,1677231480000.0,0.0,0.0,0.32,155.28,0.0,0.0,152.95,0.9999253857184062,1.0,1260.3914146600023,1000.0,1259.6458146600023,1000.0,0.039423943563915854,0.0
9743,1677235080000.0,0.0,0.0,0.32,155.28,0.0,0.0,152.6,0.9999253857184062,1.0,1260.3914146600023,1000.0,1259.5338146600022,1000.0,0.039423943563915854,0.0
9744,1677238680000.0,0.0,0.0,0.32,155.28,0.0,0.0,154.1,0.9999253857184062,1.0,1260.3914146600023,1000.0,1260.0138146600023,1000.0,0.039423943563915854,0.0
9745,1677242280000.0,0.0,0.0,0.32,155.28,0.0,0.0,153.8,0.9999253857184062,1.0,1260.3914146600023,1000.0,1259.9178146600023,1000.0,0.039423943563915854,0.0
9746,1677245880000.0,0.0,0.0,0.32,155.28,0.0,0.0,152.35,0.9999253857184062,1.0,1260.3914146600023,1000.0,1259.4538146600023,1000.0,0.039423943563915854,0.0
9747,1677249480000.0,0.0,0.0,0.32,155.28,0.0,0.0,152.95,0.9999253857184062,1.0,1260.3914146600023,1000.0,1259.6458146600023,1000.0,0.039423943563915854,0.0
9748,1677253080000.0,0.0,0.0,0.32,155.28,0.0,0.0,150.7,0.9999253857184062,1.0,1260.3914146600023,1000.0,1258.9258146600023,1000.0,0.039423943563915854,0.0
9749,1677256680000.0,0.0,0.0,0.66,151.96757575757576,0.0,0.0,149.7,0.9999253857184062,1.0,1260.3812928600023,1000.0,1258.8846928600024,1000.0,0.07957798212984167,0.0
9750,1677260280000.0,0.0,0.0,0.66,151.96757575757576,0.0,0.0,150.35,0.9999253857184062,1.0,1260.3812928600023,1000.0,1259.3136928600022,1000.0,0.07957798212984167,0.0
9751,1677263880000.0,0.0,0.0,0.66,151.96757575757576,0.0,0.0,150.85,0.9999253857184062,1.0,1260.3812928600023,1000.0,1259.6436928600024,1000.0,0.07957798212984167,0.0
9752,1677267480000.0,0.0,0.0,0.66,151.96757575757576,0.0,0.0,150.25,0.9999253857184062,1.0,1260.3812928600023,1000.0,1259.2476928600024,1000.0,0.07957798212984167,0.0
9753,1677271080000.0,0.0,0.0,0.66,151.96757575757576,0.0,0.0,150.7,0.9999253857184062,1.0,1260.3812928600023,1000.0,1259.5446928600022,1000.0,0.07957798212984167,0.0
9754,1677274680000.0,0.0,0.0,0.66,151.96757575757576,0.0,0.0,150.25,0.9999253857184062,1.0,1260.3812928600023,1000.0,1259.2476928600024,1000.0,0.07957798212984167,0.0
9755,1677278280000.0,0.0,0.0,0.66,151.96757575757576,0.0,0.0,148.75,0.9999253857184062,1.0,1260.3812928600023,1000.0,1258.2576928600024,1000.0,0.07957798212984167,0.0
9756,1677281880000.0,0.0,0.0,0.66,151.96757575757576,0.0,0.0,150.65,0.9999253857184062,1.0,1260.3812928600023,1000.0,1259.5116928600023,1000.0,0.07957798212984167,0.0
9757,1677285480000.0,0.0,0.0,0.66,151.96757575757576,0.0,0.0,150.9,0.9999253857184062,1.0,1260.3812928600023,1000.0,1259.6766928600023,1000.0,0.07957798212984167,0.0
9758,1677289080000.0,0.0,0.0,0.66,151.96757575757576,0.0,0.0,151.35,0.9999253857184062,1.0,1260.3812928600023,1000.0,1259.9736928600023,1000.0,0.07957798212984167,0.0
9759,1677292680000.0,0.0,0.0,0.66,151.96757575757576,0.0,0.0,150.6,0.9999253857184062,1.0,1260.3812928600023,1000.0,1259.4786928600024,1000.0,0.07957798212984167,0.0
9760,1677296280000.0,0.0,0.0,0.66,151.96757575757576,0.0,0.0,150.1,0.9999253857184062,1.0,1260.3812928600023,1000.0,1259.1486928600023,1000.0,0.07957798212984167,0.0
9761,1677299880000.0,0.0,0.0,0.66,151.96757575757576,0.0,0.0,149.95,0.9999253857184062,1.0,1260.3812928600023,1000.0,1259.0496928600023,1000.0,0.07957798212984167,0.0
9762,1677303480000.0,0.0,0.0,0.66,151.96757575757576,0.0,0.0,149.15,0.9999253857184062,1.0,1260.3812928600023,1000.0,1258.5216928600023,1000.0,0.07957798212984167,0.0
9763,1677307080000.0,0.0,0.0,0.66,151.96757575757576,0.0,0.0,150.25,0.9999253857184062,1.0,1260.3812928600023,1000.0,1259.2476928600024,1000.0,0.07957798212984167,0.0
9764,1677310680000.0,0.0,0.0,0.66,151.96757575757576,0.0,0.0,149.65,0.9999253857184062,1.0,1260.3812928600023,1000.0,1258.8516928600022,1000.0,0.07957798212984167,0.0
9765,1677314280000.0,0.0,0.0,0.66,151.96757575757576,0.0,0.0,149.8,0.9999253857184062,1.0,1260.3812928600023,1000.0,1258.9506928600024,1000.0,0.07957798212984167,0.0
9766,1677317880000.0,0.0,0.0,0.66,151.96757575757576,0.0,0.0,150.05,0.9999253857184062,1.0,1260.3812928600023,1000.0,1259.1156928600024,1000.0,0.07957798212984167,0.0
9767,1677321480000.0,0.0,0.0,0.66,151.96757575757576,0.0,0.0,149.9,0.9999253857184062,1.0,1260.3812928600023,1000.0,1259.0166928600022,1000.0,0.07957798212984167,0.0
9768,1677325080000.0,0.0,0.0,0.66,151.96757575757576,0.0,0.0,150.15,0.9999253857184062,1.0,1260.3812928600023,1000.0,1259.1816928600024,1000.0,0.07957798212984167,0.0
9769,1677328680000.0,0.0,0.0,0.66,151.96757575757576,0.0,0.0,149.55,0.9999253857184062,1.0,1260.3812928600023,1000.0,1258.7856928600022,1000.0,0.07957798212984167,0.0
9770,1677332280000.0,0.0,0.0,0.66,151.96757575757576,0.0,0.0,151.45,0.9999253857184062,1.0,1260.3812928600023,1000.0,1260.0396928600023,1000.0,0.07957798212984167,0.0
9771,1677335880000.0,0.0,0.0,0.66,151.96757575757576,0.0,0.0,149.9,0.9999253857184062,1.0,1260.3812928600023,1000.0,1259.0166928600022,1000.0,0.07957798212984167,0.0
9772,1677339480000.0,0.0,0.0,0.66,151.96757575757576,0.0,0.0,150.0,0.9999253857184062,1.0,1260.3812928600023,1000.0,1259.0826928600022,1000.0,0.07957798212984167,0.0
9773,1677343080000.0,0.0,0.0,0.66,151.96757575757576,0.0,0.0,149.25,0.9999253857184062,1.0,1260.3812928600023,1000.0,1258.5876928600023,1000.0,0.07957798212984167,0.0
9774,1677346680000.0,0.0,0.0,0.66,151.96757575757576,0.0,0.0,148.95,0.9999253857184062,1.0,1260.3812928600023,1000.0,1258.3896928600022,1000.0,0.07957798212984167,0.0
9775,1677350280000.0,0.0,0.0,0.66,151.96757575757576,0.0,0.0,147.9,0.9999253857184062,1.0,1260.3812928600023,1000.0,1257.6966928600023,1000.0,0.07957798212984167,0.0
9776,1677353880000.0,0.0,0.0,0.66,151.96757575757576,0.0,0.0,146.7,0.9999253857184062,1.0,1260.3812928600023,1000.0,1256.9046928600023,1000.0,0.07957798212984167,0.0
9777,1677357480000.0,0.0,0.0,0.66,151.96757575757576,0.0,0.0,145.75,0.9999253857184062,1.0,1260.3812928600023,1000.0,1256.2776928600024,1000.0,0.07957798212984167,0.0
9778,1677361080000.0,0.0,0.0,0.66,151.96757575757576,0.0,0.0,146.9,0.9999253857184062,1.0,1260.3812928600023,1000.0,1257.0366928600024,1000.0,0.07957798212984167,0.0
9779,1677364680000.0,0.0,0.0,0.66,151.96757575757576,0.0,0.0,148.5,0.9999253857184062,1.0,1260.3812928600023,1000.0,1258.0926928600022,1000.0,0.07957798212984167,0.0
9780,1677368280000.0,0.0,0.0,0.66,151.96757575757576,0.0,0.0,148.75,0.9999253857184062,1.0,1260.3812928600023,1000.0,1258.2576928600024,1000.0,0.07957798212984167,0.0
9781,1677371880000.0,0.0,0.0,0.66,151.96757575757576,0.0,0.0,149.0,0.9999253857184062,1.0,1260.3812928600023,1000.0,1258.4226928600024,1000.0,0.07957798212984167,0.0
9782,1677375480000.0,0.0,0.0,0.66,151.96757575757576,0.0,0.0,148.75,0.9999253857184062,1.0,1260.3812928600023,1000.0,1258.2576928600024,1000.0,0.07957798212984167,0.0
9783,1677379080000.0,0.0,0.0,0.66,151.96757575757576,0.0,0.0,148.85,0.9999253857184062,1.0,1260.3812928600023,1000.0,1258.3236928600022,1000.0,0.07957798212984167,0.0
9784,1677382680000.0,0.0,0.0,0.66,151.96757575757576,0.0,0.0,149.6,0.9999253857184062,1.0,1260.3812928600023,1000.0,1258.8186928600023,1000.0,0.07957798212984167,0.0
9785,1677386280000.0,0.0,0.0,0.66,151.96757575757576,0.0,0.0,149.85,0.9999253857184062,1.0,1260.3812928600023,1000.0,1258.9836928600023,1000.0,0.07957798212984167,0.0
9786,1677389880000.0,0.0,0.0,0.66,151.96757575757576,0.0,0.0,148.85,0.9999253857184062,1.0,1260.3812928600023,1000.0,1258.3236928600022,1000.0,0.07957798212984167,0.0
9787,1677393480000.0,0.0,0.0,0.66,151.96757575757576,0.0,0.0,149.2,0.9999253857184062,1.0,1260.3812928600023,1000.0,1258.5546928600022,1000.0,0.07957798212984167,0.0
9788,1677397080000.0,0.0,0.0,0.66,151.96757575757576,0.0,0.0,149.2,0.9999253857184062,1.0,1260.3812928600023,1000.0,1258.5546928600022,1000.0,0.07957798212984167,0.0
9789,1677400680000.0,0.0,0.0,0.66,151.96757575757576,0.0,0.0,149.65,0.9999253857184062,1.0,1260.3812928600023,1000.0,1258.8516928600022,1000.0,0.07957798212984167,0.0
9790,1677404280000.0,0.0,0.0,0.66,151.96757575757576,0.0,0.0,149.95,0.9999253857184062,1.0,1260.3812928600023,1000.0,1259.0496928600023,1000.0,0.07957798212984167,0.0
9791,1677407880000.0,0.0,0.0,0.66,151.96757575757576,0.0,0.0,150.35,0.9999253857184062,1.0,1260.3812928600023,1000.0,1259.3136928600022,1000.0,0.07957798212984167,0.0
9792,1677411480000.0,0.0,0.0,0.66,151.96757575757576,0.0,0.0,149.7,0.9999253857184062,1.0,1260.3812928600023,1000.0,1258.8846928600024,1000.0,0.07957798212984167,0.0
9793,1677415080000.0,0.0,0.0,0.66,151.96757575757576,0.0,0.0,149.25,0.9999253857184062,1.0,1260.3812928600023,1000.0,1258.5876928600023,1000.0,0.07957798212984167,0.0
9794,1677418680000.0,0.0,0.0,0.66,151.96757575757576,0.0,0.0,149.25,0.9999253857184062,1.0,1260.3812928600023,1000.0,1258.5876928600023,1000.0,0.07957798212984167,0.0
9795,1677422280000.0,0.0,0.0,0.66,151.96757575757576,0.0,0.0,149.45,0.9999253857184062,1.0,1260.3812928600023,1000.0,1258.7196928600024,1000.0,0.07957798212984167,0.0
9796,1677425880000.0,0.0,0.0,0.66,151.96757575757576,0.0,0.0,149.85,0.9999253857184062,1.0,1260.3812928600023,1000.0,1258.9836928600023,1000.0,0.07957798212984167,0.0
9797,1677429480000.0,0.0,0.0,0.66,151.96757575757576,0.0,0.0,150.1,0.9999253857184062,1.0,1260.3812928600023,1000.0,1259.1486928600023,1000.0,0.07957798212984167,0.0
9798,1677433080000.0,0.0,0.0,0.66,151.96757575757576,0.0,0.0,150.1,0.9999253857184062,1.0,1260.3812928600023,1000.0,1259.1486928600023,1000.0,0.07957798212984167,0.0
9799,1677436680000.0,0.0,0.0,0.66,151.96757575757576,0.0,0.0,150.8,0.9999253857184062,1.0,1260.3812928600023,1000.0,1259.6106928600022,1000.0,0.07957798212984167,0.0
9800,1677440280000.0,0.0,0.0,0.66,151.96757575757576,0.0,0.0,151.15,0.9999253857184062,1.0,1260.3812928600023,1000.0,1259.8416928600022,1000.0,0.07957798212984167,0.0
9801,1677443880000.0,0.0,0.0,0.66,151.96757575757576,0.0,0.0,151.8,0.9999253857184062,1.0,1260.3812928600023,1000.0,1260.2706928600023,1000.0,0.07957798212984167,0.0
9802,1677447480000.0,0.0,0.0,0.66,151.96757575757576,0.0,0.0,152.1,0.9999253857184062,1.0,1260.3812928600023,1000.0,1260.4686928600022,1000.0,0.07957798212984167,0.0
9803,1677451080000.0,0.0,0.0,0.66,151.96757575757576,0.0,0.0,150.85,0.9999253857184062,1.0,1260.3812928600023,1000.0,1259.6436928600024,1000.0,0.07957798212984167,0.0
9804,1677454680000.0,0.0,0.0,0.66,151.96757575757576,0.0,0.0,151.35,0.9999253857184062,1.0,1260.3812928600023,1000.0,1259.9736928600023,1000.0,0.07957798212984167,0.0
9805,1677458280000.0,0.0,0.0,0.66,151.96757575757576,0.0,0.0,151.0,0.9999253857184062,1.0,1260.3812928600023,1000.0,1259.7426928600023,1000.0,0.07957798212984167,0.0
9806,1677461880000.0,0.0,0.0,0.66,151.96757575757576,0.0,0.0,150.75,0.9999253857184062,1.0,1260.3812928600023,1000.0,1259.5776928600023,1000.0,0.07957798212984167,0.0
9807,1677465480000.0,0.0,0.0,0.66,151.96757575757576,0.0,0.0,151.5,0.9999253857184062,1.0,1260.3812928600023,1000.0,1260.0726928600022,1000.0,0.07957798212984167,0.0
9808,1677469080000.0,0.0,0.0,0.66,151.96757575757576,0.0,0.0,151.45,0.9999253857184062,1.0,1260.3812928600023,1000.0,1260.0396928600023,1000.0,0.07957798212984167,0.0
9809,1677472680000.0,0.0,0.0,0.66,151.96757575757576,0.0,0.0,151.2,0.9999253857184062,1.0,1260.3812928600023,1000.0,1259.8746928600024,1000.0,0.07957798212984167,0.0
9810,1677476280000.0,0.0,0.0,0.66,151.96757575757576,0.0,0.0,151.2,0.9999253857184062,1.0,1260.3812928600023,1000.0,1259.8746928600024,1000.0,0.07957798212984167,0.0
9811,1677479880000.0,0.0,0.0,0.66,151.96757575757576,0.0,0.0,150.3,0.9999253857184062,1.0,1260.3812928600023,1000.0,1259.2806928600023,1000.0,0.07957798212984167,0.0
9812,1677483480000.0,0.0,0.0,0.66,151.96757575757576,0.0,0.0,150.75,0.9999253857184062,1.0,1260.3812928600023,1000.0,1259.5776928600023,1000.0,0.07957798212984167,0.0
9813,1677487080000.0,0.0,0.0,0.66,151.96757575757576,0.0,0.0,150.7,0.9999253857184062,1.0,1260.3812928600023,1000.0,1259.5446928600022,1000.0,0.07957798212984167,0.0
9814,1677490680000.0,0.0,0.0,0.66,151.96757575757576,0.0,0.0,150.95,0.9999253857184062,1.0,1260.3812928600023,1000.0,1259.7096928600024,1000.0,0.07957798212984167,0.0
9815,1677494280000.0,0.0,0.0,0.66,151.96757575757576,0.0,0.0,150.55,0.9999253857184062,1.0,1260.3812928600023,1000.0,1259.4456928600023,1000.0,0.07957798212984167,0.0
9816,1677497880000.0,0.0,0.0,0.66,151.96757575757576,0.0,0.0,151.15,0.9999253857184062,1.0,1260.3812928600023,1000.0,1259.8416928600022,1000.0,0.07957798212984167,0.0
9817,1677501480000.0,0.0,0.0,0.66,151.96757575757576,0.0,0.0,149.85,0.9999253857184062,1.0,1260.3812928600023,1000.0,1258.9836928600023,1000.0,0.07957798212984167,0.0
9818,1677505080000.0,0.0,0.0,0.66,151.96757575757576,0.0,0.0,151.0,0.9999253857184062,1.0,1260.3812928600023,1000.0,1259.7426928600023,1000.0,0.07957798212984167,0.0
9819,1677508680000.0,0.0,0.0,0.66,151.96757575757576,0.0,0.0,150.6,0.9999253857184062,1.0,1260.3812928600023,1000.0,1259.4786928600024,1000.0,0.07957798212984167,0.0
9820,1677512280000.0,0.0,0.0,0.66,151.96757575757576,0.0,0.0,151.4,0.9999253857184062,1.0,1260.3812928600023,1000.0,1260.0066928600022,1000.0,0.07957798212984167,0.0
9821,1677515880000.0,0.0,0.0,0.66,151.96757575757576,0.0,0.0,149.85,0.9999253857184062,1.0,1260.3812928600023,1000.0,1258.9836928600023,1000.0,0.07957798212984167,0.0
9822,1677519480000.0,0.0,0.0,0.66,151.96757575757576,0.0,0.0,149.5,0.9999253857184062,1.0,1260.3812928600023,1000.0,1258.7526928600023,1000.0,0.07957798212984167,0.0
9823,1677523080000.0,0.0,0.0,0.66,151.96757575757576,0.0,0.0,146.5,0.9999253857184062,1.0,1260.3812928600023,1000.0,1256.7726928600023,1000.0,0.07957798212984167,0.0
9824,1677526680000.0,0.0,0.0,0.66,151.96757575757576,0.0,0.0,148.65,0.9999253857184062,1.0,1260.3812928600023,1000.0,1258.1916928600024,1000.0,0.07957798212984167,0.0
9825,1677530280000.0,0.0,0.0,0.66,151.96757575757576,0.0,0.0,148.3,0.9999253857184062,1.0,1260.3812928600023,1000.0,1257.9606928600024,1000.0,0.07957798212984167,0.0
9826,1677533880000.0,0.0,0.0,0.66,151.96757575757576,0.0,0.0,149.25,0.9999253857184062,1.0,1260.3812928600023,1000.0,1258.5876928600023,1000.0,0.07957798212984167,0.0
9827,1677537480000.0,0.0,0.0,0.66,151.96757575757576,0.0,0.0,148.35,0.9999253857184062,1.0,1260.3812928600023,1000.0,1257.9936928600023,1000.0,0.07957798212984167,0.0
9828,1677541080000.0,0.0,0.0,0.66,151.96757575757576,0.0,0.0,149.55,0.9999253857184062,1.0,1260.3812928600023,1000.0,1258.7856928600022,1000.0,0.07957798212984167,0.0
9829,1677544680000.0,0.0,0.0,0.66,151.96757575757576,0.0,0.0,149.85,0.9999253857184062,1.0,1260.3812928600023,1000.0,1258.9836928600023,1000.0,0.07957798212984167,0.0
9830,1677548280000.0,0.0,0.0,0.66,151.96757575757576,0.0,0.0,149.8,0.9999253857184062,1.0,1260.3812928600023,1000.0,1258.9506928600024,1000.0,0.07957798212984167,0.0
9831,1677551880000.0,0.0,0.0,0.66,151.96757575757576,0.0,0.0,149.5,0.9999253857184062,1.0,1260.3812928600023,1000.0,1258.7526928600023,1000.0,0.07957798212984167,0.0
9832,1677555480000.0,0.0,0.0,0.66,151.96757575757576,0.0,0.0,150.0,0.9999253857184062,1.0,1260.3812928600023,1000.0,1259.0826928600022,1000.0,0.07957798212984167,0.0
9833,1677559080000.0,0.0,0.0,0.66,151.96757575757576,0.0,0.0,149.8,0.9999253857184062,1.0,1260.3812928600023,1000.0,1258.9506928600024,1000.0,0.07957798212984167,0.0
9834,1677562680000.0,0.0,0.0,0.66,151.96757575757576,0.0,0.0,149.75,0.9999253857184062,1.0,1260.3812928600023,1000.0,1258.9176928600023,1000.0,0.07957798212984167,0.0
9835,1677566280000.0,0.0,0.0,0.66,151.96757575757576,0.0,0.0,149.9,0.9999253857184062,1.0,1260.3812928600023,1000.0,1259.0166928600022,1000.0,0.07957798212984167,0.0
9836,1677569880000.0,0.0,0.0,0.66,151.96757575757576,0.0,0.0,149.9,0.9999253857184062,1.0,1260.3812928600023,1000.0,1259.0166928600022,1000.0,0.07957798212984167,0.0
9837,1677573480000.0,0.0,0.0,0.66,151.96757575757576,0.0,0.0,149.3,0.9999253857184062,1.0,1260.3812928600023,1000.0,1258.6206928600022,1000.0,0.07957798212984167,0.0
9838,1677577080000.0,0.0,0.0,0.66,151.96757575757576,0.0,0.0,149.8,0.9999253857184062,1.0,1260.3812928600023,1000.0,1258.9506928600024,1000.0,0.07957798212984167,0.0
9839,1677580680000.0,0.0,0.0,0.66,151.96757575757576,0.0,0.0,149.7,0.9999253857184062,1.0,1260.3812928600023,1000.0,1258.8846928600024,1000.0,0.07957798212984167,0.0
9840,1677584280000.0,0.0,0.0,0.66,151.96757575757576,0.0,0.0,150.3,0.9999253857184062,1.0,1260.3812928600023,1000.0,1259.2806928600023,1000.0,0.07957798212984167,0.0
9841,1677587880000.0,0.0,0.0,0.66,151.96757575757576,0.0,0.0,151.05,0.9999253857184062,1.0,1260.3812928600023,1000.0,1259.7756928600022,1000.0,0.07957798212984167,0.0
9842,1677591480000.0,0.0,0.0,0.66,151.96757575757576,0.0,0.0,150.45,0.9999253857184062,1.0,1260.3812928600023,1000.0,1259.3796928600023,1000.0,0.07957798212984167,0.0
9843,1677595080000.0,0.0,0.0,0.66,151.96757575757576,0.0,0.0,150.8,0.9999253857184062,1.0,1260.3812928600023,1000.0,1259.6106928600022,1000.0,0.07957798212984167,0.0
9844,1677598680000.0,0.0,0.0,0.66,151.96757575757576,0.0,0.0,151.0,0.9999253857184062,1.0,1260.3812928600023,1000.0,1259.7426928600023,1000.0,0.07957798212984167,0.0
9845,1677602280000.0,0.0,0.0,0.66,151.96757575757576,0.0,0.0,151.55,0.9999253857184062,1.0,1260.3812928600023,1000.0,1260.1056928600024,1000.0,0.07957798212984167,0.0
9846,1677605880000.0,0.0,0.0,0.66,151.96757575757576,0.0,0.0,151.95,0.9999253857184062,1.0,1260.3812928600023,1000.0,1260.3696928600023,1000.0,0.07957798212984167,0.0
9847,1677609480000.0,0.0,0.0,0.66,151.96757575757576,0.0,0.0,151.4,0.9999253857184062,1.0,1260.3812928600023,1000.0,1260.0066928600022,1000.0,0.07957798212984167,0.0
9848,1677613080000.0,0.0,0.0,0.66,151.96757575757576,0.0,0.0,150.85,0.9999253857184062,1.0,1260.3812928600023,1000.0,1259.6436928600024,1000.0,0.07957798212984167,0.0
9849,1677616680000.0,0.0,0.0,0.66,151.96757575757576,0.0,0.0,150.35,0.9999253857184062,1.0,1260.3812928600023,1000.0,1259.3136928600022,1000.0,0.07957798212984167,0.0
9850,1677620280000.0,0.0,0.0,0.66,151.96757575757576,0.0,0.0,149.7,0.9999253857184062,1.0,1260.3812928600023,1000.0,1258.8846928600024,1000.0,0.07957798212984167,0.0
9851,1677623880000.0,0.0,0.0,0.66,151.96757575757576,0.0,0.0,150.3,0.9999253857184062,1.0,1260.3812928600023,1000.0,1259.2806928600023,1000.0,0.07957798212984167,0.0
9852,1677627480000.0,0.0,0.0,0.66,151.96757575757576,0.0,0.0,150.3,0.9999253857184062,1.0,1260.3812928600023,1000.0,1259.2806928600023,1000.0,0.07957798212984167,0.0
9853,1677631080000.0,0.0,0.0,0.66,151.96757575757576,0.0,0.0,150.8,0.9999253857184062,1.0,1260.3812928600023,1000.0,1259.6106928600022,1000.0,0.07957798212984167,0.0
9854,1677634680000.0,0.0,0.0,0.66,151.96757575757576,0.0,0.0,151.85,0.9999253857184062,1.0,1260.3812928600023,1000.0,1260.3036928600022,1000.0,0.07957798212984167,0.0
9855,1677638280000.0,0.0,0.0,0.66,151.96757575757576,0.0,0.0,152.3,0.9999253857184062,1.0,1260.3812928600023,1000.0,1260.6006928600023,1000.0,0.07957798212984167,0.0
9856,1677641880000.0,0.0,0.0,0.66,151.96757575757576,0.0,0.0,153.35,0.9999253857184062,1.0,1260.3812928600023,1000.0,1261.2936928600022,1000.0,0.07957798212984167,0.0
9857,1677645480000.0,0.0,0.0,0.66,151.96757575757576,0.0,0.0,152.5,0.9999253857184062,1.0,1260.3812928600023,1000.0,1260.7326928600023,1000.0,0.07957798212984167,0.0
9858,1677649080000.0,0.0,0.0,0.66,151.96757575757576,0.0,0.0,152.7,0.9999253857184062,1.0,1260.3812928600023,1000.0,1260.8646928600024,1000.0,0.07957798212984167,0.0
9859,1677652680000.0,0.0,0.0,0.66,151.96757575757576,0.0,0.0,152.95,0.9999253857184062,1.0,1260.3812928600023,1000.0,1261.0296928600023,1000.0,0.07957798212984167,0.0
9860,1677656280000.0,0.0,0.0,0.66,151.96757575757576,0.0,0.0,152.2,0.9999253857184062,1.0,1260.3812928600023,1000.0,1260.5346928600022,1000.0,0.07957798212984167,0.0
9861,1677659880000.0,0.0,0.0,0.66,151.96757575757576,0.0,0.0,151.7,0.9999253857184062,1.0,1260.3812928600023,1000.0,1260.2046928600023,1000.0,0.07957798212984167,0.0
9862,1677663480000.0,0.0,0.0,0.66,151.96757575757576,0.0,0.0,151.1,0.9999253857184062,1.0,1260.3812928600023,1000.0,1259.8086928600023,1000.0,0.07957798212984167,0.0
9863,1677667080000.0,0.0,0.0,0.66,151.96757575757576,0.0,0.0,150.85,0.9999253857184062,1.0,1260.3812928600023,1000.0,1259.6436928600024,1000.0,0.07957798212984167,0.0
9864,1677670680000.0,0.0,0.0,0.66,151.96757575757576,0.0,0.0,151.5,0.9999253857184062,1.0,1260.3812928600023,1000.0,1260.0726928600022,1000.0,0.07957798212984167,0.0
9865,1677674280000.0,0.0,0.0,0.66,151.96757575757576,0.0,0.0,151.2,0.9999253857184062,1.0,1260.3812928600023,1000.0,1259.8746928600024,1000.0,0.07957798212984167,0.0
9866,1677677880000.0,0.0,0.0,0.66,151.96757575757576,0.0,0.0,151.05,0.9999253857184062,1.0,1260.3812928600023,1000.0,1259.7756928600022,1000.0,0.07957798212984167,0.0
9867,1677681480000.0,0.0,0.0,0.66,151.96757575757576,0.0,0.0,152.25,0.9999253857184062,1.0,1260.3812928600023,1000.0,1260.5676928600024,1000.0,0.07957798212984167,0.0
9868,1677685080000.0,0.0,0.0,0.66,151.96757575757576,0.0,0.0,152.05,0.9999253857184062,1.0,1260.3812928600023,1000.0,1260.4356928600023,1000.0,0.07957798212984167,0.0
9869,1677688680000.0,0.0,0.0,0.66,151.96757575757576,0.0,0.0,152.1,0.9999253857184062,1.0,1260.3812928600023,1000.0,1260.4686928600022,1000.0,0.07957798212984167,0.0
9870,1677692280000.0,0.0,0.0,0.66,151.96757575757576,0.0,0.0,152.5,0.9999253857184062,1.0,1260.3812928600023,1000.0,1260.7326928600023,1000.0,0.07957798212984167,0.0
9871,1677695880000.0,0.0,0.0,0.66,151.96757575757576,0.0,0.0,153.35,0.9999253857184062,1.0,1260.3812928600023,1000.0,1261.2936928600022,1000.0,0.07957798212984167,0.0
9872,1677699480000.0,0.0,0.0,0.66,151.96757575757576,0.0,0.0,152.7,0.9999253857184062,1.0,1260.3812928600023,1000.0,1260.8646928600024,1000.0,0.07957798212984167,0.0
9873,1677703080000.0,0.0,0.0,0.66,151.96757575757576,0.0,0.0,152.35,0.9999253857184062,1.0,1260.3812928600023,1000.0,1260.6336928600024,1000.0,0.07957798212984167,0.0
9874,1677706680000.0,0.0,0.0,0.66,151.96757575757576,0.0,0.0,152.9,0.9999253857184062,1.0,1260.3812928600023,1000.0,1260.9966928600022,1000.0,0.07957798212984167,0.0
9875,1677710280000.0,0.0,0.0,0.66,151.96757575757576,0.0,0.0,151.85,0.9999253857184062,1.0,1260.3812928600023,1000.0,1260.3036928600022,1000.0,0.07957798212984167,0.0
9876,1677713880000.0,0.0,0.0,0.66,151.96757575757576,0.0,0.0,152.0,0.9999253857184062,1.0,1260.3812928600023,1000.0,1260.4026928600024,1000.0,0.07957798212984167,0.0
9877,1677717480000.0,0.0,0.0,0.66,151.96757575757576,0.0,0.0,152.3,0.9999253857184062,1.0,1260.3812928600023,1000.0,1260.6006928600023,1000.0,0.07957798212984167,0.0
9878,1677721080000.0,0.0,0.0,0.66,151.96757575757576,0.0,0.0,151.5,0.9999253857184062,1.0,1260.3812928600023,1000.0,1260.0726928600022,1000.0,0.07957798212984167,0.0
9879,1677724680000.0,0.0,0.0,0.66,151.96757575757576,0.0,0.0,152.2,0.9999253857184062,1.0,1260.3812928600023,1000.0,1260.5346928600022,1000.0,0.07957798212984167,0.0
9880,1677728280000.0,0.0,0.0,0.66,151.96757575757576,0.0,0.0,151.55,0.9999253857184062,1.0,1260.3812928600023,1000.0,1260.1056928600024,1000.0,0.07957798212984167,0.0
9881,1677731880000.0,0.0,0.0,0.66,151.96757575757576,0.0,0.0,152.25,0.9999253857184062,1.0,1260.3812928600023,1000.0,1260.5676928600024,1000.0,0.07957798212984167,0.0
9882,1677735480000.0,0.0,0.0,0.66,151.96757575757576,0.0,0.0,152.45,0.9999253857184062,1.0,1260.3812928600023,1000.0,1260.6996928600022,1000.0,0.07957798212984167,0.0
9883,1677739080000.0,0.0,0.0,0.66,151.96757575757576,0.0,0.0,152.45,0.9999253857184062,1.0,1260.3812928600023,1000.0,1260.6996928600022,1000.0,0.07957798212984167,0.0
9884,1677742680000.0,0.0,0.0,0.66,151.96757575757576,0.0,0.0,152.4,0.9999253857184062,1.0,1260.3812928600023,1000.0,1260.6666928600023,1000.0,0.07957798212984167,0.0
9885,1677746280000.0,0.0,0.0,0.66,151.96757575757576,0.0,0.0,152.15,0.9999253857184062,1.0,1260.3812928600023,1000.0,1260.5016928600023,1000.0,0.07957798212984167,0.0
9886,1677749880000.0,0.0,0.0,0.66,151.96757575757576,0.0,0.0,151.75,0.9999253857184062,1.0,1260.3812928600023,1000.0,1260.2376928600022,1000.0,0.07957798212984167,0.0
9887,1677753480000.0,0.0,0.0,0.66,151.96757575757576,0.0,0.0,152.05,0.9999253857184062,1.0,1260.3812928600023,1000.0,1260.4356928600023,1000.0,0.07957798212984167,0.0
9888,1677757080000.0,0.0,0.0,0.66,151.96757575757576,0.0,0.0,152.55,0.9999253857184062,1.0,1260.3812928600023,1000.0,1260.7656928600022,1000.0,0.07957798212984167,0.0
9889,1677760680000.0,0.0,0.0,0.66,151.96757575757576,0.0,0.0,152.55,0.9999253857184062,1.0,1260.3812928600023,1000.0,1260.7656928600022,1000.0,0.07957798212984167,0.0
9890,1677764280000.0,0.0,0.0,0.66,151.96757575757576,0.0,0.0,151.95,0.9999253857184062,1.0,1260.3812928600023,1000.0,1260.3696928600023,1000.0,0.07957798212984167,0.0
9891,1677767880000.0,0.0,0.0,0.66,151.96757575757576,0.0,0.0,150.75,0.9999253857184062,1.0,1260.3812928600023,1000.0,1259.5776928600023,1000.0,0.07957798212984167,0.0
9892,1677771480000.0,0.0,0.0,0.66,151.96757575757576,0.0,0.0,151.5,0.9999253857184062,1.0,1260.3812928600023,1000.0,1260.0726928600022,1000.0,0.07957798212984167,0.0
9893,1677775080000.0,0.0,0.0,0.66,151.96757575757576,0.0,0.0,150.6,0.9999253857184062,1.0,1260.3812928600023,1000.0,1259.4786928600024,1000.0,0.07957798212984167,0.0
9894,1677778680000.0,0.0,0.0,0.66,151.96757575757576,0.0,0.0,150.4,0.9999253857184062,1.0,1260.3812928600023,1000.0,1259.3466928600023,1000.0,0.07957798212984167,0.0
9895,1677782280000.0,0.0,0.0,0.66,151.96757575757576,0.0,0.0,149.15,0.9999253857184062,1.0,1260.3812928600023,1000.0,1258.5216928600023,1000.0,0.07957798212984167,0.0
9896,1677785880000.0,0.0,0.0,0.66,151.96757575757576,0.0,0.0,149.9,0.9999253857184062,1.0,1260.3812928600023,1000.0,1259.0166928600022,1000.0,0.07957798212984167,0.0
9897,1677789480000.0,0.0,0.0,0.66,151.96757575757576,0.0,0.0,151.45,0.9999253857184062,1.0,1260.3812928600023,1000.0,1260.0396928600023,1000.0,0.07957798212984167,0.0
9898,1677793080000.0,0.0,0.0,0.66,151.96757575757576,0.0,0.0,151.5,0.9999253857184062,1.0,1260.3812928600023,1000.0,1260.0726928600022,1000.0,0.07957798212984167,0.0
9899,1677796680000.0,0.0,0.0,0.66,151.96757575757576,0.0,0.0,151.8,0.9999253857184062,1.0,1260.3812928600023,1000.0,1260.2706928600023,1000.0,0.07957798212984167,0.0
9900,1677800280000.0,0.0,0.0,0.66,151.96757575757576,0.0,0.0,151.05,0.9999253857184062,1.0,1260.3812928600023,1000.0,1259.7756928600022,1000.0,0.07957798212984167,0.0
9901,1677803880000.0,0.0,0.0,0.66,151.96757575757576,0.0,0.0,151.15,0.9999253857184062,1.0,1260.3812928600023,1000.0,1259.8416928600022,1000.0,0.07957798212984167,0.0
9902,1677807480000.0,0.0,0.0,1.01,149.0090099009901,0.0,0.0,141.75,0.9999253857184062,1.0,1260.3712527600023,1000.0,1253.0396527600024,1000.0,0.1194085470217066,0.0
9903,1677811080000.0,0.0,0.0,1.01,149.0090099009901,0.0,0.0,143.4,0.9999253857184062,1.0,1260.3712527600023,1000.0,1254.7061527600024,1000.0,0.1194085470217066,0.0
9904,1677814680000.0,0.0,0.0,1.01,149.0090099009901,0.0,0.0,145.0,0.9999253857184062,1.0,1260.3712527600023,1000.0,1256.3221527600024,1000.0,0.1194085470217066,0.0
9905,1677818280000.0,0.0,0.0,1.01,149.0090099009901,0.0,0.0,145.0,0.9999253857184062,1.0,1260.3712527600023,1000.0,1256.3221527600024,1000.0,0.1194085470217066,0.0
9906,1677821880000.0,0.0,0.0,1.01,149.0090099009901,0.0,0.0,145.5,0.9999253857184062,1.0,1260.3712527600023,1000.0,1256.8271527600023,1000.0,0.1194085470217066,0.0
9907,1677825480000.0,0.0,0.0,1.01,149.0090099009901,0.0,0.0,145.95,0.9999253857184062,1.0,1260.3712527600023,1000.0,1257.2816527600023,1000.0,0.1194085470217066,0.0
9908,1677829080000.0,0.0,0.0,1.01,149.0090099009901,0.0,0.0,145.55,0.9999253857184062,1.0,1260.3712527600023,1000.0,1256.8776527600023,1000.0,0.1194085470217066,0.0
9909,1677832680000.0,0.0,0.0,1.01,149.0090099009901,0.0,0.0,143.95,0.9999253857184062,1.0,1260.3712527600023,1000.0,1255.2616527600023,1000.0,0.1194085470217066,0.0
9910,1677836280000.0,0.0,0.0,1.01,149.0090099009901,0.0,0.0,144.55,0.9999253857184062,1.0,1260.3712527600023,1000.0,1255.8676527600023,1000.0,0.1194085470217066,0.0
9911,1677839880000.0,0.0,0.0,1.01,149.0090099009901,0.0,0.0,145.25,0.9999253857184062,1.0,1260.3712527600023,1000.0,1256.5746527600024,1000.0,0.1194085470217066,0.0
9912,1677843480000.0,0.0,0.0,1.01,149.0090099009901,0.0,0.0,145.55,0.9999253857184062,1.0,1260.3712527600023,1000.0,1256.8776527600023,1000.0,0.1194085470217066,0.0
9913,1677847080000.0,0.0,0.0,1.01,149.0090099009901,0.0,0.0,145.65,0.9999253857184062,1.0,1260.3712527600023,1000.0,1256.9786527600024,1000.0,0.1194085470217066,0.0
9914,1677850680000.0,0.0,0.0,1.01,149.0090099009901,0.0,0.0,145.15,0.9999253857184062,1.0,1260.3712527600023,1000.0,1256.4736527600023,1000.0,0.1194085470217066,0.0
9915,1677854280000.0,0.0,0.0,1.01,149.0090099009901,0.0,0.0,145.5,0.9999253857184062,1.0,1260.3712527600023,1000.0,1256.8271527600023,1000.0,0.1194085470217066,0.0
9916,1677857880000.0,0.0,0.0,1.01,149.0090099009901,0.0,0.0,145.85,0.9999253857184062,1.0,1260.3712527600023,1000.0,1257.1806527600024,1000.0,0.1194085470217066,0.0
9917,1677861480000.0,0.0,0.0,1.01,149.0090099009901,0.0,0.0,144.8,0.9999253857184062,1.0,1260.3712527600023,1000.0,1256.1201527600024,1000.0,0.1194085470217066,0.0
9918,1677865080000.0,0.0,0.0,1.01,149.0090099009901,0.0,0.0,146.4,0.9999253857184062,1.0,1260.3712527600023,1000.0,1257.7361527600024,1000.0,0.1194085470217066,0.0
9919,1677868680000.0,0.0,0.0,1.01,149.0090099009901,0.0,0.0,145.9,0.9999253857184062,1.0,1260.3712527600023,1000.0,1257.2311527600023,1000.0,0.1194085470217066,0.0
9920,1677872280000.0,0.0,0.0,1.01,149.0090099009901,0.0,0.0,145.1,0.9999253857184062,1.0,1260.3712527600023,1000.0,1256.4231527600023,1000.0,0.1194085470217066,0.0
9921,1677875880000.0,0.0,0.0,1.01,149.0090099009901,0.0,0.0,144.55,0.9999253857184062,1.0,1260.3712527600023,1000.0,1255.8676527600023,1000.0,0.1194085470217066,0.0
9922,1677879480000.0,0.0,0.0,1.01,149.0090099009901,0.0,0.0,145.65,0.9999253857184062,1.0,1260.3712527600023,1000.0,1256.9786527600024,1000.0,0.1194085470217066,0.0
9923,1677883080000.0,0.0,0.0,1.01,149.0090099009901,0.0,0.0,145.85,0.9999253857184062,1.0,1260.3712527600023,1000.0,1257.1806527600024,1000.0,0.1194085470217066,0.0
9924,1677886680000.0,0.0,0.0,1.01,149.0090099009901,0.0,0.0,144.8,0.9999253857184062,1.0,1260.3712527600023,1000.0,1256.1201527600024,1000.0,0.1194085470217066,0.0
9925,1677890280000.0,0.0,0.0,1.01,149.0090099009901,0.0,0.0,145.15,0.9999253857184062,1.0,1260.3712527600023,1000.0,1256.4736527600023,1000.0,0.1194085470217066,0.0
9926,1677893880000.0,0.0,0.0,1.01,149.0090099009901,0.0,0.0,144.4,0.9999253857184062,1.0,1260.3712527600023,1000.0,1255.7161527600024,1000.0,0.1194085470217066,0.0
9927,1677897480000.0,0.0,0.0,1.01,149.0090099009901,0.0,0.0,144.4,0.9999253857184062,1.0,1260.3712527600023,1000.0,1255.7161527600024,1000.0,0.1194085470217066,0.0
9928,1677901080000.0,0.0,0.0,1.01,149.0090099009901,0.0,0.0,144.3,0.9999253857184062,1.0,1260.3712527600023,1000.0,1255.6151527600023,1000.0,0.1194085470217066,0.0
9929,1677904680000.0,0.0,0.0,1.01,149.0090099009901,0.0,0.0,144.6,0.9999253857184062,1.0,1260.3712527600023,1000.0,1255.9181527600024,1000.0,0.1194085470217066,0.0
9930,1677908280000.0,0.0,0.0,1.01,149.0090099009901,0.0,0.0,144.3,0.9999253857184062,1.0,1260.3712527600023,1000.0,1255.6151527600023,1000.0,0.1194085470217066,0.0
9931,1677911880000.0,0.0,0.0,1.01,149.0090099009901,0.0,0.0,145.2,0.9999253857184062,1.0,1260.3712527600023,1000.0,1256.5241527600024,1000.0,0.1194085470217066,0.0
9932,1677915480000.0,0.0,0.0,1.01,149.0090099009901,0.0,0.0,145.55,0.9999253857184062,1.0,1260.3712527600023,1000.0,1256.8776527600023,1000.0,0.1194085470217066,0.0
9933,1677919080000.0,0.0,0.0,1.01,149.0090099009901,0.0,0.0,146.15,0.9999253857184062,1.0,1260.3712527600023,1000.0,1257.4836527600023,1000.0,0.1194085470217066,0.0
9934,1677922680000.0,0.0,0.0,1.01,149.0090099009901,0.0,0.0,146.8,0.9999253857184062,1.0,1260.3712527600023,1000.0,1258.1401527600024,1000.0,0.1194085470217066,0.0
9935,1677926280000.0,0.0,0.0,1.01,149.0090099009901,0.0,0.0,146.95,0.9999253857184062,1.0,1260.3712527600023,1000.0,1258.2916527600023,1000.0,0.1194085470217066,0.0
9936,1677929880000.0,0.0,0.0,1.01,149.0090099009901,0.0,0.0,146.8,0.9999253857184062,1.0,1260.3712527600023,1000.0,1258.1401527600024,1000.0,0.1194085470217066,0.0
9937,1677933480000.0,0.0,0.0,1.01,149.0090099009901,0.0,0.0,146.2,0.9999253857184062,1.0,1260.3712527600023,1000.0,1257.5341527600024,1000.0,0.1194085470217066,0.0
9938,1677937080000.0,0.0,0.0,1.01,149.0090099009901,0.0,0.0,146.75,0.9999253857184062,1.0,1260.3712527600023,1000.0,1258.0896527600023,1000.0,0.1194085470217066,0.0
9939,1677940680000.0,0.0,0.0,1.01,149.0090099009901,0.0,0.0,146.7,0.9999253857184062,1.0,1260.3712527600023,1000.0,1258.0391527600023,1000.0,0.1194085470217066,0.0
9940,1677944280000.0,0.0,0.0,1.01,149.0090099009901,0.0,0.0,147.0,0.9999253857184062,1.0,1260.3712527600023,1000.0,1258.3421527600024,1000.0,0.1194085470217066,0.0
9941,1677947880000.0,0.0,0.0,1.01,149.0090099009901,0.0,0.0,147.2,0.9999253857184062,1.0,1260.3712527600023,1000.0,1258.5441527600024,1000.0,0.1194085470217066,0.0
9942,1677951480000.0,0.0,0.0,1.01,149.0090099009901,0.0,0.0,147.0,0.9999253857184062,1.0,1260.3712527600023,1000.0,1258.3421527600024,1000.0,0.1194085470217066,0.0
9943,1677955080000.0,0.0,0.0,1.01,149.0090099009901,0.0,0.0,147.4,0.9999253857184062,1.0,1260.3712527600023,1000.0,1258.7461527600024,1000.0,0.1194085470217066,0.0
9944,1677958680000.0,0.0,0.0,1.01,149.0090099009901,0.0,0.0,146.65,0.9999253857184062,1.0,1260.3712527600023,1000.0,1257.9886527600024,1000.0,0.1194085470217066,0.0
9945,1677962280000.0,0.0,0.0,1.01,149.0090099009901,0.0,0.0,146.55,0.9999253857184062,1.0,1260.3712527600023,1000.0,1257.8876527600023,1000.0,0.1194085470217066,0.0
9946,1677965880000.0,0.0,0.0,1.01,149.0090099009901,0.0,0.0,146.15,0.9999253857184062,1.0,1260.3712527600023,1000.0,1257.4836527600023,1000.0,0.1194085470217066,0.0
9947,1677969480000.0,0.0,0.0,1.01,149.0090099009901,0.0,0.0,146.8,0.9999253857184062,1.0,1260.3712527600023,1000.0,1258.1401527600024,1000.0,0.1194085470217066,0.0
9948,1677973080000.0,0.0,0.0,1.01,149.0090099009901,0.0,0.0,146.6,0.9999253857184062,1.0,1260.3712527600023,1000.0,1257.9381527600024,1000.0,0.1194085470217066,0.0
9949,1677976680000.0,0.0,0.0,1.01,149.0090099009901,0.0,0.0,146.45,0.9999253857184062,1.0,1260.3712527600023,1000.0,1257.7866527600024,1000.0,0.1194085470217066,0.0
9950,1677980280000.0,0.0,0.0,1.01,149.0090099009901,0.0,0.0,147.9,0.9999253857184062,1.0,1260.3712527600023,1000.0,1259.2511527600022,1000.0,0.1194085470217066,0.0
9951,1677983880000.0,0.0,0.0,1.01,149.0090099009901,0.0,0.0,146.85,0.9999253857184062,1.0,1260.3712527600023,1000.0,1258.1906527600024,1000.0,0.1194085470217066,0.0
9952,1677987480000.0,0.0,0.0,1.01,149.0090099009901,0.0,0.0,148.25,0.9999253857184062,1.0,1260.3712527600023,1000.0,1259.6046527600024,1000.0,0.1194085470217066,0.0
9953,1677991080000.0,0.0,0.0,1.01,149.0090099009901,0.0,0.0,148.35,0.9999253857184062,1.0,1260.3712527600023,1000.0,1259.7056527600023,1000.0,0.1194085470217066,0.0
9954,1677994680000.0,0.0,0.0,1.01,149.0090099009901,0.0,0.0,148.15,0.9999253857184062,1.0,1260.3712527600023,1000.0,1259.5036527600023,1000.0,0.1194085470217066,0.0
9955,1677998280000.0,0.0,0.0,1.01,149.0090099009901,0.0,0.0,148.3,0.9999253857184062,1.0,1260.3712527600023,1000.0,1259.6551527600022,1000.0,0.1194085470217066,0.0
9956,1678001880000.0,0.0,0.0,1.01,149.0090099009901,0.0,0.0,148.1,0.9999253857184062,1.0,1260.3712527600023,1000.0,1259.4531527600022,1000.0,0.1194085470217066,0.0
9957,1678005480000.0,0.0,0.0,1.01,149.0090099009901,0.0,0.0,147.6,0.9999253857184062,1.0,1260.3712527600023,1000.0,1258.9481527600024,1000.0,0.1194085470217066,0.0
9958,1678009080000.0,0.0,0.0,1.01,149.0090099009901,0.0,0.0,147.95,0.9999253857184062,1.0,1260.3712527600023,1000.0,1259.3016527600023,1000.0,0.1194085470217066,0.0
9959,1678012680000.0,0.0,0.0,1.01,149.0090099009901,0.0,0.0,148.3,0.9999253857184062,1.0,1260.3712527600023,1000.0,1259.6551527600022,1000.0,0.1194085470217066,0.0
9960,1678016280000.0,0.0,0.0,1.01,149.0090099009901,0.0,0.0,148.4,0.9999253857184062,1.0,1260.3712527600023,1000.0,1259.7561527600024,1000.0,0.1194085470217066,0.0
9961,1678019880000.0,0.0,0.0,1.01,149.0090099009901,0.0,0.0,148.15,0.9999253857184062,1.0,1260.3712527600023,1000.0,1259.5036527600023,1000.0,0.1194085470217066,0.0
9962,1678023480000.0,0.0,0.0,1.01,149.0090099009901,0.0,0.0,148.7,0.9999253857184062,1.0,1260.3712527600023,1000.0,1260.0591527600022,1000.0,0.1194085470217066,0.0
9963,1678027080000.0,0.0,0.0,1.01,149.0090099009901,0.0,0.0,148.75,0.9999253857184062,1.0,1260.3712527600023,1000.0,1260.1096527600023,1000.0,0.1194085470217066,0.0
9964,1678030680000.0,0.0,0.0,1.01,149.0090099009901,0.0,0.0,149.1,0.9999253857184062,1.0,1260.3712527600023,1000.0,1260.4631527600022,1000.0,0.1194085470217066,0.0
9965,1678034280000.0,0.0,0.0,1.01,149.0090099009901,0.0,0.0,150.1,0.9999253857184062,1.0,1260.3712527600023,1000.0,1261.4731527600022,1000.0,0.1194085470217066,0.0
9966,1678037880000.0,0.0,0.0,1.01,149.0090099009901,0.0,0.0,148.9,0.9999253857184062,1.0,1260.3712527600023,1000.0,1260.2611527600022,1000.0,0.1194085470217066,0.0
9967,1678041480000.0,0.0,0.0,1.01,149.0090099009901,0.0,0.0,148.65,0.9999253857184062,1.0,1260.3712527600023,1000.0,1260.0086527600024,1000.0,0.1194085470217066,0.0
9968,1678045080000.0,0.0,0.0,1.01,149.0090099009901,0.0,0.0,148.6,0.9999253857184062,1.0,1260.3712527600023,1000.0,1259.9581527600023,1000.0,0.1194085470217066,0.0
9969,1678048680000.0,0.0,0.0,1.01,149.0090099009901,0.0,0.0,149.15,0.9999253857184062,1.0,1260.3712527600023,1000.0,1260.5136527600023,1000.0,0.1194085470217066,0.0
9970,1678052280000.0,0.0,0.0,1.01,149.0090099009901,0.0,0.0,149.7,0.9999253857184062,1.0,1260.3712527600023,1000.0,1261.0691527600022,1000.0,0.1194085470217066,0.0
9971,1678055880000.0,0.0,0.0,1.01,149.0090099009901,0.0,0.0,148.75,0.9999253857184062,1.0,1260.3712527600023,1000.0,1260.1096527600023,1000.0,0.1194085470217066,0.0
9972,1678059480000.0,0.0,0.0,1.01,149.0090099009901,0.0,0.0,149.25,0.9999253857184062,1.0,1260.3712527600023,1000.0,1260.6146527600024,1000.0,0.1194085470217066,0.0
9973,1678063080000.0,0.0,0.0,1.01,149.0090099009901,0.0,0.0,149.5,0.9999253857184062,1.0,1260.3712527600023,1000.0,1260.8671527600022,1000.0,0.1194085470217066,0.0
9974,1678066680000.0,0.0,0.0,1.01,149.0090099009901,0.0,0.0,149.15,0.9999253857184062,1.0,1260.3712527600023,1000.0,1260.5136527600023,1000.0,0.1194085470217066,0.0
9975,1678070280000.0,0.0,0.0,1.01,149.0090099009901,0.0,0.0,148.85,0.9999253857184062,1.0,1260.3712527600023,1000.0,1260.2106527600024,1000.0,0.1194085470217066,0.0
9976,1678073880000.0,0.0,0.0,1.01,149.0090099009901,0.0,0.0,149.05,0.9999253857184062,1.0,1260.3712527600023,1000.0,1260.4126527600024,1000.0,0.1194085470217066,0.0
9977,1678077480000.0,0.0,0.0,1.01,149.0090099009901,0.0,0.0,149.3,0.9999253857184062,1.0,1260.3712527600023,1000.0,1260.6651527600025,1000.0,0.1194085470217066,0.0
9978,1678081080000.0,0.0,0.0,1.01,149.0090099009901,0.0,0.0,148.9,0.9999253857184062,1.0,1260.3712527600023,1000.0,1260.2611527600022,1000.0,0.1194085470217066,0.0
9979,1678084680000.0,0.0,0.0,1.01,149.0090099009901,0.0,0.0,149.35,0.9999253857184062,1.0,1260.3712527600023,1000.0,1260.7156527600023,1000.0,0.1194085470217066,0.0
9980,1678088280000.0,0.0,0.0,1.01,149.0090099009901,0.0,0.0,149.65,0.9999253857184062,1.0,1260.3712527600023,1000.0,1261.0186527600024,1000.0,0.1194085470217066,0.0
9981,1678091880000.0,0.0,0.0,1.01,149.0090099009901,0.0,0.0,149.9,0.9999253857184062,1.0,1260.3712527600023,1000.0,1261.2711527600025,1000.0,0.1194085470217066,0.0
9982,1678095480000.0,0.0,0.0,1.01,149.0090099009901,0.0,0.0,150.2,0.9999253857184062,1.0,1260.3712527600023,1000.0,1261.5741527600023,1000.0,0.1194085470217066,0.0
9983,1678099080000.0,0.0,0.0,1.01,149.0090099009901,0.0,0.0,149.9,0.9999253857184062,1.0,1260.3712527600023,1000.0,1261.2711527600025,1000.0,0.1194085470217066,0.0
9984,1678102680000.0,0.0,0.0,1.01,149.0090099009901,0.0,0.0,149.9,0.9999253857184062,1.0,1260.3712527600023,1000.0,1261.2711527600025,1000.0,0.1194085470217066,0.0
9985,1678106280000.0,0.0,0.0,1.01,149.0090099009901,0.0,0.0,150.35,0.9999253857184062,1.0,1260.3712527600023,1000.0,1261.7256527600023,1000.0,0.1194085470217066,0.0
9986,1678109880000.0,0.0,0.0,1.01,149.0090099009901,0.0,0.0,151.2,0.9999253857184062,1.0,1260.3712527600023,1000.0,1262.5841527600023,1000.0,0.1194085470217066,0.0
9987,1678113480000.0,0.0,0.0,1.01,149.0090099009901,0.0,0.0,151.85,0.9999253857184062,1.0,1260.3712527600023,1000.0,1263.2406527600024,1000.0,0.1194085470217066,0.0
9988,1678117080000.0,0.0,0.0,1.01,149.0090099009901,0.0,0.0,152.4,0.9999253857184062,1.0,1260.3712527600023,1000.0,1263.7961527600023,1000.0,0.1194085470217066,0.0
9989,1678120680000.0,0.0,0.0,1.01,149.0090099009901,0.0,0.0,152.45,0.9999253857184062,1.0,1260.3712527600023,1000.0,1263.8466527600024,1000.0,0.1194085470217066,0.0
9990,1678124280000.0,0.0,0.0,1.01,149.0090099009901,0.0,0.0,152.1,0.9999253857184062,1.0,1260.3712527600023,1000.0,1263.4931527600024,1000.0,0.1194085470217066,0.0
9991,1678127880000.0,0.0,0.0,1.01,149.0090099009901,0.0,0.0,152.35,0.9999253857184062,1.0,1260.3712527600023,1000.0,1263.7456527600023,1000.0,0.1194085470217066,0.0
9992,1678131480000.0,0.0,0.0,1.01,149.0090099009901,0.0,0.0,151.9,0.9999253857184062,1.0,1260.3712527600023,1000.0,1263.2911527600024,1000.0,0.1194085470217066,0.0
9993,1678135080000.0,0.0,0.0,1.01,149.0090099009901,0.0,0.0,152.85,0.9999253857184062,1.0,1260.3712527600023,1000.0,1264.2506527600024,1000.0,0.1194085470217066,0.0
9994,1678138680000.0,0.0,0.0,1.01,149.0090099009901,0.0,0.0,152.4,0.9999253857184062,1.0,1260.3712527600023,1000.0,1263.7961527600023,1000.0,0.1194085470217066,0.0
9995,1678142280000.0,0.0,0.0,1.01,149.0090099009901,0.0,0.0,152.9,0.9999253857184062,1.0,1260.3712527600023,1000.0,1264.3011527600024,1000.0,0.1194085470217066,0.0
9996,1678145880000.0,0.0,0.0,0.21,149.0090099009901,0.0,0.0,153.45,0.9999253857184062,1.0,1263.9234880392103,1000.0,1264.8560959600024,1000.0,0.024757742359668183,0.0
9997,1678149480000.0,0.0,0.0,0.07,149.0090099009901,0.0,0.0,154.25,0.9999253857184062,1.0,1264.5451292130717,1000.0,1264.9119985200025,1000.0,0.008248523877957843,0.0
9998,1678153080000.0,0.0,0.0,0.07,149.0090099009901,0.0,0.0,153.45,0.9999253857184062,1.0,1264.5451292130717,1000.0,1264.8559985200025,1000.0,0.008248523877957843,0.0
9999,1678156680000.0,0.0,0.0,0.07,149.0090099009901,0.0,0.0,152.05,0.9999253857184062,1.0,1264.5451292130717,1000.0,1264.7579985200025,1000.0,0.008248523877957843,0.0
10000,1678160280000.0,0.0,0.0,0.07,149.0090099009901,0.0,0.0,150.9,0.9999253857184062,1.0,1264.5451292130717,1000.0,1264.6774985200025,1000.0,0.008248523877957843,0.0
10001,1678163880000.0,0.0,0.0,0.07,149.0090099009901,0.0,0.0,150.4,0.9999253857184062,1.0,1264.5451292130717,1000.0,1264.6424985200024,1000.0,0.008248523877957843,0.0
10002,1678167480000.0,0.0,0.0,0.07,149.0090099009901,0.0,0.0,151.3,0.9999253857184062,1.0,1264.5451292130717,1000.0,1264.7054985200025,1000.0,0.008248523877957843,0.0
10003,1678171080000.0,0.0,0.0,0.07,149.0090099009901,0.0,0.0,150.75,0.9999253857184062,1.0,1264.5451292130717,1000.0,1264.6669985200024,1000.0,0.008248523877957843,0.0
10004,1678174680000.0,0.0,0.0,0.07,149.0090099009901,0.0,0.0,150.7,0.9999253857184062,1.0,1264.5451292130717,1000.0,1264.6634985200023,1000.0,0.008248523877957843,0.0
10005,1678178280000.0,0.0,0.0,0.07,149.0090099009901,0.0,0.0,150.35,0.9999253857184062,1.0,1264.5451292130717,1000.0,1264.6389985200024,1000.0,0.008248523877957843,0.0
10006,1678181880000.0,0.0,0.0,0.07,149.0090099009901,0.0,0.0,150.05,0.9999253857184062,1.0,1264.5451292130717,1000.0,1264.6179985200024,1000.0,0.008248523877957843,0.0
10007,1678185480000.0,0.0,0.0,0.07,149.0090099009901,0.0,0.0,151.45,0.9999253857184062,1.0,1264.5451292130717,1000.0,1264.7159985200024,1000.0,0.008248523877957843,0.0
10008,1678189080000.0,0.0,0.0,0.07,149.0090099009901,0.0,0.0,150.65,0.9999253857184062,1.0,1264.5451292130717,1000.0,1264.6599985200023,1000.0,0.008248523877957843,0.0
10009,1678192680000.0,0.0,0.0,0.07,149.0090099009901,0.0,0.0,151.6,0.9999253857184062,1.0,1264.5451292130717,1000.0,1264.7264985200025,1000.0,0.008248523877957843,0.0
10010,1678196280000.0,0.0,0.0,0.07,149.0090099009901,0.0,0.0,151.1,0.9999253857184062,1.0,1264.5451292130717,1000.0,1264.6914985200024,1000.0,0.008248523877957843,0.0
10011,1678199880000.0,0.0,0.0,0.07,149.0090099009901,0.0,0.0,150.3,0.9999253857184062,1.0,1264.5451292130717,1000.0,1264.6354985200023,1000.0,0.008248523877957843,0.0
10012,1678203480000.0,0.0,0.0,0.07,149.0090099009901,0.0,0.0,150.55,0.9999253857184062,1.0,1264.5451292130717,1000.0,1264.6529985200025,1000.0,0.008248523877957843,0.0
10013,1678207080000.0,0.0,0.0,0.07,149.0090099009901,0.0,0.0,150.05,0.9999253857184062,1.0,1264.5451292130717,1000.0,1264.6179985200024,1000.0,0.008248523877957843,0.0
10014,1678210680000.0,0.0,0.0,0.07,149.0090099009901,0.0,0.0,151.65,0.9999253857184062,1.0,1264.5451292130717,1000.0,1264.7299985200025,1000.0,0.008248523877957843,0.0
10015,1678214280000.0,0.0,0.0,0.07,149.0090099009901,0.0,0.0,150.65,0.9999253857184062,1.0,1264.5451292130717,1000.0,1264.6599985200023,1000.0,0.008248523877957843,0.0
10016,1678217880000.0,0.0,0.0,0.07,149.0090099009901,0.0,0.0,151.15,0.9999253857184062,1.0,1264.5451292130717,1000.0,1264.6949985200024,1000.0,0.008248523877957843,0.0
10017,1678221480000.0,0.0,0.0,0.07,149.0090099009901,0.0,0.0,150.35,0.9999253857184062,1.0,1264.5451292130717,1000.0,1264.6389985200024,1000.0,0.008248523877957843,0.0
10018,1678225080000.0,0.0,0.0,0.07,149.0090099009901,0.0,0.0,150.25,0.9999253857184062,1.0,1264.5451292130717,1000.0,1264.6319985200025,1000.0,0.008248523877957843,0.0
10019,1678228680000.0,0.0,0.0,0.07,149.0090099009901,0.0,0.0,149.55,0.9999253857184062,1.0,1264.5451292130717,1000.0,1264.5829985200023,1000.0,0.008248523877957843,0.0
10020,1678232280000.0,0.0,0.0,0.07,149.0090099009901,0.0,0.0,150.7,0.9999253857184062,1.0,1264.5451292130717,1000.0,1264.6634985200023,1000.0,0.008248523877957843,0.0
10021,1678235880000.0,0.0,0.0,0.07,149.0090099009901,0.0,0.0,149.7,0.9999253857184062,1.0,1264.5451292130717,1000.0,1264.5934985200024,1000.0,0.008248523877957843,0.0
10022,1678239480000.0,0.0,0.0,0.07,149.0090099009901,0.0,0.0,150.5,0.9999253857184062,1.0,1264.5451292130717,1000.0,1264.6494985200025,1000.0,0.008248523877957843,0.0
10023,1678243080000.0,0.0,0.0,0.07,149.0090099009901,0.0,0.0,150.0,0.9999253857184062,1.0,1264.5451292130717,1000.0,1264.6144985200024,1000.0,0.008248523877957843,0.0
10024,1678246680000.0,0.0,0.0,0.07,149.0090099009901,0.0,0.0,150.7,0.9999253857184062,1.0,1264.5451292130717,1000.0,1264.6634985200023,1000.0,0.008248523877957843,0.0
10025,1678250280000.0,0.0,0.0,0.07,149.0090099009901,0.0,0.0,150.9,0.9999253857184062,1.0,1264.5451292130717,1000.0,1264.6774985200025,1000.0,0.008248523877957843,0.0
10026,1678253880000.0,0.0,0.0,0.07,149.0090099009901,0.0,0.0,148.55,0.9999253857184062,1.0,1264.5451292130717,1000.0,1264.5129985200024,1000.0,0.008248523877957843,0.0
10027,1678257480000.0,0.0,0.0,0.07,149.0090099009901,0.0,0.0,149.3,0.9999253857184062,1.0,1264.5451292130717,1000.0,1264.5654985200024,1000.0,0.008248523877957843,0.0
10028,1678261080000.0,0.0,0.0,0.07,149.0090099009901,0.0,0.0,149.95,0.9999253857184062,1.0,1264.5451292130717,1000.0,1264.6109985200023,1000.0,0.008248523877957843,0.0
10029,1678264680000.0,0.0,0.0,0.07,149.0090099009901,0.0,0.0,148.0,0.9999253857184062,1.0,1264.5451292130717,1000.0,1264.4744985200025,1000.0,0.008248523877957843,0.0
10030,1678268280000.0,0.0,0.0,0.07,149.0090099009901,0.0,0.0,148.6,0.9999253857184062,1.0,1264.5451292130717,1000.0,1264.5164985200024,1000.0,0.008248523877957843,0.0
10031,1678271880000.0,0.0,0.0,0.07,149.0090099009901,0.0,0.0,149.3,0.9999253857184062,1.0,1264.5451292130717,1000.0,1264.5654985200024,1000.0,0.008248523877957843,0.0
10032,1678275480000.0,0.0,0.0,0.07,149.0090099009901,0.0,0.0,149.45,0.9999253857184062,1.0,1264.5451292130717,1000.0,1264.5759985200025,1000.0,0.008248523877957843,0.0
10033,1678279080000.0,0.0,0.0,0.07,149.0090099009901,0.0,0.0,148.55,0.9999253857184062,1.0,1264.5451292130717,1000.0,1264.5129985200024,1000.0,0.008248523877957843,0.0
10034,1678282680000.0,0.0,0.0,0.07,149.0090099009901,0.0,0.0,147.8,0.9999253857184062,1.0,1264.5451292130717,1000.0,1264.4604985200024,1000.0,0.008248523877957843,0.0
10035,1678286280000.0,0.0,0.0,0.07,149.0090099009901,0.0,0.0,146.7,0.9999253857184062,1.0,1264.5451292130717,1000.0,1264.3834985200024,1000.0,0.008248523877957843,0.0
10036,1678289880000.0,0.0,0.0,0.07,149.0090099009901,0.0,0.0,148.9,0.9999253857184062,1.0,1264.5451292130717,1000.0,1264.5374985200024,1000.0,0.008248523877957843,0.0
10037,1678293480000.0,0.0,0.0,0.07,149.0090099009901,0.0,0.0,147.6,0.9999253857184062,1.0,1264.5451292130717,1000.0,1264.4464985200025,1000.0,0.008248523877957843,0.0
10038,1678297080000.0,0.0,0.0,0.07,149.0090099009901,0.0,0.0,148.45,0.9999253857184062,1.0,1264.5451292130717,1000.0,1264.5059985200023,1000.0,0.008248523877957843,0.0
10039,1678300680000.0,0.0,0.0,0.07,149.0090099009901,0.0,0.0,148.25,0.9999253857184062,1.0,1264.5451292130717,1000.0,1264.4919985200024,1000.0,0.008248523877957843,0.0
10040,1678304280000.0,0.0,0.0,0.07,149.0090099009901,0.0,0.0,148.7,0.9999253857184062,1.0,1264.5451292130717,1000.0,1264.5234985200025,1000.0,0.008248523877957843,0.0
10041,1678307880000.0,0.0,0.0,0.07,149.0090099009901,0.0,0.0,148.9,0.9999253857184062,1.0,1264.5451292130717,1000.0,1264.5374985200024,1000.0,0.008248523877957843,0.0
10042,1678311480000.0,0.0,0.0,0.07,149.0090099009901,0.0,0.0,147.9,0.9999253857184062,1.0,1264.5451292130717,1000.0,1264.4674985200024,1000.0,0.008248523877957843,0.0
10043,1678315080000.0,0.0,0.0,0.07,149.0090099009901,0.0,0.0,146.75,0.9999253857184062,1.0,1264.5451292130717,1000.0,1264.3869985200024,1000.0,0.008248523877957843,0.0
10044,1678318680000.0,0.0,0.0,0.35,144.92980198019805,0.0,0.0,144.25,0.9999253857184062,1.0,1264.5370702530718,1000.0,1264.2991395600025,1000.0,0.040113834450830006,0.0
10045,1678322280000.0,0.0,0.0,0.35,144.92980198019805,0.0,0.0,142.9,0.9999253857184062,1.0,1264.5370702530718,1000.0,1263.8266395600024,1000.0,0.040113834450830006,0.0
10046,1678325880000.0,0.0,0.0,0.35,144.92980198019805,0.0,0.0,143.85,0.9999253857184062,1.0,1264.5370702530718,1000.0,1264.1591395600024,1000.0,0.040113834450830006,0.0
10047,1678329480000.0,0.0,0.0,0.35,144.92980198019805,0.0,0.0,144.5,0.9999253857184062,1.0,1264.5370702530718,1000.0,1264.3866395600025,1000.0,0.040113834450830006,0.0
10048,1678333080000.0,0.0,0.0,0.35,144.92980198019805,0.0,0.0,145.2,0.9999253857184062,1.0,1264.5370702530718,1000.0,1264.6316395600024,1000.0,0.040113834450830006,0.0
10049,1678336680000.0,0.0,0.0,0.35,144.92980198019805,0.0,0.0,145.3,0.9999253857184062,1.0,1264.5370702530718,1000.0,1264.6666395600025,1000.0,0.040113834450830006,0.0
10050,1678340280000.0,0.0,0.0,0.35,144.92980198019805,0.0,0.0,146.65,0.9999253857184062,1.0,1264.5370702530718,1000.0,1265.1391395600024,1000.0,0.040113834450830006,0.0
10051,1678343880000.0,0.0,0.0,0.35,144.92980198019805,0.0,0.0,146.1,0.9999253857184062,1.0,1264.5370702530718,1000.0,1264.9466395600025,1000.0,0.040113834450830006,0.0
10052,1678347480000.0,0.0,0.0,0.35,144.92980198019805,0.0,0.0,146.6,0.9999253857184062,1.0,1264.5370702530718,1000.0,1265.1216395600024,1000.0,0.040113834450830006,0.0
10053,1678351080000.0,0.0,0.0,0.35,144.92980198019805,0.0,0.0,146.4,0.9999253857184062,1.0,1264.5370702530718,1000.0,1265.0516395600025,1000.0,0.040113834450830006,0.0
10054,1678354680000.0,0.0,0.0,0.35,144.92980198019805,0.0,0.0,147.25,0.9999253857184062,1.0,1264.5370702530718,1000.0,1265.3491395600024,1000.0,0.040113834450830006,0.0
10055,1678358280000.0,0.0,0.0,0.35,144.92980198019805,0.0,0.0,147.3,0.9999253857184062,1.0,1264.5370702530718,1000.0,1265.3666395600023,1000.0,0.040113834450830006,0.0
10056,1678361880000.0,0.0,0.0,0.16,144.92980198019805,0.0,0.0,149.35,0.9999253857184062,1.0,1265.357935236834,1000.0,1266.0651669200024,1000.0,0.01832585679599939,0.0
10057,1678365480000.0,0.0,0.0,0.08,144.92980198019805,0.0,0.0,148.9,0.9999253857184062,1.0,1265.703562598418,1000.0,1266.0211784400024,1000.0,0.009160426264909318,0.0
10058,1678369080000.0,0.0,0.0,0.06,144.92980198019805,0.0,0.0,150.45,0.9999253857184062,1.0,1265.789969438814,1000.0,1266.1211813200023,1000.0,0.0068698507088558675,0.0
10059,1678372680000.0,0.0,0.0,0.06,144.92980198019805,0.0,0.0,151.9,0.9999253857184062,1.0,1265.789969438814,1000.0,1266.2081813200023,1000.0,0.0068698507088558675,0.0
10060,1678376280000.0,0.0,0.0,0.06,144.92980198019805,0.0,0.0,151.4,0.9999253857184062,1.0,1265.789969438814,1000.0,1266.1781813200023,1000.0,0.0068698507088558675,0.0
10061,1678379880000.0,0.0,0.0,0.06,144.92980198019805,0.0,0.0,151.1,0.9999253857184062,1.0,1265.789969438814,1000.0,1266.1601813200023,1000.0,0.0068698507088558675,0.0
10062,1678383480000.0,0.0,0.0,0.04,144.92980198019805,0.0,0.0,148.55,0.9999253857184062,1.0,1265.87637627921,1000.0,1266.0211842000022,1000.0,0.004579587855369895,0.0
10063,1678387080000.0,0.0,0.0,0.04,144.92980198019805,0.0,0.0,146.45,0.9999253857184062,1.0,1265.87637627921,1000.0,1265.937184200002,1000.0,0.004579587855369895,0.0
10064,1678390680000.0,0.0,0.0,0.04,144.92980198019805,0.0,0.0,146.15,0.9999253857184062,1.0,1265.87637627921,1000.0,1265.9251842000021,1000.0,0.004579587855369895,0.0
10065,1678394280000.0,0.0,0.0,0.04,144.92980198019805,0.0,0.0,144.05,0.9999253857184062,1.0,1265.87637627921,1000.0,1265.841184200002,1000.0,0.004579587855369895,0.0
10066,1678397880000.0,0.0,0.0,0.35,143.32683451202266,0.0,0.0,141.5,0.9999253857184062,1.0,1265.8675028392101,1000.0,1265.2281107600022,1000.0,0.03962846977799365,0.0
10067,1678401480000.0,0.0,0.0,0.35,143.32683451202266,0.0,0.0,142.75,0.9999253857184062,1.0,1265.8675028392101,1000.0,1265.6656107600022,1000.0,0.03962846977799365,0.0
10068,1678405080000.0,0.0,0.0,0.35,143.32683451202266,0.0,0.0,142.35,0.9999253857184062,1.0,1265.8675028392101,1000.0,1265.525610760002,1000.0,0.03962846977799365,0.0
10069,1678408680000.0,0.0,0.0,0.35,143.32683451202266,0.0,0.0,141.55,0.9999253857184062,1.0,1265.8675028392101,1000.0,1265.2456107600021,1000.0,0.03962846977799365,0.0
10070,1678412280000.0,0.0,0.0,0.35,143.32683451202266,0.0,0.0,138.95,0.9999253857184062,1.0,1265.8675028392101,1000.0,1264.3356107600023,1000.0,0.03962846977799365,0.0
10071,1678415880000.0,0.0,0.0,0.35,143.32683451202266,0.0,0.0,138.5,0.9999253857184062,1.0,1265.8675028392101,1000.0,1264.1781107600023,1000.0,0.03962846977799365,0.0
10072,1678419480000.0,0.0,0.0,0.35,143.32683451202266,0.0,0.0,138.5,0.9999253857184062,1.0,1265.8675028392101,1000.0,1264.1781107600023,1000.0,0.03962846977799365,0.0
10073,1678423080000.0,0.0,0.0,0.35,143.32683451202266,0.0,0.0,138.4,0.9999253857184062,1.0,1265.8675028392101,1000.0,1264.1431107600022,1000.0,0.03962846977799365,0.0
10074,1678426680000.0,0.0,0.0,0.35,143.32683451202266,0.0,0.0,138.85,0.9999253857184062,1.0,1265.8675028392101,1000.0,1264.3006107600022,1000.0,0.03962846977799365,0.0
10075,1678430280000.0,0.0,0.0,0.35,143.32683451202266,0.0,0.0,139.3,0.9999253857184062,1.0,1265.8675028392101,1000.0,1264.4581107600022,1000.0,0.03962846977799365,0.0
10076,1678433880000.0,0.0,0.0,0.72,140.27082233223325,0.0,0.0,138.55,0.9999253857184062,1.0,1265.8573367192103,1000.0,1264.6183446400023,1000.0,0.07978386596151665,0.0
10077,1678437480000.0,0.0,0.0,0.72,140.27082233223325,0.0,0.0,138.05,0.9999253857184062,1.0,1265.8573367192103,1000.0,1264.2583446400024,1000.0,0.07978386596151665,0.0
10078,1678441080000.0,0.0,0.0,0.72,140.27082233223325,0.0,0.0,135.5,0.9999253857184062,1.0,1265.8573367192103,1000.0,1262.4223446400024,1000.0,0.07978386596151665,0.0
10079,1678444680000.0,0.0,0.0,0.72,140.27082233223325,0.0,0.0,133.65,0.9999253857184062,1.0,1265.8573367192103,1000.0,1261.0903446400023,1000.0,0.07978386596151665,0.0
10080,1678448280000.0,0.0,0.0,0.72,140.27082233223325,0.0,0.0,134.6,0.9999253857184062,1.0,1265.8573367192103,1000.0,1261.7743446400023,1000.0,0.07978386596151665,0.0
10081,1678451880000.0,0.0,0.0,0.72,140.27082233223325,0.0,0.0,135.15,0.9999253857184062,1.0,1265.8573367192103,1000.0,1262.1703446400022,1000.0,0.07978386596151665,0.0
10082,1678455480000.0,0.0,0.0,0.72,140.27082233223325,0.0,0.0,136.05,0.9999253857184062,1.0,1265.8573367192103,1000.0,1262.8183446400024,1000.0,0.07978386596151665,0.0
10083,1678459080000.0,0.0,0.0,0.72,140.27082233223325,0.0,0.0,135.25,0.9999253857184062,1.0,1265.8573367192103,1000.0,1262.2423446400023,1000.0,0.07978386596151665,0.0
10084,1678462680000.0,0.0,0.0,0.72,140.27082233223325,0.0,0.0,135.15,0.9999253857184062,1.0,1265.8573367192103,1000.0,1262.1703446400022,1000.0,0.07978386596151665,0.0
10085,1678466280000.0,0.0,0.0,0.72,140.27082233223325,0.0,0.0,136.2,0.9999253857184062,1.0,1265.8573367192103,1000.0,1262.9263446400023,1000.0,0.07978386596151665,0.0
10086,1678469880000.0,0.0,0.0,0.72,140.27082233223325,0.0,0.0,133.4,0.9999253857184062,1.0,1265.8573367192103,1000.0,1260.9103446400022,1000.0,0.07978386596151665,0.0
10087,1678473480000.0,0.0,0.0,1.1,137.544901890189,0.0,0.0,132.45,0.9999253857184062,1.0,1265.8472758392102,1000.0,1260.2428837600023,1000.0,0.11952420719861485,0.0
10088,1678477080000.0,0.0,0.0,1.1,137.544901890189,0.0,0.0,133.0,0.9999253857184062,1.0,1265.8472758392102,1000.0,1260.8478837600023,1000.0,0.11952420719861485,0.0
10089,1678480680000.0,0.0,0.0,1.1,137.544901890189,0.0,0.0,133.05,0.9999253857184062,1.0,1265.8472758392102,1000.0,1260.9028837600022,1000.0,0.11952420719861485,0.0
10090,1678484280000.0,0.0,0.0,1.1,137.544901890189,0.0,0.0,132.35,0.9999253857184062,1.0,1265.8472758392102,1000.0,1260.1328837600022,1000.0,0.11952420719861485,0.0
10091,1678487880000.0,0.0,0.0,1.1,137.544901890189,0.0,0.0,134.45,0.9999253857184062,1.0,1265.8472758392102,1000.0,1262.4428837600021,1000.0,0.11952420719861485,0.0
10092,1678491480000.0,0.0,0.0,1.1,137.544901890189,0.0,0.0,135.2,0.9999253857184062,1.0,1265.8472758392102,1000.0,1263.2678837600022,1000.0,0.11952420719861485,0.0
10093,1678495080000.0,0.0,0.0,1.1,137.544901890189,0.0,0.0,135.3,0.9999253857184062,1.0,1265.8472758392102,1000.0,1263.3778837600023,1000.0,0.11952420719861485,0.0
10094,1678498680000.0,0.0,0.0,1.1,137.544901890189,0.0,0.0,136.35,0.9999253857184062,1.0,1265.8472758392102,1000.0,1264.5328837600023,1000.0,0.11952420719861485,0.0
10095,1678502280000.0,0.0,0.0,1.1,137.544901890189,0.0,0.0,137.75,0.9999253857184062,1.0,1265.8472758392102,1000.0,1266.0728837600022,1000.0,0.11952420719861485,0.0
10096,1678505880000.0,0.0,0.0,1.1,137.544901890189,0.0,0.0,136.6,0.9999253857184062,1.0,1265.8472758392102,1000.0,1264.8078837600021,1000.0,0.11952420719861485,0.0
10097,1678509480000.0,0.0,0.0,1.1,137.544901890189,0.0,0.0,136.45,0.9999253857184062,1.0,1265.8472758392102,1000.0,1264.6428837600022,1000.0,0.11952420719861485,0.0
10098,1678513080000.0,0.0,0.0,1.1,137.544901890189,0.0,0.0,137.2,0.9999253857184062,1.0,1265.8472758392102,1000.0,1265.4678837600022,1000.0,0.11952420719861485,0.0
10099,1678516680000.0,0.0,0.0,1.1,137.544901890189,0.0,0.0,136.35,0.9999253857184062,1.0,1265.8472758392102,1000.0,1264.5328837600023,1000.0,0.11952420719861485,0.0
10100,1678520280000.0,0.0,0.0,1.1,137.544901890189,0.0,0.0,134.05,0.9999253857184062,1.0,1265.8472758392102,1000.0,1262.0028837600023,1000.0,0.11952420719861485,0.0
10101,1678523880000.0,0.0,0.0,1.1,137.544901890189,0.0,0.0,133.75,0.9999253857184062,1.0,1265.8472758392102,1000.0,1261.6728837600022,1000.0,0.11952420719861485,0.0
10102,1678527480000.0,0.0,0.0,1.1,137.544901890189,0.0,0.0,134.95,0.9999253857184062,1.0,1265.8472758392102,1000.0,1262.9928837600023,1000.0,0.11952420719861485,0.0
10103,1678531080000.0,0.0,0.0,1.1,137.544901890189,0.0,0.0,136.55,0.9999253857184062,1.0,1265.8472758392102,1000.0,1264.7528837600023,1000.0,0.11952420719861485,0.0
10104,1678534680000.0,0.0,0.0,1.1,137.544901890189,0.0,0.0,135.5,0.9999253857184062,1.0,1265.8472758392102,1000.0,1263.5978837600023,1000.0,0.11952420719861485,0.0
10105,1678538280000.0,0.0,0.0,1.1,137.544901890189,0.0,0.0,136.8,0.9999253857184062,1.0,1265.8472758392102,1000.0,1265.0278837600022,1000.0,0.11952420719861485,0.0
10106,1678541880000.0,0.0,0.0,1.1,137.544901890189,0.0,0.0,137.75,0.9999253857184062,1.0,1265.8472758392102,1000.0,1266.0728837600022,1000.0,0.11952420719861485,0.0
10107,1678545480000.0,0.0,0.0,1.1,137.544901890189,0.0,0.0,136.95,0.9999253857184062,1.0,1265.8472758392102,1000.0,1265.1928837600021,1000.0,0.11952420719861485,0.0
10108,1678549080000.0,0.0,0.0,1.1,137.544901890189,0.0,0.0,138.25,0.9999253857184062,1.0,1265.8472758392102,1000.0,1266.6228837600022,1000.0,0.11952420719861485,0.0
10109,1678552680000.0,0.0,0.0,1.1,137.544901890189,0.0,0.0,139.0,0.9999253857184062,1.0,1265.8472758392102,1000.0,1267.4478837600022,1000.0,0.11952420719861485,0.0
10110,1678556280000.0,0.0,0.0,1.1,137.544901890189,0.0,0.0,139.5,0.9999253857184062,1.0,1265.8472758392102,1000.0,1267.9978837600022,1000.0,0.11952420719861485,0.0
10111,1678559880000.0,0.0,0.0,1.1,137.544901890189,0.0,0.0,139.85,0.9999253857184062,1.0,1265.8472758392102,1000.0,1268.3828837600022,1000.0,0.11952420719861485,0.0
10112,1678563480000.0,0.0,0.0,1.1,137.544901890189,0.0,0.0,140.3,0.9999253857184062,1.0,1265.8472758392102,1000.0,1268.8778837600023,1000.0,0.11952420719861485,0.0
10113,1678567080000.0,0.0,0.0,0.04,137.544901890189,0.0,0.0,141.75,0.9999253857184062,1.0,1270.20044367561,1000.0,1270.3686476000023,1000.0,0.004331439264567472,0.0
10114,1678570680000.0,0.0,0.0,0.02,137.544901890189,0.0,0.0,140.3,0.9999253857184062,1.0,1270.2825789178062,1000.0,1270.3376808800024,1000.0,0.0021655795989482573,0.0
10115,1678574280000.0,0.0,0.0,0.02,137.544901890189,0.0,0.0,139.8,0.9999253857184062,1.0,1270.2825789178062,1000.0,1270.3276808800024,1000.0,0.0021655795989482573,0.0
10116,1678577880000.0,0.0,0.0,0.02,137.544901890189,0.0,0.0,139.9,0.9999253857184062,1.0,1270.2825789178062,1000.0,1270.3296808800023,1000.0,0.0021655795989482573,0.0
10117,1678581480000.0,0.0,0.0,0.02,137.544901890189,0.0,0.0,140.4,0.9999253857184062,1.0,1270.2825789178062,1000.0,1270.3396808800023,1000.0,0.0021655795989482573,0.0
10118,1678585080000.0,0.0,0.0,0.02,137.544901890189,0.0,0.0,140.35,0.9999253857184062,1.0,1270.2825789178062,1000.0,1270.3386808800024,1000.0,0.0021655795989482573,0.0
10119,1678588680000.0,0.0,0.0,0.02,137.544901890189,0.0,0.0,139.25,0.9999253857184062,1.0,1270.2825789178062,1000.0,1270.3166808800024,1000.0,0.0021655795989482573,0.0
10120,1678592280000.0,0.0,0.0,0.02,137.544901890189,0.0,0.0,140.25,0.9999253857184062,1.0,1270.2825789178062,1000.0,1270.3366808800024,1000.0,0.0021655795989482573,0.0
10121,1678595880000.0,0.0,0.0,0.02,137.544901890189,0.0,0.0,140.65,0.9999253857184062,1.0,1270.2825789178062,1000.0,1270.3446808800024,1000.0,0.0021655795989482573,0.0
10122,1678599480000.0,0.0,0.0,0.02,137.544901890189,0.0,0.0,140.9,0.9999253857184062,1.0,1270.2825789178062,1000.0,1270.3496808800023,1000.0,0.0021655795989482573,0.0
10123,1678603080000.0,0.0,0.0,0.01,137.544901890189,0.0,0.0,141.5,0.9999253857184062,1.0,1270.3236465389043,1000.0,1270.3631975200024,1000.0,0.0010827547945355565,0.0
10124,1678606680000.0,0.0,0.0,0.01,137.544901890189,0.0,0.0,141.5,0.9999253857184062,1.0,1270.3236465389043,1000.0,1270.3631975200024,1000.0,0.0010827547945355565,0.0
10125,1678610280000.0,0.0,0.0,0.0,137.544901890189,0.0,0.0,141.75,0.9999253857184062,1.0,1270.3647141600024,1000.0,1270.3647141600024,1000.0,0.0,0.0
10126,1678613880000.0,0.0,0.0,0.0,137.544901890189,0.0,0.0,142.4,0.9999253857184062,1.0,1270.3647141600024,1000.0,1270.3647141600024,1000.0,0.0,0.0
10127,1678617480000.0,0.0,0.0,0.0,137.544901890189,0.0,0.0,142.0,0.9999253857184062,1.0,1270.3647141600024,1000.0,1270.3647141600024,1000.0,0.0,0.0
10128,1678621080000.0,0.0,0.0,0.0,137.544901890189,0.0,0.0,141.45,0.9999253857184062,1.0,1270.3647141600024,1000.0,1270.3647141600024,1000.0,0.0,0.0
10129,1678624680000.0,0.0,0.0,0.0,137.544901890189,0.0,0.0,141.85,0.9999253857184062,1.0,1270.3647141600024,1000.0,1270.3647141600024,1000.0,0.0,0.0
10130,1678628280000.0,0.0,0.0,0.0,137.544901890189,0.0,0.0,142.95,0.9999253857184062,1.0,1270.3647141600024,1000.0,1270.3647141600024,1000.0,0.0,0.0
10131,1678631880000.0,0.0,0.0,0.0,137.544901890189,0.0,0.0,143.9,0.9999253857184062,1.0,1270.3647141600024,1000.0,1270.3647141600024,1000.0,0.0,0.0
10132,1678635480000.0,0.0,0.0,0.0,137.544901890189,0.0,0.0,144.05,0.9999253857184062,1.0,1270.3647141600024,1000.0,1270.3647141600024,1000.0,0.0,0.0
10133,1678639080000.0,0.0,0.0,0.0,137.544901890189,0.0,0.0,144.65,0.9999253857184062,1.0,1270.3647141600024,1000.0,1270.3647141600024,1000.0,0.0,0.0
10134,1678642680000.0,0.0,0.0,0.0,137.544901890189,0.0,0.0,145.6,0.9999253857184062,1.0,1270.3647141600024,1000.0,1270.3647141600024,1000.0,0.0,0.0
10135,1678646280000.0,0.0,0.0,0.0,137.544901890189,0.0,0.0,147.6,0.9999253857184062,1.0,1270.3647141600024,1000.0,1270.3647141600024,1000.0,0.0,0.0
10136,1678649880000.0,0.0,0.0,0.0,137.544901890189,0.0,0.0,146.15,0.9999253857184062,1.0,1270.3647141600024,1000.0,1270.3647141600024,1000.0,0.0,0.0
10137,1678653480000.0,0.0,0.0,0.0,137.544901890189,0.0,0.0,147.8,0.9999253857184062,1.0,1270.3647141600024,1000.0,1270.3647141600024,1000.0,0.0,0.0
10138,1678657080000.0,0.0,0.0,0.0,137.544901890189,0.0,0.0,147.0,0.9999253857184062,1.0,1270.3647141600024,1000.0,1270.3647141600024,1000.0,0.0,0.0
10139,1678660680000.0,0.0,0.0,0.0,137.544901890189,0.0,0.0,148.45,0.9999253857184062,1.0,1270.3647141600024,1000.0,1270.3647141600024,1000.0,0.0,0.0
10140,1678664280000.0,0.0,0.0,0.0,137.544901890189,0.0,0.0,149.7,0.9999253857184062,1.0,1270.3647141600024,1000.0,1270.3647141600024,1000.0,0.0,0.0
10141,1678667880000.0,0.0,0.0,0.0,137.544901890189,0.0,0.0,149.8,0.9999253857184062,1.0,1270.3647141600024,1000.0,1270.3647141600024,1000.0,0.0,0.0
10142,1678671480000.0,0.0,0.0,0.0,137.544901890189,0.0,0.0,149.8,0.9999253857184062,1.0,1270.3647141600024,1000.0,1270.3647141600024,1000.0,0.0,0.0
10143,1678675080000.0,0.0,0.0,0.0,137.544901890189,0.0,0.0,149.9,0.9999253857184062,1.0,1270.3647141600024,1000.0,1270.3647141600024,1000.0,0.0,0.0
10144,1678678680000.0,0.0,0.0,0.0,137.544901890189,0.0,0.0,149.35,0.9999253857184062,1.0,1270.3647141600024,1000.0,1270.3647141600024,1000.0,0.0,0.0
10145,1678682280000.0,0.0,0.0,0.0,137.544901890189,0.0,0.0,149.7,0.9999253857184062,1.0,1270.3647141600024,1000.0,1270.3647141600024,1000.0,0.0,0.0
10146,1678685880000.0,0.0,0.0,0.0,137.544901890189,0.0,0.0,150.45,0.9999253857184062,1.0,1270.3647141600024,1000.0,1270.3647141600024,1000.0,0.0,0.0
10147,1678689480000.0,0.0,0.0,0.0,137.544901890189,0.0,0.0,150.85,0.9999253857184062,1.0,1270.3647141600024,1000.0,1270.3647141600024,1000.0,0.0,0.0
10148,1678693080000.0,0.0,0.0,0.0,137.544901890189,0.0,0.0,149.8,0.9999253857184062,1.0,1270.3647141600024,1000.0,1270.3647141600024,1000.0,0.0,0.0
10149,1678696680000.0,0.0,0.0,0.0,137.544901890189,0.0,0.0,148.8,0.9999253857184062,1.0,1270.3647141600024,1000.0,1270.3647141600024,1000.0,0.0,0.0
10150,1678700280000.0,0.0,0.0,0.0,137.544901890189,0.0,0.0,145.6,0.9999253857184062,1.0,1270.3647141600024,1000.0,1270.3647141600024,1000.0,0.0,0.0
10151,1678703880000.0,0.0,0.0,0.0,137.544901890189,0.0,0.0,147.15,0.9999253857184062,1.0,1270.3647141600024,1000.0,1270.3647141600024,1000.0,0.0,0.0
10152,1678707480000.0,0.0,0.0,0.0,137.544901890189,0.0,0.0,147.75,0.9999253857184062,1.0,1270.3647141600024,1000.0,1270.3647141600024,1000.0,0.0,0.0
10153,1678711080000.0,0.0,0.0,0.0,137.544901890189,0.0,0.0,146.5,0.9999253857184062,1.0,1270.3647141600024,1000.0,1270.3647141600024,1000.0,0.0,0.0
10154,1678714680000.0,0.0,0.0,0.0,137.544901890189,0.0,0.0,147.95,0.9999253857184062,1.0,1270.3647141600024,1000.0,1270.3647141600024,1000.0,0.0,0.0
10155,1678718280000.0,0.0,0.0,0.0,137.544901890189,0.0,0.0,151.15,0.9999253857184062,1.0,1270.3647141600024,1000.0,1270.3647141600024,1000.0,0.0,0.0
10156,1678721880000.0,0.0,0.0,0.0,137.544901890189,0.0,0.0,152.6,0.9999253857184062,1.0,1270.3647141600024,1000.0,1270.3647141600024,1000.0,0.0,0.0
10157,1678725480000.0,0.0,0.0,0.0,137.544901890189,0.0,0.0,151.8,0.9999253857184062,1.0,1270.3647141600024,1000.0,1270.3647141600024,1000.0,0.0,0.0
10158,1678729080000.0,0.0,0.0,0.0,137.544901890189,0.0,0.0,152.0,0.9999253857184062,1.0,1270.3647141600024,1000.0,1270.3647141600024,1000.0,0.0,0.0
10159,1678732680000.0,0.0,0.0,0.0,137.544901890189,0.0,0.0,151.9,0.9999253857184062,1.0,1270.3647141600024,1000.0,1270.3647141600024,1000.0,0.0,0.0
10160,1678736280000.0,0.0,0.0,0.0,137.544901890189,0.0,0.0,152.0,0.9999253857184062,1.0,1270.3647141600024,1000.0,1270.3647141600024,1000.0,0.0,0.0
10161,1678739880000.0,0.0,0.0,0.0,137.544901890189,0.0,0.0,151.1,0.9999253857184062,1.0,1270.3647141600024,1000.0,1270.3647141600024,1000.0,0.0,0.0
10162,1678743480000.0,0.0,0.0,0.0,137.544901890189,0.0,0.0,150.75,0.9999253857184062,1.0,1270.3647141600024,1000.0,1270.3647141600024,1000.0,0.0,0.0
10163,1678747080000.0,0.0,0.0,0.0,137.544901890189,0.0,0.0,152.45,0.9999253857184062,1.0,1270.3647141600024,1000.0,1270.3647141600024,1000.0,0.0,0.0
10164,1678750680000.0,0.0,0.0,0.0,137.544901890189,0.0,0.0,152.45,0.9999253857184062,1.0,1270.3647141600024,1000.0,1270.3647141600024,1000.0,0.0,0.0
10165,1678754280000.0,0.0,0.0,0.0,137.544901890189,0.0,0.0,151.05,0.9999253857184062,1.0,1270.3647141600024,1000.0,1270.3647141600024,1000.0,0.0,0.0
10166,1678757880000.0,0.0,0.0,0.0,137.544901890189,0.0,0.0,151.2,0.9999253857184062,1.0,1270.3647141600024,1000.0,1270.3647141600024,1000.0,0.0,0.0
10167,1678761480000.0,0.0,0.0,0.0,137.544901890189,0.0,0.0,151.5,0.9999253857184062,1.0,1270.3647141600024,1000.0,1270.3647141600024,1000.0,0.0,0.0
10168,1678765080000.0,0.0,0.0,0.0,137.544901890189,0.0,0.0,151.95,0.9999253857184062,1.0,1270.3647141600024,1000.0,1270.3647141600024,1000.0,0.0,0.0
10169,1678768680000.0,0.0,0.0,0.0,137.544901890189,0.0,0.0,151.95,0.9999253857184062,1.0,1270.3647141600024,1000.0,1270.3647141600024,1000.0,0.0,0.0
10170,1678772280000.0,0.0,0.0,0.0,137.544901890189,0.0,0.0,151.5,0.9999253857184062,1.0,1270.3647141600024,1000.0,1270.3647141600024,1000.0,0.0,0.0
10171,1678775880000.0,0.0,0.0,0.0,137.544901890189,0.0,0.0,151.95,0.9999253857184062,1.0,1270.3647141600024,1000.0,1270.3647141600024,1000.0,0.0,0.0
10172,1678779480000.0,0.0,0.0,0.0,137.544901890189,0.0,0.0,152.55,0.9999253857184062,1.0,1270.3647141600024,1000.0,1270.3647141600024,1000.0,0.0,0.0
10173,1678783080000.0,0.0,0.0,0.0,137.544901890189,0.0,0.0,151.45,0.9999253857184062,1.0,1270.3647141600024,1000.0,1270.3647141600024,1000.0,0.0,0.0
10174,1678786680000.0,0.0,0.0,0.0,137.544901890189,0.0,0.0,151.2,0.9999253857184062,1.0,1270.3647141600024,1000.0,1270.3647141600024,1000.0,0.0,0.0
10175,1678790280000.0,0.0,0.0,0.0,137.544901890189,0.0,0.0,152.65,0.9999253857184062,1.0,1270.3647141600024,1000.0,1270.3647141600024,1000.0,0.0,0.0
10176,1678793880000.0,0.0,0.0,0.0,137.544901890189,0.0,0.0,152.45,0.9999253857184062,1.0,1270.3647141600024,1000.0,1270.3647141600024,1000.0,0.0,0.0
10177,1678797480000.0,0.0,0.0,0.0,137.544901890189,0.0,0.0,153.15,0.9999253857184062,1.0,1270.3647141600024,1000.0,1270.3647141600024,1000.0,0.0,0.0
10178,1678801080000.0,0.0,0.0,0.0,137.544901890189,0.0,0.0,155.9,0.9999253857184062,1.0,1270.3647141600024,1000.0,1270.3647141600024,1000.0,0.0,0.0
10179,1678804680000.0,0.0,0.0,0.0,137.544901890189,0.0,0.0,154.4,0.9999253857184062,1.0,1270.3647141600024,1000.0,1270.3647141600024,1000.0,0.0,0.0
10180,1678808280000.0,0.0,0.0,0.0,137.544901890189,0.0,0.0,154.85,0.9999253857184062,1.0,1270.3647141600024,1000.0,1270.3647141600024,1000.0,0.0,0.0
10181,1678811880000.0,0.0,0.0,0.0,137.544901890189,0.0,0.0,155.75,0.9999253857184062,1.0,1270.3647141600024,1000.0,1270.3647141600024,1000.0,0.0,0.0
10182,1678815480000.0,0.0,0.0,0.0,137.544901890189,0.0,0.0,155.15,0.9999253857184062,1.0,1270.3647141600024,1000.0,1270.3647141600024,1000.0,0.0,0.0
10183,1678819080000.0,0.0,0.0,0.0,137.544901890189,0.0,0.0,154.1,0.9999253857184062,1.0,1270.3647141600024,1000.0,1270.3647141600024,1000.0,0.0,0.0
10184,1678822680000.0,0.0,0.0,0.34,147.76,0.0,0.0,149.25,0.9999253857184062,1.0,1270.3546664800024,1000.0,1270.8612664800023,1000.0,0.03954675125428119,0.0
10185,1678826280000.0,0.0,0.0,0.34,147.76,0.0,0.0,149.9,0.9999253857184062,1.0,1270.3546664800024,1000.0,1271.0822664800023,1000.0,0.03954675125428119,0.0
10186,1678829880000.0,0.0,0.0,0.34,147.76,0.0,0.0,148.75,0.9999253857184062,1.0,1270.3546664800024,1000.0,1270.6912664800025,1000.0,0.03954675125428119,0.0
10187,1678833480000.0,0.0,0.0,0.34,147.76,0.0,0.0,149.9,0.9999253857184062,1.0,1270.3546664800024,1000.0,1271.0822664800023,1000.0,0.03954675125428119,0.0
10188,1678837080000.0,0.0,0.0,0.34,147.76,0.0,0.0,150.3,0.9999253857184062,1.0,1270.3546664800024,1000.0,1271.2182664800023,1000.0,0.03954675125428119,0.0
10189,1678840680000.0,0.0,0.0,0.34,147.76,0.0,0.0,149.7,0.9999253857184062,1.0,1270.3546664800024,1000.0,1271.0142664800023,1000.0,0.03954675125428119,0.0
10190,1678844280000.0,0.0,0.0,0.34,147.76,0.0,0.0,150.65,0.9999253857184062,1.0,1270.3546664800024,1000.0,1271.3372664800024,1000.0,0.03954675125428119,0.0
10191,1678847880000.0,0.0,0.0,0.34,147.76,0.0,0.0,151.2,0.9999253857184062,1.0,1270.3546664800024,1000.0,1271.5242664800023,1000.0,0.03954675125428119,0.0
10192,1678851480000.0,0.0,0.0,0.34,147.76,0.0,0.0,151.15,0.9999253857184062,1.0,1270.3546664800024,1000.0,1271.5072664800023,1000.0,0.03954675125428119,0.0
10193,1678855080000.0,0.0,0.0,0.34,147.76,0.0,0.0,151.7,0.9999253857184062,1.0,1270.3546664800024,1000.0,1271.6942664800024,1000.0,0.03954675125428119,0.0
10194,1678858680000.0,0.0,0.0,0.34,147.76,0.0,0.0,150.6,0.9999253857184062,1.0,1270.3546664800024,1000.0,1271.3202664800024,1000.0,0.03954675125428119,0.0
10195,1678862280000.0,0.0,0.0,0.34,147.76,0.0,0.0,149.15,0.9999253857184062,1.0,1270.3546664800024,1000.0,1270.8272664800024,1000.0,0.03954675125428119,0.0
10196,1678865880000.0,0.0,0.0,0.34,147.76,0.0,0.0,148.8,0.9999253857184062,1.0,1270.3546664800024,1000.0,1270.7082664800023,1000.0,0.03954675125428119,0.0
10197,1678869480000.0,0.0,0.0,0.34,147.76,0.0,0.0,149.25,0.9999253857184062,1.0,1270.3546664800024,1000.0,1270.8612664800023,1000.0,0.03954675125428119,0.0
10198,1678873080000.0,0.0,0.0,0.34,147.76,0.0,0.0,148.2,0.9999253857184062,1.0,1270.3546664800024,1000.0,1270.5042664800023,1000.0,0.03954675125428119,0.0
10199,1678876680000.0,0.0,0.0,0.34,147.76,0.0,0.0,146.95,0.9999253857184062,1.0,1270.3546664800024,1000.0,1270.0792664800024,1000.0,0.03954675125428119,0.0
10200,1678880280000.0,0.0,0.0,0.34,147.76,0.0,0.0,147.95,0.9999253857184062,1.0,1270.3546664800024,1000.0,1270.4192664800023,1000.0,0.03954675125428119,0.0
10201,1678883880000.0,0.0,0.0,0.34,147.76,0.0,0.0,148.8,0.9999253857184062,1.0,1270.3546664800024,1000.0,1270.7082664800023,1000.0,0.03954675125428119,0.0
10202,1678887480000.0,0.0,0.0,0.34,147.76,0.0,0.0,150.15,0.9999253857184062,1.0,1270.3546664800024,1000.0,1271.1672664800024,1000.0,0.03954675125428119,0.0
10203,1678891080000.0,0.0,0.0,0.34,147.76,0.0,0.0,147.9,0.9999253857184062,1.0,1270.3546664800024,1000.0,1270.4022664800025,1000.0,0.03954675125428119,0.0
10204,1678894680000.0,0.0,0.0,0.34,147.76,0.0,0.0,147.05,0.9999253857184062,1.0,1270.3546664800024,1000.0,1270.1132664800025,1000.0,0.03954675125428119,0.0
10205,1678898280000.0,0.0,0.0,0.34,147.76,0.0,0.0,143.65,0.9999253857184062,1.0,1270.3546664800024,1000.0,1268.9572664800023,1000.0,0.03954675125428119,0.0
10206,1678901880000.0,0.0,0.0,0.34,147.76,0.0,0.0,143.2,0.9999253857184062,1.0,1270.3546664800024,1000.0,1268.8042664800023,1000.0,0.03954675125428119,0.0
10207,1678905480000.0,0.0,0.0,0.34,147.76,0.0,0.0,145.0,0.9999253857184062,1.0,1270.3546664800024,1000.0,1269.4162664800024,1000.0,0.03954675125428119,0.0
10208,1678909080000.0,0.0,0.0,0.34,147.76,0.0,0.0,145.4,0.9999253857184062,1.0,1270.3546664800024,1000.0,1269.5522664800023,1000.0,0.03954675125428119,0.0
10209,1678912680000.0,0.0,0.0,0.34,147.76,0.0,0.0,146.1,0.9999253857184062,1.0,1270.3546664800024,1000.0,1269.7902664800024,1000.0,0.03954675125428119,0.0
10210,1678916280000.0,0.0,0.0,0.34,147.76,0.0,0.0,145.8,0.9999253857184062,1.0,1270.3546664800024,1000.0,1269.6882664800023,1000.0,0.03954675125428119,0.0
10211,1678919880000.0,0.0,0.0,0.34,147.76,0.0,0.0,145.4,0.9999253857184062,1.0,1270.3546664800024,1000.0,1269.5522664800023,1000.0,0.03954675125428119,0.0
10212,1678923480000.0,0.0,0.0,0.34,147.76,0.0,0.0,145.9,0.9999253857184062,1.0,1270.3546664800024,1000.0,1269.7222664800024,1000.0,0.03954675125428119,0.0
10213,1678927080000.0,0.0,0.0,0.34,147.76,0.0,0.0,145.65,0.9999253857184062,1.0,1270.3546664800024,1000.0,1269.6372664800024,1000.0,0.03954675125428119,0.0
10214,1678930680000.0,0.0,0.0,0.34,147.76,0.0,0.0,144.95,0.9999253857184062,1.0,1270.3546664800024,1000.0,1269.3992664800023,1000.0,0.03954675125428119,0.0
10215,1678934280000.0,0.0,0.0,0.34,147.76,0.0,0.0,146.2,0.9999253857184062,1.0,1270.3546664800024,1000.0,1269.8242664800023,1000.0,0.03954675125428119,0.0
10216,1678937880000.0,0.0,0.0,0.34,147.76,0.0,0.0,146.25,0.9999253857184062,1.0,1270.3546664800024,1000.0,1269.8412664800023,1000.0,0.03954675125428119,0.0
10217,1678941480000.0,0.0,0.0,0.34,147.76,0.0,0.0,144.45,0.9999253857184062,1.0,1270.3546664800024,1000.0,1269.2292664800025,1000.0,0.03954675125428119,0.0
10218,1678945080000.0,0.0,0.0,0.34,147.76,0.0,0.0,146.1,0.9999253857184062,1.0,1270.3546664800024,1000.0,1269.7902664800024,1000.0,0.03954675125428119,0.0
10219,1678948680000.0,0.0,0.0,0.34,147.76,0.0,0.0,146.5,0.9999253857184062,1.0,1270.3546664800024,1000.0,1269.9262664800024,1000.0,0.03954675125428119,0.0
10220,1678952280000.0,0.0,0.0,0.34,147.76,0.0,0.0,147.8,0.9999253857184062,1.0,1270.3546664800024,1000.0,1270.3682664800024,1000.0,0.03954675125428119,0.0
10221,1678955880000.0,0.0,0.0,0.34,147.76,0.0,0.0,147.55,0.9999253857184062,1.0,1270.3546664800024,1000.0,1270.2832664800023,1000.0,0.03954675125428119,0.0
10222,1678959480000.0,0.0,0.0,0.34,147.76,0.0,0.0,147.6,0.9999253857184062,1.0,1270.3546664800024,1000.0,1270.3002664800024,1000.0,0.03954675125428119,0.0
10223,1678963080000.0,0.0,0.0,0.34,147.76,0.0,0.0,148.65,0.9999253857184062,1.0,1270.3546664800024,1000.0,1270.6572664800024,1000.0,0.03954675125428119,0.0
10224,1678966680000.0,0.0,0.0,0.34,147.76,0.0,0.0,148.2,0.9999253857184062,1.0,1270.3546664800024,1000.0,1270.5042664800023,1000.0,0.03954675125428119,0.0
10225,1678970280000.0,0.0,0.0,0.34,147.76,0.0,0.0,146.25,0.9999253857184062,1.0,1270.3546664800024,1000.0,1269.8412664800023,1000.0,0.03954675125428119,0.0
10226,1678973880000.0,0.0,0.0,0.34,147.76,0.0,0.0,146.45,0.9999253857184062,1.0,1270.3546664800024,1000.0,1269.9092664800023,1000.0,0.03954675125428119,0.0
10227,1678977480000.0,0.0,0.0,0.34,147.76,0.0,0.0,147.05,0.9999253857184062,1.0,1270.3546664800024,1000.0,1270.1132664800025,1000.0,0.03954675125428119,0.0
10228,1678981080000.0,0.0,0.0,0.34,147.76,0.0,0.0,148.45,0.9999253857184062,1.0,1270.3546664800024,1000.0,1270.5892664800024,1000.0,0.03954675125428119,0.0
10229,1678984680000.0,0.0,0.0,0.34,147.76,0.0,0.0,149.4,0.9999253857184062,1.0,1270.3546664800024,1000.0,1270.9122664800025,1000.0,0.03954675125428119,0.0
10230,1678988280000.0,0.0,0.0,0.34,147.76,0.0,0.0,148.35,0.9999253857184062,1.0,1270.3546664800024,1000.0,1270.5552664800023,1000.0,0.03954675125428119,0.0
10231,1678991880000.0,0.0,0.0,0.34,147.76,0.0,0.0,148.05,0.9999253857184062,1.0,1270.3546664800024,1000.0,1270.4532664800024,1000.0,0.03954675125428119,0.0
10232,1678995480000.0,0.0,0.0,0.34,147.76,0.0,0.0,148.1,0.9999253857184062,1.0,1270.3546664800024,1000.0,1270.4702664800025,1000.0,0.03954675125428119,0.0
10233,1678999080000.0,0.0,0.0,0.34,147.76,0.0,0.0,147.75,0.9999253857184062,1.0,1270.3546664800024,1000.0,1270.3512664800023,1000.0,0.03954675125428119,0.0
10234,1679002680000.0,0.0,0.0,0.34,147.76,0.0,0.0,147.65,0.9999253857184062,1.0,1270.3546664800024,1000.0,1270.3172664800024,1000.0,0.03954675125428119,0.0
10235,1679006280000.0,0.0,0.0,0.34,147.76,0.0,0.0,148.05,0.9999253857184062,1.0,1270.3546664800024,1000.0,1270.4532664800024,1000.0,0.03954675125428119,0.0
10236,1679009880000.0,0.0,0.0,0.34,147.76,0.0,0.0,148.95,0.9999253857184062,1.0,1270.3546664800024,1000.0,1270.7592664800025,1000.0,0.03954675125428119,0.0
10237,1679013480000.0,0.0,0.0,0.34,147.76,0.0,0.0,149.1,0.9999253857184062,1.0,1270.3546664800024,1000.0,1270.8102664800024,1000.0,0.03954675125428119,0.0
10238,1679017080000.0,0.0,0.0,0.34,147.76,0.0,0.0,150.55,0.9999253857184062,1.0,1270.3546664800024,1000.0,1271.3032664800023,1000.0,0.03954675125428119,0.0
10239,1679020680000.0,0.0,0.0,0.34,147.76,0.0,0.0,150.3,0.9999253857184062,1.0,1270.3546664800024,1000.0,1271.2182664800023,1000.0,0.03954675125428119,0.0
10240,1679024280000.0,0.0,0.0,0.34,147.76,0.0,0.0,149.4,0.9999253857184062,1.0,1270.3546664800024,1000.0,1270.9122664800025,1000.0,0.03954675125428119,0.0
10241,1679027880000.0,0.0,0.0,0.34,147.76,0.0,0.0,149.3,0.9999253857184062,1.0,1270.3546664800024,1000.0,1270.8782664800024,1000.0,0.03954675125428119,0.0
10242,1679031480000.0,0.0,0.0,0.34,147.76,0.0,0.0,149.15,0.9999253857184062,1.0,1270.3546664800024,1000.0,1270.8272664800024,1000.0,0.03954675125428119,0.0
10243,1679035080000.0,0.0,0.0,0.34,147.76,0.0,0.0,149.85,0.9999253857184062,1.0,1270.3546664800024,1000.0,1271.0652664800025,1000.0,0.03954675125428119,0.0
10244,1679038680000.0,0.0,0.0,0.34,147.76,0.0,0.0,149.55,0.9999253857184062,1.0,1270.3546664800024,1000.0,1270.9632664800024,1000.0,0.03954675125428119,0.0
10245,1679042280000.0,0.0,0.0,0.34,147.76,0.0,0.0,149.7,0.9999253857184062,1.0,1270.3546664800024,1000.0,1271.0142664800023,1000.0,0.03954675125428119,0.0
10246,1679045880000.0,0.0,0.0,0.34,147.76,0.0,0.0,150.6,0.9999253857184062,1.0,1270.3546664800024,1000.0,1271.3202664800024,1000.0,0.03954675125428119,0.0
10247,1679049480000.0,0.0,0.0,0.11,147.76,0.0,0.0,152.6,0.9999253857184062,1.0,1271.3688652800022,1000.0,1271.9012652800022,1000.0,0.012784330687868746,0.0
10248,1679053080000.0,0.0,0.0,0.04,147.76,0.0,0.0,153.05,0.9999253857184062,1.0,1271.6775344800021,1000.0,1271.8891344800022,1000.0,0.004647719126702041,0.0
10249,1679056680000.0,0.0,0.0,0.04,147.76,0.0,0.0,151.6,0.9999253857184062,1.0,1271.6775344800021,1000.0,1271.8311344800022,1000.0,0.004647719126702041,0.0
10250,1679060280000.0,0.0,0.0,0.02,147.76,0.0,0.0,152.9,0.9999253857184062,1.0,1271.765725680002,1000.0,1271.868525680002,1000.0,0.0023236984142027263,0.0
10251,1679063880000.0,0.0,0.0,0.02,147.76,0.0,0.0,152.5,0.9999253857184062,1.0,1271.765725680002,1000.0,1271.8605256800022,1000.0,0.0023236984142027263,0.0
10252,1679067480000.0,0.0,0.0,0.0,147.76,0.0,0.0,151.25,0.9999253857184062,1.0,1271.853916880002,1000.0,1271.853916880002,1000.0,0.0,0.0
10253,1679071080000.0,0.0,0.0,0.0,147.76,0.0,0.0,151.3,0.9999253857184062,1.0,1271.853916880002,1000.0,1271.853916880002,1000.0,0.0,0.0
10254,1679074680000.0,0.0,0.0,0.0,147.76,0.0,0.0,150.25,0.9999253857184062,1.0,1271.853916880002,1000.0,1271.853916880002,1000.0,0.0,0.0
10255,1679078280000.0,0.0,0.0,0.0,147.76,0.0,0.0,150.15,0.9999253857184062,1.0,1271.853916880002,1000.0,1271.853916880002,1000.0,0.0,0.0
10256,1679081880000.0,0.0,0.0,0.0,147.76,0.0,0.0,151.75,0.9999253857184062,1.0,1271.853916880002,1000.0,1271.853916880002,1000.0,0.0,0.0
10257,1679085480000.0,0.0,0.0,0.0,147.76,0.0,0.0,151.7,0.9999253857184062,1.0,1271.853916880002,1000.0,1271.853916880002,1000.0,0.0,0.0
10258,1679089080000.0,0.0,0.0,0.0,147.76,0.0,0.0,152.5,0.9999253857184062,1.0,1271.853916880002,1000.0,1271.853916880002,1000.0,0.0,0.0
10259,1679092680000.0,0.0,0.0,0.0,147.76,0.0,0.0,153.3,0.9999253857184062,1.0,1271.853916880002,1000.0,1271.853916880002,1000.0,0.0,0.0
10260,1679096280000.0,0.0,0.0,0.0,147.76,0.0,0.0,153.25,0.9999253857184062,1.0,1271.853916880002,1000.0,1271.853916880002,1000.0,0.0,0.0
10261,1679099880000.0,0.0,0.0,0.0,147.76,0.0,0.0,153.3,0.9999253857184062,1.0,1271.853916880002,1000.0,1271.853916880002,1000.0,0.0,0.0
10262,1679103480000.0,0.0,0.0,0.0,147.76,0.0,0.0,152.9,0.9999253857184062,1.0,1271.853916880002,1000.0,1271.853916880002,1000.0,0.0,0.0
10263,1679107080000.0,0.0,0.0,0.0,147.76,0.0,0.0,153.5,0.9999253857184062,1.0,1271.853916880002,1000.0,1271.853916880002,1000.0,0.0,0.0
10264,1679110680000.0,0.0,0.0,0.0,147.76,0.0,0.0,153.8,0.9999253857184062,1.0,1271.853916880002,1000.0,1271.853916880002,1000.0,0.0,0.0
10265,1679114280000.0,0.0,0.0,0.0,147.76,0.0,0.0,154.2,0.9999253857184062,1.0,1271.853916880002,1000.0,1271.853916880002,1000.0,0.0,0.0
10266,1679117880000.0,0.0,0.0,0.0,147.76,0.0,0.0,154.2,0.9999253857184062,1.0,1271.853916880002,1000.0,1271.853916880002,1000.0,0.0,0.0
10267,1679121480000.0,0.0,0.0,0.0,147.76,0.0,0.0,153.4,0.9999253857184062,1.0,1271.853916880002,1000.0,1271.853916880002,1000.0,0.0,0.0
10268,1679125080000.0,0.0,0.0,0.0,147.76,0.0,0.0,152.9,0.9999253857184062,1.0,1271.853916880002,1000.0,1271.853916880002,1000.0,0.0,0.0
10269,1679128680000.0,0.0,0.0,0.0,147.76,0.0,0.0,153.0,0.9999253857184062,1.0,1271.853916880002,1000.0,1271.853916880002,1000.0,0.0,0.0
10270,1679132280000.0,0.0,0.0,0.0,147.76,0.0,0.0,153.25,0.9999253857184062,1.0,1271.853916880002,1000.0,1271.853916880002,1000.0,0.0,0.0
10271,1679135880000.0,0.0,0.0,0.0,147.76,0.0,0.0,153.3,0.9999253857184062,1.0,1271.853916880002,1000.0,1271.853916880002,1000.0,0.0,0.0
10272,1679139480000.0,0.0,0.0,0.0,147.76,0.0,0.0,153.5,0.9999253857184062,1.0,1271.853916880002,1000.0,1271.853916880002,1000.0,0.0,0.0
10273,1679143080000.0,0.0,0.0,0.0,147.76,0.0,0.0,153.1,0.9999253857184062,1.0,1271.853916880002,1000.0,1271.853916880002,1000.0,0.0,0.0
10274,1679146680000.0,0.0,0.0,0.0,147.76,0.0,0.0,151.95,0.9999253857184062,1.0,1271.853916880002,1000.0,1271.853916880002,1000.0,0.0,0.0
10275,1679150280000.0,0.0,0.0,0.0,147.76,0.0,0.0,152.65,0.9999253857184062,1.0,1271.853916880002,1000.0,1271.853916880002,1000.0,0.0,0.0
10276,1679153880000.0,0.0,0.0,0.0,147.76,0.0,0.0,148.45,0.9999253857184062,1.0,1271.853916880002,1000.0,1271.853916880002,1000.0,0.0,0.0
10277,1679157480000.0,0.0,0.0,0.35,147.29,0.0,0.0,148.25,0.9999253857184062,1.0,1271.8436065800022,1000.0,1272.1796065800022,1000.0,0.04053289235664941,0.0
10278,1679161080000.0,0.0,0.0,0.35,147.29,0.0,0.0,148.95,0.9999253857184062,1.0,1271.8436065800022,1000.0,1272.424606580002,1000.0,0.04053289235664941,0.0
10279,1679164680000.0,0.0,0.0,0.24,147.29,0.0,0.0,151.6,0.9999253857184062,1.0,1272.3264689600023,1000.0,1273.3608689600023,1000.0,0.027783435197174435,0.0
10280,1679168280000.0,0.0,0.0,0.11,147.29,0.0,0.0,152.25,0.9999253857184062,1.0,1272.8971245000023,1000.0,1273.4427245000022,1000.0,0.012728365622134743,0.0
10281,1679171880000.0,0.0,0.0,0.11,147.29,0.0,0.0,151.4,0.9999253857184062,1.0,1272.8971245000023,1000.0,1273.3492245000023,1000.0,0.012728365622134743,0.0
10282,1679175480000.0,0.0,0.0,0.03,147.29,0.0,0.0,152.55,0.9999253857184062,1.0,1273.2482971400025,1000.0,1273.4060971400024,1000.0,0.0034704150085457628,0.0
10283,1679179080000.0,0.0,0.0,0.03,147.29,0.0,0.0,152.1,0.9999253857184062,1.0,1273.2482971400025,1000.0,1273.3925971400024,1000.0,0.0034704150085457628,0.0
10284,1679182680000.0,0.0,0.0,0.0,147.29,0.0,0.0,150.1,0.9999253857184062,1.0,1273.379986880003,1000.0,1273.379986880003,1000.0,0.0,0.0
10285,1679186280000.0,0.0,0.0,0.0,147.29,0.0,0.0,150.4,0.9999253857184062,1.0,1273.379986880003,1000.0,1273.379986880003,1000.0,0.0,0.0
10286,1679189880000.0,0.0,0.0,0.0,147.29,0.0,0.0,151.8,0.9999253857184062,1.0,1273.379986880003,1000.0,1273.379986880003,1000.0,0.0,0.0
10287,1679193480000.0,0.0,0.0,0.0,147.29,0.0,0.0,153.3,0.9999253857184062,1.0,1273.379986880003,1000.0,1273.379986880003,1000.0,0.0,0.0
10288,1679197080000.0,0.0,0.0,0.0,147.29,0.0,0.0,153.25,0.9999253857184062,1.0,1273.379986880003,1000.0,1273.379986880003,1000.0,0.0,0.0
10289,1679200680000.0,0.0,0.0,0.0,147.29,0.0,0.0,152.15,0.9999253857184062,1.0,1273.379986880003,1000.0,1273.379986880003,1000.0,0.0,0.0
10290,1679204280000.0,0.0,0.0,0.0,147.29,0.0,0.0,153.15,0.9999253857184062,1.0,1273.379986880003,1000.0,1273.379986880003,1000.0,0.0,0.0
10291,1679207880000.0,0.0,0.0,0.0,147.29,0.0,0.0,153.3,0.9999253857184062,1.0,1273.379986880003,1000.0,1273.379986880003,1000.0,0.0,0.0
10292,1679211480000.0,0.0,0.0,0.0,147.29,0.0,0.0,154.5,0.9999253857184062,1.0,1273.379986880003,1000.0,1273.379986880003,1000.0,0.0,0.0
10293,1679215080000.0,0.0,0.0,0.0,147.29,0.0,0.0,154.75,0.9999253857184062,1.0,1273.379986880003,1000.0,1273.379986880003,1000.0,0.0,0.0
10294,1679218680000.0,0.0,0.0,0.0,147.29,0.0,0.0,154.65,0.9999253857184062,1.0,1273.379986880003,1000.0,1273.379986880003,1000.0,0.0,0.0
10295,1679222280000.0,0.0,0.0,0.0,147.29,0.0,0.0,155.9,0.9999253857184062,1.0,1273.379986880003,1000.0,1273.379986880003,1000.0,0.0,0.0
10296,1679225880000.0,0.0,0.0,0.0,147.29,0.0,0.0,155.65,0.9999253857184062,1.0,1273.379986880003,1000.0,1273.379986880003,1000.0,0.0,0.0
10297,1679229480000.0,0.0,0.0,0.0,147.29,0.0,0.0,155.95,0.9999253857184062,1.0,1273.379986880003,1000.0,1273.379986880003,1000.0,0.0,0.0
10298,1679233080000.0,0.0,0.0,0.0,147.29,0.0,0.0,156.65,0.9999253857184062,1.0,1273.379986880003,1000.0,1273.379986880003,1000.0,0.0,0.0
10299,1679236680000.0,0.0,0.0,0.0,147.29,0.0,0.0,157.55,0.9999253857184062,1.0,1273.379986880003,1000.0,1273.379986880003,1000.0,0.0,0.0
10300,1679240280000.0,0.0,0.0,0.0,147.29,0.0,0.0,156.15,0.9999253857184062,1.0,1273.379986880003,1000.0,1273.379986880003,1000.0,0.0,0.0
10301,1679243880000.0,0.0,0.0,0.0,147.29,0.0,0.0,155.8,0.9999253857184062,1.0,1273.379986880003,1000.0,1273.379986880003,1000.0,0.0,0.0
10302,1679247480000.0,0.0,0.0,0.0,147.29,0.0,0.0,155.15,0.9999253857184062,1.0,1273.379986880003,1000.0,1273.379986880003,1000.0,0.0,0.0
10303,1679251080000.0,0.0,0.0,0.0,147.29,0.0,0.0,154.85,0.9999253857184062,1.0,1273.379986880003,1000.0,1273.379986880003,1000.0,0.0,0.0
10304,1679254680000.0,0.0,0.0,0.0,147.29,0.0,0.0,155.05,0.9999253857184062,1.0,1273.379986880003,1000.0,1273.379986880003,1000.0,0.0,0.0
10305,1679258280000.0,0.0,0.0,0.0,147.29,0.0,0.0,153.65,0.9999253857184062,1.0,1273.379986880003,1000.0,1273.379986880003,1000.0,0.0,0.0
10306,1679261880000.0,0.0,0.0,0.0,147.29,0.0,0.0,152.8,0.9999253857184062,1.0,1273.379986880003,1000.0,1273.379986880003,1000.0,0.0,0.0
10307,1679265480000.0,0.0,0.0,0.0,147.29,0.0,0.0,153.6,0.9999253857184062,1.0,1273.379986880003,1000.0,1273.379986880003,1000.0,0.0,0.0
10308,1679269080000.0,0.0,0.0,0.0,147.29,0.0,0.0,154.35,0.9999253857184062,1.0,1273.379986880003,1000.0,1273.379986880003,1000.0,0.0,0.0
10309,1679272680000.0,0.0,0.0,0.0,147.29,0.0,0.0,153.45,0.9999253857184062,1.0,1273.379986880003,1000.0,1273.379986880003,1000.0,0.0,0.0
10310,1679276280000.0,0.0,0.0,0.0,147.29,0.0,0.0,154.2,0.9999253857184062,1.0,1273.379986880003,1000.0,1273.379986880003,1000.0,0.0,0.0
10311,1679279880000.0,0.0,0.0,0.0,147.29,0.0,0.0,153.9,0.9999253857184062,1.0,1273.379986880003,1000.0,1273.379986880003,1000.0,0.0,0.0
10312,1679283480000.0,0.0,0.0,0.0,147.29,0.0,0.0,151.75,0.9999253857184062,1.0,1273.379986880003,1000.0,1273.379986880003,1000.0,0.0,0.0
10313,1679287080000.0,0.0,0.0,0.0,147.29,0.0,0.0,152.2,0.9999253857184062,1.0,1273.379986880003,1000.0,1273.379986880003,1000.0,0.0,0.0
10314,1679290680000.0,0.0,0.0,0.0,147.29,0.0,0.0,151.35,0.9999253857184062,1.0,1273.379986880003,1000.0,1273.379986880003,1000.0,0.0,0.0
10315,1679294280000.0,0.0,0.0,0.0,147.29,0.0,0.0,152.05,0.9999253857184062,1.0,1273.379986880003,1000.0,1273.379986880003,1000.0,0.0,0.0
10316,1679297880000.0,0.0,0.0,0.0,147.29,0.0,0.0,153.95,0.9999253857184062,1.0,1273.379986880003,1000.0,1273.379986880003,1000.0,0.0,0.0
10317,1679301480000.0,0.0,0.0,0.0,147.29,0.0,0.0,154.15,0.9999253857184062,1.0,1273.379986880003,1000.0,1273.379986880003,1000.0,0.0,0.0
10318,1679305080000.0,0.0,0.0,0.0,147.29,0.0,0.0,154.65,0.9999253857184062,1.0,1273.379986880003,1000.0,1273.379986880003,1000.0,0.0,0.0
10319,1679308680000.0,0.0,0.0,0.0,147.29,0.0,0.0,153.3,0.9999253857184062,1.0,1273.379986880003,1000.0,1273.379986880003,1000.0,0.0,0.0
10320,1679312280000.0,0.0,0.0,0.0,147.29,0.0,0.0,154.4,0.9999253857184062,1.0,1273.379986880003,1000.0,1273.379986880003,1000.0,0.0,0.0
10321,1679315880000.0,0.0,0.0,0.0,147.29,0.0,0.0,153.75,0.9999253857184062,1.0,1273.379986880003,1000.0,1273.379986880003,1000.0,0.0,0.0
10322,1679319480000.0,0.0,0.0,0.0,147.29,0.0,0.0,152.3,0.9999253857184062,1.0,1273.379986880003,1000.0,1273.379986880003,1000.0,0.0,0.0
10323,1679323080000.0,0.0,0.0,0.0,147.29,0.0,0.0,153.3,0.9999253857184062,1.0,1273.379986880003,1000.0,1273.379986880003,1000.0,0.0,0.0
10324,1679326680000.0,0.0,0.0,0.0,147.29,0.0,0.0,153.3,0.9999253857184062,1.0,1273.379986880003,1000.0,1273.379986880003,1000.0,0.0,0.0
10325,1679330280000.0,0.0,0.0,0.0,147.29,0.0,0.0,151.2,0.9999253857184062,1.0,1273.379986880003,1000.0,1273.379986880003,1000.0,0.0,0.0
10326,1679333880000.0,0.0,0.0,0.0,147.29,0.0,0.0,151.65,0.9999253857184062,1.0,1273.379986880003,1000.0,1273.379986880003,1000.0,0.0,0.0
10327,1679337480000.0,0.0,0.0,0.0,147.29,0.0,0.0,152.8,0.9999253857184062,1.0,1273.379986880003,1000.0,1273.379986880003,1000.0,0.0,0.0
10328,1679341080000.0,0.0,0.0,0.0,147.29,0.0,0.0,151.1,0.9999253857184062,1.0,1273.379986880003,1000.0,1273.379986880003,1000.0,0.0,0.0
10329,1679344680000.0,0.0,0.0,0.0,147.29,0.0,0.0,152.25,0.9999253857184062,1.0,1273.379986880003,1000.0,1273.379986880003,1000.0,0.0,0.0
10330,1679348280000.0,0.0,0.0,0.0,147.29,0.0,0.0,152.65,0.9999253857184062,1.0,1273.379986880003,1000.0,1273.379986880003,1000.0,0.0,0.0
10331,1679351880000.0,0.0,0.0,0.0,147.29,0.0,0.0,151.9,0.9999253857184062,1.0,1273.379986880003,1000.0,1273.379986880003,1000.0,0.0,0.0
10332,1679355480000.0,0.0,0.0,0.0,147.29,0.0,0.0,153.45,0.9999253857184062,1.0,1273.379986880003,1000.0,1273.379986880003,1000.0,0.0,0.0
10333,1679359080000.0,0.0,0.0,0.0,147.29,0.0,0.0,153.2,0.9999253857184062,1.0,1273.379986880003,1000.0,1273.379986880003,1000.0,0.0,0.0
10334,1679362680000.0,0.0,0.0,0.0,147.29,0.0,0.0,151.65,0.9999253857184062,1.0,1273.379986880003,1000.0,1273.379986880003,1000.0,0.0,0.0
10335,1679366280000.0,0.0,0.0,0.0,147.29,0.0,0.0,151.4,0.9999253857184062,1.0,1273.379986880003,1000.0,1273.379986880003,1000.0,0.0,0.0
10336,1679369880000.0,0.0,0.0,0.0,147.29,0.0,0.0,151.95,0.9999253857184062,1.0,1273.379986880003,1000.0,1273.379986880003,1000.0,0.0,0.0
10337,1679373480000.0,0.0,0.0,0.0,147.29,0.0,0.0,153.75,0.9999253857184062,1.0,1273.379986880003,1000.0,1273.379986880003,1000.0,0.0,0.0
10338,1679377080000.0,0.0,0.0,0.0,147.29,0.0,0.0,152.45,0.9999253857184062,1.0,1273.379986880003,1000.0,1273.379986880003,1000.0,0.0,0.0
10339,1679380680000.0,0.0,0.0,0.0,147.29,0.0,0.0,153.4,0.9999253857184062,1.0,1273.379986880003,1000.0,1273.379986880003,1000.0,0.0,0.0
10340,1679384280000.0,0.0,0.0,0.0,147.29,0.0,0.0,153.9,0.9999253857184062,1.0,1273.379986880003,1000.0,1273.379986880003,1000.0,0.0,0.0
10341,1679387880000.0,0.0,0.0,0.0,147.29,0.0,0.0,152.8,0.9999253857184062,1.0,1273.379986880003,1000.0,1273.379986880003,1000.0,0.0,0.0
10342,1679391480000.0,0.0,0.0,0.0,147.29,0.0,0.0,152.65,0.9999253857184062,1.0,1273.379986880003,1000.0,1273.379986880003,1000.0,0.0,0.0
10343,1679395080000.0,0.0,0.0,0.0,147.29,0.0,0.0,153.8,0.9999253857184062,1.0,1273.379986880003,1000.0,1273.379986880003,1000.0,0.0,0.0
10344,1679398680000.0,0.0,0.0,0.0,147.29,0.0,0.0,154.0,0.9999253857184062,1.0,1273.379986880003,1000.0,1273.379986880003,1000.0,0.0,0.0
10345,1679402280000.0,0.0,0.0,0.0,147.29,0.0,0.0,154.85,0.9999253857184062,1.0,1273.379986880003,1000.0,1273.379986880003,1000.0,0.0,0.0
10346,1679405880000.0,0.0,0.0,0.0,147.29,0.0,0.0,155.45,0.9999253857184062,1.0,1273.379986880003,1000.0,1273.379986880003,1000.0,0.0,0.0
10347,1679409480000.0,0.0,0.0,0.0,147.29,0.0,0.0,154.85,0.9999253857184062,1.0,1273.379986880003,1000.0,1273.379986880003,1000.0,0.0,0.0
10348,1679413080000.0,0.0,0.0,0.0,147.29,0.0,0.0,155.85,0.9999253857184062,1.0,1273.379986880003,1000.0,1273.379986880003,1000.0,0.0,0.0
10349,1679416680000.0,0.0,0.0,0.0,147.29,0.0,0.0,155.5,0.9999253857184062,1.0,1273.379986880003,1000.0,1273.379986880003,1000.0,0.0,0.0
10350,1679420280000.0,0.0,0.0,0.0,147.29,0.0,0.0,154.75,0.9999253857184062,1.0,1273.379986880003,1000.0,1273.379986880003,1000.0,0.0,0.0
10351,1679423880000.0,0.0,0.0,0.0,147.29,0.0,0.0,153.1,0.9999253857184062,1.0,1273.379986880003,1000.0,1273.379986880003,1000.0,0.0,0.0
10352,1679427480000.0,0.0,0.0,0.0,147.29,0.0,0.0,151.4,0.9999253857184062,1.0,1273.379986880003,1000.0,1273.379986880003,1000.0,0.0,0.0
10353,1679431080000.0,0.0,0.0,0.0,147.29,0.0,0.0,150.85,0.9999253857184062,1.0,1273.379986880003,1000.0,1273.379986880003,1000.0,0.0,0.0
10354,1679434680000.0,0.0,0.0,0.0,147.29,0.0,0.0,150.3,0.9999253857184062,1.0,1273.379986880003,1000.0,1273.379986880003,1000.0,0.0,0.0
10355,1679438280000.0,0.0,0.0,0.0,147.29,0.0,0.0,150.5,0.9999253857184062,1.0,1273.379986880003,1000.0,1273.379986880003,1000.0,0.0,0.0
10356,1679441880000.0,0.0,0.0,0.0,147.29,0.0,0.0,152.4,0.9999253857184062,1.0,1273.379986880003,1000.0,1273.379986880003,1000.0,0.0,0.0
10357,1679445480000.0,0.0,0.0,0.0,147.29,0.0,0.0,150.3,0.9999253857184062,1.0,1273.379986880003,1000.0,1273.379986880003,1000.0,0.0,0.0
10358,1679449080000.0,0.0,0.0,0.0,147.29,0.0,0.0,150.8,0.9999253857184062,1.0,1273.379986880003,1000.0,1273.379986880003,1000.0,0.0,0.0
10359,1679452680000.0,0.0,0.0,0.0,147.29,0.0,0.0,152.4,0.9999253857184062,1.0,1273.379986880003,1000.0,1273.379986880003,1000.0,0.0,0.0
10360,1679456280000.0,0.0,0.0,0.0,147.29,0.0,0.0,153.05,0.9999253857184062,1.0,1273.379986880003,1000.0,1273.379986880003,1000.0,0.0,0.0
10361,1679459880000.0,0.0,0.0,0.0,147.29,0.0,0.0,153.45,0.9999253857184062,1.0,1273.379986880003,1000.0,1273.379986880003,1000.0,0.0,0.0
10362,1679463480000.0,0.0,0.0,0.0,147.29,0.0,0.0,153.1,0.9999253857184062,1.0,1273.379986880003,1000.0,1273.379986880003,1000.0,0.0,0.0
10363,1679467080000.0,0.0,0.0,0.0,147.29,0.0,0.0,153.5,0.9999253857184062,1.0,1273.379986880003,1000.0,1273.379986880003,1000.0,0.0,0.0
10364,1679470680000.0,0.0,0.0,0.0,147.29,0.0,0.0,151.35,0.9999253857184062,1.0,1273.379986880003,1000.0,1273.379986880003,1000.0,0.0,0.0
10365,1679474280000.0,0.0,0.0,0.0,147.29,0.0,0.0,151.2,0.9999253857184062,1.0,1273.379986880003,1000.0,1273.379986880003,1000.0,0.0,0.0
10366,1679477880000.0,0.0,0.0,0.0,147.29,0.0,0.0,151.35,0.9999253857184062,1.0,1273.379986880003,1000.0,1273.379986880003,1000.0,0.0,0.0
10367,1679481480000.0,0.0,0.0,0.0,147.29,0.0,0.0,151.1,0.9999253857184062,1.0,1273.379986880003,1000.0,1273.379986880003,1000.0,0.0,0.0
10368,1679485080000.0,0.0,0.0,0.0,147.29,0.0,0.0,151.2,0.9999253857184062,1.0,1273.379986880003,1000.0,1273.379986880003,1000.0,0.0,0.0
10369,1679488680000.0,0.0,0.0,0.0,147.29,0.0,0.0,152.5,0.9999253857184062,1.0,1273.379986880003,1000.0,1273.379986880003,1000.0,0.0,0.0
10370,1679492280000.0,0.0,0.0,0.0,147.29,0.0,0.0,152.9,0.9999253857184062,1.0,1273.379986880003,1000.0,1273.379986880003,1000.0,0.0,0.0
10371,1679495880000.0,0.0,0.0,0.0,147.29,0.0,0.0,150.9,0.9999253857184062,1.0,1273.379986880003,1000.0,1273.379986880003,1000.0,0.0,0.0
10372,1679499480000.0,0.0,0.0,0.0,147.29,0.0,0.0,152.55,0.9999253857184062,1.0,1273.379986880003,1000.0,1273.379986880003,1000.0,0.0,0.0
10373,1679503080000.0,0.0,0.0,0.0,147.29,0.0,0.0,153.7,0.9999253857184062,1.0,1273.379986880003,1000.0,1273.379986880003,1000.0,0.0,0.0
10374,1679506680000.0,0.0,0.0,0.0,147.29,0.0,0.0,151.55,0.9999253857184062,1.0,1273.379986880003,1000.0,1273.379986880003,1000.0,0.0,0.0
10375,1679510280000.0,0.0,0.0,0.0,147.29,0.0,0.0,150.6,0.9999253857184062,1.0,1273.379986880003,1000.0,1273.379986880003,1000.0,0.0,0.0
10376,1679513880000.0,0.0,0.0,0.35,147.45,0.0,0.0,149.25,0.9999253857184062,1.0,1273.369665380003,1000.0,1273.999665380003,1000.0,0.04052829386712233,0.0
10377,1679517480000.0,0.0,0.0,0.35,147.45,0.0,0.0,147.75,0.9999253857184062,1.0,1273.369665380003,1000.0,1273.474665380003,1000.0,0.04052829386712233,0.0
10378,1679521080000.0,0.0,0.0,0.35,147.45,0.0,0.0,148.5,0.9999253857184062,1.0,1273.369665380003,1000.0,1273.737165380003,1000.0,0.04052829386712233,0.0
10379,1679524680000.0,0.0,0.0,0.35,147.45,0.0,0.0,147.0,0.9999253857184062,1.0,1273.369665380003,1000.0,1273.212165380003,1000.0,0.04052829386712233,0.0
10380,1679528280000.0,0.0,0.0,0.35,147.45,0.0,0.0,148.75,0.9999253857184062,1.0,1273.369665380003,1000.0,1273.824665380003,1000.0,0.04052829386712233,0.0
10381,1679531880000.0,0.0,0.0,0.35,147.45,0.0,0.0,150.4,0.9999253857184062,1.0,1273.369665380003,1000.0,1274.402165380003,1000.0,0.04052829386712233,0.0
10382,1679535480000.0,0.0,0.0,0.35,147.45,0.0,0.0,151.0,0.9999253857184062,1.0,1273.369665380003,1000.0,1274.612165380003,1000.0,0.04052829386712233,0.0
10383,1679539080000.0,0.0,0.0,0.03,147.45,0.0,0.0,152.4,0.9999253857184062,1.0,1274.7775450600034,1000.0,1274.9260450600034,1000.0,0.003470017194091528,0.0
10384,1679542680000.0,0.0,0.0,0.0,147.45,0.0,0.0,152.3,0.9999253857184062,1.0,1274.9095337800036,1000.0,1274.9095337800036,1000.0,0.0,0.0
10385,1679546280000.0,0.0,0.0,0.0,147.45,0.0,0.0,151.5,0.9999253857184062,1.0,1274.9095337800036,1000.0,1274.9095337800036,1000.0,0.0,0.0
10386,1679549880000.0,0.0,0.0,0.0,147.45,0.0,0.0,151.25,0.9999253857184062,1.0,1274.9095337800036,1000.0,1274.9095337800036,1000.0,0.0,0.0
10387,1679553480000.0,0.0,0.0,0.0,147.45,0.0,0.0,152.4,0.9999253857184062,1.0,1274.9095337800036,1000.0,1274.9095337800036,1000.0,0.0,0.0
10388,1679557080000.0,0.0,0.0,0.0,147.45,0.0,0.0,153.35,0.9999253857184062,1.0,1274.9095337800036,1000.0,1274.9095337800036,1000.0,0.0,0.0
10389,1679560680000.0,0.0,0.0,0.0,147.45,0.0,0.0,152.15,0.9999253857184062,1.0,1274.9095337800036,1000.0,1274.9095337800036,1000.0,0.0,0.0
10390,1679564280000.0,0.0,0.0,0.0,147.45,0.0,0.0,153.1,0.9999253857184062,1.0,1274.9095337800036,1000.0,1274.9095337800036,1000.0,0.0,0.0
10391,1679567880000.0,0.0,0.0,0.0,147.45,0.0,0.0,153.35,0.9999253857184062,1.0,1274.9095337800036,1000.0,1274.9095337800036,1000.0,0.0,0.0
10392,1679571480000.0,0.0,0.0,0.0,147.45,0.0,0.0,152.7,0.9999253857184062,1.0,1274.9095337800036,1000.0,1274.9095337800036,1000.0,0.0,0.0
10393,1679575080000.0,0.0,0.0,0.0,147.45,0.0,0.0,152.9,0.9999253857184062,1.0,1274.9095337800036,1000.0,1274.9095337800036,1000.0,0.0,0.0
10394,1679578680000.0,0.0,0.0,0.0,147.45,0.0,0.0,152.6,0.9999253857184062,1.0,1274.9095337800036,1000.0,1274.9095337800036,1000.0,0.0,0.0
10395,1679582280000.0,0.0,0.0,0.0,147.45,0.0,0.0,152.2,0.9999253857184062,1.0,1274.9095337800036,1000.0,1274.9095337800036,1000.0,0.0,0.0
10396,1679585880000.0,0.0,0.0,0.0,147.45,0.0,0.0,154.8,0.9999253857184062,1.0,1274.9095337800036,1000.0,1274.9095337800036,1000.0,0.0,0.0
10397,1679589480000.0,0.0,0.0,0.0,147.45,0.0,0.0,154.05,0.9999253857184062,1.0,1274.9095337800036,1000.0,1274.9095337800036,1000.0,0.0,0.0
10398,1679593080000.0,0.0,0.0,0.0,147.45,0.0,0.0,154.15,0.9999253857184062,1.0,1274.9095337800036,1000.0,1274.9095337800036,1000.0,0.0,0.0
10399,1679596680000.0,0.0,0.0,0.0,147.45,0.0,0.0,155.0,0.9999253857184062,1.0,1274.9095337800036,1000.0,1274.9095337800036,1000.0,0.0,0.0
10400,1679600280000.0,0.0,0.0,0.0,147.45,0.0,0.0,155.0,0.9999253857184062,1.0,1274.9095337800036,1000.0,1274.9095337800036,1000.0,0.0,0.0
10401,1679603880000.0,0.0,0.0,0.0,147.45,0.0,0.0,155.45,0.9999253857184062,1.0,1274.9095337800036,1000.0,1274.9095337800036,1000.0,0.0,0.0
10402,1679607480000.0,0.0,0.0,0.0,147.45,0.0,0.0,155.35,0.9999253857184062,1.0,1274.9095337800036,1000.0,1274.9095337800036,1000.0,0.0,0.0
10403,1679611080000.0,0.0,0.0,0.0,147.45,0.0,0.0,155.5,0.9999253857184062,1.0,1274.9095337800036,1000.0,1274.9095337800036,1000.0,0.0,0.0
10404,1679614680000.0,0.0,0.0,0.0,147.45,0.0,0.0,156.45,0.9999253857184062,1.0,1274.9095337800036,1000.0,1274.9095337800036,1000.0,0.0,0.0
10405,1679618280000.0,0.0,0.0,0.0,147.45,0.0,0.0,157.15,0.9999253857184062,1.0,1274.9095337800036,1000.0,1274.9095337800036,1000.0,0.0,0.0
10406,1679621880000.0,0.0,0.0,0.0,147.45,0.0,0.0,159.4,0.9999253857184062,1.0,1274.9095337800036,1000.0,1274.9095337800036,1000.0,0.0,0.0
10407,1679625480000.0,0.0,0.0,0.0,147.45,0.0,0.0,160.9,0.9999253857184062,1.0,1274.9095337800036,1000.0,1274.9095337800036,1000.0,0.0,0.0
10408,1679629080000.0,0.0,0.0,0.0,147.45,0.0,0.0,161.35,0.9999253857184062,1.0,1274.9095337800036,1000.0,1274.9095337800036,1000.0,0.0,0.0
10409,1679632680000.0,0.0,0.0,0.0,147.45,0.0,0.0,162.1,0.9999253857184062,1.0,1274.9095337800036,1000.0,1274.9095337800036,1000.0,0.0,0.0
10410,1679636280000.0,0.0,0.0,0.0,147.45,0.0,0.0,161.9,0.9999253857184062,1.0,1274.9095337800036,1000.0,1274.9095337800036,1000.0,0.0,0.0
10411,1679639880000.0,0.0,0.0,0.0,147.45,0.0,0.0,161.1,0.9999253857184062,1.0,1274.9095337800036,1000.0,1274.9095337800036,1000.0,0.0,0.0
10412,1679643480000.0,0.0,0.0,0.0,147.45,0.0,0.0,160.5,0.9999253857184062,1.0,1274.9095337800036,1000.0,1274.9095337800036,1000.0,0.0,0.0
10413,1679647080000.0,0.0,0.0,0.0,147.45,0.0,0.0,159.85,0.9999253857184062,1.0,1274.9095337800036,1000.0,1274.9095337800036,1000.0,0.0,0.0
10414,1679650680000.0,0.0,0.0,0.0,147.45,0.0,0.0,159.0,0.9999253857184062,1.0,1274.9095337800036,1000.0,1274.9095337800036,1000.0,0.0,0.0
10415,1679654280000.0,0.0,0.0,0.0,147.45,0.0,0.0,158.35,0.9999253857184062,1.0,1274.9095337800036,1000.0,1274.9095337800036,1000.0,0.0,0.0
10416,1679657880000.0,0.0,0.0,0.0,147.45,0.0,0.0,160.0,0.9999253857184062,1.0,1274.9095337800036,1000.0,1274.9095337800036,1000.0,0.0,0.0
10417,1679661480000.0,0.0,0.0,0.0,147.45,0.0,0.0,160.55,0.9999253857184062,1.0,1274.9095337800036,1000.0,1274.9095337800036,1000.0,0.0,0.0
10418,1679665080000.0,0.0,0.0,0.0,147.45,0.0,0.0,160.2,0.9999253857184062,1.0,1274.9095337800036,1000.0,1274.9095337800036,1000.0,0.0,0.0
10419,1679668680000.0,0.0,0.0,0.0,147.45,0.0,0.0,159.45,0.9999253857184062,1.0,1274.9095337800036,1000.0,1274.9095337800036,1000.0,0.0,0.0
10420,1679672280000.0,0.0,0.0,0.0,147.45,0.0,0.0,157.4,0.9999253857184062,1.0,1274.9095337800036,1000.0,1274.9095337800036,1000.0,0.0,0.0
10421,1679675880000.0,0.0,0.0,0.0,147.45,0.0,0.0,158.35,0.9999253857184062,1.0,1274.9095337800036,1000.0,1274.9095337800036,1000.0,0.0,0.0
10422,1679679480000.0,0.0,0.0,0.0,147.45,0.0,0.0,156.4,0.9999253857184062,1.0,1274.9095337800036,1000.0,1274.9095337800036,1000.0,0.0,0.0
10423,1679683080000.0,0.0,0.0,0.0,147.45,0.0,0.0,156.6,0.9999253857184062,1.0,1274.9095337800036,1000.0,1274.9095337800036,1000.0,0.0,0.0
10424,1679686680000.0,0.0,0.0,0.0,147.45,0.0,0.0,157.85,0.9999253857184062,1.0,1274.9095337800036,1000.0,1274.9095337800036,1000.0,0.0,0.0
10425,1679690280000.0,0.0,0.0,0.0,147.45,0.0,0.0,159.7,0.9999253857184062,1.0,1274.9095337800036,1000.0,1274.9095337800036,1000.0,0.0,0.0
10426,1679693880000.0,0.0,0.0,0.0,147.45,0.0,0.0,159.25,0.9999253857184062,1.0,1274.9095337800036,1000.0,1274.9095337800036,1000.0,0.0,0.0
10427,1679697480000.0,0.0,0.0,0.0,147.45,0.0,0.0,161.35,0.9999253857184062,1.0,1274.9095337800036,1000.0,1274.9095337800036,1000.0,0.0,0.0
10428,1679701080000.0,0.0,0.0,0.0,147.45,0.0,0.0,161.4,0.9999253857184062,1.0,1274.9095337800036,1000.0,1274.9095337800036,1000.0,0.0,0.0
10429,1679704680000.0,0.0,0.0,0.0,147.45,0.0,0.0,161.9,0.9999253857184062,1.0,1274.9095337800036,1000.0,1274.9095337800036,1000.0,0.0,0.0
10430,1679708280000.0,0.0,0.0,0.0,147.45,0.0,0.0,161.85,0.9999253857184062,1.0,1274.9095337800036,1000.0,1274.9095337800036,1000.0,0.0,0.0
10431,1679711880000.0,0.0,0.0,0.0,147.45,0.0,0.0,162.55,0.9999253857184062,1.0,1274.9095337800036,1000.0,1274.9095337800036,1000.0,0.0,0.0
10432,1679715480000.0,0.0,0.0,0.0,147.45,0.0,0.0,161.95,0.9999253857184062,1.0,1274.9095337800036,1000.0,1274.9095337800036,1000.0,0.0,0.0
10433,1679719080000.0,0.0,0.0,0.0,147.45,0.0,0.0,162.2,0.9999253857184062,1.0,1274.9095337800036,1000.0,1274.9095337800036,1000.0,0.0,0.0
10434,1679722680000.0,0.0,0.0,0.0,147.45,0.0,0.0,162.6,0.9999253857184062,1.0,1274.9095337800036,1000.0,1274.9095337800036,1000.0,0.0,0.0
10435,1679726280000.0,0.0,0.0,0.0,147.45,0.0,0.0,162.45,0.9999253857184062,1.0,1274.9095337800036,1000.0,1274.9095337800036,1000.0,0.0,0.0
10436,1679729880000.0,0.0,0.0,0.0,147.45,0.0,0.0,161.35,0.9999253857184062,1.0,1274.9095337800036,1000.0,1274.9095337800036,1000.0,0.0,0.0
10437,1679733480000.0,0.0,0.0,0.0,147.45,0.0,0.0,160.9,0.9999253857184062,1.0,1274.9095337800036,1000.0,1274.9095337800036,1000.0,0.0,0.0
10438,1679737080000.0,0.0,0.0,0.0,147.45,0.0,0.0,161.3,0.9999253857184062,1.0,1274.9095337800036,1000.0,1274.9095337800036,1000.0,0.0,0.0
10439,1679740680000.0,0.0,0.0,0.0,147.45,0.0,0.0,161.05,0.9999253857184062,1.0,1274.9095337800036,1000.0,1274.9095337800036,1000.0,0.0,0.0
10440,1679744280000.0,0.0,0.0,0.0,147.45,0.0,0.0,161.85,0.9999253857184062,1.0,1274.9095337800036,1000.0,1274.9095337800036,1000.0,0.0,0.0
10441,1679747880000.0,0.0,0.0,0.0,147.45,0.0,0.0,161.85,0.9999253857184062,1.0,1274.9095337800036,1000.0,1274.9095337800036,1000.0,0.0,0.0
10442,1679751480000.0,0.0,0.0,0.0,147.45,0.0,0.0,162.7,0.9999253857184062,1.0,1274.9095337800036,1000.0,1274.9095337800036,1000.0,0.0,0.0
10443,1679755080000.0,0.0,0.0,0.0,147.45,0.0,0.0,162.65,0.9999253857184062,1.0,1274.9095337800036,1000.0,1274.9095337800036,1000.0,0.0,0.0
10444,1679758680000.0,0.0,0.0,0.0,147.45,0.0,0.0,163.8,0.9999253857184062,1.0,1274.9095337800036,1000.0,1274.9095337800036,1000.0,0.0,0.0
10445,1679762280000.0,0.0,0.0,0.0,147.45,0.0,0.0,164.5,0.9999253857184062,1.0,1274.9095337800036,1000.0,1274.9095337800036,1000.0,0.0,0.0
10446,1679765880000.0,0.0,0.0,0.0,147.45,0.0,0.0,163.55,0.9999253857184062,1.0,1274.9095337800036,1000.0,1274.9095337800036,1000.0,0.0,0.0
10447,1679769480000.0,0.0,0.0,0.0,147.45,0.0,0.0,162.9,0.9999253857184062,1.0,1274.9095337800036,1000.0,1274.9095337800036,1000.0,0.0,0.0
10448,1679773080000.0,0.0,0.0,0.0,147.45,0.0,0.0,161.35,0.9999253857184062,1.0,1274.9095337800036,1000.0,1274.9095337800036,1000.0,0.0,0.0
10449,1679776680000.0,0.0,0.0,0.0,147.45,0.0,0.0,161.35,0.9999253857184062,1.0,1274.9095337800036,1000.0,1274.9095337800036,1000.0,0.0,0.0
10450,1679780280000.0,0.0,0.0,0.0,147.45,0.0,0.0,161.4,0.9999253857184062,1.0,1274.9095337800036,1000.0,1274.9095337800036,1000.0,0.0,0.0
10451,1679783880000.0,0.0,0.0,0.0,147.45,0.0,0.0,162.1,0.9999253857184062,1.0,1274.9095337800036,1000.0,1274.9095337800036,1000.0,0.0,0.0
10452,1679787480000.0,0.0,0.0,0.0,147.45,0.0,0.0,160.3,0.9999253857184062,1.0,1274.9095337800036,1000.0,1274.9095337800036,1000.0,0.0,0.0
10453,1679791080000.0,0.0,0.0,0.0,147.45,0.0,0.0,160.7,0.9999253857184062,1.0,1274.9095337800036,1000.0,1274.9095337800036,1000.0,0.0,0.0
10454,1679794680000.0,0.0,0.0,0.0,147.45,0.0,0.0,162.7,0.9999253857184062,1.0,1274.9095337800036,1000.0,1274.9095337800036,1000.0,0.0,0.0
10455,1679798280000.0,0.0,0.0,0.0,147.45,0.0,0.0,163.7,0.9999253857184062,1.0,1274.9095337800036,1000.0,1274.9095337800036,1000.0,0.0,0.0
10456,1679801880000.0,0.0,0.0,0.0,147.45,0.0,0.0,163.85,0.9999253857184062,1.0,1274.9095337800036,1000.0,1274.9095337800036,1000.0,0.0,0.0
10457,1679805480000.0,0.0,0.0,0.0,147.45,0.0,0.0,165.3,0.9999253857184062,1.0,1274.9095337800036,1000.0,1274.9095337800036,1000.0,0.0,0.0
10458,1679809080000.0,0.0,0.0,0.0,147.45,0.0,0.0,164.8,0.9999253857184062,1.0,1274.9095337800036,1000.0,1274.9095337800036,1000.0,0.0,0.0
10459,1679812680000.0,0.0,0.0,0.0,147.45,0.0,0.0,165.25,0.9999253857184062,1.0,1274.9095337800036,1000.0,1274.9095337800036,1000.0,0.0,0.0
10460,1679816280000.0,0.0,0.0,0.0,147.45,0.0,0.0,165.3,0.9999253857184062,1.0,1274.9095337800036,1000.0,1274.9095337800036,1000.0,0.0,0.0
10461,1679819880000.0,0.0,0.0,0.0,147.45,0.0,0.0,165.4,0.9999253857184062,1.0,1274.9095337800036,1000.0,1274.9095337800036,1000.0,0.0,0.0
10462,1679823480000.0,0.0,0.0,0.0,147.45,0.0,0.0,164.1,0.9999253857184062,1.0,1274.9095337800036,1000.0,1274.9095337800036,1000.0,0.0,0.0
10463,1679827080000.0,0.0,0.0,0.0,147.45,0.0,0.0,164.25,0.9999253857184062,1.0,1274.9095337800036,1000.0,1274.9095337800036,1000.0,0.0,0.0
10464,1679830680000.0,0.0,0.0,0.0,147.45,0.0,0.0,163.4,0.9999253857184062,1.0,1274.9095337800036,1000.0,1274.9095337800036,1000.0,0.0,0.0
10465,1679834280000.0,0.0,0.0,0.0,147.45,0.0,0.0,162.5,0.9999253857184062,1.0,1274.9095337800036,1000.0,1274.9095337800036,1000.0,0.0,0.0
10466,1679837880000.0,0.0,0.0,0.0,147.45,0.0,0.0,164.05,0.9999253857184062,1.0,1274.9095337800036,1000.0,1274.9095337800036,1000.0,0.0,0.0
10467,1679841480000.0,0.0,0.0,0.0,147.45,0.0,0.0,162.75,0.9999253857184062,1.0,1274.9095337800036,1000.0,1274.9095337800036,1000.0,0.0,0.0
10468,1679845080000.0,0.0,0.0,0.0,147.45,0.0,0.0,161.85,0.9999253857184062,1.0,1274.9095337800036,1000.0,1274.9095337800036,1000.0,0.0,0.0
10469,1679848680000.0,0.0,0.0,0.0,147.45,0.0,0.0,162.3,0.9999253857184062,1.0,1274.9095337800036,1000.0,1274.9095337800036,1000.0,0.0,0.0
10470,1679852280000.0,0.0,0.0,0.0,147.45,0.0,0.0,161.95,0.9999253857184062,1.0,1274.9095337800036,1000.0,1274.9095337800036,1000.0,0.0,0.0
10471,1679855880000.0,0.0,0.0,0.0,147.45,0.0,0.0,162.4,0.9999253857184062,1.0,1274.9095337800036,1000.0,1274.9095337800036,1000.0,0.0,0.0
10472,1679859480000.0,0.0,0.0,0.0,147.45,0.0,0.0,162.2,0.9999253857184062,1.0,1274.9095337800036,1000.0,1274.9095337800036,1000.0,0.0,0.0
10473,1679863080000.0,0.0,0.0,0.0,147.45,0.0,0.0,160.85,0.9999253857184062,1.0,1274.9095337800036,1000.0,1274.9095337800036,1000.0,0.0,0.0
10474,1679866680000.0,0.0,0.0,0.0,147.45,0.0,0.0,160.1,0.9999253857184062,1.0,1274.9095337800036,1000.0,1274.9095337800036,1000.0,0.0,0.0
10475,1679870280000.0,0.0,0.0,0.0,147.45,0.0,0.0,161.6,0.9999253857184062,1.0,1274.9095337800036,1000.0,1274.9095337800036,1000.0,0.0,0.0
10476,1679873880000.0,0.0,0.0,0.0,147.45,0.0,0.0,161.55,0.9999253857184062,1.0,1274.9095337800036,1000.0,1274.9095337800036,1000.0,0.0,0.0
10477,1679877480000.0,0.0,0.0,0.0,147.45,0.0,0.0,161.0,0.9999253857184062,1.0,1274.9095337800036,1000.0,1274.9095337800036,1000.0,0.0,0.0
10478,1679881080000.0,0.0,0.0,0.0,147.45,0.0,0.0,160.2,0.9999253857184062,1.0,1274.9095337800036,1000.0,1274.9095337800036,1000.0,0.0,0.0
10479,1679884680000.0,0.0,0.0,0.0,147.45,0.0,0.0,159.95,0.9999253857184062,1.0,1274.9095337800036,1000.0,1274.9095337800036,1000.0,0.0,0.0
10480,1679888280000.0,0.0,0.0,0.0,147.45,0.0,0.0,158.5,0.9999253857184062,1.0,1274.9095337800036,1000.0,1274.9095337800036,1000.0,0.0,0.0
10481,1679891880000.0,0.0,0.0,0.0,147.45,0.0,0.0,160.6,0.9999253857184062,1.0,1274.9095337800036,1000.0,1274.9095337800036,1000.0,0.0,0.0
10482,1679895480000.0,0.0,0.0,0.0,147.45,0.0,0.0,161.4,0.9999253857184062,1.0,1274.9095337800036,1000.0,1274.9095337800036,1000.0,0.0,0.0
10483,1679899080000.0,0.0,0.0,0.0,147.45,0.0,0.0,161.9,0.9999253857184062,1.0,1274.9095337800036,1000.0,1274.9095337800036,1000.0,0.0,0.0
10484,1679902680000.0,0.0,0.0,0.0,147.45,0.0,0.0,161.0,0.9999253857184062,1.0,1274.9095337800036,1000.0,1274.9095337800036,1000.0,0.0,0.0
10485,1679906280000.0,0.0,0.0,0.0,147.45,0.0,0.0,161.4,0.9999253857184062,1.0,1274.9095337800036,1000.0,1274.9095337800036,1000.0,0.0,0.0
10486,1679909880000.0,0.0,0.0,0.0,147.45,0.0,0.0,162.5,0.9999253857184062,1.0,1274.9095337800036,1000.0,1274.9095337800036,1000.0,0.0,0.0
10487,1679913480000.0,0.0,0.0,0.0,147.45,0.0,0.0,162.45,0.9999253857184062,1.0,1274.9095337800036,1000.0,1274.9095337800036,1000.0,0.0,0.0
10488,1679917080000.0,0.0,0.0,0.0,147.45,0.0,0.0,164.6,0.9999253857184062,1.0,1274.9095337800036,1000.0,1274.9095337800036,1000.0,0.0,0.0
10489,1679920680000.0,0.0,0.0,0.0,147.45,0.0,0.0,163.85,0.9999253857184062,1.0,1274.9095337800036,1000.0,1274.9095337800036,1000.0,0.0,0.0
10490,1679924280000.0,0.0,0.0,0.0,147.45,0.0,0.0,163.35,0.9999253857184062,1.0,1274.9095337800036,1000.0,1274.9095337800036,1000.0,0.0,0.0
10491,1679927880000.0,0.0,0.0,0.0,147.45,0.0,0.0,161.35,0.9999253857184062,1.0,1274.9095337800036,1000.0,1274.9095337800036,1000.0,0.0,0.0
10492,1679931480000.0,0.0,0.0,0.33,156.73,0.0,0.0,155.6,0.9999253857184062,1.0,1274.8991896000036,1000.0,1274.5262896000036,1000.0,0.04056861940294064,0.0
10493,1679935080000.0,0.0,0.0,0.33,156.73,0.0,0.0,154.85,0.9999253857184062,1.0,1274.8991896000036,1000.0,1274.2787896000036,1000.0,0.04056861940294064,0.0
10494,1679938680000.0,0.0,0.0,0.33,156.73,0.0,0.0,154.35,0.9999253857184062,1.0,1274.8991896000036,1000.0,1274.1137896000037,1000.0,0.04056861940294064,0.0
10495,1679942280000.0,0.0,0.0,0.33,156.73,0.0,0.0,156.8,0.9999253857184062,1.0,1274.8991896000036,1000.0,1274.9222896000038,1000.0,0.04056861940294064,0.0
10496,1679945880000.0,0.0,0.0,0.33,156.73,0.0,0.0,155.5,0.9999253857184062,1.0,1274.8991896000036,1000.0,1274.4932896000037,1000.0,0.04056861940294064,0.0
10497,1679949480000.0,0.0,0.0,0.33,156.73,0.0,0.0,156.25,0.9999253857184062,1.0,1274.8991896000036,1000.0,1274.7407896000036,1000.0,0.04056861940294064,0.0
10498,1679953080000.0,0.0,0.0,0.33,156.73,0.0,0.0,154.2,0.9999253857184062,1.0,1274.8991896000036,1000.0,1274.0642896000036,1000.0,0.04056861940294064,0.0
10499,1679956680000.0,0.0,0.0,0.33,156.73,0.0,0.0,153.15,0.9999253857184062,1.0,1274.8991896000036,1000.0,1273.7177896000037,1000.0,0.04056861940294064,0.0
10500,1679960280000.0,0.0,0.0,0.33,156.73,0.0,0.0,151.9,0.9999253857184062,1.0,1274.8991896000036,1000.0,1273.3052896000036,1000.0,0.04056861940294064,0.0
10501,1679963880000.0,0.0,0.0,0.33,156.73,0.0,0.0,150.65,0.9999253857184062,1.0,1274.8991896000036,1000.0,1272.8927896000037,1000.0,0.04056861940294064,0.0
10502,1679967480000.0,0.0,0.0,0.67,153.4010447761194,0.0,0.0,150.9,0.9999253857184062,1.0,1274.8889780400036,1000.0,1273.2132780400036,1000.0,0.08061776497433568,0.0
10503,1679971080000.0,0.0,0.0,0.67,153.4010447761194,0.0,0.0,150.25,0.9999253857184062,1.0,1274.8889780400036,1000.0,1272.7777780400036,1000.0,0.08061776497433568,0.0
10504,1679974680000.0,0.0,0.0,0.67,153.4010447761194,0.0,0.0,150.0,0.9999253857184062,1.0,1274.8889780400036,1000.0,1272.6102780400035,1000.0,0.08061776497433568,0.0
10505,1679978280000.0,0.0,0.0,0.67,153.4010447761194,0.0,0.0,151.45,0.9999253857184062,1.0,1274.8889780400036,1000.0,1273.5817780400037,1000.0,0.08061776497433568,0.0
10506,1679981880000.0,0.0,0.0,0.67,153.4010447761194,0.0,0.0,153.5,0.9999253857184062,1.0,1274.8889780400036,1000.0,1274.9552780400036,1000.0,0.08061776497433568,0.0
10507,1679985480000.0,0.0,0.0,0.67,153.4010447761194,0.0,0.0,153.85,0.9999253857184062,1.0,1274.8889780400036,1000.0,1275.1897780400036,1000.0,0.08061776497433568,0.0
10508,1679989080000.0,0.0,0.0,0.67,153.4010447761194,0.0,0.0,153.7,0.9999253857184062,1.0,1274.8889780400036,1000.0,1275.0892780400036,1000.0,0.08061776497433568,0.0
10509,1679992680000.0,0.0,0.0,0.67,153.4010447761194,0.0,0.0,153.65,0.9999253857184062,1.0,1274.8889780400036,1000.0,1275.0557780400036,1000.0,0.08061776497433568,0.0
10510,1679996280000.0,0.0,0.0,0.67,153.4010447761194,0.0,0.0,153.65,0.9999253857184062,1.0,1274.8889780400036,1000.0,1275.0557780400036,1000.0,0.08061776497433568,0.0
10511,1679999880000.0,0.0,0.0,0.67,153.4010447761194,0.0,0.0,154.0,0.9999253857184062,1.0,1274.8889780400036,1000.0,1275.2902780400036,1000.0,0.08061776497433568,0.0
10512,1680003480000.0,0.0,0.0,0.67,153.4010447761194,0.0,0.0,154.0,0.9999253857184062,1.0,1274.8889780400036,1000.0,1275.2902780400036,1000.0,0.08061776497433568,0.0
10513,1680007080000.0,0.0,0.0,0.67,153.4010447761194,0.0,0.0,153.45,0.9999253857184062,1.0,1274.8889780400036,1000.0,1274.9217780400036,1000.0,0.08061776497433568,0.0
10514,1680010680000.0,0.0,0.0,0.67,153.4010447761194,0.0,0.0,153.0,0.9999253857184062,1.0,1274.8889780400036,1000.0,1274.6202780400035,1000.0,0.08061776497433568,0.0
10515,1680014280000.0,0.0,0.0,0.67,153.4010447761194,0.0,0.0,154.6,0.9999253857184062,1.0,1274.8889780400036,1000.0,1275.6922780400037,1000.0,0.08061776497433568,0.0
10516,1680017880000.0,0.0,0.0,0.67,153.4010447761194,0.0,0.0,155.45,0.9999253857184062,1.0,1274.8889780400036,1000.0,1276.2617780400037,1000.0,0.08061776497433568,0.0
10517,1680021480000.0,0.0,0.0,0.67,153.4010447761194,0.0,0.0,155.25,0.9999253857184062,1.0,1274.8889780400036,1000.0,1276.1277780400037,1000.0,0.08061776497433568,0.0
10518,1680025080000.0,0.0,0.0,0.67,153.4010447761194,0.0,0.0,153.65,0.9999253857184062,1.0,1274.8889780400036,1000.0,1275.0557780400036,1000.0,0.08061776497433568,0.0
10519,1680028680000.0,0.0,0.0,0.67,153.4010447761194,0.0,0.0,152.1,0.9999253857184062,1.0,1274.8889780400036,1000.0,1274.0172780400037,1000.0,0.08061776497433568,0.0
10520,1680032280000.0,0.0,0.0,0.67,153.4010447761194,0.0,0.0,154.35,0.9999253857184062,1.0,1274.8889780400036,1000.0,1275.5247780400036,1000.0,0.08061776497433568,0.0
10521,1680035880000.0,0.0,0.0,0.67,153.4010447761194,0.0,0.0,153.4,0.9999253857184062,1.0,1274.8889780400036,1000.0,1274.8882780400036,1000.0,0.08061776497433568,0.0
10522,1680039480000.0,0.0,0.0,0.67,153.4010447761194,0.0,0.0,154.25,0.9999253857184062,1.0,1274.8889780400036,1000.0,1275.4577780400036,1000.0,0.08061776497433568,0.0
10523,1680043080000.0,0.0,0.0,0.67,153.4010447761194,0.0,0.0,154.9,0.9999253857184062,1.0,1274.8889780400036,1000.0,1275.8932780400037,1000.0,0.08061776497433568,0.0
10524,1680046680000.0,0.0,0.0,0.67,153.4010447761194,0.0,0.0,154.4,0.9999253857184062,1.0,1274.8889780400036,1000.0,1275.5582780400036,1000.0,0.08061776497433568,0.0
10525,1680050280000.0,0.0,0.0,0.67,153.4010447761194,0.0,0.0,154.15,0.9999253857184062,1.0,1274.8889780400036,1000.0,1275.3907780400036,1000.0,0.08061776497433568,0.0
10526,1680053880000.0,0.0,0.0,0.67,153.4010447761194,0.0,0.0,155.05,0.9999253857184062,1.0,1274.8889780400036,1000.0,1275.9937780400037,1000.0,0.08061776497433568,0.0
10527,1680057480000.0,0.0,0.0,0.67,153.4010447761194,0.0,0.0,155.85,0.9999253857184062,1.0,1274.8889780400036,1000.0,1276.5297780400035,1000.0,0.08061776497433568,0.0
10528,1680061080000.0,0.0,0.0,0.67,153.4010447761194,0.0,0.0,155.4,0.9999253857184062,1.0,1274.8889780400036,1000.0,1276.2282780400037,1000.0,0.08061776497433568,0.0
10529,1680064680000.0,0.0,0.0,0.67,153.4010447761194,0.0,0.0,156.55,0.9999253857184062,1.0,1274.8889780400036,1000.0,1276.9987780400036,1000.0,0.08061776497433568,0.0
10530,1680068280000.0,0.0,0.0,0.67,153.4010447761194,0.0,0.0,155.1,0.9999253857184062,1.0,1274.8889780400036,1000.0,1276.0272780400037,1000.0,0.08061776497433568,0.0
10531,1680071880000.0,0.0,0.0,0.67,153.4010447761194,0.0,0.0,156.45,0.9999253857184062,1.0,1274.8889780400036,1000.0,1276.9317780400036,1000.0,0.08061776497433568,0.0
10532,1680075480000.0,0.0,0.0,0.67,153.4010447761194,0.0,0.0,155.9,0.9999253857184062,1.0,1274.8889780400036,1000.0,1276.5632780400035,1000.0,0.08061776497433568,0.0
10533,1680079080000.0,0.0,0.0,0.67,153.4010447761194,0.0,0.0,157.75,0.9999253857184062,1.0,1274.8889780400036,1000.0,1277.8027780400037,1000.0,0.08061776497433568,0.0
10534,1680082680000.0,0.0,0.0,0.45,153.4010447761194,0.0,0.0,157.6,0.9999253857184062,1.0,1275.8959957492573,1000.0,1277.7855256000034,1000.0,0.05410352440891256,0.0
10535,1680086280000.0,0.0,0.0,0.2,153.4010447761194,0.0,0.0,158.25,0.9999253857184062,1.0,1277.0403340552273,1000.0,1278.0101251000035,1000.0,0.024024463548304086,0.0
10536,1680089880000.0,0.0,0.0,0.07,153.4010447761194,0.0,0.0,157.95,0.9999253857184062,1.0,1277.6353899743317,1000.0,1277.9538168400034,1000.0,0.008404645972231633,0.0
10537,1680093480000.0,0.0,0.0,0.01,153.4010447761194,0.0,0.0,157.05,0.9999253857184062,1.0,1277.9100311677646,1000.0,1277.9465207200035,1000.0,0.0012004056704675858,0.0
10538,1680097080000.0,0.0,0.0,0.0,153.4010447761194,0.0,0.0,156.5,0.9999253857184062,1.0,1277.9558047000035,1000.0,1277.9558047000035,1000.0,0.0,0.0
10539,1680100680000.0,0.0,0.0,0.0,153.4010447761194,0.0,0.0,156.8,0.9999253857184062,1.0,1277.9558047000035,1000.0,1277.9558047000035,1000.0,0.0,0.0
10540,1680104280000.0,0.0,0.0,0.0,153.4010447761194,0.0,0.0,158.0,0.9999253857184062,1.0,1277.9558047000035,1000.0,1277.9558047000035,1000.0,0.0,0.0
10541,1680107880000.0,0.0,0.0,0.0,153.4010447761194,0.0,0.0,157.5,0.9999253857184062,1.0,1277.9558047000035,1000.0,1277.9558047000035,1000.0,0.0,0.0
10542,1680111480000.0,0.0,0.0,0.0,153.4010447761194,0.0,0.0,158.0,0.9999253857184062,1.0,1277.9558047000035,1000.0,1277.9558047000035,1000.0,0.0,0.0
10543,1680115080000.0,0.0,0.0,0.0,153.4010447761194,0.0,0.0,157.55,0.9999253857184062,1.0,1277.9558047000035,1000.0,1277.9558047000035,1000.0,0.0,0.0
10544,1680118680000.0,0.0,0.0,0.0,153.4010447761194,0.0,0.0,158.7,0.9999253857184062,1.0,1277.9558047000035,1000.0,1277.9558047000035,1000.0,0.0,0.0
10545,1680122280000.0,0.0,0.0,0.0,153.4010447761194,0.0,0.0,159.05,0.9999253857184062,1.0,1277.9558047000035,1000.0,1277.9558047000035,1000.0,0.0,0.0
10546,1680125880000.0,0.0,0.0,0.0,153.4010447761194,0.0,0.0,158.75,0.9999253857184062,1.0,1277.9558047000035,1000.0,1277.9558047000035,1000.0,0.0,0.0
10547,1680129480000.0,0.0,0.0,0.0,153.4010447761194,0.0,0.0,158.8,0.9999253857184062,1.0,1277.9558047000035,1000.0,1277.9558047000035,1000.0,0.0,0.0
10548,1680133080000.0,0.0,0.0,0.0,153.4010447761194,0.0,0.0,159.45,0.9999253857184062,1.0,1277.9558047000035,1000.0,1277.9558047000035,1000.0,0.0,0.0
10549,1680136680000.0,0.0,0.0,0.0,153.4010447761194,0.0,0.0,160.2,0.9999253857184062,1.0,1277.9558047000035,1000.0,1277.9558047000035,1000.0,0.0,0.0
10550,1680140280000.0,0.0,0.0,0.0,153.4010447761194,0.0,0.0,160.0,0.9999253857184062,1.0,1277.9558047000035,1000.0,1277.9558047000035,1000.0,0.0,0.0
10551,1680143880000.0,0.0,0.0,0.0,153.4010447761194,0.0,0.0,163.1,0.9999253857184062,1.0,1277.9558047000035,1000.0,1277.9558047000035,1000.0,0.0,0.0
10552,1680147480000.0,0.0,0.0,0.0,153.4010447761194,0.0,0.0,159.9,0.9999253857184062,1.0,1277.9558047000035,1000.0,1277.9558047000035,1000.0,0.0,0.0
10553,1680151080000.0,0.0,0.0,0.0,153.4010447761194,0.0,0.0,160.8,0.9999253857184062,1.0,1277.9558047000035,1000.0,1277.9558047000035,1000.0,0.0,0.0
10554,1680154680000.0,0.0,0.0,0.0,153.4010447761194,0.0,0.0,160.1,0.9999253857184062,1.0,1277.9558047000035,1000.0,1277.9558047000035,1000.0,0.0,0.0
10555,1680158280000.0,0.0,0.0,0.0,153.4010447761194,0.0,0.0,160.45,0.9999253857184062,1.0,1277.9558047000035,1000.0,1277.9558047000035,1000.0,0.0,0.0
10556,1680161880000.0,0.0,0.0,0.0,153.4010447761194,0.0,0.0,160.9,0.9999253857184062,1.0,1277.9558047000035,1000.0,1277.9558047000035,1000.0,0.0,0.0
10557,1680165480000.0,0.0,0.0,0.0,153.4010447761194,0.0,0.0,160.3,0.9999253857184062,1.0,1277.9558047000035,1000.0,1277.9558047000035,1000.0,0.0,0.0
10558,1680169080000.0,0.0,0.0,0.0,153.4010447761194,0.0,0.0,159.25,0.9999253857184062,1.0,1277.9558047000035,1000.0,1277.9558047000035,1000.0,0.0,0.0
10559,1680172680000.0,0.0,0.0,0.0,153.4010447761194,0.0,0.0,158.2,0.9999253857184062,1.0,1277.9558047000035,1000.0,1277.9558047000035,1000.0,0.0,0.0
10560,1680176280000.0,0.0,0.0,0.0,153.4010447761194,0.0,0.0,160.2,0.9999253857184062,1.0,1277.9558047000035,1000.0,1277.9558047000035,1000.0,0.0,0.0
10561,1680179880000.0,0.0,0.0,0.0,153.4010447761194,0.0,0.0,161.45,0.9999253857184062,1.0,1277.9558047000035,1000.0,1277.9558047000035,1000.0,0.0,0.0
10562,1680183480000.0,0.0,0.0,0.0,153.4010447761194,0.0,0.0,160.75,0.9999253857184062,1.0,1277.9558047000035,1000.0,1277.9558047000035,1000.0,0.0,0.0
10563,1680187080000.0,0.0,0.0,0.0,153.4010447761194,0.0,0.0,158.8,0.9999253857184062,1.0,1277.9558047000035,1000.0,1277.9558047000035,1000.0,0.0,0.0
10564,1680190680000.0,0.0,0.0,0.0,153.4010447761194,0.0,0.0,158.85,0.9999253857184062,1.0,1277.9558047000035,1000.0,1277.9558047000035,1000.0,0.0,0.0
10565,1680194280000.0,0.0,0.0,0.0,153.4010447761194,0.0,0.0,158.15,0.9999253857184062,1.0,1277.9558047000035,1000.0,1277.9558047000035,1000.0,0.0,0.0
10566,1680197880000.0,0.0,0.0,0.0,153.4010447761194,0.0,0.0,157.0,0.9999253857184062,1.0,1277.9558047000035,1000.0,1277.9558047000035,1000.0,0.0,0.0
10567,1680201480000.0,0.0,0.0,0.0,153.4010447761194,0.0,0.0,155.65,0.9999253857184062,1.0,1277.9558047000035,1000.0,1277.9558047000035,1000.0,0.0,0.0
10568,1680205080000.0,0.0,0.0,0.0,153.4010447761194,0.0,0.0,156.1,0.9999253857184062,1.0,1277.9558047000035,1000.0,1277.9558047000035,1000.0,0.0,0.0
10569,1680208680000.0,0.0,0.0,0.0,153.4010447761194,0.0,0.0,155.3,0.9999253857184062,1.0,1277.9558047000035,1000.0,1277.9558047000035,1000.0,0.0,0.0
10570,1680212280000.0,0.0,0.0,0.0,153.4010447761194,0.0,0.0,154.6,0.9999253857184062,1.0,1277.9558047000035,1000.0,1277.9558047000035,1000.0,0.0,0.0
10571,1680215880000.0,0.0,0.0,0.0,153.4010447761194,0.0,0.0,155.0,0.9999253857184062,1.0,1277.9558047000035,1000.0,1277.9558047000035,1000.0,0.0,0.0
10572,1680219480000.0,0.0,0.0,0.0,153.4010447761194,0.0,0.0,155.15,0.9999253857184062,1.0,1277.9558047000035,1000.0,1277.9558047000035,1000.0,0.0,0.0
10573,1680223080000.0,0.0,0.0,0.0,153.4010447761194,0.0,0.0,155.2,0.9999253857184062,1.0,1277.9558047000035,1000.0,1277.9558047000035,1000.0,0.0,0.0
10574,1680226680000.0,0.0,0.0,0.0,153.4010447761194,0.0,0.0,155.95,0.9999253857184062,1.0,1277.9558047000035,1000.0,1277.9558047000035,1000.0,0.0,0.0
10575,1680230280000.0,0.0,0.0,0.0,153.4010447761194,0.0,0.0,155.35,0.9999253857184062,1.0,1277.9558047000035,1000.0,1277.9558047000035,1000.0,0.0,0.0
10576,1680233880000.0,0.0,0.0,0.0,153.4010447761194,0.0,0.0,156.0,0.9999253857184062,1.0,1277.9558047000035,1000.0,1277.9558047000035,1000.0,0.0,0.0
10577,1680237480000.0,0.0,0.0,0.0,153.4010447761194,0.0,0.0,155.95,0.9999253857184062,1.0,1277.9558047000035,1000.0,1277.9558047000035,1000.0,0.0,0.0
10578,1680241080000.0,0.0,0.0,0.0,153.4010447761194,0.0,0.0,156.0,0.9999253857184062,1.0,1277.9558047000035,1000.0,1277.9558047000035,1000.0,0.0,0.0
10579,1680244680000.0,0.0,0.0,0.0,153.4010447761194,0.0,0.0,155.45,0.9999253857184062,1.0,1277.9558047000035,1000.0,1277.9558047000035,1000.0,0.0,0.0
10580,1680248280000.0,0.0,0.0,0.0,153.4010447761194,0.0,0.0,155.25,0.9999253857184062,1.0,1277.9558047000035,1000.0,1277.9558047000035,1000.0,0.0,0.0
10581,1680251880000.0,0.0,0.0,0.0,153.4010447761194,0.0,0.0,156.3,0.9999253857184062,1.0,1277.9558047000035,1000.0,1277.9558047000035,1000.0,0.0,0.0
10582,1680255480000.0,0.0,0.0,0.0,153.4010447761194,0.0,0.0,156.85,0.9999253857184062,1.0,1277.9558047000035,1000.0,1277.9558047000035,1000.0,0.0,0.0
10583,1680259080000.0,0.0,0.0,0.0,153.4010447761194,0.0,0.0,156.55,0.9999253857184062,1.0,1277.9558047000035,1000.0,1277.9558047000035,1000.0,0.0,0.0
10584,1680262680000.0,0.0,0.0,0.0,153.4010447761194,0.0,0.0,156.45,0.9999253857184062,1.0,1277.9558047000035,1000.0,1277.9558047000035,1000.0,0.0,0.0
10585,1680266280000.0,0.0,0.0,0.0,153.4010447761194,0.0,0.0,156.25,0.9999253857184062,1.0,1277.9558047000035,1000.0,1277.9558047000035,1000.0,0.0,0.0
10586,1680269880000.0,0.0,0.0,0.0,153.4010447761194,0.0,0.0,156.95,0.9999253857184062,1.0,1277.9558047000035,1000.0,1277.9558047000035,1000.0,0.0,0.0
10587,1680273480000.0,0.0,0.0,0.0,153.4010447761194,0.0,0.0,157.0,0.9999253857184062,1.0,1277.9558047000035,1000.0,1277.9558047000035,1000.0,0.0,0.0
10588,1680277080000.0,0.0,0.0,0.0,153.4010447761194,0.0,0.0,156.8,0.9999253857184062,1.0,1277.9558047000035,1000.0,1277.9558047000035,1000.0,0.0,0.0
10589,1680280680000.0,0.0,0.0,0.0,153.4010447761194,0.0,0.0,156.5,0.9999253857184062,1.0,1277.9558047000035,1000.0,1277.9558047000035,1000.0,0.0,0.0
10590,1680284280000.0,0.0,0.0,0.0,153.4010447761194,0.0,0.0,156.85,0.9999253857184062,1.0,1277.9558047000035,1000.0,1277.9558047000035,1000.0,0.0,0.0
10591,1680287880000.0,0.0,0.0,0.0,153.4010447761194,0.0,0.0,157.5,0.9999253857184062,1.0,1277.9558047000035,1000.0,1277.9558047000035,1000.0,0.0,0.0
10592,1680291480000.0,0.0,0.0,0.0,153.4010447761194,0.0,0.0,157.75,0.9999253857184062,1.0,1277.9558047000035,1000.0,1277.9558047000035,1000.0,0.0,0.0
10593,1680295080000.0,0.0,0.0,0.0,153.4010447761194,0.0,0.0,157.25,0.9999253857184062,1.0,1277.9558047000035,1000.0,1277.9558047000035,1000.0,0.0,0.0
10594,1680298680000.0,0.0,0.0,0.0,153.4010447761194,0.0,0.0,157.65,0.9999253857184062,1.0,1277.9558047000035,1000.0,1277.9558047000035,1000.0,0.0,0.0
10595,1680302280000.0,0.0,0.0,0.0,153.4010447761194,0.0,0.0,158.25,0.9999253857184062,1.0,1277.9558047000035,1000.0,1277.9558047000035,1000.0,0.0,0.0
10596,1680305880000.0,0.0,0.0,0.0,153.4010447761194,0.0,0.0,158.0,0.9999253857184062,1.0,1277.9558047000035,1000.0,1277.9558047000035,1000.0,0.0,0.0
10597,1680309480000.0,0.0,0.0,0.0,153.4010447761194,0.0,0.0,157.1,0.9999253857184062,1.0,1277.9558047000035,1000.0,1277.9558047000035,1000.0,0.0,0.0
10598,1680313080000.0,0.0,0.0,0.0,153.4010447761194,0.0,0.0,156.3,0.9999253857184062,1.0,1277.9558047000035,1000.0,1277.9558047000035,1000.0,0.0,0.0
10599,1680316680000.0,0.0,0.0,0.0,153.4010447761194,0.0,0.0,155.7,0.9999253857184062,1.0,1277.9558047000035,1000.0,1277.9558047000035,1000.0,0.0,0.0
10600,1680320280000.0,0.0,0.0,0.0,153.4010447761194,0.0,0.0,156.85,0.9999253857184062,1.0,1277.9558047000035,1000.0,1277.9558047000035,1000.0,0.0,0.0
10601,1680323880000.0,0.0,0.0,0.0,153.4010447761194,0.0,0.0,156.55,0.9999253857184062,1.0,1277.9558047000035,1000.0,1277.9558047000035,1000.0,0.0,0.0
10602,1680327480000.0,0.0,0.0,0.0,153.4010447761194,0.0,0.0,156.3,0.9999253857184062,1.0,1277.9558047000035,1000.0,1277.9558047000035,1000.0,0.0,0.0
10603,1680331080000.0,0.0,0.0,0.0,153.4010447761194,0.0,0.0,155.6,0.9999253857184062,1.0,1277.9558047000035,1000.0,1277.9558047000035,1000.0,0.0,0.0
10604,1680334680000.0,0.0,0.0,0.0,153.4010447761194,0.0,0.0,157.15,0.9999253857184062,1.0,1277.9558047000035,1000.0,1277.9558047000035,1000.0,0.0,0.0
10605,1680338280000.0,0.0,0.0,0.0,153.4010447761194,0.0,0.0,156.5,0.9999253857184062,1.0,1277.9558047000035,1000.0,1277.9558047000035,1000.0,0.0,0.0
10606,1680341880000.0,0.0,0.0,0.0,153.4010447761194,0.0,0.0,156.7,0.9999253857184062,1.0,1277.9558047000035,1000.0,1277.9558047000035,1000.0,0.0,0.0
10607,1680345480000.0,0.0,0.0,0.0,153.4010447761194,0.0,0.0,156.25,0.9999253857184062,1.0,1277.9558047000035,1000.0,1277.9558047000035,1000.0,0.0,0.0
10608,1680349080000.0,0.0,0.0,0.0,153.4010447761194,0.0,0.0,156.55,0.9999253857184062,1.0,1277.9558047000035,1000.0,1277.9558047000035,1000.0,0.0,0.0
10609,1680352680000.0,0.0,0.0,0.0,153.4010447761194,0.0,0.0,156.6,0.9999253857184062,1.0,1277.9558047000035,1000.0,1277.9558047000035,1000.0,0.0,0.0
10610,1680356280000.0,0.0,0.0,0.0,153.4010447761194,0.0,0.0,156.45,0.9999253857184062,1.0,1277.9558047000035,1000.0,1277.9558047000035,1000.0,0.0,0.0
10611,1680359880000.0,0.0,0.0,0.0,153.4010447761194,0.0,0.0,155.5,0.9999253857184062,1.0,1277.9558047000035,1000.0,1277.9558047000035,1000.0,0.0,0.0
10612,1680363480000.0,0.0,0.0,0.0,153.4010447761194,0.0,0.0,155.7,0.9999253857184062,1.0,1277.9558047000035,1000.0,1277.9558047000035,1000.0,0.0,0.0
10613,1680367080000.0,0.0,0.0,0.0,153.4010447761194,0.0,0.0,155.4,0.9999253857184062,1.0,1277.9558047000035,1000.0,1277.9558047000035,1000.0,0.0,0.0
10614,1680370680000.0,0.0,0.0,0.0,153.4010447761194,0.0,0.0,154.45,0.9999253857184062,1.0,1277.9558047000035,1000.0,1277.9558047000035,1000.0,0.0,0.0
10615,1680374280000.0,0.0,0.0,0.0,153.4010447761194,0.0,0.0,154.75,0.9999253857184062,1.0,1277.9558047000035,1000.0,1277.9558047000035,1000.0,0.0,0.0
10616,1680377880000.0,0.0,0.0,0.0,153.4010447761194,0.0,0.0,155.0,0.9999253857184062,1.0,1277.9558047000035,1000.0,1277.9558047000035,1000.0,0.0,0.0
10617,1680381480000.0,0.0,0.0,0.0,153.4010447761194,0.0,0.0,155.85,0.9999253857184062,1.0,1277.9558047000035,1000.0,1277.9558047000035,1000.0,0.0,0.0
10618,1680385080000.0,0.0,0.0,0.0,153.4010447761194,0.0,0.0,156.15,0.9999253857184062,1.0,1277.9558047000035,1000.0,1277.9558047000035,1000.0,0.0,0.0
10619,1680388680000.0,0.0,0.0,0.0,153.4010447761194,0.0,0.0,156.35,0.9999253857184062,1.0,1277.9558047000035,1000.0,1277.9558047000035,1000.0,0.0,0.0
10620,1680392280000.0,0.0,0.0,0.0,153.4010447761194,0.0,0.0,156.7,0.9999253857184062,1.0,1277.9558047000035,1000.0,1277.9558047000035,1000.0,0.0,0.0
10621,1680395880000.0,0.0,0.0,0.0,153.4010447761194,0.0,0.0,157.05,0.9999253857184062,1.0,1277.9558047000035,1000.0,1277.9558047000035,1000.0,0.0,0.0
10622,1680399480000.0,0.0,0.0,0.0,153.4010447761194,0.0,0.0,157.25,0.9999253857184062,1.0,1277.9558047000035,1000.0,1277.9558047000035,1000.0,0.0,0.0
10623,1680403080000.0,0.0,0.0,0.0,153.4010447761194,0.0,0.0,158.0,0.9999253857184062,1.0,1277.9558047000035,1000.0,1277.9558047000035,1000.0,0.0,0.0
10624,1680406680000.0,0.0,0.0,0.0,153.4010447761194,0.0,0.0,158.55,0.9999253857184062,1.0,1277.9558047000035,1000.0,1277.9558047000035,1000.0,0.0,0.0
10625,1680410280000.0,0.0,0.0,0.0,153.4010447761194,0.0,0.0,158.35,0.9999253857184062,1.0,1277.9558047000035,1000.0,1277.9558047000035,1000.0,0.0,0.0
10626,1680413880000.0,0.0,0.0,0.0,153.4010447761194,0.0,0.0,159.0,0.9999253857184062,1.0,1277.9558047000035,1000.0,1277.9558047000035,1000.0,0.0,0.0
10627,1680417480000.0,0.0,0.0,0.0,153.4010447761194,0.0,0.0,158.6,0.9999253857184062,1.0,1277.9558047000035,1000.0,1277.9558047000035,1000.0,0.0,0.0
10628,1680421080000.0,0.0,0.0,0.0,153.4010447761194,0.0,0.0,159.1,0.9999253857184062,1.0,1277.9558047000035,1000.0,1277.9558047000035,1000.0,0.0,0.0
10629,1680424680000.0,0.0,0.0,0.0,153.4010447761194,0.0,0.0,158.85,0.9999253857184062,1.0,1277.9558047000035,1000.0,1277.9558047000035,1000.0,0.0,0.0
10630,1680428280000.0,0.0,0.0,0.0,153.4010447761194,0.0,0.0,158.5,0.9999253857184062,1.0,1277.9558047000035,1000.0,1277.9558047000035,1000.0,0.0,0.0
10631,1680431880000.0,0.0,0.0,0.0,153.4010447761194,0.0,0.0,159.25,0.9999253857184062,1.0,1277.9558047000035,1000.0,1277.9558047000035,1000.0,0.0,0.0
10632,1680435480000.0,0.0,0.0,0.0,153.4010447761194,0.0,0.0,158.9,0.9999253857184062,1.0,1277.9558047000035,1000.0,1277.9558047000035,1000.0,0.0,0.0
10633,1680439080000.0,0.0,0.0,0.0,153.4010447761194,0.0,0.0,159.0,0.9999253857184062,1.0,1277.9558047000035,1000.0,1277.9558047000035,1000.0,0.0,0.0
10634,1680442680000.0,0.0,0.0,0.0,153.4010447761194,0.0,0.0,158.75,0.9999253857184062,1.0,1277.9558047000035,1000.0,1277.9558047000035,1000.0,0.0,0.0
10635,1680446280000.0,0.0,0.0,0.0,153.4010447761194,0.0,0.0,158.35,0.9999253857184062,1.0,1277.9558047000035,1000.0,1277.9558047000035,1000.0,0.0,0.0
10636,1680449880000.0,0.0,0.0,0.0,153.4010447761194,0.0,0.0,157.05,0.9999253857184062,1.0,1277.9558047000035,1000.0,1277.9558047000035,1000.0,0.0,0.0
10637,1680453480000.0,0.0,0.0,0.0,153.4010447761194,0.0,0.0,157.35,0.9999253857184062,1.0,1277.9558047000035,1000.0,1277.9558047000035,1000.0,0.0,0.0
10638,1680457080000.0,0.0,0.0,0.0,153.4010447761194,0.0,0.0,159.7,0.9999253857184062,1.0,1277.9558047000035,1000.0,1277.9558047000035,1000.0,0.0,0.0
10639,1680460680000.0,0.0,0.0,0.0,153.4010447761194,0.0,0.0,160.2,0.9999253857184062,1.0,1277.9558047000035,1000.0,1277.9558047000035,1000.0,0.0,0.0
10640,1680464280000.0,0.0,0.0,0.0,153.4010447761194,0.0,0.0,159.65,0.9999253857184062,1.0,1277.9558047000035,1000.0,1277.9558047000035,1000.0,0.0,0.0
10641,1680467880000.0,0.0,0.0,0.0,153.4010447761194,0.0,0.0,159.95,0.9999253857184062,1.0,1277.9558047000035,1000.0,1277.9558047000035,1000.0,0.0,0.0
10642,1680471480000.0,0.0,0.0,0.0,153.4010447761194,0.0,0.0,160.3,0.9999253857184062,1.0,1277.9558047000035,1000.0,1277.9558047000035,1000.0,0.0,0.0
10643,1680475080000.0,0.0,0.0,0.0,153.4010447761194,0.0,0.0,160.0,0.9999253857184062,1.0,1277.9558047000035,1000.0,1277.9558047000035,1000.0,0.0,0.0
10644,1680478680000.0,0.0,0.0,0.0,153.4010447761194,0.0,0.0,160.75,0.9999253857184062,1.0,1277.9558047000035,1000.0,1277.9558047000035,1000.0,0.0,0.0
10645,1680482280000.0,0.0,0.0,0.0,153.4010447761194,0.0,0.0,159.45,0.9999253857184062,1.0,1277.9558047000035,1000.0,1277.9558047000035,1000.0,0.0,0.0
10646,1680485880000.0,0.0,0.0,0.0,153.4010447761194,0.0,0.0,158.75,0.9999253857184062,1.0,1277.9558047000035,1000.0,1277.9558047000035,1000.0,0.0,0.0
10647,1680489480000.0,0.0,0.0,0.0,153.4010447761194,0.0,0.0,157.6,0.9999253857184062,1.0,1277.9558047000035,1000.0,1277.9558047000035,1000.0,0.0,0.0
10648,1680493080000.0,0.0,0.0,0.0,153.4010447761194,0.0,0.0,158.1,0.9999253857184062,1.0,1277.9558047000035,1000.0,1277.9558047000035,1000.0,0.0,0.0
10649,1680496680000.0,0.0,0.0,0.0,153.4010447761194,0.0,0.0,158.8,0.9999253857184062,1.0,1277.9558047000035,1000.0,1277.9558047000035,1000.0,0.0,0.0
10650,1680500280000.0,0.0,0.0,0.0,153.4010447761194,0.0,0.0,159.65,0.9999253857184062,1.0,1277.9558047000035,1000.0,1277.9558047000035,1000.0,0.0,0.0
10651,1680503880000.0,0.0,0.0,0.0,153.4010447761194,0.0,0.0,160.05,0.9999253857184062,1.0,1277.9558047000035,1000.0,1277.9558047000035,1000.0,0.0,0.0
10652,1680507480000.0,0.0,0.0,0.0,153.4010447761194,0.0,0.0,160.5,0.9999253857184062,1.0,1277.9558047000035,1000.0,1277.9558047000035,1000.0,0.0,0.0
10653,1680511080000.0,0.0,0.0,0.0,153.4010447761194,0.0,0.0,160.75,0.9999253857184062,1.0,1277.9558047000035,1000.0,1277.9558047000035,1000.0,0.0,0.0
10654,1680514680000.0,0.0,0.0,0.0,153.4010447761194,0.0,0.0,160.85,0.9999253857184062,1.0,1277.9558047000035,1000.0,1277.9558047000035,1000.0,0.0,0.0
10655,1680518280000.0,0.0,0.0,0.0,153.4010447761194,0.0,0.0,160.95,0.9999253857184062,1.0,1277.9558047000035,1000.0,1277.9558047000035,1000.0,0.0,0.0
10656,1680521880000.0,0.0,0.0,0.0,153.4010447761194,0.0,0.0,160.2,0.9999253857184062,1.0,1277.9558047000035,1000.0,1277.9558047000035,1000.0,0.0,0.0
10657,1680525480000.0,0.0,0.0,0.0,153.4010447761194,0.0,0.0,160.25,0.9999253857184062,1.0,1277.9558047000035,1000.0,1277.9558047000035,1000.0,0.0,0.0
10658,1680529080000.0,0.0,0.0,0.0,153.4010447761194,0.0,0.0,160.6,0.9999253857184062,1.0,1277.9558047000035,1000.0,1277.9558047000035,1000.0,0.0,0.0
10659,1680532680000.0,0.0,0.0,0.0,153.4010447761194,0.0,0.0,159.5,0.9999253857184062,1.0,1277.9558047000035,1000.0,1277.9558047000035,1000.0,0.0,0.0
10660,1680536280000.0,0.0,0.0,0.0,153.4010447761194,0.0,0.0,160.4,0.9999253857184062,1.0,1277.9558047000035,1000.0,1277.9558047000035,1000.0,0.0,0.0
10661,1680539880000.0,0.0,0.0,0.0,153.4010447761194,0.0,0.0,159.35,0.9999253857184062,1.0,1277.9558047000035,1000.0,1277.9558047000035,1000.0,0.0,0.0
10662,1680543480000.0,0.0,0.0,0.0,153.4010447761194,0.0,0.0,158.5,0.9999253857184062,1.0,1277.9558047000035,1000.0,1277.9558047000035,1000.0,0.0,0.0
10663,1680547080000.0,0.0,0.0,0.0,153.4010447761194,0.0,0.0,157.75,0.9999253857184062,1.0,1277.9558047000035,1000.0,1277.9558047000035,1000.0,0.0,0.0
10664,1680550680000.0,0.0,0.0,0.0,153.4010447761194,0.0,0.0,158.8,0.9999253857184062,1.0,1277.9558047000035,1000.0,1277.9558047000035,1000.0,0.0,0.0
10665,1680554280000.0,0.0,0.0,0.0,153.4010447761194,0.0,0.0,157.35,0.9999253857184062,1.0,1277.9558047000035,1000.0,1277.9558047000035,1000.0,0.0,0.0
10666,1680557880000.0,0.0,0.0,0.0,153.4010447761194,0.0,0.0,156.25,0.9999253857184062,1.0,1277.9558047000035,1000.0,1277.9558047000035,1000.0,0.0,0.0
10667,1680561480000.0,0.0,0.0,0.0,153.4010447761194,0.0,0.0,156.55,0.9999253857184062,1.0,1277.9558047000035,1000.0,1277.9558047000035,1000.0,0.0,0.0
10668,1680565080000.0,0.0,0.0,0.0,153.4010447761194,0.0,0.0,157.3,0.9999253857184062,1.0,1277.9558047000035,1000.0,1277.9558047000035,1000.0,0.0,0.0
10669,1680568680000.0,0.0,0.0,0.0,153.4010447761194,0.0,0.0,155.8,0.9999253857184062,1.0,1277.9558047000035,1000.0,1277.9558047000035,1000.0,0.0,0.0
10670,1680572280000.0,0.0,0.0,0.0,153.4010447761194,0.0,0.0,156.5,0.9999253857184062,1.0,1277.9558047000035,1000.0,1277.9558047000035,1000.0,0.0,0.0
10671,1680575880000.0,0.0,0.0,0.0,153.4010447761194,0.0,0.0,158.85,0.9999253857184062,1.0,1277.9558047000035,1000.0,1277.9558047000035,1000.0,0.0,0.0
10672,1680579480000.0,0.0,0.0,0.0,153.4010447761194,0.0,0.0,158.6,0.9999253857184062,1.0,1277.9558047000035,1000.0,1277.9558047000035,1000.0,0.0,0.0
10673,1680583080000.0,0.0,0.0,0.0,153.4010447761194,0.0,0.0,158.4,0.9999253857184062,1.0,1277.9558047000035,1000.0,1277.9558047000035,1000.0,0.0,0.0
10674,1680586680000.0,0.0,0.0,0.0,153.4010447761194,0.0,0.0,158.35,0.9999253857184062,1.0,1277.9558047000035,1000.0,1277.9558047000035,1000.0,0.0,0.0
10675,1680590280000.0,0.0,0.0,0.0,153.4010447761194,0.0,0.0,158.45,0.9999253857184062,1.0,1277.9558047000035,1000.0,1277.9558047000035,1000.0,0.0,0.0
10676,1680593880000.0,0.0,0.0,0.0,153.4010447761194,0.0,0.0,158.75,0.9999253857184062,1.0,1277.9558047000035,1000.0,1277.9558047000035,1000.0,0.0,0.0
10677,1680597480000.0,0.0,0.0,0.0,153.4010447761194,0.0,0.0,159.0,0.9999253857184062,1.0,1277.9558047000035,1000.0,1277.9558047000035,1000.0,0.0,0.0
10678,1680601080000.0,0.0,0.0,0.0,153.4010447761194,0.0,0.0,158.45,0.9999253857184062,1.0,1277.9558047000035,1000.0,1277.9558047000035,1000.0,0.0,0.0
10679,1680604680000.0,0.0,0.0,0.0,153.4010447761194,0.0,0.0,158.0,0.9999253857184062,1.0,1277.9558047000035,1000.0,1277.9558047000035,1000.0,0.0,0.0
10680,1680608280000.0,0.0,0.0,0.0,153.4010447761194,0.0,0.0,157.3,0.9999253857184062,1.0,1277.9558047000035,1000.0,1277.9558047000035,1000.0,0.0,0.0
10681,1680611880000.0,0.0,0.0,0.0,153.4010447761194,0.0,0.0,156.9,0.9999253857184062,1.0,1277.9558047000035,1000.0,1277.9558047000035,1000.0,0.0,0.0
10682,1680615480000.0,0.0,0.0,0.0,153.4010447761194,0.0,0.0,157.6,0.9999253857184062,1.0,1277.9558047000035,1000.0,1277.9558047000035,1000.0,0.0,0.0
10683,1680619080000.0,0.0,0.0,0.0,153.4010447761194,0.0,0.0,158.0,0.9999253857184062,1.0,1277.9558047000035,1000.0,1277.9558047000035,1000.0,0.0,0.0
10684,1680622680000.0,0.0,0.0,0.0,153.4010447761194,0.0,0.0,157.35,0.9999253857184062,1.0,1277.9558047000035,1000.0,1277.9558047000035,1000.0,0.0,0.0
10685,1680626280000.0,0.0,0.0,0.0,153.4010447761194,0.0,0.0,156.6,0.9999253857184062,1.0,1277.9558047000035,1000.0,1277.9558047000035,1000.0,0.0,0.0
10686,1680629880000.0,0.0,0.0,0.0,153.4010447761194,0.0,0.0,157.15,0.9999253857184062,1.0,1277.9558047000035,1000.0,1277.9558047000035,1000.0,0.0,0.0
10687,1680633480000.0,0.0,0.0,0.0,153.4010447761194,0.0,0.0,157.25,0.9999253857184062,1.0,1277.9558047000035,1000.0,1277.9558047000035,1000.0,0.0,0.0
10688,1680637080000.0,0.0,0.0,0.0,153.4010447761194,0.0,0.0,157.9,0.9999253857184062,1.0,1277.9558047000035,1000.0,1277.9558047000035,1000.0,0.0,0.0
10689,1680640680000.0,0.0,0.0,0.0,153.4010447761194,0.0,0.0,158.3,0.9999253857184062,1.0,1277.9558047000035,1000.0,1277.9558047000035,1000.0,0.0,0.0
10690,1680644280000.0,0.0,0.0,0.0,153.4010447761194,0.0,0.0,158.35,0.9999253857184062,1.0,1277.9558047000035,1000.0,1277.9558047000035,1000.0,0.0,0.0
10691,1680647880000.0,0.0,0.0,0.0,153.4010447761194,0.0,0.0,158.4,0.9999253857184062,1.0,1277.9558047000035,1000.0,1277.9558047000035,1000.0,0.0,0.0
10692,1680651480000.0,0.0,0.0,0.0,153.4010447761194,0.0,0.0,158.55,0.9999253857184062,1.0,1277.9558047000035,1000.0,1277.9558047000035,1000.0,0.0,0.0
10693,1680655080000.0,0.0,0.0,0.0,153.4010447761194,0.0,0.0,158.75,0.9999253857184062,1.0,1277.9558047000035,1000.0,1277.9558047000035,1000.0,0.0,0.0
10694,1680658680000.0,0.0,0.0,0.0,153.4010447761194,0.0,0.0,159.7,0.9999253857184062,1.0,1277.9558047000035,1000.0,1277.9558047000035,1000.0,0.0,0.0
10695,1680662280000.0,0.0,0.0,0.0,153.4010447761194,0.0,0.0,159.5,0.9999253857184062,1.0,1277.9558047000035,1000.0,1277.9558047000035,1000.0,0.0,0.0
10696,1680665880000.0,0.0,0.0,0.0,153.4010447761194,0.0,0.0,159.25,0.9999253857184062,1.0,1277.9558047000035,1000.0,1277.9558047000035,1000.0,0.0,0.0
10697,1680669480000.0,0.0,0.0,0.0,153.4010447761194,0.0,0.0,159.25,0.9999253857184062,1.0,1277.9558047000035,1000.0,1277.9558047000035,1000.0,0.0,0.0
10698,1680673080000.0,0.0,0.0,0.0,153.4010447761194,0.0,0.0,159.55,0.9999253857184062,1.0,1277.9558047000035,1000.0,1277.9558047000035,1000.0,0.0,0.0
10699,1680676680000.0,0.0,0.0,0.0,153.4010447761194,0.0,0.0,159.95,0.9999253857184062,1.0,1277.9558047000035,1000.0,1277.9558047000035,1000.0,0.0,0.0
10700,1680680280000.0,0.0,0.0,0.0,153.4010447761194,0.0,0.0,158.5,0.9999253857184062,1.0,1277.9558047000035,1000.0,1277.9558047000035,1000.0,0.0,0.0
10701,1680683880000.0,0.0,0.0,0.0,153.4010447761194,0.0,0.0,158.5,0.9999253857184062,1.0,1277.9558047000035,1000.0,1277.9558047000035,1000.0,0.0,0.0
10702,1680687480000.0,0.0,0.0,0.0,153.4010447761194,0.0,0.0,157.95,0.9999253857184062,1.0,1277.9558047000035,1000.0,1277.9558047000035,1000.0,0.0,0.0
10703,1680691080000.0,0.0,0.0,0.0,153.4010447761194,0.0,0.0,157.55,0.9999253857184062,1.0,1277.9558047000035,1000.0,1277.9558047000035,1000.0,0.0,0.0
10704,1680694680000.0,0.0,0.0,0.0,153.4010447761194,0.0,0.0,157.3,0.9999253857184062,1.0,1277.9558047000035,1000.0,1277.9558047000035,1000.0,0.0,0.0
10705,1680698280000.0,0.0,0.0,0.0,153.4010447761194,0.0,0.0,157.1,0.9999253857184062,1.0,1277.9558047000035,1000.0,1277.9558047000035,1000.0,0.0,0.0
10706,1680701880000.0,0.0,0.0,0.0,153.4010447761194,0.0,0.0,157.85,0.9999253857184062,1.0,1277.9558047000035,1000.0,1277.9558047000035,1000.0,0.0,0.0
10707,1680705480000.0,0.0,0.0,0.0,153.4010447761194,0.0,0.0,157.5,0.9999253857184062,1.0,1277.9558047000035,1000.0,1277.9558047000035,1000.0,0.0,0.0
10708,1680709080000.0,0.0,0.0,0.0,153.4010447761194,0.0,0.0,157.35,0.9999253857184062,1.0,1277.9558047000035,1000.0,1277.9558047000035,1000.0,0.0,0.0
10709,1680712680000.0,0.0,0.0,0.0,153.4010447761194,0.0,0.0,156.35,0.9999253857184062,1.0,1277.9558047000035,1000.0,1277.9558047000035,1000.0,0.0,0.0
10710,1680716280000.0,0.0,0.0,0.0,153.4010447761194,0.0,0.0,157.1,0.9999253857184062,1.0,1277.9558047000035,1000.0,1277.9558047000035,1000.0,0.0,0.0
10711,1680719880000.0,0.0,0.0,0.0,153.4010447761194,0.0,0.0,157.15,0.9999253857184062,1.0,1277.9558047000035,1000.0,1277.9558047000035,1000.0,0.0,0.0
10712,1680723480000.0,0.0,0.0,0.0,153.4010447761194,0.0,0.0,157.5,0.9999253857184062,1.0,1277.9558047000035,1000.0,1277.9558047000035,1000.0,0.0,0.0
10713,1680727080000.0,0.0,0.0,0.0,153.4010447761194,0.0,0.0,157.7,0.9999253857184062,1.0,1277.9558047000035,1000.0,1277.9558047000035,1000.0,0.0,0.0
10714,1680730680000.0,0.0,0.0,0.0,153.4010447761194,0.0,0.0,157.7,0.9999253857184062,1.0,1277.9558047000035,1000.0,1277.9558047000035,1000.0,0.0,0.0
10715,1680734280000.0,0.0,0.0,0.0,153.4010447761194,0.0,0.0,157.8,0.9999253857184062,1.0,1277.9558047000035,1000.0,1277.9558047000035,1000.0,0.0,0.0
10716,1680737880000.0,0.0,0.0,0.0,153.4010447761194,0.0,0.0,158.05,0.9999253857184062,1.0,1277.9558047000035,1000.0,1277.9558047000035,1000.0,0.0,0.0
10717,1680741480000.0,0.0,0.0,0.0,153.4010447761194,0.0,0.0,157.75,0.9999253857184062,1.0,1277.9558047000035,1000.0,1277.9558047000035,1000.0,0.0,0.0
10718,1680745080000.0,0.0,0.0,0.0,153.4010447761194,0.0,0.0,157.5,0.9999253857184062,1.0,1277.9558047000035,1000.0,1277.9558047000035,1000.0,0.0,0.0
10719,1680748680000.0,0.0,0.0,0.0,153.4010447761194,0.0,0.0,157.85,0.9999253857184062,1.0,1277.9558047000035,1000.0,1277.9558047000035,1000.0,0.0,0.0
10720,1680752280000.0,0.0,0.0,0.0,153.4010447761194,0.0,0.0,158.1,0.9999253857184062,1.0,1277.9558047000035,1000.0,1277.9558047000035,1000.0,0.0,0.0
10721,1680755880000.0,0.0,0.0,0.0,153.4010447761194,0.0,0.0,158.15,0.9999253857184062,1.0,1277.9558047000035,1000.0,1277.9558047000035,1000.0,0.0,0.0
10722,1680759480000.0,0.0,0.0,0.0,153.4010447761194,0.0,0.0,157.95,0.9999253857184062,1.0,1277.9558047000035,1000.0,1277.9558047000035,1000.0,0.0,0.0
10723,1680763080000.0,0.0,0.0,0.0,153.4010447761194,0.0,0.0,158.25,0.9999253857184062,1.0,1277.9558047000035,1000.0,1277.9558047000035,1000.0,0.0,0.0
10724,1680766680000.0,0.0,0.0,0.0,153.4010447761194,0.0,0.0,158.1,0.9999253857184062,1.0,1277.9558047000035,1000.0,1277.9558047000035,1000.0,0.0,0.0
10725,1680770280000.0,0.0,0.0,0.0,153.4010447761194,0.0,0.0,157.5,0.9999253857184062,1.0,1277.9558047000035,1000.0,1277.9558047000035,1000.0,0.0,0.0
10726,1680773880000.0,0.0,0.0,0.0,153.4010447761194,0.0,0.0,157.25,0.9999253857184062,1.0,1277.9558047000035,1000.0,1277.9558047000035,1000.0,0.0,0.0
10727,1680777480000.0,0.0,0.0,0.0,153.4010447761194,0.0,0.0,157.1,0.9999253857184062,1.0,1277.9558047000035,1000.0,1277.9558047000035,1000.0,0.0,0.0
10728,1680781080000.0,0.0,0.0,0.0,153.4010447761194,0.0,0.0,157.55,0.9999253857184062,1.0,1277.9558047000035,1000.0,1277.9558047000035,1000.0,0.0,0.0
10729,1680784680000.0,0.0,0.0,0.0,153.4010447761194,0.0,0.0,158.35,0.9999253857184062,1.0,1277.9558047000035,1000.0,1277.9558047000035,1000.0,0.0,0.0
10730,1680788280000.0,0.0,0.0,0.0,153.4010447761194,0.0,0.0,157.9,0.9999253857184062,1.0,1277.9558047000035,1000.0,1277.9558047000035,1000.0,0.0,0.0
10731,1680791880000.0,0.0,0.0,0.0,153.4010447761194,0.0,0.0,157.55,0.9999253857184062,1.0,1277.9558047000035,1000.0,1277.9558047000035,1000.0,0.0,0.0
10732,1680795480000.0,0.0,0.0,0.0,153.4010447761194,0.0,0.0,157.1,0.9999253857184062,1.0,1277.9558047000035,1000.0,1277.9558047000035,1000.0,0.0,0.0
10733,1680799080000.0,0.0,0.0,0.0,153.4010447761194,0.0,0.0,156.7,0.9999253857184062,1.0,1277.9558047000035,1000.0,1277.9558047000035,1000.0,0.0,0.0
10734,1680802680000.0,0.0,0.0,0.0,153.4010447761194,0.0,0.0,156.75,0.9999253857184062,1.0,1277.9558047000035,1000.0,1277.9558047000035,1000.0,0.0,0.0
10735,1680806280000.0,0.0,0.0,0.0,153.4010447761194,0.0,0.0,156.6,0.9999253857184062,1.0,1277.9558047000035,1000.0,1277.9558047000035,1000.0,0.0,0.0
10736,1680809880000.0,0.0,0.0,0.0,153.4010447761194,0.0,0.0,157.5,0.9999253857184062,1.0,1277.9558047000035,1000.0,1277.9558047000035,1000.0,0.0,0.0
10737,1680813480000.0,0.0,0.0,0.0,153.4010447761194,0.0,0.0,157.25,0.9999253857184062,1.0,1277.9558047000035,1000.0,1277.9558047000035,1000.0,0.0,0.0
10738,1680817080000.0,0.0,0.0,0.0,153.4010447761194,0.0,0.0,156.7,0.9999253857184062,1.0,1277.9558047000035,1000.0,1277.9558047000035,1000.0,0.0,0.0
10739,1680820680000.0,0.0,0.0,0.0,153.4010447761194,0.0,0.0,156.45,0.9999253857184062,1.0,1277.9558047000035,1000.0,1277.9558047000035,1000.0,0.0,0.0
10740,1680824280000.0,0.0,0.0,0.0,153.4010447761194,0.0,0.0,156.5,0.9999253857184062,1.0,1277.9558047000035,1000.0,1277.9558047000035,1000.0,0.0,0.0
10741,1680827880000.0,0.0,0.0,0.0,153.4010447761194,0.0,0.0,156.55,0.9999253857184062,1.0,1277.9558047000035,1000.0,1277.9558047000035,1000.0,0.0,0.0
10742,1680831480000.0,0.0,0.0,0.0,153.4010447761194,0.0,0.0,155.65,0.9999253857184062,1.0,1277.9558047000035,1000.0,1277.9558047000035,1000.0,0.0,0.0
10743,1680835080000.0,0.0,0.0,0.0,153.4010447761194,0.0,0.0,155.65,0.9999253857184062,1.0,1277.9558047000035,1000.0,1277.9558047000035,1000.0,0.0,0.0
10744,1680838680000.0,0.0,0.0,0.0,153.4010447761194,0.0,0.0,155.5,0.9999253857184062,1.0,1277.9558047000035,1000.0,1277.9558047000035,1000.0,0.0,0.0
10745,1680842280000.0,0.0,0.0,0.0,153.4010447761194,0.0,0.0,155.85,0.9999253857184062,1.0,1277.9558047000035,1000.0,1277.9558047000035,1000.0,0.0,0.0
10746,1680845880000.0,0.0,0.0,0.0,153.4010447761194,0.0,0.0,156.05,0.9999253857184062,1.0,1277.9558047000035,1000.0,1277.9558047000035,1000.0,0.0,0.0
10747,1680849480000.0,0.0,0.0,0.0,153.4010447761194,0.0,0.0,156.1,0.9999253857184062,1.0,1277.9558047000035,1000.0,1277.9558047000035,1000.0,0.0,0.0
10748,1680853080000.0,0.0,0.0,0.0,153.4010447761194,0.0,0.0,156.55,0.9999253857184062,1.0,1277.9558047000035,1000.0,1277.9558047000035,1000.0,0.0,0.0
10749,1680856680000.0,0.0,0.0,0.0,153.4010447761194,0.0,0.0,156.8,0.9999253857184062,1.0,1277.9558047000035,1000.0,1277.9558047000035,1000.0,0.0,0.0
10750,1680860280000.0,0.0,0.0,0.0,153.4010447761194,0.0,0.0,155.95,0.9999253857184062,1.0,1277.9558047000035,1000.0,1277.9558047000035,1000.0,0.0,0.0
10751,1680863880000.0,0.0,0.0,0.0,153.4010447761194,0.0,0.0,156.65,0.9999253857184062,1.0,1277.9558047000035,1000.0,1277.9558047000035,1000.0,0.0,0.0
10752,1680867480000.0,0.0,0.0,0.0,153.4010447761194,0.0,0.0,157.05,0.9999253857184062,1.0,1277.9558047000035,1000.0,1277.9558047000035,1000.0,0.0,0.0
10753,1680871080000.0,0.0,0.0,0.0,153.4010447761194,0.0,0.0,156.95,0.9999253857184062,1.0,1277.9558047000035,1000.0,1277.9558047000035,1000.0,0.0,0.0
10754,1680874680000.0,0.0,0.0,0.0,153.4010447761194,0.0,0.0,157.4,0.9999253857184062,1.0,1277.9558047000035,1000.0,1277.9558047000035,1000.0,0.0,0.0
10755,1680878280000.0,0.0,0.0,0.0,153.4010447761194,0.0,0.0,157.65,0.9999253857184062,1.0,1277.9558047000035,1000.0,1277.9558047000035,1000.0,0.0,0.0
10756,1680881880000.0,0.0,0.0,0.0,153.4010447761194,0.0,0.0,156.95,0.9999253857184062,1.0,1277.9558047000035,1000.0,1277.9558047000035,1000.0,0.0,0.0
10757,1680885480000.0,0.0,0.0,0.0,153.4010447761194,0.0,0.0,156.35,0.9999253857184062,1.0,1277.9558047000035,1000.0,1277.9558047000035,1000.0,0.0,0.0
10758,1680889080000.0,0.0,0.0,0.0,153.4010447761194,0.0,0.0,157.0,0.9999253857184062,1.0,1277.9558047000035,1000.0,1277.9558047000035,1000.0,0.0,0.0
10759,1680892680000.0,0.0,0.0,0.0,153.4010447761194,0.0,0.0,157.5,0.9999253857184062,1.0,1277.9558047000035,1000.0,1277.9558047000035,1000.0,0.0,0.0
10760,1680896280000.0,0.0,0.0,0.0,153.4010447761194,0.0,0.0,157.05,0.9999253857184062,1.0,1277.9558047000035,1000.0,1277.9558047000035,1000.0,0.0,0.0
10761,1680899880000.0,0.0,0.0,0.0,153.4010447761194,0.0,0.0,156.75,0.9999253857184062,1.0,1277.9558047000035,1000.0,1277.9558047000035,1000.0,0.0,0.0
10762,1680903480000.0,0.0,0.0,0.0,153.4010447761194,0.0,0.0,156.7,0.9999253857184062,1.0,1277.9558047000035,1000.0,1277.9558047000035,1000.0,0.0,0.0
10763,1680907080000.0,0.0,0.0,0.0,153.4010447761194,0.0,0.0,156.85,0.9999253857184062,1.0,1277.9558047000035,1000.0,1277.9558047000035,1000.0,0.0,0.0
10764,1680910680000.0,0.0,0.0,0.0,153.4010447761194,0.0,0.0,156.7,0.9999253857184062,1.0,1277.9558047000035,1000.0,1277.9558047000035,1000.0,0.0,0.0
10765,1680914280000.0,0.0,0.0,0.0,153.4010447761194,0.0,0.0,157.3,0.9999253857184062,1.0,1277.9558047000035,1000.0,1277.9558047000035,1000.0,0.0,0.0
10766,1680917880000.0,0.0,0.0,0.0,153.4010447761194,0.0,0.0,157.1,0.9999253857184062,1.0,1277.9558047000035,1000.0,1277.9558047000035,1000.0,0.0,0.0
10767,1680921480000.0,0.0,0.0,0.0,153.4010447761194,0.0,0.0,157.25,0.9999253857184062,1.0,1277.9558047000035,1000.0,1277.9558047000035,1000.0,0.0,0.0
10768,1680925080000.0,0.0,0.0,0.0,153.4010447761194,0.0,0.0,157.75,0.9999253857184062,1.0,1277.9558047000035,1000.0,1277.9558047000035,1000.0,0.0,0.0
10769,1680928680000.0,0.0,0.0,0.0,153.4010447761194,0.0,0.0,157.65,0.9999253857184062,1.0,1277.9558047000035,1000.0,1277.9558047000035,1000.0,0.0,0.0
10770,1680932280000.0,0.0,0.0,0.0,153.4010447761194,0.0,0.0,157.8,0.9999253857184062,1.0,1277.9558047000035,1000.0,1277.9558047000035,1000.0,0.0,0.0
10771,1680935880000.0,0.0,0.0,0.0,153.4010447761194,0.0,0.0,158.05,0.9999253857184062,1.0,1277.9558047000035,1000.0,1277.9558047000035,1000.0,0.0,0.0
10772,1680939480000.0,0.0,0.0,0.0,153.4010447761194,0.0,0.0,158.0,0.9999253857184062,1.0,1277.9558047000035,1000.0,1277.9558047000035,1000.0,0.0,0.0
10773,1680943080000.0,0.0,0.0,0.0,153.4010447761194,0.0,0.0,158.2,0.9999253857184062,1.0,1277.9558047000035,1000.0,1277.9558047000035,1000.0,0.0,0.0
10774,1680946680000.0,0.0,0.0,0.0,153.4010447761194,0.0,0.0,158.25,0.9999253857184062,1.0,1277.9558047000035,1000.0,1277.9558047000035,1000.0,0.0,0.0
10775,1680950280000.0,0.0,0.0,0.0,153.4010447761194,0.0,0.0,158.7,0.9999253857184062,1.0,1277.9558047000035,1000.0,1277.9558047000035,1000.0,0.0,0.0
10776,1680953880000.0,0.0,0.0,0.0,153.4010447761194,0.0,0.0,158.85,0.9999253857184062,1.0,1277.9558047000035,1000.0,1277.9558047000035,1000.0,0.0,0.0
10777,1680957480000.0,0.0,0.0,0.0,153.4010447761194,0.0,0.0,158.25,0.9999253857184062,1.0,1277.9558047000035,1000.0,1277.9558047000035,1000.0,0.0,0.0
10778,1680961080000.0,0.0,0.0,0.0,153.4010447761194,0.0,0.0,158.5,0.9999253857184062,1.0,1277.9558047000035,1000.0,1277.9558047000035,1000.0,0.0,0.0
10779,1680964680000.0,0.0,0.0,0.0,153.4010447761194,0.0,0.0,158.35,0.9999253857184062,1.0,1277.9558047000035,1000.0,1277.9558047000035,1000.0,0.0,0.0
10780,1680968280000.0,0.0,0.0,0.0,153.4010447761194,0.0,0.0,158.2,0.9999253857184062,1.0,1277.9558047000035,1000.0,1277.9558047000035,1000.0,0.0,0.0
10781,1680971880000.0,0.0,0.0,0.0,153.4010447761194,0.0,0.0,158.35,0.9999253857184062,1.0,1277.9558047000035,1000.0,1277.9558047000035,1000.0,0.0,0.0
10782,1680975480000.0,0.0,0.0,0.0,153.4010447761194,0.0,0.0,158.95,0.9999253857184062,1.0,1277.9558047000035,1000.0,1277.9558047000035,1000.0,0.0,0.0
10783,1680979080000.0,0.0,0.0,0.0,153.4010447761194,0.0,0.0,158.65,0.9999253857184062,1.0,1277.9558047000035,1000.0,1277.9558047000035,1000.0,0.0,0.0
10784,1680982680000.0,0.0,0.0,0.0,153.4010447761194,0.0,0.0,158.2,0.9999253857184062,1.0,1277.9558047000035,1000.0,1277.9558047000035,1000.0,0.0,0.0
10785,1680986280000.0,0.0,0.0,0.0,153.4010447761194,0.0,0.0,157.85,0.9999253857184062,1.0,1277.9558047000035,1000.0,1277.9558047000035,1000.0,0.0,0.0
10786,1680989880000.0,0.0,0.0,0.0,153.4010447761194,0.0,0.0,158.05,0.9999253857184062,1.0,1277.9558047000035,1000.0,1277.9558047000035,1000.0,0.0,0.0
10787,1680993480000.0,0.0,0.0,0.0,153.4010447761194,0.0,0.0,157.5,0.9999253857184062,1.0,1277.9558047000035,1000.0,1277.9558047000035,1000.0,0.0,0.0
10788,1680997080000.0,0.0,0.0,0.0,153.4010447761194,0.0,0.0,158.0,0.9999253857184062,1.0,1277.9558047000035,1000.0,1277.9558047000035,1000.0,0.0,0.0
10789,1681000680000.0,0.0,0.0,0.0,153.4010447761194,0.0,0.0,158.4,0.9999253857184062,1.0,1277.9558047000035,1000.0,1277.9558047000035,1000.0,0.0,0.0
10790,1681004280000.0,0.0,0.0,0.0,153.4010447761194,0.0,0.0,158.5,0.9999253857184062,1.0,1277.9558047000035,1000.0,1277.9558047000035,1000.0,0.0,0.0
10791,1681007880000.0,0.0,0.0,0.0,153.4010447761194,0.0,0.0,158.7,0.9999253857184062,1.0,1277.9558047000035,1000.0,1277.9558047000035,1000.0,0.0,0.0
10792,1681011480000.0,0.0,0.0,0.0,153.4010447761194,0.0,0.0,158.55,0.9999253857184062,1.0,1277.9558047000035,1000.0,1277.9558047000035,1000.0,0.0,0.0
10793,1681015080000.0,0.0,0.0,0.0,153.4010447761194,0.0,0.0,158.8,0.9999253857184062,1.0,1277.9558047000035,1000.0,1277.9558047000035,1000.0,0.0,0.0
10794,1681018680000.0,0.0,0.0,0.0,153.4010447761194,0.0,0.0,159.15,0.9999253857184062,1.0,1277.9558047000035,1000.0,1277.9558047000035,1000.0,0.0,0.0
10795,1681022280000.0,0.0,0.0,0.0,153.4010447761194,0.0,0.0,158.2,0.9999253857184062,1.0,1277.9558047000035,1000.0,1277.9558047000035,1000.0,0.0,0.0
10796,1681025880000.0,0.0,0.0,0.0,153.4010447761194,0.0,0.0,157.75,0.9999253857184062,1.0,1277.9558047000035,1000.0,1277.9558047000035,1000.0,0.0,0.0
10797,1681029480000.0,0.0,0.0,0.0,153.4010447761194,0.0,0.0,158.05,0.9999253857184062,1.0,1277.9558047000035,1000.0,1277.9558047000035,1000.0,0.0,0.0
10798,1681033080000.0,0.0,0.0,0.0,153.4010447761194,0.0,0.0,157.8,0.9999253857184062,1.0,1277.9558047000035,1000.0,1277.9558047000035,1000.0,0.0,0.0
10799,1681036680000.0,0.0,0.0,0.0,153.4010447761194,0.0,0.0,158.25,0.9999253857184062,1.0,1277.9558047000035,1000.0,1277.9558047000035,1000.0,0.0,0.0
10800,1681040280000.0,0.0,0.0,0.0,153.4010447761194,0.0,0.0,158.25,0.9999253857184062,1.0,1277.9558047000035,1000.0,1277.9558047000035,1000.0,0.0,0.0
10801,1681043880000.0,0.0,0.0,0.0,153.4010447761194,0.0,0.0,158.45,0.9999253857184062,1.0,1277.9558047000035,1000.0,1277.9558047000035,1000.0,0.0,0.0
10802,1681047480000.0,0.0,0.0,0.0,153.4010447761194,0.0,0.0,158.45,0.9999253857184062,1.0,1277.9558047000035,1000.0,1277.9558047000035,1000.0,0.0,0.0
10803,1681051080000.0,0.0,0.0,0.0,153.4010447761194,0.0,0.0,158.45,0.9999253857184062,1.0,1277.9558047000035,1000.0,1277.9558047000035,1000.0,0.0,0.0
10804,1681054680000.0,0.0,0.0,0.0,153.4010447761194,0.0,0.0,158.85,0.9999253857184062,1.0,1277.9558047000035,1000.0,1277.9558047000035,1000.0,0.0,0.0
10805,1681058280000.0,0.0,0.0,0.0,153.4010447761194,0.0,0.0,158.65,0.9999253857184062,1.0,1277.9558047000035,1000.0,1277.9558047000035,1000.0,0.0,0.0
10806,1681061880000.0,0.0,0.0,0.0,153.4010447761194,0.0,0.0,158.35,0.9999253857184062,1.0,1277.9558047000035,1000.0,1277.9558047000035,1000.0,0.0,0.0
10807,1681065480000.0,0.0,0.0,0.0,153.4010447761194,0.0,0.0,158.55,0.9999253857184062,1.0,1277.9558047000035,1000.0,1277.9558047000035,1000.0,0.0,0.0
10808,1681069080000.0,0.0,0.0,0.0,153.4010447761194,0.0,0.0,158.95,0.9999253857184062,1.0,1277.9558047000035,1000.0,1277.9558047000035,1000.0,0.0,0.0
10809,1681072680000.0,0.0,0.0,0.0,153.4010447761194,0.0,0.0,159.15,0.9999253857184062,1.0,1277.9558047000035,1000.0,1277.9558047000035,1000.0,0.0,0.0
10810,1681076280000.0,0.0,0.0,0.0,153.4010447761194,0.0,0.0,159.85,0.9999253857184062,1.0,1277.9558047000035,1000.0,1277.9558047000035,1000.0,0.0,0.0
10811,1681079880000.0,0.0,0.0,0.0,153.4010447761194,0.0,0.0,159.6,0.9999253857184062,1.0,1277.9558047000035,1000.0,1277.9558047000035,1000.0,0.0,0.0
10812,1681083480000.0,0.0,0.0,0.0,153.4010447761194,0.0,0.0,160.25,0.9999253857184062,1.0,1277.9558047000035,1000.0,1277.9558047000035,1000.0,0.0,0.0
10813,1681087080000.0,0.0,0.0,0.0,153.4010447761194,0.0,0.0,160.0,0.9999253857184062,1.0,1277.9558047000035,1000.0,1277.9558047000035,1000.0,0.0,0.0
10814,1681090680000.0,0.0,0.0,0.0,153.4010447761194,0.0,0.0,159.15,0.9999253857184062,1.0,1277.9558047000035,1000.0,1277.9558047000035,1000.0,0.0,0.0
10815,1681094280000.0,0.0,0.0,0.0,153.4010447761194,0.0,0.0,160.3,0.9999253857184062,1.0,1277.9558047000035,1000.0,1277.9558047000035,1000.0,0.0,0.0
10816,1681097880000.0,0.0,0.0,0.0,153.4010447761194,0.0,0.0,160.2,0.9999253857184062,1.0,1277.9558047000035,1000.0,1277.9558047000035,1000.0,0.0,0.0
10817,1681101480000.0,0.0,0.0,0.0,153.4010447761194,0.0,0.0,160.3,0.9999253857184062,1.0,1277.9558047000035,1000.0,1277.9558047000035,1000.0,0.0,0.0
10818,1681105080000.0,0.0,0.0,0.0,153.4010447761194,0.0,0.0,160.2,0.9999253857184062,1.0,1277.9558047000035,1000.0,1277.9558047000035,1000.0,0.0,0.0
10819,1681108680000.0,0.0,0.0,0.0,153.4010447761194,0.0,0.0,160.25,0.9999253857184062,1.0,1277.9558047000035,1000.0,1277.9558047000035,1000.0,0.0,0.0
10820,1681112280000.0,0.0,0.0,0.0,153.4010447761194,0.0,0.0,160.5,0.9999253857184062,1.0,1277.9558047000035,1000.0,1277.9558047000035,1000.0,0.0,0.0
10821,1681115880000.0,0.0,0.0,0.0,153.4010447761194,0.0,0.0,160.1,0.9999253857184062,1.0,1277.9558047000035,1000.0,1277.9558047000035,1000.0,0.0,0.0
10822,1681119480000.0,0.0,0.0,0.0,153.4010447761194,0.0,0.0,159.25,0.9999253857184062,1.0,1277.9558047000035,1000.0,1277.9558047000035,1000.0,0.0,0.0
10823,1681123080000.0,0.0,0.0,0.0,153.4010447761194,0.0,0.0,157.25,0.9999253857184062,1.0,1277.9558047000035,1000.0,1277.9558047000035,1000.0,0.0,0.0
10824,1681126680000.0,0.0,0.0,0.0,153.4010447761194,0.0,0.0,157.15,0.9999253857184062,1.0,1277.9558047000035,1000.0,1277.9558047000035,1000.0,0.0,0.0
10825,1681130280000.0,0.0,0.0,0.0,153.4010447761194,0.0,0.0,155.5,0.9999253857184062,1.0,1277.9558047000035,1000.0,1277.9558047000035,1000.0,0.0,0.0
10826,1681133880000.0,0.0,0.0,0.0,153.4010447761194,0.0,0.0,156.1,0.9999253857184062,1.0,1277.9558047000035,1000.0,1277.9558047000035,1000.0,0.0,0.0
10827,1681137480000.0,0.0,0.0,0.0,153.4010447761194,0.0,0.0,156.55,0.9999253857184062,1.0,1277.9558047000035,1000.0,1277.9558047000035,1000.0,0.0,0.0
10828,1681141080000.0,0.0,0.0,0.0,153.4010447761194,0.0,0.0,156.85,0.9999253857184062,1.0,1277.9558047000035,1000.0,1277.9558047000035,1000.0,0.0,0.0
10829,1681144680000.0,0.0,0.0,0.0,153.4010447761194,0.0,0.0,156.35,0.9999253857184062,1.0,1277.9558047000035,1000.0,1277.9558047000035,1000.0,0.0,0.0
10830,1681148280000.0,0.0,0.0,0.0,153.4010447761194,0.0,0.0,158.7,0.9999253857184062,1.0,1277.9558047000035,1000.0,1277.9558047000035,1000.0,0.0,0.0
10831,1681151880000.0,0.0,0.0,0.0,153.4010447761194,0.0,0.0,159.4,0.9999253857184062,1.0,1277.9558047000035,1000.0,1277.9558047000035,1000.0,0.0,0.0
10832,1681155480000.0,0.0,0.0,0.0,153.4010447761194,0.0,0.0,158.2,0.9999253857184062,1.0,1277.9558047000035,1000.0,1277.9558047000035,1000.0,0.0,0.0
10833,1681159080000.0,0.0,0.0,0.0,153.4010447761194,0.0,0.0,158.0,0.9999253857184062,1.0,1277.9558047000035,1000.0,1277.9558047000035,1000.0,0.0,0.0
10834,1681162680000.0,0.0,0.0,0.0,153.4010447761194,0.0,0.0,158.5,0.9999253857184062,1.0,1277.9558047000035,1000.0,1277.9558047000035,1000.0,0.0,0.0
10835,1681166280000.0,0.0,0.0,0.0,153.4010447761194,0.0,0.0,158.55,0.9999253857184062,1.0,1277.9558047000035,1000.0,1277.9558047000035,1000.0,0.0,0.0
10836,1681169880000.0,0.0,0.0,0.0,153.4010447761194,0.0,0.0,159.1,0.9999253857184062,1.0,1277.9558047000035,1000.0,1277.9558047000035,1000.0,0.0,0.0
10837,1681173480000.0,0.0,0.0,0.0,153.4010447761194,0.0,0.0,159.4,0.9999253857184062,1.0,1277.9558047000035,1000.0,1277.9558047000035,1000.0,0.0,0.0
10838,1681177080000.0,0.0,0.0,0.0,153.4010447761194,0.0,0.0,159.35,0.9999253857184062,1.0,1277.9558047000035,1000.0,1277.9558047000035,1000.0,0.0,0.0
10839,1681180680000.0,0.0,0.0,0.0,153.4010447761194,0.0,0.0,159.5,0.9999253857184062,1.0,1277.9558047000035,1000.0,1277.9558047000035,1000.0,0.0,0.0
10840,1681184280000.0,0.0,0.0,0.0,153.4010447761194,0.0,0.0,159.75,0.9999253857184062,1.0,1277.9558047000035,1000.0,1277.9558047000035,1000.0,0.0,0.0
10841,1681187880000.0,0.0,0.0,0.0,153.4010447761194,0.0,0.0,160.45,0.9999253857184062,1.0,1277.9558047000035,1000.0,1277.9558047000035,1000.0,0.0,0.0
10842,1681191480000.0,0.0,0.0,0.0,153.4010447761194,0.0,0.0,160.5,0.9999253857184062,1.0,1277.9558047000035,1000.0,1277.9558047000035,1000.0,0.0,0.0
10843,1681195080000.0,0.0,0.0,0.0,153.4010447761194,0.0,0.0,160.25,0.9999253857184062,1.0,1277.9558047000035,1000.0,1277.9558047000035,1000.0,0.0,0.0
10844,1681198680000.0,0.0,0.0,0.0,153.4010447761194,0.0,0.0,160.05,0.9999253857184062,1.0,1277.9558047000035,1000.0,1277.9558047000035,1000.0,0.0,0.0
10845,1681202280000.0,0.0,0.0,0.0,153.4010447761194,0.0,0.0,159.95,0.9999253857184062,1.0,1277.9558047000035,1000.0,1277.9558047000035,1000.0,0.0,0.0
10846,1681205880000.0,0.0,0.0,0.0,153.4010447761194,0.0,0.0,160.1,0.9999253857184062,1.0,1277.9558047000035,1000.0,1277.9558047000035,1000.0,0.0,0.0
10847,1681209480000.0,0.0,0.0,0.0,153.4010447761194,0.0,0.0,159.7,0.9999253857184062,1.0,1277.9558047000035,1000.0,1277.9558047000035,1000.0,0.0,0.0
10848,1681213080000.0,0.0,0.0,0.0,153.4010447761194,0.0,0.0,159.65,0.9999253857184062,1.0,1277.9558047000035,1000.0,1277.9558047000035,1000.0,0.0,0.0
10849,1681216680000.0,0.0,0.0,0.0,153.4010447761194,0.0,0.0,159.85,0.9999253857184062,1.0,1277.9558047000035,1000.0,1277.9558047000035,1000.0,0.0,0.0
10850,1681220280000.0,0.0,0.0,0.0,153.4010447761194,0.0,0.0,160.7,0.9999253857184062,1.0,1277.9558047000035,1000.0,1277.9558047000035,1000.0,0.0,0.0
10851,1681223880000.0,0.0,0.0,0.0,153.4010447761194,0.0,0.0,160.9,0.9999253857184062,1.0,1277.9558047000035,1000.0,1277.9558047000035,1000.0,0.0,0.0
10852,1681227480000.0,0.0,0.0,0.0,153.4010447761194,0.0,0.0,162.0,0.9999253857184062,1.0,1277.9558047000035,1000.0,1277.9558047000035,1000.0,0.0,0.0
10853,1681231080000.0,0.0,0.0,0.0,153.4010447761194,0.0,0.0,162.1,0.9999253857184062,1.0,1277.9558047000035,1000.0,1277.9558047000035,1000.0,0.0,0.0
10854,1681234680000.0,0.0,0.0,0.0,153.4010447761194,0.0,0.0,161.35,0.9999253857184062,1.0,1277.9558047000035,1000.0,1277.9558047000035,1000.0,0.0,0.0
10855,1681238280000.0,0.0,0.0,0.0,153.4010447761194,0.0,0.0,161.5,0.9999253857184062,1.0,1277.9558047000035,1000.0,1277.9558047000035,1000.0,0.0,0.0
10856,1681241880000.0,0.0,0.0,0.0,153.4010447761194,0.0,0.0,161.1,0.9999253857184062,1.0,1277.9558047000035,1000.0,1277.9558047000035,1000.0,0.0,0.0
10857,1681245480000.0,0.0,0.0,0.0,153.4010447761194,0.0,0.0,160.85,0.9999253857184062,1.0,1277.9558047000035,1000.0,1277.9558047000035,1000.0,0.0,0.0
10858,1681249080000.0,0.0,0.0,0.0,153.4010447761194,0.0,0.0,160.95,0.9999253857184062,1.0,1277.9558047000035,1000.0,1277.9558047000035,1000.0,0.0,0.0
10859,1681252680000.0,0.0,0.0,0.0,153.4010447761194,0.0,0.0,161.55,0.9999253857184062,1.0,1277.9558047000035,1000.0,1277.9558047000035,1000.0,0.0,0.0
10860,1681256280000.0,0.0,0.0,0.0,153.4010447761194,0.0,0.0,161.55,0.9999253857184062,1.0,1277.9558047000035,1000.0,1277.9558047000035,1000.0,0.0,0.0
10861,1681259880000.0,0.0,0.0,0.0,153.4010447761194,0.0,0.0,162.6,0.9999253857184062,1.0,1277.9558047000035,1000.0,1277.9558047000035,1000.0,0.0,0.0
10862,1681263480000.0,0.0,0.0,0.0,153.4010447761194,0.0,0.0,161.65,0.9999253857184062,1.0,1277.9558047000035,1000.0,1277.9558047000035,1000.0,0.0,0.0
10863,1681267080000.0,0.0,0.0,0.0,153.4010447761194,0.0,0.0,160.7,0.9999253857184062,1.0,1277.9558047000035,1000.0,1277.9558047000035,1000.0,0.0,0.0
10864,1681270680000.0,0.0,0.0,0.0,153.4010447761194,0.0,0.0,160.05,0.9999253857184062,1.0,1277.9558047000035,1000.0,1277.9558047000035,1000.0,0.0,0.0
10865,1681274280000.0,0.0,0.0,0.0,153.4010447761194,0.0,0.0,160.8,0.9999253857184062,1.0,1277.9558047000035,1000.0,1277.9558047000035,1000.0,0.0,0.0
10866,1681277880000.0,0.0,0.0,0.0,153.4010447761194,0.0,0.0,160.55,0.9999253857184062,1.0,1277.9558047000035,1000.0,1277.9558047000035,1000.0,0.0,0.0
10867,1681281480000.0,0.0,0.0,0.0,153.4010447761194,0.0,0.0,160.9,0.9999253857184062,1.0,1277.9558047000035,1000.0,1277.9558047000035,1000.0,0.0,0.0
10868,1681285080000.0,0.0,0.0,0.0,153.4010447761194,0.0,0.0,160.6,0.9999253857184062,1.0,1277.9558047000035,1000.0,1277.9558047000035,1000.0,0.0,0.0
10869,1681288680000.0,0.0,0.0,0.0,153.4010447761194,0.0,0.0,159.95,0.9999253857184062,1.0,1277.9558047000035,1000.0,1277.9558047000035,1000.0,0.0,0.0
10870,1681292280000.0,0.0,0.0,0.0,153.4010447761194,0.0,0.0,160.65,0.9999253857184062,1.0,1277.9558047000035,1000.0,1277.9558047000035,1000.0,0.0,0.0
10871,1681295880000.0,0.0,0.0,0.0,153.4010447761194,0.0,0.0,160.15,0.9999253857184062,1.0,1277.9558047000035,1000.0,1277.9558047000035,1000.0,0.0,0.0
10872,1681299480000.0,0.0,0.0,0.0,153.4010447761194,0.0,0.0,160.45,0.9999253857184062,1.0,1277.9558047000035,1000.0,1277.9558047000035,1000.0,0.0,0.0
10873,1681303080000.0,0.0,0.0,0.0,153.4010447761194,0.0,0.0,159.0,0.9999253857184062,1.0,1277.9558047000035,1000.0,1277.9558047000035,1000.0,0.0,0.0
10874,1681306680000.0,0.0,0.0,0.0,153.4010447761194,0.0,0.0,160.75,0.9999253857184062,1.0,1277.9558047000035,1000.0,1277.9558047000035,1000.0,0.0,0.0
10875,1681310280000.0,0.0,0.0,0.0,153.4010447761194,0.0,0.0,160.6,0.9999253857184062,1.0,1277.9558047000035,1000.0,1277.9558047000035,1000.0,0.0,0.0
10876,1681313880000.0,0.0,0.0,0.0,153.4010447761194,0.0,0.0,160.95,0.9999253857184062,1.0,1277.9558047000035,1000.0,1277.9558047000035,1000.0,0.0,0.0
10877,1681317480000.0,0.0,0.0,0.0,153.4010447761194,0.0,0.0,162.0,0.9999253857184062,1.0,1277.9558047000035,1000.0,1277.9558047000035,1000.0,0.0,0.0
10878,1681321080000.0,0.0,0.0,0.0,153.4010447761194,0.0,0.0,161.55,0.9999253857184062,1.0,1277.9558047000035,1000.0,1277.9558047000035,1000.0,0.0,0.0
10879,1681324680000.0,0.0,0.0,0.0,153.4010447761194,0.0,0.0,161.95,0.9999253857184062,1.0,1277.9558047000035,1000.0,1277.9558047000035,1000.0,0.0,0.0
10880,1681328280000.0,0.0,0.0,0.0,153.4010447761194,0.0,0.0,160.55,0.9999253857184062,1.0,1277.9558047000035,1000.0,1277.9558047000035,1000.0,0.0,0.0
10881,1681331880000.0,0.0,0.0,0.0,153.4010447761194,0.0,0.0,161.65,0.9999253857184062,1.0,1277.9558047000035,1000.0,1277.9558047000035,1000.0,0.0,0.0
10882,1681335480000.0,0.0,0.0,0.0,153.4010447761194,0.0,0.0,162.35,0.9999253857184062,1.0,1277.9558047000035,1000.0,1277.9558047000035,1000.0,0.0,0.0
10883,1681339080000.0,0.0,0.0,0.0,153.4010447761194,0.0,0.0,162.0,0.9999253857184062,1.0,1277.9558047000035,1000.0,1277.9558047000035,1000.0,0.0,0.0
10884,1681342680000.0,0.0,0.0,0.0,153.4010447761194,0.0,0.0,162.0,0.9999253857184062,1.0,1277.9558047000035,1000.0,1277.9558047000035,1000.0,0.0,0.0
10885,1681346280000.0,0.0,0.0,0.0,153.4010447761194,0.0,0.0,162.2,0.9999253857184062,1.0,1277.9558047000035,1000.0,1277.9558047000035,1000.0,0.0,0.0
10886,1681349880000.0,0.0,0.0,0.0,153.4010447761194,0.0,0.0,162.7,0.9999253857184062,1.0,1277.9558047000035,1000.0,1277.9558047000035,1000.0,0.0,0.0
10887,1681353480000.0,0.0,0.0,0.0,153.4010447761194,0.0,0.0,162.5,0.9999253857184062,1.0,1277.9558047000035,1000.0,1277.9558047000035,1000.0,0.0,0.0
10888,1681357080000.0,0.0,0.0,0.0,153.4010447761194,0.0,0.0,162.6,0.9999253857184062,1.0,1277.9558047000035,1000.0,1277.9558047000035,1000.0,0.0,0.0
10889,1681360680000.0,0.0,0.0,0.0,153.4010447761194,0.0,0.0,162.65,0.9999253857184062,1.0,1277.9558047000035,1000.0,1277.9558047000035,1000.0,0.0,0.0
10890,1681364280000.0,0.0,0.0,0.0,153.4010447761194,0.0,0.0,162.1,0.9999253857184062,1.0,1277.9558047000035,1000.0,1277.9558047000035,1000.0,0.0,0.0
10891,1681367880000.0,0.0,0.0,0.0,153.4010447761194,0.0,0.0,162.2,0.9999253857184062,1.0,1277.9558047000035,1000.0,1277.9558047000035,1000.0,0.0,0.0
10892,1681371480000.0,0.0,0.0,0.0,153.4010447761194,0.0,0.0,162.0,0.9999253857184062,1.0,1277.9558047000035,1000.0,1277.9558047000035,1000.0,0.0,0.0
10893,1681375080000.0,0.0,0.0,0.0,153.4010447761194,0.0,0.0,162.75,0.9999253857184062,1.0,1277.9558047000035,1000.0,1277.9558047000035,1000.0,0.0,0.0
10894,1681378680000.0,0.0,0.0,0.0,153.4010447761194,0.0,0.0,162.85,0.9999253857184062,1.0,1277.9558047000035,1000.0,1277.9558047000035,1000.0,0.0,0.0
10895,1681382280000.0,0.0,0.0,0.0,153.4010447761194,0.0,0.0,162.6,0.9999253857184062,1.0,1277.9558047000035,1000.0,1277.9558047000035,1000.0,0.0,0.0
10896,1681385880000.0,0.0,0.0,0.0,153.4010447761194,0.0,0.0,162.8,0.9999253857184062,1.0,1277.9558047000035,1000.0,1277.9558047000035,1000.0,0.0,0.0
10897,1681389480000.0,0.0,0.0,0.0,153.4010447761194,0.0,0.0,163.05,0.9999253857184062,1.0,1277.9558047000035,1000.0,1277.9558047000035,1000.0,0.0,0.0
10898,1681393080000.0,0.0,0.0,0.0,153.4010447761194,0.0,0.0,163.5,0.9999253857184062,1.0,1277.9558047000035,1000.0,1277.9558047000035,1000.0,0.0,0.0
10899,1681396680000.0,0.0,0.0,0.0,153.4010447761194,0.0,0.0,163.15,0.9999253857184062,1.0,1277.9558047000035,1000.0,1277.9558047000035,1000.0,0.0,0.0
10900,1681400280000.0,0.0,0.0,0.0,153.4010447761194,0.0,0.0,163.1,0.9999253857184062,1.0,1277.9558047000035,1000.0,1277.9558047000035,1000.0,0.0,0.0
10901,1681403880000.0,0.0,0.0,0.0,153.4010447761194,0.0,0.0,162.65,0.9999253857184062,1.0,1277.9558047000035,1000.0,1277.9558047000035,1000.0,0.0,0.0
10902,1681407480000.0,0.0,0.0,0.0,153.4010447761194,0.0,0.0,162.7,0.9999253857184062,1.0,1277.9558047000035,1000.0,1277.9558047000035,1000.0,0.0,0.0
10903,1681411080000.0,0.0,0.0,0.0,153.4010447761194,0.0,0.0,162.7,0.9999253857184062,1.0,1277.9558047000035,1000.0,1277.9558047000035,1000.0,0.0,0.0
10904,1681414680000.0,0.0,0.0,0.0,153.4010447761194,0.0,0.0,162.25,0.9999253857184062,1.0,1277.9558047000035,1000.0,1277.9558047000035,1000.0,0.0,0.0
10905,1681418280000.0,0.0,0.0,0.0,153.4010447761194,0.0,0.0,162.4,0.9999253857184062,1.0,1277.9558047000035,1000.0,1277.9558047000035,1000.0,0.0,0.0
10906,1681421880000.0,0.0,0.0,0.0,153.4010447761194,0.0,0.0,161.85,0.9999253857184062,1.0,1277.9558047000035,1000.0,1277.9558047000035,1000.0,0.0,0.0
10907,1681425480000.0,0.0,0.0,0.0,153.4010447761194,0.0,0.0,162.3,0.9999253857184062,1.0,1277.9558047000035,1000.0,1277.9558047000035,1000.0,0.0,0.0
10908,1681429080000.0,0.0,0.0,0.0,153.4010447761194,0.0,0.0,161.75,0.9999253857184062,1.0,1277.9558047000035,1000.0,1277.9558047000035,1000.0,0.0,0.0
10909,1681432680000.0,0.0,0.0,0.0,153.4010447761194,0.0,0.0,163.4,0.9999253857184062,1.0,1277.9558047000035,1000.0,1277.9558047000035,1000.0,0.0,0.0
10910,1681436280000.0,0.0,0.0,0.0,153.4010447761194,0.0,0.0,163.75,0.9999253857184062,1.0,1277.9558047000035,1000.0,1277.9558047000035,1000.0,0.0,0.0
10911,1681439880000.0,0.0,0.0,0.0,153.4010447761194,0.0,0.0,164.0,0.9999253857184062,1.0,1277.9558047000035,1000.0,1277.9558047000035,1000.0,0.0,0.0
10912,1681443480000.0,0.0,0.0,0.0,153.4010447761194,0.0,0.0,163.2,0.9999253857184062,1.0,1277.9558047000035,1000.0,1277.9558047000035,1000.0,0.0,0.0
10913,1681447080000.0,0.0,0.0,0.0,153.4010447761194,0.0,0.0,163.45,0.9999253857184062,1.0,1277.9558047000035,1000.0,1277.9558047000035,1000.0,0.0,0.0
10914,1681450680000.0,0.0,0.0,0.0,153.4010447761194,0.0,0.0,163.55,0.9999253857184062,1.0,1277.9558047000035,1000.0,1277.9558047000035,1000.0,0.0,0.0
10915,1681454280000.0,0.0,0.0,0.0,153.4010447761194,0.0,0.0,163.95,0.9999253857184062,1.0,1277.9558047000035,1000.0,1277.9558047000035,1000.0,0.0,0.0
10916,1681457880000.0,0.0,0.0,0.0,153.4010447761194,0.0,0.0,162.6,0.9999253857184062,1.0,1277.9558047000035,1000.0,1277.9558047000035,1000.0,0.0,0.0
10917,1681461480000.0,0.0,0.0,0.0,153.4010447761194,0.0,0.0,162.15,0.9999253857184062,1.0,1277.9558047000035,1000.0,1277.9558047000035,1000.0,0.0,0.0
10918,1681465080000.0,0.0,0.0,0.0,153.4010447761194,0.0,0.0,162.75,0.9999253857184062,1.0,1277.9558047000035,1000.0,1277.9558047000035,1000.0,0.0,0.0
10919,1681468680000.0,0.0,0.0,0.0,153.4010447761194,0.0,0.0,163.4,0.9999253857184062,1.0,1277.9558047000035,1000.0,1277.9558047000035,1000.0,0.0,0.0
10920,1681472280000.0,0.0,0.0,0.0,153.4010447761194,0.0,0.0,163.1,0.9999253857184062,1.0,1277.9558047000035,1000.0,1277.9558047000035,1000.0,0.0,0.0
10921,1681475880000.0,0.0,0.0,0.0,153.4010447761194,0.0,0.0,163.15,0.9999253857184062,1.0,1277.9558047000035,1000.0,1277.9558047000035,1000.0,0.0,0.0
10922,1681479480000.0,0.0,0.0,0.0,153.4010447761194,0.0,0.0,162.15,0.9999253857184062,1.0,1277.9558047000035,1000.0,1277.9558047000035,1000.0,0.0,0.0
10923,1681483080000.0,0.0,0.0,0.0,153.4010447761194,0.0,0.0,161.45,0.9999253857184062,1.0,1277.9558047000035,1000.0,1277.9558047000035,1000.0,0.0,0.0
10924,1681486680000.0,0.0,0.0,0.0,153.4010447761194,0.0,0.0,160.5,0.9999253857184062,1.0,1277.9558047000035,1000.0,1277.9558047000035,1000.0,0.0,0.0
10925,1681490280000.0,0.0,0.0,0.0,153.4010447761194,0.0,0.0,160.6,0.9999253857184062,1.0,1277.9558047000035,1000.0,1277.9558047000035,1000.0,0.0,0.0
10926,1681493880000.0,0.0,0.0,0.0,153.4010447761194,0.0,0.0,161.55,0.9999253857184062,1.0,1277.9558047000035,1000.0,1277.9558047000035,1000.0,0.0,0.0
10927,1681497480000.0,0.0,0.0,0.0,153.4010447761194,0.0,0.0,161.9,0.9999253857184062,1.0,1277.9558047000035,1000.0,1277.9558047000035,1000.0,0.0,0.0
10928,1681501080000.0,0.0,0.0,0.0,153.4010447761194,0.0,0.0,162.05,0.9999253857184062,1.0,1277.9558047000035,1000.0,1277.9558047000035,1000.0,0.0,0.0
10929,1681504680000.0,0.0,0.0,0.0,153.4010447761194,0.0,0.0,161.9,0.9999253857184062,1.0,1277.9558047000035,1000.0,1277.9558047000035,1000.0,0.0,0.0
10930,1681508280000.0,0.0,0.0,0.0,153.4010447761194,0.0,0.0,161.6,0.9999253857184062,1.0,1277.9558047000035,1000.0,1277.9558047000035,1000.0,0.0,0.0
10931,1681511880000.0,0.0,0.0,0.0,153.4010447761194,0.0,0.0,161.35,0.9999253857184062,1.0,1277.9558047000035,1000.0,1277.9558047000035,1000.0,0.0,0.0
10932,1681515480000.0,0.0,0.0,0.0,153.4010447761194,0.0,0.0,161.8,0.9999253857184062,1.0,1277.9558047000035,1000.0,1277.9558047000035,1000.0,0.0,0.0
10933,1681519080000.0,0.0,0.0,0.0,153.4010447761194,0.0,0.0,161.7,0.9999253857184062,1.0,1277.9558047000035,1000.0,1277.9558047000035,1000.0,0.0,0.0
10934,1681522680000.0,0.0,0.0,0.0,153.4010447761194,0.0,0.0,161.55,0.9999253857184062,1.0,1277.9558047000035,1000.0,1277.9558047000035,1000.0,0.0,0.0
10935,1681526280000.0,0.0,0.0,0.0,153.4010447761194,0.0,0.0,161.85,0.9999253857184062,1.0,1277.9558047000035,1000.0,1277.9558047000035,1000.0,0.0,0.0
10936,1681529880000.0,0.0,0.0,0.0,153.4010447761194,0.0,0.0,162.0,0.9999253857184062,1.0,1277.9558047000035,1000.0,1277.9558047000035,1000.0,0.0,0.0
10937,1681533480000.0,0.0,0.0,0.0,153.4010447761194,0.0,0.0,161.9,0.9999253857184062,1.0,1277.9558047000035,1000.0,1277.9558047000035,1000.0,0.0,0.0
10938,1681537080000.0,0.0,0.0,0.0,153.4010447761194,0.0,0.0,162.75,0.9999253857184062,1.0,1277.9558047000035,1000.0,1277.9558047000035,1000.0,0.0,0.0
10939,1681540680000.0,0.0,0.0,0.0,153.4010447761194,0.0,0.0,162.95,0.9999253857184062,1.0,1277.9558047000035,1000.0,1277.9558047000035,1000.0,0.0,0.0
10940,1681544280000.0,0.0,0.0,0.0,153.4010447761194,0.0,0.0,163.15,0.9999253857184062,1.0,1277.9558047000035,1000.0,1277.9558047000035,1000.0,0.0,0.0
10941,1681547880000.0,0.0,0.0,0.0,153.4010447761194,0.0,0.0,163.5,0.9999253857184062,1.0,1277.9558047000035,1000.0,1277.9558047000035,1000.0,0.0,0.0
10942,1681551480000.0,0.0,0.0,0.0,153.4010447761194,0.0,0.0,163.55,0.9999253857184062,1.0,1277.9558047000035,1000.0,1277.9558047000035,1000.0,0.0,0.0
10943,1681555080000.0,0.0,0.0,0.0,153.4010447761194,0.0,0.0,162.9,0.9999253857184062,1.0,1277.9558047000035,1000.0,1277.9558047000035,1000.0,0.0,0.0
10944,1681558680000.0,0.0,0.0,0.0,153.4010447761194,0.0,0.0,163.25,0.9999253857184062,1.0,1277.9558047000035,1000.0,1277.9558047000035,1000.0,0.0,0.0
10945,1681562280000.0,0.0,0.0,0.0,153.4010447761194,0.0,0.0,163.4,0.9999253857184062,1.0,1277.9558047000035,1000.0,1277.9558047000035,1000.0,0.0,0.0
10946,1681565880000.0,0.0,0.0,0.0,153.4010447761194,0.0,0.0,162.7,0.9999253857184062,1.0,1277.9558047000035,1000.0,1277.9558047000035,1000.0,0.0,0.0
10947,1681569480000.0,0.0,0.0,0.0,153.4010447761194,0.0,0.0,163.15,0.9999253857184062,1.0,1277.9558047000035,1000.0,1277.9558047000035,1000.0,0.0,0.0
10948,1681573080000.0,0.0,0.0,0.0,153.4010447761194,0.0,0.0,163.3,0.9999253857184062,1.0,1277.9558047000035,1000.0,1277.9558047000035,1000.0,0.0,0.0
10949,1681576680000.0,0.0,0.0,0.0,153.4010447761194,0.0,0.0,163.35,0.9999253857184062,1.0,1277.9558047000035,1000.0,1277.9558047000035,1000.0,0.0,0.0
10950,1681580280000.0,0.0,0.0,0.0,153.4010447761194,0.0,0.0,162.65,0.9999253857184062,1.0,1277.9558047000035,1000.0,1277.9558047000035,1000.0,0.0,0.0
10951,1681583880000.0,0.0,0.0,0.0,153.4010447761194,0.0,0.0,162.25,0.9999253857184062,1.0,1277.9558047000035,1000.0,1277.9558047000035,1000.0,0.0,0.0
10952,1681587480000.0,0.0,0.0,0.0,153.4010447761194,0.0,0.0,162.1,0.9999253857184062,1.0,1277.9558047000035,1000.0,1277.9558047000035,1000.0,0.0,0.0
10953,1681591080000.0,0.0,0.0,0.0,153.4010447761194,0.0,0.0,161.9,0.9999253857184062,1.0,1277.9558047000035,1000.0,1277.9558047000035,1000.0,0.0,0.0
10954,1681594680000.0,0.0,0.0,0.0,153.4010447761194,0.0,0.0,162.6,0.9999253857184062,1.0,1277.9558047000035,1000.0,1277.9558047000035,1000.0,0.0,0.0
10955,1681598280000.0,0.0,0.0,0.0,153.4010447761194,0.0,0.0,162.05,0.9999253857184062,1.0,1277.9558047000035,1000.0,1277.9558047000035,1000.0,0.0,0.0
10956,1681601880000.0,0.0,0.0,0.0,153.4010447761194,0.0,0.0,162.5,0.9999253857184062,1.0,1277.9558047000035,1000.0,1277.9558047000035,1000.0,0.0,0.0
10957,1681605480000.0,0.0,0.0,0.0,153.4010447761194,0.0,0.0,162.2,0.9999253857184062,1.0,1277.9558047000035,1000.0,1277.9558047000035,1000.0,0.0,0.0
10958,1681609080000.0,0.0,0.0,0.0,153.4010447761194,0.0,0.0,161.55,0.9999253857184062,1.0,1277.9558047000035,1000.0,1277.9558047000035,1000.0,0.0,0.0
10959,1681612680000.0,0.0,0.0,0.0,153.4010447761194,0.0,0.0,161.8,0.9999253857184062,1.0,1277.9558047000035,1000.0,1277.9558047000035,1000.0,0.0,0.0
10960,1681616280000.0,0.0,0.0,0.0,153.4010447761194,0.0,0.0,161.75,0.9999253857184062,1.0,1277.9558047000035,1000.0,1277.9558047000035,1000.0,0.0,0.0
10961,1681619880000.0,0.0,0.0,0.0,153.4010447761194,0.0,0.0,162.25,0.9999253857184062,1.0,1277.9558047000035,1000.0,1277.9558047000035,1000.0,0.0,0.0
10962,1681623480000.0,0.0,0.0,0.0,153.4010447761194,0.0,0.0,162.5,0.9999253857184062,1.0,1277.9558047000035,1000.0,1277.9558047000035,1000.0,0.0,0.0
10963,1681627080000.0,0.0,0.0,0.0,153.4010447761194,0.0,0.0,162.9,0.9999253857184062,1.0,1277.9558047000035,1000.0,1277.9558047000035,1000.0,0.0,0.0
10964,1681630680000.0,0.0,0.0,0.0,153.4010447761194,0.0,0.0,163.1,0.9999253857184062,1.0,1277.9558047000035,1000.0,1277.9558047000035,1000.0,0.0,0.0
10965,1681634280000.0,0.0,0.0,0.0,153.4010447761194,0.0,0.0,163.25,0.9999253857184062,1.0,1277.9558047000035,1000.0,1277.9558047000035,1000.0,0.0,0.0
10966,1681637880000.0,0.0,0.0,0.0,153.4010447761194,0.0,0.0,163.45,0.9999253857184062,1.0,1277.9558047000035,1000.0,1277.9558047000035,1000.0,0.0,0.0
10967,1681641480000.0,0.0,0.0,0.0,153.4010447761194,0.0,0.0,162.8,0.9999253857184062,1.0,1277.9558047000035,1000.0,1277.9558047000035,1000.0,0.0,0.0
10968,1681645080000.0,0.0,0.0,0.0,153.4010447761194,0.0,0.0,163.2,0.9999253857184062,1.0,1277.9558047000035,1000.0,1277.9558047000035,1000.0,0.0,0.0
10969,1681648680000.0,0.0,0.0,0.0,153.4010447761194,0.0,0.0,163.8,0.9999253857184062,1.0,1277.9558047000035,1000.0,1277.9558047000035,1000.0,0.0,0.0
10970,1681652280000.0,0.0,0.0,0.0,153.4010447761194,0.0,0.0,163.2,0.9999253857184062,1.0,1277.9558047000035,1000.0,1277.9558047000035,1000.0,0.0,0.0
10971,1681655880000.0,0.0,0.0,0.0,153.4010447761194,0.0,0.0,163.2,0.9999253857184062,1.0,1277.9558047000035,1000.0,1277.9558047000035,1000.0,0.0,0.0
10972,1681659480000.0,0.0,0.0,0.0,153.4010447761194,0.0,0.0,163.65,0.9999253857184062,1.0,1277.9558047000035,1000.0,1277.9558047000035,1000.0,0.0,0.0
10973,1681663080000.0,0.0,0.0,0.0,153.4010447761194,0.0,0.0,163.3,0.9999253857184062,1.0,1277.9558047000035,1000.0,1277.9558047000035,1000.0,0.0,0.0
10974,1681666680000.0,0.0,0.0,0.0,153.4010447761194,0.0,0.0,163.4,0.9999253857184062,1.0,1277.9558047000035,1000.0,1277.9558047000035,1000.0,0.0,0.0
10975,1681670280000.0,0.0,0.0,0.0,153.4010447761194,0.0,0.0,163.05,0.9999253857184062,1.0,1277.9558047000035,1000.0,1277.9558047000035,1000.0,0.0,0.0
10976,1681673880000.0,0.0,0.0,0.0,153.4010447761194,0.0,0.0,163.75,0.9999253857184062,1.0,1277.9558047000035,1000.0,1277.9558047000035,1000.0,0.0,0.0
10977,1681677480000.0,0.0,0.0,0.0,153.4010447761194,0.0,0.0,163.45,0.9999253857184062,1.0,1277.9558047000035,1000.0,1277.9558047000035,1000.0,0.0,0.0
10978,1681681080000.0,0.0,0.0,0.0,153.4010447761194,0.0,0.0,163.8,0.9999253857184062,1.0,1277.9558047000035,1000.0,1277.9558047000035,1000.0,0.0,0.0
10979,1681684680000.0,0.0,0.0,0.0,153.4010447761194,0.0,0.0,164.0,0.9999253857184062,1.0,1277.9558047000035,1000.0,1277.9558047000035,1000.0,0.0,0.0
10980,1681688280000.0,0.0,0.0,0.0,153.4010447761194,0.0,0.0,163.6,0.9999253857184062,1.0,1277.9558047000035,1000.0,1277.9558047000035,1000.0,0.0,0.0
10981,1681691880000.0,0.0,0.0,0.0,153.4010447761194,0.0,0.0,162.65,0.9999253857184062,1.0,1277.9558047000035,1000.0,1277.9558047000035,1000.0,0.0,0.0
10982,1681695480000.0,0.0,0.0,0.0,153.4010447761194,0.0,0.0,162.9,0.9999253857184062,1.0,1277.9558047000035,1000.0,1277.9558047000035,1000.0,0.0,0.0
10983,1681699080000.0,0.0,0.0,0.0,153.4010447761194,0.0,0.0,162.25,0.9999253857184062,1.0,1277.9558047000035,1000.0,1277.9558047000035,1000.0,0.0,0.0
10984,1681702680000.0,0.0,0.0,0.0,153.4010447761194,0.0,0.0,162.45,0.9999253857184062,1.0,1277.9558047000035,1000.0,1277.9558047000035,1000.0,0.0,0.0
10985,1681706280000.0,0.0,0.0,0.0,153.4010447761194,0.0,0.0,161.15,0.9999253857184062,1.0,1277.9558047000035,1000.0,1277.9558047000035,1000.0,0.0,0.0
10986,1681709880000.0,0.0,0.0,0.0,153.4010447761194,0.0,0.0,161.65,0.9999253857184062,1.0,1277.9558047000035,1000.0,1277.9558047000035,1000.0,0.0,0.0
10987,1681713480000.0,0.0,0.0,0.0,153.4010447761194,0.0,0.0,161.5,0.9999253857184062,1.0,1277.9558047000035,1000.0,1277.9558047000035,1000.0,0.0,0.0
10988,1681717080000.0,0.0,0.0,0.0,153.4010447761194,0.0,0.0,161.75,0.9999253857184062,1.0,1277.9558047000035,1000.0,1277.9558047000035,1000.0,0.0,0.0
10989,1681720680000.0,0.0,0.0,0.0,153.4010447761194,0.0,0.0,162.25,0.9999253857184062,1.0,1277.9558047000035,1000.0,1277.9558047000035,1000.0,0.0,0.0
10990,1681724280000.0,0.0,0.0,0.0,153.4010447761194,0.0,0.0,163.3,0.9999253857184062,1.0,1277.9558047000035,1000.0,1277.9558047000035,1000.0,0.0,0.0
10991,1681727880000.0,0.0,0.0,0.0,153.4010447761194,0.0,0.0,163.0,0.9999253857184062,1.0,1277.9558047000035,1000.0,1277.9558047000035,1000.0,0.0,0.0
10992,1681731480000.0,0.0,0.0,0.0,153.4010447761194,0.0,0.0,161.7,0.9999253857184062,1.0,1277.9558047000035,1000.0,1277.9558047000035,1000.0,0.0,0.0
10993,1681735080000.0,0.0,0.0,0.0,153.4010447761194,0.0,0.0,162.65,0.9999253857184062,1.0,1277.9558047000035,1000.0,1277.9558047000035,1000.0,0.0,0.0
10994,1681738680000.0,0.0,0.0,0.0,153.4010447761194,0.0,0.0,161.9,0.9999253857184062,1.0,1277.9558047000035,1000.0,1277.9558047000035,1000.0,0.0,0.0
10995,1681742280000.0,0.0,0.0,0.0,153.4010447761194,0.0,0.0,161.65,0.9999253857184062,1.0,1277.9558047000035,1000.0,1277.9558047000035,1000.0,0.0,0.0
10996,1681745880000.0,0.0,0.0,0.0,153.4010447761194,0.0,0.0,160.95,0.9999253857184062,1.0,1277.9558047000035,1000.0,1277.9558047000035,1000.0,0.0,0.0
10997,1681749480000.0,0.0,0.0,0.0,153.4010447761194,0.0,0.0,161.25,0.9999253857184062,1.0,1277.9558047000035,1000.0,1277.9558047000035,1000.0,0.0,0.0
10998,1681753080000.0,0.0,0.0,0.0,153.4010447761194,0.0,0.0,161.5,0.9999253857184062,1.0,1277.9558047000035,1000.0,1277.9558047000035,1000.0,0.0,0.0
10999,1681756680000.0,0.0,0.0,0.0,153.4010447761194,0.0,0.0,161.25,0.9999253857184062,1.0,1277.9558047000035,1000.0,1277.9558047000035,1000.0,0.0,0.0
11000,1681760280000.0,0.0,0.0,0.0,153.4010447761194,0.0,0.0,160.9,0.9999253857184062,1.0,1277.9558047000035,1000.0,1277.9558047000035,1000.0,0.0,0.0
11001,1681763880000.0,0.0,0.0,0.0,153.4010447761194,0.0,0.0,160.75,0.9999253857184062,1.0,1277.9558047000035,1000.0,1277.9558047000035,1000.0,0.0,0.0
11002,1681767480000.0,0.0,0.0,0.0,153.4010447761194,0.0,0.0,159.9,0.9999253857184062,1.0,1277.9558047000035,1000.0,1277.9558047000035,1000.0,0.0,0.0
11003,1681771080000.0,0.0,0.0,0.0,153.4010447761194,0.0,0.0,160.15,0.9999253857184062,1.0,1277.9558047000035,1000.0,1277.9558047000035,1000.0,0.0,0.0
11004,1681774680000.0,0.0,0.0,0.0,153.4010447761194,0.0,0.0,159.65,0.9999253857184062,1.0,1277.9558047000035,1000.0,1277.9558047000035,1000.0,0.0,0.0
11005,1681778280000.0,0.0,0.0,0.0,153.4010447761194,0.0,0.0,158.7,0.9999253857184062,1.0,1277.9558047000035,1000.0,1277.9558047000035,1000.0,0.0,0.0
11006,1681781880000.0,0.0,0.0,0.0,153.4010447761194,0.0,0.0,159.05,0.9999253857184062,1.0,1277.9558047000035,1000.0,1277.9558047000035,1000.0,0.0,0.0
11007,1681785480000.0,0.0,0.0,0.0,153.4010447761194,0.0,0.0,160.45,0.9999253857184062,1.0,1277.9558047000035,1000.0,1277.9558047000035,1000.0,0.0,0.0
11008,1681789080000.0,0.0,0.0,0.0,153.4010447761194,0.0,0.0,160.55,0.9999253857184062,1.0,1277.9558047000035,1000.0,1277.9558047000035,1000.0,0.0,0.0
11009,1681792680000.0,0.0,0.0,0.0,153.4010447761194,0.0,0.0,160.65,0.9999253857184062,1.0,1277.9558047000035,1000.0,1277.9558047000035,1000.0,0.0,0.0
11010,1681796280000.0,0.0,0.0,0.0,153.4010447761194,0.0,0.0,161.25,0.9999253857184062,1.0,1277.9558047000035,1000.0,1277.9558047000035,1000.0,0.0,0.0
11011,1681799880000.0,0.0,0.0,0.0,153.4010447761194,0.0,0.0,161.5,0.9999253857184062,1.0,1277.9558047000035,1000.0,1277.9558047000035,1000.0,0.0,0.0
11012,1681803480000.0,0.0,0.0,0.0,153.4010447761194,0.0,0.0,161.3,0.9999253857184062,1.0,1277.9558047000035,1000.0,1277.9558047000035,1000.0,0.0,0.0
11013,1681807080000.0,0.0,0.0,0.0,153.4010447761194,0.0,0.0,161.05,0.9999253857184062,1.0,1277.9558047000035,1000.0,1277.9558047000035,1000.0,0.0,0.0
11014,1681810680000.0,0.0,0.0,0.0,153.4010447761194,0.0,0.0,161.75,0.9999253857184062,1.0,1277.9558047000035,1000.0,1277.9558047000035,1000.0,0.0,0.0
11015,1681814280000.0,0.0,0.0,0.0,153.4010447761194,0.0,0.0,161.5,0.9999253857184062,1.0,1277.9558047000035,1000.0,1277.9558047000035,1000.0,0.0,0.0
11016,1681817880000.0,0.0,0.0,0.0,153.4010447761194,0.0,0.0,162.65,0.9999253857184062,1.0,1277.9558047000035,1000.0,1277.9558047000035,1000.0,0.0,0.0
11017,1681821480000.0,0.0,0.0,0.0,153.4010447761194,0.0,0.0,162.5,0.9999253857184062,1.0,1277.9558047000035,1000.0,1277.9558047000035,1000.0,0.0,0.0
11018,1681825080000.0,0.0,0.0,0.0,153.4010447761194,0.0,0.0,161.4,0.9999253857184062,1.0,1277.9558047000035,1000.0,1277.9558047000035,1000.0,0.0,0.0
11019,1681828680000.0,0.0,0.0,0.0,153.4010447761194,0.0,0.0,161.35,0.9999253857184062,1.0,1277.9558047000035,1000.0,1277.9558047000035,1000.0,0.0,0.0
11020,1681832280000.0,0.0,0.0,0.0,153.4010447761194,0.0,0.0,162.45,0.9999253857184062,1.0,1277.9558047000035,1000.0,1277.9558047000035,1000.0,0.0,0.0
11021,1681835880000.0,0.0,0.0,0.0,153.4010447761194,0.0,0.0,162.15,0.9999253857184062,1.0,1277.9558047000035,1000.0,1277.9558047000035,1000.0,0.0,0.0
11022,1681839480000.0,0.0,0.0,0.0,153.4010447761194,0.0,0.0,161.65,0.9999253857184062,1.0,1277.9558047000035,1000.0,1277.9558047000035,1000.0,0.0,0.0
11023,1681843080000.0,0.0,0.0,0.0,153.4010447761194,0.0,0.0,161.75,0.9999253857184062,1.0,1277.9558047000035,1000.0,1277.9558047000035,1000.0,0.0,0.0
11024,1681846680000.0,0.0,0.0,0.0,153.4010447761194,0.0,0.0,161.6,0.9999253857184062,1.0,1277.9558047000035,1000.0,1277.9558047000035,1000.0,0.0,0.0
11025,1681850280000.0,0.0,0.0,0.0,153.4010447761194,0.0,0.0,162.4,0.9999253857184062,1.0,1277.9558047000035,1000.0,1277.9558047000035,1000.0,0.0,0.0
11026,1681853880000.0,0.0,0.0,0.0,153.4010447761194,0.0,0.0,162.8,0.9999253857184062,1.0,1277.9558047000035,1000.0,1277.9558047000035,1000.0,0.0,0.0
11027,1681857480000.0,0.0,0.0,0.0,153.4010447761194,0.0,0.0,162.75,0.9999253857184062,1.0,1277.9558047000035,1000.0,1277.9558047000035,1000.0,0.0,0.0
11028,1681861080000.0,0.0,0.0,0.0,153.4010447761194,0.0,0.0,162.55,0.9999253857184062,1.0,1277.9558047000035,1000.0,1277.9558047000035,1000.0,0.0,0.0
11029,1681864680000.0,0.0,0.0,0.0,153.4010447761194,0.0,0.0,162.5,0.9999253857184062,1.0,1277.9558047000035,1000.0,1277.9558047000035,1000.0,0.0,0.0
11030,1681868280000.0,0.0,0.0,0.0,153.4010447761194,0.0,0.0,162.1,0.9999253857184062,1.0,1277.9558047000035,1000.0,1277.9558047000035,1000.0,0.0,0.0
11031,1681871880000.0,0.0,0.0,0.0,153.4010447761194,0.0,0.0,162.05,0.9999253857184062,1.0,1277.9558047000035,1000.0,1277.9558047000035,1000.0,0.0,0.0
11032,1681875480000.0,0.0,0.0,0.0,153.4010447761194,0.0,0.0,162.35,0.9999253857184062,1.0,1277.9558047000035,1000.0,1277.9558047000035,1000.0,0.0,0.0
11033,1681879080000.0,0.0,0.0,0.0,153.4010447761194,0.0,0.0,161.95,0.9999253857184062,1.0,1277.9558047000035,1000.0,1277.9558047000035,1000.0,0.0,0.0
11034,1681882680000.0,0.0,0.0,0.0,153.4010447761194,0.0,0.0,162.45,0.9999253857184062,1.0,1277.9558047000035,1000.0,1277.9558047000035,1000.0,0.0,0.0
11035,1681886280000.0,0.0,0.0,0.0,153.4010447761194,0.0,0.0,161.9,0.9999253857184062,1.0,1277.9558047000035,1000.0,1277.9558047000035,1000.0,0.0,0.0
11036,1681889880000.0,0.0,0.0,0.0,153.4010447761194,0.0,0.0,161.7,0.9999253857184062,1.0,1277.9558047000035,1000.0,1277.9558047000035,1000.0,0.0,0.0
11037,1681893480000.0,0.0,0.0,0.33,156.57,0.0,0.0,156.35,0.9999253857184062,1.0,1277.9454710800035,1000.0,1277.8728710800035,1000.0,0.040430598307402595,0.0
11038,1681897080000.0,0.0,0.0,0.33,156.57,0.0,0.0,156.3,0.9999253857184062,1.0,1277.9454710800035,1000.0,1277.8563710800036,1000.0,0.040430598307402595,0.0
11039,1681900680000.0,0.0,0.0,0.33,156.57,0.0,0.0,156.25,0.9999253857184062,1.0,1277.9454710800035,1000.0,1277.8398710800034,1000.0,0.040430598307402595,0.0
11040,1681904280000.0,0.0,0.0,0.33,156.57,0.0,0.0,156.75,0.9999253857184062,1.0,1277.9454710800035,1000.0,1278.0048710800036,1000.0,0.040430598307402595,0.0
11041,1681907880000.0,0.0,0.0,0.33,156.57,0.0,0.0,157.3,0.9999253857184062,1.0,1277.9454710800035,1000.0,1278.1863710800035,1000.0,0.040430598307402595,0.0
11042,1681911480000.0,0.0,0.0,0.33,156.57,0.0,0.0,157.15,0.9999253857184062,1.0,1277.9454710800035,1000.0,1278.1368710800034,1000.0,0.040430598307402595,0.0
11043,1681915080000.0,0.0,0.0,0.33,156.57,0.0,0.0,158.35,0.9999253857184062,1.0,1277.9454710800035,1000.0,1278.5328710800034,1000.0,0.040430598307402595,0.0
11044,1681918680000.0,0.0,0.0,0.33,156.57,0.0,0.0,157.65,0.9999253857184062,1.0,1277.9454710800035,1000.0,1278.3018710800034,1000.0,0.040430598307402595,0.0
11045,1681922280000.0,0.0,0.0,0.33,156.57,0.0,0.0,157.5,0.9999253857184062,1.0,1277.9454710800035,1000.0,1278.2523710800035,1000.0,0.040430598307402595,0.0
11046,1681925880000.0,0.0,0.0,0.33,156.57,0.0,0.0,157.25,0.9999253857184062,1.0,1277.9454710800035,1000.0,1278.1698710800035,1000.0,0.040430598307402595,0.0
11047,1681929480000.0,0.0,0.0,0.33,156.57,0.0,0.0,157.2,0.9999253857184062,1.0,1277.9454710800035,1000.0,1278.1533710800036,1000.0,0.040430598307402595,0.0
11048,1681933080000.0,0.0,0.0,0.33,156.57,0.0,0.0,157.0,0.9999253857184062,1.0,1277.9454710800035,1000.0,1278.0873710800035,1000.0,0.040430598307402595,0.0
11049,1681936680000.0,0.0,0.0,0.33,156.57,0.0,0.0,156.75,0.9999253857184062,1.0,1277.9454710800035,1000.0,1278.0048710800036,1000.0,0.040430598307402595,0.0
11050,1681940280000.0,0.0,0.0,0.33,156.57,0.0,0.0,155.25,0.9999253857184062,1.0,1277.9454710800035,1000.0,1277.5098710800034,1000.0,0.040430598307402595,0.0
11051,1681943880000.0,0.0,0.0,0.33,156.57,0.0,0.0,154.9,0.9999253857184062,1.0,1277.9454710800035,1000.0,1277.3943710800036,1000.0,0.040430598307402595,0.0
11052,1681947480000.0,0.0,0.0,0.33,156.57,0.0,0.0,153.0,0.9999253857184062,1.0,1277.9454710800035,1000.0,1276.7673710800034,1000.0,0.040430598307402595,0.0
11053,1681951080000.0,0.0,0.0,0.33,156.57,0.0,0.0,154.5,0.9999253857184062,1.0,1277.9454710800035,1000.0,1277.2623710800035,1000.0,0.040430598307402595,0.0
11054,1681954680000.0,0.0,0.0,0.33,156.57,0.0,0.0,155.15,0.9999253857184062,1.0,1277.9454710800035,1000.0,1277.4768710800035,1000.0,0.040430598307402595,0.0
11055,1681958280000.0,0.0,0.0,0.33,156.57,0.0,0.0,155.35,0.9999253857184062,1.0,1277.9454710800035,1000.0,1277.5428710800036,1000.0,0.040430598307402595,0.0
11056,1681961880000.0,0.0,0.0,0.33,156.57,0.0,0.0,154.45,0.9999253857184062,1.0,1277.9454710800035,1000.0,1277.2458710800036,1000.0,0.040430598307402595,0.0
11057,1681965480000.0,0.0,0.0,0.33,156.57,0.0,0.0,155.85,0.9999253857184062,1.0,1277.9454710800035,1000.0,1277.7078710800035,1000.0,0.040430598307402595,0.0
11058,1681969080000.0,0.0,0.0,0.33,156.57,0.0,0.0,155.05,0.9999253857184062,1.0,1277.9454710800035,1000.0,1277.4438710800034,1000.0,0.040430598307402595,0.0
11059,1681972680000.0,0.0,0.0,0.33,156.57,0.0,0.0,155.7,0.9999253857184062,1.0,1277.9454710800035,1000.0,1277.6583710800035,1000.0,0.040430598307402595,0.0
11060,1681976280000.0,0.0,0.0,0.33,156.57,0.0,0.0,154.6,0.9999253857184062,1.0,1277.9454710800035,1000.0,1277.2953710800034,1000.0,0.040430598307402595,0.0
11061,1681979880000.0,0.0,0.0,0.33,156.57,0.0,0.0,154.5,0.9999253857184062,1.0,1277.9454710800035,1000.0,1277.2623710800035,1000.0,0.040430598307402595,0.0
11062,1681983480000.0,0.0,0.0,0.33,156.57,0.0,0.0,154.25,0.9999253857184062,1.0,1277.9454710800035,1000.0,1277.1798710800035,1000.0,0.040430598307402595,0.0
11063,1681987080000.0,0.0,0.0,0.33,156.57,0.0,0.0,154.1,0.9999253857184062,1.0,1277.9454710800035,1000.0,1277.1303710800034,1000.0,0.040430598307402595,0.0
11064,1681990680000.0,0.0,0.0,0.33,156.57,0.0,0.0,154.65,0.9999253857184062,1.0,1277.9454710800035,1000.0,1277.3118710800036,1000.0,0.040430598307402595,0.0
11065,1681994280000.0,0.0,0.0,0.33,156.57,0.0,0.0,154.75,0.9999253857184062,1.0,1277.9454710800035,1000.0,1277.3448710800035,1000.0,0.040430598307402595,0.0
11066,1681997880000.0,0.0,0.0,0.33,156.57,0.0,0.0,155.3,0.9999253857184062,1.0,1277.9454710800035,1000.0,1277.5263710800034,1000.0,0.040430598307402595,0.0
11067,1682001480000.0,0.0,0.0,0.33,156.57,0.0,0.0,154.85,0.9999253857184062,1.0,1277.9454710800035,1000.0,1277.3778710800034,1000.0,0.040430598307402595,0.0
11068,1682005080000.0,0.0,0.0,0.33,156.57,0.0,0.0,154.5,0.9999253857184062,1.0,1277.9454710800035,1000.0,1277.2623710800035,1000.0,0.040430598307402595,0.0
11069,1682008680000.0,0.0,0.0,0.33,156.57,0.0,0.0,152.1,0.9999253857184062,1.0,1277.9454710800035,1000.0,1276.4703710800034,1000.0,0.040430598307402595,0.0
11070,1682012280000.0,0.0,0.0,0.67,153.24611940298507,0.0,0.0,152.6,0.9999253857184062,1.0,1277.9352697200034,1000.0,1277.5023697200033,1000.0,0.08034436675536481,0.0
11071,1682015880000.0,0.0,0.0,0.67,153.24611940298507,0.0,0.0,152.65,0.9999253857184062,1.0,1277.9352697200034,1000.0,1277.5358697200033,1000.0,0.08034436675536481,0.0
11072,1682019480000.0,0.0,0.0,0.67,153.24611940298507,0.0,0.0,151.7,0.9999253857184062,1.0,1277.9352697200034,1000.0,1276.8993697200033,1000.0,0.08034436675536481,0.0
11073,1682023080000.0,0.0,0.0,0.67,153.24611940298507,0.0,0.0,152.8,0.9999253857184062,1.0,1277.9352697200034,1000.0,1277.6363697200034,1000.0,0.08034436675536481,0.0
11074,1682026680000.0,0.0,0.0,0.67,153.24611940298507,0.0,0.0,153.45,0.9999253857184062,1.0,1277.9352697200034,1000.0,1278.0718697200034,1000.0,0.08034436675536481,0.0
11075,1682030280000.0,0.0,0.0,0.67,153.24611940298507,0.0,0.0,154.05,0.9999253857184062,1.0,1277.9352697200034,1000.0,1278.4738697200034,1000.0,0.08034436675536481,0.0
11076,1682033880000.0,0.0,0.0,0.67,153.24611940298507,0.0,0.0,153.75,0.9999253857184062,1.0,1277.9352697200034,1000.0,1278.2728697200034,1000.0,0.08034436675536481,0.0
11077,1682037480000.0,0.0,0.0,0.67,153.24611940298507,0.0,0.0,154.15,0.9999253857184062,1.0,1277.9352697200034,1000.0,1278.5408697200035,1000.0,0.08034436675536481,0.0
11078,1682041080000.0,0.0,0.0,0.67,153.24611940298507,0.0,0.0,154.05,0.9999253857184062,1.0,1277.9352697200034,1000.0,1278.4738697200034,1000.0,0.08034436675536481,0.0
11079,1682044680000.0,0.0,0.0,0.67,153.24611940298507,0.0,0.0,153.9,0.9999253857184062,1.0,1277.9352697200034,1000.0,1278.3733697200034,1000.0,0.08034436675536481,0.0
11080,1682048280000.0,0.0,0.0,0.67,153.24611940298507,0.0,0.0,154.75,0.9999253857184062,1.0,1277.9352697200034,1000.0,1278.9428697200033,1000.0,0.08034436675536481,0.0
11081,1682051880000.0,0.0,0.0,0.67,153.24611940298507,0.0,0.0,154.6,0.9999253857184062,1.0,1277.9352697200034,1000.0,1278.8423697200033,1000.0,0.08034436675536481,0.0
11082,1682055480000.0,0.0,0.0,0.67,153.24611940298507,0.0,0.0,155.0,0.9999253857184062,1.0,1277.9352697200034,1000.0,1279.1103697200033,1000.0,0.08034436675536481,0.0
11083,1682059080000.0,0.0,0.0,0.67,153.24611940298507,0.0,0.0,154.05,0.9999253857184062,1.0,1277.9352697200034,1000.0,1278.4738697200034,1000.0,0.08034436675536481,0.0
11084,1682062680000.0,0.0,0.0,0.67,153.24611940298507,0.0,0.0,153.3,0.9999253857184062,1.0,1277.9352697200034,1000.0,1277.9713697200034,1000.0,0.08034436675536481,0.0
11085,1682066280000.0,0.0,0.0,0.67,153.24611940298507,0.0,0.0,153.8,0.9999253857184062,1.0,1277.9352697200034,1000.0,1278.3063697200034,1000.0,0.08034436675536481,0.0
11086,1682069880000.0,0.0,0.0,0.67,153.24611940298507,0.0,0.0,153.65,0.9999253857184062,1.0,1277.9352697200034,1000.0,1278.2058697200034,1000.0,0.08034436675536481,0.0
11087,1682073480000.0,0.0,0.0,0.67,153.24611940298507,0.0,0.0,153.5,0.9999253857184062,1.0,1277.9352697200034,1000.0,1278.1053697200034,1000.0,0.08034436675536481,0.0
11088,1682077080000.0,0.0,0.0,0.67,153.24611940298507,0.0,0.0,153.65,0.9999253857184062,1.0,1277.9352697200034,1000.0,1278.2058697200034,1000.0,0.08034436675536481,0.0
11089,1682080680000.0,0.0,0.0,0.67,153.24611940298507,0.0,0.0,153.35,0.9999253857184062,1.0,1277.9352697200034,1000.0,1278.0048697200034,1000.0,0.08034436675536481,0.0
11090,1682084280000.0,0.0,0.0,0.67,153.24611940298507,0.0,0.0,153.25,0.9999253857184062,1.0,1277.9352697200034,1000.0,1277.9378697200034,1000.0,0.08034436675536481,0.0
11091,1682087880000.0,0.0,0.0,0.67,153.24611940298507,0.0,0.0,153.05,0.9999253857184062,1.0,1277.9352697200034,1000.0,1277.8038697200034,1000.0,0.08034436675536481,0.0
11092,1682091480000.0,0.0,0.0,0.67,153.24611940298507,0.0,0.0,152.3,0.9999253857184062,1.0,1277.9352697200034,1000.0,1277.3013697200033,1000.0,0.08034436675536481,0.0
11093,1682095080000.0,0.0,0.0,0.67,153.24611940298507,0.0,0.0,153.0,0.9999253857184062,1.0,1277.9352697200034,1000.0,1277.7703697200034,1000.0,0.08034436675536481,0.0
11094,1682098680000.0,0.0,0.0,0.67,153.24611940298507,0.0,0.0,153.35,0.9999253857184062,1.0,1277.9352697200034,1000.0,1278.0048697200034,1000.0,0.08034436675536481,0.0
11095,1682102280000.0,0.0,0.0,0.67,153.24611940298507,0.0,0.0,153.65,0.9999253857184062,1.0,1277.9352697200034,1000.0,1278.2058697200034,1000.0,0.08034436675536481,0.0
11096,1682105880000.0,0.0,0.0,0.67,153.24611940298507,0.0,0.0,150.1,0.9999253857184062,1.0,1277.9352697200034,1000.0,1275.8273697200034,1000.0,0.08034436675536481,0.0
11097,1682109480000.0,0.0,0.0,0.67,153.24611940298507,0.0,0.0,150.3,0.9999253857184062,1.0,1277.9352697200034,1000.0,1275.9613697200034,1000.0,0.08034436675536481,0.0
11098,1682113080000.0,0.0,0.0,0.67,153.24611940298507,0.0,0.0,150.85,0.9999253857184062,1.0,1277.9352697200034,1000.0,1276.3298697200034,1000.0,0.08034436675536481,0.0
11099,1682116680000.0,0.0,0.0,0.67,153.24611940298507,0.0,0.0,150.6,0.9999253857184062,1.0,1277.9352697200034,1000.0,1276.1623697200034,1000.0,0.08034436675536481,0.0
11100,1682120280000.0,0.0,0.0,0.67,153.24611940298507,0.0,0.0,151.2,0.9999253857184062,1.0,1277.9352697200034,1000.0,1276.5643697200032,1000.0,0.08034436675536481,0.0
11101,1682123880000.0,0.0,0.0,0.67,153.24611940298507,0.0,0.0,150.5,0.9999253857184062,1.0,1277.9352697200034,1000.0,1276.0953697200034,1000.0,0.08034436675536481,0.0
11102,1682127480000.0,0.0,0.0,0.67,153.24611940298507,0.0,0.0,151.0,0.9999253857184062,1.0,1277.9352697200034,1000.0,1276.4303697200035,1000.0,0.08034436675536481,0.0
11103,1682131080000.0,0.0,0.0,0.67,153.24611940298507,0.0,0.0,151.5,0.9999253857184062,1.0,1277.9352697200034,1000.0,1276.7653697200033,1000.0,0.08034436675536481,0.0
11104,1682134680000.0,0.0,0.0,0.67,153.24611940298507,0.0,0.0,151.6,0.9999253857184062,1.0,1277.9352697200034,1000.0,1276.8323697200033,1000.0,0.08034436675536481,0.0
11105,1682138280000.0,0.0,0.0,0.67,153.24611940298507,0.0,0.0,152.3,0.9999253857184062,1.0,1277.9352697200034,1000.0,1277.3013697200033,1000.0,0.08034436675536481,0.0
11106,1682141880000.0,0.0,0.0,0.67,153.24611940298507,0.0,0.0,152.75,0.9999253857184062,1.0,1277.9352697200034,1000.0,1277.6028697200034,1000.0,0.08034436675536481,0.0
11107,1682145480000.0,0.0,0.0,0.67,153.24611940298507,0.0,0.0,153.5,0.9999253857184062,1.0,1277.9352697200034,1000.0,1278.1053697200034,1000.0,0.08034436675536481,0.0
11108,1682149080000.0,0.0,0.0,0.67,153.24611940298507,0.0,0.0,153.55,0.9999253857184062,1.0,1277.9352697200034,1000.0,1278.1388697200034,1000.0,0.08034436675536481,0.0
11109,1682152680000.0,0.0,0.0,0.67,153.24611940298507,0.0,0.0,153.0,0.9999253857184062,1.0,1277.9352697200034,1000.0,1277.7703697200034,1000.0,0.08034436675536481,0.0
11110,1682156280000.0,0.0,0.0,0.67,153.24611940298507,0.0,0.0,153.55,0.9999253857184062,1.0,1277.9352697200034,1000.0,1278.1388697200034,1000.0,0.08034436675536481,0.0
11111,1682159880000.0,0.0,0.0,0.67,153.24611940298507,0.0,0.0,153.55,0.9999253857184062,1.0,1277.9352697200034,1000.0,1278.1388697200034,1000.0,0.08034436675536481,0.0
11112,1682163480000.0,0.0,0.0,0.67,153.24611940298507,0.0,0.0,153.5,0.9999253857184062,1.0,1277.9352697200034,1000.0,1278.1053697200034,1000.0,0.08034436675536481,0.0
11113,1682167080000.0,0.0,0.0,0.67,153.24611940298507,0.0,0.0,153.45,0.9999253857184062,1.0,1277.9352697200034,1000.0,1278.0718697200034,1000.0,0.08034436675536481,0.0
11114,1682170680000.0,0.0,0.0,0.67,153.24611940298507,0.0,0.0,152.85,0.9999253857184062,1.0,1277.9352697200034,1000.0,1277.6698697200034,1000.0,0.08034436675536481,0.0
11115,1682174280000.0,0.0,0.0,0.67,153.24611940298507,0.0,0.0,153.65,0.9999253857184062,1.0,1277.9352697200034,1000.0,1278.2058697200034,1000.0,0.08034436675536481,0.0
11116,1682177880000.0,0.0,0.0,0.67,153.24611940298507,0.0,0.0,153.75,0.9999253857184062,1.0,1277.9352697200034,1000.0,1278.2728697200034,1000.0,0.08034436675536481,0.0
11117,1682181480000.0,0.0,0.0,0.67,153.24611940298507,0.0,0.0,154.05,0.9999253857184062,1.0,1277.9352697200034,1000.0,1278.4738697200034,1000.0,0.08034436675536481,0.0
11118,1682185080000.0,0.0,0.0,0.67,153.24611940298507,0.0,0.0,154.85,0.9999253857184062,1.0,1277.9352697200034,1000.0,1279.0098697200033,1000.0,0.08034436675536481,0.0
11119,1682188680000.0,0.0,0.0,0.67,153.24611940298507,0.0,0.0,155.65,0.9999253857184062,1.0,1277.9352697200034,1000.0,1279.5458697200033,1000.0,0.08034436675536481,0.0
11120,1682192280000.0,0.0,0.0,0.67,153.24611940298507,0.0,0.0,155.9,0.9999253857184062,1.0,1277.9352697200034,1000.0,1279.7133697200034,1000.0,0.08034436675536481,0.0
11121,1682195880000.0,0.0,0.0,0.67,153.24611940298507,0.0,0.0,156.05,0.9999253857184062,1.0,1277.9352697200034,1000.0,1279.8138697200034,1000.0,0.08034436675536481,0.0
11122,1682199480000.0,0.0,0.0,0.67,153.24611940298507,0.0,0.0,156.0,0.9999253857184062,1.0,1277.9352697200034,1000.0,1279.7803697200034,1000.0,0.08034436675536481,0.0
11123,1682203080000.0,0.0,0.0,0.67,153.24611940298507,0.0,0.0,156.6,0.9999253857184062,1.0,1277.9352697200034,1000.0,1280.1823697200034,1000.0,0.08034436675536481,0.0
11124,1682206680000.0,0.0,0.0,0.67,153.24611940298507,0.0,0.0,157.4,0.9999253857184062,1.0,1277.9352697200034,1000.0,1280.7183697200035,1000.0,0.08034436675536481,0.0
11125,1682210280000.0,0.0,0.0,0.67,153.24611940298507,0.0,0.0,156.5,0.9999253857184062,1.0,1277.9352697200034,1000.0,1280.1153697200034,1000.0,0.08034436675536481,0.0
11126,1682213880000.0,0.0,0.0,0.45,153.24611940298507,0.0,0.0,158.75,0.9999253857184062,1.0,1278.9411780513467,1000.0,1281.4179243200035,1000.0,0.05392019188592789,0.0
11127,1682217480000.0,0.0,0.0,0.3,153.24611940298507,0.0,0.0,158.55,0.9999253857184062,1.0,1279.627024640899,1000.0,1281.2181888200034,1000.0,0.0359275280496652,0.0
11128,1682221080000.0,0.0,0.0,0.14,153.24611940298507,0.0,0.0,157.95,0.9999253857184062,1.0,1280.3585943364212,1000.0,1281.0171376200033,1000.0,0.016756599917648256,0.0
11129,1682224680000.0,0.0,0.0,0.14,153.24611940298507,0.0,0.0,158.15,0.9999253857184062,1.0,1280.3585943364212,1000.0,1281.0451376200033,1000.0,0.016756599917648256,0.0
11130,1682228280000.0,0.0,0.0,0.14,153.24611940298507,0.0,0.0,158.25,0.9999253857184062,1.0,1280.3585943364212,1000.0,1281.0591376200034,1000.0,0.016756599917648256,0.0
11131,1682231880000.0,0.0,0.0,0.04,153.24611940298507,0.0,0.0,157.95,0.9999253857184062,1.0,1280.8158253961226,1000.0,1281.0039806200032,1000.0,0.004785890878748007,0.0
11132,1682235480000.0,0.0,0.0,0.01,153.24611940298507,0.0,0.0,158.3,0.9999253857184062,1.0,1280.9529947140325,1000.0,1281.0035335200025,1000.0,0.0011963445968382052,0.0
11133,1682239080000.0,0.0,0.0,0.01,153.24611940298507,0.0,0.0,158.75,0.9999253857184062,1.0,1280.9529947140325,1000.0,1281.0080335200025,1000.0,0.0011963445968382052,0.0
11134,1682242680000.0,0.0,0.0,0.01,153.24611940298507,0.0,0.0,158.7,0.9999253857184062,1.0,1280.9529947140325,1000.0,1281.0075335200027,1000.0,0.0011963445968382052,0.0
11135,1682246280000.0,0.0,0.0,0.01,153.24611940298507,0.0,0.0,158.7,0.9999253857184062,1.0,1280.9529947140325,1000.0,1281.0075335200027,1000.0,0.0011963445968382052,0.0
11136,1682249880000.0,0.0,0.0,0.01,153.24611940298507,0.0,0.0,159.0,0.9999253857184062,1.0,1280.9529947140325,1000.0,1281.0105335200026,1000.0,0.0011963445968382052,0.0
11137,1682253480000.0,0.0,0.0,0.01,153.24611940298507,0.0,0.0,157.95,0.9999253857184062,1.0,1280.9529947140325,1000.0,1281.0000335200027,1000.0,0.0011963445968382052,0.0
11138,1682257080000.0,0.0,0.0,0.0,153.24611940298507,0.0,0.0,157.6,0.9999253857184062,1.0,1280.9987178200024,1000.0,1280.9987178200024,1000.0,0.0,0.0
11139,1682260680000.0,0.0,0.0,0.0,153.24611940298507,0.0,0.0,157.9,0.9999253857184062,1.0,1280.9987178200024,1000.0,1280.9987178200024,1000.0,0.0,0.0
11140,1682264280000.0,0.0,0.0,0.0,153.24611940298507,0.0,0.0,156.95,0.9999253857184062,1.0,1280.9987178200024,1000.0,1280.9987178200024,1000.0,0.0,0.0
11141,1682267880000.0,0.0,0.0,0.0,153.24611940298507,0.0,0.0,157.35,0.9999253857184062,1.0,1280.9987178200024,1000.0,1280.9987178200024,1000.0,0.0,0.0
11142,1682271480000.0,0.0,0.0,0.0,153.24611940298507,0.0,0.0,156.6,0.9999253857184062,1.0,1280.9987178200024,1000.0,1280.9987178200024,1000.0,0.0,0.0
11143,1682275080000.0,0.0,0.0,0.0,153.24611940298507,0.0,0.0,156.05,0.9999253857184062,1.0,1280.9987178200024,1000.0,1280.9987178200024,1000.0,0.0,0.0
11144,1682278680000.0,0.0,0.0,0.0,153.24611940298507,0.0,0.0,157.25,0.9999253857184062,1.0,1280.9987178200024,1000.0,1280.9987178200024,1000.0,0.0,0.0
11145,1682282280000.0,0.0,0.0,0.0,153.24611940298507,0.0,0.0,156.8,0.9999253857184062,1.0,1280.9987178200024,1000.0,1280.9987178200024,1000.0,0.0,0.0
11146,1682285880000.0,0.0,0.0,0.0,153.24611940298507,0.0,0.0,156.5,0.9999253857184062,1.0,1280.9987178200024,1000.0,1280.9987178200024,1000.0,0.0,0.0
11147,1682289480000.0,0.0,0.0,0.0,153.24611940298507,0.0,0.0,157.05,0.9999253857184062,1.0,1280.9987178200024,1000.0,1280.9987178200024,1000.0,0.0,0.0
11148,1682293080000.0,0.0,0.0,0.0,153.24611940298507,0.0,0.0,157.05,0.9999253857184062,1.0,1280.9987178200024,1000.0,1280.9987178200024,1000.0,0.0,0.0
11149,1682296680000.0,0.0,0.0,0.0,153.24611940298507,0.0,0.0,157.35,0.9999253857184062,1.0,1280.9987178200024,1000.0,1280.9987178200024,1000.0,0.0,0.0
11150,1682300280000.0,0.0,0.0,0.0,153.24611940298507,0.0,0.0,158.1,0.9999253857184062,1.0,1280.9987178200024,1000.0,1280.9987178200024,1000.0,0.0,0.0
11151,1682303880000.0,0.0,0.0,0.0,153.24611940298507,0.0,0.0,158.75,0.9999253857184062,1.0,1280.9987178200024,1000.0,1280.9987178200024,1000.0,0.0,0.0
11152,1682307480000.0,0.0,0.0,0.0,153.24611940298507,0.0,0.0,158.7,0.9999253857184062,1.0,1280.9987178200024,1000.0,1280.9987178200024,1000.0,0.0,0.0
11153,1682311080000.0,0.0,0.0,0.0,153.24611940298507,0.0,0.0,157.35,0.9999253857184062,1.0,1280.9987178200024,1000.0,1280.9987178200024,1000.0,0.0,0.0
11154,1682314680000.0,0.0,0.0,0.0,153.24611940298507,0.0,0.0,156.65,0.9999253857184062,1.0,1280.9987178200024,1000.0,1280.9987178200024,1000.0,0.0,0.0
11155,1682318280000.0,0.0,0.0,0.0,153.24611940298507,0.0,0.0,156.5,0.9999253857184062,1.0,1280.9987178200024,1000.0,1280.9987178200024,1000.0,0.0,0.0
11156,1682321880000.0,0.0,0.0,0.0,153.24611940298507,0.0,0.0,156.2,0.9999253857184062,1.0,1280.9987178200024,1000.0,1280.9987178200024,1000.0,0.0,0.0
11157,1682325480000.0,0.0,0.0,0.0,153.24611940298507,0.0,0.0,156.55,0.9999253857184062,1.0,1280.9987178200024,1000.0,1280.9987178200024,1000.0,0.0,0.0
11158,1682329080000.0,0.0,0.0,0.0,153.24611940298507,0.0,0.0,156.85,0.9999253857184062,1.0,1280.9987178200024,1000.0,1280.9987178200024,1000.0,0.0,0.0
11159,1682332680000.0,0.0,0.0,0.0,153.24611940298507,0.0,0.0,158.0,0.9999253857184062,1.0,1280.9987178200024,1000.0,1280.9987178200024,1000.0,0.0,0.0
11160,1682336280000.0,0.0,0.0,0.0,153.24611940298507,0.0,0.0,157.85,0.9999253857184062,1.0,1280.9987178200024,1000.0,1280.9987178200024,1000.0,0.0,0.0
11161,1682339880000.0,0.0,0.0,0.0,153.24611940298507,0.0,0.0,157.1,0.9999253857184062,1.0,1280.9987178200024,1000.0,1280.9987178200024,1000.0,0.0,0.0
11162,1682343480000.0,0.0,0.0,0.0,153.24611940298507,0.0,0.0,158.25,0.9999253857184062,1.0,1280.9987178200024,1000.0,1280.9987178200024,1000.0,0.0,0.0
11163,1682347080000.0,0.0,0.0,0.0,153.24611940298507,0.0,0.0,156.75,0.9999253857184062,1.0,1280.9987178200024,1000.0,1280.9987178200024,1000.0,0.0,0.0
11164,1682350680000.0,0.0,0.0,0.0,153.24611940298507,0.0,0.0,157.05,0.9999253857184062,1.0,1280.9987178200024,1000.0,1280.9987178200024,1000.0,0.0,0.0
11165,1682354280000.0,0.0,0.0,0.0,153.24611940298507,0.0,0.0,157.75,0.9999253857184062,1.0,1280.9987178200024,1000.0,1280.9987178200024,1000.0,0.0,0.0
11166,1682357880000.0,0.0,0.0,0.0,153.24611940298507,0.0,0.0,157.25,0.9999253857184062,1.0,1280.9987178200024,1000.0,1280.9987178200024,1000.0,0.0,0.0
11167,1682361480000.0,0.0,0.0,0.0,153.24611940298507,0.0,0.0,157.5,0.9999253857184062,1.0,1280.9987178200024,1000.0,1280.9987178200024,1000.0,0.0,0.0
11168,1682365080000.0,0.0,0.0,0.0,153.24611940298507,0.0,0.0,157.5,0.9999253857184062,1.0,1280.9987178200024,1000.0,1280.9987178200024,1000.0,0.0,0.0
11169,1682368680000.0,0.0,0.0,0.0,153.24611940298507,0.0,0.0,157.7,0.9999253857184062,1.0,1280.9987178200024,1000.0,1280.9987178200024,1000.0,0.0,0.0
11170,1682372280000.0,0.0,0.0,0.0,153.24611940298507,0.0,0.0,157.4,0.9999253857184062,1.0,1280.9987178200024,1000.0,1280.9987178200024,1000.0,0.0,0.0
11171,1682375880000.0,0.0,0.0,0.0,153.24611940298507,0.0,0.0,157.2,0.9999253857184062,1.0,1280.9987178200024,1000.0,1280.9987178200024,1000.0,0.0,0.0
11172,1682379480000.0,0.0,0.0,0.0,153.24611940298507,0.0,0.0,157.6,0.9999253857184062,1.0,1280.9987178200024,1000.0,1280.9987178200024,1000.0,0.0,0.0
11173,1682383080000.0,0.0,0.0,0.0,153.24611940298507,0.0,0.0,156.8,0.9999253857184062,1.0,1280.9987178200024,1000.0,1280.9987178200024,1000.0,0.0,0.0
11174,1682386680000.0,0.0,0.0,0.0,153.24611940298507,0.0,0.0,157.2,0.9999253857184062,1.0,1280.9987178200024,1000.0,1280.9987178200024,1000.0,0.0,0.0
11175,1682390280000.0,0.0,0.0,0.0,153.24611940298507,0.0,0.0,156.2,0.9999253857184062,1.0,1280.9987178200024,1000.0,1280.9987178200024,1000.0,0.0,0.0
11176,1682393880000.0,0.0,0.0,0.0,153.24611940298507,0.0,0.0,156.65,0.9999253857184062,1.0,1280.9987178200024,1000.0,1280.9987178200024,1000.0,0.0,0.0
11177,1682397480000.0,0.0,0.0,0.0,153.24611940298507,0.0,0.0,156.6,0.9999253857184062,1.0,1280.9987178200024,1000.0,1280.9987178200024,1000.0,0.0,0.0
11178,1682401080000.0,0.0,0.0,0.0,153.24611940298507,0.0,0.0,156.9,0.9999253857184062,1.0,1280.9987178200024,1000.0,1280.9987178200024,1000.0,0.0,0.0
11179,1682404680000.0,0.0,0.0,0.0,153.24611940298507,0.0,0.0,156.95,0.9999253857184062,1.0,1280.9987178200024,1000.0,1280.9987178200024,1000.0,0.0,0.0
11180,1682408280000.0,0.0,0.0,0.0,153.24611940298507,0.0,0.0,156.15,0.9999253857184062,1.0,1280.9987178200024,1000.0,1280.9987178200024,1000.0,0.0,0.0
11181,1682411880000.0,0.0,0.0,0.0,153.24611940298507,0.0,0.0,155.6,0.9999253857184062,1.0,1280.9987178200024,1000.0,1280.9987178200024,1000.0,0.0,0.0
11182,1682415480000.0,0.0,0.0,0.0,153.24611940298507,0.0,0.0,154.95,0.9999253857184062,1.0,1280.9987178200024,1000.0,1280.9987178200024,1000.0,0.0,0.0
11183,1682419080000.0,0.0,0.0,0.0,153.24611940298507,0.0,0.0,154.6,0.9999253857184062,1.0,1280.9987178200024,1000.0,1280.9987178200024,1000.0,0.0,0.0
11184,1682422680000.0,0.0,0.0,0.0,153.24611940298507,0.0,0.0,155.05,0.9999253857184062,1.0,1280.9987178200024,1000.0,1280.9987178200024,1000.0,0.0,0.0
11185,1682426280000.0,0.0,0.0,0.0,153.24611940298507,0.0,0.0,155.2,0.9999253857184062,1.0,1280.9987178200024,1000.0,1280.9987178200024,1000.0,0.0,0.0
11186,1682429880000.0,0.0,0.0,0.0,153.24611940298507,0.0,0.0,155.95,0.9999253857184062,1.0,1280.9987178200024,1000.0,1280.9987178200024,1000.0,0.0,0.0
11187,1682433480000.0,0.0,0.0,0.0,153.24611940298507,0.0,0.0,155.0,0.9999253857184062,1.0,1280.9987178200024,1000.0,1280.9987178200024,1000.0,0.0,0.0
11188,1682437080000.0,0.0,0.0,0.0,153.24611940298507,0.0,0.0,156.7,0.9999253857184062,1.0,1280.9987178200024,1000.0,1280.9987178200024,1000.0,0.0,0.0
11189,1682440680000.0,0.0,0.0,0.0,153.24611940298507,0.0,0.0,158.35,0.9999253857184062,1.0,1280.9987178200024,1000.0,1280.9987178200024,1000.0,0.0,0.0
11190,1682444280000.0,0.0,0.0,0.0,153.24611940298507,0.0,0.0,158.1,0.9999253857184062,1.0,1280.9987178200024,1000.0,1280.9987178200024,1000.0,0.0,0.0
11191,1682447880000.0,0.0,0.0,0.0,153.24611940298507,0.0,0.0,157.55,0.9999253857184062,1.0,1280.9987178200024,1000.0,1280.9987178200024,1000.0,0.0,0.0
11192,1682451480000.0,0.0,0.0,0.0,153.24611940298507,0.0,0.0,157.6,0.9999253857184062,1.0,1280.9987178200024,1000.0,1280.9987178200024,1000.0,0.0,0.0
11193,1682455080000.0,0.0,0.0,0.0,153.24611940298507,0.0,0.0,159.1,0.9999253857184062,1.0,1280.9987178200024,1000.0,1280.9987178200024,1000.0,0.0,0.0
11194,1682458680000.0,0.0,0.0,0.0,153.24611940298507,0.0,0.0,158.9,0.9999253857184062,1.0,1280.9987178200024,1000.0,1280.9987178200024,1000.0,0.0,0.0
11195,1682462280000.0,0.0,0.0,0.0,153.24611940298507,0.0,0.0,159.15,0.9999253857184062,1.0,1280.9987178200024,1000.0,1280.9987178200024,1000.0,0.0,0.0
11196,1682465880000.0,0.0,0.0,0.0,153.24611940298507,0.0,0.0,159.75,0.9999253857184062,1.0,1280.9987178200024,1000.0,1280.9987178200024,1000.0,0.0,0.0
11197,1682469480000.0,0.0,0.0,0.0,153.24611940298507,0.0,0.0,159.85,0.9999253857184062,1.0,1280.9987178200024,1000.0,1280.9987178200024,1000.0,0.0,0.0
11198,1682473080000.0,0.0,0.0,0.0,153.24611940298507,0.0,0.0,160.05,0.9999253857184062,1.0,1280.9987178200024,1000.0,1280.9987178200024,1000.0,0.0,0.0
11199,1682476680000.0,0.0,0.0,0.0,153.24611940298507,0.0,0.0,159.9,0.9999253857184062,1.0,1280.9987178200024,1000.0,1280.9987178200024,1000.0,0.0,0.0
11200,1682480280000.0,0.0,0.0,0.0,153.24611940298507,0.0,0.0,160.15,0.9999253857184062,1.0,1280.9987178200024,1000.0,1280.9987178200024,1000.0,0.0,0.0
11201,1682483880000.0,0.0,0.0,0.0,153.24611940298507,0.0,0.0,160.9,0.9999253857184062,1.0,1280.9987178200024,1000.0,1280.9987178200024,1000.0,0.0,0.0
11202,1682487480000.0,0.0,0.0,0.0,153.24611940298507,0.0,0.0,160.4,0.9999253857184062,1.0,1280.9987178200024,1000.0,1280.9987178200024,1000.0,0.0,0.0
11203,1682491080000.0,0.0,0.0,0.0,153.24611940298507,0.0,0.0,160.3,0.9999253857184062,1.0,1280.9987178200024,1000.0,1280.9987178200024,1000.0,0.0,0.0
11204,1682494680000.0,0.0,0.0,0.0,153.24611940298507,0.0,0.0,160.7,0.9999253857184062,1.0,1280.9987178200024,1000.0,1280.9987178200024,1000.0,0.0,0.0
11205,1682498280000.0,0.0,0.0,0.0,153.24611940298507,0.0,0.0,160.7,0.9999253857184062,1.0,1280.9987178200024,1000.0,1280.9987178200024,1000.0,0.0,0.0
11206,1682501880000.0,0.0,0.0,0.0,153.24611940298507,0.0,0.0,160.85,0.9999253857184062,1.0,1280.9987178200024,1000.0,1280.9987178200024,1000.0,0.0,0.0
11207,1682505480000.0,0.0,0.0,0.0,153.24611940298507,0.0,0.0,161.1,0.9999253857184062,1.0,1280.9987178200024,1000.0,1280.9987178200024,1000.0,0.0,0.0
11208,1682509080000.0,0.0,0.0,0.0,153.24611940298507,0.0,0.0,160.65,0.9999253857184062,1.0,1280.9987178200024,1000.0,1280.9987178200024,1000.0,0.0,0.0
11209,1682512680000.0,0.0,0.0,0.0,153.24611940298507,0.0,0.0,162.3,0.9999253857184062,1.0,1280.9987178200024,1000.0,1280.9987178200024,1000.0,0.0,0.0
11210,1682516280000.0,0.0,0.0,0.0,153.24611940298507,0.0,0.0,161.8,0.9999253857184062,1.0,1280.9987178200024,1000.0,1280.9987178200024,1000.0,0.0,0.0
11211,1682519880000.0,0.0,0.0,0.0,153.24611940298507,0.0,0.0,160.05,0.9999253857184062,1.0,1280.9987178200024,1000.0,1280.9987178200024,1000.0,0.0,0.0
11212,1682523480000.0,0.0,0.0,0.0,153.24611940298507,0.0,0.0,160.9,0.9999253857184062,1.0,1280.9987178200024,1000.0,1280.9987178200024,1000.0,0.0,0.0
11213,1682527080000.0,0.0,0.0,0.0,153.24611940298507,0.0,0.0,161.25,0.9999253857184062,1.0,1280.9987178200024,1000.0,1280.9987178200024,1000.0,0.0,0.0
11214,1682530680000.0,0.0,0.0,0.0,153.24611940298507,0.0,0.0,161.2,0.9999253857184062,1.0,1280.9987178200024,1000.0,1280.9987178200024,1000.0,0.0,0.0
11215,1682534280000.0,0.0,0.0,0.0,153.24611940298507,0.0,0.0,161.05,0.9999253857184062,1.0,1280.9987178200024,1000.0,1280.9987178200024,1000.0,0.0,0.0
11216,1682537880000.0,0.0,0.0,0.0,153.24611940298507,0.0,0.0,157.25,0.9999253857184062,1.0,1280.9987178200024,1000.0,1280.9987178200024,1000.0,0.0,0.0
11217,1682541480000.0,0.0,0.0,0.33,154.91,0.0,0.0,155.0,0.9999253857184062,1.0,1280.9884937600025,1000.0,1281.0181937600025,1000.0,0.03990691583025067,0.0
11218,1682545080000.0,0.0,0.0,0.33,154.91,0.0,0.0,156.55,0.9999253857184062,1.0,1280.9884937600025,1000.0,1281.5296937600026,1000.0,0.03990691583025067,0.0
11219,1682548680000.0,0.0,0.0,0.33,154.91,0.0,0.0,156.65,0.9999253857184062,1.0,1280.9884937600025,1000.0,1281.5626937600025,1000.0,0.03990691583025067,0.0
11220,1682552280000.0,0.0,0.0,0.33,154.91,0.0,0.0,156.85,0.9999253857184062,1.0,1280.9884937600025,1000.0,1281.6286937600025,1000.0,0.03990691583025067,0.0
11221,1682555880000.0,0.0,0.0,0.33,154.91,0.0,0.0,157.45,0.9999253857184062,1.0,1280.9884937600025,1000.0,1281.8266937600024,1000.0,0.03990691583025067,0.0
11222,1682559480000.0,0.0,0.0,0.33,154.91,0.0,0.0,157.15,0.9999253857184062,1.0,1280.9884937600025,1000.0,1281.7276937600025,1000.0,0.03990691583025067,0.0
11223,1682563080000.0,0.0,0.0,0.33,154.91,0.0,0.0,157.95,0.9999253857184062,1.0,1280.9884937600025,1000.0,1281.9916937600026,1000.0,0.03990691583025067,0.0
11224,1682566680000.0,0.0,0.0,0.33,154.91,0.0,0.0,157.5,0.9999253857184062,1.0,1280.9884937600025,1000.0,1281.8431937600026,1000.0,0.03990691583025067,0.0
11225,1682570280000.0,0.0,0.0,0.33,154.91,0.0,0.0,157.7,0.9999253857184062,1.0,1280.9884937600025,1000.0,1281.9091937600024,1000.0,0.03990691583025067,0.0
11226,1682573880000.0,0.0,0.0,0.33,154.91,0.0,0.0,157.75,0.9999253857184062,1.0,1280.9884937600025,1000.0,1281.9256937600026,1000.0,0.03990691583025067,0.0
11227,1682577480000.0,0.0,0.0,0.33,154.91,0.0,0.0,157.1,0.9999253857184062,1.0,1280.9884937600025,1000.0,1281.7111937600025,1000.0,0.03990691583025067,0.0
11228,1682581080000.0,0.0,0.0,0.33,154.91,0.0,0.0,157.1,0.9999253857184062,1.0,1280.9884937600025,1000.0,1281.7111937600025,1000.0,0.03990691583025067,0.0
11229,1682584680000.0,0.0,0.0,0.33,154.91,0.0,0.0,157.2,0.9999253857184062,1.0,1280.9884937600025,1000.0,1281.7441937600024,1000.0,0.03990691583025067,0.0
11230,1682588280000.0,0.0,0.0,0.33,154.91,0.0,0.0,156.2,0.9999253857184062,1.0,1280.9884937600025,1000.0,1281.4141937600025,1000.0,0.03990691583025067,0.0
11231,1682591880000.0,0.0,0.0,0.33,154.91,0.0,0.0,156.4,0.9999253857184062,1.0,1280.9884937600025,1000.0,1281.4801937600025,1000.0,0.03990691583025067,0.0
11232,1682595480000.0,0.0,0.0,0.33,154.91,0.0,0.0,156.6,0.9999253857184062,1.0,1280.9884937600025,1000.0,1281.5461937600026,1000.0,0.03990691583025067,0.0
11233,1682599080000.0,0.0,0.0,0.33,154.91,0.0,0.0,155.55,0.9999253857184062,1.0,1280.9884937600025,1000.0,1281.1996937600024,1000.0,0.03990691583025067,0.0
11234,1682602680000.0,0.0,0.0,0.33,154.91,0.0,0.0,156.0,0.9999253857184062,1.0,1280.9884937600025,1000.0,1281.3481937600025,1000.0,0.03990691583025067,0.0
11235,1682606280000.0,0.0,0.0,0.33,154.91,0.0,0.0,156.05,0.9999253857184062,1.0,1280.9884937600025,1000.0,1281.3646937600024,1000.0,0.03990691583025067,0.0
11236,1682609880000.0,0.0,0.0,0.33,154.91,0.0,0.0,156.85,0.9999253857184062,1.0,1280.9884937600025,1000.0,1281.6286937600025,1000.0,0.03990691583025067,0.0
11237,1682613480000.0,0.0,0.0,0.33,154.91,0.0,0.0,156.3,0.9999253857184062,1.0,1280.9884937600025,1000.0,1281.4471937600024,1000.0,0.03990691583025067,0.0
11238,1682617080000.0,0.0,0.0,0.33,154.91,0.0,0.0,157.3,0.9999253857184062,1.0,1280.9884937600025,1000.0,1281.7771937600025,1000.0,0.03990691583025067,0.0
11239,1682620680000.0,0.0,0.0,0.33,154.91,0.0,0.0,157.1,0.9999253857184062,1.0,1280.9884937600025,1000.0,1281.7111937600025,1000.0,0.03990691583025067,0.0
11240,1682624280000.0,0.0,0.0,0.33,154.91,0.0,0.0,157.4,0.9999253857184062,1.0,1280.9884937600025,1000.0,1281.8101937600024,1000.0,0.03990691583025067,0.0
11241,1682627880000.0,0.0,0.0,0.33,154.91,0.0,0.0,156.1,0.9999253857184062,1.0,1280.9884937600025,1000.0,1281.3811937600026,1000.0,0.03990691583025067,0.0
11242,1682631480000.0,0.0,0.0,0.33,154.91,0.0,0.0,155.5,0.9999253857184062,1.0,1280.9884937600025,1000.0,1281.1831937600025,1000.0,0.03990691583025067,0.0
11243,1682635080000.0,0.0,0.0,0.33,154.91,0.0,0.0,154.65,0.9999253857184062,1.0,1280.9884937600025,1000.0,1280.9026937600024,1000.0,0.03990691583025067,0.0
11244,1682638680000.0,0.0,0.0,0.33,154.91,0.0,0.0,154.6,0.9999253857184062,1.0,1280.9884937600025,1000.0,1280.8861937600025,1000.0,0.03990691583025067,0.0
11245,1682642280000.0,0.0,0.0,0.33,154.91,0.0,0.0,152.6,0.9999253857184062,1.0,1280.9884937600025,1000.0,1280.2261937600024,1000.0,0.03990691583025067,0.0
11246,1682645880000.0,0.0,0.0,0.33,154.91,0.0,0.0,153.15,0.9999253857184062,1.0,1280.9884937600025,1000.0,1280.4076937600025,1000.0,0.03990691583025067,0.0
11247,1682649480000.0,0.0,0.0,0.33,154.91,0.0,0.0,153.3,0.9999253857184062,1.0,1280.9884937600025,1000.0,1280.4571937600024,1000.0,0.03990691583025067,0.0
11248,1682653080000.0,0.0,0.0,0.33,154.91,0.0,0.0,153.0,0.9999253857184062,1.0,1280.9884937600025,1000.0,1280.3581937600025,1000.0,0.03990691583025067,0.0
11249,1682656680000.0,0.0,0.0,0.33,154.91,0.0,0.0,153.3,0.9999253857184062,1.0,1280.9884937600025,1000.0,1280.4571937600024,1000.0,0.03990691583025067,0.0
11250,1682660280000.0,0.0,0.0,0.33,154.91,0.0,0.0,153.55,0.9999253857184062,1.0,1280.9884937600025,1000.0,1280.5396937600026,1000.0,0.03990691583025067,0.0
11251,1682663880000.0,0.0,0.0,0.33,154.91,0.0,0.0,153.95,0.9999253857184062,1.0,1280.9884937600025,1000.0,1280.6716937600024,1000.0,0.03990691583025067,0.0
11252,1682667480000.0,0.0,0.0,0.33,154.91,0.0,0.0,154.85,0.9999253857184062,1.0,1280.9884937600025,1000.0,1280.9686937600025,1000.0,0.03990691583025067,0.0
11253,1682671080000.0,0.0,0.0,0.33,154.91,0.0,0.0,154.1,0.9999253857184062,1.0,1280.9884937600025,1000.0,1280.7211937600025,1000.0,0.03990691583025067,0.0
11254,1682674680000.0,0.0,0.0,0.33,154.91,0.0,0.0,154.85,0.9999253857184062,1.0,1280.9884937600025,1000.0,1280.9686937600025,1000.0,0.03990691583025067,0.0
11255,1682678280000.0,0.0,0.0,0.33,154.91,0.0,0.0,154.05,0.9999253857184062,1.0,1280.9884937600025,1000.0,1280.7046937600026,1000.0,0.03990691583025067,0.0
11256,1682681880000.0,0.0,0.0,0.33,154.91,0.0,0.0,154.0,0.9999253857184062,1.0,1280.9884937600025,1000.0,1280.6881937600024,1000.0,0.03990691583025067,0.0
11257,1682685480000.0,0.0,0.0,0.33,154.91,0.0,0.0,153.55,0.9999253857184062,1.0,1280.9884937600025,1000.0,1280.5396937600026,1000.0,0.03990691583025067,0.0
11258,1682689080000.0,0.0,0.0,0.33,154.91,0.0,0.0,154.4,0.9999253857184062,1.0,1280.9884937600025,1000.0,1280.8201937600024,1000.0,0.03990691583025067,0.0
11259,1682692680000.0,0.0,0.0,0.33,154.91,0.0,0.0,154.3,0.9999253857184062,1.0,1280.9884937600025,1000.0,1280.7871937600025,1000.0,0.03990691583025067,0.0
11260,1682696280000.0,0.0,0.0,0.33,154.91,0.0,0.0,154.6,0.9999253857184062,1.0,1280.9884937600025,1000.0,1280.8861937600025,1000.0,0.03990691583025067,0.0
11261,1682699880000.0,0.0,0.0,0.33,154.91,0.0,0.0,154.5,0.9999253857184062,1.0,1280.9884937600025,1000.0,1280.8531937600026,1000.0,0.03990691583025067,0.0
11262,1682703480000.0,0.0,0.0,0.33,154.91,0.0,0.0,154.5,0.9999253857184062,1.0,1280.9884937600025,1000.0,1280.8531937600026,1000.0,0.03990691583025067,0.0
11263,1682707080000.0,0.0,0.0,0.33,154.91,0.0,0.0,153.85,0.9999253857184062,1.0,1280.9884937600025,1000.0,1280.6386937600025,1000.0,0.03990691583025067,0.0
11264,1682710680000.0,0.0,0.0,0.33,154.91,0.0,0.0,153.95,0.9999253857184062,1.0,1280.9884937600025,1000.0,1280.6716937600024,1000.0,0.03990691583025067,0.0
11265,1682714280000.0,0.0,0.0,0.33,154.91,0.0,0.0,154.55,0.9999253857184062,1.0,1280.9884937600025,1000.0,1280.8696937600025,1000.0,0.03990691583025067,0.0
11266,1682717880000.0,0.0,0.0,0.33,154.91,0.0,0.0,154.5,0.9999253857184062,1.0,1280.9884937600025,1000.0,1280.8531937600026,1000.0,0.03990691583025067,0.0
11267,1682721480000.0,0.0,0.0,0.33,154.91,0.0,0.0,154.3,0.9999253857184062,1.0,1280.9884937600025,1000.0,1280.7871937600025,1000.0,0.03990691583025067,0.0
11268,1682725080000.0,0.0,0.0,0.33,154.91,0.0,0.0,152.95,0.9999253857184062,1.0,1280.9884937600025,1000.0,1280.3416937600025,1000.0,0.03990691583025067,0.0
11269,1682728680000.0,0.0,0.0,0.33,154.91,0.0,0.0,152.85,0.9999253857184062,1.0,1280.9884937600025,1000.0,1280.3086937600024,1000.0,0.03990691583025067,0.0
11270,1682732280000.0,0.0,0.0,0.33,154.91,0.0,0.0,153.05,0.9999253857184062,1.0,1280.9884937600025,1000.0,1280.3746937600024,1000.0,0.03990691583025067,0.0
11271,1682735880000.0,0.0,0.0,0.33,154.91,0.0,0.0,152.8,0.9999253857184062,1.0,1280.9884937600025,1000.0,1280.2921937600024,1000.0,0.03990691583025067,0.0
11272,1682739480000.0,0.0,0.0,0.33,154.91,0.0,0.0,153.2,0.9999253857184062,1.0,1280.9884937600025,1000.0,1280.4241937600025,1000.0,0.03990691583025067,0.0
11273,1682743080000.0,0.0,0.0,0.33,154.91,0.0,0.0,154.0,0.9999253857184062,1.0,1280.9884937600025,1000.0,1280.6881937600024,1000.0,0.03990691583025067,0.0
11274,1682746680000.0,0.0,0.0,0.33,154.91,0.0,0.0,153.6,0.9999253857184062,1.0,1280.9884937600025,1000.0,1280.5561937600025,1000.0,0.03990691583025067,0.0
11275,1682750280000.0,0.0,0.0,0.33,154.91,0.0,0.0,154.2,0.9999253857184062,1.0,1280.9884937600025,1000.0,1280.7541937600024,1000.0,0.03990691583025067,0.0
11276,1682753880000.0,0.0,0.0,0.33,154.91,0.0,0.0,154.1,0.9999253857184062,1.0,1280.9884937600025,1000.0,1280.7211937600025,1000.0,0.03990691583025067,0.0
11277,1682757480000.0,0.0,0.0,0.33,154.91,0.0,0.0,154.2,0.9999253857184062,1.0,1280.9884937600025,1000.0,1280.7541937600024,1000.0,0.03990691583025067,0.0
11278,1682761080000.0,0.0,0.0,0.33,154.91,0.0,0.0,154.7,0.9999253857184062,1.0,1280.9884937600025,1000.0,1280.9191937600024,1000.0,0.03990691583025067,0.0
11279,1682764680000.0,0.0,0.0,0.33,154.91,0.0,0.0,154.75,0.9999253857184062,1.0,1280.9884937600025,1000.0,1280.9356937600026,1000.0,0.03990691583025067,0.0
11280,1682768280000.0,0.0,0.0,0.33,154.91,0.0,0.0,155.6,0.9999253857184062,1.0,1280.9884937600025,1000.0,1281.2161937600024,1000.0,0.03990691583025067,0.0
11281,1682771880000.0,0.0,0.0,0.33,154.91,0.0,0.0,155.5,0.9999253857184062,1.0,1280.9884937600025,1000.0,1281.1831937600025,1000.0,0.03990691583025067,0.0
11282,1682775480000.0,0.0,0.0,0.33,154.91,0.0,0.0,155.5,0.9999253857184062,1.0,1280.9884937600025,1000.0,1281.1831937600025,1000.0,0.03990691583025067,0.0
11283,1682779080000.0,0.0,0.0,0.33,154.91,0.0,0.0,155.85,0.9999253857184062,1.0,1280.9884937600025,1000.0,1281.2986937600024,1000.0,0.03990691583025067,0.0
11284,1682782680000.0,0.0,0.0,0.33,154.91,0.0,0.0,155.6,0.9999253857184062,1.0,1280.9884937600025,1000.0,1281.2161937600024,1000.0,0.03990691583025067,0.0
11285,1682786280000.0,0.0,0.0,0.33,154.91,0.0,0.0,155.4,0.9999253857184062,1.0,1280.9884937600025,1000.0,1281.1501937600026,1000.0,0.03990691583025067,0.0
11286,1682789880000.0,0.0,0.0,0.33,154.91,0.0,0.0,155.0,0.9999253857184062,1.0,1280.9884937600025,1000.0,1281.0181937600025,1000.0,0.03990691583025067,0.0
11287,1682793480000.0,0.0,0.0,0.33,154.91,0.0,0.0,155.3,0.9999253857184062,1.0,1280.9884937600025,1000.0,1281.1171937600025,1000.0,0.03990691583025067,0.0
11288,1682797080000.0,0.0,0.0,0.33,154.91,0.0,0.0,155.15,0.9999253857184062,1.0,1280.9884937600025,1000.0,1281.0676937600024,1000.0,0.03990691583025067,0.0
11289,1682800680000.0,0.0,0.0,0.33,154.91,0.0,0.0,154.6,0.9999253857184062,1.0,1280.9884937600025,1000.0,1280.8861937600025,1000.0,0.03990691583025067,0.0
11290,1682804280000.0,0.0,0.0,0.33,154.91,0.0,0.0,154.5,0.9999253857184062,1.0,1280.9884937600025,1000.0,1280.8531937600026,1000.0,0.03990691583025067,0.0
11291,1682807880000.0,0.0,0.0,0.33,154.91,0.0,0.0,154.75,0.9999253857184062,1.0,1280.9884937600025,1000.0,1280.9356937600026,1000.0,0.03990691583025067,0.0
11292,1682811480000.0,0.0,0.0,0.33,154.91,0.0,0.0,154.45,0.9999253857184062,1.0,1280.9884937600025,1000.0,1280.8366937600024,1000.0,0.03990691583025067,0.0
11293,1682815080000.0,0.0,0.0,0.33,154.91,0.0,0.0,154.15,0.9999253857184062,1.0,1280.9884937600025,1000.0,1280.7376937600025,1000.0,0.03990691583025067,0.0
11294,1682818680000.0,0.0,0.0,0.33,154.91,0.0,0.0,154.0,0.9999253857184062,1.0,1280.9884937600025,1000.0,1280.6881937600024,1000.0,0.03990691583025067,0.0
11295,1682822280000.0,0.0,0.0,0.33,154.91,0.0,0.0,153.9,0.9999253857184062,1.0,1280.9884937600025,1000.0,1280.6551937600025,1000.0,0.03990691583025067,0.0
11296,1682825880000.0,0.0,0.0,0.33,154.91,0.0,0.0,154.35,0.9999253857184062,1.0,1280.9884937600025,1000.0,1280.8036937600025,1000.0,0.03990691583025067,0.0
11297,1682829480000.0,0.0,0.0,0.33,154.91,0.0,0.0,153.95,0.9999253857184062,1.0,1280.9884937600025,1000.0,1280.6716937600024,1000.0,0.03990691583025067,0.0
11298,1682833080000.0,0.0,0.0,0.33,154.91,0.0,0.0,154.15,0.9999253857184062,1.0,1280.9884937600025,1000.0,1280.7376937600025,1000.0,0.03990691583025067,0.0
11299,1682836680000.0,0.0,0.0,0.33,154.91,0.0,0.0,154.2,0.9999253857184062,1.0,1280.9884937600025,1000.0,1280.7541937600024,1000.0,0.03990691583025067,0.0
11300,1682840280000.0,0.0,0.0,0.33,154.91,0.0,0.0,154.0,0.9999253857184062,1.0,1280.9884937600025,1000.0,1280.6881937600024,1000.0,0.03990691583025067,0.0
11301,1682843880000.0,0.0,0.0,0.33,154.91,0.0,0.0,154.55,0.9999253857184062,1.0,1280.9884937600025,1000.0,1280.8696937600025,1000.0,0.03990691583025067,0.0
11302,1682847480000.0,0.0,0.0,0.33,154.91,0.0,0.0,154.15,0.9999253857184062,1.0,1280.9884937600025,1000.0,1280.7376937600025,1000.0,0.03990691583025067,0.0
11303,1682851080000.0,0.0,0.0,0.33,154.91,0.0,0.0,153.9,0.9999253857184062,1.0,1280.9884937600025,1000.0,1280.6551937600025,1000.0,0.03990691583025067,0.0
11304,1682854680000.0,0.0,0.0,0.33,154.91,0.0,0.0,153.9,0.9999253857184062,1.0,1280.9884937600025,1000.0,1280.6551937600025,1000.0,0.03990691583025067,0.0
11305,1682858280000.0,0.0,0.0,0.33,154.91,0.0,0.0,153.95,0.9999253857184062,1.0,1280.9884937600025,1000.0,1280.6716937600024,1000.0,0.03990691583025067,0.0
11306,1682861880000.0,0.0,0.0,0.33,154.91,0.0,0.0,154.3,0.9999253857184062,1.0,1280.9884937600025,1000.0,1280.7871937600025,1000.0,0.03990691583025067,0.0
11307,1682865480000.0,0.0,0.0,0.33,154.91,0.0,0.0,154.4,0.9999253857184062,1.0,1280.9884937600025,1000.0,1280.8201937600024,1000.0,0.03990691583025067,0.0
11308,1682869080000.0,0.0,0.0,0.33,154.91,0.0,0.0,155.55,0.9999253857184062,1.0,1280.9884937600025,1000.0,1281.1996937600024,1000.0,0.03990691583025067,0.0
11309,1682872680000.0,0.0,0.0,0.33,154.91,0.0,0.0,155.4,0.9999253857184062,1.0,1280.9884937600025,1000.0,1281.1501937600026,1000.0,0.03990691583025067,0.0
11310,1682876280000.0,0.0,0.0,0.33,154.91,0.0,0.0,155.7,0.9999253857184062,1.0,1280.9884937600025,1000.0,1281.2491937600025,1000.0,0.03990691583025067,0.0
11311,1682879880000.0,0.0,0.0,0.33,154.91,0.0,0.0,155.55,0.9999253857184062,1.0,1280.9884937600025,1000.0,1281.1996937600024,1000.0,0.03990691583025067,0.0
11312,1682883480000.0,0.0,0.0,0.33,154.91,0.0,0.0,155.3,0.9999253857184062,1.0,1280.9884937600025,1000.0,1281.1171937600025,1000.0,0.03990691583025067,0.0
11313,1682887080000.0,0.0,0.0,0.33,154.91,0.0,0.0,155.55,0.9999253857184062,1.0,1280.9884937600025,1000.0,1281.1996937600024,1000.0,0.03990691583025067,0.0
11314,1682890680000.0,0.0,0.0,0.33,154.91,0.0,0.0,156.05,0.9999253857184062,1.0,1280.9884937600025,1000.0,1281.3646937600024,1000.0,0.03990691583025067,0.0
11315,1682894280000.0,0.0,0.0,0.33,154.91,0.0,0.0,156.35,0.9999253857184062,1.0,1280.9884937600025,1000.0,1281.4636937600026,1000.0,0.03990691583025067,0.0
11316,1682897880000.0,0.0,0.0,0.33,154.91,0.0,0.0,156.8,0.9999253857184062,1.0,1280.9884937600025,1000.0,1281.6121937600026,1000.0,0.03990691583025067,0.0
11317,1682901480000.0,0.0,0.0,0.33,154.91,0.0,0.0,155.85,0.9999253857184062,1.0,1280.9884937600025,1000.0,1281.2986937600024,1000.0,0.03990691583025067,0.0
11318,1682905080000.0,0.0,0.0,0.33,154.91,0.0,0.0,153.5,0.9999253857184062,1.0,1280.9884937600025,1000.0,1280.5231937600024,1000.0,0.03990691583025067,0.0
11319,1682908680000.0,0.0,0.0,0.33,154.91,0.0,0.0,152.6,0.9999253857184062,1.0,1280.9884937600025,1000.0,1280.2261937600024,1000.0,0.03990691583025067,0.0
11320,1682912280000.0,0.0,0.0,0.33,154.91,0.0,0.0,153.1,0.9999253857184062,1.0,1280.9884937600025,1000.0,1280.3911937600026,1000.0,0.03990691583025067,0.0
11321,1682915880000.0,0.0,0.0,0.33,154.91,0.0,0.0,152.95,0.9999253857184062,1.0,1280.9884937600025,1000.0,1280.3416937600025,1000.0,0.03990691583025067,0.0
11322,1682919480000.0,0.0,0.0,0.33,154.91,0.0,0.0,153.15,0.9999253857184062,1.0,1280.9884937600025,1000.0,1280.4076937600025,1000.0,0.03990691583025067,0.0
11323,1682923080000.0,0.0,0.0,0.33,154.91,0.0,0.0,152.95,0.9999253857184062,1.0,1280.9884937600025,1000.0,1280.3416937600025,1000.0,0.03990691583025067,0.0
11324,1682926680000.0,0.0,0.0,0.33,154.91,0.0,0.0,153.0,0.9999253857184062,1.0,1280.9884937600025,1000.0,1280.3581937600025,1000.0,0.03990691583025067,0.0
11325,1682930280000.0,0.0,0.0,0.33,154.91,0.0,0.0,152.75,0.9999253857184062,1.0,1280.9884937600025,1000.0,1280.2756937600025,1000.0,0.03990691583025067,0.0
11326,1682933880000.0,0.0,0.0,0.33,154.91,0.0,0.0,153.35,0.9999253857184062,1.0,1280.9884937600025,1000.0,1280.4736937600026,1000.0,0.03990691583025067,0.0
11327,1682937480000.0,0.0,0.0,0.33,154.91,0.0,0.0,153.65,0.9999253857184062,1.0,1280.9884937600025,1000.0,1280.5726937600025,1000.0,0.03990691583025067,0.0
11328,1682941080000.0,0.0,0.0,0.33,154.91,0.0,0.0,152.95,0.9999253857184062,1.0,1280.9884937600025,1000.0,1280.3416937600025,1000.0,0.03990691583025067,0.0
11329,1682944680000.0,0.0,0.0,0.33,154.91,0.0,0.0,152.55,0.9999253857184062,1.0,1280.9884937600025,1000.0,1280.2096937600024,1000.0,0.03990691583025067,0.0
11330,1682948280000.0,0.0,0.0,0.33,154.91,0.0,0.0,152.95,0.9999253857184062,1.0,1280.9884937600025,1000.0,1280.3416937600025,1000.0,0.03990691583025067,0.0
11331,1682951880000.0,0.0,0.0,0.33,154.91,0.0,0.0,152.9,0.9999253857184062,1.0,1280.9884937600025,1000.0,1280.3251937600025,1000.0,0.03990691583025067,0.0
11332,1682955480000.0,0.0,0.0,0.33,154.91,0.0,0.0,152.75,0.9999253857184062,1.0,1280.9884937600025,1000.0,1280.2756937600025,1000.0,0.03990691583025067,0.0
11333,1682959080000.0,0.0,0.0,0.33,154.91,0.0,0.0,152.9,0.9999253857184062,1.0,1280.9884937600025,1000.0,1280.3251937600025,1000.0,0.03990691583025067,0.0
11334,1682962680000.0,0.0,0.0,0.33,154.91,0.0,0.0,153.3,0.9999253857184062,1.0,1280.9884937600025,1000.0,1280.4571937600024,1000.0,0.03990691583025067,0.0
11335,1682966280000.0,0.0,0.0,0.33,154.91,0.0,0.0,152.65,0.9999253857184062,1.0,1280.9884937600025,1000.0,1280.2426937600026,1000.0,0.03990691583025067,0.0
11336,1682969880000.0,0.0,0.0,0.33,154.91,0.0,0.0,150.95,0.9999253857184062,1.0,1280.9884937600025,1000.0,1279.6816937600024,1000.0,0.03990691583025067,0.0
11337,1682973480000.0,0.0,0.0,0.33,154.91,0.0,0.0,151.9,0.9999253857184062,1.0,1280.9884937600025,1000.0,1279.9951937600024,1000.0,0.03990691583025067,0.0
11338,1682977080000.0,0.0,0.0,0.33,154.91,0.0,0.0,152.25,0.9999253857184062,1.0,1280.9884937600025,1000.0,1280.1106937600025,1000.0,0.03990691583025067,0.0
11339,1682980680000.0,0.0,0.0,0.33,154.91,0.0,0.0,151.95,0.9999253857184062,1.0,1280.9884937600025,1000.0,1280.0116937600026,1000.0,0.03990691583025067,0.0
11340,1682984280000.0,0.0,0.0,0.33,154.91,0.0,0.0,152.6,0.9999253857184062,1.0,1280.9884937600025,1000.0,1280.2261937600024,1000.0,0.03990691583025067,0.0
11341,1682987880000.0,0.0,0.0,0.33,154.91,0.0,0.0,152.65,0.9999253857184062,1.0,1280.9884937600025,1000.0,1280.2426937600026,1000.0,0.03990691583025067,0.0
11342,1682991480000.0,0.0,0.0,0.33,154.91,0.0,0.0,153.0,0.9999253857184062,1.0,1280.9884937600025,1000.0,1280.3581937600025,1000.0,0.03990691583025067,0.0
11343,1682995080000.0,0.0,0.0,0.33,154.91,0.0,0.0,153.4,0.9999253857184062,1.0,1280.9884937600025,1000.0,1280.4901937600025,1000.0,0.03990691583025067,0.0
11344,1682998680000.0,0.0,0.0,0.33,154.91,0.0,0.0,153.55,0.9999253857184062,1.0,1280.9884937600025,1000.0,1280.5396937600026,1000.0,0.03990691583025067,0.0
11345,1683002280000.0,0.0,0.0,0.33,154.91,0.0,0.0,153.5,0.9999253857184062,1.0,1280.9884937600025,1000.0,1280.5231937600024,1000.0,0.03990691583025067,0.0
11346,1683005880000.0,0.0,0.0,0.33,154.91,0.0,0.0,153.55,0.9999253857184062,1.0,1280.9884937600025,1000.0,1280.5396937600026,1000.0,0.03990691583025067,0.0
11347,1683009480000.0,0.0,0.0,0.33,154.91,0.0,0.0,153.15,0.9999253857184062,1.0,1280.9884937600025,1000.0,1280.4076937600025,1000.0,0.03990691583025067,0.0
11348,1683013080000.0,0.0,0.0,0.33,154.91,0.0,0.0,153.9,0.9999253857184062,1.0,1280.9884937600025,1000.0,1280.6551937600025,1000.0,0.03990691583025067,0.0
11349,1683016680000.0,0.0,0.0,0.33,154.91,0.0,0.0,154.4,0.9999253857184062,1.0,1280.9884937600025,1000.0,1280.8201937600024,1000.0,0.03990691583025067,0.0
11350,1683020280000.0,0.0,0.0,0.33,154.91,0.0,0.0,154.6,0.9999253857184062,1.0,1280.9884937600025,1000.0,1280.8861937600025,1000.0,0.03990691583025067,0.0
11351,1683023880000.0,0.0,0.0,0.33,154.91,0.0,0.0,154.25,0.9999253857184062,1.0,1280.9884937600025,1000.0,1280.7706937600026,1000.0,0.03990691583025067,0.0
11352,1683027480000.0,0.0,0.0,0.33,154.91,0.0,0.0,154.45,0.9999253857184062,1.0,1280.9884937600025,1000.0,1280.8366937600024,1000.0,0.03990691583025067,0.0
11353,1683031080000.0,0.0,0.0,0.33,154.91,0.0,0.0,154.1,0.9999253857184062,1.0,1280.9884937600025,1000.0,1280.7211937600025,1000.0,0.03990691583025067,0.0
11354,1683034680000.0,0.0,0.0,0.33,154.91,0.0,0.0,153.45,0.9999253857184062,1.0,1280.9884937600025,1000.0,1280.5066937600025,1000.0,0.03990691583025067,0.0
11355,1683038280000.0,0.0,0.0,0.33,154.91,0.0,0.0,154.45,0.9999253857184062,1.0,1280.9884937600025,1000.0,1280.8366937600024,1000.0,0.03990691583025067,0.0
11356,1683041880000.0,0.0,0.0,0.33,154.91,0.0,0.0,154.6,0.9999253857184062,1.0,1280.9884937600025,1000.0,1280.8861937600025,1000.0,0.03990691583025067,0.0
11357,1683045480000.0,0.0,0.0,0.33,154.91,0.0,0.0,154.3,0.9999253857184062,1.0,1280.9884937600025,1000.0,1280.7871937600025,1000.0,0.03990691583025067,0.0
11358,1683049080000.0,0.0,0.0,0.33,154.91,0.0,0.0,153.25,0.9999253857184062,1.0,1280.9884937600025,1000.0,1280.4406937600024,1000.0,0.03990691583025067,0.0
11359,1683052680000.0,0.0,0.0,0.33,154.91,0.0,0.0,153.05,0.9999253857184062,1.0,1280.9884937600025,1000.0,1280.3746937600024,1000.0,0.03990691583025067,0.0
11360,1683056280000.0,0.0,0.0,0.33,154.91,0.0,0.0,152.85,0.9999253857184062,1.0,1280.9884937600025,1000.0,1280.3086937600024,1000.0,0.03990691583025067,0.0
11361,1683059880000.0,0.0,0.0,0.33,154.91,0.0,0.0,152.75,0.9999253857184062,1.0,1280.9884937600025,1000.0,1280.2756937600025,1000.0,0.03990691583025067,0.0
11362,1683063480000.0,0.0,0.0,0.33,154.91,0.0,0.0,153.0,0.9999253857184062,1.0,1280.9884937600025,1000.0,1280.3581937600025,1000.0,0.03990691583025067,0.0
11363,1683067080000.0,0.0,0.0,0.33,154.91,0.0,0.0,153.05,0.9999253857184062,1.0,1280.9884937600025,1000.0,1280.3746937600024,1000.0,0.03990691583025067,0.0
11364,1683070680000.0,0.0,0.0,0.33,154.91,0.0,0.0,152.45,0.9999253857184062,1.0,1280.9884937600025,1000.0,1280.1766937600025,1000.0,0.03990691583025067,0.0
11365,1683074280000.0,0.0,0.0,0.33,154.91,0.0,0.0,152.45,0.9999253857184062,1.0,1280.9884937600025,1000.0,1280.1766937600025,1000.0,0.03990691583025067,0.0
11366,1683077880000.0,0.0,0.0,0.33,154.91,0.0,0.0,152.1,0.9999253857184062,1.0,1280.9884937600025,1000.0,1280.0611937600024,1000.0,0.03990691583025067,0.0
11367,1683081480000.0,0.0,0.0,0.33,154.91,0.0,0.0,151.55,0.9999253857184062,1.0,1280.9884937600025,1000.0,1279.8796937600025,1000.0,0.03990691583025067,0.0
11368,1683085080000.0,0.0,0.0,0.33,154.91,0.0,0.0,152.05,0.9999253857184062,1.0,1280.9884937600025,1000.0,1280.0446937600025,1000.0,0.03990691583025067,0.0
11369,1683088680000.0,0.0,0.0,0.33,154.91,0.0,0.0,152.0,0.9999253857184062,1.0,1280.9884937600025,1000.0,1280.0281937600025,1000.0,0.03990691583025067,0.0
11370,1683092280000.0,0.0,0.0,0.33,154.91,0.0,0.0,151.8,0.9999253857184062,1.0,1280.9884937600025,1000.0,1279.9621937600025,1000.0,0.03990691583025067,0.0
11371,1683095880000.0,0.0,0.0,0.33,154.91,0.0,0.0,152.2,0.9999253857184062,1.0,1280.9884937600025,1000.0,1280.0941937600026,1000.0,0.03990691583025067,0.0
11372,1683099480000.0,0.0,0.0,0.33,154.91,0.0,0.0,152.25,0.9999253857184062,1.0,1280.9884937600025,1000.0,1280.1106937600025,1000.0,0.03990691583025067,0.0
11373,1683103080000.0,0.0,0.0,0.33,154.91,0.0,0.0,152.35,0.9999253857184062,1.0,1280.9884937600025,1000.0,1280.1436937600024,1000.0,0.03990691583025067,0.0
11374,1683106680000.0,0.0,0.0,0.33,154.91,0.0,0.0,152.1,0.9999253857184062,1.0,1280.9884937600025,1000.0,1280.0611937600024,1000.0,0.03990691583025067,0.0
11375,1683110280000.0,0.0,0.0,0.33,154.91,0.0,0.0,152.5,0.9999253857184062,1.0,1280.9884937600025,1000.0,1280.1931937600025,1000.0,0.03990691583025067,0.0
11376,1683113880000.0,0.0,0.0,0.33,154.91,0.0,0.0,152.55,0.9999253857184062,1.0,1280.9884937600025,1000.0,1280.2096937600024,1000.0,0.03990691583025067,0.0
11377,1683117480000.0,0.0,0.0,0.33,154.91,0.0,0.0,151.75,0.9999253857184062,1.0,1280.9884937600025,1000.0,1279.9456937600025,1000.0,0.03990691583025067,0.0
11378,1683121080000.0,0.0,0.0,0.33,154.91,0.0,0.0,152.4,0.9999253857184062,1.0,1280.9884937600025,1000.0,1280.1601937600026,1000.0,0.03990691583025067,0.0
11379,1683124680000.0,0.0,0.0,0.33,154.91,0.0,0.0,152.3,0.9999253857184062,1.0,1280.9884937600025,1000.0,1280.1271937600025,1000.0,0.03990691583025067,0.0
11380,1683128280000.0,0.0,0.0,0.33,154.91,0.0,0.0,152.15,0.9999253857184062,1.0,1280.9884937600025,1000.0,1280.0776937600024,1000.0,0.03990691583025067,0.0
11381,1683131880000.0,0.0,0.0,0.33,154.91,0.0,0.0,152.8,0.9999253857184062,1.0,1280.9884937600025,1000.0,1280.2921937600024,1000.0,0.03990691583025067,0.0
11382,1683135480000.0,0.0,0.0,0.33,154.91,0.0,0.0,153.6,0.9999253857184062,1.0,1280.9884937600025,1000.0,1280.5561937600025,1000.0,0.03990691583025067,0.0
11383,1683139080000.0,0.0,0.0,0.33,154.91,0.0,0.0,153.6,0.9999253857184062,1.0,1280.9884937600025,1000.0,1280.5561937600025,1000.0,0.03990691583025067,0.0
11384,1683142680000.0,0.0,0.0,0.33,154.91,0.0,0.0,153.55,0.9999253857184062,1.0,1280.9884937600025,1000.0,1280.5396937600026,1000.0,0.03990691583025067,0.0
11385,1683146280000.0,0.0,0.0,0.33,154.91,0.0,0.0,152.9,0.9999253857184062,1.0,1280.9884937600025,1000.0,1280.3251937600025,1000.0,0.03990691583025067,0.0
11386,1683149880000.0,0.0,0.0,0.33,154.91,0.0,0.0,154.75,0.9999253857184062,1.0,1280.9884937600025,1000.0,1280.9356937600026,1000.0,0.03990691583025067,0.0
11387,1683153480000.0,0.0,0.0,0.33,154.91,0.0,0.0,154.85,0.9999253857184062,1.0,1280.9884937600025,1000.0,1280.9686937600025,1000.0,0.03990691583025067,0.0
11388,1683157080000.0,0.0,0.0,0.33,154.91,0.0,0.0,154.55,0.9999253857184062,1.0,1280.9884937600025,1000.0,1280.8696937600025,1000.0,0.03990691583025067,0.0
11389,1683160680000.0,0.0,0.0,0.33,154.91,0.0,0.0,155.45,0.9999253857184062,1.0,1280.9884937600025,1000.0,1281.1666937600025,1000.0,0.03990691583025067,0.0
11390,1683164280000.0,0.0,0.0,0.33,154.91,0.0,0.0,155.85,0.9999253857184062,1.0,1280.9884937600025,1000.0,1281.2986937600024,1000.0,0.03990691583025067,0.0
11391,1683167880000.0,0.0,0.0,0.33,154.91,0.0,0.0,155.9,0.9999253857184062,1.0,1280.9884937600025,1000.0,1281.3151937600026,1000.0,0.03990691583025067,0.0
11392,1683171480000.0,0.0,0.0,0.33,154.91,0.0,0.0,155.55,0.9999253857184062,1.0,1280.9884937600025,1000.0,1281.1996937600024,1000.0,0.03990691583025067,0.0
11393,1683175080000.0,0.0,0.0,0.33,154.91,0.0,0.0,155.8,0.9999253857184062,1.0,1280.9884937600025,1000.0,1281.2821937600024,1000.0,0.03990691583025067,0.0
11394,1683178680000.0,0.0,0.0,0.33,154.91,0.0,0.0,156.15,0.9999253857184062,1.0,1280.9884937600025,1000.0,1281.3976937600025,1000.0,0.03990691583025067,0.0
11395,1683182280000.0,0.0,0.0,0.33,154.91,0.0,0.0,156.15,0.9999253857184062,1.0,1280.9884937600025,1000.0,1281.3976937600025,1000.0,0.03990691583025067,0.0
11396,1683185880000.0,0.0,0.0,0.33,154.91,0.0,0.0,155.95,0.9999253857184062,1.0,1280.9884937600025,1000.0,1281.3316937600025,1000.0,0.03990691583025067,0.0
11397,1683189480000.0,0.0,0.0,0.33,154.91,0.0,0.0,156.2,0.9999253857184062,1.0,1280.9884937600025,1000.0,1281.4141937600025,1000.0,0.03990691583025067,0.0
11398,1683193080000.0,0.0,0.0,0.33,154.91,0.0,0.0,155.9,0.9999253857184062,1.0,1280.9884937600025,1000.0,1281.3151937600026,1000.0,0.03990691583025067,0.0
11399,1683196680000.0,0.0,0.0,0.33,154.91,0.0,0.0,156.6,0.9999253857184062,1.0,1280.9884937600025,1000.0,1281.5461937600026,1000.0,0.03990691583025067,0.0
11400,1683200280000.0,0.0,0.0,0.33,154.91,0.0,0.0,156.4,0.9999253857184062,1.0,1280.9884937600025,1000.0,1281.4801937600025,1000.0,0.03990691583025067,0.0
11401,1683203880000.0,0.0,0.0,0.33,154.91,0.0,0.0,156.25,0.9999253857184062,1.0,1280.9884937600025,1000.0,1281.4306937600024,1000.0,0.03990691583025067,0.0
11402,1683207480000.0,0.0,0.0,0.33,154.91,0.0,0.0,155.65,0.9999253857184062,1.0,1280.9884937600025,1000.0,1281.2326937600026,1000.0,0.03990691583025067,0.0
11403,1683211080000.0,0.0,0.0,0.33,154.91,0.0,0.0,155.5,0.9999253857184062,1.0,1280.9884937600025,1000.0,1281.1831937600025,1000.0,0.03990691583025067,0.0
11404,1683214680000.0,0.0,0.0,0.33,154.91,0.0,0.0,155.7,0.9999253857184062,1.0,1280.9884937600025,1000.0,1281.2491937600025,1000.0,0.03990691583025067,0.0
11405,1683218280000.0,0.0,0.0,0.33,154.91,0.0,0.0,155.4,0.9999253857184062,1.0,1280.9884937600025,1000.0,1281.1501937600026,1000.0,0.03990691583025067,0.0
11406,1683221880000.0,0.0,0.0,0.33,154.91,0.0,0.0,154.55,0.9999253857184062,1.0,1280.9884937600025,1000.0,1280.8696937600025,1000.0,0.03990691583025067,0.0
11407,1683225480000.0,0.0,0.0,0.33,154.91,0.0,0.0,155.15,0.9999253857184062,1.0,1280.9884937600025,1000.0,1281.0676937600024,1000.0,0.03990691583025067,0.0
11408,1683229080000.0,0.0,0.0,0.33,154.91,0.0,0.0,156.0,0.9999253857184062,1.0,1280.9884937600025,1000.0,1281.3481937600025,1000.0,0.03990691583025067,0.0
11409,1683232680000.0,0.0,0.0,0.33,154.91,0.0,0.0,156.05,0.9999253857184062,1.0,1280.9884937600025,1000.0,1281.3646937600024,1000.0,0.03990691583025067,0.0
11410,1683236280000.0,0.0,0.0,0.33,154.91,0.0,0.0,155.75,0.9999253857184062,1.0,1280.9884937600025,1000.0,1281.2656937600025,1000.0,0.03990691583025067,0.0
11411,1683239880000.0,0.0,0.0,0.33,154.91,0.0,0.0,156.0,0.9999253857184062,1.0,1280.9884937600025,1000.0,1281.3481937600025,1000.0,0.03990691583025067,0.0
11412,1683243480000.0,0.0,0.0,0.33,154.91,0.0,0.0,155.8,0.9999253857184062,1.0,1280.9884937600025,1000.0,1281.2821937600024,1000.0,0.03990691583025067,0.0
11413,1683247080000.0,0.0,0.0,0.33,154.91,0.0,0.0,154.9,0.9999253857184062,1.0,1280.9884937600025,1000.0,1280.9851937600024,1000.0,0.03990691583025067,0.0
11414,1683250680000.0,0.0,0.0,0.33,154.91,0.0,0.0,155.95,0.9999253857184062,1.0,1280.9884937600025,1000.0,1281.3316937600025,1000.0,0.03990691583025067,0.0
11415,1683254280000.0,0.0,0.0,0.33,154.91,0.0,0.0,155.9,0.9999253857184062,1.0,1280.9884937600025,1000.0,1281.3151937600026,1000.0,0.03990691583025067,0.0
11416,1683257880000.0,0.0,0.0,0.33,154.91,0.0,0.0,156.1,0.9999253857184062,1.0,1280.9884937600025,1000.0,1281.3811937600026,1000.0,0.03990691583025067,0.0
11417,1683261480000.0,0.0,0.0,0.33,154.91,0.0,0.0,155.65,0.9999253857184062,1.0,1280.9884937600025,1000.0,1281.2326937600026,1000.0,0.03990691583025067,0.0
11418,1683265080000.0,0.0,0.0,0.33,154.91,0.0,0.0,155.75,0.9999253857184062,1.0,1280.9884937600025,1000.0,1281.2656937600025,1000.0,0.03990691583025067,0.0
11419,1683268680000.0,0.0,0.0,0.33,154.91,0.0,0.0,155.8,0.9999253857184062,1.0,1280.9884937600025,1000.0,1281.2821937600024,1000.0,0.03990691583025067,0.0
11420,1683272280000.0,0.0,0.0,0.33,154.91,0.0,0.0,155.6,0.9999253857184062,1.0,1280.9884937600025,1000.0,1281.2161937600024,1000.0,0.03990691583025067,0.0
11421,1683275880000.0,0.0,0.0,0.33,154.91,0.0,0.0,155.65,0.9999253857184062,1.0,1280.9884937600025,1000.0,1281.2326937600026,1000.0,0.03990691583025067,0.0
11422,1683279480000.0,0.0,0.0,0.33,154.91,0.0,0.0,155.85,0.9999253857184062,1.0,1280.9884937600025,1000.0,1281.2986937600024,1000.0,0.03990691583025067,0.0
11423,1683283080000.0,0.0,0.0,0.33,154.91,0.0,0.0,155.8,0.9999253857184062,1.0,1280.9884937600025,1000.0,1281.2821937600024,1000.0,0.03990691583025067,0.0
11424,1683286680000.0,0.0,0.0,0.33,154.91,0.0,0.0,156.0,0.9999253857184062,1.0,1280.9884937600025,1000.0,1281.3481937600025,1000.0,0.03990691583025067,0.0
11425,1683290280000.0,0.0,0.0,0.33,154.91,0.0,0.0,155.3,0.9999253857184062,1.0,1280.9884937600025,1000.0,1281.1171937600025,1000.0,0.03990691583025067,0.0
11426,1683293880000.0,0.0,0.0,0.33,154.91,0.0,0.0,155.9,0.9999253857184062,1.0,1280.9884937600025,1000.0,1281.3151937600026,1000.0,0.03990691583025067,0.0
11427,1683297480000.0,0.0,0.0,0.33,154.91,0.0,0.0,156.65,0.9999253857184062,1.0,1280.9884937600025,1000.0,1281.5626937600025,1000.0,0.03990691583025067,0.0
11428,1683301080000.0,0.0,0.0,0.33,154.91,0.0,0.0,157.2,0.9999253857184062,1.0,1280.9884937600025,1000.0,1281.7441937600024,1000.0,0.03990691583025067,0.0
11429,1683304680000.0,0.0,0.0,0.33,154.91,0.0,0.0,157.45,0.9999253857184062,1.0,1280.9884937600025,1000.0,1281.8266937600024,1000.0,0.03990691583025067,0.0
11430,1683308280000.0,0.0,0.0,0.33,154.91,0.0,0.0,157.55,0.9999253857184062,1.0,1280.9884937600025,1000.0,1281.8596937600025,1000.0,0.03990691583025067,0.0
11431,1683311880000.0,0.0,0.0,0.33,154.91,0.0,0.0,157.85,0.9999253857184062,1.0,1280.9884937600025,1000.0,1281.9586937600025,1000.0,0.03990691583025067,0.0
11432,1683315480000.0,0.0,0.0,0.33,154.91,0.0,0.0,157.15,0.9999253857184062,1.0,1280.9884937600025,1000.0,1281.7276937600025,1000.0,0.03990691583025067,0.0
11433,1683319080000.0,0.0,0.0,0.33,154.91,0.0,0.0,157.6,0.9999253857184062,1.0,1280.9884937600025,1000.0,1281.8761937600025,1000.0,0.03990691583025067,0.0
11434,1683322680000.0,0.0,0.0,0.33,154.91,0.0,0.0,157.35,0.9999253857184062,1.0,1280.9884937600025,1000.0,1281.7936937600025,1000.0,0.03990691583025067,0.0
11435,1683326280000.0,0.0,0.0,0.33,154.91,0.0,0.0,157.6,0.9999253857184062,1.0,1280.9884937600025,1000.0,1281.8761937600025,1000.0,0.03990691583025067,0.0
11436,1683329880000.0,0.0,0.0,0.33,154.91,0.0,0.0,157.7,0.9999253857184062,1.0,1280.9884937600025,1000.0,1281.9091937600024,1000.0,0.03990691583025067,0.0
11437,1683333480000.0,0.0,0.0,0.33,154.91,0.0,0.0,158.45,0.9999253857184062,1.0,1280.9884937600025,1000.0,1282.1566937600026,1000.0,0.03990691583025067,0.0
11438,1683337080000.0,0.0,0.0,0.33,154.91,0.0,0.0,158.15,0.9999253857184062,1.0,1280.9884937600025,1000.0,1282.0576937600024,1000.0,0.03990691583025067,0.0
11439,1683340680000.0,0.0,0.0,0.33,154.91,0.0,0.0,158.0,0.9999253857184062,1.0,1280.9884937600025,1000.0,1282.0081937600025,1000.0,0.03990691583025067,0.0
11440,1683344280000.0,0.0,0.0,0.33,154.91,0.0,0.0,157.55,0.9999253857184062,1.0,1280.9884937600025,1000.0,1281.8596937600025,1000.0,0.03990691583025067,0.0
11441,1683347880000.0,0.0,0.0,0.33,154.91,0.0,0.0,157.7,0.9999253857184062,1.0,1280.9884937600025,1000.0,1281.9091937600024,1000.0,0.03990691583025067,0.0
11442,1683351480000.0,0.0,0.0,0.33,154.91,0.0,0.0,157.6,0.9999253857184062,1.0,1280.9884937600025,1000.0,1281.8761937600025,1000.0,0.03990691583025067,0.0
11443,1683355080000.0,0.0,0.0,0.33,154.91,0.0,0.0,157.7,0.9999253857184062,1.0,1280.9884937600025,1000.0,1281.9091937600024,1000.0,0.03990691583025067,0.0
11444,1683358680000.0,0.0,0.0,0.33,154.91,0.0,0.0,157.85,0.9999253857184062,1.0,1280.9884937600025,1000.0,1281.9586937600025,1000.0,0.03990691583025067,0.0
11445,1683362280000.0,0.0,0.0,0.33,154.91,0.0,0.0,156.85,0.9999253857184062,1.0,1280.9884937600025,1000.0,1281.6286937600025,1000.0,0.03990691583025067,0.0
11446,1683365880000.0,0.0,0.0,0.33,154.91,0.0,0.0,156.5,0.9999253857184062,1.0,1280.9884937600025,1000.0,1281.5131937600024,1000.0,0.03990691583025067,0.0
11447,1683369480000.0,0.0,0.0,0.33,154.91,0.0,0.0,156.45,0.9999253857184062,1.0,1280.9884937600025,1000.0,1281.4966937600025,1000.0,0.03990691583025067,0.0
11448,1683373080000.0,0.0,0.0,0.33,154.91,0.0,0.0,157.2,0.9999253857184062,1.0,1280.9884937600025,1000.0,1281.7441937600024,1000.0,0.03990691583025067,0.0
11449,1683376680000.0,0.0,0.0,0.33,154.91,0.0,0.0,156.85,0.9999253857184062,1.0,1280.9884937600025,1000.0,1281.6286937600025,1000.0,0.03990691583025067,0.0
11450,1683380280000.0,0.0,0.0,0.33,154.91,0.0,0.0,156.3,0.9999253857184062,1.0,1280.9884937600025,1000.0,1281.4471937600024,1000.0,0.03990691583025067,0.0
11451,1683383880000.0,0.0,0.0,0.33,154.91,0.0,0.0,154.85,0.9999253857184062,1.0,1280.9884937600025,1000.0,1280.9686937600025,1000.0,0.03990691583025067,0.0
11452,1683387480000.0,0.0,0.0,0.33,154.91,0.0,0.0,154.45,0.9999253857184062,1.0,1280.9884937600025,1000.0,1280.8366937600024,1000.0,0.03990691583025067,0.0
11453,1683391080000.0,0.0,0.0,0.33,154.91,0.0,0.0,154.45,0.9999253857184062,1.0,1280.9884937600025,1000.0,1280.8366937600024,1000.0,0.03990691583025067,0.0
11454,1683394680000.0,0.0,0.0,0.33,154.91,0.0,0.0,155.4,0.9999253857184062,1.0,1280.9884937600025,1000.0,1281.1501937600026,1000.0,0.03990691583025067,0.0
11455,1683398280000.0,0.0,0.0,0.33,154.91,0.0,0.0,155.65,0.9999253857184062,1.0,1280.9884937600025,1000.0,1281.2326937600026,1000.0,0.03990691583025067,0.0
11456,1683401880000.0,0.0,0.0,0.33,154.91,0.0,0.0,156.2,0.9999253857184062,1.0,1280.9884937600025,1000.0,1281.4141937600025,1000.0,0.03990691583025067,0.0
11457,1683405480000.0,0.0,0.0,0.33,154.91,0.0,0.0,155.85,0.9999253857184062,1.0,1280.9884937600025,1000.0,1281.2986937600024,1000.0,0.03990691583025067,0.0
11458,1683409080000.0,0.0,0.0,0.33,154.91,0.0,0.0,156.15,0.9999253857184062,1.0,1280.9884937600025,1000.0,1281.3976937600025,1000.0,0.03990691583025067,0.0
11459,1683412680000.0,0.0,0.0,0.33,154.91,0.0,0.0,156.65,0.9999253857184062,1.0,1280.9884937600025,1000.0,1281.5626937600025,1000.0,0.03990691583025067,0.0
11460,1683416280000.0,0.0,0.0,0.33,154.91,0.0,0.0,156.3,0.9999253857184062,1.0,1280.9884937600025,1000.0,1281.4471937600024,1000.0,0.03990691583025067,0.0
11461,1683419880000.0,0.0,0.0,0.33,154.91,0.0,0.0,156.3,0.9999253857184062,1.0,1280.9884937600025,1000.0,1281.4471937600024,1000.0,0.03990691583025067,0.0
11462,1683423480000.0,0.0,0.0,0.33,154.91,0.0,0.0,157.15,0.9999253857184062,1.0,1280.9884937600025,1000.0,1281.7276937600025,1000.0,0.03990691583025067,0.0
11463,1683427080000.0,0.0,0.0,0.33,154.91,0.0,0.0,156.95,0.9999253857184062,1.0,1280.9884937600025,1000.0,1281.6616937600024,1000.0,0.03990691583025067,0.0
11464,1683430680000.0,0.0,0.0,0.33,154.91,0.0,0.0,157.1,0.9999253857184062,1.0,1280.9884937600025,1000.0,1281.7111937600025,1000.0,0.03990691583025067,0.0
11465,1683434280000.0,0.0,0.0,0.33,154.91,0.0,0.0,157.1,0.9999253857184062,1.0,1280.9884937600025,1000.0,1281.7111937600025,1000.0,0.03990691583025067,0.0
11466,1683437880000.0,0.0,0.0,0.33,154.91,0.0,0.0,157.4,0.9999253857184062,1.0,1280.9884937600025,1000.0,1281.8101937600024,1000.0,0.03990691583025067,0.0
11467,1683441480000.0,0.0,0.0,0.33,154.91,0.0,0.0,157.65,0.9999253857184062,1.0,1280.9884937600025,1000.0,1281.8926937600024,1000.0,0.03990691583025067,0.0
11468,1683445080000.0,0.0,0.0,0.33,154.91,0.0,0.0,157.95,0.9999253857184062,1.0,1280.9884937600025,1000.0,1281.9916937600026,1000.0,0.03990691583025067,0.0
11469,1683448680000.0,0.0,0.0,0.33,154.91,0.0,0.0,157.7,0.9999253857184062,1.0,1280.9884937600025,1000.0,1281.9091937600024,1000.0,0.03990691583025067,0.0
11470,1683452280000.0,0.0,0.0,0.33,154.91,0.0,0.0,157.6,0.9999253857184062,1.0,1280.9884937600025,1000.0,1281.8761937600025,1000.0,0.03990691583025067,0.0
11471,1683455880000.0,0.0,0.0,0.33,154.91,0.0,0.0,158.05,0.9999253857184062,1.0,1280.9884937600025,1000.0,1282.0246937600025,1000.0,0.03990691583025067,0.0
11472,1683459480000.0,0.0,0.0,0.33,154.91,0.0,0.0,158.35,0.9999253857184062,1.0,1280.9884937600025,1000.0,1282.1236937600024,1000.0,0.03990691583025067,0.0
11473,1683463080000.0,0.0,0.0,0.33,154.91,0.0,0.0,158.2,0.9999253857184062,1.0,1280.9884937600025,1000.0,1282.0741937600026,1000.0,0.03990691583025067,0.0
11474,1683466680000.0,0.0,0.0,0.33,154.91,0.0,0.0,158.05,0.9999253857184062,1.0,1280.9884937600025,1000.0,1282.0246937600025,1000.0,0.03990691583025067,0.0
11475,1683470280000.0,0.0,0.0,0.33,154.91,0.0,0.0,157.85,0.9999253857184062,1.0,1280.9884937600025,1000.0,1281.9586937600025,1000.0,0.03990691583025067,0.0
11476,1683473880000.0,0.0,0.0,0.33,154.91,0.0,0.0,157.1,0.9999253857184062,1.0,1280.9884937600025,1000.0,1281.7111937600025,1000.0,0.03990691583025067,0.0
11477,1683477480000.0,0.0,0.0,0.33,154.91,0.0,0.0,156.75,0.9999253857184062,1.0,1280.9884937600025,1000.0,1281.5956937600024,1000.0,0.03990691583025067,0.0
11478,1683481080000.0,0.0,0.0,0.33,154.91,0.0,0.0,156.65,0.9999253857184062,1.0,1280.9884937600025,1000.0,1281.5626937600025,1000.0,0.03990691583025067,0.0
11479,1683484680000.0,0.0,0.0,0.33,154.91,0.0,0.0,156.8,0.9999253857184062,1.0,1280.9884937600025,1000.0,1281.6121937600026,1000.0,0.03990691583025067,0.0
11480,1683488280000.0,0.0,0.0,0.33,154.91,0.0,0.0,156.7,0.9999253857184062,1.0,1280.9884937600025,1000.0,1281.5791937600025,1000.0,0.03990691583025067,0.0
11481,1683491880000.0,0.0,0.0,0.33,154.91,0.0,0.0,157.45,0.9999253857184062,1.0,1280.9884937600025,1000.0,1281.8266937600024,1000.0,0.03990691583025067,0.0
11482,1683495480000.0,0.0,0.0,0.33,154.91,0.0,0.0,157.35,0.9999253857184062,1.0,1280.9884937600025,1000.0,1281.7936937600025,1000.0,0.03990691583025067,0.0
11483,1683499080000.0,0.0,0.0,0.33,154.91,0.0,0.0,156.75,0.9999253857184062,1.0,1280.9884937600025,1000.0,1281.5956937600024,1000.0,0.03990691583025067,0.0
11484,1683502680000.0,0.0,0.0,0.33,154.91,0.0,0.0,157.35,0.9999253857184062,1.0,1280.9884937600025,1000.0,1281.7936937600025,1000.0,0.03990691583025067,0.0
11485,1683506280000.0,0.0,0.0,0.33,154.91,0.0,0.0,157.3,0.9999253857184062,1.0,1280.9884937600025,1000.0,1281.7771937600025,1000.0,0.03990691583025067,0.0
11486,1683509880000.0,0.0,0.0,0.33,154.91,0.0,0.0,156.05,0.9999253857184062,1.0,1280.9884937600025,1000.0,1281.3646937600024,1000.0,0.03990691583025067,0.0
11487,1683513480000.0,0.0,0.0,0.33,154.91,0.0,0.0,153.9,0.9999253857184062,1.0,1280.9884937600025,1000.0,1280.6551937600025,1000.0,0.03990691583025067,0.0
11488,1683517080000.0,0.0,0.0,0.33,154.91,0.0,0.0,154.1,0.9999253857184062,1.0,1280.9884937600025,1000.0,1280.7211937600025,1000.0,0.03990691583025067,0.0
11489,1683520680000.0,0.0,0.0,0.33,154.91,0.0,0.0,154.4,0.9999253857184062,1.0,1280.9884937600025,1000.0,1280.8201937600024,1000.0,0.03990691583025067,0.0
11490,1683524280000.0,0.0,0.0,0.33,154.91,0.0,0.0,154.2,0.9999253857184062,1.0,1280.9884937600025,1000.0,1280.7541937600024,1000.0,0.03990691583025067,0.0
11491,1683527880000.0,0.0,0.0,0.33,154.91,0.0,0.0,154.35,0.9999253857184062,1.0,1280.9884937600025,1000.0,1280.8036937600025,1000.0,0.03990691583025067,0.0
11492,1683531480000.0,0.0,0.0,0.33,154.91,0.0,0.0,154.45,0.9999253857184062,1.0,1280.9884937600025,1000.0,1280.8366937600024,1000.0,0.03990691583025067,0.0
11493,1683535080000.0,0.0,0.0,0.33,154.91,0.0,0.0,153.25,0.9999253857184062,1.0,1280.9884937600025,1000.0,1280.4406937600024,1000.0,0.03990691583025067,0.0
11494,1683538680000.0,0.0,0.0,0.33,154.91,0.0,0.0,153.75,0.9999253857184062,1.0,1280.9884937600025,1000.0,1280.6056937600024,1000.0,0.03990691583025067,0.0
11495,1683542280000.0,0.0,0.0,0.33,154.91,0.0,0.0,154.25,0.9999253857184062,1.0,1280.9884937600025,1000.0,1280.7706937600026,1000.0,0.03990691583025067,0.0
11496,1683545880000.0,0.0,0.0,0.33,154.91,0.0,0.0,153.95,0.9999253857184062,1.0,1280.9884937600025,1000.0,1280.6716937600024,1000.0,0.03990691583025067,0.0
11497,1683549480000.0,0.0,0.0,0.33,154.91,0.0,0.0,153.2,0.9999253857184062,1.0,1280.9884937600025,1000.0,1280.4241937600025,1000.0,0.03990691583025067,0.0
11498,1683553080000.0,0.0,0.0,0.33,154.91,0.0,0.0,153.8,0.9999253857184062,1.0,1280.9884937600025,1000.0,1280.6221937600026,1000.0,0.03990691583025067,0.0
11499,1683556680000.0,0.0,0.0,0.33,154.91,0.0,0.0,153.75,0.9999253857184062,1.0,1280.9884937600025,1000.0,1280.6056937600024,1000.0,0.03990691583025067,0.0
11500,1683560280000.0,0.0,0.0,0.33,154.91,0.0,0.0,152.35,0.9999253857184062,1.0,1280.9884937600025,1000.0,1280.1436937600024,1000.0,0.03990691583025067,0.0
11501,1683563880000.0,0.0,0.0,0.33,154.91,0.0,0.0,152.95,0.9999253857184062,1.0,1280.9884937600025,1000.0,1280.3416937600025,1000.0,0.03990691583025067,0.0
11502,1683567480000.0,0.0,0.0,0.33,154.91,0.0,0.0,152.9,0.9999253857184062,1.0,1280.9884937600025,1000.0,1280.3251937600025,1000.0,0.03990691583025067,0.0
11503,1683571080000.0,0.0,0.0,0.33,154.91,0.0,0.0,152.1,0.9999253857184062,1.0,1280.9884937600025,1000.0,1280.0611937600024,1000.0,0.03990691583025067,0.0
11504,1683574680000.0,0.0,0.0,0.33,154.91,0.0,0.0,152.85,0.9999253857184062,1.0,1280.9884937600025,1000.0,1280.3086937600024,1000.0,0.03990691583025067,0.0
11505,1683578280000.0,0.0,0.0,0.33,154.91,0.0,0.0,150.95,0.9999253857184062,1.0,1280.9884937600025,1000.0,1279.6816937600024,1000.0,0.03990691583025067,0.0
11506,1683581880000.0,0.0,0.0,0.33,154.91,0.0,0.0,151.0,0.9999253857184062,1.0,1280.9884937600025,1000.0,1279.6981937600026,1000.0,0.03990691583025067,0.0
11507,1683585480000.0,0.0,0.0,0.33,154.91,0.0,0.0,152.35,0.9999253857184062,1.0,1280.9884937600025,1000.0,1280.1436937600024,1000.0,0.03990691583025067,0.0
11508,1683589080000.0,0.0,0.0,0.33,154.91,0.0,0.0,153.15,0.9999253857184062,1.0,1280.9884937600025,1000.0,1280.4076937600025,1000.0,0.03990691583025067,0.0
11509,1683592680000.0,0.0,0.0,0.33,154.91,0.0,0.0,153.3,0.9999253857184062,1.0,1280.9884937600025,1000.0,1280.4571937600024,1000.0,0.03990691583025067,0.0
11510,1683596280000.0,0.0,0.0,0.33,154.91,0.0,0.0,153.35,0.9999253857184062,1.0,1280.9884937600025,1000.0,1280.4736937600026,1000.0,0.03990691583025067,0.0
11511,1683599880000.0,0.0,0.0,0.33,154.91,0.0,0.0,153.25,0.9999253857184062,1.0,1280.9884937600025,1000.0,1280.4406937600024,1000.0,0.03990691583025067,0.0
11512,1683603480000.0,0.0,0.0,0.33,154.91,0.0,0.0,153.75,0.9999253857184062,1.0,1280.9884937600025,1000.0,1280.6056937600024,1000.0,0.03990691583025067,0.0
11513,1683607080000.0,0.0,0.0,0.33,154.91,0.0,0.0,153.9,0.9999253857184062,1.0,1280.9884937600025,1000.0,1280.6551937600025,1000.0,0.03990691583025067,0.0
11514,1683610680000.0,0.0,0.0,0.33,154.91,0.0,0.0,154.65,0.9999253857184062,1.0,1280.9884937600025,1000.0,1280.9026937600024,1000.0,0.03990691583025067,0.0
11515,1683614280000.0,0.0,0.0,0.33,154.91,0.0,0.0,154.45,0.9999253857184062,1.0,1280.9884937600025,1000.0,1280.8366937600024,1000.0,0.03990691583025067,0.0
11516,1683617880000.0,0.0,0.0,0.33,154.91,0.0,0.0,154.7,0.9999253857184062,1.0,1280.9884937600025,1000.0,1280.9191937600024,1000.0,0.03990691583025067,0.0
11517,1683621480000.0,0.0,0.0,0.33,154.91,0.0,0.0,154.15,0.9999253857184062,1.0,1280.9884937600025,1000.0,1280.7376937600025,1000.0,0.03990691583025067,0.0
11518,1683625080000.0,0.0,0.0,0.33,154.91,0.0,0.0,154.75,0.9999253857184062,1.0,1280.9884937600025,1000.0,1280.9356937600026,1000.0,0.03990691583025067,0.0
11519,1683628680000.0,0.0,0.0,0.33,154.91,0.0,0.0,154.05,0.9999253857184062,1.0,1280.9884937600025,1000.0,1280.7046937600026,1000.0,0.03990691583025067,0.0
11520,1683632280000.0,0.0,0.0,0.33,154.91,0.0,0.0,153.85,0.9999253857184062,1.0,1280.9884937600025,1000.0,1280.6386937600025,1000.0,0.03990691583025067,0.0
11521,1683635880000.0,0.0,0.0,0.33,154.91,0.0,0.0,153.65,0.9999253857184062,1.0,1280.9884937600025,1000.0,1280.5726937600025,1000.0,0.03990691583025067,0.0
11522,1683639480000.0,0.0,0.0,0.33,154.91,0.0,0.0,152.9,0.9999253857184062,1.0,1280.9884937600025,1000.0,1280.3251937600025,1000.0,0.03990691583025067,0.0
11523,1683643080000.0,0.0,0.0,0.33,154.91,0.0,0.0,153.3,0.9999253857184062,1.0,1280.9884937600025,1000.0,1280.4571937600024,1000.0,0.03990691583025067,0.0
11524,1683646680000.0,0.0,0.0,0.33,154.91,0.0,0.0,152.8,0.9999253857184062,1.0,1280.9884937600025,1000.0,1280.2921937600024,1000.0,0.03990691583025067,0.0
11525,1683650280000.0,0.0,0.0,0.33,154.91,0.0,0.0,152.35,0.9999253857184062,1.0,1280.9884937600025,1000.0,1280.1436937600024,1000.0,0.03990691583025067,0.0
11526,1683653880000.0,0.0,0.0,0.33,154.91,0.0,0.0,152.65,0.9999253857184062,1.0,1280.9884937600025,1000.0,1280.2426937600026,1000.0,0.03990691583025067,0.0
11527,1683657480000.0,0.0,0.0,0.33,154.91,0.0,0.0,153.95,0.9999253857184062,1.0,1280.9884937600025,1000.0,1280.6716937600024,1000.0,0.03990691583025067,0.0
11528,1683661080000.0,0.0,0.0,0.33,154.91,0.0,0.0,153.5,0.9999253857184062,1.0,1280.9884937600025,1000.0,1280.5231937600024,1000.0,0.03990691583025067,0.0
11529,1683664680000.0,0.0,0.0,0.33,154.91,0.0,0.0,152.9,0.9999253857184062,1.0,1280.9884937600025,1000.0,1280.3251937600025,1000.0,0.03990691583025067,0.0
11530,1683668280000.0,0.0,0.0,0.33,154.91,0.0,0.0,153.4,0.9999253857184062,1.0,1280.9884937600025,1000.0,1280.4901937600025,1000.0,0.03990691583025067,0.0
11531,1683671880000.0,0.0,0.0,0.33,154.91,0.0,0.0,154.35,0.9999253857184062,1.0,1280.9884937600025,1000.0,1280.8036937600025,1000.0,0.03990691583025067,0.0
11532,1683675480000.0,0.0,0.0,0.33,154.91,0.0,0.0,154.8,0.9999253857184062,1.0,1280.9884937600025,1000.0,1280.9521937600025,1000.0,0.03990691583025067,0.0
11533,1683679080000.0,0.0,0.0,0.33,154.91,0.0,0.0,154.9,0.9999253857184062,1.0,1280.9884937600025,1000.0,1280.9851937600024,1000.0,0.03990691583025067,0.0
11534,1683682680000.0,0.0,0.0,0.33,154.91,0.0,0.0,155.6,0.9999253857184062,1.0,1280.9884937600025,1000.0,1281.2161937600024,1000.0,0.03990691583025067,0.0
11535,1683686280000.0,0.0,0.0,0.33,154.91,0.0,0.0,155.25,0.9999253857184062,1.0,1280.9884937600025,1000.0,1281.1006937600025,1000.0,0.03990691583025067,0.0
11536,1683689880000.0,0.0,0.0,0.33,154.91,0.0,0.0,155.65,0.9999253857184062,1.0,1280.9884937600025,1000.0,1281.2326937600026,1000.0,0.03990691583025067,0.0
11537,1683693480000.0,0.0,0.0,0.33,154.91,0.0,0.0,155.75,0.9999253857184062,1.0,1280.9884937600025,1000.0,1281.2656937600025,1000.0,0.03990691583025067,0.0
11538,1683697080000.0,0.0,0.0,0.33,154.91,0.0,0.0,155.4,0.9999253857184062,1.0,1280.9884937600025,1000.0,1281.1501937600026,1000.0,0.03990691583025067,0.0
11539,1683700680000.0,0.0,0.0,0.33,154.91,0.0,0.0,155.3,0.9999253857184062,1.0,1280.9884937600025,1000.0,1281.1171937600025,1000.0,0.03990691583025067,0.0
11540,1683704280000.0,0.0,0.0,0.33,154.91,0.0,0.0,155.05,0.9999253857184062,1.0,1280.9884937600025,1000.0,1281.0346937600025,1000.0,0.03990691583025067,0.0
11541,1683707880000.0,0.0,0.0,0.33,154.91,0.0,0.0,155.1,0.9999253857184062,1.0,1280.9884937600025,1000.0,1281.0511937600024,1000.0,0.03990691583025067,0.0
11542,1683711480000.0,0.0,0.0,0.33,154.91,0.0,0.0,154.75,0.9999253857184062,1.0,1280.9884937600025,1000.0,1280.9356937600026,1000.0,0.03990691583025067,0.0
11543,1683715080000.0,0.0,0.0,0.33,154.91,0.0,0.0,155.0,0.9999253857184062,1.0,1280.9884937600025,1000.0,1281.0181937600025,1000.0,0.03990691583025067,0.0
11544,1683718680000.0,0.0,0.0,0.33,154.91,0.0,0.0,154.25,0.9999253857184062,1.0,1280.9884937600025,1000.0,1280.7706937600026,1000.0,0.03990691583025067,0.0
11545,1683722280000.0,0.0,0.0,0.33,154.91,0.0,0.0,154.85,0.9999253857184062,1.0,1280.9884937600025,1000.0,1280.9686937600025,1000.0,0.03990691583025067,0.0
11546,1683725880000.0,0.0,0.0,0.33,154.91,0.0,0.0,153.95,0.9999253857184062,1.0,1280.9884937600025,1000.0,1280.6716937600024,1000.0,0.03990691583025067,0.0
11547,1683729480000.0,0.0,0.0,0.33,154.91,0.0,0.0,154.15,0.9999253857184062,1.0,1280.9884937600025,1000.0,1280.7376937600025,1000.0,0.03990691583025067,0.0
11548,1683733080000.0,0.0,0.0,0.33,154.91,0.0,0.0,153.75,0.9999253857184062,1.0,1280.9884937600025,1000.0,1280.6056937600024,1000.0,0.03990691583025067,0.0
11549,1683736680000.0,0.0,0.0,0.33,154.91,0.0,0.0,153.8,0.9999253857184062,1.0,1280.9884937600025,1000.0,1280.6221937600026,1000.0,0.03990691583025067,0.0
11550,1683740280000.0,0.0,0.0,0.33,154.91,0.0,0.0,152.4,0.9999253857184062,1.0,1280.9884937600025,1000.0,1280.1601937600026,1000.0,0.03990691583025067,0.0
11551,1683743880000.0,0.0,0.0,0.33,154.91,0.0,0.0,153.45,0.9999253857184062,1.0,1280.9884937600025,1000.0,1280.5066937600025,1000.0,0.03990691583025067,0.0
11552,1683747480000.0,0.0,0.0,0.33,154.91,0.0,0.0,154.65,0.9999253857184062,1.0,1280.9884937600025,1000.0,1280.9026937600024,1000.0,0.03990691583025067,0.0
11553,1683751080000.0,0.0,0.0,0.33,154.91,0.0,0.0,155.0,0.9999253857184062,1.0,1280.9884937600025,1000.0,1281.0181937600025,1000.0,0.03990691583025067,0.0
11554,1683754680000.0,0.0,0.0,0.33,154.91,0.0,0.0,153.5,0.9999253857184062,1.0,1280.9884937600025,1000.0,1280.5231937600024,1000.0,0.03990691583025067,0.0
11555,1683758280000.0,0.0,0.0,0.33,154.91,0.0,0.0,153.5,0.9999253857184062,1.0,1280.9884937600025,1000.0,1280.5231937600024,1000.0,0.03990691583025067,0.0
11556,1683761880000.0,0.0,0.0,0.33,154.91,0.0,0.0,153.6,0.9999253857184062,1.0,1280.9884937600025,1000.0,1280.5561937600025,1000.0,0.03990691583025067,0.0
11557,1683765480000.0,0.0,0.0,0.33,154.91,0.0,0.0,152.95,0.9999253857184062,1.0,1280.9884937600025,1000.0,1280.3416937600025,1000.0,0.03990691583025067,0.0
11558,1683769080000.0,0.0,0.0,0.33,154.91,0.0,0.0,153.7,0.9999253857184062,1.0,1280.9884937600025,1000.0,1280.5891937600024,1000.0,0.03990691583025067,0.0
11559,1683772680000.0,0.0,0.0,0.33,154.91,0.0,0.0,154.35,0.9999253857184062,1.0,1280.9884937600025,1000.0,1280.8036937600025,1000.0,0.03990691583025067,0.0
11560,1683776280000.0,0.0,0.0,0.33,154.91,0.0,0.0,154.1,0.9999253857184062,1.0,1280.9884937600025,1000.0,1280.7211937600025,1000.0,0.03990691583025067,0.0
11561,1683779880000.0,0.0,0.0,0.33,154.91,0.0,0.0,154.1,0.9999253857184062,1.0,1280.9884937600025,1000.0,1280.7211937600025,1000.0,0.03990691583025067,0.0
11562,1683783480000.0,0.0,0.0,0.33,154.91,0.0,0.0,153.85,0.9999253857184062,1.0,1280.9884937600025,1000.0,1280.6386937600025,1000.0,0.03990691583025067,0.0
11563,1683787080000.0,0.0,0.0,0.33,154.91,0.0,0.0,154.0,0.9999253857184062,1.0,1280.9884937600025,1000.0,1280.6881937600024,1000.0,0.03990691583025067,0.0
11564,1683790680000.0,0.0,0.0,0.33,154.91,0.0,0.0,154.55,0.9999253857184062,1.0,1280.9884937600025,1000.0,1280.8696937600025,1000.0,0.03990691583025067,0.0
11565,1683794280000.0,0.0,0.0,0.33,154.91,0.0,0.0,154.2,0.9999253857184062,1.0,1280.9884937600025,1000.0,1280.7541937600024,1000.0,0.03990691583025067,0.0
11566,1683797880000.0,0.0,0.0,0.33,154.91,0.0,0.0,154.6,0.9999253857184062,1.0,1280.9884937600025,1000.0,1280.8861937600025,1000.0,0.03990691583025067,0.0
11567,1683801480000.0,0.0,0.0,0.33,154.91,0.0,0.0,154.6,0.9999253857184062,1.0,1280.9884937600025,1000.0,1280.8861937600025,1000.0,0.03990691583025067,0.0
11568,1683805080000.0,0.0,0.0,0.33,154.91,0.0,0.0,154.9,0.9999253857184062,1.0,1280.9884937600025,1000.0,1280.9851937600024,1000.0,0.03990691583025067,0.0
11569,1683808680000.0,0.0,0.0,0.33,154.91,0.0,0.0,154.55,0.9999253857184062,1.0,1280.9884937600025,1000.0,1280.8696937600025,1000.0,0.03990691583025067,0.0
11570,1683812280000.0,0.0,0.0,0.33,154.91,0.0,0.0,153.55,0.9999253857184062,1.0,1280.9884937600025,1000.0,1280.5396937600026,1000.0,0.03990691583025067,0.0
11571,1683815880000.0,0.0,0.0,0.33,154.91,0.0,0.0,152.65,0.9999253857184062,1.0,1280.9884937600025,1000.0,1280.2426937600026,1000.0,0.03990691583025067,0.0
11572,1683819480000.0,0.0,0.0,0.33,154.91,0.0,0.0,153.65,0.9999253857184062,1.0,1280.9884937600025,1000.0,1280.5726937600025,1000.0,0.03990691583025067,0.0
11573,1683823080000.0,0.0,0.0,0.33,154.91,0.0,0.0,153.2,0.9999253857184062,1.0,1280.9884937600025,1000.0,1280.4241937600025,1000.0,0.03990691583025067,0.0
11574,1683826680000.0,0.0,0.0,0.33,154.91,0.0,0.0,151.75,0.9999253857184062,1.0,1280.9884937600025,1000.0,1279.9456937600025,1000.0,0.03990691583025067,0.0
11575,1683830280000.0,0.0,0.0,0.33,154.91,0.0,0.0,151.75,0.9999253857184062,1.0,1280.9884937600025,1000.0,1279.9456937600025,1000.0,0.03990691583025067,0.0
11576,1683833880000.0,0.0,0.0,0.33,154.91,0.0,0.0,151.8,0.9999253857184062,1.0,1280.9884937600025,1000.0,1279.9621937600025,1000.0,0.03990691583025067,0.0
11577,1683837480000.0,0.0,0.0,0.33,154.91,0.0,0.0,152.05,0.9999253857184062,1.0,1280.9884937600025,1000.0,1280.0446937600025,1000.0,0.03990691583025067,0.0
11578,1683841080000.0,0.0,0.0,0.33,154.91,0.0,0.0,152.4,0.9999253857184062,1.0,1280.9884937600025,1000.0,1280.1601937600026,1000.0,0.03990691583025067,0.0
11579,1683844680000.0,0.0,0.0,0.33,154.91,0.0,0.0,152.8,0.9999253857184062,1.0,1280.9884937600025,1000.0,1280.2921937600024,1000.0,0.03990691583025067,0.0
11580,1683848280000.0,0.0,0.0,0.33,154.91,0.0,0.0,152.4,0.9999253857184062,1.0,1280.9884937600025,1000.0,1280.1601937600026,1000.0,0.03990691583025067,0.0
11581,1683851880000.0,0.0,0.0,0.33,154.91,0.0,0.0,151.95,0.9999253857184062,1.0,1280.9884937600025,1000.0,1280.0116937600026,1000.0,0.03990691583025067,0.0
11582,1683855480000.0,0.0,0.0,0.33,154.91,0.0,0.0,152.0,0.9999253857184062,1.0,1280.9884937600025,1000.0,1280.0281937600025,1000.0,0.03990691583025067,0.0
11583,1683859080000.0,0.0,0.0,0.33,154.91,0.0,0.0,151.5,0.9999253857184062,1.0,1280.9884937600025,1000.0,1279.8631937600026,1000.0,0.03990691583025067,0.0
11584,1683862680000.0,0.0,0.0,0.33,154.91,0.0,0.0,151.45,0.9999253857184062,1.0,1280.9884937600025,1000.0,1279.8466937600024,1000.0,0.03990691583025067,0.0
11585,1683866280000.0,0.0,0.0,0.33,154.91,0.0,0.0,152.1,0.9999253857184062,1.0,1280.9884937600025,1000.0,1280.0611937600024,1000.0,0.03990691583025067,0.0
11586,1683869880000.0,0.0,0.0,0.33,154.91,0.0,0.0,152.3,0.9999253857184062,1.0,1280.9884937600025,1000.0,1280.1271937600025,1000.0,0.03990691583025067,0.0
11587,1683873480000.0,0.0,0.0,0.33,154.91,0.0,0.0,151.15,0.9999253857184062,1.0,1280.9884937600025,1000.0,1279.7476937600024,1000.0,0.03990691583025067,0.0
11588,1683877080000.0,0.0,0.0,0.33,154.91,0.0,0.0,151.65,0.9999253857184062,1.0,1280.9884937600025,1000.0,1279.9126937600024,1000.0,0.03990691583025067,0.0
11589,1683880680000.0,0.0,0.0,0.33,154.91,0.0,0.0,152.0,0.9999253857184062,1.0,1280.9884937600025,1000.0,1280.0281937600025,1000.0,0.03990691583025067,0.0
11590,1683884280000.0,0.0,0.0,0.33,154.91,0.0,0.0,152.25,0.9999253857184062,1.0,1280.9884937600025,1000.0,1280.1106937600025,1000.0,0.03990691583025067,0.0
11591,1683887880000.0,0.0,0.0,0.33,154.91,0.0,0.0,151.8,0.9999253857184062,1.0,1280.9884937600025,1000.0,1279.9621937600025,1000.0,0.03990691583025067,0.0
11592,1683891480000.0,0.0,0.0,0.33,154.91,0.0,0.0,151.45,0.9999253857184062,1.0,1280.9884937600025,1000.0,1279.8466937600024,1000.0,0.03990691583025067,0.0
11593,1683895080000.0,0.0,0.0,0.33,154.91,0.0,0.0,151.7,0.9999253857184062,1.0,1280.9884937600025,1000.0,1279.9291937600026,1000.0,0.03990691583025067,0.0
11594,1683898680000.0,0.0,0.0,0.33,154.91,0.0,0.0,151.85,0.9999253857184062,1.0,1280.9884937600025,1000.0,1279.9786937600024,1000.0,0.03990691583025067,0.0
11595,1683902280000.0,0.0,0.0,0.33,154.91,0.0,0.0,151.95,0.9999253857184062,1.0,1280.9884937600025,1000.0,1280.0116937600026,1000.0,0.03990691583025067,0.0
11596,1683905880000.0,0.0,0.0,0.33,154.91,0.0,0.0,151.4,0.9999253857184062,1.0,1280.9884937600025,1000.0,1279.8301937600024,1000.0,0.03990691583025067,0.0
11597,1683909480000.0,0.0,0.0,0.33,154.91,0.0,0.0,151.5,0.9999253857184062,1.0,1280.9884937600025,1000.0,1279.8631937600026,1000.0,0.03990691583025067,0.0
11598,1683913080000.0,0.0,0.0,0.33,154.91,0.0,0.0,151.6,0.9999253857184062,1.0,1280.9884937600025,1000.0,1279.8961937600025,1000.0,0.03990691583025067,0.0
11599,1683916680000.0,0.0,0.0,0.33,154.91,0.0,0.0,151.2,0.9999253857184062,1.0,1280.9884937600025,1000.0,1279.7641937600024,1000.0,0.03990691583025067,0.0
11600,1683920280000.0,0.0,0.0,0.33,154.91,0.0,0.0,150.7,0.9999253857184062,1.0,1280.9884937600025,1000.0,1279.5991937600024,1000.0,0.03990691583025067,0.0
11601,1683923880000.0,0.0,0.0,0.33,154.91,0.0,0.0,151.55,0.9999253857184062,1.0,1280.9884937600025,1000.0,1279.8796937600025,1000.0,0.03990691583025067,0.0
11602,1683927480000.0,0.0,0.0,0.33,154.91,0.0,0.0,152.35,0.9999253857184062,1.0,1280.9884937600025,1000.0,1280.1436937600024,1000.0,0.03990691583025067,0.0
11603,1683931080000.0,0.0,0.0,0.33,154.91,0.0,0.0,153.0,0.9999253857184062,1.0,1280.9884937600025,1000.0,1280.3581937600025,1000.0,0.03990691583025067,0.0
11604,1683934680000.0,0.0,0.0,0.33,154.91,0.0,0.0,153.35,0.9999253857184062,1.0,1280.9884937600025,1000.0,1280.4736937600026,1000.0,0.03990691583025067,0.0
11605,1683938280000.0,0.0,0.0,0.33,154.91,0.0,0.0,152.95,0.9999253857184062,1.0,1280.9884937600025,1000.0,1280.3416937600025,1000.0,0.03990691583025067,0.0
11606,1683941880000.0,0.0,0.0,0.33,154.91,0.0,0.0,153.35,0.9999253857184062,1.0,1280.9884937600025,1000.0,1280.4736937600026,1000.0,0.03990691583025067,0.0
11607,1683945480000.0,0.0,0.0,0.33,154.91,0.0,0.0,152.9,0.9999253857184062,1.0,1280.9884937600025,1000.0,1280.3251937600025,1000.0,0.03990691583025067,0.0
11608,1683949080000.0,0.0,0.0,0.33,154.91,0.0,0.0,152.95,0.9999253857184062,1.0,1280.9884937600025,1000.0,1280.3416937600025,1000.0,0.03990691583025067,0.0
11609,1683952680000.0,0.0,0.0,0.33,154.91,0.0,0.0,153.05,0.9999253857184062,1.0,1280.9884937600025,1000.0,1280.3746937600024,1000.0,0.03990691583025067,0.0
11610,1683956280000.0,0.0,0.0,0.33,154.91,0.0,0.0,152.8,0.9999253857184062,1.0,1280.9884937600025,1000.0,1280.2921937600024,1000.0,0.03990691583025067,0.0
11611,1683959880000.0,0.0,0.0,0.33,154.91,0.0,0.0,152.95,0.9999253857184062,1.0,1280.9884937600025,1000.0,1280.3416937600025,1000.0,0.03990691583025067,0.0
11612,1683963480000.0,0.0,0.0,0.33,154.91,0.0,0.0,153.3,0.9999253857184062,1.0,1280.9884937600025,1000.0,1280.4571937600024,1000.0,0.03990691583025067,0.0
11613,1683967080000.0,0.0,0.0,0.33,154.91,0.0,0.0,153.1,0.9999253857184062,1.0,1280.9884937600025,1000.0,1280.3911937600026,1000.0,0.03990691583025067,0.0
11614,1683970680000.0,0.0,0.0,0.33,154.91,0.0,0.0,153.1,0.9999253857184062,1.0,1280.9884937600025,1000.0,1280.3911937600026,1000.0,0.03990691583025067,0.0
11615,1683974280000.0,0.0,0.0,0.33,154.91,0.0,0.0,152.75,0.9999253857184062,1.0,1280.9884937600025,1000.0,1280.2756937600025,1000.0,0.03990691583025067,0.0
11616,1683977880000.0,0.0,0.0,0.33,154.91,0.0,0.0,153.05,0.9999253857184062,1.0,1280.9884937600025,1000.0,1280.3746937600024,1000.0,0.03990691583025067,0.0
11617,1683981480000.0,0.0,0.0,0.33,154.91,0.0,0.0,153.15,0.9999253857184062,1.0,1280.9884937600025,1000.0,1280.4076937600025,1000.0,0.03990691583025067,0.0
11618,1683985080000.0,0.0,0.0,0.33,154.91,0.0,0.0,153.05,0.9999253857184062,1.0,1280.9884937600025,1000.0,1280.3746937600024,1000.0,0.03990691583025067,0.0
11619,1683988680000.0,0.0,0.0,0.33,154.91,0.0,0.0,153.0,0.9999253857184062,1.0,1280.9884937600025,1000.0,1280.3581937600025,1000.0,0.03990691583025067,0.0
11620,1683992280000.0,0.0,0.0,0.33,154.91,0.0,0.0,152.9,0.9999253857184062,1.0,1280.9884937600025,1000.0,1280.3251937600025,1000.0,0.03990691583025067,0.0
11621,1683995880000.0,0.0,0.0,0.33,154.91,0.0,0.0,152.7,0.9999253857184062,1.0,1280.9884937600025,1000.0,1280.2591937600025,1000.0,0.03990691583025067,0.0
11622,1683999480000.0,0.0,0.0,0.33,154.91,0.0,0.0,152.5,0.9999253857184062,1.0,1280.9884937600025,1000.0,1280.1931937600025,1000.0,0.03990691583025067,0.0
11623,1684003080000.0,0.0,0.0,0.33,154.91,0.0,0.0,152.7,0.9999253857184062,1.0,1280.9884937600025,1000.0,1280.2591937600025,1000.0,0.03990691583025067,0.0
11624,1684006680000.0,0.0,0.0,0.33,154.91,0.0,0.0,152.9,0.9999253857184062,1.0,1280.9884937600025,1000.0,1280.3251937600025,1000.0,0.03990691583025067,0.0
11625,1684010280000.0,0.0,0.0,0.33,154.91,0.0,0.0,153.25,0.9999253857184062,1.0,1280.9884937600025,1000.0,1280.4406937600024,1000.0,0.03990691583025067,0.0
11626,1684013880000.0,0.0,0.0,0.33,154.91,0.0,0.0,153.0,0.9999253857184062,1.0,1280.9884937600025,1000.0,1280.3581937600025,1000.0,0.03990691583025067,0.0
11627,1684017480000.0,0.0,0.0,0.33,154.91,0.0,0.0,152.8,0.9999253857184062,1.0,1280.9884937600025,1000.0,1280.2921937600024,1000.0,0.03990691583025067,0.0
11628,1684021080000.0,0.0,0.0,0.33,154.91,0.0,0.0,153.05,0.9999253857184062,1.0,1280.9884937600025,1000.0,1280.3746937600024,1000.0,0.03990691583025067,0.0
11629,1684024680000.0,0.0,0.0,0.33,154.91,0.0,0.0,153.25,0.9999253857184062,1.0,1280.9884937600025,1000.0,1280.4406937600024,1000.0,0.03990691583025067,0.0
11630,1684028280000.0,0.0,0.0,0.33,154.91,0.0,0.0,152.85,0.9999253857184062,1.0,1280.9884937600025,1000.0,1280.3086937600024,1000.0,0.03990691583025067,0.0
11631,1684031880000.0,0.0,0.0,0.33,154.91,0.0,0.0,152.75,0.9999253857184062,1.0,1280.9884937600025,1000.0,1280.2756937600025,1000.0,0.03990691583025067,0.0
11632,1684035480000.0,0.0,0.0,0.33,154.91,0.0,0.0,153.25,0.9999253857184062,1.0,1280.9884937600025,1000.0,1280.4406937600024,1000.0,0.03990691583025067,0.0
11633,1684039080000.0,0.0,0.0,0.33,154.91,0.0,0.0,153.45,0.9999253857184062,1.0,1280.9884937600025,1000.0,1280.5066937600025,1000.0,0.03990691583025067,0.0
11634,1684042680000.0,0.0,0.0,0.33,154.91,0.0,0.0,153.3,0.9999253857184062,1.0,1280.9884937600025,1000.0,1280.4571937600024,1000.0,0.03990691583025067,0.0
11635,1684046280000.0,0.0,0.0,0.33,154.91,0.0,0.0,153.2,0.9999253857184062,1.0,1280.9884937600025,1000.0,1280.4241937600025,1000.0,0.03990691583025067,0.0
11636,1684049880000.0,0.0,0.0,0.33,154.91,0.0,0.0,152.7,0.9999253857184062,1.0,1280.9884937600025,1000.0,1280.2591937600025,1000.0,0.03990691583025067,0.0
11637,1684053480000.0,0.0,0.0,0.33,154.91,0.0,0.0,152.8,0.9999253857184062,1.0,1280.9884937600025,1000.0,1280.2921937600024,1000.0,0.03990691583025067,0.0
11638,1684057080000.0,0.0,0.0,0.33,154.91,0.0,0.0,152.85,0.9999253857184062,1.0,1280.9884937600025,1000.0,1280.3086937600024,1000.0,0.03990691583025067,0.0
11639,1684060680000.0,0.0,0.0,0.33,154.91,0.0,0.0,152.9,0.9999253857184062,1.0,1280.9884937600025,1000.0,1280.3251937600025,1000.0,0.03990691583025067,0.0
11640,1684064280000.0,0.0,0.0,0.33,154.91,0.0,0.0,153.35,0.9999253857184062,1.0,1280.9884937600025,1000.0,1280.4736937600026,1000.0,0.03990691583025067,0.0
11641,1684067880000.0,0.0,0.0,0.33,154.91,0.0,0.0,153.0,0.9999253857184062,1.0,1280.9884937600025,1000.0,1280.3581937600025,1000.0,0.03990691583025067,0.0
11642,1684071480000.0,0.0,0.0,0.33,154.91,0.0,0.0,153.25,0.9999253857184062,1.0,1280.9884937600025,1000.0,1280.4406937600024,1000.0,0.03990691583025067,0.0
11643,1684075080000.0,0.0,0.0,0.33,154.91,0.0,0.0,153.15,0.9999253857184062,1.0,1280.9884937600025,1000.0,1280.4076937600025,1000.0,0.03990691583025067,0.0
11644,1684078680000.0,0.0,0.0,0.33,154.91,0.0,0.0,153.8,0.9999253857184062,1.0,1280.9884937600025,1000.0,1280.6221937600026,1000.0,0.03990691583025067,0.0
11645,1684082280000.0,0.0,0.0,0.33,154.91,0.0,0.0,153.7,0.9999253857184062,1.0,1280.9884937600025,1000.0,1280.5891937600024,1000.0,0.03990691583025067,0.0
11646,1684085880000.0,0.0,0.0,0.33,154.91,0.0,0.0,153.15,0.9999253857184062,1.0,1280.9884937600025,1000.0,1280.4076937600025,1000.0,0.03990691583025067,0.0
11647,1684089480000.0,0.0,0.0,0.33,154.91,0.0,0.0,153.15,0.9999253857184062,1.0,1280.9884937600025,1000.0,1280.4076937600025,1000.0,0.03990691583025067,0.0
11648,1684093080000.0,0.0,0.0,0.33,154.91,0.0,0.0,153.45,0.9999253857184062,1.0,1280.9884937600025,1000.0,1280.5066937600025,1000.0,0.03990691583025067,0.0
11649,1684096680000.0,0.0,0.0,0.33,154.91,0.0,0.0,153.75,0.9999253857184062,1.0,1280.9884937600025,1000.0,1280.6056937600024,1000.0,0.03990691583025067,0.0
11650,1684100280000.0,0.0,0.0,0.33,154.91,0.0,0.0,153.85,0.9999253857184062,1.0,1280.9884937600025,1000.0,1280.6386937600025,1000.0,0.03990691583025067,0.0
11651,1684103880000.0,0.0,0.0,0.33,154.91,0.0,0.0,153.75,0.9999253857184062,1.0,1280.9884937600025,1000.0,1280.6056937600024,1000.0,0.03990691583025067,0.0
11652,1684107480000.0,0.0,0.0,0.33,154.91,0.0,0.0,153.8,0.9999253857184062,1.0,1280.9884937600025,1000.0,1280.6221937600026,1000.0,0.03990691583025067,0.0
11653,1684111080000.0,0.0,0.0,0.33,154.91,0.0,0.0,153.45,0.9999253857184062,1.0,1280.9884937600025,1000.0,1280.5066937600025,1000.0,0.03990691583025067,0.0
11654,1684114680000.0,0.0,0.0,0.33,154.91,0.0,0.0,154.15,0.9999253857184062,1.0,1280.9884937600025,1000.0,1280.7376937600025,1000.0,0.03990691583025067,0.0
11655,1684118280000.0,0.0,0.0,0.33,154.91,0.0,0.0,154.15,0.9999253857184062,1.0,1280.9884937600025,1000.0,1280.7376937600025,1000.0,0.03990691583025067,0.0
11656,1684121880000.0,0.0,0.0,0.33,154.91,0.0,0.0,154.15,0.9999253857184062,1.0,1280.9884937600025,1000.0,1280.7376937600025,1000.0,0.03990691583025067,0.0
11657,1684125480000.0,0.0,0.0,0.33,154.91,0.0,0.0,154.1,0.9999253857184062,1.0,1280.9884937600025,1000.0,1280.7211937600025,1000.0,0.03990691583025067,0.0
11658,1684129080000.0,0.0,0.0,0.33,154.91,0.0,0.0,153.85,0.9999253857184062,1.0,1280.9884937600025,1000.0,1280.6386937600025,1000.0,0.03990691583025067,0.0
11659,1684132680000.0,0.0,0.0,0.33,154.91,0.0,0.0,154.4,0.9999253857184062,1.0,1280.9884937600025,1000.0,1280.8201937600024,1000.0,0.03990691583025067,0.0
11660,1684136280000.0,0.0,0.0,0.33,154.91,0.0,0.0,154.2,0.9999253857184062,1.0,1280.9884937600025,1000.0,1280.7541937600024,1000.0,0.03990691583025067,0.0
11661,1684139880000.0,0.0,0.0,0.33,154.91,0.0,0.0,154.0,0.9999253857184062,1.0,1280.9884937600025,1000.0,1280.6881937600024,1000.0,0.03990691583025067,0.0
11662,1684143480000.0,0.0,0.0,0.33,154.91,0.0,0.0,153.6,0.9999253857184062,1.0,1280.9884937600025,1000.0,1280.5561937600025,1000.0,0.03990691583025067,0.0
11663,1684147080000.0,0.0,0.0,0.33,154.91,0.0,0.0,153.7,0.9999253857184062,1.0,1280.9884937600025,1000.0,1280.5891937600024,1000.0,0.03990691583025067,0.0
11664,1684150680000.0,0.0,0.0,0.33,154.91,0.0,0.0,153.75,0.9999253857184062,1.0,1280.9884937600025,1000.0,1280.6056937600024,1000.0,0.03990691583025067,0.0
11665,1684154280000.0,0.0,0.0,0.33,154.91,0.0,0.0,153.7,0.9999253857184062,1.0,1280.9884937600025,1000.0,1280.5891937600024,1000.0,0.03990691583025067,0.0
11666,1684157880000.0,0.0,0.0,0.33,154.91,0.0,0.0,153.8,0.9999253857184062,1.0,1280.9884937600025,1000.0,1280.6221937600026,1000.0,0.03990691583025067,0.0
11667,1684161480000.0,0.0,0.0,0.33,154.91,0.0,0.0,153.65,0.9999253857184062,1.0,1280.9884937600025,1000.0,1280.5726937600025,1000.0,0.03990691583025067,0.0
11668,1684165080000.0,0.0,0.0,0.33,154.91,0.0,0.0,153.4,0.9999253857184062,1.0,1280.9884937600025,1000.0,1280.4901937600025,1000.0,0.03990691583025067,0.0
11669,1684168680000.0,0.0,0.0,0.33,154.91,0.0,0.0,153.4,0.9999253857184062,1.0,1280.9884937600025,1000.0,1280.4901937600025,1000.0,0.03990691583025067,0.0
11670,1684172280000.0,0.0,0.0,0.33,154.91,0.0,0.0,153.6,0.9999253857184062,1.0,1280.9884937600025,1000.0,1280.5561937600025,1000.0,0.03990691583025067,0.0
11671,1684175880000.0,0.0,0.0,0.33,154.91,0.0,0.0,153.45,0.9999253857184062,1.0,1280.9884937600025,1000.0,1280.5066937600025,1000.0,0.03990691583025067,0.0
11672,1684179480000.0,0.0,0.0,0.33,154.91,0.0,0.0,153.1,0.9999253857184062,1.0,1280.9884937600025,1000.0,1280.3911937600026,1000.0,0.03990691583025067,0.0
11673,1684183080000.0,0.0,0.0,0.33,154.91,0.0,0.0,153.2,0.9999253857184062,1.0,1280.9884937600025,1000.0,1280.4241937600025,1000.0,0.03990691583025067,0.0
11674,1684186680000.0,0.0,0.0,0.33,154.91,0.0,0.0,152.9,0.9999253857184062,1.0,1280.9884937600025,1000.0,1280.3251937600025,1000.0,0.03990691583025067,0.0
11675,1684190280000.0,0.0,0.0,0.33,154.91,0.0,0.0,152.8,0.9999253857184062,1.0,1280.9884937600025,1000.0,1280.2921937600024,1000.0,0.03990691583025067,0.0
11676,1684193880000.0,0.0,0.0,0.33,154.91,0.0,0.0,152.55,0.9999253857184062,1.0,1280.9884937600025,1000.0,1280.2096937600024,1000.0,0.03990691583025067,0.0
11677,1684197480000.0,0.0,0.0,0.33,154.91,0.0,0.0,152.1,0.9999253857184062,1.0,1280.9884937600025,1000.0,1280.0611937600024,1000.0,0.03990691583025067,0.0
11678,1684201080000.0,0.0,0.0,0.33,154.91,0.0,0.0,151.05,0.9999253857184062,1.0,1280.9884937600025,1000.0,1279.7146937600025,1000.0,0.03990691583025067,0.0
11679,1684204680000.0,0.0,0.0,0.33,154.91,0.0,0.0,151.85,0.9999253857184062,1.0,1280.9884937600025,1000.0,1279.9786937600024,1000.0,0.03990691583025067,0.0
11680,1684208280000.0,0.0,0.0,0.33,154.91,0.0,0.0,152.2,0.9999253857184062,1.0,1280.9884937600025,1000.0,1280.0941937600026,1000.0,0.03990691583025067,0.0
11681,1684211880000.0,0.0,0.0,0.33,154.91,0.0,0.0,152.35,0.9999253857184062,1.0,1280.9884937600025,1000.0,1280.1436937600024,1000.0,0.03990691583025067,0.0
11682,1684215480000.0,0.0,0.0,0.33,154.91,0.0,0.0,152.45,0.9999253857184062,1.0,1280.9884937600025,1000.0,1280.1766937600025,1000.0,0.03990691583025067,0.0
11683,1684219080000.0,0.0,0.0,0.33,154.91,0.0,0.0,152.45,0.9999253857184062,1.0,1280.9884937600025,1000.0,1280.1766937600025,1000.0,0.03990691583025067,0.0
11684,1684222680000.0,0.0,0.0,0.33,154.91,0.0,0.0,152.3,0.9999253857184062,1.0,1280.9884937600025,1000.0,1280.1271937600025,1000.0,0.03990691583025067,0.0
11685,1684226280000.0,0.0,0.0,0.33,154.91,0.0,0.0,152.15,0.9999253857184062,1.0,1280.9884937600025,1000.0,1280.0776937600024,1000.0,0.03990691583025067,0.0
11686,1684229880000.0,0.0,0.0,0.33,154.91,0.0,0.0,151.65,0.9999253857184062,1.0,1280.9884937600025,1000.0,1279.9126937600024,1000.0,0.03990691583025067,0.0
11687,1684233480000.0,0.0,0.0,0.33,154.91,0.0,0.0,151.5,0.9999253857184062,1.0,1280.9884937600025,1000.0,1279.8631937600026,1000.0,0.03990691583025067,0.0
11688,1684237080000.0,0.0,0.0,0.33,154.91,0.0,0.0,151.8,0.9999253857184062,1.0,1280.9884937600025,1000.0,1279.9621937600025,1000.0,0.03990691583025067,0.0
11689,1684240680000.0,0.0,0.0,0.33,154.91,0.0,0.0,151.3,0.9999253857184062,1.0,1280.9884937600025,1000.0,1279.7971937600025,1000.0,0.03990691583025067,0.0
11690,1684244280000.0,0.0,0.0,0.33,154.91,0.0,0.0,151.5,0.9999253857184062,1.0,1280.9884937600025,1000.0,1279.8631937600026,1000.0,0.03990691583025067,0.0
11691,1684247880000.0,0.0,0.0,0.33,154.91,0.0,0.0,151.1,0.9999253857184062,1.0,1280.9884937600025,1000.0,1279.7311937600025,1000.0,0.03990691583025067,0.0
11692,1684251480000.0,0.0,0.0,0.33,154.91,0.0,0.0,151.7,0.9999253857184062,1.0,1280.9884937600025,1000.0,1279.9291937600026,1000.0,0.03990691583025067,0.0
11693,1684255080000.0,0.0,0.0,0.33,154.91,0.0,0.0,151.8,0.9999253857184062,1.0,1280.9884937600025,1000.0,1279.9621937600025,1000.0,0.03990691583025067,0.0
11694,1684258680000.0,0.0,0.0,0.33,154.91,0.0,0.0,151.75,0.9999253857184062,1.0,1280.9884937600025,1000.0,1279.9456937600025,1000.0,0.03990691583025067,0.0
11695,1684262280000.0,0.0,0.0,0.33,154.91,0.0,0.0,151.45,0.9999253857184062,1.0,1280.9884937600025,1000.0,1279.8466937600024,1000.0,0.03990691583025067,0.0
11696,1684265880000.0,0.0,0.0,0.33,154.91,0.0,0.0,151.1,0.9999253857184062,1.0,1280.9884937600025,1000.0,1279.7311937600025,1000.0,0.03990691583025067,0.0
11697,1684269480000.0,0.0,0.0,0.33,154.91,0.0,0.0,150.7,0.9999253857184062,1.0,1280.9884937600025,1000.0,1279.5991937600024,1000.0,0.03990691583025067,0.0
11698,1684273080000.0,0.0,0.0,0.33,154.91,0.0,0.0,151.0,0.9999253857184062,1.0,1280.9884937600025,1000.0,1279.6981937600026,1000.0,0.03990691583025067,0.0
11699,1684276680000.0,0.0,0.0,0.33,154.91,0.0,0.0,151.3,0.9999253857184062,1.0,1280.9884937600025,1000.0,1279.7971937600025,1000.0,0.03990691583025067,0.0
11700,1684280280000.0,0.0,0.0,0.33,154.91,0.0,0.0,151.5,0.9999253857184062,1.0,1280.9884937600025,1000.0,1279.8631937600026,1000.0,0.03990691583025067,0.0
11701,1684283880000.0,0.0,0.0,0.33,154.91,0.0,0.0,151.7,0.9999253857184062,1.0,1280.9884937600025,1000.0,1279.9291937600026,1000.0,0.03990691583025067,0.0
11702,1684287480000.0,0.0,0.0,0.33,154.91,0.0,0.0,152.35,0.9999253857184062,1.0,1280.9884937600025,1000.0,1280.1436937600024,1000.0,0.03990691583025067,0.0
11703,1684291080000.0,0.0,0.0,0.33,154.91,0.0,0.0,152.0,0.9999253857184062,1.0,1280.9884937600025,1000.0,1280.0281937600025,1000.0,0.03990691583025067,0.0
11704,1684294680000.0,0.0,0.0,0.33,154.91,0.0,0.0,151.45,0.9999253857184062,1.0,1280.9884937600025,1000.0,1279.8466937600024,1000.0,0.03990691583025067,0.0
11705,1684298280000.0,0.0,0.0,0.33,154.91,0.0,0.0,151.75,0.9999253857184062,1.0,1280.9884937600025,1000.0,1279.9456937600025,1000.0,0.03990691583025067,0.0
11706,1684301880000.0,0.0,0.0,0.33,154.91,0.0,0.0,151.3,0.9999253857184062,1.0,1280.9884937600025,1000.0,1279.7971937600025,1000.0,0.03990691583025067,0.0
11707,1684305480000.0,0.0,0.0,0.33,154.91,0.0,0.0,151.4,0.9999253857184062,1.0,1280.9884937600025,1000.0,1279.8301937600024,1000.0,0.03990691583025067,0.0
11708,1684309080000.0,0.0,0.0,0.33,154.91,0.0,0.0,151.6,0.9999253857184062,1.0,1280.9884937600025,1000.0,1279.8961937600025,1000.0,0.03990691583025067,0.0
11709,1684312680000.0,0.0,0.0,0.33,154.91,0.0,0.0,151.0,0.9999253857184062,1.0,1280.9884937600025,1000.0,1279.6981937600026,1000.0,0.03990691583025067,0.0
11710,1684316280000.0,0.0,0.0,0.33,154.91,0.0,0.0,151.6,0.9999253857184062,1.0,1280.9884937600025,1000.0,1279.8961937600025,1000.0,0.03990691583025067,0.0
11711,1684319880000.0,0.0,0.0,0.33,154.91,0.0,0.0,151.8,0.9999253857184062,1.0,1280.9884937600025,1000.0,1279.9621937600025,1000.0,0.03990691583025067,0.0
11712,1684323480000.0,0.0,0.0,0.33,154.91,0.0,0.0,151.7,0.9999253857184062,1.0,1280.9884937600025,1000.0,1279.9291937600026,1000.0,0.03990691583025067,0.0
11713,1684327080000.0,0.0,0.0,0.33,154.91,0.0,0.0,151.85,0.9999253857184062,1.0,1280.9884937600025,1000.0,1279.9786937600024,1000.0,0.03990691583025067,0.0
11714,1684330680000.0,0.0,0.0,0.33,154.91,0.0,0.0,151.8,0.9999253857184062,1.0,1280.9884937600025,1000.0,1279.9621937600025,1000.0,0.03990691583025067,0.0
11715,1684334280000.0,0.0,0.0,0.33,154.91,0.0,0.0,151.0,0.9999253857184062,1.0,1280.9884937600025,1000.0,1279.6981937600026,1000.0,0.03990691583025067,0.0
11716,1684337880000.0,0.0,0.0,0.33,154.91,0.0,0.0,151.45,0.9999253857184062,1.0,1280.9884937600025,1000.0,1279.8466937600024,1000.0,0.03990691583025067,0.0
11717,1684341480000.0,0.0,0.0,0.33,154.91,0.0,0.0,151.4,0.9999253857184062,1.0,1280.9884937600025,1000.0,1279.8301937600024,1000.0,0.03990691583025067,0.0
11718,1684345080000.0,0.0,0.0,0.33,154.91,0.0,0.0,151.15,0.9999253857184062,1.0,1280.9884937600025,1000.0,1279.7476937600024,1000.0,0.03990691583025067,0.0
11719,1684348680000.0,0.0,0.0,0.33,154.91,0.0,0.0,151.65,0.9999253857184062,1.0,1280.9884937600025,1000.0,1279.9126937600024,1000.0,0.03990691583025067,0.0
11720,1684352280000.0,0.0,0.0,0.33,154.91,0.0,0.0,151.95,0.9999253857184062,1.0,1280.9884937600025,1000.0,1280.0116937600026,1000.0,0.03990691583025067,0.0
11721,1684355880000.0,0.0,0.0,0.33,154.91,0.0,0.0,151.4,0.9999253857184062,1.0,1280.9884937600025,1000.0,1279.8301937600024,1000.0,0.03990691583025067,0.0
11722,1684359480000.0,0.0,0.0,0.33,154.91,0.0,0.0,151.3,0.9999253857184062,1.0,1280.9884937600025,1000.0,1279.7971937600025,1000.0,0.03990691583025067,0.0
11723,1684363080000.0,0.0,0.0,0.33,154.91,0.0,0.0,151.25,0.9999253857184062,1.0,1280.9884937600025,1000.0,1279.7806937600026,1000.0,0.03990691583025067,0.0
11724,1684366680000.0,0.0,0.0,0.33,154.91,0.0,0.0,151.45,0.9999253857184062,1.0,1280.9884937600025,1000.0,1279.8466937600024,1000.0,0.03990691583025067,0.0
11725,1684370280000.0,0.0,0.0,0.33,154.91,0.0,0.0,151.15,0.9999253857184062,1.0,1280.9884937600025,1000.0,1279.7476937600024,1000.0,0.03990691583025067,0.0
11726,1684373880000.0,0.0,0.0,0.33,154.91,0.0,0.0,151.05,0.9999253857184062,1.0,1280.9884937600025,1000.0,1279.7146937600025,1000.0,0.03990691583025067,0.0
11727,1684377480000.0,0.0,0.0,0.33,154.91,0.0,0.0,151.05,0.9999253857184062,1.0,1280.9884937600025,1000.0,1279.7146937600025,1000.0,0.03990691583025067,0.0
11728,1684381080000.0,0.0,0.0,0.33,154.91,0.0,0.0,151.25,0.9999253857184062,1.0,1280.9884937600025,1000.0,1279.7806937600026,1000.0,0.03990691583025067,0.0
11729,1684384680000.0,0.0,0.0,0.33,154.91,0.0,0.0,151.25,0.9999253857184062,1.0,1280.9884937600025,1000.0,1279.7806937600026,1000.0,0.03990691583025067,0.0
11730,1684388280000.0,0.0,0.0,0.33,154.91,0.0,0.0,151.45,0.9999253857184062,1.0,1280.9884937600025,1000.0,1279.8466937600024,1000.0,0.03990691583025067,0.0
11731,1684391880000.0,0.0,0.0,0.33,154.91,0.0,0.0,150.8,0.9999253857184062,1.0,1280.9884937600025,1000.0,1279.6321937600026,1000.0,0.03990691583025067,0.0
11732,1684395480000.0,0.0,0.0,0.33,154.91,0.0,0.0,150.95,0.9999253857184062,1.0,1280.9884937600025,1000.0,1279.6816937600024,1000.0,0.03990691583025067,0.0
11733,1684399080000.0,0.0,0.0,0.33,154.91,0.0,0.0,151.0,0.9999253857184062,1.0,1280.9884937600025,1000.0,1279.6981937600026,1000.0,0.03990691583025067,0.0
11734,1684402680000.0,0.0,0.0,0.33,154.91,0.0,0.0,151.0,0.9999253857184062,1.0,1280.9884937600025,1000.0,1279.6981937600026,1000.0,0.03990691583025067,0.0
11735,1684406280000.0,0.0,0.0,0.33,154.91,0.0,0.0,151.1,0.9999253857184062,1.0,1280.9884937600025,1000.0,1279.7311937600025,1000.0,0.03990691583025067,0.0
11736,1684409880000.0,0.0,0.0,0.33,154.91,0.0,0.0,151.05,0.9999253857184062,1.0,1280.9884937600025,1000.0,1279.7146937600025,1000.0,0.03990691583025067,0.0
11737,1684413480000.0,0.0,0.0,0.33,154.91,0.0,0.0,151.25,0.9999253857184062,1.0,1280.9884937600025,1000.0,1279.7806937600026,1000.0,0.03990691583025067,0.0
11738,1684417080000.0,0.0,0.0,0.33,154.91,0.0,0.0,151.2,0.9999253857184062,1.0,1280.9884937600025,1000.0,1279.7641937600024,1000.0,0.03990691583025067,0.0
11739,1684420680000.0,0.0,0.0,0.33,154.91,0.0,0.0,151.5,0.9999253857184062,1.0,1280.9884937600025,1000.0,1279.8631937600026,1000.0,0.03990691583025067,0.0
11740,1684424280000.0,0.0,0.0,0.33,154.91,0.0,0.0,151.4,0.9999253857184062,1.0,1280.9884937600025,1000.0,1279.8301937600024,1000.0,0.03990691583025067,0.0
11741,1684427880000.0,0.0,0.0,0.33,154.91,0.0,0.0,151.35,0.9999253857184062,1.0,1280.9884937600025,1000.0,1279.8136937600025,1000.0,0.03990691583025067,0.0
11742,1684431480000.0,0.0,0.0,0.33,154.91,0.0,0.0,151.1,0.9999253857184062,1.0,1280.9884937600025,1000.0,1279.7311937600025,1000.0,0.03990691583025067,0.0
11743,1684435080000.0,0.0,0.0,0.33,154.91,0.0,0.0,149.45,0.9999253857184062,1.0,1280.9884937600025,1000.0,1279.1866937600025,1000.0,0.03990691583025067,0.0
11744,1684438680000.0,0.0,0.0,0.33,154.91,0.0,0.0,149.8,0.9999253857184062,1.0,1280.9884937600025,1000.0,1279.3021937600024,1000.0,0.03990691583025067,0.0
11745,1684442280000.0,0.0,0.0,0.33,154.91,0.0,0.0,149.55,0.9999253857184062,1.0,1280.9884937600025,1000.0,1279.2196937600024,1000.0,0.03990691583025067,0.0
11746,1684445880000.0,0.0,0.0,0.33,154.91,0.0,0.0,151.05,0.9999253857184062,1.0,1280.9884937600025,1000.0,1279.7146937600025,1000.0,0.03990691583025067,0.0
11747,1684449480000.0,0.0,0.0,0.33,154.91,0.0,0.0,151.05,0.9999253857184062,1.0,1280.9884937600025,1000.0,1279.7146937600025,1000.0,0.03990691583025067,0.0
11748,1684453080000.0,0.0,0.0,0.33,154.91,0.0,0.0,151.0,0.9999253857184062,1.0,1280.9884937600025,1000.0,1279.6981937600026,1000.0,0.03990691583025067,0.0
11749,1684456680000.0,0.0,0.0,0.33,154.91,0.0,0.0,150.9,0.9999253857184062,1.0,1280.9884937600025,1000.0,1279.6651937600025,1000.0,0.03990691583025067,0.0
11750,1684460280000.0,0.0,0.0,0.33,154.91,0.0,0.0,150.95,0.9999253857184062,1.0,1280.9884937600025,1000.0,1279.6816937600024,1000.0,0.03990691583025067,0.0
11751,1684463880000.0,0.0,0.0,0.33,154.91,0.0,0.0,151.0,0.9999253857184062,1.0,1280.9884937600025,1000.0,1279.6981937600026,1000.0,0.03990691583025067,0.0
11752,1684467480000.0,0.0,0.0,0.33,154.91,0.0,0.0,151.45,0.9999253857184062,1.0,1280.9884937600025,1000.0,1279.8466937600024,1000.0,0.03990691583025067,0.0
11753,1684471080000.0,0.0,0.0,0.33,154.91,0.0,0.0,151.35,0.9999253857184062,1.0,1280.9884937600025,1000.0,1279.8136937600025,1000.0,0.03990691583025067,0.0
11754,1684474680000.0,0.0,0.0,0.33,154.91,0.0,0.0,151.25,0.9999253857184062,1.0,1280.9884937600025,1000.0,1279.7806937600026,1000.0,0.03990691583025067,0.0
11755,1684478280000.0,0.0,0.0,0.33,154.91,0.0,0.0,151.3,0.9999253857184062,1.0,1280.9884937600025,1000.0,1279.7971937600025,1000.0,0.03990691583025067,0.0
11756,1684481880000.0,0.0,0.0,0.33,154.91,0.0,0.0,150.95,0.9999253857184062,1.0,1280.9884937600025,1000.0,1279.6816937600024,1000.0,0.03990691583025067,0.0
11757,1684485480000.0,0.0,0.0,0.33,154.91,0.0,0.0,151.25,0.9999253857184062,1.0,1280.9884937600025,1000.0,1279.7806937600026,1000.0,0.03990691583025067,0.0
11758,1684489080000.0,0.0,0.0,0.33,154.91,0.0,0.0,151.3,0.9999253857184062,1.0,1280.9884937600025,1000.0,1279.7971937600025,1000.0,0.03990691583025067,0.0
11759,1684492680000.0,0.0,0.0,0.33,154.91,0.0,0.0,151.3,0.9999253857184062,1.0,1280.9884937600025,1000.0,1279.7971937600025,1000.0,0.03990691583025067,0.0
11760,1684496280000.0,0.0,0.0,0.33,154.91,0.0,0.0,151.25,0.9999253857184062,1.0,1280.9884937600025,1000.0,1279.7806937600026,1000.0,0.03990691583025067,0.0
11761,1684499880000.0,0.0,0.0,0.33,154.91,0.0,0.0,151.6,0.9999253857184062,1.0,1280.9884937600025,1000.0,1279.8961937600025,1000.0,0.03990691583025067,0.0
11762,1684503480000.0,0.0,0.0,0.33,154.91,0.0,0.0,151.85,0.9999253857184062,1.0,1280.9884937600025,1000.0,1279.9786937600024,1000.0,0.03990691583025067,0.0
11763,1684507080000.0,0.0,0.0,0.33,154.91,0.0,0.0,151.5,0.9999253857184062,1.0,1280.9884937600025,1000.0,1279.8631937600026,1000.0,0.03990691583025067,0.0
11764,1684510680000.0,0.0,0.0,0.33,154.91,0.0,0.0,151.1,0.9999253857184062,1.0,1280.9884937600025,1000.0,1279.7311937600025,1000.0,0.03990691583025067,0.0
11765,1684514280000.0,0.0,0.0,0.33,154.91,0.0,0.0,151.45,0.9999253857184062,1.0,1280.9884937600025,1000.0,1279.8466937600024,1000.0,0.03990691583025067,0.0
11766,1684517880000.0,0.0,0.0,0.33,154.91,0.0,0.0,151.4,0.9999253857184062,1.0,1280.9884937600025,1000.0,1279.8301937600024,1000.0,0.03990691583025067,0.0
11767,1684521480000.0,0.0,0.0,0.33,154.91,0.0,0.0,151.0,0.9999253857184062,1.0,1280.9884937600025,1000.0,1279.6981937600026,1000.0,0.03990691583025067,0.0
11768,1684525080000.0,0.0,0.0,0.33,154.91,0.0,0.0,150.7,0.9999253857184062,1.0,1280.9884937600025,1000.0,1279.5991937600024,1000.0,0.03990691583025067,0.0
11769,1684528680000.0,0.0,0.0,0.33,154.91,0.0,0.0,150.25,0.9999253857184062,1.0,1280.9884937600025,1000.0,1279.4506937600024,1000.0,0.03990691583025067,0.0
11770,1684532280000.0,0.0,0.0,0.33,154.91,0.0,0.0,150.2,0.9999253857184062,1.0,1280.9884937600025,1000.0,1279.4341937600025,1000.0,0.03990691583025067,0.0
11771,1684535880000.0,0.0,0.0,0.33,154.91,0.0,0.0,150.65,0.9999253857184062,1.0,1280.9884937600025,1000.0,1279.5826937600025,1000.0,0.03990691583025067,0.0
11772,1684539480000.0,0.0,0.0,0.33,154.91,0.0,0.0,150.45,0.9999253857184062,1.0,1280.9884937600025,1000.0,1279.5166937600025,1000.0,0.03990691583025067,0.0
11773,1684543080000.0,0.0,0.0,0.33,154.91,0.0,0.0,149.8,0.9999253857184062,1.0,1280.9884937600025,1000.0,1279.3021937600024,1000.0,0.03990691583025067,0.0
11774,1684546680000.0,0.0,0.0,0.33,154.91,0.0,0.0,149.75,0.9999253857184062,1.0,1280.9884937600025,1000.0,1279.2856937600025,1000.0,0.03990691583025067,0.0
11775,1684550280000.0,0.0,0.0,0.33,154.91,0.0,0.0,149.95,0.9999253857184062,1.0,1280.9884937600025,1000.0,1279.3516937600025,1000.0,0.03990691583025067,0.0
11776,1684553880000.0,0.0,0.0,0.33,154.91,0.0,0.0,150.6,0.9999253857184062,1.0,1280.9884937600025,1000.0,1279.5661937600025,1000.0,0.03990691583025067,0.0
11777,1684557480000.0,0.0,0.0,0.33,154.91,0.0,0.0,150.4,0.9999253857184062,1.0,1280.9884937600025,1000.0,1279.5001937600025,1000.0,0.03990691583025067,0.0
11778,1684561080000.0,0.0,0.0,0.33,154.91,0.0,0.0,150.5,0.9999253857184062,1.0,1280.9884937600025,1000.0,1279.5331937600024,1000.0,0.03990691583025067,0.0
11779,1684564680000.0,0.0,0.0,0.33,154.91,0.0,0.0,150.4,0.9999253857184062,1.0,1280.9884937600025,1000.0,1279.5001937600025,1000.0,0.03990691583025067,0.0
11780,1684568280000.0,0.0,0.0,0.33,154.91,0.0,0.0,150.45,0.9999253857184062,1.0,1280.9884937600025,1000.0,1279.5166937600025,1000.0,0.03990691583025067,0.0
11781,1684571880000.0,0.0,0.0,0.33,154.91,0.0,0.0,150.75,0.9999253857184062,1.0,1280.9884937600025,1000.0,1279.6156937600024,1000.0,0.03990691583025067,0.0
11782,1684575480000.0,0.0,0.0,0.33,154.91,0.0,0.0,150.15,0.9999253857184062,1.0,1280.9884937600025,1000.0,1279.4176937600025,1000.0,0.03990691583025067,0.0
11783,1684579080000.0,0.0,0.0,0.33,154.91,0.0,0.0,150.5,0.9999253857184062,1.0,1280.9884937600025,1000.0,1279.5331937600024,1000.0,0.03990691583025067,0.0
11784,1684582680000.0,0.0,0.0,0.33,154.91,0.0,0.0,150.3,0.9999253857184062,1.0,1280.9884937600025,1000.0,1279.4671937600026,1000.0,0.03990691583025067,0.0
11785,1684586280000.0,0.0,0.0,0.33,154.91,0.0,0.0,150.45,0.9999253857184062,1.0,1280.9884937600025,1000.0,1279.5166937600025,1000.0,0.03990691583025067,0.0
11786,1684589880000.0,0.0,0.0,0.33,154.91,0.0,0.0,150.45,0.9999253857184062,1.0,1280.9884937600025,1000.0,1279.5166937600025,1000.0,0.03990691583025067,0.0
11787,1684593480000.0,0.0,0.0,0.33,154.91,0.0,0.0,150.55,0.9999253857184062,1.0,1280.9884937600025,1000.0,1279.5496937600026,1000.0,0.03990691583025067,0.0
11788,1684597080000.0,0.0,0.0,0.33,154.91,0.0,0.0,151.1,0.9999253857184062,1.0,1280.9884937600025,1000.0,1279.7311937600025,1000.0,0.03990691583025067,0.0
11789,1684600680000.0,0.0,0.0,0.33,154.91,0.0,0.0,150.7,0.9999253857184062,1.0,1280.9884937600025,1000.0,1279.5991937600024,1000.0,0.03990691583025067,0.0
11790,1684604280000.0,0.0,0.0,0.33,154.91,0.0,0.0,151.2,0.9999253857184062,1.0,1280.9884937600025,1000.0,1279.7641937600024,1000.0,0.03990691583025067,0.0
11791,1684607880000.0,0.0,0.0,0.33,154.91,0.0,0.0,151.15,0.9999253857184062,1.0,1280.9884937600025,1000.0,1279.7476937600024,1000.0,0.03990691583025067,0.0
11792,1684611480000.0,0.0,0.0,0.33,154.91,0.0,0.0,150.1,0.9999253857184062,1.0,1280.9884937600025,1000.0,1279.4011937600026,1000.0,0.03990691583025067,0.0
11793,1684615080000.0,0.0,0.0,0.33,154.91,0.0,0.0,150.05,0.9999253857184062,1.0,1280.9884937600025,1000.0,1279.3846937600024,1000.0,0.03990691583025067,0.0
11794,1684618680000.0,0.0,0.0,0.33,154.91,0.0,0.0,150.4,0.9999253857184062,1.0,1280.9884937600025,1000.0,1279.5001937600025,1000.0,0.03990691583025067,0.0
11795,1684622280000.0,0.0,0.0,0.33,154.91,0.0,0.0,150.5,0.9999253857184062,1.0,1280.9884937600025,1000.0,1279.5331937600024,1000.0,0.03990691583025067,0.0
11796,1684625880000.0,0.0,0.0,0.33,154.91,0.0,0.0,150.3,0.9999253857184062,1.0,1280.9884937600025,1000.0,1279.4671937600026,1000.0,0.03990691583025067,0.0
11797,1684629480000.0,0.0,0.0,0.33,154.91,0.0,0.0,150.2,0.9999253857184062,1.0,1280.9884937600025,1000.0,1279.4341937600025,1000.0,0.03990691583025067,0.0
11798,1684633080000.0,0.0,0.0,0.33,154.91,0.0,0.0,150.55,0.9999253857184062,1.0,1280.9884937600025,1000.0,1279.5496937600026,1000.0,0.03990691583025067,0.0
11799,1684636680000.0,0.0,0.0,0.33,154.91,0.0,0.0,150.05,0.9999253857184062,1.0,1280.9884937600025,1000.0,1279.3846937600024,1000.0,0.03990691583025067,0.0
11800,1684640280000.0,0.0,0.0,0.33,154.91,0.0,0.0,150.35,0.9999253857184062,1.0,1280.9884937600025,1000.0,1279.4836937600026,1000.0,0.03990691583025067,0.0
11801,1684643880000.0,0.0,0.0,0.33,154.91,0.0,0.0,150.35,0.9999253857184062,1.0,1280.9884937600025,1000.0,1279.4836937600026,1000.0,0.03990691583025067,0.0
11802,1684647480000.0,0.0,0.0,0.33,154.91,0.0,0.0,150.3,0.9999253857184062,1.0,1280.9884937600025,1000.0,1279.4671937600026,1000.0,0.03990691583025067,0.0
11803,1684651080000.0,0.0,0.0,0.33,154.91,0.0,0.0,150.35,0.9999253857184062,1.0,1280.9884937600025,1000.0,1279.4836937600026,1000.0,0.03990691583025067,0.0
11804,1684654680000.0,0.0,0.0,0.33,154.91,0.0,0.0,150.45,0.9999253857184062,1.0,1280.9884937600025,1000.0,1279.5166937600025,1000.0,0.03990691583025067,0.0
11805,1684658280000.0,0.0,0.0,0.33,154.91,0.0,0.0,150.4,0.9999253857184062,1.0,1280.9884937600025,1000.0,1279.5001937600025,1000.0,0.03990691583025067,0.0
11806,1684661880000.0,0.0,0.0,0.33,154.91,0.0,0.0,150.35,0.9999253857184062,1.0,1280.9884937600025,1000.0,1279.4836937600026,1000.0,0.03990691583025067,0.0
11807,1684665480000.0,0.0,0.0,0.33,154.91,0.0,0.0,150.25,0.9999253857184062,1.0,1280.9884937600025,1000.0,1279.4506937600024,1000.0,0.03990691583025067,0.0
11808,1684669080000.0,0.0,0.0,0.33,154.91,0.0,0.0,150.25,0.9999253857184062,1.0,1280.9884937600025,1000.0,1279.4506937600024,1000.0,0.03990691583025067,0.0
11809,1684672680000.0,0.0,0.0,0.33,154.91,0.0,0.0,150.1,0.9999253857184062,1.0,1280.9884937600025,1000.0,1279.4011937600026,1000.0,0.03990691583025067,0.0
11810,1684676280000.0,0.0,0.0,0.33,154.91,0.0,0.0,150.2,0.9999253857184062,1.0,1280.9884937600025,1000.0,1279.4341937600025,1000.0,0.03990691583025067,0.0
11811,1684679880000.0,0.0,0.0,0.33,154.91,0.0,0.0,149.75,0.9999253857184062,1.0,1280.9884937600025,1000.0,1279.2856937600025,1000.0,0.03990691583025067,0.0
11812,1684683480000.0,0.0,0.0,0.33,154.91,0.0,0.0,149.9,0.9999253857184062,1.0,1280.9884937600025,1000.0,1279.3351937600025,1000.0,0.03990691583025067,0.0
11813,1684687080000.0,0.0,0.0,0.33,154.91,0.0,0.0,149.55,0.9999253857184062,1.0,1280.9884937600025,1000.0,1279.2196937600024,1000.0,0.03990691583025067,0.0
11814,1684690680000.0,0.0,0.0,0.33,154.91,0.0,0.0,149.6,0.9999253857184062,1.0,1280.9884937600025,1000.0,1279.2361937600024,1000.0,0.03990691583025067,0.0
11815,1684694280000.0,0.0,0.0,0.33,154.91,0.0,0.0,150.3,0.9999253857184062,1.0,1280.9884937600025,1000.0,1279.4671937600026,1000.0,0.03990691583025067,0.0
11816,1684697880000.0,0.0,0.0,0.33,154.91,0.0,0.0,150.25,0.9999253857184062,1.0,1280.9884937600025,1000.0,1279.4506937600024,1000.0,0.03990691583025067,0.0
11817,1684701480000.0,0.0,0.0,0.33,154.91,0.0,0.0,150.2,0.9999253857184062,1.0,1280.9884937600025,1000.0,1279.4341937600025,1000.0,0.03990691583025067,0.0
11818,1684705080000.0,0.0,0.0,0.33,154.91,0.0,0.0,149.55,0.9999253857184062,1.0,1280.9884937600025,1000.0,1279.2196937600024,1000.0,0.03990691583025067,0.0
11819,1684708680000.0,0.0,0.0,0.33,154.91,0.0,0.0,150.35,0.9999253857184062,1.0,1280.9884937600025,1000.0,1279.4836937600026,1000.0,0.03990691583025067,0.0
11820,1684712280000.0,0.0,0.0,0.33,154.91,0.0,0.0,150.1,0.9999253857184062,1.0,1280.9884937600025,1000.0,1279.4011937600026,1000.0,0.03990691583025067,0.0
11821,1684715880000.0,0.0,0.0,0.33,154.91,0.0,0.0,149.35,0.9999253857184062,1.0,1280.9884937600025,1000.0,1279.1536937600024,1000.0,0.03990691583025067,0.0
11822,1684719480000.0,0.0,0.0,0.33,154.91,0.0,0.0,149.9,0.9999253857184062,1.0,1280.9884937600025,1000.0,1279.3351937600025,1000.0,0.03990691583025067,0.0
11823,1684723080000.0,0.0,0.0,0.33,154.91,0.0,0.0,150.25,0.9999253857184062,1.0,1280.9884937600025,1000.0,1279.4506937600024,1000.0,0.03990691583025067,0.0
11824,1684726680000.0,0.0,0.0,0.33,154.91,0.0,0.0,149.7,0.9999253857184062,1.0,1280.9884937600025,1000.0,1279.2691937600025,1000.0,0.03990691583025067,0.0
11825,1684730280000.0,0.0,0.0,0.33,154.91,0.0,0.0,150.4,0.9999253857184062,1.0,1280.9884937600025,1000.0,1279.5001937600025,1000.0,0.03990691583025067,0.0
11826,1684733880000.0,0.0,0.0,0.33,154.91,0.0,0.0,150.3,0.9999253857184062,1.0,1280.9884937600025,1000.0,1279.4671937600026,1000.0,0.03990691583025067,0.0
11827,1684737480000.0,0.0,0.0,0.33,154.91,0.0,0.0,150.35,0.9999253857184062,1.0,1280.9884937600025,1000.0,1279.4836937600026,1000.0,0.03990691583025067,0.0
11828,1684741080000.0,0.0,0.0,0.33,154.91,0.0,0.0,150.65,0.9999253857184062,1.0,1280.9884937600025,1000.0,1279.5826937600025,1000.0,0.03990691583025067,0.0
11829,1684744680000.0,0.0,0.0,0.33,154.91,0.0,0.0,151.1,0.9999253857184062,1.0,1280.9884937600025,1000.0,1279.7311937600025,1000.0,0.03990691583025067,0.0
11830,1684748280000.0,0.0,0.0,0.33,154.91,0.0,0.0,152.3,0.9999253857184062,1.0,1280.9884937600025,1000.0,1280.1271937600025,1000.0,0.03990691583025067,0.0
11831,1684751880000.0,0.0,0.0,0.33,154.91,0.0,0.0,151.6,0.9999253857184062,1.0,1280.9884937600025,1000.0,1279.8961937600025,1000.0,0.03990691583025067,0.0
11832,1684755480000.0,0.0,0.0,0.33,154.91,0.0,0.0,151.3,0.9999253857184062,1.0,1280.9884937600025,1000.0,1279.7971937600025,1000.0,0.03990691583025067,0.0
11833,1684759080000.0,0.0,0.0,0.33,154.91,0.0,0.0,151.35,0.9999253857184062,1.0,1280.9884937600025,1000.0,1279.8136937600025,1000.0,0.03990691583025067,0.0
11834,1684762680000.0,0.0,0.0,0.33,154.91,0.0,0.0,151.35,0.9999253857184062,1.0,1280.9884937600025,1000.0,1279.8136937600025,1000.0,0.03990691583025067,0.0
11835,1684766280000.0,0.0,0.0,0.33,154.91,0.0,0.0,151.25,0.9999253857184062,1.0,1280.9884937600025,1000.0,1279.7806937600026,1000.0,0.03990691583025067,0.0
11836,1684769880000.0,0.0,0.0,0.33,154.91,0.0,0.0,151.2,0.9999253857184062,1.0,1280.9884937600025,1000.0,1279.7641937600024,1000.0,0.03990691583025067,0.0
11837,1684773480000.0,0.0,0.0,0.33,154.91,0.0,0.0,151.85,0.9999253857184062,1.0,1280.9884937600025,1000.0,1279.9786937600024,1000.0,0.03990691583025067,0.0
11838,1684777080000.0,0.0,0.0,0.33,154.91,0.0,0.0,152.15,0.9999253857184062,1.0,1280.9884937600025,1000.0,1280.0776937600024,1000.0,0.03990691583025067,0.0
11839,1684780680000.0,0.0,0.0,0.33,154.91,0.0,0.0,152.35,0.9999253857184062,1.0,1280.9884937600025,1000.0,1280.1436937600024,1000.0,0.03990691583025067,0.0
11840,1684784280000.0,0.0,0.0,0.33,154.91,0.0,0.0,152.15,0.9999253857184062,1.0,1280.9884937600025,1000.0,1280.0776937600024,1000.0,0.03990691583025067,0.0
11841,1684787880000.0,0.0,0.0,0.33,154.91,0.0,0.0,152.55,0.9999253857184062,1.0,1280.9884937600025,1000.0,1280.2096937600024,1000.0,0.03990691583025067,0.0
11842,1684791480000.0,0.0,0.0,0.33,154.91,0.0,0.0,152.2,0.9999253857184062,1.0,1280.9884937600025,1000.0,1280.0941937600026,1000.0,0.03990691583025067,0.0
11843,1684795080000.0,0.0,0.0,0.33,154.91,0.0,0.0,151.5,0.9999253857184062,1.0,1280.9884937600025,1000.0,1279.8631937600026,1000.0,0.03990691583025067,0.0
11844,1684798680000.0,0.0,0.0,0.33,154.91,0.0,0.0,151.3,0.9999253857184062,1.0,1280.9884937600025,1000.0,1279.7971937600025,1000.0,0.03990691583025067,0.0
11845,1684802280000.0,0.0,0.0,0.33,154.91,0.0,0.0,152.05,0.9999253857184062,1.0,1280.9884937600025,1000.0,1280.0446937600025,1000.0,0.03990691583025067,0.0
11846,1684805880000.0,0.0,0.0,0.33,154.91,0.0,0.0,151.8,0.9999253857184062,1.0,1280.9884937600025,1000.0,1279.9621937600025,1000.0,0.03990691583025067,0.0
11847,1684809480000.0,0.0,0.0,0.33,154.91,0.0,0.0,152.1,0.9999253857184062,1.0,1280.9884937600025,1000.0,1280.0611937600024,1000.0,0.03990691583025067,0.0
11848,1684813080000.0,0.0,0.0,0.33,154.91,0.0,0.0,152.3,0.9999253857184062,1.0,1280.9884937600025,1000.0,1280.1271937600025,1000.0,0.03990691583025067,0.0
11849,1684816680000.0,0.0,0.0,0.33,154.91,0.0,0.0,152.4,0.9999253857184062,1.0,1280.9884937600025,1000.0,1280.1601937600026,1000.0,0.03990691583025067,0.0
11850,1684820280000.0,0.0,0.0,0.33,154.91,0.0,0.0,152.6,0.9999253857184062,1.0,1280.9884937600025,1000.0,1280.2261937600024,1000.0,0.03990691583025067,0.0
11851,1684823880000.0,0.0,0.0,0.33,154.91,0.0,0.0,152.5,0.9999253857184062,1.0,1280.9884937600025,1000.0,1280.1931937600025,1000.0,0.03990691583025067,0.0
11852,1684827480000.0,0.0,0.0,0.33,154.91,0.0,0.0,152.25,0.9999253857184062,1.0,1280.9884937600025,1000.0,1280.1106937600025,1000.0,0.03990691583025067,0.0
11853,1684831080000.0,0.0,0.0,0.33,154.91,0.0,0.0,152.25,0.9999253857184062,1.0,1280.9884937600025,1000.0,1280.1106937600025,1000.0,0.03990691583025067,0.0
11854,1684834680000.0,0.0,0.0,0.33,154.91,0.0,0.0,152.0,0.9999253857184062,1.0,1280.9884937600025,1000.0,1280.0281937600025,1000.0,0.03990691583025067,0.0
11855,1684838280000.0,0.0,0.0,0.33,154.91,0.0,0.0,151.9,0.9999253857184062,1.0,1280.9884937600025,1000.0,1279.9951937600024,1000.0,0.03990691583025067,0.0
11856,1684841880000.0,0.0,0.0,0.33,154.91,0.0,0.0,152.05,0.9999253857184062,1.0,1280.9884937600025,1000.0,1280.0446937600025,1000.0,0.03990691583025067,0.0
11857,1684845480000.0,0.0,0.0,0.33,154.91,0.0,0.0,151.75,0.9999253857184062,1.0,1280.9884937600025,1000.0,1279.9456937600025,1000.0,0.03990691583025067,0.0
11858,1684849080000.0,0.0,0.0,0.33,154.91,0.0,0.0,151.05,0.9999253857184062,1.0,1280.9884937600025,1000.0,1279.7146937600025,1000.0,0.03990691583025067,0.0
11859,1684852680000.0,0.0,0.0,0.33,154.91,0.0,0.0,151.6,0.9999253857184062,1.0,1280.9884937600025,1000.0,1279.8961937600025,1000.0,0.03990691583025067,0.0
11860,1684856280000.0,0.0,0.0,0.33,154.91,0.0,0.0,151.5,0.9999253857184062,1.0,1280.9884937600025,1000.0,1279.8631937600026,1000.0,0.03990691583025067,0.0
11861,1684859880000.0,0.0,0.0,0.33,154.91,0.0,0.0,151.7,0.9999253857184062,1.0,1280.9884937600025,1000.0,1279.9291937600026,1000.0,0.03990691583025067,0.0
11862,1684863480000.0,0.0,0.0,0.33,154.91,0.0,0.0,151.45,0.9999253857184062,1.0,1280.9884937600025,1000.0,1279.8466937600024,1000.0,0.03990691583025067,0.0
11863,1684867080000.0,0.0,0.0,0.33,154.91,0.0,0.0,151.2,0.9999253857184062,1.0,1280.9884937600025,1000.0,1279.7641937600024,1000.0,0.03990691583025067,0.0
11864,1684870680000.0,0.0,0.0,0.33,154.91,0.0,0.0,152.0,0.9999253857184062,1.0,1280.9884937600025,1000.0,1280.0281937600025,1000.0,0.03990691583025067,0.0
11865,1684874280000.0,0.0,0.0,0.33,154.91,0.0,0.0,151.55,0.9999253857184062,1.0,1280.9884937600025,1000.0,1279.8796937600025,1000.0,0.03990691583025067,0.0
11866,1684877880000.0,0.0,0.0,0.33,154.91,0.0,0.0,151.1,0.9999253857184062,1.0,1280.9884937600025,1000.0,1279.7311937600025,1000.0,0.03990691583025067,0.0
11867,1684881480000.0,0.0,0.0,0.33,154.91,0.0,0.0,151.15,0.9999253857184062,1.0,1280.9884937600025,1000.0,1279.7476937600024,1000.0,0.03990691583025067,0.0
11868,1684885080000.0,0.0,0.0,0.33,154.91,0.0,0.0,151.45,0.9999253857184062,1.0,1280.9884937600025,1000.0,1279.8466937600024,1000.0,0.03990691583025067,0.0
11869,1684888680000.0,0.0,0.0,0.33,154.91,0.0,0.0,151.75,0.9999253857184062,1.0,1280.9884937600025,1000.0,1279.9456937600025,1000.0,0.03990691583025067,0.0
11870,1684892280000.0,0.0,0.0,0.33,154.91,0.0,0.0,151.1,0.9999253857184062,1.0,1280.9884937600025,1000.0,1279.7311937600025,1000.0,0.03990691583025067,0.0
11871,1684895880000.0,0.0,0.0,0.33,154.91,0.0,0.0,151.15,0.9999253857184062,1.0,1280.9884937600025,1000.0,1279.7476937600024,1000.0,0.03990691583025067,0.0
11872,1684899480000.0,0.0,0.0,0.33,154.91,0.0,0.0,149.2,0.9999253857184062,1.0,1280.9884937600025,1000.0,1279.1041937600025,1000.0,0.03990691583025067,0.0
11873,1684903080000.0,0.0,0.0,0.33,154.91,0.0,0.0,149.95,0.9999253857184062,1.0,1280.9884937600025,1000.0,1279.3516937600025,1000.0,0.03990691583025067,0.0
11874,1684906680000.0,0.0,0.0,0.33,154.91,0.0,0.0,150.05,0.9999253857184062,1.0,1280.9884937600025,1000.0,1279.3846937600024,1000.0,0.03990691583025067,0.0
11875,1684910280000.0,0.0,0.0,0.33,154.91,0.0,0.0,149.85,0.9999253857184062,1.0,1280.9884937600025,1000.0,1279.3186937600026,1000.0,0.03990691583025067,0.0
11876,1684913880000.0,0.0,0.0,0.33,154.91,0.0,0.0,149.85,0.9999253857184062,1.0,1280.9884937600025,1000.0,1279.3186937600026,1000.0,0.03990691583025067,0.0
11877,1684917480000.0,0.0,0.0,0.33,154.91,0.0,0.0,149.95,0.9999253857184062,1.0,1280.9884937600025,1000.0,1279.3516937600025,1000.0,0.03990691583025067,0.0
11878,1684921080000.0,0.0,0.0,0.33,154.91,0.0,0.0,150.4,0.9999253857184062,1.0,1280.9884937600025,1000.0,1279.5001937600025,1000.0,0.03990691583025067,0.0
11879,1684924680000.0,0.0,0.0,0.33,154.91,0.0,0.0,150.45,0.9999253857184062,1.0,1280.9884937600025,1000.0,1279.5166937600025,1000.0,0.03990691583025067,0.0
11880,1684928280000.0,0.0,0.0,0.33,154.91,0.0,0.0,150.05,0.9999253857184062,1.0,1280.9884937600025,1000.0,1279.3846937600024,1000.0,0.03990691583025067,0.0
11881,1684931880000.0,0.0,0.0,0.33,154.91,0.0,0.0,150.4,0.9999253857184062,1.0,1280.9884937600025,1000.0,1279.5001937600025,1000.0,0.03990691583025067,0.0
11882,1684935480000.0,0.0,0.0,0.33,154.91,0.0,0.0,150.4,0.9999253857184062,1.0,1280.9884937600025,1000.0,1279.5001937600025,1000.0,0.03990691583025067,0.0
11883,1684939080000.0,0.0,0.0,0.33,154.91,0.0,0.0,149.65,0.9999253857184062,1.0,1280.9884937600025,1000.0,1279.2526937600026,1000.0,0.03990691583025067,0.0
11884,1684942680000.0,0.0,0.0,0.33,154.91,0.0,0.0,149.35,0.9999253857184062,1.0,1280.9884937600025,1000.0,1279.1536937600024,1000.0,0.03990691583025067,0.0
11885,1684946280000.0,0.0,0.0,0.68,151.5901470588235,0.0,0.0,148.35,0.9999253857184062,1.0,1280.9781015600024,1000.0,1278.7748015600025,1000.0,0.08047077453897564,0.0
11886,1684949880000.0,0.0,0.0,0.68,151.5901470588235,0.0,0.0,149.55,0.9999253857184062,1.0,1280.9781015600024,1000.0,1279.5908015600025,1000.0,0.08047077453897564,0.0
11887,1684953480000.0,0.0,0.0,0.68,151.5901470588235,0.0,0.0,148.95,0.9999253857184062,1.0,1280.9781015600024,1000.0,1279.1828015600024,1000.0,0.08047077453897564,0.0
11888,1684957080000.0,0.0,0.0,0.68,151.5901470588235,0.0,0.0,149.4,0.9999253857184062,1.0,1280.9781015600024,1000.0,1279.4888015600025,1000.0,0.08047077453897564,0.0
11889,1684960680000.0,0.0,0.0,0.68,151.5901470588235,0.0,0.0,149.85,0.9999253857184062,1.0,1280.9781015600024,1000.0,1279.7948015600025,1000.0,0.08047077453897564,0.0
11890,1684964280000.0,0.0,0.0,0.68,151.5901470588235,0.0,0.0,150.4,0.9999253857184062,1.0,1280.9781015600024,1000.0,1280.1688015600025,1000.0,0.08047077453897564,0.0
11891,1684967880000.0,0.0,0.0,0.68,151.5901470588235,0.0,0.0,150.2,0.9999253857184062,1.0,1280.9781015600024,1000.0,1280.0328015600023,1000.0,0.08047077453897564,0.0
11892,1684971480000.0,0.0,0.0,0.68,151.5901470588235,0.0,0.0,150.15,0.9999253857184062,1.0,1280.9781015600024,1000.0,1279.9988015600024,1000.0,0.08047077453897564,0.0
11893,1684975080000.0,0.0,0.0,0.68,151.5901470588235,0.0,0.0,150.2,0.9999253857184062,1.0,1280.9781015600024,1000.0,1280.0328015600023,1000.0,0.08047077453897564,0.0
11894,1684978680000.0,0.0,0.0,0.68,151.5901470588235,0.0,0.0,150.1,0.9999253857184062,1.0,1280.9781015600024,1000.0,1279.9648015600023,1000.0,0.08047077453897564,0.0
11895,1684982280000.0,0.0,0.0,0.68,151.5901470588235,0.0,0.0,150.75,0.9999253857184062,1.0,1280.9781015600024,1000.0,1280.4068015600024,1000.0,0.08047077453897564,0.0
11896,1684985880000.0,0.0,0.0,0.68,151.5901470588235,0.0,0.0,150.75,0.9999253857184062,1.0,1280.9781015600024,1000.0,1280.4068015600024,1000.0,0.08047077453897564,0.0
11897,1684989480000.0,0.0,0.0,0.68,151.5901470588235,0.0,0.0,151.0,0.9999253857184062,1.0,1280.9781015600024,1000.0,1280.5768015600024,1000.0,0.08047077453897564,0.0
11898,1684993080000.0,0.0,0.0,0.68,151.5901470588235,0.0,0.0,151.35,0.9999253857184062,1.0,1280.9781015600024,1000.0,1280.8148015600025,1000.0,0.08047077453897564,0.0
11899,1684996680000.0,0.0,0.0,0.68,151.5901470588235,0.0,0.0,151.45,0.9999253857184062,1.0,1280.9781015600024,1000.0,1280.8828015600025,1000.0,0.08047077453897564,0.0
11900,1685000280000.0,0.0,0.0,0.68,151.5901470588235,0.0,0.0,150.9,0.9999253857184062,1.0,1280.9781015600024,1000.0,1280.5088015600024,1000.0,0.08047077453897564,0.0
11901,1685003880000.0,0.0,0.0,0.68,151.5901470588235,0.0,0.0,151.05,0.9999253857184062,1.0,1280.9781015600024,1000.0,1280.6108015600025,1000.0,0.08047077453897564,0.0
11902,1685007480000.0,0.0,0.0,0.68,151.5901470588235,0.0,0.0,150.5,0.9999253857184062,1.0,1280.9781015600024,1000.0,1280.2368015600025,1000.0,0.08047077453897564,0.0
11903,1685011080000.0,0.0,0.0,0.68,151.5901470588235,0.0,0.0,150.2,0.9999253857184062,1.0,1280.9781015600024,1000.0,1280.0328015600023,1000.0,0.08047077453897564,0.0
11904,1685014680000.0,0.0,0.0,0.68,151.5901470588235,0.0,0.0,150.35,0.9999253857184062,1.0,1280.9781015600024,1000.0,1280.1348015600024,1000.0,0.08047077453897564,0.0
11905,1685018280000.0,0.0,0.0,0.68,151.5901470588235,0.0,0.0,150.5,0.9999253857184062,1.0,1280.9781015600024,1000.0,1280.2368015600025,1000.0,0.08047077453897564,0.0
11906,1685021880000.0,0.0,0.0,0.68,151.5901470588235,0.0,0.0,150.05,0.9999253857184062,1.0,1280.9781015600024,1000.0,1279.9308015600025,1000.0,0.08047077453897564,0.0
11907,1685025480000.0,0.0,0.0,0.68,151.5901470588235,0.0,0.0,150.55,0.9999253857184062,1.0,1280.9781015600024,1000.0,1280.2708015600024,1000.0,0.08047077453897564,0.0
11908,1685029080000.0,0.0,0.0,0.68,151.5901470588235,0.0,0.0,151.5,0.9999253857184062,1.0,1280.9781015600024,1000.0,1280.9168015600023,1000.0,0.08047077453897564,0.0
11909,1685032680000.0,0.0,0.0,0.68,151.5901470588235,0.0,0.0,150.6,0.9999253857184062,1.0,1280.9781015600024,1000.0,1280.3048015600025,1000.0,0.08047077453897564,0.0
11910,1685036280000.0,0.0,0.0,0.68,151.5901470588235,0.0,0.0,150.45,0.9999253857184062,1.0,1280.9781015600024,1000.0,1280.2028015600024,1000.0,0.08047077453897564,0.0
11911,1685039880000.0,0.0,0.0,0.68,151.5901470588235,0.0,0.0,150.1,0.9999253857184062,1.0,1280.9781015600024,1000.0,1279.9648015600023,1000.0,0.08047077453897564,0.0
11912,1685043480000.0,0.0,0.0,0.68,151.5901470588235,0.0,0.0,150.35,0.9999253857184062,1.0,1280.9781015600024,1000.0,1280.1348015600024,1000.0,0.08047077453897564,0.0
11913,1685047080000.0,0.0,0.0,0.68,151.5901470588235,0.0,0.0,151.1,0.9999253857184062,1.0,1280.9781015600024,1000.0,1280.6448015600024,1000.0,0.08047077453897564,0.0
11914,1685050680000.0,0.0,0.0,0.68,151.5901470588235,0.0,0.0,151.3,0.9999253857184062,1.0,1280.9781015600024,1000.0,1280.7808015600024,1000.0,0.08047077453897564,0.0
11915,1685054280000.0,0.0,0.0,0.68,151.5901470588235,0.0,0.0,151.4,0.9999253857184062,1.0,1280.9781015600024,1000.0,1280.8488015600024,1000.0,0.08047077453897564,0.0
11916,1685057880000.0,0.0,0.0,0.68,151.5901470588235,0.0,0.0,151.15,0.9999253857184062,1.0,1280.9781015600024,1000.0,1280.6788015600025,1000.0,0.08047077453897564,0.0
11917,1685061480000.0,0.0,0.0,0.68,151.5901470588235,0.0,0.0,151.25,0.9999253857184062,1.0,1280.9781015600024,1000.0,1280.7468015600025,1000.0,0.08047077453897564,0.0
11918,1685065080000.0,0.0,0.0,0.68,151.5901470588235,0.0,0.0,150.85,0.9999253857184062,1.0,1280.9781015600024,1000.0,1280.4748015600023,1000.0,0.08047077453897564,0.0
11919,1685068680000.0,0.0,0.0,0.68,151.5901470588235,0.0,0.0,151.0,0.9999253857184062,1.0,1280.9781015600024,1000.0,1280.5768015600024,1000.0,0.08047077453897564,0.0
11920,1685072280000.0,0.0,0.0,0.68,151.5901470588235,0.0,0.0,150.85,0.9999253857184062,1.0,1280.9781015600024,1000.0,1280.4748015600023,1000.0,0.08047077453897564,0.0
11921,1685075880000.0,0.0,0.0,0.68,151.5901470588235,0.0,0.0,150.6,0.9999253857184062,1.0,1280.9781015600024,1000.0,1280.3048015600025,1000.0,0.08047077453897564,0.0
11922,1685079480000.0,0.0,0.0,0.68,151.5901470588235,0.0,0.0,150.5,0.9999253857184062,1.0,1280.9781015600024,1000.0,1280.2368015600025,1000.0,0.08047077453897564,0.0
11923,1685083080000.0,0.0,0.0,0.68,151.5901470588235,0.0,0.0,150.6,0.9999253857184062,1.0,1280.9781015600024,1000.0,1280.3048015600025,1000.0,0.08047077453897564,0.0
11924,1685086680000.0,0.0,0.0,0.68,151.5901470588235,0.0,0.0,151.2,0.9999253857184062,1.0,1280.9781015600024,1000.0,1280.7128015600024,1000.0,0.08047077453897564,0.0
11925,1685090280000.0,0.0,0.0,0.68,151.5901470588235,0.0,0.0,151.3,0.9999253857184062,1.0,1280.9781015600024,1000.0,1280.7808015600024,1000.0,0.08047077453897564,0.0
11926,1685093880000.0,0.0,0.0,0.68,151.5901470588235,0.0,0.0,151.6,0.9999253857184062,1.0,1280.9781015600024,1000.0,1280.9848015600023,1000.0,0.08047077453897564,0.0
11927,1685097480000.0,0.0,0.0,0.68,151.5901470588235,0.0,0.0,151.6,0.9999253857184062,1.0,1280.9781015600024,1000.0,1280.9848015600023,1000.0,0.08047077453897564,0.0
11928,1685101080000.0,0.0,0.0,0.68,151.5901470588235,0.0,0.0,151.4,0.9999253857184062,1.0,1280.9781015600024,1000.0,1280.8488015600024,1000.0,0.08047077453897564,0.0
11929,1685104680000.0,0.0,0.0,0.68,151.5901470588235,0.0,0.0,150.7,0.9999253857184062,1.0,1280.9781015600024,1000.0,1280.3728015600025,1000.0,0.08047077453897564,0.0
11930,1685108280000.0,0.0,0.0,0.68,151.5901470588235,0.0,0.0,150.8,0.9999253857184062,1.0,1280.9781015600024,1000.0,1280.4408015600025,1000.0,0.08047077453897564,0.0
11931,1685111880000.0,0.0,0.0,0.68,151.5901470588235,0.0,0.0,151.3,0.9999253857184062,1.0,1280.9781015600024,1000.0,1280.7808015600024,1000.0,0.08047077453897564,0.0
11932,1685115480000.0,0.0,0.0,0.68,151.5901470588235,0.0,0.0,151.4,0.9999253857184062,1.0,1280.9781015600024,1000.0,1280.8488015600024,1000.0,0.08047077453897564,0.0
11933,1685119080000.0,0.0,0.0,0.68,151.5901470588235,0.0,0.0,151.4,0.9999253857184062,1.0,1280.9781015600024,1000.0,1280.8488015600024,1000.0,0.08047077453897564,0.0
11934,1685122680000.0,0.0,0.0,0.68,151.5901470588235,0.0,0.0,151.15,0.9999253857184062,1.0,1280.9781015600024,1000.0,1280.6788015600025,1000.0,0.08047077453897564,0.0
11935,1685126280000.0,0.0,0.0,0.68,151.5901470588235,0.0,0.0,151.4,0.9999253857184062,1.0,1280.9781015600024,1000.0,1280.8488015600024,1000.0,0.08047077453897564,0.0
11936,1685129880000.0,0.0,0.0,0.68,151.5901470588235,0.0,0.0,151.3,0.9999253857184062,1.0,1280.9781015600024,1000.0,1280.7808015600024,1000.0,0.08047077453897564,0.0
11937,1685133480000.0,0.0,0.0,0.68,151.5901470588235,0.0,0.0,151.0,0.9999253857184062,1.0,1280.9781015600024,1000.0,1280.5768015600024,1000.0,0.08047077453897564,0.0
11938,1685137080000.0,0.0,0.0,0.68,151.5901470588235,0.0,0.0,150.95,0.9999253857184062,1.0,1280.9781015600024,1000.0,1280.5428015600023,1000.0,0.08047077453897564,0.0
11939,1685140680000.0,0.0,0.0,0.68,151.5901470588235,0.0,0.0,150.7,0.9999253857184062,1.0,1280.9781015600024,1000.0,1280.3728015600025,1000.0,0.08047077453897564,0.0
11940,1685144280000.0,0.0,0.0,0.68,151.5901470588235,0.0,0.0,150.45,0.9999253857184062,1.0,1280.9781015600024,1000.0,1280.2028015600024,1000.0,0.08047077453897564,0.0
11941,1685147880000.0,0.0,0.0,0.68,151.5901470588235,0.0,0.0,150.35,0.9999253857184062,1.0,1280.9781015600024,1000.0,1280.1348015600024,1000.0,0.08047077453897564,0.0
11942,1685151480000.0,0.0,0.0,0.68,151.5901470588235,0.0,0.0,150.7,0.9999253857184062,1.0,1280.9781015600024,1000.0,1280.3728015600025,1000.0,0.08047077453897564,0.0
11943,1685155080000.0,0.0,0.0,0.68,151.5901470588235,0.0,0.0,150.6,0.9999253857184062,1.0,1280.9781015600024,1000.0,1280.3048015600025,1000.0,0.08047077453897564,0.0
11944,1685158680000.0,0.0,0.0,0.68,151.5901470588235,0.0,0.0,151.0,0.9999253857184062,1.0,1280.9781015600024,1000.0,1280.5768015600024,1000.0,0.08047077453897564,0.0
11945,1685162280000.0,0.0,0.0,0.68,151.5901470588235,0.0,0.0,151.1,0.9999253857184062,1.0,1280.9781015600024,1000.0,1280.6448015600024,1000.0,0.08047077453897564,0.0
11946,1685165880000.0,0.0,0.0,0.68,151.5901470588235,0.0,0.0,151.2,0.9999253857184062,1.0,1280.9781015600024,1000.0,1280.7128015600024,1000.0,0.08047077453897564,0.0
11947,1685169480000.0,0.0,0.0,0.68,151.5901470588235,0.0,0.0,151.2,0.9999253857184062,1.0,1280.9781015600024,1000.0,1280.7128015600024,1000.0,0.08047077453897564,0.0
11948,1685173080000.0,0.0,0.0,0.68,151.5901470588235,0.0,0.0,151.2,0.9999253857184062,1.0,1280.9781015600024,1000.0,1280.7128015600024,1000.0,0.08047077453897564,0.0
11949,1685176680000.0,0.0,0.0,0.68,151.5901470588235,0.0,0.0,150.8,0.9999253857184062,1.0,1280.9781015600024,1000.0,1280.4408015600025,1000.0,0.08047077453897564,0.0
11950,1685180280000.0,0.0,0.0,0.68,151.5901470588235,0.0,0.0,150.8,0.9999253857184062,1.0,1280.9781015600024,1000.0,1280.4408015600025,1000.0,0.08047077453897564,0.0
11951,1685183880000.0,0.0,0.0,0.68,151.5901470588235,0.0,0.0,150.9,0.9999253857184062,1.0,1280.9781015600024,1000.0,1280.5088015600024,1000.0,0.08047077453897564,0.0
11952,1685187480000.0,0.0,0.0,0.68,151.5901470588235,0.0,0.0,150.95,0.9999253857184062,1.0,1280.9781015600024,1000.0,1280.5428015600023,1000.0,0.08047077453897564,0.0
11953,1685191080000.0,0.0,0.0,0.68,151.5901470588235,0.0,0.0,151.25,0.9999253857184062,1.0,1280.9781015600024,1000.0,1280.7468015600025,1000.0,0.08047077453897564,0.0
11954,1685194680000.0,0.0,0.0,0.68,151.5901470588235,0.0,0.0,150.95,0.9999253857184062,1.0,1280.9781015600024,1000.0,1280.5428015600023,1000.0,0.08047077453897564,0.0
11955,1685198280000.0,0.0,0.0,0.68,151.5901470588235,0.0,0.0,150.75,0.9999253857184062,1.0,1280.9781015600024,1000.0,1280.4068015600024,1000.0,0.08047077453897564,0.0
11956,1685201880000.0,0.0,0.0,0.68,151.5901470588235,0.0,0.0,150.95,0.9999253857184062,1.0,1280.9781015600024,1000.0,1280.5428015600023,1000.0,0.08047077453897564,0.0
11957,1685205480000.0,0.0,0.0,0.68,151.5901470588235,0.0,0.0,150.6,0.9999253857184062,1.0,1280.9781015600024,1000.0,1280.3048015600025,1000.0,0.08047077453897564,0.0
11958,1685209080000.0,0.0,0.0,0.68,151.5901470588235,0.0,0.0,150.7,0.9999253857184062,1.0,1280.9781015600024,1000.0,1280.3728015600025,1000.0,0.08047077453897564,0.0
11959,1685212680000.0,0.0,0.0,0.68,151.5901470588235,0.0,0.0,150.9,0.9999253857184062,1.0,1280.9781015600024,1000.0,1280.5088015600024,1000.0,0.08047077453897564,0.0
11960,1685216280000.0,0.0,0.0,0.68,151.5901470588235,0.0,0.0,150.5,0.9999253857184062,1.0,1280.9781015600024,1000.0,1280.2368015600025,1000.0,0.08047077453897564,0.0
11961,1685219880000.0,0.0,0.0,0.68,151.5901470588235,0.0,0.0,150.9,0.9999253857184062,1.0,1280.9781015600024,1000.0,1280.5088015600024,1000.0,0.08047077453897564,0.0
11962,1685223480000.0,0.0,0.0,0.68,151.5901470588235,0.0,0.0,150.85,0.9999253857184062,1.0,1280.9781015600024,1000.0,1280.4748015600023,1000.0,0.08047077453897564,0.0
11963,1685227080000.0,0.0,0.0,0.68,151.5901470588235,0.0,0.0,151.25,0.9999253857184062,1.0,1280.9781015600024,1000.0,1280.7468015600025,1000.0,0.08047077453897564,0.0
11964,1685230680000.0,0.0,0.0,0.68,151.5901470588235,0.0,0.0,151.25,0.9999253857184062,1.0,1280.9781015600024,1000.0,1280.7468015600025,1000.0,0.08047077453897564,0.0
11965,1685234280000.0,0.0,0.0,0.68,151.5901470588235,0.0,0.0,151.35,0.9999253857184062,1.0,1280.9781015600024,1000.0,1280.8148015600025,1000.0,0.08047077453897564,0.0
11966,1685237880000.0,0.0,0.0,0.68,151.5901470588235,0.0,0.0,151.8,0.9999253857184062,1.0,1280.9781015600024,1000.0,1281.1208015600025,1000.0,0.08047077453897564,0.0
11967,1685241480000.0,0.0,0.0,0.68,151.5901470588235,0.0,0.0,152.2,0.9999253857184062,1.0,1280.9781015600024,1000.0,1281.3928015600025,1000.0,0.08047077453897564,0.0
11968,1685245080000.0,0.0,0.0,0.68,151.5901470588235,0.0,0.0,151.85,0.9999253857184062,1.0,1280.9781015600024,1000.0,1281.1548015600024,1000.0,0.08047077453897564,0.0
11969,1685248680000.0,0.0,0.0,0.68,151.5901470588235,0.0,0.0,151.5,0.9999253857184062,1.0,1280.9781015600024,1000.0,1280.9168015600023,1000.0,0.08047077453897564,0.0
11970,1685252280000.0,0.0,0.0,0.68,151.5901470588235,0.0,0.0,151.75,0.9999253857184062,1.0,1280.9781015600024,1000.0,1281.0868015600024,1000.0,0.08047077453897564,0.0
11971,1685255880000.0,0.0,0.0,0.68,151.5901470588235,0.0,0.0,152.2,0.9999253857184062,1.0,1280.9781015600024,1000.0,1281.3928015600025,1000.0,0.08047077453897564,0.0
11972,1685259480000.0,0.0,0.0,0.68,151.5901470588235,0.0,0.0,151.85,0.9999253857184062,1.0,1280.9781015600024,1000.0,1281.1548015600024,1000.0,0.08047077453897564,0.0
11973,1685263080000.0,0.0,0.0,0.68,151.5901470588235,0.0,0.0,152.8,0.9999253857184062,1.0,1280.9781015600024,1000.0,1281.8008015600024,1000.0,0.08047077453897564,0.0
11974,1685266680000.0,0.0,0.0,0.68,151.5901470588235,0.0,0.0,153.25,0.9999253857184062,1.0,1280.9781015600024,1000.0,1282.1068015600024,1000.0,0.08047077453897564,0.0
11975,1685270280000.0,0.0,0.0,0.68,151.5901470588235,0.0,0.0,153.9,0.9999253857184062,1.0,1280.9781015600024,1000.0,1282.5488015600024,1000.0,0.08047077453897564,0.0
11976,1685273880000.0,0.0,0.0,0.68,151.5901470588235,0.0,0.0,153.8,0.9999253857184062,1.0,1280.9781015600024,1000.0,1282.4808015600024,1000.0,0.08047077453897564,0.0
11977,1685277480000.0,0.0,0.0,0.68,151.5901470588235,0.0,0.0,153.65,0.9999253857184062,1.0,1280.9781015600024,1000.0,1282.3788015600023,1000.0,0.08047077453897564,0.0
11978,1685281080000.0,0.0,0.0,0.68,151.5901470588235,0.0,0.0,153.75,0.9999253857184062,1.0,1280.9781015600024,1000.0,1282.4468015600025,1000.0,0.08047077453897564,0.0
11979,1685284680000.0,0.0,0.0,0.68,151.5901470588235,0.0,0.0,153.15,0.9999253857184062,1.0,1280.9781015600024,1000.0,1282.0388015600024,1000.0,0.08047077453897564,0.0
11980,1685288280000.0,0.0,0.0,0.68,151.5901470588235,0.0,0.0,153.9,0.9999253857184062,1.0,1280.9781015600024,1000.0,1282.5488015600024,1000.0,0.08047077453897564,0.0
11981,1685291880000.0,0.0,0.0,0.68,151.5901470588235,0.0,0.0,154.05,0.9999253857184062,1.0,1280.9781015600024,1000.0,1282.6508015600025,1000.0,0.08047077453897564,0.0
11982,1685295480000.0,0.0,0.0,0.68,151.5901470588235,0.0,0.0,154.3,0.9999253857184062,1.0,1280.9781015600024,1000.0,1282.8208015600023,1000.0,0.08047077453897564,0.0
11983,1685299080000.0,0.0,0.0,0.68,151.5901470588235,0.0,0.0,154.75,0.9999253857184062,1.0,1280.9781015600024,1000.0,1283.1268015600024,1000.0,0.08047077453897564,0.0
11984,1685302680000.0,0.0,0.0,0.68,151.5901470588235,0.0,0.0,155.2,0.9999253857184062,1.0,1280.9781015600024,1000.0,1283.4328015600024,1000.0,0.08047077453897564,0.0
11985,1685306280000.0,0.0,0.0,0.68,151.5901470588235,0.0,0.0,155.75,0.9999253857184062,1.0,1280.9781015600024,1000.0,1283.8068015600024,1000.0,0.08047077453897564,0.0
11986,1685309880000.0,0.0,0.0,0.68,151.5901470588235,0.0,0.0,155.65,0.9999253857184062,1.0,1280.9781015600024,1000.0,1283.7388015600025,1000.0,0.08047077453897564,0.0
11987,1685313480000.0,0.0,0.0,0.31,151.5901470588235,0.0,0.0,156.1,0.9999253857184062,1.0,1282.6499927882378,1000.0,1284.0480472000024,1000.0,0.03663738810467034,0.0
11988,1685317080000.0,0.0,0.0,0.21,151.5901470588235,0.0,0.0,155.3,0.9999253857184062,1.0,1283.1018552823555,1000.0,1283.8809244000026,1000.0,0.02481013549415191,0.0
11989,1685320680000.0,0.0,0.0,0.21,151.5901470588235,0.0,0.0,155.45,0.9999253857184062,1.0,1283.1018552823555,1000.0,1283.9124244000025,1000.0,0.02481013549415191,0.0
11990,1685324280000.0,0.0,0.0,0.21,151.5901470588235,0.0,0.0,155.4,0.9999253857184062,1.0,1283.1018552823555,1000.0,1283.9019244000026,1000.0,0.02481013549415191,0.0
11991,1685327880000.0,0.0,0.0,0.21,151.5901470588235,0.0,0.0,155.2,0.9999253857184062,1.0,1283.1018552823555,1000.0,1283.8599244000025,1000.0,0.02481013549415191,0.0
11992,1685331480000.0,0.0,0.0,0.21,151.5901470588235,0.0,0.0,155.45,0.9999253857184062,1.0,1283.1018552823555,1000.0,1283.9124244000025,1000.0,0.02481013549415191,0.0
11993,1685335080000.0,0.0,0.0,0.21,151.5901470588235,0.0,0.0,155.5,0.9999253857184062,1.0,1283.1018552823555,1000.0,1283.9229244000026,1000.0,0.02481013549415191,0.0
11994,1685338680000.0,0.0,0.0,0.14,151.5901470588235,0.0,0.0,156.05,0.9999253857184062,1.0,1283.4181590282378,1000.0,1284.0425384400025,1000.0,0.01653601395534591,0.0
11995,1685342280000.0,0.0,0.0,0.14,151.5901470588235,0.0,0.0,155.45,0.9999253857184062,1.0,1283.4181590282378,1000.0,1283.9585384400025,1000.0,0.01653601395534591,0.0
11996,1685345880000.0,0.0,0.0,0.14,151.5901470588235,0.0,0.0,154.7,0.9999253857184062,1.0,1283.4181590282378,1000.0,1283.8535384400025,1000.0,0.01653601395534591,0.0
11997,1685349480000.0,0.0,0.0,0.14,151.5901470588235,0.0,0.0,155.1,0.9999253857184062,1.0,1283.4181590282378,1000.0,1283.9095384400025,1000.0,0.01653601395534591,0.0
11998,1685353080000.0,0.0,0.0,0.14,151.5901470588235,0.0,0.0,155.1,0.9999253857184062,1.0,1283.4181590282378,1000.0,1283.9095384400025,1000.0,0.01653601395534591,0.0
11999,1685356680000.0,0.0,0.0,0.14,151.5901470588235,0.0,0.0,155.2,0.9999253857184062,1.0,1283.4181590282378,1000.0,1283.9235384400026,1000.0,0.01653601395534591,0.0
12000,1685360280000.0,0.0,0.0,0.1,151.5901470588235,0.0,0.0,156.15,0.9999253857184062,1.0,1283.5989040258848,1000.0,1284.0548893200025,1000.0,0.011809775357658498,0.0
12001,1685363880000.0,0.0,0.0,0.03,151.5901470588235,0.0,0.0,156.25,0.9999253857184062,1.0,1283.9152077717677,1000.0,1284.055003360003,1000.0,0.003542059774848556,0.0
12002,1685367480000.0,0.0,0.0,0.02,151.5901470588235,0.0,0.0,155.65,0.9999253857184062,1.0,1283.9603940211796,1000.0,1284.0415910800032,1000.0,0.002361290079736259,0.0
12003,1685371080000.0,0.0,0.0,0.02,151.5901470588235,0.0,0.0,155.15,0.9999253857184062,1.0,1283.9603940211796,1000.0,1284.0315910800032,1000.0,0.002361290079736259,0.0
12004,1685374680000.0,0.0,0.0,0.02,151.5901470588235,0.0,0.0,153.55,0.9999253857184062,1.0,1283.9603940211796,1000.0,1283.999591080003,1000.0,0.002361290079736259,0.0
12005,1685378280000.0,0.0,0.0,0.02,151.5901470588235,0.0,0.0,153.65,0.9999253857184062,1.0,1283.9603940211796,1000.0,1284.0015910800032,1000.0,0.002361290079736259,0.0
12006,1685381880000.0,0.0,0.0,0.02,151.5901470588235,0.0,0.0,153.05,0.9999253857184062,1.0,1283.9603940211796,1000.0,1283.989591080003,1000.0,0.002361290079736259,0.0
12007,1685385480000.0,0.0,0.0,0.02,151.5901470588235,0.0,0.0,153.5,0.9999253857184062,1.0,1283.9603940211796,1000.0,1283.998591080003,1000.0,0.002361290079736259,0.0
12008,1685389080000.0,0.0,0.0,0.02,151.5901470588235,0.0,0.0,153.25,0.9999253857184062,1.0,1283.9603940211796,1000.0,1283.9935910800032,1000.0,0.002361290079736259,0.0
12009,1685392680000.0,0.0,0.0,0.02,151.5901470588235,0.0,0.0,153.45,0.9999253857184062,1.0,1283.9603940211796,1000.0,1283.997591080003,1000.0,0.002361290079736259,0.0
12010,1685396280000.0,0.0,0.0,0.02,151.5901470588235,0.0,0.0,153.85,0.9999253857184062,1.0,1283.9603940211796,1000.0,1284.0055910800031,1000.0,0.002361290079736259,0.0
12011,1685399880000.0,0.0,0.0,0.02,151.5901470588235,0.0,0.0,153.65,0.9999253857184062,1.0,1283.9603940211796,1000.0,1284.0015910800032,1000.0,0.002361290079736259,0.0
12012,1685403480000.0,0.0,0.0,0.02,151.5901470588235,0.0,0.0,153.9,0.9999253857184062,1.0,1283.9603940211796,1000.0,1284.006591080003,1000.0,0.002361290079736259,0.0
12013,1685407080000.0,0.0,0.0,0.02,151.5901470588235,0.0,0.0,153.45,0.9999253857184062,1.0,1283.9603940211796,1000.0,1283.997591080003,1000.0,0.002361290079736259,0.0
12014,1685410680000.0,0.0,0.0,0.02,151.5901470588235,0.0,0.0,153.95,0.9999253857184062,1.0,1283.9603940211796,1000.0,1284.007591080003,1000.0,0.002361290079736259,0.0
12015,1685414280000.0,0.0,0.0,0.02,151.5901470588235,0.0,0.0,153.6,0.9999253857184062,1.0,1283.9603940211796,1000.0,1284.000591080003,1000.0,0.002361290079736259,0.0
12016,1685417880000.0,0.0,0.0,0.02,151.5901470588235,0.0,0.0,154.4,0.9999253857184062,1.0,1283.9603940211796,1000.0,1284.016591080003,1000.0,0.002361290079736259,0.0
12017,1685421480000.0,0.0,0.0,0.02,151.5901470588235,0.0,0.0,153.9,0.9999253857184062,1.0,1283.9603940211796,1000.0,1284.006591080003,1000.0,0.002361290079736259,0.0
12018,1685425080000.0,0.0,0.0,0.02,151.5901470588235,0.0,0.0,153.55,0.9999253857184062,1.0,1283.9603940211796,1000.0,1283.999591080003,1000.0,0.002361290079736259,0.0
12019,1685428680000.0,0.0,0.0,0.02,151.5901470588235,0.0,0.0,153.75,0.9999253857184062,1.0,1283.9603940211796,1000.0,1284.0035910800032,1000.0,0.002361290079736259,0.0
12020,1685432280000.0,0.0,0.0,0.02,151.5901470588235,0.0,0.0,153.35,0.9999253857184062,1.0,1283.9603940211796,1000.0,1283.9955910800031,1000.0,0.002361290079736259,0.0
12021,1685435880000.0,0.0,0.0,0.02,151.5901470588235,0.0,0.0,153.35,0.9999253857184062,1.0,1283.9603940211796,1000.0,1283.9955910800031,1000.0,0.002361290079736259,0.0
12022,1685439480000.0,0.0,0.0,0.02,151.5901470588235,0.0,0.0,153.15,0.9999253857184062,1.0,1283.9603940211796,1000.0,1283.9915910800032,1000.0,0.002361290079736259,0.0
12023,1685443080000.0,0.0,0.0,0.02,151.5901470588235,0.0,0.0,153.25,0.9999253857184062,1.0,1283.9603940211796,1000.0,1283.9935910800032,1000.0,0.002361290079736259,0.0
12024,1685446680000.0,0.0,0.0,0.02,151.5901470588235,0.0,0.0,153.35,0.9999253857184062,1.0,1283.9603940211796,1000.0,1283.9955910800031,1000.0,0.002361290079736259,0.0
12025,1685450280000.0,0.0,0.0,0.02,151.5901470588235,0.0,0.0,152.9,0.9999253857184062,1.0,1283.9603940211796,1000.0,1283.986591080003,1000.0,0.002361290079736259,0.0
12026,1685453880000.0,0.0,0.0,0.02,151.5901470588235,0.0,0.0,152.6,0.9999253857184062,1.0,1283.9603940211796,1000.0,1283.980591080003,1000.0,0.002361290079736259,0.0
12027,1685457480000.0,0.0,0.0,0.02,151.5901470588235,0.0,0.0,152.75,0.9999253857184062,1.0,1283.9603940211796,1000.0,1283.9835910800032,1000.0,0.002361290079736259,0.0
12028,1685461080000.0,0.0,0.0,0.02,151.5901470588235,0.0,0.0,152.75,0.9999253857184062,1.0,1283.9603940211796,1000.0,1283.9835910800032,1000.0,0.002361290079736259,0.0
12029,1685464680000.0,0.0,0.0,0.02,151.5901470588235,0.0,0.0,153.4,0.9999253857184062,1.0,1283.9603940211796,1000.0,1283.996591080003,1000.0,0.002361290079736259,0.0
12030,1685468280000.0,0.0,0.0,0.02,151.5901470588235,0.0,0.0,153.15,0.9999253857184062,1.0,1283.9603940211796,1000.0,1283.9915910800032,1000.0,0.002361290079736259,0.0
12031,1685471880000.0,0.0,0.0,0.02,151.5901470588235,0.0,0.0,153.25,0.9999253857184062,1.0,1283.9603940211796,1000.0,1283.9935910800032,1000.0,0.002361290079736259,0.0
12032,1685475480000.0,0.0,0.0,0.02,151.5901470588235,0.0,0.0,153.7,0.9999253857184062,1.0,1283.9603940211796,1000.0,1284.0025910800032,1000.0,0.002361290079736259,0.0
12033,1685479080000.0,0.0,0.0,0.02,151.5901470588235,0.0,0.0,153.2,0.9999253857184062,1.0,1283.9603940211796,1000.0,1283.9925910800032,1000.0,0.002361290079736259,0.0
12034,1685482680000.0,0.0,0.0,0.02,151.5901470588235,0.0,0.0,153.7,0.9999253857184062,1.0,1283.9603940211796,1000.0,1284.0025910800032,1000.0,0.002361290079736259,0.0
12035,1685486280000.0,0.0,0.0,0.02,151.5901470588235,0.0,0.0,153.55,0.9999253857184062,1.0,1283.9603940211796,1000.0,1283.999591080003,1000.0,0.002361290079736259,0.0
12036,1685489880000.0,0.0,0.0,0.02,151.5901470588235,0.0,0.0,152.95,0.9999253857184062,1.0,1283.9603940211796,1000.0,1283.987591080003,1000.0,0.002361290079736259,0.0
12037,1685493480000.0,0.0,0.0,0.02,151.5901470588235,0.0,0.0,152.8,0.9999253857184062,1.0,1283.9603940211796,1000.0,1283.9845910800032,1000.0,0.002361290079736259,0.0
12038,1685497080000.0,0.0,0.0,0.02,151.5901470588235,0.0,0.0,153.0,0.9999253857184062,1.0,1283.9603940211796,1000.0,1283.988591080003,1000.0,0.002361290079736259,0.0
12039,1685500680000.0,0.0,0.0,0.02,151.5901470588235,0.0,0.0,152.85,0.9999253857184062,1.0,1283.9603940211796,1000.0,1283.9855910800031,1000.0,0.002361290079736259,0.0
12040,1685504280000.0,0.0,0.0,0.02,151.5901470588235,0.0,0.0,153.1,0.9999253857184062,1.0,1283.9603940211796,1000.0,1283.990591080003,1000.0,0.002361290079736259,0.0
12041,1685507880000.0,0.0,0.0,0.02,151.5901470588235,0.0,0.0,152.95,0.9999253857184062,1.0,1283.9603940211796,1000.0,1283.987591080003,1000.0,0.002361290079736259,0.0
12042,1685511480000.0,0.0,0.0,0.02,151.5901470588235,0.0,0.0,151.35,0.9999253857184062,1.0,1283.9603940211796,1000.0,1283.9555910800032,1000.0,0.002361290079736259,0.0
12043,1685515080000.0,0.0,0.0,0.02,151.5901470588235,0.0,0.0,150.95,0.9999253857184062,1.0,1283.9603940211796,1000.0,1283.9475910800031,1000.0,0.002361290079736259,0.0
12044,1685518680000.0,0.0,0.0,0.02,151.5901470588235,0.0,0.0,150.95,0.9999253857184062,1.0,1283.9603940211796,1000.0,1283.9475910800031,1000.0,0.002361290079736259,0.0
12045,1685522280000.0,0.0,0.0,0.02,151.5901470588235,0.0,0.0,150.55,0.9999253857184062,1.0,1283.9603940211796,1000.0,1283.939591080003,1000.0,0.002361290079736259,0.0
12046,1685525880000.0,0.0,0.0,0.02,151.5901470588235,0.0,0.0,150.95,0.9999253857184062,1.0,1283.9603940211796,1000.0,1283.9475910800031,1000.0,0.002361290079736259,0.0
12047,1685529480000.0,0.0,0.0,0.02,151.5901470588235,0.0,0.0,150.8,0.9999253857184062,1.0,1283.9603940211796,1000.0,1283.9445910800032,1000.0,0.002361290079736259,0.0
12048,1685533080000.0,0.0,0.0,0.02,151.5901470588235,0.0,0.0,149.75,0.9999253857184062,1.0,1283.9603940211796,1000.0,1283.923591080003,1000.0,0.002361290079736259,0.0
12049,1685536680000.0,0.0,0.0,0.02,151.5901470588235,0.0,0.0,149.55,0.9999253857184062,1.0,1283.9603940211796,1000.0,1283.919591080003,1000.0,0.002361290079736259,0.0
12050,1685540280000.0,0.0,0.0,0.02,151.5901470588235,0.0,0.0,149.8,0.9999253857184062,1.0,1283.9603940211796,1000.0,1283.9245910800032,1000.0,0.002361290079736259,0.0
12051,1685543880000.0,0.0,0.0,0.02,151.5901470588235,0.0,0.0,149.0,0.9999253857184062,1.0,1283.9603940211796,1000.0,1283.9085910800031,1000.0,0.002361290079736259,0.0
12052,1685547480000.0,0.0,0.0,0.02,151.5901470588235,0.0,0.0,146.85,0.9999253857184062,1.0,1283.9603940211796,1000.0,1283.865591080003,1000.0,0.002361290079736259,0.0
12053,1685551080000.0,0.0,0.0,0.02,151.5901470588235,0.0,0.0,146.7,0.9999253857184062,1.0,1283.9603940211796,1000.0,1283.862591080003,1000.0,0.002361290079736259,0.0
12054,1685554680000.0,0.0,0.0,0.02,151.5901470588235,0.0,0.0,147.65,0.9999253857184062,1.0,1283.9603940211796,1000.0,1283.881591080003,1000.0,0.002361290079736259,0.0
12055,1685558280000.0,0.0,0.0,0.02,151.5901470588235,0.0,0.0,147.7,0.9999253857184062,1.0,1283.9603940211796,1000.0,1283.882591080003,1000.0,0.002361290079736259,0.0
12056,1685561880000.0,0.0,0.0,0.02,151.5901470588235,0.0,0.0,147.35,0.9999253857184062,1.0,1283.9603940211796,1000.0,1283.875591080003,1000.0,0.002361290079736259,0.0
12057,1685565480000.0,0.0,0.0,0.02,151.5901470588235,0.0,0.0,147.4,0.9999253857184062,1.0,1283.9603940211796,1000.0,1283.8765910800032,1000.0,0.002361290079736259,0.0
12058,1685569080000.0,0.0,0.0,0.02,151.5901470588235,0.0,0.0,145.15,0.9999253857184062,1.0,1283.9603940211796,1000.0,1283.8315910800031,1000.0,0.002361290079736259,0.0
12059,1685572680000.0,0.0,0.0,0.02,151.5901470588235,0.0,0.0,145.8,0.9999253857184062,1.0,1283.9603940211796,1000.0,1283.844591080003,1000.0,0.002361290079736259,0.0
12060,1685576280000.0,0.0,0.0,0.02,151.5901470588235,0.0,0.0,145.55,0.9999253857184062,1.0,1283.9603940211796,1000.0,1283.8395910800032,1000.0,0.002361290079736259,0.0
12061,1685579880000.0,0.0,0.0,0.02,151.5901470588235,0.0,0.0,146.1,0.9999253857184062,1.0,1283.9603940211796,1000.0,1283.8505910800031,1000.0,0.002361290079736259,0.0
12062,1685583480000.0,0.0,0.0,0.02,151.5901470588235,0.0,0.0,146.8,0.9999253857184062,1.0,1283.9603940211796,1000.0,1283.864591080003,1000.0,0.002361290079736259,0.0
12063,1685587080000.0,0.0,0.0,0.02,151.5901470588235,0.0,0.0,146.4,0.9999253857184062,1.0,1283.9603940211796,1000.0,1283.856591080003,1000.0,0.002361290079736259,0.0
12064,1685590680000.0,0.0,0.0,0.02,151.5901470588235,0.0,0.0,145.65,0.9999253857184062,1.0,1283.9603940211796,1000.0,1283.8415910800031,1000.0,0.002361290079736259,0.0
12065,1685594280000.0,0.0,0.0,0.02,151.5901470588235,0.0,0.0,146.45,0.9999253857184062,1.0,1283.9603940211796,1000.0,1283.8575910800032,1000.0,0.002361290079736259,0.0
12066,1685597880000.0,0.0,0.0,0.02,151.5901470588235,0.0,0.0,145.95,0.9999253857184062,1.0,1283.9603940211796,1000.0,1283.8475910800032,1000.0,0.002361290079736259,0.0
12067,1685601480000.0,0.0,0.0,0.02,151.5901470588235,0.0,0.0,146.3,0.9999253857184062,1.0,1283.9603940211796,1000.0,1283.854591080003,1000.0,0.002361290079736259,0.0
12068,1685605080000.0,0.0,0.0,0.02,151.5901470588235,0.0,0.0,147.0,0.9999253857184062,1.0,1283.9603940211796,1000.0,1283.8685910800032,1000.0,0.002361290079736259,0.0
12069,1685608680000.0,0.0,0.0,0.02,151.5901470588235,0.0,0.0,147.6,0.9999253857184062,1.0,1283.9603940211796,1000.0,1283.8805910800031,1000.0,0.002361290079736259,0.0
12070,1685612280000.0,0.0,0.0,0.02,151.5901470588235,0.0,0.0,147.95,0.9999253857184062,1.0,1283.9603940211796,1000.0,1283.8875910800032,1000.0,0.002361290079736259,0.0
12071,1685615880000.0,0.0,0.0,0.02,151.5901470588235,0.0,0.0,147.65,0.9999253857184062,1.0,1283.9603940211796,1000.0,1283.881591080003,1000.0,0.002361290079736259,0.0
12072,1685619480000.0,0.0,0.0,0.02,151.5901470588235,0.0,0.0,147.6,0.9999253857184062,1.0,1283.9603940211796,1000.0,1283.8805910800031,1000.0,0.002361290079736259,0.0
12073,1685623080000.0,0.0,0.0,0.02,151.5901470588235,0.0,0.0,147.45,0.9999253857184062,1.0,1283.9603940211796,1000.0,1283.8775910800032,1000.0,0.002361290079736259,0.0
12074,1685626680000.0,0.0,0.0,0.02,151.5901470588235,0.0,0.0,147.05,0.9999253857184062,1.0,1283.9603940211796,1000.0,1283.8695910800031,1000.0,0.002361290079736259,0.0
12075,1685630280000.0,0.0,0.0,0.02,151.5901470588235,0.0,0.0,147.4,0.9999253857184062,1.0,1283.9603940211796,1000.0,1283.8765910800032,1000.0,0.002361290079736259,0.0
12076,1685633880000.0,0.0,0.0,0.02,151.5901470588235,0.0,0.0,147.7,0.9999253857184062,1.0,1283.9603940211796,1000.0,1283.882591080003,1000.0,0.002361290079736259,0.0
12077,1685637480000.0,0.0,0.0,0.02,151.5901470588235,0.0,0.0,147.55,0.9999253857184062,1.0,1283.9603940211796,1000.0,1283.8795910800031,1000.0,0.002361290079736259,0.0
12078,1685641080000.0,0.0,0.0,0.02,151.5901470588235,0.0,0.0,148.3,0.9999253857184062,1.0,1283.9603940211796,1000.0,1283.894591080003,1000.0,0.002361290079736259,0.0
12079,1685644680000.0,0.0,0.0,0.02,151.5901470588235,0.0,0.0,148.25,0.9999253857184062,1.0,1283.9603940211796,1000.0,1283.893591080003,1000.0,0.002361290079736259,0.0
12080,1685648280000.0,0.0,0.0,0.02,151.5901470588235,0.0,0.0,147.75,0.9999253857184062,1.0,1283.9603940211796,1000.0,1283.883591080003,1000.0,0.002361290079736259,0.0
12081,1685651880000.0,0.0,0.0,0.02,151.5901470588235,0.0,0.0,148.2,0.9999253857184062,1.0,1283.9603940211796,1000.0,1283.892591080003,1000.0,0.002361290079736259,0.0
12082,1685655480000.0,0.0,0.0,0.02,151.5901470588235,0.0,0.0,147.9,0.9999253857184062,1.0,1283.9603940211796,1000.0,1283.8865910800032,1000.0,0.002361290079736259,0.0
12083,1685659080000.0,0.0,0.0,0.02,151.5901470588235,0.0,0.0,147.5,0.9999253857184062,1.0,1283.9603940211796,1000.0,1283.8785910800032,1000.0,0.002361290079736259,0.0
12084,1685662680000.0,0.0,0.0,0.02,151.5901470588235,0.0,0.0,146.75,0.9999253857184062,1.0,1283.9603940211796,1000.0,1283.863591080003,1000.0,0.002361290079736259,0.0
12085,1685666280000.0,0.0,0.0,0.02,151.5901470588235,0.0,0.0,144.7,0.9999253857184062,1.0,1283.9603940211796,1000.0,1283.8225910800031,1000.0,0.002361290079736259,0.0
12086,1685669880000.0,0.0,0.0,0.02,151.5901470588235,0.0,0.0,145.6,0.9999253857184062,1.0,1283.9603940211796,1000.0,1283.8405910800032,1000.0,0.002361290079736259,0.0
12087,1685673480000.0,0.0,0.0,0.02,151.5901470588235,0.0,0.0,146.05,0.9999253857184062,1.0,1283.9603940211796,1000.0,1283.8495910800032,1000.0,0.002361290079736259,0.0
12088,1685677080000.0,0.0,0.0,0.02,151.5901470588235,0.0,0.0,146.05,0.9999253857184062,1.0,1283.9603940211796,1000.0,1283.8495910800032,1000.0,0.002361290079736259,0.0
12089,1685680680000.0,0.0,0.0,0.02,151.5901470588235,0.0,0.0,145.95,0.9999253857184062,1.0,1283.9603940211796,1000.0,1283.8475910800032,1000.0,0.002361290079736259,0.0
12090,1685684280000.0,0.0,0.0,0.02,151.5901470588235,0.0,0.0,145.8,0.9999253857184062,1.0,1283.9603940211796,1000.0,1283.844591080003,1000.0,0.002361290079736259,0.0
12091,1685687880000.0,0.0,0.0,0.02,151.5901470588235,0.0,0.0,145.05,0.9999253857184062,1.0,1283.9603940211796,1000.0,1283.8295910800032,1000.0,0.002361290079736259,0.0
12092,1685691480000.0,0.0,0.0,0.02,151.5901470588235,0.0,0.0,145.65,0.9999253857184062,1.0,1283.9603940211796,1000.0,1283.8415910800031,1000.0,0.002361290079736259,0.0
12093,1685695080000.0,0.0,0.0,0.02,151.5901470588235,0.0,0.0,146.5,0.9999253857184062,1.0,1283.9603940211796,1000.0,1283.8585910800032,1000.0,0.002361290079736259,0.0
12094,1685698680000.0,0.0,0.0,0.02,151.5901470588235,0.0,0.0,146.3,0.9999253857184062,1.0,1283.9603940211796,1000.0,1283.854591080003,1000.0,0.002361290079736259,0.0
12095,1685702280000.0,0.0,0.0,0.02,151.5901470588235,0.0,0.0,145.9,0.9999253857184062,1.0,1283.9603940211796,1000.0,1283.846591080003,1000.0,0.002361290079736259,0.0
12096,1685705880000.0,0.0,0.0,0.02,151.5901470588235,0.0,0.0,145.85,0.9999253857184062,1.0,1283.9603940211796,1000.0,1283.845591080003,1000.0,0.002361290079736259,0.0
12097,1685709480000.0,0.0,0.0,0.02,151.5901470588235,0.0,0.0,146.15,0.9999253857184062,1.0,1283.9603940211796,1000.0,1283.8515910800031,1000.0,0.002361290079736259,0.0
12098,1685713080000.0,0.0,0.0,0.02,151.5901470588235,0.0,0.0,146.25,0.9999253857184062,1.0,1283.9603940211796,1000.0,1283.853591080003,1000.0,0.002361290079736259,0.0
12099,1685716680000.0,0.0,0.0,0.02,151.5901470588235,0.0,0.0,146.0,0.9999253857184062,1.0,1283.9603940211796,1000.0,1283.8485910800032,1000.0,0.002361290079736259,0.0
12100,1685720280000.0,0.0,0.0,0.02,151.5901470588235,0.0,0.0,145.6,0.9999253857184062,1.0,1283.9603940211796,1000.0,1283.8405910800032,1000.0,0.002361290079736259,0.0
12101,1685723880000.0,0.0,0.0,0.02,151.5901470588235,0.0,0.0,145.4,0.9999253857184062,1.0,1283.9603940211796,1000.0,1283.836591080003,1000.0,0.002361290079736259,0.0
12102,1685727480000.0,0.0,0.0,0.02,151.5901470588235,0.0,0.0,146.2,0.9999253857184062,1.0,1283.9603940211796,1000.0,1283.852591080003,1000.0,0.002361290079736259,0.0
12103,1685731080000.0,0.0,0.0,0.02,151.5901470588235,0.0,0.0,145.55,0.9999253857184062,1.0,1283.9603940211796,1000.0,1283.8395910800032,1000.0,0.002361290079736259,0.0
12104,1685734680000.0,0.0,0.0,0.02,151.5901470588235,0.0,0.0,145.95,0.9999253857184062,1.0,1283.9603940211796,1000.0,1283.8475910800032,1000.0,0.002361290079736259,0.0
12105,1685738280000.0,0.0,0.0,0.02,151.5901470588235,0.0,0.0,145.45,0.9999253857184062,1.0,1283.9603940211796,1000.0,1283.8375910800032,1000.0,0.002361290079736259,0.0
12106,1685741880000.0,0.0,0.0,0.02,151.5901470588235,0.0,0.0,145.45,0.9999253857184062,1.0,1283.9603940211796,1000.0,1283.8375910800032,1000.0,0.002361290079736259,0.0
12107,1685745480000.0,0.0,0.0,0.02,151.5901470588235,0.0,0.0,146.05,0.9999253857184062,1.0,1283.9603940211796,1000.0,1283.8495910800032,1000.0,0.002361290079736259,0.0
12108,1685749080000.0,0.0,0.0,0.02,151.5901470588235,0.0,0.0,145.9,0.9999253857184062,1.0,1283.9603940211796,1000.0,1283.846591080003,1000.0,0.002361290079736259,0.0
12109,1685752680000.0,0.0,0.0,0.02,151.5901470588235,0.0,0.0,145.65,0.9999253857184062,1.0,1283.9603940211796,1000.0,1283.8415910800031,1000.0,0.002361290079736259,0.0
12110,1685756280000.0,0.0,0.0,0.02,151.5901470588235,0.0,0.0,146.05,0.9999253857184062,1.0,1283.9603940211796,1000.0,1283.8495910800032,1000.0,0.002361290079736259,0.0
12111,1685759880000.0,0.0,0.0,0.02,151.5901470588235,0.0,0.0,146.2,0.9999253857184062,1.0,1283.9603940211796,1000.0,1283.852591080003,1000.0,0.002361290079736259,0.0
12112,1685763480000.0,0.0,0.0,0.02,151.5901470588235,0.0,0.0,146.35,0.9999253857184062,1.0,1283.9603940211796,1000.0,1283.855591080003,1000.0,0.002361290079736259,0.0
12113,1685767080000.0,0.0,0.0,0.02,151.5901470588235,0.0,0.0,146.1,0.9999253857184062,1.0,1283.9603940211796,1000.0,1283.8505910800031,1000.0,0.002361290079736259,0.0
12114,1685770680000.0,0.0,0.0,0.02,151.5901470588235,0.0,0.0,146.55,0.9999253857184062,1.0,1283.9603940211796,1000.0,1283.8595910800032,1000.0,0.002361290079736259,0.0
12115,1685774280000.0,0.0,0.0,0.02,151.5901470588235,0.0,0.0,146.9,0.9999253857184062,1.0,1283.9603940211796,1000.0,1283.8665910800032,1000.0,0.002361290079736259,0.0
12116,1685777880000.0,0.0,0.0,0.02,151.5901470588235,0.0,0.0,147.3,0.9999253857184062,1.0,1283.9603940211796,1000.0,1283.874591080003,1000.0,0.002361290079736259,0.0
12117,1685781480000.0,0.0,0.0,0.02,151.5901470588235,0.0,0.0,147.15,0.9999253857184062,1.0,1283.9603940211796,1000.0,1283.871591080003,1000.0,0.002361290079736259,0.0
12118,1685785080000.0,0.0,0.0,0.02,151.5901470588235,0.0,0.0,146.85,0.9999253857184062,1.0,1283.9603940211796,1000.0,1283.865591080003,1000.0,0.002361290079736259,0.0
12119,1685788680000.0,0.0,0.0,0.02,151.5901470588235,0.0,0.0,147.05,0.9999253857184062,1.0,1283.9603940211796,1000.0,1283.8695910800031,1000.0,0.002361290079736259,0.0
12120,1685792280000.0,0.0,0.0,0.02,151.5901470588235,0.0,0.0,146.8,0.9999253857184062,1.0,1283.9603940211796,1000.0,1283.864591080003,1000.0,0.002361290079736259,0.0
12121,1685795880000.0,0.0,0.0,0.02,151.5901470588235,0.0,0.0,146.85,0.9999253857184062,1.0,1283.9603940211796,1000.0,1283.865591080003,1000.0,0.002361290079736259,0.0
12122,1685799480000.0,0.0,0.0,0.02,151.5901470588235,0.0,0.0,146.5,0.9999253857184062,1.0,1283.9603940211796,1000.0,1283.8585910800032,1000.0,0.002361290079736259,0.0
12123,1685803080000.0,0.0,0.0,0.02,151.5901470588235,0.0,0.0,146.25,0.9999253857184062,1.0,1283.9603940211796,1000.0,1283.853591080003,1000.0,0.002361290079736259,0.0
12124,1685806680000.0,0.0,0.0,0.02,151.5901470588235,0.0,0.0,147.0,0.9999253857184062,1.0,1283.9603940211796,1000.0,1283.8685910800032,1000.0,0.002361290079736259,0.0
12125,1685810280000.0,0.0,0.0,0.02,151.5901470588235,0.0,0.0,147.3,0.9999253857184062,1.0,1283.9603940211796,1000.0,1283.874591080003,1000.0,0.002361290079736259,0.0
12126,1685813880000.0,0.0,0.0,0.02,151.5901470588235,0.0,0.0,146.9,0.9999253857184062,1.0,1283.9603940211796,1000.0,1283.8665910800032,1000.0,0.002361290079736259,0.0
12127,1685817480000.0,0.0,0.0,0.02,151.5901470588235,0.0,0.0,147.0,0.9999253857184062,1.0,1283.9603940211796,1000.0,1283.8685910800032,1000.0,0.002361290079736259,0.0
12128,1685821080000.0,0.0,0.0,0.02,151.5901470588235,0.0,0.0,147.05,0.9999253857184062,1.0,1283.9603940211796,1000.0,1283.8695910800031,1000.0,0.002361290079736259,0.0
12129,1685824680000.0,0.0,0.0,0.02,151.5901470588235,0.0,0.0,147.25,0.9999253857184062,1.0,1283.9603940211796,1000.0,1283.873591080003,1000.0,0.002361290079736259,0.0
12130,1685828280000.0,0.0,0.0,0.02,151.5901470588235,0.0,0.0,148.1,0.9999253857184062,1.0,1283.9603940211796,1000.0,1283.890591080003,1000.0,0.002361290079736259,0.0
12131,1685831880000.0,0.0,0.0,0.02,151.5901470588235,0.0,0.0,147.8,0.9999253857184062,1.0,1283.9603940211796,1000.0,1283.884591080003,1000.0,0.002361290079736259,0.0
12132,1685835480000.0,0.0,0.0,0.02,151.5901470588235,0.0,0.0,148.3,0.9999253857184062,1.0,1283.9603940211796,1000.0,1283.894591080003,1000.0,0.002361290079736259,0.0
12133,1685839080000.0,0.0,0.0,0.02,151.5901470588235,0.0,0.0,148.25,0.9999253857184062,1.0,1283.9603940211796,1000.0,1283.893591080003,1000.0,0.002361290079736259,0.0
12134,1685842680000.0,0.0,0.0,0.02,151.5901470588235,0.0,0.0,148.65,0.9999253857184062,1.0,1283.9603940211796,1000.0,1283.901591080003,1000.0,0.002361290079736259,0.0
12135,1685846280000.0,0.0,0.0,0.02,151.5901470588235,0.0,0.0,148.95,0.9999253857184062,1.0,1283.9603940211796,1000.0,1283.9075910800032,1000.0,0.002361290079736259,0.0
12136,1685849880000.0,0.0,0.0,0.02,151.5901470588235,0.0,0.0,148.85,0.9999253857184062,1.0,1283.9603940211796,1000.0,1283.9055910800032,1000.0,0.002361290079736259,0.0
12137,1685853480000.0,0.0,0.0,0.02,151.5901470588235,0.0,0.0,149.05,0.9999253857184062,1.0,1283.9603940211796,1000.0,1283.909591080003,1000.0,0.002361290079736259,0.0
12138,1685857080000.0,0.0,0.0,0.02,151.5901470588235,0.0,0.0,148.35,0.9999253857184062,1.0,1283.9603940211796,1000.0,1283.8955910800032,1000.0,0.002361290079736259,0.0
12139,1685860680000.0,0.0,0.0,0.02,151.5901470588235,0.0,0.0,148.8,0.9999253857184062,1.0,1283.9603940211796,1000.0,1283.904591080003,1000.0,0.002361290079736259,0.0
12140,1685864280000.0,0.0,0.0,0.02,151.5901470588235,0.0,0.0,149.0,0.9999253857184062,1.0,1283.9603940211796,1000.0,1283.9085910800031,1000.0,0.002361290079736259,0.0
12141,1685867880000.0,0.0,0.0,0.02,151.5901470588235,0.0,0.0,149.55,0.9999253857184062,1.0,1283.9603940211796,1000.0,1283.919591080003,1000.0,0.002361290079736259,0.0
12142,1685871480000.0,0.0,0.0,0.02,151.5901470588235,0.0,0.0,149.9,0.9999253857184062,1.0,1283.9603940211796,1000.0,1283.9265910800032,1000.0,0.002361290079736259,0.0
12143,1685875080000.0,0.0,0.0,0.02,151.5901470588235,0.0,0.0,149.6,0.9999253857184062,1.0,1283.9603940211796,1000.0,1283.920591080003,1000.0,0.002361290079736259,0.0
12144,1685878680000.0,0.0,0.0,0.02,151.5901470588235,0.0,0.0,149.9,0.9999253857184062,1.0,1283.9603940211796,1000.0,1283.9265910800032,1000.0,0.002361290079736259,0.0
12145,1685882280000.0,0.0,0.0,0.02,151.5901470588235,0.0,0.0,149.85,0.9999253857184062,1.0,1283.9603940211796,1000.0,1283.9255910800032,1000.0,0.002361290079736259,0.0
12146,1685885880000.0,0.0,0.0,0.02,151.5901470588235,0.0,0.0,149.6,0.9999253857184062,1.0,1283.9603940211796,1000.0,1283.920591080003,1000.0,0.002361290079736259,0.0
12147,1685889480000.0,0.0,0.0,0.02,151.5901470588235,0.0,0.0,149.5,0.9999253857184062,1.0,1283.9603940211796,1000.0,1283.9185910800031,1000.0,0.002361290079736259,0.0
12148,1685893080000.0,0.0,0.0,0.02,151.5901470588235,0.0,0.0,149.3,0.9999253857184062,1.0,1283.9603940211796,1000.0,1283.9145910800032,1000.0,0.002361290079736259,0.0
12149,1685896680000.0,0.0,0.0,0.02,151.5901470588235,0.0,0.0,149.3,0.9999253857184062,1.0,1283.9603940211796,1000.0,1283.9145910800032,1000.0,0.002361290079736259,0.0
12150,1685900280000.0,0.0,0.0,0.02,151.5901470588235,0.0,0.0,149.3,0.9999253857184062,1.0,1283.9603940211796,1000.0,1283.9145910800032,1000.0,0.002361290079736259,0.0
12151,1685903880000.0,0.0,0.0,0.02,151.5901470588235,0.0,0.0,148.65,0.9999253857184062,1.0,1283.9603940211796,1000.0,1283.901591080003,1000.0,0.002361290079736259,0.0
12152,1685907480000.0,0.0,0.0,0.02,151.5901470588235,0.0,0.0,148.75,0.9999253857184062,1.0,1283.9603940211796,1000.0,1283.903591080003,1000.0,0.002361290079736259,0.0
12153,1685911080000.0,0.0,0.0,0.02,151.5901470588235,0.0,0.0,148.4,0.9999253857184062,1.0,1283.9603940211796,1000.0,1283.8965910800032,1000.0,0.002361290079736259,0.0
12154,1685914680000.0,0.0,0.0,0.02,151.5901470588235,0.0,0.0,148.1,0.9999253857184062,1.0,1283.9603940211796,1000.0,1283.890591080003,1000.0,0.002361290079736259,0.0
12155,1685918280000.0,0.0,0.0,0.02,151.5901470588235,0.0,0.0,148.55,0.9999253857184062,1.0,1283.9603940211796,1000.0,1283.8995910800031,1000.0,0.002361290079736259,0.0
12156,1685921880000.0,0.0,0.0,0.02,151.5901470588235,0.0,0.0,148.25,0.9999253857184062,1.0,1283.9603940211796,1000.0,1283.893591080003,1000.0,0.002361290079736259,0.0
12157,1685925480000.0,0.0,0.0,0.02,151.5901470588235,0.0,0.0,148.3,0.9999253857184062,1.0,1283.9603940211796,1000.0,1283.894591080003,1000.0,0.002361290079736259,0.0
12158,1685929080000.0,0.0,0.0,0.02,151.5901470588235,0.0,0.0,147.75,0.9999253857184062,1.0,1283.9603940211796,1000.0,1283.883591080003,1000.0,0.002361290079736259,0.0
12159,1685932680000.0,0.0,0.0,0.02,151.5901470588235,0.0,0.0,147.65,0.9999253857184062,1.0,1283.9603940211796,1000.0,1283.881591080003,1000.0,0.002361290079736259,0.0
12160,1685936280000.0,0.0,0.0,0.02,151.5901470588235,0.0,0.0,147.05,0.9999253857184062,1.0,1283.9603940211796,1000.0,1283.8695910800031,1000.0,0.002361290079736259,0.0
12161,1685939880000.0,0.0,0.0,0.02,151.5901470588235,0.0,0.0,146.9,0.9999253857184062,1.0,1283.9603940211796,1000.0,1283.8665910800032,1000.0,0.002361290079736259,0.0
12162,1685943480000.0,0.0,0.0,0.02,151.5901470588235,0.0,0.0,146.7,0.9999253857184062,1.0,1283.9603940211796,1000.0,1283.862591080003,1000.0,0.002361290079736259,0.0
12163,1685947080000.0,0.0,0.0,0.02,151.5901470588235,0.0,0.0,146.8,0.9999253857184062,1.0,1283.9603940211796,1000.0,1283.864591080003,1000.0,0.002361290079736259,0.0
12164,1685950680000.0,0.0,0.0,0.02,151.5901470588235,0.0,0.0,146.3,0.9999253857184062,1.0,1283.9603940211796,1000.0,1283.854591080003,1000.0,0.002361290079736259,0.0
12165,1685954280000.0,0.0,0.0,0.02,151.5901470588235,0.0,0.0,146.05,0.9999253857184062,1.0,1283.9603940211796,1000.0,1283.8495910800032,1000.0,0.002361290079736259,0.0
12166,1685957880000.0,0.0,0.0,0.02,151.5901470588235,0.0,0.0,145.85,0.9999253857184062,1.0,1283.9603940211796,1000.0,1283.845591080003,1000.0,0.002361290079736259,0.0
12167,1685961480000.0,0.0,0.0,0.02,151.5901470588235,0.0,0.0,146.15,0.9999253857184062,1.0,1283.9603940211796,1000.0,1283.8515910800031,1000.0,0.002361290079736259,0.0
12168,1685965080000.0,0.0,0.0,0.02,151.5901470588235,0.0,0.0,145.8,0.9999253857184062,1.0,1283.9603940211796,1000.0,1283.844591080003,1000.0,0.002361290079736259,0.0
12169,1685968680000.0,0.0,0.0,0.02,151.5901470588235,0.0,0.0,145.6,0.9999253857184062,1.0,1283.9603940211796,1000.0,1283.8405910800032,1000.0,0.002361290079736259,0.0
12170,1685972280000.0,0.0,0.0,0.02,151.5901470588235,0.0,0.0,145.45,0.9999253857184062,1.0,1283.9603940211796,1000.0,1283.8375910800032,1000.0,0.002361290079736259,0.0
12171,1685975880000.0,0.0,0.0,0.02,151.5901470588235,0.0,0.0,145.95,0.9999253857184062,1.0,1283.9603940211796,1000.0,1283.8475910800032,1000.0,0.002361290079736259,0.0
12172,1685979480000.0,0.0,0.0,0.02,151.5901470588235,0.0,0.0,143.85,0.9999253857184062,1.0,1283.9603940211796,1000.0,1283.805591080003,1000.0,0.002361290079736259,0.0
12173,1685983080000.0,0.0,0.0,0.36,142.42889705882354,0.0,0.0,140.85,0.9999253857184062,1.0,1283.9507455011797,1000.0,1283.3823425600033,1000.0,0.03993486753353761,0.0
12174,1685986680000.0,0.0,0.0,0.36,142.42889705882354,0.0,0.0,141.15,0.9999253857184062,1.0,1283.9507455011797,1000.0,1283.4903425600032,1000.0,0.03993486753353761,0.0
12175,1685990280000.0,0.0,0.0,0.36,142.42889705882354,0.0,0.0,140.85,0.9999253857184062,1.0,1283.9507455011797,1000.0,1283.3823425600033,1000.0,0.03993486753353761,0.0
12176,1685993880000.0,0.0,0.0,0.36,142.42889705882354,0.0,0.0,141.1,0.9999253857184062,1.0,1283.9507455011797,1000.0,1283.4723425600032,1000.0,0.03993486753353761,0.0
12177,1685997480000.0,0.0,0.0,0.36,142.42889705882354,0.0,0.0,142.35,0.9999253857184062,1.0,1283.9507455011797,1000.0,1283.9223425600032,1000.0,0.03993486753353761,0.0
12178,1686001080000.0,0.0,0.0,0.36,142.42889705882354,0.0,0.0,141.2,0.9999253857184062,1.0,1283.9507455011797,1000.0,1283.5083425600033,1000.0,0.03993486753353761,0.0
12179,1686004680000.0,0.0,0.0,0.36,142.42889705882354,0.0,0.0,141.6,0.9999253857184062,1.0,1283.9507455011797,1000.0,1283.6523425600033,1000.0,0.03993486753353761,0.0
12180,1686008280000.0,0.0,0.0,0.36,142.42889705882354,0.0,0.0,141.8,0.9999253857184062,1.0,1283.9507455011797,1000.0,1283.7243425600032,1000.0,0.03993486753353761,0.0
12181,1686011880000.0,0.0,0.0,0.36,142.42889705882354,0.0,0.0,140.55,0.9999253857184062,1.0,1283.9507455011797,1000.0,1283.274342560003,1000.0,0.03993486753353761,0.0
12182,1686015480000.0,0.0,0.0,0.36,142.42889705882354,0.0,0.0,138.9,0.9999253857184062,1.0,1283.9507455011797,1000.0,1282.6803425600033,1000.0,0.03993486753353761,0.0
12183,1686019080000.0,0.0,0.0,0.36,142.42889705882354,0.0,0.0,139.65,0.9999253857184062,1.0,1283.9507455011797,1000.0,1282.9503425600033,1000.0,0.03993486753353761,0.0
12184,1686022680000.0,0.0,0.0,0.36,142.42889705882354,0.0,0.0,141.4,0.9999253857184062,1.0,1283.9507455011797,1000.0,1283.5803425600031,1000.0,0.03993486753353761,0.0
12185,1686026280000.0,0.0,0.0,0.36,142.42889705882354,0.0,0.0,142.45,0.9999253857184062,1.0,1283.9507455011797,1000.0,1283.958342560003,1000.0,0.03993486753353761,0.0
12186,1686029880000.0,0.0,0.0,0.36,142.42889705882354,0.0,0.0,141.85,0.9999253857184062,1.0,1283.9507455011797,1000.0,1283.7423425600032,1000.0,0.03993486753353761,0.0
12187,1686033480000.0,0.0,0.0,0.36,142.42889705882354,0.0,0.0,140.85,0.9999253857184062,1.0,1283.9507455011797,1000.0,1283.3823425600033,1000.0,0.03993486753353761,0.0
12188,1686037080000.0,0.0,0.0,0.36,142.42889705882354,0.0,0.0,141.7,0.9999253857184062,1.0,1283.9507455011797,1000.0,1283.688342560003,1000.0,0.03993486753353761,0.0
12189,1686040680000.0,0.0,0.0,0.36,142.42889705882354,0.0,0.0,142.05,0.9999253857184062,1.0,1283.9507455011797,1000.0,1283.8143425600033,1000.0,0.03993486753353761,0.0
12190,1686044280000.0,0.0,0.0,0.36,142.42889705882354,0.0,0.0,142.15,0.9999253857184062,1.0,1283.9507455011797,1000.0,1283.8503425600031,1000.0,0.03993486753353761,0.0
12191,1686047880000.0,0.0,0.0,0.36,142.42889705882354,0.0,0.0,142.1,0.9999253857184062,1.0,1283.9507455011797,1000.0,1283.832342560003,1000.0,0.03993486753353761,0.0
12192,1686051480000.0,0.0,0.0,0.36,142.42889705882354,0.0,0.0,142.15,0.9999253857184062,1.0,1283.9507455011797,1000.0,1283.8503425600031,1000.0,0.03993486753353761,0.0
12193,1686055080000.0,0.0,0.0,0.36,142.42889705882354,0.0,0.0,141.9,0.9999253857184062,1.0,1283.9507455011797,1000.0,1283.7603425600032,1000.0,0.03993486753353761,0.0
12194,1686058680000.0,0.0,0.0,0.36,142.42889705882354,0.0,0.0,142.15,0.9999253857184062,1.0,1283.9507455011797,1000.0,1283.8503425600031,1000.0,0.03993486753353761,0.0
12195,1686062280000.0,0.0,0.0,0.36,142.42889705882354,0.0,0.0,142.7,0.9999253857184062,1.0,1283.9507455011797,1000.0,1284.0483425600032,1000.0,0.03993486753353761,0.0
12196,1686065880000.0,0.0,0.0,0.36,142.42889705882354,0.0,0.0,143.4,0.9999253857184062,1.0,1283.9507455011797,1000.0,1284.3003425600032,1000.0,0.03993486753353761,0.0
12197,1686069480000.0,0.0,0.0,0.36,142.42889705882354,0.0,0.0,144.45,0.9999253857184062,1.0,1283.9507455011797,1000.0,1284.678342560003,1000.0,0.03993486753353761,0.0
12198,1686073080000.0,0.0,0.0,0.36,142.42889705882354,0.0,0.0,145.0,0.9999253857184062,1.0,1283.9507455011797,1000.0,1284.8763425600032,1000.0,0.03993486753353761,0.0
12199,1686076680000.0,0.0,0.0,0.36,142.42889705882354,0.0,0.0,145.5,0.9999253857184062,1.0,1283.9507455011797,1000.0,1285.0563425600033,1000.0,0.03993486753353761,0.0
12200,1686080280000.0,0.0,0.0,0.36,142.42889705882354,0.0,0.0,146.0,0.9999253857184062,1.0,1283.9507455011797,1000.0,1285.236342560003,1000.0,0.03993486753353761,0.0
12201,1686083880000.0,0.0,0.0,0.11,142.42889705882354,0.0,0.0,146.7,0.9999253857184062,1.0,1285.013685736474,1000.0,1285.4835070600034,1000.0,0.01219222709483544,0.0
12202,1686087480000.0,0.0,0.0,0.06,142.42889705882354,0.0,0.0,146.1,0.9999253857184062,1.0,1285.2262737835326,1000.0,1285.4465399600033,1000.0,0.006649205667397326,0.0
12203,1686091080000.0,0.0,0.0,0.06,142.42889705882354,0.0,0.0,146.35,0.9999253857184062,1.0,1285.2262737835326,1000.0,1285.4615399600032,1000.0,0.006649205667397326,0.0
12204,1686094680000.0,0.0,0.0,0.04,142.42889705882354,0.0,0.0,146.95,0.9999253857184062,1.0,1285.311309002356,1000.0,1285.492153120003,1000.0,0.004432510507337719,0.0
12205,1686098280000.0,0.0,0.0,0.01,142.42889705882354,0.0,0.0,147.75,0.9999253857184062,1.0,1285.4388618305913,1000.0,1285.4920728600032,1000.0,0.0011080176684248582,0.0
12206,1686101880000.0,0.0,0.0,0.01,142.42889705882354,0.0,0.0,146.4,0.9999253857184062,1.0,1285.4388618305913,1000.0,1285.4785728600032,1000.0,0.0011080176684248582,0.0
12207,1686105480000.0,0.0,0.0,0.0,142.42889705882354,0.0,0.0,146.15,0.9999253857184062,1.0,1285.4813794400031,1000.0,1285.4813794400031,1000.0,0.0,0.0
12208,1686109080000.0,0.0,0.0,0.0,142.42889705882354,0.0,0.0,146.2,0.9999253857184062,1.0,1285.4813794400031,1000.0,1285.4813794400031,1000.0,0.0,0.0
12209,1686112680000.0,0.0,0.0,0.0,142.42889705882354,0.0,0.0,145.95,0.9999253857184062,1.0,1285.4813794400031,1000.0,1285.4813794400031,1000.0,0.0,0.0
12210,1686116280000.0,0.0,0.0,0.0,142.42889705882354,0.0,0.0,146.9,0.9999253857184062,1.0,1285.4813794400031,1000.0,1285.4813794400031,1000.0,0.0,0.0
12211,1686119880000.0,0.0,0.0,0.0,142.42889705882354,0.0,0.0,146.8,0.9999253857184062,1.0,1285.4813794400031,1000.0,1285.4813794400031,1000.0,0.0,0.0
12212,1686123480000.0,0.0,0.0,0.0,142.42889705882354,0.0,0.0,146.2,0.9999253857184062,1.0,1285.4813794400031,1000.0,1285.4813794400031,1000.0,0.0,0.0
12213,1686127080000.0,0.0,0.0,0.0,142.42889705882354,0.0,0.0,146.35,0.9999253857184062,1.0,1285.4813794400031,1000.0,1285.4813794400031,1000.0,0.0,0.0
12214,1686130680000.0,0.0,0.0,0.0,142.42889705882354,0.0,0.0,145.65,0.9999253857184062,1.0,1285.4813794400031,1000.0,1285.4813794400031,1000.0,0.0,0.0
12215,1686134280000.0,0.0,0.0,0.0,142.42889705882354,0.0,0.0,145.45,0.9999253857184062,1.0,1285.4813794400031,1000.0,1285.4813794400031,1000.0,0.0,0.0
12216,1686137880000.0,0.0,0.0,0.0,142.42889705882354,0.0,0.0,145.7,0.9999253857184062,1.0,1285.4813794400031,1000.0,1285.4813794400031,1000.0,0.0,0.0
12217,1686141480000.0,0.0,0.0,0.0,142.42889705882354,0.0,0.0,145.7,0.9999253857184062,1.0,1285.4813794400031,1000.0,1285.4813794400031,1000.0,0.0,0.0
12218,1686145080000.0,0.0,0.0,0.0,142.42889705882354,0.0,0.0,145.7,0.9999253857184062,1.0,1285.4813794400031,1000.0,1285.4813794400031,1000.0,0.0,0.0
12219,1686148680000.0,0.0,0.0,0.0,142.42889705882354,0.0,0.0,143.7,0.9999253857184062,1.0,1285.4813794400031,1000.0,1285.4813794400031,1000.0,0.0,0.0
12220,1686152280000.0,0.0,0.0,0.0,142.42889705882354,0.0,0.0,144.85,0.9999253857184062,1.0,1285.4813794400031,1000.0,1285.4813794400031,1000.0,0.0,0.0
12221,1686155880000.0,0.0,0.0,0.0,142.42889705882354,0.0,0.0,145.1,0.9999253857184062,1.0,1285.4813794400031,1000.0,1285.4813794400031,1000.0,0.0,0.0
12222,1686159480000.0,0.0,0.0,0.0,142.42889705882354,0.0,0.0,145.1,0.9999253857184062,1.0,1285.4813794400031,1000.0,1285.4813794400031,1000.0,0.0,0.0
12223,1686163080000.0,0.0,0.0,0.0,142.42889705882354,0.0,0.0,144.45,0.9999253857184062,1.0,1285.4813794400031,1000.0,1285.4813794400031,1000.0,0.0,0.0
12224,1686166680000.0,0.0,0.0,0.0,142.42889705882354,0.0,0.0,144.3,0.9999253857184062,1.0,1285.4813794400031,1000.0,1285.4813794400031,1000.0,0.0,0.0
12225,1686170280000.0,0.0,0.0,0.0,142.42889705882354,0.0,0.0,143.85,0.9999253857184062,1.0,1285.4813794400031,1000.0,1285.4813794400031,1000.0,0.0,0.0
12226,1686173880000.0,0.0,0.0,0.0,142.42889705882354,0.0,0.0,144.1,0.9999253857184062,1.0,1285.4813794400031,1000.0,1285.4813794400031,1000.0,0.0,0.0
12227,1686177480000.0,0.0,0.0,0.0,142.42889705882354,0.0,0.0,144.3,0.9999253857184062,1.0,1285.4813794400031,1000.0,1285.4813794400031,1000.0,0.0,0.0
12228,1686181080000.0,0.0,0.0,0.0,142.42889705882354,0.0,0.0,145.0,0.9999253857184062,1.0,1285.4813794400031,1000.0,1285.4813794400031,1000.0,0.0,0.0
12229,1686184680000.0,0.0,0.0,0.0,142.42889705882354,0.0,0.0,144.8,0.9999253857184062,1.0,1285.4813794400031,1000.0,1285.4813794400031,1000.0,0.0,0.0
12230,1686188280000.0,0.0,0.0,0.0,142.42889705882354,0.0,0.0,144.85,0.9999253857184062,1.0,1285.4813794400031,1000.0,1285.4813794400031,1000.0,0.0,0.0
12231,1686191880000.0,0.0,0.0,0.0,142.42889705882354,0.0,0.0,144.7,0.9999253857184062,1.0,1285.4813794400031,1000.0,1285.4813794400031,1000.0,0.0,0.0
12232,1686195480000.0,0.0,0.0,0.0,142.42889705882354,0.0,0.0,143.65,0.9999253857184062,1.0,1285.4813794400031,1000.0,1285.4813794400031,1000.0,0.0,0.0
12233,1686199080000.0,0.0,0.0,0.0,142.42889705882354,0.0,0.0,144.8,0.9999253857184062,1.0,1285.4813794400031,1000.0,1285.4813794400031,1000.0,0.0,0.0
12234,1686202680000.0,0.0,0.0,0.0,142.42889705882354,0.0,0.0,144.3,0.9999253857184062,1.0,1285.4813794400031,1000.0,1285.4813794400031,1000.0,0.0,0.0
12235,1686206280000.0,0.0,0.0,0.0,142.42889705882354,0.0,0.0,144.2,0.9999253857184062,1.0,1285.4813794400031,1000.0,1285.4813794400031,1000.0,0.0,0.0
12236,1686209880000.0,0.0,0.0,0.0,142.42889705882354,0.0,0.0,144.1,0.9999253857184062,1.0,1285.4813794400031,1000.0,1285.4813794400031,1000.0,0.0,0.0
12237,1686213480000.0,0.0,0.0,0.0,142.42889705882354,0.0,0.0,144.6,0.9999253857184062,1.0,1285.4813794400031,1000.0,1285.4813794400031,1000.0,0.0,0.0
12238,1686217080000.0,0.0,0.0,0.0,142.42889705882354,0.0,0.0,145.15,0.9999253857184062,1.0,1285.4813794400031,1000.0,1285.4813794400031,1000.0,0.0,0.0
12239,1686220680000.0,0.0,0.0,0.0,142.42889705882354,0.0,0.0,144.55,0.9999253857184062,1.0,1285.4813794400031,1000.0,1285.4813794400031,1000.0,0.0,0.0
12240,1686224280000.0,0.0,0.0,0.0,142.42889705882354,0.0,0.0,143.5,0.9999253857184062,1.0,1285.4813794400031,1000.0,1285.4813794400031,1000.0,0.0,0.0
12241,1686227880000.0,0.0,0.0,0.0,142.42889705882354,0.0,0.0,144.3,0.9999253857184062,1.0,1285.4813794400031,1000.0,1285.4813794400031,1000.0,0.0,0.0
12242,1686231480000.0,0.0,0.0,0.0,142.42889705882354,0.0,0.0,144.35,0.9999253857184062,1.0,1285.4813794400031,1000.0,1285.4813794400031,1000.0,0.0,0.0
12243,1686235080000.0,0.0,0.0,0.0,142.42889705882354,0.0,0.0,144.75,0.9999253857184062,1.0,1285.4813794400031,1000.0,1285.4813794400031,1000.0,0.0,0.0
12244,1686238680000.0,0.0,0.0,0.0,142.42889705882354,0.0,0.0,144.2,0.9999253857184062,1.0,1285.4813794400031,1000.0,1285.4813794400031,1000.0,0.0,0.0
12245,1686242280000.0,0.0,0.0,0.0,142.42889705882354,0.0,0.0,143.4,0.9999253857184062,1.0,1285.4813794400031,1000.0,1285.4813794400031,1000.0,0.0,0.0
12246,1686245880000.0,0.0,0.0,0.0,142.42889705882354,0.0,0.0,143.0,0.9999253857184062,1.0,1285.4813794400031,1000.0,1285.4813794400031,1000.0,0.0,0.0
12247,1686249480000.0,0.0,0.0,0.0,142.42889705882354,0.0,0.0,142.75,0.9999253857184062,1.0,1285.4813794400031,1000.0,1285.4813794400031,1000.0,0.0,0.0
12248,1686253080000.0,0.0,0.0,0.0,142.42889705882354,0.0,0.0,142.85,0.9999253857184062,1.0,1285.4813794400031,1000.0,1285.4813794400031,1000.0,0.0,0.0
12249,1686256680000.0,0.0,0.0,0.0,142.42889705882354,0.0,0.0,142.95,0.9999253857184062,1.0,1285.4813794400031,1000.0,1285.4813794400031,1000.0,0.0,0.0
12250,1686260280000.0,0.0,0.0,0.0,142.42889705882354,0.0,0.0,143.25,0.9999253857184062,1.0,1285.4813794400031,1000.0,1285.4813794400031,1000.0,0.0,0.0
12251,1686263880000.0,0.0,0.0,0.0,142.42889705882354,0.0,0.0,143.55,0.9999253857184062,1.0,1285.4813794400031,1000.0,1285.4813794400031,1000.0,0.0,0.0
12252,1686267480000.0,0.0,0.0,0.0,142.42889705882354,0.0,0.0,142.8,0.9999253857184062,1.0,1285.4813794400031,1000.0,1285.4813794400031,1000.0,0.0,0.0
12253,1686271080000.0,0.0,0.0,0.0,142.42889705882354,0.0,0.0,141.85,0.9999253857184062,1.0,1285.4813794400031,1000.0,1285.4813794400031,1000.0,0.0,0.0
12254,1686274680000.0,0.0,0.0,0.0,142.42889705882354,0.0,0.0,141.9,0.9999253857184062,1.0,1285.4813794400031,1000.0,1285.4813794400031,1000.0,0.0,0.0
12255,1686278280000.0,0.0,0.0,0.0,142.42889705882354,0.0,0.0,141.1,0.9999253857184062,1.0,1285.4813794400031,1000.0,1285.4813794400031,1000.0,0.0,0.0
12256,1686281880000.0,0.0,0.0,0.0,142.42889705882354,0.0,0.0,141.3,0.9999253857184062,1.0,1285.4813794400031,1000.0,1285.4813794400031,1000.0,0.0,0.0
12257,1686285480000.0,0.0,0.0,0.0,142.42889705882354,0.0,0.0,141.5,0.9999253857184062,1.0,1285.4813794400031,1000.0,1285.4813794400031,1000.0,0.0,0.0
12258,1686289080000.0,0.0,0.0,0.0,142.42889705882354,0.0,0.0,141.85,0.9999253857184062,1.0,1285.4813794400031,1000.0,1285.4813794400031,1000.0,0.0,0.0
12259,1686292680000.0,0.0,0.0,0.0,142.42889705882354,0.0,0.0,142.55,0.9999253857184062,1.0,1285.4813794400031,1000.0,1285.4813794400031,1000.0,0.0,0.0
12260,1686296280000.0,0.0,0.0,0.0,142.42889705882354,0.0,0.0,142.05,0.9999253857184062,1.0,1285.4813794400031,1000.0,1285.4813794400031,1000.0,0.0,0.0
12261,1686299880000.0,0.0,0.0,0.0,142.42889705882354,0.0,0.0,143.0,0.9999253857184062,1.0,1285.4813794400031,1000.0,1285.4813794400031,1000.0,0.0,0.0
12262,1686303480000.0,0.0,0.0,0.0,142.42889705882354,0.0,0.0,142.3,0.9999253857184062,1.0,1285.4813794400031,1000.0,1285.4813794400031,1000.0,0.0,0.0
12263,1686307080000.0,0.0,0.0,0.0,142.42889705882354,0.0,0.0,142.75,0.9999253857184062,1.0,1285.4813794400031,1000.0,1285.4813794400031,1000.0,0.0,0.0
12264,1686310680000.0,0.0,0.0,0.0,142.42889705882354,0.0,0.0,142.75,0.9999253857184062,1.0,1285.4813794400031,1000.0,1285.4813794400031,1000.0,0.0,0.0
12265,1686314280000.0,0.0,0.0,0.0,142.42889705882354,0.0,0.0,142.65,0.9999253857184062,1.0,1285.4813794400031,1000.0,1285.4813794400031,1000.0,0.0,0.0
12266,1686317880000.0,0.0,0.0,0.0,142.42889705882354,0.0,0.0,142.9,0.9999253857184062,1.0,1285.4813794400031,1000.0,1285.4813794400031,1000.0,0.0,0.0
12267,1686321480000.0,0.0,0.0,0.0,142.42889705882354,0.0,0.0,142.5,0.9999253857184062,1.0,1285.4813794400031,1000.0,1285.4813794400031,1000.0,0.0,0.0
12268,1686325080000.0,0.0,0.0,0.0,142.42889705882354,0.0,0.0,141.2,0.9999253857184062,1.0,1285.4813794400031,1000.0,1285.4813794400031,1000.0,0.0,0.0
12269,1686328680000.0,0.0,0.0,0.0,142.42889705882354,0.0,0.0,141.55,0.9999253857184062,1.0,1285.4813794400031,1000.0,1285.4813794400031,1000.0,0.0,0.0
12270,1686332280000.0,0.0,0.0,0.0,142.42889705882354,0.0,0.0,142.65,0.9999253857184062,1.0,1285.4813794400031,1000.0,1285.4813794400031,1000.0,0.0,0.0
12271,1686335880000.0,0.0,0.0,0.0,142.42889705882354,0.0,0.0,142.75,0.9999253857184062,1.0,1285.4813794400031,1000.0,1285.4813794400031,1000.0,0.0,0.0
12272,1686339480000.0,0.0,0.0,0.0,142.42889705882354,0.0,0.0,142.35,0.9999253857184062,1.0,1285.4813794400031,1000.0,1285.4813794400031,1000.0,0.0,0.0
12273,1686343080000.0,0.0,0.0,0.0,142.42889705882354,0.0,0.0,142.65,0.9999253857184062,1.0,1285.4813794400031,1000.0,1285.4813794400031,1000.0,0.0,0.0
12274,1686346680000.0,0.0,0.0,0.0,142.42889705882354,0.0,0.0,142.75,0.9999253857184062,1.0,1285.4813794400031,1000.0,1285.4813794400031,1000.0,0.0,0.0
12275,1686350280000.0,0.0,0.0,0.0,142.42889705882354,0.0,0.0,142.15,0.9999253857184062,1.0,1285.4813794400031,1000.0,1285.4813794400031,1000.0,0.0,0.0
12276,1686353880000.0,0.0,0.0,0.0,142.42889705882354,0.0,0.0,141.9,0.9999253857184062,1.0,1285.4813794400031,1000.0,1285.4813794400031,1000.0,0.0,0.0
12277,1686357480000.0,0.0,0.0,0.0,142.42889705882354,0.0,0.0,143.4,0.9999253857184062,1.0,1285.4813794400031,1000.0,1285.4813794400031,1000.0,0.0,0.0
12278,1686361080000.0,0.0,0.0,0.0,142.42889705882354,0.0,0.0,142.4,0.9999253857184062,1.0,1285.4813794400031,1000.0,1285.4813794400031,1000.0,0.0,0.0
12279,1686364680000.0,0.0,0.0,0.0,142.42889705882354,0.0,0.0,142.35,0.9999253857184062,1.0,1285.4813794400031,1000.0,1285.4813794400031,1000.0,0.0,0.0
12280,1686368280000.0,0.0,0.0,0.0,142.42889705882354,0.0,0.0,141.55,0.9999253857184062,1.0,1285.4813794400031,1000.0,1285.4813794400031,1000.0,0.0,0.0
12281,1686371880000.0,0.0,0.0,1.16,132.2293103448276,0.0,0.0,130.3,0.9999253857184062,1.0,1285.4507022400032,1000.0,1283.2127022400032,1000.0,0.11932468490056627,0.0
12282,1686375480000.0,0.0,0.0,1.16,132.2293103448276,0.0,0.0,130.95,0.9999253857184062,1.0,1285.4507022400032,1000.0,1283.966702240003,1000.0,0.11932468490056627,0.0
12283,1686379080000.0,0.0,0.0,1.16,132.2293103448276,0.0,0.0,131.1,0.9999253857184062,1.0,1285.4507022400032,1000.0,1284.1407022400033,1000.0,0.11932468490056627,0.0
12284,1686382680000.0,0.0,0.0,1.16,132.2293103448276,0.0,0.0,134.75,0.9999253857184062,1.0,1285.4507022400032,1000.0,1288.3747022400032,1000.0,0.11932468490056627,0.0
12285,1686386280000.0,0.0,0.0,1.16,132.2293103448276,0.0,0.0,135.45,0.9999253857184062,1.0,1285.4507022400032,1000.0,1289.1867022400031,1000.0,0.11932468490056627,0.0
12286,1686389880000.0,0.0,0.0,1.16,132.2293103448276,0.0,0.0,135.6,0.9999253857184062,1.0,1285.4507022400032,1000.0,1289.360702240003,1000.0,0.11932468490056627,0.0
12287,1686393480000.0,0.0,0.0,0.16,132.2293103448276,0.0,0.0,136.35,0.9999253857184062,1.0,1289.3941518951756,1000.0,1290.0534622400032,1000.0,0.016408240741650582,0.0
12288,1686397080000.0,0.0,0.0,0.16,132.2293103448276,0.0,0.0,135.9,0.9999253857184062,1.0,1289.3941518951756,1000.0,1289.981462240003,1000.0,0.016408240741650582,0.0
12289,1686400680000.0,0.0,0.0,0.08,132.2293103448276,0.0,0.0,136.95,0.9999253857184062,1.0,1289.7096278675892,1000.0,1290.087283040003,1000.0,0.008202113560303093,0.0
12290,1686404280000.0,0.0,0.0,0.06,132.2293103448276,0.0,0.0,136.05,0.9999253857184062,1.0,1289.7884968606927,1000.0,1290.0177382400032,1000.0,0.006151209008298796,0.0
12291,1686407880000.0,0.0,0.0,0.02,132.2293103448276,0.0,0.0,136.2,0.9999253857184062,1.0,1289.9462348468994,1000.0,1290.0256486400028,1000.0,0.002050152274145311,0.0
12292,1686411480000.0,0.0,0.0,0.0,132.2293103448276,0.0,0.0,136.75,0.9999253857184062,1.0,1290.0251038400027,1000.0,1290.0251038400027,1000.0,0.0,0.0
12293,1686415080000.0,0.0,0.0,0.0,132.2293103448276,0.0,0.0,137.2,0.9999253857184062,1.0,1290.0251038400027,1000.0,1290.0251038400027,1000.0,0.0,0.0
12294,1686418680000.0,0.0,0.0,0.0,132.2293103448276,0.0,0.0,138.05,0.9999253857184062,1.0,1290.0251038400027,1000.0,1290.0251038400027,1000.0,0.0,0.0
12295,1686422280000.0,0.0,0.0,0.0,132.2293103448276,0.0,0.0,137.6,0.9999253857184062,1.0,1290.0251038400027,1000.0,1290.0251038400027,1000.0,0.0,0.0
12296,1686425880000.0,0.0,0.0,0.0,132.2293103448276,0.0,0.0,137.05,0.9999253857184062,1.0,1290.0251038400027,1000.0,1290.0251038400027,1000.0,0.0,0.0
12297,1686429480000.0,0.0,0.0,0.0,132.2293103448276,0.0,0.0,137.75,0.9999253857184062,1.0,1290.0251038400027,1000.0,1290.0251038400027,1000.0,0.0,0.0
12298,1686433080000.0,0.0,0.0,0.0,132.2293103448276,0.0,0.0,137.8,0.9999253857184062,1.0,1290.0251038400027,1000.0,1290.0251038400027,1000.0,0.0,0.0
12299,1686436680000.0,0.0,0.0,0.0,132.2293103448276,0.0,0.0,137.75,0.9999253857184062,1.0,1290.0251038400027,1000.0,1290.0251038400027,1000.0,0.0,0.0
12300,1686440280000.0,0.0,0.0,0.0,132.2293103448276,0.0,0.0,137.95,0.9999253857184062,1.0,1290.0251038400027,1000.0,1290.0251038400027,1000.0,0.0,0.0
12301,1686443880000.0,0.0,0.0,0.0,132.2293103448276,0.0,0.0,136.45,0.9999253857184062,1.0,1290.0251038400027,1000.0,1290.0251038400027,1000.0,0.0,0.0
12302,1686447480000.0,0.0,0.0,0.0,132.2293103448276,0.0,0.0,137.15,0.9999253857184062,1.0,1290.0251038400027,1000.0,1290.0251038400027,1000.0,0.0,0.0
12303,1686451080000.0,0.0,0.0,0.0,132.2293103448276,0.0,0.0,137.05,0.9999253857184062,1.0,1290.0251038400027,1000.0,1290.0251038400027,1000.0,0.0,0.0
12304,1686454680000.0,0.0,0.0,0.0,132.2293103448276,0.0,0.0,137.45,0.9999253857184062,1.0,1290.0251038400027,1000.0,1290.0251038400027,1000.0,0.0,0.0
12305,1686458280000.0,0.0,0.0,0.0,132.2293103448276,0.0,0.0,136.4,0.9999253857184062,1.0,1290.0251038400027,1000.0,1290.0251038400027,1000.0,0.0,0.0
12306,1686461880000.0,0.0,0.0,0.0,132.2293103448276,0.0,0.0,137.35,0.9999253857184062,1.0,1290.0251038400027,1000.0,1290.0251038400027,1000.0,0.0,0.0
12307,1686465480000.0,0.0,0.0,0.0,132.2293103448276,0.0,0.0,137.5,0.9999253857184062,1.0,1290.0251038400027,1000.0,1290.0251038400027,1000.0,0.0,0.0
12308,1686469080000.0,0.0,0.0,0.0,132.2293103448276,0.0,0.0,137.5,0.9999253857184062,1.0,1290.0251038400027,1000.0,1290.0251038400027,1000.0,0.0,0.0
12309,1686472680000.0,0.0,0.0,0.0,132.2293103448276,0.0,0.0,137.7,0.9999253857184062,1.0,1290.0251038400027,1000.0,1290.0251038400027,1000.0,0.0,0.0
12310,1686476280000.0,0.0,0.0,0.0,132.2293103448276,0.0,0.0,137.7,0.9999253857184062,1.0,1290.0251038400027,1000.0,1290.0251038400027,1000.0,0.0,0.0
12311,1686479880000.0,0.0,0.0,0.0,132.2293103448276,0.0,0.0,137.0,0.9999253857184062,1.0,1290.0251038400027,1000.0,1290.0251038400027,1000.0,0.0,0.0
12312,1686483480000.0,0.0,0.0,0.0,132.2293103448276,0.0,0.0,136.65,0.9999253857184062,1.0,1290.0251038400027,1000.0,1290.0251038400027,1000.0,0.0,0.0
12313,1686487080000.0,0.0,0.0,0.0,132.2293103448276,0.0,0.0,136.4,0.9999253857184062,1.0,1290.0251038400027,1000.0,1290.0251038400027,1000.0,0.0,0.0
12314,1686490680000.0,0.0,0.0,0.0,132.2293103448276,0.0,0.0,136.45,0.9999253857184062,1.0,1290.0251038400027,1000.0,1290.0251038400027,1000.0,0.0,0.0
12315,1686494280000.0,0.0,0.0,0.0,132.2293103448276,0.0,0.0,136.2,0.9999253857184062,1.0,1290.0251038400027,1000.0,1290.0251038400027,1000.0,0.0,0.0
12316,1686497880000.0,0.0,0.0,0.0,132.2293103448276,0.0,0.0,135.95,0.9999253857184062,1.0,1290.0251038400027,1000.0,1290.0251038400027,1000.0,0.0,0.0
12317,1686501480000.0,0.0,0.0,0.0,132.2293103448276,0.0,0.0,136.5,0.9999253857184062,1.0,1290.0251038400027,1000.0,1290.0251038400027,1000.0,0.0,0.0
12318,1686505080000.0,0.0,0.0,0.0,132.2293103448276,0.0,0.0,136.75,0.9999253857184062,1.0,1290.0251038400027,1000.0,1290.0251038400027,1000.0,0.0,0.0
12319,1686508680000.0,0.0,0.0,0.0,132.2293103448276,0.0,0.0,137.05,0.9999253857184062,1.0,1290.0251038400027,1000.0,1290.0251038400027,1000.0,0.0,0.0
12320,1686512280000.0,0.0,0.0,0.0,132.2293103448276,0.0,0.0,137.85,0.9999253857184062,1.0,1290.0251038400027,1000.0,1290.0251038400027,1000.0,0.0,0.0
12321,1686515880000.0,0.0,0.0,0.0,132.2293103448276,0.0,0.0,137.9,0.9999253857184062,1.0,1290.0251038400027,1000.0,1290.0251038400027,1000.0,0.0,0.0
12322,1686519480000.0,0.0,0.0,0.0,132.2293103448276,0.0,0.0,138.55,0.9999253857184062,1.0,1290.0251038400027,1000.0,1290.0251038400027,1000.0,0.0,0.0
12323,1686523080000.0,0.0,0.0,0.0,132.2293103448276,0.0,0.0,138.15,0.9999253857184062,1.0,1290.0251038400027,1000.0,1290.0251038400027,1000.0,0.0,0.0
12324,1686526680000.0,0.0,0.0,0.0,132.2293103448276,0.0,0.0,138.25,0.9999253857184062,1.0,1290.0251038400027,1000.0,1290.0251038400027,1000.0,0.0,0.0
12325,1686530280000.0,0.0,0.0,0.0,132.2293103448276,0.0,0.0,137.75,0.9999253857184062,1.0,1290.0251038400027,1000.0,1290.0251038400027,1000.0,0.0,0.0
12326,1686533880000.0,0.0,0.0,0.0,132.2293103448276,0.0,0.0,137.85,0.9999253857184062,1.0,1290.0251038400027,1000.0,1290.0251038400027,1000.0,0.0,0.0
12327,1686537480000.0,0.0,0.0,0.0,132.2293103448276,0.0,0.0,137.5,0.9999253857184062,1.0,1290.0251038400027,1000.0,1290.0251038400027,1000.0,0.0,0.0
12328,1686541080000.0,0.0,0.0,0.0,132.2293103448276,0.0,0.0,136.6,0.9999253857184062,1.0,1290.0251038400027,1000.0,1290.0251038400027,1000.0,0.0,0.0
12329,1686544680000.0,0.0,0.0,0.0,132.2293103448276,0.0,0.0,136.15,0.9999253857184062,1.0,1290.0251038400027,1000.0,1290.0251038400027,1000.0,0.0,0.0
12330,1686548280000.0,0.0,0.0,0.0,132.2293103448276,0.0,0.0,136.55,0.9999253857184062,1.0,1290.0251038400027,1000.0,1290.0251038400027,1000.0,0.0,0.0
12331,1686551880000.0,0.0,0.0,0.0,132.2293103448276,0.0,0.0,137.35,0.9999253857184062,1.0,1290.0251038400027,1000.0,1290.0251038400027,1000.0,0.0,0.0
12332,1686555480000.0,0.0,0.0,0.0,132.2293103448276,0.0,0.0,137.25,0.9999253857184062,1.0,1290.0251038400027,1000.0,1290.0251038400027,1000.0,0.0,0.0
12333,1686559080000.0,0.0,0.0,0.0,132.2293103448276,0.0,0.0,138.75,0.9999253857184062,1.0,1290.0251038400027,1000.0,1290.0251038400027,1000.0,0.0,0.0
12334,1686562680000.0,0.0,0.0,0.0,132.2293103448276,0.0,0.0,140.5,0.9999253857184062,1.0,1290.0251038400027,1000.0,1290.0251038400027,1000.0,0.0,0.0
12335,1686566280000.0,0.0,0.0,0.0,132.2293103448276,0.0,0.0,139.0,0.9999253857184062,1.0,1290.0251038400027,1000.0,1290.0251038400027,1000.0,0.0,0.0
12336,1686569880000.0,0.0,0.0,0.0,132.2293103448276,0.0,0.0,139.0,0.9999253857184062,1.0,1290.0251038400027,1000.0,1290.0251038400027,1000.0,0.0,0.0
12337,1686573480000.0,0.0,0.0,0.0,132.2293103448276,0.0,0.0,138.95,0.9999253857184062,1.0,1290.0251038400027,1000.0,1290.0251038400027,1000.0,0.0,0.0
12338,1686577080000.0,0.0,0.0,0.0,132.2293103448276,0.0,0.0,139.4,0.9999253857184062,1.0,1290.0251038400027,1000.0,1290.0251038400027,1000.0,0.0,0.0
12339,1686580680000.0,0.0,0.0,0.0,132.2293103448276,0.0,0.0,139.1,0.9999253857184062,1.0,1290.0251038400027,1000.0,1290.0251038400027,1000.0,0.0,0.0
12340,1686584280000.0,0.0,0.0,0.0,132.2293103448276,0.0,0.0,139.45,0.9999253857184062,1.0,1290.0251038400027,1000.0,1290.0251038400027,1000.0,0.0,0.0
12341,1686587880000.0,0.0,0.0,0.0,132.2293103448276,0.0,0.0,139.8,0.9999253857184062,1.0,1290.0251038400027,1000.0,1290.0251038400027,1000.0,0.0,0.0
12342,1686591480000.0,0.0,0.0,0.0,132.2293103448276,0.0,0.0,139.5,0.9999253857184062,1.0,1290.0251038400027,1000.0,1290.0251038400027,1000.0,0.0,0.0
12343,1686595080000.0,0.0,0.0,0.0,132.2293103448276,0.0,0.0,139.25,0.9999253857184062,1.0,1290.0251038400027,1000.0,1290.0251038400027,1000.0,0.0,0.0
12344,1686598680000.0,0.0,0.0,0.0,132.2293103448276,0.0,0.0,139.7,0.9999253857184062,1.0,1290.0251038400027,1000.0,1290.0251038400027,1000.0,0.0,0.0
12345,1686602280000.0,0.0,0.0,0.0,132.2293103448276,0.0,0.0,140.1,0.9999253857184062,1.0,1290.0251038400027,1000.0,1290.0251038400027,1000.0,0.0,0.0
12346,1686605880000.0,0.0,0.0,0.0,132.2293103448276,0.0,0.0,140.2,0.9999253857184062,1.0,1290.0251038400027,1000.0,1290.0251038400027,1000.0,0.0,0.0
12347,1686609480000.0,0.0,0.0,0.0,132.2293103448276,0.0,0.0,140.0,0.9999253857184062,1.0,1290.0251038400027,1000.0,1290.0251038400027,1000.0,0.0,0.0
12348,1686613080000.0,0.0,0.0,0.0,132.2293103448276,0.0,0.0,140.4,0.9999253857184062,1.0,1290.0251038400027,1000.0,1290.0251038400027,1000.0,0.0,0.0
12349,1686616680000.0,0.0,0.0,0.0,132.2293103448276,0.0,0.0,140.65,0.9999253857184062,1.0,1290.0251038400027,1000.0,1290.0251038400027,1000.0,0.0,0.0
12350,1686620280000.0,0.0,0.0,0.0,132.2293103448276,0.0,0.0,139.75,0.9999253857184062,1.0,1290.0251038400027,1000.0,1290.0251038400027,1000.0,0.0,0.0
12351,1686623880000.0,0.0,0.0,0.0,132.2293103448276,0.0,0.0,139.35,0.9999253857184062,1.0,1290.0251038400027,1000.0,1290.0251038400027,1000.0,0.0,0.0
12352,1686627480000.0,0.0,0.0,0.0,132.2293103448276,0.0,0.0,140.1,0.9999253857184062,1.0,1290.0251038400027,1000.0,1290.0251038400027,1000.0,0.0,0.0
12353,1686631080000.0,0.0,0.0,0.0,132.2293103448276,0.0,0.0,139.2,0.9999253857184062,1.0,1290.0251038400027,1000.0,1290.0251038400027,1000.0,0.0,0.0
12354,1686634680000.0,0.0,0.0,0.0,132.2293103448276,0.0,0.0,139.1,0.9999253857184062,1.0,1290.0251038400027,1000.0,1290.0251038400027,1000.0,0.0,0.0
12355,1686638280000.0,0.0,0.0,0.0,132.2293103448276,0.0,0.0,138.15,0.9999253857184062,1.0,1290.0251038400027,1000.0,1290.0251038400027,1000.0,0.0,0.0
12356,1686641880000.0,0.0,0.0,0.0,132.2293103448276,0.0,0.0,138.9,0.9999253857184062,1.0,1290.0251038400027,1000.0,1290.0251038400027,1000.0,0.0,0.0
12357,1686645480000.0,0.0,0.0,0.0,132.2293103448276,0.0,0.0,138.95,0.9999253857184062,1.0,1290.0251038400027,1000.0,1290.0251038400027,1000.0,0.0,0.0
12358,1686649080000.0,0.0,0.0,0.0,132.2293103448276,0.0,0.0,139.35,0.9999253857184062,1.0,1290.0251038400027,1000.0,1290.0251038400027,1000.0,0.0,0.0
12359,1686652680000.0,0.0,0.0,0.0,132.2293103448276,0.0,0.0,139.6,0.9999253857184062,1.0,1290.0251038400027,1000.0,1290.0251038400027,1000.0,0.0,0.0
12360,1686656280000.0,0.0,0.0,0.0,132.2293103448276,0.0,0.0,139.9,0.9999253857184062,1.0,1290.0251038400027,1000.0,1290.0251038400027,1000.0,0.0,0.0
12361,1686659880000.0,0.0,0.0,0.0,132.2293103448276,0.0,0.0,141.0,0.9999253857184062,1.0,1290.0251038400027,1000.0,1290.0251038400027,1000.0,0.0,0.0
12362,1686663480000.0,0.0,0.0,0.0,132.2293103448276,0.0,0.0,140.35,0.9999253857184062,1.0,1290.0251038400027,1000.0,1290.0251038400027,1000.0,0.0,0.0
12363,1686667080000.0,0.0,0.0,0.0,132.2293103448276,0.0,0.0,140.1,0.9999253857184062,1.0,1290.0251038400027,1000.0,1290.0251038400027,1000.0,0.0,0.0
12364,1686670680000.0,0.0,0.0,0.0,132.2293103448276,0.0,0.0,138.85,0.9999253857184062,1.0,1290.0251038400027,1000.0,1290.0251038400027,1000.0,0.0,0.0
12365,1686674280000.0,0.0,0.0,0.0,132.2293103448276,0.0,0.0,138.45,0.9999253857184062,1.0,1290.0251038400027,1000.0,1290.0251038400027,1000.0,0.0,0.0
12366,1686677880000.0,0.0,0.0,0.0,132.2293103448276,0.0,0.0,138.7,0.9999253857184062,1.0,1290.0251038400027,1000.0,1290.0251038400027,1000.0,0.0,0.0
12367,1686681480000.0,0.0,0.0,0.0,132.2293103448276,0.0,0.0,138.85,0.9999253857184062,1.0,1290.0251038400027,1000.0,1290.0251038400027,1000.0,0.0,0.0
12368,1686685080000.0,0.0,0.0,0.0,132.2293103448276,0.0,0.0,138.6,0.9999253857184062,1.0,1290.0251038400027,1000.0,1290.0251038400027,1000.0,0.0,0.0
12369,1686688680000.0,0.0,0.0,0.0,132.2293103448276,0.0,0.0,139.2,0.9999253857184062,1.0,1290.0251038400027,1000.0,1290.0251038400027,1000.0,0.0,0.0
12370,1686692280000.0,0.0,0.0,0.0,132.2293103448276,0.0,0.0,138.4,0.9999253857184062,1.0,1290.0251038400027,1000.0,1290.0251038400027,1000.0,0.0,0.0
12371,1686695880000.0,0.0,0.0,0.0,132.2293103448276,0.0,0.0,137.45,0.9999253857184062,1.0,1290.0251038400027,1000.0,1290.0251038400027,1000.0,0.0,0.0
12372,1686699480000.0,0.0,0.0,0.0,132.2293103448276,0.0,0.0,136.85,0.9999253857184062,1.0,1290.0251038400027,1000.0,1290.0251038400027,1000.0,0.0,0.0
12373,1686703080000.0,0.0,0.0,0.0,132.2293103448276,0.0,0.0,136.6,0.9999253857184062,1.0,1290.0251038400027,1000.0,1290.0251038400027,1000.0,0.0,0.0
12374,1686706680000.0,0.0,0.0,0.0,132.2293103448276,0.0,0.0,136.15,0.9999253857184062,1.0,1290.0251038400027,1000.0,1290.0251038400027,1000.0,0.0,0.0
12375,1686710280000.0,0.0,0.0,0.0,132.2293103448276,0.0,0.0,136.05,0.9999253857184062,1.0,1290.0251038400027,1000.0,1290.0251038400027,1000.0,0.0,0.0
12376,1686713880000.0,0.0,0.0,0.0,132.2293103448276,0.0,0.0,135.6,0.9999253857184062,1.0,1290.0251038400027,1000.0,1290.0251038400027,1000.0,0.0,0.0
12377,1686717480000.0,0.0,0.0,0.0,132.2293103448276,0.0,0.0,136.15,0.9999253857184062,1.0,1290.0251038400027,1000.0,1290.0251038400027,1000.0,0.0,0.0
12378,1686721080000.0,0.0,0.0,0.0,132.2293103448276,0.0,0.0,135.7,0.9999253857184062,1.0,1290.0251038400027,1000.0,1290.0251038400027,1000.0,0.0,0.0
12379,1686724680000.0,0.0,0.0,0.0,132.2293103448276,0.0,0.0,136.35,0.9999253857184062,1.0,1290.0251038400027,1000.0,1290.0251038400027,1000.0,0.0,0.0
12380,1686728280000.0,0.0,0.0,0.0,132.2293103448276,0.0,0.0,135.95,0.9999253857184062,1.0,1290.0251038400027,1000.0,1290.0251038400027,1000.0,0.0,0.0
12381,1686731880000.0,0.0,0.0,0.0,132.2293103448276,0.0,0.0,136.65,0.9999253857184062,1.0,1290.0251038400027,1000.0,1290.0251038400027,1000.0,0.0,0.0
12382,1686735480000.0,0.0,0.0,0.0,132.2293103448276,0.0,0.0,136.75,0.9999253857184062,1.0,1290.0251038400027,1000.0,1290.0251038400027,1000.0,0.0,0.0
12383,1686739080000.0,0.0,0.0,0.0,132.2293103448276,0.0,0.0,136.7,0.9999253857184062,1.0,1290.0251038400027,1000.0,1290.0251038400027,1000.0,0.0,0.0
12384,1686742680000.0,0.0,0.0,0.0,132.2293103448276,0.0,0.0,136.75,0.9999253857184062,1.0,1290.0251038400027,1000.0,1290.0251038400027,1000.0,0.0,0.0
12385,1686746280000.0,0.0,0.0,0.0,132.2293103448276,0.0,0.0,135.65,0.9999253857184062,1.0,1290.0251038400027,1000.0,1290.0251038400027,1000.0,0.0,0.0
12386,1686749880000.0,0.0,0.0,0.0,132.2293103448276,0.0,0.0,135.45,0.9999253857184062,1.0,1290.0251038400027,1000.0,1290.0251038400027,1000.0,0.0,0.0
12387,1686753480000.0,0.0,0.0,0.0,132.2293103448276,0.0,0.0,135.5,0.9999253857184062,1.0,1290.0251038400027,1000.0,1290.0251038400027,1000.0,0.0,0.0
12388,1686757080000.0,0.0,0.0,0.0,132.2293103448276,0.0,0.0,135.7,0.9999253857184062,1.0,1290.0251038400027,1000.0,1290.0251038400027,1000.0,0.0,0.0
12389,1686760680000.0,0.0,0.0,0.0,132.2293103448276,0.0,0.0,134.55,0.9999253857184062,1.0,1290.0251038400027,1000.0,1290.0251038400027,1000.0,0.0,0.0
12390,1686764280000.0,0.0,0.0,0.0,132.2293103448276,0.0,0.0,134.25,0.9999253857184062,1.0,1290.0251038400027,1000.0,1290.0251038400027,1000.0,0.0,0.0
12391,1686767880000.0,0.0,0.0,0.0,132.2293103448276,0.0,0.0,133.75,0.9999253857184062,1.0,1290.0251038400027,1000.0,1290.0251038400027,1000.0,0.0,0.0
12392,1686771480000.0,0.0,0.0,0.0,132.2293103448276,0.0,0.0,134.5,0.9999253857184062,1.0,1290.0251038400027,1000.0,1290.0251038400027,1000.0,0.0,0.0
12393,1686775080000.0,0.0,0.0,0.39,131.51,0.0,0.0,133.25,0.9999253857184062,1.0,1290.0148460600026,1000.0,1290.6934460600025,1000.0,0.039758379647062136,0.0
12394,1686778680000.0,0.0,0.0,0.39,131.51,0.0,0.0,132.3,0.9999253857184062,1.0,1290.0148460600026,1000.0,1290.3229460600026,1000.0,0.039758379647062136,0.0
12395,1686782280000.0,0.0,0.0,0.39,131.51,0.0,0.0,132.75,0.9999253857184062,1.0,1290.0148460600026,1000.0,1290.4984460600026,1000.0,0.039758379647062136,0.0
12396,1686785880000.0,0.0,0.0,0.39,131.51,0.0,0.0,133.75,0.9999253857184062,1.0,1290.0148460600026,1000.0,1290.8884460600025,1000.0,0.039758379647062136,0.0
12397,1686789480000.0,0.0,0.0,0.39,131.51,0.0,0.0,132.45,0.9999253857184062,1.0,1290.0148460600026,1000.0,1290.3814460600026,1000.0,0.039758379647062136,0.0
12398,1686793080000.0,0.0,0.0,0.39,131.51,0.0,0.0,132.65,0.9999253857184062,1.0,1290.0148460600026,1000.0,1290.4594460600026,1000.0,0.039758379647062136,0.0
12399,1686796680000.0,0.0,0.0,0.39,131.51,0.0,0.0,133.05,0.9999253857184062,1.0,1290.0148460600026,1000.0,1290.6154460600026,1000.0,0.039758379647062136,0.0
12400,1686800280000.0,0.0,0.0,0.39,131.51,0.0,0.0,131.75,0.9999253857184062,1.0,1290.0148460600026,1000.0,1290.1084460600025,1000.0,0.039758379647062136,0.0
12401,1686803880000.0,0.0,0.0,0.39,131.51,0.0,0.0,132.05,0.9999253857184062,1.0,1290.0148460600026,1000.0,1290.2254460600027,1000.0,0.039758379647062136,0.0
12402,1686807480000.0,0.0,0.0,0.39,131.51,0.0,0.0,131.85,0.9999253857184062,1.0,1290.0148460600026,1000.0,1290.1474460600025,1000.0,0.039758379647062136,0.0
12403,1686811080000.0,0.0,0.0,0.39,131.51,0.0,0.0,132.25,0.9999253857184062,1.0,1290.0148460600026,1000.0,1290.3034460600027,1000.0,0.039758379647062136,0.0
12404,1686814680000.0,0.0,0.0,0.39,131.51,0.0,0.0,132.9,0.9999253857184062,1.0,1290.0148460600026,1000.0,1290.5569460600027,1000.0,0.039758379647062136,0.0
12405,1686818280000.0,0.0,0.0,0.39,131.51,0.0,0.0,133.55,0.9999253857184062,1.0,1290.0148460600026,1000.0,1290.8104460600025,1000.0,0.039758379647062136,0.0
12406,1686821880000.0,0.0,0.0,0.39,131.51,0.0,0.0,134.65,0.9999253857184062,1.0,1290.0148460600026,1000.0,1291.2394460600026,1000.0,0.039758379647062136,0.0
12407,1686825480000.0,0.0,0.0,0.39,131.51,0.0,0.0,133.2,0.9999253857184062,1.0,1290.0148460600026,1000.0,1290.6739460600027,1000.0,0.039758379647062136,0.0
12408,1686829080000.0,0.0,0.0,0.39,131.51,0.0,0.0,133.6,0.9999253857184062,1.0,1290.0148460600026,1000.0,1290.8299460600026,1000.0,0.039758379647062136,0.0
12409,1686832680000.0,0.0,0.0,0.39,131.51,0.0,0.0,133.2,0.9999253857184062,1.0,1290.0148460600026,1000.0,1290.6739460600027,1000.0,0.039758379647062136,0.0
12410,1686836280000.0,0.0,0.0,0.39,131.51,0.0,0.0,133.6,0.9999253857184062,1.0,1290.0148460600026,1000.0,1290.8299460600026,1000.0,0.039758379647062136,0.0
12411,1686839880000.0,0.0,0.0,0.39,131.51,0.0,0.0,134.65,0.9999253857184062,1.0,1290.0148460600026,1000.0,1291.2394460600026,1000.0,0.039758379647062136,0.0
12412,1686843480000.0,0.0,0.0,0.39,131.51,0.0,0.0,134.5,0.9999253857184062,1.0,1290.0148460600026,1000.0,1291.1809460600025,1000.0,0.039758379647062136,0.0
12413,1686847080000.0,0.0,0.0,0.39,131.51,0.0,0.0,133.6,0.9999253857184062,1.0,1290.0148460600026,1000.0,1290.8299460600026,1000.0,0.039758379647062136,0.0
12414,1686850680000.0,0.0,0.0,0.39,131.51,0.0,0.0,132.25,0.9999253857184062,1.0,1290.0148460600026,1000.0,1290.3034460600027,1000.0,0.039758379647062136,0.0
12415,1686854280000.0,0.0,0.0,0.39,131.51,0.0,0.0,134.65,0.9999253857184062,1.0,1290.0148460600026,1000.0,1291.2394460600026,1000.0,0.039758379647062136,0.0
12416,1686857880000.0,0.0,0.0,0.39,131.51,0.0,0.0,133.9,0.9999253857184062,1.0,1290.0148460600026,1000.0,1290.9469460600026,1000.0,0.039758379647062136,0.0
12417,1686861480000.0,0.0,0.0,0.39,131.51,0.0,0.0,133.45,0.9999253857184062,1.0,1290.0148460600026,1000.0,1290.7714460600025,1000.0,0.039758379647062136,0.0
12418,1686865080000.0,0.0,0.0,0.39,131.51,0.0,0.0,134.7,0.9999253857184062,1.0,1290.0148460600026,1000.0,1291.2589460600025,1000.0,0.039758379647062136,0.0
12419,1686868680000.0,0.0,0.0,0.39,131.51,0.0,0.0,134.9,0.9999253857184062,1.0,1290.0148460600026,1000.0,1291.3369460600027,1000.0,0.039758379647062136,0.0
12420,1686872280000.0,0.0,0.0,0.39,131.51,0.0,0.0,134.5,0.9999253857184062,1.0,1290.0148460600026,1000.0,1291.1809460600025,1000.0,0.039758379647062136,0.0
12421,1686875880000.0,0.0,0.0,0.39,131.51,0.0,0.0,132.85,0.9999253857184062,1.0,1290.0148460600026,1000.0,1290.5374460600026,1000.0,0.039758379647062136,0.0
12422,1686879480000.0,0.0,0.0,0.39,131.51,0.0,0.0,132.65,0.9999253857184062,1.0,1290.0148460600026,1000.0,1290.4594460600026,1000.0,0.039758379647062136,0.0
12423,1686883080000.0,0.0,0.0,0.39,131.51,0.0,0.0,133.35,0.9999253857184062,1.0,1290.0148460600026,1000.0,1290.7324460600025,1000.0,0.039758379647062136,0.0
12424,1686886680000.0,0.0,0.0,0.39,131.51,0.0,0.0,134.75,0.9999253857184062,1.0,1290.0148460600026,1000.0,1291.2784460600026,1000.0,0.039758379647062136,0.0
12425,1686890280000.0,0.0,0.0,0.26,131.51,0.0,0.0,135.6,0.9999253857184062,1.0,1290.5248241000027,1000.0,1291.5882241000027,1000.0,0.02649511219115489,0.0
12426,1686893880000.0,0.0,0.0,0.26,131.51,0.0,0.0,137.15,0.9999253857184062,1.0,1290.5248241000027,1000.0,1291.9912241000027,1000.0,0.02649511219115489,0.0
12427,1686897480000.0,0.0,0.0,0.26,131.51,0.0,0.0,136.9,0.9999253857184062,1.0,1290.5248241000027,1000.0,1291.9262241000026,1000.0,0.02649511219115489,0.0
12428,1686901080000.0,0.0,0.0,0.26,131.51,0.0,0.0,136.4,0.9999253857184062,1.0,1290.5248241000027,1000.0,1291.7962241000027,1000.0,0.02649511219115489,0.0
12429,1686904680000.0,0.0,0.0,0.26,131.51,0.0,0.0,136.85,0.9999253857184062,1.0,1290.5248241000027,1000.0,1291.9132241000027,1000.0,0.02649511219115489,0.0
12430,1686908280000.0,0.0,0.0,0.26,131.51,0.0,0.0,136.85,0.9999253857184062,1.0,1290.5248241000027,1000.0,1291.9132241000027,1000.0,0.02649511219115489,0.0
12431,1686911880000.0,0.0,0.0,0.26,131.51,0.0,0.0,137.15,0.9999253857184062,1.0,1290.5248241000027,1000.0,1291.9912241000027,1000.0,0.02649511219115489,0.0
12432,1686915480000.0,0.0,0.0,0.26,131.51,0.0,0.0,136.0,0.9999253857184062,1.0,1290.5248241000027,1000.0,1291.6922241000027,1000.0,0.02649511219115489,0.0
12433,1686919080000.0,0.0,0.0,0.26,131.51,0.0,0.0,135.75,0.9999253857184062,1.0,1290.5248241000027,1000.0,1291.6272241000026,1000.0,0.02649511219115489,0.0
12434,1686922680000.0,0.0,0.0,0.26,131.51,0.0,0.0,134.85,0.9999253857184062,1.0,1290.5248241000027,1000.0,1291.3932241000027,1000.0,0.02649511219115489,0.0
12435,1686926280000.0,0.0,0.0,0.26,131.51,0.0,0.0,134.55,0.9999253857184062,1.0,1290.5248241000027,1000.0,1291.3152241000028,1000.0,0.02649511219115489,0.0
12436,1686929880000.0,0.0,0.0,0.26,131.51,0.0,0.0,134.3,0.9999253857184062,1.0,1290.5248241000027,1000.0,1291.2502241000027,1000.0,0.02649511219115489,0.0
12437,1686933480000.0,0.0,0.0,0.26,131.51,0.0,0.0,134.35,0.9999253857184062,1.0,1290.5248241000027,1000.0,1291.2632241000026,1000.0,0.02649511219115489,0.0
12438,1686937080000.0,0.0,0.0,0.26,131.51,0.0,0.0,135.05,0.9999253857184062,1.0,1290.5248241000027,1000.0,1291.4452241000026,1000.0,0.02649511219115489,0.0
12439,1686940680000.0,0.0,0.0,0.08,131.51,0.0,0.0,135.6,0.9999253857184062,1.0,1291.2309475400027,1000.0,1291.5581475400027,1000.0,0.008147884017219206,0.0
12440,1686944280000.0,0.0,0.0,0.06,131.51,0.0,0.0,135.45,0.9999253857184062,1.0,1291.3094057000026,1000.0,1291.5458057000026,1000.0,0.006110541722355537,0.0
12441,1686947880000.0,0.0,0.0,0.03,131.51,0.0,0.0,135.2,0.9999253857184062,1.0,1291.4270929400025,1000.0,1291.5377929400024,1000.0,0.0030549924355530705,0.0
12442,1686951480000.0,0.0,0.0,0.0,131.51,0.0,0.0,135.55,0.9999253857184062,1.0,1291.5447801800026,1000.0,1291.5447801800026,1000.0,0.0,0.0
12443,1686955080000.0,0.0,0.0,0.0,131.51,0.0,0.0,135.05,0.9999253857184062,1.0,1291.5447801800026,1000.0,1291.5447801800026,1000.0,0.0,0.0
12444,1686958680000.0,0.0,0.0,0.0,131.51,0.0,0.0,134.15,0.9999253857184062,1.0,1291.5447801800026,1000.0,1291.5447801800026,1000.0,0.0,0.0
12445,1686962280000.0,0.0,0.0,0.0,131.51,0.0,0.0,134.6,0.9999253857184062,1.0,1291.5447801800026,1000.0,1291.5447801800026,1000.0,0.0,0.0
12446,1686965880000.0,0.0,0.0,0.0,131.51,0.0,0.0,134.9,0.9999253857184062,1.0,1291.5447801800026,1000.0,1291.5447801800026,1000.0,0.0,0.0
12447,1686969480000.0,0.0,0.0,0.0,131.51,0.0,0.0,135.0,0.9999253857184062,1.0,1291.5447801800026,1000.0,1291.5447801800026,1000.0,0.0,0.0
12448,1686973080000.0,0.0,0.0,0.0,131.51,0.0,0.0,134.8,0.9999253857184062,1.0,1291.5447801800026,1000.0,1291.5447801800026,1000.0,0.0,0.0
12449,1686976680000.0,0.0,0.0,0.0,131.51,0.0,0.0,135.25,0.9999253857184062,1.0,1291.5447801800026,1000.0,1291.5447801800026,1000.0,0.0,0.0
12450,1686980280000.0,0.0,0.0,0.0,131.51,0.0,0.0,135.5,0.9999253857184062,1.0,1291.5447801800026,1000.0,1291.5447801800026,1000.0,0.0,0.0
12451,1686983880000.0,0.0,0.0,0.0,131.51,0.0,0.0,136.9,0.9999253857184062,1.0,1291.5447801800026,1000.0,1291.5447801800026,1000.0,0.0,0.0
12452,1686987480000.0,0.0,0.0,0.0,131.51,0.0,0.0,135.95,0.9999253857184062,1.0,1291.5447801800026,1000.0,1291.5447801800026,1000.0,0.0,0.0
12453,1686991080000.0,0.0,0.0,0.0,131.51,0.0,0.0,135.75,0.9999253857184062,1.0,1291.5447801800026,1000.0,1291.5447801800026,1000.0,0.0,0.0
12454,1686994680000.0,0.0,0.0,0.0,131.51,0.0,0.0,136.35,0.9999253857184062,1.0,1291.5447801800026,1000.0,1291.5447801800026,1000.0,0.0,0.0
12455,1686998280000.0,0.0,0.0,0.0,131.51,0.0,0.0,136.25,0.9999253857184062,1.0,1291.5447801800026,1000.0,1291.5447801800026,1000.0,0.0,0.0
12456,1687001880000.0,0.0,0.0,0.0,131.51,0.0,0.0,135.5,0.9999253857184062,1.0,1291.5447801800026,1000.0,1291.5447801800026,1000.0,0.0,0.0
12457,1687005480000.0,0.0,0.0,0.0,131.51,0.0,0.0,136.1,0.9999253857184062,1.0,1291.5447801800026,1000.0,1291.5447801800026,1000.0,0.0,0.0
12458,1687009080000.0,0.0,0.0,0.0,131.51,0.0,0.0,135.9,0.9999253857184062,1.0,1291.5447801800026,1000.0,1291.5447801800026,1000.0,0.0,0.0
12459,1687012680000.0,0.0,0.0,0.0,131.51,0.0,0.0,135.7,0.9999253857184062,1.0,1291.5447801800026,1000.0,1291.5447801800026,1000.0,0.0,0.0
12460,1687016280000.0,0.0,0.0,0.0,131.51,0.0,0.0,136.0,0.9999253857184062,1.0,1291.5447801800026,1000.0,1291.5447801800026,1000.0,0.0,0.0
12461,1687019880000.0,0.0,0.0,0.0,131.51,0.0,0.0,136.45,0.9999253857184062,1.0,1291.5447801800026,1000.0,1291.5447801800026,1000.0,0.0,0.0
12462,1687023480000.0,0.0,0.0,0.0,131.51,0.0,0.0,136.3,0.9999253857184062,1.0,1291.5447801800026,1000.0,1291.5447801800026,1000.0,0.0,0.0
12463,1687027080000.0,0.0,0.0,0.0,131.51,0.0,0.0,136.4,0.9999253857184062,1.0,1291.5447801800026,1000.0,1291.5447801800026,1000.0,0.0,0.0
12464,1687030680000.0,0.0,0.0,0.0,131.51,0.0,0.0,136.5,0.9999253857184062,1.0,1291.5447801800026,1000.0,1291.5447801800026,1000.0,0.0,0.0
12465,1687034280000.0,0.0,0.0,0.0,131.51,0.0,0.0,136.0,0.9999253857184062,1.0,1291.5447801800026,1000.0,1291.5447801800026,1000.0,0.0,0.0
12466,1687037880000.0,0.0,0.0,0.0,131.51,0.0,0.0,136.65,0.9999253857184062,1.0,1291.5447801800026,1000.0,1291.5447801800026,1000.0,0.0,0.0
12467,1687041480000.0,0.0,0.0,0.0,131.51,0.0,0.0,136.55,0.9999253857184062,1.0,1291.5447801800026,1000.0,1291.5447801800026,1000.0,0.0,0.0
12468,1687045080000.0,0.0,0.0,0.0,131.51,0.0,0.0,136.35,0.9999253857184062,1.0,1291.5447801800026,1000.0,1291.5447801800026,1000.0,0.0,0.0
12469,1687048680000.0,0.0,0.0,0.0,131.51,0.0,0.0,136.45,0.9999253857184062,1.0,1291.5447801800026,1000.0,1291.5447801800026,1000.0,0.0,0.0
12470,1687052280000.0,0.0,0.0,0.0,131.51,0.0,0.0,137.0,0.9999253857184062,1.0,1291.5447801800026,1000.0,1291.5447801800026,1000.0,0.0,0.0
12471,1687055880000.0,0.0,0.0,0.0,131.51,0.0,0.0,137.0,0.9999253857184062,1.0,1291.5447801800026,1000.0,1291.5447801800026,1000.0,0.0,0.0
12472,1687059480000.0,0.0,0.0,0.0,131.51,0.0,0.0,137.05,0.9999253857184062,1.0,1291.5447801800026,1000.0,1291.5447801800026,1000.0,0.0,0.0
12473,1687063080000.0,0.0,0.0,0.0,131.51,0.0,0.0,136.8,0.9999253857184062,1.0,1291.5447801800026,1000.0,1291.5447801800026,1000.0,0.0,0.0
12474,1687066680000.0,0.0,0.0,0.0,131.51,0.0,0.0,137.3,0.9999253857184062,1.0,1291.5447801800026,1000.0,1291.5447801800026,1000.0,0.0,0.0
12475,1687070280000.0,0.0,0.0,0.0,131.51,0.0,0.0,137.1,0.9999253857184062,1.0,1291.5447801800026,1000.0,1291.5447801800026,1000.0,0.0,0.0
12476,1687073880000.0,0.0,0.0,0.0,131.51,0.0,0.0,137.45,0.9999253857184062,1.0,1291.5447801800026,1000.0,1291.5447801800026,1000.0,0.0,0.0
12477,1687077480000.0,0.0,0.0,0.0,131.51,0.0,0.0,137.15,0.9999253857184062,1.0,1291.5447801800026,1000.0,1291.5447801800026,1000.0,0.0,0.0
12478,1687081080000.0,0.0,0.0,0.0,131.51,0.0,0.0,137.5,0.9999253857184062,1.0,1291.5447801800026,1000.0,1291.5447801800026,1000.0,0.0,0.0
12479,1687084680000.0,0.0,0.0,0.0,131.51,0.0,0.0,139.1,0.9999253857184062,1.0,1291.5447801800026,1000.0,1291.5447801800026,1000.0,0.0,0.0
12480,1687088280000.0,0.0,0.0,0.0,131.51,0.0,0.0,139.5,0.9999253857184062,1.0,1291.5447801800026,1000.0,1291.5447801800026,1000.0,0.0,0.0
12481,1687091880000.0,0.0,0.0,0.0,131.51,0.0,0.0,139.65,0.9999253857184062,1.0,1291.5447801800026,1000.0,1291.5447801800026,1000.0,0.0,0.0
12482,1687095480000.0,0.0,0.0,0.0,131.51,0.0,0.0,140.65,0.9999253857184062,1.0,1291.5447801800026,1000.0,1291.5447801800026,1000.0,0.0,0.0
12483,1687099080000.0,0.0,0.0,0.0,131.51,0.0,0.0,140.95,0.9999253857184062,1.0,1291.5447801800026,1000.0,1291.5447801800026,1000.0,0.0,0.0
12484,1687102680000.0,0.0,0.0,0.0,131.51,0.0,0.0,139.9,0.9999253857184062,1.0,1291.5447801800026,1000.0,1291.5447801800026,1000.0,0.0,0.0
12485,1687106280000.0,0.0,0.0,0.0,131.51,0.0,0.0,139.8,0.9999253857184062,1.0,1291.5447801800026,1000.0,1291.5447801800026,1000.0,0.0,0.0
12486,1687109880000.0,0.0,0.0,0.0,131.51,0.0,0.0,139.45,0.9999253857184062,1.0,1291.5447801800026,1000.0,1291.5447801800026,1000.0,0.0,0.0
12487,1687113480000.0,0.0,0.0,0.0,131.51,0.0,0.0,139.0,0.9999253857184062,1.0,1291.5447801800026,1000.0,1291.5447801800026,1000.0,0.0,0.0
12488,1687117080000.0,0.0,0.0,0.0,131.51,0.0,0.0,139.05,0.9999253857184062,1.0,1291.5447801800026,1000.0,1291.5447801800026,1000.0,0.0,0.0
12489,1687120680000.0,0.0,0.0,0.0,131.51,0.0,0.0,138.6,0.9999253857184062,1.0,1291.5447801800026,1000.0,1291.5447801800026,1000.0,0.0,0.0
12490,1687124280000.0,0.0,0.0,0.0,131.51,0.0,0.0,138.7,0.9999253857184062,1.0,1291.5447801800026,1000.0,1291.5447801800026,1000.0,0.0,0.0
12491,1687127880000.0,0.0,0.0,0.0,131.51,0.0,0.0,138.15,0.9999253857184062,1.0,1291.5447801800026,1000.0,1291.5447801800026,1000.0,0.0,0.0
12492,1687131480000.0,0.0,0.0,0.0,131.51,0.0,0.0,137.3,0.9999253857184062,1.0,1291.5447801800026,1000.0,1291.5447801800026,1000.0,0.0,0.0
12493,1687135080000.0,0.0,0.0,0.0,131.51,0.0,0.0,137.45,0.9999253857184062,1.0,1291.5447801800026,1000.0,1291.5447801800026,1000.0,0.0,0.0
12494,1687138680000.0,0.0,0.0,0.0,131.51,0.0,0.0,137.0,0.9999253857184062,1.0,1291.5447801800026,1000.0,1291.5447801800026,1000.0,0.0,0.0
12495,1687142280000.0,0.0,0.0,0.0,131.51,0.0,0.0,137.65,0.9999253857184062,1.0,1291.5447801800026,1000.0,1291.5447801800026,1000.0,0.0,0.0
12496,1687145880000.0,0.0,0.0,0.0,131.51,0.0,0.0,137.05,0.9999253857184062,1.0,1291.5447801800026,1000.0,1291.5447801800026,1000.0,0.0,0.0
12497,1687149480000.0,0.0,0.0,0.0,131.51,0.0,0.0,137.1,0.9999253857184062,1.0,1291.5447801800026,1000.0,1291.5447801800026,1000.0,0.0,0.0
12498,1687153080000.0,0.0,0.0,0.0,131.51,0.0,0.0,138.05,0.9999253857184062,1.0,1291.5447801800026,1000.0,1291.5447801800026,1000.0,0.0,0.0
12499,1687156680000.0,0.0,0.0,0.0,131.51,0.0,0.0,137.8,0.9999253857184062,1.0,1291.5447801800026,1000.0,1291.5447801800026,1000.0,0.0,0.0
12500,1687160280000.0,0.0,0.0,0.0,131.51,0.0,0.0,137.4,0.9999253857184062,1.0,1291.5447801800026,1000.0,1291.5447801800026,1000.0,0.0,0.0
12501,1687163880000.0,0.0,0.0,0.0,131.51,0.0,0.0,136.85,0.9999253857184062,1.0,1291.5447801800026,1000.0,1291.5447801800026,1000.0,0.0,0.0
12502,1687167480000.0,0.0,0.0,0.0,131.51,0.0,0.0,137.6,0.9999253857184062,1.0,1291.5447801800026,1000.0,1291.5447801800026,1000.0,0.0,0.0
12503,1687171080000.0,0.0,0.0,0.0,131.51,0.0,0.0,137.85,0.9999253857184062,1.0,1291.5447801800026,1000.0,1291.5447801800026,1000.0,0.0,0.0
12504,1687174680000.0,0.0,0.0,0.0,131.51,0.0,0.0,138.4,0.9999253857184062,1.0,1291.5447801800026,1000.0,1291.5447801800026,1000.0,0.0,0.0
12505,1687178280000.0,0.0,0.0,0.0,131.51,0.0,0.0,137.95,0.9999253857184062,1.0,1291.5447801800026,1000.0,1291.5447801800026,1000.0,0.0,0.0
12506,1687181880000.0,0.0,0.0,0.0,131.51,0.0,0.0,138.0,0.9999253857184062,1.0,1291.5447801800026,1000.0,1291.5447801800026,1000.0,0.0,0.0
12507,1687185480000.0,0.0,0.0,0.0,131.51,0.0,0.0,136.75,0.9999253857184062,1.0,1291.5447801800026,1000.0,1291.5447801800026,1000.0,0.0,0.0
12508,1687189080000.0,0.0,0.0,0.0,131.51,0.0,0.0,136.8,0.9999253857184062,1.0,1291.5447801800026,1000.0,1291.5447801800026,1000.0,0.0,0.0
12509,1687192680000.0,0.0,0.0,0.0,131.51,0.0,0.0,136.8,0.9999253857184062,1.0,1291.5447801800026,1000.0,1291.5447801800026,1000.0,0.0,0.0
12510,1687196280000.0,0.0,0.0,0.0,131.51,0.0,0.0,138.45,0.9999253857184062,1.0,1291.5447801800026,1000.0,1291.5447801800026,1000.0,0.0,0.0
12511,1687199880000.0,0.0,0.0,0.0,131.51,0.0,0.0,138.95,0.9999253857184062,1.0,1291.5447801800026,1000.0,1291.5447801800026,1000.0,0.0,0.0
12512,1687203480000.0,0.0,0.0,0.0,131.51,0.0,0.0,137.85,0.9999253857184062,1.0,1291.5447801800026,1000.0,1291.5447801800026,1000.0,0.0,0.0
12513,1687207080000.0,0.0,0.0,0.0,131.51,0.0,0.0,138.6,0.9999253857184062,1.0,1291.5447801800026,1000.0,1291.5447801800026,1000.0,0.0,0.0
12514,1687210680000.0,0.0,0.0,0.0,131.51,0.0,0.0,138.0,0.9999253857184062,1.0,1291.5447801800026,1000.0,1291.5447801800026,1000.0,0.0,0.0
12515,1687214280000.0,0.0,0.0,0.0,131.51,0.0,0.0,138.6,0.9999253857184062,1.0,1291.5447801800026,1000.0,1291.5447801800026,1000.0,0.0,0.0
12516,1687217880000.0,0.0,0.0,0.0,131.51,0.0,0.0,138.4,0.9999253857184062,1.0,1291.5447801800026,1000.0,1291.5447801800026,1000.0,0.0,0.0
12517,1687221480000.0,0.0,0.0,0.0,131.51,0.0,0.0,138.25,0.9999253857184062,1.0,1291.5447801800026,1000.0,1291.5447801800026,1000.0,0.0,0.0
12518,1687225080000.0,0.0,0.0,0.0,131.51,0.0,0.0,138.65,0.9999253857184062,1.0,1291.5447801800026,1000.0,1291.5447801800026,1000.0,0.0,0.0
12519,1687228680000.0,0.0,0.0,0.0,131.51,0.0,0.0,138.7,0.9999253857184062,1.0,1291.5447801800026,1000.0,1291.5447801800026,1000.0,0.0,0.0
12520,1687232280000.0,0.0,0.0,0.0,131.51,0.0,0.0,138.95,0.9999253857184062,1.0,1291.5447801800026,1000.0,1291.5447801800026,1000.0,0.0,0.0
12521,1687235880000.0,0.0,0.0,0.0,131.51,0.0,0.0,138.9,0.9999253857184062,1.0,1291.5447801800026,1000.0,1291.5447801800026,1000.0,0.0,0.0
12522,1687239480000.0,0.0,0.0,0.0,131.51,0.0,0.0,138.6,0.9999253857184062,1.0,1291.5447801800026,1000.0,1291.5447801800026,1000.0,0.0,0.0
12523,1687243080000.0,0.0,0.0,0.0,131.51,0.0,0.0,137.2,0.9999253857184062,1.0,1291.5447801800026,1000.0,1291.5447801800026,1000.0,0.0,0.0
12524,1687246680000.0,0.0,0.0,0.0,131.51,0.0,0.0,137.95,0.9999253857184062,1.0,1291.5447801800026,1000.0,1291.5447801800026,1000.0,0.0,0.0
12525,1687250280000.0,0.0,0.0,0.0,131.51,0.0,0.0,138.9,0.9999253857184062,1.0,1291.5447801800026,1000.0,1291.5447801800026,1000.0,0.0,0.0
12526,1687253880000.0,0.0,0.0,0.0,131.51,0.0,0.0,139.75,0.9999253857184062,1.0,1291.5447801800026,1000.0,1291.5447801800026,1000.0,0.0,0.0
12527,1687257480000.0,0.0,0.0,0.0,131.51,0.0,0.0,140.3,0.9999253857184062,1.0,1291.5447801800026,1000.0,1291.5447801800026,1000.0,0.0,0.0
12528,1687261080000.0,0.0,0.0,0.0,131.51,0.0,0.0,140.0,0.9999253857184062,1.0,1291.5447801800026,1000.0,1291.5447801800026,1000.0,0.0,0.0
12529,1687264680000.0,0.0,0.0,0.0,131.51,0.0,0.0,140.5,0.9999253857184062,1.0,1291.5447801800026,1000.0,1291.5447801800026,1000.0,0.0,0.0
12530,1687268280000.0,0.0,0.0,0.0,131.51,0.0,0.0,139.45,0.9999253857184062,1.0,1291.5447801800026,1000.0,1291.5447801800026,1000.0,0.0,0.0
12531,1687271880000.0,0.0,0.0,0.0,131.51,0.0,0.0,140.2,0.9999253857184062,1.0,1291.5447801800026,1000.0,1291.5447801800026,1000.0,0.0,0.0
12532,1687275480000.0,0.0,0.0,0.0,131.51,0.0,0.0,140.8,0.9999253857184062,1.0,1291.5447801800026,1000.0,1291.5447801800026,1000.0,0.0,0.0
12533,1687279080000.0,0.0,0.0,0.0,131.51,0.0,0.0,142.1,0.9999253857184062,1.0,1291.5447801800026,1000.0,1291.5447801800026,1000.0,0.0,0.0
12534,1687282680000.0,0.0,0.0,0.0,131.51,0.0,0.0,141.8,0.9999253857184062,1.0,1291.5447801800026,1000.0,1291.5447801800026,1000.0,0.0,0.0
12535,1687286280000.0,0.0,0.0,0.0,131.51,0.0,0.0,142.2,0.9999253857184062,1.0,1291.5447801800026,1000.0,1291.5447801800026,1000.0,0.0,0.0
12536,1687289880000.0,0.0,0.0,0.0,131.51,0.0,0.0,141.3,0.9999253857184062,1.0,1291.5447801800026,1000.0,1291.5447801800026,1000.0,0.0,0.0
12537,1687293480000.0,0.0,0.0,0.0,131.51,0.0,0.0,142.0,0.9999253857184062,1.0,1291.5447801800026,1000.0,1291.5447801800026,1000.0,0.0,0.0
12538,1687297080000.0,0.0,0.0,0.0,131.51,0.0,0.0,141.35,0.9999253857184062,1.0,1291.5447801800026,1000.0,1291.5447801800026,1000.0,0.0,0.0
12539,1687300680000.0,0.0,0.0,0.0,131.51,0.0,0.0,141.2,0.9999253857184062,1.0,1291.5447801800026,1000.0,1291.5447801800026,1000.0,0.0,0.0
12540,1687304280000.0,0.0,0.0,0.0,131.51,0.0,0.0,142.1,0.9999253857184062,1.0,1291.5447801800026,1000.0,1291.5447801800026,1000.0,0.0,0.0
12541,1687307880000.0,0.0,0.0,0.0,131.51,0.0,0.0,141.55,0.9999253857184062,1.0,1291.5447801800026,1000.0,1291.5447801800026,1000.0,0.0,0.0
12542,1687311480000.0,0.0,0.0,0.0,131.51,0.0,0.0,142.85,0.9999253857184062,1.0,1291.5447801800026,1000.0,1291.5447801800026,1000.0,0.0,0.0
12543,1687315080000.0,0.0,0.0,0.0,131.51,0.0,0.0,142.7,0.9999253857184062,1.0,1291.5447801800026,1000.0,1291.5447801800026,1000.0,0.0,0.0
12544,1687318680000.0,0.0,0.0,0.0,131.51,0.0,0.0,143.0,0.9999253857184062,1.0,1291.5447801800026,1000.0,1291.5447801800026,1000.0,0.0,0.0
12545,1687322280000.0,0.0,0.0,0.0,131.51,0.0,0.0,143.1,0.9999253857184062,1.0,1291.5447801800026,1000.0,1291.5447801800026,1000.0,0.0,0.0
12546,1687325880000.0,0.0,0.0,0.0,131.51,0.0,0.0,143.9,0.9999253857184062,1.0,1291.5447801800026,1000.0,1291.5447801800026,1000.0,0.0,0.0
12547,1687329480000.0,0.0,0.0,0.0,131.51,0.0,0.0,143.25,0.9999253857184062,1.0,1291.5447801800026,1000.0,1291.5447801800026,1000.0,0.0,0.0
12548,1687333080000.0,0.0,0.0,0.0,131.51,0.0,0.0,143.35,0.9999253857184062,1.0,1291.5447801800026,1000.0,1291.5447801800026,1000.0,0.0,0.0
12549,1687336680000.0,0.0,0.0,0.0,131.51,0.0,0.0,142.25,0.9999253857184062,1.0,1291.5447801800026,1000.0,1291.5447801800026,1000.0,0.0,0.0
12550,1687340280000.0,0.0,0.0,0.0,131.51,0.0,0.0,142.4,0.9999253857184062,1.0,1291.5447801800026,1000.0,1291.5447801800026,1000.0,0.0,0.0
12551,1687343880000.0,0.0,0.0,0.0,131.51,0.0,0.0,143.0,0.9999253857184062,1.0,1291.5447801800026,1000.0,1291.5447801800026,1000.0,0.0,0.0
12552,1687347480000.0,0.0,0.0,0.0,131.51,0.0,0.0,144.7,0.9999253857184062,1.0,1291.5447801800026,1000.0,1291.5447801800026,1000.0,0.0,0.0
12553,1687351080000.0,0.0,0.0,0.0,131.51,0.0,0.0,144.0,0.9999253857184062,1.0,1291.5447801800026,1000.0,1291.5447801800026,1000.0,0.0,0.0
12554,1687354680000.0,0.0,0.0,0.0,131.51,0.0,0.0,143.25,0.9999253857184062,1.0,1291.5447801800026,1000.0,1291.5447801800026,1000.0,0.0,0.0
12555,1687358280000.0,0.0,0.0,0.0,131.51,0.0,0.0,144.15,0.9999253857184062,1.0,1291.5447801800026,1000.0,1291.5447801800026,1000.0,0.0,0.0
12556,1687361880000.0,0.0,0.0,0.0,131.51,0.0,0.0,143.4,0.9999253857184062,1.0,1291.5447801800026,1000.0,1291.5447801800026,1000.0,0.0,0.0
12557,1687365480000.0,0.0,0.0,0.0,131.51,0.0,0.0,145.1,0.9999253857184062,1.0,1291.5447801800026,1000.0,1291.5447801800026,1000.0,0.0,0.0
12558,1687369080000.0,0.0,0.0,0.0,131.51,0.0,0.0,144.3,0.9999253857184062,1.0,1291.5447801800026,1000.0,1291.5447801800026,1000.0,0.0,0.0
12559,1687372680000.0,0.0,0.0,0.0,131.51,0.0,0.0,145.05,0.9999253857184062,1.0,1291.5447801800026,1000.0,1291.5447801800026,1000.0,0.0,0.0
12560,1687376280000.0,0.0,0.0,0.0,131.51,0.0,0.0,143.8,0.9999253857184062,1.0,1291.5447801800026,1000.0,1291.5447801800026,1000.0,0.0,0.0
12561,1687379880000.0,0.0,0.0,0.0,131.51,0.0,0.0,144.25,0.9999253857184062,1.0,1291.5447801800026,1000.0,1291.5447801800026,1000.0,0.0,0.0
12562,1687383480000.0,0.0,0.0,0.0,131.51,0.0,0.0,145.15,0.9999253857184062,1.0,1291.5447801800026,1000.0,1291.5447801800026,1000.0,0.0,0.0
12563,1687387080000.0,0.0,0.0,0.0,131.51,0.0,0.0,145.5,0.9999253857184062,1.0,1291.5447801800026,1000.0,1291.5447801800026,1000.0,0.0,0.0
12564,1687390680000.0,0.0,0.0,0.0,131.51,0.0,0.0,145.65,0.9999253857184062,1.0,1291.5447801800026,1000.0,1291.5447801800026,1000.0,0.0,0.0
12565,1687394280000.0,0.0,0.0,0.0,131.51,0.0,0.0,145.75,0.9999253857184062,1.0,1291.5447801800026,1000.0,1291.5447801800026,1000.0,0.0,0.0
12566,1687397880000.0,0.0,0.0,0.0,131.51,0.0,0.0,146.0,0.9999253857184062,1.0,1291.5447801800026,1000.0,1291.5447801800026,1000.0,0.0,0.0
12567,1687401480000.0,0.0,0.0,0.0,131.51,0.0,0.0,146.7,0.9999253857184062,1.0,1291.5447801800026,1000.0,1291.5447801800026,1000.0,0.0,0.0
12568,1687405080000.0,0.0,0.0,0.0,131.51,0.0,0.0,147.0,0.9999253857184062,1.0,1291.5447801800026,1000.0,1291.5447801800026,1000.0,0.0,0.0
12569,1687408680000.0,0.0,0.0,0.0,131.51,0.0,0.0,146.3,0.9999253857184062,1.0,1291.5447801800026,1000.0,1291.5447801800026,1000.0,0.0,0.0
12570,1687412280000.0,0.0,0.0,0.0,131.51,0.0,0.0,146.4,0.9999253857184062,1.0,1291.5447801800026,1000.0,1291.5447801800026,1000.0,0.0,0.0
12571,1687415880000.0,0.0,0.0,0.0,131.51,0.0,0.0,146.45,0.9999253857184062,1.0,1291.5447801800026,1000.0,1291.5447801800026,1000.0,0.0,0.0
12572,1687419480000.0,0.0,0.0,0.0,131.51,0.0,0.0,146.6,0.9999253857184062,1.0,1291.5447801800026,1000.0,1291.5447801800026,1000.0,0.0,0.0
12573,1687423080000.0,0.0,0.0,0.0,131.51,0.0,0.0,147.5,0.9999253857184062,1.0,1291.5447801800026,1000.0,1291.5447801800026,1000.0,0.0,0.0
12574,1687426680000.0,0.0,0.0,0.0,131.51,0.0,0.0,147.35,0.9999253857184062,1.0,1291.5447801800026,1000.0,1291.5447801800026,1000.0,0.0,0.0
12575,1687430280000.0,0.0,0.0,0.0,131.51,0.0,0.0,148.2,0.9999253857184062,1.0,1291.5447801800026,1000.0,1291.5447801800026,1000.0,0.0,0.0
12576,1687433880000.0,0.0,0.0,0.0,131.51,0.0,0.0,147.15,0.9999253857184062,1.0,1291.5447801800026,1000.0,1291.5447801800026,1000.0,0.0,0.0
12577,1687437480000.0,0.0,0.0,0.0,131.51,0.0,0.0,147.5,0.9999253857184062,1.0,1291.5447801800026,1000.0,1291.5447801800026,1000.0,0.0,0.0
12578,1687441080000.0,0.0,0.0,0.0,131.51,0.0,0.0,147.3,0.9999253857184062,1.0,1291.5447801800026,1000.0,1291.5447801800026,1000.0,0.0,0.0
12579,1687444680000.0,0.0,0.0,0.0,131.51,0.0,0.0,148.05,0.9999253857184062,1.0,1291.5447801800026,1000.0,1291.5447801800026,1000.0,0.0,0.0
12580,1687448280000.0,0.0,0.0,0.0,131.51,0.0,0.0,147.0,0.9999253857184062,1.0,1291.5447801800026,1000.0,1291.5447801800026,1000.0,0.0,0.0
12581,1687451880000.0,0.0,0.0,0.0,131.51,0.0,0.0,147.85,0.9999253857184062,1.0,1291.5447801800026,1000.0,1291.5447801800026,1000.0,0.0,0.0
12582,1687455480000.0,0.0,0.0,0.0,131.51,0.0,0.0,148.9,0.9999253857184062,1.0,1291.5447801800026,1000.0,1291.5447801800026,1000.0,0.0,0.0
12583,1687459080000.0,0.0,0.0,0.0,131.51,0.0,0.0,149.55,0.9999253857184062,1.0,1291.5447801800026,1000.0,1291.5447801800026,1000.0,0.0,0.0
12584,1687462680000.0,0.0,0.0,0.0,131.51,0.0,0.0,150.55,0.9999253857184062,1.0,1291.5447801800026,1000.0,1291.5447801800026,1000.0,0.0,0.0
12585,1687466280000.0,0.0,0.0,0.0,131.51,0.0,0.0,151.45,0.9999253857184062,1.0,1291.5447801800026,1000.0,1291.5447801800026,1000.0,0.0,0.0
12586,1687469880000.0,0.0,0.0,0.0,131.51,0.0,0.0,150.15,0.9999253857184062,1.0,1291.5447801800026,1000.0,1291.5447801800026,1000.0,0.0,0.0
12587,1687473480000.0,0.0,0.0,0.0,131.51,0.0,0.0,150.05,0.9999253857184062,1.0,1291.5447801800026,1000.0,1291.5447801800026,1000.0,0.0,0.0
12588,1687477080000.0,0.0,0.0,0.0,131.51,0.0,0.0,150.2,0.9999253857184062,1.0,1291.5447801800026,1000.0,1291.5447801800026,1000.0,0.0,0.0
12589,1687480680000.0,0.0,0.0,0.0,131.51,0.0,0.0,149.75,0.9999253857184062,1.0,1291.5447801800026,1000.0,1291.5447801800026,1000.0,0.0,0.0
12590,1687484280000.0,0.0,0.0,0.0,131.51,0.0,0.0,150.75,0.9999253857184062,1.0,1291.5447801800026,1000.0,1291.5447801800026,1000.0,0.0,0.0
12591,1687487880000.0,0.0,0.0,0.0,131.51,0.0,0.0,149.25,0.9999253857184062,1.0,1291.5447801800026,1000.0,1291.5447801800026,1000.0,0.0,0.0
12592,1687491480000.0,0.0,0.0,0.0,131.51,0.0,0.0,148.95,0.9999253857184062,1.0,1291.5447801800026,1000.0,1291.5447801800026,1000.0,0.0,0.0
12593,1687495080000.0,0.0,0.0,0.0,131.51,0.0,0.0,149.55,0.9999253857184062,1.0,1291.5447801800026,1000.0,1291.5447801800026,1000.0,0.0,0.0
12594,1687498680000.0,0.0,0.0,0.0,131.51,0.0,0.0,150.45,0.9999253857184062,1.0,1291.5447801800026,1000.0,1291.5447801800026,1000.0,0.0,0.0
12595,1687502280000.0,0.0,0.0,0.0,131.51,0.0,0.0,149.95,0.9999253857184062,1.0,1291.5447801800026,1000.0,1291.5447801800026,1000.0,0.0,0.0
12596,1687505880000.0,0.0,0.0,0.0,131.51,0.0,0.0,149.8,0.9999253857184062,1.0,1291.5447801800026,1000.0,1291.5447801800026,1000.0,0.0,0.0
12597,1687509480000.0,0.0,0.0,0.0,131.51,0.0,0.0,150.5,0.9999253857184062,1.0,1291.5447801800026,1000.0,1291.5447801800026,1000.0,0.0,0.0
12598,1687513080000.0,0.0,0.0,0.0,131.51,0.0,0.0,150.45,0.9999253857184062,1.0,1291.5447801800026,1000.0,1291.5447801800026,1000.0,0.0,0.0
12599,1687516680000.0,0.0,0.0,0.0,131.51,0.0,0.0,151.55,0.9999253857184062,1.0,1291.5447801800026,1000.0,1291.5447801800026,1000.0,0.0,0.0
12600,1687520280000.0,0.0,0.0,0.0,131.51,0.0,0.0,152.15,0.9999253857184062,1.0,1291.5447801800026,1000.0,1291.5447801800026,1000.0,0.0,0.0
12601,1687523880000.0,0.0,0.0,0.0,131.51,0.0,0.0,152.35,0.9999253857184062,1.0,1291.5447801800026,1000.0,1291.5447801800026,1000.0,0.0,0.0
12602,1687527480000.0,0.0,0.0,0.0,131.51,0.0,0.0,152.65,0.9999253857184062,1.0,1291.5447801800026,1000.0,1291.5447801800026,1000.0,0.0,0.0
12603,1687531080000.0,0.0,0.0,0.0,131.51,0.0,0.0,151.85,0.9999253857184062,1.0,1291.5447801800026,1000.0,1291.5447801800026,1000.0,0.0,0.0
12604,1687534680000.0,0.0,0.0,0.0,131.51,0.0,0.0,152.05,0.9999253857184062,1.0,1291.5447801800026,1000.0,1291.5447801800026,1000.0,0.0,0.0
12605,1687538280000.0,0.0,0.0,0.0,131.51,0.0,0.0,151.95,0.9999253857184062,1.0,1291.5447801800026,1000.0,1291.5447801800026,1000.0,0.0,0.0
12606,1687541880000.0,0.0,0.0,0.0,131.51,0.0,0.0,151.5,0.9999253857184062,1.0,1291.5447801800026,1000.0,1291.5447801800026,1000.0,0.0,0.0
12607,1687545480000.0,0.0,0.0,0.0,131.51,0.0,0.0,153.2,0.9999253857184062,1.0,1291.5447801800026,1000.0,1291.5447801800026,1000.0,0.0,0.0
12608,1687549080000.0,0.0,0.0,0.0,131.51,0.0,0.0,153.7,0.9999253857184062,1.0,1291.5447801800026,1000.0,1291.5447801800026,1000.0,0.0,0.0
12609,1687552680000.0,0.0,0.0,0.0,131.51,0.0,0.0,154.0,0.9999253857184062,1.0,1291.5447801800026,1000.0,1291.5447801800026,1000.0,0.0,0.0
12610,1687556280000.0,0.0,0.0,0.0,131.51,0.0,0.0,154.55,0.9999253857184062,1.0,1291.5447801800026,1000.0,1291.5447801800026,1000.0,0.0,0.0
12611,1687559880000.0,0.0,0.0,0.0,131.51,0.0,0.0,154.55,0.9999253857184062,1.0,1291.5447801800026,1000.0,1291.5447801800026,1000.0,0.0,0.0
12612,1687563480000.0,0.0,0.0,0.0,131.51,0.0,0.0,153.8,0.9999253857184062,1.0,1291.5447801800026,1000.0,1291.5447801800026,1000.0,0.0,0.0
12613,1687567080000.0,0.0,0.0,0.0,131.51,0.0,0.0,155.15,0.9999253857184062,1.0,1291.5447801800026,1000.0,1291.5447801800026,1000.0,0.0,0.0
12614,1687570680000.0,0.0,0.0,0.0,131.51,0.0,0.0,154.15,0.9999253857184062,1.0,1291.5447801800026,1000.0,1291.5447801800026,1000.0,0.0,0.0
12615,1687574280000.0,0.0,0.0,0.0,131.51,0.0,0.0,153.85,0.9999253857184062,1.0,1291.5447801800026,1000.0,1291.5447801800026,1000.0,0.0,0.0
12616,1687577880000.0,0.0,0.0,0.0,131.51,0.0,0.0,154.6,0.9999253857184062,1.0,1291.5447801800026,1000.0,1291.5447801800026,1000.0,0.0,0.0
12617,1687581480000.0,0.0,0.0,0.0,131.51,0.0,0.0,155.5,0.9999253857184062,1.0,1291.5447801800026,1000.0,1291.5447801800026,1000.0,0.0,0.0
12618,1687585080000.0,0.0,0.0,0.0,131.51,0.0,0.0,155.5,0.9999253857184062,1.0,1291.5447801800026,1000.0,1291.5447801800026,1000.0,0.0,0.0
12619,1687588680000.0,0.0,0.0,0.0,131.51,0.0,0.0,156.6,0.9999253857184062,1.0,1291.5447801800026,1000.0,1291.5447801800026,1000.0,0.0,0.0
12620,1687592280000.0,0.0,0.0,0.0,131.51,0.0,0.0,155.75,0.9999253857184062,1.0,1291.5447801800026,1000.0,1291.5447801800026,1000.0,0.0,0.0
12621,1687595880000.0,0.0,0.0,0.0,131.51,0.0,0.0,155.05,0.9999253857184062,1.0,1291.5447801800026,1000.0,1291.5447801800026,1000.0,0.0,0.0
12622,1687599480000.0,0.0,0.0,0.0,131.51,0.0,0.0,155.35,0.9999253857184062,1.0,1291.5447801800026,1000.0,1291.5447801800026,1000.0,0.0,0.0
12623,1687603080000.0,0.0,0.0,0.0,131.51,0.0,0.0,154.85,0.9999253857184062,1.0,1291.5447801800026,1000.0,1291.5447801800026,1000.0,0.0,0.0
12624,1687606680000.0,0.0,0.0,0.0,131.51,0.0,0.0,155.25,0.9999253857184062,1.0,1291.5447801800026,1000.0,1291.5447801800026,1000.0,0.0,0.0
12625,1687610280000.0,0.0,0.0,0.0,131.51,0.0,0.0,156.25,0.9999253857184062,1.0,1291.5447801800026,1000.0,1291.5447801800026,1000.0,0.0,0.0
12626,1687613880000.0,0.0,0.0,0.0,131.51,0.0,0.0,156.15,0.9999253857184062,1.0,1291.5447801800026,1000.0,1291.5447801800026,1000.0,0.0,0.0
12627,1687617480000.0,0.0,0.0,0.0,131.51,0.0,0.0,157.65,0.9999253857184062,1.0,1291.5447801800026,1000.0,1291.5447801800026,1000.0,0.0,0.0
12628,1687621080000.0,0.0,0.0,0.0,131.51,0.0,0.0,154.4,0.9999253857184062,1.0,1291.5447801800026,1000.0,1291.5447801800026,1000.0,0.0,0.0
12629,1687624680000.0,0.0,0.0,0.0,131.51,0.0,0.0,154.6,0.9999253857184062,1.0,1291.5447801800026,1000.0,1291.5447801800026,1000.0,0.0,0.0
12630,1687628280000.0,0.0,0.0,0.0,131.51,0.0,0.0,156.55,0.9999253857184062,1.0,1291.5447801800026,1000.0,1291.5447801800026,1000.0,0.0,0.0
12631,1687631880000.0,0.0,0.0,0.0,131.51,0.0,0.0,158.45,0.9999253857184062,1.0,1291.5447801800026,1000.0,1291.5447801800026,1000.0,0.0,0.0
12632,1687635480000.0,0.0,0.0,0.0,131.51,0.0,0.0,159.45,0.9999253857184062,1.0,1291.5447801800026,1000.0,1291.5447801800026,1000.0,0.0,0.0
12633,1687639080000.0,0.0,0.0,0.0,131.51,0.0,0.0,158.75,0.9999253857184062,1.0,1291.5447801800026,1000.0,1291.5447801800026,1000.0,0.0,0.0
12634,1687642680000.0,0.0,0.0,0.0,131.51,0.0,0.0,157.6,0.9999253857184062,1.0,1291.5447801800026,1000.0,1291.5447801800026,1000.0,0.0,0.0
12635,1687646280000.0,0.0,0.0,0.0,131.51,0.0,0.0,156.85,0.9999253857184062,1.0,1291.5447801800026,1000.0,1291.5447801800026,1000.0,0.0,0.0
12636,1687649880000.0,0.0,0.0,0.0,131.51,0.0,0.0,156.0,0.9999253857184062,1.0,1291.5447801800026,1000.0,1291.5447801800026,1000.0,0.0,0.0
12637,1687653480000.0,0.0,0.0,0.0,131.51,0.0,0.0,156.3,0.9999253857184062,1.0,1291.5447801800026,1000.0,1291.5447801800026,1000.0,0.0,0.0
12638,1687657080000.0,0.0,0.0,0.0,131.51,0.0,0.0,156.75,0.9999253857184062,1.0,1291.5447801800026,1000.0,1291.5447801800026,1000.0,0.0,0.0
12639,1687660680000.0,0.0,0.0,0.0,131.51,0.0,0.0,157.25,0.9999253857184062,1.0,1291.5447801800026,1000.0,1291.5447801800026,1000.0,0.0,0.0
12640,1687664280000.0,0.0,0.0,0.0,131.51,0.0,0.0,157.6,0.9999253857184062,1.0,1291.5447801800026,1000.0,1291.5447801800026,1000.0,0.0,0.0
12641,1687667880000.0,0.0,0.0,0.0,131.51,0.0,0.0,158.3,0.9999253857184062,1.0,1291.5447801800026,1000.0,1291.5447801800026,1000.0,0.0,0.0
12642,1687671480000.0,0.0,0.0,0.0,131.51,0.0,0.0,157.45,0.9999253857184062,1.0,1291.5447801800026,1000.0,1291.5447801800026,1000.0,0.0,0.0
12643,1687675080000.0,0.0,0.0,0.0,131.51,0.0,0.0,159.15,0.9999253857184062,1.0,1291.5447801800026,1000.0,1291.5447801800026,1000.0,0.0,0.0
12644,1687678680000.0,0.0,0.0,0.0,131.51,0.0,0.0,160.25,0.9999253857184062,1.0,1291.5447801800026,1000.0,1291.5447801800026,1000.0,0.0,0.0
12645,1687682280000.0,0.0,0.0,0.0,131.51,0.0,0.0,161.05,0.9999253857184062,1.0,1291.5447801800026,1000.0,1291.5447801800026,1000.0,0.0,0.0
12646,1687685880000.0,0.0,0.0,0.0,131.51,0.0,0.0,161.5,0.9999253857184062,1.0,1291.5447801800026,1000.0,1291.5447801800026,1000.0,0.0,0.0
12647,1687689480000.0,0.0,0.0,0.0,131.51,0.0,0.0,164.05,0.9999253857184062,1.0,1291.5447801800026,1000.0,1291.5447801800026,1000.0,0.0,0.0
12648,1687693080000.0,0.0,0.0,0.0,131.51,0.0,0.0,164.95,0.9999253857184062,1.0,1291.5447801800026,1000.0,1291.5447801800026,1000.0,0.0,0.0
12649,1687696680000.0,0.0,0.0,0.0,131.51,0.0,0.0,164.1,0.9999253857184062,1.0,1291.5447801800026,1000.0,1291.5447801800026,1000.0,0.0,0.0
12650,1687700280000.0,0.0,0.0,0.0,131.51,0.0,0.0,162.6,0.9999253857184062,1.0,1291.5447801800026,1000.0,1291.5447801800026,1000.0,0.0,0.0
12651,1687703880000.0,0.0,0.0,0.0,131.51,0.0,0.0,162.95,0.9999253857184062,1.0,1291.5447801800026,1000.0,1291.5447801800026,1000.0,0.0,0.0
12652,1687707480000.0,0.0,0.0,0.0,131.51,0.0,0.0,161.25,0.9999253857184062,1.0,1291.5447801800026,1000.0,1291.5447801800026,1000.0,0.0,0.0
12653,1687711080000.0,0.0,0.0,0.0,131.51,0.0,0.0,160.85,0.9999253857184062,1.0,1291.5447801800026,1000.0,1291.5447801800026,1000.0,0.0,0.0
12654,1687714680000.0,0.0,0.0,0.0,131.51,0.0,0.0,161.85,0.9999253857184062,1.0,1291.5447801800026,1000.0,1291.5447801800026,1000.0,0.0,0.0
12655,1687718280000.0,0.0,0.0,0.0,131.51,0.0,0.0,162.65,0.9999253857184062,1.0,1291.5447801800026,1000.0,1291.5447801800026,1000.0,0.0,0.0
12656,1687721880000.0,0.0,0.0,0.0,131.51,0.0,0.0,162.85,0.9999253857184062,1.0,1291.5447801800026,1000.0,1291.5447801800026,1000.0,0.0,0.0
12657,1687725480000.0,0.0,0.0,0.0,131.51,0.0,0.0,163.4,0.9999253857184062,1.0,1291.5447801800026,1000.0,1291.5447801800026,1000.0,0.0,0.0
12658,1687729080000.0,0.0,0.0,0.0,131.51,0.0,0.0,161.8,0.9999253857184062,1.0,1291.5447801800026,1000.0,1291.5447801800026,1000.0,0.0,0.0
12659,1687732680000.0,0.0,0.0,0.0,131.51,0.0,0.0,162.65,0.9999253857184062,1.0,1291.5447801800026,1000.0,1291.5447801800026,1000.0,0.0,0.0
12660,1687736280000.0,0.0,0.0,0.0,131.51,0.0,0.0,162.75,0.9999253857184062,1.0,1291.5447801800026,1000.0,1291.5447801800026,1000.0,0.0,0.0
12661,1687739880000.0,0.0,0.0,0.0,131.51,0.0,0.0,161.65,0.9999253857184062,1.0,1291.5447801800026,1000.0,1291.5447801800026,1000.0,0.0,0.0
12662,1687743480000.0,0.0,0.0,0.0,131.51,0.0,0.0,160.85,0.9999253857184062,1.0,1291.5447801800026,1000.0,1291.5447801800026,1000.0,0.0,0.0
12663,1687747080000.0,0.0,0.0,0.0,131.51,0.0,0.0,160.9,0.9999253857184062,1.0,1291.5447801800026,1000.0,1291.5447801800026,1000.0,0.0,0.0
12664,1687750680000.0,0.0,0.0,0.0,131.51,0.0,0.0,158.85,0.9999253857184062,1.0,1291.5447801800026,1000.0,1291.5447801800026,1000.0,0.0,0.0
12665,1687754280000.0,0.0,0.0,0.0,131.51,0.0,0.0,158.9,0.9999253857184062,1.0,1291.5447801800026,1000.0,1291.5447801800026,1000.0,0.0,0.0
12666,1687757880000.0,0.0,0.0,0.0,131.51,0.0,0.0,161.45,0.9999253857184062,1.0,1291.5447801800026,1000.0,1291.5447801800026,1000.0,0.0,0.0
12667,1687761480000.0,0.0,0.0,0.0,131.51,0.0,0.0,163.8,0.9999253857184062,1.0,1291.5447801800026,1000.0,1291.5447801800026,1000.0,0.0,0.0
12668,1687765080000.0,0.0,0.0,0.0,131.51,0.0,0.0,163.9,0.9999253857184062,1.0,1291.5447801800026,1000.0,1291.5447801800026,1000.0,0.0,0.0
12669,1687768680000.0,0.0,0.0,0.0,131.51,0.0,0.0,163.2,0.9999253857184062,1.0,1291.5447801800026,1000.0,1291.5447801800026,1000.0,0.0,0.0
12670,1687772280000.0,0.0,0.0,0.0,131.51,0.0,0.0,164.5,0.9999253857184062,1.0,1291.5447801800026,1000.0,1291.5447801800026,1000.0,0.0,0.0
12671,1687775880000.0,0.0,0.0,0.0,131.51,0.0,0.0,165.7,0.9999253857184062,1.0,1291.5447801800026,1000.0,1291.5447801800026,1000.0,0.0,0.0
12672,1687779480000.0,0.0,0.0,0.0,131.51,0.0,0.0,163.45,0.9999253857184062,1.0,1291.5447801800026,1000.0,1291.5447801800026,1000.0,0.0,0.0
12673,1687783080000.0,0.0,0.0,0.0,131.51,0.0,0.0,163.55,0.9999253857184062,1.0,1291.5447801800026,1000.0,1291.5447801800026,1000.0,0.0,0.0
12674,1687786680000.0,0.0,0.0,0.0,131.51,0.0,0.0,165.45,0.9999253857184062,1.0,1291.5447801800026,1000.0,1291.5447801800026,1000.0,0.0,0.0
12675,1687790280000.0,0.0,0.0,0.0,131.51,0.0,0.0,163.45,0.9999253857184062,1.0,1291.5447801800026,1000.0,1291.5447801800026,1000.0,0.0,0.0
12676,1687793880000.0,0.0,0.0,0.0,131.51,0.0,0.0,163.3,0.9999253857184062,1.0,1291.5447801800026,1000.0,1291.5447801800026,1000.0,0.0,0.0
12677,1687797480000.0,0.0,0.0,0.0,131.51,0.0,0.0,164.0,0.9999253857184062,1.0,1291.5447801800026,1000.0,1291.5447801800026,1000.0,0.0,0.0
12678,1687801080000.0,0.0,0.0,0.0,131.51,0.0,0.0,165.35,0.9999253857184062,1.0,1291.5447801800026,1000.0,1291.5447801800026,1000.0,0.0,0.0
12679,1687804680000.0,0.0,0.0,0.0,131.51,0.0,0.0,163.6,0.9999253857184062,1.0,1291.5447801800026,1000.0,1291.5447801800026,1000.0,0.0,0.0
12680,1687808280000.0,0.0,0.0,0.0,131.51,0.0,0.0,163.35,0.9999253857184062,1.0,1291.5447801800026,1000.0,1291.5447801800026,1000.0,0.0,0.0
12681,1687811880000.0,0.0,0.0,0.0,131.51,0.0,0.0,163.65,0.9999253857184062,1.0,1291.5447801800026,1000.0,1291.5447801800026,1000.0,0.0,0.0
12682,1687815480000.0,0.0,0.0,0.0,131.51,0.0,0.0,163.5,0.9999253857184062,1.0,1291.5447801800026,1000.0,1291.5447801800026,1000.0,0.0,0.0
12683,1687819080000.0,0.0,0.0,0.0,131.51,0.0,0.0,163.7,0.9999253857184062,1.0,1291.5447801800026,1000.0,1291.5447801800026,1000.0,0.0,0.0
12684,1687822680000.0,0.0,0.0,0.0,131.51,0.0,0.0,163.25,0.9999253857184062,1.0,1291.5447801800026,1000.0,1291.5447801800026,1000.0,0.0,0.0
12685,1687826280000.0,0.0,0.0,0.0,131.51,0.0,0.0,163.85,0.9999253857184062,1.0,1291.5447801800026,1000.0,1291.5447801800026,1000.0,0.0,0.0
12686,1687829880000.0,0.0,0.0,0.0,131.51,0.0,0.0,164.85,0.9999253857184062,1.0,1291.5447801800026,1000.0,1291.5447801800026,1000.0,0.0,0.0
12687,1687833480000.0,0.0,0.0,0.0,131.51,0.0,0.0,164.5,0.9999253857184062,1.0,1291.5447801800026,1000.0,1291.5447801800026,1000.0,0.0,0.0
12688,1687837080000.0,0.0,0.0,0.0,131.51,0.0,0.0,165.5,0.9999253857184062,1.0,1291.5447801800026,1000.0,1291.5447801800026,1000.0,0.0,0.0
12689,1687840680000.0,0.0,0.0,0.0,131.51,0.0,0.0,165.85,0.9999253857184062,1.0,1291.5447801800026,1000.0,1291.5447801800026,1000.0,0.0,0.0
12690,1687844280000.0,0.0,0.0,0.0,131.51,0.0,0.0,166.7,0.9999253857184062,1.0,1291.5447801800026,1000.0,1291.5447801800026,1000.0,0.0,0.0
12691,1687847880000.0,0.0,0.0,0.0,131.51,0.0,0.0,167.8,0.9999253857184062,1.0,1291.5447801800026,1000.0,1291.5447801800026,1000.0,0.0,0.0
12692,1687851480000.0,0.0,0.0,0.0,131.51,0.0,0.0,167.3,0.9999253857184062,1.0,1291.5447801800026,1000.0,1291.5447801800026,1000.0,0.0,0.0
12693,1687855080000.0,0.0,0.0,0.0,131.51,0.0,0.0,167.9,0.9999253857184062,1.0,1291.5447801800026,1000.0,1291.5447801800026,1000.0,0.0,0.0
12694,1687858680000.0,0.0,0.0,0.0,131.51,0.0,0.0,167.4,0.9999253857184062,1.0,1291.5447801800026,1000.0,1291.5447801800026,1000.0,0.0,0.0
12695,1687862280000.0,0.0,0.0,0.0,131.51,0.0,0.0,166.65,0.9999253857184062,1.0,1291.5447801800026,1000.0,1291.5447801800026,1000.0,0.0,0.0
12696,1687865880000.0,0.0,0.0,0.0,131.51,0.0,0.0,167.25,0.9999253857184062,1.0,1291.5447801800026,1000.0,1291.5447801800026,1000.0,0.0,0.0
12697,1687869480000.0,0.0,0.0,0.0,131.51,0.0,0.0,167.65,0.9999253857184062,1.0,1291.5447801800026,1000.0,1291.5447801800026,1000.0,0.0,0.0
12698,1687873080000.0,0.0,0.0,0.0,131.51,0.0,0.0,167.45,0.9999253857184062,1.0,1291.5447801800026,1000.0,1291.5447801800026,1000.0,0.0,0.0
12699,1687876680000.0,0.0,0.0,0.0,131.51,0.0,0.0,167.95,0.9999253857184062,1.0,1291.5447801800026,1000.0,1291.5447801800026,1000.0,0.0,0.0
12700,1687880280000.0,0.0,0.0,0.0,131.51,0.0,0.0,167.45,0.9999253857184062,1.0,1291.5447801800026,1000.0,1291.5447801800026,1000.0,0.0,0.0
12701,1687883880000.0,0.0,0.0,0.0,131.51,0.0,0.0,167.25,0.9999253857184062,1.0,1291.5447801800026,1000.0,1291.5447801800026,1000.0,0.0,0.0
12702,1687887480000.0,0.0,0.0,0.0,131.51,0.0,0.0,169.45,0.9999253857184062,1.0,1291.5447801800026,1000.0,1291.5447801800026,1000.0,0.0,0.0
12703,1687891080000.0,0.0,0.0,0.0,131.51,0.0,0.0,170.2,0.9999253857184062,1.0,1291.5447801800026,1000.0,1291.5447801800026,1000.0,0.0,0.0
12704,1687894680000.0,0.0,0.0,0.0,131.51,0.0,0.0,169.75,0.9999253857184062,1.0,1291.5447801800026,1000.0,1291.5447801800026,1000.0,0.0,0.0
12705,1687898280000.0,0.0,0.0,0.0,131.51,0.0,0.0,169.05,0.9999253857184062,1.0,1291.5447801800026,1000.0,1291.5447801800026,1000.0,0.0,0.0
12706,1687901880000.0,0.0,0.0,0.0,131.51,0.0,0.0,169.75,0.9999253857184062,1.0,1291.5447801800026,1000.0,1291.5447801800026,1000.0,0.0,0.0
12707,1687905480000.0,0.0,0.0,0.0,131.51,0.0,0.0,168.6,0.9999253857184062,1.0,1291.5447801800026,1000.0,1291.5447801800026,1000.0,0.0,0.0
12708,1687909080000.0,0.0,0.0,0.0,131.51,0.0,0.0,167.4,0.9999253857184062,1.0,1291.5447801800026,1000.0,1291.5447801800026,1000.0,0.0,0.0
12709,1687912680000.0,0.0,0.0,0.0,131.51,0.0,0.0,167.05,0.9999253857184062,1.0,1291.5447801800026,1000.0,1291.5447801800026,1000.0,0.0,0.0
12710,1687916280000.0,0.0,0.0,0.0,131.51,0.0,0.0,167.35,0.9999253857184062,1.0,1291.5447801800026,1000.0,1291.5447801800026,1000.0,0.0,0.0
12711,1687919880000.0,0.0,0.0,0.0,131.51,0.0,0.0,167.05,0.9999253857184062,1.0,1291.5447801800026,1000.0,1291.5447801800026,1000.0,0.0,0.0
12712,1687923480000.0,0.0,0.0,0.0,131.51,0.0,0.0,167.05,0.9999253857184062,1.0,1291.5447801800026,1000.0,1291.5447801800026,1000.0,0.0,0.0
12713,1687927080000.0,0.0,0.0,0.0,131.51,0.0,0.0,167.65,0.9999253857184062,1.0,1291.5447801800026,1000.0,1291.5447801800026,1000.0,0.0,0.0
12714,1687930680000.0,0.0,0.0,0.0,131.51,0.0,0.0,170.1,0.9999253857184062,1.0,1291.5447801800026,1000.0,1291.5447801800026,1000.0,0.0,0.0
12715,1687934280000.0,0.0,0.0,0.0,131.51,0.0,0.0,168.1,0.9999253857184062,1.0,1291.5447801800026,1000.0,1291.5447801800026,1000.0,0.0,0.0
12716,1687937880000.0,0.0,0.0,0.0,131.51,0.0,0.0,165.95,0.9999253857184062,1.0,1291.5447801800026,1000.0,1291.5447801800026,1000.0,0.0,0.0
12717,1687941480000.0,0.0,0.0,0.0,131.51,0.0,0.0,167.25,0.9999253857184062,1.0,1291.5447801800026,1000.0,1291.5447801800026,1000.0,0.0,0.0
12718,1687945080000.0,0.0,0.0,0.0,131.51,0.0,0.0,167.75,0.9999253857184062,1.0,1291.5447801800026,1000.0,1291.5447801800026,1000.0,0.0,0.0
12719,1687948680000.0,0.0,0.0,0.0,131.51,0.0,0.0,167.4,0.9999253857184062,1.0,1291.5447801800026,1000.0,1291.5447801800026,1000.0,0.0,0.0
12720,1687952280000.0,0.0,0.0,0.0,131.51,0.0,0.0,166.65,0.9999253857184062,1.0,1291.5447801800026,1000.0,1291.5447801800026,1000.0,0.0,0.0
12721,1687955880000.0,0.0,0.0,0.0,131.51,0.0,0.0,167.15,0.9999253857184062,1.0,1291.5447801800026,1000.0,1291.5447801800026,1000.0,0.0,0.0
12722,1687959480000.0,0.0,0.0,0.0,131.51,0.0,0.0,165.2,0.9999253857184062,1.0,1291.5447801800026,1000.0,1291.5447801800026,1000.0,0.0,0.0
12723,1687963080000.0,0.0,0.0,0.0,131.51,0.0,0.0,165.6,0.9999253857184062,1.0,1291.5447801800026,1000.0,1291.5447801800026,1000.0,0.0,0.0
12724,1687966680000.0,0.0,0.0,0.0,131.51,0.0,0.0,165.7,0.9999253857184062,1.0,1291.5447801800026,1000.0,1291.5447801800026,1000.0,0.0,0.0
12725,1687970280000.0,0.0,0.0,0.0,131.51,0.0,0.0,166.1,0.9999253857184062,1.0,1291.5447801800026,1000.0,1291.5447801800026,1000.0,0.0,0.0
12726,1687973880000.0,0.0,0.0,0.0,131.51,0.0,0.0,165.55,0.9999253857184062,1.0,1291.5447801800026,1000.0,1291.5447801800026,1000.0,0.0,0.0
12727,1687977480000.0,0.0,0.0,0.0,131.51,0.0,0.0,166.65,0.9999253857184062,1.0,1291.5447801800026,1000.0,1291.5447801800026,1000.0,0.0,0.0
12728,1687981080000.0,0.0,0.0,0.32,161.34,0.0,0.0,163.4,0.9999253857184062,1.0,1291.5344544200027,1000.0,1292.1936544200028,1000.0,0.03997477560378772,0.0
12729,1687984680000.0,0.0,0.0,0.32,161.34,0.0,0.0,164.55,0.9999253857184062,1.0,1291.5344544200027,1000.0,1292.5616544200027,1000.0,0.03997477560378772,0.0
12730,1687988280000.0,0.0,0.0,0.32,161.34,0.0,0.0,165.15,0.9999253857184062,1.0,1291.5344544200027,1000.0,1292.7536544200027,1000.0,0.03997477560378772,0.0
12731,1687991880000.0,0.0,0.0,0.32,161.34,0.0,0.0,164.1,0.9999253857184062,1.0,1291.5344544200027,1000.0,1292.4176544200027,1000.0,0.03997477560378772,0.0
12732,1687995480000.0,0.0,0.0,0.32,161.34,0.0,0.0,164.35,0.9999253857184062,1.0,1291.5344544200027,1000.0,1292.4976544200026,1000.0,0.03997477560378772,0.0
12733,1687999080000.0,0.0,0.0,0.32,161.34,0.0,0.0,164.35,0.9999253857184062,1.0,1291.5344544200027,1000.0,1292.4976544200026,1000.0,0.03997477560378772,0.0
12734,1688002680000.0,0.0,0.0,0.32,161.34,0.0,0.0,165.6,0.9999253857184062,1.0,1291.5344544200027,1000.0,1292.8976544200027,1000.0,0.03997477560378772,0.0
12735,1688006280000.0,0.0,0.0,0.32,161.34,0.0,0.0,165.1,0.9999253857184062,1.0,1291.5344544200027,1000.0,1292.7376544200026,1000.0,0.03997477560378772,0.0
12736,1688009880000.0,0.0,0.0,0.32,161.34,0.0,0.0,165.1,0.9999253857184062,1.0,1291.5344544200027,1000.0,1292.7376544200026,1000.0,0.03997477560378772,0.0
12737,1688013480000.0,0.0,0.0,0.32,161.34,0.0,0.0,163.65,0.9999253857184062,1.0,1291.5344544200027,1000.0,1292.2736544200027,1000.0,0.03997477560378772,0.0
12738,1688017080000.0,0.0,0.0,0.32,161.34,0.0,0.0,164.1,0.9999253857184062,1.0,1291.5344544200027,1000.0,1292.4176544200027,1000.0,0.03997477560378772,0.0
12739,1688020680000.0,0.0,0.0,0.32,161.34,0.0,0.0,163.95,0.9999253857184062,1.0,1291.5344544200027,1000.0,1292.3696544200027,1000.0,0.03997477560378772,0.0
12740,1688024280000.0,0.0,0.0,0.32,161.34,0.0,0.0,164.75,0.9999253857184062,1.0,1291.5344544200027,1000.0,1292.6256544200028,1000.0,0.03997477560378772,0.0
12741,1688027880000.0,0.0,0.0,0.22,161.34,0.0,0.0,165.9,0.9999253857184062,1.0,1292.0161306200025,1000.0,1293.0193306200026,1000.0,0.027472412424887478,0.0
12742,1688031480000.0,0.0,0.0,0.1,161.34,0.0,0.0,166.65,0.9999253857184062,1.0,1292.5941420600025,1000.0,1293.1251420600024,1000.0,0.012481876155099469,0.0
12743,1688035080000.0,0.0,0.0,0.1,161.34,0.0,0.0,167.1,0.9999253857184062,1.0,1292.5941420600025,1000.0,1293.1701420600025,1000.0,0.012481876155099469,0.0
12744,1688038680000.0,0.0,0.0,0.05,161.34,0.0,0.0,165.6,0.9999253857184062,1.0,1292.8349801600025,1000.0,1293.0479801600025,1000.0,0.006239775473124668,0.0
12745,1688042280000.0,0.0,0.0,0.05,161.34,0.0,0.0,164.1,0.9999253857184062,1.0,1292.8349801600025,1000.0,1292.9729801600024,1000.0,0.006239775473124668,0.0
12746,1688045880000.0,0.0,0.0,0.05,161.34,0.0,0.0,164.35,0.9999253857184062,1.0,1292.8349801600025,1000.0,1292.9854801600025,1000.0,0.006239775473124668,0.0
12747,1688049480000.0,0.0,0.0,0.05,161.34,0.0,0.0,164.7,0.9999253857184062,1.0,1292.8349801600025,1000.0,1293.0029801600024,1000.0,0.006239775473124668,0.0
12748,1688053080000.0,0.0,0.0,0.05,161.34,0.0,0.0,162.25,0.9999253857184062,1.0,1292.8349801600025,1000.0,1292.8804801600024,1000.0,0.006239775473124668,0.0
12749,1688056680000.0,0.0,0.0,0.05,161.34,0.0,0.0,161.6,0.9999253857184062,1.0,1292.8349801600025,1000.0,1292.8479801600024,1000.0,0.006239775473124668,0.0
12750,1688060280000.0,0.0,0.0,0.05,161.34,0.0,0.0,161.8,0.9999253857184062,1.0,1292.8349801600025,1000.0,1292.8579801600024,1000.0,0.006239775473124668,0.0
12751,1688063880000.0,0.0,0.0,0.05,161.34,0.0,0.0,162.85,0.9999253857184062,1.0,1292.8349801600025,1000.0,1292.9104801600024,1000.0,0.006239775473124668,0.0
12752,1688067480000.0,0.0,0.0,0.05,161.34,0.0,0.0,162.25,0.9999253857184062,1.0,1292.8349801600025,1000.0,1292.8804801600024,1000.0,0.006239775473124668,0.0
12753,1688071080000.0,0.0,0.0,0.05,161.34,0.0,0.0,164.25,0.9999253857184062,1.0,1292.8349801600025,1000.0,1292.9804801600026,1000.0,0.006239775473124668,0.0
12754,1688074680000.0,0.0,0.0,0.05,161.34,0.0,0.0,164.75,0.9999253857184062,1.0,1292.8349801600025,1000.0,1293.0054801600024,1000.0,0.006239775473124668,0.0
12755,1688078280000.0,0.0,0.0,0.05,161.34,0.0,0.0,164.1,0.9999253857184062,1.0,1292.8349801600025,1000.0,1292.9729801600024,1000.0,0.006239775473124668,0.0
12756,1688081880000.0,0.0,0.0,0.05,161.34,0.0,0.0,164.1,0.9999253857184062,1.0,1292.8349801600025,1000.0,1292.9729801600024,1000.0,0.006239775473124668,0.0
12757,1688085480000.0,0.0,0.0,0.05,161.34,0.0,0.0,164.0,0.9999253857184062,1.0,1292.8349801600025,1000.0,1292.9679801600025,1000.0,0.006239775473124668,0.0
12758,1688089080000.0,0.0,0.0,0.04,161.34,0.0,0.0,165.45,0.9999253857184062,1.0,1292.8831477800027,1000.0,1293.0475477800026,1000.0,0.004991634403373125,0.0
12759,1688092680000.0,0.0,0.0,0.02,161.34,0.0,0.0,168.3,0.9999253857184062,1.0,1292.979483020003,1000.0,1293.1186830200031,1000.0,0.002495631247344456,0.0
12760,1688096280000.0,0.0,0.0,0.02,161.34,0.0,0.0,169.05,0.9999253857184062,1.0,1292.979483020003,1000.0,1293.133683020003,1000.0,0.002495631247344456,0.0
12761,1688099880000.0,0.0,0.0,0.02,161.34,0.0,0.0,169.25,0.9999253857184062,1.0,1292.979483020003,1000.0,1293.1376830200031,1000.0,0.002495631247344456,0.0
12762,1688103480000.0,0.0,0.0,0.02,161.34,0.0,0.0,167.7,0.9999253857184062,1.0,1292.979483020003,1000.0,1293.106683020003,1000.0,0.002495631247344456,0.0
12763,1688107080000.0,0.0,0.0,0.02,161.34,0.0,0.0,168.95,0.9999253857184062,1.0,1292.979483020003,1000.0,1293.131683020003,1000.0,0.002495631247344456,0.0
12764,1688110680000.0,0.0,0.0,0.02,161.34,0.0,0.0,169.05,0.9999253857184062,1.0,1292.979483020003,1000.0,1293.133683020003,1000.0,0.002495631247344456,0.0
12765,1688114280000.0,0.0,0.0,0.02,161.34,0.0,0.0,166.75,0.9999253857184062,1.0,1292.979483020003,1000.0,1293.087683020003,1000.0,0.002495631247344456,0.0
12766,1688117880000.0,0.0,0.0,0.0,161.34,0.0,0.0,167.35,0.9999253857184062,1.0,1293.0758182600034,1000.0,1293.0758182600034,1000.0,0.0,0.0
12767,1688121480000.0,0.0,0.0,0.0,161.34,0.0,0.0,167.85,0.9999253857184062,1.0,1293.0758182600034,1000.0,1293.0758182600034,1000.0,0.0,0.0
12768,1688125080000.0,0.0,0.0,0.0,161.34,0.0,0.0,168.85,0.9999253857184062,1.0,1293.0758182600034,1000.0,1293.0758182600034,1000.0,0.0,0.0
12769,1688128680000.0,0.0,0.0,0.0,161.34,0.0,0.0,168.1,0.9999253857184062,1.0,1293.0758182600034,1000.0,1293.0758182600034,1000.0,0.0,0.0
12770,1688132280000.0,0.0,0.0,0.0,161.34,0.0,0.0,164.4,0.9999253857184062,1.0,1293.0758182600034,1000.0,1293.0758182600034,1000.0,0.0,0.0
12771,1688135880000.0,0.0,0.0,0.32,161.23,0.0,0.0,164.5,0.9999253857184062,1.0,1293.0654995400034,1000.0,1294.1118995400034,1000.0,0.039900221619364185,0.0
12772,1688139480000.0,0.0,0.0,0.32,161.23,0.0,0.0,164.75,0.9999253857184062,1.0,1293.0654995400034,1000.0,1294.1918995400035,1000.0,0.039900221619364185,0.0
12773,1688143080000.0,0.0,0.0,0.32,161.23,0.0,0.0,165.45,0.9999253857184062,1.0,1293.0654995400034,1000.0,1294.4158995400035,1000.0,0.039900221619364185,0.0
12774,1688146680000.0,0.0,0.0,0.05,161.23,0.0,0.0,165.2,0.9999253857184062,1.0,1294.3633317600033,1000.0,1294.5618317600033,1000.0,0.006228158510206265,0.0
12775,1688150280000.0,0.0,0.0,0.05,161.23,0.0,0.0,164.95,0.9999253857184062,1.0,1294.3633317600033,1000.0,1294.5493317600033,1000.0,0.006228158510206265,0.0
12776,1688153880000.0,0.0,0.0,0.0,161.23,0.0,0.0,167.3,0.9999253857184062,1.0,1294.603671060003,1000.0,1294.603671060003,1000.0,0.0,0.0
12777,1688157480000.0,0.0,0.0,0.0,161.23,0.0,0.0,168.1,0.9999253857184062,1.0,1294.603671060003,1000.0,1294.603671060003,1000.0,0.0,0.0
12778,1688161080000.0,0.0,0.0,0.0,161.23,0.0,0.0,167.95,0.9999253857184062,1.0,1294.603671060003,1000.0,1294.603671060003,1000.0,0.0,0.0
12779,1688164680000.0,0.0,0.0,0.0,161.23,0.0,0.0,167.95,0.9999253857184062,1.0,1294.603671060003,1000.0,1294.603671060003,1000.0,0.0,0.0
12780,1688168280000.0,0.0,0.0,0.0,161.23,0.0,0.0,168.05,0.9999253857184062,1.0,1294.603671060003,1000.0,1294.603671060003,1000.0,0.0,0.0
12781,1688171880000.0,0.0,0.0,0.0,161.23,0.0,0.0,168.7,0.9999253857184062,1.0,1294.603671060003,1000.0,1294.603671060003,1000.0,0.0,0.0
12782,1688175480000.0,0.0,0.0,0.0,161.23,0.0,0.0,168.05,0.9999253857184062,1.0,1294.603671060003,1000.0,1294.603671060003,1000.0,0.0,0.0
12783,1688179080000.0,0.0,0.0,0.0,161.23,0.0,0.0,167.55,0.9999253857184062,1.0,1294.603671060003,1000.0,1294.603671060003,1000.0,0.0,0.0
12784,1688182680000.0,0.0,0.0,0.0,161.23,0.0,0.0,167.45,0.9999253857184062,1.0,1294.603671060003,1000.0,1294.603671060003,1000.0,0.0,0.0
12785,1688186280000.0,0.0,0.0,0.0,161.23,0.0,0.0,168.1,0.9999253857184062,1.0,1294.603671060003,1000.0,1294.603671060003,1000.0,0.0,0.0
12786,1688189880000.0,0.0,0.0,0.0,161.23,0.0,0.0,168.05,0.9999253857184062,1.0,1294.603671060003,1000.0,1294.603671060003,1000.0,0.0,0.0
12787,1688193480000.0,0.0,0.0,0.0,161.23,0.0,0.0,168.0,0.9999253857184062,1.0,1294.603671060003,1000.0,1294.603671060003,1000.0,0.0,0.0
12788,1688197080000.0,0.0,0.0,0.0,161.23,0.0,0.0,168.15,0.9999253857184062,1.0,1294.603671060003,1000.0,1294.603671060003,1000.0,0.0,0.0
12789,1688200680000.0,0.0,0.0,0.0,161.23,0.0,0.0,168.25,0.9999253857184062,1.0,1294.603671060003,1000.0,1294.603671060003,1000.0,0.0,0.0
12790,1688204280000.0,0.0,0.0,0.0,161.23,0.0,0.0,168.7,0.9999253857184062,1.0,1294.603671060003,1000.0,1294.603671060003,1000.0,0.0,0.0
12791,1688207880000.0,0.0,0.0,0.0,161.23,0.0,0.0,168.7,0.9999253857184062,1.0,1294.603671060003,1000.0,1294.603671060003,1000.0,0.0,0.0
12792,1688211480000.0,0.0,0.0,0.0,161.23,0.0,0.0,168.25,0.9999253857184062,1.0,1294.603671060003,1000.0,1294.603671060003,1000.0,0.0,0.0
12793,1688215080000.0,0.0,0.0,0.0,161.23,0.0,0.0,168.5,0.9999253857184062,1.0,1294.603671060003,1000.0,1294.603671060003,1000.0,0.0,0.0
12794,1688218680000.0,0.0,0.0,0.0,161.23,0.0,0.0,168.7,0.9999253857184062,1.0,1294.603671060003,1000.0,1294.603671060003,1000.0,0.0,0.0
12795,1688222280000.0,0.0,0.0,0.0,161.23,0.0,0.0,168.05,0.9999253857184062,1.0,1294.603671060003,1000.0,1294.603671060003,1000.0,0.0,0.0
12796,1688225880000.0,0.0,0.0,0.0,161.23,0.0,0.0,168.25,0.9999253857184062,1.0,1294.603671060003,1000.0,1294.603671060003,1000.0,0.0,0.0
12797,1688229480000.0,0.0,0.0,0.0,161.23,0.0,0.0,168.45,0.9999253857184062,1.0,1294.603671060003,1000.0,1294.603671060003,1000.0,0.0,0.0
12798,1688233080000.0,0.0,0.0,0.0,161.23,0.0,0.0,168.4,0.9999253857184062,1.0,1294.603671060003,1000.0,1294.603671060003,1000.0,0.0,0.0
12799,1688236680000.0,0.0,0.0,0.0,161.23,0.0,0.0,167.85,0.9999253857184062,1.0,1294.603671060003,1000.0,1294.603671060003,1000.0,0.0,0.0
12800,1688240280000.0,0.0,0.0,0.0,161.23,0.0,0.0,167.5,0.9999253857184062,1.0,1294.603671060003,1000.0,1294.603671060003,1000.0,0.0,0.0
12801,1688243880000.0,0.0,0.0,0.0,161.23,0.0,0.0,166.9,0.9999253857184062,1.0,1294.603671060003,1000.0,1294.603671060003,1000.0,0.0,0.0
12802,1688247480000.0,0.0,0.0,0.0,161.23,0.0,0.0,167.7,0.9999253857184062,1.0,1294.603671060003,1000.0,1294.603671060003,1000.0,0.0,0.0
12803,1688251080000.0,0.0,0.0,0.0,161.23,0.0,0.0,167.35,0.9999253857184062,1.0,1294.603671060003,1000.0,1294.603671060003,1000.0,0.0,0.0
12804,1688254680000.0,0.0,0.0,0.0,161.23,0.0,0.0,166.85,0.9999253857184062,1.0,1294.603671060003,1000.0,1294.603671060003,1000.0,0.0,0.0
12805,1688258280000.0,0.0,0.0,0.0,161.23,0.0,0.0,165.65,0.9999253857184062,1.0,1294.603671060003,1000.0,1294.603671060003,1000.0,0.0,0.0
12806,1688261880000.0,0.0,0.0,0.0,161.23,0.0,0.0,164.75,0.9999253857184062,1.0,1294.603671060003,1000.0,1294.603671060003,1000.0,0.0,0.0
12807,1688265480000.0,0.0,0.0,0.0,161.23,0.0,0.0,164.6,0.9999253857184062,1.0,1294.603671060003,1000.0,1294.603671060003,1000.0,0.0,0.0
12808,1688269080000.0,0.0,0.0,0.0,161.23,0.0,0.0,164.05,0.9999253857184062,1.0,1294.603671060003,1000.0,1294.603671060003,1000.0,0.0,0.0
12809,1688272680000.0,0.0,0.0,0.0,161.23,0.0,0.0,163.55,0.9999253857184062,1.0,1294.603671060003,1000.0,1294.603671060003,1000.0,0.0,0.0
12810,1688276280000.0,0.0,0.0,0.0,161.23,0.0,0.0,163.65,0.9999253857184062,1.0,1294.603671060003,1000.0,1294.603671060003,1000.0,0.0,0.0
12811,1688279880000.0,0.0,0.0,0.0,161.23,0.0,0.0,164.25,0.9999253857184062,1.0,1294.603671060003,1000.0,1294.603671060003,1000.0,0.0,0.0
12812,1688283480000.0,0.0,0.0,0.0,161.23,0.0,0.0,164.05,0.9999253857184062,1.0,1294.603671060003,1000.0,1294.603671060003,1000.0,0.0,0.0
12813,1688287080000.0,0.0,0.0,0.0,161.23,0.0,0.0,164.35,0.9999253857184062,1.0,1294.603671060003,1000.0,1294.603671060003,1000.0,0.0,0.0
12814,1688290680000.0,0.0,0.0,0.0,161.23,0.0,0.0,164.25,0.9999253857184062,1.0,1294.603671060003,1000.0,1294.603671060003,1000.0,0.0,0.0
12815,1688294280000.0,0.0,0.0,0.0,161.23,0.0,0.0,164.15,0.9999253857184062,1.0,1294.603671060003,1000.0,1294.603671060003,1000.0,0.0,0.0
12816,1688297880000.0,0.0,0.0,0.0,161.23,0.0,0.0,164.5,0.9999253857184062,1.0,1294.603671060003,1000.0,1294.603671060003,1000.0,0.0,0.0
12817,1688301480000.0,0.0,0.0,0.0,161.23,0.0,0.0,164.95,0.9999253857184062,1.0,1294.603671060003,1000.0,1294.603671060003,1000.0,0.0,0.0
12818,1688305080000.0,0.0,0.0,0.0,161.23,0.0,0.0,164.9,0.9999253857184062,1.0,1294.603671060003,1000.0,1294.603671060003,1000.0,0.0,0.0
12819,1688308680000.0,0.0,0.0,0.0,161.23,0.0,0.0,164.25,0.9999253857184062,1.0,1294.603671060003,1000.0,1294.603671060003,1000.0,0.0,0.0
12820,1688312280000.0,0.0,0.0,0.0,161.23,0.0,0.0,164.0,0.9999253857184062,1.0,1294.603671060003,1000.0,1294.603671060003,1000.0,0.0,0.0
12821,1688315880000.0,0.0,0.0,0.0,161.23,0.0,0.0,164.7,0.9999253857184062,1.0,1294.603671060003,1000.0,1294.603671060003,1000.0,0.0,0.0
12822,1688319480000.0,0.0,0.0,0.0,161.23,0.0,0.0,164.35,0.9999253857184062,1.0,1294.603671060003,1000.0,1294.603671060003,1000.0,0.0,0.0
12823,1688323080000.0,0.0,0.0,0.0,161.23,0.0,0.0,164.85,0.9999253857184062,1.0,1294.603671060003,1000.0,1294.603671060003,1000.0,0.0,0.0
12824,1688326680000.0,0.0,0.0,0.0,161.23,0.0,0.0,165.65,0.9999253857184062,1.0,1294.603671060003,1000.0,1294.603671060003,1000.0,0.0,0.0
12825,1688330280000.0,0.0,0.0,0.0,161.23,0.0,0.0,165.85,0.9999253857184062,1.0,1294.603671060003,1000.0,1294.603671060003,1000.0,0.0,0.0
12826,1688333880000.0,0.0,0.0,0.0,161.23,0.0,0.0,167.0,0.9999253857184062,1.0,1294.603671060003,1000.0,1294.603671060003,1000.0,0.0,0.0
12827,1688337480000.0,0.0,0.0,0.0,161.23,0.0,0.0,168.05,0.9999253857184062,1.0,1294.603671060003,1000.0,1294.603671060003,1000.0,0.0,0.0
12828,1688341080000.0,0.0,0.0,0.0,161.23,0.0,0.0,168.2,0.9999253857184062,1.0,1294.603671060003,1000.0,1294.603671060003,1000.0,0.0,0.0
12829,1688344680000.0,0.0,0.0,0.0,161.23,0.0,0.0,168.8,0.9999253857184062,1.0,1294.603671060003,1000.0,1294.603671060003,1000.0,0.0,0.0
12830,1688348280000.0,0.0,0.0,0.0,161.23,0.0,0.0,167.65,0.9999253857184062,1.0,1294.603671060003,1000.0,1294.603671060003,1000.0,0.0,0.0
12831,1688351880000.0,0.0,0.0,0.0,161.23,0.0,0.0,167.9,0.9999253857184062,1.0,1294.603671060003,1000.0,1294.603671060003,1000.0,0.0,0.0
12832,1688355480000.0,0.0,0.0,0.0,161.23,0.0,0.0,167.9,0.9999253857184062,1.0,1294.603671060003,1000.0,1294.603671060003,1000.0,0.0,0.0
12833,1688359080000.0,0.0,0.0,0.0,161.23,0.0,0.0,167.7,0.9999253857184062,1.0,1294.603671060003,1000.0,1294.603671060003,1000.0,0.0,0.0
12834,1688362680000.0,0.0,0.0,0.0,161.23,0.0,0.0,168.3,0.9999253857184062,1.0,1294.603671060003,1000.0,1294.603671060003,1000.0,0.0,0.0
12835,1688366280000.0,0.0,0.0,0.0,161.23,0.0,0.0,168.3,0.9999253857184062,1.0,1294.603671060003,1000.0,1294.603671060003,1000.0,0.0,0.0
12836,1688369880000.0,0.0,0.0,0.0,161.23,0.0,0.0,169.15,0.9999253857184062,1.0,1294.603671060003,1000.0,1294.603671060003,1000.0,0.0,0.0
12837,1688373480000.0,0.0,0.0,0.0,161.23,0.0,0.0,169.4,0.9999253857184062,1.0,1294.603671060003,1000.0,1294.603671060003,1000.0,0.0,0.0
12838,1688377080000.0,0.0,0.0,0.0,161.23,0.0,0.0,171.9,0.9999253857184062,1.0,1294.603671060003,1000.0,1294.603671060003,1000.0,0.0,0.0
12839,1688380680000.0,0.0,0.0,0.0,161.23,0.0,0.0,171.05,0.9999253857184062,1.0,1294.603671060003,1000.0,1294.603671060003,1000.0,0.0,0.0
12840,1688384280000.0,0.0,0.0,0.0,161.23,0.0,0.0,170.4,0.9999253857184062,1.0,1294.603671060003,1000.0,1294.603671060003,1000.0,0.0,0.0
12841,1688387880000.0,0.0,0.0,0.0,161.23,0.0,0.0,169.85,0.9999253857184062,1.0,1294.603671060003,1000.0,1294.603671060003,1000.0,0.0,0.0
12842,1688391480000.0,0.0,0.0,0.0,161.23,0.0,0.0,171.25,0.9999253857184062,1.0,1294.603671060003,1000.0,1294.603671060003,1000.0,0.0,0.0
12843,1688395080000.0,0.0,0.0,0.0,161.23,0.0,0.0,169.25,0.9999253857184062,1.0,1294.603671060003,1000.0,1294.603671060003,1000.0,0.0,0.0
12844,1688398680000.0,0.0,0.0,0.0,161.23,0.0,0.0,170.5,0.9999253857184062,1.0,1294.603671060003,1000.0,1294.603671060003,1000.0,0.0,0.0
12845,1688402280000.0,0.0,0.0,0.0,161.23,0.0,0.0,169.6,0.9999253857184062,1.0,1294.603671060003,1000.0,1294.603671060003,1000.0,0.0,0.0
12846,1688405880000.0,0.0,0.0,0.0,161.23,0.0,0.0,170.4,0.9999253857184062,1.0,1294.603671060003,1000.0,1294.603671060003,1000.0,0.0,0.0
12847,1688409480000.0,0.0,0.0,0.0,161.23,0.0,0.0,169.5,0.9999253857184062,1.0,1294.603671060003,1000.0,1294.603671060003,1000.0,0.0,0.0
12848,1688413080000.0,0.0,0.0,0.0,161.23,0.0,0.0,169.1,0.9999253857184062,1.0,1294.603671060003,1000.0,1294.603671060003,1000.0,0.0,0.0
12849,1688416680000.0,0.0,0.0,0.0,161.23,0.0,0.0,167.85,0.9999253857184062,1.0,1294.603671060003,1000.0,1294.603671060003,1000.0,0.0,0.0
12850,1688420280000.0,0.0,0.0,0.0,161.23,0.0,0.0,168.45,0.9999253857184062,1.0,1294.603671060003,1000.0,1294.603671060003,1000.0,0.0,0.0
12851,1688423880000.0,0.0,0.0,0.0,161.23,0.0,0.0,169.05,0.9999253857184062,1.0,1294.603671060003,1000.0,1294.603671060003,1000.0,0.0,0.0
12852,1688427480000.0,0.0,0.0,0.0,161.23,0.0,0.0,168.75,0.9999253857184062,1.0,1294.603671060003,1000.0,1294.603671060003,1000.0,0.0,0.0
12853,1688431080000.0,0.0,0.0,0.0,161.23,0.0,0.0,169.15,0.9999253857184062,1.0,1294.603671060003,1000.0,1294.603671060003,1000.0,0.0,0.0
12854,1688434680000.0,0.0,0.0,0.0,161.23,0.0,0.0,169.25,0.9999253857184062,1.0,1294.603671060003,1000.0,1294.603671060003,1000.0,0.0,0.0
12855,1688438280000.0,0.0,0.0,0.0,161.23,0.0,0.0,169.45,0.9999253857184062,1.0,1294.603671060003,1000.0,1294.603671060003,1000.0,0.0,0.0
12856,1688441880000.0,0.0,0.0,0.0,161.23,0.0,0.0,169.6,0.9999253857184062,1.0,1294.603671060003,1000.0,1294.603671060003,1000.0,0.0,0.0
12857,1688445480000.0,0.0,0.0,0.0,161.23,0.0,0.0,169.4,0.9999253857184062,1.0,1294.603671060003,1000.0,1294.603671060003,1000.0,0.0,0.0
12858,1688449080000.0,0.0,0.0,0.0,161.23,0.0,0.0,169.25,0.9999253857184062,1.0,1294.603671060003,1000.0,1294.603671060003,1000.0,0.0,0.0
12859,1688452680000.0,0.0,0.0,0.0,161.23,0.0,0.0,169.3,0.9999253857184062,1.0,1294.603671060003,1000.0,1294.603671060003,1000.0,0.0,0.0
12860,1688456280000.0,0.0,0.0,0.0,161.23,0.0,0.0,169.35,0.9999253857184062,1.0,1294.603671060003,1000.0,1294.603671060003,1000.0,0.0,0.0
12861,1688459880000.0,0.0,0.0,0.0,161.23,0.0,0.0,169.55,0.9999253857184062,1.0,1294.603671060003,1000.0,1294.603671060003,1000.0,0.0,0.0
12862,1688463480000.0,0.0,0.0,0.0,161.23,0.0,0.0,169.65,0.9999253857184062,1.0,1294.603671060003,1000.0,1294.603671060003,1000.0,0.0,0.0
12863,1688467080000.0,0.0,0.0,0.0,161.23,0.0,0.0,170.65,0.9999253857184062,1.0,1294.603671060003,1000.0,1294.603671060003,1000.0,0.0,0.0
12864,1688470680000.0,0.0,0.0,0.0,161.23,0.0,0.0,169.35,0.9999253857184062,1.0,1294.603671060003,1000.0,1294.603671060003,1000.0,0.0,0.0
12865,1688474280000.0,0.0,0.0,0.0,161.23,0.0,0.0,168.8,0.9999253857184062,1.0,1294.603671060003,1000.0,1294.603671060003,1000.0,0.0,0.0
12866,1688477880000.0,0.0,0.0,0.0,161.23,0.0,0.0,168.05,0.9999253857184062,1.0,1294.603671060003,1000.0,1294.603671060003,1000.0,0.0,0.0
12867,1688481480000.0,0.0,0.0,0.0,161.23,0.0,0.0,168.6,0.9999253857184062,1.0,1294.603671060003,1000.0,1294.603671060003,1000.0,0.0,0.0
12868,1688485080000.0,0.0,0.0,0.0,161.23,0.0,0.0,168.25,0.9999253857184062,1.0,1294.603671060003,1000.0,1294.603671060003,1000.0,0.0,0.0
12869,1688488680000.0,0.0,0.0,0.0,161.23,0.0,0.0,169.3,0.9999253857184062,1.0,1294.603671060003,1000.0,1294.603671060003,1000.0,0.0,0.0
12870,1688492280000.0,0.0,0.0,0.0,161.23,0.0,0.0,168.1,0.9999253857184062,1.0,1294.603671060003,1000.0,1294.603671060003,1000.0,0.0,0.0
12871,1688495880000.0,0.0,0.0,0.0,161.23,0.0,0.0,167.85,0.9999253857184062,1.0,1294.603671060003,1000.0,1294.603671060003,1000.0,0.0,0.0
12872,1688499480000.0,0.0,0.0,0.0,161.23,0.0,0.0,167.0,0.9999253857184062,1.0,1294.603671060003,1000.0,1294.603671060003,1000.0,0.0,0.0
12873,1688503080000.0,0.0,0.0,0.0,161.23,0.0,0.0,168.45,0.9999253857184062,1.0,1294.603671060003,1000.0,1294.603671060003,1000.0,0.0,0.0
12874,1688506680000.0,0.0,0.0,0.0,161.23,0.0,0.0,167.6,0.9999253857184062,1.0,1294.603671060003,1000.0,1294.603671060003,1000.0,0.0,0.0
12875,1688510280000.0,0.0,0.0,0.0,161.23,0.0,0.0,166.95,0.9999253857184062,1.0,1294.603671060003,1000.0,1294.603671060003,1000.0,0.0,0.0
12876,1688513880000.0,0.0,0.0,0.0,161.23,0.0,0.0,166.3,0.9999253857184062,1.0,1294.603671060003,1000.0,1294.603671060003,1000.0,0.0,0.0
12877,1688517480000.0,0.0,0.0,0.0,161.23,0.0,0.0,167.3,0.9999253857184062,1.0,1294.603671060003,1000.0,1294.603671060003,1000.0,0.0,0.0
12878,1688521080000.0,0.0,0.0,0.0,161.23,0.0,0.0,166.4,0.9999253857184062,1.0,1294.603671060003,1000.0,1294.603671060003,1000.0,0.0,0.0
12879,1688524680000.0,0.0,0.0,0.0,161.23,0.0,0.0,166.55,0.9999253857184062,1.0,1294.603671060003,1000.0,1294.603671060003,1000.0,0.0,0.0
12880,1688528280000.0,0.0,0.0,0.0,161.23,0.0,0.0,166.15,0.9999253857184062,1.0,1294.603671060003,1000.0,1294.603671060003,1000.0,0.0,0.0
12881,1688531880000.0,0.0,0.0,0.0,161.23,0.0,0.0,165.85,0.9999253857184062,1.0,1294.603671060003,1000.0,1294.603671060003,1000.0,0.0,0.0
12882,1688535480000.0,0.0,0.0,0.0,161.23,0.0,0.0,165.7,0.9999253857184062,1.0,1294.603671060003,1000.0,1294.603671060003,1000.0,0.0,0.0
12883,1688539080000.0,0.0,0.0,0.0,161.23,0.0,0.0,165.65,0.9999253857184062,1.0,1294.603671060003,1000.0,1294.603671060003,1000.0,0.0,0.0
12884,1688542680000.0,0.0,0.0,0.0,161.23,0.0,0.0,164.6,0.9999253857184062,1.0,1294.603671060003,1000.0,1294.603671060003,1000.0,0.0,0.0
12885,1688546280000.0,0.0,0.0,0.0,161.23,0.0,0.0,164.6,0.9999253857184062,1.0,1294.603671060003,1000.0,1294.603671060003,1000.0,0.0,0.0
12886,1688549880000.0,0.0,0.0,0.0,161.23,0.0,0.0,164.75,0.9999253857184062,1.0,1294.603671060003,1000.0,1294.603671060003,1000.0,0.0,0.0
12887,1688553480000.0,0.0,0.0,0.0,161.23,0.0,0.0,162.3,0.9999253857184062,1.0,1294.603671060003,1000.0,1294.603671060003,1000.0,0.0,0.0
12888,1688557080000.0,0.0,0.0,0.0,161.23,0.0,0.0,162.65,0.9999253857184062,1.0,1294.603671060003,1000.0,1294.603671060003,1000.0,0.0,0.0
12889,1688560680000.0,0.0,0.0,0.0,161.23,0.0,0.0,162.75,0.9999253857184062,1.0,1294.603671060003,1000.0,1294.603671060003,1000.0,0.0,0.0
12890,1688564280000.0,0.0,0.0,0.0,161.23,0.0,0.0,163.5,0.9999253857184062,1.0,1294.603671060003,1000.0,1294.603671060003,1000.0,0.0,0.0
12891,1688567880000.0,0.0,0.0,0.0,161.23,0.0,0.0,164.4,0.9999253857184062,1.0,1294.603671060003,1000.0,1294.603671060003,1000.0,0.0,0.0
12892,1688571480000.0,0.0,0.0,0.0,161.23,0.0,0.0,163.3,0.9999253857184062,1.0,1294.603671060003,1000.0,1294.603671060003,1000.0,0.0,0.0
12893,1688575080000.0,0.0,0.0,0.0,161.23,0.0,0.0,167.15,0.9999253857184062,1.0,1294.603671060003,1000.0,1294.603671060003,1000.0,0.0,0.0
12894,1688578680000.0,0.0,0.0,0.0,161.23,0.0,0.0,168.5,0.9999253857184062,1.0,1294.603671060003,1000.0,1294.603671060003,1000.0,0.0,0.0
12895,1688582280000.0,0.0,0.0,0.0,161.23,0.0,0.0,167.7,0.9999253857184062,1.0,1294.603671060003,1000.0,1294.603671060003,1000.0,0.0,0.0
12896,1688585880000.0,0.0,0.0,0.0,161.23,0.0,0.0,166.65,0.9999253857184062,1.0,1294.603671060003,1000.0,1294.603671060003,1000.0,0.0,0.0
12897,1688589480000.0,0.0,0.0,0.0,161.23,0.0,0.0,167.3,0.9999253857184062,1.0,1294.603671060003,1000.0,1294.603671060003,1000.0,0.0,0.0
12898,1688593080000.0,0.0,0.0,0.0,161.23,0.0,0.0,166.5,0.9999253857184062,1.0,1294.603671060003,1000.0,1294.603671060003,1000.0,0.0,0.0
12899,1688596680000.0,0.0,0.0,0.0,161.23,0.0,0.0,166.45,0.9999253857184062,1.0,1294.603671060003,1000.0,1294.603671060003,1000.0,0.0,0.0
12900,1688600280000.0,0.0,0.0,0.0,161.23,0.0,0.0,166.5,0.9999253857184062,1.0,1294.603671060003,1000.0,1294.603671060003,1000.0,0.0,0.0
12901,1688603880000.0,0.0,0.0,0.0,161.23,0.0,0.0,167.6,0.9999253857184062,1.0,1294.603671060003,1000.0,1294.603671060003,1000.0,0.0,0.0
12902,1688607480000.0,0.0,0.0,0.0,161.23,0.0,0.0,166.6,0.9999253857184062,1.0,1294.603671060003,1000.0,1294.603671060003,1000.0,0.0,0.0
12903,1688611080000.0,0.0,0.0,0.0,161.23,0.0,0.0,166.45,0.9999253857184062,1.0,1294.603671060003,1000.0,1294.603671060003,1000.0,0.0,0.0
12904,1688614680000.0,0.0,0.0,0.0,161.23,0.0,0.0,166.8,0.9999253857184062,1.0,1294.603671060003,1000.0,1294.603671060003,1000.0,0.0,0.0
12905,1688618280000.0,0.0,0.0,0.0,161.23,0.0,0.0,167.45,0.9999253857184062,1.0,1294.603671060003,1000.0,1294.603671060003,1000.0,0.0,0.0
12906,1688621880000.0,0.0,0.0,0.0,161.23,0.0,0.0,167.6,0.9999253857184062,1.0,1294.603671060003,1000.0,1294.603671060003,1000.0,0.0,0.0
12907,1688625480000.0,0.0,0.0,0.0,161.23,0.0,0.0,167.9,0.9999253857184062,1.0,1294.603671060003,1000.0,1294.603671060003,1000.0,0.0,0.0
12908,1688629080000.0,0.0,0.0,0.0,161.23,0.0,0.0,168.05,0.9999253857184062,1.0,1294.603671060003,1000.0,1294.603671060003,1000.0,0.0,0.0
12909,1688632680000.0,0.0,0.0,0.0,161.23,0.0,0.0,168.5,0.9999253857184062,1.0,1294.603671060003,1000.0,1294.603671060003,1000.0,0.0,0.0
12910,1688636280000.0,0.0,0.0,0.0,161.23,0.0,0.0,168.9,0.9999253857184062,1.0,1294.603671060003,1000.0,1294.603671060003,1000.0,0.0,0.0
12911,1688639880000.0,0.0,0.0,0.0,161.23,0.0,0.0,168.35,0.9999253857184062,1.0,1294.603671060003,1000.0,1294.603671060003,1000.0,0.0,0.0
12912,1688643480000.0,0.0,0.0,0.0,161.23,0.0,0.0,169.15,0.9999253857184062,1.0,1294.603671060003,1000.0,1294.603671060003,1000.0,0.0,0.0
12913,1688647080000.0,0.0,0.0,0.0,161.23,0.0,0.0,166.5,0.9999253857184062,1.0,1294.603671060003,1000.0,1294.603671060003,1000.0,0.0,0.0
12914,1688650680000.0,0.0,0.0,0.0,161.23,0.0,0.0,166.65,0.9999253857184062,1.0,1294.603671060003,1000.0,1294.603671060003,1000.0,0.0,0.0
12915,1688654280000.0,0.0,0.0,0.0,161.23,0.0,0.0,164.0,0.9999253857184062,1.0,1294.603671060003,1000.0,1294.603671060003,1000.0,0.0,0.0
12916,1688657880000.0,0.0,0.0,0.0,161.23,0.0,0.0,167.7,0.9999253857184062,1.0,1294.603671060003,1000.0,1294.603671060003,1000.0,0.0,0.0
12917,1688661480000.0,0.0,0.0,0.0,161.23,0.0,0.0,167.2,0.9999253857184062,1.0,1294.603671060003,1000.0,1294.603671060003,1000.0,0.0,0.0
12918,1688665080000.0,0.0,0.0,0.0,161.23,0.0,0.0,164.85,0.9999253857184062,1.0,1294.603671060003,1000.0,1294.603671060003,1000.0,0.0,0.0
12919,1688668680000.0,0.0,0.0,0.0,161.23,0.0,0.0,165.7,0.9999253857184062,1.0,1294.603671060003,1000.0,1294.603671060003,1000.0,0.0,0.0
12920,1688672280000.0,0.0,0.0,0.0,161.23,0.0,0.0,167.05,0.9999253857184062,1.0,1294.603671060003,1000.0,1294.603671060003,1000.0,0.0,0.0
12921,1688675880000.0,0.0,0.0,0.0,161.23,0.0,0.0,168.25,0.9999253857184062,1.0,1294.603671060003,1000.0,1294.603671060003,1000.0,0.0,0.0
12922,1688679480000.0,0.0,0.0,0.0,161.23,0.0,0.0,167.45,0.9999253857184062,1.0,1294.603671060003,1000.0,1294.603671060003,1000.0,0.0,0.0
12923,1688683080000.0,0.0,0.0,0.0,161.23,0.0,0.0,167.45,0.9999253857184062,1.0,1294.603671060003,1000.0,1294.603671060003,1000.0,0.0,0.0
12924,1688686680000.0,0.0,0.0,0.0,161.23,0.0,0.0,166.05,0.9999253857184062,1.0,1294.603671060003,1000.0,1294.603671060003,1000.0,0.0,0.0
12925,1688690280000.0,0.0,0.0,0.0,161.23,0.0,0.0,165.55,0.9999253857184062,1.0,1294.603671060003,1000.0,1294.603671060003,1000.0,0.0,0.0
12926,1688693880000.0,0.0,0.0,0.0,161.23,0.0,0.0,167.25,0.9999253857184062,1.0,1294.603671060003,1000.0,1294.603671060003,1000.0,0.0,0.0
12927,1688697480000.0,0.0,0.0,0.0,161.23,0.0,0.0,167.75,0.9999253857184062,1.0,1294.603671060003,1000.0,1294.603671060003,1000.0,0.0,0.0
12928,1688701080000.0,0.0,0.0,0.0,161.23,0.0,0.0,167.55,0.9999253857184062,1.0,1294.603671060003,1000.0,1294.603671060003,1000.0,0.0,0.0
12929,1688704680000.0,0.0,0.0,0.0,161.23,0.0,0.0,167.5,0.9999253857184062,1.0,1294.603671060003,1000.0,1294.603671060003,1000.0,0.0,0.0
12930,1688708280000.0,0.0,0.0,0.0,161.23,0.0,0.0,167.6,0.9999253857184062,1.0,1294.603671060003,1000.0,1294.603671060003,1000.0,0.0,0.0
12931,1688711880000.0,0.0,0.0,0.0,161.23,0.0,0.0,167.3,0.9999253857184062,1.0,1294.603671060003,1000.0,1294.603671060003,1000.0,0.0,0.0
12932,1688715480000.0,0.0,0.0,0.0,161.23,0.0,0.0,167.0,0.9999253857184062,1.0,1294.603671060003,1000.0,1294.603671060003,1000.0,0.0,0.0
12933,1688719080000.0,0.0,0.0,0.0,161.23,0.0,0.0,166.35,0.9999253857184062,1.0,1294.603671060003,1000.0,1294.603671060003,1000.0,0.0,0.0
12934,1688722680000.0,0.0,0.0,0.0,161.23,0.0,0.0,165.6,0.9999253857184062,1.0,1294.603671060003,1000.0,1294.603671060003,1000.0,0.0,0.0
12935,1688726280000.0,0.0,0.0,0.0,161.23,0.0,0.0,164.9,0.9999253857184062,1.0,1294.603671060003,1000.0,1294.603671060003,1000.0,0.0,0.0
12936,1688729880000.0,0.0,0.0,0.0,161.23,0.0,0.0,165.25,0.9999253857184062,1.0,1294.603671060003,1000.0,1294.603671060003,1000.0,0.0,0.0
12937,1688733480000.0,0.0,0.0,0.0,161.23,0.0,0.0,164.85,0.9999253857184062,1.0,1294.603671060003,1000.0,1294.603671060003,1000.0,0.0,0.0
12938,1688737080000.0,0.0,0.0,0.0,161.23,0.0,0.0,164.8,0.9999253857184062,1.0,1294.603671060003,1000.0,1294.603671060003,1000.0,0.0,0.0
12939,1688740680000.0,0.0,0.0,0.0,161.23,0.0,0.0,165.75,0.9999253857184062,1.0,1294.603671060003,1000.0,1294.603671060003,1000.0,0.0,0.0
12940,1688744280000.0,0.0,0.0,0.0,161.23,0.0,0.0,164.3,0.9999253857184062,1.0,1294.603671060003,1000.0,1294.603671060003,1000.0,0.0,0.0
12941,1688747880000.0,0.0,0.0,0.0,161.23,0.0,0.0,164.95,0.9999253857184062,1.0,1294.603671060003,1000.0,1294.603671060003,1000.0,0.0,0.0
12942,1688751480000.0,0.0,0.0,0.0,161.23,0.0,0.0,164.65,0.9999253857184062,1.0,1294.603671060003,1000.0,1294.603671060003,1000.0,0.0,0.0
12943,1688755080000.0,0.0,0.0,0.0,161.23,0.0,0.0,164.75,0.9999253857184062,1.0,1294.603671060003,1000.0,1294.603671060003,1000.0,0.0,0.0
12944,1688758680000.0,0.0,0.0,0.0,161.23,0.0,0.0,164.55,0.9999253857184062,1.0,1294.603671060003,1000.0,1294.603671060003,1000.0,0.0,0.0
12945,1688762280000.0,0.0,0.0,0.0,161.23,0.0,0.0,164.8,0.9999253857184062,1.0,1294.603671060003,1000.0,1294.603671060003,1000.0,0.0,0.0
12946,1688765880000.0,0.0,0.0,0.0,161.23,0.0,0.0,165.2,0.9999253857184062,1.0,1294.603671060003,1000.0,1294.603671060003,1000.0,0.0,0.0
12947,1688769480000.0,0.0,0.0,0.0,161.23,0.0,0.0,165.25,0.9999253857184062,1.0,1294.603671060003,1000.0,1294.603671060003,1000.0,0.0,0.0
12948,1688773080000.0,0.0,0.0,0.0,161.23,0.0,0.0,165.1,0.9999253857184062,1.0,1294.603671060003,1000.0,1294.603671060003,1000.0,0.0,0.0
12949,1688776680000.0,0.0,0.0,0.0,161.23,0.0,0.0,165.15,0.9999253857184062,1.0,1294.603671060003,1000.0,1294.603671060003,1000.0,0.0,0.0
12950,1688780280000.0,0.0,0.0,0.0,161.23,0.0,0.0,165.55,0.9999253857184062,1.0,1294.603671060003,1000.0,1294.603671060003,1000.0,0.0,0.0
12951,1688783880000.0,0.0,0.0,0.0,161.23,0.0,0.0,165.5,0.9999253857184062,1.0,1294.603671060003,1000.0,1294.603671060003,1000.0,0.0,0.0
12952,1688787480000.0,0.0,0.0,0.0,161.23,0.0,0.0,165.7,0.9999253857184062,1.0,1294.603671060003,1000.0,1294.603671060003,1000.0,0.0,0.0
12953,1688791080000.0,0.0,0.0,0.0,161.23,0.0,0.0,167.1,0.9999253857184062,1.0,1294.603671060003,1000.0,1294.603671060003,1000.0,0.0,0.0
12954,1688794680000.0,0.0,0.0,0.0,161.23,0.0,0.0,167.0,0.9999253857184062,1.0,1294.603671060003,1000.0,1294.603671060003,1000.0,0.0,0.0
12955,1688798280000.0,0.0,0.0,0.0,161.23,0.0,0.0,165.8,0.9999253857184062,1.0,1294.603671060003,1000.0,1294.603671060003,1000.0,0.0,0.0
12956,1688801880000.0,0.0,0.0,0.0,161.23,0.0,0.0,167.35,0.9999253857184062,1.0,1294.603671060003,1000.0,1294.603671060003,1000.0,0.0,0.0
12957,1688805480000.0,0.0,0.0,0.0,161.23,0.0,0.0,167.85,0.9999253857184062,1.0,1294.603671060003,1000.0,1294.603671060003,1000.0,0.0,0.0
12958,1688809080000.0,0.0,0.0,0.0,161.23,0.0,0.0,168.45,0.9999253857184062,1.0,1294.603671060003,1000.0,1294.603671060003,1000.0,0.0,0.0
12959,1688812680000.0,0.0,0.0,0.0,161.23,0.0,0.0,167.8,0.9999253857184062,1.0,1294.603671060003,1000.0,1294.603671060003,1000.0,0.0,0.0
12960,1688816280000.0,0.0,0.0,0.0,161.23,0.0,0.0,167.1,0.9999253857184062,1.0,1294.603671060003,1000.0,1294.603671060003,1000.0,0.0,0.0
12961,1688819880000.0,0.0,0.0,0.0,161.23,0.0,0.0,166.95,0.9999253857184062,1.0,1294.603671060003,1000.0,1294.603671060003,1000.0,0.0,0.0
12962,1688823480000.0,0.0,0.0,0.0,161.23,0.0,0.0,167.1,0.9999253857184062,1.0,1294.603671060003,1000.0,1294.603671060003,1000.0,0.0,0.0
12963,1688827080000.0,0.0,0.0,0.0,161.23,0.0,0.0,167.0,0.9999253857184062,1.0,1294.603671060003,1000.0,1294.603671060003,1000.0,0.0,0.0
12964,1688830680000.0,0.0,0.0,0.0,161.23,0.0,0.0,166.45,0.9999253857184062,1.0,1294.603671060003,1000.0,1294.603671060003,1000.0,0.0,0.0
12965,1688834280000.0,0.0,0.0,0.0,161.23,0.0,0.0,167.1,0.9999253857184062,1.0,1294.603671060003,1000.0,1294.603671060003,1000.0,0.0,0.0
12966,1688837880000.0,0.0,0.0,0.0,161.23,0.0,0.0,167.1,0.9999253857184062,1.0,1294.603671060003,1000.0,1294.603671060003,1000.0,0.0,0.0
12967,1688841480000.0,0.0,0.0,0.0,161.23,0.0,0.0,167.3,0.9999253857184062,1.0,1294.603671060003,1000.0,1294.603671060003,1000.0,0.0,0.0
12968,1688845080000.0,0.0,0.0,0.0,161.23,0.0,0.0,165.85,0.9999253857184062,1.0,1294.603671060003,1000.0,1294.603671060003,1000.0,0.0,0.0
12969,1688848680000.0,0.0,0.0,0.0,161.23,0.0,0.0,166.35,0.9999253857184062,1.0,1294.603671060003,1000.0,1294.603671060003,1000.0,0.0,0.0
12970,1688852280000.0,0.0,0.0,0.0,161.23,0.0,0.0,166.85,0.9999253857184062,1.0,1294.603671060003,1000.0,1294.603671060003,1000.0,0.0,0.0
12971,1688855880000.0,0.0,0.0,0.0,161.23,0.0,0.0,166.85,0.9999253857184062,1.0,1294.603671060003,1000.0,1294.603671060003,1000.0,0.0,0.0
12972,1688859480000.0,0.0,0.0,0.0,161.23,0.0,0.0,167.15,0.9999253857184062,1.0,1294.603671060003,1000.0,1294.603671060003,1000.0,0.0,0.0
12973,1688863080000.0,0.0,0.0,0.0,161.23,0.0,0.0,167.3,0.9999253857184062,1.0,1294.603671060003,1000.0,1294.603671060003,1000.0,0.0,0.0
12974,1688866680000.0,0.0,0.0,0.0,161.23,0.0,0.0,167.9,0.9999253857184062,1.0,1294.603671060003,1000.0,1294.603671060003,1000.0,0.0,0.0
12975,1688870280000.0,0.0,0.0,0.0,161.23,0.0,0.0,167.6,0.9999253857184062,1.0,1294.603671060003,1000.0,1294.603671060003,1000.0,0.0,0.0
12976,1688873880000.0,0.0,0.0,0.0,161.23,0.0,0.0,167.5,0.9999253857184062,1.0,1294.603671060003,1000.0,1294.603671060003,1000.0,0.0,0.0
12977,1688877480000.0,0.0,0.0,0.0,161.23,0.0,0.0,167.75,0.9999253857184062,1.0,1294.603671060003,1000.0,1294.603671060003,1000.0,0.0,0.0
12978,1688881080000.0,0.0,0.0,0.0,161.23,0.0,0.0,168.35,0.9999253857184062,1.0,1294.603671060003,1000.0,1294.603671060003,1000.0,0.0,0.0
12979,1688884680000.0,0.0,0.0,0.0,161.23,0.0,0.0,167.9,0.9999253857184062,1.0,1294.603671060003,1000.0,1294.603671060003,1000.0,0.0,0.0
12980,1688888280000.0,0.0,0.0,0.0,161.23,0.0,0.0,167.95,0.9999253857184062,1.0,1294.603671060003,1000.0,1294.603671060003,1000.0,0.0,0.0
12981,1688891880000.0,0.0,0.0,0.0,161.23,0.0,0.0,168.5,0.9999253857184062,1.0,1294.603671060003,1000.0,1294.603671060003,1000.0,0.0,0.0
12982,1688895480000.0,0.0,0.0,0.0,161.23,0.0,0.0,167.25,0.9999253857184062,1.0,1294.603671060003,1000.0,1294.603671060003,1000.0,0.0,0.0
12983,1688899080000.0,0.0,0.0,0.0,161.23,0.0,0.0,167.2,0.9999253857184062,1.0,1294.603671060003,1000.0,1294.603671060003,1000.0,0.0,0.0
12984,1688902680000.0,0.0,0.0,0.0,161.23,0.0,0.0,167.2,0.9999253857184062,1.0,1294.603671060003,1000.0,1294.603671060003,1000.0,0.0,0.0
12985,1688906280000.0,0.0,0.0,0.0,161.23,0.0,0.0,167.75,0.9999253857184062,1.0,1294.603671060003,1000.0,1294.603671060003,1000.0,0.0,0.0
12986,1688909880000.0,0.0,0.0,0.0,161.23,0.0,0.0,167.25,0.9999253857184062,1.0,1294.603671060003,1000.0,1294.603671060003,1000.0,0.0,0.0
12987,1688913480000.0,0.0,0.0,0.0,161.23,0.0,0.0,167.45,0.9999253857184062,1.0,1294.603671060003,1000.0,1294.603671060003,1000.0,0.0,0.0
12988,1688917080000.0,0.0,0.0,0.0,161.23,0.0,0.0,166.95,0.9999253857184062,1.0,1294.603671060003,1000.0,1294.603671060003,1000.0,0.0,0.0
12989,1688920680000.0,0.0,0.0,0.0,161.23,0.0,0.0,167.1,0.9999253857184062,1.0,1294.603671060003,1000.0,1294.603671060003,1000.0,0.0,0.0
12990,1688924280000.0,0.0,0.0,0.0,161.23,0.0,0.0,166.45,0.9999253857184062,1.0,1294.603671060003,1000.0,1294.603671060003,1000.0,0.0,0.0
12991,1688927880000.0,0.0,0.0,0.0,161.23,0.0,0.0,166.15,0.9999253857184062,1.0,1294.603671060003,1000.0,1294.603671060003,1000.0,0.0,0.0
12992,1688931480000.0,0.0,0.0,0.0,161.23,0.0,0.0,165.55,0.9999253857184062,1.0,1294.603671060003,1000.0,1294.603671060003,1000.0,0.0,0.0
12993,1688935080000.0,0.0,0.0,0.0,161.23,0.0,0.0,165.45,0.9999253857184062,1.0,1294.603671060003,1000.0,1294.603671060003,1000.0,0.0,0.0
12994,1688938680000.0,0.0,0.0,0.0,161.23,0.0,0.0,165.25,0.9999253857184062,1.0,1294.603671060003,1000.0,1294.603671060003,1000.0,0.0,0.0
12995,1688942280000.0,0.0,0.0,0.0,161.23,0.0,0.0,166.25,0.9999253857184062,1.0,1294.603671060003,1000.0,1294.603671060003,1000.0,0.0,0.0
12996,1688945880000.0,0.0,0.0,0.0,161.23,0.0,0.0,165.65,0.9999253857184062,1.0,1294.603671060003,1000.0,1294.603671060003,1000.0,0.0,0.0
12997,1688949480000.0,0.0,0.0,0.0,161.23,0.0,0.0,164.95,0.9999253857184062,1.0,1294.603671060003,1000.0,1294.603671060003,1000.0,0.0,0.0
12998,1688953080000.0,0.0,0.0,0.0,161.23,0.0,0.0,165.15,0.9999253857184062,1.0,1294.603671060003,1000.0,1294.603671060003,1000.0,0.0,0.0
12999,1688956680000.0,0.0,0.0,0.0,161.23,0.0,0.0,165.55,0.9999253857184062,1.0,1294.603671060003,1000.0,1294.603671060003,1000.0,0.0,0.0
13000,1688960280000.0,0.0,0.0,0.0,161.23,0.0,0.0,165.3,0.9999253857184062,1.0,1294.603671060003,1000.0,1294.603671060003,1000.0,0.0,0.0
13001,1688963880000.0,0.0,0.0,0.0,161.23,0.0,0.0,165.35,0.9999253857184062,1.0,1294.603671060003,1000.0,1294.603671060003,1000.0,0.0,0.0
13002,1688967480000.0,0.0,0.0,0.0,161.23,0.0,0.0,164.35,0.9999253857184062,1.0,1294.603671060003,1000.0,1294.603671060003,1000.0,0.0,0.0
13003,1688971080000.0,0.0,0.0,0.0,161.23,0.0,0.0,164.95,0.9999253857184062,1.0,1294.603671060003,1000.0,1294.603671060003,1000.0,0.0,0.0
13004,1688974680000.0,0.0,0.0,0.0,161.23,0.0,0.0,165.1,0.9999253857184062,1.0,1294.603671060003,1000.0,1294.603671060003,1000.0,0.0,0.0
13005,1688978280000.0,0.0,0.0,0.0,161.23,0.0,0.0,164.85,0.9999253857184062,1.0,1294.603671060003,1000.0,1294.603671060003,1000.0,0.0,0.0
13006,1688981880000.0,0.0,0.0,0.0,161.23,0.0,0.0,165.8,0.9999253857184062,1.0,1294.603671060003,1000.0,1294.603671060003,1000.0,0.0,0.0
13007,1688985480000.0,0.0,0.0,0.0,161.23,0.0,0.0,165.9,0.9999253857184062,1.0,1294.603671060003,1000.0,1294.603671060003,1000.0,0.0,0.0
13008,1688989080000.0,0.0,0.0,0.0,161.23,0.0,0.0,165.25,0.9999253857184062,1.0,1294.603671060003,1000.0,1294.603671060003,1000.0,0.0,0.0
13009,1688992680000.0,0.0,0.0,0.0,161.23,0.0,0.0,165.7,0.9999253857184062,1.0,1294.603671060003,1000.0,1294.603671060003,1000.0,0.0,0.0
13010,1688996280000.0,0.0,0.0,0.0,161.23,0.0,0.0,165.4,0.9999253857184062,1.0,1294.603671060003,1000.0,1294.603671060003,1000.0,0.0,0.0
13011,1688999880000.0,0.0,0.0,0.0,161.23,0.0,0.0,165.1,0.9999253857184062,1.0,1294.603671060003,1000.0,1294.603671060003,1000.0,0.0,0.0
13012,1689003480000.0,0.0,0.0,0.0,161.23,0.0,0.0,165.5,0.9999253857184062,1.0,1294.603671060003,1000.0,1294.603671060003,1000.0,0.0,0.0
13013,1689007080000.0,0.0,0.0,0.0,161.23,0.0,0.0,165.55,0.9999253857184062,1.0,1294.603671060003,1000.0,1294.603671060003,1000.0,0.0,0.0
13014,1689010680000.0,0.0,0.0,0.0,161.23,0.0,0.0,165.1,0.9999253857184062,1.0,1294.603671060003,1000.0,1294.603671060003,1000.0,0.0,0.0
13015,1689014280000.0,0.0,0.0,0.0,161.23,0.0,0.0,164.85,0.9999253857184062,1.0,1294.603671060003,1000.0,1294.603671060003,1000.0,0.0,0.0
13016,1689017880000.0,0.0,0.0,0.0,161.23,0.0,0.0,165.45,0.9999253857184062,1.0,1294.603671060003,1000.0,1294.603671060003,1000.0,0.0,0.0
13017,1689021480000.0,0.0,0.0,0.0,161.23,0.0,0.0,166.3,0.9999253857184062,1.0,1294.603671060003,1000.0,1294.603671060003,1000.0,0.0,0.0
13018,1689025080000.0,0.0,0.0,0.0,161.23,0.0,0.0,165.8,0.9999253857184062,1.0,1294.603671060003,1000.0,1294.603671060003,1000.0,0.0,0.0
13019,1689028680000.0,0.0,0.0,0.0,161.23,0.0,0.0,164.05,0.9999253857184062,1.0,1294.603671060003,1000.0,1294.603671060003,1000.0,0.0,0.0
13020,1689032280000.0,0.0,0.0,0.0,161.23,0.0,0.0,163.35,0.9999253857184062,1.0,1294.603671060003,1000.0,1294.603671060003,1000.0,0.0,0.0
13021,1689035880000.0,0.0,0.0,0.0,161.23,0.0,0.0,164.05,0.9999253857184062,1.0,1294.603671060003,1000.0,1294.603671060003,1000.0,0.0,0.0
13022,1689039480000.0,0.0,0.0,0.0,161.23,0.0,0.0,164.2,0.9999253857184062,1.0,1294.603671060003,1000.0,1294.603671060003,1000.0,0.0,0.0
13023,1689043080000.0,0.0,0.0,0.0,161.23,0.0,0.0,164.45,0.9999253857184062,1.0,1294.603671060003,1000.0,1294.603671060003,1000.0,0.0,0.0
13024,1689046680000.0,0.0,0.0,0.0,161.23,0.0,0.0,164.05,0.9999253857184062,1.0,1294.603671060003,1000.0,1294.603671060003,1000.0,0.0,0.0
13025,1689050280000.0,0.0,0.0,0.0,161.23,0.0,0.0,164.1,0.9999253857184062,1.0,1294.603671060003,1000.0,1294.603671060003,1000.0,0.0,0.0
13026,1689053880000.0,0.0,0.0,0.0,161.23,0.0,0.0,163.9,0.9999253857184062,1.0,1294.603671060003,1000.0,1294.603671060003,1000.0,0.0,0.0
13027,1689057480000.0,0.0,0.0,0.0,161.23,0.0,0.0,163.25,0.9999253857184062,1.0,1294.603671060003,1000.0,1294.603671060003,1000.0,0.0,0.0
13028,1689061080000.0,0.0,0.0,0.0,161.23,0.0,0.0,163.2,0.9999253857184062,1.0,1294.603671060003,1000.0,1294.603671060003,1000.0,0.0,0.0
13029,1689064680000.0,0.0,0.0,0.0,161.23,0.0,0.0,163.55,0.9999253857184062,1.0,1294.603671060003,1000.0,1294.603671060003,1000.0,0.0,0.0
13030,1689068280000.0,0.0,0.0,0.0,161.23,0.0,0.0,163.55,0.9999253857184062,1.0,1294.603671060003,1000.0,1294.603671060003,1000.0,0.0,0.0
13031,1689071880000.0,0.0,0.0,0.0,161.23,0.0,0.0,163.5,0.9999253857184062,1.0,1294.603671060003,1000.0,1294.603671060003,1000.0,0.0,0.0
13032,1689075480000.0,0.0,0.0,0.0,161.23,0.0,0.0,164.1,0.9999253857184062,1.0,1294.603671060003,1000.0,1294.603671060003,1000.0,0.0,0.0
13033,1689079080000.0,0.0,0.0,0.0,161.23,0.0,0.0,163.25,0.9999253857184062,1.0,1294.603671060003,1000.0,1294.603671060003,1000.0,0.0,0.0
13034,1689082680000.0,0.0,0.0,0.0,161.23,0.0,0.0,163.45,0.9999253857184062,1.0,1294.603671060003,1000.0,1294.603671060003,1000.0,0.0,0.0
13035,1689086280000.0,0.0,0.0,0.0,161.23,0.0,0.0,163.7,0.9999253857184062,1.0,1294.603671060003,1000.0,1294.603671060003,1000.0,0.0,0.0
13036,1689089880000.0,0.0,0.0,0.0,161.23,0.0,0.0,163.4,0.9999253857184062,1.0,1294.603671060003,1000.0,1294.603671060003,1000.0,0.0,0.0
13037,1689093480000.0,0.0,0.0,0.0,161.23,0.0,0.0,163.6,0.9999253857184062,1.0,1294.603671060003,1000.0,1294.603671060003,1000.0,0.0,0.0
13038,1689097080000.0,0.0,0.0,0.0,161.23,0.0,0.0,163.9,0.9999253857184062,1.0,1294.603671060003,1000.0,1294.603671060003,1000.0,0.0,0.0
13039,1689100680000.0,0.0,0.0,0.0,161.23,0.0,0.0,163.95,0.9999253857184062,1.0,1294.603671060003,1000.0,1294.603671060003,1000.0,0.0,0.0
13040,1689104280000.0,0.0,0.0,0.0,161.23,0.0,0.0,164.9,0.9999253857184062,1.0,1294.603671060003,1000.0,1294.603671060003,1000.0,0.0,0.0
13041,1689107880000.0,0.0,0.0,0.0,161.23,0.0,0.0,165.4,0.9999253857184062,1.0,1294.603671060003,1000.0,1294.603671060003,1000.0,0.0,0.0
13042,1689111480000.0,0.0,0.0,0.0,161.23,0.0,0.0,164.65,0.9999253857184062,1.0,1294.603671060003,1000.0,1294.603671060003,1000.0,0.0,0.0
13043,1689115080000.0,0.0,0.0,0.0,161.23,0.0,0.0,165.3,0.9999253857184062,1.0,1294.603671060003,1000.0,1294.603671060003,1000.0,0.0,0.0
13044,1689118680000.0,0.0,0.0,0.0,161.23,0.0,0.0,165.15,0.9999253857184062,1.0,1294.603671060003,1000.0,1294.603671060003,1000.0,0.0,0.0
13045,1689122280000.0,0.0,0.0,0.0,161.23,0.0,0.0,164.95,0.9999253857184062,1.0,1294.603671060003,1000.0,1294.603671060003,1000.0,0.0,0.0
13046,1689125880000.0,0.0,0.0,0.0,161.23,0.0,0.0,164.65,0.9999253857184062,1.0,1294.603671060003,1000.0,1294.603671060003,1000.0,0.0,0.0
13047,1689129480000.0,0.0,0.0,0.0,161.23,0.0,0.0,164.1,0.9999253857184062,1.0,1294.603671060003,1000.0,1294.603671060003,1000.0,0.0,0.0
13048,1689133080000.0,0.0,0.0,0.0,161.23,0.0,0.0,163.85,0.9999253857184062,1.0,1294.603671060003,1000.0,1294.603671060003,1000.0,0.0,0.0
13049,1689136680000.0,0.0,0.0,0.0,161.23,0.0,0.0,163.6,0.9999253857184062,1.0,1294.603671060003,1000.0,1294.603671060003,1000.0,0.0,0.0
13050,1689140280000.0,0.0,0.0,0.0,161.23,0.0,0.0,164.0,0.9999253857184062,1.0,1294.603671060003,1000.0,1294.603671060003,1000.0,0.0,0.0
13051,1689143880000.0,0.0,0.0,0.0,161.23,0.0,0.0,164.2,0.9999253857184062,1.0,1294.603671060003,1000.0,1294.603671060003,1000.0,0.0,0.0
13052,1689147480000.0,0.0,0.0,0.0,161.23,0.0,0.0,164.5,0.9999253857184062,1.0,1294.603671060003,1000.0,1294.603671060003,1000.0,0.0,0.0
13053,1689151080000.0,0.0,0.0,0.0,161.23,0.0,0.0,163.9,0.9999253857184062,1.0,1294.603671060003,1000.0,1294.603671060003,1000.0,0.0,0.0
13054,1689154680000.0,0.0,0.0,0.0,161.23,0.0,0.0,164.2,0.9999253857184062,1.0,1294.603671060003,1000.0,1294.603671060003,1000.0,0.0,0.0
13055,1689158280000.0,0.0,0.0,0.0,161.23,0.0,0.0,164.25,0.9999253857184062,1.0,1294.603671060003,1000.0,1294.603671060003,1000.0,0.0,0.0
13056,1689161880000.0,0.0,0.0,0.0,161.23,0.0,0.0,164.85,0.9999253857184062,1.0,1294.603671060003,1000.0,1294.603671060003,1000.0,0.0,0.0
13057,1689165480000.0,0.0,0.0,0.0,161.23,0.0,0.0,164.6,0.9999253857184062,1.0,1294.603671060003,1000.0,1294.603671060003,1000.0,0.0,0.0
13058,1689169080000.0,0.0,0.0,0.0,161.23,0.0,0.0,163.95,0.9999253857184062,1.0,1294.603671060003,1000.0,1294.603671060003,1000.0,0.0,0.0
13059,1689172680000.0,0.0,0.0,0.0,161.23,0.0,0.0,164.4,0.9999253857184062,1.0,1294.603671060003,1000.0,1294.603671060003,1000.0,0.0,0.0
13060,1689176280000.0,0.0,0.0,0.0,161.23,0.0,0.0,164.1,0.9999253857184062,1.0,1294.603671060003,1000.0,1294.603671060003,1000.0,0.0,0.0
13061,1689179880000.0,0.0,0.0,0.0,161.23,0.0,0.0,163.35,0.9999253857184062,1.0,1294.603671060003,1000.0,1294.603671060003,1000.0,0.0,0.0
13062,1689183480000.0,0.0,0.0,0.0,161.23,0.0,0.0,163.85,0.9999253857184062,1.0,1294.603671060003,1000.0,1294.603671060003,1000.0,0.0,0.0
13063,1689187080000.0,0.0,0.0,0.0,161.23,0.0,0.0,163.95,0.9999253857184062,1.0,1294.603671060003,1000.0,1294.603671060003,1000.0,0.0,0.0
13064,1689190680000.0,0.0,0.0,0.0,161.23,0.0,0.0,163.35,0.9999253857184062,1.0,1294.603671060003,1000.0,1294.603671060003,1000.0,0.0,0.0
13065,1689194280000.0,0.0,0.0,0.0,161.23,0.0,0.0,163.1,0.9999253857184062,1.0,1294.603671060003,1000.0,1294.603671060003,1000.0,0.0,0.0
13066,1689197880000.0,0.0,0.0,0.0,161.23,0.0,0.0,163.2,0.9999253857184062,1.0,1294.603671060003,1000.0,1294.603671060003,1000.0,0.0,0.0
13067,1689201480000.0,0.0,0.0,0.0,161.23,0.0,0.0,163.25,0.9999253857184062,1.0,1294.603671060003,1000.0,1294.603671060003,1000.0,0.0,0.0
13068,1689205080000.0,0.0,0.0,0.0,161.23,0.0,0.0,163.6,0.9999253857184062,1.0,1294.603671060003,1000.0,1294.603671060003,1000.0,0.0,0.0
13069,1689208680000.0,0.0,0.0,0.0,161.23,0.0,0.0,163.2,0.9999253857184062,1.0,1294.603671060003,1000.0,1294.603671060003,1000.0,0.0,0.0
13070,1689212280000.0,0.0,0.0,0.0,161.23,0.0,0.0,163.1,0.9999253857184062,1.0,1294.603671060003,1000.0,1294.603671060003,1000.0,0.0,0.0
13071,1689215880000.0,0.0,0.0,0.0,161.23,0.0,0.0,163.15,0.9999253857184062,1.0,1294.603671060003,1000.0,1294.603671060003,1000.0,0.0,0.0
13072,1689219480000.0,0.0,0.0,0.0,161.23,0.0,0.0,162.3,0.9999253857184062,1.0,1294.603671060003,1000.0,1294.603671060003,1000.0,0.0,0.0
13073,1689223080000.0,0.0,0.0,0.0,161.23,0.0,0.0,162.15,0.9999253857184062,1.0,1294.603671060003,1000.0,1294.603671060003,1000.0,0.0,0.0
13074,1689226680000.0,0.0,0.0,0.0,161.23,0.0,0.0,162.4,0.9999253857184062,1.0,1294.603671060003,1000.0,1294.603671060003,1000.0,0.0,0.0
13075,1689230280000.0,0.0,0.0,0.0,161.23,0.0,0.0,162.75,0.9999253857184062,1.0,1294.603671060003,1000.0,1294.603671060003,1000.0,0.0,0.0
13076,1689233880000.0,0.0,0.0,0.0,161.23,0.0,0.0,163.25,0.9999253857184062,1.0,1294.603671060003,1000.0,1294.603671060003,1000.0,0.0,0.0
13077,1689237480000.0,0.0,0.0,0.0,161.23,0.0,0.0,161.9,0.9999253857184062,1.0,1294.603671060003,1000.0,1294.603671060003,1000.0,0.0,0.0
13078,1689241080000.0,0.0,0.0,0.0,161.23,0.0,0.0,162.5,0.9999253857184062,1.0,1294.603671060003,1000.0,1294.603671060003,1000.0,0.0,0.0
13079,1689244680000.0,0.0,0.0,0.0,161.23,0.0,0.0,163.0,0.9999253857184062,1.0,1294.603671060003,1000.0,1294.603671060003,1000.0,0.0,0.0
13080,1689248280000.0,0.0,0.0,0.0,161.23,0.0,0.0,162.7,0.9999253857184062,1.0,1294.603671060003,1000.0,1294.603671060003,1000.0,0.0,0.0
13081,1689251880000.0,0.0,0.0,0.0,161.23,0.0,0.0,163.15,0.9999253857184062,1.0,1294.603671060003,1000.0,1294.603671060003,1000.0,0.0,0.0
13082,1689255480000.0,0.0,0.0,0.0,161.23,0.0,0.0,163.55,0.9999253857184062,1.0,1294.603671060003,1000.0,1294.603671060003,1000.0,0.0,0.0
13083,1689259080000.0,0.0,0.0,0.0,161.23,0.0,0.0,163.6,0.9999253857184062,1.0,1294.603671060003,1000.0,1294.603671060003,1000.0,0.0,0.0
13084,1689262680000.0,0.0,0.0,0.0,161.23,0.0,0.0,164.6,0.9999253857184062,1.0,1294.603671060003,1000.0,1294.603671060003,1000.0,0.0,0.0
13085,1689266280000.0,0.0,0.0,0.0,161.23,0.0,0.0,165.15,0.9999253857184062,1.0,1294.603671060003,1000.0,1294.603671060003,1000.0,0.0,0.0
13086,1689269880000.0,0.0,0.0,0.0,161.23,0.0,0.0,165.85,0.9999253857184062,1.0,1294.603671060003,1000.0,1294.603671060003,1000.0,0.0,0.0
13087,1689273480000.0,0.0,0.0,0.0,161.23,0.0,0.0,166.25,0.9999253857184062,1.0,1294.603671060003,1000.0,1294.603671060003,1000.0,0.0,0.0
13088,1689277080000.0,0.0,0.0,0.0,161.23,0.0,0.0,167.05,0.9999253857184062,1.0,1294.603671060003,1000.0,1294.603671060003,1000.0,0.0,0.0
13089,1689280680000.0,0.0,0.0,0.0,161.23,0.0,0.0,165.45,0.9999253857184062,1.0,1294.603671060003,1000.0,1294.603671060003,1000.0,0.0,0.0
13090,1689284280000.0,0.0,0.0,0.0,161.23,0.0,0.0,163.9,0.9999253857184062,1.0,1294.603671060003,1000.0,1294.603671060003,1000.0,0.0,0.0
13091,1689287880000.0,0.0,0.0,0.0,161.23,0.0,0.0,164.45,0.9999253857184062,1.0,1294.603671060003,1000.0,1294.603671060003,1000.0,0.0,0.0
13092,1689291480000.0,0.0,0.0,0.0,161.23,0.0,0.0,164.45,0.9999253857184062,1.0,1294.603671060003,1000.0,1294.603671060003,1000.0,0.0,0.0
13093,1689295080000.0,0.0,0.0,0.0,161.23,0.0,0.0,165.8,0.9999253857184062,1.0,1294.603671060003,1000.0,1294.603671060003,1000.0,0.0,0.0
13094,1689298680000.0,0.0,0.0,0.0,161.23,0.0,0.0,164.45,0.9999253857184062,1.0,1294.603671060003,1000.0,1294.603671060003,1000.0,0.0,0.0
13095,1689302280000.0,0.0,0.0,0.0,161.23,0.0,0.0,164.25,0.9999253857184062,1.0,1294.603671060003,1000.0,1294.603671060003,1000.0,0.0,0.0
13096,1689305880000.0,0.0,0.0,0.0,161.23,0.0,0.0,164.05,0.9999253857184062,1.0,1294.603671060003,1000.0,1294.603671060003,1000.0,0.0,0.0
13097,1689309480000.0,0.0,0.0,0.0,161.23,0.0,0.0,164.9,0.9999253857184062,1.0,1294.603671060003,1000.0,1294.603671060003,1000.0,0.0,0.0
13098,1689313080000.0,0.0,0.0,0.0,161.23,0.0,0.0,164.3,0.9999253857184062,1.0,1294.603671060003,1000.0,1294.603671060003,1000.0,0.0,0.0
13099,1689316680000.0,0.0,0.0,0.0,161.23,0.0,0.0,164.95,0.9999253857184062,1.0,1294.603671060003,1000.0,1294.603671060003,1000.0,0.0,0.0
13100,1689320280000.0,0.0,0.0,0.0,161.23,0.0,0.0,164.4,0.9999253857184062,1.0,1294.603671060003,1000.0,1294.603671060003,1000.0,0.0,0.0
13101,1689323880000.0,0.0,0.0,0.0,161.23,0.0,0.0,164.85,0.9999253857184062,1.0,1294.603671060003,1000.0,1294.603671060003,1000.0,0.0,0.0
13102,1689327480000.0,0.0,0.0,0.0,161.23,0.0,0.0,164.25,0.9999253857184062,1.0,1294.603671060003,1000.0,1294.603671060003,1000.0,0.0,0.0
13103,1689331080000.0,0.0,0.0,0.0,161.23,0.0,0.0,164.55,0.9999253857184062,1.0,1294.603671060003,1000.0,1294.603671060003,1000.0,0.0,0.0
13104,1689334680000.0,0.0,0.0,0.0,161.23,0.0,0.0,165.95,0.9999253857184062,1.0,1294.603671060003,1000.0,1294.603671060003,1000.0,0.0,0.0
13105,1689338280000.0,0.0,0.0,0.0,161.23,0.0,0.0,165.65,0.9999253857184062,1.0,1294.603671060003,1000.0,1294.603671060003,1000.0,0.0,0.0
13106,1689341880000.0,0.0,0.0,0.0,161.23,0.0,0.0,165.55,0.9999253857184062,1.0,1294.603671060003,1000.0,1294.603671060003,1000.0,0.0,0.0
13107,1689345480000.0,0.0,0.0,0.0,161.23,0.0,0.0,165.2,0.9999253857184062,1.0,1294.603671060003,1000.0,1294.603671060003,1000.0,0.0,0.0
13108,1689349080000.0,0.0,0.0,0.0,161.23,0.0,0.0,164.5,0.9999253857184062,1.0,1294.603671060003,1000.0,1294.603671060003,1000.0,0.0,0.0
13109,1689352680000.0,0.0,0.0,0.0,161.23,0.0,0.0,163.25,0.9999253857184062,1.0,1294.603671060003,1000.0,1294.603671060003,1000.0,0.0,0.0
13110,1689356280000.0,0.0,0.0,0.0,161.23,0.0,0.0,160.9,0.9999253857184062,1.0,1294.603671060003,1000.0,1294.603671060003,1000.0,0.0,0.0
13111,1689359880000.0,0.0,0.0,0.33,158.91,0.0,0.0,157.0,0.9999253857184062,1.0,1294.5931830000031,1000.0,1293.962883000003,1000.0,0.040507165253626916,0.0
13112,1689363480000.0,0.0,0.0,0.33,158.91,0.0,0.0,159.0,0.9999253857184062,1.0,1294.5931830000031,1000.0,1294.6228830000032,1000.0,0.040507165253626916,0.0
13113,1689367080000.0,0.0,0.0,0.33,158.91,0.0,0.0,158.05,0.9999253857184062,1.0,1294.5931830000031,1000.0,1294.3093830000032,1000.0,0.040507165253626916,0.0
13114,1689370680000.0,0.0,0.0,0.33,158.91,0.0,0.0,160.15,0.9999253857184062,1.0,1294.5931830000031,1000.0,1295.0023830000032,1000.0,0.040507165253626916,0.0
13115,1689374280000.0,0.0,0.0,0.33,158.91,0.0,0.0,160.05,0.9999253857184062,1.0,1294.5931830000031,1000.0,1294.969383000003,1000.0,0.040507165253626916,0.0
13116,1689377880000.0,0.0,0.0,0.33,158.91,0.0,0.0,160.2,0.9999253857184062,1.0,1294.5931830000031,1000.0,1295.0188830000031,1000.0,0.040507165253626916,0.0
13117,1689381480000.0,0.0,0.0,0.33,158.91,0.0,0.0,158.9,0.9999253857184062,1.0,1294.5931830000031,1000.0,1294.589883000003,1000.0,0.040507165253626916,0.0
13118,1689385080000.0,0.0,0.0,0.33,158.91,0.0,0.0,160.75,0.9999253857184062,1.0,1294.5931830000031,1000.0,1295.200383000003,1000.0,0.040507165253626916,0.0
13119,1689388680000.0,0.0,0.0,0.33,158.91,0.0,0.0,159.5,0.9999253857184062,1.0,1294.5931830000031,1000.0,1294.7878830000031,1000.0,0.040507165253626916,0.0
13120,1689392280000.0,0.0,0.0,0.33,158.91,0.0,0.0,159.05,0.9999253857184062,1.0,1294.5931830000031,1000.0,1294.6393830000031,1000.0,0.040507165253626916,0.0
13121,1689395880000.0,0.0,0.0,0.33,158.91,0.0,0.0,159.25,0.9999253857184062,1.0,1294.5931830000031,1000.0,1294.7053830000032,1000.0,0.040507165253626916,0.0
13122,1689399480000.0,0.0,0.0,0.33,158.91,0.0,0.0,159.0,0.9999253857184062,1.0,1294.5931830000031,1000.0,1294.6228830000032,1000.0,0.040507165253626916,0.0
13123,1689403080000.0,0.0,0.0,0.33,158.91,0.0,0.0,159.25,0.9999253857184062,1.0,1294.5931830000031,1000.0,1294.7053830000032,1000.0,0.040507165253626916,0.0
13124,1689406680000.0,0.0,0.0,0.33,158.91,0.0,0.0,160.35,0.9999253857184062,1.0,1294.5931830000031,1000.0,1295.0683830000032,1000.0,0.040507165253626916,0.0
13125,1689410280000.0,0.0,0.0,0.33,158.91,0.0,0.0,160.1,0.9999253857184062,1.0,1294.5931830000031,1000.0,1294.9858830000032,1000.0,0.040507165253626916,0.0
13126,1689413880000.0,0.0,0.0,0.33,158.91,0.0,0.0,161.25,0.9999253857184062,1.0,1294.5931830000031,1000.0,1295.3653830000032,1000.0,0.040507165253626916,0.0
13127,1689417480000.0,0.0,0.0,0.33,158.91,0.0,0.0,161.95,0.9999253857184062,1.0,1294.5931830000031,1000.0,1295.5963830000032,1000.0,0.040507165253626916,0.0
13128,1689421080000.0,0.0,0.0,0.33,158.91,0.0,0.0,162.6,0.9999253857184062,1.0,1294.5931830000031,1000.0,1295.810883000003,1000.0,0.040507165253626916,0.0
13129,1689424680000.0,0.0,0.0,0.33,158.91,0.0,0.0,163.4,0.9999253857184062,1.0,1294.5931830000031,1000.0,1296.0748830000032,1000.0,0.040507165253626916,0.0
13130,1689428280000.0,0.0,0.0,0.22,158.91,0.0,0.0,162.95,0.9999253857184062,1.0,1295.114282040003,1000.0,1296.003082040003,1000.0,0.026993911259269213,0.0
13131,1689431880000.0,0.0,0.0,0.22,158.91,0.0,0.0,163.55,0.9999253857184062,1.0,1295.114282040003,1000.0,1296.135082040003,1000.0,0.026993911259269213,0.0
13132,1689435480000.0,0.0,0.0,0.15,158.91,0.0,0.0,163.6,0.9999253857184062,1.0,1295.445890520003,1000.0,1296.1493905200032,1000.0,0.018400228195121156,0.0
13133,1689439080000.0,0.0,0.0,0.07,158.91,0.0,0.0,162.75,0.9999253857184062,1.0,1295.824871640003,1000.0,1296.093671640003,1000.0,0.008584261842359752,0.0
13134,1689442680000.0,0.0,0.0,0.05,158.91,0.0,0.0,164.9,0.9999253857184062,1.0,1295.919616920003,1000.0,1296.219116920003,1000.0,0.006131167316445118,0.0
13135,1689446280000.0,0.0,0.0,0.05,158.91,0.0,0.0,165.45,0.9999253857184062,1.0,1295.919616920003,1000.0,1296.246616920003,1000.0,0.006131167316445118,0.0
13136,1689449880000.0,0.0,0.0,0.05,158.91,0.0,0.0,165.75,0.9999253857184062,1.0,1295.919616920003,1000.0,1296.261616920003,1000.0,0.006131167316445118,0.0
13137,1689453480000.0,0.0,0.0,0.05,158.91,0.0,0.0,165.7,0.9999253857184062,1.0,1295.919616920003,1000.0,1296.259116920003,1000.0,0.006131167316445118,0.0
13138,1689457080000.0,0.0,0.0,0.05,158.91,0.0,0.0,164.9,0.9999253857184062,1.0,1295.919616920003,1000.0,1296.219116920003,1000.0,0.006131167316445118,0.0
13139,1689460680000.0,0.0,0.0,0.05,158.91,0.0,0.0,164.5,0.9999253857184062,1.0,1295.919616920003,1000.0,1296.199116920003,1000.0,0.006131167316445118,0.0
13140,1689464280000.0,0.0,0.0,0.05,158.91,0.0,0.0,164.4,0.9999253857184062,1.0,1295.919616920003,1000.0,1296.194116920003,1000.0,0.006131167316445118,0.0
13141,1689467880000.0,0.0,0.0,0.05,158.91,0.0,0.0,164.4,0.9999253857184062,1.0,1295.919616920003,1000.0,1296.194116920003,1000.0,0.006131167316445118,0.0
13142,1689471480000.0,0.0,0.0,0.05,158.91,0.0,0.0,165.15,0.9999253857184062,1.0,1295.919616920003,1000.0,1296.2316169200028,1000.0,0.006131167316445118,0.0
13143,1689475080000.0,0.0,0.0,0.05,158.91,0.0,0.0,165.05,0.9999253857184062,1.0,1295.919616920003,1000.0,1296.226616920003,1000.0,0.006131167316445118,0.0
13144,1689478680000.0,0.0,0.0,0.05,158.91,0.0,0.0,165.1,0.9999253857184062,1.0,1295.919616920003,1000.0,1296.229116920003,1000.0,0.006131167316445118,0.0
13145,1689482280000.0,0.0,0.0,0.05,158.91,0.0,0.0,165.6,0.9999253857184062,1.0,1295.919616920003,1000.0,1296.2541169200028,1000.0,0.006131167316445118,0.0
13146,1689485880000.0,0.0,0.0,0.05,158.91,0.0,0.0,166.0,0.9999253857184062,1.0,1295.919616920003,1000.0,1296.2741169200028,1000.0,0.006131167316445118,0.0
13147,1689489480000.0,0.0,0.0,0.05,158.91,0.0,0.0,165.4,0.9999253857184062,1.0,1295.919616920003,1000.0,1296.2441169200029,1000.0,0.006131167316445118,0.0
13148,1689493080000.0,0.0,0.0,0.05,158.91,0.0,0.0,164.8,0.9999253857184062,1.0,1295.919616920003,1000.0,1296.2141169200029,1000.0,0.006131167316445118,0.0
13149,1689496680000.0,0.0,0.0,0.05,158.91,0.0,0.0,164.3,0.9999253857184062,1.0,1295.919616920003,1000.0,1296.189116920003,1000.0,0.006131167316445118,0.0
13150,1689500280000.0,0.0,0.0,0.05,158.91,0.0,0.0,164.4,0.9999253857184062,1.0,1295.919616920003,1000.0,1296.194116920003,1000.0,0.006131167316445118,0.0
13151,1689503880000.0,0.0,0.0,0.04,158.91,0.0,0.0,163.5,0.9999253857184062,1.0,1295.966989560003,1000.0,1296.150589560003,1000.0,0.004904754558723813,0.0
13152,1689507480000.0,0.0,0.0,0.02,158.91,0.0,0.0,164.0,0.9999253857184062,1.0,1296.061734840003,1000.0,1296.163534840003,1000.0,0.0024521980045899157,0.0
13153,1689511080000.0,0.0,0.0,0.02,158.91,0.0,0.0,164.1,0.9999253857184062,1.0,1296.061734840003,1000.0,1296.1655348400031,1000.0,0.0024521980045899157,0.0
13154,1689514680000.0,0.0,0.0,0.02,158.91,0.0,0.0,164.35,0.9999253857184062,1.0,1296.061734840003,1000.0,1296.170534840003,1000.0,0.0024521980045899157,0.0
13155,1689518280000.0,0.0,0.0,0.02,158.91,0.0,0.0,165.4,0.9999253857184062,1.0,1296.061734840003,1000.0,1296.191534840003,1000.0,0.0024521980045899157,0.0
13156,1689521880000.0,0.0,0.0,0.02,158.91,0.0,0.0,164.75,0.9999253857184062,1.0,1296.061734840003,1000.0,1296.178534840003,1000.0,0.0024521980045899157,0.0
13157,1689525480000.0,0.0,0.0,0.02,158.91,0.0,0.0,164.35,0.9999253857184062,1.0,1296.061734840003,1000.0,1296.170534840003,1000.0,0.0024521980045899157,0.0
13158,1689529080000.0,0.0,0.0,0.02,158.91,0.0,0.0,163.8,0.9999253857184062,1.0,1296.061734840003,1000.0,1296.159534840003,1000.0,0.0024521980045899157,0.0
13159,1689532680000.0,0.0,0.0,0.02,158.91,0.0,0.0,163.25,0.9999253857184062,1.0,1296.061734840003,1000.0,1296.148534840003,1000.0,0.0024521980045899157,0.0
13160,1689536280000.0,0.0,0.0,0.01,158.91,0.0,0.0,164.15,0.9999253857184062,1.0,1296.109107480003,1000.0,1296.1615074800031,1000.0,0.0012260541885163146,0.0
13161,1689539880000.0,0.0,0.0,0.01,158.91,0.0,0.0,164.3,0.9999253857184062,1.0,1296.109107480003,1000.0,1296.1630074800032,1000.0,0.0012260541885163146,0.0
13162,1689543480000.0,0.0,0.0,0.01,158.91,0.0,0.0,165.5,0.9999253857184062,1.0,1296.109107480003,1000.0,1296.1750074800032,1000.0,0.0012260541885163146,0.0
13163,1689547080000.0,0.0,0.0,0.01,158.91,0.0,0.0,165.2,0.9999253857184062,1.0,1296.109107480003,1000.0,1296.172007480003,1000.0,0.0012260541885163146,0.0
13164,1689550680000.0,0.0,0.0,0.01,158.91,0.0,0.0,164.95,0.9999253857184062,1.0,1296.109107480003,1000.0,1296.1695074800032,1000.0,0.0012260541885163146,0.0
13165,1689554280000.0,0.0,0.0,0.01,158.91,0.0,0.0,165.3,0.9999253857184062,1.0,1296.109107480003,1000.0,1296.1730074800032,1000.0,0.0012260541885163146,0.0
13166,1689557880000.0,0.0,0.0,0.01,158.91,0.0,0.0,164.85,0.9999253857184062,1.0,1296.109107480003,1000.0,1296.1685074800032,1000.0,0.0012260541885163146,0.0
13167,1689561480000.0,0.0,0.0,0.01,158.91,0.0,0.0,164.65,0.9999253857184062,1.0,1296.109107480003,1000.0,1296.166507480003,1000.0,0.0012260541885163146,0.0
13168,1689565080000.0,0.0,0.0,0.01,158.91,0.0,0.0,164.2,0.9999253857184062,1.0,1296.109107480003,1000.0,1296.162007480003,1000.0,0.0012260541885163146,0.0
13169,1689568680000.0,0.0,0.0,0.01,158.91,0.0,0.0,164.25,0.9999253857184062,1.0,1296.109107480003,1000.0,1296.1625074800031,1000.0,0.0012260541885163146,0.0
13170,1689572280000.0,0.0,0.0,0.01,158.91,0.0,0.0,164.75,0.9999253857184062,1.0,1296.109107480003,1000.0,1296.167507480003,1000.0,0.0012260541885163146,0.0
13171,1689575880000.0,0.0,0.0,0.01,158.91,0.0,0.0,164.45,0.9999253857184062,1.0,1296.109107480003,1000.0,1296.164507480003,1000.0,0.0012260541885163146,0.0
13172,1689579480000.0,0.0,0.0,0.01,158.91,0.0,0.0,164.75,0.9999253857184062,1.0,1296.109107480003,1000.0,1296.167507480003,1000.0,0.0012260541885163146,0.0
13173,1689583080000.0,0.0,0.0,0.01,158.91,0.0,0.0,165.3,0.9999253857184062,1.0,1296.109107480003,1000.0,1296.1730074800032,1000.0,0.0012260541885163146,0.0
13174,1689586680000.0,0.0,0.0,0.01,158.91,0.0,0.0,164.95,0.9999253857184062,1.0,1296.109107480003,1000.0,1296.1695074800032,1000.0,0.0012260541885163146,0.0
13175,1689590280000.0,0.0,0.0,0.0,158.91,0.0,0.0,163.8,0.9999253857184062,1.0,1296.1564801200032,1000.0,1296.1564801200032,1000.0,0.0,0.0
13176,1689593880000.0,0.0,0.0,0.0,158.91,0.0,0.0,164.6,0.9999253857184062,1.0,1296.1564801200032,1000.0,1296.1564801200032,1000.0,0.0,0.0
13177,1689597480000.0,0.0,0.0,0.0,158.91,0.0,0.0,164.3,0.9999253857184062,1.0,1296.1564801200032,1000.0,1296.1564801200032,1000.0,0.0,0.0
13178,1689601080000.0,0.0,0.0,0.0,158.91,0.0,0.0,164.8,0.9999253857184062,1.0,1296.1564801200032,1000.0,1296.1564801200032,1000.0,0.0,0.0
13179,1689604680000.0,0.0,0.0,0.0,158.91,0.0,0.0,165.1,0.9999253857184062,1.0,1296.1564801200032,1000.0,1296.1564801200032,1000.0,0.0,0.0
13180,1689608280000.0,0.0,0.0,0.0,158.91,0.0,0.0,164.95,0.9999253857184062,1.0,1296.1564801200032,1000.0,1296.1564801200032,1000.0,0.0,0.0
13181,1689611880000.0,0.0,0.0,0.0,158.91,0.0,0.0,165.2,0.9999253857184062,1.0,1296.1564801200032,1000.0,1296.1564801200032,1000.0,0.0,0.0
13182,1689615480000.0,0.0,0.0,0.0,158.91,0.0,0.0,164.1,0.9999253857184062,1.0,1296.1564801200032,1000.0,1296.1564801200032,1000.0,0.0,0.0
13183,1689619080000.0,0.0,0.0,0.0,158.91,0.0,0.0,164.35,0.9999253857184062,1.0,1296.1564801200032,1000.0,1296.1564801200032,1000.0,0.0,0.0
13184,1689622680000.0,0.0,0.0,0.0,158.91,0.0,0.0,164.3,0.9999253857184062,1.0,1296.1564801200032,1000.0,1296.1564801200032,1000.0,0.0,0.0
13185,1689626280000.0,0.0,0.0,0.0,158.91,0.0,0.0,165.0,0.9999253857184062,1.0,1296.1564801200032,1000.0,1296.1564801200032,1000.0,0.0,0.0
13186,1689629880000.0,0.0,0.0,0.0,158.91,0.0,0.0,167.4,0.9999253857184062,1.0,1296.1564801200032,1000.0,1296.1564801200032,1000.0,0.0,0.0
13187,1689633480000.0,0.0,0.0,0.0,158.91,0.0,0.0,168.65,0.9999253857184062,1.0,1296.1564801200032,1000.0,1296.1564801200032,1000.0,0.0,0.0
13188,1689637080000.0,0.0,0.0,0.0,158.91,0.0,0.0,168.05,0.9999253857184062,1.0,1296.1564801200032,1000.0,1296.1564801200032,1000.0,0.0,0.0
13189,1689640680000.0,0.0,0.0,0.0,158.91,0.0,0.0,168.55,0.9999253857184062,1.0,1296.1564801200032,1000.0,1296.1564801200032,1000.0,0.0,0.0
13190,1689644280000.0,0.0,0.0,0.0,158.91,0.0,0.0,168.3,0.9999253857184062,1.0,1296.1564801200032,1000.0,1296.1564801200032,1000.0,0.0,0.0
13191,1689647880000.0,0.0,0.0,0.0,158.91,0.0,0.0,167.4,0.9999253857184062,1.0,1296.1564801200032,1000.0,1296.1564801200032,1000.0,0.0,0.0
13192,1689651480000.0,0.0,0.0,0.0,158.91,0.0,0.0,167.3,0.9999253857184062,1.0,1296.1564801200032,1000.0,1296.1564801200032,1000.0,0.0,0.0
13193,1689655080000.0,0.0,0.0,0.0,158.91,0.0,0.0,166.9,0.9999253857184062,1.0,1296.1564801200032,1000.0,1296.1564801200032,1000.0,0.0,0.0
13194,1689658680000.0,0.0,0.0,0.0,158.91,0.0,0.0,166.85,0.9999253857184062,1.0,1296.1564801200032,1000.0,1296.1564801200032,1000.0,0.0,0.0
13195,1689662280000.0,0.0,0.0,0.0,158.91,0.0,0.0,166.0,0.9999253857184062,1.0,1296.1564801200032,1000.0,1296.1564801200032,1000.0,0.0,0.0
13196,1689665880000.0,0.0,0.0,0.0,158.91,0.0,0.0,166.25,0.9999253857184062,1.0,1296.1564801200032,1000.0,1296.1564801200032,1000.0,0.0,0.0
13197,1689669480000.0,0.0,0.0,0.0,158.91,0.0,0.0,167.2,0.9999253857184062,1.0,1296.1564801200032,1000.0,1296.1564801200032,1000.0,0.0,0.0
13198,1689673080000.0,0.0,0.0,0.0,158.91,0.0,0.0,167.75,0.9999253857184062,1.0,1296.1564801200032,1000.0,1296.1564801200032,1000.0,0.0,0.0
13199,1689676680000.0,0.0,0.0,0.0,158.91,0.0,0.0,166.25,0.9999253857184062,1.0,1296.1564801200032,1000.0,1296.1564801200032,1000.0,0.0,0.0
13200,1689680280000.0,0.0,0.0,0.0,158.91,0.0,0.0,166.05,0.9999253857184062,1.0,1296.1564801200032,1000.0,1296.1564801200032,1000.0,0.0,0.0
13201,1689683880000.0,0.0,0.0,0.0,158.91,0.0,0.0,164.8,0.9999253857184062,1.0,1296.1564801200032,1000.0,1296.1564801200032,1000.0,0.0,0.0
13202,1689687480000.0,0.0,0.0,0.0,158.91,0.0,0.0,165.05,0.9999253857184062,1.0,1296.1564801200032,1000.0,1296.1564801200032,1000.0,0.0,0.0
13203,1689691080000.0,0.0,0.0,0.0,158.91,0.0,0.0,165.4,0.9999253857184062,1.0,1296.1564801200032,1000.0,1296.1564801200032,1000.0,0.0,0.0
13204,1689694680000.0,0.0,0.0,0.0,158.91,0.0,0.0,165.15,0.9999253857184062,1.0,1296.1564801200032,1000.0,1296.1564801200032,1000.0,0.0,0.0
13205,1689698280000.0,0.0,0.0,0.0,158.91,0.0,0.0,165.45,0.9999253857184062,1.0,1296.1564801200032,1000.0,1296.1564801200032,1000.0,0.0,0.0
13206,1689701880000.0,0.0,0.0,0.0,158.91,0.0,0.0,165.45,0.9999253857184062,1.0,1296.1564801200032,1000.0,1296.1564801200032,1000.0,0.0,0.0
13207,1689705480000.0,0.0,0.0,0.0,158.91,0.0,0.0,166.15,0.9999253857184062,1.0,1296.1564801200032,1000.0,1296.1564801200032,1000.0,0.0,0.0
13208,1689709080000.0,0.0,0.0,0.0,158.91,0.0,0.0,166.1,0.9999253857184062,1.0,1296.1564801200032,1000.0,1296.1564801200032,1000.0,0.0,0.0
13209,1689712680000.0,0.0,0.0,0.0,158.91,0.0,0.0,166.3,0.9999253857184062,1.0,1296.1564801200032,1000.0,1296.1564801200032,1000.0,0.0,0.0
13210,1689716280000.0,0.0,0.0,0.0,158.91,0.0,0.0,166.55,0.9999253857184062,1.0,1296.1564801200032,1000.0,1296.1564801200032,1000.0,0.0,0.0
13211,1689719880000.0,0.0,0.0,0.0,158.91,0.0,0.0,166.8,0.9999253857184062,1.0,1296.1564801200032,1000.0,1296.1564801200032,1000.0,0.0,0.0
13212,1689723480000.0,0.0,0.0,0.0,158.91,0.0,0.0,166.45,0.9999253857184062,1.0,1296.1564801200032,1000.0,1296.1564801200032,1000.0,0.0,0.0
13213,1689727080000.0,0.0,0.0,0.0,158.91,0.0,0.0,167.45,0.9999253857184062,1.0,1296.1564801200032,1000.0,1296.1564801200032,1000.0,0.0,0.0
13214,1689730680000.0,0.0,0.0,0.0,158.91,0.0,0.0,168.1,0.9999253857184062,1.0,1296.1564801200032,1000.0,1296.1564801200032,1000.0,0.0,0.0
13215,1689734280000.0,0.0,0.0,0.0,158.91,0.0,0.0,168.65,0.9999253857184062,1.0,1296.1564801200032,1000.0,1296.1564801200032,1000.0,0.0,0.0
13216,1689737880000.0,0.0,0.0,0.0,158.91,0.0,0.0,168.5,0.9999253857184062,1.0,1296.1564801200032,1000.0,1296.1564801200032,1000.0,0.0,0.0
13217,1689741480000.0,0.0,0.0,0.0,158.91,0.0,0.0,169.15,0.9999253857184062,1.0,1296.1564801200032,1000.0,1296.1564801200032,1000.0,0.0,0.0
13218,1689745080000.0,0.0,0.0,0.0,158.91,0.0,0.0,169.25,0.9999253857184062,1.0,1296.1564801200032,1000.0,1296.1564801200032,1000.0,0.0,0.0
13219,1689748680000.0,0.0,0.0,0.0,158.91,0.0,0.0,168.6,0.9999253857184062,1.0,1296.1564801200032,1000.0,1296.1564801200032,1000.0,0.0,0.0
13220,1689752280000.0,0.0,0.0,0.0,158.91,0.0,0.0,170.0,0.9999253857184062,1.0,1296.1564801200032,1000.0,1296.1564801200032,1000.0,0.0,0.0
13221,1689755880000.0,0.0,0.0,0.0,158.91,0.0,0.0,169.1,0.9999253857184062,1.0,1296.1564801200032,1000.0,1296.1564801200032,1000.0,0.0,0.0
13222,1689759480000.0,0.0,0.0,0.0,158.91,0.0,0.0,168.55,0.9999253857184062,1.0,1296.1564801200032,1000.0,1296.1564801200032,1000.0,0.0,0.0
13223,1689763080000.0,0.0,0.0,0.0,158.91,0.0,0.0,168.1,0.9999253857184062,1.0,1296.1564801200032,1000.0,1296.1564801200032,1000.0,0.0,0.0
13224,1689766680000.0,0.0,0.0,0.0,158.91,0.0,0.0,167.75,0.9999253857184062,1.0,1296.1564801200032,1000.0,1296.1564801200032,1000.0,0.0,0.0
13225,1689770280000.0,0.0,0.0,0.0,158.91,0.0,0.0,167.55,0.9999253857184062,1.0,1296.1564801200032,1000.0,1296.1564801200032,1000.0,0.0,0.0
13226,1689773880000.0,0.0,0.0,0.0,158.91,0.0,0.0,167.9,0.9999253857184062,1.0,1296.1564801200032,1000.0,1296.1564801200032,1000.0,0.0,0.0
13227,1689777480000.0,0.0,0.0,0.0,158.91,0.0,0.0,167.9,0.9999253857184062,1.0,1296.1564801200032,1000.0,1296.1564801200032,1000.0,0.0,0.0
13228,1689781080000.0,0.0,0.0,0.0,158.91,0.0,0.0,167.5,0.9999253857184062,1.0,1296.1564801200032,1000.0,1296.1564801200032,1000.0,0.0,0.0
13229,1689784680000.0,0.0,0.0,0.0,158.91,0.0,0.0,167.5,0.9999253857184062,1.0,1296.1564801200032,1000.0,1296.1564801200032,1000.0,0.0,0.0
13230,1689788280000.0,0.0,0.0,0.0,158.91,0.0,0.0,168.65,0.9999253857184062,1.0,1296.1564801200032,1000.0,1296.1564801200032,1000.0,0.0,0.0
13231,1689791880000.0,0.0,0.0,0.0,158.91,0.0,0.0,169.15,0.9999253857184062,1.0,1296.1564801200032,1000.0,1296.1564801200032,1000.0,0.0,0.0
13232,1689795480000.0,0.0,0.0,0.0,158.91,0.0,0.0,169.25,0.9999253857184062,1.0,1296.1564801200032,1000.0,1296.1564801200032,1000.0,0.0,0.0
13233,1689799080000.0,0.0,0.0,0.0,158.91,0.0,0.0,168.2,0.9999253857184062,1.0,1296.1564801200032,1000.0,1296.1564801200032,1000.0,0.0,0.0
13234,1689802680000.0,0.0,0.0,0.0,158.91,0.0,0.0,167.55,0.9999253857184062,1.0,1296.1564801200032,1000.0,1296.1564801200032,1000.0,0.0,0.0
13235,1689806280000.0,0.0,0.0,0.0,158.91,0.0,0.0,166.0,0.9999253857184062,1.0,1296.1564801200032,1000.0,1296.1564801200032,1000.0,0.0,0.0
13236,1689809880000.0,0.0,0.0,0.0,158.91,0.0,0.0,165.9,0.9999253857184062,1.0,1296.1564801200032,1000.0,1296.1564801200032,1000.0,0.0,0.0
13237,1689813480000.0,0.0,0.0,0.0,158.91,0.0,0.0,165.45,0.9999253857184062,1.0,1296.1564801200032,1000.0,1296.1564801200032,1000.0,0.0,0.0
13238,1689817080000.0,0.0,0.0,0.0,158.91,0.0,0.0,165.75,0.9999253857184062,1.0,1296.1564801200032,1000.0,1296.1564801200032,1000.0,0.0,0.0
13239,1689820680000.0,0.0,0.0,0.0,158.91,0.0,0.0,166.2,0.9999253857184062,1.0,1296.1564801200032,1000.0,1296.1564801200032,1000.0,0.0,0.0
13240,1689824280000.0,0.0,0.0,0.0,158.91,0.0,0.0,165.5,0.9999253857184062,1.0,1296.1564801200032,1000.0,1296.1564801200032,1000.0,0.0,0.0
13241,1689827880000.0,0.0,0.0,0.0,158.91,0.0,0.0,165.2,0.9999253857184062,1.0,1296.1564801200032,1000.0,1296.1564801200032,1000.0,0.0,0.0
13242,1689831480000.0,0.0,0.0,0.0,158.91,0.0,0.0,165.8,0.9999253857184062,1.0,1296.1564801200032,1000.0,1296.1564801200032,1000.0,0.0,0.0
13243,1689835080000.0,0.0,0.0,0.0,158.91,0.0,0.0,166.25,0.9999253857184062,1.0,1296.1564801200032,1000.0,1296.1564801200032,1000.0,0.0,0.0
13244,1689838680000.0,0.0,0.0,0.0,158.91,0.0,0.0,167.35,0.9999253857184062,1.0,1296.1564801200032,1000.0,1296.1564801200032,1000.0,0.0,0.0
13245,1689842280000.0,0.0,0.0,0.0,158.91,0.0,0.0,168.15,0.9999253857184062,1.0,1296.1564801200032,1000.0,1296.1564801200032,1000.0,0.0,0.0
13246,1689845880000.0,0.0,0.0,0.0,158.91,0.0,0.0,167.8,0.9999253857184062,1.0,1296.1564801200032,1000.0,1296.1564801200032,1000.0,0.0,0.0
13247,1689849480000.0,0.0,0.0,0.0,158.91,0.0,0.0,167.6,0.9999253857184062,1.0,1296.1564801200032,1000.0,1296.1564801200032,1000.0,0.0,0.0
13248,1689853080000.0,0.0,0.0,0.0,158.91,0.0,0.0,167.75,0.9999253857184062,1.0,1296.1564801200032,1000.0,1296.1564801200032,1000.0,0.0,0.0
13249,1689856680000.0,0.0,0.0,0.0,158.91,0.0,0.0,167.7,0.9999253857184062,1.0,1296.1564801200032,1000.0,1296.1564801200032,1000.0,0.0,0.0
13250,1689860280000.0,0.0,0.0,0.0,158.91,0.0,0.0,167.9,0.9999253857184062,1.0,1296.1564801200032,1000.0,1296.1564801200032,1000.0,0.0,0.0
13251,1689863880000.0,0.0,0.0,0.0,158.91,0.0,0.0,165.45,0.9999253857184062,1.0,1296.1564801200032,1000.0,1296.1564801200032,1000.0,0.0,0.0
13252,1689867480000.0,0.0,0.0,0.0,158.91,0.0,0.0,164.6,0.9999253857184062,1.0,1296.1564801200032,1000.0,1296.1564801200032,1000.0,0.0,0.0
13253,1689871080000.0,0.0,0.0,0.0,158.91,0.0,0.0,163.7,0.9999253857184062,1.0,1296.1564801200032,1000.0,1296.1564801200032,1000.0,0.0,0.0
13254,1689874680000.0,0.0,0.0,0.0,158.91,0.0,0.0,163.95,0.9999253857184062,1.0,1296.1564801200032,1000.0,1296.1564801200032,1000.0,0.0,0.0
13255,1689878280000.0,0.0,0.0,0.0,158.91,0.0,0.0,163.4,0.9999253857184062,1.0,1296.1564801200032,1000.0,1296.1564801200032,1000.0,0.0,0.0
13256,1689881880000.0,0.0,0.0,0.0,158.91,0.0,0.0,163.95,0.9999253857184062,1.0,1296.1564801200032,1000.0,1296.1564801200032,1000.0,0.0,0.0
13257,1689885480000.0,0.0,0.0,0.0,158.91,0.0,0.0,164.4,0.9999253857184062,1.0,1296.1564801200032,1000.0,1296.1564801200032,1000.0,0.0,0.0
13258,1689889080000.0,0.0,0.0,0.0,158.91,0.0,0.0,165.75,0.9999253857184062,1.0,1296.1564801200032,1000.0,1296.1564801200032,1000.0,0.0,0.0
13259,1689892680000.0,0.0,0.0,0.0,158.91,0.0,0.0,165.9,0.9999253857184062,1.0,1296.1564801200032,1000.0,1296.1564801200032,1000.0,0.0,0.0
13260,1689896280000.0,0.0,0.0,0.0,158.91,0.0,0.0,165.85,0.9999253857184062,1.0,1296.1564801200032,1000.0,1296.1564801200032,1000.0,0.0,0.0
13261,1689899880000.0,0.0,0.0,0.0,158.91,0.0,0.0,165.45,0.9999253857184062,1.0,1296.1564801200032,1000.0,1296.1564801200032,1000.0,0.0,0.0
13262,1689903480000.0,0.0,0.0,0.0,158.91,0.0,0.0,164.95,0.9999253857184062,1.0,1296.1564801200032,1000.0,1296.1564801200032,1000.0,0.0,0.0
13263,1689907080000.0,0.0,0.0,0.0,158.91,0.0,0.0,164.55,0.9999253857184062,1.0,1296.1564801200032,1000.0,1296.1564801200032,1000.0,0.0,0.0
13264,1689910680000.0,0.0,0.0,0.0,158.91,0.0,0.0,164.0,0.9999253857184062,1.0,1296.1564801200032,1000.0,1296.1564801200032,1000.0,0.0,0.0
13265,1689914280000.0,0.0,0.0,0.0,158.91,0.0,0.0,164.1,0.9999253857184062,1.0,1296.1564801200032,1000.0,1296.1564801200032,1000.0,0.0,0.0
13266,1689917880000.0,0.0,0.0,0.0,158.91,0.0,0.0,163.45,0.9999253857184062,1.0,1296.1564801200032,1000.0,1296.1564801200032,1000.0,0.0,0.0
13267,1689921480000.0,0.0,0.0,0.0,158.91,0.0,0.0,163.1,0.9999253857184062,1.0,1296.1564801200032,1000.0,1296.1564801200032,1000.0,0.0,0.0
13268,1689925080000.0,0.0,0.0,0.0,158.91,0.0,0.0,161.9,0.9999253857184062,1.0,1296.1564801200032,1000.0,1296.1564801200032,1000.0,0.0,0.0
13269,1689928680000.0,0.0,0.0,0.0,158.91,0.0,0.0,161.25,0.9999253857184062,1.0,1296.1564801200032,1000.0,1296.1564801200032,1000.0,0.0,0.0
13270,1689932280000.0,0.0,0.0,0.0,158.91,0.0,0.0,162.55,0.9999253857184062,1.0,1296.1564801200032,1000.0,1296.1564801200032,1000.0,0.0,0.0
13271,1689935880000.0,0.0,0.0,0.0,158.91,0.0,0.0,162.25,0.9999253857184062,1.0,1296.1564801200032,1000.0,1296.1564801200032,1000.0,0.0,0.0
13272,1689939480000.0,0.0,0.0,0.0,158.91,0.0,0.0,161.95,0.9999253857184062,1.0,1296.1564801200032,1000.0,1296.1564801200032,1000.0,0.0,0.0
13273,1689943080000.0,0.0,0.0,0.0,158.91,0.0,0.0,162.65,0.9999253857184062,1.0,1296.1564801200032,1000.0,1296.1564801200032,1000.0,0.0,0.0
13274,1689946680000.0,0.0,0.0,0.0,158.91,0.0,0.0,162.5,0.9999253857184062,1.0,1296.1564801200032,1000.0,1296.1564801200032,1000.0,0.0,0.0
13275,1689950280000.0,0.0,0.0,0.0,158.91,0.0,0.0,162.1,0.9999253857184062,1.0,1296.1564801200032,1000.0,1296.1564801200032,1000.0,0.0,0.0
13276,1689953880000.0,0.0,0.0,0.0,158.91,0.0,0.0,162.05,0.9999253857184062,1.0,1296.1564801200032,1000.0,1296.1564801200032,1000.0,0.0,0.0
13277,1689957480000.0,0.0,0.0,0.0,158.91,0.0,0.0,160.7,0.9999253857184062,1.0,1296.1564801200032,1000.0,1296.1564801200032,1000.0,0.0,0.0
13278,1689961080000.0,0.0,0.0,0.0,158.91,0.0,0.0,162.3,0.9999253857184062,1.0,1296.1564801200032,1000.0,1296.1564801200032,1000.0,0.0,0.0
13279,1689964680000.0,0.0,0.0,0.0,158.91,0.0,0.0,163.55,0.9999253857184062,1.0,1296.1564801200032,1000.0,1296.1564801200032,1000.0,0.0,0.0
13280,1689968280000.0,0.0,0.0,0.0,158.91,0.0,0.0,163.75,0.9999253857184062,1.0,1296.1564801200032,1000.0,1296.1564801200032,1000.0,0.0,0.0
13281,1689971880000.0,0.0,0.0,0.0,158.91,0.0,0.0,163.8,0.9999253857184062,1.0,1296.1564801200032,1000.0,1296.1564801200032,1000.0,0.0,0.0
13282,1689975480000.0,0.0,0.0,0.0,158.91,0.0,0.0,163.8,0.9999253857184062,1.0,1296.1564801200032,1000.0,1296.1564801200032,1000.0,0.0,0.0
13283,1689979080000.0,0.0,0.0,0.0,158.91,0.0,0.0,162.95,0.9999253857184062,1.0,1296.1564801200032,1000.0,1296.1564801200032,1000.0,0.0,0.0
13284,1689982680000.0,0.0,0.0,0.0,158.91,0.0,0.0,162.25,0.9999253857184062,1.0,1296.1564801200032,1000.0,1296.1564801200032,1000.0,0.0,0.0
13285,1689986280000.0,0.0,0.0,0.0,158.91,0.0,0.0,162.25,0.9999253857184062,1.0,1296.1564801200032,1000.0,1296.1564801200032,1000.0,0.0,0.0
13286,1689989880000.0,0.0,0.0,0.0,158.91,0.0,0.0,162.4,0.9999253857184062,1.0,1296.1564801200032,1000.0,1296.1564801200032,1000.0,0.0,0.0
13287,1689993480000.0,0.0,0.0,0.0,158.91,0.0,0.0,162.25,0.9999253857184062,1.0,1296.1564801200032,1000.0,1296.1564801200032,1000.0,0.0,0.0
13288,1689997080000.0,0.0,0.0,0.0,158.91,0.0,0.0,162.4,0.9999253857184062,1.0,1296.1564801200032,1000.0,1296.1564801200032,1000.0,0.0,0.0
13289,1690000680000.0,0.0,0.0,0.0,158.91,0.0,0.0,163.1,0.9999253857184062,1.0,1296.1564801200032,1000.0,1296.1564801200032,1000.0,0.0,0.0
13290,1690004280000.0,0.0,0.0,0.0,158.91,0.0,0.0,162.55,0.9999253857184062,1.0,1296.1564801200032,1000.0,1296.1564801200032,1000.0,0.0,0.0
13291,1690007880000.0,0.0,0.0,0.0,158.91,0.0,0.0,162.15,0.9999253857184062,1.0,1296.1564801200032,1000.0,1296.1564801200032,1000.0,0.0,0.0
13292,1690011480000.0,0.0,0.0,0.0,158.91,0.0,0.0,162.75,0.9999253857184062,1.0,1296.1564801200032,1000.0,1296.1564801200032,1000.0,0.0,0.0
13293,1690015080000.0,0.0,0.0,0.0,158.91,0.0,0.0,163.05,0.9999253857184062,1.0,1296.1564801200032,1000.0,1296.1564801200032,1000.0,0.0,0.0
13294,1690018680000.0,0.0,0.0,0.0,158.91,0.0,0.0,163.15,0.9999253857184062,1.0,1296.1564801200032,1000.0,1296.1564801200032,1000.0,0.0,0.0
13295,1690022280000.0,0.0,0.0,0.0,158.91,0.0,0.0,162.0,0.9999253857184062,1.0,1296.1564801200032,1000.0,1296.1564801200032,1000.0,0.0,0.0
13296,1690025880000.0,0.0,0.0,0.0,158.91,0.0,0.0,161.75,0.9999253857184062,1.0,1296.1564801200032,1000.0,1296.1564801200032,1000.0,0.0,0.0
13297,1690029480000.0,0.0,0.0,0.0,158.91,0.0,0.0,162.0,0.9999253857184062,1.0,1296.1564801200032,1000.0,1296.1564801200032,1000.0,0.0,0.0
13298,1690033080000.0,0.0,0.0,0.0,158.91,0.0,0.0,162.7,0.9999253857184062,1.0,1296.1564801200032,1000.0,1296.1564801200032,1000.0,0.0,0.0
13299,1690036680000.0,0.0,0.0,0.0,158.91,0.0,0.0,162.55,0.9999253857184062,1.0,1296.1564801200032,1000.0,1296.1564801200032,1000.0,0.0,0.0
13300,1690040280000.0,0.0,0.0,0.0,158.91,0.0,0.0,161.8,0.9999253857184062,1.0,1296.1564801200032,1000.0,1296.1564801200032,1000.0,0.0,0.0
13301,1690043880000.0,0.0,0.0,0.0,158.91,0.0,0.0,163.15,0.9999253857184062,1.0,1296.1564801200032,1000.0,1296.1564801200032,1000.0,0.0,0.0
13302,1690047480000.0,0.0,0.0,0.0,158.91,0.0,0.0,162.95,0.9999253857184062,1.0,1296.1564801200032,1000.0,1296.1564801200032,1000.0,0.0,0.0
13303,1690051080000.0,0.0,0.0,0.0,158.91,0.0,0.0,162.6,0.9999253857184062,1.0,1296.1564801200032,1000.0,1296.1564801200032,1000.0,0.0,0.0
13304,1690054680000.0,0.0,0.0,0.0,158.91,0.0,0.0,162.05,0.9999253857184062,1.0,1296.1564801200032,1000.0,1296.1564801200032,1000.0,0.0,0.0
13305,1690058280000.0,0.0,0.0,0.0,158.91,0.0,0.0,162.25,0.9999253857184062,1.0,1296.1564801200032,1000.0,1296.1564801200032,1000.0,0.0,0.0
13306,1690061880000.0,0.0,0.0,0.0,158.91,0.0,0.0,162.7,0.9999253857184062,1.0,1296.1564801200032,1000.0,1296.1564801200032,1000.0,0.0,0.0
13307,1690065480000.0,0.0,0.0,0.0,158.91,0.0,0.0,162.9,0.9999253857184062,1.0,1296.1564801200032,1000.0,1296.1564801200032,1000.0,0.0,0.0
13308,1690069080000.0,0.0,0.0,0.0,158.91,0.0,0.0,161.25,0.9999253857184062,1.0,1296.1564801200032,1000.0,1296.1564801200032,1000.0,0.0,0.0
13309,1690072680000.0,0.0,0.0,0.0,158.91,0.0,0.0,161.9,0.9999253857184062,1.0,1296.1564801200032,1000.0,1296.1564801200032,1000.0,0.0,0.0
13310,1690076280000.0,0.0,0.0,0.0,158.91,0.0,0.0,163.15,0.9999253857184062,1.0,1296.1564801200032,1000.0,1296.1564801200032,1000.0,0.0,0.0
13311,1690079880000.0,0.0,0.0,0.0,158.91,0.0,0.0,164.25,0.9999253857184062,1.0,1296.1564801200032,1000.0,1296.1564801200032,1000.0,0.0,0.0
13312,1690083480000.0,0.0,0.0,0.0,158.91,0.0,0.0,163.85,0.9999253857184062,1.0,1296.1564801200032,1000.0,1296.1564801200032,1000.0,0.0,0.0
13313,1690087080000.0,0.0,0.0,0.0,158.91,0.0,0.0,164.15,0.9999253857184062,1.0,1296.1564801200032,1000.0,1296.1564801200032,1000.0,0.0,0.0
13314,1690090680000.0,0.0,0.0,0.0,158.91,0.0,0.0,164.75,0.9999253857184062,1.0,1296.1564801200032,1000.0,1296.1564801200032,1000.0,0.0,0.0
13315,1690094280000.0,0.0,0.0,0.0,158.91,0.0,0.0,165.6,0.9999253857184062,1.0,1296.1564801200032,1000.0,1296.1564801200032,1000.0,0.0,0.0
13316,1690097880000.0,0.0,0.0,0.0,158.91,0.0,0.0,164.8,0.9999253857184062,1.0,1296.1564801200032,1000.0,1296.1564801200032,1000.0,0.0,0.0
13317,1690101480000.0,0.0,0.0,0.0,158.91,0.0,0.0,165.3,0.9999253857184062,1.0,1296.1564801200032,1000.0,1296.1564801200032,1000.0,0.0,0.0
13318,1690105080000.0,0.0,0.0,0.0,158.91,0.0,0.0,164.95,0.9999253857184062,1.0,1296.1564801200032,1000.0,1296.1564801200032,1000.0,0.0,0.0
13319,1690108680000.0,0.0,0.0,0.0,158.91,0.0,0.0,164.8,0.9999253857184062,1.0,1296.1564801200032,1000.0,1296.1564801200032,1000.0,0.0,0.0
13320,1690112280000.0,0.0,0.0,0.0,158.91,0.0,0.0,164.9,0.9999253857184062,1.0,1296.1564801200032,1000.0,1296.1564801200032,1000.0,0.0,0.0
13321,1690115880000.0,0.0,0.0,0.0,158.91,0.0,0.0,164.8,0.9999253857184062,1.0,1296.1564801200032,1000.0,1296.1564801200032,1000.0,0.0,0.0
13322,1690119480000.0,0.0,0.0,0.0,158.91,0.0,0.0,164.3,0.9999253857184062,1.0,1296.1564801200032,1000.0,1296.1564801200032,1000.0,0.0,0.0
13323,1690123080000.0,0.0,0.0,0.0,158.91,0.0,0.0,165.05,0.9999253857184062,1.0,1296.1564801200032,1000.0,1296.1564801200032,1000.0,0.0,0.0
13324,1690126680000.0,0.0,0.0,0.0,158.91,0.0,0.0,165.75,0.9999253857184062,1.0,1296.1564801200032,1000.0,1296.1564801200032,1000.0,0.0,0.0
13325,1690130280000.0,0.0,0.0,0.0,158.91,0.0,0.0,166.0,0.9999253857184062,1.0,1296.1564801200032,1000.0,1296.1564801200032,1000.0,0.0,0.0
13326,1690133880000.0,0.0,0.0,0.0,158.91,0.0,0.0,165.45,0.9999253857184062,1.0,1296.1564801200032,1000.0,1296.1564801200032,1000.0,0.0,0.0
13327,1690137480000.0,0.0,0.0,0.0,158.91,0.0,0.0,164.65,0.9999253857184062,1.0,1296.1564801200032,1000.0,1296.1564801200032,1000.0,0.0,0.0
13328,1690141080000.0,0.0,0.0,0.0,158.91,0.0,0.0,163.95,0.9999253857184062,1.0,1296.1564801200032,1000.0,1296.1564801200032,1000.0,0.0,0.0
13329,1690144680000.0,0.0,0.0,0.0,158.91,0.0,0.0,164.6,0.9999253857184062,1.0,1296.1564801200032,1000.0,1296.1564801200032,1000.0,0.0,0.0
13330,1690148280000.0,0.0,0.0,0.0,158.91,0.0,0.0,163.95,0.9999253857184062,1.0,1296.1564801200032,1000.0,1296.1564801200032,1000.0,0.0,0.0
13331,1690151880000.0,0.0,0.0,0.0,158.91,0.0,0.0,164.0,0.9999253857184062,1.0,1296.1564801200032,1000.0,1296.1564801200032,1000.0,0.0,0.0
13332,1690155480000.0,0.0,0.0,0.0,158.91,0.0,0.0,163.3,0.9999253857184062,1.0,1296.1564801200032,1000.0,1296.1564801200032,1000.0,0.0,0.0
13333,1690159080000.0,0.0,0.0,0.0,158.91,0.0,0.0,163.4,0.9999253857184062,1.0,1296.1564801200032,1000.0,1296.1564801200032,1000.0,0.0,0.0
13334,1690162680000.0,0.0,0.0,0.0,158.91,0.0,0.0,163.15,0.9999253857184062,1.0,1296.1564801200032,1000.0,1296.1564801200032,1000.0,0.0,0.0
13335,1690166280000.0,0.0,0.0,0.0,158.91,0.0,0.0,162.8,0.9999253857184062,1.0,1296.1564801200032,1000.0,1296.1564801200032,1000.0,0.0,0.0
13336,1690169880000.0,0.0,0.0,0.0,158.91,0.0,0.0,162.8,0.9999253857184062,1.0,1296.1564801200032,1000.0,1296.1564801200032,1000.0,0.0,0.0
13337,1690173480000.0,0.0,0.0,0.0,158.91,0.0,0.0,163.05,0.9999253857184062,1.0,1296.1564801200032,1000.0,1296.1564801200032,1000.0,0.0,0.0
13338,1690177080000.0,0.0,0.0,0.0,158.91,0.0,0.0,164.0,0.9999253857184062,1.0,1296.1564801200032,1000.0,1296.1564801200032,1000.0,0.0,0.0
13339,1690180680000.0,0.0,0.0,0.0,158.91,0.0,0.0,163.6,0.9999253857184062,1.0,1296.1564801200032,1000.0,1296.1564801200032,1000.0,0.0,0.0
13340,1690184280000.0,0.0,0.0,0.0,158.91,0.0,0.0,164.2,0.9999253857184062,1.0,1296.1564801200032,1000.0,1296.1564801200032,1000.0,0.0,0.0
13341,1690187880000.0,0.0,0.0,0.0,158.91,0.0,0.0,163.85,0.9999253857184062,1.0,1296.1564801200032,1000.0,1296.1564801200032,1000.0,0.0,0.0
13342,1690191480000.0,0.0,0.0,0.0,158.91,0.0,0.0,163.45,0.9999253857184062,1.0,1296.1564801200032,1000.0,1296.1564801200032,1000.0,0.0,0.0
13343,1690195080000.0,0.0,0.0,0.0,158.91,0.0,0.0,161.3,0.9999253857184062,1.0,1296.1564801200032,1000.0,1296.1564801200032,1000.0,0.0,0.0
13344,1690198680000.0,0.0,0.0,0.0,158.91,0.0,0.0,162.2,0.9999253857184062,1.0,1296.1564801200032,1000.0,1296.1564801200032,1000.0,0.0,0.0
13345,1690202280000.0,0.0,0.0,0.0,158.91,0.0,0.0,163.05,0.9999253857184062,1.0,1296.1564801200032,1000.0,1296.1564801200032,1000.0,0.0,0.0
13346,1690205880000.0,0.0,0.0,0.0,158.91,0.0,0.0,161.4,0.9999253857184062,1.0,1296.1564801200032,1000.0,1296.1564801200032,1000.0,0.0,0.0
13347,1690209480000.0,0.0,0.0,0.0,158.91,0.0,0.0,160.75,0.9999253857184062,1.0,1296.1564801200032,1000.0,1296.1564801200032,1000.0,0.0,0.0
13348,1690213080000.0,0.0,0.0,0.0,158.91,0.0,0.0,161.35,0.9999253857184062,1.0,1296.1564801200032,1000.0,1296.1564801200032,1000.0,0.0,0.0
13349,1690216680000.0,0.0,0.0,0.0,158.91,0.0,0.0,161.8,0.9999253857184062,1.0,1296.1564801200032,1000.0,1296.1564801200032,1000.0,0.0,0.0
13350,1690220280000.0,0.0,0.0,0.0,158.91,0.0,0.0,161.05,0.9999253857184062,1.0,1296.1564801200032,1000.0,1296.1564801200032,1000.0,0.0,0.0
13351,1690223880000.0,0.0,0.0,0.0,158.91,0.0,0.0,161.0,0.9999253857184062,1.0,1296.1564801200032,1000.0,1296.1564801200032,1000.0,0.0,0.0
13352,1690227480000.0,0.0,0.0,0.0,158.91,0.0,0.0,161.8,0.9999253857184062,1.0,1296.1564801200032,1000.0,1296.1564801200032,1000.0,0.0,0.0
13353,1690231080000.0,0.0,0.0,0.0,158.91,0.0,0.0,160.95,0.9999253857184062,1.0,1296.1564801200032,1000.0,1296.1564801200032,1000.0,0.0,0.0
13354,1690234680000.0,0.0,0.0,0.0,158.91,0.0,0.0,161.3,0.9999253857184062,1.0,1296.1564801200032,1000.0,1296.1564801200032,1000.0,0.0,0.0
13355,1690238280000.0,0.0,0.0,0.0,158.91,0.0,0.0,160.4,0.9999253857184062,1.0,1296.1564801200032,1000.0,1296.1564801200032,1000.0,0.0,0.0
13356,1690241880000.0,0.0,0.0,0.0,158.91,0.0,0.0,160.8,0.9999253857184062,1.0,1296.1564801200032,1000.0,1296.1564801200032,1000.0,0.0,0.0
13357,1690245480000.0,0.0,0.0,0.0,158.91,0.0,0.0,160.25,0.9999253857184062,1.0,1296.1564801200032,1000.0,1296.1564801200032,1000.0,0.0,0.0
13358,1690249080000.0,0.0,0.0,0.0,158.91,0.0,0.0,160.0,0.9999253857184062,1.0,1296.1564801200032,1000.0,1296.1564801200032,1000.0,0.0,0.0
13359,1690252680000.0,0.0,0.0,0.0,158.91,0.0,0.0,161.2,0.9999253857184062,1.0,1296.1564801200032,1000.0,1296.1564801200032,1000.0,0.0,0.0
13360,1690256280000.0,0.0,0.0,0.0,158.91,0.0,0.0,161.3,0.9999253857184062,1.0,1296.1564801200032,1000.0,1296.1564801200032,1000.0,0.0,0.0
13361,1690259880000.0,0.0,0.0,0.0,158.91,0.0,0.0,160.7,0.9999253857184062,1.0,1296.1564801200032,1000.0,1296.1564801200032,1000.0,0.0,0.0
13362,1690263480000.0,0.0,0.0,0.0,158.91,0.0,0.0,161.35,0.9999253857184062,1.0,1296.1564801200032,1000.0,1296.1564801200032,1000.0,0.0,0.0
13363,1690267080000.0,0.0,0.0,0.0,158.91,0.0,0.0,161.55,0.9999253857184062,1.0,1296.1564801200032,1000.0,1296.1564801200032,1000.0,0.0,0.0
13364,1690270680000.0,0.0,0.0,0.0,158.91,0.0,0.0,161.65,0.9999253857184062,1.0,1296.1564801200032,1000.0,1296.1564801200032,1000.0,0.0,0.0
13365,1690274280000.0,0.0,0.0,0.0,158.91,0.0,0.0,161.3,0.9999253857184062,1.0,1296.1564801200032,1000.0,1296.1564801200032,1000.0,0.0,0.0
13366,1690277880000.0,0.0,0.0,0.0,158.91,0.0,0.0,162.15,0.9999253857184062,1.0,1296.1564801200032,1000.0,1296.1564801200032,1000.0,0.0,0.0
13367,1690281480000.0,0.0,0.0,0.0,158.91,0.0,0.0,162.05,0.9999253857184062,1.0,1296.1564801200032,1000.0,1296.1564801200032,1000.0,0.0,0.0
13368,1690285080000.0,0.0,0.0,0.0,158.91,0.0,0.0,161.65,0.9999253857184062,1.0,1296.1564801200032,1000.0,1296.1564801200032,1000.0,0.0,0.0
13369,1690288680000.0,0.0,0.0,0.0,158.91,0.0,0.0,161.45,0.9999253857184062,1.0,1296.1564801200032,1000.0,1296.1564801200032,1000.0,0.0,0.0
13370,1690292280000.0,0.0,0.0,0.0,158.91,0.0,0.0,161.9,0.9999253857184062,1.0,1296.1564801200032,1000.0,1296.1564801200032,1000.0,0.0,0.0
13371,1690295880000.0,0.0,0.0,0.0,158.91,0.0,0.0,162.15,0.9999253857184062,1.0,1296.1564801200032,1000.0,1296.1564801200032,1000.0,0.0,0.0
13372,1690299480000.0,0.0,0.0,0.0,158.91,0.0,0.0,162.35,0.9999253857184062,1.0,1296.1564801200032,1000.0,1296.1564801200032,1000.0,0.0,0.0
13373,1690303080000.0,0.0,0.0,0.0,158.91,0.0,0.0,161.85,0.9999253857184062,1.0,1296.1564801200032,1000.0,1296.1564801200032,1000.0,0.0,0.0
13374,1690306680000.0,0.0,0.0,0.0,158.91,0.0,0.0,161.95,0.9999253857184062,1.0,1296.1564801200032,1000.0,1296.1564801200032,1000.0,0.0,0.0
13375,1690310280000.0,0.0,0.0,0.0,158.91,0.0,0.0,162.35,0.9999253857184062,1.0,1296.1564801200032,1000.0,1296.1564801200032,1000.0,0.0,0.0
13376,1690313880000.0,0.0,0.0,0.0,158.91,0.0,0.0,161.95,0.9999253857184062,1.0,1296.1564801200032,1000.0,1296.1564801200032,1000.0,0.0,0.0
13377,1690317480000.0,0.0,0.0,0.0,158.91,0.0,0.0,161.2,0.9999253857184062,1.0,1296.1564801200032,1000.0,1296.1564801200032,1000.0,0.0,0.0
13378,1690321080000.0,0.0,0.0,0.0,158.91,0.0,0.0,162.35,0.9999253857184062,1.0,1296.1564801200032,1000.0,1296.1564801200032,1000.0,0.0,0.0
13379,1690324680000.0,0.0,0.0,0.0,158.91,0.0,0.0,162.75,0.9999253857184062,1.0,1296.1564801200032,1000.0,1296.1564801200032,1000.0,0.0,0.0
13380,1690328280000.0,0.0,0.0,0.0,158.91,0.0,0.0,162.55,0.9999253857184062,1.0,1296.1564801200032,1000.0,1296.1564801200032,1000.0,0.0,0.0
13381,1690331880000.0,0.0,0.0,0.0,158.91,0.0,0.0,162.15,0.9999253857184062,1.0,1296.1564801200032,1000.0,1296.1564801200032,1000.0,0.0,0.0
13382,1690335480000.0,0.0,0.0,0.0,158.91,0.0,0.0,161.4,0.9999253857184062,1.0,1296.1564801200032,1000.0,1296.1564801200032,1000.0,0.0,0.0
13383,1690339080000.0,0.0,0.0,0.0,158.91,0.0,0.0,161.8,0.9999253857184062,1.0,1296.1564801200032,1000.0,1296.1564801200032,1000.0,0.0,0.0
13384,1690342680000.0,0.0,0.0,0.0,158.91,0.0,0.0,162.3,0.9999253857184062,1.0,1296.1564801200032,1000.0,1296.1564801200032,1000.0,0.0,0.0
13385,1690346280000.0,0.0,0.0,0.0,158.91,0.0,0.0,162.5,0.9999253857184062,1.0,1296.1564801200032,1000.0,1296.1564801200032,1000.0,0.0,0.0
13386,1690349880000.0,0.0,0.0,0.0,158.91,0.0,0.0,162.65,0.9999253857184062,1.0,1296.1564801200032,1000.0,1296.1564801200032,1000.0,0.0,0.0
13387,1690353480000.0,0.0,0.0,0.0,158.91,0.0,0.0,162.8,0.9999253857184062,1.0,1296.1564801200032,1000.0,1296.1564801200032,1000.0,0.0,0.0
13388,1690357080000.0,0.0,0.0,0.0,158.91,0.0,0.0,162.65,0.9999253857184062,1.0,1296.1564801200032,1000.0,1296.1564801200032,1000.0,0.0,0.0
13389,1690360680000.0,0.0,0.0,0.0,158.91,0.0,0.0,162.95,0.9999253857184062,1.0,1296.1564801200032,1000.0,1296.1564801200032,1000.0,0.0,0.0
13390,1690364280000.0,0.0,0.0,0.0,158.91,0.0,0.0,162.45,0.9999253857184062,1.0,1296.1564801200032,1000.0,1296.1564801200032,1000.0,0.0,0.0
13391,1690367880000.0,0.0,0.0,0.0,158.91,0.0,0.0,162.3,0.9999253857184062,1.0,1296.1564801200032,1000.0,1296.1564801200032,1000.0,0.0,0.0
13392,1690371480000.0,0.0,0.0,0.0,158.91,0.0,0.0,162.35,0.9999253857184062,1.0,1296.1564801200032,1000.0,1296.1564801200032,1000.0,0.0,0.0
13393,1690375080000.0,0.0,0.0,0.0,158.91,0.0,0.0,162.05,0.9999253857184062,1.0,1296.1564801200032,1000.0,1296.1564801200032,1000.0,0.0,0.0
13394,1690378680000.0,0.0,0.0,0.0,158.91,0.0,0.0,162.0,0.9999253857184062,1.0,1296.1564801200032,1000.0,1296.1564801200032,1000.0,0.0,0.0
13395,1690382280000.0,0.0,0.0,0.0,158.91,0.0,0.0,162.0,0.9999253857184062,1.0,1296.1564801200032,1000.0,1296.1564801200032,1000.0,0.0,0.0
13396,1690385880000.0,0.0,0.0,0.0,158.91,0.0,0.0,162.75,0.9999253857184062,1.0,1296.1564801200032,1000.0,1296.1564801200032,1000.0,0.0,0.0
13397,1690389480000.0,0.0,0.0,0.0,158.91,0.0,0.0,162.75,0.9999253857184062,1.0,1296.1564801200032,1000.0,1296.1564801200032,1000.0,0.0,0.0
13398,1690393080000.0,0.0,0.0,0.0,158.91,0.0,0.0,162.25,0.9999253857184062,1.0,1296.1564801200032,1000.0,1296.1564801200032,1000.0,0.0,0.0
13399,1690396680000.0,0.0,0.0,0.0,158.91,0.0,0.0,162.4,0.9999253857184062,1.0,1296.1564801200032,1000.0,1296.1564801200032,1000.0,0.0,0.0
13400,1690400280000.0,0.0,0.0,0.0,158.91,0.0,0.0,162.25,0.9999253857184062,1.0,1296.1564801200032,1000.0,1296.1564801200032,1000.0,0.0,0.0
13401,1690403880000.0,0.0,0.0,0.0,158.91,0.0,0.0,163.15,0.9999253857184062,1.0,1296.1564801200032,1000.0,1296.1564801200032,1000.0,0.0,0.0
13402,1690407480000.0,0.0,0.0,0.0,158.91,0.0,0.0,162.65,0.9999253857184062,1.0,1296.1564801200032,1000.0,1296.1564801200032,1000.0,0.0,0.0
13403,1690411080000.0,0.0,0.0,0.0,158.91,0.0,0.0,162.2,0.9999253857184062,1.0,1296.1564801200032,1000.0,1296.1564801200032,1000.0,0.0,0.0
13404,1690414680000.0,0.0,0.0,0.0,158.91,0.0,0.0,163.2,0.9999253857184062,1.0,1296.1564801200032,1000.0,1296.1564801200032,1000.0,0.0,0.0
13405,1690418280000.0,0.0,0.0,0.0,158.91,0.0,0.0,163.1,0.9999253857184062,1.0,1296.1564801200032,1000.0,1296.1564801200032,1000.0,0.0,0.0
13406,1690421880000.0,0.0,0.0,0.0,158.91,0.0,0.0,163.4,0.9999253857184062,1.0,1296.1564801200032,1000.0,1296.1564801200032,1000.0,0.0,0.0
13407,1690425480000.0,0.0,0.0,0.0,158.91,0.0,0.0,163.35,0.9999253857184062,1.0,1296.1564801200032,1000.0,1296.1564801200032,1000.0,0.0,0.0
13408,1690429080000.0,0.0,0.0,0.0,158.91,0.0,0.0,163.85,0.9999253857184062,1.0,1296.1564801200032,1000.0,1296.1564801200032,1000.0,0.0,0.0
13409,1690432680000.0,0.0,0.0,0.0,158.91,0.0,0.0,163.9,0.9999253857184062,1.0,1296.1564801200032,1000.0,1296.1564801200032,1000.0,0.0,0.0
13410,1690436280000.0,0.0,0.0,0.0,158.91,0.0,0.0,164.0,0.9999253857184062,1.0,1296.1564801200032,1000.0,1296.1564801200032,1000.0,0.0,0.0
13411,1690439880000.0,0.0,0.0,0.0,158.91,0.0,0.0,163.4,0.9999253857184062,1.0,1296.1564801200032,1000.0,1296.1564801200032,1000.0,0.0,0.0
13412,1690443480000.0,0.0,0.0,0.0,158.91,0.0,0.0,163.35,0.9999253857184062,1.0,1296.1564801200032,1000.0,1296.1564801200032,1000.0,0.0,0.0
13413,1690447080000.0,0.0,0.0,0.0,158.91,0.0,0.0,163.75,0.9999253857184062,1.0,1296.1564801200032,1000.0,1296.1564801200032,1000.0,0.0,0.0
13414,1690450680000.0,0.0,0.0,0.0,158.91,0.0,0.0,163.35,0.9999253857184062,1.0,1296.1564801200032,1000.0,1296.1564801200032,1000.0,0.0,0.0
13415,1690454280000.0,0.0,0.0,0.0,158.91,0.0,0.0,163.05,0.9999253857184062,1.0,1296.1564801200032,1000.0,1296.1564801200032,1000.0,0.0,0.0
13416,1690457880000.0,0.0,0.0,0.0,158.91,0.0,0.0,163.6,0.9999253857184062,1.0,1296.1564801200032,1000.0,1296.1564801200032,1000.0,0.0,0.0
13417,1690461480000.0,0.0,0.0,0.0,158.91,0.0,0.0,163.3,0.9999253857184062,1.0,1296.1564801200032,1000.0,1296.1564801200032,1000.0,0.0,0.0
13418,1690465080000.0,0.0,0.0,0.0,158.91,0.0,0.0,163.25,0.9999253857184062,1.0,1296.1564801200032,1000.0,1296.1564801200032,1000.0,0.0,0.0
13419,1690468680000.0,0.0,0.0,0.0,158.91,0.0,0.0,162.2,0.9999253857184062,1.0,1296.1564801200032,1000.0,1296.1564801200032,1000.0,0.0,0.0
13420,1690472280000.0,0.0,0.0,0.0,158.91,0.0,0.0,162.3,0.9999253857184062,1.0,1296.1564801200032,1000.0,1296.1564801200032,1000.0,0.0,0.0
13421,1690475880000.0,0.0,0.0,0.0,158.91,0.0,0.0,162.4,0.9999253857184062,1.0,1296.1564801200032,1000.0,1296.1564801200032,1000.0,0.0,0.0
13422,1690479480000.0,0.0,0.0,0.0,158.91,0.0,0.0,161.95,0.9999253857184062,1.0,1296.1564801200032,1000.0,1296.1564801200032,1000.0,0.0,0.0
13423,1690483080000.0,0.0,0.0,0.0,158.91,0.0,0.0,161.3,0.9999253857184062,1.0,1296.1564801200032,1000.0,1296.1564801200032,1000.0,0.0,0.0
13424,1690486680000.0,0.0,0.0,0.0,158.91,0.0,0.0,161.45,0.9999253857184062,1.0,1296.1564801200032,1000.0,1296.1564801200032,1000.0,0.0,0.0
13425,1690490280000.0,0.0,0.0,0.0,158.91,0.0,0.0,161.95,0.9999253857184062,1.0,1296.1564801200032,1000.0,1296.1564801200032,1000.0,0.0,0.0
13426,1690493880000.0,0.0,0.0,0.0,158.91,0.0,0.0,162.5,0.9999253857184062,1.0,1296.1564801200032,1000.0,1296.1564801200032,1000.0,0.0,0.0
13427,1690497480000.0,0.0,0.0,0.0,158.91,0.0,0.0,162.35,0.9999253857184062,1.0,1296.1564801200032,1000.0,1296.1564801200032,1000.0,0.0,0.0
13428,1690501080000.0,0.0,0.0,0.0,158.91,0.0,0.0,162.3,0.9999253857184062,1.0,1296.1564801200032,1000.0,1296.1564801200032,1000.0,0.0,0.0
13429,1690504680000.0,0.0,0.0,0.0,158.91,0.0,0.0,162.35,0.9999253857184062,1.0,1296.1564801200032,1000.0,1296.1564801200032,1000.0,0.0,0.0
13430,1690508280000.0,0.0,0.0,0.0,158.91,0.0,0.0,162.5,0.9999253857184062,1.0,1296.1564801200032,1000.0,1296.1564801200032,1000.0,0.0,0.0
13431,1690511880000.0,0.0,0.0,0.0,158.91,0.0,0.0,162.65,0.9999253857184062,1.0,1296.1564801200032,1000.0,1296.1564801200032,1000.0,0.0,0.0
13432,1690515480000.0,0.0,0.0,0.0,158.91,0.0,0.0,162.75,0.9999253857184062,1.0,1296.1564801200032,1000.0,1296.1564801200032,1000.0,0.0,0.0
13433,1690519080000.0,0.0,0.0,0.0,158.91,0.0,0.0,163.1,0.9999253857184062,1.0,1296.1564801200032,1000.0,1296.1564801200032,1000.0,0.0,0.0
13434,1690522680000.0,0.0,0.0,0.0,158.91,0.0,0.0,162.65,0.9999253857184062,1.0,1296.1564801200032,1000.0,1296.1564801200032,1000.0,0.0,0.0
13435,1690526280000.0,0.0,0.0,0.0,158.91,0.0,0.0,162.65,0.9999253857184062,1.0,1296.1564801200032,1000.0,1296.1564801200032,1000.0,0.0,0.0
13436,1690529880000.0,0.0,0.0,0.0,158.91,0.0,0.0,163.1,0.9999253857184062,1.0,1296.1564801200032,1000.0,1296.1564801200032,1000.0,0.0,0.0
13437,1690533480000.0,0.0,0.0,0.0,158.91,0.0,0.0,163.2,0.9999253857184062,1.0,1296.1564801200032,1000.0,1296.1564801200032,1000.0,0.0,0.0
13438,1690537080000.0,0.0,0.0,0.0,158.91,0.0,0.0,163.25,0.9999253857184062,1.0,1296.1564801200032,1000.0,1296.1564801200032,1000.0,0.0,0.0
13439,1690540680000.0,0.0,0.0,0.0,158.91,0.0,0.0,163.0,0.9999253857184062,1.0,1296.1564801200032,1000.0,1296.1564801200032,1000.0,0.0,0.0
13440,1690544280000.0,0.0,0.0,0.0,158.91,0.0,0.0,162.95,0.9999253857184062,1.0,1296.1564801200032,1000.0,1296.1564801200032,1000.0,0.0,0.0
13441,1690547880000.0,0.0,0.0,0.0,158.91,0.0,0.0,163.75,0.9999253857184062,1.0,1296.1564801200032,1000.0,1296.1564801200032,1000.0,0.0,0.0
13442,1690551480000.0,0.0,0.0,0.0,158.91,0.0,0.0,163.8,0.9999253857184062,1.0,1296.1564801200032,1000.0,1296.1564801200032,1000.0,0.0,0.0
13443,1690555080000.0,0.0,0.0,0.0,158.91,0.0,0.0,163.85,0.9999253857184062,1.0,1296.1564801200032,1000.0,1296.1564801200032,1000.0,0.0,0.0
13444,1690558680000.0,0.0,0.0,0.0,158.91,0.0,0.0,163.4,0.9999253857184062,1.0,1296.1564801200032,1000.0,1296.1564801200032,1000.0,0.0,0.0
13445,1690562280000.0,0.0,0.0,0.0,158.91,0.0,0.0,163.9,0.9999253857184062,1.0,1296.1564801200032,1000.0,1296.1564801200032,1000.0,0.0,0.0
13446,1690565880000.0,0.0,0.0,0.0,158.91,0.0,0.0,163.2,0.9999253857184062,1.0,1296.1564801200032,1000.0,1296.1564801200032,1000.0,0.0,0.0
13447,1690569480000.0,0.0,0.0,0.0,158.91,0.0,0.0,163.35,0.9999253857184062,1.0,1296.1564801200032,1000.0,1296.1564801200032,1000.0,0.0,0.0
13448,1690573080000.0,0.0,0.0,0.0,158.91,0.0,0.0,163.1,0.9999253857184062,1.0,1296.1564801200032,1000.0,1296.1564801200032,1000.0,0.0,0.0
13449,1690576680000.0,0.0,0.0,0.0,158.91,0.0,0.0,162.95,0.9999253857184062,1.0,1296.1564801200032,1000.0,1296.1564801200032,1000.0,0.0,0.0
13450,1690580280000.0,0.0,0.0,0.0,158.91,0.0,0.0,162.8,0.9999253857184062,1.0,1296.1564801200032,1000.0,1296.1564801200032,1000.0,0.0,0.0
13451,1690583880000.0,0.0,0.0,0.0,158.91,0.0,0.0,162.8,0.9999253857184062,1.0,1296.1564801200032,1000.0,1296.1564801200032,1000.0,0.0,0.0
13452,1690587480000.0,0.0,0.0,0.0,158.91,0.0,0.0,162.9,0.9999253857184062,1.0,1296.1564801200032,1000.0,1296.1564801200032,1000.0,0.0,0.0
13453,1690591080000.0,0.0,0.0,0.0,158.91,0.0,0.0,163.3,0.9999253857184062,1.0,1296.1564801200032,1000.0,1296.1564801200032,1000.0,0.0,0.0
13454,1690594680000.0,0.0,0.0,0.0,158.91,0.0,0.0,163.55,0.9999253857184062,1.0,1296.1564801200032,1000.0,1296.1564801200032,1000.0,0.0,0.0
13455,1690598280000.0,0.0,0.0,0.0,158.91,0.0,0.0,163.85,0.9999253857184062,1.0,1296.1564801200032,1000.0,1296.1564801200032,1000.0,0.0,0.0
13456,1690601880000.0,0.0,0.0,0.0,158.91,0.0,0.0,163.65,0.9999253857184062,1.0,1296.1564801200032,1000.0,1296.1564801200032,1000.0,0.0,0.0
13457,1690605480000.0,0.0,0.0,0.0,158.91,0.0,0.0,163.45,0.9999253857184062,1.0,1296.1564801200032,1000.0,1296.1564801200032,1000.0,0.0,0.0
13458,1690609080000.0,0.0,0.0,0.0,158.91,0.0,0.0,163.15,0.9999253857184062,1.0,1296.1564801200032,1000.0,1296.1564801200032,1000.0,0.0,0.0
13459,1690612680000.0,0.0,0.0,0.0,158.91,0.0,0.0,163.0,0.9999253857184062,1.0,1296.1564801200032,1000.0,1296.1564801200032,1000.0,0.0,0.0
13460,1690616280000.0,0.0,0.0,0.0,158.91,0.0,0.0,162.85,0.9999253857184062,1.0,1296.1564801200032,1000.0,1296.1564801200032,1000.0,0.0,0.0
13461,1690619880000.0,0.0,0.0,0.0,158.91,0.0,0.0,162.55,0.9999253857184062,1.0,1296.1564801200032,1000.0,1296.1564801200032,1000.0,0.0,0.0
13462,1690623480000.0,0.0,0.0,0.0,158.91,0.0,0.0,162.8,0.9999253857184062,1.0,1296.1564801200032,1000.0,1296.1564801200032,1000.0,0.0,0.0
13463,1690627080000.0,0.0,0.0,0.0,158.91,0.0,0.0,163.0,0.9999253857184062,1.0,1296.1564801200032,1000.0,1296.1564801200032,1000.0,0.0,0.0
13464,1690630680000.0,0.0,0.0,0.0,158.91,0.0,0.0,162.65,0.9999253857184062,1.0,1296.1564801200032,1000.0,1296.1564801200032,1000.0,0.0,0.0
13465,1690634280000.0,0.0,0.0,0.0,158.91,0.0,0.0,162.55,0.9999253857184062,1.0,1296.1564801200032,1000.0,1296.1564801200032,1000.0,0.0,0.0
13466,1690637880000.0,0.0,0.0,0.0,158.91,0.0,0.0,162.3,0.9999253857184062,1.0,1296.1564801200032,1000.0,1296.1564801200032,1000.0,0.0,0.0
13467,1690641480000.0,0.0,0.0,0.0,158.91,0.0,0.0,162.35,0.9999253857184062,1.0,1296.1564801200032,1000.0,1296.1564801200032,1000.0,0.0,0.0
13468,1690645080000.0,0.0,0.0,0.0,158.91,0.0,0.0,162.65,0.9999253857184062,1.0,1296.1564801200032,1000.0,1296.1564801200032,1000.0,0.0,0.0
13469,1690648680000.0,0.0,0.0,0.0,158.91,0.0,0.0,162.45,0.9999253857184062,1.0,1296.1564801200032,1000.0,1296.1564801200032,1000.0,0.0,0.0
13470,1690652280000.0,0.0,0.0,0.0,158.91,0.0,0.0,162.85,0.9999253857184062,1.0,1296.1564801200032,1000.0,1296.1564801200032,1000.0,0.0,0.0
13471,1690655880000.0,0.0,0.0,0.0,158.91,0.0,0.0,162.7,0.9999253857184062,1.0,1296.1564801200032,1000.0,1296.1564801200032,1000.0,0.0,0.0
13472,1690659480000.0,0.0,0.0,0.0,158.91,0.0,0.0,163.2,0.9999253857184062,1.0,1296.1564801200032,1000.0,1296.1564801200032,1000.0,0.0,0.0
13473,1690663080000.0,0.0,0.0,0.0,158.91,0.0,0.0,163.45,0.9999253857184062,1.0,1296.1564801200032,1000.0,1296.1564801200032,1000.0,0.0,0.0
13474,1690666680000.0,0.0,0.0,0.0,158.91,0.0,0.0,163.65,0.9999253857184062,1.0,1296.1564801200032,1000.0,1296.1564801200032,1000.0,0.0,0.0
13475,1690670280000.0,0.0,0.0,0.0,158.91,0.0,0.0,163.9,0.9999253857184062,1.0,1296.1564801200032,1000.0,1296.1564801200032,1000.0,0.0,0.0
13476,1690673880000.0,0.0,0.0,0.0,158.91,0.0,0.0,163.35,0.9999253857184062,1.0,1296.1564801200032,1000.0,1296.1564801200032,1000.0,0.0,0.0
13477,1690677480000.0,0.0,0.0,0.0,158.91,0.0,0.0,163.25,0.9999253857184062,1.0,1296.1564801200032,1000.0,1296.1564801200032,1000.0,0.0,0.0
13478,1690681080000.0,0.0,0.0,0.0,158.91,0.0,0.0,163.4,0.9999253857184062,1.0,1296.1564801200032,1000.0,1296.1564801200032,1000.0,0.0,0.0
13479,1690684680000.0,0.0,0.0,0.0,158.91,0.0,0.0,163.5,0.9999253857184062,1.0,1296.1564801200032,1000.0,1296.1564801200032,1000.0,0.0,0.0
13480,1690688280000.0,0.0,0.0,0.0,158.91,0.0,0.0,163.15,0.9999253857184062,1.0,1296.1564801200032,1000.0,1296.1564801200032,1000.0,0.0,0.0
13481,1690691880000.0,0.0,0.0,0.0,158.91,0.0,0.0,163.1,0.9999253857184062,1.0,1296.1564801200032,1000.0,1296.1564801200032,1000.0,0.0,0.0
13482,1690695480000.0,0.0,0.0,0.0,158.91,0.0,0.0,163.05,0.9999253857184062,1.0,1296.1564801200032,1000.0,1296.1564801200032,1000.0,0.0,0.0
13483,1690699080000.0,0.0,0.0,0.0,158.91,0.0,0.0,162.35,0.9999253857184062,1.0,1296.1564801200032,1000.0,1296.1564801200032,1000.0,0.0,0.0
13484,1690702680000.0,0.0,0.0,0.0,158.91,0.0,0.0,162.3,0.9999253857184062,1.0,1296.1564801200032,1000.0,1296.1564801200032,1000.0,0.0,0.0
13485,1690706280000.0,0.0,0.0,0.0,158.91,0.0,0.0,162.25,0.9999253857184062,1.0,1296.1564801200032,1000.0,1296.1564801200032,1000.0,0.0,0.0
13486,1690709880000.0,0.0,0.0,0.0,158.91,0.0,0.0,162.1,0.9999253857184062,1.0,1296.1564801200032,1000.0,1296.1564801200032,1000.0,0.0,0.0
13487,1690713480000.0,0.0,0.0,0.0,158.91,0.0,0.0,162.3,0.9999253857184062,1.0,1296.1564801200032,1000.0,1296.1564801200032,1000.0,0.0,0.0
13488,1690717080000.0,0.0,0.0,0.0,158.91,0.0,0.0,162.15,0.9999253857184062,1.0,1296.1564801200032,1000.0,1296.1564801200032,1000.0,0.0,0.0
13489,1690720680000.0,0.0,0.0,0.0,158.91,0.0,0.0,162.2,0.9999253857184062,1.0,1296.1564801200032,1000.0,1296.1564801200032,1000.0,0.0,0.0
13490,1690724280000.0,0.0,0.0,0.0,158.91,0.0,0.0,162.3,0.9999253857184062,1.0,1296.1564801200032,1000.0,1296.1564801200032,1000.0,0.0,0.0
13491,1690727880000.0,0.0,0.0,0.0,158.91,0.0,0.0,162.0,0.9999253857184062,1.0,1296.1564801200032,1000.0,1296.1564801200032,1000.0,0.0,0.0
13492,1690731480000.0,0.0,0.0,0.0,158.91,0.0,0.0,162.6,0.9999253857184062,1.0,1296.1564801200032,1000.0,1296.1564801200032,1000.0,0.0,0.0
13493,1690735080000.0,0.0,0.0,0.0,158.91,0.0,0.0,161.65,0.9999253857184062,1.0,1296.1564801200032,1000.0,1296.1564801200032,1000.0,0.0,0.0
13494,1690738680000.0,0.0,0.0,0.0,158.91,0.0,0.0,161.85,0.9999253857184062,1.0,1296.1564801200032,1000.0,1296.1564801200032,1000.0,0.0,0.0
13495,1690742280000.0,0.0,0.0,0.0,158.91,0.0,0.0,162.1,0.9999253857184062,1.0,1296.1564801200032,1000.0,1296.1564801200032,1000.0,0.0,0.0
13496,1690745880000.0,0.0,0.0,0.0,158.91,0.0,0.0,161.4,0.9999253857184062,1.0,1296.1564801200032,1000.0,1296.1564801200032,1000.0,0.0,0.0
13497,1690749480000.0,0.0,0.0,0.0,158.91,0.0,0.0,159.6,0.9999253857184062,1.0,1296.1564801200032,1000.0,1296.1564801200032,1000.0,0.0,0.0
13498,1690753080000.0,0.0,0.0,0.0,158.91,0.0,0.0,158.95,0.9999253857184062,1.0,1296.1564801200032,1000.0,1296.1564801200032,1000.0,0.0,0.0
13499,1690756680000.0,0.0,0.0,0.0,158.91,0.0,0.0,159.15,0.9999253857184062,1.0,1296.1564801200032,1000.0,1296.1564801200032,1000.0,0.0,0.0
13500,1690760280000.0,0.0,0.0,0.0,158.91,0.0,0.0,160.1,0.9999253857184062,1.0,1296.1564801200032,1000.0,1296.1564801200032,1000.0,0.0,0.0
13501,1690763880000.0,0.0,0.0,0.0,158.91,0.0,0.0,160.0,0.9999253857184062,1.0,1296.1564801200032,1000.0,1296.1564801200032,1000.0,0.0,0.0
13502,1690767480000.0,0.0,0.0,0.0,158.91,0.0,0.0,160.55,0.9999253857184062,1.0,1296.1564801200032,1000.0,1296.1564801200032,1000.0,0.0,0.0
13503,1690771080000.0,0.0,0.0,0.0,158.91,0.0,0.0,160.8,0.9999253857184062,1.0,1296.1564801200032,1000.0,1296.1564801200032,1000.0,0.0,0.0
13504,1690774680000.0,0.0,0.0,0.0,158.91,0.0,0.0,160.85,0.9999253857184062,1.0,1296.1564801200032,1000.0,1296.1564801200032,1000.0,0.0,0.0
13505,1690778280000.0,0.0,0.0,0.0,158.91,0.0,0.0,160.45,0.9999253857184062,1.0,1296.1564801200032,1000.0,1296.1564801200032,1000.0,0.0,0.0
13506,1690781880000.0,0.0,0.0,0.0,158.91,0.0,0.0,160.6,0.9999253857184062,1.0,1296.1564801200032,1000.0,1296.1564801200032,1000.0,0.0,0.0
13507,1690785480000.0,0.0,0.0,0.0,158.91,0.0,0.0,160.9,0.9999253857184062,1.0,1296.1564801200032,1000.0,1296.1564801200032,1000.0,0.0,0.0
13508,1690789080000.0,0.0,0.0,0.0,158.91,0.0,0.0,161.35,0.9999253857184062,1.0,1296.1564801200032,1000.0,1296.1564801200032,1000.0,0.0,0.0
13509,1690792680000.0,0.0,0.0,0.0,158.91,0.0,0.0,161.0,0.9999253857184062,1.0,1296.1564801200032,1000.0,1296.1564801200032,1000.0,0.0,0.0
13510,1690796280000.0,0.0,0.0,0.0,158.91,0.0,0.0,161.35,0.9999253857184062,1.0,1296.1564801200032,1000.0,1296.1564801200032,1000.0,0.0,0.0
13511,1690799880000.0,0.0,0.0,0.0,158.91,0.0,0.0,161.45,0.9999253857184062,1.0,1296.1564801200032,1000.0,1296.1564801200032,1000.0,0.0,0.0
13512,1690803480000.0,0.0,0.0,0.0,158.91,0.0,0.0,161.55,0.9999253857184062,1.0,1296.1564801200032,1000.0,1296.1564801200032,1000.0,0.0,0.0
13513,1690807080000.0,0.0,0.0,0.0,158.91,0.0,0.0,161.35,0.9999253857184062,1.0,1296.1564801200032,1000.0,1296.1564801200032,1000.0,0.0,0.0
13514,1690810680000.0,0.0,0.0,0.0,158.91,0.0,0.0,161.1,0.9999253857184062,1.0,1296.1564801200032,1000.0,1296.1564801200032,1000.0,0.0,0.0
13515,1690814280000.0,0.0,0.0,0.0,158.91,0.0,0.0,160.35,0.9999253857184062,1.0,1296.1564801200032,1000.0,1296.1564801200032,1000.0,0.0,0.0
13516,1690817880000.0,0.0,0.0,0.0,158.91,0.0,0.0,160.95,0.9999253857184062,1.0,1296.1564801200032,1000.0,1296.1564801200032,1000.0,0.0,0.0
13517,1690821480000.0,0.0,0.0,0.0,158.91,0.0,0.0,160.9,0.9999253857184062,1.0,1296.1564801200032,1000.0,1296.1564801200032,1000.0,0.0,0.0
13518,1690825080000.0,0.0,0.0,0.0,158.91,0.0,0.0,160.55,0.9999253857184062,1.0,1296.1564801200032,1000.0,1296.1564801200032,1000.0,0.0,0.0
13519,1690828680000.0,0.0,0.0,0.0,158.91,0.0,0.0,160.9,0.9999253857184062,1.0,1296.1564801200032,1000.0,1296.1564801200032,1000.0,0.0,0.0
13520,1690832280000.0,0.0,0.0,0.0,158.91,0.0,0.0,160.2,0.9999253857184062,1.0,1296.1564801200032,1000.0,1296.1564801200032,1000.0,0.0,0.0
13521,1690835880000.0,0.0,0.0,0.0,158.91,0.0,0.0,160.45,0.9999253857184062,1.0,1296.1564801200032,1000.0,1296.1564801200032,1000.0,0.0,0.0
13522,1690839480000.0,0.0,0.0,0.0,158.91,0.0,0.0,160.65,0.9999253857184062,1.0,1296.1564801200032,1000.0,1296.1564801200032,1000.0,0.0,0.0
13523,1690843080000.0,0.0,0.0,0.0,158.91,0.0,0.0,161.35,0.9999253857184062,1.0,1296.1564801200032,1000.0,1296.1564801200032,1000.0,0.0,0.0
13524,1690846680000.0,0.0,0.0,0.0,158.91,0.0,0.0,161.45,0.9999253857184062,1.0,1296.1564801200032,1000.0,1296.1564801200032,1000.0,0.0,0.0
13525,1690850280000.0,0.0,0.0,0.0,158.91,0.0,0.0,161.9,0.9999253857184062,1.0,1296.1564801200032,1000.0,1296.1564801200032,1000.0,0.0,0.0
13526,1690853880000.0,0.0,0.0,0.0,158.91,0.0,0.0,161.75,0.9999253857184062,1.0,1296.1564801200032,1000.0,1296.1564801200032,1000.0,0.0,0.0
13527,1690857480000.0,0.0,0.0,0.0,158.91,0.0,0.0,160.5,0.9999253857184062,1.0,1296.1564801200032,1000.0,1296.1564801200032,1000.0,0.0,0.0
13528,1690861080000.0,0.0,0.0,0.0,158.91,0.0,0.0,160.55,0.9999253857184062,1.0,1296.1564801200032,1000.0,1296.1564801200032,1000.0,0.0,0.0
13529,1690864680000.0,0.0,0.0,0.0,158.91,0.0,0.0,160.2,0.9999253857184062,1.0,1296.1564801200032,1000.0,1296.1564801200032,1000.0,0.0,0.0
13530,1690868280000.0,0.0,0.0,0.0,158.91,0.0,0.0,160.95,0.9999253857184062,1.0,1296.1564801200032,1000.0,1296.1564801200032,1000.0,0.0,0.0
13531,1690871880000.0,0.0,0.0,0.0,158.91,0.0,0.0,161.5,0.9999253857184062,1.0,1296.1564801200032,1000.0,1296.1564801200032,1000.0,0.0,0.0
13532,1690875480000.0,0.0,0.0,0.0,158.91,0.0,0.0,161.4,0.9999253857184062,1.0,1296.1564801200032,1000.0,1296.1564801200032,1000.0,0.0,0.0
13533,1690879080000.0,0.0,0.0,0.0,158.91,0.0,0.0,162.1,0.9999253857184062,1.0,1296.1564801200032,1000.0,1296.1564801200032,1000.0,0.0,0.0
13534,1690882680000.0,0.0,0.0,0.0,158.91,0.0,0.0,163.05,0.9999253857184062,1.0,1296.1564801200032,1000.0,1296.1564801200032,1000.0,0.0,0.0
13535,1690886280000.0,0.0,0.0,0.0,158.91,0.0,0.0,162.5,0.9999253857184062,1.0,1296.1564801200032,1000.0,1296.1564801200032,1000.0,0.0,0.0
13536,1690889880000.0,0.0,0.0,0.0,158.91,0.0,0.0,161.1,0.9999253857184062,1.0,1296.1564801200032,1000.0,1296.1564801200032,1000.0,0.0,0.0
13537,1690893480000.0,0.0,0.0,0.0,158.91,0.0,0.0,159.15,0.9999253857184062,1.0,1296.1564801200032,1000.0,1296.1564801200032,1000.0,0.0,0.0
13538,1690897080000.0,0.0,0.0,0.0,158.91,0.0,0.0,158.4,0.9999253857184062,1.0,1296.1564801200032,1000.0,1296.1564801200032,1000.0,0.0,0.0
13539,1690900680000.0,0.0,0.0,0.0,158.91,0.0,0.0,159.15,0.9999253857184062,1.0,1296.1564801200032,1000.0,1296.1564801200032,1000.0,0.0,0.0
13540,1690904280000.0,0.0,0.0,0.0,158.91,0.0,0.0,161.15,0.9999253857184062,1.0,1296.1564801200032,1000.0,1296.1564801200032,1000.0,0.0,0.0
13541,1690907880000.0,0.0,0.0,0.0,158.91,0.0,0.0,158.5,0.9999253857184062,1.0,1296.1564801200032,1000.0,1296.1564801200032,1000.0,0.0,0.0
13542,1690911480000.0,0.0,0.0,0.0,158.91,0.0,0.0,158.45,0.9999253857184062,1.0,1296.1564801200032,1000.0,1296.1564801200032,1000.0,0.0,0.0
13543,1690915080000.0,0.0,0.0,0.0,158.91,0.0,0.0,159.35,0.9999253857184062,1.0,1296.1564801200032,1000.0,1296.1564801200032,1000.0,0.0,0.0
13544,1690918680000.0,0.0,0.0,0.0,158.91,0.0,0.0,159.2,0.9999253857184062,1.0,1296.1564801200032,1000.0,1296.1564801200032,1000.0,0.0,0.0
13545,1690922280000.0,0.0,0.0,0.0,158.91,0.0,0.0,159.15,0.9999253857184062,1.0,1296.1564801200032,1000.0,1296.1564801200032,1000.0,0.0,0.0
13546,1690925880000.0,0.0,0.0,0.0,158.91,0.0,0.0,159.3,0.9999253857184062,1.0,1296.1564801200032,1000.0,1296.1564801200032,1000.0,0.0,0.0
13547,1690929480000.0,0.0,0.0,0.0,158.91,0.0,0.0,159.25,0.9999253857184062,1.0,1296.1564801200032,1000.0,1296.1564801200032,1000.0,0.0,0.0
13548,1690933080000.0,0.0,0.0,0.0,158.91,0.0,0.0,160.0,0.9999253857184062,1.0,1296.1564801200032,1000.0,1296.1564801200032,1000.0,0.0,0.0
13549,1690936680000.0,0.0,0.0,0.0,158.91,0.0,0.0,160.45,0.9999253857184062,1.0,1296.1564801200032,1000.0,1296.1564801200032,1000.0,0.0,0.0
13550,1690940280000.0,0.0,0.0,0.0,158.91,0.0,0.0,160.6,0.9999253857184062,1.0,1296.1564801200032,1000.0,1296.1564801200032,1000.0,0.0,0.0
13551,1690943880000.0,0.0,0.0,0.0,158.91,0.0,0.0,160.15,0.9999253857184062,1.0,1296.1564801200032,1000.0,1296.1564801200032,1000.0,0.0,0.0
13552,1690947480000.0,0.0,0.0,0.0,158.91,0.0,0.0,160.2,0.9999253857184062,1.0,1296.1564801200032,1000.0,1296.1564801200032,1000.0,0.0,0.0
13553,1690951080000.0,0.0,0.0,0.0,158.91,0.0,0.0,159.65,0.9999253857184062,1.0,1296.1564801200032,1000.0,1296.1564801200032,1000.0,0.0,0.0
13554,1690954680000.0,0.0,0.0,0.0,158.91,0.0,0.0,159.5,0.9999253857184062,1.0,1296.1564801200032,1000.0,1296.1564801200032,1000.0,0.0,0.0
13555,1690958280000.0,0.0,0.0,0.0,158.91,0.0,0.0,160.2,0.9999253857184062,1.0,1296.1564801200032,1000.0,1296.1564801200032,1000.0,0.0,0.0
13556,1690961880000.0,0.0,0.0,0.0,158.91,0.0,0.0,159.35,0.9999253857184062,1.0,1296.1564801200032,1000.0,1296.1564801200032,1000.0,0.0,0.0
13557,1690965480000.0,0.0,0.0,0.0,158.91,0.0,0.0,159.75,0.9999253857184062,1.0,1296.1564801200032,1000.0,1296.1564801200032,1000.0,0.0,0.0
13558,1690969080000.0,0.0,0.0,0.0,158.91,0.0,0.0,159.85,0.9999253857184062,1.0,1296.1564801200032,1000.0,1296.1564801200032,1000.0,0.0,0.0
13559,1690972680000.0,0.0,0.0,0.0,158.91,0.0,0.0,159.75,0.9999253857184062,1.0,1296.1564801200032,1000.0,1296.1564801200032,1000.0,0.0,0.0
13560,1690976280000.0,0.0,0.0,0.0,158.91,0.0,0.0,160.15,0.9999253857184062,1.0,1296.1564801200032,1000.0,1296.1564801200032,1000.0,0.0,0.0
13561,1690979880000.0,0.0,0.0,0.0,158.91,0.0,0.0,159.65,0.9999253857184062,1.0,1296.1564801200032,1000.0,1296.1564801200032,1000.0,0.0,0.0
13562,1690983480000.0,0.0,0.0,0.0,158.91,0.0,0.0,159.7,0.9999253857184062,1.0,1296.1564801200032,1000.0,1296.1564801200032,1000.0,0.0,0.0
13563,1690987080000.0,0.0,0.0,0.0,158.91,0.0,0.0,159.7,0.9999253857184062,1.0,1296.1564801200032,1000.0,1296.1564801200032,1000.0,0.0,0.0
13564,1690990680000.0,0.0,0.0,0.0,158.91,0.0,0.0,160.2,0.9999253857184062,1.0,1296.1564801200032,1000.0,1296.1564801200032,1000.0,0.0,0.0
13565,1690994280000.0,0.0,0.0,0.0,158.91,0.0,0.0,160.05,0.9999253857184062,1.0,1296.1564801200032,1000.0,1296.1564801200032,1000.0,0.0,0.0
13566,1690997880000.0,0.0,0.0,0.0,158.91,0.0,0.0,159.95,0.9999253857184062,1.0,1296.1564801200032,1000.0,1296.1564801200032,1000.0,0.0,0.0
13567,1691001480000.0,0.0,0.0,0.0,158.91,0.0,0.0,160.0,0.9999253857184062,1.0,1296.1564801200032,1000.0,1296.1564801200032,1000.0,0.0,0.0
13568,1691005080000.0,0.0,0.0,0.0,158.91,0.0,0.0,159.85,0.9999253857184062,1.0,1296.1564801200032,1000.0,1296.1564801200032,1000.0,0.0,0.0
13569,1691008680000.0,0.0,0.0,0.0,158.91,0.0,0.0,159.8,0.9999253857184062,1.0,1296.1564801200032,1000.0,1296.1564801200032,1000.0,0.0,0.0
13570,1691012280000.0,0.0,0.0,0.0,158.91,0.0,0.0,159.9,0.9999253857184062,1.0,1296.1564801200032,1000.0,1296.1564801200032,1000.0,0.0,0.0
13571,1691015880000.0,0.0,0.0,0.0,158.91,0.0,0.0,159.4,0.9999253857184062,1.0,1296.1564801200032,1000.0,1296.1564801200032,1000.0,0.0,0.0
13572,1691019480000.0,0.0,0.0,0.0,158.91,0.0,0.0,159.45,0.9999253857184062,1.0,1296.1564801200032,1000.0,1296.1564801200032,1000.0,0.0,0.0
13573,1691023080000.0,0.0,0.0,0.0,158.91,0.0,0.0,160.05,0.9999253857184062,1.0,1296.1564801200032,1000.0,1296.1564801200032,1000.0,0.0,0.0
13574,1691026680000.0,0.0,0.0,0.0,158.91,0.0,0.0,160.15,0.9999253857184062,1.0,1296.1564801200032,1000.0,1296.1564801200032,1000.0,0.0,0.0
13575,1691030280000.0,0.0,0.0,0.0,158.91,0.0,0.0,160.35,0.9999253857184062,1.0,1296.1564801200032,1000.0,1296.1564801200032,1000.0,0.0,0.0
13576,1691033880000.0,0.0,0.0,0.0,158.91,0.0,0.0,161.1,0.9999253857184062,1.0,1296.1564801200032,1000.0,1296.1564801200032,1000.0,0.0,0.0
13577,1691037480000.0,0.0,0.0,0.0,158.91,0.0,0.0,161.05,0.9999253857184062,1.0,1296.1564801200032,1000.0,1296.1564801200032,1000.0,0.0,0.0
13578,1691041080000.0,0.0,0.0,0.0,158.91,0.0,0.0,161.05,0.9999253857184062,1.0,1296.1564801200032,1000.0,1296.1564801200032,1000.0,0.0,0.0
13579,1691044680000.0,0.0,0.0,0.0,158.91,0.0,0.0,160.65,0.9999253857184062,1.0,1296.1564801200032,1000.0,1296.1564801200032,1000.0,0.0,0.0
13580,1691048280000.0,0.0,0.0,0.0,158.91,0.0,0.0,160.35,0.9999253857184062,1.0,1296.1564801200032,1000.0,1296.1564801200032,1000.0,0.0,0.0
13581,1691051880000.0,0.0,0.0,0.0,158.91,0.0,0.0,160.65,0.9999253857184062,1.0,1296.1564801200032,1000.0,1296.1564801200032,1000.0,0.0,0.0
13582,1691055480000.0,0.0,0.0,0.0,158.91,0.0,0.0,160.8,0.9999253857184062,1.0,1296.1564801200032,1000.0,1296.1564801200032,1000.0,0.0,0.0
13583,1691059080000.0,0.0,0.0,0.0,158.91,0.0,0.0,160.95,0.9999253857184062,1.0,1296.1564801200032,1000.0,1296.1564801200032,1000.0,0.0,0.0
13584,1691062680000.0,0.0,0.0,0.0,158.91,0.0,0.0,160.75,0.9999253857184062,1.0,1296.1564801200032,1000.0,1296.1564801200032,1000.0,0.0,0.0
13585,1691066280000.0,0.0,0.0,0.0,158.91,0.0,0.0,160.5,0.9999253857184062,1.0,1296.1564801200032,1000.0,1296.1564801200032,1000.0,0.0,0.0
13586,1691069880000.0,0.0,0.0,0.0,158.91,0.0,0.0,160.45,0.9999253857184062,1.0,1296.1564801200032,1000.0,1296.1564801200032,1000.0,0.0,0.0
13587,1691073480000.0,0.0,0.0,0.0,158.91,0.0,0.0,160.6,0.9999253857184062,1.0,1296.1564801200032,1000.0,1296.1564801200032,1000.0,0.0,0.0
13588,1691077080000.0,0.0,0.0,0.0,158.91,0.0,0.0,160.4,0.9999253857184062,1.0,1296.1564801200032,1000.0,1296.1564801200032,1000.0,0.0,0.0
13589,1691080680000.0,0.0,0.0,0.0,158.91,0.0,0.0,160.1,0.9999253857184062,1.0,1296.1564801200032,1000.0,1296.1564801200032,1000.0,0.0,0.0
13590,1691084280000.0,0.0,0.0,0.0,158.91,0.0,0.0,160.9,0.9999253857184062,1.0,1296.1564801200032,1000.0,1296.1564801200032,1000.0,0.0,0.0
13591,1691087880000.0,0.0,0.0,0.0,158.91,0.0,0.0,160.6,0.9999253857184062,1.0,1296.1564801200032,1000.0,1296.1564801200032,1000.0,0.0,0.0
13592,1691091480000.0,0.0,0.0,0.0,158.91,0.0,0.0,160.8,0.9999253857184062,1.0,1296.1564801200032,1000.0,1296.1564801200032,1000.0,0.0,0.0
13593,1691095080000.0,0.0,0.0,0.0,158.91,0.0,0.0,161.15,0.9999253857184062,1.0,1296.1564801200032,1000.0,1296.1564801200032,1000.0,0.0,0.0
13594,1691098680000.0,0.0,0.0,0.0,158.91,0.0,0.0,161.0,0.9999253857184062,1.0,1296.1564801200032,1000.0,1296.1564801200032,1000.0,0.0,0.0
13595,1691102280000.0,0.0,0.0,0.0,158.91,0.0,0.0,160.55,0.9999253857184062,1.0,1296.1564801200032,1000.0,1296.1564801200032,1000.0,0.0,0.0
13596,1691105880000.0,0.0,0.0,0.0,158.91,0.0,0.0,160.7,0.9999253857184062,1.0,1296.1564801200032,1000.0,1296.1564801200032,1000.0,0.0,0.0
13597,1691109480000.0,0.0,0.0,0.0,158.91,0.0,0.0,160.05,0.9999253857184062,1.0,1296.1564801200032,1000.0,1296.1564801200032,1000.0,0.0,0.0
13598,1691113080000.0,0.0,0.0,0.0,158.91,0.0,0.0,159.85,0.9999253857184062,1.0,1296.1564801200032,1000.0,1296.1564801200032,1000.0,0.0,0.0
13599,1691116680000.0,0.0,0.0,0.0,158.91,0.0,0.0,159.6,0.9999253857184062,1.0,1296.1564801200032,1000.0,1296.1564801200032,1000.0,0.0,0.0
13600,1691120280000.0,0.0,0.0,0.0,158.91,0.0,0.0,159.85,0.9999253857184062,1.0,1296.1564801200032,1000.0,1296.1564801200032,1000.0,0.0,0.0
13601,1691123880000.0,0.0,0.0,0.0,158.91,0.0,0.0,159.45,0.9999253857184062,1.0,1296.1564801200032,1000.0,1296.1564801200032,1000.0,0.0,0.0
13602,1691127480000.0,0.0,0.0,0.0,158.91,0.0,0.0,159.4,0.9999253857184062,1.0,1296.1564801200032,1000.0,1296.1564801200032,1000.0,0.0,0.0
13603,1691131080000.0,0.0,0.0,0.0,158.91,0.0,0.0,158.8,0.9999253857184062,1.0,1296.1564801200032,1000.0,1296.1564801200032,1000.0,0.0,0.0
13604,1691134680000.0,0.0,0.0,0.0,158.91,0.0,0.0,158.5,0.9999253857184062,1.0,1296.1564801200032,1000.0,1296.1564801200032,1000.0,0.0,0.0
13605,1691138280000.0,0.0,0.0,0.0,158.91,0.0,0.0,159.25,0.9999253857184062,1.0,1296.1564801200032,1000.0,1296.1564801200032,1000.0,0.0,0.0
13606,1691141880000.0,0.0,0.0,0.0,158.91,0.0,0.0,159.85,0.9999253857184062,1.0,1296.1564801200032,1000.0,1296.1564801200032,1000.0,0.0,0.0
13607,1691145480000.0,0.0,0.0,0.0,158.91,0.0,0.0,160.8,0.9999253857184062,1.0,1296.1564801200032,1000.0,1296.1564801200032,1000.0,0.0,0.0
13608,1691149080000.0,0.0,0.0,0.0,158.91,0.0,0.0,161.4,0.9999253857184062,1.0,1296.1564801200032,1000.0,1296.1564801200032,1000.0,0.0,0.0
13609,1691152680000.0,0.0,0.0,0.0,158.91,0.0,0.0,158.9,0.9999253857184062,1.0,1296.1564801200032,1000.0,1296.1564801200032,1000.0,0.0,0.0
13610,1691156280000.0,0.0,0.0,0.0,158.91,0.0,0.0,159.6,0.9999253857184062,1.0,1296.1564801200032,1000.0,1296.1564801200032,1000.0,0.0,0.0
13611,1691159880000.0,0.0,0.0,0.0,158.91,0.0,0.0,158.85,0.9999253857184062,1.0,1296.1564801200032,1000.0,1296.1564801200032,1000.0,0.0,0.0
13612,1691163480000.0,0.0,0.0,0.0,158.91,0.0,0.0,159.05,0.9999253857184062,1.0,1296.1564801200032,1000.0,1296.1564801200032,1000.0,0.0,0.0
13613,1691167080000.0,0.0,0.0,0.0,158.91,0.0,0.0,158.25,0.9999253857184062,1.0,1296.1564801200032,1000.0,1296.1564801200032,1000.0,0.0,0.0
13614,1691170680000.0,0.0,0.0,0.0,158.91,0.0,0.0,158.9,0.9999253857184062,1.0,1296.1564801200032,1000.0,1296.1564801200032,1000.0,0.0,0.0
13615,1691174280000.0,0.0,0.0,0.0,158.91,0.0,0.0,158.05,0.9999253857184062,1.0,1296.1564801200032,1000.0,1296.1564801200032,1000.0,0.0,0.0
13616,1691177880000.0,0.0,0.0,0.0,158.91,0.0,0.0,158.0,0.9999253857184062,1.0,1296.1564801200032,1000.0,1296.1564801200032,1000.0,0.0,0.0
13617,1691181480000.0,0.0,0.0,0.0,158.91,0.0,0.0,157.65,0.9999253857184062,1.0,1296.1564801200032,1000.0,1296.1564801200032,1000.0,0.0,0.0
13618,1691185080000.0,0.0,0.0,0.0,158.91,0.0,0.0,158.15,0.9999253857184062,1.0,1296.1564801200032,1000.0,1296.1564801200032,1000.0,0.0,0.0
13619,1691188680000.0,0.0,0.0,0.0,158.91,0.0,0.0,157.85,0.9999253857184062,1.0,1296.1564801200032,1000.0,1296.1564801200032,1000.0,0.0,0.0
13620,1691192280000.0,0.0,0.0,0.0,158.91,0.0,0.0,158.65,0.9999253857184062,1.0,1296.1564801200032,1000.0,1296.1564801200032,1000.0,0.0,0.0
13621,1691195880000.0,0.0,0.0,0.0,158.91,0.0,0.0,158.9,0.9999253857184062,1.0,1296.1564801200032,1000.0,1296.1564801200032,1000.0,0.0,0.0
13622,1691199480000.0,0.0,0.0,0.0,158.91,0.0,0.0,159.0,0.9999253857184062,1.0,1296.1564801200032,1000.0,1296.1564801200032,1000.0,0.0,0.0
13623,1691203080000.0,0.0,0.0,0.0,158.91,0.0,0.0,160.1,0.9999253857184062,1.0,1296.1564801200032,1000.0,1296.1564801200032,1000.0,0.0,0.0
13624,1691206680000.0,0.0,0.0,0.0,158.91,0.0,0.0,159.5,0.9999253857184062,1.0,1296.1564801200032,1000.0,1296.1564801200032,1000.0,0.0,0.0
13625,1691210280000.0,0.0,0.0,0.0,158.91,0.0,0.0,159.35,0.9999253857184062,1.0,1296.1564801200032,1000.0,1296.1564801200032,1000.0,0.0,0.0
13626,1691213880000.0,0.0,0.0,0.0,158.91,0.0,0.0,159.6,0.9999253857184062,1.0,1296.1564801200032,1000.0,1296.1564801200032,1000.0,0.0,0.0
13627,1691217480000.0,0.0,0.0,0.0,158.91,0.0,0.0,159.8,0.9999253857184062,1.0,1296.1564801200032,1000.0,1296.1564801200032,1000.0,0.0,0.0
13628,1691221080000.0,0.0,0.0,0.0,158.91,0.0,0.0,159.4,0.9999253857184062,1.0,1296.1564801200032,1000.0,1296.1564801200032,1000.0,0.0,0.0
13629,1691224680000.0,0.0,0.0,0.0,158.91,0.0,0.0,160.0,0.9999253857184062,1.0,1296.1564801200032,1000.0,1296.1564801200032,1000.0,0.0,0.0
13630,1691228280000.0,0.0,0.0,0.0,158.91,0.0,0.0,160.15,0.9999253857184062,1.0,1296.1564801200032,1000.0,1296.1564801200032,1000.0,0.0,0.0
13631,1691231880000.0,0.0,0.0,0.0,158.91,0.0,0.0,161.15,0.9999253857184062,1.0,1296.1564801200032,1000.0,1296.1564801200032,1000.0,0.0,0.0
13632,1691235480000.0,0.0,0.0,0.0,158.91,0.0,0.0,160.2,0.9999253857184062,1.0,1296.1564801200032,1000.0,1296.1564801200032,1000.0,0.0,0.0
13633,1691239080000.0,0.0,0.0,0.0,158.91,0.0,0.0,159.6,0.9999253857184062,1.0,1296.1564801200032,1000.0,1296.1564801200032,1000.0,0.0,0.0
13634,1691242680000.0,0.0,0.0,0.0,158.91,0.0,0.0,158.75,0.9999253857184062,1.0,1296.1564801200032,1000.0,1296.1564801200032,1000.0,0.0,0.0
13635,1691246280000.0,0.0,0.0,0.0,158.91,0.0,0.0,158.25,0.9999253857184062,1.0,1296.1564801200032,1000.0,1296.1564801200032,1000.0,0.0,0.0
13636,1691249880000.0,0.0,0.0,0.0,158.91,0.0,0.0,158.5,0.9999253857184062,1.0,1296.1564801200032,1000.0,1296.1564801200032,1000.0,0.0,0.0
13637,1691253480000.0,0.0,0.0,0.0,158.91,0.0,0.0,158.05,0.9999253857184062,1.0,1296.1564801200032,1000.0,1296.1564801200032,1000.0,0.0,0.0
13638,1691257080000.0,0.0,0.0,0.0,158.91,0.0,0.0,158.15,0.9999253857184062,1.0,1296.1564801200032,1000.0,1296.1564801200032,1000.0,0.0,0.0
13639,1691260680000.0,0.0,0.0,0.0,158.91,0.0,0.0,158.4,0.9999253857184062,1.0,1296.1564801200032,1000.0,1296.1564801200032,1000.0,0.0,0.0
13640,1691264280000.0,0.0,0.0,0.0,158.91,0.0,0.0,158.6,0.9999253857184062,1.0,1296.1564801200032,1000.0,1296.1564801200032,1000.0,0.0,0.0
13641,1691267880000.0,0.0,0.0,0.0,158.91,0.0,0.0,158.6,0.9999253857184062,1.0,1296.1564801200032,1000.0,1296.1564801200032,1000.0,0.0,0.0
13642,1691271480000.0,0.0,0.0,0.0,158.91,0.0,0.0,159.2,0.9999253857184062,1.0,1296.1564801200032,1000.0,1296.1564801200032,1000.0,0.0,0.0
13643,1691275080000.0,0.0,0.0,0.0,158.91,0.0,0.0,159.8,0.9999253857184062,1.0,1296.1564801200032,1000.0,1296.1564801200032,1000.0,0.0,0.0
13644,1691278680000.0,0.0,0.0,0.0,158.91,0.0,0.0,159.6,0.9999253857184062,1.0,1296.1564801200032,1000.0,1296.1564801200032,1000.0,0.0,0.0
13645,1691282280000.0,0.0,0.0,0.0,158.91,0.0,0.0,159.55,0.9999253857184062,1.0,1296.1564801200032,1000.0,1296.1564801200032,1000.0,0.0,0.0
13646,1691285880000.0,0.0,0.0,0.0,158.91,0.0,0.0,159.7,0.9999253857184062,1.0,1296.1564801200032,1000.0,1296.1564801200032,1000.0,0.0,0.0
13647,1691289480000.0,0.0,0.0,0.0,158.91,0.0,0.0,160.3,0.9999253857184062,1.0,1296.1564801200032,1000.0,1296.1564801200032,1000.0,0.0,0.0
13648,1691293080000.0,0.0,0.0,0.0,158.91,0.0,0.0,160.3,0.9999253857184062,1.0,1296.1564801200032,1000.0,1296.1564801200032,1000.0,0.0,0.0
13649,1691296680000.0,0.0,0.0,0.0,158.91,0.0,0.0,160.6,0.9999253857184062,1.0,1296.1564801200032,1000.0,1296.1564801200032,1000.0,0.0,0.0
13650,1691300280000.0,0.0,0.0,0.0,158.91,0.0,0.0,160.65,0.9999253857184062,1.0,1296.1564801200032,1000.0,1296.1564801200032,1000.0,0.0,0.0
13651,1691303880000.0,0.0,0.0,0.0,158.91,0.0,0.0,159.9,0.9999253857184062,1.0,1296.1564801200032,1000.0,1296.1564801200032,1000.0,0.0,0.0
13652,1691307480000.0,0.0,0.0,0.0,158.91,0.0,0.0,160.2,0.9999253857184062,1.0,1296.1564801200032,1000.0,1296.1564801200032,1000.0,0.0,0.0
13653,1691311080000.0,0.0,0.0,0.0,158.91,0.0,0.0,160.45,0.9999253857184062,1.0,1296.1564801200032,1000.0,1296.1564801200032,1000.0,0.0,0.0
13654,1691314680000.0,0.0,0.0,0.0,158.91,0.0,0.0,160.45,0.9999253857184062,1.0,1296.1564801200032,1000.0,1296.1564801200032,1000.0,0.0,0.0
13655,1691318280000.0,0.0,0.0,0.0,158.91,0.0,0.0,160.35,0.9999253857184062,1.0,1296.1564801200032,1000.0,1296.1564801200032,1000.0,0.0,0.0
13656,1691321880000.0,0.0,0.0,0.0,158.91,0.0,0.0,160.9,0.9999253857184062,1.0,1296.1564801200032,1000.0,1296.1564801200032,1000.0,0.0,0.0
13657,1691325480000.0,0.0,0.0,0.0,158.91,0.0,0.0,159.95,0.9999253857184062,1.0,1296.1564801200032,1000.0,1296.1564801200032,1000.0,0.0,0.0
13658,1691329080000.0,0.0,0.0,0.0,158.91,0.0,0.0,159.65,0.9999253857184062,1.0,1296.1564801200032,1000.0,1296.1564801200032,1000.0,0.0,0.0
13659,1691332680000.0,0.0,0.0,0.0,158.91,0.0,0.0,159.95,0.9999253857184062,1.0,1296.1564801200032,1000.0,1296.1564801200032,1000.0,0.0,0.0
13660,1691336280000.0,0.0,0.0,0.0,158.91,0.0,0.0,159.9,0.9999253857184062,1.0,1296.1564801200032,1000.0,1296.1564801200032,1000.0,0.0,0.0
13661,1691339880000.0,0.0,0.0,0.0,158.91,0.0,0.0,159.95,0.9999253857184062,1.0,1296.1564801200032,1000.0,1296.1564801200032,1000.0,0.0,0.0
13662,1691343480000.0,0.0,0.0,0.0,158.91,0.0,0.0,159.45,0.9999253857184062,1.0,1296.1564801200032,1000.0,1296.1564801200032,1000.0,0.0,0.0
13663,1691347080000.0,0.0,0.0,0.0,158.91,0.0,0.0,159.75,0.9999253857184062,1.0,1296.1564801200032,1000.0,1296.1564801200032,1000.0,0.0,0.0
13664,1691350680000.0,0.0,0.0,0.0,158.91,0.0,0.0,159.75,0.9999253857184062,1.0,1296.1564801200032,1000.0,1296.1564801200032,1000.0,0.0,0.0
13665,1691354280000.0,0.0,0.0,0.0,158.91,0.0,0.0,159.7,0.9999253857184062,1.0,1296.1564801200032,1000.0,1296.1564801200032,1000.0,0.0,0.0
13666,1691357880000.0,0.0,0.0,0.0,158.91,0.0,0.0,160.1,0.9999253857184062,1.0,1296.1564801200032,1000.0,1296.1564801200032,1000.0,0.0,0.0
13667,1691361480000.0,0.0,0.0,0.0,158.91,0.0,0.0,160.1,0.9999253857184062,1.0,1296.1564801200032,1000.0,1296.1564801200032,1000.0,0.0,0.0
13668,1691365080000.0,0.0,0.0,0.0,158.91,0.0,0.0,159.8,0.9999253857184062,1.0,1296.1564801200032,1000.0,1296.1564801200032,1000.0,0.0,0.0
13669,1691368680000.0,0.0,0.0,0.0,158.91,0.0,0.0,159.8,0.9999253857184062,1.0,1296.1564801200032,1000.0,1296.1564801200032,1000.0,0.0,0.0
13670,1691372280000.0,0.0,0.0,0.0,158.91,0.0,0.0,160.45,0.9999253857184062,1.0,1296.1564801200032,1000.0,1296.1564801200032,1000.0,0.0,0.0
13671,1691375880000.0,0.0,0.0,0.0,158.91,0.0,0.0,160.55,0.9999253857184062,1.0,1296.1564801200032,1000.0,1296.1564801200032,1000.0,0.0,0.0
13672,1691379480000.0,0.0,0.0,0.0,158.91,0.0,0.0,160.65,0.9999253857184062,1.0,1296.1564801200032,1000.0,1296.1564801200032,1000.0,0.0,0.0
13673,1691383080000.0,0.0,0.0,0.0,158.91,0.0,0.0,160.25,0.9999253857184062,1.0,1296.1564801200032,1000.0,1296.1564801200032,1000.0,0.0,0.0
13674,1691386680000.0,0.0,0.0,0.0,158.91,0.0,0.0,160.5,0.9999253857184062,1.0,1296.1564801200032,1000.0,1296.1564801200032,1000.0,0.0,0.0
13675,1691390280000.0,0.0,0.0,0.0,158.91,0.0,0.0,159.75,0.9999253857184062,1.0,1296.1564801200032,1000.0,1296.1564801200032,1000.0,0.0,0.0
13676,1691393880000.0,0.0,0.0,0.0,158.91,0.0,0.0,159.5,0.9999253857184062,1.0,1296.1564801200032,1000.0,1296.1564801200032,1000.0,0.0,0.0
13677,1691397480000.0,0.0,0.0,0.0,158.91,0.0,0.0,158.85,0.9999253857184062,1.0,1296.1564801200032,1000.0,1296.1564801200032,1000.0,0.0,0.0
13678,1691401080000.0,0.0,0.0,0.0,158.91,0.0,0.0,159.45,0.9999253857184062,1.0,1296.1564801200032,1000.0,1296.1564801200032,1000.0,0.0,0.0
13679,1691404680000.0,0.0,0.0,0.0,158.91,0.0,0.0,158.9,0.9999253857184062,1.0,1296.1564801200032,1000.0,1296.1564801200032,1000.0,0.0,0.0
13680,1691408280000.0,0.0,0.0,0.0,158.91,0.0,0.0,159.05,0.9999253857184062,1.0,1296.1564801200032,1000.0,1296.1564801200032,1000.0,0.0,0.0
13681,1691411880000.0,0.0,0.0,0.0,158.91,0.0,0.0,158.8,0.9999253857184062,1.0,1296.1564801200032,1000.0,1296.1564801200032,1000.0,0.0,0.0
13682,1691415480000.0,0.0,0.0,0.0,158.91,0.0,0.0,159.05,0.9999253857184062,1.0,1296.1564801200032,1000.0,1296.1564801200032,1000.0,0.0,0.0
13683,1691419080000.0,0.0,0.0,0.0,158.91,0.0,0.0,158.35,0.9999253857184062,1.0,1296.1564801200032,1000.0,1296.1564801200032,1000.0,0.0,0.0
13684,1691422680000.0,0.0,0.0,0.0,158.91,0.0,0.0,157.65,0.9999253857184062,1.0,1296.1564801200032,1000.0,1296.1564801200032,1000.0,0.0,0.0
13685,1691426280000.0,0.0,0.0,0.0,158.91,0.0,0.0,157.85,0.9999253857184062,1.0,1296.1564801200032,1000.0,1296.1564801200032,1000.0,0.0,0.0
13686,1691429880000.0,0.0,0.0,0.0,158.91,0.0,0.0,157.8,0.9999253857184062,1.0,1296.1564801200032,1000.0,1296.1564801200032,1000.0,0.0,0.0
13687,1691433480000.0,0.0,0.0,0.0,158.91,0.0,0.0,158.3,0.9999253857184062,1.0,1296.1564801200032,1000.0,1296.1564801200032,1000.0,0.0,0.0
13688,1691437080000.0,0.0,0.0,0.0,158.91,0.0,0.0,157.7,0.9999253857184062,1.0,1296.1564801200032,1000.0,1296.1564801200032,1000.0,0.0,0.0
13689,1691440680000.0,0.0,0.0,0.0,158.91,0.0,0.0,157.65,0.9999253857184062,1.0,1296.1564801200032,1000.0,1296.1564801200032,1000.0,0.0,0.0
13690,1691444280000.0,0.0,0.0,0.0,158.91,0.0,0.0,158.45,0.9999253857184062,1.0,1296.1564801200032,1000.0,1296.1564801200032,1000.0,0.0,0.0
13691,1691447880000.0,0.0,0.0,0.0,158.91,0.0,0.0,158.05,0.9999253857184062,1.0,1296.1564801200032,1000.0,1296.1564801200032,1000.0,0.0,0.0
13692,1691451480000.0,0.0,0.0,0.0,158.91,0.0,0.0,158.25,0.9999253857184062,1.0,1296.1564801200032,1000.0,1296.1564801200032,1000.0,0.0,0.0
13693,1691455080000.0,0.0,0.0,0.0,158.91,0.0,0.0,158.15,0.9999253857184062,1.0,1296.1564801200032,1000.0,1296.1564801200032,1000.0,0.0,0.0
13694,1691458680000.0,0.0,0.0,0.0,158.91,0.0,0.0,157.95,0.9999253857184062,1.0,1296.1564801200032,1000.0,1296.1564801200032,1000.0,0.0,0.0
13695,1691462280000.0,0.0,0.0,0.0,158.91,0.0,0.0,158.0,0.9999253857184062,1.0,1296.1564801200032,1000.0,1296.1564801200032,1000.0,0.0,0.0
13696,1691465880000.0,0.0,0.0,0.0,158.91,0.0,0.0,158.25,0.9999253857184062,1.0,1296.1564801200032,1000.0,1296.1564801200032,1000.0,0.0,0.0
13697,1691469480000.0,0.0,0.0,0.0,158.91,0.0,0.0,158.7,0.9999253857184062,1.0,1296.1564801200032,1000.0,1296.1564801200032,1000.0,0.0,0.0
13698,1691473080000.0,0.0,0.0,0.0,158.91,0.0,0.0,158.45,0.9999253857184062,1.0,1296.1564801200032,1000.0,1296.1564801200032,1000.0,0.0,0.0
13699,1691476680000.0,0.0,0.0,0.0,158.91,0.0,0.0,158.35,0.9999253857184062,1.0,1296.1564801200032,1000.0,1296.1564801200032,1000.0,0.0,0.0
13700,1691480280000.0,0.0,0.0,0.0,158.91,0.0,0.0,158.3,0.9999253857184062,1.0,1296.1564801200032,1000.0,1296.1564801200032,1000.0,0.0,0.0
13701,1691483880000.0,0.0,0.0,0.0,158.91,0.0,0.0,158.55,0.9999253857184062,1.0,1296.1564801200032,1000.0,1296.1564801200032,1000.0,0.0,0.0
13702,1691487480000.0,0.0,0.0,0.0,158.91,0.0,0.0,158.8,0.9999253857184062,1.0,1296.1564801200032,1000.0,1296.1564801200032,1000.0,0.0,0.0
13703,1691491080000.0,0.0,0.0,0.0,158.91,0.0,0.0,158.8,0.9999253857184062,1.0,1296.1564801200032,1000.0,1296.1564801200032,1000.0,0.0,0.0
13704,1691494680000.0,0.0,0.0,0.0,158.91,0.0,0.0,158.6,0.9999253857184062,1.0,1296.1564801200032,1000.0,1296.1564801200032,1000.0,0.0,0.0
13705,1691498280000.0,0.0,0.0,0.0,158.91,0.0,0.0,158.8,0.9999253857184062,1.0,1296.1564801200032,1000.0,1296.1564801200032,1000.0,0.0,0.0
13706,1691501880000.0,0.0,0.0,0.0,158.91,0.0,0.0,158.4,0.9999253857184062,1.0,1296.1564801200032,1000.0,1296.1564801200032,1000.0,0.0,0.0
13707,1691505480000.0,0.0,0.0,0.0,158.91,0.0,0.0,158.85,0.9999253857184062,1.0,1296.1564801200032,1000.0,1296.1564801200032,1000.0,0.0,0.0
13708,1691509080000.0,0.0,0.0,0.0,158.91,0.0,0.0,159.4,0.9999253857184062,1.0,1296.1564801200032,1000.0,1296.1564801200032,1000.0,0.0,0.0
13709,1691512680000.0,0.0,0.0,0.0,158.91,0.0,0.0,159.15,0.9999253857184062,1.0,1296.1564801200032,1000.0,1296.1564801200032,1000.0,0.0,0.0
13710,1691516280000.0,0.0,0.0,0.0,158.91,0.0,0.0,159.6,0.9999253857184062,1.0,1296.1564801200032,1000.0,1296.1564801200032,1000.0,0.0,0.0
13711,1691519880000.0,0.0,0.0,0.0,158.91,0.0,0.0,159.45,0.9999253857184062,1.0,1296.1564801200032,1000.0,1296.1564801200032,1000.0,0.0,0.0
13712,1691523480000.0,0.0,0.0,0.0,158.91,0.0,0.0,159.15,0.9999253857184062,1.0,1296.1564801200032,1000.0,1296.1564801200032,1000.0,0.0,0.0
13713,1691527080000.0,0.0,0.0,0.0,158.91,0.0,0.0,159.85,0.9999253857184062,1.0,1296.1564801200032,1000.0,1296.1564801200032,1000.0,0.0,0.0
13714,1691530680000.0,0.0,0.0,0.0,158.91,0.0,0.0,159.55,0.9999253857184062,1.0,1296.1564801200032,1000.0,1296.1564801200032,1000.0,0.0,0.0
13715,1691534280000.0,0.0,0.0,0.0,158.91,0.0,0.0,158.85,0.9999253857184062,1.0,1296.1564801200032,1000.0,1296.1564801200032,1000.0,0.0,0.0
13716,1691537880000.0,0.0,0.0,0.0,158.91,0.0,0.0,158.95,0.9999253857184062,1.0,1296.1564801200032,1000.0,1296.1564801200032,1000.0,0.0,0.0
13717,1691541480000.0,0.0,0.0,0.0,158.91,0.0,0.0,158.9,0.9999253857184062,1.0,1296.1564801200032,1000.0,1296.1564801200032,1000.0,0.0,0.0
13718,1691545080000.0,0.0,0.0,0.0,158.91,0.0,0.0,158.7,0.9999253857184062,1.0,1296.1564801200032,1000.0,1296.1564801200032,1000.0,0.0,0.0
13719,1691548680000.0,0.0,0.0,0.0,158.91,0.0,0.0,157.9,0.9999253857184062,1.0,1296.1564801200032,1000.0,1296.1564801200032,1000.0,0.0,0.0
13720,1691552280000.0,0.0,0.0,0.0,158.91,0.0,0.0,158.15,0.9999253857184062,1.0,1296.1564801200032,1000.0,1296.1564801200032,1000.0,0.0,0.0
13721,1691555880000.0,0.0,0.0,0.0,158.91,0.0,0.0,158.45,0.9999253857184062,1.0,1296.1564801200032,1000.0,1296.1564801200032,1000.0,0.0,0.0
13722,1691559480000.0,0.0,0.0,0.0,158.91,0.0,0.0,158.7,0.9999253857184062,1.0,1296.1564801200032,1000.0,1296.1564801200032,1000.0,0.0,0.0
13723,1691563080000.0,0.0,0.0,0.0,158.91,0.0,0.0,158.25,0.9999253857184062,1.0,1296.1564801200032,1000.0,1296.1564801200032,1000.0,0.0,0.0
13724,1691566680000.0,0.0,0.0,0.0,158.91,0.0,0.0,159.05,0.9999253857184062,1.0,1296.1564801200032,1000.0,1296.1564801200032,1000.0,0.0,0.0
13725,1691570280000.0,0.0,0.0,0.0,158.91,0.0,0.0,159.15,0.9999253857184062,1.0,1296.1564801200032,1000.0,1296.1564801200032,1000.0,0.0,0.0
13726,1691573880000.0,0.0,0.0,0.0,158.91,0.0,0.0,158.8,0.9999253857184062,1.0,1296.1564801200032,1000.0,1296.1564801200032,1000.0,0.0,0.0
13727,1691577480000.0,0.0,0.0,0.0,158.91,0.0,0.0,158.5,0.9999253857184062,1.0,1296.1564801200032,1000.0,1296.1564801200032,1000.0,0.0,0.0
13728,1691581080000.0,0.0,0.0,0.0,158.91,0.0,0.0,158.55,0.9999253857184062,1.0,1296.1564801200032,1000.0,1296.1564801200032,1000.0,0.0,0.0
13729,1691584680000.0,0.0,0.0,0.0,158.91,0.0,0.0,158.9,0.9999253857184062,1.0,1296.1564801200032,1000.0,1296.1564801200032,1000.0,0.0,0.0
13730,1691588280000.0,0.0,0.0,0.0,158.91,0.0,0.0,159.0,0.9999253857184062,1.0,1296.1564801200032,1000.0,1296.1564801200032,1000.0,0.0,0.0
13731,1691591880000.0,0.0,0.0,0.0,158.91,0.0,0.0,158.55,0.9999253857184062,1.0,1296.1564801200032,1000.0,1296.1564801200032,1000.0,0.0,0.0
13732,1691595480000.0,0.0,0.0,0.0,158.91,0.0,0.0,158.4,0.9999253857184062,1.0,1296.1564801200032,1000.0,1296.1564801200032,1000.0,0.0,0.0
13733,1691599080000.0,0.0,0.0,0.0,158.91,0.0,0.0,158.2,0.9999253857184062,1.0,1296.1564801200032,1000.0,1296.1564801200032,1000.0,0.0,0.0
13734,1691602680000.0,0.0,0.0,0.0,158.91,0.0,0.0,157.3,0.9999253857184062,1.0,1296.1564801200032,1000.0,1296.1564801200032,1000.0,0.0,0.0
13735,1691606280000.0,0.0,0.0,0.0,158.91,0.0,0.0,157.15,0.9999253857184062,1.0,1296.1564801200032,1000.0,1296.1564801200032,1000.0,0.0,0.0
13736,1691609880000.0,0.0,0.0,0.0,158.91,0.0,0.0,156.75,0.9999253857184062,1.0,1296.1564801200032,1000.0,1296.1564801200032,1000.0,0.0,0.0
13737,1691613480000.0,0.0,0.0,0.0,158.91,0.0,0.0,156.8,0.9999253857184062,1.0,1296.1564801200032,1000.0,1296.1564801200032,1000.0,0.0,0.0
13738,1691617080000.0,0.0,0.0,0.0,158.91,0.0,0.0,156.95,0.9999253857184062,1.0,1296.1564801200032,1000.0,1296.1564801200032,1000.0,0.0,0.0
13739,1691620680000.0,0.0,0.0,0.0,158.91,0.0,0.0,157.3,0.9999253857184062,1.0,1296.1564801200032,1000.0,1296.1564801200032,1000.0,0.0,0.0
13740,1691624280000.0,0.0,0.0,0.0,158.91,0.0,0.0,157.35,0.9999253857184062,1.0,1296.1564801200032,1000.0,1296.1564801200032,1000.0,0.0,0.0
13741,1691627880000.0,0.0,0.0,0.0,158.91,0.0,0.0,157.25,0.9999253857184062,1.0,1296.1564801200032,1000.0,1296.1564801200032,1000.0,0.0,0.0
13742,1691631480000.0,0.0,0.0,0.0,158.91,0.0,0.0,157.45,0.9999253857184062,1.0,1296.1564801200032,1000.0,1296.1564801200032,1000.0,0.0,0.0
13743,1691635080000.0,0.0,0.0,0.0,158.91,0.0,0.0,157.2,0.9999253857184062,1.0,1296.1564801200032,1000.0,1296.1564801200032,1000.0,0.0,0.0
13744,1691638680000.0,0.0,0.0,0.0,158.91,0.0,0.0,156.7,0.9999253857184062,1.0,1296.1564801200032,1000.0,1296.1564801200032,1000.0,0.0,0.0
13745,1691642280000.0,0.0,0.0,0.0,158.91,0.0,0.0,156.65,0.9999253857184062,1.0,1296.1564801200032,1000.0,1296.1564801200032,1000.0,0.0,0.0
13746,1691645880000.0,0.0,0.0,0.0,158.91,0.0,0.0,156.1,0.9999253857184062,1.0,1296.1564801200032,1000.0,1296.1564801200032,1000.0,0.0,0.0
13747,1691649480000.0,0.0,0.0,0.0,158.91,0.0,0.0,155.8,0.9999253857184062,1.0,1296.1564801200032,1000.0,1296.1564801200032,1000.0,0.0,0.0
13748,1691653080000.0,0.0,0.0,0.0,158.91,0.0,0.0,155.9,0.9999253857184062,1.0,1296.1564801200032,1000.0,1296.1564801200032,1000.0,0.0,0.0
13749,1691656680000.0,0.0,0.0,0.0,158.91,0.0,0.0,155.8,0.9999253857184062,1.0,1296.1564801200032,1000.0,1296.1564801200032,1000.0,0.0,0.0
13750,1691660280000.0,0.0,0.0,0.0,158.91,0.0,0.0,155.0,0.9999253857184062,1.0,1296.1564801200032,1000.0,1296.1564801200032,1000.0,0.0,0.0
13751,1691663880000.0,0.0,0.0,0.0,158.91,0.0,0.0,154.9,0.9999253857184062,1.0,1296.1564801200032,1000.0,1296.1564801200032,1000.0,0.0,0.0
13752,1691667480000.0,0.0,0.0,0.0,158.91,0.0,0.0,154.6,0.9999253857184062,1.0,1296.1564801200032,1000.0,1296.1564801200032,1000.0,0.0,0.0
13753,1691671080000.0,0.0,0.0,0.0,158.91,0.0,0.0,155.5,0.9999253857184062,1.0,1296.1564801200032,1000.0,1296.1564801200032,1000.0,0.0,0.0
13754,1691674680000.0,0.0,0.0,0.0,158.91,0.0,0.0,156.15,0.9999253857184062,1.0,1296.1564801200032,1000.0,1296.1564801200032,1000.0,0.0,0.0
13755,1691678280000.0,0.0,0.0,0.0,158.91,0.0,0.0,155.55,0.9999253857184062,1.0,1296.1564801200032,1000.0,1296.1564801200032,1000.0,0.0,0.0
13756,1691681880000.0,0.0,0.0,0.0,158.91,0.0,0.0,155.15,0.9999253857184062,1.0,1296.1564801200032,1000.0,1296.1564801200032,1000.0,0.0,0.0
13757,1691685480000.0,0.0,0.0,0.0,158.91,0.0,0.0,154.85,0.9999253857184062,1.0,1296.1564801200032,1000.0,1296.1564801200032,1000.0,0.0,0.0
13758,1691689080000.0,0.0,0.0,0.0,158.91,0.0,0.0,154.8,0.9999253857184062,1.0,1296.1564801200032,1000.0,1296.1564801200032,1000.0,0.0,0.0
13759,1691692680000.0,0.0,0.0,0.0,158.91,0.0,0.0,154.55,0.9999253857184062,1.0,1296.1564801200032,1000.0,1296.1564801200032,1000.0,0.0,0.0
13760,1691696280000.0,0.0,0.0,0.0,158.91,0.0,0.0,154.75,0.9999253857184062,1.0,1296.1564801200032,1000.0,1296.1564801200032,1000.0,0.0,0.0
13761,1691699880000.0,0.0,0.0,0.0,158.91,0.0,0.0,155.4,0.9999253857184062,1.0,1296.1564801200032,1000.0,1296.1564801200032,1000.0,0.0,0.0
13762,1691703480000.0,0.0,0.0,0.0,158.91,0.0,0.0,155.2,0.9999253857184062,1.0,1296.1564801200032,1000.0,1296.1564801200032,1000.0,0.0,0.0
13763,1691707080000.0,0.0,0.0,0.0,158.91,0.0,0.0,155.9,0.9999253857184062,1.0,1296.1564801200032,1000.0,1296.1564801200032,1000.0,0.0,0.0
13764,1691710680000.0,0.0,0.0,0.0,158.91,0.0,0.0,156.05,0.9999253857184062,1.0,1296.1564801200032,1000.0,1296.1564801200032,1000.0,0.0,0.0
13765,1691714280000.0,0.0,0.0,0.0,158.91,0.0,0.0,156.15,0.9999253857184062,1.0,1296.1564801200032,1000.0,1296.1564801200032,1000.0,0.0,0.0
13766,1691717880000.0,0.0,0.0,0.0,158.91,0.0,0.0,156.2,0.9999253857184062,1.0,1296.1564801200032,1000.0,1296.1564801200032,1000.0,0.0,0.0
13767,1691721480000.0,0.0,0.0,0.0,158.91,0.0,0.0,156.55,0.9999253857184062,1.0,1296.1564801200032,1000.0,1296.1564801200032,1000.0,0.0,0.0
13768,1691725080000.0,0.0,0.0,0.0,158.91,0.0,0.0,156.3,0.9999253857184062,1.0,1296.1564801200032,1000.0,1296.1564801200032,1000.0,0.0,0.0
13769,1691728680000.0,0.0,0.0,0.0,158.91,0.0,0.0,156.85,0.9999253857184062,1.0,1296.1564801200032,1000.0,1296.1564801200032,1000.0,0.0,0.0
13770,1691732280000.0,0.0,0.0,0.0,158.91,0.0,0.0,157.1,0.9999253857184062,1.0,1296.1564801200032,1000.0,1296.1564801200032,1000.0,0.0,0.0
13771,1691735880000.0,0.0,0.0,0.0,158.91,0.0,0.0,157.2,0.9999253857184062,1.0,1296.1564801200032,1000.0,1296.1564801200032,1000.0,0.0,0.0
13772,1691739480000.0,0.0,0.0,0.0,158.91,0.0,0.0,156.9,0.9999253857184062,1.0,1296.1564801200032,1000.0,1296.1564801200032,1000.0,0.0,0.0
13773,1691743080000.0,0.0,0.0,0.0,158.91,0.0,0.0,157.1,0.9999253857184062,1.0,1296.1564801200032,1000.0,1296.1564801200032,1000.0,0.0,0.0
13774,1691746680000.0,0.0,0.0,0.0,158.91,0.0,0.0,157.35,0.9999253857184062,1.0,1296.1564801200032,1000.0,1296.1564801200032,1000.0,0.0,0.0
13775,1691750280000.0,0.0,0.0,0.0,158.91,0.0,0.0,157.0,0.9999253857184062,1.0,1296.1564801200032,1000.0,1296.1564801200032,1000.0,0.0,0.0
13776,1691753880000.0,0.0,0.0,0.0,158.91,0.0,0.0,157.45,0.9999253857184062,1.0,1296.1564801200032,1000.0,1296.1564801200032,1000.0,0.0,0.0
13777,1691757480000.0,0.0,0.0,0.0,158.91,0.0,0.0,157.15,0.9999253857184062,1.0,1296.1564801200032,1000.0,1296.1564801200032,1000.0,0.0,0.0
13778,1691761080000.0,0.0,0.0,0.0,158.91,0.0,0.0,157.1,0.9999253857184062,1.0,1296.1564801200032,1000.0,1296.1564801200032,1000.0,0.0,0.0
13779,1691764680000.0,0.0,0.0,0.0,158.91,0.0,0.0,156.9,0.9999253857184062,1.0,1296.1564801200032,1000.0,1296.1564801200032,1000.0,0.0,0.0
13780,1691768280000.0,0.0,0.0,0.0,158.91,0.0,0.0,156.9,0.9999253857184062,1.0,1296.1564801200032,1000.0,1296.1564801200032,1000.0,0.0,0.0
13781,1691771880000.0,0.0,0.0,0.0,158.91,0.0,0.0,156.75,0.9999253857184062,1.0,1296.1564801200032,1000.0,1296.1564801200032,1000.0,0.0,0.0
13782,1691775480000.0,0.0,0.0,0.0,158.91,0.0,0.0,156.5,0.9999253857184062,1.0,1296.1564801200032,1000.0,1296.1564801200032,1000.0,0.0,0.0
13783,1691779080000.0,0.0,0.0,0.0,158.91,0.0,0.0,156.65,0.9999253857184062,1.0,1296.1564801200032,1000.0,1296.1564801200032,1000.0,0.0,0.0
13784,1691782680000.0,0.0,0.0,0.0,158.91,0.0,0.0,156.75,0.9999253857184062,1.0,1296.1564801200032,1000.0,1296.1564801200032,1000.0,0.0,0.0
13785,1691786280000.0,0.0,0.0,0.0,158.91,0.0,0.0,157.1,0.9999253857184062,1.0,1296.1564801200032,1000.0,1296.1564801200032,1000.0,0.0,0.0
13786,1691789880000.0,0.0,0.0,0.0,158.91,0.0,0.0,157.2,0.9999253857184062,1.0,1296.1564801200032,1000.0,1296.1564801200032,1000.0,0.0,0.0
13787,1691793480000.0,0.0,0.0,0.0,158.91,0.0,0.0,156.95,0.9999253857184062,1.0,1296.1564801200032,1000.0,1296.1564801200032,1000.0,0.0,0.0
13788,1691797080000.0,0.0,0.0,0.0,158.91,0.0,0.0,156.85,0.9999253857184062,1.0,1296.1564801200032,1000.0,1296.1564801200032,1000.0,0.0,0.0
13789,1691800680000.0,0.0,0.0,0.0,158.91,0.0,0.0,156.9,0.9999253857184062,1.0,1296.1564801200032,1000.0,1296.1564801200032,1000.0,0.0,0.0
13790,1691804280000.0,0.0,0.0,0.0,158.91,0.0,0.0,157.25,0.9999253857184062,1.0,1296.1564801200032,1000.0,1296.1564801200032,1000.0,0.0,0.0
13791,1691807880000.0,0.0,0.0,0.0,158.91,0.0,0.0,157.45,0.9999253857184062,1.0,1296.1564801200032,1000.0,1296.1564801200032,1000.0,0.0,0.0
13792,1691811480000.0,0.0,0.0,0.0,158.91,0.0,0.0,157.15,0.9999253857184062,1.0,1296.1564801200032,1000.0,1296.1564801200032,1000.0,0.0,0.0
13793,1691815080000.0,0.0,0.0,0.0,158.91,0.0,0.0,157.45,0.9999253857184062,1.0,1296.1564801200032,1000.0,1296.1564801200032,1000.0,0.0,0.0
13794,1691818680000.0,0.0,0.0,0.0,158.91,0.0,0.0,157.4,0.9999253857184062,1.0,1296.1564801200032,1000.0,1296.1564801200032,1000.0,0.0,0.0
13795,1691822280000.0,0.0,0.0,0.0,158.91,0.0,0.0,156.95,0.9999253857184062,1.0,1296.1564801200032,1000.0,1296.1564801200032,1000.0,0.0,0.0
13796,1691825880000.0,0.0,0.0,0.0,158.91,0.0,0.0,157.7,0.9999253857184062,1.0,1296.1564801200032,1000.0,1296.1564801200032,1000.0,0.0,0.0
13797,1691829480000.0,0.0,0.0,0.0,158.91,0.0,0.0,157.15,0.9999253857184062,1.0,1296.1564801200032,1000.0,1296.1564801200032,1000.0,0.0,0.0
13798,1691833080000.0,0.0,0.0,0.0,158.91,0.0,0.0,157.25,0.9999253857184062,1.0,1296.1564801200032,1000.0,1296.1564801200032,1000.0,0.0,0.0
13799,1691836680000.0,0.0,0.0,0.0,158.91,0.0,0.0,157.4,0.9999253857184062,1.0,1296.1564801200032,1000.0,1296.1564801200032,1000.0,0.0,0.0
13800,1691840280000.0,0.0,0.0,0.0,158.91,0.0,0.0,157.35,0.9999253857184062,1.0,1296.1564801200032,1000.0,1296.1564801200032,1000.0,0.0,0.0
13801,1691843880000.0,0.0,0.0,0.0,158.91,0.0,0.0,157.15,0.9999253857184062,1.0,1296.1564801200032,1000.0,1296.1564801200032,1000.0,0.0,0.0
13802,1691847480000.0,0.0,0.0,0.0,158.91,0.0,0.0,157.2,0.9999253857184062,1.0,1296.1564801200032,1000.0,1296.1564801200032,1000.0,0.0,0.0
13803,1691851080000.0,0.0,0.0,0.0,158.91,0.0,0.0,156.85,0.9999253857184062,1.0,1296.1564801200032,1000.0,1296.1564801200032,1000.0,0.0,0.0
13804,1691854680000.0,0.0,0.0,0.0,158.91,0.0,0.0,156.8,0.9999253857184062,1.0,1296.1564801200032,1000.0,1296.1564801200032,1000.0,0.0,0.0
13805,1691858280000.0,0.0,0.0,0.0,158.91,0.0,0.0,157.05,0.9999253857184062,1.0,1296.1564801200032,1000.0,1296.1564801200032,1000.0,0.0,0.0
13806,1691861880000.0,0.0,0.0,0.0,158.91,0.0,0.0,157.3,0.9999253857184062,1.0,1296.1564801200032,1000.0,1296.1564801200032,1000.0,0.0,0.0
13807,1691865480000.0,0.0,0.0,0.0,158.91,0.0,0.0,157.55,0.9999253857184062,1.0,1296.1564801200032,1000.0,1296.1564801200032,1000.0,0.0,0.0
13808,1691869080000.0,0.0,0.0,0.0,158.91,0.0,0.0,157.5,0.9999253857184062,1.0,1296.1564801200032,1000.0,1296.1564801200032,1000.0,0.0,0.0
13809,1691872680000.0,0.0,0.0,0.0,158.91,0.0,0.0,157.85,0.9999253857184062,1.0,1296.1564801200032,1000.0,1296.1564801200032,1000.0,0.0,0.0
13810,1691876280000.0,0.0,0.0,0.0,158.91,0.0,0.0,157.0,0.9999253857184062,1.0,1296.1564801200032,1000.0,1296.1564801200032,1000.0,0.0,0.0
13811,1691879880000.0,0.0,0.0,0.0,158.91,0.0,0.0,157.6,0.9999253857184062,1.0,1296.1564801200032,1000.0,1296.1564801200032,1000.0,0.0,0.0
13812,1691883480000.0,0.0,0.0,0.0,158.91,0.0,0.0,157.55,0.9999253857184062,1.0,1296.1564801200032,1000.0,1296.1564801200032,1000.0,0.0,0.0
13813,1691887080000.0,0.0,0.0,0.0,158.91,0.0,0.0,157.4,0.9999253857184062,1.0,1296.1564801200032,1000.0,1296.1564801200032,1000.0,0.0,0.0
13814,1691890680000.0,0.0,0.0,0.0,158.91,0.0,0.0,157.15,0.9999253857184062,1.0,1296.1564801200032,1000.0,1296.1564801200032,1000.0,0.0,0.0
13815,1691894280000.0,0.0,0.0,0.0,158.91,0.0,0.0,157.25,0.9999253857184062,1.0,1296.1564801200032,1000.0,1296.1564801200032,1000.0,0.0,0.0
13816,1691897880000.0,0.0,0.0,0.0,158.91,0.0,0.0,157.35,0.9999253857184062,1.0,1296.1564801200032,1000.0,1296.1564801200032,1000.0,0.0,0.0
13817,1691901480000.0,0.0,0.0,0.0,158.91,0.0,0.0,157.8,0.9999253857184062,1.0,1296.1564801200032,1000.0,1296.1564801200032,1000.0,0.0,0.0
13818,1691905080000.0,0.0,0.0,0.0,158.91,0.0,0.0,157.65,0.9999253857184062,1.0,1296.1564801200032,1000.0,1296.1564801200032,1000.0,0.0,0.0
13819,1691908680000.0,0.0,0.0,0.0,158.91,0.0,0.0,157.85,0.9999253857184062,1.0,1296.1564801200032,1000.0,1296.1564801200032,1000.0,0.0,0.0
13820,1691912280000.0,0.0,0.0,0.0,158.91,0.0,0.0,158.3,0.9999253857184062,1.0,1296.1564801200032,1000.0,1296.1564801200032,1000.0,0.0,0.0
13821,1691915880000.0,0.0,0.0,0.0,158.91,0.0,0.0,158.65,0.9999253857184062,1.0,1296.1564801200032,1000.0,1296.1564801200032,1000.0,0.0,0.0
13822,1691919480000.0,0.0,0.0,0.0,158.91,0.0,0.0,158.45,0.9999253857184062,1.0,1296.1564801200032,1000.0,1296.1564801200032,1000.0,0.0,0.0
13823,1691923080000.0,0.0,0.0,0.0,158.91,0.0,0.0,159.15,0.9999253857184062,1.0,1296.1564801200032,1000.0,1296.1564801200032,1000.0,0.0,0.0
13824,1691926680000.0,0.0,0.0,0.0,158.91,0.0,0.0,158.8,0.9999253857184062,1.0,1296.1564801200032,1000.0,1296.1564801200032,1000.0,0.0,0.0
13825,1691930280000.0,0.0,0.0,0.0,158.91,0.0,0.0,158.9,0.9999253857184062,1.0,1296.1564801200032,1000.0,1296.1564801200032,1000.0,0.0,0.0
13826,1691933880000.0,0.0,0.0,0.0,158.91,0.0,0.0,158.8,0.9999253857184062,1.0,1296.1564801200032,1000.0,1296.1564801200032,1000.0,0.0,0.0
13827,1691937480000.0,0.0,0.0,0.0,158.91,0.0,0.0,158.75,0.9999253857184062,1.0,1296.1564801200032,1000.0,1296.1564801200032,1000.0,0.0,0.0
13828,1691941080000.0,0.0,0.0,0.0,158.91,0.0,0.0,159.0,0.9999253857184062,1.0,1296.1564801200032,1000.0,1296.1564801200032,1000.0,0.0,0.0
13829,1691944680000.0,0.0,0.0,0.0,158.91,0.0,0.0,159.0,0.9999253857184062,1.0,1296.1564801200032,1000.0,1296.1564801200032,1000.0,0.0,0.0
13830,1691948280000.0,0.0,0.0,0.0,158.91,0.0,0.0,159.2,0.9999253857184062,1.0,1296.1564801200032,1000.0,1296.1564801200032,1000.0,0.0,0.0
13831,1691951880000.0,0.0,0.0,0.0,158.91,0.0,0.0,158.95,0.9999253857184062,1.0,1296.1564801200032,1000.0,1296.1564801200032,1000.0,0.0,0.0
13832,1691955480000.0,0.0,0.0,0.0,158.91,0.0,0.0,159.25,0.9999253857184062,1.0,1296.1564801200032,1000.0,1296.1564801200032,1000.0,0.0,0.0
13833,1691959080000.0,0.0,0.0,0.0,158.91,0.0,0.0,159.2,0.9999253857184062,1.0,1296.1564801200032,1000.0,1296.1564801200032,1000.0,0.0,0.0
13834,1691962680000.0,0.0,0.0,0.0,158.91,0.0,0.0,159.05,0.9999253857184062,1.0,1296.1564801200032,1000.0,1296.1564801200032,1000.0,0.0,0.0
13835,1691966280000.0,0.0,0.0,0.0,158.91,0.0,0.0,158.65,0.9999253857184062,1.0,1296.1564801200032,1000.0,1296.1564801200032,1000.0,0.0,0.0
13836,1691969880000.0,0.0,0.0,0.0,158.91,0.0,0.0,158.4,0.9999253857184062,1.0,1296.1564801200032,1000.0,1296.1564801200032,1000.0,0.0,0.0
13837,1691973480000.0,0.0,0.0,0.0,158.91,0.0,0.0,158.1,0.9999253857184062,1.0,1296.1564801200032,1000.0,1296.1564801200032,1000.0,0.0,0.0
13838,1691977080000.0,0.0,0.0,0.0,158.91,0.0,0.0,158.4,0.9999253857184062,1.0,1296.1564801200032,1000.0,1296.1564801200032,1000.0,0.0,0.0
13839,1691980680000.0,0.0,0.0,0.0,158.91,0.0,0.0,158.55,0.9999253857184062,1.0,1296.1564801200032,1000.0,1296.1564801200032,1000.0,0.0,0.0
13840,1691984280000.0,0.0,0.0,0.0,158.91,0.0,0.0,159.1,0.9999253857184062,1.0,1296.1564801200032,1000.0,1296.1564801200032,1000.0,0.0,0.0
13841,1691987880000.0,0.0,0.0,0.0,158.91,0.0,0.0,159.15,0.9999253857184062,1.0,1296.1564801200032,1000.0,1296.1564801200032,1000.0,0.0,0.0
13842,1691991480000.0,0.0,0.0,0.0,158.91,0.0,0.0,159.1,0.9999253857184062,1.0,1296.1564801200032,1000.0,1296.1564801200032,1000.0,0.0,0.0
13843,1691995080000.0,0.0,0.0,0.0,158.91,0.0,0.0,159.05,0.9999253857184062,1.0,1296.1564801200032,1000.0,1296.1564801200032,1000.0,0.0,0.0
13844,1691998680000.0,0.0,0.0,0.0,158.91,0.0,0.0,158.8,0.9999253857184062,1.0,1296.1564801200032,1000.0,1296.1564801200032,1000.0,0.0,0.0
13845,1692002280000.0,0.0,0.0,0.0,158.91,0.0,0.0,159.25,0.9999253857184062,1.0,1296.1564801200032,1000.0,1296.1564801200032,1000.0,0.0,0.0
13846,1692005880000.0,0.0,0.0,0.0,158.91,0.0,0.0,159.6,0.9999253857184062,1.0,1296.1564801200032,1000.0,1296.1564801200032,1000.0,0.0,0.0
13847,1692009480000.0,0.0,0.0,0.0,158.91,0.0,0.0,158.9,0.9999253857184062,1.0,1296.1564801200032,1000.0,1296.1564801200032,1000.0,0.0,0.0
13848,1692013080000.0,0.0,0.0,0.0,158.91,0.0,0.0,158.7,0.9999253857184062,1.0,1296.1564801200032,1000.0,1296.1564801200032,1000.0,0.0,0.0
13849,1692016680000.0,0.0,0.0,0.0,158.91,0.0,0.0,159.15,0.9999253857184062,1.0,1296.1564801200032,1000.0,1296.1564801200032,1000.0,0.0,0.0
13850,1692020280000.0,0.0,0.0,0.0,158.91,0.0,0.0,159.35,0.9999253857184062,1.0,1296.1564801200032,1000.0,1296.1564801200032,1000.0,0.0,0.0
13851,1692023880000.0,0.0,0.0,0.0,158.91,0.0,0.0,159.55,0.9999253857184062,1.0,1296.1564801200032,1000.0,1296.1564801200032,1000.0,0.0,0.0
13852,1692027480000.0,0.0,0.0,0.0,158.91,0.0,0.0,159.85,0.9999253857184062,1.0,1296.1564801200032,1000.0,1296.1564801200032,1000.0,0.0,0.0
13853,1692031080000.0,0.0,0.0,0.0,158.91,0.0,0.0,159.85,0.9999253857184062,1.0,1296.1564801200032,1000.0,1296.1564801200032,1000.0,0.0,0.0
13854,1692034680000.0,0.0,0.0,0.0,158.91,0.0,0.0,159.3,0.9999253857184062,1.0,1296.1564801200032,1000.0,1296.1564801200032,1000.0,0.0,0.0
13855,1692038280000.0,0.0,0.0,0.0,158.91,0.0,0.0,158.7,0.9999253857184062,1.0,1296.1564801200032,1000.0,1296.1564801200032,1000.0,0.0,0.0
13856,1692041880000.0,0.0,0.0,0.0,158.91,0.0,0.0,159.05,0.9999253857184062,1.0,1296.1564801200032,1000.0,1296.1564801200032,1000.0,0.0,0.0
13857,1692045480000.0,0.0,0.0,0.0,158.91,0.0,0.0,158.75,0.9999253857184062,1.0,1296.1564801200032,1000.0,1296.1564801200032,1000.0,0.0,0.0
13858,1692049080000.0,0.0,0.0,0.0,158.91,0.0,0.0,158.3,0.9999253857184062,1.0,1296.1564801200032,1000.0,1296.1564801200032,1000.0,0.0,0.0
13859,1692052680000.0,0.0,0.0,0.0,158.91,0.0,0.0,158.7,0.9999253857184062,1.0,1296.1564801200032,1000.0,1296.1564801200032,1000.0,0.0,0.0
13860,1692056280000.0,0.0,0.0,0.0,158.91,0.0,0.0,158.25,0.9999253857184062,1.0,1296.1564801200032,1000.0,1296.1564801200032,1000.0,0.0,0.0
13861,1692059880000.0,0.0,0.0,0.0,158.91,0.0,0.0,158.3,0.9999253857184062,1.0,1296.1564801200032,1000.0,1296.1564801200032,1000.0,0.0,0.0
13862,1692063480000.0,0.0,0.0,0.0,158.91,0.0,0.0,158.4,0.9999253857184062,1.0,1296.1564801200032,1000.0,1296.1564801200032,1000.0,0.0,0.0
13863,1692067080000.0,0.0,0.0,0.0,158.91,0.0,0.0,158.35,0.9999253857184062,1.0,1296.1564801200032,1000.0,1296.1564801200032,1000.0,0.0,0.0
13864,1692070680000.0,0.0,0.0,0.0,158.91,0.0,0.0,158.15,0.9999253857184062,1.0,1296.1564801200032,1000.0,1296.1564801200032,1000.0,0.0,0.0
13865,1692074280000.0,0.0,0.0,0.0,158.91,0.0,0.0,158.1,0.9999253857184062,1.0,1296.1564801200032,1000.0,1296.1564801200032,1000.0,0.0,0.0
13866,1692077880000.0,0.0,0.0,0.0,158.91,0.0,0.0,158.15,0.9999253857184062,1.0,1296.1564801200032,1000.0,1296.1564801200032,1000.0,0.0,0.0
13867,1692081480000.0,0.0,0.0,0.0,158.91,0.0,0.0,158.25,0.9999253857184062,1.0,1296.1564801200032,1000.0,1296.1564801200032,1000.0,0.0,0.0
13868,1692085080000.0,0.0,0.0,0.0,158.91,0.0,0.0,158.3,0.9999253857184062,1.0,1296.1564801200032,1000.0,1296.1564801200032,1000.0,0.0,0.0
13869,1692088680000.0,0.0,0.0,0.0,158.91,0.0,0.0,158.35,0.9999253857184062,1.0,1296.1564801200032,1000.0,1296.1564801200032,1000.0,0.0,0.0
13870,1692092280000.0,0.0,0.0,0.0,158.91,0.0,0.0,158.2,0.9999253857184062,1.0,1296.1564801200032,1000.0,1296.1564801200032,1000.0,0.0,0.0
13871,1692095880000.0,0.0,0.0,0.0,158.91,0.0,0.0,158.65,0.9999253857184062,1.0,1296.1564801200032,1000.0,1296.1564801200032,1000.0,0.0,0.0
13872,1692099480000.0,0.0,0.0,0.0,158.91,0.0,0.0,157.9,0.9999253857184062,1.0,1296.1564801200032,1000.0,1296.1564801200032,1000.0,0.0,0.0
13873,1692103080000.0,0.0,0.0,0.0,158.91,0.0,0.0,157.9,0.9999253857184062,1.0,1296.1564801200032,1000.0,1296.1564801200032,1000.0,0.0,0.0
13874,1692106680000.0,0.0,0.0,0.0,158.91,0.0,0.0,157.8,0.9999253857184062,1.0,1296.1564801200032,1000.0,1296.1564801200032,1000.0,0.0,0.0
13875,1692110280000.0,0.0,0.0,0.0,158.91,0.0,0.0,157.15,0.9999253857184062,1.0,1296.1564801200032,1000.0,1296.1564801200032,1000.0,0.0,0.0
13876,1692113880000.0,0.0,0.0,0.0,158.91,0.0,0.0,157.25,0.9999253857184062,1.0,1296.1564801200032,1000.0,1296.1564801200032,1000.0,0.0,0.0
13877,1692117480000.0,0.0,0.0,0.0,158.91,0.0,0.0,157.25,0.9999253857184062,1.0,1296.1564801200032,1000.0,1296.1564801200032,1000.0,0.0,0.0
13878,1692121080000.0,0.0,0.0,0.0,158.91,0.0,0.0,157.45,0.9999253857184062,1.0,1296.1564801200032,1000.0,1296.1564801200032,1000.0,0.0,0.0
13879,1692124680000.0,0.0,0.0,0.0,158.91,0.0,0.0,157.15,0.9999253857184062,1.0,1296.1564801200032,1000.0,1296.1564801200032,1000.0,0.0,0.0
13880,1692128280000.0,0.0,0.0,0.0,158.91,0.0,0.0,155.05,0.9999253857184062,1.0,1296.1564801200032,1000.0,1296.1564801200032,1000.0,0.0,0.0
13881,1692131880000.0,0.0,0.0,0.0,158.91,0.0,0.0,155.45,0.9999253857184062,1.0,1296.1564801200032,1000.0,1296.1564801200032,1000.0,0.0,0.0
13882,1692135480000.0,0.0,0.0,0.0,158.91,0.0,0.0,155.35,0.9999253857184062,1.0,1296.1564801200032,1000.0,1296.1564801200032,1000.0,0.0,0.0
13883,1692139080000.0,0.0,0.0,0.0,158.91,0.0,0.0,155.2,0.9999253857184062,1.0,1296.1564801200032,1000.0,1296.1564801200032,1000.0,0.0,0.0
13884,1692142680000.0,0.0,0.0,0.0,158.91,0.0,0.0,155.25,0.9999253857184062,1.0,1296.1564801200032,1000.0,1296.1564801200032,1000.0,0.0,0.0
13885,1692146280000.0,0.0,0.0,0.0,158.91,0.0,0.0,154.75,0.9999253857184062,1.0,1296.1564801200032,1000.0,1296.1564801200032,1000.0,0.0,0.0
13886,1692149880000.0,0.0,0.0,0.0,158.91,0.0,0.0,154.4,0.9999253857184062,1.0,1296.1564801200032,1000.0,1296.1564801200032,1000.0,0.0,0.0
13887,1692153480000.0,0.0,0.0,0.0,158.91,0.0,0.0,154.3,0.9999253857184062,1.0,1296.1564801200032,1000.0,1296.1564801200032,1000.0,0.0,0.0
13888,1692157080000.0,0.0,0.0,0.0,158.91,0.0,0.0,154.7,0.9999253857184062,1.0,1296.1564801200032,1000.0,1296.1564801200032,1000.0,0.0,0.0
13889,1692160680000.0,0.0,0.0,0.0,158.91,0.0,0.0,155.1,0.9999253857184062,1.0,1296.1564801200032,1000.0,1296.1564801200032,1000.0,0.0,0.0
13890,1692164280000.0,0.0,0.0,0.0,158.91,0.0,0.0,155.35,0.9999253857184062,1.0,1296.1564801200032,1000.0,1296.1564801200032,1000.0,0.0,0.0
13891,1692167880000.0,0.0,0.0,0.0,158.91,0.0,0.0,155.05,0.9999253857184062,1.0,1296.1564801200032,1000.0,1296.1564801200032,1000.0,0.0,0.0
13892,1692171480000.0,0.0,0.0,0.0,158.91,0.0,0.0,155.1,0.9999253857184062,1.0,1296.1564801200032,1000.0,1296.1564801200032,1000.0,0.0,0.0
13893,1692175080000.0,0.0,0.0,0.0,158.91,0.0,0.0,155.25,0.9999253857184062,1.0,1296.1564801200032,1000.0,1296.1564801200032,1000.0,0.0,0.0
13894,1692178680000.0,0.0,0.0,0.0,158.91,0.0,0.0,154.8,0.9999253857184062,1.0,1296.1564801200032,1000.0,1296.1564801200032,1000.0,0.0,0.0
13895,1692182280000.0,0.0,0.0,0.0,158.91,0.0,0.0,155.5,0.9999253857184062,1.0,1296.1564801200032,1000.0,1296.1564801200032,1000.0,0.0,0.0
13896,1692185880000.0,0.0,0.0,0.0,158.91,0.0,0.0,156.15,0.9999253857184062,1.0,1296.1564801200032,1000.0,1296.1564801200032,1000.0,0.0,0.0
13897,1692189480000.0,0.0,0.0,0.0,158.91,0.0,0.0,155.7,0.9999253857184062,1.0,1296.1564801200032,1000.0,1296.1564801200032,1000.0,0.0,0.0
13898,1692193080000.0,0.0,0.0,0.0,158.91,0.0,0.0,154.95,0.9999253857184062,1.0,1296.1564801200032,1000.0,1296.1564801200032,1000.0,0.0,0.0
13899,1692196680000.0,0.0,0.0,0.0,158.91,0.0,0.0,155.05,0.9999253857184062,1.0,1296.1564801200032,1000.0,1296.1564801200032,1000.0,0.0,0.0
13900,1692200280000.0,0.0,0.0,0.0,158.91,0.0,0.0,155.7,0.9999253857184062,1.0,1296.1564801200032,1000.0,1296.1564801200032,1000.0,0.0,0.0
13901,1692203880000.0,0.0,0.0,0.0,158.91,0.0,0.0,155.4,0.9999253857184062,1.0,1296.1564801200032,1000.0,1296.1564801200032,1000.0,0.0,0.0
13902,1692207480000.0,0.0,0.0,0.0,158.91,0.0,0.0,155.8,0.9999253857184062,1.0,1296.1564801200032,1000.0,1296.1564801200032,1000.0,0.0,0.0
13903,1692211080000.0,0.0,0.0,0.0,158.91,0.0,0.0,155.9,0.9999253857184062,1.0,1296.1564801200032,1000.0,1296.1564801200032,1000.0,0.0,0.0
13904,1692214680000.0,0.0,0.0,0.0,158.91,0.0,0.0,155.35,0.9999253857184062,1.0,1296.1564801200032,1000.0,1296.1564801200032,1000.0,0.0,0.0
13905,1692218280000.0,0.0,0.0,0.0,158.91,0.0,0.0,153.65,0.9999253857184062,1.0,1296.1564801200032,1000.0,1296.1564801200032,1000.0,0.0,0.0
13906,1692221880000.0,0.0,0.0,0.0,158.91,0.0,0.0,153.1,0.9999253857184062,1.0,1296.1564801200032,1000.0,1296.1564801200032,1000.0,0.0,0.0
13907,1692225480000.0,0.0,0.0,0.0,158.91,0.0,0.0,153.45,0.9999253857184062,1.0,1296.1564801200032,1000.0,1296.1564801200032,1000.0,0.0,0.0
13908,1692229080000.0,0.0,0.0,0.0,158.91,0.0,0.0,153.85,0.9999253857184062,1.0,1296.1564801200032,1000.0,1296.1564801200032,1000.0,0.0,0.0
13909,1692232680000.0,0.0,0.0,0.0,158.91,0.0,0.0,153.55,0.9999253857184062,1.0,1296.1564801200032,1000.0,1296.1564801200032,1000.0,0.0,0.0
13910,1692236280000.0,0.0,0.0,0.0,158.91,0.0,0.0,154.1,0.9999253857184062,1.0,1296.1564801200032,1000.0,1296.1564801200032,1000.0,0.0,0.0
13911,1692239880000.0,0.0,0.0,0.0,158.91,0.0,0.0,154.0,0.9999253857184062,1.0,1296.1564801200032,1000.0,1296.1564801200032,1000.0,0.0,0.0
13912,1692243480000.0,0.0,0.0,0.0,158.91,0.0,0.0,154.1,0.9999253857184062,1.0,1296.1564801200032,1000.0,1296.1564801200032,1000.0,0.0,0.0
13913,1692247080000.0,0.0,0.0,0.0,158.91,0.0,0.0,153.85,0.9999253857184062,1.0,1296.1564801200032,1000.0,1296.1564801200032,1000.0,0.0,0.0
13914,1692250680000.0,0.0,0.0,0.0,158.91,0.0,0.0,153.95,0.9999253857184062,1.0,1296.1564801200032,1000.0,1296.1564801200032,1000.0,0.0,0.0
13915,1692254280000.0,0.0,0.0,0.0,158.91,0.0,0.0,153.7,0.9999253857184062,1.0,1296.1564801200032,1000.0,1296.1564801200032,1000.0,0.0,0.0
13916,1692257880000.0,0.0,0.0,0.0,158.91,0.0,0.0,153.2,0.9999253857184062,1.0,1296.1564801200032,1000.0,1296.1564801200032,1000.0,0.0,0.0
13917,1692261480000.0,0.0,0.0,0.0,158.91,0.0,0.0,153.4,0.9999253857184062,1.0,1296.1564801200032,1000.0,1296.1564801200032,1000.0,0.0,0.0
13918,1692265080000.0,0.0,0.0,0.0,158.91,0.0,0.0,153.15,0.9999253857184062,1.0,1296.1564801200032,1000.0,1296.1564801200032,1000.0,0.0,0.0
13919,1692268680000.0,0.0,0.0,0.0,158.91,0.0,0.0,152.9,0.9999253857184062,1.0,1296.1564801200032,1000.0,1296.1564801200032,1000.0,0.0,0.0
13920,1692272280000.0,0.0,0.0,0.0,158.91,0.0,0.0,152.3,0.9999253857184062,1.0,1296.1564801200032,1000.0,1296.1564801200032,1000.0,0.0,0.0
13921,1692275880000.0,0.0,0.0,0.0,158.91,0.0,0.0,152.4,0.9999253857184062,1.0,1296.1564801200032,1000.0,1296.1564801200032,1000.0,0.0,0.0
13922,1692279480000.0,0.0,0.0,0.0,158.91,0.0,0.0,152.15,0.9999253857184062,1.0,1296.1564801200032,1000.0,1296.1564801200032,1000.0,0.0,0.0
13923,1692283080000.0,0.0,0.0,0.0,158.91,0.0,0.0,151.45,0.9999253857184062,1.0,1296.1564801200032,1000.0,1296.1564801200032,1000.0,0.0,0.0
13924,1692286680000.0,0.0,0.0,0.0,158.91,0.0,0.0,150.15,0.9999253857184062,1.0,1296.1564801200032,1000.0,1296.1564801200032,1000.0,0.0,0.0
13925,1692290280000.0,0.0,0.0,0.0,158.91,0.0,0.0,150.35,0.9999253857184062,1.0,1296.1564801200032,1000.0,1296.1564801200032,1000.0,0.0,0.0
13926,1692293880000.0,0.0,0.0,0.0,158.91,0.0,0.0,149.7,0.9999253857184062,1.0,1296.1564801200032,1000.0,1296.1564801200032,1000.0,0.0,0.0
13927,1692297480000.0,0.0,0.0,0.0,158.91,0.0,0.0,149.75,0.9999253857184062,1.0,1296.1564801200032,1000.0,1296.1564801200032,1000.0,0.0,0.0
13928,1692301080000.0,0.0,0.0,0.0,158.91,0.0,0.0,150.25,0.9999253857184062,1.0,1296.1564801200032,1000.0,1296.1564801200032,1000.0,0.0,0.0
13929,1692304680000.0,0.0,0.0,0.0,158.91,0.0,0.0,149.45,0.9999253857184062,1.0,1296.1564801200032,1000.0,1296.1564801200032,1000.0,0.0,0.0
13930,1692308280000.0,0.0,0.0,0.0,158.91,0.0,0.0,147.75,0.9999253857184062,1.0,1296.1564801200032,1000.0,1296.1564801200032,1000.0,0.0,0.0
13931,1692311880000.0,0.0,0.0,1.1,140.94872727272724,0.0,0.0,141.8,0.9999253857184062,1.0,1296.1254714000029,1000.0,1297.061871400003,1000.0,0.11962082639463174,0.0
13932,1692315480000.0,0.0,0.0,1.1,140.94872727272724,0.0,0.0,141.45,0.9999253857184062,1.0,1296.1254714000029,1000.0,1296.676871400003,1000.0,0.11962082639463174,0.0
13933,1692319080000.0,0.0,0.0,1.1,140.94872727272724,0.0,0.0,143.55,0.9999253857184062,1.0,1296.1254714000029,1000.0,1298.9868714000029,1000.0,0.11962082639463174,0.0
13934,1692322680000.0,0.0,0.0,1.1,140.94872727272724,0.0,0.0,143.8,0.9999253857184062,1.0,1296.1254714000029,1000.0,1299.261871400003,1000.0,0.11962082639463174,0.0
13935,1692326280000.0,0.0,0.0,1.1,140.94872727272724,0.0,0.0,144.3,0.9999253857184062,1.0,1296.1254714000029,1000.0,1299.811871400003,1000.0,0.11962082639463174,0.0
13936,1692329880000.0,0.0,0.0,1.1,140.94872727272724,0.0,0.0,144.15,0.9999253857184062,1.0,1296.1254714000029,1000.0,1299.646871400003,1000.0,0.11962082639463174,0.0
13937,1692333480000.0,0.0,0.0,1.1,140.94872727272724,0.0,0.0,142.85,0.9999253857184062,1.0,1296.1254714000029,1000.0,1298.216871400003,1000.0,0.11962082639463174,0.0
13938,1692337080000.0,0.0,0.0,1.1,140.94872727272724,0.0,0.0,144.25,0.9999253857184062,1.0,1296.1254714000029,1000.0,1299.7568714000029,1000.0,0.11962082639463174,0.0
13939,1692340680000.0,0.0,0.0,1.1,140.94872727272724,0.0,0.0,144.8,0.9999253857184062,1.0,1296.1254714000029,1000.0,1300.3618714000029,1000.0,0.11962082639463174,0.0
13940,1692344280000.0,0.0,0.0,1.1,140.94872727272724,0.0,0.0,144.1,0.9999253857184062,1.0,1296.1254714000029,1000.0,1299.591871400003,1000.0,0.11962082639463174,0.0
13941,1692347880000.0,0.0,0.0,1.1,140.94872727272724,0.0,0.0,143.7,0.9999253857184062,1.0,1296.1254714000029,1000.0,1299.1518714000028,1000.0,0.11962082639463174,0.0
13942,1692351480000.0,0.0,0.0,1.1,140.94872727272724,0.0,0.0,143.8,0.9999253857184062,1.0,1296.1254714000029,1000.0,1299.261871400003,1000.0,0.11962082639463174,0.0
13943,1692355080000.0,0.0,0.0,1.1,140.94872727272724,0.0,0.0,143.8,0.9999253857184062,1.0,1296.1254714000029,1000.0,1299.261871400003,1000.0,0.11962082639463174,0.0
13944,1692358680000.0,0.0,0.0,1.1,140.94872727272724,0.0,0.0,143.85,0.9999253857184062,1.0,1296.1254714000029,1000.0,1299.3168714000028,1000.0,0.11962082639463174,0.0
13945,1692362280000.0,0.0,0.0,1.1,140.94872727272724,0.0,0.0,143.65,0.9999253857184062,1.0,1296.1254714000029,1000.0,1299.096871400003,1000.0,0.11962082639463174,0.0
13946,1692365880000.0,0.0,0.0,1.1,140.94872727272724,0.0,0.0,144.15,0.9999253857184062,1.0,1296.1254714000029,1000.0,1299.646871400003,1000.0,0.11962082639463174,0.0
13947,1692369480000.0,0.0,0.0,1.1,140.94872727272724,0.0,0.0,143.15,0.9999253857184062,1.0,1296.1254714000029,1000.0,1298.5468714000028,1000.0,0.11962082639463174,0.0
13948,1692373080000.0,0.0,0.0,1.1,140.94872727272724,0.0,0.0,142.8,0.9999253857184062,1.0,1296.1254714000029,1000.0,1298.1618714000028,1000.0,0.11962082639463174,0.0
13949,1692376680000.0,0.0,0.0,1.1,140.94872727272724,0.0,0.0,142.25,0.9999253857184062,1.0,1296.1254714000029,1000.0,1297.5568714000028,1000.0,0.11962082639463174,0.0
13950,1692380280000.0,0.0,0.0,1.1,140.94872727272724,0.0,0.0,142.2,0.9999253857184062,1.0,1296.1254714000029,1000.0,1297.501871400003,1000.0,0.11962082639463174,0.0
13951,1692383880000.0,0.0,0.0,1.1,140.94872727272724,0.0,0.0,142.75,0.9999253857184062,1.0,1296.1254714000029,1000.0,1298.106871400003,1000.0,0.11962082639463174,0.0
13952,1692387480000.0,0.0,0.0,1.1,140.94872727272724,0.0,0.0,142.65,0.9999253857184062,1.0,1296.1254714000029,1000.0,1297.9968714000029,1000.0,0.11962082639463174,0.0
13953,1692391080000.0,0.0,0.0,1.1,140.94872727272724,0.0,0.0,142.65,0.9999253857184062,1.0,1296.1254714000029,1000.0,1297.9968714000029,1000.0,0.11962082639463174,0.0
13954,1692394680000.0,0.0,0.0,1.1,140.94872727272724,0.0,0.0,143.2,0.9999253857184062,1.0,1296.1254714000029,1000.0,1298.601871400003,1000.0,0.11962082639463174,0.0
13955,1692398280000.0,0.0,0.0,1.1,140.94872727272724,0.0,0.0,143.5,0.9999253857184062,1.0,1296.1254714000029,1000.0,1298.9318714000028,1000.0,0.11962082639463174,0.0
13956,1692401880000.0,0.0,0.0,1.1,140.94872727272724,0.0,0.0,143.1,0.9999253857184062,1.0,1296.1254714000029,1000.0,1298.491871400003,1000.0,0.11962082639463174,0.0
13957,1692405480000.0,0.0,0.0,1.1,140.94872727272724,0.0,0.0,144.35,0.9999253857184062,1.0,1296.1254714000029,1000.0,1299.866871400003,1000.0,0.11962082639463174,0.0
13958,1692409080000.0,0.0,0.0,1.1,140.94872727272724,0.0,0.0,144.6,0.9999253857184062,1.0,1296.1254714000029,1000.0,1300.1418714000029,1000.0,0.11962082639463174,0.0
13959,1692412680000.0,0.0,0.0,1.1,140.94872727272724,0.0,0.0,144.75,0.9999253857184062,1.0,1296.1254714000029,1000.0,1300.3068714000028,1000.0,0.11962082639463174,0.0
13960,1692416280000.0,0.0,0.0,1.1,140.94872727272724,0.0,0.0,144.1,0.9999253857184062,1.0,1296.1254714000029,1000.0,1299.591871400003,1000.0,0.11962082639463174,0.0
13961,1692419880000.0,0.0,0.0,1.1,140.94872727272724,0.0,0.0,144.95,0.9999253857184062,1.0,1296.1254714000029,1000.0,1300.5268714000028,1000.0,0.11962082639463174,0.0
13962,1692423480000.0,0.0,0.0,0.74,140.94872727272724,0.0,0.0,144.7,0.9999253857184062,1.0,1297.638276621821,1000.0,1300.4142184400027,1000.0,0.08037837667161815,0.0
13963,1692427080000.0,0.0,0.0,0.74,140.94872727272724,0.0,0.0,144.8,0.9999253857184062,1.0,1297.638276621821,1000.0,1300.4882184400028,1000.0,0.08037837667161815,0.0
13964,1692430680000.0,0.0,0.0,0.74,140.94872727272724,0.0,0.0,144.3,0.9999253857184062,1.0,1297.638276621821,1000.0,1300.118218440003,1000.0,0.08037837667161815,0.0
13965,1692434280000.0,0.0,0.0,0.74,140.94872727272724,0.0,0.0,144.45,0.9999253857184062,1.0,1297.638276621821,1000.0,1300.2292184400028,1000.0,0.08037837667161815,0.0
13966,1692437880000.0,0.0,0.0,0.74,140.94872727272724,0.0,0.0,144.15,0.9999253857184062,1.0,1297.638276621821,1000.0,1300.0072184400028,1000.0,0.08037837667161815,0.0
13967,1692441480000.0,0.0,0.0,0.74,140.94872727272724,0.0,0.0,144.25,0.9999253857184062,1.0,1297.638276621821,1000.0,1300.0812184400029,1000.0,0.08037837667161815,0.0
13968,1692445080000.0,0.0,0.0,0.74,140.94872727272724,0.0,0.0,144.05,0.9999253857184062,1.0,1297.638276621821,1000.0,1299.9332184400027,1000.0,0.08037837667161815,0.0
13969,1692448680000.0,0.0,0.0,0.74,140.94872727272724,0.0,0.0,144.05,0.9999253857184062,1.0,1297.638276621821,1000.0,1299.9332184400027,1000.0,0.08037837667161815,0.0
13970,1692452280000.0,0.0,0.0,0.74,140.94872727272724,0.0,0.0,144.5,0.9999253857184062,1.0,1297.638276621821,1000.0,1300.2662184400028,1000.0,0.08037837667161815,0.0
13971,1692455880000.0,0.0,0.0,0.74,140.94872727272724,0.0,0.0,143.95,0.9999253857184062,1.0,1297.638276621821,1000.0,1299.859218440003,1000.0,0.08037837667161815,0.0
13972,1692459480000.0,0.0,0.0,0.74,140.94872727272724,0.0,0.0,144.3,0.9999253857184062,1.0,1297.638276621821,1000.0,1300.118218440003,1000.0,0.08037837667161815,0.0
13973,1692463080000.0,0.0,0.0,0.74,140.94872727272724,0.0,0.0,144.55,0.9999253857184062,1.0,1297.638276621821,1000.0,1300.3032184400029,1000.0,0.08037837667161815,0.0
13974,1692466680000.0,0.0,0.0,0.74,140.94872727272724,0.0,0.0,144.4,0.9999253857184062,1.0,1297.638276621821,1000.0,1300.1922184400028,1000.0,0.08037837667161815,0.0
13975,1692470280000.0,0.0,0.0,0.74,140.94872727272724,0.0,0.0,143.8,0.9999253857184062,1.0,1297.638276621821,1000.0,1299.7482184400028,1000.0,0.08037837667161815,0.0
13976,1692473880000.0,0.0,0.0,0.74,140.94872727272724,0.0,0.0,143.7,0.9999253857184062,1.0,1297.638276621821,1000.0,1299.6742184400027,1000.0,0.08037837667161815,0.0
13977,1692477480000.0,0.0,0.0,0.74,140.94872727272724,0.0,0.0,143.35,0.9999253857184062,1.0,1297.638276621821,1000.0,1299.4152184400027,1000.0,0.08037837667161815,0.0
13978,1692481080000.0,0.0,0.0,0.74,140.94872727272724,0.0,0.0,143.1,0.9999253857184062,1.0,1297.638276621821,1000.0,1299.2302184400028,1000.0,0.08037837667161815,0.0
13979,1692484680000.0,0.0,0.0,0.74,140.94872727272724,0.0,0.0,143.65,0.9999253857184062,1.0,1297.638276621821,1000.0,1299.637218440003,1000.0,0.08037837667161815,0.0
13980,1692488280000.0,0.0,0.0,0.74,140.94872727272724,0.0,0.0,144.15,0.9999253857184062,1.0,1297.638276621821,1000.0,1300.0072184400028,1000.0,0.08037837667161815,0.0
13981,1692491880000.0,0.0,0.0,0.74,140.94872727272724,0.0,0.0,143.95,0.9999253857184062,1.0,1297.638276621821,1000.0,1299.859218440003,1000.0,0.08037837667161815,0.0
13982,1692495480000.0,0.0,0.0,0.74,140.94872727272724,0.0,0.0,144.0,0.9999253857184062,1.0,1297.638276621821,1000.0,1299.8962184400027,1000.0,0.08037837667161815,0.0
13983,1692499080000.0,0.0,0.0,0.74,140.94872727272724,0.0,0.0,144.25,0.9999253857184062,1.0,1297.638276621821,1000.0,1300.0812184400029,1000.0,0.08037837667161815,0.0
13984,1692502680000.0,0.0,0.0,0.74,140.94872727272724,0.0,0.0,144.55,0.9999253857184062,1.0,1297.638276621821,1000.0,1300.3032184400029,1000.0,0.08037837667161815,0.0
13985,1692506280000.0,0.0,0.0,0.74,140.94872727272724,0.0,0.0,143.85,0.9999253857184062,1.0,1297.638276621821,1000.0,1299.7852184400028,1000.0,0.08037837667161815,0.0
13986,1692509880000.0,0.0,0.0,0.74,140.94872727272724,0.0,0.0,143.85,0.9999253857184062,1.0,1297.638276621821,1000.0,1299.7852184400028,1000.0,0.08037837667161815,0.0
13987,1692513480000.0,0.0,0.0,0.74,140.94872727272724,0.0,0.0,143.6,0.9999253857184062,1.0,1297.638276621821,1000.0,1299.600218440003,1000.0,0.08037837667161815,0.0
13988,1692517080000.0,0.0,0.0,0.74,140.94872727272724,0.0,0.0,143.75,0.9999253857184062,1.0,1297.638276621821,1000.0,1299.7112184400028,1000.0,0.08037837667161815,0.0
13989,1692520680000.0,0.0,0.0,0.74,140.94872727272724,0.0,0.0,144.55,0.9999253857184062,1.0,1297.638276621821,1000.0,1300.3032184400029,1000.0,0.08037837667161815,0.0
13990,1692524280000.0,0.0,0.0,0.74,140.94872727272724,0.0,0.0,144.95,0.9999253857184062,1.0,1297.638276621821,1000.0,1300.599218440003,1000.0,0.08037837667161815,0.0
13991,1692527880000.0,0.0,0.0,0.23,140.94872727272724,0.0,0.0,146.4,0.9999253857184062,1.0,1299.7814173527302,1000.0,1301.0352100800028,1000.0,0.024941276156073652,0.0
13992,1692531480000.0,0.0,0.0,0.23,140.94872727272724,0.0,0.0,147.75,0.9999253857184062,1.0,1299.7814173527302,1000.0,1301.3457100800028,1000.0,0.024941276156073652,0.0
13993,1692535080000.0,0.0,0.0,0.23,140.94872727272724,0.0,0.0,148.55,0.9999253857184062,1.0,1299.7814173527302,1000.0,1301.5297100800028,1000.0,0.024941276156073652,0.0
13994,1692538680000.0,0.0,0.0,0.03,140.94872727272724,0.0,0.0,148.85,0.9999253857184062,1.0,1301.3057278981848,1000.0,1301.542766080003,1000.0,0.0032493992207438087,0.0
13995,1692542280000.0,0.0,0.0,0.03,140.94872727272724,0.0,0.0,148.55,0.9999253857184062,1.0,1301.3057278981848,1000.0,1301.533766080003,1000.0,0.0032493992207438087,0.0
13996,1692545880000.0,0.0,0.0,0.02,140.94872727272724,0.0,0.0,147.7,0.9999253857184062,1.0,1301.3819434254576,1000.0,1301.516968880003,1000.0,0.0021661392796295657,0.0
13997,1692549480000.0,0.0,0.0,0.02,140.94872727272724,0.0,0.0,148.0,0.9999253857184062,1.0,1301.3819434254576,1000.0,1301.522968880003,1000.0,0.0021661392796295657,0.0
13998,1692553080000.0,0.0,0.0,0.02,140.94872727272724,0.0,0.0,147.9,0.9999253857184062,1.0,1301.3819434254576,1000.0,1301.520968880003,1000.0,0.0021661392796295657,0.0
13999,1692556680000.0,0.0,0.0,0.02,140.94872727272724,0.0,0.0,147.8,0.9999253857184062,1.0,1301.3819434254576,1000.0,1301.518968880003,1000.0,0.0021661392796295657,0.0
14000,1692560280000.0,0.0,0.0,0.02,140.94872727272724,0.0,0.0,147.2,0.9999253857184062,1.0,1301.3819434254576,1000.0,1301.5069688800031,1000.0,0.0021661392796295657,0.0
14001,1692563880000.0,0.0,0.0,0.02,140.94872727272724,0.0,0.0,147.4,0.9999253857184062,1.0,1301.3819434254576,1000.0,1301.510968880003,1000.0,0.0021661392796295657,0.0
14002,1692567480000.0,0.0,0.0,0.02,140.94872727272724,0.0,0.0,147.35,0.9999253857184062,1.0,1301.3819434254576,1000.0,1301.509968880003,1000.0,0.0021661392796295657,0.0
14003,1692571080000.0,0.0,0.0,0.02,140.94872727272724,0.0,0.0,147.6,0.9999253857184062,1.0,1301.3819434254576,1000.0,1301.5149688800032,1000.0,0.0021661392796295657,0.0
14004,1692574680000.0,0.0,0.0,0.02,140.94872727272724,0.0,0.0,147.25,0.9999253857184062,1.0,1301.3819434254576,1000.0,1301.507968880003,1000.0,0.0021661392796295657,0.0
14005,1692578280000.0,0.0,0.0,0.02,140.94872727272724,0.0,0.0,147.05,0.9999253857184062,1.0,1301.3819434254576,1000.0,1301.5039688800032,1000.0,0.0021661392796295657,0.0
14006,1692581880000.0,0.0,0.0,0.02,140.94872727272724,0.0,0.0,147.7,0.9999253857184062,1.0,1301.3819434254576,1000.0,1301.516968880003,1000.0,0.0021661392796295657,0.0
14007,1692585480000.0,0.0,0.0,0.02,140.94872727272724,0.0,0.0,147.8,0.9999253857184062,1.0,1301.3819434254576,1000.0,1301.518968880003,1000.0,0.0021661392796295657,0.0
14008,1692589080000.0,0.0,0.0,0.02,140.94872727272724,0.0,0.0,147.75,0.9999253857184062,1.0,1301.3819434254576,1000.0,1301.517968880003,1000.0,0.0021661392796295657,0.0
14009,1692592680000.0,0.0,0.0,0.02,140.94872727272724,0.0,0.0,147.1,0.9999253857184062,1.0,1301.3819434254576,1000.0,1301.5049688800032,1000.0,0.0021661392796295657,0.0
14010,1692596280000.0,0.0,0.0,0.02,140.94872727272724,0.0,0.0,147.8,0.9999253857184062,1.0,1301.3819434254576,1000.0,1301.518968880003,1000.0,0.0021661392796295657,0.0
14011,1692599880000.0,0.0,0.0,0.02,140.94872727272724,0.0,0.0,148.05,0.9999253857184062,1.0,1301.3819434254576,1000.0,1301.5239688800032,1000.0,0.0021661392796295657,0.0
14012,1692603480000.0,0.0,0.0,0.02,140.94872727272724,0.0,0.0,147.75,0.9999253857184062,1.0,1301.3819434254576,1000.0,1301.517968880003,1000.0,0.0021661392796295657,0.0
14013,1692607080000.0,0.0,0.0,0.02,140.94872727272724,0.0,0.0,147.85,0.9999253857184062,1.0,1301.3819434254576,1000.0,1301.519968880003,1000.0,0.0021661392796295657,0.0
14014,1692610680000.0,0.0,0.0,0.02,140.94872727272724,0.0,0.0,148.15,0.9999253857184062,1.0,1301.3819434254576,1000.0,1301.5259688800031,1000.0,0.0021661392796295657,0.0
14015,1692614280000.0,0.0,0.0,0.02,140.94872727272724,0.0,0.0,147.9,0.9999253857184062,1.0,1301.3819434254576,1000.0,1301.520968880003,1000.0,0.0021661392796295657,0.0
14016,1692617880000.0,0.0,0.0,0.02,140.94872727272724,0.0,0.0,147.9,0.9999253857184062,1.0,1301.3819434254576,1000.0,1301.520968880003,1000.0,0.0021661392796295657,0.0
14017,1692621480000.0,0.0,0.0,0.02,140.94872727272724,0.0,0.0,148.1,0.9999253857184062,1.0,1301.3819434254576,1000.0,1301.5249688800031,1000.0,0.0021661392796295657,0.0
14018,1692625080000.0,0.0,0.0,0.02,140.94872727272724,0.0,0.0,147.35,0.9999253857184062,1.0,1301.3819434254576,1000.0,1301.509968880003,1000.0,0.0021661392796295657,0.0
14019,1692628680000.0,0.0,0.0,0.02,140.94872727272724,0.0,0.0,146.9,0.9999253857184062,1.0,1301.3819434254576,1000.0,1301.500968880003,1000.0,0.0021661392796295657,0.0
14020,1692632280000.0,0.0,0.0,0.0,140.94872727272724,0.0,0.0,145.4,0.9999253857184062,1.0,1301.465988160003,1000.0,1301.465988160003,1000.0,0.0,0.0
14021,1692635880000.0,0.0,0.0,0.0,140.94872727272724,0.0,0.0,146.1,0.9999253857184062,1.0,1301.465988160003,1000.0,1301.465988160003,1000.0,0.0,0.0
14022,1692639480000.0,0.0,0.0,0.0,140.94872727272724,0.0,0.0,147.0,0.9999253857184062,1.0,1301.465988160003,1000.0,1301.465988160003,1000.0,0.0,0.0
14023,1692643080000.0,0.0,0.0,0.0,140.94872727272724,0.0,0.0,147.3,0.9999253857184062,1.0,1301.465988160003,1000.0,1301.465988160003,1000.0,0.0,0.0
14024,1692646680000.0,0.0,0.0,0.0,140.94872727272724,0.0,0.0,147.8,0.9999253857184062,1.0,1301.465988160003,1000.0,1301.465988160003,1000.0,0.0,0.0
14025,1692650280000.0,0.0,0.0,0.0,140.94872727272724,0.0,0.0,148.7,0.9999253857184062,1.0,1301.465988160003,1000.0,1301.465988160003,1000.0,0.0,0.0
14026,1692653880000.0,0.0,0.0,0.0,140.94872727272724,0.0,0.0,149.6,0.9999253857184062,1.0,1301.465988160003,1000.0,1301.465988160003,1000.0,0.0,0.0
14027,1692657480000.0,0.0,0.0,0.0,140.94872727272724,0.0,0.0,149.15,0.9999253857184062,1.0,1301.465988160003,1000.0,1301.465988160003,1000.0,0.0,0.0
14028,1692661080000.0,0.0,0.0,0.0,140.94872727272724,0.0,0.0,149.3,0.9999253857184062,1.0,1301.465988160003,1000.0,1301.465988160003,1000.0,0.0,0.0
14029,1692664680000.0,0.0,0.0,0.0,140.94872727272724,0.0,0.0,149.4,0.9999253857184062,1.0,1301.465988160003,1000.0,1301.465988160003,1000.0,0.0,0.0
14030,1692668280000.0,0.0,0.0,0.0,140.94872727272724,0.0,0.0,148.7,0.9999253857184062,1.0,1301.465988160003,1000.0,1301.465988160003,1000.0,0.0,0.0
14031,1692671880000.0,0.0,0.0,0.0,140.94872727272724,0.0,0.0,149.1,0.9999253857184062,1.0,1301.465988160003,1000.0,1301.465988160003,1000.0,0.0,0.0
14032,1692675480000.0,0.0,0.0,0.0,140.94872727272724,0.0,0.0,149.3,0.9999253857184062,1.0,1301.465988160003,1000.0,1301.465988160003,1000.0,0.0,0.0
14033,1692679080000.0,0.0,0.0,0.0,140.94872727272724,0.0,0.0,149.2,0.9999253857184062,1.0,1301.465988160003,1000.0,1301.465988160003,1000.0,0.0,0.0
14034,1692682680000.0,0.0,0.0,0.0,140.94872727272724,0.0,0.0,149.0,0.9999253857184062,1.0,1301.465988160003,1000.0,1301.465988160003,1000.0,0.0,0.0
14035,1692686280000.0,0.0,0.0,0.0,140.94872727272724,0.0,0.0,148.55,0.9999253857184062,1.0,1301.465988160003,1000.0,1301.465988160003,1000.0,0.0,0.0
14036,1692689880000.0,0.0,0.0,0.0,140.94872727272724,0.0,0.0,149.15,0.9999253857184062,1.0,1301.465988160003,1000.0,1301.465988160003,1000.0,0.0,0.0
14037,1692693480000.0,0.0,0.0,0.0,140.94872727272724,0.0,0.0,149.5,0.9999253857184062,1.0,1301.465988160003,1000.0,1301.465988160003,1000.0,0.0,0.0
14038,1692697080000.0,0.0,0.0,0.0,140.94872727272724,0.0,0.0,149.05,0.9999253857184062,1.0,1301.465988160003,1000.0,1301.465988160003,1000.0,0.0,0.0
14039,1692700680000.0,0.0,0.0,0.0,140.94872727272724,0.0,0.0,149.3,0.9999253857184062,1.0,1301.465988160003,1000.0,1301.465988160003,1000.0,0.0,0.0
14040,1692704280000.0,0.0,0.0,0.0,140.94872727272724,0.0,0.0,149.05,0.9999253857184062,1.0,1301.465988160003,1000.0,1301.465988160003,1000.0,0.0,0.0
14041,1692707880000.0,0.0,0.0,0.0,140.94872727272724,0.0,0.0,149.2,0.9999253857184062,1.0,1301.465988160003,1000.0,1301.465988160003,1000.0,0.0,0.0
14042,1692711480000.0,0.0,0.0,0.0,140.94872727272724,0.0,0.0,148.4,0.9999253857184062,1.0,1301.465988160003,1000.0,1301.465988160003,1000.0,0.0,0.0
14043,1692715080000.0,0.0,0.0,0.0,140.94872727272724,0.0,0.0,147.75,0.9999253857184062,1.0,1301.465988160003,1000.0,1301.465988160003,1000.0,0.0,0.0
14044,1692718680000.0,0.0,0.0,0.0,140.94872727272724,0.0,0.0,147.85,0.9999253857184062,1.0,1301.465988160003,1000.0,1301.465988160003,1000.0,0.0,0.0
14045,1692722280000.0,0.0,0.0,0.0,140.94872727272724,0.0,0.0,147.65,0.9999253857184062,1.0,1301.465988160003,1000.0,1301.465988160003,1000.0,0.0,0.0
14046,1692725880000.0,0.0,0.0,0.0,140.94872727272724,0.0,0.0,146.0,0.9999253857184062,1.0,1301.465988160003,1000.0,1301.465988160003,1000.0,0.0,0.0
14047,1692729480000.0,0.0,0.0,0.0,140.94872727272724,0.0,0.0,145.45,0.9999253857184062,1.0,1301.465988160003,1000.0,1301.465988160003,1000.0,0.0,0.0
14048,1692733080000.0,0.0,0.0,0.0,140.94872727272724,0.0,0.0,144.7,0.9999253857184062,1.0,1301.465988160003,1000.0,1301.465988160003,1000.0,0.0,0.0
14049,1692736680000.0,0.0,0.0,0.0,140.94872727272724,0.0,0.0,145.15,0.9999253857184062,1.0,1301.465988160003,1000.0,1301.465988160003,1000.0,0.0,0.0
14050,1692740280000.0,0.0,0.0,0.0,140.94872727272724,0.0,0.0,143.4,0.9999253857184062,1.0,1301.465988160003,1000.0,1301.465988160003,1000.0,0.0,0.0
14051,1692743880000.0,0.0,0.0,0.0,140.94872727272724,0.0,0.0,144.25,0.9999253857184062,1.0,1301.465988160003,1000.0,1301.465988160003,1000.0,0.0,0.0
14052,1692747480000.0,0.0,0.0,0.0,140.94872727272724,0.0,0.0,145.25,0.9999253857184062,1.0,1301.465988160003,1000.0,1301.465988160003,1000.0,0.0,0.0
14053,1692751080000.0,0.0,0.0,0.0,140.94872727272724,0.0,0.0,145.8,0.9999253857184062,1.0,1301.465988160003,1000.0,1301.465988160003,1000.0,0.0,0.0
14054,1692754680000.0,0.0,0.0,0.0,140.94872727272724,0.0,0.0,145.5,0.9999253857184062,1.0,1301.465988160003,1000.0,1301.465988160003,1000.0,0.0,0.0
14055,1692758280000.0,0.0,0.0,0.0,140.94872727272724,0.0,0.0,145.75,0.9999253857184062,1.0,1301.465988160003,1000.0,1301.465988160003,1000.0,0.0,0.0
14056,1692761880000.0,0.0,0.0,0.0,140.94872727272724,0.0,0.0,145.3,0.9999253857184062,1.0,1301.465988160003,1000.0,1301.465988160003,1000.0,0.0,0.0
14057,1692765480000.0,0.0,0.0,0.0,140.94872727272724,0.0,0.0,145.25,0.9999253857184062,1.0,1301.465988160003,1000.0,1301.465988160003,1000.0,0.0,0.0
14058,1692769080000.0,0.0,0.0,0.0,140.94872727272724,0.0,0.0,144.85,0.9999253857184062,1.0,1301.465988160003,1000.0,1301.465988160003,1000.0,0.0,0.0
14059,1692772680000.0,0.0,0.0,0.0,140.94872727272724,0.0,0.0,145.3,0.9999253857184062,1.0,1301.465988160003,1000.0,1301.465988160003,1000.0,0.0,0.0
14060,1692776280000.0,0.0,0.0,0.0,140.94872727272724,0.0,0.0,146.1,0.9999253857184062,1.0,1301.465988160003,1000.0,1301.465988160003,1000.0,0.0,0.0
14061,1692779880000.0,0.0,0.0,0.0,140.94872727272724,0.0,0.0,145.9,0.9999253857184062,1.0,1301.465988160003,1000.0,1301.465988160003,1000.0,0.0,0.0
14062,1692783480000.0,0.0,0.0,0.0,140.94872727272724,0.0,0.0,145.85,0.9999253857184062,1.0,1301.465988160003,1000.0,1301.465988160003,1000.0,0.0,0.0
14063,1692787080000.0,0.0,0.0,0.0,140.94872727272724,0.0,0.0,144.5,0.9999253857184062,1.0,1301.465988160003,1000.0,1301.465988160003,1000.0,0.0,0.0
14064,1692790680000.0,0.0,0.0,0.0,140.94872727272724,0.0,0.0,143.95,0.9999253857184062,1.0,1301.465988160003,1000.0,1301.465988160003,1000.0,0.0,0.0
14065,1692794280000.0,0.0,0.0,0.0,140.94872727272724,0.0,0.0,143.25,0.9999253857184062,1.0,1301.465988160003,1000.0,1301.465988160003,1000.0,0.0,0.0
14066,1692797880000.0,0.0,0.0,0.0,140.94872727272724,0.0,0.0,142.7,0.9999253857184062,1.0,1301.465988160003,1000.0,1301.465988160003,1000.0,0.0,0.0
14067,1692801480000.0,0.0,0.0,0.0,140.94872727272724,0.0,0.0,143.05,0.9999253857184062,1.0,1301.465988160003,1000.0,1301.465988160003,1000.0,0.0,0.0
14068,1692805080000.0,0.0,0.0,0.0,140.94872727272724,0.0,0.0,142.95,0.9999253857184062,1.0,1301.465988160003,1000.0,1301.465988160003,1000.0,0.0,0.0
14069,1692808680000.0,0.0,0.0,0.0,140.94872727272724,0.0,0.0,143.0,0.9999253857184062,1.0,1301.465988160003,1000.0,1301.465988160003,1000.0,0.0,0.0
14070,1692812280000.0,0.0,0.0,0.0,140.94872727272724,0.0,0.0,143.75,0.9999253857184062,1.0,1301.465988160003,1000.0,1301.465988160003,1000.0,0.0,0.0
14071,1692815880000.0,0.0,0.0,0.0,140.94872727272724,0.0,0.0,143.4,0.9999253857184062,1.0,1301.465988160003,1000.0,1301.465988160003,1000.0,0.0,0.0
14072,1692819480000.0,0.0,0.0,0.0,140.94872727272724,0.0,0.0,142.95,0.9999253857184062,1.0,1301.465988160003,1000.0,1301.465988160003,1000.0,0.0,0.0
14073,1692823080000.0,0.0,0.0,0.0,140.94872727272724,0.0,0.0,143.6,0.9999253857184062,1.0,1301.465988160003,1000.0,1301.465988160003,1000.0,0.0,0.0
14074,1692826680000.0,0.0,0.0,0.0,140.94872727272724,0.0,0.0,143.9,0.9999253857184062,1.0,1301.465988160003,1000.0,1301.465988160003,1000.0,0.0,0.0
14075,1692830280000.0,0.0,0.0,0.0,140.94872727272724,0.0,0.0,143.5,0.9999253857184062,1.0,1301.465988160003,1000.0,1301.465988160003,1000.0,0.0,0.0
14076,1692833880000.0,0.0,0.0,0.0,140.94872727272724,0.0,0.0,142.75,0.9999253857184062,1.0,1301.465988160003,1000.0,1301.465988160003,1000.0,0.0,0.0
14077,1692837480000.0,0.0,0.0,0.0,140.94872727272724,0.0,0.0,142.7,0.9999253857184062,1.0,1301.465988160003,1000.0,1301.465988160003,1000.0,0.0,0.0
14078,1692841080000.0,0.0,0.0,0.0,140.94872727272724,0.0,0.0,141.95,0.9999253857184062,1.0,1301.465988160003,1000.0,1301.465988160003,1000.0,0.0,0.0
14079,1692844680000.0,0.0,0.0,0.0,140.94872727272724,0.0,0.0,141.85,0.9999253857184062,1.0,1301.465988160003,1000.0,1301.465988160003,1000.0,0.0,0.0
14080,1692848280000.0,0.0,0.0,0.0,140.94872727272724,0.0,0.0,142.1,0.9999253857184062,1.0,1301.465988160003,1000.0,1301.465988160003,1000.0,0.0,0.0
14081,1692851880000.0,0.0,0.0,0.0,140.94872727272724,0.0,0.0,141.95,0.9999253857184062,1.0,1301.465988160003,1000.0,1301.465988160003,1000.0,0.0,0.0
14082,1692855480000.0,0.0,0.0,0.0,140.94872727272724,0.0,0.0,141.7,0.9999253857184062,1.0,1301.465988160003,1000.0,1301.465988160003,1000.0,0.0,0.0
14083,1692859080000.0,0.0,0.0,0.0,140.94872727272724,0.0,0.0,139.35,0.9999253857184062,1.0,1301.465988160003,1000.0,1301.465988160003,1000.0,0.0,0.0
14084,1692862680000.0,0.0,0.0,0.38,138.32,0.0,0.0,138.9,0.9999253857184062,1.0,1301.455475840003,1000.0,1301.6758758400028,1000.0,0.04038678308689353,0.0
14085,1692866280000.0,0.0,0.0,0.38,138.32,0.0,0.0,137.6,0.9999253857184062,1.0,1301.455475840003,1000.0,1301.181875840003,1000.0,0.04038678308689353,0.0
14086,1692869880000.0,0.0,0.0,0.38,138.32,0.0,0.0,137.9,0.9999253857184062,1.0,1301.455475840003,1000.0,1301.295875840003,1000.0,0.04038678308689353,0.0
14087,1692873480000.0,0.0,0.0,0.38,138.32,0.0,0.0,137.9,0.9999253857184062,1.0,1301.455475840003,1000.0,1301.295875840003,1000.0,0.04038678308689353,0.0
14088,1692877080000.0,0.0,0.0,0.38,138.32,0.0,0.0,139.45,0.9999253857184062,1.0,1301.455475840003,1000.0,1301.884875840003,1000.0,0.04038678308689353,0.0
14089,1692880680000.0,0.0,0.0,0.38,138.32,0.0,0.0,138.05,0.9999253857184062,1.0,1301.455475840003,1000.0,1301.352875840003,1000.0,0.04038678308689353,0.0
14090,1692884280000.0,0.0,0.0,0.38,138.32,0.0,0.0,138.25,0.9999253857184062,1.0,1301.455475840003,1000.0,1301.428875840003,1000.0,0.04038678308689353,0.0
14091,1692887880000.0,0.0,0.0,0.38,138.32,0.0,0.0,138.1,0.9999253857184062,1.0,1301.455475840003,1000.0,1301.371875840003,1000.0,0.04038678308689353,0.0
14092,1692891480000.0,0.0,0.0,0.38,138.32,0.0,0.0,137.8,0.9999253857184062,1.0,1301.455475840003,1000.0,1301.257875840003,1000.0,0.04038678308689353,0.0
14093,1692895080000.0,0.0,0.0,0.38,138.32,0.0,0.0,137.85,0.9999253857184062,1.0,1301.455475840003,1000.0,1301.276875840003,1000.0,0.04038678308689353,0.0
14094,1692898680000.0,0.0,0.0,0.38,138.32,0.0,0.0,136.05,0.9999253857184062,1.0,1301.455475840003,1000.0,1300.592875840003,1000.0,0.04038678308689353,0.0
14095,1692902280000.0,0.0,0.0,0.38,138.32,0.0,0.0,135.75,0.9999253857184062,1.0,1301.455475840003,1000.0,1300.478875840003,1000.0,0.04038678308689353,0.0
14096,1692905880000.0,0.0,0.0,0.38,138.32,0.0,0.0,137.5,0.9999253857184062,1.0,1301.455475840003,1000.0,1301.143875840003,1000.0,0.04038678308689353,0.0
14097,1692909480000.0,0.0,0.0,0.38,138.32,0.0,0.0,137.75,0.9999253857184062,1.0,1301.455475840003,1000.0,1301.238875840003,1000.0,0.04038678308689353,0.0
14098,1692913080000.0,0.0,0.0,0.38,138.32,0.0,0.0,137.9,0.9999253857184062,1.0,1301.455475840003,1000.0,1301.295875840003,1000.0,0.04038678308689353,0.0
14099,1692916680000.0,0.0,0.0,0.38,138.32,0.0,0.0,137.85,0.9999253857184062,1.0,1301.455475840003,1000.0,1301.276875840003,1000.0,0.04038678308689353,0.0
14100,1692920280000.0,0.0,0.0,0.38,138.32,0.0,0.0,138.4,0.9999253857184062,1.0,1301.455475840003,1000.0,1301.485875840003,1000.0,0.04038678308689353,0.0
14101,1692923880000.0,0.0,0.0,0.38,138.32,0.0,0.0,138.7,0.9999253857184062,1.0,1301.455475840003,1000.0,1301.5998758400028,1000.0,0.04038678308689353,0.0
14102,1692927480000.0,0.0,0.0,0.38,138.32,0.0,0.0,138.55,0.9999253857184062,1.0,1301.455475840003,1000.0,1301.542875840003,1000.0,0.04038678308689353,0.0
14103,1692931080000.0,0.0,0.0,0.38,138.32,0.0,0.0,139.15,0.9999253857184062,1.0,1301.455475840003,1000.0,1301.7708758400029,1000.0,0.04038678308689353,0.0
14104,1692934680000.0,0.0,0.0,0.38,138.32,0.0,0.0,139.0,0.9999253857184062,1.0,1301.455475840003,1000.0,1301.7138758400029,1000.0,0.04038678308689353,0.0
14105,1692938280000.0,0.0,0.0,0.38,138.32,0.0,0.0,138.6,0.9999253857184062,1.0,1301.455475840003,1000.0,1301.5618758400028,1000.0,0.04038678308689353,0.0
14106,1692941880000.0,0.0,0.0,0.38,138.32,0.0,0.0,139.1,0.9999253857184062,1.0,1301.455475840003,1000.0,1301.7518758400029,1000.0,0.04038678308689353,0.0
14107,1692945480000.0,0.0,0.0,0.38,138.32,0.0,0.0,138.75,0.9999253857184062,1.0,1301.455475840003,1000.0,1301.6188758400028,1000.0,0.04038678308689353,0.0
14108,1692949080000.0,0.0,0.0,0.38,138.32,0.0,0.0,139.0,0.9999253857184062,1.0,1301.455475840003,1000.0,1301.7138758400029,1000.0,0.04038678308689353,0.0
14109,1692952680000.0,0.0,0.0,0.38,138.32,0.0,0.0,139.4,0.9999253857184062,1.0,1301.455475840003,1000.0,1301.865875840003,1000.0,0.04038678308689353,0.0
14110,1692956280000.0,0.0,0.0,0.38,138.32,0.0,0.0,139.2,0.9999253857184062,1.0,1301.455475840003,1000.0,1301.7898758400029,1000.0,0.04038678308689353,0.0
14111,1692959880000.0,0.0,0.0,0.38,138.32,0.0,0.0,139.0,0.9999253857184062,1.0,1301.455475840003,1000.0,1301.7138758400029,1000.0,0.04038678308689353,0.0
14112,1692963480000.0,0.0,0.0,0.38,138.32,0.0,0.0,138.75,0.9999253857184062,1.0,1301.455475840003,1000.0,1301.6188758400028,1000.0,0.04038678308689353,0.0
14113,1692967080000.0,0.0,0.0,0.38,138.32,0.0,0.0,138.6,0.9999253857184062,1.0,1301.455475840003,1000.0,1301.5618758400028,1000.0,0.04038678308689353,0.0
14114,1692970680000.0,0.0,0.0,0.38,138.32,0.0,0.0,138.4,0.9999253857184062,1.0,1301.455475840003,1000.0,1301.485875840003,1000.0,0.04038678308689353,0.0
14115,1692974280000.0,0.0,0.0,0.38,138.32,0.0,0.0,137.3,0.9999253857184062,1.0,1301.455475840003,1000.0,1301.067875840003,1000.0,0.04038678308689353,0.0
14116,1692977880000.0,0.0,0.0,0.38,138.32,0.0,0.0,138.15,0.9999253857184062,1.0,1301.455475840003,1000.0,1301.390875840003,1000.0,0.04038678308689353,0.0
14117,1692981480000.0,0.0,0.0,0.38,138.32,0.0,0.0,138.1,0.9999253857184062,1.0,1301.455475840003,1000.0,1301.371875840003,1000.0,0.04038678308689353,0.0
14118,1692985080000.0,0.0,0.0,0.38,138.32,0.0,0.0,138.7,0.9999253857184062,1.0,1301.455475840003,1000.0,1301.5998758400028,1000.0,0.04038678308689353,0.0
14119,1692988680000.0,0.0,0.0,0.38,138.32,0.0,0.0,139.25,0.9999253857184062,1.0,1301.455475840003,1000.0,1301.8088758400029,1000.0,0.04038678308689353,0.0
14120,1692992280000.0,0.0,0.0,0.38,138.32,0.0,0.0,139.1,0.9999253857184062,1.0,1301.455475840003,1000.0,1301.7518758400029,1000.0,0.04038678308689353,0.0
14121,1692995880000.0,0.0,0.0,0.38,138.32,0.0,0.0,139.4,0.9999253857184062,1.0,1301.455475840003,1000.0,1301.865875840003,1000.0,0.04038678308689353,0.0
14122,1692999480000.0,0.0,0.0,0.38,138.32,0.0,0.0,139.6,0.9999253857184062,1.0,1301.455475840003,1000.0,1301.941875840003,1000.0,0.04038678308689353,0.0
14123,1693003080000.0,0.0,0.0,0.38,138.32,0.0,0.0,140.0,0.9999253857184062,1.0,1301.455475840003,1000.0,1302.093875840003,1000.0,0.04038678308689353,0.0
14124,1693006680000.0,0.0,0.0,0.38,138.32,0.0,0.0,139.65,0.9999253857184062,1.0,1301.455475840003,1000.0,1301.960875840003,1000.0,0.04038678308689353,0.0
14125,1693010280000.0,0.0,0.0,0.38,138.32,0.0,0.0,139.8,0.9999253857184062,1.0,1301.455475840003,1000.0,1302.017875840003,1000.0,0.04038678308689353,0.0
14126,1693013880000.0,0.0,0.0,0.38,138.32,0.0,0.0,140.75,0.9999253857184062,1.0,1301.455475840003,1000.0,1302.3788758400028,1000.0,0.04038678308689353,0.0
14127,1693017480000.0,0.0,0.0,0.38,138.32,0.0,0.0,141.35,0.9999253857184062,1.0,1301.455475840003,1000.0,1302.6068758400029,1000.0,0.04038678308689353,0.0
14128,1693021080000.0,0.0,0.0,0.38,138.32,0.0,0.0,141.4,0.9999253857184062,1.0,1301.455475840003,1000.0,1302.625875840003,1000.0,0.04038678308689353,0.0
14129,1693024680000.0,0.0,0.0,0.38,138.32,0.0,0.0,141.65,0.9999253857184062,1.0,1301.455475840003,1000.0,1302.720875840003,1000.0,0.04038678308689353,0.0
14130,1693028280000.0,0.0,0.0,0.38,138.32,0.0,0.0,141.55,0.9999253857184062,1.0,1301.455475840003,1000.0,1302.682875840003,1000.0,0.04038678308689353,0.0
14131,1693031880000.0,0.0,0.0,0.38,138.32,0.0,0.0,141.8,0.9999253857184062,1.0,1301.455475840003,1000.0,1302.777875840003,1000.0,0.04038678308689353,0.0
14132,1693035480000.0,0.0,0.0,0.38,138.32,0.0,0.0,141.15,0.9999253857184062,1.0,1301.455475840003,1000.0,1302.5308758400029,1000.0,0.04038678308689353,0.0
14133,1693039080000.0,0.0,0.0,0.38,138.32,0.0,0.0,141.3,0.9999253857184062,1.0,1301.455475840003,1000.0,1302.5878758400029,1000.0,0.04038678308689353,0.0
14134,1693042680000.0,0.0,0.0,0.38,138.32,0.0,0.0,142.1,0.9999253857184062,1.0,1301.455475840003,1000.0,1302.891875840003,1000.0,0.04038678308689353,0.0
14135,1693046280000.0,0.0,0.0,0.26,138.32,0.0,0.0,143.2,0.9999253857184062,1.0,1301.950056560003,1000.0,1303.2188565600031,1000.0,0.027622564950779707,0.0
14136,1693049880000.0,0.0,0.0,0.26,138.32,0.0,0.0,142.65,0.9999253857184062,1.0,1301.950056560003,1000.0,1303.075856560003,1000.0,0.027622564950779707,0.0
14137,1693053480000.0,0.0,0.0,0.06,138.32,0.0,0.0,142.6,0.9999253857184062,1.0,1302.7743577600033,1000.0,1303.0311577600035,1000.0,0.006370404783119683,0.0
14138,1693057080000.0,0.0,0.0,0.06,138.32,0.0,0.0,143.2,0.9999253857184062,1.0,1302.7743577600033,1000.0,1303.0671577600033,1000.0,0.006370404783119683,0.0
14139,1693060680000.0,0.0,0.0,0.06,138.32,0.0,0.0,144.3,0.9999253857184062,1.0,1302.7743577600033,1000.0,1303.1331577600033,1000.0,0.006370404783119683,0.0
14140,1693064280000.0,0.0,0.0,0.06,138.32,0.0,0.0,144.45,0.9999253857184062,1.0,1302.7743577600033,1000.0,1303.1421577600033,1000.0,0.006370404783119683,0.0
14141,1693067880000.0,0.0,0.0,0.06,138.32,0.0,0.0,144.25,0.9999253857184062,1.0,1302.7743577600033,1000.0,1303.1301577600034,1000.0,0.006370404783119683,0.0
14142,1693071480000.0,0.0,0.0,0.06,138.32,0.0,0.0,144.35,0.9999253857184062,1.0,1302.7743577600033,1000.0,1303.1361577600032,1000.0,0.006370404783119683,0.0
14143,1693075080000.0,0.0,0.0,0.06,138.32,0.0,0.0,144.1,0.9999253857184062,1.0,1302.7743577600033,1000.0,1303.1211577600034,1000.0,0.006370404783119683,0.0
14144,1693078680000.0,0.0,0.0,0.06,138.32,0.0,0.0,142.3,0.9999253857184062,1.0,1302.7743577600033,1000.0,1303.0131577600034,1000.0,0.006370404783119683,0.0
14145,1693082280000.0,0.0,0.0,0.04,138.32,0.0,0.0,143.25,0.9999253857184062,1.0,1302.8567878800034,1000.0,1303.0539878800034,1000.0,0.004246667823716006,0.0
14146,1693085880000.0,0.0,0.0,0.04,138.32,0.0,0.0,143.65,0.9999253857184062,1.0,1302.8567878800034,1000.0,1303.0699878800033,1000.0,0.004246667823716006,0.0
14147,1693089480000.0,0.0,0.0,0.04,138.32,0.0,0.0,143.6,0.9999253857184062,1.0,1302.8567878800034,1000.0,1303.0679878800033,1000.0,0.004246667823716006,0.0
14148,1693093080000.0,0.0,0.0,0.04,138.32,0.0,0.0,142.9,0.9999253857184062,1.0,1302.8567878800034,1000.0,1303.0399878800033,1000.0,0.004246667823716006,0.0
14149,1693096680000.0,0.0,0.0,0.04,138.32,0.0,0.0,143.35,0.9999253857184062,1.0,1302.8567878800034,1000.0,1303.0579878800033,1000.0,0.004246667823716006,0.0
14150,1693100280000.0,0.0,0.0,0.04,138.32,0.0,0.0,143.0,0.9999253857184062,1.0,1302.8567878800034,1000.0,1303.0439878800034,1000.0,0.004246667823716006,0.0
14151,1693103880000.0,0.0,0.0,0.04,138.32,0.0,0.0,142.55,0.9999253857184062,1.0,1302.8567878800034,1000.0,1303.0259878800034,1000.0,0.004246667823716006,0.0
14152,1693107480000.0,0.0,0.0,0.04,138.32,0.0,0.0,143.4,0.9999253857184062,1.0,1302.8567878800034,1000.0,1303.0599878800033,1000.0,0.004246667823716006,0.0
14153,1693111080000.0,0.0,0.0,0.04,138.32,0.0,0.0,144.4,0.9999253857184062,1.0,1302.8567878800034,1000.0,1303.0999878800033,1000.0,0.004246667823716006,0.0
14154,1693114680000.0,0.0,0.0,0.04,138.32,0.0,0.0,144.1,0.9999253857184062,1.0,1302.8567878800034,1000.0,1303.0879878800033,1000.0,0.004246667823716006,0.0
14155,1693118280000.0,0.0,0.0,0.04,138.32,0.0,0.0,143.9,0.9999253857184062,1.0,1302.8567878800034,1000.0,1303.0799878800033,1000.0,0.004246667823716006,0.0
14156,1693121880000.0,0.0,0.0,0.04,138.32,0.0,0.0,144.6,0.9999253857184062,1.0,1302.8567878800034,1000.0,1303.1079878800033,1000.0,0.004246667823716006,0.0
14157,1693125480000.0,0.0,0.0,0.04,138.32,0.0,0.0,144.75,0.9999253857184062,1.0,1302.8567878800034,1000.0,1303.1139878800034,1000.0,0.004246667823716006,0.0
14158,1693129080000.0,0.0,0.0,0.04,138.32,0.0,0.0,144.75,0.9999253857184062,1.0,1302.8567878800034,1000.0,1303.1139878800034,1000.0,0.004246667823716006,0.0
14159,1693132680000.0,0.0,0.0,0.04,138.32,0.0,0.0,144.75,0.9999253857184062,1.0,1302.8567878800034,1000.0,1303.1139878800034,1000.0,0.004246667823716006,0.0
14160,1693136280000.0,0.0,0.0,0.04,138.32,0.0,0.0,144.6,0.9999253857184062,1.0,1302.8567878800034,1000.0,1303.1079878800033,1000.0,0.004246667823716006,0.0
14161,1693139880000.0,0.0,0.0,0.04,138.32,0.0,0.0,144.2,0.9999253857184062,1.0,1302.8567878800034,1000.0,1303.0919878800034,1000.0,0.004246667823716006,0.0
14162,1693143480000.0,0.0,0.0,0.04,138.32,0.0,0.0,144.65,0.9999253857184062,1.0,1302.8567878800034,1000.0,1303.1099878800035,1000.0,0.004246667823716006,0.0
14163,1693147080000.0,0.0,0.0,0.04,138.32,0.0,0.0,144.7,0.9999253857184062,1.0,1302.8567878800034,1000.0,1303.1119878800034,1000.0,0.004246667823716006,0.0
14164,1693150680000.0,0.0,0.0,0.04,138.32,0.0,0.0,145.0,0.9999253857184062,1.0,1302.8567878800034,1000.0,1303.1239878800034,1000.0,0.004246667823716006,0.0
14165,1693154280000.0,0.0,0.0,0.04,138.32,0.0,0.0,145.05,0.9999253857184062,1.0,1302.8567878800034,1000.0,1303.1259878800033,1000.0,0.004246667823716006,0.0
14166,1693157880000.0,0.0,0.0,0.04,138.32,0.0,0.0,144.25,0.9999253857184062,1.0,1302.8567878800034,1000.0,1303.0939878800034,1000.0,0.004246667823716006,0.0
14167,1693161480000.0,0.0,0.0,0.04,138.32,0.0,0.0,144.4,0.9999253857184062,1.0,1302.8567878800034,1000.0,1303.0999878800033,1000.0,0.004246667823716006,0.0
14168,1693165080000.0,0.0,0.0,0.04,138.32,0.0,0.0,145.3,0.9999253857184062,1.0,1302.8567878800034,1000.0,1303.1359878800033,1000.0,0.004246667823716006,0.0
14169,1693168680000.0,0.0,0.0,0.04,138.32,0.0,0.0,145.2,0.9999253857184062,1.0,1302.8567878800034,1000.0,1303.1319878800034,1000.0,0.004246667823716006,0.0
14170,1693172280000.0,0.0,0.0,0.04,138.32,0.0,0.0,145.4,0.9999253857184062,1.0,1302.8567878800034,1000.0,1303.1399878800034,1000.0,0.004246667823716006,0.0
14171,1693175880000.0,0.0,0.0,0.04,138.32,0.0,0.0,144.45,0.9999253857184062,1.0,1302.8567878800034,1000.0,1303.1019878800034,1000.0,0.004246667823716006,0.0
14172,1693179480000.0,0.0,0.0,0.04,138.32,0.0,0.0,145.3,0.9999253857184062,1.0,1302.8567878800034,1000.0,1303.1359878800033,1000.0,0.004246667823716006,0.0
14173,1693183080000.0,0.0,0.0,0.04,138.32,0.0,0.0,144.5,0.9999253857184062,1.0,1302.8567878800034,1000.0,1303.1039878800034,1000.0,0.004246667823716006,0.0
14174,1693186680000.0,0.0,0.0,0.04,138.32,0.0,0.0,144.55,0.9999253857184062,1.0,1302.8567878800034,1000.0,1303.1059878800033,1000.0,0.004246667823716006,0.0
14175,1693190280000.0,0.0,0.0,0.04,138.32,0.0,0.0,144.75,0.9999253857184062,1.0,1302.8567878800034,1000.0,1303.1139878800034,1000.0,0.004246667823716006,0.0
14176,1693193880000.0,0.0,0.0,0.04,138.32,0.0,0.0,145.4,0.9999253857184062,1.0,1302.8567878800034,1000.0,1303.1399878800034,1000.0,0.004246667823716006,0.0
14177,1693197480000.0,0.0,0.0,0.0,138.32,0.0,0.0,145.95,0.9999253857184062,1.0,1303.1560212400036,1000.0,1303.1560212400036,1000.0,0.0,0.0
14178,1693201080000.0,0.0,0.0,0.0,138.32,0.0,0.0,145.7,0.9999253857184062,1.0,1303.1560212400036,1000.0,1303.1560212400036,1000.0,0.0,0.0
14179,1693204680000.0,0.0,0.0,0.0,138.32,0.0,0.0,145.75,0.9999253857184062,1.0,1303.1560212400036,1000.0,1303.1560212400036,1000.0,0.0,0.0
14180,1693208280000.0,0.0,0.0,0.0,138.32,0.0,0.0,145.55,0.9999253857184062,1.0,1303.1560212400036,1000.0,1303.1560212400036,1000.0,0.0,0.0
14181,1693211880000.0,0.0,0.0,0.0,138.32,0.0,0.0,145.9,0.9999253857184062,1.0,1303.1560212400036,1000.0,1303.1560212400036,1000.0,0.0,0.0
14182,1693215480000.0,0.0,0.0,0.0,138.32,0.0,0.0,145.95,0.9999253857184062,1.0,1303.1560212400036,1000.0,1303.1560212400036,1000.0,0.0,0.0
14183,1693219080000.0,0.0,0.0,0.0,138.32,0.0,0.0,145.65,0.9999253857184062,1.0,1303.1560212400036,1000.0,1303.1560212400036,1000.0,0.0,0.0
14184,1693222680000.0,0.0,0.0,0.0,138.32,0.0,0.0,145.35,0.9999253857184062,1.0,1303.1560212400036,1000.0,1303.1560212400036,1000.0,0.0,0.0
14185,1693226280000.0,0.0,0.0,0.0,138.32,0.0,0.0,145.6,0.9999253857184062,1.0,1303.1560212400036,1000.0,1303.1560212400036,1000.0,0.0,0.0
14186,1693229880000.0,0.0,0.0,0.0,138.32,0.0,0.0,144.65,0.9999253857184062,1.0,1303.1560212400036,1000.0,1303.1560212400036,1000.0,0.0,0.0
14187,1693233480000.0,0.0,0.0,0.0,138.32,0.0,0.0,143.25,0.9999253857184062,1.0,1303.1560212400036,1000.0,1303.1560212400036,1000.0,0.0,0.0
14188,1693237080000.0,0.0,0.0,0.0,138.32,0.0,0.0,142.95,0.9999253857184062,1.0,1303.1560212400036,1000.0,1303.1560212400036,1000.0,0.0,0.0
14189,1693240680000.0,0.0,0.0,0.0,138.32,0.0,0.0,142.6,0.9999253857184062,1.0,1303.1560212400036,1000.0,1303.1560212400036,1000.0,0.0,0.0
14190,1693244280000.0,0.0,0.0,0.0,138.32,0.0,0.0,142.6,0.9999253857184062,1.0,1303.1560212400036,1000.0,1303.1560212400036,1000.0,0.0,0.0
14191,1693247880000.0,0.0,0.0,0.0,138.32,0.0,0.0,143.05,0.9999253857184062,1.0,1303.1560212400036,1000.0,1303.1560212400036,1000.0,0.0,0.0
14192,1693251480000.0,0.0,0.0,0.0,138.32,0.0,0.0,144.3,0.9999253857184062,1.0,1303.1560212400036,1000.0,1303.1560212400036,1000.0,0.0,0.0
14193,1693255080000.0,0.0,0.0,0.0,138.32,0.0,0.0,145.15,0.9999253857184062,1.0,1303.1560212400036,1000.0,1303.1560212400036,1000.0,0.0,0.0
14194,1693258680000.0,0.0,0.0,0.0,138.32,0.0,0.0,145.25,0.9999253857184062,1.0,1303.1560212400036,1000.0,1303.1560212400036,1000.0,0.0,0.0
14195,1693262280000.0,0.0,0.0,0.0,138.32,0.0,0.0,146.2,0.9999253857184062,1.0,1303.1560212400036,1000.0,1303.1560212400036,1000.0,0.0,0.0
14196,1693265880000.0,0.0,0.0,0.0,138.32,0.0,0.0,145.45,0.9999253857184062,1.0,1303.1560212400036,1000.0,1303.1560212400036,1000.0,0.0,0.0
14197,1693269480000.0,0.0,0.0,0.0,138.32,0.0,0.0,145.35,0.9999253857184062,1.0,1303.1560212400036,1000.0,1303.1560212400036,1000.0,0.0,0.0
14198,1693273080000.0,0.0,0.0,0.0,138.32,0.0,0.0,145.9,0.9999253857184062,1.0,1303.1560212400036,1000.0,1303.1560212400036,1000.0,0.0,0.0
14199,1693276680000.0,0.0,0.0,0.0,138.32,0.0,0.0,145.2,0.9999253857184062,1.0,1303.1560212400036,1000.0,1303.1560212400036,1000.0,0.0,0.0
14200,1693280280000.0,0.0,0.0,0.0,138.32,0.0,0.0,144.75,0.9999253857184062,1.0,1303.1560212400036,1000.0,1303.1560212400036,1000.0,0.0,0.0
14201,1693283880000.0,0.0,0.0,0.0,138.32,0.0,0.0,144.8,0.9999253857184062,1.0,1303.1560212400036,1000.0,1303.1560212400036,1000.0,0.0,0.0
14202,1693287480000.0,0.0,0.0,0.0,138.32,0.0,0.0,144.6,0.9999253857184062,1.0,1303.1560212400036,1000.0,1303.1560212400036,1000.0,0.0,0.0
14203,1693291080000.0,0.0,0.0,0.0,138.32,0.0,0.0,144.75,0.9999253857184062,1.0,1303.1560212400036,1000.0,1303.1560212400036,1000.0,0.0,0.0
14204,1693294680000.0,0.0,0.0,0.0,138.32,0.0,0.0,143.75,0.9999253857184062,1.0,1303.1560212400036,1000.0,1303.1560212400036,1000.0,0.0,0.0
14205,1693298280000.0,0.0,0.0,0.0,138.32,0.0,0.0,143.55,0.9999253857184062,1.0,1303.1560212400036,1000.0,1303.1560212400036,1000.0,0.0,0.0
14206,1693301880000.0,0.0,0.0,0.0,138.32,0.0,0.0,142.95,0.9999253857184062,1.0,1303.1560212400036,1000.0,1303.1560212400036,1000.0,0.0,0.0
14207,1693305480000.0,0.0,0.0,0.0,138.32,0.0,0.0,143.6,0.9999253857184062,1.0,1303.1560212400036,1000.0,1303.1560212400036,1000.0,0.0,0.0
14208,1693309080000.0,0.0,0.0,0.0,138.32,0.0,0.0,143.75,0.9999253857184062,1.0,1303.1560212400036,1000.0,1303.1560212400036,1000.0,0.0,0.0
14209,1693312680000.0,0.0,0.0,0.0,138.32,0.0,0.0,143.95,0.9999253857184062,1.0,1303.1560212400036,1000.0,1303.1560212400036,1000.0,0.0,0.0
14210,1693316280000.0,0.0,0.0,0.0,138.32,0.0,0.0,144.5,0.9999253857184062,1.0,1303.1560212400036,1000.0,1303.1560212400036,1000.0,0.0,0.0
14211,1693319880000.0,0.0,0.0,0.0,138.32,0.0,0.0,147.6,0.9999253857184062,1.0,1303.1560212400036,1000.0,1303.1560212400036,1000.0,0.0,0.0
14212,1693323480000.0,0.0,0.0,0.0,138.32,0.0,0.0,146.1,0.9999253857184062,1.0,1303.1560212400036,1000.0,1303.1560212400036,1000.0,0.0,0.0
14213,1693327080000.0,0.0,0.0,0.0,138.32,0.0,0.0,145.8,0.9999253857184062,1.0,1303.1560212400036,1000.0,1303.1560212400036,1000.0,0.0,0.0
14214,1693330680000.0,0.0,0.0,0.0,138.32,0.0,0.0,146.8,0.9999253857184062,1.0,1303.1560212400036,1000.0,1303.1560212400036,1000.0,0.0,0.0
14215,1693334280000.0,0.0,0.0,0.0,138.32,0.0,0.0,145.8,0.9999253857184062,1.0,1303.1560212400036,1000.0,1303.1560212400036,1000.0,0.0,0.0
14216,1693337880000.0,0.0,0.0,0.0,138.32,0.0,0.0,145.75,0.9999253857184062,1.0,1303.1560212400036,1000.0,1303.1560212400036,1000.0,0.0,0.0
14217,1693341480000.0,0.0,0.0,0.0,138.32,0.0,0.0,145.35,0.9999253857184062,1.0,1303.1560212400036,1000.0,1303.1560212400036,1000.0,0.0,0.0
14218,1693345080000.0,0.0,0.0,0.0,138.32,0.0,0.0,146.45,0.9999253857184062,1.0,1303.1560212400036,1000.0,1303.1560212400036,1000.0,0.0,0.0
14219,1693348680000.0,0.0,0.0,0.0,138.32,0.0,0.0,147.6,0.9999253857184062,1.0,1303.1560212400036,1000.0,1303.1560212400036,1000.0,0.0,0.0
14220,1693352280000.0,0.0,0.0,0.0,138.32,0.0,0.0,146.45,0.9999253857184062,1.0,1303.1560212400036,1000.0,1303.1560212400036,1000.0,0.0,0.0
14221,1693355880000.0,0.0,0.0,0.0,138.32,0.0,0.0,147.4,0.9999253857184062,1.0,1303.1560212400036,1000.0,1303.1560212400036,1000.0,0.0,0.0
14222,1693359480000.0,0.0,0.0,0.0,138.32,0.0,0.0,147.05,0.9999253857184062,1.0,1303.1560212400036,1000.0,1303.1560212400036,1000.0,0.0,0.0
14223,1693363080000.0,0.0,0.0,0.0,138.32,0.0,0.0,147.35,0.9999253857184062,1.0,1303.1560212400036,1000.0,1303.1560212400036,1000.0,0.0,0.0
14224,1693366680000.0,0.0,0.0,0.0,138.32,0.0,0.0,147.05,0.9999253857184062,1.0,1303.1560212400036,1000.0,1303.1560212400036,1000.0,0.0,0.0
14225,1693370280000.0,0.0,0.0,0.0,138.32,0.0,0.0,147.45,0.9999253857184062,1.0,1303.1560212400036,1000.0,1303.1560212400036,1000.0,0.0,0.0
14226,1693373880000.0,0.0,0.0,0.0,138.32,0.0,0.0,147.55,0.9999253857184062,1.0,1303.1560212400036,1000.0,1303.1560212400036,1000.0,0.0,0.0
14227,1693377480000.0,0.0,0.0,0.0,138.32,0.0,0.0,147.7,0.9999253857184062,1.0,1303.1560212400036,1000.0,1303.1560212400036,1000.0,0.0,0.0
14228,1693381080000.0,0.0,0.0,0.0,138.32,0.0,0.0,147.95,0.9999253857184062,1.0,1303.1560212400036,1000.0,1303.1560212400036,1000.0,0.0,0.0
14229,1693384680000.0,0.0,0.0,0.0,138.32,0.0,0.0,147.45,0.9999253857184062,1.0,1303.1560212400036,1000.0,1303.1560212400036,1000.0,0.0,0.0
14230,1693388280000.0,0.0,0.0,0.0,138.32,0.0,0.0,146.5,0.9999253857184062,1.0,1303.1560212400036,1000.0,1303.1560212400036,1000.0,0.0,0.0
14231,1693391880000.0,0.0,0.0,0.0,138.32,0.0,0.0,145.25,0.9999253857184062,1.0,1303.1560212400036,1000.0,1303.1560212400036,1000.0,0.0,0.0
14232,1693395480000.0,0.0,0.0,0.0,138.32,0.0,0.0,142.05,0.9999253857184062,1.0,1303.1560212400036,1000.0,1303.1560212400036,1000.0,0.0,0.0
14233,1693399080000.0,0.0,0.0,0.37,141.47,0.0,0.0,142.25,0.9999253857184062,1.0,1303.1455524600035,1000.0,1303.4341524600036,1000.0,0.04016734730912305,0.0
14234,1693402680000.0,0.0,0.0,0.37,141.47,0.0,0.0,142.75,0.9999253857184062,1.0,1303.1455524600035,1000.0,1303.6191524600035,1000.0,0.04016734730912305,0.0
14235,1693406280000.0,0.0,0.0,0.37,141.47,0.0,0.0,142.3,0.9999253857184062,1.0,1303.1455524600035,1000.0,1303.4526524600035,1000.0,0.04016734730912305,0.0
14236,1693409880000.0,0.0,0.0,0.37,141.47,0.0,0.0,142.35,0.9999253857184062,1.0,1303.1455524600035,1000.0,1303.4711524600034,1000.0,0.04016734730912305,0.0
14237,1693413480000.0,0.0,0.0,0.37,141.47,0.0,0.0,141.6,0.9999253857184062,1.0,1303.1455524600035,1000.0,1303.1936524600035,1000.0,0.04016734730912305,0.0
14238,1693417080000.0,0.0,0.0,0.37,141.47,0.0,0.0,141.95,0.9999253857184062,1.0,1303.1455524600035,1000.0,1303.3231524600035,1000.0,0.04016734730912305,0.0
14239,1693420680000.0,0.0,0.0,0.37,141.47,0.0,0.0,140.95,0.9999253857184062,1.0,1303.1455524600035,1000.0,1302.9531524600036,1000.0,0.04016734730912305,0.0
14240,1693424280000.0,0.0,0.0,0.37,141.47,0.0,0.0,141.15,0.9999253857184062,1.0,1303.1455524600035,1000.0,1303.0271524600034,1000.0,0.04016734730912305,0.0
14241,1693427880000.0,0.0,0.0,0.37,141.47,0.0,0.0,141.5,0.9999253857184062,1.0,1303.1455524600035,1000.0,1303.1566524600034,1000.0,0.04016734730912305,0.0
14242,1693431480000.0,0.0,0.0,0.37,141.47,0.0,0.0,141.6,0.9999253857184062,1.0,1303.1455524600035,1000.0,1303.1936524600035,1000.0,0.04016734730912305,0.0
14243,1693435080000.0,0.0,0.0,0.37,141.47,0.0,0.0,141.6,0.9999253857184062,1.0,1303.1455524600035,1000.0,1303.1936524600035,1000.0,0.04016734730912305,0.0
14244,1693438680000.0,0.0,0.0,0.37,141.47,0.0,0.0,141.75,0.9999253857184062,1.0,1303.1455524600035,1000.0,1303.2491524600034,1000.0,0.04016734730912305,0.0
14245,1693442280000.0,0.0,0.0,0.37,141.47,0.0,0.0,141.3,0.9999253857184062,1.0,1303.1455524600035,1000.0,1303.0826524600036,1000.0,0.04016734730912305,0.0
14246,1693445880000.0,0.0,0.0,0.37,141.47,0.0,0.0,142.1,0.9999253857184062,1.0,1303.1455524600035,1000.0,1303.3786524600034,1000.0,0.04016734730912305,0.0
14247,1693449480000.0,0.0,0.0,0.37,141.47,0.0,0.0,143.2,0.9999253857184062,1.0,1303.1455524600035,1000.0,1303.7856524600036,1000.0,0.04016734730912305,0.0
14248,1693453080000.0,0.0,0.0,0.37,141.47,0.0,0.0,143.5,0.9999253857184062,1.0,1303.1455524600035,1000.0,1303.8966524600035,1000.0,0.04016734730912305,0.0
14249,1693456680000.0,0.0,0.0,0.37,141.47,0.0,0.0,143.1,0.9999253857184062,1.0,1303.1455524600035,1000.0,1303.7486524600035,1000.0,0.04016734730912305,0.0
14250,1693460280000.0,0.0,0.0,0.37,141.47,0.0,0.0,143.45,0.9999253857184062,1.0,1303.1455524600035,1000.0,1303.8781524600035,1000.0,0.04016734730912305,0.0
14251,1693463880000.0,0.0,0.0,0.37,141.47,0.0,0.0,143.35,0.9999253857184062,1.0,1303.1455524600035,1000.0,1303.8411524600035,1000.0,0.04016734730912305,0.0
14252,1693467480000.0,0.0,0.0,0.37,141.47,0.0,0.0,144.15,0.9999253857184062,1.0,1303.1455524600035,1000.0,1304.1371524600036,1000.0,0.04016734730912305,0.0
14253,1693471080000.0,0.0,0.0,0.37,141.47,0.0,0.0,143.85,0.9999253857184062,1.0,1303.1455524600035,1000.0,1304.0261524600035,1000.0,0.04016734730912305,0.0
14254,1693474680000.0,0.0,0.0,0.37,141.47,0.0,0.0,144.0,0.9999253857184062,1.0,1303.1455524600035,1000.0,1304.0816524600034,1000.0,0.04016734730912305,0.0
14255,1693478280000.0,0.0,0.0,0.37,141.47,0.0,0.0,143.7,0.9999253857184062,1.0,1303.1455524600035,1000.0,1303.9706524600035,1000.0,0.04016734730912305,0.0
14256,1693481880000.0,0.0,0.0,0.37,141.47,0.0,0.0,143.95,0.9999253857184062,1.0,1303.1455524600035,1000.0,1304.0631524600035,1000.0,0.04016734730912305,0.0
14257,1693485480000.0,0.0,0.0,0.37,141.47,0.0,0.0,143.6,0.9999253857184062,1.0,1303.1455524600035,1000.0,1303.9336524600035,1000.0,0.04016734730912305,0.0
14258,1693489080000.0,0.0,0.0,0.37,141.47,0.0,0.0,144.65,0.9999253857184062,1.0,1303.1455524600035,1000.0,1304.3221524600035,1000.0,0.04016734730912305,0.0
14259,1693492680000.0,0.0,0.0,0.37,141.47,0.0,0.0,143.9,0.9999253857184062,1.0,1303.1455524600035,1000.0,1304.0446524600036,1000.0,0.04016734730912305,0.0
14260,1693496280000.0,0.0,0.0,0.37,141.47,0.0,0.0,144.25,0.9999253857184062,1.0,1303.1455524600035,1000.0,1304.1741524600036,1000.0,0.04016734730912305,0.0
14261,1693499880000.0,0.0,0.0,0.37,141.47,0.0,0.0,142.45,0.9999253857184062,1.0,1303.1455524600035,1000.0,1303.5081524600034,1000.0,0.04016734730912305,0.0
14262,1693503480000.0,0.0,0.0,0.37,141.47,0.0,0.0,141.65,0.9999253857184062,1.0,1303.1455524600035,1000.0,1303.2121524600036,1000.0,0.04016734730912305,0.0
14263,1693507080000.0,0.0,0.0,0.37,141.47,0.0,0.0,143.9,0.9999253857184062,1.0,1303.1455524600035,1000.0,1304.0446524600036,1000.0,0.04016734730912305,0.0
14264,1693510680000.0,0.0,0.0,0.37,141.47,0.0,0.0,143.85,0.9999253857184062,1.0,1303.1455524600035,1000.0,1304.0261524600035,1000.0,0.04016734730912305,0.0
14265,1693514280000.0,0.0,0.0,0.37,141.47,0.0,0.0,143.2,0.9999253857184062,1.0,1303.1455524600035,1000.0,1303.7856524600036,1000.0,0.04016734730912305,0.0
14266,1693517880000.0,0.0,0.0,0.37,141.47,0.0,0.0,142.8,0.9999253857184062,1.0,1303.1455524600035,1000.0,1303.6376524600034,1000.0,0.04016734730912305,0.0
14267,1693521480000.0,0.0,0.0,0.37,141.47,0.0,0.0,142.5,0.9999253857184062,1.0,1303.1455524600035,1000.0,1303.5266524600036,1000.0,0.04016734730912305,0.0
14268,1693525080000.0,0.0,0.0,0.37,141.47,0.0,0.0,142.85,0.9999253857184062,1.0,1303.1455524600035,1000.0,1303.6561524600036,1000.0,0.04016734730912305,0.0
14269,1693528680000.0,0.0,0.0,0.37,141.47,0.0,0.0,143.4,0.9999253857184062,1.0,1303.1455524600035,1000.0,1303.8596524600034,1000.0,0.04016734730912305,0.0
14270,1693532280000.0,0.0,0.0,0.37,141.47,0.0,0.0,143.65,0.9999253857184062,1.0,1303.1455524600035,1000.0,1303.9521524600034,1000.0,0.04016734730912305,0.0
14271,1693535880000.0,0.0,0.0,0.37,141.47,0.0,0.0,143.45,0.9999253857184062,1.0,1303.1455524600035,1000.0,1303.8781524600035,1000.0,0.04016734730912305,0.0
14272,1693539480000.0,0.0,0.0,0.37,141.47,0.0,0.0,143.3,0.9999253857184062,1.0,1303.1455524600035,1000.0,1303.8226524600036,1000.0,0.04016734730912305,0.0
14273,1693543080000.0,0.0,0.0,0.37,141.47,0.0,0.0,144.35,0.9999253857184062,1.0,1303.1455524600035,1000.0,1304.2111524600034,1000.0,0.04016734730912305,0.0
14274,1693546680000.0,0.0,0.0,0.37,141.47,0.0,0.0,143.8,0.9999253857184062,1.0,1303.1455524600035,1000.0,1304.0076524600036,1000.0,0.04016734730912305,0.0
14275,1693550280000.0,0.0,0.0,0.37,141.47,0.0,0.0,142.85,0.9999253857184062,1.0,1303.1455524600035,1000.0,1303.6561524600036,1000.0,0.04016734730912305,0.0
14276,1693553880000.0,0.0,0.0,0.37,141.47,0.0,0.0,142.85,0.9999253857184062,1.0,1303.1455524600035,1000.0,1303.6561524600036,1000.0,0.04016734730912305,0.0
14277,1693557480000.0,0.0,0.0,0.37,141.47,0.0,0.0,142.85,0.9999253857184062,1.0,1303.1455524600035,1000.0,1303.6561524600036,1000.0,0.04016734730912305,0.0
14278,1693561080000.0,0.0,0.0,0.37,141.47,0.0,0.0,142.95,0.9999253857184062,1.0,1303.1455524600035,1000.0,1303.6931524600036,1000.0,0.04016734730912305,0.0
14279,1693564680000.0,0.0,0.0,0.37,141.47,0.0,0.0,143.5,0.9999253857184062,1.0,1303.1455524600035,1000.0,1303.8966524600035,1000.0,0.04016734730912305,0.0
14280,1693568280000.0,0.0,0.0,0.37,141.47,0.0,0.0,142.8,0.9999253857184062,1.0,1303.1455524600035,1000.0,1303.6376524600034,1000.0,0.04016734730912305,0.0
14281,1693571880000.0,0.0,0.0,0.37,141.47,0.0,0.0,143.7,0.9999253857184062,1.0,1303.1455524600035,1000.0,1303.9706524600035,1000.0,0.04016734730912305,0.0
14282,1693575480000.0,0.0,0.0,0.37,141.47,0.0,0.0,143.55,0.9999253857184062,1.0,1303.1455524600035,1000.0,1303.9151524600036,1000.0,0.04016734730912305,0.0
14283,1693579080000.0,0.0,0.0,0.37,141.47,0.0,0.0,142.6,0.9999253857184062,1.0,1303.1455524600035,1000.0,1303.5636524600036,1000.0,0.04016734730912305,0.0
14284,1693582680000.0,0.0,0.0,0.37,141.47,0.0,0.0,141.8,0.9999253857184062,1.0,1303.1455524600035,1000.0,1303.2676524600035,1000.0,0.04016734730912305,0.0
14285,1693586280000.0,0.0,0.0,0.37,141.47,0.0,0.0,141.8,0.9999253857184062,1.0,1303.1455524600035,1000.0,1303.2676524600035,1000.0,0.04016734730912305,0.0
14286,1693589880000.0,0.0,0.0,0.37,141.47,0.0,0.0,139.45,0.9999253857184062,1.0,1303.1455524600035,1000.0,1302.3981524600035,1000.0,0.04016734730912305,0.0
14287,1693593480000.0,0.0,0.0,0.37,141.47,0.0,0.0,139.6,0.9999253857184062,1.0,1303.1455524600035,1000.0,1302.4536524600035,1000.0,0.04016734730912305,0.0
14288,1693597080000.0,0.0,0.0,0.37,141.47,0.0,0.0,139.35,0.9999253857184062,1.0,1303.1455524600035,1000.0,1302.3611524600035,1000.0,0.04016734730912305,0.0
14289,1693600680000.0,0.0,0.0,0.37,141.47,0.0,0.0,140.25,0.9999253857184062,1.0,1303.1455524600035,1000.0,1302.6941524600036,1000.0,0.04016734730912305,0.0
14290,1693604280000.0,0.0,0.0,0.37,141.47,0.0,0.0,140.35,0.9999253857184062,1.0,1303.1455524600035,1000.0,1302.7311524600034,1000.0,0.04016734730912305,0.0
14291,1693607880000.0,0.0,0.0,0.37,141.47,0.0,0.0,140.0,0.9999253857184062,1.0,1303.1455524600035,1000.0,1302.6016524600036,1000.0,0.04016734730912305,0.0
14292,1693611480000.0,0.0,0.0,0.37,141.47,0.0,0.0,140.85,0.9999253857184062,1.0,1303.1455524600035,1000.0,1302.9161524600036,1000.0,0.04016734730912305,0.0
14293,1693615080000.0,0.0,0.0,0.37,141.47,0.0,0.0,140.85,0.9999253857184062,1.0,1303.1455524600035,1000.0,1302.9161524600036,1000.0,0.04016734730912305,0.0
14294,1693618680000.0,0.0,0.0,0.37,141.47,0.0,0.0,140.95,0.9999253857184062,1.0,1303.1455524600035,1000.0,1302.9531524600036,1000.0,0.04016734730912305,0.0
14295,1693622280000.0,0.0,0.0,0.37,141.47,0.0,0.0,140.7,0.9999253857184062,1.0,1303.1455524600035,1000.0,1302.8606524600034,1000.0,0.04016734730912305,0.0
14296,1693625880000.0,0.0,0.0,0.37,141.47,0.0,0.0,140.85,0.9999253857184062,1.0,1303.1455524600035,1000.0,1302.9161524600036,1000.0,0.04016734730912305,0.0
14297,1693629480000.0,0.0,0.0,0.37,141.47,0.0,0.0,140.95,0.9999253857184062,1.0,1303.1455524600035,1000.0,1302.9531524600036,1000.0,0.04016734730912305,0.0
14298,1693633080000.0,0.0,0.0,0.37,141.47,0.0,0.0,140.85,0.9999253857184062,1.0,1303.1455524600035,1000.0,1302.9161524600036,1000.0,0.04016734730912305,0.0
14299,1693636680000.0,0.0,0.0,0.37,141.47,0.0,0.0,140.4,0.9999253857184062,1.0,1303.1455524600035,1000.0,1302.7496524600035,1000.0,0.04016734730912305,0.0
14300,1693640280000.0,0.0,0.0,0.37,141.47,0.0,0.0,141.3,0.9999253857184062,1.0,1303.1455524600035,1000.0,1303.0826524600036,1000.0,0.04016734730912305,0.0
14301,1693643880000.0,0.0,0.0,0.37,141.47,0.0,0.0,140.75,0.9999253857184062,1.0,1303.1455524600035,1000.0,1302.8791524600035,1000.0,0.04016734730912305,0.0
14302,1693647480000.0,0.0,0.0,0.37,141.47,0.0,0.0,141.0,0.9999253857184062,1.0,1303.1455524600035,1000.0,1302.9716524600035,1000.0,0.04016734730912305,0.0
14303,1693651080000.0,0.0,0.0,0.37,141.47,0.0,0.0,140.95,0.9999253857184062,1.0,1303.1455524600035,1000.0,1302.9531524600036,1000.0,0.04016734730912305,0.0
14304,1693654680000.0,0.0,0.0,0.37,141.47,0.0,0.0,140.55,0.9999253857184062,1.0,1303.1455524600035,1000.0,1302.8051524600035,1000.0,0.04016734730912305,0.0
14305,1693658280000.0,0.0,0.0,0.37,141.47,0.0,0.0,140.3,0.9999253857184062,1.0,1303.1455524600035,1000.0,1302.7126524600035,1000.0,0.04016734730912305,0.0
14306,1693661880000.0,0.0,0.0,0.37,141.47,0.0,0.0,140.3,0.9999253857184062,1.0,1303.1455524600035,1000.0,1302.7126524600035,1000.0,0.04016734730912305,0.0
14307,1693665480000.0,0.0,0.0,0.37,141.47,0.0,0.0,140.5,0.9999253857184062,1.0,1303.1455524600035,1000.0,1302.7866524600036,1000.0,0.04016734730912305,0.0
14308,1693669080000.0,0.0,0.0,0.37,141.47,0.0,0.0,140.6,0.9999253857184062,1.0,1303.1455524600035,1000.0,1302.8236524600036,1000.0,0.04016734730912305,0.0
14309,1693672680000.0,0.0,0.0,0.37,141.47,0.0,0.0,139.9,0.9999253857184062,1.0,1303.1455524600035,1000.0,1302.5646524600036,1000.0,0.04016734730912305,0.0
14310,1693676280000.0,0.0,0.0,0.37,141.47,0.0,0.0,140.55,0.9999253857184062,1.0,1303.1455524600035,1000.0,1302.8051524600035,1000.0,0.04016734730912305,0.0
14311,1693679880000.0,0.0,0.0,0.37,141.47,0.0,0.0,139.4,0.9999253857184062,1.0,1303.1455524600035,1000.0,1302.3796524600034,1000.0,0.04016734730912305,0.0
14312,1693683480000.0,0.0,0.0,0.37,141.47,0.0,0.0,139.5,0.9999253857184062,1.0,1303.1455524600035,1000.0,1302.4166524600034,1000.0,0.04016734730912305,0.0
14313,1693687080000.0,0.0,0.0,0.37,141.47,0.0,0.0,139.3,0.9999253857184062,1.0,1303.1455524600035,1000.0,1302.3426524600036,1000.0,0.04016734730912305,0.0
14314,1693690680000.0,0.0,0.0,0.37,141.47,0.0,0.0,139.3,0.9999253857184062,1.0,1303.1455524600035,1000.0,1302.3426524600036,1000.0,0.04016734730912305,0.0
14315,1693694280000.0,0.0,0.0,0.37,141.47,0.0,0.0,139.65,0.9999253857184062,1.0,1303.1455524600035,1000.0,1302.4721524600036,1000.0,0.04016734730912305,0.0
14316,1693697880000.0,0.0,0.0,0.37,141.47,0.0,0.0,139.95,0.9999253857184062,1.0,1303.1455524600035,1000.0,1302.5831524600035,1000.0,0.04016734730912305,0.0
14317,1693701480000.0,0.0,0.0,0.37,141.47,0.0,0.0,139.4,0.9999253857184062,1.0,1303.1455524600035,1000.0,1302.3796524600034,1000.0,0.04016734730912305,0.0
14318,1693705080000.0,0.0,0.0,0.37,141.47,0.0,0.0,139.85,0.9999253857184062,1.0,1303.1455524600035,1000.0,1302.5461524600034,1000.0,0.04016734730912305,0.0
14319,1693708680000.0,0.0,0.0,0.37,141.47,0.0,0.0,139.5,0.9999253857184062,1.0,1303.1455524600035,1000.0,1302.4166524600034,1000.0,0.04016734730912305,0.0
14320,1693712280000.0,0.0,0.0,0.37,141.47,0.0,0.0,140.0,0.9999253857184062,1.0,1303.1455524600035,1000.0,1302.6016524600036,1000.0,0.04016734730912305,0.0
14321,1693715880000.0,0.0,0.0,0.37,141.47,0.0,0.0,140.3,0.9999253857184062,1.0,1303.1455524600035,1000.0,1302.7126524600035,1000.0,0.04016734730912305,0.0
14322,1693719480000.0,0.0,0.0,0.37,141.47,0.0,0.0,139.85,0.9999253857184062,1.0,1303.1455524600035,1000.0,1302.5461524600034,1000.0,0.04016734730912305,0.0
14323,1693723080000.0,0.0,0.0,0.37,141.47,0.0,0.0,139.75,0.9999253857184062,1.0,1303.1455524600035,1000.0,1302.5091524600034,1000.0,0.04016734730912305,0.0
14324,1693726680000.0,0.0,0.0,0.37,141.47,0.0,0.0,139.3,0.9999253857184062,1.0,1303.1455524600035,1000.0,1302.3426524600036,1000.0,0.04016734730912305,0.0
14325,1693730280000.0,0.0,0.0,0.37,141.47,0.0,0.0,139.65,0.9999253857184062,1.0,1303.1455524600035,1000.0,1302.4721524600036,1000.0,0.04016734730912305,0.0
14326,1693733880000.0,0.0,0.0,0.37,141.47,0.0,0.0,140.8,0.9999253857184062,1.0,1303.1455524600035,1000.0,1302.8976524600034,1000.0,0.04016734730912305,0.0
14327,1693737480000.0,0.0,0.0,0.37,141.47,0.0,0.0,140.9,0.9999253857184062,1.0,1303.1455524600035,1000.0,1302.9346524600035,1000.0,0.04016734730912305,0.0
14328,1693741080000.0,0.0,0.0,0.37,141.47,0.0,0.0,140.2,0.9999253857184062,1.0,1303.1455524600035,1000.0,1302.6756524600034,1000.0,0.04016734730912305,0.0
14329,1693744680000.0,0.0,0.0,0.37,141.47,0.0,0.0,140.8,0.9999253857184062,1.0,1303.1455524600035,1000.0,1302.8976524600034,1000.0,0.04016734730912305,0.0
14330,1693748280000.0,0.0,0.0,0.37,141.47,0.0,0.0,140.75,0.9999253857184062,1.0,1303.1455524600035,1000.0,1302.8791524600035,1000.0,0.04016734730912305,0.0
14331,1693751880000.0,0.0,0.0,0.37,141.47,0.0,0.0,140.4,0.9999253857184062,1.0,1303.1455524600035,1000.0,1302.7496524600035,1000.0,0.04016734730912305,0.0
14332,1693755480000.0,0.0,0.0,0.37,141.47,0.0,0.0,140.4,0.9999253857184062,1.0,1303.1455524600035,1000.0,1302.7496524600035,1000.0,0.04016734730912305,0.0
14333,1693759080000.0,0.0,0.0,0.37,141.47,0.0,0.0,140.65,0.9999253857184062,1.0,1303.1455524600035,1000.0,1302.8421524600035,1000.0,0.04016734730912305,0.0
14334,1693762680000.0,0.0,0.0,0.37,141.47,0.0,0.0,140.2,0.9999253857184062,1.0,1303.1455524600035,1000.0,1302.6756524600034,1000.0,0.04016734730912305,0.0
14335,1693766280000.0,0.0,0.0,0.37,141.47,0.0,0.0,140.75,0.9999253857184062,1.0,1303.1455524600035,1000.0,1302.8791524600035,1000.0,0.04016734730912305,0.0
14336,1693769880000.0,0.0,0.0,0.37,141.47,0.0,0.0,140.8,0.9999253857184062,1.0,1303.1455524600035,1000.0,1302.8976524600034,1000.0,0.04016734730912305,0.0
14337,1693773480000.0,0.0,0.0,0.37,141.47,0.0,0.0,140.5,0.9999253857184062,1.0,1303.1455524600035,1000.0,1302.7866524600036,1000.0,0.04016734730912305,0.0
14338,1693777080000.0,0.0,0.0,0.37,141.47,0.0,0.0,140.65,0.9999253857184062,1.0,1303.1455524600035,1000.0,1302.8421524600035,1000.0,0.04016734730912305,0.0
14339,1693780680000.0,0.0,0.0,0.37,141.47,0.0,0.0,141.05,0.9999253857184062,1.0,1303.1455524600035,1000.0,1302.9901524600034,1000.0,0.04016734730912305,0.0
14340,1693784280000.0,0.0,0.0,0.37,141.47,0.0,0.0,140.85,0.9999253857184062,1.0,1303.1455524600035,1000.0,1302.9161524600036,1000.0,0.04016734730912305,0.0
14341,1693787880000.0,0.0,0.0,0.37,141.47,0.0,0.0,141.35,0.9999253857184062,1.0,1303.1455524600035,1000.0,1303.1011524600035,1000.0,0.04016734730912305,0.0
14342,1693791480000.0,0.0,0.0,0.37,141.47,0.0,0.0,140.9,0.9999253857184062,1.0,1303.1455524600035,1000.0,1302.9346524600035,1000.0,0.04016734730912305,0.0
14343,1693795080000.0,0.0,0.0,0.37,141.47,0.0,0.0,141.75,0.9999253857184062,1.0,1303.1455524600035,1000.0,1303.2491524600034,1000.0,0.04016734730912305,0.0
14344,1693798680000.0,0.0,0.0,0.37,141.47,0.0,0.0,141.65,0.9999253857184062,1.0,1303.1455524600035,1000.0,1303.2121524600036,1000.0,0.04016734730912305,0.0
14345,1693802280000.0,0.0,0.0,0.37,141.47,0.0,0.0,141.9,0.9999253857184062,1.0,1303.1455524600035,1000.0,1303.3046524600036,1000.0,0.04016734730912305,0.0
14346,1693805880000.0,0.0,0.0,0.37,141.47,0.0,0.0,141.75,0.9999253857184062,1.0,1303.1455524600035,1000.0,1303.2491524600034,1000.0,0.04016734730912305,0.0
14347,1693809480000.0,0.0,0.0,0.37,141.47,0.0,0.0,142.6,0.9999253857184062,1.0,1303.1455524600035,1000.0,1303.5636524600036,1000.0,0.04016734730912305,0.0
14348,1693813080000.0,0.0,0.0,0.37,141.47,0.0,0.0,143.3,0.9999253857184062,1.0,1303.1455524600035,1000.0,1303.8226524600036,1000.0,0.04016734730912305,0.0
14349,1693816680000.0,0.0,0.0,0.37,141.47,0.0,0.0,142.6,0.9999253857184062,1.0,1303.1455524600035,1000.0,1303.5636524600036,1000.0,0.04016734730912305,0.0
14350,1693820280000.0,0.0,0.0,0.37,141.47,0.0,0.0,142.2,0.9999253857184062,1.0,1303.1455524600035,1000.0,1303.4156524600035,1000.0,0.04016734730912305,0.0
14351,1693823880000.0,0.0,0.0,0.37,141.47,0.0,0.0,143.05,0.9999253857184062,1.0,1303.1455524600035,1000.0,1303.7301524600034,1000.0,0.04016734730912305,0.0
14352,1693827480000.0,0.0,0.0,0.37,141.47,0.0,0.0,142.7,0.9999253857184062,1.0,1303.1455524600035,1000.0,1303.6006524600034,1000.0,0.04016734730912305,0.0
14353,1693831080000.0,0.0,0.0,0.37,141.47,0.0,0.0,142.45,0.9999253857184062,1.0,1303.1455524600035,1000.0,1303.5081524600034,1000.0,0.04016734730912305,0.0
14354,1693834680000.0,0.0,0.0,0.37,141.47,0.0,0.0,142.2,0.9999253857184062,1.0,1303.1455524600035,1000.0,1303.4156524600035,1000.0,0.04016734730912305,0.0
14355,1693838280000.0,0.0,0.0,0.37,141.47,0.0,0.0,142.0,0.9999253857184062,1.0,1303.1455524600035,1000.0,1303.3416524600034,1000.0,0.04016734730912305,0.0
14356,1693841880000.0,0.0,0.0,0.37,141.47,0.0,0.0,141.75,0.9999253857184062,1.0,1303.1455524600035,1000.0,1303.2491524600034,1000.0,0.04016734730912305,0.0
14357,1693845480000.0,0.0,0.0,0.37,141.47,0.0,0.0,141.8,0.9999253857184062,1.0,1303.1455524600035,1000.0,1303.2676524600035,1000.0,0.04016734730912305,0.0
14358,1693849080000.0,0.0,0.0,0.37,141.47,0.0,0.0,141.85,0.9999253857184062,1.0,1303.1455524600035,1000.0,1303.2861524600034,1000.0,0.04016734730912305,0.0
14359,1693852680000.0,0.0,0.0,0.37,141.47,0.0,0.0,141.65,0.9999253857184062,1.0,1303.1455524600035,1000.0,1303.2121524600036,1000.0,0.04016734730912305,0.0
14360,1693856280000.0,0.0,0.0,0.37,141.47,0.0,0.0,141.8,0.9999253857184062,1.0,1303.1455524600035,1000.0,1303.2676524600035,1000.0,0.04016734730912305,0.0
14361,1693859880000.0,0.0,0.0,0.37,141.47,0.0,0.0,141.6,0.9999253857184062,1.0,1303.1455524600035,1000.0,1303.1936524600035,1000.0,0.04016734730912305,0.0
14362,1693863480000.0,0.0,0.0,0.37,141.47,0.0,0.0,141.55,0.9999253857184062,1.0,1303.1455524600035,1000.0,1303.1751524600036,1000.0,0.04016734730912305,0.0
14363,1693867080000.0,0.0,0.0,0.37,141.47,0.0,0.0,141.1,0.9999253857184062,1.0,1303.1455524600035,1000.0,1303.0086524600035,1000.0,0.04016734730912305,0.0
14364,1693870680000.0,0.0,0.0,0.37,141.47,0.0,0.0,141.4,0.9999253857184062,1.0,1303.1455524600035,1000.0,1303.1196524600034,1000.0,0.04016734730912305,0.0
14365,1693874280000.0,0.0,0.0,0.37,141.47,0.0,0.0,140.85,0.9999253857184062,1.0,1303.1455524600035,1000.0,1302.9161524600036,1000.0,0.04016734730912305,0.0
14366,1693877880000.0,0.0,0.0,0.37,141.47,0.0,0.0,140.85,0.9999253857184062,1.0,1303.1455524600035,1000.0,1302.9161524600036,1000.0,0.04016734730912305,0.0
14367,1693881480000.0,0.0,0.0,0.37,141.47,0.0,0.0,140.4,0.9999253857184062,1.0,1303.1455524600035,1000.0,1302.7496524600035,1000.0,0.04016734730912305,0.0
14368,1693885080000.0,0.0,0.0,0.37,141.47,0.0,0.0,140.2,0.9999253857184062,1.0,1303.1455524600035,1000.0,1302.6756524600034,1000.0,0.04016734730912305,0.0
14369,1693888680000.0,0.0,0.0,0.37,141.47,0.0,0.0,140.85,0.9999253857184062,1.0,1303.1455524600035,1000.0,1302.9161524600036,1000.0,0.04016734730912305,0.0
14370,1693892280000.0,0.0,0.0,0.37,141.47,0.0,0.0,140.15,0.9999253857184062,1.0,1303.1455524600035,1000.0,1302.6571524600035,1000.0,0.04016734730912305,0.0
14371,1693895880000.0,0.0,0.0,0.37,141.47,0.0,0.0,139.55,0.9999253857184062,1.0,1303.1455524600035,1000.0,1302.4351524600036,1000.0,0.04016734730912305,0.0
14372,1693899480000.0,0.0,0.0,0.37,141.47,0.0,0.0,139.8,0.9999253857184062,1.0,1303.1455524600035,1000.0,1302.5276524600035,1000.0,0.04016734730912305,0.0
14373,1693903080000.0,0.0,0.0,0.37,141.47,0.0,0.0,140.25,0.9999253857184062,1.0,1303.1455524600035,1000.0,1302.6941524600036,1000.0,0.04016734730912305,0.0
14374,1693906680000.0,0.0,0.0,0.37,141.47,0.0,0.0,139.95,0.9999253857184062,1.0,1303.1455524600035,1000.0,1302.5831524600035,1000.0,0.04016734730912305,0.0
14375,1693910280000.0,0.0,0.0,0.37,141.47,0.0,0.0,139.5,0.9999253857184062,1.0,1303.1455524600035,1000.0,1302.4166524600034,1000.0,0.04016734730912305,0.0
14376,1693913880000.0,0.0,0.0,0.37,141.47,0.0,0.0,139.4,0.9999253857184062,1.0,1303.1455524600035,1000.0,1302.3796524600034,1000.0,0.04016734730912305,0.0
14377,1693917480000.0,0.0,0.0,0.37,141.47,0.0,0.0,139.5,0.9999253857184062,1.0,1303.1455524600035,1000.0,1302.4166524600034,1000.0,0.04016734730912305,0.0
14378,1693921080000.0,0.0,0.0,0.37,141.47,0.0,0.0,139.5,0.9999253857184062,1.0,1303.1455524600035,1000.0,1302.4166524600034,1000.0,0.04016734730912305,0.0
14379,1693924680000.0,0.0,0.0,0.37,141.47,0.0,0.0,139.55,0.9999253857184062,1.0,1303.1455524600035,1000.0,1302.4351524600036,1000.0,0.04016734730912305,0.0
14380,1693928280000.0,0.0,0.0,0.37,141.47,0.0,0.0,139.85,0.9999253857184062,1.0,1303.1455524600035,1000.0,1302.5461524600034,1000.0,0.04016734730912305,0.0
14381,1693931880000.0,0.0,0.0,0.37,141.47,0.0,0.0,140.65,0.9999253857184062,1.0,1303.1455524600035,1000.0,1302.8421524600035,1000.0,0.04016734730912305,0.0
14382,1693935480000.0,0.0,0.0,0.37,141.47,0.0,0.0,140.45,0.9999253857184062,1.0,1303.1455524600035,1000.0,1302.7681524600034,1000.0,0.04016734730912305,0.0
14383,1693939080000.0,0.0,0.0,0.37,141.47,0.0,0.0,140.45,0.9999253857184062,1.0,1303.1455524600035,1000.0,1302.7681524600034,1000.0,0.04016734730912305,0.0
14384,1693942680000.0,0.0,0.0,0.37,141.47,0.0,0.0,138.9,0.9999253857184062,1.0,1303.1455524600035,1000.0,1302.1946524600035,1000.0,0.04016734730912305,0.0
14385,1693946280000.0,0.0,0.0,0.37,141.47,0.0,0.0,138.45,0.9999253857184062,1.0,1303.1455524600035,1000.0,1302.0281524600034,1000.0,0.04016734730912305,0.0
14386,1693949880000.0,0.0,0.0,0.37,141.47,0.0,0.0,138.0,0.9999253857184062,1.0,1303.1455524600035,1000.0,1301.8616524600036,1000.0,0.04016734730912305,0.0
14387,1693953480000.0,0.0,0.0,0.37,141.47,0.0,0.0,138.25,0.9999253857184062,1.0,1303.1455524600035,1000.0,1301.9541524600036,1000.0,0.04016734730912305,0.0
14388,1693957080000.0,0.0,0.0,0.37,141.47,0.0,0.0,137.55,0.9999253857184062,1.0,1303.1455524600035,1000.0,1301.6951524600036,1000.0,0.04016734730912305,0.0
14389,1693960680000.0,0.0,0.0,0.37,141.47,0.0,0.0,137.7,0.9999253857184062,1.0,1303.1455524600035,1000.0,1301.7506524600035,1000.0,0.04016734730912305,0.0
14390,1693964280000.0,0.0,0.0,0.37,141.47,0.0,0.0,137.75,0.9999253857184062,1.0,1303.1455524600035,1000.0,1301.7691524600034,1000.0,0.04016734730912305,0.0
14391,1693967880000.0,0.0,0.0,0.37,141.47,0.0,0.0,137.85,0.9999253857184062,1.0,1303.1455524600035,1000.0,1301.8061524600034,1000.0,0.04016734730912305,0.0
14392,1693971480000.0,0.0,0.0,0.37,141.47,0.0,0.0,137.9,0.9999253857184062,1.0,1303.1455524600035,1000.0,1301.8246524600036,1000.0,0.04016734730912305,0.0
14393,1693975080000.0,0.0,0.0,0.37,141.47,0.0,0.0,137.95,0.9999253857184062,1.0,1303.1455524600035,1000.0,1301.8431524600035,1000.0,0.04016734730912305,0.0
14394,1693978680000.0,0.0,0.0,0.37,141.47,0.0,0.0,138.3,0.9999253857184062,1.0,1303.1455524600035,1000.0,1301.9726524600035,1000.0,0.04016734730912305,0.0
14395,1693982280000.0,0.0,0.0,0.37,141.47,0.0,0.0,138.5,0.9999253857184062,1.0,1303.1455524600035,1000.0,1302.0466524600035,1000.0,0.04016734730912305,0.0
14396,1693985880000.0,0.0,0.0,0.37,141.47,0.0,0.0,139.4,0.9999253857184062,1.0,1303.1455524600035,1000.0,1302.3796524600034,1000.0,0.04016734730912305,0.0
14397,1693989480000.0,0.0,0.0,0.37,141.47,0.0,0.0,139.0,0.9999253857184062,1.0,1303.1455524600035,1000.0,1302.2316524600035,1000.0,0.04016734730912305,0.0
14398,1693993080000.0,0.0,0.0,0.37,141.47,0.0,0.0,139.25,0.9999253857184062,1.0,1303.1455524600035,1000.0,1302.3241524600035,1000.0,0.04016734730912305,0.0
14399,1693996680000.0,0.0,0.0,0.37,141.47,0.0,0.0,138.9,0.9999253857184062,1.0,1303.1455524600035,1000.0,1302.1946524600035,1000.0,0.04016734730912305,0.0
14400,1694000280000.0,0.0,0.0,0.37,141.47,0.0,0.0,139.75,0.9999253857184062,1.0,1303.1455524600035,1000.0,1302.5091524600034,1000.0,0.04016734730912305,0.0
14401,1694003880000.0,0.0,0.0,0.37,141.47,0.0,0.0,139.95,0.9999253857184062,1.0,1303.1455524600035,1000.0,1302.5831524600035,1000.0,0.04016734730912305,0.0
14402,1694007480000.0,0.0,0.0,0.37,141.47,0.0,0.0,139.6,0.9999253857184062,1.0,1303.1455524600035,1000.0,1302.4536524600035,1000.0,0.04016734730912305,0.0
14403,1694011080000.0,0.0,0.0,0.37,141.47,0.0,0.0,138.6,0.9999253857184062,1.0,1303.1455524600035,1000.0,1302.0836524600036,1000.0,0.04016734730912305,0.0
14404,1694014680000.0,0.0,0.0,0.37,141.47,0.0,0.0,139.35,0.9999253857184062,1.0,1303.1455524600035,1000.0,1302.3611524600035,1000.0,0.04016734730912305,0.0
14405,1694018280000.0,0.0,0.0,0.37,141.47,0.0,0.0,139.35,0.9999253857184062,1.0,1303.1455524600035,1000.0,1302.3611524600035,1000.0,0.04016734730912305,0.0
14406,1694021880000.0,0.0,0.0,0.37,141.47,0.0,0.0,139.1,0.9999253857184062,1.0,1303.1455524600035,1000.0,1302.2686524600035,1000.0,0.04016734730912305,0.0
14407,1694025480000.0,0.0,0.0,0.37,141.47,0.0,0.0,139.4,0.9999253857184062,1.0,1303.1455524600035,1000.0,1302.3796524600034,1000.0,0.04016734730912305,0.0
14408,1694029080000.0,0.0,0.0,0.37,141.47,0.0,0.0,140.1,0.9999253857184062,1.0,1303.1455524600035,1000.0,1302.6386524600034,1000.0,0.04016734730912305,0.0
14409,1694032680000.0,0.0,0.0,0.37,141.47,0.0,0.0,141.7,0.9999253857184062,1.0,1303.1455524600035,1000.0,1303.2306524600035,1000.0,0.04016734730912305,0.0
14410,1694036280000.0,0.0,0.0,0.37,141.47,0.0,0.0,142.3,0.9999253857184062,1.0,1303.1455524600035,1000.0,1303.4526524600035,1000.0,0.04016734730912305,0.0
14411,1694039880000.0,0.0,0.0,0.37,141.47,0.0,0.0,142.5,0.9999253857184062,1.0,1303.1455524600035,1000.0,1303.5266524600036,1000.0,0.04016734730912305,0.0
14412,1694043480000.0,0.0,0.0,0.37,141.47,0.0,0.0,142.4,0.9999253857184062,1.0,1303.1455524600035,1000.0,1303.4896524600035,1000.0,0.04016734730912305,0.0
14413,1694047080000.0,0.0,0.0,0.37,141.47,0.0,0.0,142.65,0.9999253857184062,1.0,1303.1455524600035,1000.0,1303.5821524600035,1000.0,0.04016734730912305,0.0
14414,1694050680000.0,0.0,0.0,0.37,141.47,0.0,0.0,142.6,0.9999253857184062,1.0,1303.1455524600035,1000.0,1303.5636524600036,1000.0,0.04016734730912305,0.0
14415,1694054280000.0,0.0,0.0,0.37,141.47,0.0,0.0,142.2,0.9999253857184062,1.0,1303.1455524600035,1000.0,1303.4156524600035,1000.0,0.04016734730912305,0.0
14416,1694057880000.0,0.0,0.0,0.37,141.47,0.0,0.0,142.1,0.9999253857184062,1.0,1303.1455524600035,1000.0,1303.3786524600034,1000.0,0.04016734730912305,0.0
14417,1694061480000.0,0.0,0.0,0.37,141.47,0.0,0.0,142.1,0.9999253857184062,1.0,1303.1455524600035,1000.0,1303.3786524600034,1000.0,0.04016734730912305,0.0
14418,1694065080000.0,0.0,0.0,0.37,141.47,0.0,0.0,142.1,0.9999253857184062,1.0,1303.1455524600035,1000.0,1303.3786524600034,1000.0,0.04016734730912305,0.0
14419,1694068680000.0,0.0,0.0,0.37,141.47,0.0,0.0,141.95,0.9999253857184062,1.0,1303.1455524600035,1000.0,1303.3231524600035,1000.0,0.04016734730912305,0.0
14420,1694072280000.0,0.0,0.0,0.37,141.47,0.0,0.0,141.55,0.9999253857184062,1.0,1303.1455524600035,1000.0,1303.1751524600036,1000.0,0.04016734730912305,0.0
14421,1694075880000.0,0.0,0.0,0.37,141.47,0.0,0.0,141.55,0.9999253857184062,1.0,1303.1455524600035,1000.0,1303.1751524600036,1000.0,0.04016734730912305,0.0
14422,1694079480000.0,0.0,0.0,0.37,141.47,0.0,0.0,142.4,0.9999253857184062,1.0,1303.1455524600035,1000.0,1303.4896524600035,1000.0,0.04016734730912305,0.0
14423,1694083080000.0,0.0,0.0,0.37,141.47,0.0,0.0,142.85,0.9999253857184062,1.0,1303.1455524600035,1000.0,1303.6561524600036,1000.0,0.04016734730912305,0.0
14424,1694086680000.0,0.0,0.0,0.37,141.47,0.0,0.0,142.55,0.9999253857184062,1.0,1303.1455524600035,1000.0,1303.5451524600035,1000.0,0.04016734730912305,0.0
14425,1694090280000.0,0.0,0.0,0.37,141.47,0.0,0.0,142.5,0.9999253857184062,1.0,1303.1455524600035,1000.0,1303.5266524600036,1000.0,0.04016734730912305,0.0
14426,1694093880000.0,0.0,0.0,0.37,141.47,0.0,0.0,141.95,0.9999253857184062,1.0,1303.1455524600035,1000.0,1303.3231524600035,1000.0,0.04016734730912305,0.0
14427,1694097480000.0,0.0,0.0,0.37,141.47,0.0,0.0,141.95,0.9999253857184062,1.0,1303.1455524600035,1000.0,1303.3231524600035,1000.0,0.04016734730912305,0.0
14428,1694101080000.0,0.0,0.0,0.37,141.47,0.0,0.0,142.6,0.9999253857184062,1.0,1303.1455524600035,1000.0,1303.5636524600036,1000.0,0.04016734730912305,0.0
14429,1694104680000.0,0.0,0.0,0.37,141.47,0.0,0.0,142.55,0.9999253857184062,1.0,1303.1455524600035,1000.0,1303.5451524600035,1000.0,0.04016734730912305,0.0
14430,1694108280000.0,0.0,0.0,0.37,141.47,0.0,0.0,142.45,0.9999253857184062,1.0,1303.1455524600035,1000.0,1303.5081524600034,1000.0,0.04016734730912305,0.0
14431,1694111880000.0,0.0,0.0,0.37,141.47,0.0,0.0,142.65,0.9999253857184062,1.0,1303.1455524600035,1000.0,1303.5821524600035,1000.0,0.04016734730912305,0.0
14432,1694115480000.0,0.0,0.0,0.37,141.47,0.0,0.0,142.65,0.9999253857184062,1.0,1303.1455524600035,1000.0,1303.5821524600035,1000.0,0.04016734730912305,0.0
14433,1694119080000.0,0.0,0.0,0.37,141.47,0.0,0.0,142.25,0.9999253857184062,1.0,1303.1455524600035,1000.0,1303.4341524600036,1000.0,0.04016734730912305,0.0
14434,1694122680000.0,0.0,0.0,0.37,141.47,0.0,0.0,142.5,0.9999253857184062,1.0,1303.1455524600035,1000.0,1303.5266524600036,1000.0,0.04016734730912305,0.0
14435,1694126280000.0,0.0,0.0,0.37,141.47,0.0,0.0,143.05,0.9999253857184062,1.0,1303.1455524600035,1000.0,1303.7301524600034,1000.0,0.04016734730912305,0.0
14436,1694129880000.0,0.0,0.0,0.37,141.47,0.0,0.0,142.95,0.9999253857184062,1.0,1303.1455524600035,1000.0,1303.6931524600036,1000.0,0.04016734730912305,0.0
14437,1694133480000.0,0.0,0.0,0.37,141.47,0.0,0.0,143.4,0.9999253857184062,1.0,1303.1455524600035,1000.0,1303.8596524600034,1000.0,0.04016734730912305,0.0
14438,1694137080000.0,0.0,0.0,0.37,141.47,0.0,0.0,143.65,0.9999253857184062,1.0,1303.1455524600035,1000.0,1303.9521524600034,1000.0,0.04016734730912305,0.0
14439,1694140680000.0,0.0,0.0,0.37,141.47,0.0,0.0,143.25,0.9999253857184062,1.0,1303.1455524600035,1000.0,1303.8041524600035,1000.0,0.04016734730912305,0.0
14440,1694144280000.0,0.0,0.0,0.37,141.47,0.0,0.0,143.55,0.9999253857184062,1.0,1303.1455524600035,1000.0,1303.9151524600036,1000.0,0.04016734730912305,0.0
14441,1694147880000.0,0.0,0.0,0.37,141.47,0.0,0.0,143.15,0.9999253857184062,1.0,1303.1455524600035,1000.0,1303.7671524600034,1000.0,0.04016734730912305,0.0
14442,1694151480000.0,0.0,0.0,0.37,141.47,0.0,0.0,143.05,0.9999253857184062,1.0,1303.1455524600035,1000.0,1303.7301524600034,1000.0,0.04016734730912305,0.0
14443,1694155080000.0,0.0,0.0,0.37,141.47,0.0,0.0,142.85,0.9999253857184062,1.0,1303.1455524600035,1000.0,1303.6561524600036,1000.0,0.04016734730912305,0.0
14444,1694158680000.0,0.0,0.0,0.37,141.47,0.0,0.0,143.3,0.9999253857184062,1.0,1303.1455524600035,1000.0,1303.8226524600036,1000.0,0.04016734730912305,0.0
14445,1694162280000.0,0.0,0.0,0.37,141.47,0.0,0.0,142.7,0.9999253857184062,1.0,1303.1455524600035,1000.0,1303.6006524600034,1000.0,0.04016734730912305,0.0
14446,1694165880000.0,0.0,0.0,0.37,141.47,0.0,0.0,142.35,0.9999253857184062,1.0,1303.1455524600035,1000.0,1303.4711524600034,1000.0,0.04016734730912305,0.0
14447,1694169480000.0,0.0,0.0,0.37,141.47,0.0,0.0,141.65,0.9999253857184062,1.0,1303.1455524600035,1000.0,1303.2121524600036,1000.0,0.04016734730912305,0.0
14448,1694173080000.0,0.0,0.0,0.37,141.47,0.0,0.0,142.4,0.9999253857184062,1.0,1303.1455524600035,1000.0,1303.4896524600035,1000.0,0.04016734730912305,0.0
14449,1694176680000.0,0.0,0.0,0.37,141.47,0.0,0.0,142.65,0.9999253857184062,1.0,1303.1455524600035,1000.0,1303.5821524600035,1000.0,0.04016734730912305,0.0
14450,1694180280000.0,0.0,0.0,0.37,141.47,0.0,0.0,142.4,0.9999253857184062,1.0,1303.1455524600035,1000.0,1303.4896524600035,1000.0,0.04016734730912305,0.0
14451,1694183880000.0,0.0,0.0,0.37,141.47,0.0,0.0,142.3,0.9999253857184062,1.0,1303.1455524600035,1000.0,1303.4526524600035,1000.0,0.04016734730912305,0.0
14452,1694187480000.0,0.0,0.0,0.37,141.47,0.0,0.0,142.6,0.9999253857184062,1.0,1303.1455524600035,1000.0,1303.5636524600036,1000.0,0.04016734730912305,0.0
14453,1694191080000.0,0.0,0.0,0.37,141.47,0.0,0.0,142.7,0.9999253857184062,1.0,1303.1455524600035,1000.0,1303.6006524600034,1000.0,0.04016734730912305,0.0
14454,1694194680000.0,0.0,0.0,0.37,141.47,0.0,0.0,142.8,0.9999253857184062,1.0,1303.1455524600035,1000.0,1303.6376524600034,1000.0,0.04016734730912305,0.0
14455,1694198280000.0,0.0,0.0,0.37,141.47,0.0,0.0,142.95,0.9999253857184062,1.0,1303.1455524600035,1000.0,1303.6931524600036,1000.0,0.04016734730912305,0.0
14456,1694201880000.0,0.0,0.0,0.37,141.47,0.0,0.0,143.3,0.9999253857184062,1.0,1303.1455524600035,1000.0,1303.8226524600036,1000.0,0.04016734730912305,0.0
14457,1694205480000.0,0.0,0.0,0.37,141.47,0.0,0.0,143.55,0.9999253857184062,1.0,1303.1455524600035,1000.0,1303.9151524600036,1000.0,0.04016734730912305,0.0
14458,1694209080000.0,0.0,0.0,0.37,141.47,0.0,0.0,143.6,0.9999253857184062,1.0,1303.1455524600035,1000.0,1303.9336524600035,1000.0,0.04016734730912305,0.0
14459,1694212680000.0,0.0,0.0,0.37,141.47,0.0,0.0,143.95,0.9999253857184062,1.0,1303.1455524600035,1000.0,1304.0631524600035,1000.0,0.04016734730912305,0.0
14460,1694216280000.0,0.0,0.0,0.37,141.47,0.0,0.0,143.85,0.9999253857184062,1.0,1303.1455524600035,1000.0,1304.0261524600035,1000.0,0.04016734730912305,0.0
14461,1694219880000.0,0.0,0.0,0.37,141.47,0.0,0.0,143.55,0.9999253857184062,1.0,1303.1455524600035,1000.0,1303.9151524600036,1000.0,0.04016734730912305,0.0
14462,1694223480000.0,0.0,0.0,0.37,141.47,0.0,0.0,143.75,0.9999253857184062,1.0,1303.1455524600035,1000.0,1303.9891524600034,1000.0,0.04016734730912305,0.0
14463,1694227080000.0,0.0,0.0,0.37,141.47,0.0,0.0,143.7,0.9999253857184062,1.0,1303.1455524600035,1000.0,1303.9706524600035,1000.0,0.04016734730912305,0.0
14464,1694230680000.0,0.0,0.0,0.37,141.47,0.0,0.0,143.75,0.9999253857184062,1.0,1303.1455524600035,1000.0,1303.9891524600034,1000.0,0.04016734730912305,0.0
14465,1694234280000.0,0.0,0.0,0.37,141.47,0.0,0.0,143.5,0.9999253857184062,1.0,1303.1455524600035,1000.0,1303.8966524600035,1000.0,0.04016734730912305,0.0
14466,1694237880000.0,0.0,0.0,0.37,141.47,0.0,0.0,143.0,0.9999253857184062,1.0,1303.1455524600035,1000.0,1303.7116524600035,1000.0,0.04016734730912305,0.0
14467,1694241480000.0,0.0,0.0,0.37,141.47,0.0,0.0,143.1,0.9999253857184062,1.0,1303.1455524600035,1000.0,1303.7486524600035,1000.0,0.04016734730912305,0.0
14468,1694245080000.0,0.0,0.0,0.37,141.47,0.0,0.0,142.9,0.9999253857184062,1.0,1303.1455524600035,1000.0,1303.6746524600035,1000.0,0.04016734730912305,0.0
14469,1694248680000.0,0.0,0.0,0.37,141.47,0.0,0.0,143.7,0.9999253857184062,1.0,1303.1455524600035,1000.0,1303.9706524600035,1000.0,0.04016734730912305,0.0
14470,1694252280000.0,0.0,0.0,0.37,141.47,0.0,0.0,143.9,0.9999253857184062,1.0,1303.1455524600035,1000.0,1304.0446524600036,1000.0,0.04016734730912305,0.0
14471,1694255880000.0,0.0,0.0,0.37,141.47,0.0,0.0,143.8,0.9999253857184062,1.0,1303.1455524600035,1000.0,1304.0076524600036,1000.0,0.04016734730912305,0.0
14472,1694259480000.0,0.0,0.0,0.37,141.47,0.0,0.0,143.75,0.9999253857184062,1.0,1303.1455524600035,1000.0,1303.9891524600034,1000.0,0.04016734730912305,0.0
14473,1694263080000.0,0.0,0.0,0.37,141.47,0.0,0.0,143.35,0.9999253857184062,1.0,1303.1455524600035,1000.0,1303.8411524600035,1000.0,0.04016734730912305,0.0
14474,1694266680000.0,0.0,0.0,0.37,141.47,0.0,0.0,143.35,0.9999253857184062,1.0,1303.1455524600035,1000.0,1303.8411524600035,1000.0,0.04016734730912305,0.0
14475,1694270280000.0,0.0,0.0,0.37,141.47,0.0,0.0,143.05,0.9999253857184062,1.0,1303.1455524600035,1000.0,1303.7301524600034,1000.0,0.04016734730912305,0.0
14476,1694273880000.0,0.0,0.0,0.37,141.47,0.0,0.0,142.85,0.9999253857184062,1.0,1303.1455524600035,1000.0,1303.6561524600036,1000.0,0.04016734730912305,0.0
14477,1694277480000.0,0.0,0.0,0.37,141.47,0.0,0.0,142.8,0.9999253857184062,1.0,1303.1455524600035,1000.0,1303.6376524600034,1000.0,0.04016734730912305,0.0
14478,1694281080000.0,0.0,0.0,0.37,141.47,0.0,0.0,142.4,0.9999253857184062,1.0,1303.1455524600035,1000.0,1303.4896524600035,1000.0,0.04016734730912305,0.0
14479,1694284680000.0,0.0,0.0,0.37,141.47,0.0,0.0,142.25,0.9999253857184062,1.0,1303.1455524600035,1000.0,1303.4341524600036,1000.0,0.04016734730912305,0.0
14480,1694288280000.0,0.0,0.0,0.37,141.47,0.0,0.0,142.2,0.9999253857184062,1.0,1303.1455524600035,1000.0,1303.4156524600035,1000.0,0.04016734730912305,0.0
14481,1694291880000.0,0.0,0.0,0.37,141.47,0.0,0.0,142.3,0.9999253857184062,1.0,1303.1455524600035,1000.0,1303.4526524600035,1000.0,0.04016734730912305,0.0
14482,1694295480000.0,0.0,0.0,0.37,141.47,0.0,0.0,142.5,0.9999253857184062,1.0,1303.1455524600035,1000.0,1303.5266524600036,1000.0,0.04016734730912305,0.0
14483,1694299080000.0,0.0,0.0,0.37,141.47,0.0,0.0,143.25,0.9999253857184062,1.0,1303.1455524600035,1000.0,1303.8041524600035,1000.0,0.04016734730912305,0.0
14484,1694302680000.0,0.0,0.0,0.37,141.47,0.0,0.0,143.3,0.9999253857184062,1.0,1303.1455524600035,1000.0,1303.8226524600036,1000.0,0.04016734730912305,0.0
14485,1694306280000.0,0.0,0.0,0.37,141.47,0.0,0.0,143.05,0.9999253857184062,1.0,1303.1455524600035,1000.0,1303.7301524600034,1000.0,0.04016734730912305,0.0
14486,1694309880000.0,0.0,0.0,0.37,141.47,0.0,0.0,143.3,0.9999253857184062,1.0,1303.1455524600035,1000.0,1303.8226524600036,1000.0,0.04016734730912305,0.0
14487,1694313480000.0,0.0,0.0,0.37,141.47,0.0,0.0,143.15,0.9999253857184062,1.0,1303.1455524600035,1000.0,1303.7671524600034,1000.0,0.04016734730912305,0.0
14488,1694317080000.0,0.0,0.0,0.37,141.47,0.0,0.0,142.85,0.9999253857184062,1.0,1303.1455524600035,1000.0,1303.6561524600036,1000.0,0.04016734730912305,0.0
14489,1694320680000.0,0.0,0.0,0.37,141.47,0.0,0.0,142.2,0.9999253857184062,1.0,1303.1455524600035,1000.0,1303.4156524600035,1000.0,0.04016734730912305,0.0
14490,1694324280000.0,0.0,0.0,0.37,141.47,0.0,0.0,142.9,0.9999253857184062,1.0,1303.1455524600035,1000.0,1303.6746524600035,1000.0,0.04016734730912305,0.0
14491,1694327880000.0,0.0,0.0,0.37,141.47,0.0,0.0,143.05,0.9999253857184062,1.0,1303.1455524600035,1000.0,1303.7301524600034,1000.0,0.04016734730912305,0.0
14492,1694331480000.0,0.0,0.0,0.37,141.47,0.0,0.0,142.75,0.9999253857184062,1.0,1303.1455524600035,1000.0,1303.6191524600035,1000.0,0.04016734730912305,0.0
14493,1694335080000.0,0.0,0.0,0.37,141.47,0.0,0.0,142.35,0.9999253857184062,1.0,1303.1455524600035,1000.0,1303.4711524600034,1000.0,0.04016734730912305,0.0
14494,1694338680000.0,0.0,0.0,0.37,141.47,0.0,0.0,142.35,0.9999253857184062,1.0,1303.1455524600035,1000.0,1303.4711524600034,1000.0,0.04016734730912305,0.0
14495,1694342280000.0,0.0,0.0,0.37,141.47,0.0,0.0,142.4,0.9999253857184062,1.0,1303.1455524600035,1000.0,1303.4896524600035,1000.0,0.04016734730912305,0.0
14496,1694345880000.0,0.0,0.0,0.37,141.47,0.0,0.0,142.3,0.9999253857184062,1.0,1303.1455524600035,1000.0,1303.4526524600035,1000.0,0.04016734730912305,0.0
14497,1694349480000.0,0.0,0.0,0.37,141.47,0.0,0.0,142.2,0.9999253857184062,1.0,1303.1455524600035,1000.0,1303.4156524600035,1000.0,0.04016734730912305,0.0
14498,1694353080000.0,0.0,0.0,0.37,141.47,0.0,0.0,142.6,0.9999253857184062,1.0,1303.1455524600035,1000.0,1303.5636524600036,1000.0,0.04016734730912305,0.0
14499,1694356680000.0,0.0,0.0,0.37,141.47,0.0,0.0,142.45,0.9999253857184062,1.0,1303.1455524600035,1000.0,1303.5081524600034,1000.0,0.04016734730912305,0.0
14500,1694360280000.0,0.0,0.0,0.37,141.47,0.0,0.0,142.75,0.9999253857184062,1.0,1303.1455524600035,1000.0,1303.6191524600035,1000.0,0.04016734730912305,0.0
14501,1694363880000.0,0.0,0.0,0.37,141.47,0.0,0.0,142.1,0.9999253857184062,1.0,1303.1455524600035,1000.0,1303.3786524600034,1000.0,0.04016734730912305,0.0
14502,1694367480000.0,0.0,0.0,0.37,141.47,0.0,0.0,141.95,0.9999253857184062,1.0,1303.1455524600035,1000.0,1303.3231524600035,1000.0,0.04016734730912305,0.0
14503,1694371080000.0,0.0,0.0,0.37,141.47,0.0,0.0,142.3,0.9999253857184062,1.0,1303.1455524600035,1000.0,1303.4526524600035,1000.0,0.04016734730912305,0.0
14504,1694374680000.0,0.0,0.0,0.37,141.47,0.0,0.0,142.5,0.9999253857184062,1.0,1303.1455524600035,1000.0,1303.5266524600036,1000.0,0.04016734730912305,0.0
14505,1694378280000.0,0.0,0.0,0.37,141.47,0.0,0.0,142.95,0.9999253857184062,1.0,1303.1455524600035,1000.0,1303.6931524600036,1000.0,0.04016734730912305,0.0
14506,1694381880000.0,0.0,0.0,0.37,141.47,0.0,0.0,143.45,0.9999253857184062,1.0,1303.1455524600035,1000.0,1303.8781524600035,1000.0,0.04016734730912305,0.0
14507,1694385480000.0,0.0,0.0,0.37,141.47,0.0,0.0,143.65,0.9999253857184062,1.0,1303.1455524600035,1000.0,1303.9521524600034,1000.0,0.04016734730912305,0.0
14508,1694389080000.0,0.0,0.0,0.37,141.47,0.0,0.0,143.65,0.9999253857184062,1.0,1303.1455524600035,1000.0,1303.9521524600034,1000.0,0.04016734730912305,0.0
14509,1694392680000.0,0.0,0.0,0.37,141.47,0.0,0.0,142.6,0.9999253857184062,1.0,1303.1455524600035,1000.0,1303.5636524600036,1000.0,0.04016734730912305,0.0
14510,1694396280000.0,0.0,0.0,0.37,141.47,0.0,0.0,142.3,0.9999253857184062,1.0,1303.1455524600035,1000.0,1303.4526524600035,1000.0,0.04016734730912305,0.0
14511,1694399880000.0,0.0,0.0,0.37,141.47,0.0,0.0,142.75,0.9999253857184062,1.0,1303.1455524600035,1000.0,1303.6191524600035,1000.0,0.04016734730912305,0.0
14512,1694403480000.0,0.0,0.0,0.37,141.47,0.0,0.0,143.25,0.9999253857184062,1.0,1303.1455524600035,1000.0,1303.8041524600035,1000.0,0.04016734730912305,0.0
14513,1694407080000.0,0.0,0.0,0.37,141.47,0.0,0.0,143.05,0.9999253857184062,1.0,1303.1455524600035,1000.0,1303.7301524600034,1000.0,0.04016734730912305,0.0
14514,1694410680000.0,0.0,0.0,0.37,141.47,0.0,0.0,143.35,0.9999253857184062,1.0,1303.1455524600035,1000.0,1303.8411524600035,1000.0,0.04016734730912305,0.0
14515,1694414280000.0,0.0,0.0,0.37,141.47,0.0,0.0,143.2,0.9999253857184062,1.0,1303.1455524600035,1000.0,1303.7856524600036,1000.0,0.04016734730912305,0.0
14516,1694417880000.0,0.0,0.0,0.37,141.47,0.0,0.0,143.7,0.9999253857184062,1.0,1303.1455524600035,1000.0,1303.9706524600035,1000.0,0.04016734730912305,0.0
14517,1694421480000.0,0.0,0.0,0.37,141.47,0.0,0.0,142.25,0.9999253857184062,1.0,1303.1455524600035,1000.0,1303.4341524600036,1000.0,0.04016734730912305,0.0
14518,1694425080000.0,0.0,0.0,0.37,141.47,0.0,0.0,141.25,0.9999253857184062,1.0,1303.1455524600035,1000.0,1303.0641524600035,1000.0,0.04016734730912305,0.0
14519,1694428680000.0,0.0,0.0,0.37,141.47,0.0,0.0,140.6,0.9999253857184062,1.0,1303.1455524600035,1000.0,1302.8236524600036,1000.0,0.04016734730912305,0.0
14520,1694432280000.0,0.0,0.0,0.37,141.47,0.0,0.0,140.2,0.9999253857184062,1.0,1303.1455524600035,1000.0,1302.6756524600034,1000.0,0.04016734730912305,0.0
14521,1694435880000.0,0.0,0.0,0.37,141.47,0.0,0.0,140.5,0.9999253857184062,1.0,1303.1455524600035,1000.0,1302.7866524600036,1000.0,0.04016734730912305,0.0
14522,1694439480000.0,0.0,0.0,0.37,141.47,0.0,0.0,140.2,0.9999253857184062,1.0,1303.1455524600035,1000.0,1302.6756524600034,1000.0,0.04016734730912305,0.0
14523,1694443080000.0,0.0,0.0,0.37,141.47,0.0,0.0,139.4,0.9999253857184062,1.0,1303.1455524600035,1000.0,1302.3796524600034,1000.0,0.04016734730912305,0.0
14524,1694446680000.0,0.0,0.0,0.37,141.47,0.0,0.0,139.75,0.9999253857184062,1.0,1303.1455524600035,1000.0,1302.5091524600034,1000.0,0.04016734730912305,0.0
14525,1694450280000.0,0.0,0.0,0.37,141.47,0.0,0.0,140.45,0.9999253857184062,1.0,1303.1455524600035,1000.0,1302.7681524600034,1000.0,0.04016734730912305,0.0
14526,1694453880000.0,0.0,0.0,0.37,141.47,0.0,0.0,138.8,0.9999253857184062,1.0,1303.1455524600035,1000.0,1302.1576524600034,1000.0,0.04016734730912305,0.0
14527,1694457480000.0,0.0,0.0,0.37,141.47,0.0,0.0,139.85,0.9999253857184062,1.0,1303.1455524600035,1000.0,1302.5461524600034,1000.0,0.04016734730912305,0.0
14528,1694461080000.0,0.0,0.0,0.37,141.47,0.0,0.0,138.1,0.9999253857184062,1.0,1303.1455524600035,1000.0,1301.8986524600034,1000.0,0.04016734730912305,0.0
14529,1694464680000.0,0.0,0.0,0.37,141.47,0.0,0.0,139.05,0.9999253857184062,1.0,1303.1455524600035,1000.0,1302.2501524600034,1000.0,0.04016734730912305,0.0
14530,1694468280000.0,0.0,0.0,0.37,141.47,0.0,0.0,138.15,0.9999253857184062,1.0,1303.1455524600035,1000.0,1301.9171524600035,1000.0,0.04016734730912305,0.0
14531,1694471880000.0,0.0,0.0,0.37,141.47,0.0,0.0,139.55,0.9999253857184062,1.0,1303.1455524600035,1000.0,1302.4351524600036,1000.0,0.04016734730912305,0.0
14532,1694475480000.0,0.0,0.0,0.37,141.47,0.0,0.0,140.15,0.9999253857184062,1.0,1303.1455524600035,1000.0,1302.6571524600035,1000.0,0.04016734730912305,0.0
14533,1694479080000.0,0.0,0.0,0.37,141.47,0.0,0.0,139.65,0.9999253857184062,1.0,1303.1455524600035,1000.0,1302.4721524600036,1000.0,0.04016734730912305,0.0
14534,1694482680000.0,0.0,0.0,0.37,141.47,0.0,0.0,139.95,0.9999253857184062,1.0,1303.1455524600035,1000.0,1302.5831524600035,1000.0,0.04016734730912305,0.0
14535,1694486280000.0,0.0,0.0,0.37,141.47,0.0,0.0,140.7,0.9999253857184062,1.0,1303.1455524600035,1000.0,1302.8606524600034,1000.0,0.04016734730912305,0.0
14536,1694489880000.0,0.0,0.0,0.37,141.47,0.0,0.0,141.2,0.9999253857184062,1.0,1303.1455524600035,1000.0,1303.0456524600036,1000.0,0.04016734730912305,0.0
14537,1694493480000.0,0.0,0.0,0.37,141.47,0.0,0.0,141.3,0.9999253857184062,1.0,1303.1455524600035,1000.0,1303.0826524600036,1000.0,0.04016734730912305,0.0
14538,1694497080000.0,0.0,0.0,0.37,141.47,0.0,0.0,140.85,0.9999253857184062,1.0,1303.1455524600035,1000.0,1302.9161524600036,1000.0,0.04016734730912305,0.0
14539,1694500680000.0,0.0,0.0,0.37,141.47,0.0,0.0,141.4,0.9999253857184062,1.0,1303.1455524600035,1000.0,1303.1196524600034,1000.0,0.04016734730912305,0.0
14540,1694504280000.0,0.0,0.0,0.37,141.47,0.0,0.0,141.05,0.9999253857184062,1.0,1303.1455524600035,1000.0,1302.9901524600034,1000.0,0.04016734730912305,0.0
14541,1694507880000.0,0.0,0.0,0.37,141.47,0.0,0.0,140.85,0.9999253857184062,1.0,1303.1455524600035,1000.0,1302.9161524600036,1000.0,0.04016734730912305,0.0
14542,1694511480000.0,0.0,0.0,0.37,141.47,0.0,0.0,140.4,0.9999253857184062,1.0,1303.1455524600035,1000.0,1302.7496524600035,1000.0,0.04016734730912305,0.0
14543,1694515080000.0,0.0,0.0,0.37,141.47,0.0,0.0,142.45,0.9999253857184062,1.0,1303.1455524600035,1000.0,1303.5081524600034,1000.0,0.04016734730912305,0.0
14544,1694518680000.0,0.0,0.0,0.37,141.47,0.0,0.0,142.1,0.9999253857184062,1.0,1303.1455524600035,1000.0,1303.3786524600034,1000.0,0.04016734730912305,0.0
14545,1694522280000.0,0.0,0.0,0.37,141.47,0.0,0.0,141.6,0.9999253857184062,1.0,1303.1455524600035,1000.0,1303.1936524600035,1000.0,0.04016734730912305,0.0
14546,1694525880000.0,0.0,0.0,0.37,141.47,0.0,0.0,141.55,0.9999253857184062,1.0,1303.1455524600035,1000.0,1303.1751524600036,1000.0,0.04016734730912305,0.0
14547,1694529480000.0,0.0,0.0,0.37,141.47,0.0,0.0,142.1,0.9999253857184062,1.0,1303.1455524600035,1000.0,1303.3786524600034,1000.0,0.04016734730912305,0.0
14548,1694533080000.0,0.0,0.0,0.37,141.47,0.0,0.0,142.25,0.9999253857184062,1.0,1303.1455524600035,1000.0,1303.4341524600036,1000.0,0.04016734730912305,0.0
14549,1694536680000.0,0.0,0.0,0.37,141.47,0.0,0.0,142.3,0.9999253857184062,1.0,1303.1455524600035,1000.0,1303.4526524600035,1000.0,0.04016734730912305,0.0
14550,1694540280000.0,0.0,0.0,0.37,141.47,0.0,0.0,141.2,0.9999253857184062,1.0,1303.1455524600035,1000.0,1303.0456524600036,1000.0,0.04016734730912305,0.0
14551,1694543880000.0,0.0,0.0,0.37,141.47,0.0,0.0,140.8,0.9999253857184062,1.0,1303.1455524600035,1000.0,1302.8976524600034,1000.0,0.04016734730912305,0.0
14552,1694547480000.0,0.0,0.0,0.37,141.47,0.0,0.0,141.65,0.9999253857184062,1.0,1303.1455524600035,1000.0,1303.2121524600036,1000.0,0.04016734730912305,0.0
14553,1694551080000.0,0.0,0.0,0.37,141.47,0.0,0.0,141.15,0.9999253857184062,1.0,1303.1455524600035,1000.0,1303.0271524600034,1000.0,0.04016734730912305,0.0
14554,1694554680000.0,0.0,0.0,0.37,141.47,0.0,0.0,141.35,0.9999253857184062,1.0,1303.1455524600035,1000.0,1303.1011524600035,1000.0,0.04016734730912305,0.0
14555,1694558280000.0,0.0,0.0,0.37,141.47,0.0,0.0,141.0,0.9999253857184062,1.0,1303.1455524600035,1000.0,1302.9716524600035,1000.0,0.04016734730912305,0.0
14556,1694561880000.0,0.0,0.0,0.37,141.47,0.0,0.0,140.75,0.9999253857184062,1.0,1303.1455524600035,1000.0,1302.8791524600035,1000.0,0.04016734730912305,0.0
14557,1694565480000.0,0.0,0.0,0.37,141.47,0.0,0.0,141.05,0.9999253857184062,1.0,1303.1455524600035,1000.0,1302.9901524600034,1000.0,0.04016734730912305,0.0
14558,1694569080000.0,0.0,0.0,0.37,141.47,0.0,0.0,141.45,0.9999253857184062,1.0,1303.1455524600035,1000.0,1303.1381524600035,1000.0,0.04016734730912305,0.0
14559,1694572680000.0,0.0,0.0,0.37,141.47,0.0,0.0,140.95,0.9999253857184062,1.0,1303.1455524600035,1000.0,1302.9531524600036,1000.0,0.04016734730912305,0.0
14560,1694576280000.0,0.0,0.0,0.37,141.47,0.0,0.0,141.35,0.9999253857184062,1.0,1303.1455524600035,1000.0,1303.1011524600035,1000.0,0.04016734730912305,0.0
14561,1694579880000.0,0.0,0.0,0.37,141.47,0.0,0.0,142.8,0.9999253857184062,1.0,1303.1455524600035,1000.0,1303.6376524600034,1000.0,0.04016734730912305,0.0
14562,1694583480000.0,0.0,0.0,0.37,141.47,0.0,0.0,142.5,0.9999253857184062,1.0,1303.1455524600035,1000.0,1303.5266524600036,1000.0,0.04016734730912305,0.0
14563,1694587080000.0,0.0,0.0,0.37,141.47,0.0,0.0,142.15,0.9999253857184062,1.0,1303.1455524600035,1000.0,1303.3971524600036,1000.0,0.04016734730912305,0.0
14564,1694590680000.0,0.0,0.0,0.37,141.47,0.0,0.0,144.1,0.9999253857184062,1.0,1303.1455524600035,1000.0,1304.1186524600034,1000.0,0.04016734730912305,0.0
14565,1694594280000.0,0.0,0.0,0.37,141.47,0.0,0.0,143.45,0.9999253857184062,1.0,1303.1455524600035,1000.0,1303.8781524600035,1000.0,0.04016734730912305,0.0
14566,1694597880000.0,0.0,0.0,0.37,141.47,0.0,0.0,143.4,0.9999253857184062,1.0,1303.1455524600035,1000.0,1303.8596524600034,1000.0,0.04016734730912305,0.0
14567,1694601480000.0,0.0,0.0,0.37,141.47,0.0,0.0,143.85,0.9999253857184062,1.0,1303.1455524600035,1000.0,1304.0261524600035,1000.0,0.04016734730912305,0.0
14568,1694605080000.0,0.0,0.0,0.37,141.47,0.0,0.0,144.35,0.9999253857184062,1.0,1303.1455524600035,1000.0,1304.2111524600034,1000.0,0.04016734730912305,0.0
14569,1694608680000.0,0.0,0.0,0.37,141.47,0.0,0.0,144.25,0.9999253857184062,1.0,1303.1455524600035,1000.0,1304.1741524600036,1000.0,0.04016734730912305,0.0
14570,1694612280000.0,0.0,0.0,0.37,141.47,0.0,0.0,143.9,0.9999253857184062,1.0,1303.1455524600035,1000.0,1304.0446524600036,1000.0,0.04016734730912305,0.0
14571,1694615880000.0,0.0,0.0,0.37,141.47,0.0,0.0,144.1,0.9999253857184062,1.0,1303.1455524600035,1000.0,1304.1186524600034,1000.0,0.04016734730912305,0.0
14572,1694619480000.0,0.0,0.0,0.37,141.47,0.0,0.0,143.95,0.9999253857184062,1.0,1303.1455524600035,1000.0,1304.0631524600035,1000.0,0.04016734730912305,0.0
14573,1694623080000.0,0.0,0.0,0.37,141.47,0.0,0.0,144.5,0.9999253857184062,1.0,1303.1455524600035,1000.0,1304.2666524600036,1000.0,0.04016734730912305,0.0
14574,1694626680000.0,0.0,0.0,0.37,141.47,0.0,0.0,144.45,0.9999253857184062,1.0,1303.1455524600035,1000.0,1304.2481524600034,1000.0,0.04016734730912305,0.0
14575,1694630280000.0,0.0,0.0,0.37,141.47,0.0,0.0,143.7,0.9999253857184062,1.0,1303.1455524600035,1000.0,1303.9706524600035,1000.0,0.04016734730912305,0.0
14576,1694633880000.0,0.0,0.0,0.37,141.47,0.0,0.0,143.55,0.9999253857184062,1.0,1303.1455524600035,1000.0,1303.9151524600036,1000.0,0.04016734730912305,0.0
14577,1694637480000.0,0.0,0.0,0.37,141.47,0.0,0.0,143.65,0.9999253857184062,1.0,1303.1455524600035,1000.0,1303.9521524600034,1000.0,0.04016734730912305,0.0
14578,1694641080000.0,0.0,0.0,0.37,141.47,0.0,0.0,142.9,0.9999253857184062,1.0,1303.1455524600035,1000.0,1303.6746524600035,1000.0,0.04016734730912305,0.0
14579,1694644680000.0,0.0,0.0,0.37,141.47,0.0,0.0,143.45,0.9999253857184062,1.0,1303.1455524600035,1000.0,1303.8781524600035,1000.0,0.04016734730912305,0.0
14580,1694648280000.0,0.0,0.0,0.37,141.47,0.0,0.0,142.85,0.9999253857184062,1.0,1303.1455524600035,1000.0,1303.6561524600036,1000.0,0.04016734730912305,0.0
14581,1694651880000.0,0.0,0.0,0.37,141.47,0.0,0.0,143.55,0.9999253857184062,1.0,1303.1455524600035,1000.0,1303.9151524600036,1000.0,0.04016734730912305,0.0
14582,1694655480000.0,0.0,0.0,0.37,141.47,0.0,0.0,143.4,0.9999253857184062,1.0,1303.1455524600035,1000.0,1303.8596524600034,1000.0,0.04016734730912305,0.0
14583,1694659080000.0,0.0,0.0,0.37,141.47,0.0,0.0,142.2,0.9999253857184062,1.0,1303.1455524600035,1000.0,1303.4156524600035,1000.0,0.04016734730912305,0.0
14584,1694662680000.0,0.0,0.0,0.37,141.47,0.0,0.0,142.95,0.9999253857184062,1.0,1303.1455524600035,1000.0,1303.6931524600036,1000.0,0.04016734730912305,0.0
14585,1694666280000.0,0.0,0.0,0.37,141.47,0.0,0.0,143.7,0.9999253857184062,1.0,1303.1455524600035,1000.0,1303.9706524600035,1000.0,0.04016734730912305,0.0
14586,1694669880000.0,0.0,0.0,0.37,141.47,0.0,0.0,143.65,0.9999253857184062,1.0,1303.1455524600035,1000.0,1303.9521524600034,1000.0,0.04016734730912305,0.0
14587,1694673480000.0,0.0,0.0,0.37,141.47,0.0,0.0,144.2,0.9999253857184062,1.0,1303.1455524600035,1000.0,1304.1556524600035,1000.0,0.04016734730912305,0.0
14588,1694677080000.0,0.0,0.0,0.37,141.47,0.0,0.0,144.3,0.9999253857184062,1.0,1303.1455524600035,1000.0,1304.1926524600035,1000.0,0.04016734730912305,0.0
14589,1694680680000.0,0.0,0.0,0.37,141.47,0.0,0.0,144.45,0.9999253857184062,1.0,1303.1455524600035,1000.0,1304.2481524600034,1000.0,0.04016734730912305,0.0
14590,1694684280000.0,0.0,0.0,0.37,141.47,0.0,0.0,143.9,0.9999253857184062,1.0,1303.1455524600035,1000.0,1304.0446524600036,1000.0,0.04016734730912305,0.0
14591,1694687880000.0,0.0,0.0,0.37,141.47,0.0,0.0,144.05,0.9999253857184062,1.0,1303.1455524600035,1000.0,1304.1001524600035,1000.0,0.04016734730912305,0.0
14592,1694691480000.0,0.0,0.0,0.37,141.47,0.0,0.0,144.45,0.9999253857184062,1.0,1303.1455524600035,1000.0,1304.2481524600034,1000.0,0.04016734730912305,0.0
14593,1694695080000.0,0.0,0.0,0.37,141.47,0.0,0.0,144.7,0.9999253857184062,1.0,1303.1455524600035,1000.0,1304.3406524600034,1000.0,0.04016734730912305,0.0
14594,1694698680000.0,0.0,0.0,0.37,141.47,0.0,0.0,145.1,0.9999253857184062,1.0,1303.1455524600035,1000.0,1304.4886524600036,1000.0,0.04016734730912305,0.0
14595,1694702280000.0,0.0,0.0,0.37,141.47,0.0,0.0,145.4,0.9999253857184062,1.0,1303.1455524600035,1000.0,1304.5996524600034,1000.0,0.04016734730912305,0.0
14596,1694705880000.0,0.0,0.0,0.37,141.47,0.0,0.0,145.45,0.9999253857184062,1.0,1303.1455524600035,1000.0,1304.6181524600036,1000.0,0.04016734730912305,0.0
14597,1694709480000.0,0.0,0.0,0.17,141.47,0.0,0.0,145.85,0.9999253857184062,1.0,1303.9897236600034,1000.0,1304.7343236600034,1000.0,0.018443320191586624,0.0
14598,1694713080000.0,0.0,0.0,0.17,141.47,0.0,0.0,145.55,0.9999253857184062,1.0,1303.9897236600034,1000.0,1304.6833236600035,1000.0,0.018443320191586624,0.0
14599,1694716680000.0,0.0,0.0,0.12,141.47,0.0,0.0,146.2,0.9999253857184062,1.0,1304.2007664600035,1000.0,1304.7683664600036,1000.0,0.013016707577989773,0.0
14600,1694720280000.0,0.0,0.0,0.12,141.47,0.0,0.0,146.0,0.9999253857184062,1.0,1304.2007664600035,1000.0,1304.7443664600034,1000.0,0.013016707577989773,0.0
14601,1694723880000.0,0.0,0.0,0.12,141.47,0.0,0.0,146.2,0.9999253857184062,1.0,1304.2007664600035,1000.0,1304.7683664600036,1000.0,0.013016707577989773,0.0
14602,1694727480000.0,0.0,0.0,0.12,141.47,0.0,0.0,146.6,0.9999253857184062,1.0,1304.2007664600035,1000.0,1304.8163664600036,1000.0,0.013016707577989773,0.0
14603,1694731080000.0,0.0,0.0,0.12,141.47,0.0,0.0,147.0,0.9999253857184062,1.0,1304.2007664600035,1000.0,1304.8643664600036,1000.0,0.013016707577989773,0.0
14604,1694734680000.0,0.0,0.0,0.06,141.47,0.0,0.0,145.75,0.9999253857184062,1.0,1304.4540178200036,1000.0,1304.7108178200037,1000.0,0.006507090233955071,0.0
14605,1694738280000.0,0.0,0.0,0.06,141.47,0.0,0.0,147.35,0.9999253857184062,1.0,1304.4540178200036,1000.0,1304.8068178200035,1000.0,0.006507090233955071,0.0
14606,1694741880000.0,0.0,0.0,0.06,141.47,0.0,0.0,148.0,0.9999253857184062,1.0,1304.4540178200036,1000.0,1304.8458178200037,1000.0,0.006507090233955071,0.0
14607,1694745480000.0,0.0,0.0,0.06,141.47,0.0,0.0,148.9,0.9999253857184062,1.0,1304.4540178200036,1000.0,1304.8998178200036,1000.0,0.006507090233955071,0.0
14608,1694749080000.0,0.0,0.0,0.06,141.47,0.0,0.0,148.4,0.9999253857184062,1.0,1304.4540178200036,1000.0,1304.8698178200036,1000.0,0.006507090233955071,0.0
14609,1694752680000.0,0.0,0.0,0.06,141.47,0.0,0.0,147.85,0.9999253857184062,1.0,1304.4540178200036,1000.0,1304.8368178200037,1000.0,0.006507090233955071,0.0
14610,1694756280000.0,0.0,0.0,0.06,141.47,0.0,0.0,147.75,0.9999253857184062,1.0,1304.4540178200036,1000.0,1304.8308178200036,1000.0,0.006507090233955071,0.0
14611,1694759880000.0,0.0,0.0,0.06,141.47,0.0,0.0,148.35,0.9999253857184062,1.0,1304.4540178200036,1000.0,1304.8668178200037,1000.0,0.006507090233955071,0.0
14612,1694763480000.0,0.0,0.0,0.06,141.47,0.0,0.0,147.6,0.9999253857184062,1.0,1304.4540178200036,1000.0,1304.8218178200036,1000.0,0.006507090233955071,0.0
14613,1694767080000.0,0.0,0.0,0.06,141.47,0.0,0.0,147.2,0.9999253857184062,1.0,1304.4540178200036,1000.0,1304.7978178200037,1000.0,0.006507090233955071,0.0
14614,1694770680000.0,0.0,0.0,0.06,141.47,0.0,0.0,147.35,0.9999253857184062,1.0,1304.4540178200036,1000.0,1304.8068178200035,1000.0,0.006507090233955071,0.0
14615,1694774280000.0,0.0,0.0,0.06,141.47,0.0,0.0,147.3,0.9999253857184062,1.0,1304.4540178200036,1000.0,1304.8038178200036,1000.0,0.006507090233955071,0.0
14616,1694777880000.0,0.0,0.0,0.06,141.47,0.0,0.0,146.8,0.9999253857184062,1.0,1304.4540178200036,1000.0,1304.7738178200036,1000.0,0.006507090233955071,0.0
14617,1694781480000.0,0.0,0.0,0.06,141.47,0.0,0.0,147.0,0.9999253857184062,1.0,1304.4540178200036,1000.0,1304.7858178200036,1000.0,0.006507090233955071,0.0
14618,1694785080000.0,0.0,0.0,0.06,141.47,0.0,0.0,147.45,0.9999253857184062,1.0,1304.4540178200036,1000.0,1304.8128178200036,1000.0,0.006507090233955071,0.0
14619,1694788680000.0,0.0,0.0,0.06,141.47,0.0,0.0,147.8,0.9999253857184062,1.0,1304.4540178200036,1000.0,1304.8338178200036,1000.0,0.006507090233955071,0.0
14620,1694792280000.0,0.0,0.0,0.06,141.47,0.0,0.0,147.0,0.9999253857184062,1.0,1304.4540178200036,1000.0,1304.7858178200036,1000.0,0.006507090233955071,0.0
14621,1694795880000.0,0.0,0.0,0.06,141.47,0.0,0.0,147.0,0.9999253857184062,1.0,1304.4540178200036,1000.0,1304.7858178200036,1000.0,0.006507090233955071,0.0
14622,1694799480000.0,0.0,0.0,0.06,141.47,0.0,0.0,147.9,0.9999253857184062,1.0,1304.4540178200036,1000.0,1304.8398178200036,1000.0,0.006507090233955071,0.0
14623,1694803080000.0,0.0,0.0,0.06,141.47,0.0,0.0,147.9,0.9999253857184062,1.0,1304.4540178200036,1000.0,1304.8398178200036,1000.0,0.006507090233955071,0.0
14624,1694806680000.0,0.0,0.0,0.06,141.47,0.0,0.0,147.75,0.9999253857184062,1.0,1304.4540178200036,1000.0,1304.8308178200036,1000.0,0.006507090233955071,0.0
14625,1694810280000.0,0.0,0.0,0.06,141.47,0.0,0.0,146.85,0.9999253857184062,1.0,1304.4540178200036,1000.0,1304.7768178200035,1000.0,0.006507090233955071,0.0
14626,1694813880000.0,0.0,0.0,0.06,141.47,0.0,0.0,146.6,0.9999253857184062,1.0,1304.4540178200036,1000.0,1304.7618178200037,1000.0,0.006507090233955071,0.0
14627,1694817480000.0,0.0,0.0,0.06,141.47,0.0,0.0,147.25,0.9999253857184062,1.0,1304.4540178200036,1000.0,1304.8008178200037,1000.0,0.006507090233955071,0.0
14628,1694821080000.0,0.0,0.0,0.06,141.47,0.0,0.0,147.3,0.9999253857184062,1.0,1304.4540178200036,1000.0,1304.8038178200036,1000.0,0.006507090233955071,0.0
14629,1694824680000.0,0.0,0.0,0.06,141.47,0.0,0.0,147.45,0.9999253857184062,1.0,1304.4540178200036,1000.0,1304.8128178200036,1000.0,0.006507090233955071,0.0
14630,1694828280000.0,0.0,0.0,0.06,141.47,0.0,0.0,147.75,0.9999253857184062,1.0,1304.4540178200036,1000.0,1304.8308178200036,1000.0,0.006507090233955071,0.0
14631,1694831880000.0,0.0,0.0,0.06,141.47,0.0,0.0,147.4,0.9999253857184062,1.0,1304.4540178200036,1000.0,1304.8098178200037,1000.0,0.006507090233955071,0.0
14632,1694835480000.0,0.0,0.0,0.06,141.47,0.0,0.0,146.4,0.9999253857184062,1.0,1304.4540178200036,1000.0,1304.7498178200037,1000.0,0.006507090233955071,0.0
14633,1694839080000.0,0.0,0.0,0.06,141.47,0.0,0.0,146.35,0.9999253857184062,1.0,1304.4540178200036,1000.0,1304.7468178200036,1000.0,0.006507090233955071,0.0
14634,1694842680000.0,0.0,0.0,0.06,141.47,0.0,0.0,146.5,0.9999253857184062,1.0,1304.4540178200036,1000.0,1304.7558178200036,1000.0,0.006507090233955071,0.0
14635,1694846280000.0,0.0,0.0,0.06,141.47,0.0,0.0,145.95,0.9999253857184062,1.0,1304.4540178200036,1000.0,1304.7228178200037,1000.0,0.006507090233955071,0.0
14636,1694849880000.0,0.0,0.0,0.04,141.47,0.0,0.0,145.55,0.9999253857184062,1.0,1304.5384349400038,1000.0,1304.7016349400037,1000.0,0.004337779438641262,0.0
14637,1694853480000.0,0.0,0.0,0.04,141.47,0.0,0.0,145.3,0.9999253857184062,1.0,1304.5384349400038,1000.0,1304.6916349400037,1000.0,0.004337779438641262,0.0
14638,1694857080000.0,0.0,0.0,0.04,141.47,0.0,0.0,145.2,0.9999253857184062,1.0,1304.5384349400038,1000.0,1304.6876349400038,1000.0,0.004337779438641262,0.0
14639,1694860680000.0,0.0,0.0,0.04,141.47,0.0,0.0,144.85,0.9999253857184062,1.0,1304.5384349400038,1000.0,1304.6736349400037,1000.0,0.004337779438641262,0.0
14640,1694864280000.0,0.0,0.0,0.04,141.47,0.0,0.0,144.8,0.9999253857184062,1.0,1304.5384349400038,1000.0,1304.6716349400037,1000.0,0.004337779438641262,0.0
14641,1694867880000.0,0.0,0.0,0.04,141.47,0.0,0.0,145.4,0.9999253857184062,1.0,1304.5384349400038,1000.0,1304.6956349400039,1000.0,0.004337779438641262,0.0
14642,1694871480000.0,0.0,0.0,0.04,141.47,0.0,0.0,144.65,0.9999253857184062,1.0,1304.5384349400038,1000.0,1304.6656349400037,1000.0,0.004337779438641262,0.0
14643,1694875080000.0,0.0,0.0,0.04,141.47,0.0,0.0,144.45,0.9999253857184062,1.0,1304.5384349400038,1000.0,1304.6576349400038,1000.0,0.004337779438641262,0.0
14644,1694878680000.0,0.0,0.0,0.04,141.47,0.0,0.0,144.45,0.9999253857184062,1.0,1304.5384349400038,1000.0,1304.6576349400038,1000.0,0.004337779438641262,0.0
14645,1694882280000.0,0.0,0.0,0.04,141.47,0.0,0.0,144.6,0.9999253857184062,1.0,1304.5384349400038,1000.0,1304.6636349400037,1000.0,0.004337779438641262,0.0
14646,1694885880000.0,0.0,0.0,0.04,141.47,0.0,0.0,145.05,0.9999253857184062,1.0,1304.5384349400038,1000.0,1304.6816349400037,1000.0,0.004337779438641262,0.0
14647,1694889480000.0,0.0,0.0,0.04,141.47,0.0,0.0,145.4,0.9999253857184062,1.0,1304.5384349400038,1000.0,1304.6956349400039,1000.0,0.004337779438641262,0.0
14648,1694893080000.0,0.0,0.0,0.04,141.47,0.0,0.0,144.95,0.9999253857184062,1.0,1304.5384349400038,1000.0,1304.6776349400038,1000.0,0.004337779438641262,0.0
14649,1694896680000.0,0.0,0.0,0.04,141.47,0.0,0.0,145.45,0.9999253857184062,1.0,1304.5384349400038,1000.0,1304.6976349400038,1000.0,0.004337779438641262,0.0
14650,1694900280000.0,0.0,0.0,0.03,141.47,0.0,0.0,145.35,0.9999253857184062,1.0,1304.5806435000038,1000.0,1304.697043500004,1000.0,0.0032532293202003093,0.0
14651,1694903880000.0,0.0,0.0,0.03,141.47,0.0,0.0,144.5,0.9999253857184062,1.0,1304.5806435000038,1000.0,1304.6715435000037,1000.0,0.0032532293202003093,0.0
14652,1694907480000.0,0.0,0.0,0.03,141.47,0.0,0.0,144.35,0.9999253857184062,1.0,1304.5806435000038,1000.0,1304.6670435000037,1000.0,0.0032532293202003093,0.0
14653,1694911080000.0,0.0,0.0,0.03,141.47,0.0,0.0,143.75,0.9999253857184062,1.0,1304.5806435000038,1000.0,1304.649043500004,1000.0,0.0032532293202003093,0.0
14654,1694914680000.0,0.0,0.0,0.03,141.47,0.0,0.0,143.65,0.9999253857184062,1.0,1304.5806435000038,1000.0,1304.6460435000038,1000.0,0.0032532293202003093,0.0
14655,1694918280000.0,0.0,0.0,0.03,141.47,0.0,0.0,143.35,0.9999253857184062,1.0,1304.5806435000038,1000.0,1304.6370435000038,1000.0,0.0032532293202003093,0.0
14656,1694921880000.0,0.0,0.0,0.03,141.47,0.0,0.0,143.5,0.9999253857184062,1.0,1304.5806435000038,1000.0,1304.6415435000038,1000.0,0.0032532293202003093,0.0
14657,1694925480000.0,0.0,0.0,0.03,141.47,0.0,0.0,143.55,0.9999253857184062,1.0,1304.5806435000038,1000.0,1304.6430435000038,1000.0,0.0032532293202003093,0.0
14658,1694929080000.0,0.0,0.0,0.03,141.47,0.0,0.0,143.5,0.9999253857184062,1.0,1304.5806435000038,1000.0,1304.6415435000038,1000.0,0.0032532293202003093,0.0
14659,1694932680000.0,0.0,0.0,0.03,141.47,0.0,0.0,143.6,0.9999253857184062,1.0,1304.5806435000038,1000.0,1304.644543500004,1000.0,0.0032532293202003093,0.0
14660,1694936280000.0,0.0,0.0,0.03,141.47,0.0,0.0,143.95,0.9999253857184062,1.0,1304.5806435000038,1000.0,1304.6550435000038,1000.0,0.0032532293202003093,0.0
14661,1694939880000.0,0.0,0.0,0.03,141.47,0.0,0.0,144.55,0.9999253857184062,1.0,1304.5806435000038,1000.0,1304.6730435000038,1000.0,0.0032532293202003093,0.0
14662,1694943480000.0,0.0,0.0,0.03,141.47,0.0,0.0,144.8,0.9999253857184062,1.0,1304.5806435000038,1000.0,1304.6805435000038,1000.0,0.0032532293202003093,0.0
14663,1694947080000.0,0.0,0.0,0.01,141.47,0.0,0.0,145.75,0.9999253857184062,1.0,1304.665060620004,1000.0,1304.7078606200039,1000.0,0.0010843396076903487,0.0
14664,1694950680000.0,0.0,0.0,0.0,141.47,0.0,0.0,145.55,0.9999253857184062,1.0,1304.707269180004,1000.0,1304.707269180004,1000.0,0.0,0.0
14665,1694954280000.0,0.0,0.0,0.0,141.47,0.0,0.0,144.8,0.9999253857184062,1.0,1304.707269180004,1000.0,1304.707269180004,1000.0,0.0,0.0
14666,1694957880000.0,0.0,0.0,0.0,141.47,0.0,0.0,144.35,0.9999253857184062,1.0,1304.707269180004,1000.0,1304.707269180004,1000.0,0.0,0.0
14667,1694961480000.0,0.0,0.0,0.0,141.47,0.0,0.0,144.55,0.9999253857184062,1.0,1304.707269180004,1000.0,1304.707269180004,1000.0,0.0,0.0
14668,1694965080000.0,0.0,0.0,0.0,141.47,0.0,0.0,144.45,0.9999253857184062,1.0,1304.707269180004,1000.0,1304.707269180004,1000.0,0.0,0.0
14669,1694968680000.0,0.0,0.0,0.0,141.47,0.0,0.0,144.2,0.9999253857184062,1.0,1304.707269180004,1000.0,1304.707269180004,1000.0,0.0,0.0
14670,1694972280000.0,0.0,0.0,0.0,141.47,0.0,0.0,144.35,0.9999253857184062,1.0,1304.707269180004,1000.0,1304.707269180004,1000.0,0.0,0.0
14671,1694975880000.0,0.0,0.0,0.0,141.47,0.0,0.0,145.3,0.9999253857184062,1.0,1304.707269180004,1000.0,1304.707269180004,1000.0,0.0,0.0
14672,1694979480000.0,0.0,0.0,0.0,141.47,0.0,0.0,145.55,0.9999253857184062,1.0,1304.707269180004,1000.0,1304.707269180004,1000.0,0.0,0.0
14673,1694983080000.0,0.0,0.0,0.0,141.47,0.0,0.0,145.8,0.9999253857184062,1.0,1304.707269180004,1000.0,1304.707269180004,1000.0,0.0,0.0
14674,1694986680000.0,0.0,0.0,0.0,141.47,0.0,0.0,145.4,0.9999253857184062,1.0,1304.707269180004,1000.0,1304.707269180004,1000.0,0.0,0.0
14675,1694990280000.0,0.0,0.0,0.0,141.47,0.0,0.0,145.5,0.9999253857184062,1.0,1304.707269180004,1000.0,1304.707269180004,1000.0,0.0,0.0
14676,1694993880000.0,0.0,0.0,0.0,141.47,0.0,0.0,145.45,0.9999253857184062,1.0,1304.707269180004,1000.0,1304.707269180004,1000.0,0.0,0.0
14677,1694997480000.0,0.0,0.0,0.0,141.47,0.0,0.0,145.55,0.9999253857184062,1.0,1304.707269180004,1000.0,1304.707269180004,1000.0,0.0,0.0
14678,1695001080000.0,0.0,0.0,0.0,141.47,0.0,0.0,146.15,0.9999253857184062,1.0,1304.707269180004,1000.0,1304.707269180004,1000.0,0.0,0.0
14679,1695004680000.0,0.0,0.0,0.0,141.47,0.0,0.0,146.85,0.9999253857184062,1.0,1304.707269180004,1000.0,1304.707269180004,1000.0,0.0,0.0
14680,1695008280000.0,0.0,0.0,0.0,141.47,0.0,0.0,146.5,0.9999253857184062,1.0,1304.707269180004,1000.0,1304.707269180004,1000.0,0.0,0.0
14681,1695011880000.0,0.0,0.0,0.0,141.47,0.0,0.0,146.35,0.9999253857184062,1.0,1304.707269180004,1000.0,1304.707269180004,1000.0,0.0,0.0
14682,1695015480000.0,0.0,0.0,0.0,141.47,0.0,0.0,146.75,0.9999253857184062,1.0,1304.707269180004,1000.0,1304.707269180004,1000.0,0.0,0.0
14683,1695019080000.0,0.0,0.0,0.0,141.47,0.0,0.0,146.55,0.9999253857184062,1.0,1304.707269180004,1000.0,1304.707269180004,1000.0,0.0,0.0
14684,1695022680000.0,0.0,0.0,0.0,141.47,0.0,0.0,146.9,0.9999253857184062,1.0,1304.707269180004,1000.0,1304.707269180004,1000.0,0.0,0.0
14685,1695026280000.0,0.0,0.0,0.0,141.47,0.0,0.0,146.5,0.9999253857184062,1.0,1304.707269180004,1000.0,1304.707269180004,1000.0,0.0,0.0
14686,1695029880000.0,0.0,0.0,0.0,141.47,0.0,0.0,147.55,0.9999253857184062,1.0,1304.707269180004,1000.0,1304.707269180004,1000.0,0.0,0.0
14687,1695033480000.0,0.0,0.0,0.0,141.47,0.0,0.0,147.25,0.9999253857184062,1.0,1304.707269180004,1000.0,1304.707269180004,1000.0,0.0,0.0
14688,1695037080000.0,0.0,0.0,0.0,141.47,0.0,0.0,147.2,0.9999253857184062,1.0,1304.707269180004,1000.0,1304.707269180004,1000.0,0.0,0.0
14689,1695040680000.0,0.0,0.0,0.0,141.47,0.0,0.0,147.3,0.9999253857184062,1.0,1304.707269180004,1000.0,1304.707269180004,1000.0,0.0,0.0
14690,1695044280000.0,0.0,0.0,0.0,141.47,0.0,0.0,147.3,0.9999253857184062,1.0,1304.707269180004,1000.0,1304.707269180004,1000.0,0.0,0.0
14691,1695047880000.0,0.0,0.0,0.0,141.47,0.0,0.0,146.8,0.9999253857184062,1.0,1304.707269180004,1000.0,1304.707269180004,1000.0,0.0,0.0
14692,1695051480000.0,0.0,0.0,0.0,141.47,0.0,0.0,146.55,0.9999253857184062,1.0,1304.707269180004,1000.0,1304.707269180004,1000.0,0.0,0.0
14693,1695055080000.0,0.0,0.0,0.0,141.47,0.0,0.0,146.65,0.9999253857184062,1.0,1304.707269180004,1000.0,1304.707269180004,1000.0,0.0,0.0
14694,1695058680000.0,0.0,0.0,0.0,141.47,0.0,0.0,145.35,0.9999253857184062,1.0,1304.707269180004,1000.0,1304.707269180004,1000.0,0.0,0.0
14695,1695062280000.0,0.0,0.0,0.0,141.47,0.0,0.0,145.3,0.9999253857184062,1.0,1304.707269180004,1000.0,1304.707269180004,1000.0,0.0,0.0
14696,1695065880000.0,0.0,0.0,0.0,141.47,0.0,0.0,145.6,0.9999253857184062,1.0,1304.707269180004,1000.0,1304.707269180004,1000.0,0.0,0.0
14697,1695069480000.0,0.0,0.0,0.0,141.47,0.0,0.0,145.05,0.9999253857184062,1.0,1304.707269180004,1000.0,1304.707269180004,1000.0,0.0,0.0
14698,1695073080000.0,0.0,0.0,0.0,141.47,0.0,0.0,145.6,0.9999253857184062,1.0,1304.707269180004,1000.0,1304.707269180004,1000.0,0.0,0.0
14699,1695076680000.0,0.0,0.0,0.0,141.47,0.0,0.0,145.6,0.9999253857184062,1.0,1304.707269180004,1000.0,1304.707269180004,1000.0,0.0,0.0
14700,1695080280000.0,0.0,0.0,0.0,141.47,0.0,0.0,145.6,0.9999253857184062,1.0,1304.707269180004,1000.0,1304.707269180004,1000.0,0.0,0.0
14701,1695083880000.0,0.0,0.0,0.0,141.47,0.0,0.0,146.05,0.9999253857184062,1.0,1304.707269180004,1000.0,1304.707269180004,1000.0,0.0,0.0
14702,1695087480000.0,0.0,0.0,0.0,141.47,0.0,0.0,146.35,0.9999253857184062,1.0,1304.707269180004,1000.0,1304.707269180004,1000.0,0.0,0.0
14703,1695091080000.0,0.0,0.0,0.0,141.47,0.0,0.0,146.85,0.9999253857184062,1.0,1304.707269180004,1000.0,1304.707269180004,1000.0,0.0,0.0
14704,1695094680000.0,0.0,0.0,0.0,141.47,0.0,0.0,146.65,0.9999253857184062,1.0,1304.707269180004,1000.0,1304.707269180004,1000.0,0.0,0.0
14705,1695098280000.0,0.0,0.0,0.0,141.47,0.0,0.0,146.45,0.9999253857184062,1.0,1304.707269180004,1000.0,1304.707269180004,1000.0,0.0,0.0
14706,1695101880000.0,0.0,0.0,0.0,141.47,0.0,0.0,146.85,0.9999253857184062,1.0,1304.707269180004,1000.0,1304.707269180004,1000.0,0.0,0.0
14707,1695105480000.0,0.0,0.0,0.0,141.47,0.0,0.0,146.85,0.9999253857184062,1.0,1304.707269180004,1000.0,1304.707269180004,1000.0,0.0,0.0
14708,1695109080000.0,0.0,0.0,0.0,141.47,0.0,0.0,146.85,0.9999253857184062,1.0,1304.707269180004,1000.0,1304.707269180004,1000.0,0.0,0.0
14709,1695112680000.0,0.0,0.0,0.0,141.47,0.0,0.0,147.05,0.9999253857184062,1.0,1304.707269180004,1000.0,1304.707269180004,1000.0,0.0,0.0
14710,1695116280000.0,0.0,0.0,0.0,141.47,0.0,0.0,147.9,0.9999253857184062,1.0,1304.707269180004,1000.0,1304.707269180004,1000.0,0.0,0.0
14711,1695119880000.0,0.0,0.0,0.0,141.47,0.0,0.0,148.0,0.9999253857184062,1.0,1304.707269180004,1000.0,1304.707269180004,1000.0,0.0,0.0
14712,1695123480000.0,0.0,0.0,0.0,141.47,0.0,0.0,148.25,0.9999253857184062,1.0,1304.707269180004,1000.0,1304.707269180004,1000.0,0.0,0.0
14713,1695127080000.0,0.0,0.0,0.0,141.47,0.0,0.0,147.7,0.9999253857184062,1.0,1304.707269180004,1000.0,1304.707269180004,1000.0,0.0,0.0
14714,1695130680000.0,0.0,0.0,0.0,141.47,0.0,0.0,147.9,0.9999253857184062,1.0,1304.707269180004,1000.0,1304.707269180004,1000.0,0.0,0.0
14715,1695134280000.0,0.0,0.0,0.0,141.47,0.0,0.0,147.2,0.9999253857184062,1.0,1304.707269180004,1000.0,1304.707269180004,1000.0,0.0,0.0
14716,1695137880000.0,0.0,0.0,0.0,141.47,0.0,0.0,147.7,0.9999253857184062,1.0,1304.707269180004,1000.0,1304.707269180004,1000.0,0.0,0.0
14717,1695141480000.0,0.0,0.0,0.0,141.47,0.0,0.0,147.1,0.9999253857184062,1.0,1304.707269180004,1000.0,1304.707269180004,1000.0,0.0,0.0
14718,1695145080000.0,0.0,0.0,0.0,141.47,0.0,0.0,146.65,0.9999253857184062,1.0,1304.707269180004,1000.0,1304.707269180004,1000.0,0.0,0.0
14719,1695148680000.0,0.0,0.0,0.0,141.47,0.0,0.0,147.1,0.9999253857184062,1.0,1304.707269180004,1000.0,1304.707269180004,1000.0,0.0,0.0
14720,1695152280000.0,0.0,0.0,0.0,141.47,0.0,0.0,147.75,0.9999253857184062,1.0,1304.707269180004,1000.0,1304.707269180004,1000.0,0.0,0.0
14721,1695155880000.0,0.0,0.0,0.0,141.47,0.0,0.0,147.3,0.9999253857184062,1.0,1304.707269180004,1000.0,1304.707269180004,1000.0,0.0,0.0
14722,1695159480000.0,0.0,0.0,0.0,141.47,0.0,0.0,147.1,0.9999253857184062,1.0,1304.707269180004,1000.0,1304.707269180004,1000.0,0.0,0.0
14723,1695163080000.0,0.0,0.0,0.0,141.47,0.0,0.0,147.45,0.9999253857184062,1.0,1304.707269180004,1000.0,1304.707269180004,1000.0,0.0,0.0
14724,1695166680000.0,0.0,0.0,0.0,141.47,0.0,0.0,147.65,0.9999253857184062,1.0,1304.707269180004,1000.0,1304.707269180004,1000.0,0.0,0.0
14725,1695170280000.0,0.0,0.0,0.0,141.47,0.0,0.0,147.3,0.9999253857184062,1.0,1304.707269180004,1000.0,1304.707269180004,1000.0,0.0,0.0
14726,1695173880000.0,0.0,0.0,0.0,141.47,0.0,0.0,148.05,0.9999253857184062,1.0,1304.707269180004,1000.0,1304.707269180004,1000.0,0.0,0.0
14727,1695177480000.0,0.0,0.0,0.0,141.47,0.0,0.0,148.05,0.9999253857184062,1.0,1304.707269180004,1000.0,1304.707269180004,1000.0,0.0,0.0
14728,1695181080000.0,0.0,0.0,0.0,141.47,0.0,0.0,147.2,0.9999253857184062,1.0,1304.707269180004,1000.0,1304.707269180004,1000.0,0.0,0.0
14729,1695184680000.0,0.0,0.0,0.0,141.47,0.0,0.0,146.35,0.9999253857184062,1.0,1304.707269180004,1000.0,1304.707269180004,1000.0,0.0,0.0
14730,1695188280000.0,0.0,0.0,0.0,141.47,0.0,0.0,146.7,0.9999253857184062,1.0,1304.707269180004,1000.0,1304.707269180004,1000.0,0.0,0.0
14731,1695191880000.0,0.0,0.0,0.0,141.47,0.0,0.0,146.15,0.9999253857184062,1.0,1304.707269180004,1000.0,1304.707269180004,1000.0,0.0,0.0
14732,1695195480000.0,0.0,0.0,0.0,141.47,0.0,0.0,146.5,0.9999253857184062,1.0,1304.707269180004,1000.0,1304.707269180004,1000.0,0.0,0.0
14733,1695199080000.0,0.0,0.0,0.0,141.47,0.0,0.0,147.4,0.9999253857184062,1.0,1304.707269180004,1000.0,1304.707269180004,1000.0,0.0,0.0
14734,1695202680000.0,0.0,0.0,0.0,141.47,0.0,0.0,147.15,0.9999253857184062,1.0,1304.707269180004,1000.0,1304.707269180004,1000.0,0.0,0.0
14735,1695206280000.0,0.0,0.0,0.0,141.47,0.0,0.0,146.75,0.9999253857184062,1.0,1304.707269180004,1000.0,1304.707269180004,1000.0,0.0,0.0
14736,1695209880000.0,0.0,0.0,0.0,141.47,0.0,0.0,147.0,0.9999253857184062,1.0,1304.707269180004,1000.0,1304.707269180004,1000.0,0.0,0.0
14737,1695213480000.0,0.0,0.0,0.0,141.47,0.0,0.0,146.7,0.9999253857184062,1.0,1304.707269180004,1000.0,1304.707269180004,1000.0,0.0,0.0
14738,1695217080000.0,0.0,0.0,0.0,141.47,0.0,0.0,147.65,0.9999253857184062,1.0,1304.707269180004,1000.0,1304.707269180004,1000.0,0.0,0.0
14739,1695220680000.0,0.0,0.0,0.0,141.47,0.0,0.0,147.8,0.9999253857184062,1.0,1304.707269180004,1000.0,1304.707269180004,1000.0,0.0,0.0
14740,1695224280000.0,0.0,0.0,0.0,141.47,0.0,0.0,147.5,0.9999253857184062,1.0,1304.707269180004,1000.0,1304.707269180004,1000.0,0.0,0.0
14741,1695227880000.0,0.0,0.0,0.0,141.47,0.0,0.0,147.9,0.9999253857184062,1.0,1304.707269180004,1000.0,1304.707269180004,1000.0,0.0,0.0
14742,1695231480000.0,0.0,0.0,0.0,141.47,0.0,0.0,147.8,0.9999253857184062,1.0,1304.707269180004,1000.0,1304.707269180004,1000.0,0.0,0.0
14743,1695235080000.0,0.0,0.0,0.0,141.47,0.0,0.0,147.6,0.9999253857184062,1.0,1304.707269180004,1000.0,1304.707269180004,1000.0,0.0,0.0
14744,1695238680000.0,0.0,0.0,0.0,141.47,0.0,0.0,146.8,0.9999253857184062,1.0,1304.707269180004,1000.0,1304.707269180004,1000.0,0.0,0.0
14745,1695242280000.0,0.0,0.0,0.0,141.47,0.0,0.0,146.9,0.9999253857184062,1.0,1304.707269180004,1000.0,1304.707269180004,1000.0,0.0,0.0
14746,1695245880000.0,0.0,0.0,0.0,141.47,0.0,0.0,147.7,0.9999253857184062,1.0,1304.707269180004,1000.0,1304.707269180004,1000.0,0.0,0.0
14747,1695249480000.0,0.0,0.0,0.0,141.47,0.0,0.0,147.6,0.9999253857184062,1.0,1304.707269180004,1000.0,1304.707269180004,1000.0,0.0,0.0
14748,1695253080000.0,0.0,0.0,0.0,141.47,0.0,0.0,148.05,0.9999253857184062,1.0,1304.707269180004,1000.0,1304.707269180004,1000.0,0.0,0.0
14749,1695256680000.0,0.0,0.0,0.0,141.47,0.0,0.0,148.05,0.9999253857184062,1.0,1304.707269180004,1000.0,1304.707269180004,1000.0,0.0,0.0
14750,1695260280000.0,0.0,0.0,0.0,141.47,0.0,0.0,147.85,0.9999253857184062,1.0,1304.707269180004,1000.0,1304.707269180004,1000.0,0.0,0.0
14751,1695263880000.0,0.0,0.0,0.0,141.47,0.0,0.0,147.85,0.9999253857184062,1.0,1304.707269180004,1000.0,1304.707269180004,1000.0,0.0,0.0
14752,1695267480000.0,0.0,0.0,0.0,141.47,0.0,0.0,148.0,0.9999253857184062,1.0,1304.707269180004,1000.0,1304.707269180004,1000.0,0.0,0.0
14753,1695271080000.0,0.0,0.0,0.0,141.47,0.0,0.0,148.1,0.9999253857184062,1.0,1304.707269180004,1000.0,1304.707269180004,1000.0,0.0,0.0
14754,1695274680000.0,0.0,0.0,0.0,141.47,0.0,0.0,147.9,0.9999253857184062,1.0,1304.707269180004,1000.0,1304.707269180004,1000.0,0.0,0.0
14755,1695278280000.0,0.0,0.0,0.0,141.47,0.0,0.0,147.45,0.9999253857184062,1.0,1304.707269180004,1000.0,1304.707269180004,1000.0,0.0,0.0
14756,1695281880000.0,0.0,0.0,0.0,141.47,0.0,0.0,147.1,0.9999253857184062,1.0,1304.707269180004,1000.0,1304.707269180004,1000.0,0.0,0.0
14757,1695285480000.0,0.0,0.0,0.0,141.47,0.0,0.0,146.45,0.9999253857184062,1.0,1304.707269180004,1000.0,1304.707269180004,1000.0,0.0,0.0
14758,1695289080000.0,0.0,0.0,0.0,141.47,0.0,0.0,145.85,0.9999253857184062,1.0,1304.707269180004,1000.0,1304.707269180004,1000.0,0.0,0.0
14759,1695292680000.0,0.0,0.0,0.0,141.47,0.0,0.0,146.15,0.9999253857184062,1.0,1304.707269180004,1000.0,1304.707269180004,1000.0,0.0,0.0
14760,1695296280000.0,0.0,0.0,0.0,141.47,0.0,0.0,146.15,0.9999253857184062,1.0,1304.707269180004,1000.0,1304.707269180004,1000.0,0.0,0.0
14761,1695299880000.0,0.0,0.0,0.0,141.47,0.0,0.0,146.1,0.9999253857184062,1.0,1304.707269180004,1000.0,1304.707269180004,1000.0,0.0,0.0
14762,1695303480000.0,0.0,0.0,0.0,141.47,0.0,0.0,145.75,0.9999253857184062,1.0,1304.707269180004,1000.0,1304.707269180004,1000.0,0.0,0.0
14763,1695307080000.0,0.0,0.0,0.0,141.47,0.0,0.0,146.25,0.9999253857184062,1.0,1304.707269180004,1000.0,1304.707269180004,1000.0,0.0,0.0
14764,1695310680000.0,0.0,0.0,0.0,141.47,0.0,0.0,146.2,0.9999253857184062,1.0,1304.707269180004,1000.0,1304.707269180004,1000.0,0.0,0.0
14765,1695314280000.0,0.0,0.0,0.0,141.47,0.0,0.0,146.95,0.9999253857184062,1.0,1304.707269180004,1000.0,1304.707269180004,1000.0,0.0,0.0
14766,1695317880000.0,0.0,0.0,0.0,141.47,0.0,0.0,147.0,0.9999253857184062,1.0,1304.707269180004,1000.0,1304.707269180004,1000.0,0.0,0.0
14767,1695321480000.0,0.0,0.0,0.0,141.47,0.0,0.0,146.8,0.9999253857184062,1.0,1304.707269180004,1000.0,1304.707269180004,1000.0,0.0,0.0
14768,1695325080000.0,0.0,0.0,0.0,141.47,0.0,0.0,146.55,0.9999253857184062,1.0,1304.707269180004,1000.0,1304.707269180004,1000.0,0.0,0.0
14769,1695328680000.0,0.0,0.0,0.0,141.47,0.0,0.0,146.3,0.9999253857184062,1.0,1304.707269180004,1000.0,1304.707269180004,1000.0,0.0,0.0
14770,1695332280000.0,0.0,0.0,0.0,141.47,0.0,0.0,146.15,0.9999253857184062,1.0,1304.707269180004,1000.0,1304.707269180004,1000.0,0.0,0.0
14771,1695335880000.0,0.0,0.0,0.0,141.47,0.0,0.0,146.55,0.9999253857184062,1.0,1304.707269180004,1000.0,1304.707269180004,1000.0,0.0,0.0
14772,1695339480000.0,0.0,0.0,0.0,141.47,0.0,0.0,145.15,0.9999253857184062,1.0,1304.707269180004,1000.0,1304.707269180004,1000.0,0.0,0.0
14773,1695343080000.0,0.0,0.0,0.0,141.47,0.0,0.0,145.5,0.9999253857184062,1.0,1304.707269180004,1000.0,1304.707269180004,1000.0,0.0,0.0
14774,1695346680000.0,0.0,0.0,0.0,141.47,0.0,0.0,145.6,0.9999253857184062,1.0,1304.707269180004,1000.0,1304.707269180004,1000.0,0.0,0.0
14775,1695350280000.0,0.0,0.0,0.0,141.47,0.0,0.0,145.55,0.9999253857184062,1.0,1304.707269180004,1000.0,1304.707269180004,1000.0,0.0,0.0
14776,1695353880000.0,0.0,0.0,0.0,141.47,0.0,0.0,146.0,0.9999253857184062,1.0,1304.707269180004,1000.0,1304.707269180004,1000.0,0.0,0.0
14777,1695357480000.0,0.0,0.0,0.0,141.47,0.0,0.0,146.4,0.9999253857184062,1.0,1304.707269180004,1000.0,1304.707269180004,1000.0,0.0,0.0
14778,1695361080000.0,0.0,0.0,0.0,141.47,0.0,0.0,146.3,0.9999253857184062,1.0,1304.707269180004,1000.0,1304.707269180004,1000.0,0.0,0.0
14779,1695364680000.0,0.0,0.0,0.0,141.47,0.0,0.0,146.3,0.9999253857184062,1.0,1304.707269180004,1000.0,1304.707269180004,1000.0,0.0,0.0
14780,1695368280000.0,0.0,0.0,0.0,141.47,0.0,0.0,146.2,0.9999253857184062,1.0,1304.707269180004,1000.0,1304.707269180004,1000.0,0.0,0.0
14781,1695371880000.0,0.0,0.0,0.0,141.47,0.0,0.0,146.75,0.9999253857184062,1.0,1304.707269180004,1000.0,1304.707269180004,1000.0,0.0,0.0
14782,1695375480000.0,0.0,0.0,0.0,141.47,0.0,0.0,146.3,0.9999253857184062,1.0,1304.707269180004,1000.0,1304.707269180004,1000.0,0.0,0.0
14783,1695379080000.0,0.0,0.0,0.0,141.47,0.0,0.0,146.0,0.9999253857184062,1.0,1304.707269180004,1000.0,1304.707269180004,1000.0,0.0,0.0
14784,1695382680000.0,0.0,0.0,0.0,141.47,0.0,0.0,146.05,0.9999253857184062,1.0,1304.707269180004,1000.0,1304.707269180004,1000.0,0.0,0.0
14785,1695386280000.0,0.0,0.0,0.0,141.47,0.0,0.0,145.9,0.9999253857184062,1.0,1304.707269180004,1000.0,1304.707269180004,1000.0,0.0,0.0
14786,1695389880000.0,0.0,0.0,0.0,141.47,0.0,0.0,145.6,0.9999253857184062,1.0,1304.707269180004,1000.0,1304.707269180004,1000.0,0.0,0.0
14787,1695393480000.0,0.0,0.0,0.0,141.47,0.0,0.0,145.55,0.9999253857184062,1.0,1304.707269180004,1000.0,1304.707269180004,1000.0,0.0,0.0
14788,1695397080000.0,0.0,0.0,0.0,141.47,0.0,0.0,145.35,0.9999253857184062,1.0,1304.707269180004,1000.0,1304.707269180004,1000.0,0.0,0.0
14789,1695400680000.0,0.0,0.0,0.0,141.47,0.0,0.0,145.05,0.9999253857184062,1.0,1304.707269180004,1000.0,1304.707269180004,1000.0,0.0,0.0
14790,1695404280000.0,0.0,0.0,0.0,141.47,0.0,0.0,145.15,0.9999253857184062,1.0,1304.707269180004,1000.0,1304.707269180004,1000.0,0.0,0.0
14791,1695407880000.0,0.0,0.0,0.0,141.47,0.0,0.0,145.05,0.9999253857184062,1.0,1304.707269180004,1000.0,1304.707269180004,1000.0,0.0,0.0
14792,1695411480000.0,0.0,0.0,0.0,141.47,0.0,0.0,145.3,0.9999253857184062,1.0,1304.707269180004,1000.0,1304.707269180004,1000.0,0.0,0.0
14793,1695415080000.0,0.0,0.0,0.0,141.47,0.0,0.0,144.8,0.9999253857184062,1.0,1304.707269180004,1000.0,1304.707269180004,1000.0,0.0,0.0
14794,1695418680000.0,0.0,0.0,0.0,141.47,0.0,0.0,144.9,0.9999253857184062,1.0,1304.707269180004,1000.0,1304.707269180004,1000.0,0.0,0.0
14795,1695422280000.0,0.0,0.0,0.0,141.47,0.0,0.0,144.85,0.9999253857184062,1.0,1304.707269180004,1000.0,1304.707269180004,1000.0,0.0,0.0
14796,1695425880000.0,0.0,0.0,0.0,141.47,0.0,0.0,144.9,0.9999253857184062,1.0,1304.707269180004,1000.0,1304.707269180004,1000.0,0.0,0.0
14797,1695429480000.0,0.0,0.0,0.0,141.47,0.0,0.0,144.75,0.9999253857184062,1.0,1304.707269180004,1000.0,1304.707269180004,1000.0,0.0,0.0
14798,1695433080000.0,0.0,0.0,0.0,141.47,0.0,0.0,145.3,0.9999253857184062,1.0,1304.707269180004,1000.0,1304.707269180004,1000.0,0.0,0.0
14799,1695436680000.0,0.0,0.0,0.0,141.47,0.0,0.0,145.1,0.9999253857184062,1.0,1304.707269180004,1000.0,1304.707269180004,1000.0,0.0,0.0
14800,1695440280000.0,0.0,0.0,0.0,141.47,0.0,0.0,144.8,0.9999253857184062,1.0,1304.707269180004,1000.0,1304.707269180004,1000.0,0.0,0.0
14801,1695443880000.0,0.0,0.0,0.0,141.47,0.0,0.0,144.75,0.9999253857184062,1.0,1304.707269180004,1000.0,1304.707269180004,1000.0,0.0,0.0
14802,1695447480000.0,0.0,0.0,0.0,141.47,0.0,0.0,145.05,0.9999253857184062,1.0,1304.707269180004,1000.0,1304.707269180004,1000.0,0.0,0.0
14803,1695451080000.0,0.0,0.0,0.0,141.47,0.0,0.0,145.05,0.9999253857184062,1.0,1304.707269180004,1000.0,1304.707269180004,1000.0,0.0,0.0
14804,1695454680000.0,0.0,0.0,0.0,141.47,0.0,0.0,144.7,0.9999253857184062,1.0,1304.707269180004,1000.0,1304.707269180004,1000.0,0.0,0.0
14805,1695458280000.0,0.0,0.0,0.0,141.47,0.0,0.0,144.7,0.9999253857184062,1.0,1304.707269180004,1000.0,1304.707269180004,1000.0,0.0,0.0
14806,1695461880000.0,0.0,0.0,0.0,141.47,0.0,0.0,144.5,0.9999253857184062,1.0,1304.707269180004,1000.0,1304.707269180004,1000.0,0.0,0.0
14807,1695465480000.0,0.0,0.0,0.0,141.47,0.0,0.0,143.85,0.9999253857184062,1.0,1304.707269180004,1000.0,1304.707269180004,1000.0,0.0,0.0
14808,1695469080000.0,0.0,0.0,0.0,141.47,0.0,0.0,143.9,0.9999253857184062,1.0,1304.707269180004,1000.0,1304.707269180004,1000.0,0.0,0.0
14809,1695472680000.0,0.0,0.0,0.0,141.47,0.0,0.0,143.9,0.9999253857184062,1.0,1304.707269180004,1000.0,1304.707269180004,1000.0,0.0,0.0
14810,1695476280000.0,0.0,0.0,0.0,141.47,0.0,0.0,143.4,0.9999253857184062,1.0,1304.707269180004,1000.0,1304.707269180004,1000.0,0.0,0.0
14811,1695479880000.0,0.0,0.0,0.0,141.47,0.0,0.0,142.85,0.9999253857184062,1.0,1304.707269180004,1000.0,1304.707269180004,1000.0,0.0,0.0
14812,1695483480000.0,0.0,0.0,0.0,141.47,0.0,0.0,142.15,0.9999253857184062,1.0,1304.707269180004,1000.0,1304.707269180004,1000.0,0.0,0.0
14813,1695487080000.0,0.0,0.0,0.0,141.47,0.0,0.0,142.35,0.9999253857184062,1.0,1304.707269180004,1000.0,1304.707269180004,1000.0,0.0,0.0
14814,1695490680000.0,0.0,0.0,0.0,141.47,0.0,0.0,142.55,0.9999253857184062,1.0,1304.707269180004,1000.0,1304.707269180004,1000.0,0.0,0.0
14815,1695494280000.0,0.0,0.0,0.0,141.47,0.0,0.0,142.6,0.9999253857184062,1.0,1304.707269180004,1000.0,1304.707269180004,1000.0,0.0,0.0
14816,1695497880000.0,0.0,0.0,0.0,141.47,0.0,0.0,142.75,0.9999253857184062,1.0,1304.707269180004,1000.0,1304.707269180004,1000.0,0.0,0.0
14817,1695501480000.0,0.0,0.0,0.0,141.47,0.0,0.0,142.55,0.9999253857184062,1.0,1304.707269180004,1000.0,1304.707269180004,1000.0,0.0,0.0
14818,1695505080000.0,0.0,0.0,0.0,141.47,0.0,0.0,142.2,0.9999253857184062,1.0,1304.707269180004,1000.0,1304.707269180004,1000.0,0.0,0.0
14819,1695508680000.0,0.0,0.0,0.0,141.47,0.0,0.0,141.55,0.9999253857184062,1.0,1304.707269180004,1000.0,1304.707269180004,1000.0,0.0,0.0
14820,1695512280000.0,0.0,0.0,0.0,141.47,0.0,0.0,141.7,0.9999253857184062,1.0,1304.707269180004,1000.0,1304.707269180004,1000.0,0.0,0.0
14821,1695515880000.0,0.0,0.0,0.0,141.47,0.0,0.0,141.8,0.9999253857184062,1.0,1304.707269180004,1000.0,1304.707269180004,1000.0,0.0,0.0
14822,1695519480000.0,0.0,0.0,0.0,141.47,0.0,0.0,142.3,0.9999253857184062,1.0,1304.707269180004,1000.0,1304.707269180004,1000.0,0.0,0.0
14823,1695523080000.0,0.0,0.0,0.0,141.47,0.0,0.0,142.8,0.9999253857184062,1.0,1304.707269180004,1000.0,1304.707269180004,1000.0,0.0,0.0
14824,1695526680000.0,0.0,0.0,0.0,141.47,0.0,0.0,142.75,0.9999253857184062,1.0,1304.707269180004,1000.0,1304.707269180004,1000.0,0.0,0.0
14825,1695530280000.0,0.0,0.0,0.0,141.47,0.0,0.0,143.2,0.9999253857184062,1.0,1304.707269180004,1000.0,1304.707269180004,1000.0,0.0,0.0
14826,1695533880000.0,0.0,0.0,0.0,141.47,0.0,0.0,143.4,0.9999253857184062,1.0,1304.707269180004,1000.0,1304.707269180004,1000.0,0.0,0.0
14827,1695537480000.0,0.0,0.0,0.0,141.47,0.0,0.0,143.4,0.9999253857184062,1.0,1304.707269180004,1000.0,1304.707269180004,1000.0,0.0,0.0
14828,1695541080000.0,0.0,0.0,0.0,141.47,0.0,0.0,143.15,0.9999253857184062,1.0,1304.707269180004,1000.0,1304.707269180004,1000.0,0.0,0.0
14829,1695544680000.0,0.0,0.0,0.0,141.47,0.0,0.0,142.95,0.9999253857184062,1.0,1304.707269180004,1000.0,1304.707269180004,1000.0,0.0,0.0
14830,1695548280000.0,0.0,0.0,0.0,141.47,0.0,0.0,143.0,0.9999253857184062,1.0,1304.707269180004,1000.0,1304.707269180004,1000.0,0.0,0.0
14831,1695551880000.0,0.0,0.0,0.0,141.47,0.0,0.0,142.8,0.9999253857184062,1.0,1304.707269180004,1000.0,1304.707269180004,1000.0,0.0,0.0
14832,1695555480000.0,0.0,0.0,0.0,141.47,0.0,0.0,142.75,0.9999253857184062,1.0,1304.707269180004,1000.0,1304.707269180004,1000.0,0.0,0.0
14833,1695559080000.0,0.0,0.0,0.0,141.47,0.0,0.0,142.9,0.9999253857184062,1.0,1304.707269180004,1000.0,1304.707269180004,1000.0,0.0,0.0
14834,1695562680000.0,0.0,0.0,0.0,141.47,0.0,0.0,142.85,0.9999253857184062,1.0,1304.707269180004,1000.0,1304.707269180004,1000.0,0.0,0.0
14835,1695566280000.0,0.0,0.0,0.0,141.47,0.0,0.0,142.9,0.9999253857184062,1.0,1304.707269180004,1000.0,1304.707269180004,1000.0,0.0,0.0
14836,1695569880000.0,0.0,0.0,0.0,141.47,0.0,0.0,142.55,0.9999253857184062,1.0,1304.707269180004,1000.0,1304.707269180004,1000.0,0.0,0.0
14837,1695573480000.0,0.0,0.0,0.0,141.47,0.0,0.0,143.15,0.9999253857184062,1.0,1304.707269180004,1000.0,1304.707269180004,1000.0,0.0,0.0
14838,1695577080000.0,0.0,0.0,0.0,141.47,0.0,0.0,142.85,0.9999253857184062,1.0,1304.707269180004,1000.0,1304.707269180004,1000.0,0.0,0.0
14839,1695580680000.0,0.0,0.0,0.0,141.47,0.0,0.0,143.25,0.9999253857184062,1.0,1304.707269180004,1000.0,1304.707269180004,1000.0,0.0,0.0
14840,1695584280000.0,0.0,0.0,0.0,141.47,0.0,0.0,142.95,0.9999253857184062,1.0,1304.707269180004,1000.0,1304.707269180004,1000.0,0.0,0.0
14841,1695587880000.0,0.0,0.0,0.0,141.47,0.0,0.0,142.8,0.9999253857184062,1.0,1304.707269180004,1000.0,1304.707269180004,1000.0,0.0,0.0
14842,1695591480000.0,0.0,0.0,0.0,141.47,0.0,0.0,143.0,0.9999253857184062,1.0,1304.707269180004,1000.0,1304.707269180004,1000.0,0.0,0.0
14843,1695595080000.0,0.0,0.0,0.0,141.47,0.0,0.0,144.15,0.9999253857184062,1.0,1304.707269180004,1000.0,1304.707269180004,1000.0,0.0,0.0
14844,1695598680000.0,0.0,0.0,0.0,141.47,0.0,0.0,143.35,0.9999253857184062,1.0,1304.707269180004,1000.0,1304.707269180004,1000.0,0.0,0.0
14845,1695602280000.0,0.0,0.0,0.0,141.47,0.0,0.0,143.4,0.9999253857184062,1.0,1304.707269180004,1000.0,1304.707269180004,1000.0,0.0,0.0
14846,1695605880000.0,0.0,0.0,0.0,141.47,0.0,0.0,144.1,0.9999253857184062,1.0,1304.707269180004,1000.0,1304.707269180004,1000.0,0.0,0.0
14847,1695609480000.0,0.0,0.0,0.0,141.47,0.0,0.0,143.65,0.9999253857184062,1.0,1304.707269180004,1000.0,1304.707269180004,1000.0,0.0,0.0
14848,1695613080000.0,0.0,0.0,0.0,141.47,0.0,0.0,144.15,0.9999253857184062,1.0,1304.707269180004,1000.0,1304.707269180004,1000.0,0.0,0.0
14849,1695616680000.0,0.0,0.0,0.0,141.47,0.0,0.0,143.9,0.9999253857184062,1.0,1304.707269180004,1000.0,1304.707269180004,1000.0,0.0,0.0
14850,1695620280000.0,0.0,0.0,0.0,141.47,0.0,0.0,144.15,0.9999253857184062,1.0,1304.707269180004,1000.0,1304.707269180004,1000.0,0.0,0.0
14851,1695623880000.0,0.0,0.0,0.0,141.47,0.0,0.0,144.35,0.9999253857184062,1.0,1304.707269180004,1000.0,1304.707269180004,1000.0,0.0,0.0
14852,1695627480000.0,0.0,0.0,0.0,141.47,0.0,0.0,144.35,0.9999253857184062,1.0,1304.707269180004,1000.0,1304.707269180004,1000.0,0.0,0.0
14853,1695631080000.0,0.0,0.0,0.0,141.47,0.0,0.0,144.0,0.9999253857184062,1.0,1304.707269180004,1000.0,1304.707269180004,1000.0,0.0,0.0
14854,1695634680000.0,0.0,0.0,0.0,141.47,0.0,0.0,143.95,0.9999253857184062,1.0,1304.707269180004,1000.0,1304.707269180004,1000.0,0.0,0.0
14855,1695638280000.0,0.0,0.0,0.0,141.47,0.0,0.0,143.4,0.9999253857184062,1.0,1304.707269180004,1000.0,1304.707269180004,1000.0,0.0,0.0
14856,1695641880000.0,0.0,0.0,0.0,141.47,0.0,0.0,143.6,0.9999253857184062,1.0,1304.707269180004,1000.0,1304.707269180004,1000.0,0.0,0.0
14857,1695645480000.0,0.0,0.0,0.0,141.47,0.0,0.0,143.3,0.9999253857184062,1.0,1304.707269180004,1000.0,1304.707269180004,1000.0,0.0,0.0
14858,1695649080000.0,0.0,0.0,0.0,141.47,0.0,0.0,143.55,0.9999253857184062,1.0,1304.707269180004,1000.0,1304.707269180004,1000.0,0.0,0.0
14859,1695652680000.0,0.0,0.0,0.0,141.47,0.0,0.0,143.75,0.9999253857184062,1.0,1304.707269180004,1000.0,1304.707269180004,1000.0,0.0,0.0
14860,1695656280000.0,0.0,0.0,0.0,141.47,0.0,0.0,144.5,0.9999253857184062,1.0,1304.707269180004,1000.0,1304.707269180004,1000.0,0.0,0.0
14861,1695659880000.0,0.0,0.0,0.0,141.47,0.0,0.0,144.75,0.9999253857184062,1.0,1304.707269180004,1000.0,1304.707269180004,1000.0,0.0,0.0
14862,1695663480000.0,0.0,0.0,0.0,141.47,0.0,0.0,145.1,0.9999253857184062,1.0,1304.707269180004,1000.0,1304.707269180004,1000.0,0.0,0.0
14863,1695667080000.0,0.0,0.0,0.0,141.47,0.0,0.0,145.15,0.9999253857184062,1.0,1304.707269180004,1000.0,1304.707269180004,1000.0,0.0,0.0
14864,1695670680000.0,0.0,0.0,0.0,141.47,0.0,0.0,144.55,0.9999253857184062,1.0,1304.707269180004,1000.0,1304.707269180004,1000.0,0.0,0.0
14865,1695674280000.0,0.0,0.0,0.0,141.47,0.0,0.0,144.7,0.9999253857184062,1.0,1304.707269180004,1000.0,1304.707269180004,1000.0,0.0,0.0
14866,1695677880000.0,0.0,0.0,0.0,141.47,0.0,0.0,144.6,0.9999253857184062,1.0,1304.707269180004,1000.0,1304.707269180004,1000.0,0.0,0.0
14867,1695681480000.0,0.0,0.0,0.0,141.47,0.0,0.0,144.25,0.9999253857184062,1.0,1304.707269180004,1000.0,1304.707269180004,1000.0,0.0,0.0
14868,1695685080000.0,0.0,0.0,0.0,141.47,0.0,0.0,144.25,0.9999253857184062,1.0,1304.707269180004,1000.0,1304.707269180004,1000.0,0.0,0.0
14869,1695688680000.0,0.0,0.0,0.0,141.47,0.0,0.0,144.35,0.9999253857184062,1.0,1304.707269180004,1000.0,1304.707269180004,1000.0,0.0,0.0
14870,1695692280000.0,0.0,0.0,0.0,141.47,0.0,0.0,143.9,0.9999253857184062,1.0,1304.707269180004,1000.0,1304.707269180004,1000.0,0.0,0.0
14871,1695695880000.0,0.0,0.0,0.0,141.47,0.0,0.0,143.9,0.9999253857184062,1.0,1304.707269180004,1000.0,1304.707269180004,1000.0,0.0,0.0
14872,1695699480000.0,0.0,0.0,0.0,141.47,0.0,0.0,143.9,0.9999253857184062,1.0,1304.707269180004,1000.0,1304.707269180004,1000.0,0.0,0.0
14873,1695703080000.0,0.0,0.0,0.0,141.47,0.0,0.0,144.6,0.9999253857184062,1.0,1304.707269180004,1000.0,1304.707269180004,1000.0,0.0,0.0
14874,1695706680000.0,0.0,0.0,0.0,141.47,0.0,0.0,144.55,0.9999253857184062,1.0,1304.707269180004,1000.0,1304.707269180004,1000.0,0.0,0.0
14875,1695710280000.0,0.0,0.0,0.0,141.47,0.0,0.0,145.0,0.9999253857184062,1.0,1304.707269180004,1000.0,1304.707269180004,1000.0,0.0,0.0
14876,1695713880000.0,0.0,0.0,0.0,141.47,0.0,0.0,144.9,0.9999253857184062,1.0,1304.707269180004,1000.0,1304.707269180004,1000.0,0.0,0.0
14877,1695717480000.0,0.0,0.0,0.0,141.47,0.0,0.0,144.9,0.9999253857184062,1.0,1304.707269180004,1000.0,1304.707269180004,1000.0,0.0,0.0
14878,1695721080000.0,0.0,0.0,0.0,141.47,0.0,0.0,144.6,0.9999253857184062,1.0,1304.707269180004,1000.0,1304.707269180004,1000.0,0.0,0.0
14879,1695724680000.0,0.0,0.0,0.0,141.47,0.0,0.0,143.7,0.9999253857184062,1.0,1304.707269180004,1000.0,1304.707269180004,1000.0,0.0,0.0
14880,1695728280000.0,0.0,0.0,0.0,141.47,0.0,0.0,143.55,0.9999253857184062,1.0,1304.707269180004,1000.0,1304.707269180004,1000.0,0.0,0.0
14881,1695731880000.0,0.0,0.0,0.0,141.47,0.0,0.0,143.65,0.9999253857184062,1.0,1304.707269180004,1000.0,1304.707269180004,1000.0,0.0,0.0
14882,1695735480000.0,0.0,0.0,0.0,141.47,0.0,0.0,143.5,0.9999253857184062,1.0,1304.707269180004,1000.0,1304.707269180004,1000.0,0.0,0.0
14883,1695739080000.0,0.0,0.0,0.0,141.47,0.0,0.0,143.4,0.9999253857184062,1.0,1304.707269180004,1000.0,1304.707269180004,1000.0,0.0,0.0
14884,1695742680000.0,0.0,0.0,0.0,141.47,0.0,0.0,143.45,0.9999253857184062,1.0,1304.707269180004,1000.0,1304.707269180004,1000.0,0.0,0.0
14885,1695746280000.0,0.0,0.0,0.0,141.47,0.0,0.0,144.0,0.9999253857184062,1.0,1304.707269180004,1000.0,1304.707269180004,1000.0,0.0,0.0
14886,1695749880000.0,0.0,0.0,0.0,141.47,0.0,0.0,143.6,0.9999253857184062,1.0,1304.707269180004,1000.0,1304.707269180004,1000.0,0.0,0.0
14887,1695753480000.0,0.0,0.0,0.0,141.47,0.0,0.0,144.0,0.9999253857184062,1.0,1304.707269180004,1000.0,1304.707269180004,1000.0,0.0,0.0
14888,1695757080000.0,0.0,0.0,0.0,141.47,0.0,0.0,144.5,0.9999253857184062,1.0,1304.707269180004,1000.0,1304.707269180004,1000.0,0.0,0.0
14889,1695760680000.0,0.0,0.0,0.0,141.47,0.0,0.0,144.45,0.9999253857184062,1.0,1304.707269180004,1000.0,1304.707269180004,1000.0,0.0,0.0
14890,1695764280000.0,0.0,0.0,0.0,141.47,0.0,0.0,143.95,0.9999253857184062,1.0,1304.707269180004,1000.0,1304.707269180004,1000.0,0.0,0.0
14891,1695767880000.0,0.0,0.0,0.0,141.47,0.0,0.0,144.7,0.9999253857184062,1.0,1304.707269180004,1000.0,1304.707269180004,1000.0,0.0,0.0
14892,1695771480000.0,0.0,0.0,0.0,141.47,0.0,0.0,144.95,0.9999253857184062,1.0,1304.707269180004,1000.0,1304.707269180004,1000.0,0.0,0.0
14893,1695775080000.0,0.0,0.0,0.0,141.47,0.0,0.0,144.7,0.9999253857184062,1.0,1304.707269180004,1000.0,1304.707269180004,1000.0,0.0,0.0
14894,1695778680000.0,0.0,0.0,0.0,141.47,0.0,0.0,144.5,0.9999253857184062,1.0,1304.707269180004,1000.0,1304.707269180004,1000.0,0.0,0.0
14895,1695782280000.0,0.0,0.0,0.0,141.47,0.0,0.0,144.3,0.9999253857184062,1.0,1304.707269180004,1000.0,1304.707269180004,1000.0,0.0,0.0
14896,1695785880000.0,0.0,0.0,0.0,141.47,0.0,0.0,144.55,0.9999253857184062,1.0,1304.707269180004,1000.0,1304.707269180004,1000.0,0.0,0.0
14897,1695789480000.0,0.0,0.0,0.0,141.47,0.0,0.0,144.9,0.9999253857184062,1.0,1304.707269180004,1000.0,1304.707269180004,1000.0,0.0,0.0
14898,1695793080000.0,0.0,0.0,0.0,141.47,0.0,0.0,144.55,0.9999253857184062,1.0,1304.707269180004,1000.0,1304.707269180004,1000.0,0.0,0.0
14899,1695796680000.0,0.0,0.0,0.0,141.47,0.0,0.0,144.65,0.9999253857184062,1.0,1304.707269180004,1000.0,1304.707269180004,1000.0,0.0,0.0
14900,1695800280000.0,0.0,0.0,0.0,141.47,0.0,0.0,144.95,0.9999253857184062,1.0,1304.707269180004,1000.0,1304.707269180004,1000.0,0.0,0.0
14901,1695803880000.0,0.0,0.0,0.0,141.47,0.0,0.0,144.5,0.9999253857184062,1.0,1304.707269180004,1000.0,1304.707269180004,1000.0,0.0,0.0
14902,1695807480000.0,0.0,0.0,0.0,141.47,0.0,0.0,144.7,0.9999253857184062,1.0,1304.707269180004,1000.0,1304.707269180004,1000.0,0.0,0.0
14903,1695811080000.0,0.0,0.0,0.0,141.47,0.0,0.0,145.35,0.9999253857184062,1.0,1304.707269180004,1000.0,1304.707269180004,1000.0,0.0,0.0
14904,1695814680000.0,0.0,0.0,0.0,141.47,0.0,0.0,145.9,0.9999253857184062,1.0,1304.707269180004,1000.0,1304.707269180004,1000.0,0.0,0.0
14905,1695818280000.0,0.0,0.0,0.0,141.47,0.0,0.0,146.05,0.9999253857184062,1.0,1304.707269180004,1000.0,1304.707269180004,1000.0,0.0,0.0
14906,1695821880000.0,0.0,0.0,0.0,141.47,0.0,0.0,145.9,0.9999253857184062,1.0,1304.707269180004,1000.0,1304.707269180004,1000.0,0.0,0.0
14907,1695825480000.0,0.0,0.0,0.0,141.47,0.0,0.0,144.8,0.9999253857184062,1.0,1304.707269180004,1000.0,1304.707269180004,1000.0,0.0,0.0
14908,1695829080000.0,0.0,0.0,0.0,141.47,0.0,0.0,145.25,0.9999253857184062,1.0,1304.707269180004,1000.0,1304.707269180004,1000.0,0.0,0.0
14909,1695832680000.0,0.0,0.0,0.0,141.47,0.0,0.0,145.45,0.9999253857184062,1.0,1304.707269180004,1000.0,1304.707269180004,1000.0,0.0,0.0
14910,1695836280000.0,0.0,0.0,0.0,141.47,0.0,0.0,145.45,0.9999253857184062,1.0,1304.707269180004,1000.0,1304.707269180004,1000.0,0.0,0.0
14911,1695839880000.0,0.0,0.0,0.0,141.47,0.0,0.0,145.65,0.9999253857184062,1.0,1304.707269180004,1000.0,1304.707269180004,1000.0,0.0,0.0
14912,1695843480000.0,0.0,0.0,0.0,141.47,0.0,0.0,145.85,0.9999253857184062,1.0,1304.707269180004,1000.0,1304.707269180004,1000.0,0.0,0.0
14913,1695847080000.0,0.0,0.0,0.0,141.47,0.0,0.0,145.9,0.9999253857184062,1.0,1304.707269180004,1000.0,1304.707269180004,1000.0,0.0,0.0
14914,1695850680000.0,0.0,0.0,0.0,141.47,0.0,0.0,145.9,0.9999253857184062,1.0,1304.707269180004,1000.0,1304.707269180004,1000.0,0.0,0.0
14915,1695854280000.0,0.0,0.0,0.0,141.47,0.0,0.0,146.35,0.9999253857184062,1.0,1304.707269180004,1000.0,1304.707269180004,1000.0,0.0,0.0
14916,1695857880000.0,0.0,0.0,0.0,141.47,0.0,0.0,146.5,0.9999253857184062,1.0,1304.707269180004,1000.0,1304.707269180004,1000.0,0.0,0.0
14917,1695861480000.0,0.0,0.0,0.0,141.47,0.0,0.0,146.75,0.9999253857184062,1.0,1304.707269180004,1000.0,1304.707269180004,1000.0,0.0,0.0
14918,1695865080000.0,0.0,0.0,0.0,141.47,0.0,0.0,147.1,0.9999253857184062,1.0,1304.707269180004,1000.0,1304.707269180004,1000.0,0.0,0.0
14919,1695868680000.0,0.0,0.0,0.0,141.47,0.0,0.0,147.05,0.9999253857184062,1.0,1304.707269180004,1000.0,1304.707269180004,1000.0,0.0,0.0
14920,1695872280000.0,0.0,0.0,0.0,141.47,0.0,0.0,146.8,0.9999253857184062,1.0,1304.707269180004,1000.0,1304.707269180004,1000.0,0.0,0.0
14921,1695875880000.0,0.0,0.0,0.0,141.47,0.0,0.0,146.6,0.9999253857184062,1.0,1304.707269180004,1000.0,1304.707269180004,1000.0,0.0,0.0
14922,1695879480000.0,0.0,0.0,0.0,141.47,0.0,0.0,146.7,0.9999253857184062,1.0,1304.707269180004,1000.0,1304.707269180004,1000.0,0.0,0.0
14923,1695883080000.0,0.0,0.0,0.0,141.47,0.0,0.0,146.7,0.9999253857184062,1.0,1304.707269180004,1000.0,1304.707269180004,1000.0,0.0,0.0
14924,1695886680000.0,0.0,0.0,0.0,141.47,0.0,0.0,147.05,0.9999253857184062,1.0,1304.707269180004,1000.0,1304.707269180004,1000.0,0.0,0.0
14925,1695890280000.0,0.0,0.0,0.0,141.47,0.0,0.0,146.95,0.9999253857184062,1.0,1304.707269180004,1000.0,1304.707269180004,1000.0,0.0,0.0
14926,1695893880000.0,0.0,0.0,0.0,141.47,0.0,0.0,146.9,0.9999253857184062,1.0,1304.707269180004,1000.0,1304.707269180004,1000.0,0.0,0.0
14927,1695897480000.0,0.0,0.0,0.0,141.47,0.0,0.0,147.25,0.9999253857184062,1.0,1304.707269180004,1000.0,1304.707269180004,1000.0,0.0,0.0
14928,1695901080000.0,0.0,0.0,0.0,141.47,0.0,0.0,146.8,0.9999253857184062,1.0,1304.707269180004,1000.0,1304.707269180004,1000.0,0.0,0.0
14929,1695904680000.0,0.0,0.0,0.0,141.47,0.0,0.0,146.4,0.9999253857184062,1.0,1304.707269180004,1000.0,1304.707269180004,1000.0,0.0,0.0
14930,1695908280000.0,0.0,0.0,0.0,141.47,0.0,0.0,145.8,0.9999253857184062,1.0,1304.707269180004,1000.0,1304.707269180004,1000.0,0.0,0.0
14931,1695911880000.0,0.0,0.0,0.0,141.47,0.0,0.0,146.6,0.9999253857184062,1.0,1304.707269180004,1000.0,1304.707269180004,1000.0,0.0,0.0
14932,1695915480000.0,0.0,0.0,0.0,141.47,0.0,0.0,146.1,0.9999253857184062,1.0,1304.707269180004,1000.0,1304.707269180004,1000.0,0.0,0.0
14933,1695919080000.0,0.0,0.0,0.0,141.47,0.0,0.0,146.65,0.9999253857184062,1.0,1304.707269180004,1000.0,1304.707269180004,1000.0,0.0,0.0
14934,1695922680000.0,0.0,0.0,0.0,141.47,0.0,0.0,145.75,0.9999253857184062,1.0,1304.707269180004,1000.0,1304.707269180004,1000.0,0.0,0.0
14935,1695926280000.0,0.0,0.0,0.0,141.47,0.0,0.0,145.65,0.9999253857184062,1.0,1304.707269180004,1000.0,1304.707269180004,1000.0,0.0,0.0
14936,1695929880000.0,0.0,0.0,0.0,141.47,0.0,0.0,145.7,0.9999253857184062,1.0,1304.707269180004,1000.0,1304.707269180004,1000.0,0.0,0.0
14937,1695933480000.0,0.0,0.0,0.0,141.47,0.0,0.0,145.55,0.9999253857184062,1.0,1304.707269180004,1000.0,1304.707269180004,1000.0,0.0,0.0
14938,1695937080000.0,0.0,0.0,0.0,141.47,0.0,0.0,145.3,0.9999253857184062,1.0,1304.707269180004,1000.0,1304.707269180004,1000.0,0.0,0.0
14939,1695940680000.0,0.0,0.0,0.0,141.47,0.0,0.0,145.6,0.9999253857184062,1.0,1304.707269180004,1000.0,1304.707269180004,1000.0,0.0,0.0
14940,1695944280000.0,0.0,0.0,0.0,141.47,0.0,0.0,145.95,0.9999253857184062,1.0,1304.707269180004,1000.0,1304.707269180004,1000.0,0.0,0.0
14941,1695947880000.0,0.0,0.0,0.0,141.47,0.0,0.0,145.3,0.9999253857184062,1.0,1304.707269180004,1000.0,1304.707269180004,1000.0,0.0,0.0
14942,1695951480000.0,0.0,0.0,0.0,141.47,0.0,0.0,145.3,0.9999253857184062,1.0,1304.707269180004,1000.0,1304.707269180004,1000.0,0.0,0.0
14943,1695955080000.0,0.0,0.0,0.0,141.47,0.0,0.0,145.2,0.9999253857184062,1.0,1304.707269180004,1000.0,1304.707269180004,1000.0,0.0,0.0
14944,1695958680000.0,0.0,0.0,0.0,141.47,0.0,0.0,145.1,0.9999253857184062,1.0,1304.707269180004,1000.0,1304.707269180004,1000.0,0.0,0.0
14945,1695962280000.0,0.0,0.0,0.0,141.47,0.0,0.0,144.75,0.9999253857184062,1.0,1304.707269180004,1000.0,1304.707269180004,1000.0,0.0,0.0
14946,1695965880000.0,0.0,0.0,0.0,141.47,0.0,0.0,145.15,0.9999253857184062,1.0,1304.707269180004,1000.0,1304.707269180004,1000.0,0.0,0.0
14947,1695969480000.0,0.0,0.0,0.0,141.47,0.0,0.0,145.2,0.9999253857184062,1.0,1304.707269180004,1000.0,1304.707269180004,1000.0,0.0,0.0
14948,1695973080000.0,0.0,0.0,0.0,141.47,0.0,0.0,145.95,0.9999253857184062,1.0,1304.707269180004,1000.0,1304.707269180004,1000.0,0.0,0.0
14949,1695976680000.0,0.0,0.0,0.0,141.47,0.0,0.0,145.65,0.9999253857184062,1.0,1304.707269180004,1000.0,1304.707269180004,1000.0,0.0,0.0
14950,1695980280000.0,0.0,0.0,0.0,141.47,0.0,0.0,145.35,0.9999253857184062,1.0,1304.707269180004,1000.0,1304.707269180004,1000.0,0.0,0.0
14951,1695983880000.0,0.0,0.0,0.0,141.47,0.0,0.0,145.0,0.9999253857184062,1.0,1304.707269180004,1000.0,1304.707269180004,1000.0,0.0,0.0
14952,1695987480000.0,0.0,0.0,0.0,141.47,0.0,0.0,145.2,0.9999253857184062,1.0,1304.707269180004,1000.0,1304.707269180004,1000.0,0.0,0.0
14953,1695991080000.0,0.0,0.0,0.0,141.47,0.0,0.0,145.75,0.9999253857184062,1.0,1304.707269180004,1000.0,1304.707269180004,1000.0,0.0,0.0
14954,1695994680000.0,0.0,0.0,0.0,141.47,0.0,0.0,145.45,0.9999253857184062,1.0,1304.707269180004,1000.0,1304.707269180004,1000.0,0.0,0.0
14955,1695998280000.0,0.0,0.0,0.0,141.47,0.0,0.0,145.75,0.9999253857184062,1.0,1304.707269180004,1000.0,1304.707269180004,1000.0,0.0,0.0
14956,1696001880000.0,0.0,0.0,0.0,141.47,0.0,0.0,145.35,0.9999253857184062,1.0,1304.707269180004,1000.0,1304.707269180004,1000.0,0.0,0.0
14957,1696005480000.0,0.0,0.0,0.0,141.47,0.0,0.0,145.35,0.9999253857184062,1.0,1304.707269180004,1000.0,1304.707269180004,1000.0,0.0,0.0
14958,1696009080000.0,0.0,0.0,0.0,141.47,0.0,0.0,145.4,0.9999253857184062,1.0,1304.707269180004,1000.0,1304.707269180004,1000.0,0.0,0.0
14959,1696012680000.0,0.0,0.0,0.0,141.47,0.0,0.0,145.85,0.9999253857184062,1.0,1304.707269180004,1000.0,1304.707269180004,1000.0,0.0,0.0
14960,1696016280000.0,0.0,0.0,0.0,141.47,0.0,0.0,146.15,0.9999253857184062,1.0,1304.707269180004,1000.0,1304.707269180004,1000.0,0.0,0.0
14961,1696019880000.0,0.0,0.0,0.0,141.47,0.0,0.0,146.1,0.9999253857184062,1.0,1304.707269180004,1000.0,1304.707269180004,1000.0,0.0,0.0
14962,1696023480000.0,0.0,0.0,0.0,141.47,0.0,0.0,146.15,0.9999253857184062,1.0,1304.707269180004,1000.0,1304.707269180004,1000.0,0.0,0.0
14963,1696027080000.0,0.0,0.0,0.0,141.47,0.0,0.0,146.4,0.9999253857184062,1.0,1304.707269180004,1000.0,1304.707269180004,1000.0,0.0,0.0
14964,1696030680000.0,0.0,0.0,0.0,141.47,0.0,0.0,146.6,0.9999253857184062,1.0,1304.707269180004,1000.0,1304.707269180004,1000.0,0.0,0.0
14965,1696034280000.0,0.0,0.0,0.0,141.47,0.0,0.0,146.95,0.9999253857184062,1.0,1304.707269180004,1000.0,1304.707269180004,1000.0,0.0,0.0
14966,1696037880000.0,0.0,0.0,0.0,141.47,0.0,0.0,146.15,0.9999253857184062,1.0,1304.707269180004,1000.0,1304.707269180004,1000.0,0.0,0.0
14967,1696041480000.0,0.0,0.0,0.0,141.47,0.0,0.0,146.15,0.9999253857184062,1.0,1304.707269180004,1000.0,1304.707269180004,1000.0,0.0,0.0
14968,1696045080000.0,0.0,0.0,0.0,141.47,0.0,0.0,145.65,0.9999253857184062,1.0,1304.707269180004,1000.0,1304.707269180004,1000.0,0.0,0.0
14969,1696048680000.0,0.0,0.0,0.0,141.47,0.0,0.0,145.75,0.9999253857184062,1.0,1304.707269180004,1000.0,1304.707269180004,1000.0,0.0,0.0
14970,1696052280000.0,0.0,0.0,0.0,141.47,0.0,0.0,145.5,0.9999253857184062,1.0,1304.707269180004,1000.0,1304.707269180004,1000.0,0.0,0.0
14971,1696055880000.0,0.0,0.0,0.0,141.47,0.0,0.0,145.45,0.9999253857184062,1.0,1304.707269180004,1000.0,1304.707269180004,1000.0,0.0,0.0
14972,1696059480000.0,0.0,0.0,0.0,141.47,0.0,0.0,145.3,0.9999253857184062,1.0,1304.707269180004,1000.0,1304.707269180004,1000.0,0.0,0.0
14973,1696063080000.0,0.0,0.0,0.0,141.47,0.0,0.0,145.4,0.9999253857184062,1.0,1304.707269180004,1000.0,1304.707269180004,1000.0,0.0,0.0
14974,1696066680000.0,0.0,0.0,0.0,141.47,0.0,0.0,145.3,0.9999253857184062,1.0,1304.707269180004,1000.0,1304.707269180004,1000.0,0.0,0.0
14975,1696070280000.0,0.0,0.0,0.0,141.47,0.0,0.0,145.6,0.9999253857184062,1.0,1304.707269180004,1000.0,1304.707269180004,1000.0,0.0,0.0
14976,1696073880000.0,0.0,0.0,0.0,141.47,0.0,0.0,145.65,0.9999253857184062,1.0,1304.707269180004,1000.0,1304.707269180004,1000.0,0.0,0.0
14977,1696077480000.0,0.0,0.0,0.0,141.47,0.0,0.0,146.35,0.9999253857184062,1.0,1304.707269180004,1000.0,1304.707269180004,1000.0,0.0,0.0
14978,1696081080000.0,0.0,0.0,0.0,141.47,0.0,0.0,146.7,0.9999253857184062,1.0,1304.707269180004,1000.0,1304.707269180004,1000.0,0.0,0.0
14979,1696084680000.0,0.0,0.0,0.0,141.47,0.0,0.0,146.25,0.9999253857184062,1.0,1304.707269180004,1000.0,1304.707269180004,1000.0,0.0,0.0
14980,1696088280000.0,0.0,0.0,0.0,141.47,0.0,0.0,146.8,0.9999253857184062,1.0,1304.707269180004,1000.0,1304.707269180004,1000.0,0.0,0.0
14981,1696091880000.0,0.0,0.0,0.0,141.47,0.0,0.0,146.95,0.9999253857184062,1.0,1304.707269180004,1000.0,1304.707269180004,1000.0,0.0,0.0
14982,1696095480000.0,0.0,0.0,0.0,141.47,0.0,0.0,146.4,0.9999253857184062,1.0,1304.707269180004,1000.0,1304.707269180004,1000.0,0.0,0.0
14983,1696099080000.0,0.0,0.0,0.0,141.47,0.0,0.0,146.3,0.9999253857184062,1.0,1304.707269180004,1000.0,1304.707269180004,1000.0,0.0,0.0
14984,1696102680000.0,0.0,0.0,0.0,141.47,0.0,0.0,146.5,0.9999253857184062,1.0,1304.707269180004,1000.0,1304.707269180004,1000.0,0.0,0.0
14985,1696106280000.0,0.0,0.0,0.0,141.47,0.0,0.0,147.0,0.9999253857184062,1.0,1304.707269180004,1000.0,1304.707269180004,1000.0,0.0,0.0
14986,1696109880000.0,0.0,0.0,0.0,141.47,0.0,0.0,147.1,0.9999253857184062,1.0,1304.707269180004,1000.0,1304.707269180004,1000.0,0.0,0.0
14987,1696113480000.0,0.0,0.0,0.0,141.47,0.0,0.0,147.25,0.9999253857184062,1.0,1304.707269180004,1000.0,1304.707269180004,1000.0,0.0,0.0
14988,1696117080000.0,0.0,0.0,0.0,141.47,0.0,0.0,146.9,0.9999253857184062,1.0,1304.707269180004,1000.0,1304.707269180004,1000.0,0.0,0.0
14989,1696120680000.0,0.0,0.0,0.0,141.47,0.0,0.0,145.95,0.9999253857184062,1.0,1304.707269180004,1000.0,1304.707269180004,1000.0,0.0,0.0
14990,1696124280000.0,0.0,0.0,0.0,141.47,0.0,0.0,146.3,0.9999253857184062,1.0,1304.707269180004,1000.0,1304.707269180004,1000.0,0.0,0.0
14991,1696127880000.0,0.0,0.0,0.0,141.47,0.0,0.0,146.85,0.9999253857184062,1.0,1304.707269180004,1000.0,1304.707269180004,1000.0,0.0,0.0
14992,1696131480000.0,0.0,0.0,0.0,141.47,0.0,0.0,145.95,0.9999253857184062,1.0,1304.707269180004,1000.0,1304.707269180004,1000.0,0.0,0.0
14993,1696135080000.0,0.0,0.0,0.0,141.47,0.0,0.0,146.45,0.9999253857184062,1.0,1304.707269180004,1000.0,1304.707269180004,1000.0,0.0,0.0
14994,1696138680000.0,0.0,0.0,0.0,141.47,0.0,0.0,146.6,0.9999253857184062,1.0,1304.707269180004,1000.0,1304.707269180004,1000.0,0.0,0.0
14995,1696142280000.0,0.0,0.0,0.0,141.47,0.0,0.0,146.6,0.9999253857184062,1.0,1304.707269180004,1000.0,1304.707269180004,1000.0,0.0,0.0
14996,1696145880000.0,0.0,0.0,0.0,141.47,0.0,0.0,146.7,0.9999253857184062,1.0,1304.707269180004,1000.0,1304.707269180004,1000.0,0.0,0.0
14997,1696149480000.0,0.0,0.0,0.0,141.47,0.0,0.0,147.75,0.9999253857184062,1.0,1304.707269180004,1000.0,1304.707269180004,1000.0,0.0,0.0
14998,1696153080000.0,0.0,0.0,0.0,141.47,0.0,0.0,148.2,0.9999253857184062,1.0,1304.707269180004,1000.0,1304.707269180004,1000.0,0.0,0.0
14999,1696156680000.0,0.0,0.0,0.0,141.47,0.0,0.0,148.1,0.9999253857184062,1.0,1304.707269180004,1000.0,1304.707269180004,1000.0,0.0,0.0
15000,1696160280000.0,0.0,0.0,0.0,141.47,0.0,0.0,148.2,0.9999253857184062,1.0,1304.707269180004,1000.0,1304.707269180004,1000.0,0.0,0.0
15001,1696163880000.0,0.0,0.0,0.0,141.47,0.0,0.0,147.5,0.9999253857184062,1.0,1304.707269180004,1000.0,1304.707269180004,1000.0,0.0,0.0
15002,1696167480000.0,0.0,0.0,0.0,141.47,0.0,0.0,146.95,0.9999253857184062,1.0,1304.707269180004,1000.0,1304.707269180004,1000.0,0.0,0.0
15003,1696171080000.0,0.0,0.0,0.0,141.47,0.0,0.0,146.95,0.9999253857184062,1.0,1304.707269180004,1000.0,1304.707269180004,1000.0,0.0,0.0
15004,1696174680000.0,0.0,0.0,0.0,141.47,0.0,0.0,147.15,0.9999253857184062,1.0,1304.707269180004,1000.0,1304.707269180004,1000.0,0.0,0.0
15005,1696178280000.0,0.0,0.0,0.0,141.47,0.0,0.0,146.6,0.9999253857184062,1.0,1304.707269180004,1000.0,1304.707269180004,1000.0,0.0,0.0
15006,1696181880000.0,0.0,0.0,0.0,141.47,0.0,0.0,146.3,0.9999253857184062,1.0,1304.707269180004,1000.0,1304.707269180004,1000.0,0.0,0.0
15007,1696185480000.0,0.0,0.0,0.0,141.47,0.0,0.0,146.85,0.9999253857184062,1.0,1304.707269180004,1000.0,1304.707269180004,1000.0,0.0,0.0
15008,1696189080000.0,0.0,0.0,0.0,141.47,0.0,0.0,148.35,0.9999253857184062,1.0,1304.707269180004,1000.0,1304.707269180004,1000.0,0.0,0.0
15009,1696192680000.0,0.0,0.0,0.0,141.47,0.0,0.0,147.55,0.9999253857184062,1.0,1304.707269180004,1000.0,1304.707269180004,1000.0,0.0,0.0
15010,1696196280000.0,0.0,0.0,0.0,141.47,0.0,0.0,147.6,0.9999253857184062,1.0,1304.707269180004,1000.0,1304.707269180004,1000.0,0.0,0.0
15011,1696199880000.0,0.0,0.0,0.0,141.47,0.0,0.0,149.15,0.9999253857184062,1.0,1304.707269180004,1000.0,1304.707269180004,1000.0,0.0,0.0
15012,1696203480000.0,0.0,0.0,0.0,141.47,0.0,0.0,148.9,0.9999253857184062,1.0,1304.707269180004,1000.0,1304.707269180004,1000.0,0.0,0.0
15013,1696207080000.0,0.0,0.0,0.0,141.47,0.0,0.0,148.65,0.9999253857184062,1.0,1304.707269180004,1000.0,1304.707269180004,1000.0,0.0,0.0
15014,1696210680000.0,0.0,0.0,0.0,141.47,0.0,0.0,149.3,0.9999253857184062,1.0,1304.707269180004,1000.0,1304.707269180004,1000.0,0.0,0.0
15015,1696214280000.0,0.0,0.0,0.0,141.47,0.0,0.0,149.4,0.9999253857184062,1.0,1304.707269180004,1000.0,1304.707269180004,1000.0,0.0,0.0
15016,1696217880000.0,0.0,0.0,0.0,141.47,0.0,0.0,149.0,0.9999253857184062,1.0,1304.707269180004,1000.0,1304.707269180004,1000.0,0.0,0.0
15017,1696221480000.0,0.0,0.0,0.0,141.47,0.0,0.0,148.75,0.9999253857184062,1.0,1304.707269180004,1000.0,1304.707269180004,1000.0,0.0,0.0
15018,1696225080000.0,0.0,0.0,0.0,141.47,0.0,0.0,148.6,0.9999253857184062,1.0,1304.707269180004,1000.0,1304.707269180004,1000.0,0.0,0.0
15019,1696228680000.0,0.0,0.0,0.0,141.47,0.0,0.0,148.7,0.9999253857184062,1.0,1304.707269180004,1000.0,1304.707269180004,1000.0,0.0,0.0
15020,1696232280000.0,0.0,0.0,0.0,141.47,0.0,0.0,149.5,0.9999253857184062,1.0,1304.707269180004,1000.0,1304.707269180004,1000.0,0.0,0.0
15021,1696235880000.0,0.0,0.0,0.0,141.47,0.0,0.0,149.55,0.9999253857184062,1.0,1304.707269180004,1000.0,1304.707269180004,1000.0,0.0,0.0
15022,1696239480000.0,0.0,0.0,0.0,141.47,0.0,0.0,149.45,0.9999253857184062,1.0,1304.707269180004,1000.0,1304.707269180004,1000.0,0.0,0.0
15023,1696243080000.0,0.0,0.0,0.0,141.47,0.0,0.0,149.3,0.9999253857184062,1.0,1304.707269180004,1000.0,1304.707269180004,1000.0,0.0,0.0
15024,1696246680000.0,0.0,0.0,0.0,141.47,0.0,0.0,149.45,0.9999253857184062,1.0,1304.707269180004,1000.0,1304.707269180004,1000.0,0.0,0.0
15025,1696250280000.0,0.0,0.0,0.0,141.47,0.0,0.0,148.9,0.9999253857184062,1.0,1304.707269180004,1000.0,1304.707269180004,1000.0,0.0,0.0
15026,1696253880000.0,0.0,0.0,0.0,141.47,0.0,0.0,149.5,0.9999253857184062,1.0,1304.707269180004,1000.0,1304.707269180004,1000.0,0.0,0.0
15027,1696257480000.0,0.0,0.0,0.0,141.47,0.0,0.0,147.3,0.9999253857184062,1.0,1304.707269180004,1000.0,1304.707269180004,1000.0,0.0,0.0
15028,1696261080000.0,0.0,0.0,0.0,141.47,0.0,0.0,147.85,0.9999253857184062,1.0,1304.707269180004,1000.0,1304.707269180004,1000.0,0.0,0.0
15029,1696264680000.0,0.0,0.0,0.0,141.47,0.0,0.0,147.5,0.9999253857184062,1.0,1304.707269180004,1000.0,1304.707269180004,1000.0,0.0,0.0
15030,1696268280000.0,0.0,0.0,0.0,141.47,0.0,0.0,147.5,0.9999253857184062,1.0,1304.707269180004,1000.0,1304.707269180004,1000.0,0.0,0.0
15031,1696271880000.0,0.0,0.0,0.0,141.47,0.0,0.0,147.05,0.9999253857184062,1.0,1304.707269180004,1000.0,1304.707269180004,1000.0,0.0,0.0
15032,1696275480000.0,0.0,0.0,0.0,141.47,0.0,0.0,146.6,0.9999253857184062,1.0,1304.707269180004,1000.0,1304.707269180004,1000.0,0.0,0.0
15033,1696279080000.0,0.0,0.0,0.0,141.47,0.0,0.0,146.6,0.9999253857184062,1.0,1304.707269180004,1000.0,1304.707269180004,1000.0,0.0,0.0
15034,1696282680000.0,0.0,0.0,0.0,141.47,0.0,0.0,146.35,0.9999253857184062,1.0,1304.707269180004,1000.0,1304.707269180004,1000.0,0.0,0.0
15035,1696286280000.0,0.0,0.0,0.0,141.47,0.0,0.0,145.65,0.9999253857184062,1.0,1304.707269180004,1000.0,1304.707269180004,1000.0,0.0,0.0
15036,1696289880000.0,0.0,0.0,0.0,141.47,0.0,0.0,145.95,0.9999253857184062,1.0,1304.707269180004,1000.0,1304.707269180004,1000.0,0.0,0.0
15037,1696293480000.0,0.0,0.0,0.0,141.47,0.0,0.0,145.8,0.9999253857184062,1.0,1304.707269180004,1000.0,1304.707269180004,1000.0,0.0,0.0
15038,1696297080000.0,0.0,0.0,0.0,141.47,0.0,0.0,146.25,0.9999253857184062,1.0,1304.707269180004,1000.0,1304.707269180004,1000.0,0.0,0.0
15039,1696300680000.0,0.0,0.0,0.0,141.47,0.0,0.0,146.5,0.9999253857184062,1.0,1304.707269180004,1000.0,1304.707269180004,1000.0,0.0,0.0
15040,1696304280000.0,0.0,0.0,0.0,141.47,0.0,0.0,146.05,0.9999253857184062,1.0,1304.707269180004,1000.0,1304.707269180004,1000.0,0.0,0.0
15041,1696307880000.0,0.0,0.0,0.0,141.47,0.0,0.0,146.1,0.9999253857184062,1.0,1304.707269180004,1000.0,1304.707269180004,1000.0,0.0,0.0
15042,1696311480000.0,0.0,0.0,0.0,141.47,0.0,0.0,146.6,0.9999253857184062,1.0,1304.707269180004,1000.0,1304.707269180004,1000.0,0.0,0.0
15043,1696315080000.0,0.0,0.0,0.0,141.47,0.0,0.0,147.1,0.9999253857184062,1.0,1304.707269180004,1000.0,1304.707269180004,1000.0,0.0,0.0
15044,1696318680000.0,0.0,0.0,0.0,141.47,0.0,0.0,147.05,0.9999253857184062,1.0,1304.707269180004,1000.0,1304.707269180004,1000.0,0.0,0.0
15045,1696322280000.0,0.0,0.0,0.0,141.47,0.0,0.0,147.4,0.9999253857184062,1.0,1304.707269180004,1000.0,1304.707269180004,1000.0,0.0,0.0
15046,1696325880000.0,0.0,0.0,0.0,141.47,0.0,0.0,146.15,0.9999253857184062,1.0,1304.707269180004,1000.0,1304.707269180004,1000.0,0.0,0.0
15047,1696329480000.0,0.0,0.0,0.0,141.47,0.0,0.0,145.95,0.9999253857184062,1.0,1304.707269180004,1000.0,1304.707269180004,1000.0,0.0,0.0
15048,1696333080000.0,0.0,0.0,0.0,141.47,0.0,0.0,145.4,0.9999253857184062,1.0,1304.707269180004,1000.0,1304.707269180004,1000.0,0.0,0.0
15049,1696336680000.0,0.0,0.0,0.0,141.47,0.0,0.0,145.05,0.9999253857184062,1.0,1304.707269180004,1000.0,1304.707269180004,1000.0,0.0,0.0
15050,1696340280000.0,0.0,0.0,0.0,141.47,0.0,0.0,145.95,0.9999253857184062,1.0,1304.707269180004,1000.0,1304.707269180004,1000.0,0.0,0.0
15051,1696343880000.0,0.0,0.0,0.0,141.47,0.0,0.0,145.5,0.9999253857184062,1.0,1304.707269180004,1000.0,1304.707269180004,1000.0,0.0,0.0
15052,1696347480000.0,0.0,0.0,0.0,141.47,0.0,0.0,145.5,0.9999253857184062,1.0,1304.707269180004,1000.0,1304.707269180004,1000.0,0.0,0.0
15053,1696351080000.0,0.0,0.0,0.0,141.47,0.0,0.0,146.9,0.9999253857184062,1.0,1304.707269180004,1000.0,1304.707269180004,1000.0,0.0,0.0
15054,1696354680000.0,0.0,0.0,0.0,141.47,0.0,0.0,146.55,0.9999253857184062,1.0,1304.707269180004,1000.0,1304.707269180004,1000.0,0.0,0.0
15055,1696358280000.0,0.0,0.0,0.0,141.47,0.0,0.0,146.6,0.9999253857184062,1.0,1304.707269180004,1000.0,1304.707269180004,1000.0,0.0,0.0
15056,1696361880000.0,0.0,0.0,0.0,141.47,0.0,0.0,146.7,0.9999253857184062,1.0,1304.707269180004,1000.0,1304.707269180004,1000.0,0.0,0.0
15057,1696365480000.0,0.0,0.0,0.0,141.47,0.0,0.0,147.0,0.9999253857184062,1.0,1304.707269180004,1000.0,1304.707269180004,1000.0,0.0,0.0
15058,1696369080000.0,0.0,0.0,0.0,141.47,0.0,0.0,147.6,0.9999253857184062,1.0,1304.707269180004,1000.0,1304.707269180004,1000.0,0.0,0.0
15059,1696372680000.0,0.0,0.0,0.0,141.47,0.0,0.0,147.05,0.9999253857184062,1.0,1304.707269180004,1000.0,1304.707269180004,1000.0,0.0,0.0
15060,1696376280000.0,0.0,0.0,0.0,141.47,0.0,0.0,147.0,0.9999253857184062,1.0,1304.707269180004,1000.0,1304.707269180004,1000.0,0.0,0.0
15061,1696379880000.0,0.0,0.0,0.0,141.47,0.0,0.0,146.15,0.9999253857184062,1.0,1304.707269180004,1000.0,1304.707269180004,1000.0,0.0,0.0
15062,1696383480000.0,0.0,0.0,0.0,141.47,0.0,0.0,146.75,0.9999253857184062,1.0,1304.707269180004,1000.0,1304.707269180004,1000.0,0.0,0.0
15063,1696387080000.0,0.0,0.0,0.0,141.47,0.0,0.0,147.6,0.9999253857184062,1.0,1304.707269180004,1000.0,1304.707269180004,1000.0,0.0,0.0
15064,1696390680000.0,0.0,0.0,0.0,141.47,0.0,0.0,147.8,0.9999253857184062,1.0,1304.707269180004,1000.0,1304.707269180004,1000.0,0.0,0.0
15065,1696394280000.0,0.0,0.0,0.0,141.47,0.0,0.0,147.8,0.9999253857184062,1.0,1304.707269180004,1000.0,1304.707269180004,1000.0,0.0,0.0
15066,1696397880000.0,0.0,0.0,0.0,141.47,0.0,0.0,147.4,0.9999253857184062,1.0,1304.707269180004,1000.0,1304.707269180004,1000.0,0.0,0.0
15067,1696401480000.0,0.0,0.0,0.0,141.47,0.0,0.0,146.6,0.9999253857184062,1.0,1304.707269180004,1000.0,1304.707269180004,1000.0,0.0,0.0
15068,1696405080000.0,0.0,0.0,0.0,141.47,0.0,0.0,147.05,0.9999253857184062,1.0,1304.707269180004,1000.0,1304.707269180004,1000.0,0.0,0.0
15069,1696408680000.0,0.0,0.0,0.0,141.47,0.0,0.0,147.65,0.9999253857184062,1.0,1304.707269180004,1000.0,1304.707269180004,1000.0,0.0,0.0
15070,1696412280000.0,0.0,0.0,0.0,141.47,0.0,0.0,148.6,0.9999253857184062,1.0,1304.707269180004,1000.0,1304.707269180004,1000.0,0.0,0.0
15071,1696415880000.0,0.0,0.0,0.0,141.47,0.0,0.0,148.65,0.9999253857184062,1.0,1304.707269180004,1000.0,1304.707269180004,1000.0,0.0,0.0
15072,1696419480000.0,0.0,0.0,0.0,141.47,0.0,0.0,148.95,0.9999253857184062,1.0,1304.707269180004,1000.0,1304.707269180004,1000.0,0.0,0.0
15073,1696423080000.0,0.0,0.0,0.0,141.47,0.0,0.0,148.95,0.9999253857184062,1.0,1304.707269180004,1000.0,1304.707269180004,1000.0,0.0,0.0
15074,1696426680000.0,0.0,0.0,0.0,141.47,0.0,0.0,148.8,0.9999253857184062,1.0,1304.707269180004,1000.0,1304.707269180004,1000.0,0.0,0.0
15075,1696430280000.0,0.0,0.0,0.0,141.47,0.0,0.0,148.95,0.9999253857184062,1.0,1304.707269180004,1000.0,1304.707269180004,1000.0,0.0,0.0
15076,1696433880000.0,0.0,0.0,0.0,141.47,0.0,0.0,149.55,0.9999253857184062,1.0,1304.707269180004,1000.0,1304.707269180004,1000.0,0.0,0.0
15077,1696437480000.0,0.0,0.0,0.0,141.47,0.0,0.0,149.5,0.9999253857184062,1.0,1304.707269180004,1000.0,1304.707269180004,1000.0,0.0,0.0
15078,1696441080000.0,0.0,0.0,0.0,141.47,0.0,0.0,149.35,0.9999253857184062,1.0,1304.707269180004,1000.0,1304.707269180004,1000.0,0.0,0.0
15079,1696444680000.0,0.0,0.0,0.0,141.47,0.0,0.0,149.0,0.9999253857184062,1.0,1304.707269180004,1000.0,1304.707269180004,1000.0,0.0,0.0
15080,1696448280000.0,0.0,0.0,0.0,141.47,0.0,0.0,148.95,0.9999253857184062,1.0,1304.707269180004,1000.0,1304.707269180004,1000.0,0.0,0.0
15081,1696451880000.0,0.0,0.0,0.0,141.47,0.0,0.0,148.95,0.9999253857184062,1.0,1304.707269180004,1000.0,1304.707269180004,1000.0,0.0,0.0
15082,1696455480000.0,0.0,0.0,0.0,141.47,0.0,0.0,149.65,0.9999253857184062,1.0,1304.707269180004,1000.0,1304.707269180004,1000.0,0.0,0.0
15083,1696459080000.0,0.0,0.0,0.0,141.47,0.0,0.0,149.9,0.9999253857184062,1.0,1304.707269180004,1000.0,1304.707269180004,1000.0,0.0,0.0
15084,1696462680000.0,0.0,0.0,0.0,141.47,0.0,0.0,150.55,0.9999253857184062,1.0,1304.707269180004,1000.0,1304.707269180004,1000.0,0.0,0.0
15085,1696466280000.0,0.0,0.0,0.0,141.47,0.0,0.0,149.4,0.9999253857184062,1.0,1304.707269180004,1000.0,1304.707269180004,1000.0,0.0,0.0
15086,1696469880000.0,0.0,0.0,0.0,141.47,0.0,0.0,149.15,0.9999253857184062,1.0,1304.707269180004,1000.0,1304.707269180004,1000.0,0.0,0.0
15087,1696473480000.0,0.0,0.0,0.0,141.47,0.0,0.0,149.95,0.9999253857184062,1.0,1304.707269180004,1000.0,1304.707269180004,1000.0,0.0,0.0
15088,1696477080000.0,0.0,0.0,0.0,141.47,0.0,0.0,149.9,0.9999253857184062,1.0,1304.707269180004,1000.0,1304.707269180004,1000.0,0.0,0.0
15089,1696480680000.0,0.0,0.0,0.0,141.47,0.0,0.0,149.7,0.9999253857184062,1.0,1304.707269180004,1000.0,1304.707269180004,1000.0,0.0,0.0
15090,1696484280000.0,0.0,0.0,0.0,141.47,0.0,0.0,149.9,0.9999253857184062,1.0,1304.707269180004,1000.0,1304.707269180004,1000.0,0.0,0.0
15091,1696487880000.0,0.0,0.0,0.0,141.47,0.0,0.0,149.55,0.9999253857184062,1.0,1304.707269180004,1000.0,1304.707269180004,1000.0,0.0,0.0
15092,1696491480000.0,0.0,0.0,0.0,141.47,0.0,0.0,149.85,0.9999253857184062,1.0,1304.707269180004,1000.0,1304.707269180004,1000.0,0.0,0.0
15093,1696495080000.0,0.0,0.0,0.0,141.47,0.0,0.0,150.4,0.9999253857184062,1.0,1304.707269180004,1000.0,1304.707269180004,1000.0,0.0,0.0
15094,1696498680000.0,0.0,0.0,0.0,141.47,0.0,0.0,151.4,0.9999253857184062,1.0,1304.707269180004,1000.0,1304.707269180004,1000.0,0.0,0.0
15095,1696502280000.0,0.0,0.0,0.0,141.47,0.0,0.0,150.6,0.9999253857184062,1.0,1304.707269180004,1000.0,1304.707269180004,1000.0,0.0,0.0
15096,1696505880000.0,0.0,0.0,0.0,141.47,0.0,0.0,151.1,0.9999253857184062,1.0,1304.707269180004,1000.0,1304.707269180004,1000.0,0.0,0.0
15097,1696509480000.0,0.0,0.0,0.0,141.47,0.0,0.0,151.0,0.9999253857184062,1.0,1304.707269180004,1000.0,1304.707269180004,1000.0,0.0,0.0
15098,1696513080000.0,0.0,0.0,0.0,141.47,0.0,0.0,151.0,0.9999253857184062,1.0,1304.707269180004,1000.0,1304.707269180004,1000.0,0.0,0.0
15099,1696516680000.0,0.0,0.0,0.0,141.47,0.0,0.0,150.45,0.9999253857184062,1.0,1304.707269180004,1000.0,1304.707269180004,1000.0,0.0,0.0
15100,1696520280000.0,0.0,0.0,0.0,141.47,0.0,0.0,148.8,0.9999253857184062,1.0,1304.707269180004,1000.0,1304.707269180004,1000.0,0.0,0.0
15101,1696523880000.0,0.0,0.0,0.0,141.47,0.0,0.0,148.85,0.9999253857184062,1.0,1304.707269180004,1000.0,1304.707269180004,1000.0,0.0,0.0
15102,1696527480000.0,0.0,0.0,0.0,141.47,0.0,0.0,148.6,0.9999253857184062,1.0,1304.707269180004,1000.0,1304.707269180004,1000.0,0.0,0.0
15103,1696531080000.0,0.0,0.0,0.0,141.47,0.0,0.0,149.15,0.9999253857184062,1.0,1304.707269180004,1000.0,1304.707269180004,1000.0,0.0,0.0
15104,1696534680000.0,0.0,0.0,0.0,141.47,0.0,0.0,149.1,0.9999253857184062,1.0,1304.707269180004,1000.0,1304.707269180004,1000.0,0.0,0.0
15105,1696538280000.0,0.0,0.0,0.0,141.47,0.0,0.0,150.0,0.9999253857184062,1.0,1304.707269180004,1000.0,1304.707269180004,1000.0,0.0,0.0
15106,1696541880000.0,0.0,0.0,0.0,141.47,0.0,0.0,150.3,0.9999253857184062,1.0,1304.707269180004,1000.0,1304.707269180004,1000.0,0.0,0.0
15107,1696545480000.0,0.0,0.0,0.0,141.47,0.0,0.0,150.5,0.9999253857184062,1.0,1304.707269180004,1000.0,1304.707269180004,1000.0,0.0,0.0
15108,1696549080000.0,0.0,0.0,0.0,141.47,0.0,0.0,149.65,0.9999253857184062,1.0,1304.707269180004,1000.0,1304.707269180004,1000.0,0.0,0.0
15109,1696552680000.0,0.0,0.0,0.0,141.47,0.0,0.0,150.05,0.9999253857184062,1.0,1304.707269180004,1000.0,1304.707269180004,1000.0,0.0,0.0
15110,1696556280000.0,0.0,0.0,0.0,141.47,0.0,0.0,149.8,0.9999253857184062,1.0,1304.707269180004,1000.0,1304.707269180004,1000.0,0.0,0.0
15111,1696559880000.0,0.0,0.0,0.0,141.47,0.0,0.0,150.05,0.9999253857184062,1.0,1304.707269180004,1000.0,1304.707269180004,1000.0,0.0,0.0
15112,1696563480000.0,0.0,0.0,0.0,141.47,0.0,0.0,149.3,0.9999253857184062,1.0,1304.707269180004,1000.0,1304.707269180004,1000.0,0.0,0.0
15113,1696567080000.0,0.0,0.0,0.0,141.47,0.0,0.0,148.65,0.9999253857184062,1.0,1304.707269180004,1000.0,1304.707269180004,1000.0,0.0,0.0
15114,1696570680000.0,0.0,0.0,0.0,141.47,0.0,0.0,149.1,0.9999253857184062,1.0,1304.707269180004,1000.0,1304.707269180004,1000.0,0.0,0.0
15115,1696574280000.0,0.0,0.0,0.0,141.47,0.0,0.0,149.05,0.9999253857184062,1.0,1304.707269180004,1000.0,1304.707269180004,1000.0,0.0,0.0
15116,1696577880000.0,0.0,0.0,0.0,141.47,0.0,0.0,149.15,0.9999253857184062,1.0,1304.707269180004,1000.0,1304.707269180004,1000.0,0.0,0.0
15117,1696581480000.0,0.0,0.0,0.0,141.47,0.0,0.0,149.55,0.9999253857184062,1.0,1304.707269180004,1000.0,1304.707269180004,1000.0,0.0,0.0
15118,1696585080000.0,0.0,0.0,0.0,141.47,0.0,0.0,148.7,0.9999253857184062,1.0,1304.707269180004,1000.0,1304.707269180004,1000.0,0.0,0.0
15119,1696588680000.0,0.0,0.0,0.0,141.47,0.0,0.0,148.95,0.9999253857184062,1.0,1304.707269180004,1000.0,1304.707269180004,1000.0,0.0,0.0
15120,1696592280000.0,0.0,0.0,0.0,141.47,0.0,0.0,148.75,0.9999253857184062,1.0,1304.707269180004,1000.0,1304.707269180004,1000.0,0.0,0.0
15121,1696595880000.0,0.0,0.0,0.0,141.47,0.0,0.0,148.45,0.9999253857184062,1.0,1304.707269180004,1000.0,1304.707269180004,1000.0,0.0,0.0
15122,1696599480000.0,0.0,0.0,0.0,141.47,0.0,0.0,149.35,0.9999253857184062,1.0,1304.707269180004,1000.0,1304.707269180004,1000.0,0.0,0.0
15123,1696603080000.0,0.0,0.0,0.0,141.47,0.0,0.0,149.2,0.9999253857184062,1.0,1304.707269180004,1000.0,1304.707269180004,1000.0,0.0,0.0
15124,1696606680000.0,0.0,0.0,0.0,141.47,0.0,0.0,150.35,0.9999253857184062,1.0,1304.707269180004,1000.0,1304.707269180004,1000.0,0.0,0.0
15125,1696610280000.0,0.0,0.0,0.0,141.47,0.0,0.0,150.9,0.9999253857184062,1.0,1304.707269180004,1000.0,1304.707269180004,1000.0,0.0,0.0
15126,1696613880000.0,0.0,0.0,0.0,141.47,0.0,0.0,151.75,0.9999253857184062,1.0,1304.707269180004,1000.0,1304.707269180004,1000.0,0.0,0.0
15127,1696617480000.0,0.0,0.0,0.0,141.47,0.0,0.0,151.75,0.9999253857184062,1.0,1304.707269180004,1000.0,1304.707269180004,1000.0,0.0,0.0
15128,1696621080000.0,0.0,0.0,0.0,141.47,0.0,0.0,152.25,0.9999253857184062,1.0,1304.707269180004,1000.0,1304.707269180004,1000.0,0.0,0.0
15129,1696624680000.0,0.0,0.0,0.0,141.47,0.0,0.0,152.5,0.9999253857184062,1.0,1304.707269180004,1000.0,1304.707269180004,1000.0,0.0,0.0
15130,1696628280000.0,0.0,0.0,0.0,141.47,0.0,0.0,152.55,0.9999253857184062,1.0,1304.707269180004,1000.0,1304.707269180004,1000.0,0.0,0.0
15131,1696631880000.0,0.0,0.0,0.0,141.47,0.0,0.0,152.3,0.9999253857184062,1.0,1304.707269180004,1000.0,1304.707269180004,1000.0,0.0,0.0
15132,1696635480000.0,0.0,0.0,0.0,141.47,0.0,0.0,152.25,0.9999253857184062,1.0,1304.707269180004,1000.0,1304.707269180004,1000.0,0.0,0.0
15133,1696639080000.0,0.0,0.0,0.0,141.47,0.0,0.0,152.0,0.9999253857184062,1.0,1304.707269180004,1000.0,1304.707269180004,1000.0,0.0,0.0
15134,1696642680000.0,0.0,0.0,0.0,141.47,0.0,0.0,152.35,0.9999253857184062,1.0,1304.707269180004,1000.0,1304.707269180004,1000.0,0.0,0.0
15135,1696646280000.0,0.0,0.0,0.0,141.47,0.0,0.0,152.45,0.9999253857184062,1.0,1304.707269180004,1000.0,1304.707269180004,1000.0,0.0,0.0
15136,1696649880000.0,0.0,0.0,0.0,141.47,0.0,0.0,152.05,0.9999253857184062,1.0,1304.707269180004,1000.0,1304.707269180004,1000.0,0.0,0.0
15137,1696653480000.0,0.0,0.0,0.0,141.47,0.0,0.0,152.35,0.9999253857184062,1.0,1304.707269180004,1000.0,1304.707269180004,1000.0,0.0,0.0
15138,1696657080000.0,0.0,0.0,0.0,141.47,0.0,0.0,151.95,0.9999253857184062,1.0,1304.707269180004,1000.0,1304.707269180004,1000.0,0.0,0.0
15139,1696660680000.0,0.0,0.0,0.0,141.47,0.0,0.0,151.55,0.9999253857184062,1.0,1304.707269180004,1000.0,1304.707269180004,1000.0,0.0,0.0
15140,1696664280000.0,0.0,0.0,0.0,141.47,0.0,0.0,151.5,0.9999253857184062,1.0,1304.707269180004,1000.0,1304.707269180004,1000.0,0.0,0.0
15141,1696667880000.0,0.0,0.0,0.0,141.47,0.0,0.0,151.4,0.9999253857184062,1.0,1304.707269180004,1000.0,1304.707269180004,1000.0,0.0,0.0
15142,1696671480000.0,0.0,0.0,0.0,141.47,0.0,0.0,151.35,0.9999253857184062,1.0,1304.707269180004,1000.0,1304.707269180004,1000.0,0.0,0.0
15143,1696675080000.0,0.0,0.0,0.0,141.47,0.0,0.0,151.05,0.9999253857184062,1.0,1304.707269180004,1000.0,1304.707269180004,1000.0,0.0,0.0
15144,1696678680000.0,0.0,0.0,0.0,141.47,0.0,0.0,151.6,0.9999253857184062,1.0,1304.707269180004,1000.0,1304.707269180004,1000.0,0.0,0.0
15145,1696682280000.0,0.0,0.0,0.0,141.47,0.0,0.0,152.35,0.9999253857184062,1.0,1304.707269180004,1000.0,1304.707269180004,1000.0,0.0,0.0
15146,1696685880000.0,0.0,0.0,0.0,141.47,0.0,0.0,152.4,0.9999253857184062,1.0,1304.707269180004,1000.0,1304.707269180004,1000.0,0.0,0.0
15147,1696689480000.0,0.0,0.0,0.0,141.47,0.0,0.0,152.85,0.9999253857184062,1.0,1304.707269180004,1000.0,1304.707269180004,1000.0,0.0,0.0
15148,1696693080000.0,0.0,0.0,0.0,141.47,0.0,0.0,152.75,0.9999253857184062,1.0,1304.707269180004,1000.0,1304.707269180004,1000.0,0.0,0.0
15149,1696696680000.0,0.0,0.0,0.0,141.47,0.0,0.0,152.9,0.9999253857184062,1.0,1304.707269180004,1000.0,1304.707269180004,1000.0,0.0,0.0
15150,1696700280000.0,0.0,0.0,0.0,141.47,0.0,0.0,153.3,0.9999253857184062,1.0,1304.707269180004,1000.0,1304.707269180004,1000.0,0.0,0.0
15151,1696703880000.0,0.0,0.0,0.0,141.47,0.0,0.0,153.6,0.9999253857184062,1.0,1304.707269180004,1000.0,1304.707269180004,1000.0,0.0,0.0
15152,1696707480000.0,0.0,0.0,0.0,141.47,0.0,0.0,152.65,0.9999253857184062,1.0,1304.707269180004,1000.0,1304.707269180004,1000.0,0.0,0.0
15153,1696711080000.0,0.0,0.0,0.0,141.47,0.0,0.0,153.65,0.9999253857184062,1.0,1304.707269180004,1000.0,1304.707269180004,1000.0,0.0,0.0
15154,1696714680000.0,0.0,0.0,0.0,141.47,0.0,0.0,154.75,0.9999253857184062,1.0,1304.707269180004,1000.0,1304.707269180004,1000.0,0.0,0.0
15155,1696718280000.0,0.0,0.0,0.0,141.47,0.0,0.0,154.75,0.9999253857184062,1.0,1304.707269180004,1000.0,1304.707269180004,1000.0,0.0,0.0
15156,1696721880000.0,0.0,0.0,0.0,141.47,0.0,0.0,154.85,0.9999253857184062,1.0,1304.707269180004,1000.0,1304.707269180004,1000.0,0.0,0.0
15157,1696725480000.0,0.0,0.0,0.0,141.47,0.0,0.0,154.4,0.9999253857184062,1.0,1304.707269180004,1000.0,1304.707269180004,1000.0,0.0,0.0
15158,1696729080000.0,0.0,0.0,0.0,141.47,0.0,0.0,154.55,0.9999253857184062,1.0,1304.707269180004,1000.0,1304.707269180004,1000.0,0.0,0.0
15159,1696732680000.0,0.0,0.0,0.0,141.47,0.0,0.0,155.0,0.9999253857184062,1.0,1304.707269180004,1000.0,1304.707269180004,1000.0,0.0,0.0
15160,1696736280000.0,0.0,0.0,0.0,141.47,0.0,0.0,154.7,0.9999253857184062,1.0,1304.707269180004,1000.0,1304.707269180004,1000.0,0.0,0.0
15161,1696739880000.0,0.0,0.0,0.0,141.47,0.0,0.0,155.2,0.9999253857184062,1.0,1304.707269180004,1000.0,1304.707269180004,1000.0,0.0,0.0
15162,1696743480000.0,0.0,0.0,0.0,141.47,0.0,0.0,155.15,0.9999253857184062,1.0,1304.707269180004,1000.0,1304.707269180004,1000.0,0.0,0.0
15163,1696747080000.0,0.0,0.0,0.0,141.47,0.0,0.0,154.85,0.9999253857184062,1.0,1304.707269180004,1000.0,1304.707269180004,1000.0,0.0,0.0
15164,1696750680000.0,0.0,0.0,0.0,141.47,0.0,0.0,154.65,0.9999253857184062,1.0,1304.707269180004,1000.0,1304.707269180004,1000.0,0.0,0.0
15165,1696754280000.0,0.0,0.0,0.0,141.47,0.0,0.0,154.8,0.9999253857184062,1.0,1304.707269180004,1000.0,1304.707269180004,1000.0,0.0,0.0
15166,1696757880000.0,0.0,0.0,0.0,141.47,0.0,0.0,154.8,0.9999253857184062,1.0,1304.707269180004,1000.0,1304.707269180004,1000.0,0.0,0.0
15167,1696761480000.0,0.0,0.0,0.0,141.47,0.0,0.0,154.95,0.9999253857184062,1.0,1304.707269180004,1000.0,1304.707269180004,1000.0,0.0,0.0
15168,1696765080000.0,0.0,0.0,0.0,141.47,0.0,0.0,154.45,0.9999253857184062,1.0,1304.707269180004,1000.0,1304.707269180004,1000.0,0.0,0.0
15169,1696768680000.0,0.0,0.0,0.0,141.47,0.0,0.0,153.9,0.9999253857184062,1.0,1304.707269180004,1000.0,1304.707269180004,1000.0,0.0,0.0
15170,1696772280000.0,0.0,0.0,0.0,141.47,0.0,0.0,154.5,0.9999253857184062,1.0,1304.707269180004,1000.0,1304.707269180004,1000.0,0.0,0.0
15171,1696775880000.0,0.0,0.0,0.0,141.47,0.0,0.0,154.4,0.9999253857184062,1.0,1304.707269180004,1000.0,1304.707269180004,1000.0,0.0,0.0
15172,1696779480000.0,0.0,0.0,0.0,141.47,0.0,0.0,154.15,0.9999253857184062,1.0,1304.707269180004,1000.0,1304.707269180004,1000.0,0.0,0.0
15173,1696783080000.0,0.0,0.0,0.0,141.47,0.0,0.0,154.7,0.9999253857184062,1.0,1304.707269180004,1000.0,1304.707269180004,1000.0,0.0,0.0
15174,1696786680000.0,0.0,0.0,0.0,141.47,0.0,0.0,155.1,0.9999253857184062,1.0,1304.707269180004,1000.0,1304.707269180004,1000.0,0.0,0.0
15175,1696790280000.0,0.0,0.0,0.0,141.47,0.0,0.0,154.75,0.9999253857184062,1.0,1304.707269180004,1000.0,1304.707269180004,1000.0,0.0,0.0
15176,1696793880000.0,0.0,0.0,0.0,141.47,0.0,0.0,155.2,0.9999253857184062,1.0,1304.707269180004,1000.0,1304.707269180004,1000.0,0.0,0.0
15177,1696797480000.0,0.0,0.0,0.0,141.47,0.0,0.0,155.85,0.9999253857184062,1.0,1304.707269180004,1000.0,1304.707269180004,1000.0,0.0,0.0
15178,1696801080000.0,0.0,0.0,0.0,141.47,0.0,0.0,156.05,0.9999253857184062,1.0,1304.707269180004,1000.0,1304.707269180004,1000.0,0.0,0.0
15179,1696804680000.0,0.0,0.0,0.0,141.47,0.0,0.0,155.55,0.9999253857184062,1.0,1304.707269180004,1000.0,1304.707269180004,1000.0,0.0,0.0
15180,1696808280000.0,0.0,0.0,0.0,141.47,0.0,0.0,155.9,0.9999253857184062,1.0,1304.707269180004,1000.0,1304.707269180004,1000.0,0.0,0.0
15181,1696811880000.0,0.0,0.0,0.0,141.47,0.0,0.0,155.7,0.9999253857184062,1.0,1304.707269180004,1000.0,1304.707269180004,1000.0,0.0,0.0
15182,1696815480000.0,0.0,0.0,0.0,141.47,0.0,0.0,155.4,0.9999253857184062,1.0,1304.707269180004,1000.0,1304.707269180004,1000.0,0.0,0.0
15183,1696819080000.0,0.0,0.0,0.0,141.47,0.0,0.0,155.55,0.9999253857184062,1.0,1304.707269180004,1000.0,1304.707269180004,1000.0,0.0,0.0
15184,1696822680000.0,0.0,0.0,0.0,141.47,0.0,0.0,156.15,0.9999253857184062,1.0,1304.707269180004,1000.0,1304.707269180004,1000.0,0.0,0.0
15185,1696826280000.0,0.0,0.0,0.0,141.47,0.0,0.0,155.55,0.9999253857184062,1.0,1304.707269180004,1000.0,1304.707269180004,1000.0,0.0,0.0
15186,1696829880000.0,0.0,0.0,0.0,141.47,0.0,0.0,155.3,0.9999253857184062,1.0,1304.707269180004,1000.0,1304.707269180004,1000.0,0.0,0.0
15187,1696833480000.0,0.0,0.0,0.0,141.47,0.0,0.0,154.6,0.9999253857184062,1.0,1304.707269180004,1000.0,1304.707269180004,1000.0,0.0,0.0
15188,1696837080000.0,0.0,0.0,0.0,141.47,0.0,0.0,153.9,0.9999253857184062,1.0,1304.707269180004,1000.0,1304.707269180004,1000.0,0.0,0.0
15189,1696840680000.0,0.0,0.0,0.0,141.47,0.0,0.0,153.75,0.9999253857184062,1.0,1304.707269180004,1000.0,1304.707269180004,1000.0,0.0,0.0
15190,1696844280000.0,0.0,0.0,0.0,141.47,0.0,0.0,154.45,0.9999253857184062,1.0,1304.707269180004,1000.0,1304.707269180004,1000.0,0.0,0.0
15191,1696847880000.0,0.0,0.0,0.0,141.47,0.0,0.0,154.1,0.9999253857184062,1.0,1304.707269180004,1000.0,1304.707269180004,1000.0,0.0,0.0
15192,1696851480000.0,0.0,0.0,0.0,141.47,0.0,0.0,155.1,0.9999253857184062,1.0,1304.707269180004,1000.0,1304.707269180004,1000.0,0.0,0.0
15193,1696855080000.0,0.0,0.0,0.0,141.47,0.0,0.0,154.65,0.9999253857184062,1.0,1304.707269180004,1000.0,1304.707269180004,1000.0,0.0,0.0
15194,1696858680000.0,0.0,0.0,0.0,141.47,0.0,0.0,154.05,0.9999253857184062,1.0,1304.707269180004,1000.0,1304.707269180004,1000.0,0.0,0.0
15195,1696862280000.0,0.0,0.0,0.0,141.47,0.0,0.0,153.15,0.9999253857184062,1.0,1304.707269180004,1000.0,1304.707269180004,1000.0,0.0,0.0
15196,1696865880000.0,0.0,0.0,0.0,141.47,0.0,0.0,151.95,0.9999253857184062,1.0,1304.707269180004,1000.0,1304.707269180004,1000.0,0.0,0.0
15197,1696869480000.0,0.0,0.0,0.0,141.47,0.0,0.0,152.55,0.9999253857184062,1.0,1304.707269180004,1000.0,1304.707269180004,1000.0,0.0,0.0
15198,1696873080000.0,0.0,0.0,0.0,141.47,0.0,0.0,152.8,0.9999253857184062,1.0,1304.707269180004,1000.0,1304.707269180004,1000.0,0.0,0.0
15199,1696876680000.0,0.0,0.0,0.0,141.47,0.0,0.0,153.4,0.9999253857184062,1.0,1304.707269180004,1000.0,1304.707269180004,1000.0,0.0,0.0
15200,1696880280000.0,0.0,0.0,0.0,141.47,0.0,0.0,153.3,0.9999253857184062,1.0,1304.707269180004,1000.0,1304.707269180004,1000.0,0.0,0.0
15201,1696883880000.0,0.0,0.0,0.0,141.47,0.0,0.0,153.4,0.9999253857184062,1.0,1304.707269180004,1000.0,1304.707269180004,1000.0,0.0,0.0
15202,1696887480000.0,0.0,0.0,0.0,141.47,0.0,0.0,153.45,0.9999253857184062,1.0,1304.707269180004,1000.0,1304.707269180004,1000.0,0.0,0.0
15203,1696891080000.0,0.0,0.0,0.0,141.47,0.0,0.0,154.3,0.9999253857184062,1.0,1304.707269180004,1000.0,1304.707269180004,1000.0,0.0,0.0
15204,1696894680000.0,0.0,0.0,0.0,141.47,0.0,0.0,154.45,0.9999253857184062,1.0,1304.707269180004,1000.0,1304.707269180004,1000.0,0.0,0.0
15205,1696898280000.0,0.0,0.0,0.0,141.47,0.0,0.0,153.65,0.9999253857184062,1.0,1304.707269180004,1000.0,1304.707269180004,1000.0,0.0,0.0
15206,1696901880000.0,0.0,0.0,0.0,141.47,0.0,0.0,153.35,0.9999253857184062,1.0,1304.707269180004,1000.0,1304.707269180004,1000.0,0.0,0.0
15207,1696905480000.0,0.0,0.0,0.0,141.47,0.0,0.0,153.1,0.9999253857184062,1.0,1304.707269180004,1000.0,1304.707269180004,1000.0,0.0,0.0
15208,1696909080000.0,0.0,0.0,0.0,141.47,0.0,0.0,152.75,0.9999253857184062,1.0,1304.707269180004,1000.0,1304.707269180004,1000.0,0.0,0.0
15209,1696912680000.0,0.0,0.0,0.0,141.47,0.0,0.0,153.05,0.9999253857184062,1.0,1304.707269180004,1000.0,1304.707269180004,1000.0,0.0,0.0
15210,1696916280000.0,0.0,0.0,0.0,141.47,0.0,0.0,153.2,0.9999253857184062,1.0,1304.707269180004,1000.0,1304.707269180004,1000.0,0.0,0.0
15211,1696919880000.0,0.0,0.0,0.0,141.47,0.0,0.0,153.45,0.9999253857184062,1.0,1304.707269180004,1000.0,1304.707269180004,1000.0,0.0,0.0
15212,1696923480000.0,0.0,0.0,0.0,141.47,0.0,0.0,154.0,0.9999253857184062,1.0,1304.707269180004,1000.0,1304.707269180004,1000.0,0.0,0.0
15213,1696927080000.0,0.0,0.0,0.0,141.47,0.0,0.0,153.6,0.9999253857184062,1.0,1304.707269180004,1000.0,1304.707269180004,1000.0,0.0,0.0
15214,1696930680000.0,0.0,0.0,0.0,141.47,0.0,0.0,153.25,0.9999253857184062,1.0,1304.707269180004,1000.0,1304.707269180004,1000.0,0.0,0.0
15215,1696934280000.0,0.0,0.0,0.0,141.47,0.0,0.0,153.2,0.9999253857184062,1.0,1304.707269180004,1000.0,1304.707269180004,1000.0,0.0,0.0
15216,1696937880000.0,0.0,0.0,0.0,141.47,0.0,0.0,152.8,0.9999253857184062,1.0,1304.707269180004,1000.0,1304.707269180004,1000.0,0.0,0.0
15217,1696941480000.0,0.0,0.0,0.0,141.47,0.0,0.0,152.25,0.9999253857184062,1.0,1304.707269180004,1000.0,1304.707269180004,1000.0,0.0,0.0
15218,1696945080000.0,0.0,0.0,0.0,141.47,0.0,0.0,152.4,0.9999253857184062,1.0,1304.707269180004,1000.0,1304.707269180004,1000.0,0.0,0.0
15219,1696948680000.0,0.0,0.0,0.0,141.47,0.0,0.0,153.2,0.9999253857184062,1.0,1304.707269180004,1000.0,1304.707269180004,1000.0,0.0,0.0
15220,1696952280000.0,0.0,0.0,0.0,141.47,0.0,0.0,152.4,0.9999253857184062,1.0,1304.707269180004,1000.0,1304.707269180004,1000.0,0.0,0.0
15221,1696955880000.0,0.0,0.0,0.0,141.47,0.0,0.0,152.8,0.9999253857184062,1.0,1304.707269180004,1000.0,1304.707269180004,1000.0,0.0,0.0
15222,1696959480000.0,0.0,0.0,0.0,141.47,0.0,0.0,152.35,0.9999253857184062,1.0,1304.707269180004,1000.0,1304.707269180004,1000.0,0.0,0.0
15223,1696963080000.0,0.0,0.0,0.0,141.47,0.0,0.0,153.2,0.9999253857184062,1.0,1304.707269180004,1000.0,1304.707269180004,1000.0,0.0,0.0
15224,1696966680000.0,0.0,0.0,0.0,141.47,0.0,0.0,152.9,0.9999253857184062,1.0,1304.707269180004,1000.0,1304.707269180004,1000.0,0.0,0.0
15225,1696970280000.0,0.0,0.0,0.0,141.47,0.0,0.0,152.4,0.9999253857184062,1.0,1304.707269180004,1000.0,1304.707269180004,1000.0,0.0,0.0
15226,1696973880000.0,0.0,0.0,0.0,141.47,0.0,0.0,153.05,0.9999253857184062,1.0,1304.707269180004,1000.0,1304.707269180004,1000.0,0.0,0.0
15227,1696977480000.0,0.0,0.0,0.0,141.47,0.0,0.0,152.6,0.9999253857184062,1.0,1304.707269180004,1000.0,1304.707269180004,1000.0,0.0,0.0
15228,1696981080000.0,0.0,0.0,0.0,141.47,0.0,0.0,152.2,0.9999253857184062,1.0,1304.707269180004,1000.0,1304.707269180004,1000.0,0.0,0.0
15229,1696984680000.0,0.0,0.0,0.0,141.47,0.0,0.0,153.25,0.9999253857184062,1.0,1304.707269180004,1000.0,1304.707269180004,1000.0,0.0,0.0
15230,1696988280000.0,0.0,0.0,0.0,141.47,0.0,0.0,152.9,0.9999253857184062,1.0,1304.707269180004,1000.0,1304.707269180004,1000.0,0.0,0.0
15231,1696991880000.0,0.0,0.0,0.0,141.47,0.0,0.0,151.85,0.9999253857184062,1.0,1304.707269180004,1000.0,1304.707269180004,1000.0,0.0,0.0
15232,1696995480000.0,0.0,0.0,0.0,141.47,0.0,0.0,151.7,0.9999253857184062,1.0,1304.707269180004,1000.0,1304.707269180004,1000.0,0.0,0.0
15233,1696999080000.0,0.0,0.0,0.0,141.47,0.0,0.0,151.55,0.9999253857184062,1.0,1304.707269180004,1000.0,1304.707269180004,1000.0,0.0,0.0
15234,1697002680000.0,0.0,0.0,0.0,141.47,0.0,0.0,151.75,0.9999253857184062,1.0,1304.707269180004,1000.0,1304.707269180004,1000.0,0.0,0.0
15235,1697006280000.0,0.0,0.0,0.0,141.47,0.0,0.0,151.55,0.9999253857184062,1.0,1304.707269180004,1000.0,1304.707269180004,1000.0,0.0,0.0
15236,1697009880000.0,0.0,0.0,0.0,141.47,0.0,0.0,151.2,0.9999253857184062,1.0,1304.707269180004,1000.0,1304.707269180004,1000.0,0.0,0.0
15237,1697013480000.0,0.0,0.0,0.0,141.47,0.0,0.0,151.05,0.9999253857184062,1.0,1304.707269180004,1000.0,1304.707269180004,1000.0,0.0,0.0
15238,1697017080000.0,0.0,0.0,0.0,141.47,0.0,0.0,152.55,0.9999253857184062,1.0,1304.707269180004,1000.0,1304.707269180004,1000.0,0.0,0.0
15239,1697020680000.0,0.0,0.0,0.0,141.47,0.0,0.0,151.2,0.9999253857184062,1.0,1304.707269180004,1000.0,1304.707269180004,1000.0,0.0,0.0
15240,1697024280000.0,0.0,0.0,0.0,141.47,0.0,0.0,151.8,0.9999253857184062,1.0,1304.707269180004,1000.0,1304.707269180004,1000.0,0.0,0.0
15241,1697027880000.0,0.0,0.0,0.0,141.47,0.0,0.0,151.1,0.9999253857184062,1.0,1304.707269180004,1000.0,1304.707269180004,1000.0,0.0,0.0
15242,1697031480000.0,0.0,0.0,0.0,141.47,0.0,0.0,152.15,0.9999253857184062,1.0,1304.707269180004,1000.0,1304.707269180004,1000.0,0.0,0.0
15243,1697035080000.0,0.0,0.0,0.0,141.47,0.0,0.0,151.9,0.9999253857184062,1.0,1304.707269180004,1000.0,1304.707269180004,1000.0,0.0,0.0
15244,1697038680000.0,0.0,0.0,0.0,141.47,0.0,0.0,151.55,0.9999253857184062,1.0,1304.707269180004,1000.0,1304.707269180004,1000.0,0.0,0.0
15245,1697042280000.0,0.0,0.0,0.0,141.47,0.0,0.0,151.25,0.9999253857184062,1.0,1304.707269180004,1000.0,1304.707269180004,1000.0,0.0,0.0
15246,1697045880000.0,0.0,0.0,0.0,141.47,0.0,0.0,152.15,0.9999253857184062,1.0,1304.707269180004,1000.0,1304.707269180004,1000.0,0.0,0.0
15247,1697049480000.0,0.0,0.0,0.0,141.47,0.0,0.0,151.8,0.9999253857184062,1.0,1304.707269180004,1000.0,1304.707269180004,1000.0,0.0,0.0
15248,1697053080000.0,0.0,0.0,0.0,141.47,0.0,0.0,152.65,0.9999253857184062,1.0,1304.707269180004,1000.0,1304.707269180004,1000.0,0.0,0.0
15249,1697056680000.0,0.0,0.0,0.0,141.47,0.0,0.0,152.45,0.9999253857184062,1.0,1304.707269180004,1000.0,1304.707269180004,1000.0,0.0,0.0
15250,1697060280000.0,0.0,0.0,0.0,141.47,0.0,0.0,152.05,0.9999253857184062,1.0,1304.707269180004,1000.0,1304.707269180004,1000.0,0.0,0.0
15251,1697063880000.0,0.0,0.0,0.0,141.47,0.0,0.0,152.75,0.9999253857184062,1.0,1304.707269180004,1000.0,1304.707269180004,1000.0,0.0,0.0
15252,1697067480000.0,0.0,0.0,0.0,141.47,0.0,0.0,153.75,0.9999253857184062,1.0,1304.707269180004,1000.0,1304.707269180004,1000.0,0.0,0.0
15253,1697071080000.0,0.0,0.0,0.0,141.47,0.0,0.0,153.3,0.9999253857184062,1.0,1304.707269180004,1000.0,1304.707269180004,1000.0,0.0,0.0
15254,1697074680000.0,0.0,0.0,0.0,141.47,0.0,0.0,152.95,0.9999253857184062,1.0,1304.707269180004,1000.0,1304.707269180004,1000.0,0.0,0.0
15255,1697078280000.0,0.0,0.0,0.0,141.47,0.0,0.0,153.95,0.9999253857184062,1.0,1304.707269180004,1000.0,1304.707269180004,1000.0,0.0,0.0
15256,1697081880000.0,0.0,0.0,0.0,141.47,0.0,0.0,153.6,0.9999253857184062,1.0,1304.707269180004,1000.0,1304.707269180004,1000.0,0.0,0.0
15257,1697085480000.0,0.0,0.0,0.0,141.47,0.0,0.0,153.3,0.9999253857184062,1.0,1304.707269180004,1000.0,1304.707269180004,1000.0,0.0,0.0
15258,1697089080000.0,0.0,0.0,0.0,141.47,0.0,0.0,153.6,0.9999253857184062,1.0,1304.707269180004,1000.0,1304.707269180004,1000.0,0.0,0.0
15259,1697092680000.0,0.0,0.0,0.0,141.47,0.0,0.0,153.85,0.9999253857184062,1.0,1304.707269180004,1000.0,1304.707269180004,1000.0,0.0,0.0
15260,1697096280000.0,0.0,0.0,0.0,141.47,0.0,0.0,153.9,0.9999253857184062,1.0,1304.707269180004,1000.0,1304.707269180004,1000.0,0.0,0.0
15261,1697099880000.0,0.0,0.0,0.0,141.47,0.0,0.0,153.1,0.9999253857184062,1.0,1304.707269180004,1000.0,1304.707269180004,1000.0,0.0,0.0
15262,1697103480000.0,0.0,0.0,0.0,141.47,0.0,0.0,151.55,0.9999253857184062,1.0,1304.707269180004,1000.0,1304.707269180004,1000.0,0.0,0.0
15263,1697107080000.0,0.0,0.0,0.0,141.47,0.0,0.0,152.3,0.9999253857184062,1.0,1304.707269180004,1000.0,1304.707269180004,1000.0,0.0,0.0
15264,1697110680000.0,0.0,0.0,0.0,141.47,0.0,0.0,152.8,0.9999253857184062,1.0,1304.707269180004,1000.0,1304.707269180004,1000.0,0.0,0.0
15265,1697114280000.0,0.0,0.0,0.0,141.47,0.0,0.0,153.05,0.9999253857184062,1.0,1304.707269180004,1000.0,1304.707269180004,1000.0,0.0,0.0
15266,1697117880000.0,0.0,0.0,0.0,141.47,0.0,0.0,153.05,0.9999253857184062,1.0,1304.707269180004,1000.0,1304.707269180004,1000.0,0.0,0.0
15267,1697121480000.0,0.0,0.0,0.0,141.47,0.0,0.0,152.2,0.9999253857184062,1.0,1304.707269180004,1000.0,1304.707269180004,1000.0,0.0,0.0
15268,1697125080000.0,0.0,0.0,0.0,141.47,0.0,0.0,151.9,0.9999253857184062,1.0,1304.707269180004,1000.0,1304.707269180004,1000.0,0.0,0.0
15269,1697128680000.0,0.0,0.0,0.0,141.47,0.0,0.0,152.6,0.9999253857184062,1.0,1304.707269180004,1000.0,1304.707269180004,1000.0,0.0,0.0
15270,1697132280000.0,0.0,0.0,0.0,141.47,0.0,0.0,151.55,0.9999253857184062,1.0,1304.707269180004,1000.0,1304.707269180004,1000.0,0.0,0.0
15271,1697135880000.0,0.0,0.0,0.0,141.47,0.0,0.0,151.7,0.9999253857184062,1.0,1304.707269180004,1000.0,1304.707269180004,1000.0,0.0,0.0
15272,1697139480000.0,0.0,0.0,0.0,141.47,0.0,0.0,151.7,0.9999253857184062,1.0,1304.707269180004,1000.0,1304.707269180004,1000.0,0.0,0.0
15273,1697143080000.0,0.0,0.0,0.0,141.47,0.0,0.0,151.0,0.9999253857184062,1.0,1304.707269180004,1000.0,1304.707269180004,1000.0,0.0,0.0
15274,1697146680000.0,0.0,0.0,0.0,141.47,0.0,0.0,151.55,0.9999253857184062,1.0,1304.707269180004,1000.0,1304.707269180004,1000.0,0.0,0.0
15275,1697150280000.0,0.0,0.0,0.0,141.47,0.0,0.0,151.8,0.9999253857184062,1.0,1304.707269180004,1000.0,1304.707269180004,1000.0,0.0,0.0
15276,1697153880000.0,0.0,0.0,0.0,141.47,0.0,0.0,152.45,0.9999253857184062,1.0,1304.707269180004,1000.0,1304.707269180004,1000.0,0.0,0.0
15277,1697157480000.0,0.0,0.0,0.0,141.47,0.0,0.0,152.25,0.9999253857184062,1.0,1304.707269180004,1000.0,1304.707269180004,1000.0,0.0,0.0
15278,1697161080000.0,0.0,0.0,0.0,141.47,0.0,0.0,151.4,0.9999253857184062,1.0,1304.707269180004,1000.0,1304.707269180004,1000.0,0.0,0.0
15279,1697164680000.0,0.0,0.0,0.0,141.47,0.0,0.0,151.1,0.9999253857184062,1.0,1304.707269180004,1000.0,1304.707269180004,1000.0,0.0,0.0
15280,1697168280000.0,0.0,0.0,0.0,141.47,0.0,0.0,151.15,0.9999253857184062,1.0,1304.707269180004,1000.0,1304.707269180004,1000.0,0.0,0.0
15281,1697171880000.0,0.0,0.0,0.0,141.47,0.0,0.0,152.15,0.9999253857184062,1.0,1304.707269180004,1000.0,1304.707269180004,1000.0,0.0,0.0
15282,1697175480000.0,0.0,0.0,0.0,141.47,0.0,0.0,152.3,0.9999253857184062,1.0,1304.707269180004,1000.0,1304.707269180004,1000.0,0.0,0.0
15283,1697179080000.0,0.0,0.0,0.0,141.47,0.0,0.0,152.55,0.9999253857184062,1.0,1304.707269180004,1000.0,1304.707269180004,1000.0,0.0,0.0
15284,1697182680000.0,0.0,0.0,0.0,141.47,0.0,0.0,153.0,0.9999253857184062,1.0,1304.707269180004,1000.0,1304.707269180004,1000.0,0.0,0.0
15285,1697186280000.0,0.0,0.0,0.0,141.47,0.0,0.0,152.6,0.9999253857184062,1.0,1304.707269180004,1000.0,1304.707269180004,1000.0,0.0,0.0
15286,1697189880000.0,0.0,0.0,0.0,141.47,0.0,0.0,152.45,0.9999253857184062,1.0,1304.707269180004,1000.0,1304.707269180004,1000.0,0.0,0.0
15287,1697193480000.0,0.0,0.0,0.0,141.47,0.0,0.0,152.1,0.9999253857184062,1.0,1304.707269180004,1000.0,1304.707269180004,1000.0,0.0,0.0
15288,1697197080000.0,0.0,0.0,0.0,141.47,0.0,0.0,152.45,0.9999253857184062,1.0,1304.707269180004,1000.0,1304.707269180004,1000.0,0.0,0.0
15289,1697200680000.0,0.0,0.0,0.0,141.47,0.0,0.0,152.15,0.9999253857184062,1.0,1304.707269180004,1000.0,1304.707269180004,1000.0,0.0,0.0
15290,1697204280000.0,0.0,0.0,0.0,141.47,0.0,0.0,151.7,0.9999253857184062,1.0,1304.707269180004,1000.0,1304.707269180004,1000.0,0.0,0.0
15291,1697207880000.0,0.0,0.0,0.0,141.47,0.0,0.0,151.3,0.9999253857184062,1.0,1304.707269180004,1000.0,1304.707269180004,1000.0,0.0,0.0
15292,1697211480000.0,0.0,0.0,0.0,141.47,0.0,0.0,151.55,0.9999253857184062,1.0,1304.707269180004,1000.0,1304.707269180004,1000.0,0.0,0.0
15293,1697215080000.0,0.0,0.0,0.0,141.47,0.0,0.0,151.5,0.9999253857184062,1.0,1304.707269180004,1000.0,1304.707269180004,1000.0,0.0,0.0
15294,1697218680000.0,0.0,0.0,0.0,141.47,0.0,0.0,152.5,0.9999253857184062,1.0,1304.707269180004,1000.0,1304.707269180004,1000.0,0.0,0.0
15295,1697222280000.0,0.0,0.0,0.0,141.47,0.0,0.0,152.75,0.9999253857184062,1.0,1304.707269180004,1000.0,1304.707269180004,1000.0,0.0,0.0
15296,1697225880000.0,0.0,0.0,0.0,141.47,0.0,0.0,152.85,0.9999253857184062,1.0,1304.707269180004,1000.0,1304.707269180004,1000.0,0.0,0.0
15297,1697229480000.0,0.0,0.0,0.0,141.47,0.0,0.0,152.95,0.9999253857184062,1.0,1304.707269180004,1000.0,1304.707269180004,1000.0,0.0,0.0
15298,1697233080000.0,0.0,0.0,0.0,141.47,0.0,0.0,153.65,0.9999253857184062,1.0,1304.707269180004,1000.0,1304.707269180004,1000.0,0.0,0.0
15299,1697236680000.0,0.0,0.0,0.0,141.47,0.0,0.0,153.55,0.9999253857184062,1.0,1304.707269180004,1000.0,1304.707269180004,1000.0,0.0,0.0
15300,1697240280000.0,0.0,0.0,0.0,141.47,0.0,0.0,153.5,0.9999253857184062,1.0,1304.707269180004,1000.0,1304.707269180004,1000.0,0.0,0.0
15301,1697243880000.0,0.0,0.0,0.0,141.47,0.0,0.0,153.8,0.9999253857184062,1.0,1304.707269180004,1000.0,1304.707269180004,1000.0,0.0,0.0
15302,1697247480000.0,0.0,0.0,0.0,141.47,0.0,0.0,153.85,0.9999253857184062,1.0,1304.707269180004,1000.0,1304.707269180004,1000.0,0.0,0.0
15303,1697251080000.0,0.0,0.0,0.0,141.47,0.0,0.0,153.4,0.9999253857184062,1.0,1304.707269180004,1000.0,1304.707269180004,1000.0,0.0,0.0
15304,1697254680000.0,0.0,0.0,0.0,141.47,0.0,0.0,154.0,0.9999253857184062,1.0,1304.707269180004,1000.0,1304.707269180004,1000.0,0.0,0.0
15305,1697258280000.0,0.0,0.0,0.0,141.47,0.0,0.0,153.85,0.9999253857184062,1.0,1304.707269180004,1000.0,1304.707269180004,1000.0,0.0,0.0
15306,1697261880000.0,0.0,0.0,0.0,141.47,0.0,0.0,154.2,0.9999253857184062,1.0,1304.707269180004,1000.0,1304.707269180004,1000.0,0.0,0.0
15307,1697265480000.0,0.0,0.0,0.0,141.47,0.0,0.0,153.65,0.9999253857184062,1.0,1304.707269180004,1000.0,1304.707269180004,1000.0,0.0,0.0
15308,1697269080000.0,0.0,0.0,0.0,141.47,0.0,0.0,153.9,0.9999253857184062,1.0,1304.707269180004,1000.0,1304.707269180004,1000.0,0.0,0.0
15309,1697272680000.0,0.0,0.0,0.0,141.47,0.0,0.0,153.9,0.9999253857184062,1.0,1304.707269180004,1000.0,1304.707269180004,1000.0,0.0,0.0
15310,1697276280000.0,0.0,0.0,0.0,141.47,0.0,0.0,153.65,0.9999253857184062,1.0,1304.707269180004,1000.0,1304.707269180004,1000.0,0.0,0.0
15311,1697279880000.0,0.0,0.0,0.0,141.47,0.0,0.0,153.55,0.9999253857184062,1.0,1304.707269180004,1000.0,1304.707269180004,1000.0,0.0,0.0
15312,1697283480000.0,0.0,0.0,0.0,141.47,0.0,0.0,153.2,0.9999253857184062,1.0,1304.707269180004,1000.0,1304.707269180004,1000.0,0.0,0.0
15313,1697287080000.0,0.0,0.0,0.0,141.47,0.0,0.0,152.95,0.9999253857184062,1.0,1304.707269180004,1000.0,1304.707269180004,1000.0,0.0,0.0
15314,1697290680000.0,0.0,0.0,0.0,141.47,0.0,0.0,153.55,0.9999253857184062,1.0,1304.707269180004,1000.0,1304.707269180004,1000.0,0.0,0.0
15315,1697294280000.0,0.0,0.0,0.0,141.47,0.0,0.0,153.2,0.9999253857184062,1.0,1304.707269180004,1000.0,1304.707269180004,1000.0,0.0,0.0
15316,1697297880000.0,0.0,0.0,0.0,141.47,0.0,0.0,152.95,0.9999253857184062,1.0,1304.707269180004,1000.0,1304.707269180004,1000.0,0.0,0.0
15317,1697301480000.0,0.0,0.0,0.0,141.47,0.0,0.0,152.55,0.9999253857184062,1.0,1304.707269180004,1000.0,1304.707269180004,1000.0,0.0,0.0
15318,1697305080000.0,0.0,0.0,0.0,141.47,0.0,0.0,152.45,0.9999253857184062,1.0,1304.707269180004,1000.0,1304.707269180004,1000.0,0.0,0.0
15319,1697308680000.0,0.0,0.0,0.0,141.47,0.0,0.0,152.65,0.9999253857184062,1.0,1304.707269180004,1000.0,1304.707269180004,1000.0,0.0,0.0
15320,1697312280000.0,0.0,0.0,0.0,141.47,0.0,0.0,152.75,0.9999253857184062,1.0,1304.707269180004,1000.0,1304.707269180004,1000.0,0.0,0.0
15321,1697315880000.0,0.0,0.0,0.0,141.47,0.0,0.0,152.05,0.9999253857184062,1.0,1304.707269180004,1000.0,1304.707269180004,1000.0,0.0,0.0
15322,1697319480000.0,0.0,0.0,0.0,141.47,0.0,0.0,151.7,0.9999253857184062,1.0,1304.707269180004,1000.0,1304.707269180004,1000.0,0.0,0.0
15323,1697323080000.0,0.0,0.0,0.0,141.47,0.0,0.0,151.95,0.9999253857184062,1.0,1304.707269180004,1000.0,1304.707269180004,1000.0,0.0,0.0
15324,1697326680000.0,0.0,0.0,0.0,141.47,0.0,0.0,152.55,0.9999253857184062,1.0,1304.707269180004,1000.0,1304.707269180004,1000.0,0.0,0.0
15325,1697330280000.0,0.0,0.0,0.0,141.47,0.0,0.0,152.1,0.9999253857184062,1.0,1304.707269180004,1000.0,1304.707269180004,1000.0,0.0,0.0
15326,1697333880000.0,0.0,0.0,0.0,141.47,0.0,0.0,152.3,0.9999253857184062,1.0,1304.707269180004,1000.0,1304.707269180004,1000.0,0.0,0.0
15327,1697337480000.0,0.0,0.0,0.0,141.47,0.0,0.0,152.35,0.9999253857184062,1.0,1304.707269180004,1000.0,1304.707269180004,1000.0,0.0,0.0
15328,1697341080000.0,0.0,0.0,0.0,141.47,0.0,0.0,152.15,0.9999253857184062,1.0,1304.707269180004,1000.0,1304.707269180004,1000.0,0.0,0.0
15329,1697344680000.0,0.0,0.0,0.0,141.47,0.0,0.0,152.5,0.9999253857184062,1.0,1304.707269180004,1000.0,1304.707269180004,1000.0,0.0,0.0
15330,1697348280000.0,0.0,0.0,0.0,141.47,0.0,0.0,152.05,0.9999253857184062,1.0,1304.707269180004,1000.0,1304.707269180004,1000.0,0.0,0.0
15331,1697351880000.0,0.0,0.0,0.0,141.47,0.0,0.0,151.9,0.9999253857184062,1.0,1304.707269180004,1000.0,1304.707269180004,1000.0,0.0,0.0
15332,1697355480000.0,0.0,0.0,0.0,141.47,0.0,0.0,152.5,0.9999253857184062,1.0,1304.707269180004,1000.0,1304.707269180004,1000.0,0.0,0.0
15333,1697359080000.0,0.0,0.0,0.0,141.47,0.0,0.0,153.05,0.9999253857184062,1.0,1304.707269180004,1000.0,1304.707269180004,1000.0,0.0,0.0
15334,1697362680000.0,0.0,0.0,0.0,141.47,0.0,0.0,153.1,0.9999253857184062,1.0,1304.707269180004,1000.0,1304.707269180004,1000.0,0.0,0.0
15335,1697366280000.0,0.0,0.0,0.0,141.47,0.0,0.0,153.0,0.9999253857184062,1.0,1304.707269180004,1000.0,1304.707269180004,1000.0,0.0,0.0
15336,1697369880000.0,0.0,0.0,0.0,141.47,0.0,0.0,152.85,0.9999253857184062,1.0,1304.707269180004,1000.0,1304.707269180004,1000.0,0.0,0.0
15337,1697373480000.0,0.0,0.0,0.0,141.47,0.0,0.0,152.65,0.9999253857184062,1.0,1304.707269180004,1000.0,1304.707269180004,1000.0,0.0,0.0
15338,1697377080000.0,0.0,0.0,0.0,141.47,0.0,0.0,152.95,0.9999253857184062,1.0,1304.707269180004,1000.0,1304.707269180004,1000.0,0.0,0.0
15339,1697380680000.0,0.0,0.0,0.0,141.47,0.0,0.0,152.75,0.9999253857184062,1.0,1304.707269180004,1000.0,1304.707269180004,1000.0,0.0,0.0
15340,1697384280000.0,0.0,0.0,0.0,141.47,0.0,0.0,152.8,0.9999253857184062,1.0,1304.707269180004,1000.0,1304.707269180004,1000.0,0.0,0.0
15341,1697387880000.0,0.0,0.0,0.0,141.47,0.0,0.0,152.05,0.9999253857184062,1.0,1304.707269180004,1000.0,1304.707269180004,1000.0,0.0,0.0
15342,1697391480000.0,0.0,0.0,0.0,141.47,0.0,0.0,152.65,0.9999253857184062,1.0,1304.707269180004,1000.0,1304.707269180004,1000.0,0.0,0.0
15343,1697395080000.0,0.0,0.0,0.0,141.47,0.0,0.0,152.7,0.9999253857184062,1.0,1304.707269180004,1000.0,1304.707269180004,1000.0,0.0,0.0
15344,1697398680000.0,0.0,0.0,0.0,141.47,0.0,0.0,152.6,0.9999253857184062,1.0,1304.707269180004,1000.0,1304.707269180004,1000.0,0.0,0.0
15345,1697402280000.0,0.0,0.0,0.0,141.47,0.0,0.0,152.7,0.9999253857184062,1.0,1304.707269180004,1000.0,1304.707269180004,1000.0,0.0,0.0
15346,1697405880000.0,0.0,0.0,0.0,141.47,0.0,0.0,152.65,0.9999253857184062,1.0,1304.707269180004,1000.0,1304.707269180004,1000.0,0.0,0.0
15347,1697409480000.0,0.0,0.0,0.0,141.47,0.0,0.0,152.4,0.9999253857184062,1.0,1304.707269180004,1000.0,1304.707269180004,1000.0,0.0,0.0
15348,1697413080000.0,0.0,0.0,0.0,141.47,0.0,0.0,152.35,0.9999253857184062,1.0,1304.707269180004,1000.0,1304.707269180004,1000.0,0.0,0.0
15349,1697416680000.0,0.0,0.0,0.0,141.47,0.0,0.0,151.9,0.9999253857184062,1.0,1304.707269180004,1000.0,1304.707269180004,1000.0,0.0,0.0
15350,1697420280000.0,0.0,0.0,0.0,141.47,0.0,0.0,151.6,0.9999253857184062,1.0,1304.707269180004,1000.0,1304.707269180004,1000.0,0.0,0.0
15351,1697423880000.0,0.0,0.0,0.0,141.47,0.0,0.0,151.2,0.9999253857184062,1.0,1304.707269180004,1000.0,1304.707269180004,1000.0,0.0,0.0
15352,1697427480000.0,0.0,0.0,0.0,141.47,0.0,0.0,151.35,0.9999253857184062,1.0,1304.707269180004,1000.0,1304.707269180004,1000.0,0.0,0.0
15353,1697431080000.0,0.0,0.0,0.0,141.47,0.0,0.0,151.05,0.9999253857184062,1.0,1304.707269180004,1000.0,1304.707269180004,1000.0,0.0,0.0
15354,1697434680000.0,0.0,0.0,0.0,141.47,0.0,0.0,152.05,0.9999253857184062,1.0,1304.707269180004,1000.0,1304.707269180004,1000.0,0.0,0.0
15355,1697438280000.0,0.0,0.0,0.0,141.47,0.0,0.0,152.1,0.9999253857184062,1.0,1304.707269180004,1000.0,1304.707269180004,1000.0,0.0,0.0
15356,1697441880000.0,0.0,0.0,0.0,141.47,0.0,0.0,151.6,0.9999253857184062,1.0,1304.707269180004,1000.0,1304.707269180004,1000.0,0.0,0.0
15357,1697445480000.0,0.0,0.0,0.0,141.47,0.0,0.0,151.2,0.9999253857184062,1.0,1304.707269180004,1000.0,1304.707269180004,1000.0,0.0,0.0
15358,1697449080000.0,0.0,0.0,0.0,141.47,0.0,0.0,150.95,0.9999253857184062,1.0,1304.707269180004,1000.0,1304.707269180004,1000.0,0.0,0.0
15359,1697452680000.0,0.0,0.0,0.0,141.47,0.0,0.0,152.0,0.9999253857184062,1.0,1304.707269180004,1000.0,1304.707269180004,1000.0,0.0,0.0
15360,1697456280000.0,0.0,0.0,0.0,141.47,0.0,0.0,151.4,0.9999253857184062,1.0,1304.707269180004,1000.0,1304.707269180004,1000.0,0.0,0.0
15361,1697459880000.0,0.0,0.0,0.0,141.47,0.0,0.0,151.6,0.9999253857184062,1.0,1304.707269180004,1000.0,1304.707269180004,1000.0,0.0,0.0
15362,1697463480000.0,0.0,0.0,0.0,141.47,0.0,0.0,152.45,0.9999253857184062,1.0,1304.707269180004,1000.0,1304.707269180004,1000.0,0.0,0.0
15363,1697467080000.0,0.0,0.0,0.0,141.47,0.0,0.0,152.3,0.9999253857184062,1.0,1304.707269180004,1000.0,1304.707269180004,1000.0,0.0,0.0
15364,1697470680000.0,0.0,0.0,0.0,141.47,0.0,0.0,152.35,0.9999253857184062,1.0,1304.707269180004,1000.0,1304.707269180004,1000.0,0.0,0.0
15365,1697474280000.0,0.0,0.0,0.0,141.47,0.0,0.0,152.7,0.9999253857184062,1.0,1304.707269180004,1000.0,1304.707269180004,1000.0,0.0,0.0
15366,1697477880000.0,0.0,0.0,0.0,141.47,0.0,0.0,152.25,0.9999253857184062,1.0,1304.707269180004,1000.0,1304.707269180004,1000.0,0.0,0.0
15367,1697481480000.0,0.0,0.0,0.0,141.47,0.0,0.0,151.65,0.9999253857184062,1.0,1304.707269180004,1000.0,1304.707269180004,1000.0,0.0,0.0
15368,1697485080000.0,0.0,0.0,0.0,141.47,0.0,0.0,151.8,0.9999253857184062,1.0,1304.707269180004,1000.0,1304.707269180004,1000.0,0.0,0.0
15369,1697488680000.0,0.0,0.0,0.0,141.47,0.0,0.0,151.8,0.9999253857184062,1.0,1304.707269180004,1000.0,1304.707269180004,1000.0,0.0,0.0
15370,1697492280000.0,0.0,0.0,0.0,141.47,0.0,0.0,151.8,0.9999253857184062,1.0,1304.707269180004,1000.0,1304.707269180004,1000.0,0.0,0.0
15371,1697495880000.0,0.0,0.0,0.0,141.47,0.0,0.0,152.7,0.9999253857184062,1.0,1304.707269180004,1000.0,1304.707269180004,1000.0,0.0,0.0
15372,1697499480000.0,0.0,0.0,0.0,141.47,0.0,0.0,152.25,0.9999253857184062,1.0,1304.707269180004,1000.0,1304.707269180004,1000.0,0.0,0.0
15373,1697503080000.0,0.0,0.0,0.0,141.47,0.0,0.0,151.9,0.9999253857184062,1.0,1304.707269180004,1000.0,1304.707269180004,1000.0,0.0,0.0
15374,1697506680000.0,0.0,0.0,0.0,141.47,0.0,0.0,151.8,0.9999253857184062,1.0,1304.707269180004,1000.0,1304.707269180004,1000.0,0.0,0.0
15375,1697510280000.0,0.0,0.0,0.0,141.47,0.0,0.0,151.6,0.9999253857184062,1.0,1304.707269180004,1000.0,1304.707269180004,1000.0,0.0,0.0
15376,1697513880000.0,0.0,0.0,0.0,141.47,0.0,0.0,151.3,0.9999253857184062,1.0,1304.707269180004,1000.0,1304.707269180004,1000.0,0.0,0.0
15377,1697517480000.0,0.0,0.0,0.0,141.47,0.0,0.0,151.6,0.9999253857184062,1.0,1304.707269180004,1000.0,1304.707269180004,1000.0,0.0,0.0
15378,1697521080000.0,0.0,0.0,0.0,141.47,0.0,0.0,151.65,0.9999253857184062,1.0,1304.707269180004,1000.0,1304.707269180004,1000.0,0.0,0.0
15379,1697524680000.0,0.0,0.0,0.0,141.47,0.0,0.0,151.6,0.9999253857184062,1.0,1304.707269180004,1000.0,1304.707269180004,1000.0,0.0,0.0
15380,1697528280000.0,0.0,0.0,0.0,141.47,0.0,0.0,151.85,0.9999253857184062,1.0,1304.707269180004,1000.0,1304.707269180004,1000.0,0.0,0.0
15381,1697531880000.0,0.0,0.0,0.0,141.47,0.0,0.0,151.65,0.9999253857184062,1.0,1304.707269180004,1000.0,1304.707269180004,1000.0,0.0,0.0
15382,1697535480000.0,0.0,0.0,0.0,141.47,0.0,0.0,151.4,0.9999253857184062,1.0,1304.707269180004,1000.0,1304.707269180004,1000.0,0.0,0.0
15383,1697539080000.0,0.0,0.0,0.0,141.47,0.0,0.0,151.3,0.9999253857184062,1.0,1304.707269180004,1000.0,1304.707269180004,1000.0,0.0,0.0
15384,1697542680000.0,0.0,0.0,0.0,141.47,0.0,0.0,151.45,0.9999253857184062,1.0,1304.707269180004,1000.0,1304.707269180004,1000.0,0.0,0.0
15385,1697546280000.0,0.0,0.0,0.0,141.47,0.0,0.0,151.2,0.9999253857184062,1.0,1304.707269180004,1000.0,1304.707269180004,1000.0,0.0,0.0
15386,1697549880000.0,0.0,0.0,0.0,141.47,0.0,0.0,150.8,0.9999253857184062,1.0,1304.707269180004,1000.0,1304.707269180004,1000.0,0.0,0.0
15387,1697553480000.0,0.0,0.0,0.0,141.47,0.0,0.0,150.55,0.9999253857184062,1.0,1304.707269180004,1000.0,1304.707269180004,1000.0,0.0,0.0
15388,1697557080000.0,0.0,0.0,0.0,141.47,0.0,0.0,151.4,0.9999253857184062,1.0,1304.707269180004,1000.0,1304.707269180004,1000.0,0.0,0.0
15389,1697560680000.0,0.0,0.0,0.0,141.47,0.0,0.0,150.95,0.9999253857184062,1.0,1304.707269180004,1000.0,1304.707269180004,1000.0,0.0,0.0
15390,1697564280000.0,0.0,0.0,0.0,141.47,0.0,0.0,150.7,0.9999253857184062,1.0,1304.707269180004,1000.0,1304.707269180004,1000.0,0.0,0.0
15391,1697567880000.0,0.0,0.0,0.0,141.47,0.0,0.0,150.05,0.9999253857184062,1.0,1304.707269180004,1000.0,1304.707269180004,1000.0,0.0,0.0
15392,1697571480000.0,0.0,0.0,0.0,141.47,0.0,0.0,150.1,0.9999253857184062,1.0,1304.707269180004,1000.0,1304.707269180004,1000.0,0.0,0.0
15393,1697575080000.0,0.0,0.0,0.0,141.47,0.0,0.0,150.25,0.9999253857184062,1.0,1304.707269180004,1000.0,1304.707269180004,1000.0,0.0,0.0
15394,1697578680000.0,0.0,0.0,0.0,141.47,0.0,0.0,149.85,0.9999253857184062,1.0,1304.707269180004,1000.0,1304.707269180004,1000.0,0.0,0.0
15395,1697582280000.0,0.0,0.0,0.0,141.47,0.0,0.0,150.35,0.9999253857184062,1.0,1304.707269180004,1000.0,1304.707269180004,1000.0,0.0,0.0
15396,1697585880000.0,0.0,0.0,0.0,141.47,0.0,0.0,150.8,0.9999253857184062,1.0,1304.707269180004,1000.0,1304.707269180004,1000.0,0.0,0.0
15397,1697589480000.0,0.0,0.0,0.0,141.47,0.0,0.0,150.5,0.9999253857184062,1.0,1304.707269180004,1000.0,1304.707269180004,1000.0,0.0,0.0
15398,1697593080000.0,0.0,0.0,0.0,141.47,0.0,0.0,150.5,0.9999253857184062,1.0,1304.707269180004,1000.0,1304.707269180004,1000.0,0.0,0.0
15399,1697596680000.0,0.0,0.0,0.0,141.47,0.0,0.0,150.55,0.9999253857184062,1.0,1304.707269180004,1000.0,1304.707269180004,1000.0,0.0,0.0
15400,1697600280000.0,0.0,0.0,0.0,141.47,0.0,0.0,150.85,0.9999253857184062,1.0,1304.707269180004,1000.0,1304.707269180004,1000.0,0.0,0.0
15401,1697603880000.0,0.0,0.0,0.0,141.47,0.0,0.0,151.45,0.9999253857184062,1.0,1304.707269180004,1000.0,1304.707269180004,1000.0,0.0,0.0
15402,1697607480000.0,0.0,0.0,0.0,141.47,0.0,0.0,151.8,0.9999253857184062,1.0,1304.707269180004,1000.0,1304.707269180004,1000.0,0.0,0.0
15403,1697611080000.0,0.0,0.0,0.0,141.47,0.0,0.0,151.65,0.9999253857184062,1.0,1304.707269180004,1000.0,1304.707269180004,1000.0,0.0,0.0
15404,1697614680000.0,0.0,0.0,0.0,141.47,0.0,0.0,151.25,0.9999253857184062,1.0,1304.707269180004,1000.0,1304.707269180004,1000.0,0.0,0.0
15405,1697618280000.0,0.0,0.0,0.0,141.47,0.0,0.0,150.75,0.9999253857184062,1.0,1304.707269180004,1000.0,1304.707269180004,1000.0,0.0,0.0
15406,1697621880000.0,0.0,0.0,0.0,141.47,0.0,0.0,151.4,0.9999253857184062,1.0,1304.707269180004,1000.0,1304.707269180004,1000.0,0.0,0.0
15407,1697625480000.0,0.0,0.0,0.0,141.47,0.0,0.0,151.85,0.9999253857184062,1.0,1304.707269180004,1000.0,1304.707269180004,1000.0,0.0,0.0
15408,1697629080000.0,0.0,0.0,0.0,141.47,0.0,0.0,151.75,0.9999253857184062,1.0,1304.707269180004,1000.0,1304.707269180004,1000.0,0.0,0.0
15409,1697632680000.0,0.0,0.0,0.0,141.47,0.0,0.0,151.55,0.9999253857184062,1.0,1304.707269180004,1000.0,1304.707269180004,1000.0,0.0,0.0
15410,1697636280000.0,0.0,0.0,0.0,141.47,0.0,0.0,151.2,0.9999253857184062,1.0,1304.707269180004,1000.0,1304.707269180004,1000.0,0.0,0.0
15411,1697639880000.0,0.0,0.0,0.0,141.47,0.0,0.0,150.8,0.9999253857184062,1.0,1304.707269180004,1000.0,1304.707269180004,1000.0,0.0,0.0
15412,1697643480000.0,0.0,0.0,0.0,141.47,0.0,0.0,151.15,0.9999253857184062,1.0,1304.707269180004,1000.0,1304.707269180004,1000.0,0.0,0.0
15413,1697647080000.0,0.0,0.0,0.0,141.47,0.0,0.0,150.75,0.9999253857184062,1.0,1304.707269180004,1000.0,1304.707269180004,1000.0,0.0,0.0
15414,1697650680000.0,0.0,0.0,0.0,141.47,0.0,0.0,151.15,0.9999253857184062,1.0,1304.707269180004,1000.0,1304.707269180004,1000.0,0.0,0.0
15415,1697654280000.0,0.0,0.0,0.0,141.47,0.0,0.0,150.6,0.9999253857184062,1.0,1304.707269180004,1000.0,1304.707269180004,1000.0,0.0,0.0
15416,1697657880000.0,0.0,0.0,0.0,141.47,0.0,0.0,150.2,0.9999253857184062,1.0,1304.707269180004,1000.0,1304.707269180004,1000.0,0.0,0.0
15417,1697661480000.0,0.0,0.0,0.0,141.47,0.0,0.0,149.95,0.9999253857184062,1.0,1304.707269180004,1000.0,1304.707269180004,1000.0,0.0,0.0
15418,1697665080000.0,0.0,0.0,0.0,141.47,0.0,0.0,149.7,0.9999253857184062,1.0,1304.707269180004,1000.0,1304.707269180004,1000.0,0.0,0.0
15419,1697668680000.0,0.0,0.0,0.0,141.47,0.0,0.0,150.2,0.9999253857184062,1.0,1304.707269180004,1000.0,1304.707269180004,1000.0,0.0,0.0
15420,1697672280000.0,0.0,0.0,0.0,141.47,0.0,0.0,149.85,0.9999253857184062,1.0,1304.707269180004,1000.0,1304.707269180004,1000.0,0.0,0.0
15421,1697675880000.0,0.0,0.0,0.0,141.47,0.0,0.0,149.9,0.9999253857184062,1.0,1304.707269180004,1000.0,1304.707269180004,1000.0,0.0,0.0
15422,1697679480000.0,0.0,0.0,0.0,141.47,0.0,0.0,149.55,0.9999253857184062,1.0,1304.707269180004,1000.0,1304.707269180004,1000.0,0.0,0.0
15423,1697683080000.0,0.0,0.0,0.36,145.65,0.0,0.0,147.25,0.9999253857184062,1.0,1304.696782380004,1000.0,1305.272782380004,1000.0,0.0401886482040301,0.0
15424,1697686680000.0,0.0,0.0,0.36,145.65,0.0,0.0,147.6,0.9999253857184062,1.0,1304.696782380004,1000.0,1305.398782380004,1000.0,0.0401886482040301,0.0
15425,1697690280000.0,0.0,0.0,0.36,145.65,0.0,0.0,148.9,0.9999253857184062,1.0,1304.696782380004,1000.0,1305.866782380004,1000.0,0.0401886482040301,0.0
15426,1697693880000.0,0.0,0.0,0.24,145.65,0.0,0.0,151.05,0.9999253857184062,1.0,1305.217581900004,1000.0,1306.513581900004,1000.0,0.02678174159216779,0.0
15427,1697697480000.0,0.0,0.0,0.24,145.65,0.0,0.0,150.95,0.9999253857184062,1.0,1305.217581900004,1000.0,1306.489581900004,1000.0,0.02678174159216779,0.0
15428,1697701080000.0,0.0,0.0,0.24,145.65,0.0,0.0,150.6,0.9999253857184062,1.0,1305.217581900004,1000.0,1306.405581900004,1000.0,0.02678174159216779,0.0
15429,1697704680000.0,0.0,0.0,0.24,145.65,0.0,0.0,150.85,0.9999253857184062,1.0,1305.217581900004,1000.0,1306.465581900004,1000.0,0.02678174159216779,0.0
15430,1697708280000.0,0.0,0.0,0.24,145.65,0.0,0.0,150.85,0.9999253857184062,1.0,1305.217581900004,1000.0,1306.465581900004,1000.0,0.02678174159216779,0.0
15431,1697711880000.0,0.0,0.0,0.24,145.65,0.0,0.0,151.3,0.9999253857184062,1.0,1305.217581900004,1000.0,1306.573581900004,1000.0,0.02678174159216779,0.0
15432,1697715480000.0,0.0,0.0,0.24,145.65,0.0,0.0,150.9,0.9999253857184062,1.0,1305.217581900004,1000.0,1306.477581900004,1000.0,0.02678174159216779,0.0
15433,1697719080000.0,0.0,0.0,0.24,145.65,0.0,0.0,150.9,0.9999253857184062,1.0,1305.217581900004,1000.0,1306.477581900004,1000.0,0.02678174159216779,0.0
15434,1697722680000.0,0.0,0.0,0.24,145.65,0.0,0.0,150.6,0.9999253857184062,1.0,1305.217581900004,1000.0,1306.405581900004,1000.0,0.02678174159216779,0.0
15435,1697726280000.0,0.0,0.0,0.24,145.65,0.0,0.0,151.2,0.9999253857184062,1.0,1305.217581900004,1000.0,1306.5495819000041,1000.0,0.02678174159216779,0.0
15436,1697729880000.0,0.0,0.0,0.24,145.65,0.0,0.0,151.1,0.9999253857184062,1.0,1305.217581900004,1000.0,1306.525581900004,1000.0,0.02678174159216779,0.0
15437,1697733480000.0,0.0,0.0,0.24,145.65,0.0,0.0,150.65,0.9999253857184062,1.0,1305.217581900004,1000.0,1306.417581900004,1000.0,0.02678174159216779,0.0
15438,1697737080000.0,0.0,0.0,0.24,145.65,0.0,0.0,150.25,0.9999253857184062,1.0,1305.217581900004,1000.0,1306.321581900004,1000.0,0.02678174159216779,0.0
15439,1697740680000.0,0.0,0.0,0.11,145.65,0.0,0.0,150.8,0.9999253857184062,1.0,1305.7817813800038,1000.0,1306.3482813800038,1000.0,0.012269661155072803,0.0
15440,1697744280000.0,0.0,0.0,0.11,145.65,0.0,0.0,151.6,0.9999253857184062,1.0,1305.7817813800038,1000.0,1306.436281380004,1000.0,0.012269661155072803,0.0
15441,1697747880000.0,0.0,0.0,0.11,145.65,0.0,0.0,151.75,0.9999253857184062,1.0,1305.7817813800038,1000.0,1306.452781380004,1000.0,0.012269661155072803,0.0
15442,1697751480000.0,0.0,0.0,0.11,145.65,0.0,0.0,151.45,0.9999253857184062,1.0,1305.7817813800038,1000.0,1306.4197813800038,1000.0,0.012269661155072803,0.0
15443,1697755080000.0,0.0,0.0,0.11,145.65,0.0,0.0,151.55,0.9999253857184062,1.0,1305.7817813800038,1000.0,1306.4307813800037,1000.0,0.012269661155072803,0.0
15444,1697758680000.0,0.0,0.0,0.11,145.65,0.0,0.0,151.85,0.9999253857184062,1.0,1305.7817813800038,1000.0,1306.4637813800039,1000.0,0.012269661155072803,0.0
15445,1697762280000.0,0.0,0.0,0.11,145.65,0.0,0.0,152.25,0.9999253857184062,1.0,1305.7817813800038,1000.0,1306.507781380004,1000.0,0.012269661155072803,0.0
15446,1697765880000.0,0.0,0.0,0.11,145.65,0.0,0.0,152.25,0.9999253857184062,1.0,1305.7817813800038,1000.0,1306.507781380004,1000.0,0.012269661155072803,0.0
15447,1697769480000.0,0.0,0.0,0.11,145.65,0.0,0.0,152.9,0.9999253857184062,1.0,1305.7817813800038,1000.0,1306.5792813800037,1000.0,0.012269661155072803,0.0
15448,1697773080000.0,0.0,0.0,0.02,145.65,0.0,0.0,153.45,0.9999253857184062,1.0,1306.4909173000042,1000.0,1306.6469173000041,1000.0,0.0022296366254271477,0.0
15449,1697776680000.0,0.0,0.0,0.0,145.65,0.0,0.0,153.7,0.9999253857184062,1.0,1306.6485030600043,1000.0,1306.6485030600043,1000.0,0.0,0.0
15450,1697780280000.0,0.0,0.0,0.0,145.65,0.0,0.0,153.65,0.9999253857184062,1.0,1306.6485030600043,1000.0,1306.6485030600043,1000.0,0.0,0.0
15451,1697783880000.0,0.0,0.0,0.0,145.65,0.0,0.0,154.1,0.9999253857184062,1.0,1306.6485030600043,1000.0,1306.6485030600043,1000.0,0.0,0.0
15452,1697787480000.0,0.0,0.0,0.0,145.65,0.0,0.0,154.65,0.9999253857184062,1.0,1306.6485030600043,1000.0,1306.6485030600043,1000.0,0.0,0.0
15453,1697791080000.0,0.0,0.0,0.0,145.65,0.0,0.0,155.55,0.9999253857184062,1.0,1306.6485030600043,1000.0,1306.6485030600043,1000.0,0.0,0.0
15454,1697794680000.0,0.0,0.0,0.0,145.65,0.0,0.0,156.4,0.9999253857184062,1.0,1306.6485030600043,1000.0,1306.6485030600043,1000.0,0.0,0.0
15455,1697798280000.0,0.0,0.0,0.0,145.65,0.0,0.0,156.85,0.9999253857184062,1.0,1306.6485030600043,1000.0,1306.6485030600043,1000.0,0.0,0.0
15456,1697801880000.0,0.0,0.0,0.0,145.65,0.0,0.0,156.1,0.9999253857184062,1.0,1306.6485030600043,1000.0,1306.6485030600043,1000.0,0.0,0.0
15457,1697805480000.0,0.0,0.0,0.0,145.65,0.0,0.0,155.2,0.9999253857184062,1.0,1306.6485030600043,1000.0,1306.6485030600043,1000.0,0.0,0.0
15458,1697809080000.0,0.0,0.0,0.0,145.65,0.0,0.0,154.8,0.9999253857184062,1.0,1306.6485030600043,1000.0,1306.6485030600043,1000.0,0.0,0.0
15459,1697812680000.0,0.0,0.0,0.0,145.65,0.0,0.0,154.95,0.9999253857184062,1.0,1306.6485030600043,1000.0,1306.6485030600043,1000.0,0.0,0.0
15460,1697816280000.0,0.0,0.0,0.0,145.65,0.0,0.0,154.35,0.9999253857184062,1.0,1306.6485030600043,1000.0,1306.6485030600043,1000.0,0.0,0.0
15461,1697819880000.0,0.0,0.0,0.0,145.65,0.0,0.0,154.7,0.9999253857184062,1.0,1306.6485030600043,1000.0,1306.6485030600043,1000.0,0.0,0.0
15462,1697823480000.0,0.0,0.0,0.0,145.65,0.0,0.0,154.55,0.9999253857184062,1.0,1306.6485030600043,1000.0,1306.6485030600043,1000.0,0.0,0.0
15463,1697827080000.0,0.0,0.0,0.0,145.65,0.0,0.0,154.55,0.9999253857184062,1.0,1306.6485030600043,1000.0,1306.6485030600043,1000.0,0.0,0.0
15464,1697830680000.0,0.0,0.0,0.0,145.65,0.0,0.0,154.3,0.9999253857184062,1.0,1306.6485030600043,1000.0,1306.6485030600043,1000.0,0.0,0.0
15465,1697834280000.0,0.0,0.0,0.0,145.65,0.0,0.0,154.75,0.9999253857184062,1.0,1306.6485030600043,1000.0,1306.6485030600043,1000.0,0.0,0.0
15466,1697837880000.0,0.0,0.0,0.0,145.65,0.0,0.0,154.55,0.9999253857184062,1.0,1306.6485030600043,1000.0,1306.6485030600043,1000.0,0.0,0.0
15467,1697841480000.0,0.0,0.0,0.0,145.65,0.0,0.0,154.75,0.9999253857184062,1.0,1306.6485030600043,1000.0,1306.6485030600043,1000.0,0.0,0.0
15468,1697845080000.0,0.0,0.0,0.0,145.65,0.0,0.0,154.65,0.9999253857184062,1.0,1306.6485030600043,1000.0,1306.6485030600043,1000.0,0.0,0.0
15469,1697848680000.0,0.0,0.0,0.0,145.65,0.0,0.0,154.55,0.9999253857184062,1.0,1306.6485030600043,1000.0,1306.6485030600043,1000.0,0.0,0.0
15470,1697852280000.0,0.0,0.0,0.0,145.65,0.0,0.0,154.7,0.9999253857184062,1.0,1306.6485030600043,1000.0,1306.6485030600043,1000.0,0.0,0.0
15471,1697855880000.0,0.0,0.0,0.0,145.65,0.0,0.0,154.45,0.9999253857184062,1.0,1306.6485030600043,1000.0,1306.6485030600043,1000.0,0.0,0.0
15472,1697859480000.0,0.0,0.0,0.0,145.65,0.0,0.0,154.6,0.9999253857184062,1.0,1306.6485030600043,1000.0,1306.6485030600043,1000.0,0.0,0.0
15473,1697863080000.0,0.0,0.0,0.0,145.65,0.0,0.0,154.5,0.9999253857184062,1.0,1306.6485030600043,1000.0,1306.6485030600043,1000.0,0.0,0.0
15474,1697866680000.0,0.0,0.0,0.0,145.65,0.0,0.0,154.85,0.9999253857184062,1.0,1306.6485030600043,1000.0,1306.6485030600043,1000.0,0.0,0.0
15475,1697870280000.0,0.0,0.0,0.0,145.65,0.0,0.0,155.0,0.9999253857184062,1.0,1306.6485030600043,1000.0,1306.6485030600043,1000.0,0.0,0.0
15476,1697873880000.0,0.0,0.0,0.0,145.65,0.0,0.0,155.45,0.9999253857184062,1.0,1306.6485030600043,1000.0,1306.6485030600043,1000.0,0.0,0.0
15477,1697877480000.0,0.0,0.0,0.0,145.65,0.0,0.0,155.05,0.9999253857184062,1.0,1306.6485030600043,1000.0,1306.6485030600043,1000.0,0.0,0.0
15478,1697881080000.0,0.0,0.0,0.0,145.65,0.0,0.0,155.0,0.9999253857184062,1.0,1306.6485030600043,1000.0,1306.6485030600043,1000.0,0.0,0.0
15479,1697884680000.0,0.0,0.0,0.0,145.65,0.0,0.0,155.0,0.9999253857184062,1.0,1306.6485030600043,1000.0,1306.6485030600043,1000.0,0.0,0.0
15480,1697888280000.0,0.0,0.0,0.0,145.65,0.0,0.0,155.75,0.9999253857184062,1.0,1306.6485030600043,1000.0,1306.6485030600043,1000.0,0.0,0.0
15481,1697891880000.0,0.0,0.0,0.0,145.65,0.0,0.0,156.9,0.9999253857184062,1.0,1306.6485030600043,1000.0,1306.6485030600043,1000.0,0.0,0.0
15482,1697895480000.0,0.0,0.0,0.0,145.65,0.0,0.0,156.6,0.9999253857184062,1.0,1306.6485030600043,1000.0,1306.6485030600043,1000.0,0.0,0.0
15483,1697899080000.0,0.0,0.0,0.0,145.65,0.0,0.0,157.25,0.9999253857184062,1.0,1306.6485030600043,1000.0,1306.6485030600043,1000.0,0.0,0.0
15484,1697902680000.0,0.0,0.0,0.0,145.65,0.0,0.0,157.25,0.9999253857184062,1.0,1306.6485030600043,1000.0,1306.6485030600043,1000.0,0.0,0.0
15485,1697906280000.0,0.0,0.0,0.0,145.65,0.0,0.0,157.65,0.9999253857184062,1.0,1306.6485030600043,1000.0,1306.6485030600043,1000.0,0.0,0.0
15486,1697909880000.0,0.0,0.0,0.0,145.65,0.0,0.0,157.5,0.9999253857184062,1.0,1306.6485030600043,1000.0,1306.6485030600043,1000.0,0.0,0.0
15487,1697913480000.0,0.0,0.0,0.0,145.65,0.0,0.0,156.2,0.9999253857184062,1.0,1306.6485030600043,1000.0,1306.6485030600043,1000.0,0.0,0.0
15488,1697917080000.0,0.0,0.0,0.0,145.65,0.0,0.0,156.3,0.9999253857184062,1.0,1306.6485030600043,1000.0,1306.6485030600043,1000.0,0.0,0.0
15489,1697920680000.0,0.0,0.0,0.0,145.65,0.0,0.0,157.3,0.9999253857184062,1.0,1306.6485030600043,1000.0,1306.6485030600043,1000.0,0.0,0.0
15490,1697924280000.0,0.0,0.0,0.0,145.65,0.0,0.0,157.45,0.9999253857184062,1.0,1306.6485030600043,1000.0,1306.6485030600043,1000.0,0.0,0.0
15491,1697927880000.0,0.0,0.0,0.0,145.65,0.0,0.0,157.7,0.9999253857184062,1.0,1306.6485030600043,1000.0,1306.6485030600043,1000.0,0.0,0.0
15492,1697931480000.0,0.0,0.0,0.0,145.65,0.0,0.0,157.5,0.9999253857184062,1.0,1306.6485030600043,1000.0,1306.6485030600043,1000.0,0.0,0.0
15493,1697935080000.0,0.0,0.0,0.0,145.65,0.0,0.0,158.15,0.9999253857184062,1.0,1306.6485030600043,1000.0,1306.6485030600043,1000.0,0.0,0.0
15494,1697938680000.0,0.0,0.0,0.0,145.65,0.0,0.0,157.9,0.9999253857184062,1.0,1306.6485030600043,1000.0,1306.6485030600043,1000.0,0.0,0.0
15495,1697942280000.0,0.0,0.0,0.0,145.65,0.0,0.0,157.85,0.9999253857184062,1.0,1306.6485030600043,1000.0,1306.6485030600043,1000.0,0.0,0.0
15496,1697945880000.0,0.0,0.0,0.0,145.65,0.0,0.0,158.75,0.9999253857184062,1.0,1306.6485030600043,1000.0,1306.6485030600043,1000.0,0.0,0.0
15497,1697949480000.0,0.0,0.0,0.0,145.65,0.0,0.0,159.85,0.9999253857184062,1.0,1306.6485030600043,1000.0,1306.6485030600043,1000.0,0.0,0.0
15498,1697953080000.0,0.0,0.0,0.0,145.65,0.0,0.0,159.35,0.9999253857184062,1.0,1306.6485030600043,1000.0,1306.6485030600043,1000.0,0.0,0.0
15499,1697956680000.0,0.0,0.0,0.0,145.65,0.0,0.0,159.15,0.9999253857184062,1.0,1306.6485030600043,1000.0,1306.6485030600043,1000.0,0.0,0.0
15500,1697960280000.0,0.0,0.0,0.0,145.65,0.0,0.0,157.9,0.9999253857184062,1.0,1306.6485030600043,1000.0,1306.6485030600043,1000.0,0.0,0.0
15501,1697963880000.0,0.0,0.0,0.0,145.65,0.0,0.0,157.15,0.9999253857184062,1.0,1306.6485030600043,1000.0,1306.6485030600043,1000.0,0.0,0.0
15502,1697967480000.0,0.0,0.0,0.0,145.65,0.0,0.0,157.45,0.9999253857184062,1.0,1306.6485030600043,1000.0,1306.6485030600043,1000.0,0.0,0.0
15503,1697971080000.0,0.0,0.0,0.0,145.65,0.0,0.0,157.4,0.9999253857184062,1.0,1306.6485030600043,1000.0,1306.6485030600043,1000.0,0.0,0.0
15504,1697974680000.0,0.0,0.0,0.0,145.65,0.0,0.0,159.0,0.9999253857184062,1.0,1306.6485030600043,1000.0,1306.6485030600043,1000.0,0.0,0.0
15505,1697978280000.0,0.0,0.0,0.0,145.65,0.0,0.0,157.85,0.9999253857184062,1.0,1306.6485030600043,1000.0,1306.6485030600043,1000.0,0.0,0.0
15506,1697981880000.0,0.0,0.0,0.0,145.65,0.0,0.0,157.7,0.9999253857184062,1.0,1306.6485030600043,1000.0,1306.6485030600043,1000.0,0.0,0.0
15507,1697985480000.0,0.0,0.0,0.0,145.65,0.0,0.0,157.95,0.9999253857184062,1.0,1306.6485030600043,1000.0,1306.6485030600043,1000.0,0.0,0.0
15508,1697989080000.0,0.0,0.0,0.0,145.65,0.0,0.0,157.25,0.9999253857184062,1.0,1306.6485030600043,1000.0,1306.6485030600043,1000.0,0.0,0.0
15509,1697992680000.0,0.0,0.0,0.0,145.65,0.0,0.0,157.45,0.9999253857184062,1.0,1306.6485030600043,1000.0,1306.6485030600043,1000.0,0.0,0.0
15510,1697996280000.0,0.0,0.0,0.0,145.65,0.0,0.0,157.7,0.9999253857184062,1.0,1306.6485030600043,1000.0,1306.6485030600043,1000.0,0.0,0.0
15511,1697999880000.0,0.0,0.0,0.0,145.65,0.0,0.0,157.45,0.9999253857184062,1.0,1306.6485030600043,1000.0,1306.6485030600043,1000.0,0.0,0.0
15512,1698003480000.0,0.0,0.0,0.0,145.65,0.0,0.0,157.25,0.9999253857184062,1.0,1306.6485030600043,1000.0,1306.6485030600043,1000.0,0.0,0.0
15513,1698007080000.0,0.0,0.0,0.0,145.65,0.0,0.0,157.5,0.9999253857184062,1.0,1306.6485030600043,1000.0,1306.6485030600043,1000.0,0.0,0.0
15514,1698010680000.0,0.0,0.0,0.0,145.65,0.0,0.0,156.75,0.9999253857184062,1.0,1306.6485030600043,1000.0,1306.6485030600043,1000.0,0.0,0.0
15515,1698014280000.0,0.0,0.0,0.0,145.65,0.0,0.0,157.8,0.9999253857184062,1.0,1306.6485030600043,1000.0,1306.6485030600043,1000.0,0.0,0.0
15516,1698017880000.0,0.0,0.0,0.0,145.65,0.0,0.0,158.9,0.9999253857184062,1.0,1306.6485030600043,1000.0,1306.6485030600043,1000.0,0.0,0.0
15517,1698021480000.0,0.0,0.0,0.0,145.65,0.0,0.0,157.9,0.9999253857184062,1.0,1306.6485030600043,1000.0,1306.6485030600043,1000.0,0.0,0.0
15518,1698025080000.0,0.0,0.0,0.0,145.65,0.0,0.0,159.05,0.9999253857184062,1.0,1306.6485030600043,1000.0,1306.6485030600043,1000.0,0.0,0.0
15519,1698028680000.0,0.0,0.0,0.0,145.65,0.0,0.0,159.05,0.9999253857184062,1.0,1306.6485030600043,1000.0,1306.6485030600043,1000.0,0.0,0.0
15520,1698032280000.0,0.0,0.0,0.0,145.65,0.0,0.0,158.95,0.9999253857184062,1.0,1306.6485030600043,1000.0,1306.6485030600043,1000.0,0.0,0.0
15521,1698035880000.0,0.0,0.0,0.0,145.65,0.0,0.0,157.9,0.9999253857184062,1.0,1306.6485030600043,1000.0,1306.6485030600043,1000.0,0.0,0.0
15522,1698039480000.0,0.0,0.0,0.0,145.65,0.0,0.0,157.9,0.9999253857184062,1.0,1306.6485030600043,1000.0,1306.6485030600043,1000.0,0.0,0.0
15523,1698043080000.0,0.0,0.0,0.0,145.65,0.0,0.0,157.1,0.9999253857184062,1.0,1306.6485030600043,1000.0,1306.6485030600043,1000.0,0.0,0.0
15524,1698046680000.0,0.0,0.0,0.0,145.65,0.0,0.0,158.2,0.9999253857184062,1.0,1306.6485030600043,1000.0,1306.6485030600043,1000.0,0.0,0.0
15525,1698050280000.0,0.0,0.0,0.0,145.65,0.0,0.0,157.7,0.9999253857184062,1.0,1306.6485030600043,1000.0,1306.6485030600043,1000.0,0.0,0.0
15526,1698053880000.0,0.0,0.0,0.0,145.65,0.0,0.0,157.5,0.9999253857184062,1.0,1306.6485030600043,1000.0,1306.6485030600043,1000.0,0.0,0.0
15527,1698057480000.0,0.0,0.0,0.0,145.65,0.0,0.0,158.25,0.9999253857184062,1.0,1306.6485030600043,1000.0,1306.6485030600043,1000.0,0.0,0.0
15528,1698061080000.0,0.0,0.0,0.0,145.65,0.0,0.0,158.8,0.9999253857184062,1.0,1306.6485030600043,1000.0,1306.6485030600043,1000.0,0.0,0.0
15529,1698064680000.0,0.0,0.0,0.0,145.65,0.0,0.0,158.75,0.9999253857184062,1.0,1306.6485030600043,1000.0,1306.6485030600043,1000.0,0.0,0.0
15530,1698068280000.0,0.0,0.0,0.0,145.65,0.0,0.0,158.25,0.9999253857184062,1.0,1306.6485030600043,1000.0,1306.6485030600043,1000.0,0.0,0.0
15531,1698071880000.0,0.0,0.0,0.0,145.65,0.0,0.0,158.9,0.9999253857184062,1.0,1306.6485030600043,1000.0,1306.6485030600043,1000.0,0.0,0.0
15532,1698075480000.0,0.0,0.0,0.0,145.65,0.0,0.0,158.9,0.9999253857184062,1.0,1306.6485030600043,1000.0,1306.6485030600043,1000.0,0.0,0.0
15533,1698079080000.0,0.0,0.0,0.0,145.65,0.0,0.0,158.95,0.9999253857184062,1.0,1306.6485030600043,1000.0,1306.6485030600043,1000.0,0.0,0.0
15534,1698082680000.0,0.0,0.0,0.0,145.65,0.0,0.0,158.7,0.9999253857184062,1.0,1306.6485030600043,1000.0,1306.6485030600043,1000.0,0.0,0.0
15535,1698086280000.0,0.0,0.0,0.0,145.65,0.0,0.0,158.25,0.9999253857184062,1.0,1306.6485030600043,1000.0,1306.6485030600043,1000.0,0.0,0.0
15536,1698089880000.0,0.0,0.0,0.0,145.65,0.0,0.0,158.7,0.9999253857184062,1.0,1306.6485030600043,1000.0,1306.6485030600043,1000.0,0.0,0.0
15537,1698093480000.0,0.0,0.0,0.0,145.65,0.0,0.0,159.7,0.9999253857184062,1.0,1306.6485030600043,1000.0,1306.6485030600043,1000.0,0.0,0.0
15538,1698097080000.0,0.0,0.0,0.0,145.65,0.0,0.0,159.4,0.9999253857184062,1.0,1306.6485030600043,1000.0,1306.6485030600043,1000.0,0.0,0.0
15539,1698100680000.0,0.0,0.0,0.0,145.65,0.0,0.0,159.35,0.9999253857184062,1.0,1306.6485030600043,1000.0,1306.6485030600043,1000.0,0.0,0.0
15540,1698104280000.0,0.0,0.0,0.0,145.65,0.0,0.0,159.9,0.9999253857184062,1.0,1306.6485030600043,1000.0,1306.6485030600043,1000.0,0.0,0.0
15541,1698107880000.0,0.0,0.0,0.0,145.65,0.0,0.0,161.75,0.9999253857184062,1.0,1306.6485030600043,1000.0,1306.6485030600043,1000.0,0.0,0.0
15542,1698111480000.0,0.0,0.0,0.0,145.65,0.0,0.0,162.0,0.9999253857184062,1.0,1306.6485030600043,1000.0,1306.6485030600043,1000.0,0.0,0.0
15543,1698115080000.0,0.0,0.0,0.0,145.65,0.0,0.0,162.5,0.9999253857184062,1.0,1306.6485030600043,1000.0,1306.6485030600043,1000.0,0.0,0.0
15544,1698118680000.0,0.0,0.0,0.0,145.65,0.0,0.0,162.2,0.9999253857184062,1.0,1306.6485030600043,1000.0,1306.6485030600043,1000.0,0.0,0.0
15545,1698122280000.0,0.0,0.0,0.0,145.65,0.0,0.0,161.2,0.9999253857184062,1.0,1306.6485030600043,1000.0,1306.6485030600043,1000.0,0.0,0.0
15546,1698125880000.0,0.0,0.0,0.0,145.65,0.0,0.0,161.5,0.9999253857184062,1.0,1306.6485030600043,1000.0,1306.6485030600043,1000.0,0.0,0.0
15547,1698129480000.0,0.0,0.0,0.0,145.65,0.0,0.0,157.95,0.9999253857184062,1.0,1306.6485030600043,1000.0,1306.6485030600043,1000.0,0.0,0.0
15548,1698133080000.0,0.0,0.0,0.0,145.65,0.0,0.0,157.4,0.9999253857184062,1.0,1306.6485030600043,1000.0,1306.6485030600043,1000.0,0.0,0.0
15549,1698136680000.0,0.0,0.0,0.0,145.65,0.0,0.0,158.55,0.9999253857184062,1.0,1306.6485030600043,1000.0,1306.6485030600043,1000.0,0.0,0.0
15550,1698140280000.0,0.0,0.0,0.0,145.65,0.0,0.0,158.7,0.9999253857184062,1.0,1306.6485030600043,1000.0,1306.6485030600043,1000.0,0.0,0.0
15551,1698143880000.0,0.0,0.0,0.0,145.65,0.0,0.0,159.9,0.9999253857184062,1.0,1306.6485030600043,1000.0,1306.6485030600043,1000.0,0.0,0.0
15552,1698147480000.0,0.0,0.0,0.0,145.65,0.0,0.0,158.15,0.9999253857184062,1.0,1306.6485030600043,1000.0,1306.6485030600043,1000.0,0.0,0.0
15553,1698151080000.0,0.0,0.0,0.0,145.65,0.0,0.0,160.35,0.9999253857184062,1.0,1306.6485030600043,1000.0,1306.6485030600043,1000.0,0.0,0.0
15554,1698154680000.0,0.0,0.0,0.0,145.65,0.0,0.0,159.2,0.9999253857184062,1.0,1306.6485030600043,1000.0,1306.6485030600043,1000.0,0.0,0.0
15555,1698158280000.0,0.0,0.0,0.0,145.65,0.0,0.0,159.2,0.9999253857184062,1.0,1306.6485030600043,1000.0,1306.6485030600043,1000.0,0.0,0.0
15556,1698161880000.0,0.0,0.0,0.0,145.65,0.0,0.0,157.2,0.9999253857184062,1.0,1306.6485030600043,1000.0,1306.6485030600043,1000.0,0.0,0.0
15557,1698165480000.0,0.0,0.0,0.0,145.65,0.0,0.0,157.9,0.9999253857184062,1.0,1306.6485030600043,1000.0,1306.6485030600043,1000.0,0.0,0.0
15558,1698169080000.0,0.0,0.0,0.0,145.65,0.0,0.0,158.35,0.9999253857184062,1.0,1306.6485030600043,1000.0,1306.6485030600043,1000.0,0.0,0.0
15559,1698172680000.0,0.0,0.0,0.0,145.65,0.0,0.0,158.2,0.9999253857184062,1.0,1306.6485030600043,1000.0,1306.6485030600043,1000.0,0.0,0.0
15560,1698176280000.0,0.0,0.0,0.0,145.65,0.0,0.0,159.35,0.9999253857184062,1.0,1306.6485030600043,1000.0,1306.6485030600043,1000.0,0.0,0.0
15561,1698179880000.0,0.0,0.0,0.0,145.65,0.0,0.0,158.15,0.9999253857184062,1.0,1306.6485030600043,1000.0,1306.6485030600043,1000.0,0.0,0.0
15562,1698183480000.0,0.0,0.0,0.0,145.65,0.0,0.0,157.95,0.9999253857184062,1.0,1306.6485030600043,1000.0,1306.6485030600043,1000.0,0.0,0.0
15563,1698187080000.0,0.0,0.0,0.0,145.65,0.0,0.0,158.75,0.9999253857184062,1.0,1306.6485030600043,1000.0,1306.6485030600043,1000.0,0.0,0.0
15564,1698190680000.0,0.0,0.0,0.0,145.65,0.0,0.0,157.75,0.9999253857184062,1.0,1306.6485030600043,1000.0,1306.6485030600043,1000.0,0.0,0.0
15565,1698194280000.0,0.0,0.0,0.0,145.65,0.0,0.0,158.3,0.9999253857184062,1.0,1306.6485030600043,1000.0,1306.6485030600043,1000.0,0.0,0.0
15566,1698197880000.0,0.0,0.0,0.0,145.65,0.0,0.0,159.35,0.9999253857184062,1.0,1306.6485030600043,1000.0,1306.6485030600043,1000.0,0.0,0.0
15567,1698201480000.0,0.0,0.0,0.0,145.65,0.0,0.0,157.65,0.9999253857184062,1.0,1306.6485030600043,1000.0,1306.6485030600043,1000.0,0.0,0.0
15568,1698205080000.0,0.0,0.0,0.0,145.65,0.0,0.0,157.3,0.9999253857184062,1.0,1306.6485030600043,1000.0,1306.6485030600043,1000.0,0.0,0.0
15569,1698208680000.0,0.0,0.0,0.0,145.65,0.0,0.0,156.8,0.9999253857184062,1.0,1306.6485030600043,1000.0,1306.6485030600043,1000.0,0.0,0.0
15570,1698212280000.0,0.0,0.0,0.0,145.65,0.0,0.0,157.15,0.9999253857184062,1.0,1306.6485030600043,1000.0,1306.6485030600043,1000.0,0.0,0.0
15571,1698215880000.0,0.0,0.0,0.0,145.65,0.0,0.0,157.4,0.9999253857184062,1.0,1306.6485030600043,1000.0,1306.6485030600043,1000.0,0.0,0.0
15572,1698219480000.0,0.0,0.0,0.0,145.65,0.0,0.0,155.5,0.9999253857184062,1.0,1306.6485030600043,1000.0,1306.6485030600043,1000.0,0.0,0.0
15573,1698223080000.0,0.0,0.0,0.0,145.65,0.0,0.0,156.3,0.9999253857184062,1.0,1306.6485030600043,1000.0,1306.6485030600043,1000.0,0.0,0.0
15574,1698226680000.0,0.0,0.0,0.0,145.65,0.0,0.0,156.7,0.9999253857184062,1.0,1306.6485030600043,1000.0,1306.6485030600043,1000.0,0.0,0.0
15575,1698230280000.0,0.0,0.0,0.0,145.65,0.0,0.0,156.6,0.9999253857184062,1.0,1306.6485030600043,1000.0,1306.6485030600043,1000.0,0.0,0.0
15576,1698233880000.0,0.0,0.0,0.0,145.65,0.0,0.0,157.15,0.9999253857184062,1.0,1306.6485030600043,1000.0,1306.6485030600043,1000.0,0.0,0.0
15577,1698237480000.0,0.0,0.0,0.0,145.65,0.0,0.0,157.75,0.9999253857184062,1.0,1306.6485030600043,1000.0,1306.6485030600043,1000.0,0.0,0.0
15578,1698241080000.0,0.0,0.0,0.0,145.65,0.0,0.0,157.75,0.9999253857184062,1.0,1306.6485030600043,1000.0,1306.6485030600043,1000.0,0.0,0.0
15579,1698244680000.0,0.0,0.0,0.0,145.65,0.0,0.0,157.65,0.9999253857184062,1.0,1306.6485030600043,1000.0,1306.6485030600043,1000.0,0.0,0.0
15580,1698248280000.0,0.0,0.0,0.0,145.65,0.0,0.0,159.05,0.9999253857184062,1.0,1306.6485030600043,1000.0,1306.6485030600043,1000.0,0.0,0.0
15581,1698251880000.0,0.0,0.0,0.0,145.65,0.0,0.0,158.6,0.9999253857184062,1.0,1306.6485030600043,1000.0,1306.6485030600043,1000.0,0.0,0.0
15582,1698255480000.0,0.0,0.0,0.0,145.65,0.0,0.0,159.3,0.9999253857184062,1.0,1306.6485030600043,1000.0,1306.6485030600043,1000.0,0.0,0.0
15583,1698259080000.0,0.0,0.0,0.0,145.65,0.0,0.0,158.1,0.9999253857184062,1.0,1306.6485030600043,1000.0,1306.6485030600043,1000.0,0.0,0.0
15584,1698262680000.0,0.0,0.0,0.0,145.65,0.0,0.0,159.0,0.9999253857184062,1.0,1306.6485030600043,1000.0,1306.6485030600043,1000.0,0.0,0.0
15585,1698266280000.0,0.0,0.0,0.0,145.65,0.0,0.0,159.25,0.9999253857184062,1.0,1306.6485030600043,1000.0,1306.6485030600043,1000.0,0.0,0.0
15586,1698269880000.0,0.0,0.0,0.0,145.65,0.0,0.0,158.05,0.9999253857184062,1.0,1306.6485030600043,1000.0,1306.6485030600043,1000.0,0.0,0.0
15587,1698273480000.0,0.0,0.0,0.0,145.65,0.0,0.0,159.9,0.9999253857184062,1.0,1306.6485030600043,1000.0,1306.6485030600043,1000.0,0.0,0.0
15588,1698277080000.0,0.0,0.0,0.0,145.65,0.0,0.0,160.25,0.9999253857184062,1.0,1306.6485030600043,1000.0,1306.6485030600043,1000.0,0.0,0.0
15589,1698280680000.0,0.0,0.0,0.0,145.65,0.0,0.0,160.1,0.9999253857184062,1.0,1306.6485030600043,1000.0,1306.6485030600043,1000.0,0.0,0.0
15590,1698284280000.0,0.0,0.0,0.0,145.65,0.0,0.0,160.55,0.9999253857184062,1.0,1306.6485030600043,1000.0,1306.6485030600043,1000.0,0.0,0.0
15591,1698287880000.0,0.0,0.0,0.0,145.65,0.0,0.0,160.5,0.9999253857184062,1.0,1306.6485030600043,1000.0,1306.6485030600043,1000.0,0.0,0.0
15592,1698291480000.0,0.0,0.0,0.0,145.65,0.0,0.0,161.4,0.9999253857184062,1.0,1306.6485030600043,1000.0,1306.6485030600043,1000.0,0.0,0.0
15593,1698295080000.0,0.0,0.0,0.0,145.65,0.0,0.0,161.75,0.9999253857184062,1.0,1306.6485030600043,1000.0,1306.6485030600043,1000.0,0.0,0.0
15594,1698298680000.0,0.0,0.0,0.0,145.65,0.0,0.0,161.55,0.9999253857184062,1.0,1306.6485030600043,1000.0,1306.6485030600043,1000.0,0.0,0.0
15595,1698302280000.0,0.0,0.0,0.0,145.65,0.0,0.0,161.7,0.9999253857184062,1.0,1306.6485030600043,1000.0,1306.6485030600043,1000.0,0.0,0.0
15596,1698305880000.0,0.0,0.0,0.0,145.65,0.0,0.0,162.4,0.9999253857184062,1.0,1306.6485030600043,1000.0,1306.6485030600043,1000.0,0.0,0.0
15597,1698309480000.0,0.0,0.0,0.0,145.65,0.0,0.0,162.05,0.9999253857184062,1.0,1306.6485030600043,1000.0,1306.6485030600043,1000.0,0.0,0.0
15598,1698313080000.0,0.0,0.0,0.0,145.65,0.0,0.0,161.15,0.9999253857184062,1.0,1306.6485030600043,1000.0,1306.6485030600043,1000.0,0.0,0.0
15599,1698316680000.0,0.0,0.0,0.0,145.65,0.0,0.0,160.65,0.9999253857184062,1.0,1306.6485030600043,1000.0,1306.6485030600043,1000.0,0.0,0.0
15600,1698320280000.0,0.0,0.0,0.0,145.65,0.0,0.0,160.45,0.9999253857184062,1.0,1306.6485030600043,1000.0,1306.6485030600043,1000.0,0.0,0.0
15601,1698323880000.0,0.0,0.0,0.0,145.65,0.0,0.0,161.0,0.9999253857184062,1.0,1306.6485030600043,1000.0,1306.6485030600043,1000.0,0.0,0.0
15602,1698327480000.0,0.0,0.0,0.0,145.65,0.0,0.0,160.5,0.9999253857184062,1.0,1306.6485030600043,1000.0,1306.6485030600043,1000.0,0.0,0.0
15603,1698331080000.0,0.0,0.0,0.34,155.06,0.0,0.0,157.15,0.9999253857184062,1.0,1306.6379589800042,1000.0,1307.3485589800043,1000.0,0.040348131353198195,0.0
15604,1698334680000.0,0.0,0.0,0.34,155.06,0.0,0.0,157.45,0.9999253857184062,1.0,1306.6379589800042,1000.0,1307.4505589800042,1000.0,0.040348131353198195,0.0
15605,1698338280000.0,0.0,0.0,0.34,155.06,0.0,0.0,157.35,0.9999253857184062,1.0,1306.6379589800042,1000.0,1307.4165589800043,1000.0,0.040348131353198195,0.0
15606,1698341880000.0,0.0,0.0,0.34,155.06,0.0,0.0,157.55,0.9999253857184062,1.0,1306.6379589800042,1000.0,1307.4845589800043,1000.0,0.040348131353198195,0.0
15607,1698345480000.0,0.0,0.0,0.34,155.06,0.0,0.0,157.8,0.9999253857184062,1.0,1306.6379589800042,1000.0,1307.5695589800043,1000.0,0.040348131353198195,0.0
15608,1698349080000.0,0.0,0.0,0.34,155.06,0.0,0.0,158.25,0.9999253857184062,1.0,1306.6379589800042,1000.0,1307.7225589800041,1000.0,0.040348131353198195,0.0
15609,1698352680000.0,0.0,0.0,0.34,155.06,0.0,0.0,159.05,0.9999253857184062,1.0,1306.6379589800042,1000.0,1307.9945589800043,1000.0,0.040348131353198195,0.0
15610,1698356280000.0,0.0,0.0,0.34,155.06,0.0,0.0,158.7,0.9999253857184062,1.0,1306.6379589800042,1000.0,1307.8755589800041,1000.0,0.040348131353198195,0.0
15611,1698359880000.0,0.0,0.0,0.16,155.06,0.0,0.0,159.6,0.9999253857184062,1.0,1307.471009060004,1000.0,1308.197409060004,1000.0,0.018975258210762673,0.0
15612,1698363480000.0,0.0,0.0,0.08,155.06,0.0,0.0,159.7,0.9999253857184062,1.0,1307.8412535400037,1000.0,1308.2124535400037,1000.0,0.009484943196602237,0.0
15613,1698367080000.0,0.0,0.0,0.06,155.06,0.0,0.0,159.0,0.9999253857184062,1.0,1307.9338146600037,1000.0,1308.1702146600037,1000.0,0.00711320396775464,0.0
15614,1698370680000.0,0.0,0.0,0.06,155.06,0.0,0.0,158.05,0.9999253857184062,1.0,1307.9338146600037,1000.0,1308.1132146600037,1000.0,0.00711320396775464,0.0
15615,1698374280000.0,0.0,0.0,0.06,155.06,0.0,0.0,158.1,0.9999253857184062,1.0,1307.9338146600037,1000.0,1308.1162146600036,1000.0,0.00711320396775464,0.0
15616,1698377880000.0,0.0,0.0,0.06,155.06,0.0,0.0,158.95,0.9999253857184062,1.0,1307.9338146600037,1000.0,1308.1672146600038,1000.0,0.00711320396775464,0.0
15617,1698381480000.0,0.0,0.0,0.06,155.06,0.0,0.0,158.55,0.9999253857184062,1.0,1307.9338146600037,1000.0,1308.1432146600037,1000.0,0.00711320396775464,0.0
15618,1698385080000.0,0.0,0.0,0.06,155.06,0.0,0.0,158.9,0.9999253857184062,1.0,1307.9338146600037,1000.0,1308.1642146600036,1000.0,0.00711320396775464,0.0
15619,1698388680000.0,0.0,0.0,0.06,155.06,0.0,0.0,159.45,0.9999253857184062,1.0,1307.9338146600037,1000.0,1308.1972146600037,1000.0,0.00711320396775464,0.0
15620,1698392280000.0,0.0,0.0,0.02,155.06,0.0,0.0,159.6,0.9999253857184062,1.0,1308.1189369000033,1000.0,1308.2097369000032,1000.0,0.0023707324406978332,0.0
15621,1698395880000.0,0.0,0.0,0.01,155.06,0.0,0.0,159.6,0.9999253857184062,1.0,1308.165217460003,1000.0,1308.210617460003,1000.0,0.0011853242841991473,0.0
15622,1698399480000.0,0.0,0.0,0.0,155.06,0.0,0.0,160.65,0.9999253857184062,1.0,1308.2114980200029,1000.0,1308.2114980200029,1000.0,0.0,0.0
15623,1698403080000.0,0.0,0.0,0.0,155.06,0.0,0.0,160.3,0.9999253857184062,1.0,1308.2114980200029,1000.0,1308.2114980200029,1000.0,0.0,0.0
15624,1698406680000.0,0.0,0.0,0.0,155.06,0.0,0.0,159.75,0.9999253857184062,1.0,1308.2114980200029,1000.0,1308.2114980200029,1000.0,0.0,0.0
15625,1698410280000.0,0.0,0.0,0.0,155.06,0.0,0.0,160.1,0.9999253857184062,1.0,1308.2114980200029,1000.0,1308.2114980200029,1000.0,0.0,0.0
15626,1698413880000.0,0.0,0.0,0.0,155.06,0.0,0.0,160.9,0.9999253857184062,1.0,1308.2114980200029,1000.0,1308.2114980200029,1000.0,0.0,0.0
15627,1698417480000.0,0.0,0.0,0.0,155.06,0.0,0.0,160.05,0.9999253857184062,1.0,1308.2114980200029,1000.0,1308.2114980200029,1000.0,0.0,0.0
15628,1698421080000.0,0.0,0.0,0.0,155.06,0.0,0.0,160.45,0.9999253857184062,1.0,1308.2114980200029,1000.0,1308.2114980200029,1000.0,0.0,0.0
15629,1698424680000.0,0.0,0.0,0.0,155.06,0.0,0.0,159.6,0.9999253857184062,1.0,1308.2114980200029,1000.0,1308.2114980200029,1000.0,0.0,0.0
15630,1698428280000.0,0.0,0.0,0.0,155.06,0.0,0.0,159.05,0.9999253857184062,1.0,1308.2114980200029,1000.0,1308.2114980200029,1000.0,0.0,0.0
15631,1698431880000.0,0.0,0.0,0.0,155.06,0.0,0.0,158.75,0.9999253857184062,1.0,1308.2114980200029,1000.0,1308.2114980200029,1000.0,0.0,0.0
15632,1698435480000.0,0.0,0.0,0.0,155.06,0.0,0.0,159.45,0.9999253857184062,1.0,1308.2114980200029,1000.0,1308.2114980200029,1000.0,0.0,0.0
15633,1698439080000.0,0.0,0.0,0.0,155.06,0.0,0.0,160.6,0.9999253857184062,1.0,1308.2114980200029,1000.0,1308.2114980200029,1000.0,0.0,0.0
15634,1698442680000.0,0.0,0.0,0.0,155.06,0.0,0.0,160.65,0.9999253857184062,1.0,1308.2114980200029,1000.0,1308.2114980200029,1000.0,0.0,0.0
15635,1698446280000.0,0.0,0.0,0.0,155.06,0.0,0.0,160.85,0.9999253857184062,1.0,1308.2114980200029,1000.0,1308.2114980200029,1000.0,0.0,0.0
15636,1698449880000.0,0.0,0.0,0.0,155.06,0.0,0.0,160.9,0.9999253857184062,1.0,1308.2114980200029,1000.0,1308.2114980200029,1000.0,0.0,0.0
15637,1698453480000.0,0.0,0.0,0.0,155.06,0.0,0.0,161.2,0.9999253857184062,1.0,1308.2114980200029,1000.0,1308.2114980200029,1000.0,0.0,0.0
15638,1698457080000.0,0.0,0.0,0.0,155.06,0.0,0.0,161.6,0.9999253857184062,1.0,1308.2114980200029,1000.0,1308.2114980200029,1000.0,0.0,0.0
15639,1698460680000.0,0.0,0.0,0.0,155.06,0.0,0.0,161.8,0.9999253857184062,1.0,1308.2114980200029,1000.0,1308.2114980200029,1000.0,0.0,0.0
15640,1698464280000.0,0.0,0.0,0.0,155.06,0.0,0.0,162.05,0.9999253857184062,1.0,1308.2114980200029,1000.0,1308.2114980200029,1000.0,0.0,0.0
15641,1698467880000.0,0.0,0.0,0.0,155.06,0.0,0.0,162.05,0.9999253857184062,1.0,1308.2114980200029,1000.0,1308.2114980200029,1000.0,0.0,0.0
15642,1698471480000.0,0.0,0.0,0.0,155.06,0.0,0.0,161.9,0.9999253857184062,1.0,1308.2114980200029,1000.0,1308.2114980200029,1000.0,0.0,0.0
15643,1698475080000.0,0.0,0.0,0.0,155.06,0.0,0.0,159.75,0.9999253857184062,1.0,1308.2114980200029,1000.0,1308.2114980200029,1000.0,0.0,0.0
15644,1698478680000.0,0.0,0.0,0.0,155.06,0.0,0.0,160.85,0.9999253857184062,1.0,1308.2114980200029,1000.0,1308.2114980200029,1000.0,0.0,0.0
15645,1698482280000.0,0.0,0.0,0.0,155.06,0.0,0.0,162.0,0.9999253857184062,1.0,1308.2114980200029,1000.0,1308.2114980200029,1000.0,0.0,0.0
15646,1698485880000.0,0.0,0.0,0.0,155.06,0.0,0.0,162.6,0.9999253857184062,1.0,1308.2114980200029,1000.0,1308.2114980200029,1000.0,0.0,0.0
15647,1698489480000.0,0.0,0.0,0.0,155.06,0.0,0.0,162.0,0.9999253857184062,1.0,1308.2114980200029,1000.0,1308.2114980200029,1000.0,0.0,0.0
15648,1698493080000.0,0.0,0.0,0.0,155.06,0.0,0.0,161.65,0.9999253857184062,1.0,1308.2114980200029,1000.0,1308.2114980200029,1000.0,0.0,0.0
15649,1698496680000.0,0.0,0.0,0.0,155.06,0.0,0.0,161.35,0.9999253857184062,1.0,1308.2114980200029,1000.0,1308.2114980200029,1000.0,0.0,0.0
15650,1698500280000.0,0.0,0.0,0.0,155.06,0.0,0.0,161.65,0.9999253857184062,1.0,1308.2114980200029,1000.0,1308.2114980200029,1000.0,0.0,0.0
15651,1698503880000.0,0.0,0.0,0.0,155.06,0.0,0.0,161.5,0.9999253857184062,1.0,1308.2114980200029,1000.0,1308.2114980200029,1000.0,0.0,0.0
15652,1698507480000.0,0.0,0.0,0.0,155.06,0.0,0.0,161.15,0.9999253857184062,1.0,1308.2114980200029,1000.0,1308.2114980200029,1000.0,0.0,0.0
15653,1698511080000.0,0.0,0.0,0.0,155.06,0.0,0.0,160.9,0.9999253857184062,1.0,1308.2114980200029,1000.0,1308.2114980200029,1000.0,0.0,0.0
15654,1698514680000.0,0.0,0.0,0.0,155.06,0.0,0.0,160.95,0.9999253857184062,1.0,1308.2114980200029,1000.0,1308.2114980200029,1000.0,0.0,0.0
15655,1698518280000.0,0.0,0.0,0.0,155.06,0.0,0.0,161.25,0.9999253857184062,1.0,1308.2114980200029,1000.0,1308.2114980200029,1000.0,0.0,0.0
15656,1698521880000.0,0.0,0.0,0.0,155.06,0.0,0.0,161.35,0.9999253857184062,1.0,1308.2114980200029,1000.0,1308.2114980200029,1000.0,0.0,0.0
15657,1698525480000.0,0.0,0.0,0.0,155.06,0.0,0.0,162.45,0.9999253857184062,1.0,1308.2114980200029,1000.0,1308.2114980200029,1000.0,0.0,0.0
15658,1698529080000.0,0.0,0.0,0.0,155.06,0.0,0.0,162.55,0.9999253857184062,1.0,1308.2114980200029,1000.0,1308.2114980200029,1000.0,0.0,0.0
15659,1698532680000.0,0.0,0.0,0.0,155.06,0.0,0.0,162.1,0.9999253857184062,1.0,1308.2114980200029,1000.0,1308.2114980200029,1000.0,0.0,0.0
15660,1698536280000.0,0.0,0.0,0.0,155.06,0.0,0.0,162.25,0.9999253857184062,1.0,1308.2114980200029,1000.0,1308.2114980200029,1000.0,0.0,0.0
15661,1698539880000.0,0.0,0.0,0.0,155.06,0.0,0.0,161.35,0.9999253857184062,1.0,1308.2114980200029,1000.0,1308.2114980200029,1000.0,0.0,0.0
15662,1698543480000.0,0.0,0.0,0.0,155.06,0.0,0.0,160.3,0.9999253857184062,1.0,1308.2114980200029,1000.0,1308.2114980200029,1000.0,0.0,0.0
15663,1698547080000.0,0.0,0.0,0.0,155.06,0.0,0.0,160.75,0.9999253857184062,1.0,1308.2114980200029,1000.0,1308.2114980200029,1000.0,0.0,0.0
15664,1698550680000.0,0.0,0.0,0.0,155.06,0.0,0.0,161.05,0.9999253857184062,1.0,1308.2114980200029,1000.0,1308.2114980200029,1000.0,0.0,0.0
15665,1698554280000.0,0.0,0.0,0.0,155.06,0.0,0.0,161.45,0.9999253857184062,1.0,1308.2114980200029,1000.0,1308.2114980200029,1000.0,0.0,0.0
15666,1698557880000.0,0.0,0.0,0.0,155.06,0.0,0.0,161.7,0.9999253857184062,1.0,1308.2114980200029,1000.0,1308.2114980200029,1000.0,0.0,0.0
15667,1698561480000.0,0.0,0.0,0.0,155.06,0.0,0.0,161.65,0.9999253857184062,1.0,1308.2114980200029,1000.0,1308.2114980200029,1000.0,0.0,0.0
15668,1698565080000.0,0.0,0.0,0.0,155.06,0.0,0.0,160.4,0.9999253857184062,1.0,1308.2114980200029,1000.0,1308.2114980200029,1000.0,0.0,0.0
15669,1698568680000.0,0.0,0.0,0.0,155.06,0.0,0.0,161.75,0.9999253857184062,1.0,1308.2114980200029,1000.0,1308.2114980200029,1000.0,0.0,0.0
15670,1698572280000.0,0.0,0.0,0.0,155.06,0.0,0.0,161.65,0.9999253857184062,1.0,1308.2114980200029,1000.0,1308.2114980200029,1000.0,0.0,0.0
15671,1698575880000.0,0.0,0.0,0.0,155.06,0.0,0.0,161.3,0.9999253857184062,1.0,1308.2114980200029,1000.0,1308.2114980200029,1000.0,0.0,0.0
15672,1698579480000.0,0.0,0.0,0.0,155.06,0.0,0.0,162.35,0.9999253857184062,1.0,1308.2114980200029,1000.0,1308.2114980200029,1000.0,0.0,0.0
15673,1698583080000.0,0.0,0.0,0.0,155.06,0.0,0.0,162.1,0.9999253857184062,1.0,1308.2114980200029,1000.0,1308.2114980200029,1000.0,0.0,0.0
15674,1698586680000.0,0.0,0.0,0.0,155.06,0.0,0.0,162.75,0.9999253857184062,1.0,1308.2114980200029,1000.0,1308.2114980200029,1000.0,0.0,0.0
15675,1698590280000.0,0.0,0.0,0.0,155.06,0.0,0.0,163.05,0.9999253857184062,1.0,1308.2114980200029,1000.0,1308.2114980200029,1000.0,0.0,0.0
15676,1698593880000.0,0.0,0.0,0.0,155.06,0.0,0.0,163.8,0.9999253857184062,1.0,1308.2114980200029,1000.0,1308.2114980200029,1000.0,0.0,0.0
15677,1698597480000.0,0.0,0.0,0.0,155.06,0.0,0.0,164.7,0.9999253857184062,1.0,1308.2114980200029,1000.0,1308.2114980200029,1000.0,0.0,0.0
15678,1698601080000.0,0.0,0.0,0.0,155.06,0.0,0.0,164.9,0.9999253857184062,1.0,1308.2114980200029,1000.0,1308.2114980200029,1000.0,0.0,0.0
15679,1698604680000.0,0.0,0.0,0.0,155.06,0.0,0.0,165.3,0.9999253857184062,1.0,1308.2114980200029,1000.0,1308.2114980200029,1000.0,0.0,0.0
15680,1698608280000.0,0.0,0.0,0.0,155.06,0.0,0.0,166.15,0.9999253857184062,1.0,1308.2114980200029,1000.0,1308.2114980200029,1000.0,0.0,0.0
15681,1698611880000.0,0.0,0.0,0.0,155.06,0.0,0.0,167.1,0.9999253857184062,1.0,1308.2114980200029,1000.0,1308.2114980200029,1000.0,0.0,0.0
15682,1698615480000.0,0.0,0.0,0.0,155.06,0.0,0.0,168.65,0.9999253857184062,1.0,1308.2114980200029,1000.0,1308.2114980200029,1000.0,0.0,0.0
15683,1698619080000.0,0.0,0.0,0.0,155.06,0.0,0.0,169.8,0.9999253857184062,1.0,1308.2114980200029,1000.0,1308.2114980200029,1000.0,0.0,0.0
15684,1698622680000.0,0.0,0.0,0.0,155.06,0.0,0.0,173.0,0.9999253857184062,1.0,1308.2114980200029,1000.0,1308.2114980200029,1000.0,0.0,0.0
15685,1698626280000.0,0.0,0.0,0.0,155.06,0.0,0.0,172.8,0.9999253857184062,1.0,1308.2114980200029,1000.0,1308.2114980200029,1000.0,0.0,0.0
15686,1698629880000.0,0.0,0.0,0.0,155.06,0.0,0.0,170.45,0.9999253857184062,1.0,1308.2114980200029,1000.0,1308.2114980200029,1000.0,0.0,0.0
15687,1698633480000.0,0.0,0.0,0.0,155.06,0.0,0.0,168.15,0.9999253857184062,1.0,1308.2114980200029,1000.0,1308.2114980200029,1000.0,0.0,0.0
15688,1698637080000.0,0.0,0.0,0.0,155.06,0.0,0.0,168.85,0.9999253857184062,1.0,1308.2114980200029,1000.0,1308.2114980200029,1000.0,0.0,0.0
15689,1698640680000.0,0.0,0.0,0.0,155.06,0.0,0.0,167.7,0.9999253857184062,1.0,1308.2114980200029,1000.0,1308.2114980200029,1000.0,0.0,0.0
15690,1698644280000.0,0.0,0.0,0.0,155.06,0.0,0.0,165.5,0.9999253857184062,1.0,1308.2114980200029,1000.0,1308.2114980200029,1000.0,0.0,0.0
15691,1698647880000.0,0.0,0.0,0.0,155.06,0.0,0.0,165.7,0.9999253857184062,1.0,1308.2114980200029,1000.0,1308.2114980200029,1000.0,0.0,0.0
15692,1698651480000.0,0.0,0.0,0.0,155.06,0.0,0.0,165.2,0.9999253857184062,1.0,1308.2114980200029,1000.0,1308.2114980200029,1000.0,0.0,0.0
15693,1698655080000.0,0.0,0.0,0.0,155.06,0.0,0.0,167.65,0.9999253857184062,1.0,1308.2114980200029,1000.0,1308.2114980200029,1000.0,0.0,0.0
15694,1698658680000.0,0.0,0.0,0.0,155.06,0.0,0.0,170.35,0.9999253857184062,1.0,1308.2114980200029,1000.0,1308.2114980200029,1000.0,0.0,0.0
15695,1698662280000.0,0.0,0.0,0.0,155.06,0.0,0.0,172.25,0.9999253857184062,1.0,1308.2114980200029,1000.0,1308.2114980200029,1000.0,0.0,0.0
15696,1698665880000.0,0.0,0.0,0.0,155.06,0.0,0.0,171.85,0.9999253857184062,1.0,1308.2114980200029,1000.0,1308.2114980200029,1000.0,0.0,0.0
15697,1698669480000.0,0.0,0.0,0.0,155.06,0.0,0.0,171.8,0.9999253857184062,1.0,1308.2114980200029,1000.0,1308.2114980200029,1000.0,0.0,0.0
15698,1698673080000.0,0.0,0.0,0.0,155.06,0.0,0.0,171.9,0.9999253857184062,1.0,1308.2114980200029,1000.0,1308.2114980200029,1000.0,0.0,0.0
15699,1698676680000.0,0.0,0.0,0.0,155.06,0.0,0.0,173.55,0.9999253857184062,1.0,1308.2114980200029,1000.0,1308.2114980200029,1000.0,0.0,0.0
15700,1698680280000.0,0.0,0.0,0.0,155.06,0.0,0.0,173.7,0.9999253857184062,1.0,1308.2114980200029,1000.0,1308.2114980200029,1000.0,0.0,0.0
15701,1698683880000.0,0.0,0.0,0.0,155.06,0.0,0.0,171.75,0.9999253857184062,1.0,1308.2114980200029,1000.0,1308.2114980200029,1000.0,0.0,0.0
15702,1698687480000.0,0.0,0.0,0.0,155.06,0.0,0.0,170.35,0.9999253857184062,1.0,1308.2114980200029,1000.0,1308.2114980200029,1000.0,0.0,0.0
15703,1698691080000.0,0.0,0.0,0.0,155.06,0.0,0.0,170.2,0.9999253857184062,1.0,1308.2114980200029,1000.0,1308.2114980200029,1000.0,0.0,0.0
15704,1698694680000.0,0.0,0.0,0.0,155.06,0.0,0.0,173.05,0.9999253857184062,1.0,1308.2114980200029,1000.0,1308.2114980200029,1000.0,0.0,0.0
15705,1698698280000.0,0.0,0.0,0.0,155.06,0.0,0.0,173.8,0.9999253857184062,1.0,1308.2114980200029,1000.0,1308.2114980200029,1000.0,0.0,0.0
15706,1698701880000.0,0.0,0.0,0.0,155.06,0.0,0.0,173.45,0.9999253857184062,1.0,1308.2114980200029,1000.0,1308.2114980200029,1000.0,0.0,0.0
15707,1698705480000.0,0.0,0.0,0.0,155.06,0.0,0.0,172.4,0.9999253857184062,1.0,1308.2114980200029,1000.0,1308.2114980200029,1000.0,0.0,0.0
15708,1698709080000.0,0.0,0.0,0.0,155.06,0.0,0.0,172.6,0.9999253857184062,1.0,1308.2114980200029,1000.0,1308.2114980200029,1000.0,0.0,0.0
15709,1698712680000.0,0.0,0.0,0.0,155.06,0.0,0.0,173.5,0.9999253857184062,1.0,1308.2114980200029,1000.0,1308.2114980200029,1000.0,0.0,0.0
15710,1698716280000.0,0.0,0.0,0.0,155.06,0.0,0.0,171.7,0.9999253857184062,1.0,1308.2114980200029,1000.0,1308.2114980200029,1000.0,0.0,0.0
15711,1698719880000.0,0.0,0.0,0.0,155.06,0.0,0.0,171.05,0.9999253857184062,1.0,1308.2114980200029,1000.0,1308.2114980200029,1000.0,0.0,0.0
15712,1698723480000.0,0.0,0.0,0.0,155.06,0.0,0.0,170.3,0.9999253857184062,1.0,1308.2114980200029,1000.0,1308.2114980200029,1000.0,0.0,0.0
15713,1698727080000.0,0.0,0.0,0.0,155.06,0.0,0.0,172.05,0.9999253857184062,1.0,1308.2114980200029,1000.0,1308.2114980200029,1000.0,0.0,0.0
15714,1698730680000.0,0.0,0.0,0.0,155.06,0.0,0.0,171.55,0.9999253857184062,1.0,1308.2114980200029,1000.0,1308.2114980200029,1000.0,0.0,0.0
15715,1698734280000.0,0.0,0.0,0.0,155.06,0.0,0.0,171.1,0.9999253857184062,1.0,1308.2114980200029,1000.0,1308.2114980200029,1000.0,0.0,0.0
15716,1698737880000.0,0.0,0.0,0.0,155.06,0.0,0.0,171.55,0.9999253857184062,1.0,1308.2114980200029,1000.0,1308.2114980200029,1000.0,0.0,0.0
15717,1698741480000.0,0.0,0.0,0.0,155.06,0.0,0.0,172.3,0.9999253857184062,1.0,1308.2114980200029,1000.0,1308.2114980200029,1000.0,0.0,0.0
15718,1698745080000.0,0.0,0.0,0.0,155.06,0.0,0.0,172.85,0.9999253857184062,1.0,1308.2114980200029,1000.0,1308.2114980200029,1000.0,0.0,0.0
15719,1698748680000.0,0.0,0.0,0.0,155.06,0.0,0.0,172.0,0.9999253857184062,1.0,1308.2114980200029,1000.0,1308.2114980200029,1000.0,0.0,0.0
15720,1698752280000.0,0.0,0.0,0.0,155.06,0.0,0.0,172.75,0.9999253857184062,1.0,1308.2114980200029,1000.0,1308.2114980200029,1000.0,0.0,0.0
15721,1698755880000.0,0.0,0.0,0.0,155.06,0.0,0.0,171.3,0.9999253857184062,1.0,1308.2114980200029,1000.0,1308.2114980200029,1000.0,0.0,0.0
15722,1698759480000.0,0.0,0.0,0.0,155.06,0.0,0.0,170.3,0.9999253857184062,1.0,1308.2114980200029,1000.0,1308.2114980200029,1000.0,0.0,0.0
15723,1698763080000.0,0.0,0.0,0.0,155.06,0.0,0.0,170.1,0.9999253857184062,1.0,1308.2114980200029,1000.0,1308.2114980200029,1000.0,0.0,0.0
15724,1698766680000.0,0.0,0.0,0.0,155.06,0.0,0.0,170.0,0.9999253857184062,1.0,1308.2114980200029,1000.0,1308.2114980200029,1000.0,0.0,0.0
15725,1698770280000.0,0.0,0.0,0.0,155.06,0.0,0.0,170.45,0.9999253857184062,1.0,1308.2114980200029,1000.0,1308.2114980200029,1000.0,0.0,0.0
15726,1698773880000.0,0.0,0.0,0.0,155.06,0.0,0.0,170.25,0.9999253857184062,1.0,1308.2114980200029,1000.0,1308.2114980200029,1000.0,0.0,0.0
15727,1698777480000.0,0.0,0.0,0.0,155.06,0.0,0.0,171.15,0.9999253857184062,1.0,1308.2114980200029,1000.0,1308.2114980200029,1000.0,0.0,0.0
15728,1698781080000.0,0.0,0.0,0.0,155.06,0.0,0.0,171.35,0.9999253857184062,1.0,1308.2114980200029,1000.0,1308.2114980200029,1000.0,0.0,0.0
15729,1698784680000.0,0.0,0.0,0.0,155.06,0.0,0.0,171.8,0.9999253857184062,1.0,1308.2114980200029,1000.0,1308.2114980200029,1000.0,0.0,0.0
15730,1698788280000.0,0.0,0.0,0.0,155.06,0.0,0.0,172.1,0.9999253857184062,1.0,1308.2114980200029,1000.0,1308.2114980200029,1000.0,0.0,0.0
15731,1698791880000.0,0.0,0.0,0.0,155.06,0.0,0.0,172.0,0.9999253857184062,1.0,1308.2114980200029,1000.0,1308.2114980200029,1000.0,0.0,0.0
15732,1698795480000.0,0.0,0.0,0.0,155.06,0.0,0.0,172.0,0.9999253857184062,1.0,1308.2114980200029,1000.0,1308.2114980200029,1000.0,0.0,0.0
15733,1698799080000.0,0.0,0.0,0.0,155.06,0.0,0.0,172.25,0.9999253857184062,1.0,1308.2114980200029,1000.0,1308.2114980200029,1000.0,0.0,0.0
15734,1698802680000.0,0.0,0.0,0.0,155.06,0.0,0.0,171.25,0.9999253857184062,1.0,1308.2114980200029,1000.0,1308.2114980200029,1000.0,0.0,0.0
15735,1698806280000.0,0.0,0.0,0.0,155.06,0.0,0.0,170.25,0.9999253857184062,1.0,1308.2114980200029,1000.0,1308.2114980200029,1000.0,0.0,0.0
15736,1698809880000.0,0.0,0.0,0.0,155.06,0.0,0.0,170.05,0.9999253857184062,1.0,1308.2114980200029,1000.0,1308.2114980200029,1000.0,0.0,0.0
15737,1698813480000.0,0.0,0.0,0.0,155.06,0.0,0.0,170.55,0.9999253857184062,1.0,1308.2114980200029,1000.0,1308.2114980200029,1000.0,0.0,0.0
15738,1698817080000.0,0.0,0.0,0.0,155.06,0.0,0.0,170.2,0.9999253857184062,1.0,1308.2114980200029,1000.0,1308.2114980200029,1000.0,0.0,0.0
15739,1698820680000.0,0.0,0.0,0.0,155.06,0.0,0.0,170.45,0.9999253857184062,1.0,1308.2114980200029,1000.0,1308.2114980200029,1000.0,0.0,0.0
15740,1698824280000.0,0.0,0.0,0.0,155.06,0.0,0.0,170.65,0.9999253857184062,1.0,1308.2114980200029,1000.0,1308.2114980200029,1000.0,0.0,0.0
15741,1698827880000.0,0.0,0.0,0.0,155.06,0.0,0.0,170.6,0.9999253857184062,1.0,1308.2114980200029,1000.0,1308.2114980200029,1000.0,0.0,0.0
15742,1698831480000.0,0.0,0.0,0.0,155.06,0.0,0.0,170.9,0.9999253857184062,1.0,1308.2114980200029,1000.0,1308.2114980200029,1000.0,0.0,0.0
15743,1698835080000.0,0.0,0.0,0.0,155.06,0.0,0.0,170.65,0.9999253857184062,1.0,1308.2114980200029,1000.0,1308.2114980200029,1000.0,0.0,0.0
15744,1698838680000.0,0.0,0.0,0.0,155.06,0.0,0.0,170.15,0.9999253857184062,1.0,1308.2114980200029,1000.0,1308.2114980200029,1000.0,0.0,0.0
15745,1698842280000.0,0.0,0.0,0.0,155.06,0.0,0.0,171.25,0.9999253857184062,1.0,1308.2114980200029,1000.0,1308.2114980200029,1000.0,0.0,0.0
15746,1698845880000.0,0.0,0.0,0.0,155.06,0.0,0.0,171.2,0.9999253857184062,1.0,1308.2114980200029,1000.0,1308.2114980200029,1000.0,0.0,0.0
15747,1698849480000.0,0.0,0.0,0.0,155.06,0.0,0.0,171.9,0.9999253857184062,1.0,1308.2114980200029,1000.0,1308.2114980200029,1000.0,0.0,0.0
15748,1698853080000.0,0.0,0.0,0.0,155.06,0.0,0.0,170.75,0.9999253857184062,1.0,1308.2114980200029,1000.0,1308.2114980200029,1000.0,0.0,0.0
15749,1698856680000.0,0.0,0.0,0.0,155.06,0.0,0.0,171.8,0.9999253857184062,1.0,1308.2114980200029,1000.0,1308.2114980200029,1000.0,0.0,0.0
15750,1698860280000.0,0.0,0.0,0.0,155.06,0.0,0.0,170.75,0.9999253857184062,1.0,1308.2114980200029,1000.0,1308.2114980200029,1000.0,0.0,0.0
15751,1698863880000.0,0.0,0.0,0.0,155.06,0.0,0.0,170.95,0.9999253857184062,1.0,1308.2114980200029,1000.0,1308.2114980200029,1000.0,0.0,0.0
15752,1698867480000.0,0.0,0.0,0.0,155.06,0.0,0.0,171.2,0.9999253857184062,1.0,1308.2114980200029,1000.0,1308.2114980200029,1000.0,0.0,0.0
15753,1698871080000.0,0.0,0.0,0.0,155.06,0.0,0.0,172.0,0.9999253857184062,1.0,1308.2114980200029,1000.0,1308.2114980200029,1000.0,0.0,0.0
15754,1698874680000.0,0.0,0.0,0.0,155.06,0.0,0.0,172.6,0.9999253857184062,1.0,1308.2114980200029,1000.0,1308.2114980200029,1000.0,0.0,0.0
15755,1698878280000.0,0.0,0.0,0.0,155.06,0.0,0.0,171.1,0.9999253857184062,1.0,1308.2114980200029,1000.0,1308.2114980200029,1000.0,0.0,0.0
15756,1698881880000.0,0.0,0.0,0.0,155.06,0.0,0.0,170.65,0.9999253857184062,1.0,1308.2114980200029,1000.0,1308.2114980200029,1000.0,0.0,0.0
15757,1698885480000.0,0.0,0.0,0.0,155.06,0.0,0.0,171.95,0.9999253857184062,1.0,1308.2114980200029,1000.0,1308.2114980200029,1000.0,0.0,0.0
15758,1698889080000.0,0.0,0.0,0.0,155.06,0.0,0.0,172.05,0.9999253857184062,1.0,1308.2114980200029,1000.0,1308.2114980200029,1000.0,0.0,0.0
15759,1698892680000.0,0.0,0.0,0.0,155.06,0.0,0.0,169.85,0.9999253857184062,1.0,1308.2114980200029,1000.0,1308.2114980200029,1000.0,0.0,0.0
15760,1698896280000.0,0.0,0.0,0.0,155.06,0.0,0.0,171.35,0.9999253857184062,1.0,1308.2114980200029,1000.0,1308.2114980200029,1000.0,0.0,0.0
15761,1698899880000.0,0.0,0.0,0.0,155.06,0.0,0.0,170.0,0.9999253857184062,1.0,1308.2114980200029,1000.0,1308.2114980200029,1000.0,0.0,0.0
15762,1698903480000.0,0.0,0.0,0.0,155.06,0.0,0.0,168.0,0.9999253857184062,1.0,1308.2114980200029,1000.0,1308.2114980200029,1000.0,0.0,0.0
15763,1698907080000.0,0.0,0.0,0.0,155.06,0.0,0.0,168.55,0.9999253857184062,1.0,1308.2114980200029,1000.0,1308.2114980200029,1000.0,0.0,0.0
15764,1698910680000.0,0.0,0.0,0.0,155.06,0.0,0.0,168.5,0.9999253857184062,1.0,1308.2114980200029,1000.0,1308.2114980200029,1000.0,0.0,0.0
15765,1698914280000.0,0.0,0.0,0.0,155.06,0.0,0.0,169.05,0.9999253857184062,1.0,1308.2114980200029,1000.0,1308.2114980200029,1000.0,0.0,0.0
15766,1698917880000.0,0.0,0.0,0.0,155.06,0.0,0.0,171.15,0.9999253857184062,1.0,1308.2114980200029,1000.0,1308.2114980200029,1000.0,0.0,0.0
15767,1698921480000.0,0.0,0.0,0.0,155.06,0.0,0.0,171.2,0.9999253857184062,1.0,1308.2114980200029,1000.0,1308.2114980200029,1000.0,0.0,0.0
15768,1698925080000.0,0.0,0.0,0.0,155.06,0.0,0.0,170.65,0.9999253857184062,1.0,1308.2114980200029,1000.0,1308.2114980200029,1000.0,0.0,0.0
15769,1698928680000.0,0.0,0.0,0.0,155.06,0.0,0.0,170.25,0.9999253857184062,1.0,1308.2114980200029,1000.0,1308.2114980200029,1000.0,0.0,0.0
15770,1698932280000.0,0.0,0.0,0.0,155.06,0.0,0.0,170.35,0.9999253857184062,1.0,1308.2114980200029,1000.0,1308.2114980200029,1000.0,0.0,0.0
15771,1698935880000.0,0.0,0.0,0.0,155.06,0.0,0.0,169.9,0.9999253857184062,1.0,1308.2114980200029,1000.0,1308.2114980200029,1000.0,0.0,0.0
15772,1698939480000.0,0.0,0.0,0.0,155.06,0.0,0.0,171.0,0.9999253857184062,1.0,1308.2114980200029,1000.0,1308.2114980200029,1000.0,0.0,0.0
15773,1698943080000.0,0.0,0.0,0.0,155.06,0.0,0.0,171.1,0.9999253857184062,1.0,1308.2114980200029,1000.0,1308.2114980200029,1000.0,0.0,0.0
15774,1698946680000.0,0.0,0.0,0.0,155.06,0.0,0.0,171.9,0.9999253857184062,1.0,1308.2114980200029,1000.0,1308.2114980200029,1000.0,0.0,0.0
15775,1698950280000.0,0.0,0.0,0.0,155.06,0.0,0.0,171.85,0.9999253857184062,1.0,1308.2114980200029,1000.0,1308.2114980200029,1000.0,0.0,0.0
15776,1698953880000.0,0.0,0.0,0.0,155.06,0.0,0.0,171.9,0.9999253857184062,1.0,1308.2114980200029,1000.0,1308.2114980200029,1000.0,0.0,0.0
15777,1698957480000.0,0.0,0.0,0.0,155.06,0.0,0.0,171.6,0.9999253857184062,1.0,1308.2114980200029,1000.0,1308.2114980200029,1000.0,0.0,0.0
15778,1698961080000.0,0.0,0.0,0.0,155.06,0.0,0.0,171.45,0.9999253857184062,1.0,1308.2114980200029,1000.0,1308.2114980200029,1000.0,0.0,0.0
15779,1698964680000.0,0.0,0.0,0.0,155.06,0.0,0.0,170.95,0.9999253857184062,1.0,1308.2114980200029,1000.0,1308.2114980200029,1000.0,0.0,0.0
15780,1698968280000.0,0.0,0.0,0.0,155.06,0.0,0.0,170.8,0.9999253857184062,1.0,1308.2114980200029,1000.0,1308.2114980200029,1000.0,0.0,0.0
15781,1698971880000.0,0.0,0.0,0.0,155.06,0.0,0.0,170.1,0.9999253857184062,1.0,1308.2114980200029,1000.0,1308.2114980200029,1000.0,0.0,0.0
15782,1698975480000.0,0.0,0.0,0.0,155.06,0.0,0.0,169.45,0.9999253857184062,1.0,1308.2114980200029,1000.0,1308.2114980200029,1000.0,0.0,0.0
15783,1698979080000.0,0.0,0.0,0.0,155.06,0.0,0.0,170.15,0.9999253857184062,1.0,1308.2114980200029,1000.0,1308.2114980200029,1000.0,0.0,0.0
15784,1698982680000.0,0.0,0.0,0.0,155.06,0.0,0.0,171.45,0.9999253857184062,1.0,1308.2114980200029,1000.0,1308.2114980200029,1000.0,0.0,0.0
15785,1698986280000.0,0.0,0.0,0.0,155.06,0.0,0.0,172.35,0.9999253857184062,1.0,1308.2114980200029,1000.0,1308.2114980200029,1000.0,0.0,0.0
15786,1698989880000.0,0.0,0.0,0.0,155.06,0.0,0.0,171.35,0.9999253857184062,1.0,1308.2114980200029,1000.0,1308.2114980200029,1000.0,0.0,0.0
15787,1698993480000.0,0.0,0.0,0.0,155.06,0.0,0.0,170.9,0.9999253857184062,1.0,1308.2114980200029,1000.0,1308.2114980200029,1000.0,0.0,0.0
15788,1698997080000.0,0.0,0.0,0.0,155.06,0.0,0.0,170.85,0.9999253857184062,1.0,1308.2114980200029,1000.0,1308.2114980200029,1000.0,0.0,0.0
15789,1699000680000.0,0.0,0.0,0.0,155.06,0.0,0.0,170.3,0.9999253857184062,1.0,1308.2114980200029,1000.0,1308.2114980200029,1000.0,0.0,0.0
15790,1699004280000.0,0.0,0.0,0.0,155.06,0.0,0.0,170.4,0.9999253857184062,1.0,1308.2114980200029,1000.0,1308.2114980200029,1000.0,0.0,0.0
15791,1699007880000.0,0.0,0.0,0.0,155.06,0.0,0.0,170.45,0.9999253857184062,1.0,1308.2114980200029,1000.0,1308.2114980200029,1000.0,0.0,0.0
15792,1699011480000.0,0.0,0.0,0.0,155.06,0.0,0.0,171.7,0.9999253857184062,1.0,1308.2114980200029,1000.0,1308.2114980200029,1000.0,0.0,0.0
15793,1699015080000.0,0.0,0.0,0.0,155.06,0.0,0.0,172.35,0.9999253857184062,1.0,1308.2114980200029,1000.0,1308.2114980200029,1000.0,0.0,0.0
15794,1699018680000.0,0.0,0.0,0.0,155.06,0.0,0.0,172.05,0.9999253857184062,1.0,1308.2114980200029,1000.0,1308.2114980200029,1000.0,0.0,0.0
15795,1699022280000.0,0.0,0.0,0.0,155.06,0.0,0.0,172.5,0.9999253857184062,1.0,1308.2114980200029,1000.0,1308.2114980200029,1000.0,0.0,0.0
15796,1699025880000.0,0.0,0.0,0.0,155.06,0.0,0.0,172.75,0.9999253857184062,1.0,1308.2114980200029,1000.0,1308.2114980200029,1000.0,0.0,0.0
15797,1699029480000.0,0.0,0.0,0.0,155.06,0.0,0.0,172.35,0.9999253857184062,1.0,1308.2114980200029,1000.0,1308.2114980200029,1000.0,0.0,0.0
15798,1699033080000.0,0.0,0.0,0.0,155.06,0.0,0.0,171.35,0.9999253857184062,1.0,1308.2114980200029,1000.0,1308.2114980200029,1000.0,0.0,0.0
15799,1699036680000.0,0.0,0.0,0.0,155.06,0.0,0.0,170.95,0.9999253857184062,1.0,1308.2114980200029,1000.0,1308.2114980200029,1000.0,0.0,0.0
15800,1699040280000.0,0.0,0.0,0.0,155.06,0.0,0.0,170.5,0.9999253857184062,1.0,1308.2114980200029,1000.0,1308.2114980200029,1000.0,0.0,0.0
15801,1699043880000.0,0.0,0.0,0.0,155.06,0.0,0.0,170.05,0.9999253857184062,1.0,1308.2114980200029,1000.0,1308.2114980200029,1000.0,0.0,0.0
15802,1699047480000.0,0.0,0.0,0.0,155.06,0.0,0.0,170.45,0.9999253857184062,1.0,1308.2114980200029,1000.0,1308.2114980200029,1000.0,0.0,0.0
15803,1699051080000.0,0.0,0.0,0.0,155.06,0.0,0.0,170.35,0.9999253857184062,1.0,1308.2114980200029,1000.0,1308.2114980200029,1000.0,0.0,0.0
15804,1699054680000.0,0.0,0.0,0.0,155.06,0.0,0.0,170.55,0.9999253857184062,1.0,1308.2114980200029,1000.0,1308.2114980200029,1000.0,0.0,0.0
15805,1699058280000.0,0.0,0.0,0.0,155.06,0.0,0.0,170.35,0.9999253857184062,1.0,1308.2114980200029,1000.0,1308.2114980200029,1000.0,0.0,0.0
15806,1699061880000.0,0.0,0.0,0.0,155.06,0.0,0.0,170.65,0.9999253857184062,1.0,1308.2114980200029,1000.0,1308.2114980200029,1000.0,0.0,0.0
15807,1699065480000.0,0.0,0.0,0.0,155.06,0.0,0.0,171.15,0.9999253857184062,1.0,1308.2114980200029,1000.0,1308.2114980200029,1000.0,0.0,0.0
15808,1699069080000.0,0.0,0.0,0.0,155.06,0.0,0.0,171.15,0.9999253857184062,1.0,1308.2114980200029,1000.0,1308.2114980200029,1000.0,0.0,0.0
15809,1699072680000.0,0.0,0.0,0.0,155.06,0.0,0.0,170.6,0.9999253857184062,1.0,1308.2114980200029,1000.0,1308.2114980200029,1000.0,0.0,0.0
15810,1699076280000.0,0.0,0.0,0.0,155.06,0.0,0.0,170.6,0.9999253857184062,1.0,1308.2114980200029,1000.0,1308.2114980200029,1000.0,0.0,0.0
15811,1699079880000.0,0.0,0.0,0.0,155.06,0.0,0.0,170.25,0.9999253857184062,1.0,1308.2114980200029,1000.0,1308.2114980200029,1000.0,0.0,0.0
15812,1699083480000.0,0.0,0.0,0.0,155.06,0.0,0.0,170.65,0.9999253857184062,1.0,1308.2114980200029,1000.0,1308.2114980200029,1000.0,0.0,0.0
15813,1699087080000.0,0.0,0.0,0.0,155.06,0.0,0.0,169.7,0.9999253857184062,1.0,1308.2114980200029,1000.0,1308.2114980200029,1000.0,0.0,0.0
15814,1699090680000.0,0.0,0.0,0.0,155.06,0.0,0.0,170.35,0.9999253857184062,1.0,1308.2114980200029,1000.0,1308.2114980200029,1000.0,0.0,0.0
15815,1699094280000.0,0.0,0.0,0.0,155.06,0.0,0.0,170.25,0.9999253857184062,1.0,1308.2114980200029,1000.0,1308.2114980200029,1000.0,0.0,0.0
15816,1699097880000.0,0.0,0.0,0.0,155.06,0.0,0.0,169.95,0.9999253857184062,1.0,1308.2114980200029,1000.0,1308.2114980200029,1000.0,0.0,0.0
15817,1699101480000.0,0.0,0.0,0.0,155.06,0.0,0.0,169.15,0.9999253857184062,1.0,1308.2114980200029,1000.0,1308.2114980200029,1000.0,0.0,0.0
15818,1699105080000.0,0.0,0.0,0.0,155.06,0.0,0.0,168.95,0.9999253857184062,1.0,1308.2114980200029,1000.0,1308.2114980200029,1000.0,0.0,0.0
15819,1699108680000.0,0.0,0.0,0.32,164.88,0.0,0.0,168.15,0.9999253857184062,1.0,1308.2009457000029,1000.0,1309.2473457000028,1000.0,0.0403314186352066,0.0
15820,1699112280000.0,0.0,0.0,0.32,164.88,0.0,0.0,167.05,0.9999253857184062,1.0,1308.2009457000029,1000.0,1308.895345700003,1000.0,0.0403314186352066,0.0
15821,1699115880000.0,0.0,0.0,0.32,164.88,0.0,0.0,166.05,0.9999253857184062,1.0,1308.2009457000029,1000.0,1308.5753457000028,1000.0,0.0403314186352066,0.0
15822,1699119480000.0,0.0,0.0,0.32,164.88,0.0,0.0,166.8,0.9999253857184062,1.0,1308.2009457000029,1000.0,1308.8153457000028,1000.0,0.0403314186352066,0.0
15823,1699123080000.0,0.0,0.0,0.32,164.88,0.0,0.0,166.2,0.9999253857184062,1.0,1308.2009457000029,1000.0,1308.6233457000028,1000.0,0.0403314186352066,0.0
15824,1699126680000.0,0.0,0.0,0.32,164.88,0.0,0.0,167.75,0.9999253857184062,1.0,1308.2009457000029,1000.0,1309.119345700003,1000.0,0.0403314186352066,0.0
15825,1699130280000.0,0.0,0.0,0.32,164.88,0.0,0.0,167.25,0.9999253857184062,1.0,1308.2009457000029,1000.0,1308.9593457000028,1000.0,0.0403314186352066,0.0
15826,1699133880000.0,0.0,0.0,0.32,164.88,0.0,0.0,167.45,0.9999253857184062,1.0,1308.2009457000029,1000.0,1309.023345700003,1000.0,0.0403314186352066,0.0
15827,1699137480000.0,0.0,0.0,0.32,164.88,0.0,0.0,167.55,0.9999253857184062,1.0,1308.2009457000029,1000.0,1309.0553457000028,1000.0,0.0403314186352066,0.0
15828,1699141080000.0,0.0,0.0,0.32,164.88,0.0,0.0,168.4,0.9999253857184062,1.0,1308.2009457000029,1000.0,1309.327345700003,1000.0,0.0403314186352066,0.0
15829,1699144680000.0,0.0,0.0,0.32,164.88,0.0,0.0,168.45,0.9999253857184062,1.0,1308.2009457000029,1000.0,1309.3433457000028,1000.0,0.0403314186352066,0.0
15830,1699148280000.0,0.0,0.0,0.32,164.88,0.0,0.0,168.3,0.9999253857184062,1.0,1308.2009457000029,1000.0,1309.2953457000028,1000.0,0.0403314186352066,0.0
15831,1699151880000.0,0.0,0.0,0.32,164.88,0.0,0.0,168.9,0.9999253857184062,1.0,1308.2009457000029,1000.0,1309.4873457000028,1000.0,0.0403314186352066,0.0
15832,1699155480000.0,0.0,0.0,0.32,164.88,0.0,0.0,168.6,0.9999253857184062,1.0,1308.2009457000029,1000.0,1309.3913457000028,1000.0,0.0403314186352066,0.0
15833,1699159080000.0,0.0,0.0,0.32,164.88,0.0,0.0,168.75,0.9999253857184062,1.0,1308.2009457000029,1000.0,1309.4393457000028,1000.0,0.0403314186352066,0.0
15834,1699162680000.0,0.0,0.0,0.32,164.88,0.0,0.0,169.35,0.9999253857184062,1.0,1308.2009457000029,1000.0,1309.6313457000028,1000.0,0.0403314186352066,0.0
15835,1699166280000.0,0.0,0.0,0.15,164.88,0.0,0.0,169.5,0.9999253857184062,1.0,1309.0366714800027,1000.0,1309.7296714800027,1000.0,0.01889328277720279,0.0
15836,1699169880000.0,0.0,0.0,0.03,164.88,0.0,0.0,169.85,0.9999253857184062,1.0,1309.6265955600027,1000.0,1309.7756955600028,1000.0,0.0037769544515739582,0.0
15837,1699173480000.0,0.0,0.0,0.0,164.88,0.0,0.0,170.45,0.9999253857184062,1.0,1309.7740765800029,1000.0,1309.7740765800029,1000.0,0.0,0.0
15838,1699177080000.0,0.0,0.0,0.0,164.88,0.0,0.0,170.65,0.9999253857184062,1.0,1309.7740765800029,1000.0,1309.7740765800029,1000.0,0.0,0.0
15839,1699180680000.0,0.0,0.0,0.0,164.88,0.0,0.0,169.95,0.9999253857184062,1.0,1309.7740765800029,1000.0,1309.7740765800029,1000.0,0.0,0.0
15840,1699184280000.0,0.0,0.0,0.0,164.88,0.0,0.0,169.8,0.9999253857184062,1.0,1309.7740765800029,1000.0,1309.7740765800029,1000.0,0.0,0.0
15841,1699187880000.0,0.0,0.0,0.0,164.88,0.0,0.0,169.4,0.9999253857184062,1.0,1309.7740765800029,1000.0,1309.7740765800029,1000.0,0.0,0.0
15842,1699191480000.0,0.0,0.0,0.0,164.88,0.0,0.0,169.0,0.9999253857184062,1.0,1309.7740765800029,1000.0,1309.7740765800029,1000.0,0.0,0.0
15843,1699195080000.0,0.0,0.0,0.0,164.88,0.0,0.0,168.0,0.9999253857184062,1.0,1309.7740765800029,1000.0,1309.7740765800029,1000.0,0.0,0.0
15844,1699198680000.0,0.0,0.0,0.0,164.88,0.0,0.0,168.5,0.9999253857184062,1.0,1309.7740765800029,1000.0,1309.7740765800029,1000.0,0.0,0.0
15845,1699202280000.0,0.0,0.0,0.0,164.88,0.0,0.0,169.0,0.9999253857184062,1.0,1309.7740765800029,1000.0,1309.7740765800029,1000.0,0.0,0.0
15846,1699205880000.0,0.0,0.0,0.0,164.88,0.0,0.0,169.2,0.9999253857184062,1.0,1309.7740765800029,1000.0,1309.7740765800029,1000.0,0.0,0.0
15847,1699209480000.0,0.0,0.0,0.0,164.88,0.0,0.0,168.45,0.9999253857184062,1.0,1309.7740765800029,1000.0,1309.7740765800029,1000.0,0.0,0.0
15848,1699213080000.0,0.0,0.0,0.0,164.88,0.0,0.0,168.4,0.9999253857184062,1.0,1309.7740765800029,1000.0,1309.7740765800029,1000.0,0.0,0.0
15849,1699216680000.0,0.0,0.0,0.0,164.88,0.0,0.0,168.8,0.9999253857184062,1.0,1309.7740765800029,1000.0,1309.7740765800029,1000.0,0.0,0.0
15850,1699220280000.0,0.0,0.0,0.0,164.88,0.0,0.0,168.3,0.9999253857184062,1.0,1309.7740765800029,1000.0,1309.7740765800029,1000.0,0.0,0.0
15851,1699223880000.0,0.0,0.0,0.0,164.88,0.0,0.0,168.55,0.9999253857184062,1.0,1309.7740765800029,1000.0,1309.7740765800029,1000.0,0.0,0.0
15852,1699227480000.0,0.0,0.0,0.0,164.88,0.0,0.0,169.65,0.9999253857184062,1.0,1309.7740765800029,1000.0,1309.7740765800029,1000.0,0.0,0.0
15853,1699231080000.0,0.0,0.0,0.0,164.88,0.0,0.0,169.05,0.9999253857184062,1.0,1309.7740765800029,1000.0,1309.7740765800029,1000.0,0.0,0.0
15854,1699234680000.0,0.0,0.0,0.0,164.88,0.0,0.0,168.75,0.9999253857184062,1.0,1309.7740765800029,1000.0,1309.7740765800029,1000.0,0.0,0.0
15855,1699238280000.0,0.0,0.0,0.0,164.88,0.0,0.0,167.9,0.9999253857184062,1.0,1309.7740765800029,1000.0,1309.7740765800029,1000.0,0.0,0.0
15856,1699241880000.0,0.0,0.0,0.0,164.88,0.0,0.0,167.9,0.9999253857184062,1.0,1309.7740765800029,1000.0,1309.7740765800029,1000.0,0.0,0.0
15857,1699245480000.0,0.0,0.0,0.0,164.88,0.0,0.0,166.05,0.9999253857184062,1.0,1309.7740765800029,1000.0,1309.7740765800029,1000.0,0.0,0.0
15858,1699249080000.0,0.0,0.0,0.0,164.88,0.0,0.0,165.55,0.9999253857184062,1.0,1309.7740765800029,1000.0,1309.7740765800029,1000.0,0.0,0.0
15859,1699252680000.0,0.0,0.0,0.0,164.88,0.0,0.0,166.1,0.9999253857184062,1.0,1309.7740765800029,1000.0,1309.7740765800029,1000.0,0.0,0.0
15860,1699256280000.0,0.0,0.0,0.0,164.88,0.0,0.0,166.75,0.9999253857184062,1.0,1309.7740765800029,1000.0,1309.7740765800029,1000.0,0.0,0.0
15861,1699259880000.0,0.0,0.0,0.0,164.88,0.0,0.0,165.75,0.9999253857184062,1.0,1309.7740765800029,1000.0,1309.7740765800029,1000.0,0.0,0.0
15862,1699263480000.0,0.0,0.0,0.0,164.88,0.0,0.0,167.5,0.9999253857184062,1.0,1309.7740765800029,1000.0,1309.7740765800029,1000.0,0.0,0.0
15863,1699267080000.0,0.0,0.0,0.0,164.88,0.0,0.0,167.9,0.9999253857184062,1.0,1309.7740765800029,1000.0,1309.7740765800029,1000.0,0.0,0.0
15864,1699270680000.0,0.0,0.0,0.0,164.88,0.0,0.0,166.9,0.9999253857184062,1.0,1309.7740765800029,1000.0,1309.7740765800029,1000.0,0.0,0.0
15865,1699274280000.0,0.0,0.0,0.0,164.88,0.0,0.0,166.6,0.9999253857184062,1.0,1309.7740765800029,1000.0,1309.7740765800029,1000.0,0.0,0.0
15866,1699277880000.0,0.0,0.0,0.0,164.88,0.0,0.0,166.45,0.9999253857184062,1.0,1309.7740765800029,1000.0,1309.7740765800029,1000.0,0.0,0.0
15867,1699281480000.0,0.0,0.0,0.0,164.88,0.0,0.0,166.4,0.9999253857184062,1.0,1309.7740765800029,1000.0,1309.7740765800029,1000.0,0.0,0.0
15868,1699285080000.0,0.0,0.0,0.0,164.88,0.0,0.0,166.2,0.9999253857184062,1.0,1309.7740765800029,1000.0,1309.7740765800029,1000.0,0.0,0.0
15869,1699288680000.0,0.0,0.0,0.0,164.88,0.0,0.0,165.8,0.9999253857184062,1.0,1309.7740765800029,1000.0,1309.7740765800029,1000.0,0.0,0.0
15870,1699292280000.0,0.0,0.0,0.0,164.88,0.0,0.0,165.0,0.9999253857184062,1.0,1309.7740765800029,1000.0,1309.7740765800029,1000.0,0.0,0.0
15871,1699295880000.0,0.0,0.0,0.0,164.88,0.0,0.0,165.1,0.9999253857184062,1.0,1309.7740765800029,1000.0,1309.7740765800029,1000.0,0.0,0.0
15872,1699299480000.0,0.0,0.0,0.0,164.88,0.0,0.0,165.9,0.9999253857184062,1.0,1309.7740765800029,1000.0,1309.7740765800029,1000.0,0.0,0.0
15873,1699303080000.0,0.0,0.0,0.0,164.88,0.0,0.0,164.95,0.9999253857184062,1.0,1309.7740765800029,1000.0,1309.7740765800029,1000.0,0.0,0.0
15874,1699306680000.0,0.0,0.0,0.0,164.88,0.0,0.0,165.15,0.9999253857184062,1.0,1309.7740765800029,1000.0,1309.7740765800029,1000.0,0.0,0.0
15875,1699310280000.0,0.0,0.0,0.0,164.88,0.0,0.0,165.15,0.9999253857184062,1.0,1309.7740765800029,1000.0,1309.7740765800029,1000.0,0.0,0.0
15876,1699313880000.0,0.0,0.0,0.0,164.88,0.0,0.0,165.45,0.9999253857184062,1.0,1309.7740765800029,1000.0,1309.7740765800029,1000.0,0.0,0.0
15877,1699317480000.0,0.0,0.0,0.0,164.88,0.0,0.0,164.7,0.9999253857184062,1.0,1309.7740765800029,1000.0,1309.7740765800029,1000.0,0.0,0.0
15878,1699321080000.0,0.0,0.0,0.0,164.88,0.0,0.0,165.65,0.9999253857184062,1.0,1309.7740765800029,1000.0,1309.7740765800029,1000.0,0.0,0.0
15879,1699324680000.0,0.0,0.0,0.0,164.88,0.0,0.0,164.95,0.9999253857184062,1.0,1309.7740765800029,1000.0,1309.7740765800029,1000.0,0.0,0.0
15880,1699328280000.0,0.0,0.0,0.0,164.88,0.0,0.0,165.6,0.9999253857184062,1.0,1309.7740765800029,1000.0,1309.7740765800029,1000.0,0.0,0.0
15881,1699331880000.0,0.0,0.0,0.0,164.88,0.0,0.0,165.5,0.9999253857184062,1.0,1309.7740765800029,1000.0,1309.7740765800029,1000.0,0.0,0.0
15882,1699335480000.0,0.0,0.0,0.0,164.88,0.0,0.0,167.05,0.9999253857184062,1.0,1309.7740765800029,1000.0,1309.7740765800029,1000.0,0.0,0.0
15883,1699339080000.0,0.0,0.0,0.0,164.88,0.0,0.0,166.75,0.9999253857184062,1.0,1309.7740765800029,1000.0,1309.7740765800029,1000.0,0.0,0.0
15884,1699342680000.0,0.0,0.0,0.0,164.88,0.0,0.0,167.85,0.9999253857184062,1.0,1309.7740765800029,1000.0,1309.7740765800029,1000.0,0.0,0.0
15885,1699346280000.0,0.0,0.0,0.0,164.88,0.0,0.0,167.45,0.9999253857184062,1.0,1309.7740765800029,1000.0,1309.7740765800029,1000.0,0.0,0.0
15886,1699349880000.0,0.0,0.0,0.0,164.88,0.0,0.0,165.85,0.9999253857184062,1.0,1309.7740765800029,1000.0,1309.7740765800029,1000.0,0.0,0.0
15887,1699353480000.0,0.0,0.0,0.0,164.88,0.0,0.0,165.3,0.9999253857184062,1.0,1309.7740765800029,1000.0,1309.7740765800029,1000.0,0.0,0.0
15888,1699357080000.0,0.0,0.0,0.0,164.88,0.0,0.0,165.5,0.9999253857184062,1.0,1309.7740765800029,1000.0,1309.7740765800029,1000.0,0.0,0.0
15889,1699360680000.0,0.0,0.0,0.0,164.88,0.0,0.0,165.35,0.9999253857184062,1.0,1309.7740765800029,1000.0,1309.7740765800029,1000.0,0.0,0.0
15890,1699364280000.0,0.0,0.0,0.0,164.88,0.0,0.0,164.9,0.9999253857184062,1.0,1309.7740765800029,1000.0,1309.7740765800029,1000.0,0.0,0.0
15891,1699367880000.0,0.0,0.0,0.0,164.88,0.0,0.0,164.85,0.9999253857184062,1.0,1309.7740765800029,1000.0,1309.7740765800029,1000.0,0.0,0.0
15892,1699371480000.0,0.0,0.0,0.0,164.88,0.0,0.0,162.9,0.9999253857184062,1.0,1309.7740765800029,1000.0,1309.7740765800029,1000.0,0.0,0.0
15893,1699375080000.0,0.0,0.0,0.0,164.88,0.0,0.0,163.15,0.9999253857184062,1.0,1309.7740765800029,1000.0,1309.7740765800029,1000.0,0.0,0.0
15894,1699378680000.0,0.0,0.0,0.33,160.12,0.0,0.0,162.75,0.9999253857184062,1.0,1309.7635086600028,1000.0,1310.6314086600028,1000.0,0.040342855523635195,0.0
15895,1699382280000.0,0.0,0.0,0.07,160.12,0.0,0.0,165.05,0.9999253857184062,1.0,1311.0055323000029,1000.0,1311.3506323000029,1000.0,0.008549468117297872,0.0
15896,1699385880000.0,0.0,0.0,0.04,160.12,0.0,0.0,165.75,0.9999253857184062,1.0,1311.148842720003,1000.0,1311.374042720003,1000.0,0.004884876370491334,0.0
15897,1699389480000.0,0.0,0.0,0.04,160.12,0.0,0.0,165.85,0.9999253857184062,1.0,1311.148842720003,1000.0,1311.378042720003,1000.0,0.004884876370491334,0.0
15898,1699393080000.0,0.0,0.0,0.04,160.12,0.0,0.0,166.05,0.9999253857184062,1.0,1311.148842720003,1000.0,1311.386042720003,1000.0,0.004884876370491334,0.0
15899,1699396680000.0,0.0,0.0,0.04,160.12,0.0,0.0,165.35,0.9999253857184062,1.0,1311.148842720003,1000.0,1311.358042720003,1000.0,0.004884876370491334,0.0
15900,1699400280000.0,0.0,0.0,0.04,160.12,0.0,0.0,165.9,0.9999253857184062,1.0,1311.148842720003,1000.0,1311.3800427200028,1000.0,0.004884876370491334,0.0
15901,1699403880000.0,0.0,0.0,0.04,160.12,0.0,0.0,165.25,0.9999253857184062,1.0,1311.148842720003,1000.0,1311.354042720003,1000.0,0.004884876370491334,0.0
15902,1699407480000.0,0.0,0.0,0.03,160.12,0.0,0.0,166.5,0.9999253857184062,1.0,1311.196612860003,1000.0,1311.3880128600028,1000.0,0.003663523801760219,0.0
15903,1699411080000.0,0.0,0.0,0.03,160.12,0.0,0.0,166.1,0.9999253857184062,1.0,1311.196612860003,1000.0,1311.376012860003,1000.0,0.003663523801760219,0.0
15904,1699414680000.0,0.0,0.0,0.03,160.12,0.0,0.0,165.9,0.9999253857184062,1.0,1311.196612860003,1000.0,1311.3700128600028,1000.0,0.003663523801760219,0.0
15905,1699418280000.0,0.0,0.0,0.03,160.12,0.0,0.0,165.55,0.9999253857184062,1.0,1311.196612860003,1000.0,1311.359512860003,1000.0,0.003663523801760219,0.0
15906,1699421880000.0,0.0,0.0,0.03,160.12,0.0,0.0,165.25,0.9999253857184062,1.0,1311.196612860003,1000.0,1311.350512860003,1000.0,0.003663523801760219,0.0
15907,1699425480000.0,0.0,0.0,0.03,160.12,0.0,0.0,165.75,0.9999253857184062,1.0,1311.196612860003,1000.0,1311.3655128600028,1000.0,0.003663523801760219,0.0
15908,1699429080000.0,0.0,0.0,0.03,160.12,0.0,0.0,165.8,0.9999253857184062,1.0,1311.196612860003,1000.0,1311.367012860003,1000.0,0.003663523801760219,0.0
15909,1699432680000.0,0.0,0.0,0.02,160.12,0.0,0.0,165.05,0.9999253857184062,1.0,1311.244383000003,1000.0,1311.342983000003,1000.0,0.0024422602235848762,0.0
15910,1699436280000.0,0.0,0.0,0.0,160.12,0.0,0.0,165.05,0.9999253857184062,1.0,1311.339923280003,1000.0,1311.339923280003,1000.0,0.0,0.0
15911,1699439880000.0,0.0,0.0,0.0,160.12,0.0,0.0,165.15,0.9999253857184062,1.0,1311.339923280003,1000.0,1311.339923280003,1000.0,0.0,0.0
15912,1699443480000.0,0.0,0.0,0.0,160.12,0.0,0.0,164.75,0.9999253857184062,1.0,1311.339923280003,1000.0,1311.339923280003,1000.0,0.0,0.0
15913,1699447080000.0,0.0,0.0,0.0,160.12,0.0,0.0,165.2,0.9999253857184062,1.0,1311.339923280003,1000.0,1311.339923280003,1000.0,0.0,0.0
15914,1699450680000.0,0.0,0.0,0.0,160.12,0.0,0.0,165.55,0.9999253857184062,1.0,1311.339923280003,1000.0,1311.339923280003,1000.0,0.0,0.0
15915,1699454280000.0,0.0,0.0,0.0,160.12,0.0,0.0,166.7,0.9999253857184062,1.0,1311.339923280003,1000.0,1311.339923280003,1000.0,0.0,0.0
15916,1699457880000.0,0.0,0.0,0.0,160.12,0.0,0.0,167.0,0.9999253857184062,1.0,1311.339923280003,1000.0,1311.339923280003,1000.0,0.0,0.0
15917,1699461480000.0,0.0,0.0,0.0,160.12,0.0,0.0,167.5,0.9999253857184062,1.0,1311.339923280003,1000.0,1311.339923280003,1000.0,0.0,0.0
15918,1699465080000.0,0.0,0.0,0.0,160.12,0.0,0.0,166.4,0.9999253857184062,1.0,1311.339923280003,1000.0,1311.339923280003,1000.0,0.0,0.0
15919,1699468680000.0,0.0,0.0,0.0,160.12,0.0,0.0,166.8,0.9999253857184062,1.0,1311.339923280003,1000.0,1311.339923280003,1000.0,0.0,0.0
15920,1699472280000.0,0.0,0.0,0.0,160.12,0.0,0.0,166.95,0.9999253857184062,1.0,1311.339923280003,1000.0,1311.339923280003,1000.0,0.0,0.0
15921,1699475880000.0,0.0,0.0,0.0,160.12,0.0,0.0,166.7,0.9999253857184062,1.0,1311.339923280003,1000.0,1311.339923280003,1000.0,0.0,0.0
15922,1699479480000.0,0.0,0.0,0.0,160.12,0.0,0.0,165.85,0.9999253857184062,1.0,1311.339923280003,1000.0,1311.339923280003,1000.0,0.0,0.0
15923,1699483080000.0,0.0,0.0,0.0,160.12,0.0,0.0,166.25,0.9999253857184062,1.0,1311.339923280003,1000.0,1311.339923280003,1000.0,0.0,0.0
15924,1699486680000.0,0.0,0.0,0.0,160.12,0.0,0.0,167.45,0.9999253857184062,1.0,1311.339923280003,1000.0,1311.339923280003,1000.0,0.0,0.0
15925,1699490280000.0,0.0,0.0,0.0,160.12,0.0,0.0,166.75,0.9999253857184062,1.0,1311.339923280003,1000.0,1311.339923280003,1000.0,0.0,0.0
15926,1699493880000.0,0.0,0.0,0.0,160.12,0.0,0.0,167.65,0.9999253857184062,1.0,1311.339923280003,1000.0,1311.339923280003,1000.0,0.0,0.0
15927,1699497480000.0,0.0,0.0,0.0,160.12,0.0,0.0,168.3,0.9999253857184062,1.0,1311.339923280003,1000.0,1311.339923280003,1000.0,0.0,0.0
15928,1699501080000.0,0.0,0.0,0.0,160.12,0.0,0.0,167.8,0.9999253857184062,1.0,1311.339923280003,1000.0,1311.339923280003,1000.0,0.0,0.0
15929,1699504680000.0,0.0,0.0,0.0,160.12,0.0,0.0,168.25,0.9999253857184062,1.0,1311.339923280003,1000.0,1311.339923280003,1000.0,0.0,0.0
15930,1699508280000.0,0.0,0.0,0.0,160.12,0.0,0.0,167.7,0.9999253857184062,1.0,1311.339923280003,1000.0,1311.339923280003,1000.0,0.0,0.0
15931,1699511880000.0,0.0,0.0,0.0,160.12,0.0,0.0,168.6,0.9999253857184062,1.0,1311.339923280003,1000.0,1311.339923280003,1000.0,0.0,0.0
15932,1699515480000.0,0.0,0.0,0.0,160.12,0.0,0.0,167.55,0.9999253857184062,1.0,1311.339923280003,1000.0,1311.339923280003,1000.0,0.0,0.0
15933,1699519080000.0,0.0,0.0,0.0,160.12,0.0,0.0,168.75,0.9999253857184062,1.0,1311.339923280003,1000.0,1311.339923280003,1000.0,0.0,0.0
15934,1699522680000.0,0.0,0.0,0.0,160.12,0.0,0.0,168.4,0.9999253857184062,1.0,1311.339923280003,1000.0,1311.339923280003,1000.0,0.0,0.0
15935,1699526280000.0,0.0,0.0,0.0,160.12,0.0,0.0,168.1,0.9999253857184062,1.0,1311.339923280003,1000.0,1311.339923280003,1000.0,0.0,0.0
15936,1699529880000.0,0.0,0.0,0.0,160.12,0.0,0.0,166.9,0.9999253857184062,1.0,1311.339923280003,1000.0,1311.339923280003,1000.0,0.0,0.0
15937,1699533480000.0,0.0,0.0,0.0,160.12,0.0,0.0,167.2,0.9999253857184062,1.0,1311.339923280003,1000.0,1311.339923280003,1000.0,0.0,0.0
15938,1699537080000.0,0.0,0.0,0.0,160.12,0.0,0.0,167.1,0.9999253857184062,1.0,1311.339923280003,1000.0,1311.339923280003,1000.0,0.0,0.0
15939,1699540680000.0,0.0,0.0,0.0,160.12,0.0,0.0,169.85,0.9999253857184062,1.0,1311.339923280003,1000.0,1311.339923280003,1000.0,0.0,0.0
15940,1699544280000.0,0.0,0.0,0.0,160.12,0.0,0.0,170.2,0.9999253857184062,1.0,1311.339923280003,1000.0,1311.339923280003,1000.0,0.0,0.0
15941,1699547880000.0,0.0,0.0,0.32,162.33,0.0,0.0,160.9,0.9999253857184062,1.0,1311.329534160003,1000.0,1310.871934160003,1000.0,0.039612926153817424,0.0
15942,1699551480000.0,0.0,0.0,0.32,162.33,0.0,0.0,162.95,0.9999253857184062,1.0,1311.329534160003,1000.0,1311.527934160003,1000.0,0.039612926153817424,0.0
15943,1699555080000.0,0.0,0.0,0.32,162.33,0.0,0.0,164.4,0.9999253857184062,1.0,1311.329534160003,1000.0,1311.991934160003,1000.0,0.039612926153817424,0.0
15944,1699558680000.0,0.0,0.0,0.32,162.33,0.0,0.0,165.6,0.9999253857184062,1.0,1311.329534160003,1000.0,1312.375934160003,1000.0,0.039612926153817424,0.0
15945,1699562280000.0,0.0,0.0,0.04,162.33,0.0,0.0,167.3,0.9999253857184062,1.0,1312.6837709600031,1000.0,1312.882570960003,1000.0,0.004946507409969225,0.0
15946,1699565880000.0,0.0,0.0,0.03,162.33,0.0,0.0,169.15,0.9999253857184062,1.0,1312.7321365600033,1000.0,1312.9367365600033,1000.0,0.0037097438726239364,0.0
15947,1699569480000.0,0.0,0.0,0.03,162.33,0.0,0.0,169.6,0.9999253857184062,1.0,1312.7321365600033,1000.0,1312.9502365600033,1000.0,0.0037097438726239364,0.0
15948,1699573080000.0,0.0,0.0,0.03,162.33,0.0,0.0,170.4,0.9999253857184062,1.0,1312.7321365600033,1000.0,1312.9742365600032,1000.0,0.0037097438726239364,0.0
15949,1699576680000.0,0.0,0.0,0.01,162.33,0.0,0.0,170.15,0.9999253857184062,1.0,1312.907652000003,1000.0,1312.985852000003,1000.0,0.0012364159790882203,0.0
15950,1699580280000.0,0.0,0.0,0.0,162.33,0.0,0.0,171.7,0.9999253857184062,1.0,1312.995409720003,1000.0,1312.995409720003,1000.0,0.0,0.0
15951,1699583880000.0,0.0,0.0,0.0,162.33,0.0,0.0,173.1,0.9999253857184062,1.0,1312.995409720003,1000.0,1312.995409720003,1000.0,0.0,0.0
15952,1699587480000.0,0.0,0.0,0.0,162.33,0.0,0.0,172.05,0.9999253857184062,1.0,1312.995409720003,1000.0,1312.995409720003,1000.0,0.0,0.0
15953,1699591080000.0,0.0,0.0,0.0,162.33,0.0,0.0,172.15,0.9999253857184062,1.0,1312.995409720003,1000.0,1312.995409720003,1000.0,0.0,0.0
15954,1699594680000.0,0.0,0.0,0.0,162.33,0.0,0.0,172.0,0.9999253857184062,1.0,1312.995409720003,1000.0,1312.995409720003,1000.0,0.0,0.0
15955,1699598280000.0,0.0,0.0,0.0,162.33,0.0,0.0,172.5,0.9999253857184062,1.0,1312.995409720003,1000.0,1312.995409720003,1000.0,0.0,0.0
15956,1699601880000.0,0.0,0.0,0.0,162.33,0.0,0.0,172.0,0.9999253857184062,1.0,1312.995409720003,1000.0,1312.995409720003,1000.0,0.0,0.0
15957,1699605480000.0,0.0,0.0,0.0,162.33,0.0,0.0,170.2,0.9999253857184062,1.0,1312.995409720003,1000.0,1312.995409720003,1000.0,0.0,0.0
15958,1699609080000.0,0.0,0.0,0.0,162.33,0.0,0.0,171.45,0.9999253857184062,1.0,1312.995409720003,1000.0,1312.995409720003,1000.0,0.0,0.0
15959,1699612680000.0,0.0,0.0,0.0,162.33,0.0,0.0,171.65,0.9999253857184062,1.0,1312.995409720003,1000.0,1312.995409720003,1000.0,0.0,0.0
15960,1699616280000.0,0.0,0.0,0.0,162.33,0.0,0.0,170.45,0.9999253857184062,1.0,1312.995409720003,1000.0,1312.995409720003,1000.0,0.0,0.0
15961,1699619880000.0,0.0,0.0,0.0,162.33,0.0,0.0,170.15,0.9999253857184062,1.0,1312.995409720003,1000.0,1312.995409720003,1000.0,0.0,0.0
15962,1699623480000.0,0.0,0.0,0.0,162.33,0.0,0.0,170.2,0.9999253857184062,1.0,1312.995409720003,1000.0,1312.995409720003,1000.0,0.0,0.0
15963,1699627080000.0,0.0,0.0,0.32,164.47,0.0,0.0,168.7,0.9999253857184062,1.0,1312.9848836400029,1000.0,1314.3384836400028,1000.0,0.04008454374135074,0.0
15964,1699630680000.0,0.0,0.0,0.04,164.47,0.0,0.0,169.55,0.9999253857184062,1.0,1314.358596680003,1000.0,1314.561796680003,1000.0,0.0050053311300414394,0.0
15965,1699634280000.0,0.0,0.0,0.0,164.47,0.0,0.0,170.15,0.9999253857184062,1.0,1314.5548414000034,1000.0,1314.5548414000034,1000.0,0.0,0.0
15966,1699637880000.0,0.0,0.0,0.0,164.47,0.0,0.0,170.7,0.9999253857184062,1.0,1314.5548414000034,1000.0,1314.5548414000034,1000.0,0.0,0.0
15967,1699641480000.0,0.0,0.0,0.0,164.47,0.0,0.0,171.5,0.9999253857184062,1.0,1314.5548414000034,1000.0,1314.5548414000034,1000.0,0.0,0.0
15968,1699645080000.0,0.0,0.0,0.0,164.47,0.0,0.0,172.5,0.9999253857184062,1.0,1314.5548414000034,1000.0,1314.5548414000034,1000.0,0.0,0.0
15969,1699648680000.0,0.0,0.0,0.0,164.47,0.0,0.0,172.4,0.9999253857184062,1.0,1314.5548414000034,1000.0,1314.5548414000034,1000.0,0.0,0.0
15970,1699652280000.0,0.0,0.0,0.0,164.47,0.0,0.0,171.95,0.9999253857184062,1.0,1314.5548414000034,1000.0,1314.5548414000034,1000.0,0.0,0.0
15971,1699655880000.0,0.0,0.0,0.0,164.47,0.0,0.0,171.7,0.9999253857184062,1.0,1314.5548414000034,1000.0,1314.5548414000034,1000.0,0.0,0.0
15972,1699659480000.0,0.0,0.0,0.0,164.47,0.0,0.0,171.9,0.9999253857184062,1.0,1314.5548414000034,1000.0,1314.5548414000034,1000.0,0.0,0.0
15973,1699663080000.0,0.0,0.0,0.0,164.47,0.0,0.0,170.75,0.9999253857184062,1.0,1314.5548414000034,1000.0,1314.5548414000034,1000.0,0.0,0.0
15974,1699666680000.0,0.0,0.0,0.0,164.47,0.0,0.0,171.2,0.9999253857184062,1.0,1314.5548414000034,1000.0,1314.5548414000034,1000.0,0.0,0.0
15975,1699670280000.0,0.0,0.0,0.0,164.47,0.0,0.0,170.5,0.9999253857184062,1.0,1314.5548414000034,1000.0,1314.5548414000034,1000.0,0.0,0.0
15976,1699673880000.0,0.0,0.0,0.0,164.47,0.0,0.0,170.4,0.9999253857184062,1.0,1314.5548414000034,1000.0,1314.5548414000034,1000.0,0.0,0.0
15977,1699677480000.0,0.0,0.0,0.0,164.47,0.0,0.0,169.25,0.9999253857184062,1.0,1314.5548414000034,1000.0,1314.5548414000034,1000.0,0.0,0.0
15978,1699681080000.0,0.0,0.0,0.0,164.47,0.0,0.0,170.35,0.9999253857184062,1.0,1314.5548414000034,1000.0,1314.5548414000034,1000.0,0.0,0.0
15979,1699684680000.0,0.0,0.0,0.0,164.47,0.0,0.0,170.05,0.9999253857184062,1.0,1314.5548414000034,1000.0,1314.5548414000034,1000.0,0.0,0.0
15980,1699688280000.0,0.0,0.0,0.0,164.47,0.0,0.0,170.55,0.9999253857184062,1.0,1314.5548414000034,1000.0,1314.5548414000034,1000.0,0.0,0.0
15981,1699691880000.0,0.0,0.0,0.0,164.47,0.0,0.0,170.4,0.9999253857184062,1.0,1314.5548414000034,1000.0,1314.5548414000034,1000.0,0.0,0.0
15982,1699695480000.0,0.0,0.0,0.0,164.47,0.0,0.0,170.35,0.9999253857184062,1.0,1314.5548414000034,1000.0,1314.5548414000034,1000.0,0.0,0.0
15983,1699699080000.0,0.0,0.0,0.0,164.47,0.0,0.0,170.9,0.9999253857184062,1.0,1314.5548414000034,1000.0,1314.5548414000034,1000.0,0.0,0.0
15984,1699702680000.0,0.0,0.0,0.0,164.47,0.0,0.0,171.5,0.9999253857184062,1.0,1314.5548414000034,1000.0,1314.5548414000034,1000.0,0.0,0.0
15985,1699706280000.0,0.0,0.0,0.0,164.47,0.0,0.0,172.1,0.9999253857184062,1.0,1314.5548414000034,1000.0,1314.5548414000034,1000.0,0.0,0.0
15986,1699709880000.0,0.0,0.0,0.0,164.47,0.0,0.0,172.2,0.9999253857184062,1.0,1314.5548414000034,1000.0,1314.5548414000034,1000.0,0.0,0.0
15987,1699713480000.0,0.0,0.0,0.0,164.47,0.0,0.0,171.75,0.9999253857184062,1.0,1314.5548414000034,1000.0,1314.5548414000034,1000.0,0.0,0.0
15988,1699717080000.0,0.0,0.0,0.0,164.47,0.0,0.0,171.7,0.9999253857184062,1.0,1314.5548414000034,1000.0,1314.5548414000034,1000.0,0.0,0.0
15989,1699720680000.0,0.0,0.0,0.0,164.47,0.0,0.0,171.1,0.9999253857184062,1.0,1314.5548414000034,1000.0,1314.5548414000034,1000.0,0.0,0.0
15990,1699724280000.0,0.0,0.0,0.0,164.47,0.0,0.0,170.0,0.9999253857184062,1.0,1314.5548414000034,1000.0,1314.5548414000034,1000.0,0.0,0.0
15991,1699727880000.0,0.0,0.0,0.0,164.47,0.0,0.0,170.25,0.9999253857184062,1.0,1314.5548414000034,1000.0,1314.5548414000034,1000.0,0.0,0.0
15992,1699731480000.0,0.0,0.0,0.0,164.47,0.0,0.0,170.6,0.9999253857184062,1.0,1314.5548414000034,1000.0,1314.5548414000034,1000.0,0.0,0.0
15993,1699735080000.0,0.0,0.0,0.0,164.47,0.0,0.0,169.45,0.9999253857184062,1.0,1314.5548414000034,1000.0,1314.5548414000034,1000.0,0.0,0.0
15994,1699738680000.0,0.0,0.0,0.0,164.47,0.0,0.0,169.35,0.9999253857184062,1.0,1314.5548414000034,1000.0,1314.5548414000034,1000.0,0.0,0.0
15995,1699742280000.0,0.0,0.0,0.0,164.47,0.0,0.0,169.1,0.9999253857184062,1.0,1314.5548414000034,1000.0,1314.5548414000034,1000.0,0.0,0.0
15996,1699745880000.0,0.0,0.0,0.0,164.47,0.0,0.0,168.9,0.9999253857184062,1.0,1314.5548414000034,1000.0,1314.5548414000034,1000.0,0.0,0.0
15997,1699749480000.0,0.0,0.0,0.0,164.47,0.0,0.0,167.9,0.9999253857184062,1.0,1314.5548414000034,1000.0,1314.5548414000034,1000.0,0.0,0.0
15998,1699753080000.0,0.0,0.0,0.0,164.47,0.0,0.0,168.15,0.9999253857184062,1.0,1314.5548414000034,1000.0,1314.5548414000034,1000.0,0.0,0.0
15999,1699756680000.0,0.0,0.0,0.0,164.47,0.0,0.0,167.0,0.9999253857184062,1.0,1314.5548414000034,1000.0,1314.5548414000034,1000.0,0.0,0.0
16000,1699760280000.0,0.0,0.0,0.0,164.47,0.0,0.0,168.05,0.9999253857184062,1.0,1314.5548414000034,1000.0,1314.5548414000034,1000.0,0.0,0.0
16001,1699763880000.0,0.0,0.0,0.0,164.47,0.0,0.0,167.45,0.9999253857184062,1.0,1314.5548414000034,1000.0,1314.5548414000034,1000.0,0.0,0.0
16002,1699767480000.0,0.0,0.0,0.0,164.47,0.0,0.0,167.7,0.9999253857184062,1.0,1314.5548414000034,1000.0,1314.5548414000034,1000.0,0.0,0.0
16003,1699771080000.0,0.0,0.0,0.0,164.47,0.0,0.0,168.8,0.9999253857184062,1.0,1314.5548414000034,1000.0,1314.5548414000034,1000.0,0.0,0.0
16004,1699774680000.0,0.0,0.0,0.0,164.47,0.0,0.0,169.9,0.9999253857184062,1.0,1314.5548414000034,1000.0,1314.5548414000034,1000.0,0.0,0.0
16005,1699778280000.0,0.0,0.0,0.0,164.47,0.0,0.0,169.4,0.9999253857184062,1.0,1314.5548414000034,1000.0,1314.5548414000034,1000.0,0.0,0.0
16006,1699781880000.0,0.0,0.0,0.0,164.47,0.0,0.0,168.95,0.9999253857184062,1.0,1314.5548414000034,1000.0,1314.5548414000034,1000.0,0.0,0.0
16007,1699785480000.0,0.0,0.0,0.0,164.47,0.0,0.0,169.65,0.9999253857184062,1.0,1314.5548414000034,1000.0,1314.5548414000034,1000.0,0.0,0.0
16008,1699789080000.0,0.0,0.0,0.0,164.47,0.0,0.0,169.55,0.9999253857184062,1.0,1314.5548414000034,1000.0,1314.5548414000034,1000.0,0.0,0.0
16009,1699792680000.0,0.0,0.0,0.0,164.47,0.0,0.0,169.3,0.9999253857184062,1.0,1314.5548414000034,1000.0,1314.5548414000034,1000.0,0.0,0.0
16010,1699796280000.0,0.0,0.0,0.0,164.47,0.0,0.0,169.1,0.9999253857184062,1.0,1314.5548414000034,1000.0,1314.5548414000034,1000.0,0.0,0.0
16011,1699799880000.0,0.0,0.0,0.0,164.47,0.0,0.0,169.6,0.9999253857184062,1.0,1314.5548414000034,1000.0,1314.5548414000034,1000.0,0.0,0.0
16012,1699803480000.0,0.0,0.0,0.0,164.47,0.0,0.0,169.9,0.9999253857184062,1.0,1314.5548414000034,1000.0,1314.5548414000034,1000.0,0.0,0.0
16013,1699807080000.0,0.0,0.0,0.0,164.47,0.0,0.0,169.8,0.9999253857184062,1.0,1314.5548414000034,1000.0,1314.5548414000034,1000.0,0.0,0.0
16014,1699810680000.0,0.0,0.0,0.0,164.47,0.0,0.0,169.1,0.9999253857184062,1.0,1314.5548414000034,1000.0,1314.5548414000034,1000.0,0.0,0.0
16015,1699814280000.0,0.0,0.0,0.0,164.47,0.0,0.0,169.5,0.9999253857184062,1.0,1314.5548414000034,1000.0,1314.5548414000034,1000.0,0.0,0.0
16016,1699817880000.0,0.0,0.0,0.0,164.47,0.0,0.0,169.7,0.9999253857184062,1.0,1314.5548414000034,1000.0,1314.5548414000034,1000.0,0.0,0.0
16017,1699821480000.0,0.0,0.0,0.0,164.47,0.0,0.0,170.1,0.9999253857184062,1.0,1314.5548414000034,1000.0,1314.5548414000034,1000.0,0.0,0.0
16018,1699825080000.0,0.0,0.0,0.0,164.47,0.0,0.0,170.15,0.9999253857184062,1.0,1314.5548414000034,1000.0,1314.5548414000034,1000.0,0.0,0.0
16019,1699828680000.0,0.0,0.0,0.0,164.47,0.0,0.0,171.0,0.9999253857184062,1.0,1314.5548414000034,1000.0,1314.5548414000034,1000.0,0.0,0.0
16020,1699832280000.0,0.0,0.0,0.0,164.47,0.0,0.0,171.5,0.9999253857184062,1.0,1314.5548414000034,1000.0,1314.5548414000034,1000.0,0.0,0.0
16021,1699835880000.0,0.0,0.0,0.0,164.47,0.0,0.0,171.85,0.9999253857184062,1.0,1314.5548414000034,1000.0,1314.5548414000034,1000.0,0.0,0.0
16022,1699839480000.0,0.0,0.0,0.0,164.47,0.0,0.0,171.65,0.9999253857184062,1.0,1314.5548414000034,1000.0,1314.5548414000034,1000.0,0.0,0.0
16023,1699843080000.0,0.0,0.0,0.0,164.47,0.0,0.0,172.25,0.9999253857184062,1.0,1314.5548414000034,1000.0,1314.5548414000034,1000.0,0.0,0.0
16024,1699846680000.0,0.0,0.0,0.0,164.47,0.0,0.0,170.1,0.9999253857184062,1.0,1314.5548414000034,1000.0,1314.5548414000034,1000.0,0.0,0.0
16025,1699850280000.0,0.0,0.0,0.0,164.47,0.0,0.0,169.45,0.9999253857184062,1.0,1314.5548414000034,1000.0,1314.5548414000034,1000.0,0.0,0.0
16026,1699853880000.0,0.0,0.0,0.0,164.47,0.0,0.0,169.05,0.9999253857184062,1.0,1314.5548414000034,1000.0,1314.5548414000034,1000.0,0.0,0.0
16027,1699857480000.0,0.0,0.0,0.0,164.47,0.0,0.0,168.1,0.9999253857184062,1.0,1314.5548414000034,1000.0,1314.5548414000034,1000.0,0.0,0.0
16028,1699861080000.0,0.0,0.0,0.0,164.47,0.0,0.0,169.05,0.9999253857184062,1.0,1314.5548414000034,1000.0,1314.5548414000034,1000.0,0.0,0.0
16029,1699864680000.0,0.0,0.0,0.0,164.47,0.0,0.0,169.35,0.9999253857184062,1.0,1314.5548414000034,1000.0,1314.5548414000034,1000.0,0.0,0.0
16030,1699868280000.0,0.0,0.0,0.0,164.47,0.0,0.0,169.75,0.9999253857184062,1.0,1314.5548414000034,1000.0,1314.5548414000034,1000.0,0.0,0.0
16031,1699871880000.0,0.0,0.0,0.0,164.47,0.0,0.0,169.15,0.9999253857184062,1.0,1314.5548414000034,1000.0,1314.5548414000034,1000.0,0.0,0.0
16032,1699875480000.0,0.0,0.0,0.0,164.47,0.0,0.0,168.65,0.9999253857184062,1.0,1314.5548414000034,1000.0,1314.5548414000034,1000.0,0.0,0.0
16033,1699879080000.0,0.0,0.0,0.0,164.47,0.0,0.0,168.65,0.9999253857184062,1.0,1314.5548414000034,1000.0,1314.5548414000034,1000.0,0.0,0.0
16034,1699882680000.0,0.0,0.0,0.0,164.47,0.0,0.0,168.85,0.9999253857184062,1.0,1314.5548414000034,1000.0,1314.5548414000034,1000.0,0.0,0.0
16035,1699886280000.0,0.0,0.0,0.0,164.47,0.0,0.0,167.75,0.9999253857184062,1.0,1314.5548414000034,1000.0,1314.5548414000034,1000.0,0.0,0.0
16036,1699889880000.0,0.0,0.0,0.0,164.47,0.0,0.0,168.55,0.9999253857184062,1.0,1314.5548414000034,1000.0,1314.5548414000034,1000.0,0.0,0.0
16037,1699893480000.0,0.0,0.0,0.0,164.47,0.0,0.0,168.5,0.9999253857184062,1.0,1314.5548414000034,1000.0,1314.5548414000034,1000.0,0.0,0.0
16038,1699897080000.0,0.0,0.0,0.0,164.47,0.0,0.0,167.5,0.9999253857184062,1.0,1314.5548414000034,1000.0,1314.5548414000034,1000.0,0.0,0.0
16039,1699900680000.0,0.0,0.0,0.0,164.47,0.0,0.0,167.6,0.9999253857184062,1.0,1314.5548414000034,1000.0,1314.5548414000034,1000.0,0.0,0.0
16040,1699904280000.0,0.0,0.0,0.0,164.47,0.0,0.0,167.25,0.9999253857184062,1.0,1314.5548414000034,1000.0,1314.5548414000034,1000.0,0.0,0.0
16041,1699907880000.0,0.0,0.0,0.0,164.47,0.0,0.0,167.15,0.9999253857184062,1.0,1314.5548414000034,1000.0,1314.5548414000034,1000.0,0.0,0.0
16042,1699911480000.0,0.0,0.0,0.0,164.47,0.0,0.0,163.9,0.9999253857184062,1.0,1314.5548414000034,1000.0,1314.5548414000034,1000.0,0.0,0.0
16043,1699915080000.0,0.0,0.0,0.0,164.47,0.0,0.0,165.15,0.9999253857184062,1.0,1314.5548414000034,1000.0,1314.5548414000034,1000.0,0.0,0.0
16044,1699918680000.0,0.0,0.0,0.0,164.47,0.0,0.0,163.4,0.9999253857184062,1.0,1314.5548414000034,1000.0,1314.5548414000034,1000.0,0.0,0.0
16045,1699922280000.0,0.0,0.0,0.32,162.11,0.0,0.0,161.9,0.9999253857184062,1.0,1314.5444663600033,1000.0,1314.4772663600033,1000.0,0.03946249162924351,0.0
16046,1699925880000.0,0.0,0.0,0.32,162.11,0.0,0.0,162.2,0.9999253857184062,1.0,1314.5444663600033,1000.0,1314.5732663600033,1000.0,0.03946249162924351,0.0
16047,1699929480000.0,0.0,0.0,0.32,162.11,0.0,0.0,162.6,0.9999253857184062,1.0,1314.5444663600033,1000.0,1314.7012663600033,1000.0,0.03946249162924351,0.0
16048,1699933080000.0,0.0,0.0,0.32,162.11,0.0,0.0,164.05,0.9999253857184062,1.0,1314.5444663600033,1000.0,1315.1652663600032,1000.0,0.03946249162924351,0.0
16049,1699936680000.0,0.0,0.0,0.32,162.11,0.0,0.0,164.85,0.9999253857184062,1.0,1314.5444663600033,1000.0,1315.4212663600033,1000.0,0.03946249162924351,0.0
16050,1699940280000.0,0.0,0.0,0.32,162.11,0.0,0.0,164.95,0.9999253857184062,1.0,1314.5444663600033,1000.0,1315.4532663600032,1000.0,0.03946249162924351,0.0
16051,1699943880000.0,0.0,0.0,0.32,162.11,0.0,0.0,164.2,0.9999253857184062,1.0,1314.5444663600033,1000.0,1315.2132663600032,1000.0,0.03946249162924351,0.0
16052,1699947480000.0,0.0,0.0,0.32,162.11,0.0,0.0,165.35,0.9999253857184062,1.0,1314.5444663600033,1000.0,1315.5812663600034,1000.0,0.03946249162924351,0.0
16053,1699951080000.0,0.0,0.0,0.32,162.11,0.0,0.0,166.15,0.9999253857184062,1.0,1314.5444663600033,1000.0,1315.8372663600032,1000.0,0.03946249162924351,0.0
16054,1699954680000.0,0.0,0.0,0.32,162.11,0.0,0.0,165.45,0.9999253857184062,1.0,1314.5444663600033,1000.0,1315.6132663600033,1000.0,0.03946249162924351,0.0
16055,1699958280000.0,0.0,0.0,0.32,162.11,0.0,0.0,164.8,0.9999253857184062,1.0,1314.5444663600033,1000.0,1315.4052663600032,1000.0,0.03946249162924351,0.0
16056,1699961880000.0,0.0,0.0,0.32,162.11,0.0,0.0,163.3,0.9999253857184062,1.0,1314.5444663600033,1000.0,1314.9252663600032,1000.0,0.03946249162924351,0.0
16057,1699965480000.0,0.0,0.0,0.32,162.11,0.0,0.0,162.7,0.9999253857184062,1.0,1314.5444663600033,1000.0,1314.7332663600032,1000.0,0.03946249162924351,0.0
16058,1699969080000.0,0.0,0.0,0.32,162.11,0.0,0.0,164.65,0.9999253857184062,1.0,1314.5444663600033,1000.0,1315.3572663600032,1000.0,0.03946249162924351,0.0
16059,1699972680000.0,0.0,0.0,0.32,162.11,0.0,0.0,164.75,0.9999253857184062,1.0,1314.5444663600033,1000.0,1315.3892663600034,1000.0,0.03946249162924351,0.0
16060,1699976280000.0,0.0,0.0,0.32,162.11,0.0,0.0,163.55,0.9999253857184062,1.0,1314.5444663600033,1000.0,1315.0052663600034,1000.0,0.03946249162924351,0.0
16061,1699979880000.0,0.0,0.0,0.32,162.11,0.0,0.0,165.0,0.9999253857184062,1.0,1314.5444663600033,1000.0,1315.4692663600033,1000.0,0.03946249162924351,0.0
16062,1699983480000.0,0.0,0.0,0.32,162.11,0.0,0.0,163.7,0.9999253857184062,1.0,1314.5444663600033,1000.0,1315.0532663600034,1000.0,0.03946249162924351,0.0
16063,1699987080000.0,0.0,0.0,0.32,162.11,0.0,0.0,162.65,0.9999253857184062,1.0,1314.5444663600033,1000.0,1314.7172663600034,1000.0,0.03946249162924351,0.0
16064,1699990680000.0,0.0,0.0,0.32,162.11,0.0,0.0,163.05,0.9999253857184062,1.0,1314.5444663600033,1000.0,1314.8452663600033,1000.0,0.03946249162924351,0.0
16065,1699994280000.0,0.0,0.0,0.32,162.11,0.0,0.0,162.75,0.9999253857184062,1.0,1314.5444663600033,1000.0,1314.7492663600033,1000.0,0.03946249162924351,0.0
16066,1699997880000.0,0.0,0.0,0.32,162.11,0.0,0.0,163.0,0.9999253857184062,1.0,1314.5444663600033,1000.0,1314.8292663600032,1000.0,0.03946249162924351,0.0
16067,1700001480000.0,0.0,0.0,0.32,162.11,0.0,0.0,163.45,0.9999253857184062,1.0,1314.5444663600033,1000.0,1314.9732663600032,1000.0,0.03946249162924351,0.0
16068,1700005080000.0,0.0,0.0,0.32,162.11,0.0,0.0,163.5,0.9999253857184062,1.0,1314.5444663600033,1000.0,1314.9892663600033,1000.0,0.03946249162924351,0.0
16069,1700008680000.0,0.0,0.0,0.32,162.11,0.0,0.0,163.25,0.9999253857184062,1.0,1314.5444663600033,1000.0,1314.9092663600034,1000.0,0.03946249162924351,0.0
16070,1700012280000.0,0.0,0.0,0.32,162.11,0.0,0.0,163.15,0.9999253857184062,1.0,1314.5444663600033,1000.0,1314.8772663600032,1000.0,0.03946249162924351,0.0
16071,1700015880000.0,0.0,0.0,0.32,162.11,0.0,0.0,163.35,0.9999253857184062,1.0,1314.5444663600033,1000.0,1314.9412663600033,1000.0,0.03946249162924351,0.0
16072,1700019480000.0,0.0,0.0,0.32,162.11,0.0,0.0,163.6,0.9999253857184062,1.0,1314.5444663600033,1000.0,1315.0212663600032,1000.0,0.03946249162924351,0.0
16073,1700023080000.0,0.0,0.0,0.32,162.11,0.0,0.0,164.25,0.9999253857184062,1.0,1314.5444663600033,1000.0,1315.2292663600033,1000.0,0.03946249162924351,0.0
16074,1700026680000.0,0.0,0.0,0.32,162.11,0.0,0.0,164.85,0.9999253857184062,1.0,1314.5444663600033,1000.0,1315.4212663600033,1000.0,0.03946249162924351,0.0
16075,1700030280000.0,0.0,0.0,0.32,162.11,0.0,0.0,165.05,0.9999253857184062,1.0,1314.5444663600033,1000.0,1315.4852663600034,1000.0,0.03946249162924351,0.0
16076,1700033880000.0,0.0,0.0,0.32,162.11,0.0,0.0,165.35,0.9999253857184062,1.0,1314.5444663600033,1000.0,1315.5812663600034,1000.0,0.03946249162924351,0.0
16077,1700037480000.0,0.0,0.0,0.32,162.11,0.0,0.0,164.85,0.9999253857184062,1.0,1314.5444663600033,1000.0,1315.4212663600033,1000.0,0.03946249162924351,0.0
16078,1700041080000.0,0.0,0.0,0.32,162.11,0.0,0.0,165.15,0.9999253857184062,1.0,1314.5444663600033,1000.0,1315.5172663600033,1000.0,0.03946249162924351,0.0
16079,1700044680000.0,0.0,0.0,0.32,162.11,0.0,0.0,165.15,0.9999253857184062,1.0,1314.5444663600033,1000.0,1315.5172663600033,1000.0,0.03946249162924351,0.0
16080,1700048280000.0,0.0,0.0,0.32,162.11,0.0,0.0,166.25,0.9999253857184062,1.0,1314.5444663600033,1000.0,1315.8692663600034,1000.0,0.03946249162924351,0.0
16081,1700051880000.0,0.0,0.0,0.32,162.11,0.0,0.0,166.15,0.9999253857184062,1.0,1314.5444663600033,1000.0,1315.8372663600032,1000.0,0.03946249162924351,0.0
16082,1700055480000.0,0.0,0.0,0.32,162.11,0.0,0.0,164.8,0.9999253857184062,1.0,1314.5444663600033,1000.0,1315.4052663600032,1000.0,0.03946249162924351,0.0
16083,1700059080000.0,0.0,0.0,0.32,162.11,0.0,0.0,164.35,0.9999253857184062,1.0,1314.5444663600033,1000.0,1315.2612663600032,1000.0,0.03946249162924351,0.0
16084,1700062680000.0,0.0,0.0,0.32,162.11,0.0,0.0,163.3,0.9999253857184062,1.0,1314.5444663600033,1000.0,1314.9252663600032,1000.0,0.03946249162924351,0.0
16085,1700066280000.0,0.0,0.0,0.32,162.11,0.0,0.0,163.35,0.9999253857184062,1.0,1314.5444663600033,1000.0,1314.9412663600033,1000.0,0.03946249162924351,0.0
16086,1700069880000.0,0.0,0.0,0.32,162.11,0.0,0.0,163.9,0.9999253857184062,1.0,1314.5444663600033,1000.0,1315.1172663600032,1000.0,0.03946249162924351,0.0
16087,1700073480000.0,0.0,0.0,0.32,162.11,0.0,0.0,165.4,0.9999253857184062,1.0,1314.5444663600033,1000.0,1315.5972663600032,1000.0,0.03946249162924351,0.0
16088,1700077080000.0,0.0,0.0,0.32,162.11,0.0,0.0,166.2,0.9999253857184062,1.0,1314.5444663600033,1000.0,1315.8532663600033,1000.0,0.03946249162924351,0.0
16089,1700080680000.0,0.0,0.0,0.32,162.11,0.0,0.0,165.4,0.9999253857184062,1.0,1314.5444663600033,1000.0,1315.5972663600032,1000.0,0.03946249162924351,0.0
16090,1700084280000.0,0.0,0.0,0.32,162.11,0.0,0.0,164.55,0.9999253857184062,1.0,1314.5444663600033,1000.0,1315.3252663600033,1000.0,0.03946249162924351,0.0
16091,1700087880000.0,0.0,0.0,0.32,162.11,0.0,0.0,160.5,0.9999253857184062,1.0,1314.5444663600033,1000.0,1314.0292663600032,1000.0,0.03946249162924351,0.0
16092,1700091480000.0,0.0,0.0,0.32,162.11,0.0,0.0,160.3,0.9999253857184062,1.0,1314.5444663600033,1000.0,1313.9652663600034,1000.0,0.03946249162924351,0.0
16093,1700095080000.0,0.0,0.0,0.32,162.11,0.0,0.0,162.3,0.9999253857184062,1.0,1314.5444663600033,1000.0,1314.6052663600033,1000.0,0.03946249162924351,0.0
16094,1700098680000.0,0.0,0.0,0.32,162.11,0.0,0.0,162.4,0.9999253857184062,1.0,1314.5444663600033,1000.0,1314.6372663600032,1000.0,0.03946249162924351,0.0
16095,1700102280000.0,0.0,0.0,0.32,162.11,0.0,0.0,161.75,0.9999253857184062,1.0,1314.5444663600033,1000.0,1314.4292663600033,1000.0,0.03946249162924351,0.0
16096,1700105880000.0,0.0,0.0,0.32,162.11,0.0,0.0,162.05,0.9999253857184062,1.0,1314.5444663600033,1000.0,1314.5252663600033,1000.0,0.03946249162924351,0.0
16097,1700109480000.0,0.0,0.0,0.32,162.11,0.0,0.0,162.3,0.9999253857184062,1.0,1314.5444663600033,1000.0,1314.6052663600033,1000.0,0.03946249162924351,0.0
16098,1700113080000.0,0.0,0.0,0.32,162.11,0.0,0.0,162.5,0.9999253857184062,1.0,1314.5444663600033,1000.0,1314.6692663600033,1000.0,0.03946249162924351,0.0
16099,1700116680000.0,0.0,0.0,0.32,162.11,0.0,0.0,162.15,0.9999253857184062,1.0,1314.5444663600033,1000.0,1314.5572663600033,1000.0,0.03946249162924351,0.0
16100,1700120280000.0,0.0,0.0,0.32,162.11,0.0,0.0,162.8,0.9999253857184062,1.0,1314.5444663600033,1000.0,1314.7652663600034,1000.0,0.03946249162924351,0.0
16101,1700123880000.0,0.0,0.0,0.32,162.11,0.0,0.0,161.85,0.9999253857184062,1.0,1314.5444663600033,1000.0,1314.4612663600033,1000.0,0.03946249162924351,0.0
16102,1700127480000.0,0.0,0.0,0.32,162.11,0.0,0.0,161.05,0.9999253857184062,1.0,1314.5444663600033,1000.0,1314.2052663600034,1000.0,0.03946249162924351,0.0
16103,1700131080000.0,0.0,0.0,0.32,162.11,0.0,0.0,162.05,0.9999253857184062,1.0,1314.5444663600033,1000.0,1314.5252663600033,1000.0,0.03946249162924351,0.0
16104,1700134680000.0,0.0,0.0,0.32,162.11,0.0,0.0,162.25,0.9999253857184062,1.0,1314.5444663600033,1000.0,1314.5892663600032,1000.0,0.03946249162924351,0.0
16105,1700138280000.0,0.0,0.0,0.32,162.11,0.0,0.0,160.2,0.9999253857184062,1.0,1314.5444663600033,1000.0,1313.9332663600032,1000.0,0.03946249162924351,0.0
16106,1700141880000.0,0.0,0.0,0.32,162.11,0.0,0.0,159.75,0.9999253857184062,1.0,1314.5444663600033,1000.0,1313.7892663600032,1000.0,0.03946249162924351,0.0
16107,1700145480000.0,0.0,0.0,0.32,162.11,0.0,0.0,160.05,0.9999253857184062,1.0,1314.5444663600033,1000.0,1313.8852663600032,1000.0,0.03946249162924351,0.0
16108,1700149080000.0,0.0,0.0,0.32,162.11,0.0,0.0,160.15,0.9999253857184062,1.0,1314.5444663600033,1000.0,1313.9172663600034,1000.0,0.03946249162924351,0.0
16109,1700152680000.0,0.0,0.0,0.32,162.11,0.0,0.0,160.25,0.9999253857184062,1.0,1314.5444663600033,1000.0,1313.9492663600033,1000.0,0.03946249162924351,0.0
16110,1700156280000.0,0.0,0.0,0.32,162.11,0.0,0.0,159.7,0.9999253857184062,1.0,1314.5444663600033,1000.0,1313.7732663600034,1000.0,0.03946249162924351,0.0
16111,1700159880000.0,0.0,0.0,0.32,162.11,0.0,0.0,160.15,0.9999253857184062,1.0,1314.5444663600033,1000.0,1313.9172663600034,1000.0,0.03946249162924351,0.0
16112,1700163480000.0,0.0,0.0,0.32,162.11,0.0,0.0,157.95,0.9999253857184062,1.0,1314.5444663600033,1000.0,1313.2132663600032,1000.0,0.03946249162924351,0.0
16113,1700167080000.0,0.0,0.0,0.32,162.11,0.0,0.0,159.55,0.9999253857184062,1.0,1314.5444663600033,1000.0,1313.7252663600034,1000.0,0.03946249162924351,0.0
16114,1700170680000.0,0.0,0.0,0.32,162.11,0.0,0.0,160.05,0.9999253857184062,1.0,1314.5444663600033,1000.0,1313.8852663600032,1000.0,0.03946249162924351,0.0
16115,1700174280000.0,0.0,0.0,0.32,162.11,0.0,0.0,160.55,0.9999253857184062,1.0,1314.5444663600033,1000.0,1314.0452663600033,1000.0,0.03946249162924351,0.0
16116,1700177880000.0,0.0,0.0,0.32,162.11,0.0,0.0,160.85,0.9999253857184062,1.0,1314.5444663600033,1000.0,1314.1412663600033,1000.0,0.03946249162924351,0.0
16117,1700181480000.0,0.0,0.0,0.32,162.11,0.0,0.0,161.5,0.9999253857184062,1.0,1314.5444663600033,1000.0,1314.3492663600032,1000.0,0.03946249162924351,0.0
16118,1700185080000.0,0.0,0.0,0.32,162.11,0.0,0.0,161.5,0.9999253857184062,1.0,1314.5444663600033,1000.0,1314.3492663600032,1000.0,0.03946249162924351,0.0
16119,1700188680000.0,0.0,0.0,0.32,162.11,0.0,0.0,162.3,0.9999253857184062,1.0,1314.5444663600033,1000.0,1314.6052663600033,1000.0,0.03946249162924351,0.0
16120,1700192280000.0,0.0,0.0,0.32,162.11,0.0,0.0,162.05,0.9999253857184062,1.0,1314.5444663600033,1000.0,1314.5252663600033,1000.0,0.03946249162924351,0.0
16121,1700195880000.0,0.0,0.0,0.32,162.11,0.0,0.0,162.3,0.9999253857184062,1.0,1314.5444663600033,1000.0,1314.6052663600033,1000.0,0.03946249162924351,0.0
16122,1700199480000.0,0.0,0.0,0.32,162.11,0.0,0.0,162.05,0.9999253857184062,1.0,1314.5444663600033,1000.0,1314.5252663600033,1000.0,0.03946249162924351,0.0
16123,1700203080000.0,0.0,0.0,0.32,162.11,0.0,0.0,162.45,0.9999253857184062,1.0,1314.5444663600033,1000.0,1314.6532663600033,1000.0,0.03946249162924351,0.0
16124,1700206680000.0,0.0,0.0,0.32,162.11,0.0,0.0,163.05,0.9999253857184062,1.0,1314.5444663600033,1000.0,1314.8452663600033,1000.0,0.03946249162924351,0.0
16125,1700210280000.0,0.0,0.0,0.32,162.11,0.0,0.0,163.55,0.9999253857184062,1.0,1314.5444663600033,1000.0,1315.0052663600034,1000.0,0.03946249162924351,0.0
16126,1700213880000.0,0.0,0.0,0.32,162.11,0.0,0.0,165.8,0.9999253857184062,1.0,1314.5444663600033,1000.0,1315.7252663600034,1000.0,0.03946249162924351,0.0
16127,1700217480000.0,0.0,0.0,0.32,162.11,0.0,0.0,165.5,0.9999253857184062,1.0,1314.5444663600033,1000.0,1315.6292663600034,1000.0,0.03946249162924351,0.0
16128,1700221080000.0,0.0,0.0,0.1,162.11,0.0,0.0,164.9,0.9999253857184062,1.0,1315.6085192400035,1000.0,1315.8875192400035,1000.0,0.012322054595210984,0.0
16129,1700224680000.0,0.0,0.0,0.1,162.11,0.0,0.0,166.2,0.9999253857184062,1.0,1315.6085192400035,1000.0,1316.0175192400036,1000.0,0.012322054595210984,0.0
16130,1700228280000.0,0.0,0.0,0.1,162.11,0.0,0.0,165.05,0.9999253857184062,1.0,1315.6085192400035,1000.0,1315.9025192400036,1000.0,0.012322054595210984,0.0
16131,1700231880000.0,0.0,0.0,0.1,162.11,0.0,0.0,163.15,0.9999253857184062,1.0,1315.6085192400035,1000.0,1315.7125192400035,1000.0,0.012322054595210984,0.0
16132,1700235480000.0,0.0,0.0,0.1,162.11,0.0,0.0,162.3,0.9999253857184062,1.0,1315.6085192400035,1000.0,1315.6275192400035,1000.0,0.012322054595210984,0.0
16133,1700239080000.0,0.0,0.0,0.1,162.11,0.0,0.0,161.35,0.9999253857184062,1.0,1315.6085192400035,1000.0,1315.5325192400035,1000.0,0.012322054595210984,0.0
16134,1700242680000.0,0.0,0.0,0.1,162.11,0.0,0.0,162.45,0.9999253857184062,1.0,1315.6085192400035,1000.0,1315.6425192400036,1000.0,0.012322054595210984,0.0
16135,1700246280000.0,0.0,0.0,0.1,162.11,0.0,0.0,162.75,0.9999253857184062,1.0,1315.6085192400035,1000.0,1315.6725192400036,1000.0,0.012322054595210984,0.0
16136,1700249880000.0,0.0,0.0,0.1,162.11,0.0,0.0,162.4,0.9999253857184062,1.0,1315.6085192400035,1000.0,1315.6375192400035,1000.0,0.012322054595210984,0.0
16137,1700253480000.0,0.0,0.0,0.1,162.11,0.0,0.0,161.4,0.9999253857184062,1.0,1315.6085192400035,1000.0,1315.5375192400036,1000.0,0.012322054595210984,0.0
16138,1700257080000.0,0.0,0.0,0.1,162.11,0.0,0.0,161.6,0.9999253857184062,1.0,1315.6085192400035,1000.0,1315.5575192400036,1000.0,0.012322054595210984,0.0
16139,1700260680000.0,0.0,0.0,0.1,162.11,0.0,0.0,162.45,0.9999253857184062,1.0,1315.6085192400035,1000.0,1315.6425192400036,1000.0,0.012322054595210984,0.0
16140,1700264280000.0,0.0,0.0,0.1,162.11,0.0,0.0,162.65,0.9999253857184062,1.0,1315.6085192400035,1000.0,1315.6625192400036,1000.0,0.012322054595210984,0.0
16141,1700267880000.0,0.0,0.0,0.1,162.11,0.0,0.0,161.65,0.9999253857184062,1.0,1315.6085192400035,1000.0,1315.5625192400034,1000.0,0.012322054595210984,0.0
16142,1700271480000.0,0.0,0.0,0.1,162.11,0.0,0.0,162.0,0.9999253857184062,1.0,1315.6085192400035,1000.0,1315.5975192400035,1000.0,0.012322054595210984,0.0
16143,1700275080000.0,0.0,0.0,0.1,162.11,0.0,0.0,161.55,0.9999253857184062,1.0,1315.6085192400035,1000.0,1315.5525192400034,1000.0,0.012322054595210984,0.0
16144,1700278680000.0,0.0,0.0,0.1,162.11,0.0,0.0,161.65,0.9999253857184062,1.0,1315.6085192400035,1000.0,1315.5625192400034,1000.0,0.012322054595210984,0.0
16145,1700282280000.0,0.0,0.0,0.1,162.11,0.0,0.0,160.9,0.9999253857184062,1.0,1315.6085192400035,1000.0,1315.4875192400034,1000.0,0.012322054595210984,0.0
16146,1700285880000.0,0.0,0.0,0.1,162.11,0.0,0.0,160.9,0.9999253857184062,1.0,1315.6085192400035,1000.0,1315.4875192400034,1000.0,0.012322054595210984,0.0
16147,1700289480000.0,0.0,0.0,0.1,162.11,0.0,0.0,160.35,0.9999253857184062,1.0,1315.6085192400035,1000.0,1315.4325192400036,1000.0,0.012322054595210984,0.0
16148,1700293080000.0,0.0,0.0,0.1,162.11,0.0,0.0,160.65,0.9999253857184062,1.0,1315.6085192400035,1000.0,1315.4625192400035,1000.0,0.012322054595210984,0.0
16149,1700296680000.0,0.0,0.0,0.1,162.11,0.0,0.0,160.9,0.9999253857184062,1.0,1315.6085192400035,1000.0,1315.4875192400034,1000.0,0.012322054595210984,0.0
16150,1700300280000.0,0.0,0.0,0.1,162.11,0.0,0.0,161.85,0.9999253857184062,1.0,1315.6085192400035,1000.0,1315.5825192400034,1000.0,0.012322054595210984,0.0
16151,1700303880000.0,0.0,0.0,0.1,162.11,0.0,0.0,161.85,0.9999253857184062,1.0,1315.6085192400035,1000.0,1315.5825192400034,1000.0,0.012322054595210984,0.0
16152,1700307480000.0,0.0,0.0,0.1,162.11,0.0,0.0,161.0,0.9999253857184062,1.0,1315.6085192400035,1000.0,1315.4975192400034,1000.0,0.012322054595210984,0.0
16153,1700311080000.0,0.0,0.0,0.1,162.11,0.0,0.0,160.4,0.9999253857184062,1.0,1315.6085192400035,1000.0,1315.4375192400034,1000.0,0.012322054595210984,0.0
16154,1700314680000.0,0.0,0.0,0.1,162.11,0.0,0.0,159.8,0.9999253857184062,1.0,1315.6085192400035,1000.0,1315.3775192400035,1000.0,0.012322054595210984,0.0
16155,1700318280000.0,0.0,0.0,0.1,162.11,0.0,0.0,159.65,0.9999253857184062,1.0,1315.6085192400035,1000.0,1315.3625192400034,1000.0,0.012322054595210984,0.0
16156,1700321880000.0,0.0,0.0,0.1,162.11,0.0,0.0,160.35,0.9999253857184062,1.0,1315.6085192400035,1000.0,1315.4325192400036,1000.0,0.012322054595210984,0.0
16157,1700325480000.0,0.0,0.0,0.1,162.11,0.0,0.0,160.85,0.9999253857184062,1.0,1315.6085192400035,1000.0,1315.4825192400035,1000.0,0.012322054595210984,0.0
16158,1700329080000.0,0.0,0.0,0.1,162.11,0.0,0.0,160.9,0.9999253857184062,1.0,1315.6085192400035,1000.0,1315.4875192400034,1000.0,0.012322054595210984,0.0
16159,1700332680000.0,0.0,0.0,0.1,162.11,0.0,0.0,160.5,0.9999253857184062,1.0,1315.6085192400035,1000.0,1315.4475192400034,1000.0,0.012322054595210984,0.0
16160,1700336280000.0,0.0,0.0,0.1,162.11,0.0,0.0,160.9,0.9999253857184062,1.0,1315.6085192400035,1000.0,1315.4875192400034,1000.0,0.012322054595210984,0.0
16161,1700339880000.0,0.0,0.0,0.1,162.11,0.0,0.0,160.3,0.9999253857184062,1.0,1315.6085192400035,1000.0,1315.4275192400034,1000.0,0.012322054595210984,0.0
16162,1700343480000.0,0.0,0.0,0.1,162.11,0.0,0.0,160.2,0.9999253857184062,1.0,1315.6085192400035,1000.0,1315.4175192400035,1000.0,0.012322054595210984,0.0
16163,1700347080000.0,0.0,0.0,0.1,162.11,0.0,0.0,160.3,0.9999253857184062,1.0,1315.6085192400035,1000.0,1315.4275192400034,1000.0,0.012322054595210984,0.0
16164,1700350680000.0,0.0,0.0,0.1,162.11,0.0,0.0,160.6,0.9999253857184062,1.0,1315.6085192400035,1000.0,1315.4575192400034,1000.0,0.012322054595210984,0.0
16165,1700354280000.0,0.0,0.0,0.1,162.11,0.0,0.0,160.35,0.9999253857184062,1.0,1315.6085192400035,1000.0,1315.4325192400036,1000.0,0.012322054595210984,0.0
16166,1700357880000.0,0.0,0.0,0.1,162.11,0.0,0.0,160.1,0.9999253857184062,1.0,1315.6085192400035,1000.0,1315.4075192400035,1000.0,0.012322054595210984,0.0
16167,1700361480000.0,0.0,0.0,0.1,162.11,0.0,0.0,160.5,0.9999253857184062,1.0,1315.6085192400035,1000.0,1315.4475192400034,1000.0,0.012322054595210984,0.0
16168,1700365080000.0,0.0,0.0,0.1,162.11,0.0,0.0,160.0,0.9999253857184062,1.0,1315.6085192400035,1000.0,1315.3975192400035,1000.0,0.012322054595210984,0.0
16169,1700368680000.0,0.0,0.0,0.1,162.11,0.0,0.0,160.3,0.9999253857184062,1.0,1315.6085192400035,1000.0,1315.4275192400034,1000.0,0.012322054595210984,0.0
16170,1700372280000.0,0.0,0.0,0.1,162.11,0.0,0.0,160.7,0.9999253857184062,1.0,1315.6085192400035,1000.0,1315.4675192400034,1000.0,0.012322054595210984,0.0
16171,1700375880000.0,0.0,0.0,0.1,162.11,0.0,0.0,160.8,0.9999253857184062,1.0,1315.6085192400035,1000.0,1315.4775192400034,1000.0,0.012322054595210984,0.0
16172,1700379480000.0,0.0,0.0,0.1,162.11,0.0,0.0,161.0,0.9999253857184062,1.0,1315.6085192400035,1000.0,1315.4975192400034,1000.0,0.012322054595210984,0.0
16173,1700383080000.0,0.0,0.0,0.1,162.11,0.0,0.0,160.7,0.9999253857184062,1.0,1315.6085192400035,1000.0,1315.4675192400034,1000.0,0.012322054595210984,0.0
16174,1700386680000.0,0.0,0.0,0.1,162.11,0.0,0.0,160.65,0.9999253857184062,1.0,1315.6085192400035,1000.0,1315.4625192400035,1000.0,0.012322054595210984,0.0
16175,1700390280000.0,0.0,0.0,0.1,162.11,0.0,0.0,161.05,0.9999253857184062,1.0,1315.6085192400035,1000.0,1315.5025192400035,1000.0,0.012322054595210984,0.0
16176,1700393880000.0,0.0,0.0,0.1,162.11,0.0,0.0,159.7,0.9999253857184062,1.0,1315.6085192400035,1000.0,1315.3675192400035,1000.0,0.012322054595210984,0.0
16177,1700397480000.0,0.0,0.0,0.1,162.11,0.0,0.0,160.0,0.9999253857184062,1.0,1315.6085192400035,1000.0,1315.3975192400035,1000.0,0.012322054595210984,0.0
16178,1700401080000.0,0.0,0.0,0.1,162.11,0.0,0.0,160.65,0.9999253857184062,1.0,1315.6085192400035,1000.0,1315.4625192400035,1000.0,0.012322054595210984,0.0
16179,1700404680000.0,0.0,0.0,0.1,162.11,0.0,0.0,160.5,0.9999253857184062,1.0,1315.6085192400035,1000.0,1315.4475192400034,1000.0,0.012322054595210984,0.0
16180,1700408280000.0,0.0,0.0,0.1,162.11,0.0,0.0,161.5,0.9999253857184062,1.0,1315.6085192400035,1000.0,1315.5475192400036,1000.0,0.012322054595210984,0.0
16181,1700411880000.0,0.0,0.0,0.1,162.11,0.0,0.0,162.35,0.9999253857184062,1.0,1315.6085192400035,1000.0,1315.6325192400034,1000.0,0.012322054595210984,0.0
16182,1700415480000.0,0.0,0.0,0.1,162.11,0.0,0.0,162.2,0.9999253857184062,1.0,1315.6085192400035,1000.0,1315.6175192400035,1000.0,0.012322054595210984,0.0
16183,1700419080000.0,0.0,0.0,0.1,162.11,0.0,0.0,162.85,0.9999253857184062,1.0,1315.6085192400035,1000.0,1315.6825192400036,1000.0,0.012322054595210984,0.0
16184,1700422680000.0,0.0,0.0,0.1,162.11,0.0,0.0,163.85,0.9999253857184062,1.0,1315.6085192400035,1000.0,1315.7825192400035,1000.0,0.012322054595210984,0.0
16185,1700426280000.0,0.0,0.0,0.1,162.11,0.0,0.0,163.0,0.9999253857184062,1.0,1315.6085192400035,1000.0,1315.6975192400034,1000.0,0.012322054595210984,0.0
16186,1700429880000.0,0.0,0.0,0.1,162.11,0.0,0.0,163.65,0.9999253857184062,1.0,1315.6085192400035,1000.0,1315.7625192400035,1000.0,0.012322054595210984,0.0
16187,1700433480000.0,0.0,0.0,0.1,162.11,0.0,0.0,162.95,0.9999253857184062,1.0,1315.6085192400035,1000.0,1315.6925192400035,1000.0,0.012322054595210984,0.0
16188,1700437080000.0,0.0,0.0,0.1,162.11,0.0,0.0,164.05,0.9999253857184062,1.0,1315.6085192400035,1000.0,1315.8025192400034,1000.0,0.012322054595210984,0.0
16189,1700440680000.0,0.0,0.0,0.1,162.11,0.0,0.0,164.05,0.9999253857184062,1.0,1315.6085192400035,1000.0,1315.8025192400034,1000.0,0.012322054595210984,0.0
16190,1700444280000.0,0.0,0.0,0.1,162.11,0.0,0.0,163.85,0.9999253857184062,1.0,1315.6085192400035,1000.0,1315.7825192400035,1000.0,0.012322054595210984,0.0
16191,1700447880000.0,0.0,0.0,0.1,162.11,0.0,0.0,163.9,0.9999253857184062,1.0,1315.6085192400035,1000.0,1315.7875192400036,1000.0,0.012322054595210984,0.0
16192,1700451480000.0,0.0,0.0,0.1,162.11,0.0,0.0,163.45,0.9999253857184062,1.0,1315.6085192400035,1000.0,1315.7425192400035,1000.0,0.012322054595210984,0.0
16193,1700455080000.0,0.0,0.0,0.1,162.11,0.0,0.0,164.3,0.9999253857184062,1.0,1315.6085192400035,1000.0,1315.8275192400035,1000.0,0.012322054595210984,0.0
16194,1700458680000.0,0.0,0.0,0.1,162.11,0.0,0.0,163.4,0.9999253857184062,1.0,1315.6085192400035,1000.0,1315.7375192400034,1000.0,0.012322054595210984,0.0
16195,1700462280000.0,0.0,0.0,0.1,162.11,0.0,0.0,164.25,0.9999253857184062,1.0,1315.6085192400035,1000.0,1315.8225192400034,1000.0,0.012322054595210984,0.0
16196,1700465880000.0,0.0,0.0,0.1,162.11,0.0,0.0,164.35,0.9999253857184062,1.0,1315.6085192400035,1000.0,1315.8325192400034,1000.0,0.012322054595210984,0.0
16197,1700469480000.0,0.0,0.0,0.1,162.11,0.0,0.0,164.25,0.9999253857184062,1.0,1315.6085192400035,1000.0,1315.8225192400034,1000.0,0.012322054595210984,0.0
16198,1700473080000.0,0.0,0.0,0.1,162.11,0.0,0.0,163.95,0.9999253857184062,1.0,1315.6085192400035,1000.0,1315.7925192400035,1000.0,0.012322054595210984,0.0
16199,1700476680000.0,0.0,0.0,0.1,162.11,0.0,0.0,163.75,0.9999253857184062,1.0,1315.6085192400035,1000.0,1315.7725192400035,1000.0,0.012322054595210984,0.0
16200,1700480280000.0,0.0,0.0,0.1,162.11,0.0,0.0,163.6,0.9999253857184062,1.0,1315.6085192400035,1000.0,1315.7575192400034,1000.0,0.012322054595210984,0.0
16201,1700483880000.0,0.0,0.0,0.1,162.11,0.0,0.0,162.95,0.9999253857184062,1.0,1315.6085192400035,1000.0,1315.6925192400035,1000.0,0.012322054595210984,0.0
16202,1700487480000.0,0.0,0.0,0.1,162.11,0.0,0.0,163.85,0.9999253857184062,1.0,1315.6085192400035,1000.0,1315.7825192400035,1000.0,0.012322054595210984,0.0
16203,1700491080000.0,0.0,0.0,0.1,162.11,0.0,0.0,164.65,0.9999253857184062,1.0,1315.6085192400035,1000.0,1315.8625192400034,1000.0,0.012322054595210984,0.0
16204,1700494680000.0,0.0,0.0,0.1,162.11,0.0,0.0,164.85,0.9999253857184062,1.0,1315.6085192400035,1000.0,1315.8825192400034,1000.0,0.012322054595210984,0.0
16205,1700498280000.0,0.0,0.0,0.1,162.11,0.0,0.0,163.7,0.9999253857184062,1.0,1315.6085192400035,1000.0,1315.7675192400036,1000.0,0.012322054595210984,0.0
16206,1700501880000.0,0.0,0.0,0.1,162.11,0.0,0.0,163.9,0.9999253857184062,1.0,1315.6085192400035,1000.0,1315.7875192400036,1000.0,0.012322054595210984,0.0
16207,1700505480000.0,0.0,0.0,0.1,162.11,0.0,0.0,164.0,0.9999253857184062,1.0,1315.6085192400035,1000.0,1315.7975192400036,1000.0,0.012322054595210984,0.0
16208,1700509080000.0,0.0,0.0,0.1,162.11,0.0,0.0,163.8,0.9999253857184062,1.0,1315.6085192400035,1000.0,1315.7775192400036,1000.0,0.012322054595210984,0.0
16209,1700512680000.0,0.0,0.0,0.1,162.11,0.0,0.0,163.7,0.9999253857184062,1.0,1315.6085192400035,1000.0,1315.7675192400036,1000.0,0.012322054595210984,0.0
16210,1700516280000.0,0.0,0.0,0.1,162.11,0.0,0.0,162.6,0.9999253857184062,1.0,1315.6085192400035,1000.0,1315.6575192400035,1000.0,0.012322054595210984,0.0
16211,1700519880000.0,0.0,0.0,0.1,162.11,0.0,0.0,164.2,0.9999253857184062,1.0,1315.6085192400035,1000.0,1315.8175192400035,1000.0,0.012322054595210984,0.0
16212,1700523480000.0,0.0,0.0,0.1,162.11,0.0,0.0,163.45,0.9999253857184062,1.0,1315.6085192400035,1000.0,1315.7425192400035,1000.0,0.012322054595210984,0.0
16213,1700527080000.0,0.0,0.0,0.1,162.11,0.0,0.0,163.75,0.9999253857184062,1.0,1315.6085192400035,1000.0,1315.7725192400035,1000.0,0.012322054595210984,0.0
16214,1700530680000.0,0.0,0.0,0.1,162.11,0.0,0.0,164.7,0.9999253857184062,1.0,1315.6085192400035,1000.0,1315.8675192400035,1000.0,0.012322054595210984,0.0
16215,1700534280000.0,0.0,0.0,0.1,162.11,0.0,0.0,164.35,0.9999253857184062,1.0,1315.6085192400035,1000.0,1315.8325192400034,1000.0,0.012322054595210984,0.0
16216,1700537880000.0,0.0,0.0,0.1,162.11,0.0,0.0,164.9,0.9999253857184062,1.0,1315.6085192400035,1000.0,1315.8875192400035,1000.0,0.012322054595210984,0.0
16217,1700541480000.0,0.0,0.0,0.1,162.11,0.0,0.0,165.0,0.9999253857184062,1.0,1315.6085192400035,1000.0,1315.8975192400035,1000.0,0.012322054595210984,0.0
16218,1700545080000.0,0.0,0.0,0.1,162.11,0.0,0.0,164.2,0.9999253857184062,1.0,1315.6085192400035,1000.0,1315.8175192400035,1000.0,0.012322054595210984,0.0
16219,1700548680000.0,0.0,0.0,0.1,162.11,0.0,0.0,165.2,0.9999253857184062,1.0,1315.6085192400035,1000.0,1315.9175192400035,1000.0,0.012322054595210984,0.0
16220,1700552280000.0,0.0,0.0,0.1,162.11,0.0,0.0,164.8,0.9999253857184062,1.0,1315.6085192400035,1000.0,1315.8775192400035,1000.0,0.012322054595210984,0.0
16221,1700555880000.0,0.0,0.0,0.1,162.11,0.0,0.0,164.8,0.9999253857184062,1.0,1315.6085192400035,1000.0,1315.8775192400035,1000.0,0.012322054595210984,0.0
16222,1700559480000.0,0.0,0.0,0.1,162.11,0.0,0.0,164.85,0.9999253857184062,1.0,1315.6085192400035,1000.0,1315.8825192400034,1000.0,0.012322054595210984,0.0
16223,1700563080000.0,0.0,0.0,0.1,162.11,0.0,0.0,165.25,0.9999253857184062,1.0,1315.6085192400035,1000.0,1315.9225192400036,1000.0,0.012322054595210984,0.0
16224,1700566680000.0,0.0,0.0,0.1,162.11,0.0,0.0,164.85,0.9999253857184062,1.0,1315.6085192400035,1000.0,1315.8825192400034,1000.0,0.012322054595210984,0.0
16225,1700570280000.0,0.0,0.0,0.1,162.11,0.0,0.0,165.85,0.9999253857184062,1.0,1315.6085192400035,1000.0,1315.9825192400035,1000.0,0.012322054595210984,0.0
16226,1700573880000.0,0.0,0.0,0.1,162.11,0.0,0.0,165.05,0.9999253857184062,1.0,1315.6085192400035,1000.0,1315.9025192400036,1000.0,0.012322054595210984,0.0
16227,1700577480000.0,0.0,0.0,0.1,162.11,0.0,0.0,164.0,0.9999253857184062,1.0,1315.6085192400035,1000.0,1315.7975192400036,1000.0,0.012322054595210984,0.0
16228,1700581080000.0,0.0,0.0,0.1,162.11,0.0,0.0,163.0,0.9999253857184062,1.0,1315.6085192400035,1000.0,1315.6975192400034,1000.0,0.012322054595210984,0.0
16229,1700584680000.0,0.0,0.0,0.1,162.11,0.0,0.0,165.0,0.9999253857184062,1.0,1315.6085192400035,1000.0,1315.8975192400035,1000.0,0.012322054595210984,0.0
16230,1700588280000.0,0.0,0.0,0.1,162.11,0.0,0.0,163.55,0.9999253857184062,1.0,1315.6085192400035,1000.0,1315.7525192400035,1000.0,0.012322054595210984,0.0
16231,1700591880000.0,0.0,0.0,0.1,162.11,0.0,0.0,161.35,0.9999253857184062,1.0,1315.6085192400035,1000.0,1315.5325192400035,1000.0,0.012322054595210984,0.0
16232,1700595480000.0,0.0,0.0,0.1,162.11,0.0,0.0,161.65,0.9999253857184062,1.0,1315.6085192400035,1000.0,1315.5625192400034,1000.0,0.012322054595210984,0.0
16233,1700599080000.0,0.0,0.0,0.1,162.11,0.0,0.0,161.9,0.9999253857184062,1.0,1315.6085192400035,1000.0,1315.5875192400035,1000.0,0.012322054595210984,0.0
16234,1700602680000.0,0.0,0.0,0.1,162.11,0.0,0.0,162.75,0.9999253857184062,1.0,1315.6085192400035,1000.0,1315.6725192400036,1000.0,0.012322054595210984,0.0
16235,1700606280000.0,0.0,0.0,0.1,162.11,0.0,0.0,160.7,0.9999253857184062,1.0,1315.6085192400035,1000.0,1315.4675192400034,1000.0,0.012322054595210984,0.0
16236,1700609880000.0,0.0,0.0,0.33,159.25242424242424,0.0,0.0,159.7,0.9999253857184062,1.0,1315.6012507800035,1000.0,1315.7489507800035,1000.0,0.03994622228341742,0.0
16237,1700613480000.0,0.0,0.0,0.33,159.25242424242424,0.0,0.0,159.35,0.9999253857184062,1.0,1315.6012507800035,1000.0,1315.6334507800036,1000.0,0.03994622228341742,0.0
16238,1700617080000.0,0.0,0.0,0.33,159.25242424242424,0.0,0.0,159.15,0.9999253857184062,1.0,1315.6012507800035,1000.0,1315.5674507800036,1000.0,0.03994622228341742,0.0
16239,1700620680000.0,0.0,0.0,0.33,159.25242424242424,0.0,0.0,159.7,0.9999253857184062,1.0,1315.6012507800035,1000.0,1315.7489507800035,1000.0,0.03994622228341742,0.0
16240,1700624280000.0,0.0,0.0,0.33,159.25242424242424,0.0,0.0,160.45,0.9999253857184062,1.0,1315.6012507800035,1000.0,1315.9964507800034,1000.0,0.03994622228341742,0.0
16241,1700627880000.0,0.0,0.0,0.33,159.25242424242424,0.0,0.0,161.9,0.9999253857184062,1.0,1315.6012507800035,1000.0,1316.4749507800036,1000.0,0.03994622228341742,0.0
16242,1700631480000.0,0.0,0.0,0.33,159.25242424242424,0.0,0.0,162.7,0.9999253857184062,1.0,1315.6012507800035,1000.0,1316.7389507800035,1000.0,0.03994622228341742,0.0
16243,1700635080000.0,0.0,0.0,0.33,159.25242424242424,0.0,0.0,162.2,0.9999253857184062,1.0,1315.6012507800035,1000.0,1316.5739507800035,1000.0,0.03994622228341742,0.0
16244,1700638680000.0,0.0,0.0,0.33,159.25242424242424,0.0,0.0,162.1,0.9999253857184062,1.0,1315.6012507800035,1000.0,1316.5409507800034,1000.0,0.03994622228341742,0.0
16245,1700642280000.0,0.0,0.0,0.33,159.25242424242424,0.0,0.0,162.85,0.9999253857184062,1.0,1315.6012507800035,1000.0,1316.7884507800036,1000.0,0.03994622228341742,0.0
16246,1700645880000.0,0.0,0.0,0.33,159.25242424242424,0.0,0.0,163.05,0.9999253857184062,1.0,1315.6012507800035,1000.0,1316.8544507800036,1000.0,0.03994622228341742,0.0
16247,1700649480000.0,0.0,0.0,0.33,159.25242424242424,0.0,0.0,163.15,0.9999253857184062,1.0,1315.6012507800035,1000.0,1316.8874507800035,1000.0,0.03994622228341742,0.0
16248,1700653080000.0,0.0,0.0,0.33,159.25242424242424,0.0,0.0,163.25,0.9999253857184062,1.0,1315.6012507800035,1000.0,1316.9204507800034,1000.0,0.03994622228341742,0.0
16249,1700656680000.0,0.0,0.0,0.33,159.25242424242424,0.0,0.0,163.6,0.9999253857184062,1.0,1315.6012507800035,1000.0,1317.0359507800035,1000.0,0.03994622228341742,0.0
16250,1700660280000.0,0.0,0.0,0.33,159.25242424242424,0.0,0.0,162.9,0.9999253857184062,1.0,1315.6012507800035,1000.0,1316.8049507800035,1000.0,0.03994622228341742,0.0
16251,1700663880000.0,0.0,0.0,0.33,159.25242424242424,0.0,0.0,162.8,0.9999253857184062,1.0,1315.6012507800035,1000.0,1316.7719507800034,1000.0,0.03994622228341742,0.0
16252,1700667480000.0,0.0,0.0,0.33,159.25242424242424,0.0,0.0,162.85,0.9999253857184062,1.0,1315.6012507800035,1000.0,1316.7884507800036,1000.0,0.03994622228341742,0.0
16253,1700671080000.0,0.0,0.0,0.33,159.25242424242424,0.0,0.0,162.75,0.9999253857184062,1.0,1315.6012507800035,1000.0,1316.7554507800035,1000.0,0.03994622228341742,0.0
16254,1700674680000.0,0.0,0.0,0.33,159.25242424242424,0.0,0.0,162.9,0.9999253857184062,1.0,1315.6012507800035,1000.0,1316.8049507800035,1000.0,0.03994622228341742,0.0
16255,1700678280000.0,0.0,0.0,0.33,159.25242424242424,0.0,0.0,163.3,0.9999253857184062,1.0,1315.6012507800035,1000.0,1316.9369507800036,1000.0,0.03994622228341742,0.0
16256,1700681880000.0,0.0,0.0,0.33,159.25242424242424,0.0,0.0,162.8,0.9999253857184062,1.0,1315.6012507800035,1000.0,1316.7719507800034,1000.0,0.03994622228341742,0.0
16257,1700685480000.0,0.0,0.0,0.33,159.25242424242424,0.0,0.0,162.95,0.9999253857184062,1.0,1315.6012507800035,1000.0,1316.8214507800035,1000.0,0.03994622228341742,0.0
16258,1700689080000.0,0.0,0.0,0.33,159.25242424242424,0.0,0.0,163.7,0.9999253857184062,1.0,1315.6012507800035,1000.0,1317.0689507800034,1000.0,0.03994622228341742,0.0
16259,1700692680000.0,0.0,0.0,0.33,159.25242424242424,0.0,0.0,163.1,0.9999253857184062,1.0,1315.6012507800035,1000.0,1316.8709507800036,1000.0,0.03994622228341742,0.0
16260,1700696280000.0,0.0,0.0,0.33,159.25242424242424,0.0,0.0,163.55,0.9999253857184062,1.0,1315.6012507800035,1000.0,1317.0194507800036,1000.0,0.03994622228341742,0.0
16261,1700699880000.0,0.0,0.0,0.33,159.25242424242424,0.0,0.0,163.6,0.9999253857184062,1.0,1315.6012507800035,1000.0,1317.0359507800035,1000.0,0.03994622228341742,0.0
16262,1700703480000.0,0.0,0.0,0.15,159.25242424242424,0.0,0.0,164.05,0.9999253857184062,1.0,1316.4553093363672,1000.0,1317.1749457000035,1000.0,0.0181455940562127,0.0
16263,1700707080000.0,0.0,0.0,0.1,159.25242424242424,0.0,0.0,163.9,0.9999253857184062,1.0,1316.692547824246,1000.0,1317.1573054000037,1000.0,0.012094883084557527,0.0
16264,1700710680000.0,0.0,0.0,0.04,159.25242424242424,0.0,0.0,164.0,0.9999253857184062,1.0,1316.9772340097006,1000.0,1317.1671370400036,1000.0,0.004836907431043754,0.0
16265,1700714280000.0,0.0,0.0,0.0,159.25242424242424,0.0,0.0,164.65,0.9999253857184062,1.0,1317.1670248000037,1000.0,1317.1670248000037,1000.0,0.0,0.0
16266,1700717880000.0,0.0,0.0,0.0,159.25242424242424,0.0,0.0,164.85,0.9999253857184062,1.0,1317.1670248000037,1000.0,1317.1670248000037,1000.0,0.0,0.0
16267,1700721480000.0,0.0,0.0,0.0,159.25242424242424,0.0,0.0,165.75,0.9999253857184062,1.0,1317.1670248000037,1000.0,1317.1670248000037,1000.0,0.0,0.0
16268,1700725080000.0,0.0,0.0,0.0,159.25242424242424,0.0,0.0,165.35,0.9999253857184062,1.0,1317.1670248000037,1000.0,1317.1670248000037,1000.0,0.0,0.0
16269,1700728680000.0,0.0,0.0,0.0,159.25242424242424,0.0,0.0,166.95,0.9999253857184062,1.0,1317.1670248000037,1000.0,1317.1670248000037,1000.0,0.0,0.0
16270,1700732280000.0,0.0,0.0,0.0,159.25242424242424,0.0,0.0,167.75,0.9999253857184062,1.0,1317.1670248000037,1000.0,1317.1670248000037,1000.0,0.0,0.0
16271,1700735880000.0,0.0,0.0,0.0,159.25242424242424,0.0,0.0,167.05,0.9999253857184062,1.0,1317.1670248000037,1000.0,1317.1670248000037,1000.0,0.0,0.0
16272,1700739480000.0,0.0,0.0,0.0,159.25242424242424,0.0,0.0,165.9,0.9999253857184062,1.0,1317.1670248000037,1000.0,1317.1670248000037,1000.0,0.0,0.0
16273,1700743080000.0,0.0,0.0,0.0,159.25242424242424,0.0,0.0,166.8,0.9999253857184062,1.0,1317.1670248000037,1000.0,1317.1670248000037,1000.0,0.0,0.0
16274,1700746680000.0,0.0,0.0,0.0,159.25242424242424,0.0,0.0,166.1,0.9999253857184062,1.0,1317.1670248000037,1000.0,1317.1670248000037,1000.0,0.0,0.0
16275,1700750280000.0,0.0,0.0,0.0,159.25242424242424,0.0,0.0,166.05,0.9999253857184062,1.0,1317.1670248000037,1000.0,1317.1670248000037,1000.0,0.0,0.0
16276,1700753880000.0,0.0,0.0,0.0,159.25242424242424,0.0,0.0,165.6,0.9999253857184062,1.0,1317.1670248000037,1000.0,1317.1670248000037,1000.0,0.0,0.0
16277,1700757480000.0,0.0,0.0,0.0,159.25242424242424,0.0,0.0,166.45,0.9999253857184062,1.0,1317.1670248000037,1000.0,1317.1670248000037,1000.0,0.0,0.0
16278,1700761080000.0,0.0,0.0,0.0,159.25242424242424,0.0,0.0,165.8,0.9999253857184062,1.0,1317.1670248000037,1000.0,1317.1670248000037,1000.0,0.0,0.0
16279,1700764680000.0,0.0,0.0,0.0,159.25242424242424,0.0,0.0,166.5,0.9999253857184062,1.0,1317.1670248000037,1000.0,1317.1670248000037,1000.0,0.0,0.0
16280,1700768280000.0,0.0,0.0,0.0,159.25242424242424,0.0,0.0,166.5,0.9999253857184062,1.0,1317.1670248000037,1000.0,1317.1670248000037,1000.0,0.0,0.0
16281,1700771880000.0,0.0,0.0,0.0,159.25242424242424,0.0,0.0,167.45,0.9999253857184062,1.0,1317.1670248000037,1000.0,1317.1670248000037,1000.0,0.0,0.0
16282,1700775480000.0,0.0,0.0,0.0,159.25242424242424,0.0,0.0,167.1,0.9999253857184062,1.0,1317.1670248000037,1000.0,1317.1670248000037,1000.0,0.0,0.0
16283,1700779080000.0,0.0,0.0,0.0,159.25242424242424,0.0,0.0,166.6,0.9999253857184062,1.0,1317.1670248000037,1000.0,1317.1670248000037,1000.0,0.0,0.0
16284,1700782680000.0,0.0,0.0,0.0,159.25242424242424,0.0,0.0,166.5,0.9999253857184062,1.0,1317.1670248000037,1000.0,1317.1670248000037,1000.0,0.0,0.0
16285,1700786280000.0,0.0,0.0,0.0,159.25242424242424,0.0,0.0,166.75,0.9999253857184062,1.0,1317.1670248000037,1000.0,1317.1670248000037,1000.0,0.0,0.0
16286,1700789880000.0,0.0,0.0,0.0,159.25242424242424,0.0,0.0,167.05,0.9999253857184062,1.0,1317.1670248000037,1000.0,1317.1670248000037,1000.0,0.0,0.0
16287,1700793480000.0,0.0,0.0,0.0,159.25242424242424,0.0,0.0,167.1,0.9999253857184062,1.0,1317.1670248000037,1000.0,1317.1670248000037,1000.0,0.0,0.0
16288,1700797080000.0,0.0,0.0,0.0,159.25242424242424,0.0,0.0,167.25,0.9999253857184062,1.0,1317.1670248000037,1000.0,1317.1670248000037,1000.0,0.0,0.0
16289,1700800680000.0,0.0,0.0,0.0,159.25242424242424,0.0,0.0,166.95,0.9999253857184062,1.0,1317.1670248000037,1000.0,1317.1670248000037,1000.0,0.0,0.0
16290,1700804280000.0,0.0,0.0,0.0,159.25242424242424,0.0,0.0,167.5,0.9999253857184062,1.0,1317.1670248000037,1000.0,1317.1670248000037,1000.0,0.0,0.0
16291,1700807880000.0,0.0,0.0,0.0,159.25242424242424,0.0,0.0,168.2,0.9999253857184062,1.0,1317.1670248000037,1000.0,1317.1670248000037,1000.0,0.0,0.0
16292,1700811480000.0,0.0,0.0,0.0,159.25242424242424,0.0,0.0,168.4,0.9999253857184062,1.0,1317.1670248000037,1000.0,1317.1670248000037,1000.0,0.0,0.0
16293,1700815080000.0,0.0,0.0,0.0,159.25242424242424,0.0,0.0,169.1,0.9999253857184062,1.0,1317.1670248000037,1000.0,1317.1670248000037,1000.0,0.0,0.0
16294,1700818680000.0,0.0,0.0,0.0,159.25242424242424,0.0,0.0,169.65,0.9999253857184062,1.0,1317.1670248000037,1000.0,1317.1670248000037,1000.0,0.0,0.0
16295,1700822280000.0,0.0,0.0,0.0,159.25242424242424,0.0,0.0,169.05,0.9999253857184062,1.0,1317.1670248000037,1000.0,1317.1670248000037,1000.0,0.0,0.0
16296,1700825880000.0,0.0,0.0,0.0,159.25242424242424,0.0,0.0,168.15,0.9999253857184062,1.0,1317.1670248000037,1000.0,1317.1670248000037,1000.0,0.0,0.0
16297,1700829480000.0,0.0,0.0,0.0,159.25242424242424,0.0,0.0,168.25,0.9999253857184062,1.0,1317.1670248000037,1000.0,1317.1670248000037,1000.0,0.0,0.0
16298,1700833080000.0,0.0,0.0,0.0,159.25242424242424,0.0,0.0,168.75,0.9999253857184062,1.0,1317.1670248000037,1000.0,1317.1670248000037,1000.0,0.0,0.0
16299,1700836680000.0,0.0,0.0,0.0,159.25242424242424,0.0,0.0,169.3,0.9999253857184062,1.0,1317.1670248000037,1000.0,1317.1670248000037,1000.0,0.0,0.0
16300,1700840280000.0,0.0,0.0,0.0,159.25242424242424,0.0,0.0,169.35,0.9999253857184062,1.0,1317.1670248000037,1000.0,1317.1670248000037,1000.0,0.0,0.0
16301,1700843880000.0,0.0,0.0,0.0,159.25242424242424,0.0,0.0,168.6,0.9999253857184062,1.0,1317.1670248000037,1000.0,1317.1670248000037,1000.0,0.0,0.0
16302,1700847480000.0,0.0,0.0,0.0,159.25242424242424,0.0,0.0,168.9,0.9999253857184062,1.0,1317.1670248000037,1000.0,1317.1670248000037,1000.0,0.0,0.0
16303,1700851080000.0,0.0,0.0,0.0,159.25242424242424,0.0,0.0,168.0,0.9999253857184062,1.0,1317.1670248000037,1000.0,1317.1670248000037,1000.0,0.0,0.0
16304,1700854680000.0,0.0,0.0,0.0,159.25242424242424,0.0,0.0,168.4,0.9999253857184062,1.0,1317.1670248000037,1000.0,1317.1670248000037,1000.0,0.0,0.0
16305,1700858280000.0,0.0,0.0,0.0,159.25242424242424,0.0,0.0,170.8,0.9999253857184062,1.0,1317.1670248000037,1000.0,1317.1670248000037,1000.0,0.0,0.0
16306,1700861880000.0,0.0,0.0,0.0,159.25242424242424,0.0,0.0,171.25,0.9999253857184062,1.0,1317.1670248000037,1000.0,1317.1670248000037,1000.0,0.0,0.0
16307,1700865480000.0,0.0,0.0,0.0,159.25242424242424,0.0,0.0,170.3,0.9999253857184062,1.0,1317.1670248000037,1000.0,1317.1670248000037,1000.0,0.0,0.0
16308,1700869080000.0,0.0,0.0,0.0,159.25242424242424,0.0,0.0,170.05,0.9999253857184062,1.0,1317.1670248000037,1000.0,1317.1670248000037,1000.0,0.0,0.0
16309,1700872680000.0,0.0,0.0,0.0,159.25242424242424,0.0,0.0,170.2,0.9999253857184062,1.0,1317.1670248000037,1000.0,1317.1670248000037,1000.0,0.0,0.0
16310,1700876280000.0,0.0,0.0,0.0,159.25242424242424,0.0,0.0,170.9,0.9999253857184062,1.0,1317.1670248000037,1000.0,1317.1670248000037,1000.0,0.0,0.0
16311,1700879880000.0,0.0,0.0,0.0,159.25242424242424,0.0,0.0,170.85,0.9999253857184062,1.0,1317.1670248000037,1000.0,1317.1670248000037,1000.0,0.0,0.0
16312,1700883480000.0,0.0,0.0,0.0,159.25242424242424,0.0,0.0,171.05,0.9999253857184062,1.0,1317.1670248000037,1000.0,1317.1670248000037,1000.0,0.0,0.0
16313,1700887080000.0,0.0,0.0,0.0,159.25242424242424,0.0,0.0,170.8,0.9999253857184062,1.0,1317.1670248000037,1000.0,1317.1670248000037,1000.0,0.0,0.0
16314,1700890680000.0,0.0,0.0,0.0,159.25242424242424,0.0,0.0,170.7,0.9999253857184062,1.0,1317.1670248000037,1000.0,1317.1670248000037,1000.0,0.0,0.0
16315,1700894280000.0,0.0,0.0,0.0,159.25242424242424,0.0,0.0,170.75,0.9999253857184062,1.0,1317.1670248000037,1000.0,1317.1670248000037,1000.0,0.0,0.0
16316,1700897880000.0,0.0,0.0,0.0,159.25242424242424,0.0,0.0,171.1,0.9999253857184062,1.0,1317.1670248000037,1000.0,1317.1670248000037,1000.0,0.0,0.0
16317,1700901480000.0,0.0,0.0,0.0,159.25242424242424,0.0,0.0,171.0,0.9999253857184062,1.0,1317.1670248000037,1000.0,1317.1670248000037,1000.0,0.0,0.0
16318,1700905080000.0,0.0,0.0,0.0,159.25242424242424,0.0,0.0,170.7,0.9999253857184062,1.0,1317.1670248000037,1000.0,1317.1670248000037,1000.0,0.0,0.0
16319,1700908680000.0,0.0,0.0,0.0,159.25242424242424,0.0,0.0,170.2,0.9999253857184062,1.0,1317.1670248000037,1000.0,1317.1670248000037,1000.0,0.0,0.0
16320,1700912280000.0,0.0,0.0,0.0,159.25242424242424,0.0,0.0,170.15,0.9999253857184062,1.0,1317.1670248000037,1000.0,1317.1670248000037,1000.0,0.0,0.0
16321,1700915880000.0,0.0,0.0,0.0,159.25242424242424,0.0,0.0,170.65,0.9999253857184062,1.0,1317.1670248000037,1000.0,1317.1670248000037,1000.0,0.0,0.0
16322,1700919480000.0,0.0,0.0,0.0,159.25242424242424,0.0,0.0,171.35,0.9999253857184062,1.0,1317.1670248000037,1000.0,1317.1670248000037,1000.0,0.0,0.0
16323,1700923080000.0,0.0,0.0,0.0,159.25242424242424,0.0,0.0,171.7,0.9999253857184062,1.0,1317.1670248000037,1000.0,1317.1670248000037,1000.0,0.0,0.0
16324,1700926680000.0,0.0,0.0,0.0,159.25242424242424,0.0,0.0,172.1,0.9999253857184062,1.0,1317.1670248000037,1000.0,1317.1670248000037,1000.0,0.0,0.0
16325,1700930280000.0,0.0,0.0,0.0,159.25242424242424,0.0,0.0,171.25,0.9999253857184062,1.0,1317.1670248000037,1000.0,1317.1670248000037,1000.0,0.0,0.0
16326,1700933880000.0,0.0,0.0,0.0,159.25242424242424,0.0,0.0,171.5,0.9999253857184062,1.0,1317.1670248000037,1000.0,1317.1670248000037,1000.0,0.0,0.0
16327,1700937480000.0,0.0,0.0,0.0,159.25242424242424,0.0,0.0,172.2,0.9999253857184062,1.0,1317.1670248000037,1000.0,1317.1670248000037,1000.0,0.0,0.0
16328,1700941080000.0,0.0,0.0,0.0,159.25242424242424,0.0,0.0,171.85,0.9999253857184062,1.0,1317.1670248000037,1000.0,1317.1670248000037,1000.0,0.0,0.0
16329,1700944680000.0,0.0,0.0,0.0,159.25242424242424,0.0,0.0,172.35,0.9999253857184062,1.0,1317.1670248000037,1000.0,1317.1670248000037,1000.0,0.0,0.0
16330,1700948280000.0,0.0,0.0,0.0,159.25242424242424,0.0,0.0,171.75,0.9999253857184062,1.0,1317.1670248000037,1000.0,1317.1670248000037,1000.0,0.0,0.0
16331,1700951880000.0,0.0,0.0,0.0,159.25242424242424,0.0,0.0,171.75,0.9999253857184062,1.0,1317.1670248000037,1000.0,1317.1670248000037,1000.0,0.0,0.0
16332,1700955480000.0,0.0,0.0,0.0,159.25242424242424,0.0,0.0,172.0,0.9999253857184062,1.0,1317.1670248000037,1000.0,1317.1670248000037,1000.0,0.0,0.0
16333,1700959080000.0,0.0,0.0,0.0,159.25242424242424,0.0,0.0,171.95,0.9999253857184062,1.0,1317.1670248000037,1000.0,1317.1670248000037,1000.0,0.0,0.0
16334,1700962680000.0,0.0,0.0,0.0,159.25242424242424,0.0,0.0,172.0,0.9999253857184062,1.0,1317.1670248000037,1000.0,1317.1670248000037,1000.0,0.0,0.0
16335,1700966280000.0,0.0,0.0,0.0,159.25242424242424,0.0,0.0,172.55,0.9999253857184062,1.0,1317.1670248000037,1000.0,1317.1670248000037,1000.0,0.0,0.0
16336,1700969880000.0,0.0,0.0,0.0,159.25242424242424,0.0,0.0,172.35,0.9999253857184062,1.0,1317.1670248000037,1000.0,1317.1670248000037,1000.0,0.0,0.0
16337,1700973480000.0,0.0,0.0,0.0,159.25242424242424,0.0,0.0,172.65,0.9999253857184062,1.0,1317.1670248000037,1000.0,1317.1670248000037,1000.0,0.0,0.0
16338,1700977080000.0,0.0,0.0,0.0,159.25242424242424,0.0,0.0,172.9,0.9999253857184062,1.0,1317.1670248000037,1000.0,1317.1670248000037,1000.0,0.0,0.0
16339,1700980680000.0,0.0,0.0,0.0,159.25242424242424,0.0,0.0,172.65,0.9999253857184062,1.0,1317.1670248000037,1000.0,1317.1670248000037,1000.0,0.0,0.0
16340,1700984280000.0,0.0,0.0,0.0,159.25242424242424,0.0,0.0,172.65,0.9999253857184062,1.0,1317.1670248000037,1000.0,1317.1670248000037,1000.0,0.0,0.0
16341,1700987880000.0,0.0,0.0,0.0,159.25242424242424,0.0,0.0,172.35,0.9999253857184062,1.0,1317.1670248000037,1000.0,1317.1670248000037,1000.0,0.0,0.0
16342,1700991480000.0,0.0,0.0,0.0,159.25242424242424,0.0,0.0,172.25,0.9999253857184062,1.0,1317.1670248000037,1000.0,1317.1670248000037,1000.0,0.0,0.0
16343,1700995080000.0,0.0,0.0,0.0,159.25242424242424,0.0,0.0,172.25,0.9999253857184062,1.0,1317.1670248000037,1000.0,1317.1670248000037,1000.0,0.0,0.0
16344,1700998680000.0,0.0,0.0,0.0,159.25242424242424,0.0,0.0,171.3,0.9999253857184062,1.0,1317.1670248000037,1000.0,1317.1670248000037,1000.0,0.0,0.0
16345,1701002280000.0,0.0,0.0,0.0,159.25242424242424,0.0,0.0,171.15,0.9999253857184062,1.0,1317.1670248000037,1000.0,1317.1670248000037,1000.0,0.0,0.0
16346,1701005880000.0,0.0,0.0,0.0,159.25242424242424,0.0,0.0,171.0,0.9999253857184062,1.0,1317.1670248000037,1000.0,1317.1670248000037,1000.0,0.0,0.0
16347,1701009480000.0,0.0,0.0,0.0,159.25242424242424,0.0,0.0,170.35,0.9999253857184062,1.0,1317.1670248000037,1000.0,1317.1670248000037,1000.0,0.0,0.0
16348,1701013080000.0,0.0,0.0,0.0,159.25242424242424,0.0,0.0,169.85,0.9999253857184062,1.0,1317.1670248000037,1000.0,1317.1670248000037,1000.0,0.0,0.0
16349,1701016680000.0,0.0,0.0,0.0,159.25242424242424,0.0,0.0,168.45,0.9999253857184062,1.0,1317.1670248000037,1000.0,1317.1670248000037,1000.0,0.0,0.0
16350,1701020280000.0,0.0,0.0,0.0,159.25242424242424,0.0,0.0,169.25,0.9999253857184062,1.0,1317.1670248000037,1000.0,1317.1670248000037,1000.0,0.0,0.0
16351,1701023880000.0,0.0,0.0,0.0,159.25242424242424,0.0,0.0,170.05,0.9999253857184062,1.0,1317.1670248000037,1000.0,1317.1670248000037,1000.0,0.0,0.0
16352,1701027480000.0,0.0,0.0,0.0,159.25242424242424,0.0,0.0,170.35,0.9999253857184062,1.0,1317.1670248000037,1000.0,1317.1670248000037,1000.0,0.0,0.0
16353,1701031080000.0,0.0,0.0,0.0,159.25242424242424,0.0,0.0,170.4,0.9999253857184062,1.0,1317.1670248000037,1000.0,1317.1670248000037,1000.0,0.0,0.0
16354,1701034680000.0,0.0,0.0,0.0,159.25242424242424,0.0,0.0,169.8,0.9999253857184062,1.0,1317.1670248000037,1000.0,1317.1670248000037,1000.0,0.0,0.0
16355,1701038280000.0,0.0,0.0,0.0,159.25242424242424,0.0,0.0,170.0,0.9999253857184062,1.0,1317.1670248000037,1000.0,1317.1670248000037,1000.0,0.0,0.0
16356,1701041880000.0,0.0,0.0,0.0,159.25242424242424,0.0,0.0,169.8,0.9999253857184062,1.0,1317.1670248000037,1000.0,1317.1670248000037,1000.0,0.0,0.0
16357,1701045480000.0,0.0,0.0,0.0,159.25242424242424,0.0,0.0,170.05,0.9999253857184062,1.0,1317.1670248000037,1000.0,1317.1670248000037,1000.0,0.0,0.0
16358,1701049080000.0,0.0,0.0,0.0,159.25242424242424,0.0,0.0,168.4,0.9999253857184062,1.0,1317.1670248000037,1000.0,1317.1670248000037,1000.0,0.0,0.0
16359,1701052680000.0,0.0,0.0,0.0,159.25242424242424,0.0,0.0,167.15,0.9999253857184062,1.0,1317.1670248000037,1000.0,1317.1670248000037,1000.0,0.0,0.0
16360,1701056280000.0,0.0,0.0,0.0,159.25242424242424,0.0,0.0,166.6,0.9999253857184062,1.0,1317.1670248000037,1000.0,1317.1670248000037,1000.0,0.0,0.0
16361,1701059880000.0,0.0,0.0,0.0,159.25242424242424,0.0,0.0,168.75,0.9999253857184062,1.0,1317.1670248000037,1000.0,1317.1670248000037,1000.0,0.0,0.0
16362,1701063480000.0,0.0,0.0,0.0,159.25242424242424,0.0,0.0,169.7,0.9999253857184062,1.0,1317.1670248000037,1000.0,1317.1670248000037,1000.0,0.0,0.0
16363,1701067080000.0,0.0,0.0,0.0,159.25242424242424,0.0,0.0,168.25,0.9999253857184062,1.0,1317.1670248000037,1000.0,1317.1670248000037,1000.0,0.0,0.0
16364,1701070680000.0,0.0,0.0,0.0,159.25242424242424,0.0,0.0,168.45,0.9999253857184062,1.0,1317.1670248000037,1000.0,1317.1670248000037,1000.0,0.0,0.0
16365,1701074280000.0,0.0,0.0,0.0,159.25242424242424,0.0,0.0,168.25,0.9999253857184062,1.0,1317.1670248000037,1000.0,1317.1670248000037,1000.0,0.0,0.0
16366,1701077880000.0,0.0,0.0,0.0,159.25242424242424,0.0,0.0,168.55,0.9999253857184062,1.0,1317.1670248000037,1000.0,1317.1670248000037,1000.0,0.0,0.0
16367,1701081480000.0,0.0,0.0,0.0,159.25242424242424,0.0,0.0,168.15,0.9999253857184062,1.0,1317.1670248000037,1000.0,1317.1670248000037,1000.0,0.0,0.0
16368,1701085080000.0,0.0,0.0,0.0,159.25242424242424,0.0,0.0,167.55,0.9999253857184062,1.0,1317.1670248000037,1000.0,1317.1670248000037,1000.0,0.0,0.0
16369,1701088680000.0,0.0,0.0,0.0,159.25242424242424,0.0,0.0,168.0,0.9999253857184062,1.0,1317.1670248000037,1000.0,1317.1670248000037,1000.0,0.0,0.0
16370,1701092280000.0,0.0,0.0,0.0,159.25242424242424,0.0,0.0,167.35,0.9999253857184062,1.0,1317.1670248000037,1000.0,1317.1670248000037,1000.0,0.0,0.0
16371,1701095880000.0,0.0,0.0,0.0,159.25242424242424,0.0,0.0,165.95,0.9999253857184062,1.0,1317.1670248000037,1000.0,1317.1670248000037,1000.0,0.0,0.0
16372,1701099480000.0,0.0,0.0,0.0,159.25242424242424,0.0,0.0,166.0,0.9999253857184062,1.0,1317.1670248000037,1000.0,1317.1670248000037,1000.0,0.0,0.0
16373,1701103080000.0,0.0,0.0,0.0,159.25242424242424,0.0,0.0,165.25,0.9999253857184062,1.0,1317.1670248000037,1000.0,1317.1670248000037,1000.0,0.0,0.0
16374,1701106680000.0,0.0,0.0,0.0,159.25242424242424,0.0,0.0,166.15,0.9999253857184062,1.0,1317.1670248000037,1000.0,1317.1670248000037,1000.0,0.0,0.0
16375,1701110280000.0,0.0,0.0,0.0,159.25242424242424,0.0,0.0,165.6,0.9999253857184062,1.0,1317.1670248000037,1000.0,1317.1670248000037,1000.0,0.0,0.0
16376,1701113880000.0,0.0,0.0,0.0,159.25242424242424,0.0,0.0,166.45,0.9999253857184062,1.0,1317.1670248000037,1000.0,1317.1670248000037,1000.0,0.0,0.0
16377,1701117480000.0,0.0,0.0,0.0,159.25242424242424,0.0,0.0,165.5,0.9999253857184062,1.0,1317.1670248000037,1000.0,1317.1670248000037,1000.0,0.0,0.0
16378,1701121080000.0,0.0,0.0,0.0,159.25242424242424,0.0,0.0,166.4,0.9999253857184062,1.0,1317.1670248000037,1000.0,1317.1670248000037,1000.0,0.0,0.0
16379,1701124680000.0,0.0,0.0,0.0,159.25242424242424,0.0,0.0,166.8,0.9999253857184062,1.0,1317.1670248000037,1000.0,1317.1670248000037,1000.0,0.0,0.0
16380,1701128280000.0,0.0,0.0,0.0,159.25242424242424,0.0,0.0,165.85,0.9999253857184062,1.0,1317.1670248000037,1000.0,1317.1670248000037,1000.0,0.0,0.0
16381,1701131880000.0,0.0,0.0,0.0,159.25242424242424,0.0,0.0,166.45,0.9999253857184062,1.0,1317.1670248000037,1000.0,1317.1670248000037,1000.0,0.0,0.0
16382,1701135480000.0,0.0,0.0,0.0,159.25242424242424,0.0,0.0,166.95,0.9999253857184062,1.0,1317.1670248000037,1000.0,1317.1670248000037,1000.0,0.0,0.0
16383,1701139080000.0,0.0,0.0,0.0,159.25242424242424,0.0,0.0,167.05,0.9999253857184062,1.0,1317.1670248000037,1000.0,1317.1670248000037,1000.0,0.0,0.0
16384,1701142680000.0,0.0,0.0,0.0,159.25242424242424,0.0,0.0,166.25,0.9999253857184062,1.0,1317.1670248000037,1000.0,1317.1670248000037,1000.0,0.0,0.0
16385,1701146280000.0,0.0,0.0,0.0,159.25242424242424,0.0,0.0,165.4,0.9999253857184062,1.0,1317.1670248000037,1000.0,1317.1670248000037,1000.0,0.0,0.0
16386,1701149880000.0,0.0,0.0,0.0,159.25242424242424,0.0,0.0,164.6,0.9999253857184062,1.0,1317.1670248000037,1000.0,1317.1670248000037,1000.0,0.0,0.0
16387,1701153480000.0,0.0,0.0,0.0,159.25242424242424,0.0,0.0,165.2,0.9999253857184062,1.0,1317.1670248000037,1000.0,1317.1670248000037,1000.0,0.0,0.0
16388,1701157080000.0,0.0,0.0,0.0,159.25242424242424,0.0,0.0,164.55,0.9999253857184062,1.0,1317.1670248000037,1000.0,1317.1670248000037,1000.0,0.0,0.0
16389,1701160680000.0,0.0,0.0,0.0,159.25242424242424,0.0,0.0,165.15,0.9999253857184062,1.0,1317.1670248000037,1000.0,1317.1670248000037,1000.0,0.0,0.0
16390,1701164280000.0,0.0,0.0,0.0,159.25242424242424,0.0,0.0,165.55,0.9999253857184062,1.0,1317.1670248000037,1000.0,1317.1670248000037,1000.0,0.0,0.0
16391,1701167880000.0,0.0,0.0,0.0,159.25242424242424,0.0,0.0,164.8,0.9999253857184062,1.0,1317.1670248000037,1000.0,1317.1670248000037,1000.0,0.0,0.0
16392,1701171480000.0,0.0,0.0,0.0,159.25242424242424,0.0,0.0,164.8,0.9999253857184062,1.0,1317.1670248000037,1000.0,1317.1670248000037,1000.0,0.0,0.0
16393,1701175080000.0,0.0,0.0,0.0,159.25242424242424,0.0,0.0,164.8,0.9999253857184062,1.0,1317.1670248000037,1000.0,1317.1670248000037,1000.0,0.0,0.0
16394,1701178680000.0,0.0,0.0,0.0,159.25242424242424,0.0,0.0,165.45,0.9999253857184062,1.0,1317.1670248000037,1000.0,1317.1670248000037,1000.0,0.0,0.0
16395,1701182280000.0,0.0,0.0,0.0,159.25242424242424,0.0,0.0,165.45,0.9999253857184062,1.0,1317.1670248000037,1000.0,1317.1670248000037,1000.0,0.0,0.0
16396,1701185880000.0,0.0,0.0,0.0,159.25242424242424,0.0,0.0,165.5,0.9999253857184062,1.0,1317.1670248000037,1000.0,1317.1670248000037,1000.0,0.0,0.0
16397,1701189480000.0,0.0,0.0,0.0,159.25242424242424,0.0,0.0,166.55,0.9999253857184062,1.0,1317.1670248000037,1000.0,1317.1670248000037,1000.0,0.0,0.0
16398,1701193080000.0,0.0,0.0,0.0,159.25242424242424,0.0,0.0,167.4,0.9999253857184062,1.0,1317.1670248000037,1000.0,1317.1670248000037,1000.0,0.0,0.0
16399,1701196680000.0,0.0,0.0,0.0,159.25242424242424,0.0,0.0,166.7,0.9999253857184062,1.0,1317.1670248000037,1000.0,1317.1670248000037,1000.0,0.0,0.0
16400,1701200280000.0,0.0,0.0,0.0,159.25242424242424,0.0,0.0,167.35,0.9999253857184062,1.0,1317.1670248000037,1000.0,1317.1670248000037,1000.0,0.0,0.0
16401,1701203880000.0,0.0,0.0,0.0,159.25242424242424,0.0,0.0,167.1,0.9999253857184062,1.0,1317.1670248000037,1000.0,1317.1670248000037,1000.0,0.0,0.0
16402,1701207480000.0,0.0,0.0,0.0,159.25242424242424,0.0,0.0,167.15,0.9999253857184062,1.0,1317.1670248000037,1000.0,1317.1670248000037,1000.0,0.0,0.0
16403,1701211080000.0,0.0,0.0,0.0,159.25242424242424,0.0,0.0,167.05,0.9999253857184062,1.0,1317.1670248000037,1000.0,1317.1670248000037,1000.0,0.0,0.0
16404,1701214680000.0,0.0,0.0,0.0,159.25242424242424,0.0,0.0,167.3,0.9999253857184062,1.0,1317.1670248000037,1000.0,1317.1670248000037,1000.0,0.0,0.0
16405,1701218280000.0,0.0,0.0,0.0,159.25242424242424,0.0,0.0,167.75,0.9999253857184062,1.0,1317.1670248000037,1000.0,1317.1670248000037,1000.0,0.0,0.0
16406,1701221880000.0,0.0,0.0,0.0,159.25242424242424,0.0,0.0,167.2,0.9999253857184062,1.0,1317.1670248000037,1000.0,1317.1670248000037,1000.0,0.0,0.0
16407,1701225480000.0,0.0,0.0,0.0,159.25242424242424,0.0,0.0,166.8,0.9999253857184062,1.0,1317.1670248000037,1000.0,1317.1670248000037,1000.0,0.0,0.0
16408,1701229080000.0,0.0,0.0,0.0,159.25242424242424,0.0,0.0,166.95,0.9999253857184062,1.0,1317.1670248000037,1000.0,1317.1670248000037,1000.0,0.0,0.0
16409,1701232680000.0,0.0,0.0,0.0,159.25242424242424,0.0,0.0,167.2,0.9999253857184062,1.0,1317.1670248000037,1000.0,1317.1670248000037,1000.0,0.0,0.0
16410,1701236280000.0,0.0,0.0,0.0,159.25242424242424,0.0,0.0,166.95,0.9999253857184062,1.0,1317.1670248000037,1000.0,1317.1670248000037,1000.0,0.0,0.0
16411,1701239880000.0,0.0,0.0,0.0,159.25242424242424,0.0,0.0,167.05,0.9999253857184062,1.0,1317.1670248000037,1000.0,1317.1670248000037,1000.0,0.0,0.0
16412,1701243480000.0,0.0,0.0,0.0,159.25242424242424,0.0,0.0,167.0,0.9999253857184062,1.0,1317.1670248000037,1000.0,1317.1670248000037,1000.0,0.0,0.0
16413,1701247080000.0,0.0,0.0,0.0,159.25242424242424,0.0,0.0,167.35,0.9999253857184062,1.0,1317.1670248000037,1000.0,1317.1670248000037,1000.0,0.0,0.0
16414,1701250680000.0,0.0,0.0,0.0,159.25242424242424,0.0,0.0,167.05,0.9999253857184062,1.0,1317.1670248000037,1000.0,1317.1670248000037,1000.0,0.0,0.0
16415,1701254280000.0,0.0,0.0,0.0,159.25242424242424,0.0,0.0,166.0,0.9999253857184062,1.0,1317.1670248000037,1000.0,1317.1670248000037,1000.0,0.0,0.0
16416,1701257880000.0,0.0,0.0,0.0,159.25242424242424,0.0,0.0,166.45,0.9999253857184062,1.0,1317.1670248000037,1000.0,1317.1670248000037,1000.0,0.0,0.0
16417,1701261480000.0,0.0,0.0,0.0,159.25242424242424,0.0,0.0,166.9,0.9999253857184062,1.0,1317.1670248000037,1000.0,1317.1670248000037,1000.0,0.0,0.0
16418,1701265080000.0,0.0,0.0,0.0,159.25242424242424,0.0,0.0,166.8,0.9999253857184062,1.0,1317.1670248000037,1000.0,1317.1670248000037,1000.0,0.0,0.0
16419,1701268680000.0,0.0,0.0,0.0,159.25242424242424,0.0,0.0,167.2,0.9999253857184062,1.0,1317.1670248000037,1000.0,1317.1670248000037,1000.0,0.0,0.0
16420,1701272280000.0,0.0,0.0,0.0,159.25242424242424,0.0,0.0,166.25,0.9999253857184062,1.0,1317.1670248000037,1000.0,1317.1670248000037,1000.0,0.0,0.0
16421,1701275880000.0,0.0,0.0,0.0,159.25242424242424,0.0,0.0,165.75,0.9999253857184062,1.0,1317.1670248000037,1000.0,1317.1670248000037,1000.0,0.0,0.0
16422,1701279480000.0,0.0,0.0,0.0,159.25242424242424,0.0,0.0,165.25,0.9999253857184062,1.0,1317.1670248000037,1000.0,1317.1670248000037,1000.0,0.0,0.0
16423,1701283080000.0,0.0,0.0,0.0,159.25242424242424,0.0,0.0,165.6,0.9999253857184062,1.0,1317.1670248000037,1000.0,1317.1670248000037,1000.0,0.0,0.0
16424,1701286680000.0,0.0,0.0,0.0,159.25242424242424,0.0,0.0,165.8,0.9999253857184062,1.0,1317.1670248000037,1000.0,1317.1670248000037,1000.0,0.0,0.0
16425,1701290280000.0,0.0,0.0,0.0,159.25242424242424,0.0,0.0,165.95,0.9999253857184062,1.0,1317.1670248000037,1000.0,1317.1670248000037,1000.0,0.0,0.0
16426,1701293880000.0,0.0,0.0,0.0,159.25242424242424,0.0,0.0,165.65,0.9999253857184062,1.0,1317.1670248000037,1000.0,1317.1670248000037,1000.0,0.0,0.0
16427,1701297480000.0,0.0,0.0,0.0,159.25242424242424,0.0,0.0,165.8,0.9999253857184062,1.0,1317.1670248000037,1000.0,1317.1670248000037,1000.0,0.0,0.0
16428,1701301080000.0,0.0,0.0,0.0,159.25242424242424,0.0,0.0,166.05,0.9999253857184062,1.0,1317.1670248000037,1000.0,1317.1670248000037,1000.0,0.0,0.0
16429,1701304680000.0,0.0,0.0,0.0,159.25242424242424,0.0,0.0,166.75,0.9999253857184062,1.0,1317.1670248000037,1000.0,1317.1670248000037,1000.0,0.0,0.0
16430,1701308280000.0,0.0,0.0,0.0,159.25242424242424,0.0,0.0,166.35,0.9999253857184062,1.0,1317.1670248000037,1000.0,1317.1670248000037,1000.0,0.0,0.0
16431,1701311880000.0,0.0,0.0,0.0,159.25242424242424,0.0,0.0,167.85,0.9999253857184062,1.0,1317.1670248000037,1000.0,1317.1670248000037,1000.0,0.0,0.0
16432,1701315480000.0,0.0,0.0,0.0,159.25242424242424,0.0,0.0,168.1,0.9999253857184062,1.0,1317.1670248000037,1000.0,1317.1670248000037,1000.0,0.0,0.0
16433,1701319080000.0,0.0,0.0,0.0,159.25242424242424,0.0,0.0,168.15,0.9999253857184062,1.0,1317.1670248000037,1000.0,1317.1670248000037,1000.0,0.0,0.0
16434,1701322680000.0,0.0,0.0,0.0,159.25242424242424,0.0,0.0,167.15,0.9999253857184062,1.0,1317.1670248000037,1000.0,1317.1670248000037,1000.0,0.0,0.0
16435,1701326280000.0,0.0,0.0,0.0,159.25242424242424,0.0,0.0,168.2,0.9999253857184062,1.0,1317.1670248000037,1000.0,1317.1670248000037,1000.0,0.0,0.0
16436,1701329880000.0,0.0,0.0,0.0,159.25242424242424,0.0,0.0,168.1,0.9999253857184062,1.0,1317.1670248000037,1000.0,1317.1670248000037,1000.0,0.0,0.0
16437,1701333480000.0,0.0,0.0,0.0,159.25242424242424,0.0,0.0,168.0,0.9999253857184062,1.0,1317.1670248000037,1000.0,1317.1670248000037,1000.0,0.0,0.0
16438,1701337080000.0,0.0,0.0,0.0,159.25242424242424,0.0,0.0,168.6,0.9999253857184062,1.0,1317.1670248000037,1000.0,1317.1670248000037,1000.0,0.0,0.0
16439,1701340680000.0,0.0,0.0,0.0,159.25242424242424,0.0,0.0,168.0,0.9999253857184062,1.0,1317.1670248000037,1000.0,1317.1670248000037,1000.0,0.0,0.0
16440,1701344280000.0,0.0,0.0,0.0,159.25242424242424,0.0,0.0,168.7,0.9999253857184062,1.0,1317.1670248000037,1000.0,1317.1670248000037,1000.0,0.0,0.0
16441,1701347880000.0,0.0,0.0,0.0,159.25242424242424,0.0,0.0,168.7,0.9999253857184062,1.0,1317.1670248000037,1000.0,1317.1670248000037,1000.0,0.0,0.0
16442,1701351480000.0,0.0,0.0,0.0,159.25242424242424,0.0,0.0,168.85,0.9999253857184062,1.0,1317.1670248000037,1000.0,1317.1670248000037,1000.0,0.0,0.0
16443,1701355080000.0,0.0,0.0,0.0,159.25242424242424,0.0,0.0,168.5,0.9999253857184062,1.0,1317.1670248000037,1000.0,1317.1670248000037,1000.0,0.0,0.0
16444,1701358680000.0,0.0,0.0,0.0,159.25242424242424,0.0,0.0,168.25,0.9999253857184062,1.0,1317.1670248000037,1000.0,1317.1670248000037,1000.0,0.0,0.0
16445,1701362280000.0,0.0,0.0,0.0,159.25242424242424,0.0,0.0,168.45,0.9999253857184062,1.0,1317.1670248000037,1000.0,1317.1670248000037,1000.0,0.0,0.0
16446,1701365880000.0,0.0,0.0,0.0,159.25242424242424,0.0,0.0,169.15,0.9999253857184062,1.0,1317.1670248000037,1000.0,1317.1670248000037,1000.0,0.0,0.0
16447,1701369480000.0,0.0,0.0,0.0,159.25242424242424,0.0,0.0,170.3,0.9999253857184062,1.0,1317.1670248000037,1000.0,1317.1670248000037,1000.0,0.0,0.0
16448,1701373080000.0,0.0,0.0,0.0,159.25242424242424,0.0,0.0,170.35,0.9999253857184062,1.0,1317.1670248000037,1000.0,1317.1670248000037,1000.0,0.0,0.0
16449,1701376680000.0,0.0,0.0,0.0,159.25242424242424,0.0,0.0,169.75,0.9999253857184062,1.0,1317.1670248000037,1000.0,1317.1670248000037,1000.0,0.0,0.0
16450,1701380280000.0,0.0,0.0,0.0,159.25242424242424,0.0,0.0,169.75,0.9999253857184062,1.0,1317.1670248000037,1000.0,1317.1670248000037,1000.0,0.0,0.0
16451,1701383880000.0,0.0,0.0,0.0,159.25242424242424,0.0,0.0,169.7,0.9999253857184062,1.0,1317.1670248000037,1000.0,1317.1670248000037,1000.0,0.0,0.0
16452,1701387480000.0,0.0,0.0,0.0,159.25242424242424,0.0,0.0,169.85,0.9999253857184062,1.0,1317.1670248000037,1000.0,1317.1670248000037,1000.0,0.0,0.0
16453,1701391080000.0,0.0,0.0,0.0,159.25242424242424,0.0,0.0,169.75,0.9999253857184062,1.0,1317.1670248000037,1000.0,1317.1670248000037,1000.0,0.0,0.0
16454,1701394680000.0,0.0,0.0,0.0,159.25242424242424,0.0,0.0,170.55,0.9999253857184062,1.0,1317.1670248000037,1000.0,1317.1670248000037,1000.0,0.0,0.0
16455,1701398280000.0,0.0,0.0,0.0,159.25242424242424,0.0,0.0,170.0,0.9999253857184062,1.0,1317.1670248000037,1000.0,1317.1670248000037,1000.0,0.0,0.0
16456,1701401880000.0,0.0,0.0,0.0,159.25242424242424,0.0,0.0,170.35,0.9999253857184062,1.0,1317.1670248000037,1000.0,1317.1670248000037,1000.0,0.0,0.0
16457,1701405480000.0,0.0,0.0,0.0,159.25242424242424,0.0,0.0,170.8,0.9999253857184062,1.0,1317.1670248000037,1000.0,1317.1670248000037,1000.0,0.0,0.0
16458,1701409080000.0,0.0,0.0,0.0,159.25242424242424,0.0,0.0,170.8,0.9999253857184062,1.0,1317.1670248000037,1000.0,1317.1670248000037,1000.0,0.0,0.0
16459,1701412680000.0,0.0,0.0,0.0,159.25242424242424,0.0,0.0,170.45,0.9999253857184062,1.0,1317.1670248000037,1000.0,1317.1670248000037,1000.0,0.0,0.0
16460,1701416280000.0,0.0,0.0,0.0,159.25242424242424,0.0,0.0,170.4,0.9999253857184062,1.0,1317.1670248000037,1000.0,1317.1670248000037,1000.0,0.0,0.0
16461,1701419880000.0,0.0,0.0,0.0,159.25242424242424,0.0,0.0,170.4,0.9999253857184062,1.0,1317.1670248000037,1000.0,1317.1670248000037,1000.0,0.0,0.0
16462,1701423480000.0,0.0,0.0,0.0,159.25242424242424,0.0,0.0,170.6,0.9999253857184062,1.0,1317.1670248000037,1000.0,1317.1670248000037,1000.0,0.0,0.0
16463,1701427080000.0,0.0,0.0,0.0,159.25242424242424,0.0,0.0,171.15,0.9999253857184062,1.0,1317.1670248000037,1000.0,1317.1670248000037,1000.0,0.0,0.0
16464,1701430680000.0,0.0,0.0,0.0,159.25242424242424,0.0,0.0,171.0,0.9999253857184062,1.0,1317.1670248000037,1000.0,1317.1670248000037,1000.0,0.0,0.0
16465,1701434280000.0,0.0,0.0,0.0,159.25242424242424,0.0,0.0,170.15,0.9999253857184062,1.0,1317.1670248000037,1000.0,1317.1670248000037,1000.0,0.0,0.0
16466,1701437880000.0,0.0,0.0,0.0,159.25242424242424,0.0,0.0,170.15,0.9999253857184062,1.0,1317.1670248000037,1000.0,1317.1670248000037,1000.0,0.0,0.0
16467,1701441480000.0,0.0,0.0,0.0,159.25242424242424,0.0,0.0,170.5,0.9999253857184062,1.0,1317.1670248000037,1000.0,1317.1670248000037,1000.0,0.0,0.0
16468,1701445080000.0,0.0,0.0,0.0,159.25242424242424,0.0,0.0,170.8,0.9999253857184062,1.0,1317.1670248000037,1000.0,1317.1670248000037,1000.0,0.0,0.0
16469,1701448680000.0,0.0,0.0,0.0,159.25242424242424,0.0,0.0,171.5,0.9999253857184062,1.0,1317.1670248000037,1000.0,1317.1670248000037,1000.0,0.0,0.0
16470,1701452280000.0,0.0,0.0,0.0,159.25242424242424,0.0,0.0,170.95,0.9999253857184062,1.0,1317.1670248000037,1000.0,1317.1670248000037,1000.0,0.0,0.0
16471,1701455880000.0,0.0,0.0,0.0,159.25242424242424,0.0,0.0,171.3,0.9999253857184062,1.0,1317.1670248000037,1000.0,1317.1670248000037,1000.0,0.0,0.0
16472,1701459480000.0,0.0,0.0,0.0,159.25242424242424,0.0,0.0,171.35,0.9999253857184062,1.0,1317.1670248000037,1000.0,1317.1670248000037,1000.0,0.0,0.0
16473,1701463080000.0,0.0,0.0,0.0,159.25242424242424,0.0,0.0,171.5,0.9999253857184062,1.0,1317.1670248000037,1000.0,1317.1670248000037,1000.0,0.0,0.0
16474,1701466680000.0,0.0,0.0,0.0,159.25242424242424,0.0,0.0,171.8,0.9999253857184062,1.0,1317.1670248000037,1000.0,1317.1670248000037,1000.0,0.0,0.0
16475,1701470280000.0,0.0,0.0,0.0,159.25242424242424,0.0,0.0,171.4,0.9999253857184062,1.0,1317.1670248000037,1000.0,1317.1670248000037,1000.0,0.0,0.0
16476,1701473880000.0,0.0,0.0,0.0,159.25242424242424,0.0,0.0,171.35,0.9999253857184062,1.0,1317.1670248000037,1000.0,1317.1670248000037,1000.0,0.0,0.0
16477,1701477480000.0,0.0,0.0,0.0,159.25242424242424,0.0,0.0,171.8,0.9999253857184062,1.0,1317.1670248000037,1000.0,1317.1670248000037,1000.0,0.0,0.0
16478,1701481080000.0,0.0,0.0,0.0,159.25242424242424,0.0,0.0,171.85,0.9999253857184062,1.0,1317.1670248000037,1000.0,1317.1670248000037,1000.0,0.0,0.0
16479,1701484680000.0,0.0,0.0,0.0,159.25242424242424,0.0,0.0,171.55,0.9999253857184062,1.0,1317.1670248000037,1000.0,1317.1670248000037,1000.0,0.0,0.0
16480,1701488280000.0,0.0,0.0,0.0,159.25242424242424,0.0,0.0,172.05,0.9999253857184062,1.0,1317.1670248000037,1000.0,1317.1670248000037,1000.0,0.0,0.0
16481,1701491880000.0,0.0,0.0,0.0,159.25242424242424,0.0,0.0,172.1,0.9999253857184062,1.0,1317.1670248000037,1000.0,1317.1670248000037,1000.0,0.0,0.0
16482,1701495480000.0,0.0,0.0,0.0,159.25242424242424,0.0,0.0,172.0,0.9999253857184062,1.0,1317.1670248000037,1000.0,1317.1670248000037,1000.0,0.0,0.0
16483,1701499080000.0,0.0,0.0,0.0,159.25242424242424,0.0,0.0,172.5,0.9999253857184062,1.0,1317.1670248000037,1000.0,1317.1670248000037,1000.0,0.0,0.0
16484,1701502680000.0,0.0,0.0,0.0,159.25242424242424,0.0,0.0,172.4,0.9999253857184062,1.0,1317.1670248000037,1000.0,1317.1670248000037,1000.0,0.0,0.0
16485,1701506280000.0,0.0,0.0,0.0,159.25242424242424,0.0,0.0,172.9,0.9999253857184062,1.0,1317.1670248000037,1000.0,1317.1670248000037,1000.0,0.0,0.0
16486,1701509880000.0,0.0,0.0,0.0,159.25242424242424,0.0,0.0,172.5,0.9999253857184062,1.0,1317.1670248000037,1000.0,1317.1670248000037,1000.0,0.0,0.0
16487,1701513480000.0,0.0,0.0,0.0,159.25242424242424,0.0,0.0,173.1,0.9999253857184062,1.0,1317.1670248000037,1000.0,1317.1670248000037,1000.0,0.0,0.0
16488,1701517080000.0,0.0,0.0,0.0,159.25242424242424,0.0,0.0,172.05,0.9999253857184062,1.0,1317.1670248000037,1000.0,1317.1670248000037,1000.0,0.0,0.0
16489,1701520680000.0,0.0,0.0,0.0,159.25242424242424,0.0,0.0,173.0,0.9999253857184062,1.0,1317.1670248000037,1000.0,1317.1670248000037,1000.0,0.0,0.0
16490,1701524280000.0,0.0,0.0,0.0,159.25242424242424,0.0,0.0,172.95,0.9999253857184062,1.0,1317.1670248000037,1000.0,1317.1670248000037,1000.0,0.0,0.0
16491,1701527880000.0,0.0,0.0,0.0,159.25242424242424,0.0,0.0,172.15,0.9999253857184062,1.0,1317.1670248000037,1000.0,1317.1670248000037,1000.0,0.0,0.0
16492,1701531480000.0,0.0,0.0,0.0,159.25242424242424,0.0,0.0,171.1,0.9999253857184062,1.0,1317.1670248000037,1000.0,1317.1670248000037,1000.0,0.0,0.0
16493,1701535080000.0,0.0,0.0,0.0,159.25242424242424,0.0,0.0,170.8,0.9999253857184062,1.0,1317.1670248000037,1000.0,1317.1670248000037,1000.0,0.0,0.0
16494,1701538680000.0,0.0,0.0,0.0,159.25242424242424,0.0,0.0,170.85,0.9999253857184062,1.0,1317.1670248000037,1000.0,1317.1670248000037,1000.0,0.0,0.0
16495,1701542280000.0,0.0,0.0,0.0,159.25242424242424,0.0,0.0,171.25,0.9999253857184062,1.0,1317.1670248000037,1000.0,1317.1670248000037,1000.0,0.0,0.0
16496,1701545880000.0,0.0,0.0,0.0,159.25242424242424,0.0,0.0,171.7,0.9999253857184062,1.0,1317.1670248000037,1000.0,1317.1670248000037,1000.0,0.0,0.0
16497,1701549480000.0,0.0,0.0,0.0,159.25242424242424,0.0,0.0,173.4,0.9999253857184062,1.0,1317.1670248000037,1000.0,1317.1670248000037,1000.0,0.0,0.0
16498,1701553080000.0,0.0,0.0,0.0,159.25242424242424,0.0,0.0,173.75,0.9999253857184062,1.0,1317.1670248000037,1000.0,1317.1670248000037,1000.0,0.0,0.0
16499,1701556680000.0,0.0,0.0,0.0,159.25242424242424,0.0,0.0,172.55,0.9999253857184062,1.0,1317.1670248000037,1000.0,1317.1670248000037,1000.0,0.0,0.0
16500,1701560280000.0,0.0,0.0,0.0,159.25242424242424,0.0,0.0,172.9,0.9999253857184062,1.0,1317.1670248000037,1000.0,1317.1670248000037,1000.0,0.0,0.0
16501,1701563880000.0,0.0,0.0,0.0,159.25242424242424,0.0,0.0,173.05,0.9999253857184062,1.0,1317.1670248000037,1000.0,1317.1670248000037,1000.0,0.0,0.0
16502,1701567480000.0,0.0,0.0,0.0,159.25242424242424,0.0,0.0,173.15,0.9999253857184062,1.0,1317.1670248000037,1000.0,1317.1670248000037,1000.0,0.0,0.0
16503,1701571080000.0,0.0,0.0,0.0,159.25242424242424,0.0,0.0,173.2,0.9999253857184062,1.0,1317.1670248000037,1000.0,1317.1670248000037,1000.0,0.0,0.0
16504,1701574680000.0,0.0,0.0,0.0,159.25242424242424,0.0,0.0,172.35,0.9999253857184062,1.0,1317.1670248000037,1000.0,1317.1670248000037,1000.0,0.0,0.0
16505,1701578280000.0,0.0,0.0,0.0,159.25242424242424,0.0,0.0,172.55,0.9999253857184062,1.0,1317.1670248000037,1000.0,1317.1670248000037,1000.0,0.0,0.0
16506,1701581880000.0,0.0,0.0,0.0,159.25242424242424,0.0,0.0,173.0,0.9999253857184062,1.0,1317.1670248000037,1000.0,1317.1670248000037,1000.0,0.0,0.0
16507,1701585480000.0,0.0,0.0,0.0,159.25242424242424,0.0,0.0,172.6,0.9999253857184062,1.0,1317.1670248000037,1000.0,1317.1670248000037,1000.0,0.0,0.0
16508,1701589080000.0,0.0,0.0,0.0,159.25242424242424,0.0,0.0,173.05,0.9999253857184062,1.0,1317.1670248000037,1000.0,1317.1670248000037,1000.0,0.0,0.0
16509,1701592680000.0,0.0,0.0,0.0,159.25242424242424,0.0,0.0,172.7,0.9999253857184062,1.0,1317.1670248000037,1000.0,1317.1670248000037,1000.0,0.0,0.0
16510,1701596280000.0,0.0,0.0,0.0,159.25242424242424,0.0,0.0,172.55,0.9999253857184062,1.0,1317.1670248000037,1000.0,1317.1670248000037,1000.0,0.0,0.0
16511,1701599880000.0,0.0,0.0,0.0,159.25242424242424,0.0,0.0,172.85,0.9999253857184062,1.0,1317.1670248000037,1000.0,1317.1670248000037,1000.0,0.0,0.0
16512,1701603480000.0,0.0,0.0,0.0,159.25242424242424,0.0,0.0,172.7,0.9999253857184062,1.0,1317.1670248000037,1000.0,1317.1670248000037,1000.0,0.0,0.0
16513,1701607080000.0,0.0,0.0,0.0,159.25242424242424,0.0,0.0,172.55,0.9999253857184062,1.0,1317.1670248000037,1000.0,1317.1670248000037,1000.0,0.0,0.0
16514,1701610680000.0,0.0,0.0,0.0,159.25242424242424,0.0,0.0,173.05,0.9999253857184062,1.0,1317.1670248000037,1000.0,1317.1670248000037,1000.0,0.0,0.0
16515,1701614280000.0,0.0,0.0,0.0,159.25242424242424,0.0,0.0,173.25,0.9999253857184062,1.0,1317.1670248000037,1000.0,1317.1670248000037,1000.0,0.0,0.0
16516,1701617880000.0,0.0,0.0,0.0,159.25242424242424,0.0,0.0,172.95,0.9999253857184062,1.0,1317.1670248000037,1000.0,1317.1670248000037,1000.0,0.0,0.0
16517,1701621480000.0,0.0,0.0,0.0,159.25242424242424,0.0,0.0,172.8,0.9999253857184062,1.0,1317.1670248000037,1000.0,1317.1670248000037,1000.0,0.0,0.0
16518,1701625080000.0,0.0,0.0,0.0,159.25242424242424,0.0,0.0,171.45,0.9999253857184062,1.0,1317.1670248000037,1000.0,1317.1670248000037,1000.0,0.0,0.0
16519,1701628680000.0,0.0,0.0,0.0,159.25242424242424,0.0,0.0,171.05,0.9999253857184062,1.0,1317.1670248000037,1000.0,1317.1670248000037,1000.0,0.0,0.0
16520,1701632280000.0,0.0,0.0,0.0,159.25242424242424,0.0,0.0,170.95,0.9999253857184062,1.0,1317.1670248000037,1000.0,1317.1670248000037,1000.0,0.0,0.0
16521,1701635880000.0,0.0,0.0,0.0,159.25242424242424,0.0,0.0,171.8,0.9999253857184062,1.0,1317.1670248000037,1000.0,1317.1670248000037,1000.0,0.0,0.0
16522,1701639480000.0,0.0,0.0,0.0,159.25242424242424,0.0,0.0,171.75,0.9999253857184062,1.0,1317.1670248000037,1000.0,1317.1670248000037,1000.0,0.0,0.0
16523,1701643080000.0,0.0,0.0,0.0,159.25242424242424,0.0,0.0,172.8,0.9999253857184062,1.0,1317.1670248000037,1000.0,1317.1670248000037,1000.0,0.0,0.0
16524,1701646680000.0,0.0,0.0,0.0,159.25242424242424,0.0,0.0,172.15,0.9999253857184062,1.0,1317.1670248000037,1000.0,1317.1670248000037,1000.0,0.0,0.0
16525,1701650280000.0,0.0,0.0,0.0,159.25242424242424,0.0,0.0,173.05,0.9999253857184062,1.0,1317.1670248000037,1000.0,1317.1670248000037,1000.0,0.0,0.0
16526,1701653880000.0,0.0,0.0,0.0,159.25242424242424,0.0,0.0,173.85,0.9999253857184062,1.0,1317.1670248000037,1000.0,1317.1670248000037,1000.0,0.0,0.0
16527,1701657480000.0,0.0,0.0,0.0,159.25242424242424,0.0,0.0,173.75,0.9999253857184062,1.0,1317.1670248000037,1000.0,1317.1670248000037,1000.0,0.0,0.0
16528,1701661080000.0,0.0,0.0,0.0,159.25242424242424,0.0,0.0,173.25,0.9999253857184062,1.0,1317.1670248000037,1000.0,1317.1670248000037,1000.0,0.0,0.0
16529,1701664680000.0,0.0,0.0,0.0,159.25242424242424,0.0,0.0,173.35,0.9999253857184062,1.0,1317.1670248000037,1000.0,1317.1670248000037,1000.0,0.0,0.0
16530,1701668280000.0,0.0,0.0,0.0,159.25242424242424,0.0,0.0,173.05,0.9999253857184062,1.0,1317.1670248000037,1000.0,1317.1670248000037,1000.0,0.0,0.0
16531,1701671880000.0,0.0,0.0,0.0,159.25242424242424,0.0,0.0,173.7,0.9999253857184062,1.0,1317.1670248000037,1000.0,1317.1670248000037,1000.0,0.0,0.0
16532,1701675480000.0,0.0,0.0,0.0,159.25242424242424,0.0,0.0,174.05,0.9999253857184062,1.0,1317.1670248000037,1000.0,1317.1670248000037,1000.0,0.0,0.0
16533,1701679080000.0,0.0,0.0,0.0,159.25242424242424,0.0,0.0,173.4,0.9999253857184062,1.0,1317.1670248000037,1000.0,1317.1670248000037,1000.0,0.0,0.0
16534,1701682680000.0,0.0,0.0,0.0,159.25242424242424,0.0,0.0,172.2,0.9999253857184062,1.0,1317.1670248000037,1000.0,1317.1670248000037,1000.0,0.0,0.0
16535,1701686280000.0,0.0,0.0,0.0,159.25242424242424,0.0,0.0,171.9,0.9999253857184062,1.0,1317.1670248000037,1000.0,1317.1670248000037,1000.0,0.0,0.0
16536,1701689880000.0,0.0,0.0,0.0,159.25242424242424,0.0,0.0,169.0,0.9999253857184062,1.0,1317.1670248000037,1000.0,1317.1670248000037,1000.0,0.0,0.0
16537,1701693480000.0,0.0,0.0,0.0,159.25242424242424,0.0,0.0,169.85,0.9999253857184062,1.0,1317.1670248000037,1000.0,1317.1670248000037,1000.0,0.0,0.0
16538,1701697080000.0,0.0,0.0,0.0,159.25242424242424,0.0,0.0,168.65,0.9999253857184062,1.0,1317.1670248000037,1000.0,1317.1670248000037,1000.0,0.0,0.0
16539,1701700680000.0,0.0,0.0,0.0,159.25242424242424,0.0,0.0,168.2,0.9999253857184062,1.0,1317.1670248000037,1000.0,1317.1670248000037,1000.0,0.0,0.0
16540,1701704280000.0,0.0,0.0,0.0,159.25242424242424,0.0,0.0,167.9,0.9999253857184062,1.0,1317.1670248000037,1000.0,1317.1670248000037,1000.0,0.0,0.0
16541,1701707880000.0,0.0,0.0,0.0,159.25242424242424,0.0,0.0,168.5,0.9999253857184062,1.0,1317.1670248000037,1000.0,1317.1670248000037,1000.0,0.0,0.0
16542,1701711480000.0,0.0,0.0,0.0,159.25242424242424,0.0,0.0,168.05,0.9999253857184062,1.0,1317.1670248000037,1000.0,1317.1670248000037,1000.0,0.0,0.0
16543,1701715080000.0,0.0,0.0,0.0,159.25242424242424,0.0,0.0,168.1,0.9999253857184062,1.0,1317.1670248000037,1000.0,1317.1670248000037,1000.0,0.0,0.0
16544,1701718680000.0,0.0,0.0,0.0,159.25242424242424,0.0,0.0,167.9,0.9999253857184062,1.0,1317.1670248000037,1000.0,1317.1670248000037,1000.0,0.0,0.0
16545,1701722280000.0,0.0,0.0,0.0,159.25242424242424,0.0,0.0,167.1,0.9999253857184062,1.0,1317.1670248000037,1000.0,1317.1670248000037,1000.0,0.0,0.0
16546,1701725880000.0,0.0,0.0,0.0,159.25242424242424,0.0,0.0,168.15,0.9999253857184062,1.0,1317.1670248000037,1000.0,1317.1670248000037,1000.0,0.0,0.0
16547,1701729480000.0,0.0,0.0,0.0,159.25242424242424,0.0,0.0,169.45,0.9999253857184062,1.0,1317.1670248000037,1000.0,1317.1670248000037,1000.0,0.0,0.0
16548,1701733080000.0,0.0,0.0,0.0,159.25242424242424,0.0,0.0,170.35,0.9999253857184062,1.0,1317.1670248000037,1000.0,1317.1670248000037,1000.0,0.0,0.0
16549,1701736680000.0,0.0,0.0,0.0,159.25242424242424,0.0,0.0,170.95,0.9999253857184062,1.0,1317.1670248000037,1000.0,1317.1670248000037,1000.0,0.0,0.0
16550,1701740280000.0,0.0,0.0,0.0,159.25242424242424,0.0,0.0,170.05,0.9999253857184062,1.0,1317.1670248000037,1000.0,1317.1670248000037,1000.0,0.0,0.0
16551,1701743880000.0,0.0,0.0,0.0,159.25242424242424,0.0,0.0,169.9,0.9999253857184062,1.0,1317.1670248000037,1000.0,1317.1670248000037,1000.0,0.0,0.0
16552,1701747480000.0,0.0,0.0,0.0,159.25242424242424,0.0,0.0,170.35,0.9999253857184062,1.0,1317.1670248000037,1000.0,1317.1670248000037,1000.0,0.0,0.0
16553,1701751080000.0,0.0,0.0,0.0,159.25242424242424,0.0,0.0,169.75,0.9999253857184062,1.0,1317.1670248000037,1000.0,1317.1670248000037,1000.0,0.0,0.0
16554,1701754680000.0,0.0,0.0,0.0,159.25242424242424,0.0,0.0,170.2,0.9999253857184062,1.0,1317.1670248000037,1000.0,1317.1670248000037,1000.0,0.0,0.0
16555,1701758280000.0,0.0,0.0,0.0,159.25242424242424,0.0,0.0,169.8,0.9999253857184062,1.0,1317.1670248000037,1000.0,1317.1670248000037,1000.0,0.0,0.0
16556,1701761880000.0,0.0,0.0,0.0,159.25242424242424,0.0,0.0,169.0,0.9999253857184062,1.0,1317.1670248000037,1000.0,1317.1670248000037,1000.0,0.0,0.0
16557,1701765480000.0,0.0,0.0,0.0,159.25242424242424,0.0,0.0,169.25,0.9999253857184062,1.0,1317.1670248000037,1000.0,1317.1670248000037,1000.0,0.0,0.0
16558,1701769080000.0,0.0,0.0,0.0,159.25242424242424,0.0,0.0,170.05,0.9999253857184062,1.0,1317.1670248000037,1000.0,1317.1670248000037,1000.0,0.0,0.0
16559,1701772680000.0,0.0,0.0,0.0,159.25242424242424,0.0,0.0,169.05,0.9999253857184062,1.0,1317.1670248000037,1000.0,1317.1670248000037,1000.0,0.0,0.0
16560,1701776280000.0,0.0,0.0,0.0,159.25242424242424,0.0,0.0,168.5,0.9999253857184062,1.0,1317.1670248000037,1000.0,1317.1670248000037,1000.0,0.0,0.0
16561,1701779880000.0,0.0,0.0,0.0,159.25242424242424,0.0,0.0,169.2,0.9999253857184062,1.0,1317.1670248000037,1000.0,1317.1670248000037,1000.0,0.0,0.0
16562,1701783480000.0,0.0,0.0,0.0,159.25242424242424,0.0,0.0,169.43,0.9999253857184062,1.0,1317.1670248000037,1000.0,1317.1670248000037,1000.0,0.0,0.0
16563,1701787080000.0,0.0,0.0,0.0,159.25242424242424,0.0,0.0,169.55,0.9999253857184062,1.0,1317.1670248000037,1000.0,1317.1670248000037,1000.0,0.0,0.0
16564,1701790680000.0,0.0,0.0,0.0,159.25242424242424,0.0,0.0,170.18,0.9999253857184062,1.0,1317.1670248000037,1000.0,1317.1670248000037,1000.0,0.0,0.0
16565,1701794280000.0,0.0,0.0,0.0,159.25242424242424,0.0,0.0,170.14,0.9999253857184062,1.0,1317.1670248000037,1000.0,1317.1670248000037,1000.0,0.0,0.0
16566,1701797880000.0,0.0,0.0,0.0,159.25242424242424,0.0,0.0,170.25,0.9999253857184062,1.0,1317.1670248000037,1000.0,1317.1670248000037,1000.0,0.0,0.0
16567,1701801480000.0,0.0,0.0,0.0,159.25242424242424,0.0,0.0,170.6,0.9999253857184062,1.0,1317.1670248000037,1000.0,1317.1670248000037,1000.0,0.0,0.0
16568,1701805080000.0,0.0,0.0,0.0,159.25242424242424,0.0,0.0,171.6,0.9999253857184062,1.0,1317.1670248000037,1000.0,1317.1670248000037,1000.0,0.0,0.0
16569,1701808680000.0,0.0,0.0,0.0,159.25242424242424,0.0,0.0,171.56,0.9999253857184062,1.0,1317.1670248000037,1000.0,1317.1670248000037,1000.0,0.0,0.0
16570,1701812280000.0,0.0,0.0,0.0,159.25242424242424,0.0,0.0,171.46,0.9999253857184062,1.0,1317.1670248000037,1000.0,1317.1670248000037,1000.0,0.0,0.0
16571,1701815880000.0,0.0,0.0,0.0,159.25242424242424,0.0,0.0,171.95,0.9999253857184062,1.0,1317.1670248000037,1000.0,1317.1670248000037,1000.0,0.0,0.0
16572,1701819480000.0,0.0,0.0,0.0,159.25242424242424,0.0,0.0,171.67,0.9999253857184062,1.0,1317.1670248000037,1000.0,1317.1670248000037,1000.0,0.0,0.0
16573,1701823080000.0,0.0,0.0,0.0,159.25242424242424,0.0,0.0,171.96,0.9999253857184062,1.0,1317.1670248000037,1000.0,1317.1670248000037,1000.0,0.0,0.0
16574,1701826680000.0,0.0,0.0,0.0,159.25242424242424,0.0,0.0,171.56,0.9999253857184062,1.0,1317.1670248000037,1000.0,1317.1670248000037,1000.0,0.0,0.0
16575,1701830280000.0,0.0,0.0,0.0,159.25242424242424,0.0,0.0,171.89,0.9999253857184062,1.0,1317.1670248000037,1000.0,1317.1670248000037,1000.0,0.0,0.0
16576,1701833880000.0,0.0,0.0,0.0,159.25242424242424,0.0,0.0,171.83,0.9999253857184062,1.0,1317.1670248000037,1000.0,1317.1670248000037,1000.0,0.0,0.0
16577,1701837480000.0,0.0,0.0,0.0,159.25242424242424,0.0,0.0,172.73,0.9999253857184062,1.0,1317.1670248000037,1000.0,1317.1670248000037,1000.0,0.0,0.0
16578,1701841080000.0,0.0,0.0,0.0,159.25242424242424,0.0,0.0,171.35,0.9999253857184062,1.0,1317.1670248000037,1000.0,1317.1670248000037,1000.0,0.0,0.0
16579,1701844680000.0,0.0,0.0,0.0,159.25242424242424,0.0,0.0,172.54,0.9999253857184062,1.0,1317.1670248000037,1000.0,1317.1670248000037,1000.0,0.0,0.0
16580,1701848280000.0,0.0,0.0,0.0,159.25242424242424,0.0,0.0,173.1,0.9999253857184062,1.0,1317.1670248000037,1000.0,1317.1670248000037,1000.0,0.0,0.0
16581,1701851880000.0,0.0,0.0,0.0,159.25242424242424,0.0,0.0,173.89,0.9999253857184062,1.0,1317.1670248000037,1000.0,1317.1670248000037,1000.0,0.0,0.0
16582,1701855480000.0,0.0,0.0,0.0,159.25242424242424,0.0,0.0,173.52,0.9999253857184062,1.0,1317.1670248000037,1000.0,1317.1670248000037,1000.0,0.0,0.0
16583,1701859080000.0,0.0,0.0,0.0,159.25242424242424,0.0,0.0,172.35,0.9999253857184062,1.0,1317.1670248000037,1000.0,1317.1670248000037,1000.0,0.0,0.0
16584,1701862680000.0,0.0,0.0,0.0,159.25242424242424,0.0,0.0,171.7,0.9999253857184062,1.0,1317.1670248000037,1000.0,1317.1670248000037,1000.0,0.0,0.0
16585,1701866280000.0,0.0,0.0,0.0,159.25242424242424,0.0,0.0,172.65,0.9999253857184062,1.0,1317.1670248000037,1000.0,1317.1670248000037,1000.0,0.0,0.0
16586,1701869880000.0,0.0,0.0,0.0,159.25242424242424,0.0,0.0,172.5,0.9999253857184062,1.0,1317.1670248000037,1000.0,1317.1670248000037,1000.0,0.0,0.0
16587,1701873480000.0,0.0,0.0,0.0,159.25242424242424,0.0,0.0,171.94,0.9999253857184062,1.0,1317.1670248000037,1000.0,1317.1670248000037,1000.0,0.0,0.0
16588,1701877080000.0,0.0,0.0,0.0,159.25242424242424,0.0,0.0,171.81,0.9999253857184062,1.0,1317.1670248000037,1000.0,1317.1670248000037,1000.0,0.0,0.0
16589,1701880680000.0,0.0,0.0,0.0,159.25242424242424,0.0,0.0,172.39,0.9999253857184062,1.0,1317.1670248000037,1000.0,1317.1670248000037,1000.0,0.0,0.0
16590,1701884280000.0,0.0,0.0,0.0,159.25242424242424,0.0,0.0,172.4,0.9999253857184062,1.0,1317.1670248000037,1000.0,1317.1670248000037,1000.0,0.0,0.0
16591,1701887880000.0,0.0,0.0,0.0,159.25242424242424,0.0,0.0,172.24,0.9999253857184062,1.0,1317.1670248000037,1000.0,1317.1670248000037,1000.0,0.0,0.0
16592,1701891480000.0,0.0,0.0,0.0,159.25242424242424,0.0,0.0,172.15,0.9999253857184062,1.0,1317.1670248000037,1000.0,1317.1670248000037,1000.0,0.0,0.0
16593,1701895080000.0,0.0,0.0,0.0,159.25242424242424,0.0,0.0,171.75,0.9999253857184062,1.0,1317.1670248000037,1000.0,1317.1670248000037,1000.0,0.0,0.0
16594,1701898680000.0,0.0,0.0,0.0,159.25242424242424,0.0,0.0,171.05,0.9999253857184062,1.0,1317.1670248000037,1000.0,1317.1670248000037,1000.0,0.0,0.0
16595,1701902280000.0,0.0,0.0,0.0,159.25242424242424,0.0,0.0,171.55,0.9999253857184062,1.0,1317.1670248000037,1000.0,1317.1670248000037,1000.0,0.0,0.0
16596,1701905880000.0,0.0,0.0,0.0,159.25242424242424,0.0,0.0,170.71,0.9999253857184062,1.0,1317.1670248000037,1000.0,1317.1670248000037,1000.0,0.0,0.0
16597,1701909480000.0,0.0,0.0,0.0,159.25242424242424,0.0,0.0,171.23,0.9999253857184062,1.0,1317.1670248000037,1000.0,1317.1670248000037,1000.0,0.0,0.0
16598,1701913080000.0,0.0,0.0,0.0,159.25242424242424,0.0,0.0,171.99,0.9999253857184062,1.0,1317.1670248000037,1000.0,1317.1670248000037,1000.0,0.0,0.0
16599,1701916680000.0,0.0,0.0,0.0,159.25242424242424,0.0,0.0,172.6,0.9999253857184062,1.0,1317.1670248000037,1000.0,1317.1670248000037,1000.0,0.0,0.0
16600,1701920280000.0,0.0,0.0,0.0,159.25242424242424,0.0,0.0,173.73,0.9999253857184062,1.0,1317.1670248000037,1000.0,1317.1670248000037,1000.0,0.0,0.0
16601,1701923880000.0,0.0,0.0,0.0,159.25242424242424,0.0,0.0,174.07,0.9999253857184062,1.0,1317.1670248000037,1000.0,1317.1670248000037,1000.0,0.0,0.0
16602,1701927480000.0,0.0,0.0,0.0,159.25242424242424,0.0,0.0,174.69,0.9999253857184062,1.0,1317.1670248000037,1000.0,1317.1670248000037,1000.0,0.0,0.0
16603,1701931080000.0,0.0,0.0,0.0,159.25242424242424,0.0,0.0,174.58,0.9999253857184062,1.0,1317.1670248000037,1000.0,1317.1670248000037,1000.0,0.0,0.0
16604,1701934680000.0,0.0,0.0,0.0,159.25242424242424,0.0,0.0,174.56,0.9999253857184062,1.0,1317.1670248000037,1000.0,1317.1670248000037,1000.0,0.0,0.0
16605,1701938280000.0,0.0,0.0,0.0,159.25242424242424,0.0,0.0,173.93,0.9999253857184062,1.0,1317.1670248000037,1000.0,1317.1670248000037,1000.0,0.0,0.0
16606,1701941880000.0,0.0,0.0,0.0,159.25242424242424,0.0,0.0,171.91,0.9999253857184062,1.0,1317.1670248000037,1000.0,1317.1670248000037,1000.0,0.0,0.0
16607,1701945480000.0,0.0,0.0,0.0,159.25242424242424,0.0,0.0,173.75,0.9999253857184062,1.0,1317.1670248000037,1000.0,1317.1670248000037,1000.0,0.0,0.0
16608,1701949080000.0,0.0,0.0,0.0,159.25242424242424,0.0,0.0,174.78,0.9999253857184062,1.0,1317.1670248000037,1000.0,1317.1670248000037,1000.0,0.0,0.0
16609,1701952680000.0,0.0,0.0,0.0,159.25242424242424,0.0,0.0,173.73,0.9999253857184062,1.0,1317.1670248000037,1000.0,1317.1670248000037,1000.0,0.0,0.0
16610,1701956280000.0,0.0,0.0,0.0,159.25242424242424,0.0,0.0,174.5,0.9999253857184062,1.0,1317.1670248000037,1000.0,1317.1670248000037,1000.0,0.0,0.0
16611,1701959880000.0,0.0,0.0,0.0,159.25242424242424,0.0,0.0,174.51,0.9999253857184062,1.0,1317.1670248000037,1000.0,1317.1670248000037,1000.0,0.0,0.0
16612,1701963480000.0,0.0,0.0,0.0,159.25242424242424,0.0,0.0,175.56,0.9999253857184062,1.0,1317.1670248000037,1000.0,1317.1670248000037,1000.0,0.0,0.0
16613,1701967080000.0,0.0,0.0,0.0,159.25242424242424,0.0,0.0,175.93,0.9999253857184062,1.0,1317.1670248000037,1000.0,1317.1670248000037,1000.0,0.0,0.0
16614,1701970680000.0,0.0,0.0,0.0,159.25242424242424,0.0,0.0,175.21,0.9999253857184062,1.0,1317.1670248000037,1000.0,1317.1670248000037,1000.0,0.0,0.0
16615,1701974280000.0,0.0,0.0,0.0,159.25242424242424,0.0,0.0,175.73,0.9999253857184062,1.0,1317.1670248000037,1000.0,1317.1670248000037,1000.0,0.0,0.0
16616,1701977880000.0,0.0,0.0,0.0,159.25242424242424,0.0,0.0,175.43,0.9999253857184062,1.0,1317.1670248000037,1000.0,1317.1670248000037,1000.0,0.0,0.0
16617,1701981480000.0,0.0,0.0,0.0,159.25242424242424,0.0,0.0,175.59,0.9999253857184062,1.0,1317.1670248000037,1000.0,1317.1670248000037,1000.0,0.0,0.0
16618,1701985080000.0,0.0,0.0,0.0,159.25242424242424,0.0,0.0,176.3,0.9999253857184062,1.0,1317.1670248000037,1000.0,1317.1670248000037,1000.0,0.0,0.0
16619,1701988680000.0,0.0,0.0,0.0,159.25242424242424,0.0,0.0,174.97,0.9999253857184062,1.0,1317.1670248000037,1000.0,1317.1670248000037,1000.0,0.0,0.0
16620,1701992280000.0,0.0,0.0,0.0,159.25242424242424,0.0,0.0,172.89,0.9999253857184062,1.0,1317.1670248000037,1000.0,1317.1670248000037,1000.0,0.0,0.0
16621,1701995880000.0,0.0,0.0,0.0,159.25242424242424,0.0,0.0,172.9,0.9999253857184062,1.0,1317.1670248000037,1000.0,1317.1670248000037,1000.0,0.0,0.0
16622,1701999480000.0,0.0,0.0,0.0,159.25242424242424,0.0,0.0,172.78,0.9999253857184062,1.0,1317.1670248000037,1000.0,1317.1670248000037,1000.0,0.0,0.0
16623,1702003080000.0,0.0,0.0,0.0,159.25242424242424,0.0,0.0,173.68,0.9999253857184062,1.0,1317.1670248000037,1000.0,1317.1670248000037,1000.0,0.0,0.0
16624,1702006680000.0,0.0,0.0,0.0,159.25242424242424,0.0,0.0,175.15,0.9999253857184062,1.0,1317.1670248000037,1000.0,1317.1670248000037,1000.0,0.0,0.0
16625,1702010280000.0,0.0,0.0,0.0,159.25242424242424,0.0,0.0,175.0,0.9999253857184062,1.0,1317.1670248000037,1000.0,1317.1670248000037,1000.0,0.0,0.0
16626,1702013880000.0,0.0,0.0,0.0,159.25242424242424,0.0,0.0,175.11,0.9999253857184062,1.0,1317.1670248000037,1000.0,1317.1670248000037,1000.0,0.0,0.0
16627,1702017480000.0,0.0,0.0,0.0,159.25242424242424,0.0,0.0,174.81,0.9999253857184062,1.0,1317.1670248000037,1000.0,1317.1670248000037,1000.0,0.0,0.0
16628,1702021080000.0,0.0,0.0,0.0,159.25242424242424,0.0,0.0,174.26,0.9999253857184062,1.0,1317.1670248000037,1000.0,1317.1670248000037,1000.0,0.0,0.0
16629,1702024680000.0,0.0,0.0,0.0,159.25242424242424,0.0,0.0,173.65,0.9999253857184062,1.0,1317.1670248000037,1000.0,1317.1670248000037,1000.0,0.0,0.0
16630,1702028280000.0,0.0,0.0,0.0,159.25242424242424,0.0,0.0,173.04,0.9999253857184062,1.0,1317.1670248000037,1000.0,1317.1670248000037,1000.0,0.0,0.0
16631,1702031880000.0,0.0,0.0,0.0,159.25242424242424,0.0,0.0,173.45,0.9999253857184062,1.0,1317.1670248000037,1000.0,1317.1670248000037,1000.0,0.0,0.0
16632,1702035480000.0,0.0,0.0,0.0,159.25242424242424,0.0,0.0,173.6,0.9999253857184062,1.0,1317.1670248000037,1000.0,1317.1670248000037,1000.0,0.0,0.0
16633,1702039080000.0,0.0,0.0,0.0,159.25242424242424,0.0,0.0,173.53,0.9999253857184062,1.0,1317.1670248000037,1000.0,1317.1670248000037,1000.0,0.0,0.0
16634,1702042680000.0,0.0,0.0,0.0,159.25242424242424,0.0,0.0,172.46,0.9999253857184062,1.0,1317.1670248000037,1000.0,1317.1670248000037,1000.0,0.0,0.0
16635,1702046280000.0,0.0,0.0,0.0,159.25242424242424,0.0,0.0,173.6,0.9999253857184062,1.0,1317.1670248000037,1000.0,1317.1670248000037,1000.0,0.0,0.0
16636,1702049880000.0,0.0,0.0,0.0,159.25242424242424,0.0,0.0,173.8,0.9999253857184062,1.0,1317.1670248000037,1000.0,1317.1670248000037,1000.0,0.0,0.0
16637,1702053480000.0,0.0,0.0,0.0,159.25242424242424,0.0,0.0,173.49,0.9999253857184062,1.0,1317.1670248000037,1000.0,1317.1670248000037,1000.0,0.0,0.0
16638,1702057080000.0,0.0,0.0,0.0,159.25242424242424,0.0,0.0,173.4,0.9999253857184062,1.0,1317.1670248000037,1000.0,1317.1670248000037,1000.0,0.0,0.0
16639,1702060680000.0,0.0,0.0,0.0,159.25242424242424,0.0,0.0,173.42,0.9999253857184062,1.0,1317.1670248000037,1000.0,1317.1670248000037,1000.0,0.0,0.0
16640,1702064280000.0,0.0,0.0,0.0,159.25242424242424,0.0,0.0,173.11,0.9999253857184062,1.0,1317.1670248000037,1000.0,1317.1670248000037,1000.0,0.0,0.0
16641,1702067880000.0,0.0,0.0,0.0,159.25242424242424,0.0,0.0,173.55,0.9999253857184062,1.0,1317.1670248000037,1000.0,1317.1670248000037,1000.0,0.0,0.0
16642,1702071480000.0,0.0,0.0,0.0,159.25242424242424,0.0,0.0,174.64,0.9999253857184062,1.0,1317.1670248000037,1000.0,1317.1670248000037,1000.0,0.0,0.0
16643,1702075080000.0,0.0,0.0,0.0,159.25242424242424,0.0,0.0,174.41,0.9999253857184062,1.0,1317.1670248000037,1000.0,1317.1670248000037,1000.0,0.0,0.0
16644,1702078680000.0,0.0,0.0,0.0,159.25242424242424,0.0,0.0,174.82,0.9999253857184062,1.0,1317.1670248000037,1000.0,1317.1670248000037,1000.0,0.0,0.0
16645,1702082280000.0,0.0,0.0,0.0,159.25242424242424,0.0,0.0,175.25,0.9999253857184062,1.0,1317.1670248000037,1000.0,1317.1670248000037,1000.0,0.0,0.0
16646,1702085880000.0,0.0,0.0,0.0,159.25242424242424,0.0,0.0,175.54,0.9999253857184062,1.0,1317.1670248000037,1000.0,1317.1670248000037,1000.0,0.0,0.0
16647,1702089480000.0,0.0,0.0,0.0,159.25242424242424,0.0,0.0,175.55,0.9999253857184062,1.0,1317.1670248000037,1000.0,1317.1670248000037,1000.0,0.0,0.0
16648,1702093080000.0,0.0,0.0,0.0,159.25242424242424,0.0,0.0,175.66,0.9999253857184062,1.0,1317.1670248000037,1000.0,1317.1670248000037,1000.0,0.0,0.0
16649,1702096680000.0,0.0,0.0,0.0,159.25242424242424,0.0,0.0,176.21,0.9999253857184062,1.0,1317.1670248000037,1000.0,1317.1670248000037,1000.0,0.0,0.0
16650,1702100280000.0,0.0,0.0,0.0,159.25242424242424,0.0,0.0,175.7,0.9999253857184062,1.0,1317.1670248000037,1000.0,1317.1670248000037,1000.0,0.0,0.0
16651,1702103880000.0,0.0,0.0,0.0,159.25242424242424,0.0,0.0,176.41,0.9999253857184062,1.0,1317.1670248000037,1000.0,1317.1670248000037,1000.0,0.0,0.0
16652,1702107480000.0,0.0,0.0,0.0,159.25242424242424,0.0,0.0,176.8,0.9999253857184062,1.0,1317.1670248000037,1000.0,1317.1670248000037,1000.0,0.0,0.0
16653,1702111080000.0,0.0,0.0,0.0,159.25242424242424,0.0,0.0,175.41,0.9999253857184062,1.0,1317.1670248000037,1000.0,1317.1670248000037,1000.0,0.0,0.0
16654,1702114680000.0,0.0,0.0,0.0,159.25242424242424,0.0,0.0,176.65,0.9999253857184062,1.0,1317.1670248000037,1000.0,1317.1670248000037,1000.0,0.0,0.0
16655,1702118280000.0,0.0,0.0,0.0,159.25242424242424,0.0,0.0,175.44,0.9999253857184062,1.0,1317.1670248000037,1000.0,1317.1670248000037,1000.0,0.0,0.0
16656,1702121880000.0,0.0,0.0,0.0,159.25242424242424,0.0,0.0,175.6,0.9999253857184062,1.0,1317.1670248000037,1000.0,1317.1670248000037,1000.0,0.0,0.0
16657,1702125480000.0,0.0,0.0,0.0,159.25242424242424,0.0,0.0,175.48,0.9999253857184062,1.0,1317.1670248000037,1000.0,1317.1670248000037,1000.0,0.0,0.0
16658,1702129080000.0,0.0,0.0,0.0,159.25242424242424,0.0,0.0,175.95,0.9999253857184062,1.0,1317.1670248000037,1000.0,1317.1670248000037,1000.0,0.0,0.0
16659,1702132680000.0,0.0,0.0,0.0,159.25242424242424,0.0,0.0,175.6,0.9999253857184062,1.0,1317.1670248000037,1000.0,1317.1670248000037,1000.0,0.0,0.0
16660,1702136280000.0,0.0,0.0,0.0,159.25242424242424,0.0,0.0,175.41,0.9999253857184062,1.0,1317.1670248000037,1000.0,1317.1670248000037,1000.0,0.0,0.0
16661,1702139880000.0,0.0,0.0,0.0,159.25242424242424,0.0,0.0,175.58,0.9999253857184062,1.0,1317.1670248000037,1000.0,1317.1670248000037,1000.0,0.0,0.0
16662,1702143480000.0,0.0,0.0,0.0,159.25242424242424,0.0,0.0,175.77,0.9999253857184062,1.0,1317.1670248000037,1000.0,1317.1670248000037,1000.0,0.0,0.0
16663,1702147080000.0,0.0,0.0,0.0,159.25242424242424,0.0,0.0,175.79,0.9999253857184062,1.0,1317.1670248000037,1000.0,1317.1670248000037,1000.0,0.0,0.0
16664,1702150680000.0,0.0,0.0,0.0,159.25242424242424,0.0,0.0,176.5,0.9999253857184062,1.0,1317.1670248000037,1000.0,1317.1670248000037,1000.0,0.0,0.0
16665,1702154280000.0,0.0,0.0,0.0,159.25242424242424,0.0,0.0,175.9,0.9999253857184062,1.0,1317.1670248000037,1000.0,1317.1670248000037,1000.0,0.0,0.0
16666,1702157880000.0,0.0,0.0,0.0,159.25242424242424,0.0,0.0,176.83,0.9999253857184062,1.0,1317.1670248000037,1000.0,1317.1670248000037,1000.0,0.0,0.0
16667,1702161480000.0,0.0,0.0,0.0,159.25242424242424,0.0,0.0,176.16,0.9999253857184062,1.0,1317.1670248000037,1000.0,1317.1670248000037,1000.0,0.0,0.0
16668,1702165080000.0,0.0,0.0,0.0,159.25242424242424,0.0,0.0,174.82,0.9999253857184062,1.0,1317.1670248000037,1000.0,1317.1670248000037,1000.0,0.0,0.0
16669,1702168680000.0,0.0,0.0,0.0,159.25242424242424,0.0,0.0,176.18,0.9999253857184062,1.0,1317.1670248000037,1000.0,1317.1670248000037,1000.0,0.0,0.0
16670,1702172280000.0,0.0,0.0,0.0,159.25242424242424,0.0,0.0,177.09,0.9999253857184062,1.0,1317.1670248000037,1000.0,1317.1670248000037,1000.0,0.0,0.0
16671,1702175880000.0,0.0,0.0,0.0,159.25242424242424,0.0,0.0,178.08,0.9999253857184062,1.0,1317.1670248000037,1000.0,1317.1670248000037,1000.0,0.0,0.0
16672,1702179480000.0,0.0,0.0,0.0,159.25242424242424,0.0,0.0,177.73,0.9999253857184062,1.0,1317.1670248000037,1000.0,1317.1670248000037,1000.0,0.0,0.0
16673,1702183080000.0,0.0,0.0,0.0,159.25242424242424,0.0,0.0,178.8,0.9999253857184062,1.0,1317.1670248000037,1000.0,1317.1670248000037,1000.0,0.0,0.0
16674,1702186680000.0,0.0,0.0,0.0,159.25242424242424,0.0,0.0,178.03,0.9999253857184062,1.0,1317.1670248000037,1000.0,1317.1670248000037,1000.0,0.0,0.0
16675,1702190280000.0,0.0,0.0,0.0,159.25242424242424,0.0,0.0,178.26,0.9999253857184062,1.0,1317.1670248000037,1000.0,1317.1670248000037,1000.0,0.0,0.0
16676,1702193880000.0,0.0,0.0,0.0,159.25242424242424,0.0,0.0,177.95,0.9999253857184062,1.0,1317.1670248000037,1000.0,1317.1670248000037,1000.0,0.0,0.0
16677,1702197480000.0,0.0,0.0,0.0,159.25242424242424,0.0,0.0,176.79,0.9999253857184062,1.0,1317.1670248000037,1000.0,1317.1670248000037,1000.0,0.0,0.0
16678,1702201080000.0,0.0,0.0,0.0,159.25242424242424,0.0,0.0,175.77,0.9999253857184062,1.0,1317.1670248000037,1000.0,1317.1670248000037,1000.0,0.0,0.0
16679,1702204680000.0,0.0,0.0,0.0,159.25242424242424,0.0,0.0,175.86,0.9999253857184062,1.0,1317.1670248000037,1000.0,1317.1670248000037,1000.0,0.0,0.0
16680,1702208280000.0,0.0,0.0,0.0,159.25242424242424,0.0,0.0,177.2,0.9999253857184062,1.0,1317.1670248000037,1000.0,1317.1670248000037,1000.0,0.0,0.0
16681,1702211880000.0,0.0,0.0,0.0,159.25242424242424,0.0,0.0,177.58,0.9999253857184062,1.0,1317.1670248000037,1000.0,1317.1670248000037,1000.0,0.0,0.0
16682,1702215480000.0,0.0,0.0,0.0,159.25242424242424,0.0,0.0,177.36,0.9999253857184062,1.0,1317.1670248000037,1000.0,1317.1670248000037,1000.0,0.0,0.0
16683,1702219080000.0,0.0,0.0,0.0,159.25242424242424,0.0,0.0,175.87,0.9999253857184062,1.0,1317.1670248000037,1000.0,1317.1670248000037,1000.0,0.0,0.0
16684,1702222680000.0,0.0,0.0,0.0,159.25242424242424,0.0,0.0,177.24,0.9999253857184062,1.0,1317.1670248000037,1000.0,1317.1670248000037,1000.0,0.0,0.0
16685,1702226280000.0,0.0,0.0,0.0,159.25242424242424,0.0,0.0,176.71,0.9999253857184062,1.0,1317.1670248000037,1000.0,1317.1670248000037,1000.0,0.0,0.0
16686,1702229880000.0,0.0,0.0,0.0,159.25242424242424,0.0,0.0,176.14,0.9999253857184062,1.0,1317.1670248000037,1000.0,1317.1670248000037,1000.0,0.0,0.0
16687,1702233480000.0,0.0,0.0,0.0,159.25242424242424,0.0,0.0,177.09,0.9999253857184062,1.0,1317.1670248000037,1000.0,1317.1670248000037,1000.0,0.0,0.0
16688,1702237080000.0,0.0,0.0,0.0,159.25242424242424,0.0,0.0,176.39,0.9999253857184062,1.0,1317.1670248000037,1000.0,1317.1670248000037,1000.0,0.0,0.0
16689,1702240680000.0,0.0,0.0,0.0,159.25242424242424,0.0,0.0,176.55,0.9999253857184062,1.0,1317.1670248000037,1000.0,1317.1670248000037,1000.0,0.0,0.0
16690,1702244280000.0,0.0,0.0,0.0,159.25242424242424,0.0,0.0,176.18,0.9999253857184062,1.0,1317.1670248000037,1000.0,1317.1670248000037,1000.0,0.0,0.0
16691,1702247880000.0,0.0,0.0,0.0,159.25242424242424,0.0,0.0,175.76,0.9999253857184062,1.0,1317.1670248000037,1000.0,1317.1670248000037,1000.0,0.0,0.0
16692,1702251480000.0,0.0,0.0,0.0,159.25242424242424,0.0,0.0,175.4,0.9999253857184062,1.0,1317.1670248000037,1000.0,1317.1670248000037,1000.0,0.0,0.0
16693,1702255080000.0,0.0,0.0,0.0,159.25242424242424,0.0,0.0,176.62,0.9999253857184062,1.0,1317.1670248000037,1000.0,1317.1670248000037,1000.0,0.0,0.0
16694,1702258680000.0,0.0,0.0,0.0,159.25242424242424,0.0,0.0,174.3,0.9999253857184062,1.0,1317.1670248000037,1000.0,1317.1670248000037,1000.0,0.0,0.0
16695,1702262280000.0,0.0,0.0,0.96,163.6878125,0.0,0.0,167.1,0.9999253857184062,1.0,1317.1355967400038,1000.0,1320.4112967400038,1000.0,0.11930457303631642,0.0
16696,1702265880000.0,0.0,0.0,0.29,163.6878125,0.0,0.0,168.78,0.9999253857184062,1.0,1320.4041699650038,1000.0,1321.8809043400038,1000.0,0.03595070865783326,0.0
16697,1702269480000.0,0.0,0.0,0.31,166.38707661290326,0.0,0.0,168.63,0.9999253857184062,1.0,1321.130207350004,1000.0,1321.825513600004,1000.0,0.039042324112368916,0.0
16698,1702273080000.0,0.0,0.0,0.31,166.38707661290326,0.0,0.0,168.79,0.9999253857184062,1.0,1321.130207350004,1000.0,1321.875113600004,1000.0,0.039042324112368916,0.0
16699,1702276680000.0,0.0,0.0,0.31,166.38707661290326,0.0,0.0,168.48,0.9999253857184062,1.0,1321.130207350004,1000.0,1321.779013600004,1000.0,0.039042324112368916,0.0
16700,1702280280000.0,0.0,0.0,0.31,166.38707661290326,0.0,0.0,169.41,0.9999253857184062,1.0,1321.130207350004,1000.0,1322.067313600004,1000.0,0.039042324112368916,0.0
16701,1702283880000.0,0.0,0.0,0.31,166.38707661290326,0.0,0.0,168.9,0.9999253857184062,1.0,1321.130207350004,1000.0,1321.909213600004,1000.0,0.039042324112368916,0.0
16702,1702287480000.0,0.0,0.0,0.31,166.38707661290326,0.0,0.0,169.57,0.9999253857184062,1.0,1321.130207350004,1000.0,1322.116913600004,1000.0,0.039042324112368916,0.0
16703,1702291080000.0,0.0,0.0,0.31,166.38707661290326,0.0,0.0,170.53,0.9999253857184062,1.0,1321.130207350004,1000.0,1322.414513600004,1000.0,0.039042324112368916,0.0
16704,1702294680000.0,0.0,0.0,0.14,166.38707661290326,0.0,0.0,171.7,0.9999253857184062,1.0,1321.9731774058105,1000.0,1322.716986680004,1000.0,0.017620774100362675,0.0
16705,1702298280000.0,0.0,0.0,0.14,166.38707661290326,0.0,0.0,174.28,0.9999253857184062,1.0,1321.9731774058105,1000.0,1323.078186680004,1000.0,0.017620774100362675,0.0
16706,1702301880000.0,0.0,0.0,0.14,166.38707661290326,0.0,0.0,172.39,0.9999253857184062,1.0,1321.9731774058105,1000.0,1322.813586680004,1000.0,0.017620774100362675,0.0
16707,1702305480000.0,0.0,0.0,0.07,166.38707661290326,0.0,0.0,172.07,0.9999253857184062,1.0,1322.3202827229072,1000.0,1322.718087360004,1000.0,0.00880807434861368,0.0
16708,1702309080000.0,0.0,0.0,0.05,166.38707661290326,0.0,0.0,170.93,0.9999253857184062,1.0,1322.4194556706493,1000.0,1322.6466018400042,1000.0,0.0062910098569489824,0.0
16709,1702312680000.0,0.0,0.0,0.0,166.38707661290326,0.0,0.0,170.58,0.9999253857184062,1.0,1322.667388040004,1000.0,1322.667388040004,1000.0,0.0,0.0
16710,1702316280000.0,0.0,0.0,0.0,166.38707661290326,0.0,0.0,168.8,0.9999253857184062,1.0,1322.667388040004,1000.0,1322.667388040004,1000.0,0.0,0.0
16711,1702319880000.0,0.0,0.0,0.32,166.22,0.0,0.0,167.0,0.9999253857184062,1.0,1322.656749960004,1000.0,1322.906349960004,1000.0,0.04021481764003279,0.0
16712,1702323480000.0,0.0,0.0,0.32,166.22,0.0,0.0,168.14,0.9999253857184062,1.0,1322.656749960004,1000.0,1323.2711499600039,1000.0,0.04021481764003279,0.0
16713,1702327080000.0,0.0,0.0,0.32,166.22,0.0,0.0,168.65,0.9999253857184062,1.0,1322.656749960004,1000.0,1323.4343499600038,1000.0,0.04021481764003279,0.0
16714,1702330680000.0,0.0,0.0,0.22,166.22,0.0,0.0,172.64,0.9999253857184062,1.0,1323.152325760004,1000.0,1324.564725760004,1000.0,0.02763733191414338,0.0
16715,1702334280000.0,0.0,0.0,0.22,166.22,0.0,0.0,172.12,0.9999253857184062,1.0,1323.152325760004,1000.0,1324.450325760004,1000.0,0.02763733191414338,0.0
16716,1702337880000.0,0.0,0.0,0.22,166.22,0.0,0.0,171.86,0.9999253857184062,1.0,1323.152325760004,1000.0,1324.393125760004,1000.0,0.02763733191414338,0.0
16717,1702341480000.0,0.0,0.0,0.22,166.22,0.0,0.0,171.8,0.9999253857184062,1.0,1323.152325760004,1000.0,1324.379925760004,1000.0,0.02763733191414338,0.0
16718,1702345080000.0,0.0,0.0,0.1,166.22,0.0,0.0,171.61,0.9999253857184062,1.0,1323.747016720004,1000.0,1324.286016720004,1000.0,0.012556779951192025,0.0
16719,1702348680000.0,0.0,0.0,0.1,166.22,0.0,0.0,173.13,0.9999253857184062,1.0,1323.747016720004,1000.0,1324.438016720004,1000.0,0.012556779951192025,0.0
16720,1702352280000.0,0.0,0.0,0.1,166.22,0.0,0.0,171.51,0.9999253857184062,1.0,1323.747016720004,1000.0,1324.276016720004,1000.0,0.012556779951192025,0.0
16721,1702355880000.0,0.0,0.0,0.02,166.22,0.0,0.0,172.1,0.9999253857184062,1.0,1324.143477360004,1000.0,1324.261077360004,1000.0,0.0025106040673386733,0.0
16722,1702359480000.0,0.0,0.0,0.02,166.22,0.0,0.0,172.63,0.9999253857184062,1.0,1324.143477360004,1000.0,1324.271677360004,1000.0,0.0025106040673386733,0.0
16723,1702363080000.0,0.0,0.0,0.02,166.22,0.0,0.0,172.4,0.9999253857184062,1.0,1324.143477360004,1000.0,1324.267077360004,1000.0,0.0025106040673386733,0.0
16724,1702366680000.0,0.0,0.0,0.02,166.22,0.0,0.0,172.05,0.9999253857184062,1.0,1324.143477360004,1000.0,1324.260077360004,1000.0,0.0025106040673386733,0.0
16725,1702370280000.0,0.0,0.0,0.02,166.22,0.0,0.0,172.24,0.9999253857184062,1.0,1324.143477360004,1000.0,1324.263877360004,1000.0,0.0025106040673386733,0.0
16726,1702373880000.0,0.0,0.0,0.02,166.22,0.0,0.0,171.81,0.9999253857184062,1.0,1324.143477360004,1000.0,1324.255277360004,1000.0,0.0025106040673386733,0.0
16727,1702377480000.0,0.0,0.0,0.02,166.22,0.0,0.0,171.85,0.9999253857184062,1.0,1324.143477360004,1000.0,1324.256077360004,1000.0,0.0025106040673386733,0.0
16728,1702381080000.0,0.0,0.0,0.02,166.22,0.0,0.0,171.14,0.9999253857184062,1.0,1324.143477360004,1000.0,1324.241877360004,1000.0,0.0025106040673386733,0.0
16729,1702384680000.0,0.0,0.0,0.01,166.22,0.0,0.0,170.52,0.9999253857184062,1.0,1324.193034940004,1000.0,1324.236034940004,1000.0,0.0012552550543171452,0.0
16730,1702388280000.0,0.0,0.0,0.0,166.22,0.0,0.0,171.49,0.9999253857184062,1.0,1324.242592520004,1000.0,1324.242592520004,1000.0,0.0,0.0
16731,1702391880000.0,0.0,0.0,0.0,166.22,0.0,0.0,172.53,0.9999253857184062,1.0,1324.242592520004,1000.0,1324.242592520004,1000.0,0.0,0.0
16732,1702395480000.0,0.0,0.0,0.0,166.22,0.0,0.0,170.99,0.9999253857184062,1.0,1324.242592520004,1000.0,1324.242592520004,1000.0,0.0,0.0
16733,1702399080000.0,0.0,0.0,0.0,166.22,0.0,0.0,170.55,0.9999253857184062,1.0,1324.242592520004,1000.0,1324.242592520004,1000.0,0.0,0.0
16734,1702402680000.0,0.0,0.0,0.0,166.22,0.0,0.0,170.08,0.9999253857184062,1.0,1324.242592520004,1000.0,1324.242592520004,1000.0,0.0,0.0
16735,1702406280000.0,0.0,0.0,0.0,166.22,0.0,0.0,171.08,0.9999253857184062,1.0,1324.242592520004,1000.0,1324.242592520004,1000.0,0.0,0.0
16736,1702409880000.0,0.0,0.0,0.0,166.22,0.0,0.0,169.43,0.9999253857184062,1.0,1324.242592520004,1000.0,1324.242592520004,1000.0,0.0,0.0
16737,1702413480000.0,0.0,0.0,0.0,166.22,0.0,0.0,168.98,0.9999253857184062,1.0,1324.242592520004,1000.0,1324.242592520004,1000.0,0.0,0.0
16738,1702417080000.0,0.0,0.0,0.0,166.22,0.0,0.0,169.72,0.9999253857184062,1.0,1324.242592520004,1000.0,1324.242592520004,1000.0,0.0,0.0
16739,1702420680000.0,0.0,0.0,0.0,166.22,0.0,0.0,169.82,0.9999253857184062,1.0,1324.242592520004,1000.0,1324.242592520004,1000.0,0.0,0.0
16740,1702424280000.0,0.0,0.0,0.0,166.22,0.0,0.0,171.1,0.9999253857184062,1.0,1324.242592520004,1000.0,1324.242592520004,1000.0,0.0,0.0
16741,1702427880000.0,0.0,0.0,0.0,166.22,0.0,0.0,170.63,0.9999253857184062,1.0,1324.242592520004,1000.0,1324.242592520004,1000.0,0.0,0.0
16742,1702431480000.0,0.0,0.0,0.0,166.22,0.0,0.0,169.41,0.9999253857184062,1.0,1324.242592520004,1000.0,1324.242592520004,1000.0,0.0,0.0
16743,1702435080000.0,0.0,0.0,0.0,166.22,0.0,0.0,168.39,0.9999253857184062,1.0,1324.242592520004,1000.0,1324.242592520004,1000.0,0.0,0.0
16744,1702438680000.0,0.0,0.0,0.0,166.22,0.0,0.0,168.77,0.9999253857184062,1.0,1324.242592520004,1000.0,1324.242592520004,1000.0,0.0,0.0
16745,1702442280000.0,0.0,0.0,0.0,166.22,0.0,0.0,169.21,0.9999253857184062,1.0,1324.242592520004,1000.0,1324.242592520004,1000.0,0.0,0.0
16746,1702445880000.0,0.0,0.0,0.0,166.22,0.0,0.0,169.39,0.9999253857184062,1.0,1324.242592520004,1000.0,1324.242592520004,1000.0,0.0,0.0
16747,1702449480000.0,0.0,0.0,0.0,166.22,0.0,0.0,168.76,0.9999253857184062,1.0,1324.242592520004,1000.0,1324.242592520004,1000.0,0.0,0.0
16748,1702453080000.0,0.0,0.0,0.0,166.22,0.0,0.0,168.44,0.9999253857184062,1.0,1324.242592520004,1000.0,1324.242592520004,1000.0,0.0,0.0
16749,1702456680000.0,0.0,0.0,0.0,166.22,0.0,0.0,168.76,0.9999253857184062,1.0,1324.242592520004,1000.0,1324.242592520004,1000.0,0.0,0.0
16750,1702460280000.0,0.0,0.0,0.0,166.22,0.0,0.0,168.98,0.9999253857184062,1.0,1324.242592520004,1000.0,1324.242592520004,1000.0,0.0,0.0
16751,1702463880000.0,0.0,0.0,0.0,166.22,0.0,0.0,169.28,0.9999253857184062,1.0,1324.242592520004,1000.0,1324.242592520004,1000.0,0.0,0.0
16752,1702467480000.0,0.0,0.0,0.0,166.22,0.0,0.0,168.5,0.9999253857184062,1.0,1324.242592520004,1000.0,1324.242592520004,1000.0,0.0,0.0
16753,1702471080000.0,0.0,0.0,0.0,166.22,0.0,0.0,169.07,0.9999253857184062,1.0,1324.242592520004,1000.0,1324.242592520004,1000.0,0.0,0.0
16754,1702474680000.0,0.0,0.0,0.0,166.22,0.0,0.0,168.99,0.9999253857184062,1.0,1324.242592520004,1000.0,1324.242592520004,1000.0,0.0,0.0
16755,1702478280000.0,0.0,0.0,0.0,166.22,0.0,0.0,168.31,0.9999253857184062,1.0,1324.242592520004,1000.0,1324.242592520004,1000.0,0.0,0.0
16756,1702481880000.0,0.0,0.0,0.0,166.22,0.0,0.0,168.62,0.9999253857184062,1.0,1324.242592520004,1000.0,1324.242592520004,1000.0,0.0,0.0
16757,1702485480000.0,0.0,0.0,0.0,166.22,0.0,0.0,168.06,0.9999253857184062,1.0,1324.242592520004,1000.0,1324.242592520004,1000.0,0.0,0.0
16758,1702489080000.0,0.0,0.0,0.0,166.22,0.0,0.0,167.87,0.9999253857184062,1.0,1324.242592520004,1000.0,1324.242592520004,1000.0,0.0,0.0
16759,1702492680000.0,0.0,0.0,0.0,166.22,0.0,0.0,168.31,0.9999253857184062,1.0,1324.242592520004,1000.0,1324.242592520004,1000.0,0.0,0.0
16760,1702496280000.0,0.0,0.0,0.0,166.22,0.0,0.0,169.04,0.9999253857184062,1.0,1324.242592520004,1000.0,1324.242592520004,1000.0,0.0,0.0
16761,1702499880000.0,0.0,0.0,0.0,166.22,0.0,0.0,169.08,0.9999253857184062,1.0,1324.242592520004,1000.0,1324.242592520004,1000.0,0.0,0.0
16762,1702503480000.0,0.0,0.0,0.0,166.22,0.0,0.0,169.22,0.9999253857184062,1.0,1324.242592520004,1000.0,1324.242592520004,1000.0,0.0,0.0
16763,1702507080000.0,0.0,0.0,0.0,166.22,0.0,0.0,169.66,0.9999253857184062,1.0,1324.242592520004,1000.0,1324.242592520004,1000.0,0.0,0.0
16764,1702510680000.0,0.0,0.0,0.0,166.22,0.0,0.0,169.32,0.9999253857184062,1.0,1324.242592520004,1000.0,1324.242592520004,1000.0,0.0,0.0
16765,1702514280000.0,0.0,0.0,0.0,166.22,0.0,0.0,168.46,0.9999253857184062,1.0,1324.242592520004,1000.0,1324.242592520004,1000.0,0.0,0.0
16766,1702517880000.0,0.0,0.0,0.0,166.22,0.0,0.0,168.44,0.9999253857184062,1.0,1324.242592520004,1000.0,1324.242592520004,1000.0,0.0,0.0
16767,1702521480000.0,0.0,0.0,0.0,166.22,0.0,0.0,168.66,0.9999253857184062,1.0,1324.242592520004,1000.0,1324.242592520004,1000.0,0.0,0.0
16768,1702525080000.0,0.0,0.0,0.0,166.22,0.0,0.0,167.92,0.9999253857184062,1.0,1324.242592520004,1000.0,1324.242592520004,1000.0,0.0,0.0
16769,1702528680000.0,0.0,0.0,0.0,166.22,0.0,0.0,168.23,0.9999253857184062,1.0,1324.242592520004,1000.0,1324.242592520004,1000.0,0.0,0.0
16770,1702532280000.0,0.0,0.0,0.0,166.22,0.0,0.0,168.26,0.9999253857184062,1.0,1324.242592520004,1000.0,1324.242592520004,1000.0,0.0,0.0
16771,1702535880000.0,0.0,0.0,0.0,166.22,0.0,0.0,168.46,0.9999253857184062,1.0,1324.242592520004,1000.0,1324.242592520004,1000.0,0.0,0.0
16772,1702539480000.0,0.0,0.0,0.0,166.22,0.0,0.0,168.38,0.9999253857184062,1.0,1324.242592520004,1000.0,1324.242592520004,1000.0,0.0,0.0
16773,1702543080000.0,0.0,0.0,0.0,166.22,0.0,0.0,168.52,0.9999253857184062,1.0,1324.242592520004,1000.0,1324.242592520004,1000.0,0.0,0.0
16774,1702546680000.0,0.0,0.0,0.0,166.22,0.0,0.0,169.04,0.9999253857184062,1.0,1324.242592520004,1000.0,1324.242592520004,1000.0,0.0,0.0
16775,1702550280000.0,0.0,0.0,0.0,166.22,0.0,0.0,168.63,0.9999253857184062,1.0,1324.242592520004,1000.0,1324.242592520004,1000.0,0.0,0.0
16776,1702553880000.0,0.0,0.0,0.0,166.22,0.0,0.0,169.16,0.9999253857184062,1.0,1324.242592520004,1000.0,1324.242592520004,1000.0,0.0,0.0
16777,1702557480000.0,0.0,0.0,0.0,166.22,0.0,0.0,168.83,0.9999253857184062,1.0,1324.242592520004,1000.0,1324.242592520004,1000.0,0.0,0.0
16778,1702561080000.0,0.0,0.0,0.0,166.22,0.0,0.0,166.58,0.9999253857184062,1.0,1324.242592520004,1000.0,1324.242592520004,1000.0,0.0,0.0
16779,1702564680000.0,0.0,0.0,0.0,166.22,0.0,0.0,167.83,0.9999253857184062,1.0,1324.242592520004,1000.0,1324.242592520004,1000.0,0.0,0.0
16780,1702568280000.0,0.0,0.0,0.0,166.22,0.0,0.0,167.51,0.9999253857184062,1.0,1324.242592520004,1000.0,1324.242592520004,1000.0,0.0,0.0
16781,1702571880000.0,0.0,0.0,0.0,166.22,0.0,0.0,167.45,0.9999253857184062,1.0,1324.242592520004,1000.0,1324.242592520004,1000.0,0.0,0.0
16782,1702575480000.0,0.0,0.0,0.0,166.22,0.0,0.0,168.41,0.9999253857184062,1.0,1324.242592520004,1000.0,1324.242592520004,1000.0,0.0,0.0
16783,1702579080000.0,0.0,0.0,0.0,166.22,0.0,0.0,167.8,0.9999253857184062,1.0,1324.242592520004,1000.0,1324.242592520004,1000.0,0.0,0.0
16784,1702582680000.0,0.0,0.0,0.0,166.22,0.0,0.0,167.8,0.9999253857184062,1.0,1324.242592520004,1000.0,1324.242592520004,1000.0,0.0,0.0
16785,1702586280000.0,0.0,0.0,0.0,166.22,0.0,0.0,167.48,0.9999253857184062,1.0,1324.242592520004,1000.0,1324.242592520004,1000.0,0.0,0.0
16786,1702589880000.0,0.0,0.0,0.0,166.22,0.0,0.0,168.37,0.9999253857184062,1.0,1324.242592520004,1000.0,1324.242592520004,1000.0,0.0,0.0
16787,1702593480000.0,0.0,0.0,0.0,166.22,0.0,0.0,168.72,0.9999253857184062,1.0,1324.242592520004,1000.0,1324.242592520004,1000.0,0.0,0.0
16788,1702597080000.0,0.0,0.0,0.0,166.22,0.0,0.0,168.19,0.9999253857184062,1.0,1324.242592520004,1000.0,1324.242592520004,1000.0,0.0,0.0
16789,1702600680000.0,0.0,0.0,0.0,166.22,0.0,0.0,168.15,0.9999253857184062,1.0,1324.242592520004,1000.0,1324.242592520004,1000.0,0.0,0.0
16790,1702604280000.0,0.0,0.0,0.0,166.22,0.0,0.0,168.66,0.9999253857184062,1.0,1324.242592520004,1000.0,1324.242592520004,1000.0,0.0,0.0
16791,1702607880000.0,0.0,0.0,0.0,166.22,0.0,0.0,168.08,0.9999253857184062,1.0,1324.242592520004,1000.0,1324.242592520004,1000.0,0.0,0.0
16792,1702611480000.0,0.0,0.0,0.0,166.22,0.0,0.0,168.47,0.9999253857184062,1.0,1324.242592520004,1000.0,1324.242592520004,1000.0,0.0,0.0
16793,1702615080000.0,0.0,0.0,0.0,166.22,0.0,0.0,168.16,0.9999253857184062,1.0,1324.242592520004,1000.0,1324.242592520004,1000.0,0.0,0.0
16794,1702618680000.0,0.0,0.0,0.0,166.22,0.0,0.0,168.31,0.9999253857184062,1.0,1324.242592520004,1000.0,1324.242592520004,1000.0,0.0,0.0
16795,1702622280000.0,0.0,0.0,0.0,166.22,0.0,0.0,168.15,0.9999253857184062,1.0,1324.242592520004,1000.0,1324.242592520004,1000.0,0.0,0.0
16796,1702625880000.0,0.0,0.0,0.0,166.22,0.0,0.0,168.51,0.9999253857184062,1.0,1324.242592520004,1000.0,1324.242592520004,1000.0,0.0,0.0
16797,1702629480000.0,0.0,0.0,0.0,166.22,0.0,0.0,169.25,0.9999253857184062,1.0,1324.242592520004,1000.0,1324.242592520004,1000.0,0.0,0.0
16798,1702633080000.0,0.0,0.0,0.0,166.22,0.0,0.0,170.01,0.9999253857184062,1.0,1324.242592520004,1000.0,1324.242592520004,1000.0,0.0,0.0
16799,1702636680000.0,0.0,0.0,0.0,166.22,0.0,0.0,171.14,0.9999253857184062,1.0,1324.242592520004,1000.0,1324.242592520004,1000.0,0.0,0.0
16800,1702640280000.0,0.0,0.0,0.0,166.22,0.0,0.0,171.45,0.9999253857184062,1.0,1324.242592520004,1000.0,1324.242592520004,1000.0,0.0,0.0
16801,1702643880000.0,0.0,0.0,0.0,166.22,0.0,0.0,171.55,0.9999253857184062,1.0,1324.242592520004,1000.0,1324.242592520004,1000.0,0.0,0.0
16802,1702647480000.0,0.0,0.0,0.0,166.22,0.0,0.0,170.5,0.9999253857184062,1.0,1324.242592520004,1000.0,1324.242592520004,1000.0,0.0,0.0
16803,1702651080000.0,0.0,0.0,0.0,166.22,0.0,0.0,170.52,0.9999253857184062,1.0,1324.242592520004,1000.0,1324.242592520004,1000.0,0.0,0.0
16804,1702654680000.0,0.0,0.0,0.0,166.22,0.0,0.0,171.08,0.9999253857184062,1.0,1324.242592520004,1000.0,1324.242592520004,1000.0,0.0,0.0
16805,1702658280000.0,0.0,0.0,0.0,166.22,0.0,0.0,171.6,0.9999253857184062,1.0,1324.242592520004,1000.0,1324.242592520004,1000.0,0.0,0.0
16806,1702661880000.0,0.0,0.0,0.0,166.22,0.0,0.0,170.8,0.9999253857184062,1.0,1324.242592520004,1000.0,1324.242592520004,1000.0,0.0,0.0
16807,1702665480000.0,0.0,0.0,0.0,166.22,0.0,0.0,170.35,0.9999253857184062,1.0,1324.242592520004,1000.0,1324.242592520004,1000.0,0.0,0.0
16808,1702669080000.0,0.0,0.0,0.0,166.22,0.0,0.0,171.41,0.9999253857184062,1.0,1324.242592520004,1000.0,1324.242592520004,1000.0,0.0,0.0
16809,1702672680000.0,0.0,0.0,0.0,166.22,0.0,0.0,171.12,0.9999253857184062,1.0,1324.242592520004,1000.0,1324.242592520004,1000.0,0.0,0.0
16810,1702676280000.0,0.0,0.0,0.0,166.22,0.0,0.0,171.0,0.9999253857184062,1.0,1324.242592520004,1000.0,1324.242592520004,1000.0,0.0,0.0
16811,1702679880000.0,0.0,0.0,0.0,166.22,0.0,0.0,169.35,0.9999253857184062,1.0,1324.242592520004,1000.0,1324.242592520004,1000.0,0.0,0.0
16812,1702683480000.0,0.0,0.0,0.0,166.22,0.0,0.0,168.11,0.9999253857184062,1.0,1324.242592520004,1000.0,1324.242592520004,1000.0,0.0,0.0
16813,1702687080000.0,0.0,0.0,0.0,166.22,0.0,0.0,167.25,0.9999253857184062,1.0,1324.242592520004,1000.0,1324.242592520004,1000.0,0.0,0.0
16814,1702690680000.0,0.0,0.0,0.0,166.22,0.0,0.0,171.4,0.9999253857184062,1.0,1324.242592520004,1000.0,1324.242592520004,1000.0,0.0,0.0
16815,1702694280000.0,0.0,0.0,0.0,166.22,0.0,0.0,171.57,0.9999253857184062,1.0,1324.242592520004,1000.0,1324.242592520004,1000.0,0.0,0.0
16816,1702697880000.0,0.0,0.0,0.0,166.22,0.0,0.0,171.25,0.9999253857184062,1.0,1324.242592520004,1000.0,1324.242592520004,1000.0,0.0,0.0
16817,1702701480000.0,0.0,0.0,0.0,166.22,0.0,0.0,171.55,0.9999253857184062,1.0,1324.242592520004,1000.0,1324.242592520004,1000.0,0.0,0.0
16818,1702705080000.0,0.0,0.0,0.0,166.22,0.0,0.0,171.8,0.9999253857184062,1.0,1324.242592520004,1000.0,1324.242592520004,1000.0,0.0,0.0
16819,1702708680000.0,0.0,0.0,0.0,166.22,0.0,0.0,171.36,0.9999253857184062,1.0,1324.242592520004,1000.0,1324.242592520004,1000.0,0.0,0.0
16820,1702712280000.0,0.0,0.0,0.0,166.22,0.0,0.0,171.64,0.9999253857184062,1.0,1324.242592520004,1000.0,1324.242592520004,1000.0,0.0,0.0
16821,1702715880000.0,0.0,0.0,0.0,166.22,0.0,0.0,171.41,0.9999253857184062,1.0,1324.242592520004,1000.0,1324.242592520004,1000.0,0.0,0.0
16822,1702719480000.0,0.0,0.0,0.0,166.22,0.0,0.0,171.23,0.9999253857184062,1.0,1324.242592520004,1000.0,1324.242592520004,1000.0,0.0,0.0
16823,1702723080000.0,0.0,0.0,0.0,166.22,0.0,0.0,171.8,0.9999253857184062,1.0,1324.242592520004,1000.0,1324.242592520004,1000.0,0.0,0.0
16824,1702726680000.0,0.0,0.0,0.0,166.22,0.0,0.0,171.7,0.9999253857184062,1.0,1324.242592520004,1000.0,1324.242592520004,1000.0,0.0,0.0
16825,1702730280000.0,0.0,0.0,0.0,166.22,0.0,0.0,172.13,0.9999253857184062,1.0,1324.242592520004,1000.0,1324.242592520004,1000.0,0.0,0.0
16826,1702733880000.0,0.0,0.0,0.0,166.22,0.0,0.0,171.11,0.9999253857184062,1.0,1324.242592520004,1000.0,1324.242592520004,1000.0,0.0,0.0
16827,1702737480000.0,0.0,0.0,0.0,166.22,0.0,0.0,170.18,0.9999253857184062,1.0,1324.242592520004,1000.0,1324.242592520004,1000.0,0.0,0.0
16828,1702741080000.0,0.0,0.0,0.0,166.22,0.0,0.0,169.89,0.9999253857184062,1.0,1324.242592520004,1000.0,1324.242592520004,1000.0,0.0,0.0
16829,1702744680000.0,0.0,0.0,0.0,166.22,0.0,0.0,169.92,0.9999253857184062,1.0,1324.242592520004,1000.0,1324.242592520004,1000.0,0.0,0.0
16830,1702748280000.0,0.0,0.0,0.0,166.22,0.0,0.0,169.85,0.9999253857184062,1.0,1324.242592520004,1000.0,1324.242592520004,1000.0,0.0,0.0
16831,1702751880000.0,0.0,0.0,0.0,166.22,0.0,0.0,169.71,0.9999253857184062,1.0,1324.242592520004,1000.0,1324.242592520004,1000.0,0.0,0.0
16832,1702755480000.0,0.0,0.0,0.0,166.22,0.0,0.0,168.56,0.9999253857184062,1.0,1324.242592520004,1000.0,1324.242592520004,1000.0,0.0,0.0
16833,1702759080000.0,0.0,0.0,0.0,166.22,0.0,0.0,169.46,0.9999253857184062,1.0,1324.242592520004,1000.0,1324.242592520004,1000.0,0.0,0.0
16834,1702762680000.0,0.0,0.0,0.0,166.22,0.0,0.0,168.91,0.9999253857184062,1.0,1324.242592520004,1000.0,1324.242592520004,1000.0,0.0,0.0
16835,1702766280000.0,0.0,0.0,0.0,166.22,0.0,0.0,169.12,0.9999253857184062,1.0,1324.242592520004,1000.0,1324.242592520004,1000.0,0.0,0.0
16836,1702769880000.0,0.0,0.0,0.0,166.22,0.0,0.0,169.07,0.9999253857184062,1.0,1324.242592520004,1000.0,1324.242592520004,1000.0,0.0,0.0
16837,1702773480000.0,0.0,0.0,0.0,166.22,0.0,0.0,169.04,0.9999253857184062,1.0,1324.242592520004,1000.0,1324.242592520004,1000.0,0.0,0.0
16838,1702777080000.0,0.0,0.0,0.0,166.22,0.0,0.0,168.89,0.9999253857184062,1.0,1324.242592520004,1000.0,1324.242592520004,1000.0,0.0,0.0
16839,1702780680000.0,0.0,0.0,0.0,166.22,0.0,0.0,168.77,0.9999253857184062,1.0,1324.242592520004,1000.0,1324.242592520004,1000.0,0.0,0.0
16840,1702784280000.0,0.0,0.0,0.0,166.22,0.0,0.0,168.45,0.9999253857184062,1.0,1324.242592520004,1000.0,1324.242592520004,1000.0,0.0,0.0
16841,1702787880000.0,0.0,0.0,0.0,166.22,0.0,0.0,168.95,0.9999253857184062,1.0,1324.242592520004,1000.0,1324.242592520004,1000.0,0.0,0.0
16842,1702791480000.0,0.0,0.0,0.0,166.22,0.0,0.0,168.75,0.9999253857184062,1.0,1324.242592520004,1000.0,1324.242592520004,1000.0,0.0,0.0
16843,1702795080000.0,0.0,0.0,0.0,166.22,0.0,0.0,168.29,0.9999253857184062,1.0,1324.242592520004,1000.0,1324.242592520004,1000.0,0.0,0.0
16844,1702798680000.0,0.0,0.0,0.0,166.22,0.0,0.0,168.53,0.9999253857184062,1.0,1324.242592520004,1000.0,1324.242592520004,1000.0,0.0,0.0
16845,1702802280000.0,0.0,0.0,0.0,166.22,0.0,0.0,168.24,0.9999253857184062,1.0,1324.242592520004,1000.0,1324.242592520004,1000.0,0.0,0.0
16846,1702805880000.0,0.0,0.0,0.0,166.22,0.0,0.0,169.1,0.9999253857184062,1.0,1324.242592520004,1000.0,1324.242592520004,1000.0,0.0,0.0
16847,1702809480000.0,0.0,0.0,0.0,166.22,0.0,0.0,170.33,0.9999253857184062,1.0,1324.242592520004,1000.0,1324.242592520004,1000.0,0.0,0.0
16848,1702813080000.0,0.0,0.0,0.0,166.22,0.0,0.0,170.5,0.9999253857184062,1.0,1324.242592520004,1000.0,1324.242592520004,1000.0,0.0,0.0
16849,1702816680000.0,0.0,0.0,0.0,166.22,0.0,0.0,169.56,0.9999253857184062,1.0,1324.242592520004,1000.0,1324.242592520004,1000.0,0.0,0.0
16850,1702820280000.0,0.0,0.0,0.0,166.22,0.0,0.0,168.73,0.9999253857184062,1.0,1324.242592520004,1000.0,1324.242592520004,1000.0,0.0,0.0
16851,1702823880000.0,0.0,0.0,0.0,166.22,0.0,0.0,167.83,0.9999253857184062,1.0,1324.242592520004,1000.0,1324.242592520004,1000.0,0.0,0.0
16852,1702827480000.0,0.0,0.0,0.0,166.22,0.0,0.0,168.46,0.9999253857184062,1.0,1324.242592520004,1000.0,1324.242592520004,1000.0,0.0,0.0
16853,1702831080000.0,0.0,0.0,0.0,166.22,0.0,0.0,168.36,0.9999253857184062,1.0,1324.242592520004,1000.0,1324.242592520004,1000.0,0.0,0.0
16854,1702834680000.0,0.0,0.0,0.0,166.22,0.0,0.0,168.8,0.9999253857184062,1.0,1324.242592520004,1000.0,1324.242592520004,1000.0,0.0,0.0
16855,1702838280000.0,0.0,0.0,0.0,166.22,0.0,0.0,168.2,0.9999253857184062,1.0,1324.242592520004,1000.0,1324.242592520004,1000.0,0.0,0.0
16856,1702841880000.0,0.0,0.0,0.0,166.22,0.0,0.0,168.41,0.9999253857184062,1.0,1324.242592520004,1000.0,1324.242592520004,1000.0,0.0,0.0
16857,1702845480000.0,0.0,0.0,0.0,166.22,0.0,0.0,168.67,0.9999253857184062,1.0,1324.242592520004,1000.0,1324.242592520004,1000.0,0.0,0.0
16858,1702849080000.0,0.0,0.0,0.0,166.22,0.0,0.0,168.94,0.9999253857184062,1.0,1324.242592520004,1000.0,1324.242592520004,1000.0,0.0,0.0
16859,1702852680000.0,0.0,0.0,0.0,166.22,0.0,0.0,168.27,0.9999253857184062,1.0,1324.242592520004,1000.0,1324.242592520004,1000.0,0.0,0.0
16860,1702856280000.0,0.0,0.0,0.0,166.22,0.0,0.0,167.76,0.9999253857184062,1.0,1324.242592520004,1000.0,1324.242592520004,1000.0,0.0,0.0
16861,1702859880000.0,0.0,0.0,0.0,166.22,0.0,0.0,168.4,0.9999253857184062,1.0,1324.242592520004,1000.0,1324.242592520004,1000.0,0.0,0.0
16862,1702863480000.0,0.0,0.0,0.0,166.22,0.0,0.0,167.32,0.9999253857184062,1.0,1324.242592520004,1000.0,1324.242592520004,1000.0,0.0,0.0
16863,1702867080000.0,0.0,0.0,0.0,166.22,0.0,0.0,166.91,0.9999253857184062,1.0,1324.242592520004,1000.0,1324.242592520004,1000.0,0.0,0.0
16864,1702870680000.0,0.0,0.0,0.0,166.22,0.0,0.0,167.84,0.9999253857184062,1.0,1324.242592520004,1000.0,1324.242592520004,1000.0,0.0,0.0
16865,1702874280000.0,0.0,0.0,0.0,166.22,0.0,0.0,168.12,0.9999253857184062,1.0,1324.242592520004,1000.0,1324.242592520004,1000.0,0.0,0.0
16866,1702877880000.0,0.0,0.0,0.0,166.22,0.0,0.0,168.59,0.9999253857184062,1.0,1324.242592520004,1000.0,1324.242592520004,1000.0,0.0,0.0
16867,1702881480000.0,0.0,0.0,0.0,166.22,0.0,0.0,168.29,0.9999253857184062,1.0,1324.242592520004,1000.0,1324.242592520004,1000.0,0.0,0.0
16868,1702885080000.0,0.0,0.0,0.0,166.22,0.0,0.0,168.04,0.9999253857184062,1.0,1324.242592520004,1000.0,1324.242592520004,1000.0,0.0,0.0
16869,1702888680000.0,0.0,0.0,0.0,166.22,0.0,0.0,168.2,0.9999253857184062,1.0,1324.242592520004,1000.0,1324.242592520004,1000.0,0.0,0.0
16870,1702892280000.0,0.0,0.0,0.0,166.22,0.0,0.0,169.84,0.9999253857184062,1.0,1324.242592520004,1000.0,1324.242592520004,1000.0,0.0,0.0
16871,1702895880000.0,0.0,0.0,0.0,166.22,0.0,0.0,167.53,0.9999253857184062,1.0,1324.242592520004,1000.0,1324.242592520004,1000.0,0.0,0.0
16872,1702899480000.0,0.0,0.0,0.0,166.22,0.0,0.0,170.35,0.9999253857184062,1.0,1324.242592520004,1000.0,1324.242592520004,1000.0,0.0,0.0
16873,1702903080000.0,0.0,0.0,0.0,166.22,0.0,0.0,171.73,0.9999253857184062,1.0,1324.242592520004,1000.0,1324.242592520004,1000.0,0.0,0.0
16874,1702906680000.0,0.0,0.0,0.0,166.22,0.0,0.0,172.11,0.9999253857184062,1.0,1324.242592520004,1000.0,1324.242592520004,1000.0,0.0,0.0
16875,1702910280000.0,0.0,0.0,0.0,166.22,0.0,0.0,172.71,0.9999253857184062,1.0,1324.242592520004,1000.0,1324.242592520004,1000.0,0.0,0.0
16876,1702913880000.0,0.0,0.0,0.0,166.22,0.0,0.0,172.71,0.9999253857184062,1.0,1324.242592520004,1000.0,1324.242592520004,1000.0,0.0,0.0
16877,1702917480000.0,0.0,0.0,0.0,166.22,0.0,0.0,170.28,0.9999253857184062,1.0,1324.242592520004,1000.0,1324.242592520004,1000.0,0.0,0.0
16878,1702921080000.0,0.0,0.0,0.0,166.22,0.0,0.0,171.85,0.9999253857184062,1.0,1324.242592520004,1000.0,1324.242592520004,1000.0,0.0,0.0
16879,1702924680000.0,0.0,0.0,0.0,166.22,0.0,0.0,172.31,0.9999253857184062,1.0,1324.242592520004,1000.0,1324.242592520004,1000.0,0.0,0.0
16880,1702928280000.0,0.0,0.0,0.0,166.22,0.0,0.0,171.5,0.9999253857184062,1.0,1324.242592520004,1000.0,1324.242592520004,1000.0,0.0,0.0
16881,1702931880000.0,0.0,0.0,0.0,166.22,0.0,0.0,172.56,0.9999253857184062,1.0,1324.242592520004,1000.0,1324.242592520004,1000.0,0.0,0.0
16882,1702935480000.0,0.0,0.0,0.0,166.22,0.0,0.0,173.47,0.9999253857184062,1.0,1324.242592520004,1000.0,1324.242592520004,1000.0,0.0,0.0
16883,1702939080000.0,0.0,0.0,0.0,166.22,0.0,0.0,173.01,0.9999253857184062,1.0,1324.242592520004,1000.0,1324.242592520004,1000.0,0.0,0.0
16884,1702942680000.0,0.0,0.0,0.0,166.22,0.0,0.0,173.78,0.9999253857184062,1.0,1324.242592520004,1000.0,1324.242592520004,1000.0,0.0,0.0
16885,1702946280000.0,0.0,0.0,0.0,166.22,0.0,0.0,173.89,0.9999253857184062,1.0,1324.242592520004,1000.0,1324.242592520004,1000.0,0.0,0.0
16886,1702949880000.0,0.0,0.0,0.0,166.22,0.0,0.0,174.59,0.9999253857184062,1.0,1324.242592520004,1000.0,1324.242592520004,1000.0,0.0,0.0
16887,1702953480000.0,0.0,0.0,0.0,166.22,0.0,0.0,175.61,0.9999253857184062,1.0,1324.242592520004,1000.0,1324.242592520004,1000.0,0.0,0.0
16888,1702957080000.0,0.0,0.0,0.0,166.22,0.0,0.0,174.54,0.9999253857184062,1.0,1324.242592520004,1000.0,1324.242592520004,1000.0,0.0,0.0
16889,1702960680000.0,0.0,0.0,0.0,166.22,0.0,0.0,174.28,0.9999253857184062,1.0,1324.242592520004,1000.0,1324.242592520004,1000.0,0.0,0.0
16890,1702964280000.0,0.0,0.0,0.0,166.22,0.0,0.0,174.09,0.9999253857184062,1.0,1324.242592520004,1000.0,1324.242592520004,1000.0,0.0,0.0
16891,1702967880000.0,0.0,0.0,0.0,166.22,0.0,0.0,173.61,0.9999253857184062,1.0,1324.242592520004,1000.0,1324.242592520004,1000.0,0.0,0.0
16892,1702971480000.0,0.0,0.0,0.0,166.22,0.0,0.0,174.1,0.9999253857184062,1.0,1324.242592520004,1000.0,1324.242592520004,1000.0,0.0,0.0
16893,1702975080000.0,0.0,0.0,0.0,166.22,0.0,0.0,174.01,0.9999253857184062,1.0,1324.242592520004,1000.0,1324.242592520004,1000.0,0.0,0.0
16894,1702978680000.0,0.0,0.0,0.0,166.22,0.0,0.0,172.91,0.9999253857184062,1.0,1324.242592520004,1000.0,1324.242592520004,1000.0,0.0,0.0
16895,1702982280000.0,0.0,0.0,0.0,166.22,0.0,0.0,172.25,0.9999253857184062,1.0,1324.242592520004,1000.0,1324.242592520004,1000.0,0.0,0.0
16896,1702985880000.0,0.0,0.0,0.0,166.22,0.0,0.0,172.45,0.9999253857184062,1.0,1324.242592520004,1000.0,1324.242592520004,1000.0,0.0,0.0
16897,1702989480000.0,0.0,0.0,0.0,166.22,0.0,0.0,172.1,0.9999253857184062,1.0,1324.242592520004,1000.0,1324.242592520004,1000.0,0.0,0.0
16898,1702993080000.0,0.0,0.0,0.0,166.22,0.0,0.0,170.93,0.9999253857184062,1.0,1324.242592520004,1000.0,1324.242592520004,1000.0,0.0,0.0
16899,1702996680000.0,0.0,0.0,0.0,166.22,0.0,0.0,170.86,0.9999253857184062,1.0,1324.242592520004,1000.0,1324.242592520004,1000.0,0.0,0.0
16900,1703000280000.0,0.0,0.0,0.0,166.22,0.0,0.0,170.05,0.9999253857184062,1.0,1324.242592520004,1000.0,1324.242592520004,1000.0,0.0,0.0
16901,1703003880000.0,0.0,0.0,0.0,166.22,0.0,0.0,169.43,0.9999253857184062,1.0,1324.242592520004,1000.0,1324.242592520004,1000.0,0.0,0.0
16902,1703007480000.0,0.0,0.0,0.0,166.22,0.0,0.0,168.85,0.9999253857184062,1.0,1324.242592520004,1000.0,1324.242592520004,1000.0,0.0,0.0
16903,1703011080000.0,0.0,0.0,0.0,166.22,0.0,0.0,168.47,0.9999253857184062,1.0,1324.242592520004,1000.0,1324.242592520004,1000.0,0.0,0.0
16904,1703014680000.0,0.0,0.0,0.0,166.22,0.0,0.0,169.58,0.9999253857184062,1.0,1324.242592520004,1000.0,1324.242592520004,1000.0,0.0,0.0
16905,1703018280000.0,0.0,0.0,0.0,166.22,0.0,0.0,170.08,0.9999253857184062,1.0,1324.242592520004,1000.0,1324.242592520004,1000.0,0.0,0.0
16906,1703021880000.0,0.0,0.0,0.0,166.22,0.0,0.0,171.2,0.9999253857184062,1.0,1324.242592520004,1000.0,1324.242592520004,1000.0,0.0,0.0
16907,1703025480000.0,0.0,0.0,0.0,166.22,0.0,0.0,171.15,0.9999253857184062,1.0,1324.242592520004,1000.0,1324.242592520004,1000.0,0.0,0.0
16908,1703029080000.0,0.0,0.0,0.0,166.22,0.0,0.0,170.81,0.9999253857184062,1.0,1324.242592520004,1000.0,1324.242592520004,1000.0,0.0,0.0
16909,1703032680000.0,0.0,0.0,0.0,166.22,0.0,0.0,172.4,0.9999253857184062,1.0,1324.242592520004,1000.0,1324.242592520004,1000.0,0.0,0.0
16910,1703036280000.0,0.0,0.0,0.0,166.22,0.0,0.0,171.99,0.9999253857184062,1.0,1324.242592520004,1000.0,1324.242592520004,1000.0,0.0,0.0
16911,1703039880000.0,0.0,0.0,0.0,166.22,0.0,0.0,172.73,0.9999253857184062,1.0,1324.242592520004,1000.0,1324.242592520004,1000.0,0.0,0.0
16912,1703043480000.0,0.0,0.0,0.0,166.22,0.0,0.0,173.0,0.9999253857184062,1.0,1324.242592520004,1000.0,1324.242592520004,1000.0,0.0,0.0
16913,1703047080000.0,0.0,0.0,0.0,166.22,0.0,0.0,173.93,0.9999253857184062,1.0,1324.242592520004,1000.0,1324.242592520004,1000.0,0.0,0.0
16914,1703050680000.0,0.0,0.0,0.0,166.22,0.0,0.0,173.69,0.9999253857184062,1.0,1324.242592520004,1000.0,1324.242592520004,1000.0,0.0,0.0
16915,1703054280000.0,0.0,0.0,0.0,166.22,0.0,0.0,173.9,0.9999253857184062,1.0,1324.242592520004,1000.0,1324.242592520004,1000.0,0.0,0.0
16916,1703057880000.0,0.0,0.0,0.0,166.22,0.0,0.0,174.51,0.9999253857184062,1.0,1324.242592520004,1000.0,1324.242592520004,1000.0,0.0,0.0
16917,1703061480000.0,0.0,0.0,0.0,166.22,0.0,0.0,174.83,0.9999253857184062,1.0,1324.242592520004,1000.0,1324.242592520004,1000.0,0.0,0.0
16918,1703065080000.0,0.0,0.0,0.0,166.22,0.0,0.0,173.72,0.9999253857184062,1.0,1324.242592520004,1000.0,1324.242592520004,1000.0,0.0,0.0
16919,1703068680000.0,0.0,0.0,0.0,166.22,0.0,0.0,174.59,0.9999253857184062,1.0,1324.242592520004,1000.0,1324.242592520004,1000.0,0.0,0.0
16920,1703072280000.0,0.0,0.0,0.0,166.22,0.0,0.0,173.02,0.9999253857184062,1.0,1324.242592520004,1000.0,1324.242592520004,1000.0,0.0,0.0
16921,1703075880000.0,0.0,0.0,0.0,166.22,0.0,0.0,173.39,0.9999253857184062,1.0,1324.242592520004,1000.0,1324.242592520004,1000.0,0.0,0.0
16922,1703079480000.0,0.0,0.0,0.0,166.22,0.0,0.0,173.46,0.9999253857184062,1.0,1324.242592520004,1000.0,1324.242592520004,1000.0,0.0,0.0
16923,1703083080000.0,0.0,0.0,0.0,166.22,0.0,0.0,174.51,0.9999253857184062,1.0,1324.242592520004,1000.0,1324.242592520004,1000.0,0.0,0.0
16924,1703086680000.0,0.0,0.0,0.0,166.22,0.0,0.0,173.89,0.9999253857184062,1.0,1324.242592520004,1000.0,1324.242592520004,1000.0,0.0,0.0
16925,1703090280000.0,0.0,0.0,0.0,166.22,0.0,0.0,173.2,0.9999253857184062,1.0,1324.242592520004,1000.0,1324.242592520004,1000.0,0.0,0.0
16926,1703093880000.0,0.0,0.0,0.0,166.22,0.0,0.0,173.22,0.9999253857184062,1.0,1324.242592520004,1000.0,1324.242592520004,1000.0,0.0,0.0
16927,1703097480000.0,0.0,0.0,0.0,166.22,0.0,0.0,174.19,0.9999253857184062,1.0,1324.242592520004,1000.0,1324.242592520004,1000.0,0.0,0.0
16928,1703101080000.0,0.0,0.0,0.0,166.22,0.0,0.0,173.32,0.9999253857184062,1.0,1324.242592520004,1000.0,1324.242592520004,1000.0,0.0,0.0
16929,1703104680000.0,0.0,0.0,0.0,166.22,0.0,0.0,173.89,0.9999253857184062,1.0,1324.242592520004,1000.0,1324.242592520004,1000.0,0.0,0.0
16930,1703108280000.0,0.0,0.0,0.0,166.22,0.0,0.0,173.62,0.9999253857184062,1.0,1324.242592520004,1000.0,1324.242592520004,1000.0,0.0,0.0
16931,1703111880000.0,0.0,0.0,0.0,166.22,0.0,0.0,174.26,0.9999253857184062,1.0,1324.242592520004,1000.0,1324.242592520004,1000.0,0.0,0.0
16932,1703115480000.0,0.0,0.0,0.0,166.22,0.0,0.0,174.79,0.9999253857184062,1.0,1324.242592520004,1000.0,1324.242592520004,1000.0,0.0,0.0
16933,1703119080000.0,0.0,0.0,0.0,166.22,0.0,0.0,174.89,0.9999253857184062,1.0,1324.242592520004,1000.0,1324.242592520004,1000.0,0.0,0.0
16934,1703122680000.0,0.0,0.0,0.0,166.22,0.0,0.0,174.47,0.9999253857184062,1.0,1324.242592520004,1000.0,1324.242592520004,1000.0,0.0,0.0
16935,1703126280000.0,0.0,0.0,0.0,166.22,0.0,0.0,175.12,0.9999253857184062,1.0,1324.242592520004,1000.0,1324.242592520004,1000.0,0.0,0.0
16936,1703129880000.0,0.0,0.0,0.0,166.22,0.0,0.0,175.25,0.9999253857184062,1.0,1324.242592520004,1000.0,1324.242592520004,1000.0,0.0,0.0
16937,1703133480000.0,0.0,0.0,0.0,166.22,0.0,0.0,174.47,0.9999253857184062,1.0,1324.242592520004,1000.0,1324.242592520004,1000.0,0.0,0.0
16938,1703137080000.0,0.0,0.0,0.0,166.22,0.0,0.0,173.86,0.9999253857184062,1.0,1324.242592520004,1000.0,1324.242592520004,1000.0,0.0,0.0
16939,1703140680000.0,0.0,0.0,0.0,166.22,0.0,0.0,175.36,0.9999253857184062,1.0,1324.242592520004,1000.0,1324.242592520004,1000.0,0.0,0.0
16940,1703144280000.0,0.0,0.0,0.0,166.22,0.0,0.0,175.16,0.9999253857184062,1.0,1324.242592520004,1000.0,1324.242592520004,1000.0,0.0,0.0
16941,1703147880000.0,0.0,0.0,0.0,166.22,0.0,0.0,175.69,0.9999253857184062,1.0,1324.242592520004,1000.0,1324.242592520004,1000.0,0.0,0.0
16942,1703151480000.0,0.0,0.0,0.0,166.22,0.0,0.0,175.85,0.9999253857184062,1.0,1324.242592520004,1000.0,1324.242592520004,1000.0,0.0,0.0
16943,1703155080000.0,0.0,0.0,0.0,166.22,0.0,0.0,176.17,0.9999253857184062,1.0,1324.242592520004,1000.0,1324.242592520004,1000.0,0.0,0.0
16944,1703158680000.0,0.0,0.0,0.0,166.22,0.0,0.0,175.8,0.9999253857184062,1.0,1324.242592520004,1000.0,1324.242592520004,1000.0,0.0,0.0
16945,1703162280000.0,0.0,0.0,0.0,166.22,0.0,0.0,175.08,0.9999253857184062,1.0,1324.242592520004,1000.0,1324.242592520004,1000.0,0.0,0.0
16946,1703165880000.0,0.0,0.0,0.0,166.22,0.0,0.0,176.1,0.9999253857184062,1.0,1324.242592520004,1000.0,1324.242592520004,1000.0,0.0,0.0
16947,1703169480000.0,0.0,0.0,0.0,166.22,0.0,0.0,174.19,0.9999253857184062,1.0,1324.242592520004,1000.0,1324.242592520004,1000.0,0.0,0.0
16948,1703173080000.0,0.0,0.0,0.0,166.22,0.0,0.0,173.09,0.9999253857184062,1.0,1324.242592520004,1000.0,1324.242592520004,1000.0,0.0,0.0
16949,1703176680000.0,0.0,0.0,0.0,166.22,0.0,0.0,173.11,0.9999253857184062,1.0,1324.242592520004,1000.0,1324.242592520004,1000.0,0.0,0.0
16950,1703180280000.0,0.0,0.0,0.0,166.22,0.0,0.0,173.55,0.9999253857184062,1.0,1324.242592520004,1000.0,1324.242592520004,1000.0,0.0,0.0
16951,1703183880000.0,0.0,0.0,0.0,166.22,0.0,0.0,173.87,0.9999253857184062,1.0,1324.242592520004,1000.0,1324.242592520004,1000.0,0.0,0.0
16952,1703187480000.0,0.0,0.0,0.0,166.22,0.0,0.0,173.25,0.9999253857184062,1.0,1324.242592520004,1000.0,1324.242592520004,1000.0,0.0,0.0
16953,1703191080000.0,0.0,0.0,0.0,166.22,0.0,0.0,173.14,0.9999253857184062,1.0,1324.242592520004,1000.0,1324.242592520004,1000.0,0.0,0.0
16954,1703194680000.0,0.0,0.0,0.0,166.22,0.0,0.0,173.27,0.9999253857184062,1.0,1324.242592520004,1000.0,1324.242592520004,1000.0,0.0,0.0
16955,1703198280000.0,0.0,0.0,0.0,166.22,0.0,0.0,173.24,0.9999253857184062,1.0,1324.242592520004,1000.0,1324.242592520004,1000.0,0.0,0.0
16956,1703201880000.0,0.0,0.0,0.0,166.22,0.0,0.0,173.32,0.9999253857184062,1.0,1324.242592520004,1000.0,1324.242592520004,1000.0,0.0,0.0
16957,1703205480000.0,0.0,0.0,0.0,166.22,0.0,0.0,173.64,0.9999253857184062,1.0,1324.242592520004,1000.0,1324.242592520004,1000.0,0.0,0.0
16958,1703209080000.0,0.0,0.0,0.0,166.22,0.0,0.0,173.49,0.9999253857184062,1.0,1324.242592520004,1000.0,1324.242592520004,1000.0,0.0,0.0
16959,1703212680000.0,0.0,0.0,0.0,166.22,0.0,0.0,173.46,0.9999253857184062,1.0,1324.242592520004,1000.0,1324.242592520004,1000.0,0.0,0.0
16960,1703216280000.0,0.0,0.0,0.0,166.22,0.0,0.0,173.51,0.9999253857184062,1.0,1324.242592520004,1000.0,1324.242592520004,1000.0,0.0,0.0
16961,1703219880000.0,0.0,0.0,0.0,166.22,0.0,0.0,174.28,0.9999253857184062,1.0,1324.242592520004,1000.0,1324.242592520004,1000.0,0.0,0.0
16962,1703223480000.0,0.0,0.0,0.0,166.22,0.0,0.0,174.27,0.9999253857184062,1.0,1324.242592520004,1000.0,1324.242592520004,1000.0,0.0,0.0
16963,1703227080000.0,0.0,0.0,0.0,166.22,0.0,0.0,174.12,0.9999253857184062,1.0,1324.242592520004,1000.0,1324.242592520004,1000.0,0.0,0.0
16964,1703230680000.0,0.0,0.0,0.0,166.22,0.0,0.0,174.1,0.9999253857184062,1.0,1324.242592520004,1000.0,1324.242592520004,1000.0,0.0,0.0
16965,1703234280000.0,0.0,0.0,0.0,166.22,0.0,0.0,173.86,0.9999253857184062,1.0,1324.242592520004,1000.0,1324.242592520004,1000.0,0.0,0.0
16966,1703237880000.0,0.0,0.0,0.0,166.22,0.0,0.0,173.51,0.9999253857184062,1.0,1324.242592520004,1000.0,1324.242592520004,1000.0,0.0,0.0
16967,1703241480000.0,0.0,0.0,0.0,166.22,0.0,0.0,172.11,0.9999253857184062,1.0,1324.242592520004,1000.0,1324.242592520004,1000.0,0.0,0.0
16968,1703245080000.0,0.0,0.0,0.0,166.22,0.0,0.0,172.43,0.9999253857184062,1.0,1324.242592520004,1000.0,1324.242592520004,1000.0,0.0,0.0
16969,1703248680000.0,0.0,0.0,0.0,166.22,0.0,0.0,172.5,0.9999253857184062,1.0,1324.242592520004,1000.0,1324.242592520004,1000.0,0.0,0.0
16970,1703252280000.0,0.0,0.0,0.0,166.22,0.0,0.0,172.63,0.9999253857184062,1.0,1324.242592520004,1000.0,1324.242592520004,1000.0,0.0,0.0
16971,1703255880000.0,0.0,0.0,0.0,166.22,0.0,0.0,171.99,0.9999253857184062,1.0,1324.242592520004,1000.0,1324.242592520004,1000.0,0.0,0.0
16972,1703259480000.0,0.0,0.0,0.0,166.22,0.0,0.0,173.42,0.9999253857184062,1.0,1324.242592520004,1000.0,1324.242592520004,1000.0,0.0,0.0
16973,1703263080000.0,0.0,0.0,0.0,166.22,0.0,0.0,173.51,0.9999253857184062,1.0,1324.242592520004,1000.0,1324.242592520004,1000.0,0.0,0.0
16974,1703266680000.0,0.0,0.0,0.0,166.22,0.0,0.0,173.27,0.9999253857184062,1.0,1324.242592520004,1000.0,1324.242592520004,1000.0,0.0,0.0
16975,1703270280000.0,0.0,0.0,0.0,166.22,0.0,0.0,174.08,0.9999253857184062,1.0,1324.242592520004,1000.0,1324.242592520004,1000.0,0.0,0.0
16976,1703273880000.0,0.0,0.0,0.0,166.22,0.0,0.0,175.42,0.9999253857184062,1.0,1324.242592520004,1000.0,1324.242592520004,1000.0,0.0,0.0
16977,1703277480000.0,0.0,0.0,0.0,166.22,0.0,0.0,174.91,0.9999253857184062,1.0,1324.242592520004,1000.0,1324.242592520004,1000.0,0.0,0.0
16978,1703281080000.0,0.0,0.0,0.0,166.22,0.0,0.0,175.68,0.9999253857184062,1.0,1324.242592520004,1000.0,1324.242592520004,1000.0,0.0,0.0
16979,1703284680000.0,0.0,0.0,0.0,166.22,0.0,0.0,175.81,0.9999253857184062,1.0,1324.242592520004,1000.0,1324.242592520004,1000.0,0.0,0.0
16980,1703288280000.0,0.0,0.0,0.0,166.22,0.0,0.0,176.6,0.9999253857184062,1.0,1324.242592520004,1000.0,1324.242592520004,1000.0,0.0,0.0
16981,1703291880000.0,0.0,0.0,0.0,166.22,0.0,0.0,176.77,0.9999253857184062,1.0,1324.242592520004,1000.0,1324.242592520004,1000.0,0.0,0.0
16982,1703295480000.0,0.0,0.0,0.0,166.22,0.0,0.0,175.57,0.9999253857184062,1.0,1324.242592520004,1000.0,1324.242592520004,1000.0,0.0,0.0
16983,1703299080000.0,0.0,0.0,0.0,166.22,0.0,0.0,176.09,0.9999253857184062,1.0,1324.242592520004,1000.0,1324.242592520004,1000.0,0.0,0.0
16984,1703302680000.0,0.0,0.0,0.0,166.22,0.0,0.0,177.07,0.9999253857184062,1.0,1324.242592520004,1000.0,1324.242592520004,1000.0,0.0,0.0
16985,1703306280000.0,0.0,0.0,0.0,166.22,0.0,0.0,175.97,0.9999253857184062,1.0,1324.242592520004,1000.0,1324.242592520004,1000.0,0.0,0.0
16986,1703309880000.0,0.0,0.0,0.0,166.22,0.0,0.0,175.86,0.9999253857184062,1.0,1324.242592520004,1000.0,1324.242592520004,1000.0,0.0,0.0
16987,1703313480000.0,0.0,0.0,0.0,166.22,0.0,0.0,175.79,0.9999253857184062,1.0,1324.242592520004,1000.0,1324.242592520004,1000.0,0.0,0.0
16988,1703317080000.0,0.0,0.0,0.0,166.22,0.0,0.0,176.06,0.9999253857184062,1.0,1324.242592520004,1000.0,1324.242592520004,1000.0,0.0,0.0
16989,1703320680000.0,0.0,0.0,0.0,166.22,0.0,0.0,175.76,0.9999253857184062,1.0,1324.242592520004,1000.0,1324.242592520004,1000.0,0.0,0.0
16990,1703324280000.0,0.0,0.0,0.0,166.22,0.0,0.0,175.7,0.9999253857184062,1.0,1324.242592520004,1000.0,1324.242592520004,1000.0,0.0,0.0
16991,1703327880000.0,0.0,0.0,0.0,166.22,0.0,0.0,176.14,0.9999253857184062,1.0,1324.242592520004,1000.0,1324.242592520004,1000.0,0.0,0.0
16992,1703331480000.0,0.0,0.0,0.0,166.22,0.0,0.0,175.48,0.9999253857184062,1.0,1324.242592520004,1000.0,1324.242592520004,1000.0,0.0,0.0
16993,1703335080000.0,0.0,0.0,0.0,166.22,0.0,0.0,175.69,0.9999253857184062,1.0,1324.242592520004,1000.0,1324.242592520004,1000.0,0.0,0.0
16994,1703338680000.0,0.0,0.0,0.0,166.22,0.0,0.0,175.47,0.9999253857184062,1.0,1324.242592520004,1000.0,1324.242592520004,1000.0,0.0,0.0
16995,1703342280000.0,0.0,0.0,0.0,166.22,0.0,0.0,175.2,0.9999253857184062,1.0,1324.242592520004,1000.0,1324.242592520004,1000.0,0.0,0.0
16996,1703345880000.0,0.0,0.0,0.0,166.22,0.0,0.0,175.93,0.9999253857184062,1.0,1324.242592520004,1000.0,1324.242592520004,1000.0,0.0,0.0
16997,1703349480000.0,0.0,0.0,0.0,166.22,0.0,0.0,177.25,0.9999253857184062,1.0,1324.242592520004,1000.0,1324.242592520004,1000.0,0.0,0.0
16998,1703353080000.0,0.0,0.0,0.0,166.22,0.0,0.0,177.38,0.9999253857184062,1.0,1324.242592520004,1000.0,1324.242592520004,1000.0,0.0,0.0
16999,1703356680000.0,0.0,0.0,0.0,166.22,0.0,0.0,177.66,0.9999253857184062,1.0,1324.242592520004,1000.0,1324.242592520004,1000.0,0.0,0.0
17000,1703360280000.0,0.0,0.0,0.0,166.22,0.0,0.0,178.17,0.9999253857184062,1.0,1324.242592520004,1000.0,1324.242592520004,1000.0,0.0,0.0
17001,1703363880000.0,0.0,0.0,0.0,166.22,0.0,0.0,177.74,0.9999253857184062,1.0,1324.242592520004,1000.0,1324.242592520004,1000.0,0.0,0.0
17002,1703367480000.0,0.0,0.0,0.0,166.22,0.0,0.0,178.5,0.9999253857184062,1.0,1324.242592520004,1000.0,1324.242592520004,1000.0,0.0,0.0
17003,1703371080000.0,0.0,0.0,0.0,166.22,0.0,0.0,178.87,0.9999253857184062,1.0,1324.242592520004,1000.0,1324.242592520004,1000.0,0.0,0.0
17004,1703374680000.0,0.0,0.0,0.0,166.22,0.0,0.0,178.4,0.9999253857184062,1.0,1324.242592520004,1000.0,1324.242592520004,1000.0,0.0,0.0
17005,1703378280000.0,0.0,0.0,0.0,166.22,0.0,0.0,178.09,0.9999253857184062,1.0,1324.242592520004,1000.0,1324.242592520004,1000.0,0.0,0.0
17006,1703381880000.0,0.0,0.0,0.0,166.22,0.0,0.0,179.26,0.9999253857184062,1.0,1324.242592520004,1000.0,1324.242592520004,1000.0,0.0,0.0
17007,1703385480000.0,0.0,0.0,0.0,166.22,0.0,0.0,178.64,0.9999253857184062,1.0,1324.242592520004,1000.0,1324.242592520004,1000.0,0.0,0.0
17008,1703389080000.0,0.0,0.0,0.0,166.22,0.0,0.0,178.37,0.9999253857184062,1.0,1324.242592520004,1000.0,1324.242592520004,1000.0,0.0,0.0
17009,1703392680000.0,0.0,0.0,0.0,166.22,0.0,0.0,178.55,0.9999253857184062,1.0,1324.242592520004,1000.0,1324.242592520004,1000.0,0.0,0.0
17010,1703396280000.0,0.0,0.0,0.0,166.22,0.0,0.0,176.82,0.9999253857184062,1.0,1324.242592520004,1000.0,1324.242592520004,1000.0,0.0,0.0
17011,1703399880000.0,0.0,0.0,0.0,166.22,0.0,0.0,177.03,0.9999253857184062,1.0,1324.242592520004,1000.0,1324.242592520004,1000.0,0.0,0.0
17012,1703403480000.0,0.0,0.0,0.0,166.22,0.0,0.0,177.26,0.9999253857184062,1.0,1324.242592520004,1000.0,1324.242592520004,1000.0,0.0,0.0
17013,1703407080000.0,0.0,0.0,0.0,166.22,0.0,0.0,177.34,0.9999253857184062,1.0,1324.242592520004,1000.0,1324.242592520004,1000.0,0.0,0.0
17014,1703410680000.0,0.0,0.0,0.0,166.22,0.0,0.0,177.81,0.9999253857184062,1.0,1324.242592520004,1000.0,1324.242592520004,1000.0,0.0,0.0
17015,1703414280000.0,0.0,0.0,0.0,166.22,0.0,0.0,176.31,0.9999253857184062,1.0,1324.242592520004,1000.0,1324.242592520004,1000.0,0.0,0.0
17016,1703417880000.0,0.0,0.0,0.0,166.22,0.0,0.0,176.5,0.9999253857184062,1.0,1324.242592520004,1000.0,1324.242592520004,1000.0,0.0,0.0
17017,1703421480000.0,0.0,0.0,0.0,166.22,0.0,0.0,175.89,0.9999253857184062,1.0,1324.242592520004,1000.0,1324.242592520004,1000.0,0.0,0.0
17018,1703425080000.0,0.0,0.0,0.0,166.22,0.0,0.0,176.21,0.9999253857184062,1.0,1324.242592520004,1000.0,1324.242592520004,1000.0,0.0,0.0
17019,1703428680000.0,0.0,0.0,0.0,166.22,0.0,0.0,176.32,0.9999253857184062,1.0,1324.242592520004,1000.0,1324.242592520004,1000.0,0.0,0.0
17020,1703432280000.0,0.0,0.0,0.0,166.22,0.0,0.0,176.23,0.9999253857184062,1.0,1324.242592520004,1000.0,1324.242592520004,1000.0,0.0,0.0
17021,1703435880000.0,0.0,0.0,0.0,166.22,0.0,0.0,176.17,0.9999253857184062,1.0,1324.242592520004,1000.0,1324.242592520004,1000.0,0.0,0.0
17022,1703439480000.0,0.0,0.0,0.0,166.22,0.0,0.0,174.05,0.9999253857184062,1.0,1324.242592520004,1000.0,1324.242592520004,1000.0,0.0,0.0
17023,1703443080000.0,0.0,0.0,0.0,166.22,0.0,0.0,174.03,0.9999253857184062,1.0,1324.242592520004,1000.0,1324.242592520004,1000.0,0.0,0.0
17024,1703446680000.0,0.0,0.0,0.0,166.22,0.0,0.0,173.64,0.9999253857184062,1.0,1324.242592520004,1000.0,1324.242592520004,1000.0,0.0,0.0
17025,1703450280000.0,0.0,0.0,0.0,166.22,0.0,0.0,173.78,0.9999253857184062,1.0,1324.242592520004,1000.0,1324.242592520004,1000.0,0.0,0.0
17026,1703453880000.0,0.0,0.0,0.0,166.22,0.0,0.0,174.08,0.9999253857184062,1.0,1324.242592520004,1000.0,1324.242592520004,1000.0,0.0,0.0
17027,1703457480000.0,0.0,0.0,0.0,166.22,0.0,0.0,171.45,0.9999253857184062,1.0,1324.242592520004,1000.0,1324.242592520004,1000.0,0.0,0.0
17028,1703461080000.0,0.0,0.0,0.0,166.22,0.0,0.0,171.82,0.9999253857184062,1.0,1324.242592520004,1000.0,1324.242592520004,1000.0,0.0,0.0
17029,1703464680000.0,0.0,0.0,0.0,166.22,0.0,0.0,171.5,0.9999253857184062,1.0,1324.242592520004,1000.0,1324.242592520004,1000.0,0.0,0.0
17030,1703468280000.0,0.0,0.0,0.0,166.22,0.0,0.0,172.37,0.9999253857184062,1.0,1324.242592520004,1000.0,1324.242592520004,1000.0,0.0,0.0
17031,1703471880000.0,0.0,0.0,0.0,166.22,0.0,0.0,171.7,0.9999253857184062,1.0,1324.242592520004,1000.0,1324.242592520004,1000.0,0.0,0.0
17032,1703475480000.0,0.0,0.0,0.0,166.22,0.0,0.0,172.74,0.9999253857184062,1.0,1324.242592520004,1000.0,1324.242592520004,1000.0,0.0,0.0
17033,1703479080000.0,0.0,0.0,0.0,166.22,0.0,0.0,172.66,0.9999253857184062,1.0,1324.242592520004,1000.0,1324.242592520004,1000.0,0.0,0.0
17034,1703482680000.0,0.0,0.0,0.0,166.22,0.0,0.0,173.25,0.9999253857184062,1.0,1324.242592520004,1000.0,1324.242592520004,1000.0,0.0,0.0
17035,1703486280000.0,0.0,0.0,0.0,166.22,0.0,0.0,174.03,0.9999253857184062,1.0,1324.242592520004,1000.0,1324.242592520004,1000.0,0.0,0.0
17036,1703489880000.0,0.0,0.0,0.0,166.22,0.0,0.0,174.6,0.9999253857184062,1.0,1324.242592520004,1000.0,1324.242592520004,1000.0,0.0,0.0
17037,1703493480000.0,0.0,0.0,0.0,166.22,0.0,0.0,173.83,0.9999253857184062,1.0,1324.242592520004,1000.0,1324.242592520004,1000.0,0.0,0.0
17038,1703497080000.0,0.0,0.0,0.0,166.22,0.0,0.0,173.58,0.9999253857184062,1.0,1324.242592520004,1000.0,1324.242592520004,1000.0,0.0,0.0
17039,1703500680000.0,0.0,0.0,0.0,166.22,0.0,0.0,173.93,0.9999253857184062,1.0,1324.242592520004,1000.0,1324.242592520004,1000.0,0.0,0.0
17040,1703504280000.0,0.0,0.0,0.0,166.22,0.0,0.0,174.11,0.9999253857184062,1.0,1324.242592520004,1000.0,1324.242592520004,1000.0,0.0,0.0
17041,1703507880000.0,0.0,0.0,0.0,166.22,0.0,0.0,174.55,0.9999253857184062,1.0,1324.242592520004,1000.0,1324.242592520004,1000.0,0.0,0.0
17042,1703511480000.0,0.0,0.0,0.0,166.22,0.0,0.0,174.3,0.9999253857184062,1.0,1324.242592520004,1000.0,1324.242592520004,1000.0,0.0,0.0
17043,1703515080000.0,0.0,0.0,0.0,166.22,0.0,0.0,174.8,0.9999253857184062,1.0,1324.242592520004,1000.0,1324.242592520004,1000.0,0.0,0.0
17044,1703518680000.0,0.0,0.0,0.0,166.22,0.0,0.0,174.02,0.9999253857184062,1.0,1324.242592520004,1000.0,1324.242592520004,1000.0,0.0,0.0
17045,1703522280000.0,0.0,0.0,0.0,166.22,0.0,0.0,172.3,0.9999253857184062,1.0,1324.242592520004,1000.0,1324.242592520004,1000.0,0.0,0.0
17046,1703525880000.0,0.0,0.0,0.0,166.22,0.0,0.0,173.44,0.9999253857184062,1.0,1324.242592520004,1000.0,1324.242592520004,1000.0,0.0,0.0
17047,1703529480000.0,0.0,0.0,0.0,166.22,0.0,0.0,173.98,0.9999253857184062,1.0,1324.242592520004,1000.0,1324.242592520004,1000.0,0.0,0.0
17048,1703533080000.0,0.0,0.0,0.0,166.22,0.0,0.0,173.06,0.9999253857184062,1.0,1324.242592520004,1000.0,1324.242592520004,1000.0,0.0,0.0
17049,1703536680000.0,0.0,0.0,0.0,166.22,0.0,0.0,172.25,0.9999253857184062,1.0,1324.242592520004,1000.0,1324.242592520004,1000.0,0.0,0.0
17050,1703540280000.0,0.0,0.0,0.0,166.22,0.0,0.0,172.77,0.9999253857184062,1.0,1324.242592520004,1000.0,1324.242592520004,1000.0,0.0,0.0
17051,1703543880000.0,0.0,0.0,0.0,166.22,0.0,0.0,173.71,0.9999253857184062,1.0,1324.242592520004,1000.0,1324.242592520004,1000.0,0.0,0.0
17052,1703547480000.0,0.0,0.0,0.0,166.22,0.0,0.0,174.35,0.9999253857184062,1.0,1324.242592520004,1000.0,1324.242592520004,1000.0,0.0,0.0
17053,1703551080000.0,0.0,0.0,0.0,166.22,0.0,0.0,175.1,0.9999253857184062,1.0,1324.242592520004,1000.0,1324.242592520004,1000.0,0.0,0.0
17054,1703554680000.0,0.0,0.0,0.0,166.22,0.0,0.0,174.64,0.9999253857184062,1.0,1324.242592520004,1000.0,1324.242592520004,1000.0,0.0,0.0
17055,1703558280000.0,0.0,0.0,0.0,166.22,0.0,0.0,175.05,0.9999253857184062,1.0,1324.242592520004,1000.0,1324.242592520004,1000.0,0.0,0.0
17056,1703561880000.0,0.0,0.0,0.0,166.22,0.0,0.0,175.23,0.9999253857184062,1.0,1324.242592520004,1000.0,1324.242592520004,1000.0,0.0,0.0
17057,1703565480000.0,0.0,0.0,0.0,166.22,0.0,0.0,175.8,0.9999253857184062,1.0,1324.242592520004,1000.0,1324.242592520004,1000.0,0.0,0.0
17058,1703569080000.0,0.0,0.0,0.0,166.22,0.0,0.0,173.04,0.9999253857184062,1.0,1324.242592520004,1000.0,1324.242592520004,1000.0,0.0,0.0
17059,1703572680000.0,0.0,0.0,0.0,166.22,0.0,0.0,174.15,0.9999253857184062,1.0,1324.242592520004,1000.0,1324.242592520004,1000.0,0.0,0.0
17060,1703576280000.0,0.0,0.0,0.0,166.22,0.0,0.0,174.57,0.9999253857184062,1.0,1324.242592520004,1000.0,1324.242592520004,1000.0,0.0,0.0
17061,1703579880000.0,0.0,0.0,0.0,166.22,0.0,0.0,174.34,0.9999253857184062,1.0,1324.242592520004,1000.0,1324.242592520004,1000.0,0.0,0.0
17062,1703583480000.0,0.0,0.0,0.0,166.22,0.0,0.0,173.92,0.9999253857184062,1.0,1324.242592520004,1000.0,1324.242592520004,1000.0,0.0,0.0
17063,1703587080000.0,0.0,0.0,0.0,166.22,0.0,0.0,175.41,0.9999253857184062,1.0,1324.242592520004,1000.0,1324.242592520004,1000.0,0.0,0.0
17064,1703590680000.0,0.0,0.0,0.0,166.22,0.0,0.0,176.16,0.9999253857184062,1.0,1324.242592520004,1000.0,1324.242592520004,1000.0,0.0,0.0
17065,1703594280000.0,0.0,0.0,0.0,166.22,0.0,0.0,176.2,0.9999253857184062,1.0,1324.242592520004,1000.0,1324.242592520004,1000.0,0.0,0.0
17066,1703597880000.0,0.0,0.0,0.0,166.22,0.0,0.0,176.53,0.9999253857184062,1.0,1324.242592520004,1000.0,1324.242592520004,1000.0,0.0,0.0
17067,1703601480000.0,0.0,0.0,0.0,166.22,0.0,0.0,176.52,0.9999253857184062,1.0,1324.242592520004,1000.0,1324.242592520004,1000.0,0.0,0.0
17068,1703605080000.0,0.0,0.0,0.0,166.22,0.0,0.0,174.92,0.9999253857184062,1.0,1324.242592520004,1000.0,1324.242592520004,1000.0,0.0,0.0
17069,1703608680000.0,0.0,0.0,0.0,166.22,0.0,0.0,174.75,0.9999253857184062,1.0,1324.242592520004,1000.0,1324.242592520004,1000.0,0.0,0.0
17070,1703612280000.0,0.0,0.0,0.0,166.22,0.0,0.0,173.49,0.9999253857184062,1.0,1324.242592520004,1000.0,1324.242592520004,1000.0,0.0,0.0
17071,1703615880000.0,0.0,0.0,0.0,166.22,0.0,0.0,172.91,0.9999253857184062,1.0,1324.242592520004,1000.0,1324.242592520004,1000.0,0.0,0.0
17072,1703619480000.0,0.0,0.0,0.0,166.22,0.0,0.0,173.79,0.9999253857184062,1.0,1324.242592520004,1000.0,1324.242592520004,1000.0,0.0,0.0
17073,1703623080000.0,0.0,0.0,0.0,166.22,0.0,0.0,174.47,0.9999253857184062,1.0,1324.242592520004,1000.0,1324.242592520004,1000.0,0.0,0.0
17074,1703626680000.0,0.0,0.0,0.0,166.22,0.0,0.0,174.61,0.9999253857184062,1.0,1324.242592520004,1000.0,1324.242592520004,1000.0,0.0,0.0
17075,1703630280000.0,0.0,0.0,0.0,166.22,0.0,0.0,174.45,0.9999253857184062,1.0,1324.242592520004,1000.0,1324.242592520004,1000.0,0.0,0.0
17076,1703633880000.0,0.0,0.0,0.0,166.22,0.0,0.0,173.84,0.9999253857184062,1.0,1324.242592520004,1000.0,1324.242592520004,1000.0,0.0,0.0
17077,1703637480000.0,0.0,0.0,0.0,166.22,0.0,0.0,174.24,0.9999253857184062,1.0,1324.242592520004,1000.0,1324.242592520004,1000.0,0.0,0.0
17078,1703641080000.0,0.0,0.0,0.0,166.22,0.0,0.0,174.55,0.9999253857184062,1.0,1324.242592520004,1000.0,1324.242592520004,1000.0,0.0,0.0
17079,1703644680000.0,0.0,0.0,0.0,166.22,0.0,0.0,173.35,0.9999253857184062,1.0,1324.242592520004,1000.0,1324.242592520004,1000.0,0.0,0.0
17080,1703648280000.0,0.0,0.0,0.0,166.22,0.0,0.0,173.67,0.9999253857184062,1.0,1324.242592520004,1000.0,1324.242592520004,1000.0,0.0,0.0
17081,1703651880000.0,0.0,0.0,0.0,166.22,0.0,0.0,174.06,0.9999253857184062,1.0,1324.242592520004,1000.0,1324.242592520004,1000.0,0.0,0.0
17082,1703655480000.0,0.0,0.0,0.0,166.22,0.0,0.0,173.83,0.9999253857184062,1.0,1324.242592520004,1000.0,1324.242592520004,1000.0,0.0,0.0
17083,1703659080000.0,0.0,0.0,0.0,166.22,0.0,0.0,176.01,0.9999253857184062,1.0,1324.242592520004,1000.0,1324.242592520004,1000.0,0.0,0.0
17084,1703662680000.0,0.0,0.0,0.0,166.22,0.0,0.0,176.54,0.9999253857184062,1.0,1324.242592520004,1000.0,1324.242592520004,1000.0,0.0,0.0
17085,1703666280000.0,0.0,0.0,0.0,166.22,0.0,0.0,176.36,0.9999253857184062,1.0,1324.242592520004,1000.0,1324.242592520004,1000.0,0.0,0.0
17086,1703669880000.0,0.0,0.0,0.0,166.22,0.0,0.0,176.03,0.9999253857184062,1.0,1324.242592520004,1000.0,1324.242592520004,1000.0,0.0,0.0
17087,1703673480000.0,0.0,0.0,0.0,166.22,0.0,0.0,176.22,0.9999253857184062,1.0,1324.242592520004,1000.0,1324.242592520004,1000.0,0.0,0.0
17088,1703677080000.0,0.0,0.0,0.0,166.22,0.0,0.0,175.65,0.9999253857184062,1.0,1324.242592520004,1000.0,1324.242592520004,1000.0,0.0,0.0
17089,1703680680000.0,0.0,0.0,0.0,166.22,0.0,0.0,175.07,0.9999253857184062,1.0,1324.242592520004,1000.0,1324.242592520004,1000.0,0.0,0.0
17090,1703684280000.0,0.0,0.0,0.0,166.22,0.0,0.0,174.26,0.9999253857184062,1.0,1324.242592520004,1000.0,1324.242592520004,1000.0,0.0,0.0
17091,1703687880000.0,0.0,0.0,0.0,166.22,0.0,0.0,174.22,0.9999253857184062,1.0,1324.242592520004,1000.0,1324.242592520004,1000.0,0.0,0.0
17092,1703691480000.0,0.0,0.0,0.0,166.22,0.0,0.0,174.77,0.9999253857184062,1.0,1324.242592520004,1000.0,1324.242592520004,1000.0,0.0,0.0
17093,1703695080000.0,0.0,0.0,0.0,166.22,0.0,0.0,173.9,0.9999253857184062,1.0,1324.242592520004,1000.0,1324.242592520004,1000.0,0.0,0.0
17094,1703698680000.0,0.0,0.0,0.0,166.22,0.0,0.0,173.58,0.9999253857184062,1.0,1324.242592520004,1000.0,1324.242592520004,1000.0,0.0,0.0
17095,1703702280000.0,0.0,0.0,0.0,166.22,0.0,0.0,175.09,0.9999253857184062,1.0,1324.242592520004,1000.0,1324.242592520004,1000.0,0.0,0.0
17096,1703705880000.0,0.0,0.0,0.0,166.22,0.0,0.0,175.33,0.9999253857184062,1.0,1324.242592520004,1000.0,1324.242592520004,1000.0,0.0,0.0
17097,1703709480000.0,0.0,0.0,0.0,166.22,0.0,0.0,174.58,0.9999253857184062,1.0,1324.242592520004,1000.0,1324.242592520004,1000.0,0.0,0.0
17098,1703713080000.0,0.0,0.0,0.0,166.22,0.0,0.0,174.06,0.9999253857184062,1.0,1324.242592520004,1000.0,1324.242592520004,1000.0,0.0,0.0
17099,1703716680000.0,0.0,0.0,0.0,166.22,0.0,0.0,173.59,0.9999253857184062,1.0,1324.242592520004,1000.0,1324.242592520004,1000.0,0.0,0.0
17100,1703720280000.0,0.0,0.0,0.0,166.22,0.0,0.0,174.99,0.9999253857184062,1.0,1324.242592520004,1000.0,1324.242592520004,1000.0,0.0,0.0
17101,1703723880000.0,0.0,0.0,0.0,166.22,0.0,0.0,177.23,0.9999253857184062,1.0,1324.242592520004,1000.0,1324.242592520004,1000.0,0.0,0.0
17102,1703727480000.0,0.0,0.0,0.0,166.22,0.0,0.0,178.84,0.9999253857184062,1.0,1324.242592520004,1000.0,1324.242592520004,1000.0,0.0,0.0
17103,1703731080000.0,0.0,0.0,0.0,166.22,0.0,0.0,179.33,0.9999253857184062,1.0,1324.242592520004,1000.0,1324.242592520004,1000.0,0.0,0.0
17104,1703734680000.0,0.0,0.0,0.0,166.22,0.0,0.0,180.02,0.9999253857184062,1.0,1324.242592520004,1000.0,1324.242592520004,1000.0,0.0,0.0
17105,1703738280000.0,0.0,0.0,0.0,166.22,0.0,0.0,178.9,0.9999253857184062,1.0,1324.242592520004,1000.0,1324.242592520004,1000.0,0.0,0.0
17106,1703741880000.0,0.0,0.0,0.0,166.22,0.0,0.0,177.87,0.9999253857184062,1.0,1324.242592520004,1000.0,1324.242592520004,1000.0,0.0,0.0
17107,1703745480000.0,0.0,0.0,0.0,166.22,0.0,0.0,177.56,0.9999253857184062,1.0,1324.242592520004,1000.0,1324.242592520004,1000.0,0.0,0.0
17108,1703749080000.0,0.0,0.0,0.0,166.22,0.0,0.0,175.94,0.9999253857184062,1.0,1324.242592520004,1000.0,1324.242592520004,1000.0,0.0,0.0
17109,1703752680000.0,0.0,0.0,0.0,166.22,0.0,0.0,175.06,0.9999253857184062,1.0,1324.242592520004,1000.0,1324.242592520004,1000.0,0.0,0.0
17110,1703756280000.0,0.0,0.0,0.0,166.22,0.0,0.0,176.06,0.9999253857184062,1.0,1324.242592520004,1000.0,1324.242592520004,1000.0,0.0,0.0
17111,1703759880000.0,0.0,0.0,0.0,166.22,0.0,0.0,177.26,0.9999253857184062,1.0,1324.242592520004,1000.0,1324.242592520004,1000.0,0.0,0.0
17112,1703763480000.0,0.0,0.0,0.0,166.22,0.0,0.0,176.65,0.9999253857184062,1.0,1324.242592520004,1000.0,1324.242592520004,1000.0,0.0,0.0
17113,1703767080000.0,0.0,0.0,0.0,166.22,0.0,0.0,174.38,0.9999253857184062,1.0,1324.242592520004,1000.0,1324.242592520004,1000.0,0.0,0.0
17114,1703770680000.0,0.0,0.0,0.0,166.22,0.0,0.0,174.57,0.9999253857184062,1.0,1324.242592520004,1000.0,1324.242592520004,1000.0,0.0,0.0
17115,1703774280000.0,0.0,0.0,0.0,166.22,0.0,0.0,173.2,0.9999253857184062,1.0,1324.242592520004,1000.0,1324.242592520004,1000.0,0.0,0.0
17116,1703777880000.0,0.0,0.0,0.0,166.22,0.0,0.0,174.29,0.9999253857184062,1.0,1324.242592520004,1000.0,1324.242592520004,1000.0,0.0,0.0
17117,1703781480000.0,0.0,0.0,0.0,166.22,0.0,0.0,175.4,0.9999253857184062,1.0,1324.242592520004,1000.0,1324.242592520004,1000.0,0.0,0.0
17118,1703785080000.0,0.0,0.0,0.0,166.22,0.0,0.0,175.75,0.9999253857184062,1.0,1324.242592520004,1000.0,1324.242592520004,1000.0,0.0,0.0
17119,1703788680000.0,0.0,0.0,0.0,166.22,0.0,0.0,176.38,0.9999253857184062,1.0,1324.242592520004,1000.0,1324.242592520004,1000.0,0.0,0.0
17120,1703792280000.0,0.0,0.0,0.0,166.22,0.0,0.0,176.71,0.9999253857184062,1.0,1324.242592520004,1000.0,1324.242592520004,1000.0,0.0,0.0
17121,1703795880000.0,0.0,0.0,0.0,166.22,0.0,0.0,176.18,0.9999253857184062,1.0,1324.242592520004,1000.0,1324.242592520004,1000.0,0.0,0.0
17122,1703799480000.0,0.0,0.0,0.0,166.22,0.0,0.0,175.42,0.9999253857184062,1.0,1324.242592520004,1000.0,1324.242592520004,1000.0,0.0,0.0
17123,1703803080000.0,0.0,0.0,0.0,166.22,0.0,0.0,175.76,0.9999253857184062,1.0,1324.242592520004,1000.0,1324.242592520004,1000.0,0.0,0.0
17124,1703806680000.0,0.0,0.0,0.0,166.22,0.0,0.0,175.18,0.9999253857184062,1.0,1324.242592520004,1000.0,1324.242592520004,1000.0,0.0,0.0
17125,1703810280000.0,0.0,0.0,0.0,166.22,0.0,0.0,175.14,0.9999253857184062,1.0,1324.242592520004,1000.0,1324.242592520004,1000.0,0.0,0.0
17126,1703813880000.0,0.0,0.0,0.0,166.22,0.0,0.0,173.92,0.9999253857184062,1.0,1324.242592520004,1000.0,1324.242592520004,1000.0,0.0,0.0
17127,1703817480000.0,0.0,0.0,0.0,166.22,0.0,0.0,174.99,0.9999253857184062,1.0,1324.242592520004,1000.0,1324.242592520004,1000.0,0.0,0.0
17128,1703821080000.0,0.0,0.0,0.0,166.22,0.0,0.0,175.57,0.9999253857184062,1.0,1324.242592520004,1000.0,1324.242592520004,1000.0,0.0,0.0
17129,1703824680000.0,0.0,0.0,0.0,166.22,0.0,0.0,175.42,0.9999253857184062,1.0,1324.242592520004,1000.0,1324.242592520004,1000.0,0.0,0.0
17130,1703828280000.0,0.0,0.0,0.0,166.22,0.0,0.0,175.16,0.9999253857184062,1.0,1324.242592520004,1000.0,1324.242592520004,1000.0,0.0,0.0
17131,1703831880000.0,0.0,0.0,0.0,166.22,0.0,0.0,175.77,0.9999253857184062,1.0,1324.242592520004,1000.0,1324.242592520004,1000.0,0.0,0.0
17132,1703835480000.0,0.0,0.0,0.0,166.22,0.0,0.0,175.16,0.9999253857184062,1.0,1324.242592520004,1000.0,1324.242592520004,1000.0,0.0,0.0
17133,1703839080000.0,0.0,0.0,0.0,166.22,0.0,0.0,172.44,0.9999253857184062,1.0,1324.242592520004,1000.0,1324.242592520004,1000.0,0.0,0.0
17134,1703842680000.0,0.0,0.0,0.0,166.22,0.0,0.0,172.89,0.9999253857184062,1.0,1324.242592520004,1000.0,1324.242592520004,1000.0,0.0,0.0
17135,1703846280000.0,0.0,0.0,0.0,166.22,0.0,0.0,173.29,0.9999253857184062,1.0,1324.242592520004,1000.0,1324.242592520004,1000.0,0.0,0.0
17136,1703849880000.0,0.0,0.0,0.0,166.22,0.0,0.0,172.33,0.9999253857184062,1.0,1324.242592520004,1000.0,1324.242592520004,1000.0,0.0,0.0
17137,1703853480000.0,0.0,0.0,0.0,166.22,0.0,0.0,171.54,0.9999253857184062,1.0,1324.242592520004,1000.0,1324.242592520004,1000.0,0.0,0.0
17138,1703857080000.0,0.0,0.0,0.31,168.73,0.0,0.0,168.15,0.9999253857184062,1.0,1324.232131260004,1000.0,1324.0523312600042,1000.0,0.03949934363111297,0.0
17139,1703860680000.0,0.0,0.0,0.31,168.73,0.0,0.0,169.53,0.9999253857184062,1.0,1324.232131260004,1000.0,1324.480131260004,1000.0,0.03949934363111297,0.0
17140,1703864280000.0,0.0,0.0,0.31,168.73,0.0,0.0,168.1,0.9999253857184062,1.0,1324.232131260004,1000.0,1324.036831260004,1000.0,0.03949934363111297,0.0
17141,1703867880000.0,0.0,0.0,0.31,168.73,0.0,0.0,165.61,0.9999253857184062,1.0,1324.232131260004,1000.0,1323.264931260004,1000.0,0.03949934363111297,0.0
17142,1703871480000.0,0.0,0.0,0.31,168.73,0.0,0.0,163.47,0.9999253857184062,1.0,1324.232131260004,1000.0,1322.601531260004,1000.0,0.03949934363111297,0.0
17143,1703875080000.0,0.0,0.0,0.31,168.73,0.0,0.0,162.64,0.9999253857184062,1.0,1324.232131260004,1000.0,1322.344231260004,1000.0,0.03949934363111297,0.0
17144,1703878680000.0,0.0,0.0,0.31,168.73,0.0,0.0,163.78,0.9999253857184062,1.0,1324.232131260004,1000.0,1322.697631260004,1000.0,0.03949934363111297,0.0
17145,1703882280000.0,0.0,0.0,0.31,168.73,0.0,0.0,164.31,0.9999253857184062,1.0,1324.232131260004,1000.0,1322.861931260004,1000.0,0.03949934363111297,0.0
17146,1703885880000.0,0.0,0.0,0.31,168.73,0.0,0.0,166.85,0.9999253857184062,1.0,1324.232131260004,1000.0,1323.6493312600041,1000.0,0.03949934363111297,0.0
17147,1703889480000.0,0.0,0.0,0.31,168.73,0.0,0.0,166.07,0.9999253857184062,1.0,1324.232131260004,1000.0,1323.4075312600041,1000.0,0.03949934363111297,0.0
17148,1703893080000.0,0.0,0.0,0.31,168.73,0.0,0.0,166.61,0.9999253857184062,1.0,1324.232131260004,1000.0,1323.574931260004,1000.0,0.03949934363111297,0.0
17149,1703896680000.0,0.0,0.0,0.31,168.73,0.0,0.0,166.84,0.9999253857184062,1.0,1324.232131260004,1000.0,1323.646231260004,1000.0,0.03949934363111297,0.0
17150,1703900280000.0,0.0,0.0,0.31,168.73,0.0,0.0,168.44,0.9999253857184062,1.0,1324.232131260004,1000.0,1324.142231260004,1000.0,0.03949934363111297,0.0
17151,1703903880000.0,0.0,0.0,0.31,168.73,0.0,0.0,166.57,0.9999253857184062,1.0,1324.232131260004,1000.0,1323.562531260004,1000.0,0.03949934363111297,0.0
17152,1703907480000.0,0.0,0.0,0.31,168.73,0.0,0.0,164.7,0.9999253857184062,1.0,1324.232131260004,1000.0,1322.982831260004,1000.0,0.03949934363111297,0.0
17153,1703911080000.0,0.0,0.0,0.31,168.73,0.0,0.0,164.73,0.9999253857184062,1.0,1324.232131260004,1000.0,1322.992131260004,1000.0,0.03949934363111297,0.0
17154,1703914680000.0,0.0,0.0,0.31,168.73,0.0,0.0,165.81,0.9999253857184062,1.0,1324.232131260004,1000.0,1323.3269312600041,1000.0,0.03949934363111297,0.0
17155,1703918280000.0,0.0,0.0,0.31,168.73,0.0,0.0,164.75,0.9999253857184062,1.0,1324.232131260004,1000.0,1322.998331260004,1000.0,0.03949934363111297,0.0
17156,1703921880000.0,0.0,0.0,0.31,168.73,0.0,0.0,165.07,0.9999253857184062,1.0,1324.232131260004,1000.0,1323.097531260004,1000.0,0.03949934363111297,0.0
17157,1703925480000.0,0.0,0.0,0.31,168.73,0.0,0.0,163.1,0.9999253857184062,1.0,1324.232131260004,1000.0,1322.486831260004,1000.0,0.03949934363111297,0.0
17158,1703929080000.0,0.0,0.0,0.31,168.73,0.0,0.0,163.2,0.9999253857184062,1.0,1324.232131260004,1000.0,1322.517831260004,1000.0,0.03949934363111297,0.0
17159,1703932680000.0,0.0,0.0,0.31,168.73,0.0,0.0,163.41,0.9999253857184062,1.0,1324.232131260004,1000.0,1322.582931260004,1000.0,0.03949934363111297,0.0
17160,1703936280000.0,0.0,0.0,0.31,168.73,0.0,0.0,163.19,0.9999253857184062,1.0,1324.232131260004,1000.0,1322.514731260004,1000.0,0.03949934363111297,0.0
17161,1703939880000.0,0.0,0.0,0.31,168.73,0.0,0.0,163.27,0.9999253857184062,1.0,1324.232131260004,1000.0,1322.539531260004,1000.0,0.03949934363111297,0.0
17162,1703943480000.0,0.0,0.0,0.31,168.73,0.0,0.0,163.57,0.9999253857184062,1.0,1324.232131260004,1000.0,1322.632531260004,1000.0,0.03949934363111297,0.0
17163,1703947080000.0,0.0,0.0,0.31,168.73,0.0,0.0,163.79,0.9999253857184062,1.0,1324.232131260004,1000.0,1322.700731260004,1000.0,0.03949934363111297,0.0
17164,1703950680000.0,0.0,0.0,0.31,168.73,0.0,0.0,164.86,0.9999253857184062,1.0,1324.232131260004,1000.0,1323.0324312600042,1000.0,0.03949934363111297,0.0
17165,1703954280000.0,0.0,0.0,0.31,168.73,0.0,0.0,165.74,0.9999253857184062,1.0,1324.232131260004,1000.0,1323.3052312600041,1000.0,0.03949934363111297,0.0
17166,1703957880000.0,0.0,0.0,0.31,168.73,0.0,0.0,165.53,0.9999253857184062,1.0,1324.232131260004,1000.0,1323.240131260004,1000.0,0.03949934363111297,0.0
17167,1703961480000.0,0.0,0.0,0.31,168.73,0.0,0.0,166.25,0.9999253857184062,1.0,1324.232131260004,1000.0,1323.463331260004,1000.0,0.03949934363111297,0.0
17168,1703965080000.0,0.0,0.0,0.31,168.73,0.0,0.0,165.15,0.9999253857184062,1.0,1324.232131260004,1000.0,1323.122331260004,1000.0,0.03949934363111297,0.0
17169,1703968680000.0,0.0,0.0,0.31,168.73,0.0,0.0,165.64,0.9999253857184062,1.0,1324.232131260004,1000.0,1323.274231260004,1000.0,0.03949934363111297,0.0
17170,1703972280000.0,0.0,0.0,0.31,168.73,0.0,0.0,166.29,0.9999253857184062,1.0,1324.232131260004,1000.0,1323.475731260004,1000.0,0.03949934363111297,0.0
17171,1703975880000.0,0.0,0.0,0.31,168.73,0.0,0.0,166.05,0.9999253857184062,1.0,1324.232131260004,1000.0,1323.401331260004,1000.0,0.03949934363111297,0.0
17172,1703979480000.0,0.0,0.0,0.31,168.73,0.0,0.0,166.14,0.9999253857184062,1.0,1324.232131260004,1000.0,1323.4292312600041,1000.0,0.03949934363111297,0.0
17173,1703983080000.0,0.0,0.0,0.31,168.73,0.0,0.0,166.71,0.9999253857184062,1.0,1324.232131260004,1000.0,1323.6059312600041,1000.0,0.03949934363111297,0.0
17174,1703986680000.0,0.0,0.0,0.31,168.73,0.0,0.0,166.15,0.9999253857184062,1.0,1324.232131260004,1000.0,1323.432331260004,1000.0,0.03949934363111297,0.0
17175,1703990280000.0,0.0,0.0,0.31,168.73,0.0,0.0,166.48,0.9999253857184062,1.0,1324.232131260004,1000.0,1323.534631260004,1000.0,0.03949934363111297,0.0
17176,1703993880000.0,0.0,0.0,0.31,168.73,0.0,0.0,164.07,0.9999253857184062,1.0,1324.232131260004,1000.0,1322.787531260004,1000.0,0.03949934363111297,0.0
17177,1703997480000.0,0.0,0.0,0.31,168.73,0.0,0.0,164.45,0.9999253857184062,1.0,1324.232131260004,1000.0,1322.905331260004,1000.0,0.03949934363111297,0.0
17178,1704001080000.0,0.0,0.0,0.31,168.73,0.0,0.0,164.64,0.9999253857184062,1.0,1324.232131260004,1000.0,1322.964231260004,1000.0,0.03949934363111297,0.0
17179,1704004680000.0,0.0,0.0,0.31,168.73,0.0,0.0,164.46,0.9999253857184062,1.0,1324.232131260004,1000.0,1322.9084312600041,1000.0,0.03949934363111297,0.0
17180,1704008280000.0,0.0,0.0,0.31,168.73,0.0,0.0,166.23,0.9999253857184062,1.0,1324.232131260004,1000.0,1323.457131260004,1000.0,0.03949934363111297,0.0
17181,1704011880000.0,0.0,0.0,0.31,168.73,0.0,0.0,166.19,0.9999253857184062,1.0,1324.232131260004,1000.0,1323.4447312600041,1000.0,0.03949934363111297,0.0
17182,1704015480000.0,0.0,0.0,0.31,168.73,0.0,0.0,166.4,0.9999253857184062,1.0,1324.232131260004,1000.0,1323.5098312600041,1000.0,0.03949934363111297,0.0
17183,1704019080000.0,0.0,0.0,0.31,168.73,0.0,0.0,166.57,0.9999253857184062,1.0,1324.232131260004,1000.0,1323.562531260004,1000.0,0.03949934363111297,0.0
17184,1704022680000.0,0.0,0.0,0.31,168.73,0.0,0.0,166.02,0.9999253857184062,1.0,1324.232131260004,1000.0,1323.3920312600042,1000.0,0.03949934363111297,0.0
17185,1704026280000.0,0.0,0.0,0.31,168.73,0.0,0.0,167.22,0.9999253857184062,1.0,1324.232131260004,1000.0,1323.764031260004,1000.0,0.03949934363111297,0.0
17186,1704029880000.0,0.0,0.0,0.31,168.73,0.0,0.0,165.85,0.9999253857184062,1.0,1324.232131260004,1000.0,1323.339331260004,1000.0,0.03949934363111297,0.0
17187,1704033480000.0,0.0,0.0,0.31,168.73,0.0,0.0,166.04,0.9999253857184062,1.0,1324.232131260004,1000.0,1323.398231260004,1000.0,0.03949934363111297,0.0
17188,1704037080000.0,0.0,0.0,0.31,168.73,0.0,0.0,165.92,0.9999253857184062,1.0,1324.232131260004,1000.0,1323.361031260004,1000.0,0.03949934363111297,0.0
17189,1704040680000.0,0.0,0.0,0.31,168.73,0.0,0.0,166.21,0.9999253857184062,1.0,1324.232131260004,1000.0,1323.4509312600042,1000.0,0.03949934363111297,0.0
17190,1704044280000.0,0.0,0.0,0.31,168.73,0.0,0.0,166.67,0.9999253857184062,1.0,1324.232131260004,1000.0,1323.593531260004,1000.0,0.03949934363111297,0.0
17191,1704047880000.0,0.0,0.0,0.31,168.73,0.0,0.0,167.06,0.9999253857184062,1.0,1324.232131260004,1000.0,1323.714431260004,1000.0,0.03949934363111297,0.0
17192,1704051480000.0,0.0,0.0,0.31,168.73,0.0,0.0,166.81,0.9999253857184062,1.0,1324.232131260004,1000.0,1323.636931260004,1000.0,0.03949934363111297,0.0
17193,1704055080000.0,0.0,0.0,0.31,168.73,0.0,0.0,166.66,0.9999253857184062,1.0,1324.232131260004,1000.0,1323.5904312600042,1000.0,0.03949934363111297,0.0
17194,1704058680000.0,0.0,0.0,0.31,168.73,0.0,0.0,167.44,0.9999253857184062,1.0,1324.232131260004,1000.0,1323.8322312600042,1000.0,0.03949934363111297,0.0
17195,1704062280000.0,0.0,0.0,0.31,168.73,0.0,0.0,167.21,0.9999253857184062,1.0,1324.232131260004,1000.0,1323.760931260004,1000.0,0.03949934363111297,0.0
17196,1704065880000.0,0.0,0.0,0.31,168.73,0.0,0.0,164.25,0.9999253857184062,1.0,1324.232131260004,1000.0,1322.843331260004,1000.0,0.03949934363111297,0.0
17197,1704069480000.0,0.0,0.0,0.31,168.73,0.0,0.0,166.39,0.9999253857184062,1.0,1324.232131260004,1000.0,1323.506731260004,1000.0,0.03949934363111297,0.0
17198,1704073080000.0,0.0,0.0,0.31,168.73,0.0,0.0,165.84,0.9999253857184062,1.0,1324.232131260004,1000.0,1323.336231260004,1000.0,0.03949934363111297,0.0
17199,1704076680000.0,0.0,0.0,0.31,168.73,0.0,0.0,165.34,0.9999253857184062,1.0,1324.232131260004,1000.0,1323.181231260004,1000.0,0.03949934363111297,0.0
17200,1704080280000.0,0.0,0.0,0.31,168.73,0.0,0.0,164.75,0.9999253857184062,1.0,1324.232131260004,1000.0,1322.998331260004,1000.0,0.03949934363111297,0.0
17201,1704083880000.0,0.0,0.0,0.31,168.73,0.0,0.0,163.51,0.9999253857184062,1.0,1324.232131260004,1000.0,1322.6139312600042,1000.0,0.03949934363111297,0.0
17202,1704087480000.0,0.0,0.0,0.31,168.73,0.0,0.0,164.33,0.9999253857184062,1.0,1324.232131260004,1000.0,1322.868131260004,1000.0,0.03949934363111297,0.0
17203,1704091080000.0,0.0,0.0,0.31,168.73,0.0,0.0,164.33,0.9999253857184062,1.0,1324.232131260004,1000.0,1322.868131260004,1000.0,0.03949934363111297,0.0
17204,1704094680000.0,0.0,0.0,0.31,168.73,0.0,0.0,164.68,0.9999253857184062,1.0,1324.232131260004,1000.0,1322.976631260004,1000.0,0.03949934363111297,0.0
17205,1704098280000.0,0.0,0.0,0.31,168.73,0.0,0.0,164.53,0.9999253857184062,1.0,1324.232131260004,1000.0,1322.9301312600041,1000.0,0.03949934363111297,0.0
17206,1704101880000.0,0.0,0.0,0.31,168.73,0.0,0.0,165.09,0.9999253857184062,1.0,1324.232131260004,1000.0,1323.103731260004,1000.0,0.03949934363111297,0.0
17207,1704105480000.0,0.0,0.0,0.31,168.73,0.0,0.0,165.05,0.9999253857184062,1.0,1324.232131260004,1000.0,1323.0913312600042,1000.0,0.03949934363111297,0.0
17208,1704109080000.0,0.0,0.0,0.31,168.73,0.0,0.0,165.51,0.9999253857184062,1.0,1324.232131260004,1000.0,1323.233931260004,1000.0,0.03949934363111297,0.0
17209,1704112680000.0,0.0,0.0,0.31,168.73,0.0,0.0,165.03,0.9999253857184062,1.0,1324.232131260004,1000.0,1323.0851312600041,1000.0,0.03949934363111297,0.0
17210,1704116280000.0,0.0,0.0,0.31,168.73,0.0,0.0,165.38,0.9999253857184062,1.0,1324.232131260004,1000.0,1323.1936312600042,1000.0,0.03949934363111297,0.0
17211,1704119880000.0,0.0,0.0,0.31,168.73,0.0,0.0,165.91,0.9999253857184062,1.0,1324.232131260004,1000.0,1323.357931260004,1000.0,0.03949934363111297,0.0
17212,1704123480000.0,0.0,0.0,0.31,168.73,0.0,0.0,165.78,0.9999253857184062,1.0,1324.232131260004,1000.0,1323.317631260004,1000.0,0.03949934363111297,0.0
17213,1704127080000.0,0.0,0.0,0.31,168.73,0.0,0.0,166.13,0.9999253857184062,1.0,1324.232131260004,1000.0,1323.426131260004,1000.0,0.03949934363111297,0.0
17214,1704130680000.0,0.0,0.0,0.31,168.73,0.0,0.0,166.64,0.9999253857184062,1.0,1324.232131260004,1000.0,1323.5842312600041,1000.0,0.03949934363111297,0.0
17215,1704134280000.0,0.0,0.0,0.31,168.73,0.0,0.0,167.35,0.9999253857184062,1.0,1324.232131260004,1000.0,1323.8043312600041,1000.0,0.03949934363111297,0.0
17216,1704137880000.0,0.0,0.0,0.31,168.73,0.0,0.0,167.66,0.9999253857184062,1.0,1324.232131260004,1000.0,1323.900431260004,1000.0,0.03949934363111297,0.0
17217,1704141480000.0,0.0,0.0,0.31,168.73,0.0,0.0,168.53,0.9999253857184062,1.0,1324.232131260004,1000.0,1324.1701312600042,1000.0,0.03949934363111297,0.0
17218,1704145080000.0,0.0,0.0,0.31,168.73,0.0,0.0,168.93,0.9999253857184062,1.0,1324.232131260004,1000.0,1324.294131260004,1000.0,0.03949934363111297,0.0
17219,1704148680000.0,0.0,0.0,0.31,168.73,0.0,0.0,168.11,0.9999253857184062,1.0,1324.232131260004,1000.0,1324.039931260004,1000.0,0.03949934363111297,0.0
17220,1704152280000.0,0.0,0.0,0.31,168.73,0.0,0.0,169.48,0.9999253857184062,1.0,1324.232131260004,1000.0,1324.4646312600041,1000.0,0.03949934363111297,0.0
17221,1704155880000.0,0.0,0.0,0.31,168.73,0.0,0.0,169.97,0.9999253857184062,1.0,1324.232131260004,1000.0,1324.616531260004,1000.0,0.03949934363111297,0.0
17222,1704159480000.0,0.0,0.0,0.31,168.73,0.0,0.0,168.56,0.9999253857184062,1.0,1324.232131260004,1000.0,1324.179431260004,1000.0,0.03949934363111297,0.0
17223,1704163080000.0,0.0,0.0,0.31,168.73,0.0,0.0,169.31,0.9999253857184062,1.0,1324.232131260004,1000.0,1324.4119312600042,1000.0,0.03949934363111297,0.0
17224,1704166680000.0,0.0,0.0,0.31,168.73,0.0,0.0,169.93,0.9999253857184062,1.0,1324.232131260004,1000.0,1324.6041312600041,1000.0,0.03949934363111297,0.0
17225,1704170280000.0,0.0,0.0,0.31,168.73,0.0,0.0,170.05,0.9999253857184062,1.0,1324.232131260004,1000.0,1324.641331260004,1000.0,0.03949934363111297,0.0
17226,1704173880000.0,0.0,0.0,0.31,168.73,0.0,0.0,170.48,0.9999253857184062,1.0,1324.232131260004,1000.0,1324.774631260004,1000.0,0.03949934363111297,0.0
17227,1704177480000.0,0.0,0.0,0.31,168.73,0.0,0.0,171.16,0.9999253857184062,1.0,1324.232131260004,1000.0,1324.9854312600041,1000.0,0.03949934363111297,0.0
17228,1704181080000.0,0.0,0.0,0.31,168.73,0.0,0.0,170.9,0.9999253857184062,1.0,1324.232131260004,1000.0,1324.9048312600041,1000.0,0.03949934363111297,0.0
17229,1704184680000.0,0.0,0.0,0.31,168.73,0.0,0.0,173.02,0.9999253857184062,1.0,1324.232131260004,1000.0,1325.562031260004,1000.0,0.03949934363111297,0.0
17230,1704188280000.0,0.0,0.0,0.05,168.73,0.0,0.0,173.6,0.9999253857184062,1.0,1325.541293660004,1000.0,1325.784793660004,1000.0,0.00636456973490856,0.0
17231,1704191880000.0,0.0,0.0,0.02,168.73,0.0,0.0,173.35,0.9999253857184062,1.0,1325.6923508600041,1000.0,1325.7847508600041,1000.0,0.002545537807328244,0.0
17232,1704195480000.0,0.0,0.0,0.02,168.73,0.0,0.0,173.06,0.9999253857184062,1.0,1325.6923508600041,1000.0,1325.7789508600042,1000.0,0.002545537807328244,0.0
17233,1704199080000.0,0.0,0.0,0.02,168.73,0.0,0.0,173.68,0.9999253857184062,1.0,1325.6923508600041,1000.0,1325.791350860004,1000.0,0.002545537807328244,0.0
17234,1704202680000.0,0.0,0.0,0.02,168.73,0.0,0.0,172.93,0.9999253857184062,1.0,1325.6923508600041,1000.0,1325.7763508600042,1000.0,0.002545537807328244,0.0
17235,1704206280000.0,0.0,0.0,0.02,168.73,0.0,0.0,170.74,0.9999253857184062,1.0,1325.6923508600041,1000.0,1325.732550860004,1000.0,0.002545537807328244,0.0
17236,1704209880000.0,0.0,0.0,0.02,168.73,0.0,0.0,170.33,0.9999253857184062,1.0,1325.6923508600041,1000.0,1325.724350860004,1000.0,0.002545537807328244,0.0
17237,1704213480000.0,0.0,0.0,0.02,168.73,0.0,0.0,170.55,0.9999253857184062,1.0,1325.6923508600041,1000.0,1325.728750860004,1000.0,0.002545537807328244,0.0
17238,1704217080000.0,0.0,0.0,0.02,168.73,0.0,0.0,169.11,0.9999253857184062,1.0,1325.6923508600041,1000.0,1325.699950860004,1000.0,0.002545537807328244,0.0
17239,1704220680000.0,0.0,0.0,0.02,168.73,0.0,0.0,169.33,0.9999253857184062,1.0,1325.6923508600041,1000.0,1325.704350860004,1000.0,0.002545537807328244,0.0
17240,1704224280000.0,0.0,0.0,0.02,168.73,0.0,0.0,169.04,0.9999253857184062,1.0,1325.6923508600041,1000.0,1325.6985508600042,1000.0,0.002545537807328244,0.0
17241,1704227880000.0,0.0,0.0,0.02,168.73,0.0,0.0,168.62,0.9999253857184062,1.0,1325.6923508600041,1000.0,1325.6901508600042,1000.0,0.002545537807328244,0.0
17242,1704231480000.0,0.0,0.0,0.02,168.73,0.0,0.0,167.63,0.9999253857184062,1.0,1325.6923508600041,1000.0,1325.6703508600042,1000.0,0.002545537807328244,0.0
17243,1704235080000.0,0.0,0.0,0.02,168.73,0.0,0.0,167.73,0.9999253857184062,1.0,1325.6923508600041,1000.0,1325.6723508600041,1000.0,0.002545537807328244,0.0
17244,1704238680000.0,0.0,0.0,0.02,168.73,0.0,0.0,167.69,0.9999253857184062,1.0,1325.6923508600041,1000.0,1325.6715508600041,1000.0,0.002545537807328244,0.0
17245,1704242280000.0,0.0,0.0,0.02,168.73,0.0,0.0,167.05,0.9999253857184062,1.0,1325.6923508600041,1000.0,1325.6587508600041,1000.0,0.002545537807328244,0.0
17246,1704245880000.0,0.0,0.0,0.02,168.73,0.0,0.0,166.85,0.9999253857184062,1.0,1325.6923508600041,1000.0,1325.654750860004,1000.0,0.002545537807328244,0.0
17247,1704249480000.0,0.0,0.0,0.02,168.73,0.0,0.0,167.25,0.9999253857184062,1.0,1325.6923508600041,1000.0,1325.662750860004,1000.0,0.002545537807328244,0.0
17248,1704253080000.0,0.0,0.0,0.02,168.73,0.0,0.0,166.44,0.9999253857184062,1.0,1325.6923508600041,1000.0,1325.646550860004,1000.0,0.002545537807328244,0.0
17249,1704256680000.0,0.0,0.0,0.02,168.73,0.0,0.0,166.74,0.9999253857184062,1.0,1325.6923508600041,1000.0,1325.652550860004,1000.0,0.002545537807328244,0.0
17250,1704260280000.0,0.0,0.0,0.02,168.73,0.0,0.0,167.21,0.9999253857184062,1.0,1325.6923508600041,1000.0,1325.661950860004,1000.0,0.002545537807328244,0.0
17251,1704263880000.0,0.0,0.0,0.02,168.73,0.0,0.0,168.15,0.9999253857184062,1.0,1325.6923508600041,1000.0,1325.680750860004,1000.0,0.002545537807328244,0.0
17252,1704267480000.0,0.0,0.0,0.02,168.73,0.0,0.0,169.37,0.9999253857184062,1.0,1325.6923508600041,1000.0,1325.705150860004,1000.0,0.002545537807328244,0.0
17253,1704271080000.0,0.0,0.0,0.02,168.73,0.0,0.0,168.95,0.9999253857184062,1.0,1325.6923508600041,1000.0,1325.6967508600042,1000.0,0.002545537807328244,0.0
17254,1704274680000.0,0.0,0.0,0.02,168.73,0.0,0.0,169.6,0.9999253857184062,1.0,1325.6923508600041,1000.0,1325.709750860004,1000.0,0.002545537807328244,0.0
17255,1704278280000.0,0.0,0.0,0.02,168.73,0.0,0.0,168.0,0.9999253857184062,1.0,1325.6923508600041,1000.0,1325.6777508600042,1000.0,0.002545537807328244,0.0
17256,1704281880000.0,0.0,0.0,0.02,168.73,0.0,0.0,165.28,0.9999253857184062,1.0,1325.6923508600041,1000.0,1325.6233508600042,1000.0,0.002545537807328244,0.0
17257,1704285480000.0,0.0,0.0,1.49,148.49147982062777,0.0,0.0,155.55,0.9999253857184062,1.0,1328.9034669127395,1000.0,1339.420661980004,1000.0,0.16649238296197746,0.0
17258,1704289080000.0,0.0,0.0,0.34,159.36,0.0,0.0,159.08,0.9999253857184062,1.0,1343.560132100004,1000.0,1343.464932100004,1000.0,0.04032748420073475,0.0
17259,1704292680000.0,0.0,0.0,0.34,159.36,0.0,0.0,156.33,0.9999253857184062,1.0,1343.560132100004,1000.0,1342.529932100004,1000.0,0.04032748420073475,0.0
17260,1704296280000.0,0.0,0.0,0.34,159.36,0.0,0.0,157.8,0.9999253857184062,1.0,1343.560132100004,1000.0,1343.029732100004,1000.0,0.04032748420073475,0.0
17261,1704299880000.0,0.0,0.0,0.34,159.36,0.0,0.0,157.92,0.9999253857184062,1.0,1343.560132100004,1000.0,1343.070532100004,1000.0,0.04032748420073475,0.0
17262,1704303480000.0,0.0,0.0,0.34,159.36,0.0,0.0,156.44,0.9999253857184062,1.0,1343.560132100004,1000.0,1342.567332100004,1000.0,0.04032748420073475,0.0
17263,1704307080000.0,0.0,0.0,0.34,159.36,0.0,0.0,154.29,0.9999253857184062,1.0,1343.560132100004,1000.0,1341.836332100004,1000.0,0.04032748420073475,0.0
17264,1704310680000.0,0.0,0.0,0.34,159.36,0.0,0.0,155.33,0.9999253857184062,1.0,1343.560132100004,1000.0,1342.189932100004,1000.0,0.04032748420073475,0.0
17265,1704314280000.0,0.0,0.0,0.34,159.36,0.0,0.0,157.47,0.9999253857184062,1.0,1343.560132100004,1000.0,1342.917532100004,1000.0,0.04032748420073475,0.0
17266,1704317880000.0,0.0,0.0,0.34,159.36,0.0,0.0,156.21,0.9999253857184062,1.0,1343.560132100004,1000.0,1342.489132100004,1000.0,0.04032748420073475,0.0
17267,1704321480000.0,0.0,0.0,0.34,159.36,0.0,0.0,155.01,0.9999253857184062,1.0,1343.560132100004,1000.0,1342.081132100004,1000.0,0.04032748420073475,0.0
17268,1704325080000.0,0.0,0.0,0.34,159.36,0.0,0.0,153.66,0.9999253857184062,1.0,1343.560132100004,1000.0,1341.622132100004,1000.0,0.04032748420073475,0.0
17269,1704328680000.0,0.0,0.0,0.34,159.36,0.0,0.0,155.64,0.9999253857184062,1.0,1343.560132100004,1000.0,1342.295332100004,1000.0,0.04032748420073475,0.0
17270,1704332280000.0,0.0,0.0,0.34,159.36,0.0,0.0,153.91,0.9999253857184062,1.0,1343.560132100004,1000.0,1341.707132100004,1000.0,0.04032748420073475,0.0
17271,1704335880000.0,0.0,0.0,0.34,159.36,0.0,0.0,153.93,0.9999253857184062,1.0,1343.560132100004,1000.0,1341.713932100004,1000.0,0.04032748420073475,0.0
17272,1704339480000.0,0.0,0.0,0.34,159.36,0.0,0.0,153.8,0.9999253857184062,1.0,1343.560132100004,1000.0,1341.669732100004,1000.0,0.04032748420073475,0.0
17273,1704343080000.0,0.0,0.0,0.69,155.9817391304348,0.0,0.0,153.3,0.9999253857184062,1.0,1343.549443100004,1000.0,1341.699043100004,1000.0,0.08010676536895338,0.0
17274,1704346680000.0,0.0,0.0,0.69,155.9817391304348,0.0,0.0,153.85,0.9999253857184062,1.0,1343.549443100004,1000.0,1342.078543100004,1000.0,0.08010676536895338,0.0
17275,1704350280000.0,0.0,0.0,0.69,155.9817391304348,0.0,0.0,153.25,0.9999253857184062,1.0,1343.549443100004,1000.0,1341.664543100004,1000.0,0.08010676536895338,0.0
17276,1704353880000.0,0.0,0.0,0.69,155.9817391304348,0.0,0.0,153.58,0.9999253857184062,1.0,1343.549443100004,1000.0,1341.892243100004,1000.0,0.08010676536895338,0.0
17277,1704357480000.0,0.0,0.0,0.69,155.9817391304348,0.0,0.0,151.21,0.9999253857184062,1.0,1343.549443100004,1000.0,1340.256943100004,1000.0,0.08010676536895338,0.0
17278,1704361080000.0,0.0,0.0,0.69,155.9817391304348,0.0,0.0,153.83,0.9999253857184062,1.0,1343.549443100004,1000.0,1342.064743100004,1000.0,0.08010676536895338,0.0
17279,1704364680000.0,0.0,0.0,0.69,155.9817391304348,0.0,0.0,155.15,0.9999253857184062,1.0,1343.549443100004,1000.0,1342.975543100004,1000.0,0.08010676536895338,0.0
17280,1704368280000.0,0.0,0.0,0.69,155.9817391304348,0.0,0.0,156.88,0.9999253857184062,1.0,1343.549443100004,1000.0,1344.169243100004,1000.0,0.08010676536895338,0.0
17281,1704371880000.0,0.0,0.0,0.69,155.9817391304348,0.0,0.0,156.38,0.9999253857184062,1.0,1343.549443100004,1000.0,1343.824243100004,1000.0,0.08010676536895338,0.0
17282,1704375480000.0,0.0,0.0,0.69,155.9817391304348,0.0,0.0,157.3,0.9999253857184062,1.0,1343.549443100004,1000.0,1344.459043100004,1000.0,0.08010676536895338,0.0
17283,1704379080000.0,0.0,0.0,0.69,155.9817391304348,0.0,0.0,160.38,0.9999253857184062,1.0,1343.549443100004,1000.0,1346.584243100004,1000.0,0.08010676536895338,0.0
17284,1704382680000.0,0.0,0.0,0.21,155.9817391304348,0.0,0.0,161.34,0.9999253857184062,1.0,1345.7843839973953,1000.0,1346.909618780004,1000.0,0.024339831556148227,0.0
17285,1704386280000.0,0.0,0.0,0.21,155.9817391304348,0.0,0.0,163.11,0.9999253857184062,1.0,1345.7843839973953,1000.0,1347.2813187800039,1000.0,0.024339831556148227,0.0
17286,1704389880000.0,0.0,0.0,0.21,155.9817391304348,0.0,0.0,161.97,0.9999253857184062,1.0,1345.7843839973953,1000.0,1347.041918780004,1000.0,0.024339831556148227,0.0
17287,1704393480000.0,0.0,0.0,0.21,155.9817391304348,0.0,0.0,162.51,0.9999253857184062,1.0,1345.7843839973953,1000.0,1347.1553187800039,1000.0,0.024339831556148227,0.0
17288,1704397080000.0,0.0,0.0,0.06,155.9817391304348,0.0,0.0,163.96,0.9999253857184062,1.0,1347.0496896278298,1000.0,1347.5283852800037,1000.0,0.006947705359266899,0.0
17289,1704400680000.0,0.0,0.0,0.06,155.9817391304348,0.0,0.0,163.91,0.9999253857184062,1.0,1347.0496896278298,1000.0,1347.5253852800038,1000.0,0.006947705359266899,0.0
17290,1704404280000.0,0.0,0.0,0.06,155.9817391304348,0.0,0.0,164.05,0.9999253857184062,1.0,1347.0496896278298,1000.0,1347.5337852800037,1000.0,0.006947705359266899,0.0
17291,1704407880000.0,0.0,0.0,0.06,155.9817391304348,0.0,0.0,161.82,0.9999253857184062,1.0,1347.0496896278298,1000.0,1347.3999852800036,1000.0,0.006947705359266899,0.0
17292,1704411480000.0,0.0,0.0,0.06,155.9817391304348,0.0,0.0,162.58,0.9999253857184062,1.0,1347.0496896278298,1000.0,1347.4455852800038,1000.0,0.006947705359266899,0.0
17293,1704415080000.0,0.0,0.0,0.0,155.9817391304348,0.0,0.0,162.6,0.9999253857184062,1.0,1347.5558118800031,1000.0,1347.5558118800031,1000.0,0.0,0.0
17294,1704418680000.0,0.0,0.0,0.0,155.9817391304348,0.0,0.0,161.13,0.9999253857184062,1.0,1347.5558118800031,1000.0,1347.5558118800031,1000.0,0.0,0.0
17295,1704422280000.0,0.0,0.0,0.0,155.9817391304348,0.0,0.0,161.16,0.9999253857184062,1.0,1347.5558118800031,1000.0,1347.5558118800031,1000.0,0.0,0.0
17296,1704425880000.0,0.0,0.0,0.0,155.9817391304348,0.0,0.0,160.57,0.9999253857184062,1.0,1347.5558118800031,1000.0,1347.5558118800031,1000.0,0.0,0.0
17297,1704429480000.0,0.0,0.0,0.0,155.9817391304348,0.0,0.0,160.11,0.9999253857184062,1.0,1347.5558118800031,1000.0,1347.5558118800031,1000.0,0.0,0.0
17298,1704433080000.0,0.0,0.0,0.0,155.9817391304348,0.0,0.0,161.27,0.9999253857184062,1.0,1347.5558118800031,1000.0,1347.5558118800031,1000.0,0.0,0.0
17299,1704436680000.0,0.0,0.0,0.0,155.9817391304348,0.0,0.0,158.42,0.9999253857184062,1.0,1347.5558118800031,1000.0,1347.5558118800031,1000.0,0.0,0.0
17300,1704440280000.0,0.0,0.0,0.0,155.9817391304348,0.0,0.0,159.15,0.9999253857184062,1.0,1347.5558118800031,1000.0,1347.5558118800031,1000.0,0.0,0.0
17301,1704443880000.0,0.0,0.0,0.0,155.9817391304348,0.0,0.0,161.12,0.9999253857184062,1.0,1347.5558118800031,1000.0,1347.5558118800031,1000.0,0.0,0.0
17302,1704447480000.0,0.0,0.0,0.0,155.9817391304348,0.0,0.0,163.22,0.9999253857184062,1.0,1347.5558118800031,1000.0,1347.5558118800031,1000.0,0.0,0.0
17303,1704451080000.0,0.0,0.0,0.0,155.9817391304348,0.0,0.0,161.68,0.9999253857184062,1.0,1347.5558118800031,1000.0,1347.5558118800031,1000.0,0.0,0.0
17304,1704454680000.0,0.0,0.0,0.0,155.9817391304348,0.0,0.0,158.99,0.9999253857184062,1.0,1347.5558118800031,1000.0,1347.5558118800031,1000.0,0.0,0.0
17305,1704458280000.0,0.0,0.0,0.0,155.9817391304348,0.0,0.0,158.65,0.9999253857184062,1.0,1347.5558118800031,1000.0,1347.5558118800031,1000.0,0.0,0.0
17306,1704461880000.0,0.0,0.0,0.0,155.9817391304348,0.0,0.0,159.62,0.9999253857184062,1.0,1347.5558118800031,1000.0,1347.5558118800031,1000.0,0.0,0.0
17307,1704465480000.0,0.0,0.0,0.0,155.9817391304348,0.0,0.0,158.25,0.9999253857184062,1.0,1347.5558118800031,1000.0,1347.5558118800031,1000.0,0.0,0.0
17308,1704469080000.0,0.0,0.0,0.0,155.9817391304348,0.0,0.0,157.79,0.9999253857184062,1.0,1347.5558118800031,1000.0,1347.5558118800031,1000.0,0.0,0.0
17309,1704472680000.0,0.0,0.0,0.0,155.9817391304348,0.0,0.0,159.73,0.9999253857184062,1.0,1347.5558118800031,1000.0,1347.5558118800031,1000.0,0.0,0.0
17310,1704476280000.0,0.0,0.0,0.0,155.9817391304348,0.0,0.0,157.85,0.9999253857184062,1.0,1347.5558118800031,1000.0,1347.5558118800031,1000.0,0.0,0.0
17311,1704479880000.0,0.0,0.0,0.0,155.9817391304348,0.0,0.0,157.2,0.9999253857184062,1.0,1347.5558118800031,1000.0,1347.5558118800031,1000.0,0.0,0.0
17312,1704483480000.0,0.0,0.0,0.0,155.9817391304348,0.0,0.0,156.1,0.9999253857184062,1.0,1347.5558118800031,1000.0,1347.5558118800031,1000.0,0.0,0.0
17313,1704487080000.0,0.0,0.0,0.35,154.03,0.0,0.0,154.8,0.9999253857184062,1.0,1347.5450297800032,1000.0,1347.8145297800033,1000.0,0.04000645530101602,0.0
17314,1704490680000.0,0.0,0.0,0.35,154.03,0.0,0.0,156.35,0.9999253857184062,1.0,1347.5450297800032,1000.0,1348.3570297800031,1000.0,0.04000645530101602,0.0
17315,1704494280000.0,0.0,0.0,0.35,154.03,0.0,0.0,156.0,0.9999253857184062,1.0,1347.5450297800032,1000.0,1348.2345297800032,1000.0,0.04000645530101602,0.0
17316,1704497880000.0,0.0,0.0,0.35,154.03,0.0,0.0,155.6,0.9999253857184062,1.0,1347.5450297800032,1000.0,1348.0945297800033,1000.0,0.04000645530101602,0.0
17317,1704501480000.0,0.0,0.0,0.35,154.03,0.0,0.0,157.27,0.9999253857184062,1.0,1347.5450297800032,1000.0,1348.6790297800032,1000.0,0.04000645530101602,0.0
17318,1704505080000.0,0.0,0.0,0.35,154.03,0.0,0.0,157.88,0.9999253857184062,1.0,1347.5450297800032,1000.0,1348.8925297800033,1000.0,0.04000645530101602,0.0
17319,1704508680000.0,0.0,0.0,0.35,154.03,0.0,0.0,158.36,0.9999253857184062,1.0,1347.5450297800032,1000.0,1349.0605297800032,1000.0,0.04000645530101602,0.0
17320,1704512280000.0,0.0,0.0,0.35,154.03,0.0,0.0,157.69,0.9999253857184062,1.0,1347.5450297800032,1000.0,1348.8260297800032,1000.0,0.04000645530101602,0.0
17321,1704515880000.0,0.0,0.0,0.35,154.03,0.0,0.0,157.06,0.9999253857184062,1.0,1347.5450297800032,1000.0,1348.6055297800033,1000.0,0.04000645530101602,0.0
17322,1704519480000.0,0.0,0.0,0.35,154.03,0.0,0.0,154.3,0.9999253857184062,1.0,1347.5450297800032,1000.0,1347.6395297800032,1000.0,0.04000645530101602,0.0
17323,1704523080000.0,0.0,0.0,0.35,154.03,0.0,0.0,150.83,0.9999253857184062,1.0,1347.5450297800032,1000.0,1346.4250297800033,1000.0,0.04000645530101602,0.0
17324,1704526680000.0,0.0,0.0,0.35,154.03,0.0,0.0,152.09,0.9999253857184062,1.0,1347.5450297800032,1000.0,1346.8660297800031,1000.0,0.04000645530101602,0.0
17325,1704530280000.0,0.0,0.0,0.35,154.03,0.0,0.0,153.89,0.9999253857184062,1.0,1347.5450297800032,1000.0,1347.4960297800033,1000.0,0.04000645530101602,0.0
17326,1704533880000.0,0.0,0.0,0.35,154.03,0.0,0.0,155.99,0.9999253857184062,1.0,1347.5450297800032,1000.0,1348.2310297800032,1000.0,0.04000645530101602,0.0
17327,1704537480000.0,0.0,0.0,0.35,154.03,0.0,0.0,155.15,0.9999253857184062,1.0,1347.5450297800032,1000.0,1347.9370297800033,1000.0,0.04000645530101602,0.0
17328,1704541080000.0,0.0,0.0,0.35,154.03,0.0,0.0,153.2,0.9999253857184062,1.0,1347.5450297800032,1000.0,1347.2545297800032,1000.0,0.04000645530101602,0.0
17329,1704544680000.0,0.0,0.0,0.35,154.03,0.0,0.0,152.76,0.9999253857184062,1.0,1347.5450297800032,1000.0,1347.1005297800032,1000.0,0.04000645530101602,0.0
17330,1704548280000.0,0.0,0.0,0.35,154.03,0.0,0.0,150.36,0.9999253857184062,1.0,1347.5450297800032,1000.0,1346.2605297800033,1000.0,0.04000645530101602,0.0
17331,1704551880000.0,0.0,0.0,0.35,154.03,0.0,0.0,152.67,0.9999253857184062,1.0,1347.5450297800032,1000.0,1347.0690297800031,1000.0,0.04000645530101602,0.0
17332,1704555480000.0,0.0,0.0,0.35,154.03,0.0,0.0,153.05,0.9999253857184062,1.0,1347.5450297800032,1000.0,1347.2020297800032,1000.0,0.04000645530101602,0.0
17333,1704559080000.0,0.0,0.0,0.35,154.03,0.0,0.0,153.91,0.9999253857184062,1.0,1347.5450297800032,1000.0,1347.5030297800033,1000.0,0.04000645530101602,0.0
17334,1704562680000.0,0.0,0.0,0.35,154.03,0.0,0.0,153.63,0.9999253857184062,1.0,1347.5450297800032,1000.0,1347.4050297800031,1000.0,0.04000645530101602,0.0
17335,1704566280000.0,0.0,0.0,0.35,154.03,0.0,0.0,152.75,0.9999253857184062,1.0,1347.5450297800032,1000.0,1347.0970297800031,1000.0,0.04000645530101602,0.0
17336,1704569880000.0,0.0,0.0,0.35,154.03,0.0,0.0,152.54,0.9999253857184062,1.0,1347.5450297800032,1000.0,1347.0235297800032,1000.0,0.04000645530101602,0.0
17337,1704573480000.0,0.0,0.0,0.35,154.03,0.0,0.0,153.98,0.9999253857184062,1.0,1347.5450297800032,1000.0,1347.5275297800033,1000.0,0.04000645530101602,0.0
17338,1704577080000.0,0.0,0.0,0.35,154.03,0.0,0.0,153.59,0.9999253857184062,1.0,1347.5450297800032,1000.0,1347.3910297800032,1000.0,0.04000645530101602,0.0
17339,1704580680000.0,0.0,0.0,0.35,154.03,0.0,0.0,152.97,0.9999253857184062,1.0,1347.5450297800032,1000.0,1347.1740297800031,1000.0,0.04000645530101602,0.0
17340,1704584280000.0,0.0,0.0,0.35,154.03,0.0,0.0,152.39,0.9999253857184062,1.0,1347.5450297800032,1000.0,1346.9710297800032,1000.0,0.04000645530101602,0.0
17341,1704587880000.0,0.0,0.0,0.35,154.03,0.0,0.0,153.48,0.9999253857184062,1.0,1347.5450297800032,1000.0,1347.3525297800031,1000.0,0.04000645530101602,0.0
17342,1704591480000.0,0.0,0.0,0.35,154.03,0.0,0.0,153.33,0.9999253857184062,1.0,1347.5450297800032,1000.0,1347.3000297800033,1000.0,0.04000645530101602,0.0
17343,1704595080000.0,0.0,0.0,0.35,154.03,0.0,0.0,152.76,0.9999253857184062,1.0,1347.5450297800032,1000.0,1347.1005297800032,1000.0,0.04000645530101602,0.0
17344,1704598680000.0,0.0,0.0,0.35,154.03,0.0,0.0,154.03,0.9999253857184062,1.0,1347.5450297800032,1000.0,1347.5450297800032,1000.0,0.04000645530101602,0.0
17345,1704602280000.0,0.0,0.0,0.35,154.03,0.0,0.0,154.97,0.9999253857184062,1.0,1347.5450297800032,1000.0,1347.8740297800032,1000.0,0.04000645530101602,0.0
17346,1704605880000.0,0.0,0.0,0.35,154.03,0.0,0.0,153.93,0.9999253857184062,1.0,1347.5450297800032,1000.0,1347.5100297800032,1000.0,0.04000645530101602,0.0
17347,1704609480000.0,0.0,0.0,0.35,154.03,0.0,0.0,153.5,0.9999253857184062,1.0,1347.5450297800032,1000.0,1347.3595297800032,1000.0,0.04000645530101602,0.0
17348,1704613080000.0,0.0,0.0,0.35,154.03,0.0,0.0,152.62,0.9999253857184062,1.0,1347.5450297800032,1000.0,1347.0515297800032,1000.0,0.04000645530101602,0.0
17349,1704616680000.0,0.0,0.0,0.35,154.03,0.0,0.0,153.03,0.9999253857184062,1.0,1347.5450297800032,1000.0,1347.1950297800033,1000.0,0.04000645530101602,0.0
17350,1704620280000.0,0.0,0.0,0.35,154.03,0.0,0.0,153.63,0.9999253857184062,1.0,1347.5450297800032,1000.0,1347.4050297800031,1000.0,0.04000645530101602,0.0
17351,1704623880000.0,0.0,0.0,0.35,154.03,0.0,0.0,153.0,0.9999253857184062,1.0,1347.5450297800032,1000.0,1347.1845297800032,1000.0,0.04000645530101602,0.0
17352,1704627480000.0,0.0,0.0,0.35,154.03,0.0,0.0,153.26,0.9999253857184062,1.0,1347.5450297800032,1000.0,1347.2755297800031,1000.0,0.04000645530101602,0.0
17353,1704631080000.0,0.0,0.0,0.35,154.03,0.0,0.0,152.26,0.9999253857184062,1.0,1347.5450297800032,1000.0,1346.9255297800032,1000.0,0.04000645530101602,0.0
17354,1704634680000.0,0.0,0.0,0.35,154.03,0.0,0.0,152.79,0.9999253857184062,1.0,1347.5450297800032,1000.0,1347.1110297800033,1000.0,0.04000645530101602,0.0
17355,1704638280000.0,0.0,0.0,0.35,154.03,0.0,0.0,150.67,0.9999253857184062,1.0,1347.5450297800032,1000.0,1346.3690297800033,1000.0,0.04000645530101602,0.0
17356,1704641880000.0,0.0,0.0,0.35,154.03,0.0,0.0,150.43,0.9999253857184062,1.0,1347.5450297800032,1000.0,1346.2850297800032,1000.0,0.04000645530101602,0.0
17357,1704645480000.0,0.0,0.0,0.35,154.03,0.0,0.0,149.92,0.9999253857184062,1.0,1347.5450297800032,1000.0,1346.1065297800033,1000.0,0.04000645530101602,0.0
17358,1704649080000.0,0.0,0.0,0.35,154.03,0.0,0.0,149.33,0.9999253857184062,1.0,1347.5450297800032,1000.0,1345.9000297800033,1000.0,0.04000645530101602,0.0
17359,1704652680000.0,0.0,0.0,0.35,154.03,0.0,0.0,149.8,0.9999253857184062,1.0,1347.5450297800032,1000.0,1346.0645297800033,1000.0,0.04000645530101602,0.0
17360,1704656280000.0,0.0,0.0,0.35,154.03,0.0,0.0,148.76,0.9999253857184062,1.0,1347.5450297800032,1000.0,1345.7005297800033,1000.0,0.04000645530101602,0.0
17361,1704659880000.0,0.0,0.0,0.72,150.73083333333335,0.0,0.0,146.73,0.9999253857184062,1.0,1347.5341066400033,1000.0,1344.6535066400033,1000.0,0.08053688546006725,0.0
17362,1704663480000.0,0.0,0.0,0.72,150.73083333333335,0.0,0.0,147.87,0.9999253857184062,1.0,1347.5341066400033,1000.0,1345.4743066400033,1000.0,0.08053688546006725,0.0
17363,1704667080000.0,0.0,0.0,1.1,147.78727272727272,0.0,0.0,145.45,0.9999253857184062,1.0,1347.5232986800033,1000.0,1344.9522986800034,1000.0,0.12064058570211378,0.0
17364,1704670680000.0,0.0,0.0,1.1,147.78727272727272,0.0,0.0,145.15,0.9999253857184062,1.0,1347.5232986800033,1000.0,1344.6222986800033,1000.0,0.12064058570211378,0.0
17365,1704674280000.0,0.0,0.0,1.1,147.78727272727272,0.0,0.0,145.76,0.9999253857184062,1.0,1347.5232986800033,1000.0,1345.2932986800033,1000.0,0.12064058570211378,0.0
17366,1704677880000.0,0.0,0.0,1.1,147.78727272727272,0.0,0.0,145.0,0.9999253857184062,1.0,1347.5232986800033,1000.0,1344.4572986800033,1000.0,0.12064058570211378,0.0
17367,1704681480000.0,0.0,0.0,1.1,147.78727272727272,0.0,0.0,147.14,0.9999253857184062,1.0,1347.5232986800033,1000.0,1346.8112986800033,1000.0,0.12064058570211378,0.0
17368,1704685080000.0,0.0,0.0,1.1,147.78727272727272,0.0,0.0,144.49,0.9999253857184062,1.0,1347.5232986800033,1000.0,1343.8962986800034,1000.0,0.12064058570211378,0.0
17369,1704688680000.0,0.0,0.0,1.1,147.78727272727272,0.0,0.0,146.82,0.9999253857184062,1.0,1347.5232986800033,1000.0,1346.4592986800033,1000.0,0.12064058570211378,0.0
17370,1704692280000.0,0.0,0.0,1.1,147.78727272727272,0.0,0.0,147.88,0.9999253857184062,1.0,1347.5232986800033,1000.0,1347.6252986800034,1000.0,0.12064058570211378,0.0
17371,1704695880000.0,0.0,0.0,1.1,147.78727272727272,0.0,0.0,148.25,0.9999253857184062,1.0,1347.5232986800033,1000.0,1348.0322986800034,1000.0,0.12064058570211378,0.0
17372,1704699480000.0,0.0,0.0,1.1,147.78727272727272,0.0,0.0,148.27,0.9999253857184062,1.0,1347.5232986800033,1000.0,1348.0542986800033,1000.0,0.12064058570211378,0.0
17373,1704703080000.0,0.0,0.0,1.1,147.78727272727272,0.0,0.0,150.49,0.9999253857184062,1.0,1347.5232986800033,1000.0,1350.4962986800033,1000.0,0.12064058570211378,0.0
17374,1704706680000.0,0.0,0.0,0.16,147.78727272727272,0.0,0.0,153.06,0.9999253857184062,1.0,1351.6708430763674,1000.0,1352.5144794400037,1000.0,0.017493877120665,0.0
17375,1704710280000.0,0.0,0.0,0.06,147.78727272727272,0.0,0.0,151.21,0.9999253857184062,1.0,1352.11207120364,1000.0,1352.3174348400037,1000.0,0.0065580631609499776,0.0
17376,1704713880000.0,0.0,0.0,0.06,147.78727272727272,0.0,0.0,151.23,0.9999253857184062,1.0,1352.11207120364,1000.0,1352.3186348400036,1000.0,0.0065580631609499776,0.0
17377,1704717480000.0,0.0,0.0,0.04,147.78727272727272,0.0,0.0,152.72,0.9999253857184062,1.0,1352.2003168290944,1000.0,1352.3976259200035,1000.0,0.0043717567844928015,0.0
17378,1704721080000.0,0.0,0.0,0.03,147.78727272727272,0.0,0.0,152.3,0.9999253857184062,1.0,1352.2444396418216,1000.0,1352.3798214600033,1000.0,0.0032787106027905317,0.0
17379,1704724680000.0,0.0,0.0,0.01,147.78727272727272,0.0,0.0,153.16,0.9999253857184062,1.0,1352.332685267276,1000.0,1352.3864125400032,1000.0,0.0010928322175254082,0.0
17380,1704728280000.0,0.0,0.0,0.0,147.78727272727272,0.0,0.0,152.56,0.9999253857184062,1.0,1352.3768080800032,1000.0,1352.3768080800032,1000.0,0.0,0.0
17381,1704731880000.0,0.0,0.0,0.0,147.78727272727272,0.0,0.0,152.53,0.9999253857184062,1.0,1352.3768080800032,1000.0,1352.3768080800032,1000.0,0.0,0.0
17382,1704735480000.0,0.0,0.0,0.0,147.78727272727272,0.0,0.0,151.7,0.9999253857184062,1.0,1352.3768080800032,1000.0,1352.3768080800032,1000.0,0.0,0.0
17383,1704739080000.0,0.0,0.0,0.0,147.78727272727272,0.0,0.0,152.84,0.9999253857184062,1.0,1352.3768080800032,1000.0,1352.3768080800032,1000.0,0.0,0.0
17384,1704742680000.0,0.0,0.0,0.0,147.78727272727272,0.0,0.0,152.64,0.9999253857184062,1.0,1352.3768080800032,1000.0,1352.3768080800032,1000.0,0.0,0.0
17385,1704746280000.0,0.0,0.0,0.0,147.78727272727272,0.0,0.0,152.83,0.9999253857184062,1.0,1352.3768080800032,1000.0,1352.3768080800032,1000.0,0.0,0.0
17386,1704749880000.0,0.0,0.0,0.0,147.78727272727272,0.0,0.0,149.03,0.9999253857184062,1.0,1352.3768080800032,1000.0,1352.3768080800032,1000.0,0.0,0.0
17387,1704753480000.0,0.0,0.0,0.37,146.09,0.0,0.0,147.09,0.9999253857184062,1.0,1352.3659974200032,1000.0,1352.735997420003,1000.0,0.03996943142841583,0.0
17388,1704757080000.0,0.0,0.0,0.37,146.09,0.0,0.0,148.1,0.9999253857184062,1.0,1352.3659974200032,1000.0,1353.1096974200032,1000.0,0.03996943142841583,0.0
17389,1704760680000.0,0.0,0.0,0.37,146.09,0.0,0.0,144.61,0.9999253857184062,1.0,1352.3659974200032,1000.0,1351.818397420003,1000.0,0.03996943142841583,0.0
17390,1704764280000.0,0.0,0.0,0.37,146.09,0.0,0.0,146.41,0.9999253857184062,1.0,1352.3659974200032,1000.0,1352.4843974200032,1000.0,0.03996943142841583,0.0
17391,1704767880000.0,0.0,0.0,0.37,146.09,0.0,0.0,148.02,0.9999253857184062,1.0,1352.3659974200032,1000.0,1353.080097420003,1000.0,0.03996943142841583,0.0
17392,1704771480000.0,0.0,0.0,0.37,146.09,0.0,0.0,147.14,0.9999253857184062,1.0,1352.3659974200032,1000.0,1352.7544974200032,1000.0,0.03996943142841583,0.0
17393,1704775080000.0,0.0,0.0,0.37,146.09,0.0,0.0,147.25,0.9999253857184062,1.0,1352.3659974200032,1000.0,1352.7951974200032,1000.0,0.03996943142841583,0.0
17394,1704778680000.0,0.0,0.0,0.37,146.09,0.0,0.0,145.92,0.9999253857184062,1.0,1352.3659974200032,1000.0,1352.3030974200033,1000.0,0.03996943142841583,0.0
17395,1704782280000.0,0.0,0.0,0.37,146.09,0.0,0.0,147.28,0.9999253857184062,1.0,1352.3659974200032,1000.0,1352.8062974200031,1000.0,0.03996943142841583,0.0
17396,1704785880000.0,0.0,0.0,0.37,146.09,0.0,0.0,147.85,0.9999253857184062,1.0,1352.3659974200032,1000.0,1353.0171974200032,1000.0,0.03996943142841583,0.0
17397,1704789480000.0,0.0,0.0,0.37,146.09,0.0,0.0,147.68,0.9999253857184062,1.0,1352.3659974200032,1000.0,1352.954297420003,1000.0,0.03996943142841583,0.0
17398,1704793080000.0,0.0,0.0,0.37,146.09,0.0,0.0,147.58,0.9999253857184062,1.0,1352.3659974200032,1000.0,1352.9172974200033,1000.0,0.03996943142841583,0.0
17399,1704796680000.0,0.0,0.0,0.37,146.09,0.0,0.0,147.84,0.9999253857184062,1.0,1352.3659974200032,1000.0,1353.0134974200032,1000.0,0.03996943142841583,0.0
17400,1704800280000.0,0.0,0.0,0.37,146.09,0.0,0.0,147.27,0.9999253857184062,1.0,1352.3659974200032,1000.0,1352.8025974200032,1000.0,0.03996943142841583,0.0
17401,1704803880000.0,0.0,0.0,0.37,146.09,0.0,0.0,147.29,0.9999253857184062,1.0,1352.3659974200032,1000.0,1352.8099974200031,1000.0,0.03996943142841583,0.0
17402,1704807480000.0,0.0,0.0,0.37,146.09,0.0,0.0,147.37,0.9999253857184062,1.0,1352.3659974200032,1000.0,1352.8395974200032,1000.0,0.03996943142841583,0.0
17403,1704811080000.0,0.0,0.0,0.37,146.09,0.0,0.0,146.77,0.9999253857184062,1.0,1352.3659974200032,1000.0,1352.6175974200032,1000.0,0.03996943142841583,0.0
17404,1704814680000.0,0.0,0.0,0.37,146.09,0.0,0.0,145.57,0.9999253857184062,1.0,1352.3659974200032,1000.0,1352.1735974200033,1000.0,0.03996943142841583,0.0
17405,1704818280000.0,0.0,0.0,0.37,146.09,0.0,0.0,145.83,0.9999253857184062,1.0,1352.3659974200032,1000.0,1352.2697974200032,1000.0,0.03996943142841583,0.0
17406,1704821880000.0,0.0,0.0,0.37,146.09,0.0,0.0,146.01,0.9999253857184062,1.0,1352.3659974200032,1000.0,1352.336397420003,1000.0,0.03996943142841583,0.0
17407,1704825480000.0,0.0,0.0,0.37,146.09,0.0,0.0,147.2,0.9999253857184062,1.0,1352.3659974200032,1000.0,1352.776697420003,1000.0,0.03996943142841583,0.0
17408,1704829080000.0,0.0,0.0,0.37,146.09,0.0,0.0,146.8,0.9999253857184062,1.0,1352.3659974200032,1000.0,1352.6286974200032,1000.0,0.03996943142841583,0.0
17409,1704832680000.0,0.0,0.0,0.37,146.09,0.0,0.0,143.53,0.9999253857184062,1.0,1352.3659974200032,1000.0,1351.418797420003,1000.0,0.03996943142841583,0.0
17410,1704836280000.0,0.0,0.0,0.37,146.09,0.0,0.0,144.29,0.9999253857184062,1.0,1352.3659974200032,1000.0,1351.6999974200032,1000.0,0.03996943142841583,0.0
17411,1704839880000.0,0.0,0.0,0.37,146.09,0.0,0.0,145.31,0.9999253857184062,1.0,1352.3659974200032,1000.0,1352.077397420003,1000.0,0.03996943142841583,0.0
17412,1704843480000.0,0.0,0.0,0.37,146.09,0.0,0.0,144.49,0.9999253857184062,1.0,1352.3659974200032,1000.0,1351.773997420003,1000.0,0.03996943142841583,0.0
17413,1704847080000.0,0.0,0.0,0.37,146.09,0.0,0.0,144.52,0.9999253857184062,1.0,1352.3659974200032,1000.0,1351.7850974200032,1000.0,0.03996943142841583,0.0
17414,1704850680000.0,0.0,0.0,0.37,146.09,0.0,0.0,145.65,0.9999253857184062,1.0,1352.3659974200032,1000.0,1352.203197420003,1000.0,0.03996943142841583,0.0
17415,1704854280000.0,0.0,0.0,0.37,146.09,0.0,0.0,146.83,0.9999253857184062,1.0,1352.3659974200032,1000.0,1352.639797420003,1000.0,0.03996943142841583,0.0
17416,1704857880000.0,0.0,0.0,0.37,146.09,0.0,0.0,146.6,0.9999253857184062,1.0,1352.3659974200032,1000.0,1352.554697420003,1000.0,0.03996943142841583,0.0
17417,1704861480000.0,0.0,0.0,0.37,146.09,0.0,0.0,146.67,0.9999253857184062,1.0,1352.3659974200032,1000.0,1352.5805974200032,1000.0,0.03996943142841583,0.0
17418,1704865080000.0,0.0,0.0,0.37,146.09,0.0,0.0,147.11,0.9999253857184062,1.0,1352.3659974200032,1000.0,1352.7433974200032,1000.0,0.03996943142841583,0.0
17419,1704868680000.0,0.0,0.0,0.37,146.09,0.0,0.0,147.18,0.9999253857184062,1.0,1352.3659974200032,1000.0,1352.769297420003,1000.0,0.03996943142841583,0.0
17420,1704872280000.0,0.0,0.0,0.37,146.09,0.0,0.0,147.82,0.9999253857184062,1.0,1352.3659974200032,1000.0,1353.0060974200032,1000.0,0.03996943142841583,0.0
17421,1704875880000.0,0.0,0.0,0.37,146.09,0.0,0.0,146.58,0.9999253857184062,1.0,1352.3659974200032,1000.0,1352.5472974200031,1000.0,0.03996943142841583,0.0
17422,1704879480000.0,0.0,0.0,0.37,146.09,0.0,0.0,148.22,0.9999253857184062,1.0,1352.3659974200032,1000.0,1353.1540974200032,1000.0,0.03996943142841583,0.0
17423,1704883080000.0,0.0,0.0,0.37,146.09,0.0,0.0,148.29,0.9999253857184062,1.0,1352.3659974200032,1000.0,1353.1799974200032,1000.0,0.03996943142841583,0.0
17424,1704886680000.0,0.0,0.0,0.37,146.09,0.0,0.0,149.28,0.9999253857184062,1.0,1352.3659974200032,1000.0,1353.5462974200032,1000.0,0.03996943142841583,0.0
17425,1704890280000.0,0.0,0.0,0.25,146.09,0.0,0.0,149.32,0.9999253857184062,1.0,1352.8891859000032,1000.0,1353.696685900003,1000.0,0.026995928698848738,0.0
17426,1704893880000.0,0.0,0.0,0.25,146.09,0.0,0.0,147.2,0.9999253857184062,1.0,1352.8891859000032,1000.0,1353.1666859000031,1000.0,0.026995928698848738,0.0
17427,1704897480000.0,0.0,0.0,0.25,146.09,0.0,0.0,146.71,0.9999253857184062,1.0,1352.8891859000032,1000.0,1353.0441859000032,1000.0,0.026995928698848738,0.0
17428,1704901080000.0,0.0,0.0,0.25,146.09,0.0,0.0,149.33,0.9999253857184062,1.0,1352.8891859000032,1000.0,1353.6991859000032,1000.0,0.026995928698848738,0.0
17429,1704904680000.0,0.0,0.0,0.25,146.09,0.0,0.0,148.94,0.9999253857184062,1.0,1352.8891859000032,1000.0,1353.6016859000033,1000.0,0.026995928698848738,0.0
17430,1704908280000.0,0.0,0.0,0.25,146.09,0.0,0.0,147.85,0.9999253857184062,1.0,1352.8891859000032,1000.0,1353.3291859000033,1000.0,0.026995928698848738,0.0
17431,1704911880000.0,0.0,0.0,0.25,146.09,0.0,0.0,148.32,0.9999253857184062,1.0,1352.8891859000032,1000.0,1353.446685900003,1000.0,0.026995928698848738,0.0
17432,1704915480000.0,0.0,0.0,0.25,146.09,0.0,0.0,147.84,0.9999253857184062,1.0,1352.8891859000032,1000.0,1353.3266859000032,1000.0,0.026995928698848738,0.0
17433,1704919080000.0,0.0,0.0,0.25,146.09,0.0,0.0,147.37,0.9999253857184062,1.0,1352.8891859000032,1000.0,1353.2091859000031,1000.0,0.026995928698848738,0.0
17434,1704922680000.0,0.0,0.0,0.25,146.09,0.0,0.0,148.91,0.9999253857184062,1.0,1352.8891859000032,1000.0,1353.5941859000031,1000.0,0.026995928698848738,0.0
17435,1704926280000.0,0.0,0.0,0.03,146.09,0.0,0.0,150.93,0.9999253857184062,1.0,1353.848364780003,1000.0,1353.993564780003,1000.0,0.0032372163042883885,0.0
17436,1704929880000.0,0.0,0.0,0.0,146.09,0.0,0.0,149.5,0.9999253857184062,1.0,1353.9791619000027,1000.0,1353.9791619000027,1000.0,0.0,0.0
17437,1704933480000.0,0.0,0.0,0.0,146.09,0.0,0.0,150.06,0.9999253857184062,1.0,1353.9791619000027,1000.0,1353.9791619000027,1000.0,0.0,0.0
17438,1704937080000.0,0.0,0.0,0.0,146.09,0.0,0.0,149.5,0.9999253857184062,1.0,1353.9791619000027,1000.0,1353.9791619000027,1000.0,0.0,0.0
17439,1704940680000.0,0.0,0.0,0.0,146.09,0.0,0.0,150.38,0.9999253857184062,1.0,1353.9791619000027,1000.0,1353.9791619000027,1000.0,0.0,0.0
17440,1704944280000.0,0.0,0.0,0.0,146.09,0.0,0.0,149.81,0.9999253857184062,1.0,1353.9791619000027,1000.0,1353.9791619000027,1000.0,0.0,0.0
17441,1704947880000.0,0.0,0.0,0.0,146.09,0.0,0.0,150.91,0.9999253857184062,1.0,1353.9791619000027,1000.0,1353.9791619000027,1000.0,0.0,0.0
17442,1704951480000.0,0.0,0.0,0.0,146.09,0.0,0.0,152.11,0.9999253857184062,1.0,1353.9791619000027,1000.0,1353.9791619000027,1000.0,0.0,0.0
17443,1704955080000.0,0.0,0.0,0.0,146.09,0.0,0.0,151.84,0.9999253857184062,1.0,1353.9791619000027,1000.0,1353.9791619000027,1000.0,0.0,0.0
17444,1704958680000.0,0.0,0.0,0.0,146.09,0.0,0.0,152.38,0.9999253857184062,1.0,1353.9791619000027,1000.0,1353.9791619000027,1000.0,0.0,0.0
17445,1704962280000.0,0.0,0.0,0.0,146.09,0.0,0.0,153.07,0.9999253857184062,1.0,1353.9791619000027,1000.0,1353.9791619000027,1000.0,0.0,0.0
17446,1704965880000.0,0.0,0.0,0.0,146.09,0.0,0.0,153.69,0.9999253857184062,1.0,1353.9791619000027,1000.0,1353.9791619000027,1000.0,0.0,0.0
17447,1704969480000.0,0.0,0.0,0.0,146.09,0.0,0.0,154.26,0.9999253857184062,1.0,1353.9791619000027,1000.0,1353.9791619000027,1000.0,0.0,0.0
17448,1704973080000.0,0.0,0.0,0.0,146.09,0.0,0.0,153.43,0.9999253857184062,1.0,1353.9791619000027,1000.0,1353.9791619000027,1000.0,0.0,0.0
17449,1704976680000.0,0.0,0.0,0.0,146.09,0.0,0.0,153.2,0.9999253857184062,1.0,1353.9791619000027,1000.0,1353.9791619000027,1000.0,0.0,0.0
17450,1704980280000.0,0.0,0.0,0.0,146.09,0.0,0.0,152.02,0.9999253857184062,1.0,1353.9791619000027,1000.0,1353.9791619000027,1000.0,0.0,0.0
17451,1704983880000.0,0.0,0.0,0.0,146.09,0.0,0.0,152.88,0.9999253857184062,1.0,1353.9791619000027,1000.0,1353.9791619000027,1000.0,0.0,0.0
17452,1704987480000.0,0.0,0.0,0.0,146.09,0.0,0.0,153.09,0.9999253857184062,1.0,1353.9791619000027,1000.0,1353.9791619000027,1000.0,0.0,0.0
17453,1704991080000.0,0.0,0.0,0.0,146.09,0.0,0.0,149.67,0.9999253857184062,1.0,1353.9791619000027,1000.0,1353.9791619000027,1000.0,0.0,0.0
17454,1704994680000.0,0.0,0.0,0.0,146.09,0.0,0.0,150.4,0.9999253857184062,1.0,1353.9791619000027,1000.0,1353.9791619000027,1000.0,0.0,0.0
17455,1704998280000.0,0.0,0.0,0.0,146.09,0.0,0.0,152.5,0.9999253857184062,1.0,1353.9791619000027,1000.0,1353.9791619000027,1000.0,0.0,0.0
17456,1705001880000.0,0.0,0.0,0.0,146.09,0.0,0.0,152.72,0.9999253857184062,1.0,1353.9791619000027,1000.0,1353.9791619000027,1000.0,0.0,0.0
17457,1705005480000.0,0.0,0.0,0.0,146.09,0.0,0.0,151.57,0.9999253857184062,1.0,1353.9791619000027,1000.0,1353.9791619000027,1000.0,0.0,0.0
17458,1705009080000.0,0.0,0.0,0.0,146.09,0.0,0.0,151.25,0.9999253857184062,1.0,1353.9791619000027,1000.0,1353.9791619000027,1000.0,0.0,0.0
17459,1705012680000.0,0.0,0.0,0.0,146.09,0.0,0.0,151.57,0.9999253857184062,1.0,1353.9791619000027,1000.0,1353.9791619000027,1000.0,0.0,0.0
17460,1705016280000.0,0.0,0.0,0.0,146.09,0.0,0.0,152.84,0.9999253857184062,1.0,1353.9791619000027,1000.0,1353.9791619000027,1000.0,0.0,0.0
17461,1705019880000.0,0.0,0.0,0.0,146.09,0.0,0.0,152.75,0.9999253857184062,1.0,1353.9791619000027,1000.0,1353.9791619000027,1000.0,0.0,0.0
17462,1705023480000.0,0.0,0.0,0.0,146.09,0.0,0.0,154.19,0.9999253857184062,1.0,1353.9791619000027,1000.0,1353.9791619000027,1000.0,0.0,0.0
17463,1705027080000.0,0.0,0.0,0.0,146.09,0.0,0.0,156.14,0.9999253857184062,1.0,1353.9791619000027,1000.0,1353.9791619000027,1000.0,0.0,0.0
17464,1705030680000.0,0.0,0.0,0.0,146.09,0.0,0.0,156.26,0.9999253857184062,1.0,1353.9791619000027,1000.0,1353.9791619000027,1000.0,0.0,0.0
17465,1705034280000.0,0.0,0.0,0.0,146.09,0.0,0.0,156.09,0.9999253857184062,1.0,1353.9791619000027,1000.0,1353.9791619000027,1000.0,0.0,0.0
17466,1705037880000.0,0.0,0.0,0.0,146.09,0.0,0.0,156.86,0.9999253857184062,1.0,1353.9791619000027,1000.0,1353.9791619000027,1000.0,0.0,0.0
17467,1705041480000.0,0.0,0.0,0.0,146.09,0.0,0.0,160.05,0.9999253857184062,1.0,1353.9791619000027,1000.0,1353.9791619000027,1000.0,0.0,0.0
17468,1705045080000.0,0.0,0.0,0.0,146.09,0.0,0.0,160.55,0.9999253857184062,1.0,1353.9791619000027,1000.0,1353.9791619000027,1000.0,0.0,0.0
17469,1705048680000.0,0.0,0.0,0.0,146.09,0.0,0.0,158.13,0.9999253857184062,1.0,1353.9791619000027,1000.0,1353.9791619000027,1000.0,0.0,0.0
17470,1705052280000.0,0.0,0.0,0.0,146.09,0.0,0.0,157.55,0.9999253857184062,1.0,1353.9791619000027,1000.0,1353.9791619000027,1000.0,0.0,0.0
17471,1705055880000.0,0.0,0.0,0.0,146.09,0.0,0.0,156.99,0.9999253857184062,1.0,1353.9791619000027,1000.0,1353.9791619000027,1000.0,0.0,0.0
17472,1705059480000.0,0.0,0.0,0.0,146.09,0.0,0.0,157.09,0.9999253857184062,1.0,1353.9791619000027,1000.0,1353.9791619000027,1000.0,0.0,0.0
17473,1705063080000.0,0.0,0.0,0.0,146.09,0.0,0.0,156.43,0.9999253857184062,1.0,1353.9791619000027,1000.0,1353.9791619000027,1000.0,0.0,0.0
17474,1705066680000.0,0.0,0.0,0.0,146.09,0.0,0.0,156.47,0.9999253857184062,1.0,1353.9791619000027,1000.0,1353.9791619000027,1000.0,0.0,0.0
17475,1705070280000.0,0.0,0.0,0.0,146.09,0.0,0.0,155.54,0.9999253857184062,1.0,1353.9791619000027,1000.0,1353.9791619000027,1000.0,0.0,0.0
17476,1705073880000.0,0.0,0.0,0.0,146.09,0.0,0.0,153.19,0.9999253857184062,1.0,1353.9791619000027,1000.0,1353.9791619000027,1000.0,0.0,0.0
17477,1705077480000.0,0.0,0.0,0.0,146.09,0.0,0.0,153.46,0.9999253857184062,1.0,1353.9791619000027,1000.0,1353.9791619000027,1000.0,0.0,0.0
17478,1705081080000.0,0.0,0.0,0.0,146.09,0.0,0.0,152.37,0.9999253857184062,1.0,1353.9791619000027,1000.0,1353.9791619000027,1000.0,0.0,0.0
17479,1705084680000.0,0.0,0.0,0.0,146.09,0.0,0.0,152.66,0.9999253857184062,1.0,1353.9791619000027,1000.0,1353.9791619000027,1000.0,0.0,0.0
17480,1705088280000.0,0.0,0.0,0.0,146.09,0.0,0.0,153.33,0.9999253857184062,1.0,1353.9791619000027,1000.0,1353.9791619000027,1000.0,0.0,0.0
17481,1705091880000.0,0.0,0.0,0.0,146.09,0.0,0.0,154.03,0.9999253857184062,1.0,1353.9791619000027,1000.0,1353.9791619000027,1000.0,0.0,0.0
17482,1705095480000.0,0.0,0.0,0.0,146.09,0.0,0.0,151.46,0.9999253857184062,1.0,1353.9791619000027,1000.0,1353.9791619000027,1000.0,0.0,0.0
17483,1705099080000.0,0.0,0.0,0.0,146.09,0.0,0.0,150.3,0.9999253857184062,1.0,1353.9791619000027,1000.0,1353.9791619000027,1000.0,0.0,0.0
17484,1705102680000.0,0.0,0.0,0.36,149.16,0.0,0.0,151.46,0.9999253857184062,1.0,1353.9684223800027,1000.0,1354.7964223800027,1000.0,0.03965941827920216,0.0
17485,1705106280000.0,0.0,0.0,0.36,149.16,0.0,0.0,150.91,0.9999253857184062,1.0,1353.9684223800027,1000.0,1354.5984223800028,1000.0,0.03965941827920216,0.0
17486,1705109880000.0,0.0,0.0,0.36,149.16,0.0,0.0,149.8,0.9999253857184062,1.0,1353.9684223800027,1000.0,1354.1988223800026,1000.0,0.03965941827920216,0.0
17487,1705113480000.0,0.0,0.0,0.36,149.16,0.0,0.0,150.09,0.9999253857184062,1.0,1353.9684223800027,1000.0,1354.3032223800028,1000.0,0.03965941827920216,0.0
17488,1705117080000.0,0.0,0.0,0.36,149.16,0.0,0.0,150.57,0.9999253857184062,1.0,1353.9684223800027,1000.0,1354.4760223800026,1000.0,0.03965941827920216,0.0
17489,1705120680000.0,0.0,0.0,0.36,149.16,0.0,0.0,150.68,0.9999253857184062,1.0,1353.9684223800027,1000.0,1354.5156223800027,1000.0,0.03965941827920216,0.0
17490,1705124280000.0,0.0,0.0,0.36,149.16,0.0,0.0,152.95,0.9999253857184062,1.0,1353.9684223800027,1000.0,1355.3328223800027,1000.0,0.03965941827920216,0.0
17491,1705127880000.0,0.0,0.0,0.24,149.16,0.0,0.0,155.87,0.9999253857184062,1.0,1354.5023350200029,1000.0,1356.112735020003,1000.0,0.02642919031916718,0.0
17492,1705131480000.0,0.0,0.0,0.24,149.16,0.0,0.0,154.18,0.9999253857184062,1.0,1354.5023350200029,1000.0,1355.7071350200029,1000.0,0.02642919031916718,0.0
17493,1705135080000.0,0.0,0.0,0.24,149.16,0.0,0.0,154.82,0.9999253857184062,1.0,1354.5023350200029,1000.0,1355.860735020003,1000.0,0.02642919031916718,0.0
17494,1705138680000.0,0.0,0.0,0.24,149.16,0.0,0.0,153.27,0.9999253857184062,1.0,1354.5023350200029,1000.0,1355.4887350200029,1000.0,0.02642919031916718,0.0
17495,1705142280000.0,0.0,0.0,0.24,149.16,0.0,0.0,152.53,0.9999253857184062,1.0,1354.5023350200029,1000.0,1355.311135020003,1000.0,0.02642919031916718,0.0
17496,1705145880000.0,0.0,0.0,0.24,149.16,0.0,0.0,152.67,0.9999253857184062,1.0,1354.5023350200029,1000.0,1355.3447350200029,1000.0,0.02642919031916718,0.0
17497,1705149480000.0,0.0,0.0,0.24,149.16,0.0,0.0,152.93,0.9999253857184062,1.0,1354.5023350200029,1000.0,1355.407135020003,1000.0,0.02642919031916718,0.0
17498,1705153080000.0,0.0,0.0,0.24,149.16,0.0,0.0,152.94,0.9999253857184062,1.0,1354.5023350200029,1000.0,1355.409535020003,1000.0,0.02642919031916718,0.0
17499,1705156680000.0,0.0,0.0,0.24,149.16,0.0,0.0,152.9,0.9999253857184062,1.0,1354.5023350200029,1000.0,1355.3999350200029,1000.0,0.02642919031916718,0.0
17500,1705160280000.0,0.0,0.0,0.11,149.16,0.0,0.0,153.5,0.9999253857184062,1.0,1355.080740380003,1000.0,1355.558140380003,1000.0,0.012108208397529761,0.0
17501,1705163880000.0,0.0,0.0,0.02,149.16,0.0,0.0,153.79,0.9999253857184062,1.0,1355.4811748600025,1000.0,1355.5737748600025,1000.0,0.002200842073891666,0.0
17502,1705167480000.0,0.0,0.0,0.01,149.16,0.0,0.0,154.14,0.9999253857184062,1.0,1355.5256675800024,1000.0,1355.5754675800024,1000.0,0.0011003849175817738,0.0
17503,1705171080000.0,0.0,0.0,0.0,149.16,0.0,0.0,154.72,0.9999253857184062,1.0,1355.5701603000023,1000.0,1355.5701603000023,1000.0,0.0,0.0
17504,1705174680000.0,0.0,0.0,0.0,149.16,0.0,0.0,155.27,0.9999253857184062,1.0,1355.5701603000023,1000.0,1355.5701603000023,1000.0,0.0,0.0
17505,1705178280000.0,0.0,0.0,0.0,149.16,0.0,0.0,155.05,0.9999253857184062,1.0,1355.5701603000023,1000.0,1355.5701603000023,1000.0,0.0,0.0
17506,1705181880000.0,0.0,0.0,0.0,149.16,0.0,0.0,155.54,0.9999253857184062,1.0,1355.5701603000023,1000.0,1355.5701603000023,1000.0,0.0,0.0
17507,1705185480000.0,0.0,0.0,0.0,149.16,0.0,0.0,155.94,0.9999253857184062,1.0,1355.5701603000023,1000.0,1355.5701603000023,1000.0,0.0,0.0
17508,1705189080000.0,0.0,0.0,0.0,149.16,0.0,0.0,155.6,0.9999253857184062,1.0,1355.5701603000023,1000.0,1355.5701603000023,1000.0,0.0,0.0
17509,1705192680000.0,0.0,0.0,0.0,149.16,0.0,0.0,155.37,0.9999253857184062,1.0,1355.5701603000023,1000.0,1355.5701603000023,1000.0,0.0,0.0
17510,1705196280000.0,0.0,0.0,0.0,149.16,0.0,0.0,155.96,0.9999253857184062,1.0,1355.5701603000023,1000.0,1355.5701603000023,1000.0,0.0,0.0
17511,1705199880000.0,0.0,0.0,0.0,149.16,0.0,0.0,156.68,0.9999253857184062,1.0,1355.5701603000023,1000.0,1355.5701603000023,1000.0,0.0,0.0
17512,1705203480000.0,0.0,0.0,0.0,149.16,0.0,0.0,155.89,0.9999253857184062,1.0,1355.5701603000023,1000.0,1355.5701603000023,1000.0,0.0,0.0
17513,1705207080000.0,0.0,0.0,0.0,149.16,0.0,0.0,155.75,0.9999253857184062,1.0,1355.5701603000023,1000.0,1355.5701603000023,1000.0,0.0,0.0
17514,1705210680000.0,0.0,0.0,0.0,149.16,0.0,0.0,157.21,0.9999253857184062,1.0,1355.5701603000023,1000.0,1355.5701603000023,1000.0,0.0,0.0
17515,1705214280000.0,0.0,0.0,0.0,149.16,0.0,0.0,158.76,0.9999253857184062,1.0,1355.5701603000023,1000.0,1355.5701603000023,1000.0,0.0,0.0
17516,1705217880000.0,0.0,0.0,0.0,149.16,0.0,0.0,159.45,0.9999253857184062,1.0,1355.5701603000023,1000.0,1355.5701603000023,1000.0,0.0,0.0
17517,1705221480000.0,0.0,0.0,0.0,149.16,0.0,0.0,158.6,0.9999253857184062,1.0,1355.5701603000023,1000.0,1355.5701603000023,1000.0,0.0,0.0
17518,1705225080000.0,0.0,0.0,0.0,149.16,0.0,0.0,158.65,0.9999253857184062,1.0,1355.5701603000023,1000.0,1355.5701603000023,1000.0,0.0,0.0
17519,1705228680000.0,0.0,0.0,0.0,149.16,0.0,0.0,158.91,0.9999253857184062,1.0,1355.5701603000023,1000.0,1355.5701603000023,1000.0,0.0,0.0
17520,1705232280000.0,0.0,0.0,0.0,149.16,0.0,0.0,158.48,0.9999253857184062,1.0,1355.5701603000023,1000.0,1355.5701603000023,1000.0,0.0,0.0
17521,1705235880000.0,0.0,0.0,0.0,149.16,0.0,0.0,157.57,0.9999253857184062,1.0,1355.5701603000023,1000.0,1355.5701603000023,1000.0,0.0,0.0
17522,1705239480000.0,0.0,0.0,0.0,149.16,0.0,0.0,157.59,0.9999253857184062,1.0,1355.5701603000023,1000.0,1355.5701603000023,1000.0,0.0,0.0
17523,1705243080000.0,0.0,0.0,0.0,149.16,0.0,0.0,157.49,0.9999253857184062,1.0,1355.5701603000023,1000.0,1355.5701603000023,1000.0,0.0,0.0
17524,1705246680000.0,0.0,0.0,0.0,149.16,0.0,0.0,158.13,0.9999253857184062,1.0,1355.5701603000023,1000.0,1355.5701603000023,1000.0,0.0,0.0
17525,1705250280000.0,0.0,0.0,0.0,149.16,0.0,0.0,157.99,0.9999253857184062,1.0,1355.5701603000023,1000.0,1355.5701603000023,1000.0,0.0,0.0
17526,1705253880000.0,0.0,0.0,0.0,149.16,0.0,0.0,159.05,0.9999253857184062,1.0,1355.5701603000023,1000.0,1355.5701603000023,1000.0,0.0,0.0
17527,1705257480000.0,0.0,0.0,0.0,149.16,0.0,0.0,158.51,0.9999253857184062,1.0,1355.5701603000023,1000.0,1355.5701603000023,1000.0,0.0,0.0
17528,1705261080000.0,0.0,0.0,0.0,149.16,0.0,0.0,156.53,0.9999253857184062,1.0,1355.5701603000023,1000.0,1355.5701603000023,1000.0,0.0,0.0
17529,1705264680000.0,0.0,0.0,0.0,149.16,0.0,0.0,156.24,0.9999253857184062,1.0,1355.5701603000023,1000.0,1355.5701603000023,1000.0,0.0,0.0
17530,1705268280000.0,0.0,0.0,0.0,149.16,0.0,0.0,154.65,0.9999253857184062,1.0,1355.5701603000023,1000.0,1355.5701603000023,1000.0,0.0,0.0
17531,1705271880000.0,0.0,0.0,0.0,149.16,0.0,0.0,155.46,0.9999253857184062,1.0,1355.5701603000023,1000.0,1355.5701603000023,1000.0,0.0,0.0
17532,1705275480000.0,0.0,0.0,0.0,149.16,0.0,0.0,153.82,0.9999253857184062,1.0,1355.5701603000023,1000.0,1355.5701603000023,1000.0,0.0,0.0
17533,1705279080000.0,0.0,0.0,0.0,149.16,0.0,0.0,153.68,0.9999253857184062,1.0,1355.5701603000023,1000.0,1355.5701603000023,1000.0,0.0,0.0
17534,1705282680000.0,0.0,0.0,0.0,149.16,0.0,0.0,154.74,0.9999253857184062,1.0,1355.5701603000023,1000.0,1355.5701603000023,1000.0,0.0,0.0
17535,1705286280000.0,0.0,0.0,0.0,149.16,0.0,0.0,154.39,0.9999253857184062,1.0,1355.5701603000023,1000.0,1355.5701603000023,1000.0,0.0,0.0
17536,1705289880000.0,0.0,0.0,0.0,149.16,0.0,0.0,154.0,0.9999253857184062,1.0,1355.5701603000023,1000.0,1355.5701603000023,1000.0,0.0,0.0
17537,1705293480000.0,0.0,0.0,0.0,149.16,0.0,0.0,155.19,0.9999253857184062,1.0,1355.5701603000023,1000.0,1355.5701603000023,1000.0,0.0,0.0
17538,1705297080000.0,0.0,0.0,0.0,149.16,0.0,0.0,155.6,0.9999253857184062,1.0,1355.5701603000023,1000.0,1355.5701603000023,1000.0,0.0,0.0
17539,1705300680000.0,0.0,0.0,0.0,149.16,0.0,0.0,155.66,0.9999253857184062,1.0,1355.5701603000023,1000.0,1355.5701603000023,1000.0,0.0,0.0
17540,1705304280000.0,0.0,0.0,0.0,149.16,0.0,0.0,155.95,0.9999253857184062,1.0,1355.5701603000023,1000.0,1355.5701603000023,1000.0,0.0,0.0
17541,1705307880000.0,0.0,0.0,0.0,149.16,0.0,0.0,157.08,0.9999253857184062,1.0,1355.5701603000023,1000.0,1355.5701603000023,1000.0,0.0,0.0
17542,1705311480000.0,0.0,0.0,0.0,149.16,0.0,0.0,156.61,0.9999253857184062,1.0,1355.5701603000023,1000.0,1355.5701603000023,1000.0,0.0,0.0
17543,1705315080000.0,0.0,0.0,0.0,149.16,0.0,0.0,156.0,0.9999253857184062,1.0,1355.5701603000023,1000.0,1355.5701603000023,1000.0,0.0,0.0
17544,1705318680000.0,0.0,0.0,0.0,149.16,0.0,0.0,155.45,0.9999253857184062,1.0,1355.5701603000023,1000.0,1355.5701603000023,1000.0,0.0,0.0
17545,1705322280000.0,0.0,0.0,0.0,149.16,0.0,0.0,155.94,0.9999253857184062,1.0,1355.5701603000023,1000.0,1355.5701603000023,1000.0,0.0,0.0
17546,1705325880000.0,0.0,0.0,0.0,149.16,0.0,0.0,156.38,0.9999253857184062,1.0,1355.5701603000023,1000.0,1355.5701603000023,1000.0,0.0,0.0
17547,1705329480000.0,0.0,0.0,0.0,149.16,0.0,0.0,154.98,0.9999253857184062,1.0,1355.5701603000023,1000.0,1355.5701603000023,1000.0,0.0,0.0
17548,1705333080000.0,0.0,0.0,0.0,149.16,0.0,0.0,155.74,0.9999253857184062,1.0,1355.5701603000023,1000.0,1355.5701603000023,1000.0,0.0,0.0
17549,1705336680000.0,0.0,0.0,0.0,149.16,0.0,0.0,155.5,0.9999253857184062,1.0,1355.5701603000023,1000.0,1355.5701603000023,1000.0,0.0,0.0
17550,1705340280000.0,0.0,0.0,0.0,149.16,0.0,0.0,155.8,0.9999253857184062,1.0,1355.5701603000023,1000.0,1355.5701603000023,1000.0,0.0,0.0
17551,1705343880000.0,0.0,0.0,0.0,149.16,0.0,0.0,155.84,0.9999253857184062,1.0,1355.5701603000023,1000.0,1355.5701603000023,1000.0,0.0,0.0
17552,1705347480000.0,0.0,0.0,0.0,149.16,0.0,0.0,153.98,0.9999253857184062,1.0,1355.5701603000023,1000.0,1355.5701603000023,1000.0,0.0,0.0
17553,1705351080000.0,0.0,0.0,0.0,149.16,0.0,0.0,154.8,0.9999253857184062,1.0,1355.5701603000023,1000.0,1355.5701603000023,1000.0,0.0,0.0
17554,1705354680000.0,0.0,0.0,0.0,149.16,0.0,0.0,156.39,0.9999253857184062,1.0,1355.5701603000023,1000.0,1355.5701603000023,1000.0,0.0,0.0
17555,1705358280000.0,0.0,0.0,0.0,149.16,0.0,0.0,155.59,0.9999253857184062,1.0,1355.5701603000023,1000.0,1355.5701603000023,1000.0,0.0,0.0
17556,1705361880000.0,0.0,0.0,0.0,149.16,0.0,0.0,156.89,0.9999253857184062,1.0,1355.5701603000023,1000.0,1355.5701603000023,1000.0,0.0,0.0
17557,1705365480000.0,0.0,0.0,0.0,149.16,0.0,0.0,158.59,0.9999253857184062,1.0,1355.5701603000023,1000.0,1355.5701603000023,1000.0,0.0,0.0
17558,1705369080000.0,0.0,0.0,0.0,149.16,0.0,0.0,157.97,0.9999253857184062,1.0,1355.5701603000023,1000.0,1355.5701603000023,1000.0,0.0,0.0
17559,1705372680000.0,0.0,0.0,0.0,149.16,0.0,0.0,158.0,0.9999253857184062,1.0,1355.5701603000023,1000.0,1355.5701603000023,1000.0,0.0,0.0
17560,1705376280000.0,0.0,0.0,0.0,149.16,0.0,0.0,157.9,0.9999253857184062,1.0,1355.5701603000023,1000.0,1355.5701603000023,1000.0,0.0,0.0
17561,1705379880000.0,0.0,0.0,0.0,149.16,0.0,0.0,158.28,0.9999253857184062,1.0,1355.5701603000023,1000.0,1355.5701603000023,1000.0,0.0,0.0
17562,1705383480000.0,0.0,0.0,0.0,149.16,0.0,0.0,158.24,0.9999253857184062,1.0,1355.5701603000023,1000.0,1355.5701603000023,1000.0,0.0,0.0
17563,1705387080000.0,0.0,0.0,0.0,149.16,0.0,0.0,156.58,0.9999253857184062,1.0,1355.5701603000023,1000.0,1355.5701603000023,1000.0,0.0,0.0
17564,1705390680000.0,0.0,0.0,0.0,149.16,0.0,0.0,158.67,0.9999253857184062,1.0,1355.5701603000023,1000.0,1355.5701603000023,1000.0,0.0,0.0
17565,1705394280000.0,0.0,0.0,0.0,149.16,0.0,0.0,158.56,0.9999253857184062,1.0,1355.5701603000023,1000.0,1355.5701603000023,1000.0,0.0,0.0
17566,1705397880000.0,0.0,0.0,0.0,149.16,0.0,0.0,158.71,0.9999253857184062,1.0,1355.5701603000023,1000.0,1355.5701603000023,1000.0,0.0,0.0
17567,1705401480000.0,0.0,0.0,0.0,149.16,0.0,0.0,157.78,0.9999253857184062,1.0,1355.5701603000023,1000.0,1355.5701603000023,1000.0,0.0,0.0
17568,1705405080000.0,0.0,0.0,0.0,149.16,0.0,0.0,156.73,0.9999253857184062,1.0,1355.5701603000023,1000.0,1355.5701603000023,1000.0,0.0,0.0
17569,1705408680000.0,0.0,0.0,0.0,149.16,0.0,0.0,157.35,0.9999253857184062,1.0,1355.5701603000023,1000.0,1355.5701603000023,1000.0,0.0,0.0
17570,1705412280000.0,0.0,0.0,0.0,149.16,0.0,0.0,156.22,0.9999253857184062,1.0,1355.5701603000023,1000.0,1355.5701603000023,1000.0,0.0,0.0
17571,1705415880000.0,0.0,0.0,0.0,149.16,0.0,0.0,156.02,0.9999253857184062,1.0,1355.5701603000023,1000.0,1355.5701603000023,1000.0,0.0,0.0
17572,1705419480000.0,0.0,0.0,0.0,149.16,0.0,0.0,156.7,0.9999253857184062,1.0,1355.5701603000023,1000.0,1355.5701603000023,1000.0,0.0,0.0
17573,1705423080000.0,0.0,0.0,0.0,149.16,0.0,0.0,155.39,0.9999253857184062,1.0,1355.5701603000023,1000.0,1355.5701603000023,1000.0,0.0,0.0
17574,1705426680000.0,0.0,0.0,0.0,149.16,0.0,0.0,154.12,0.9999253857184062,1.0,1355.5701603000023,1000.0,1355.5701603000023,1000.0,0.0,0.0
17575,1705430280000.0,0.0,0.0,0.0,149.16,0.0,0.0,154.64,0.9999253857184062,1.0,1355.5701603000023,1000.0,1355.5701603000023,1000.0,0.0,0.0
17576,1705433880000.0,0.0,0.0,0.0,149.16,0.0,0.0,155.39,0.9999253857184062,1.0,1355.5701603000023,1000.0,1355.5701603000023,1000.0,0.0,0.0
17577,1705437480000.0,0.0,0.0,0.0,149.16,0.0,0.0,155.65,0.9999253857184062,1.0,1355.5701603000023,1000.0,1355.5701603000023,1000.0,0.0,0.0
17578,1705441080000.0,0.0,0.0,0.0,149.16,0.0,0.0,158.35,0.9999253857184062,1.0,1355.5701603000023,1000.0,1355.5701603000023,1000.0,0.0,0.0
17579,1705444680000.0,0.0,0.0,0.0,149.16,0.0,0.0,156.94,0.9999253857184062,1.0,1355.5701603000023,1000.0,1355.5701603000023,1000.0,0.0,0.0
17580,1705448280000.0,0.0,0.0,0.0,149.16,0.0,0.0,157.96,0.9999253857184062,1.0,1355.5701603000023,1000.0,1355.5701603000023,1000.0,0.0,0.0
17581,1705451880000.0,0.0,0.0,0.0,149.16,0.0,0.0,158.23,0.9999253857184062,1.0,1355.5701603000023,1000.0,1355.5701603000023,1000.0,0.0,0.0
17582,1705455480000.0,0.0,0.0,0.0,149.16,0.0,0.0,158.73,0.9999253857184062,1.0,1355.5701603000023,1000.0,1355.5701603000023,1000.0,0.0,0.0
17583,1705459080000.0,0.0,0.0,0.0,149.16,0.0,0.0,158.15,0.9999253857184062,1.0,1355.5701603000023,1000.0,1355.5701603000023,1000.0,0.0,0.0
17584,1705462680000.0,0.0,0.0,0.0,149.16,0.0,0.0,158.78,0.9999253857184062,1.0,1355.5701603000023,1000.0,1355.5701603000023,1000.0,0.0,0.0
17585,1705466280000.0,0.0,0.0,0.0,149.16,0.0,0.0,157.7,0.9999253857184062,1.0,1355.5701603000023,1000.0,1355.5701603000023,1000.0,0.0,0.0
17586,1705469880000.0,0.0,0.0,0.0,149.16,0.0,0.0,159.44,0.9999253857184062,1.0,1355.5701603000023,1000.0,1355.5701603000023,1000.0,0.0,0.0
17587,1705473480000.0,0.0,0.0,0.0,149.16,0.0,0.0,159.4,0.9999253857184062,1.0,1355.5701603000023,1000.0,1355.5701603000023,1000.0,0.0,0.0
17588,1705477080000.0,0.0,0.0,0.0,149.16,0.0,0.0,158.9,0.9999253857184062,1.0,1355.5701603000023,1000.0,1355.5701603000023,1000.0,0.0,0.0
17589,1705480680000.0,0.0,0.0,0.0,149.16,0.0,0.0,157.91,0.9999253857184062,1.0,1355.5701603000023,1000.0,1355.5701603000023,1000.0,0.0,0.0
17590,1705484280000.0,0.0,0.0,0.0,149.16,0.0,0.0,159.03,0.9999253857184062,1.0,1355.5701603000023,1000.0,1355.5701603000023,1000.0,0.0,0.0
17591,1705487880000.0,0.0,0.0,0.0,149.16,0.0,0.0,157.67,0.9999253857184062,1.0,1355.5701603000023,1000.0,1355.5701603000023,1000.0,0.0,0.0
17592,1705491480000.0,0.0,0.0,0.0,149.16,0.0,0.0,157.52,0.9999253857184062,1.0,1355.5701603000023,1000.0,1355.5701603000023,1000.0,0.0,0.0
17593,1705495080000.0,0.0,0.0,0.0,149.16,0.0,0.0,157.77,0.9999253857184062,1.0,1355.5701603000023,1000.0,1355.5701603000023,1000.0,0.0,0.0
17594,1705498680000.0,0.0,0.0,0.0,149.16,0.0,0.0,158.6,0.9999253857184062,1.0,1355.5701603000023,1000.0,1355.5701603000023,1000.0,0.0,0.0
17595,1705502280000.0,0.0,0.0,0.0,149.16,0.0,0.0,157.64,0.9999253857184062,1.0,1355.5701603000023,1000.0,1355.5701603000023,1000.0,0.0,0.0
17596,1705505880000.0,0.0,0.0,0.0,149.16,0.0,0.0,159.97,0.9999253857184062,1.0,1355.5701603000023,1000.0,1355.5701603000023,1000.0,0.0,0.0
17597,1705509480000.0,0.0,0.0,0.0,149.16,0.0,0.0,158.34,0.9999253857184062,1.0,1355.5701603000023,1000.0,1355.5701603000023,1000.0,0.0,0.0
17598,1705513080000.0,0.0,0.0,0.0,149.16,0.0,0.0,158.26,0.9999253857184062,1.0,1355.5701603000023,1000.0,1355.5701603000023,1000.0,0.0,0.0
17599,1705516680000.0,0.0,0.0,0.0,149.16,0.0,0.0,156.25,0.9999253857184062,1.0,1355.5701603000023,1000.0,1355.5701603000023,1000.0,0.0,0.0
17600,1705520280000.0,0.0,0.0,0.0,149.16,0.0,0.0,157.0,0.9999253857184062,1.0,1355.5701603000023,1000.0,1355.5701603000023,1000.0,0.0,0.0
17601,1705523880000.0,0.0,0.0,0.0,149.16,0.0,0.0,156.46,0.9999253857184062,1.0,1355.5701603000023,1000.0,1355.5701603000023,1000.0,0.0,0.0
17602,1705527480000.0,0.0,0.0,0.0,149.16,0.0,0.0,157.34,0.9999253857184062,1.0,1355.5701603000023,1000.0,1355.5701603000023,1000.0,0.0,0.0
17603,1705531080000.0,0.0,0.0,0.0,149.16,0.0,0.0,156.0,0.9999253857184062,1.0,1355.5701603000023,1000.0,1355.5701603000023,1000.0,0.0,0.0
17604,1705534680000.0,0.0,0.0,0.0,149.16,0.0,0.0,157.49,0.9999253857184062,1.0,1355.5701603000023,1000.0,1355.5701603000023,1000.0,0.0,0.0
17605,1705538280000.0,0.0,0.0,0.0,149.16,0.0,0.0,158.44,0.9999253857184062,1.0,1355.5701603000023,1000.0,1355.5701603000023,1000.0,0.0,0.0
17606,1705541880000.0,0.0,0.0,0.0,149.16,0.0,0.0,157.69,0.9999253857184062,1.0,1355.5701603000023,1000.0,1355.5701603000023,1000.0,0.0,0.0
17607,1705545480000.0,0.0,0.0,0.0,149.16,0.0,0.0,158.44,0.9999253857184062,1.0,1355.5701603000023,1000.0,1355.5701603000023,1000.0,0.0,0.0
17608,1705549080000.0,0.0,0.0,0.0,149.16,0.0,0.0,157.85,0.9999253857184062,1.0,1355.5701603000023,1000.0,1355.5701603000023,1000.0,0.0,0.0
17609,1705552680000.0,0.0,0.0,0.0,149.16,0.0,0.0,158.37,0.9999253857184062,1.0,1355.5701603000023,1000.0,1355.5701603000023,1000.0,0.0,0.0
17610,1705556280000.0,0.0,0.0,0.0,149.16,0.0,0.0,161.46,0.9999253857184062,1.0,1355.5701603000023,1000.0,1355.5701603000023,1000.0,0.0,0.0
17611,1705559880000.0,0.0,0.0,0.0,149.16,0.0,0.0,162.52,0.9999253857184062,1.0,1355.5701603000023,1000.0,1355.5701603000023,1000.0,0.0,0.0
17612,1705563480000.0,0.0,0.0,0.0,149.16,0.0,0.0,160.7,0.9999253857184062,1.0,1355.5701603000023,1000.0,1355.5701603000023,1000.0,0.0,0.0
17613,1705567080000.0,0.0,0.0,0.0,149.16,0.0,0.0,159.35,0.9999253857184062,1.0,1355.5701603000023,1000.0,1355.5701603000023,1000.0,0.0,0.0
17614,1705570680000.0,0.0,0.0,0.0,149.16,0.0,0.0,158.66,0.9999253857184062,1.0,1355.5701603000023,1000.0,1355.5701603000023,1000.0,0.0,0.0
17615,1705574280000.0,0.0,0.0,0.0,149.16,0.0,0.0,156.86,0.9999253857184062,1.0,1355.5701603000023,1000.0,1355.5701603000023,1000.0,0.0,0.0
17616,1705577880000.0,0.0,0.0,0.0,149.16,0.0,0.0,156.93,0.9999253857184062,1.0,1355.5701603000023,1000.0,1355.5701603000023,1000.0,0.0,0.0
17617,1705581480000.0,0.0,0.0,0.0,149.16,0.0,0.0,156.93,0.9999253857184062,1.0,1355.5701603000023,1000.0,1355.5701603000023,1000.0,0.0,0.0
17618,1705585080000.0,0.0,0.0,0.0,149.16,0.0,0.0,157.41,0.9999253857184062,1.0,1355.5701603000023,1000.0,1355.5701603000023,1000.0,0.0,0.0
17619,1705588680000.0,0.0,0.0,0.0,149.16,0.0,0.0,156.89,0.9999253857184062,1.0,1355.5701603000023,1000.0,1355.5701603000023,1000.0,0.0,0.0
17620,1705592280000.0,0.0,0.0,0.0,149.16,0.0,0.0,156.48,0.9999253857184062,1.0,1355.5701603000023,1000.0,1355.5701603000023,1000.0,0.0,0.0
17621,1705595880000.0,0.0,0.0,0.0,149.16,0.0,0.0,155.86,0.9999253857184062,1.0,1355.5701603000023,1000.0,1355.5701603000023,1000.0,0.0,0.0
17622,1705599480000.0,0.0,0.0,0.0,149.16,0.0,0.0,155.22,0.9999253857184062,1.0,1355.5701603000023,1000.0,1355.5701603000023,1000.0,0.0,0.0
17623,1705603080000.0,0.0,0.0,0.0,149.16,0.0,0.0,154.3,0.9999253857184062,1.0,1355.5701603000023,1000.0,1355.5701603000023,1000.0,0.0,0.0
17624,1705606680000.0,0.0,0.0,0.0,149.16,0.0,0.0,154.32,0.9999253857184062,1.0,1355.5701603000023,1000.0,1355.5701603000023,1000.0,0.0,0.0
17625,1705610280000.0,0.0,0.0,0.36,151.99,0.0,0.0,152.92,0.9999253857184062,1.0,1355.5592170200023,1000.0,1355.8940170200024,1000.0,0.04036444834943173,0.0
17626,1705613880000.0,0.0,0.0,0.36,151.99,0.0,0.0,153.89,0.9999253857184062,1.0,1355.5592170200023,1000.0,1356.2432170200022,1000.0,0.04036444834943173,0.0
17627,1705617480000.0,0.0,0.0,0.36,151.99,0.0,0.0,153.91,0.9999253857184062,1.0,1355.5592170200023,1000.0,1356.2504170200023,1000.0,0.04036444834943173,0.0
17628,1705621080000.0,0.0,0.0,0.36,151.99,0.0,0.0,153.59,0.9999253857184062,1.0,1355.5592170200023,1000.0,1356.1352170200023,1000.0,0.04036444834943173,0.0
17629,1705624680000.0,0.0,0.0,0.36,151.99,0.0,0.0,152.52,0.9999253857184062,1.0,1355.5592170200023,1000.0,1355.7500170200024,1000.0,0.04036444834943173,0.0
17630,1705628280000.0,0.0,0.0,0.36,151.99,0.0,0.0,152.56,0.9999253857184062,1.0,1355.5592170200023,1000.0,1355.7644170200024,1000.0,0.04036444834943173,0.0
17631,1705631880000.0,0.0,0.0,0.36,151.99,0.0,0.0,152.11,0.9999253857184062,1.0,1355.5592170200023,1000.0,1355.6024170200023,1000.0,0.04036444834943173,0.0
17632,1705635480000.0,0.0,0.0,0.36,151.99,0.0,0.0,151.91,0.9999253857184062,1.0,1355.5592170200023,1000.0,1355.5304170200022,1000.0,0.04036444834943173,0.0
17633,1705639080000.0,0.0,0.0,0.36,151.99,0.0,0.0,154.04,0.9999253857184062,1.0,1355.5592170200023,1000.0,1356.2972170200023,1000.0,0.04036444834943173,0.0
17634,1705642680000.0,0.0,0.0,0.36,151.99,0.0,0.0,153.77,0.9999253857184062,1.0,1355.5592170200023,1000.0,1356.2000170200022,1000.0,0.04036444834943173,0.0
17635,1705646280000.0,0.0,0.0,0.36,151.99,0.0,0.0,152.95,0.9999253857184062,1.0,1355.5592170200023,1000.0,1355.9048170200024,1000.0,0.04036444834943173,0.0
17636,1705649880000.0,0.0,0.0,0.36,151.99,0.0,0.0,152.38,0.9999253857184062,1.0,1355.5592170200023,1000.0,1355.6996170200023,1000.0,0.04036444834943173,0.0
17637,1705653480000.0,0.0,0.0,0.36,151.99,0.0,0.0,152.03,0.9999253857184062,1.0,1355.5592170200023,1000.0,1355.5736170200023,1000.0,0.04036444834943173,0.0
17638,1705657080000.0,0.0,0.0,0.36,151.99,0.0,0.0,152.04,0.9999253857184062,1.0,1355.5592170200023,1000.0,1355.5772170200023,1000.0,0.04036444834943173,0.0
17639,1705660680000.0,0.0,0.0,0.36,151.99,0.0,0.0,152.91,0.9999253857184062,1.0,1355.5592170200023,1000.0,1355.8904170200024,1000.0,0.04036444834943173,0.0
17640,1705664280000.0,0.0,0.0,0.36,151.99,0.0,0.0,153.01,0.9999253857184062,1.0,1355.5592170200023,1000.0,1355.9264170200022,1000.0,0.04036444834943173,0.0
17641,1705667880000.0,0.0,0.0,0.36,151.99,0.0,0.0,153.2,0.9999253857184062,1.0,1355.5592170200023,1000.0,1355.9948170200023,1000.0,0.04036444834943173,0.0
17642,1705671480000.0,0.0,0.0,0.36,151.99,0.0,0.0,155.2,0.9999253857184062,1.0,1355.5592170200023,1000.0,1356.7148170200023,1000.0,0.04036444834943173,0.0
17643,1705675080000.0,0.0,0.0,0.36,151.99,0.0,0.0,154.87,0.9999253857184062,1.0,1355.5592170200023,1000.0,1356.5960170200024,1000.0,0.04036444834943173,0.0
17644,1705678680000.0,0.0,0.0,0.36,151.99,0.0,0.0,153.12,0.9999253857184062,1.0,1355.5592170200023,1000.0,1355.9660170200023,1000.0,0.04036444834943173,0.0
17645,1705682280000.0,0.0,0.0,0.36,151.99,0.0,0.0,151.13,0.9999253857184062,1.0,1355.5592170200023,1000.0,1355.2496170200022,1000.0,0.04036444834943173,0.0
17646,1705685880000.0,0.0,0.0,0.36,151.99,0.0,0.0,151.78,0.9999253857184062,1.0,1355.5592170200023,1000.0,1355.4836170200024,1000.0,0.04036444834943173,0.0
17647,1705689480000.0,0.0,0.0,0.36,151.99,0.0,0.0,153.91,0.9999253857184062,1.0,1355.5592170200023,1000.0,1356.2504170200023,1000.0,0.04036444834943173,0.0
17648,1705693080000.0,0.0,0.0,0.36,151.99,0.0,0.0,154.96,0.9999253857184062,1.0,1355.5592170200023,1000.0,1356.6284170200022,1000.0,0.04036444834943173,0.0
17649,1705696680000.0,0.0,0.0,0.36,151.99,0.0,0.0,155.28,0.9999253857184062,1.0,1355.5592170200023,1000.0,1356.7436170200024,1000.0,0.04036444834943173,0.0
17650,1705700280000.0,0.0,0.0,0.36,151.99,0.0,0.0,155.46,0.9999253857184062,1.0,1355.5592170200023,1000.0,1356.8084170200023,1000.0,0.04036444834943173,0.0
17651,1705703880000.0,0.0,0.0,0.16,151.99,0.0,0.0,157.87,0.9999253857184062,1.0,1356.4649550200022,1000.0,1357.4057550200023,1000.0,0.01792777609919263,0.0
17652,1705707480000.0,0.0,0.0,0.16,151.99,0.0,0.0,158.69,0.9999253857184062,1.0,1356.4649550200022,1000.0,1357.536955020002,1000.0,0.01792777609919263,0.0
17653,1705711080000.0,0.0,0.0,0.16,151.99,0.0,0.0,157.78,0.9999253857184062,1.0,1356.4649550200022,1000.0,1357.3913550200023,1000.0,0.01792777609919263,0.0
17654,1705714680000.0,0.0,0.0,0.16,151.99,0.0,0.0,158.03,0.9999253857184062,1.0,1356.4649550200022,1000.0,1357.4313550200022,1000.0,0.01792777609919263,0.0
17655,1705718280000.0,0.0,0.0,0.16,151.99,0.0,0.0,158.68,0.9999253857184062,1.0,1356.4649550200022,1000.0,1357.5353550200023,1000.0,0.01792777609919263,0.0
17656,1705721880000.0,0.0,0.0,0.16,151.99,0.0,0.0,158.97,0.9999253857184062,1.0,1356.4649550200022,1000.0,1357.5817550200022,1000.0,0.01792777609919263,0.0
17657,1705725480000.0,0.0,0.0,0.16,151.99,0.0,0.0,159.45,0.9999253857184062,1.0,1356.4649550200022,1000.0,1357.6585550200023,1000.0,0.01792777609919263,0.0
17658,1705729080000.0,0.0,0.0,0.16,151.99,0.0,0.0,159.44,0.9999253857184062,1.0,1356.4649550200022,1000.0,1357.6569550200022,1000.0,0.01792777609919263,0.0
17659,1705732680000.0,0.0,0.0,0.16,151.99,0.0,0.0,159.28,0.9999253857184062,1.0,1356.4649550200022,1000.0,1357.6313550200023,1000.0,0.01792777609919263,0.0
17660,1705736280000.0,0.0,0.0,0.16,151.99,0.0,0.0,158.59,0.9999253857184062,1.0,1356.4649550200022,1000.0,1357.5209550200022,1000.0,0.01792777609919263,0.0
17661,1705739880000.0,0.0,0.0,0.16,151.99,0.0,0.0,157.39,0.9999253857184062,1.0,1356.4649550200022,1000.0,1357.3289550200022,1000.0,0.01792777609919263,0.0
17662,1705743480000.0,0.0,0.0,0.11,151.99,0.0,0.0,156.99,0.9999253857184062,1.0,1356.6913895200023,1000.0,1357.2413895200023,1000.0,0.012323288943342637,0.0
17663,1705747080000.0,0.0,0.0,0.08,151.99,0.0,0.0,156.69,0.9999253857184062,1.0,1356.8272502200023,1000.0,1357.2032502200022,1000.0,0.008961494544002158,0.0
17664,1705750680000.0,0.0,0.0,0.0,151.99,0.0,0.0,156.57,0.9999253857184062,1.0,1357.1895454200019,1000.0,1357.1895454200019,1000.0,0.0,0.0
17665,1705754280000.0,0.0,0.0,0.0,151.99,0.0,0.0,156.36,0.9999253857184062,1.0,1357.1895454200019,1000.0,1357.1895454200019,1000.0,0.0,0.0
17666,1705757880000.0,0.0,0.0,0.0,151.99,0.0,0.0,156.86,0.9999253857184062,1.0,1357.1895454200019,1000.0,1357.1895454200019,1000.0,0.0,0.0
17667,1705761480000.0,0.0,0.0,0.0,151.99,0.0,0.0,157.0,0.9999253857184062,1.0,1357.1895454200019,1000.0,1357.1895454200019,1000.0,0.0,0.0
17668,1705765080000.0,0.0,0.0,0.0,151.99,0.0,0.0,156.64,0.9999253857184062,1.0,1357.1895454200019,1000.0,1357.1895454200019,1000.0,0.0,0.0
17669,1705768680000.0,0.0,0.0,0.0,151.99,0.0,0.0,156.85,0.9999253857184062,1.0,1357.1895454200019,1000.0,1357.1895454200019,1000.0,0.0,0.0
17670,1705772280000.0,0.0,0.0,0.0,151.99,0.0,0.0,156.24,0.9999253857184062,1.0,1357.1895454200019,1000.0,1357.1895454200019,1000.0,0.0,0.0
17671,1705775880000.0,0.0,0.0,0.0,151.99,0.0,0.0,156.91,0.9999253857184062,1.0,1357.1895454200019,1000.0,1357.1895454200019,1000.0,0.0,0.0
17672,1705779480000.0,0.0,0.0,0.0,151.99,0.0,0.0,156.62,0.9999253857184062,1.0,1357.1895454200019,1000.0,1357.1895454200019,1000.0,0.0,0.0
17673,1705783080000.0,0.0,0.0,0.0,151.99,0.0,0.0,156.41,0.9999253857184062,1.0,1357.1895454200019,1000.0,1357.1895454200019,1000.0,0.0,0.0
17674,1705786680000.0,0.0,0.0,0.0,151.99,0.0,0.0,156.54,0.9999253857184062,1.0,1357.1895454200019,1000.0,1357.1895454200019,1000.0,0.0,0.0
17675,1705790280000.0,0.0,0.0,0.0,151.99,0.0,0.0,156.77,0.9999253857184062,1.0,1357.1895454200019,1000.0,1357.1895454200019,1000.0,0.0,0.0
17676,1705793880000.0,0.0,0.0,0.0,151.99,0.0,0.0,156.87,0.9999253857184062,1.0,1357.1895454200019,1000.0,1357.1895454200019,1000.0,0.0,0.0
17677,1705797480000.0,0.0,0.0,0.0,151.99,0.0,0.0,156.27,0.9999253857184062,1.0,1357.1895454200019,1000.0,1357.1895454200019,1000.0,0.0,0.0
17678,1705801080000.0,0.0,0.0,0.0,151.99,0.0,0.0,156.92,0.9999253857184062,1.0,1357.1895454200019,1000.0,1357.1895454200019,1000.0,0.0,0.0
17679,1705804680000.0,0.0,0.0,0.0,151.99,0.0,0.0,157.1,0.9999253857184062,1.0,1357.1895454200019,1000.0,1357.1895454200019,1000.0,0.0,0.0
17680,1705808280000.0,0.0,0.0,0.0,151.99,0.0,0.0,157.52,0.9999253857184062,1.0,1357.1895454200019,1000.0,1357.1895454200019,1000.0,0.0,0.0
17681,1705811880000.0,0.0,0.0,0.0,151.99,0.0,0.0,159.76,0.9999253857184062,1.0,1357.1895454200019,1000.0,1357.1895454200019,1000.0,0.0,0.0
17682,1705815480000.0,0.0,0.0,0.0,151.99,0.0,0.0,161.55,0.9999253857184062,1.0,1357.1895454200019,1000.0,1357.1895454200019,1000.0,0.0,0.0
17683,1705819080000.0,0.0,0.0,0.0,151.99,0.0,0.0,162.94,0.9999253857184062,1.0,1357.1895454200019,1000.0,1357.1895454200019,1000.0,0.0,0.0
17684,1705822680000.0,0.0,0.0,0.0,151.99,0.0,0.0,162.22,0.9999253857184062,1.0,1357.1895454200019,1000.0,1357.1895454200019,1000.0,0.0,0.0
17685,1705826280000.0,0.0,0.0,0.0,151.99,0.0,0.0,160.9,0.9999253857184062,1.0,1357.1895454200019,1000.0,1357.1895454200019,1000.0,0.0,0.0
17686,1705829880000.0,0.0,0.0,0.0,151.99,0.0,0.0,159.07,0.9999253857184062,1.0,1357.1895454200019,1000.0,1357.1895454200019,1000.0,0.0,0.0
17687,1705833480000.0,0.0,0.0,0.0,151.99,0.0,0.0,158.36,0.9999253857184062,1.0,1357.1895454200019,1000.0,1357.1895454200019,1000.0,0.0,0.0
17688,1705837080000.0,0.0,0.0,0.0,151.99,0.0,0.0,159.01,0.9999253857184062,1.0,1357.1895454200019,1000.0,1357.1895454200019,1000.0,0.0,0.0
17689,1705840680000.0,0.0,0.0,0.0,151.99,0.0,0.0,160.92,0.9999253857184062,1.0,1357.1895454200019,1000.0,1357.1895454200019,1000.0,0.0,0.0
17690,1705844280000.0,0.0,0.0,0.0,151.99,0.0,0.0,158.26,0.9999253857184062,1.0,1357.1895454200019,1000.0,1357.1895454200019,1000.0,0.0,0.0
17691,1705847880000.0,0.0,0.0,0.0,151.99,0.0,0.0,159.18,0.9999253857184062,1.0,1357.1895454200019,1000.0,1357.1895454200019,1000.0,0.0,0.0
17692,1705851480000.0,0.0,0.0,0.0,151.99,0.0,0.0,157.99,0.9999253857184062,1.0,1357.1895454200019,1000.0,1357.1895454200019,1000.0,0.0,0.0
17693,1705855080000.0,0.0,0.0,0.0,151.99,0.0,0.0,157.65,0.9999253857184062,1.0,1357.1895454200019,1000.0,1357.1895454200019,1000.0,0.0,0.0
17694,1705858680000.0,0.0,0.0,0.0,151.99,0.0,0.0,157.36,0.9999253857184062,1.0,1357.1895454200019,1000.0,1357.1895454200019,1000.0,0.0,0.0
17695,1705862280000.0,0.0,0.0,0.0,151.99,0.0,0.0,158.07,0.9999253857184062,1.0,1357.1895454200019,1000.0,1357.1895454200019,1000.0,0.0,0.0
17696,1705865880000.0,0.0,0.0,0.0,151.99,0.0,0.0,158.0,0.9999253857184062,1.0,1357.1895454200019,1000.0,1357.1895454200019,1000.0,0.0,0.0
17697,1705869480000.0,0.0,0.0,0.0,151.99,0.0,0.0,157.63,0.9999253857184062,1.0,1357.1895454200019,1000.0,1357.1895454200019,1000.0,0.0,0.0
17698,1705873080000.0,0.0,0.0,0.0,151.99,0.0,0.0,155.91,0.9999253857184062,1.0,1357.1895454200019,1000.0,1357.1895454200019,1000.0,0.0,0.0
17699,1705876680000.0,0.0,0.0,0.0,151.99,0.0,0.0,155.77,0.9999253857184062,1.0,1357.1895454200019,1000.0,1357.1895454200019,1000.0,0.0,0.0
17700,1705880280000.0,0.0,0.0,0.0,151.99,0.0,0.0,157.78,0.9999253857184062,1.0,1357.1895454200019,1000.0,1357.1895454200019,1000.0,0.0,0.0
17701,1705883880000.0,0.0,0.0,0.0,151.99,0.0,0.0,159.15,0.9999253857184062,1.0,1357.1895454200019,1000.0,1357.1895454200019,1000.0,0.0,0.0
17702,1705887480000.0,0.0,0.0,0.0,151.99,0.0,0.0,158.67,0.9999253857184062,1.0,1357.1895454200019,1000.0,1357.1895454200019,1000.0,0.0,0.0
17703,1705891080000.0,0.0,0.0,0.0,151.99,0.0,0.0,157.65,0.9999253857184062,1.0,1357.1895454200019,1000.0,1357.1895454200019,1000.0,0.0,0.0
17704,1705894680000.0,0.0,0.0,0.0,151.99,0.0,0.0,157.36,0.9999253857184062,1.0,1357.1895454200019,1000.0,1357.1895454200019,1000.0,0.0,0.0
17705,1705898280000.0,0.0,0.0,0.0,151.99,0.0,0.0,156.67,0.9999253857184062,1.0,1357.1895454200019,1000.0,1357.1895454200019,1000.0,0.0,0.0
17706,1705901880000.0,0.0,0.0,0.0,151.99,0.0,0.0,156.59,0.9999253857184062,1.0,1357.1895454200019,1000.0,1357.1895454200019,1000.0,0.0,0.0
17707,1705905480000.0,0.0,0.0,0.0,151.99,0.0,0.0,156.28,0.9999253857184062,1.0,1357.1895454200019,1000.0,1357.1895454200019,1000.0,0.0,0.0
17708,1705909080000.0,0.0,0.0,0.0,151.99,0.0,0.0,159.04,0.9999253857184062,1.0,1357.1895454200019,1000.0,1357.1895454200019,1000.0,0.0,0.0
17709,1705912680000.0,0.0,0.0,0.0,151.99,0.0,0.0,157.4,0.9999253857184062,1.0,1357.1895454200019,1000.0,1357.1895454200019,1000.0,0.0,0.0
17710,1705916280000.0,0.0,0.0,0.0,151.99,0.0,0.0,157.19,0.9999253857184062,1.0,1357.1895454200019,1000.0,1357.1895454200019,1000.0,0.0,0.0
17711,1705919880000.0,0.0,0.0,0.0,151.99,0.0,0.0,156.13,0.9999253857184062,1.0,1357.1895454200019,1000.0,1357.1895454200019,1000.0,0.0,0.0
17712,1705923480000.0,0.0,0.0,0.0,151.99,0.0,0.0,157.14,0.9999253857184062,1.0,1357.1895454200019,1000.0,1357.1895454200019,1000.0,0.0,0.0
17713,1705927080000.0,0.0,0.0,0.0,151.99,0.0,0.0,154.43,0.9999253857184062,1.0,1357.1895454200019,1000.0,1357.1895454200019,1000.0,0.0,0.0
17714,1705930680000.0,0.0,0.0,0.0,151.99,0.0,0.0,154.81,0.9999253857184062,1.0,1357.1895454200019,1000.0,1357.1895454200019,1000.0,0.0,0.0
17715,1705934280000.0,0.0,0.0,0.0,151.99,0.0,0.0,153.49,0.9999253857184062,1.0,1357.1895454200019,1000.0,1357.1895454200019,1000.0,0.0,0.0
17716,1705937880000.0,0.0,0.0,0.0,151.99,0.0,0.0,152.34,0.9999253857184062,1.0,1357.1895454200019,1000.0,1357.1895454200019,1000.0,0.0,0.0
17717,1705941480000.0,0.0,0.0,0.0,151.99,0.0,0.0,155.04,0.9999253857184062,1.0,1357.1895454200019,1000.0,1357.1895454200019,1000.0,0.0,0.0
17718,1705945080000.0,0.0,0.0,0.0,151.99,0.0,0.0,154.52,0.9999253857184062,1.0,1357.1895454200019,1000.0,1357.1895454200019,1000.0,0.0,0.0
17719,1705948680000.0,0.0,0.0,0.0,151.99,0.0,0.0,154.49,0.9999253857184062,1.0,1357.1895454200019,1000.0,1357.1895454200019,1000.0,0.0,0.0
17720,1705952280000.0,0.0,0.0,0.36,150.74,0.0,0.0,150.54,0.9999253857184062,1.0,1357.1786921400019,1000.0,1357.1066921400018,1000.0,0.03998471263532191,0.0
17721,1705955880000.0,0.0,0.0,0.36,150.74,0.0,0.0,153.03,0.9999253857184062,1.0,1357.1786921400019,1000.0,1358.0030921400019,1000.0,0.03998471263532191,0.0
17722,1705959480000.0,0.0,0.0,0.36,150.74,0.0,0.0,152.22,0.9999253857184062,1.0,1357.1786921400019,1000.0,1357.7114921400018,1000.0,0.03998471263532191,0.0
17723,1705963080000.0,0.0,0.0,0.36,150.74,0.0,0.0,152.09,0.9999253857184062,1.0,1357.1786921400019,1000.0,1357.664692140002,1000.0,0.03998471263532191,0.0
17724,1705966680000.0,0.0,0.0,0.36,150.74,0.0,0.0,150.9,0.9999253857184062,1.0,1357.1786921400019,1000.0,1357.236292140002,1000.0,0.03998471263532191,0.0
17725,1705970280000.0,0.0,0.0,0.36,150.74,0.0,0.0,151.67,0.9999253857184062,1.0,1357.1786921400019,1000.0,1357.513492140002,1000.0,0.03998471263532191,0.0
17726,1705973880000.0,0.0,0.0,0.36,150.74,0.0,0.0,152.37,0.9999253857184062,1.0,1357.1786921400019,1000.0,1357.765492140002,1000.0,0.03998471263532191,0.0
17727,1705977480000.0,0.0,0.0,0.36,150.74,0.0,0.0,153.98,0.9999253857184062,1.0,1357.1786921400019,1000.0,1358.345092140002,1000.0,0.03998471263532191,0.0
17728,1705981080000.0,0.0,0.0,0.36,150.74,0.0,0.0,153.73,0.9999253857184062,1.0,1357.1786921400019,1000.0,1358.2550921400018,1000.0,0.03998471263532191,0.0
17729,1705984680000.0,0.0,0.0,0.36,150.74,0.0,0.0,154.43,0.9999253857184062,1.0,1357.1786921400019,1000.0,1358.507092140002,1000.0,0.03998471263532191,0.0
17730,1705988280000.0,0.0,0.0,0.36,150.74,0.0,0.0,154.25,0.9999253857184062,1.0,1357.1786921400019,1000.0,1358.4422921400019,1000.0,0.03998471263532191,0.0
17731,1705991880000.0,0.0,0.0,0.36,150.74,0.0,0.0,154.14,0.9999253857184062,1.0,1357.1786921400019,1000.0,1358.4026921400018,1000.0,0.03998471263532191,0.0
17732,1705995480000.0,0.0,0.0,0.36,150.74,0.0,0.0,153.08,0.9999253857184062,1.0,1357.1786921400019,1000.0,1358.0210921400019,1000.0,0.03998471263532191,0.0
17733,1705999080000.0,0.0,0.0,0.36,150.74,0.0,0.0,150.3,0.9999253857184062,1.0,1357.1786921400019,1000.0,1357.0202921400019,1000.0,0.03998471263532191,0.0
17734,1706002680000.0,0.0,0.0,0.36,150.74,0.0,0.0,147.77,0.9999253857184062,1.0,1357.1786921400019,1000.0,1356.109492140002,1000.0,0.03998471263532191,0.0
17735,1706006280000.0,0.0,0.0,0.36,150.74,0.0,0.0,149.4,0.9999253857184062,1.0,1357.1786921400019,1000.0,1356.6962921400018,1000.0,0.03998471263532191,0.0
17736,1706009880000.0,0.0,0.0,0.36,150.74,0.0,0.0,148.84,0.9999253857184062,1.0,1357.1786921400019,1000.0,1356.494692140002,1000.0,0.03998471263532191,0.0
17737,1706013480000.0,0.0,0.0,0.36,150.74,0.0,0.0,147.4,0.9999253857184062,1.0,1357.1786921400019,1000.0,1355.976292140002,1000.0,0.03998471263532191,0.0
17738,1706017080000.0,0.0,0.0,0.36,150.74,0.0,0.0,148.79,0.9999253857184062,1.0,1357.1786921400019,1000.0,1356.476692140002,1000.0,0.03998471263532191,0.0
17739,1706020680000.0,0.0,0.0,0.36,150.74,0.0,0.0,146.81,0.9999253857184062,1.0,1357.1786921400019,1000.0,1355.7638921400019,1000.0,0.03998471263532191,0.0
17740,1706024280000.0,0.0,0.0,0.36,150.74,0.0,0.0,147.67,0.9999253857184062,1.0,1357.1786921400019,1000.0,1356.073492140002,1000.0,0.03998471263532191,0.0
17741,1706027880000.0,0.0,0.0,0.36,150.74,0.0,0.0,149.17,0.9999253857184062,1.0,1357.1786921400019,1000.0,1356.6134921400019,1000.0,0.03998471263532191,0.0
17742,1706031480000.0,0.0,0.0,0.36,150.74,0.0,0.0,149.83,0.9999253857184062,1.0,1357.1786921400019,1000.0,1356.8510921400018,1000.0,0.03998471263532191,0.0
17743,1706035080000.0,0.0,0.0,0.36,150.74,0.0,0.0,148.73,0.9999253857184062,1.0,1357.1786921400019,1000.0,1356.4550921400019,1000.0,0.03998471263532191,0.0
17744,1706038680000.0,0.0,0.0,0.36,150.74,0.0,0.0,149.58,0.9999253857184062,1.0,1357.1786921400019,1000.0,1356.761092140002,1000.0,0.03998471263532191,0.0
17745,1706042280000.0,0.0,0.0,0.36,150.74,0.0,0.0,148.77,0.9999253857184062,1.0,1357.1786921400019,1000.0,1356.4694921400019,1000.0,0.03998471263532191,0.0
17746,1706045880000.0,0.0,0.0,0.36,150.74,0.0,0.0,149.39,0.9999253857184062,1.0,1357.1786921400019,1000.0,1356.6926921400018,1000.0,0.03998471263532191,0.0
17747,1706049480000.0,0.0,0.0,0.36,150.74,0.0,0.0,149.09,0.9999253857184062,1.0,1357.1786921400019,1000.0,1356.5846921400018,1000.0,0.03998471263532191,0.0
17748,1706053080000.0,0.0,0.0,0.36,150.74,0.0,0.0,150.0,0.9999253857184062,1.0,1357.1786921400019,1000.0,1356.912292140002,1000.0,0.03998471263532191,0.0
17749,1706056680000.0,0.0,0.0,0.36,150.74,0.0,0.0,150.42,0.9999253857184062,1.0,1357.1786921400019,1000.0,1357.063492140002,1000.0,0.03998471263532191,0.0
17750,1706060280000.0,0.0,0.0,0.36,150.74,0.0,0.0,150.71,0.9999253857184062,1.0,1357.1786921400019,1000.0,1357.1678921400019,1000.0,0.03998471263532191,0.0
17751,1706063880000.0,0.0,0.0,0.36,150.74,0.0,0.0,149.85,0.9999253857184062,1.0,1357.1786921400019,1000.0,1356.8582921400018,1000.0,0.03998471263532191,0.0
17752,1706067480000.0,0.0,0.0,0.36,150.74,0.0,0.0,149.17,0.9999253857184062,1.0,1357.1786921400019,1000.0,1356.6134921400019,1000.0,0.03998471263532191,0.0
17753,1706071080000.0,0.0,0.0,0.36,150.74,0.0,0.0,149.72,0.9999253857184062,1.0,1357.1786921400019,1000.0,1356.811492140002,1000.0,0.03998471263532191,0.0
17754,1706074680000.0,0.0,0.0,0.36,150.74,0.0,0.0,151.1,0.9999253857184062,1.0,1357.1786921400019,1000.0,1357.3082921400019,1000.0,0.03998471263532191,0.0
17755,1706078280000.0,0.0,0.0,0.36,150.74,0.0,0.0,154.46,0.9999253857184062,1.0,1357.1786921400019,1000.0,1358.5178921400018,1000.0,0.03998471263532191,0.0
17756,1706081880000.0,0.0,0.0,0.01,150.74,0.0,0.0,155.24,0.9999253857184062,1.0,1358.7533232400015,1000.0,1358.7983232400015,1000.0,0.0011093993105426559,0.0
17757,1706085480000.0,0.0,0.0,0.0,150.74,0.0,0.0,154.15,0.9999253857184062,1.0,1358.7983127000014,1000.0,1358.7983127000014,1000.0,0.0,0.0
17758,1706089080000.0,0.0,0.0,0.0,150.74,0.0,0.0,154.08,0.9999253857184062,1.0,1358.7983127000014,1000.0,1358.7983127000014,1000.0,0.0,0.0
17759,1706092680000.0,0.0,0.0,0.0,150.74,0.0,0.0,153.4,0.9999253857184062,1.0,1358.7983127000014,1000.0,1358.7983127000014,1000.0,0.0,0.0
17760,1706096280000.0,0.0,0.0,0.0,150.74,0.0,0.0,154.32,0.9999253857184062,1.0,1358.7983127000014,1000.0,1358.7983127000014,1000.0,0.0,0.0
17761,1706099880000.0,0.0,0.0,0.0,150.74,0.0,0.0,152.82,0.9999253857184062,1.0,1358.7983127000014,1000.0,1358.7983127000014,1000.0,0.0,0.0
17762,1706103480000.0,0.0,0.0,0.0,150.74,0.0,0.0,152.72,0.9999253857184062,1.0,1358.7983127000014,1000.0,1358.7983127000014,1000.0,0.0,0.0
17763,1706107080000.0,0.0,0.0,0.0,150.74,0.0,0.0,152.5,0.9999253857184062,1.0,1358.7983127000014,1000.0,1358.7983127000014,1000.0,0.0,0.0
17764,1706110680000.0,0.0,0.0,0.0,150.74,0.0,0.0,152.4,0.9999253857184062,1.0,1358.7983127000014,1000.0,1358.7983127000014,1000.0,0.0,0.0
17765,1706114280000.0,0.0,0.0,0.0,150.74,0.0,0.0,152.31,0.9999253857184062,1.0,1358.7983127000014,1000.0,1358.7983127000014,1000.0,0.0,0.0
17766,1706117880000.0,0.0,0.0,0.0,150.74,0.0,0.0,152.04,0.9999253857184062,1.0,1358.7983127000014,1000.0,1358.7983127000014,1000.0,0.0,0.0
17767,1706121480000.0,0.0,0.0,0.0,150.74,0.0,0.0,152.0,0.9999253857184062,1.0,1358.7983127000014,1000.0,1358.7983127000014,1000.0,0.0,0.0
17768,1706125080000.0,0.0,0.0,0.0,150.74,0.0,0.0,151.77,0.9999253857184062,1.0,1358.7983127000014,1000.0,1358.7983127000014,1000.0,0.0,0.0
17769,1706128680000.0,0.0,0.0,0.0,150.74,0.0,0.0,151.77,0.9999253857184062,1.0,1358.7983127000014,1000.0,1358.7983127000014,1000.0,0.0,0.0
17770,1706132280000.0,0.0,0.0,0.0,150.74,0.0,0.0,152.12,0.9999253857184062,1.0,1358.7983127000014,1000.0,1358.7983127000014,1000.0,0.0,0.0
17771,1706135880000.0,0.0,0.0,0.0,150.74,0.0,0.0,152.49,0.9999253857184062,1.0,1358.7983127000014,1000.0,1358.7983127000014,1000.0,0.0,0.0
17772,1706139480000.0,0.0,0.0,0.0,150.74,0.0,0.0,152.72,0.9999253857184062,1.0,1358.7983127000014,1000.0,1358.7983127000014,1000.0,0.0,0.0
17773,1706143080000.0,0.0,0.0,0.0,150.74,0.0,0.0,152.55,0.9999253857184062,1.0,1358.7983127000014,1000.0,1358.7983127000014,1000.0,0.0,0.0
17774,1706146680000.0,0.0,0.0,0.0,150.74,0.0,0.0,152.27,0.9999253857184062,1.0,1358.7983127000014,1000.0,1358.7983127000014,1000.0,0.0,0.0
17775,1706150280000.0,0.0,0.0,0.0,150.74,0.0,0.0,153.04,0.9999253857184062,1.0,1358.7983127000014,1000.0,1358.7983127000014,1000.0,0.0,0.0
17776,1706153880000.0,0.0,0.0,0.0,150.74,0.0,0.0,152.9,0.9999253857184062,1.0,1358.7983127000014,1000.0,1358.7983127000014,1000.0,0.0,0.0
17777,1706157480000.0,0.0,0.0,0.0,150.74,0.0,0.0,153.03,0.9999253857184062,1.0,1358.7983127000014,1000.0,1358.7983127000014,1000.0,0.0,0.0
17778,1706161080000.0,0.0,0.0,0.0,150.74,0.0,0.0,152.73,0.9999253857184062,1.0,1358.7983127000014,1000.0,1358.7983127000014,1000.0,0.0,0.0
17779,1706164680000.0,0.0,0.0,0.0,150.74,0.0,0.0,155.73,0.9999253857184062,1.0,1358.7983127000014,1000.0,1358.7983127000014,1000.0,0.0,0.0
17780,1706168280000.0,0.0,0.0,0.0,150.74,0.0,0.0,155.66,0.9999253857184062,1.0,1358.7983127000014,1000.0,1358.7983127000014,1000.0,0.0,0.0
17781,1706171880000.0,0.0,0.0,0.0,150.74,0.0,0.0,156.71,0.9999253857184062,1.0,1358.7983127000014,1000.0,1358.7983127000014,1000.0,0.0,0.0
17782,1706175480000.0,0.0,0.0,0.0,150.74,0.0,0.0,156.09,0.9999253857184062,1.0,1358.7983127000014,1000.0,1358.7983127000014,1000.0,0.0,0.0
17783,1706179080000.0,0.0,0.0,0.0,150.74,0.0,0.0,156.18,0.9999253857184062,1.0,1358.7983127000014,1000.0,1358.7983127000014,1000.0,0.0,0.0
17784,1706182680000.0,0.0,0.0,0.0,150.74,0.0,0.0,155.5,0.9999253857184062,1.0,1358.7983127000014,1000.0,1358.7983127000014,1000.0,0.0,0.0
17785,1706186280000.0,0.0,0.0,0.0,150.74,0.0,0.0,155.67,0.9999253857184062,1.0,1358.7983127000014,1000.0,1358.7983127000014,1000.0,0.0,0.0
17786,1706189880000.0,0.0,0.0,0.0,150.74,0.0,0.0,155.55,0.9999253857184062,1.0,1358.7983127000014,1000.0,1358.7983127000014,1000.0,0.0,0.0
17787,1706193480000.0,0.0,0.0,0.0,150.74,0.0,0.0,156.73,0.9999253857184062,1.0,1358.7983127000014,1000.0,1358.7983127000014,1000.0,0.0,0.0
17788,1706197080000.0,0.0,0.0,0.0,150.74,0.0,0.0,156.82,0.9999253857184062,1.0,1358.7983127000014,1000.0,1358.7983127000014,1000.0,0.0,0.0
17789,1706200680000.0,0.0,0.0,0.0,150.74,0.0,0.0,155.92,0.9999253857184062,1.0,1358.7983127000014,1000.0,1358.7983127000014,1000.0,0.0,0.0
17790,1706204280000.0,0.0,0.0,0.0,150.74,0.0,0.0,156.01,0.9999253857184062,1.0,1358.7983127000014,1000.0,1358.7983127000014,1000.0,0.0,0.0
17791,1706207880000.0,0.0,0.0,0.0,150.74,0.0,0.0,156.7,0.9999253857184062,1.0,1358.7983127000014,1000.0,1358.7983127000014,1000.0,0.0,0.0
17792,1706211480000.0,0.0,0.0,0.0,150.74,0.0,0.0,157.29,0.9999253857184062,1.0,1358.7983127000014,1000.0,1358.7983127000014,1000.0,0.0,0.0
17793,1706215080000.0,0.0,0.0,0.0,150.74,0.0,0.0,156.94,0.9999253857184062,1.0,1358.7983127000014,1000.0,1358.7983127000014,1000.0,0.0,0.0
17794,1706218680000.0,0.0,0.0,0.0,150.74,0.0,0.0,156.16,0.9999253857184062,1.0,1358.7983127000014,1000.0,1358.7983127000014,1000.0,0.0,0.0
17795,1706222280000.0,0.0,0.0,0.0,150.74,0.0,0.0,156.87,0.9999253857184062,1.0,1358.7983127000014,1000.0,1358.7983127000014,1000.0,0.0,0.0
17796,1706225880000.0,0.0,0.0,0.0,150.74,0.0,0.0,157.55,0.9999253857184062,1.0,1358.7983127000014,1000.0,1358.7983127000014,1000.0,0.0,0.0
17797,1706229480000.0,0.0,0.0,0.0,150.74,0.0,0.0,157.41,0.9999253857184062,1.0,1358.7983127000014,1000.0,1358.7983127000014,1000.0,0.0,0.0
17798,1706233080000.0,0.0,0.0,0.0,150.74,0.0,0.0,158.12,0.9999253857184062,1.0,1358.7983127000014,1000.0,1358.7983127000014,1000.0,0.0,0.0
17799,1706236680000.0,0.0,0.0,0.0,150.74,0.0,0.0,157.54,0.9999253857184062,1.0,1358.7983127000014,1000.0,1358.7983127000014,1000.0,0.0,0.0
17800,1706240280000.0,0.0,0.0,0.0,150.74,0.0,0.0,158.92,0.9999253857184062,1.0,1358.7983127000014,1000.0,1358.7983127000014,1000.0,0.0,0.0
17801,1706243880000.0,0.0,0.0,0.0,150.74,0.0,0.0,159.12,0.9999253857184062,1.0,1358.7983127000014,1000.0,1358.7983127000014,1000.0,0.0,0.0
17802,1706247480000.0,0.0,0.0,0.0,150.74,0.0,0.0,159.56,0.9999253857184062,1.0,1358.7983127000014,1000.0,1358.7983127000014,1000.0,0.0,0.0
17803,1706251080000.0,0.0,0.0,0.0,150.74,0.0,0.0,161.64,0.9999253857184062,1.0,1358.7983127000014,1000.0,1358.7983127000014,1000.0,0.0,0.0
17804,1706254680000.0,0.0,0.0,0.0,150.74,0.0,0.0,159.17,0.9999253857184062,1.0,1358.7983127000014,1000.0,1358.7983127000014,1000.0,0.0,0.0
17805,1706258280000.0,0.0,0.0,0.0,150.74,0.0,0.0,156.66,0.9999253857184062,1.0,1358.7983127000014,1000.0,1358.7983127000014,1000.0,0.0,0.0
17806,1706261880000.0,0.0,0.0,0.0,150.74,0.0,0.0,156.32,0.9999253857184062,1.0,1358.7983127000014,1000.0,1358.7983127000014,1000.0,0.0,0.0
17807,1706265480000.0,0.0,0.0,0.0,150.74,0.0,0.0,156.96,0.9999253857184062,1.0,1358.7983127000014,1000.0,1358.7983127000014,1000.0,0.0,0.0
17808,1706269080000.0,0.0,0.0,0.0,150.74,0.0,0.0,157.79,0.9999253857184062,1.0,1358.7983127000014,1000.0,1358.7983127000014,1000.0,0.0,0.0
17809,1706272680000.0,0.0,0.0,0.0,150.74,0.0,0.0,159.57,0.9999253857184062,1.0,1358.7983127000014,1000.0,1358.7983127000014,1000.0,0.0,0.0
17810,1706276280000.0,0.0,0.0,0.0,150.74,0.0,0.0,158.57,0.9999253857184062,1.0,1358.7983127000014,1000.0,1358.7983127000014,1000.0,0.0,0.0
17811,1706279880000.0,0.0,0.0,0.0,150.74,0.0,0.0,158.41,0.9999253857184062,1.0,1358.7983127000014,1000.0,1358.7983127000014,1000.0,0.0,0.0
17812,1706283480000.0,0.0,0.0,0.0,150.74,0.0,0.0,157.82,0.9999253857184062,1.0,1358.7983127000014,1000.0,1358.7983127000014,1000.0,0.0,0.0
17813,1706287080000.0,0.0,0.0,0.0,150.74,0.0,0.0,158.4,0.9999253857184062,1.0,1358.7983127000014,1000.0,1358.7983127000014,1000.0,0.0,0.0
17814,1706290680000.0,0.0,0.0,0.0,150.74,0.0,0.0,158.24,0.9999253857184062,1.0,1358.7983127000014,1000.0,1358.7983127000014,1000.0,0.0,0.0
17815,1706294280000.0,0.0,0.0,0.0,150.74,0.0,0.0,158.44,0.9999253857184062,1.0,1358.7983127000014,1000.0,1358.7983127000014,1000.0,0.0,0.0
17816,1706297880000.0,0.0,0.0,0.0,150.74,0.0,0.0,158.66,0.9999253857184062,1.0,1358.7983127000014,1000.0,1358.7983127000014,1000.0,0.0,0.0
17817,1706301480000.0,0.0,0.0,0.0,150.74,0.0,0.0,158.91,0.9999253857184062,1.0,1358.7983127000014,1000.0,1358.7983127000014,1000.0,0.0,0.0
17818,1706305080000.0,0.0,0.0,0.0,150.74,0.0,0.0,158.5,0.9999253857184062,1.0,1358.7983127000014,1000.0,1358.7983127000014,1000.0,0.0,0.0
17819,1706308680000.0,0.0,0.0,0.0,150.74,0.0,0.0,159.37,0.9999253857184062,1.0,1358.7983127000014,1000.0,1358.7983127000014,1000.0,0.0,0.0
17820,1706312280000.0,0.0,0.0,0.0,150.74,0.0,0.0,159.3,0.9999253857184062,1.0,1358.7983127000014,1000.0,1358.7983127000014,1000.0,0.0,0.0
17821,1706315880000.0,0.0,0.0,0.0,150.74,0.0,0.0,158.66,0.9999253857184062,1.0,1358.7983127000014,1000.0,1358.7983127000014,1000.0,0.0,0.0
17822,1706319480000.0,0.0,0.0,0.0,150.74,0.0,0.0,158.61,0.9999253857184062,1.0,1358.7983127000014,1000.0,1358.7983127000014,1000.0,0.0,0.0
17823,1706323080000.0,0.0,0.0,0.0,150.74,0.0,0.0,158.54,0.9999253857184062,1.0,1358.7983127000014,1000.0,1358.7983127000014,1000.0,0.0,0.0
17824,1706326680000.0,0.0,0.0,0.0,150.74,0.0,0.0,159.28,0.9999253857184062,1.0,1358.7983127000014,1000.0,1358.7983127000014,1000.0,0.0,0.0
17825,1706330280000.0,0.0,0.0,0.0,150.74,0.0,0.0,158.96,0.9999253857184062,1.0,1358.7983127000014,1000.0,1358.7983127000014,1000.0,0.0,0.0
17826,1706333880000.0,0.0,0.0,0.0,150.74,0.0,0.0,157.6,0.9999253857184062,1.0,1358.7983127000014,1000.0,1358.7983127000014,1000.0,0.0,0.0
17827,1706337480000.0,0.0,0.0,0.0,150.74,0.0,0.0,159.54,0.9999253857184062,1.0,1358.7983127000014,1000.0,1358.7983127000014,1000.0,0.0,0.0
17828,1706341080000.0,0.0,0.0,0.0,150.74,0.0,0.0,160.7,0.9999253857184062,1.0,1358.7983127000014,1000.0,1358.7983127000014,1000.0,0.0,0.0
17829,1706344680000.0,0.0,0.0,0.0,150.74,0.0,0.0,160.79,0.9999253857184062,1.0,1358.7983127000014,1000.0,1358.7983127000014,1000.0,0.0,0.0
17830,1706348280000.0,0.0,0.0,0.0,150.74,0.0,0.0,159.88,0.9999253857184062,1.0,1358.7983127000014,1000.0,1358.7983127000014,1000.0,0.0,0.0
17831,1706351880000.0,0.0,0.0,0.0,150.74,0.0,0.0,160.4,0.9999253857184062,1.0,1358.7983127000014,1000.0,1358.7983127000014,1000.0,0.0,0.0
17832,1706355480000.0,0.0,0.0,0.0,150.74,0.0,0.0,160.24,0.9999253857184062,1.0,1358.7983127000014,1000.0,1358.7983127000014,1000.0,0.0,0.0
17833,1706359080000.0,0.0,0.0,0.0,150.74,0.0,0.0,161.15,0.9999253857184062,1.0,1358.7983127000014,1000.0,1358.7983127000014,1000.0,0.0,0.0
17834,1706362680000.0,0.0,0.0,0.0,150.74,0.0,0.0,160.19,0.9999253857184062,1.0,1358.7983127000014,1000.0,1358.7983127000014,1000.0,0.0,0.0
17835,1706366280000.0,0.0,0.0,0.0,150.74,0.0,0.0,160.71,0.9999253857184062,1.0,1358.7983127000014,1000.0,1358.7983127000014,1000.0,0.0,0.0
17836,1706369880000.0,0.0,0.0,0.0,150.74,0.0,0.0,160.99,0.9999253857184062,1.0,1358.7983127000014,1000.0,1358.7983127000014,1000.0,0.0,0.0
17837,1706373480000.0,0.0,0.0,0.0,150.74,0.0,0.0,160.5,0.9999253857184062,1.0,1358.7983127000014,1000.0,1358.7983127000014,1000.0,0.0,0.0
17838,1706377080000.0,0.0,0.0,0.0,150.74,0.0,0.0,159.06,0.9999253857184062,1.0,1358.7983127000014,1000.0,1358.7983127000014,1000.0,0.0,0.0
17839,1706380680000.0,0.0,0.0,0.0,150.74,0.0,0.0,159.75,0.9999253857184062,1.0,1358.7983127000014,1000.0,1358.7983127000014,1000.0,0.0,0.0
17840,1706384280000.0,0.0,0.0,0.0,150.74,0.0,0.0,159.34,0.9999253857184062,1.0,1358.7983127000014,1000.0,1358.7983127000014,1000.0,0.0,0.0
17841,1706387880000.0,0.0,0.0,0.0,150.74,0.0,0.0,159.86,0.9999253857184062,1.0,1358.7983127000014,1000.0,1358.7983127000014,1000.0,0.0,0.0
17842,1706391480000.0,0.0,0.0,0.0,150.74,0.0,0.0,160.36,0.9999253857184062,1.0,1358.7983127000014,1000.0,1358.7983127000014,1000.0,0.0,0.0
17843,1706395080000.0,0.0,0.0,0.0,150.74,0.0,0.0,159.92,0.9999253857184062,1.0,1358.7983127000014,1000.0,1358.7983127000014,1000.0,0.0,0.0
17844,1706398680000.0,0.0,0.0,0.0,150.74,0.0,0.0,159.78,0.9999253857184062,1.0,1358.7983127000014,1000.0,1358.7983127000014,1000.0,0.0,0.0
17845,1706402280000.0,0.0,0.0,0.0,150.74,0.0,0.0,160.83,0.9999253857184062,1.0,1358.7983127000014,1000.0,1358.7983127000014,1000.0,0.0,0.0
17846,1706405880000.0,0.0,0.0,0.0,150.74,0.0,0.0,160.67,0.9999253857184062,1.0,1358.7983127000014,1000.0,1358.7983127000014,1000.0,0.0,0.0
17847,1706409480000.0,0.0,0.0,0.0,150.74,0.0,0.0,160.91,0.9999253857184062,1.0,1358.7983127000014,1000.0,1358.7983127000014,1000.0,0.0,0.0
17848,1706413080000.0,0.0,0.0,0.0,150.74,0.0,0.0,161.58,0.9999253857184062,1.0,1358.7983127000014,1000.0,1358.7983127000014,1000.0,0.0,0.0
17849,1706416680000.0,0.0,0.0,0.0,150.74,0.0,0.0,161.55,0.9999253857184062,1.0,1358.7983127000014,1000.0,1358.7983127000014,1000.0,0.0,0.0
17850,1706420280000.0,0.0,0.0,0.0,150.74,0.0,0.0,161.53,0.9999253857184062,1.0,1358.7983127000014,1000.0,1358.7983127000014,1000.0,0.0,0.0
17851,1706423880000.0,0.0,0.0,0.0,150.74,0.0,0.0,161.89,0.9999253857184062,1.0,1358.7983127000014,1000.0,1358.7983127000014,1000.0,0.0,0.0
17852,1706427480000.0,0.0,0.0,0.0,150.74,0.0,0.0,160.8,0.9999253857184062,1.0,1358.7983127000014,1000.0,1358.7983127000014,1000.0,0.0,0.0
17853,1706431080000.0,0.0,0.0,0.0,150.74,0.0,0.0,162.1,0.9999253857184062,1.0,1358.7983127000014,1000.0,1358.7983127000014,1000.0,0.0,0.0
17854,1706434680000.0,0.0,0.0,0.0,150.74,0.0,0.0,161.3,0.9999253857184062,1.0,1358.7983127000014,1000.0,1358.7983127000014,1000.0,0.0,0.0
17855,1706438280000.0,0.0,0.0,0.0,150.74,0.0,0.0,161.24,0.9999253857184062,1.0,1358.7983127000014,1000.0,1358.7983127000014,1000.0,0.0,0.0
17856,1706441880000.0,0.0,0.0,0.0,150.74,0.0,0.0,160.64,0.9999253857184062,1.0,1358.7983127000014,1000.0,1358.7983127000014,1000.0,0.0,0.0
17857,1706445480000.0,0.0,0.0,0.0,150.74,0.0,0.0,159.59,0.9999253857184062,1.0,1358.7983127000014,1000.0,1358.7983127000014,1000.0,0.0,0.0
17858,1706449080000.0,0.0,0.0,0.0,150.74,0.0,0.0,159.94,0.9999253857184062,1.0,1358.7983127000014,1000.0,1358.7983127000014,1000.0,0.0,0.0
17859,1706452680000.0,0.0,0.0,0.0,150.74,0.0,0.0,159.24,0.9999253857184062,1.0,1358.7983127000014,1000.0,1358.7983127000014,1000.0,0.0,0.0
17860,1706456280000.0,0.0,0.0,0.0,150.74,0.0,0.0,160.16,0.9999253857184062,1.0,1358.7983127000014,1000.0,1358.7983127000014,1000.0,0.0,0.0
17861,1706459880000.0,0.0,0.0,0.0,150.74,0.0,0.0,160.51,0.9999253857184062,1.0,1358.7983127000014,1000.0,1358.7983127000014,1000.0,0.0,0.0
17862,1706463480000.0,0.0,0.0,0.0,150.74,0.0,0.0,159.35,0.9999253857184062,1.0,1358.7983127000014,1000.0,1358.7983127000014,1000.0,0.0,0.0
17863,1706467080000.0,0.0,0.0,0.0,150.74,0.0,0.0,159.97,0.9999253857184062,1.0,1358.7983127000014,1000.0,1358.7983127000014,1000.0,0.0,0.0
17864,1706470680000.0,0.0,0.0,0.0,150.74,0.0,0.0,159.7,0.9999253857184062,1.0,1358.7983127000014,1000.0,1358.7983127000014,1000.0,0.0,0.0
17865,1706474280000.0,0.0,0.0,0.0,150.74,0.0,0.0,160.06,0.9999253857184062,1.0,1358.7983127000014,1000.0,1358.7983127000014,1000.0,0.0,0.0
17866,1706477880000.0,0.0,0.0,0.0,150.74,0.0,0.0,159.81,0.9999253857184062,1.0,1358.7983127000014,1000.0,1358.7983127000014,1000.0,0.0,0.0
17867,1706481480000.0,0.0,0.0,0.0,150.74,0.0,0.0,159.41,0.9999253857184062,1.0,1358.7983127000014,1000.0,1358.7983127000014,1000.0,0.0,0.0
17868,1706485080000.0,0.0,0.0,0.0,150.74,0.0,0.0,160.51,0.9999253857184062,1.0,1358.7983127000014,1000.0,1358.7983127000014,1000.0,0.0,0.0
17869,1706488680000.0,0.0,0.0,0.0,150.74,0.0,0.0,160.41,0.9999253857184062,1.0,1358.7983127000014,1000.0,1358.7983127000014,1000.0,0.0,0.0
17870,1706492280000.0,0.0,0.0,0.0,150.74,0.0,0.0,161.01,0.9999253857184062,1.0,1358.7983127000014,1000.0,1358.7983127000014,1000.0,0.0,0.0
17871,1706495880000.0,0.0,0.0,0.0,150.74,0.0,0.0,162.02,0.9999253857184062,1.0,1358.7983127000014,1000.0,1358.7983127000014,1000.0,0.0,0.0
17872,1706499480000.0,0.0,0.0,0.0,150.74,0.0,0.0,161.97,0.9999253857184062,1.0,1358.7983127000014,1000.0,1358.7983127000014,1000.0,0.0,0.0
17873,1706503080000.0,0.0,0.0,0.0,150.74,0.0,0.0,161.14,0.9999253857184062,1.0,1358.7983127000014,1000.0,1358.7983127000014,1000.0,0.0,0.0
17874,1706506680000.0,0.0,0.0,0.0,150.74,0.0,0.0,162.81,0.9999253857184062,1.0,1358.7983127000014,1000.0,1358.7983127000014,1000.0,0.0,0.0
17875,1706510280000.0,0.0,0.0,0.0,150.74,0.0,0.0,162.49,0.9999253857184062,1.0,1358.7983127000014,1000.0,1358.7983127000014,1000.0,0.0,0.0
17876,1706513880000.0,0.0,0.0,0.0,150.74,0.0,0.0,163.95,0.9999253857184062,1.0,1358.7983127000014,1000.0,1358.7983127000014,1000.0,0.0,0.0
17877,1706517480000.0,0.0,0.0,0.0,150.74,0.0,0.0,164.74,0.9999253857184062,1.0,1358.7983127000014,1000.0,1358.7983127000014,1000.0,0.0,0.0
17878,1706521080000.0,0.0,0.0,0.0,150.74,0.0,0.0,164.2,0.9999253857184062,1.0,1358.7983127000014,1000.0,1358.7983127000014,1000.0,0.0,0.0
17879,1706524680000.0,0.0,0.0,0.0,150.74,0.0,0.0,163.87,0.9999253857184062,1.0,1358.7983127000014,1000.0,1358.7983127000014,1000.0,0.0,0.0
17880,1706528280000.0,0.0,0.0,0.0,150.74,0.0,0.0,163.37,0.9999253857184062,1.0,1358.7983127000014,1000.0,1358.7983127000014,1000.0,0.0,0.0
17881,1706531880000.0,0.0,0.0,0.0,150.74,0.0,0.0,163.77,0.9999253857184062,1.0,1358.7983127000014,1000.0,1358.7983127000014,1000.0,0.0,0.0
17882,1706535480000.0,0.0,0.0,0.0,150.74,0.0,0.0,164.81,0.9999253857184062,1.0,1358.7983127000014,1000.0,1358.7983127000014,1000.0,0.0,0.0
17883,1706539080000.0,0.0,0.0,0.0,150.74,0.0,0.0,167.1,0.9999253857184062,1.0,1358.7983127000014,1000.0,1358.7983127000014,1000.0,0.0,0.0
17884,1706542680000.0,0.0,0.0,0.0,150.74,0.0,0.0,166.67,0.9999253857184062,1.0,1358.7983127000014,1000.0,1358.7983127000014,1000.0,0.0,0.0
17885,1706546280000.0,0.0,0.0,0.0,150.74,0.0,0.0,165.97,0.9999253857184062,1.0,1358.7983127000014,1000.0,1358.7983127000014,1000.0,0.0,0.0
17886,1706549880000.0,0.0,0.0,0.0,150.74,0.0,0.0,165.53,0.9999253857184062,1.0,1358.7983127000014,1000.0,1358.7983127000014,1000.0,0.0,0.0
17887,1706553480000.0,0.0,0.0,0.0,150.74,0.0,0.0,168.22,0.9999253857184062,1.0,1358.7983127000014,1000.0,1358.7983127000014,1000.0,0.0,0.0
17888,1706557080000.0,0.0,0.0,0.0,150.74,0.0,0.0,167.63,0.9999253857184062,1.0,1358.7983127000014,1000.0,1358.7983127000014,1000.0,0.0,0.0
17889,1706560680000.0,0.0,0.0,0.0,150.74,0.0,0.0,167.18,0.9999253857184062,1.0,1358.7983127000014,1000.0,1358.7983127000014,1000.0,0.0,0.0
17890,1706564280000.0,0.0,0.0,0.0,150.74,0.0,0.0,167.02,0.9999253857184062,1.0,1358.7983127000014,1000.0,1358.7983127000014,1000.0,0.0,0.0
17891,1706567880000.0,0.0,0.0,0.0,150.74,0.0,0.0,166.23,0.9999253857184062,1.0,1358.7983127000014,1000.0,1358.7983127000014,1000.0,0.0,0.0
17892,1706571480000.0,0.0,0.0,0.0,150.74,0.0,0.0,167.65,0.9999253857184062,1.0,1358.7983127000014,1000.0,1358.7983127000014,1000.0,0.0,0.0
17893,1706575080000.0,0.0,0.0,0.0,150.74,0.0,0.0,167.34,0.9999253857184062,1.0,1358.7983127000014,1000.0,1358.7983127000014,1000.0,0.0,0.0
17894,1706578680000.0,0.0,0.0,0.0,150.74,0.0,0.0,167.11,0.9999253857184062,1.0,1358.7983127000014,1000.0,1358.7983127000014,1000.0,0.0,0.0
17895,1706582280000.0,0.0,0.0,0.0,150.74,0.0,0.0,167.43,0.9999253857184062,1.0,1358.7983127000014,1000.0,1358.7983127000014,1000.0,0.0,0.0
17896,1706585880000.0,0.0,0.0,0.0,150.74,0.0,0.0,167.82,0.9999253857184062,1.0,1358.7983127000014,1000.0,1358.7983127000014,1000.0,0.0,0.0
17897,1706589480000.0,0.0,0.0,0.0,150.74,0.0,0.0,168.09,0.9999253857184062,1.0,1358.7983127000014,1000.0,1358.7983127000014,1000.0,0.0,0.0
17898,1706593080000.0,0.0,0.0,0.0,150.74,0.0,0.0,168.45,0.9999253857184062,1.0,1358.7983127000014,1000.0,1358.7983127000014,1000.0,0.0,0.0
17899,1706596680000.0,0.0,0.0,0.0,150.74,0.0,0.0,169.46,0.9999253857184062,1.0,1358.7983127000014,1000.0,1358.7983127000014,1000.0,0.0,0.0
17900,1706600280000.0,0.0,0.0,0.0,150.74,0.0,0.0,171.05,0.9999253857184062,1.0,1358.7983127000014,1000.0,1358.7983127000014,1000.0,0.0,0.0
17901,1706603880000.0,0.0,0.0,0.0,150.74,0.0,0.0,168.54,0.9999253857184062,1.0,1358.7983127000014,1000.0,1358.7983127000014,1000.0,0.0,0.0
17902,1706607480000.0,0.0,0.0,0.0,150.74,0.0,0.0,167.65,0.9999253857184062,1.0,1358.7983127000014,1000.0,1358.7983127000014,1000.0,0.0,0.0
17903,1706611080000.0,0.0,0.0,0.0,150.74,0.0,0.0,167.73,0.9999253857184062,1.0,1358.7983127000014,1000.0,1358.7983127000014,1000.0,0.0,0.0
17904,1706614680000.0,0.0,0.0,0.0,150.74,0.0,0.0,166.47,0.9999253857184062,1.0,1358.7983127000014,1000.0,1358.7983127000014,1000.0,0.0,0.0
17905,1706618280000.0,0.0,0.0,0.0,150.74,0.0,0.0,164.86,0.9999253857184062,1.0,1358.7983127000014,1000.0,1358.7983127000014,1000.0,0.0,0.0
17906,1706621880000.0,0.0,0.0,0.34,161.35,0.0,0.0,161.43,0.9999253857184062,1.0,1358.7873409000013,1000.0,1358.8145409000012,1000.0,0.04037349947907507,0.0
17907,1706625480000.0,0.0,0.0,0.34,161.35,0.0,0.0,162.66,0.9999253857184062,1.0,1358.7873409000013,1000.0,1359.2327409000013,1000.0,0.04037349947907507,0.0
17908,1706629080000.0,0.0,0.0,0.34,161.35,0.0,0.0,163.23,0.9999253857184062,1.0,1358.7873409000013,1000.0,1359.4265409000013,1000.0,0.04037349947907507,0.0
17909,1706632680000.0,0.0,0.0,0.34,161.35,0.0,0.0,162.78,0.9999253857184062,1.0,1358.7873409000013,1000.0,1359.2735409000013,1000.0,0.04037349947907507,0.0
17910,1706636280000.0,0.0,0.0,0.34,161.35,0.0,0.0,161.96,0.9999253857184062,1.0,1358.7873409000013,1000.0,1358.9947409000013,1000.0,0.04037349947907507,0.0
17911,1706639880000.0,0.0,0.0,0.34,161.35,0.0,0.0,162.08,0.9999253857184062,1.0,1358.7873409000013,1000.0,1359.0355409000013,1000.0,0.04037349947907507,0.0
17912,1706643480000.0,0.0,0.0,0.34,161.35,0.0,0.0,161.71,0.9999253857184062,1.0,1358.7873409000013,1000.0,1358.9097409000012,1000.0,0.04037349947907507,0.0
17913,1706647080000.0,0.0,0.0,0.34,161.35,0.0,0.0,161.91,0.9999253857184062,1.0,1358.7873409000013,1000.0,1358.9777409000012,1000.0,0.04037349947907507,0.0
17914,1706650680000.0,0.0,0.0,0.34,161.35,0.0,0.0,160.89,0.9999253857184062,1.0,1358.7873409000013,1000.0,1358.6309409000012,1000.0,0.04037349947907507,0.0
17915,1706654280000.0,0.0,0.0,0.34,161.35,0.0,0.0,161.13,0.9999253857184062,1.0,1358.7873409000013,1000.0,1358.7125409000012,1000.0,0.04037349947907507,0.0
17916,1706657880000.0,0.0,0.0,0.34,161.35,0.0,0.0,160.49,0.9999253857184062,1.0,1358.7873409000013,1000.0,1358.4949409000012,1000.0,0.04037349947907507,0.0
17917,1706661480000.0,0.0,0.0,0.34,161.35,0.0,0.0,160.16,0.9999253857184062,1.0,1358.7873409000013,1000.0,1358.3827409000012,1000.0,0.04037349947907507,0.0
17918,1706665080000.0,0.0,0.0,0.34,161.35,0.0,0.0,159.09,0.9999253857184062,1.0,1358.7873409000013,1000.0,1358.0189409000013,1000.0,0.04037349947907507,0.0
17919,1706668680000.0,0.0,0.0,0.34,161.35,0.0,0.0,159.58,0.9999253857184062,1.0,1358.7873409000013,1000.0,1358.1855409000013,1000.0,0.04037349947907507,0.0
17920,1706672280000.0,0.0,0.0,0.34,161.35,0.0,0.0,160.08,0.9999253857184062,1.0,1358.7873409000013,1000.0,1358.3555409000012,1000.0,0.04037349947907507,0.0
17921,1706675880000.0,0.0,0.0,0.34,161.35,0.0,0.0,160.39,0.9999253857184062,1.0,1358.7873409000013,1000.0,1358.4609409000013,1000.0,0.04037349947907507,0.0
17922,1706679480000.0,0.0,0.0,0.34,161.35,0.0,0.0,161.14,0.9999253857184062,1.0,1358.7873409000013,1000.0,1358.7159409000012,1000.0,0.04037349947907507,0.0
17923,1706683080000.0,0.0,0.0,0.34,161.35,0.0,0.0,163.0,0.9999253857184062,1.0,1358.7873409000013,1000.0,1359.3483409000012,1000.0,0.04037349947907507,0.0
17924,1706686680000.0,0.0,0.0,0.34,161.35,0.0,0.0,163.77,0.9999253857184062,1.0,1358.7873409000013,1000.0,1359.6101409000012,1000.0,0.04037349947907507,0.0
17925,1706690280000.0,0.0,0.0,0.34,161.35,0.0,0.0,161.86,0.9999253857184062,1.0,1358.7873409000013,1000.0,1358.9607409000012,1000.0,0.04037349947907507,0.0
17926,1706693880000.0,0.0,0.0,0.34,161.35,0.0,0.0,160.65,0.9999253857184062,1.0,1358.7873409000013,1000.0,1358.5493409000012,1000.0,0.04037349947907507,0.0
17927,1706697480000.0,0.0,0.0,0.34,161.35,0.0,0.0,162.6,0.9999253857184062,1.0,1358.7873409000013,1000.0,1359.2123409000012,1000.0,0.04037349947907507,0.0
17928,1706701080000.0,0.0,0.0,0.34,161.35,0.0,0.0,163.39,0.9999253857184062,1.0,1358.7873409000013,1000.0,1359.4809409000013,1000.0,0.04037349947907507,0.0
17929,1706704680000.0,0.0,0.0,0.34,161.35,0.0,0.0,163.62,0.9999253857184062,1.0,1358.7873409000013,1000.0,1359.5591409000012,1000.0,0.04037349947907507,0.0
17930,1706708280000.0,0.0,0.0,0.34,161.35,0.0,0.0,164.61,0.9999253857184062,1.0,1358.7873409000013,1000.0,1359.8957409000013,1000.0,0.04037349947907507,0.0
17931,1706711880000.0,0.0,0.0,0.34,161.35,0.0,0.0,165.74,0.9999253857184062,1.0,1358.7873409000013,1000.0,1360.2799409000013,1000.0,0.04037349947907507,0.0
17932,1706715480000.0,0.0,0.0,0.34,161.35,0.0,0.0,164.51,0.9999253857184062,1.0,1358.7873409000013,1000.0,1359.8617409000012,1000.0,0.04037349947907507,0.0
17933,1706719080000.0,0.0,0.0,0.34,161.35,0.0,0.0,165.4,0.9999253857184062,1.0,1358.7873409000013,1000.0,1360.1643409000012,1000.0,0.04037349947907507,0.0
17934,1706722680000.0,0.0,0.0,0.08,161.35,0.0,0.0,166.29,0.9999253857184062,1.0,1360.0396985000016,1000.0,1360.4348985000015,1000.0,0.009490899430535986,0.0
17935,1706726280000.0,0.0,0.0,0.01,161.35,0.0,0.0,164.42,0.9999253857184062,1.0,1360.3768717000019,1000.0,1360.4075717000019,1000.0,0.00118606838558177,0.0
17936,1706729880000.0,0.0,0.0,0.01,161.35,0.0,0.0,165.41,0.9999253857184062,1.0,1360.3768717000019,1000.0,1360.417471700002,1000.0,0.00118606838558177,0.0
17937,1706733480000.0,0.0,0.0,0.01,161.35,0.0,0.0,164.6,0.9999253857184062,1.0,1360.3768717000019,1000.0,1360.4093717000019,1000.0,0.00118606838558177,0.0
17938,1706737080000.0,0.0,0.0,0.01,161.35,0.0,0.0,163.77,0.9999253857184062,1.0,1360.3768717000019,1000.0,1360.401071700002,1000.0,0.00118606838558177,0.0
17939,1706740680000.0,0.0,0.0,0.01,161.35,0.0,0.0,164.62,0.9999253857184062,1.0,1360.3768717000019,1000.0,1360.4095717000018,1000.0,0.00118606838558177,0.0
17940,1706744280000.0,0.0,0.0,0.0,161.35,0.0,0.0,165.85,0.9999253857184062,1.0,1360.425039300002,1000.0,1360.425039300002,1000.0,0.0,0.0
17941,1706747880000.0,0.0,0.0,0.0,161.35,0.0,0.0,164.74,0.9999253857184062,1.0,1360.425039300002,1000.0,1360.425039300002,1000.0,0.0,0.0
17942,1706751480000.0,0.0,0.0,0.0,161.35,0.0,0.0,164.94,0.9999253857184062,1.0,1360.425039300002,1000.0,1360.425039300002,1000.0,0.0,0.0
17943,1706755080000.0,0.0,0.0,0.0,161.35,0.0,0.0,166.03,0.9999253857184062,1.0,1360.425039300002,1000.0,1360.425039300002,1000.0,0.0,0.0
17944,1706758680000.0,0.0,0.0,0.0,161.35,0.0,0.0,167.25,0.9999253857184062,1.0,1360.425039300002,1000.0,1360.425039300002,1000.0,0.0,0.0
17945,1706762280000.0,0.0,0.0,0.0,161.35,0.0,0.0,167.99,0.9999253857184062,1.0,1360.425039300002,1000.0,1360.425039300002,1000.0,0.0,0.0
17946,1706765880000.0,0.0,0.0,0.0,161.35,0.0,0.0,167.79,0.9999253857184062,1.0,1360.425039300002,1000.0,1360.425039300002,1000.0,0.0,0.0
17947,1706769480000.0,0.0,0.0,0.0,161.35,0.0,0.0,166.57,0.9999253857184062,1.0,1360.425039300002,1000.0,1360.425039300002,1000.0,0.0,0.0
17948,1706773080000.0,0.0,0.0,0.0,161.35,0.0,0.0,167.19,0.9999253857184062,1.0,1360.425039300002,1000.0,1360.425039300002,1000.0,0.0,0.0
17949,1706776680000.0,0.0,0.0,0.0,161.35,0.0,0.0,168.43,0.9999253857184062,1.0,1360.425039300002,1000.0,1360.425039300002,1000.0,0.0,0.0
17950,1706780280000.0,0.0,0.0,0.0,161.35,0.0,0.0,168.27,0.9999253857184062,1.0,1360.425039300002,1000.0,1360.425039300002,1000.0,0.0,0.0
17951,1706783880000.0,0.0,0.0,0.0,161.35,0.0,0.0,168.45,0.9999253857184062,1.0,1360.425039300002,1000.0,1360.425039300002,1000.0,0.0,0.0
17952,1706787480000.0,0.0,0.0,0.0,161.35,0.0,0.0,167.88,0.9999253857184062,1.0,1360.425039300002,1000.0,1360.425039300002,1000.0,0.0,0.0
17953,1706791080000.0,0.0,0.0,0.0,161.35,0.0,0.0,168.35,0.9999253857184062,1.0,1360.425039300002,1000.0,1360.425039300002,1000.0,0.0,0.0
17954,1706794680000.0,0.0,0.0,0.0,161.35,0.0,0.0,167.9,0.9999253857184062,1.0,1360.425039300002,1000.0,1360.425039300002,1000.0,0.0,0.0
17955,1706798280000.0,0.0,0.0,0.0,161.35,0.0,0.0,167.74,0.9999253857184062,1.0,1360.425039300002,1000.0,1360.425039300002,1000.0,0.0,0.0
17956,1706801880000.0,0.0,0.0,0.0,161.35,0.0,0.0,167.49,0.9999253857184062,1.0,1360.425039300002,1000.0,1360.425039300002,1000.0,0.0,0.0
17957,1706805480000.0,0.0,0.0,0.0,161.35,0.0,0.0,166.3,0.9999253857184062,1.0,1360.425039300002,1000.0,1360.425039300002,1000.0,0.0,0.0
17958,1706809080000.0,0.0,0.0,0.0,161.35,0.0,0.0,166.72,0.9999253857184062,1.0,1360.425039300002,1000.0,1360.425039300002,1000.0,0.0,0.0
17959,1706812680000.0,0.0,0.0,0.0,161.35,0.0,0.0,167.49,0.9999253857184062,1.0,1360.425039300002,1000.0,1360.425039300002,1000.0,0.0,0.0
17960,1706816280000.0,0.0,0.0,0.0,161.35,0.0,0.0,166.94,0.9999253857184062,1.0,1360.425039300002,1000.0,1360.425039300002,1000.0,0.0,0.0
17961,1706819880000.0,0.0,0.0,0.0,161.35,0.0,0.0,166.83,0.9999253857184062,1.0,1360.425039300002,1000.0,1360.425039300002,1000.0,0.0,0.0
17962,1706823480000.0,0.0,0.0,0.0,161.35,0.0,0.0,167.28,0.9999253857184062,1.0,1360.425039300002,1000.0,1360.425039300002,1000.0,0.0,0.0
17963,1706827080000.0,0.0,0.0,0.0,161.35,0.0,0.0,166.59,0.9999253857184062,1.0,1360.425039300002,1000.0,1360.425039300002,1000.0,0.0,0.0
17964,1706830680000.0,0.0,0.0,0.0,161.35,0.0,0.0,166.32,0.9999253857184062,1.0,1360.425039300002,1000.0,1360.425039300002,1000.0,0.0,0.0
17965,1706834280000.0,0.0,0.0,0.0,161.35,0.0,0.0,165.78,0.9999253857184062,1.0,1360.425039300002,1000.0,1360.425039300002,1000.0,0.0,0.0
17966,1706837880000.0,0.0,0.0,0.0,161.35,0.0,0.0,166.01,0.9999253857184062,1.0,1360.425039300002,1000.0,1360.425039300002,1000.0,0.0,0.0
17967,1706841480000.0,0.0,0.0,0.0,161.35,0.0,0.0,166.14,0.9999253857184062,1.0,1360.425039300002,1000.0,1360.425039300002,1000.0,0.0,0.0
17968,1706845080000.0,0.0,0.0,0.0,161.35,0.0,0.0,168.11,0.9999253857184062,1.0,1360.425039300002,1000.0,1360.425039300002,1000.0,0.0,0.0
17969,1706848680000.0,0.0,0.0,0.0,161.35,0.0,0.0,168.74,0.9999253857184062,1.0,1360.425039300002,1000.0,1360.425039300002,1000.0,0.0,0.0
17970,1706852280000.0,0.0,0.0,0.0,161.35,0.0,0.0,168.02,0.9999253857184062,1.0,1360.425039300002,1000.0,1360.425039300002,1000.0,0.0,0.0
17971,1706855880000.0,0.0,0.0,0.0,161.35,0.0,0.0,168.35,0.9999253857184062,1.0,1360.425039300002,1000.0,1360.425039300002,1000.0,0.0,0.0
17972,1706859480000.0,0.0,0.0,0.0,161.35,0.0,0.0,168.3,0.9999253857184062,1.0,1360.425039300002,1000.0,1360.425039300002,1000.0,0.0,0.0
17973,1706863080000.0,0.0,0.0,0.0,161.35,0.0,0.0,167.83,0.9999253857184062,1.0,1360.425039300002,1000.0,1360.425039300002,1000.0,0.0,0.0
17974,1706866680000.0,0.0,0.0,0.0,161.35,0.0,0.0,168.1,0.9999253857184062,1.0,1360.425039300002,1000.0,1360.425039300002,1000.0,0.0,0.0
17975,1706870280000.0,0.0,0.0,0.0,161.35,0.0,0.0,167.71,0.9999253857184062,1.0,1360.425039300002,1000.0,1360.425039300002,1000.0,0.0,0.0
17976,1706873880000.0,0.0,0.0,0.0,161.35,0.0,0.0,168.25,0.9999253857184062,1.0,1360.425039300002,1000.0,1360.425039300002,1000.0,0.0,0.0
17977,1706877480000.0,0.0,0.0,0.0,161.35,0.0,0.0,168.98,0.9999253857184062,1.0,1360.425039300002,1000.0,1360.425039300002,1000.0,0.0,0.0
17978,1706881080000.0,0.0,0.0,0.0,161.35,0.0,0.0,167.82,0.9999253857184062,1.0,1360.425039300002,1000.0,1360.425039300002,1000.0,0.0,0.0
17979,1706884680000.0,0.0,0.0,0.0,161.35,0.0,0.0,168.5,0.9999253857184062,1.0,1360.425039300002,1000.0,1360.425039300002,1000.0,0.0,0.0
17980,1706888280000.0,0.0,0.0,0.0,161.35,0.0,0.0,169.61,0.9999253857184062,1.0,1360.425039300002,1000.0,1360.425039300002,1000.0,0.0,0.0
17981,1706891880000.0,0.0,0.0,0.0,161.35,0.0,0.0,168.18,0.9999253857184062,1.0,1360.425039300002,1000.0,1360.425039300002,1000.0,0.0,0.0
17982,1706895480000.0,0.0,0.0,0.0,161.35,0.0,0.0,167.2,0.9999253857184062,1.0,1360.425039300002,1000.0,1360.425039300002,1000.0,0.0,0.0
17983,1706899080000.0,0.0,0.0,0.0,161.35,0.0,0.0,167.24,0.9999253857184062,1.0,1360.425039300002,1000.0,1360.425039300002,1000.0,0.0,0.0
17984,1706902680000.0,0.0,0.0,0.0,161.35,0.0,0.0,167.18,0.9999253857184062,1.0,1360.425039300002,1000.0,1360.425039300002,1000.0,0.0,0.0
17985,1706906280000.0,0.0,0.0,0.0,161.35,0.0,0.0,167.86,0.9999253857184062,1.0,1360.425039300002,1000.0,1360.425039300002,1000.0,0.0,0.0
17986,1706909880000.0,0.0,0.0,0.0,161.35,0.0,0.0,169.14,0.9999253857184062,1.0,1360.425039300002,1000.0,1360.425039300002,1000.0,0.0,0.0
17987,1706913480000.0,0.0,0.0,0.0,161.35,0.0,0.0,169.72,0.9999253857184062,1.0,1360.425039300002,1000.0,1360.425039300002,1000.0,0.0,0.0
17988,1706917080000.0,0.0,0.0,0.0,161.35,0.0,0.0,167.66,0.9999253857184062,1.0,1360.425039300002,1000.0,1360.425039300002,1000.0,0.0,0.0
17989,1706920680000.0,0.0,0.0,0.0,161.35,0.0,0.0,169.24,0.9999253857184062,1.0,1360.425039300002,1000.0,1360.425039300002,1000.0,0.0,0.0
17990,1706924280000.0,0.0,0.0,0.0,161.35,0.0,0.0,168.7,0.9999253857184062,1.0,1360.425039300002,1000.0,1360.425039300002,1000.0,0.0,0.0
17991,1706927880000.0,0.0,0.0,0.0,161.35,0.0,0.0,169.32,0.9999253857184062,1.0,1360.425039300002,1000.0,1360.425039300002,1000.0,0.0,0.0
17992,1706931480000.0,0.0,0.0,0.0,161.35,0.0,0.0,168.96,0.9999253857184062,1.0,1360.425039300002,1000.0,1360.425039300002,1000.0,0.0,0.0
17993,1706935080000.0,0.0,0.0,0.0,161.35,0.0,0.0,168.35,0.9999253857184062,1.0,1360.425039300002,1000.0,1360.425039300002,1000.0,0.0,0.0
17994,1706938680000.0,0.0,0.0,0.0,161.35,0.0,0.0,168.66,0.9999253857184062,1.0,1360.425039300002,1000.0,1360.425039300002,1000.0,0.0,0.0
17995,1706942280000.0,0.0,0.0,0.0,161.35,0.0,0.0,169.29,0.9999253857184062,1.0,1360.425039300002,1000.0,1360.425039300002,1000.0,0.0,0.0
17996,1706945880000.0,0.0,0.0,0.0,161.35,0.0,0.0,169.11,0.9999253857184062,1.0,1360.425039300002,1000.0,1360.425039300002,1000.0,0.0,0.0
17997,1706949480000.0,0.0,0.0,0.0,161.35,0.0,0.0,169.11,0.9999253857184062,1.0,1360.425039300002,1000.0,1360.425039300002,1000.0,0.0,0.0
17998,1706953080000.0,0.0,0.0,0.0,161.35,0.0,0.0,169.11,0.9999253857184062,1.0,1360.425039300002,1000.0,1360.425039300002,1000.0,0.0,0.0
17999,1706956680000.0,0.0,0.0,0.0,161.35,0.0,0.0,168.35,0.9999253857184062,1.0,1360.425039300002,1000.0,1360.425039300002,1000.0,0.0,0.0
18000,1706960280000.0,0.0,0.0,0.0,161.35,0.0,0.0,168.32,0.9999253857184062,1.0,1360.425039300002,1000.0,1360.425039300002,1000.0,0.0,0.0
18001,1706963880000.0,0.0,0.0,0.0,161.35,0.0,0.0,167.51,0.9999253857184062,1.0,1360.425039300002,1000.0,1360.425039300002,1000.0,0.0,0.0
18002,1706967480000.0,0.0,0.0,0.0,161.35,0.0,0.0,167.62,0.9999253857184062,1.0,1360.425039300002,1000.0,1360.425039300002,1000.0,0.0,0.0
18003,1706971080000.0,0.0,0.0,0.0,161.35,0.0,0.0,167.95,0.9999253857184062,1.0,1360.425039300002,1000.0,1360.425039300002,1000.0,0.0,0.0
18004,1706974680000.0,0.0,0.0,0.0,161.35,0.0,0.0,167.99,0.9999253857184062,1.0,1360.425039300002,1000.0,1360.425039300002,1000.0,0.0,0.0
18005,1706978280000.0,0.0,0.0,0.0,161.35,0.0,0.0,167.01,0.9999253857184062,1.0,1360.425039300002,1000.0,1360.425039300002,1000.0,0.0,0.0
18006,1706981880000.0,0.0,0.0,0.0,161.35,0.0,0.0,166.54,0.9999253857184062,1.0,1360.425039300002,1000.0,1360.425039300002,1000.0,0.0,0.0
18007,1706985480000.0,0.0,0.0,0.0,161.35,0.0,0.0,162.9,0.9999253857184062,1.0,1360.425039300002,1000.0,1360.425039300002,1000.0,0.0,0.0
18008,1706989080000.0,0.0,0.0,0.0,161.35,0.0,0.0,163.26,0.9999253857184062,1.0,1360.425039300002,1000.0,1360.425039300002,1000.0,0.0,0.0
18009,1706992680000.0,0.0,0.0,0.0,161.35,0.0,0.0,164.39,0.9999253857184062,1.0,1360.425039300002,1000.0,1360.425039300002,1000.0,0.0,0.0
18010,1706996280000.0,0.0,0.0,0.0,161.35,0.0,0.0,164.86,0.9999253857184062,1.0,1360.425039300002,1000.0,1360.425039300002,1000.0,0.0,0.0
18011,1706999880000.0,0.0,0.0,0.0,161.35,0.0,0.0,165.12,0.9999253857184062,1.0,1360.425039300002,1000.0,1360.425039300002,1000.0,0.0,0.0
18012,1707003480000.0,0.0,0.0,0.0,161.35,0.0,0.0,165.17,0.9999253857184062,1.0,1360.425039300002,1000.0,1360.425039300002,1000.0,0.0,0.0
18013,1707007080000.0,0.0,0.0,0.0,161.35,0.0,0.0,165.64,0.9999253857184062,1.0,1360.425039300002,1000.0,1360.425039300002,1000.0,0.0,0.0
18014,1707010680000.0,0.0,0.0,0.0,161.35,0.0,0.0,166.88,0.9999253857184062,1.0,1360.425039300002,1000.0,1360.425039300002,1000.0,0.0,0.0
18015,1707014280000.0,0.0,0.0,0.0,161.35,0.0,0.0,166.99,0.9999253857184062,1.0,1360.425039300002,1000.0,1360.425039300002,1000.0,0.0,0.0
18016,1707017880000.0,0.0,0.0,0.0,161.35,0.0,0.0,167.21,0.9999253857184062,1.0,1360.425039300002,1000.0,1360.425039300002,1000.0,0.0,0.0
18017,1707021480000.0,0.0,0.0,0.0,161.35,0.0,0.0,166.56,0.9999253857184062,1.0,1360.425039300002,1000.0,1360.425039300002,1000.0,0.0,0.0
18018,1707025080000.0,0.0,0.0,0.0,161.35,0.0,0.0,166.1,0.9999253857184062,1.0,1360.425039300002,1000.0,1360.425039300002,1000.0,0.0,0.0
18019,1707028680000.0,0.0,0.0,0.0,161.35,0.0,0.0,166.09,0.9999253857184062,1.0,1360.425039300002,1000.0,1360.425039300002,1000.0,0.0,0.0
18020,1707032280000.0,0.0,0.0,0.0,161.35,0.0,0.0,165.66,0.9999253857184062,1.0,1360.425039300002,1000.0,1360.425039300002,1000.0,0.0,0.0
18021,1707035880000.0,0.0,0.0,0.0,161.35,0.0,0.0,166.25,0.9999253857184062,1.0,1360.425039300002,1000.0,1360.425039300002,1000.0,0.0,0.0
18022,1707039480000.0,0.0,0.0,0.0,161.35,0.0,0.0,165.64,0.9999253857184062,1.0,1360.425039300002,1000.0,1360.425039300002,1000.0,0.0,0.0
18023,1707043080000.0,0.0,0.0,0.0,161.35,0.0,0.0,165.36,0.9999253857184062,1.0,1360.425039300002,1000.0,1360.425039300002,1000.0,0.0,0.0
18024,1707046680000.0,0.0,0.0,0.0,161.35,0.0,0.0,165.94,0.9999253857184062,1.0,1360.425039300002,1000.0,1360.425039300002,1000.0,0.0,0.0
18025,1707050280000.0,0.0,0.0,0.0,161.35,0.0,0.0,165.74,0.9999253857184062,1.0,1360.425039300002,1000.0,1360.425039300002,1000.0,0.0,0.0
18026,1707053880000.0,0.0,0.0,0.0,161.35,0.0,0.0,165.53,0.9999253857184062,1.0,1360.425039300002,1000.0,1360.425039300002,1000.0,0.0,0.0
18027,1707057480000.0,0.0,0.0,0.0,161.35,0.0,0.0,166.51,0.9999253857184062,1.0,1360.425039300002,1000.0,1360.425039300002,1000.0,0.0,0.0
18028,1707061080000.0,0.0,0.0,0.0,161.35,0.0,0.0,167.09,0.9999253857184062,1.0,1360.425039300002,1000.0,1360.425039300002,1000.0,0.0,0.0
18029,1707064680000.0,0.0,0.0,0.0,161.35,0.0,0.0,167.04,0.9999253857184062,1.0,1360.425039300002,1000.0,1360.425039300002,1000.0,0.0,0.0
18030,1707068280000.0,0.0,0.0,0.0,161.35,0.0,0.0,167.54,0.9999253857184062,1.0,1360.425039300002,1000.0,1360.425039300002,1000.0,0.0,0.0
18031,1707071880000.0,0.0,0.0,0.0,161.35,0.0,0.0,166.37,0.9999253857184062,1.0,1360.425039300002,1000.0,1360.425039300002,1000.0,0.0,0.0
18032,1707075480000.0,0.0,0.0,0.0,161.35,0.0,0.0,165.91,0.9999253857184062,1.0,1360.425039300002,1000.0,1360.425039300002,1000.0,0.0,0.0
18033,1707079080000.0,0.0,0.0,0.0,161.35,0.0,0.0,166.5,0.9999253857184062,1.0,1360.425039300002,1000.0,1360.425039300002,1000.0,0.0,0.0
18034,1707082680000.0,0.0,0.0,0.0,161.35,0.0,0.0,165.91,0.9999253857184062,1.0,1360.425039300002,1000.0,1360.425039300002,1000.0,0.0,0.0
18035,1707086280000.0,0.0,0.0,0.0,161.35,0.0,0.0,165.68,0.9999253857184062,1.0,1360.425039300002,1000.0,1360.425039300002,1000.0,0.0,0.0
18036,1707089880000.0,0.0,0.0,0.0,161.35,0.0,0.0,166.07,0.9999253857184062,1.0,1360.425039300002,1000.0,1360.425039300002,1000.0,0.0,0.0
18037,1707093480000.0,0.0,0.0,0.0,161.35,0.0,0.0,165.86,0.9999253857184062,1.0,1360.425039300002,1000.0,1360.425039300002,1000.0,0.0,0.0
18038,1707097080000.0,0.0,0.0,0.0,161.35,0.0,0.0,166.76,0.9999253857184062,1.0,1360.425039300002,1000.0,1360.425039300002,1000.0,0.0,0.0
18039,1707100680000.0,0.0,0.0,0.0,161.35,0.0,0.0,167.64,0.9999253857184062,1.0,1360.425039300002,1000.0,1360.425039300002,1000.0,0.0,0.0
18040,1707104280000.0,0.0,0.0,0.0,161.35,0.0,0.0,166.44,0.9999253857184062,1.0,1360.425039300002,1000.0,1360.425039300002,1000.0,0.0,0.0
18041,1707107880000.0,0.0,0.0,0.0,161.35,0.0,0.0,167.65,0.9999253857184062,1.0,1360.425039300002,1000.0,1360.425039300002,1000.0,0.0,0.0
18042,1707111480000.0,0.0,0.0,0.0,161.35,0.0,0.0,167.28,0.9999253857184062,1.0,1360.425039300002,1000.0,1360.425039300002,1000.0,0.0,0.0
18043,1707115080000.0,0.0,0.0,0.0,161.35,0.0,0.0,166.35,0.9999253857184062,1.0,1360.425039300002,1000.0,1360.425039300002,1000.0,0.0,0.0
18044,1707118680000.0,0.0,0.0,0.0,161.35,0.0,0.0,166.85,0.9999253857184062,1.0,1360.425039300002,1000.0,1360.425039300002,1000.0,0.0,0.0
18045,1707122280000.0,0.0,0.0,0.0,161.35,0.0,0.0,166.29,0.9999253857184062,1.0,1360.425039300002,1000.0,1360.425039300002,1000.0,0.0,0.0
18046,1707125880000.0,0.0,0.0,0.0,161.35,0.0,0.0,165.97,0.9999253857184062,1.0,1360.425039300002,1000.0,1360.425039300002,1000.0,0.0,0.0
18047,1707129480000.0,0.0,0.0,0.0,161.35,0.0,0.0,166.28,0.9999253857184062,1.0,1360.425039300002,1000.0,1360.425039300002,1000.0,0.0,0.0
18048,1707133080000.0,0.0,0.0,0.0,161.35,0.0,0.0,166.09,0.9999253857184062,1.0,1360.425039300002,1000.0,1360.425039300002,1000.0,0.0,0.0
18049,1707136680000.0,0.0,0.0,0.0,161.35,0.0,0.0,165.38,0.9999253857184062,1.0,1360.425039300002,1000.0,1360.425039300002,1000.0,0.0,0.0
18050,1707140280000.0,0.0,0.0,0.0,161.35,0.0,0.0,164.74,0.9999253857184062,1.0,1360.425039300002,1000.0,1360.425039300002,1000.0,0.0,0.0
18051,1707143880000.0,0.0,0.0,0.0,161.35,0.0,0.0,164.25,0.9999253857184062,1.0,1360.425039300002,1000.0,1360.425039300002,1000.0,0.0,0.0
18052,1707147480000.0,0.0,0.0,0.0,161.35,0.0,0.0,164.36,0.9999253857184062,1.0,1360.425039300002,1000.0,1360.425039300002,1000.0,0.0,0.0
18053,1707151080000.0,0.0,0.0,0.0,161.35,0.0,0.0,164.41,0.9999253857184062,1.0,1360.425039300002,1000.0,1360.425039300002,1000.0,0.0,0.0
18054,1707154680000.0,0.0,0.0,0.0,161.35,0.0,0.0,165.11,0.9999253857184062,1.0,1360.425039300002,1000.0,1360.425039300002,1000.0,0.0,0.0
18055,1707158280000.0,0.0,0.0,0.0,161.35,0.0,0.0,164.55,0.9999253857184062,1.0,1360.425039300002,1000.0,1360.425039300002,1000.0,0.0,0.0
18056,1707161880000.0,0.0,0.0,0.0,161.35,0.0,0.0,165.49,0.9999253857184062,1.0,1360.425039300002,1000.0,1360.425039300002,1000.0,0.0,0.0
18057,1707165480000.0,0.0,0.0,0.0,161.35,0.0,0.0,165.72,0.9999253857184062,1.0,1360.425039300002,1000.0,1360.425039300002,1000.0,0.0,0.0
18058,1707169080000.0,0.0,0.0,0.0,161.35,0.0,0.0,165.1,0.9999253857184062,1.0,1360.425039300002,1000.0,1360.425039300002,1000.0,0.0,0.0
18059,1707172680000.0,0.0,0.0,0.0,161.35,0.0,0.0,164.05,0.9999253857184062,1.0,1360.425039300002,1000.0,1360.425039300002,1000.0,0.0,0.0
18060,1707176280000.0,0.0,0.0,0.0,161.35,0.0,0.0,165.1,0.9999253857184062,1.0,1360.425039300002,1000.0,1360.425039300002,1000.0,0.0,0.0
18061,1707179880000.0,0.0,0.0,0.0,161.35,0.0,0.0,165.39,0.9999253857184062,1.0,1360.425039300002,1000.0,1360.425039300002,1000.0,0.0,0.0
18062,1707183480000.0,0.0,0.0,0.0,161.35,0.0,0.0,166.0,0.9999253857184062,1.0,1360.425039300002,1000.0,1360.425039300002,1000.0,0.0,0.0
18063,1707187080000.0,0.0,0.0,0.0,161.35,0.0,0.0,166.6,0.9999253857184062,1.0,1360.425039300002,1000.0,1360.425039300002,1000.0,0.0,0.0
18064,1707190680000.0,0.0,0.0,0.0,161.35,0.0,0.0,166.28,0.9999253857184062,1.0,1360.425039300002,1000.0,1360.425039300002,1000.0,0.0,0.0
18065,1707194280000.0,0.0,0.0,0.0,161.35,0.0,0.0,166.68,0.9999253857184062,1.0,1360.425039300002,1000.0,1360.425039300002,1000.0,0.0,0.0
18066,1707197880000.0,0.0,0.0,0.0,161.35,0.0,0.0,166.45,0.9999253857184062,1.0,1360.425039300002,1000.0,1360.425039300002,1000.0,0.0,0.0
18067,1707201480000.0,0.0,0.0,0.0,161.35,0.0,0.0,166.06,0.9999253857184062,1.0,1360.425039300002,1000.0,1360.425039300002,1000.0,0.0,0.0
18068,1707205080000.0,0.0,0.0,1.06,153.87235849056603,0.0,0.0,146.95,0.9999253857184062,1.0,1360.392418360002,1000.0,1353.054718360002,1000.0,0.11989533152252356,0.0
18069,1707208680000.0,0.0,0.0,1.57,150.32108280254775,0.0,0.0,141.86,0.9999253857184062,1.0,1360.377838480002,1000.0,1347.0939384800022,1000.0,0.17348422866377744,0.0
18070,1707212280000.0,0.0,0.0,2.32,145.91125,0.0,0.0,137.72,0.9999253857184062,1.0,1360.357336480002,1000.0,1341.353636480002,1000.0,0.2488420438676234,0.0
18071,1707215880000.0,0.0,0.0,2.32,145.91125,0.0,0.0,140.0,0.9999253857184062,1.0,1360.357336480002,1000.0,1346.643236480002,1000.0,0.2488420438676234,0.0
18072,1707219480000.0,0.0,0.0,2.32,145.91125,0.0,0.0,139.98,0.9999253857184062,1.0,1360.357336480002,1000.0,1346.596836480002,1000.0,0.2488420438676234,0.0
18073,1707223080000.0,0.0,0.0,2.32,145.91125,0.0,0.0,132.53,0.9999253857184062,1.0,1360.357336480002,1000.0,1329.312836480002,1000.0,0.2488420438676234,0.0
18074,1707226680000.0,0.0,0.0,3.43,140.31553935860057,0.0,0.0,125.25,0.9999253857184062,1.0,1360.328782840002,1000.0,1308.653982840002,1000.0,0.3537985125884137,0.0
18075,1707230280000.0,0.0,0.0,3.43,140.31553935860057,0.0,0.0,124.78,0.9999253857184062,1.0,1360.328782840002,1000.0,1307.041882840002,1000.0,0.3537985125884137,0.0
18076,1707233880000.0,0.0,0.0,5.07,133.1844378698225,0.0,0.0,110.3,0.9999253857184062,1.0,1360.289990280002,1000.0,1244.265890280002,1000.0,0.49639790399472666,0.0
18077,1707237480000.0,0.0,0.0,5.07,133.1844378698225,0.0,0.0,114.18,0.9999253857184062,1.0,1360.289990280002,1000.0,1263.937490280002,1000.0,0.49639790399472666,0.0
18078,1707241080000.0,0.0,0.0,5.07,133.1844378698225,0.0,0.0,110.31,0.9999253857184062,1.0,1360.289990280002,1000.0,1244.316590280002,1000.0,0.49639790399472666,0.0
18079,1707244680000.0,0.0,0.0,7.5,124.14016000000001,0.0,0.0,103.46,0.9999253857184062,1.0,1360.238829060002,1000.0,1205.137629060002,1000.0,0.6844762699822401,0.0
18080,1707248280000.0,0.0,0.0,7.5,124.14016000000001,0.0,0.0,103.22,0.9999253857184062,1.0,1360.238829060002,1000.0,1203.337629060002,1000.0,0.6844762699822401,0.0
18081,1707251880000.0,0.0,0.0,7.5,124.14016000000001,0.0,0.0,107.01,0.9999253857184062,1.0,1360.238829060002,1000.0,1231.762629060002,1000.0,0.6844762699822401,0.0
18082,1707255480000.0,0.0,0.0,7.5,124.14016000000001,0.0,0.0,105.8,0.9999253857184062,1.0,1360.238829060002,1000.0,1222.6876290600019,1000.0,0.6844762699822401,0.0
18083,1707259080000.0,0.0,0.0,7.5,124.14016000000001,0.0,0.0,103.5,0.9999253857184062,1.0,1360.238829060002,1000.0,1205.4376290600019,1000.0,0.6844762699822401,0.0
18084,1707262680000.0,0.0,0.0,7.5,124.14016000000001,0.0,0.0,105.12,0.9999253857184062,1.0,1360.238829060002,1000.0,1217.587629060002,1000.0,0.6844762699822401,0.0
18085,1707266280000.0,0.0,0.0,7.5,124.14016000000001,0.0,0.0,104.8,0.9999253857184062,1.0,1360.238829060002,1000.0,1215.1876290600019,1000.0,0.6844762699822401,0.0
18086,1707269880000.0,0.0,0.0,7.5,124.14016000000001,0.0,0.0,110.92,0.9999253857184062,1.0,1360.238829060002,1000.0,1261.087629060002,1000.0,0.6844762699822401,0.0
18087,1707273480000.0,0.0,0.0,7.5,124.14016000000001,0.0,0.0,112.1,0.9999253857184062,1.0,1360.238829060002,1000.0,1269.9376290600019,1000.0,0.6844762699822401,0.0
18088,1707277080000.0,0.0,0.0,7.5,124.14016000000001,0.0,0.0,116.08,0.9999253857184062,1.0,1360.238829060002,1000.0,1299.787629060002,1000.0,0.6844762699822401,0.0
18089,1707280680000.0,0.0,0.0,7.5,124.14016000000001,0.0,0.0,118.32,0.9999253857184062,1.0,1360.238829060002,1000.0,1316.587629060002,1000.0,0.6844762699822401,0.0
18090,1707284280000.0,0.0,0.0,0.56,124.14016000000001,0.0,0.0,125.43,0.9999253857184062,1.0,1393.4699301000019,1000.0,1394.1922405000018,1000.0,0.04988876193045015,0.0
18091,1707287880000.0,0.0,0.0,0.12,124.14016000000001,0.0,0.0,128.7,0.9999253857184062,1.0,1395.0998071400022,1000.0,1395.6469879400022,1000.0,0.010677959471974224,0.0
18092,1707291480000.0,0.0,0.0,0.0,124.14016000000001,0.0,0.0,131.1,0.9999253857184062,1.0,1395.7248829400023,1000.0,1395.7248829400023,1000.0,0.0,0.0
18093,1707295080000.0,0.0,0.0,0.0,124.14016000000001,0.0,0.0,125.77,0.9999253857184062,1.0,1395.7248829400023,1000.0,1395.7248829400023,1000.0,0.0,0.0
18094,1707298680000.0,0.0,0.0,0.0,124.14016000000001,0.0,0.0,123.98,0.9999253857184062,1.0,1395.7248829400023,1000.0,1395.7248829400023,1000.0,0.0,0.0
18095,1707302280000.0,0.0,0.0,0.0,124.14016000000001,0.0,0.0,126.48,0.9999253857184062,1.0,1395.7248829400023,1000.0,1395.7248829400023,1000.0,0.0,0.0
18096,1707305880000.0,0.0,0.0,0.0,124.14016000000001,0.0,0.0,128.3,0.9999253857184062,1.0,1395.7248829400023,1000.0,1395.7248829400023,1000.0,0.0,0.0
18097,1707309480000.0,0.0,0.0,0.0,124.14016000000001,0.0,0.0,128.76,0.9999253857184062,1.0,1395.7248829400023,1000.0,1395.7248829400023,1000.0,0.0,0.0
18098,1707313080000.0,0.0,0.0,0.0,124.14016000000001,0.0,0.0,127.05,0.9999253857184062,1.0,1395.7248829400023,1000.0,1395.7248829400023,1000.0,0.0,0.0
18099,1707316680000.0,0.0,0.0,0.0,124.14016000000001,0.0,0.0,128.67,0.9999253857184062,1.0,1395.7248829400023,1000.0,1395.7248829400023,1000.0,0.0,0.0
18100,1707320280000.0,0.0,0.0,0.0,124.14016000000001,0.0,0.0,128.01,0.9999253857184062,1.0,1395.7248829400023,1000.0,1395.7248829400023,1000.0,0.0,0.0
18101,1707323880000.0,0.0,0.0,0.0,124.14016000000001,0.0,0.0,128.37,0.9999253857184062,1.0,1395.7248829400023,1000.0,1395.7248829400023,1000.0,0.0,0.0
18102,1707327480000.0,0.0,0.0,0.0,124.14016000000001,0.0,0.0,132.86,0.9999253857184062,1.0,1395.7248829400023,1000.0,1395.7248829400023,1000.0,0.0,0.0
18103,1707331080000.0,0.0,0.0,0.0,124.14016000000001,0.0,0.0,131.46,0.9999253857184062,1.0,1395.7248829400023,1000.0,1395.7248829400023,1000.0,0.0,0.0
18104,1707334680000.0,0.0,0.0,0.0,124.14016000000001,0.0,0.0,131.13,0.9999253857184062,1.0,1395.7248829400023,1000.0,1395.7248829400023,1000.0,0.0,0.0
18105,1707338280000.0,0.0,0.0,0.0,124.14016000000001,0.0,0.0,129.68,0.9999253857184062,1.0,1395.7248829400023,1000.0,1395.7248829400023,1000.0,0.0,0.0
18106,1707341880000.0,0.0,0.0,0.0,124.14016000000001,0.0,0.0,129.05,0.9999253857184062,1.0,1395.7248829400023,1000.0,1395.7248829400023,1000.0,0.0,0.0
18107,1707345480000.0,0.0,0.0,0.0,124.14016000000001,0.0,0.0,128.44,0.9999253857184062,1.0,1395.7248829400023,1000.0,1395.7248829400023,1000.0,0.0,0.0
18108,1707349080000.0,0.0,0.0,0.0,124.14016000000001,0.0,0.0,130.0,0.9999253857184062,1.0,1395.7248829400023,1000.0,1395.7248829400023,1000.0,0.0,0.0
18109,1707352680000.0,0.0,0.0,0.0,124.14016000000001,0.0,0.0,130.15,0.9999253857184062,1.0,1395.7248829400023,1000.0,1395.7248829400023,1000.0,0.0,0.0
18110,1707356280000.0,0.0,0.0,0.0,124.14016000000001,0.0,0.0,127.44,0.9999253857184062,1.0,1395.7248829400023,1000.0,1395.7248829400023,1000.0,0.0,0.0
18111,1707359880000.0,0.0,0.0,0.0,124.14016000000001,0.0,0.0,126.62,0.9999253857184062,1.0,1395.7248829400023,1000.0,1395.7248829400023,1000.0,0.0,0.0
18112,1707363480000.0,0.0,0.0,0.0,124.14016000000001,0.0,0.0,124.57,0.9999253857184062,1.0,1395.7248829400023,1000.0,1395.7248829400023,1000.0,0.0,0.0
18113,1707367080000.0,0.0,0.0,0.0,124.14016000000001,0.0,0.0,126.93,0.9999253857184062,1.0,1395.7248829400023,1000.0,1395.7248829400023,1000.0,0.0,0.0
18114,1707370680000.0,0.0,0.0,0.0,124.14016000000001,0.0,0.0,123.92,0.9999253857184062,1.0,1395.7248829400023,1000.0,1395.7248829400023,1000.0,0.0,0.0
18115,1707374280000.0,0.0,0.0,0.45,123.11,0.0,0.0,122.32,0.9999253857184062,1.0,1395.7138030400024,1000.0,1395.3583030400025,1000.0,0.03969259305119318,0.0
18116,1707377880000.0,0.0,0.0,0.45,123.11,0.0,0.0,121.51,0.9999253857184062,1.0,1395.7138030400024,1000.0,1394.9938030400024,1000.0,0.03969259305119318,0.0
18117,1707381480000.0,0.0,0.0,0.92,120.49945652173912,0.0,0.0,120.0,0.9999253857184062,1.0,1395.7027110400024,1000.0,1395.2432110400025,1000.0,0.07942916433643199,0.0
18118,1707385080000.0,0.0,0.0,0.92,120.49945652173912,0.0,0.0,120.88,0.9999253857184062,1.0,1395.7027110400024,1000.0,1396.0528110400026,1000.0,0.07942916433643199,0.0
18119,1707388680000.0,0.0,0.0,0.92,120.49945652173912,0.0,0.0,122.4,0.9999253857184062,1.0,1395.7027110400024,1000.0,1397.4512110400024,1000.0,0.07942916433643199,0.0
18120,1707392280000.0,0.0,0.0,0.92,120.49945652173912,0.0,0.0,122.51,0.9999253857184062,1.0,1395.7027110400024,1000.0,1397.5524110400024,1000.0,0.07942916433643199,0.0
18121,1707395880000.0,0.0,0.0,0.0,120.49945652173912,0.0,0.0,124.19,0.9999253857184062,1.0,1399.010772960003,1000.0,1399.010772960003,1000.0,0.0,0.0
18122,1707399480000.0,0.0,0.0,0.0,120.49945652173912,0.0,0.0,125.89,0.9999253857184062,1.0,1399.010772960003,1000.0,1399.010772960003,1000.0,0.0,0.0
18123,1707403080000.0,0.0,0.0,0.0,120.49945652173912,0.0,0.0,125.35,0.9999253857184062,1.0,1399.010772960003,1000.0,1399.010772960003,1000.0,0.0,0.0
18124,1707406680000.0,0.0,0.0,0.0,120.49945652173912,0.0,0.0,125.47,0.9999253857184062,1.0,1399.010772960003,1000.0,1399.010772960003,1000.0,0.0,0.0
18125,1707410280000.0,0.0,0.0,0.0,120.49945652173912,0.0,0.0,123.94,0.9999253857184062,1.0,1399.010772960003,1000.0,1399.010772960003,1000.0,0.0,0.0
18126,1707413880000.0,0.0,0.0,0.0,120.49945652173912,0.0,0.0,124.31,0.9999253857184062,1.0,1399.010772960003,1000.0,1399.010772960003,1000.0,0.0,0.0
18127,1707417480000.0,0.0,0.0,0.0,120.49945652173912,0.0,0.0,123.97,0.9999253857184062,1.0,1399.010772960003,1000.0,1399.010772960003,1000.0,0.0,0.0
18128,1707421080000.0,0.0,0.0,0.0,120.49945652173912,0.0,0.0,125.4,0.9999253857184062,1.0,1399.010772960003,1000.0,1399.010772960003,1000.0,0.0,0.0
18129,1707424680000.0,0.0,0.0,0.0,120.49945652173912,0.0,0.0,125.16,0.9999253857184062,1.0,1399.010772960003,1000.0,1399.010772960003,1000.0,0.0,0.0
18130,1707428280000.0,0.0,0.0,0.0,120.49945652173912,0.0,0.0,124.94,0.9999253857184062,1.0,1399.010772960003,1000.0,1399.010772960003,1000.0,0.0,0.0
18131,1707431880000.0,0.0,0.0,0.0,120.49945652173912,0.0,0.0,125.51,0.9999253857184062,1.0,1399.010772960003,1000.0,1399.010772960003,1000.0,0.0,0.0
18132,1707435480000.0,0.0,0.0,0.0,120.49945652173912,0.0,0.0,127.26,0.9999253857184062,1.0,1399.010772960003,1000.0,1399.010772960003,1000.0,0.0,0.0
18133,1707439080000.0,0.0,0.0,0.0,120.49945652173912,0.0,0.0,126.27,0.9999253857184062,1.0,1399.010772960003,1000.0,1399.010772960003,1000.0,0.0,0.0
18134,1707442680000.0,0.0,0.0,0.0,120.49945652173912,0.0,0.0,128.13,0.9999253857184062,1.0,1399.010772960003,1000.0,1399.010772960003,1000.0,0.0,0.0
18135,1707446280000.0,0.0,0.0,0.0,120.49945652173912,0.0,0.0,126.6,0.9999253857184062,1.0,1399.010772960003,1000.0,1399.010772960003,1000.0,0.0,0.0
18136,1707449880000.0,0.0,0.0,0.0,120.49945652173912,0.0,0.0,125.47,0.9999253857184062,1.0,1399.010772960003,1000.0,1399.010772960003,1000.0,0.0,0.0
18137,1707453480000.0,0.0,0.0,0.0,120.49945652173912,0.0,0.0,126.18,0.9999253857184062,1.0,1399.010772960003,1000.0,1399.010772960003,1000.0,0.0,0.0
18138,1707457080000.0,0.0,0.0,0.0,120.49945652173912,0.0,0.0,126.21,0.9999253857184062,1.0,1399.010772960003,1000.0,1399.010772960003,1000.0,0.0,0.0
18139,1707460680000.0,0.0,0.0,0.0,120.49945652173912,0.0,0.0,127.01,0.9999253857184062,1.0,1399.010772960003,1000.0,1399.010772960003,1000.0,0.0,0.0
18140,1707464280000.0,0.0,0.0,0.0,120.49945652173912,0.0,0.0,126.49,0.9999253857184062,1.0,1399.010772960003,1000.0,1399.010772960003,1000.0,0.0,0.0
18141,1707467880000.0,0.0,0.0,0.0,120.49945652173912,0.0,0.0,123.13,0.9999253857184062,1.0,1399.010772960003,1000.0,1399.010772960003,1000.0,0.0,0.0
18142,1707471480000.0,0.0,0.0,0.0,120.49945652173912,0.0,0.0,123.56,0.9999253857184062,1.0,1399.010772960003,1000.0,1399.010772960003,1000.0,0.0,0.0
18143,1707475080000.0,0.0,0.0,0.0,120.49945652173912,0.0,0.0,123.29,0.9999253857184062,1.0,1399.010772960003,1000.0,1399.010772960003,1000.0,0.0,0.0
18144,1707478680000.0,0.0,0.0,0.0,120.49945652173912,0.0,0.0,123.19,0.9999253857184062,1.0,1399.010772960003,1000.0,1399.010772960003,1000.0,0.0,0.0
18145,1707482280000.0,0.0,0.0,0.0,120.49945652173912,0.0,0.0,124.41,0.9999253857184062,1.0,1399.010772960003,1000.0,1399.010772960003,1000.0,0.0,0.0
18146,1707485880000.0,0.0,0.0,0.0,120.49945652173912,0.0,0.0,123.11,0.9999253857184062,1.0,1399.010772960003,1000.0,1399.010772960003,1000.0,0.0,0.0
18147,1707489480000.0,0.0,0.0,0.46,120.73,0.0,0.0,122.01,0.9999253857184062,1.0,1398.999665800003,1000.0,1399.588465800003,1000.0,0.03969679289969126,0.0
18148,1707493080000.0,0.0,0.0,0.46,120.73,0.0,0.0,121.69,0.9999253857184062,1.0,1398.999665800003,1000.0,1399.441265800003,1000.0,0.03969679289969126,0.0
18149,1707496680000.0,0.0,0.0,0.46,120.73,0.0,0.0,121.11,0.9999253857184062,1.0,1398.999665800003,1000.0,1399.174465800003,1000.0,0.03969679289969126,0.0
18150,1707500280000.0,0.0,0.0,0.46,120.73,0.0,0.0,121.13,0.9999253857184062,1.0,1398.999665800003,1000.0,1399.183665800003,1000.0,0.03969679289969126,0.0
18151,1707503880000.0,0.0,0.0,0.46,120.73,0.0,0.0,121.61,0.9999253857184062,1.0,1398.999665800003,1000.0,1399.404465800003,1000.0,0.03969679289969126,0.0
18152,1707507480000.0,0.0,0.0,0.46,120.73,0.0,0.0,121.12,0.9999253857184062,1.0,1398.999665800003,1000.0,1399.179065800003,1000.0,0.03969679289969126,0.0
18153,1707511080000.0,0.0,0.0,0.46,120.73,0.0,0.0,121.92,0.9999253857184062,1.0,1398.999665800003,1000.0,1399.5470658000029,1000.0,0.03969679289969126,0.0
18154,1707514680000.0,0.0,0.0,0.46,120.73,0.0,0.0,122.0,0.9999253857184062,1.0,1398.999665800003,1000.0,1399.583865800003,1000.0,0.03969679289969126,0.0
18155,1707518280000.0,0.0,0.0,0.46,120.73,0.0,0.0,121.52,0.9999253857184062,1.0,1398.999665800003,1000.0,1399.363065800003,1000.0,0.03969679289969126,0.0
18156,1707521880000.0,0.0,0.0,0.46,120.73,0.0,0.0,122.22,0.9999253857184062,1.0,1398.999665800003,1000.0,1399.685065800003,1000.0,0.03969679289969126,0.0
18157,1707525480000.0,0.0,0.0,0.46,120.73,0.0,0.0,121.0,0.9999253857184062,1.0,1398.999665800003,1000.0,1399.123865800003,1000.0,0.03969679289969126,0.0
18158,1707529080000.0,0.0,0.0,0.46,120.73,0.0,0.0,121.32,0.9999253857184062,1.0,1398.999665800003,1000.0,1399.271065800003,1000.0,0.03969679289969126,0.0
18159,1707532680000.0,0.0,0.0,0.46,120.73,0.0,0.0,121.62,0.9999253857184062,1.0,1398.999665800003,1000.0,1399.409065800003,1000.0,0.03969679289969126,0.0
18160,1707536280000.0,0.0,0.0,0.46,120.73,0.0,0.0,122.48,0.9999253857184062,1.0,1398.999665800003,1000.0,1399.804665800003,1000.0,0.03969679289969126,0.0
18161,1707539880000.0,0.0,0.0,0.46,120.73,0.0,0.0,121.47,0.9999253857184062,1.0,1398.999665800003,1000.0,1399.340065800003,1000.0,0.03969679289969126,0.0
18162,1707543480000.0,0.0,0.0,0.46,120.73,0.0,0.0,121.25,0.9999253857184062,1.0,1398.999665800003,1000.0,1399.238865800003,1000.0,0.03969679289969126,0.0
18163,1707547080000.0,0.0,0.0,0.46,120.73,0.0,0.0,120.6,0.9999253857184062,1.0,1398.999665800003,1000.0,1398.939865800003,1000.0,0.03969679289969126,0.0
18164,1707550680000.0,0.0,0.0,0.46,120.73,0.0,0.0,121.51,0.9999253857184062,1.0,1398.999665800003,1000.0,1399.358465800003,1000.0,0.03969679289969126,0.0
18165,1707554280000.0,0.0,0.0,0.46,120.73,0.0,0.0,121.33,0.9999253857184062,1.0,1398.999665800003,1000.0,1399.275665800003,1000.0,0.03969679289969126,0.0
18166,1707557880000.0,0.0,0.0,0.46,120.73,0.0,0.0,119.73,0.9999253857184062,1.0,1398.999665800003,1000.0,1398.539665800003,1000.0,0.03969679289969126,0.0
18167,1707561480000.0,0.0,0.0,0.46,120.73,0.0,0.0,118.54,0.9999253857184062,1.0,1398.999665800003,1000.0,1397.992265800003,1000.0,0.03969679289969126,0.0
18168,1707565080000.0,0.0,0.0,0.46,120.73,0.0,0.0,119.18,0.9999253857184062,1.0,1398.999665800003,1000.0,1398.286665800003,1000.0,0.03969679289969126,0.0
18169,1707568680000.0,0.0,0.0,0.46,120.73,0.0,0.0,118.95,0.9999253857184062,1.0,1398.999665800003,1000.0,1398.180865800003,1000.0,0.03969679289969126,0.0
18170,1707572280000.0,0.0,0.0,0.46,120.73,0.0,0.0,118.37,0.9999253857184062,1.0,1398.999665800003,1000.0,1397.9140658000028,1000.0,0.03969679289969126,0.0
18171,1707575880000.0,0.0,0.0,0.46,120.73,0.0,0.0,117.63,0.9999253857184062,1.0,1398.999665800003,1000.0,1397.573665800003,1000.0,0.03969679289969126,0.0
18172,1707579480000.0,0.0,0.0,0.94,118.16659574468085,0.0,0.0,116.61,0.9999253857184062,1.0,1398.988557640003,1000.0,1397.525357640003,1000.0,0.07939779020593174,0.0
18173,1707583080000.0,0.0,0.0,0.94,118.16659574468085,0.0,0.0,117.98,0.9999253857184062,1.0,1398.988557640003,1000.0,1398.8131576400028,1000.0,0.07939779020593174,0.0
18174,1707586680000.0,0.0,0.0,0.94,118.16659574468085,0.0,0.0,117.71,0.9999253857184062,1.0,1398.988557640003,1000.0,1398.5593576400029,1000.0,0.07939779020593174,0.0
18175,1707590280000.0,0.0,0.0,0.63,118.16659574468085,0.0,0.0,119.08,0.9999253857184062,1.0,1400.0825663191517,1000.0,1400.6580110000027,1000.0,0.05317183222619962,0.0
18176,1707593880000.0,0.0,0.0,0.63,118.16659574468085,0.0,0.0,118.92,0.9999253857184062,1.0,1400.0825663191517,1000.0,1400.5572110000028,1000.0,0.05317183222619962,0.0
18177,1707597480000.0,0.0,0.0,0.63,118.16659574468085,0.0,0.0,119.37,0.9999253857184062,1.0,1400.0825663191517,1000.0,1400.8407110000028,1000.0,0.05317183222619962,0.0
18178,1707601080000.0,0.0,0.0,0.63,118.16659574468085,0.0,0.0,119.51,0.9999253857184062,1.0,1400.0825663191517,1000.0,1400.9289110000027,1000.0,0.05317183222619962,0.0
18179,1707604680000.0,0.0,0.0,0.63,118.16659574468085,0.0,0.0,118.8,0.9999253857184062,1.0,1400.0825663191517,1000.0,1400.4816110000029,1000.0,0.05317183222619962,0.0
18180,1707608280000.0,0.0,0.0,0.63,118.16659574468085,0.0,0.0,118.92,0.9999253857184062,1.0,1400.0825663191517,1000.0,1400.5572110000028,1000.0,0.05317183222619962,0.0
18181,1707611880000.0,0.0,0.0,0.63,118.16659574468085,0.0,0.0,119.26,0.9999253857184062,1.0,1400.0825663191517,1000.0,1400.771411000003,1000.0,0.05317183222619962,0.0
18182,1707615480000.0,0.0,0.0,0.63,118.16659574468085,0.0,0.0,118.98,0.9999253857184062,1.0,1400.0825663191517,1000.0,1400.5950110000028,1000.0,0.05317183222619962,0.0
18183,1707619080000.0,0.0,0.0,0.63,118.16659574468085,0.0,0.0,118.76,0.9999253857184062,1.0,1400.0825663191517,1000.0,1400.4564110000028,1000.0,0.05317183222619962,0.0
18184,1707622680000.0,0.0,0.0,0.63,118.16659574468085,0.0,0.0,118.84,0.9999253857184062,1.0,1400.0825663191517,1000.0,1400.5068110000027,1000.0,0.05317183222619962,0.0
18185,1707626280000.0,0.0,0.0,0.63,118.16659574468085,0.0,0.0,119.13,0.9999253857184062,1.0,1400.0825663191517,1000.0,1400.6895110000028,1000.0,0.05317183222619962,0.0
18186,1707629880000.0,0.0,0.0,0.63,118.16659574468085,0.0,0.0,119.04,0.9999253857184062,1.0,1400.0825663191517,1000.0,1400.632811000003,1000.0,0.05317183222619962,0.0
18187,1707633480000.0,0.0,0.0,0.63,118.16659574468085,0.0,0.0,118.19,0.9999253857184062,1.0,1400.0825663191517,1000.0,1400.0973110000027,1000.0,0.05317183222619962,0.0
18188,1707637080000.0,0.0,0.0,0.63,118.16659574468085,0.0,0.0,119.13,0.9999253857184062,1.0,1400.0825663191517,1000.0,1400.6895110000028,1000.0,0.05317183222619962,0.0
18189,1707640680000.0,0.0,0.0,0.63,118.16659574468085,0.0,0.0,119.71,0.9999253857184062,1.0,1400.0825663191517,1000.0,1401.054911000003,1000.0,0.05317183222619962,0.0
18190,1707644280000.0,0.0,0.0,0.63,118.16659574468085,0.0,0.0,119.85,0.9999253857184062,1.0,1400.0825663191517,1000.0,1401.1431110000028,1000.0,0.05317183222619962,0.0
18191,1707647880000.0,0.0,0.0,0.63,118.16659574468085,0.0,0.0,119.75,0.9999253857184062,1.0,1400.0825663191517,1000.0,1401.0801110000027,1000.0,0.05317183222619962,0.0
18192,1707651480000.0,0.0,0.0,0.63,118.16659574468085,0.0,0.0,120.96,0.9999253857184062,1.0,1400.0825663191517,1000.0,1401.8424110000028,1000.0,0.05317183222619962,0.0
18193,1707655080000.0,0.0,0.0,0.0,118.16659574468085,0.0,0.0,121.84,0.9999253857184062,1.0,1402.305874280002,1000.0,1402.305874280002,1000.0,0.0,0.0
18194,1707658680000.0,0.0,0.0,0.0,118.16659574468085,0.0,0.0,122.49,0.9999253857184062,1.0,1402.305874280002,1000.0,1402.305874280002,1000.0,0.0,0.0
18195,1707662280000.0,0.0,0.0,0.0,118.16659574468085,0.0,0.0,121.73,0.9999253857184062,1.0,1402.305874280002,1000.0,1402.305874280002,1000.0,0.0,0.0
18196,1707665880000.0,0.0,0.0,0.0,118.16659574468085,0.0,0.0,122.34,0.9999253857184062,1.0,1402.305874280002,1000.0,1402.305874280002,1000.0,0.0,0.0
18197,1707669480000.0,0.0,0.0,0.0,118.16659574468085,0.0,0.0,123.17,0.9999253857184062,1.0,1402.305874280002,1000.0,1402.305874280002,1000.0,0.0,0.0
18198,1707673080000.0,0.0,0.0,0.0,118.16659574468085,0.0,0.0,122.37,0.9999253857184062,1.0,1402.305874280002,1000.0,1402.305874280002,1000.0,0.0,0.0
18199,1707676680000.0,0.0,0.0,0.0,118.16659574468085,0.0,0.0,121.03,0.9999253857184062,1.0,1402.305874280002,1000.0,1402.305874280002,1000.0,0.0,0.0
18200,1707680280000.0,0.0,0.0,0.0,118.16659574468085,0.0,0.0,121.79,0.9999253857184062,1.0,1402.305874280002,1000.0,1402.305874280002,1000.0,0.0,0.0
18201,1707683880000.0,0.0,0.0,0.0,118.16659574468085,0.0,0.0,121.91,0.9999253857184062,1.0,1402.305874280002,1000.0,1402.305874280002,1000.0,0.0,0.0
18202,1707687480000.0,0.0,0.0,0.0,118.16659574468085,0.0,0.0,120.73,0.9999253857184062,1.0,1402.305874280002,1000.0,1402.305874280002,1000.0,0.0,0.0
18203,1707691080000.0,0.0,0.0,0.0,118.16659574468085,0.0,0.0,121.47,0.9999253857184062,1.0,1402.305874280002,1000.0,1402.305874280002,1000.0,0.0,0.0
18204,1707694680000.0,0.0,0.0,0.0,118.16659574468085,0.0,0.0,121.19,0.9999253857184062,1.0,1402.305874280002,1000.0,1402.305874280002,1000.0,0.0,0.0
18205,1707698280000.0,0.0,0.0,0.0,118.16659574468085,0.0,0.0,120.98,0.9999253857184062,1.0,1402.305874280002,1000.0,1402.305874280002,1000.0,0.0,0.0
18206,1707701880000.0,0.0,0.0,0.0,118.16659574468085,0.0,0.0,119.87,0.9999253857184062,1.0,1402.305874280002,1000.0,1402.305874280002,1000.0,0.0,0.0
18207,1707705480000.0,0.0,0.0,0.0,118.16659574468085,0.0,0.0,119.72,0.9999253857184062,1.0,1402.305874280002,1000.0,1402.305874280002,1000.0,0.0,0.0
18208,1707709080000.0,0.0,0.0,0.0,118.16659574468085,0.0,0.0,121.1,0.9999253857184062,1.0,1402.305874280002,1000.0,1402.305874280002,1000.0,0.0,0.0
18209,1707712680000.0,0.0,0.0,0.0,118.16659574468085,0.0,0.0,121.9,0.9999253857184062,1.0,1402.305874280002,1000.0,1402.305874280002,1000.0,0.0,0.0
18210,1707716280000.0,0.0,0.0,0.0,118.16659574468085,0.0,0.0,121.8,0.9999253857184062,1.0,1402.305874280002,1000.0,1402.305874280002,1000.0,0.0,0.0
18211,1707719880000.0,0.0,0.0,0.0,118.16659574468085,0.0,0.0,122.11,0.9999253857184062,1.0,1402.305874280002,1000.0,1402.305874280002,1000.0,0.0,0.0
18212,1707723480000.0,0.0,0.0,0.0,118.16659574468085,0.0,0.0,123.88,0.9999253857184062,1.0,1402.305874280002,1000.0,1402.305874280002,1000.0,0.0,0.0
18213,1707727080000.0,0.0,0.0,0.0,118.16659574468085,0.0,0.0,122.87,0.9999253857184062,1.0,1402.305874280002,1000.0,1402.305874280002,1000.0,0.0,0.0
18214,1707730680000.0,0.0,0.0,0.0,118.16659574468085,0.0,0.0,122.28,0.9999253857184062,1.0,1402.305874280002,1000.0,1402.305874280002,1000.0,0.0,0.0
18215,1707734280000.0,0.0,0.0,0.0,118.16659574468085,0.0,0.0,122.23,0.9999253857184062,1.0,1402.305874280002,1000.0,1402.305874280002,1000.0,0.0,0.0
18216,1707737880000.0,0.0,0.0,0.0,118.16659574468085,0.0,0.0,122.6,0.9999253857184062,1.0,1402.305874280002,1000.0,1402.305874280002,1000.0,0.0,0.0
18217,1707741480000.0,0.0,0.0,0.0,118.16659574468085,0.0,0.0,121.94,0.9999253857184062,1.0,1402.305874280002,1000.0,1402.305874280002,1000.0,0.0,0.0
18218,1707745080000.0,0.0,0.0,0.0,118.16659574468085,0.0,0.0,119.41,0.9999253857184062,1.0,1402.305874280002,1000.0,1402.305874280002,1000.0,0.0,0.0
18219,1707748680000.0,0.0,0.0,0.0,118.16659574468085,0.0,0.0,119.56,0.9999253857184062,1.0,1402.305874280002,1000.0,1402.305874280002,1000.0,0.0,0.0
18220,1707752280000.0,0.0,0.0,0.0,118.16659574468085,0.0,0.0,119.84,0.9999253857184062,1.0,1402.305874280002,1000.0,1402.305874280002,1000.0,0.0,0.0
18221,1707755880000.0,0.0,0.0,0.0,118.16659574468085,0.0,0.0,121.36,0.9999253857184062,1.0,1402.305874280002,1000.0,1402.305874280002,1000.0,0.0,0.0
18222,1707759480000.0,0.0,0.0,0.0,118.16659574468085,0.0,0.0,123.86,0.9999253857184062,1.0,1402.305874280002,1000.0,1402.305874280002,1000.0,0.0,0.0
18223,1707763080000.0,0.0,0.0,0.0,118.16659574468085,0.0,0.0,123.16,0.9999253857184062,1.0,1402.305874280002,1000.0,1402.305874280002,1000.0,0.0,0.0
18224,1707766680000.0,0.0,0.0,0.0,118.16659574468085,0.0,0.0,123.35,0.9999253857184062,1.0,1402.305874280002,1000.0,1402.305874280002,1000.0,0.0,0.0
18225,1707770280000.0,0.0,0.0,0.0,118.16659574468085,0.0,0.0,123.76,0.9999253857184062,1.0,1402.305874280002,1000.0,1402.305874280002,1000.0,0.0,0.0
18226,1707773880000.0,0.0,0.0,0.0,118.16659574468085,0.0,0.0,123.64,0.9999253857184062,1.0,1402.305874280002,1000.0,1402.305874280002,1000.0,0.0,0.0
18227,1707777480000.0,0.0,0.0,0.0,118.16659574468085,0.0,0.0,124.91,0.9999253857184062,1.0,1402.305874280002,1000.0,1402.305874280002,1000.0,0.0,0.0
18228,1707781080000.0,0.0,0.0,0.0,118.16659574468085,0.0,0.0,127.36,0.9999253857184062,1.0,1402.305874280002,1000.0,1402.305874280002,1000.0,0.0,0.0
18229,1707784680000.0,0.0,0.0,0.0,118.16659574468085,0.0,0.0,125.31,0.9999253857184062,1.0,1402.305874280002,1000.0,1402.305874280002,1000.0,0.0,0.0
18230,1707788280000.0,0.0,0.0,0.0,118.16659574468085,0.0,0.0,123.08,0.9999253857184062,1.0,1402.305874280002,1000.0,1402.305874280002,1000.0,0.0,0.0
18231,1707791880000.0,0.0,0.0,0.0,118.16659574468085,0.0,0.0,125.64,0.9999253857184062,1.0,1402.305874280002,1000.0,1402.305874280002,1000.0,0.0,0.0
18232,1707795480000.0,0.0,0.0,0.0,118.16659574468085,0.0,0.0,124.55,0.9999253857184062,1.0,1402.305874280002,1000.0,1402.305874280002,1000.0,0.0,0.0
18233,1707799080000.0,0.0,0.0,0.0,118.16659574468085,0.0,0.0,126.55,0.9999253857184062,1.0,1402.305874280002,1000.0,1402.305874280002,1000.0,0.0,0.0
18234,1707802680000.0,0.0,0.0,0.0,118.16659574468085,0.0,0.0,124.19,0.9999253857184062,1.0,1402.305874280002,1000.0,1402.305874280002,1000.0,0.0,0.0
18235,1707806280000.0,0.0,0.0,0.0,118.16659574468085,0.0,0.0,123.58,0.9999253857184062,1.0,1402.305874280002,1000.0,1402.305874280002,1000.0,0.0,0.0
18236,1707809880000.0,0.0,0.0,0.0,118.16659574468085,0.0,0.0,124.08,0.9999253857184062,1.0,1402.305874280002,1000.0,1402.305874280002,1000.0,0.0,0.0
18237,1707813480000.0,0.0,0.0,0.0,118.16659574468085,0.0,0.0,124.3,0.9999253857184062,1.0,1402.305874280002,1000.0,1402.305874280002,1000.0,0.0,0.0
18238,1707817080000.0,0.0,0.0,0.0,118.16659574468085,0.0,0.0,125.49,0.9999253857184062,1.0,1402.305874280002,1000.0,1402.305874280002,1000.0,0.0,0.0
18239,1707820680000.0,0.0,0.0,0.0,118.16659574468085,0.0,0.0,124.85,0.9999253857184062,1.0,1402.305874280002,1000.0,1402.305874280002,1000.0,0.0,0.0
18240,1707824280000.0,0.0,0.0,0.0,118.16659574468085,0.0,0.0,124.53,0.9999253857184062,1.0,1402.305874280002,1000.0,1402.305874280002,1000.0,0.0,0.0
18241,1707827880000.0,0.0,0.0,0.0,118.16659574468085,0.0,0.0,125.0,0.9999253857184062,1.0,1402.305874280002,1000.0,1402.305874280002,1000.0,0.0,0.0
18242,1707831480000.0,0.0,0.0,0.0,118.16659574468085,0.0,0.0,123.92,0.9999253857184062,1.0,1402.305874280002,1000.0,1402.305874280002,1000.0,0.0,0.0
18243,1707835080000.0,0.0,0.0,0.0,118.16659574468085,0.0,0.0,125.46,0.9999253857184062,1.0,1402.305874280002,1000.0,1402.305874280002,1000.0,0.0,0.0
18244,1707838680000.0,0.0,0.0,0.0,118.16659574468085,0.0,0.0,125.28,0.9999253857184062,1.0,1402.305874280002,1000.0,1402.305874280002,1000.0,0.0,0.0
18245,1707842280000.0,0.0,0.0,0.0,118.16659574468085,0.0,0.0,125.54,0.9999253857184062,1.0,1402.305874280002,1000.0,1402.305874280002,1000.0,0.0,0.0
18246,1707845880000.0,0.0,0.0,0.0,118.16659574468085,0.0,0.0,126.25,0.9999253857184062,1.0,1402.305874280002,1000.0,1402.305874280002,1000.0,0.0,0.0
18247,1707849480000.0,0.0,0.0,0.0,118.16659574468085,0.0,0.0,127.05,0.9999253857184062,1.0,1402.305874280002,1000.0,1402.305874280002,1000.0,0.0,0.0
18248,1707853080000.0,0.0,0.0,0.0,118.16659574468085,0.0,0.0,126.53,0.9999253857184062,1.0,1402.305874280002,1000.0,1402.305874280002,1000.0,0.0,0.0
18249,1707856680000.0,0.0,0.0,0.0,118.16659574468085,0.0,0.0,127.39,0.9999253857184062,1.0,1402.305874280002,1000.0,1402.305874280002,1000.0,0.0,0.0
18250,1707860280000.0,0.0,0.0,0.0,118.16659574468085,0.0,0.0,126.72,0.9999253857184062,1.0,1402.305874280002,1000.0,1402.305874280002,1000.0,0.0,0.0
18251,1707863880000.0,0.0,0.0,0.0,118.16659574468085,0.0,0.0,128.14,0.9999253857184062,1.0,1402.305874280002,1000.0,1402.305874280002,1000.0,0.0,0.0
18252,1707867480000.0,0.0,0.0,0.0,118.16659574468085,0.0,0.0,127.87,0.9999253857184062,1.0,1402.305874280002,1000.0,1402.305874280002,1000.0,0.0,0.0
18253,1707871080000.0,0.0,0.0,0.0,118.16659574468085,0.0,0.0,128.12,0.9999253857184062,1.0,1402.305874280002,1000.0,1402.305874280002,1000.0,0.0,0.0
18254,1707874680000.0,0.0,0.0,0.0,118.16659574468085,0.0,0.0,127.58,0.9999253857184062,1.0,1402.305874280002,1000.0,1402.305874280002,1000.0,0.0,0.0
18255,1707878280000.0,0.0,0.0,0.0,118.16659574468085,0.0,0.0,128.36,0.9999253857184062,1.0,1402.305874280002,1000.0,1402.305874280002,1000.0,0.0,0.0
18256,1707881880000.0,0.0,0.0,0.0,118.16659574468085,0.0,0.0,128.62,0.9999253857184062,1.0,1402.305874280002,1000.0,1402.305874280002,1000.0,0.0,0.0
18257,1707885480000.0,0.0,0.0,0.0,118.16659574468085,0.0,0.0,128.89,0.9999253857184062,1.0,1402.305874280002,1000.0,1402.305874280002,1000.0,0.0,0.0
18258,1707889080000.0,0.0,0.0,0.0,118.16659574468085,0.0,0.0,129.49,0.9999253857184062,1.0,1402.305874280002,1000.0,1402.305874280002,1000.0,0.0,0.0
18259,1707892680000.0,0.0,0.0,0.0,118.16659574468085,0.0,0.0,129.8,0.9999253857184062,1.0,1402.305874280002,1000.0,1402.305874280002,1000.0,0.0,0.0
18260,1707896280000.0,0.0,0.0,0.0,118.16659574468085,0.0,0.0,128.83,0.9999253857184062,1.0,1402.305874280002,1000.0,1402.305874280002,1000.0,0.0,0.0
18261,1707899880000.0,0.0,0.0,0.0,118.16659574468085,0.0,0.0,127.97,0.9999253857184062,1.0,1402.305874280002,1000.0,1402.305874280002,1000.0,0.0,0.0
18262,1707903480000.0,0.0,0.0,0.0,118.16659574468085,0.0,0.0,129.2,0.9999253857184062,1.0,1402.305874280002,1000.0,1402.305874280002,1000.0,0.0,0.0
18263,1707907080000.0,0.0,0.0,0.0,118.16659574468085,0.0,0.0,129.04,0.9999253857184062,1.0,1402.305874280002,1000.0,1402.305874280002,1000.0,0.0,0.0
18264,1707910680000.0,0.0,0.0,0.0,118.16659574468085,0.0,0.0,129.41,0.9999253857184062,1.0,1402.305874280002,1000.0,1402.305874280002,1000.0,0.0,0.0
18265,1707914280000.0,0.0,0.0,0.0,118.16659574468085,0.0,0.0,129.01,0.9999253857184062,1.0,1402.305874280002,1000.0,1402.305874280002,1000.0,0.0,0.0
18266,1707917880000.0,0.0,0.0,0.0,118.16659574468085,0.0,0.0,129.38,0.9999253857184062,1.0,1402.305874280002,1000.0,1402.305874280002,1000.0,0.0,0.0
18267,1707921480000.0,0.0,0.0,0.0,118.16659574468085,0.0,0.0,130.29,0.9999253857184062,1.0,1402.305874280002,1000.0,1402.305874280002,1000.0,0.0,0.0
18268,1707925080000.0,0.0,0.0,0.0,118.16659574468085,0.0,0.0,130.77,0.9999253857184062,1.0,1402.305874280002,1000.0,1402.305874280002,1000.0,0.0,0.0
18269,1707928680000.0,0.0,0.0,0.0,118.16659574468085,0.0,0.0,128.69,0.9999253857184062,1.0,1402.305874280002,1000.0,1402.305874280002,1000.0,0.0,0.0
18270,1707932280000.0,0.0,0.0,0.0,118.16659574468085,0.0,0.0,127.6,0.9999253857184062,1.0,1402.305874280002,1000.0,1402.305874280002,1000.0,0.0,0.0
18271,1707935880000.0,0.0,0.0,0.0,118.16659574468085,0.0,0.0,127.9,0.9999253857184062,1.0,1402.305874280002,1000.0,1402.305874280002,1000.0,0.0,0.0
18272,1707939480000.0,0.0,0.0,0.0,118.16659574468085,0.0,0.0,127.38,0.9999253857184062,1.0,1402.305874280002,1000.0,1402.305874280002,1000.0,0.0,0.0
18273,1707943080000.0,0.0,0.0,0.0,118.16659574468085,0.0,0.0,127.12,0.9999253857184062,1.0,1402.305874280002,1000.0,1402.305874280002,1000.0,0.0,0.0
18274,1707946680000.0,0.0,0.0,0.0,118.16659574468085,0.0,0.0,127.46,0.9999253857184062,1.0,1402.305874280002,1000.0,1402.305874280002,1000.0,0.0,0.0
18275,1707950280000.0,0.0,0.0,0.0,118.16659574468085,0.0,0.0,128.02,0.9999253857184062,1.0,1402.305874280002,1000.0,1402.305874280002,1000.0,0.0,0.0
18276,1707953880000.0,0.0,0.0,0.0,118.16659574468085,0.0,0.0,127.83,0.9999253857184062,1.0,1402.305874280002,1000.0,1402.305874280002,1000.0,0.0,0.0
18277,1707957480000.0,0.0,0.0,0.0,118.16659574468085,0.0,0.0,128.7,0.9999253857184062,1.0,1402.305874280002,1000.0,1402.305874280002,1000.0,0.0,0.0
18278,1707961080000.0,0.0,0.0,0.0,118.16659574468085,0.0,0.0,127.2,0.9999253857184062,1.0,1402.305874280002,1000.0,1402.305874280002,1000.0,0.0,0.0
18279,1707964680000.0,0.0,0.0,0.0,118.16659574468085,0.0,0.0,128.16,0.9999253857184062,1.0,1402.305874280002,1000.0,1402.305874280002,1000.0,0.0,0.0
18280,1707968280000.0,0.0,0.0,0.0,118.16659574468085,0.0,0.0,127.46,0.9999253857184062,1.0,1402.305874280002,1000.0,1402.305874280002,1000.0,0.0,0.0
18281,1707971880000.0,0.0,0.0,0.0,118.16659574468085,0.0,0.0,124.78,0.9999253857184062,1.0,1402.305874280002,1000.0,1402.305874280002,1000.0,0.0,0.0
18282,1707975480000.0,0.0,0.0,0.0,118.16659574468085,0.0,0.0,125.42,0.9999253857184062,1.0,1402.305874280002,1000.0,1402.305874280002,1000.0,0.0,0.0
18283,1707979080000.0,0.0,0.0,0.0,118.16659574468085,0.0,0.0,125.39,0.9999253857184062,1.0,1402.305874280002,1000.0,1402.305874280002,1000.0,0.0,0.0
18284,1707982680000.0,0.0,0.0,0.0,118.16659574468085,0.0,0.0,126.62,0.9999253857184062,1.0,1402.305874280002,1000.0,1402.305874280002,1000.0,0.0,0.0
18285,1707986280000.0,0.0,0.0,0.0,118.16659574468085,0.0,0.0,126.99,0.9999253857184062,1.0,1402.305874280002,1000.0,1402.305874280002,1000.0,0.0,0.0
18286,1707989880000.0,0.0,0.0,0.0,118.16659574468085,0.0,0.0,127.64,0.9999253857184062,1.0,1402.305874280002,1000.0,1402.305874280002,1000.0,0.0,0.0
18287,1707993480000.0,0.0,0.0,0.0,118.16659574468085,0.0,0.0,128.16,0.9999253857184062,1.0,1402.305874280002,1000.0,1402.305874280002,1000.0,0.0,0.0
18288,1707997080000.0,0.0,0.0,0.0,118.16659574468085,0.0,0.0,128.28,0.9999253857184062,1.0,1402.305874280002,1000.0,1402.305874280002,1000.0,0.0,0.0
18289,1708000680000.0,0.0,0.0,0.0,118.16659574468085,0.0,0.0,126.4,0.9999253857184062,1.0,1402.305874280002,1000.0,1402.305874280002,1000.0,0.0,0.0
18290,1708004280000.0,0.0,0.0,0.0,118.16659574468085,0.0,0.0,126.26,0.9999253857184062,1.0,1402.305874280002,1000.0,1402.305874280002,1000.0,0.0,0.0
18291,1708007880000.0,0.0,0.0,0.0,118.16659574468085,0.0,0.0,125.89,0.9999253857184062,1.0,1402.305874280002,1000.0,1402.305874280002,1000.0,0.0,0.0
18292,1708011480000.0,0.0,0.0,0.0,118.16659574468085,0.0,0.0,127.54,0.9999253857184062,1.0,1402.305874280002,1000.0,1402.305874280002,1000.0,0.0,0.0
18293,1708015080000.0,0.0,0.0,0.0,118.16659574468085,0.0,0.0,126.51,0.9999253857184062,1.0,1402.305874280002,1000.0,1402.305874280002,1000.0,0.0,0.0
18294,1708018680000.0,0.0,0.0,0.0,118.16659574468085,0.0,0.0,127.77,0.9999253857184062,1.0,1402.305874280002,1000.0,1402.305874280002,1000.0,0.0,0.0
18295,1708022280000.0,0.0,0.0,0.0,118.16659574468085,0.0,0.0,128.39,0.9999253857184062,1.0,1402.305874280002,1000.0,1402.305874280002,1000.0,0.0,0.0
18296,1708025880000.0,0.0,0.0,0.0,118.16659574468085,0.0,0.0,126.41,0.9999253857184062,1.0,1402.305874280002,1000.0,1402.305874280002,1000.0,0.0,0.0
18297,1708029480000.0,0.0,0.0,0.0,118.16659574468085,0.0,0.0,125.65,0.9999253857184062,1.0,1402.305874280002,1000.0,1402.305874280002,1000.0,0.0,0.0
18298,1708033080000.0,0.0,0.0,0.0,118.16659574468085,0.0,0.0,126.51,0.9999253857184062,1.0,1402.305874280002,1000.0,1402.305874280002,1000.0,0.0,0.0
18299,1708036680000.0,0.0,0.0,0.0,118.16659574468085,0.0,0.0,126.47,0.9999253857184062,1.0,1402.305874280002,1000.0,1402.305874280002,1000.0,0.0,0.0
18300,1708040280000.0,0.0,0.0,0.0,118.16659574468085,0.0,0.0,126.59,0.9999253857184062,1.0,1402.305874280002,1000.0,1402.305874280002,1000.0,0.0,0.0
18301,1708043880000.0,0.0,0.0,0.0,118.16659574468085,0.0,0.0,125.48,0.9999253857184062,1.0,1402.305874280002,1000.0,1402.305874280002,1000.0,0.0,0.0
18302,1708047480000.0,0.0,0.0,0.0,118.16659574468085,0.0,0.0,126.68,0.9999253857184062,1.0,1402.305874280002,1000.0,1402.305874280002,1000.0,0.0,0.0
18303,1708051080000.0,0.0,0.0,0.0,118.16659574468085,0.0,0.0,127.7,0.9999253857184062,1.0,1402.305874280002,1000.0,1402.305874280002,1000.0,0.0,0.0
18304,1708054680000.0,0.0,0.0,0.0,118.16659574468085,0.0,0.0,128.56,0.9999253857184062,1.0,1402.305874280002,1000.0,1402.305874280002,1000.0,0.0,0.0
18305,1708058280000.0,0.0,0.0,0.0,118.16659574468085,0.0,0.0,128.05,0.9999253857184062,1.0,1402.305874280002,1000.0,1402.305874280002,1000.0,0.0,0.0
18306,1708061880000.0,0.0,0.0,0.0,118.16659574468085,0.0,0.0,127.01,0.9999253857184062,1.0,1402.305874280002,1000.0,1402.305874280002,1000.0,0.0,0.0
18307,1708065480000.0,0.0,0.0,0.0,118.16659574468085,0.0,0.0,125.35,0.9999253857184062,1.0,1402.305874280002,1000.0,1402.305874280002,1000.0,0.0,0.0
18308,1708069080000.0,0.0,0.0,0.0,118.16659574468085,0.0,0.0,124.21,0.9999253857184062,1.0,1402.305874280002,1000.0,1402.305874280002,1000.0,0.0,0.0
18309,1708072680000.0,0.0,0.0,0.0,118.16659574468085,0.0,0.0,126.11,0.9999253857184062,1.0,1402.305874280002,1000.0,1402.305874280002,1000.0,0.0,0.0
18310,1708076280000.0,0.0,0.0,0.0,118.16659574468085,0.0,0.0,127.1,0.9999253857184062,1.0,1402.305874280002,1000.0,1402.305874280002,1000.0,0.0,0.0
18311,1708079880000.0,0.0,0.0,0.0,118.16659574468085,0.0,0.0,126.93,0.9999253857184062,1.0,1402.305874280002,1000.0,1402.305874280002,1000.0,0.0,0.0
18312,1708083480000.0,0.0,0.0,0.0,118.16659574468085,0.0,0.0,127.53,0.9999253857184062,1.0,1402.305874280002,1000.0,1402.305874280002,1000.0,0.0,0.0
18313,1708087080000.0,0.0,0.0,0.0,118.16659574468085,0.0,0.0,127.42,0.9999253857184062,1.0,1402.305874280002,1000.0,1402.305874280002,1000.0,0.0,0.0
18314,1708090680000.0,0.0,0.0,0.0,118.16659574468085,0.0,0.0,124.61,0.9999253857184062,1.0,1402.305874280002,1000.0,1402.305874280002,1000.0,0.0,0.0
18315,1708094280000.0,0.0,0.0,0.0,118.16659574468085,0.0,0.0,125.27,0.9999253857184062,1.0,1402.305874280002,1000.0,1402.305874280002,1000.0,0.0,0.0
18316,1708097880000.0,0.0,0.0,0.0,118.16659574468085,0.0,0.0,125.18,0.9999253857184062,1.0,1402.305874280002,1000.0,1402.305874280002,1000.0,0.0,0.0
18317,1708101480000.0,0.0,0.0,0.0,118.16659574468085,0.0,0.0,125.39,0.9999253857184062,1.0,1402.305874280002,1000.0,1402.305874280002,1000.0,0.0,0.0
18318,1708105080000.0,0.0,0.0,0.0,118.16659574468085,0.0,0.0,123.4,0.9999253857184062,1.0,1402.305874280002,1000.0,1402.305874280002,1000.0,0.0,0.0
18319,1708108680000.0,0.0,0.0,0.46,122.0,0.0,0.0,121.47,0.9999253857184062,1.0,1402.2946502800019,1000.0,1402.050850280002,1000.0,0.04002011987195009,0.0
18320,1708112280000.0,0.0,0.0,0.46,122.0,0.0,0.0,121.02,0.9999253857184062,1.0,1402.2946502800019,1000.0,1401.8438502800018,1000.0,0.04002011987195009,0.0
18321,1708115880000.0,0.0,0.0,0.46,122.0,0.0,0.0,121.88,0.9999253857184062,1.0,1402.2946502800019,1000.0,1402.2394502800018,1000.0,0.04002011987195009,0.0
18322,1708119480000.0,0.0,0.0,0.46,122.0,0.0,0.0,122.36,0.9999253857184062,1.0,1402.2946502800019,1000.0,1402.460250280002,1000.0,0.04002011987195009,0.0
18323,1708123080000.0,0.0,0.0,0.46,122.0,0.0,0.0,122.31,0.9999253857184062,1.0,1402.2946502800019,1000.0,1402.4372502800018,1000.0,0.04002011987195009,0.0
18324,1708126680000.0,0.0,0.0,0.46,122.0,0.0,0.0,123.2,0.9999253857184062,1.0,1402.2946502800019,1000.0,1402.8466502800018,1000.0,0.04002011987195009,0.0
18325,1708130280000.0,0.0,0.0,0.46,122.0,0.0,0.0,121.65,0.9999253857184062,1.0,1402.2946502800019,1000.0,1402.1336502800018,1000.0,0.04002011987195009,0.0
18326,1708133880000.0,0.0,0.0,0.46,122.0,0.0,0.0,119.85,0.9999253857184062,1.0,1402.2946502800019,1000.0,1401.3056502800018,1000.0,0.04002011987195009,0.0
18327,1708137480000.0,0.0,0.0,0.46,122.0,0.0,0.0,119.65,0.9999253857184062,1.0,1402.2946502800019,1000.0,1401.213650280002,1000.0,0.04002011987195009,0.0
18328,1708141080000.0,0.0,0.0,0.46,122.0,0.0,0.0,119.52,0.9999253857184062,1.0,1402.2946502800019,1000.0,1401.153850280002,1000.0,0.04002011987195009,0.0
18329,1708144680000.0,0.0,0.0,0.46,122.0,0.0,0.0,119.82,0.9999253857184062,1.0,1402.2946502800019,1000.0,1401.2918502800019,1000.0,0.04002011987195009,0.0
18330,1708148280000.0,0.0,0.0,0.46,122.0,0.0,0.0,120.08,0.9999253857184062,1.0,1402.2946502800019,1000.0,1401.4114502800019,1000.0,0.04002011987195009,0.0
18331,1708151880000.0,0.0,0.0,0.46,122.0,0.0,0.0,119.84,0.9999253857184062,1.0,1402.2946502800019,1000.0,1401.3010502800018,1000.0,0.04002011987195009,0.0
18332,1708155480000.0,0.0,0.0,0.46,122.0,0.0,0.0,119.46,0.9999253857184062,1.0,1402.2946502800019,1000.0,1401.1262502800018,1000.0,0.04002011987195009,0.0
18333,1708159080000.0,0.0,0.0,0.46,122.0,0.0,0.0,120.12,0.9999253857184062,1.0,1402.2946502800019,1000.0,1401.4298502800018,1000.0,0.04002011987195009,0.0
18334,1708162680000.0,0.0,0.0,0.46,122.0,0.0,0.0,119.48,0.9999253857184062,1.0,1402.2946502800019,1000.0,1401.1354502800018,1000.0,0.04002011987195009,0.0
18335,1708166280000.0,0.0,0.0,0.46,122.0,0.0,0.0,119.7,0.9999253857184062,1.0,1402.2946502800019,1000.0,1401.2366502800019,1000.0,0.04002011987195009,0.0
18336,1708169880000.0,0.0,0.0,0.46,122.0,0.0,0.0,119.96,0.9999253857184062,1.0,1402.2946502800019,1000.0,1401.3562502800019,1000.0,0.04002011987195009,0.0
18337,1708173480000.0,0.0,0.0,0.46,122.0,0.0,0.0,119.56,0.9999253857184062,1.0,1402.2946502800019,1000.0,1401.172250280002,1000.0,0.04002011987195009,0.0
18338,1708177080000.0,0.0,0.0,0.46,122.0,0.0,0.0,119.04,0.9999253857184062,1.0,1402.2946502800019,1000.0,1400.933050280002,1000.0,0.04002011987195009,0.0
18339,1708180680000.0,0.0,0.0,0.46,122.0,0.0,0.0,119.18,0.9999253857184062,1.0,1402.2946502800019,1000.0,1400.9974502800019,1000.0,0.04002011987195009,0.0
18340,1708184280000.0,0.0,0.0,0.46,122.0,0.0,0.0,120.93,0.9999253857184062,1.0,1402.2946502800019,1000.0,1401.802450280002,1000.0,0.04002011987195009,0.0
18341,1708187880000.0,0.0,0.0,0.46,122.0,0.0,0.0,120.47,0.9999253857184062,1.0,1402.2946502800019,1000.0,1401.5908502800019,1000.0,0.04002011987195009,0.0
18342,1708191480000.0,0.0,0.0,0.46,122.0,0.0,0.0,120.49,0.9999253857184062,1.0,1402.2946502800019,1000.0,1401.6000502800018,1000.0,0.04002011987195009,0.0
18343,1708195080000.0,0.0,0.0,0.46,122.0,0.0,0.0,121.38,0.9999253857184062,1.0,1402.2946502800019,1000.0,1402.0094502800018,1000.0,0.04002011987195009,0.0
18344,1708198680000.0,0.0,0.0,0.46,122.0,0.0,0.0,121.0,0.9999253857184062,1.0,1402.2946502800019,1000.0,1401.8346502800018,1000.0,0.04002011987195009,0.0
18345,1708202280000.0,0.0,0.0,0.46,122.0,0.0,0.0,120.17,0.9999253857184062,1.0,1402.2946502800019,1000.0,1401.452850280002,1000.0,0.04002011987195009,0.0
18346,1708205880000.0,0.0,0.0,0.46,122.0,0.0,0.0,121.32,0.9999253857184062,1.0,1402.2946502800019,1000.0,1401.981850280002,1000.0,0.04002011987195009,0.0
18347,1708209480000.0,0.0,0.0,0.46,122.0,0.0,0.0,120.58,0.9999253857184062,1.0,1402.2946502800019,1000.0,1401.641450280002,1000.0,0.04002011987195009,0.0
18348,1708213080000.0,0.0,0.0,0.46,122.0,0.0,0.0,120.54,0.9999253857184062,1.0,1402.2946502800019,1000.0,1401.623050280002,1000.0,0.04002011987195009,0.0
18349,1708216680000.0,0.0,0.0,0.46,122.0,0.0,0.0,121.52,0.9999253857184062,1.0,1402.2946502800019,1000.0,1402.0738502800018,1000.0,0.04002011987195009,0.0
18350,1708220280000.0,0.0,0.0,0.46,122.0,0.0,0.0,120.66,0.9999253857184062,1.0,1402.2946502800019,1000.0,1401.6782502800017,1000.0,0.04002011987195009,0.0
18351,1708223880000.0,0.0,0.0,0.46,122.0,0.0,0.0,120.59,0.9999253857184062,1.0,1402.2946502800019,1000.0,1401.6460502800019,1000.0,0.04002011987195009,0.0
18352,1708227480000.0,0.0,0.0,0.46,122.0,0.0,0.0,120.29,0.9999253857184062,1.0,1402.2946502800019,1000.0,1401.508050280002,1000.0,0.04002011987195009,0.0
18353,1708231080000.0,0.0,0.0,0.46,122.0,0.0,0.0,120.22,0.9999253857184062,1.0,1402.2946502800019,1000.0,1401.4758502800019,1000.0,0.04002011987195009,0.0
18354,1708234680000.0,0.0,0.0,0.46,122.0,0.0,0.0,120.09,0.9999253857184062,1.0,1402.2946502800019,1000.0,1401.4160502800019,1000.0,0.04002011987195009,0.0
18355,1708238280000.0,0.0,0.0,0.46,122.0,0.0,0.0,119.14,0.9999253857184062,1.0,1402.2946502800019,1000.0,1400.979050280002,1000.0,0.04002011987195009,0.0
18356,1708241880000.0,0.0,0.0,0.46,122.0,0.0,0.0,119.5,0.9999253857184062,1.0,1402.2946502800019,1000.0,1401.1446502800018,1000.0,0.04002011987195009,0.0
18357,1708245480000.0,0.0,0.0,0.46,122.0,0.0,0.0,119.19,0.9999253857184062,1.0,1402.2946502800019,1000.0,1401.0020502800019,1000.0,0.04002011987195009,0.0
18358,1708249080000.0,0.0,0.0,0.46,122.0,0.0,0.0,120.01,0.9999253857184062,1.0,1402.2946502800019,1000.0,1401.3792502800018,1000.0,0.04002011987195009,0.0
18359,1708252680000.0,0.0,0.0,0.46,122.0,0.0,0.0,120.75,0.9999253857184062,1.0,1402.2946502800019,1000.0,1401.7196502800018,1000.0,0.04002011987195009,0.0
18360,1708256280000.0,0.0,0.0,0.46,122.0,0.0,0.0,120.08,0.9999253857184062,1.0,1402.2946502800019,1000.0,1401.4114502800019,1000.0,0.04002011987195009,0.0
18361,1708259880000.0,0.0,0.0,0.46,122.0,0.0,0.0,121.02,0.9999253857184062,1.0,1402.2946502800019,1000.0,1401.8438502800018,1000.0,0.04002011987195009,0.0
18362,1708263480000.0,0.0,0.0,0.46,122.0,0.0,0.0,120.57,0.9999253857184062,1.0,1402.2946502800019,1000.0,1401.636850280002,1000.0,0.04002011987195009,0.0
18363,1708267080000.0,0.0,0.0,0.46,122.0,0.0,0.0,120.39,0.9999253857184062,1.0,1402.2946502800019,1000.0,1401.5540502800018,1000.0,0.04002011987195009,0.0
18364,1708270680000.0,0.0,0.0,0.46,122.0,0.0,0.0,119.88,0.9999253857184062,1.0,1402.2946502800019,1000.0,1401.3194502800018,1000.0,0.04002011987195009,0.0
18365,1708274280000.0,0.0,0.0,0.46,122.0,0.0,0.0,122.39,0.9999253857184062,1.0,1402.2946502800019,1000.0,1402.4740502800018,1000.0,0.04002011987195009,0.0
18366,1708277880000.0,0.0,0.0,0.46,122.0,0.0,0.0,121.36,0.9999253857184062,1.0,1402.2946502800019,1000.0,1402.0002502800019,1000.0,0.04002011987195009,0.0
18367,1708281480000.0,0.0,0.0,0.46,122.0,0.0,0.0,121.56,0.9999253857184062,1.0,1402.2946502800019,1000.0,1402.092250280002,1000.0,0.04002011987195009,0.0
18368,1708285080000.0,0.0,0.0,0.46,122.0,0.0,0.0,122.18,0.9999253857184062,1.0,1402.2946502800019,1000.0,1402.3774502800018,1000.0,0.04002011987195009,0.0
18369,1708288680000.0,0.0,0.0,0.46,122.0,0.0,0.0,122.89,0.9999253857184062,1.0,1402.2946502800019,1000.0,1402.7040502800019,1000.0,0.04002011987195009,0.0
18370,1708292280000.0,0.0,0.0,0.46,122.0,0.0,0.0,123.08,0.9999253857184062,1.0,1402.2946502800019,1000.0,1402.7914502800018,1000.0,0.04002011987195009,0.0
18371,1708295880000.0,0.0,0.0,0.46,122.0,0.0,0.0,123.13,0.9999253857184062,1.0,1402.2946502800019,1000.0,1402.814450280002,1000.0,0.04002011987195009,0.0
18372,1708299480000.0,0.0,0.0,0.46,122.0,0.0,0.0,122.34,0.9999253857184062,1.0,1402.2946502800019,1000.0,1402.451050280002,1000.0,0.04002011987195009,0.0
18373,1708303080000.0,0.0,0.0,0.46,122.0,0.0,0.0,122.66,0.9999253857184062,1.0,1402.2946502800019,1000.0,1402.5982502800018,1000.0,0.04002011987195009,0.0
18374,1708306680000.0,0.0,0.0,0.46,122.0,0.0,0.0,121.34,0.9999253857184062,1.0,1402.2946502800019,1000.0,1401.991050280002,1000.0,0.04002011987195009,0.0
18375,1708310280000.0,0.0,0.0,0.46,122.0,0.0,0.0,121.72,0.9999253857184062,1.0,1402.2946502800019,1000.0,1402.165850280002,1000.0,0.04002011987195009,0.0
18376,1708313880000.0,0.0,0.0,0.46,122.0,0.0,0.0,121.72,0.9999253857184062,1.0,1402.2946502800019,1000.0,1402.165850280002,1000.0,0.04002011987195009,0.0
18377,1708317480000.0,0.0,0.0,0.46,122.0,0.0,0.0,121.86,0.9999253857184062,1.0,1402.2946502800019,1000.0,1402.2302502800019,1000.0,0.04002011987195009,0.0
18378,1708321080000.0,0.0,0.0,0.46,122.0,0.0,0.0,122.24,0.9999253857184062,1.0,1402.2946502800019,1000.0,1402.405050280002,1000.0,0.04002011987195009,0.0
18379,1708324680000.0,0.0,0.0,0.46,122.0,0.0,0.0,122.14,0.9999253857184062,1.0,1402.2946502800019,1000.0,1402.3590502800018,1000.0,0.04002011987195009,0.0
18380,1708328280000.0,0.0,0.0,0.46,122.0,0.0,0.0,122.81,0.9999253857184062,1.0,1402.2946502800019,1000.0,1402.6672502800018,1000.0,0.04002011987195009,0.0
18381,1708331880000.0,0.0,0.0,0.46,122.0,0.0,0.0,121.89,0.9999253857184062,1.0,1402.2946502800019,1000.0,1402.2440502800018,1000.0,0.04002011987195009,0.0
18382,1708335480000.0,0.0,0.0,0.46,122.0,0.0,0.0,121.97,0.9999253857184062,1.0,1402.2946502800019,1000.0,1402.280850280002,1000.0,0.04002011987195009,0.0
18383,1708339080000.0,0.0,0.0,0.46,122.0,0.0,0.0,120.91,0.9999253857184062,1.0,1402.2946502800019,1000.0,1401.7932502800018,1000.0,0.04002011987195009,0.0
18384,1708342680000.0,0.0,0.0,0.46,122.0,0.0,0.0,121.53,0.9999253857184062,1.0,1402.2946502800019,1000.0,1402.0784502800018,1000.0,0.04002011987195009,0.0
18385,1708346280000.0,0.0,0.0,0.46,122.0,0.0,0.0,121.06,0.9999253857184062,1.0,1402.2946502800019,1000.0,1401.862250280002,1000.0,0.04002011987195009,0.0
18386,1708349880000.0,0.0,0.0,0.46,122.0,0.0,0.0,120.03,0.9999253857184062,1.0,1402.2946502800019,1000.0,1401.388450280002,1000.0,0.04002011987195009,0.0
18387,1708353480000.0,0.0,0.0,0.46,122.0,0.0,0.0,119.5,0.9999253857184062,1.0,1402.2946502800019,1000.0,1401.1446502800018,1000.0,0.04002011987195009,0.0
18388,1708357080000.0,0.0,0.0,0.46,122.0,0.0,0.0,118.03,0.9999253857184062,1.0,1402.2946502800019,1000.0,1400.468450280002,1000.0,0.04002011987195009,0.0
18389,1708360680000.0,0.0,0.0,0.94,119.40595744680851,0.0,0.0,116.15,0.9999253857184062,1.0,1402.2834259600018,1000.0,1399.2228259600017,1000.0,0.08004202140744801,0.0
18390,1708364280000.0,0.0,0.0,1.44,117.06708333333333,0.0,0.0,111.25,0.9999253857184062,1.0,1402.2721589600017,1000.0,1393.8955589600016,1000.0,0.12021674888348721,0.0
18391,1708367880000.0,0.0,0.0,1.44,117.06708333333333,0.0,0.0,112.21,0.9999253857184062,1.0,1402.2721589600017,1000.0,1395.2779589600016,1000.0,0.12021674888348721,0.0
18392,1708371480000.0,0.0,0.0,1.44,117.06708333333333,0.0,0.0,111.98,0.9999253857184062,1.0,1402.2721589600017,1000.0,1394.9467589600017,1000.0,0.12021674888348721,0.0
18393,1708375080000.0,0.0,0.0,1.44,117.06708333333333,0.0,0.0,111.9,0.9999253857184062,1.0,1402.2721589600017,1000.0,1394.8315589600018,1000.0,0.12021674888348721,0.0
18394,1708378680000.0,0.0,0.0,1.44,117.06708333333333,0.0,0.0,113.0,0.9999253857184062,1.0,1402.2721589600017,1000.0,1396.4155589600016,1000.0,0.12021674888348721,0.0
18395,1708382280000.0,0.0,0.0,1.44,117.06708333333333,0.0,0.0,113.86,0.9999253857184062,1.0,1402.2721589600017,1000.0,1397.6539589600018,1000.0,0.12021674888348721,0.0
18396,1708385880000.0,0.0,0.0,1.44,117.06708333333333,0.0,0.0,113.09,0.9999253857184062,1.0,1402.2721589600017,1000.0,1396.5451589600016,1000.0,0.12021674888348721,0.0
18397,1708389480000.0,0.0,0.0,1.44,117.06708333333333,0.0,0.0,114.06,0.9999253857184062,1.0,1402.2721589600017,1000.0,1397.9419589600016,1000.0,0.12021674888348721,0.0
18398,1708393080000.0,0.0,0.0,1.44,117.06708333333333,0.0,0.0,113.51,0.9999253857184062,1.0,1402.2721589600017,1000.0,1397.1499589600016,1000.0,0.12021674888348721,0.0
18399,1708396680000.0,0.0,0.0,1.44,117.06708333333333,0.0,0.0,115.78,0.9999253857184062,1.0,1402.2721589600017,1000.0,1400.4187589600017,1000.0,0.12021674888348721,0.0
18400,1708400280000.0,0.0,0.0,0.03,117.06708333333333,0.0,0.0,118.46,0.9999253857184062,1.0,1409.8320396600018,1000.0,1409.8738271600018,1000.0,0.0024910857472404757,0.0
18401,1708403880000.0,0.0,0.0,0.01,117.06708333333333,0.0,0.0,121.91,0.9999253857184062,1.0,1409.9018156733348,1000.0,1409.9502448400015,1000.0,0.0008303208211518257,0.0
18402,1708407480000.0,0.0,0.0,0.0,117.06708333333333,0.0,0.0,119.39,0.9999253857184062,1.0,1409.9367036800013,1000.0,1409.9367036800013,1000.0,0.0,0.0
18403,1708411080000.0,0.0,0.0,0.0,117.06708333333333,0.0,0.0,119.37,0.9999253857184062,1.0,1409.9367036800013,1000.0,1409.9367036800013,1000.0,0.0,0.0
18404,1708414680000.0,0.0,0.0,0.0,117.06708333333333,0.0,0.0,119.36,0.9999253857184062,1.0,1409.9367036800013,1000.0,1409.9367036800013,1000.0,0.0,0.0
18405,1708418280000.0,0.0,0.0,0.0,117.06708333333333,0.0,0.0,118.94,0.9999253857184062,1.0,1409.9367036800013,1000.0,1409.9367036800013,1000.0,0.0,0.0
18406,1708421880000.0,0.0,0.0,0.0,117.06708333333333,0.0,0.0,118.78,0.9999253857184062,1.0,1409.9367036800013,1000.0,1409.9367036800013,1000.0,0.0,0.0
18407,1708425480000.0,0.0,0.0,0.0,117.06708333333333,0.0,0.0,120.14,0.9999253857184062,1.0,1409.9367036800013,1000.0,1409.9367036800013,1000.0,0.0,0.0
18408,1708429080000.0,0.0,0.0,0.0,117.06708333333333,0.0,0.0,120.03,0.9999253857184062,1.0,1409.9367036800013,1000.0,1409.9367036800013,1000.0,0.0,0.0
18409,1708432680000.0,0.0,0.0,0.0,117.06708333333333,0.0,0.0,119.83,0.9999253857184062,1.0,1409.9367036800013,1000.0,1409.9367036800013,1000.0,0.0,0.0
18410,1708436280000.0,0.0,0.0,0.0,117.06708333333333,0.0,0.0,121.24,0.9999253857184062,1.0,1409.9367036800013,1000.0,1409.9367036800013,1000.0,0.0,0.0
18411,1708439880000.0,0.0,0.0,0.0,117.06708333333333,0.0,0.0,118.54,0.9999253857184062,1.0,1409.9367036800013,1000.0,1409.9367036800013,1000.0,0.0,0.0
18412,1708443480000.0,0.0,0.0,0.0,117.06708333333333,0.0,0.0,119.77,0.9999253857184062,1.0,1409.9367036800013,1000.0,1409.9367036800013,1000.0,0.0,0.0
18413,1708447080000.0,0.0,0.0,0.0,117.06708333333333,0.0,0.0,119.28,0.9999253857184062,1.0,1409.9367036800013,1000.0,1409.9367036800013,1000.0,0.0,0.0
18414,1708450680000.0,0.0,0.0,0.0,117.06708333333333,0.0,0.0,119.77,0.9999253857184062,1.0,1409.9367036800013,1000.0,1409.9367036800013,1000.0,0.0,0.0
18415,1708454280000.0,0.0,0.0,0.0,117.06708333333333,0.0,0.0,119.96,0.9999253857184062,1.0,1409.9367036800013,1000.0,1409.9367036800013,1000.0,0.0,0.0
18416,1708457880000.0,0.0,0.0,0.0,117.06708333333333,0.0,0.0,124.53,0.9999253857184062,1.0,1409.9367036800013,1000.0,1409.9367036800013,1000.0,0.0,0.0
18417,1708461480000.0,0.0,0.0,0.0,117.06708333333333,0.0,0.0,122.06,0.9999253857184062,1.0,1409.9367036800013,1000.0,1409.9367036800013,1000.0,0.0,0.0
18418,1708465080000.0,0.0,0.0,0.0,117.06708333333333,0.0,0.0,122.82,0.9999253857184062,1.0,1409.9367036800013,1000.0,1409.9367036800013,1000.0,0.0,0.0
18419,1708468680000.0,0.0,0.0,0.0,117.06708333333333,0.0,0.0,123.76,0.9999253857184062,1.0,1409.9367036800013,1000.0,1409.9367036800013,1000.0,0.0,0.0
18420,1708472280000.0,0.0,0.0,0.0,117.06708333333333,0.0,0.0,123.95,0.9999253857184062,1.0,1409.9367036800013,1000.0,1409.9367036800013,1000.0,0.0,0.0
18421,1708475880000.0,0.0,0.0,0.0,117.06708333333333,0.0,0.0,123.83,0.9999253857184062,1.0,1409.9367036800013,1000.0,1409.9367036800013,1000.0,0.0,0.0
18422,1708479480000.0,0.0,0.0,0.0,117.06708333333333,0.0,0.0,124.54,0.9999253857184062,1.0,1409.9367036800013,1000.0,1409.9367036800013,1000.0,0.0,0.0
18423,1708483080000.0,0.0,0.0,0.0,117.06708333333333,0.0,0.0,125.26,0.9999253857184062,1.0,1409.9367036800013,1000.0,1409.9367036800013,1000.0,0.0,0.0
18424,1708486680000.0,0.0,0.0,0.0,117.06708333333333,0.0,0.0,124.68,0.9999253857184062,1.0,1409.9367036800013,1000.0,1409.9367036800013,1000.0,0.0,0.0
18425,1708490280000.0,0.0,0.0,0.0,117.06708333333333,0.0,0.0,125.63,0.9999253857184062,1.0,1409.9367036800013,1000.0,1409.9367036800013,1000.0,0.0,0.0
18426,1708493880000.0,0.0,0.0,0.0,117.06708333333333,0.0,0.0,125.33,0.9999253857184062,1.0,1409.9367036800013,1000.0,1409.9367036800013,1000.0,0.0,0.0
18427,1708497480000.0,0.0,0.0,0.0,117.06708333333333,0.0,0.0,123.84,0.9999253857184062,1.0,1409.9367036800013,1000.0,1409.9367036800013,1000.0,0.0,0.0
18428,1708501080000.0,0.0,0.0,0.0,117.06708333333333,0.0,0.0,120.76,0.9999253857184062,1.0,1409.9367036800013,1000.0,1409.9367036800013,1000.0,0.0,0.0
18429,1708504680000.0,0.0,0.0,0.0,117.06708333333333,0.0,0.0,120.39,0.9999253857184062,1.0,1409.9367036800013,1000.0,1409.9367036800013,1000.0,0.0,0.0
18430,1708508280000.0,0.0,0.0,0.0,117.06708333333333,0.0,0.0,119.97,0.9999253857184062,1.0,1409.9367036800013,1000.0,1409.9367036800013,1000.0,0.0,0.0
18431,1708511880000.0,0.0,0.0,0.0,117.06708333333333,0.0,0.0,119.6,0.9999253857184062,1.0,1409.9367036800013,1000.0,1409.9367036800013,1000.0,0.0,0.0
18432,1708515480000.0,0.0,0.0,0.0,117.06708333333333,0.0,0.0,118.44,0.9999253857184062,1.0,1409.9367036800013,1000.0,1409.9367036800013,1000.0,0.0,0.0
18433,1708519080000.0,0.0,0.0,0.48,117.5,0.0,0.0,118.1,0.9999253857184062,1.0,1409.9254236800014,1000.0,1410.2134236800014,1000.0,0.040002115752187914,0.0
18434,1708522680000.0,0.0,0.0,0.48,117.5,0.0,0.0,118.03,0.9999253857184062,1.0,1409.9254236800014,1000.0,1410.1798236800014,1000.0,0.040002115752187914,0.0
18435,1708526280000.0,0.0,0.0,0.48,117.5,0.0,0.0,119.18,0.9999253857184062,1.0,1409.9254236800014,1000.0,1410.7318236800013,1000.0,0.040002115752187914,0.0
18436,1708529880000.0,0.0,0.0,0.32,117.5,0.0,0.0,120.76,0.9999253857184062,1.0,1410.4863507200014,1000.0,1411.5295507200015,1000.0,0.026657471715913157,0.0
18437,1708533480000.0,0.0,0.0,0.32,117.5,0.0,0.0,119.75,0.9999253857184062,1.0,1410.4863507200014,1000.0,1411.2063507200014,1000.0,0.026657471715913157,0.0
18438,1708537080000.0,0.0,0.0,0.32,117.5,0.0,0.0,118.66,0.9999253857184062,1.0,1410.4863507200014,1000.0,1410.8575507200014,1000.0,0.026657471715913157,0.0
18439,1708540680000.0,0.0,0.0,0.32,117.5,0.0,0.0,119.0,0.9999253857184062,1.0,1410.4863507200014,1000.0,1410.9663507200014,1000.0,0.026657471715913157,0.0
18440,1708544280000.0,0.0,0.0,0.32,117.5,0.0,0.0,119.43,0.9999253857184062,1.0,1410.4863507200014,1000.0,1411.1039507200014,1000.0,0.026657471715913157,0.0
18441,1708547880000.0,0.0,0.0,0.32,117.5,0.0,0.0,119.9,0.9999253857184062,1.0,1410.4863507200014,1000.0,1411.2543507200014,1000.0,0.026657471715913157,0.0
18442,1708551480000.0,0.0,0.0,0.32,117.5,0.0,0.0,120.45,0.9999253857184062,1.0,1410.4863507200014,1000.0,1411.4303507200013,1000.0,0.026657471715913157,0.0
18443,1708555080000.0,0.0,0.0,0.1,117.5,0.0,0.0,120.91,0.9999253857184062,1.0,1411.2576254000016,1000.0,1411.5986254000015,1000.0,0.008325907182729747,0.0
18444,1708558680000.0,0.0,0.0,0.04,117.5,0.0,0.0,121.63,0.9999253857184062,1.0,1411.4679730400019,1000.0,1411.6331730400018,1000.0,0.003329866557210788,0.0
18445,1708562280000.0,0.0,0.0,0.04,117.5,0.0,0.0,122.75,0.9999253857184062,1.0,1411.4679730400019,1000.0,1411.677973040002,1000.0,0.003329866557210788,0.0
18446,1708565880000.0,0.0,0.0,0.04,117.5,0.0,0.0,123.39,0.9999253857184062,1.0,1411.4679730400019,1000.0,1411.7035730400019,1000.0,0.003329866557210788,0.0
18447,1708569480000.0,0.0,0.0,0.0,117.5,0.0,0.0,123.35,0.9999253857184062,1.0,1411.7221820000016,1000.0,1411.7221820000016,1000.0,0.0,0.0
18448,1708573080000.0,0.0,0.0,0.0,117.5,0.0,0.0,123.47,0.9999253857184062,1.0,1411.7221820000016,1000.0,1411.7221820000016,1000.0,0.0,0.0
18449,1708576680000.0,0.0,0.0,0.0,117.5,0.0,0.0,124.6,0.9999253857184062,1.0,1411.7221820000016,1000.0,1411.7221820000016,1000.0,0.0,0.0
18450,1708580280000.0,0.0,0.0,0.0,117.5,0.0,0.0,124.81,0.9999253857184062,1.0,1411.7221820000016,1000.0,1411.7221820000016,1000.0,0.0,0.0
18451,1708583880000.0,0.0,0.0,0.0,117.5,0.0,0.0,124.83,0.9999253857184062,1.0,1411.7221820000016,1000.0,1411.7221820000016,1000.0,0.0,0.0
18452,1708587480000.0,0.0,0.0,0.0,117.5,0.0,0.0,124.17,0.9999253857184062,1.0,1411.7221820000016,1000.0,1411.7221820000016,1000.0,0.0,0.0
18453,1708591080000.0,0.0,0.0,0.0,117.5,0.0,0.0,123.85,0.9999253857184062,1.0,1411.7221820000016,1000.0,1411.7221820000016,1000.0,0.0,0.0
18454,1708594680000.0,0.0,0.0,0.0,117.5,0.0,0.0,123.35,0.9999253857184062,1.0,1411.7221820000016,1000.0,1411.7221820000016,1000.0,0.0,0.0
18455,1708598280000.0,0.0,0.0,0.0,117.5,0.0,0.0,122.4,0.9999253857184062,1.0,1411.7221820000016,1000.0,1411.7221820000016,1000.0,0.0,0.0
18456,1708601880000.0,0.0,0.0,0.0,117.5,0.0,0.0,122.28,0.9999253857184062,1.0,1411.7221820000016,1000.0,1411.7221820000016,1000.0,0.0,0.0
18457,1708605480000.0,0.0,0.0,0.0,117.5,0.0,0.0,122.78,0.9999253857184062,1.0,1411.7221820000016,1000.0,1411.7221820000016,1000.0,0.0,0.0
18458,1708609080000.0,0.0,0.0,0.0,117.5,0.0,0.0,122.19,0.9999253857184062,1.0,1411.7221820000016,1000.0,1411.7221820000016,1000.0,0.0,0.0
18459,1708612680000.0,0.0,0.0,0.0,117.5,0.0,0.0,122.1,0.9999253857184062,1.0,1411.7221820000016,1000.0,1411.7221820000016,1000.0,0.0,0.0
18460,1708616280000.0,0.0,0.0,0.0,117.5,0.0,0.0,123.07,0.9999253857184062,1.0,1411.7221820000016,1000.0,1411.7221820000016,1000.0,0.0,0.0
18461,1708619880000.0,0.0,0.0,0.0,117.5,0.0,0.0,123.33,0.9999253857184062,1.0,1411.7221820000016,1000.0,1411.7221820000016,1000.0,0.0,0.0
18462,1708623480000.0,0.0,0.0,0.0,117.5,0.0,0.0,123.51,0.9999253857184062,1.0,1411.7221820000016,1000.0,1411.7221820000016,1000.0,0.0,0.0
18463,1708627080000.0,0.0,0.0,0.0,117.5,0.0,0.0,123.59,0.9999253857184062,1.0,1411.7221820000016,1000.0,1411.7221820000016,1000.0,0.0,0.0
18464,1708630680000.0,0.0,0.0,0.0,117.5,0.0,0.0,122.75,0.9999253857184062,1.0,1411.7221820000016,1000.0,1411.7221820000016,1000.0,0.0,0.0
18465,1708634280000.0,0.0,0.0,0.0,117.5,0.0,0.0,123.35,0.9999253857184062,1.0,1411.7221820000016,1000.0,1411.7221820000016,1000.0,0.0,0.0
18466,1708637880000.0,0.0,0.0,0.0,117.5,0.0,0.0,123.58,0.9999253857184062,1.0,1411.7221820000016,1000.0,1411.7221820000016,1000.0,0.0,0.0
18467,1708641480000.0,0.0,0.0,0.0,117.5,0.0,0.0,123.97,0.9999253857184062,1.0,1411.7221820000016,1000.0,1411.7221820000016,1000.0,0.0,0.0
18468,1708645080000.0,0.0,0.0,0.0,117.5,0.0,0.0,124.09,0.9999253857184062,1.0,1411.7221820000016,1000.0,1411.7221820000016,1000.0,0.0,0.0
18469,1708648680000.0,0.0,0.0,0.0,117.5,0.0,0.0,122.27,0.9999253857184062,1.0,1411.7221820000016,1000.0,1411.7221820000016,1000.0,0.0,0.0
18470,1708652280000.0,0.0,0.0,0.0,117.5,0.0,0.0,122.53,0.9999253857184062,1.0,1411.7221820000016,1000.0,1411.7221820000016,1000.0,0.0,0.0
18471,1708655880000.0,0.0,0.0,0.0,117.5,0.0,0.0,123.57,0.9999253857184062,1.0,1411.7221820000016,1000.0,1411.7221820000016,1000.0,0.0,0.0
18472,1708659480000.0,0.0,0.0,0.0,117.5,0.0,0.0,122.77,0.9999253857184062,1.0,1411.7221820000016,1000.0,1411.7221820000016,1000.0,0.0,0.0
18473,1708663080000.0,0.0,0.0,0.0,117.5,0.0,0.0,123.01,0.9999253857184062,1.0,1411.7221820000016,1000.0,1411.7221820000016,1000.0,0.0,0.0
18474,1708666680000.0,0.0,0.0,0.0,117.5,0.0,0.0,123.14,0.9999253857184062,1.0,1411.7221820000016,1000.0,1411.7221820000016,1000.0,0.0,0.0
18475,1708670280000.0,0.0,0.0,0.0,117.5,0.0,0.0,123.32,0.9999253857184062,1.0,1411.7221820000016,1000.0,1411.7221820000016,1000.0,0.0,0.0
18476,1708673880000.0,0.0,0.0,0.0,117.5,0.0,0.0,122.42,0.9999253857184062,1.0,1411.7221820000016,1000.0,1411.7221820000016,1000.0,0.0,0.0
18477,1708677480000.0,0.0,0.0,0.0,117.5,0.0,0.0,121.31,0.9999253857184062,1.0,1411.7221820000016,1000.0,1411.7221820000016,1000.0,0.0,0.0
18478,1708681080000.0,0.0,0.0,0.0,117.5,0.0,0.0,123.02,0.9999253857184062,1.0,1411.7221820000016,1000.0,1411.7221820000016,1000.0,0.0,0.0
18479,1708684680000.0,0.0,0.0,0.0,117.5,0.0,0.0,123.7,0.9999253857184062,1.0,1411.7221820000016,1000.0,1411.7221820000016,1000.0,0.0,0.0
18480,1708688280000.0,0.0,0.0,0.0,117.5,0.0,0.0,123.89,0.9999253857184062,1.0,1411.7221820000016,1000.0,1411.7221820000016,1000.0,0.0,0.0
18481,1708691880000.0,0.0,0.0,0.0,117.5,0.0,0.0,123.8,0.9999253857184062,1.0,1411.7221820000016,1000.0,1411.7221820000016,1000.0,0.0,0.0
18482,1708695480000.0,0.0,0.0,0.0,117.5,0.0,0.0,123.67,0.9999253857184062,1.0,1411.7221820000016,1000.0,1411.7221820000016,1000.0,0.0,0.0
18483,1708699080000.0,0.0,0.0,0.0,117.5,0.0,0.0,123.44,0.9999253857184062,1.0,1411.7221820000016,1000.0,1411.7221820000016,1000.0,0.0,0.0
18484,1708702680000.0,0.0,0.0,0.0,117.5,0.0,0.0,122.93,0.9999253857184062,1.0,1411.7221820000016,1000.0,1411.7221820000016,1000.0,0.0,0.0
18485,1708706280000.0,0.0,0.0,0.0,117.5,0.0,0.0,121.61,0.9999253857184062,1.0,1411.7221820000016,1000.0,1411.7221820000016,1000.0,0.0,0.0
18486,1708709880000.0,0.0,0.0,0.0,117.5,0.0,0.0,122.63,0.9999253857184062,1.0,1411.7221820000016,1000.0,1411.7221820000016,1000.0,0.0,0.0
18487,1708713480000.0,0.0,0.0,0.0,117.5,0.0,0.0,123.47,0.9999253857184062,1.0,1411.7221820000016,1000.0,1411.7221820000016,1000.0,0.0,0.0
18488,1708717080000.0,0.0,0.0,0.0,117.5,0.0,0.0,123.98,0.9999253857184062,1.0,1411.7221820000016,1000.0,1411.7221820000016,1000.0,0.0,0.0
18489,1708720680000.0,0.0,0.0,0.0,117.5,0.0,0.0,124.33,0.9999253857184062,1.0,1411.7221820000016,1000.0,1411.7221820000016,1000.0,0.0,0.0
18490,1708724280000.0,0.0,0.0,0.0,117.5,0.0,0.0,122.75,0.9999253857184062,1.0,1411.7221820000016,1000.0,1411.7221820000016,1000.0,0.0,0.0
18491,1708727880000.0,0.0,0.0,0.0,117.5,0.0,0.0,123.82,0.9999253857184062,1.0,1411.7221820000016,1000.0,1411.7221820000016,1000.0,0.0,0.0
18492,1708731480000.0,0.0,0.0,0.0,117.5,0.0,0.0,123.84,0.9999253857184062,1.0,1411.7221820000016,1000.0,1411.7221820000016,1000.0,0.0,0.0
18493,1708735080000.0,0.0,0.0,0.0,117.5,0.0,0.0,123.79,0.9999253857184062,1.0,1411.7221820000016,1000.0,1411.7221820000016,1000.0,0.0,0.0
18494,1708738680000.0,0.0,0.0,0.0,117.5,0.0,0.0,122.94,0.9999253857184062,1.0,1411.7221820000016,1000.0,1411.7221820000016,1000.0,0.0,0.0
18495,1708742280000.0,0.0,0.0,0.0,117.5,0.0,0.0,123.57,0.9999253857184062,1.0,1411.7221820000016,1000.0,1411.7221820000016,1000.0,0.0,0.0
18496,1708745880000.0,0.0,0.0,0.0,117.5,0.0,0.0,124.06,0.9999253857184062,1.0,1411.7221820000016,1000.0,1411.7221820000016,1000.0,0.0,0.0
18497,1708749480000.0,0.0,0.0,0.0,117.5,0.0,0.0,124.43,0.9999253857184062,1.0,1411.7221820000016,1000.0,1411.7221820000016,1000.0,0.0,0.0
18498,1708753080000.0,0.0,0.0,0.0,117.5,0.0,0.0,124.73,0.9999253857184062,1.0,1411.7221820000016,1000.0,1411.7221820000016,1000.0,0.0,0.0
18499,1708756680000.0,0.0,0.0,0.0,117.5,0.0,0.0,124.6,0.9999253857184062,1.0,1411.7221820000016,1000.0,1411.7221820000016,1000.0,0.0,0.0
18500,1708760280000.0,0.0,0.0,0.0,117.5,0.0,0.0,124.8,0.9999253857184062,1.0,1411.7221820000016,1000.0,1411.7221820000016,1000.0,0.0,0.0
18501,1708763880000.0,0.0,0.0,0.0,117.5,0.0,0.0,124.66,0.9999253857184062,1.0,1411.7221820000016,1000.0,1411.7221820000016,1000.0,0.0,0.0
18502,1708767480000.0,0.0,0.0,0.0,117.5,0.0,0.0,124.64,0.9999253857184062,1.0,1411.7221820000016,1000.0,1411.7221820000016,1000.0,0.0,0.0
18503,1708771080000.0,0.0,0.0,0.0,117.5,0.0,0.0,124.8,0.9999253857184062,1.0,1411.7221820000016,1000.0,1411.7221820000016,1000.0,0.0,0.0
18504,1708774680000.0,0.0,0.0,0.0,117.5,0.0,0.0,125.08,0.9999253857184062,1.0,1411.7221820000016,1000.0,1411.7221820000016,1000.0,0.0,0.0
18505,1708778280000.0,0.0,0.0,0.0,117.5,0.0,0.0,124.67,0.9999253857184062,1.0,1411.7221820000016,1000.0,1411.7221820000016,1000.0,0.0,0.0
18506,1708781880000.0,0.0,0.0,0.0,117.5,0.0,0.0,124.76,0.9999253857184062,1.0,1411.7221820000016,1000.0,1411.7221820000016,1000.0,0.0,0.0
18507,1708785480000.0,0.0,0.0,0.0,117.5,0.0,0.0,125.02,0.9999253857184062,1.0,1411.7221820000016,1000.0,1411.7221820000016,1000.0,0.0,0.0
18508,1708789080000.0,0.0,0.0,0.0,117.5,0.0,0.0,124.46,0.9999253857184062,1.0,1411.7221820000016,1000.0,1411.7221820000016,1000.0,0.0,0.0
18509,1708792680000.0,0.0,0.0,0.0,117.5,0.0,0.0,123.76,0.9999253857184062,1.0,1411.7221820000016,1000.0,1411.7221820000016,1000.0,0.0,0.0
18510,1708796280000.0,0.0,0.0,0.0,117.5,0.0,0.0,123.64,0.9999253857184062,1.0,1411.7221820000016,1000.0,1411.7221820000016,1000.0,0.0,0.0
18511,1708799880000.0,0.0,0.0,0.0,117.5,0.0,0.0,122.93,0.9999253857184062,1.0,1411.7221820000016,1000.0,1411.7221820000016,1000.0,0.0,0.0
18512,1708803480000.0,0.0,0.0,0.0,117.5,0.0,0.0,124.25,0.9999253857184062,1.0,1411.7221820000016,1000.0,1411.7221820000016,1000.0,0.0,0.0
18513,1708807080000.0,0.0,0.0,0.0,117.5,0.0,0.0,124.46,0.9999253857184062,1.0,1411.7221820000016,1000.0,1411.7221820000016,1000.0,0.0,0.0
18514,1708810680000.0,0.0,0.0,0.0,117.5,0.0,0.0,123.54,0.9999253857184062,1.0,1411.7221820000016,1000.0,1411.7221820000016,1000.0,0.0,0.0
18515,1708814280000.0,0.0,0.0,0.0,117.5,0.0,0.0,123.55,0.9999253857184062,1.0,1411.7221820000016,1000.0,1411.7221820000016,1000.0,0.0,0.0
18516,1708817880000.0,0.0,0.0,0.0,117.5,0.0,0.0,123.81,0.9999253857184062,1.0,1411.7221820000016,1000.0,1411.7221820000016,1000.0,0.0,0.0
18517,1708821480000.0,0.0,0.0,0.0,117.5,0.0,0.0,123.78,0.9999253857184062,1.0,1411.7221820000016,1000.0,1411.7221820000016,1000.0,0.0,0.0
18518,1708825080000.0,0.0,0.0,0.0,117.5,0.0,0.0,124.06,0.9999253857184062,1.0,1411.7221820000016,1000.0,1411.7221820000016,1000.0,0.0,0.0
18519,1708828680000.0,0.0,0.0,0.0,117.5,0.0,0.0,123.77,0.9999253857184062,1.0,1411.7221820000016,1000.0,1411.7221820000016,1000.0,0.0,0.0
18520,1708832280000.0,0.0,0.0,0.0,117.5,0.0,0.0,123.26,0.9999253857184062,1.0,1411.7221820000016,1000.0,1411.7221820000016,1000.0,0.0,0.0
18521,1708835880000.0,0.0,0.0,0.0,117.5,0.0,0.0,123.57,0.9999253857184062,1.0,1411.7221820000016,1000.0,1411.7221820000016,1000.0,0.0,0.0
18522,1708839480000.0,0.0,0.0,0.0,117.5,0.0,0.0,124.39,0.9999253857184062,1.0,1411.7221820000016,1000.0,1411.7221820000016,1000.0,0.0,0.0
18523,1708843080000.0,0.0,0.0,0.0,117.5,0.0,0.0,124.91,0.9999253857184062,1.0,1411.7221820000016,1000.0,1411.7221820000016,1000.0,0.0,0.0
18524,1708846680000.0,0.0,0.0,0.0,117.5,0.0,0.0,124.38,0.9999253857184062,1.0,1411.7221820000016,1000.0,1411.7221820000016,1000.0,0.0,0.0
18525,1708850280000.0,0.0,0.0,0.0,117.5,0.0,0.0,124.27,0.9999253857184062,1.0,1411.7221820000016,1000.0,1411.7221820000016,1000.0,0.0,0.0
18526,1708853880000.0,0.0,0.0,0.0,117.5,0.0,0.0,124.32,0.9999253857184062,1.0,1411.7221820000016,1000.0,1411.7221820000016,1000.0,0.0,0.0
18527,1708857480000.0,0.0,0.0,0.0,117.5,0.0,0.0,124.02,0.9999253857184062,1.0,1411.7221820000016,1000.0,1411.7221820000016,1000.0,0.0,0.0
18528,1708861080000.0,0.0,0.0,0.0,117.5,0.0,0.0,124.27,0.9999253857184062,1.0,1411.7221820000016,1000.0,1411.7221820000016,1000.0,0.0,0.0
18529,1708864680000.0,0.0,0.0,0.0,117.5,0.0,0.0,125.09,0.9999253857184062,1.0,1411.7221820000016,1000.0,1411.7221820000016,1000.0,0.0,0.0
18530,1708868280000.0,0.0,0.0,0.0,117.5,0.0,0.0,125.05,0.9999253857184062,1.0,1411.7221820000016,1000.0,1411.7221820000016,1000.0,0.0,0.0
18531,1708871880000.0,0.0,0.0,0.0,117.5,0.0,0.0,124.7,0.9999253857184062,1.0,1411.7221820000016,1000.0,1411.7221820000016,1000.0,0.0,0.0
18532,1708875480000.0,0.0,0.0,0.0,117.5,0.0,0.0,125.27,0.9999253857184062,1.0,1411.7221820000016,1000.0,1411.7221820000016,1000.0,0.0,0.0
18533,1708879080000.0,0.0,0.0,0.0,117.5,0.0,0.0,124.94,0.9999253857184062,1.0,1411.7221820000016,1000.0,1411.7221820000016,1000.0,0.0,0.0
18534,1708882680000.0,0.0,0.0,0.0,117.5,0.0,0.0,125.35,0.9999253857184062,1.0,1411.7221820000016,1000.0,1411.7221820000016,1000.0,0.0,0.0
18535,1708886280000.0,0.0,0.0,0.0,117.5,0.0,0.0,125.78,0.9999253857184062,1.0,1411.7221820000016,1000.0,1411.7221820000016,1000.0,0.0,0.0
18536,1708889880000.0,0.0,0.0,0.0,117.5,0.0,0.0,125.94,0.9999253857184062,1.0,1411.7221820000016,1000.0,1411.7221820000016,1000.0,0.0,0.0
18537,1708893480000.0,0.0,0.0,0.0,117.5,0.0,0.0,126.59,0.9999253857184062,1.0,1411.7221820000016,1000.0,1411.7221820000016,1000.0,0.0,0.0
18538,1708897080000.0,0.0,0.0,0.0,117.5,0.0,0.0,125.04,0.9999253857184062,1.0,1411.7221820000016,1000.0,1411.7221820000016,1000.0,0.0,0.0
18539,1708900680000.0,0.0,0.0,0.0,117.5,0.0,0.0,127.49,0.9999253857184062,1.0,1411.7221820000016,1000.0,1411.7221820000016,1000.0,0.0,0.0
18540,1708904280000.0,0.0,0.0,0.0,117.5,0.0,0.0,128.66,0.9999253857184062,1.0,1411.7221820000016,1000.0,1411.7221820000016,1000.0,0.0,0.0
18541,1708907880000.0,0.0,0.0,0.0,117.5,0.0,0.0,130.33,0.9999253857184062,1.0,1411.7221820000016,1000.0,1411.7221820000016,1000.0,0.0,0.0
18542,1708911480000.0,0.0,0.0,0.0,117.5,0.0,0.0,130.11,0.9999253857184062,1.0,1411.7221820000016,1000.0,1411.7221820000016,1000.0,0.0,0.0
18543,1708915080000.0,0.0,0.0,0.0,117.5,0.0,0.0,130.49,0.9999253857184062,1.0,1411.7221820000016,1000.0,1411.7221820000016,1000.0,0.0,0.0
18544,1708918680000.0,0.0,0.0,0.0,117.5,0.0,0.0,129.46,0.9999253857184062,1.0,1411.7221820000016,1000.0,1411.7221820000016,1000.0,0.0,0.0
18545,1708922280000.0,0.0,0.0,0.0,117.5,0.0,0.0,130.89,0.9999253857184062,1.0,1411.7221820000016,1000.0,1411.7221820000016,1000.0,0.0,0.0
18546,1708925880000.0,0.0,0.0,0.0,117.5,0.0,0.0,129.48,0.9999253857184062,1.0,1411.7221820000016,1000.0,1411.7221820000016,1000.0,0.0,0.0
18547,1708929480000.0,0.0,0.0,0.0,117.5,0.0,0.0,129.01,0.9999253857184062,1.0,1411.7221820000016,1000.0,1411.7221820000016,1000.0,0.0,0.0
18548,1708933080000.0,0.0,0.0,0.0,117.5,0.0,0.0,130.47,0.9999253857184062,1.0,1411.7221820000016,1000.0,1411.7221820000016,1000.0,0.0,0.0
18549,1708936680000.0,0.0,0.0,0.0,117.5,0.0,0.0,131.42,0.9999253857184062,1.0,1411.7221820000016,1000.0,1411.7221820000016,1000.0,0.0,0.0
18550,1708940280000.0,0.0,0.0,0.0,117.5,0.0,0.0,130.41,0.9999253857184062,1.0,1411.7221820000016,1000.0,1411.7221820000016,1000.0,0.0,0.0
18551,1708943880000.0,0.0,0.0,0.0,117.5,0.0,0.0,131.31,0.9999253857184062,1.0,1411.7221820000016,1000.0,1411.7221820000016,1000.0,0.0,0.0
18552,1708947480000.0,0.0,0.0,0.0,117.5,0.0,0.0,129.79,0.9999253857184062,1.0,1411.7221820000016,1000.0,1411.7221820000016,1000.0,0.0,0.0
18553,1708951080000.0,0.0,0.0,0.0,117.5,0.0,0.0,129.4,0.9999253857184062,1.0,1411.7221820000016,1000.0,1411.7221820000016,1000.0,0.0,0.0
18554,1708954680000.0,0.0,0.0,0.0,117.5,0.0,0.0,128.32,0.9999253857184062,1.0,1411.7221820000016,1000.0,1411.7221820000016,1000.0,0.0,0.0
18555,1708958280000.0,0.0,0.0,0.0,117.5,0.0,0.0,130.45,0.9999253857184062,1.0,1411.7221820000016,1000.0,1411.7221820000016,1000.0,0.0,0.0
18556,1708961880000.0,0.0,0.0,0.0,117.5,0.0,0.0,131.62,0.9999253857184062,1.0,1411.7221820000016,1000.0,1411.7221820000016,1000.0,0.0,0.0
18557,1708965480000.0,0.0,0.0,0.0,117.5,0.0,0.0,131.01,0.9999253857184062,1.0,1411.7221820000016,1000.0,1411.7221820000016,1000.0,0.0,0.0
18558,1708969080000.0,0.0,0.0,0.0,117.5,0.0,0.0,131.72,0.9999253857184062,1.0,1411.7221820000016,1000.0,1411.7221820000016,1000.0,0.0,0.0
18559,1708972680000.0,0.0,0.0,0.0,117.5,0.0,0.0,130.72,0.9999253857184062,1.0,1411.7221820000016,1000.0,1411.7221820000016,1000.0,0.0,0.0
18560,1708976280000.0,0.0,0.0,0.0,117.5,0.0,0.0,131.16,0.9999253857184062,1.0,1411.7221820000016,1000.0,1411.7221820000016,1000.0,0.0,0.0
18561,1708979880000.0,0.0,0.0,0.0,117.5,0.0,0.0,131.35,0.9999253857184062,1.0,1411.7221820000016,1000.0,1411.7221820000016,1000.0,0.0,0.0
18562,1708983480000.0,0.0,0.0,0.0,117.5,0.0,0.0,132.25,0.9999253857184062,1.0,1411.7221820000016,1000.0,1411.7221820000016,1000.0,0.0,0.0
18563,1708987080000.0,0.0,0.0,0.0,117.5,0.0,0.0,132.55,0.9999253857184062,1.0,1411.7221820000016,1000.0,1411.7221820000016,1000.0,0.0,0.0
18564,1708990680000.0,0.0,0.0,0.0,117.5,0.0,0.0,133.25,0.9999253857184062,1.0,1411.7221820000016,1000.0,1411.7221820000016,1000.0,0.0,0.0
18565,1708994280000.0,0.0,0.0,0.0,117.5,0.0,0.0,135.05,0.9999253857184062,1.0,1411.7221820000016,1000.0,1411.7221820000016,1000.0,0.0,0.0
18566,1708997880000.0,0.0,0.0,0.0,117.5,0.0,0.0,135.25,0.9999253857184062,1.0,1411.7221820000016,1000.0,1411.7221820000016,1000.0,0.0,0.0
18567,1709001480000.0,0.0,0.0,0.0,117.5,0.0,0.0,139.97,0.9999253857184062,1.0,1411.7221820000016,1000.0,1411.7221820000016,1000.0,0.0,0.0
18568,1709005080000.0,0.0,0.0,0.0,117.5,0.0,0.0,134.39,0.9999253857184062,1.0,1411.7221820000016,1000.0,1411.7221820000016,1000.0,0.0,0.0
18569,1709008680000.0,0.0,0.0,0.0,117.5,0.0,0.0,136.48,0.9999253857184062,1.0,1411.7221820000016,1000.0,1411.7221820000016,1000.0,0.0,0.0
18570,1709012280000.0,0.0,0.0,0.0,117.5,0.0,0.0,135.6,0.9999253857184062,1.0,1411.7221820000016,1000.0,1411.7221820000016,1000.0,0.0,0.0
18571,1709015880000.0,0.0,0.0,0.0,117.5,0.0,0.0,135.42,0.9999253857184062,1.0,1411.7221820000016,1000.0,1411.7221820000016,1000.0,0.0,0.0
18572,1709019480000.0,0.0,0.0,0.0,117.5,0.0,0.0,136.49,0.9999253857184062,1.0,1411.7221820000016,1000.0,1411.7221820000016,1000.0,0.0,0.0
18573,1709023080000.0,0.0,0.0,0.0,117.5,0.0,0.0,137.06,0.9999253857184062,1.0,1411.7221820000016,1000.0,1411.7221820000016,1000.0,0.0,0.0
18574,1709026680000.0,0.0,0.0,0.0,117.5,0.0,0.0,137.05,0.9999253857184062,1.0,1411.7221820000016,1000.0,1411.7221820000016,1000.0,0.0,0.0
18575,1709030280000.0,0.0,0.0,0.0,117.5,0.0,0.0,136.0,0.9999253857184062,1.0,1411.7221820000016,1000.0,1411.7221820000016,1000.0,0.0,0.0
18576,1709033880000.0,0.0,0.0,0.0,117.5,0.0,0.0,135.06,0.9999253857184062,1.0,1411.7221820000016,1000.0,1411.7221820000016,1000.0,0.0,0.0
18577,1709037480000.0,0.0,0.0,0.0,117.5,0.0,0.0,135.21,0.9999253857184062,1.0,1411.7221820000016,1000.0,1411.7221820000016,1000.0,0.0,0.0
18578,1709041080000.0,0.0,0.0,0.0,117.5,0.0,0.0,136.29,0.9999253857184062,1.0,1411.7221820000016,1000.0,1411.7221820000016,1000.0,0.0,0.0
18579,1709044680000.0,0.0,0.0,0.0,117.5,0.0,0.0,136.23,0.9999253857184062,1.0,1411.7221820000016,1000.0,1411.7221820000016,1000.0,0.0,0.0
18580,1709048280000.0,0.0,0.0,0.0,117.5,0.0,0.0,135.3,0.9999253857184062,1.0,1411.7221820000016,1000.0,1411.7221820000016,1000.0,0.0,0.0
18581,1709051880000.0,0.0,0.0,0.0,117.5,0.0,0.0,135.51,0.9999253857184062,1.0,1411.7221820000016,1000.0,1411.7221820000016,1000.0,0.0,0.0
18582,1709055480000.0,0.0,0.0,0.0,117.5,0.0,0.0,135.51,0.9999253857184062,1.0,1411.7221820000016,1000.0,1411.7221820000016,1000.0,0.0,0.0
18583,1709059080000.0,0.0,0.0,0.0,117.5,0.0,0.0,135.95,0.9999253857184062,1.0,1411.7221820000016,1000.0,1411.7221820000016,1000.0,0.0,0.0
18584,1709062680000.0,0.0,0.0,0.0,117.5,0.0,0.0,136.25,0.9999253857184062,1.0,1411.7221820000016,1000.0,1411.7221820000016,1000.0,0.0,0.0
18585,1709066280000.0,0.0,0.0,0.0,117.5,0.0,0.0,136.73,0.9999253857184062,1.0,1411.7221820000016,1000.0,1411.7221820000016,1000.0,0.0,0.0
18586,1709069880000.0,0.0,0.0,0.0,117.5,0.0,0.0,138.71,0.9999253857184062,1.0,1411.7221820000016,1000.0,1411.7221820000016,1000.0,0.0,0.0
18587,1709073480000.0,0.0,0.0,0.0,117.5,0.0,0.0,139.81,0.9999253857184062,1.0,1411.7221820000016,1000.0,1411.7221820000016,1000.0,0.0,0.0
18588,1709077080000.0,0.0,0.0,0.0,117.5,0.0,0.0,139.2,0.9999253857184062,1.0,1411.7221820000016,1000.0,1411.7221820000016,1000.0,0.0,0.0
18589,1709080680000.0,0.0,0.0,0.0,117.5,0.0,0.0,138.47,0.9999253857184062,1.0,1411.7221820000016,1000.0,1411.7221820000016,1000.0,0.0,0.0
18590,1709084280000.0,0.0,0.0,0.0,117.5,0.0,0.0,136.7,0.9999253857184062,1.0,1411.7221820000016,1000.0,1411.7221820000016,1000.0,0.0,0.0
18591,1709087880000.0,0.0,0.0,0.0,117.5,0.0,0.0,138.51,0.9999253857184062,1.0,1411.7221820000016,1000.0,1411.7221820000016,1000.0,0.0,0.0
18592,1709091480000.0,0.0,0.0,0.0,117.5,0.0,0.0,139.66,0.9999253857184062,1.0,1411.7221820000016,1000.0,1411.7221820000016,1000.0,0.0,0.0
18593,1709095080000.0,0.0,0.0,0.0,117.5,0.0,0.0,139.25,0.9999253857184062,1.0,1411.7221820000016,1000.0,1411.7221820000016,1000.0,0.0,0.0
18594,1709098680000.0,0.0,0.0,0.0,117.5,0.0,0.0,138.2,0.9999253857184062,1.0,1411.7221820000016,1000.0,1411.7221820000016,1000.0,0.0,0.0
18595,1709102280000.0,0.0,0.0,0.0,117.5,0.0,0.0,138.86,0.9999253857184062,1.0,1411.7221820000016,1000.0,1411.7221820000016,1000.0,0.0,0.0
18596,1709105880000.0,0.0,0.0,0.0,117.5,0.0,0.0,139.34,0.9999253857184062,1.0,1411.7221820000016,1000.0,1411.7221820000016,1000.0,0.0,0.0
18597,1709109480000.0,0.0,0.0,0.0,117.5,0.0,0.0,139.21,0.9999253857184062,1.0,1411.7221820000016,1000.0,1411.7221820000016,1000.0,0.0,0.0
18598,1709113080000.0,0.0,0.0,0.0,117.5,0.0,0.0,139.25,0.9999253857184062,1.0,1411.7221820000016,1000.0,1411.7221820000016,1000.0,0.0,0.0
18599,1709116680000.0,0.0,0.0,0.0,117.5,0.0,0.0,138.96,0.9999253857184062,1.0,1411.7221820000016,1000.0,1411.7221820000016,1000.0,0.0,0.0
18600,1709120280000.0,0.0,0.0,0.0,117.5,0.0,0.0,140.14,0.9999253857184062,1.0,1411.7221820000016,1000.0,1411.7221820000016,1000.0,0.0,0.0
18601,1709123880000.0,0.0,0.0,0.0,117.5,0.0,0.0,140.03,0.9999253857184062,1.0,1411.7221820000016,1000.0,1411.7221820000016,1000.0,0.0,0.0
18602,1709127480000.0,0.0,0.0,0.0,117.5,0.0,0.0,139.04,0.9999253857184062,1.0,1411.7221820000016,1000.0,1411.7221820000016,1000.0,0.0,0.0
18603,1709131080000.0,0.0,0.0,0.0,117.5,0.0,0.0,139.42,0.9999253857184062,1.0,1411.7221820000016,1000.0,1411.7221820000016,1000.0,0.0,0.0
18604,1709134680000.0,0.0,0.0,0.0,117.5,0.0,0.0,138.14,0.9999253857184062,1.0,1411.7221820000016,1000.0,1411.7221820000016,1000.0,0.0,0.0
18605,1709138280000.0,0.0,0.0,0.0,117.5,0.0,0.0,139.59,0.9999253857184062,1.0,1411.7221820000016,1000.0,1411.7221820000016,1000.0,0.0,0.0
18606,1709141880000.0,0.0,0.0,0.0,117.5,0.0,0.0,139.65,0.9999253857184062,1.0,1411.7221820000016,1000.0,1411.7221820000016,1000.0,0.0,0.0
18607,1709145480000.0,0.0,0.0,0.42,134.06,0.0,0.0,135.5,0.9999253857184062,1.0,1411.7109209600017,1000.0,1412.3157209600017,1000.0,0.039884369500882616,0.0
18608,1709149080000.0,0.0,0.0,0.42,134.06,0.0,0.0,135.67,0.9999253857184062,1.0,1411.7109209600017,1000.0,1412.3871209600015,1000.0,0.039884369500882616,0.0
18609,1709152680000.0,0.0,0.0,0.42,134.06,0.0,0.0,136.13,0.9999253857184062,1.0,1411.7109209600017,1000.0,1412.5803209600017,1000.0,0.039884369500882616,0.0
18610,1709156280000.0,0.0,0.0,0.42,134.06,0.0,0.0,134.75,0.9999253857184062,1.0,1411.7109209600017,1000.0,1412.0007209600017,1000.0,0.039884369500882616,0.0
18611,1709159880000.0,0.0,0.0,0.42,134.06,0.0,0.0,136.61,0.9999253857184062,1.0,1411.7109209600017,1000.0,1412.7819209600016,1000.0,0.039884369500882616,0.0
18612,1709163480000.0,0.0,0.0,0.42,134.06,0.0,0.0,134.85,0.9999253857184062,1.0,1411.7109209600017,1000.0,1412.0427209600016,1000.0,0.039884369500882616,0.0
18613,1709167080000.0,0.0,0.0,0.42,134.06,0.0,0.0,136.21,0.9999253857184062,1.0,1411.7109209600017,1000.0,1412.6139209600017,1000.0,0.039884369500882616,0.0
18614,1709170680000.0,0.0,0.0,0.42,134.06,0.0,0.0,135.83,0.9999253857184062,1.0,1411.7109209600017,1000.0,1412.4543209600017,1000.0,0.039884369500882616,0.0
18615,1709174280000.0,0.0,0.0,0.42,134.06,0.0,0.0,134.39,0.9999253857184062,1.0,1411.7109209600017,1000.0,1411.8495209600017,1000.0,0.039884369500882616,0.0
18616,1709177880000.0,0.0,0.0,0.42,134.06,0.0,0.0,134.64,0.9999253857184062,1.0,1411.7109209600017,1000.0,1411.9545209600017,1000.0,0.039884369500882616,0.0
18617,1709181480000.0,0.0,0.0,0.42,134.06,0.0,0.0,135.9,0.9999253857184062,1.0,1411.7109209600017,1000.0,1412.4837209600016,1000.0,0.039884369500882616,0.0
18618,1709185080000.0,0.0,0.0,0.42,134.06,0.0,0.0,136.01,0.9999253857184062,1.0,1411.7109209600017,1000.0,1412.5299209600016,1000.0,0.039884369500882616,0.0
18619,1709188680000.0,0.0,0.0,0.28,134.06,0.0,0.0,138.08,0.9999253857184062,1.0,1412.2712544400017,1000.0,1413.3968544400018,1000.0,0.026579029971748748,0.0
18620,1709192280000.0,0.0,0.0,0.04,134.06,0.0,0.0,138.19,0.9999253857184062,1.0,1413.2318261200014,1000.0,1413.3970261200013,1000.0,0.0037944234632207212,0.0
18621,1709195880000.0,0.0,0.0,0.01,134.06,0.0,0.0,139.8,0.9999253857184062,1.0,1413.3518975800014,1000.0,1413.4092975800013,1000.0,0.0009485252768934827,0.0
18622,1709199480000.0,0.0,0.0,0.01,134.06,0.0,0.0,140.05,0.9999253857184062,1.0,1413.3518975800014,1000.0,1413.4117975800013,1000.0,0.0009485252768934827,0.0
18623,1709203080000.0,0.0,0.0,0.01,134.06,0.0,0.0,140.11,0.9999253857184062,1.0,1413.3518975800014,1000.0,1413.4123975800014,1000.0,0.0009485252768934827,0.0
18624,1709206680000.0,0.0,0.0,0.01,134.06,0.0,0.0,141.2,0.9999253857184062,1.0,1413.3518975800014,1000.0,1413.4232975800014,1000.0,0.0009485252768934827,0.0
18625,1709210280000.0,0.0,0.0,0.0,134.06,0.0,0.0,139.8,0.9999253857184062,1.0,1413.4244149000012,1000.0,1413.4244149000012,1000.0,0.0,0.0
18626,1709213880000.0,0.0,0.0,0.0,134.06,0.0,0.0,140.43,0.9999253857184062,1.0,1413.4244149000012,1000.0,1413.4244149000012,1000.0,0.0,0.0
18627,1709217480000.0,0.0,0.0,0.0,134.06,0.0,0.0,138.74,0.9999253857184062,1.0,1413.4244149000012,1000.0,1413.4244149000012,1000.0,0.0,0.0
18628,1709221080000.0,0.0,0.0,0.0,134.06,0.0,0.0,139.08,0.9999253857184062,1.0,1413.4244149000012,1000.0,1413.4244149000012,1000.0,0.0,0.0
18629,1709224680000.0,0.0,0.0,0.0,134.06,0.0,0.0,139.78,0.9999253857184062,1.0,1413.4244149000012,1000.0,1413.4244149000012,1000.0,0.0,0.0
18630,1709228280000.0,0.0,0.0,0.0,134.06,0.0,0.0,136.03,0.9999253857184062,1.0,1413.4244149000012,1000.0,1413.4244149000012,1000.0,0.0,0.0
18631,1709231880000.0,0.0,0.0,0.0,134.06,0.0,0.0,136.99,0.9999253857184062,1.0,1413.4244149000012,1000.0,1413.4244149000012,1000.0,0.0,0.0
18632,1709235480000.0,0.0,0.0,0.0,134.06,0.0,0.0,138.8,0.9999253857184062,1.0,1413.4244149000012,1000.0,1413.4244149000012,1000.0,0.0,0.0
18633,1709239080000.0,0.0,0.0,0.0,134.06,0.0,0.0,139.1,0.9999253857184062,1.0,1413.4244149000012,1000.0,1413.4244149000012,1000.0,0.0,0.0
18634,1709242680000.0,0.0,0.0,0.0,134.06,0.0,0.0,136.42,0.9999253857184062,1.0,1413.4244149000012,1000.0,1413.4244149000012,1000.0,0.0,0.0
18635,1709246280000.0,0.0,0.0,0.0,134.06,0.0,0.0,136.0,0.9999253857184062,1.0,1413.4244149000012,1000.0,1413.4244149000012,1000.0,0.0,0.0
18636,1709249880000.0,0.0,0.0,0.0,134.06,0.0,0.0,138.11,0.9999253857184062,1.0,1413.4244149000012,1000.0,1413.4244149000012,1000.0,0.0,0.0
18637,1709253480000.0,0.0,0.0,0.0,134.06,0.0,0.0,138.7,0.9999253857184062,1.0,1413.4244149000012,1000.0,1413.4244149000012,1000.0,0.0,0.0
18638,1709257080000.0,0.0,0.0,0.0,134.06,0.0,0.0,139.43,0.9999253857184062,1.0,1413.4244149000012,1000.0,1413.4244149000012,1000.0,0.0,0.0
18639,1709260680000.0,0.0,0.0,0.0,134.06,0.0,0.0,138.14,0.9999253857184062,1.0,1413.4244149000012,1000.0,1413.4244149000012,1000.0,0.0,0.0
18640,1709264280000.0,0.0,0.0,0.0,134.06,0.0,0.0,138.33,0.9999253857184062,1.0,1413.4244149000012,1000.0,1413.4244149000012,1000.0,0.0,0.0
18641,1709267880000.0,0.0,0.0,0.0,134.06,0.0,0.0,139.41,0.9999253857184062,1.0,1413.4244149000012,1000.0,1413.4244149000012,1000.0,0.0,0.0
18642,1709271480000.0,0.0,0.0,0.0,134.06,0.0,0.0,139.98,0.9999253857184062,1.0,1413.4244149000012,1000.0,1413.4244149000012,1000.0,0.0,0.0
18643,1709275080000.0,0.0,0.0,0.0,134.06,0.0,0.0,140.18,0.9999253857184062,1.0,1413.4244149000012,1000.0,1413.4244149000012,1000.0,0.0,0.0
18644,1709278680000.0,0.0,0.0,0.0,134.06,0.0,0.0,139.79,0.9999253857184062,1.0,1413.4244149000012,1000.0,1413.4244149000012,1000.0,0.0,0.0
18645,1709282280000.0,0.0,0.0,0.0,134.06,0.0,0.0,140.2,0.9999253857184062,1.0,1413.4244149000012,1000.0,1413.4244149000012,1000.0,0.0,0.0
18646,1709285880000.0,0.0,0.0,0.0,134.06,0.0,0.0,139.09,0.9999253857184062,1.0,1413.4244149000012,1000.0,1413.4244149000012,1000.0,0.0,0.0
18647,1709289480000.0,0.0,0.0,0.0,134.06,0.0,0.0,138.23,0.9999253857184062,1.0,1413.4244149000012,1000.0,1413.4244149000012,1000.0,0.0,0.0
18648,1709293080000.0,0.0,0.0,0.0,134.06,0.0,0.0,138.55,0.9999253857184062,1.0,1413.4244149000012,1000.0,1413.4244149000012,1000.0,0.0,0.0
18649,1709296680000.0,0.0,0.0,0.0,134.06,0.0,0.0,139.96,0.9999253857184062,1.0,1413.4244149000012,1000.0,1413.4244149000012,1000.0,0.0,0.0
18650,1709300280000.0,0.0,0.0,0.0,134.06,0.0,0.0,139.8,0.9999253857184062,1.0,1413.4244149000012,1000.0,1413.4244149000012,1000.0,0.0,0.0
18651,1709303880000.0,0.0,0.0,0.0,134.06,0.0,0.0,140.08,0.9999253857184062,1.0,1413.4244149000012,1000.0,1413.4244149000012,1000.0,0.0,0.0
18652,1709307480000.0,0.0,0.0,0.0,134.06,0.0,0.0,140.55,0.9999253857184062,1.0,1413.4244149000012,1000.0,1413.4244149000012,1000.0,0.0,0.0
18653,1709311080000.0,0.0,0.0,0.0,134.06,0.0,0.0,140.88,0.9999253857184062,1.0,1413.4244149000012,1000.0,1413.4244149000012,1000.0,0.0,0.0
18654,1709314680000.0,0.0,0.0,0.0,134.06,0.0,0.0,141.5,0.9999253857184062,1.0,1413.4244149000012,1000.0,1413.4244149000012,1000.0,0.0,0.0
18655,1709318280000.0,0.0,0.0,0.0,134.06,0.0,0.0,143.64,0.9999253857184062,1.0,1413.4244149000012,1000.0,1413.4244149000012,1000.0,0.0,0.0
18656,1709321880000.0,0.0,0.0,0.0,134.06,0.0,0.0,144.78,0.9999253857184062,1.0,1413.4244149000012,1000.0,1413.4244149000012,1000.0,0.0,0.0
18657,1709325480000.0,0.0,0.0,0.0,134.06,0.0,0.0,143.64,0.9999253857184062,1.0,1413.4244149000012,1000.0,1413.4244149000012,1000.0,0.0,0.0
18658,1709329080000.0,0.0,0.0,0.0,134.06,0.0,0.0,143.84,0.9999253857184062,1.0,1413.4244149000012,1000.0,1413.4244149000012,1000.0,0.0,0.0
18659,1709332680000.0,0.0,0.0,0.0,134.06,0.0,0.0,145.91,0.9999253857184062,1.0,1413.4244149000012,1000.0,1413.4244149000012,1000.0,0.0,0.0
18660,1709336280000.0,0.0,0.0,0.0,134.06,0.0,0.0,145.06,0.9999253857184062,1.0,1413.4244149000012,1000.0,1413.4244149000012,1000.0,0.0,0.0
18661,1709339880000.0,0.0,0.0,0.0,134.06,0.0,0.0,145.19,0.9999253857184062,1.0,1413.4244149000012,1000.0,1413.4244149000012,1000.0,0.0,0.0
18662,1709343480000.0,0.0,0.0,0.0,134.06,0.0,0.0,144.97,0.9999253857184062,1.0,1413.4244149000012,1000.0,1413.4244149000012,1000.0,0.0,0.0
18663,1709347080000.0,0.0,0.0,0.0,134.06,0.0,0.0,144.89,0.9999253857184062,1.0,1413.4244149000012,1000.0,1413.4244149000012,1000.0,0.0,0.0
18664,1709350680000.0,0.0,0.0,0.0,134.06,0.0,0.0,141.53,0.9999253857184062,1.0,1413.4244149000012,1000.0,1413.4244149000012,1000.0,0.0,0.0
18665,1709354280000.0,0.0,0.0,0.0,134.06,0.0,0.0,141.41,0.9999253857184062,1.0,1413.4244149000012,1000.0,1413.4244149000012,1000.0,0.0,0.0
18666,1709357880000.0,0.0,0.0,0.0,134.06,0.0,0.0,141.75,0.9999253857184062,1.0,1413.4244149000012,1000.0,1413.4244149000012,1000.0,0.0,0.0
18667,1709361480000.0,0.0,0.0,0.0,134.06,0.0,0.0,141.95,0.9999253857184062,1.0,1413.4244149000012,1000.0,1413.4244149000012,1000.0,0.0,0.0
18668,1709365080000.0,0.0,0.0,0.0,134.06,0.0,0.0,142.91,0.9999253857184062,1.0,1413.4244149000012,1000.0,1413.4244149000012,1000.0,0.0,0.0
18669,1709368680000.0,0.0,0.0,0.0,134.06,0.0,0.0,143.53,0.9999253857184062,1.0,1413.4244149000012,1000.0,1413.4244149000012,1000.0,0.0,0.0
18670,1709372280000.0,0.0,0.0,0.0,134.06,0.0,0.0,141.11,0.9999253857184062,1.0,1413.4244149000012,1000.0,1413.4244149000012,1000.0,0.0,0.0
18671,1709375880000.0,0.0,0.0,0.0,134.06,0.0,0.0,142.94,0.9999253857184062,1.0,1413.4244149000012,1000.0,1413.4244149000012,1000.0,0.0,0.0
18672,1709379480000.0,0.0,0.0,0.0,134.06,0.0,0.0,142.22,0.9999253857184062,1.0,1413.4244149000012,1000.0,1413.4244149000012,1000.0,0.0,0.0
18673,1709383080000.0,0.0,0.0,0.0,134.06,0.0,0.0,143.44,0.9999253857184062,1.0,1413.4244149000012,1000.0,1413.4244149000012,1000.0,0.0,0.0
18674,1709386680000.0,0.0,0.0,0.0,134.06,0.0,0.0,143.02,0.9999253857184062,1.0,1413.4244149000012,1000.0,1413.4244149000012,1000.0,0.0,0.0
18675,1709390280000.0,0.0,0.0,0.0,134.06,0.0,0.0,142.37,0.9999253857184062,1.0,1413.4244149000012,1000.0,1413.4244149000012,1000.0,0.0,0.0
18676,1709393880000.0,0.0,0.0,0.0,134.06,0.0,0.0,141.99,0.9999253857184062,1.0,1413.4244149000012,1000.0,1413.4244149000012,1000.0,0.0,0.0
18677,1709397480000.0,0.0,0.0,0.0,134.06,0.0,0.0,143.74,0.9999253857184062,1.0,1413.4244149000012,1000.0,1413.4244149000012,1000.0,0.0,0.0
18678,1709401080000.0,0.0,0.0,0.0,134.06,0.0,0.0,143.13,0.9999253857184062,1.0,1413.4244149000012,1000.0,1413.4244149000012,1000.0,0.0,0.0
18679,1709404680000.0,0.0,0.0,0.0,134.06,0.0,0.0,143.45,0.9999253857184062,1.0,1413.4244149000012,1000.0,1413.4244149000012,1000.0,0.0,0.0
18680,1709408280000.0,0.0,0.0,0.0,134.06,0.0,0.0,143.52,0.9999253857184062,1.0,1413.4244149000012,1000.0,1413.4244149000012,1000.0,0.0,0.0
18681,1709411880000.0,0.0,0.0,0.0,134.06,0.0,0.0,143.46,0.9999253857184062,1.0,1413.4244149000012,1000.0,1413.4244149000012,1000.0,0.0,0.0
18682,1709415480000.0,0.0,0.0,0.0,134.06,0.0,0.0,144.76,0.9999253857184062,1.0,1413.4244149000012,1000.0,1413.4244149000012,1000.0,0.0,0.0
18683,1709419080000.0,0.0,0.0,0.0,134.06,0.0,0.0,145.49,0.9999253857184062,1.0,1413.4244149000012,1000.0,1413.4244149000012,1000.0,0.0,0.0
18684,1709422680000.0,0.0,0.0,0.0,134.06,0.0,0.0,145.7,0.9999253857184062,1.0,1413.4244149000012,1000.0,1413.4244149000012,1000.0,0.0,0.0
18685,1709426280000.0,0.0,0.0,0.0,134.06,0.0,0.0,146.83,0.9999253857184062,1.0,1413.4244149000012,1000.0,1413.4244149000012,1000.0,0.0,0.0
18686,1709429880000.0,0.0,0.0,0.0,134.06,0.0,0.0,146.64,0.9999253857184062,1.0,1413.4244149000012,1000.0,1413.4244149000012,1000.0,0.0,0.0
18687,1709433480000.0,0.0,0.0,0.0,134.06,0.0,0.0,148.15,0.9999253857184062,1.0,1413.4244149000012,1000.0,1413.4244149000012,1000.0,0.0,0.0
18688,1709437080000.0,0.0,0.0,0.0,134.06,0.0,0.0,150.25,0.9999253857184062,1.0,1413.4244149000012,1000.0,1413.4244149000012,1000.0,0.0,0.0
18689,1709440680000.0,0.0,0.0,0.0,134.06,0.0,0.0,151.6,0.9999253857184062,1.0,1413.4244149000012,1000.0,1413.4244149000012,1000.0,0.0,0.0
18690,1709444280000.0,0.0,0.0,0.0,134.06,0.0,0.0,150.61,0.9999253857184062,1.0,1413.4244149000012,1000.0,1413.4244149000012,1000.0,0.0,0.0
18691,1709447880000.0,0.0,0.0,0.0,134.06,0.0,0.0,151.89,0.9999253857184062,1.0,1413.4244149000012,1000.0,1413.4244149000012,1000.0,0.0,0.0
18692,1709451480000.0,0.0,0.0,0.0,134.06,0.0,0.0,148.81,0.9999253857184062,1.0,1413.4244149000012,1000.0,1413.4244149000012,1000.0,0.0,0.0
18693,1709455080000.0,0.0,0.0,0.0,134.06,0.0,0.0,147.47,0.9999253857184062,1.0,1413.4244149000012,1000.0,1413.4244149000012,1000.0,0.0,0.0
18694,1709458680000.0,0.0,0.0,0.0,134.06,0.0,0.0,148.69,0.9999253857184062,1.0,1413.4244149000012,1000.0,1413.4244149000012,1000.0,0.0,0.0
18695,1709462280000.0,0.0,0.0,0.0,134.06,0.0,0.0,150.0,0.9999253857184062,1.0,1413.4244149000012,1000.0,1413.4244149000012,1000.0,0.0,0.0
18696,1709465880000.0,0.0,0.0,0.0,134.06,0.0,0.0,149.06,0.9999253857184062,1.0,1413.4244149000012,1000.0,1413.4244149000012,1000.0,0.0,0.0
18697,1709469480000.0,0.0,0.0,0.0,134.06,0.0,0.0,148.29,0.9999253857184062,1.0,1413.4244149000012,1000.0,1413.4244149000012,1000.0,0.0,0.0
18698,1709473080000.0,0.0,0.0,0.0,134.06,0.0,0.0,146.71,0.9999253857184062,1.0,1413.4244149000012,1000.0,1413.4244149000012,1000.0,0.0,0.0
18699,1709476680000.0,0.0,0.0,0.0,134.06,0.0,0.0,144.93,0.9999253857184062,1.0,1413.4244149000012,1000.0,1413.4244149000012,1000.0,0.0,0.0
18700,1709480280000.0,0.0,0.0,0.0,134.06,0.0,0.0,145.61,0.9999253857184062,1.0,1413.4244149000012,1000.0,1413.4244149000012,1000.0,0.0,0.0
18701,1709483880000.0,0.0,0.0,0.0,134.06,0.0,0.0,145.5,0.9999253857184062,1.0,1413.4244149000012,1000.0,1413.4244149000012,1000.0,0.0,0.0
18702,1709487480000.0,0.0,0.0,0.0,134.06,0.0,0.0,144.6,0.9999253857184062,1.0,1413.4244149000012,1000.0,1413.4244149000012,1000.0,0.0,0.0
18703,1709491080000.0,0.0,0.0,0.0,134.06,0.0,0.0,146.71,0.9999253857184062,1.0,1413.4244149000012,1000.0,1413.4244149000012,1000.0,0.0,0.0
18704,1709494680000.0,0.0,0.0,0.0,134.06,0.0,0.0,148.42,0.9999253857184062,1.0,1413.4244149000012,1000.0,1413.4244149000012,1000.0,0.0,0.0
18705,1709498280000.0,0.0,0.0,0.0,134.06,0.0,0.0,151.16,0.9999253857184062,1.0,1413.4244149000012,1000.0,1413.4244149000012,1000.0,0.0,0.0
18706,1709501880000.0,0.0,0.0,0.0,134.06,0.0,0.0,149.98,0.9999253857184062,1.0,1413.4244149000012,1000.0,1413.4244149000012,1000.0,0.0,0.0
18707,1709505480000.0,0.0,0.0,0.0,134.06,0.0,0.0,149.22,0.9999253857184062,1.0,1413.4244149000012,1000.0,1413.4244149000012,1000.0,0.0,0.0
18708,1709509080000.0,0.0,0.0,0.0,134.06,0.0,0.0,151.7,0.9999253857184062,1.0,1413.4244149000012,1000.0,1413.4244149000012,1000.0,0.0,0.0
18709,1709512680000.0,0.0,0.0,0.0,134.06,0.0,0.0,150.29,0.9999253857184062,1.0,1413.4244149000012,1000.0,1413.4244149000012,1000.0,0.0,0.0
18710,1709516280000.0,0.0,0.0,0.0,134.06,0.0,0.0,146.2,0.9999253857184062,1.0,1413.4244149000012,1000.0,1413.4244149000012,1000.0,0.0,0.0
18711,1709519880000.0,0.0,0.0,0.0,134.06,0.0,0.0,146.74,0.9999253857184062,1.0,1413.4244149000012,1000.0,1413.4244149000012,1000.0,0.0,0.0
18712,1709523480000.0,0.0,0.0,0.0,134.06,0.0,0.0,146.62,0.9999253857184062,1.0,1413.4244149000012,1000.0,1413.4244149000012,1000.0,0.0,0.0
18713,1709527080000.0,0.0,0.0,0.0,134.06,0.0,0.0,146.88,0.9999253857184062,1.0,1413.4244149000012,1000.0,1413.4244149000012,1000.0,0.0,0.0
18714,1709530680000.0,0.0,0.0,0.0,134.06,0.0,0.0,146.52,0.9999253857184062,1.0,1413.4244149000012,1000.0,1413.4244149000012,1000.0,0.0,0.0
18715,1709534280000.0,0.0,0.0,0.0,134.06,0.0,0.0,144.16,0.9999253857184062,1.0,1413.4244149000012,1000.0,1413.4244149000012,1000.0,0.0,0.0
18716,1709537880000.0,0.0,0.0,0.0,134.06,0.0,0.0,144.45,0.9999253857184062,1.0,1413.4244149000012,1000.0,1413.4244149000012,1000.0,0.0,0.0
18717,1709541480000.0,0.0,0.0,0.0,134.06,0.0,0.0,146.82,0.9999253857184062,1.0,1413.4244149000012,1000.0,1413.4244149000012,1000.0,0.0,0.0
18718,1709545080000.0,0.0,0.0,0.0,134.06,0.0,0.0,146.86,0.9999253857184062,1.0,1413.4244149000012,1000.0,1413.4244149000012,1000.0,0.0,0.0
18719,1709548680000.0,0.0,0.0,0.0,134.06,0.0,0.0,146.31,0.9999253857184062,1.0,1413.4244149000012,1000.0,1413.4244149000012,1000.0,0.0,0.0
18720,1709552280000.0,0.0,0.0,0.0,134.06,0.0,0.0,150.84,0.9999253857184062,1.0,1413.4244149000012,1000.0,1413.4244149000012,1000.0,0.0,0.0
18721,1709555880000.0,0.0,0.0,0.0,134.06,0.0,0.0,147.06,0.9999253857184062,1.0,1413.4244149000012,1000.0,1413.4244149000012,1000.0,0.0,0.0
18722,1709559480000.0,0.0,0.0,0.0,134.06,0.0,0.0,146.82,0.9999253857184062,1.0,1413.4244149000012,1000.0,1413.4244149000012,1000.0,0.0,0.0
18723,1709563080000.0,0.0,0.0,0.0,134.06,0.0,0.0,147.84,0.9999253857184062,1.0,1413.4244149000012,1000.0,1413.4244149000012,1000.0,0.0,0.0
18724,1709566680000.0,0.0,0.0,0.0,134.06,0.0,0.0,148.71,0.9999253857184062,1.0,1413.4244149000012,1000.0,1413.4244149000012,1000.0,0.0,0.0
18725,1709570280000.0,0.0,0.0,0.0,134.06,0.0,0.0,150.71,0.9999253857184062,1.0,1413.4244149000012,1000.0,1413.4244149000012,1000.0,0.0,0.0
18726,1709573880000.0,0.0,0.0,0.0,134.06,0.0,0.0,149.66,0.9999253857184062,1.0,1413.4244149000012,1000.0,1413.4244149000012,1000.0,0.0,0.0
18727,1709577480000.0,0.0,0.0,0.0,134.06,0.0,0.0,148.46,0.9999253857184062,1.0,1413.4244149000012,1000.0,1413.4244149000012,1000.0,0.0,0.0
18728,1709581080000.0,0.0,0.0,0.0,134.06,0.0,0.0,150.47,0.9999253857184062,1.0,1413.4244149000012,1000.0,1413.4244149000012,1000.0,0.0,0.0
18729,1709584680000.0,0.0,0.0,0.0,134.06,0.0,0.0,150.27,0.9999253857184062,1.0,1413.4244149000012,1000.0,1413.4244149000012,1000.0,0.0,0.0
18730,1709588280000.0,0.0,0.0,0.0,134.06,0.0,0.0,150.03,0.9999253857184062,1.0,1413.4244149000012,1000.0,1413.4244149000012,1000.0,0.0,0.0
18731,1709591880000.0,0.0,0.0,0.0,134.06,0.0,0.0,149.8,0.9999253857184062,1.0,1413.4244149000012,1000.0,1413.4244149000012,1000.0,0.0,0.0
18732,1709595480000.0,0.0,0.0,0.0,134.06,0.0,0.0,149.44,0.9999253857184062,1.0,1413.4244149000012,1000.0,1413.4244149000012,1000.0,0.0,0.0
18733,1709599080000.0,0.0,0.0,0.0,134.06,0.0,0.0,149.08,0.9999253857184062,1.0,1413.4244149000012,1000.0,1413.4244149000012,1000.0,0.0,0.0
18734,1709602680000.0,0.0,0.0,0.0,134.06,0.0,0.0,150.65,0.9999253857184062,1.0,1413.4244149000012,1000.0,1413.4244149000012,1000.0,0.0,0.0
18735,1709606280000.0,0.0,0.0,0.0,134.06,0.0,0.0,150.51,0.9999253857184062,1.0,1413.4244149000012,1000.0,1413.4244149000012,1000.0,0.0,0.0
18736,1709609880000.0,0.0,0.0,0.0,134.06,0.0,0.0,150.16,0.9999253857184062,1.0,1413.4244149000012,1000.0,1413.4244149000012,1000.0,0.0,0.0
18737,1709613480000.0,0.0,0.0,0.0,134.06,0.0,0.0,148.04,0.9999253857184062,1.0,1413.4244149000012,1000.0,1413.4244149000012,1000.0,0.0,0.0
18738,1709617080000.0,0.0,0.0,0.0,134.06,0.0,0.0,146.98,0.9999253857184062,1.0,1413.4244149000012,1000.0,1413.4244149000012,1000.0,0.0,0.0
18739,1709620680000.0,0.0,0.0,0.0,134.06,0.0,0.0,149.37,0.9999253857184062,1.0,1413.4244149000012,1000.0,1413.4244149000012,1000.0,0.0,0.0
18740,1709624280000.0,0.0,0.0,0.0,134.06,0.0,0.0,149.9,0.9999253857184062,1.0,1413.4244149000012,1000.0,1413.4244149000012,1000.0,0.0,0.0
18741,1709627880000.0,0.0,0.0,0.0,134.06,0.0,0.0,150.64,0.9999253857184062,1.0,1413.4244149000012,1000.0,1413.4244149000012,1000.0,0.0,0.0
18742,1709631480000.0,0.0,0.0,0.0,134.06,0.0,0.0,150.04,0.9999253857184062,1.0,1413.4244149000012,1000.0,1413.4244149000012,1000.0,0.0,0.0
18743,1709635080000.0,0.0,0.0,0.0,134.06,0.0,0.0,149.83,0.9999253857184062,1.0,1413.4244149000012,1000.0,1413.4244149000012,1000.0,0.0,0.0
18744,1709638680000.0,0.0,0.0,0.0,134.06,0.0,0.0,148.32,0.9999253857184062,1.0,1413.4244149000012,1000.0,1413.4244149000012,1000.0,0.0,0.0
18745,1709642280000.0,0.0,0.0,0.0,134.06,0.0,0.0,150.32,0.9999253857184062,1.0,1413.4244149000012,1000.0,1413.4244149000012,1000.0,0.0,0.0
18746,1709645880000.0,0.0,0.0,0.0,134.06,0.0,0.0,148.44,0.9999253857184062,1.0,1413.4244149000012,1000.0,1413.4244149000012,1000.0,0.0,0.0
18747,1709649480000.0,0.0,0.0,0.0,134.06,0.0,0.0,149.29,0.9999253857184062,1.0,1413.4244149000012,1000.0,1413.4244149000012,1000.0,0.0,0.0
18748,1709653080000.0,0.0,0.0,0.0,134.06,0.0,0.0,148.53,0.9999253857184062,1.0,1413.4244149000012,1000.0,1413.4244149000012,1000.0,0.0,0.0
18749,1709656680000.0,0.0,0.0,0.0,134.06,0.0,0.0,145.44,0.9999253857184062,1.0,1413.4244149000012,1000.0,1413.4244149000012,1000.0,0.0,0.0
18750,1709660280000.0,0.0,0.0,0.39,143.94,0.0,0.0,142.27,0.9999253857184062,1.0,1413.4131875800012,1000.0,1412.7618875800013,1000.0,0.03971704841392856,0.0
18751,1709663880000.0,0.0,0.0,0.39,143.94,0.0,0.0,145.04,0.9999253857184062,1.0,1413.4131875800012,1000.0,1413.8421875800013,1000.0,0.03971704841392856,0.0
18752,1709667480000.0,0.0,0.0,0.39,143.94,0.0,0.0,141.84,0.9999253857184062,1.0,1413.4131875800012,1000.0,1412.5941875800013,1000.0,0.03971704841392856,0.0
18753,1709671080000.0,0.0,0.0,1.23,138.10463414634148,0.0,0.0,134.72,0.9999253857184062,1.0,1413.3904411600013,1000.0,1409.2273411600013,1000.0,0.12018526166102055,0.0
18754,1709674680000.0,0.0,0.0,1.23,138.10463414634148,0.0,0.0,141.49,0.9999253857184062,1.0,1413.3904411600013,1000.0,1417.5544411600013,1000.0,0.12018526166102055,0.0
18755,1709678280000.0,0.0,0.0,0.4,140.20839024390244,0.0,0.0,141.79,0.9999253857184062,1.0,1417.9523155975626,1000.0,1418.5849595000016,1000.0,0.03955235693093528,0.0
18756,1709681880000.0,0.0,0.0,0.4,140.20839024390244,0.0,0.0,141.79,0.9999253857184062,1.0,1417.9523155975626,1000.0,1418.5849595000016,1000.0,0.03955235693093528,0.0
18757,1709685480000.0,0.0,0.0,0.4,140.20839024390244,0.0,0.0,142.16,0.9999253857184062,1.0,1417.9523155975626,1000.0,1418.7329595000017,1000.0,0.03955235693093528,0.0
18758,1709689080000.0,0.0,0.0,0.4,140.20839024390244,0.0,0.0,143.24,0.9999253857184062,1.0,1417.9523155975626,1000.0,1419.1649595000017,1000.0,0.03955235693093528,0.0
18759,1709692680000.0,0.0,0.0,0.4,140.20839024390244,0.0,0.0,140.29,0.9999253857184062,1.0,1417.9523155975626,1000.0,1417.9849595000017,1000.0,0.03955235693093528,0.0
18760,1709696280000.0,0.0,0.0,0.4,140.20839024390244,0.0,0.0,140.11,0.9999253857184062,1.0,1417.9523155975626,1000.0,1417.9129595000015,1000.0,0.03955235693093528,0.0
18761,1709699880000.0,0.0,0.0,0.4,140.20839024390244,0.0,0.0,143.08,0.9999253857184062,1.0,1417.9523155975626,1000.0,1419.1009595000016,1000.0,0.03955235693093528,0.0
18762,1709703480000.0,0.0,0.0,0.18,140.20839024390244,0.0,0.0,145.87,0.9999253857184062,1.0,1418.8725152639042,1000.0,1419.8916050200019,1000.0,0.017787017489170526,0.0
18763,1709707080000.0,0.0,0.0,0.18,140.20839024390244,0.0,0.0,146.55,0.9999253857184062,1.0,1418.8725152639042,1000.0,1420.0140050200018,1000.0,0.017787017489170526,0.0
18764,1709710680000.0,0.0,0.0,0.05,140.20839024390244,0.0,0.0,148.35,0.9999253857184062,1.0,1419.858181212197,1000.0,1420.265261700002,1000.0,0.004937408260175682,0.0
18765,1709714280000.0,0.0,0.0,0.05,140.20839024390244,0.0,0.0,149.76,0.9999253857184062,1.0,1419.858181212197,1000.0,1420.335761700002,1000.0,0.004937408260175682,0.0
18766,1709717880000.0,0.0,0.0,0.05,140.20839024390244,0.0,0.0,150.83,0.9999253857184062,1.0,1419.858181212197,1000.0,1420.389261700002,1000.0,0.004937408260175682,0.0
18767,1709721480000.0,0.0,0.0,0.0,140.20839024390244,0.0,0.0,149.63,0.9999253857184062,1.0,1420.4072495000019,1000.0,1420.4072495000019,1000.0,0.0,0.0
18768,1709725080000.0,0.0,0.0,0.0,140.20839024390244,0.0,0.0,148.87,0.9999253857184062,1.0,1420.4072495000019,1000.0,1420.4072495000019,1000.0,0.0,0.0
18769,1709728680000.0,0.0,0.0,0.0,140.20839024390244,0.0,0.0,146.31,0.9999253857184062,1.0,1420.4072495000019,1000.0,1420.4072495000019,1000.0,0.0,0.0
18770,1709732280000.0,0.0,0.0,0.0,140.20839024390244,0.0,0.0,144.71,0.9999253857184062,1.0,1420.4072495000019,1000.0,1420.4072495000019,1000.0,0.0,0.0
18771,1709735880000.0,0.0,0.0,0.0,140.20839024390244,0.0,0.0,145.2,0.9999253857184062,1.0,1420.4072495000019,1000.0,1420.4072495000019,1000.0,0.0,0.0
18772,1709739480000.0,0.0,0.0,0.0,140.20839024390244,0.0,0.0,146.93,0.9999253857184062,1.0,1420.4072495000019,1000.0,1420.4072495000019,1000.0,0.0,0.0
18773,1709743080000.0,0.0,0.0,0.0,140.20839024390244,0.0,0.0,143.53,0.9999253857184062,1.0,1420.4072495000019,1000.0,1420.4072495000019,1000.0,0.0,0.0
18774,1709746680000.0,0.0,0.0,0.0,140.20839024390244,0.0,0.0,144.74,0.9999253857184062,1.0,1420.4072495000019,1000.0,1420.4072495000019,1000.0,0.0,0.0
18775,1709750280000.0,0.0,0.0,0.0,140.20839024390244,0.0,0.0,143.21,0.9999253857184062,1.0,1420.4072495000019,1000.0,1420.4072495000019,1000.0,0.0,0.0
18776,1709753880000.0,0.0,0.0,0.0,140.20839024390244,0.0,0.0,144.06,0.9999253857184062,1.0,1420.4072495000019,1000.0,1420.4072495000019,1000.0,0.0,0.0
18777,1709757480000.0,0.0,0.0,0.0,140.20839024390244,0.0,0.0,143.82,0.9999253857184062,1.0,1420.4072495000019,1000.0,1420.4072495000019,1000.0,0.0,0.0
18778,1709761080000.0,0.0,0.0,0.0,140.20839024390244,0.0,0.0,143.78,0.9999253857184062,1.0,1420.4072495000019,1000.0,1420.4072495000019,1000.0,0.0,0.0
18779,1709764680000.0,0.0,0.0,0.0,140.20839024390244,0.0,0.0,143.8,0.9999253857184062,1.0,1420.4072495000019,1000.0,1420.4072495000019,1000.0,0.0,0.0
18780,1709768280000.0,0.0,0.0,0.0,140.20839024390244,0.0,0.0,143.27,0.9999253857184062,1.0,1420.4072495000019,1000.0,1420.4072495000019,1000.0,0.0,0.0
18781,1709771880000.0,0.0,0.0,0.0,140.20839024390244,0.0,0.0,144.53,0.9999253857184062,1.0,1420.4072495000019,1000.0,1420.4072495000019,1000.0,0.0,0.0
18782,1709775480000.0,0.0,0.0,0.0,140.20839024390244,0.0,0.0,145.28,0.9999253857184062,1.0,1420.4072495000019,1000.0,1420.4072495000019,1000.0,0.0,0.0
18783,1709779080000.0,0.0,0.0,0.0,140.20839024390244,0.0,0.0,146.2,0.9999253857184062,1.0,1420.4072495000019,1000.0,1420.4072495000019,1000.0,0.0,0.0
18784,1709782680000.0,0.0,0.0,0.0,140.20839024390244,0.0,0.0,143.83,0.9999253857184062,1.0,1420.4072495000019,1000.0,1420.4072495000019,1000.0,0.0,0.0
18785,1709786280000.0,0.0,0.0,0.0,140.20839024390244,0.0,0.0,143.99,0.9999253857184062,1.0,1420.4072495000019,1000.0,1420.4072495000019,1000.0,0.0,0.0
18786,1709789880000.0,0.0,0.0,0.0,140.20839024390244,0.0,0.0,142.04,0.9999253857184062,1.0,1420.4072495000019,1000.0,1420.4072495000019,1000.0,0.0,0.0
18787,1709793480000.0,0.0,0.0,0.41,139.73,0.0,0.0,139.7,0.9999253857184062,1.0,1420.3957916400018,1000.0,1420.3834916400017,1000.0,0.04033333549506877,0.0
18788,1709797080000.0,0.0,0.0,0.41,139.73,0.0,0.0,141.39,0.9999253857184062,1.0,1420.3957916400018,1000.0,1421.0763916400017,1000.0,0.04033333549506877,0.0
18789,1709800680000.0,0.0,0.0,0.41,139.73,0.0,0.0,143.04,0.9999253857184062,1.0,1420.3957916400018,1000.0,1421.7528916400017,1000.0,0.04033333549506877,0.0
18790,1709804280000.0,0.0,0.0,0.28,139.73,0.0,0.0,143.82,0.9999253857184062,1.0,1420.9380494600018,1000.0,1422.0832494600018,1000.0,0.02753420531941447,0.0
18791,1709807880000.0,0.0,0.0,0.13,139.73,0.0,0.0,142.75,0.9999253857184062,1.0,1421.5637315600018,1000.0,1421.9563315600017,1000.0,0.01277811159410076,0.0
18792,1709811480000.0,0.0,0.0,0.13,139.73,0.0,0.0,143.33,0.9999253857184062,1.0,1421.5637315600018,1000.0,1422.0317315600018,1000.0,0.01277811159410076,0.0
18793,1709815080000.0,0.0,0.0,0.0,139.73,0.0,0.0,144.05,0.9999253857184062,1.0,1422.1059893800011,1000.0,1422.1059893800011,1000.0,0.0,0.0
18794,1709818680000.0,0.0,0.0,0.0,139.73,0.0,0.0,146.2,0.9999253857184062,1.0,1422.1059893800011,1000.0,1422.1059893800011,1000.0,0.0,0.0
18795,1709822280000.0,0.0,0.0,0.0,139.73,0.0,0.0,147.6,0.9999253857184062,1.0,1422.1059893800011,1000.0,1422.1059893800011,1000.0,0.0,0.0
18796,1709825880000.0,0.0,0.0,0.0,139.73,0.0,0.0,147.52,0.9999253857184062,1.0,1422.1059893800011,1000.0,1422.1059893800011,1000.0,0.0,0.0
18797,1709829480000.0,0.0,0.0,0.0,139.73,0.0,0.0,144.86,0.9999253857184062,1.0,1422.1059893800011,1000.0,1422.1059893800011,1000.0,0.0,0.0
18798,1709833080000.0,0.0,0.0,0.0,139.73,0.0,0.0,145.63,0.9999253857184062,1.0,1422.1059893800011,1000.0,1422.1059893800011,1000.0,0.0,0.0
18799,1709836680000.0,0.0,0.0,0.0,139.73,0.0,0.0,145.2,0.9999253857184062,1.0,1422.1059893800011,1000.0,1422.1059893800011,1000.0,0.0,0.0
18800,1709840280000.0,0.0,0.0,0.0,139.73,0.0,0.0,144.71,0.9999253857184062,1.0,1422.1059893800011,1000.0,1422.1059893800011,1000.0,0.0,0.0
18801,1709843880000.0,0.0,0.0,0.0,139.73,0.0,0.0,144.87,0.9999253857184062,1.0,1422.1059893800011,1000.0,1422.1059893800011,1000.0,0.0,0.0
18802,1709847480000.0,0.0,0.0,0.0,139.73,0.0,0.0,145.24,0.9999253857184062,1.0,1422.1059893800011,1000.0,1422.1059893800011,1000.0,0.0,0.0
18803,1709851080000.0,0.0,0.0,0.0,139.73,0.0,0.0,145.31,0.9999253857184062,1.0,1422.1059893800011,1000.0,1422.1059893800011,1000.0,0.0,0.0
18804,1709854680000.0,0.0,0.0,0.0,139.73,0.0,0.0,144.25,0.9999253857184062,1.0,1422.1059893800011,1000.0,1422.1059893800011,1000.0,0.0,0.0
18805,1709858280000.0,0.0,0.0,0.0,139.73,0.0,0.0,143.38,0.9999253857184062,1.0,1422.1059893800011,1000.0,1422.1059893800011,1000.0,0.0,0.0
18806,1709861880000.0,0.0,0.0,0.0,139.73,0.0,0.0,144.76,0.9999253857184062,1.0,1422.1059893800011,1000.0,1422.1059893800011,1000.0,0.0,0.0
18807,1709865480000.0,0.0,0.0,0.0,139.73,0.0,0.0,144.64,0.9999253857184062,1.0,1422.1059893800011,1000.0,1422.1059893800011,1000.0,0.0,0.0
18808,1709869080000.0,0.0,0.0,0.0,139.73,0.0,0.0,144.15,0.9999253857184062,1.0,1422.1059893800011,1000.0,1422.1059893800011,1000.0,0.0,0.0
18809,1709872680000.0,0.0,0.0,0.0,139.73,0.0,0.0,144.28,0.9999253857184062,1.0,1422.1059893800011,1000.0,1422.1059893800011,1000.0,0.0,0.0
18810,1709876280000.0,0.0,0.0,0.0,139.73,0.0,0.0,144.68,0.9999253857184062,1.0,1422.1059893800011,1000.0,1422.1059893800011,1000.0,0.0,0.0
18811,1709879880000.0,0.0,0.0,0.0,139.73,0.0,0.0,145.43,0.9999253857184062,1.0,1422.1059893800011,1000.0,1422.1059893800011,1000.0,0.0,0.0
18812,1709883480000.0,0.0,0.0,0.0,139.73,0.0,0.0,148.08,0.9999253857184062,1.0,1422.1059893800011,1000.0,1422.1059893800011,1000.0,0.0,0.0
18813,1709887080000.0,0.0,0.0,0.0,139.73,0.0,0.0,148.02,0.9999253857184062,1.0,1422.1059893800011,1000.0,1422.1059893800011,1000.0,0.0,0.0
18814,1709890680000.0,0.0,0.0,0.0,139.73,0.0,0.0,147.71,0.9999253857184062,1.0,1422.1059893800011,1000.0,1422.1059893800011,1000.0,0.0,0.0
18815,1709894280000.0,0.0,0.0,0.0,139.73,0.0,0.0,148.72,0.9999253857184062,1.0,1422.1059893800011,1000.0,1422.1059893800011,1000.0,0.0,0.0
18816,1709897880000.0,0.0,0.0,0.0,139.73,0.0,0.0,149.79,0.9999253857184062,1.0,1422.1059893800011,1000.0,1422.1059893800011,1000.0,0.0,0.0
18817,1709901480000.0,0.0,0.0,0.0,139.73,0.0,0.0,148.14,0.9999253857184062,1.0,1422.1059893800011,1000.0,1422.1059893800011,1000.0,0.0,0.0
18818,1709905080000.0,0.0,0.0,0.0,139.73,0.0,0.0,150.58,0.9999253857184062,1.0,1422.1059893800011,1000.0,1422.1059893800011,1000.0,0.0,0.0
18819,1709908680000.0,0.0,0.0,0.0,139.73,0.0,0.0,150.76,0.9999253857184062,1.0,1422.1059893800011,1000.0,1422.1059893800011,1000.0,0.0,0.0
18820,1709912280000.0,0.0,0.0,0.0,139.73,0.0,0.0,147.31,0.9999253857184062,1.0,1422.1059893800011,1000.0,1422.1059893800011,1000.0,0.0,0.0
18821,1709915880000.0,0.0,0.0,0.0,139.73,0.0,0.0,146.81,0.9999253857184062,1.0,1422.1059893800011,1000.0,1422.1059893800011,1000.0,0.0,0.0
18822,1709919480000.0,0.0,0.0,0.0,139.73,0.0,0.0,147.81,0.9999253857184062,1.0,1422.1059893800011,1000.0,1422.1059893800011,1000.0,0.0,0.0
18823,1709923080000.0,0.0,0.0,0.0,139.73,0.0,0.0,148.95,0.9999253857184062,1.0,1422.1059893800011,1000.0,1422.1059893800011,1000.0,0.0,0.0
18824,1709926680000.0,0.0,0.0,0.0,139.73,0.0,0.0,150.17,0.9999253857184062,1.0,1422.1059893800011,1000.0,1422.1059893800011,1000.0,0.0,0.0
18825,1709930280000.0,0.0,0.0,0.0,139.73,0.0,0.0,150.11,0.9999253857184062,1.0,1422.1059893800011,1000.0,1422.1059893800011,1000.0,0.0,0.0
18826,1709933880000.0,0.0,0.0,0.0,139.73,0.0,0.0,149.03,0.9999253857184062,1.0,1422.1059893800011,1000.0,1422.1059893800011,1000.0,0.0,0.0
18827,1709937480000.0,0.0,0.0,0.0,139.73,0.0,0.0,147.17,0.9999253857184062,1.0,1422.1059893800011,1000.0,1422.1059893800011,1000.0,0.0,0.0
18828,1709941080000.0,0.0,0.0,0.0,139.73,0.0,0.0,147.11,0.9999253857184062,1.0,1422.1059893800011,1000.0,1422.1059893800011,1000.0,0.0,0.0
18829,1709944680000.0,0.0,0.0,0.0,139.73,0.0,0.0,147.8,0.9999253857184062,1.0,1422.1059893800011,1000.0,1422.1059893800011,1000.0,0.0,0.0
18830,1709948280000.0,0.0,0.0,0.0,139.73,0.0,0.0,147.26,0.9999253857184062,1.0,1422.1059893800011,1000.0,1422.1059893800011,1000.0,0.0,0.0
18831,1709951880000.0,0.0,0.0,0.0,139.73,0.0,0.0,148.2,0.9999253857184062,1.0,1422.1059893800011,1000.0,1422.1059893800011,1000.0,0.0,0.0
18832,1709955480000.0,0.0,0.0,0.0,139.73,0.0,0.0,146.57,0.9999253857184062,1.0,1422.1059893800011,1000.0,1422.1059893800011,1000.0,0.0,0.0
18833,1709959080000.0,0.0,0.0,0.0,139.73,0.0,0.0,147.51,0.9999253857184062,1.0,1422.1059893800011,1000.0,1422.1059893800011,1000.0,0.0,0.0
18834,1709962680000.0,0.0,0.0,0.0,139.73,0.0,0.0,146.56,0.9999253857184062,1.0,1422.1059893800011,1000.0,1422.1059893800011,1000.0,0.0,0.0
18835,1709966280000.0,0.0,0.0,0.0,139.73,0.0,0.0,146.88,0.9999253857184062,1.0,1422.1059893800011,1000.0,1422.1059893800011,1000.0,0.0,0.0
18836,1709969880000.0,0.0,0.0,0.0,139.73,0.0,0.0,147.48,0.9999253857184062,1.0,1422.1059893800011,1000.0,1422.1059893800011,1000.0,0.0,0.0
18837,1709973480000.0,0.0,0.0,0.0,139.73,0.0,0.0,147.05,0.9999253857184062,1.0,1422.1059893800011,1000.0,1422.1059893800011,1000.0,0.0,0.0
18838,1709977080000.0,0.0,0.0,0.0,139.73,0.0,0.0,147.44,0.9999253857184062,1.0,1422.1059893800011,1000.0,1422.1059893800011,1000.0,0.0,0.0
18839,1709980680000.0,0.0,0.0,0.0,139.73,0.0,0.0,145.31,0.9999253857184062,1.0,1422.1059893800011,1000.0,1422.1059893800011,1000.0,0.0,0.0
18840,1709984280000.0,0.0,0.0,0.0,139.73,0.0,0.0,145.45,0.9999253857184062,1.0,1422.1059893800011,1000.0,1422.1059893800011,1000.0,0.0,0.0
18841,1709987880000.0,0.0,0.0,0.0,139.73,0.0,0.0,146.7,0.9999253857184062,1.0,1422.1059893800011,1000.0,1422.1059893800011,1000.0,0.0,0.0
18842,1709991480000.0,0.0,0.0,0.0,139.73,0.0,0.0,146.99,0.9999253857184062,1.0,1422.1059893800011,1000.0,1422.1059893800011,1000.0,0.0,0.0
18843,1709995080000.0,0.0,0.0,0.0,139.73,0.0,0.0,146.23,0.9999253857184062,1.0,1422.1059893800011,1000.0,1422.1059893800011,1000.0,0.0,0.0
18844,1709998680000.0,0.0,0.0,0.0,139.73,0.0,0.0,146.59,0.9999253857184062,1.0,1422.1059893800011,1000.0,1422.1059893800011,1000.0,0.0,0.0
18845,1710002280000.0,0.0,0.0,0.0,139.73,0.0,0.0,146.24,0.9999253857184062,1.0,1422.1059893800011,1000.0,1422.1059893800011,1000.0,0.0,0.0
18846,1710005880000.0,0.0,0.0,0.0,139.73,0.0,0.0,145.69,0.9999253857184062,1.0,1422.1059893800011,1000.0,1422.1059893800011,1000.0,0.0,0.0
18847,1710009480000.0,0.0,0.0,0.0,139.73,0.0,0.0,145.71,0.9999253857184062,1.0,1422.1059893800011,1000.0,1422.1059893800011,1000.0,0.0,0.0
18848,1710013080000.0,0.0,0.0,0.0,139.73,0.0,0.0,145.38,0.9999253857184062,1.0,1422.1059893800011,1000.0,1422.1059893800011,1000.0,0.0,0.0
18849,1710016680000.0,0.0,0.0,0.0,139.73,0.0,0.0,144.87,0.9999253857184062,1.0,1422.1059893800011,1000.0,1422.1059893800011,1000.0,0.0,0.0
18850,1710020280000.0,0.0,0.0,0.0,139.73,0.0,0.0,144.84,0.9999253857184062,1.0,1422.1059893800011,1000.0,1422.1059893800011,1000.0,0.0,0.0
18851,1710023880000.0,0.0,0.0,0.0,139.73,0.0,0.0,144.16,0.9999253857184062,1.0,1422.1059893800011,1000.0,1422.1059893800011,1000.0,0.0,0.0
18852,1710027480000.0,0.0,0.0,0.0,139.73,0.0,0.0,144.04,0.9999253857184062,1.0,1422.1059893800011,1000.0,1422.1059893800011,1000.0,0.0,0.0
18853,1710031080000.0,0.0,0.0,0.0,139.73,0.0,0.0,143.98,0.9999253857184062,1.0,1422.1059893800011,1000.0,1422.1059893800011,1000.0,0.0,0.0
18854,1710034680000.0,0.0,0.0,0.0,139.73,0.0,0.0,143.63,0.9999253857184062,1.0,1422.1059893800011,1000.0,1422.1059893800011,1000.0,0.0,0.0
18855,1710038280000.0,0.0,0.0,0.0,139.73,0.0,0.0,144.07,0.9999253857184062,1.0,1422.1059893800011,1000.0,1422.1059893800011,1000.0,0.0,0.0
18856,1710041880000.0,0.0,0.0,0.0,139.73,0.0,0.0,144.1,0.9999253857184062,1.0,1422.1059893800011,1000.0,1422.1059893800011,1000.0,0.0,0.0
18857,1710045480000.0,0.0,0.0,0.0,139.73,0.0,0.0,144.84,0.9999253857184062,1.0,1422.1059893800011,1000.0,1422.1059893800011,1000.0,0.0,0.0
18858,1710049080000.0,0.0,0.0,0.0,139.73,0.0,0.0,145.06,0.9999253857184062,1.0,1422.1059893800011,1000.0,1422.1059893800011,1000.0,0.0,0.0
18859,1710052680000.0,0.0,0.0,0.0,139.73,0.0,0.0,145.65,0.9999253857184062,1.0,1422.1059893800011,1000.0,1422.1059893800011,1000.0,0.0,0.0
18860,1710056280000.0,0.0,0.0,0.0,139.73,0.0,0.0,145.6,0.9999253857184062,1.0,1422.1059893800011,1000.0,1422.1059893800011,1000.0,0.0,0.0
18861,1710059880000.0,0.0,0.0,0.0,139.73,0.0,0.0,145.93,0.9999253857184062,1.0,1422.1059893800011,1000.0,1422.1059893800011,1000.0,0.0,0.0
18862,1710063480000.0,0.0,0.0,0.0,139.73,0.0,0.0,145.39,0.9999253857184062,1.0,1422.1059893800011,1000.0,1422.1059893800011,1000.0,0.0,0.0
18863,1710067080000.0,0.0,0.0,0.0,139.73,0.0,0.0,145.4,0.9999253857184062,1.0,1422.1059893800011,1000.0,1422.1059893800011,1000.0,0.0,0.0
18864,1710070680000.0,0.0,0.0,0.0,139.73,0.0,0.0,146.7,0.9999253857184062,1.0,1422.1059893800011,1000.0,1422.1059893800011,1000.0,0.0,0.0
18865,1710074280000.0,0.0,0.0,0.0,139.73,0.0,0.0,145.68,0.9999253857184062,1.0,1422.1059893800011,1000.0,1422.1059893800011,1000.0,0.0,0.0
18866,1710077880000.0,0.0,0.0,0.0,139.73,0.0,0.0,145.52,0.9999253857184062,1.0,1422.1059893800011,1000.0,1422.1059893800011,1000.0,0.0,0.0
18867,1710081480000.0,0.0,0.0,0.0,139.73,0.0,0.0,143.82,0.9999253857184062,1.0,1422.1059893800011,1000.0,1422.1059893800011,1000.0,0.0,0.0
18868,1710085080000.0,0.0,0.0,0.0,139.73,0.0,0.0,143.77,0.9999253857184062,1.0,1422.1059893800011,1000.0,1422.1059893800011,1000.0,0.0,0.0
18869,1710088680000.0,0.0,0.0,0.0,139.73,0.0,0.0,145.76,0.9999253857184062,1.0,1422.1059893800011,1000.0,1422.1059893800011,1000.0,0.0,0.0
18870,1710092280000.0,0.0,0.0,0.0,139.73,0.0,0.0,146.02,0.9999253857184062,1.0,1422.1059893800011,1000.0,1422.1059893800011,1000.0,0.0,0.0
18871,1710095880000.0,0.0,0.0,0.0,139.73,0.0,0.0,146.91,0.9999253857184062,1.0,1422.1059893800011,1000.0,1422.1059893800011,1000.0,0.0,0.0
18872,1710099480000.0,0.0,0.0,0.0,139.73,0.0,0.0,148.0,0.9999253857184062,1.0,1422.1059893800011,1000.0,1422.1059893800011,1000.0,0.0,0.0
18873,1710103080000.0,0.0,0.0,0.0,139.73,0.0,0.0,146.26,0.9999253857184062,1.0,1422.1059893800011,1000.0,1422.1059893800011,1000.0,0.0,0.0
18874,1710106680000.0,0.0,0.0,0.0,139.73,0.0,0.0,146.66,0.9999253857184062,1.0,1422.1059893800011,1000.0,1422.1059893800011,1000.0,0.0,0.0
18875,1710110280000.0,0.0,0.0,0.0,139.73,0.0,0.0,145.93,0.9999253857184062,1.0,1422.1059893800011,1000.0,1422.1059893800011,1000.0,0.0,0.0
18876,1710113880000.0,0.0,0.0,0.0,139.73,0.0,0.0,146.49,0.9999253857184062,1.0,1422.1059893800011,1000.0,1422.1059893800011,1000.0,0.0,0.0
18877,1710117480000.0,0.0,0.0,0.0,139.73,0.0,0.0,145.01,0.9999253857184062,1.0,1422.1059893800011,1000.0,1422.1059893800011,1000.0,0.0,0.0
18878,1710121080000.0,0.0,0.0,0.0,139.73,0.0,0.0,144.61,0.9999253857184062,1.0,1422.1059893800011,1000.0,1422.1059893800011,1000.0,0.0,0.0
18879,1710124680000.0,0.0,0.0,0.0,139.73,0.0,0.0,144.89,0.9999253857184062,1.0,1422.1059893800011,1000.0,1422.1059893800011,1000.0,0.0,0.0
18880,1710128280000.0,0.0,0.0,0.0,139.73,0.0,0.0,145.05,0.9999253857184062,1.0,1422.1059893800011,1000.0,1422.1059893800011,1000.0,0.0,0.0
18881,1710131880000.0,0.0,0.0,0.0,139.73,0.0,0.0,145.44,0.9999253857184062,1.0,1422.1059893800011,1000.0,1422.1059893800011,1000.0,0.0,0.0
18882,1710135480000.0,0.0,0.0,0.0,139.73,0.0,0.0,144.17,0.9999253857184062,1.0,1422.1059893800011,1000.0,1422.1059893800011,1000.0,0.0,0.0
18883,1710139080000.0,0.0,0.0,0.0,139.73,0.0,0.0,144.17,0.9999253857184062,1.0,1422.1059893800011,1000.0,1422.1059893800011,1000.0,0.0,0.0
18884,1710142680000.0,0.0,0.0,0.0,139.73,0.0,0.0,145.44,0.9999253857184062,1.0,1422.1059893800011,1000.0,1422.1059893800011,1000.0,0.0,0.0
18885,1710146280000.0,0.0,0.0,0.0,139.73,0.0,0.0,144.89,0.9999253857184062,1.0,1422.1059893800011,1000.0,1422.1059893800011,1000.0,0.0,0.0
18886,1710149880000.0,0.0,0.0,0.0,139.73,0.0,0.0,144.04,0.9999253857184062,1.0,1422.1059893800011,1000.0,1422.1059893800011,1000.0,0.0,0.0
18887,1710153480000.0,0.0,0.0,0.0,139.73,0.0,0.0,145.56,0.9999253857184062,1.0,1422.1059893800011,1000.0,1422.1059893800011,1000.0,0.0,0.0
18888,1710157080000.0,0.0,0.0,0.0,139.73,0.0,0.0,145.41,0.9999253857184062,1.0,1422.1059893800011,1000.0,1422.1059893800011,1000.0,0.0,0.0
18889,1710160680000.0,0.0,0.0,0.0,139.73,0.0,0.0,145.28,0.9999253857184062,1.0,1422.1059893800011,1000.0,1422.1059893800011,1000.0,0.0,0.0
18890,1710164280000.0,0.0,0.0,0.0,139.73,0.0,0.0,144.0,0.9999253857184062,1.0,1422.1059893800011,1000.0,1422.1059893800011,1000.0,0.0,0.0
18891,1710167880000.0,0.0,0.0,0.0,139.73,0.0,0.0,143.56,0.9999253857184062,1.0,1422.1059893800011,1000.0,1422.1059893800011,1000.0,0.0,0.0
18892,1710171480000.0,0.0,0.0,0.0,139.73,0.0,0.0,143.89,0.9999253857184062,1.0,1422.1059893800011,1000.0,1422.1059893800011,1000.0,0.0,0.0
18893,1710175080000.0,0.0,0.0,0.0,139.73,0.0,0.0,143.69,0.9999253857184062,1.0,1422.1059893800011,1000.0,1422.1059893800011,1000.0,0.0,0.0
18894,1710178680000.0,0.0,0.0,0.0,139.73,0.0,0.0,144.02,0.9999253857184062,1.0,1422.1059893800011,1000.0,1422.1059893800011,1000.0,0.0,0.0
18895,1710182280000.0,0.0,0.0,0.0,139.73,0.0,0.0,144.52,0.9999253857184062,1.0,1422.1059893800011,1000.0,1422.1059893800011,1000.0,0.0,0.0
18896,1710185880000.0,0.0,0.0,0.0,139.73,0.0,0.0,143.88,0.9999253857184062,1.0,1422.1059893800011,1000.0,1422.1059893800011,1000.0,0.0,0.0
18897,1710189480000.0,0.0,0.0,0.0,139.73,0.0,0.0,145.83,0.9999253857184062,1.0,1422.1059893800011,1000.0,1422.1059893800011,1000.0,0.0,0.0
18898,1710193080000.0,0.0,0.0,0.0,139.73,0.0,0.0,145.84,0.9999253857184062,1.0,1422.1059893800011,1000.0,1422.1059893800011,1000.0,0.0,0.0
18899,1710196680000.0,0.0,0.0,0.0,139.73,0.0,0.0,145.77,0.9999253857184062,1.0,1422.1059893800011,1000.0,1422.1059893800011,1000.0,0.0,0.0
18900,1710200280000.0,0.0,0.0,0.0,139.73,0.0,0.0,145.37,0.9999253857184062,1.0,1422.1059893800011,1000.0,1422.1059893800011,1000.0,0.0,0.0
18901,1710203880000.0,0.0,0.0,0.0,139.73,0.0,0.0,144.06,0.9999253857184062,1.0,1422.1059893800011,1000.0,1422.1059893800011,1000.0,0.0,0.0
18902,1710207480000.0,0.0,0.0,0.0,139.73,0.0,0.0,143.74,0.9999253857184062,1.0,1422.1059893800011,1000.0,1422.1059893800011,1000.0,0.0,0.0
18903,1710211080000.0,0.0,0.0,0.0,139.73,0.0,0.0,144.41,0.9999253857184062,1.0,1422.1059893800011,1000.0,1422.1059893800011,1000.0,0.0,0.0
18904,1710214680000.0,0.0,0.0,0.0,139.73,0.0,0.0,144.76,0.9999253857184062,1.0,1422.1059893800011,1000.0,1422.1059893800011,1000.0,0.0,0.0
18905,1710218280000.0,0.0,0.0,0.0,139.73,0.0,0.0,144.77,0.9999253857184062,1.0,1422.1059893800011,1000.0,1422.1059893800011,1000.0,0.0,0.0
18906,1710221880000.0,0.0,0.0,0.0,139.73,0.0,0.0,145.54,0.9999253857184062,1.0,1422.1059893800011,1000.0,1422.1059893800011,1000.0,0.0,0.0
18907,1710225480000.0,0.0,0.0,0.0,139.73,0.0,0.0,145.3,0.9999253857184062,1.0,1422.1059893800011,1000.0,1422.1059893800011,1000.0,0.0,0.0
18908,1710229080000.0,0.0,0.0,0.0,139.73,0.0,0.0,147.54,0.9999253857184062,1.0,1422.1059893800011,1000.0,1422.1059893800011,1000.0,0.0,0.0
18909,1710232680000.0,0.0,0.0,0.0,139.73,0.0,0.0,143.24,0.9999253857184062,1.0,1422.1059893800011,1000.0,1422.1059893800011,1000.0,0.0,0.0
18910,1710236280000.0,0.0,0.0,0.0,139.73,0.0,0.0,145.53,0.9999253857184062,1.0,1422.1059893800011,1000.0,1422.1059893800011,1000.0,0.0,0.0
18911,1710239880000.0,0.0,0.0,0.0,139.73,0.0,0.0,146.54,0.9999253857184062,1.0,1422.1059893800011,1000.0,1422.1059893800011,1000.0,0.0,0.0
18912,1710243480000.0,0.0,0.0,0.0,139.73,0.0,0.0,145.68,0.9999253857184062,1.0,1422.1059893800011,1000.0,1422.1059893800011,1000.0,0.0,0.0
18913,1710247080000.0,0.0,0.0,0.0,139.73,0.0,0.0,143.66,0.9999253857184062,1.0,1422.1059893800011,1000.0,1422.1059893800011,1000.0,0.0,0.0
18914,1710250680000.0,0.0,0.0,0.0,139.73,0.0,0.0,145.45,0.9999253857184062,1.0,1422.1059893800011,1000.0,1422.1059893800011,1000.0,0.0,0.0
18915,1710254280000.0,0.0,0.0,0.0,139.73,0.0,0.0,143.55,0.9999253857184062,1.0,1422.1059893800011,1000.0,1422.1059893800011,1000.0,0.0,0.0
18916,1710257880000.0,0.0,0.0,0.0,139.73,0.0,0.0,144.92,0.9999253857184062,1.0,1422.1059893800011,1000.0,1422.1059893800011,1000.0,0.0,0.0
18917,1710261480000.0,0.0,0.0,0.0,139.73,0.0,0.0,145.15,0.9999253857184062,1.0,1422.1059893800011,1000.0,1422.1059893800011,1000.0,0.0,0.0
18918,1710265080000.0,0.0,0.0,0.0,139.73,0.0,0.0,145.28,0.9999253857184062,1.0,1422.1059893800011,1000.0,1422.1059893800011,1000.0,0.0,0.0
18919,1710268680000.0,0.0,0.0,0.0,139.73,0.0,0.0,145.44,0.9999253857184062,1.0,1422.1059893800011,1000.0,1422.1059893800011,1000.0,0.0,0.0
18920,1710272280000.0,0.0,0.0,0.0,139.73,0.0,0.0,145.73,0.9999253857184062,1.0,1422.1059893800011,1000.0,1422.1059893800011,1000.0,0.0,0.0
18921,1710275880000.0,0.0,0.0,0.0,139.73,0.0,0.0,145.82,0.9999253857184062,1.0,1422.1059893800011,1000.0,1422.1059893800011,1000.0,0.0,0.0
18922,1710279480000.0,0.0,0.0,0.0,139.73,0.0,0.0,145.4,0.9999253857184062,1.0,1422.1059893800011,1000.0,1422.1059893800011,1000.0,0.0,0.0
18923,1710283080000.0,0.0,0.0,0.0,139.73,0.0,0.0,145.1,0.9999253857184062,1.0,1422.1059893800011,1000.0,1422.1059893800011,1000.0,0.0,0.0
18924,1710286680000.0,0.0,0.0,0.0,139.73,0.0,0.0,146.1,0.9999253857184062,1.0,1422.1059893800011,1000.0,1422.1059893800011,1000.0,0.0,0.0
18925,1710290280000.0,0.0,0.0,0.0,139.73,0.0,0.0,146.92,0.9999253857184062,1.0,1422.1059893800011,1000.0,1422.1059893800011,1000.0,0.0,0.0
18926,1710293880000.0,0.0,0.0,0.0,139.73,0.0,0.0,146.08,0.9999253857184062,1.0,1422.1059893800011,1000.0,1422.1059893800011,1000.0,0.0,0.0
18927,1710297480000.0,0.0,0.0,0.0,139.73,0.0,0.0,146.71,0.9999253857184062,1.0,1422.1059893800011,1000.0,1422.1059893800011,1000.0,0.0,0.0
18928,1710301080000.0,0.0,0.0,0.0,139.73,0.0,0.0,146.63,0.9999253857184062,1.0,1422.1059893800011,1000.0,1422.1059893800011,1000.0,0.0,0.0
18929,1710304680000.0,0.0,0.0,0.0,139.73,0.0,0.0,146.94,0.9999253857184062,1.0,1422.1059893800011,1000.0,1422.1059893800011,1000.0,0.0,0.0
18930,1710308280000.0,0.0,0.0,0.0,139.73,0.0,0.0,147.38,0.9999253857184062,1.0,1422.1059893800011,1000.0,1422.1059893800011,1000.0,0.0,0.0
18931,1710311880000.0,0.0,0.0,0.0,139.73,0.0,0.0,146.8,0.9999253857184062,1.0,1422.1059893800011,1000.0,1422.1059893800011,1000.0,0.0,0.0
18932,1710315480000.0,0.0,0.0,0.0,139.73,0.0,0.0,146.83,0.9999253857184062,1.0,1422.1059893800011,1000.0,1422.1059893800011,1000.0,0.0,0.0
18933,1710319080000.0,0.0,0.0,0.0,139.73,0.0,0.0,146.16,0.9999253857184062,1.0,1422.1059893800011,1000.0,1422.1059893800011,1000.0,0.0,0.0
18934,1710322680000.0,0.0,0.0,0.0,139.73,0.0,0.0,145.29,0.9999253857184062,1.0,1422.1059893800011,1000.0,1422.1059893800011,1000.0,0.0,0.0
18935,1710326280000.0,0.0,0.0,0.0,139.73,0.0,0.0,144.95,0.9999253857184062,1.0,1422.1059893800011,1000.0,1422.1059893800011,1000.0,0.0,0.0
18936,1710329880000.0,0.0,0.0,0.0,139.73,0.0,0.0,145.73,0.9999253857184062,1.0,1422.1059893800011,1000.0,1422.1059893800011,1000.0,0.0,0.0
18937,1710333480000.0,0.0,0.0,0.0,139.73,0.0,0.0,145.17,0.9999253857184062,1.0,1422.1059893800011,1000.0,1422.1059893800011,1000.0,0.0,0.0
18938,1710337080000.0,0.0,0.0,0.0,139.73,0.0,0.0,145.11,0.9999253857184062,1.0,1422.1059893800011,1000.0,1422.1059893800011,1000.0,0.0,0.0
18939,1710340680000.0,0.0,0.0,0.0,139.73,0.0,0.0,144.87,0.9999253857184062,1.0,1422.1059893800011,1000.0,1422.1059893800011,1000.0,0.0,0.0
18940,1710344280000.0,0.0,0.0,0.0,139.73,0.0,0.0,145.4,0.9999253857184062,1.0,1422.1059893800011,1000.0,1422.1059893800011,1000.0,0.0,0.0
18941,1710347880000.0,0.0,0.0,0.0,139.73,0.0,0.0,146.44,0.9999253857184062,1.0,1422.1059893800011,1000.0,1422.1059893800011,1000.0,0.0,0.0
18942,1710351480000.0,0.0,0.0,0.0,139.73,0.0,0.0,147.22,0.9999253857184062,1.0,1422.1059893800011,1000.0,1422.1059893800011,1000.0,0.0,0.0
18943,1710355080000.0,0.0,0.0,0.0,139.73,0.0,0.0,146.82,0.9999253857184062,1.0,1422.1059893800011,1000.0,1422.1059893800011,1000.0,0.0,0.0
18944,1710358680000.0,0.0,0.0,0.0,139.73,0.0,0.0,146.7,0.9999253857184062,1.0,1422.1059893800011,1000.0,1422.1059893800011,1000.0,0.0,0.0
18945,1710362280000.0,0.0,0.0,0.0,139.73,0.0,0.0,146.25,0.9999253857184062,1.0,1422.1059893800011,1000.0,1422.1059893800011,1000.0,0.0,0.0
18946,1710365880000.0,0.0,0.0,0.0,139.73,0.0,0.0,146.38,0.9999253857184062,1.0,1422.1059893800011,1000.0,1422.1059893800011,1000.0,0.0,0.0
18947,1710369480000.0,0.0,0.0,0.0,139.73,0.0,0.0,147.47,0.9999253857184062,1.0,1422.1059893800011,1000.0,1422.1059893800011,1000.0,0.0,0.0
18948,1710373080000.0,0.0,0.0,0.0,139.73,0.0,0.0,150.5,0.9999253857184062,1.0,1422.1059893800011,1000.0,1422.1059893800011,1000.0,0.0,0.0
18949,1710376680000.0,0.0,0.0,0.0,139.73,0.0,0.0,149.83,0.9999253857184062,1.0,1422.1059893800011,1000.0,1422.1059893800011,1000.0,0.0,0.0
18950,1710380280000.0,0.0,0.0,0.0,139.73,0.0,0.0,150.01,0.9999253857184062,1.0,1422.1059893800011,1000.0,1422.1059893800011,1000.0,0.0,0.0
18951,1710383880000.0,0.0,0.0,0.0,139.73,0.0,0.0,150.72,0.9999253857184062,1.0,1422.1059893800011,1000.0,1422.1059893800011,1000.0,0.0,0.0
18952,1710387480000.0,0.0,0.0,0.0,139.73,0.0,0.0,149.58,0.9999253857184062,1.0,1422.1059893800011,1000.0,1422.1059893800011,1000.0,0.0,0.0
18953,1710391080000.0,0.0,0.0,0.0,139.73,0.0,0.0,150.55,0.9999253857184062,1.0,1422.1059893800011,1000.0,1422.1059893800011,1000.0,0.0,0.0
18954,1710394680000.0,0.0,0.0,0.0,139.73,0.0,0.0,150.29,0.9999253857184062,1.0,1422.1059893800011,1000.0,1422.1059893800011,1000.0,0.0,0.0
18955,1710398280000.0,0.0,0.0,0.0,139.73,0.0,0.0,148.61,0.9999253857184062,1.0,1422.1059893800011,1000.0,1422.1059893800011,1000.0,0.0,0.0
18956,1710401880000.0,0.0,0.0,0.0,139.73,0.0,0.0,148.71,0.9999253857184062,1.0,1422.1059893800011,1000.0,1422.1059893800011,1000.0,0.0,0.0
18957,1710405480000.0,0.0,0.0,0.0,139.73,0.0,0.0,150.14,0.9999253857184062,1.0,1422.1059893800011,1000.0,1422.1059893800011,1000.0,0.0,0.0
18958,1710409080000.0,0.0,0.0,0.0,139.73,0.0,0.0,149.49,0.9999253857184062,1.0,1422.1059893800011,1000.0,1422.1059893800011,1000.0,0.0,0.0
18959,1710412680000.0,0.0,0.0,0.0,139.73,0.0,0.0,151.08,0.9999253857184062,1.0,1422.1059893800011,1000.0,1422.1059893800011,1000.0,0.0,0.0
18960,1710416280000.0,0.0,0.0,0.0,139.73,0.0,0.0,149.17,0.9999253857184062,1.0,1422.1059893800011,1000.0,1422.1059893800011,1000.0,0.0,0.0
18961,1710419880000.0,0.0,0.0,0.0,139.73,0.0,0.0,147.94,0.9999253857184062,1.0,1422.1059893800011,1000.0,1422.1059893800011,1000.0,0.0,0.0
18962,1710423480000.0,0.0,0.0,0.0,139.73,0.0,0.0,146.03,0.9999253857184062,1.0,1422.1059893800011,1000.0,1422.1059893800011,1000.0,0.0,0.0
18963,1710427080000.0,0.0,0.0,0.0,139.73,0.0,0.0,145.96,0.9999253857184062,1.0,1422.1059893800011,1000.0,1422.1059893800011,1000.0,0.0,0.0
18964,1710430680000.0,0.0,0.0,0.0,139.73,0.0,0.0,143.67,0.9999253857184062,1.0,1422.1059893800011,1000.0,1422.1059893800011,1000.0,0.0,0.0
18965,1710434280000.0,0.0,0.0,0.4,142.98,0.0,0.0,143.98,0.9999253857184062,1.0,1422.094550980001,1000.0,1422.4945509800011,1000.0,0.04021673520975631,0.0
18966,1710437880000.0,0.0,0.0,0.4,142.98,0.0,0.0,143.97,0.9999253857184062,1.0,1422.094550980001,1000.0,1422.490550980001,1000.0,0.04021673520975631,0.0
18967,1710441480000.0,0.0,0.0,0.4,142.98,0.0,0.0,142.84,0.9999253857184062,1.0,1422.094550980001,1000.0,1422.038550980001,1000.0,0.04021673520975631,0.0
18968,1710445080000.0,0.0,0.0,0.4,142.98,0.0,0.0,141.86,0.9999253857184062,1.0,1422.094550980001,1000.0,1421.646550980001,1000.0,0.04021673520975631,0.0
18969,1710448680000.0,0.0,0.0,0.4,142.98,0.0,0.0,144.1,0.9999253857184062,1.0,1422.094550980001,1000.0,1422.5425509800011,1000.0,0.04021673520975631,0.0
18970,1710452280000.0,0.0,0.0,0.4,142.98,0.0,0.0,145.45,0.9999253857184062,1.0,1422.094550980001,1000.0,1423.082550980001,1000.0,0.04021673520975631,0.0
18971,1710455880000.0,0.0,0.0,0.4,142.98,0.0,0.0,146.76,0.9999253857184062,1.0,1422.094550980001,1000.0,1423.606550980001,1000.0,0.04021673520975631,0.0
18972,1710459480000.0,0.0,0.0,0.12,142.98,0.0,0.0,147.05,0.9999253857184062,1.0,1423.2875038600012,1000.0,1423.775903860001,1000.0,0.012054908058609409,0.0
18973,1710463080000.0,0.0,0.0,0.04,142.98,0.0,0.0,146.5,0.9999253857184062,1.0,1423.628347540001,1000.0,1423.7691475400009,1000.0,0.004017340628179155,0.0
18974,1710466680000.0,0.0,0.0,0.02,142.98,0.0,0.0,147.58,0.9999253857184062,1.0,1423.713558460001,1000.0,1423.805558460001,1000.0,0.002008550092824265,0.0
18975,1710470280000.0,0.0,0.0,0.0,142.98,0.0,0.0,145.02,0.9999253857184062,1.0,1423.798769380001,1000.0,1423.798769380001,1000.0,0.0,0.0
18976,1710473880000.0,0.0,0.0,0.4,141.38,0.0,0.0,141.05,0.9999253857184062,1.0,1423.787458980001,1000.0,1423.655458980001,1000.0,0.03971941151983018,0.0
18977,1710477480000.0,0.0,0.0,0.4,141.38,0.0,0.0,143.05,0.9999253857184062,1.0,1423.787458980001,1000.0,1424.455458980001,1000.0,0.03971941151983018,0.0
18978,1710481080000.0,0.0,0.0,0.18,141.38,0.0,0.0,143.55,0.9999253857184062,1.0,1424.716051260001,1000.0,1425.106651260001,1000.0,0.017862085555570006,0.0
18979,1710484680000.0,0.0,0.0,0.08,141.38,0.0,0.0,146.1,0.9999253857184062,1.0,1425.1381386600012,1000.0,1425.5157386600013,1000.0,0.007936353461591241,0.0
18980,1710488280000.0,0.0,0.0,0.0,141.38,0.0,0.0,144.91,0.9999253857184062,1.0,1425.475808580001,1000.0,1425.475808580001,1000.0,0.0,0.0
18981,1710491880000.0,0.0,0.0,0.0,141.38,0.0,0.0,144.82,0.9999253857184062,1.0,1425.475808580001,1000.0,1425.475808580001,1000.0,0.0,0.0
18982,1710495480000.0,0.0,0.0,0.41,140.5,0.0,0.0,143.11,0.9999253857184062,1.0,1425.4642875800012,1000.0,1426.534387580001,1000.0,0.04041139473076209,0.0
18983,1710499080000.0,0.0,0.0,0.04,140.5,0.0,0.0,144.31,0.9999253857184062,1.0,1427.014978300001,1000.0,1427.167378300001,1000.0,0.003938290827679392,0.0
18984,1710502680000.0,0.0,0.0,0.04,140.5,0.0,0.0,141.67,0.9999253857184062,1.0,1427.014978300001,1000.0,1427.0617783000012,1000.0,0.003938290827679392,0.0
18985,1710506280000.0,0.0,0.0,0.04,140.5,0.0,0.0,140.22,0.9999253857184062,1.0,1427.014978300001,1000.0,1427.0037783000012,1000.0,0.003938290827679392,0.0
18986,1710509880000.0,0.0,0.0,0.41,139.85024390243902,0.0,0.0,139.92,0.9999253857184062,1.0,1427.004634580001,1000.0,1427.0332345800011,1000.0,0.04018108884199666,0.0
18987,1710513480000.0,0.0,0.0,0.41,139.85024390243902,0.0,0.0,139.73,0.9999253857184062,1.0,1427.004634580001,1000.0,1426.9553345800011,1000.0,0.04018108884199666,0.0
18988,1710517080000.0,0.0,0.0,0.41,139.85024390243902,0.0,0.0,140.45,0.9999253857184062,1.0,1427.004634580001,1000.0,1427.250534580001,1000.0,0.04018108884199666,0.0
18989,1710520680000.0,0.0,0.0,0.41,139.85024390243902,0.0,0.0,141.34,0.9999253857184062,1.0,1427.004634580001,1000.0,1427.615434580001,1000.0,0.04018108884199666,0.0
18990,1710524280000.0,0.0,0.0,0.41,139.85024390243902,0.0,0.0,143.25,0.9999253857184062,1.0,1427.004634580001,1000.0,1428.398534580001,1000.0,0.04018108884199666,0.0
18991,1710527880000.0,0.0,0.0,0.41,139.85024390243902,0.0,0.0,142.66,0.9999253857184062,1.0,1427.004634580001,1000.0,1428.156634580001,1000.0,0.04018108884199666,0.0
18992,1710531480000.0,0.0,0.0,0.03,139.85024390243902,0.0,0.0,143.81,0.9999253857184062,1.0,1428.5895940970743,1000.0,1428.708386780001,1000.0,0.002936817777764158,0.0
18993,1710535080000.0,0.0,0.0,0.03,139.85024390243902,0.0,0.0,141.23,0.9999253857184062,1.0,1428.5895940970743,1000.0,1428.6309867800012,1000.0,0.002936817777764158,0.0
18994,1710538680000.0,0.0,0.0,0.03,139.85024390243902,0.0,0.0,140.0,0.9999253857184062,1.0,1428.5895940970743,1000.0,1428.5940867800011,1000.0,0.002936817777764158,0.0
18995,1710542280000.0,0.0,0.0,0.03,139.85024390243902,0.0,0.0,141.39,0.9999253857184062,1.0,1428.5895940970743,1000.0,1428.6357867800011,1000.0,0.002936817777764158,0.0
18996,1710545880000.0,0.0,0.0,0.03,139.85024390243902,0.0,0.0,142.73,0.9999253857184062,1.0,1428.5895940970743,1000.0,1428.675986780001,1000.0,0.002936817777764158,0.0
18997,1710549480000.0,0.0,0.0,0.03,139.85024390243902,0.0,0.0,143.96,0.9999253857184062,1.0,1428.5895940970743,1000.0,1428.712886780001,1000.0,0.002936817777764158,0.0
18998,1710553080000.0,0.0,0.0,0.02,139.85024390243902,0.0,0.0,142.61,0.9999253857184062,1.0,1428.63130355805,1000.0,1428.6864986800013,1000.0,0.0019578213574648366,0.0
18999,1710556680000.0,0.0,0.0,0.02,139.85024390243902,0.0,0.0,142.91,0.9999253857184062,1.0,1428.63130355805,1000.0,1428.692498680001,1000.0,0.0019578213574648366,0.0
19000,1710560280000.0,0.0,0.0,0.0,139.85024390243902,0.0,0.0,144.37,0.9999253857184062,1.0,1428.7147224800012,1000.0,1428.7147224800012,1000.0,0.0,0.0
19001,1710563880000.0,0.0,0.0,0.0,139.85024390243902,0.0,0.0,143.83,0.9999253857184062,1.0,1428.7147224800012,1000.0,1428.7147224800012,1000.0,0.0,0.0
19002,1710567480000.0,0.0,0.0,0.0,139.85024390243902,0.0,0.0,143.14,0.9999253857184062,1.0,1428.7147224800012,1000.0,1428.7147224800012,1000.0,0.0,0.0
19003,1710571080000.0,0.0,0.0,0.0,139.85024390243902,0.0,0.0,143.5,0.9999253857184062,1.0,1428.7147224800012,1000.0,1428.7147224800012,1000.0,0.0,0.0
19004,1710574680000.0,0.0,0.0,0.0,139.85024390243902,0.0,0.0,144.27,0.9999253857184062,1.0,1428.7147224800012,1000.0,1428.7147224800012,1000.0,0.0,0.0
19005,1710578280000.0,0.0,0.0,0.0,139.85024390243902,0.0,0.0,146.08,0.9999253857184062,1.0,1428.7147224800012,1000.0,1428.7147224800012,1000.0,0.0,0.0
19006,1710581880000.0,0.0,0.0,0.0,139.85024390243902,0.0,0.0,147.25,0.9999253857184062,1.0,1428.7147224800012,1000.0,1428.7147224800012,1000.0,0.0,0.0
19007,1710585480000.0,0.0,0.0,0.0,139.85024390243902,0.0,0.0,148.11,0.9999253857184062,1.0,1428.7147224800012,1000.0,1428.7147224800012,1000.0,0.0,0.0
19008,1710589080000.0,0.0,0.0,0.0,139.85024390243902,0.0,0.0,147.4,0.9999253857184062,1.0,1428.7147224800012,1000.0,1428.7147224800012,1000.0,0.0,0.0
19009,1710592680000.0,0.0,0.0,0.0,139.85024390243902,0.0,0.0,144.85,0.9999253857184062,1.0,1428.7147224800012,1000.0,1428.7147224800012,1000.0,0.0,0.0
19010,1710596280000.0,0.0,0.0,0.0,139.85024390243902,0.0,0.0,145.52,0.9999253857184062,1.0,1428.7147224800012,1000.0,1428.7147224800012,1000.0,0.0,0.0
19011,1710599880000.0,0.0,0.0,0.0,139.85024390243902,0.0,0.0,144.37,0.9999253857184062,1.0,1428.7147224800012,1000.0,1428.7147224800012,1000.0,0.0,0.0
19012,1710603480000.0,0.0,0.0,0.0,139.85024390243902,0.0,0.0,144.79,0.9999253857184062,1.0,1428.7147224800012,1000.0,1428.7147224800012,1000.0,0.0,0.0
19013,1710607080000.0,0.0,0.0,0.0,139.85024390243902,0.0,0.0,145.13,0.9999253857184062,1.0,1428.7147224800012,1000.0,1428.7147224800012,1000.0,0.0,0.0
19014,1710610680000.0,0.0,0.0,0.0,139.85024390243902,0.0,0.0,142.33,0.9999253857184062,1.0,1428.7147224800012,1000.0,1428.7147224800012,1000.0,0.0,0.0
19015,1710614280000.0,0.0,0.0,0.0,139.85024390243902,0.0,0.0,140.57,0.9999253857184062,1.0,1428.7147224800012,1000.0,1428.7147224800012,1000.0,0.0,0.0
19016,1710617880000.0,0.0,0.0,0.41,139.43,0.0,0.0,139.77,0.9999253857184062,1.0,1428.7032892200011,1000.0,1428.8426892200011,1000.0,0.04001271672805476,0.0
19017,1710621480000.0,0.0,0.0,0.41,139.43,0.0,0.0,139.02,0.9999253857184062,1.0,1428.7032892200011,1000.0,1428.535189220001,1000.0,0.04001271672805476,0.0
19018,1710625080000.0,0.0,0.0,0.41,139.43,0.0,0.0,136.08,0.9999253857184062,1.0,1428.7032892200011,1000.0,1427.3297892200012,1000.0,0.04001271672805476,0.0
19019,1710628680000.0,0.0,0.0,0.41,139.43,0.0,0.0,138.99,0.9999253857184062,1.0,1428.7032892200011,1000.0,1428.5228892200012,1000.0,0.04001271672805476,0.0
19020,1710632280000.0,0.0,0.0,0.41,139.43,0.0,0.0,139.23,0.9999253857184062,1.0,1428.7032892200011,1000.0,1428.621289220001,1000.0,0.04001271672805476,0.0
19021,1710635880000.0,0.0,0.0,0.41,139.43,0.0,0.0,141.17,0.9999253857184062,1.0,1428.7032892200011,1000.0,1429.4166892200012,1000.0,0.04001271672805476,0.0
19022,1710639480000.0,0.0,0.0,0.41,139.43,0.0,0.0,139.77,0.9999253857184062,1.0,1428.7032892200011,1000.0,1428.8426892200011,1000.0,0.04001271672805476,0.0
19023,1710643080000.0,0.0,0.0,0.41,139.43,0.0,0.0,139.87,0.9999253857184062,1.0,1428.7032892200011,1000.0,1428.883689220001,1000.0,0.04001271672805476,0.0
19024,1710646680000.0,0.0,0.0,0.41,139.43,0.0,0.0,139.47,0.9999253857184062,1.0,1428.7032892200011,1000.0,1428.719689220001,1000.0,0.04001271672805476,0.0
19025,1710650280000.0,0.0,0.0,0.41,139.43,0.0,0.0,138.41,0.9999253857184062,1.0,1428.7032892200011,1000.0,1428.285089220001,1000.0,0.04001271672805476,0.0
19026,1710653880000.0,0.0,0.0,0.41,139.43,0.0,0.0,139.44,0.9999253857184062,1.0,1428.7032892200011,1000.0,1428.7073892200012,1000.0,0.04001271672805476,0.0
19027,1710657480000.0,0.0,0.0,0.41,139.43,0.0,0.0,138.52,0.9999253857184062,1.0,1428.7032892200011,1000.0,1428.330189220001,1000.0,0.04001271672805476,0.0
19028,1710661080000.0,0.0,0.0,0.41,139.43,0.0,0.0,138.53,0.9999253857184062,1.0,1428.7032892200011,1000.0,1428.3342892200012,1000.0,0.04001271672805476,0.0
19029,1710664680000.0,0.0,0.0,0.41,139.43,0.0,0.0,138.42,0.9999253857184062,1.0,1428.7032892200011,1000.0,1428.2891892200012,1000.0,0.04001271672805476,0.0
19030,1710668280000.0,0.0,0.0,0.41,139.43,0.0,0.0,140.73,0.9999253857184062,1.0,1428.7032892200011,1000.0,1429.236289220001,1000.0,0.04001271672805476,0.0
19031,1710671880000.0,0.0,0.0,0.41,139.43,0.0,0.0,141.82,0.9999253857184062,1.0,1428.7032892200011,1000.0,1429.6831892200012,1000.0,0.04001271672805476,0.0
19032,1710675480000.0,0.0,0.0,0.06,139.43,0.0,0.0,144.41,0.9999253857184062,1.0,1430.159735820001,1000.0,1430.458535820001,1000.0,0.005849556375046007,0.0
19033,1710679080000.0,0.0,0.0,0.04,139.43,0.0,0.0,142.4,0.9999253857184062,1.0,1430.242961340001,1000.0,1430.361761340001,1000.0,0.0038994773271072048,0.0
19034,1710682680000.0,0.0,0.0,0.0,139.43,0.0,0.0,144.11,0.9999253857184062,1.0,1430.4094123800007,1000.0,1430.4094123800007,1000.0,0.0,0.0
19035,1710686280000.0,0.0,0.0,0.0,139.43,0.0,0.0,145.15,0.9999253857184062,1.0,1430.4094123800007,1000.0,1430.4094123800007,1000.0,0.0,0.0
19036,1710689880000.0,0.0,0.0,0.0,139.43,0.0,0.0,144.87,0.9999253857184062,1.0,1430.4094123800007,1000.0,1430.4094123800007,1000.0,0.0,0.0
19037,1710693480000.0,0.0,0.0,0.0,139.43,0.0,0.0,145.28,0.9999253857184062,1.0,1430.4094123800007,1000.0,1430.4094123800007,1000.0,0.0,0.0
19038,1710697080000.0,0.0,0.0,0.0,139.43,0.0,0.0,145.19,0.9999253857184062,1.0,1430.4094123800007,1000.0,1430.4094123800007,1000.0,0.0,0.0
19039,1710700680000.0,0.0,0.0,0.0,139.43,0.0,0.0,143.93,0.9999253857184062,1.0,1430.4094123800007,1000.0,1430.4094123800007,1000.0,0.0,0.0
19040,1710704280000.0,0.0,0.0,0.0,139.43,0.0,0.0,143.72,0.9999253857184062,1.0,1430.4094123800007,1000.0,1430.4094123800007,1000.0,0.0,0.0
19041,1710707880000.0,0.0,0.0,0.0,139.43,0.0,0.0,143.52,0.9999253857184062,1.0,1430.4094123800007,1000.0,1430.4094123800007,1000.0,0.0,0.0
19042,1710711480000.0,0.0,0.0,0.0,139.43,0.0,0.0,143.55,0.9999253857184062,1.0,1430.4094123800007,1000.0,1430.4094123800007,1000.0,0.0,0.0
19043,1710715080000.0,0.0,0.0,0.0,139.43,0.0,0.0,143.95,0.9999253857184062,1.0,1430.4094123800007,1000.0,1430.4094123800007,1000.0,0.0,0.0
19044,1710718680000.0,0.0,0.0,0.0,139.43,0.0,0.0,142.0,0.9999253857184062,1.0,1430.4094123800007,1000.0,1430.4094123800007,1000.0,0.0,0.0
19045,1710722280000.0,0.0,0.0,0.0,139.43,0.0,0.0,140.43,0.9999253857184062,1.0,1430.4094123800007,1000.0,1430.4094123800007,1000.0,0.0,0.0
19046,1710725880000.0,0.0,0.0,0.0,139.43,0.0,0.0,138.11,0.9999253857184062,1.0,1430.4094123800007,1000.0,1430.4094123800007,1000.0,0.0,0.0
19047,1710729480000.0,0.0,0.0,0.0,139.43,0.0,0.0,139.99,0.9999253857184062,1.0,1430.4094123800007,1000.0,1430.4094123800007,1000.0,0.0,0.0
19048,1710733080000.0,0.0,0.0,0.0,139.43,0.0,0.0,140.14,0.9999253857184062,1.0,1430.4094123800007,1000.0,1430.4094123800007,1000.0,0.0,0.0
19049,1710736680000.0,0.0,0.0,0.0,139.43,0.0,0.0,139.33,0.9999253857184062,1.0,1430.4094123800007,1000.0,1430.4094123800007,1000.0,0.0,0.0
19050,1710740280000.0,0.0,0.0,0.0,139.43,0.0,0.0,139.7,0.9999253857184062,1.0,1430.4094123800007,1000.0,1430.4094123800007,1000.0,0.0,0.0
19051,1710743880000.0,0.0,0.0,0.0,139.43,0.0,0.0,138.99,0.9999253857184062,1.0,1430.4094123800007,1000.0,1430.4094123800007,1000.0,0.0,0.0
19052,1710747480000.0,0.0,0.0,0.0,139.43,0.0,0.0,140.56,0.9999253857184062,1.0,1430.4094123800007,1000.0,1430.4094123800007,1000.0,0.0,0.0
19053,1710751080000.0,0.0,0.0,0.0,139.43,0.0,0.0,139.4,0.9999253857184062,1.0,1430.4094123800007,1000.0,1430.4094123800007,1000.0,0.0,0.0
19054,1710754680000.0,0.0,0.0,0.0,139.43,0.0,0.0,140.22,0.9999253857184062,1.0,1430.4094123800007,1000.0,1430.4094123800007,1000.0,0.0,0.0
19055,1710758280000.0,0.0,0.0,0.0,139.43,0.0,0.0,139.14,0.9999253857184062,1.0,1430.4094123800007,1000.0,1430.4094123800007,1000.0,0.0,0.0
19056,1710761880000.0,0.0,0.0,0.0,139.43,0.0,0.0,140.96,0.9999253857184062,1.0,1430.4094123800007,1000.0,1430.4094123800007,1000.0,0.0,0.0
19057,1710765480000.0,0.0,0.0,0.0,139.43,0.0,0.0,141.34,0.9999253857184062,1.0,1430.4094123800007,1000.0,1430.4094123800007,1000.0,0.0,0.0
19058,1710769080000.0,0.0,0.0,0.0,139.43,0.0,0.0,139.85,0.9999253857184062,1.0,1430.4094123800007,1000.0,1430.4094123800007,1000.0,0.0,0.0
19059,1710772680000.0,0.0,0.0,0.0,139.43,0.0,0.0,137.53,0.9999253857184062,1.0,1430.4094123800007,1000.0,1430.4094123800007,1000.0,0.0,0.0
19060,1710776280000.0,0.0,0.0,0.0,139.43,0.0,0.0,138.03,0.9999253857184062,1.0,1430.4094123800007,1000.0,1430.4094123800007,1000.0,0.0,0.0
19061,1710779880000.0,0.0,0.0,0.0,139.43,0.0,0.0,140.52,0.9999253857184062,1.0,1430.4094123800007,1000.0,1430.4094123800007,1000.0,0.0,0.0
19062,1710783480000.0,0.0,0.0,0.0,139.43,0.0,0.0,138.53,0.9999253857184062,1.0,1430.4094123800007,1000.0,1430.4094123800007,1000.0,0.0,0.0
19063,1710787080000.0,0.0,0.0,0.0,139.43,0.0,0.0,136.9,0.9999253857184062,1.0,1430.4094123800007,1000.0,1430.4094123800007,1000.0,0.0,0.0
19064,1710790680000.0,0.0,0.0,0.0,139.43,0.0,0.0,138.35,0.9999253857184062,1.0,1430.4094123800007,1000.0,1430.4094123800007,1000.0,0.0,0.0
19065,1710794280000.0,0.0,0.0,0.0,139.43,0.0,0.0,139.46,0.9999253857184062,1.0,1430.4094123800007,1000.0,1430.4094123800007,1000.0,0.0,0.0
19066,1710797880000.0,0.0,0.0,0.0,139.43,0.0,0.0,140.15,0.9999253857184062,1.0,1430.4094123800007,1000.0,1430.4094123800007,1000.0,0.0,0.0
19067,1710801480000.0,0.0,0.0,0.0,139.43,0.0,0.0,139.58,0.9999253857184062,1.0,1430.4094123800007,1000.0,1430.4094123800007,1000.0,0.0,0.0
19068,1710805080000.0,0.0,0.0,0.0,139.43,0.0,0.0,141.55,0.9999253857184062,1.0,1430.4094123800007,1000.0,1430.4094123800007,1000.0,0.0,0.0
19069,1710808680000.0,0.0,0.0,0.0,139.43,0.0,0.0,141.23,0.9999253857184062,1.0,1430.4094123800007,1000.0,1430.4094123800007,1000.0,0.0,0.0
19070,1710812280000.0,0.0,0.0,0.0,139.43,0.0,0.0,137.38,0.9999253857184062,1.0,1430.4094123800007,1000.0,1430.4094123800007,1000.0,0.0,0.0
19071,1710815880000.0,0.0,0.0,0.42,135.16,0.0,0.0,136.73,0.9999253857184062,1.0,1430.3980589400007,1000.0,1431.0574589400007,1000.0,0.03968629546524094,0.0
19072,1710819480000.0,0.0,0.0,0.42,135.16,0.0,0.0,136.43,0.9999253857184062,1.0,1430.3980589400007,1000.0,1430.9314589400008,1000.0,0.03968629546524094,0.0
19073,1710823080000.0,0.0,0.0,0.28,135.16,0.0,0.0,139.17,0.9999253857184062,1.0,1430.9625607800008,1000.0,1432.0853607800009,1000.0,0.026447093052784865,0.0
19074,1710826680000.0,0.0,0.0,0.01,135.16,0.0,0.0,139.29,0.9999253857184062,1.0,1432.0512429000005,1000.0,1432.0925429000006,1000.0,0.0009438209747738626,0.0
19075,1710830280000.0,0.0,0.0,0.0,135.16,0.0,0.0,136.77,0.9999253857184062,1.0,1432.0915644600004,1000.0,1432.0915644600004,1000.0,0.0,0.0
19076,1710833880000.0,0.0,0.0,0.43,134.43,0.0,0.0,136.17,0.9999253857184062,1.0,1432.0800034800004,1000.0,1432.8282034800004,1000.0,0.040364295192679346,0.0
19077,1710837480000.0,0.0,0.0,0.43,134.43,0.0,0.0,135.2,0.9999253857184062,1.0,1432.0800034800004,1000.0,1432.4111034800003,1000.0,0.040364295192679346,0.0
19078,1710841080000.0,0.0,0.0,0.43,134.43,0.0,0.0,132.6,0.9999253857184062,1.0,1432.0800034800004,1000.0,1431.2931034800004,1000.0,0.040364295192679346,0.0
19079,1710844680000.0,0.0,0.0,0.43,134.43,0.0,0.0,131.17,0.9999253857184062,1.0,1432.0800034800004,1000.0,1430.6782034800003,1000.0,0.040364295192679346,0.0
19080,1710848280000.0,0.0,0.0,0.43,134.43,0.0,0.0,129.89,0.9999253857184062,1.0,1432.0800034800004,1000.0,1430.1278034800005,1000.0,0.040364295192679346,0.0
19081,1710851880000.0,0.0,0.0,0.87,131.5877011494253,0.0,0.0,132.98,0.9999253857184062,1.0,1432.0686682000005,1000.0,1433.2799682000004,1000.0,0.07994120850635894,0.0
19082,1710855480000.0,0.0,0.0,0.87,131.5877011494253,0.0,0.0,131.82,0.9999253857184062,1.0,1432.0686682000005,1000.0,1432.2707682000005,1000.0,0.07994120850635894,0.0
19083,1710859080000.0,0.0,0.0,0.87,131.5877011494253,0.0,0.0,130.07,0.9999253857184062,1.0,1432.0686682000005,1000.0,1430.7482682000004,1000.0,0.07994120850635894,0.0
19084,1710862680000.0,0.0,0.0,0.87,131.5877011494253,0.0,0.0,133.73,0.9999253857184062,1.0,1432.0686682000005,1000.0,1433.9324682000006,1000.0,0.07994120850635894,0.0
19085,1710866280000.0,0.0,0.0,0.87,131.5877011494253,0.0,0.0,134.89,0.9999253857184062,1.0,1432.0686682000005,1000.0,1434.9416682000005,1000.0,0.07994120850635894,0.0
19086,1710869880000.0,0.0,0.0,0.18,131.5877011494253,0.0,0.0,137.87,0.9999253857184062,1.0,1434.777049886897,1000.0,1435.9078636800004,1000.0,0.016508339193719117,0.0
19087,1710873480000.0,0.0,0.0,0.18,131.5877011494253,0.0,0.0,137.56,0.9999253857184062,1.0,1434.777049886897,1000.0,1435.8520636800004,1000.0,0.016508339193719117,0.0
19088,1710877080000.0,0.0,0.0,0.18,131.5877011494253,0.0,0.0,137.74,0.9999253857184062,1.0,1434.777049886897,1000.0,1435.8844636800004,1000.0,0.016508339193719117,0.0
19089,1710880680000.0,0.0,0.0,0.18,131.5877011494253,0.0,0.0,137.47,0.9999253857184062,1.0,1434.777049886897,1000.0,1435.8358636800003,1000.0,0.016508339193719117,0.0
19090,1710884280000.0,0.0,0.0,0.06,131.5877011494253,0.0,0.0,135.64,0.9999253857184062,1.0,1435.248072788966,1000.0,1435.4912107200005,1000.0,0.005500973816758722,0.0
19091,1710887880000.0,0.0,0.0,0.02,131.5877011494253,0.0,0.0,134.95,0.9999253857184062,1.0,1435.4050804229892,1000.0,1435.4723264000006,1000.0,0.0018334573695482348,0.0
19092,1710891480000.0,0.0,0.0,0.02,131.5877011494253,0.0,0.0,133.85,0.9999253857184062,1.0,1435.4050804229892,1000.0,1435.4503264000007,1000.0,0.0018334573695482348,0.0
19093,1710895080000.0,0.0,0.0,0.0,131.5877011494253,0.0,0.0,136.01,0.9999253857184062,1.0,1435.4835842400007,1000.0,1435.4835842400007,1000.0,0.0,0.0
19094,1710898680000.0,0.0,0.0,0.0,131.5877011494253,0.0,0.0,136.84,0.9999253857184062,1.0,1435.4835842400007,1000.0,1435.4835842400007,1000.0,0.0,0.0
19095,1710902280000.0,0.0,0.0,0.0,131.5877011494253,0.0,0.0,137.25,0.9999253857184062,1.0,1435.4835842400007,1000.0,1435.4835842400007,1000.0,0.0,0.0
19096,1710905880000.0,0.0,0.0,0.0,131.5877011494253,0.0,0.0,137.8,0.9999253857184062,1.0,1435.4835842400007,1000.0,1435.4835842400007,1000.0,0.0,0.0
19097,1710909480000.0,0.0,0.0,0.0,131.5877011494253,0.0,0.0,133.2,0.9999253857184062,1.0,1435.4835842400007,1000.0,1435.4835842400007,1000.0,0.0,0.0
19098,1710913080000.0,0.0,0.0,0.44,131.38,0.0,0.0,130.61,0.9999253857184062,1.0,1435.4720228000008,1000.0,1435.1332228000008,1000.0,0.040270516653638795,0.0
19099,1710916680000.0,0.0,0.0,0.44,131.38,0.0,0.0,133.48,0.9999253857184062,1.0,1435.4720228000008,1000.0,1436.3960228000008,1000.0,0.040270516653638795,0.0
19100,1710920280000.0,0.0,0.0,0.2,131.38,0.0,0.0,136.79,0.9999253857184062,1.0,1436.4135269600008,1000.0,1437.495526960001,1000.0,0.018292782340758127,0.0
19101,1710923880000.0,0.0,0.0,0.2,131.38,0.0,0.0,137.12,0.9999253857184062,1.0,1436.4135269600008,1000.0,1437.5615269600007,1000.0,0.018292782340758127,0.0
19102,1710927480000.0,0.0,0.0,0.2,131.38,0.0,0.0,136.25,0.9999253857184062,1.0,1436.4135269600008,1000.0,1437.3875269600007,1000.0,0.018292782340758127,0.0
19103,1710931080000.0,0.0,0.0,0.05,131.38,0.0,0.0,135.52,0.9999253857184062,1.0,1437.0019670600009,1000.0,1437.208967060001,1000.0,0.004571322900440899,0.0
19104,1710934680000.0,0.0,0.0,0.02,131.38,0.0,0.0,136.71,0.9999253857184062,1.0,1437.119655080001,1000.0,1437.226255080001,1000.0,0.001828379419007896,0.0
19105,1710938280000.0,0.0,0.0,0.0,131.38,0.0,0.0,138.25,0.9999253857184062,1.0,1437.2617010400008,1000.0,1437.2617010400008,1000.0,0.0,0.0
19106,1710941880000.0,0.0,0.0,0.0,131.38,0.0,0.0,137.63,0.9999253857184062,1.0,1437.2617010400008,1000.0,1437.2617010400008,1000.0,0.0,0.0
19107,1710945480000.0,0.0,0.0,0.0,131.38,0.0,0.0,139.08,0.9999253857184062,1.0,1437.2617010400008,1000.0,1437.2617010400008,1000.0,0.0,0.0
19108,1710949080000.0,0.0,0.0,0.0,131.38,0.0,0.0,137.17,0.9999253857184062,1.0,1437.2617010400008,1000.0,1437.2617010400008,1000.0,0.0,0.0
19109,1710952680000.0,0.0,0.0,0.0,131.38,0.0,0.0,135.66,0.9999253857184062,1.0,1437.2617010400008,1000.0,1437.2617010400008,1000.0,0.0,0.0
19110,1710956280000.0,0.0,0.0,0.0,131.38,0.0,0.0,139.04,0.9999253857184062,1.0,1437.2617010400008,1000.0,1437.2617010400008,1000.0,0.0,0.0
19111,1710959880000.0,0.0,0.0,0.0,131.38,0.0,0.0,139.59,0.9999253857184062,1.0,1437.2617010400008,1000.0,1437.2617010400008,1000.0,0.0,0.0
19112,1710963480000.0,0.0,0.0,0.0,131.38,0.0,0.0,141.23,0.9999253857184062,1.0,1437.2617010400008,1000.0,1437.2617010400008,1000.0,0.0,0.0
19113,1710967080000.0,0.0,0.0,0.0,131.38,0.0,0.0,142.85,0.9999253857184062,1.0,1437.2617010400008,1000.0,1437.2617010400008,1000.0,0.0,0.0
19114,1710970680000.0,0.0,0.0,0.0,131.38,0.0,0.0,140.73,0.9999253857184062,1.0,1437.2617010400008,1000.0,1437.2617010400008,1000.0,0.0,0.0
19115,1710974280000.0,0.0,0.0,0.0,131.38,0.0,0.0,141.72,0.9999253857184062,1.0,1437.2617010400008,1000.0,1437.2617010400008,1000.0,0.0,0.0
19116,1710977880000.0,0.0,0.0,0.0,131.38,0.0,0.0,140.27,0.9999253857184062,1.0,1437.2617010400008,1000.0,1437.2617010400008,1000.0,0.0,0.0
19117,1710981480000.0,0.0,0.0,0.0,131.38,0.0,0.0,140.87,0.9999253857184062,1.0,1437.2617010400008,1000.0,1437.2617010400008,1000.0,0.0,0.0
19118,1710985080000.0,0.0,0.0,0.0,131.38,0.0,0.0,140.73,0.9999253857184062,1.0,1437.2617010400008,1000.0,1437.2617010400008,1000.0,0.0,0.0
19119,1710988680000.0,0.0,0.0,0.0,131.38,0.0,0.0,141.05,0.9999253857184062,1.0,1437.2617010400008,1000.0,1437.2617010400008,1000.0,0.0,0.0
19120,1710992280000.0,0.0,0.0,0.0,131.38,0.0,0.0,140.91,0.9999253857184062,1.0,1437.2617010400008,1000.0,1437.2617010400008,1000.0,0.0,0.0
19121,1710995880000.0,0.0,0.0,0.0,131.38,0.0,0.0,140.1,0.9999253857184062,1.0,1437.2617010400008,1000.0,1437.2617010400008,1000.0,0.0,0.0
19122,1710999480000.0,0.0,0.0,0.0,131.38,0.0,0.0,140.44,0.9999253857184062,1.0,1437.2617010400008,1000.0,1437.2617010400008,1000.0,0.0,0.0
19123,1711003080000.0,0.0,0.0,0.0,131.38,0.0,0.0,141.69,0.9999253857184062,1.0,1437.2617010400008,1000.0,1437.2617010400008,1000.0,0.0,0.0
19124,1711006680000.0,0.0,0.0,0.0,131.38,0.0,0.0,142.57,0.9999253857184062,1.0,1437.2617010400008,1000.0,1437.2617010400008,1000.0,0.0,0.0
19125,1711010280000.0,0.0,0.0,0.0,131.38,0.0,0.0,143.23,0.9999253857184062,1.0,1437.2617010400008,1000.0,1437.2617010400008,1000.0,0.0,0.0
19126,1711013880000.0,0.0,0.0,0.0,131.38,0.0,0.0,143.92,0.9999253857184062,1.0,1437.2617010400008,1000.0,1437.2617010400008,1000.0,0.0,0.0
19127,1711017480000.0,0.0,0.0,0.0,131.38,0.0,0.0,143.32,0.9999253857184062,1.0,1437.2617010400008,1000.0,1437.2617010400008,1000.0,0.0,0.0
19128,1711021080000.0,0.0,0.0,0.0,131.38,0.0,0.0,143.54,0.9999253857184062,1.0,1437.2617010400008,1000.0,1437.2617010400008,1000.0,0.0,0.0
19129,1711024680000.0,0.0,0.0,0.0,131.38,0.0,0.0,143.54,0.9999253857184062,1.0,1437.2617010400008,1000.0,1437.2617010400008,1000.0,0.0,0.0
19130,1711028280000.0,0.0,0.0,0.0,131.38,0.0,0.0,143.29,0.9999253857184062,1.0,1437.2617010400008,1000.0,1437.2617010400008,1000.0,0.0,0.0
19131,1711031880000.0,0.0,0.0,0.0,131.38,0.0,0.0,141.84,0.9999253857184062,1.0,1437.2617010400008,1000.0,1437.2617010400008,1000.0,0.0,0.0
19132,1711035480000.0,0.0,0.0,0.0,131.38,0.0,0.0,140.71,0.9999253857184062,1.0,1437.2617010400008,1000.0,1437.2617010400008,1000.0,0.0,0.0
19133,1711039080000.0,0.0,0.0,0.0,131.38,0.0,0.0,141.74,0.9999253857184062,1.0,1437.2617010400008,1000.0,1437.2617010400008,1000.0,0.0,0.0
19134,1711042680000.0,0.0,0.0,0.0,131.38,0.0,0.0,140.78,0.9999253857184062,1.0,1437.2617010400008,1000.0,1437.2617010400008,1000.0,0.0,0.0
19135,1711046280000.0,0.0,0.0,0.0,131.38,0.0,0.0,140.06,0.9999253857184062,1.0,1437.2617010400008,1000.0,1437.2617010400008,1000.0,0.0,0.0
19136,1711049880000.0,0.0,0.0,0.0,131.38,0.0,0.0,139.54,0.9999253857184062,1.0,1437.2617010400008,1000.0,1437.2617010400008,1000.0,0.0,0.0
19137,1711053480000.0,0.0,0.0,0.0,131.38,0.0,0.0,139.51,0.9999253857184062,1.0,1437.2617010400008,1000.0,1437.2617010400008,1000.0,0.0,0.0
19138,1711057080000.0,0.0,0.0,0.0,131.38,0.0,0.0,139.19,0.9999253857184062,1.0,1437.2617010400008,1000.0,1437.2617010400008,1000.0,0.0,0.0
19139,1711060680000.0,0.0,0.0,0.0,131.38,0.0,0.0,138.68,0.9999253857184062,1.0,1437.2617010400008,1000.0,1437.2617010400008,1000.0,0.0,0.0
19140,1711064280000.0,0.0,0.0,0.0,131.38,0.0,0.0,138.27,0.9999253857184062,1.0,1437.2617010400008,1000.0,1437.2617010400008,1000.0,0.0,0.0
19141,1711067880000.0,0.0,0.0,0.0,131.38,0.0,0.0,138.57,0.9999253857184062,1.0,1437.2617010400008,1000.0,1437.2617010400008,1000.0,0.0,0.0
19142,1711071480000.0,0.0,0.0,0.0,131.38,0.0,0.0,138.6,0.9999253857184062,1.0,1437.2617010400008,1000.0,1437.2617010400008,1000.0,0.0,0.0
19143,1711075080000.0,0.0,0.0,0.0,131.38,0.0,0.0,138.64,0.9999253857184062,1.0,1437.2617010400008,1000.0,1437.2617010400008,1000.0,0.0,0.0
19144,1711078680000.0,0.0,0.0,0.0,131.38,0.0,0.0,140.23,0.9999253857184062,1.0,1437.2617010400008,1000.0,1437.2617010400008,1000.0,0.0,0.0
19145,1711082280000.0,0.0,0.0,0.0,131.38,0.0,0.0,140.26,0.9999253857184062,1.0,1437.2617010400008,1000.0,1437.2617010400008,1000.0,0.0,0.0
19146,1711085880000.0,0.0,0.0,0.0,131.38,0.0,0.0,140.03,0.9999253857184062,1.0,1437.2617010400008,1000.0,1437.2617010400008,1000.0,0.0,0.0
19147,1711089480000.0,0.0,0.0,0.0,131.38,0.0,0.0,139.97,0.9999253857184062,1.0,1437.2617010400008,1000.0,1437.2617010400008,1000.0,0.0,0.0
19148,1711093080000.0,0.0,0.0,0.0,131.38,0.0,0.0,140.17,0.9999253857184062,1.0,1437.2617010400008,1000.0,1437.2617010400008,1000.0,0.0,0.0
19149,1711096680000.0,0.0,0.0,0.0,131.38,0.0,0.0,139.87,0.9999253857184062,1.0,1437.2617010400008,1000.0,1437.2617010400008,1000.0,0.0,0.0
19150,1711100280000.0,0.0,0.0,0.0,131.38,0.0,0.0,140.15,0.9999253857184062,1.0,1437.2617010400008,1000.0,1437.2617010400008,1000.0,0.0,0.0
19151,1711103880000.0,0.0,0.0,0.0,131.38,0.0,0.0,138.83,0.9999253857184062,1.0,1437.2617010400008,1000.0,1437.2617010400008,1000.0,0.0,0.0
19152,1711107480000.0,0.0,0.0,0.0,131.38,0.0,0.0,137.66,0.9999253857184062,1.0,1437.2617010400008,1000.0,1437.2617010400008,1000.0,0.0,0.0
19153,1711111080000.0,0.0,0.0,0.0,131.38,0.0,0.0,137.08,0.9999253857184062,1.0,1437.2617010400008,1000.0,1437.2617010400008,1000.0,0.0,0.0
19154,1711114680000.0,0.0,0.0,0.0,131.38,0.0,0.0,136.43,0.9999253857184062,1.0,1437.2617010400008,1000.0,1437.2617010400008,1000.0,0.0,0.0
19155,1711118280000.0,0.0,0.0,0.43,134.7,0.0,0.0,132.46,0.9999253857184062,1.0,1437.2501168400008,1000.0,1436.286916840001,1000.0,0.04029987496355023,0.0
19156,1711121880000.0,0.0,0.0,0.43,134.7,0.0,0.0,133.76,0.9999253857184062,1.0,1437.2501168400008,1000.0,1436.8459168400009,1000.0,0.04029987496355023,0.0
19157,1711125480000.0,0.0,0.0,0.43,134.7,0.0,0.0,133.98,0.9999253857184062,1.0,1437.2501168400008,1000.0,1436.9405168400008,1000.0,0.04029987496355023,0.0
19158,1711129080000.0,0.0,0.0,0.43,134.7,0.0,0.0,134.51,0.9999253857184062,1.0,1437.2501168400008,1000.0,1437.1684168400009,1000.0,0.04029987496355023,0.0
19159,1711132680000.0,0.0,0.0,0.43,134.7,0.0,0.0,133.96,0.9999253857184062,1.0,1437.2501168400008,1000.0,1436.931916840001,1000.0,0.04029987496355023,0.0
19160,1711136280000.0,0.0,0.0,0.43,134.7,0.0,0.0,133.81,0.9999253857184062,1.0,1437.2501168400008,1000.0,1436.867416840001,1000.0,0.04029987496355023,0.0
19161,1711139880000.0,0.0,0.0,0.43,134.7,0.0,0.0,134.3,0.9999253857184062,1.0,1437.2501168400008,1000.0,1437.0781168400008,1000.0,0.04029987496355023,0.0
19162,1711143480000.0,0.0,0.0,0.43,134.7,0.0,0.0,133.34,0.9999253857184062,1.0,1437.2501168400008,1000.0,1436.6653168400007,1000.0,0.04029987496355023,0.0
19163,1711147080000.0,0.0,0.0,0.43,134.7,0.0,0.0,134.12,0.9999253857184062,1.0,1437.2501168400008,1000.0,1437.000716840001,1000.0,0.04029987496355023,0.0
19164,1711150680000.0,0.0,0.0,0.43,134.7,0.0,0.0,135.01,0.9999253857184062,1.0,1437.2501168400008,1000.0,1437.3834168400008,1000.0,0.04029987496355023,0.0
19165,1711154280000.0,0.0,0.0,0.43,134.7,0.0,0.0,134.76,0.9999253857184062,1.0,1437.2501168400008,1000.0,1437.2759168400007,1000.0,0.04029987496355023,0.0
19166,1711157880000.0,0.0,0.0,0.43,134.7,0.0,0.0,135.77,0.9999253857184062,1.0,1437.2501168400008,1000.0,1437.7102168400008,1000.0,0.04029987496355023,0.0
19167,1711161480000.0,0.0,0.0,0.43,134.7,0.0,0.0,134.87,0.9999253857184062,1.0,1437.2501168400008,1000.0,1437.323216840001,1000.0,0.04029987496355023,0.0
19168,1711165080000.0,0.0,0.0,0.43,134.7,0.0,0.0,133.86,0.9999253857184062,1.0,1437.2501168400008,1000.0,1436.8889168400008,1000.0,0.04029987496355023,0.0
19169,1711168680000.0,0.0,0.0,0.43,134.7,0.0,0.0,134.15,0.9999253857184062,1.0,1437.2501168400008,1000.0,1437.0136168400009,1000.0,0.04029987496355023,0.0
19170,1711172280000.0,0.0,0.0,0.43,134.7,0.0,0.0,134.69,0.9999253857184062,1.0,1437.2501168400008,1000.0,1437.2458168400008,1000.0,0.04029987496355023,0.0
19171,1711175880000.0,0.0,0.0,0.43,134.7,0.0,0.0,136.23,0.9999253857184062,1.0,1437.2501168400008,1000.0,1437.9080168400008,1000.0,0.04029987496355023,0.0
19172,1711179480000.0,0.0,0.0,0.43,134.7,0.0,0.0,137.42,0.9999253857184062,1.0,1437.2501168400008,1000.0,1438.4197168400008,1000.0,0.04029987496355023,0.0
19173,1711183080000.0,0.0,0.0,0.43,134.7,0.0,0.0,137.21,0.9999253857184062,1.0,1437.2501168400008,1000.0,1438.329416840001,1000.0,0.04029987496355023,0.0
19174,1711186680000.0,0.0,0.0,0.43,134.7,0.0,0.0,136.14,0.9999253857184062,1.0,1437.2501168400008,1000.0,1437.869316840001,1000.0,0.04029987496355023,0.0
19175,1711190280000.0,0.0,0.0,0.43,134.7,0.0,0.0,136.96,0.9999253857184062,1.0,1437.2501168400008,1000.0,1438.2219168400009,1000.0,0.04029987496355023,0.0
19176,1711193880000.0,0.0,0.0,0.43,134.7,0.0,0.0,136.99,0.9999253857184062,1.0,1437.2501168400008,1000.0,1438.2348168400008,1000.0,0.04029987496355023,0.0
19177,1711197480000.0,0.0,0.0,0.43,134.7,0.0,0.0,136.88,0.9999253857184062,1.0,1437.2501168400008,1000.0,1438.1875168400009,1000.0,0.04029987496355023,0.0
19178,1711201080000.0,0.0,0.0,0.43,134.7,0.0,0.0,137.75,0.9999253857184062,1.0,1437.2501168400008,1000.0,1438.5616168400009,1000.0,0.04029987496355023,0.0
19179,1711204680000.0,0.0,0.0,0.04,134.7,0.0,0.0,138.99,0.9999253857184062,1.0,1438.8187943400007,1000.0,1438.9903943400006,1000.0,0.0037447384070844894,0.0
19180,1711208280000.0,0.0,0.0,0.01,134.7,0.0,0.0,138.96,0.9999253857184062,1.0,1438.9394618400008,1000.0,1438.9820618400008,1000.0,0.0009361060946077356,0.0
19181,1711211880000.0,0.0,0.0,0.01,134.7,0.0,0.0,138.22,0.9999253857184062,1.0,1438.9394618400008,1000.0,1438.9746618400009,1000.0,0.0009361060946077356,0.0
19182,1711215480000.0,0.0,0.0,0.01,134.7,0.0,0.0,137.53,0.9999253857184062,1.0,1438.9394618400008,1000.0,1438.9677618400008,1000.0,0.0009361060946077356,0.0
19183,1711219080000.0,0.0,0.0,0.01,134.7,0.0,0.0,138.33,0.9999253857184062,1.0,1438.9394618400008,1000.0,1438.9757618400008,1000.0,0.0009361060946077356,0.0
19184,1711222680000.0,0.0,0.0,0.0,134.7,0.0,0.0,138.74,0.9999253857184062,1.0,1438.9796843400009,1000.0,1438.9796843400009,1000.0,0.0,0.0
19185,1711226280000.0,0.0,0.0,0.0,134.7,0.0,0.0,139.53,0.9999253857184062,1.0,1438.9796843400009,1000.0,1438.9796843400009,1000.0,0.0,0.0
19186,1711229880000.0,0.0,0.0,0.0,134.7,0.0,0.0,139.58,0.9999253857184062,1.0,1438.9796843400009,1000.0,1438.9796843400009,1000.0,0.0,0.0
19187,1711233480000.0,0.0,0.0,0.0,134.7,0.0,0.0,139.61,0.9999253857184062,1.0,1438.9796843400009,1000.0,1438.9796843400009,1000.0,0.0,0.0
19188,1711237080000.0,0.0,0.0,0.0,134.7,0.0,0.0,139.09,0.9999253857184062,1.0,1438.9796843400009,1000.0,1438.9796843400009,1000.0,0.0,0.0
19189,1711240680000.0,0.0,0.0,0.0,134.7,0.0,0.0,139.95,0.9999253857184062,1.0,1438.9796843400009,1000.0,1438.9796843400009,1000.0,0.0,0.0
19190,1711244280000.0,0.0,0.0,0.0,134.7,0.0,0.0,140.63,0.9999253857184062,1.0,1438.9796843400009,1000.0,1438.9796843400009,1000.0,0.0,0.0
19191,1711247880000.0,0.0,0.0,0.0,134.7,0.0,0.0,142.0,0.9999253857184062,1.0,1438.9796843400009,1000.0,1438.9796843400009,1000.0,0.0,0.0
19192,1711251480000.0,0.0,0.0,0.0,134.7,0.0,0.0,143.1,0.9999253857184062,1.0,1438.9796843400009,1000.0,1438.9796843400009,1000.0,0.0,0.0
19193,1711255080000.0,0.0,0.0,0.0,134.7,0.0,0.0,142.9,0.9999253857184062,1.0,1438.9796843400009,1000.0,1438.9796843400009,1000.0,0.0,0.0
19194,1711258680000.0,0.0,0.0,0.0,134.7,0.0,0.0,141.99,0.9999253857184062,1.0,1438.9796843400009,1000.0,1438.9796843400009,1000.0,0.0,0.0
19195,1711262280000.0,0.0,0.0,0.0,134.7,0.0,0.0,142.29,0.9999253857184062,1.0,1438.9796843400009,1000.0,1438.9796843400009,1000.0,0.0,0.0
19196,1711265880000.0,0.0,0.0,0.0,134.7,0.0,0.0,142.37,0.9999253857184062,1.0,1438.9796843400009,1000.0,1438.9796843400009,1000.0,0.0,0.0
19197,1711269480000.0,0.0,0.0,0.0,134.7,0.0,0.0,142.16,0.9999253857184062,1.0,1438.9796843400009,1000.0,1438.9796843400009,1000.0,0.0,0.0
19198,1711273080000.0,0.0,0.0,0.0,134.7,0.0,0.0,142.81,0.9999253857184062,1.0,1438.9796843400009,1000.0,1438.9796843400009,1000.0,0.0,0.0
19199,1711276680000.0,0.0,0.0,0.0,134.7,0.0,0.0,142.5,0.9999253857184062,1.0,1438.9796843400009,1000.0,1438.9796843400009,1000.0,0.0,0.0
19200,1711280280000.0,0.0,0.0,0.0,134.7,0.0,0.0,140.79,0.9999253857184062,1.0,1438.9796843400009,1000.0,1438.9796843400009,1000.0,0.0,0.0
19201,1711283880000.0,0.0,0.0,0.0,134.7,0.0,0.0,141.27,0.9999253857184062,1.0,1438.9796843400009,1000.0,1438.9796843400009,1000.0,0.0,0.0
19202,1711287480000.0,0.0,0.0,0.0,134.7,0.0,0.0,140.85,0.9999253857184062,1.0,1438.9796843400009,1000.0,1438.9796843400009,1000.0,0.0,0.0
19203,1711291080000.0,0.0,0.0,0.0,134.7,0.0,0.0,140.87,0.9999253857184062,1.0,1438.9796843400009,1000.0,1438.9796843400009,1000.0,0.0,0.0
19204,1711294680000.0,0.0,0.0,0.0,134.7,0.0,0.0,140.87,0.9999253857184062,1.0,1438.9796843400009,1000.0,1438.9796843400009,1000.0,0.0,0.0
19205,1711298280000.0,0.0,0.0,0.0,134.7,0.0,0.0,141.39,0.9999253857184062,1.0,1438.9796843400009,1000.0,1438.9796843400009,1000.0,0.0,0.0
19206,1711301880000.0,0.0,0.0,0.0,134.7,0.0,0.0,142.28,0.9999253857184062,1.0,1438.9796843400009,1000.0,1438.9796843400009,1000.0,0.0,0.0
19207,1711305480000.0,0.0,0.0,0.0,134.7,0.0,0.0,140.15,0.9999253857184062,1.0,1438.9796843400009,1000.0,1438.9796843400009,1000.0,0.0,0.0
19208,1711309080000.0,0.0,0.0,0.0,134.7,0.0,0.0,141.47,0.9999253857184062,1.0,1438.9796843400009,1000.0,1438.9796843400009,1000.0,0.0,0.0
19209,1711312680000.0,0.0,0.0,0.0,134.7,0.0,0.0,142.18,0.9999253857184062,1.0,1438.9796843400009,1000.0,1438.9796843400009,1000.0,0.0,0.0
19210,1711316280000.0,0.0,0.0,0.0,134.7,0.0,0.0,141.67,0.9999253857184062,1.0,1438.9796843400009,1000.0,1438.9796843400009,1000.0,0.0,0.0
19211,1711319880000.0,0.0,0.0,0.0,134.7,0.0,0.0,143.0,0.9999253857184062,1.0,1438.9796843400009,1000.0,1438.9796843400009,1000.0,0.0,0.0
19212,1711323480000.0,0.0,0.0,0.0,134.7,0.0,0.0,142.65,0.9999253857184062,1.0,1438.9796843400009,1000.0,1438.9796843400009,1000.0,0.0,0.0
19213,1711327080000.0,0.0,0.0,0.0,134.7,0.0,0.0,141.64,0.9999253857184062,1.0,1438.9796843400009,1000.0,1438.9796843400009,1000.0,0.0,0.0
19214,1711330680000.0,0.0,0.0,0.0,134.7,0.0,0.0,141.22,0.9999253857184062,1.0,1438.9796843400009,1000.0,1438.9796843400009,1000.0,0.0,0.0
19215,1711334280000.0,0.0,0.0,0.0,134.7,0.0,0.0,140.65,0.9999253857184062,1.0,1438.9796843400009,1000.0,1438.9796843400009,1000.0,0.0,0.0
19216,1711337880000.0,0.0,0.0,0.0,134.7,0.0,0.0,140.33,0.9999253857184062,1.0,1438.9796843400009,1000.0,1438.9796843400009,1000.0,0.0,0.0
19217,1711341480000.0,0.0,0.0,0.0,134.7,0.0,0.0,140.89,0.9999253857184062,1.0,1438.9796843400009,1000.0,1438.9796843400009,1000.0,0.0,0.0
19218,1711345080000.0,0.0,0.0,0.0,134.7,0.0,0.0,141.52,0.9999253857184062,1.0,1438.9796843400009,1000.0,1438.9796843400009,1000.0,0.0,0.0
19219,1711348680000.0,0.0,0.0,0.0,134.7,0.0,0.0,140.86,0.9999253857184062,1.0,1438.9796843400009,1000.0,1438.9796843400009,1000.0,0.0,0.0
19220,1711352280000.0,0.0,0.0,0.0,134.7,0.0,0.0,140.61,0.9999253857184062,1.0,1438.9796843400009,1000.0,1438.9796843400009,1000.0,0.0,0.0
19221,1711355880000.0,0.0,0.0,0.0,134.7,0.0,0.0,141.06,0.9999253857184062,1.0,1438.9796843400009,1000.0,1438.9796843400009,1000.0,0.0,0.0
19222,1711359480000.0,0.0,0.0,0.0,134.7,0.0,0.0,140.27,0.9999253857184062,1.0,1438.9796843400009,1000.0,1438.9796843400009,1000.0,0.0,0.0
19223,1711363080000.0,0.0,0.0,0.0,134.7,0.0,0.0,141.21,0.9999253857184062,1.0,1438.9796843400009,1000.0,1438.9796843400009,1000.0,0.0,0.0
19224,1711366680000.0,0.0,0.0,0.0,134.7,0.0,0.0,141.25,0.9999253857184062,1.0,1438.9796843400009,1000.0,1438.9796843400009,1000.0,0.0,0.0
19225,1711370280000.0,0.0,0.0,0.0,134.7,0.0,0.0,141.38,0.9999253857184062,1.0,1438.9796843400009,1000.0,1438.9796843400009,1000.0,0.0,0.0
19226,1711373880000.0,0.0,0.0,0.0,134.7,0.0,0.0,141.7,0.9999253857184062,1.0,1438.9796843400009,1000.0,1438.9796843400009,1000.0,0.0,0.0
19227,1711377480000.0,0.0,0.0,0.0,134.7,0.0,0.0,142.97,0.9999253857184062,1.0,1438.9796843400009,1000.0,1438.9796843400009,1000.0,0.0,0.0
19228,1711381080000.0,0.0,0.0,0.0,134.7,0.0,0.0,143.03,0.9999253857184062,1.0,1438.9796843400009,1000.0,1438.9796843400009,1000.0,0.0,0.0
19229,1711384680000.0,0.0,0.0,0.0,134.7,0.0,0.0,143.2,0.9999253857184062,1.0,1438.9796843400009,1000.0,1438.9796843400009,1000.0,0.0,0.0
19230,1711388280000.0,0.0,0.0,0.0,134.7,0.0,0.0,143.06,0.9999253857184062,1.0,1438.9796843400009,1000.0,1438.9796843400009,1000.0,0.0,0.0
19231,1711391880000.0,0.0,0.0,0.0,134.7,0.0,0.0,142.73,0.9999253857184062,1.0,1438.9796843400009,1000.0,1438.9796843400009,1000.0,0.0,0.0
19232,1711395480000.0,0.0,0.0,0.0,134.7,0.0,0.0,143.24,0.9999253857184062,1.0,1438.9796843400009,1000.0,1438.9796843400009,1000.0,0.0,0.0
19233,1711399080000.0,0.0,0.0,0.0,134.7,0.0,0.0,142.92,0.9999253857184062,1.0,1438.9796843400009,1000.0,1438.9796843400009,1000.0,0.0,0.0
19234,1711402680000.0,0.0,0.0,0.0,134.7,0.0,0.0,142.55,0.9999253857184062,1.0,1438.9796843400009,1000.0,1438.9796843400009,1000.0,0.0,0.0
19235,1711406280000.0,0.0,0.0,0.0,134.7,0.0,0.0,143.18,0.9999253857184062,1.0,1438.9796843400009,1000.0,1438.9796843400009,1000.0,0.0,0.0
19236,1711409880000.0,0.0,0.0,0.0,134.7,0.0,0.0,142.36,0.9999253857184062,1.0,1438.9796843400009,1000.0,1438.9796843400009,1000.0,0.0,0.0
19237,1711413480000.0,0.0,0.0,0.0,134.7,0.0,0.0,142.99,0.9999253857184062,1.0,1438.9796843400009,1000.0,1438.9796843400009,1000.0,0.0,0.0
19238,1711417080000.0,0.0,0.0,0.0,134.7,0.0,0.0,142.97,0.9999253857184062,1.0,1438.9796843400009,1000.0,1438.9796843400009,1000.0,0.0,0.0
19239,1711420680000.0,0.0,0.0,0.0,134.7,0.0,0.0,143.25,0.9999253857184062,1.0,1438.9796843400009,1000.0,1438.9796843400009,1000.0,0.0,0.0
19240,1711424280000.0,0.0,0.0,0.0,134.7,0.0,0.0,143.68,0.9999253857184062,1.0,1438.9796843400009,1000.0,1438.9796843400009,1000.0,0.0,0.0
19241,1711427880000.0,0.0,0.0,0.0,134.7,0.0,0.0,143.38,0.9999253857184062,1.0,1438.9796843400009,1000.0,1438.9796843400009,1000.0,0.0,0.0
19242,1711431480000.0,0.0,0.0,0.0,134.7,0.0,0.0,143.13,0.9999253857184062,1.0,1438.9796843400009,1000.0,1438.9796843400009,1000.0,0.0,0.0
19243,1711435080000.0,0.0,0.0,0.0,134.7,0.0,0.0,140.02,0.9999253857184062,1.0,1438.9796843400009,1000.0,1438.9796843400009,1000.0,0.0,0.0
19244,1711438680000.0,0.0,0.0,0.0,134.7,0.0,0.0,141.5,0.9999253857184062,1.0,1438.9796843400009,1000.0,1438.9796843400009,1000.0,0.0,0.0
19245,1711442280000.0,0.0,0.0,0.0,134.7,0.0,0.0,141.17,0.9999253857184062,1.0,1438.9796843400009,1000.0,1438.9796843400009,1000.0,0.0,0.0
19246,1711445880000.0,0.0,0.0,0.0,134.7,0.0,0.0,140.91,0.9999253857184062,1.0,1438.9796843400009,1000.0,1438.9796843400009,1000.0,0.0,0.0
19247,1711449480000.0,0.0,0.0,0.0,134.7,0.0,0.0,140.9,0.9999253857184062,1.0,1438.9796843400009,1000.0,1438.9796843400009,1000.0,0.0,0.0
19248,1711453080000.0,0.0,0.0,0.0,134.7,0.0,0.0,140.82,0.9999253857184062,1.0,1438.9796843400009,1000.0,1438.9796843400009,1000.0,0.0,0.0
19249,1711456680000.0,0.0,0.0,0.0,134.7,0.0,0.0,140.83,0.9999253857184062,1.0,1438.9796843400009,1000.0,1438.9796843400009,1000.0,0.0,0.0
19250,1711460280000.0,0.0,0.0,0.0,134.7,0.0,0.0,140.01,0.9999253857184062,1.0,1438.9796843400009,1000.0,1438.9796843400009,1000.0,0.0,0.0
19251,1711463880000.0,0.0,0.0,0.0,134.7,0.0,0.0,139.09,0.9999253857184062,1.0,1438.9796843400009,1000.0,1438.9796843400009,1000.0,0.0,0.0
19252,1711467480000.0,0.0,0.0,0.0,134.7,0.0,0.0,139.41,0.9999253857184062,1.0,1438.9796843400009,1000.0,1438.9796843400009,1000.0,0.0,0.0
19253,1711471080000.0,0.0,0.0,0.0,134.7,0.0,0.0,137.93,0.9999253857184062,1.0,1438.9796843400009,1000.0,1438.9796843400009,1000.0,0.0,0.0
19254,1711474680000.0,0.0,0.0,0.0,134.7,0.0,0.0,138.35,0.9999253857184062,1.0,1438.9796843400009,1000.0,1438.9796843400009,1000.0,0.0,0.0
19255,1711478280000.0,0.0,0.0,0.0,134.7,0.0,0.0,138.32,0.9999253857184062,1.0,1438.9796843400009,1000.0,1438.9796843400009,1000.0,0.0,0.0
19256,1711481880000.0,0.0,0.0,0.42,135.93,0.0,0.0,135.42,0.9999253857184062,1.0,1438.968266220001,1000.0,1438.7540662200008,1000.0,0.03967467618307542,0.0
19257,1711485480000.0,0.0,0.0,0.42,135.93,0.0,0.0,134.1,0.9999253857184062,1.0,1438.968266220001,1000.0,1438.1996662200008,1000.0,0.03967467618307542,0.0
19258,1711489080000.0,0.0,0.0,0.42,135.93,0.0,0.0,135.37,0.9999253857184062,1.0,1438.968266220001,1000.0,1438.7330662200009,1000.0,0.03967467618307542,0.0
19259,1711492680000.0,0.0,0.0,0.42,135.93,0.0,0.0,134.32,0.9999253857184062,1.0,1438.968266220001,1000.0,1438.2920662200008,1000.0,0.03967467618307542,0.0
19260,1711496280000.0,0.0,0.0,0.42,135.93,0.0,0.0,134.94,0.9999253857184062,1.0,1438.968266220001,1000.0,1438.552466220001,1000.0,0.03967467618307542,0.0
19261,1711499880000.0,0.0,0.0,0.42,135.93,0.0,0.0,135.55,0.9999253857184062,1.0,1438.968266220001,1000.0,1438.808666220001,1000.0,0.03967467618307542,0.0
19262,1711503480000.0,0.0,0.0,0.42,135.93,0.0,0.0,136.61,0.9999253857184062,1.0,1438.968266220001,1000.0,1439.2538662200009,1000.0,0.03967467618307542,0.0
19263,1711507080000.0,0.0,0.0,0.42,135.93,0.0,0.0,138.96,0.9999253857184062,1.0,1438.968266220001,1000.0,1440.240866220001,1000.0,0.03967467618307542,0.0
19264,1711510680000.0,0.0,0.0,0.13,135.93,0.0,0.0,138.42,0.9999253857184062,1.0,1440.143345640001,1000.0,1440.4670456400008,1000.0,0.012270236885444928,0.0
19265,1711514280000.0,0.0,0.0,0.13,135.93,0.0,0.0,135.43,0.9999253857184062,1.0,1440.143345640001,1000.0,1440.0783456400009,1000.0,0.012270236885444928,0.0
19266,1711517880000.0,0.0,0.0,0.13,135.93,0.0,0.0,135.52,0.9999253857184062,1.0,1440.143345640001,1000.0,1440.0900456400009,1000.0,0.012270236885444928,0.0
19267,1711521480000.0,0.0,0.0,0.13,135.93,0.0,0.0,136.19,0.9999253857184062,1.0,1440.143345640001,1000.0,1440.1771456400008,1000.0,0.012270236885444928,0.0
19268,1711525080000.0,0.0,0.0,0.13,135.93,0.0,0.0,136.74,0.9999253857184062,1.0,1440.143345640001,1000.0,1440.2486456400009,1000.0,0.012270236885444928,0.0
19269,1711528680000.0,0.0,0.0,0.13,135.93,0.0,0.0,136.07,0.9999253857184062,1.0,1440.143345640001,1000.0,1440.161545640001,1000.0,0.012270236885444928,0.0
19270,1711532280000.0,0.0,0.0,0.13,135.93,0.0,0.0,136.69,0.9999253857184062,1.0,1440.143345640001,1000.0,1440.242145640001,1000.0,0.012270236885444928,0.0
19271,1711535880000.0,0.0,0.0,0.13,135.93,0.0,0.0,137.65,0.9999253857184062,1.0,1440.143345640001,1000.0,1440.366945640001,1000.0,0.012270236885444928,0.0
19272,1711539480000.0,0.0,0.0,0.13,135.93,0.0,0.0,137.82,0.9999253857184062,1.0,1440.143345640001,1000.0,1440.3890456400009,1000.0,0.012270236885444928,0.0
19273,1711543080000.0,0.0,0.0,0.13,135.93,0.0,0.0,138.57,0.9999253857184062,1.0,1440.143345640001,1000.0,1440.486545640001,1000.0,0.012270236885444928,0.0
19274,1711546680000.0,0.0,0.0,0.13,135.93,0.0,0.0,138.79,0.9999253857184062,1.0,1440.143345640001,1000.0,1440.5151456400008,1000.0,0.012270236885444928,0.0
19275,1711550280000.0,0.0,0.0,0.13,135.93,0.0,0.0,138.31,0.9999253857184062,1.0,1440.143345640001,1000.0,1440.452745640001,1000.0,0.012270236885444928,0.0
19276,1711553880000.0,0.0,0.0,0.13,135.93,0.0,0.0,136.96,0.9999253857184062,1.0,1440.143345640001,1000.0,1440.277245640001,1000.0,0.012270236885444928,0.0
19277,1711557480000.0,0.0,0.0,0.13,135.93,0.0,0.0,137.76,0.9999253857184062,1.0,1440.143345640001,1000.0,1440.381245640001,1000.0,0.012270236885444928,0.0
19278,1711561080000.0,0.0,0.0,0.13,135.93,0.0,0.0,137.52,0.9999253857184062,1.0,1440.143345640001,1000.0,1440.3500456400009,1000.0,0.012270236885444928,0.0
19279,1711564680000.0,0.0,0.0,0.13,135.93,0.0,0.0,138.08,0.9999253857184062,1.0,1440.143345640001,1000.0,1440.422845640001,1000.0,0.012270236885444928,0.0
19280,1711568280000.0,0.0,0.0,0.13,135.93,0.0,0.0,138.79,0.9999253857184062,1.0,1440.143345640001,1000.0,1440.5151456400008,1000.0,0.012270236885444928,0.0
19281,1711571880000.0,0.0,0.0,0.13,135.93,0.0,0.0,138.81,0.9999253857184062,1.0,1440.143345640001,1000.0,1440.5177456400008,1000.0,0.012270236885444928,0.0
19282,1711575480000.0,0.0,0.0,0.13,135.93,0.0,0.0,138.82,0.9999253857184062,1.0,1440.143345640001,1000.0,1440.519045640001,1000.0,0.012270236885444928,0.0
19283,1711579080000.0,0.0,0.0,0.13,135.93,0.0,0.0,138.36,0.9999253857184062,1.0,1440.143345640001,1000.0,1440.459245640001,1000.0,0.012270236885444928,0.0
19284,1711582680000.0,0.0,0.0,0.13,135.93,0.0,0.0,137.62,0.9999253857184062,1.0,1440.143345640001,1000.0,1440.363045640001,1000.0,0.012270236885444928,0.0
19285,1711586280000.0,0.0,0.0,0.13,135.93,0.0,0.0,139.18,0.9999253857184062,1.0,1440.143345640001,1000.0,1440.5658456400008,1000.0,0.012270236885444928,0.0
19286,1711589880000.0,0.0,0.0,0.06,135.93,0.0,0.0,138.26,0.9999253857184062,1.0,1440.426985500001,1000.0,1440.5667855000008,1000.0,0.005662071095654292,0.0
19287,1711593480000.0,0.0,0.0,0.06,135.93,0.0,0.0,137.32,0.9999253857184062,1.0,1440.426985500001,1000.0,1440.510385500001,1000.0,0.005662071095654292,0.0
19288,1711597080000.0,0.0,0.0,0.06,135.93,0.0,0.0,137.37,0.9999253857184062,1.0,1440.426985500001,1000.0,1440.5133855000008,1000.0,0.005662071095654292,0.0
19289,1711600680000.0,0.0,0.0,0.06,135.93,0.0,0.0,138.13,0.9999253857184062,1.0,1440.426985500001,1000.0,1440.558985500001,1000.0,0.005662071095654292,0.0
19290,1711604280000.0,0.0,0.0,0.06,135.93,0.0,0.0,137.87,0.9999253857184062,1.0,1440.426985500001,1000.0,1440.543385500001,1000.0,0.005662071095654292,0.0
19291,1711607880000.0,0.0,0.0,0.06,135.93,0.0,0.0,138.38,0.9999253857184062,1.0,1440.426985500001,1000.0,1440.5739855000008,1000.0,0.005662071095654292,0.0
19292,1711611480000.0,0.0,0.0,0.06,135.93,0.0,0.0,138.76,0.9999253857184062,1.0,1440.426985500001,1000.0,1440.5967855000008,1000.0,0.005662071095654292,0.0
19293,1711615080000.0,0.0,0.0,0.06,135.93,0.0,0.0,138.21,0.9999253857184062,1.0,1440.426985500001,1000.0,1440.563785500001,1000.0,0.005662071095654292,0.0
19294,1711618680000.0,0.0,0.0,0.06,135.93,0.0,0.0,138.1,0.9999253857184062,1.0,1440.426985500001,1000.0,1440.557185500001,1000.0,0.005662071095654292,0.0
19295,1711622280000.0,0.0,0.0,0.06,135.93,0.0,0.0,138.16,0.9999253857184062,1.0,1440.426985500001,1000.0,1440.560785500001,1000.0,0.005662071095654292,0.0
19296,1711625880000.0,0.0,0.0,0.06,135.93,0.0,0.0,137.61,0.9999253857184062,1.0,1440.426985500001,1000.0,1440.5277855000008,1000.0,0.005662071095654292,0.0
19297,1711629480000.0,0.0,0.0,0.06,135.93,0.0,0.0,137.28,0.9999253857184062,1.0,1440.426985500001,1000.0,1440.5079855000008,1000.0,0.005662071095654292,0.0
19298,1711633080000.0,0.0,0.0,0.06,135.93,0.0,0.0,136.3,0.9999253857184062,1.0,1440.426985500001,1000.0,1440.449185500001,1000.0,0.005662071095654292,0.0
19299,1711636680000.0,0.0,0.0,0.06,135.93,0.0,0.0,136.73,0.9999253857184062,1.0,1440.426985500001,1000.0,1440.474985500001,1000.0,0.005662071095654292,0.0
19300,1711640280000.0,0.0,0.0,0.06,135.93,0.0,0.0,135.9,0.9999253857184062,1.0,1440.426985500001,1000.0,1440.425185500001,1000.0,0.005662071095654292,0.0
19301,1711643880000.0,0.0,0.0,0.06,135.93,0.0,0.0,136.49,0.9999253857184062,1.0,1440.426985500001,1000.0,1440.460585500001,1000.0,0.005662071095654292,0.0
19302,1711647480000.0,0.0,0.0,0.06,135.93,0.0,0.0,135.52,0.9999253857184062,1.0,1440.426985500001,1000.0,1440.402385500001,1000.0,0.005662071095654292,0.0
19303,1711651080000.0,0.0,0.0,0.06,135.93,0.0,0.0,135.66,0.9999253857184062,1.0,1440.426985500001,1000.0,1440.4107855000009,1000.0,0.005662071095654292,0.0
19304,1711654680000.0,0.0,0.0,0.06,135.93,0.0,0.0,135.66,0.9999253857184062,1.0,1440.426985500001,1000.0,1440.4107855000009,1000.0,0.005662071095654292,0.0
19305,1711658280000.0,0.0,0.0,0.06,135.93,0.0,0.0,135.75,0.9999253857184062,1.0,1440.426985500001,1000.0,1440.416185500001,1000.0,0.005662071095654292,0.0
19306,1711661880000.0,0.0,0.0,0.06,135.93,0.0,0.0,136.95,0.9999253857184062,1.0,1440.426985500001,1000.0,1440.488185500001,1000.0,0.005662071095654292,0.0
19307,1711665480000.0,0.0,0.0,0.06,135.93,0.0,0.0,136.17,0.9999253857184062,1.0,1440.426985500001,1000.0,1440.441385500001,1000.0,0.005662071095654292,0.0
19308,1711669080000.0,0.0,0.0,0.06,135.93,0.0,0.0,135.28,0.9999253857184062,1.0,1440.426985500001,1000.0,1440.387985500001,1000.0,0.005662071095654292,0.0
19309,1711672680000.0,0.0,0.0,0.06,135.93,0.0,0.0,136.46,0.9999253857184062,1.0,1440.426985500001,1000.0,1440.4587855000009,1000.0,0.005662071095654292,0.0
19310,1711676280000.0,0.0,0.0,0.06,135.93,0.0,0.0,136.1,0.9999253857184062,1.0,1440.426985500001,1000.0,1440.4371855000009,1000.0,0.005662071095654292,0.0
19311,1711679880000.0,0.0,0.0,0.06,135.93,0.0,0.0,136.07,0.9999253857184062,1.0,1440.426985500001,1000.0,1440.4353855000008,1000.0,0.005662071095654292,0.0
19312,1711683480000.0,0.0,0.0,0.06,135.93,0.0,0.0,137.2,0.9999253857184062,1.0,1440.426985500001,1000.0,1440.5031855000009,1000.0,0.005662071095654292,0.0
19313,1711687080000.0,0.0,0.0,0.06,135.93,0.0,0.0,136.61,0.9999253857184062,1.0,1440.426985500001,1000.0,1440.467785500001,1000.0,0.005662071095654292,0.0
19314,1711690680000.0,0.0,0.0,0.06,135.93,0.0,0.0,137.02,0.9999253857184062,1.0,1440.426985500001,1000.0,1440.4923855000009,1000.0,0.005662071095654292,0.0
19315,1711694280000.0,0.0,0.0,0.06,135.93,0.0,0.0,136.87,0.9999253857184062,1.0,1440.426985500001,1000.0,1440.4833855000008,1000.0,0.005662071095654292,0.0
19316,1711697880000.0,0.0,0.0,0.06,135.93,0.0,0.0,136.15,0.9999253857184062,1.0,1440.426985500001,1000.0,1440.440185500001,1000.0,0.005662071095654292,0.0
19317,1711701480000.0,0.0,0.0,0.06,135.93,0.0,0.0,136.1,0.9999253857184062,1.0,1440.426985500001,1000.0,1440.4371855000009,1000.0,0.005662071095654292,0.0
19318,1711705080000.0,0.0,0.0,0.06,135.93,0.0,0.0,135.96,0.9999253857184062,1.0,1440.426985500001,1000.0,1440.428785500001,1000.0,0.005662071095654292,0.0
19319,1711708680000.0,0.0,0.0,0.06,135.93,0.0,0.0,136.05,0.9999253857184062,1.0,1440.426985500001,1000.0,1440.434185500001,1000.0,0.005662071095654292,0.0
19320,1711712280000.0,0.0,0.0,0.06,135.93,0.0,0.0,135.5,0.9999253857184062,1.0,1440.426985500001,1000.0,1440.401185500001,1000.0,0.005662071095654292,0.0
19321,1711715880000.0,0.0,0.0,0.06,135.93,0.0,0.0,135.36,0.9999253857184062,1.0,1440.426985500001,1000.0,1440.3927855000009,1000.0,0.005662071095654292,0.0
19322,1711719480000.0,0.0,0.0,0.06,135.93,0.0,0.0,135.51,0.9999253857184062,1.0,1440.426985500001,1000.0,1440.4017855000009,1000.0,0.005662071095654292,0.0
19323,1711723080000.0,0.0,0.0,0.06,135.93,0.0,0.0,134.24,0.9999253857184062,1.0,1440.426985500001,1000.0,1440.325585500001,1000.0,0.005662071095654292,0.0
19324,1711726680000.0,0.0,0.0,0.06,135.93,0.0,0.0,133.23,0.9999253857184062,1.0,1440.426985500001,1000.0,1440.2649855000009,1000.0,0.005662071095654292,0.0
19325,1711730280000.0,0.0,0.0,0.06,135.93,0.0,0.0,132.28,0.9999253857184062,1.0,1440.426985500001,1000.0,1440.2079855000009,1000.0,0.005662071095654292,0.0
19326,1711733880000.0,0.0,0.0,0.06,135.93,0.0,0.0,131.59,0.9999253857184062,1.0,1440.426985500001,1000.0,1440.166585500001,1000.0,0.005662071095654292,0.0
19327,1711737480000.0,0.0,0.0,0.44,131.4390909090909,0.0,0.0,130.65,0.9999253857184062,1.0,1440.417050020001,1000.0,1440.069850020001,1000.0,0.04015031618738264,0.0
19328,1711741080000.0,0.0,0.0,0.44,131.4390909090909,0.0,0.0,131.4,0.9999253857184062,1.0,1440.417050020001,1000.0,1440.399850020001,1000.0,0.04015031618738264,0.0
19329,1711744680000.0,0.0,0.0,0.44,131.4390909090909,0.0,0.0,133.07,0.9999253857184062,1.0,1440.417050020001,1000.0,1441.134650020001,1000.0,0.04015031618738264,0.0
19330,1711748280000.0,0.0,0.0,0.44,131.4390909090909,0.0,0.0,131.88,0.9999253857184062,1.0,1440.417050020001,1000.0,1440.611050020001,1000.0,0.04015031618738264,0.0
19331,1711751880000.0,0.0,0.0,0.44,131.4390909090909,0.0,0.0,132.85,0.9999253857184062,1.0,1440.417050020001,1000.0,1441.0378500200009,1000.0,0.04015031618738264,0.0
19332,1711755480000.0,0.0,0.0,0.44,131.4390909090909,0.0,0.0,133.32,0.9999253857184062,1.0,1440.417050020001,1000.0,1441.244650020001,1000.0,0.04015031618738264,0.0
19333,1711759080000.0,0.0,0.0,0.44,131.4390909090909,0.0,0.0,133.22,0.9999253857184062,1.0,1440.417050020001,1000.0,1441.200650020001,1000.0,0.04015031618738264,0.0
19334,1711762680000.0,0.0,0.0,0.44,131.4390909090909,0.0,0.0,133.5,0.9999253857184062,1.0,1440.417050020001,1000.0,1441.323850020001,1000.0,0.04015031618738264,0.0
19335,1711766280000.0,0.0,0.0,0.44,131.4390909090909,0.0,0.0,133.53,0.9999253857184062,1.0,1440.417050020001,1000.0,1441.337050020001,1000.0,0.04015031618738264,0.0
19336,1711769880000.0,0.0,0.0,0.44,131.4390909090909,0.0,0.0,133.66,0.9999253857184062,1.0,1440.417050020001,1000.0,1441.394250020001,1000.0,0.04015031618738264,0.0
19337,1711773480000.0,0.0,0.0,0.44,131.4390909090909,0.0,0.0,133.33,0.9999253857184062,1.0,1440.417050020001,1000.0,1441.249050020001,1000.0,0.04015031618738264,0.0
19338,1711777080000.0,0.0,0.0,0.44,131.4390909090909,0.0,0.0,133.37,0.9999253857184062,1.0,1440.417050020001,1000.0,1441.266650020001,1000.0,0.04015031618738264,0.0
19339,1711780680000.0,0.0,0.0,0.44,131.4390909090909,0.0,0.0,133.05,0.9999253857184062,1.0,1440.417050020001,1000.0,1441.125850020001,1000.0,0.04015031618738264,0.0
19340,1711784280000.0,0.0,0.0,0.44,131.4390909090909,0.0,0.0,132.84,0.9999253857184062,1.0,1440.417050020001,1000.0,1441.033450020001,1000.0,0.04015031618738264,0.0
19341,1711787880000.0,0.0,0.0,0.44,131.4390909090909,0.0,0.0,132.5,0.9999253857184062,1.0,1440.417050020001,1000.0,1440.8838500200009,1000.0,0.04015031618738264,0.0
19342,1711791480000.0,0.0,0.0,0.44,131.4390909090909,0.0,0.0,131.73,0.9999253857184062,1.0,1440.417050020001,1000.0,1440.5450500200009,1000.0,0.04015031618738264,0.0
19343,1711795080000.0,0.0,0.0,0.44,131.4390909090909,0.0,0.0,130.71,0.9999253857184062,1.0,1440.417050020001,1000.0,1440.096250020001,1000.0,0.04015031618738264,0.0
19344,1711798680000.0,0.0,0.0,0.44,131.4390909090909,0.0,0.0,131.19,0.9999253857184062,1.0,1440.417050020001,1000.0,1440.307450020001,1000.0,0.04015031618738264,0.0
19345,1711802280000.0,0.0,0.0,0.44,131.4390909090909,0.0,0.0,131.98,0.9999253857184062,1.0,1440.417050020001,1000.0,1440.655050020001,1000.0,0.04015031618738264,0.0
19346,1711805880000.0,0.0,0.0,0.44,131.4390909090909,0.0,0.0,130.4,0.9999253857184062,1.0,1440.417050020001,1000.0,1439.9598500200009,1000.0,0.04015031618738264,0.0
19347,1711809480000.0,0.0,0.0,0.44,131.4390909090909,0.0,0.0,131.55,0.9999253857184062,1.0,1440.417050020001,1000.0,1440.465850020001,1000.0,0.04015031618738264,0.0
19348,1711813080000.0,0.0,0.0,0.44,131.4390909090909,0.0,0.0,131.7,0.9999253857184062,1.0,1440.417050020001,1000.0,1440.531850020001,1000.0,0.04015031618738264,0.0
19349,1711816680000.0,0.0,0.0,0.44,131.4390909090909,0.0,0.0,131.53,0.9999253857184062,1.0,1440.417050020001,1000.0,1440.457050020001,1000.0,0.04015031618738264,0.0
19350,1711820280000.0,0.0,0.0,0.44,131.4390909090909,0.0,0.0,129.69,0.9999253857184062,1.0,1440.417050020001,1000.0,1439.6474500200009,1000.0,0.04015031618738264,0.0
19351,1711823880000.0,0.0,0.0,0.44,131.4390909090909,0.0,0.0,129.67,0.9999253857184062,1.0,1440.417050020001,1000.0,1439.638650020001,1000.0,0.04015031618738264,0.0
19352,1711827480000.0,0.0,0.0,0.44,131.4390909090909,0.0,0.0,128.53,0.9999253857184062,1.0,1440.417050020001,1000.0,1439.137050020001,1000.0,0.04015031618738264,0.0
19353,1711831080000.0,0.0,0.0,0.44,131.4390909090909,0.0,0.0,128.01,0.9999253857184062,1.0,1440.417050020001,1000.0,1438.9082500200009,1000.0,0.04015031618738264,0.0
19354,1711834680000.0,0.0,0.0,0.44,131.4390909090909,0.0,0.0,128.24,0.9999253857184062,1.0,1440.417050020001,1000.0,1439.009450020001,1000.0,0.04015031618738264,0.0
19355,1711838280000.0,0.0,0.0,0.44,131.4390909090909,0.0,0.0,128.77,0.9999253857184062,1.0,1440.417050020001,1000.0,1439.2426500200008,1000.0,0.04015031618738264,0.0
19356,1711841880000.0,0.0,0.0,0.44,131.4390909090909,0.0,0.0,129.21,0.9999253857184062,1.0,1440.417050020001,1000.0,1439.436250020001,1000.0,0.04015031618738264,0.0
19357,1711845480000.0,0.0,0.0,0.44,131.4390909090909,0.0,0.0,129.34,0.9999253857184062,1.0,1440.417050020001,1000.0,1439.4934500200009,1000.0,0.04015031618738264,0.0
19358,1711849080000.0,0.0,0.0,0.44,131.4390909090909,0.0,0.0,128.49,0.9999253857184062,1.0,1440.417050020001,1000.0,1439.1194500200008,1000.0,0.04015031618738264,0.0
19359,1711852680000.0,0.0,0.0,0.44,131.4390909090909,0.0,0.0,128.68,0.9999253857184062,1.0,1440.417050020001,1000.0,1439.203050020001,1000.0,0.04015031618738264,0.0
19360,1711856280000.0,0.0,0.0,0.44,131.4390909090909,0.0,0.0,129.01,0.9999253857184062,1.0,1440.417050020001,1000.0,1439.348250020001,1000.0,0.04015031618738264,0.0
19361,1711859880000.0,0.0,0.0,0.44,131.4390909090909,0.0,0.0,129.14,0.9999253857184062,1.0,1440.417050020001,1000.0,1439.405450020001,1000.0,0.04015031618738264,0.0
19362,1711863480000.0,0.0,0.0,0.44,131.4390909090909,0.0,0.0,130.2,0.9999253857184062,1.0,1440.417050020001,1000.0,1439.871850020001,1000.0,0.04015031618738264,0.0
19363,1711867080000.0,0.0,0.0,0.44,131.4390909090909,0.0,0.0,129.81,0.9999253857184062,1.0,1440.417050020001,1000.0,1439.700250020001,1000.0,0.04015031618738264,0.0
19364,1711870680000.0,0.0,0.0,0.44,131.4390909090909,0.0,0.0,129.24,0.9999253857184062,1.0,1440.417050020001,1000.0,1439.449450020001,1000.0,0.04015031618738264,0.0
19365,1711874280000.0,0.0,0.0,0.44,131.4390909090909,0.0,0.0,129.61,0.9999253857184062,1.0,1440.417050020001,1000.0,1439.612250020001,1000.0,0.04015031618738264,0.0
19366,1711877880000.0,0.0,0.0,0.44,131.4390909090909,0.0,0.0,129.49,0.9999253857184062,1.0,1440.417050020001,1000.0,1439.559450020001,1000.0,0.04015031618738264,0.0
19367,1711881480000.0,0.0,0.0,0.44,131.4390909090909,0.0,0.0,128.95,0.9999253857184062,1.0,1440.417050020001,1000.0,1439.321850020001,1000.0,0.04015031618738264,0.0
19368,1711885080000.0,0.0,0.0,0.44,131.4390909090909,0.0,0.0,128.49,0.9999253857184062,1.0,1440.417050020001,1000.0,1439.1194500200008,1000.0,0.04015031618738264,0.0
19369,1711888680000.0,0.0,0.0,0.44,131.4390909090909,0.0,0.0,128.13,0.9999253857184062,1.0,1440.417050020001,1000.0,1438.961050020001,1000.0,0.04015031618738264,0.0
19370,1711892280000.0,0.0,0.0,0.44,131.4390909090909,0.0,0.0,128.31,0.9999253857184062,1.0,1440.417050020001,1000.0,1439.040250020001,1000.0,0.04015031618738264,0.0
19371,1711895880000.0,0.0,0.0,0.44,131.4390909090909,0.0,0.0,128.56,0.9999253857184062,1.0,1440.417050020001,1000.0,1439.1502500200008,1000.0,0.04015031618738264,0.0
19372,1711899480000.0,0.0,0.0,0.44,131.4390909090909,0.0,0.0,128.99,0.9999253857184062,1.0,1440.417050020001,1000.0,1439.3394500200009,1000.0,0.04015031618738264,0.0
19373,1711903080000.0,0.0,0.0,0.44,131.4390909090909,0.0,0.0,128.94,0.9999253857184062,1.0,1440.417050020001,1000.0,1439.317450020001,1000.0,0.04015031618738264,0.0
19374,1711906680000.0,0.0,0.0,0.44,131.4390909090909,0.0,0.0,128.92,0.9999253857184062,1.0,1440.417050020001,1000.0,1439.3086500200009,1000.0,0.04015031618738264,0.0
19375,1711910280000.0,0.0,0.0,0.44,131.4390909090909,0.0,0.0,128.91,0.9999253857184062,1.0,1440.417050020001,1000.0,1439.3042500200008,1000.0,0.04015031618738264,0.0
19376,1711913880000.0,0.0,0.0,0.44,131.4390909090909,0.0,0.0,128.42,0.9999253857184062,1.0,1440.417050020001,1000.0,1439.0886500200008,1000.0,0.04015031618738264,0.0
19377,1711917480000.0,0.0,0.0,0.44,131.4390909090909,0.0,0.0,128.31,0.9999253857184062,1.0,1440.417050020001,1000.0,1439.040250020001,1000.0,0.04015031618738264,0.0
19378,1711921080000.0,0.0,0.0,0.44,131.4390909090909,0.0,0.0,128.03,0.9999253857184062,1.0,1440.417050020001,1000.0,1438.917050020001,1000.0,0.04015031618738264,0.0
19379,1711924680000.0,0.0,0.0,0.44,131.4390909090909,0.0,0.0,128.28,0.9999253857184062,1.0,1440.417050020001,1000.0,1439.0270500200008,1000.0,0.04015031618738264,0.0
19380,1711928280000.0,0.0,0.0,0.44,131.4390909090909,0.0,0.0,128.36,0.9999253857184062,1.0,1440.417050020001,1000.0,1439.0622500200009,1000.0,0.04015031618738264,0.0
19381,1711931880000.0,0.0,0.0,0.44,131.4390909090909,0.0,0.0,128.53,0.9999253857184062,1.0,1440.417050020001,1000.0,1439.137050020001,1000.0,0.04015031618738264,0.0
19382,1711935480000.0,0.0,0.0,0.44,131.4390909090909,0.0,0.0,128.11,0.9999253857184062,1.0,1440.417050020001,1000.0,1438.952250020001,1000.0,0.04015031618738264,0.0
19383,1711939080000.0,0.0,0.0,0.44,131.4390909090909,0.0,0.0,128.51,0.9999253857184062,1.0,1440.417050020001,1000.0,1439.128250020001,1000.0,0.04015031618738264,0.0
19384,1711942680000.0,0.0,0.0,0.44,131.4390909090909,0.0,0.0,129.04,0.9999253857184062,1.0,1440.417050020001,1000.0,1439.361450020001,1000.0,0.04015031618738264,0.0
19385,1711946280000.0,0.0,0.0,0.44,131.4390909090909,0.0,0.0,128.21,0.9999253857184062,1.0,1440.417050020001,1000.0,1438.9962500200008,1000.0,0.04015031618738264,0.0
19386,1711949880000.0,0.0,0.0,0.9,128.63866666666667,0.0,0.0,125.67,0.9999253857184062,1.0,1440.4054617000008,1000.0,1437.7336617000008,1000.0,0.0803765349954726,0.0
19387,1711953480000.0,0.0,0.0,2.03,123.23029556650249,0.0,0.0,123.61,0.9999253857184062,1.0,1440.3785851600007,1000.0,1441.1493851600007,1000.0,0.17367482589461847,0.0
19388,1711957080000.0,0.0,0.0,2.03,123.23029556650249,0.0,0.0,123.36,0.9999253857184062,1.0,1440.3785851600007,1000.0,1440.6418851600006,1000.0,0.17367482589461847,0.0
19389,1711960680000.0,0.0,0.0,2.03,123.23029556650249,0.0,0.0,123.15,0.9999253857184062,1.0,1440.3785851600007,1000.0,1440.2155851600007,1000.0,0.17367482589461847,0.0
19390,1711964280000.0,0.0,0.0,2.03,123.23029556650249,0.0,0.0,122.41,0.9999253857184062,1.0,1440.3785851600007,1000.0,1438.7133851600006,1000.0,0.17367482589461847,0.0
19391,1711967880000.0,0.0,0.0,2.03,123.23029556650249,0.0,0.0,122.88,0.9999253857184062,1.0,1440.3785851600007,1000.0,1439.6674851600008,1000.0,0.17367482589461847,0.0
19392,1711971480000.0,0.0,0.0,2.03,123.23029556650249,0.0,0.0,124.6,0.9999253857184062,1.0,1440.3785851600007,1000.0,1443.1590851600006,1000.0,0.17367482589461847,0.0
19393,1711975080000.0,0.0,0.0,2.03,123.23029556650249,0.0,0.0,126.11,0.9999253857184062,1.0,1440.3785851600007,1000.0,1446.2243851600008,1000.0,0.17367482589461847,0.0
19394,1711978680000.0,0.0,0.0,2.03,123.23029556650249,0.0,0.0,126.66,0.9999253857184062,1.0,1440.3785851600007,1000.0,1447.3408851600007,1000.0,0.17367482589461847,0.0
19395,1711982280000.0,0.0,0.0,2.03,123.23029556650249,0.0,0.0,123.64,0.9999253857184062,1.0,1440.3785851600007,1000.0,1441.2102851600007,1000.0,0.17367482589461847,0.0
19396,1711985880000.0,0.0,0.0,2.03,123.23029556650249,0.0,0.0,122.82,0.9999253857184062,1.0,1440.3785851600007,1000.0,1439.5456851600006,1000.0,0.17367482589461847,0.0
19397,1711989480000.0,0.0,0.0,2.03,123.23029556650249,0.0,0.0,122.33,0.9999253857184062,1.0,1440.3785851600007,1000.0,1438.5509851600007,1000.0,0.17367482589461847,0.0
19398,1711993080000.0,0.0,0.0,2.03,123.23029556650249,0.0,0.0,121.36,0.9999253857184062,1.0,1440.3785851600007,1000.0,1436.5818851600006,1000.0,0.17367482589461847,0.0
19399,1711996680000.0,0.0,0.0,2.03,123.23029556650249,0.0,0.0,120.39,0.9999253857184062,1.0,1440.3785851600007,1000.0,1434.6127851600006,1000.0,0.17367482589461847,0.0
19400,1712000280000.0,0.0,0.0,2.03,123.23029556650249,0.0,0.0,123.05,0.9999253857184062,1.0,1440.3785851600007,1000.0,1440.0125851600008,1000.0,0.17367482589461847,0.0
19401,1712003880000.0,0.0,0.0,2.03,123.23029556650249,0.0,0.0,124.55,0.9999253857184062,1.0,1440.3785851600007,1000.0,1443.0575851600006,1000.0,0.17367482589461847,0.0
19402,1712007480000.0,0.0,0.0,2.03,123.23029556650249,0.0,0.0,123.2,0.9999253857184062,1.0,1440.3785851600007,1000.0,1440.3170851600007,1000.0,0.17367482589461847,0.0
19403,1712011080000.0,0.0,0.0,2.03,123.23029556650249,0.0,0.0,123.67,0.9999253857184062,1.0,1440.3785851600007,1000.0,1441.2711851600006,1000.0,0.17367482589461847,0.0
19404,1712014680000.0,0.0,0.0,2.03,123.23029556650249,0.0,0.0,124.11,0.9999253857184062,1.0,1440.3785851600007,1000.0,1442.1643851600006,1000.0,0.17367482589461847,0.0
19405,1712018280000.0,0.0,0.0,2.03,123.23029556650249,0.0,0.0,122.39,0.9999253857184062,1.0,1440.3785851600007,1000.0,1438.6727851600008,1000.0,0.17367482589461847,0.0
19406,1712021880000.0,0.0,0.0,2.03,123.23029556650249,0.0,0.0,123.23,0.9999253857184062,1.0,1440.3785851600007,1000.0,1440.3779851600007,1000.0,0.17367482589461847,0.0
19407,1712025480000.0,0.0,0.0,2.03,123.23029556650249,0.0,0.0,119.04,0.9999253857184062,1.0,1440.3785851600007,1000.0,1431.8722851600007,1000.0,0.17367482589461847,0.0
19408,1712029080000.0,0.0,0.0,2.03,123.23029556650249,0.0,0.0,119.23,0.9999253857184062,1.0,1440.3785851600007,1000.0,1432.2579851600008,1000.0,0.17367482589461847,0.0
19409,1712032680000.0,0.0,0.0,2.03,123.23029556650249,0.0,0.0,120.23,0.9999253857184062,1.0,1440.3785851600007,1000.0,1434.2879851600007,1000.0,0.17367482589461847,0.0
19410,1712036280000.0,0.0,0.0,2.03,123.23029556650249,0.0,0.0,119.05,0.9999253857184062,1.0,1440.3785851600007,1000.0,1431.8925851600006,1000.0,0.17367482589461847,0.0
19411,1712039880000.0,0.0,0.0,2.03,123.23029556650249,0.0,0.0,120.63,0.9999253857184062,1.0,1440.3785851600007,1000.0,1435.0999851600006,1000.0,0.17367482589461847,0.0
19412,1712043480000.0,0.0,0.0,2.03,123.23029556650249,0.0,0.0,120.97,0.9999253857184062,1.0,1440.3785851600007,1000.0,1435.7901851600006,1000.0,0.17367482589461847,0.0
19413,1712047080000.0,0.0,0.0,2.03,123.23029556650249,0.0,0.0,119.07,0.9999253857184062,1.0,1440.3785851600007,1000.0,1431.9331851600007,1000.0,0.17367482589461847,0.0
19414,1712050680000.0,0.0,0.0,2.03,123.23029556650249,0.0,0.0,119.69,0.9999253857184062,1.0,1440.3785851600007,1000.0,1433.1917851600008,1000.0,0.17367482589461847,0.0
19415,1712054280000.0,0.0,0.0,2.03,123.23029556650249,0.0,0.0,120.75,0.9999253857184062,1.0,1440.3785851600007,1000.0,1435.3435851600007,1000.0,0.17367482589461847,0.0
19416,1712057880000.0,0.0,0.0,2.03,123.23029556650249,0.0,0.0,119.74,0.9999253857184062,1.0,1440.3785851600007,1000.0,1433.2932851600008,1000.0,0.17367482589461847,0.0
19417,1712061480000.0,0.0,0.0,2.03,123.23029556650249,0.0,0.0,119.25,0.9999253857184062,1.0,1440.3785851600007,1000.0,1432.2985851600006,1000.0,0.17367482589461847,0.0
19418,1712065080000.0,0.0,0.0,2.03,123.23029556650249,0.0,0.0,117.54,0.9999253857184062,1.0,1440.3785851600007,1000.0,1428.8272851600007,1000.0,0.17367482589461847,0.0
19419,1712068680000.0,0.0,0.0,2.03,123.23029556650249,0.0,0.0,119.45,0.9999253857184062,1.0,1440.3785851600007,1000.0,1432.7045851600008,1000.0,0.17367482589461847,0.0
19420,1712072280000.0,0.0,0.0,2.03,123.23029556650249,0.0,0.0,119.81,0.9999253857184062,1.0,1440.3785851600007,1000.0,1433.4353851600006,1000.0,0.17367482589461847,0.0
19421,1712075880000.0,0.0,0.0,2.03,123.23029556650249,0.0,0.0,120.98,0.9999253857184062,1.0,1440.3785851600007,1000.0,1435.8104851600008,1000.0,0.17367482589461847,0.0
19422,1712079480000.0,0.0,0.0,2.03,123.23029556650249,0.0,0.0,120.21,0.9999253857184062,1.0,1440.3785851600007,1000.0,1434.2473851600007,1000.0,0.17367482589461847,0.0
19423,1712083080000.0,0.0,0.0,2.03,123.23029556650249,0.0,0.0,121.55,0.9999253857184062,1.0,1440.3785851600007,1000.0,1436.9675851600007,1000.0,0.17367482589461847,0.0
19424,1712086680000.0,0.0,0.0,2.03,123.23029556650249,0.0,0.0,122.36,0.9999253857184062,1.0,1440.3785851600007,1000.0,1438.6118851600006,1000.0,0.17367482589461847,0.0
19425,1712090280000.0,0.0,0.0,2.03,123.23029556650249,0.0,0.0,121.58,0.9999253857184062,1.0,1440.3785851600007,1000.0,1437.0284851600006,1000.0,0.17367482589461847,0.0
19426,1712093880000.0,0.0,0.0,2.03,123.23029556650249,0.0,0.0,121.62,0.9999253857184062,1.0,1440.3785851600007,1000.0,1437.1096851600007,1000.0,0.17367482589461847,0.0
19427,1712097480000.0,0.0,0.0,2.03,123.23029556650249,0.0,0.0,122.23,0.9999253857184062,1.0,1440.3785851600007,1000.0,1438.3479851600007,1000.0,0.17367482589461847,0.0
19428,1712101080000.0,0.0,0.0,2.03,123.23029556650249,0.0,0.0,122.2,0.9999253857184062,1.0,1440.3785851600007,1000.0,1438.2870851600007,1000.0,0.17367482589461847,0.0
19429,1712104680000.0,0.0,0.0,2.03,123.23029556650249,0.0,0.0,120.38,0.9999253857184062,1.0,1440.3785851600007,1000.0,1434.5924851600007,1000.0,0.17367482589461847,0.0
19430,1712108280000.0,0.0,0.0,2.03,123.23029556650249,0.0,0.0,122.45,0.9999253857184062,1.0,1440.3785851600007,1000.0,1438.7945851600007,1000.0,0.17367482589461847,0.0
19431,1712111880000.0,0.0,0.0,2.03,123.23029556650249,0.0,0.0,123.16,0.9999253857184062,1.0,1440.3785851600007,1000.0,1440.2358851600006,1000.0,0.17367482589461847,0.0
19432,1712115480000.0,0.0,0.0,2.03,123.23029556650249,0.0,0.0,122.53,0.9999253857184062,1.0,1440.3785851600007,1000.0,1438.9569851600006,1000.0,0.17367482589461847,0.0
19433,1712119080000.0,0.0,0.0,2.03,123.23029556650249,0.0,0.0,122.61,0.9999253857184062,1.0,1440.3785851600007,1000.0,1439.1193851600008,1000.0,0.17367482589461847,0.0
19434,1712122680000.0,0.0,0.0,2.03,123.23029556650249,0.0,0.0,122.71,0.9999253857184062,1.0,1440.3785851600007,1000.0,1439.3223851600007,1000.0,0.17367482589461847,0.0
19435,1712126280000.0,0.0,0.0,2.03,123.23029556650249,0.0,0.0,123.22,0.9999253857184062,1.0,1440.3785851600007,1000.0,1440.3576851600008,1000.0,0.17367482589461847,0.0
19436,1712129880000.0,0.0,0.0,2.03,123.23029556650249,0.0,0.0,122.96,0.9999253857184062,1.0,1440.3785851600007,1000.0,1439.8298851600007,1000.0,0.17367482589461847,0.0
19437,1712133480000.0,0.0,0.0,2.03,123.23029556650249,0.0,0.0,124.31,0.9999253857184062,1.0,1440.3785851600007,1000.0,1442.5703851600008,1000.0,0.17367482589461847,0.0
19438,1712137080000.0,0.0,0.0,2.03,123.23029556650249,0.0,0.0,124.2,0.9999253857184062,1.0,1440.3785851600007,1000.0,1442.3470851600007,1000.0,0.17367482589461847,0.0
19439,1712140680000.0,0.0,0.0,2.03,123.23029556650249,0.0,0.0,123.42,0.9999253857184062,1.0,1440.3785851600007,1000.0,1440.7636851600007,1000.0,0.17367482589461847,0.0
19440,1712144280000.0,0.0,0.0,2.03,123.23029556650249,0.0,0.0,123.63,0.9999253857184062,1.0,1440.3785851600007,1000.0,1441.1899851600006,1000.0,0.17367482589461847,0.0
19441,1712147880000.0,0.0,0.0,2.03,123.23029556650249,0.0,0.0,123.04,0.9999253857184062,1.0,1440.3785851600007,1000.0,1439.9922851600006,1000.0,0.17367482589461847,0.0
19442,1712151480000.0,0.0,0.0,2.03,123.23029556650249,0.0,0.0,123.59,0.9999253857184062,1.0,1440.3785851600007,1000.0,1441.1087851600007,1000.0,0.17367482589461847,0.0
19443,1712155080000.0,0.0,0.0,2.03,123.23029556650249,0.0,0.0,124.29,0.9999253857184062,1.0,1440.3785851600007,1000.0,1442.5297851600008,1000.0,0.17367482589461847,0.0
19444,1712158680000.0,0.0,0.0,2.03,123.23029556650249,0.0,0.0,124.34,0.9999253857184062,1.0,1440.3785851600007,1000.0,1442.6312851600007,1000.0,0.17367482589461847,0.0
19445,1712162280000.0,0.0,0.0,2.03,123.23029556650249,0.0,0.0,125.43,0.9999253857184062,1.0,1440.3785851600007,1000.0,1444.8439851600008,1000.0,0.17367482589461847,0.0
19446,1712165880000.0,0.0,0.0,0.41,123.23029556650249,0.0,0.0,127.33,0.9999253857184062,1.0,1446.3309810222668,1000.0,1448.0118598400009,1000.0,0.03493282094154918,0.0
19447,1712169480000.0,0.0,0.0,0.04,123.23029556650249,0.0,0.0,127.42,0.9999253857184062,1.0,1447.6904788426607,1000.0,1447.8580670200006,1000.0,0.0034048796304861385,0.0
19448,1712173080000.0,0.0,0.0,0.0,123.23029556650249,0.0,0.0,124.62,0.9999253857184062,1.0,1447.8374515800012,1000.0,1447.8374515800012,1000.0,0.0,0.0
19449,1712176680000.0,0.0,0.0,0.0,123.23029556650249,0.0,0.0,125.31,0.9999253857184062,1.0,1447.8374515800012,1000.0,1447.8374515800012,1000.0,0.0,0.0
19450,1712180280000.0,0.0,0.0,0.0,123.23029556650249,0.0,0.0,124.59,0.9999253857184062,1.0,1447.8374515800012,1000.0,1447.8374515800012,1000.0,0.0,0.0
19451,1712183880000.0,0.0,0.0,0.0,123.23029556650249,0.0,0.0,128.14,0.9999253857184062,1.0,1447.8374515800012,1000.0,1447.8374515800012,1000.0,0.0,0.0
19452,1712187480000.0,0.0,0.0,0.0,123.23029556650249,0.0,0.0,128.71,0.9999253857184062,1.0,1447.8374515800012,1000.0,1447.8374515800012,1000.0,0.0,0.0
19453,1712191080000.0,0.0,0.0,0.0,123.23029556650249,0.0,0.0,129.11,0.9999253857184062,1.0,1447.8374515800012,1000.0,1447.8374515800012,1000.0,0.0,0.0
19454,1712194680000.0,0.0,0.0,0.0,123.23029556650249,0.0,0.0,129.56,0.9999253857184062,1.0,1447.8374515800012,1000.0,1447.8374515800012,1000.0,0.0,0.0
19455,1712198280000.0,0.0,0.0,0.0,123.23029556650249,0.0,0.0,129.14,0.9999253857184062,1.0,1447.8374515800012,1000.0,1447.8374515800012,1000.0,0.0,0.0
19456,1712201880000.0,0.0,0.0,0.0,123.23029556650249,0.0,0.0,127.68,0.9999253857184062,1.0,1447.8374515800012,1000.0,1447.8374515800012,1000.0,0.0,0.0
19457,1712205480000.0,0.0,0.0,0.0,123.23029556650249,0.0,0.0,128.12,0.9999253857184062,1.0,1447.8374515800012,1000.0,1447.8374515800012,1000.0,0.0,0.0
19458,1712209080000.0,0.0,0.0,0.0,123.23029556650249,0.0,0.0,129.11,0.9999253857184062,1.0,1447.8374515800012,1000.0,1447.8374515800012,1000.0,0.0,0.0
19459,1712212680000.0,0.0,0.0,0.0,123.23029556650249,0.0,0.0,130.85,0.9999253857184062,1.0,1447.8374515800012,1000.0,1447.8374515800012,1000.0,0.0,0.0
19460,1712216280000.0,0.0,0.0,0.0,123.23029556650249,0.0,0.0,130.72,0.9999253857184062,1.0,1447.8374515800012,1000.0,1447.8374515800012,1000.0,0.0,0.0
19461,1712219880000.0,0.0,0.0,0.0,123.23029556650249,0.0,0.0,130.67,0.9999253857184062,1.0,1447.8374515800012,1000.0,1447.8374515800012,1000.0,0.0,0.0
19462,1712223480000.0,0.0,0.0,0.0,123.23029556650249,0.0,0.0,130.3,0.9999253857184062,1.0,1447.8374515800012,1000.0,1447.8374515800012,1000.0,0.0,0.0
19463,1712227080000.0,0.0,0.0,0.0,123.23029556650249,0.0,0.0,129.47,0.9999253857184062,1.0,1447.8374515800012,1000.0,1447.8374515800012,1000.0,0.0,0.0
19464,1712230680000.0,0.0,0.0,0.0,123.23029556650249,0.0,0.0,130.22,0.9999253857184062,1.0,1447.8374515800012,1000.0,1447.8374515800012,1000.0,0.0,0.0
19465,1712234280000.0,0.0,0.0,0.0,123.23029556650249,0.0,0.0,129.44,0.9999253857184062,1.0,1447.8374515800012,1000.0,1447.8374515800012,1000.0,0.0,0.0
19466,1712237880000.0,0.0,0.0,0.0,123.23029556650249,0.0,0.0,129.79,0.9999253857184062,1.0,1447.8374515800012,1000.0,1447.8374515800012,1000.0,0.0,0.0
19467,1712241480000.0,0.0,0.0,0.0,123.23029556650249,0.0,0.0,129.95,0.9999253857184062,1.0,1447.8374515800012,1000.0,1447.8374515800012,1000.0,0.0,0.0
19468,1712245080000.0,0.0,0.0,0.0,123.23029556650249,0.0,0.0,128.89,0.9999253857184062,1.0,1447.8374515800012,1000.0,1447.8374515800012,1000.0,0.0,0.0
19469,1712248680000.0,0.0,0.0,0.0,123.23029556650249,0.0,0.0,128.51,0.9999253857184062,1.0,1447.8374515800012,1000.0,1447.8374515800012,1000.0,0.0,0.0
19470,1712252280000.0,0.0,0.0,0.0,123.23029556650249,0.0,0.0,128.57,0.9999253857184062,1.0,1447.8374515800012,1000.0,1447.8374515800012,1000.0,0.0,0.0
19471,1712255880000.0,0.0,0.0,0.0,123.23029556650249,0.0,0.0,130.61,0.9999253857184062,1.0,1447.8374515800012,1000.0,1447.8374515800012,1000.0,0.0,0.0
19472,1712259480000.0,0.0,0.0,0.0,123.23029556650249,0.0,0.0,130.95,0.9999253857184062,1.0,1447.8374515800012,1000.0,1447.8374515800012,1000.0,0.0,0.0
19473,1712263080000.0,0.0,0.0,0.0,123.23029556650249,0.0,0.0,131.22,0.9999253857184062,1.0,1447.8374515800012,1000.0,1447.8374515800012,1000.0,0.0,0.0
19474,1712266680000.0,0.0,0.0,0.0,123.23029556650249,0.0,0.0,130.83,0.9999253857184062,1.0,1447.8374515800012,1000.0,1447.8374515800012,1000.0,0.0,0.0
19475,1712270280000.0,0.0,0.0,0.0,123.23029556650249,0.0,0.0,130.86,0.9999253857184062,1.0,1447.8374515800012,1000.0,1447.8374515800012,1000.0,0.0,0.0
19476,1712273880000.0,0.0,0.0,0.0,123.23029556650249,0.0,0.0,131.8,0.9999253857184062,1.0,1447.8374515800012,1000.0,1447.8374515800012,1000.0,0.0,0.0
19477,1712277480000.0,0.0,0.0,0.0,123.23029556650249,0.0,0.0,132.28,0.9999253857184062,1.0,1447.8374515800012,1000.0,1447.8374515800012,1000.0,0.0,0.0
19478,1712281080000.0,0.0,0.0,0.0,123.23029556650249,0.0,0.0,131.23,0.9999253857184062,1.0,1447.8374515800012,1000.0,1447.8374515800012,1000.0,0.0,0.0
19479,1712284680000.0,0.0,0.0,0.0,123.23029556650249,0.0,0.0,129.93,0.9999253857184062,1.0,1447.8374515800012,1000.0,1447.8374515800012,1000.0,0.0,0.0
19480,1712288280000.0,0.0,0.0,0.0,123.23029556650249,0.0,0.0,129.34,0.9999253857184062,1.0,1447.8374515800012,1000.0,1447.8374515800012,1000.0,0.0,0.0
19481,1712291880000.0,0.0,0.0,0.0,123.23029556650249,0.0,0.0,128.56,0.9999253857184062,1.0,1447.8374515800012,1000.0,1447.8374515800012,1000.0,0.0,0.0
19482,1712295480000.0,0.0,0.0,0.0,123.23029556650249,0.0,0.0,129.38,0.9999253857184062,1.0,1447.8374515800012,1000.0,1447.8374515800012,1000.0,0.0,0.0
19483,1712299080000.0,0.0,0.0,0.0,123.23029556650249,0.0,0.0,130.84,0.9999253857184062,1.0,1447.8374515800012,1000.0,1447.8374515800012,1000.0,0.0,0.0
19484,1712302680000.0,0.0,0.0,0.0,123.23029556650249,0.0,0.0,130.32,0.9999253857184062,1.0,1447.8374515800012,1000.0,1447.8374515800012,1000.0,0.0,0.0
19485,1712306280000.0,0.0,0.0,0.0,123.23029556650249,0.0,0.0,130.65,0.9999253857184062,1.0,1447.8374515800012,1000.0,1447.8374515800012,1000.0,0.0,0.0
19486,1712309880000.0,0.0,0.0,0.0,123.23029556650249,0.0,0.0,129.24,0.9999253857184062,1.0,1447.8374515800012,1000.0,1447.8374515800012,1000.0,0.0,0.0
19487,1712313480000.0,0.0,0.0,0.0,123.23029556650249,0.0,0.0,128.01,0.9999253857184062,1.0,1447.8374515800012,1000.0,1447.8374515800012,1000.0,0.0,0.0
19488,1712317080000.0,0.0,0.0,0.46,125.4,0.0,0.0,125.79,0.9999253857184062,1.0,1447.8259147800013,1000.0,1448.0053147800013,1000.0,0.039841806539818114,0.0
19489,1712320680000.0,0.0,0.0,0.46,125.4,0.0,0.0,127.31,0.9999253857184062,1.0,1447.8259147800013,1000.0,1448.7045147800013,1000.0,0.039841806539818114,0.0
19490,1712324280000.0,0.0,0.0,0.46,125.4,0.0,0.0,129.17,0.9999253857184062,1.0,1447.8259147800013,1000.0,1449.5601147800014,1000.0,0.039841806539818114,0.0
19491,1712327880000.0,0.0,0.0,0.07,125.4,0.0,0.0,129.24,0.9999253857184062,1.0,1449.286139520001,1000.0,1449.554939520001,1000.0,0.006056774960193331,0.0
19492,1712331480000.0,0.0,0.0,0.03,125.4,0.0,0.0,129.89,0.9999253857184062,1.0,1449.435906160001,1000.0,1449.570606160001,1000.0,0.0025954924836702085,0.0
19493,1712335080000.0,0.0,0.0,0.02,125.4,0.0,0.0,128.09,0.9999253857184062,1.0,1449.473347820001,1000.0,1449.527147820001,1000.0,0.0017302836259611234,0.0
19494,1712338680000.0,0.0,0.0,0.02,125.4,0.0,0.0,127.28,0.9999253857184062,1.0,1449.473347820001,1000.0,1449.510947820001,1000.0,0.0017302836259611234,0.0
19495,1712342280000.0,0.0,0.0,0.02,125.4,0.0,0.0,127.1,0.9999253857184062,1.0,1449.473347820001,1000.0,1449.507347820001,1000.0,0.0017302836259611234,0.0
19496,1712345880000.0,0.0,0.0,0.02,125.4,0.0,0.0,127.64,0.9999253857184062,1.0,1449.473347820001,1000.0,1449.5181478200009,1000.0,0.0017302836259611234,0.0
19497,1712349480000.0,0.0,0.0,0.02,125.4,0.0,0.0,128.96,0.9999253857184062,1.0,1449.473347820001,1000.0,1449.544547820001,1000.0,0.0017302836259611234,0.0
19498,1712353080000.0,0.0,0.0,0.01,125.4,0.0,0.0,129.41,0.9999253857184062,1.0,1449.510789480001,1000.0,1449.550889480001,1000.0,0.0008651194658922555,0.0
19499,1712356680000.0,0.0,0.0,0.01,125.4,0.0,0.0,129.92,0.9999253857184062,1.0,1449.510789480001,1000.0,1449.555989480001,1000.0,0.0008651194658922555,0.0
19500,1712360280000.0,0.0,0.0,0.01,125.4,0.0,0.0,127.53,0.9999253857184062,1.0,1449.510789480001,1000.0,1449.532089480001,1000.0,0.0008651194658922555,0.0
19501,1712363880000.0,0.0,0.0,0.01,125.4,0.0,0.0,127.89,0.9999253857184062,1.0,1449.510789480001,1000.0,1449.5356894800009,1000.0,0.0008651194658922555,0.0
19502,1712367480000.0,0.0,0.0,0.01,125.4,0.0,0.0,128.14,0.9999253857184062,1.0,1449.510789480001,1000.0,1449.538189480001,1000.0,0.0008651194658922555,0.0
19503,1712371080000.0,0.0,0.0,0.01,125.4,0.0,0.0,128.84,0.9999253857184062,1.0,1449.510789480001,1000.0,1449.545189480001,1000.0,0.0008651194658922555,0.0
19504,1712374680000.0,0.0,0.0,0.0,125.4,0.0,0.0,128.97,0.9999253857184062,1.0,1449.548231140001,1000.0,1449.548231140001,1000.0,0.0,0.0
19505,1712378280000.0,0.0,0.0,0.0,125.4,0.0,0.0,129.35,0.9999253857184062,1.0,1449.548231140001,1000.0,1449.548231140001,1000.0,0.0,0.0
19506,1712381880000.0,0.0,0.0,0.0,125.4,0.0,0.0,129.58,0.9999253857184062,1.0,1449.548231140001,1000.0,1449.548231140001,1000.0,0.0,0.0
19507,1712385480000.0,0.0,0.0,0.0,125.4,0.0,0.0,130.06,0.9999253857184062,1.0,1449.548231140001,1000.0,1449.548231140001,1000.0,0.0,0.0
19508,1712389080000.0,0.0,0.0,0.0,125.4,0.0,0.0,130.75,0.9999253857184062,1.0,1449.548231140001,1000.0,1449.548231140001,1000.0,0.0,0.0
19509,1712392680000.0,0.0,0.0,0.0,125.4,0.0,0.0,131.63,0.9999253857184062,1.0,1449.548231140001,1000.0,1449.548231140001,1000.0,0.0,0.0
19510,1712396280000.0,0.0,0.0,0.0,125.4,0.0,0.0,131.53,0.9999253857184062,1.0,1449.548231140001,1000.0,1449.548231140001,1000.0,0.0,0.0
19511,1712399880000.0,0.0,0.0,0.0,125.4,0.0,0.0,132.43,0.9999253857184062,1.0,1449.548231140001,1000.0,1449.548231140001,1000.0,0.0,0.0
19512,1712403480000.0,0.0,0.0,0.0,125.4,0.0,0.0,132.27,0.9999253857184062,1.0,1449.548231140001,1000.0,1449.548231140001,1000.0,0.0,0.0
19513,1712407080000.0,0.0,0.0,0.0,125.4,0.0,0.0,132.24,0.9999253857184062,1.0,1449.548231140001,1000.0,1449.548231140001,1000.0,0.0,0.0
19514,1712410680000.0,0.0,0.0,0.0,125.4,0.0,0.0,131.36,0.9999253857184062,1.0,1449.548231140001,1000.0,1449.548231140001,1000.0,0.0,0.0
19515,1712414280000.0,0.0,0.0,0.0,125.4,0.0,0.0,130.87,0.9999253857184062,1.0,1449.548231140001,1000.0,1449.548231140001,1000.0,0.0,0.0
19516,1712417880000.0,0.0,0.0,0.0,125.4,0.0,0.0,130.33,0.9999253857184062,1.0,1449.548231140001,1000.0,1449.548231140001,1000.0,0.0,0.0
19517,1712421480000.0,0.0,0.0,0.0,125.4,0.0,0.0,131.19,0.9999253857184062,1.0,1449.548231140001,1000.0,1449.548231140001,1000.0,0.0,0.0
19518,1712425080000.0,0.0,0.0,0.0,125.4,0.0,0.0,130.71,0.9999253857184062,1.0,1449.548231140001,1000.0,1449.548231140001,1000.0,0.0,0.0
19519,1712428680000.0,0.0,0.0,0.0,125.4,0.0,0.0,131.12,0.9999253857184062,1.0,1449.548231140001,1000.0,1449.548231140001,1000.0,0.0,0.0
19520,1712432280000.0,0.0,0.0,0.0,125.4,0.0,0.0,131.39,0.9999253857184062,1.0,1449.548231140001,1000.0,1449.548231140001,1000.0,0.0,0.0
19521,1712435880000.0,0.0,0.0,0.0,125.4,0.0,0.0,131.96,0.9999253857184062,1.0,1449.548231140001,1000.0,1449.548231140001,1000.0,0.0,0.0
19522,1712439480000.0,0.0,0.0,0.0,125.4,0.0,0.0,132.01,0.9999253857184062,1.0,1449.548231140001,1000.0,1449.548231140001,1000.0,0.0,0.0
19523,1712443080000.0,0.0,0.0,0.0,125.4,0.0,0.0,132.04,0.9999253857184062,1.0,1449.548231140001,1000.0,1449.548231140001,1000.0,0.0,0.0
19524,1712446680000.0,0.0,0.0,0.0,125.4,0.0,0.0,132.1,0.9999253857184062,1.0,1449.548231140001,1000.0,1449.548231140001,1000.0,0.0,0.0
19525,1712450280000.0,0.0,0.0,0.0,125.4,0.0,0.0,132.96,0.9999253857184062,1.0,1449.548231140001,1000.0,1449.548231140001,1000.0,0.0,0.0
19526,1712453880000.0,0.0,0.0,0.0,125.4,0.0,0.0,133.04,0.9999253857184062,1.0,1449.548231140001,1000.0,1449.548231140001,1000.0,0.0,0.0
19527,1712457480000.0,0.0,0.0,0.0,125.4,0.0,0.0,132.9,0.9999253857184062,1.0,1449.548231140001,1000.0,1449.548231140001,1000.0,0.0,0.0
19528,1712461080000.0,0.0,0.0,0.0,125.4,0.0,0.0,132.7,0.9999253857184062,1.0,1449.548231140001,1000.0,1449.548231140001,1000.0,0.0,0.0
19529,1712464680000.0,0.0,0.0,0.0,125.4,0.0,0.0,132.68,0.9999253857184062,1.0,1449.548231140001,1000.0,1449.548231140001,1000.0,0.0,0.0
19530,1712468280000.0,0.0,0.0,0.0,125.4,0.0,0.0,131.85,0.9999253857184062,1.0,1449.548231140001,1000.0,1449.548231140001,1000.0,0.0,0.0
19531,1712471880000.0,0.0,0.0,0.0,125.4,0.0,0.0,132.02,0.9999253857184062,1.0,1449.548231140001,1000.0,1449.548231140001,1000.0,0.0,0.0
19532,1712475480000.0,0.0,0.0,0.0,125.4,0.0,0.0,132.8,0.9999253857184062,1.0,1449.548231140001,1000.0,1449.548231140001,1000.0,0.0,0.0
19533,1712479080000.0,0.0,0.0,0.0,125.4,0.0,0.0,133.23,0.9999253857184062,1.0,1449.548231140001,1000.0,1449.548231140001,1000.0,0.0,0.0
19534,1712482680000.0,0.0,0.0,0.0,125.4,0.0,0.0,133.21,0.9999253857184062,1.0,1449.548231140001,1000.0,1449.548231140001,1000.0,0.0,0.0
19535,1712486280000.0,0.0,0.0,0.0,125.4,0.0,0.0,133.47,0.9999253857184062,1.0,1449.548231140001,1000.0,1449.548231140001,1000.0,0.0,0.0
19536,1712489880000.0,0.0,0.0,0.0,125.4,0.0,0.0,133.79,0.9999253857184062,1.0,1449.548231140001,1000.0,1449.548231140001,1000.0,0.0,0.0
19537,1712493480000.0,0.0,0.0,0.0,125.4,0.0,0.0,134.11,0.9999253857184062,1.0,1449.548231140001,1000.0,1449.548231140001,1000.0,0.0,0.0
19538,1712497080000.0,0.0,0.0,0.0,125.4,0.0,0.0,133.6,0.9999253857184062,1.0,1449.548231140001,1000.0,1449.548231140001,1000.0,0.0,0.0
19539,1712500680000.0,0.0,0.0,0.0,125.4,0.0,0.0,131.08,0.9999253857184062,1.0,1449.548231140001,1000.0,1449.548231140001,1000.0,0.0,0.0
19540,1712504280000.0,0.0,0.0,0.0,125.4,0.0,0.0,129.45,0.9999253857184062,1.0,1449.548231140001,1000.0,1449.548231140001,1000.0,0.0,0.0
19541,1712507880000.0,0.0,0.0,0.0,125.4,0.0,0.0,131.04,0.9999253857184062,1.0,1449.548231140001,1000.0,1449.548231140001,1000.0,0.0,0.0
19542,1712511480000.0,0.0,0.0,0.0,125.4,0.0,0.0,130.82,0.9999253857184062,1.0,1449.548231140001,1000.0,1449.548231140001,1000.0,0.0,0.0
19543,1712515080000.0,0.0,0.0,0.0,125.4,0.0,0.0,129.26,0.9999253857184062,1.0,1449.548231140001,1000.0,1449.548231140001,1000.0,0.0,0.0
19544,1712518680000.0,0.0,0.0,0.0,125.4,0.0,0.0,129.8,0.9999253857184062,1.0,1449.548231140001,1000.0,1449.548231140001,1000.0,0.0,0.0
19545,1712522280000.0,0.0,0.0,0.0,125.4,0.0,0.0,131.1,0.9999253857184062,1.0,1449.548231140001,1000.0,1449.548231140001,1000.0,0.0,0.0
19546,1712525880000.0,0.0,0.0,0.0,125.4,0.0,0.0,130.94,0.9999253857184062,1.0,1449.548231140001,1000.0,1449.548231140001,1000.0,0.0,0.0
19547,1712529480000.0,0.0,0.0,0.0,125.4,0.0,0.0,131.17,0.9999253857184062,1.0,1449.548231140001,1000.0,1449.548231140001,1000.0,0.0,0.0
19548,1712533080000.0,0.0,0.0,0.0,125.4,0.0,0.0,131.62,0.9999253857184062,1.0,1449.548231140001,1000.0,1449.548231140001,1000.0,0.0,0.0
19549,1712536680000.0,0.0,0.0,0.0,125.4,0.0,0.0,130.73,0.9999253857184062,1.0,1449.548231140001,1000.0,1449.548231140001,1000.0,0.0,0.0
19550,1712540280000.0,0.0,0.0,0.0,125.4,0.0,0.0,131.0,0.9999253857184062,1.0,1449.548231140001,1000.0,1449.548231140001,1000.0,0.0,0.0
19551,1712543880000.0,0.0,0.0,0.0,125.4,0.0,0.0,131.71,0.9999253857184062,1.0,1449.548231140001,1000.0,1449.548231140001,1000.0,0.0,0.0
19552,1712547480000.0,0.0,0.0,0.0,125.4,0.0,0.0,131.81,0.9999253857184062,1.0,1449.548231140001,1000.0,1449.548231140001,1000.0,0.0,0.0
19553,1712551080000.0,0.0,0.0,0.0,125.4,0.0,0.0,132.71,0.9999253857184062,1.0,1449.548231140001,1000.0,1449.548231140001,1000.0,0.0,0.0
19554,1712554680000.0,0.0,0.0,0.0,125.4,0.0,0.0,132.76,0.9999253857184062,1.0,1449.548231140001,1000.0,1449.548231140001,1000.0,0.0,0.0
19555,1712558280000.0,0.0,0.0,0.0,125.4,0.0,0.0,133.5,0.9999253857184062,1.0,1449.548231140001,1000.0,1449.548231140001,1000.0,0.0,0.0
19556,1712561880000.0,0.0,0.0,0.0,125.4,0.0,0.0,133.78,0.9999253857184062,1.0,1449.548231140001,1000.0,1449.548231140001,1000.0,0.0,0.0
19557,1712565480000.0,0.0,0.0,0.0,125.4,0.0,0.0,134.15,0.9999253857184062,1.0,1449.548231140001,1000.0,1449.548231140001,1000.0,0.0,0.0
19558,1712569080000.0,0.0,0.0,0.0,125.4,0.0,0.0,133.93,0.9999253857184062,1.0,1449.548231140001,1000.0,1449.548231140001,1000.0,0.0,0.0
19559,1712572680000.0,0.0,0.0,0.0,125.4,0.0,0.0,133.77,0.9999253857184062,1.0,1449.548231140001,1000.0,1449.548231140001,1000.0,0.0,0.0
19560,1712576280000.0,0.0,0.0,0.0,125.4,0.0,0.0,134.1,0.9999253857184062,1.0,1449.548231140001,1000.0,1449.548231140001,1000.0,0.0,0.0
19561,1712579880000.0,0.0,0.0,0.0,125.4,0.0,0.0,133.87,0.9999253857184062,1.0,1449.548231140001,1000.0,1449.548231140001,1000.0,0.0,0.0
19562,1712583480000.0,0.0,0.0,0.0,125.4,0.0,0.0,132.59,0.9999253857184062,1.0,1449.548231140001,1000.0,1449.548231140001,1000.0,0.0,0.0
19563,1712587080000.0,0.0,0.0,0.0,125.4,0.0,0.0,131.7,0.9999253857184062,1.0,1449.548231140001,1000.0,1449.548231140001,1000.0,0.0,0.0
19564,1712590680000.0,0.0,0.0,0.0,125.4,0.0,0.0,131.7,0.9999253857184062,1.0,1449.548231140001,1000.0,1449.548231140001,1000.0,0.0,0.0
19565,1712594280000.0,0.0,0.0,0.0,125.4,0.0,0.0,132.84,0.9999253857184062,1.0,1449.548231140001,1000.0,1449.548231140001,1000.0,0.0,0.0
19566,1712597880000.0,0.0,0.0,0.0,125.4,0.0,0.0,134.15,0.9999253857184062,1.0,1449.548231140001,1000.0,1449.548231140001,1000.0,0.0,0.0
19567,1712601480000.0,0.0,0.0,0.0,125.4,0.0,0.0,134.25,0.9999253857184062,1.0,1449.548231140001,1000.0,1449.548231140001,1000.0,0.0,0.0
19568,1712605080000.0,0.0,0.0,0.0,125.4,0.0,0.0,134.34,0.9999253857184062,1.0,1449.548231140001,1000.0,1449.548231140001,1000.0,0.0,0.0
19569,1712608680000.0,0.0,0.0,0.0,125.4,0.0,0.0,134.62,0.9999253857184062,1.0,1449.548231140001,1000.0,1449.548231140001,1000.0,0.0,0.0
19570,1712612280000.0,0.0,0.0,0.0,125.4,0.0,0.0,135.18,0.9999253857184062,1.0,1449.548231140001,1000.0,1449.548231140001,1000.0,0.0,0.0
19571,1712615880000.0,0.0,0.0,0.0,125.4,0.0,0.0,135.87,0.9999253857184062,1.0,1449.548231140001,1000.0,1449.548231140001,1000.0,0.0,0.0
19572,1712619480000.0,0.0,0.0,0.0,125.4,0.0,0.0,136.31,0.9999253857184062,1.0,1449.548231140001,1000.0,1449.548231140001,1000.0,0.0,0.0
19573,1712623080000.0,0.0,0.0,0.0,125.4,0.0,0.0,139.83,0.9999253857184062,1.0,1449.548231140001,1000.0,1449.548231140001,1000.0,0.0,0.0
19574,1712626680000.0,0.0,0.0,0.0,125.4,0.0,0.0,136.93,0.9999253857184062,1.0,1449.548231140001,1000.0,1449.548231140001,1000.0,0.0,0.0
19575,1712630280000.0,0.0,0.0,0.0,125.4,0.0,0.0,135.64,0.9999253857184062,1.0,1449.548231140001,1000.0,1449.548231140001,1000.0,0.0,0.0
19576,1712633880000.0,0.0,0.0,0.0,125.4,0.0,0.0,136.24,0.9999253857184062,1.0,1449.548231140001,1000.0,1449.548231140001,1000.0,0.0,0.0
19577,1712637480000.0,0.0,0.0,0.0,125.4,0.0,0.0,135.61,0.9999253857184062,1.0,1449.548231140001,1000.0,1449.548231140001,1000.0,0.0,0.0
19578,1712641080000.0,0.0,0.0,0.0,125.4,0.0,0.0,134.65,0.9999253857184062,1.0,1449.548231140001,1000.0,1449.548231140001,1000.0,0.0,0.0
19579,1712644680000.0,0.0,0.0,0.0,125.4,0.0,0.0,134.45,0.9999253857184062,1.0,1449.548231140001,1000.0,1449.548231140001,1000.0,0.0,0.0
19580,1712648280000.0,0.0,0.0,0.0,125.4,0.0,0.0,135.92,0.9999253857184062,1.0,1449.548231140001,1000.0,1449.548231140001,1000.0,0.0,0.0
19581,1712651880000.0,0.0,0.0,0.0,125.4,0.0,0.0,136.37,0.9999253857184062,1.0,1449.548231140001,1000.0,1449.548231140001,1000.0,0.0,0.0
19582,1712655480000.0,0.0,0.0,0.0,125.4,0.0,0.0,136.38,0.9999253857184062,1.0,1449.548231140001,1000.0,1449.548231140001,1000.0,0.0,0.0
19583,1712659080000.0,0.0,0.0,0.0,125.4,0.0,0.0,136.45,0.9999253857184062,1.0,1449.548231140001,1000.0,1449.548231140001,1000.0,0.0,0.0
19584,1712662680000.0,0.0,0.0,0.0,125.4,0.0,0.0,137.68,0.9999253857184062,1.0,1449.548231140001,1000.0,1449.548231140001,1000.0,0.0,0.0
19585,1712666280000.0,0.0,0.0,0.0,125.4,0.0,0.0,137.44,0.9999253857184062,1.0,1449.548231140001,1000.0,1449.548231140001,1000.0,0.0,0.0
19586,1712669880000.0,0.0,0.0,0.0,125.4,0.0,0.0,137.46,0.9999253857184062,1.0,1449.548231140001,1000.0,1449.548231140001,1000.0,0.0,0.0
19587,1712673480000.0,0.0,0.0,0.0,125.4,0.0,0.0,134.04,0.9999253857184062,1.0,1449.548231140001,1000.0,1449.548231140001,1000.0,0.0,0.0
19588,1712677080000.0,0.0,0.0,0.0,125.4,0.0,0.0,134.76,0.9999253857184062,1.0,1449.548231140001,1000.0,1449.548231140001,1000.0,0.0,0.0
19589,1712680680000.0,0.0,0.0,0.0,125.4,0.0,0.0,134.69,0.9999253857184062,1.0,1449.548231140001,1000.0,1449.548231140001,1000.0,0.0,0.0
19590,1712684280000.0,0.0,0.0,0.0,125.4,0.0,0.0,134.38,0.9999253857184062,1.0,1449.548231140001,1000.0,1449.548231140001,1000.0,0.0,0.0
19591,1712687880000.0,0.0,0.0,0.0,125.4,0.0,0.0,132.86,0.9999253857184062,1.0,1449.548231140001,1000.0,1449.548231140001,1000.0,0.0,0.0
19592,1712691480000.0,0.0,0.0,0.44,130.65,0.0,0.0,131.35,0.9999253857184062,1.0,1449.536733940001,1000.0,1449.844733940001,1000.0,0.039658187787864264,0.0
19593,1712695080000.0,0.0,0.0,0.44,130.65,0.0,0.0,132.24,0.9999253857184062,1.0,1449.536733940001,1000.0,1450.236333940001,1000.0,0.039658187787864264,0.0
19594,1712698680000.0,0.0,0.0,0.44,130.65,0.0,0.0,132.07,0.9999253857184062,1.0,1449.536733940001,1000.0,1450.1615339400012,1000.0,0.039658187787864264,0.0
19595,1712702280000.0,0.0,0.0,0.44,130.65,0.0,0.0,132.33,0.9999253857184062,1.0,1449.536733940001,1000.0,1450.275933940001,1000.0,0.039658187787864264,0.0
19596,1712705880000.0,0.0,0.0,0.44,130.65,0.0,0.0,132.86,0.9999253857184062,1.0,1449.536733940001,1000.0,1450.5091339400012,1000.0,0.039658187787864264,0.0
19597,1712709480000.0,0.0,0.0,0.44,130.65,0.0,0.0,133.43,0.9999253857184062,1.0,1449.536733940001,1000.0,1450.759933940001,1000.0,0.039658187787864264,0.0
19598,1712713080000.0,0.0,0.0,0.44,130.65,0.0,0.0,132.36,0.9999253857184062,1.0,1449.536733940001,1000.0,1450.2891339400012,1000.0,0.039658187787864264,0.0
19599,1712716680000.0,0.0,0.0,0.44,130.65,0.0,0.0,132.0,0.9999253857184062,1.0,1449.536733940001,1000.0,1450.1307339400012,1000.0,0.039658187787864264,0.0
19600,1712720280000.0,0.0,0.0,0.44,130.65,0.0,0.0,132.4,0.9999253857184062,1.0,1449.536733940001,1000.0,1450.306733940001,1000.0,0.039658187787864264,0.0
19601,1712723880000.0,0.0,0.0,0.44,130.65,0.0,0.0,132.16,0.9999253857184062,1.0,1449.536733940001,1000.0,1450.201133940001,1000.0,0.039658187787864264,0.0
19602,1712727480000.0,0.0,0.0,0.44,130.65,0.0,0.0,131.88,0.9999253857184062,1.0,1449.536733940001,1000.0,1450.077933940001,1000.0,0.039658187787864264,0.0
19603,1712731080000.0,0.0,0.0,0.44,130.65,0.0,0.0,133.31,0.9999253857184062,1.0,1449.536733940001,1000.0,1450.707133940001,1000.0,0.039658187787864264,0.0
19604,1712734680000.0,0.0,0.0,0.44,130.65,0.0,0.0,132.73,0.9999253857184062,1.0,1449.536733940001,1000.0,1450.451933940001,1000.0,0.039658187787864264,0.0
19605,1712738280000.0,0.0,0.0,0.44,130.65,0.0,0.0,132.84,0.9999253857184062,1.0,1449.536733940001,1000.0,1450.5003339400012,1000.0,0.039658187787864264,0.0
19606,1712741880000.0,0.0,0.0,0.44,130.65,0.0,0.0,133.06,0.9999253857184062,1.0,1449.536733940001,1000.0,1450.5971339400012,1000.0,0.039658187787864264,0.0
19607,1712745480000.0,0.0,0.0,0.44,130.65,0.0,0.0,133.38,0.9999253857184062,1.0,1449.536733940001,1000.0,1450.737933940001,1000.0,0.039658187787864264,0.0
19608,1712749080000.0,0.0,0.0,0.44,130.65,0.0,0.0,134.04,0.9999253857184062,1.0,1449.536733940001,1000.0,1451.0283339400012,1000.0,0.039658187787864264,0.0
19609,1712752680000.0,0.0,0.0,0.44,130.65,0.0,0.0,133.16,0.9999253857184062,1.0,1449.536733940001,1000.0,1450.641133940001,1000.0,0.039658187787864264,0.0
19610,1712756280000.0,0.0,0.0,0.44,130.65,0.0,0.0,132.4,0.9999253857184062,1.0,1449.536733940001,1000.0,1450.306733940001,1000.0,0.039658187787864264,0.0
19611,1712759880000.0,0.0,0.0,0.44,130.65,0.0,0.0,132.55,0.9999253857184062,1.0,1449.536733940001,1000.0,1450.3727339400011,1000.0,0.039658187787864264,0.0
19612,1712763480000.0,0.0,0.0,0.44,130.65,0.0,0.0,133.03,0.9999253857184062,1.0,1449.536733940001,1000.0,1450.583933940001,1000.0,0.039658187787864264,0.0
19613,1712767080000.0,0.0,0.0,0.44,130.65,0.0,0.0,134.2,0.9999253857184062,1.0,1449.536733940001,1000.0,1451.098733940001,1000.0,0.039658187787864264,0.0
19614,1712770680000.0,0.0,0.0,0.1,130.65,0.0,0.0,134.21,0.9999253857184062,1.0,1450.8603831800012,1000.0,1451.2163831800012,1000.0,0.009005001550434566,0.0
19615,1712774280000.0,0.0,0.0,0.0,130.65,0.0,0.0,134.76,0.9999253857184062,1.0,1451.249691780001,1000.0,1451.249691780001,1000.0,0.0,0.0
19616,1712777880000.0,0.0,0.0,0.0,130.65,0.0,0.0,136.17,0.9999253857184062,1.0,1451.249691780001,1000.0,1451.249691780001,1000.0,0.0,0.0
19617,1712781480000.0,0.0,0.0,0.0,130.65,0.0,0.0,136.06,0.9999253857184062,1.0,1451.249691780001,1000.0,1451.249691780001,1000.0,0.0,0.0
19618,1712785080000.0,0.0,0.0,0.0,130.65,0.0,0.0,135.01,0.9999253857184062,1.0,1451.249691780001,1000.0,1451.249691780001,1000.0,0.0,0.0
19619,1712788680000.0,0.0,0.0,0.0,130.65,0.0,0.0,134.56,0.9999253857184062,1.0,1451.249691780001,1000.0,1451.249691780001,1000.0,0.0,0.0
19620,1712792280000.0,0.0,0.0,0.0,130.65,0.0,0.0,133.76,0.9999253857184062,1.0,1451.249691780001,1000.0,1451.249691780001,1000.0,0.0,0.0
19621,1712795880000.0,0.0,0.0,0.0,130.65,0.0,0.0,135.64,0.9999253857184062,1.0,1451.249691780001,1000.0,1451.249691780001,1000.0,0.0,0.0
19622,1712799480000.0,0.0,0.0,0.0,130.65,0.0,0.0,134.16,0.9999253857184062,1.0,1451.249691780001,1000.0,1451.249691780001,1000.0,0.0,0.0
19623,1712803080000.0,0.0,0.0,0.0,130.65,0.0,0.0,134.1,0.9999253857184062,1.0,1451.249691780001,1000.0,1451.249691780001,1000.0,0.0,0.0
19624,1712806680000.0,0.0,0.0,0.0,130.65,0.0,0.0,133.94,0.9999253857184062,1.0,1451.249691780001,1000.0,1451.249691780001,1000.0,0.0,0.0
19625,1712810280000.0,0.0,0.0,0.0,130.65,0.0,0.0,134.07,0.9999253857184062,1.0,1451.249691780001,1000.0,1451.249691780001,1000.0,0.0,0.0
19626,1712813880000.0,0.0,0.0,0.0,130.65,0.0,0.0,133.81,0.9999253857184062,1.0,1451.249691780001,1000.0,1451.249691780001,1000.0,0.0,0.0
19627,1712817480000.0,0.0,0.0,0.0,130.65,0.0,0.0,132.97,0.9999253857184062,1.0,1451.249691780001,1000.0,1451.249691780001,1000.0,0.0,0.0
19628,1712821080000.0,0.0,0.0,0.0,130.65,0.0,0.0,132.96,0.9999253857184062,1.0,1451.249691780001,1000.0,1451.249691780001,1000.0,0.0,0.0
19629,1712824680000.0,0.0,0.0,0.0,130.65,0.0,0.0,132.75,0.9999253857184062,1.0,1451.249691780001,1000.0,1451.249691780001,1000.0,0.0,0.0
19630,1712828280000.0,0.0,0.0,0.0,130.65,0.0,0.0,132.89,0.9999253857184062,1.0,1451.249691780001,1000.0,1451.249691780001,1000.0,0.0,0.0
19631,1712831880000.0,0.0,0.0,0.0,130.65,0.0,0.0,132.26,0.9999253857184062,1.0,1451.249691780001,1000.0,1451.249691780001,1000.0,0.0,0.0
19632,1712835480000.0,0.0,0.0,0.0,130.65,0.0,0.0,132.37,0.9999253857184062,1.0,1451.249691780001,1000.0,1451.249691780001,1000.0,0.0,0.0
19633,1712839080000.0,0.0,0.0,0.0,130.65,0.0,0.0,133.67,0.9999253857184062,1.0,1451.249691780001,1000.0,1451.249691780001,1000.0,0.0,0.0
19634,1712842680000.0,0.0,0.0,0.0,130.65,0.0,0.0,134.3,0.9999253857184062,1.0,1451.249691780001,1000.0,1451.249691780001,1000.0,0.0,0.0
19635,1712846280000.0,0.0,0.0,0.0,130.65,0.0,0.0,133.28,0.9999253857184062,1.0,1451.249691780001,1000.0,1451.249691780001,1000.0,0.0,0.0
19636,1712849880000.0,0.0,0.0,0.0,130.65,0.0,0.0,134.42,0.9999253857184062,1.0,1451.249691780001,1000.0,1451.249691780001,1000.0,0.0,0.0
19637,1712853480000.0,0.0,0.0,0.0,130.65,0.0,0.0,133.9,0.9999253857184062,1.0,1451.249691780001,1000.0,1451.249691780001,1000.0,0.0,0.0
19638,1712857080000.0,0.0,0.0,0.0,130.65,0.0,0.0,134.06,0.9999253857184062,1.0,1451.249691780001,1000.0,1451.249691780001,1000.0,0.0,0.0
19639,1712860680000.0,0.0,0.0,0.0,130.65,0.0,0.0,133.9,0.9999253857184062,1.0,1451.249691780001,1000.0,1451.249691780001,1000.0,0.0,0.0
19640,1712864280000.0,0.0,0.0,0.0,130.65,0.0,0.0,132.61,0.9999253857184062,1.0,1451.249691780001,1000.0,1451.249691780001,1000.0,0.0,0.0
19641,1712867880000.0,0.0,0.0,0.0,130.65,0.0,0.0,133.39,0.9999253857184062,1.0,1451.249691780001,1000.0,1451.249691780001,1000.0,0.0,0.0
19642,1712871480000.0,0.0,0.0,0.0,130.65,0.0,0.0,133.01,0.9999253857184062,1.0,1451.249691780001,1000.0,1451.249691780001,1000.0,0.0,0.0
19643,1712875080000.0,0.0,0.0,0.0,130.65,0.0,0.0,133.11,0.9999253857184062,1.0,1451.249691780001,1000.0,1451.249691780001,1000.0,0.0,0.0
19644,1712878680000.0,0.0,0.0,0.0,130.65,0.0,0.0,133.5,0.9999253857184062,1.0,1451.249691780001,1000.0,1451.249691780001,1000.0,0.0,0.0
19645,1712882280000.0,0.0,0.0,0.0,130.65,0.0,0.0,133.64,0.9999253857184062,1.0,1451.249691780001,1000.0,1451.249691780001,1000.0,0.0,0.0
19646,1712885880000.0,0.0,0.0,0.0,130.65,0.0,0.0,133.48,0.9999253857184062,1.0,1451.249691780001,1000.0,1451.249691780001,1000.0,0.0,0.0
19647,1712889480000.0,0.0,0.0,0.0,130.65,0.0,0.0,134.11,0.9999253857184062,1.0,1451.249691780001,1000.0,1451.249691780001,1000.0,0.0,0.0
19648,1712893080000.0,0.0,0.0,0.0,130.65,0.0,0.0,134.39,0.9999253857184062,1.0,1451.249691780001,1000.0,1451.249691780001,1000.0,0.0,0.0
19649,1712896680000.0,0.0,0.0,0.0,130.65,0.0,0.0,133.66,0.9999253857184062,1.0,1451.249691780001,1000.0,1451.249691780001,1000.0,0.0,0.0
19650,1712900280000.0,0.0,0.0,0.0,130.65,0.0,0.0,133.24,0.9999253857184062,1.0,1451.249691780001,1000.0,1451.249691780001,1000.0,0.0,0.0
19651,1712903880000.0,0.0,0.0,0.0,130.65,0.0,0.0,133.08,0.9999253857184062,1.0,1451.249691780001,1000.0,1451.249691780001,1000.0,0.0,0.0
19652,1712907480000.0,0.0,0.0,0.0,130.65,0.0,0.0,133.97,0.9999253857184062,1.0,1451.249691780001,1000.0,1451.249691780001,1000.0,0.0,0.0
19653,1712911080000.0,0.0,0.0,0.0,130.65,0.0,0.0,134.73,0.9999253857184062,1.0,1451.249691780001,1000.0,1451.249691780001,1000.0,0.0,0.0
19654,1712914680000.0,0.0,0.0,0.0,130.65,0.0,0.0,132.96,0.9999253857184062,1.0,1451.249691780001,1000.0,1451.249691780001,1000.0,0.0,0.0
19655,1712918280000.0,0.0,0.0,0.0,130.65,0.0,0.0,134.39,0.9999253857184062,1.0,1451.249691780001,1000.0,1451.249691780001,1000.0,0.0,0.0
19656,1712921880000.0,0.0,0.0,0.0,130.65,0.0,0.0,134.11,0.9999253857184062,1.0,1451.249691780001,1000.0,1451.249691780001,1000.0,0.0,0.0
19657,1712925480000.0,0.0,0.0,0.0,130.65,0.0,0.0,133.76,0.9999253857184062,1.0,1451.249691780001,1000.0,1451.249691780001,1000.0,0.0,0.0
19658,1712929080000.0,0.0,0.0,0.0,130.65,0.0,0.0,133.99,0.9999253857184062,1.0,1451.249691780001,1000.0,1451.249691780001,1000.0,0.0,0.0
19659,1712932680000.0,0.0,0.0,0.0,130.65,0.0,0.0,134.19,0.9999253857184062,1.0,1451.249691780001,1000.0,1451.249691780001,1000.0,0.0,0.0
19660,1712936280000.0,0.0,0.0,0.0,130.65,0.0,0.0,134.53,0.9999253857184062,1.0,1451.249691780001,1000.0,1451.249691780001,1000.0,0.0,0.0
19661,1712939880000.0,0.0,0.0,0.0,130.65,0.0,0.0,133.19,0.9999253857184062,1.0,1451.249691780001,1000.0,1451.249691780001,1000.0,0.0,0.0
19662,1712943480000.0,0.0,0.0,0.45,129.31,0.0,0.0,129.24,0.9999253857184062,1.0,1451.238053880001,1000.0,1451.206553880001,1000.0,0.04009645408926931,0.0
19663,1712947080000.0,0.0,0.0,0.92,126.55641304347826,0.0,0.0,121.86,0.9999253857184062,1.0,1451.2264054000009,1000.0,1446.905705400001,1000.0,0.0802300037862858,0.0
19664,1712950680000.0,0.0,0.0,1.41,124.07290780141844,0.0,0.0,121.03,0.9999253857184062,1.0,1451.214703220001,1000.0,1446.924203220001,1000.0,0.12054921963774994,0.0
19665,1712954280000.0,0.0,0.0,1.41,124.07290780141844,0.0,0.0,118.55,0.9999253857184062,1.0,1451.214703220001,1000.0,1443.427403220001,1000.0,0.12054921963774994,0.0
19666,1712957880000.0,0.0,0.0,1.41,124.07290780141844,0.0,0.0,120.69,0.9999253857184062,1.0,1451.214703220001,1000.0,1446.444803220001,1000.0,0.12054921963774994,0.0
19667,1712961480000.0,0.0,0.0,1.41,124.07290780141844,0.0,0.0,123.14,0.9999253857184062,1.0,1451.214703220001,1000.0,1449.899303220001,1000.0,0.12054921963774994,0.0
19668,1712965080000.0,0.0,0.0,1.41,124.07290780141844,0.0,0.0,122.49,0.9999253857184062,1.0,1451.214703220001,1000.0,1448.982803220001,1000.0,0.12054921963774994,0.0
19669,1712968680000.0,0.0,0.0,1.41,124.07290780141844,0.0,0.0,122.85,0.9999253857184062,1.0,1451.214703220001,1000.0,1449.4904032200009,1000.0,0.12054921963774994,0.0
19670,1712972280000.0,0.0,0.0,1.41,124.07290780141844,0.0,0.0,122.91,0.9999253857184062,1.0,1451.214703220001,1000.0,1449.575003220001,1000.0,0.12054921963774994,0.0
19671,1712975880000.0,0.0,0.0,1.41,124.07290780141844,0.0,0.0,122.32,0.9999253857184062,1.0,1451.214703220001,1000.0,1448.7431032200009,1000.0,0.12054921963774994,0.0
19672,1712979480000.0,0.0,0.0,1.41,124.07290780141844,0.0,0.0,123.5,0.9999253857184062,1.0,1451.214703220001,1000.0,1450.406903220001,1000.0,0.12054921963774994,0.0
19673,1712983080000.0,0.0,0.0,1.41,124.07290780141844,0.0,0.0,124.96,0.9999253857184062,1.0,1451.214703220001,1000.0,1452.465503220001,1000.0,0.12054921963774994,0.0
19674,1712986680000.0,0.0,0.0,1.41,124.07290780141844,0.0,0.0,125.84,0.9999253857184062,1.0,1451.214703220001,1000.0,1453.706303220001,1000.0,0.12054921963774994,0.0
19675,1712990280000.0,0.0,0.0,1.41,124.07290780141844,0.0,0.0,127.57,0.9999253857184062,1.0,1451.214703220001,1000.0,1456.145603220001,1000.0,0.12054921963774994,0.0
19676,1712993880000.0,0.0,0.0,0.63,124.07290780141844,0.0,0.0,128.99,0.9999253857184062,1.0,1454.1018983348947,1000.0,1457.199666420001,1000.0,0.05375547064782883,0.0
19677,1712997480000.0,0.0,0.0,0.13,124.07290780141844,0.0,0.0,128.54,0.9999253857184062,1.0,1455.9526644341856,1000.0,1456.5333864200013,1000.0,0.011078298359687853,0.0
19678,1713001080000.0,0.0,0.0,0.06,124.07290780141844,0.0,0.0,128.34,0.9999253857184062,1.0,1456.2117716880862,1000.0,1456.467797220001,1000.0,0.005112151002223636,0.0
19679,1713004680000.0,0.0,0.0,0.01,124.07290780141844,0.0,0.0,127.18,0.9999253857184062,1.0,1456.3968482980154,1000.0,1456.4279192200013,1000.0,0.000851916893025506,0.0
19680,1713008280000.0,0.0,0.0,0.01,124.07290780141844,0.0,0.0,125.88,0.9999253857184062,1.0,1456.3968482980154,1000.0,1456.4149192200011,1000.0,0.000851916893025506,0.0
19681,1713011880000.0,0.0,0.0,0.01,124.07290780141844,0.0,0.0,125.93,0.9999253857184062,1.0,1456.3968482980154,1000.0,1456.4154192200012,1000.0,0.000851916893025506,0.0
19682,1713015480000.0,0.0,0.0,0.01,124.07290780141844,0.0,0.0,123.41,0.9999253857184062,1.0,1456.3968482980154,1000.0,1456.3902192200012,1000.0,0.000851916893025506,0.0
19683,1713019080000.0,0.0,0.0,0.01,124.07290780141844,0.0,0.0,124.37,0.9999253857184062,1.0,1456.3968482980154,1000.0,1456.399819220001,1000.0,0.000851916893025506,0.0
19684,1713022680000.0,0.0,0.0,0.01,124.07290780141844,0.0,0.0,124.75,0.9999253857184062,1.0,1456.3968482980154,1000.0,1456.4036192200012,1000.0,0.000851916893025506,0.0
19685,1713026280000.0,0.0,0.0,0.01,124.07290780141844,0.0,0.0,125.62,0.9999253857184062,1.0,1456.3968482980154,1000.0,1456.412319220001,1000.0,0.000851916893025506,0.0
19686,1713029880000.0,0.0,0.0,0.48,122.00401891252955,0.0,0.0,121.08,0.9999253857184062,1.0,1456.3853840580155,1000.0,1455.9418549800014,1000.0,0.0402104619553648,0.0
19687,1713033480000.0,0.0,0.0,0.48,122.00401891252955,0.0,0.0,120.01,0.9999253857184062,1.0,1456.3853840580155,1000.0,1455.4282549800014,1000.0,0.0402104619553648,0.0
19688,1713037080000.0,0.0,0.0,0.48,122.00401891252955,0.0,0.0,121.36,0.9999253857184062,1.0,1456.3853840580155,1000.0,1456.0762549800013,1000.0,0.0402104619553648,0.0
19689,1713040680000.0,0.0,0.0,2.22,114.35969778288927,0.0,0.0,112.63,0.9999253857184062,1.0,1456.3463207380155,1000.0,1452.5063916600013,1000.0,0.17432565692846957,0.0
19690,1713044280000.0,0.0,0.0,2.22,114.35969778288927,0.0,0.0,107.42,0.9999253857184062,1.0,1456.3463207380155,1000.0,1440.9401916600013,1000.0,0.17432565692846957,0.0
19691,1713047880000.0,0.0,0.0,2.22,114.35969778288927,0.0,0.0,114.83,0.9999253857184062,1.0,1456.3463207380155,1000.0,1457.3903916600013,1000.0,0.17432565692846957,0.0
19692,1713051480000.0,0.0,0.0,2.22,114.35969778288927,0.0,0.0,116.68,0.9999253857184062,1.0,1456.3463207380155,1000.0,1461.4973916600013,1000.0,0.17432565692846957,0.0
19693,1713055080000.0,0.0,0.0,2.22,114.35969778288927,0.0,0.0,114.46,0.9999253857184062,1.0,1456.3463207380155,1000.0,1456.5689916600013,1000.0,0.17432565692846957,0.0
19694,1713058680000.0,0.0,0.0,2.22,114.35969778288927,0.0,0.0,114.73,0.9999253857184062,1.0,1456.3463207380155,1000.0,1457.1683916600014,1000.0,0.17432565692846957,0.0
19695,1713062280000.0,0.0,0.0,2.22,114.35969778288927,0.0,0.0,116.01,0.9999253857184062,1.0,1456.3463207380155,1000.0,1460.0099916600013,1000.0,0.17432565692846957,0.0
19696,1713065880000.0,0.0,0.0,2.22,114.35969778288927,0.0,0.0,115.91,0.9999253857184062,1.0,1456.3463207380155,1000.0,1459.7879916600014,1000.0,0.17432565692846957,0.0
19697,1713069480000.0,0.0,0.0,2.22,114.35969778288927,0.0,0.0,116.52,0.9999253857184062,1.0,1456.3463207380155,1000.0,1461.1421916600013,1000.0,0.17432565692846957,0.0
19698,1713073080000.0,0.0,0.0,0.44,114.35969778288927,0.0,0.0,119.05,0.9999253857184062,1.0,1462.4281218844726,1000.0,1464.4918548600012,1000.0,0.034407343698801135,0.0
19699,1713076680000.0,0.0,0.0,0.0,114.35969778288927,0.0,0.0,122.03,0.9999253857184062,1.0,1465.7593228200012,1000.0,1465.7593228200012,1000.0,0.0,0.0
19700,1713080280000.0,0.0,0.0,0.0,114.35969778288927,0.0,0.0,120.38,0.9999253857184062,1.0,1465.7593228200012,1000.0,1465.7593228200012,1000.0,0.0,0.0
19701,1713083880000.0,0.0,0.0,0.0,114.35969778288927,0.0,0.0,120.81,0.9999253857184062,1.0,1465.7593228200012,1000.0,1465.7593228200012,1000.0,0.0,0.0
19702,1713087480000.0,0.0,0.0,0.0,114.35969778288927,0.0,0.0,119.78,0.9999253857184062,1.0,1465.7593228200012,1000.0,1465.7593228200012,1000.0,0.0,0.0
19703,1713091080000.0,0.0,0.0,0.0,114.35969778288927,0.0,0.0,120.85,0.9999253857184062,1.0,1465.7593228200012,1000.0,1465.7593228200012,1000.0,0.0,0.0
19704,1713094680000.0,0.0,0.0,0.0,114.35969778288927,0.0,0.0,119.8,0.9999253857184062,1.0,1465.7593228200012,1000.0,1465.7593228200012,1000.0,0.0,0.0
19705,1713098280000.0,0.0,0.0,0.0,114.35969778288927,0.0,0.0,119.16,0.9999253857184062,1.0,1465.7593228200012,1000.0,1465.7593228200012,1000.0,0.0,0.0
19706,1713101880000.0,0.0,0.0,0.0,114.35969778288927,0.0,0.0,119.15,0.9999253857184062,1.0,1465.7593228200012,1000.0,1465.7593228200012,1000.0,0.0,0.0
19707,1713105480000.0,0.0,0.0,0.0,114.35969778288927,0.0,0.0,117.34,0.9999253857184062,1.0,1465.7593228200012,1000.0,1465.7593228200012,1000.0,0.0,0.0
19708,1713109080000.0,0.0,0.0,0.0,114.35969778288927,0.0,0.0,117.88,0.9999253857184062,1.0,1465.7593228200012,1000.0,1465.7593228200012,1000.0,0.0,0.0
19709,1713112680000.0,0.0,0.0,0.0,114.35969778288927,0.0,0.0,120.92,0.9999253857184062,1.0,1465.7593228200012,1000.0,1465.7593228200012,1000.0,0.0,0.0
19710,1713116280000.0,0.0,0.0,0.0,114.35969778288927,0.0,0.0,118.92,0.9999253857184062,1.0,1465.7593228200012,1000.0,1465.7593228200012,1000.0,0.0,0.0
19711,1713119880000.0,0.0,0.0,0.0,114.35969778288927,0.0,0.0,119.78,0.9999253857184062,1.0,1465.7593228200012,1000.0,1465.7593228200012,1000.0,0.0,0.0
19712,1713123480000.0,0.0,0.0,0.0,114.35969778288927,0.0,0.0,118.71,0.9999253857184062,1.0,1465.7593228200012,1000.0,1465.7593228200012,1000.0,0.0,0.0
19713,1713127080000.0,0.0,0.0,0.0,114.35969778288927,0.0,0.0,118.23,0.9999253857184062,1.0,1465.7593228200012,1000.0,1465.7593228200012,1000.0,0.0,0.0
19714,1713130680000.0,0.0,0.0,0.0,114.35969778288927,0.0,0.0,116.4,0.9999253857184062,1.0,1465.7593228200012,1000.0,1465.7593228200012,1000.0,0.0,0.0
19715,1713134280000.0,0.0,0.0,0.0,114.35969778288927,0.0,0.0,122.11,0.9999253857184062,1.0,1465.7593228200012,1000.0,1465.7593228200012,1000.0,0.0,0.0
19716,1713137880000.0,0.0,0.0,0.0,114.35969778288927,0.0,0.0,121.89,0.9999253857184062,1.0,1465.7593228200012,1000.0,1465.7593228200012,1000.0,0.0,0.0
19717,1713141480000.0,0.0,0.0,0.0,114.35969778288927,0.0,0.0,118.14,0.9999253857184062,1.0,1465.7593228200012,1000.0,1465.7593228200012,1000.0,0.0,0.0
19718,1713145080000.0,0.0,0.0,0.0,114.35969778288927,0.0,0.0,117.34,0.9999253857184062,1.0,1465.7593228200012,1000.0,1465.7593228200012,1000.0,0.0,0.0
19719,1713148680000.0,0.0,0.0,0.0,114.35969778288927,0.0,0.0,117.64,0.9999253857184062,1.0,1465.7593228200012,1000.0,1465.7593228200012,1000.0,0.0,0.0
19720,1713152280000.0,0.0,0.0,0.0,114.35969778288927,0.0,0.0,118.88,0.9999253857184062,1.0,1465.7593228200012,1000.0,1465.7593228200012,1000.0,0.0,0.0
19721,1713155880000.0,0.0,0.0,0.0,114.35969778288927,0.0,0.0,119.58,0.9999253857184062,1.0,1465.7593228200012,1000.0,1465.7593228200012,1000.0,0.0,0.0
19722,1713159480000.0,0.0,0.0,0.0,114.35969778288927,0.0,0.0,120.03,0.9999253857184062,1.0,1465.7593228200012,1000.0,1465.7593228200012,1000.0,0.0,0.0
19723,1713163080000.0,0.0,0.0,0.0,114.35969778288927,0.0,0.0,122.84,0.9999253857184062,1.0,1465.7593228200012,1000.0,1465.7593228200012,1000.0,0.0,0.0
19724,1713166680000.0,0.0,0.0,0.0,114.35969778288927,0.0,0.0,122.81,0.9999253857184062,1.0,1465.7593228200012,1000.0,1465.7593228200012,1000.0,0.0,0.0
19725,1713170280000.0,0.0,0.0,0.0,114.35969778288927,0.0,0.0,124.86,0.9999253857184062,1.0,1465.7593228200012,1000.0,1465.7593228200012,1000.0,0.0,0.0
19726,1713173880000.0,0.0,0.0,0.0,114.35969778288927,0.0,0.0,126.08,0.9999253857184062,1.0,1465.7593228200012,1000.0,1465.7593228200012,1000.0,0.0,0.0
19727,1713177480000.0,0.0,0.0,0.0,114.35969778288927,0.0,0.0,126.59,0.9999253857184062,1.0,1465.7593228200012,1000.0,1465.7593228200012,1000.0,0.0,0.0
19728,1713181080000.0,0.0,0.0,0.0,114.35969778288927,0.0,0.0,125.93,0.9999253857184062,1.0,1465.7593228200012,1000.0,1465.7593228200012,1000.0,0.0,0.0
19729,1713184680000.0,0.0,0.0,0.0,114.35969778288927,0.0,0.0,125.36,0.9999253857184062,1.0,1465.7593228200012,1000.0,1465.7593228200012,1000.0,0.0,0.0
19730,1713188280000.0,0.0,0.0,0.0,114.35969778288927,0.0,0.0,125.01,0.9999253857184062,1.0,1465.7593228200012,1000.0,1465.7593228200012,1000.0,0.0,0.0
19731,1713191880000.0,0.0,0.0,0.0,114.35969778288927,0.0,0.0,123.5,0.9999253857184062,1.0,1465.7593228200012,1000.0,1465.7593228200012,1000.0,0.0,0.0
19732,1713195480000.0,0.0,0.0,0.0,114.35969778288927,0.0,0.0,120.42,0.9999253857184062,1.0,1465.7593228200012,1000.0,1465.7593228200012,1000.0,0.0,0.0
19733,1713199080000.0,0.0,0.0,0.0,114.35969778288927,0.0,0.0,121.85,0.9999253857184062,1.0,1465.7593228200012,1000.0,1465.7593228200012,1000.0,0.0,0.0
19734,1713202680000.0,0.0,0.0,0.0,114.35969778288927,0.0,0.0,120.73,0.9999253857184062,1.0,1465.7593228200012,1000.0,1465.7593228200012,1000.0,0.0,0.0
19735,1713206280000.0,0.0,0.0,0.0,114.35969778288927,0.0,0.0,121.85,0.9999253857184062,1.0,1465.7593228200012,1000.0,1465.7593228200012,1000.0,0.0,0.0
19736,1713209880000.0,0.0,0.0,0.0,114.35969778288927,0.0,0.0,121.63,0.9999253857184062,1.0,1465.7593228200012,1000.0,1465.7593228200012,1000.0,0.0,0.0
19737,1713213480000.0,0.0,0.0,0.0,114.35969778288927,0.0,0.0,120.22,0.9999253857184062,1.0,1465.7593228200012,1000.0,1465.7593228200012,1000.0,0.0,0.0
19738,1713217080000.0,0.0,0.0,0.0,114.35969778288927,0.0,0.0,121.61,0.9999253857184062,1.0,1465.7593228200012,1000.0,1465.7593228200012,1000.0,0.0,0.0
19739,1713220680000.0,0.0,0.0,0.0,114.35969778288927,0.0,0.0,122.97,0.9999253857184062,1.0,1465.7593228200012,1000.0,1465.7593228200012,1000.0,0.0,0.0
19740,1713224280000.0,0.0,0.0,0.0,114.35969778288927,0.0,0.0,122.94,0.9999253857184062,1.0,1465.7593228200012,1000.0,1465.7593228200012,1000.0,0.0,0.0
19741,1713227880000.0,0.0,0.0,0.0,114.35969778288927,0.0,0.0,122.05,0.9999253857184062,1.0,1465.7593228200012,1000.0,1465.7593228200012,1000.0,0.0,0.0
19742,1713231480000.0,0.0,0.0,0.0,114.35969778288927,0.0,0.0,121.33,0.9999253857184062,1.0,1465.7593228200012,1000.0,1465.7593228200012,1000.0,0.0,0.0
19743,1713235080000.0,0.0,0.0,0.0,114.35969778288927,0.0,0.0,121.67,0.9999253857184062,1.0,1465.7593228200012,1000.0,1465.7593228200012,1000.0,0.0,0.0
19744,1713238680000.0,0.0,0.0,0.0,114.35969778288927,0.0,0.0,121.11,0.9999253857184062,1.0,1465.7593228200012,1000.0,1465.7593228200012,1000.0,0.0,0.0
19745,1713242280000.0,0.0,0.0,0.0,114.35969778288927,0.0,0.0,119.26,0.9999253857184062,1.0,1465.7593228200012,1000.0,1465.7593228200012,1000.0,0.0,0.0
19746,1713245880000.0,0.0,0.0,0.5,117.71,0.0,0.0,119.41,0.9999253857184062,1.0,1465.7475518200013,1000.0,1466.5975518200012,1000.0,0.040153572098360624,0.0
19747,1713249480000.0,0.0,0.0,0.5,117.71,0.0,0.0,120.78,0.9999253857184062,1.0,1465.7475518200013,1000.0,1467.2825518200013,1000.0,0.040153572098360624,0.0
19748,1713253080000.0,0.0,0.0,0.11,117.71,0.0,0.0,121.5,0.9999253857184062,1.0,1467.1186943200012,1000.0,1467.535594320001,1000.0,0.00882552996572738,0.0
19749,1713256680000.0,0.0,0.0,0.0,117.71,0.0,0.0,121.15,0.9999253857184062,1.0,1467.5054268200008,1000.0,1467.5054268200008,1000.0,0.0,0.0
19750,1713260280000.0,0.0,0.0,0.0,117.71,0.0,0.0,120.32,0.9999253857184062,1.0,1467.5054268200008,1000.0,1467.5054268200008,1000.0,0.0,0.0
19751,1713263880000.0,0.0,0.0,0.5,117.29,0.0,0.0,116.24,0.9999253857184062,1.0,1467.4936978200008,1000.0,1466.9686978200007,1000.0,0.039962692914537655,0.0
19752,1713267480000.0,0.0,0.0,0.5,117.29,0.0,0.0,118.56,0.9999253857184062,1.0,1467.4936978200008,1000.0,1468.1286978200008,1000.0,0.039962692914537655,0.0
19753,1713271080000.0,0.0,0.0,0.5,117.29,0.0,0.0,119.37,0.9999253857184062,1.0,1467.4936978200008,1000.0,1468.5336978200007,1000.0,0.039962692914537655,0.0
19754,1713274680000.0,0.0,0.0,0.5,117.29,0.0,0.0,116.37,0.9999253857184062,1.0,1467.4936978200008,1000.0,1467.0336978200007,1000.0,0.039962692914537655,0.0
19755,1713278280000.0,0.0,0.0,0.5,117.29,0.0,0.0,116.01,0.9999253857184062,1.0,1467.4936978200008,1000.0,1466.8536978200007,1000.0,0.039962692914537655,0.0
19756,1713281880000.0,0.0,0.0,0.5,117.29,0.0,0.0,114.1,0.9999253857184062,1.0,1467.4936978200008,1000.0,1465.8986978200007,1000.0,0.039962692914537655,0.0
19757,1713285480000.0,0.0,0.0,0.5,117.29,0.0,0.0,117.62,0.9999253857184062,1.0,1467.4936978200008,1000.0,1467.6586978200007,1000.0,0.039962692914537655,0.0
19758,1713289080000.0,0.0,0.0,0.03,117.29,0.0,0.0,120.97,0.9999253857184062,1.0,1469.136741680001,1000.0,1469.247141680001,1000.0,0.0023950799814428866,0.0
19759,1713292680000.0,0.0,0.0,0.0,117.29,0.0,0.0,121.44,0.9999253857184062,1.0,1469.2416168200011,1000.0,1469.2416168200011,1000.0,0.0,0.0
19760,1713296280000.0,0.0,0.0,0.0,117.29,0.0,0.0,121.2,0.9999253857184062,1.0,1469.2416168200011,1000.0,1469.2416168200011,1000.0,0.0,0.0
19761,1713299880000.0,0.0,0.0,0.0,117.29,0.0,0.0,121.41,0.9999253857184062,1.0,1469.2416168200011,1000.0,1469.2416168200011,1000.0,0.0,0.0
19762,1713303480000.0,0.0,0.0,0.0,117.29,0.0,0.0,121.5,0.9999253857184062,1.0,1469.2416168200011,1000.0,1469.2416168200011,1000.0,0.0,0.0
19763,1713307080000.0,0.0,0.0,0.0,117.29,0.0,0.0,121.94,0.9999253857184062,1.0,1469.2416168200011,1000.0,1469.2416168200011,1000.0,0.0,0.0
19764,1713310680000.0,0.0,0.0,0.0,117.29,0.0,0.0,122.33,0.9999253857184062,1.0,1469.2416168200011,1000.0,1469.2416168200011,1000.0,0.0,0.0
19765,1713314280000.0,0.0,0.0,0.0,117.29,0.0,0.0,122.03,0.9999253857184062,1.0,1469.2416168200011,1000.0,1469.2416168200011,1000.0,0.0,0.0
19766,1713317880000.0,0.0,0.0,0.0,117.29,0.0,0.0,121.9,0.9999253857184062,1.0,1469.2416168200011,1000.0,1469.2416168200011,1000.0,0.0,0.0
19767,1713321480000.0,0.0,0.0,0.0,117.29,0.0,0.0,121.86,0.9999253857184062,1.0,1469.2416168200011,1000.0,1469.2416168200011,1000.0,0.0,0.0
19768,1713325080000.0,0.0,0.0,0.0,117.29,0.0,0.0,123.03,0.9999253857184062,1.0,1469.2416168200011,1000.0,1469.2416168200011,1000.0,0.0,0.0
19769,1713328680000.0,0.0,0.0,0.0,117.29,0.0,0.0,124.21,0.9999253857184062,1.0,1469.2416168200011,1000.0,1469.2416168200011,1000.0,0.0,0.0
19770,1713332280000.0,0.0,0.0,0.0,117.29,0.0,0.0,124.27,0.9999253857184062,1.0,1469.2416168200011,1000.0,1469.2416168200011,1000.0,0.0,0.0
19771,1713335880000.0,0.0,0.0,0.0,117.29,0.0,0.0,124.25,0.9999253857184062,1.0,1469.2416168200011,1000.0,1469.2416168200011,1000.0,0.0,0.0
19772,1713339480000.0,0.0,0.0,0.0,117.29,0.0,0.0,124.5,0.9999253857184062,1.0,1469.2416168200011,1000.0,1469.2416168200011,1000.0,0.0,0.0
19773,1713343080000.0,0.0,0.0,0.0,117.29,0.0,0.0,123.84,0.9999253857184062,1.0,1469.2416168200011,1000.0,1469.2416168200011,1000.0,0.0,0.0
19774,1713346680000.0,0.0,0.0,0.0,117.29,0.0,0.0,124.87,0.9999253857184062,1.0,1469.2416168200011,1000.0,1469.2416168200011,1000.0,0.0,0.0
19775,1713350280000.0,0.0,0.0,0.0,117.29,0.0,0.0,122.95,0.9999253857184062,1.0,1469.2416168200011,1000.0,1469.2416168200011,1000.0,0.0,0.0
19776,1713353880000.0,0.0,0.0,0.0,117.29,0.0,0.0,123.26,0.9999253857184062,1.0,1469.2416168200011,1000.0,1469.2416168200011,1000.0,0.0,0.0
19777,1713357480000.0,0.0,0.0,0.0,117.29,0.0,0.0,121.49,0.9999253857184062,1.0,1469.2416168200011,1000.0,1469.2416168200011,1000.0,0.0,0.0
19778,1713361080000.0,0.0,0.0,0.0,117.29,0.0,0.0,122.03,0.9999253857184062,1.0,1469.2416168200011,1000.0,1469.2416168200011,1000.0,0.0,0.0
19779,1713364680000.0,0.0,0.0,0.0,117.29,0.0,0.0,120.07,0.9999253857184062,1.0,1469.2416168200011,1000.0,1469.2416168200011,1000.0,0.0,0.0
19780,1713368280000.0,0.0,0.0,0.5,117.94,0.0,0.0,118.37,0.9999253857184062,1.0,1469.2298228200011,1000.0,1469.444822820001,1000.0,0.04013667506885651,0.0
19781,1713371880000.0,0.0,0.0,0.5,117.94,0.0,0.0,116.96,0.9999253857184062,1.0,1469.2298228200011,1000.0,1468.739822820001,1000.0,0.04013667506885651,0.0
19782,1713375480000.0,0.0,0.0,0.5,117.94,0.0,0.0,119.09,0.9999253857184062,1.0,1469.2298228200011,1000.0,1469.8048228200012,1000.0,0.04013667506885651,0.0
19783,1713379080000.0,0.0,0.0,0.5,117.94,0.0,0.0,119.61,0.9999253857184062,1.0,1469.2298228200011,1000.0,1470.0648228200012,1000.0,0.04013667506885651,0.0
19784,1713382680000.0,0.0,0.0,0.5,117.94,0.0,0.0,119.59,0.9999253857184062,1.0,1469.2298228200011,1000.0,1470.0548228200012,1000.0,0.04013667506885651,0.0
19785,1713386280000.0,0.0,0.0,0.5,117.94,0.0,0.0,120.47,0.9999253857184062,1.0,1469.2298228200011,1000.0,1470.4948228200012,1000.0,0.04013667506885651,0.0
19786,1713389880000.0,0.0,0.0,0.5,117.94,0.0,0.0,119.93,0.9999253857184062,1.0,1469.2298228200011,1000.0,1470.224822820001,1000.0,0.04013667506885651,0.0
19787,1713393480000.0,0.0,0.0,0.5,117.94,0.0,0.0,118.81,0.9999253857184062,1.0,1469.2298228200011,1000.0,1469.664822820001,1000.0,0.04013667506885651,0.0
19788,1713397080000.0,0.0,0.0,0.5,117.94,0.0,0.0,117.12,0.9999253857184062,1.0,1469.2298228200011,1000.0,1468.819822820001,1000.0,0.04013667506885651,0.0
19789,1713400680000.0,0.0,0.0,0.5,117.94,0.0,0.0,115.8,0.9999253857184062,1.0,1469.2298228200011,1000.0,1468.1598228200012,1000.0,0.04013667506885651,0.0
19790,1713404280000.0,0.0,0.0,0.5,117.94,0.0,0.0,117.16,0.9999253857184062,1.0,1469.2298228200011,1000.0,1468.839822820001,1000.0,0.04013667506885651,0.0
19791,1713407880000.0,0.0,0.0,0.5,117.94,0.0,0.0,117.07,0.9999253857184062,1.0,1469.2298228200011,1000.0,1468.7948228200012,1000.0,0.04013667506885651,0.0
19792,1713411480000.0,0.0,0.0,0.5,117.94,0.0,0.0,118.99,0.9999253857184062,1.0,1469.2298228200011,1000.0,1469.7548228200012,1000.0,0.04013667506885651,0.0
19793,1713415080000.0,0.0,0.0,0.5,117.94,0.0,0.0,118.76,0.9999253857184062,1.0,1469.2298228200011,1000.0,1469.6398228200012,1000.0,0.04013667506885651,0.0
19794,1713418680000.0,0.0,0.0,0.5,117.94,0.0,0.0,117.84,0.9999253857184062,1.0,1469.2298228200011,1000.0,1469.1798228200012,1000.0,0.04013667506885651,0.0
19795,1713422280000.0,0.0,0.0,0.5,117.94,0.0,0.0,115.62,0.9999253857184062,1.0,1469.2298228200011,1000.0,1468.069822820001,1000.0,0.04013667506885651,0.0
19796,1713425880000.0,0.0,0.0,1.02,115.43176470588234,0.0,0.0,112.81,0.9999253857184062,1.0,1469.2180687400012,1000.0,1466.5438687400012,1000.0,0.08013813776533116,0.0
19797,1713429480000.0,0.0,0.0,1.02,115.43176470588234,0.0,0.0,113.25,0.9999253857184062,1.0,1469.2180687400012,1000.0,1466.9926687400011,1000.0,0.08013813776533116,0.0
19798,1713433080000.0,0.0,0.0,1.02,115.43176470588234,0.0,0.0,113.53,0.9999253857184062,1.0,1469.2180687400012,1000.0,1467.2782687400013,1000.0,0.08013813776533116,0.0
19799,1713436680000.0,0.0,0.0,1.02,115.43176470588234,0.0,0.0,115.46,0.9999253857184062,1.0,1469.2180687400012,1000.0,1469.2468687400012,1000.0,0.08013813776533116,0.0
19800,1713440280000.0,0.0,0.0,1.02,115.43176470588234,0.0,0.0,116.73,0.9999253857184062,1.0,1469.2180687400012,1000.0,1470.5422687400012,1000.0,0.08013813776533116,0.0
19801,1713443880000.0,0.0,0.0,1.02,115.43176470588234,0.0,0.0,114.0,0.9999253857184062,1.0,1469.2180687400012,1000.0,1467.7576687400012,1000.0,0.08013813776533116,0.0
19802,1713447480000.0,0.0,0.0,1.02,115.43176470588234,0.0,0.0,114.01,0.9999253857184062,1.0,1469.2180687400012,1000.0,1467.7678687400012,1000.0,0.08013813776533116,0.0
19803,1713451080000.0,0.0,0.0,1.02,115.43176470588234,0.0,0.0,116.41,0.9999253857184062,1.0,1469.2180687400012,1000.0,1470.2158687400013,1000.0,0.08013813776533116,0.0
19804,1713454680000.0,0.0,0.0,1.02,115.43176470588234,0.0,0.0,116.1,0.9999253857184062,1.0,1469.2180687400012,1000.0,1469.8996687400013,1000.0,0.08013813776533116,0.0
19805,1713458280000.0,0.0,0.0,1.02,115.43176470588234,0.0,0.0,116.6,0.9999253857184062,1.0,1469.2180687400012,1000.0,1470.4096687400013,1000.0,0.08013813776533116,0.0
19806,1713461880000.0,0.0,0.0,1.02,115.43176470588234,0.0,0.0,115.84,0.9999253857184062,1.0,1469.2180687400012,1000.0,1469.6344687400012,1000.0,0.08013813776533116,0.0
19807,1713465480000.0,0.0,0.0,1.02,115.43176470588234,0.0,0.0,116.2,0.9999253857184062,1.0,1469.2180687400012,1000.0,1470.0016687400012,1000.0,0.08013813776533116,0.0
19808,1713469080000.0,0.0,0.0,1.02,115.43176470588234,0.0,0.0,116.99,0.9999253857184062,1.0,1469.2180687400012,1000.0,1470.8074687400012,1000.0,0.08013813776533116,0.0
19809,1713472680000.0,0.0,0.0,1.02,115.43176470588234,0.0,0.0,116.44,0.9999253857184062,1.0,1469.2180687400012,1000.0,1470.246468740001,1000.0,0.08013813776533116,0.0
19810,1713476280000.0,0.0,0.0,1.02,115.43176470588234,0.0,0.0,117.39,0.9999253857184062,1.0,1469.2180687400012,1000.0,1471.2154687400011,1000.0,0.08013813776533116,0.0
19811,1713479880000.0,0.0,0.0,1.02,115.43176470588234,0.0,0.0,117.14,0.9999253857184062,1.0,1469.2180687400012,1000.0,1470.9604687400013,1000.0,0.08013813776533116,0.0
19812,1713483480000.0,0.0,0.0,1.02,115.43176470588234,0.0,0.0,116.53,0.9999253857184062,1.0,1469.2180687400012,1000.0,1470.3382687400012,1000.0,0.08013813776533116,0.0
19813,1713487080000.0,0.0,0.0,1.02,115.43176470588234,0.0,0.0,114.87,0.9999253857184062,1.0,1469.2180687400012,1000.0,1468.645068740001,1000.0,0.08013813776533116,0.0
19814,1713490680000.0,0.0,0.0,1.02,115.43176470588234,0.0,0.0,113.53,0.9999253857184062,1.0,1469.2180687400012,1000.0,1467.2782687400013,1000.0,0.08013813776533116,0.0
19815,1713494280000.0,0.0,0.0,1.02,115.43176470588234,0.0,0.0,111.45,0.9999253857184062,1.0,1469.2180687400012,1000.0,1465.1566687400011,1000.0,0.08013813776533116,0.0
19816,1713497880000.0,0.0,0.0,1.02,115.43176470588234,0.0,0.0,114.23,0.9999253857184062,1.0,1469.2180687400012,1000.0,1467.9922687400012,1000.0,0.08013813776533116,0.0
19817,1713501480000.0,0.0,0.0,1.02,115.43176470588234,0.0,0.0,115.76,0.9999253857184062,1.0,1469.2180687400012,1000.0,1469.5528687400013,1000.0,0.08013813776533116,0.0
19818,1713505080000.0,0.0,0.0,1.02,115.43176470588234,0.0,0.0,114.22,0.9999253857184062,1.0,1469.2180687400012,1000.0,1467.982068740001,1000.0,0.08013813776533116,0.0
19819,1713508680000.0,0.0,0.0,1.02,115.43176470588234,0.0,0.0,114.97,0.9999253857184062,1.0,1469.2180687400012,1000.0,1468.7470687400012,1000.0,0.08013813776533116,0.0
19820,1713512280000.0,0.0,0.0,1.02,115.43176470588234,0.0,0.0,116.61,0.9999253857184062,1.0,1469.2180687400012,1000.0,1470.4198687400012,1000.0,0.08013813776533116,0.0
19821,1713515880000.0,0.0,0.0,0.46,115.43176470588234,0.0,0.0,118.9,0.9999253857184062,1.0,1471.146963704707,1000.0,1472.7423519400013,1000.0,0.03609334286425784,0.0
19822,1713519480000.0,0.0,0.0,0.0,115.43176470588234,0.0,0.0,118.89,0.9999253857184062,1.0,1472.731413140002,1000.0,1472.731413140002,1000.0,0.0,0.0
19823,1713523080000.0,0.0,0.0,0.0,115.43176470588234,0.0,0.0,118.1,0.9999253857184062,1.0,1472.731413140002,1000.0,1472.731413140002,1000.0,0.0,0.0
19824,1713526680000.0,0.0,0.0,0.0,115.43176470588234,0.0,0.0,117.1,0.9999253857184062,1.0,1472.731413140002,1000.0,1472.731413140002,1000.0,0.0,0.0
19825,1713530280000.0,0.0,0.0,0.0,115.43176470588234,0.0,0.0,115.37,0.9999253857184062,1.0,1472.731413140002,1000.0,1472.731413140002,1000.0,0.0,0.0
19826,1713533880000.0,0.0,0.0,0.0,115.43176470588234,0.0,0.0,117.35,0.9999253857184062,1.0,1472.731413140002,1000.0,1472.731413140002,1000.0,0.0,0.0
19827,1713537480000.0,0.0,0.0,0.0,115.43176470588234,0.0,0.0,117.74,0.9999253857184062,1.0,1472.731413140002,1000.0,1472.731413140002,1000.0,0.0,0.0
19828,1713541080000.0,0.0,0.0,0.0,115.43176470588234,0.0,0.0,119.83,0.9999253857184062,1.0,1472.731413140002,1000.0,1472.731413140002,1000.0,0.0,0.0
19829,1713544680000.0,0.0,0.0,0.0,115.43176470588234,0.0,0.0,119.42,0.9999253857184062,1.0,1472.731413140002,1000.0,1472.731413140002,1000.0,0.0,0.0
19830,1713548280000.0,0.0,0.0,0.0,115.43176470588234,0.0,0.0,120.91,0.9999253857184062,1.0,1472.731413140002,1000.0,1472.731413140002,1000.0,0.0,0.0
19831,1713551880000.0,0.0,0.0,0.0,115.43176470588234,0.0,0.0,121.22,0.9999253857184062,1.0,1472.731413140002,1000.0,1472.731413140002,1000.0,0.0,0.0
19832,1713555480000.0,0.0,0.0,0.0,115.43176470588234,0.0,0.0,121.22,0.9999253857184062,1.0,1472.731413140002,1000.0,1472.731413140002,1000.0,0.0,0.0
19833,1713559080000.0,0.0,0.0,0.0,115.43176470588234,0.0,0.0,119.58,0.9999253857184062,1.0,1472.731413140002,1000.0,1472.731413140002,1000.0,0.0,0.0
19834,1713562680000.0,0.0,0.0,0.0,115.43176470588234,0.0,0.0,118.58,0.9999253857184062,1.0,1472.731413140002,1000.0,1472.731413140002,1000.0,0.0,0.0
19835,1713566280000.0,0.0,0.0,0.0,115.43176470588234,0.0,0.0,118.48,0.9999253857184062,1.0,1472.731413140002,1000.0,1472.731413140002,1000.0,0.0,0.0
19836,1713569880000.0,0.0,0.0,0.0,115.43176470588234,0.0,0.0,116.64,0.9999253857184062,1.0,1472.731413140002,1000.0,1472.731413140002,1000.0,0.0,0.0
19837,1713573480000.0,0.0,0.0,0.0,115.43176470588234,0.0,0.0,116.95,0.9999253857184062,1.0,1472.731413140002,1000.0,1472.731413140002,1000.0,0.0,0.0
19838,1713577080000.0,0.0,0.0,0.0,115.43176470588234,0.0,0.0,116.85,0.9999253857184062,1.0,1472.731413140002,1000.0,1472.731413140002,1000.0,0.0,0.0
19839,1713580680000.0,0.0,0.0,0.0,115.43176470588234,0.0,0.0,116.87,0.9999253857184062,1.0,1472.731413140002,1000.0,1472.731413140002,1000.0,0.0,0.0
19840,1713584280000.0,0.0,0.0,0.0,115.43176470588234,0.0,0.0,117.06,0.9999253857184062,1.0,1472.731413140002,1000.0,1472.731413140002,1000.0,0.0,0.0
19841,1713587880000.0,0.0,0.0,0.0,115.43176470588234,0.0,0.0,118.96,0.9999253857184062,1.0,1472.731413140002,1000.0,1472.731413140002,1000.0,0.0,0.0
19842,1713591480000.0,0.0,0.0,0.0,115.43176470588234,0.0,0.0,118.69,0.9999253857184062,1.0,1472.731413140002,1000.0,1472.731413140002,1000.0,0.0,0.0
19843,1713595080000.0,0.0,0.0,0.0,115.43176470588234,0.0,0.0,118.66,0.9999253857184062,1.0,1472.731413140002,1000.0,1472.731413140002,1000.0,0.0,0.0
19844,1713598680000.0,0.0,0.0,0.0,115.43176470588234,0.0,0.0,119.2,0.9999253857184062,1.0,1472.731413140002,1000.0,1472.731413140002,1000.0,0.0,0.0
19845,1713602280000.0,0.0,0.0,0.0,115.43176470588234,0.0,0.0,117.86,0.9999253857184062,1.0,1472.731413140002,1000.0,1472.731413140002,1000.0,0.0,0.0
19846,1713605880000.0,0.0,0.0,0.0,115.43176470588234,0.0,0.0,118.1,0.9999253857184062,1.0,1472.731413140002,1000.0,1472.731413140002,1000.0,0.0,0.0
19847,1713609480000.0,0.0,0.0,0.0,115.43176470588234,0.0,0.0,117.68,0.9999253857184062,1.0,1472.731413140002,1000.0,1472.731413140002,1000.0,0.0,0.0
19848,1713613080000.0,0.0,0.0,0.0,115.43176470588234,0.0,0.0,117.93,0.9999253857184062,1.0,1472.731413140002,1000.0,1472.731413140002,1000.0,0.0,0.0
19849,1713616680000.0,0.0,0.0,0.0,115.43176470588234,0.0,0.0,117.95,0.9999253857184062,1.0,1472.731413140002,1000.0,1472.731413140002,1000.0,0.0,0.0
19850,1713620280000.0,0.0,0.0,0.0,115.43176470588234,0.0,0.0,118.38,0.9999253857184062,1.0,1472.731413140002,1000.0,1472.731413140002,1000.0,0.0,0.0
19851,1713623880000.0,0.0,0.0,0.0,115.43176470588234,0.0,0.0,117.47,0.9999253857184062,1.0,1472.731413140002,1000.0,1472.731413140002,1000.0,0.0,0.0
19852,1713627480000.0,0.0,0.0,0.0,115.43176470588234,0.0,0.0,117.78,0.9999253857184062,1.0,1472.731413140002,1000.0,1472.731413140002,1000.0,0.0,0.0
19853,1713631080000.0,0.0,0.0,0.0,115.43176470588234,0.0,0.0,117.94,0.9999253857184062,1.0,1472.731413140002,1000.0,1472.731413140002,1000.0,0.0,0.0
19854,1713634680000.0,0.0,0.0,0.0,115.43176470588234,0.0,0.0,118.32,0.9999253857184062,1.0,1472.731413140002,1000.0,1472.731413140002,1000.0,0.0,0.0
19855,1713638280000.0,0.0,0.0,0.0,115.43176470588234,0.0,0.0,119.03,0.9999253857184062,1.0,1472.731413140002,1000.0,1472.731413140002,1000.0,0.0,0.0
19856,1713641880000.0,0.0,0.0,0.0,115.43176470588234,0.0,0.0,119.01,0.9999253857184062,1.0,1472.731413140002,1000.0,1472.731413140002,1000.0,0.0,0.0
19857,1713645480000.0,0.0,0.0,0.0,115.43176470588234,0.0,0.0,118.84,0.9999253857184062,1.0,1472.731413140002,1000.0,1472.731413140002,1000.0,0.0,0.0
19858,1713649080000.0,0.0,0.0,0.0,115.43176470588234,0.0,0.0,119.2,0.9999253857184062,1.0,1472.731413140002,1000.0,1472.731413140002,1000.0,0.0,0.0
19859,1713652680000.0,0.0,0.0,0.0,115.43176470588234,0.0,0.0,119.67,0.9999253857184062,1.0,1472.731413140002,1000.0,1472.731413140002,1000.0,0.0,0.0
19860,1713656280000.0,0.0,0.0,0.0,115.43176470588234,0.0,0.0,121.28,0.9999253857184062,1.0,1472.731413140002,1000.0,1472.731413140002,1000.0,0.0,0.0
19861,1713659880000.0,0.0,0.0,0.0,115.43176470588234,0.0,0.0,122.94,0.9999253857184062,1.0,1472.731413140002,1000.0,1472.731413140002,1000.0,0.0,0.0
19862,1713663480000.0,0.0,0.0,0.0,115.43176470588234,0.0,0.0,123.42,0.9999253857184062,1.0,1472.731413140002,1000.0,1472.731413140002,1000.0,0.0,0.0
19863,1713667080000.0,0.0,0.0,0.0,115.43176470588234,0.0,0.0,124.99,0.9999253857184062,1.0,1472.731413140002,1000.0,1472.731413140002,1000.0,0.0,0.0
19864,1713670680000.0,0.0,0.0,0.0,115.43176470588234,0.0,0.0,124.19,0.9999253857184062,1.0,1472.731413140002,1000.0,1472.731413140002,1000.0,0.0,0.0
19865,1713674280000.0,0.0,0.0,0.0,115.43176470588234,0.0,0.0,122.63,0.9999253857184062,1.0,1472.731413140002,1000.0,1472.731413140002,1000.0,0.0,0.0
19866,1713677880000.0,0.0,0.0,0.0,115.43176470588234,0.0,0.0,121.64,0.9999253857184062,1.0,1472.731413140002,1000.0,1472.731413140002,1000.0,0.0,0.0
19867,1713681480000.0,0.0,0.0,0.0,115.43176470588234,0.0,0.0,120.69,0.9999253857184062,1.0,1472.731413140002,1000.0,1472.731413140002,1000.0,0.0,0.0
19868,1713685080000.0,0.0,0.0,0.0,115.43176470588234,0.0,0.0,120.23,0.9999253857184062,1.0,1472.731413140002,1000.0,1472.731413140002,1000.0,0.0,0.0
19869,1713688680000.0,0.0,0.0,0.0,115.43176470588234,0.0,0.0,120.55,0.9999253857184062,1.0,1472.731413140002,1000.0,1472.731413140002,1000.0,0.0,0.0
19870,1713692280000.0,0.0,0.0,0.0,115.43176470588234,0.0,0.0,120.22,0.9999253857184062,1.0,1472.731413140002,1000.0,1472.731413140002,1000.0,0.0,0.0
19871,1713695880000.0,0.0,0.0,0.0,115.43176470588234,0.0,0.0,119.71,0.9999253857184062,1.0,1472.731413140002,1000.0,1472.731413140002,1000.0,0.0,0.0
19872,1713699480000.0,0.0,0.0,0.0,115.43176470588234,0.0,0.0,121.12,0.9999253857184062,1.0,1472.731413140002,1000.0,1472.731413140002,1000.0,0.0,0.0
19873,1713703080000.0,0.0,0.0,0.0,115.43176470588234,0.0,0.0,120.94,0.9999253857184062,1.0,1472.731413140002,1000.0,1472.731413140002,1000.0,0.0,0.0
19874,1713706680000.0,0.0,0.0,0.0,115.43176470588234,0.0,0.0,119.87,0.9999253857184062,1.0,1472.731413140002,1000.0,1472.731413140002,1000.0,0.0,0.0
19875,1713710280000.0,0.0,0.0,0.0,115.43176470588234,0.0,0.0,119.78,0.9999253857184062,1.0,1472.731413140002,1000.0,1472.731413140002,1000.0,0.0,0.0
19876,1713713880000.0,0.0,0.0,0.0,115.43176470588234,0.0,0.0,119.41,0.9999253857184062,1.0,1472.731413140002,1000.0,1472.731413140002,1000.0,0.0,0.0
19877,1713717480000.0,0.0,0.0,0.0,115.43176470588234,0.0,0.0,117.49,0.9999253857184062,1.0,1472.731413140002,1000.0,1472.731413140002,1000.0,0.0,0.0
19878,1713721080000.0,0.0,0.0,0.0,115.43176470588234,0.0,0.0,117.25,0.9999253857184062,1.0,1472.731413140002,1000.0,1472.731413140002,1000.0,0.0,0.0
19879,1713724680000.0,0.0,0.0,0.0,115.43176470588234,0.0,0.0,116.96,0.9999253857184062,1.0,1472.731413140002,1000.0,1472.731413140002,1000.0,0.0,0.0
19880,1713728280000.0,0.0,0.0,0.0,115.43176470588234,0.0,0.0,116.83,0.9999253857184062,1.0,1472.731413140002,1000.0,1472.731413140002,1000.0,0.0,0.0
19881,1713731880000.0,0.0,0.0,0.0,115.43176470588234,0.0,0.0,116.12,0.9999253857184062,1.0,1472.731413140002,1000.0,1472.731413140002,1000.0,0.0,0.0
19882,1713735480000.0,0.0,0.0,0.0,115.43176470588234,0.0,0.0,116.81,0.9999253857184062,1.0,1472.731413140002,1000.0,1472.731413140002,1000.0,0.0,0.0
19883,1713739080000.0,0.0,0.0,0.0,115.43176470588234,0.0,0.0,117.83,0.9999253857184062,1.0,1472.731413140002,1000.0,1472.731413140002,1000.0,0.0,0.0
19884,1713742680000.0,0.0,0.0,0.0,115.43176470588234,0.0,0.0,118.92,0.9999253857184062,1.0,1472.731413140002,1000.0,1472.731413140002,1000.0,0.0,0.0
19885,1713746280000.0,0.0,0.0,0.0,115.43176470588234,0.0,0.0,119.43,0.9999253857184062,1.0,1472.731413140002,1000.0,1472.731413140002,1000.0,0.0,0.0
19886,1713749880000.0,0.0,0.0,0.0,115.43176470588234,0.0,0.0,120.29,0.9999253857184062,1.0,1472.731413140002,1000.0,1472.731413140002,1000.0,0.0,0.0
19887,1713753480000.0,0.0,0.0,0.0,115.43176470588234,0.0,0.0,119.03,0.9999253857184062,1.0,1472.731413140002,1000.0,1472.731413140002,1000.0,0.0,0.0
19888,1713757080000.0,0.0,0.0,0.0,115.43176470588234,0.0,0.0,119.58,0.9999253857184062,1.0,1472.731413140002,1000.0,1472.731413140002,1000.0,0.0,0.0
19889,1713760680000.0,0.0,0.0,0.0,115.43176470588234,0.0,0.0,119.92,0.9999253857184062,1.0,1472.731413140002,1000.0,1472.731413140002,1000.0,0.0,0.0
19890,1713764280000.0,0.0,0.0,0.0,115.43176470588234,0.0,0.0,119.91,0.9999253857184062,1.0,1472.731413140002,1000.0,1472.731413140002,1000.0,0.0,0.0
19891,1713767880000.0,0.0,0.0,0.0,115.43176470588234,0.0,0.0,120.09,0.9999253857184062,1.0,1472.731413140002,1000.0,1472.731413140002,1000.0,0.0,0.0
19892,1713771480000.0,0.0,0.0,0.0,115.43176470588234,0.0,0.0,119.98,0.9999253857184062,1.0,1472.731413140002,1000.0,1472.731413140002,1000.0,0.0,0.0
19893,1713775080000.0,0.0,0.0,0.0,115.43176470588234,0.0,0.0,119.63,0.9999253857184062,1.0,1472.731413140002,1000.0,1472.731413140002,1000.0,0.0,0.0
19894,1713778680000.0,0.0,0.0,0.0,115.43176470588234,0.0,0.0,121.27,0.9999253857184062,1.0,1472.731413140002,1000.0,1472.731413140002,1000.0,0.0,0.0
19895,1713782280000.0,0.0,0.0,0.0,115.43176470588234,0.0,0.0,120.15,0.9999253857184062,1.0,1472.731413140002,1000.0,1472.731413140002,1000.0,0.0,0.0
19896,1713785880000.0,0.0,0.0,0.0,115.43176470588234,0.0,0.0,120.69,0.9999253857184062,1.0,1472.731413140002,1000.0,1472.731413140002,1000.0,0.0,0.0
19897,1713789480000.0,0.0,0.0,0.0,115.43176470588234,0.0,0.0,120.05,0.9999253857184062,1.0,1472.731413140002,1000.0,1472.731413140002,1000.0,0.0,0.0
19898,1713793080000.0,0.0,0.0,0.0,115.43176470588234,0.0,0.0,121.24,0.9999253857184062,1.0,1472.731413140002,1000.0,1472.731413140002,1000.0,0.0,0.0
19899,1713796680000.0,0.0,0.0,0.0,115.43176470588234,0.0,0.0,121.08,0.9999253857184062,1.0,1472.731413140002,1000.0,1472.731413140002,1000.0,0.0,0.0
19900,1713800280000.0,0.0,0.0,0.0,115.43176470588234,0.0,0.0,120.92,0.9999253857184062,1.0,1472.731413140002,1000.0,1472.731413140002,1000.0,0.0,0.0
19901,1713803880000.0,0.0,0.0,0.0,115.43176470588234,0.0,0.0,121.78,0.9999253857184062,1.0,1472.731413140002,1000.0,1472.731413140002,1000.0,0.0,0.0
19902,1713807480000.0,0.0,0.0,0.0,115.43176470588234,0.0,0.0,121.87,0.9999253857184062,1.0,1472.731413140002,1000.0,1472.731413140002,1000.0,0.0,0.0
19903,1713811080000.0,0.0,0.0,0.0,115.43176470588234,0.0,0.0,122.57,0.9999253857184062,1.0,1472.731413140002,1000.0,1472.731413140002,1000.0,0.0,0.0
19904,1713814680000.0,0.0,0.0,0.0,115.43176470588234,0.0,0.0,123.83,0.9999253857184062,1.0,1472.731413140002,1000.0,1472.731413140002,1000.0,0.0,0.0
19905,1713818280000.0,0.0,0.0,0.0,115.43176470588234,0.0,0.0,122.66,0.9999253857184062,1.0,1472.731413140002,1000.0,1472.731413140002,1000.0,0.0,0.0
19906,1713821880000.0,0.0,0.0,0.0,115.43176470588234,0.0,0.0,121.6,0.9999253857184062,1.0,1472.731413140002,1000.0,1472.731413140002,1000.0,0.0,0.0
19907,1713825480000.0,0.0,0.0,0.0,115.43176470588234,0.0,0.0,121.68,0.9999253857184062,1.0,1472.731413140002,1000.0,1472.731413140002,1000.0,0.0,0.0
19908,1713829080000.0,0.0,0.0,0.0,115.43176470588234,0.0,0.0,121.23,0.9999253857184062,1.0,1472.731413140002,1000.0,1472.731413140002,1000.0,0.0,0.0
19909,1713832680000.0,0.0,0.0,0.0,115.43176470588234,0.0,0.0,122.15,0.9999253857184062,1.0,1472.731413140002,1000.0,1472.731413140002,1000.0,0.0,0.0
19910,1713836280000.0,0.0,0.0,0.0,115.43176470588234,0.0,0.0,121.59,0.9999253857184062,1.0,1472.731413140002,1000.0,1472.731413140002,1000.0,0.0,0.0
19911,1713839880000.0,0.0,0.0,0.0,115.43176470588234,0.0,0.0,121.03,0.9999253857184062,1.0,1472.731413140002,1000.0,1472.731413140002,1000.0,0.0,0.0
19912,1713843480000.0,0.0,0.0,0.0,115.43176470588234,0.0,0.0,120.66,0.9999253857184062,1.0,1472.731413140002,1000.0,1472.731413140002,1000.0,0.0,0.0
19913,1713847080000.0,0.0,0.0,0.0,115.43176470588234,0.0,0.0,120.72,0.9999253857184062,1.0,1472.731413140002,1000.0,1472.731413140002,1000.0,0.0,0.0
19914,1713850680000.0,0.0,0.0,0.0,115.43176470588234,0.0,0.0,122.39,0.9999253857184062,1.0,1472.731413140002,1000.0,1472.731413140002,1000.0,0.0,0.0
19915,1713854280000.0,0.0,0.0,0.0,115.43176470588234,0.0,0.0,123.02,0.9999253857184062,1.0,1472.731413140002,1000.0,1472.731413140002,1000.0,0.0,0.0
19916,1713857880000.0,0.0,0.0,0.0,115.43176470588234,0.0,0.0,121.19,0.9999253857184062,1.0,1472.731413140002,1000.0,1472.731413140002,1000.0,0.0,0.0
19917,1713861480000.0,0.0,0.0,0.0,115.43176470588234,0.0,0.0,121.51,0.9999253857184062,1.0,1472.731413140002,1000.0,1472.731413140002,1000.0,0.0,0.0
19918,1713865080000.0,0.0,0.0,0.0,115.43176470588234,0.0,0.0,121.56,0.9999253857184062,1.0,1472.731413140002,1000.0,1472.731413140002,1000.0,0.0,0.0
19919,1713868680000.0,0.0,0.0,0.0,115.43176470588234,0.0,0.0,121.68,0.9999253857184062,1.0,1472.731413140002,1000.0,1472.731413140002,1000.0,0.0,0.0
19920,1713872280000.0,0.0,0.0,0.0,115.43176470588234,0.0,0.0,121.63,0.9999253857184062,1.0,1472.731413140002,1000.0,1472.731413140002,1000.0,0.0,0.0
19921,1713875880000.0,0.0,0.0,0.0,115.43176470588234,0.0,0.0,123.0,0.9999253857184062,1.0,1472.731413140002,1000.0,1472.731413140002,1000.0,0.0,0.0
19922,1713879480000.0,0.0,0.0,0.0,115.43176470588234,0.0,0.0,123.28,0.9999253857184062,1.0,1472.731413140002,1000.0,1472.731413140002,1000.0,0.0,0.0
19923,1713883080000.0,0.0,0.0,0.0,115.43176470588234,0.0,0.0,123.75,0.9999253857184062,1.0,1472.731413140002,1000.0,1472.731413140002,1000.0,0.0,0.0
19924,1713886680000.0,0.0,0.0,0.0,115.43176470588234,0.0,0.0,123.45,0.9999253857184062,1.0,1472.731413140002,1000.0,1472.731413140002,1000.0,0.0,0.0
19925,1713890280000.0,0.0,0.0,0.0,115.43176470588234,0.0,0.0,122.18,0.9999253857184062,1.0,1472.731413140002,1000.0,1472.731413140002,1000.0,0.0,0.0
19926,1713893880000.0,0.0,0.0,0.0,115.43176470588234,0.0,0.0,123.32,0.9999253857184062,1.0,1472.731413140002,1000.0,1472.731413140002,1000.0,0.0,0.0
19927,1713897480000.0,0.0,0.0,0.0,115.43176470588234,0.0,0.0,122.35,0.9999253857184062,1.0,1472.731413140002,1000.0,1472.731413140002,1000.0,0.0,0.0
19928,1713901080000.0,0.0,0.0,0.0,115.43176470588234,0.0,0.0,122.51,0.9999253857184062,1.0,1472.731413140002,1000.0,1472.731413140002,1000.0,0.0,0.0
19929,1713904680000.0,0.0,0.0,0.0,115.43176470588234,0.0,0.0,122.78,0.9999253857184062,1.0,1472.731413140002,1000.0,1472.731413140002,1000.0,0.0,0.0
19930,1713908280000.0,0.0,0.0,0.0,115.43176470588234,0.0,0.0,122.18,0.9999253857184062,1.0,1472.731413140002,1000.0,1472.731413140002,1000.0,0.0,0.0
19931,1713911880000.0,0.0,0.0,0.0,115.43176470588234,0.0,0.0,121.75,0.9999253857184062,1.0,1472.731413140002,1000.0,1472.731413140002,1000.0,0.0,0.0
19932,1713915480000.0,0.0,0.0,0.0,115.43176470588234,0.0,0.0,121.41,0.9999253857184062,1.0,1472.731413140002,1000.0,1472.731413140002,1000.0,0.0,0.0
19933,1713919080000.0,0.0,0.0,0.0,115.43176470588234,0.0,0.0,121.08,0.9999253857184062,1.0,1472.731413140002,1000.0,1472.731413140002,1000.0,0.0,0.0
19934,1713922680000.0,0.0,0.0,0.0,115.43176470588234,0.0,0.0,121.91,0.9999253857184062,1.0,1472.731413140002,1000.0,1472.731413140002,1000.0,0.0,0.0
19935,1713926280000.0,0.0,0.0,0.0,115.43176470588234,0.0,0.0,121.55,0.9999253857184062,1.0,1472.731413140002,1000.0,1472.731413140002,1000.0,0.0,0.0
19936,1713929880000.0,0.0,0.0,0.0,115.43176470588234,0.0,0.0,121.02,0.9999253857184062,1.0,1472.731413140002,1000.0,1472.731413140002,1000.0,0.0,0.0
19937,1713933480000.0,0.0,0.0,0.0,115.43176470588234,0.0,0.0,121.69,0.9999253857184062,1.0,1472.731413140002,1000.0,1472.731413140002,1000.0,0.0,0.0
19938,1713937080000.0,0.0,0.0,0.0,115.43176470588234,0.0,0.0,121.59,0.9999253857184062,1.0,1472.731413140002,1000.0,1472.731413140002,1000.0,0.0,0.0
19939,1713940680000.0,0.0,0.0,0.0,115.43176470588234,0.0,0.0,121.54,0.9999253857184062,1.0,1472.731413140002,1000.0,1472.731413140002,1000.0,0.0,0.0
19940,1713944280000.0,0.0,0.0,0.0,115.43176470588234,0.0,0.0,121.92,0.9999253857184062,1.0,1472.731413140002,1000.0,1472.731413140002,1000.0,0.0,0.0
19941,1713947880000.0,0.0,0.0,0.0,115.43176470588234,0.0,0.0,121.12,0.9999253857184062,1.0,1472.731413140002,1000.0,1472.731413140002,1000.0,0.0,0.0
19942,1713951480000.0,0.0,0.0,0.0,115.43176470588234,0.0,0.0,120.8,0.9999253857184062,1.0,1472.731413140002,1000.0,1472.731413140002,1000.0,0.0,0.0
19943,1713955080000.0,0.0,0.0,0.0,115.43176470588234,0.0,0.0,121.14,0.9999253857184062,1.0,1472.731413140002,1000.0,1472.731413140002,1000.0,0.0,0.0
19944,1713958680000.0,0.0,0.0,0.0,115.43176470588234,0.0,0.0,121.72,0.9999253857184062,1.0,1472.731413140002,1000.0,1472.731413140002,1000.0,0.0,0.0
19945,1713962280000.0,0.0,0.0,0.0,115.43176470588234,0.0,0.0,121.55,0.9999253857184062,1.0,1472.731413140002,1000.0,1472.731413140002,1000.0,0.0,0.0
19946,1713965880000.0,0.0,0.0,0.0,115.43176470588234,0.0,0.0,121.44,0.9999253857184062,1.0,1472.731413140002,1000.0,1472.731413140002,1000.0,0.0,0.0
19947,1713969480000.0,0.0,0.0,0.0,115.43176470588234,0.0,0.0,121.18,0.9999253857184062,1.0,1472.731413140002,1000.0,1472.731413140002,1000.0,0.0,0.0
19948,1713973080000.0,0.0,0.0,0.0,115.43176470588234,0.0,0.0,121.37,0.9999253857184062,1.0,1472.731413140002,1000.0,1472.731413140002,1000.0,0.0,0.0
19949,1713976680000.0,0.0,0.0,0.0,115.43176470588234,0.0,0.0,120.22,0.9999253857184062,1.0,1472.731413140002,1000.0,1472.731413140002,1000.0,0.0,0.0
19950,1713980280000.0,0.0,0.0,0.0,115.43176470588234,0.0,0.0,120.94,0.9999253857184062,1.0,1472.731413140002,1000.0,1472.731413140002,1000.0,0.0,0.0
19951,1713983880000.0,0.0,0.0,0.0,115.43176470588234,0.0,0.0,119.84,0.9999253857184062,1.0,1472.731413140002,1000.0,1472.731413140002,1000.0,0.0,0.0
19952,1713987480000.0,0.0,0.0,0.0,115.43176470588234,0.0,0.0,120.33,0.9999253857184062,1.0,1472.731413140002,1000.0,1472.731413140002,1000.0,0.0,0.0
19953,1713991080000.0,0.0,0.0,0.0,115.43176470588234,0.0,0.0,119.76,0.9999253857184062,1.0,1472.731413140002,1000.0,1472.731413140002,1000.0,0.0,0.0
19954,1713994680000.0,0.0,0.0,0.0,115.43176470588234,0.0,0.0,119.86,0.9999253857184062,1.0,1472.731413140002,1000.0,1472.731413140002,1000.0,0.0,0.0
19955,1713998280000.0,0.0,0.0,0.0,115.43176470588234,0.0,0.0,119.89,0.9999253857184062,1.0,1472.731413140002,1000.0,1472.731413140002,1000.0,0.0,0.0
19956,1714001880000.0,0.0,0.0,0.0,115.43176470588234,0.0,0.0,118.63,0.9999253857184062,1.0,1472.731413140002,1000.0,1472.731413140002,1000.0,0.0,0.0
19957,1714005480000.0,0.0,0.0,0.0,115.43176470588234,0.0,0.0,118.75,0.9999253857184062,1.0,1472.731413140002,1000.0,1472.731413140002,1000.0,0.0,0.0
19958,1714009080000.0,0.0,0.0,0.0,115.43176470588234,0.0,0.0,118.36,0.9999253857184062,1.0,1472.731413140002,1000.0,1472.731413140002,1000.0,0.0,0.0
19959,1714012680000.0,0.0,0.0,0.0,115.43176470588234,0.0,0.0,118.68,0.9999253857184062,1.0,1472.731413140002,1000.0,1472.731413140002,1000.0,0.0,0.0
19960,1714016280000.0,0.0,0.0,0.0,115.43176470588234,0.0,0.0,118.41,0.9999253857184062,1.0,1472.731413140002,1000.0,1472.731413140002,1000.0,0.0,0.0
19961,1714019880000.0,0.0,0.0,0.0,115.43176470588234,0.0,0.0,118.13,0.9999253857184062,1.0,1472.731413140002,1000.0,1472.731413140002,1000.0,0.0,0.0
19962,1714023480000.0,0.0,0.0,0.0,115.43176470588234,0.0,0.0,118.84,0.9999253857184062,1.0,1472.731413140002,1000.0,1472.731413140002,1000.0,0.0,0.0
19963,1714027080000.0,0.0,0.0,0.0,115.43176470588234,0.0,0.0,119.54,0.9999253857184062,1.0,1472.731413140002,1000.0,1472.731413140002,1000.0,0.0,0.0
19964,1714030680000.0,0.0,0.0,0.0,115.43176470588234,0.0,0.0,119.57,0.9999253857184062,1.0,1472.731413140002,1000.0,1472.731413140002,1000.0,0.0,0.0
19965,1714034280000.0,0.0,0.0,0.0,115.43176470588234,0.0,0.0,118.97,0.9999253857184062,1.0,1472.731413140002,1000.0,1472.731413140002,1000.0,0.0,0.0
19966,1714037880000.0,0.0,0.0,0.0,115.43176470588234,0.0,0.0,118.2,0.9999253857184062,1.0,1472.731413140002,1000.0,1472.731413140002,1000.0,0.0,0.0
19967,1714041480000.0,0.0,0.0,0.0,115.43176470588234,0.0,0.0,117.69,0.9999253857184062,1.0,1472.731413140002,1000.0,1472.731413140002,1000.0,0.0,0.0
19968,1714045080000.0,0.0,0.0,0.0,115.43176470588234,0.0,0.0,118.42,0.9999253857184062,1.0,1472.731413140002,1000.0,1472.731413140002,1000.0,0.0,0.0
19969,1714048680000.0,0.0,0.0,0.0,115.43176470588234,0.0,0.0,118.42,0.9999253857184062,1.0,1472.731413140002,1000.0,1472.731413140002,1000.0,0.0,0.0
19970,1714052280000.0,0.0,0.0,0.0,115.43176470588234,0.0,0.0,118.94,0.9999253857184062,1.0,1472.731413140002,1000.0,1472.731413140002,1000.0,0.0,0.0
19971,1714055880000.0,0.0,0.0,0.0,115.43176470588234,0.0,0.0,119.1,0.9999253857184062,1.0,1472.731413140002,1000.0,1472.731413140002,1000.0,0.0,0.0
19972,1714059480000.0,0.0,0.0,0.0,115.43176470588234,0.0,0.0,119.03,0.9999253857184062,1.0,1472.731413140002,1000.0,1472.731413140002,1000.0,0.0,0.0
19973,1714063080000.0,0.0,0.0,0.0,115.43176470588234,0.0,0.0,119.82,0.9999253857184062,1.0,1472.731413140002,1000.0,1472.731413140002,1000.0,0.0,0.0
19974,1714066680000.0,0.0,0.0,0.0,115.43176470588234,0.0,0.0,120.47,0.9999253857184062,1.0,1472.731413140002,1000.0,1472.731413140002,1000.0,0.0,0.0
19975,1714070280000.0,0.0,0.0,0.0,115.43176470588234,0.0,0.0,120.33,0.9999253857184062,1.0,1472.731413140002,1000.0,1472.731413140002,1000.0,0.0,0.0
19976,1714073880000.0,0.0,0.0,0.0,115.43176470588234,0.0,0.0,120.42,0.9999253857184062,1.0,1472.731413140002,1000.0,1472.731413140002,1000.0,0.0,0.0
19977,1714077480000.0,0.0,0.0,0.0,115.43176470588234,0.0,0.0,120.97,0.9999253857184062,1.0,1472.731413140002,1000.0,1472.731413140002,1000.0,0.0,0.0
19978,1714081080000.0,0.0,0.0,0.0,115.43176470588234,0.0,0.0,121.27,0.9999253857184062,1.0,1472.731413140002,1000.0,1472.731413140002,1000.0,0.0,0.0
19979,1714084680000.0,0.0,0.0,0.0,115.43176470588234,0.0,0.0,119.78,0.9999253857184062,1.0,1472.731413140002,1000.0,1472.731413140002,1000.0,0.0,0.0
19980,1714088280000.0,0.0,0.0,0.0,115.43176470588234,0.0,0.0,120.09,0.9999253857184062,1.0,1472.731413140002,1000.0,1472.731413140002,1000.0,0.0,0.0
19981,1714091880000.0,0.0,0.0,0.0,115.43176470588234,0.0,0.0,120.6,0.9999253857184062,1.0,1472.731413140002,1000.0,1472.731413140002,1000.0,0.0,0.0
19982,1714095480000.0,0.0,0.0,0.0,115.43176470588234,0.0,0.0,120.09,0.9999253857184062,1.0,1472.731413140002,1000.0,1472.731413140002,1000.0,0.0,0.0
19983,1714099080000.0,0.0,0.0,0.0,115.43176470588234,0.0,0.0,121.29,0.9999253857184062,1.0,1472.731413140002,1000.0,1472.731413140002,1000.0,0.0,0.0
19984,1714102680000.0,0.0,0.0,0.0,115.43176470588234,0.0,0.0,120.4,0.9999253857184062,1.0,1472.731413140002,1000.0,1472.731413140002,1000.0,0.0,0.0
19985,1714106280000.0,0.0,0.0,0.0,115.43176470588234,0.0,0.0,120.35,0.9999253857184062,1.0,1472.731413140002,1000.0,1472.731413140002,1000.0,0.0,0.0
19986,1714109880000.0,0.0,0.0,0.0,115.43176470588234,0.0,0.0,121.01,0.9999253857184062,1.0,1472.731413140002,1000.0,1472.731413140002,1000.0,0.0,0.0
19987,1714113480000.0,0.0,0.0,0.0,115.43176470588234,0.0,0.0,121.72,0.9999253857184062,1.0,1472.731413140002,1000.0,1472.731413140002,1000.0,0.0,0.0
19988,1714117080000.0,0.0,0.0,0.0,115.43176470588234,0.0,0.0,120.17,0.9999253857184062,1.0,1472.731413140002,1000.0,1472.731413140002,1000.0,0.0,0.0
19989,1714120680000.0,0.0,0.0,0.0,115.43176470588234,0.0,0.0,119.53,0.9999253857184062,1.0,1472.731413140002,1000.0,1472.731413140002,1000.0,0.0,0.0
19990,1714124280000.0,0.0,0.0,0.0,115.43176470588234,0.0,0.0,119.43,0.9999253857184062,1.0,1472.731413140002,1000.0,1472.731413140002,1000.0,0.0,0.0
19991,1714127880000.0,0.0,0.0,0.0,115.43176470588234,0.0,0.0,119.98,0.9999253857184062,1.0,1472.731413140002,1000.0,1472.731413140002,1000.0,0.0,0.0
19992,1714131480000.0,0.0,0.0,0.0,115.43176470588234,0.0,0.0,120.81,0.9999253857184062,1.0,1472.731413140002,1000.0,1472.731413140002,1000.0,0.0,0.0
19993,1714135080000.0,0.0,0.0,0.0,115.43176470588234,0.0,0.0,121.81,0.9999253857184062,1.0,1472.731413140002,1000.0,1472.731413140002,1000.0,0.0,0.0
19994,1714138680000.0,0.0,0.0,0.0,115.43176470588234,0.0,0.0,121.22,0.9999253857184062,1.0,1472.731413140002,1000.0,1472.731413140002,1000.0,0.0,0.0
19995,1714142280000.0,0.0,0.0,0.0,115.43176470588234,0.0,0.0,121.73,0.9999253857184062,1.0,1472.731413140002,1000.0,1472.731413140002,1000.0,0.0,0.0
19996,1714145880000.0,0.0,0.0,0.0,115.43176470588234,0.0,0.0,121.12,0.9999253857184062,1.0,1472.731413140002,1000.0,1472.731413140002,1000.0,0.0,0.0
19997,1714149480000.0,0.0,0.0,0.0,115.43176470588234,0.0,0.0,122.48,0.9999253857184062,1.0,1472.731413140002,1000.0,1472.731413140002,1000.0,0.0,0.0
19998,1714153080000.0,0.0,0.0,0.0,115.43176470588234,0.0,0.0,120.83,0.9999253857184062,1.0,1472.731413140002,1000.0,1472.731413140002,1000.0,0.0,0.0
19999,1714156680000.0,0.0,0.0,0.0,115.43176470588234,0.0,0.0,120.86,0.9999253857184062,1.0,1472.731413140002,1000.0,1472.731413140002,1000.0,0.0,0.0
20000,1714160280000.0,0.0,0.0,0.0,115.43176470588234,0.0,0.0,120.62,0.9999253857184062,1.0,1472.731413140002,1000.0,1472.731413140002,1000.0,0.0,0.0
20001,1714163880000.0,0.0,0.0,0.0,115.43176470588234,0.0,0.0,120.91,0.9999253857184062,1.0,1472.731413140002,1000.0,1472.731413140002,1000.0,0.0,0.0
20002,1714167480000.0,0.0,0.0,0.0,115.43176470588234,0.0,0.0,121.23,0.9999253857184062,1.0,1472.731413140002,1000.0,1472.731413140002,1000.0,0.0,0.0
20003,1714171080000.0,0.0,0.0,0.0,115.43176470588234,0.0,0.0,120.74,0.9999253857184062,1.0,1472.731413140002,1000.0,1472.731413140002,1000.0,0.0,0.0
20004,1714174680000.0,0.0,0.0,0.0,115.43176470588234,0.0,0.0,120.46,0.9999253857184062,1.0,1472.731413140002,1000.0,1472.731413140002,1000.0,0.0,0.0
20005,1714178280000.0,0.0,0.0,0.0,115.43176470588234,0.0,0.0,120.25,0.9999253857184062,1.0,1472.731413140002,1000.0,1472.731413140002,1000.0,0.0,0.0
20006,1714181880000.0,0.0,0.0,0.0,115.43176470588234,0.0,0.0,119.81,0.9999253857184062,1.0,1472.731413140002,1000.0,1472.731413140002,1000.0,0.0,0.0
20007,1714185480000.0,0.0,0.0,0.0,115.43176470588234,0.0,0.0,118.64,0.9999253857184062,1.0,1472.731413140002,1000.0,1472.731413140002,1000.0,0.0,0.0
20008,1714189080000.0,0.0,0.0,0.0,115.43176470588234,0.0,0.0,119.08,0.9999253857184062,1.0,1472.731413140002,1000.0,1472.731413140002,1000.0,0.0,0.0
20009,1714192680000.0,0.0,0.0,0.0,115.43176470588234,0.0,0.0,118.77,0.9999253857184062,1.0,1472.731413140002,1000.0,1472.731413140002,1000.0,0.0,0.0
20010,1714196280000.0,0.0,0.0,0.0,115.43176470588234,0.0,0.0,118.49,0.9999253857184062,1.0,1472.731413140002,1000.0,1472.731413140002,1000.0,0.0,0.0
20011,1714199880000.0,0.0,0.0,0.0,115.43176470588234,0.0,0.0,119.73,0.9999253857184062,1.0,1472.731413140002,1000.0,1472.731413140002,1000.0,0.0,0.0
20012,1714203480000.0,0.0,0.0,0.0,115.43176470588234,0.0,0.0,120.3,0.9999253857184062,1.0,1472.731413140002,1000.0,1472.731413140002,1000.0,0.0,0.0
20013,1714207080000.0,0.0,0.0,0.0,115.43176470588234,0.0,0.0,120.06,0.9999253857184062,1.0,1472.731413140002,1000.0,1472.731413140002,1000.0,0.0,0.0
20014,1714210680000.0,0.0,0.0,0.0,115.43176470588234,0.0,0.0,119.07,0.9999253857184062,1.0,1472.731413140002,1000.0,1472.731413140002,1000.0,0.0,0.0
20015,1714214280000.0,0.0,0.0,0.0,115.43176470588234,0.0,0.0,120.13,0.9999253857184062,1.0,1472.731413140002,1000.0,1472.731413140002,1000.0,0.0,0.0
20016,1714217880000.0,0.0,0.0,0.0,115.43176470588234,0.0,0.0,120.68,0.9999253857184062,1.0,1472.731413140002,1000.0,1472.731413140002,1000.0,0.0,0.0
20017,1714221480000.0,0.0,0.0,0.0,115.43176470588234,0.0,0.0,120.66,0.9999253857184062,1.0,1472.731413140002,1000.0,1472.731413140002,1000.0,0.0,0.0
20018,1714225080000.0,0.0,0.0,0.0,115.43176470588234,0.0,0.0,120.69,0.9999253857184062,1.0,1472.731413140002,1000.0,1472.731413140002,1000.0,0.0,0.0
20019,1714228680000.0,0.0,0.0,0.0,115.43176470588234,0.0,0.0,121.08,0.9999253857184062,1.0,1472.731413140002,1000.0,1472.731413140002,1000.0,0.0,0.0
20020,1714232280000.0,0.0,0.0,0.0,115.43176470588234,0.0,0.0,120.27,0.9999253857184062,1.0,1472.731413140002,1000.0,1472.731413140002,1000.0,0.0,0.0
20021,1714235880000.0,0.0,0.0,0.0,115.43176470588234,0.0,0.0,120.0,0.9999253857184062,1.0,1472.731413140002,1000.0,1472.731413140002,1000.0,0.0,0.0
20022,1714239480000.0,0.0,0.0,0.0,115.43176470588234,0.0,0.0,119.8,0.9999253857184062,1.0,1472.731413140002,1000.0,1472.731413140002,1000.0,0.0,0.0
20023,1714243080000.0,0.0,0.0,0.0,115.43176470588234,0.0,0.0,119.43,0.9999253857184062,1.0,1472.731413140002,1000.0,1472.731413140002,1000.0,0.0,0.0
20024,1714246680000.0,0.0,0.0,0.0,115.43176470588234,0.0,0.0,121.31,0.9999253857184062,1.0,1472.731413140002,1000.0,1472.731413140002,1000.0,0.0,0.0
20025,1714250280000.0,0.0,0.0,0.0,115.43176470588234,0.0,0.0,121.05,0.9999253857184062,1.0,1472.731413140002,1000.0,1472.731413140002,1000.0,0.0,0.0
20026,1714253880000.0,0.0,0.0,0.0,115.43176470588234,0.0,0.0,121.48,0.9999253857184062,1.0,1472.731413140002,1000.0,1472.731413140002,1000.0,0.0,0.0
20027,1714257480000.0,0.0,0.0,0.0,115.43176470588234,0.0,0.0,122.41,0.9999253857184062,1.0,1472.731413140002,1000.0,1472.731413140002,1000.0,0.0,0.0
20028,1714261080000.0,0.0,0.0,0.0,115.43176470588234,0.0,0.0,122.88,0.9999253857184062,1.0,1472.731413140002,1000.0,1472.731413140002,1000.0,0.0,0.0
20029,1714264680000.0,0.0,0.0,0.0,115.43176470588234,0.0,0.0,122.17,0.9999253857184062,1.0,1472.731413140002,1000.0,1472.731413140002,1000.0,0.0,0.0
20030,1714268280000.0,0.0,0.0,0.0,115.43176470588234,0.0,0.0,122.81,0.9999253857184062,1.0,1472.731413140002,1000.0,1472.731413140002,1000.0,0.0,0.0
20031,1714271880000.0,0.0,0.0,0.0,115.43176470588234,0.0,0.0,123.04,0.9999253857184062,1.0,1472.731413140002,1000.0,1472.731413140002,1000.0,0.0,0.0
20032,1714275480000.0,0.0,0.0,0.0,115.43176470588234,0.0,0.0,123.9,0.9999253857184062,1.0,1472.731413140002,1000.0,1472.731413140002,1000.0,0.0,0.0
20033,1714279080000.0,0.0,0.0,0.0,115.43176470588234,0.0,0.0,124.34,0.9999253857184062,1.0,1472.731413140002,1000.0,1472.731413140002,1000.0,0.0,0.0
20034,1714282680000.0,0.0,0.0,0.0,115.43176470588234,0.0,0.0,124.35,0.9999253857184062,1.0,1472.731413140002,1000.0,1472.731413140002,1000.0,0.0,0.0
20035,1714286280000.0,0.0,0.0,0.0,115.43176470588234,0.0,0.0,123.62,0.9999253857184062,1.0,1472.731413140002,1000.0,1472.731413140002,1000.0,0.0,0.0
20036,1714289880000.0,0.0,0.0,0.0,115.43176470588234,0.0,0.0,123.46,0.9999253857184062,1.0,1472.731413140002,1000.0,1472.731413140002,1000.0,0.0,0.0
20037,1714293480000.0,0.0,0.0,0.0,115.43176470588234,0.0,0.0,124.01,0.9999253857184062,1.0,1472.731413140002,1000.0,1472.731413140002,1000.0,0.0,0.0
20038,1714297080000.0,0.0,0.0,0.0,115.43176470588234,0.0,0.0,124.58,0.9999253857184062,1.0,1472.731413140002,1000.0,1472.731413140002,1000.0,0.0,0.0
20039,1714300680000.0,0.0,0.0,0.0,115.43176470588234,0.0,0.0,124.31,0.9999253857184062,1.0,1472.731413140002,1000.0,1472.731413140002,1000.0,0.0,0.0
20040,1714304280000.0,0.0,0.0,0.0,115.43176470588234,0.0,0.0,124.71,0.9999253857184062,1.0,1472.731413140002,1000.0,1472.731413140002,1000.0,0.0,0.0
20041,1714307880000.0,0.0,0.0,0.0,115.43176470588234,0.0,0.0,126.46,0.9999253857184062,1.0,1472.731413140002,1000.0,1472.731413140002,1000.0,0.0,0.0
20042,1714311480000.0,0.0,0.0,0.0,115.43176470588234,0.0,0.0,129.5,0.9999253857184062,1.0,1472.731413140002,1000.0,1472.731413140002,1000.0,0.0,0.0
20043,1714315080000.0,0.0,0.0,0.0,115.43176470588234,0.0,0.0,125.11,0.9999253857184062,1.0,1472.731413140002,1000.0,1472.731413140002,1000.0,0.0,0.0
20044,1714318680000.0,0.0,0.0,0.0,115.43176470588234,0.0,0.0,124.52,0.9999253857184062,1.0,1472.731413140002,1000.0,1472.731413140002,1000.0,0.0,0.0
20045,1714322280000.0,0.0,0.0,0.0,115.43176470588234,0.0,0.0,123.92,0.9999253857184062,1.0,1472.731413140002,1000.0,1472.731413140002,1000.0,0.0,0.0
20046,1714325880000.0,0.0,0.0,0.0,115.43176470588234,0.0,0.0,124.6,0.9999253857184062,1.0,1472.731413140002,1000.0,1472.731413140002,1000.0,0.0,0.0
20047,1714329480000.0,0.0,0.0,0.0,115.43176470588234,0.0,0.0,124.2,0.9999253857184062,1.0,1472.731413140002,1000.0,1472.731413140002,1000.0,0.0,0.0
20048,1714333080000.0,0.0,0.0,0.0,115.43176470588234,0.0,0.0,124.67,0.9999253857184062,1.0,1472.731413140002,1000.0,1472.731413140002,1000.0,0.0,0.0
20049,1714336680000.0,0.0,0.0,0.0,115.43176470588234,0.0,0.0,124.75,0.9999253857184062,1.0,1472.731413140002,1000.0,1472.731413140002,1000.0,0.0,0.0
20050,1714340280000.0,0.0,0.0,0.0,115.43176470588234,0.0,0.0,126.48,0.9999253857184062,1.0,1472.731413140002,1000.0,1472.731413140002,1000.0,0.0,0.0
20051,1714343880000.0,0.0,0.0,0.0,115.43176470588234,0.0,0.0,128.35,0.9999253857184062,1.0,1472.731413140002,1000.0,1472.731413140002,1000.0,0.0,0.0
20052,1714347480000.0,0.0,0.0,0.0,115.43176470588234,0.0,0.0,127.18,0.9999253857184062,1.0,1472.731413140002,1000.0,1472.731413140002,1000.0,0.0,0.0
20053,1714351080000.0,0.0,0.0,0.0,115.43176470588234,0.0,0.0,127.6,0.9999253857184062,1.0,1472.731413140002,1000.0,1472.731413140002,1000.0,0.0,0.0
20054,1714354680000.0,0.0,0.0,0.0,115.43176470588234,0.0,0.0,126.41,0.9999253857184062,1.0,1472.731413140002,1000.0,1472.731413140002,1000.0,0.0,0.0
20055,1714358280000.0,0.0,0.0,0.0,115.43176470588234,0.0,0.0,126.33,0.9999253857184062,1.0,1472.731413140002,1000.0,1472.731413140002,1000.0,0.0,0.0
20056,1714361880000.0,0.0,0.0,0.0,115.43176470588234,0.0,0.0,125.18,0.9999253857184062,1.0,1472.731413140002,1000.0,1472.731413140002,1000.0,0.0,0.0
20057,1714365480000.0,0.0,0.0,0.0,115.43176470588234,0.0,0.0,125.36,0.9999253857184062,1.0,1472.731413140002,1000.0,1472.731413140002,1000.0,0.0,0.0
20058,1714369080000.0,0.0,0.0,0.0,115.43176470588234,0.0,0.0,124.23,0.9999253857184062,1.0,1472.731413140002,1000.0,1472.731413140002,1000.0,0.0,0.0
20059,1714372680000.0,0.0,0.0,0.0,115.43176470588234,0.0,0.0,123.89,0.9999253857184062,1.0,1472.731413140002,1000.0,1472.731413140002,1000.0,0.0,0.0
20060,1714376280000.0,0.0,0.0,0.0,115.43176470588234,0.0,0.0,123.46,0.9999253857184062,1.0,1472.731413140002,1000.0,1472.731413140002,1000.0,0.0,0.0
20061,1714379880000.0,0.0,0.0,0.0,115.43176470588234,0.0,0.0,124.59,0.9999253857184062,1.0,1472.731413140002,1000.0,1472.731413140002,1000.0,0.0,0.0
20062,1714383480000.0,0.0,0.0,0.0,115.43176470588234,0.0,0.0,124.55,0.9999253857184062,1.0,1472.731413140002,1000.0,1472.731413140002,1000.0,0.0,0.0
20063,1714387080000.0,0.0,0.0,0.0,115.43176470588234,0.0,0.0,124.84,0.9999253857184062,1.0,1472.731413140002,1000.0,1472.731413140002,1000.0,0.0,0.0
20064,1714390680000.0,0.0,0.0,0.0,115.43176470588234,0.0,0.0,125.24,0.9999253857184062,1.0,1472.731413140002,1000.0,1472.731413140002,1000.0,0.0,0.0
20065,1714394280000.0,0.0,0.0,0.0,115.43176470588234,0.0,0.0,125.64,0.9999253857184062,1.0,1472.731413140002,1000.0,1472.731413140002,1000.0,0.0,0.0
20066,1714397880000.0,0.0,0.0,0.0,115.43176470588234,0.0,0.0,124.69,0.9999253857184062,1.0,1472.731413140002,1000.0,1472.731413140002,1000.0,0.0,0.0
20067,1714401480000.0,0.0,0.0,0.0,115.43176470588234,0.0,0.0,125.46,0.9999253857184062,1.0,1472.731413140002,1000.0,1472.731413140002,1000.0,0.0,0.0
20068,1714405080000.0,0.0,0.0,0.0,115.43176470588234,0.0,0.0,122.75,0.9999253857184062,1.0,1472.731413140002,1000.0,1472.731413140002,1000.0,0.0,0.0
20069,1714408680000.0,0.0,0.0,0.0,115.43176470588234,0.0,0.0,124.02,0.9999253857184062,1.0,1472.731413140002,1000.0,1472.731413140002,1000.0,0.0,0.0
20070,1714412280000.0,0.0,0.0,0.0,115.43176470588234,0.0,0.0,124.2,0.9999253857184062,1.0,1472.731413140002,1000.0,1472.731413140002,1000.0,0.0,0.0
20071,1714415880000.0,0.0,0.0,0.0,115.43176470588234,0.0,0.0,124.9,0.9999253857184062,1.0,1472.731413140002,1000.0,1472.731413140002,1000.0,0.0,0.0
20072,1714419480000.0,0.0,0.0,0.0,115.43176470588234,0.0,0.0,124.73,0.9999253857184062,1.0,1472.731413140002,1000.0,1472.731413140002,1000.0,0.0,0.0
20073,1714423080000.0,0.0,0.0,0.0,115.43176470588234,0.0,0.0,123.95,0.9999253857184062,1.0,1472.731413140002,1000.0,1472.731413140002,1000.0,0.0,0.0
20074,1714426680000.0,0.0,0.0,0.0,115.43176470588234,0.0,0.0,124.48,0.9999253857184062,1.0,1472.731413140002,1000.0,1472.731413140002,1000.0,0.0,0.0
20075,1714430280000.0,0.0,0.0,0.0,115.43176470588234,0.0,0.0,127.07,0.9999253857184062,1.0,1472.731413140002,1000.0,1472.731413140002,1000.0,0.0,0.0
20076,1714433880000.0,0.0,0.0,0.0,115.43176470588234,0.0,0.0,129.18,0.9999253857184062,1.0,1472.731413140002,1000.0,1472.731413140002,1000.0,0.0,0.0
20077,1714437480000.0,0.0,0.0,0.0,115.43176470588234,0.0,0.0,129.99,0.9999253857184062,1.0,1472.731413140002,1000.0,1472.731413140002,1000.0,0.0,0.0
20078,1714441080000.0,0.0,0.0,0.0,115.43176470588234,0.0,0.0,131.26,0.9999253857184062,1.0,1472.731413140002,1000.0,1472.731413140002,1000.0,0.0,0.0
20079,1714444680000.0,0.0,0.0,0.0,115.43176470588234,0.0,0.0,129.03,0.9999253857184062,1.0,1472.731413140002,1000.0,1472.731413140002,1000.0,0.0,0.0
20080,1714448280000.0,0.0,0.0,0.0,115.43176470588234,0.0,0.0,127.48,0.9999253857184062,1.0,1472.731413140002,1000.0,1472.731413140002,1000.0,0.0,0.0
20081,1714451880000.0,0.0,0.0,0.0,115.43176470588234,0.0,0.0,127.53,0.9999253857184062,1.0,1472.731413140002,1000.0,1472.731413140002,1000.0,0.0,0.0
20082,1714455480000.0,0.0,0.0,0.0,115.43176470588234,0.0,0.0,127.59,0.9999253857184062,1.0,1472.731413140002,1000.0,1472.731413140002,1000.0,0.0,0.0
20083,1714459080000.0,0.0,0.0,0.0,115.43176470588234,0.0,0.0,126.6,0.9999253857184062,1.0,1472.731413140002,1000.0,1472.731413140002,1000.0,0.0,0.0
20084,1714462680000.0,0.0,0.0,0.0,115.43176470588234,0.0,0.0,125.98,0.9999253857184062,1.0,1472.731413140002,1000.0,1472.731413140002,1000.0,0.0,0.0
20085,1714466280000.0,0.0,0.0,0.0,115.43176470588234,0.0,0.0,125.86,0.9999253857184062,1.0,1472.731413140002,1000.0,1472.731413140002,1000.0,0.0,0.0
20086,1714469880000.0,0.0,0.0,0.0,115.43176470588234,0.0,0.0,124.13,0.9999253857184062,1.0,1472.731413140002,1000.0,1472.731413140002,1000.0,0.0,0.0
20087,1714473480000.0,0.0,0.0,0.0,115.43176470588234,0.0,0.0,122.88,0.9999253857184062,1.0,1472.731413140002,1000.0,1472.731413140002,1000.0,0.0,0.0
20088,1714477080000.0,0.0,0.0,0.48,121.79,0.0,0.0,121.45,0.9999253857184062,1.0,1472.719721300002,1000.0,1472.556521300002,1000.0,0.039694722053695855,0.0
20089,1714480680000.0,0.0,0.0,0.48,121.79,0.0,0.0,120.7,0.9999253857184062,1.0,1472.719721300002,1000.0,1472.196521300002,1000.0,0.039694722053695855,0.0
20090,1714484280000.0,0.0,0.0,0.48,121.79,0.0,0.0,119.58,0.9999253857184062,1.0,1472.719721300002,1000.0,1471.658921300002,1000.0,0.039694722053695855,0.0
20091,1714487880000.0,0.0,0.0,0.48,121.79,0.0,0.0,118.54,0.9999253857184062,1.0,1472.719721300002,1000.0,1471.159721300002,1000.0,0.039694722053695855,0.0
20092,1714491480000.0,0.0,0.0,0.48,121.79,0.0,0.0,120.7,0.9999253857184062,1.0,1472.719721300002,1000.0,1472.196521300002,1000.0,0.039694722053695855,0.0
20093,1714495080000.0,0.0,0.0,0.48,121.79,0.0,0.0,118.83,0.9999253857184062,1.0,1472.719721300002,1000.0,1471.298921300002,1000.0,0.039694722053695855,0.0
20094,1714498680000.0,0.0,0.0,0.48,121.79,0.0,0.0,118.91,0.9999253857184062,1.0,1472.719721300002,1000.0,1471.337321300002,1000.0,0.039694722053695855,0.0
20095,1714502280000.0,0.0,0.0,0.48,121.79,0.0,0.0,118.78,0.9999253857184062,1.0,1472.719721300002,1000.0,1471.274921300002,1000.0,0.039694722053695855,0.0
20096,1714505880000.0,0.0,0.0,0.48,121.79,0.0,0.0,119.08,0.9999253857184062,1.0,1472.719721300002,1000.0,1471.418921300002,1000.0,0.039694722053695855,0.0
20097,1714509480000.0,0.0,0.0,0.48,121.79,0.0,0.0,118.35,0.9999253857184062,1.0,1472.719721300002,1000.0,1471.068521300002,1000.0,0.039694722053695855,0.0
20098,1714513080000.0,0.0,0.0,0.48,121.79,0.0,0.0,118.24,0.9999253857184062,1.0,1472.719721300002,1000.0,1471.015721300002,1000.0,0.039694722053695855,0.0
20099,1714516680000.0,0.0,0.0,0.48,121.79,0.0,0.0,118.54,0.9999253857184062,1.0,1472.719721300002,1000.0,1471.159721300002,1000.0,0.039694722053695855,0.0
20100,1714520280000.0,0.0,0.0,0.48,121.79,0.0,0.0,119.25,0.9999253857184062,1.0,1472.719721300002,1000.0,1471.500521300002,1000.0,0.039694722053695855,0.0
20101,1714523880000.0,0.0,0.0,0.48,121.79,0.0,0.0,119.19,0.9999253857184062,1.0,1472.719721300002,1000.0,1471.471721300002,1000.0,0.039694722053695855,0.0
20102,1714527480000.0,0.0,0.0,0.48,121.79,0.0,0.0,120.75,0.9999253857184062,1.0,1472.719721300002,1000.0,1472.220521300002,1000.0,0.039694722053695855,0.0
20103,1714531080000.0,0.0,0.0,0.48,121.79,0.0,0.0,119.85,0.9999253857184062,1.0,1472.719721300002,1000.0,1471.788521300002,1000.0,0.039694722053695855,0.0
20104,1714534680000.0,0.0,0.0,0.48,121.79,0.0,0.0,120.43,0.9999253857184062,1.0,1472.719721300002,1000.0,1472.066921300002,1000.0,0.039694722053695855,0.0
20105,1714538280000.0,0.0,0.0,0.48,121.79,0.0,0.0,121.79,0.9999253857184062,1.0,1472.719721300002,1000.0,1472.719721300002,1000.0,0.039694722053695855,0.0
20106,1714541880000.0,0.0,0.0,0.48,121.79,0.0,0.0,121.31,0.9999253857184062,1.0,1472.719721300002,1000.0,1472.489321300002,1000.0,0.039694722053695855,0.0
20107,1714545480000.0,0.0,0.0,0.48,121.79,0.0,0.0,120.02,0.9999253857184062,1.0,1472.719721300002,1000.0,1471.870121300002,1000.0,0.039694722053695855,0.0
20108,1714549080000.0,0.0,0.0,0.98,119.20836734693879,0.0,0.0,118.11,0.9999253857184062,1.0,1472.708048300002,1000.0,1471.631648300002,1000.0,0.07932610956723855,0.0
20109,1714552680000.0,0.0,0.0,0.98,119.20836734693879,0.0,0.0,116.56,0.9999253857184062,1.0,1472.708048300002,1000.0,1470.112648300002,1000.0,0.07932610956723855,0.0
20110,1714556280000.0,0.0,0.0,0.98,119.20836734693879,0.0,0.0,117.29,0.9999253857184062,1.0,1472.708048300002,1000.0,1470.828048300002,1000.0,0.07932610956723855,0.0
20111,1714559880000.0,0.0,0.0,0.98,119.20836734693879,0.0,0.0,117.46,0.9999253857184062,1.0,1472.708048300002,1000.0,1470.994648300002,1000.0,0.07932610956723855,0.0
20112,1714563480000.0,0.0,0.0,0.98,119.20836734693879,0.0,0.0,117.86,0.9999253857184062,1.0,1472.708048300002,1000.0,1471.386648300002,1000.0,0.07932610956723855,0.0
20113,1714567080000.0,0.0,0.0,0.98,119.20836734693879,0.0,0.0,119.03,0.9999253857184062,1.0,1472.708048300002,1000.0,1472.533248300002,1000.0,0.07932610956723855,0.0
20114,1714570680000.0,0.0,0.0,0.98,119.20836734693879,0.0,0.0,120.07,0.9999253857184062,1.0,1472.708048300002,1000.0,1473.552448300002,1000.0,0.07932610956723855,0.0
20115,1714574280000.0,0.0,0.0,0.98,119.20836734693879,0.0,0.0,118.37,0.9999253857184062,1.0,1472.708048300002,1000.0,1471.886448300002,1000.0,0.07932610956723855,0.0
20116,1714577880000.0,0.0,0.0,0.98,119.20836734693879,0.0,0.0,119.62,0.9999253857184062,1.0,1472.708048300002,1000.0,1473.111448300002,1000.0,0.07932610956723855,0.0
20117,1714581480000.0,0.0,0.0,0.98,119.20836734693879,0.0,0.0,119.29,0.9999253857184062,1.0,1472.708048300002,1000.0,1472.788048300002,1000.0,0.07932610956723855,0.0
20118,1714585080000.0,0.0,0.0,0.98,119.20836734693879,0.0,0.0,121.14,0.9999253857184062,1.0,1472.708048300002,1000.0,1474.601048300002,1000.0,0.07932610956723855,0.0
20119,1714588680000.0,0.0,0.0,0.98,119.20836734693879,0.0,0.0,120.68,0.9999253857184062,1.0,1472.708048300002,1000.0,1474.150248300002,1000.0,0.07932610956723855,0.0
20120,1714592280000.0,0.0,0.0,0.98,119.20836734693879,0.0,0.0,121.04,0.9999253857184062,1.0,1472.708048300002,1000.0,1474.503048300002,1000.0,0.07932610956723855,0.0
20121,1714595880000.0,0.0,0.0,0.98,119.20836734693879,0.0,0.0,122.61,0.9999253857184062,1.0,1472.708048300002,1000.0,1476.041648300002,1000.0,0.07932610956723855,0.0
20122,1714599480000.0,0.0,0.0,0.0,119.20836734693879,0.0,0.0,122.4,0.9999253857184062,1.0,1476.1939814600028,1000.0,1476.1939814600028,1000.0,0.0,0.0
20123,1714603080000.0,0.0,0.0,0.0,119.20836734693879,0.0,0.0,122.16,0.9999253857184062,1.0,1476.1939814600028,1000.0,1476.1939814600028,1000.0,0.0,0.0
20124,1714606680000.0,0.0,0.0,0.0,119.20836734693879,0.0,0.0,122.95,0.9999253857184062,1.0,1476.1939814600028,1000.0,1476.1939814600028,1000.0,0.0,0.0
20125,1714610280000.0,0.0,0.0,0.0,119.20836734693879,0.0,0.0,124.14,0.9999253857184062,1.0,1476.1939814600028,1000.0,1476.1939814600028,1000.0,0.0,0.0
20126,1714613880000.0,0.0,0.0,0.0,119.20836734693879,0.0,0.0,121.82,0.9999253857184062,1.0,1476.1939814600028,1000.0,1476.1939814600028,1000.0,0.0,0.0
20127,1714617480000.0,0.0,0.0,0.0,119.20836734693879,0.0,0.0,121.94,0.9999253857184062,1.0,1476.1939814600028,1000.0,1476.1939814600028,1000.0,0.0,0.0
20128,1714621080000.0,0.0,0.0,0.0,119.20836734693879,0.0,0.0,122.1,0.9999253857184062,1.0,1476.1939814600028,1000.0,1476.1939814600028,1000.0,0.0,0.0
20129,1714624680000.0,0.0,0.0,0.0,119.20836734693879,0.0,0.0,122.17,0.9999253857184062,1.0,1476.1939814600028,1000.0,1476.1939814600028,1000.0,0.0,0.0
20130,1714628280000.0,0.0,0.0,0.0,119.20836734693879,0.0,0.0,123.36,0.9999253857184062,1.0,1476.1939814600028,1000.0,1476.1939814600028,1000.0,0.0,0.0
20131,1714631880000.0,0.0,0.0,0.0,119.20836734693879,0.0,0.0,123.82,0.9999253857184062,1.0,1476.1939814600028,1000.0,1476.1939814600028,1000.0,0.0,0.0
20132,1714635480000.0,0.0,0.0,0.0,119.20836734693879,0.0,0.0,124.25,0.9999253857184062,1.0,1476.1939814600028,1000.0,1476.1939814600028,1000.0,0.0,0.0
20133,1714639080000.0,0.0,0.0,0.0,119.20836734693879,0.0,0.0,123.87,0.9999253857184062,1.0,1476.1939814600028,1000.0,1476.1939814600028,1000.0,0.0,0.0
20134,1714642680000.0,0.0,0.0,0.0,119.20836734693879,0.0,0.0,124.62,0.9999253857184062,1.0,1476.1939814600028,1000.0,1476.1939814600028,1000.0,0.0,0.0
20135,1714646280000.0,0.0,0.0,0.0,119.20836734693879,0.0,0.0,124.95,0.9999253857184062,1.0,1476.1939814600028,1000.0,1476.1939814600028,1000.0,0.0,0.0
20136,1714649880000.0,0.0,0.0,0.0,119.20836734693879,0.0,0.0,125.37,0.9999253857184062,1.0,1476.1939814600028,1000.0,1476.1939814600028,1000.0,0.0,0.0
20137,1714653480000.0,0.0,0.0,0.0,119.20836734693879,0.0,0.0,125.79,0.9999253857184062,1.0,1476.1939814600028,1000.0,1476.1939814600028,1000.0,0.0,0.0
20138,1714657080000.0,0.0,0.0,0.0,119.20836734693879,0.0,0.0,124.85,0.9999253857184062,1.0,1476.1939814600028,1000.0,1476.1939814600028,1000.0,0.0,0.0
20139,1714660680000.0,0.0,0.0,0.0,119.20836734693879,0.0,0.0,125.04,0.9999253857184062,1.0,1476.1939814600028,1000.0,1476.1939814600028,1000.0,0.0,0.0
20140,1714664280000.0,0.0,0.0,0.0,119.20836734693879,0.0,0.0,124.61,0.9999253857184062,1.0,1476.1939814600028,1000.0,1476.1939814600028,1000.0,0.0,0.0
20141,1714667880000.0,0.0,0.0,0.0,119.20836734693879,0.0,0.0,122.53,0.9999253857184062,1.0,1476.1939814600028,1000.0,1476.1939814600028,1000.0,0.0,0.0
20142,1714671480000.0,0.0,0.0,0.0,119.20836734693879,0.0,0.0,122.56,0.9999253857184062,1.0,1476.1939814600028,1000.0,1476.1939814600028,1000.0,0.0,0.0
20143,1714675080000.0,0.0,0.0,0.0,119.20836734693879,0.0,0.0,120.49,0.9999253857184062,1.0,1476.1939814600028,1000.0,1476.1939814600028,1000.0,0.0,0.0
20144,1714678680000.0,0.0,0.0,0.0,119.20836734693879,0.0,0.0,121.48,0.9999253857184062,1.0,1476.1939814600028,1000.0,1476.1939814600028,1000.0,0.0,0.0
20145,1714682280000.0,0.0,0.0,0.0,119.20836734693879,0.0,0.0,122.53,0.9999253857184062,1.0,1476.1939814600028,1000.0,1476.1939814600028,1000.0,0.0,0.0
20146,1714685880000.0,0.0,0.0,0.0,119.20836734693879,0.0,0.0,123.66,0.9999253857184062,1.0,1476.1939814600028,1000.0,1476.1939814600028,1000.0,0.0,0.0
20147,1714689480000.0,0.0,0.0,0.0,119.20836734693879,0.0,0.0,123.47,0.9999253857184062,1.0,1476.1939814600028,1000.0,1476.1939814600028,1000.0,0.0,0.0
20148,1714693080000.0,0.0,0.0,0.0,119.20836734693879,0.0,0.0,122.97,0.9999253857184062,1.0,1476.1939814600028,1000.0,1476.1939814600028,1000.0,0.0,0.0
20149,1714696680000.0,0.0,0.0,0.0,119.20836734693879,0.0,0.0,123.03,0.9999253857184062,1.0,1476.1939814600028,1000.0,1476.1939814600028,1000.0,0.0,0.0
20150,1714700280000.0,0.0,0.0,0.0,119.20836734693879,0.0,0.0,123.07,0.9999253857184062,1.0,1476.1939814600028,1000.0,1476.1939814600028,1000.0,0.0,0.0
20151,1714703880000.0,0.0,0.0,0.0,119.20836734693879,0.0,0.0,123.39,0.9999253857184062,1.0,1476.1939814600028,1000.0,1476.1939814600028,1000.0,0.0,0.0
20152,1714707480000.0,0.0,0.0,0.0,119.20836734693879,0.0,0.0,123.08,0.9999253857184062,1.0,1476.1939814600028,1000.0,1476.1939814600028,1000.0,0.0,0.0
20153,1714711080000.0,0.0,0.0,0.0,119.20836734693879,0.0,0.0,123.75,0.9999253857184062,1.0,1476.1939814600028,1000.0,1476.1939814600028,1000.0,0.0,0.0
20154,1714714680000.0,0.0,0.0,0.0,119.20836734693879,0.0,0.0,123.35,0.9999253857184062,1.0,1476.1939814600028,1000.0,1476.1939814600028,1000.0,0.0,0.0
20155,1714718280000.0,0.0,0.0,0.0,119.20836734693879,0.0,0.0,123.29,0.9999253857184062,1.0,1476.1939814600028,1000.0,1476.1939814600028,1000.0,0.0,0.0
20156,1714721880000.0,0.0,0.0,0.0,119.20836734693879,0.0,0.0,122.8,0.9999253857184062,1.0,1476.1939814600028,1000.0,1476.1939814600028,1000.0,0.0,0.0
20157,1714725480000.0,0.0,0.0,0.0,119.20836734693879,0.0,0.0,122.5,0.9999253857184062,1.0,1476.1939814600028,1000.0,1476.1939814600028,1000.0,0.0,0.0
20158,1714729080000.0,0.0,0.0,0.0,119.20836734693879,0.0,0.0,122.44,0.9999253857184062,1.0,1476.1939814600028,1000.0,1476.1939814600028,1000.0,0.0,0.0
20159,1714732680000.0,0.0,0.0,0.0,119.20836734693879,0.0,0.0,122.5,0.9999253857184062,1.0,1476.1939814600028,1000.0,1476.1939814600028,1000.0,0.0,0.0
20160,1714736280000.0,0.0,0.0,0.0,119.20836734693879,0.0,0.0,122.81,0.9999253857184062,1.0,1476.1939814600028,1000.0,1476.1939814600028,1000.0,0.0,0.0
20161,1714739880000.0,0.0,0.0,0.0,119.20836734693879,0.0,0.0,123.29,0.9999253857184062,1.0,1476.1939814600028,1000.0,1476.1939814600028,1000.0,0.0,0.0
20162,1714743480000.0,0.0,0.0,0.0,119.20836734693879,0.0,0.0,123.83,0.9999253857184062,1.0,1476.1939814600028,1000.0,1476.1939814600028,1000.0,0.0,0.0
20163,1714747080000.0,0.0,0.0,0.0,119.20836734693879,0.0,0.0,123.2,0.9999253857184062,1.0,1476.1939814600028,1000.0,1476.1939814600028,1000.0,0.0,0.0
20164,1714750680000.0,0.0,0.0,0.0,119.20836734693879,0.0,0.0,125.07,0.9999253857184062,1.0,1476.1939814600028,1000.0,1476.1939814600028,1000.0,0.0,0.0
20165,1714754280000.0,0.0,0.0,0.0,119.20836734693879,0.0,0.0,125.3,0.9999253857184062,1.0,1476.1939814600028,1000.0,1476.1939814600028,1000.0,0.0,0.0
20166,1714757880000.0,0.0,0.0,0.0,119.20836734693879,0.0,0.0,124.84,0.9999253857184062,1.0,1476.1939814600028,1000.0,1476.1939814600028,1000.0,0.0,0.0
20167,1714761480000.0,0.0,0.0,0.0,119.20836734693879,0.0,0.0,124.34,0.9999253857184062,1.0,1476.1939814600028,1000.0,1476.1939814600028,1000.0,0.0,0.0
20168,1714765080000.0,0.0,0.0,0.0,119.20836734693879,0.0,0.0,123.55,0.9999253857184062,1.0,1476.1939814600028,1000.0,1476.1939814600028,1000.0,0.0,0.0
20169,1714768680000.0,0.0,0.0,0.0,119.20836734693879,0.0,0.0,124.07,0.9999253857184062,1.0,1476.1939814600028,1000.0,1476.1939814600028,1000.0,0.0,0.0
20170,1714772280000.0,0.0,0.0,0.0,119.20836734693879,0.0,0.0,125.51,0.9999253857184062,1.0,1476.1939814600028,1000.0,1476.1939814600028,1000.0,0.0,0.0
20171,1714775880000.0,0.0,0.0,0.0,119.20836734693879,0.0,0.0,126.0,0.9999253857184062,1.0,1476.1939814600028,1000.0,1476.1939814600028,1000.0,0.0,0.0
20172,1714779480000.0,0.0,0.0,0.0,119.20836734693879,0.0,0.0,125.01,0.9999253857184062,1.0,1476.1939814600028,1000.0,1476.1939814600028,1000.0,0.0,0.0
20173,1714783080000.0,0.0,0.0,0.0,119.20836734693879,0.0,0.0,125.59,0.9999253857184062,1.0,1476.1939814600028,1000.0,1476.1939814600028,1000.0,0.0,0.0
20174,1714786680000.0,0.0,0.0,0.0,119.20836734693879,0.0,0.0,123.48,0.9999253857184062,1.0,1476.1939814600028,1000.0,1476.1939814600028,1000.0,0.0,0.0
20175,1714790280000.0,0.0,0.0,0.0,119.20836734693879,0.0,0.0,124.0,0.9999253857184062,1.0,1476.1939814600028,1000.0,1476.1939814600028,1000.0,0.0,0.0
20176,1714793880000.0,0.0,0.0,0.0,119.20836734693879,0.0,0.0,123.36,0.9999253857184062,1.0,1476.1939814600028,1000.0,1476.1939814600028,1000.0,0.0,0.0
20177,1714797480000.0,0.0,0.0,0.0,119.20836734693879,0.0,0.0,123.67,0.9999253857184062,1.0,1476.1939814600028,1000.0,1476.1939814600028,1000.0,0.0,0.0
20178,1714801080000.0,0.0,0.0,0.0,119.20836734693879,0.0,0.0,123.64,0.9999253857184062,1.0,1476.1939814600028,1000.0,1476.1939814600028,1000.0,0.0,0.0
20179,1714804680000.0,0.0,0.0,0.0,119.20836734693879,0.0,0.0,123.31,0.9999253857184062,1.0,1476.1939814600028,1000.0,1476.1939814600028,1000.0,0.0,0.0
20180,1714808280000.0,0.0,0.0,0.0,119.20836734693879,0.0,0.0,122.94,0.9999253857184062,1.0,1476.1939814600028,1000.0,1476.1939814600028,1000.0,0.0,0.0
20181,1714811880000.0,0.0,0.0,0.0,119.20836734693879,0.0,0.0,123.21,0.9999253857184062,1.0,1476.1939814600028,1000.0,1476.1939814600028,1000.0,0.0,0.0
20182,1714815480000.0,0.0,0.0,0.0,119.20836734693879,0.0,0.0,123.04,0.9999253857184062,1.0,1476.1939814600028,1000.0,1476.1939814600028,1000.0,0.0,0.0
20183,1714819080000.0,0.0,0.0,0.0,119.20836734693879,0.0,0.0,123.64,0.9999253857184062,1.0,1476.1939814600028,1000.0,1476.1939814600028,1000.0,0.0,0.0
20184,1714822680000.0,0.0,0.0,0.0,119.20836734693879,0.0,0.0,123.34,0.9999253857184062,1.0,1476.1939814600028,1000.0,1476.1939814600028,1000.0,0.0,0.0
20185,1714826280000.0,0.0,0.0,0.0,119.20836734693879,0.0,0.0,124.22,0.9999253857184062,1.0,1476.1939814600028,1000.0,1476.1939814600028,1000.0,0.0,0.0
20186,1714829880000.0,0.0,0.0,0.0,119.20836734693879,0.0,0.0,127.1,0.9999253857184062,1.0,1476.1939814600028,1000.0,1476.1939814600028,1000.0,0.0,0.0
20187,1714833480000.0,0.0,0.0,0.0,119.20836734693879,0.0,0.0,129.4,0.9999253857184062,1.0,1476.1939814600028,1000.0,1476.1939814600028,1000.0,0.0,0.0
20188,1714837080000.0,0.0,0.0,0.0,119.20836734693879,0.0,0.0,126.0,0.9999253857184062,1.0,1476.1939814600028,1000.0,1476.1939814600028,1000.0,0.0,0.0
20189,1714840680000.0,0.0,0.0,0.0,119.20836734693879,0.0,0.0,126.17,0.9999253857184062,1.0,1476.1939814600028,1000.0,1476.1939814600028,1000.0,0.0,0.0
20190,1714844280000.0,0.0,0.0,0.0,119.20836734693879,0.0,0.0,125.32,0.9999253857184062,1.0,1476.1939814600028,1000.0,1476.1939814600028,1000.0,0.0,0.0
20191,1714847880000.0,0.0,0.0,0.0,119.20836734693879,0.0,0.0,127.41,0.9999253857184062,1.0,1476.1939814600028,1000.0,1476.1939814600028,1000.0,0.0,0.0
20192,1714851480000.0,0.0,0.0,0.0,119.20836734693879,0.0,0.0,127.18,0.9999253857184062,1.0,1476.1939814600028,1000.0,1476.1939814600028,1000.0,0.0,0.0
20193,1714855080000.0,0.0,0.0,0.0,119.20836734693879,0.0,0.0,126.73,0.9999253857184062,1.0,1476.1939814600028,1000.0,1476.1939814600028,1000.0,0.0,0.0
20194,1714858680000.0,0.0,0.0,0.0,119.20836734693879,0.0,0.0,125.36,0.9999253857184062,1.0,1476.1939814600028,1000.0,1476.1939814600028,1000.0,0.0,0.0
20195,1714862280000.0,0.0,0.0,0.0,119.20836734693879,0.0,0.0,123.96,0.9999253857184062,1.0,1476.1939814600028,1000.0,1476.1939814600028,1000.0,0.0,0.0
20196,1714865880000.0,0.0,0.0,0.0,119.20836734693879,0.0,0.0,123.49,0.9999253857184062,1.0,1476.1939814600028,1000.0,1476.1939814600028,1000.0,0.0,0.0
20197,1714869480000.0,0.0,0.0,0.0,119.20836734693879,0.0,0.0,123.46,0.9999253857184062,1.0,1476.1939814600028,1000.0,1476.1939814600028,1000.0,0.0,0.0
20198,1714873080000.0,0.0,0.0,0.0,119.20836734693879,0.0,0.0,123.63,0.9999253857184062,1.0,1476.1939814600028,1000.0,1476.1939814600028,1000.0,0.0,0.0
20199,1714876680000.0,0.0,0.0,0.0,119.20836734693879,0.0,0.0,123.94,0.9999253857184062,1.0,1476.1939814600028,1000.0,1476.1939814600028,1000.0,0.0,0.0
20200,1714880280000.0,0.0,0.0,0.0,119.20836734693879,0.0,0.0,123.92,0.9999253857184062,1.0,1476.1939814600028,1000.0,1476.1939814600028,1000.0,0.0,0.0
20201,1714883880000.0,0.0,0.0,0.0,119.20836734693879,0.0,0.0,123.31,0.9999253857184062,1.0,1476.1939814600028,1000.0,1476.1939814600028,1000.0,0.0,0.0
20202,1714887480000.0,0.0,0.0,0.0,119.20836734693879,0.0,0.0,124.86,0.9999253857184062,1.0,1476.1939814600028,1000.0,1476.1939814600028,1000.0,0.0,0.0
20203,1714891080000.0,0.0,0.0,0.0,119.20836734693879,0.0,0.0,124.83,0.9999253857184062,1.0,1476.1939814600028,1000.0,1476.1939814600028,1000.0,0.0,0.0
20204,1714894680000.0,0.0,0.0,0.0,119.20836734693879,0.0,0.0,125.87,0.9999253857184062,1.0,1476.1939814600028,1000.0,1476.1939814600028,1000.0,0.0,0.0
20205,1714898280000.0,0.0,0.0,0.0,119.20836734693879,0.0,0.0,125.59,0.9999253857184062,1.0,1476.1939814600028,1000.0,1476.1939814600028,1000.0,0.0,0.0
20206,1714901880000.0,0.0,0.0,0.0,119.20836734693879,0.0,0.0,125.72,0.9999253857184062,1.0,1476.1939814600028,1000.0,1476.1939814600028,1000.0,0.0,0.0
20207,1714905480000.0,0.0,0.0,0.0,119.20836734693879,0.0,0.0,125.68,0.9999253857184062,1.0,1476.1939814600028,1000.0,1476.1939814600028,1000.0,0.0,0.0
20208,1714909080000.0,0.0,0.0,0.0,119.20836734693879,0.0,0.0,126.85,0.9999253857184062,1.0,1476.1939814600028,1000.0,1476.1939814600028,1000.0,0.0,0.0
20209,1714912680000.0,0.0,0.0,0.0,119.20836734693879,0.0,0.0,126.74,0.9999253857184062,1.0,1476.1939814600028,1000.0,1476.1939814600028,1000.0,0.0,0.0
20210,1714916280000.0,0.0,0.0,0.0,119.20836734693879,0.0,0.0,126.53,0.9999253857184062,1.0,1476.1939814600028,1000.0,1476.1939814600028,1000.0,0.0,0.0
20211,1714919880000.0,0.0,0.0,0.0,119.20836734693879,0.0,0.0,126.57,0.9999253857184062,1.0,1476.1939814600028,1000.0,1476.1939814600028,1000.0,0.0,0.0
20212,1714923480000.0,0.0,0.0,0.0,119.20836734693879,0.0,0.0,128.09,0.9999253857184062,1.0,1476.1939814600028,1000.0,1476.1939814600028,1000.0,0.0,0.0
20213,1714927080000.0,0.0,0.0,0.0,119.20836734693879,0.0,0.0,129.58,0.9999253857184062,1.0,1476.1939814600028,1000.0,1476.1939814600028,1000.0,0.0,0.0
20214,1714930680000.0,0.0,0.0,0.0,119.20836734693879,0.0,0.0,129.4,0.9999253857184062,1.0,1476.1939814600028,1000.0,1476.1939814600028,1000.0,0.0,0.0
20215,1714934280000.0,0.0,0.0,0.0,119.20836734693879,0.0,0.0,130.35,0.9999253857184062,1.0,1476.1939814600028,1000.0,1476.1939814600028,1000.0,0.0,0.0
20216,1714937880000.0,0.0,0.0,0.0,119.20836734693879,0.0,0.0,129.01,0.9999253857184062,1.0,1476.1939814600028,1000.0,1476.1939814600028,1000.0,0.0,0.0
20217,1714941480000.0,0.0,0.0,0.0,119.20836734693879,0.0,0.0,130.35,0.9999253857184062,1.0,1476.1939814600028,1000.0,1476.1939814600028,1000.0,0.0,0.0
20218,1714945080000.0,0.0,0.0,0.0,119.20836734693879,0.0,0.0,132.5,0.9999253857184062,1.0,1476.1939814600028,1000.0,1476.1939814600028,1000.0,0.0,0.0
20219,1714948680000.0,0.0,0.0,0.0,119.20836734693879,0.0,0.0,132.21,0.9999253857184062,1.0,1476.1939814600028,1000.0,1476.1939814600028,1000.0,0.0,0.0
20220,1714952280000.0,0.0,0.0,0.0,119.20836734693879,0.0,0.0,133.86,0.9999253857184062,1.0,1476.1939814600028,1000.0,1476.1939814600028,1000.0,0.0,0.0
20221,1714955880000.0,0.0,0.0,0.0,119.20836734693879,0.0,0.0,133.91,0.9999253857184062,1.0,1476.1939814600028,1000.0,1476.1939814600028,1000.0,0.0,0.0
20222,1714959480000.0,0.0,0.0,0.0,119.20836734693879,0.0,0.0,133.93,0.9999253857184062,1.0,1476.1939814600028,1000.0,1476.1939814600028,1000.0,0.0,0.0
20223,1714963080000.0,0.0,0.0,0.0,119.20836734693879,0.0,0.0,133.2,0.9999253857184062,1.0,1476.1939814600028,1000.0,1476.1939814600028,1000.0,0.0,0.0
20224,1714966680000.0,0.0,0.0,0.0,119.20836734693879,0.0,0.0,132.73,0.9999253857184062,1.0,1476.1939814600028,1000.0,1476.1939814600028,1000.0,0.0,0.0
20225,1714970280000.0,0.0,0.0,0.0,119.20836734693879,0.0,0.0,133.4,0.9999253857184062,1.0,1476.1939814600028,1000.0,1476.1939814600028,1000.0,0.0,0.0
20226,1714973880000.0,0.0,0.0,0.0,119.20836734693879,0.0,0.0,133.44,0.9999253857184062,1.0,1476.1939814600028,1000.0,1476.1939814600028,1000.0,0.0,0.0
20227,1714977480000.0,0.0,0.0,0.0,119.20836734693879,0.0,0.0,133.39,0.9999253857184062,1.0,1476.1939814600028,1000.0,1476.1939814600028,1000.0,0.0,0.0
20228,1714981080000.0,0.0,0.0,0.0,119.20836734693879,0.0,0.0,132.55,0.9999253857184062,1.0,1476.1939814600028,1000.0,1476.1939814600028,1000.0,0.0,0.0
20229,1714984680000.0,0.0,0.0,0.0,119.20836734693879,0.0,0.0,132.12,0.9999253857184062,1.0,1476.1939814600028,1000.0,1476.1939814600028,1000.0,0.0,0.0
20230,1714988280000.0,0.0,0.0,0.0,119.20836734693879,0.0,0.0,131.86,0.9999253857184062,1.0,1476.1939814600028,1000.0,1476.1939814600028,1000.0,0.0,0.0
20231,1714991880000.0,0.0,0.0,0.0,119.20836734693879,0.0,0.0,131.49,0.9999253857184062,1.0,1476.1939814600028,1000.0,1476.1939814600028,1000.0,0.0,0.0
20232,1714995480000.0,0.0,0.0,0.0,119.20836734693879,0.0,0.0,131.66,0.9999253857184062,1.0,1476.1939814600028,1000.0,1476.1939814600028,1000.0,0.0,0.0
20233,1714999080000.0,0.0,0.0,0.0,119.20836734693879,0.0,0.0,130.8,0.9999253857184062,1.0,1476.1939814600028,1000.0,1476.1939814600028,1000.0,0.0,0.0
20234,1715002680000.0,0.0,0.0,0.0,119.20836734693879,0.0,0.0,129.56,0.9999253857184062,1.0,1476.1939814600028,1000.0,1476.1939814600028,1000.0,0.0,0.0
20235,1715006280000.0,0.0,0.0,0.0,119.20836734693879,0.0,0.0,130.33,0.9999253857184062,1.0,1476.1939814600028,1000.0,1476.1939814600028,1000.0,0.0,0.0
20236,1715009880000.0,0.0,0.0,0.0,119.20836734693879,0.0,0.0,129.6,0.9999253857184062,1.0,1476.1939814600028,1000.0,1476.1939814600028,1000.0,0.0,0.0
20237,1715013480000.0,0.0,0.0,0.0,119.20836734693879,0.0,0.0,130.05,0.9999253857184062,1.0,1476.1939814600028,1000.0,1476.1939814600028,1000.0,0.0,0.0
20238,1715017080000.0,0.0,0.0,0.0,119.20836734693879,0.0,0.0,130.42,0.9999253857184062,1.0,1476.1939814600028,1000.0,1476.1939814600028,1000.0,0.0,0.0
20239,1715020680000.0,0.0,0.0,0.0,119.20836734693879,0.0,0.0,131.22,0.9999253857184062,1.0,1476.1939814600028,1000.0,1476.1939814600028,1000.0,0.0,0.0
20240,1715024280000.0,0.0,0.0,0.0,119.20836734693879,0.0,0.0,131.27,0.9999253857184062,1.0,1476.1939814600028,1000.0,1476.1939814600028,1000.0,0.0,0.0
20241,1715027880000.0,0.0,0.0,0.0,119.20836734693879,0.0,0.0,132.24,0.9999253857184062,1.0,1476.1939814600028,1000.0,1476.1939814600028,1000.0,0.0,0.0
20242,1715031480000.0,0.0,0.0,0.0,119.20836734693879,0.0,0.0,131.48,0.9999253857184062,1.0,1476.1939814600028,1000.0,1476.1939814600028,1000.0,0.0,0.0
20243,1715035080000.0,0.0,0.0,0.0,119.20836734693879,0.0,0.0,130.97,0.9999253857184062,1.0,1476.1939814600028,1000.0,1476.1939814600028,1000.0,0.0,0.0
20244,1715038680000.0,0.0,0.0,0.0,119.20836734693879,0.0,0.0,130.58,0.9999253857184062,1.0,1476.1939814600028,1000.0,1476.1939814600028,1000.0,0.0,0.0
20245,1715042280000.0,0.0,0.0,0.0,119.20836734693879,0.0,0.0,130.39,0.9999253857184062,1.0,1476.1939814600028,1000.0,1476.1939814600028,1000.0,0.0,0.0
20246,1715045880000.0,0.0,0.0,0.0,119.20836734693879,0.0,0.0,130.44,0.9999253857184062,1.0,1476.1939814600028,1000.0,1476.1939814600028,1000.0,0.0,0.0
20247,1715049480000.0,0.0,0.0,0.0,119.20836734693879,0.0,0.0,131.71,0.9999253857184062,1.0,1476.1939814600028,1000.0,1476.1939814600028,1000.0,0.0,0.0
20248,1715053080000.0,0.0,0.0,0.0,119.20836734693879,0.0,0.0,130.28,0.9999253857184062,1.0,1476.1939814600028,1000.0,1476.1939814600028,1000.0,0.0,0.0
20249,1715056680000.0,0.0,0.0,0.0,119.20836734693879,0.0,0.0,130.47,0.9999253857184062,1.0,1476.1939814600028,1000.0,1476.1939814600028,1000.0,0.0,0.0
20250,1715060280000.0,0.0,0.0,0.0,119.20836734693879,0.0,0.0,129.19,0.9999253857184062,1.0,1476.1939814600028,1000.0,1476.1939814600028,1000.0,0.0,0.0
20251,1715063880000.0,0.0,0.0,0.0,119.20836734693879,0.0,0.0,129.02,0.9999253857184062,1.0,1476.1939814600028,1000.0,1476.1939814600028,1000.0,0.0,0.0
20252,1715067480000.0,0.0,0.0,0.0,119.20836734693879,0.0,0.0,129.94,0.9999253857184062,1.0,1476.1939814600028,1000.0,1476.1939814600028,1000.0,0.0,0.0
20253,1715071080000.0,0.0,0.0,0.0,119.20836734693879,0.0,0.0,130.34,0.9999253857184062,1.0,1476.1939814600028,1000.0,1476.1939814600028,1000.0,0.0,0.0
20254,1715074680000.0,0.0,0.0,0.0,119.20836734693879,0.0,0.0,130.72,0.9999253857184062,1.0,1476.1939814600028,1000.0,1476.1939814600028,1000.0,0.0,0.0
20255,1715078280000.0,0.0,0.0,0.0,119.20836734693879,0.0,0.0,131.36,0.9999253857184062,1.0,1476.1939814600028,1000.0,1476.1939814600028,1000.0,0.0,0.0
20256,1715081880000.0,0.0,0.0,0.0,119.20836734693879,0.0,0.0,131.96,0.9999253857184062,1.0,1476.1939814600028,1000.0,1476.1939814600028,1000.0,0.0,0.0
20257,1715085480000.0,0.0,0.0,0.0,119.20836734693879,0.0,0.0,132.27,0.9999253857184062,1.0,1476.1939814600028,1000.0,1476.1939814600028,1000.0,0.0,0.0
20258,1715089080000.0,0.0,0.0,0.0,119.20836734693879,0.0,0.0,132.75,0.9999253857184062,1.0,1476.1939814600028,1000.0,1476.1939814600028,1000.0,0.0,0.0
20259,1715092680000.0,0.0,0.0,0.0,119.20836734693879,0.0,0.0,132.86,0.9999253857184062,1.0,1476.1939814600028,1000.0,1476.1939814600028,1000.0,0.0,0.0
20260,1715096280000.0,0.0,0.0,0.0,119.20836734693879,0.0,0.0,132.32,0.9999253857184062,1.0,1476.1939814600028,1000.0,1476.1939814600028,1000.0,0.0,0.0
20261,1715099880000.0,0.0,0.0,0.0,119.20836734693879,0.0,0.0,130.25,0.9999253857184062,1.0,1476.1939814600028,1000.0,1476.1939814600028,1000.0,0.0,0.0
20262,1715103480000.0,0.0,0.0,0.0,119.20836734693879,0.0,0.0,130.79,0.9999253857184062,1.0,1476.1939814600028,1000.0,1476.1939814600028,1000.0,0.0,0.0
20263,1715107080000.0,0.0,0.0,0.0,119.20836734693879,0.0,0.0,129.75,0.9999253857184062,1.0,1476.1939814600028,1000.0,1476.1939814600028,1000.0,0.0,0.0
20264,1715110680000.0,0.0,0.0,0.0,119.20836734693879,0.0,0.0,129.14,0.9999253857184062,1.0,1476.1939814600028,1000.0,1476.1939814600028,1000.0,0.0,0.0
20265,1715114280000.0,0.0,0.0,0.0,119.20836734693879,0.0,0.0,128.57,0.9999253857184062,1.0,1476.1939814600028,1000.0,1476.1939814600028,1000.0,0.0,0.0
20266,1715117880000.0,0.0,0.0,0.47,126.35,0.0,0.0,127.22,0.9999253857184062,1.0,1476.1821045600027,1000.0,1476.5910045600026,1000.0,0.04022843781709466,0.0
20267,1715121480000.0,0.0,0.0,0.47,126.35,0.0,0.0,128.22,0.9999253857184062,1.0,1476.1821045600027,1000.0,1477.0610045600026,1000.0,0.04022843781709466,0.0
20268,1715125080000.0,0.0,0.0,0.47,126.35,0.0,0.0,127.36,0.9999253857184062,1.0,1476.1821045600027,1000.0,1476.6568045600027,1000.0,0.04022843781709466,0.0
20269,1715128680000.0,0.0,0.0,0.47,126.35,0.0,0.0,128.2,0.9999253857184062,1.0,1476.1821045600027,1000.0,1477.0516045600027,1000.0,0.04022843781709466,0.0
20270,1715132280000.0,0.0,0.0,0.47,126.35,0.0,0.0,128.87,0.9999253857184062,1.0,1476.1821045600027,1000.0,1477.3665045600028,1000.0,0.04022843781709466,0.0
20271,1715135880000.0,0.0,0.0,0.47,126.35,0.0,0.0,129.86,0.9999253857184062,1.0,1476.1821045600027,1000.0,1477.8318045600026,1000.0,0.04022843781709466,0.0
20272,1715139480000.0,0.0,0.0,0.32,126.35,0.0,0.0,128.74,0.9999253857184062,1.0,1476.7482000600025,1000.0,1477.5130000600025,1000.0,0.027379075185842237,0.0
20273,1715143080000.0,0.0,0.0,0.32,126.35,0.0,0.0,128.8,0.9999253857184062,1.0,1476.7482000600025,1000.0,1477.5322000600027,1000.0,0.027379075185842237,0.0
20274,1715146680000.0,0.0,0.0,0.32,126.35,0.0,0.0,129.67,0.9999253857184062,1.0,1476.7482000600025,1000.0,1477.8106000600026,1000.0,0.027379075185842237,0.0
20275,1715150280000.0,0.0,0.0,0.32,126.35,0.0,0.0,129.07,0.9999253857184062,1.0,1476.7482000600025,1000.0,1477.6186000600026,1000.0,0.027379075185842237,0.0
20276,1715153880000.0,0.0,0.0,0.32,126.35,0.0,0.0,127.73,0.9999253857184062,1.0,1476.7482000600025,1000.0,1477.1898000600027,1000.0,0.027379075185842237,0.0
20277,1715157480000.0,0.0,0.0,0.32,126.35,0.0,0.0,128.06,0.9999253857184062,1.0,1476.7482000600025,1000.0,1477.2954000600025,1000.0,0.027379075185842237,0.0
20278,1715161080000.0,0.0,0.0,0.32,126.35,0.0,0.0,127.11,0.9999253857184062,1.0,1476.7482000600025,1000.0,1476.9914000600024,1000.0,0.027379075185842237,0.0
20279,1715164680000.0,0.0,0.0,0.32,126.35,0.0,0.0,127.47,0.9999253857184062,1.0,1476.7482000600025,1000.0,1477.1066000600026,1000.0,0.027379075185842237,0.0
20280,1715168280000.0,0.0,0.0,0.32,126.35,0.0,0.0,127.35,0.9999253857184062,1.0,1476.7482000600025,1000.0,1477.0682000600025,1000.0,0.027379075185842237,0.0
20281,1715171880000.0,0.0,0.0,0.32,126.35,0.0,0.0,128.06,0.9999253857184062,1.0,1476.7482000600025,1000.0,1477.2954000600025,1000.0,0.027379075185842237,0.0
20282,1715175480000.0,0.0,0.0,0.32,126.35,0.0,0.0,127.58,0.9999253857184062,1.0,1476.7482000600025,1000.0,1477.1418000600027,1000.0,0.027379075185842237,0.0
20283,1715179080000.0,0.0,0.0,0.32,126.35,0.0,0.0,128.97,0.9999253857184062,1.0,1476.7482000600025,1000.0,1477.5866000600026,1000.0,0.027379075185842237,0.0
20284,1715182680000.0,0.0,0.0,0.32,126.35,0.0,0.0,128.53,0.9999253857184062,1.0,1476.7482000600025,1000.0,1477.4458000600025,1000.0,0.027379075185842237,0.0
20285,1715186280000.0,0.0,0.0,0.32,126.35,0.0,0.0,128.59,0.9999253857184062,1.0,1476.7482000600025,1000.0,1477.4650000600025,1000.0,0.027379075185842237,0.0
20286,1715189880000.0,0.0,0.0,0.32,126.35,0.0,0.0,129.19,0.9999253857184062,1.0,1476.7482000600025,1000.0,1477.6570000600025,1000.0,0.027379075185842237,0.0
20287,1715193480000.0,0.0,0.0,0.32,126.35,0.0,0.0,129.36,0.9999253857184062,1.0,1476.7482000600025,1000.0,1477.7114000600025,1000.0,0.027379075185842237,0.0
20288,1715197080000.0,0.0,0.0,0.32,126.35,0.0,0.0,129.44,0.9999253857184062,1.0,1476.7482000600025,1000.0,1477.7370000600026,1000.0,0.027379075185842237,0.0
20289,1715200680000.0,0.0,0.0,0.32,126.35,0.0,0.0,129.7,0.9999253857184062,1.0,1476.7482000600025,1000.0,1477.8202000600024,1000.0,0.027379075185842237,0.0
20290,1715204280000.0,0.0,0.0,0.22,126.35,0.0,0.0,130.1,0.9999253857184062,1.0,1477.1255970600027,1000.0,1477.9505970600028,1000.0,0.01881830499405451,0.0
20291,1715207880000.0,0.0,0.0,0.15,126.35,0.0,0.0,130.73,0.9999253857184062,1.0,1477.3897749600028,1000.0,1478.0467749600027,1000.0,0.012828368194515964,0.0
20292,1715211480000.0,0.0,0.0,0.15,126.35,0.0,0.0,131.64,0.9999253857184062,1.0,1477.3897749600028,1000.0,1478.1832749600028,1000.0,0.012828368194515964,0.0
20293,1715215080000.0,0.0,0.0,0.15,126.35,0.0,0.0,132.54,0.9999253857184062,1.0,1477.3897749600028,1000.0,1478.3182749600028,1000.0,0.012828368194515964,0.0
20294,1715218680000.0,0.0,0.0,0.15,126.35,0.0,0.0,133.01,0.9999253857184062,1.0,1477.3897749600028,1000.0,1478.3887749600028,1000.0,0.012828368194515964,0.0
20295,1715222280000.0,0.0,0.0,0.04,126.35,0.0,0.0,133.33,0.9999253857184062,1.0,1478.1414443400029,1000.0,1478.4206443400028,1000.0,0.0034191585787357683,0.0
20296,1715225880000.0,0.0,0.0,0.02,126.35,0.0,0.0,133.71,0.9999253857184062,1.0,1478.2781115000028,1000.0,1478.4253115000029,1000.0,0.0017094212383594474,0.0
20297,1715229480000.0,0.0,0.0,0.0,126.35,0.0,0.0,133.27,0.9999253857184062,1.0,1478.414778660003,1000.0,1478.414778660003,1000.0,0.0,0.0
20298,1715233080000.0,0.0,0.0,0.0,126.35,0.0,0.0,132.37,0.9999253857184062,1.0,1478.414778660003,1000.0,1478.414778660003,1000.0,0.0,0.0
20299,1715236680000.0,0.0,0.0,0.0,126.35,0.0,0.0,131.98,0.9999253857184062,1.0,1478.414778660003,1000.0,1478.414778660003,1000.0,0.0,0.0
20300,1715240280000.0,0.0,0.0,0.0,126.35,0.0,0.0,131.27,0.9999253857184062,1.0,1478.414778660003,1000.0,1478.414778660003,1000.0,0.0,0.0
20301,1715243880000.0,0.0,0.0,0.0,126.35,0.0,0.0,131.52,0.9999253857184062,1.0,1478.414778660003,1000.0,1478.414778660003,1000.0,0.0,0.0
20302,1715247480000.0,0.0,0.0,0.0,126.35,0.0,0.0,130.28,0.9999253857184062,1.0,1478.414778660003,1000.0,1478.414778660003,1000.0,0.0,0.0
20303,1715251080000.0,0.0,0.0,0.0,126.35,0.0,0.0,129.95,0.9999253857184062,1.0,1478.414778660003,1000.0,1478.414778660003,1000.0,0.0,0.0
20304,1715254680000.0,0.0,0.0,0.0,126.35,0.0,0.0,129.6,0.9999253857184062,1.0,1478.414778660003,1000.0,1478.414778660003,1000.0,0.0,0.0
20305,1715258280000.0,0.0,0.0,0.0,126.35,0.0,0.0,131.12,0.9999253857184062,1.0,1478.414778660003,1000.0,1478.414778660003,1000.0,0.0,0.0
20306,1715261880000.0,0.0,0.0,0.0,126.35,0.0,0.0,130.12,0.9999253857184062,1.0,1478.414778660003,1000.0,1478.414778660003,1000.0,0.0,0.0
20307,1715265480000.0,0.0,0.0,0.0,126.35,0.0,0.0,131.51,0.9999253857184062,1.0,1478.414778660003,1000.0,1478.414778660003,1000.0,0.0,0.0
20308,1715269080000.0,0.0,0.0,0.0,126.35,0.0,0.0,132.48,0.9999253857184062,1.0,1478.414778660003,1000.0,1478.414778660003,1000.0,0.0,0.0
20309,1715272680000.0,0.0,0.0,0.0,126.35,0.0,0.0,132.8,0.9999253857184062,1.0,1478.414778660003,1000.0,1478.414778660003,1000.0,0.0,0.0
20310,1715276280000.0,0.0,0.0,0.0,126.35,0.0,0.0,132.59,0.9999253857184062,1.0,1478.414778660003,1000.0,1478.414778660003,1000.0,0.0,0.0
20311,1715279880000.0,0.0,0.0,0.0,126.35,0.0,0.0,134.64,0.9999253857184062,1.0,1478.414778660003,1000.0,1478.414778660003,1000.0,0.0,0.0
20312,1715283480000.0,0.0,0.0,0.0,126.35,0.0,0.0,134.51,0.9999253857184062,1.0,1478.414778660003,1000.0,1478.414778660003,1000.0,0.0,0.0
20313,1715287080000.0,0.0,0.0,0.0,126.35,0.0,0.0,133.39,0.9999253857184062,1.0,1478.414778660003,1000.0,1478.414778660003,1000.0,0.0,0.0
20314,1715290680000.0,0.0,0.0,0.0,126.35,0.0,0.0,132.85,0.9999253857184062,1.0,1478.414778660003,1000.0,1478.414778660003,1000.0,0.0,0.0
20315,1715294280000.0,0.0,0.0,0.0,126.35,0.0,0.0,132.42,0.9999253857184062,1.0,1478.414778660003,1000.0,1478.414778660003,1000.0,0.0,0.0
20316,1715297880000.0,0.0,0.0,0.0,126.35,0.0,0.0,132.4,0.9999253857184062,1.0,1478.414778660003,1000.0,1478.414778660003,1000.0,0.0,0.0
20317,1715301480000.0,0.0,0.0,0.0,126.35,0.0,0.0,131.85,0.9999253857184062,1.0,1478.414778660003,1000.0,1478.414778660003,1000.0,0.0,0.0
20318,1715305080000.0,0.0,0.0,0.0,126.35,0.0,0.0,132.13,0.9999253857184062,1.0,1478.414778660003,1000.0,1478.414778660003,1000.0,0.0,0.0
20319,1715308680000.0,0.0,0.0,0.0,126.35,0.0,0.0,132.59,0.9999253857184062,1.0,1478.414778660003,1000.0,1478.414778660003,1000.0,0.0,0.0
20320,1715312280000.0,0.0,0.0,0.0,126.35,0.0,0.0,132.08,0.9999253857184062,1.0,1478.414778660003,1000.0,1478.414778660003,1000.0,0.0,0.0
20321,1715315880000.0,0.0,0.0,0.0,126.35,0.0,0.0,132.49,0.9999253857184062,1.0,1478.414778660003,1000.0,1478.414778660003,1000.0,0.0,0.0
20322,1715319480000.0,0.0,0.0,0.0,126.35,0.0,0.0,131.88,0.9999253857184062,1.0,1478.414778660003,1000.0,1478.414778660003,1000.0,0.0,0.0
20323,1715323080000.0,0.0,0.0,0.0,126.35,0.0,0.0,132.13,0.9999253857184062,1.0,1478.414778660003,1000.0,1478.414778660003,1000.0,0.0,0.0
20324,1715326680000.0,0.0,0.0,0.0,126.35,0.0,0.0,132.16,0.9999253857184062,1.0,1478.414778660003,1000.0,1478.414778660003,1000.0,0.0,0.0
20325,1715330280000.0,0.0,0.0,0.0,126.35,0.0,0.0,132.74,0.9999253857184062,1.0,1478.414778660003,1000.0,1478.414778660003,1000.0,0.0,0.0
20326,1715333880000.0,0.0,0.0,0.0,126.35,0.0,0.0,133.3,0.9999253857184062,1.0,1478.414778660003,1000.0,1478.414778660003,1000.0,0.0,0.0
20327,1715337480000.0,0.0,0.0,0.0,126.35,0.0,0.0,133.29,0.9999253857184062,1.0,1478.414778660003,1000.0,1478.414778660003,1000.0,0.0,0.0
20328,1715341080000.0,0.0,0.0,0.0,126.35,0.0,0.0,133.03,0.9999253857184062,1.0,1478.414778660003,1000.0,1478.414778660003,1000.0,0.0,0.0
20329,1715344680000.0,0.0,0.0,0.0,126.35,0.0,0.0,133.5,0.9999253857184062,1.0,1478.414778660003,1000.0,1478.414778660003,1000.0,0.0,0.0
20330,1715348280000.0,0.0,0.0,0.0,126.35,0.0,0.0,133.67,0.9999253857184062,1.0,1478.414778660003,1000.0,1478.414778660003,1000.0,0.0,0.0
20331,1715351880000.0,0.0,0.0,0.0,126.35,0.0,0.0,132.19,0.9999253857184062,1.0,1478.414778660003,1000.0,1478.414778660003,1000.0,0.0,0.0
20332,1715355480000.0,0.0,0.0,0.0,126.35,0.0,0.0,133.27,0.9999253857184062,1.0,1478.414778660003,1000.0,1478.414778660003,1000.0,0.0,0.0
20333,1715359080000.0,0.0,0.0,0.0,126.35,0.0,0.0,132.76,0.9999253857184062,1.0,1478.414778660003,1000.0,1478.414778660003,1000.0,0.0,0.0
20334,1715362680000.0,0.0,0.0,0.0,126.35,0.0,0.0,133.19,0.9999253857184062,1.0,1478.414778660003,1000.0,1478.414778660003,1000.0,0.0,0.0
20335,1715366280000.0,0.0,0.0,0.0,126.35,0.0,0.0,133.25,0.9999253857184062,1.0,1478.414778660003,1000.0,1478.414778660003,1000.0,0.0,0.0
20336,1715369880000.0,0.0,0.0,0.0,126.35,0.0,0.0,133.85,0.9999253857184062,1.0,1478.414778660003,1000.0,1478.414778660003,1000.0,0.0,0.0
20337,1715373480000.0,0.0,0.0,0.0,126.35,0.0,0.0,131.88,0.9999253857184062,1.0,1478.414778660003,1000.0,1478.414778660003,1000.0,0.0,0.0
20338,1715377080000.0,0.0,0.0,0.0,126.35,0.0,0.0,133.28,0.9999253857184062,1.0,1478.414778660003,1000.0,1478.414778660003,1000.0,0.0,0.0
20339,1715380680000.0,0.0,0.0,0.0,126.35,0.0,0.0,132.79,0.9999253857184062,1.0,1478.414778660003,1000.0,1478.414778660003,1000.0,0.0,0.0
20340,1715384280000.0,0.0,0.0,0.0,126.35,0.0,0.0,133.15,0.9999253857184062,1.0,1478.414778660003,1000.0,1478.414778660003,1000.0,0.0,0.0
20341,1715387880000.0,0.0,0.0,0.0,126.35,0.0,0.0,132.89,0.9999253857184062,1.0,1478.414778660003,1000.0,1478.414778660003,1000.0,0.0,0.0
20342,1715391480000.0,0.0,0.0,0.0,126.35,0.0,0.0,132.16,0.9999253857184062,1.0,1478.414778660003,1000.0,1478.414778660003,1000.0,0.0,0.0
20343,1715395080000.0,0.0,0.0,0.0,126.35,0.0,0.0,132.6,0.9999253857184062,1.0,1478.414778660003,1000.0,1478.414778660003,1000.0,0.0,0.0
20344,1715398680000.0,0.0,0.0,0.0,126.35,0.0,0.0,131.92,0.9999253857184062,1.0,1478.414778660003,1000.0,1478.414778660003,1000.0,0.0,0.0
20345,1715402280000.0,0.0,0.0,0.0,126.35,0.0,0.0,133.05,0.9999253857184062,1.0,1478.414778660003,1000.0,1478.414778660003,1000.0,0.0,0.0
20346,1715405880000.0,0.0,0.0,0.0,126.35,0.0,0.0,132.84,0.9999253857184062,1.0,1478.414778660003,1000.0,1478.414778660003,1000.0,0.0,0.0
20347,1715409480000.0,0.0,0.0,0.0,126.35,0.0,0.0,132.68,0.9999253857184062,1.0,1478.414778660003,1000.0,1478.414778660003,1000.0,0.0,0.0
20348,1715413080000.0,0.0,0.0,0.0,126.35,0.0,0.0,132.79,0.9999253857184062,1.0,1478.414778660003,1000.0,1478.414778660003,1000.0,0.0,0.0
20349,1715416680000.0,0.0,0.0,0.0,126.35,0.0,0.0,132.5,0.9999253857184062,1.0,1478.414778660003,1000.0,1478.414778660003,1000.0,0.0,0.0
20350,1715420280000.0,0.0,0.0,0.0,126.35,0.0,0.0,132.77,0.9999253857184062,1.0,1478.414778660003,1000.0,1478.414778660003,1000.0,0.0,0.0
20351,1715423880000.0,0.0,0.0,0.0,126.35,0.0,0.0,132.2,0.9999253857184062,1.0,1478.414778660003,1000.0,1478.414778660003,1000.0,0.0,0.0
20352,1715427480000.0,0.0,0.0,0.0,126.35,0.0,0.0,131.97,0.9999253857184062,1.0,1478.414778660003,1000.0,1478.414778660003,1000.0,0.0,0.0
20353,1715431080000.0,0.0,0.0,0.0,126.35,0.0,0.0,131.96,0.9999253857184062,1.0,1478.414778660003,1000.0,1478.414778660003,1000.0,0.0,0.0
20354,1715434680000.0,0.0,0.0,0.0,126.35,0.0,0.0,130.53,0.9999253857184062,1.0,1478.414778660003,1000.0,1478.414778660003,1000.0,0.0,0.0
20355,1715438280000.0,0.0,0.0,0.0,126.35,0.0,0.0,129.16,0.9999253857184062,1.0,1478.414778660003,1000.0,1478.414778660003,1000.0,0.0,0.0
20356,1715441880000.0,0.0,0.0,0.0,126.35,0.0,0.0,129.76,0.9999253857184062,1.0,1478.414778660003,1000.0,1478.414778660003,1000.0,0.0,0.0
20357,1715445480000.0,0.0,0.0,0.0,126.35,0.0,0.0,131.1,0.9999253857184062,1.0,1478.414778660003,1000.0,1478.414778660003,1000.0,0.0,0.0
20358,1715449080000.0,0.0,0.0,0.0,126.35,0.0,0.0,131.88,0.9999253857184062,1.0,1478.414778660003,1000.0,1478.414778660003,1000.0,0.0,0.0
20359,1715452680000.0,0.0,0.0,0.0,126.35,0.0,0.0,131.46,0.9999253857184062,1.0,1478.414778660003,1000.0,1478.414778660003,1000.0,0.0,0.0
20360,1715456280000.0,0.0,0.0,0.0,126.35,0.0,0.0,130.42,0.9999253857184062,1.0,1478.414778660003,1000.0,1478.414778660003,1000.0,0.0,0.0
20361,1715459880000.0,0.0,0.0,0.0,126.35,0.0,0.0,130.8,0.9999253857184062,1.0,1478.414778660003,1000.0,1478.414778660003,1000.0,0.0,0.0
20362,1715463480000.0,0.0,0.0,0.0,126.35,0.0,0.0,131.08,0.9999253857184062,1.0,1478.414778660003,1000.0,1478.414778660003,1000.0,0.0,0.0
20363,1715467080000.0,0.0,0.0,0.0,126.35,0.0,0.0,131.76,0.9999253857184062,1.0,1478.414778660003,1000.0,1478.414778660003,1000.0,0.0,0.0
20364,1715470680000.0,0.0,0.0,0.0,126.35,0.0,0.0,132.0,0.9999253857184062,1.0,1478.414778660003,1000.0,1478.414778660003,1000.0,0.0,0.0
20365,1715474280000.0,0.0,0.0,0.0,126.35,0.0,0.0,133.29,0.9999253857184062,1.0,1478.414778660003,1000.0,1478.414778660003,1000.0,0.0,0.0
20366,1715477880000.0,0.0,0.0,0.0,126.35,0.0,0.0,132.8,0.9999253857184062,1.0,1478.414778660003,1000.0,1478.414778660003,1000.0,0.0,0.0
20367,1715481480000.0,0.0,0.0,0.0,126.35,0.0,0.0,133.38,0.9999253857184062,1.0,1478.414778660003,1000.0,1478.414778660003,1000.0,0.0,0.0
20368,1715485080000.0,0.0,0.0,0.0,126.35,0.0,0.0,133.37,0.9999253857184062,1.0,1478.414778660003,1000.0,1478.414778660003,1000.0,0.0,0.0
20369,1715488680000.0,0.0,0.0,0.0,126.35,0.0,0.0,134.07,0.9999253857184062,1.0,1478.414778660003,1000.0,1478.414778660003,1000.0,0.0,0.0
20370,1715492280000.0,0.0,0.0,0.0,126.35,0.0,0.0,134.26,0.9999253857184062,1.0,1478.414778660003,1000.0,1478.414778660003,1000.0,0.0,0.0
20371,1715495880000.0,0.0,0.0,0.0,126.35,0.0,0.0,133.81,0.9999253857184062,1.0,1478.414778660003,1000.0,1478.414778660003,1000.0,0.0,0.0
20372,1715499480000.0,0.0,0.0,0.0,126.35,0.0,0.0,133.68,0.9999253857184062,1.0,1478.414778660003,1000.0,1478.414778660003,1000.0,0.0,0.0
20373,1715503080000.0,0.0,0.0,0.0,126.35,0.0,0.0,133.57,0.9999253857184062,1.0,1478.414778660003,1000.0,1478.414778660003,1000.0,0.0,0.0
20374,1715506680000.0,0.0,0.0,0.0,126.35,0.0,0.0,132.71,0.9999253857184062,1.0,1478.414778660003,1000.0,1478.414778660003,1000.0,0.0,0.0
20375,1715510280000.0,0.0,0.0,0.0,126.35,0.0,0.0,133.3,0.9999253857184062,1.0,1478.414778660003,1000.0,1478.414778660003,1000.0,0.0,0.0
20376,1715513880000.0,0.0,0.0,0.0,126.35,0.0,0.0,133.49,0.9999253857184062,1.0,1478.414778660003,1000.0,1478.414778660003,1000.0,0.0,0.0
20377,1715517480000.0,0.0,0.0,0.0,126.35,0.0,0.0,134.0,0.9999253857184062,1.0,1478.414778660003,1000.0,1478.414778660003,1000.0,0.0,0.0
20378,1715521080000.0,0.0,0.0,0.0,126.35,0.0,0.0,133.69,0.9999253857184062,1.0,1478.414778660003,1000.0,1478.414778660003,1000.0,0.0,0.0
20379,1715524680000.0,0.0,0.0,0.0,126.35,0.0,0.0,133.43,0.9999253857184062,1.0,1478.414778660003,1000.0,1478.414778660003,1000.0,0.0,0.0
20380,1715528280000.0,0.0,0.0,0.0,126.35,0.0,0.0,133.69,0.9999253857184062,1.0,1478.414778660003,1000.0,1478.414778660003,1000.0,0.0,0.0
20381,1715531880000.0,0.0,0.0,0.0,126.35,0.0,0.0,133.91,0.9999253857184062,1.0,1478.414778660003,1000.0,1478.414778660003,1000.0,0.0,0.0
20382,1715535480000.0,0.0,0.0,0.0,126.35,0.0,0.0,134.46,0.9999253857184062,1.0,1478.414778660003,1000.0,1478.414778660003,1000.0,0.0,0.0
20383,1715539080000.0,0.0,0.0,0.0,126.35,0.0,0.0,134.06,0.9999253857184062,1.0,1478.414778660003,1000.0,1478.414778660003,1000.0,0.0,0.0
20384,1715542680000.0,0.0,0.0,0.0,126.35,0.0,0.0,133.82,0.9999253857184062,1.0,1478.414778660003,1000.0,1478.414778660003,1000.0,0.0,0.0
20385,1715546280000.0,0.0,0.0,0.0,126.35,0.0,0.0,133.72,0.9999253857184062,1.0,1478.414778660003,1000.0,1478.414778660003,1000.0,0.0,0.0
20386,1715549880000.0,0.0,0.0,0.0,126.35,0.0,0.0,133.62,0.9999253857184062,1.0,1478.414778660003,1000.0,1478.414778660003,1000.0,0.0,0.0
20387,1715553480000.0,0.0,0.0,0.0,126.35,0.0,0.0,133.46,0.9999253857184062,1.0,1478.414778660003,1000.0,1478.414778660003,1000.0,0.0,0.0
20388,1715557080000.0,0.0,0.0,0.0,126.35,0.0,0.0,133.21,0.9999253857184062,1.0,1478.414778660003,1000.0,1478.414778660003,1000.0,0.0,0.0
20389,1715560680000.0,0.0,0.0,0.0,126.35,0.0,0.0,133.43,0.9999253857184062,1.0,1478.414778660003,1000.0,1478.414778660003,1000.0,0.0,0.0
20390,1715564280000.0,0.0,0.0,0.0,126.35,0.0,0.0,133.24,0.9999253857184062,1.0,1478.414778660003,1000.0,1478.414778660003,1000.0,0.0,0.0
20391,1715567880000.0,0.0,0.0,0.0,126.35,0.0,0.0,133.29,0.9999253857184062,1.0,1478.414778660003,1000.0,1478.414778660003,1000.0,0.0,0.0
20392,1715571480000.0,0.0,0.0,0.0,126.35,0.0,0.0,132.5,0.9999253857184062,1.0,1478.414778660003,1000.0,1478.414778660003,1000.0,0.0,0.0
20393,1715575080000.0,0.0,0.0,0.0,126.35,0.0,0.0,131.61,0.9999253857184062,1.0,1478.414778660003,1000.0,1478.414778660003,1000.0,0.0,0.0
20394,1715578680000.0,0.0,0.0,0.0,126.35,0.0,0.0,130.72,0.9999253857184062,1.0,1478.414778660003,1000.0,1478.414778660003,1000.0,0.0,0.0
20395,1715582280000.0,0.0,0.0,0.0,126.35,0.0,0.0,132.37,0.9999253857184062,1.0,1478.414778660003,1000.0,1478.414778660003,1000.0,0.0,0.0
20396,1715585880000.0,0.0,0.0,0.0,126.35,0.0,0.0,133.23,0.9999253857184062,1.0,1478.414778660003,1000.0,1478.414778660003,1000.0,0.0,0.0
20397,1715589480000.0,0.0,0.0,0.0,126.35,0.0,0.0,133.69,0.9999253857184062,1.0,1478.414778660003,1000.0,1478.414778660003,1000.0,0.0,0.0
20398,1715593080000.0,0.0,0.0,0.0,126.35,0.0,0.0,134.81,0.9999253857184062,1.0,1478.414778660003,1000.0,1478.414778660003,1000.0,0.0,0.0
20399,1715596680000.0,0.0,0.0,0.0,126.35,0.0,0.0,135.23,0.9999253857184062,1.0,1478.414778660003,1000.0,1478.414778660003,1000.0,0.0,0.0
20400,1715600280000.0,0.0,0.0,0.0,126.35,0.0,0.0,136.05,0.9999253857184062,1.0,1478.414778660003,1000.0,1478.414778660003,1000.0,0.0,0.0
20401,1715603880000.0,0.0,0.0,0.0,126.35,0.0,0.0,136.15,0.9999253857184062,1.0,1478.414778660003,1000.0,1478.414778660003,1000.0,0.0,0.0
20402,1715607480000.0,0.0,0.0,0.0,126.35,0.0,0.0,135.24,0.9999253857184062,1.0,1478.414778660003,1000.0,1478.414778660003,1000.0,0.0,0.0
20403,1715611080000.0,0.0,0.0,0.0,126.35,0.0,0.0,134.59,0.9999253857184062,1.0,1478.414778660003,1000.0,1478.414778660003,1000.0,0.0,0.0
20404,1715614680000.0,0.0,0.0,0.0,126.35,0.0,0.0,134.24,0.9999253857184062,1.0,1478.414778660003,1000.0,1478.414778660003,1000.0,0.0,0.0
20405,1715618280000.0,0.0,0.0,0.0,126.35,0.0,0.0,134.93,0.9999253857184062,1.0,1478.414778660003,1000.0,1478.414778660003,1000.0,0.0,0.0
20406,1715621880000.0,0.0,0.0,0.0,126.35,0.0,0.0,135.1,0.9999253857184062,1.0,1478.414778660003,1000.0,1478.414778660003,1000.0,0.0,0.0
20407,1715625480000.0,0.0,0.0,0.0,126.35,0.0,0.0,134.52,0.9999253857184062,1.0,1478.414778660003,1000.0,1478.414778660003,1000.0,0.0,0.0
20408,1715629080000.0,0.0,0.0,0.0,126.35,0.0,0.0,135.22,0.9999253857184062,1.0,1478.414778660003,1000.0,1478.414778660003,1000.0,0.0,0.0
20409,1715632680000.0,0.0,0.0,0.0,126.35,0.0,0.0,135.17,0.9999253857184062,1.0,1478.414778660003,1000.0,1478.414778660003,1000.0,0.0,0.0
20410,1715636280000.0,0.0,0.0,0.0,126.35,0.0,0.0,135.63,0.9999253857184062,1.0,1478.414778660003,1000.0,1478.414778660003,1000.0,0.0,0.0
20411,1715639880000.0,0.0,0.0,0.0,126.35,0.0,0.0,135.06,0.9999253857184062,1.0,1478.414778660003,1000.0,1478.414778660003,1000.0,0.0,0.0
20412,1715643480000.0,0.0,0.0,0.0,126.35,0.0,0.0,135.18,0.9999253857184062,1.0,1478.414778660003,1000.0,1478.414778660003,1000.0,0.0,0.0
20413,1715647080000.0,0.0,0.0,0.0,126.35,0.0,0.0,135.79,0.9999253857184062,1.0,1478.414778660003,1000.0,1478.414778660003,1000.0,0.0,0.0
20414,1715650680000.0,0.0,0.0,0.0,126.35,0.0,0.0,134.5,0.9999253857184062,1.0,1478.414778660003,1000.0,1478.414778660003,1000.0,0.0,0.0
20415,1715654280000.0,0.0,0.0,0.0,126.35,0.0,0.0,134.49,0.9999253857184062,1.0,1478.414778660003,1000.0,1478.414778660003,1000.0,0.0,0.0
20416,1715657880000.0,0.0,0.0,0.0,126.35,0.0,0.0,134.78,0.9999253857184062,1.0,1478.414778660003,1000.0,1478.414778660003,1000.0,0.0,0.0
20417,1715661480000.0,0.0,0.0,0.0,126.35,0.0,0.0,135.04,0.9999253857184062,1.0,1478.414778660003,1000.0,1478.414778660003,1000.0,0.0,0.0
20418,1715665080000.0,0.0,0.0,0.0,126.35,0.0,0.0,135.85,0.9999253857184062,1.0,1478.414778660003,1000.0,1478.414778660003,1000.0,0.0,0.0
20419,1715668680000.0,0.0,0.0,0.0,126.35,0.0,0.0,135.53,0.9999253857184062,1.0,1478.414778660003,1000.0,1478.414778660003,1000.0,0.0,0.0
20420,1715672280000.0,0.0,0.0,0.0,126.35,0.0,0.0,134.59,0.9999253857184062,1.0,1478.414778660003,1000.0,1478.414778660003,1000.0,0.0,0.0
20421,1715675880000.0,0.0,0.0,0.0,126.35,0.0,0.0,134.1,0.9999253857184062,1.0,1478.414778660003,1000.0,1478.414778660003,1000.0,0.0,0.0
20422,1715679480000.0,0.0,0.0,0.0,126.35,0.0,0.0,134.18,0.9999253857184062,1.0,1478.414778660003,1000.0,1478.414778660003,1000.0,0.0,0.0
20423,1715683080000.0,0.0,0.0,0.0,126.35,0.0,0.0,133.67,0.9999253857184062,1.0,1478.414778660003,1000.0,1478.414778660003,1000.0,0.0,0.0
20424,1715686680000.0,0.0,0.0,0.0,126.35,0.0,0.0,133.95,0.9999253857184062,1.0,1478.414778660003,1000.0,1478.414778660003,1000.0,0.0,0.0
20425,1715690280000.0,0.0,0.0,0.0,126.35,0.0,0.0,134.65,0.9999253857184062,1.0,1478.414778660003,1000.0,1478.414778660003,1000.0,0.0,0.0
20426,1715693880000.0,0.0,0.0,0.0,126.35,0.0,0.0,134.74,0.9999253857184062,1.0,1478.414778660003,1000.0,1478.414778660003,1000.0,0.0,0.0
20427,1715697480000.0,0.0,0.0,0.0,126.35,0.0,0.0,133.31,0.9999253857184062,1.0,1478.414778660003,1000.0,1478.414778660003,1000.0,0.0,0.0
20428,1715701080000.0,0.0,0.0,0.0,126.35,0.0,0.0,133.91,0.9999253857184062,1.0,1478.414778660003,1000.0,1478.414778660003,1000.0,0.0,0.0
20429,1715704680000.0,0.0,0.0,0.0,126.35,0.0,0.0,133.75,0.9999253857184062,1.0,1478.414778660003,1000.0,1478.414778660003,1000.0,0.0,0.0
20430,1715708280000.0,0.0,0.0,0.0,126.35,0.0,0.0,132.72,0.9999253857184062,1.0,1478.414778660003,1000.0,1478.414778660003,1000.0,0.0,0.0
20431,1715711880000.0,0.0,0.0,0.0,126.35,0.0,0.0,132.8,0.9999253857184062,1.0,1478.414778660003,1000.0,1478.414778660003,1000.0,0.0,0.0
20432,1715715480000.0,0.0,0.0,0.0,126.35,0.0,0.0,132.95,0.9999253857184062,1.0,1478.414778660003,1000.0,1478.414778660003,1000.0,0.0,0.0
20433,1715719080000.0,0.0,0.0,0.0,126.35,0.0,0.0,133.17,0.9999253857184062,1.0,1478.414778660003,1000.0,1478.414778660003,1000.0,0.0,0.0
20434,1715722680000.0,0.0,0.0,0.0,126.35,0.0,0.0,132.61,0.9999253857184062,1.0,1478.414778660003,1000.0,1478.414778660003,1000.0,0.0,0.0
20435,1715726280000.0,0.0,0.0,0.0,126.35,0.0,0.0,131.84,0.9999253857184062,1.0,1478.414778660003,1000.0,1478.414778660003,1000.0,0.0,0.0
20436,1715729880000.0,0.0,0.0,0.0,126.35,0.0,0.0,132.01,0.9999253857184062,1.0,1478.414778660003,1000.0,1478.414778660003,1000.0,0.0,0.0
20437,1715733480000.0,0.0,0.0,0.0,126.35,0.0,0.0,131.38,0.9999253857184062,1.0,1478.414778660003,1000.0,1478.414778660003,1000.0,0.0,0.0
20438,1715737080000.0,0.0,0.0,0.0,126.35,0.0,0.0,131.25,0.9999253857184062,1.0,1478.414778660003,1000.0,1478.414778660003,1000.0,0.0,0.0
20439,1715740680000.0,0.0,0.0,0.0,126.35,0.0,0.0,131.2,0.9999253857184062,1.0,1478.414778660003,1000.0,1478.414778660003,1000.0,0.0,0.0
20440,1715744280000.0,0.0,0.0,0.0,126.35,0.0,0.0,131.6,0.9999253857184062,1.0,1478.414778660003,1000.0,1478.414778660003,1000.0,0.0,0.0
20441,1715747880000.0,0.0,0.0,0.0,126.35,0.0,0.0,131.66,0.9999253857184062,1.0,1478.414778660003,1000.0,1478.414778660003,1000.0,0.0,0.0
20442,1715751480000.0,0.0,0.0,0.0,126.35,0.0,0.0,131.81,0.9999253857184062,1.0,1478.414778660003,1000.0,1478.414778660003,1000.0,0.0,0.0
20443,1715755080000.0,0.0,0.0,0.0,126.35,0.0,0.0,132.73,0.9999253857184062,1.0,1478.414778660003,1000.0,1478.414778660003,1000.0,0.0,0.0
20444,1715758680000.0,0.0,0.0,0.0,126.35,0.0,0.0,133.41,0.9999253857184062,1.0,1478.414778660003,1000.0,1478.414778660003,1000.0,0.0,0.0
20445,1715762280000.0,0.0,0.0,0.0,126.35,0.0,0.0,133.07,0.9999253857184062,1.0,1478.414778660003,1000.0,1478.414778660003,1000.0,0.0,0.0
20446,1715765880000.0,0.0,0.0,0.0,126.35,0.0,0.0,133.6,0.9999253857184062,1.0,1478.414778660003,1000.0,1478.414778660003,1000.0,0.0,0.0
20447,1715769480000.0,0.0,0.0,0.0,126.35,0.0,0.0,133.24,0.9999253857184062,1.0,1478.414778660003,1000.0,1478.414778660003,1000.0,0.0,0.0
20448,1715773080000.0,0.0,0.0,0.0,126.35,0.0,0.0,133.01,0.9999253857184062,1.0,1478.414778660003,1000.0,1478.414778660003,1000.0,0.0,0.0
20449,1715776680000.0,0.0,0.0,0.0,126.35,0.0,0.0,133.61,0.9999253857184062,1.0,1478.414778660003,1000.0,1478.414778660003,1000.0,0.0,0.0
20450,1715780280000.0,0.0,0.0,0.0,126.35,0.0,0.0,134.24,0.9999253857184062,1.0,1478.414778660003,1000.0,1478.414778660003,1000.0,0.0,0.0
20451,1715783880000.0,0.0,0.0,0.0,126.35,0.0,0.0,134.45,0.9999253857184062,1.0,1478.414778660003,1000.0,1478.414778660003,1000.0,0.0,0.0
20452,1715787480000.0,0.0,0.0,0.0,126.35,0.0,0.0,134.82,0.9999253857184062,1.0,1478.414778660003,1000.0,1478.414778660003,1000.0,0.0,0.0
20453,1715791080000.0,0.0,0.0,0.0,126.35,0.0,0.0,133.82,0.9999253857184062,1.0,1478.414778660003,1000.0,1478.414778660003,1000.0,0.0,0.0
20454,1715794680000.0,0.0,0.0,0.0,126.35,0.0,0.0,134.25,0.9999253857184062,1.0,1478.414778660003,1000.0,1478.414778660003,1000.0,0.0,0.0
20455,1715798280000.0,0.0,0.0,0.0,126.35,0.0,0.0,134.72,0.9999253857184062,1.0,1478.414778660003,1000.0,1478.414778660003,1000.0,0.0,0.0
20456,1715801880000.0,0.0,0.0,0.0,126.35,0.0,0.0,135.47,0.9999253857184062,1.0,1478.414778660003,1000.0,1478.414778660003,1000.0,0.0,0.0
20457,1715805480000.0,0.0,0.0,0.0,126.35,0.0,0.0,134.77,0.9999253857184062,1.0,1478.414778660003,1000.0,1478.414778660003,1000.0,0.0,0.0
20458,1715809080000.0,0.0,0.0,0.0,126.35,0.0,0.0,134.07,0.9999253857184062,1.0,1478.414778660003,1000.0,1478.414778660003,1000.0,0.0,0.0
20459,1715812680000.0,0.0,0.0,0.0,126.35,0.0,0.0,133.73,0.9999253857184062,1.0,1478.414778660003,1000.0,1478.414778660003,1000.0,0.0,0.0
20460,1715816280000.0,0.0,0.0,0.0,126.35,0.0,0.0,133.66,0.9999253857184062,1.0,1478.414778660003,1000.0,1478.414778660003,1000.0,0.0,0.0
20461,1715819880000.0,0.0,0.0,0.0,126.35,0.0,0.0,134.66,0.9999253857184062,1.0,1478.414778660003,1000.0,1478.414778660003,1000.0,0.0,0.0
20462,1715823480000.0,0.0,0.0,0.0,126.35,0.0,0.0,134.41,0.9999253857184062,1.0,1478.414778660003,1000.0,1478.414778660003,1000.0,0.0,0.0
20463,1715827080000.0,0.0,0.0,0.0,126.35,0.0,0.0,134.77,0.9999253857184062,1.0,1478.414778660003,1000.0,1478.414778660003,1000.0,0.0,0.0
20464,1715830680000.0,0.0,0.0,0.0,126.35,0.0,0.0,135.18,0.9999253857184062,1.0,1478.414778660003,1000.0,1478.414778660003,1000.0,0.0,0.0
20465,1715834280000.0,0.0,0.0,0.0,126.35,0.0,0.0,134.92,0.9999253857184062,1.0,1478.414778660003,1000.0,1478.414778660003,1000.0,0.0,0.0
20466,1715837880000.0,0.0,0.0,0.0,126.35,0.0,0.0,134.83,0.9999253857184062,1.0,1478.414778660003,1000.0,1478.414778660003,1000.0,0.0,0.0
20467,1715841480000.0,0.0,0.0,0.0,126.35,0.0,0.0,134.35,0.9999253857184062,1.0,1478.414778660003,1000.0,1478.414778660003,1000.0,0.0,0.0
20468,1715845080000.0,0.0,0.0,0.0,126.35,0.0,0.0,133.85,0.9999253857184062,1.0,1478.414778660003,1000.0,1478.414778660003,1000.0,0.0,0.0
20469,1715848680000.0,0.0,0.0,0.0,126.35,0.0,0.0,134.05,0.9999253857184062,1.0,1478.414778660003,1000.0,1478.414778660003,1000.0,0.0,0.0
20470,1715852280000.0,0.0,0.0,0.0,126.35,0.0,0.0,134.66,0.9999253857184062,1.0,1478.414778660003,1000.0,1478.414778660003,1000.0,0.0,0.0
20471,1715855880000.0,0.0,0.0,0.0,126.35,0.0,0.0,133.65,0.9999253857184062,1.0,1478.414778660003,1000.0,1478.414778660003,1000.0,0.0,0.0
20472,1715859480000.0,0.0,0.0,0.0,126.35,0.0,0.0,133.37,0.9999253857184062,1.0,1478.414778660003,1000.0,1478.414778660003,1000.0,0.0,0.0
20473,1715863080000.0,0.0,0.0,0.0,126.35,0.0,0.0,132.72,0.9999253857184062,1.0,1478.414778660003,1000.0,1478.414778660003,1000.0,0.0,0.0
20474,1715866680000.0,0.0,0.0,0.0,126.35,0.0,0.0,132.6,0.9999253857184062,1.0,1478.414778660003,1000.0,1478.414778660003,1000.0,0.0,0.0
20475,1715870280000.0,0.0,0.0,0.0,126.35,0.0,0.0,130.95,0.9999253857184062,1.0,1478.414778660003,1000.0,1478.414778660003,1000.0,0.0,0.0
20476,1715873880000.0,0.0,0.0,0.0,126.35,0.0,0.0,130.27,0.9999253857184062,1.0,1478.414778660003,1000.0,1478.414778660003,1000.0,0.0,0.0
20477,1715877480000.0,0.0,0.0,0.0,126.35,0.0,0.0,130.74,0.9999253857184062,1.0,1478.414778660003,1000.0,1478.414778660003,1000.0,0.0,0.0
20478,1715881080000.0,0.0,0.0,0.0,126.35,0.0,0.0,131.84,0.9999253857184062,1.0,1478.414778660003,1000.0,1478.414778660003,1000.0,0.0,0.0
20479,1715884680000.0,0.0,0.0,0.0,126.35,0.0,0.0,132.33,0.9999253857184062,1.0,1478.414778660003,1000.0,1478.414778660003,1000.0,0.0,0.0
20480,1715888280000.0,0.0,0.0,0.0,126.35,0.0,0.0,132.7,0.9999253857184062,1.0,1478.414778660003,1000.0,1478.414778660003,1000.0,0.0,0.0
20481,1715891880000.0,0.0,0.0,0.0,126.35,0.0,0.0,133.07,0.9999253857184062,1.0,1478.414778660003,1000.0,1478.414778660003,1000.0,0.0,0.0
20482,1715895480000.0,0.0,0.0,0.0,126.35,0.0,0.0,133.22,0.9999253857184062,1.0,1478.414778660003,1000.0,1478.414778660003,1000.0,0.0,0.0
20483,1715899080000.0,0.0,0.0,0.0,126.35,0.0,0.0,133.28,0.9999253857184062,1.0,1478.414778660003,1000.0,1478.414778660003,1000.0,0.0,0.0
20484,1715902680000.0,0.0,0.0,0.0,126.35,0.0,0.0,133.69,0.9999253857184062,1.0,1478.414778660003,1000.0,1478.414778660003,1000.0,0.0,0.0
20485,1715906280000.0,0.0,0.0,0.0,126.35,0.0,0.0,134.28,0.9999253857184062,1.0,1478.414778660003,1000.0,1478.414778660003,1000.0,0.0,0.0
20486,1715909880000.0,0.0,0.0,0.0,126.35,0.0,0.0,134.39,0.9999253857184062,1.0,1478.414778660003,1000.0,1478.414778660003,1000.0,0.0,0.0
20487,1715913480000.0,0.0,0.0,0.0,126.35,0.0,0.0,133.22,0.9999253857184062,1.0,1478.414778660003,1000.0,1478.414778660003,1000.0,0.0,0.0
20488,1715917080000.0,0.0,0.0,0.0,126.35,0.0,0.0,133.18,0.9999253857184062,1.0,1478.414778660003,1000.0,1478.414778660003,1000.0,0.0,0.0
20489,1715920680000.0,0.0,0.0,0.0,126.35,0.0,0.0,132.79,0.9999253857184062,1.0,1478.414778660003,1000.0,1478.414778660003,1000.0,0.0,0.0
20490,1715924280000.0,0.0,0.0,0.0,126.35,0.0,0.0,133.65,0.9999253857184062,1.0,1478.414778660003,1000.0,1478.414778660003,1000.0,0.0,0.0
20491,1715927880000.0,0.0,0.0,0.0,126.35,0.0,0.0,133.56,0.9999253857184062,1.0,1478.414778660003,1000.0,1478.414778660003,1000.0,0.0,0.0
20492,1715931480000.0,0.0,0.0,0.0,126.35,0.0,0.0,133.51,0.9999253857184062,1.0,1478.414778660003,1000.0,1478.414778660003,1000.0,0.0,0.0
20493,1715935080000.0,0.0,0.0,0.0,126.35,0.0,0.0,134.12,0.9999253857184062,1.0,1478.414778660003,1000.0,1478.414778660003,1000.0,0.0,0.0
20494,1715938680000.0,0.0,0.0,0.0,126.35,0.0,0.0,134.69,0.9999253857184062,1.0,1478.414778660003,1000.0,1478.414778660003,1000.0,0.0,0.0
20495,1715942280000.0,0.0,0.0,0.0,126.35,0.0,0.0,134.8,0.9999253857184062,1.0,1478.414778660003,1000.0,1478.414778660003,1000.0,0.0,0.0
20496,1715945880000.0,0.0,0.0,0.0,126.35,0.0,0.0,134.09,0.9999253857184062,1.0,1478.414778660003,1000.0,1478.414778660003,1000.0,0.0,0.0
20497,1715949480000.0,0.0,0.0,0.0,126.35,0.0,0.0,134.0,0.9999253857184062,1.0,1478.414778660003,1000.0,1478.414778660003,1000.0,0.0,0.0
20498,1715953080000.0,0.0,0.0,0.0,126.35,0.0,0.0,133.55,0.9999253857184062,1.0,1478.414778660003,1000.0,1478.414778660003,1000.0,0.0,0.0
20499,1715956680000.0,0.0,0.0,0.0,126.35,0.0,0.0,134.7,0.9999253857184062,1.0,1478.414778660003,1000.0,1478.414778660003,1000.0,0.0,0.0
20500,1715960280000.0,0.0,0.0,0.0,126.35,0.0,0.0,135.13,0.9999253857184062,1.0,1478.414778660003,1000.0,1478.414778660003,1000.0,0.0,0.0
20501,1715963880000.0,0.0,0.0,0.0,126.35,0.0,0.0,135.3,0.9999253857184062,1.0,1478.414778660003,1000.0,1478.414778660003,1000.0,0.0,0.0
20502,1715967480000.0,0.0,0.0,0.0,126.35,0.0,0.0,134.6,0.9999253857184062,1.0,1478.414778660003,1000.0,1478.414778660003,1000.0,0.0,0.0
20503,1715971080000.0,0.0,0.0,0.0,126.35,0.0,0.0,134.98,0.9999253857184062,1.0,1478.414778660003,1000.0,1478.414778660003,1000.0,0.0,0.0
20504,1715974680000.0,0.0,0.0,0.0,126.35,0.0,0.0,134.54,0.9999253857184062,1.0,1478.414778660003,1000.0,1478.414778660003,1000.0,0.0,0.0
20505,1715978280000.0,0.0,0.0,0.0,126.35,0.0,0.0,135.12,0.9999253857184062,1.0,1478.414778660003,1000.0,1478.414778660003,1000.0,0.0,0.0
20506,1715981880000.0,0.0,0.0,0.0,126.35,0.0,0.0,135.21,0.9999253857184062,1.0,1478.414778660003,1000.0,1478.414778660003,1000.0,0.0,0.0
20507,1715985480000.0,0.0,0.0,0.0,126.35,0.0,0.0,135.2,0.9999253857184062,1.0,1478.414778660003,1000.0,1478.414778660003,1000.0,0.0,0.0
20508,1715989080000.0,0.0,0.0,0.0,126.35,0.0,0.0,134.96,0.9999253857184062,1.0,1478.414778660003,1000.0,1478.414778660003,1000.0,0.0,0.0
20509,1715992680000.0,0.0,0.0,0.0,126.35,0.0,0.0,134.52,0.9999253857184062,1.0,1478.414778660003,1000.0,1478.414778660003,1000.0,0.0,0.0
20510,1715996280000.0,0.0,0.0,0.0,126.35,0.0,0.0,134.58,0.9999253857184062,1.0,1478.414778660003,1000.0,1478.414778660003,1000.0,0.0,0.0
20511,1715999880000.0,0.0,0.0,0.0,126.35,0.0,0.0,134.87,0.9999253857184062,1.0,1478.414778660003,1000.0,1478.414778660003,1000.0,0.0,0.0
20512,1716003480000.0,0.0,0.0,0.0,126.35,0.0,0.0,135.43,0.9999253857184062,1.0,1478.414778660003,1000.0,1478.414778660003,1000.0,0.0,0.0
20513,1716007080000.0,0.0,0.0,0.0,126.35,0.0,0.0,134.99,0.9999253857184062,1.0,1478.414778660003,1000.0,1478.414778660003,1000.0,0.0,0.0
20514,1716010680000.0,0.0,0.0,0.0,126.35,0.0,0.0,134.99,0.9999253857184062,1.0,1478.414778660003,1000.0,1478.414778660003,1000.0,0.0,0.0
20515,1716014280000.0,0.0,0.0,0.0,126.35,0.0,0.0,135.36,0.9999253857184062,1.0,1478.414778660003,1000.0,1478.414778660003,1000.0,0.0,0.0
20516,1716017880000.0,0.0,0.0,0.0,126.35,0.0,0.0,136.04,0.9999253857184062,1.0,1478.414778660003,1000.0,1478.414778660003,1000.0,0.0,0.0
20517,1716021480000.0,0.0,0.0,0.0,126.35,0.0,0.0,136.32,0.9999253857184062,1.0,1478.414778660003,1000.0,1478.414778660003,1000.0,0.0,0.0
20518,1716025080000.0,0.0,0.0,0.0,126.35,0.0,0.0,137.13,0.9999253857184062,1.0,1478.414778660003,1000.0,1478.414778660003,1000.0,0.0,0.0
20519,1716028680000.0,0.0,0.0,0.0,126.35,0.0,0.0,136.13,0.9999253857184062,1.0,1478.414778660003,1000.0,1478.414778660003,1000.0,0.0,0.0
20520,1716032280000.0,0.0,0.0,0.0,126.35,0.0,0.0,135.44,0.9999253857184062,1.0,1478.414778660003,1000.0,1478.414778660003,1000.0,0.0,0.0
20521,1716035880000.0,0.0,0.0,0.0,126.35,0.0,0.0,136.07,0.9999253857184062,1.0,1478.414778660003,1000.0,1478.414778660003,1000.0,0.0,0.0
20522,1716039480000.0,0.0,0.0,0.0,126.35,0.0,0.0,136.03,0.9999253857184062,1.0,1478.414778660003,1000.0,1478.414778660003,1000.0,0.0,0.0
20523,1716043080000.0,0.0,0.0,0.0,126.35,0.0,0.0,135.76,0.9999253857184062,1.0,1478.414778660003,1000.0,1478.414778660003,1000.0,0.0,0.0
20524,1716046680000.0,0.0,0.0,0.0,126.35,0.0,0.0,136.26,0.9999253857184062,1.0,1478.414778660003,1000.0,1478.414778660003,1000.0,0.0,0.0
20525,1716050280000.0,0.0,0.0,0.0,126.35,0.0,0.0,135.89,0.9999253857184062,1.0,1478.414778660003,1000.0,1478.414778660003,1000.0,0.0,0.0
20526,1716053880000.0,0.0,0.0,0.0,126.35,0.0,0.0,135.83,0.9999253857184062,1.0,1478.414778660003,1000.0,1478.414778660003,1000.0,0.0,0.0
20527,1716057480000.0,0.0,0.0,0.0,126.35,0.0,0.0,135.29,0.9999253857184062,1.0,1478.414778660003,1000.0,1478.414778660003,1000.0,0.0,0.0
20528,1716061080000.0,0.0,0.0,0.0,126.35,0.0,0.0,135.17,0.9999253857184062,1.0,1478.414778660003,1000.0,1478.414778660003,1000.0,0.0,0.0
20529,1716064680000.0,0.0,0.0,0.0,126.35,0.0,0.0,135.4,0.9999253857184062,1.0,1478.414778660003,1000.0,1478.414778660003,1000.0,0.0,0.0
20530,1716068280000.0,0.0,0.0,0.0,126.35,0.0,0.0,135.08,0.9999253857184062,1.0,1478.414778660003,1000.0,1478.414778660003,1000.0,0.0,0.0
20531,1716071880000.0,0.0,0.0,0.0,126.35,0.0,0.0,135.65,0.9999253857184062,1.0,1478.414778660003,1000.0,1478.414778660003,1000.0,0.0,0.0
20532,1716075480000.0,0.0,0.0,0.0,126.35,0.0,0.0,135.93,0.9999253857184062,1.0,1478.414778660003,1000.0,1478.414778660003,1000.0,0.0,0.0
20533,1716079080000.0,0.0,0.0,0.0,126.35,0.0,0.0,135.8,0.9999253857184062,1.0,1478.414778660003,1000.0,1478.414778660003,1000.0,0.0,0.0
20534,1716082680000.0,0.0,0.0,0.0,126.35,0.0,0.0,135.61,0.9999253857184062,1.0,1478.414778660003,1000.0,1478.414778660003,1000.0,0.0,0.0
20535,1716086280000.0,0.0,0.0,0.0,126.35,0.0,0.0,135.78,0.9999253857184062,1.0,1478.414778660003,1000.0,1478.414778660003,1000.0,0.0,0.0
20536,1716089880000.0,0.0,0.0,0.0,126.35,0.0,0.0,135.64,0.9999253857184062,1.0,1478.414778660003,1000.0,1478.414778660003,1000.0,0.0,0.0
20537,1716093480000.0,0.0,0.0,0.0,126.35,0.0,0.0,135.39,0.9999253857184062,1.0,1478.414778660003,1000.0,1478.414778660003,1000.0,0.0,0.0
20538,1716097080000.0,0.0,0.0,0.0,126.35,0.0,0.0,135.46,0.9999253857184062,1.0,1478.414778660003,1000.0,1478.414778660003,1000.0,0.0,0.0
20539,1716100680000.0,0.0,0.0,0.0,126.35,0.0,0.0,135.37,0.9999253857184062,1.0,1478.414778660003,1000.0,1478.414778660003,1000.0,0.0,0.0
20540,1716104280000.0,0.0,0.0,0.0,126.35,0.0,0.0,135.06,0.9999253857184062,1.0,1478.414778660003,1000.0,1478.414778660003,1000.0,0.0,0.0
20541,1716107880000.0,0.0,0.0,0.0,126.35,0.0,0.0,134.84,0.9999253857184062,1.0,1478.414778660003,1000.0,1478.414778660003,1000.0,0.0,0.0
20542,1716111480000.0,0.0,0.0,0.0,126.35,0.0,0.0,134.92,0.9999253857184062,1.0,1478.414778660003,1000.0,1478.414778660003,1000.0,0.0,0.0
20543,1716115080000.0,0.0,0.0,0.0,126.35,0.0,0.0,135.54,0.9999253857184062,1.0,1478.414778660003,1000.0,1478.414778660003,1000.0,0.0,0.0
20544,1716118680000.0,0.0,0.0,0.0,126.35,0.0,0.0,134.92,0.9999253857184062,1.0,1478.414778660003,1000.0,1478.414778660003,1000.0,0.0,0.0
20545,1716122280000.0,0.0,0.0,0.0,126.35,0.0,0.0,135.1,0.9999253857184062,1.0,1478.414778660003,1000.0,1478.414778660003,1000.0,0.0,0.0
20546,1716125880000.0,0.0,0.0,0.0,126.35,0.0,0.0,135.35,0.9999253857184062,1.0,1478.414778660003,1000.0,1478.414778660003,1000.0,0.0,0.0
20547,1716129480000.0,0.0,0.0,0.0,126.35,0.0,0.0,135.75,0.9999253857184062,1.0,1478.414778660003,1000.0,1478.414778660003,1000.0,0.0,0.0
20548,1716133080000.0,0.0,0.0,0.0,126.35,0.0,0.0,136.07,0.9999253857184062,1.0,1478.414778660003,1000.0,1478.414778660003,1000.0,0.0,0.0
20549,1716136680000.0,0.0,0.0,0.0,126.35,0.0,0.0,136.04,0.9999253857184062,1.0,1478.414778660003,1000.0,1478.414778660003,1000.0,0.0,0.0
20550,1716140280000.0,0.0,0.0,0.0,126.35,0.0,0.0,135.15,0.9999253857184062,1.0,1478.414778660003,1000.0,1478.414778660003,1000.0,0.0,0.0
20551,1716143880000.0,0.0,0.0,0.0,126.35,0.0,0.0,135.23,0.9999253857184062,1.0,1478.414778660003,1000.0,1478.414778660003,1000.0,0.0,0.0
20552,1716147480000.0,0.0,0.0,0.0,126.35,0.0,0.0,134.48,0.9999253857184062,1.0,1478.414778660003,1000.0,1478.414778660003,1000.0,0.0,0.0
20553,1716151080000.0,0.0,0.0,0.0,126.35,0.0,0.0,134.69,0.9999253857184062,1.0,1478.414778660003,1000.0,1478.414778660003,1000.0,0.0,0.0
20554,1716154680000.0,0.0,0.0,0.0,126.35,0.0,0.0,134.33,0.9999253857184062,1.0,1478.414778660003,1000.0,1478.414778660003,1000.0,0.0,0.0
20555,1716158280000.0,0.0,0.0,0.0,126.35,0.0,0.0,134.96,0.9999253857184062,1.0,1478.414778660003,1000.0,1478.414778660003,1000.0,0.0,0.0
20556,1716161880000.0,0.0,0.0,0.0,126.35,0.0,0.0,134.36,0.9999253857184062,1.0,1478.414778660003,1000.0,1478.414778660003,1000.0,0.0,0.0
20557,1716165480000.0,0.0,0.0,0.0,126.35,0.0,0.0,134.65,0.9999253857184062,1.0,1478.414778660003,1000.0,1478.414778660003,1000.0,0.0,0.0
20558,1716169080000.0,0.0,0.0,0.0,126.35,0.0,0.0,134.08,0.9999253857184062,1.0,1478.414778660003,1000.0,1478.414778660003,1000.0,0.0,0.0
20559,1716172680000.0,0.0,0.0,0.0,126.35,0.0,0.0,134.23,0.9999253857184062,1.0,1478.414778660003,1000.0,1478.414778660003,1000.0,0.0,0.0
20560,1716176280000.0,0.0,0.0,0.0,126.35,0.0,0.0,134.13,0.9999253857184062,1.0,1478.414778660003,1000.0,1478.414778660003,1000.0,0.0,0.0
20561,1716179880000.0,0.0,0.0,0.0,126.35,0.0,0.0,134.67,0.9999253857184062,1.0,1478.414778660003,1000.0,1478.414778660003,1000.0,0.0,0.0
20562,1716183480000.0,0.0,0.0,0.0,126.35,0.0,0.0,135.06,0.9999253857184062,1.0,1478.414778660003,1000.0,1478.414778660003,1000.0,0.0,0.0
20563,1716187080000.0,0.0,0.0,0.0,126.35,0.0,0.0,135.08,0.9999253857184062,1.0,1478.414778660003,1000.0,1478.414778660003,1000.0,0.0,0.0
20564,1716190680000.0,0.0,0.0,0.0,126.35,0.0,0.0,135.27,0.9999253857184062,1.0,1478.414778660003,1000.0,1478.414778660003,1000.0,0.0,0.0
20565,1716194280000.0,0.0,0.0,0.0,126.35,0.0,0.0,135.11,0.9999253857184062,1.0,1478.414778660003,1000.0,1478.414778660003,1000.0,0.0,0.0
20566,1716197880000.0,0.0,0.0,0.0,126.35,0.0,0.0,135.52,0.9999253857184062,1.0,1478.414778660003,1000.0,1478.414778660003,1000.0,0.0,0.0
20567,1716201480000.0,0.0,0.0,0.0,126.35,0.0,0.0,135.27,0.9999253857184062,1.0,1478.414778660003,1000.0,1478.414778660003,1000.0,0.0,0.0
20568,1716205080000.0,0.0,0.0,0.0,126.35,0.0,0.0,135.37,0.9999253857184062,1.0,1478.414778660003,1000.0,1478.414778660003,1000.0,0.0,0.0
20569,1716208680000.0,0.0,0.0,0.0,126.35,0.0,0.0,135.69,0.9999253857184062,1.0,1478.414778660003,1000.0,1478.414778660003,1000.0,0.0,0.0
20570,1716212280000.0,0.0,0.0,0.0,126.35,0.0,0.0,134.54,0.9999253857184062,1.0,1478.414778660003,1000.0,1478.414778660003,1000.0,0.0,0.0
20571,1716215880000.0,0.0,0.0,0.0,126.35,0.0,0.0,134.63,0.9999253857184062,1.0,1478.414778660003,1000.0,1478.414778660003,1000.0,0.0,0.0
20572,1716219480000.0,0.0,0.0,0.0,126.35,0.0,0.0,135.52,0.9999253857184062,1.0,1478.414778660003,1000.0,1478.414778660003,1000.0,0.0,0.0
20573,1716223080000.0,0.0,0.0,0.0,126.35,0.0,0.0,136.11,0.9999253857184062,1.0,1478.414778660003,1000.0,1478.414778660003,1000.0,0.0,0.0
20574,1716226680000.0,0.0,0.0,0.0,126.35,0.0,0.0,135.57,0.9999253857184062,1.0,1478.414778660003,1000.0,1478.414778660003,1000.0,0.0,0.0
20575,1716230280000.0,0.0,0.0,0.0,126.35,0.0,0.0,134.53,0.9999253857184062,1.0,1478.414778660003,1000.0,1478.414778660003,1000.0,0.0,0.0
20576,1716233880000.0,0.0,0.0,0.0,126.35,0.0,0.0,136.15,0.9999253857184062,1.0,1478.414778660003,1000.0,1478.414778660003,1000.0,0.0,0.0
20577,1716237480000.0,0.0,0.0,0.0,126.35,0.0,0.0,135.68,0.9999253857184062,1.0,1478.414778660003,1000.0,1478.414778660003,1000.0,0.0,0.0
20578,1716241080000.0,0.0,0.0,0.0,126.35,0.0,0.0,135.25,0.9999253857184062,1.0,1478.414778660003,1000.0,1478.414778660003,1000.0,0.0,0.0
20579,1716244680000.0,0.0,0.0,0.0,126.35,0.0,0.0,136.46,0.9999253857184062,1.0,1478.414778660003,1000.0,1478.414778660003,1000.0,0.0,0.0
20580,1716248280000.0,0.0,0.0,0.0,126.35,0.0,0.0,134.94,0.9999253857184062,1.0,1478.414778660003,1000.0,1478.414778660003,1000.0,0.0,0.0
20581,1716251880000.0,0.0,0.0,0.0,126.35,0.0,0.0,135.32,0.9999253857184062,1.0,1478.414778660003,1000.0,1478.414778660003,1000.0,0.0,0.0
20582,1716255480000.0,0.0,0.0,0.0,126.35,0.0,0.0,135.12,0.9999253857184062,1.0,1478.414778660003,1000.0,1478.414778660003,1000.0,0.0,0.0
20583,1716259080000.0,0.0,0.0,0.0,126.35,0.0,0.0,135.7,0.9999253857184062,1.0,1478.414778660003,1000.0,1478.414778660003,1000.0,0.0,0.0
20584,1716262680000.0,0.0,0.0,0.0,126.35,0.0,0.0,136.41,0.9999253857184062,1.0,1478.414778660003,1000.0,1478.414778660003,1000.0,0.0,0.0
20585,1716266280000.0,0.0,0.0,0.0,126.35,0.0,0.0,137.32,0.9999253857184062,1.0,1478.414778660003,1000.0,1478.414778660003,1000.0,0.0,0.0
20586,1716269880000.0,0.0,0.0,0.0,126.35,0.0,0.0,137.84,0.9999253857184062,1.0,1478.414778660003,1000.0,1478.414778660003,1000.0,0.0,0.0
20587,1716273480000.0,0.0,0.0,0.0,126.35,0.0,0.0,139.5,0.9999253857184062,1.0,1478.414778660003,1000.0,1478.414778660003,1000.0,0.0,0.0
20588,1716277080000.0,0.0,0.0,0.0,126.35,0.0,0.0,138.93,0.9999253857184062,1.0,1478.414778660003,1000.0,1478.414778660003,1000.0,0.0,0.0
20589,1716280680000.0,0.0,0.0,0.0,126.35,0.0,0.0,140.95,0.9999253857184062,1.0,1478.414778660003,1000.0,1478.414778660003,1000.0,0.0,0.0
20590,1716284280000.0,0.0,0.0,0.0,126.35,0.0,0.0,139.8,0.9999253857184062,1.0,1478.414778660003,1000.0,1478.414778660003,1000.0,0.0,0.0
20591,1716287880000.0,0.0,0.0,0.0,126.35,0.0,0.0,140.57,0.9999253857184062,1.0,1478.414778660003,1000.0,1478.414778660003,1000.0,0.0,0.0
20592,1716291480000.0,0.0,0.0,0.0,126.35,0.0,0.0,140.37,0.9999253857184062,1.0,1478.414778660003,1000.0,1478.414778660003,1000.0,0.0,0.0
20593,1716295080000.0,0.0,0.0,0.0,126.35,0.0,0.0,140.54,0.9999253857184062,1.0,1478.414778660003,1000.0,1478.414778660003,1000.0,0.0,0.0
20594,1716298680000.0,0.0,0.0,0.0,126.35,0.0,0.0,141.28,0.9999253857184062,1.0,1478.414778660003,1000.0,1478.414778660003,1000.0,0.0,0.0
20595,1716302280000.0,0.0,0.0,0.0,126.35,0.0,0.0,140.86,0.9999253857184062,1.0,1478.414778660003,1000.0,1478.414778660003,1000.0,0.0,0.0
20596,1716305880000.0,0.0,0.0,0.0,126.35,0.0,0.0,137.54,0.9999253857184062,1.0,1478.414778660003,1000.0,1478.414778660003,1000.0,0.0,0.0
20597,1716309480000.0,0.0,0.0,0.0,126.35,0.0,0.0,137.43,0.9999253857184062,1.0,1478.414778660003,1000.0,1478.414778660003,1000.0,0.0,0.0
20598,1716313080000.0,0.0,0.0,0.0,126.35,0.0,0.0,136.6,0.9999253857184062,1.0,1478.414778660003,1000.0,1478.414778660003,1000.0,0.0,0.0
20599,1716316680000.0,0.0,0.0,0.0,126.35,0.0,0.0,135.49,0.9999253857184062,1.0,1478.414778660003,1000.0,1478.414778660003,1000.0,0.0,0.0
20600,1716320280000.0,0.0,0.0,0.0,126.35,0.0,0.0,134.85,0.9999253857184062,1.0,1478.414778660003,1000.0,1478.414778660003,1000.0,0.0,0.0
20601,1716323880000.0,0.0,0.0,0.0,126.35,0.0,0.0,135.74,0.9999253857184062,1.0,1478.414778660003,1000.0,1478.414778660003,1000.0,0.0,0.0
20602,1716327480000.0,0.0,0.0,0.0,126.35,0.0,0.0,135.66,0.9999253857184062,1.0,1478.414778660003,1000.0,1478.414778660003,1000.0,0.0,0.0
20603,1716331080000.0,0.0,0.0,0.0,126.35,0.0,0.0,134.72,0.9999253857184062,1.0,1478.414778660003,1000.0,1478.414778660003,1000.0,0.0,0.0
20604,1716334680000.0,0.0,0.0,0.0,126.35,0.0,0.0,135.63,0.9999253857184062,1.0,1478.414778660003,1000.0,1478.414778660003,1000.0,0.0,0.0
20605,1716338280000.0,0.0,0.0,0.0,126.35,0.0,0.0,136.65,0.9999253857184062,1.0,1478.414778660003,1000.0,1478.414778660003,1000.0,0.0,0.0
20606,1716341880000.0,0.0,0.0,0.0,126.35,0.0,0.0,138.36,0.9999253857184062,1.0,1478.414778660003,1000.0,1478.414778660003,1000.0,0.0,0.0
20607,1716345480000.0,0.0,0.0,0.0,126.35,0.0,0.0,138.91,0.9999253857184062,1.0,1478.414778660003,1000.0,1478.414778660003,1000.0,0.0,0.0
20608,1716349080000.0,0.0,0.0,0.0,126.35,0.0,0.0,138.04,0.9999253857184062,1.0,1478.414778660003,1000.0,1478.414778660003,1000.0,0.0,0.0
20609,1716352680000.0,0.0,0.0,0.0,126.35,0.0,0.0,138.3,0.9999253857184062,1.0,1478.414778660003,1000.0,1478.414778660003,1000.0,0.0,0.0
20610,1716356280000.0,0.0,0.0,0.0,126.35,0.0,0.0,137.63,0.9999253857184062,1.0,1478.414778660003,1000.0,1478.414778660003,1000.0,0.0,0.0
20611,1716359880000.0,0.0,0.0,0.0,126.35,0.0,0.0,137.32,0.9999253857184062,1.0,1478.414778660003,1000.0,1478.414778660003,1000.0,0.0,0.0
20612,1716363480000.0,0.0,0.0,0.0,126.35,0.0,0.0,137.17,0.9999253857184062,1.0,1478.414778660003,1000.0,1478.414778660003,1000.0,0.0,0.0
20613,1716367080000.0,0.0,0.0,0.0,126.35,0.0,0.0,138.21,0.9999253857184062,1.0,1478.414778660003,1000.0,1478.414778660003,1000.0,0.0,0.0
20614,1716370680000.0,0.0,0.0,0.0,126.35,0.0,0.0,137.62,0.9999253857184062,1.0,1478.414778660003,1000.0,1478.414778660003,1000.0,0.0,0.0
20615,1716374280000.0,0.0,0.0,0.0,126.35,0.0,0.0,137.04,0.9999253857184062,1.0,1478.414778660003,1000.0,1478.414778660003,1000.0,0.0,0.0
20616,1716377880000.0,0.0,0.0,0.0,126.35,0.0,0.0,137.1,0.9999253857184062,1.0,1478.414778660003,1000.0,1478.414778660003,1000.0,0.0,0.0
20617,1716381480000.0,0.0,0.0,0.0,126.35,0.0,0.0,135.66,0.9999253857184062,1.0,1478.414778660003,1000.0,1478.414778660003,1000.0,0.0,0.0
20618,1716385080000.0,0.0,0.0,0.0,126.35,0.0,0.0,136.46,0.9999253857184062,1.0,1478.414778660003,1000.0,1478.414778660003,1000.0,0.0,0.0
20619,1716388680000.0,0.0,0.0,0.0,126.35,0.0,0.0,136.39,0.9999253857184062,1.0,1478.414778660003,1000.0,1478.414778660003,1000.0,0.0,0.0
20620,1716392280000.0,0.0,0.0,0.0,126.35,0.0,0.0,135.89,0.9999253857184062,1.0,1478.414778660003,1000.0,1478.414778660003,1000.0,0.0,0.0
20621,1716395880000.0,0.0,0.0,0.0,126.35,0.0,0.0,137.82,0.9999253857184062,1.0,1478.414778660003,1000.0,1478.414778660003,1000.0,0.0,0.0
20622,1716399480000.0,0.0,0.0,0.0,126.35,0.0,0.0,138.68,0.9999253857184062,1.0,1478.414778660003,1000.0,1478.414778660003,1000.0,0.0,0.0
20623,1716403080000.0,0.0,0.0,0.0,126.35,0.0,0.0,138.96,0.9999253857184062,1.0,1478.414778660003,1000.0,1478.414778660003,1000.0,0.0,0.0
20624,1716406680000.0,0.0,0.0,0.0,126.35,0.0,0.0,138.69,0.9999253857184062,1.0,1478.414778660003,1000.0,1478.414778660003,1000.0,0.0,0.0
20625,1716410280000.0,0.0,0.0,0.0,126.35,0.0,0.0,138.94,0.9999253857184062,1.0,1478.414778660003,1000.0,1478.414778660003,1000.0,0.0,0.0
20626,1716413880000.0,0.0,0.0,0.0,126.35,0.0,0.0,138.85,0.9999253857184062,1.0,1478.414778660003,1000.0,1478.414778660003,1000.0,0.0,0.0
20627,1716417480000.0,0.0,0.0,0.0,126.35,0.0,0.0,137.65,0.9999253857184062,1.0,1478.414778660003,1000.0,1478.414778660003,1000.0,0.0,0.0
20628,1716421080000.0,0.0,0.0,0.0,126.35,0.0,0.0,138.31,0.9999253857184062,1.0,1478.414778660003,1000.0,1478.414778660003,1000.0,0.0,0.0
20629,1716424680000.0,0.0,0.0,0.0,126.35,0.0,0.0,139.02,0.9999253857184062,1.0,1478.414778660003,1000.0,1478.414778660003,1000.0,0.0,0.0
20630,1716428280000.0,0.0,0.0,0.0,126.35,0.0,0.0,138.51,0.9999253857184062,1.0,1478.414778660003,1000.0,1478.414778660003,1000.0,0.0,0.0
20631,1716431880000.0,0.0,0.0,0.0,126.35,0.0,0.0,139.06,0.9999253857184062,1.0,1478.414778660003,1000.0,1478.414778660003,1000.0,0.0,0.0
20632,1716435480000.0,0.0,0.0,0.0,126.35,0.0,0.0,138.96,0.9999253857184062,1.0,1478.414778660003,1000.0,1478.414778660003,1000.0,0.0,0.0
20633,1716439080000.0,0.0,0.0,0.0,126.35,0.0,0.0,139.11,0.9999253857184062,1.0,1478.414778660003,1000.0,1478.414778660003,1000.0,0.0,0.0
20634,1716442680000.0,0.0,0.0,0.0,126.35,0.0,0.0,139.18,0.9999253857184062,1.0,1478.414778660003,1000.0,1478.414778660003,1000.0,0.0,0.0
20635,1716446280000.0,0.0,0.0,0.0,126.35,0.0,0.0,139.6,0.9999253857184062,1.0,1478.414778660003,1000.0,1478.414778660003,1000.0,0.0,0.0
20636,1716449880000.0,0.0,0.0,0.0,126.35,0.0,0.0,139.0,0.9999253857184062,1.0,1478.414778660003,1000.0,1478.414778660003,1000.0,0.0,0.0
20637,1716453480000.0,0.0,0.0,0.0,126.35,0.0,0.0,139.09,0.9999253857184062,1.0,1478.414778660003,1000.0,1478.414778660003,1000.0,0.0,0.0
20638,1716457080000.0,0.0,0.0,0.0,126.35,0.0,0.0,139.43,0.9999253857184062,1.0,1478.414778660003,1000.0,1478.414778660003,1000.0,0.0,0.0
20639,1716460680000.0,0.0,0.0,0.0,126.35,0.0,0.0,139.99,0.9999253857184062,1.0,1478.414778660003,1000.0,1478.414778660003,1000.0,0.0,0.0
20640,1716464280000.0,0.0,0.0,0.0,126.35,0.0,0.0,140.18,0.9999253857184062,1.0,1478.414778660003,1000.0,1478.414778660003,1000.0,0.0,0.0
20641,1716467880000.0,0.0,0.0,0.0,126.35,0.0,0.0,139.78,0.9999253857184062,1.0,1478.414778660003,1000.0,1478.414778660003,1000.0,0.0,0.0
20642,1716471480000.0,0.0,0.0,0.0,126.35,0.0,0.0,138.81,0.9999253857184062,1.0,1478.414778660003,1000.0,1478.414778660003,1000.0,0.0,0.0
20643,1716475080000.0,0.0,0.0,0.0,126.35,0.0,0.0,138.13,0.9999253857184062,1.0,1478.414778660003,1000.0,1478.414778660003,1000.0,0.0,0.0
20644,1716478680000.0,0.0,0.0,0.0,126.35,0.0,0.0,138.26,0.9999253857184062,1.0,1478.414778660003,1000.0,1478.414778660003,1000.0,0.0,0.0
20645,1716482280000.0,0.0,0.0,0.0,126.35,0.0,0.0,139.79,0.9999253857184062,1.0,1478.414778660003,1000.0,1478.414778660003,1000.0,0.0,0.0
20646,1716485880000.0,0.0,0.0,0.0,126.35,0.0,0.0,138.46,0.9999253857184062,1.0,1478.414778660003,1000.0,1478.414778660003,1000.0,0.0,0.0
20647,1716489480000.0,0.0,0.0,0.0,126.35,0.0,0.0,139.22,0.9999253857184062,1.0,1478.414778660003,1000.0,1478.414778660003,1000.0,0.0,0.0
20648,1716493080000.0,0.0,0.0,0.0,126.35,0.0,0.0,140.58,0.9999253857184062,1.0,1478.414778660003,1000.0,1478.414778660003,1000.0,0.0,0.0
20649,1716496680000.0,0.0,0.0,0.0,126.35,0.0,0.0,140.21,0.9999253857184062,1.0,1478.414778660003,1000.0,1478.414778660003,1000.0,0.0,0.0
20650,1716500280000.0,0.0,0.0,0.0,126.35,0.0,0.0,140.96,0.9999253857184062,1.0,1478.414778660003,1000.0,1478.414778660003,1000.0,0.0,0.0
20651,1716503880000.0,0.0,0.0,0.0,126.35,0.0,0.0,139.94,0.9999253857184062,1.0,1478.414778660003,1000.0,1478.414778660003,1000.0,0.0,0.0
20652,1716507480000.0,0.0,0.0,0.0,126.35,0.0,0.0,138.61,0.9999253857184062,1.0,1478.414778660003,1000.0,1478.414778660003,1000.0,0.0,0.0
20653,1716511080000.0,0.0,0.0,0.0,126.35,0.0,0.0,138.67,0.9999253857184062,1.0,1478.414778660003,1000.0,1478.414778660003,1000.0,0.0,0.0
20654,1716514680000.0,0.0,0.0,0.0,126.35,0.0,0.0,139.38,0.9999253857184062,1.0,1478.414778660003,1000.0,1478.414778660003,1000.0,0.0,0.0
20655,1716518280000.0,0.0,0.0,0.0,126.35,0.0,0.0,139.02,0.9999253857184062,1.0,1478.414778660003,1000.0,1478.414778660003,1000.0,0.0,0.0
20656,1716521880000.0,0.0,0.0,0.0,126.35,0.0,0.0,139.72,0.9999253857184062,1.0,1478.414778660003,1000.0,1478.414778660003,1000.0,0.0,0.0
20657,1716525480000.0,0.0,0.0,0.0,126.35,0.0,0.0,140.43,0.9999253857184062,1.0,1478.414778660003,1000.0,1478.414778660003,1000.0,0.0,0.0
20658,1716529080000.0,0.0,0.0,0.0,126.35,0.0,0.0,140.15,0.9999253857184062,1.0,1478.414778660003,1000.0,1478.414778660003,1000.0,0.0,0.0
20659,1716532680000.0,0.0,0.0,0.0,126.35,0.0,0.0,140.65,0.9999253857184062,1.0,1478.414778660003,1000.0,1478.414778660003,1000.0,0.0,0.0
20660,1716536280000.0,0.0,0.0,0.0,126.35,0.0,0.0,141.62,0.9999253857184062,1.0,1478.414778660003,1000.0,1478.414778660003,1000.0,0.0,0.0
20661,1716539880000.0,0.0,0.0,0.0,126.35,0.0,0.0,142.11,0.9999253857184062,1.0,1478.414778660003,1000.0,1478.414778660003,1000.0,0.0,0.0
20662,1716543480000.0,0.0,0.0,0.0,126.35,0.0,0.0,142.75,0.9999253857184062,1.0,1478.414778660003,1000.0,1478.414778660003,1000.0,0.0,0.0
20663,1716547080000.0,0.0,0.0,0.0,126.35,0.0,0.0,142.13,0.9999253857184062,1.0,1478.414778660003,1000.0,1478.414778660003,1000.0,0.0,0.0
20664,1716550680000.0,0.0,0.0,0.0,126.35,0.0,0.0,142.22,0.9999253857184062,1.0,1478.414778660003,1000.0,1478.414778660003,1000.0,0.0,0.0
20665,1716554280000.0,0.0,0.0,0.0,126.35,0.0,0.0,140.84,0.9999253857184062,1.0,1478.414778660003,1000.0,1478.414778660003,1000.0,0.0,0.0
20666,1716557880000.0,0.0,0.0,0.0,126.35,0.0,0.0,140.46,0.9999253857184062,1.0,1478.414778660003,1000.0,1478.414778660003,1000.0,0.0,0.0
20667,1716561480000.0,0.0,0.0,0.0,126.35,0.0,0.0,141.37,0.9999253857184062,1.0,1478.414778660003,1000.0,1478.414778660003,1000.0,0.0,0.0
20668,1716565080000.0,0.0,0.0,0.0,126.35,0.0,0.0,141.01,0.9999253857184062,1.0,1478.414778660003,1000.0,1478.414778660003,1000.0,0.0,0.0
20669,1716568680000.0,0.0,0.0,0.0,126.35,0.0,0.0,141.14,0.9999253857184062,1.0,1478.414778660003,1000.0,1478.414778660003,1000.0,0.0,0.0
20670,1716572280000.0,0.0,0.0,0.0,126.35,0.0,0.0,142.11,0.9999253857184062,1.0,1478.414778660003,1000.0,1478.414778660003,1000.0,0.0,0.0
20671,1716575880000.0,0.0,0.0,0.0,126.35,0.0,0.0,143.37,0.9999253857184062,1.0,1478.414778660003,1000.0,1478.414778660003,1000.0,0.0,0.0
20672,1716579480000.0,0.0,0.0,0.0,126.35,0.0,0.0,143.45,0.9999253857184062,1.0,1478.414778660003,1000.0,1478.414778660003,1000.0,0.0,0.0
20673,1716583080000.0,0.0,0.0,0.0,126.35,0.0,0.0,142.11,0.9999253857184062,1.0,1478.414778660003,1000.0,1478.414778660003,1000.0,0.0,0.0
20674,1716586680000.0,0.0,0.0,0.0,126.35,0.0,0.0,141.86,0.9999253857184062,1.0,1478.414778660003,1000.0,1478.414778660003,1000.0,0.0,0.0
20675,1716590280000.0,0.0,0.0,0.0,126.35,0.0,0.0,142.12,0.9999253857184062,1.0,1478.414778660003,1000.0,1478.414778660003,1000.0,0.0,0.0
20676,1716593880000.0,0.0,0.0,0.0,126.35,0.0,0.0,141.49,0.9999253857184062,1.0,1478.414778660003,1000.0,1478.414778660003,1000.0,0.0,0.0
20677,1716597480000.0,0.0,0.0,0.0,126.35,0.0,0.0,141.64,0.9999253857184062,1.0,1478.414778660003,1000.0,1478.414778660003,1000.0,0.0,0.0
20678,1716601080000.0,0.0,0.0,0.0,126.35,0.0,0.0,141.42,0.9999253857184062,1.0,1478.414778660003,1000.0,1478.414778660003,1000.0,0.0,0.0
20679,1716604680000.0,0.0,0.0,0.0,126.35,0.0,0.0,141.22,0.9999253857184062,1.0,1478.414778660003,1000.0,1478.414778660003,1000.0,0.0,0.0
20680,1716608280000.0,0.0,0.0,0.0,126.35,0.0,0.0,141.25,0.9999253857184062,1.0,1478.414778660003,1000.0,1478.414778660003,1000.0,0.0,0.0
20681,1716611880000.0,0.0,0.0,0.0,126.35,0.0,0.0,141.37,0.9999253857184062,1.0,1478.414778660003,1000.0,1478.414778660003,1000.0,0.0,0.0
20682,1716615480000.0,0.0,0.0,0.0,126.35,0.0,0.0,142.06,0.9999253857184062,1.0,1478.414778660003,1000.0,1478.414778660003,1000.0,0.0,0.0
20683,1716619080000.0,0.0,0.0,0.0,126.35,0.0,0.0,141.52,0.9999253857184062,1.0,1478.414778660003,1000.0,1478.414778660003,1000.0,0.0,0.0
20684,1716622680000.0,0.0,0.0,0.0,126.35,0.0,0.0,141.72,0.9999253857184062,1.0,1478.414778660003,1000.0,1478.414778660003,1000.0,0.0,0.0
20685,1716626280000.0,0.0,0.0,0.0,126.35,0.0,0.0,141.34,0.9999253857184062,1.0,1478.414778660003,1000.0,1478.414778660003,1000.0,0.0,0.0
20686,1716629880000.0,0.0,0.0,0.0,126.35,0.0,0.0,141.68,0.9999253857184062,1.0,1478.414778660003,1000.0,1478.414778660003,1000.0,0.0,0.0
20687,1716633480000.0,0.0,0.0,0.0,126.35,0.0,0.0,141.23,0.9999253857184062,1.0,1478.414778660003,1000.0,1478.414778660003,1000.0,0.0,0.0
20688,1716637080000.0,0.0,0.0,0.0,126.35,0.0,0.0,140.82,0.9999253857184062,1.0,1478.414778660003,1000.0,1478.414778660003,1000.0,0.0,0.0
20689,1716640680000.0,0.0,0.0,0.0,126.35,0.0,0.0,140.87,0.9999253857184062,1.0,1478.414778660003,1000.0,1478.414778660003,1000.0,0.0,0.0
20690,1716644280000.0,0.0,0.0,0.0,126.35,0.0,0.0,140.76,0.9999253857184062,1.0,1478.414778660003,1000.0,1478.414778660003,1000.0,0.0,0.0
20691,1716647880000.0,0.0,0.0,0.0,126.35,0.0,0.0,141.6,0.9999253857184062,1.0,1478.414778660003,1000.0,1478.414778660003,1000.0,0.0,0.0
20692,1716651480000.0,0.0,0.0,0.0,126.35,0.0,0.0,141.23,0.9999253857184062,1.0,1478.414778660003,1000.0,1478.414778660003,1000.0,0.0,0.0
20693,1716655080000.0,0.0,0.0,0.0,126.35,0.0,0.0,141.59,0.9999253857184062,1.0,1478.414778660003,1000.0,1478.414778660003,1000.0,0.0,0.0
20694,1716658680000.0,0.0,0.0,0.0,126.35,0.0,0.0,141.07,0.9999253857184062,1.0,1478.414778660003,1000.0,1478.414778660003,1000.0,0.0,0.0
20695,1716662280000.0,0.0,0.0,0.0,126.35,0.0,0.0,141.05,0.9999253857184062,1.0,1478.414778660003,1000.0,1478.414778660003,1000.0,0.0,0.0
20696,1716665880000.0,0.0,0.0,0.0,126.35,0.0,0.0,141.27,0.9999253857184062,1.0,1478.414778660003,1000.0,1478.414778660003,1000.0,0.0,0.0
20697,1716669480000.0,0.0,0.0,0.0,126.35,0.0,0.0,141.38,0.9999253857184062,1.0,1478.414778660003,1000.0,1478.414778660003,1000.0,0.0,0.0
20698,1716673080000.0,0.0,0.0,0.0,126.35,0.0,0.0,141.91,0.9999253857184062,1.0,1478.414778660003,1000.0,1478.414778660003,1000.0,0.0,0.0
20699,1716676680000.0,0.0,0.0,0.0,126.35,0.0,0.0,141.53,0.9999253857184062,1.0,1478.414778660003,1000.0,1478.414778660003,1000.0,0.0,0.0
20700,1716680280000.0,0.0,0.0,0.0,126.35,0.0,0.0,141.27,0.9999253857184062,1.0,1478.414778660003,1000.0,1478.414778660003,1000.0,0.0,0.0
20701,1716683880000.0,0.0,0.0,0.0,126.35,0.0,0.0,141.05,0.9999253857184062,1.0,1478.414778660003,1000.0,1478.414778660003,1000.0,0.0,0.0
20702,1716687480000.0,0.0,0.0,0.0,126.35,0.0,0.0,141.4,0.9999253857184062,1.0,1478.414778660003,1000.0,1478.414778660003,1000.0,0.0,0.0
20703,1716691080000.0,0.0,0.0,0.0,126.35,0.0,0.0,141.05,0.9999253857184062,1.0,1478.414778660003,1000.0,1478.414778660003,1000.0,0.0,0.0
20704,1716694680000.0,0.0,0.0,0.0,126.35,0.0,0.0,141.53,0.9999253857184062,1.0,1478.414778660003,1000.0,1478.414778660003,1000.0,0.0,0.0
20705,1716698280000.0,0.0,0.0,0.0,126.35,0.0,0.0,141.63,0.9999253857184062,1.0,1478.414778660003,1000.0,1478.414778660003,1000.0,0.0,0.0
20706,1716701880000.0,0.0,0.0,0.0,126.35,0.0,0.0,142.42,0.9999253857184062,1.0,1478.414778660003,1000.0,1478.414778660003,1000.0,0.0,0.0
20707,1716705480000.0,0.0,0.0,0.0,126.35,0.0,0.0,142.95,0.9999253857184062,1.0,1478.414778660003,1000.0,1478.414778660003,1000.0,0.0,0.0
20708,1716709080000.0,0.0,0.0,0.0,126.35,0.0,0.0,141.81,0.9999253857184062,1.0,1478.414778660003,1000.0,1478.414778660003,1000.0,0.0,0.0
20709,1716712680000.0,0.0,0.0,0.0,126.35,0.0,0.0,142.26,0.9999253857184062,1.0,1478.414778660003,1000.0,1478.414778660003,1000.0,0.0,0.0
20710,1716716280000.0,0.0,0.0,0.0,126.35,0.0,0.0,141.68,0.9999253857184062,1.0,1478.414778660003,1000.0,1478.414778660003,1000.0,0.0,0.0
20711,1716719880000.0,0.0,0.0,0.0,126.35,0.0,0.0,141.27,0.9999253857184062,1.0,1478.414778660003,1000.0,1478.414778660003,1000.0,0.0,0.0
20712,1716723480000.0,0.0,0.0,0.0,126.35,0.0,0.0,141.31,0.9999253857184062,1.0,1478.414778660003,1000.0,1478.414778660003,1000.0,0.0,0.0
20713,1716727080000.0,0.0,0.0,0.0,126.35,0.0,0.0,141.49,0.9999253857184062,1.0,1478.414778660003,1000.0,1478.414778660003,1000.0,0.0,0.0
20714,1716730680000.0,0.0,0.0,0.0,126.35,0.0,0.0,141.5,0.9999253857184062,1.0,1478.414778660003,1000.0,1478.414778660003,1000.0,0.0,0.0
20715,1716734280000.0,0.0,0.0,0.0,126.35,0.0,0.0,142.82,0.9999253857184062,1.0,1478.414778660003,1000.0,1478.414778660003,1000.0,0.0,0.0
20716,1716737880000.0,0.0,0.0,0.0,126.35,0.0,0.0,142.97,0.9999253857184062,1.0,1478.414778660003,1000.0,1478.414778660003,1000.0,0.0,0.0
20717,1716741480000.0,0.0,0.0,0.0,126.35,0.0,0.0,142.17,0.9999253857184062,1.0,1478.414778660003,1000.0,1478.414778660003,1000.0,0.0,0.0
20718,1716745080000.0,0.0,0.0,0.0,126.35,0.0,0.0,142.4,0.9999253857184062,1.0,1478.414778660003,1000.0,1478.414778660003,1000.0,0.0,0.0
20719,1716748680000.0,0.0,0.0,0.0,126.35,0.0,0.0,143.0,0.9999253857184062,1.0,1478.414778660003,1000.0,1478.414778660003,1000.0,0.0,0.0
20720,1716752280000.0,0.0,0.0,0.0,126.35,0.0,0.0,143.24,0.9999253857184062,1.0,1478.414778660003,1000.0,1478.414778660003,1000.0,0.0,0.0
20721,1716755880000.0,0.0,0.0,0.0,126.35,0.0,0.0,143.5,0.9999253857184062,1.0,1478.414778660003,1000.0,1478.414778660003,1000.0,0.0,0.0
20722,1716759480000.0,0.0,0.0,0.0,126.35,0.0,0.0,142.81,0.9999253857184062,1.0,1478.414778660003,1000.0,1478.414778660003,1000.0,0.0,0.0
20723,1716763080000.0,0.0,0.0,0.0,126.35,0.0,0.0,142.52,0.9999253857184062,1.0,1478.414778660003,1000.0,1478.414778660003,1000.0,0.0,0.0
20724,1716766680000.0,0.0,0.0,0.0,126.35,0.0,0.0,142.48,0.9999253857184062,1.0,1478.414778660003,1000.0,1478.414778660003,1000.0,0.0,0.0
20725,1716770280000.0,0.0,0.0,0.0,126.35,0.0,0.0,142.3,0.9999253857184062,1.0,1478.414778660003,1000.0,1478.414778660003,1000.0,0.0,0.0
20726,1716773880000.0,0.0,0.0,0.0,126.35,0.0,0.0,141.82,0.9999253857184062,1.0,1478.414778660003,1000.0,1478.414778660003,1000.0,0.0,0.0
20727,1716777480000.0,0.0,0.0,0.0,126.35,0.0,0.0,141.51,0.9999253857184062,1.0,1478.414778660003,1000.0,1478.414778660003,1000.0,0.0,0.0
20728,1716781080000.0,0.0,0.0,0.0,126.35,0.0,0.0,141.87,0.9999253857184062,1.0,1478.414778660003,1000.0,1478.414778660003,1000.0,0.0,0.0
20729,1716784680000.0,0.0,0.0,0.0,126.35,0.0,0.0,141.56,0.9999253857184062,1.0,1478.414778660003,1000.0,1478.414778660003,1000.0,0.0,0.0
20730,1716788280000.0,0.0,0.0,0.0,126.35,0.0,0.0,142.05,0.9999253857184062,1.0,1478.414778660003,1000.0,1478.414778660003,1000.0,0.0,0.0
20731,1716791880000.0,0.0,0.0,0.0,126.35,0.0,0.0,141.82,0.9999253857184062,1.0,1478.414778660003,1000.0,1478.414778660003,1000.0,0.0,0.0
20732,1716795480000.0,0.0,0.0,0.0,126.35,0.0,0.0,141.75,0.9999253857184062,1.0,1478.414778660003,1000.0,1478.414778660003,1000.0,0.0,0.0
20733,1716799080000.0,0.0,0.0,0.0,126.35,0.0,0.0,141.66,0.9999253857184062,1.0,1478.414778660003,1000.0,1478.414778660003,1000.0,0.0,0.0
20734,1716802680000.0,0.0,0.0,0.0,126.35,0.0,0.0,141.93,0.9999253857184062,1.0,1478.414778660003,1000.0,1478.414778660003,1000.0,0.0,0.0
20735,1716806280000.0,0.0,0.0,0.0,126.35,0.0,0.0,142.21,0.9999253857184062,1.0,1478.414778660003,1000.0,1478.414778660003,1000.0,0.0,0.0
20736,1716809880000.0,0.0,0.0,0.0,126.35,0.0,0.0,142.32,0.9999253857184062,1.0,1478.414778660003,1000.0,1478.414778660003,1000.0,0.0,0.0
20737,1716813480000.0,0.0,0.0,0.0,126.35,0.0,0.0,142.89,0.9999253857184062,1.0,1478.414778660003,1000.0,1478.414778660003,1000.0,0.0,0.0
20738,1716817080000.0,0.0,0.0,0.0,126.35,0.0,0.0,142.93,0.9999253857184062,1.0,1478.414778660003,1000.0,1478.414778660003,1000.0,0.0,0.0
20739,1716820680000.0,0.0,0.0,0.0,126.35,0.0,0.0,143.03,0.9999253857184062,1.0,1478.414778660003,1000.0,1478.414778660003,1000.0,0.0,0.0
20740,1716824280000.0,0.0,0.0,0.0,126.35,0.0,0.0,143.16,0.9999253857184062,1.0,1478.414778660003,1000.0,1478.414778660003,1000.0,0.0,0.0
20741,1716827880000.0,0.0,0.0,0.0,126.35,0.0,0.0,143.79,0.9999253857184062,1.0,1478.414778660003,1000.0,1478.414778660003,1000.0,0.0,0.0
20742,1716831480000.0,0.0,0.0,0.0,126.35,0.0,0.0,143.63,0.9999253857184062,1.0,1478.414778660003,1000.0,1478.414778660003,1000.0,0.0,0.0
20743,1716835080000.0,0.0,0.0,0.0,126.35,0.0,0.0,143.23,0.9999253857184062,1.0,1478.414778660003,1000.0,1478.414778660003,1000.0,0.0,0.0
20744,1716838680000.0,0.0,0.0,0.0,126.35,0.0,0.0,143.78,0.9999253857184062,1.0,1478.414778660003,1000.0,1478.414778660003,1000.0,0.0,0.0
20745,1716842280000.0,0.0,0.0,0.0,126.35,0.0,0.0,143.85,0.9999253857184062,1.0,1478.414778660003,1000.0,1478.414778660003,1000.0,0.0,0.0
20746,1716845880000.0,0.0,0.0,0.0,126.35,0.0,0.0,144.1,0.9999253857184062,1.0,1478.414778660003,1000.0,1478.414778660003,1000.0,0.0,0.0
20747,1716849480000.0,0.0,0.0,0.0,126.35,0.0,0.0,142.34,0.9999253857184062,1.0,1478.414778660003,1000.0,1478.414778660003,1000.0,0.0,0.0
20748,1716853080000.0,0.0,0.0,0.0,126.35,0.0,0.0,141.43,0.9999253857184062,1.0,1478.414778660003,1000.0,1478.414778660003,1000.0,0.0,0.0
20749,1716856680000.0,0.0,0.0,0.0,126.35,0.0,0.0,141.38,0.9999253857184062,1.0,1478.414778660003,1000.0,1478.414778660003,1000.0,0.0,0.0
20750,1716860280000.0,0.0,0.0,0.0,126.35,0.0,0.0,141.85,0.9999253857184062,1.0,1478.414778660003,1000.0,1478.414778660003,1000.0,0.0,0.0
20751,1716863880000.0,0.0,0.0,0.0,126.35,0.0,0.0,143.12,0.9999253857184062,1.0,1478.414778660003,1000.0,1478.414778660003,1000.0,0.0,0.0
20752,1716867480000.0,0.0,0.0,0.0,126.35,0.0,0.0,142.34,0.9999253857184062,1.0,1478.414778660003,1000.0,1478.414778660003,1000.0,0.0,0.0
20753,1716871080000.0,0.0,0.0,0.0,126.35,0.0,0.0,142.95,0.9999253857184062,1.0,1478.414778660003,1000.0,1478.414778660003,1000.0,0.0,0.0
20754,1716874680000.0,0.0,0.0,0.0,126.35,0.0,0.0,143.49,0.9999253857184062,1.0,1478.414778660003,1000.0,1478.414778660003,1000.0,0.0,0.0
20755,1716878280000.0,0.0,0.0,0.0,126.35,0.0,0.0,143.49,0.9999253857184062,1.0,1478.414778660003,1000.0,1478.414778660003,1000.0,0.0,0.0
20756,1716881880000.0,0.0,0.0,0.0,126.35,0.0,0.0,143.59,0.9999253857184062,1.0,1478.414778660003,1000.0,1478.414778660003,1000.0,0.0,0.0
20757,1716885480000.0,0.0,0.0,0.0,126.35,0.0,0.0,144.1,0.9999253857184062,1.0,1478.414778660003,1000.0,1478.414778660003,1000.0,0.0,0.0
20758,1716889080000.0,0.0,0.0,0.0,126.35,0.0,0.0,143.92,0.9999253857184062,1.0,1478.414778660003,1000.0,1478.414778660003,1000.0,0.0,0.0
20759,1716892680000.0,0.0,0.0,0.0,126.35,0.0,0.0,143.83,0.9999253857184062,1.0,1478.414778660003,1000.0,1478.414778660003,1000.0,0.0,0.0
20760,1716896280000.0,0.0,0.0,0.0,126.35,0.0,0.0,143.37,0.9999253857184062,1.0,1478.414778660003,1000.0,1478.414778660003,1000.0,0.0,0.0
20761,1716899880000.0,0.0,0.0,0.0,126.35,0.0,0.0,143.48,0.9999253857184062,1.0,1478.414778660003,1000.0,1478.414778660003,1000.0,0.0,0.0
20762,1716903480000.0,0.0,0.0,0.0,126.35,0.0,0.0,143.67,0.9999253857184062,1.0,1478.414778660003,1000.0,1478.414778660003,1000.0,0.0,0.0
20763,1716907080000.0,0.0,0.0,0.0,126.35,0.0,0.0,142.76,0.9999253857184062,1.0,1478.414778660003,1000.0,1478.414778660003,1000.0,0.0,0.0
20764,1716910680000.0,0.0,0.0,0.0,126.35,0.0,0.0,143.29,0.9999253857184062,1.0,1478.414778660003,1000.0,1478.414778660003,1000.0,0.0,0.0
20765,1716914280000.0,0.0,0.0,0.0,126.35,0.0,0.0,141.8,0.9999253857184062,1.0,1478.414778660003,1000.0,1478.414778660003,1000.0,0.0,0.0
20766,1716917880000.0,0.0,0.0,0.0,126.35,0.0,0.0,142.46,0.9999253857184062,1.0,1478.414778660003,1000.0,1478.414778660003,1000.0,0.0,0.0
20767,1716921480000.0,0.0,0.0,0.0,126.35,0.0,0.0,142.35,0.9999253857184062,1.0,1478.414778660003,1000.0,1478.414778660003,1000.0,0.0,0.0
20768,1716925080000.0,0.0,0.0,0.0,126.35,0.0,0.0,141.39,0.9999253857184062,1.0,1478.414778660003,1000.0,1478.414778660003,1000.0,0.0,0.0
20769,1716928680000.0,0.0,0.0,0.0,126.35,0.0,0.0,141.82,0.9999253857184062,1.0,1478.414778660003,1000.0,1478.414778660003,1000.0,0.0,0.0
20770,1716932280000.0,0.0,0.0,0.0,126.35,0.0,0.0,141.74,0.9999253857184062,1.0,1478.414778660003,1000.0,1478.414778660003,1000.0,0.0,0.0
20771,1716935880000.0,0.0,0.0,0.0,126.35,0.0,0.0,142.05,0.9999253857184062,1.0,1478.414778660003,1000.0,1478.414778660003,1000.0,0.0,0.0
20772,1716939480000.0,0.0,0.0,0.0,126.35,0.0,0.0,142.02,0.9999253857184062,1.0,1478.414778660003,1000.0,1478.414778660003,1000.0,0.0,0.0
20773,1716943080000.0,0.0,0.0,0.0,126.35,0.0,0.0,142.21,0.9999253857184062,1.0,1478.414778660003,1000.0,1478.414778660003,1000.0,0.0,0.0
20774,1716946680000.0,0.0,0.0,0.0,126.35,0.0,0.0,141.44,0.9999253857184062,1.0,1478.414778660003,1000.0,1478.414778660003,1000.0,0.0,0.0
20775,1716950280000.0,0.0,0.0,0.0,126.35,0.0,0.0,141.69,0.9999253857184062,1.0,1478.414778660003,1000.0,1478.414778660003,1000.0,0.0,0.0
20776,1716953880000.0,0.0,0.0,0.0,126.35,0.0,0.0,141.74,0.9999253857184062,1.0,1478.414778660003,1000.0,1478.414778660003,1000.0,0.0,0.0
20777,1716957480000.0,0.0,0.0,0.0,126.35,0.0,0.0,142.71,0.9999253857184062,1.0,1478.414778660003,1000.0,1478.414778660003,1000.0,0.0,0.0
20778,1716961080000.0,0.0,0.0,0.0,126.35,0.0,0.0,142.86,0.9999253857184062,1.0,1478.414778660003,1000.0,1478.414778660003,1000.0,0.0,0.0
20779,1716964680000.0,0.0,0.0,0.0,126.35,0.0,0.0,142.66,0.9999253857184062,1.0,1478.414778660003,1000.0,1478.414778660003,1000.0,0.0,0.0
20780,1716968280000.0,0.0,0.0,0.0,126.35,0.0,0.0,141.55,0.9999253857184062,1.0,1478.414778660003,1000.0,1478.414778660003,1000.0,0.0,0.0
20781,1716971880000.0,0.0,0.0,0.0,126.35,0.0,0.0,141.5,0.9999253857184062,1.0,1478.414778660003,1000.0,1478.414778660003,1000.0,0.0,0.0
20782,1716975480000.0,0.0,0.0,0.0,126.35,0.0,0.0,142.32,0.9999253857184062,1.0,1478.414778660003,1000.0,1478.414778660003,1000.0,0.0,0.0
20783,1716979080000.0,0.0,0.0,0.0,126.35,0.0,0.0,142.67,0.9999253857184062,1.0,1478.414778660003,1000.0,1478.414778660003,1000.0,0.0,0.0
20784,1716982680000.0,0.0,0.0,0.0,126.35,0.0,0.0,143.26,0.9999253857184062,1.0,1478.414778660003,1000.0,1478.414778660003,1000.0,0.0,0.0
20785,1716986280000.0,0.0,0.0,0.0,126.35,0.0,0.0,142.31,0.9999253857184062,1.0,1478.414778660003,1000.0,1478.414778660003,1000.0,0.0,0.0
20786,1716989880000.0,0.0,0.0,0.0,126.35,0.0,0.0,141.96,0.9999253857184062,1.0,1478.414778660003,1000.0,1478.414778660003,1000.0,0.0,0.0
20787,1716993480000.0,0.0,0.0,0.0,126.35,0.0,0.0,142.02,0.9999253857184062,1.0,1478.414778660003,1000.0,1478.414778660003,1000.0,0.0,0.0
20788,1716997080000.0,0.0,0.0,0.0,126.35,0.0,0.0,141.96,0.9999253857184062,1.0,1478.414778660003,1000.0,1478.414778660003,1000.0,0.0,0.0
20789,1717000680000.0,0.0,0.0,0.0,126.35,0.0,0.0,141.31,0.9999253857184062,1.0,1478.414778660003,1000.0,1478.414778660003,1000.0,0.0,0.0
20790,1717004280000.0,0.0,0.0,0.0,126.35,0.0,0.0,142.02,0.9999253857184062,1.0,1478.414778660003,1000.0,1478.414778660003,1000.0,0.0,0.0
20791,1717007880000.0,0.0,0.0,0.0,126.35,0.0,0.0,140.28,0.9999253857184062,1.0,1478.414778660003,1000.0,1478.414778660003,1000.0,0.0,0.0
20792,1717011480000.0,0.0,0.0,0.0,126.35,0.0,0.0,138.53,0.9999253857184062,1.0,1478.414778660003,1000.0,1478.414778660003,1000.0,0.0,0.0
20793,1717015080000.0,0.0,0.0,0.0,126.35,0.0,0.0,139.12,0.9999253857184062,1.0,1478.414778660003,1000.0,1478.414778660003,1000.0,0.0,0.0
20794,1717018680000.0,0.0,0.0,0.0,126.35,0.0,0.0,139.24,0.9999253857184062,1.0,1478.414778660003,1000.0,1478.414778660003,1000.0,0.0,0.0
20795,1717022280000.0,0.0,0.0,0.0,126.35,0.0,0.0,140.55,0.9999253857184062,1.0,1478.414778660003,1000.0,1478.414778660003,1000.0,0.0,0.0
20796,1717025880000.0,0.0,0.0,0.0,126.35,0.0,0.0,140.55,0.9999253857184062,1.0,1478.414778660003,1000.0,1478.414778660003,1000.0,0.0,0.0
20797,1717029480000.0,0.0,0.0,0.0,126.35,0.0,0.0,140.29,0.9999253857184062,1.0,1478.414778660003,1000.0,1478.414778660003,1000.0,0.0,0.0
20798,1717033080000.0,0.0,0.0,0.0,126.35,0.0,0.0,140.65,0.9999253857184062,1.0,1478.414778660003,1000.0,1478.414778660003,1000.0,0.0,0.0
20799,1717036680000.0,0.0,0.0,0.0,126.35,0.0,0.0,141.19,0.9999253857184062,1.0,1478.414778660003,1000.0,1478.414778660003,1000.0,0.0,0.0
20800,1717040280000.0,0.0,0.0,0.0,126.35,0.0,0.0,142.14,0.9999253857184062,1.0,1478.414778660003,1000.0,1478.414778660003,1000.0,0.0,0.0
20801,1717043880000.0,0.0,0.0,0.0,126.35,0.0,0.0,143.17,0.9999253857184062,1.0,1478.414778660003,1000.0,1478.414778660003,1000.0,0.0,0.0
20802,1717047480000.0,0.0,0.0,0.0,126.35,0.0,0.0,143.96,0.9999253857184062,1.0,1478.414778660003,1000.0,1478.414778660003,1000.0,0.0,0.0
20803,1717051080000.0,0.0,0.0,0.0,126.35,0.0,0.0,143.63,0.9999253857184062,1.0,1478.414778660003,1000.0,1478.414778660003,1000.0,0.0,0.0
20804,1717054680000.0,0.0,0.0,0.0,126.35,0.0,0.0,144.7,0.9999253857184062,1.0,1478.414778660003,1000.0,1478.414778660003,1000.0,0.0,0.0
20805,1717058280000.0,0.0,0.0,0.0,126.35,0.0,0.0,143.43,0.9999253857184062,1.0,1478.414778660003,1000.0,1478.414778660003,1000.0,0.0,0.0
20806,1717061880000.0,0.0,0.0,0.0,126.35,0.0,0.0,143.09,0.9999253857184062,1.0,1478.414778660003,1000.0,1478.414778660003,1000.0,0.0,0.0
20807,1717065480000.0,0.0,0.0,0.0,126.35,0.0,0.0,143.62,0.9999253857184062,1.0,1478.414778660003,1000.0,1478.414778660003,1000.0,0.0,0.0
20808,1717069080000.0,0.0,0.0,0.0,126.35,0.0,0.0,144.45,0.9999253857184062,1.0,1478.414778660003,1000.0,1478.414778660003,1000.0,0.0,0.0
20809,1717072680000.0,0.0,0.0,0.0,126.35,0.0,0.0,144.97,0.9999253857184062,1.0,1478.414778660003,1000.0,1478.414778660003,1000.0,0.0,0.0
20810,1717076280000.0,0.0,0.0,0.0,126.35,0.0,0.0,145.29,0.9999253857184062,1.0,1478.414778660003,1000.0,1478.414778660003,1000.0,0.0,0.0
20811,1717079880000.0,0.0,0.0,0.0,126.35,0.0,0.0,145.34,0.9999253857184062,1.0,1478.414778660003,1000.0,1478.414778660003,1000.0,0.0,0.0
20812,1717083480000.0,0.0,0.0,0.0,126.35,0.0,0.0,145.64,0.9999253857184062,1.0,1478.414778660003,1000.0,1478.414778660003,1000.0,0.0,0.0
20813,1717087080000.0,0.0,0.0,0.0,126.35,0.0,0.0,145.82,0.9999253857184062,1.0,1478.414778660003,1000.0,1478.414778660003,1000.0,0.0,0.0
20814,1717090680000.0,0.0,0.0,0.0,126.35,0.0,0.0,145.98,0.9999253857184062,1.0,1478.414778660003,1000.0,1478.414778660003,1000.0,0.0,0.0
20815,1717094280000.0,0.0,0.0,0.0,126.35,0.0,0.0,145.01,0.9999253857184062,1.0,1478.414778660003,1000.0,1478.414778660003,1000.0,0.0,0.0
20816,1717097880000.0,0.0,0.0,0.0,126.35,0.0,0.0,145.98,0.9999253857184062,1.0,1478.414778660003,1000.0,1478.414778660003,1000.0,0.0,0.0
20817,1717101480000.0,0.0,0.0,0.0,126.35,0.0,0.0,146.83,0.9999253857184062,1.0,1478.414778660003,1000.0,1478.414778660003,1000.0,0.0,0.0
20818,1717105080000.0,0.0,0.0,0.0,126.35,0.0,0.0,146.32,0.9999253857184062,1.0,1478.414778660003,1000.0,1478.414778660003,1000.0,0.0,0.0
20819,1717108680000.0,0.0,0.0,0.0,126.35,0.0,0.0,146.43,0.9999253857184062,1.0,1478.414778660003,1000.0,1478.414778660003,1000.0,0.0,0.0
20820,1717112280000.0,0.0,0.0,0.0,126.35,0.0,0.0,146.16,0.9999253857184062,1.0,1478.414778660003,1000.0,1478.414778660003,1000.0,0.0,0.0
20821,1717115880000.0,0.0,0.0,0.0,126.35,0.0,0.0,146.55,0.9999253857184062,1.0,1478.414778660003,1000.0,1478.414778660003,1000.0,0.0,0.0
20822,1717119480000.0,0.0,0.0,0.0,126.35,0.0,0.0,145.9,0.9999253857184062,1.0,1478.414778660003,1000.0,1478.414778660003,1000.0,0.0,0.0
20823,1717123080000.0,0.0,0.0,0.0,126.35,0.0,0.0,145.95,0.9999253857184062,1.0,1478.414778660003,1000.0,1478.414778660003,1000.0,0.0,0.0
20824,1717126680000.0,0.0,0.0,0.0,126.35,0.0,0.0,145.39,0.9999253857184062,1.0,1478.414778660003,1000.0,1478.414778660003,1000.0,0.0,0.0
20825,1717130280000.0,0.0,0.0,0.0,126.35,0.0,0.0,145.63,0.9999253857184062,1.0,1478.414778660003,1000.0,1478.414778660003,1000.0,0.0,0.0
20826,1717133880000.0,0.0,0.0,0.0,126.35,0.0,0.0,144.89,0.9999253857184062,1.0,1478.414778660003,1000.0,1478.414778660003,1000.0,0.0,0.0
20827,1717137480000.0,0.0,0.0,0.0,126.35,0.0,0.0,144.2,0.9999253857184062,1.0,1478.414778660003,1000.0,1478.414778660003,1000.0,0.0,0.0
20828,1717141080000.0,0.0,0.0,0.0,126.35,0.0,0.0,144.5,0.9999253857184062,1.0,1478.414778660003,1000.0,1478.414778660003,1000.0,0.0,0.0
20829,1717144680000.0,0.0,0.0,0.0,126.35,0.0,0.0,143.99,0.9999253857184062,1.0,1478.414778660003,1000.0,1478.414778660003,1000.0,0.0,0.0
20830,1717148280000.0,0.0,0.0,0.0,126.35,0.0,0.0,144.6,0.9999253857184062,1.0,1478.414778660003,1000.0,1478.414778660003,1000.0,0.0,0.0
20831,1717151880000.0,0.0,0.0,0.0,126.35,0.0,0.0,145.6,0.9999253857184062,1.0,1478.414778660003,1000.0,1478.414778660003,1000.0,0.0,0.0
20832,1717155480000.0,0.0,0.0,0.0,126.35,0.0,0.0,146.04,0.9999253857184062,1.0,1478.414778660003,1000.0,1478.414778660003,1000.0,0.0,0.0
20833,1717159080000.0,0.0,0.0,0.0,126.35,0.0,0.0,146.72,0.9999253857184062,1.0,1478.414778660003,1000.0,1478.414778660003,1000.0,0.0,0.0
20834,1717162680000.0,0.0,0.0,0.0,126.35,0.0,0.0,146.85,0.9999253857184062,1.0,1478.414778660003,1000.0,1478.414778660003,1000.0,0.0,0.0
20835,1717166280000.0,0.0,0.0,0.0,126.35,0.0,0.0,146.24,0.9999253857184062,1.0,1478.414778660003,1000.0,1478.414778660003,1000.0,0.0,0.0
20836,1717169880000.0,0.0,0.0,0.0,126.35,0.0,0.0,146.25,0.9999253857184062,1.0,1478.414778660003,1000.0,1478.414778660003,1000.0,0.0,0.0
20837,1717173480000.0,0.0,0.0,0.0,126.35,0.0,0.0,146.79,0.9999253857184062,1.0,1478.414778660003,1000.0,1478.414778660003,1000.0,0.0,0.0
20838,1717177080000.0,0.0,0.0,0.0,126.35,0.0,0.0,147.06,0.9999253857184062,1.0,1478.414778660003,1000.0,1478.414778660003,1000.0,0.0,0.0
20839,1717180680000.0,0.0,0.0,0.0,126.35,0.0,0.0,147.41,0.9999253857184062,1.0,1478.414778660003,1000.0,1478.414778660003,1000.0,0.0,0.0
20840,1717184280000.0,0.0,0.0,0.0,126.35,0.0,0.0,147.32,0.9999253857184062,1.0,1478.414778660003,1000.0,1478.414778660003,1000.0,0.0,0.0
20841,1717187880000.0,0.0,0.0,0.0,126.35,0.0,0.0,147.69,0.9999253857184062,1.0,1478.414778660003,1000.0,1478.414778660003,1000.0,0.0,0.0
20842,1717191480000.0,0.0,0.0,0.0,126.35,0.0,0.0,148.8,0.9999253857184062,1.0,1478.414778660003,1000.0,1478.414778660003,1000.0,0.0,0.0
20843,1717195080000.0,0.0,0.0,0.0,126.35,0.0,0.0,148.37,0.9999253857184062,1.0,1478.414778660003,1000.0,1478.414778660003,1000.0,0.0,0.0
20844,1717198680000.0,0.0,0.0,0.0,126.35,0.0,0.0,148.58,0.9999253857184062,1.0,1478.414778660003,1000.0,1478.414778660003,1000.0,0.0,0.0
20845,1717202280000.0,0.0,0.0,0.0,126.35,0.0,0.0,148.25,0.9999253857184062,1.0,1478.414778660003,1000.0,1478.414778660003,1000.0,0.0,0.0
20846,1717205880000.0,0.0,0.0,0.0,126.35,0.0,0.0,147.45,0.9999253857184062,1.0,1478.414778660003,1000.0,1478.414778660003,1000.0,0.0,0.0
20847,1717209480000.0,0.0,0.0,0.0,126.35,0.0,0.0,148.84,0.9999253857184062,1.0,1478.414778660003,1000.0,1478.414778660003,1000.0,0.0,0.0
20848,1717213080000.0,0.0,0.0,0.0,126.35,0.0,0.0,149.59,0.9999253857184062,1.0,1478.414778660003,1000.0,1478.414778660003,1000.0,0.0,0.0
20849,1717216680000.0,0.0,0.0,0.0,126.35,0.0,0.0,149.42,0.9999253857184062,1.0,1478.414778660003,1000.0,1478.414778660003,1000.0,0.0,0.0
20850,1717220280000.0,0.0,0.0,0.0,126.35,0.0,0.0,149.46,0.9999253857184062,1.0,1478.414778660003,1000.0,1478.414778660003,1000.0,0.0,0.0
20851,1717223880000.0,0.0,0.0,0.0,126.35,0.0,0.0,149.96,0.9999253857184062,1.0,1478.414778660003,1000.0,1478.414778660003,1000.0,0.0,0.0
20852,1717227480000.0,0.0,0.0,0.0,126.35,0.0,0.0,149.69,0.9999253857184062,1.0,1478.414778660003,1000.0,1478.414778660003,1000.0,0.0,0.0
20853,1717231080000.0,0.0,0.0,0.0,126.35,0.0,0.0,149.38,0.9999253857184062,1.0,1478.414778660003,1000.0,1478.414778660003,1000.0,0.0,0.0
20854,1717234680000.0,0.0,0.0,0.0,126.35,0.0,0.0,149.37,0.9999253857184062,1.0,1478.414778660003,1000.0,1478.414778660003,1000.0,0.0,0.0
20855,1717238280000.0,0.0,0.0,0.0,126.35,0.0,0.0,149.7,0.9999253857184062,1.0,1478.414778660003,1000.0,1478.414778660003,1000.0,0.0,0.0
20856,1717241880000.0,0.0,0.0,0.0,126.35,0.0,0.0,150.38,0.9999253857184062,1.0,1478.414778660003,1000.0,1478.414778660003,1000.0,0.0,0.0
20857,1717245480000.0,0.0,0.0,0.0,126.35,0.0,0.0,150.77,0.9999253857184062,1.0,1478.414778660003,1000.0,1478.414778660003,1000.0,0.0,0.0
20858,1717249080000.0,0.0,0.0,0.0,126.35,0.0,0.0,150.71,0.9999253857184062,1.0,1478.414778660003,1000.0,1478.414778660003,1000.0,0.0,0.0
20859,1717252680000.0,0.0,0.0,0.0,126.35,0.0,0.0,150.36,0.9999253857184062,1.0,1478.414778660003,1000.0,1478.414778660003,1000.0,0.0,0.0
20860,1717256280000.0,0.0,0.0,0.0,126.35,0.0,0.0,149.4,0.9999253857184062,1.0,1478.414778660003,1000.0,1478.414778660003,1000.0,0.0,0.0
20861,1717259880000.0,0.0,0.0,0.0,126.35,0.0,0.0,148.06,0.9999253857184062,1.0,1478.414778660003,1000.0,1478.414778660003,1000.0,0.0,0.0
20862,1717263480000.0,0.0,0.0,0.0,126.35,0.0,0.0,147.96,0.9999253857184062,1.0,1478.414778660003,1000.0,1478.414778660003,1000.0,0.0,0.0
20863,1717267080000.0,0.0,0.0,0.0,126.35,0.0,0.0,147.44,0.9999253857184062,1.0,1478.414778660003,1000.0,1478.414778660003,1000.0,0.0,0.0
20864,1717270680000.0,0.0,0.0,0.0,126.35,0.0,0.0,147.66,0.9999253857184062,1.0,1478.414778660003,1000.0,1478.414778660003,1000.0,0.0,0.0
20865,1717274280000.0,0.0,0.0,0.0,126.35,0.0,0.0,147.76,0.9999253857184062,1.0,1478.414778660003,1000.0,1478.414778660003,1000.0,0.0,0.0
20866,1717277880000.0,0.0,0.0,0.0,126.35,0.0,0.0,148.64,0.9999253857184062,1.0,1478.414778660003,1000.0,1478.414778660003,1000.0,0.0,0.0
20867,1717281480000.0,0.0,0.0,0.0,126.35,0.0,0.0,147.98,0.9999253857184062,1.0,1478.414778660003,1000.0,1478.414778660003,1000.0,0.0,0.0
20868,1717285080000.0,0.0,0.0,0.0,126.35,0.0,0.0,148.79,0.9999253857184062,1.0,1478.414778660003,1000.0,1478.414778660003,1000.0,0.0,0.0
20869,1717288680000.0,0.0,0.0,0.0,126.35,0.0,0.0,149.38,0.9999253857184062,1.0,1478.414778660003,1000.0,1478.414778660003,1000.0,0.0,0.0
20870,1717292280000.0,0.0,0.0,0.0,126.35,0.0,0.0,151.85,0.9999253857184062,1.0,1478.414778660003,1000.0,1478.414778660003,1000.0,0.0,0.0
20871,1717295880000.0,0.0,0.0,0.0,126.35,0.0,0.0,150.42,0.9999253857184062,1.0,1478.414778660003,1000.0,1478.414778660003,1000.0,0.0,0.0
20872,1717299480000.0,0.0,0.0,0.0,126.35,0.0,0.0,150.72,0.9999253857184062,1.0,1478.414778660003,1000.0,1478.414778660003,1000.0,0.0,0.0
20873,1717303080000.0,0.0,0.0,0.0,126.35,0.0,0.0,151.29,0.9999253857184062,1.0,1478.414778660003,1000.0,1478.414778660003,1000.0,0.0,0.0
20874,1717306680000.0,0.0,0.0,0.0,126.35,0.0,0.0,151.73,0.9999253857184062,1.0,1478.414778660003,1000.0,1478.414778660003,1000.0,0.0,0.0
20875,1717310280000.0,0.0,0.0,0.0,126.35,0.0,0.0,151.32,0.9999253857184062,1.0,1478.414778660003,1000.0,1478.414778660003,1000.0,0.0,0.0
20876,1717313880000.0,0.0,0.0,0.0,126.35,0.0,0.0,151.35,0.9999253857184062,1.0,1478.414778660003,1000.0,1478.414778660003,1000.0,0.0,0.0
20877,1717317480000.0,0.0,0.0,0.0,126.35,0.0,0.0,150.74,0.9999253857184062,1.0,1478.414778660003,1000.0,1478.414778660003,1000.0,0.0,0.0
20878,1717321080000.0,0.0,0.0,0.0,126.35,0.0,0.0,151.59,0.9999253857184062,1.0,1478.414778660003,1000.0,1478.414778660003,1000.0,0.0,0.0
20879,1717324680000.0,0.0,0.0,0.0,126.35,0.0,0.0,151.48,0.9999253857184062,1.0,1478.414778660003,1000.0,1478.414778660003,1000.0,0.0,0.0
20880,1717328280000.0,0.0,0.0,0.0,126.35,0.0,0.0,151.57,0.9999253857184062,1.0,1478.414778660003,1000.0,1478.414778660003,1000.0,0.0,0.0
20881,1717331880000.0,0.0,0.0,0.0,126.35,0.0,0.0,151.01,0.9999253857184062,1.0,1478.414778660003,1000.0,1478.414778660003,1000.0,0.0,0.0
20882,1717335480000.0,0.0,0.0,0.0,126.35,0.0,0.0,151.5,0.9999253857184062,1.0,1478.414778660003,1000.0,1478.414778660003,1000.0,0.0,0.0
20883,1717339080000.0,0.0,0.0,0.0,126.35,0.0,0.0,151.65,0.9999253857184062,1.0,1478.414778660003,1000.0,1478.414778660003,1000.0,0.0,0.0
20884,1717342680000.0,0.0,0.0,0.0,126.35,0.0,0.0,152.32,0.9999253857184062,1.0,1478.414778660003,1000.0,1478.414778660003,1000.0,0.0,0.0
20885,1717346280000.0,0.0,0.0,0.0,126.35,0.0,0.0,151.88,0.9999253857184062,1.0,1478.414778660003,1000.0,1478.414778660003,1000.0,0.0,0.0
20886,1717349880000.0,0.0,0.0,0.0,126.35,0.0,0.0,152.55,0.9999253857184062,1.0,1478.414778660003,1000.0,1478.414778660003,1000.0,0.0,0.0
20887,1717353480000.0,0.0,0.0,0.0,126.35,0.0,0.0,152.14,0.9999253857184062,1.0,1478.414778660003,1000.0,1478.414778660003,1000.0,0.0,0.0
20888,1717357080000.0,0.0,0.0,0.0,126.35,0.0,0.0,151.52,0.9999253857184062,1.0,1478.414778660003,1000.0,1478.414778660003,1000.0,0.0,0.0
20889,1717360680000.0,0.0,0.0,0.0,126.35,0.0,0.0,151.49,0.9999253857184062,1.0,1478.414778660003,1000.0,1478.414778660003,1000.0,0.0,0.0
20890,1717364280000.0,0.0,0.0,0.0,126.35,0.0,0.0,151.77,0.9999253857184062,1.0,1478.414778660003,1000.0,1478.414778660003,1000.0,0.0,0.0
20891,1717367880000.0,0.0,0.0,0.0,126.35,0.0,0.0,152.02,0.9999253857184062,1.0,1478.414778660003,1000.0,1478.414778660003,1000.0,0.0,0.0
20892,1717371480000.0,0.0,0.0,0.0,126.35,0.0,0.0,152.41,0.9999253857184062,1.0,1478.414778660003,1000.0,1478.414778660003,1000.0,0.0,0.0
20893,1717375080000.0,0.0,0.0,0.0,126.35,0.0,0.0,152.13,0.9999253857184062,1.0,1478.414778660003,1000.0,1478.414778660003,1000.0,0.0,0.0
20894,1717378680000.0,0.0,0.0,0.0,126.35,0.0,0.0,152.59,0.9999253857184062,1.0,1478.414778660003,1000.0,1478.414778660003,1000.0,0.0,0.0
20895,1717382280000.0,0.0,0.0,0.0,126.35,0.0,0.0,153.58,0.9999253857184062,1.0,1478.414778660003,1000.0,1478.414778660003,1000.0,0.0,0.0
20896,1717385880000.0,0.0,0.0,0.0,126.35,0.0,0.0,153.04,0.9999253857184062,1.0,1478.414778660003,1000.0,1478.414778660003,1000.0,0.0,0.0
20897,1717389480000.0,0.0,0.0,0.0,126.35,0.0,0.0,153.17,0.9999253857184062,1.0,1478.414778660003,1000.0,1478.414778660003,1000.0,0.0,0.0
20898,1717393080000.0,0.0,0.0,0.0,126.35,0.0,0.0,153.57,0.9999253857184062,1.0,1478.414778660003,1000.0,1478.414778660003,1000.0,0.0,0.0
20899,1717396680000.0,0.0,0.0,0.0,126.35,0.0,0.0,157.0,0.9999253857184062,1.0,1478.414778660003,1000.0,1478.414778660003,1000.0,0.0,0.0
20900,1717400280000.0,0.0,0.0,0.0,126.35,0.0,0.0,154.58,0.9999253857184062,1.0,1478.414778660003,1000.0,1478.414778660003,1000.0,0.0,0.0
20901,1717403880000.0,0.0,0.0,0.0,126.35,0.0,0.0,154.92,0.9999253857184062,1.0,1478.414778660003,1000.0,1478.414778660003,1000.0,0.0,0.0
20902,1717407480000.0,0.0,0.0,0.0,126.35,0.0,0.0,156.8,0.9999253857184062,1.0,1478.414778660003,1000.0,1478.414778660003,1000.0,0.0,0.0
20903,1717411080000.0,0.0,0.0,0.0,126.35,0.0,0.0,157.84,0.9999253857184062,1.0,1478.414778660003,1000.0,1478.414778660003,1000.0,0.0,0.0
20904,1717414680000.0,0.0,0.0,0.0,126.35,0.0,0.0,156.34,0.9999253857184062,1.0,1478.414778660003,1000.0,1478.414778660003,1000.0,0.0,0.0
20905,1717418280000.0,0.0,0.0,0.0,126.35,0.0,0.0,154.89,0.9999253857184062,1.0,1478.414778660003,1000.0,1478.414778660003,1000.0,0.0,0.0
20906,1717421880000.0,0.0,0.0,0.0,126.35,0.0,0.0,157.3,0.9999253857184062,1.0,1478.414778660003,1000.0,1478.414778660003,1000.0,0.0,0.0
20907,1717425480000.0,0.0,0.0,0.0,126.35,0.0,0.0,155.0,0.9999253857184062,1.0,1478.414778660003,1000.0,1478.414778660003,1000.0,0.0,0.0
20908,1717429080000.0,0.0,0.0,0.0,126.35,0.0,0.0,153.42,0.9999253857184062,1.0,1478.414778660003,1000.0,1478.414778660003,1000.0,0.0,0.0
20909,1717432680000.0,0.0,0.0,0.0,126.35,0.0,0.0,154.01,0.9999253857184062,1.0,1478.414778660003,1000.0,1478.414778660003,1000.0,0.0,0.0
20910,1717436280000.0,0.0,0.0,0.0,126.35,0.0,0.0,154.41,0.9999253857184062,1.0,1478.414778660003,1000.0,1478.414778660003,1000.0,0.0,0.0
20911,1717439880000.0,0.0,0.0,0.0,126.35,0.0,0.0,152.13,0.9999253857184062,1.0,1478.414778660003,1000.0,1478.414778660003,1000.0,0.0,0.0
20912,1717443480000.0,0.0,0.0,0.0,126.35,0.0,0.0,152.38,0.9999253857184062,1.0,1478.414778660003,1000.0,1478.414778660003,1000.0,0.0,0.0
20913,1717447080000.0,0.0,0.0,0.0,126.35,0.0,0.0,153.19,0.9999253857184062,1.0,1478.414778660003,1000.0,1478.414778660003,1000.0,0.0,0.0
20914,1717450680000.0,0.0,0.0,0.0,126.35,0.0,0.0,153.56,0.9999253857184062,1.0,1478.414778660003,1000.0,1478.414778660003,1000.0,0.0,0.0
20915,1717454280000.0,0.0,0.0,0.0,126.35,0.0,0.0,154.08,0.9999253857184062,1.0,1478.414778660003,1000.0,1478.414778660003,1000.0,0.0,0.0
20916,1717457880000.0,0.0,0.0,0.0,126.35,0.0,0.0,154.92,0.9999253857184062,1.0,1478.414778660003,1000.0,1478.414778660003,1000.0,0.0,0.0
20917,1717461480000.0,0.0,0.0,0.0,126.35,0.0,0.0,155.27,0.9999253857184062,1.0,1478.414778660003,1000.0,1478.414778660003,1000.0,0.0,0.0
20918,1717465080000.0,0.0,0.0,0.0,126.35,0.0,0.0,157.48,0.9999253857184062,1.0,1478.414778660003,1000.0,1478.414778660003,1000.0,0.0,0.0
20919,1717468680000.0,0.0,0.0,0.0,126.35,0.0,0.0,156.91,0.9999253857184062,1.0,1478.414778660003,1000.0,1478.414778660003,1000.0,0.0,0.0
20920,1717472280000.0,0.0,0.0,0.0,126.35,0.0,0.0,157.62,0.9999253857184062,1.0,1478.414778660003,1000.0,1478.414778660003,1000.0,0.0,0.0
20921,1717475880000.0,0.0,0.0,0.0,126.35,0.0,0.0,158.15,0.9999253857184062,1.0,1478.414778660003,1000.0,1478.414778660003,1000.0,0.0,0.0
20922,1717479480000.0,0.0,0.0,0.0,126.35,0.0,0.0,157.37,0.9999253857184062,1.0,1478.414778660003,1000.0,1478.414778660003,1000.0,0.0,0.0
20923,1717483080000.0,0.0,0.0,0.0,126.35,0.0,0.0,156.92,0.9999253857184062,1.0,1478.414778660003,1000.0,1478.414778660003,1000.0,0.0,0.0
20924,1717486680000.0,0.0,0.0,0.0,126.35,0.0,0.0,155.71,0.9999253857184062,1.0,1478.414778660003,1000.0,1478.414778660003,1000.0,0.0,0.0
20925,1717490280000.0,0.0,0.0,0.0,126.35,0.0,0.0,156.03,0.9999253857184062,1.0,1478.414778660003,1000.0,1478.414778660003,1000.0,0.0,0.0
20926,1717493880000.0,0.0,0.0,0.0,126.35,0.0,0.0,155.93,0.9999253857184062,1.0,1478.414778660003,1000.0,1478.414778660003,1000.0,0.0,0.0
20927,1717497480000.0,0.0,0.0,0.0,126.35,0.0,0.0,155.75,0.9999253857184062,1.0,1478.414778660003,1000.0,1478.414778660003,1000.0,0.0,0.0
20928,1717501080000.0,0.0,0.0,0.0,126.35,0.0,0.0,155.51,0.9999253857184062,1.0,1478.414778660003,1000.0,1478.414778660003,1000.0,0.0,0.0
20929,1717504680000.0,0.0,0.0,0.0,126.35,0.0,0.0,154.83,0.9999253857184062,1.0,1478.414778660003,1000.0,1478.414778660003,1000.0,0.0,0.0
20930,1717508280000.0,0.0,0.0,0.0,126.35,0.0,0.0,156.94,0.9999253857184062,1.0,1478.414778660003,1000.0,1478.414778660003,1000.0,0.0,0.0
20931,1717511880000.0,0.0,0.0,0.0,126.35,0.0,0.0,157.56,0.9999253857184062,1.0,1478.414778660003,1000.0,1478.414778660003,1000.0,0.0,0.0
20932,1717515480000.0,0.0,0.0,0.0,126.35,0.0,0.0,158.5,0.9999253857184062,1.0,1478.414778660003,1000.0,1478.414778660003,1000.0,0.0,0.0
20933,1717519080000.0,0.0,0.0,0.0,126.35,0.0,0.0,158.74,0.9999253857184062,1.0,1478.414778660003,1000.0,1478.414778660003,1000.0,0.0,0.0
20934,1717522680000.0,0.0,0.0,0.0,126.35,0.0,0.0,157.24,0.9999253857184062,1.0,1478.414778660003,1000.0,1478.414778660003,1000.0,0.0,0.0
20935,1717526280000.0,0.0,0.0,0.0,126.35,0.0,0.0,156.94,0.9999253857184062,1.0,1478.414778660003,1000.0,1478.414778660003,1000.0,0.0,0.0
20936,1717529880000.0,0.0,0.0,0.0,126.35,0.0,0.0,158.14,0.9999253857184062,1.0,1478.414778660003,1000.0,1478.414778660003,1000.0,0.0,0.0
20937,1717533480000.0,0.0,0.0,0.0,126.35,0.0,0.0,158.91,0.9999253857184062,1.0,1478.414778660003,1000.0,1478.414778660003,1000.0,0.0,0.0
20938,1717537080000.0,0.0,0.0,0.0,126.35,0.0,0.0,158.79,0.9999253857184062,1.0,1478.414778660003,1000.0,1478.414778660003,1000.0,0.0,0.0
20939,1717540680000.0,0.0,0.0,0.0,126.35,0.0,0.0,159.36,0.9999253857184062,1.0,1478.414778660003,1000.0,1478.414778660003,1000.0,0.0,0.0
20940,1717544280000.0,0.0,0.0,0.0,126.35,0.0,0.0,159.55,0.9999253857184062,1.0,1478.414778660003,1000.0,1478.414778660003,1000.0,0.0,0.0
20941,1717547880000.0,0.0,0.0,0.0,126.35,0.0,0.0,159.86,0.9999253857184062,1.0,1478.414778660003,1000.0,1478.414778660003,1000.0,0.0,0.0
20942,1717551480000.0,0.0,0.0,0.0,126.35,0.0,0.0,160.47,0.9999253857184062,1.0,1478.414778660003,1000.0,1478.414778660003,1000.0,0.0,0.0
20943,1717555080000.0,0.0,0.0,0.0,126.35,0.0,0.0,159.83,0.9999253857184062,1.0,1478.414778660003,1000.0,1478.414778660003,1000.0,0.0,0.0
20944,1717558680000.0,0.0,0.0,0.0,126.35,0.0,0.0,159.83,0.9999253857184062,1.0,1478.414778660003,1000.0,1478.414778660003,1000.0,0.0,0.0
20945,1717562280000.0,0.0,0.0,0.0,126.35,0.0,0.0,160.4,0.9999253857184062,1.0,1478.414778660003,1000.0,1478.414778660003,1000.0,0.0,0.0
20946,1717565880000.0,0.0,0.0,0.0,126.35,0.0,0.0,160.85,0.9999253857184062,1.0,1478.414778660003,1000.0,1478.414778660003,1000.0,0.0,0.0
20947,1717569480000.0,0.0,0.0,0.0,126.35,0.0,0.0,160.86,0.9999253857184062,1.0,1478.414778660003,1000.0,1478.414778660003,1000.0,0.0,0.0
20948,1717573080000.0,0.0,0.0,0.0,126.35,0.0,0.0,161.18,0.9999253857184062,1.0,1478.414778660003,1000.0,1478.414778660003,1000.0,0.0,0.0
20949,1717576680000.0,0.0,0.0,0.0,126.35,0.0,0.0,162.61,0.9999253857184062,1.0,1478.414778660003,1000.0,1478.414778660003,1000.0,0.0,0.0
20950,1717580280000.0,0.0,0.0,0.0,126.35,0.0,0.0,163.13,0.9999253857184062,1.0,1478.414778660003,1000.0,1478.414778660003,1000.0,0.0,0.0
20951,1717583880000.0,0.0,0.0,0.0,126.35,0.0,0.0,162.37,0.9999253857184062,1.0,1478.414778660003,1000.0,1478.414778660003,1000.0,0.0,0.0
20952,1717587480000.0,0.0,0.0,0.0,126.35,0.0,0.0,162.29,0.9999253857184062,1.0,1478.414778660003,1000.0,1478.414778660003,1000.0,0.0,0.0
20953,1717591080000.0,0.0,0.0,0.0,126.35,0.0,0.0,162.44,0.9999253857184062,1.0,1478.414778660003,1000.0,1478.414778660003,1000.0,0.0,0.0
20954,1717594680000.0,0.0,0.0,0.0,126.35,0.0,0.0,162.93,0.9999253857184062,1.0,1478.414778660003,1000.0,1478.414778660003,1000.0,0.0,0.0
20955,1717598280000.0,0.0,0.0,0.0,126.35,0.0,0.0,164.05,0.9999253857184062,1.0,1478.414778660003,1000.0,1478.414778660003,1000.0,0.0,0.0
20956,1717601880000.0,0.0,0.0,0.0,126.35,0.0,0.0,164.52,0.9999253857184062,1.0,1478.414778660003,1000.0,1478.414778660003,1000.0,0.0,0.0
20957,1717605480000.0,0.0,0.0,0.0,126.35,0.0,0.0,164.01,0.9999253857184062,1.0,1478.414778660003,1000.0,1478.414778660003,1000.0,0.0,0.0
20958,1717609080000.0,0.0,0.0,0.0,126.35,0.0,0.0,163.7,0.9999253857184062,1.0,1478.414778660003,1000.0,1478.414778660003,1000.0,0.0,0.0
20959,1717612680000.0,0.0,0.0,0.0,126.35,0.0,0.0,164.33,0.9999253857184062,1.0,1478.414778660003,1000.0,1478.414778660003,1000.0,0.0,0.0
20960,1717616280000.0,0.0,0.0,0.0,126.35,0.0,0.0,164.9,0.9999253857184062,1.0,1478.414778660003,1000.0,1478.414778660003,1000.0,0.0,0.0
20961,1717619880000.0,0.0,0.0,0.0,126.35,0.0,0.0,163.61,0.9999253857184062,1.0,1478.414778660003,1000.0,1478.414778660003,1000.0,0.0,0.0
20962,1717623480000.0,0.0,0.0,0.0,126.35,0.0,0.0,164.35,0.9999253857184062,1.0,1478.414778660003,1000.0,1478.414778660003,1000.0,0.0,0.0
20963,1717627080000.0,0.0,0.0,0.0,126.35,0.0,0.0,163.29,0.9999253857184062,1.0,1478.414778660003,1000.0,1478.414778660003,1000.0,0.0,0.0
20964,1717630680000.0,0.0,0.0,0.0,126.35,0.0,0.0,162.86,0.9999253857184062,1.0,1478.414778660003,1000.0,1478.414778660003,1000.0,0.0,0.0
20965,1717634280000.0,0.0,0.0,0.0,126.35,0.0,0.0,163.46,0.9999253857184062,1.0,1478.414778660003,1000.0,1478.414778660003,1000.0,0.0,0.0
20966,1717637880000.0,0.0,0.0,0.0,126.35,0.0,0.0,163.72,0.9999253857184062,1.0,1478.414778660003,1000.0,1478.414778660003,1000.0,0.0,0.0
20967,1717641480000.0,0.0,0.0,0.0,126.35,0.0,0.0,163.8,0.9999253857184062,1.0,1478.414778660003,1000.0,1478.414778660003,1000.0,0.0,0.0
20968,1717645080000.0,0.0,0.0,0.0,126.35,0.0,0.0,163.56,0.9999253857184062,1.0,1478.414778660003,1000.0,1478.414778660003,1000.0,0.0,0.0
20969,1717648680000.0,0.0,0.0,0.0,126.35,0.0,0.0,163.77,0.9999253857184062,1.0,1478.414778660003,1000.0,1478.414778660003,1000.0,0.0,0.0
20970,1717652280000.0,0.0,0.0,0.0,126.35,0.0,0.0,164.09,0.9999253857184062,1.0,1478.414778660003,1000.0,1478.414778660003,1000.0,0.0,0.0
20971,1717655880000.0,0.0,0.0,0.0,126.35,0.0,0.0,163.52,0.9999253857184062,1.0,1478.414778660003,1000.0,1478.414778660003,1000.0,0.0,0.0
20972,1717659480000.0,0.0,0.0,0.0,126.35,0.0,0.0,163.57,0.9999253857184062,1.0,1478.414778660003,1000.0,1478.414778660003,1000.0,0.0,0.0
20973,1717663080000.0,0.0,0.0,0.0,126.35,0.0,0.0,164.09,0.9999253857184062,1.0,1478.414778660003,1000.0,1478.414778660003,1000.0,0.0,0.0
20974,1717666680000.0,0.0,0.0,0.0,126.35,0.0,0.0,163.54,0.9999253857184062,1.0,1478.414778660003,1000.0,1478.414778660003,1000.0,0.0,0.0
20975,1717670280000.0,0.0,0.0,0.0,126.35,0.0,0.0,162.57,0.9999253857184062,1.0,1478.414778660003,1000.0,1478.414778660003,1000.0,0.0,0.0
20976,1717673880000.0,0.0,0.0,0.0,126.35,0.0,0.0,163.36,0.9999253857184062,1.0,1478.414778660003,1000.0,1478.414778660003,1000.0,0.0,0.0
20977,1717677480000.0,0.0,0.0,0.0,126.35,0.0,0.0,163.31,0.9999253857184062,1.0,1478.414778660003,1000.0,1478.414778660003,1000.0,0.0,0.0
20978,1717681080000.0,0.0,0.0,0.0,126.35,0.0,0.0,163.56,0.9999253857184062,1.0,1478.414778660003,1000.0,1478.414778660003,1000.0,0.0,0.0
20979,1717684680000.0,0.0,0.0,0.0,126.35,0.0,0.0,163.86,0.9999253857184062,1.0,1478.414778660003,1000.0,1478.414778660003,1000.0,0.0,0.0
20980,1717688280000.0,0.0,0.0,0.0,126.35,0.0,0.0,163.9,0.9999253857184062,1.0,1478.414778660003,1000.0,1478.414778660003,1000.0,0.0,0.0
20981,1717691880000.0,0.0,0.0,0.0,126.35,0.0,0.0,163.39,0.9999253857184062,1.0,1478.414778660003,1000.0,1478.414778660003,1000.0,0.0,0.0
20982,1717695480000.0,0.0,0.0,0.0,126.35,0.0,0.0,163.83,0.9999253857184062,1.0,1478.414778660003,1000.0,1478.414778660003,1000.0,0.0,0.0
20983,1717699080000.0,0.0,0.0,0.0,126.35,0.0,0.0,163.54,0.9999253857184062,1.0,1478.414778660003,1000.0,1478.414778660003,1000.0,0.0,0.0
20984,1717702680000.0,0.0,0.0,0.0,126.35,0.0,0.0,163.66,0.9999253857184062,1.0,1478.414778660003,1000.0,1478.414778660003,1000.0,0.0,0.0
20985,1717706280000.0,0.0,0.0,0.0,126.35,0.0,0.0,164.55,0.9999253857184062,1.0,1478.414778660003,1000.0,1478.414778660003,1000.0,0.0,0.0
20986,1717709880000.0,0.0,0.0,0.0,126.35,0.0,0.0,164.58,0.9999253857184062,1.0,1478.414778660003,1000.0,1478.414778660003,1000.0,0.0,0.0
20987,1717713480000.0,0.0,0.0,0.0,126.35,0.0,0.0,165.03,0.9999253857184062,1.0,1478.414778660003,1000.0,1478.414778660003,1000.0,0.0,0.0
20988,1717717080000.0,0.0,0.0,0.0,126.35,0.0,0.0,166.17,0.9999253857184062,1.0,1478.414778660003,1000.0,1478.414778660003,1000.0,0.0,0.0
20989,1717720680000.0,0.0,0.0,0.0,126.35,0.0,0.0,165.1,0.9999253857184062,1.0,1478.414778660003,1000.0,1478.414778660003,1000.0,0.0,0.0
20990,1717724280000.0,0.0,0.0,0.0,126.35,0.0,0.0,166.11,0.9999253857184062,1.0,1478.414778660003,1000.0,1478.414778660003,1000.0,0.0,0.0
20991,1717727880000.0,0.0,0.0,0.0,126.35,0.0,0.0,166.55,0.9999253857184062,1.0,1478.414778660003,1000.0,1478.414778660003,1000.0,0.0,0.0
20992,1717731480000.0,0.0,0.0,0.0,126.35,0.0,0.0,166.51,0.9999253857184062,1.0,1478.414778660003,1000.0,1478.414778660003,1000.0,0.0,0.0
20993,1717735080000.0,0.0,0.0,0.0,126.35,0.0,0.0,166.36,0.9999253857184062,1.0,1478.414778660003,1000.0,1478.414778660003,1000.0,0.0,0.0
20994,1717738680000.0,0.0,0.0,0.0,126.35,0.0,0.0,166.84,0.9999253857184062,1.0,1478.414778660003,1000.0,1478.414778660003,1000.0,0.0,0.0
20995,1717742280000.0,0.0,0.0,0.0,126.35,0.0,0.0,171.23,0.9999253857184062,1.0,1478.414778660003,1000.0,1478.414778660003,1000.0,0.0,0.0
20996,1717745880000.0,0.0,0.0,0.0,126.35,0.0,0.0,170.82,0.9999253857184062,1.0,1478.414778660003,1000.0,1478.414778660003,1000.0,0.0,0.0
20997,1717749480000.0,0.0,0.0,0.0,126.35,0.0,0.0,172.75,0.9999253857184062,1.0,1478.414778660003,1000.0,1478.414778660003,1000.0,0.0,0.0
20998,1717753080000.0,0.0,0.0,0.0,126.35,0.0,0.0,172.39,0.9999253857184062,1.0,1478.414778660003,1000.0,1478.414778660003,1000.0,0.0,0.0
20999,1717756680000.0,0.0,0.0,0.0,126.35,0.0,0.0,173.11,0.9999253857184062,1.0,1478.414778660003,1000.0,1478.414778660003,1000.0,0.0,0.0
21000,1717760280000.0,0.0,0.0,0.0,126.35,0.0,0.0,172.78,0.9999253857184062,1.0,1478.414778660003,1000.0,1478.414778660003,1000.0,0.0,0.0
21001,1717763880000.0,0.0,0.0,0.0,126.35,0.0,0.0,169.96,0.9999253857184062,1.0,1478.414778660003,1000.0,1478.414778660003,1000.0,0.0,0.0
21002,1717767480000.0,0.0,0.0,0.0,126.35,0.0,0.0,167.71,0.9999253857184062,1.0,1478.414778660003,1000.0,1478.414778660003,1000.0,0.0,0.0
21003,1717771080000.0,0.0,0.0,0.0,126.35,0.0,0.0,166.25,0.9999253857184062,1.0,1478.414778660003,1000.0,1478.414778660003,1000.0,0.0,0.0
21004,1717774680000.0,0.0,0.0,0.0,126.35,0.0,0.0,164.16,0.9999253857184062,1.0,1478.414778660003,1000.0,1478.414778660003,1000.0,0.0,0.0
21005,1717778280000.0,0.0,0.0,0.0,126.35,0.0,0.0,164.2,0.9999253857184062,1.0,1478.414778660003,1000.0,1478.414778660003,1000.0,0.0,0.0
21006,1717781880000.0,0.0,0.0,0.37,161.91,0.0,0.0,161.68,0.9999253857184062,1.0,1478.4027973200032,1000.0,1478.3176973200032,1000.0,0.04052123014688336,0.0
21007,1717785480000.0,0.0,0.0,0.75,158.47986666666668,0.0,0.0,160.04,0.9999253857184062,1.0,1478.391006680003,1000.0,1479.5611066800031,1000.0,0.08039814870554551,0.0
21008,1717789080000.0,0.0,0.0,0.75,158.47986666666668,0.0,0.0,160.99,0.9999253857184062,1.0,1478.391006680003,1000.0,1480.273606680003,1000.0,0.08039814870554551,0.0
21009,1717792680000.0,0.0,0.0,0.75,158.47986666666668,0.0,0.0,156.59,0.9999253857184062,1.0,1478.391006680003,1000.0,1476.973606680003,1000.0,0.08039814870554551,0.0
21010,1717796280000.0,0.0,0.0,0.75,158.47986666666668,0.0,0.0,157.45,0.9999253857184062,1.0,1478.391006680003,1000.0,1477.618606680003,1000.0,0.08039814870554551,0.0
21011,1717799880000.0,0.0,0.0,0.75,158.47986666666668,0.0,0.0,158.19,0.9999253857184062,1.0,1478.391006680003,1000.0,1478.173606680003,1000.0,0.08039814870554551,0.0
21012,1717803480000.0,0.0,0.0,0.75,158.47986666666668,0.0,0.0,154.28,0.9999253857184062,1.0,1478.391006680003,1000.0,1475.241106680003,1000.0,0.08039814870554551,0.0
21013,1717807080000.0,0.0,0.0,0.75,158.47986666666668,0.0,0.0,157.02,0.9999253857184062,1.0,1478.391006680003,1000.0,1477.296106680003,1000.0,0.08039814870554551,0.0
21014,1717810680000.0,0.0,0.0,0.75,158.47986666666668,0.0,0.0,159.71,0.9999253857184062,1.0,1478.391006680003,1000.0,1479.3136066800032,1000.0,0.08039814870554551,0.0
21015,1717814280000.0,0.0,0.0,0.75,158.47986666666668,0.0,0.0,160.32,0.9999253857184062,1.0,1478.391006680003,1000.0,1479.7711066800032,1000.0,0.08039814870554551,0.0
21016,1717817880000.0,0.0,0.0,0.75,158.47986666666668,0.0,0.0,161.08,0.9999253857184062,1.0,1478.391006680003,1000.0,1480.3411066800031,1000.0,0.08039814870554551,0.0
21017,1717821480000.0,0.0,0.0,0.75,158.47986666666668,0.0,0.0,162.11,0.9999253857184062,1.0,1478.391006680003,1000.0,1481.1136066800032,1000.0,0.08039814870554551,0.0
21018,1717825080000.0,0.0,0.0,0.75,158.47986666666668,0.0,0.0,162.88,0.9999253857184062,1.0,1478.391006680003,1000.0,1481.691106680003,1000.0,0.08039814870554551,0.0
21019,1717828680000.0,0.0,0.0,0.5,158.47986666666668,0.0,0.0,162.97,0.9999253857184062,1.0,1479.5728780133363,1000.0,1481.817944680003,1000.0,0.05355595152550444,0.0
21020,1717832280000.0,0.0,0.0,0.11,158.47986666666668,0.0,0.0,163.29,0.9999253857184062,1.0,1481.4165972933363,1000.0,1481.9457119600029,1000.0,0.011767645485533504,0.0
21021,1717835880000.0,0.0,0.0,0.04,158.47986666666668,0.0,0.0,163.75,0.9999253857184062,1.0,1481.7475212666695,1000.0,1481.958326600003,1000.0,0.004278188136429354,0.0
21022,1717839480000.0,0.0,0.0,0.02,158.47986666666668,0.0,0.0,163.03,0.9999253857184062,1.0,1481.8420709733364,1000.0,1481.933073640003,1000.0,0.002138957582201326,0.0
21023,1717843080000.0,0.0,0.0,0.0,158.47986666666668,0.0,0.0,163.34,0.9999253857184062,1.0,1481.9366206800032,1000.0,1481.9366206800032,1000.0,0.0,0.0
21024,1717846680000.0,0.0,0.0,0.0,158.47986666666668,0.0,0.0,163.38,0.9999253857184062,1.0,1481.9366206800032,1000.0,1481.9366206800032,1000.0,0.0,0.0
21025,1717850280000.0,0.0,0.0,0.0,158.47986666666668,0.0,0.0,164.28,0.9999253857184062,1.0,1481.9366206800032,1000.0,1481.9366206800032,1000.0,0.0,0.0
21026,1717853880000.0,0.0,0.0,0.0,158.47986666666668,0.0,0.0,164.61,0.9999253857184062,1.0,1481.9366206800032,1000.0,1481.9366206800032,1000.0,0.0,0.0
21027,1717857480000.0,0.0,0.0,0.0,158.47986666666668,0.0,0.0,165.41,0.9999253857184062,1.0,1481.9366206800032,1000.0,1481.9366206800032,1000.0,0.0,0.0
21028,1717861080000.0,0.0,0.0,0.0,158.47986666666668,0.0,0.0,167.31,0.9999253857184062,1.0,1481.9366206800032,1000.0,1481.9366206800032,1000.0,0.0,0.0
21029,1717864680000.0,0.0,0.0,0.0,158.47986666666668,0.0,0.0,165.56,0.9999253857184062,1.0,1481.9366206800032,1000.0,1481.9366206800032,1000.0,0.0,0.0
21030,1717868280000.0,0.0,0.0,0.0,158.47986666666668,0.0,0.0,165.19,0.9999253857184062,1.0,1481.9366206800032,1000.0,1481.9366206800032,1000.0,0.0,0.0
21031,1717871880000.0,0.0,0.0,0.0,158.47986666666668,0.0,0.0,165.7,0.9999253857184062,1.0,1481.9366206800032,1000.0,1481.9366206800032,1000.0,0.0,0.0
21032,1717875480000.0,0.0,0.0,0.0,158.47986666666668,0.0,0.0,165.39,0.9999253857184062,1.0,1481.9366206800032,1000.0,1481.9366206800032,1000.0,0.0,0.0
21033,1717879080000.0,0.0,0.0,0.0,158.47986666666668,0.0,0.0,165.4,0.9999253857184062,1.0,1481.9366206800032,1000.0,1481.9366206800032,1000.0,0.0,0.0
21034,1717882680000.0,0.0,0.0,0.0,158.47986666666668,0.0,0.0,165.74,0.9999253857184062,1.0,1481.9366206800032,1000.0,1481.9366206800032,1000.0,0.0,0.0
21035,1717886280000.0,0.0,0.0,0.0,158.47986666666668,0.0,0.0,165.87,0.9999253857184062,1.0,1481.9366206800032,1000.0,1481.9366206800032,1000.0,0.0,0.0
21036,1717889880000.0,0.0,0.0,0.0,158.47986666666668,0.0,0.0,167.79,0.9999253857184062,1.0,1481.9366206800032,1000.0,1481.9366206800032,1000.0,0.0,0.0
21037,1717893480000.0,0.0,0.0,0.0,158.47986666666668,0.0,0.0,171.44,0.9999253857184062,1.0,1481.9366206800032,1000.0,1481.9366206800032,1000.0,0.0,0.0
21038,1717897080000.0,0.0,0.0,0.0,158.47986666666668,0.0,0.0,174.16,0.9999253857184062,1.0,1481.9366206800032,1000.0,1481.9366206800032,1000.0,0.0,0.0
21039,1717900680000.0,0.0,0.0,0.0,158.47986666666668,0.0,0.0,171.43,0.9999253857184062,1.0,1481.9366206800032,1000.0,1481.9366206800032,1000.0,0.0,0.0
21040,1717904280000.0,0.0,0.0,0.0,158.47986666666668,0.0,0.0,174.34,0.9999253857184062,1.0,1481.9366206800032,1000.0,1481.9366206800032,1000.0,0.0,0.0
21041,1717907880000.0,0.0,0.0,0.0,158.47986666666668,0.0,0.0,172.89,0.9999253857184062,1.0,1481.9366206800032,1000.0,1481.9366206800032,1000.0,0.0,0.0
21042,1717911480000.0,0.0,0.0,0.0,158.47986666666668,0.0,0.0,172.04,0.9999253857184062,1.0,1481.9366206800032,1000.0,1481.9366206800032,1000.0,0.0,0.0
21043,1717915080000.0,0.0,0.0,0.0,158.47986666666668,0.0,0.0,170.41,0.9999253857184062,1.0,1481.9366206800032,1000.0,1481.9366206800032,1000.0,0.0,0.0
21044,1717918680000.0,0.0,0.0,0.0,158.47986666666668,0.0,0.0,171.45,0.9999253857184062,1.0,1481.9366206800032,1000.0,1481.9366206800032,1000.0,0.0,0.0
21045,1717922280000.0,0.0,0.0,0.0,158.47986666666668,0.0,0.0,170.09,0.9999253857184062,1.0,1481.9366206800032,1000.0,1481.9366206800032,1000.0,0.0,0.0
21046,1717925880000.0,0.0,0.0,0.0,158.47986666666668,0.0,0.0,170.09,0.9999253857184062,1.0,1481.9366206800032,1000.0,1481.9366206800032,1000.0,0.0,0.0
21047,1717929480000.0,0.0,0.0,0.0,158.47986666666668,0.0,0.0,170.22,0.9999253857184062,1.0,1481.9366206800032,1000.0,1481.9366206800032,1000.0,0.0,0.0
21048,1717933080000.0,0.0,0.0,0.0,158.47986666666668,0.0,0.0,169.34,0.9999253857184062,1.0,1481.9366206800032,1000.0,1481.9366206800032,1000.0,0.0,0.0
21049,1717936680000.0,0.0,0.0,0.0,158.47986666666668,0.0,0.0,169.45,0.9999253857184062,1.0,1481.9366206800032,1000.0,1481.9366206800032,1000.0,0.0,0.0
21050,1717940280000.0,0.0,0.0,0.0,158.47986666666668,0.0,0.0,169.3,0.9999253857184062,1.0,1481.9366206800032,1000.0,1481.9366206800032,1000.0,0.0,0.0
21051,1717943880000.0,0.0,0.0,0.0,158.47986666666668,0.0,0.0,168.49,0.9999253857184062,1.0,1481.9366206800032,1000.0,1481.9366206800032,1000.0,0.0,0.0
21052,1717947480000.0,0.0,0.0,0.0,158.47986666666668,0.0,0.0,168.51,0.9999253857184062,1.0,1481.9366206800032,1000.0,1481.9366206800032,1000.0,0.0,0.0
21053,1717951080000.0,0.0,0.0,0.0,158.47986666666668,0.0,0.0,167.01,0.9999253857184062,1.0,1481.9366206800032,1000.0,1481.9366206800032,1000.0,0.0,0.0
21054,1717954680000.0,0.0,0.0,0.0,158.47986666666668,0.0,0.0,167.31,0.9999253857184062,1.0,1481.9366206800032,1000.0,1481.9366206800032,1000.0,0.0,0.0
21055,1717958280000.0,0.0,0.0,0.0,158.47986666666668,0.0,0.0,166.84,0.9999253857184062,1.0,1481.9366206800032,1000.0,1481.9366206800032,1000.0,0.0,0.0
21056,1717961880000.0,0.0,0.0,0.0,158.47986666666668,0.0,0.0,169.73,0.9999253857184062,1.0,1481.9366206800032,1000.0,1481.9366206800032,1000.0,0.0,0.0
21057,1717965480000.0,0.0,0.0,0.0,158.47986666666668,0.0,0.0,172.08,0.9999253857184062,1.0,1481.9366206800032,1000.0,1481.9366206800032,1000.0,0.0,0.0
21058,1717969080000.0,0.0,0.0,0.0,158.47986666666668,0.0,0.0,172.19,0.9999253857184062,1.0,1481.9366206800032,1000.0,1481.9366206800032,1000.0,0.0,0.0
21059,1717972680000.0,0.0,0.0,0.0,158.47986666666668,0.0,0.0,173.91,0.9999253857184062,1.0,1481.9366206800032,1000.0,1481.9366206800032,1000.0,0.0,0.0
21060,1717976280000.0,0.0,0.0,0.0,158.47986666666668,0.0,0.0,173.6,0.9999253857184062,1.0,1481.9366206800032,1000.0,1481.9366206800032,1000.0,0.0,0.0
21061,1717979880000.0,0.0,0.0,0.0,158.47986666666668,0.0,0.0,174.45,0.9999253857184062,1.0,1481.9366206800032,1000.0,1481.9366206800032,1000.0,0.0,0.0
21062,1717983480000.0,0.0,0.0,0.0,158.47986666666668,0.0,0.0,175.4,0.9999253857184062,1.0,1481.9366206800032,1000.0,1481.9366206800032,1000.0,0.0,0.0
21063,1717987080000.0,0.0,0.0,0.0,158.47986666666668,0.0,0.0,176.0,0.9999253857184062,1.0,1481.9366206800032,1000.0,1481.9366206800032,1000.0,0.0,0.0
21064,1717990680000.0,0.0,0.0,0.0,158.47986666666668,0.0,0.0,176.95,0.9999253857184062,1.0,1481.9366206800032,1000.0,1481.9366206800032,1000.0,0.0,0.0
21065,1717994280000.0,0.0,0.0,0.0,158.47986666666668,0.0,0.0,176.52,0.9999253857184062,1.0,1481.9366206800032,1000.0,1481.9366206800032,1000.0,0.0,0.0
21066,1717997880000.0,0.0,0.0,0.0,158.47986666666668,0.0,0.0,178.81,0.9999253857184062,1.0,1481.9366206800032,1000.0,1481.9366206800032,1000.0,0.0,0.0
21067,1718001480000.0,0.0,0.0,0.0,158.47986666666668,0.0,0.0,178.68,0.9999253857184062,1.0,1481.9366206800032,1000.0,1481.9366206800032,1000.0,0.0,0.0
21068,1718005080000.0,0.0,0.0,0.0,158.47986666666668,0.0,0.0,178.49,0.9999253857184062,1.0,1481.9366206800032,1000.0,1481.9366206800032,1000.0,0.0,0.0
21069,1718008680000.0,0.0,0.0,0.0,158.47986666666668,0.0,0.0,177.14,0.9999253857184062,1.0,1481.9366206800032,1000.0,1481.9366206800032,1000.0,0.0,0.0
21070,1718012280000.0,0.0,0.0,0.0,158.47986666666668,0.0,0.0,177.3,0.9999253857184062,1.0,1481.9366206800032,1000.0,1481.9366206800032,1000.0,0.0,0.0
21071,1718015880000.0,0.0,0.0,0.0,158.47986666666668,0.0,0.0,178.67,0.9999253857184062,1.0,1481.9366206800032,1000.0,1481.9366206800032,1000.0,0.0,0.0
21072,1718019480000.0,0.0,0.0,0.0,158.47986666666668,0.0,0.0,176.9,0.9999253857184062,1.0,1481.9366206800032,1000.0,1481.9366206800032,1000.0,0.0,0.0
21073,1718023080000.0,0.0,0.0,0.0,158.47986666666668,0.0,0.0,176.31,0.9999253857184062,1.0,1481.9366206800032,1000.0,1481.9366206800032,1000.0,0.0,0.0
21074,1718026680000.0,0.0,0.0,0.0,158.47986666666668,0.0,0.0,178.15,0.9999253857184062,1.0,1481.9366206800032,1000.0,1481.9366206800032,1000.0,0.0,0.0
21075,1718030280000.0,0.0,0.0,0.0,158.47986666666668,0.0,0.0,179.0,0.9999253857184062,1.0,1481.9366206800032,1000.0,1481.9366206800032,1000.0,0.0,0.0
21076,1718033880000.0,0.0,0.0,0.0,158.47986666666668,0.0,0.0,180.38,0.9999253857184062,1.0,1481.9366206800032,1000.0,1481.9366206800032,1000.0,0.0,0.0
21077,1718037480000.0,0.0,0.0,0.0,158.47986666666668,0.0,0.0,178.62,0.9999253857184062,1.0,1481.9366206800032,1000.0,1481.9366206800032,1000.0,0.0,0.0
21078,1718041080000.0,0.0,0.0,0.0,158.47986666666668,0.0,0.0,180.81,0.9999253857184062,1.0,1481.9366206800032,1000.0,1481.9366206800032,1000.0,0.0,0.0
21079,1718044680000.0,0.0,0.0,0.0,158.47986666666668,0.0,0.0,178.28,0.9999253857184062,1.0,1481.9366206800032,1000.0,1481.9366206800032,1000.0,0.0,0.0
21080,1718048280000.0,0.0,0.0,0.0,158.47986666666668,0.0,0.0,177.99,0.9999253857184062,1.0,1481.9366206800032,1000.0,1481.9366206800032,1000.0,0.0,0.0
21081,1718051880000.0,0.0,0.0,0.0,158.47986666666668,0.0,0.0,178.57,0.9999253857184062,1.0,1481.9366206800032,1000.0,1481.9366206800032,1000.0,0.0,0.0
21082,1718055480000.0,0.0,0.0,0.0,158.47986666666668,0.0,0.0,177.76,0.9999253857184062,1.0,1481.9366206800032,1000.0,1481.9366206800032,1000.0,0.0,0.0
21083,1718059080000.0,0.0,0.0,0.0,158.47986666666668,0.0,0.0,178.47,0.9999253857184062,1.0,1481.9366206800032,1000.0,1481.9366206800032,1000.0,0.0,0.0
21084,1718062680000.0,0.0,0.0,0.0,158.47986666666668,0.0,0.0,178.31,0.9999253857184062,1.0,1481.9366206800032,1000.0,1481.9366206800032,1000.0,0.0,0.0
21085,1718066280000.0,0.0,0.0,0.0,158.47986666666668,0.0,0.0,179.11,0.9999253857184062,1.0,1481.9366206800032,1000.0,1481.9366206800032,1000.0,0.0,0.0
21086,1718069880000.0,0.0,0.0,0.0,158.47986666666668,0.0,0.0,179.06,0.9999253857184062,1.0,1481.9366206800032,1000.0,1481.9366206800032,1000.0,0.0,0.0
21087,1718073480000.0,0.0,0.0,0.0,158.47986666666668,0.0,0.0,177.37,0.9999253857184062,1.0,1481.9366206800032,1000.0,1481.9366206800032,1000.0,0.0,0.0
21088,1718077080000.0,0.0,0.0,0.0,158.47986666666668,0.0,0.0,177.43,0.9999253857184062,1.0,1481.9366206800032,1000.0,1481.9366206800032,1000.0,0.0,0.0
21089,1718080680000.0,0.0,0.0,0.0,158.47986666666668,0.0,0.0,177.96,0.9999253857184062,1.0,1481.9366206800032,1000.0,1481.9366206800032,1000.0,0.0,0.0
21090,1718084280000.0,0.0,0.0,0.0,158.47986666666668,0.0,0.0,176.91,0.9999253857184062,1.0,1481.9366206800032,1000.0,1481.9366206800032,1000.0,0.0,0.0
21091,1718087880000.0,0.0,0.0,0.0,158.47986666666668,0.0,0.0,176.85,0.9999253857184062,1.0,1481.9366206800032,1000.0,1481.9366206800032,1000.0,0.0,0.0
21092,1718091480000.0,0.0,0.0,0.0,158.47986666666668,0.0,0.0,176.3,0.9999253857184062,1.0,1481.9366206800032,1000.0,1481.9366206800032,1000.0,0.0,0.0
21093,1718095080000.0,0.0,0.0,0.0,158.47986666666668,0.0,0.0,173.7,0.9999253857184062,1.0,1481.9366206800032,1000.0,1481.9366206800032,1000.0,0.0,0.0
21094,1718098680000.0,0.0,0.0,0.16,171.52,0.0,0.0,177.49,0.9999253857184062,1.0,1482.896400820003,1000.0,1483.8516008200031,1000.0,0.0185064850011266,0.0
21095,1718102280000.0,0.0,0.0,0.08,171.52,0.0,0.0,177.0,0.9999253857184062,1.0,1483.305574100003,1000.0,1483.743974100003,1000.0,0.009250689972176228,0.0
21096,1718105880000.0,0.0,0.0,0.02,171.52,0.0,0.0,176.91,0.9999253857184062,1.0,1483.6124540600035,1000.0,1483.7202540600035,1000.0,0.0023121941249633514,0.0
21097,1718109480000.0,0.0,0.0,0.02,171.52,0.0,0.0,175.84,0.9999253857184062,1.0,1483.6124540600035,1000.0,1483.6988540600034,1000.0,0.0023121941249633514,0.0
21098,1718113080000.0,0.0,0.0,0.02,171.52,0.0,0.0,175.4,0.9999253857184062,1.0,1483.6124540600035,1000.0,1483.6900540600036,1000.0,0.0023121941249633514,0.0
21099,1718116680000.0,0.0,0.0,0.02,171.52,0.0,0.0,173.73,0.9999253857184062,1.0,1483.6124540600035,1000.0,1483.6566540600036,1000.0,0.0023121941249633514,0.0
21100,1718120280000.0,0.0,0.0,0.35,170.67142857142858,0.0,0.0,170.75,0.9999253857184062,1.0,1483.6011931400035,1000.0,1483.6286931400034,1000.0,0.040263515745476326,0.0
21101,1718123880000.0,0.0,0.0,0.35,170.67142857142858,0.0,0.0,173.24,0.9999253857184062,1.0,1483.6011931400035,1000.0,1484.5001931400034,1000.0,0.040263515745476326,0.0
21102,1718127480000.0,0.0,0.0,0.35,170.67142857142858,0.0,0.0,172.83,0.9999253857184062,1.0,1483.6011931400035,1000.0,1484.3566931400035,1000.0,0.040263515745476326,0.0
21103,1718131080000.0,0.0,0.0,0.35,170.67142857142858,0.0,0.0,169.76,0.9999253857184062,1.0,1483.6011931400035,1000.0,1483.2821931400035,1000.0,0.040263515745476326,0.0
21104,1718134680000.0,0.0,0.0,0.35,170.67142857142858,0.0,0.0,171.03,0.9999253857184062,1.0,1483.6011931400035,1000.0,1483.7266931400036,1000.0,0.040263515745476326,0.0
21105,1718138280000.0,0.0,0.0,0.35,170.67142857142858,0.0,0.0,172.42,0.9999253857184062,1.0,1483.6011931400035,1000.0,1484.2131931400036,1000.0,0.040263515745476326,0.0
21106,1718141880000.0,0.0,0.0,0.35,170.67142857142858,0.0,0.0,174.14,0.9999253857184062,1.0,1483.6011931400035,1000.0,1484.8151931400034,1000.0,0.040263515745476326,0.0
21107,1718145480000.0,0.0,0.0,0.35,170.67142857142858,0.0,0.0,173.89,0.9999253857184062,1.0,1483.6011931400035,1000.0,1484.7276931400036,1000.0,0.040263515745476326,0.0
21108,1718149080000.0,0.0,0.0,0.35,170.67142857142858,0.0,0.0,174.6,0.9999253857184062,1.0,1483.6011931400035,1000.0,1484.9761931400035,1000.0,0.040263515745476326,0.0
21109,1718152680000.0,0.0,0.0,0.08,170.67142857142858,0.0,0.0,175.42,0.9999253857184062,1.0,1484.9764142257177,1000.0,1485.3562999400035,1000.0,0.009194566428742558,0.0
21110,1718156280000.0,0.0,0.0,0.04,170.67142857142858,0.0,0.0,177.89,0.9999253857184062,1.0,1485.1801506828606,1000.0,1485.4688935400034,1000.0,0.004596652560780771,0.0
21111,1718159880000.0,0.0,0.0,0.04,170.67142857142858,0.0,0.0,178.64,0.9999253857184062,1.0,1485.1801506828606,1000.0,1485.4988935400033,1000.0,0.004596652560780771,0.0
21112,1718163480000.0,0.0,0.0,0.04,170.67142857142858,0.0,0.0,177.55,0.9999253857184062,1.0,1485.1801506828606,1000.0,1485.4552935400034,1000.0,0.004596652560780771,0.0
21113,1718167080000.0,0.0,0.0,0.04,170.67142857142858,0.0,0.0,177.25,0.9999253857184062,1.0,1485.1801506828606,1000.0,1485.4432935400034,1000.0,0.004596652560780771,0.0
21114,1718170680000.0,0.0,0.0,0.02,170.67142857142858,0.0,0.0,177.91,0.9999253857184062,1.0,1485.364802351432,1000.0,1485.5095737800034,1000.0,0.0022980405662130178,0.0
21115,1718174280000.0,0.0,0.0,0.02,170.67142857142858,0.0,0.0,178.16,0.9999253857184062,1.0,1485.364802351432,1000.0,1485.5145737800035,1000.0,0.0022980405662130178,0.0
21116,1718177880000.0,0.0,0.0,0.02,170.67142857142858,0.0,0.0,176.89,0.9999253857184062,1.0,1485.364802351432,1000.0,1485.4891737800035,1000.0,0.0022980405662130178,0.0
21117,1718181480000.0,0.0,0.0,0.02,170.67142857142858,0.0,0.0,176.66,0.9999253857184062,1.0,1485.364802351432,1000.0,1485.4845737800035,1000.0,0.0022980405662130178,0.0
21118,1718185080000.0,0.0,0.0,0.01,170.67142857142858,0.0,0.0,178.05,0.9999253857184062,1.0,1485.4157364657178,1000.0,1485.4895221800036,1000.0,0.0011489808838131125,0.0
21119,1718188680000.0,0.0,0.0,0.01,170.67142857142858,0.0,0.0,176.74,0.9999253857184062,1.0,1485.4157364657178,1000.0,1485.4764221800035,1000.0,0.0011489808838131125,0.0
21120,1718192280000.0,0.0,0.0,0.0,170.67142857142858,0.0,0.0,176.31,0.9999253857184062,1.0,1485.4666705800037,1000.0,1485.4666705800037,1000.0,0.0,0.0
21121,1718195880000.0,0.0,0.0,0.0,170.67142857142858,0.0,0.0,176.45,0.9999253857184062,1.0,1485.4666705800037,1000.0,1485.4666705800037,1000.0,0.0,0.0
21122,1718199480000.0,0.0,0.0,0.0,170.67142857142858,0.0,0.0,177.16,0.9999253857184062,1.0,1485.4666705800037,1000.0,1485.4666705800037,1000.0,0.0,0.0
21123,1718203080000.0,0.0,0.0,0.0,170.67142857142858,0.0,0.0,177.4,0.9999253857184062,1.0,1485.4666705800037,1000.0,1485.4666705800037,1000.0,0.0,0.0
21124,1718206680000.0,0.0,0.0,0.0,170.67142857142858,0.0,0.0,179.38,0.9999253857184062,1.0,1485.4666705800037,1000.0,1485.4666705800037,1000.0,0.0,0.0
21125,1718210280000.0,0.0,0.0,0.0,170.67142857142858,0.0,0.0,179.55,0.9999253857184062,1.0,1485.4666705800037,1000.0,1485.4666705800037,1000.0,0.0,0.0
21126,1718213880000.0,0.0,0.0,0.0,170.67142857142858,0.0,0.0,179.25,0.9999253857184062,1.0,1485.4666705800037,1000.0,1485.4666705800037,1000.0,0.0,0.0
21127,1718217480000.0,0.0,0.0,0.0,170.67142857142858,0.0,0.0,179.75,0.9999253857184062,1.0,1485.4666705800037,1000.0,1485.4666705800037,1000.0,0.0,0.0
21128,1718221080000.0,0.0,0.0,0.0,170.67142857142858,0.0,0.0,178.72,0.9999253857184062,1.0,1485.4666705800037,1000.0,1485.4666705800037,1000.0,0.0,0.0
21129,1718224680000.0,0.0,0.0,0.0,170.67142857142858,0.0,0.0,178.17,0.9999253857184062,1.0,1485.4666705800037,1000.0,1485.4666705800037,1000.0,0.0,0.0
21130,1718228280000.0,0.0,0.0,0.0,170.67142857142858,0.0,0.0,178.99,0.9999253857184062,1.0,1485.4666705800037,1000.0,1485.4666705800037,1000.0,0.0,0.0
21131,1718231880000.0,0.0,0.0,0.0,170.67142857142858,0.0,0.0,180.86,0.9999253857184062,1.0,1485.4666705800037,1000.0,1485.4666705800037,1000.0,0.0,0.0
21132,1718235480000.0,0.0,0.0,0.0,170.67142857142858,0.0,0.0,182.02,0.9999253857184062,1.0,1485.4666705800037,1000.0,1485.4666705800037,1000.0,0.0,0.0
21133,1718239080000.0,0.0,0.0,0.0,170.67142857142858,0.0,0.0,180.69,0.9999253857184062,1.0,1485.4666705800037,1000.0,1485.4666705800037,1000.0,0.0,0.0
21134,1718242680000.0,0.0,0.0,0.0,170.67142857142858,0.0,0.0,177.51,0.9999253857184062,1.0,1485.4666705800037,1000.0,1485.4666705800037,1000.0,0.0,0.0
21135,1718246280000.0,0.0,0.0,0.0,170.67142857142858,0.0,0.0,174.36,0.9999253857184062,1.0,1485.4666705800037,1000.0,1485.4666705800037,1000.0,0.0,0.0
21136,1718249880000.0,0.0,0.0,0.0,170.67142857142858,0.0,0.0,174.52,0.9999253857184062,1.0,1485.4666705800037,1000.0,1485.4666705800037,1000.0,0.0,0.0
21137,1718253480000.0,0.0,0.0,0.0,170.67142857142858,0.0,0.0,173.91,0.9999253857184062,1.0,1485.4666705800037,1000.0,1485.4666705800037,1000.0,0.0,0.0
21138,1718257080000.0,0.0,0.0,0.0,170.67142857142858,0.0,0.0,172.95,0.9999253857184062,1.0,1485.4666705800037,1000.0,1485.4666705800037,1000.0,0.0,0.0
21139,1718260680000.0,0.0,0.0,0.0,170.67142857142858,0.0,0.0,175.04,0.9999253857184062,1.0,1485.4666705800037,1000.0,1485.4666705800037,1000.0,0.0,0.0
21140,1718264280000.0,0.0,0.0,0.0,170.67142857142858,0.0,0.0,178.56,0.9999253857184062,1.0,1485.4666705800037,1000.0,1485.4666705800037,1000.0,0.0,0.0
21141,1718267880000.0,0.0,0.0,0.0,170.67142857142858,0.0,0.0,178.54,0.9999253857184062,1.0,1485.4666705800037,1000.0,1485.4666705800037,1000.0,0.0,0.0
21142,1718271480000.0,0.0,0.0,0.0,170.67142857142858,0.0,0.0,177.11,0.9999253857184062,1.0,1485.4666705800037,1000.0,1485.4666705800037,1000.0,0.0,0.0
21143,1718275080000.0,0.0,0.0,0.0,170.67142857142858,0.0,0.0,177.24,0.9999253857184062,1.0,1485.4666705800037,1000.0,1485.4666705800037,1000.0,0.0,0.0
21144,1718278680000.0,0.0,0.0,0.0,170.67142857142858,0.0,0.0,176.45,0.9999253857184062,1.0,1485.4666705800037,1000.0,1485.4666705800037,1000.0,0.0,0.0
21145,1718282280000.0,0.0,0.0,0.0,170.67142857142858,0.0,0.0,175.78,0.9999253857184062,1.0,1485.4666705800037,1000.0,1485.4666705800037,1000.0,0.0,0.0
21146,1718285880000.0,0.0,0.0,0.0,170.67142857142858,0.0,0.0,177.42,0.9999253857184062,1.0,1485.4666705800037,1000.0,1485.4666705800037,1000.0,0.0,0.0
21147,1718289480000.0,0.0,0.0,0.0,170.67142857142858,0.0,0.0,175.66,0.9999253857184062,1.0,1485.4666705800037,1000.0,1485.4666705800037,1000.0,0.0,0.0
21148,1718293080000.0,0.0,0.0,0.0,170.67142857142858,0.0,0.0,174.12,0.9999253857184062,1.0,1485.4666705800037,1000.0,1485.4666705800037,1000.0,0.0,0.0
21149,1718296680000.0,0.0,0.0,0.0,170.67142857142858,0.0,0.0,173.02,0.9999253857184062,1.0,1485.4666705800037,1000.0,1485.4666705800037,1000.0,0.0,0.0
21150,1718300280000.0,0.0,0.0,0.0,170.67142857142858,0.0,0.0,173.93,0.9999253857184062,1.0,1485.4666705800037,1000.0,1485.4666705800037,1000.0,0.0,0.0
21151,1718303880000.0,0.0,0.0,0.0,170.67142857142858,0.0,0.0,174.62,0.9999253857184062,1.0,1485.4666705800037,1000.0,1485.4666705800037,1000.0,0.0,0.0
21152,1718307480000.0,0.0,0.0,0.0,170.67142857142858,0.0,0.0,176.55,0.9999253857184062,1.0,1485.4666705800037,1000.0,1485.4666705800037,1000.0,0.0,0.0
21153,1718311080000.0,0.0,0.0,0.0,170.67142857142858,0.0,0.0,175.73,0.9999253857184062,1.0,1485.4666705800037,1000.0,1485.4666705800037,1000.0,0.0,0.0
21154,1718314680000.0,0.0,0.0,0.0,170.67142857142858,0.0,0.0,174.73,0.9999253857184062,1.0,1485.4666705800037,1000.0,1485.4666705800037,1000.0,0.0,0.0
21155,1718318280000.0,0.0,0.0,0.0,170.67142857142858,0.0,0.0,173.96,0.9999253857184062,1.0,1485.4666705800037,1000.0,1485.4666705800037,1000.0,0.0,0.0
21156,1718321880000.0,0.0,0.0,0.0,170.67142857142858,0.0,0.0,171.95,0.9999253857184062,1.0,1485.4666705800037,1000.0,1485.4666705800037,1000.0,0.0,0.0
21157,1718325480000.0,0.0,0.0,0.0,170.67142857142858,0.0,0.0,172.39,0.9999253857184062,1.0,1485.4666705800037,1000.0,1485.4666705800037,1000.0,0.0,0.0
21158,1718329080000.0,0.0,0.0,0.0,170.67142857142858,0.0,0.0,170.24,0.9999253857184062,1.0,1485.4666705800037,1000.0,1485.4666705800037,1000.0,0.0,0.0
21159,1718332680000.0,0.0,0.0,0.0,170.67142857142858,0.0,0.0,170.75,0.9999253857184062,1.0,1485.4666705800037,1000.0,1485.4666705800037,1000.0,0.0,0.0
21160,1718336280000.0,0.0,0.0,0.0,170.67142857142858,0.0,0.0,170.66,0.9999253857184062,1.0,1485.4666705800037,1000.0,1485.4666705800037,1000.0,0.0,0.0
21161,1718339880000.0,0.0,0.0,0.0,170.67142857142858,0.0,0.0,169.71,0.9999253857184062,1.0,1485.4666705800037,1000.0,1485.4666705800037,1000.0,0.0,0.0
21162,1718343480000.0,0.0,0.0,0.0,170.67142857142858,0.0,0.0,170.33,0.9999253857184062,1.0,1485.4666705800037,1000.0,1485.4666705800037,1000.0,0.0,0.0
21163,1718347080000.0,0.0,0.0,0.0,170.67142857142858,0.0,0.0,169.29,0.9999253857184062,1.0,1485.4666705800037,1000.0,1485.4666705800037,1000.0,0.0,0.0
21164,1718350680000.0,0.0,0.0,0.0,170.67142857142858,0.0,0.0,169.92,0.9999253857184062,1.0,1485.4666705800037,1000.0,1485.4666705800037,1000.0,0.0,0.0
21165,1718354280000.0,0.0,0.0,0.0,170.67142857142858,0.0,0.0,172.95,0.9999253857184062,1.0,1485.4666705800037,1000.0,1485.4666705800037,1000.0,0.0,0.0
21166,1718357880000.0,0.0,0.0,0.0,170.67142857142858,0.0,0.0,172.5,0.9999253857184062,1.0,1485.4666705800037,1000.0,1485.4666705800037,1000.0,0.0,0.0
21167,1718361480000.0,0.0,0.0,0.0,170.67142857142858,0.0,0.0,173.81,0.9999253857184062,1.0,1485.4666705800037,1000.0,1485.4666705800037,1000.0,0.0,0.0
21168,1718365080000.0,0.0,0.0,0.0,170.67142857142858,0.0,0.0,175.81,0.9999253857184062,1.0,1485.4666705800037,1000.0,1485.4666705800037,1000.0,0.0,0.0
21169,1718368680000.0,0.0,0.0,0.0,170.67142857142858,0.0,0.0,176.34,0.9999253857184062,1.0,1485.4666705800037,1000.0,1485.4666705800037,1000.0,0.0,0.0
21170,1718372280000.0,0.0,0.0,0.0,170.67142857142858,0.0,0.0,176.33,0.9999253857184062,1.0,1485.4666705800037,1000.0,1485.4666705800037,1000.0,0.0,0.0
21171,1718375880000.0,0.0,0.0,0.0,170.67142857142858,0.0,0.0,174.11,0.9999253857184062,1.0,1485.4666705800037,1000.0,1485.4666705800037,1000.0,0.0,0.0
21172,1718379480000.0,0.0,0.0,0.0,170.67142857142858,0.0,0.0,174.84,0.9999253857184062,1.0,1485.4666705800037,1000.0,1485.4666705800037,1000.0,0.0,0.0
21173,1718383080000.0,0.0,0.0,0.0,170.67142857142858,0.0,0.0,173.03,0.9999253857184062,1.0,1485.4666705800037,1000.0,1485.4666705800037,1000.0,0.0,0.0
21174,1718386680000.0,0.0,0.0,0.0,170.67142857142858,0.0,0.0,169.47,0.9999253857184062,1.0,1485.4666705800037,1000.0,1485.4666705800037,1000.0,0.0,0.0
21175,1718390280000.0,0.0,0.0,0.35,167.73,0.0,0.0,167.45,0.9999253857184062,1.0,1485.4549294800036,1000.0,1485.3569294800036,1000.0,0.03952021622126924,0.0
21176,1718393880000.0,0.0,0.0,0.35,167.73,0.0,0.0,168.65,0.9999253857184062,1.0,1485.4549294800036,1000.0,1485.7769294800037,1000.0,0.03952021622126924,0.0
21177,1718397480000.0,0.0,0.0,0.35,167.73,0.0,0.0,168.66,0.9999253857184062,1.0,1485.4549294800036,1000.0,1485.7804294800035,1000.0,0.03952021622126924,0.0
21178,1718401080000.0,0.0,0.0,0.35,167.73,0.0,0.0,170.17,0.9999253857184062,1.0,1485.4549294800036,1000.0,1486.3089294800036,1000.0,0.03952021622126924,0.0
21179,1718404680000.0,0.0,0.0,0.35,167.73,0.0,0.0,169.2,0.9999253857184062,1.0,1485.4549294800036,1000.0,1485.9694294800036,1000.0,0.03952021622126924,0.0
21180,1718408280000.0,0.0,0.0,0.35,167.73,0.0,0.0,170.42,0.9999253857184062,1.0,1485.4549294800036,1000.0,1486.3964294800035,1000.0,0.03952021622126924,0.0
21181,1718411880000.0,0.0,0.0,0.35,167.73,0.0,0.0,170.33,0.9999253857184062,1.0,1485.4549294800036,1000.0,1486.3649294800036,1000.0,0.03952021622126924,0.0
21182,1718415480000.0,0.0,0.0,0.35,167.73,0.0,0.0,170.63,0.9999253857184062,1.0,1485.4549294800036,1000.0,1486.4699294800037,1000.0,0.03952021622126924,0.0
21183,1718419080000.0,0.0,0.0,0.35,167.73,0.0,0.0,170.14,0.9999253857184062,1.0,1485.4549294800036,1000.0,1486.2984294800035,1000.0,0.03952021622126924,0.0
21184,1718422680000.0,0.0,0.0,0.35,167.73,0.0,0.0,169.94,0.9999253857184062,1.0,1485.4549294800036,1000.0,1486.2284294800036,1000.0,0.03952021622126924,0.0
21185,1718426280000.0,0.0,0.0,0.35,167.73,0.0,0.0,169.85,0.9999253857184062,1.0,1485.4549294800036,1000.0,1486.1969294800035,1000.0,0.03952021622126924,0.0
21186,1718429880000.0,0.0,0.0,0.35,167.73,0.0,0.0,170.76,0.9999253857184062,1.0,1485.4549294800036,1000.0,1486.5154294800036,1000.0,0.03952021622126924,0.0
21187,1718433480000.0,0.0,0.0,0.35,167.73,0.0,0.0,169.61,0.9999253857184062,1.0,1485.4549294800036,1000.0,1486.1129294800035,1000.0,0.03952021622126924,0.0
21188,1718437080000.0,0.0,0.0,0.35,167.73,0.0,0.0,171.23,0.9999253857184062,1.0,1485.4549294800036,1000.0,1486.6799294800035,1000.0,0.03952021622126924,0.0
21189,1718440680000.0,0.0,0.0,0.35,167.73,0.0,0.0,171.36,0.9999253857184062,1.0,1485.4549294800036,1000.0,1486.7254294800036,1000.0,0.03952021622126924,0.0
21190,1718444280000.0,0.0,0.0,0.11,167.73,0.0,0.0,172.13,0.9999253857184062,1.0,1486.6562365200034,1000.0,1487.1402365200033,1000.0,0.012410602765296201,0.0
21191,1718447880000.0,0.0,0.0,0.11,167.73,0.0,0.0,171.98,0.9999253857184062,1.0,1486.6562365200034,1000.0,1487.1237365200034,1000.0,0.012410602765296201,0.0
21192,1718451480000.0,0.0,0.0,0.08,167.73,0.0,0.0,173.29,0.9999253857184062,1.0,1486.8063999000035,1000.0,1487.2511999000035,1000.0,0.00902498132971614,0.0
21193,1718455080000.0,0.0,0.0,0.08,167.73,0.0,0.0,173.35,0.9999253857184062,1.0,1486.8063999000035,1000.0,1487.2559999000034,1000.0,0.00902498132971614,0.0
21194,1718458680000.0,0.0,0.0,0.08,167.73,0.0,0.0,174.26,0.9999253857184062,1.0,1486.8063999000035,1000.0,1487.3287999000036,1000.0,0.00902498132971614,0.0
21195,1718462280000.0,0.0,0.0,0.08,167.73,0.0,0.0,172.11,0.9999253857184062,1.0,1486.8063999000035,1000.0,1487.1567999000035,1000.0,0.00902498132971614,0.0
21196,1718465880000.0,0.0,0.0,0.08,167.73,0.0,0.0,171.85,0.9999253857184062,1.0,1486.8063999000035,1000.0,1487.1359999000035,1000.0,0.00902498132971614,0.0
21197,1718469480000.0,0.0,0.0,0.08,167.73,0.0,0.0,171.02,0.9999253857184062,1.0,1486.8063999000035,1000.0,1487.0695999000036,1000.0,0.00902498132971614,0.0
21198,1718473080000.0,0.0,0.0,0.08,167.73,0.0,0.0,171.55,0.9999253857184062,1.0,1486.8063999000035,1000.0,1487.1119999000034,1000.0,0.00902498132971614,0.0
21199,1718476680000.0,0.0,0.0,0.08,167.73,0.0,0.0,170.16,0.9999253857184062,1.0,1486.8063999000035,1000.0,1487.0007999000036,1000.0,0.00902498132971614,0.0
21200,1718480280000.0,0.0,0.0,0.08,167.73,0.0,0.0,171.63,0.9999253857184062,1.0,1486.8063999000035,1000.0,1487.1183999000034,1000.0,0.00902498132971614,0.0
21201,1718483880000.0,0.0,0.0,0.03,167.73,0.0,0.0,174.57,0.9999253857184062,1.0,1487.0566722000035,1000.0,1487.2618722000036,1000.0,0.0033837984080025887,0.0
21202,1718487480000.0,0.0,0.0,0.03,167.73,0.0,0.0,176.07,0.9999253857184062,1.0,1487.0566722000035,1000.0,1487.3068722000035,1000.0,0.0033837984080025887,0.0
21203,1718491080000.0,0.0,0.0,0.03,167.73,0.0,0.0,175.12,0.9999253857184062,1.0,1487.0566722000035,1000.0,1487.2783722000036,1000.0,0.0033837984080025887,0.0
21204,1718494680000.0,0.0,0.0,0.0,167.73,0.0,0.0,177.37,0.9999253857184062,1.0,1487.3289111600038,1000.0,1487.3289111600038,1000.0,0.0,0.0
21205,1718498280000.0,0.0,0.0,0.0,167.73,0.0,0.0,175.1,0.9999253857184062,1.0,1487.3289111600038,1000.0,1487.3289111600038,1000.0,0.0,0.0
21206,1718501880000.0,0.0,0.0,0.0,167.73,0.0,0.0,174.03,0.9999253857184062,1.0,1487.3289111600038,1000.0,1487.3289111600038,1000.0,0.0,0.0
21207,1718505480000.0,0.0,0.0,0.0,167.73,0.0,0.0,173.97,0.9999253857184062,1.0,1487.3289111600038,1000.0,1487.3289111600038,1000.0,0.0,0.0
21208,1718509080000.0,0.0,0.0,0.0,167.73,0.0,0.0,173.39,0.9999253857184062,1.0,1487.3289111600038,1000.0,1487.3289111600038,1000.0,0.0,0.0
21209,1718512680000.0,0.0,0.0,0.0,167.73,0.0,0.0,174.18,0.9999253857184062,1.0,1487.3289111600038,1000.0,1487.3289111600038,1000.0,0.0,0.0
21210,1718516280000.0,0.0,0.0,0.0,167.73,0.0,0.0,172.76,0.9999253857184062,1.0,1487.3289111600038,1000.0,1487.3289111600038,1000.0,0.0,0.0
21211,1718519880000.0,0.0,0.0,0.0,167.73,0.0,0.0,175.19,0.9999253857184062,1.0,1487.3289111600038,1000.0,1487.3289111600038,1000.0,0.0,0.0
21212,1718523480000.0,0.0,0.0,0.0,167.73,0.0,0.0,175.35,0.9999253857184062,1.0,1487.3289111600038,1000.0,1487.3289111600038,1000.0,0.0,0.0
21213,1718527080000.0,0.0,0.0,0.0,167.73,0.0,0.0,175.97,0.9999253857184062,1.0,1487.3289111600038,1000.0,1487.3289111600038,1000.0,0.0,0.0
21214,1718530680000.0,0.0,0.0,0.0,167.73,0.0,0.0,175.42,0.9999253857184062,1.0,1487.3289111600038,1000.0,1487.3289111600038,1000.0,0.0,0.0
21215,1718534280000.0,0.0,0.0,0.0,167.73,0.0,0.0,174.62,0.9999253857184062,1.0,1487.3289111600038,1000.0,1487.3289111600038,1000.0,0.0,0.0
21216,1718537880000.0,0.0,0.0,0.0,167.73,0.0,0.0,173.46,0.9999253857184062,1.0,1487.3289111600038,1000.0,1487.3289111600038,1000.0,0.0,0.0
21217,1718541480000.0,0.0,0.0,0.0,167.73,0.0,0.0,173.58,0.9999253857184062,1.0,1487.3289111600038,1000.0,1487.3289111600038,1000.0,0.0,0.0
21218,1718545080000.0,0.0,0.0,0.0,167.73,0.0,0.0,173.04,0.9999253857184062,1.0,1487.3289111600038,1000.0,1487.3289111600038,1000.0,0.0,0.0
21219,1718548680000.0,0.0,0.0,0.0,167.73,0.0,0.0,173.61,0.9999253857184062,1.0,1487.3289111600038,1000.0,1487.3289111600038,1000.0,0.0,0.0
21220,1718552280000.0,0.0,0.0,0.0,167.73,0.0,0.0,173.63,0.9999253857184062,1.0,1487.3289111600038,1000.0,1487.3289111600038,1000.0,0.0,0.0
21221,1718555880000.0,0.0,0.0,0.0,167.73,0.0,0.0,176.28,0.9999253857184062,1.0,1487.3289111600038,1000.0,1487.3289111600038,1000.0,0.0,0.0
21222,1718559480000.0,0.0,0.0,0.0,167.73,0.0,0.0,176.53,0.9999253857184062,1.0,1487.3289111600038,1000.0,1487.3289111600038,1000.0,0.0,0.0
21223,1718563080000.0,0.0,0.0,0.0,167.73,0.0,0.0,177.41,0.9999253857184062,1.0,1487.3289111600038,1000.0,1487.3289111600038,1000.0,0.0,0.0
21224,1718566680000.0,0.0,0.0,0.0,167.73,0.0,0.0,177.27,0.9999253857184062,1.0,1487.3289111600038,1000.0,1487.3289111600038,1000.0,0.0,0.0
21225,1718570280000.0,0.0,0.0,0.0,167.73,0.0,0.0,177.8,0.9999253857184062,1.0,1487.3289111600038,1000.0,1487.3289111600038,1000.0,0.0,0.0
21226,1718573880000.0,0.0,0.0,0.0,167.73,0.0,0.0,177.37,0.9999253857184062,1.0,1487.3289111600038,1000.0,1487.3289111600038,1000.0,0.0,0.0
21227,1718577480000.0,0.0,0.0,0.0,167.73,0.0,0.0,176.72,0.9999253857184062,1.0,1487.3289111600038,1000.0,1487.3289111600038,1000.0,0.0,0.0
21228,1718581080000.0,0.0,0.0,0.0,167.73,0.0,0.0,176.89,0.9999253857184062,1.0,1487.3289111600038,1000.0,1487.3289111600038,1000.0,0.0,0.0
21229,1718584680000.0,0.0,0.0,0.0,167.73,0.0,0.0,177.77,0.9999253857184062,1.0,1487.3289111600038,1000.0,1487.3289111600038,1000.0,0.0,0.0
21230,1718588280000.0,0.0,0.0,0.0,167.73,0.0,0.0,176.09,0.9999253857184062,1.0,1487.3289111600038,1000.0,1487.3289111600038,1000.0,0.0,0.0
21231,1718591880000.0,0.0,0.0,0.0,167.73,0.0,0.0,174.51,0.9999253857184062,1.0,1487.3289111600038,1000.0,1487.3289111600038,1000.0,0.0,0.0
21232,1718595480000.0,0.0,0.0,0.0,167.73,0.0,0.0,174.43,0.9999253857184062,1.0,1487.3289111600038,1000.0,1487.3289111600038,1000.0,0.0,0.0
21233,1718599080000.0,0.0,0.0,0.0,167.73,0.0,0.0,175.26,0.9999253857184062,1.0,1487.3289111600038,1000.0,1487.3289111600038,1000.0,0.0,0.0
21234,1718602680000.0,0.0,0.0,0.0,167.73,0.0,0.0,174.89,0.9999253857184062,1.0,1487.3289111600038,1000.0,1487.3289111600038,1000.0,0.0,0.0
21235,1718606280000.0,0.0,0.0,0.0,167.73,0.0,0.0,174.96,0.9999253857184062,1.0,1487.3289111600038,1000.0,1487.3289111600038,1000.0,0.0,0.0
21236,1718609880000.0,0.0,0.0,0.0,167.73,0.0,0.0,174.34,0.9999253857184062,1.0,1487.3289111600038,1000.0,1487.3289111600038,1000.0,0.0,0.0
21237,1718613480000.0,0.0,0.0,0.0,167.73,0.0,0.0,173.48,0.9999253857184062,1.0,1487.3289111600038,1000.0,1487.3289111600038,1000.0,0.0,0.0
21238,1718617080000.0,0.0,0.0,0.0,167.73,0.0,0.0,173.77,0.9999253857184062,1.0,1487.3289111600038,1000.0,1487.3289111600038,1000.0,0.0,0.0
21239,1718620680000.0,0.0,0.0,0.0,167.73,0.0,0.0,174.94,0.9999253857184062,1.0,1487.3289111600038,1000.0,1487.3289111600038,1000.0,0.0,0.0
21240,1718624280000.0,0.0,0.0,0.0,167.73,0.0,0.0,175.01,0.9999253857184062,1.0,1487.3289111600038,1000.0,1487.3289111600038,1000.0,0.0,0.0
21241,1718627880000.0,0.0,0.0,0.0,167.73,0.0,0.0,174.28,0.9999253857184062,1.0,1487.3289111600038,1000.0,1487.3289111600038,1000.0,0.0,0.0
21242,1718631480000.0,0.0,0.0,0.0,167.73,0.0,0.0,172.76,0.9999253857184062,1.0,1487.3289111600038,1000.0,1487.3289111600038,1000.0,0.0,0.0
21243,1718635080000.0,0.0,0.0,0.0,167.73,0.0,0.0,174.44,0.9999253857184062,1.0,1487.3289111600038,1000.0,1487.3289111600038,1000.0,0.0,0.0
21244,1718638680000.0,0.0,0.0,0.0,167.73,0.0,0.0,173.49,0.9999253857184062,1.0,1487.3289111600038,1000.0,1487.3289111600038,1000.0,0.0,0.0
21245,1718642280000.0,0.0,0.0,0.0,167.73,0.0,0.0,174.27,0.9999253857184062,1.0,1487.3289111600038,1000.0,1487.3289111600038,1000.0,0.0,0.0
21246,1718645880000.0,0.0,0.0,0.0,167.73,0.0,0.0,176.38,0.9999253857184062,1.0,1487.3289111600038,1000.0,1487.3289111600038,1000.0,0.0,0.0
21247,1718649480000.0,0.0,0.0,0.0,167.73,0.0,0.0,177.47,0.9999253857184062,1.0,1487.3289111600038,1000.0,1487.3289111600038,1000.0,0.0,0.0
21248,1718653080000.0,0.0,0.0,0.0,167.73,0.0,0.0,176.69,0.9999253857184062,1.0,1487.3289111600038,1000.0,1487.3289111600038,1000.0,0.0,0.0
21249,1718656680000.0,0.0,0.0,0.0,167.73,0.0,0.0,174.17,0.9999253857184062,1.0,1487.3289111600038,1000.0,1487.3289111600038,1000.0,0.0,0.0
21250,1718660280000.0,0.0,0.0,0.0,167.73,0.0,0.0,173.78,0.9999253857184062,1.0,1487.3289111600038,1000.0,1487.3289111600038,1000.0,0.0,0.0
21251,1718663880000.0,0.0,0.0,0.0,167.73,0.0,0.0,173.07,0.9999253857184062,1.0,1487.3289111600038,1000.0,1487.3289111600038,1000.0,0.0,0.0
21252,1718667480000.0,0.0,0.0,0.0,167.73,0.0,0.0,173.32,0.9999253857184062,1.0,1487.3289111600038,1000.0,1487.3289111600038,1000.0,0.0,0.0
21253,1718671080000.0,0.0,0.0,0.0,167.73,0.0,0.0,173.01,0.9999253857184062,1.0,1487.3289111600038,1000.0,1487.3289111600038,1000.0,0.0,0.0
21254,1718674680000.0,0.0,0.0,0.0,167.73,0.0,0.0,172.48,0.9999253857184062,1.0,1487.3289111600038,1000.0,1487.3289111600038,1000.0,0.0,0.0
21255,1718678280000.0,0.0,0.0,0.0,167.73,0.0,0.0,172.8,0.9999253857184062,1.0,1487.3289111600038,1000.0,1487.3289111600038,1000.0,0.0,0.0
21256,1718681880000.0,0.0,0.0,0.0,167.73,0.0,0.0,172.05,0.9999253857184062,1.0,1487.3289111600038,1000.0,1487.3289111600038,1000.0,0.0,0.0
21257,1718685480000.0,0.0,0.0,0.0,167.73,0.0,0.0,173.27,0.9999253857184062,1.0,1487.3289111600038,1000.0,1487.3289111600038,1000.0,0.0,0.0
21258,1718689080000.0,0.0,0.0,0.0,167.73,0.0,0.0,172.93,0.9999253857184062,1.0,1487.3289111600038,1000.0,1487.3289111600038,1000.0,0.0,0.0
21259,1718692680000.0,0.0,0.0,0.0,167.73,0.0,0.0,171.52,0.9999253857184062,1.0,1487.3289111600038,1000.0,1487.3289111600038,1000.0,0.0,0.0
21260,1718696280000.0,0.0,0.0,0.0,167.73,0.0,0.0,172.29,0.9999253857184062,1.0,1487.3289111600038,1000.0,1487.3289111600038,1000.0,0.0,0.0
21261,1718699880000.0,0.0,0.0,0.0,167.73,0.0,0.0,172.39,0.9999253857184062,1.0,1487.3289111600038,1000.0,1487.3289111600038,1000.0,0.0,0.0
21262,1718703480000.0,0.0,0.0,0.0,167.73,0.0,0.0,172.39,0.9999253857184062,1.0,1487.3289111600038,1000.0,1487.3289111600038,1000.0,0.0,0.0
21263,1718707080000.0,0.0,0.0,0.0,167.73,0.0,0.0,172.7,0.9999253857184062,1.0,1487.3289111600038,1000.0,1487.3289111600038,1000.0,0.0,0.0
21264,1718710680000.0,0.0,0.0,0.0,167.73,0.0,0.0,170.12,0.9999253857184062,1.0,1487.3289111600038,1000.0,1487.3289111600038,1000.0,0.0,0.0
21265,1718714280000.0,0.0,0.0,0.0,167.73,0.0,0.0,168.78,0.9999253857184062,1.0,1487.3289111600038,1000.0,1487.3289111600038,1000.0,0.0,0.0
21266,1718717880000.0,0.0,0.0,0.0,167.73,0.0,0.0,169.14,0.9999253857184062,1.0,1487.3289111600038,1000.0,1487.3289111600038,1000.0,0.0,0.0
21267,1718721480000.0,0.0,0.0,0.0,167.73,0.0,0.0,168.87,0.9999253857184062,1.0,1487.3289111600038,1000.0,1487.3289111600038,1000.0,0.0,0.0
21268,1718725080000.0,0.0,0.0,0.0,167.73,0.0,0.0,167.45,0.9999253857184062,1.0,1487.3289111600038,1000.0,1487.3289111600038,1000.0,0.0,0.0
21269,1718728680000.0,0.0,0.0,0.0,167.73,0.0,0.0,168.09,0.9999253857184062,1.0,1487.3289111600038,1000.0,1487.3289111600038,1000.0,0.0,0.0
21270,1718732280000.0,0.0,0.0,0.0,167.73,0.0,0.0,168.95,0.9999253857184062,1.0,1487.3289111600038,1000.0,1487.3289111600038,1000.0,0.0,0.0
21271,1718735880000.0,0.0,0.0,0.0,167.73,0.0,0.0,170.22,0.9999253857184062,1.0,1487.3289111600038,1000.0,1487.3289111600038,1000.0,0.0,0.0
21272,1718739480000.0,0.0,0.0,0.0,167.73,0.0,0.0,170.87,0.9999253857184062,1.0,1487.3289111600038,1000.0,1487.3289111600038,1000.0,0.0,0.0
21273,1718743080000.0,0.0,0.0,0.0,167.73,0.0,0.0,171.03,0.9999253857184062,1.0,1487.3289111600038,1000.0,1487.3289111600038,1000.0,0.0,0.0
21274,1718746680000.0,0.0,0.0,0.0,167.73,0.0,0.0,172.02,0.9999253857184062,1.0,1487.3289111600038,1000.0,1487.3289111600038,1000.0,0.0,0.0
21275,1718750280000.0,0.0,0.0,0.0,167.73,0.0,0.0,172.0,0.9999253857184062,1.0,1487.3289111600038,1000.0,1487.3289111600038,1000.0,0.0,0.0
21276,1718753880000.0,0.0,0.0,0.0,167.73,0.0,0.0,170.42,0.9999253857184062,1.0,1487.3289111600038,1000.0,1487.3289111600038,1000.0,0.0,0.0
21277,1718757480000.0,0.0,0.0,0.0,167.73,0.0,0.0,170.44,0.9999253857184062,1.0,1487.3289111600038,1000.0,1487.3289111600038,1000.0,0.0,0.0
21278,1718761080000.0,0.0,0.0,0.0,167.73,0.0,0.0,170.68,0.9999253857184062,1.0,1487.3289111600038,1000.0,1487.3289111600038,1000.0,0.0,0.0
21279,1718764680000.0,0.0,0.0,0.0,167.73,0.0,0.0,170.48,0.9999253857184062,1.0,1487.3289111600038,1000.0,1487.3289111600038,1000.0,0.0,0.0
21280,1718768280000.0,0.0,0.0,0.0,167.73,0.0,0.0,168.77,0.9999253857184062,1.0,1487.3289111600038,1000.0,1487.3289111600038,1000.0,0.0,0.0
21281,1718771880000.0,0.0,0.0,0.0,167.73,0.0,0.0,168.94,0.9999253857184062,1.0,1487.3289111600038,1000.0,1487.3289111600038,1000.0,0.0,0.0
21282,1718775480000.0,0.0,0.0,0.0,167.73,0.0,0.0,167.9,0.9999253857184062,1.0,1487.3289111600038,1000.0,1487.3289111600038,1000.0,0.0,0.0
21283,1718779080000.0,0.0,0.0,0.0,167.73,0.0,0.0,167.16,0.9999253857184062,1.0,1487.3289111600038,1000.0,1487.3289111600038,1000.0,0.0,0.0
21284,1718782680000.0,0.0,0.0,0.0,167.73,0.0,0.0,170.27,0.9999253857184062,1.0,1487.3289111600038,1000.0,1487.3289111600038,1000.0,0.0,0.0
21285,1718786280000.0,0.0,0.0,0.0,167.73,0.0,0.0,168.67,0.9999253857184062,1.0,1487.3289111600038,1000.0,1487.3289111600038,1000.0,0.0,0.0
21286,1718789880000.0,0.0,0.0,0.0,167.73,0.0,0.0,168.06,0.9999253857184062,1.0,1487.3289111600038,1000.0,1487.3289111600038,1000.0,0.0,0.0
21287,1718793480000.0,0.0,0.0,0.0,167.73,0.0,0.0,168.96,0.9999253857184062,1.0,1487.3289111600038,1000.0,1487.3289111600038,1000.0,0.0,0.0
21288,1718797080000.0,0.0,0.0,0.0,167.73,0.0,0.0,169.51,0.9999253857184062,1.0,1487.3289111600038,1000.0,1487.3289111600038,1000.0,0.0,0.0
21289,1718800680000.0,0.0,0.0,0.0,167.73,0.0,0.0,170.12,0.9999253857184062,1.0,1487.3289111600038,1000.0,1487.3289111600038,1000.0,0.0,0.0
21290,1718804280000.0,0.0,0.0,0.0,167.73,0.0,0.0,169.65,0.9999253857184062,1.0,1487.3289111600038,1000.0,1487.3289111600038,1000.0,0.0,0.0
21291,1718807880000.0,0.0,0.0,0.0,167.73,0.0,0.0,169.15,0.9999253857184062,1.0,1487.3289111600038,1000.0,1487.3289111600038,1000.0,0.0,0.0
21292,1718811480000.0,0.0,0.0,0.0,167.73,0.0,0.0,170.24,0.9999253857184062,1.0,1487.3289111600038,1000.0,1487.3289111600038,1000.0,0.0,0.0
21293,1718815080000.0,0.0,0.0,0.0,167.73,0.0,0.0,168.98,0.9999253857184062,1.0,1487.3289111600038,1000.0,1487.3289111600038,1000.0,0.0,0.0
21294,1718818680000.0,0.0,0.0,0.0,167.73,0.0,0.0,169.92,0.9999253857184062,1.0,1487.3289111600038,1000.0,1487.3289111600038,1000.0,0.0,0.0
21295,1718822280000.0,0.0,0.0,0.0,167.73,0.0,0.0,170.32,0.9999253857184062,1.0,1487.3289111600038,1000.0,1487.3289111600038,1000.0,0.0,0.0
21296,1718825880000.0,0.0,0.0,0.0,167.73,0.0,0.0,169.71,0.9999253857184062,1.0,1487.3289111600038,1000.0,1487.3289111600038,1000.0,0.0,0.0
21297,1718829480000.0,0.0,0.0,0.0,167.73,0.0,0.0,169.54,0.9999253857184062,1.0,1487.3289111600038,1000.0,1487.3289111600038,1000.0,0.0,0.0
21298,1718833080000.0,0.0,0.0,0.0,167.73,0.0,0.0,169.27,0.9999253857184062,1.0,1487.3289111600038,1000.0,1487.3289111600038,1000.0,0.0,0.0
21299,1718836680000.0,0.0,0.0,0.0,167.73,0.0,0.0,169.36,0.9999253857184062,1.0,1487.3289111600038,1000.0,1487.3289111600038,1000.0,0.0,0.0
21300,1718840280000.0,0.0,0.0,0.0,167.73,0.0,0.0,168.4,0.9999253857184062,1.0,1487.3289111600038,1000.0,1487.3289111600038,1000.0,0.0,0.0
21301,1718843880000.0,0.0,0.0,0.0,167.73,0.0,0.0,168.38,0.9999253857184062,1.0,1487.3289111600038,1000.0,1487.3289111600038,1000.0,0.0,0.0
21302,1718847480000.0,0.0,0.0,0.0,167.73,0.0,0.0,169.1,0.9999253857184062,1.0,1487.3289111600038,1000.0,1487.3289111600038,1000.0,0.0,0.0
21303,1718851080000.0,0.0,0.0,0.0,167.73,0.0,0.0,169.53,0.9999253857184062,1.0,1487.3289111600038,1000.0,1487.3289111600038,1000.0,0.0,0.0
21304,1718854680000.0,0.0,0.0,0.0,167.73,0.0,0.0,170.39,0.9999253857184062,1.0,1487.3289111600038,1000.0,1487.3289111600038,1000.0,0.0,0.0
21305,1718858280000.0,0.0,0.0,0.0,167.73,0.0,0.0,170.85,0.9999253857184062,1.0,1487.3289111600038,1000.0,1487.3289111600038,1000.0,0.0,0.0
21306,1718861880000.0,0.0,0.0,0.0,167.73,0.0,0.0,171.9,0.9999253857184062,1.0,1487.3289111600038,1000.0,1487.3289111600038,1000.0,0.0,0.0
21307,1718865480000.0,0.0,0.0,0.0,167.73,0.0,0.0,170.93,0.9999253857184062,1.0,1487.3289111600038,1000.0,1487.3289111600038,1000.0,0.0,0.0
21308,1718869080000.0,0.0,0.0,0.0,167.73,0.0,0.0,172.14,0.9999253857184062,1.0,1487.3289111600038,1000.0,1487.3289111600038,1000.0,0.0,0.0
21309,1718872680000.0,0.0,0.0,0.0,167.73,0.0,0.0,169.55,0.9999253857184062,1.0,1487.3289111600038,1000.0,1487.3289111600038,1000.0,0.0,0.0
21310,1718876280000.0,0.0,0.0,0.0,167.73,0.0,0.0,169.19,0.9999253857184062,1.0,1487.3289111600038,1000.0,1487.3289111600038,1000.0,0.0,0.0
21311,1718879880000.0,0.0,0.0,0.0,167.73,0.0,0.0,168.13,0.9999253857184062,1.0,1487.3289111600038,1000.0,1487.3289111600038,1000.0,0.0,0.0
21312,1718883480000.0,0.0,0.0,0.0,167.73,0.0,0.0,168.61,0.9999253857184062,1.0,1487.3289111600038,1000.0,1487.3289111600038,1000.0,0.0,0.0
21313,1718887080000.0,0.0,0.0,0.0,167.73,0.0,0.0,169.14,0.9999253857184062,1.0,1487.3289111600038,1000.0,1487.3289111600038,1000.0,0.0,0.0
21314,1718890680000.0,0.0,0.0,0.0,167.73,0.0,0.0,169.11,0.9999253857184062,1.0,1487.3289111600038,1000.0,1487.3289111600038,1000.0,0.0,0.0
21315,1718894280000.0,0.0,0.0,0.0,167.73,0.0,0.0,169.8,0.9999253857184062,1.0,1487.3289111600038,1000.0,1487.3289111600038,1000.0,0.0,0.0
21316,1718897880000.0,0.0,0.0,0.0,167.73,0.0,0.0,168.31,0.9999253857184062,1.0,1487.3289111600038,1000.0,1487.3289111600038,1000.0,0.0,0.0
21317,1718901480000.0,0.0,0.0,0.0,167.73,0.0,0.0,168.31,0.9999253857184062,1.0,1487.3289111600038,1000.0,1487.3289111600038,1000.0,0.0,0.0
21318,1718905080000.0,0.0,0.0,0.0,167.73,0.0,0.0,168.5,0.9999253857184062,1.0,1487.3289111600038,1000.0,1487.3289111600038,1000.0,0.0,0.0
21319,1718908680000.0,0.0,0.0,0.0,167.73,0.0,0.0,168.59,0.9999253857184062,1.0,1487.3289111600038,1000.0,1487.3289111600038,1000.0,0.0,0.0
21320,1718912280000.0,0.0,0.0,0.0,167.73,0.0,0.0,168.09,0.9999253857184062,1.0,1487.3289111600038,1000.0,1487.3289111600038,1000.0,0.0,0.0
21321,1718915880000.0,0.0,0.0,0.0,167.73,0.0,0.0,168.22,0.9999253857184062,1.0,1487.3289111600038,1000.0,1487.3289111600038,1000.0,0.0,0.0
21322,1718919480000.0,0.0,0.0,0.0,167.73,0.0,0.0,168.03,0.9999253857184062,1.0,1487.3289111600038,1000.0,1487.3289111600038,1000.0,0.0,0.0
21323,1718923080000.0,0.0,0.0,0.0,167.73,0.0,0.0,169.25,0.9999253857184062,1.0,1487.3289111600038,1000.0,1487.3289111600038,1000.0,0.0,0.0
21324,1718926680000.0,0.0,0.0,0.0,167.73,0.0,0.0,169.71,0.9999253857184062,1.0,1487.3289111600038,1000.0,1487.3289111600038,1000.0,0.0,0.0
21325,1718930280000.0,0.0,0.0,0.0,167.73,0.0,0.0,169.24,0.9999253857184062,1.0,1487.3289111600038,1000.0,1487.3289111600038,1000.0,0.0,0.0
21326,1718933880000.0,0.0,0.0,0.0,167.73,0.0,0.0,172.02,0.9999253857184062,1.0,1487.3289111600038,1000.0,1487.3289111600038,1000.0,0.0,0.0
21327,1718937480000.0,0.0,0.0,0.0,167.73,0.0,0.0,171.72,0.9999253857184062,1.0,1487.3289111600038,1000.0,1487.3289111600038,1000.0,0.0,0.0
21328,1718941080000.0,0.0,0.0,0.0,167.73,0.0,0.0,171.85,0.9999253857184062,1.0,1487.3289111600038,1000.0,1487.3289111600038,1000.0,0.0,0.0
21329,1718944680000.0,0.0,0.0,0.0,167.73,0.0,0.0,171.23,0.9999253857184062,1.0,1487.3289111600038,1000.0,1487.3289111600038,1000.0,0.0,0.0
21330,1718948280000.0,0.0,0.0,0.0,167.73,0.0,0.0,171.12,0.9999253857184062,1.0,1487.3289111600038,1000.0,1487.3289111600038,1000.0,0.0,0.0
21331,1718951880000.0,0.0,0.0,0.0,167.73,0.0,0.0,170.78,0.9999253857184062,1.0,1487.3289111600038,1000.0,1487.3289111600038,1000.0,0.0,0.0
21332,1718955480000.0,0.0,0.0,0.0,167.73,0.0,0.0,170.99,0.9999253857184062,1.0,1487.3289111600038,1000.0,1487.3289111600038,1000.0,0.0,0.0
21333,1718959080000.0,0.0,0.0,0.0,167.73,0.0,0.0,169.74,0.9999253857184062,1.0,1487.3289111600038,1000.0,1487.3289111600038,1000.0,0.0,0.0
21334,1718962680000.0,0.0,0.0,0.0,167.73,0.0,0.0,168.69,0.9999253857184062,1.0,1487.3289111600038,1000.0,1487.3289111600038,1000.0,0.0,0.0
21335,1718966280000.0,0.0,0.0,0.0,167.73,0.0,0.0,167.48,0.9999253857184062,1.0,1487.3289111600038,1000.0,1487.3289111600038,1000.0,0.0,0.0
21336,1718969880000.0,0.0,0.0,0.0,167.73,0.0,0.0,166.94,0.9999253857184062,1.0,1487.3289111600038,1000.0,1487.3289111600038,1000.0,0.0,0.0
21337,1718973480000.0,0.0,0.0,0.0,167.73,0.0,0.0,167.49,0.9999253857184062,1.0,1487.3289111600038,1000.0,1487.3289111600038,1000.0,0.0,0.0
21338,1718977080000.0,0.0,0.0,0.0,167.73,0.0,0.0,167.64,0.9999253857184062,1.0,1487.3289111600038,1000.0,1487.3289111600038,1000.0,0.0,0.0
21339,1718980680000.0,0.0,0.0,0.36,163.5,0.0,0.0,161.47,0.9999253857184062,1.0,1487.3171391600038,1000.0,1486.5863391600037,1000.0,0.03957461287190069,0.0
21340,1718984280000.0,0.0,0.0,0.36,163.5,0.0,0.0,162.15,0.9999253857184062,1.0,1487.3171391600038,1000.0,1486.8311391600037,1000.0,0.03957461287190069,0.0
21341,1718987880000.0,0.0,0.0,0.36,163.5,0.0,0.0,160.08,0.9999253857184062,1.0,1487.3171391600038,1000.0,1486.0859391600038,1000.0,0.03957461287190069,0.0
21342,1718991480000.0,0.0,0.0,0.36,163.5,0.0,0.0,159.4,0.9999253857184062,1.0,1487.3171391600038,1000.0,1485.8411391600039,1000.0,0.03957461287190069,0.0
21343,1718995080000.0,0.0,0.0,0.36,163.5,0.0,0.0,159.29,0.9999253857184062,1.0,1487.3171391600038,1000.0,1485.8015391600038,1000.0,0.03957461287190069,0.0
21344,1718998680000.0,0.0,0.0,0.36,163.5,0.0,0.0,159.16,0.9999253857184062,1.0,1487.3171391600038,1000.0,1485.7547391600037,1000.0,0.03957461287190069,0.0
21345,1719002280000.0,0.0,0.0,0.36,163.5,0.0,0.0,161.01,0.9999253857184062,1.0,1487.3171391600038,1000.0,1486.4207391600037,1000.0,0.03957461287190069,0.0
21346,1719005880000.0,0.0,0.0,0.36,163.5,0.0,0.0,160.09,0.9999253857184062,1.0,1487.3171391600038,1000.0,1486.0895391600038,1000.0,0.03957461287190069,0.0
21347,1719009480000.0,0.0,0.0,0.36,163.5,0.0,0.0,160.8,0.9999253857184062,1.0,1487.3171391600038,1000.0,1486.3451391600038,1000.0,0.03957461287190069,0.0
21348,1719013080000.0,0.0,0.0,0.36,163.5,0.0,0.0,159.49,0.9999253857184062,1.0,1487.3171391600038,1000.0,1485.8735391600037,1000.0,0.03957461287190069,0.0
21349,1719016680000.0,0.0,0.0,0.36,163.5,0.0,0.0,161.93,0.9999253857184062,1.0,1487.3171391600038,1000.0,1486.7519391600038,1000.0,0.03957461287190069,0.0
21350,1719020280000.0,0.0,0.0,0.36,163.5,0.0,0.0,161.75,0.9999253857184062,1.0,1487.3171391600038,1000.0,1486.6871391600037,1000.0,0.03957461287190069,0.0
21351,1719023880000.0,0.0,0.0,0.36,163.5,0.0,0.0,163.36,0.9999253857184062,1.0,1487.3171391600038,1000.0,1487.2667391600037,1000.0,0.03957461287190069,0.0
21352,1719027480000.0,0.0,0.0,0.36,163.5,0.0,0.0,163.94,0.9999253857184062,1.0,1487.3171391600038,1000.0,1487.4755391600038,1000.0,0.03957461287190069,0.0
21353,1719031080000.0,0.0,0.0,0.36,163.5,0.0,0.0,164.58,0.9999253857184062,1.0,1487.3171391600038,1000.0,1487.7059391600037,1000.0,0.03957461287190069,0.0
21354,1719034680000.0,0.0,0.0,0.36,163.5,0.0,0.0,163.72,0.9999253857184062,1.0,1487.3171391600038,1000.0,1487.3963391600037,1000.0,0.03957461287190069,0.0
21355,1719038280000.0,0.0,0.0,0.36,163.5,0.0,0.0,163.56,0.9999253857184062,1.0,1487.3171391600038,1000.0,1487.3387391600038,1000.0,0.03957461287190069,0.0
21356,1719041880000.0,0.0,0.0,0.36,163.5,0.0,0.0,162.18,0.9999253857184062,1.0,1487.3171391600038,1000.0,1486.8419391600037,1000.0,0.03957461287190069,0.0
21357,1719045480000.0,0.0,0.0,0.36,163.5,0.0,0.0,162.04,0.9999253857184062,1.0,1487.3171391600038,1000.0,1486.7915391600038,1000.0,0.03957461287190069,0.0
21358,1719049080000.0,0.0,0.0,0.36,163.5,0.0,0.0,161.76,0.9999253857184062,1.0,1487.3171391600038,1000.0,1486.6907391600037,1000.0,0.03957461287190069,0.0
21359,1719052680000.0,0.0,0.0,0.36,163.5,0.0,0.0,161.55,0.9999253857184062,1.0,1487.3171391600038,1000.0,1486.6151391600038,1000.0,0.03957461287190069,0.0
21360,1719056280000.0,0.0,0.0,0.36,163.5,0.0,0.0,162.13,0.9999253857184062,1.0,1487.3171391600038,1000.0,1486.8239391600036,1000.0,0.03957461287190069,0.0
21361,1719059880000.0,0.0,0.0,0.36,163.5,0.0,0.0,162.57,0.9999253857184062,1.0,1487.3171391600038,1000.0,1486.9823391600037,1000.0,0.03957461287190069,0.0
21362,1719063480000.0,0.0,0.0,0.36,163.5,0.0,0.0,163.55,0.9999253857184062,1.0,1487.3171391600038,1000.0,1487.3351391600038,1000.0,0.03957461287190069,0.0
21363,1719067080000.0,0.0,0.0,0.36,163.5,0.0,0.0,162.49,0.9999253857184062,1.0,1487.3171391600038,1000.0,1486.9535391600039,1000.0,0.03957461287190069,0.0
21364,1719070680000.0,0.0,0.0,0.36,163.5,0.0,0.0,161.88,0.9999253857184062,1.0,1487.3171391600038,1000.0,1486.7339391600037,1000.0,0.03957461287190069,0.0
21365,1719074280000.0,0.0,0.0,0.36,163.5,0.0,0.0,161.45,0.9999253857184062,1.0,1487.3171391600038,1000.0,1486.5791391600037,1000.0,0.03957461287190069,0.0
21366,1719077880000.0,0.0,0.0,0.36,163.5,0.0,0.0,164.05,0.9999253857184062,1.0,1487.3171391600038,1000.0,1487.5151391600039,1000.0,0.03957461287190069,0.0
21367,1719081480000.0,0.0,0.0,0.36,163.5,0.0,0.0,165.9,0.9999253857184062,1.0,1487.3171391600038,1000.0,1488.1811391600038,1000.0,0.03957461287190069,0.0
21368,1719085080000.0,0.0,0.0,0.36,163.5,0.0,0.0,166.23,0.9999253857184062,1.0,1487.3171391600038,1000.0,1488.2999391600038,1000.0,0.03957461287190069,0.0
21369,1719088680000.0,0.0,0.0,0.36,163.5,0.0,0.0,166.45,0.9999253857184062,1.0,1487.3171391600038,1000.0,1488.3791391600037,1000.0,0.03957461287190069,0.0
21370,1719092280000.0,0.0,0.0,0.36,163.5,0.0,0.0,167.01,0.9999253857184062,1.0,1487.3171391600038,1000.0,1488.5807391600038,1000.0,0.03957461287190069,0.0
21371,1719095880000.0,0.0,0.0,0.36,163.5,0.0,0.0,167.37,0.9999253857184062,1.0,1487.3171391600038,1000.0,1488.7103391600037,1000.0,0.03957461287190069,0.0
21372,1719099480000.0,0.0,0.0,0.36,163.5,0.0,0.0,166.61,0.9999253857184062,1.0,1487.3171391600038,1000.0,1488.4367391600038,1000.0,0.03957461287190069,0.0
21373,1719103080000.0,0.0,0.0,0.36,163.5,0.0,0.0,167.51,0.9999253857184062,1.0,1487.3171391600038,1000.0,1488.7607391600038,1000.0,0.03957461287190069,0.0
21374,1719106680000.0,0.0,0.0,0.36,163.5,0.0,0.0,167.55,0.9999253857184062,1.0,1487.3171391600038,1000.0,1488.7751391600038,1000.0,0.03957461287190069,0.0
21375,1719110280000.0,0.0,0.0,0.36,163.5,0.0,0.0,167.38,0.9999253857184062,1.0,1487.3171391600038,1000.0,1488.7139391600037,1000.0,0.03957461287190069,0.0
21376,1719113880000.0,0.0,0.0,0.36,163.5,0.0,0.0,167.61,0.9999253857184062,1.0,1487.3171391600038,1000.0,1488.7967391600037,1000.0,0.03957461287190069,0.0
21377,1719117480000.0,0.0,0.0,0.36,163.5,0.0,0.0,167.01,0.9999253857184062,1.0,1487.3171391600038,1000.0,1488.5807391600038,1000.0,0.03957461287190069,0.0
21378,1719121080000.0,0.0,0.0,0.36,163.5,0.0,0.0,167.16,0.9999253857184062,1.0,1487.3171391600038,1000.0,1488.6347391600038,1000.0,0.03957461287190069,0.0
21379,1719124680000.0,0.0,0.0,0.36,163.5,0.0,0.0,167.23,0.9999253857184062,1.0,1487.3171391600038,1000.0,1488.6599391600037,1000.0,0.03957461287190069,0.0
21380,1719128280000.0,0.0,0.0,0.36,163.5,0.0,0.0,166.92,0.9999253857184062,1.0,1487.3171391600038,1000.0,1488.5483391600037,1000.0,0.03957461287190069,0.0
21381,1719131880000.0,0.0,0.0,0.36,163.5,0.0,0.0,166.57,0.9999253857184062,1.0,1487.3171391600038,1000.0,1488.4223391600037,1000.0,0.03957461287190069,0.0
21382,1719135480000.0,0.0,0.0,0.36,163.5,0.0,0.0,165.71,0.9999253857184062,1.0,1487.3171391600038,1000.0,1488.1127391600037,1000.0,0.03957461287190069,0.0
21383,1719139080000.0,0.0,0.0,0.36,163.5,0.0,0.0,165.62,0.9999253857184062,1.0,1487.3171391600038,1000.0,1488.0803391600039,1000.0,0.03957461287190069,0.0
21384,1719142680000.0,0.0,0.0,0.36,163.5,0.0,0.0,165.79,0.9999253857184062,1.0,1487.3171391600038,1000.0,1488.1415391600037,1000.0,0.03957461287190069,0.0
21385,1719146280000.0,0.0,0.0,0.36,163.5,0.0,0.0,164.7,0.9999253857184062,1.0,1487.3171391600038,1000.0,1487.7491391600038,1000.0,0.03957461287190069,0.0
21386,1719149880000.0,0.0,0.0,0.36,163.5,0.0,0.0,164.58,0.9999253857184062,1.0,1487.3171391600038,1000.0,1487.7059391600037,1000.0,0.03957461287190069,0.0
21387,1719153480000.0,0.0,0.0,0.36,163.5,0.0,0.0,164.2,0.9999253857184062,1.0,1487.3171391600038,1000.0,1487.5691391600037,1000.0,0.03957461287190069,0.0
21388,1719157080000.0,0.0,0.0,0.36,163.5,0.0,0.0,163.22,0.9999253857184062,1.0,1487.3171391600038,1000.0,1487.2163391600038,1000.0,0.03957461287190069,0.0
21389,1719160680000.0,0.0,0.0,0.36,163.5,0.0,0.0,162.58,0.9999253857184062,1.0,1487.3171391600038,1000.0,1486.9859391600037,1000.0,0.03957461287190069,0.0
21390,1719164280000.0,0.0,0.0,0.36,163.5,0.0,0.0,162.37,0.9999253857184062,1.0,1487.3171391600038,1000.0,1486.9103391600038,1000.0,0.03957461287190069,0.0
21391,1719167880000.0,0.0,0.0,0.36,163.5,0.0,0.0,161.71,0.9999253857184062,1.0,1487.3171391600038,1000.0,1486.6727391600039,1000.0,0.03957461287190069,0.0
21392,1719171480000.0,0.0,0.0,0.36,163.5,0.0,0.0,162.4,0.9999253857184062,1.0,1487.3171391600038,1000.0,1486.9211391600038,1000.0,0.03957461287190069,0.0
21393,1719175080000.0,0.0,0.0,0.36,163.5,0.0,0.0,163.75,0.9999253857184062,1.0,1487.3171391600038,1000.0,1487.4071391600037,1000.0,0.03957461287190069,0.0
21394,1719178680000.0,0.0,0.0,0.36,163.5,0.0,0.0,163.93,0.9999253857184062,1.0,1487.3171391600038,1000.0,1487.4719391600038,1000.0,0.03957461287190069,0.0
21395,1719182280000.0,0.0,0.0,0.36,163.5,0.0,0.0,163.82,0.9999253857184062,1.0,1487.3171391600038,1000.0,1487.4323391600037,1000.0,0.03957461287190069,0.0
21396,1719185880000.0,0.0,0.0,0.36,163.5,0.0,0.0,164.0,0.9999253857184062,1.0,1487.3171391600038,1000.0,1487.4971391600038,1000.0,0.03957461287190069,0.0
21397,1719189480000.0,0.0,0.0,0.36,163.5,0.0,0.0,163.93,0.9999253857184062,1.0,1487.3171391600038,1000.0,1487.4719391600038,1000.0,0.03957461287190069,0.0
21398,1719193080000.0,0.0,0.0,0.36,163.5,0.0,0.0,163.64,0.9999253857184062,1.0,1487.3171391600038,1000.0,1487.3675391600038,1000.0,0.03957461287190069,0.0
21399,1719196680000.0,0.0,0.0,0.36,163.5,0.0,0.0,163.99,0.9999253857184062,1.0,1487.3171391600038,1000.0,1487.4935391600038,1000.0,0.03957461287190069,0.0
21400,1719200280000.0,0.0,0.0,0.36,163.5,0.0,0.0,163.83,0.9999253857184062,1.0,1487.3171391600038,1000.0,1487.4359391600037,1000.0,0.03957461287190069,0.0
21401,1719203880000.0,0.0,0.0,0.36,163.5,0.0,0.0,164.62,0.9999253857184062,1.0,1487.3171391600038,1000.0,1487.7203391600037,1000.0,0.03957461287190069,0.0
21402,1719207480000.0,0.0,0.0,0.36,163.5,0.0,0.0,164.11,0.9999253857184062,1.0,1487.3171391600038,1000.0,1487.5367391600037,1000.0,0.03957461287190069,0.0
21403,1719211080000.0,0.0,0.0,0.36,163.5,0.0,0.0,164.61,0.9999253857184062,1.0,1487.3171391600038,1000.0,1487.7167391600037,1000.0,0.03957461287190069,0.0
21404,1719214680000.0,0.0,0.0,0.36,163.5,0.0,0.0,166.44,0.9999253857184062,1.0,1487.3171391600038,1000.0,1488.3755391600037,1000.0,0.03957461287190069,0.0
21405,1719218280000.0,0.0,0.0,0.36,163.5,0.0,0.0,166.08,0.9999253857184062,1.0,1487.3171391600038,1000.0,1488.2459391600037,1000.0,0.03957461287190069,0.0
21406,1719221880000.0,0.0,0.0,0.36,163.5,0.0,0.0,163.65,0.9999253857184062,1.0,1487.3171391600038,1000.0,1487.3711391600038,1000.0,0.03957461287190069,0.0
21407,1719225480000.0,0.0,0.0,0.36,163.5,0.0,0.0,162.93,0.9999253857184062,1.0,1487.3171391600038,1000.0,1487.1119391600037,1000.0,0.03957461287190069,0.0
21408,1719229080000.0,0.0,0.0,0.36,163.5,0.0,0.0,162.16,0.9999253857184062,1.0,1487.3171391600038,1000.0,1486.8347391600037,1000.0,0.03957461287190069,0.0
21409,1719232680000.0,0.0,0.0,0.36,163.5,0.0,0.0,161.58,0.9999253857184062,1.0,1487.3171391600038,1000.0,1486.6259391600038,1000.0,0.03957461287190069,0.0
21410,1719236280000.0,0.0,0.0,0.36,163.5,0.0,0.0,160.3,0.9999253857184062,1.0,1487.3171391600038,1000.0,1486.1651391600037,1000.0,0.03957461287190069,0.0
21411,1719239880000.0,0.0,0.0,0.36,163.5,0.0,0.0,161.27,0.9999253857184062,1.0,1487.3171391600038,1000.0,1486.5143391600038,1000.0,0.03957461287190069,0.0
21412,1719243480000.0,0.0,0.0,0.36,163.5,0.0,0.0,163.08,0.9999253857184062,1.0,1487.3171391600038,1000.0,1487.1659391600037,1000.0,0.03957461287190069,0.0
21413,1719247080000.0,0.0,0.0,0.36,163.5,0.0,0.0,159.45,0.9999253857184062,1.0,1487.3171391600038,1000.0,1485.8591391600037,1000.0,0.03957461287190069,0.0
21414,1719250680000.0,0.0,0.0,0.74,160.01837837837837,0.0,0.0,158.21,0.9999253857184062,1.0,1487.3052284400037,1000.0,1485.9670284400038,1000.0,0.07961620636821197,0.0
21415,1719254280000.0,0.0,0.0,0.74,160.01837837837837,0.0,0.0,157.62,0.9999253857184062,1.0,1487.3052284400037,1000.0,1485.5304284400038,1000.0,0.07961620636821197,0.0
21416,1719257880000.0,0.0,0.0,0.74,160.01837837837837,0.0,0.0,156.33,0.9999253857184062,1.0,1487.3052284400037,1000.0,1484.5758284400038,1000.0,0.07961620636821197,0.0
21417,1719261480000.0,0.0,0.0,0.74,160.01837837837837,0.0,0.0,157.53,0.9999253857184062,1.0,1487.3052284400037,1000.0,1485.4638284400037,1000.0,0.07961620636821197,0.0
21418,1719265080000.0,0.0,0.0,0.74,160.01837837837837,0.0,0.0,158.57,0.9999253857184062,1.0,1487.3052284400037,1000.0,1486.2334284400038,1000.0,0.07961620636821197,0.0
21419,1719268680000.0,0.0,0.0,0.74,160.01837837837837,0.0,0.0,159.21,0.9999253857184062,1.0,1487.3052284400037,1000.0,1486.7070284400038,1000.0,0.07961620636821197,0.0
21420,1719272280000.0,0.0,0.0,0.74,160.01837837837837,0.0,0.0,158.88,0.9999253857184062,1.0,1487.3052284400037,1000.0,1486.4628284400037,1000.0,0.07961620636821197,0.0
21421,1719275880000.0,0.0,0.0,0.74,160.01837837837837,0.0,0.0,158.98,0.9999253857184062,1.0,1487.3052284400037,1000.0,1486.5368284400038,1000.0,0.07961620636821197,0.0
21422,1719279480000.0,0.0,0.0,0.74,160.01837837837837,0.0,0.0,161.95,0.9999253857184062,1.0,1487.3052284400037,1000.0,1488.7346284400037,1000.0,0.07961620636821197,0.0
21423,1719283080000.0,0.0,0.0,0.74,160.01837837837837,0.0,0.0,162.46,0.9999253857184062,1.0,1487.3052284400037,1000.0,1489.1120284400038,1000.0,0.07961620636821197,0.0
21424,1719286680000.0,0.0,0.0,0.74,160.01837837837837,0.0,0.0,162.31,0.9999253857184062,1.0,1487.3052284400037,1000.0,1489.0010284400037,1000.0,0.07961620636821197,0.0
21425,1719290280000.0,0.0,0.0,0.74,160.01837837837837,0.0,0.0,162.0,0.9999253857184062,1.0,1487.3052284400037,1000.0,1488.7716284400037,1000.0,0.07961620636821197,0.0
21426,1719293880000.0,0.0,0.0,0.74,160.01837837837837,0.0,0.0,162.51,0.9999253857184062,1.0,1487.3052284400037,1000.0,1489.1490284400038,1000.0,0.07961620636821197,0.0
21427,1719297480000.0,0.0,0.0,0.74,160.01837837837837,0.0,0.0,163.09,0.9999253857184062,1.0,1487.3052284400037,1000.0,1489.5782284400036,1000.0,0.07961620636821197,0.0
21428,1719301080000.0,0.0,0.0,0.74,160.01837837837837,0.0,0.0,163.0,0.9999253857184062,1.0,1487.3052284400037,1000.0,1489.5116284400037,1000.0,0.07961620636821197,0.0
21429,1719304680000.0,0.0,0.0,0.74,160.01837837837837,0.0,0.0,162.14,0.9999253857184062,1.0,1487.3052284400037,1000.0,1488.8752284400036,1000.0,0.07961620636821197,0.0
21430,1719308280000.0,0.0,0.0,0.74,160.01837837837837,0.0,0.0,164.1,0.9999253857184062,1.0,1487.3052284400037,1000.0,1490.3256284400038,1000.0,0.07961620636821197,0.0
21431,1719311880000.0,0.0,0.0,0.74,160.01837837837837,0.0,0.0,163.26,0.9999253857184062,1.0,1487.3052284400037,1000.0,1489.7040284400036,1000.0,0.07961620636821197,0.0
21432,1719315480000.0,0.0,0.0,0.74,160.01837837837837,0.0,0.0,162.87,0.9999253857184062,1.0,1487.3052284400037,1000.0,1489.4154284400038,1000.0,0.07961620636821197,0.0
21433,1719319080000.0,0.0,0.0,0.74,160.01837837837837,0.0,0.0,162.42,0.9999253857184062,1.0,1487.3052284400037,1000.0,1489.0824284400037,1000.0,0.07961620636821197,0.0
21434,1719322680000.0,0.0,0.0,0.74,160.01837837837837,0.0,0.0,160.55,0.9999253857184062,1.0,1487.3052284400037,1000.0,1487.6986284400036,1000.0,0.07961620636821197,0.0
21435,1719326280000.0,0.0,0.0,0.74,160.01837837837837,0.0,0.0,162.15,0.9999253857184062,1.0,1487.3052284400037,1000.0,1488.8826284400036,1000.0,0.07961620636821197,0.0
21436,1719329880000.0,0.0,0.0,0.74,160.01837837837837,0.0,0.0,161.86,0.9999253857184062,1.0,1487.3052284400037,1000.0,1488.6680284400038,1000.0,0.07961620636821197,0.0
21437,1719333480000.0,0.0,0.0,0.74,160.01837837837837,0.0,0.0,162.18,0.9999253857184062,1.0,1487.3052284400037,1000.0,1488.9048284400037,1000.0,0.07961620636821197,0.0
21438,1719337080000.0,0.0,0.0,0.74,160.01837837837837,0.0,0.0,162.39,0.9999253857184062,1.0,1487.3052284400037,1000.0,1489.0602284400036,1000.0,0.07961620636821197,0.0
21439,1719340680000.0,0.0,0.0,0.74,160.01837837837837,0.0,0.0,161.55,0.9999253857184062,1.0,1487.3052284400037,1000.0,1488.4386284400036,1000.0,0.07961620636821197,0.0
21440,1719344280000.0,0.0,0.0,0.74,160.01837837837837,0.0,0.0,162.77,0.9999253857184062,1.0,1487.3052284400037,1000.0,1489.3414284400037,1000.0,0.07961620636821197,0.0
21441,1719347880000.0,0.0,0.0,0.74,160.01837837837837,0.0,0.0,163.05,0.9999253857184062,1.0,1487.3052284400037,1000.0,1489.5486284400038,1000.0,0.07961620636821197,0.0
21442,1719351480000.0,0.0,0.0,0.5,160.01837837837837,0.0,0.0,164.49,0.9999253857184062,1.0,1488.4497062691928,1000.0,1490.6855170800036,1000.0,0.05375337094172476,0.0
21443,1719355080000.0,0.0,0.0,0.5,160.01837837837837,0.0,0.0,163.6,0.9999253857184062,1.0,1488.4497062691928,1000.0,1490.2405170800037,1000.0,0.05375337094172476,0.0
21444,1719358680000.0,0.0,0.0,0.5,160.01837837837837,0.0,0.0,162.76,0.9999253857184062,1.0,1488.4497062691928,1000.0,1489.8205170800036,1000.0,0.05375337094172476,0.0
21445,1719362280000.0,0.0,0.0,0.5,160.01837837837837,0.0,0.0,163.1,0.9999253857184062,1.0,1488.4497062691928,1000.0,1489.9905170800037,1000.0,0.05375337094172476,0.0
21446,1719365880000.0,0.0,0.0,0.5,160.01837837837837,0.0,0.0,163.93,0.9999253857184062,1.0,1488.4497062691928,1000.0,1490.4055170800036,1000.0,0.05375337094172476,0.0
21447,1719369480000.0,0.0,0.0,0.16,160.01837837837837,0.0,0.0,164.94,0.9999253857184062,1.0,1490.0710498605442,1000.0,1490.8585093200038,1000.0,0.017182362238993047,0.0
21448,1719373080000.0,0.0,0.0,0.06,160.01837837837837,0.0,0.0,164.9,0.9999253857184062,1.0,1490.5479156227061,1000.0,1490.8408129200034,1000.0,0.00644132442980986,0.0
21449,1719376680000.0,0.0,0.0,0.04,160.01837837837837,0.0,0.0,165.02,0.9999253857184062,1.0,1490.6432887751384,1000.0,1490.8433536400032,1000.0,0.004293941537411421,0.0
21450,1719380280000.0,0.0,0.0,0.04,160.01837837837837,0.0,0.0,164.47,0.9999253857184062,1.0,1490.6432887751384,1000.0,1490.8213536400033,1000.0,0.004293941537411421,0.0
21451,1719383880000.0,0.0,0.0,0.03,160.01837837837837,0.0,0.0,164.47,0.9999253857184062,1.0,1490.6909753513546,1000.0,1490.8245240000033,1000.0,0.003220353132023131,0.0
21452,1719387480000.0,0.0,0.0,0.0,160.01837837837837,0.0,0.0,165.3,0.9999253857184062,1.0,1490.834035080003,1000.0,1490.834035080003,1000.0,0.0,0.0
21453,1719391080000.0,0.0,0.0,0.0,160.01837837837837,0.0,0.0,165.44,0.9999253857184062,1.0,1490.834035080003,1000.0,1490.834035080003,1000.0,0.0,0.0
21454,1719394680000.0,0.0,0.0,0.0,160.01837837837837,0.0,0.0,164.74,0.9999253857184062,1.0,1490.834035080003,1000.0,1490.834035080003,1000.0,0.0,0.0
21455,1719398280000.0,0.0,0.0,0.0,160.01837837837837,0.0,0.0,165.61,0.9999253857184062,1.0,1490.834035080003,1000.0,1490.834035080003,1000.0,0.0,0.0
21456,1719401880000.0,0.0,0.0,0.0,160.01837837837837,0.0,0.0,165.31,0.9999253857184062,1.0,1490.834035080003,1000.0,1490.834035080003,1000.0,0.0,0.0
21457,1719405480000.0,0.0,0.0,0.0,160.01837837837837,0.0,0.0,164.8,0.9999253857184062,1.0,1490.834035080003,1000.0,1490.834035080003,1000.0,0.0,0.0
21458,1719409080000.0,0.0,0.0,0.0,160.01837837837837,0.0,0.0,164.85,0.9999253857184062,1.0,1490.834035080003,1000.0,1490.834035080003,1000.0,0.0,0.0
21459,1719412680000.0,0.0,0.0,0.0,160.01837837837837,0.0,0.0,164.83,0.9999253857184062,1.0,1490.834035080003,1000.0,1490.834035080003,1000.0,0.0,0.0
21460,1719416280000.0,0.0,0.0,0.0,160.01837837837837,0.0,0.0,164.53,0.9999253857184062,1.0,1490.834035080003,1000.0,1490.834035080003,1000.0,0.0,0.0
21461,1719419880000.0,0.0,0.0,0.0,160.01837837837837,0.0,0.0,165.84,0.9999253857184062,1.0,1490.834035080003,1000.0,1490.834035080003,1000.0,0.0,0.0
21462,1719423480000.0,0.0,0.0,0.0,160.01837837837837,0.0,0.0,164.95,0.9999253857184062,1.0,1490.834035080003,1000.0,1490.834035080003,1000.0,0.0,0.0
21463,1719427080000.0,0.0,0.0,0.0,160.01837837837837,0.0,0.0,164.75,0.9999253857184062,1.0,1490.834035080003,1000.0,1490.834035080003,1000.0,0.0,0.0
21464,1719430680000.0,0.0,0.0,0.0,160.01837837837837,0.0,0.0,165.16,0.9999253857184062,1.0,1490.834035080003,1000.0,1490.834035080003,1000.0,0.0,0.0
21465,1719434280000.0,0.0,0.0,0.0,160.01837837837837,0.0,0.0,164.58,0.9999253857184062,1.0,1490.834035080003,1000.0,1490.834035080003,1000.0,0.0,0.0
21466,1719437880000.0,0.0,0.0,0.0,160.01837837837837,0.0,0.0,164.64,0.9999253857184062,1.0,1490.834035080003,1000.0,1490.834035080003,1000.0,0.0,0.0
21467,1719441480000.0,0.0,0.0,0.0,160.01837837837837,0.0,0.0,164.86,0.9999253857184062,1.0,1490.834035080003,1000.0,1490.834035080003,1000.0,0.0,0.0
21468,1719445080000.0,0.0,0.0,0.0,160.01837837837837,0.0,0.0,164.47,0.9999253857184062,1.0,1490.834035080003,1000.0,1490.834035080003,1000.0,0.0,0.0
21469,1719448680000.0,0.0,0.0,0.0,160.01837837837837,0.0,0.0,164.24,0.9999253857184062,1.0,1490.834035080003,1000.0,1490.834035080003,1000.0,0.0,0.0
21470,1719452280000.0,0.0,0.0,0.0,160.01837837837837,0.0,0.0,164.22,0.9999253857184062,1.0,1490.834035080003,1000.0,1490.834035080003,1000.0,0.0,0.0
21471,1719455880000.0,0.0,0.0,0.0,160.01837837837837,0.0,0.0,164.24,0.9999253857184062,1.0,1490.834035080003,1000.0,1490.834035080003,1000.0,0.0,0.0
21472,1719459480000.0,0.0,0.0,0.0,160.01837837837837,0.0,0.0,164.61,0.9999253857184062,1.0,1490.834035080003,1000.0,1490.834035080003,1000.0,0.0,0.0
21473,1719463080000.0,0.0,0.0,0.0,160.01837837837837,0.0,0.0,164.82,0.9999253857184062,1.0,1490.834035080003,1000.0,1490.834035080003,1000.0,0.0,0.0
21474,1719466680000.0,0.0,0.0,0.0,160.01837837837837,0.0,0.0,164.73,0.9999253857184062,1.0,1490.834035080003,1000.0,1490.834035080003,1000.0,0.0,0.0
21475,1719470280000.0,0.0,0.0,0.0,160.01837837837837,0.0,0.0,164.28,0.9999253857184062,1.0,1490.834035080003,1000.0,1490.834035080003,1000.0,0.0,0.0
21476,1719473880000.0,0.0,0.0,0.0,160.01837837837837,0.0,0.0,164.51,0.9999253857184062,1.0,1490.834035080003,1000.0,1490.834035080003,1000.0,0.0,0.0
21477,1719477480000.0,0.0,0.0,0.0,160.01837837837837,0.0,0.0,164.24,0.9999253857184062,1.0,1490.834035080003,1000.0,1490.834035080003,1000.0,0.0,0.0
21478,1719481080000.0,0.0,0.0,0.0,160.01837837837837,0.0,0.0,165.01,0.9999253857184062,1.0,1490.834035080003,1000.0,1490.834035080003,1000.0,0.0,0.0
21479,1719484680000.0,0.0,0.0,0.0,160.01837837837837,0.0,0.0,166.25,0.9999253857184062,1.0,1490.834035080003,1000.0,1490.834035080003,1000.0,0.0,0.0
21480,1719488280000.0,0.0,0.0,0.0,160.01837837837837,0.0,0.0,166.39,0.9999253857184062,1.0,1490.834035080003,1000.0,1490.834035080003,1000.0,0.0,0.0
21481,1719491880000.0,0.0,0.0,0.0,160.01837837837837,0.0,0.0,166.15,0.9999253857184062,1.0,1490.834035080003,1000.0,1490.834035080003,1000.0,0.0,0.0
21482,1719495480000.0,0.0,0.0,0.0,160.01837837837837,0.0,0.0,166.62,0.9999253857184062,1.0,1490.834035080003,1000.0,1490.834035080003,1000.0,0.0,0.0
21483,1719499080000.0,0.0,0.0,0.0,160.01837837837837,0.0,0.0,166.22,0.9999253857184062,1.0,1490.834035080003,1000.0,1490.834035080003,1000.0,0.0,0.0
21484,1719502680000.0,0.0,0.0,0.0,160.01837837837837,0.0,0.0,166.1,0.9999253857184062,1.0,1490.834035080003,1000.0,1490.834035080003,1000.0,0.0,0.0
21485,1719506280000.0,0.0,0.0,0.0,160.01837837837837,0.0,0.0,165.62,0.9999253857184062,1.0,1490.834035080003,1000.0,1490.834035080003,1000.0,0.0,0.0
21486,1719509880000.0,0.0,0.0,0.0,160.01837837837837,0.0,0.0,166.57,0.9999253857184062,1.0,1490.834035080003,1000.0,1490.834035080003,1000.0,0.0,0.0
21487,1719513480000.0,0.0,0.0,0.0,160.01837837837837,0.0,0.0,166.33,0.9999253857184062,1.0,1490.834035080003,1000.0,1490.834035080003,1000.0,0.0,0.0
21488,1719517080000.0,0.0,0.0,0.0,160.01837837837837,0.0,0.0,166.38,0.9999253857184062,1.0,1490.834035080003,1000.0,1490.834035080003,1000.0,0.0,0.0
21489,1719520680000.0,0.0,0.0,0.0,160.01837837837837,0.0,0.0,165.92,0.9999253857184062,1.0,1490.834035080003,1000.0,1490.834035080003,1000.0,0.0,0.0
21490,1719524280000.0,0.0,0.0,0.0,160.01837837837837,0.0,0.0,166.57,0.9999253857184062,1.0,1490.834035080003,1000.0,1490.834035080003,1000.0,0.0,0.0
21491,1719527880000.0,0.0,0.0,0.0,160.01837837837837,0.0,0.0,167.0,0.9999253857184062,1.0,1490.834035080003,1000.0,1490.834035080003,1000.0,0.0,0.0
21492,1719531480000.0,0.0,0.0,0.0,160.01837837837837,0.0,0.0,165.91,0.9999253857184062,1.0,1490.834035080003,1000.0,1490.834035080003,1000.0,0.0,0.0
21493,1719535080000.0,0.0,0.0,0.0,160.01837837837837,0.0,0.0,166.4,0.9999253857184062,1.0,1490.834035080003,1000.0,1490.834035080003,1000.0,0.0,0.0
21494,1719538680000.0,0.0,0.0,0.0,160.01837837837837,0.0,0.0,166.7,0.9999253857184062,1.0,1490.834035080003,1000.0,1490.834035080003,1000.0,0.0,0.0
21495,1719542280000.0,0.0,0.0,0.0,160.01837837837837,0.0,0.0,166.5,0.9999253857184062,1.0,1490.834035080003,1000.0,1490.834035080003,1000.0,0.0,0.0
21496,1719545880000.0,0.0,0.0,0.0,160.01837837837837,0.0,0.0,166.92,0.9999253857184062,1.0,1490.834035080003,1000.0,1490.834035080003,1000.0,0.0,0.0
21497,1719549480000.0,0.0,0.0,0.0,160.01837837837837,0.0,0.0,166.94,0.9999253857184062,1.0,1490.834035080003,1000.0,1490.834035080003,1000.0,0.0,0.0
21498,1719553080000.0,0.0,0.0,0.0,160.01837837837837,0.0,0.0,166.81,0.9999253857184062,1.0,1490.834035080003,1000.0,1490.834035080003,1000.0,0.0,0.0
21499,1719556680000.0,0.0,0.0,0.0,160.01837837837837,0.0,0.0,167.04,0.9999253857184062,1.0,1490.834035080003,1000.0,1490.834035080003,1000.0,0.0,0.0
21500,1719560280000.0,0.0,0.0,0.0,160.01837837837837,0.0,0.0,167.41,0.9999253857184062,1.0,1490.834035080003,1000.0,1490.834035080003,1000.0,0.0,0.0
21501,1719563880000.0,0.0,0.0,0.0,160.01837837837837,0.0,0.0,167.33,0.9999253857184062,1.0,1490.834035080003,1000.0,1490.834035080003,1000.0,0.0,0.0
21502,1719567480000.0,0.0,0.0,0.0,160.01837837837837,0.0,0.0,167.31,0.9999253857184062,1.0,1490.834035080003,1000.0,1490.834035080003,1000.0,0.0,0.0
21503,1719571080000.0,0.0,0.0,0.0,160.01837837837837,0.0,0.0,167.17,0.9999253857184062,1.0,1490.834035080003,1000.0,1490.834035080003,1000.0,0.0,0.0
21504,1719574680000.0,0.0,0.0,0.0,160.01837837837837,0.0,0.0,166.9,0.9999253857184062,1.0,1490.834035080003,1000.0,1490.834035080003,1000.0,0.0,0.0
21505,1719578280000.0,0.0,0.0,0.0,160.01837837837837,0.0,0.0,167.24,0.9999253857184062,1.0,1490.834035080003,1000.0,1490.834035080003,1000.0,0.0,0.0
21506,1719581880000.0,0.0,0.0,0.0,160.01837837837837,0.0,0.0,167.5,0.9999253857184062,1.0,1490.834035080003,1000.0,1490.834035080003,1000.0,0.0,0.0
21507,1719585480000.0,0.0,0.0,0.0,160.01837837837837,0.0,0.0,167.16,0.9999253857184062,1.0,1490.834035080003,1000.0,1490.834035080003,1000.0,0.0,0.0
21508,1719589080000.0,0.0,0.0,0.0,160.01837837837837,0.0,0.0,167.75,0.9999253857184062,1.0,1490.834035080003,1000.0,1490.834035080003,1000.0,0.0,0.0
21509,1719592680000.0,0.0,0.0,0.0,160.01837837837837,0.0,0.0,167.02,0.9999253857184062,1.0,1490.834035080003,1000.0,1490.834035080003,1000.0,0.0,0.0
21510,1719596280000.0,0.0,0.0,0.0,160.01837837837837,0.0,0.0,167.21,0.9999253857184062,1.0,1490.834035080003,1000.0,1490.834035080003,1000.0,0.0,0.0
21511,1719599880000.0,0.0,0.0,0.0,160.01837837837837,0.0,0.0,166.91,0.9999253857184062,1.0,1490.834035080003,1000.0,1490.834035080003,1000.0,0.0,0.0
21512,1719603480000.0,0.0,0.0,0.0,160.01837837837837,0.0,0.0,167.03,0.9999253857184062,1.0,1490.834035080003,1000.0,1490.834035080003,1000.0,0.0,0.0
21513,1719607080000.0,0.0,0.0,0.0,160.01837837837837,0.0,0.0,168.45,0.9999253857184062,1.0,1490.834035080003,1000.0,1490.834035080003,1000.0,0.0,0.0
21514,1719610680000.0,0.0,0.0,0.0,160.01837837837837,0.0,0.0,167.53,0.9999253857184062,1.0,1490.834035080003,1000.0,1490.834035080003,1000.0,0.0,0.0
21515,1719614280000.0,0.0,0.0,0.0,160.01837837837837,0.0,0.0,168.25,0.9999253857184062,1.0,1490.834035080003,1000.0,1490.834035080003,1000.0,0.0,0.0
21516,1719617880000.0,0.0,0.0,0.0,160.01837837837837,0.0,0.0,168.11,0.9999253857184062,1.0,1490.834035080003,1000.0,1490.834035080003,1000.0,0.0,0.0
21517,1719621480000.0,0.0,0.0,0.0,160.01837837837837,0.0,0.0,167.68,0.9999253857184062,1.0,1490.834035080003,1000.0,1490.834035080003,1000.0,0.0,0.0
21518,1719625080000.0,0.0,0.0,0.0,160.01837837837837,0.0,0.0,168.09,0.9999253857184062,1.0,1490.834035080003,1000.0,1490.834035080003,1000.0,0.0,0.0
21519,1719628680000.0,0.0,0.0,0.0,160.01837837837837,0.0,0.0,166.96,0.9999253857184062,1.0,1490.834035080003,1000.0,1490.834035080003,1000.0,0.0,0.0
21520,1719632280000.0,0.0,0.0,0.0,160.01837837837837,0.0,0.0,166.79,0.9999253857184062,1.0,1490.834035080003,1000.0,1490.834035080003,1000.0,0.0,0.0
21521,1719635880000.0,0.0,0.0,0.0,160.01837837837837,0.0,0.0,166.4,0.9999253857184062,1.0,1490.834035080003,1000.0,1490.834035080003,1000.0,0.0,0.0
21522,1719639480000.0,0.0,0.0,0.0,160.01837837837837,0.0,0.0,166.56,0.9999253857184062,1.0,1490.834035080003,1000.0,1490.834035080003,1000.0,0.0,0.0
21523,1719643080000.0,0.0,0.0,0.0,160.01837837837837,0.0,0.0,166.17,0.9999253857184062,1.0,1490.834035080003,1000.0,1490.834035080003,1000.0,0.0,0.0
21524,1719646680000.0,0.0,0.0,0.0,160.01837837837837,0.0,0.0,166.53,0.9999253857184062,1.0,1490.834035080003,1000.0,1490.834035080003,1000.0,0.0,0.0
21525,1719650280000.0,0.0,0.0,0.0,160.01837837837837,0.0,0.0,167.6,0.9999253857184062,1.0,1490.834035080003,1000.0,1490.834035080003,1000.0,0.0,0.0
21526,1719653880000.0,0.0,0.0,0.0,160.01837837837837,0.0,0.0,167.4,0.9999253857184062,1.0,1490.834035080003,1000.0,1490.834035080003,1000.0,0.0,0.0
21527,1719657480000.0,0.0,0.0,0.0,160.01837837837837,0.0,0.0,167.67,0.9999253857184062,1.0,1490.834035080003,1000.0,1490.834035080003,1000.0,0.0,0.0
21528,1719661080000.0,0.0,0.0,0.0,160.01837837837837,0.0,0.0,167.62,0.9999253857184062,1.0,1490.834035080003,1000.0,1490.834035080003,1000.0,0.0,0.0
21529,1719664680000.0,0.0,0.0,0.0,160.01837837837837,0.0,0.0,167.26,0.9999253857184062,1.0,1490.834035080003,1000.0,1490.834035080003,1000.0,0.0,0.0
21530,1719668280000.0,0.0,0.0,0.0,160.01837837837837,0.0,0.0,166.64,0.9999253857184062,1.0,1490.834035080003,1000.0,1490.834035080003,1000.0,0.0,0.0
21531,1719671880000.0,0.0,0.0,0.0,160.01837837837837,0.0,0.0,166.2,0.9999253857184062,1.0,1490.834035080003,1000.0,1490.834035080003,1000.0,0.0,0.0
21532,1719675480000.0,0.0,0.0,0.0,160.01837837837837,0.0,0.0,166.15,0.9999253857184062,1.0,1490.834035080003,1000.0,1490.834035080003,1000.0,0.0,0.0
21533,1719679080000.0,0.0,0.0,0.0,160.01837837837837,0.0,0.0,166.72,0.9999253857184062,1.0,1490.834035080003,1000.0,1490.834035080003,1000.0,0.0,0.0
21534,1719682680000.0,0.0,0.0,0.0,160.01837837837837,0.0,0.0,166.78,0.9999253857184062,1.0,1490.834035080003,1000.0,1490.834035080003,1000.0,0.0,0.0
21535,1719686280000.0,0.0,0.0,0.0,160.01837837837837,0.0,0.0,166.25,0.9999253857184062,1.0,1490.834035080003,1000.0,1490.834035080003,1000.0,0.0,0.0
21536,1719689880000.0,0.0,0.0,0.0,160.01837837837837,0.0,0.0,165.86,0.9999253857184062,1.0,1490.834035080003,1000.0,1490.834035080003,1000.0,0.0,0.0
21537,1719693480000.0,0.0,0.0,0.0,160.01837837837837,0.0,0.0,165.49,0.9999253857184062,1.0,1490.834035080003,1000.0,1490.834035080003,1000.0,0.0,0.0
21538,1719697080000.0,0.0,0.0,0.0,160.01837837837837,0.0,0.0,166.18,0.9999253857184062,1.0,1490.834035080003,1000.0,1490.834035080003,1000.0,0.0,0.0
21539,1719700680000.0,0.0,0.0,0.0,160.01837837837837,0.0,0.0,166.42,0.9999253857184062,1.0,1490.834035080003,1000.0,1490.834035080003,1000.0,0.0,0.0
21540,1719704280000.0,0.0,0.0,0.0,160.01837837837837,0.0,0.0,165.87,0.9999253857184062,1.0,1490.834035080003,1000.0,1490.834035080003,1000.0,0.0,0.0
21541,1719707880000.0,0.0,0.0,0.0,160.01837837837837,0.0,0.0,166.17,0.9999253857184062,1.0,1490.834035080003,1000.0,1490.834035080003,1000.0,0.0,0.0
21542,1719711480000.0,0.0,0.0,0.0,160.01837837837837,0.0,0.0,165.68,0.9999253857184062,1.0,1490.834035080003,1000.0,1490.834035080003,1000.0,0.0,0.0
21543,1719715080000.0,0.0,0.0,0.0,160.01837837837837,0.0,0.0,165.96,0.9999253857184062,1.0,1490.834035080003,1000.0,1490.834035080003,1000.0,0.0,0.0
21544,1719718680000.0,0.0,0.0,0.0,160.01837837837837,0.0,0.0,167.14,0.9999253857184062,1.0,1490.834035080003,1000.0,1490.834035080003,1000.0,0.0,0.0
21545,1719722280000.0,0.0,0.0,0.0,160.01837837837837,0.0,0.0,167.68,0.9999253857184062,1.0,1490.834035080003,1000.0,1490.834035080003,1000.0,0.0,0.0
21546,1719725880000.0,0.0,0.0,0.0,160.01837837837837,0.0,0.0,167.24,0.9999253857184062,1.0,1490.834035080003,1000.0,1490.834035080003,1000.0,0.0,0.0
21547,1719729480000.0,0.0,0.0,0.0,160.01837837837837,0.0,0.0,166.93,0.9999253857184062,1.0,1490.834035080003,1000.0,1490.834035080003,1000.0,0.0,0.0
21548,1719733080000.0,0.0,0.0,0.0,160.01837837837837,0.0,0.0,167.56,0.9999253857184062,1.0,1490.834035080003,1000.0,1490.834035080003,1000.0,0.0,0.0
21549,1719736680000.0,0.0,0.0,0.0,160.01837837837837,0.0,0.0,167.55,0.9999253857184062,1.0,1490.834035080003,1000.0,1490.834035080003,1000.0,0.0,0.0
21550,1719740280000.0,0.0,0.0,0.0,160.01837837837837,0.0,0.0,168.1,0.9999253857184062,1.0,1490.834035080003,1000.0,1490.834035080003,1000.0,0.0,0.0
21551,1719743880000.0,0.0,0.0,0.0,160.01837837837837,0.0,0.0,168.17,0.9999253857184062,1.0,1490.834035080003,1000.0,1490.834035080003,1000.0,0.0,0.0
21552,1719747480000.0,0.0,0.0,0.0,160.01837837837837,0.0,0.0,168.45,0.9999253857184062,1.0,1490.834035080003,1000.0,1490.834035080003,1000.0,0.0,0.0
21553,1719751080000.0,0.0,0.0,0.0,160.01837837837837,0.0,0.0,168.28,0.9999253857184062,1.0,1490.834035080003,1000.0,1490.834035080003,1000.0,0.0,0.0
21554,1719754680000.0,0.0,0.0,0.0,160.01837837837837,0.0,0.0,168.91,0.9999253857184062,1.0,1490.834035080003,1000.0,1490.834035080003,1000.0,0.0,0.0
21555,1719758280000.0,0.0,0.0,0.0,160.01837837837837,0.0,0.0,168.36,0.9999253857184062,1.0,1490.834035080003,1000.0,1490.834035080003,1000.0,0.0,0.0
21556,1719761880000.0,0.0,0.0,0.0,160.01837837837837,0.0,0.0,168.29,0.9999253857184062,1.0,1490.834035080003,1000.0,1490.834035080003,1000.0,0.0,0.0
21557,1719765480000.0,0.0,0.0,0.0,160.01837837837837,0.0,0.0,169.34,0.9999253857184062,1.0,1490.834035080003,1000.0,1490.834035080003,1000.0,0.0,0.0
21558,1719769080000.0,0.0,0.0,0.0,160.01837837837837,0.0,0.0,168.69,0.9999253857184062,1.0,1490.834035080003,1000.0,1490.834035080003,1000.0,0.0,0.0
21559,1719772680000.0,0.0,0.0,0.0,160.01837837837837,0.0,0.0,168.7,0.9999253857184062,1.0,1490.834035080003,1000.0,1490.834035080003,1000.0,0.0,0.0
21560,1719776280000.0,0.0,0.0,0.0,160.01837837837837,0.0,0.0,167.52,0.9999253857184062,1.0,1490.834035080003,1000.0,1490.834035080003,1000.0,0.0,0.0
21561,1719779880000.0,0.0,0.0,0.0,160.01837837837837,0.0,0.0,167.76,0.9999253857184062,1.0,1490.834035080003,1000.0,1490.834035080003,1000.0,0.0,0.0
21562,1719783480000.0,0.0,0.0,0.0,160.01837837837837,0.0,0.0,167.43,0.9999253857184062,1.0,1490.834035080003,1000.0,1490.834035080003,1000.0,0.0,0.0
21563,1719787080000.0,0.0,0.0,0.0,160.01837837837837,0.0,0.0,168.38,0.9999253857184062,1.0,1490.834035080003,1000.0,1490.834035080003,1000.0,0.0,0.0
21564,1719790680000.0,0.0,0.0,0.0,160.01837837837837,0.0,0.0,167.95,0.9999253857184062,1.0,1490.834035080003,1000.0,1490.834035080003,1000.0,0.0,0.0
21565,1719794280000.0,0.0,0.0,0.0,160.01837837837837,0.0,0.0,169.26,0.9999253857184062,1.0,1490.834035080003,1000.0,1490.834035080003,1000.0,0.0,0.0
21566,1719797880000.0,0.0,0.0,0.0,160.01837837837837,0.0,0.0,171.83,0.9999253857184062,1.0,1490.834035080003,1000.0,1490.834035080003,1000.0,0.0,0.0
21567,1719801480000.0,0.0,0.0,0.0,160.01837837837837,0.0,0.0,173.23,0.9999253857184062,1.0,1490.834035080003,1000.0,1490.834035080003,1000.0,0.0,0.0
21568,1719805080000.0,0.0,0.0,0.0,160.01837837837837,0.0,0.0,171.83,0.9999253857184062,1.0,1490.834035080003,1000.0,1490.834035080003,1000.0,0.0,0.0
21569,1719808680000.0,0.0,0.0,0.0,160.01837837837837,0.0,0.0,171.66,0.9999253857184062,1.0,1490.834035080003,1000.0,1490.834035080003,1000.0,0.0,0.0
21570,1719812280000.0,0.0,0.0,0.0,160.01837837837837,0.0,0.0,171.02,0.9999253857184062,1.0,1490.834035080003,1000.0,1490.834035080003,1000.0,0.0,0.0
21571,1719815880000.0,0.0,0.0,0.0,160.01837837837837,0.0,0.0,171.13,0.9999253857184062,1.0,1490.834035080003,1000.0,1490.834035080003,1000.0,0.0,0.0
21572,1719819480000.0,0.0,0.0,0.0,160.01837837837837,0.0,0.0,171.15,0.9999253857184062,1.0,1490.834035080003,1000.0,1490.834035080003,1000.0,0.0,0.0
21573,1719823080000.0,0.0,0.0,0.0,160.01837837837837,0.0,0.0,170.76,0.9999253857184062,1.0,1490.834035080003,1000.0,1490.834035080003,1000.0,0.0,0.0
21574,1719826680000.0,0.0,0.0,0.0,160.01837837837837,0.0,0.0,171.21,0.9999253857184062,1.0,1490.834035080003,1000.0,1490.834035080003,1000.0,0.0,0.0
21575,1719830280000.0,0.0,0.0,0.0,160.01837837837837,0.0,0.0,170.57,0.9999253857184062,1.0,1490.834035080003,1000.0,1490.834035080003,1000.0,0.0,0.0
21576,1719833880000.0,0.0,0.0,0.0,160.01837837837837,0.0,0.0,170.26,0.9999253857184062,1.0,1490.834035080003,1000.0,1490.834035080003,1000.0,0.0,0.0
21577,1719837480000.0,0.0,0.0,0.0,160.01837837837837,0.0,0.0,170.25,0.9999253857184062,1.0,1490.834035080003,1000.0,1490.834035080003,1000.0,0.0,0.0
21578,1719841080000.0,0.0,0.0,0.0,160.01837837837837,0.0,0.0,168.63,0.9999253857184062,1.0,1490.834035080003,1000.0,1490.834035080003,1000.0,0.0,0.0
21579,1719844680000.0,0.0,0.0,0.0,160.01837837837837,0.0,0.0,170.12,0.9999253857184062,1.0,1490.834035080003,1000.0,1490.834035080003,1000.0,0.0,0.0
21580,1719848280000.0,0.0,0.0,0.0,160.01837837837837,0.0,0.0,169.59,0.9999253857184062,1.0,1490.834035080003,1000.0,1490.834035080003,1000.0,0.0,0.0
21581,1719851880000.0,0.0,0.0,0.0,160.01837837837837,0.0,0.0,169.86,0.9999253857184062,1.0,1490.834035080003,1000.0,1490.834035080003,1000.0,0.0,0.0
21582,1719855480000.0,0.0,0.0,0.0,160.01837837837837,0.0,0.0,169.96,0.9999253857184062,1.0,1490.834035080003,1000.0,1490.834035080003,1000.0,0.0,0.0
21583,1719859080000.0,0.0,0.0,0.0,160.01837837837837,0.0,0.0,169.79,0.9999253857184062,1.0,1490.834035080003,1000.0,1490.834035080003,1000.0,0.0,0.0
21584,1719862680000.0,0.0,0.0,0.0,160.01837837837837,0.0,0.0,169.02,0.9999253857184062,1.0,1490.834035080003,1000.0,1490.834035080003,1000.0,0.0,0.0
21585,1719866280000.0,0.0,0.0,0.0,160.01837837837837,0.0,0.0,167.82,0.9999253857184062,1.0,1490.834035080003,1000.0,1490.834035080003,1000.0,0.0,0.0
21586,1719869880000.0,0.0,0.0,0.0,160.01837837837837,0.0,0.0,168.44,0.9999253857184062,1.0,1490.834035080003,1000.0,1490.834035080003,1000.0,0.0,0.0
21587,1719873480000.0,0.0,0.0,0.0,160.01837837837837,0.0,0.0,168.64,0.9999253857184062,1.0,1490.834035080003,1000.0,1490.834035080003,1000.0,0.0,0.0
21588,1719877080000.0,0.0,0.0,0.0,160.01837837837837,0.0,0.0,168.52,0.9999253857184062,1.0,1490.834035080003,1000.0,1490.834035080003,1000.0,0.0,0.0
21589,1719880680000.0,0.0,0.0,0.0,160.01837837837837,0.0,0.0,167.66,0.9999253857184062,1.0,1490.834035080003,1000.0,1490.834035080003,1000.0,0.0,0.0
21590,1719884280000.0,0.0,0.0,0.0,160.01837837837837,0.0,0.0,169.18,0.9999253857184062,1.0,1490.834035080003,1000.0,1490.834035080003,1000.0,0.0,0.0
21591,1719887880000.0,0.0,0.0,0.0,160.01837837837837,0.0,0.0,169.3,0.9999253857184062,1.0,1490.834035080003,1000.0,1490.834035080003,1000.0,0.0,0.0
21592,1719891480000.0,0.0,0.0,0.0,160.01837837837837,0.0,0.0,169.98,0.9999253857184062,1.0,1490.834035080003,1000.0,1490.834035080003,1000.0,0.0,0.0
21593,1719895080000.0,0.0,0.0,0.0,160.01837837837837,0.0,0.0,169.97,0.9999253857184062,1.0,1490.834035080003,1000.0,1490.834035080003,1000.0,0.0,0.0
21594,1719898680000.0,0.0,0.0,0.0,160.01837837837837,0.0,0.0,170.07,0.9999253857184062,1.0,1490.834035080003,1000.0,1490.834035080003,1000.0,0.0,0.0
21595,1719902280000.0,0.0,0.0,0.0,160.01837837837837,0.0,0.0,170.14,0.9999253857184062,1.0,1490.834035080003,1000.0,1490.834035080003,1000.0,0.0,0.0
21596,1719905880000.0,0.0,0.0,0.0,160.01837837837837,0.0,0.0,169.72,0.9999253857184062,1.0,1490.834035080003,1000.0,1490.834035080003,1000.0,0.0,0.0
21597,1719909480000.0,0.0,0.0,0.0,160.01837837837837,0.0,0.0,169.57,0.9999253857184062,1.0,1490.834035080003,1000.0,1490.834035080003,1000.0,0.0,0.0
21598,1719913080000.0,0.0,0.0,0.0,160.01837837837837,0.0,0.0,169.23,0.9999253857184062,1.0,1490.834035080003,1000.0,1490.834035080003,1000.0,0.0,0.0
21599,1719916680000.0,0.0,0.0,0.0,160.01837837837837,0.0,0.0,169.26,0.9999253857184062,1.0,1490.834035080003,1000.0,1490.834035080003,1000.0,0.0,0.0
21600,1719920280000.0,0.0,0.0,0.0,160.01837837837837,0.0,0.0,169.18,0.9999253857184062,1.0,1490.834035080003,1000.0,1490.834035080003,1000.0,0.0,0.0
21601,1719923880000.0,0.0,0.0,0.0,160.01837837837837,0.0,0.0,168.96,0.9999253857184062,1.0,1490.834035080003,1000.0,1490.834035080003,1000.0,0.0,0.0
21602,1719927480000.0,0.0,0.0,0.0,160.01837837837837,0.0,0.0,168.94,0.9999253857184062,1.0,1490.834035080003,1000.0,1490.834035080003,1000.0,0.0,0.0
21603,1719931080000.0,0.0,0.0,0.0,160.01837837837837,0.0,0.0,168.73,0.9999253857184062,1.0,1490.834035080003,1000.0,1490.834035080003,1000.0,0.0,0.0
21604,1719934680000.0,0.0,0.0,0.0,160.01837837837837,0.0,0.0,169.51,0.9999253857184062,1.0,1490.834035080003,1000.0,1490.834035080003,1000.0,0.0,0.0
21605,1719938280000.0,0.0,0.0,0.0,160.01837837837837,0.0,0.0,169.16,0.9999253857184062,1.0,1490.834035080003,1000.0,1490.834035080003,1000.0,0.0,0.0
21606,1719941880000.0,0.0,0.0,0.0,160.01837837837837,0.0,0.0,168.47,0.9999253857184062,1.0,1490.834035080003,1000.0,1490.834035080003,1000.0,0.0,0.0
21607,1719945480000.0,0.0,0.0,0.0,160.01837837837837,0.0,0.0,168.72,0.9999253857184062,1.0,1490.834035080003,1000.0,1490.834035080003,1000.0,0.0,0.0
21608,1719949080000.0,0.0,0.0,0.0,160.01837837837837,0.0,0.0,168.14,0.9999253857184062,1.0,1490.834035080003,1000.0,1490.834035080003,1000.0,0.0,0.0
21609,1719952680000.0,0.0,0.0,0.0,160.01837837837837,0.0,0.0,168.28,0.9999253857184062,1.0,1490.834035080003,1000.0,1490.834035080003,1000.0,0.0,0.0
21610,1719956280000.0,0.0,0.0,0.0,160.01837837837837,0.0,0.0,168.43,0.9999253857184062,1.0,1490.834035080003,1000.0,1490.834035080003,1000.0,0.0,0.0
21611,1719959880000.0,0.0,0.0,0.0,160.01837837837837,0.0,0.0,168.28,0.9999253857184062,1.0,1490.834035080003,1000.0,1490.834035080003,1000.0,0.0,0.0
21612,1719963480000.0,0.0,0.0,0.0,160.01837837837837,0.0,0.0,168.68,0.9999253857184062,1.0,1490.834035080003,1000.0,1490.834035080003,1000.0,0.0,0.0
21613,1719967080000.0,0.0,0.0,0.0,160.01837837837837,0.0,0.0,168.71,0.9999253857184062,1.0,1490.834035080003,1000.0,1490.834035080003,1000.0,0.0,0.0
21614,1719970680000.0,0.0,0.0,0.0,160.01837837837837,0.0,0.0,168.97,0.9999253857184062,1.0,1490.834035080003,1000.0,1490.834035080003,1000.0,0.0,0.0
21615,1719974280000.0,0.0,0.0,0.0,160.01837837837837,0.0,0.0,169.76,0.9999253857184062,1.0,1490.834035080003,1000.0,1490.834035080003,1000.0,0.0,0.0
21616,1719977880000.0,0.0,0.0,0.0,160.01837837837837,0.0,0.0,169.52,0.9999253857184062,1.0,1490.834035080003,1000.0,1490.834035080003,1000.0,0.0,0.0
21617,1719981480000.0,0.0,0.0,0.0,160.01837837837837,0.0,0.0,168.37,0.9999253857184062,1.0,1490.834035080003,1000.0,1490.834035080003,1000.0,0.0,0.0
21618,1719985080000.0,0.0,0.0,0.0,160.01837837837837,0.0,0.0,170.08,0.9999253857184062,1.0,1490.834035080003,1000.0,1490.834035080003,1000.0,0.0,0.0
21619,1719988680000.0,0.0,0.0,0.0,160.01837837837837,0.0,0.0,170.41,0.9999253857184062,1.0,1490.834035080003,1000.0,1490.834035080003,1000.0,0.0,0.0
21620,1719992280000.0,0.0,0.0,0.0,160.01837837837837,0.0,0.0,169.51,0.9999253857184062,1.0,1490.834035080003,1000.0,1490.834035080003,1000.0,0.0,0.0
21621,1719995880000.0,0.0,0.0,0.0,160.01837837837837,0.0,0.0,168.53,0.9999253857184062,1.0,1490.834035080003,1000.0,1490.834035080003,1000.0,0.0,0.0
21622,1719999480000.0,0.0,0.0,0.0,160.01837837837837,0.0,0.0,167.28,0.9999253857184062,1.0,1490.834035080003,1000.0,1490.834035080003,1000.0,0.0,0.0
21623,1720003080000.0,0.0,0.0,0.0,160.01837837837837,0.0,0.0,166.33,0.9999253857184062,1.0,1490.834035080003,1000.0,1490.834035080003,1000.0,0.0,0.0
21624,1720006680000.0,0.0,0.0,0.0,160.01837837837837,0.0,0.0,166.55,0.9999253857184062,1.0,1490.834035080003,1000.0,1490.834035080003,1000.0,0.0,0.0
21625,1720010280000.0,0.0,0.0,0.0,160.01837837837837,0.0,0.0,166.48,0.9999253857184062,1.0,1490.834035080003,1000.0,1490.834035080003,1000.0,0.0,0.0
21626,1720013880000.0,0.0,0.0,0.0,160.01837837837837,0.0,0.0,166.59,0.9999253857184062,1.0,1490.834035080003,1000.0,1490.834035080003,1000.0,0.0,0.0
21627,1720017480000.0,0.0,0.0,0.0,160.01837837837837,0.0,0.0,166.44,0.9999253857184062,1.0,1490.834035080003,1000.0,1490.834035080003,1000.0,0.0,0.0
21628,1720021080000.0,0.0,0.0,0.0,160.01837837837837,0.0,0.0,165.68,0.9999253857184062,1.0,1490.834035080003,1000.0,1490.834035080003,1000.0,0.0,0.0
21629,1720024680000.0,0.0,0.0,0.0,160.01837837837837,0.0,0.0,165.97,0.9999253857184062,1.0,1490.834035080003,1000.0,1490.834035080003,1000.0,0.0,0.0
21630,1720028280000.0,0.0,0.0,0.0,160.01837837837837,0.0,0.0,166.5,0.9999253857184062,1.0,1490.834035080003,1000.0,1490.834035080003,1000.0,0.0,0.0
21631,1720031880000.0,0.0,0.0,0.0,160.01837837837837,0.0,0.0,166.74,0.9999253857184062,1.0,1490.834035080003,1000.0,1490.834035080003,1000.0,0.0,0.0
21632,1720035480000.0,0.0,0.0,0.0,160.01837837837837,0.0,0.0,166.1,0.9999253857184062,1.0,1490.834035080003,1000.0,1490.834035080003,1000.0,0.0,0.0
21633,1720039080000.0,0.0,0.0,0.0,160.01837837837837,0.0,0.0,165.67,0.9999253857184062,1.0,1490.834035080003,1000.0,1490.834035080003,1000.0,0.0,0.0
21634,1720042680000.0,0.0,0.0,0.0,160.01837837837837,0.0,0.0,166.08,0.9999253857184062,1.0,1490.834035080003,1000.0,1490.834035080003,1000.0,0.0,0.0
21635,1720046280000.0,0.0,0.0,0.0,160.01837837837837,0.0,0.0,166.09,0.9999253857184062,1.0,1490.834035080003,1000.0,1490.834035080003,1000.0,0.0,0.0
21636,1720049880000.0,0.0,0.0,0.0,160.01837837837837,0.0,0.0,165.25,0.9999253857184062,1.0,1490.834035080003,1000.0,1490.834035080003,1000.0,0.0,0.0
21637,1720053480000.0,0.0,0.0,0.0,160.01837837837837,0.0,0.0,166.0,0.9999253857184062,1.0,1490.834035080003,1000.0,1490.834035080003,1000.0,0.0,0.0
21638,1720057080000.0,0.0,0.0,0.0,160.01837837837837,0.0,0.0,164.32,0.9999253857184062,1.0,1490.834035080003,1000.0,1490.834035080003,1000.0,0.0,0.0
21639,1720060680000.0,0.0,0.0,0.37,161.14,0.0,0.0,162.87,0.9999253857184062,1.0,1490.8221107200031,1000.0,1491.4622107200032,1000.0,0.03999256488837909,0.0
21640,1720064280000.0,0.0,0.0,0.37,161.14,0.0,0.0,163.99,0.9999253857184062,1.0,1490.8221107200031,1000.0,1491.876610720003,1000.0,0.03999256488837909,0.0
21641,1720067880000.0,0.0,0.0,0.37,161.14,0.0,0.0,162.89,0.9999253857184062,1.0,1490.8221107200031,1000.0,1491.4696107200032,1000.0,0.03999256488837909,0.0
21642,1720071480000.0,0.0,0.0,0.37,161.14,0.0,0.0,161.12,0.9999253857184062,1.0,1490.8221107200031,1000.0,1490.8147107200032,1000.0,0.03999256488837909,0.0
21643,1720075080000.0,0.0,0.0,0.37,161.14,0.0,0.0,161.64,0.9999253857184062,1.0,1490.8221107200031,1000.0,1491.007110720003,1000.0,0.03999256488837909,0.0
21644,1720078680000.0,0.0,0.0,0.37,161.14,0.0,0.0,160.75,0.9999253857184062,1.0,1490.8221107200031,1000.0,1490.6778107200032,1000.0,0.03999256488837909,0.0
21645,1720082280000.0,0.0,0.0,0.37,161.14,0.0,0.0,160.18,0.9999253857184062,1.0,1490.8221107200031,1000.0,1490.4669107200032,1000.0,0.03999256488837909,0.0
21646,1720085880000.0,0.0,0.0,0.37,161.14,0.0,0.0,158.87,0.9999253857184062,1.0,1490.8221107200031,1000.0,1489.9822107200032,1000.0,0.03999256488837909,0.0
21647,1720089480000.0,0.0,0.0,0.37,161.14,0.0,0.0,159.16,0.9999253857184062,1.0,1490.8221107200031,1000.0,1490.089510720003,1000.0,0.03999256488837909,0.0
21648,1720093080000.0,0.0,0.0,0.37,161.14,0.0,0.0,159.41,0.9999253857184062,1.0,1490.8221107200031,1000.0,1490.182010720003,1000.0,0.03999256488837909,0.0
21649,1720096680000.0,0.0,0.0,0.37,161.14,0.0,0.0,158.16,0.9999253857184062,1.0,1490.8221107200031,1000.0,1489.7195107200032,1000.0,0.03999256488837909,0.0
21650,1720100280000.0,0.0,0.0,0.37,161.14,0.0,0.0,156.06,0.9999253857184062,1.0,1490.8221107200031,1000.0,1488.9425107200032,1000.0,0.03999256488837909,0.0
21651,1720103880000.0,0.0,0.0,0.37,161.14,0.0,0.0,156.53,0.9999253857184062,1.0,1490.8221107200031,1000.0,1489.1164107200032,1000.0,0.03999256488837909,0.0
21652,1720107480000.0,0.0,0.0,0.37,161.14,0.0,0.0,158.01,0.9999253857184062,1.0,1490.8221107200031,1000.0,1489.664010720003,1000.0,0.03999256488837909,0.0
21653,1720111080000.0,0.0,0.0,0.37,161.14,0.0,0.0,157.95,0.9999253857184062,1.0,1490.8221107200031,1000.0,1489.6418107200031,1000.0,0.03999256488837909,0.0
21654,1720114680000.0,0.0,0.0,0.37,161.14,0.0,0.0,156.91,0.9999253857184062,1.0,1490.8221107200031,1000.0,1489.257010720003,1000.0,0.03999256488837909,0.0
21655,1720118280000.0,0.0,0.0,0.37,161.14,0.0,0.0,156.72,0.9999253857184062,1.0,1490.8221107200031,1000.0,1489.1867107200032,1000.0,0.03999256488837909,0.0
21656,1720121880000.0,0.0,0.0,0.37,161.14,0.0,0.0,157.41,0.9999253857184062,1.0,1490.8221107200031,1000.0,1489.442010720003,1000.0,0.03999256488837909,0.0
21657,1720125480000.0,0.0,0.0,0.37,161.14,0.0,0.0,157.34,0.9999253857184062,1.0,1490.8221107200031,1000.0,1489.4161107200032,1000.0,0.03999256488837909,0.0
21658,1720129080000.0,0.0,0.0,0.37,161.14,0.0,0.0,159.53,0.9999253857184062,1.0,1490.8221107200031,1000.0,1490.226410720003,1000.0,0.03999256488837909,0.0
21659,1720132680000.0,0.0,0.0,0.37,161.14,0.0,0.0,159.42,0.9999253857184062,1.0,1490.8221107200031,1000.0,1490.185710720003,1000.0,0.03999256488837909,0.0
21660,1720136280000.0,0.0,0.0,0.37,161.14,0.0,0.0,157.24,0.9999253857184062,1.0,1490.8221107200031,1000.0,1489.3791107200032,1000.0,0.03999256488837909,0.0
21661,1720139880000.0,0.0,0.0,0.76,157.69671052631577,0.0,0.0,153.8,0.9999253857184062,1.0,1490.8100651800032,1000.0,1487.8485651800033,1000.0,0.08039219938156852,0.0
21662,1720143480000.0,0.0,0.0,0.76,157.69671052631577,0.0,0.0,152.18,0.9999253857184062,1.0,1490.8100651800032,1000.0,1486.6173651800032,1000.0,0.08039219938156852,0.0
21663,1720147080000.0,0.0,0.0,0.76,157.69671052631577,0.0,0.0,151.89,0.9999253857184062,1.0,1490.8100651800032,1000.0,1486.3969651800032,1000.0,0.08039219938156852,0.0
21664,1720150680000.0,0.0,0.0,1.72,151.04226744186047,0.0,0.0,144.83,0.9999253857184062,1.0,1490.7820765400031,1000.0,1480.0969765400032,1000.0,0.17426604739101775,0.0
21665,1720154280000.0,0.0,0.0,1.72,151.04226744186047,0.0,0.0,140.88,0.9999253857184062,1.0,1490.7820765400031,1000.0,1473.302976540003,1000.0,0.17426604739101775,0.0
21666,1720157880000.0,0.0,0.0,1.72,151.04226744186047,0.0,0.0,137.6,0.9999253857184062,1.0,1490.7820765400031,1000.0,1467.6613765400032,1000.0,0.17426604739101775,0.0
21667,1720161480000.0,0.0,0.0,2.54,146.6025590551181,0.0,0.0,134.4,0.9999253857184062,1.0,1490.759560980003,1000.0,1459.765060980003,1000.0,0.24978575334791692,0.0
21668,1720165080000.0,0.0,0.0,2.54,146.6025590551181,0.0,0.0,133.6,0.9999253857184062,1.0,1490.759560980003,1000.0,1457.733060980003,1000.0,0.24978575334791692,0.0
21669,1720168680000.0,0.0,0.0,2.54,146.6025590551181,0.0,0.0,137.28,0.9999253857184062,1.0,1490.759560980003,1000.0,1467.080260980003,1000.0,0.24978575334791692,0.0
21670,1720172280000.0,0.0,0.0,2.54,146.6025590551181,0.0,0.0,140.47,0.9999253857184062,1.0,1490.759560980003,1000.0,1475.1828609800032,1000.0,0.24978575334791692,0.0
21671,1720175880000.0,0.0,0.0,2.54,146.6025590551181,0.0,0.0,144.92,0.9999253857184062,1.0,1490.759560980003,1000.0,1486.485860980003,1000.0,0.24978575334791692,0.0
21672,1720179480000.0,0.0,0.0,2.54,146.6025590551181,0.0,0.0,146.83,0.9999253857184062,1.0,1490.759560980003,1000.0,1491.337260980003,1000.0,0.24978575334791692,0.0
21673,1720183080000.0,0.0,0.0,2.54,146.6025590551181,0.0,0.0,148.0,0.9999253857184062,1.0,1490.759560980003,1000.0,1494.309060980003,1000.0,0.24978575334791692,0.0
21674,1720186680000.0,0.0,0.0,2.54,146.6025590551181,0.0,0.0,148.93,0.9999253857184062,1.0,1490.759560980003,1000.0,1496.6712609800031,1000.0,0.24978575334791692,0.0
21675,1720190280000.0,0.0,0.0,2.54,146.6025590551181,0.0,0.0,148.86,0.9999253857184062,1.0,1490.759560980003,1000.0,1496.4934609800032,1000.0,0.24978575334791692,0.0
21676,1720193880000.0,0.0,0.0,0.51,146.6025590551181,0.0,0.0,150.95,0.9999253857184062,1.0,1499.645356038113,1000.0,1501.8625509200028,1000.0,0.049856657653804676,0.0
21677,1720197480000.0,0.0,0.0,0.01,146.6025590551181,0.0,0.0,154.52,0.9999253857184062,1.0,1502.011440010554,1000.0,1502.0906144200028,1000.0,0.0009760415610022782,0.0
21678,1720201080000.0,0.0,0.0,0.0,146.6025590551181,0.0,0.0,154.18,0.9999253857184062,1.0,1502.0907053000028,1000.0,1502.0907053000028,1000.0,0.0,0.0
21679,1720204680000.0,0.0,0.0,0.0,146.6025590551181,0.0,0.0,155.61,0.9999253857184062,1.0,1502.0907053000028,1000.0,1502.0907053000028,1000.0,0.0,0.0
21680,1720208280000.0,0.0,0.0,0.0,146.6025590551181,0.0,0.0,153.12,0.9999253857184062,1.0,1502.0907053000028,1000.0,1502.0907053000028,1000.0,0.0,0.0
21681,1720211880000.0,0.0,0.0,0.0,146.6025590551181,0.0,0.0,152.53,0.9999253857184062,1.0,1502.0907053000028,1000.0,1502.0907053000028,1000.0,0.0,0.0
21682,1720215480000.0,0.0,0.0,0.0,146.6025590551181,0.0,0.0,152.49,0.9999253857184062,1.0,1502.0907053000028,1000.0,1502.0907053000028,1000.0,0.0,0.0
21683,1720219080000.0,0.0,0.0,0.0,146.6025590551181,0.0,0.0,152.93,0.9999253857184062,1.0,1502.0907053000028,1000.0,1502.0907053000028,1000.0,0.0,0.0
21684,1720222680000.0,0.0,0.0,0.0,146.6025590551181,0.0,0.0,155.17,0.9999253857184062,1.0,1502.0907053000028,1000.0,1502.0907053000028,1000.0,0.0,0.0
21685,1720226280000.0,0.0,0.0,0.0,146.6025590551181,0.0,0.0,155.86,0.9999253857184062,1.0,1502.0907053000028,1000.0,1502.0907053000028,1000.0,0.0,0.0
21686,1720229880000.0,0.0,0.0,0.0,146.6025590551181,0.0,0.0,155.14,0.9999253857184062,1.0,1502.0907053000028,1000.0,1502.0907053000028,1000.0,0.0,0.0
21687,1720233480000.0,0.0,0.0,0.0,146.6025590551181,0.0,0.0,155.82,0.9999253857184062,1.0,1502.0907053000028,1000.0,1502.0907053000028,1000.0,0.0,0.0
21688,1720237080000.0,0.0,0.0,0.0,146.6025590551181,0.0,0.0,156.7,0.9999253857184062,1.0,1502.0907053000028,1000.0,1502.0907053000028,1000.0,0.0,0.0
21689,1720240680000.0,0.0,0.0,0.0,146.6025590551181,0.0,0.0,158.25,0.9999253857184062,1.0,1502.0907053000028,1000.0,1502.0907053000028,1000.0,0.0,0.0
21690,1720244280000.0,0.0,0.0,0.0,146.6025590551181,0.0,0.0,158.25,0.9999253857184062,1.0,1502.0907053000028,1000.0,1502.0907053000028,1000.0,0.0,0.0
21691,1720247880000.0,0.0,0.0,0.0,146.6025590551181,0.0,0.0,157.02,0.9999253857184062,1.0,1502.0907053000028,1000.0,1502.0907053000028,1000.0,0.0,0.0
21692,1720251480000.0,0.0,0.0,0.0,146.6025590551181,0.0,0.0,156.01,0.9999253857184062,1.0,1502.0907053000028,1000.0,1502.0907053000028,1000.0,0.0,0.0
21693,1720255080000.0,0.0,0.0,0.0,146.6025590551181,0.0,0.0,155.97,0.9999253857184062,1.0,1502.0907053000028,1000.0,1502.0907053000028,1000.0,0.0,0.0
21694,1720258680000.0,0.0,0.0,0.0,146.6025590551181,0.0,0.0,155.46,0.9999253857184062,1.0,1502.0907053000028,1000.0,1502.0907053000028,1000.0,0.0,0.0
21695,1720262280000.0,0.0,0.0,0.0,146.6025590551181,0.0,0.0,155.23,0.9999253857184062,1.0,1502.0907053000028,1000.0,1502.0907053000028,1000.0,0.0,0.0
21696,1720265880000.0,0.0,0.0,0.0,146.6025590551181,0.0,0.0,154.22,0.9999253857184062,1.0,1502.0907053000028,1000.0,1502.0907053000028,1000.0,0.0,0.0
21697,1720269480000.0,0.0,0.0,0.0,146.6025590551181,0.0,0.0,153.7,0.9999253857184062,1.0,1502.0907053000028,1000.0,1502.0907053000028,1000.0,0.0,0.0
21698,1720273080000.0,0.0,0.0,0.0,146.6025590551181,0.0,0.0,154.89,0.9999253857184062,1.0,1502.0907053000028,1000.0,1502.0907053000028,1000.0,0.0,0.0
21699,1720276680000.0,0.0,0.0,0.0,146.6025590551181,0.0,0.0,157.54,0.9999253857184062,1.0,1502.0907053000028,1000.0,1502.0907053000028,1000.0,0.0,0.0
21700,1720280280000.0,0.0,0.0,0.0,146.6025590551181,0.0,0.0,157.6,0.9999253857184062,1.0,1502.0907053000028,1000.0,1502.0907053000028,1000.0,0.0,0.0
21701,1720283880000.0,0.0,0.0,0.0,146.6025590551181,0.0,0.0,158.57,0.9999253857184062,1.0,1502.0907053000028,1000.0,1502.0907053000028,1000.0,0.0,0.0
21702,1720287480000.0,0.0,0.0,0.0,146.6025590551181,0.0,0.0,156.51,0.9999253857184062,1.0,1502.0907053000028,1000.0,1502.0907053000028,1000.0,0.0,0.0
21703,1720291080000.0,0.0,0.0,0.0,146.6025590551181,0.0,0.0,156.49,0.9999253857184062,1.0,1502.0907053000028,1000.0,1502.0907053000028,1000.0,0.0,0.0
21704,1720294680000.0,0.0,0.0,0.0,146.6025590551181,0.0,0.0,156.15,0.9999253857184062,1.0,1502.0907053000028,1000.0,1502.0907053000028,1000.0,0.0,0.0
21705,1720298280000.0,0.0,0.0,0.0,146.6025590551181,0.0,0.0,156.48,0.9999253857184062,1.0,1502.0907053000028,1000.0,1502.0907053000028,1000.0,0.0,0.0
21706,1720301880000.0,0.0,0.0,0.0,146.6025590551181,0.0,0.0,156.77,0.9999253857184062,1.0,1502.0907053000028,1000.0,1502.0907053000028,1000.0,0.0,0.0
21707,1720305480000.0,0.0,0.0,0.0,146.6025590551181,0.0,0.0,157.72,0.9999253857184062,1.0,1502.0907053000028,1000.0,1502.0907053000028,1000.0,0.0,0.0
21708,1720309080000.0,0.0,0.0,0.0,146.6025590551181,0.0,0.0,158.43,0.9999253857184062,1.0,1502.0907053000028,1000.0,1502.0907053000028,1000.0,0.0,0.0
21709,1720312680000.0,0.0,0.0,0.0,146.6025590551181,0.0,0.0,158.61,0.9999253857184062,1.0,1502.0907053000028,1000.0,1502.0907053000028,1000.0,0.0,0.0
21710,1720316280000.0,0.0,0.0,0.0,146.6025590551181,0.0,0.0,157.36,0.9999253857184062,1.0,1502.0907053000028,1000.0,1502.0907053000028,1000.0,0.0,0.0
21711,1720319880000.0,0.0,0.0,0.0,146.6025590551181,0.0,0.0,157.68,0.9999253857184062,1.0,1502.0907053000028,1000.0,1502.0907053000028,1000.0,0.0,0.0
21712,1720323480000.0,0.0,0.0,0.0,146.6025590551181,0.0,0.0,155.88,0.9999253857184062,1.0,1502.0907053000028,1000.0,1502.0907053000028,1000.0,0.0,0.0
21713,1720327080000.0,0.0,0.0,0.0,146.6025590551181,0.0,0.0,155.94,0.9999253857184062,1.0,1502.0907053000028,1000.0,1502.0907053000028,1000.0,0.0,0.0
21714,1720330680000.0,0.0,0.0,0.0,146.6025590551181,0.0,0.0,155.15,0.9999253857184062,1.0,1502.0907053000028,1000.0,1502.0907053000028,1000.0,0.0,0.0
21715,1720334280000.0,0.0,0.0,0.0,146.6025590551181,0.0,0.0,155.34,0.9999253857184062,1.0,1502.0907053000028,1000.0,1502.0907053000028,1000.0,0.0,0.0
21716,1720337880000.0,0.0,0.0,0.0,146.6025590551181,0.0,0.0,153.54,0.9999253857184062,1.0,1502.0907053000028,1000.0,1502.0907053000028,1000.0,0.0,0.0
21717,1720341480000.0,0.0,0.0,0.0,146.6025590551181,0.0,0.0,153.49,0.9999253857184062,1.0,1502.0907053000028,1000.0,1502.0907053000028,1000.0,0.0,0.0
21718,1720345080000.0,0.0,0.0,0.0,146.6025590551181,0.0,0.0,154.6,0.9999253857184062,1.0,1502.0907053000028,1000.0,1502.0907053000028,1000.0,0.0,0.0
21719,1720348680000.0,0.0,0.0,0.0,146.6025590551181,0.0,0.0,154.44,0.9999253857184062,1.0,1502.0907053000028,1000.0,1502.0907053000028,1000.0,0.0,0.0
21720,1720352280000.0,0.0,0.0,0.0,146.6025590551181,0.0,0.0,153.91,0.9999253857184062,1.0,1502.0907053000028,1000.0,1502.0907053000028,1000.0,0.0,0.0
21721,1720355880000.0,0.0,0.0,0.0,146.6025590551181,0.0,0.0,153.6,0.9999253857184062,1.0,1502.0907053000028,1000.0,1502.0907053000028,1000.0,0.0,0.0
21722,1720359480000.0,0.0,0.0,0.0,146.6025590551181,0.0,0.0,153.08,0.9999253857184062,1.0,1502.0907053000028,1000.0,1502.0907053000028,1000.0,0.0,0.0
21723,1720363080000.0,0.0,0.0,0.0,146.6025590551181,0.0,0.0,154.24,0.9999253857184062,1.0,1502.0907053000028,1000.0,1502.0907053000028,1000.0,0.0,0.0
21724,1720366680000.0,0.0,0.0,0.0,146.6025590551181,0.0,0.0,156.22,0.9999253857184062,1.0,1502.0907053000028,1000.0,1502.0907053000028,1000.0,0.0,0.0
21725,1720370280000.0,0.0,0.0,0.0,146.6025590551181,0.0,0.0,155.27,0.9999253857184062,1.0,1502.0907053000028,1000.0,1502.0907053000028,1000.0,0.0,0.0
21726,1720373880000.0,0.0,0.0,0.0,146.6025590551181,0.0,0.0,155.71,0.9999253857184062,1.0,1502.0907053000028,1000.0,1502.0907053000028,1000.0,0.0,0.0
21727,1720377480000.0,0.0,0.0,0.0,146.6025590551181,0.0,0.0,154.84,0.9999253857184062,1.0,1502.0907053000028,1000.0,1502.0907053000028,1000.0,0.0,0.0
21728,1720381080000.0,0.0,0.0,0.0,146.6025590551181,0.0,0.0,154.09,0.9999253857184062,1.0,1502.0907053000028,1000.0,1502.0907053000028,1000.0,0.0,0.0
21729,1720384680000.0,0.0,0.0,0.0,146.6025590551181,0.0,0.0,155.03,0.9999253857184062,1.0,1502.0907053000028,1000.0,1502.0907053000028,1000.0,0.0,0.0
21730,1720388280000.0,0.0,0.0,0.0,146.6025590551181,0.0,0.0,152.08,0.9999253857184062,1.0,1502.0907053000028,1000.0,1502.0907053000028,1000.0,0.0,0.0
21731,1720391880000.0,0.0,0.0,0.0,146.6025590551181,0.0,0.0,152.49,0.9999253857184062,1.0,1502.0907053000028,1000.0,1502.0907053000028,1000.0,0.0,0.0
21732,1720395480000.0,0.0,0.0,0.0,146.6025590551181,0.0,0.0,150.58,0.9999253857184062,1.0,1502.0907053000028,1000.0,1502.0907053000028,1000.0,0.0,0.0
21733,1720399080000.0,0.0,0.0,0.4,149.38,0.0,0.0,148.05,0.9999253857184062,1.0,1502.0787549000029,1000.0,1501.546754900003,1000.0,0.039779538725969024,0.0
21734,1720402680000.0,0.0,0.0,0.4,149.38,0.0,0.0,144.79,0.9999253857184062,1.0,1502.0787549000029,1000.0,1500.2427549000029,1000.0,0.039779538725969024,0.0
21735,1720406280000.0,0.0,0.0,0.4,149.38,0.0,0.0,148.82,0.9999253857184062,1.0,1502.0787549000029,1000.0,1501.854754900003,1000.0,0.039779538725969024,0.0
21736,1720409880000.0,0.0,0.0,0.4,149.38,0.0,0.0,147.91,0.9999253857184062,1.0,1502.0787549000029,1000.0,1501.490754900003,1000.0,0.039779538725969024,0.0
21737,1720413480000.0,0.0,0.0,0.4,149.38,0.0,0.0,148.77,0.9999253857184062,1.0,1502.0787549000029,1000.0,1501.834754900003,1000.0,0.039779538725969024,0.0
21738,1720417080000.0,0.0,0.0,0.4,149.38,0.0,0.0,149.7,0.9999253857184062,1.0,1502.0787549000029,1000.0,1502.2067549000028,1000.0,0.039779538725969024,0.0
21739,1720420680000.0,0.0,0.0,0.4,149.38,0.0,0.0,150.64,0.9999253857184062,1.0,1502.0787549000029,1000.0,1502.5827549000028,1000.0,0.039779538725969024,0.0
21740,1720424280000.0,0.0,0.0,0.4,149.38,0.0,0.0,151.59,0.9999253857184062,1.0,1502.0787549000029,1000.0,1502.962754900003,1000.0,0.039779538725969024,0.0
21741,1720427880000.0,0.0,0.0,0.4,149.38,0.0,0.0,152.94,0.9999253857184062,1.0,1502.0787549000029,1000.0,1503.5027549000029,1000.0,0.039779538725969024,0.0
21742,1720431480000.0,0.0,0.0,0.01,149.38,0.0,0.0,154.02,0.9999253857184062,1.0,1503.817853040003,1000.0,1503.864253040003,1000.0,0.0009933383866804403,0.0
21743,1720435080000.0,0.0,0.0,0.0,149.38,0.0,0.0,153.14,0.9999253857184062,1.0,1503.8624453000032,1000.0,1503.8624453000032,1000.0,0.0,0.0
21744,1720438680000.0,0.0,0.0,0.0,149.38,0.0,0.0,150.14,0.9999253857184062,1.0,1503.8624453000032,1000.0,1503.8624453000032,1000.0,0.0,0.0
21745,1720442280000.0,0.0,0.0,0.0,149.38,0.0,0.0,151.74,0.9999253857184062,1.0,1503.8624453000032,1000.0,1503.8624453000032,1000.0,0.0,0.0
21746,1720445880000.0,0.0,0.0,0.0,149.38,0.0,0.0,153.27,0.9999253857184062,1.0,1503.8624453000032,1000.0,1503.8624453000032,1000.0,0.0,0.0
21747,1720449480000.0,0.0,0.0,0.0,149.38,0.0,0.0,151.22,0.9999253857184062,1.0,1503.8624453000032,1000.0,1503.8624453000032,1000.0,0.0,0.0
21748,1720453080000.0,0.0,0.0,0.0,149.38,0.0,0.0,152.85,0.9999253857184062,1.0,1503.8624453000032,1000.0,1503.8624453000032,1000.0,0.0,0.0
21749,1720456680000.0,0.0,0.0,0.0,149.38,0.0,0.0,153.39,0.9999253857184062,1.0,1503.8624453000032,1000.0,1503.8624453000032,1000.0,0.0,0.0
21750,1720460280000.0,0.0,0.0,0.0,149.38,0.0,0.0,152.78,0.9999253857184062,1.0,1503.8624453000032,1000.0,1503.8624453000032,1000.0,0.0,0.0
21751,1720463880000.0,0.0,0.0,0.0,149.38,0.0,0.0,152.75,0.9999253857184062,1.0,1503.8624453000032,1000.0,1503.8624453000032,1000.0,0.0,0.0
21752,1720467480000.0,0.0,0.0,0.0,149.38,0.0,0.0,153.97,0.9999253857184062,1.0,1503.8624453000032,1000.0,1503.8624453000032,1000.0,0.0,0.0
21753,1720471080000.0,0.0,0.0,0.0,149.38,0.0,0.0,152.76,0.9999253857184062,1.0,1503.8624453000032,1000.0,1503.8624453000032,1000.0,0.0,0.0
21754,1720474680000.0,0.0,0.0,0.0,149.38,0.0,0.0,152.85,0.9999253857184062,1.0,1503.8624453000032,1000.0,1503.8624453000032,1000.0,0.0,0.0
21755,1720478280000.0,0.0,0.0,0.0,149.38,0.0,0.0,152.56,0.9999253857184062,1.0,1503.8624453000032,1000.0,1503.8624453000032,1000.0,0.0,0.0
21756,1720481880000.0,0.0,0.0,0.0,149.38,0.0,0.0,153.54,0.9999253857184062,1.0,1503.8624453000032,1000.0,1503.8624453000032,1000.0,0.0,0.0
21757,1720485480000.0,0.0,0.0,0.0,149.38,0.0,0.0,154.05,0.9999253857184062,1.0,1503.8624453000032,1000.0,1503.8624453000032,1000.0,0.0,0.0
21758,1720489080000.0,0.0,0.0,0.0,149.38,0.0,0.0,153.81,0.9999253857184062,1.0,1503.8624453000032,1000.0,1503.8624453000032,1000.0,0.0,0.0
21759,1720492680000.0,0.0,0.0,0.0,149.38,0.0,0.0,154.46,0.9999253857184062,1.0,1503.8624453000032,1000.0,1503.8624453000032,1000.0,0.0,0.0
21760,1720496280000.0,0.0,0.0,0.0,149.38,0.0,0.0,154.58,0.9999253857184062,1.0,1503.8624453000032,1000.0,1503.8624453000032,1000.0,0.0,0.0
21761,1720499880000.0,0.0,0.0,0.0,149.38,0.0,0.0,154.83,0.9999253857184062,1.0,1503.8624453000032,1000.0,1503.8624453000032,1000.0,0.0,0.0
21762,1720503480000.0,0.0,0.0,0.0,149.38,0.0,0.0,154.62,0.9999253857184062,1.0,1503.8624453000032,1000.0,1503.8624453000032,1000.0,0.0,0.0
21763,1720507080000.0,0.0,0.0,0.0,149.38,0.0,0.0,154.47,0.9999253857184062,1.0,1503.8624453000032,1000.0,1503.8624453000032,1000.0,0.0,0.0
21764,1720510680000.0,0.0,0.0,0.0,149.38,0.0,0.0,154.54,0.9999253857184062,1.0,1503.8624453000032,1000.0,1503.8624453000032,1000.0,0.0,0.0
21765,1720514280000.0,0.0,0.0,0.0,149.38,0.0,0.0,154.31,0.9999253857184062,1.0,1503.8624453000032,1000.0,1503.8624453000032,1000.0,0.0,0.0
21766,1720517880000.0,0.0,0.0,0.0,149.38,0.0,0.0,153.72,0.9999253857184062,1.0,1503.8624453000032,1000.0,1503.8624453000032,1000.0,0.0,0.0
21767,1720521480000.0,0.0,0.0,0.0,149.38,0.0,0.0,153.48,0.9999253857184062,1.0,1503.8624453000032,1000.0,1503.8624453000032,1000.0,0.0,0.0
21768,1720525080000.0,0.0,0.0,0.0,149.38,0.0,0.0,154.52,0.9999253857184062,1.0,1503.8624453000032,1000.0,1503.8624453000032,1000.0,0.0,0.0
21769,1720528680000.0,0.0,0.0,0.0,149.38,0.0,0.0,154.48,0.9999253857184062,1.0,1503.8624453000032,1000.0,1503.8624453000032,1000.0,0.0,0.0
21770,1720532280000.0,0.0,0.0,0.0,149.38,0.0,0.0,154.47,0.9999253857184062,1.0,1503.8624453000032,1000.0,1503.8624453000032,1000.0,0.0,0.0
21771,1720535880000.0,0.0,0.0,0.0,149.38,0.0,0.0,154.53,0.9999253857184062,1.0,1503.8624453000032,1000.0,1503.8624453000032,1000.0,0.0,0.0
21772,1720539480000.0,0.0,0.0,0.0,149.38,0.0,0.0,154.71,0.9999253857184062,1.0,1503.8624453000032,1000.0,1503.8624453000032,1000.0,0.0,0.0
21773,1720543080000.0,0.0,0.0,0.0,149.38,0.0,0.0,154.55,0.9999253857184062,1.0,1503.8624453000032,1000.0,1503.8624453000032,1000.0,0.0,0.0
21774,1720546680000.0,0.0,0.0,0.0,149.38,0.0,0.0,154.78,0.9999253857184062,1.0,1503.8624453000032,1000.0,1503.8624453000032,1000.0,0.0,0.0
21775,1720550280000.0,0.0,0.0,0.0,149.38,0.0,0.0,155.07,0.9999253857184062,1.0,1503.8624453000032,1000.0,1503.8624453000032,1000.0,0.0,0.0
21776,1720553880000.0,0.0,0.0,0.0,149.38,0.0,0.0,154.58,0.9999253857184062,1.0,1503.8624453000032,1000.0,1503.8624453000032,1000.0,0.0,0.0
21777,1720557480000.0,0.0,0.0,0.0,149.38,0.0,0.0,154.85,0.9999253857184062,1.0,1503.8624453000032,1000.0,1503.8624453000032,1000.0,0.0,0.0
21778,1720561080000.0,0.0,0.0,0.0,149.38,0.0,0.0,155.03,0.9999253857184062,1.0,1503.8624453000032,1000.0,1503.8624453000032,1000.0,0.0,0.0
21779,1720564680000.0,0.0,0.0,0.0,149.38,0.0,0.0,154.74,0.9999253857184062,1.0,1503.8624453000032,1000.0,1503.8624453000032,1000.0,0.0,0.0
21780,1720568280000.0,0.0,0.0,0.0,149.38,0.0,0.0,154.92,0.9999253857184062,1.0,1503.8624453000032,1000.0,1503.8624453000032,1000.0,0.0,0.0
21781,1720571880000.0,0.0,0.0,0.0,149.38,0.0,0.0,154.12,0.9999253857184062,1.0,1503.8624453000032,1000.0,1503.8624453000032,1000.0,0.0,0.0
21782,1720575480000.0,0.0,0.0,0.0,149.38,0.0,0.0,155.36,0.9999253857184062,1.0,1503.8624453000032,1000.0,1503.8624453000032,1000.0,0.0,0.0
21783,1720579080000.0,0.0,0.0,0.0,149.38,0.0,0.0,155.37,0.9999253857184062,1.0,1503.8624453000032,1000.0,1503.8624453000032,1000.0,0.0,0.0
21784,1720582680000.0,0.0,0.0,0.0,149.38,0.0,0.0,154.97,0.9999253857184062,1.0,1503.8624453000032,1000.0,1503.8624453000032,1000.0,0.0,0.0
21785,1720586280000.0,0.0,0.0,0.0,149.38,0.0,0.0,155.66,0.9999253857184062,1.0,1503.8624453000032,1000.0,1503.8624453000032,1000.0,0.0,0.0
21786,1720589880000.0,0.0,0.0,0.0,149.38,0.0,0.0,155.5,0.9999253857184062,1.0,1503.8624453000032,1000.0,1503.8624453000032,1000.0,0.0,0.0
21787,1720593480000.0,0.0,0.0,0.0,149.38,0.0,0.0,155.42,0.9999253857184062,1.0,1503.8624453000032,1000.0,1503.8624453000032,1000.0,0.0,0.0
21788,1720597080000.0,0.0,0.0,0.0,149.38,0.0,0.0,155.17,0.9999253857184062,1.0,1503.8624453000032,1000.0,1503.8624453000032,1000.0,0.0,0.0
21789,1720600680000.0,0.0,0.0,0.0,149.38,0.0,0.0,154.49,0.9999253857184062,1.0,1503.8624453000032,1000.0,1503.8624453000032,1000.0,0.0,0.0
21790,1720604280000.0,0.0,0.0,0.0,149.38,0.0,0.0,154.2,0.9999253857184062,1.0,1503.8624453000032,1000.0,1503.8624453000032,1000.0,0.0,0.0
21791,1720607880000.0,0.0,0.0,0.0,149.38,0.0,0.0,154.63,0.9999253857184062,1.0,1503.8624453000032,1000.0,1503.8624453000032,1000.0,0.0,0.0
21792,1720611480000.0,0.0,0.0,0.0,149.38,0.0,0.0,154.12,0.9999253857184062,1.0,1503.8624453000032,1000.0,1503.8624453000032,1000.0,0.0,0.0
21793,1720615080000.0,0.0,0.0,0.0,149.38,0.0,0.0,154.14,0.9999253857184062,1.0,1503.8624453000032,1000.0,1503.8624453000032,1000.0,0.0,0.0
21794,1720618680000.0,0.0,0.0,0.0,149.38,0.0,0.0,154.11,0.9999253857184062,1.0,1503.8624453000032,1000.0,1503.8624453000032,1000.0,0.0,0.0
21795,1720622280000.0,0.0,0.0,0.0,149.38,0.0,0.0,154.34,0.9999253857184062,1.0,1503.8624453000032,1000.0,1503.8624453000032,1000.0,0.0,0.0
21796,1720625880000.0,0.0,0.0,0.0,149.38,0.0,0.0,154.22,0.9999253857184062,1.0,1503.8624453000032,1000.0,1503.8624453000032,1000.0,0.0,0.0
21797,1720629480000.0,0.0,0.0,0.0,149.38,0.0,0.0,155.41,0.9999253857184062,1.0,1503.8624453000032,1000.0,1503.8624453000032,1000.0,0.0,0.0
21798,1720633080000.0,0.0,0.0,0.0,149.38,0.0,0.0,155.72,0.9999253857184062,1.0,1503.8624453000032,1000.0,1503.8624453000032,1000.0,0.0,0.0
21799,1720636680000.0,0.0,0.0,0.0,149.38,0.0,0.0,155.64,0.9999253857184062,1.0,1503.8624453000032,1000.0,1503.8624453000032,1000.0,0.0,0.0
21800,1720640280000.0,0.0,0.0,0.0,149.38,0.0,0.0,157.39,0.9999253857184062,1.0,1503.8624453000032,1000.0,1503.8624453000032,1000.0,0.0,0.0
21801,1720643880000.0,0.0,0.0,0.0,149.38,0.0,0.0,157.25,0.9999253857184062,1.0,1503.8624453000032,1000.0,1503.8624453000032,1000.0,0.0,0.0
21802,1720647480000.0,0.0,0.0,0.0,149.38,0.0,0.0,155.98,0.9999253857184062,1.0,1503.8624453000032,1000.0,1503.8624453000032,1000.0,0.0,0.0
21803,1720651080000.0,0.0,0.0,0.0,149.38,0.0,0.0,155.86,0.9999253857184062,1.0,1503.8624453000032,1000.0,1503.8624453000032,1000.0,0.0,0.0
21804,1720654680000.0,0.0,0.0,0.0,149.38,0.0,0.0,156.28,0.9999253857184062,1.0,1503.8624453000032,1000.0,1503.8624453000032,1000.0,0.0,0.0
21805,1720658280000.0,0.0,0.0,0.0,149.38,0.0,0.0,155.41,0.9999253857184062,1.0,1503.8624453000032,1000.0,1503.8624453000032,1000.0,0.0,0.0
21806,1720661880000.0,0.0,0.0,0.0,149.38,0.0,0.0,156.93,0.9999253857184062,1.0,1503.8624453000032,1000.0,1503.8624453000032,1000.0,0.0,0.0
21807,1720665480000.0,0.0,0.0,0.0,149.38,0.0,0.0,158.28,0.9999253857184062,1.0,1503.8624453000032,1000.0,1503.8624453000032,1000.0,0.0,0.0
21808,1720669080000.0,0.0,0.0,0.0,149.38,0.0,0.0,157.64,0.9999253857184062,1.0,1503.8624453000032,1000.0,1503.8624453000032,1000.0,0.0,0.0
21809,1720672680000.0,0.0,0.0,0.0,149.38,0.0,0.0,158.69,0.9999253857184062,1.0,1503.8624453000032,1000.0,1503.8624453000032,1000.0,0.0,0.0
21810,1720676280000.0,0.0,0.0,0.0,149.38,0.0,0.0,158.47,0.9999253857184062,1.0,1503.8624453000032,1000.0,1503.8624453000032,1000.0,0.0,0.0
21811,1720679880000.0,0.0,0.0,0.0,149.38,0.0,0.0,158.85,0.9999253857184062,1.0,1503.8624453000032,1000.0,1503.8624453000032,1000.0,0.0,0.0
21812,1720683480000.0,0.0,0.0,0.0,149.38,0.0,0.0,158.78,0.9999253857184062,1.0,1503.8624453000032,1000.0,1503.8624453000032,1000.0,0.0,0.0
21813,1720687080000.0,0.0,0.0,0.0,149.38,0.0,0.0,158.34,0.9999253857184062,1.0,1503.8624453000032,1000.0,1503.8624453000032,1000.0,0.0,0.0
21814,1720690680000.0,0.0,0.0,0.0,149.38,0.0,0.0,158.22,0.9999253857184062,1.0,1503.8624453000032,1000.0,1503.8624453000032,1000.0,0.0,0.0
21815,1720694280000.0,0.0,0.0,0.0,149.38,0.0,0.0,158.0,0.9999253857184062,1.0,1503.8624453000032,1000.0,1503.8624453000032,1000.0,0.0,0.0
21816,1720697880000.0,0.0,0.0,0.0,149.38,0.0,0.0,158.02,0.9999253857184062,1.0,1503.8624453000032,1000.0,1503.8624453000032,1000.0,0.0,0.0
21817,1720701480000.0,0.0,0.0,0.0,149.38,0.0,0.0,158.68,0.9999253857184062,1.0,1503.8624453000032,1000.0,1503.8624453000032,1000.0,0.0,0.0
21818,1720705080000.0,0.0,0.0,0.0,149.38,0.0,0.0,157.53,0.9999253857184062,1.0,1503.8624453000032,1000.0,1503.8624453000032,1000.0,0.0,0.0
21819,1720708680000.0,0.0,0.0,0.0,149.38,0.0,0.0,157.71,0.9999253857184062,1.0,1503.8624453000032,1000.0,1503.8624453000032,1000.0,0.0,0.0
21820,1720712280000.0,0.0,0.0,0.0,149.38,0.0,0.0,157.4,0.9999253857184062,1.0,1503.8624453000032,1000.0,1503.8624453000032,1000.0,0.0,0.0
21821,1720715880000.0,0.0,0.0,0.0,149.38,0.0,0.0,157.46,0.9999253857184062,1.0,1503.8624453000032,1000.0,1503.8624453000032,1000.0,0.0,0.0
21822,1720719480000.0,0.0,0.0,0.0,149.38,0.0,0.0,158.76,0.9999253857184062,1.0,1503.8624453000032,1000.0,1503.8624453000032,1000.0,0.0,0.0
21823,1720723080000.0,0.0,0.0,0.0,149.38,0.0,0.0,157.86,0.9999253857184062,1.0,1503.8624453000032,1000.0,1503.8624453000032,1000.0,0.0,0.0
21824,1720726680000.0,0.0,0.0,0.0,149.38,0.0,0.0,158.15,0.9999253857184062,1.0,1503.8624453000032,1000.0,1503.8624453000032,1000.0,0.0,0.0
21825,1720730280000.0,0.0,0.0,0.0,149.38,0.0,0.0,158.59,0.9999253857184062,1.0,1503.8624453000032,1000.0,1503.8624453000032,1000.0,0.0,0.0
21826,1720733880000.0,0.0,0.0,0.0,149.38,0.0,0.0,157.97,0.9999253857184062,1.0,1503.8624453000032,1000.0,1503.8624453000032,1000.0,0.0,0.0
21827,1720737480000.0,0.0,0.0,0.0,149.38,0.0,0.0,158.31,0.9999253857184062,1.0,1503.8624453000032,1000.0,1503.8624453000032,1000.0,0.0,0.0
21828,1720741080000.0,0.0,0.0,0.0,149.38,0.0,0.0,158.66,0.9999253857184062,1.0,1503.8624453000032,1000.0,1503.8624453000032,1000.0,0.0,0.0
21829,1720744680000.0,0.0,0.0,0.0,149.38,0.0,0.0,158.61,0.9999253857184062,1.0,1503.8624453000032,1000.0,1503.8624453000032,1000.0,0.0,0.0
21830,1720748280000.0,0.0,0.0,0.0,149.38,0.0,0.0,157.69,0.9999253857184062,1.0,1503.8624453000032,1000.0,1503.8624453000032,1000.0,0.0,0.0
21831,1720751880000.0,0.0,0.0,0.0,149.38,0.0,0.0,159.23,0.9999253857184062,1.0,1503.8624453000032,1000.0,1503.8624453000032,1000.0,0.0,0.0
21832,1720755480000.0,0.0,0.0,0.0,149.38,0.0,0.0,159.27,0.9999253857184062,1.0,1503.8624453000032,1000.0,1503.8624453000032,1000.0,0.0,0.0
21833,1720759080000.0,0.0,0.0,0.0,149.38,0.0,0.0,158.73,0.9999253857184062,1.0,1503.8624453000032,1000.0,1503.8624453000032,1000.0,0.0,0.0
21834,1720762680000.0,0.0,0.0,0.0,149.38,0.0,0.0,159.33,0.9999253857184062,1.0,1503.8624453000032,1000.0,1503.8624453000032,1000.0,0.0,0.0
21835,1720766280000.0,0.0,0.0,0.0,149.38,0.0,0.0,159.18,0.9999253857184062,1.0,1503.8624453000032,1000.0,1503.8624453000032,1000.0,0.0,0.0
21836,1720769880000.0,0.0,0.0,0.0,149.38,0.0,0.0,159.13,0.9999253857184062,1.0,1503.8624453000032,1000.0,1503.8624453000032,1000.0,0.0,0.0
21837,1720773480000.0,0.0,0.0,0.0,149.38,0.0,0.0,158.82,0.9999253857184062,1.0,1503.8624453000032,1000.0,1503.8624453000032,1000.0,0.0,0.0
21838,1720777080000.0,0.0,0.0,0.0,149.38,0.0,0.0,158.6,0.9999253857184062,1.0,1503.8624453000032,1000.0,1503.8624453000032,1000.0,0.0,0.0
21839,1720780680000.0,0.0,0.0,0.0,149.38,0.0,0.0,157.4,0.9999253857184062,1.0,1503.8624453000032,1000.0,1503.8624453000032,1000.0,0.0,0.0
21840,1720784280000.0,0.0,0.0,0.0,149.38,0.0,0.0,158.55,0.9999253857184062,1.0,1503.8624453000032,1000.0,1503.8624453000032,1000.0,0.0,0.0
21841,1720787880000.0,0.0,0.0,0.0,149.38,0.0,0.0,158.46,0.9999253857184062,1.0,1503.8624453000032,1000.0,1503.8624453000032,1000.0,0.0,0.0
21842,1720791480000.0,0.0,0.0,0.0,149.38,0.0,0.0,158.98,0.9999253857184062,1.0,1503.8624453000032,1000.0,1503.8624453000032,1000.0,0.0,0.0
21843,1720795080000.0,0.0,0.0,0.0,149.38,0.0,0.0,158.59,0.9999253857184062,1.0,1503.8624453000032,1000.0,1503.8624453000032,1000.0,0.0,0.0
21844,1720798680000.0,0.0,0.0,0.0,149.38,0.0,0.0,158.32,0.9999253857184062,1.0,1503.8624453000032,1000.0,1503.8624453000032,1000.0,0.0,0.0
21845,1720802280000.0,0.0,0.0,0.0,149.38,0.0,0.0,158.58,0.9999253857184062,1.0,1503.8624453000032,1000.0,1503.8624453000032,1000.0,0.0,0.0
21846,1720805880000.0,0.0,0.0,0.0,149.38,0.0,0.0,159.51,0.9999253857184062,1.0,1503.8624453000032,1000.0,1503.8624453000032,1000.0,0.0,0.0
21847,1720809480000.0,0.0,0.0,0.0,149.38,0.0,0.0,159.14,0.9999253857184062,1.0,1503.8624453000032,1000.0,1503.8624453000032,1000.0,0.0,0.0
21848,1720813080000.0,0.0,0.0,0.0,149.38,0.0,0.0,158.2,0.9999253857184062,1.0,1503.8624453000032,1000.0,1503.8624453000032,1000.0,0.0,0.0
21849,1720816680000.0,0.0,0.0,0.0,149.38,0.0,0.0,159.12,0.9999253857184062,1.0,1503.8624453000032,1000.0,1503.8624453000032,1000.0,0.0,0.0
21850,1720820280000.0,0.0,0.0,0.0,149.38,0.0,0.0,159.49,0.9999253857184062,1.0,1503.8624453000032,1000.0,1503.8624453000032,1000.0,0.0,0.0
21851,1720823880000.0,0.0,0.0,0.0,149.38,0.0,0.0,159.51,0.9999253857184062,1.0,1503.8624453000032,1000.0,1503.8624453000032,1000.0,0.0,0.0
21852,1720827480000.0,0.0,0.0,0.0,149.38,0.0,0.0,159.41,0.9999253857184062,1.0,1503.8624453000032,1000.0,1503.8624453000032,1000.0,0.0,0.0
21853,1720831080000.0,0.0,0.0,0.0,149.38,0.0,0.0,159.55,0.9999253857184062,1.0,1503.8624453000032,1000.0,1503.8624453000032,1000.0,0.0,0.0
21854,1720834680000.0,0.0,0.0,0.0,149.38,0.0,0.0,160.4,0.9999253857184062,1.0,1503.8624453000032,1000.0,1503.8624453000032,1000.0,0.0,0.0
21855,1720838280000.0,0.0,0.0,0.0,149.38,0.0,0.0,160.54,0.9999253857184062,1.0,1503.8624453000032,1000.0,1503.8624453000032,1000.0,0.0,0.0
21856,1720841880000.0,0.0,0.0,0.0,149.38,0.0,0.0,160.31,0.9999253857184062,1.0,1503.8624453000032,1000.0,1503.8624453000032,1000.0,0.0,0.0
21857,1720845480000.0,0.0,0.0,0.0,149.38,0.0,0.0,160.49,0.9999253857184062,1.0,1503.8624453000032,1000.0,1503.8624453000032,1000.0,0.0,0.0
21858,1720849080000.0,0.0,0.0,0.0,149.38,0.0,0.0,160.78,0.9999253857184062,1.0,1503.8624453000032,1000.0,1503.8624453000032,1000.0,0.0,0.0
21859,1720852680000.0,0.0,0.0,0.0,149.38,0.0,0.0,161.1,0.9999253857184062,1.0,1503.8624453000032,1000.0,1503.8624453000032,1000.0,0.0,0.0
21860,1720856280000.0,0.0,0.0,0.0,149.38,0.0,0.0,161.59,0.9999253857184062,1.0,1503.8624453000032,1000.0,1503.8624453000032,1000.0,0.0,0.0
21861,1720859880000.0,0.0,0.0,0.0,149.38,0.0,0.0,161.85,0.9999253857184062,1.0,1503.8624453000032,1000.0,1503.8624453000032,1000.0,0.0,0.0
21862,1720863480000.0,0.0,0.0,0.0,149.38,0.0,0.0,161.38,0.9999253857184062,1.0,1503.8624453000032,1000.0,1503.8624453000032,1000.0,0.0,0.0
21863,1720867080000.0,0.0,0.0,0.0,149.38,0.0,0.0,160.84,0.9999253857184062,1.0,1503.8624453000032,1000.0,1503.8624453000032,1000.0,0.0,0.0
21864,1720870680000.0,0.0,0.0,0.0,149.38,0.0,0.0,160.13,0.9999253857184062,1.0,1503.8624453000032,1000.0,1503.8624453000032,1000.0,0.0,0.0
21865,1720874280000.0,0.0,0.0,0.0,149.38,0.0,0.0,160.08,0.9999253857184062,1.0,1503.8624453000032,1000.0,1503.8624453000032,1000.0,0.0,0.0
21866,1720877880000.0,0.0,0.0,0.0,149.38,0.0,0.0,159.72,0.9999253857184062,1.0,1503.8624453000032,1000.0,1503.8624453000032,1000.0,0.0,0.0
21867,1720881480000.0,0.0,0.0,0.0,149.38,0.0,0.0,159.17,0.9999253857184062,1.0,1503.8624453000032,1000.0,1503.8624453000032,1000.0,0.0,0.0
21868,1720885080000.0,0.0,0.0,0.0,149.38,0.0,0.0,159.08,0.9999253857184062,1.0,1503.8624453000032,1000.0,1503.8624453000032,1000.0,0.0,0.0
21869,1720888680000.0,0.0,0.0,0.0,149.38,0.0,0.0,159.22,0.9999253857184062,1.0,1503.8624453000032,1000.0,1503.8624453000032,1000.0,0.0,0.0
21870,1720892280000.0,0.0,0.0,0.0,149.38,0.0,0.0,158.48,0.9999253857184062,1.0,1503.8624453000032,1000.0,1503.8624453000032,1000.0,0.0,0.0
21871,1720895880000.0,0.0,0.0,0.0,149.38,0.0,0.0,158.03,0.9999253857184062,1.0,1503.8624453000032,1000.0,1503.8624453000032,1000.0,0.0,0.0
21872,1720899480000.0,0.0,0.0,0.0,149.38,0.0,0.0,157.91,0.9999253857184062,1.0,1503.8624453000032,1000.0,1503.8624453000032,1000.0,0.0,0.0
21873,1720903080000.0,0.0,0.0,0.0,149.38,0.0,0.0,156.98,0.9999253857184062,1.0,1503.8624453000032,1000.0,1503.8624453000032,1000.0,0.0,0.0
21874,1720906680000.0,0.0,0.0,0.0,149.38,0.0,0.0,156.65,0.9999253857184062,1.0,1503.8624453000032,1000.0,1503.8624453000032,1000.0,0.0,0.0
21875,1720910280000.0,0.0,0.0,0.0,149.38,0.0,0.0,156.58,0.9999253857184062,1.0,1503.8624453000032,1000.0,1503.8624453000032,1000.0,0.0,0.0
21876,1720913880000.0,0.0,0.0,0.0,149.38,0.0,0.0,157.11,0.9999253857184062,1.0,1503.8624453000032,1000.0,1503.8624453000032,1000.0,0.0,0.0
21877,1720917480000.0,0.0,0.0,0.0,149.38,0.0,0.0,156.47,0.9999253857184062,1.0,1503.8624453000032,1000.0,1503.8624453000032,1000.0,0.0,0.0
21878,1720921080000.0,0.0,0.0,0.0,149.38,0.0,0.0,157.43,0.9999253857184062,1.0,1503.8624453000032,1000.0,1503.8624453000032,1000.0,0.0,0.0
21879,1720924680000.0,0.0,0.0,0.0,149.38,0.0,0.0,156.28,0.9999253857184062,1.0,1503.8624453000032,1000.0,1503.8624453000032,1000.0,0.0,0.0
21880,1720928280000.0,0.0,0.0,0.0,149.38,0.0,0.0,156.41,0.9999253857184062,1.0,1503.8624453000032,1000.0,1503.8624453000032,1000.0,0.0,0.0
21881,1720931880000.0,0.0,0.0,0.0,149.38,0.0,0.0,156.65,0.9999253857184062,1.0,1503.8624453000032,1000.0,1503.8624453000032,1000.0,0.0,0.0
21882,1720935480000.0,0.0,0.0,0.0,149.38,0.0,0.0,156.79,0.9999253857184062,1.0,1503.8624453000032,1000.0,1503.8624453000032,1000.0,0.0,0.0
21883,1720939080000.0,0.0,0.0,0.0,149.38,0.0,0.0,156.46,0.9999253857184062,1.0,1503.8624453000032,1000.0,1503.8624453000032,1000.0,0.0,0.0
21884,1720942680000.0,0.0,0.0,0.0,149.38,0.0,0.0,156.44,0.9999253857184062,1.0,1503.8624453000032,1000.0,1503.8624453000032,1000.0,0.0,0.0
21885,1720946280000.0,0.0,0.0,0.0,149.38,0.0,0.0,156.9,0.9999253857184062,1.0,1503.8624453000032,1000.0,1503.8624453000032,1000.0,0.0,0.0
21886,1720949880000.0,0.0,0.0,0.0,149.38,0.0,0.0,157.09,0.9999253857184062,1.0,1503.8624453000032,1000.0,1503.8624453000032,1000.0,0.0,0.0
21887,1720953480000.0,0.0,0.0,0.0,149.38,0.0,0.0,156.8,0.9999253857184062,1.0,1503.8624453000032,1000.0,1503.8624453000032,1000.0,0.0,0.0
21888,1720957080000.0,0.0,0.0,0.0,149.38,0.0,0.0,156.7,0.9999253857184062,1.0,1503.8624453000032,1000.0,1503.8624453000032,1000.0,0.0,0.0
21889,1720960680000.0,0.0,0.0,0.0,149.38,0.0,0.0,156.75,0.9999253857184062,1.0,1503.8624453000032,1000.0,1503.8624453000032,1000.0,0.0,0.0
21890,1720964280000.0,0.0,0.0,0.0,149.38,0.0,0.0,156.62,0.9999253857184062,1.0,1503.8624453000032,1000.0,1503.8624453000032,1000.0,0.0,0.0
21891,1720967880000.0,0.0,0.0,0.0,149.38,0.0,0.0,155.44,0.9999253857184062,1.0,1503.8624453000032,1000.0,1503.8624453000032,1000.0,0.0,0.0
21892,1720971480000.0,0.0,0.0,0.0,149.38,0.0,0.0,155.74,0.9999253857184062,1.0,1503.8624453000032,1000.0,1503.8624453000032,1000.0,0.0,0.0
21893,1720975080000.0,0.0,0.0,0.0,149.38,0.0,0.0,156.89,0.9999253857184062,1.0,1503.8624453000032,1000.0,1503.8624453000032,1000.0,0.0,0.0
21894,1720978680000.0,0.0,0.0,0.0,149.38,0.0,0.0,156.35,0.9999253857184062,1.0,1503.8624453000032,1000.0,1503.8624453000032,1000.0,0.0,0.0
21895,1720982280000.0,0.0,0.0,0.0,149.38,0.0,0.0,157.52,0.9999253857184062,1.0,1503.8624453000032,1000.0,1503.8624453000032,1000.0,0.0,0.0
21896,1720985880000.0,0.0,0.0,0.0,149.38,0.0,0.0,158.16,0.9999253857184062,1.0,1503.8624453000032,1000.0,1503.8624453000032,1000.0,0.0,0.0
21897,1720989480000.0,0.0,0.0,0.0,149.38,0.0,0.0,158.97,0.9999253857184062,1.0,1503.8624453000032,1000.0,1503.8624453000032,1000.0,0.0,0.0
21898,1720993080000.0,0.0,0.0,0.0,149.38,0.0,0.0,158.26,0.9999253857184062,1.0,1503.8624453000032,1000.0,1503.8624453000032,1000.0,0.0,0.0
21899,1720996680000.0,0.0,0.0,0.0,149.38,0.0,0.0,158.92,0.9999253857184062,1.0,1503.8624453000032,1000.0,1503.8624453000032,1000.0,0.0,0.0
21900,1721000280000.0,0.0,0.0,0.0,149.38,0.0,0.0,159.51,0.9999253857184062,1.0,1503.8624453000032,1000.0,1503.8624453000032,1000.0,0.0,0.0
21901,1721003880000.0,0.0,0.0,0.0,149.38,0.0,0.0,160.01,0.9999253857184062,1.0,1503.8624453000032,1000.0,1503.8624453000032,1000.0,0.0,0.0
21902,1721007480000.0,0.0,0.0,0.0,149.38,0.0,0.0,159.29,0.9999253857184062,1.0,1503.8624453000032,1000.0,1503.8624453000032,1000.0,0.0,0.0
21903,1721011080000.0,0.0,0.0,0.0,149.38,0.0,0.0,159.05,0.9999253857184062,1.0,1503.8624453000032,1000.0,1503.8624453000032,1000.0,0.0,0.0
21904,1721014680000.0,0.0,0.0,0.0,149.38,0.0,0.0,159.92,0.9999253857184062,1.0,1503.8624453000032,1000.0,1503.8624453000032,1000.0,0.0,0.0
21905,1721018280000.0,0.0,0.0,0.0,149.38,0.0,0.0,161.18,0.9999253857184062,1.0,1503.8624453000032,1000.0,1503.8624453000032,1000.0,0.0,0.0
21906,1721021880000.0,0.0,0.0,0.0,149.38,0.0,0.0,160.7,0.9999253857184062,1.0,1503.8624453000032,1000.0,1503.8624453000032,1000.0,0.0,0.0
21907,1721025480000.0,0.0,0.0,0.0,149.38,0.0,0.0,159.47,0.9999253857184062,1.0,1503.8624453000032,1000.0,1503.8624453000032,1000.0,0.0,0.0
21908,1721029080000.0,0.0,0.0,0.0,149.38,0.0,0.0,160.35,0.9999253857184062,1.0,1503.8624453000032,1000.0,1503.8624453000032,1000.0,0.0,0.0
21909,1721032680000.0,0.0,0.0,0.0,149.38,0.0,0.0,160.74,0.9999253857184062,1.0,1503.8624453000032,1000.0,1503.8624453000032,1000.0,0.0,0.0
21910,1721036280000.0,0.0,0.0,0.0,149.38,0.0,0.0,160.27,0.9999253857184062,1.0,1503.8624453000032,1000.0,1503.8624453000032,1000.0,0.0,0.0
21911,1721039880000.0,0.0,0.0,0.0,149.38,0.0,0.0,159.75,0.9999253857184062,1.0,1503.8624453000032,1000.0,1503.8624453000032,1000.0,0.0,0.0
21912,1721043480000.0,0.0,0.0,0.0,149.38,0.0,0.0,158.97,0.9999253857184062,1.0,1503.8624453000032,1000.0,1503.8624453000032,1000.0,0.0,0.0
21913,1721047080000.0,0.0,0.0,0.0,149.38,0.0,0.0,159.42,0.9999253857184062,1.0,1503.8624453000032,1000.0,1503.8624453000032,1000.0,0.0,0.0
21914,1721050680000.0,0.0,0.0,0.0,149.38,0.0,0.0,157.71,0.9999253857184062,1.0,1503.8624453000032,1000.0,1503.8624453000032,1000.0,0.0,0.0
21915,1721054280000.0,0.0,0.0,0.0,149.38,0.0,0.0,157.63,0.9999253857184062,1.0,1503.8624453000032,1000.0,1503.8624453000032,1000.0,0.0,0.0
21916,1721057880000.0,0.0,0.0,0.0,149.38,0.0,0.0,158.34,0.9999253857184062,1.0,1503.8624453000032,1000.0,1503.8624453000032,1000.0,0.0,0.0
21917,1721061480000.0,0.0,0.0,0.0,149.38,0.0,0.0,158.34,0.9999253857184062,1.0,1503.8624453000032,1000.0,1503.8624453000032,1000.0,0.0,0.0
21918,1721065080000.0,0.0,0.0,0.0,149.38,0.0,0.0,158.36,0.9999253857184062,1.0,1503.8624453000032,1000.0,1503.8624453000032,1000.0,0.0,0.0
21919,1721068680000.0,0.0,0.0,0.0,149.38,0.0,0.0,158.04,0.9999253857184062,1.0,1503.8624453000032,1000.0,1503.8624453000032,1000.0,0.0,0.0
21920,1721072280000.0,0.0,0.0,0.0,149.38,0.0,0.0,158.05,0.9999253857184062,1.0,1503.8624453000032,1000.0,1503.8624453000032,1000.0,0.0,0.0
21921,1721075880000.0,0.0,0.0,0.0,149.38,0.0,0.0,158.68,0.9999253857184062,1.0,1503.8624453000032,1000.0,1503.8624453000032,1000.0,0.0,0.0
21922,1721079480000.0,0.0,0.0,0.0,149.38,0.0,0.0,158.02,0.9999253857184062,1.0,1503.8624453000032,1000.0,1503.8624453000032,1000.0,0.0,0.0
21923,1721083080000.0,0.0,0.0,0.0,149.38,0.0,0.0,158.72,0.9999253857184062,1.0,1503.8624453000032,1000.0,1503.8624453000032,1000.0,0.0,0.0
21924,1721086680000.0,0.0,0.0,0.0,149.38,0.0,0.0,159.17,0.9999253857184062,1.0,1503.8624453000032,1000.0,1503.8624453000032,1000.0,0.0,0.0
21925,1721090280000.0,0.0,0.0,0.0,149.38,0.0,0.0,159.43,0.9999253857184062,1.0,1503.8624453000032,1000.0,1503.8624453000032,1000.0,0.0,0.0
21926,1721093880000.0,0.0,0.0,0.0,149.38,0.0,0.0,160.24,0.9999253857184062,1.0,1503.8624453000032,1000.0,1503.8624453000032,1000.0,0.0,0.0
21927,1721097480000.0,0.0,0.0,0.0,149.38,0.0,0.0,160.66,0.9999253857184062,1.0,1503.8624453000032,1000.0,1503.8624453000032,1000.0,0.0,0.0
21928,1721101080000.0,0.0,0.0,0.0,149.38,0.0,0.0,160.5,0.9999253857184062,1.0,1503.8624453000032,1000.0,1503.8624453000032,1000.0,0.0,0.0
21929,1721104680000.0,0.0,0.0,0.0,149.38,0.0,0.0,160.25,0.9999253857184062,1.0,1503.8624453000032,1000.0,1503.8624453000032,1000.0,0.0,0.0
21930,1721108280000.0,0.0,0.0,0.0,149.38,0.0,0.0,160.28,0.9999253857184062,1.0,1503.8624453000032,1000.0,1503.8624453000032,1000.0,0.0,0.0
21931,1721111880000.0,0.0,0.0,0.0,149.38,0.0,0.0,159.07,0.9999253857184062,1.0,1503.8624453000032,1000.0,1503.8624453000032,1000.0,0.0,0.0
21932,1721115480000.0,0.0,0.0,0.0,149.38,0.0,0.0,157.54,0.9999253857184062,1.0,1503.8624453000032,1000.0,1503.8624453000032,1000.0,0.0,0.0
21933,1721119080000.0,0.0,0.0,0.0,149.38,0.0,0.0,158.71,0.9999253857184062,1.0,1503.8624453000032,1000.0,1503.8624453000032,1000.0,0.0,0.0
21934,1721122680000.0,0.0,0.0,0.0,149.38,0.0,0.0,159.79,0.9999253857184062,1.0,1503.8624453000032,1000.0,1503.8624453000032,1000.0,0.0,0.0
21935,1721126280000.0,0.0,0.0,0.0,149.38,0.0,0.0,159.55,0.9999253857184062,1.0,1503.8624453000032,1000.0,1503.8624453000032,1000.0,0.0,0.0
21936,1721129880000.0,0.0,0.0,0.0,149.38,0.0,0.0,159.26,0.9999253857184062,1.0,1503.8624453000032,1000.0,1503.8624453000032,1000.0,0.0,0.0
21937,1721133480000.0,0.0,0.0,0.0,149.38,0.0,0.0,160.04,0.9999253857184062,1.0,1503.8624453000032,1000.0,1503.8624453000032,1000.0,0.0,0.0
21938,1721137080000.0,0.0,0.0,0.0,149.38,0.0,0.0,159.38,0.9999253857184062,1.0,1503.8624453000032,1000.0,1503.8624453000032,1000.0,0.0,0.0
21939,1721140680000.0,0.0,0.0,0.0,149.38,0.0,0.0,159.82,0.9999253857184062,1.0,1503.8624453000032,1000.0,1503.8624453000032,1000.0,0.0,0.0
21940,1721144280000.0,0.0,0.0,0.0,149.38,0.0,0.0,160.68,0.9999253857184062,1.0,1503.8624453000032,1000.0,1503.8624453000032,1000.0,0.0,0.0
21941,1721147880000.0,0.0,0.0,0.0,149.38,0.0,0.0,160.38,0.9999253857184062,1.0,1503.8624453000032,1000.0,1503.8624453000032,1000.0,0.0,0.0
21942,1721151480000.0,0.0,0.0,0.0,149.38,0.0,0.0,160.93,0.9999253857184062,1.0,1503.8624453000032,1000.0,1503.8624453000032,1000.0,0.0,0.0
21943,1721155080000.0,0.0,0.0,0.0,149.38,0.0,0.0,161.84,0.9999253857184062,1.0,1503.8624453000032,1000.0,1503.8624453000032,1000.0,0.0,0.0
21944,1721158680000.0,0.0,0.0,0.0,149.38,0.0,0.0,161.55,0.9999253857184062,1.0,1503.8624453000032,1000.0,1503.8624453000032,1000.0,0.0,0.0
21945,1721162280000.0,0.0,0.0,0.0,149.38,0.0,0.0,163.29,0.9999253857184062,1.0,1503.8624453000032,1000.0,1503.8624453000032,1000.0,0.0,0.0
21946,1721165880000.0,0.0,0.0,0.0,149.38,0.0,0.0,163.04,0.9999253857184062,1.0,1503.8624453000032,1000.0,1503.8624453000032,1000.0,0.0,0.0
21947,1721169480000.0,0.0,0.0,0.0,149.38,0.0,0.0,162.03,0.9999253857184062,1.0,1503.8624453000032,1000.0,1503.8624453000032,1000.0,0.0,0.0
21948,1721173080000.0,0.0,0.0,0.0,149.38,0.0,0.0,161.54,0.9999253857184062,1.0,1503.8624453000032,1000.0,1503.8624453000032,1000.0,0.0,0.0
21949,1721176680000.0,0.0,0.0,0.0,149.38,0.0,0.0,162.6,0.9999253857184062,1.0,1503.8624453000032,1000.0,1503.8624453000032,1000.0,0.0,0.0
21950,1721180280000.0,0.0,0.0,0.0,149.38,0.0,0.0,162.28,0.9999253857184062,1.0,1503.8624453000032,1000.0,1503.8624453000032,1000.0,0.0,0.0
21951,1721183880000.0,0.0,0.0,0.0,149.38,0.0,0.0,161.41,0.9999253857184062,1.0,1503.8624453000032,1000.0,1503.8624453000032,1000.0,0.0,0.0
21952,1721187480000.0,0.0,0.0,0.0,149.38,0.0,0.0,162.82,0.9999253857184062,1.0,1503.8624453000032,1000.0,1503.8624453000032,1000.0,0.0,0.0
21953,1721191080000.0,0.0,0.0,0.0,149.38,0.0,0.0,162.8,0.9999253857184062,1.0,1503.8624453000032,1000.0,1503.8624453000032,1000.0,0.0,0.0
21954,1721194680000.0,0.0,0.0,0.0,149.38,0.0,0.0,163.02,0.9999253857184062,1.0,1503.8624453000032,1000.0,1503.8624453000032,1000.0,0.0,0.0
21955,1721198280000.0,0.0,0.0,0.0,149.38,0.0,0.0,162.62,0.9999253857184062,1.0,1503.8624453000032,1000.0,1503.8624453000032,1000.0,0.0,0.0
21956,1721201880000.0,0.0,0.0,0.0,149.38,0.0,0.0,162.68,0.9999253857184062,1.0,1503.8624453000032,1000.0,1503.8624453000032,1000.0,0.0,0.0
21957,1721205480000.0,0.0,0.0,0.0,149.38,0.0,0.0,161.71,0.9999253857184062,1.0,1503.8624453000032,1000.0,1503.8624453000032,1000.0,0.0,0.0
21958,1721209080000.0,0.0,0.0,0.0,149.38,0.0,0.0,162.59,0.9999253857184062,1.0,1503.8624453000032,1000.0,1503.8624453000032,1000.0,0.0,0.0
21959,1721212680000.0,0.0,0.0,0.0,149.38,0.0,0.0,162.3,0.9999253857184062,1.0,1503.8624453000032,1000.0,1503.8624453000032,1000.0,0.0,0.0
21960,1721216280000.0,0.0,0.0,0.0,149.38,0.0,0.0,160.92,0.9999253857184062,1.0,1503.8624453000032,1000.0,1503.8624453000032,1000.0,0.0,0.0
21961,1721219880000.0,0.0,0.0,0.0,149.38,0.0,0.0,161.45,0.9999253857184062,1.0,1503.8624453000032,1000.0,1503.8624453000032,1000.0,0.0,0.0
21962,1721223480000.0,0.0,0.0,0.0,149.38,0.0,0.0,160.95,0.9999253857184062,1.0,1503.8624453000032,1000.0,1503.8624453000032,1000.0,0.0,0.0
21963,1721227080000.0,0.0,0.0,0.0,149.38,0.0,0.0,161.52,0.9999253857184062,1.0,1503.8624453000032,1000.0,1503.8624453000032,1000.0,0.0,0.0
21964,1721230680000.0,0.0,0.0,0.0,149.38,0.0,0.0,160.81,0.9999253857184062,1.0,1503.8624453000032,1000.0,1503.8624453000032,1000.0,0.0,0.0
21965,1721234280000.0,0.0,0.0,0.0,149.38,0.0,0.0,159.66,0.9999253857184062,1.0,1503.8624453000032,1000.0,1503.8624453000032,1000.0,0.0,0.0
21966,1721237880000.0,0.0,0.0,0.0,149.38,0.0,0.0,160.33,0.9999253857184062,1.0,1503.8624453000032,1000.0,1503.8624453000032,1000.0,0.0,0.0
21967,1721241480000.0,0.0,0.0,0.0,149.38,0.0,0.0,160.45,0.9999253857184062,1.0,1503.8624453000032,1000.0,1503.8624453000032,1000.0,0.0,0.0
21968,1721245080000.0,0.0,0.0,0.0,149.38,0.0,0.0,159.98,0.9999253857184062,1.0,1503.8624453000032,1000.0,1503.8624453000032,1000.0,0.0,0.0
21969,1721248680000.0,0.0,0.0,0.0,149.38,0.0,0.0,159.26,0.9999253857184062,1.0,1503.8624453000032,1000.0,1503.8624453000032,1000.0,0.0,0.0
21970,1721252280000.0,0.0,0.0,0.0,149.38,0.0,0.0,159.89,0.9999253857184062,1.0,1503.8624453000032,1000.0,1503.8624453000032,1000.0,0.0,0.0
21971,1721255880000.0,0.0,0.0,0.0,149.38,0.0,0.0,159.8,0.9999253857184062,1.0,1503.8624453000032,1000.0,1503.8624453000032,1000.0,0.0,0.0
21972,1721259480000.0,0.0,0.0,0.0,149.38,0.0,0.0,160.63,0.9999253857184062,1.0,1503.8624453000032,1000.0,1503.8624453000032,1000.0,0.0,0.0
21973,1721263080000.0,0.0,0.0,0.0,149.38,0.0,0.0,160.37,0.9999253857184062,1.0,1503.8624453000032,1000.0,1503.8624453000032,1000.0,0.0,0.0
21974,1721266680000.0,0.0,0.0,0.0,149.38,0.0,0.0,160.62,0.9999253857184062,1.0,1503.8624453000032,1000.0,1503.8624453000032,1000.0,0.0,0.0
21975,1721270280000.0,0.0,0.0,0.0,149.38,0.0,0.0,160.21,0.9999253857184062,1.0,1503.8624453000032,1000.0,1503.8624453000032,1000.0,0.0,0.0
21976,1721273880000.0,0.0,0.0,0.0,149.38,0.0,0.0,160.08,0.9999253857184062,1.0,1503.8624453000032,1000.0,1503.8624453000032,1000.0,0.0,0.0
21977,1721277480000.0,0.0,0.0,0.0,149.38,0.0,0.0,160.32,0.9999253857184062,1.0,1503.8624453000032,1000.0,1503.8624453000032,1000.0,0.0,0.0
21978,1721281080000.0,0.0,0.0,0.0,149.38,0.0,0.0,160.67,0.9999253857184062,1.0,1503.8624453000032,1000.0,1503.8624453000032,1000.0,0.0,0.0
21979,1721284680000.0,0.0,0.0,0.0,149.38,0.0,0.0,160.92,0.9999253857184062,1.0,1503.8624453000032,1000.0,1503.8624453000032,1000.0,0.0,0.0
21980,1721288280000.0,0.0,0.0,0.0,149.38,0.0,0.0,161.19,0.9999253857184062,1.0,1503.8624453000032,1000.0,1503.8624453000032,1000.0,0.0,0.0
21981,1721291880000.0,0.0,0.0,0.0,149.38,0.0,0.0,160.66,0.9999253857184062,1.0,1503.8624453000032,1000.0,1503.8624453000032,1000.0,0.0,0.0
21982,1721295480000.0,0.0,0.0,0.0,149.38,0.0,0.0,160.94,0.9999253857184062,1.0,1503.8624453000032,1000.0,1503.8624453000032,1000.0,0.0,0.0
21983,1721299080000.0,0.0,0.0,0.0,149.38,0.0,0.0,160.39,0.9999253857184062,1.0,1503.8624453000032,1000.0,1503.8624453000032,1000.0,0.0,0.0
21984,1721302680000.0,0.0,0.0,0.0,149.38,0.0,0.0,161.2,0.9999253857184062,1.0,1503.8624453000032,1000.0,1503.8624453000032,1000.0,0.0,0.0
21985,1721306280000.0,0.0,0.0,0.0,149.38,0.0,0.0,161.32,0.9999253857184062,1.0,1503.8624453000032,1000.0,1503.8624453000032,1000.0,0.0,0.0
21986,1721309880000.0,0.0,0.0,0.0,149.38,0.0,0.0,161.12,0.9999253857184062,1.0,1503.8624453000032,1000.0,1503.8624453000032,1000.0,0.0,0.0
21987,1721313480000.0,0.0,0.0,0.0,149.38,0.0,0.0,160.87,0.9999253857184062,1.0,1503.8624453000032,1000.0,1503.8624453000032,1000.0,0.0,0.0
21988,1721317080000.0,0.0,0.0,0.0,149.38,0.0,0.0,160.12,0.9999253857184062,1.0,1503.8624453000032,1000.0,1503.8624453000032,1000.0,0.0,0.0
21989,1721320680000.0,0.0,0.0,0.0,149.38,0.0,0.0,160.58,0.9999253857184062,1.0,1503.8624453000032,1000.0,1503.8624453000032,1000.0,0.0,0.0
21990,1721324280000.0,0.0,0.0,0.0,149.38,0.0,0.0,161.05,0.9999253857184062,1.0,1503.8624453000032,1000.0,1503.8624453000032,1000.0,0.0,0.0
21991,1721327880000.0,0.0,0.0,0.0,149.38,0.0,0.0,160.63,0.9999253857184062,1.0,1503.8624453000032,1000.0,1503.8624453000032,1000.0,0.0,0.0
21992,1721331480000.0,0.0,0.0,0.0,149.38,0.0,0.0,160.3,0.9999253857184062,1.0,1503.8624453000032,1000.0,1503.8624453000032,1000.0,0.0,0.0
21993,1721335080000.0,0.0,0.0,0.0,149.38,0.0,0.0,160.54,0.9999253857184062,1.0,1503.8624453000032,1000.0,1503.8624453000032,1000.0,0.0,0.0
21994,1721338680000.0,0.0,0.0,0.0,149.38,0.0,0.0,160.53,0.9999253857184062,1.0,1503.8624453000032,1000.0,1503.8624453000032,1000.0,0.0,0.0
21995,1721342280000.0,0.0,0.0,0.0,149.38,0.0,0.0,160.91,0.9999253857184062,1.0,1503.8624453000032,1000.0,1503.8624453000032,1000.0,0.0,0.0
21996,1721345880000.0,0.0,0.0,0.0,149.38,0.0,0.0,160.86,0.9999253857184062,1.0,1503.8624453000032,1000.0,1503.8624453000032,1000.0,0.0,0.0
21997,1721349480000.0,0.0,0.0,0.0,149.38,0.0,0.0,159.41,0.9999253857184062,1.0,1503.8624453000032,1000.0,1503.8624453000032,1000.0,0.0,0.0
21998,1721353080000.0,0.0,0.0,0.0,149.38,0.0,0.0,159.88,0.9999253857184062,1.0,1503.8624453000032,1000.0,1503.8624453000032,1000.0,0.0,0.0
21999,1721356680000.0,0.0,0.0,0.0,149.38,0.0,0.0,159.4,0.9999253857184062,1.0,1503.8624453000032,1000.0,1503.8624453000032,1000.0,0.0,0.0
22000,1721360280000.0,0.0,0.0,0.0,149.38,0.0,0.0,159.1,0.9999253857184062,1.0,1503.8624453000032,1000.0,1503.8624453000032,1000.0,0.0,0.0
22001,1721363880000.0,0.0,0.0,0.0,149.38,0.0,0.0,159.15,0.9999253857184062,1.0,1503.8624453000032,1000.0,1503.8624453000032,1000.0,0.0,0.0
22002,1721367480000.0,0.0,0.0,0.0,149.38,0.0,0.0,159.48,0.9999253857184062,1.0,1503.8624453000032,1000.0,1503.8624453000032,1000.0,0.0,0.0
22003,1721371080000.0,0.0,0.0,0.0,149.38,0.0,0.0,159.99,0.9999253857184062,1.0,1503.8624453000032,1000.0,1503.8624453000032,1000.0,0.0,0.0
22004,1721374680000.0,0.0,0.0,0.0,149.38,0.0,0.0,159.79,0.9999253857184062,1.0,1503.8624453000032,1000.0,1503.8624453000032,1000.0,0.0,0.0
22005,1721378280000.0,0.0,0.0,0.0,149.38,0.0,0.0,159.57,0.9999253857184062,1.0,1503.8624453000032,1000.0,1503.8624453000032,1000.0,0.0,0.0
22006,1721381880000.0,0.0,0.0,0.0,149.38,0.0,0.0,159.54,0.9999253857184062,1.0,1503.8624453000032,1000.0,1503.8624453000032,1000.0,0.0,0.0
22007,1721385480000.0,0.0,0.0,0.0,149.38,0.0,0.0,159.45,0.9999253857184062,1.0,1503.8624453000032,1000.0,1503.8624453000032,1000.0,0.0,0.0
22008,1721389080000.0,0.0,0.0,0.0,149.38,0.0,0.0,158.57,0.9999253857184062,1.0,1503.8624453000032,1000.0,1503.8624453000032,1000.0,0.0,0.0
22009,1721392680000.0,0.0,0.0,0.0,149.38,0.0,0.0,158.5,0.9999253857184062,1.0,1503.8624453000032,1000.0,1503.8624453000032,1000.0,0.0,0.0
22010,1721396280000.0,0.0,0.0,0.0,149.38,0.0,0.0,159.43,0.9999253857184062,1.0,1503.8624453000032,1000.0,1503.8624453000032,1000.0,0.0,0.0
22011,1721399880000.0,0.0,0.0,0.0,149.38,0.0,0.0,160.14,0.9999253857184062,1.0,1503.8624453000032,1000.0,1503.8624453000032,1000.0,0.0,0.0
22012,1721403480000.0,0.0,0.0,0.0,149.38,0.0,0.0,160.44,0.9999253857184062,1.0,1503.8624453000032,1000.0,1503.8624453000032,1000.0,0.0,0.0
22013,1721407080000.0,0.0,0.0,0.0,149.38,0.0,0.0,160.48,0.9999253857184062,1.0,1503.8624453000032,1000.0,1503.8624453000032,1000.0,0.0,0.0
22014,1721410680000.0,0.0,0.0,0.0,149.38,0.0,0.0,160.8,0.9999253857184062,1.0,1503.8624453000032,1000.0,1503.8624453000032,1000.0,0.0,0.0
22015,1721414280000.0,0.0,0.0,0.0,149.38,0.0,0.0,161.27,0.9999253857184062,1.0,1503.8624453000032,1000.0,1503.8624453000032,1000.0,0.0,0.0
22016,1721417880000.0,0.0,0.0,0.0,149.38,0.0,0.0,161.34,0.9999253857184062,1.0,1503.8624453000032,1000.0,1503.8624453000032,1000.0,0.0,0.0
22017,1721421480000.0,0.0,0.0,0.0,149.38,0.0,0.0,162.7,0.9999253857184062,1.0,1503.8624453000032,1000.0,1503.8624453000032,1000.0,0.0,0.0
22018,1721425080000.0,0.0,0.0,0.0,149.38,0.0,0.0,161.06,0.9999253857184062,1.0,1503.8624453000032,1000.0,1503.8624453000032,1000.0,0.0,0.0
22019,1721428680000.0,0.0,0.0,0.0,149.38,0.0,0.0,161.16,0.9999253857184062,1.0,1503.8624453000032,1000.0,1503.8624453000032,1000.0,0.0,0.0
22020,1721432280000.0,0.0,0.0,0.0,149.38,0.0,0.0,161.15,0.9999253857184062,1.0,1503.8624453000032,1000.0,1503.8624453000032,1000.0,0.0,0.0
22021,1721435880000.0,0.0,0.0,0.0,149.38,0.0,0.0,161.54,0.9999253857184062,1.0,1503.8624453000032,1000.0,1503.8624453000032,1000.0,0.0,0.0
22022,1721439480000.0,0.0,0.0,0.0,149.38,0.0,0.0,162.83,0.9999253857184062,1.0,1503.8624453000032,1000.0,1503.8624453000032,1000.0,0.0,0.0
22023,1721443080000.0,0.0,0.0,0.0,149.38,0.0,0.0,162.97,0.9999253857184062,1.0,1503.8624453000032,1000.0,1503.8624453000032,1000.0,0.0,0.0
22024,1721446680000.0,0.0,0.0,0.0,149.38,0.0,0.0,162.63,0.9999253857184062,1.0,1503.8624453000032,1000.0,1503.8624453000032,1000.0,0.0,0.0
22025,1721450280000.0,0.0,0.0,0.0,149.38,0.0,0.0,162.91,0.9999253857184062,1.0,1503.8624453000032,1000.0,1503.8624453000032,1000.0,0.0,0.0
22026,1721453880000.0,0.0,0.0,0.0,149.38,0.0,0.0,162.29,0.9999253857184062,1.0,1503.8624453000032,1000.0,1503.8624453000032,1000.0,0.0,0.0
22027,1721457480000.0,0.0,0.0,0.0,149.38,0.0,0.0,162.52,0.9999253857184062,1.0,1503.8624453000032,1000.0,1503.8624453000032,1000.0,0.0,0.0
22028,1721461080000.0,0.0,0.0,0.0,149.38,0.0,0.0,162.67,0.9999253857184062,1.0,1503.8624453000032,1000.0,1503.8624453000032,1000.0,0.0,0.0
22029,1721464680000.0,0.0,0.0,0.0,149.38,0.0,0.0,162.01,0.9999253857184062,1.0,1503.8624453000032,1000.0,1503.8624453000032,1000.0,0.0,0.0
22030,1721468280000.0,0.0,0.0,0.0,149.38,0.0,0.0,161.88,0.9999253857184062,1.0,1503.8624453000032,1000.0,1503.8624453000032,1000.0,0.0,0.0
22031,1721471880000.0,0.0,0.0,0.0,149.38,0.0,0.0,161.69,0.9999253857184062,1.0,1503.8624453000032,1000.0,1503.8624453000032,1000.0,0.0,0.0
22032,1721475480000.0,0.0,0.0,0.0,149.38,0.0,0.0,162.74,0.9999253857184062,1.0,1503.8624453000032,1000.0,1503.8624453000032,1000.0,0.0,0.0
22033,1721479080000.0,0.0,0.0,0.0,149.38,0.0,0.0,162.74,0.9999253857184062,1.0,1503.8624453000032,1000.0,1503.8624453000032,1000.0,0.0,0.0
22034,1721482680000.0,0.0,0.0,0.0,149.38,0.0,0.0,162.82,0.9999253857184062,1.0,1503.8624453000032,1000.0,1503.8624453000032,1000.0,0.0,0.0
22035,1721486280000.0,0.0,0.0,0.0,149.38,0.0,0.0,162.58,0.9999253857184062,1.0,1503.8624453000032,1000.0,1503.8624453000032,1000.0,0.0,0.0
22036,1721489880000.0,0.0,0.0,0.0,149.38,0.0,0.0,162.53,0.9999253857184062,1.0,1503.8624453000032,1000.0,1503.8624453000032,1000.0,0.0,0.0
22037,1721493480000.0,0.0,0.0,0.0,149.38,0.0,0.0,164.01,0.9999253857184062,1.0,1503.8624453000032,1000.0,1503.8624453000032,1000.0,0.0,0.0
22038,1721497080000.0,0.0,0.0,0.0,149.38,0.0,0.0,163.65,0.9999253857184062,1.0,1503.8624453000032,1000.0,1503.8624453000032,1000.0,0.0,0.0
22039,1721500680000.0,0.0,0.0,0.0,149.38,0.0,0.0,163.8,0.9999253857184062,1.0,1503.8624453000032,1000.0,1503.8624453000032,1000.0,0.0,0.0
22040,1721504280000.0,0.0,0.0,0.0,149.38,0.0,0.0,163.77,0.9999253857184062,1.0,1503.8624453000032,1000.0,1503.8624453000032,1000.0,0.0,0.0
22041,1721507880000.0,0.0,0.0,0.0,149.38,0.0,0.0,163.19,0.9999253857184062,1.0,1503.8624453000032,1000.0,1503.8624453000032,1000.0,0.0,0.0
22042,1721511480000.0,0.0,0.0,0.0,149.38,0.0,0.0,163.62,0.9999253857184062,1.0,1503.8624453000032,1000.0,1503.8624453000032,1000.0,0.0,0.0
22043,1721515080000.0,0.0,0.0,0.0,149.38,0.0,0.0,163.75,0.9999253857184062,1.0,1503.8624453000032,1000.0,1503.8624453000032,1000.0,0.0,0.0
22044,1721518680000.0,0.0,0.0,0.0,149.38,0.0,0.0,163.04,0.9999253857184062,1.0,1503.8624453000032,1000.0,1503.8624453000032,1000.0,0.0,0.0
22045,1721522280000.0,0.0,0.0,0.0,149.38,0.0,0.0,163.21,0.9999253857184062,1.0,1503.8624453000032,1000.0,1503.8624453000032,1000.0,0.0,0.0
22046,1721525880000.0,0.0,0.0,0.0,149.38,0.0,0.0,163.41,0.9999253857184062,1.0,1503.8624453000032,1000.0,1503.8624453000032,1000.0,0.0,0.0
22047,1721529480000.0,0.0,0.0,0.0,149.38,0.0,0.0,163.29,0.9999253857184062,1.0,1503.8624453000032,1000.0,1503.8624453000032,1000.0,0.0,0.0
22048,1721533080000.0,0.0,0.0,0.0,149.38,0.0,0.0,163.41,0.9999253857184062,1.0,1503.8624453000032,1000.0,1503.8624453000032,1000.0,0.0,0.0
22049,1721536680000.0,0.0,0.0,0.0,149.38,0.0,0.0,163.46,0.9999253857184062,1.0,1503.8624453000032,1000.0,1503.8624453000032,1000.0,0.0,0.0
22050,1721540280000.0,0.0,0.0,0.0,149.38,0.0,0.0,163.39,0.9999253857184062,1.0,1503.8624453000032,1000.0,1503.8624453000032,1000.0,0.0,0.0
22051,1721543880000.0,0.0,0.0,0.0,149.38,0.0,0.0,163.21,0.9999253857184062,1.0,1503.8624453000032,1000.0,1503.8624453000032,1000.0,0.0,0.0
22052,1721547480000.0,0.0,0.0,0.0,149.38,0.0,0.0,163.04,0.9999253857184062,1.0,1503.8624453000032,1000.0,1503.8624453000032,1000.0,0.0,0.0
22053,1721551080000.0,0.0,0.0,0.0,149.38,0.0,0.0,162.84,0.9999253857184062,1.0,1503.8624453000032,1000.0,1503.8624453000032,1000.0,0.0,0.0
22054,1721554680000.0,0.0,0.0,0.0,149.38,0.0,0.0,162.77,0.9999253857184062,1.0,1503.8624453000032,1000.0,1503.8624453000032,1000.0,0.0,0.0
22055,1721558280000.0,0.0,0.0,0.0,149.38,0.0,0.0,162.4,0.9999253857184062,1.0,1503.8624453000032,1000.0,1503.8624453000032,1000.0,0.0,0.0
22056,1721561880000.0,0.0,0.0,0.0,149.38,0.0,0.0,162.73,0.9999253857184062,1.0,1503.8624453000032,1000.0,1503.8624453000032,1000.0,0.0,0.0
22057,1721565480000.0,0.0,0.0,0.0,149.38,0.0,0.0,164.64,0.9999253857184062,1.0,1503.8624453000032,1000.0,1503.8624453000032,1000.0,0.0,0.0
22058,1721569080000.0,0.0,0.0,0.0,149.38,0.0,0.0,163.78,0.9999253857184062,1.0,1503.8624453000032,1000.0,1503.8624453000032,1000.0,0.0,0.0
22059,1721572680000.0,0.0,0.0,0.0,149.38,0.0,0.0,163.8,0.9999253857184062,1.0,1503.8624453000032,1000.0,1503.8624453000032,1000.0,0.0,0.0
22060,1721576280000.0,0.0,0.0,0.0,149.38,0.0,0.0,164.34,0.9999253857184062,1.0,1503.8624453000032,1000.0,1503.8624453000032,1000.0,0.0,0.0
22061,1721579880000.0,0.0,0.0,0.0,149.38,0.0,0.0,163.23,0.9999253857184062,1.0,1503.8624453000032,1000.0,1503.8624453000032,1000.0,0.0,0.0
22062,1721583480000.0,0.0,0.0,0.0,149.38,0.0,0.0,163.72,0.9999253857184062,1.0,1503.8624453000032,1000.0,1503.8624453000032,1000.0,0.0,0.0
22063,1721587080000.0,0.0,0.0,0.0,149.38,0.0,0.0,163.01,0.9999253857184062,1.0,1503.8624453000032,1000.0,1503.8624453000032,1000.0,0.0,0.0
22064,1721590680000.0,0.0,0.0,0.0,149.38,0.0,0.0,163.52,0.9999253857184062,1.0,1503.8624453000032,1000.0,1503.8624453000032,1000.0,0.0,0.0
22065,1721594280000.0,0.0,0.0,0.0,149.38,0.0,0.0,163.84,0.9999253857184062,1.0,1503.8624453000032,1000.0,1503.8624453000032,1000.0,0.0,0.0
22066,1721597880000.0,0.0,0.0,0.0,149.38,0.0,0.0,164.39,0.9999253857184062,1.0,1503.8624453000032,1000.0,1503.8624453000032,1000.0,0.0,0.0
22067,1721601480000.0,0.0,0.0,0.0,149.38,0.0,0.0,163.8,0.9999253857184062,1.0,1503.8624453000032,1000.0,1503.8624453000032,1000.0,0.0,0.0
22068,1721605080000.0,0.0,0.0,0.0,149.38,0.0,0.0,164.16,0.9999253857184062,1.0,1503.8624453000032,1000.0,1503.8624453000032,1000.0,0.0,0.0
22069,1721608680000.0,0.0,0.0,0.0,149.38,0.0,0.0,164.66,0.9999253857184062,1.0,1503.8624453000032,1000.0,1503.8624453000032,1000.0,0.0,0.0
22070,1721612280000.0,0.0,0.0,0.0,149.38,0.0,0.0,163.45,0.9999253857184062,1.0,1503.8624453000032,1000.0,1503.8624453000032,1000.0,0.0,0.0
22071,1721615880000.0,0.0,0.0,0.0,149.38,0.0,0.0,163.02,0.9999253857184062,1.0,1503.8624453000032,1000.0,1503.8624453000032,1000.0,0.0,0.0
22072,1721619480000.0,0.0,0.0,0.0,149.38,0.0,0.0,163.21,0.9999253857184062,1.0,1503.8624453000032,1000.0,1503.8624453000032,1000.0,0.0,0.0
22073,1721623080000.0,0.0,0.0,0.0,149.38,0.0,0.0,163.24,0.9999253857184062,1.0,1503.8624453000032,1000.0,1503.8624453000032,1000.0,0.0,0.0
22074,1721626680000.0,0.0,0.0,0.0,149.38,0.0,0.0,163.8,0.9999253857184062,1.0,1503.8624453000032,1000.0,1503.8624453000032,1000.0,0.0,0.0
22075,1721630280000.0,0.0,0.0,0.0,149.38,0.0,0.0,163.44,0.9999253857184062,1.0,1503.8624453000032,1000.0,1503.8624453000032,1000.0,0.0,0.0
22076,1721633880000.0,0.0,0.0,0.0,149.38,0.0,0.0,164.11,0.9999253857184062,1.0,1503.8624453000032,1000.0,1503.8624453000032,1000.0,0.0,0.0
22077,1721637480000.0,0.0,0.0,0.0,149.38,0.0,0.0,163.95,0.9999253857184062,1.0,1503.8624453000032,1000.0,1503.8624453000032,1000.0,0.0,0.0
22078,1721641080000.0,0.0,0.0,0.0,149.38,0.0,0.0,164.57,0.9999253857184062,1.0,1503.8624453000032,1000.0,1503.8624453000032,1000.0,0.0,0.0
22079,1721644680000.0,0.0,0.0,0.0,149.38,0.0,0.0,165.12,0.9999253857184062,1.0,1503.8624453000032,1000.0,1503.8624453000032,1000.0,0.0,0.0
22080,1721648280000.0,0.0,0.0,0.0,149.38,0.0,0.0,163.05,0.9999253857184062,1.0,1503.8624453000032,1000.0,1503.8624453000032,1000.0,0.0,0.0
22081,1721651880000.0,0.0,0.0,0.0,149.38,0.0,0.0,163.05,0.9999253857184062,1.0,1503.8624453000032,1000.0,1503.8624453000032,1000.0,0.0,0.0
22082,1721655480000.0,0.0,0.0,0.0,149.38,0.0,0.0,162.59,0.9999253857184062,1.0,1503.8624453000032,1000.0,1503.8624453000032,1000.0,0.0,0.0
22083,1721659080000.0,0.0,0.0,0.0,149.38,0.0,0.0,161.41,0.9999253857184062,1.0,1503.8624453000032,1000.0,1503.8624453000032,1000.0,0.0,0.0
22084,1721662680000.0,0.0,0.0,0.0,149.38,0.0,0.0,163.08,0.9999253857184062,1.0,1503.8624453000032,1000.0,1503.8624453000032,1000.0,0.0,0.0
22085,1721666280000.0,0.0,0.0,0.0,149.38,0.0,0.0,160.35,0.9999253857184062,1.0,1503.8624453000032,1000.0,1503.8624453000032,1000.0,0.0,0.0
22086,1721669880000.0,0.0,0.0,0.0,149.38,0.0,0.0,160.97,0.9999253857184062,1.0,1503.8624453000032,1000.0,1503.8624453000032,1000.0,0.0,0.0
22087,1721673480000.0,0.0,0.0,0.0,149.38,0.0,0.0,161.0,0.9999253857184062,1.0,1503.8624453000032,1000.0,1503.8624453000032,1000.0,0.0,0.0
22088,1721677080000.0,0.0,0.0,0.0,149.38,0.0,0.0,161.54,0.9999253857184062,1.0,1503.8624453000032,1000.0,1503.8624453000032,1000.0,0.0,0.0
22089,1721680680000.0,0.0,0.0,0.0,149.38,0.0,0.0,161.91,0.9999253857184062,1.0,1503.8624453000032,1000.0,1503.8624453000032,1000.0,0.0,0.0
22090,1721684280000.0,0.0,0.0,0.0,149.38,0.0,0.0,162.6,0.9999253857184062,1.0,1503.8624453000032,1000.0,1503.8624453000032,1000.0,0.0,0.0
22091,1721687880000.0,0.0,0.0,0.0,149.38,0.0,0.0,160.89,0.9999253857184062,1.0,1503.8624453000032,1000.0,1503.8624453000032,1000.0,0.0,0.0
22092,1721691480000.0,0.0,0.0,0.0,149.38,0.0,0.0,161.15,0.9999253857184062,1.0,1503.8624453000032,1000.0,1503.8624453000032,1000.0,0.0,0.0
22093,1721695080000.0,0.0,0.0,0.0,149.38,0.0,0.0,160.27,0.9999253857184062,1.0,1503.8624453000032,1000.0,1503.8624453000032,1000.0,0.0,0.0
22094,1721698680000.0,0.0,0.0,0.0,149.38,0.0,0.0,160.99,0.9999253857184062,1.0,1503.8624453000032,1000.0,1503.8624453000032,1000.0,0.0,0.0
22095,1721702280000.0,0.0,0.0,0.0,149.38,0.0,0.0,161.09,0.9999253857184062,1.0,1503.8624453000032,1000.0,1503.8624453000032,1000.0,0.0,0.0
22096,1721705880000.0,0.0,0.0,0.0,149.38,0.0,0.0,160.31,0.9999253857184062,1.0,1503.8624453000032,1000.0,1503.8624453000032,1000.0,0.0,0.0
22097,1721709480000.0,0.0,0.0,0.0,149.38,0.0,0.0,160.16,0.9999253857184062,1.0,1503.8624453000032,1000.0,1503.8624453000032,1000.0,0.0,0.0
22098,1721713080000.0,0.0,0.0,0.0,149.38,0.0,0.0,160.28,0.9999253857184062,1.0,1503.8624453000032,1000.0,1503.8624453000032,1000.0,0.0,0.0
22099,1721716680000.0,0.0,0.0,0.0,149.38,0.0,0.0,158.55,0.9999253857184062,1.0,1503.8624453000032,1000.0,1503.8624453000032,1000.0,0.0,0.0
22100,1721720280000.0,0.0,0.0,0.0,149.38,0.0,0.0,159.77,0.9999253857184062,1.0,1503.8624453000032,1000.0,1503.8624453000032,1000.0,0.0,0.0
22101,1721723880000.0,0.0,0.0,0.0,149.38,0.0,0.0,158.49,0.9999253857184062,1.0,1503.8624453000032,1000.0,1503.8624453000032,1000.0,0.0,0.0
22102,1721727480000.0,0.0,0.0,0.0,149.38,0.0,0.0,159.57,0.9999253857184062,1.0,1503.8624453000032,1000.0,1503.8624453000032,1000.0,0.0,0.0
22103,1721731080000.0,0.0,0.0,0.0,149.38,0.0,0.0,161.14,0.9999253857184062,1.0,1503.8624453000032,1000.0,1503.8624453000032,1000.0,0.0,0.0
22104,1721734680000.0,0.0,0.0,0.0,149.38,0.0,0.0,161.43,0.9999253857184062,1.0,1503.8624453000032,1000.0,1503.8624453000032,1000.0,0.0,0.0
22105,1721738280000.0,0.0,0.0,0.0,149.38,0.0,0.0,160.14,0.9999253857184062,1.0,1503.8624453000032,1000.0,1503.8624453000032,1000.0,0.0,0.0
22106,1721741880000.0,0.0,0.0,0.0,149.38,0.0,0.0,159.88,0.9999253857184062,1.0,1503.8624453000032,1000.0,1503.8624453000032,1000.0,0.0,0.0
22107,1721745480000.0,0.0,0.0,0.0,149.38,0.0,0.0,160.97,0.9999253857184062,1.0,1503.8624453000032,1000.0,1503.8624453000032,1000.0,0.0,0.0
22108,1721749080000.0,0.0,0.0,0.0,149.38,0.0,0.0,160.74,0.9999253857184062,1.0,1503.8624453000032,1000.0,1503.8624453000032,1000.0,0.0,0.0
22109,1721752680000.0,0.0,0.0,0.0,149.38,0.0,0.0,160.73,0.9999253857184062,1.0,1503.8624453000032,1000.0,1503.8624453000032,1000.0,0.0,0.0
22110,1721756280000.0,0.0,0.0,0.0,149.38,0.0,0.0,160.67,0.9999253857184062,1.0,1503.8624453000032,1000.0,1503.8624453000032,1000.0,0.0,0.0
22111,1721759880000.0,0.0,0.0,0.0,149.38,0.0,0.0,157.62,0.9999253857184062,1.0,1503.8624453000032,1000.0,1503.8624453000032,1000.0,0.0,0.0
22112,1721763480000.0,0.0,0.0,0.0,149.38,0.0,0.0,158.82,0.9999253857184062,1.0,1503.8624453000032,1000.0,1503.8624453000032,1000.0,0.0,0.0
22113,1721767080000.0,0.0,0.0,0.0,149.38,0.0,0.0,160.03,0.9999253857184062,1.0,1503.8624453000032,1000.0,1503.8624453000032,1000.0,0.0,0.0
22114,1721770680000.0,0.0,0.0,0.0,149.38,0.0,0.0,158.97,0.9999253857184062,1.0,1503.8624453000032,1000.0,1503.8624453000032,1000.0,0.0,0.0
22115,1721774280000.0,0.0,0.0,0.0,149.38,0.0,0.0,159.18,0.9999253857184062,1.0,1503.8624453000032,1000.0,1503.8624453000032,1000.0,0.0,0.0
22116,1721777880000.0,0.0,0.0,0.0,149.38,0.0,0.0,160.45,0.9999253857184062,1.0,1503.8624453000032,1000.0,1503.8624453000032,1000.0,0.0,0.0
22117,1721781480000.0,0.0,0.0,0.0,149.38,0.0,0.0,160.02,0.9999253857184062,1.0,1503.8624453000032,1000.0,1503.8624453000032,1000.0,0.0,0.0
22118,1721785080000.0,0.0,0.0,0.0,149.38,0.0,0.0,159.91,0.9999253857184062,1.0,1503.8624453000032,1000.0,1503.8624453000032,1000.0,0.0,0.0
22119,1721788680000.0,0.0,0.0,0.0,149.38,0.0,0.0,161.17,0.9999253857184062,1.0,1503.8624453000032,1000.0,1503.8624453000032,1000.0,0.0,0.0
22120,1721792280000.0,0.0,0.0,0.0,149.38,0.0,0.0,160.76,0.9999253857184062,1.0,1503.8624453000032,1000.0,1503.8624453000032,1000.0,0.0,0.0
22121,1721795880000.0,0.0,0.0,0.0,149.38,0.0,0.0,160.52,0.9999253857184062,1.0,1503.8624453000032,1000.0,1503.8624453000032,1000.0,0.0,0.0
22122,1721799480000.0,0.0,0.0,0.0,149.38,0.0,0.0,160.52,0.9999253857184062,1.0,1503.8624453000032,1000.0,1503.8624453000032,1000.0,0.0,0.0
22123,1721803080000.0,0.0,0.0,0.0,149.38,0.0,0.0,160.86,0.9999253857184062,1.0,1503.8624453000032,1000.0,1503.8624453000032,1000.0,0.0,0.0
22124,1721806680000.0,0.0,0.0,0.0,149.38,0.0,0.0,161.54,0.9999253857184062,1.0,1503.8624453000032,1000.0,1503.8624453000032,1000.0,0.0,0.0
22125,1721810280000.0,0.0,0.0,0.0,149.38,0.0,0.0,161.11,0.9999253857184062,1.0,1503.8624453000032,1000.0,1503.8624453000032,1000.0,0.0,0.0
22126,1721813880000.0,0.0,0.0,0.0,149.38,0.0,0.0,160.46,0.9999253857184062,1.0,1503.8624453000032,1000.0,1503.8624453000032,1000.0,0.0,0.0
22127,1721817480000.0,0.0,0.0,0.0,149.38,0.0,0.0,161.01,0.9999253857184062,1.0,1503.8624453000032,1000.0,1503.8624453000032,1000.0,0.0,0.0
22128,1721821080000.0,0.0,0.0,0.0,149.38,0.0,0.0,161.07,0.9999253857184062,1.0,1503.8624453000032,1000.0,1503.8624453000032,1000.0,0.0,0.0
22129,1721824680000.0,0.0,0.0,0.0,149.38,0.0,0.0,161.34,0.9999253857184062,1.0,1503.8624453000032,1000.0,1503.8624453000032,1000.0,0.0,0.0
22130,1721828280000.0,0.0,0.0,0.0,149.38,0.0,0.0,162.44,0.9999253857184062,1.0,1503.8624453000032,1000.0,1503.8624453000032,1000.0,0.0,0.0
22131,1721831880000.0,0.0,0.0,0.0,149.38,0.0,0.0,163.09,0.9999253857184062,1.0,1503.8624453000032,1000.0,1503.8624453000032,1000.0,0.0,0.0
22132,1721835480000.0,0.0,0.0,0.0,149.38,0.0,0.0,162.72,0.9999253857184062,1.0,1503.8624453000032,1000.0,1503.8624453000032,1000.0,0.0,0.0
22133,1721839080000.0,0.0,0.0,0.0,149.38,0.0,0.0,163.79,0.9999253857184062,1.0,1503.8624453000032,1000.0,1503.8624453000032,1000.0,0.0,0.0
22134,1721842680000.0,0.0,0.0,0.0,149.38,0.0,0.0,163.2,0.9999253857184062,1.0,1503.8624453000032,1000.0,1503.8624453000032,1000.0,0.0,0.0
22135,1721846280000.0,0.0,0.0,0.0,149.38,0.0,0.0,162.61,0.9999253857184062,1.0,1503.8624453000032,1000.0,1503.8624453000032,1000.0,0.0,0.0
22136,1721849880000.0,0.0,0.0,0.0,149.38,0.0,0.0,161.53,0.9999253857184062,1.0,1503.8624453000032,1000.0,1503.8624453000032,1000.0,0.0,0.0
22137,1721853480000.0,0.0,0.0,0.0,149.38,0.0,0.0,160.77,0.9999253857184062,1.0,1503.8624453000032,1000.0,1503.8624453000032,1000.0,0.0,0.0
22138,1721857080000.0,0.0,0.0,0.0,149.38,0.0,0.0,159.92,0.9999253857184062,1.0,1503.8624453000032,1000.0,1503.8624453000032,1000.0,0.0,0.0
22139,1721860680000.0,0.0,0.0,0.0,149.38,0.0,0.0,160.63,0.9999253857184062,1.0,1503.8624453000032,1000.0,1503.8624453000032,1000.0,0.0,0.0
22140,1721864280000.0,0.0,0.0,0.0,149.38,0.0,0.0,159.94,0.9999253857184062,1.0,1503.8624453000032,1000.0,1503.8624453000032,1000.0,0.0,0.0
22141,1721867880000.0,0.0,0.0,0.0,149.38,0.0,0.0,159.8,0.9999253857184062,1.0,1503.8624453000032,1000.0,1503.8624453000032,1000.0,0.0,0.0
22142,1721871480000.0,0.0,0.0,0.0,149.38,0.0,0.0,158.97,0.9999253857184062,1.0,1503.8624453000032,1000.0,1503.8624453000032,1000.0,0.0,0.0
22143,1721875080000.0,0.0,0.0,0.0,149.38,0.0,0.0,157.91,0.9999253857184062,1.0,1503.8624453000032,1000.0,1503.8624453000032,1000.0,0.0,0.0
22144,1721878680000.0,0.0,0.0,0.0,149.38,0.0,0.0,158.15,0.9999253857184062,1.0,1503.8624453000032,1000.0,1503.8624453000032,1000.0,0.0,0.0
22145,1721882280000.0,0.0,0.0,0.0,149.38,0.0,0.0,156.99,0.9999253857184062,1.0,1503.8624453000032,1000.0,1503.8624453000032,1000.0,0.0,0.0
22146,1721885880000.0,0.0,0.0,0.0,149.38,0.0,0.0,157.25,0.9999253857184062,1.0,1503.8624453000032,1000.0,1503.8624453000032,1000.0,0.0,0.0
22147,1721889480000.0,0.0,0.0,0.0,149.38,0.0,0.0,155.07,0.9999253857184062,1.0,1503.8624453000032,1000.0,1503.8624453000032,1000.0,0.0,0.0
22148,1721893080000.0,0.0,0.0,0.39,154.29,0.0,0.0,155.46,0.9999253857184062,1.0,1503.8504106800033,1000.0,1504.3067106800033,1000.0,0.040012689807885374,0.0
22149,1721896680000.0,0.0,0.0,0.39,154.29,0.0,0.0,154.79,0.9999253857184062,1.0,1503.8504106800033,1000.0,1504.0454106800032,1000.0,0.040012689807885374,0.0
22150,1721900280000.0,0.0,0.0,0.39,154.29,0.0,0.0,154.47,0.9999253857184062,1.0,1503.8504106800033,1000.0,1503.9206106800034,1000.0,0.040012689807885374,0.0
22151,1721903880000.0,0.0,0.0,0.39,154.29,0.0,0.0,153.58,0.9999253857184062,1.0,1503.8504106800033,1000.0,1503.5735106800032,1000.0,0.040012689807885374,0.0
22152,1721907480000.0,0.0,0.0,0.39,154.29,0.0,0.0,154.24,0.9999253857184062,1.0,1503.8504106800033,1000.0,1503.8309106800034,1000.0,0.040012689807885374,0.0
22153,1721911080000.0,0.0,0.0,0.39,154.29,0.0,0.0,153.53,0.9999253857184062,1.0,1503.8504106800033,1000.0,1503.5540106800033,1000.0,0.040012689807885374,0.0
22154,1721914680000.0,0.0,0.0,0.39,154.29,0.0,0.0,153.68,0.9999253857184062,1.0,1503.8504106800033,1000.0,1503.6125106800032,1000.0,0.040012689807885374,0.0
22155,1721918280000.0,0.0,0.0,0.39,154.29,0.0,0.0,153.73,0.9999253857184062,1.0,1503.8504106800033,1000.0,1503.6320106800033,1000.0,0.040012689807885374,0.0
22156,1721921880000.0,0.0,0.0,0.39,154.29,0.0,0.0,153.36,0.9999253857184062,1.0,1503.8504106800033,1000.0,1503.4877106800034,1000.0,0.040012689807885374,0.0
22157,1721925480000.0,0.0,0.0,0.39,154.29,0.0,0.0,153.96,0.9999253857184062,1.0,1503.8504106800033,1000.0,1503.7217106800033,1000.0,0.040012689807885374,0.0
22158,1721929080000.0,0.0,0.0,0.39,154.29,0.0,0.0,154.82,0.9999253857184062,1.0,1503.8504106800033,1000.0,1504.0571106800032,1000.0,0.040012689807885374,0.0
22159,1721932680000.0,0.0,0.0,0.39,154.29,0.0,0.0,157.96,0.9999253857184062,1.0,1503.8504106800033,1000.0,1505.2817106800032,1000.0,0.040012689807885374,0.0
22160,1721936280000.0,0.0,0.0,0.39,154.29,0.0,0.0,157.76,0.9999253857184062,1.0,1503.8504106800033,1000.0,1505.2037106800033,1000.0,0.040012689807885374,0.0
22161,1721939880000.0,0.0,0.0,0.39,154.29,0.0,0.0,158.44,0.9999253857184062,1.0,1503.8504106800033,1000.0,1505.4689106800033,1000.0,0.040012689807885374,0.0
22162,1721943480000.0,0.0,0.0,0.12,154.29,0.0,0.0,160.09,0.9999253857184062,1.0,1505.0919290000031,1000.0,1505.787929000003,1000.0,0.012301441289570532,0.0
22163,1721947080000.0,0.0,0.0,0.12,154.29,0.0,0.0,160.33,0.9999253857184062,1.0,1505.0919290000031,1000.0,1505.816729000003,1000.0,0.012301441289570532,0.0
22164,1721950680000.0,0.0,0.0,0.12,154.29,0.0,0.0,162.11,0.9999253857184062,1.0,1505.0919290000031,1000.0,1506.0303290000031,1000.0,0.012301441289570532,0.0
22165,1721954280000.0,0.0,0.0,0.01,154.29,0.0,0.0,163.53,0.9999253857184062,1.0,1506.0101502600032,1000.0,1506.1025502600032,1000.0,0.0010244950870574331,0.0
22166,1721957880000.0,0.0,0.0,0.0,154.29,0.0,0.0,167.15,0.9999253857184062,1.0,1506.1310174400032,1000.0,1506.1310174400032,1000.0,0.0,0.0
22167,1721961480000.0,0.0,0.0,0.0,154.29,0.0,0.0,168.02,0.9999253857184062,1.0,1506.1310174400032,1000.0,1506.1310174400032,1000.0,0.0,0.0
22168,1721965080000.0,0.0,0.0,0.0,154.29,0.0,0.0,172.85,0.9999253857184062,1.0,1506.1310174400032,1000.0,1506.1310174400032,1000.0,0.0,0.0
22169,1721968680000.0,0.0,0.0,0.0,154.29,0.0,0.0,171.58,0.9999253857184062,1.0,1506.1310174400032,1000.0,1506.1310174400032,1000.0,0.0,0.0
22170,1721972280000.0,0.0,0.0,0.0,154.29,0.0,0.0,172.27,0.9999253857184062,1.0,1506.1310174400032,1000.0,1506.1310174400032,1000.0,0.0,0.0
22171,1721975880000.0,0.0,0.0,0.0,154.29,0.0,0.0,168.42,0.9999253857184062,1.0,1506.1310174400032,1000.0,1506.1310174400032,1000.0,0.0,0.0
22172,1721979480000.0,0.0,0.0,0.0,154.29,0.0,0.0,167.02,0.9999253857184062,1.0,1506.1310174400032,1000.0,1506.1310174400032,1000.0,0.0,0.0
22173,1721983080000.0,0.0,0.0,0.0,154.29,0.0,0.0,167.26,0.9999253857184062,1.0,1506.1310174400032,1000.0,1506.1310174400032,1000.0,0.0,0.0
22174,1721986680000.0,0.0,0.0,0.0,154.29,0.0,0.0,164.26,0.9999253857184062,1.0,1506.1310174400032,1000.0,1506.1310174400032,1000.0,0.0,0.0
22175,1721990280000.0,0.0,0.0,0.0,154.29,0.0,0.0,161.27,0.9999253857184062,1.0,1506.1310174400032,1000.0,1506.1310174400032,1000.0,0.0,0.0
22176,1721993880000.0,0.0,0.0,0.0,154.29,0.0,0.0,162.52,0.9999253857184062,1.0,1506.1310174400032,1000.0,1506.1310174400032,1000.0,0.0,0.0
22177,1721997480000.0,0.0,0.0,0.0,154.29,0.0,0.0,163.86,0.9999253857184062,1.0,1506.1310174400032,1000.0,1506.1310174400032,1000.0,0.0,0.0
22178,1722001080000.0,0.0,0.0,0.0,154.29,0.0,0.0,164.53,0.9999253857184062,1.0,1506.1310174400032,1000.0,1506.1310174400032,1000.0,0.0,0.0
22179,1722004680000.0,0.0,0.0,0.0,154.29,0.0,0.0,162.4,0.9999253857184062,1.0,1506.1310174400032,1000.0,1506.1310174400032,1000.0,0.0,0.0
22180,1722008280000.0,0.0,0.0,0.0,154.29,0.0,0.0,162.32,0.9999253857184062,1.0,1506.1310174400032,1000.0,1506.1310174400032,1000.0,0.0,0.0
22181,1722011880000.0,0.0,0.0,0.0,154.29,0.0,0.0,164.01,0.9999253857184062,1.0,1506.1310174400032,1000.0,1506.1310174400032,1000.0,0.0,0.0
22182,1722015480000.0,0.0,0.0,0.0,154.29,0.0,0.0,163.41,0.9999253857184062,1.0,1506.1310174400032,1000.0,1506.1310174400032,1000.0,0.0,0.0
22183,1722019080000.0,0.0,0.0,0.0,154.29,0.0,0.0,163.41,0.9999253857184062,1.0,1506.1310174400032,1000.0,1506.1310174400032,1000.0,0.0,0.0
22184,1722022680000.0,0.0,0.0,0.0,154.29,0.0,0.0,163.03,0.9999253857184062,1.0,1506.1310174400032,1000.0,1506.1310174400032,1000.0,0.0,0.0
22185,1722026280000.0,0.0,0.0,0.0,154.29,0.0,0.0,163.49,0.9999253857184062,1.0,1506.1310174400032,1000.0,1506.1310174400032,1000.0,0.0,0.0
22186,1722029880000.0,0.0,0.0,0.0,154.29,0.0,0.0,161.18,0.9999253857184062,1.0,1506.1310174400032,1000.0,1506.1310174400032,1000.0,0.0,0.0
22187,1722033480000.0,0.0,0.0,0.0,154.29,0.0,0.0,162.34,0.9999253857184062,1.0,1506.1310174400032,1000.0,1506.1310174400032,1000.0,0.0,0.0
22188,1722037080000.0,0.0,0.0,0.0,154.29,0.0,0.0,161.73,0.9999253857184062,1.0,1506.1310174400032,1000.0,1506.1310174400032,1000.0,0.0,0.0
22189,1722040680000.0,0.0,0.0,0.0,154.29,0.0,0.0,162.98,0.9999253857184062,1.0,1506.1310174400032,1000.0,1506.1310174400032,1000.0,0.0,0.0
22190,1722044280000.0,0.0,0.0,0.0,154.29,0.0,0.0,163.13,0.9999253857184062,1.0,1506.1310174400032,1000.0,1506.1310174400032,1000.0,0.0,0.0
22191,1722047880000.0,0.0,0.0,0.0,154.29,0.0,0.0,162.44,0.9999253857184062,1.0,1506.1310174400032,1000.0,1506.1310174400032,1000.0,0.0,0.0
22192,1722051480000.0,0.0,0.0,0.0,154.29,0.0,0.0,162.14,0.9999253857184062,1.0,1506.1310174400032,1000.0,1506.1310174400032,1000.0,0.0,0.0
22193,1722055080000.0,0.0,0.0,0.0,154.29,0.0,0.0,161.18,0.9999253857184062,1.0,1506.1310174400032,1000.0,1506.1310174400032,1000.0,0.0,0.0
22194,1722058680000.0,0.0,0.0,0.0,154.29,0.0,0.0,162.64,0.9999253857184062,1.0,1506.1310174400032,1000.0,1506.1310174400032,1000.0,0.0,0.0
22195,1722062280000.0,0.0,0.0,0.0,154.29,0.0,0.0,162.84,0.9999253857184062,1.0,1506.1310174400032,1000.0,1506.1310174400032,1000.0,0.0,0.0
22196,1722065880000.0,0.0,0.0,0.0,154.29,0.0,0.0,162.74,0.9999253857184062,1.0,1506.1310174400032,1000.0,1506.1310174400032,1000.0,0.0,0.0
22197,1722069480000.0,0.0,0.0,0.0,154.29,0.0,0.0,162.11,0.9999253857184062,1.0,1506.1310174400032,1000.0,1506.1310174400032,1000.0,0.0,0.0
22198,1722073080000.0,0.0,0.0,0.0,154.29,0.0,0.0,163.17,0.9999253857184062,1.0,1506.1310174400032,1000.0,1506.1310174400032,1000.0,0.0,0.0
22199,1722076680000.0,0.0,0.0,0.0,154.29,0.0,0.0,163.02,0.9999253857184062,1.0,1506.1310174400032,1000.0,1506.1310174400032,1000.0,0.0,0.0
22200,1722080280000.0,0.0,0.0,0.0,154.29,0.0,0.0,163.36,0.9999253857184062,1.0,1506.1310174400032,1000.0,1506.1310174400032,1000.0,0.0,0.0
22201,1722083880000.0,0.0,0.0,0.0,154.29,0.0,0.0,164.13,0.9999253857184062,1.0,1506.1310174400032,1000.0,1506.1310174400032,1000.0,0.0,0.0
22202,1722087480000.0,0.0,0.0,0.0,154.29,0.0,0.0,163.58,0.9999253857184062,1.0,1506.1310174400032,1000.0,1506.1310174400032,1000.0,0.0,0.0
22203,1722091080000.0,0.0,0.0,0.0,154.29,0.0,0.0,163.21,0.9999253857184062,1.0,1506.1310174400032,1000.0,1506.1310174400032,1000.0,0.0,0.0
22204,1722094680000.0,0.0,0.0,0.0,154.29,0.0,0.0,163.79,0.9999253857184062,1.0,1506.1310174400032,1000.0,1506.1310174400032,1000.0,0.0,0.0
22205,1722098280000.0,0.0,0.0,0.0,154.29,0.0,0.0,164.54,0.9999253857184062,1.0,1506.1310174400032,1000.0,1506.1310174400032,1000.0,0.0,0.0
22206,1722101880000.0,0.0,0.0,0.0,154.29,0.0,0.0,164.37,0.9999253857184062,1.0,1506.1310174400032,1000.0,1506.1310174400032,1000.0,0.0,0.0
22207,1722105480000.0,0.0,0.0,0.0,154.29,0.0,0.0,163.88,0.9999253857184062,1.0,1506.1310174400032,1000.0,1506.1310174400032,1000.0,0.0,0.0
22208,1722109080000.0,0.0,0.0,0.0,154.29,0.0,0.0,164.22,0.9999253857184062,1.0,1506.1310174400032,1000.0,1506.1310174400032,1000.0,0.0,0.0
22209,1722112680000.0,0.0,0.0,0.0,154.29,0.0,0.0,163.19,0.9999253857184062,1.0,1506.1310174400032,1000.0,1506.1310174400032,1000.0,0.0,0.0
22210,1722116280000.0,0.0,0.0,0.0,154.29,0.0,0.0,163.79,0.9999253857184062,1.0,1506.1310174400032,1000.0,1506.1310174400032,1000.0,0.0,0.0
22211,1722119880000.0,0.0,0.0,0.0,154.29,0.0,0.0,163.39,0.9999253857184062,1.0,1506.1310174400032,1000.0,1506.1310174400032,1000.0,0.0,0.0
22212,1722123480000.0,0.0,0.0,0.0,154.29,0.0,0.0,162.44,0.9999253857184062,1.0,1506.1310174400032,1000.0,1506.1310174400032,1000.0,0.0,0.0
22213,1722127080000.0,0.0,0.0,0.0,154.29,0.0,0.0,162.13,0.9999253857184062,1.0,1506.1310174400032,1000.0,1506.1310174400032,1000.0,0.0,0.0
22214,1722130680000.0,0.0,0.0,0.0,154.29,0.0,0.0,162.13,0.9999253857184062,1.0,1506.1310174400032,1000.0,1506.1310174400032,1000.0,0.0,0.0
22215,1722134280000.0,0.0,0.0,0.0,154.29,0.0,0.0,162.1,0.9999253857184062,1.0,1506.1310174400032,1000.0,1506.1310174400032,1000.0,0.0,0.0
22216,1722137880000.0,0.0,0.0,0.0,154.29,0.0,0.0,161.93,0.9999253857184062,1.0,1506.1310174400032,1000.0,1506.1310174400032,1000.0,0.0,0.0
22217,1722141480000.0,0.0,0.0,0.0,154.29,0.0,0.0,161.81,0.9999253857184062,1.0,1506.1310174400032,1000.0,1506.1310174400032,1000.0,0.0,0.0
22218,1722145080000.0,0.0,0.0,0.0,154.29,0.0,0.0,161.33,0.9999253857184062,1.0,1506.1310174400032,1000.0,1506.1310174400032,1000.0,0.0,0.0
22219,1722148680000.0,0.0,0.0,0.0,154.29,0.0,0.0,161.52,0.9999253857184062,1.0,1506.1310174400032,1000.0,1506.1310174400032,1000.0,0.0,0.0
22220,1722152280000.0,0.0,0.0,0.0,154.29,0.0,0.0,160.68,0.9999253857184062,1.0,1506.1310174400032,1000.0,1506.1310174400032,1000.0,0.0,0.0
22221,1722155880000.0,0.0,0.0,0.0,154.29,0.0,0.0,160.12,0.9999253857184062,1.0,1506.1310174400032,1000.0,1506.1310174400032,1000.0,0.0,0.0
22222,1722159480000.0,0.0,0.0,0.0,154.29,0.0,0.0,160.94,0.9999253857184062,1.0,1506.1310174400032,1000.0,1506.1310174400032,1000.0,0.0,0.0
22223,1722163080000.0,0.0,0.0,0.0,154.29,0.0,0.0,161.43,0.9999253857184062,1.0,1506.1310174400032,1000.0,1506.1310174400032,1000.0,0.0,0.0
22224,1722166680000.0,0.0,0.0,0.0,154.29,0.0,0.0,162.83,0.9999253857184062,1.0,1506.1310174400032,1000.0,1506.1310174400032,1000.0,0.0,0.0
22225,1722170280000.0,0.0,0.0,0.0,154.29,0.0,0.0,164.48,0.9999253857184062,1.0,1506.1310174400032,1000.0,1506.1310174400032,1000.0,0.0,0.0
22226,1722173880000.0,0.0,0.0,0.0,154.29,0.0,0.0,162.68,0.9999253857184062,1.0,1506.1310174400032,1000.0,1506.1310174400032,1000.0,0.0,0.0
22227,1722177480000.0,0.0,0.0,0.0,154.29,0.0,0.0,162.3,0.9999253857184062,1.0,1506.1310174400032,1000.0,1506.1310174400032,1000.0,0.0,0.0
22228,1722181080000.0,0.0,0.0,0.0,154.29,0.0,0.0,163.25,0.9999253857184062,1.0,1506.1310174400032,1000.0,1506.1310174400032,1000.0,0.0,0.0
22229,1722184680000.0,0.0,0.0,0.0,154.29,0.0,0.0,164.01,0.9999253857184062,1.0,1506.1310174400032,1000.0,1506.1310174400032,1000.0,0.0,0.0
22230,1722188280000.0,0.0,0.0,0.0,154.29,0.0,0.0,164.07,0.9999253857184062,1.0,1506.1310174400032,1000.0,1506.1310174400032,1000.0,0.0,0.0
22231,1722191880000.0,0.0,0.0,0.0,154.29,0.0,0.0,164.04,0.9999253857184062,1.0,1506.1310174400032,1000.0,1506.1310174400032,1000.0,0.0,0.0
22232,1722195480000.0,0.0,0.0,0.0,154.29,0.0,0.0,163.76,0.9999253857184062,1.0,1506.1310174400032,1000.0,1506.1310174400032,1000.0,0.0,0.0
22233,1722199080000.0,0.0,0.0,0.0,154.29,0.0,0.0,162.91,0.9999253857184062,1.0,1506.1310174400032,1000.0,1506.1310174400032,1000.0,0.0,0.0
22234,1722202680000.0,0.0,0.0,0.0,154.29,0.0,0.0,162.77,0.9999253857184062,1.0,1506.1310174400032,1000.0,1506.1310174400032,1000.0,0.0,0.0
22235,1722206280000.0,0.0,0.0,0.0,154.29,0.0,0.0,164.34,0.9999253857184062,1.0,1506.1310174400032,1000.0,1506.1310174400032,1000.0,0.0,0.0
22236,1722209880000.0,0.0,0.0,0.0,154.29,0.0,0.0,164.75,0.9999253857184062,1.0,1506.1310174400032,1000.0,1506.1310174400032,1000.0,0.0,0.0
