,timestamp,bkr_price_long,bkr_price_short,psize_long,pprice_long,psize_short,pprice_short,price,closest_bkr_long,closest_bkr_short,balance_long,balance_short,equity_long,equity_short,wallet_exposure_long,wallet_exposure_short
0,1672531440000.0,0.0,0.0,0.0,0.0,0.0,0.0,0.402,1.0,1.0,1000.0,1000.0,1000.0,1000.0,0.0,0.0
1,1672535040000.0,0.0,0.0,0.0,0.0,0.0,0.0,0.402,1.0,1.0,1000.0,1000.0,1000.0,1000.0,0.0,0.0
2,1672538640000.0,0.0,0.0,0.0,0.0,0.0,0.0,0.402,1.0,1.0,1000.0,1000.0,1000.0,1000.0,0.0,0.0
3,1672542240000.0,0.0,0.0,0.0,0.0,0.0,0.0,0.402,1.0,1.0,1000.0,1000.0,1000.0,1000.0,0.0,0.0
4,1672545840000.0,0.0,0.0,0.0,0.0,0.0,0.0,0.402,1.0,1.0,1000.0,1000.0,1000.0,1000.0,0.0,0.0
5,1672549440000.0,0.0,0.0,0.0,0.0,0.0,0.0,0.402,1.0,1.0,1000.0,1000.0,1000.0,1000.0,0.0,0.0
6,1672553040000.0,0.0,0.0,0.0,0.0,0.0,0.0,0.402,1.0,1.0,1000.0,1000.0,1000.0,1000.0,0.0,0.0
7,1672556640000.0,0.0,0.0,0.0,0.0,0.0,0.0,0.402,1.0,1.0,1000.0,1000.0,1000.0,1000.0,0.0,0.0
8,1672560240000.0,0.0,0.0,0.0,0.0,0.0,0.0,0.402,1.0,1.0,1000.0,1000.0,1000.0,1000.0,0.0,0.0
9,1672563840000.0,0.0,0.0,0.0,0.0,0.0,0.0,0.402,1.0,1.0,1000.0,1000.0,1000.0,1000.0,0.0,0.0
10,1672567440000.0,0.0,0.0,0.0,0.0,0.0,0.0,0.404,1.0,1.0,1000.0,1000.0,1000.0,1000.0,0.0,0.0
11,1672571040000.0,0.0,0.0,0.0,0.0,0.0,0.0,0.404,1.0,1.0,1000.0,1000.0,1000.0,1000.0,0.0,0.0
12,1672574640000.0,0.0,0.0,0.0,0.0,0.0,0.0,0.403,1.0,1.0,1000.0,1000.0,1000.0,1000.0,0.0,0.0
13,1672578240000.0,0.0,0.0,0.0,0.0,0.0,0.0,0.406,1.0,1.0,1000.0,1000.0,1000.0,1000.0,0.0,0.0
14,1672581840000.0,0.0,0.0,124.0,0.4032,0.0,0.0,0.404,1.0,1.0,999.99000064,1000.0,1000.08920064,1000.0,0.04999729994100114,0.0
15,1672585440000.0,0.0,0.0,124.0,0.4032,0.0,0.0,0.402,1.0,1.0,999.99000064,1000.0,999.8412006399999,1000.0,0.04999729994100114,0.0
16,1672589040000.0,0.0,0.0,124.0,0.4032,0.0,0.0,0.402,1.0,1.0,999.99000064,1000.0,999.8412006399999,1000.0,0.04999729994100114,0.0
17,1672592640000.0,0.0,0.0,124.0,0.4032,0.0,0.0,0.403,1.0,1.0,999.99000064,1000.0,999.9652006399999,1000.0,0.04999729994100114,0.0
18,1672596240000.0,0.0,0.0,124.0,0.4032,0.0,0.0,0.403,1.0,1.0,999.99000064,1000.0,999.9652006399999,1000.0,0.04999729994100114,0.0
19,1672599840000.0,0.0,0.0,124.0,0.4032,0.0,0.0,0.403,1.0,1.0,999.99000064,1000.0,999.9652006399999,1000.0,0.04999729994100114,0.0
20,1672603440000.0,0.0,0.0,124.0,0.4032,0.0,0.0,0.406,1.0,1.0,999.99000064,1000.0,1000.33720064,1000.0,0.04999729994100114,0.0
21,1672607040000.0,0.0,0.0,91.2,0.4032,0.0,0.0,0.407,1.0,1.0,1000.121808752,1000.0,1000.468368752,1000.0,0.03676736141359188,0.0
22,1672610640000.0,0.0,0.0,123.7,0.40343645917542437,0.0,0.0,0.404,1.0,1.0,1000.119182102,1000.0,1000.188892102,1000.0,0.049899142915259355,0.0
23,1672614240000.0,0.0,0.0,123.7,0.40343645917542437,0.0,0.0,0.404,1.0,1.0,1000.119182102,1000.0,1000.188892102,1000.0,0.049899142915259355,0.0
24,1672617840000.0,0.0,0.0,123.7,0.40343645917542437,0.0,0.0,0.405,1.0,1.0,1000.119182102,1000.0,1000.3125921019999,1000.0,0.049899142915259355,0.0
25,1672621440000.0,0.0,0.0,123.7,0.40343645917542437,0.0,0.0,0.405,1.0,1.0,1000.119182102,1000.0,1000.3125921019999,1000.0,0.049899142915259355,0.0
26,1672625040000.0,0.0,0.0,123.7,0.40343645917542437,0.0,0.0,0.405,1.0,1.0,1000.119182102,1000.0,1000.3125921019999,1000.0,0.049899142915259355,0.0
27,1672628640000.0,0.0,0.0,106.1,0.40343645917542437,0.0,0.0,0.406,1.0,1.0,1000.1892660205125,1000.0,1000.461257702,1000.0,0.04279650839367702,0.0
28,1672632240000.0,0.0,0.0,91.0,0.40343645917542437,0.0,0.0,0.409,1.0,1.0,1000.2493948369636,1000.0,1000.755677052,1000.0,0.03670356410557752,0.0
29,1672635840000.0,0.0,0.0,78.0,0.40343645917542437,0.0,0.0,0.407,1.0,1.0,1000.3011613676831,1000.0,1000.579117552,1000.0,0.031458569709803944,0.0
30,1672639440000.0,0.0,0.0,66.9,0.40343645917542437,0.0,0.0,0.407,1.0,1.0,1000.3453620208359,1000.0,1000.583762902,1000.0,0.02698058105084085,0.0
31,1672643040000.0,0.0,0.0,49.2,0.40343645917542437,0.0,0.0,0.408,1.0,1.0,1000.415844143431,1000.0,1000.6403703520001,1000.0,0.019840823101343337,0.0
32,1672646640000.0,0.0,0.0,34.2,0.40343645917542437,0.0,0.0,0.413,1.0,1.0,1000.5355627557996,1000.0,1000.862635852,1000.0,0.013790141417659007,0.0
33,1672650240000.0,0.0,0.0,17.6,0.40343645917542437,0.0,0.0,0.416,1.0,1.0,1000.7327784054876,1000.0,1000.9538967240001,1000.0,0.0070952824117553,0.0
34,1672653840000.0,0.0,0.0,11.3,0.40343645917542437,0.0,0.0,0.415,1.0,1.0,1000.8076253086824,1000.0,1000.9382933200001,1000.0,0.004555153131728188,0.0
35,1672657440000.0,0.0,0.0,3.8,0.40343645917542437,0.0,0.0,0.411,1.0,1.0,1000.8760628988666,1000.0,1000.904804354,1000.0,0.0015317166647250712,0.0
36,1672661040000.0,0.0,0.0,122.0,0.4100225956505029,0.0,0.0,0.412,1.0,1.0,1000.8711052913615,1000.0,1001.1123486220001,1000.0,0.04997921950679088,0.0
37,1672664640000.0,0.0,0.0,122.0,0.4100225956505029,0.0,0.0,0.412,1.0,1.0,1000.8711052913615,1000.0,1001.1123486220001,1000.0,0.04997921950679088,0.0
38,1672668240000.0,0.0,0.0,122.0,0.4100225956505029,0.0,0.0,0.411,1.0,1.0,1000.8711052913615,1000.0,1000.990348622,1000.0,0.04997921950679088,0.0
39,1672671840000.0,0.0,0.0,122.0,0.4100225956505029,0.0,0.0,0.41,1.0,1.0,1000.8711052913615,1000.0,1000.8683486220001,1000.0,0.04997921950679088,0.0
40,1672675440000.0,0.0,0.0,122.0,0.4100225956505029,0.0,0.0,0.412,1.0,1.0,1000.8711052913615,1000.0,1001.1123486220001,1000.0,0.04997921950679088,0.0
41,1672679040000.0,0.0,0.0,122.0,0.4100225956505029,0.0,0.0,0.412,1.0,1.0,1000.8711052913615,1000.0,1001.1123486220001,1000.0,0.04997921950679088,0.0
42,1672682640000.0,0.0,0.0,122.0,0.4100225956505029,0.0,0.0,0.413,1.0,1.0,1000.8711052913615,1000.0,1001.2343486220001,1000.0,0.04997921950679088,0.0
43,1672686240000.0,0.0,0.0,122.0,0.4100225956505029,0.0,0.0,0.414,1.0,1.0,1000.8711052913615,1000.0,1001.3563486220002,1000.0,0.04997921950679088,0.0
44,1672689840000.0,0.0,0.0,104.6,0.4100225956505029,0.0,0.0,0.414,1.0,1.0,1000.9423507110426,1000.0,1001.3583872060001,1000.0,0.042847985675274765,0.0
45,1672693440000.0,0.0,0.0,48.6,0.4100225956505029,0.0,0.0,0.415,1.0,1.0,1001.1716463146143,1000.0,1001.4135481659999,1000.0,0.019903777960520095,0.0
46,1672697040000.0,0.0,0.0,35.8,0.4100225956505029,0.0,0.0,0.415,1.0,1.0,1001.2240567382879,1000.0,1001.4022478139999,1000.0,0.014660863195903939,0.0
47,1672700640000.0,0.0,0.0,26.4,0.4100225956505029,0.0,0.0,0.415,1.0,1.0,1001.2625456431732,1000.0,1001.3939491179999,1000.0,0.010810947210873613,0.0
48,1672704240000.0,0.0,0.0,121.0,0.412897657232837,0.0,0.0,0.412,1.0,1.0,1001.2547184391732,1000.0,1001.1461019139999,1000.0,0.04989800857373779,0.0
49,1672707840000.0,0.0,0.0,121.0,0.412897657232837,0.0,0.0,0.416,1.0,1.0,1001.2547184391732,1000.0,1001.630101914,1000.0,0.04989800857373779,0.0
50,1672711440000.0,0.0,0.0,121.0,0.412897657232837,0.0,0.0,0.416,1.0,1.0,1001.2547184391732,1000.0,1001.630101914,1000.0,0.04989800857373779,0.0
51,1672715040000.0,0.0,0.0,103.8,0.412897657232837,0.0,0.0,0.417,1.0,1.0,1001.3255639107684,1000.0,1001.75138709,1000.0,0.042802039981262044,0.0
52,1672718640000.0,0.0,0.0,103.8,0.412897657232837,0.0,0.0,0.417,1.0,1.0,1001.3255639107684,1000.0,1001.75138709,1000.0,0.042802039981262044,0.0
53,1672722240000.0,0.0,0.0,103.8,0.412897657232837,0.0,0.0,0.416,1.0,1.0,1001.3255639107684,1000.0,1001.64758709,1000.0,0.042802039981262044,0.0
54,1672725840000.0,0.0,0.0,103.8,0.412897657232837,0.0,0.0,0.416,1.0,1.0,1001.3255639107684,1000.0,1001.64758709,1000.0,0.042802039981262044,0.0
55,1672729440000.0,0.0,0.0,120.5,0.41381552901963037,0.0,0.0,0.417,1.0,1.0,1001.4351621508654,1000.0,1001.8188909039999,1000.0,0.049793309773312484,0.0
56,1672733040000.0,0.0,0.0,120.5,0.41381552901963037,0.0,0.0,0.416,1.0,1.0,1001.4351621508654,1000.0,1001.6983909039999,1000.0,0.049793309773312484,0.0
57,1672736640000.0,0.0,0.0,120.5,0.41381552901963037,0.0,0.0,0.412,1.0,1.0,1001.4351621508654,1000.0,1001.2163909039999,1000.0,0.049793309773312484,0.0
58,1672740240000.0,0.0,0.0,120.5,0.41381552901963037,0.0,0.0,0.413,1.0,1.0,1001.4351621508654,1000.0,1001.3368909039999,1000.0,0.049793309773312484,0.0
59,1672743840000.0,0.0,0.0,120.5,0.41381552901963037,0.0,0.0,0.414,1.0,1.0,1001.4351621508654,1000.0,1001.4573909039999,1000.0,0.049793309773312484,0.0
60,1672747440000.0,0.0,0.0,120.5,0.41381552901963037,0.0,0.0,0.414,1.0,1.0,1001.4351621508654,1000.0,1001.4573909039999,1000.0,0.049793309773312484,0.0
61,1672751040000.0,0.0,0.0,120.5,0.41381552901963037,0.0,0.0,0.412,1.0,1.0,1001.4351621508654,1000.0,1001.2163909039999,1000.0,0.049793309773312484,0.0
62,1672754640000.0,0.0,0.0,120.5,0.41381552901963037,0.0,0.0,0.41,1.0,1.0,1001.4351621508654,1000.0,1000.9753909039999,1000.0,0.049793309773312484,0.0
63,1672758240000.0,0.0,0.0,120.5,0.41381552901963037,0.0,0.0,0.409,1.0,1.0,1001.4351621508654,1000.0,1000.854890904,1000.0,0.049793309773312484,0.0
64,1672761840000.0,0.0,0.0,120.5,0.41381552901963037,0.0,0.0,0.41,1.0,1.0,1001.4351621508654,1000.0,1000.9753909039999,1000.0,0.049793309773312484,0.0
65,1672765440000.0,0.0,0.0,120.5,0.41381552901963037,0.0,0.0,0.408,1.0,1.0,1001.4351621508654,1000.0,1000.734390904,1000.0,0.049793309773312484,0.0
66,1672769040000.0,0.0,0.0,120.5,0.41381552901963037,0.0,0.0,0.406,1.0,1.0,1001.4351621508654,1000.0,1000.493390904,1000.0,0.049793309773312484,0.0
67,1672772640000.0,0.0,0.0,120.5,0.41381552901963037,0.0,0.0,0.406,1.0,1.0,1001.4351621508654,1000.0,1000.493390904,1000.0,0.049793309773312484,0.0
68,1672776240000.0,0.0,0.0,120.5,0.41381552901963037,0.0,0.0,0.407,1.0,1.0,1001.4351621508654,1000.0,1000.613890904,1000.0,0.049793309773312484,0.0
69,1672779840000.0,0.0,0.0,120.5,0.41381552901963037,0.0,0.0,0.407,1.0,1.0,1001.4351621508654,1000.0,1000.613890904,1000.0,0.049793309773312484,0.0
70,1672783440000.0,0.0,0.0,120.5,0.41381552901963037,0.0,0.0,0.407,1.0,1.0,1001.4351621508654,1000.0,1000.613890904,1000.0,0.049793309773312484,0.0
71,1672787040000.0,0.0,0.0,120.5,0.41381552901963037,0.0,0.0,0.409,1.0,1.0,1001.4351621508654,1000.0,1000.854890904,1000.0,0.049793309773312484,0.0
72,1672790640000.0,0.0,0.0,120.5,0.41381552901963037,0.0,0.0,0.408,1.0,1.0,1001.4351621508654,1000.0,1000.734390904,1000.0,0.049793309773312484,0.0
73,1672794240000.0,0.0,0.0,120.5,0.41381552901963037,0.0,0.0,0.409,1.0,1.0,1001.4351621508654,1000.0,1000.854890904,1000.0,0.049793309773312484,0.0
74,1672797840000.0,0.0,0.0,120.5,0.41381552901963037,0.0,0.0,0.407,1.0,1.0,1001.4351621508654,1000.0,1000.613890904,1000.0,0.049793309773312484,0.0
75,1672801440000.0,0.0,0.0,120.5,0.41381552901963037,0.0,0.0,0.408,1.0,1.0,1001.4351621508654,1000.0,1000.734390904,1000.0,0.049793309773312484,0.0
76,1672805040000.0,0.0,0.0,120.5,0.41381552901963037,0.0,0.0,0.417,1.0,1.0,1001.4351621508654,1000.0,1001.8188909039999,1000.0,0.049793309773312484,0.0
77,1672808640000.0,0.0,0.0,120.5,0.41381552901963037,0.0,0.0,0.418,1.0,1.0,1001.4351621508654,1000.0,1001.9393909039999,1000.0,0.049793309773312484,0.0
78,1672812240000.0,0.0,0.0,76.0,0.41381552901963037,0.0,0.0,0.419,1.0,1.0,1001.6176509094918,1000.0,1002.0116707039998,1000.0,0.03139918728162848,0.0
79,1672815840000.0,0.0,0.0,65.2,0.41381552901963037,0.0,0.0,0.419,1.0,1.0,1001.6619403160797,1000.0,1001.9999678239998,1000.0,0.026936006456994836,0.0
80,1672819440000.0,0.0,0.0,55.9,0.41381552901963037,0.0,0.0,0.417,1.0,1.0,1001.7000784161971,1000.0,1001.8780903439998,1000.0,0.02309302811353688,0.0
81,1672823040000.0,0.0,0.0,55.9,0.41381552901963037,0.0,0.0,0.417,1.0,1.0,1001.7000784161971,1000.0,1001.8780903439998,1000.0,0.02309302811353688,0.0
82,1672826640000.0,0.0,0.0,55.9,0.41381552901963037,0.0,0.0,0.416,1.0,1.0,1001.7000784161971,1000.0,1001.8221903439998,1000.0,0.02309302811353688,0.0
83,1672830240000.0,0.0,0.0,55.9,0.41381552901963037,0.0,0.0,0.417,1.0,1.0,1001.7000784161971,1000.0,1001.8780903439998,1000.0,0.02309302811353688,0.0
84,1672833840000.0,0.0,0.0,120.7,0.41445143390387185,0.0,0.0,0.414,1.0,1.0,1001.6947000161971,1000.0,1001.6402119439997,1000.0,0.049939655337488016,0.0
85,1672837440000.0,0.0,0.0,120.7,0.41445143390387185,0.0,0.0,0.414,1.0,1.0,1001.6947000161971,1000.0,1001.6402119439997,1000.0,0.049939655337488016,0.0
86,1672841040000.0,0.0,0.0,120.7,0.41445143390387185,0.0,0.0,0.414,1.0,1.0,1001.6947000161971,1000.0,1001.6402119439997,1000.0,0.049939655337488016,0.0
87,1672844640000.0,0.0,0.0,120.7,0.41445143390387185,0.0,0.0,0.412,1.0,1.0,1001.6947000161971,1000.0,1001.3988119439997,1000.0,0.049939655337488016,0.0
88,1672848240000.0,0.0,0.0,120.7,0.41445143390387185,0.0,0.0,0.415,1.0,1.0,1001.6947000161971,1000.0,1001.7609119439998,1000.0,0.049939655337488016,0.0
89,1672851840000.0,0.0,0.0,120.7,0.41445143390387185,0.0,0.0,0.417,1.0,1.0,1001.6947000161971,1000.0,1002.0023119439998,1000.0,0.049939655337488016,0.0
90,1672855440000.0,0.0,0.0,120.7,0.41445143390387185,0.0,0.0,0.417,1.0,1.0,1001.6947000161971,1000.0,1002.0023119439998,1000.0,0.049939655337488016,0.0
91,1672859040000.0,0.0,0.0,72.0,0.41445143390387185,0.0,0.0,0.421,1.0,1.0,1002.0217821910787,1000.0,1002.49327895,1000.0,0.029780293973078912,0.0
92,1672862640000.0,0.0,0.0,120.6,0.4150952404386833,0.0,0.0,0.417,1.0,1.0,1002.093395354905,1000.0,1002.3231093579999,1000.0,0.049955908530038354,0.0
93,1672866240000.0,0.0,0.0,120.6,0.4150952404386833,0.0,0.0,0.413,1.0,1.0,1002.093395354905,1000.0,1001.8407093579998,1000.0,0.049955908530038354,0.0
94,1672869840000.0,0.0,0.0,120.6,0.4150952404386833,0.0,0.0,0.415,1.0,1.0,1002.093395354905,1000.0,1002.0819093579998,1000.0,0.049955908530038354,0.0
95,1672873440000.0,0.0,0.0,120.6,0.4150952404386833,0.0,0.0,0.415,1.0,1.0,1002.093395354905,1000.0,1002.0819093579998,1000.0,0.049955908530038354,0.0
96,1672877040000.0,0.0,0.0,120.6,0.4150952404386833,0.0,0.0,0.416,1.0,1.0,1002.093395354905,1000.0,1002.2025093579998,1000.0,0.049955908530038354,0.0
97,1672880640000.0,0.0,0.0,120.6,0.4150952404386833,0.0,0.0,0.414,1.0,1.0,1002.093395354905,1000.0,1001.9613093579999,1000.0,0.049955908530038354,0.0
98,1672884240000.0,0.0,0.0,120.6,0.4150952404386833,0.0,0.0,0.415,1.0,1.0,1002.093395354905,1000.0,1002.0819093579998,1000.0,0.049955908530038354,0.0
99,1672887840000.0,0.0,0.0,120.6,0.4150952404386833,0.0,0.0,0.415,1.0,1.0,1002.093395354905,1000.0,1002.0819093579998,1000.0,0.049955908530038354,0.0
100,1672891440000.0,0.0,0.0,120.6,0.4150952404386833,0.0,0.0,0.416,1.0,1.0,1002.093395354905,1000.0,1002.2025093579998,1000.0,0.049955908530038354,0.0
101,1672895040000.0,0.0,0.0,120.6,0.4150952404386833,0.0,0.0,0.416,1.0,1.0,1002.093395354905,1000.0,1002.2025093579998,1000.0,0.049955908530038354,0.0
102,1672898640000.0,0.0,0.0,103.4,0.4150952404386833,0.0,0.0,0.42,1.0,1.0,1002.1642748273598,1000.0,1002.6714269659999,1000.0,0.042828155961510114,0.0
103,1672902240000.0,0.0,0.0,103.4,0.4150952404386833,0.0,0.0,0.413,1.0,1.0,1002.1642748273598,1000.0,1001.9476269659999,1000.0,0.042828155961510114,0.0
104,1672905840000.0,0.0,0.0,103.4,0.4150952404386833,0.0,0.0,0.415,1.0,1.0,1002.1642748273598,1000.0,1002.154426966,1000.0,0.042828155961510114,0.0
105,1672909440000.0,0.0,0.0,103.4,0.4150952404386833,0.0,0.0,0.414,1.0,1.0,1002.1642748273598,1000.0,1002.051026966,1000.0,0.042828155961510114,0.0
106,1672913040000.0,0.0,0.0,103.4,0.4150952404386833,0.0,0.0,0.414,1.0,1.0,1002.1642748273598,1000.0,1002.051026966,1000.0,0.042828155961510114,0.0
107,1672916640000.0,0.0,0.0,103.4,0.4150952404386833,0.0,0.0,0.414,1.0,1.0,1002.1642748273598,1000.0,1002.051026966,1000.0,0.042828155961510114,0.0
108,1672920240000.0,0.0,0.0,103.4,0.4150952404386833,0.0,0.0,0.414,1.0,1.0,1002.1642748273598,1000.0,1002.051026966,1000.0,0.042828155961510114,0.0
109,1672923840000.0,0.0,0.0,103.4,0.4150952404386833,0.0,0.0,0.413,1.0,1.0,1002.1642748273598,1000.0,1001.9476269659999,1000.0,0.042828155961510114,0.0
110,1672927440000.0,0.0,0.0,103.4,0.4150952404386833,0.0,0.0,0.408,1.0,1.0,1002.1642748273598,1000.0,1001.430626966,1000.0,0.042828155961510114,0.0
111,1672931040000.0,0.0,0.0,103.4,0.4150952404386833,0.0,0.0,0.41,1.0,1.0,1002.1642748273598,1000.0,1001.6374269659999,1000.0,0.042828155961510114,0.0
112,1672934640000.0,0.0,0.0,103.4,0.4150952404386833,0.0,0.0,0.411,1.0,1.0,1002.1642748273598,1000.0,1001.740826966,1000.0,0.042828155961510114,0.0
113,1672938240000.0,0.0,0.0,103.4,0.4150952404386833,0.0,0.0,0.411,1.0,1.0,1002.1642748273598,1000.0,1001.740826966,1000.0,0.042828155961510114,0.0
114,1672941840000.0,0.0,0.0,15.1,0.4150952404386833,0.0,0.0,0.427,1.0,1.0,1002.9346889346239,1000.0,1003.1144508039997,1000.0,0.0062495975059774726,0.0
115,1672945440000.0,0.0,0.0,4.8,0.4150952404386833,0.0,0.0,0.42,1.0,1.0,1003.0728450541054,1000.0,1003.0963878999997,1000.0,0.001986353397891264,0.0
116,1672949040000.0,0.0,0.0,4.2,0.4150952404386833,0.0,0.0,0.419,1.0,1.0,1003.0753175938421,1000.0,1003.0917175839996,1000.0,0.0017380549389097765,0.0
117,1672952640000.0,0.0,0.0,2.7,0.4150952404386833,0.0,0.0,0.422,1.0,1.0,1003.0814989431841,1000.0,1003.1001417939997,1000.0,0.001117314146821809,0.0
118,1672956240000.0,0.0,0.0,1.7,0.4150952404386833,0.0,0.0,0.424,1.0,1.0,1003.0896190427453,1000.0,1003.1047571339996,1000.0,0.000703488397596198,0.0
119,1672959840000.0,0.0,0.0,1.3,0.4150952404386833,0.0,0.0,0.423,1.0,1.0,1003.0928670825698,1000.0,1003.1031432699995,1000.0,0.000537959973875349,0.0
120,1672963440000.0,0.0,0.0,119.6,0.4191553830482466,0.0,0.0,0.417,1.0,1.0,1003.0829488105697,1000.0,1002.8251649979994,1000.0,0.049976907564837324,0.0
121,1672967040000.0,0.0,0.0,119.6,0.4191553830482466,0.0,0.0,0.419,1.0,1.0,1003.0829488105697,1000.0,1003.0643649979994,1000.0,0.049976907564837324,0.0
122,1672970640000.0,0.0,0.0,119.6,0.4191553830482466,0.0,0.0,0.417,1.0,1.0,1003.0829488105697,1000.0,1002.8251649979994,1000.0,0.049976907564837324,0.0
123,1672974240000.0,0.0,0.0,119.6,0.4191553830482466,0.0,0.0,0.416,1.0,1.0,1003.0829488105697,1000.0,1002.7055649979994,1000.0,0.049976907564837324,0.0
124,1672977840000.0,0.0,0.0,119.6,0.4191553830482466,0.0,0.0,0.415,1.0,1.0,1003.0829488105697,1000.0,1002.5859649979994,1000.0,0.049976907564837324,0.0
125,1672981440000.0,0.0,0.0,119.6,0.4191553830482466,0.0,0.0,0.414,1.0,1.0,1003.0829488105697,1000.0,1002.4663649979994,1000.0,0.049976907564837324,0.0
126,1672985040000.0,0.0,0.0,119.6,0.4191553830482466,0.0,0.0,0.414,1.0,1.0,1003.0829488105697,1000.0,1002.4663649979994,1000.0,0.049976907564837324,0.0
127,1672988640000.0,0.0,0.0,119.6,0.4191553830482466,0.0,0.0,0.41,1.0,1.0,1003.0829488105697,1000.0,1001.9879649979995,1000.0,0.049976907564837324,0.0
128,1672992240000.0,0.0,0.0,119.6,0.4191553830482466,0.0,0.0,0.41,1.0,1.0,1003.0829488105697,1000.0,1001.9879649979995,1000.0,0.049976907564837324,0.0
129,1672995840000.0,0.0,0.0,119.6,0.4191553830482466,0.0,0.0,0.408,1.0,1.0,1003.0829488105697,1000.0,1001.7487649979995,1000.0,0.049976907564837324,0.0
130,1672999440000.0,0.0,0.0,119.6,0.4191553830482466,0.0,0.0,0.406,1.0,1.0,1003.0829488105697,1000.0,1001.5095649979994,1000.0,0.049976907564837324,0.0
131,1673003040000.0,0.0,0.0,119.6,0.4191553830482466,0.0,0.0,0.406,1.0,1.0,1003.0829488105697,1000.0,1001.5095649979994,1000.0,0.049976907564837324,0.0
132,1673006640000.0,0.0,0.0,302.6,0.4103528876819904,0.0,0.0,0.405,1.0,1.0,1003.0681404505698,1000.0,1001.4483566379995,1000.0,0.12379296959505955,0.0
133,1673010240000.0,0.0,0.0,302.6,0.4103528876819904,0.0,0.0,0.406,1.0,1.0,1003.0681404505698,1000.0,1001.7509566379995,1000.0,0.12379296959505955,0.0
134,1673013840000.0,0.0,0.0,302.6,0.4103528876819904,0.0,0.0,0.409,1.0,1.0,1003.0681404505698,1000.0,1002.6587566379994,1000.0,0.12379296959505955,0.0
135,1673017440000.0,0.0,0.0,302.6,0.4103528876819904,0.0,0.0,0.408,1.0,1.0,1003.0681404505698,1000.0,1002.3561566379994,1000.0,0.12379296959505955,0.0
136,1673021040000.0,0.0,0.0,259.4,0.4103528876819904,0.0,0.0,0.413,1.0,1.0,1003.2437144227077,1000.0,1003.9303753579994,1000.0,0.10610137649948777,0.0
137,1673024640000.0,0.0,0.0,259.4,0.4103528876819904,0.0,0.0,0.414,1.0,1.0,1003.2437144227077,1000.0,1004.1897753579995,1000.0,0.10610137649948777,0.0
138,1673028240000.0,0.0,0.0,259.4,0.4103528876819904,0.0,0.0,0.412,1.0,1.0,1003.2437144227077,1000.0,1003.6709753579994,1000.0,0.10610137649948777,0.0
139,1673031840000.0,0.0,0.0,222.4,0.4103528876819904,0.0,0.0,0.415,1.0,1.0,1003.3940902784741,1000.0,1004.4276080579995,1000.0,0.09095377689053999,0.0
140,1673035440000.0,0.0,0.0,163.5,0.4103528876819904,0.0,0.0,0.417,1.0,1.0,1003.6334723840048,1000.0,1004.7202752479993,1000.0,0.06684980023298265,0.0
141,1673039040000.0,0.0,0.0,81.3,0.4103528876819904,0.0,0.0,0.419,1.0,1.0,1004.2031035165451,1000.0,1004.9061137479993,1000.0,0.03322205403639858,0.0
142,1673042640000.0,0.0,0.0,81.3,0.4103528876819904,0.0,0.0,0.418,1.0,1.0,1004.2031035165451,1000.0,1004.8248137479992,1000.0,0.03322205403639858,0.0
143,1673046240000.0,0.0,0.0,67.8,0.4103528876819904,0.0,0.0,0.419,1.0,1.0,1004.3119595828382,1000.0,1004.8982337979993,1000.0,0.027702473837307846,0.0
144,1673049840000.0,0.0,0.0,56.5,0.4103528876819904,0.0,0.0,0.42,1.0,1.0,1004.4030761420318,1000.0,1004.9481379879993,1000.0,0.023083300623776563,0.0
145,1673053440000.0,0.0,0.0,5.4,0.4103528876819904,0.0,0.0,0.43,1.0,1.0,1004.9518891514821,1000.0,1005.0579835579994,1000.0,0.0022049867435482103,0.0
146,1673057040000.0,0.0,0.0,5.4,0.4103528876819904,0.0,0.0,0.429,1.0,1.0,1004.9518891514821,1000.0,1005.0525835579994,1000.0,0.0022049867435482103,0.0
147,1673060640000.0,0.0,0.0,3.6,0.4103528876819904,0.0,0.0,0.429,1.0,1.0,1004.9879989736545,1000.0,1005.0551285779993,1000.0,0.0014699383447004642,0.0
148,1673064240000.0,0.0,0.0,3.6,0.4103528876819904,0.0,0.0,0.428,1.0,1.0,1004.9879989736545,1000.0,1005.0515285779993,1000.0,0.0014699383447004642,0.0
149,1673067840000.0,0.0,0.0,3.6,0.4103528876819904,0.0,0.0,0.426,1.0,1.0,1004.9879989736545,1000.0,1005.0443285779993,1000.0,0.0014699383447004642,0.0
150,1673071440000.0,0.0,0.0,2.1,0.4103528876819904,0.0,0.0,0.426,1.0,1.0,1005.0120916921315,1000.0,1005.0449506279994,1000.0,0.0008574434787956359,0.0
151,1673075040000.0,0.0,0.0,1.6,0.4103528876819904,0.0,0.0,0.426,1.0,1.0,1005.0201225982906,1000.0,1005.0451579779995,1000.0,0.0006532850492523077,0.0
152,1673078640000.0,0.0,0.0,1.2,0.4103528876819904,0.0,0.0,0.428,1.0,1.0,1005.0265473232179,1000.0,1005.0477238579995,1000.0,0.0004899606548005188,0.0
153,1673082240000.0,0.0,0.0,0.9,0.4103528876819904,0.0,0.0,0.426,1.0,1.0,1005.0313658669133,1000.0,1005.0454482679995,1000.0,0.00036746872929207326,0.0
154,1673085840000.0,0.0,0.0,118.2,0.42498771234275623,0.0,0.0,0.427,1.0,1.0,1005.0213930209134,1000.0,1005.2592454219996,1000.0,0.04998256549337799,0.0
155,1673089440000.0,0.0,0.0,118.2,0.42498771234275623,0.0,0.0,0.422,1.0,1.0,1005.0213930209134,1000.0,1004.6682454219996,1000.0,0.04998256549337799,0.0
156,1673093040000.0,0.0,0.0,118.2,0.42498771234275623,0.0,0.0,0.421,1.0,1.0,1005.0213930209134,1000.0,1004.5500454219996,1000.0,0.04998256549337799,0.0
157,1673096640000.0,0.0,0.0,118.2,0.42498771234275623,0.0,0.0,0.42,1.0,1.0,1005.0213930209134,1000.0,1004.4318454219996,1000.0,0.04998256549337799,0.0
158,1673100240000.0,0.0,0.0,118.2,0.42498771234275623,0.0,0.0,0.424,1.0,1.0,1005.0213930209134,1000.0,1004.9046454219996,1000.0,0.04998256549337799,0.0
159,1673103840000.0,0.0,0.0,118.2,0.42498771234275623,0.0,0.0,0.425,1.0,1.0,1005.0213930209134,1000.0,1005.0228454219996,1000.0,0.04998256549337799,0.0
160,1673107440000.0,0.0,0.0,118.2,0.42498771234275623,0.0,0.0,0.419,1.0,1.0,1005.0213930209134,1000.0,1004.3136454219996,1000.0,0.04998256549337799,0.0
161,1673111040000.0,0.0,0.0,299.1,0.4160438903340481,0.0,0.0,0.415,1.0,1.0,1005.0065519849134,1000.0,1004.6943243859996,1000.0,0.12381882222871499,0.0
162,1673114640000.0,0.0,0.0,299.1,0.4160438903340481,0.0,0.0,0.414,1.0,1.0,1005.0065519849134,1000.0,1004.3952243859995,1000.0,0.12381882222871499,0.0
163,1673118240000.0,0.0,0.0,299.1,0.4160438903340481,0.0,0.0,0.411,1.0,1.0,1005.0065519849134,1000.0,1003.4979243859996,1000.0,0.12381882222871499,0.0
164,1673121840000.0,0.0,0.0,299.1,0.4160438903340481,0.0,0.0,0.415,1.0,1.0,1005.0065519849134,1000.0,1004.6943243859996,1000.0,0.12381882222871499,0.0
165,1673125440000.0,0.0,0.0,299.1,0.4160438903340481,0.0,0.0,0.415,1.0,1.0,1005.0065519849134,1000.0,1004.6943243859996,1000.0,0.12381882222871499,0.0
166,1673129040000.0,0.0,0.0,299.1,0.4160438903340481,0.0,0.0,0.413,1.0,1.0,1005.0065519849134,1000.0,1004.0961243859996,1000.0,0.12381882222871499,0.0
167,1673132640000.0,0.0,0.0,299.1,0.4160438903340481,0.0,0.0,0.412,1.0,1.0,1005.0065519849134,1000.0,1003.7970243859995,1000.0,0.12381882222871499,0.0
168,1673136240000.0,0.0,0.0,299.1,0.4160438903340481,0.0,0.0,0.412,1.0,1.0,1005.0065519849134,1000.0,1003.7970243859995,1000.0,0.12381882222871499,0.0
169,1673139840000.0,0.0,0.0,299.1,0.4160438903340481,0.0,0.0,0.41,1.0,1.0,1005.0065519849134,1000.0,1003.1988243859996,1000.0,0.12381882222871499,0.0
170,1673143440000.0,0.0,0.0,299.1,0.4160438903340481,0.0,0.0,0.41,1.0,1.0,1005.0065519849134,1000.0,1003.1988243859996,1000.0,0.12381882222871499,0.0
171,1673147040000.0,0.0,0.0,299.1,0.4160438903340481,0.0,0.0,0.409,1.0,1.0,1005.0065519849134,1000.0,1002.8997243859995,1000.0,0.12381882222871499,0.0
172,1673150640000.0,0.0,0.0,299.1,0.4160438903340481,0.0,0.0,0.411,1.0,1.0,1005.0065519849134,1000.0,1003.4979243859996,1000.0,0.12381882222871499,0.0
173,1673154240000.0,0.0,0.0,299.1,0.4160438903340481,0.0,0.0,0.413,1.0,1.0,1005.0065519849134,1000.0,1004.0961243859996,1000.0,0.12381882222871499,0.0
174,1673157840000.0,0.0,0.0,299.1,0.4160438903340481,0.0,0.0,0.413,1.0,1.0,1005.0065519849134,1000.0,1004.0961243859996,1000.0,0.12381882222871499,0.0
175,1673161440000.0,0.0,0.0,299.1,0.4160438903340481,0.0,0.0,0.414,1.0,1.0,1005.0065519849134,1000.0,1004.3952243859995,1000.0,0.12381882222871499,0.0
176,1673165040000.0,0.0,0.0,299.1,0.4160438903340481,0.0,0.0,0.414,1.0,1.0,1005.0065519849134,1000.0,1004.3952243859995,1000.0,0.12381882222871499,0.0
177,1673168640000.0,0.0,0.0,299.1,0.4160438903340481,0.0,0.0,0.414,1.0,1.0,1005.0065519849134,1000.0,1004.3952243859995,1000.0,0.12381882222871499,0.0
178,1673172240000.0,0.0,0.0,299.1,0.4160438903340481,0.0,0.0,0.414,1.0,1.0,1005.0065519849134,1000.0,1004.3952243859995,1000.0,0.12381882222871499,0.0
179,1673175840000.0,0.0,0.0,299.1,0.4160438903340481,0.0,0.0,0.413,1.0,1.0,1005.0065519849134,1000.0,1004.0961243859996,1000.0,0.12381882222871499,0.0
180,1673179440000.0,0.0,0.0,299.1,0.4160438903340481,0.0,0.0,0.413,1.0,1.0,1005.0065519849134,1000.0,1004.0961243859996,1000.0,0.12381882222871499,0.0
181,1673183040000.0,0.0,0.0,299.1,0.4160438903340481,0.0,0.0,0.413,1.0,1.0,1005.0065519849134,1000.0,1004.0961243859996,1000.0,0.12381882222871499,0.0
182,1673186640000.0,0.0,0.0,299.1,0.4160438903340481,0.0,0.0,0.415,1.0,1.0,1005.0065519849134,1000.0,1004.6943243859996,1000.0,0.12381882222871499,0.0
183,1673190240000.0,0.0,0.0,299.1,0.4160438903340481,0.0,0.0,0.418,1.0,1.0,1005.0065519849134,1000.0,1005.5916243859996,1000.0,0.12381882222871499,0.0
184,1673193840000.0,0.0,0.0,188.4,0.4160438903340481,0.0,0.0,0.422,1.0,1.0,1005.4683978829341,1000.0,1006.5905289439995,1000.0,0.07795637247672173,0.0
185,1673197440000.0,0.0,0.0,161.5,0.4160438903340481,0.0,0.0,0.416,1.0,1.0,1005.5806260189482,1000.0,1005.5735377299994,1000.0,0.06681820089847541,0.0
186,1673201040000.0,0.0,0.0,161.5,0.4160438903340481,0.0,0.0,0.414,1.0,1.0,1005.5806260189482,1000.0,1005.2505377299995,1000.0,0.06681820089847541,0.0
187,1673204640000.0,0.0,0.0,161.5,0.4160438903340481,0.0,0.0,0.416,1.0,1.0,1005.5806260189482,1000.0,1005.5735377299994,1000.0,0.06681820089847541,0.0
188,1673208240000.0,0.0,0.0,161.5,0.4160438903340481,0.0,0.0,0.418,1.0,1.0,1005.5806260189482,1000.0,1005.8965377299995,1000.0,0.06681820089847541,0.0
189,1673211840000.0,0.0,0.0,70.9,0.4160438903340481,0.0,0.0,0.426,1.0,1.0,1006.0825889186835,1000.0,1006.7884770939995,1000.0,0.029319175333694342,0.0
190,1673215440000.0,0.0,0.0,52.2,0.4160438903340481,0.0,0.0,0.424,1.0,1.0,1006.1606062474369,1000.0,1006.5759151719997,1000.0,0.021584517362923376,0.0
191,1673219040000.0,0.0,0.0,18.0,0.4160438903340481,0.0,0.0,0.427,1.0,1.0,1006.5445920760125,1000.0,1006.7418020499996,1000.0,0.007440097622070703,0.0
192,1673222640000.0,0.0,0.0,3.9,0.4160438903340481,0.0,0.0,0.434,1.0,1.0,1006.7680750383024,1000.0,1006.8381038659996,1000.0,0.0016116633140567723,0.0
193,1673226240000.0,0.0,0.0,1.6,0.4160438903340481,0.0,0.0,0.437,1.0,1.0,1006.8083646125341,1000.0,1006.8418943879996,1000.0,0.0006611687466369604,0.0
194,1673229840000.0,0.0,0.0,0.4,0.4160438903340481,0.0,0.0,0.444,1.0,1.0,1006.8344468561332,1000.0,1006.8456292999996,1000.0,0.00016528790473276157,0.0
195,1673233440000.0,0.0,0.0,0.0,0.4160438903340481,0.0,0.0,0.437,1.0,1.0,1006.8458337319996,1000.0,1006.8458337319996,1000.0,0.0,0.0
196,1673237040000.0,0.0,0.0,0.0,0.4160438903340481,0.0,0.0,0.439,1.0,1.0,1006.8458337319996,1000.0,1006.8458337319996,1000.0,0.0,0.0
197,1673240640000.0,0.0,0.0,0.0,0.4160438903340481,0.0,0.0,0.445,1.0,1.0,1006.8458337319996,1000.0,1006.8458337319996,1000.0,0.0,0.0
198,1673244240000.0,0.0,0.0,0.0,0.4160438903340481,0.0,0.0,0.447,1.0,1.0,1006.8458337319996,1000.0,1006.8458337319996,1000.0,0.0,0.0
199,1673247840000.0,0.0,0.0,0.0,0.4160438903340481,0.0,0.0,0.442,1.0,1.0,1006.8458337319996,1000.0,1006.8458337319996,1000.0,0.0,0.0
200,1673251440000.0,0.0,0.0,0.0,0.4160438903340481,0.0,0.0,0.441,1.0,1.0,1006.8458337319996,1000.0,1006.8458337319996,1000.0,0.0,0.0
201,1673255040000.0,0.0,0.0,0.0,0.4160438903340481,0.0,0.0,0.44,1.0,1.0,1006.8458337319996,1000.0,1006.8458337319996,1000.0,0.0,0.0
202,1673258640000.0,0.0,0.0,114.6,0.4392,0.0,0.0,0.443,1.0,1.0,1006.8357672679996,1000.0,1007.2712472679996,1000.0,0.049990595920697496,0.0
203,1673262240000.0,0.0,0.0,48.9,0.4392,0.0,0.0,0.445,1.0,1.0,1007.2712079199997,1000.0,1007.5548279199998,1000.0,0.021321844435868906,0.0
204,1673265840000.0,0.0,0.0,48.9,0.4392,0.0,0.0,0.443,1.0,1.0,1007.2712079199997,1000.0,1007.4570279199997,1000.0,0.021321844435868906,0.0
205,1673269440000.0,0.0,0.0,114.1,0.4404,0.0,0.0,0.442,1.0,1.0,1007.2654533679997,1000.0,1007.4480133679997,1000.0,0.04988718696941304,0.0
206,1673273040000.0,0.0,0.0,114.1,0.4404,0.0,0.0,0.44,1.0,1.0,1007.2654533679997,1000.0,1007.2198133679997,1000.0,0.04988718696941304,0.0
207,1673276640000.0,0.0,0.0,114.1,0.4404,0.0,0.0,0.444,1.0,1.0,1007.2654533679997,1000.0,1007.6762133679997,1000.0,0.04988718696941304,0.0
208,1673280240000.0,0.0,0.0,114.1,0.44086380368098166,0.0,0.0,0.442,1.0,1.0,1007.5158424839997,1000.0,1007.6454824839997,1000.0,0.04992731417104129,0.0
209,1673283840000.0,0.0,0.0,81.5,0.44086380368098166,0.0,0.0,0.446,1.0,1.0,1007.7276351099997,1000.0,1008.1462351099997,1000.0,0.035654872158068764,0.0
210,1673287440000.0,0.0,0.0,16.7,0.44086380368098166,0.0,0.0,0.458,1.0,1.0,1008.2698574274721,1000.0,1008.5560319059997,1000.0,0.007302038702473058,0.0
211,1673291040000.0,0.0,0.0,113.4,0.4442540558963872,0.0,0.0,0.44,1.0,1.0,1008.3495674206499,1000.0,1007.8671574819996,1000.0,0.04996125507101459,0.0
212,1673294640000.0,0.0,0.0,113.4,0.4442540558963872,0.0,0.0,0.438,1.0,1.0,1008.3495674206499,1000.0,1007.6403574819996,1000.0,0.04996125507101459,0.0
213,1673298240000.0,0.0,0.0,113.4,0.4442540558963872,0.0,0.0,0.437,1.0,1.0,1008.3495674206499,1000.0,1007.5269574819996,1000.0,0.04996125507101459,0.0
214,1673301840000.0,0.0,0.0,113.4,0.4442540558963872,0.0,0.0,0.437,1.0,1.0,1008.3495674206499,1000.0,1007.5269574819996,1000.0,0.04996125507101459,0.0
215,1673305440000.0,0.0,0.0,113.4,0.4442540558963872,0.0,0.0,0.441,1.0,1.0,1008.3495674206499,1000.0,1007.9805574819997,1000.0,0.04996125507101459,0.0
216,1673309040000.0,0.0,0.0,83.4,0.4442540558963872,0.0,0.0,0.448,1.0,1.0,1008.4802535437582,1000.0,1008.7926652819995,1000.0,0.036739230274032385,0.0
217,1673312640000.0,0.0,0.0,1.1,0.4442540558963872,0.0,0.0,0.462,1.0,1.0,1009.4972674154852,1000.0,1009.5167879539993,1000.0,0.0004840820052313198,0.0
218,1673316240000.0,0.0,0.0,113.3,0.44548790345530476,0.0,0.0,0.443,1.0,1.0,1009.4872703954852,1000.0,1009.2053909339992,1000.0,0.049999421430754636,0.0
219,1673319840000.0,0.0,0.0,113.3,0.44548790345530476,0.0,0.0,0.438,1.0,1.0,1009.4872703954852,1000.0,1008.6388909339992,1000.0,0.049999421430754636,0.0
220,1673323440000.0,0.0,0.0,113.3,0.44548790345530476,0.0,0.0,0.441,1.0,1.0,1009.4872703954852,1000.0,1008.9787909339992,1000.0,0.049999421430754636,0.0
221,1673327040000.0,0.0,0.0,113.3,0.44548790345530476,0.0,0.0,0.438,1.0,1.0,1009.4872703954852,1000.0,1008.6388909339992,1000.0,0.049999421430754636,0.0
222,1673330640000.0,0.0,0.0,113.3,0.44548790345530476,0.0,0.0,0.439,1.0,1.0,1009.4872703954852,1000.0,1008.7521909339991,1000.0,0.049999421430754636,0.0
223,1673334240000.0,0.0,0.0,113.3,0.44548790345530476,0.0,0.0,0.443,1.0,1.0,1009.4872703954852,1000.0,1009.2053909339992,1000.0,0.049999421430754636,0.0
224,1673337840000.0,0.0,0.0,113.3,0.44548790345530476,0.0,0.0,0.443,1.0,1.0,1009.4872703954852,1000.0,1009.2053909339992,1000.0,0.049999421430754636,0.0
225,1673341440000.0,0.0,0.0,113.3,0.44548790345530476,0.0,0.0,0.444,1.0,1.0,1009.4872703954852,1000.0,1009.3186909339992,1000.0,0.049999421430754636,0.0
226,1673345040000.0,0.0,0.0,113.3,0.44548790345530476,0.0,0.0,0.444,1.0,1.0,1009.4872703954852,1000.0,1009.3186909339992,1000.0,0.049999421430754636,0.0
227,1673348640000.0,0.0,0.0,113.3,0.44548790345530476,0.0,0.0,0.446,1.0,1.0,1009.4872703954852,1000.0,1009.5452909339991,1000.0,0.049999421430754636,0.0
228,1673352240000.0,0.0,0.0,113.3,0.44548790345530476,0.0,0.0,0.441,1.0,1.0,1009.4872703954852,1000.0,1008.9787909339992,1000.0,0.049999421430754636,0.0
229,1673355840000.0,0.0,0.0,113.3,0.44548790345530476,0.0,0.0,0.438,1.0,1.0,1009.4872703954852,1000.0,1008.6388909339992,1000.0,0.049999421430754636,0.0
230,1673359440000.0,0.0,0.0,113.3,0.44548790345530476,0.0,0.0,0.439,1.0,1.0,1009.4872703954852,1000.0,1008.7521909339991,1000.0,0.049999421430754636,0.0
231,1673363040000.0,0.0,0.0,113.3,0.44548790345530476,0.0,0.0,0.439,1.0,1.0,1009.4872703954852,1000.0,1008.7521909339991,1000.0,0.049999421430754636,0.0
232,1673366640000.0,0.0,0.0,113.3,0.44548790345530476,0.0,0.0,0.443,1.0,1.0,1009.4872703954852,1000.0,1009.2053909339992,1000.0,0.049999421430754636,0.0
233,1673370240000.0,0.0,0.0,113.3,0.44548790345530476,0.0,0.0,0.441,1.0,1.0,1009.4872703954852,1000.0,1008.9787909339992,1000.0,0.049999421430754636,0.0
234,1673373840000.0,0.0,0.0,113.3,0.44548790345530476,0.0,0.0,0.444,1.0,1.0,1009.4872703954852,1000.0,1009.3186909339992,1000.0,0.049999421430754636,0.0
235,1673377440000.0,0.0,0.0,113.3,0.44548790345530476,0.0,0.0,0.446,1.0,1.0,1009.4872703954852,1000.0,1009.5452909339991,1000.0,0.049999421430754636,0.0
236,1673381040000.0,0.0,0.0,83.4,0.44548790345530476,0.0,0.0,0.45,1.0,1.0,1009.6194910821715,1000.0,1009.9957999339991,1000.0,0.03679969679304511,0.0
237,1673384640000.0,0.0,0.0,61.3,0.44548790345530476,0.0,0.0,0.45,1.0,1.0,1009.7172194158094,1000.0,1009.9938109339992,1000.0,0.027045600448024412,0.0
238,1673388240000.0,0.0,0.0,52.6,0.44548790345530476,0.0,0.0,0.447,1.0,1.0,1009.7556916557483,1000.0,1009.8352279339992,1000.0,0.0232062705022492,0.0
239,1673391840000.0,0.0,0.0,113.2,0.44570851344301265,0.0,0.0,0.449,1.0,1.0,1009.7502873477482,1000.0,1010.1228836259992,1000.0,0.04996701100652729,0.0
240,1673395440000.0,0.0,0.0,97.1,0.44570851344301265,0.0,0.0,0.452,1.0,1.0,1009.8211506373157,1000.0,1010.4320539819992,1000.0,0.04285738779387106,0.0
241,1673399040000.0,0.0,0.0,97.1,0.44570851344301265,0.0,0.0,0.45,1.0,1.0,1009.8211506373157,1000.0,1010.2378539819991,1000.0,0.04285738779387106,0.0
242,1673402640000.0,0.0,0.0,59.5,0.44570851344301265,0.0,0.0,0.453,1.0,1.0,1010.0389945558585,1000.0,1010.4728380059993,1000.0,0.02625607198613224,0.0
243,1673406240000.0,0.0,0.0,27.2,0.44570851344301265,0.0,0.0,0.455,1.0,1.0,1010.3516371776492,1000.0,1010.6043656119992,1000.0,0.011999061633151311,0.0
244,1673409840000.0,0.0,0.0,96.4,0.4490458250286786,0.0,0.0,0.445,1.0,1.0,1010.7509887867637,1000.0,1010.3609712539991,1000.0,0.042827578714243544,0.0
245,1673413440000.0,0.0,0.0,96.4,0.4490458250286786,0.0,0.0,0.445,1.0,1.0,1010.7509887867637,1000.0,1010.3609712539991,1000.0,0.042827578714243544,0.0
246,1673417040000.0,0.0,0.0,96.4,0.4490458250286786,0.0,0.0,0.444,1.0,1.0,1010.7509887867637,1000.0,1010.2645712539992,1000.0,0.042827578714243544,0.0
247,1673420640000.0,0.0,0.0,96.4,0.4490458250286786,0.0,0.0,0.447,1.0,1.0,1010.7509887867637,1000.0,1010.5537712539991,1000.0,0.042827578714243544,0.0
248,1673424240000.0,0.0,0.0,96.4,0.4490458250286786,0.0,0.0,0.444,1.0,1.0,1010.7509887867637,1000.0,1010.2645712539992,1000.0,0.042827578714243544,0.0
249,1673427840000.0,0.0,0.0,96.4,0.4490458250286786,0.0,0.0,0.445,1.0,1.0,1010.7509887867637,1000.0,1010.3609712539991,1000.0,0.042827578714243544,0.0
250,1673431440000.0,0.0,0.0,96.4,0.4490458250286786,0.0,0.0,0.444,1.0,1.0,1010.7509887867637,1000.0,1010.2645712539992,1000.0,0.042827578714243544,0.0
251,1673435040000.0,0.0,0.0,96.4,0.4490458250286786,0.0,0.0,0.448,1.0,1.0,1010.7509887867637,1000.0,1010.6501712539991,1000.0,0.042827578714243544,0.0
252,1673438640000.0,0.0,0.0,96.4,0.4490458250286786,0.0,0.0,0.446,1.0,1.0,1010.7509887867637,1000.0,1010.4573712539991,1000.0,0.042827578714243544,0.0
253,1673442240000.0,0.0,0.0,96.4,0.4490458250286786,0.0,0.0,0.443,1.0,1.0,1010.7509887867637,1000.0,1010.1681712539992,1000.0,0.042827578714243544,0.0
254,1673445840000.0,0.0,0.0,96.4,0.4490458250286786,0.0,0.0,0.44,1.0,1.0,1010.7509887867637,1000.0,1009.8789712539991,1000.0,0.042827578714243544,0.0
255,1673449440000.0,0.0,0.0,96.4,0.4490458250286786,0.0,0.0,0.44,1.0,1.0,1010.7509887867637,1000.0,1009.8789712539991,1000.0,0.042827578714243544,0.0
256,1673453040000.0,0.0,0.0,96.4,0.4490458250286786,0.0,0.0,0.436,1.0,1.0,1010.7509887867637,1000.0,1009.4933712539992,1000.0,0.042827578714243544,0.0
257,1673456640000.0,0.0,0.0,96.4,0.4490458250286786,0.0,0.0,0.435,1.0,1.0,1010.7509887867637,1000.0,1009.3969712539991,1000.0,0.042827578714243544,0.0
258,1673460240000.0,0.0,0.0,96.4,0.4490458250286786,0.0,0.0,0.44,1.0,1.0,1010.7509887867637,1000.0,1009.8789712539991,1000.0,0.042827578714243544,0.0
259,1673463840000.0,0.0,0.0,96.4,0.4490458250286786,0.0,0.0,0.441,1.0,1.0,1010.7509887867637,1000.0,1009.9753712539991,1000.0,0.042827578714243544,0.0
260,1673467440000.0,0.0,0.0,96.4,0.4490458250286786,0.0,0.0,0.441,1.0,1.0,1010.7509887867637,1000.0,1009.9753712539991,1000.0,0.042827578714243544,0.0
261,1673471040000.0,0.0,0.0,96.4,0.4490458250286786,0.0,0.0,0.442,1.0,1.0,1010.7509887867637,1000.0,1010.0717712539991,1000.0,0.042827578714243544,0.0
262,1673474640000.0,0.0,0.0,96.4,0.4490458250286786,0.0,0.0,0.44,1.0,1.0,1010.7509887867637,1000.0,1009.8789712539991,1000.0,0.042827578714243544,0.0
263,1673478240000.0,0.0,0.0,96.4,0.4490458250286786,0.0,0.0,0.444,1.0,1.0,1010.7509887867637,1000.0,1010.2645712539992,1000.0,0.042827578714243544,0.0
264,1673481840000.0,0.0,0.0,96.4,0.4490458250286786,0.0,0.0,0.45,1.0,1.0,1010.7509887867637,1000.0,1010.8429712539992,1000.0,0.042827578714243544,0.0
265,1673485440000.0,0.0,0.0,47.3,0.4490458250286786,0.0,0.0,0.46,1.0,1.0,1011.1258732738554,1000.0,1011.6440057499989,1000.0,0.02100615569759419,0.0
266,1673489040000.0,0.0,0.0,17.9,0.4490458250286786,0.0,0.0,0.463,1.0,1.0,1011.5407821020123,1000.0,1011.7905618339989,1000.0,0.007946214735218391,0.0
267,1673492640000.0,0.0,0.0,9.0,0.4490458250286786,0.0,0.0,0.462,1.0,1.0,1011.6589511592571,1000.0,1011.7755387339989,1000.0,0.003994836817908905,0.0
268,1673496240000.0,0.0,0.0,4.7,0.4490458250286786,0.0,0.0,0.464,1.0,1.0,1011.7159764476338,1000.0,1011.786261069999,1000.0,0.0020860749723902667,0.0
269,1673499840000.0,0.0,0.0,3.8,0.4490458250286786,0.0,0.0,0.465,1.0,1.0,1011.727911973108,1000.0,1011.788537837999,1000.0,0.001686593910195822,0.0
270,1673503440000.0,0.0,0.0,111.0,0.45537562283881966,0.0,0.0,0.454,1.0,1.0,1011.718143909108,1000.0,1011.565449773999,1000.0,0.04996124112176648,0.0
271,1673507040000.0,0.0,0.0,111.0,0.45537562283881966,0.0,0.0,0.451,1.0,1.0,1011.718143909108,1000.0,1011.2324497739991,1000.0,0.04996124112176648,0.0
272,1673510640000.0,0.0,0.0,111.0,0.45537562283881966,0.0,0.0,0.449,1.0,1.0,1011.718143909108,1000.0,1011.010449773999,1000.0,0.04996124112176648,0.0
273,1673514240000.0,0.0,0.0,280.9,0.4457733860274439,0.0,0.0,0.444,1.0,1.0,1011.703209699108,1000.0,1011.205065563999,1000.0,0.12376924668683234,0.0
274,1673517840000.0,0.0,0.0,280.9,0.4457733860274439,0.0,0.0,0.439,1.0,1.0,1011.703209699108,1000.0,1009.800565563999,1000.0,0.12376924668683234,0.0
275,1673521440000.0,0.0,0.0,280.9,0.4457733860274439,0.0,0.0,0.444,1.0,1.0,1011.703209699108,1000.0,1011.205065563999,1000.0,0.12376924668683234,0.0
276,1673525040000.0,0.0,0.0,280.9,0.4457733860274439,0.0,0.0,0.44,1.0,1.0,1011.703209699108,1000.0,1010.081465563999,1000.0,0.12376924668683234,0.0
277,1673528640000.0,0.0,0.0,280.9,0.4457733860274439,0.0,0.0,0.443,1.0,1.0,1011.703209699108,1000.0,1010.924165563999,1000.0,0.12376924668683234,0.0
278,1673532240000.0,0.0,0.0,177.0,0.4457733860274439,0.0,0.0,0.453,1.0,1.0,1012.1641676568565,1000.0,1013.443278329999,1000.0,0.07795364808212303,0.0
279,1673535840000.0,0.0,0.0,147.5,0.4457733860274439,0.0,0.0,0.444,1.0,1.0,1012.4218706290469,1000.0,1012.1602961899989,1000.0,0.06494483806260982,0.0
280,1673539440000.0,0.0,0.0,147.5,0.4457733860274439,0.0,0.0,0.444,1.0,1.0,1012.4218706290469,1000.0,1012.1602961899989,1000.0,0.06494483806260982,0.0
281,1673543040000.0,0.0,0.0,93.0,0.4457733860274439,0.0,0.0,0.45,1.0,1.0,1012.6636628205514,1000.0,1013.0567379199991,1000.0,0.04093849362095521,0.0
282,1673546640000.0,0.0,0.0,15.1,0.4457733860274439,0.0,0.0,0.462,1.0,1.0,1013.5532815510138,1000.0,1013.7983034219994,1000.0,0.006641168502472666,0.0
283,1673550240000.0,0.0,0.0,5.2,0.4457733860274439,0.0,0.0,0.461,1.0,1.0,1013.7202888133422,1000.0,1013.7994672059995,1000.0,0.002286648134522568,0.0
284,1673553840000.0,0.0,0.0,1.9,0.4457733860274439,0.0,0.0,0.46,1.0,1.0,1013.7636336994516,1000.0,1013.7906642659995,1000.0,0.0008354703259194269,0.0
285,1673557440000.0,0.0,0.0,0.1,0.4457733860274439,0.0,0.0,0.468,1.0,1.0,1013.7989740246021,1000.0,1013.8011966859993,1000.0,4.3970589579293285e-05,0.0
286,1673561040000.0,0.0,0.0,0.0,0.4457733860274439,0.0,0.0,0.462,1.0,1.0,1013.8011573319993,1000.0,1013.8011573319993,1000.0,0.0,0.0
287,1673564640000.0,0.0,0.0,0.0,0.4457733860274439,0.0,0.0,0.461,1.0,1.0,1013.8011573319993,1000.0,1013.8011573319993,1000.0,0.0,0.0
288,1673568240000.0,0.0,0.0,110.8,0.4575,0.0,0.0,0.459,1.0,1.0,1013.7910191319993,1000.0,1013.9572191319993,1000.0,0.05000142933146249,0.0
289,1673571840000.0,0.0,0.0,95.0,0.4575,0.0,0.0,0.456,1.0,1.0,1013.8622388959993,1000.0,1013.7197388959993,1000.0,0.04286825007638767,0.0
290,1673575440000.0,0.0,0.0,81.5,0.4575,0.0,0.0,0.465,1.0,1.0,1013.9230912259993,1000.0,1014.5343412259994,1000.0,0.03677423891679477,0.0
291,1673579040000.0,0.0,0.0,14.3,0.4575,0.0,0.0,0.474,1.0,1.0,1014.6901077619995,1000.0,1014.9260577619995,1000.0,0.006447535015818365,0.0
292,1673582640000.0,0.0,0.0,0.3,0.4575,0.0,0.0,0.482,1.0,1.0,1015.0091626819998,1000.0,1015.0165126819998,1000.0,0.0001352204542049047,0.0
293,1673586240000.0,0.0,0.0,0.0,0.4575,0.0,0.0,0.478,1.0,1.0,1015.0158838819998,1000.0,1015.0158838819998,1000.0,0.0,0.0
294,1673589840000.0,0.0,0.0,0.0,0.4575,0.0,0.0,0.482,1.0,1.0,1015.0158838819998,1000.0,1015.0158838819998,1000.0,0.0,0.0
295,1673593440000.0,0.0,0.0,0.0,0.4575,0.0,0.0,0.489,1.0,1.0,1015.0158838819998,1000.0,1015.0158838819998,1000.0,0.0,0.0
296,1673597040000.0,0.0,0.0,0.0,0.4575,0.0,0.0,0.491,1.0,1.0,1015.0158838819998,1000.0,1015.0158838819998,1000.0,0.0,0.0
297,1673600640000.0,0.0,0.0,0.0,0.4575,0.0,0.0,0.49,1.0,1.0,1015.0158838819998,1000.0,1015.0158838819998,1000.0,0.0,0.0
298,1673604240000.0,0.0,0.0,0.0,0.4575,0.0,0.0,0.503,1.0,1.0,1015.0158838819998,1000.0,1015.0158838819998,1000.0,0.0,0.0
299,1673607840000.0,0.0,0.0,0.0,0.4575,0.0,0.0,0.526,1.0,1.0,1015.0158838819998,1000.0,1015.0158838819998,1000.0,0.0,0.0
300,1673611440000.0,0.0,0.0,0.0,0.4575,0.0,0.0,0.51,1.0,1.0,1015.0158838819998,1000.0,1015.0158838819998,1000.0,0.0,0.0
301,1673615040000.0,0.0,0.0,0.0,0.4575,0.0,0.0,0.541,1.0,1.0,1015.0158838819998,1000.0,1015.0158838819998,1000.0,0.0,0.0
302,1673618640000.0,0.0,0.0,0.0,0.4575,0.0,0.0,0.545,1.0,1.0,1015.0158838819998,1000.0,1015.0158838819998,1000.0,0.0,0.0
303,1673622240000.0,0.0,0.0,0.0,0.4575,0.0,0.0,0.548,1.0,1.0,1015.0158838819998,1000.0,1015.0158838819998,1000.0,0.0,0.0
304,1673625840000.0,0.0,0.0,0.0,0.4575,0.0,0.0,0.54,1.0,1.0,1015.0158838819998,1000.0,1015.0158838819998,1000.0,0.0,0.0
305,1673629440000.0,0.0,0.0,0.0,0.4575,0.0,0.0,0.536,1.0,1.0,1015.0158838819998,1000.0,1015.0158838819998,1000.0,0.0,0.0
306,1673633040000.0,0.0,0.0,83.6,0.5206,0.0,0.0,0.53,1.0,1.0,1015.0779401799997,1000.0,1015.8637801799997,1000.0,0.04287568301630354,0.0
307,1673636640000.0,0.0,0.0,71.7,0.5206,0.0,0.0,0.524,1.0,1.0,1015.1397585379997,1000.0,1015.3835385379997,1000.0,0.03677032614086382,0.0
308,1673640240000.0,0.0,0.0,83.4,0.5208894141829394,0.0,0.0,0.523,1.0,1.0,1015.2080520188568,1000.0,1015.3840748759997,1000.0,0.04279140325617733,0.0
309,1673643840000.0,0.0,0.0,9.6,0.5208894141829394,0.0,0.0,0.534,1.0,1.0,1016.1217506101559,1000.0,1016.2476122339997,1000.0,0.004921200016782949,0.0
310,1673647440000.0,0.0,0.0,5.0,0.5208894141829394,0.0,0.0,0.529,1.0,1.0,1016.1921459089144,1000.0,1016.2326988379997,1000.0,0.00256294745181798,0.0
311,1673651040000.0,0.0,0.0,2.1,0.5208894141829394,0.0,0.0,0.535,1.0,1.0,1016.2217385117839,1000.0,1016.2513707419997,1000.0,0.0010764065836518105,0.0
312,1673654640000.0,0.0,0.0,0.1,0.5208894141829394,0.0,0.0,0.545,1.0,1.0,1016.2610134294179,1000.0,1016.2634244879996,1000.0,5.125547544377158e-05,0.0
313,1673658240000.0,0.0,0.0,0.0,0.5208894141829394,0.0,0.0,0.556,1.0,1.0,1016.2635635579995,1000.0,1016.2635635579995,1000.0,0.0,0.0
314,1673661840000.0,0.0,0.0,56.8,0.5332,0.0,0.0,0.546,1.0,1.0,1016.5866076499996,1000.0,1017.3136476499996,1000.0,0.029791618119001505,0.0
315,1673665440000.0,0.0,0.0,6.6,0.5332,0.0,0.0,0.549,1.0,1.0,1017.5681768979995,1000.0,1017.6724568979995,1000.0,0.003458362869334066,0.0
316,1673669040000.0,0.0,0.0,1.2,0.5332,0.0,0.0,0.559,1.0,1.0,1017.6648615859997,1000.0,1017.6958215859997,1000.0,0.0006287335095788105,0.0
317,1673672640000.0,0.0,0.0,0.0,0.5332,0.0,0.0,0.586,1.0,1.0,1017.6992867059997,1000.0,1017.6992867059997,1000.0,0.0,0.0
318,1673676240000.0,0.0,0.0,0.0,0.5332,0.0,0.0,0.581,1.0,1.0,1017.6992867059997,1000.0,1017.6992867059997,1000.0,0.0,0.0
319,1673679840000.0,0.0,0.0,0.0,0.5332,0.0,0.0,0.58,1.0,1.0,1017.6992867059997,1000.0,1017.6992867059997,1000.0,0.0,0.0
320,1673683440000.0,0.0,0.0,0.0,0.5332,0.0,0.0,0.581,1.0,1.0,1017.6992867059997,1000.0,1017.6992867059997,1000.0,0.0,0.0
321,1673687040000.0,0.0,0.0,0.0,0.5332,0.0,0.0,0.589,1.0,1.0,1017.6992867059997,1000.0,1017.6992867059997,1000.0,0.0,0.0
322,1673690640000.0,0.0,0.0,573.6,0.5426469665271966,0.0,0.0,0.533,1.0,1.0,1017.6370342459996,1000.0,1012.1035342459998,1000.0,0.30586770088475046,0.0
323,1673694240000.0,0.0,0.0,573.6,0.5426469665271966,0.0,0.0,0.535,1.0,1.0,1017.6370342459996,1000.0,1013.2507342459998,1000.0,0.30586770088475046,0.0
324,1673697840000.0,0.0,0.0,573.6,0.5426469665271966,0.0,0.0,0.54,1.0,1.0,1017.6370342459996,1000.0,1016.1187342459997,1000.0,0.30586770088475046,0.0
325,1673701440000.0,0.0,0.0,341.5,0.5426469665271966,0.0,0.0,0.55,1.0,1.0,1019.6731413010373,1000.0,1022.1842022319996,1000.0,0.1817385704919019,0.0
326,1673705040000.0,0.0,0.0,79.8,0.5442642263908426,0.0,0.0,0.549,1.0,1.0,1022.6326579079889,1000.0,1023.0105726419997,1000.0,0.04247105246456646,0.0
327,1673708640000.0,0.0,0.0,92.8,0.55056448004436,0.0,0.0,0.552,1.0,1.0,1023.6839276121163,1000.0,1023.8171438639997,1000.0,0.049910311542447114,0.0
328,1673712240000.0,0.0,0.0,92.8,0.55056448004436,0.0,0.0,0.551,1.0,1.0,1023.6839276121163,1000.0,1023.7243438639997,1000.0,0.049910311542447114,0.0
329,1673715840000.0,0.0,0.0,79.6,0.55056448004436,0.0,0.0,0.559,1.0,1.0,1023.7555283715309,1000.0,1024.4269957599997,1000.0,0.042808005814867316,0.0
330,1673719440000.0,0.0,0.0,92.7,0.5514378159430027,0.0,0.0,0.549,1.0,1.0,1023.9475061099162,1000.0,1023.7215205719998,1000.0,0.049922759939247344,0.0
331,1673723040000.0,0.0,0.0,92.7,0.5514378159430027,0.0,0.0,0.54,1.0,1.0,1023.9475061099162,1000.0,1022.8872205719998,1000.0,0.049922759939247344,0.0
332,1673726640000.0,0.0,0.0,92.7,0.5514378159430027,0.0,0.0,0.545,1.0,1.0,1023.9475061099162,1000.0,1023.3507205719998,1000.0,0.049922759939247344,0.0
333,1673730240000.0,0.0,0.0,92.7,0.5514378159430027,0.0,0.0,0.54,1.0,1.0,1023.9475061099162,1000.0,1022.8872205719998,1000.0,0.049922759939247344,0.0
334,1673733840000.0,0.0,0.0,92.7,0.5514378159430027,0.0,0.0,0.539,1.0,1.0,1023.9475061099162,1000.0,1022.7945205719998,1000.0,0.049922759939247344,0.0
335,1673737440000.0,0.0,0.0,92.7,0.5514378159430027,0.0,0.0,0.542,1.0,1.0,1023.9475061099162,1000.0,1023.0726205719998,1000.0,0.049922759939247344,0.0
336,1673741040000.0,0.0,0.0,56.9,0.5514378159430027,0.0,0.0,0.56,1.0,1.0,1024.2139099231565,1000.0,1024.7010981959997,1000.0,0.030635018157008777,0.0
337,1673744640000.0,0.0,0.0,93.7,0.5495377985822503,0.0,0.0,0.543,1.0,1.0,1024.2098869471565,1000.0,1023.5972952199996,1000.0,0.050274550542210826,0.0
338,1673748240000.0,0.0,0.0,237.1,0.5379631030247021,0.0,0.0,0.542,1.0,1.0,1024.1946750751565,1000.0,1025.1518233479997,1000.0,0.12453789775639776,0.0
339,1673751840000.0,0.0,0.0,237.1,0.5379631030247021,0.0,0.0,0.53,1.0,1.0,1024.1946750751565,1000.0,1022.3066233479997,1000.0,0.12453789775639776,0.0
340,1673755440000.0,0.0,0.0,237.1,0.5379631030247021,0.0,0.0,0.531,1.0,1.0,1024.1946750751565,1000.0,1022.5437233479996,1000.0,0.12453789775639776,0.0
341,1673759040000.0,0.0,0.0,237.1,0.5379631030247021,0.0,0.0,0.542,1.0,1.0,1024.1946750751565,1000.0,1025.1518233479997,1000.0,0.12453789775639776,0.0
342,1673762640000.0,0.0,0.0,149.4,0.5379631030247021,0.0,0.0,0.545,1.0,1.0,1024.6619597038903,1000.0,1025.7132721119997,1000.0,0.07843727078061581,0.0
343,1673766240000.0,0.0,0.0,149.4,0.5379631030247021,0.0,0.0,0.535,1.0,1.0,1024.6619597038903,1000.0,1024.2192721119998,1000.0,0.07843727078061581,0.0
344,1673769840000.0,0.0,0.0,149.4,0.5379631030247021,0.0,0.0,0.533,1.0,1.0,1024.6619597038903,1000.0,1023.9204721119997,1000.0,0.07843727078061581,0.0
345,1673773440000.0,0.0,0.0,149.4,0.5379631030247021,0.0,0.0,0.52,1.0,1.0,1024.6619597038903,1000.0,1021.9782721119998,1000.0,0.07843727078061581,0.0
346,1673777040000.0,0.0,0.0,378.0,0.5261320835764298,0.0,0.0,0.521,1.0,1.0,1024.6382584558903,1000.0,1022.6983308639999,1000.0,0.19409574642625155,0.0
347,1673780640000.0,0.0,0.0,378.0,0.5261320835764298,0.0,0.0,0.522,1.0,1.0,1024.6382584558903,1000.0,1023.0763308639998,1000.0,0.19409574642625155,0.0
348,1673784240000.0,0.0,0.0,277.8,0.5261320835764298,0.0,0.0,0.532,1.0,1.0,1025.1554544255318,1000.0,1026.7855616079996,1000.0,0.14257300411032378,0.0
349,1673787840000.0,0.0,0.0,94.7,0.5261320835764298,0.0,0.0,0.527,1.0,1.0,1026.1005500546876,1000.0,1026.1827417399998,1000.0,0.04855733515787748,0.0
350,1673791440000.0,0.0,0.0,94.7,0.5261320835764298,0.0,0.0,0.526,1.0,1.0,1026.1005500546876,1000.0,1026.0880417399997,1000.0,0.04855733515787748,0.0
351,1673795040000.0,0.0,0.0,18.4,0.5261320835764298,0.0,0.0,0.534,1.0,1.0,1026.8438230118059,1000.0,1026.9885926739996,1000.0,0.009427753394291008,0.0
352,1673798640000.0,0.0,0.0,2.4,0.5261320835764298,0.0,0.0,0.542,1.0,1.0,1027.0631318445828,1000.0,1027.1012148439993,1000.0,0.0012294443850940492,0.0
353,1673802240000.0,0.0,0.0,0.1,0.5261320835764298,0.0,0.0,0.552,1.0,1.0,1027.1192147643571,1000.0,1027.1218015559996,1000.0,5.122405228268811e-05,0.0
354,1673805840000.0,0.0,0.0,0.0,0.5261320835764298,0.0,0.0,0.556,1.0,1.0,1027.1217905159997,1000.0,1027.1217905159997,1000.0,0.0,0.0
355,1673809440000.0,0.0,0.0,0.0,0.5261320835764298,0.0,0.0,0.564,1.0,1.0,1027.1217905159997,1000.0,1027.1217905159997,1000.0,0.0,0.0
356,1673813040000.0,0.0,0.0,0.0,0.5261320835764298,0.0,0.0,0.591,1.0,1.0,1027.1217905159997,1000.0,1027.1217905159997,1000.0,0.0,0.0
357,1673816640000.0,0.0,0.0,0.0,0.5261320835764298,0.0,0.0,0.577,1.0,1.0,1027.1217905159997,1000.0,1027.1217905159997,1000.0,0.0,0.0
358,1673820240000.0,0.0,0.0,0.0,0.5261320835764298,0.0,0.0,0.569,1.0,1.0,1027.1217905159997,1000.0,1027.1217905159997,1000.0,0.0,0.0
359,1673823840000.0,0.0,0.0,91.5,0.5611,0.0,0.0,0.565,1.0,1.0,1027.1115223859997,1000.0,1027.4683723859996,1000.0,0.049985467868897716,0.0
360,1673827440000.0,0.0,0.0,33.1,0.5611,0.0,0.0,0.578,1.0,1.0,1027.5714154300001,1000.0,1028.13080543,1000.0,0.018074081977288308,0.0
361,1673831040000.0,0.0,0.0,15.9,0.5611,0.0,0.0,0.587,1.0,1.0,1027.8840923120001,1000.0,1028.2959023120002,1000.0,0.0086794708340442,0.0
362,1673834640000.0,0.0,0.0,0.0,0.5611,0.0,0.0,0.593,1.0,1.0,1028.374059644,1000.0,1028.374059644,1000.0,0.0,0.0
363,1673838240000.0,0.0,0.0,0.0,0.5611,0.0,0.0,0.598,1.0,1.0,1028.374059644,1000.0,1028.374059644,1000.0,0.0,0.0
364,1673841840000.0,0.0,0.0,89.0,0.5776,0.0,0.0,0.582,1.0,1.0,1028.363778364,1000.0,1028.7553783639999,1000.0,0.04998853623742101,0.0
365,1673845440000.0,0.0,0.0,65.4,0.5776,0.0,0.0,0.588,1.0,1.0,1028.497904716,1000.0,1029.1780647159999,1000.0,0.03672835873246709,0.0
366,1673849040000.0,0.0,0.0,22.4,0.5776,0.0,0.0,0.598,1.0,1.0,1029.1670625040001,1000.0,1029.624022504,1000.0,0.012571564395503292,0.0
367,1673852640000.0,0.0,0.0,0.0,0.5776,0.0,0.0,0.615,1.0,1.0,1029.8039969260003,1000.0,1029.8039969260003,1000.0,0.0,0.0
368,1673856240000.0,0.0,0.0,0.0,0.5776,0.0,0.0,0.608,1.0,1.0,1029.8039969260003,1000.0,1029.8039969260003,1000.0,0.0,0.0
369,1673859840000.0,0.0,0.0,87.0,0.5918,0.0,0.0,0.585,1.0,1.0,1029.7936996060002,1000.0,1029.2020996060003,1000.0,0.04999700427347614,0.0
370,1673863440000.0,0.0,0.0,42.8,0.5918,0.0,0.0,0.601,1.0,1.0,1030.2358985900003,1000.0,1030.6296585900002,1000.0,0.024585670169973487,0.0
371,1673867040000.0,0.0,0.0,86.9,0.5924481012658228,0.0,0.0,0.596,1.0,1.0,1030.312040324,1000.0,1030.620700324,1000.0,0.04996907537236003,0.0
372,1673870640000.0,0.0,0.0,74.5,0.5924481012658228,0.0,0.0,0.589,1.0,1.0,1030.3843598363037,1000.0,1030.127476292,1000.0,0.04283584385084792,0.0
373,1673874240000.0,0.0,0.0,86.9,0.592867446941778,0.0,0.0,0.585,1.0,1.0,1030.8222123292405,1000.0,1030.13853119,1000.0,0.049979696326901774,0.0
374,1673877840000.0,0.0,0.0,219.9,0.5803673539756276,0.0,0.0,0.573,1.0,1.0,1030.8069918092406,1000.0,1029.18691067,1000.0,0.12380861029594002,0.0
375,1673881440000.0,0.0,0.0,219.9,0.5803673539756276,0.0,0.0,0.573,1.0,1.0,1030.8069918092406,1000.0,1029.18691067,1000.0,0.12380861029594002,0.0
376,1673885040000.0,0.0,0.0,219.9,0.5803673539756276,0.0,0.0,0.579,1.0,1.0,1030.8069918092406,1000.0,1030.5063106700002,1000.0,0.12380861029594002,0.0
377,1673888640000.0,0.0,0.0,219.9,0.5803673539756276,0.0,0.0,0.581,1.0,1.0,1030.8069918092406,1000.0,1030.94611067,1000.0,0.12380861029594002,0.0
378,1673892240000.0,0.0,0.0,161.6,0.5803673539756276,0.0,0.0,0.588,1.0,1.0,1031.1401999804614,1000.0,1032.373635578,1000.0,0.09095500728634044,0.0
379,1673895840000.0,0.0,0.0,24.3,0.5803673539756276,0.0,0.0,0.607,1.0,1.0,1033.3953210896077,1000.0,1034.042494388,1000.0,0.013647174913408435,0.0
380,1673899440000.0,0.0,0.0,0.0,0.5803673539756276,0.0,0.0,0.623,1.0,1.0,1034.146532966,1000.0,1034.146532966,1000.0,0.0,0.0
381,1673903040000.0,0.0,0.0,0.0,0.5803673539756276,0.0,0.0,0.621,1.0,1.0,1034.146532966,1000.0,1034.146532966,1000.0,0.0,0.0
382,1673906640000.0,0.0,0.0,0.0,0.5803673539756276,0.0,0.0,0.612,1.0,1.0,1034.146532966,1000.0,1034.146532966,1000.0,0.0,0.0
383,1673910240000.0,0.0,0.0,0.0,0.5803673539756276,0.0,0.0,0.612,1.0,1.0,1034.146532966,1000.0,1034.146532966,1000.0,0.0,0.0
384,1673913840000.0,0.0,0.0,85.6,0.6041,0.0,0.0,0.605,1.0,1.0,1034.136190774,1000.0,1034.2132307739998,1000.0,0.0500040134571607,0.0
385,1673917440000.0,0.0,0.0,73.4,0.6041,0.0,0.0,0.6,1.0,1.0,1034.2091218859998,1000.0,1033.9081818859997,1000.0,0.0428742495706663,0.0
386,1673921040000.0,0.0,0.0,185.7,0.5915214324178784,0.0,0.0,0.588,1.0,1.0,1034.1960209679999,1000.0,1033.542090968,1000.0,0.10621345254953254,0.0
387,1673924640000.0,0.0,0.0,185.7,0.5915214324178784,0.0,0.0,0.588,1.0,1.0,1034.1960209679999,1000.0,1033.542090968,1000.0,0.10621345254953254,0.0
388,1673928240000.0,0.0,0.0,185.7,0.5915214324178784,0.0,0.0,0.589,1.0,1.0,1034.1960209679999,1000.0,1033.727790968,1000.0,0.10621345254953254,0.0
389,1673931840000.0,0.0,0.0,117.0,0.5915214324178784,0.0,0.0,0.6,1.0,1.0,1034.5985389108916,1000.0,1035.5905313179999,1000.0,0.06689358721281989,0.0
390,1673935440000.0,0.0,0.0,100.3,0.5915214324178784,0.0,0.0,0.596,1.0,1.0,1034.696385339513,1000.0,1035.1455856679997,1000.0,0.057340105283199085,0.0
391,1673939040000.0,0.0,0.0,100.3,0.5915214324178784,0.0,0.0,0.587,1.0,1.0,1034.696385339513,1000.0,1034.2428856679999,1000.0,0.057340105283199085,0.0
392,1673942640000.0,0.0,0.0,100.3,0.5915214324178784,0.0,0.0,0.592,1.0,1.0,1034.696385339513,1000.0,1034.7443856679997,1000.0,0.057340105283199085,0.0
393,1673946240000.0,0.0,0.0,54.3,0.5915214324178784,0.0,0.0,0.598,1.0,1.0,1034.9659024482903,1000.0,1035.3176886679996,1000.0,0.03103446568076244,0.0
394,1673949840000.0,0.0,0.0,87.0,0.5934006585829326,0.0,0.0,0.591,1.0,1.0,1035.0440941147147,1000.0,1034.8352368179994,1000.0,0.04987793040920767,0.0
395,1673953440000.0,0.0,0.0,87.0,0.5934006585829326,0.0,0.0,0.585,1.0,1.0,1035.0440941147147,1000.0,1034.3132368179995,1000.0,0.04987793040920767,0.0
396,1673957040000.0,0.0,0.0,87.0,0.5934006585829326,0.0,0.0,0.591,1.0,1.0,1035.0440941147147,1000.0,1034.8352368179994,1000.0,0.04987793040920767,0.0
397,1673960640000.0,0.0,0.0,87.0,0.5934006585829326,0.0,0.0,0.592,1.0,1.0,1035.0440941147147,1000.0,1034.9222368179994,1000.0,0.04987793040920767,0.0
398,1673964240000.0,0.0,0.0,87.0,0.5934006585829326,0.0,0.0,0.597,1.0,1.0,1035.0440941147147,1000.0,1035.3572368179996,1000.0,0.04987793040920767,0.0
399,1673967840000.0,0.0,0.0,87.4,0.5931059742483716,0.0,0.0,0.597,1.0,1.0,1035.1765497633073,1000.0,1035.5168876139996,1000.0,0.05007596256035775,0.0
400,1673971440000.0,0.0,0.0,75.0,0.5931059742483716,0.0,0.0,0.59,1.0,1.0,1035.2493899146275,1000.0,1035.0164418459997,1000.0,0.04296834028783749,0.0
401,1673975040000.0,0.0,0.0,75.0,0.5931059742483716,0.0,0.0,0.587,1.0,1.0,1035.2493899146275,1000.0,1034.7914418459995,1000.0,0.04296834028783749,0.0
402,1673978640000.0,0.0,0.0,75.0,0.5931059742483716,0.0,0.0,0.587,1.0,1.0,1035.2493899146275,1000.0,1034.7914418459995,1000.0,0.04296834028783749,0.0
403,1673982240000.0,0.0,0.0,33.0,0.5931059742483716,0.0,0.0,0.597,1.0,1.0,1035.5929471841955,1000.0,1035.7214500339992,1000.0,0.018899797650625563,0.0
404,1673985840000.0,0.0,0.0,18.0,0.5931059742483716,0.0,0.0,0.595,1.0,1.0,1035.68106027047,1000.0,1035.7151527339993,1000.0,0.010308103475101357,0.0
405,1673989440000.0,0.0,0.0,87.3,0.593187721723155,0.0,0.0,0.592,1.0,1.0,1035.7108252524306,1000.0,1035.607137145999,1000.0,0.049999755572517034,0.0
406,1673993040000.0,0.0,0.0,87.3,0.593187721723155,0.0,0.0,0.587,1.0,1.0,1035.7108252524306,1000.0,1035.170637145999,1000.0,0.049999755572517034,0.0
407,1673996640000.0,0.0,0.0,87.3,0.593187721723155,0.0,0.0,0.587,1.0,1.0,1035.7108252524306,1000.0,1035.170637145999,1000.0,0.049999755572517034,0.0
408,1674000240000.0,0.0,0.0,87.3,0.593187721723155,0.0,0.0,0.581,1.0,1.0,1035.7108252524306,1000.0,1034.6468371459991,1000.0,0.049999755572517034,0.0
409,1674003840000.0,0.0,0.0,87.3,0.593187721723155,0.0,0.0,0.588,1.0,1.0,1035.7108252524306,1000.0,1035.2579371459992,1000.0,0.049999755572517034,0.0
410,1674007440000.0,0.0,0.0,87.3,0.593187721723155,0.0,0.0,0.58,1.0,1.0,1035.7108252524306,1000.0,1034.5595371459992,1000.0,0.049999755572517034,0.0
411,1674011040000.0,0.0,0.0,87.3,0.593187721723155,0.0,0.0,0.587,1.0,1.0,1035.7108252524306,1000.0,1035.170637145999,1000.0,0.049999755572517034,0.0
412,1674014640000.0,0.0,0.0,87.3,0.593187721723155,0.0,0.0,0.585,1.0,1.0,1035.7108252524306,1000.0,1034.9960371459993,1000.0,0.049999755572517034,0.0
413,1674018240000.0,0.0,0.0,87.3,0.593187721723155,0.0,0.0,0.584,1.0,1.0,1035.7108252524306,1000.0,1034.908737145999,1000.0,0.049999755572517034,0.0
414,1674021840000.0,0.0,0.0,87.3,0.593187721723155,0.0,0.0,0.591,1.0,1.0,1035.7108252524306,1000.0,1035.5198371459992,1000.0,0.049999755572517034,0.0
415,1674025440000.0,0.0,0.0,87.3,0.593187721723155,0.0,0.0,0.582,1.0,1.0,1035.7108252524306,1000.0,1034.734137145999,1000.0,0.049999755572517034,0.0
416,1674029040000.0,0.0,0.0,87.3,0.593187721723155,0.0,0.0,0.593,1.0,1.0,1035.7108252524306,1000.0,1035.6944371459992,1000.0,0.049999755572517034,0.0
417,1674032640000.0,0.0,0.0,87.3,0.593187721723155,0.0,0.0,0.576,1.0,1.0,1035.7108252524306,1000.0,1034.2103371459991,1000.0,0.049999755572517034,0.0
418,1674036240000.0,0.0,0.0,220.9,0.5806758175936235,0.0,0.0,0.565,1.0,1.0,1035.6955280524305,1000.0,1032.2327399459991,1000.0,0.12385038327590218,0.0
419,1674039840000.0,0.0,0.0,220.9,0.5806758175936235,0.0,0.0,0.568,1.0,1.0,1035.6955280524305,1000.0,1032.895439945999,1000.0,0.12385038327590218,0.0
420,1674043440000.0,0.0,0.0,558.9,0.5670228808488664,0.0,0.0,0.561,1.0,1.0,1035.6578004924306,1000.0,1032.2916123859993,1000.0,0.3059978768621727,0.0
421,1674047040000.0,0.0,0.0,558.9,0.5670228808488664,0.0,0.0,0.568,1.0,1.0,1035.6578004924306,1000.0,1036.203912385999,1000.0,0.3059978768621727,0.0
422,1674050640000.0,0.0,0.0,237.8,0.5670228808488664,0.0,0.0,0.58,1.0,1.0,1038.4119910098595,1000.0,1041.4979499439992,1000.0,0.1298502350061751,0.0
423,1674054240000.0,0.0,0.0,76.6,0.5670228808488664,0.0,0.0,0.581,1.0,1.0,1040.4724159750226,1000.0,1041.5430633019994,1000.0,0.04174445377518382,0.0
424,1674057840000.0,0.0,0.0,546.8,0.5475500700924302,0.0,0.0,0.542,1.0,1.0,1041.25908972654,1000.0,1038.2243113999991,1000.0,0.28753686885477336,0.0
425,1674061440000.0,0.0,0.0,844.3,0.5285864299337737,0.0,0.0,0.548,0.9998521988109135,1.0,1055.6931355390846,1000.0,1072.0840127459994,1000.0,0.4227417113640618,0.0
426,1674065040000.0,0.0,0.0,96.7,0.5532056778337537,0.0,0.0,0.554,0.9998521988109135,1.0,1077.225227704523,1000.0,1077.302038657999,1000.0,0.04965998536862839,0.0
427,1674068640000.0,0.0,0.0,96.0,0.5571028389168768,0.0,0.0,0.549,0.9998521988109135,1.0,1077.6752651900188,1000.0,1076.8973926539986,1000.0,0.049627076229303735,0.0
428,1674072240000.0,0.0,0.0,96.0,0.5571028389168768,0.0,0.0,0.54,0.9998521988109135,1.0,1077.6752651900188,1000.0,1076.0333926539986,1000.0,0.049627076229303735,0.0
429,1674075840000.0,0.0,0.0,242.9,0.5453684748292309,0.0,0.0,0.538,0.9998521988109135,1.0,1077.6594675640188,1000.0,1075.8696650279985,1000.0,0.12292380526796677,0.0
430,1674079440000.0,0.0,0.0,242.9,0.5453684748292309,0.0,0.0,0.537,0.9998521988109135,1.0,1077.6594675640188,1000.0,1075.6267650279985,1000.0,0.12292380526796677,0.0
431,1674083040000.0,0.0,0.0,242.9,0.5453684748292309,0.0,0.0,0.537,0.9998521988109135,1.0,1077.6594675640188,1000.0,1075.6267650279985,1000.0,0.12292380526796677,0.0
432,1674086640000.0,0.0,0.0,242.9,0.5453684748292309,0.0,0.0,0.538,0.9998521988109135,1.0,1077.6594675640188,1000.0,1075.8696650279985,1000.0,0.12292380526796677,0.0
433,1674090240000.0,0.0,0.0,242.9,0.5453684748292309,0.0,0.0,0.536,0.9998521988109135,1.0,1077.6594675640188,1000.0,1075.3838650279986,1000.0,0.12292380526796677,0.0
434,1674093840000.0,0.0,0.0,242.9,0.5453684748292309,0.0,0.0,0.543,0.9998521988109135,1.0,1077.6594675640188,1000.0,1077.0841650279986,1000.0,0.12292380526796677,0.0
435,1674097440000.0,0.0,0.0,242.9,0.5453684748292309,0.0,0.0,0.545,0.9998521988109135,1.0,1077.6594675640188,1000.0,1077.5699650279987,1000.0,0.12292380526796677,0.0
436,1674101040000.0,0.0,0.0,208.2,0.5453684748292309,0.0,0.0,0.548,0.9998521988109135,1.0,1077.8475882414446,1000.0,1078.3954717819986,1000.0,0.10534487222326179,0.0
437,1674104640000.0,0.0,0.0,131.2,0.5453684748292309,0.0,0.0,0.551,0.9998521988109135,1.0,1078.265031819594,1000.0,1079.003887921999,1000.0,0.06635877245954,0.0
438,1674108240000.0,0.0,0.0,131.2,0.5453684748292309,0.0,0.0,0.552,0.9998521988109135,1.0,1078.265031819594,1000.0,1079.135087921999,1000.0,0.06635877245954,0.0
439,1674111840000.0,0.0,0.0,10.7,0.5453684748292309,0.0,0.0,0.56,0.9998521988109135,1.0,1080.0146545986718,1000.0,1080.171211917999,1000.0,0.005403114352037374,0.0
440,1674115440000.0,0.0,0.0,5.6,0.5453684748292309,0.0,0.0,0.556,0.9998521988109135,1.0,1080.0963526470427,1000.0,1080.155889187999,1000.0,0.002827584272050319,0.0
441,1674119040000.0,0.0,0.0,4.0,0.5453684748292309,0.0,0.0,0.555,0.9998521988109135,1.0,1080.113505103316,1000.0,1080.152031203999,1000.0,0.0020196709781054533,0.0
442,1674122640000.0,0.0,0.0,97.7,0.5522080235344617,0.0,0.0,0.556,0.9998521988109135,1.0,1080.103151253316,1000.0,1080.473627353999,1000.0,0.04994960327327467,0.0
443,1674126240000.0,0.0,0.0,61.7,0.5522080235344617,0.0,0.0,0.555,0.9998521988109135,1.0,1080.3004462460754,1000.0,1080.472711193999,1000.0,0.031538666090965777,0.0
444,1674129840000.0,0.0,0.0,97.7,0.5523524570325106,0.0,0.0,0.549,0.9998521988109135,1.0,1080.2964675260753,1000.0,1079.968932473999,1000.0,0.049953727216805625,0.0
445,1674133440000.0,0.0,0.0,97.7,0.5523524570325106,0.0,0.0,0.538,0.9998521988109135,1.0,1080.2964675260753,1000.0,1078.894232473999,1000.0,0.049953727216805625,0.0
446,1674137040000.0,0.0,0.0,247.2,0.540709081925875,0.0,0.0,0.541,0.9998521988109135,1.0,1080.2805278360752,1000.0,1080.3524427839989,1000.0,0.12373016231239403,0.0
447,1674140640000.0,0.0,0.0,133.6,0.540709081925875,0.0,0.0,0.547,0.9998521988109135,1.0,1080.8918864652958,1000.0,1081.7323531199988,1000.0,0.0668325243716373,0.0
448,1674144240000.0,0.0,0.0,68.3,0.540709081925875,0.0,0.0,0.548,0.9998521988109135,1.0,1081.425273643536,1000.0,1081.9232433479988,1000.0,0.03414977548204632,0.0
449,1674147840000.0,0.0,0.0,14.2,0.540709081925875,0.0,0.0,0.553,0.9998521988109135,1.0,1082.0824692033464,1000.0,1082.257000239999,1000.0,0.0070956412120789574,0.0
450,1674151440000.0,0.0,0.0,98.6,0.5476476478186402,0.0,0.0,0.549,0.9998521988109135,1.0,1082.097291946917,1000.0,1082.230633871999,1000.0,0.04990129674732319,0.0
451,1674155040000.0,0.0,0.0,53.4,0.5476476478186402,0.0,0.0,0.556,0.9998521988109135,1.0,1082.3432573375144,1000.0,1082.789272943999,1000.0,0.027019509933895132,0.0
452,1674158640000.0,0.0,0.0,15.0,0.5476476478186402,0.0,0.0,0.56,0.9998521988109135,1.0,1082.755698381279,1000.0,1082.9409836639993,1000.0,0.007586858909688131,0.0
453,1674162240000.0,0.0,0.0,4.4,0.5476476478186402,0.0,0.0,0.559,0.9998521988109135,1.0,1082.8695492944016,1000.0,1082.9194996439996,1000.0,0.00222524463077953,0.0
454,1674165840000.0,0.0,0.0,2.7,0.5476476478186402,0.0,0.0,0.553,0.9998521988109135,1.0,1082.88568882711,1000.0,1082.9001401779997,1000.0,0.0013654706718969345,0.0
455,1674169440000.0,0.0,0.0,0.7,0.5476476478186402,0.0,0.0,0.566,0.9998521988109135,1.0,1082.9125990454727,1000.0,1082.9254456919996,1000.0,0.00035400211781722073,0.0
456,1674173040000.0,0.0,0.0,0.4,0.5476476478186402,0.0,0.0,0.567,0.9998521988109135,1.0,1082.9190305991276,1000.0,1082.9267715400001,1000.0,0.00020228572306672007,0.0
457,1674176640000.0,0.0,0.0,0.0,0.5476476478186402,0.0,0.0,0.563,0.9998521988109135,1.0,1082.9254864279999,1000.0,1082.9254864279999,1000.0,0.0,0.0
458,1674180240000.0,0.0,0.0,0.0,0.5476476478186402,0.0,0.0,0.567,0.9998521988109135,1.0,1082.9254864279999,1000.0,1082.9254864279999,1000.0,0.0,0.0
459,1674183840000.0,0.0,0.0,0.0,0.5476476478186402,0.0,0.0,0.58,0.9998521988109135,1.0,1082.9254864279999,1000.0,1082.9254864279999,1000.0,0.0,0.0
460,1674187440000.0,0.0,0.0,0.0,0.5476476478186402,0.0,0.0,0.582,0.9998521988109135,1.0,1082.9254864279999,1000.0,1082.9254864279999,1000.0,0.0,0.0
461,1674191040000.0,0.0,0.0,0.0,0.5476476478186402,0.0,0.0,0.571,0.9998521988109135,1.0,1082.9254864279999,1000.0,1082.9254864279999,1000.0,0.0,0.0
462,1674194640000.0,0.0,0.0,95.3,0.5681,0.0,0.0,0.565,0.9998521988109135,1.0,1082.9146584419998,1000.0,1082.619228442,1000.0,0.04999464138558403,0.0
463,1674198240000.0,0.0,0.0,95.3,0.5681,0.0,0.0,0.567,0.9998521988109135,1.0,1082.9146584419998,1000.0,1082.8098284419998,1000.0,0.04999464138558403,0.0
464,1674201840000.0,0.0,0.0,95.3,0.5681,0.0,0.0,0.563,0.9998521988109135,1.0,1082.9146584419998,1000.0,1082.4286284419998,1000.0,0.04999464138558403,0.0
465,1674205440000.0,0.0,0.0,95.3,0.5681,0.0,0.0,0.567,0.9998521988109135,1.0,1082.9146584419998,1000.0,1082.8098284419998,1000.0,0.04999464138558403,0.0
466,1674209040000.0,0.0,0.0,95.6,0.5676109832635984,0.0,0.0,0.565,0.9998521988109135,1.0,1083.1396065379997,1000.0,1082.8899965379997,1000.0,0.05009844499495391,0.0
467,1674212640000.0,0.0,0.0,95.6,0.5676109832635984,0.0,0.0,0.568,0.9998521988109135,1.0,1083.1396065379997,1000.0,1083.1767965379997,1000.0,0.05009844499495391,0.0
468,1674216240000.0,0.0,0.0,95.6,0.5676109832635984,0.0,0.0,0.568,0.9998521988109135,1.0,1083.1396065379997,1000.0,1083.1767965379997,1000.0,0.05009844499495391,0.0
469,1674219840000.0,0.0,0.0,20.4,0.5676109832635984,0.0,0.0,0.584,0.9998521988109135,1.0,1084.009268052577,1000.0,1084.3436039939995,1000.0,0.01068188658513922,0.0
470,1674223440000.0,0.0,0.0,4.7,0.5676109832635984,0.0,0.0,0.586,0.9998521988109135,1.0,1084.2616724693382,1000.0,1084.3481008479994,1000.0,0.0024604499901423513,0.0
471,1674227040000.0,0.0,0.0,1.1,0.5676109832635984,0.0,0.0,0.592,0.9998521988109135,1.0,1084.3328899215894,1000.0,1084.3597178399993,1000.0,0.0005758121766786102,0.0
472,1674230640000.0,0.0,0.0,0.1,0.5676109832635984,0.0,0.0,0.595,0.9998521988109135,1.0,1084.355710828325,1000.0,1084.3584497299987,1000.0,5.234545985191592e-05,0.0
473,1674234240000.0,0.0,0.0,0.0,0.5676109832635984,0.0,0.0,0.598,0.9998521988109135,1.0,1084.3584878199988,1000.0,1084.3584878199988,1000.0,0.0,0.0
474,1674237840000.0,0.0,0.0,0.0,0.5676109832635984,0.0,0.0,0.601,0.9998521988109135,1.0,1084.3584878199988,1000.0,1084.3584878199988,1000.0,0.0,0.0
475,1674241440000.0,0.0,0.0,0.0,0.5676109832635984,0.0,0.0,0.638,0.9998521988109135,1.0,1084.3584878199988,1000.0,1084.3584878199988,1000.0,0.0,0.0
476,1674245040000.0,0.0,0.0,0.0,0.5676109832635984,0.0,0.0,0.661,0.9998521988109135,1.0,1084.3584878199988,1000.0,1084.3584878199988,1000.0,0.0,0.0
477,1674248640000.0,0.0,0.0,0.0,0.5676109832635984,0.0,0.0,0.668,0.9998521988109135,1.0,1084.3584878199988,1000.0,1084.3584878199988,1000.0,0.0,0.0
478,1674252240000.0,0.0,0.0,0.0,0.5676109832635984,0.0,0.0,0.729,0.9998521988109135,1.0,1084.3584878199988,1000.0,1084.3584878199988,1000.0,0.0,0.0
479,1674255840000.0,0.0,0.0,0.0,0.5676109832635984,0.0,0.0,0.696,0.9998521988109135,1.0,1084.3584878199988,1000.0,1084.3584878199988,1000.0,0.0,0.0
480,1674259440000.0,0.0,0.0,0.0,0.5676109832635984,0.0,0.0,0.701,0.9998521988109135,1.0,1084.3584878199988,1000.0,1084.3584878199988,1000.0,0.0,0.0
481,1674263040000.0,0.0,0.0,0.0,0.5676109832635984,0.0,0.0,0.69,0.9998521988109135,1.0,1084.3584878199988,1000.0,1084.3584878199988,1000.0,0.0,0.0
482,1674266640000.0,0.0,0.0,0.0,0.5676109832635984,0.0,0.0,0.711,0.9998521988109135,1.0,1084.3584878199988,1000.0,1084.3584878199988,1000.0,0.0,0.0
483,1674270240000.0,0.0,0.0,0.0,0.5676109832635984,0.0,0.0,0.697,0.9998521988109135,1.0,1084.3584878199988,1000.0,1084.3584878199988,1000.0,0.0,0.0
484,1674273840000.0,0.0,0.0,0.0,0.5676109832635984,0.0,0.0,0.698,0.9998521988109135,1.0,1084.3584878199988,1000.0,1084.3584878199988,1000.0,0.0,0.0
485,1674277440000.0,0.0,0.0,0.0,0.5676109832635984,0.0,0.0,0.698,0.9998521988109135,1.0,1084.3584878199988,1000.0,1084.3584878199988,1000.0,0.0,0.0
486,1674281040000.0,0.0,0.0,0.0,0.5676109832635984,0.0,0.0,0.688,0.9998521988109135,1.0,1084.3584878199988,1000.0,1084.3584878199988,1000.0,0.0,0.0
487,1674284640000.0,0.0,0.0,0.0,0.5676109832635984,0.0,0.0,0.691,0.9998521988109135,1.0,1084.3584878199988,1000.0,1084.3584878199988,1000.0,0.0,0.0
488,1674288240000.0,0.0,0.0,0.0,0.5676109832635984,0.0,0.0,0.689,0.9998521988109135,1.0,1084.3584878199988,1000.0,1084.3584878199988,1000.0,0.0,0.0
489,1674291840000.0,0.0,0.0,3.0,0.6871,0.0,0.0,0.711,0.9998521988109135,1.0,1085.3263773319989,1000.0,1085.3980773319988,1000.0,0.0018992443591642786,0.0
490,1674295440000.0,0.0,0.0,0.4,0.6871,0.0,0.0,0.72,0.9998521988109135,1.0,1085.3901772059987,1000.0,1085.4033372059987,1000.0,0.00025321769606160486,0.0
491,1674299040000.0,0.0,0.0,33.4,0.6951896286811781,0.0,0.0,0.696,0.9998521988109135,1.0,1085.8595121559497,1000.0,1085.8865785579983,1000.0,0.02138336804901205,0.0
492,1674302640000.0,0.0,0.0,7.2,0.6951896286811781,0.0,0.0,0.717,0.9998521988109135,1.0,1086.3156491165028,1000.0,1086.4726837899982,1000.0,0.004607652785426897,0.0
493,1674306240000.0,0.0,0.0,2.4,0.6951896286811781,0.0,0.0,0.715,0.9998521988109135,1.0,1086.4218701348327,1000.0,1086.469415025998,1000.0,0.0015357340962104898,0.0
494,1674309840000.0,0.0,0.0,77.5,0.7011107755978688,0.0,0.0,0.705,0.9998521988109135,1.0,1086.4113366088327,1000.0,1086.712751499998,1000.0,0.05001428398054244,0.0
495,1674313440000.0,0.0,0.0,32.2,0.7011872801171423,0.0,0.0,0.715,0.9998521988109135,1.0,1087.0987689337696,1000.0,1087.5435385139976,1000.0,0.020769253967527525,0.0
496,1674317040000.0,0.0,0.0,77.1,0.7043642244499276,0.0,0.0,0.71,0.9998521988109135,1.0,1087.4116865430867,1000.0,1087.8462048379972,1000.0,0.049941050272993934,0.0
497,1674320640000.0,0.0,0.0,5.7,0.7045589043620091,0.0,0.0,0.734,0.9998521988109135,1.0,1089.0323415188607,1000.0,1089.2001557639971,1000.0,0.003687664361980658,0.0
498,1674324240000.0,0.0,0.0,1.4,0.7045589043620091,0.0,0.0,0.716,0.9998521988109135,1.0,1089.1420302461038,1000.0,1089.1580477799969,1000.0,0.0009056509056802523,0.0
499,1674327840000.0,0.0,0.0,76.6,0.7107864708951159,0.0,0.0,0.716,0.9998521988109135,1.0,1089.3275866305628,1000.0,1089.726942959997,1000.0,0.04998151551359812,0.0
500,1674331440000.0,0.0,0.0,41.5,0.7107864708951159,0.0,0.0,0.721,0.9998521988109135,1.0,1089.572231844144,1000.0,1089.9960933019966,1000.0,0.02707267832277755,0.0
501,1674335040000.0,0.0,0.0,76.4,0.712500316551591,0.0,0.0,0.713,0.9998521988109135,1.0,1089.671026802538,1000.0,1089.7092026179967,1000.0,0.049955466233026546,0.0
502,1674338640000.0,0.0,0.0,65.5,0.712500316551591,0.0,0.0,0.713,0.9998521988109135,1.0,1089.7479344061258,1000.0,1089.7806636719965,1000.0,0.04282528946435861,0.0
503,1674342240000.0,0.0,0.0,65.5,0.712500316551591,0.0,0.0,0.7,0.9998521988109135,1.0,1089.7479344061258,1000.0,1088.9291636719965,1000.0,0.04282528946435861,0.0
504,1674345840000.0,0.0,0.0,419.3,0.6816663265779375,0.0,0.0,0.669,0.9998521988109135,1.0,1089.7001036221257,1000.0,1084.3891128879966,1000.0,0.26229481834870383,0.0
505,1674349440000.0,0.0,0.0,419.3,0.6816663265779375,0.0,0.0,0.674,0.9998521988109135,1.0,1089.7001036221257,1000.0,1086.4856128879965,1000.0,0.26229481834870383,0.0
506,1674353040000.0,0.0,0.0,419.3,0.6816663265779375,0.0,0.0,0.674,0.9998521988109135,1.0,1089.7001036221257,1000.0,1086.4856128879965,1000.0,0.26229481834870383,0.0
507,1674356640000.0,0.0,0.0,419.3,0.6816663265779375,0.0,0.0,0.654,0.9998521988109135,1.0,1089.7001036221257,1000.0,1078.0996128879965,1000.0,0.26229481834870383,0.0
508,1674360240000.0,8.735018355486645e-05,0.0,1656.2,0.6579422779459783,0.0,0.0,0.657,0.9998521988109135,1.0,1089.5393313601257,1000.0,1087.9787306259966,1000.0,1.0001327803135138,0.0
509,1674363840000.0,0.0,0.0,704.2,0.6579422779459783,0.0,0.0,0.675,0.9998521988109135,1.0,1099.0309267875543,1000.0,1111.0429746579964,1000.0,0.42157408025253823,0.0
510,1674367440000.0,0.0,0.0,279.6,0.6579422779459783,0.0,0.0,0.668,0.9998521988109135,1.0,1104.9111356596923,1000.0,1107.7232747459968,1000.0,0.166493625574568,0.0
511,1674371040000.0,0.0,0.0,233.0,0.6579422779459783,0.0,0.0,0.677,0.9998521988109135,1.0,1105.5133717874098,1000.0,1109.9538210259968,1000.0,0.13866910584134717,0.0
512,1674374640000.0,0.0,0.0,112.5,0.6579422779459783,0.0,0.0,0.674,0.9998521988109135,1.0,1107.0706561949196,1000.0,1108.877149925997,1000.0,0.06685978519503842,0.0
513,1674378240000.0,0.0,0.0,34.6,0.6579422779459783,0.0,0.0,0.686,0.9998521988109135,1.0,1108.649444130928,1000.0,1109.6202413139972,1000.0,0.020533815208626394,0.0
514,1674381840000.0,0.0,0.0,82.2,0.673187723928852,0.0,0.0,0.672,0.9998521988109135,1.0,1109.461051380949,1000.0,1109.3634204739972,1000.0,0.049876497095661665,0.0
515,1674385440000.0,0.0,0.0,50.4,0.673187723928852,0.0,0.0,0.681,0.9998521988109135,1.0,1109.7493917500115,1000.0,1110.1431304639973,1000.0,0.030573264142556164,0.0
516,1674389040000.0,0.0,0.0,82.1,0.674273584482511,0.0,0.0,0.666,0.9998521988109135,1.0,1109.7451059100115,1000.0,1109.0658446239972,1000.0,0.049883402045391025,0.0
517,1674392640000.0,0.0,0.0,82.1,0.674273584482511,0.0,0.0,0.675,0.9998521988109135,1.0,1109.7451059100115,1000.0,1109.8047446239973,1000.0,0.049883402045391025,0.0
518,1674396240000.0,0.0,0.0,82.1,0.674273584482511,0.0,0.0,0.676,0.9998521988109135,1.0,1109.7451059100115,1000.0,1109.8868446239974,1000.0,0.049883402045391025,0.0
519,1674399840000.0,0.0,0.0,7.6,0.674273584482511,0.0,0.0,0.703,0.9998521988109135,1.0,1110.9660809360646,1000.0,1111.1844016939974,1000.0,0.004612633391785787,0.0
520,1674403440000.0,0.0,0.0,7.2,0.6775161665559094,0.0,0.0,0.696,0.9998521988109135,1.0,1112.3793095711997,1000.0,1112.512393171997,1000.0,0.004385299472248334,0.0
521,1674407040000.0,0.0,0.0,0.7,0.6775161665559094,0.0,0.0,0.708,0.9998521988109135,1.0,1112.5102673445865,1000.0,1112.5316060279974,1000.0,0.0004262983727072785,0.0
522,1674410640000.0,0.0,0.0,0.0,0.6775161665559094,0.0,0.0,0.705,0.9998521988109135,1.0,1112.5301671759973,1000.0,1112.5301671759973,1000.0,0.0,0.0
523,1674414240000.0,0.0,0.0,80.8,0.6883,0.0,0.0,0.684,0.9998521988109135,1.0,1112.5190442479973,1000.0,1112.1716042479973,1000.0,0.04998983189325311,0.0
524,1674417840000.0,0.0,0.0,80.8,0.6883,0.0,0.0,0.68,0.9998521988109135,1.0,1112.5190442479973,1000.0,1111.8484042479972,1000.0,0.04998983189325311,0.0
525,1674421440000.0,0.0,0.0,204.5,0.6738431295843521,0.0,0.0,0.662,0.9998521988109135,1.0,1112.5026069919973,1000.0,1110.0806869919973,1000.0,0.1238657052432339,0.0
526,1674425040000.0,0.0,0.0,204.5,0.6738431295843521,0.0,0.0,0.673,0.9998521988109135,1.0,1112.5026069919973,1000.0,1112.3301869919972,1000.0,0.1238657052432339,0.0
527,1674428640000.0,0.0,0.0,175.3,0.6738431295843521,0.0,0.0,0.681,0.9998521988109135,1.0,1112.6959329041342,1000.0,1113.9505322879972,1000.0,0.10616080918695524,0.0
528,1674432240000.0,0.0,0.0,81.2,0.6738431295843521,0.0,0.0,0.69,0.9998521988109135,1.0,1114.0738345102468,1000.0,1115.3857723879973,1000.0,0.049113497173464166,0.0
529,1674435840000.0,0.0,0.0,3.8,0.6738431295843521,0.0,0.0,0.695,0.9998521988109135,1.0,1115.9904497024183,1000.0,1116.0708458099978,1000.0,0.002294467567444981,0.0
530,1674439440000.0,0.0,0.0,0.7,0.6738431295843521,0.0,0.0,0.692,0.9998521988109135,1.0,1116.0703621487066,1000.0,1116.0830719579976,1000.0,0.0004226348147091087,0.0
531,1674443040000.0,0.0,0.0,0.0,0.6738431295843521,0.0,0.0,0.694,0.9998521988109135,1.0,1116.0842348259976,1000.0,1116.0842348259976,1000.0,0.0,0.0
532,1674446640000.0,0.0,0.0,81.2,0.6875,0.0,0.0,0.682,0.9998521988109135,1.0,1116.0730698259977,1000.0,1115.6264698259977,1000.0,0.05001912644366865,0.0
533,1674450240000.0,0.0,0.0,48.4,0.6875,0.0,0.0,0.7,0.9998521988109135,1.0,1116.4368461539977,1000.0,1117.0418461539978,1000.0,0.029804641538505934,0.0
534,1674453840000.0,0.0,0.0,12.9,0.6875,0.0,0.0,0.7,0.9998521988109135,1.0,1116.7914129999983,1000.0,1116.9526629999984,1000.0,0.007941277034156435,0.0
535,1674457440000.0,0.0,0.0,0.0,0.6875,0.0,0.0,0.737,0.9998521988109135,1.0,1117.132710621998,1000.0,1117.132710621998,1000.0,0.0,0.0
536,1674461040000.0,0.0,0.0,0.0,0.6875,0.0,0.0,0.736,0.9998521988109135,1.0,1117.132710621998,1000.0,1117.132710621998,1000.0,0.0,0.0
537,1674464640000.0,0.0,0.0,0.0,0.6875,0.0,0.0,0.737,0.9998521988109135,1.0,1117.132710621998,1000.0,1117.132710621998,1000.0,0.0,0.0
538,1674468240000.0,0.0,0.0,0.0,0.6875,0.0,0.0,0.742,0.9998521988109135,1.0,1117.132710621998,1000.0,1117.132710621998,1000.0,0.0,0.0
539,1674471840000.0,0.0,0.0,0.0,0.6875,0.0,0.0,0.799,0.9998521988109135,1.0,1117.132710621998,1000.0,1117.132710621998,1000.0,0.0,0.0
540,1674475440000.0,0.0,0.0,0.0,0.6875,0.0,0.0,0.783,0.9998521988109135,1.0,1117.132710621998,1000.0,1117.132710621998,1000.0,0.0,0.0
541,1674479040000.0,0.0,0.0,0.0,0.6875,0.0,0.0,0.797,0.9998521988109135,1.0,1117.132710621998,1000.0,1117.132710621998,1000.0,0.0,0.0
542,1674482640000.0,0.0,0.0,0.0,0.6875,0.0,0.0,0.779,0.9998521988109135,1.0,1117.132710621998,1000.0,1117.132710621998,1000.0,0.0,0.0
543,1674486240000.0,0.0,0.0,0.0,0.6875,0.0,0.0,0.784,0.9998521988109135,1.0,1117.132710621998,1000.0,1117.132710621998,1000.0,0.0,0.0
544,1674489840000.0,0.0,0.0,0.0,0.6875,0.0,0.0,0.799,0.9998521988109135,1.0,1117.132710621998,1000.0,1117.132710621998,1000.0,0.0,0.0
545,1674493440000.0,0.0,0.0,0.0,0.6875,0.0,0.0,0.789,0.9998521988109135,1.0,1117.132710621998,1000.0,1117.132710621998,1000.0,0.0,0.0
546,1674497040000.0,0.0,0.0,0.0,0.6875,0.0,0.0,0.787,0.9998521988109135,1.0,1117.132710621998,1000.0,1117.132710621998,1000.0,0.0,0.0
547,1674500640000.0,0.0,0.0,0.0,0.6875,0.0,0.0,0.784,0.9998521988109135,1.0,1117.132710621998,1000.0,1117.132710621998,1000.0,0.0,0.0
548,1674504240000.0,0.0,0.0,71.8,0.7782,0.0,0.0,0.777,0.9998521988109135,1.0,1117.2637917099978,1000.0,1117.1776317099977,1000.0,0.050010356027453816,0.0
549,1674507840000.0,0.0,0.0,1.9,0.7782,0.0,0.0,0.802,0.9998521988109135,1.0,1118.5510327979976,1000.0,1118.5962527979975,1000.0,0.0013218708459831364,0.0
550,1674511440000.0,0.0,0.0,0.4,0.7782,0.0,0.0,0.81,0.9998521988109135,1.0,1118.595170461998,1000.0,1118.6078904619978,1000.0,0.0002782776184090231,0.0
551,1674515040000.0,0.0,0.0,0.0,0.7782,0.0,0.0,0.851,0.9998521988109135,1.0,1118.6126646939977,1000.0,1118.6126646939977,1000.0,0.0,0.0
552,1674518640000.0,0.0,0.0,0.0,0.7782,0.0,0.0,0.851,0.9998521988109135,1.0,1118.6126646939977,1000.0,1118.6126646939977,1000.0,0.0,0.0
553,1674522240000.0,0.0,0.0,0.0,0.7782,0.0,0.0,0.847,0.9998521988109135,1.0,1118.6126646939977,1000.0,1118.6126646939977,1000.0,0.0,0.0
554,1674525840000.0,0.0,0.0,0.0,0.7782,0.0,0.0,0.848,0.9998521988109135,1.0,1118.6126646939977,1000.0,1118.6126646939977,1000.0,0.0,0.0
555,1674529440000.0,0.0,0.0,0.0,0.7782,0.0,0.0,0.841,0.9998521988109135,1.0,1118.6126646939977,1000.0,1118.6126646939977,1000.0,0.0,0.0
556,1674533040000.0,0.0,0.0,0.0,0.7782,0.0,0.0,0.85,0.9998521988109135,1.0,1118.6126646939977,1000.0,1118.6126646939977,1000.0,0.0,0.0
557,1674536640000.0,0.0,0.0,0.0,0.7782,0.0,0.0,0.846,0.9998521988109135,1.0,1118.6126646939977,1000.0,1118.6126646939977,1000.0,0.0,0.0
558,1674540240000.0,0.0,0.0,0.0,0.7782,0.0,0.0,0.849,0.9998521988109135,1.0,1118.6126646939977,1000.0,1118.6126646939977,1000.0,0.0,0.0
559,1674543840000.0,0.0,0.0,66.8,0.8371,0.0,0.0,0.828,0.9998521988109135,1.0,1118.6014810379977,1000.0,1117.9936010379977,1000.0,0.04998945643099905,0.0
560,1674547440000.0,0.0,0.0,66.8,0.8371,0.0,0.0,0.822,0.9998521988109135,1.0,1118.6014810379977,1000.0,1117.5928010379978,1000.0,0.04998945643099905,0.0
561,1674551040000.0,0.0,0.0,66.8,0.8371,0.0,0.0,0.822,0.9998521988109135,1.0,1118.6014810379977,1000.0,1117.5928010379978,1000.0,0.04998945643099905,0.0
562,1674554640000.0,0.0,0.0,66.8,0.8371,0.0,0.0,0.821,0.9998521988109135,1.0,1118.6014810379977,1000.0,1117.5260010379977,1000.0,0.04998945643099905,0.0
563,1674558240000.0,0.0,0.0,66.8,0.8371,0.0,0.0,0.822,0.9998521988109135,1.0,1118.6014810379977,1000.0,1117.5928010379978,1000.0,0.04998945643099905,0.0
564,1674561840000.0,0.0,0.0,66.8,0.8371,0.0,0.0,0.832,0.9998521988109135,1.0,1118.6014810379977,1000.0,1118.2608010379977,1000.0,0.04998945643099905,0.0
565,1674565440000.0,0.0,0.0,66.8,0.8371,0.0,0.0,0.827,0.9998521988109135,1.0,1118.6014810379977,1000.0,1117.9268010379976,1000.0,0.04998945643099905,0.0
566,1674569040000.0,0.0,0.0,169.0,0.8195022485207102,0.0,0.0,0.81,0.9998521988109135,1.0,1118.5849655179977,1000.0,1116.9790855179976,1000.0,0.12381346457295261,0.0
567,1674572640000.0,0.0,0.0,169.0,0.8195022485207102,0.0,0.0,0.81,0.9998521988109135,1.0,1118.5849655179977,1000.0,1116.9790855179976,1000.0,0.12381346457295261,0.0
568,1674576240000.0,0.0,0.0,169.0,0.8195022485207102,0.0,0.0,0.798,0.9998521988109135,1.0,1118.5849655179977,1000.0,1114.9510855179976,1000.0,0.12381346457295261,0.0
569,1674579840000.0,0.0,0.0,427.6,0.8002086997193639,0.0,0.0,0.782,0.9998521988109135,1.0,1118.5442308459976,1000.0,1110.7581908459977,1000.0,0.305905864572923,0.0
570,1674583440000.0,0.0,0.0,427.6,0.8002086997193639,0.0,0.0,0.785,0.9998521988109135,1.0,1118.5442308459976,1000.0,1112.0409908459976,1000.0,0.305905864572923,0.0
571,1674587040000.0,0.0,0.0,314.3,0.8002086997193639,0.0,0.0,0.806,0.9998521988109135,1.0,1119.4426590897936,1000.0,1121.2628647679976,1000.0,0.2246703681332749,0.0
572,1674590640000.0,0.0,0.0,231.0,0.8002086997193639,0.0,0.0,0.814,0.9998521988109135,1.0,1120.1031981251708,1000.0,1123.2889884899978,1000.0,0.16502783845682442,0.0
573,1674594240000.0,0.0,0.0,198.0,0.8002086997193639,0.0,0.0,0.807,0.9998521988109135,1.0,1120.3648762544317,1000.0,1121.7095537099976,1000.0,0.14141939461198574,0.0
574,1674597840000.0,0.0,0.0,198.0,0.8002086997193639,0.0,0.0,0.794,0.9998521988109135,1.0,1120.3648762544317,1000.0,1119.1355537099976,1000.0,0.14141939461198574,0.0
575,1674601440000.0,0.0,0.0,80.7,0.7809106238411858,0.0,0.0,0.795,0.9998521988109135,1.0,1128.801748569981,1000.0,1129.9387612259975,1000.0,0.05582865850785555,0.0
576,1674605040000.0,0.0,0.0,62.9,0.7857630607441612,0.0,0.0,0.777,0.9998521988109135,1.0,1129.2943186988055,1000.0,1128.7431221779977,1000.0,0.04376582411018909,0.0
577,1674608640000.0,0.0,0.0,71.1,0.79179786536861,0.0,0.0,0.794,0.9998521988109135,1.0,1129.8502544177059,1000.0,1130.0068261899976,1000.0,0.049826804930642794,0.0
578,1674612240000.0,0.0,0.0,71.1,0.79179786536861,0.0,0.0,0.778,0.9998521988109135,1.0,1129.8502544177059,1000.0,1128.8692261899978,1000.0,0.049826804930642794,0.0
579,1674615840000.0,0.0,0.0,18.8,0.79179786536861,0.0,0.0,0.808,0.9998521988109135,1.0,1130.4274567329276,1000.0,1130.7320568639977,1000.0,0.013168292914568471,0.0
580,1674619440000.0,0.0,0.0,0.6,0.79179786536861,0.0,0.0,0.822,0.9998521988109135,1.0,1130.900348265219,1000.0,1130.9184695459978,1000.0,0.0004200889317524115,0.0
581,1674623040000.0,0.0,0.0,0.1,0.79179786536861,0.0,0.0,0.811,0.9998521988109135,1.0,1130.9127576545345,1000.0,1130.9146778679976,1000.0,7.001405369329862e-05,0.0
582,1674626640000.0,0.0,0.0,0.0,0.79179786536861,0.0,0.0,0.815,0.9998521988109135,1.0,1130.9143117179976,1000.0,1130.9143117179976,1000.0,0.0,0.0
583,1674630240000.0,0.0,0.0,0.0,0.79179786536861,0.0,0.0,0.833,0.9998521988109135,1.0,1130.9143117179976,1000.0,1130.9143117179976,1000.0,0.0,0.0
584,1674633840000.0,0.0,0.0,0.0,0.79179786536861,0.0,0.0,0.86,0.9998521988109135,1.0,1130.9143117179976,1000.0,1130.9143117179976,1000.0,0.0,0.0
585,1674637440000.0,0.0,0.0,0.0,0.79179786536861,0.0,0.0,0.863,0.9998521988109135,1.0,1130.9143117179976,1000.0,1130.9143117179976,1000.0,0.0,0.0
586,1674641040000.0,0.0,0.0,0.0,0.79179786536861,0.0,0.0,0.86,0.9998521988109135,1.0,1130.9143117179976,1000.0,1130.9143117179976,1000.0,0.0,0.0
587,1674644640000.0,0.0,0.0,0.0,0.79179786536861,0.0,0.0,0.868,0.9998521988109135,1.0,1130.9143117179976,1000.0,1130.9143117179976,1000.0,0.0,0.0
588,1674648240000.0,0.0,0.0,0.0,0.79179786536861,0.0,0.0,0.889,0.9998521988109135,1.0,1130.9143117179976,1000.0,1130.9143117179976,1000.0,0.0,0.0
589,1674651840000.0,0.0,0.0,0.0,0.79179786536861,0.0,0.0,0.877,0.9998521988109135,1.0,1130.9143117179976,1000.0,1130.9143117179976,1000.0,0.0,0.0
590,1674655440000.0,0.0,0.0,66.1,0.8556534039334343,0.0,0.0,0.86,0.9998521988109135,1.0,1131.8442586759982,1000.0,1132.131568675998,1000.0,0.04997038202602262,0.0
591,1674659040000.0,0.0,0.0,66.1,0.8560740171417038,0.0,0.0,0.841,0.9998521988109135,1.0,1132.2397614110646,1000.0,1131.243368877998,1000.0,0.04997748220972664,0.0
592,1674662640000.0,0.0,0.0,66.1,0.8560740171417038,0.0,0.0,0.848,0.9998521988109135,1.0,1132.2397614110646,1000.0,1131.706068877998,1000.0,0.04997748220972664,0.0
593,1674666240000.0,0.0,0.0,66.3,0.855440229759982,0.0,0.0,0.86,0.9998521988109135,1.0,1132.384667563085,1000.0,1132.6869803299983,1000.0,0.050085177641216325,0.0
594,1674669840000.0,0.0,0.0,56.9,0.855440229759982,0.0,0.0,0.847,0.9998521988109135,1.0,1132.4635050833413,1000.0,1131.9832560099983,1000.0,0.04298111935162173,0.0
595,1674673440000.0,0.0,0.0,56.9,0.855440229759982,0.0,0.0,0.85,0.9998521988109135,1.0,1132.4635050833413,1000.0,1132.1539560099982,1000.0,0.04298111935162173,0.0
596,1674677040000.0,0.0,0.0,34.0,0.855440229759982,0.0,0.0,0.873,0.9998521988109135,1.0,1132.7798618378376,1000.0,1133.3768940259984,1000.0,0.025675745828189014,0.0
597,1674680640000.0,0.0,0.0,5.0,0.855440229759982,0.0,0.0,0.869,0.9998521988109135,1.0,1133.0986688547987,1000.0,1133.1664677059987,1000.0,0.0037747826084049644,0.0
598,1674684240000.0,0.0,0.0,0.0,0.855440229759982,0.0,0.0,0.919,0.9998521988109135,1.0,1133.2016514939983,1000.0,1133.2016514939983,1000.0,0.0,0.0
599,1674687840000.0,0.0,0.0,46.6,0.8691,0.0,0.0,0.891,0.9998521988109135,1.0,1133.4279072039983,1000.0,1134.4484472039983,1000.0,0.03573236528109472,0.0
600,1674691440000.0,0.0,0.0,55.8,0.8704892473118282,0.0,0.0,0.874,0.9998521988109135,1.0,1133.7938146479992,1000.0,1133.989714647999,1000.0,0.04284138736025846,0.0
601,1674695040000.0,0.0,0.0,55.8,0.8708145995408224,0.0,0.0,0.87,0.9998521988109135,1.0,1134.043656174377,1000.0,1133.9982015199992,1000.0,0.04284795773938547,0.0
602,1674698640000.0,0.0,0.0,55.8,0.8708145995408224,0.0,0.0,0.869,0.9998521988109135,1.0,1134.043656174377,1000.0,1133.942401519999,1000.0,0.04284795773938547,0.0
603,1674702240000.0,0.0,0.0,55.8,0.8708145995408224,0.0,0.0,0.865,0.9998521988109135,1.0,1134.043656174377,1000.0,1133.7192015199992,1000.0,0.04284795773938547,0.0
604,1674705840000.0,0.0,0.0,55.8,0.8708145995408224,0.0,0.0,0.869,0.9998521988109135,1.0,1134.043656174377,1000.0,1133.942401519999,1000.0,0.04284795773938547,0.0
605,1674709440000.0,0.0,0.0,55.8,0.8708145995408224,0.0,0.0,0.869,0.9998521988109135,1.0,1134.043656174377,1000.0,1133.942401519999,1000.0,0.04284795773938547,0.0
606,1674713040000.0,0.0,0.0,41.1,0.8708145995408224,0.0,0.0,0.879,0.9998521988109135,1.0,1134.1702155371268,1000.0,1134.506635495999,1000.0,0.031556533182435884,0.0
607,1674716640000.0,0.0,0.0,0.4,0.8708145995408224,0.0,0.0,0.904,0.9998521988109135,1.0,1134.9897275518158,1000.0,1135.0030017119996,1000.0,0.0003068977906678251,0.0
608,1674720240000.0,0.0,0.0,0.0,0.8708145995408224,0.0,0.0,0.919,0.9998521988109135,1.0,1135.0059187939996,1000.0,1135.0059187939996,1000.0,0.0,0.0
609,1674723840000.0,0.0,0.0,0.0,0.8708145995408224,0.0,0.0,0.921,0.9998521988109135,1.0,1135.0059187939996,1000.0,1135.0059187939996,1000.0,0.0,0.0
610,1674727440000.0,0.0,0.0,0.0,0.8708145995408224,0.0,0.0,0.917,0.9998521988109135,1.0,1135.0059187939996,1000.0,1135.0059187939996,1000.0,0.0,0.0
611,1674731040000.0,0.0,0.0,63.4,0.8953,0.0,0.0,0.892,0.9998521988109135,1.0,1134.9945663899996,1000.0,1134.7853463899996,1000.0,0.05001082972629474,0.0
612,1674734640000.0,0.0,0.0,4.6,0.8953,0.0,0.0,0.924,0.9998521988109135,1.0,1135.7705303320006,1000.0,1135.9025503320006,1000.0,0.003626066965125555,0.0
613,1674738240000.0,0.0,0.0,0.7,0.8953,0.0,0.0,0.918,0.9998521988109135,1.0,1135.853805200001,1000.0,1135.869695200001,1000.0,0.0005517523444750435,0.0
614,1674741840000.0,0.0,0.0,39.7,0.9012428571428571,0.0,0.0,0.904,0.9998521988109135,1.0,1136.0510981465727,1000.0,1136.1605567180013,1000.0,0.03149448249902153,0.0
615,1674745440000.0,0.0,0.0,38.5,0.9042666060054594,0.0,0.0,0.922,0.9998521988109135,1.0,1136.8590392152112,1000.0,1137.541774884001,1000.0,0.03062320228833553,0.0
616,1674749040000.0,0.0,0.0,62.7,0.9063468279848433,0.0,0.0,0.89,0.9998521988109135,1.0,1137.3711386386515,1000.0,1136.3461925240017,1000.0,0.04996429413768007,0.0
617,1674752640000.0,0.0,0.0,62.7,0.9063468279848433,0.0,0.0,0.888,0.9998521988109135,1.0,1137.3711386386515,1000.0,1136.2207925240018,1000.0,0.04996429413768007,0.0
618,1674756240000.0,0.0,0.0,62.7,0.9063468279848433,0.0,0.0,0.885,0.9998521988109135,1.0,1137.3711386386515,1000.0,1136.0326925240017,1000.0,0.04996429413768007,0.0
619,1674759840000.0,0.0,0.0,62.7,0.9063468279848433,0.0,0.0,0.879,0.9998521988109135,1.0,1137.3711386386515,1000.0,1135.6564925240018,1000.0,0.04996429413768007,0.0
620,1674763440000.0,0.0,0.0,158.7,0.8872636806216111,0.0,0.0,0.895,0.9998521988109135,1.0,1137.3543424786515,1000.0,1138.5820963640017,1000.0,0.12380376181426739,0.0
621,1674767040000.0,0.0,0.0,63.6,0.8921633823856407,0.0,0.0,0.894,0.9998521988109135,1.0,1139.244982213729,1000.0,1139.3617910940022,1000.0,0.0498063120800138,0.0
622,1674770640000.0,0.0,0.0,63.6,0.8921633823856407,0.0,0.0,0.879,0.9998521988109135,1.0,1139.244982213729,1000.0,1138.4077910940023,1000.0,0.0498063120800138,0.0
623,1674774240000.0,0.0,0.0,63.6,0.8921633823856407,0.0,0.0,0.877,0.9998521988109135,1.0,1139.244982213729,1000.0,1138.2805910940021,1000.0,0.0498063120800138,0.0
624,1674777840000.0,0.0,0.0,63.6,0.8921633823856407,0.0,0.0,0.884,0.9998521988109135,1.0,1139.244982213729,1000.0,1138.7257910940023,1000.0,0.0498063120800138,0.0
625,1674781440000.0,0.0,0.0,63.6,0.8921633823856407,0.0,0.0,0.87,0.9998521988109135,1.0,1139.244982213729,1000.0,1137.8353910940023,1000.0,0.0498063120800138,0.0
626,1674785040000.0,0.0,0.0,407.1,0.8528295286655041,0.0,0.0,0.843,0.9998521988109135,1.0,1139.1868931517288,1000.0,1135.185292032002,1000.0,0.30476728902593225,0.0
627,1674788640000.0,0.0,0.0,407.1,0.8528295286655041,0.0,0.0,0.849,0.9998521988109135,1.0,1139.1868931517288,1000.0,1137.6278920320021,1000.0,0.30476728902593225,0.0
628,1674792240000.0,0.0,0.0,407.1,0.8528295286655041,0.0,0.0,0.849,0.9998521988109135,1.0,1139.1868931517288,1000.0,1137.6278920320021,1000.0,0.30476728902593225,0.0
629,1674795840000.0,0.0,0.0,407.1,0.8528295286655041,0.0,0.0,0.836,0.9998521988109135,1.0,1139.1868931517288,1000.0,1132.335592032002,1000.0,0.30476728902593225,0.0
630,1674799440000.0,0.0,0.0,847.2,0.8233781809191435,0.0,0.0,0.835,0.9998241488631089,1.0,1144.7580132607002,1000.0,1154.6040183860018,1000.0,0.6093567258706221,0.0
631,1674803040000.0,0.0,0.0,360.4,0.8233781809191435,0.0,0.0,0.836,0.9998241488631089,1.0,1150.8244811172613,1000.0,1155.373384714002,1000.0,0.2578546957179502,0.0
632,1674806640000.0,0.0,0.0,48.2,0.8233781809191435,0.0,0.0,0.856,0.9998241488631089,1.0,1157.4543447783046,1000.0,1159.0267164580018,1000.0,0.03428802915583181,0.0
633,1674810240000.0,0.0,0.0,68.3,0.8452417402828355,0.0,0.0,0.846,0.9998241488631089,1.0,1158.8243684733197,1000.0,1158.876157612002,1000.0,0.049817739798976975,0.0
634,1674813840000.0,0.0,0.0,68.3,0.8452417402828355,0.0,0.0,0.84,0.9998241488631089,1.0,1158.8243684733197,1000.0,1158.466357612002,1000.0,0.049817739798976975,0.0
635,1674817440000.0,0.0,0.0,43.2,0.8452417402828355,0.0,0.0,0.857,0.9998241488631089,1.0,1159.0323852182205,1000.0,1159.540342038002,1000.0,0.03150424754813354,0.0
636,1674821040000.0,0.0,0.0,68.4,0.8471188447322365,0.0,0.0,0.844,0.9998241488631089,1.0,1159.2156362096869,1000.0,1159.0023072300019,1000.0,0.049984599214984944,0.0
637,1674824640000.0,0.0,0.0,68.4,0.8471188447322365,0.0,0.0,0.837,0.9998241488631089,1.0,1159.2156362096869,1000.0,1158.5235072300018,1000.0,0.049984599214984944,0.0
638,1674828240000.0,0.0,0.0,68.4,0.8471188447322365,0.0,0.0,0.834,0.9998241488631089,1.0,1159.2156362096869,1000.0,1158.318307230002,1000.0,0.049984599214984944,0.0
639,1674831840000.0,0.0,0.0,68.4,0.8471188447322365,0.0,0.0,0.853,0.9998241488631089,1.0,1159.2156362096869,1000.0,1159.617907230002,1000.0,0.049984599214984944,0.0
640,1674835440000.0,0.0,0.0,0.2,0.8471188447322365,0.0,0.0,0.864,0.9998241488631089,1.0,1160.6036763229486,1000.0,1160.6070525540022,1000.0,0.00014597900420513883,0.0
641,1674839040000.0,0.0,0.0,0.0,0.8471188447322365,0.0,0.0,0.873,0.9998241488631089,1.0,1160.6086576660023,1000.0,1160.6086576660023,1000.0,0.0,0.0
642,1674842640000.0,0.0,0.0,0.0,0.8471188447322365,0.0,0.0,0.872,0.9998241488631089,1.0,1160.6086576660023,1000.0,1160.6086576660023,1000.0,0.0,0.0
643,1674846240000.0,0.0,0.0,0.0,0.8471188447322365,0.0,0.0,0.873,0.9998241488631089,1.0,1160.6086576660023,1000.0,1160.6086576660023,1000.0,0.0,0.0
644,1674849840000.0,0.0,0.0,0.0,0.8471188447322365,0.0,0.0,0.878,0.9998241488631089,1.0,1160.6086576660023,1000.0,1160.6086576660023,1000.0,0.0,0.0
645,1674853440000.0,0.0,0.0,0.0,0.8471188447322365,0.0,0.0,0.878,0.9998241488631089,1.0,1160.6086576660023,1000.0,1160.6086576660023,1000.0,0.0,0.0
646,1674857040000.0,0.0,0.0,0.0,0.8471188447322365,0.0,0.0,0.881,0.9998241488631089,1.0,1160.6086576660023,1000.0,1160.6086576660023,1000.0,0.0,0.0
647,1674860640000.0,0.0,0.0,66.6,0.8707,0.0,0.0,0.873,0.9998241488631089,1.0,1160.5970599420023,1000.0,1160.7502399420023,1000.0,0.04996447259904124,0.0
648,1674864240000.0,0.0,0.0,66.6,0.8707,0.0,0.0,0.865,0.9998241488631089,1.0,1160.5970599420023,1000.0,1160.2174399420023,1000.0,0.04996447259904124,0.0
649,1674867840000.0,0.0,0.0,66.6,0.8707,0.0,0.0,0.874,0.9998241488631089,1.0,1160.5970599420023,1000.0,1160.8168399420022,1000.0,0.04996447259904124,0.0
650,1674871440000.0,0.0,0.0,16.0,0.8707,0.0,0.0,0.9,0.9998241488631089,1.0,1161.279890102002,1000.0,1161.748690102002,1000.0,0.011996418881219361,0.0
651,1674875040000.0,0.0,0.0,0.0,0.8707,0.0,0.0,0.933,0.9998241488631089,1.0,1161.9594673620018,1000.0,1161.9594673620018,1000.0,0.0,0.0
652,1674878640000.0,0.0,0.0,0.0,0.8707,0.0,0.0,0.943,0.9998241488631089,1.0,1161.9594673620018,1000.0,1161.9594673620018,1000.0,0.0,0.0
653,1674882240000.0,0.0,0.0,0.0,0.8707,0.0,0.0,0.948,0.9998241488631089,1.0,1161.9594673620018,1000.0,1161.9594673620018,1000.0,0.0,0.0
654,1674885840000.0,0.0,0.0,0.0,0.8707,0.0,0.0,1.059,0.9998241488631089,1.0,1161.9594673620018,1000.0,1161.9594673620018,1000.0,0.0,0.0
655,1674889440000.0,0.0,0.0,0.0,0.8707,0.0,0.0,0.999,0.9998241488631089,1.0,1161.9594673620018,1000.0,1161.9594673620018,1000.0,0.0,0.0
656,1674893040000.0,0.0,0.0,0.0,0.8707,0.0,0.0,1.002,0.9998241488631089,1.0,1161.9594673620018,1000.0,1161.9594673620018,1000.0,0.0,0.0
657,1674896640000.0,0.0,0.0,0.0,0.8707,0.0,0.0,1.05,0.9998241488631089,1.0,1161.9594673620018,1000.0,1161.9594673620018,1000.0,0.0,0.0
658,1674900240000.0,0.0,0.0,0.0,0.8707,0.0,0.0,1.024,0.9998241488631089,1.0,1161.9594673620018,1000.0,1161.9594673620018,1000.0,0.0,0.0
659,1674903840000.0,0.0,0.0,0.0,0.8707,0.0,0.0,1.033,0.9998241488631089,1.0,1161.9594673620018,1000.0,1161.9594673620018,1000.0,0.0,0.0
660,1674907440000.0,0.0,0.0,0.0,0.8707,0.0,0.0,1.022,0.9998241488631089,1.0,1161.9594673620018,1000.0,1161.9594673620018,1000.0,0.0,0.0
661,1674911040000.0,0.0,0.0,0.0,0.8707,0.0,0.0,1.008,0.9998241488631089,1.0,1161.9594673620018,1000.0,1161.9594673620018,1000.0,0.0,0.0
662,1674914640000.0,0.0,0.0,49.9,0.999,0.0,0.0,0.993,0.9998241488631089,1.0,1162.0291640620019,1000.0,1161.7297640620018,1000.0,0.042899181485035576,0.0
663,1674918240000.0,0.0,0.0,2.7,0.999,0.0,0.0,1.035,0.9998241488631089,1.0,1163.1811611700018,1000.0,1163.2783611700017,1000.0,0.0023188993168414833,0.0
664,1674921840000.0,0.0,0.0,49.6,1.0049067357512953,0.0,0.0,1.008,0.9998241488631089,1.0,1163.310821843266,1000.0,1163.4642477500017,1000.0,0.04284613635269671,0.0
665,1674925440000.0,0.0,0.0,57.8,1.005269057138247,0.0,0.0,1.006,0.9998241488631089,1.0,1163.4855145565925,1000.0,1163.5277630540018,1000.0,0.049940072975239815,0.0
666,1674929040000.0,0.0,0.0,4.0,1.005269057138247,0.0,0.0,1.028,0.9998241488631089,1.0,1164.5418691105542,1000.0,1164.6327928820012,1000.0,0.0034529254251924645,0.0
667,1674932640000.0,0.0,0.0,16.5,1.009965807142729,0.0,0.0,1.031,0.9998241488631089,1.0,1165.0167321198564,1000.0,1165.3637963020014,1000.0,0.014304031314239183,0.0
668,1674936240000.0,0.0,0.0,2.5,1.009965807142729,0.0,0.0,1.032,0.9998241488631089,1.0,1165.3245207798577,1000.0,1165.3796062620008,1000.0,0.0021667050446746807,0.0
669,1674939840000.0,0.0,0.0,0.0,1.009965807142729,0.0,0.0,1.121,0.9998241488631089,1.0,1165.438058466001,1000.0,1165.438058466001,1000.0,0.0,0.0
670,1674943440000.0,0.0,0.0,0.0,1.009965807142729,0.0,0.0,1.233,0.9998241488631089,1.0,1165.438058466001,1000.0,1165.438058466001,1000.0,0.0,0.0
671,1674947040000.0,0.0,0.0,0.0,1.009965807142729,0.0,0.0,1.224,0.9998241488631089,1.0,1165.438058466001,1000.0,1165.438058466001,1000.0,0.0,0.0
672,1674950640000.0,0.0,0.0,0.0,1.009965807142729,0.0,0.0,1.209,0.9998241488631089,1.0,1165.438058466001,1000.0,1165.438058466001,1000.0,0.0,0.0
673,1674954240000.0,0.0,0.0,0.0,1.009965807142729,0.0,0.0,1.171,0.9998241488631089,1.0,1165.438058466001,1000.0,1165.438058466001,1000.0,0.0,0.0
674,1674957840000.0,0.0,0.0,0.0,1.009965807142729,0.0,0.0,1.256,0.9998241488631089,1.0,1165.438058466001,1000.0,1165.438058466001,1000.0,0.0,0.0
675,1674961440000.0,0.0,0.0,0.0,1.009965807142729,0.0,0.0,1.201,0.9998241488631089,1.0,1165.438058466001,1000.0,1165.438058466001,1000.0,0.0,0.0
676,1674965040000.0,0.0,0.0,0.0,1.009965807142729,0.0,0.0,1.217,0.9998241488631089,1.0,1165.438058466001,1000.0,1165.438058466001,1000.0,0.0,0.0
677,1674968640000.0,0.0,0.0,0.0,1.009965807142729,0.0,0.0,1.253,0.9998241488631089,1.0,1165.438058466001,1000.0,1165.438058466001,1000.0,0.0,0.0
678,1674972240000.0,0.0,0.0,0.0,1.009965807142729,0.0,0.0,1.286,0.9998241488631089,1.0,1165.438058466001,1000.0,1165.438058466001,1000.0,0.0,0.0
679,1674975840000.0,0.0,0.0,0.0,1.009965807142729,0.0,0.0,1.338,0.9998241488631089,1.0,1165.438058466001,1000.0,1165.438058466001,1000.0,0.0,0.0
680,1674979440000.0,0.0,0.0,0.0,1.009965807142729,0.0,0.0,1.33,0.9998241488631089,1.0,1165.438058466001,1000.0,1165.438058466001,1000.0,0.0,0.0
681,1674983040000.0,0.0,0.0,0.0,1.009965807142729,0.0,0.0,1.303,0.9998241488631089,1.0,1165.438058466001,1000.0,1165.438058466001,1000.0,0.0,0.0
682,1674986640000.0,0.0,0.0,0.0,1.009965807142729,0.0,0.0,1.311,0.9998241488631089,1.0,1165.438058466001,1000.0,1165.438058466001,1000.0,0.0,0.0
683,1674990240000.0,0.0,0.0,0.0,1.009965807142729,0.0,0.0,1.304,0.9998241488631089,1.0,1165.438058466001,1000.0,1165.438058466001,1000.0,0.0,0.0
684,1674993840000.0,0.0,0.0,0.0,1.009965807142729,0.0,0.0,1.295,0.9998241488631089,1.0,1165.438058466001,1000.0,1165.438058466001,1000.0,0.0,0.0
685,1674997440000.0,0.0,0.0,0.0,1.009965807142729,0.0,0.0,1.309,0.9998241488631089,1.0,1165.438058466001,1000.0,1165.438058466001,1000.0,0.0,0.0
686,1675001040000.0,0.0,0.0,45.4,1.2841,0.0,0.0,1.291,0.9998241488631089,1.0,1165.426398838001,1000.0,1165.7396588380009,1000.0,0.050023013086134556,0.0
687,1675004640000.0,0.0,0.0,45.4,1.2841,0.0,0.0,1.272,0.9998241488631089,1.0,1165.426398838001,1000.0,1164.877058838001,1000.0,0.050023013086134556,0.0
688,1675008240000.0,0.0,0.0,12.0,1.2841,0.0,0.0,1.332,0.9998241488631089,1.0,1166.2093227180012,1000.0,1166.7841227180013,1000.0,0.013213065356129098,0.0
689,1675011840000.0,0.0,0.0,0.0,1.2841,0.0,0.0,1.355,0.9998241488631089,1.0,1166.8860848820011,1000.0,1166.8860848820011,1000.0,0.0,0.0
690,1675015440000.0,0.0,0.0,0.0,1.2841,0.0,0.0,1.316,0.9998241488631089,1.0,1166.8860848820011,1000.0,1166.8860848820011,1000.0,0.0,0.0
691,1675019040000.0,0.0,0.0,0.0,1.2841,0.0,0.0,1.352,0.9998241488631089,1.0,1166.8860848820011,1000.0,1166.8860848820011,1000.0,0.0,0.0
692,1675022640000.0,0.0,0.0,31.7,1.3166,0.0,0.0,1.337,0.9998241488631089,1.0,1167.1186424560008,1000.0,1167.7653224560008,1000.0,0.03576004913448498,0.0
693,1675026240000.0,0.0,0.0,44.2,1.3201501730103804,0.0,0.0,1.318,0.9998241488631089,1.0,1168.04220032106,1000.0,1167.947162674001,1000.0,0.04995593278309634,0.0
694,1675029840000.0,0.0,0.0,44.2,1.3201501730103804,0.0,0.0,1.301,0.9998241488631089,1.0,1168.04220032106,1000.0,1167.1957626740011,1000.0,0.04995593278309634,0.0
695,1675033440000.0,0.0,0.0,66.7,1.2924268125854992,0.0,0.0,1.305,0.9998241488631089,1.0,1168.966134245454,1000.0,1169.8047658460011,1000.0,0.07374453876296122,0.0
696,1675037040000.0,0.0,0.0,44.7,1.2991348620141046,0.0,0.0,1.295,0.9998241488631089,1.0,1169.5637046220318,1000.0,1169.3788762900012,1000.0,0.049652129338946444,0.0
697,1675040640000.0,0.0,0.0,44.6,1.3044390749671044,0.0,0.0,1.292,0.9998241488631089,1.0,1169.8880159315345,1000.0,1169.3332331880017,1000.0,0.049729531332285755,0.0
698,1675044240000.0,0.0,0.0,112.9,1.2770107417496268,0.0,0.0,1.254,0.9998241488631089,1.0,1169.8708166255344,1000.0,1167.2729038820016,1000.0,0.1232396865488114,0.0
699,1675047840000.0,0.0,0.0,244.9,1.247004664835607,0.0,0.0,1.256,0.9998241488631089,1.0,1170.3279298362415,1000.0,1172.5308874180014,1000.0,0.2609451886369764,0.0
700,1675051440000.0,0.0,0.0,92.0,1.247004664835607,0.0,0.0,1.274,0.9998241488631089,1.0,1172.6915127408774,1000.0,1175.1750835760015,1000.0,0.09783001575302251,0.0
701,1675055040000.0,0.0,0.0,39.4,1.26202792706076,0.0,0.0,1.274,0.9998241488631089,1.0,1174.9257135141956,1000.0,1175.3974131880018,1000.0,0.042320888677693555,0.0
702,1675058640000.0,0.0,0.0,39.4,1.26202792706076,0.0,0.0,1.257,0.9998241488631089,1.0,1174.9257135141956,1000.0,1174.7276131880017,1000.0,0.042320888677693555,0.0
703,1675062240000.0,0.0,0.0,39.4,1.26202792706076,0.0,0.0,1.251,0.9998241488631089,1.0,1174.9257135141956,1000.0,1174.4912131880017,1000.0,0.042320888677693555,0.0
704,1675065840000.0,0.0,0.0,39.4,1.26202792706076,0.0,0.0,1.23,0.9998241488631089,1.0,1174.9257135141956,1000.0,1173.6638131880018,1000.0,0.042320888677693555,0.0
705,1675069440000.0,0.0,0.0,99.7,1.2358225709748638,0.0,0.0,1.2,0.9998241488631089,1.0,1174.9110159921956,1000.0,1171.3395056660017,1000.0,0.10486880167869016,0.0
706,1675073040000.0,0.0,0.0,252.3,1.2075631007776215,0.0,0.0,1.186,0.9998241488631089,1.0,1174.8747246601956,1000.0,1169.4343543340017,1000.0,0.25931970782188024,0.0
707,1675076640000.0,0.0,0.0,71.7,1.2075631007776215,0.0,0.0,1.214,0.9998241488631089,1.0,1177.447308135757,1000.0,1177.9088338100016,1000.0,0.07353388446982012,0.0
708,1675080240000.0,0.0,0.0,71.7,1.2075631007776215,0.0,0.0,1.21,0.9998241488631089,1.0,1177.447308135757,1000.0,1177.6220338100015,1000.0,0.07353388446982012,0.0
709,1675083840000.0,0.0,0.0,61.5,1.2075631007776215,0.0,0.0,1.188,0.9998241488631089,1.0,1177.5686163198254,1000.0,1176.3654856220016,1000.0,0.0630664996235374,0.0
710,1675087440000.0,0.0,0.0,61.5,1.2075631007776215,0.0,0.0,1.175,0.9998241488631089,1.0,1177.5686163198254,1000.0,1175.5659856220018,1000.0,0.0630664996235374,0.0
711,1675091040000.0,0.0,0.0,14.5,1.2075631007776215,0.0,0.0,1.24,0.9998241488631089,1.0,1178.5110087032772,1000.0,1178.9813437420016,1000.0,0.014857447093804836,0.0
712,1675094640000.0,0.0,0.0,13.1,1.2149323148726177,0.0,0.0,1.269,0.9998241488631089,1.0,1180.165834066833,1000.0,1180.8741207420017,1000.0,0.013485912628046803,0.0
713,1675098240000.0,0.0,0.0,0.0,1.2149323148726177,0.0,0.0,1.238,0.9998241488631089,1.0,1180.866846752001,1000.0,1180.866846752001,1000.0,0.0,0.0
714,1675101840000.0,0.0,0.0,48.1,1.2284,0.0,0.0,1.21,0.9998241488631089,1.0,1180.8550295440011,1000.0,1179.9699895440012,1000.0,0.0500366586259252,0.0
715,1675105440000.0,0.0,0.0,48.1,1.2284,0.0,0.0,1.216,0.9998241488631089,1.0,1180.8550295440011,1000.0,1180.258589544001,1000.0,0.0500366586259252,0.0
716,1675109040000.0,0.0,0.0,307.9,1.1742887950633323,0.0,0.0,1.172,0.9998241488631089,1.0,1180.794534048001,1000.0,1180.089814048001,1000.0,0.3062035854455454,0.0
717,1675112640000.0,0.0,0.0,264.0,1.1742887950633323,0.0,0.0,1.185,0.9998241488631089,1.0,1181.3026319867206,1000.0,1184.130390090001,1000.0,0.2624325329533378,0.0
718,1675116240000.0,0.0,0.0,55.9,1.1742887950633323,0.0,0.0,1.197,0.9998241488631089,1.0,1185.0663671600407,1000.0,1186.3359235160005,1000.0,0.055391618109414585,0.0
719,1675119840000.0,0.0,0.0,42.7,1.1786598185894313,0.0,0.0,1.19,0.9998241488631089,1.0,1185.5866098257688,1000.0,1186.070835572,1000.0,0.04245052519711312,0.0
720,1675123440000.0,0.0,0.0,14.9,1.186102752093221,0.0,0.0,1.219,0.9998241488631089,1.0,1186.458399224189,1000.0,1186.948568218,1000.0,0.014895533646814008,0.0
721,1675127040000.0,0.0,0.0,0.0,1.186102752093221,0.0,0.0,1.242,0.9998241488631089,1.0,1187.1195906599996,1000.0,1187.1195906599996,1000.0,0.0,0.0
722,1675130640000.0,0.0,0.0,30.9,1.2102,0.0,0.0,1.218,0.9998241488631089,1.0,1187.3241256119998,1000.0,1187.5651456119997,1000.0,0.03149534250449502,0.0
723,1675134240000.0,0.0,0.0,49.0,1.2107540816326532,0.0,0.0,1.189,0.9998241488631089,1.0,1187.3197392579998,1000.0,1186.2537892579999,1000.0,0.049967121777218675,0.0
724,1675137840000.0,0.0,0.0,49.0,1.2107540816326532,0.0,0.0,1.187,0.9998241488631089,1.0,1187.3197392579998,1000.0,1186.1557892579997,1000.0,0.049967121777218675,0.0
725,1675141440000.0,0.0,0.0,15.5,1.2107540816326532,0.0,0.0,1.219,0.9998241488631089,1.0,1187.926072557306,1000.0,1188.053884292,1000.0,0.01579785872104496,0.0
726,1675145040000.0,0.0,0.0,49.2,1.2088676476688236,0.0,0.0,1.182,0.9998241488631089,1.0,1187.917930637306,1000.0,1186.5960423719998,1000.0,0.050067674484379314,0.0
727,1675148640000.0,0.0,0.0,78.6,1.1834243234161135,0.0,0.0,1.188,0.9998241488631089,1.0,1188.4344793305067,1000.0,1188.7941275100002,1000.0,0.07826864117313967,0.0
728,1675152240000.0,0.0,0.0,3.0,1.1834243234161135,0.0,0.0,1.229,0.9998241488631089,1.0,1190.4678067782486,1000.0,1190.6045338080003,1000.0,0.0029822502969285743,0.0
729,1675155840000.0,0.0,0.0,0.1,1.1834243234161135,0.0,0.0,1.231,0.9998241488631089,1.0,1190.5998433043417,1000.0,1190.604600872,1000.0,9.939731892889272e-05,0.0
730,1675159440000.0,0.0,0.0,0.0,1.1834243234161135,0.0,0.0,1.343,0.9998241488631089,1.0,1190.604476272,1000.0,1190.604476272,1000.0,0.0,0.0
731,1675163040000.0,0.0,0.0,0.0,1.1834243234161135,0.0,0.0,1.331,0.9998241488631089,1.0,1190.604476272,1000.0,1190.604476272,1000.0,0.0,0.0
732,1675166640000.0,0.0,0.0,0.0,1.1834243234161135,0.0,0.0,1.343,0.9998241488631089,1.0,1190.604476272,1000.0,1190.604476272,1000.0,0.0,0.0
733,1675170240000.0,0.0,0.0,0.0,1.1834243234161135,0.0,0.0,1.441,0.9998241488631089,1.0,1190.604476272,1000.0,1190.604476272,1000.0,0.0,0.0
734,1675173840000.0,0.0,0.0,0.0,1.1834243234161135,0.0,0.0,1.419,0.9998241488631089,1.0,1190.604476272,1000.0,1190.604476272,1000.0,0.0,0.0
735,1675177440000.0,0.0,0.0,0.0,1.1834243234161135,0.0,0.0,1.428,0.9998241488631089,1.0,1190.604476272,1000.0,1190.604476272,1000.0,0.0,0.0
736,1675181040000.0,0.0,0.0,0.0,1.1834243234161135,0.0,0.0,1.416,0.9998241488631089,1.0,1190.604476272,1000.0,1190.604476272,1000.0,0.0,0.0
737,1675184640000.0,0.0,0.0,0.0,1.1834243234161135,0.0,0.0,1.442,0.9998241488631089,1.0,1190.604476272,1000.0,1190.604476272,1000.0,0.0,0.0
738,1675188240000.0,0.0,0.0,31.9,1.3722,0.0,0.0,1.388,0.9998241488631089,1.0,1190.748077776,1000.0,1191.252097776,1000.0,0.03676107550957096,0.0
739,1675191840000.0,0.0,0.0,43.3,1.3752702078521941,0.0,0.0,1.373,0.9998241488631089,1.0,1191.4173610399998,1000.0,1191.3190610399997,1000.0,0.049981813214488434,0.0
740,1675195440000.0,0.0,0.0,18.5,1.375436019179792,0.0,0.0,1.398,0.9998241488631089,1.0,1192.0840365828262,1000.0,1192.501470228,1000.0,0.021345446775520333,0.0
741,1675199040000.0,0.0,0.0,0.9,1.3771204032970705,0.0,0.0,1.432,0.9998241488631089,1.0,1193.485688404968,1000.0,1193.5350800420006,1000.0,0.0010384777756520642,0.0
742,1675202640000.0,0.0,0.0,0.0,1.3771204032970705,0.0,0.0,1.422,0.9998241488631089,1.0,1193.520705106,1000.0,1193.520705106,1000.0,0.0,0.0
743,1675206240000.0,0.0,0.0,0.0,1.3771204032970705,0.0,0.0,1.42,0.9998241488631089,1.0,1193.520705106,1000.0,1193.520705106,1000.0,0.0,0.0
744,1675209840000.0,0.0,0.0,31.4,1.3996,0.0,0.0,1.41,0.9998241488631089,1.0,1193.6624140499998,1000.0,1193.9889740499998,1000.0,0.03681731072597812,0.0
745,1675213440000.0,0.0,0.0,0.0,1.3996,0.0,0.0,1.446,0.9998241488631089,1.0,1194.892276782,1000.0,1194.892276782,1000.0,0.0,0.0
746,1675217040000.0,0.0,0.0,0.0,1.3996,0.0,0.0,1.521,0.9998241488631089,1.0,1194.892276782,1000.0,1194.892276782,1000.0,0.0,0.0
747,1675220640000.0,0.0,0.0,0.0,1.3996,0.0,0.0,1.544,0.9998241488631089,1.0,1194.892276782,1000.0,1194.892276782,1000.0,0.0,0.0
748,1675224240000.0,0.0,0.0,0.0,1.3996,0.0,0.0,1.526,0.9998241488631089,1.0,1194.892276782,1000.0,1194.892276782,1000.0,0.0,0.0
749,1675227840000.0,0.0,0.0,24.3,1.4666,0.0,0.0,1.494,0.9998241488631089,1.0,1195.2681096780002,1000.0,1195.9339296780001,1000.0,0.02981622257921766,0.0
750,1675231440000.0,0.0,0.0,1.3,1.4666,0.0,0.0,1.5,0.9998241488631089,1.0,1196.1287897980003,1000.0,1196.1722097980003,1000.0,0.0015939587912786374,0.0
751,1675235040000.0,0.0,0.0,40.5,1.4752355555555556,0.0,0.0,1.462,0.9998241488631089,1.0,1196.13991041,1000.0,1195.6038704100001,1000.0,0.04994987582976021,0.0
752,1675238640000.0,0.0,0.0,40.5,1.4752355555555556,0.0,0.0,1.445,0.9998241488631089,1.0,1196.13991041,1000.0,1194.9153704100002,1000.0,0.04994987582976021,0.0
753,1675242240000.0,0.0,0.0,259.4,1.41028500385505,0.0,0.0,1.363,0.9998241488631089,1.0,1196.078694232,1000.0,1183.812964232,1000.0,0.30585607097942447,0.0
754,1675245840000.0,0.0,0.0,259.4,1.41028500385505,0.0,0.0,1.388,0.9998241488631089,1.0,1196.078694232,1000.0,1190.2979642320001,1000.0,0.30585607097942447,0.0
755,1675249440000.0,0.0,0.0,259.4,1.41028500385505,0.0,0.0,1.404,0.9998241488631089,1.0,1196.078694232,1000.0,1194.4483642320001,1000.0,0.30585607097942447,0.0
756,1675253040000.0,0.0,0.0,54.4,1.41028500385505,0.0,0.0,1.442,0.9998241488631089,1.0,1202.049980693715,1000.0,1203.7752764840004,1000.0,0.06382388872502551,0.0
757,1675256640000.0,0.0,0.0,36.0,1.4165080220004675,0.0,0.0,1.393,0.9998241488631089,1.0,1202.7589715220174,1000.0,1201.9126827300006,1000.0,0.04239776214471857,0.0
758,1675260240000.0,0.0,0.0,42.1,1.421762108262754,0.0,0.0,1.413,0.9998241488631089,1.0,1202.9455781558627,1000.0,1202.5766933980008,1000.0,0.04975801552853502,0.0
759,1675263840000.0,0.0,0.0,42.1,1.421762108262754,0.0,0.0,1.392,0.9998241488631089,1.0,1202.9455781558627,1000.0,1201.6925933980008,1000.0,0.04975801552853502,0.0
760,1675267440000.0,0.0,0.0,106.5,1.3919130963179527,0.0,0.0,1.368,0.9998241488631089,1.0,1202.9279016438627,1000.0,1200.3811568860008,1000.0,0.12323161226478005,0.0
761,1675271040000.0,0.0,0.0,106.5,1.3919130963179527,0.0,0.0,1.345,0.9998241488631089,1.0,1202.9279016438627,1000.0,1197.9316568860008,1000.0,0.12323161226478005,0.0
762,1675274640000.0,0.0,0.0,26.3,1.3592446929790798,0.0,0.0,1.427,0.9998241488631089,1.0,1207.8765012413503,1000.0,1209.6584658160004,1000.0,0.02959585304342868,0.0
763,1675278240000.0,0.0,0.0,0.0,1.3592446929790798,0.0,0.0,1.434,0.9998241488631089,1.0,1209.9429413880007,1000.0,1209.9429413880007,1000.0,0.0,0.0
764,1675281840000.0,0.0,0.0,0.0,1.3592446929790798,0.0,0.0,1.63,0.9998241488631089,1.0,1209.9429413880007,1000.0,1209.9429413880007,1000.0,0.0,0.0
765,1675285440000.0,0.0,0.0,0.0,1.3592446929790798,0.0,0.0,1.622,0.9998241488631089,1.0,1209.9429413880007,1000.0,1209.9429413880007,1000.0,0.0,0.0
766,1675289040000.0,0.0,0.0,0.0,1.3592446929790798,0.0,0.0,1.59,0.9998241488631089,1.0,1209.9429413880007,1000.0,1209.9429413880007,1000.0,0.0,0.0
767,1675292640000.0,0.0,0.0,0.0,1.3592446929790798,0.0,0.0,1.552,0.9998241488631089,1.0,1209.9429413880007,1000.0,1209.9429413880007,1000.0,0.0,0.0
768,1675296240000.0,0.0,0.0,4.2,1.5058,0.0,0.0,1.529,0.9998241488631089,1.0,1211.1366096240006,1000.0,1211.2340496240006,1000.0,0.005221838684212022,0.0
769,1675299840000.0,0.0,0.0,0.0,1.5058,0.0,0.0,1.559,0.9998241488631089,1.0,1211.301631488001,1000.0,1211.301631488001,1000.0,0.0,0.0
770,1675303440000.0,0.0,0.0,0.0,1.5058,0.0,0.0,1.541,0.9998241488631089,1.0,1211.301631488001,1000.0,1211.301631488001,1000.0,0.0,0.0
771,1675307040000.0,0.0,0.0,39.7,1.5252214105793451,0.0,0.0,1.522,0.9998241488631089,1.0,1211.4422641580009,1000.0,1211.3143741580009,1000.0,0.049982811225498636,0.0
772,1675310640000.0,0.0,0.0,15.0,1.5252214105793451,0.0,0.0,1.545,0.9998241488631089,1.0,1211.9654745526911,1000.0,1212.262153394001,1000.0,0.018877040344019737,0.0
773,1675314240000.0,0.0,0.0,0.0,1.5252214105793451,0.0,0.0,1.697,0.9998241488631089,1.0,1212.6457507320004,1000.0,1212.6457507320004,1000.0,0.0,0.0
774,1675317840000.0,0.0,0.0,0.0,1.5252214105793451,0.0,0.0,1.697,0.9998241488631089,1.0,1212.6457507320004,1000.0,1212.6457507320004,1000.0,0.0,0.0
775,1675321440000.0,0.0,0.0,0.0,1.5252214105793451,0.0,0.0,1.685,0.9998241488631089,1.0,1212.6457507320004,1000.0,1212.6457507320004,1000.0,0.0,0.0
776,1675325040000.0,0.0,0.0,0.0,1.5252214105793451,0.0,0.0,1.727,0.9998241488631089,1.0,1212.6457507320004,1000.0,1212.6457507320004,1000.0,0.0,0.0
777,1675328640000.0,0.0,0.0,0.0,1.5252214105793451,0.0,0.0,1.707,0.9998241488631089,1.0,1212.6457507320004,1000.0,1212.6457507320004,1000.0,0.0,0.0
778,1675332240000.0,0.0,0.0,0.0,1.5252214105793451,0.0,0.0,1.707,0.9998241488631089,1.0,1212.6457507320004,1000.0,1212.6457507320004,1000.0,0.0,0.0
779,1675335840000.0,0.0,0.0,0.0,1.5252214105793451,0.0,0.0,1.662,0.9998241488631089,1.0,1212.6457507320004,1000.0,1212.6457507320004,1000.0,0.0,0.0
780,1675339440000.0,0.0,0.0,0.0,1.5252214105793451,0.0,0.0,1.659,0.9998241488631089,1.0,1212.6457507320004,1000.0,1212.6457507320004,1000.0,0.0,0.0
781,1675343040000.0,0.0,0.0,0.0,1.5252214105793451,0.0,0.0,1.693,0.9998241488631089,1.0,1212.6457507320004,1000.0,1212.6457507320004,1000.0,0.0,0.0
782,1675346640000.0,0.0,0.0,0.0,1.5252214105793451,0.0,0.0,1.687,0.9998241488631089,1.0,1212.6457507320004,1000.0,1212.6457507320004,1000.0,0.0,0.0
783,1675350240000.0,0.0,0.0,0.0,1.5252214105793451,0.0,0.0,1.724,0.9998241488631089,1.0,1212.6457507320004,1000.0,1212.6457507320004,1000.0,0.0,0.0
784,1675353840000.0,0.0,0.0,0.0,1.5252214105793451,0.0,0.0,1.759,0.9998241488631089,1.0,1212.6457507320004,1000.0,1212.6457507320004,1000.0,0.0,0.0
785,1675357440000.0,0.0,0.0,0.0,1.5252214105793451,0.0,0.0,1.733,0.9998241488631089,1.0,1212.6457507320004,1000.0,1212.6457507320004,1000.0,0.0,0.0
786,1675361040000.0,0.0,0.0,0.0,1.5252214105793451,0.0,0.0,1.769,0.9998241488631089,1.0,1212.6457507320004,1000.0,1212.6457507320004,1000.0,0.0,0.0
787,1675364640000.0,0.0,0.0,0.0,1.5252214105793451,0.0,0.0,1.754,0.9998241488631089,1.0,1212.6457507320004,1000.0,1212.6457507320004,1000.0,0.0,0.0
788,1675368240000.0,0.0,0.0,35.2,1.7205,0.0,0.0,1.678,0.9998241488631089,1.0,1212.6336384120004,1000.0,1211.1376384120003,1000.0,0.0499422068476578,0.0
789,1675371840000.0,0.0,0.0,35.2,1.7205,0.0,0.0,1.723,0.9998241488631089,1.0,1212.6336384120004,1000.0,1212.7216384120004,1000.0,0.0499422068476578,0.0
790,1675375440000.0,0.0,0.0,35.2,1.7205,0.0,0.0,1.686,0.9998241488631089,1.0,1212.6336384120004,1000.0,1211.4192384120004,1000.0,0.0499422068476578,0.0
791,1675379040000.0,0.0,0.0,16.4,1.7205,0.0,0.0,1.742,0.9998241488631089,1.0,1212.9523442840004,1000.0,1213.3049442840004,1000.0,0.023262414333891968,0.0
792,1675382640000.0,0.0,0.0,35.4,1.7174915254237288,0.0,0.0,1.729,0.9998241488631089,1.0,1212.9840268660005,1000.0,1213.3914268660005,1000.0,0.05012366086723131,0.0
793,1675386240000.0,0.0,0.0,35.4,1.716534386670497,0.0,0.0,1.702,0.9998241488631089,1.0,1213.2516258301362,1000.0,1212.7371085420007,1000.0,0.050084678227040075,0.0
794,1675389840000.0,0.0,0.0,89.6,1.6804609072336563,0.0,0.0,1.652,0.9998241488631089,1.0,1213.2336650341363,1000.0,1210.6835677460006,1000.0,0.1241057692574819,0.0
795,1675393440000.0,0.0003185314781918509,0.0,765.8,1.5843105997494589,0.0,0.0,1.585,0.9997969843988579,1.0,1213.0211258821362,1000.0,1213.5490685940006,1000.0,1.0002010941118786,0.0
796,1675397040000.0,0.0003185314781918509,0.0,765.8,1.5843105997494589,0.0,0.0,1.577,0.9997924876363571,1.0,1213.0211258821362,1000.0,1207.4226685940005,1000.0,1.0002010941118786,0.0
797,1675400640000.0,0.0,0.0,149.0,1.5843105997494589,0.0,0.0,1.634,0.9997924876363571,1.0,1229.2858047186703,1000.0,1236.689525356001,1000.0,0.19203205508152246,0.0
798,1675404240000.0,0.0,0.0,39.6,1.5843105997494589,0.0,0.0,1.59,0.9997924876363571,1.0,1232.2165671860794,1000.0,1232.4418674360008,1000.0,0.05091531912555781,0.0
799,1675407840000.0,0.0,0.0,39.6,1.5843105997494589,0.0,0.0,1.591,0.9997924876363571,1.0,1232.2165671860794,1000.0,1232.481467436001,1000.0,0.05091531912555781,0.0
800,1675411440000.0,0.0,0.0,33.0,1.588583623706083,0.0,0.0,1.581,0.9997924876363571,1.0,1232.4612839323015,1000.0,1232.2110243500008,1000.0,0.0425354210032778,0.0
801,1675415040000.0,0.0,0.0,24.3,1.6005200109154774,0.0,0.0,1.626,0.9997924876363571,1.0,1233.1753242932468,1000.0,1233.7944880280008,1000.0,0.031538610527692905,0.0
802,1675418640000.0,0.0,0.0,1.3,1.6005200109154774,0.0,0.0,1.65905,0.9997924876363571,1.0,1233.86838153819,1000.0,1233.944470524,1000.0,0.001686303049273591,0.0
803,1675422240000.0,0.0,0.0,0.0,1.6005200109154774,0.0,0.0,1.7299,0.9997924876363571,1.0,1233.948153348,1000.0,1233.948153348,1000.0,0.0,0.0
804,1675425840000.0,0.0,0.0,0.0,1.6005200109154774,0.0,0.0,1.6927,0.9997924876363571,1.0,1233.948153348,1000.0,1233.948153348,1000.0,0.0,0.0
805,1675429440000.0,0.0,0.0,0.0,1.6005200109154774,0.0,0.0,1.6971,0.9997924876363571,1.0,1233.948153348,1000.0,1233.948153348,1000.0,0.0,0.0
806,1675433040000.0,0.0,0.0,37.2,1.658428494623656,0.0,0.0,1.6618,0.9997924876363571,1.0,1234.19055066,1000.0,1234.3159706600002,1000.0,0.049987046138870984,0.0
807,1675436640000.0,0.0,0.0,8.3,1.658428494623656,0.0,0.0,1.69995,0.9997924876363571,1.0,1234.8542267693765,1000.0,1235.1988552640003,1000.0,0.01114702950921438,0.0
808,1675440240000.0,0.0,0.0,0.6,1.658428494623656,0.0,0.0,1.69335,0.9997924876363571,1.0,1235.265930512774,1000.0,1235.286883416,1000.0,0.0008055407926300803,0.0
809,1675443840000.0,0.0,0.0,0.0,1.658428494623656,0.0,0.0,1.69975,0.9997924876363571,1.0,1235.2918691759996,1000.0,1235.2918691759996,1000.0,0.0,0.0
810,1675447440000.0,0.0,0.0,0.0,1.658428494623656,0.0,0.0,1.68775,0.9997924876363571,1.0,1235.2918691759996,1000.0,1235.2918691759996,1000.0,0.0,0.0
811,1675451040000.0,0.0,0.0,36.8,1.6781,0.0,0.0,1.661,0.9997924876363571,1.0,1235.2795183599997,1000.0,1234.6502383599995,1000.0,0.04999198892408325,0.0
812,1675454640000.0,0.0,0.0,36.8,1.6781,0.0,0.0,1.64165,0.9997924876363571,1.0,1235.2795183599997,1000.0,1233.9381583599998,1000.0,0.04999198892408325,0.0
813,1675458240000.0,0.0,0.0,36.8,1.6781,0.0,0.0,1.6849,0.9997924876363571,1.0,1235.2795183599997,1000.0,1235.5297583599997,1000.0,0.04999198892408325,0.0
814,1675461840000.0,0.0,0.0,23.4,1.6748211382113825,0.0,0.0,1.6864,0.9997924876363571,1.0,1236.317366294146,1000.0,1236.5883116599996,1000.0,0.03169963935038831,0.0
815,1675465440000.0,0.0,0.0,6.2,1.6748211382113825,0.0,0.0,1.699,0.9997924876363571,1.0,1236.74279507691,1000.0,1236.8927040199994,1000.0,0.008396160542228848,0.0
816,1675469040000.0,0.0,0.0,3.7,1.6748211382113825,0.0,0.0,1.69605,0.9997924876363571,1.0,1236.8248882313812,1000.0,1236.903435019999,1000.0,0.005010279361570245,0.0
817,1675472640000.0,0.0,0.0,23.2,1.68388387496954,0.0,0.0,1.70685,0.9997924876363571,1.0,1237.0375434192924,1000.0,1237.570357519999,1000.0,0.03158037208095625,0.0
818,1675476240000.0,0.0,0.0,36.6,1.6856707407621268,0.0,0.0,1.66105,0.9997924876363571,1.0,1237.0866068518928,1000.0,1236.185487739999,1000.0,0.04987164905850459,0.0
819,1675479840000.0,0.0,0.0,36.6,1.6856707407621268,0.0,0.0,1.67825,0.9997924876363571,1.0,1237.0866068518928,1000.0,1236.815007739999,1000.0,0.04987164905850459,0.0
820,1675483440000.0,0.0,0.0,36.6,1.6856707407621268,0.0,0.0,1.6647,0.9997924876363571,1.0,1237.0866068518928,1000.0,1236.319077739999,1000.0,0.04987164905850459,0.0
821,1675487040000.0,0.0,0.0,36.6,1.6856707407621268,0.0,0.0,1.65745,0.9997924876363571,1.0,1237.0866068518928,1000.0,1236.053727739999,1000.0,0.04987164905850459,0.0
822,1675490640000.0,0.0,0.0,36.6,1.6856707407621268,0.0,0.0,1.67305,0.9997924876363571,1.0,1237.0866068518928,1000.0,1236.624687739999,1000.0,0.04987164905850459,0.0
823,1675494240000.0,0.0,0.0,36.6,1.6856707407621268,0.0,0.0,1.66705,0.9997924876363571,1.0,1237.0866068518928,1000.0,1236.405087739999,1000.0,0.04987164905850459,0.0
824,1675497840000.0,0.0,0.0,36.6,1.6856707407621268,0.0,0.0,1.65865,0.9997924876363571,1.0,1237.0866068518928,1000.0,1236.097647739999,1000.0,0.04987164905850459,0.0
825,1675501440000.0,0.0,0.0,36.6,1.6856707407621268,0.0,0.0,1.6432,0.9997924876363571,1.0,1237.0866068518928,1000.0,1235.532177739999,1000.0,0.04987164905850459,0.0
826,1675505040000.0,0.0,0.0,36.6,1.6856707407621268,0.0,0.0,1.64905,0.9997924876363571,1.0,1237.0866068518928,1000.0,1235.746287739999,1000.0,0.04987164905850459,0.0
827,1675508640000.0,0.0,0.0,36.6,1.6856707407621268,0.0,0.0,1.6548,0.9997924876363571,1.0,1237.0866068518928,1000.0,1235.956737739999,1000.0,0.04987164905850459,0.0
828,1675512240000.0,0.0,0.0,1.2,1.6856707407621268,0.0,0.0,1.74205,0.9997924876363571,1.0,1238.1299969729132,1000.0,1238.1976520839987,1000.0,0.0016337580818331513,0.0
829,1675515840000.0,0.0,0.0,0.3,1.6856707407621268,0.0,0.0,1.7153,0.9997924876363571,1.0,1238.1646528922274,1000.0,1238.1735416699987,1000.0,0.0004084280883381472,0.0
830,1675519440000.0,0.0,0.0,0.0,1.6856707407621268,0.0,0.0,1.70985,0.9997924876363571,1.0,1238.1712691859989,1000.0,1238.1712691859989,1000.0,0.0,0.0
831,1675523040000.0,0.0,0.0,0.0,1.6856707407621268,0.0,0.0,1.70385,0.9997924876363571,1.0,1238.1712691859989,1000.0,1238.1712691859989,1000.0,0.0,0.0
832,1675526640000.0,0.0,0.0,36.6,1.6906,0.0,0.0,1.68705,0.9997924876363571,1.0,1238.1588939939988,1000.0,1238.0289639939988,1000.0,0.04997416753224882,0.0
833,1675530240000.0,0.0,0.0,36.6,1.6906,0.0,0.0,1.67555,0.9997924876363571,1.0,1238.1588939939988,1000.0,1237.608063993999,1000.0,0.04997416753224882,0.0
834,1675533840000.0,0.0,0.0,36.6,1.6906,0.0,0.0,1.67685,0.9997924876363571,1.0,1238.1588939939988,1000.0,1237.6556439939989,1000.0,0.04997416753224882,0.0
835,1675537440000.0,0.0,0.0,26.2,1.6906,0.0,0.0,1.7222,0.9997924876363571,1.0,1238.417925025999,1000.0,1239.245845025999,1000.0,0.035766375070088,0.0
836,1675541040000.0,0.0,0.0,36.8,1.6878894021739135,0.0,0.0,1.6857,0.9997924876363571,1.0,1238.5269713879989,1000.0,1238.4464013879988,1000.0,0.050151778229253575,0.0
837,1675544640000.0,0.0,0.0,36.7,1.6871265141867078,0.0,0.0,1.68035,0.9997924876363571,1.0,1238.7461435546509,1000.0,1238.4974454839987,1000.0,0.049984045070749,0.0
838,1675548240000.0,0.0,0.0,36.7,1.6871265141867078,0.0,0.0,1.68295,0.9997924876363571,1.0,1238.7461435546509,1000.0,1238.5928654839986,1000.0,0.049984045070749,0.0
839,1675551840000.0,0.0,0.0,36.7,1.6871265141867078,0.0,0.0,1.68645,0.9997924876363571,1.0,1238.7461435546509,1000.0,1238.7213154839988,1000.0,0.049984045070749,0.0
840,1675555440000.0,0.0,0.0,36.7,1.6871265141867078,0.0,0.0,1.66305,0.9997924876363571,1.0,1238.7461435546509,1000.0,1237.8625354839987,1000.0,0.049984045070749,0.0
841,1675559040000.0,0.0,0.0,36.7,1.6871265141867078,0.0,0.0,1.6387,0.9997924876363571,1.0,1238.7461435546509,1000.0,1236.9688904839986,1000.0,0.049984045070749,0.0
842,1675562640000.0,0.0,0.0,19.9,1.6871265141867078,0.0,0.0,1.70665,0.9997924876363571,1.0,1239.0238926763143,1000.0,1239.4124100439988,1000.0,0.027096989679347847,0.0
843,1675566240000.0,0.0,0.0,10.8,1.6871265141867078,0.0,0.0,1.701,0.9997924876363571,1.0,1239.1743401172153,1000.0,1239.3241737639987,1000.0,0.01470411851127655,0.0
844,1675569840000.0,0.0,0.0,0.9,1.6871265141867078,0.0,0.0,1.75225,0.9997924876363571,1.0,1239.519357430767,1000.0,1239.577968567999,1000.0,0.0012250021378571714,0.0
845,1675573440000.0,0.0,0.0,0.0,1.6871265141867078,0.0,0.0,1.7207,0.9997924876363571,1.0,1239.5754086119991,1000.0,1239.5754086119991,1000.0,0.0,0.0
846,1675577040000.0,0.0,0.0,0.0,1.6871265141867078,0.0,0.0,1.8095,0.9997924876363571,1.0,1239.5754086119991,1000.0,1239.5754086119991,1000.0,0.0,0.0
847,1675580640000.0,0.0,0.0,0.0,1.6871265141867078,0.0,0.0,1.8076,0.9997924876363571,1.0,1239.5754086119991,1000.0,1239.5754086119991,1000.0,0.0,0.0
848,1675584240000.0,0.0,0.0,0.0,1.6871265141867078,0.0,0.0,1.78045,0.9997924876363571,1.0,1239.5754086119991,1000.0,1239.5754086119991,1000.0,0.0,0.0
849,1675587840000.0,0.0,0.0,0.0,1.6871265141867078,0.0,0.0,1.76675,0.9997924876363571,1.0,1239.5754086119991,1000.0,1239.5754086119991,1000.0,0.0,0.0
850,1675591440000.0,0.0,0.0,0.0,1.6871265141867078,0.0,0.0,1.8556,0.9997924876363571,1.0,1239.5754086119991,1000.0,1239.5754086119991,1000.0,0.0,0.0
851,1675595040000.0,0.0,0.0,0.0,1.6871265141867078,0.0,0.0,1.84065,0.9997924876363571,1.0,1239.5754086119991,1000.0,1239.5754086119991,1000.0,0.0,0.0
852,1675598640000.0,0.0,0.0,0.0,1.6871265141867078,0.0,0.0,1.8359,0.9997924876363571,1.0,1239.5754086119991,1000.0,1239.5754086119991,1000.0,0.0,0.0
853,1675602240000.0,0.0,0.0,113.0,1.7131278681120143,0.0,0.0,1.7406,0.9997924876363571,1.0,1242.1533215046566,1000.0,1245.2576724079988,1000.0,0.15584505209241348,0.0
854,1675605840000.0,0.0,0.0,30.2,1.7421648727375345,0.0,0.0,1.75565,0.9997924876363571,1.0,1244.8543786886726,1000.0,1245.261629531999,1000.0,0.04226468577963021,0.0
855,1675609440000.0,0.0,0.0,30.2,1.7421648727375345,0.0,0.0,1.7463,0.9997924876363571,1.0,1244.8543786886726,1000.0,1244.979259531999,1000.0,0.04226468577963021,0.0
856,1675613040000.0,0.0,0.0,76.4,1.7060243345114336,0.0,0.0,1.683,0.9997924876363571,1.0,1244.8388333126725,1000.0,1243.0797741559988,1000.0,0.10470452533186303,0.0
857,1675616640000.0,0.0,0.0,29.6,1.7060243345114336,0.0,0.0,1.702,0.9997924876363571,1.0,1245.8038398355377,1000.0,1245.6847195339992,1000.0,0.04053472841134032,0.0
858,1675620240000.0,0.0,0.0,37.1,1.700712811362222,0.0,0.0,1.67435,0.9997924876363571,1.0,1245.8013202105376,1000.0,1244.8232599089993,1000.0,0.05064727760191753,0.0
859,1675623840000.0,0.0,0.0,37.1,1.700712811362222,0.0,0.0,1.672,0.9997924876363571,1.0,1245.8013202105376,1000.0,1244.7360749089992,1000.0,0.05064727760191753,0.0
860,1675627440000.0,0.0,0.0,37.1,1.700712811362222,0.0,0.0,1.6908,0.9997924876363571,1.0,1245.8013202105376,1000.0,1245.4335549089992,1000.0,0.05064727760191753,0.0
861,1675631040000.0,0.0,0.0,21.2,1.700712811362222,0.0,0.0,1.75035,0.9997924876363571,1.0,1246.3314311178785,1000.0,1247.3837395169994,1000.0,0.02892899167963694,0.0
862,1675634640000.0,0.0,0.0,1.0,1.700712811362222,0.0,0.0,1.72535,0.9997924876363571,1.0,1246.7360391363623,1000.0,1246.760676325,1000.0,0.001364132228454981,0.0
863,1675638240000.0,0.0,0.0,0.0,1.700712811362222,0.0,0.0,1.74615,0.9997924876363571,1.0,1246.7909551290004,1000.0,1246.7909551290004,1000.0,0.0,0.0
864,1675641840000.0,0.0,0.0,0.0,1.700712811362222,0.0,0.0,1.73305,0.9997924876363571,1.0,1246.7909551290004,1000.0,1246.7909551290004,1000.0,0.0,0.0
865,1675645440000.0,0.0,0.0,0.0,1.700712811362222,0.0,0.0,1.85,0.9997924876363571,1.0,1246.7909551290004,1000.0,1246.7909551290004,1000.0,0.0,0.0
866,1675649040000.0,0.0,0.0,0.0,1.700712811362222,0.0,0.0,1.8194,0.9997924876363571,1.0,1246.7909551290004,1000.0,1246.7909551290004,1000.0,0.0,0.0
867,1675652640000.0,0.0,0.0,0.0,1.700712811362222,0.0,0.0,1.7993,0.9997924876363571,1.0,1246.7909551290004,1000.0,1246.7909551290004,1000.0,0.0,0.0
868,1675656240000.0,0.0,0.0,0.0,1.700712811362222,0.0,0.0,1.85045,0.9997924876363571,1.0,1246.7909551290004,1000.0,1246.7909551290004,1000.0,0.0,0.0
869,1675659840000.0,0.0,0.0,0.0,1.700712811362222,0.0,0.0,1.86195,0.9997924876363571,1.0,1246.7909551290004,1000.0,1246.7909551290004,1000.0,0.0,0.0
870,1675663440000.0,0.0,0.0,0.0,1.700712811362222,0.0,0.0,1.80675,0.9997924876363571,1.0,1246.7909551290004,1000.0,1246.7909551290004,1000.0,0.0,0.0
871,1675667040000.0,0.0,0.0,0.0,1.700712811362222,0.0,0.0,1.8173,0.9997924876363571,1.0,1246.7909551290004,1000.0,1246.7909551290004,1000.0,0.0,0.0
872,1675670640000.0,0.0,0.0,34.5,1.8043017391304348,0.0,0.0,1.81815,0.9997924876363571,1.0,1246.9991656610007,1000.0,1247.4769306610008,1000.0,0.04991856587731058,0.0
873,1675674240000.0,0.0,0.0,3.5,1.8043017391304348,0.0,0.0,1.85165,0.9997924876363571,1.0,1247.9606704999574,1000.0,1248.1263894130009,1000.0,0.00506030056574346,0.0
874,1675677840000.0,0.0,0.0,1.2,1.8043017391304348,0.0,0.0,1.8229,0.9997924876363571,1.0,1248.0260932679578,1000.0,1248.0484111810013,1000.0,0.0017348692456317497,0.0
875,1675681440000.0,0.0,0.0,34.4,1.8147201036400404,0.0,0.0,1.8016,0.9997924876363571,1.0,1248.0192529022186,1000.0,1247.5679213370013,1000.0,0.05002035939753924,0.0
876,1675685040000.0,0.0,0.0,18.6,1.8147201036400404,0.0,0.0,1.82105,0.9997924876363571,1.0,1248.300703300706,1000.0,1248.418439373001,1000.0,0.027039794048384615,0.0
877,1675688640000.0,0.0,0.0,3.2,1.8147201036400404,0.0,0.0,1.87505,0.9997924876363571,1.0,1248.647583858649,1000.0,1248.840639527001,1000.0,0.004650715227192169,0.0
878,1675692240000.0,0.0,0.0,0.0,1.8147201036400404,0.0,0.0,1.9219,0.9997924876363571,1.0,1248.8977978210012,1000.0,1248.8977978210012,1000.0,0.0,0.0
879,1675695840000.0,0.0,0.0,0.0,1.8147201036400404,0.0,0.0,1.91,0.9997924876363571,1.0,1248.8977978210012,1000.0,1248.8977978210012,1000.0,0.0,0.0
880,1675699440000.0,0.0,0.0,0.0,1.8147201036400404,0.0,0.0,1.9605,0.9997924876363571,1.0,1248.8977978210012,1000.0,1248.8977978210012,1000.0,0.0,0.0
881,1675703040000.0,0.0,0.0,0.0,1.8147201036400404,0.0,0.0,1.9517,0.9997924876363571,1.0,1248.8977978210012,1000.0,1248.8977978210012,1000.0,0.0,0.0
882,1675706640000.0,0.0,0.0,0.0,1.8147201036400404,0.0,0.0,1.9184,0.9997924876363571,1.0,1248.8977978210012,1000.0,1248.8977978210012,1000.0,0.0,0.0
883,1675710240000.0,0.0,0.0,24.3,1.8943,0.0,0.0,1.90895,0.9997924876363571,1.0,1249.0472662990014,1000.0,1249.4032612990013,1000.0,0.03685328109030969,0.0
884,1675713840000.0,0.0,0.0,6.6,1.8943,0.0,0.0,1.90355,0.9997924876363571,1.0,1249.5747036270013,1000.0,1249.6357536270013,1000.0,0.010005308177022738,0.0
885,1675717440000.0,0.0,0.0,32.9,1.899176291793313,0.0,0.0,1.87995,0.9997924876363571,1.0,1249.5647075230013,1000.0,1248.9321625230014,1000.0,0.050003732999037064,0.0
886,1675721040000.0,0.0,0.0,32.9,1.899176291793313,0.0,0.0,1.8636,0.9997924876363571,1.0,1249.5647075230013,1000.0,1248.3942475230012,1000.0,0.050003732999037064,0.0
887,1675724640000.0,0.0,0.0,32.9,1.899176291793313,0.0,0.0,1.8575,0.9997924876363571,1.0,1249.5647075230013,1000.0,1248.1935575230013,1000.0,0.050003732999037064,0.0
888,1675728240000.0,0.0,0.0,28.4,1.8592891826923075,0.0,0.0,1.84405,0.9997924876363571,1.0,1250.545556535463,1000.0,1250.1127637470015,1000.0,0.04222462149619746,0.0
889,1675731840000.0,0.0,0.0,17.6,1.8630376065177336,0.0,0.0,1.9057,0.9997924876363571,1.0,1250.9677326297135,1000.0,1251.7185907550013,1000.0,0.026211277093281988,0.0
890,1675735440000.0,0.0,0.0,17.1,1.8770158927726668,0.0,0.0,1.90205,0.9997924876363571,1.0,1252.0256296594143,1000.0,1252.4537128930017,1000.0,0.02563603412427258,0.0
891,1675739040000.0,0.0,0.0,0.1,1.8770158927726668,0.0,0.0,1.9628,0.9997924876363571,1.0,1253.2769860302792,1000.0,1253.285564441002,1000.0,0.00014976863962994037,0.0
892,1675742640000.0,0.0,0.0,0.0,1.8770158927726668,0.0,0.0,2.0301,0.9997924876363571,1.0,1253.2861550590019,1000.0,1253.2861550590019,1000.0,0.0,0.0
893,1675746240000.0,0.0,0.0,0.0,1.8770158927726668,0.0,0.0,1.9803,0.9997924876363571,1.0,1253.2861550590019,1000.0,1253.2861550590019,1000.0,0.0,0.0
894,1675749840000.0,0.0,0.0,0.0,1.8770158927726668,0.0,0.0,2.14,0.9997924876363571,1.0,1253.2861550590019,1000.0,1253.2861550590019,1000.0,0.0,0.0
895,1675753440000.0,0.0,0.0,0.0,1.8770158927726668,0.0,0.0,2.0702,0.9997924876363571,1.0,1253.2861550590019,1000.0,1253.2861550590019,1000.0,0.0,0.0
896,1675757040000.0,0.0,0.0,0.0,1.8770158927726668,0.0,0.0,2.0473,0.9997924876363571,1.0,1253.2861550590019,1000.0,1253.2861550590019,1000.0,0.0,0.0
897,1675760640000.0,0.0,0.0,0.0,1.8770158927726668,0.0,0.0,2.04465,0.9997924876363571,1.0,1253.2861550590019,1000.0,1253.2861550590019,1000.0,0.0,0.0
898,1675764240000.0,0.0,0.0,0.0,1.8770158927726668,0.0,0.0,2.05425,0.9997924876363571,1.0,1253.2861550590019,1000.0,1253.2861550590019,1000.0,0.0,0.0
899,1675767840000.0,0.0,0.0,0.0,1.8770158927726668,0.0,0.0,2.05875,0.9997924876363571,1.0,1253.2861550590019,1000.0,1253.2861550590019,1000.0,0.0,0.0
900,1675771440000.0,0.0,0.0,31.0,2.0219,0.0,0.0,2.0348,0.9997924876363571,1.0,1253.2736192790019,1000.0,1253.673519279002,1000.0,0.050012143426475905,0.0
901,1675775040000.0,0.0,0.0,0.6,2.0219,0.0,0.0,2.0926,0.9997924876363571,1.0,1254.1442795010018,1000.0,1254.1866995010018,1000.0,0.0009673049742591683,0.0
902,1675778640000.0,0.0,0.0,0.0,2.0219,0.0,0.0,2.05925,0.9997924876363571,1.0,1254.1739408910016,1000.0,1254.1739408910016,1000.0,0.0,0.0
903,1675782240000.0,0.0,0.0,30.7,2.0424,0.0,0.0,2.0409,0.9997924876363571,1.0,1254.1614005550016,1000.0,1254.1153505550017,1000.0,0.04999490493986879,0.0
904,1675785840000.0,0.0,0.0,30.7,2.0424,0.0,0.0,1.99505,0.9997924876363571,1.0,1254.1614005550016,1000.0,1252.7077555550015,1000.0,0.04999490493986879,0.0
905,1675789440000.0,0.0,0.0,30.7,2.0424,0.0,0.0,2.0137,0.9997924876363571,1.0,1254.1614005550016,1000.0,1253.2803105550015,1000.0,0.04999490493986879,0.0
906,1675793040000.0,0.0,0.0,13.3,2.0424,0.0,0.0,2.06945,0.9997924876363571,1.0,1254.697944251002,1000.0,1255.0577092510018,1000.0,0.021649768475723166,0.0
907,1675796640000.0,0.0,0.0,30.8,2.038690909090909,0.0,0.0,2.04585,0.9997924876363571,1.0,1254.787245505002,1000.0,1255.0077455050018,1000.0,0.05004169449836004,0.0
908,1675800240000.0,0.0,0.0,9.8,2.038088429752066,0.0,0.0,2.0699,0.9997924876363571,1.0,1255.505193846572,1000.0,1255.8169472350016,1000.0,0.015908549569896138,0.0
909,1675803840000.0,0.0,0.0,0.8,2.038088429752066,0.0,0.0,2.12745,0.9997924876363571,1.0,1255.8085480028035,1000.0,1255.880037259002,1000.0,0.0012983434030567,0.0
910,1675807440000.0,0.0,0.0,0.0,2.038088429752066,0.0,0.0,2.0906,0.9997924876363571,1.0,1255.8802567550022,1000.0,1255.8802567550022,1000.0,0.0,0.0
911,1675811040000.0,0.0,0.0,0.0,2.038088429752066,0.0,0.0,2.1697,0.9997924876363571,1.0,1255.8802567550022,1000.0,1255.8802567550022,1000.0,0.0,0.0
912,1675814640000.0,0.0,0.0,0.0,2.038088429752066,0.0,0.0,2.15135,0.9997924876363571,1.0,1255.8802567550022,1000.0,1255.8802567550022,1000.0,0.0,0.0
913,1675818240000.0,0.0,0.0,29.9,2.0968,0.0,0.0,2.0951,0.9997924876363571,1.0,1255.8677178910023,1000.0,1255.8168878910024,1000.0,0.049921117572226094,0.0
914,1675821840000.0,0.0,0.0,16.3,2.0968,0.0,0.0,2.1229,0.9997924876363571,1.0,1256.147557475002,1000.0,1256.572987475002,1000.0,0.027208459544913105,0.0
915,1675825440000.0,0.0,0.0,29.9,2.1006183946488295,0.0,0.0,2.10155,0.9997924876363571,1.0,1256.3373550210022,1000.0,1256.3652100210022,1000.0,0.0499933316071383,0.0
916,1675829040000.0,0.0,0.0,29.9,2.1012657699578305,0.0,0.0,2.0997,0.9997924876363571,1.0,1256.4952008547414,1000.0,1256.4483843330022,1000.0,0.05000245641925251,0.0
917,1675832640000.0,0.0,0.0,29.9,2.1012657699578305,0.0,0.0,2.069,0.9997924876363571,1.0,1256.4952008547414,1000.0,1255.5304543330021,1000.0,0.05000245641925251,0.0
918,1675836240000.0,0.0,0.0,75.7,2.057120033312274,0.0,0.0,2.0249,0.9997924876363571,1.0,1256.4766216267415,1000.0,1254.0375651050024,1000.0,0.12393703459450416,0.0
919,1675839840000.0,0.0,0.0,75.7,2.057120033312274,0.0,0.0,2.02715,0.9997924876363571,1.0,1256.4766216267415,1000.0,1254.2078901050022,1000.0,0.12393703459450416,0.0
920,1675843440000.0,0.0,0.0,75.7,2.057120033312274,0.0,0.0,2.01245,0.9997924876363571,1.0,1256.4766216267415,1000.0,1253.0951001050023,1000.0,0.12393703459450416,0.0
921,1675847040000.0,0.0,0.0,283.4,1.939486363880425,0.0,0.0,1.98015,0.9997924876363571,1.0,1265.5549774607148,1000.0,1277.0790519370023,1000.0,0.4343157312901285,0.0
922,1675850640000.0,0.0,0.0,59.2,1.939486363880425,0.0,0.0,1.9617,0.9997924876363571,1.0,1274.1926428347235,1000.0,1275.5076900930023,1000.0,0.09011007353353101,0.0
923,1675854240000.0,0.0,0.0,43.6,1.939486363880425,0.0,0.0,1.95735,0.9997924876363571,1.0,1274.4893837901889,1000.0,1275.2682383250024,1000.0,0.06634939964247467,0.0
924,1675857840000.0,0.0,0.0,32.6,1.943708031410002,0.0,0.0,1.9537,0.9997924876363571,1.0,1274.8644389159685,1000.0,1275.1901770920024,1000.0,0.04970323109635557,0.0
925,1675861440000.0,0.0,0.0,32.6,1.943708031410002,0.0,0.0,1.89835,0.9997924876363571,1.0,1274.8644389159685,1000.0,1273.3857670920024,1000.0,0.04970323109635557,0.0
926,1675865040000.0,0.0,0.0,32.6,1.943708031410002,0.0,0.0,1.9134,0.9997924876363571,1.0,1274.8644389159685,1000.0,1273.8763970920024,1000.0,0.04970323109635557,0.0
927,1675868640000.0,0.0,0.0,522.1,1.7940066166957025,0.0,0.0,1.7832,0.9997924876363571,1.0,1277.9455880248288,1000.0,1272.3034534480025,1000.0,0.7329348474253102,0.0
928,1675872240000.0,0.0,0.0,522.1,1.7940066166957025,0.0,0.0,1.76645,0.9997924876363571,1.0,1277.9455880248288,1000.0,1263.5582784480025,1000.0,0.7329348474253102,0.0
929,1675875840000.0,0.0001701314340676274,0.0,727.3,1.7571855555848017,0.0,0.0,1.76365,0.9997924876363571,1.0,1277.8773179848288,1000.0,1282.5789084080025,1000.0,1.000096829789727,0.0
930,1675879440000.0,0.0,0.0,118.0,1.7571855555848017,0.0,0.0,1.767,0.9997924876363571,1.0,1294.9333036210091,1000.0,1296.0914080620025,1000.0,0.16012245185076462,0.0
931,1675883040000.0,0.0,0.0,298.6,1.7137680360315022,0.0,0.0,1.7234,0.9997924876363571,1.0,1294.8724269730092,1000.0,1297.7485314140026,1000.0,0.39519810979006453,0.0
932,1675886640000.0,0.0,0.0,138.4,1.7137680360315022,0.0,0.0,1.69415,0.9997924876363571,1.0,1297.577526360763,1000.0,1294.862390174003,1000.0,0.18279100197733827,0.0
933,1675890240000.0,0.0,0.0,138.4,1.7137680360315022,0.0,0.0,1.72035,0.9997924876363571,1.0,1297.577526360763,1000.0,1298.488470174003,1000.0,0.18279100197733827,0.0
934,1675893840000.0,0.0,0.0,37.0,1.7479660618446493,0.0,0.0,1.7577,0.9997924876363571,1.0,1301.2585791342547,1000.0,1301.6187348460026,1000.0,0.049701685218691144,0.0
935,1675897440000.0,0.0,0.0,37.0,1.7479660618446493,0.0,0.0,1.7411,0.9997924876363571,1.0,1301.2585791342547,1000.0,1301.0045348460026,1000.0,0.049701685218691144,0.0
936,1675901040000.0,0.0,0.0,37.2,1.7486936421601862,0.0,0.0,1.7406,0.9997924876363571,1.0,1301.4217668783615,1000.0,1301.1206833900026,1000.0,0.04998487434584227,0.0
937,1675904640000.0,0.0,0.0,56.1,1.711933193287555,0.0,0.0,1.7446,0.9997924876363571,1.0,1302.4524939074342,1000.0,1304.2851017640023,1000.0,0.07373739356535594,0.0
938,1675908240000.0,0.0,0.0,37.4,1.743265138409263,0.0,0.0,1.75155,0.9997924876363571,1.0,1305.1770961325087,1000.0,1305.4869499560023,1000.0,0.04995346330371642,0.0
939,1675911840000.0,0.00015066044383922524,0.0,811.1,1.6089894293878766,0.0,0.0,1.58565,0.9997924876363571,1.0,1304.9291254905088,1000.0,1285.998514314002,1000.0,1.0000936454582943,0.0
940,1675915440000.0,0.0,0.0,438.0,1.6089894293878766,0.0,0.0,1.5806,0.9997924876363571,1.0,1310.818714423892,1000.0,1298.384144352002,1000.0,0.5376314530126491,0.0
941,1675919040000.0,0.0,0.0,34.2,1.6455566505011605,0.0,0.0,1.68215,0.9997924876363571,1.0,1324.846900167142,1000.0,1326.0983927200023,1000.0,0.042478898837322025,0.0
942,1675922640000.0,0.0,0.0,39.4,1.6726744400056812,0.0,0.0,1.67215,0.9997924876363571,1.0,1326.0348989432262,1000.0,1326.0142360070024,1000.0,0.04969957652603642,0.0
943,1675926240000.0,0.0,0.0,17.9,1.6726744400056812,0.0,0.0,1.6896,0.9997924876363571,1.0,1326.4544606151042,1000.0,1326.7574281390025,1000.0,0.022572107347143676,0.0
944,1675929840000.0,0.0,0.0,39.4,1.6796570714737253,0.0,0.0,1.66075,0.9997924876363571,1.0,1326.5515585350672,1000.0,1325.8066199190025,1000.0,0.049887611371205794,0.0
945,1675933440000.0,0.0,0.0,39.5,1.6801534450555886,0.0,0.0,1.67255,0.9997924876363571,1.0,1326.785952628698,1000.0,1326.485616549002,1000.0,0.0500201716397493,0.0
946,1675937040000.0,0.0,0.0,39.5,1.6801534450555886,0.0,0.0,1.6696,0.9997924876363571,1.0,1326.785952628698,1000.0,1326.3690915490022,1000.0,0.0500201716397493,0.0
947,1675940640000.0,0.0,0.0,99.9,1.6448726834804377,0.0,0.0,1.62845,0.9997924876363571,1.0,1326.766361284698,1000.0,1325.1257352050022,1000.0,0.12385208569848215,0.0
948,1675944240000.0,0.0,0.0,99.9,1.6448726834804377,0.0,0.0,1.60425,0.9997924876363571,1.0,1326.766361284698,1000.0,1322.7081552050022,1000.0,0.12385208569848215,0.0
949,1675947840000.0,0.0,0.0,252.8,1.6062408270557582,0.0,0.0,1.57965,0.9997924876363571,1.0,1326.718014304698,1000.0,1319.9958532250023,1000.0,0.30606178306284704,0.0
950,1675951440000.0,0.0,0.0,69.8,1.6062408270557582,0.0,0.0,1.6433,0.9997924876363571,1.0,1330.0930276414942,1000.0,1332.6797579130023,1000.0,0.084291555100694,0.0
951,1675955040000.0,0.0,0.0,40.7,1.6226308622542676,0.0,0.0,1.5927,0.9997924876363571,1.0,1331.849836753751,1000.0,1330.6316506600024,1000.0,0.049585977541369924,0.0
952,1675958640000.0,0.0,0.0,103.0,1.588558894114065,0.0,0.0,1.56555,0.9997924876363571,1.0,1331.8303206557512,1000.0,1329.4604045620024,1000.0,0.12285466365804512,0.0
953,1675962240000.0,0.0,0.0,260.6,1.5512701692008772,0.0,0.0,1.5443,0.9997924876363571,1.0,1331.7821927677512,1000.0,1329.9657666740027,1000.0,0.3035488898177868,0.0
954,1675965840000.0,0.0,0.0,260.6,1.5512701692008772,0.0,0.0,1.51375,0.9997924876363571,1.0,1331.7821927677512,1000.0,1322.0044366740026,1000.0,0.3035488898177868,0.0
955,1675969440000.0,0.00018400043409502027,0.0,889.2,1.4977061472039457,0.0,0.0,1.475,0.9997924876363571,1.0,1331.5966929077513,1000.0,1311.4063868140029,1000.0,1.0001228699251572,0.0
956,1675973040000.0,0.00018400043409502027,0.0,889.2,1.4977061472039457,0.0,0.0,1.41535,0.9997924876363571,1.0,1331.5966929077513,1000.0,1258.3656068140028,1000.0,1.0001228699251572,0.0
957,1675976640000.0,0.00018400043409502027,0.0,889.2,1.4977061472039457,0.0,0.0,1.4188,0.9997924876363571,1.0,1331.5966929077513,1000.0,1261.4333468140028,1000.0,1.0001228699251572,0.0
958,1675980240000.0,0.00018400043409502027,0.0,889.2,1.4977061472039457,0.0,0.0,1.38,0.9997924876363571,1.0,1331.5966929077513,1000.0,1226.9323868140027,1000.0,1.0001228699251572,0.0
959,1675983840000.0,0.00018400043409502027,0.0,889.2,1.4977061472039457,0.0,0.0,1.35145,0.9997924876363571,1.0,1331.5966929077513,1000.0,1201.5457268140028,1000.0,1.0001228699251572,0.0
960,1675987440000.0,0.00018400043409502027,0.0,889.2,1.4977061472039457,0.0,0.0,1.36205,0.9997924876363571,1.0,1331.5966929077513,1000.0,1210.9712468140028,1000.0,1.0001228699251572,0.0
961,1675991040000.0,0.00018400043409502027,0.0,889.2,1.4977061472039457,0.0,0.0,1.36305,0.9997924876363571,1.0,1331.5966929077513,1000.0,1211.860446814003,1000.0,1.0001228699251572,0.0
962,1675994640000.0,0.0,0.0,879.9,1.4977061472039457,0.0,0.0,1.4834,0.9997924876363571,1.0,1330.9597168687546,1000.0,1318.371737944003,1000.0,0.990136382207804,0.0
963,1675998240000.0,0.0,0.0,754.2,1.4977061472039457,0.0,0.0,1.4563,0.9997924876363571,1.0,1332.8064148872186,1000.0,1301.5778986660027,1000.0,0.847512409607362,0.0
964,1676001840000.0,0.0,0.0,754.2,1.4977061472039457,0.0,0.0,1.41915,0.9997924876363571,1.0,1332.8064148872186,1000.0,1273.5593686660027,1000.0,0.847512409607362,0.0
965,1676005440000.0,0.00010902856033402602,0.0,901.6,1.4783319168380833,0.0,0.0,1.39155,0.9997924876363571,1.0,1332.7657560712187,1000.0,1254.5231798500029,1000.0,1.000073756509386,0.0
966,1676009040000.0,0.00010902856033402602,0.0,901.6,1.4783319168380833,0.0,0.0,1.4381,0.9997924876363571,1.0,1332.7657560712187,1000.0,1296.4926598500026,1000.0,1.000073756509386,0.0
967,1676012640000.0,0.00010902856033402602,0.0,901.6,1.4783319168380833,0.0,0.0,1.4615,0.9997924876363571,1.0,1332.7657560712187,1000.0,1317.5900998500028,1000.0,1.000073756509386,0.0
968,1676016240000.0,0.00010902856033402602,0.0,901.6,1.4783319168380833,0.0,0.0,1.4838,0.9997924876363571,1.0,1332.7657560712187,1000.0,1337.6957798500027,1000.0,1.000073756509386,0.0
969,1676019840000.0,0.0,0.0,417.2,1.4783319168380833,0.0,0.0,1.4619,0.9997924876363571,1.0,1339.8231943388516,1000.0,1332.9677986340032,1000.0,0.46032945116254265,0.0
970,1676023440000.0,0.0,0.0,417.2,1.4783319168380833,0.0,0.0,1.4317,0.9997924876363571,1.0,1339.8231943388516,1000.0,1320.3683586340032,1000.0,0.46032945116254265,0.0
971,1676027040000.0,0.0,0.0,417.2,1.4783319168380833,0.0,0.0,1.44175,0.9997924876363571,1.0,1339.8231943388516,1000.0,1324.5612186340034,1000.0,0.46032945116254265,0.0
972,1676030640000.0,0.00016267413586499224,0.0,936.2,1.431137444675121,0.0,0.0,1.39975,0.9997924876363571,1.0,1339.6785801788517,1000.0,1310.2936544740035,1000.0,1.0001136806456787,0.0
973,1676034240000.0,0.00016267413586499224,0.0,936.2,1.431137444675121,0.0,0.0,1.39085,0.9997924876363571,1.0,1339.6785801788517,1000.0,1301.9614744740034,1000.0,1.0001136806456787,0.0
974,1676037840000.0,0.00016267413586499224,0.0,936.2,1.431137444675121,0.0,0.0,1.38175,0.9997924876363571,1.0,1339.6785801788517,1000.0,1293.4420544740035,1000.0,1.0001136806456787,0.0
975,1676041440000.0,0.0,0.0,926.7,1.431137444675121,0.0,0.0,1.42155,0.9997924876363571,1.0,1339.4969410844378,1000.0,1330.6122561040033,1000.0,0.9900993643977518,0.0
976,1676045040000.0,0.0,0.0,583.8,1.431137444675121,0.0,0.0,1.4035,0.9997924876363571,1.0,1344.322728915339,1000.0,1328.1879887140033,1000.0,0.6215010891584446,0.0
977,1676048640000.0,0.0,0.0,583.8,1.431137444675121,0.0,0.0,1.3464,0.9997924876363571,1.0,1344.322728915339,1000.0,1294.8530087140034,1000.0,0.6215010891584446,0.0
978,1676052240000.0,0.0,0.0,607.6,1.3935341040751896,0.0,0.0,1.3837,0.9997924876363571,1.0,1349.1076578380887,1000.0,1343.1324562020034,1000.0,0.6276084171021007,0.0
979,1676055840000.0,0.0,0.0,82.2,1.3935341040751896,0.0,0.0,1.4083,0.9997924876363571,1.0,1356.297439456984,1000.0,1357.5111961020034,1000.0,0.08445677181315182,0.0
980,1676059440000.0,0.0,0.0,21.9,1.3935341040751896,0.0,0.0,1.4366,0.9997924876363571,1.0,1357.9493231552497,1000.0,1358.892466276003,1000.0,0.022473884966734938,0.0
981,1676063040000.0,0.0,0.0,4.9,1.3935341040751896,0.0,0.0,1.439,0.9997924876363571,1.0,1358.5953151979713,1000.0,1358.818098088003,1000.0,0.005026012553983689,0.0
982,1676066640000.0,0.0,0.0,41.4,1.4096532019771313,0.0,0.0,1.4214,0.9997924876363571,1.0,1358.786801903856,1000.0,1359.2731193420027,1000.0,0.04294981558555247,0.0
983,1676070240000.0,0.0,0.0,0.6,1.4096532019771313,0.0,0.0,1.47395,0.9997924876363571,1.0,1360.2082318491885,1000.0,1360.2468099280022,1000.0,0.0006218106179496015,0.0
984,1676073840000.0,0.0,0.0,0.0,1.4096532019771313,0.0,0.0,1.46675,0.9997924876363571,1.0,1360.2413141180023,1000.0,1360.2413141180023,1000.0,0.0,0.0
985,1676077440000.0,0.0,0.0,0.0,1.4096532019771313,0.0,0.0,1.44565,0.9997924876363571,1.0,1360.2413141180023,1000.0,1360.2413141180023,1000.0,0.0,0.0
986,1676081040000.0,0.0,0.0,47.4,1.4356,0.0,0.0,1.42105,0.9997924876363571,1.0,1360.2277046300023,1000.0,1359.5380346300024,1000.0,0.0500265064212243,0.0
987,1676084640000.0,0.0,0.0,47.4,1.4356,0.0,0.0,1.43295,0.9997924876363571,1.0,1360.2277046300023,1000.0,1360.1020946300023,1000.0,0.0500265064212243,0.0
988,1676088240000.0,0.0,0.0,47.4,1.4362227848101266,0.0,0.0,1.4364,0.9997924876363571,1.0,1360.9736306700022,1000.0,1360.9820306700021,1000.0,0.050020778114919076,0.0
989,1676091840000.0,0.0,0.0,47.4,1.4362227848101266,0.0,0.0,1.4192,0.9997924876363571,1.0,1360.9736306700022,1000.0,1360.166750670002,1000.0,0.050020778114919076,0.0
990,1676095440000.0,0.0,0.0,47.4,1.4362227848101266,0.0,0.0,1.4167,0.9997924876363571,1.0,1360.9736306700022,1000.0,1360.0482506700023,1000.0,0.050020778114919076,0.0
991,1676099040000.0,0.0,0.0,47.4,1.4362227848101266,0.0,0.0,1.40155,0.9997924876363571,1.0,1360.9736306700022,1000.0,1359.3301406700023,1000.0,0.050020778114919076,0.0
992,1676102640000.0,0.0,0.0,119.9,1.4060359466221852,0.0,0.0,1.40175,0.9997924876363571,1.0,1360.9535293200022,1000.0,1360.4396443200021,1000.0,0.12387176076778503,0.0
993,1676106240000.0,0.0,0.0,119.9,1.4060359466221852,0.0,0.0,1.381,0.9997924876363571,1.0,1360.9535293200022,1000.0,1357.9517193200022,1000.0,0.12387176076778503,0.0
994,1676109840000.0,0.0,0.0,119.9,1.4060359466221852,0.0,0.0,1.3859,0.9997924876363571,1.0,1360.9535293200022,1000.0,1358.5392293200023,1000.0,0.12387176076778503,0.0
995,1676113440000.0,0.0,0.0,119.9,1.4060359466221852,0.0,0.0,1.377,0.9997924876363571,1.0,1360.9535293200022,1000.0,1357.472119320002,1000.0,0.12387176076778503,0.0
996,1676117040000.0,0.0,0.0,102.8,1.4060359466221852,0.0,0.0,1.40775,0.9997924876363571,1.0,1361.189167890763,1000.0,1361.3653725780023,1000.0,0.10618692737375661,0.0
997,1676120640000.0,0.0,0.0,44.3,1.4039272838590677,0.0,0.0,1.41365,0.9997924876363571,1.0,1362.8672823349593,1000.0,1363.2979986600026,1000.0,0.045634655319042976,0.0
998,1676124240000.0,0.0,0.0,7.7,1.4039272838590677,0.0,0.0,1.42815,0.9997924876363571,1.0,1363.7130257597175,1000.0,1363.8995406740028,1000.0,0.007927063745462497,0.0
999,1676127840000.0,0.0,0.0,48.4,1.4092175818703208,0.0,0.0,1.3871,0.9997924876363571,1.0,1363.7708547125264,1000.0,1362.700363750003,1000.0,0.05001289676109181,0.0
1000,1676131440000.0,0.0,0.0,48.4,1.4092175818703208,0.0,0.0,1.40415,0.9997924876363571,1.0,1363.7708547125264,1000.0,1363.5255837500029,1000.0,0.05001289676109181,0.0
1001,1676135040000.0,0.0,0.0,48.4,1.4092175818703208,0.0,0.0,1.3887,0.9997924876363571,1.0,1363.7708547125264,1000.0,1362.777803750003,1000.0,0.05001289676109181,0.0
1002,1676138640000.0,0.0,0.0,48.4,1.4092175818703208,0.0,0.0,1.3916,0.9997924876363571,1.0,1363.7708547125264,1000.0,1362.9181637500028,1000.0,0.05001289676109181,0.0
1003,1676142240000.0,0.0,0.0,48.4,1.4092175818703208,0.0,0.0,1.3793,0.9997924876363571,1.0,1363.7708547125264,1000.0,1362.322843750003,1000.0,0.05001289676109181,0.0
1004,1676145840000.0,0.0,0.0,122.5,1.379566946632845,0.0,0.0,1.35915,0.9997924876363571,1.0,1363.7506965485265,1000.0,1361.249620586003,1000.0,0.12392070734792844,0.0
1005,1676149440000.0,0.0,0.0,122.5,1.379566946632845,0.0,0.0,1.3514,0.9997924876363571,1.0,1363.7506965485265,1000.0,1360.300245586003,1000.0,0.12392070734792844,0.0
1006,1676153040000.0,0.0,0.0,122.5,1.379566946632845,0.0,0.0,1.38325,0.9997924876363571,1.0,1363.7506965485265,1000.0,1364.201870586003,1000.0,0.12392070734792844,0.0
1007,1676156640000.0,0.0,0.0,14.8,1.379566946632845,0.0,0.0,1.4267,0.9997924876363571,1.0,1366.525659476169,1000.0,1367.223228666003,1000.0,0.014941242170302746,0.0
1008,1676160240000.0,0.0,0.0,1.5,1.379566946632845,0.0,0.0,1.44735,0.9997924876363571,1.0,1367.2876862679523,1000.0,1367.389360848003,1000.0,0.0015134711156491241,0.0
1009,1676163840000.0,0.0,0.0,0.2,1.379566946632845,0.0,0.0,1.43055,0.9997924876363571,1.0,1367.3605159093297,1000.0,1367.370712520003,1000.0,0.0002017854004970149,0.0
1010,1676167440000.0,0.0,0.0,0.0,1.379566946632845,0.0,0.0,1.43695,0.9997924876363571,1.0,1367.3713051680031,1000.0,1367.3713051680031,1000.0,0.0,0.0
1011,1676171040000.0,0.0,0.0,0.0,1.379566946632845,0.0,0.0,1.42865,0.9997924876363571,1.0,1367.3713051680031,1000.0,1367.3713051680031,1000.0,0.0,0.0
1012,1676174640000.0,0.0,0.0,0.0,1.379566946632845,0.0,0.0,1.42585,0.9997924876363571,1.0,1367.3713051680031,1000.0,1367.3713051680031,1000.0,0.0,0.0
1013,1676178240000.0,0.0,0.0,48.2,1.4171,0.0,0.0,1.4102,0.9997924876363571,1.0,1367.357644324003,1000.0,1367.025064324003,1000.0,0.04995344143029117,0.0
1014,1676181840000.0,0.0,0.0,48.2,1.4171,0.0,0.0,1.42815,0.9997924876363571,1.0,1367.357644324003,1000.0,1367.890254324003,1000.0,0.04995344143029117,0.0
1015,1676185440000.0,0.0,0.0,11.4,1.4171,0.0,0.0,1.4531,0.9997924876363571,1.0,1368.6053028000028,1000.0,1369.0157028000028,1000.0,0.011803943742545,0.0
1016,1676189040000.0,0.0,0.0,8.2,1.4171,0.0,0.0,1.44215,0.9997924876363571,1.0,1368.6762314860027,1000.0,1368.8816414860028,1000.0,0.008490116020633794,0.0
1017,1676192640000.0,0.0,0.0,2.9,1.4171,0.0,0.0,1.44165,0.9997924876363571,1.0,1368.805403220003,1000.0,1368.876598220003,1000.0,0.0030023186570804915,0.0
1018,1676196240000.0,0.0,0.0,0.4,1.4171,0.0,0.0,1.4641,0.9997924876363571,1.0,1368.9204615120034,1000.0,1368.9392615120034,1000.0,0.0004140781118677359,0.0
1019,1676199840000.0,0.0,0.0,0.2,1.4171,0.0,0.0,1.46065,0.9997924876363571,1.0,1368.9287831520037,1000.0,1368.9374931520038,1000.0,0.00020703779735525474,0.0
1020,1676203440000.0,0.0,0.0,0.0,1.4171,0.0,0.0,1.46445,0.9997924876363571,1.0,1368.937104792004,1000.0,1368.937104792004,1000.0,0.0,0.0
1021,1676207040000.0,0.0,0.0,47.4,1.4431,0.0,0.0,1.4191,0.9997924876363571,1.0,1368.923424204004,1000.0,1367.785824204004,1000.0,0.04996841955551653,0.0
1022,1676210640000.0,0.0,0.0,47.4,1.4431,0.0,0.0,1.4331,0.9997924876363571,1.0,1368.923424204004,1000.0,1368.4494242040041,1000.0,0.04996841955551653,0.0
1023,1676214240000.0,0.0,0.0,8.9,1.4431,0.0,0.0,1.4833,0.9997924876363571,1.0,1370.0286990120042,1000.0,1370.3864790120042,1000.0,0.009374686829014715,0.0
1024,1676217840000.0,0.0,0.0,0.0,1.4431,0.0,0.0,1.54635,0.9997924876363571,1.0,1370.4536847660047,1000.0,1370.4536847660047,1000.0,0.0,0.0
1025,1676221440000.0,0.0,0.0,0.0,1.4431,0.0,0.0,1.62245,0.9997924876363571,1.0,1370.4536847660047,1000.0,1370.4536847660047,1000.0,0.0,0.0
1026,1676225040000.0,0.0,0.0,0.0,1.4431,0.0,0.0,1.60675,0.9997924876363571,1.0,1370.4536847660047,1000.0,1370.4536847660047,1000.0,0.0,0.0
1027,1676228640000.0,0.0,0.0,0.0,1.4431,0.0,0.0,1.63665,0.9997924876363571,1.0,1370.4536847660047,1000.0,1370.4536847660047,1000.0,0.0,0.0
1028,1676232240000.0,0.0,0.0,0.0,1.4431,0.0,0.0,1.6282,0.9997924876363571,1.0,1370.4536847660047,1000.0,1370.4536847660047,1000.0,0.0,0.0
1029,1676235840000.0,0.0,0.0,0.0,1.4431,0.0,0.0,1.62595,0.9997924876363571,1.0,1370.4536847660047,1000.0,1370.4536847660047,1000.0,0.0,0.0
1030,1676239440000.0,0.0,0.0,37.4,1.5701201834862384,0.0,0.0,1.55365,0.9997924876363571,1.0,1370.7769640643899,1000.0,1370.1609792020045,1000.0,0.04283883987098205,0.0
1031,1676243040000.0,0.0,0.0,13.1,1.5575467816545419,0.0,0.0,1.59895,0.9997924876363571,1.0,1373.5287033876784,1000.0,1374.071085548004,1000.0,0.014855068401082775,0.0
1032,1676246640000.0,0.0,0.0,43.7,1.5689590439070928,0.0,0.0,1.53085,0.9997924876363571,1.0,1373.682281214744,1000.0,1372.0169159960042,1000.0,0.049912203976387765,0.0
1033,1676250240000.0,0.0,0.0,42.3,1.5359572352508135,0.0,0.0,1.57875,0.9997924876363571,1.0,1375.8344794231134,1000.0,1377.644613372004,1000.0,0.04722297051194102,0.0
1034,1676253840000.0,0.0,0.0,4.2,1.553235504971502,0.0,0.0,1.5857,0.9997924876363571,1.0,1378.3992638628847,1000.0,1378.5356147420043,1000.0,0.004732728239130312,0.0
1035,1676257440000.0,0.0,0.0,6.4,1.5674764285178044,0.0,0.0,1.61585,0.9997924876363571,1.0,1379.7879688925184,1000.0,1380.0975597500044,1000.0,0.007270572992867864,0.0
1036,1676261040000.0,0.0,0.0,1.1,1.5674764285178044,0.0,0.0,1.6,0.9997924876363571,1.0,1379.9721151273736,1000.0,1380.0078910560042,1000.0,0.0012494629800620547,0.0
1037,1676264640000.0,0.0,0.0,32.1,1.5807083240494342,0.0,0.0,1.59775,0.9997924876363571,1.0,1380.1651299779912,1000.0,1380.7121677760044,1000.0,0.03676425095799658,0.0
1038,1676268240000.0,0.0,0.0,1.7,1.5807083240494342,0.0,0.0,1.6163,0.9997924876363571,1.0,1381.3211130548884,1000.0,1381.3816189040044,1000.0,0.001945387010657571,0.0
1039,1676271840000.0,0.0,0.0,43.4,1.5916,0.0,0.0,1.5836,0.9997924876363571,1.0,1381.3584060440037,1000.0,1381.0112060440038,1000.0,0.05000544369786068,0.0
1040,1676275440000.0,0.0,0.0,3.0,1.5916,0.0,0.0,1.6083,0.9997924876363571,1.0,1382.6364876760042,1000.0,1382.6865876760041,1000.0,0.00345340228075833,0.0
1041,1676279040000.0,0.0,0.0,277.3,1.5271087991345111,0.0,0.0,1.51385,0.9997924876363571,1.0,1382.571181374004,1000.0,1378.894516374004,1000.0,0.3062896693529781,0.0
1042,1676282640000.0,0.0,0.0,229.8,1.4744227258184917,0.0,0.0,1.5238,0.9997924876363571,1.0,1403.922453975094,1000.0,1415.2693515820047,1000.0,0.24133978442594253,0.0
1043,1676286240000.0,0.0,0.0,46.9,1.4944759416862838,0.0,0.0,1.4975,0.9997924876363571,1.0,1411.8333600110918,1000.0,1411.975188346005,1000.0,0.04964532192704106,0.0
1044,1676289840000.0,0.0,0.0,40.2,1.4944759416862838,0.0,0.0,1.47565,0.9997924876363571,1.0,1411.9319984717938,1000.0,1411.175195616005,1000.0,0.042550160291582054,0.0
1045,1676293440000.0,0.0,0.0,40.2,1.4944759416862838,0.0,0.0,1.48365,0.9997924876363571,1.0,1411.9319984717938,1000.0,1411.496795616005,1000.0,0.042550160291582054,0.0
1046,1676297040000.0,0.0,0.0,101.7,1.4634683663302717,0.0,0.0,1.4453,0.9997924876363571,1.0,1411.9142471117939,1000.0,1410.0665242560053,1000.0,0.10541343651729868,0.0
1047,1676300640000.0,0.0,0.0,101.7,1.4634683663302717,0.0,0.0,1.45795,0.9997924876363571,1.0,1411.9142471117939,1000.0,1411.3530292560054,1000.0,0.10541343651729868,0.0
1048,1676304240000.0,0.0,0.0,87.2,1.4634683663302717,0.0,0.0,1.4673,0.9997924876363571,1.0,1412.1235690200049,1000.0,1412.4576874760053,1000.0,0.090370591033023,0.0
1049,1676307840000.0,0.0,0.0,64.2,1.4634683663302717,0.0,0.0,1.45525,0.9997924876363571,1.0,1412.4555968744087,1000.0,1411.9279777560052,1000.0,0.0665186709772071,0.0
1050,1676311440000.0,0.0,0.0,162.4,1.4319232088571638,0.0,0.0,1.4262,0.9997924876363571,1.0,1412.4278789424086,1000.0,1411.4984298240051,1000.0,0.16464155981721837,0.0
1051,1676315040000.0,0.0,0.0,102.4,1.4319232088571638,0.0,0.0,1.4489,0.9997924876363571,1.0,1413.273130810979,1000.0,1415.0115542240053,1000.0,0.10375130849819063,0.0
1052,1676318640000.0,0.0,0.0,75.3,1.4319232088571638,0.0,0.0,1.43075,0.9997924876363571,1.0,1413.6549029049497,1000.0,1413.5665602780052,1000.0,0.07627308291816833,0.0
1053,1676322240000.0,0.0,0.0,48.8,1.4394410153043888,0.0,0.0,1.4425,0.9997924876363571,1.0,1414.5397488358597,1000.0,1414.6890272890055,1000.0,0.049659065151519625,0.0
1054,1676325840000.0,0.0,0.0,48.8,1.4394410153043888,0.0,0.0,1.4411,0.9997924876363571,1.0,1414.5397488358597,1000.0,1414.6207072890054,1000.0,0.049659065151519625,0.0
1055,1676329440000.0,0.0,0.0,30.9,1.4394410153043888,0.0,0.0,1.454,0.9997924876363571,1.0,1414.793359699911,1000.0,1415.2432323270054,1000.0,0.03143832070454437,0.0
1056,1676333040000.0,0.0,0.0,4.1,1.4424455399911311,0.0,0.0,1.52025,0.9997924876363571,1.0,1416.2927058769687,1000.0,1416.611704163005,1000.0,0.004175709363906997,0.0
1057,1676336640000.0,0.0,0.0,0.3,1.4424455399911311,0.0,0.0,1.4866,0.9997924876363571,1.0,1416.5169714850038,1000.0,1416.5302178230065,1000.0,0.0003054913359376722,0.0
1058,1676340240000.0,0.0,0.0,48.3,1.465404536397479,0.0,0.0,1.4564,0.9997924876363571,1.0,1416.5056994010047,1000.0,1416.0707802930065,1000.0,0.049967352152503475,0.0
1059,1676343840000.0,0.0,0.0,48.3,1.465404536397479,0.0,0.0,1.4746,0.9997924876363571,1.0,1416.5056994010047,1000.0,1416.9498402930064,1000.0,0.049967352152503475,0.0
1060,1676347440000.0,0.0,0.0,41.4,1.465404536397479,0.0,0.0,1.46455,0.9997924876363571,1.0,1416.605055561862,1000.0,1416.5696777550063,1000.0,0.042826155087236535,0.0
1061,1676351040000.0,0.0,0.0,41.4,1.465404536397479,0.0,0.0,1.45515,0.9997924876363571,1.0,1416.605055561862,1000.0,1416.1805177550063,1000.0,0.042826155087236535,0.0
1062,1676354640000.0,0.0,0.0,41.4,1.465404536397479,0.0,0.0,1.4597,0.9997924876363571,1.0,1416.605055561862,1000.0,1416.3688877550064,1000.0,0.042826155087236535,0.0
1063,1676358240000.0,0.0,0.0,48.4,1.4642193876058494,0.0,0.0,1.46365,0.9997924876363571,1.0,1416.7567748211295,1000.0,1416.7292164610064,1000.0,0.050021443073085335,0.0
1064,1676361840000.0,0.0,0.0,29.7,1.4642193876058494,0.0,0.0,1.4934,0.9997924876363571,1.0,1417.1101243129003,1000.0,1417.9767885010067,1000.0,0.0306873227886781,0.0
1065,1676365440000.0,0.0,0.0,48.4,1.4650779915947738,0.0,0.0,1.47295,0.9997924876363571,1.0,1417.3167581941937,1000.0,1417.6977634010066,1000.0,0.05003100004513695,0.0
1066,1676369040000.0,0.0,0.0,0.1,1.4650779915947738,0.0,0.0,1.54365,0.9997924876363571,1.0,1419.2402309441663,1000.0,1419.248088145007,1000.0,0.00010322973938105697,0.0
1067,1676372640000.0,0.0,0.0,0.0,1.4650779915947738,0.0,0.0,1.53485,0.9997924876363571,1.0,1419.2473924050068,1000.0,1419.2473924050068,1000.0,0.0,0.0
1068,1676376240000.0,0.0,0.0,0.0,1.4650779915947738,0.0,0.0,1.5436,0.9997924876363571,1.0,1419.2473924050068,1000.0,1419.2473924050068,1000.0,0.0,0.0
1069,1676379840000.0,0.0,0.0,0.0,1.4650779915947738,0.0,0.0,1.5703,0.9997924876363571,1.0,1419.2473924050068,1000.0,1419.2473924050068,1000.0,0.0,0.0
1070,1676383440000.0,0.0,0.0,0.0,1.4650779915947738,0.0,0.0,1.6336,0.9997924876363571,1.0,1419.2473924050068,1000.0,1419.2473924050068,1000.0,0.0,0.0
1071,1676387040000.0,0.0,0.0,0.0,1.4650779915947738,0.0,0.0,1.67915,0.9997924876363571,1.0,1419.2473924050068,1000.0,1419.2473924050068,1000.0,0.0,0.0
1072,1676390640000.0,0.0,0.0,0.0,1.4650779915947738,0.0,0.0,1.72835,0.9997924876363571,1.0,1419.2473924050068,1000.0,1419.2473924050068,1000.0,0.0,0.0
1073,1676394240000.0,0.0,0.0,0.0,1.4650779915947738,0.0,0.0,1.7139,0.9997924876363571,1.0,1419.2473924050068,1000.0,1419.2473924050068,1000.0,0.0,0.0
1074,1676397840000.0,0.0,0.0,0.0,1.4650779915947738,0.0,0.0,1.7605,0.9997924876363571,1.0,1419.2473924050068,1000.0,1419.2473924050068,1000.0,0.0,0.0
1075,1676401440000.0,0.0,0.0,0.0,1.4650779915947738,0.0,0.0,1.7295,0.9997924876363571,1.0,1419.2473924050068,1000.0,1419.2473924050068,1000.0,0.0,0.0
1076,1676405040000.0,0.0,0.0,0.0,1.4650779915947738,0.0,0.0,1.7375,0.9997924876363571,1.0,1419.2473924050068,1000.0,1419.2473924050068,1000.0,0.0,0.0
1077,1676408640000.0,0.0,0.0,0.0,1.4650779915947738,0.0,0.0,1.72335,0.9997924876363571,1.0,1419.2473924050068,1000.0,1419.2473924050068,1000.0,0.0,0.0
1078,1676412240000.0,0.0,0.0,0.0,1.4650779915947738,0.0,0.0,1.72215,0.9997924876363571,1.0,1419.2473924050068,1000.0,1419.2473924050068,1000.0,0.0,0.0
1079,1676415840000.0,0.0,0.0,0.0,1.4650779915947738,0.0,0.0,1.72075,0.9997924876363571,1.0,1419.2473924050068,1000.0,1419.2473924050068,1000.0,0.0,0.0
1080,1676419440000.0,0.0,0.0,0.0,1.4650779915947738,0.0,0.0,1.75145,0.9997924876363571,1.0,1419.2473924050068,1000.0,1419.2473924050068,1000.0,0.0,0.0
1081,1676423040000.0,0.0,0.0,0.0,1.4650779915947738,0.0,0.0,1.7287,0.9997924876363571,1.0,1419.2473924050068,1000.0,1419.2473924050068,1000.0,0.0,0.0
1082,1676426640000.0,0.0,0.0,0.0,1.4650779915947738,0.0,0.0,1.71485,0.9997924876363571,1.0,1419.2473924050068,1000.0,1419.2473924050068,1000.0,0.0,0.0
1083,1676430240000.0,0.0,0.0,41.5,1.709,0.0,0.0,1.70835,0.9997924876363571,1.0,1419.2332077050069,1000.0,1419.2062327050069,1000.0,0.04997311196986995,0.0
1084,1676433840000.0,0.0,0.0,41.5,1.709,0.0,0.0,1.713,0.9997924876363571,1.0,1419.2332077050069,1000.0,1419.3992077050068,1000.0,0.04997311196986995,0.0
1085,1676437440000.0,0.0,0.0,30.6,1.709,0.0,0.0,1.7197,0.9997924876363571,1.0,1419.4158348070066,1000.0,1419.7432548070067,1000.0,0.03684290305744718,0.0
1086,1676441040000.0,0.0,0.0,2.6,1.709,0.0,0.0,1.73265,0.9997924876363571,1.0,1419.961773283007,1000.0,1420.023263283007,1000.0,0.003129239169394459,0.0
1087,1676444640000.0,0.0,0.0,41.4,1.7144376811594204,0.0,0.0,1.71415,0.9997924876363571,1.0,1419.9781232550072,1000.0,1419.9662132550072,1000.0,0.04998507993721636,0.0
1088,1676448240000.0,0.0,0.0,35.5,1.7148277112651404,0.0,0.0,1.7307,0.9997924876363571,1.0,1420.3277840609194,1000.0,1420.8912503110068,1000.0,0.04286079905855129,0.0
1089,1676451840000.0,0.0,0.0,13.9,1.7148277112651404,0.0,0.0,1.7249,0.9997924876363571,1.0,1420.7533708255924,1000.0,1420.893375639007,1000.0,0.016777088603868253,0.0
1090,1676455440000.0,0.0,0.0,7.5,1.717662111055338,0.0,0.0,1.7521,0.9997924876363571,1.0,1422.1176322939216,1000.0,1422.3759164610065,1000.0,0.00905864996001435,0.0
1091,1676459040000.0,0.0,0.0,0.6,1.717662111055338,0.0,0.0,1.80315,0.9997924876363571,1.0,1422.4503863156394,1000.0,1422.5016790490063,1000.0,0.0007245224694989924,0.0
1092,1676462640000.0,0.0,0.0,0.0,1.717662111055338,0.0,0.0,1.82385,0.9997924876363571,1.0,1422.495723819006,1000.0,1422.495723819006,1000.0,0.0,0.0
1093,1676466240000.0,0.0,0.0,0.0,1.717662111055338,0.0,0.0,1.8106,0.9997924876363571,1.0,1422.495723819006,1000.0,1422.495723819006,1000.0,0.0,0.0
1094,1676469840000.0,0.0,0.0,0.0,1.717662111055338,0.0,0.0,1.831,0.9997924876363571,1.0,1422.495723819006,1000.0,1422.495723819006,1000.0,0.0,0.0
1095,1676473440000.0,0.0,0.0,0.0,1.717662111055338,0.0,0.0,1.825,0.9997924876363571,1.0,1422.495723819006,1000.0,1422.495723819006,1000.0,0.0,0.0
1096,1676477040000.0,0.0,0.0,0.0,1.717662111055338,0.0,0.0,1.861,0.9997924876363571,1.0,1422.495723819006,1000.0,1422.495723819006,1000.0,0.0,0.0
1097,1676480640000.0,0.0,0.0,0.0,1.717662111055338,0.0,0.0,1.87755,0.9997924876363571,1.0,1422.495723819006,1000.0,1422.495723819006,1000.0,0.0,0.0
1098,1676484240000.0,0.0,0.0,0.0,1.717662111055338,0.0,0.0,1.9906,0.9997924876363571,1.0,1422.495723819006,1000.0,1422.495723819006,1000.0,0.0,0.0
1099,1676487840000.0,0.0,0.0,0.0,1.717662111055338,0.0,0.0,1.96215,0.9997924876363571,1.0,1422.495723819006,1000.0,1422.495723819006,1000.0,0.0,0.0
1100,1676491440000.0,0.0,0.0,0.0,1.717662111055338,0.0,0.0,2.0691,0.9997924876363571,1.0,1422.495723819006,1000.0,1422.495723819006,1000.0,0.0,0.0
1101,1676495040000.0,0.0,0.0,0.0,1.717662111055338,0.0,0.0,2.02845,0.9997924876363571,1.0,1422.495723819006,1000.0,1422.495723819006,1000.0,0.0,0.0
1102,1676498640000.0,0.0,0.0,0.0,1.717662111055338,0.0,0.0,2.0076,0.9997924876363571,1.0,1422.495723819006,1000.0,1422.495723819006,1000.0,0.0,0.0
1103,1676502240000.0,0.0,0.0,0.0,1.717662111055338,0.0,0.0,2.0282,0.9997924876363571,1.0,1422.495723819006,1000.0,1422.495723819006,1000.0,0.0,0.0
1104,1676505840000.0,0.0,0.0,0.0,1.717662111055338,0.0,0.0,2.0928,0.9997924876363571,1.0,1422.495723819006,1000.0,1422.495723819006,1000.0,0.0,0.0
1105,1676509440000.0,0.0,0.0,0.0,1.717662111055338,0.0,0.0,2.04595,0.9997924876363571,1.0,1422.495723819006,1000.0,1422.495723819006,1000.0,0.0,0.0
1106,1676513040000.0,0.0,0.0,0.0,1.717662111055338,0.0,0.0,2.0959,0.9997924876363571,1.0,1422.495723819006,1000.0,1422.495723819006,1000.0,0.0,0.0
1107,1676516640000.0,0.0,0.0,0.0,1.717662111055338,0.0,0.0,2.0911,0.9997924876363571,1.0,1422.495723819006,1000.0,1422.495723819006,1000.0,0.0,0.0
1108,1676520240000.0,0.0,0.0,0.0,1.717662111055338,0.0,0.0,2.05415,0.9997924876363571,1.0,1422.495723819006,1000.0,1422.495723819006,1000.0,0.0,0.0
1109,1676523840000.0,0.0,0.0,13.7,2.0285,0.0,0.0,2.0629,0.9997924876363571,1.0,1422.9605841930058,1000.0,1423.4318641930058,1000.0,0.019530020935724382,0.0
1110,1676527440000.0,0.0,0.0,1.2,2.0285,0.0,0.0,2.094,0.9997924876363571,1.0,1423.5120916050064,1000.0,1423.5906916050064,1000.0,0.0017099960122259627,0.0
1111,1676531040000.0,0.0,0.0,0.5,2.0285,0.0,0.0,2.0673,0.9997924876363571,1.0,1423.5616476450066,1000.0,1423.5810476450065,1000.0,0.000712473535429864,0.0
1112,1676534640000.0,0.0,0.0,34.7,2.049455619596541,0.0,0.0,2.03755,0.9997924876363571,1.0,1423.5515553310067,1000.0,1423.1384303310067,1000.0,0.049956820835662635,0.0
1113,1676538240000.0,0.0,0.0,34.7,2.049455619596541,0.0,0.0,2.02105,0.9997924876363571,1.0,1423.5515553310067,1000.0,1422.5658803310068,1000.0,0.049956820835662635,0.0
1114,1676541840000.0,0.0,0.0,34.7,2.049455619596541,0.0,0.0,2.0126,0.9997924876363571,1.0,1423.5515553310067,1000.0,1422.2726653310067,1000.0,0.049956820835662635,0.0
1115,1676545440000.0,0.0,0.0,87.8,2.00636138952164,0.0,0.0,1.94585,0.9997924876363571,1.0,1423.5305468470067,1000.0,1418.2176468470068,1000.0,0.12374762901307276,0.0
1116,1676549040000.0,0.0,0.0,222.2,1.9592056255625563,0.0,0.0,1.92305,0.9997924876363571,1.0,1423.4787114550068,1000.0,1415.4449314550068,1000.0,0.3058250794316569,0.0
1117,1676552640000.0,0.0,0.0,222.2,1.9592056255625563,0.0,0.0,1.9467,0.9997924876363571,1.0,1423.4787114550068,1000.0,1420.6999614550068,1000.0,0.3058250794316569,0.0
1118,1676556240000.0,0.0,0.0,222.2,1.9592056255625563,0.0,0.0,1.88365,0.9997924876363571,1.0,1423.4787114550068,1000.0,1406.6902514550068,1000.0,0.3058250794316569,0.0
1119,1676559840000.0,0.0,0.0,222.2,1.9592056255625563,0.0,0.0,1.9397,0.9997924876363571,1.0,1423.4787114550068,1000.0,1419.1445614550069,1000.0,0.3058250794316569,0.0
1120,1676563440000.0,0.0,0.0,0.0,1.9592056255625563,0.0,0.0,2.09575,0.9997924876363571,1.0,1435.8970827690064,1000.0,1435.8970827690064,1000.0,0.0,0.0
1121,1676567040000.0,0.0,0.0,0.0,1.9592056255625563,0.0,0.0,1.9969,0.9997924876363571,1.0,1435.8970827690064,1000.0,1435.8970827690064,1000.0,0.0,0.0
1122,1676570640000.0,0.0,0.0,19.8,1.9798,0.0,0.0,1.9987,0.9997924876363571,1.0,1436.2028107410063,1000.0,1436.5770307410062,1000.0,0.02729422314650311,0.0
1123,1676574240000.0,0.0,0.0,6.0,1.9798,0.0,0.0,1.9961,0.9997924876363571,1.0,1436.4705318450067,1000.0,1436.5683318450067,1000.0,0.008269435214060978,0.0
1124,1676577840000.0,0.0,0.0,36.2,1.9842215469613258,0.0,0.0,1.9559,0.9997924876363571,1.0,1436.4585418410068,1000.0,1435.4333018410068,1000.0,0.05000410238637455,0.0
1125,1676581440000.0,0.0,0.0,91.6,1.9425375545851529,0.0,0.0,1.90195,0.9997924876363571,1.0,1436.4373203170067,1000.0,1432.7195003170066,1000.0,0.12387344542171273,0.0
1126,1676585040000.0,0.0,0.0,91.6,1.9425375545851529,0.0,0.0,1.919,0.9997924876363571,1.0,1436.4373203170067,1000.0,1434.2812803170066,1000.0,0.12387344542171273,0.0
1127,1676588640000.0,0.0002910049305024161,0.0,784.3,1.8314597220451359,0.0,0.0,1.79995,0.9997924876363571,1.0,1436.1856248330068,1000.0,1411.4725498330067,1000.0,1.000158917596059,0.0
1128,1676592240000.0,0.0002910049305024161,0.0,784.3,1.8314597220451359,0.0,0.0,1.79185,0.9997924876363571,1.0,1436.1856248330068,1000.0,1405.1197198330067,1000.0,1.000158917596059,0.0
1129,1676595840000.0,0.0,0.0,494.0,1.8314597220451359,0.0,0.0,1.82405,0.9997924876363571,1.0,1441.4024081353039,1000.0,1437.7420054450067,1000.0,0.6276811371924456,0.0
1130,1676599440000.0,0.0,0.0,302.5,1.8314597220451359,0.0,0.0,1.86485,0.9997924876363571,1.0,1445.9264574336603,1000.0,1456.0270165150066,1000.0,0.38315680792089807,0.0
1131,1676603040000.0,0.0,0.0,83.5,1.8314597220451359,0.0,0.0,1.84925,0.9997924876363571,1.0,1450.901739067776,1000.0,1452.387227277007,1000.0,0.10540127058433774,0.0
1132,1676606640000.0,0.0,0.0,33.5,1.8405907869176172,0.0,0.0,1.8549,0.9997924876363571,1.0,1452.3623662347472,1000.0,1452.841724873007,1000.0,0.04245482587213639,0.0
1133,1676610240000.0,0.0,0.0,33.6,1.844386564276915,0.0,0.0,1.8172,0.9997924876363571,1.0,1452.5430954827116,1000.0,1451.6296269230072,1000.0,0.04266406191487896,0.0
1134,1676613840000.0,0.0,0.0,33.6,1.844386564276915,0.0,0.0,1.81635,0.9997924876363571,1.0,1452.5430954827116,1000.0,1451.6010669230072,1000.0,0.04266406191487896,0.0
1135,1676617440000.0,0.0,0.0,39.5,1.8430086848398772,0.0,0.0,1.84825,0.9997924876363571,1.0,1452.6262354881824,1000.0,1452.8332674370072,1000.0,0.050115329926359024,0.0
1136,1676621040000.0,0.0,0.0,33.8,1.844846156357829,0.0,0.0,1.872,0.9997924876363571,1.0,1453.4623225399016,1000.0,1454.380122455007,1000.0,0.0429015593441245,0.0
1137,1676624640000.0,0.0,0.0,11.7,1.844846156357829,0.0,0.0,1.8614,0.9997924876363571,1.0,1453.8619166983935,1000.0,1454.055596669007,1000.0,0.014846458099957497,0.0
1138,1676628240000.0,0.0,0.0,39.3,1.8490274816637813,0.0,0.0,1.83545,0.9997924876363571,1.0,1453.8517002823935,1000.0,1453.318105253007,1000.0,0.04998225060731568,0.0
1139,1676631840000.0,0.0,0.0,33.7,1.8490274816637813,0.0,0.0,1.8554,0.9997924876363571,1.0,1453.9536146730763,1000.0,1454.1683685410069,1000.0,0.04285709358484619,0.0
1140,1676635440000.0,0.0,0.0,33.7,1.8490274816637813,0.0,0.0,1.85545,0.9997924876363571,1.0,1453.9536146730763,1000.0,1454.1700535410068,1000.0,0.04285709358484619,0.0
1141,1676639040000.0,0.0,0.0,0.0,1.8490274816637813,0.0,0.0,1.94575,0.9997924876363571,1.0,1456.0281086210068,1000.0,1456.0281086210068,1000.0,0.0,0.0
1142,1676642640000.0,0.0,0.0,0.0,1.8490274816637813,0.0,0.0,1.93095,0.9997924876363571,1.0,1456.0281086210068,1000.0,1456.0281086210068,1000.0,0.0,0.0
1143,1676646240000.0,0.0,0.0,0.0,1.8490274816637813,0.0,0.0,1.96055,0.9997924876363571,1.0,1456.0281086210068,1000.0,1456.0281086210068,1000.0,0.0,0.0
1144,1676649840000.0,0.0,0.0,0.0,1.8490274816637813,0.0,0.0,1.9324,0.9997924876363571,1.0,1456.0281086210068,1000.0,1456.0281086210068,1000.0,0.0,0.0
1145,1676653440000.0,0.0,0.0,38.2,1.9048,0.0,0.0,1.8968,0.9997924876363571,1.0,1456.0135559490068,1000.0,1455.7079559490069,1000.0,0.049974369883235045,0.0
1146,1676657040000.0,0.0,0.0,38.2,1.9048,0.0,0.0,1.87935,0.9997924876363571,1.0,1456.0135559490068,1000.0,1455.0413659490068,1000.0,0.049974369883235045,0.0
1147,1676660640000.0,0.0,0.0,38.2,1.9048,0.0,0.0,1.88435,0.9997924876363571,1.0,1456.0135559490068,1000.0,1455.2323659490069,1000.0,0.049974369883235045,0.0
1148,1676664240000.0,0.0,0.0,38.2,1.9048,0.0,0.0,1.87985,0.9997924876363571,1.0,1456.0135559490068,1000.0,1455.0604659490068,1000.0,0.049974369883235045,0.0
1149,1676667840000.0,0.0,0.0,38.4,1.902515625,0.0,0.0,1.8887,0.9997924876363571,1.0,1456.196839901007,1000.0,1455.666319901007,1000.0,0.050169453742920096,0.0
1150,1676671440000.0,0.0,0.0,38.4,1.902515625,0.0,0.0,1.84635,0.9997924876363571,1.0,1456.196839901007,1000.0,1454.040079901007,1000.0,0.050169453742920096,0.0
1151,1676675040000.0,0.0,0.0,61.3,1.8625197530864195,0.0,0.0,1.8824,0.9997924876363571,1.0,1456.8323576852047,1000.0,1458.0510168210071,1000.0,0.07837034938296457,0.0
1152,1676678640000.0,0.0,0.0,52.6,1.8625197530864195,0.0,0.0,1.87795,0.9997924876363571,1.0,1456.9916025453529,1000.0,1457.8032335330072,1000.0,0.06724029077531772,0.0
1153,1676682240000.0,0.0,0.0,8.1,1.8625197530864195,0.0,0.0,1.8928,0.9997924876363571,1.0,1458.1773365970073,1000.0,1458.4226065970072,1000.0,0.010346073568258583,0.0
1154,1676685840000.0,0.0,0.0,4.6,1.8625197530864195,0.0,0.0,1.9052,0.9997924876363571,1.0,1458.3251038772048,1000.0,1458.5214330130073,1000.0,0.005874952602419813,0.0
1155,1676689440000.0,0.0,0.0,38.6,1.8875428836435741,0.0,0.0,1.88175,0.9997924876363571,1.0,1458.3772757176494,1000.0,1458.1536704090074,1000.0,0.04995905827783066,0.0
1156,1676693040000.0,0.0,0.0,38.6,1.8875428836435741,0.0,0.0,1.87555,0.9997924876363571,1.0,1458.3772757176494,1000.0,1457.9143504090073,1000.0,0.04995905827783066,0.0
1157,1676696640000.0,0.0,0.0,38.6,1.8875428836435741,0.0,0.0,1.8772,0.9997924876363571,1.0,1458.3772757176494,1000.0,1457.9780404090075,1000.0,0.04995905827783066,0.0
1158,1676700240000.0,0.0,0.0,38.6,1.8875428836435741,0.0,0.0,1.8875,0.9997924876363571,1.0,1458.3772757176494,1000.0,1458.3756204090073,1000.0,0.04995905827783066,0.0
1159,1676703840000.0,0.0,0.0,38.6,1.8875428836435741,0.0,0.0,1.83925,0.9997924876363571,1.0,1458.3772757176494,1000.0,1456.5131704090074,1000.0,0.04995905827783066,0.0
1160,1676707440000.0,0.0,0.0,97.7,1.8478951413371747,0.0,0.0,1.83155,0.9997924876363571,1.0,1458.3557396776494,1000.0,1456.7588193690074,1000.0,0.12379651301578026,0.0
1161,1676711040000.0,0.0,0.0,97.7,1.8478951413371747,0.0,0.0,1.84415,0.9997924876363571,1.0,1458.3557396776494,1000.0,1457.9898393690073,1000.0,0.12379651301578026,0.0
1162,1676714640000.0,0.0,0.0,97.7,1.8478951413371747,0.0,0.0,1.8181,0.9997924876363571,1.0,1458.3557396776494,1000.0,1455.4447543690073,1000.0,0.12379651301578026,0.0
1163,1676718240000.0,0.0,0.0,97.7,1.8478951413371747,0.0,0.0,1.80215,0.9997924876363571,1.0,1458.3557396776494,1000.0,1453.8864393690073,1000.0,0.12379651301578026,0.0
1164,1676721840000.0,0.0,0.0,97.7,1.8478951413371747,0.0,0.0,1.7944,0.9997924876363571,1.0,1458.3557396776494,1000.0,1453.1292643690074,1000.0,0.12379651301578026,0.0
1165,1676725440000.0,0.0,0.0,97.7,1.8478951413371747,0.0,0.0,1.83525,0.9997924876363571,1.0,1458.3557396776494,1000.0,1457.1203093690074,1000.0,0.12379651301578026,0.0
1166,1676729040000.0,0.0,0.0,28.0,1.8478951413371747,0.0,0.0,1.89235,0.9997924876363571,1.0,1462.1405863944483,1000.0,1463.3853224370073,1000.0,0.03538720177724584,0.0
1167,1676732640000.0,0.0,0.0,5.0,1.8478951413371747,0.0,0.0,1.8793,0.9997924876363571,1.0,1462.9696502796937,1000.0,1463.126674573008,1000.0,0.006315562120457831,0.0
1168,1676736240000.0,0.0,0.0,3.5,1.8478951413371747,0.0,0.0,1.8722,0.9997924876363571,1.0,1463.023992217688,1000.0,1463.1090592230078,1000.0,0.004420729276542016,0.0
1169,1676739840000.0,0.0,0.0,39.4,1.8549981565349403,0.0,0.0,1.8574,0.9997924876363571,1.0,1463.0266541584842,1000.0,1463.1212867910076,1000.0,0.049955978012933326,0.0
1170,1676743440000.0,0.0,0.0,39.4,1.8549981565349403,0.0,0.0,1.8476,0.9997924876363571,1.0,1463.0266541584842,1000.0,1462.7351667910075,1000.0,0.049955978012933326,0.0
1171,1676747040000.0,0.0,0.0,39.4,1.8549981565349403,0.0,0.0,1.84735,0.9997924876363571,1.0,1463.0266541584842,1000.0,1462.7253167910076,1000.0,0.049955978012933326,0.0
1172,1676750640000.0,0.0,0.0,39.4,1.8549981565349403,0.0,0.0,1.8276,0.9997924876363571,1.0,1463.0266541584842,1000.0,1461.9471667910075,1000.0,0.049955978012933326,0.0
1173,1676754240000.0,0.0,0.0,39.4,1.8549981565349403,0.0,0.0,1.8486,0.9997924876363571,1.0,1463.0266541584842,1000.0,1462.7745667910076,1000.0,0.049955978012933326,0.0
1174,1676757840000.0,0.0,0.0,39.4,1.8549981565349403,0.0,0.0,1.8456,0.9997924876363571,1.0,1463.0266541584842,1000.0,1462.6563667910075,1000.0,0.049955978012933326,0.0
1175,1676761440000.0,0.0,0.0,39.4,1.8549981565349403,0.0,0.0,1.8469,0.9997924876363571,1.0,1463.0266541584842,1000.0,1462.7075867910075,1000.0,0.049955978012933326,0.0
1176,1676765040000.0,0.0,0.0,39.4,1.8549981565349403,0.0,0.0,1.8584,0.9997924876363571,1.0,1463.0266541584842,1000.0,1463.1606867910075,1000.0,0.049955978012933326,0.0
1177,1676768640000.0,0.0,0.0,39.4,1.8549981565349403,0.0,0.0,1.8521,0.9997924876363571,1.0,1463.0266541584842,1000.0,1462.9124667910075,1000.0,0.049955978012933326,0.0
1178,1676772240000.0,0.0,0.0,39.4,1.8549981565349403,0.0,0.0,1.8349,0.9997924876363571,1.0,1463.0266541584842,1000.0,1462.2347867910075,1000.0,0.049955978012933326,0.0
1179,1676775840000.0,0.0,0.0,39.4,1.8549981565349403,0.0,0.0,1.83895,0.9997924876363571,1.0,1463.0266541584842,1000.0,1462.3943567910076,1000.0,0.049955978012933326,0.0
1180,1676779440000.0,0.0,0.0,39.4,1.8549981565349403,0.0,0.0,1.83225,0.9997924876363571,1.0,1463.0266541584842,1000.0,1462.1303767910076,1000.0,0.049955978012933326,0.0
1181,1676783040000.0,0.0,0.0,39.4,1.8549981565349403,0.0,0.0,1.8365,0.9997924876363571,1.0,1463.0266541584842,1000.0,1462.2978267910075,1000.0,0.049955978012933326,0.0
1182,1676786640000.0,0.0,0.0,39.4,1.8549981565349403,0.0,0.0,1.8562,0.9997924876363571,1.0,1463.0266541584842,1000.0,1463.0740067910076,1000.0,0.049955978012933326,0.0
1183,1676790240000.0,0.0,0.0,39.4,1.8549981565349403,0.0,0.0,1.8389,0.9997924876363571,1.0,1463.0266541584842,1000.0,1462.3923867910075,1000.0,0.049955978012933326,0.0
1184,1676793840000.0,0.0,0.0,39.4,1.8549981565349403,0.0,0.0,1.8044,0.9997924876363571,1.0,1463.0266541584842,1000.0,1461.0330867910077,1000.0,0.049955978012933326,0.0
1185,1676797440000.0,0.0,0.0,39.4,1.8549981565349403,0.0,0.0,1.821,0.9997924876363571,1.0,1463.0266541584842,1000.0,1461.6871267910076,1000.0,0.049955978012933326,0.0
1186,1676801040000.0,0.0,0.0,39.4,1.8549981565349403,0.0,0.0,1.81525,0.9997924876363571,1.0,1463.0266541584842,1000.0,1461.4605767910075,1000.0,0.049955978012933326,0.0
1187,1676804640000.0,0.0,0.0,39.4,1.8549981565349403,0.0,0.0,1.8149,0.9997924876363571,1.0,1463.0266541584842,1000.0,1461.4467867910075,1000.0,0.049955978012933326,0.0
1188,1676808240000.0,0.0,0.0,39.4,1.8549981565349403,0.0,0.0,1.8306,0.9997924876363571,1.0,1463.0266541584842,1000.0,1462.0653667910076,1000.0,0.049955978012933326,0.0
1189,1676811840000.0,0.0,0.0,39.4,1.8549981565349403,0.0,0.0,1.8387,0.9997924876363571,1.0,1463.0266541584842,1000.0,1462.3845067910077,1000.0,0.049955978012933326,0.0
1190,1676815440000.0,0.0,0.0,39.4,1.8549981565349403,0.0,0.0,1.83155,0.9997924876363571,1.0,1463.0266541584842,1000.0,1462.1027967910077,1000.0,0.049955978012933326,0.0
1191,1676819040000.0,0.0,0.0,39.4,1.8549981565349403,0.0,0.0,1.85125,0.9997924876363571,1.0,1463.0266541584842,1000.0,1462.8789767910075,1000.0,0.049955978012933326,0.0
1192,1676822640000.0,0.0,0.0,39.4,1.8549981565349403,0.0,0.0,1.8391,0.9997924876363571,1.0,1463.0266541584842,1000.0,1462.4002667910077,1000.0,0.049955978012933326,0.0
1193,1676826240000.0,0.0,0.0,185.4,1.773294163168754,0.0,0.0,1.7707,0.9997924876363571,1.0,1464.1190366864948,1000.0,1463.638078835008,1000.0,0.22455055197939125,0.0
1194,1676829840000.0,0.0,0.0,185.4,1.773294163168754,0.0,0.0,1.74615,0.9997924876363571,1.0,1464.1190366864948,1000.0,1459.0865088350079,1000.0,0.22455055197939125,0.0
1195,1676833440000.0,0.0,0.0,185.4,1.773294163168754,0.0,0.0,1.73955,0.9997924876363571,1.0,1464.1190366864948,1000.0,1457.862868835008,1000.0,0.22455055197939125,0.0
1196,1676837040000.0,0.0,0.0,185.4,1.773294163168754,0.0,0.0,1.72215,0.9997924876363571,1.0,1464.1190366864948,1000.0,1454.636908835008,1000.0,0.22455055197939125,0.0
1197,1676840640000.0,0.0,0.0,185.4,1.773294163168754,0.0,0.0,1.7303,0.9997924876363571,1.0,1464.1190366864948,1000.0,1456.1479188350079,1000.0,0.22455055197939125,0.0
1198,1676844240000.0,0.0,0.0,185.4,1.773294163168754,0.0,0.0,1.74565,0.9997924876363571,1.0,1464.1190366864948,1000.0,1458.993808835008,1000.0,0.22455055197939125,0.0
1199,1676847840000.0,0.0,0.0,185.4,1.773294163168754,0.0,0.0,1.72545,0.9997924876363571,1.0,1464.1190366864948,1000.0,1455.2487288350078,1000.0,0.22455055197939125,0.0
1200,1676851440000.0,0.0,0.0,538.8,1.711577902561944,0.0,0.0,1.7365,0.9997924876363571,1.0,1469.2033684513833,1000.0,1482.6313945510078,1000.0,0.627685855956361,0.0
1201,1676855040000.0,0.0,0.0,339.5,1.711577902561944,0.0,0.0,1.70495,0.9997924876363571,1.0,1472.546896488788,1000.0,1470.296723569008,1000.0,0.3946092985597517,0.0
1202,1676858640000.0,0.0,0.0,183.2,1.6545003909211011,0.0,0.0,1.6969,0.9997924876363571,1.0,1489.2161981037536,1000.0,1496.983806487008,1000.0,0.2035328866303591,0.0
1203,1676862240000.0,0.0,0.0,39.7,1.6545003909211011,0.0,0.0,1.70665,0.9997924876363571,1.0,1497.547801692576,1000.0,1499.6181411730083,1000.0,0.04386081395554116,0.0
1204,1676865840000.0,0.0,0.0,35.2,1.6681005098020687,0.0,0.0,1.71825,0.9997924876363571,1.0,1498.358073460041,1000.0,1500.1233355150082,1000.0,0.03918765412959129,0.0
1205,1676869440000.0,0.0,0.0,28.7,1.7035565953615823,0.0,0.0,1.73095,0.9997924876363571,1.0,1499.7237136188858,1000.0,1500.5099043320083,1000.0,0.03260072094805991,0.0
1206,1676873040000.0,0.0,0.0,32.2,1.7079994115990254,0.0,0.0,1.73045,0.9997924876363571,1.0,1499.911253155497,1000.0,1500.6341621020083,1000.0,0.03666722343591017,0.0
1207,1676876640000.0,0.0,0.0,15.7,1.7079994115990254,0.0,0.0,1.73005,0.9997924876363571,1.0,1500.4632149241133,1000.0,1500.8094091620087,1000.0,0.017871541598212994,0.0
1208,1676880240000.0,0.0,0.0,27.6,1.7170864853693737,0.0,0.0,1.73245,0.9997924876363571,1.0,1500.7234715222032,1000.0,1501.1475045260086,1000.0,0.03157916024870646,0.0
1209,1676883840000.0,0.0,0.0,43.5,1.7207340161667624,0.0,0.0,1.70965,0.9997924876363571,1.0,1500.7824200792627,1000.0,1500.3002653760086,1000.0,0.049875270859916464,0.0
1210,1676887440000.0,0.0,0.0,37.3,1.7207340161667624,0.0,0.0,1.72575,0.9997924876363571,1.0,1500.8873140590288,1000.0,1501.0744102560086,1000.0,0.04276362269292653,0.0
1211,1676891040000.0,0.0,0.0,37.3,1.7207340161667624,0.0,0.0,1.72435,0.9997924876363571,1.0,1500.8873140590288,1000.0,1501.0221902560086,1000.0,0.04276362269292653,0.0
1212,1676894640000.0,0.0,0.0,37.3,1.7207340161667624,0.0,0.0,1.7129,0.9997924876363571,1.0,1500.8873140590288,1000.0,1500.5951052560085,1000.0,0.04276362269292653,0.0
1213,1676898240000.0,0.0,0.0,37.3,1.7207340161667624,0.0,0.0,1.6919,0.9997924876363571,1.0,1500.8873140590288,1000.0,1499.8118052560085,1000.0,0.04276362269292653,0.0
1214,1676901840000.0,0.0,0.0,37.3,1.7207340161667624,0.0,0.0,1.67115,0.9997924876363571,1.0,1500.8873140590288,1000.0,1499.0378302560084,1000.0,0.04276362269292653,0.0
1215,1676905440000.0,0.0,0.0,94.4,1.6849654534218246,0.0,0.0,1.6826,0.9997924876363571,1.0,1500.8683385870288,1000.0,1500.6450397840085,1000.0,0.10597914201639148,0.0
1216,1676909040000.0,0.0,0.0,94.4,1.6849654534218246,0.0,0.0,1.6532,0.9997924876363571,1.0,1500.8683385870288,1000.0,1497.8696797840087,1000.0,0.10597914201639148,0.0
1217,1676912640000.0,0.0,0.0,175.6,1.6463965625911268,0.0,0.0,1.6476,0.9997924876363571,1.0,1501.8451011810107,1000.0,1502.0564247900088,1000.0,0.19250136792646302,0.0
1218,1676916240000.0,0.0,0.0,175.6,1.6463965625911268,0.0,0.0,1.64645,0.9997924876363571,1.0,1501.8451011810107,1000.0,1501.8544847900089,1000.0,0.19250136792646302,0.0
1219,1676919840000.0,0.0,0.0,175.6,1.6463965625911268,0.0,0.0,1.63705,0.9997924876363571,1.0,1501.8451011810107,1000.0,1500.2038447900088,1000.0,0.19250136792646302,0.0
1220,1676923440000.0,0.0,0.0,175.6,1.6463965625911268,0.0,0.0,1.6362,0.9997924876363571,1.0,1501.8451011810107,1000.0,1500.054584790009,1000.0,0.19250136792646302,0.0
1221,1676927040000.0,0.0,0.0,10.5,1.6463965625911268,0.0,0.0,1.7112,0.9997924876363571,1.0,1510.8009522792156,1000.0,1511.4813883720087,1000.0,0.011442383512617709,0.0
1222,1676930640000.0,0.0,0.0,0.4,1.6463965625911268,0.0,0.0,1.7396,0.9997924876363571,1.0,1511.4590489650454,1000.0,1511.496330340009,1000.0,0.0004357105311502759,0.0
1223,1676934240000.0,0.0,0.0,0.0,1.6463965625911268,0.0,0.0,1.7011,0.9997924876363571,1.0,1511.4815740960084,1000.0,1511.4815740960084,1000.0,0.0,0.0
1224,1676937840000.0,0.0,0.0,0.0,1.6463965625911268,0.0,0.0,1.74065,0.9997924876363571,1.0,1511.4815740960084,1000.0,1511.4815740960084,1000.0,0.0,0.0
1225,1676941440000.0,0.0,0.0,0.0,1.6463965625911268,0.0,0.0,1.7266,0.9997924876363571,1.0,1511.4815740960084,1000.0,1511.4815740960084,1000.0,0.0,0.0
1226,1676945040000.0,0.0,0.0,0.0,1.6463965625911268,0.0,0.0,1.69865,0.9997924876363571,1.0,1511.4815740960084,1000.0,1511.4815740960084,1000.0,0.0,0.0
1227,1676948640000.0,0.0,0.0,0.0,1.6463965625911268,0.0,0.0,1.75365,0.9997924876363571,1.0,1511.4815740960084,1000.0,1511.4815740960084,1000.0,0.0,0.0
1228,1676952240000.0,0.0,0.0,0.0,1.6463965625911268,0.0,0.0,1.7689,0.9997924876363571,1.0,1511.4815740960084,1000.0,1511.4815740960084,1000.0,0.0,0.0
1229,1676955840000.0,0.0,0.0,0.0,1.6463965625911268,0.0,0.0,1.75445,0.9997924876363571,1.0,1511.4815740960084,1000.0,1511.4815740960084,1000.0,0.0,0.0
1230,1676959440000.0,0.0,0.0,0.0,1.6463965625911268,0.0,0.0,1.81695,0.9997924876363571,1.0,1511.4815740960084,1000.0,1511.4815740960084,1000.0,0.0,0.0
1231,1676963040000.0,0.0,0.0,0.0,1.6463965625911268,0.0,0.0,1.80465,0.9997924876363571,1.0,1511.4815740960084,1000.0,1511.4815740960084,1000.0,0.0,0.0
1232,1676966640000.0,0.0,0.0,0.0,1.6463965625911268,0.0,0.0,1.81335,0.9997924876363571,1.0,1511.4815740960084,1000.0,1511.4815740960084,1000.0,0.0,0.0
1233,1676970240000.0,0.0,0.0,42.8,1.7654,0.0,0.0,1.7525,0.9997924876363571,1.0,1511.4664622720084,1000.0,1510.9143422720083,1000.0,0.049990603090472104,0.0
1234,1676973840000.0,0.0,0.0,0.0,1.7654,0.0,0.0,1.8222,0.9997924876363571,1.0,1513.378384964008,1000.0,1513.378384964008,1000.0,0.0,0.0
1235,1676977440000.0,0.0,0.0,42.7,1.7739,0.0,0.0,1.7826,0.9997924876363571,1.0,1513.363235858008,1000.0,1513.734725858008,1000.0,0.05005112335575916,0.0
1236,1676981040000.0,0.0,0.0,42.7,1.7739,0.0,0.0,1.762,0.9997924876363571,1.0,1513.363235858008,1000.0,1512.855105858008,1000.0,0.05005112335575916,0.0
1237,1676984640000.0,0.0,0.0,42.7,1.7739,0.0,0.0,1.7582,0.9997924876363571,1.0,1513.363235858008,1000.0,1512.692845858008,1000.0,0.05005112335575916,0.0
1238,1676988240000.0,0.0,0.0,42.7,1.7739,0.0,0.0,1.72965,0.9997924876363571,1.0,1513.363235858008,1000.0,1511.473760858008,1000.0,0.05005112335575916,0.0
1239,1676991840000.0,0.0,0.0,42.7,1.7739,0.0,0.0,1.72845,0.9997924876363571,1.0,1513.363235858008,1000.0,1511.422520858008,1000.0,0.05005112335575916,0.0
1240,1676995440000.0,0.0,0.0,126.6,1.6958561287961946,0.0,0.0,1.7134,0.9997924876363571,1.0,1515.7357688876064,1000.0,1517.9568229820081,1000.0,0.14164433558440234,0.0
1241,1676999040000.0,0.0,0.0,79.8,1.6958561287961946,0.0,0.0,1.6934,0.9997924876363571,1.0,1516.5173893159447,1000.0,1516.3213902380085,1000.0,0.08923690557810175,0.0
1242,1677002640000.0,0.0,0.0,79.8,1.6958561287961946,0.0,0.0,1.71105,0.9997924876363571,1.0,1516.5173893159447,1000.0,1517.7298602380083,1000.0,0.08923690557810175,0.0
1243,1677006240000.0,0.0,0.0,37.1,1.6958561287961946,0.0,0.0,1.70775,0.9997924876363571,1.0,1517.2305344503472,1000.0,1517.6717970720085,1000.0,0.04146783296918799,0.0
1244,1677009840000.0,0.0,0.0,37.1,1.6958561287961946,0.0,0.0,1.6976,0.9997924876363571,1.0,1517.2305344503472,1000.0,1517.2952320720085,1000.0,0.04146783296918799,0.0
1245,1677013440000.0,0.0,0.0,37.1,1.6958561287961946,0.0,0.0,1.69075,0.9997924876363571,1.0,1517.2305344503472,1000.0,1517.0410970720084,1000.0,0.04146783296918799,0.0
1246,1677017040000.0,0.0,0.0,37.1,1.6958561287961946,0.0,0.0,1.6574,0.9997924876363571,1.0,1517.2305344503472,1000.0,1515.8038120720084,1000.0,0.04146783296918799,0.0
1247,1677020640000.0,0.0,0.0,37.1,1.6958561287961946,0.0,0.0,1.6841,0.9997924876363571,1.0,1517.2305344503472,1000.0,1516.7943820720084,1000.0,0.04146783296918799,0.0
1248,1677024240000.0,0.0,0.0,37.1,1.6958561287961946,0.0,0.0,1.7027,0.9997924876363571,1.0,1517.2305344503472,1000.0,1517.4844420720085,1000.0,0.04146783296918799,0.0
1249,1677027840000.0,0.0,0.0,93.9,1.6606775546148969,0.0,0.0,1.64835,0.9997924876363571,1.0,1517.2119301783473,1000.0,1516.0543728000084,1000.0,0.10277906420101011,0.0
1250,1677031440000.0,0.0,0.0,93.9,1.6606775546148969,0.0,0.0,1.6112,0.9997924876363571,1.0,1517.2119301783473,1000.0,1512.5659878000085,1000.0,0.10277906420101011,0.0
1251,1677035040000.0,0.0,0.0,237.6,1.6228307760031095,0.0,0.0,1.6204,0.9997924876363571,1.0,1517.1660007843473,1000.0,1516.5884484060084,1000.0,0.25414792592175056,0.0
1252,1677038640000.0,0.0,0.0,237.6,1.6228307760031095,0.0,0.0,1.6235,0.9997924876363571,1.0,1517.1660007843473,1000.0,1517.3250084060085,1000.0,0.25414792592175056,0.0
1253,1677042240000.0,0.0,0.0,237.6,1.6228307760031095,0.0,0.0,1.6197,0.9997924876363571,1.0,1517.1660007843473,1000.0,1516.4221284060084,1000.0,0.25414792592175056,0.0
1254,1677045840000.0,0.0,0.0,237.6,1.6228307760031095,0.0,0.0,1.62805,0.9997924876363571,1.0,1517.1660007843473,1000.0,1518.4060884060084,1000.0,0.25414792592175056,0.0
1255,1677049440000.0,0.0,0.0,237.6,1.6228307760031095,0.0,0.0,1.5874,0.9997924876363571,1.0,1517.1660007843473,1000.0,1508.7476484060085,1000.0,0.25414792592175056,0.0
1256,1677053040000.0,0.0,0.0,237.6,1.6228307760031095,0.0,0.0,1.6071,0.9997924876363571,1.0,1517.1660007843473,1000.0,1513.4283684060085,1000.0,0.25414792592175056,0.0
1257,1677056640000.0,0.00024045962625608632,0.0,968.6,1.5663561763146179,0.0,0.0,1.55645,0.9997924876363571,1.0,1516.9396831843474,1000.0,1507.3445608060083,1000.0,1.0001535388628655,0.0
1258,1677060240000.0,0.00024045962625608632,0.0,968.6,1.5663561763146179,0.0,0.0,1.573,0.9997924876363571,1.0,1516.9396831843474,1000.0,1523.3748908060084,1000.0,1.0001535388628655,0.0
1259,1677063840000.0,0.0,0.0,593.1,1.5663561763146179,0.0,0.0,1.5859,0.9997924876363571,1.0,1524.5468903522085,1000.0,1536.1383321800088,1000.0,0.609365217987868,0.0
1260,1677067440000.0,0.0,0.0,435.8,1.5663561763146179,0.0,0.0,1.5752,0.9997924876363571,1.0,1526.9736209519192,1000.0,1530.8277593140087,1000.0,0.44703982588275804,0.0
1261,1677071040000.0,0.0,0.0,207.6,1.5663561763146179,0.0,0.0,1.60805,0.9997924876363571,1.0,1533.8221687369232,1000.0,1542.4778065340086,1000.0,0.21200341788689314,0.0
1262,1677074640000.0,0.0,0.0,64.2,1.5663561763146179,0.0,0.0,1.5923,0.9997924876363571,1.0,1538.835918021407,1000.0,1540.5015115020085,1000.0,0.06534814098224055,0.0
1263,1677078240000.0,0.0,0.0,64.2,1.5663561763146179,0.0,0.0,1.5483,0.9997924876363571,1.0,1538.835918021407,1000.0,1537.6767115020086,1000.0,0.06534814098224055,0.0
1264,1677081840000.0,0.0,0.0,64.2,1.5663561763146179,0.0,0.0,1.5387,0.9997924876363571,1.0,1538.835918021407,1000.0,1537.0603915020085,1000.0,0.06534814098224055,0.0
1265,1677085440000.0,0.0,0.0,64.2,1.5663561763146179,0.0,0.0,1.5537,0.9997924876363571,1.0,1538.835918021407,1000.0,1538.0233915020085,1000.0,0.06534814098224055,0.0
1266,1677089040000.0,0.0,0.0,64.2,1.5663561763146179,0.0,0.0,1.55265,0.9997924876363571,1.0,1538.835918021407,1000.0,1537.9559815020086,1000.0,0.06534814098224055,0.0
1267,1677092640000.0,0.0,0.0,64.2,1.5663561763146179,0.0,0.0,1.5736,0.9997924876363571,1.0,1538.835918021407,1000.0,1539.3009715020085,1000.0,0.06534814098224055,0.0
1268,1677096240000.0,0.0,0.0,5.9,1.5663561763146179,0.0,0.0,1.58085,0.9997924876363571,1.0,1540.5578511202646,1000.0,1540.6433646800083,1000.0,0.005998801949265326,0.0
1269,1677099840000.0,0.0,0.0,42.0,1.5705732743017662,0.0,0.0,1.5827,0.9997924876363571,1.0,1540.703562112682,1000.0,1541.2128845920079,1000.0,0.04281425651422605,0.0
1270,1677103440000.0,0.0,0.0,49.0,1.5716174321617262,0.0,0.0,1.58245,0.9997924876363571,1.0,1540.8689114739323,1000.0,1541.3997072980076,1000.0,0.049977810313701944,0.0
1271,1677107040000.0,0.0,0.0,6.7,1.5716174321617262,0.0,0.0,1.6269,0.9997924876363571,1.0,1542.3059280894913,1000.0,1542.6763212940077,1000.0,0.006827333412721331,0.0
1272,1677110640000.0,0.0,0.0,1.8,1.5716174321617262,0.0,0.0,1.62245,0.9997924876363571,1.0,1542.5428147918988,1000.0,1542.6343134140077,1000.0,0.0018339272989792183,0.0
1273,1677114240000.0,0.0,0.0,0.0,1.5716174321617262,0.0,0.0,1.60745,0.9997924876363571,1.0,1542.6135833620078,1000.0,1542.6135833620078,1000.0,0.0,0.0
1274,1677117840000.0,0.0,0.0,0.0,1.5716174321617262,0.0,0.0,1.61465,0.9997924876363571,1.0,1542.6135833620078,1000.0,1542.6135833620078,1000.0,0.0,0.0
1275,1677121440000.0,0.0,0.0,0.0,1.5716174321617262,0.0,0.0,1.6701,0.9997924876363571,1.0,1542.6135833620078,1000.0,1542.6135833620078,1000.0,0.0,0.0
1276,1677125040000.0,0.0,0.0,0.0,1.5716174321617262,0.0,0.0,1.6496,0.9997924876363571,1.0,1542.6135833620078,1000.0,1542.6135833620078,1000.0,0.0,0.0
1277,1677128640000.0,0.0,0.0,0.0,1.5716174321617262,0.0,0.0,1.67085,0.9997924876363571,1.0,1542.6135833620078,1000.0,1542.6135833620078,1000.0,0.0,0.0
1278,1677132240000.0,0.0,0.0,0.0,1.5716174321617262,0.0,0.0,1.6485,0.9997924876363571,1.0,1542.6135833620078,1000.0,1542.6135833620078,1000.0,0.0,0.0
1279,1677135840000.0,0.0,0.0,47.3,1.6297,0.0,0.0,1.6454,0.9997924876363571,1.0,1542.5981664000078,1000.0,1543.3407764000078,1000.0,0.049970764700112635,0.0
1280,1677139440000.0,0.0,0.0,40.6,1.6297,0.0,0.0,1.62805,0.9997924876363571,1.0,1542.7051707600078,1000.0,1542.6381807600078,1000.0,0.042889478335905014,0.0
1281,1677143040000.0,0.0,0.0,4.8,1.6297,0.0,0.0,1.67185,0.9997924876363571,1.0,1544.0023202920079,1000.0,1544.204640292008,1000.0,0.00506641725675682,0.0
1282,1677146640000.0,0.0,0.0,47.0,1.6414404255319148,0.0,0.0,1.64635,0.9997924876363571,1.0,1544.061231082008,1000.0,1544.2919810820079,1000.0,0.04996414549307633,0.0
1283,1677150240000.0,0.0,0.0,28.8,1.6414404255319148,0.0,0.0,1.66105,0.9997924876363571,1.0,1544.461939141327,1000.0,1545.026694886008,1000.0,0.030608384096277398,0.0
1284,1677153840000.0,0.0,0.0,118.7,1.6085395472225708,0.0,0.0,1.5791,0.9997924876363571,1.0,1544.433207109327,1000.0,1540.9387328540079,1000.0,0.12362700010360719,0.0
1285,1677157440000.0,0.0,0.0,87.3,1.6085395472225708,0.0,0.0,1.6375,0.9997924876363571,1.0,1544.9304422105383,1000.0,1547.458689738008,1000.0,0.09089438503885319,0.0
1286,1677161040000.0,0.0,0.0,47.4,1.6251090157643553,0.0,0.0,1.6306,0.9997924876363571,1.0,1547.1048894142386,1000.0,1547.3651620670082,1000.0,0.0497898803593048,0.0
1287,1677164640000.0,0.0,0.0,29.1,1.6288871857957883,0.0,0.0,1.6433,0.9997924876363571,1.0,1547.8273321616657,1000.0,1548.2467450550082,1000.0,0.03062396956155223,0.0
1288,1677168240000.0,0.0,0.0,47.4,1.631445140187652,0.0,0.0,1.6124,0.9997924876363571,1.0,1547.885543971903,1000.0,1546.9828043270084,1000.0,0.04995879698344052,0.0
1289,1677171840000.0,0.0,0.0,47.4,1.631445140187652,0.0,0.0,1.59175,0.9997924876363571,1.0,1547.885543971903,1000.0,1546.0039943270083,1000.0,0.04995879698344052,0.0
1290,1677175440000.0,0.0,0.0,119.9,1.5971934916171366,0.0,0.0,1.57535,0.9997924876363571,1.0,1547.862709371903,1000.0,1545.2436747270083,1000.0,0.12372124380630865,0.0
1291,1677179040000.0,0.0,0.0,119.9,1.5971934916171366,0.0,0.0,1.58195,0.9997924876363571,1.0,1547.862709371903,1000.0,1546.0350147270083,1000.0,0.12372124380630865,0.0
1292,1677182640000.0,0.0,0.0,119.9,1.5971934916171366,0.0,0.0,1.5995,0.9997924876363571,1.0,1547.862709371903,1000.0,1548.1392597270083,1000.0,0.12372124380630865,0.0
1293,1677186240000.0,0.0,0.0,119.9,1.5971934916171366,0.0,0.0,1.5948,0.9997924876363571,1.0,1547.862709371903,1000.0,1547.5757297270084,1000.0,0.12372124380630865,0.0
1294,1677189840000.0,0.0,0.0,119.9,1.5971934916171366,0.0,0.0,1.5583,0.9997924876363571,1.0,1547.862709371903,1000.0,1543.1993797270084,1000.0,0.12372124380630865,0.0
1295,1677193440000.0,0.0,0.0,119.9,1.5971934916171366,0.0,0.0,1.5717,0.9997924876363571,1.0,1547.862709371903,1000.0,1544.8060397270083,1000.0,0.12372124380630865,0.0
1296,1677197040000.0,0.0,0.0,119.9,1.5971934916171366,0.0,0.0,1.5797,0.9997924876363571,1.0,1547.862709371903,1000.0,1545.7652397270083,1000.0,0.12372124380630865,0.0
1297,1677200640000.0,0.0,0.0,119.9,1.5971934916171366,0.0,0.0,1.56075,0.9997924876363571,1.0,1547.862709371903,1000.0,1543.4931347270083,1000.0,0.12372124380630865,0.0
1298,1677204240000.0,0.0,0.0,119.9,1.5971934916171366,0.0,0.0,1.55655,0.9997924876363571,1.0,1547.862709371903,1000.0,1542.9895547270085,1000.0,0.12372124380630865,0.0
1299,1677207840000.0,0.0,0.0,119.9,1.5971934916171366,0.0,0.0,1.5479,0.9997924876363571,1.0,1547.862709371903,1000.0,1541.9524197270084,1000.0,0.12372124380630865,0.0
1300,1677211440000.0,0.0,0.0,119.9,1.5971934916171366,0.0,0.0,1.5706,0.9997924876363571,1.0,1547.862709371903,1000.0,1544.6741497270084,1000.0,0.12372124380630865,0.0
1301,1677215040000.0,0.0,0.0,63.0,1.5971934916171366,0.0,0.0,1.61435,0.9997924876363571,1.0,1548.984395618888,1000.0,1550.0652556470084,1000.0,0.06496075122285282,0.0
1302,1677218640000.0,0.0,0.0,11.7,1.5971934916171366,0.0,0.0,1.6278,0.9997924876363571,1.0,1550.623411146929,1000.0,1550.9815072950084,1000.0,0.01205138766613772,0.0
1303,1677222240000.0,0.0,0.0,3.4,1.5971934916171366,0.0,0.0,1.6343,0.9997924876363571,1.0,1550.8970785505066,1000.0,1551.0232406790085,1000.0,0.0035014946811129837,0.0
1304,1677225840000.0,0.0,0.0,0.0,1.5971934916171366,0.0,0.0,1.65145,0.9997924876363571,1.0,1551.1204096950082,1000.0,1551.1204096950082,1000.0,0.0,0.0
1305,1677229440000.0,0.0,0.0,0.0,1.5971934916171366,0.0,0.0,1.64905,0.9997924876363571,1.0,1551.1204096950082,1000.0,1551.1204096950082,1000.0,0.0,0.0
1306,1677233040000.0,0.0,0.0,48.0,1.615,0.0,0.0,1.611,0.9997924876363571,1.0,1551.1049056950083,1000.0,1550.9129056950082,1000.0,0.04997727730431319,0.0
1307,1677236640000.0,0.0,0.0,35.4,1.615,0.0,0.0,1.62775,0.9997924876363571,1.0,1551.304915071008,1000.0,1551.756265071008,1000.0,0.036853489887501006,0.0
1308,1677240240000.0,0.0,0.0,19.2,1.615,0.0,0.0,1.62715,0.9997924876363571,1.0,1551.5620699830083,1000.0,1551.7953499830082,1000.0,0.019985020644607263,0.0
1309,1677243840000.0,0.0,0.0,47.9,1.6187991649269313,0.0,0.0,1.60735,0.9997924876363571,1.0,1551.6305172870084,1000.0,1551.0821022870084,1000.0,0.049973546624732426,0.0
1310,1677247440000.0,0.0,0.0,47.9,1.6187991649269313,0.0,0.0,1.57585,0.9997924876363571,1.0,1551.6305172870084,1000.0,1549.5732522870085,1000.0,0.049973546624732426,0.0
1311,1677251040000.0,0.0,0.0,121.2,1.5847502475247524,0.0,0.0,1.5898,0.9997924876363571,1.0,1551.6076110370084,1000.0,1552.2196410370084,1000.0,0.12378885527097275,0.0
1312,1677254640000.0,0.0,0.0,306.7,1.5475230844473429,0.0,0.0,1.4761,0.9997924876363571,1.0,1551.5511003170084,1000.0,1529.6456403170082,1000.0,0.3059037693976215,0.0
1313,1677258240000.0,0.0,0.0,306.7,1.5475230844473429,0.0,0.0,1.5054,0.9997924876363571,1.0,1551.5511003170084,1000.0,1538.6319503170084,1000.0,0.3059037693976215,0.0
1314,1677261840000.0,0.0,0.0,306.7,1.5475230844473429,0.0,0.0,1.4788,0.9997924876363571,1.0,1551.5511003170084,1000.0,1530.4737303170082,1000.0,0.3059037693976215,0.0
1315,1677265440000.0,0.00026931891669880383,0.0,1038.5,1.4940928165623497,0.0,0.0,1.45595,0.9997924876363571,1.0,1551.3357023050085,1000.0,1511.7243873050083,1000.0,1.0001802883119213,0.0
1316,1677269040000.0,0.00026931891669880383,0.0,1038.5,1.4940928165623497,0.0,0.0,1.47585,0.9997924876363571,1.0,1551.3357023050085,1000.0,1532.3905373050084,1000.0,1.0001802883119213,0.0
1317,1677272640000.0,0.00026931891669880383,0.0,1038.5,1.4940928165623497,0.0,0.0,1.469,0.9997924876363571,1.0,1551.3357023050085,1000.0,1525.2768123050084,1000.0,1.0001802883119213,0.0
1318,1677276240000.0,0.00026931891669880383,0.0,1038.5,1.4940928165623497,0.0,0.0,1.41135,0.9997924876363571,1.0,1551.3357023050085,1000.0,1465.4072873050084,1000.0,1.0001802883119213,0.0
1319,1677279840000.0,0.00026931891669880383,0.0,1038.5,1.4940928165623497,0.0,0.0,1.41405,0.9997924876363571,1.0,1551.3357023050085,1000.0,1468.2112373050084,1000.0,1.0001802883119213,0.0
1320,1677283440000.0,0.00026931891669880383,0.0,1038.5,1.4940928165623497,0.0,0.0,1.4591,0.9997924876363571,1.0,1551.3357023050085,1000.0,1514.9956623050084,1000.0,1.0001802883119213,0.0
1321,1677287040000.0,0.00026931891669880383,0.0,1038.5,1.4940928165623497,0.0,0.0,1.45265,0.9997924876363571,1.0,1551.3357023050085,1000.0,1508.2973373050083,1000.0,1.0001802883119213,0.0
1322,1677290640000.0,0.0,0.0,1027.9,1.4940928165623497,0.0,0.0,1.4601,0.9997924876363571,1.0,1550.9807613414475,1000.0,1516.0395451970082,1000.0,0.9901979730658559,0.0
1323,1677294240000.0,0.0,0.0,1027.9,1.4940928165623497,0.0,0.0,1.4399,0.9997924876363571,1.0,1550.9807613414475,1000.0,1495.2759651970082,1000.0,0.9901979730658559,0.0
1324,1677297840000.0,0.0,0.0,1027.9,1.4940928165623497,0.0,0.0,1.43055,0.9997924876363571,1.0,1550.9807613414475,1000.0,1485.6651001970083,1000.0,0.9901979730658559,0.0
1325,1677301440000.0,0.0,0.0,1027.9,1.4940928165623497,0.0,0.0,1.4252,0.9997924876363571,1.0,1550.9807613414475,1000.0,1480.1658351970082,1000.0,0.9901979730658559,0.0
1326,1677305040000.0,0.0,0.0,1027.9,1.4940928165623497,0.0,0.0,1.41635,0.9997924876363571,1.0,1550.9807613414475,1000.0,1471.0689201970083,1000.0,0.9901979730658559,0.0
1327,1677308640000.0,0.0,0.0,1027.9,1.4940928165623497,0.0,0.0,1.431,0.9997924876363571,1.0,1550.9807613414475,1000.0,1486.1276551970084,1000.0,0.9901979730658559,0.0
1328,1677312240000.0,0.0,0.0,1027.9,1.4940928165623497,0.0,0.0,1.43975,0.9997924876363571,1.0,1550.9807613414475,1000.0,1495.1217801970083,1000.0,0.9901979730658559,0.0
1329,1677315840000.0,0.0,0.0,1027.9,1.4940928165623497,0.0,0.0,1.43975,0.9997924876363571,1.0,1550.9807613414475,1000.0,1495.1217801970083,1000.0,0.9901979730658559,0.0
1330,1677319440000.0,0.0,0.0,1027.9,1.4940928165623497,0.0,0.0,1.42615,0.9997924876363571,1.0,1550.9807613414475,1000.0,1481.1423401970083,1000.0,0.9901979730658559,0.0
1331,1677323040000.0,0.0,0.0,1027.9,1.4940928165623497,0.0,0.0,1.4125,0.9997924876363571,1.0,1550.9807613414475,1000.0,1467.1115051970082,1000.0,0.9901979730658559,0.0
1332,1677326640000.0,0.0,0.0,1027.9,1.4940928165623497,0.0,0.0,1.42245,0.9997924876363571,1.0,1550.9807613414475,1000.0,1477.3391101970083,1000.0,0.9901979730658559,0.0
1333,1677330240000.0,0.0,0.0,1027.9,1.4940928165623497,0.0,0.0,1.4234,0.9997924876363571,1.0,1550.9807613414475,1000.0,1478.3156151970084,1000.0,0.9901979730658559,0.0
1334,1677333840000.0,0.0,0.0,1017.0,1.4940928165623497,0.0,0.0,1.424,0.9997924876363571,1.0,1550.2594161649179,1000.0,1478.975021721008,1000.0,0.9801536301600924,0.0
1335,1677337440000.0,0.0,0.0,1017.0,1.4940928165623497,0.0,0.0,1.41645,0.9997924876363571,1.0,1550.2594161649179,1000.0,1471.2966717210081,1000.0,0.9801536301600924,0.0
1336,1677341040000.0,0.0,0.0,1017.0,1.4940928165623497,0.0,0.0,1.39675,0.9997924876363571,1.0,1550.2594161649179,1000.0,1451.2617717210082,1000.0,0.9801536301600924,0.0
1337,1677344640000.0,0.0,0.0,1017.0,1.4940928165623497,0.0,0.0,1.4001,0.9997924876363571,1.0,1550.2594161649179,1000.0,1454.668721721008,1000.0,0.9801536301600924,0.0
1338,1677348240000.0,0.0,0.0,1017.0,1.4940928165623497,0.0,0.0,1.3972,0.9997924876363571,1.0,1550.2594161649179,1000.0,1451.7194217210083,1000.0,0.9801536301600924,0.0
1339,1677351840000.0,0.0433138682442177,0.0,1073.6,1.4872817943777106,0.0,0.0,1.3368,0.9674148066622398,1.0,1550.2439654969178,1000.0,1388.6867110530077,1000.0,1.0299964199067766,0.0
1340,1677355440000.0,0.0433138682442177,0.0,1073.6,1.4872817943777106,0.0,0.0,1.3371,0.9672261892825229,1.0,1550.2439654969178,1000.0,1389.0087910530076,1000.0,1.0299964199067766,0.0
1341,1677359040000.0,0.0433138682442177,0.0,1073.6,1.4872817943777106,0.0,0.0,1.3388,0.9670240820371391,1.0,1550.2439654969178,1000.0,1390.8339110530078,1000.0,1.0299964199067766,0.0
1342,1677362640000.0,0.0433138682442177,0.0,1073.6,1.4872817943777106,0.0,0.0,1.346,0.9670240820371391,1.0,1550.2439654969178,1000.0,1398.5638310530078,1000.0,1.0299964199067766,0.0
1343,1677366240000.0,0.0433138682442177,0.0,1073.6,1.4872817943777106,0.0,0.0,1.3943,0.9670240820371391,1.0,1550.2439654969178,1000.0,1450.4187110530079,1000.0,1.0299964199067766,0.0
1344,1677369840000.0,0.0433138682442177,0.0,1073.6,1.4872817943777106,0.0,0.0,1.3904,0.9670240820371391,1.0,1550.2439654969178,1000.0,1446.2316710530079,1000.0,1.0299964199067766,0.0
1345,1677373440000.0,0.0433138682442177,0.0,1073.6,1.4872817943777106,0.0,0.0,1.39275,0.9670240820371391,1.0,1550.2439654969178,1000.0,1448.7546310530076,1000.0,1.0299964199067766,0.0
1346,1677377040000.0,0.029135260772625748,0.0,1062.6,1.4872817943777106,0.0,0.0,1.40905,0.9670240820371391,1.0,1549.426506608763,1000.0,1466.2974019030078,1000.0,1.019981023923976,0.0
1347,1677380640000.0,0.029135260772625748,0.0,1062.6,1.4872817943777106,0.0,0.0,1.4362,0.9670240820371391,1.0,1549.426506608763,1000.0,1495.1469919030076,1000.0,1.019981023923976,0.0
1348,1677384240000.0,0.029135260772625748,0.0,1062.6,1.4872817943777106,0.0,0.0,1.4274,0.9670240820371391,1.0,1549.426506608763,1000.0,1485.7961119030078,1000.0,1.019981023923976,0.0
1349,1677387840000.0,0.029135260772625748,0.0,1062.6,1.4872817943777106,0.0,0.0,1.42235,0.9670240820371391,1.0,1549.426506608763,1000.0,1480.4299819030077,1000.0,1.019981023923976,0.0
1350,1677391440000.0,0.029135260772625748,0.0,1062.6,1.4872817943777106,0.0,0.0,1.41835,0.9670240820371391,1.0,1549.426506608763,1000.0,1476.1795819030078,1000.0,1.019981023923976,0.0
1351,1677395040000.0,0.029135260772625748,0.0,1062.6,1.4872817943777106,0.0,0.0,1.4276,0.9670240820371391,1.0,1549.426506608763,1000.0,1486.0086319030077,1000.0,1.019981023923976,0.0
1352,1677398640000.0,0.029135260772625748,0.0,1062.6,1.4872817943777106,0.0,0.0,1.43365,0.9670240820371391,1.0,1549.426506608763,1000.0,1492.437361903008,1000.0,1.019981023923976,0.0
1353,1677402240000.0,0.029135260772625748,0.0,1062.6,1.4872817943777106,0.0,0.0,1.4285,0.9670240820371391,1.0,1549.426506608763,1000.0,1486.9649719030078,1000.0,1.019981023923976,0.0
1354,1677405840000.0,0.029135260772625748,0.0,1062.6,1.4872817943777106,0.0,0.0,1.43365,0.9670240820371391,1.0,1549.426506608763,1000.0,1492.437361903008,1000.0,1.019981023923976,0.0
1355,1677409440000.0,0.029135260772625748,0.0,1062.6,1.4872817943777106,0.0,0.0,1.42225,0.9670240820371391,1.0,1549.426506608763,1000.0,1480.3237219030077,1000.0,1.019981023923976,0.0
1356,1677413040000.0,0.029135260772625748,0.0,1062.6,1.4872817943777106,0.0,0.0,1.42305,0.9670240820371391,1.0,1549.426506608763,1000.0,1481.1738019030076,1000.0,1.019981023923976,0.0
1357,1677416640000.0,0.029135260772625748,0.0,1062.6,1.4872817943777106,0.0,0.0,1.4117,0.9670240820371391,1.0,1549.426506608763,1000.0,1469.1132919030076,1000.0,1.019981023923976,0.0
1358,1677420240000.0,0.014709705968992097,0.0,1051.6,1.4872817943777106,0.0,0.0,1.42155,0.9670240820371391,1.0,1548.5568081706083,1000.0,1479.433253203008,1000.0,1.0099891245289645,0.0
1359,1677423840000.0,0.014709705968992097,0.0,1051.6,1.4872817943777106,0.0,0.0,1.42375,0.9670240820371391,1.0,1548.5568081706083,1000.0,1481.746773203008,1000.0,1.0099891245289645,0.0
1360,1677427440000.0,0.014709705968992097,0.0,1051.6,1.4872817943777106,0.0,0.0,1.4168,0.9670240820371391,1.0,1548.5568081706083,1000.0,1474.438153203008,1000.0,1.0099891245289645,0.0
1361,1677431040000.0,0.014709705968992097,0.0,1051.6,1.4872817943777106,0.0,0.0,1.4146,0.9670240820371391,1.0,1548.5568081706083,1000.0,1472.124633203008,1000.0,1.0099891245289645,0.0
1362,1677434640000.0,0.014709705968992097,0.0,1051.6,1.4872817943777106,0.0,0.0,1.42625,0.9670240820371391,1.0,1548.5568081706083,1000.0,1484.3757732030078,1000.0,1.0099891245289645,0.0
1363,1677438240000.0,0.014709705968992097,0.0,1051.6,1.4872817943777106,0.0,0.0,1.48805,0.9670240820371391,1.0,1548.5568081706083,1000.0,1549.364653203008,1000.0,1.0099891245289645,0.0
1364,1677441840000.0,0.0,0.0,145.8,1.4872817943777106,0.0,0.0,1.52785,0.9670240820371391,1.0,1572.7515890312777,1000.0,1578.6664334110076,1000.0,0.13787662790017233,0.0
1365,1677445440000.0,0.0,0.0,3.2,1.4872817943777106,0.0,0.0,1.5516,0.9670240820371391,1.0,1580.4299634090162,1000.0,1580.6357816670074,1000.0,0.0030113968047927753,0.0
1366,1677449040000.0,0.0,0.0,0.1,1.4872817943777106,0.0,0.0,1.53595,0.9670240820371391,1.0,1580.6379359444456,1000.0,1580.642802765008,1000.0,9.409376812717366e-05,0.0
1367,1677452640000.0,0.0,0.0,0.0,1.4872817943777106,0.0,0.0,1.54605,0.9670240820371391,1.0,1580.6437568490078,1000.0,1580.6437568490078,1000.0,0.0,0.0
1368,1677456240000.0,0.0,0.0,0.0,1.4872817943777106,0.0,0.0,1.5165,0.9670240820371391,1.0,1580.6437568490078,1000.0,1580.6437568490078,1000.0,0.0,0.0
1369,1677459840000.0,0.0,0.0,0.0,1.4872817943777106,0.0,0.0,1.54075,0.9670240820371391,1.0,1580.6437568490078,1000.0,1580.6437568490078,1000.0,0.0,0.0
1370,1677463440000.0,0.0,0.0,0.0,1.4872817943777106,0.0,0.0,1.5456,0.9670240820371391,1.0,1580.6437568490078,1000.0,1580.6437568490078,1000.0,0.0,0.0
1371,1677467040000.0,0.0,0.0,0.0,1.4872817943777106,0.0,0.0,1.5475,0.9670240820371391,1.0,1580.6437568490078,1000.0,1580.6437568490078,1000.0,0.0,0.0
1372,1677470640000.0,0.0,0.0,0.0,1.4872817943777106,0.0,0.0,1.55255,0.9670240820371391,1.0,1580.6437568490078,1000.0,1580.6437568490078,1000.0,0.0,0.0
1373,1677474240000.0,0.0,0.0,0.0,1.4872817943777106,0.0,0.0,1.53775,0.9670240820371391,1.0,1580.6437568490078,1000.0,1580.6437568490078,1000.0,0.0,0.0
1374,1677477840000.0,0.0,0.0,51.8,1.5264,0.0,0.0,1.533,0.9670240820371391,1.0,1580.6279433450077,1000.0,1580.9698233450076,1000.0,0.050022853469661656,0.0
1375,1677481440000.0,0.0,0.0,51.8,1.5264,0.0,0.0,1.4985,0.9670240820371391,1.0,1580.6279433450077,1000.0,1579.1827233450076,1000.0,0.050022853469661656,0.0
1376,1677485040000.0,0.0,0.0,51.8,1.5264,0.0,0.0,1.4819,0.9670240820371391,1.0,1580.6279433450077,1000.0,1578.3228433450076,1000.0,0.050022853469661656,0.0
1377,1677488640000.0,0.0,0.0,131.1,1.4942807780320366,0.0,0.0,1.45385,0.9670240820371391,1.0,1580.6045768070078,1000.0,1575.3041018070078,1000.0,0.1239400498230491,0.0
1378,1677492240000.0,0.0,0.0,131.1,1.4942807780320366,0.0,0.0,1.4658,0.9670240820371391,1.0,1580.6045768070078,1000.0,1576.870746807008,1000.0,0.1239400498230491,0.0
1379,1677495840000.0,0.0,0.0,131.1,1.4942807780320366,0.0,0.0,1.4651,0.9670240820371391,1.0,1580.6045768070078,1000.0,1576.778976807008,1000.0,0.1239400498230491,0.0
1380,1677499440000.0,0.0,0.0,131.1,1.4942807780320366,0.0,0.0,1.4778,0.9670240820371391,1.0,1580.6045768070078,1000.0,1578.4439468070077,1000.0,0.1239400498230491,0.0
1381,1677503040000.0,0.0,0.0,131.1,1.4942807780320366,0.0,0.0,1.47075,0.9670240820371391,1.0,1580.6045768070078,1000.0,1577.5196918070078,1000.0,0.1239400498230491,0.0
1382,1677506640000.0,0.0,0.0,36.3,1.4942807780320366,0.0,0.0,1.5233,0.9670240820371391,1.0,1583.3817162795704,1000.0,1584.4351140370075,1000.0,0.034257306172522206,0.0
1383,1677510240000.0,0.0,0.0,4.2,1.4942807780320366,0.0,0.0,1.5316,0.9670240820371391,1.0,1584.3227098667417,1000.0,1584.4794505990071,1000.0,0.00396130108383186,0.0
1384,1677513840000.0,0.0,0.0,0.3,1.4942807780320366,0.0,0.0,1.5165,0.9670240820371391,1.0,1584.4863463264178,1000.0,1584.4930120930082,1000.0,0.0002829208559915609,0.0
1385,1677517440000.0,0.0,0.0,52.8,1.499868072602455,0.0,0.0,1.4899,0.9670240820371391,1.0,1584.4705973764178,1000.0,1583.944283143008,1000.0,0.04998075342296552,0.0
1386,1677521040000.0,0.0,0.0,52.8,1.499868072602455,0.0,0.0,1.48005,0.9670240820371391,1.0,1584.4705973764178,1000.0,1583.424203143008,1000.0,0.04998075342296552,0.0
1387,1677524640000.0,0.0,0.0,133.6,1.4683173221063592,0.0,0.0,1.46145,0.9670240820371391,1.0,1584.447202544418,1000.0,1583.5297283110083,1000.0,0.1238079715868035,0.0
1388,1677528240000.0,0.0,0.0,133.6,1.4683173221063592,0.0,0.0,1.45885,0.9670240820371391,1.0,1584.447202544418,1000.0,1583.1823683110083,1000.0,0.1238079715868035,0.0
1389,1677531840000.0,0.0,0.0,133.6,1.4683173221063592,0.0,0.0,1.4715,0.9670240820371391,1.0,1584.447202544418,1000.0,1584.8724083110083,1000.0,0.1238079715868035,0.0
1390,1677535440000.0,0.0,0.0,39.1,1.4683173221063592,0.0,0.0,1.48035,0.9670240820371391,1.0,1585.8066869053669,1000.0,1586.2771646110082,1000.0,0.036203156266413614,0.0
1391,1677539040000.0,0.0,0.0,46.1,1.4706779756863808,0.0,0.0,1.4901,0.9670240820371391,1.0,1585.9120036421505,1000.0,1586.8073589630083,1000.0,0.042750325694892934,0.0
1392,1677542640000.0,0.0,0.0,46.0,1.472851638753371,0.0,0.0,1.47895,0.9670240820371391,1.0,1586.1114509736633,1000.0,1586.3919755910083,1000.0,0.04271526779600814,0.0
1393,1677546240000.0,0.0,0.0,46.0,1.472851638753371,0.0,0.0,1.4632,0.9670240820371391,1.0,1586.1114509736633,1000.0,1585.6674755910083,1000.0,0.04271526779600814,0.0
1394,1677549840000.0,0.0,0.0,46.0,1.472851638753371,0.0,0.0,1.46795,0.9670240820371391,1.0,1586.1114509736633,1000.0,1585.8859755910082,1000.0,0.04271526779600814,0.0
1395,1677553440000.0,0.0,0.0,0.0,1.472851638753371,0.0,0.0,1.5566,0.9670240820371391,1.0,1587.9666015410082,1000.0,1587.9666015410082,1000.0,0.0,0.0
1396,1677557040000.0,0.0,0.0,0.0,1.472851638753371,0.0,0.0,1.5817,0.9670240820371391,1.0,1587.9666015410082,1000.0,1587.9666015410082,1000.0,0.0,0.0
1397,1677560640000.0,0.0,0.0,0.0,1.472851638753371,0.0,0.0,1.5227,0.9670240820371391,1.0,1587.9666015410082,1000.0,1587.9666015410082,1000.0,0.0,0.0
1398,1677564240000.0,0.0,0.0,0.0,1.472851638753371,0.0,0.0,1.53265,0.9670240820371391,1.0,1587.9666015410082,1000.0,1587.9666015410082,1000.0,0.0,0.0
1399,1677567840000.0,0.0,0.0,0.0,1.472851638753371,0.0,0.0,1.5625,0.9670240820371391,1.0,1587.9666015410082,1000.0,1587.9666015410082,1000.0,0.0,0.0
1400,1677571440000.0,0.0,0.0,52.2,1.5218,0.0,0.0,1.51385,0.9670240820371391,1.0,1587.9507139490083,1000.0,1587.5357239490083,1000.0,0.05002545690001238,0.0
1401,1677575040000.0,0.0,0.0,38.4,1.5218,0.0,0.0,1.53485,0.9670240820371391,1.0,1588.1576115530083,1000.0,1588.6587315530082,1000.0,0.03679554193796686,0.0
1402,1677578640000.0,0.0,0.0,52.0,1.52681,0.0,0.0,1.532,0.9670240820371391,1.0,1589.267454577008,1000.0,1589.537334577008,1000.0,0.049956424748615495,0.0
1403,1677582240000.0,0.0,0.0,13.6,1.52681,0.0,0.0,1.54625,0.9670240820371391,1.0,1590.049815827008,1000.0,1590.314199827008,1000.0,0.013059097767449521,0.0
1404,1677585840000.0,0.0,0.0,5.8,1.52681,0.0,0.0,1.53865,0.9670240820371391,1.0,1590.2545645690075,1000.0,1590.3232365690076,1000.0,0.005568604044472607,0.0
1405,1677589440000.0,0.0,0.0,51.7,1.5365487040618953,0.0,0.0,1.53295,0.9670240820371391,1.0,1590.3110702430079,1000.0,1590.125017243008,1000.0,0.04995221971753062,0.0
1406,1677593040000.0,0.0,0.0,51.7,1.5365487040618953,0.0,0.0,1.53715,0.9670240820371391,1.0,1590.3110702430079,1000.0,1590.342157243008,1000.0,0.04995221971753062,0.0
1407,1677596640000.0,0.0,0.0,32.7,1.5367880584685487,0.0,0.0,1.5541,0.9670240820371391,1.0,1590.8798344349295,1000.0,1591.445934923008,1000.0,0.03158816173552862,0.0
1408,1677600240000.0,0.0,0.0,14.0,1.5367880584685487,0.0,0.0,1.57675,0.9670240820371391,1.0,1591.3137022135672,1000.0,1591.8731693950076,1000.0,0.013520296336688107,0.0
1409,1677603840000.0,0.0,0.0,51.5,1.5432645122338946,0.0,0.0,1.53875,0.9670240820371391,1.0,1591.5855311750531,1000.0,1591.3530337950076,1000.0,0.04993644439665621,0.0
1410,1677607440000.0,0.0,0.0,20.6,1.5432645122338946,0.0,0.0,1.5556,0.9670240820371391,1.0,1592.0528549810256,1000.0,1592.3069660290073,1000.0,0.019968714513813757,0.0
1411,1677611040000.0,0.0,0.0,51.5,1.5452058048935577,0.0,0.0,1.554,0.9670240820371391,1.0,1592.0432976110255,1000.0,1592.4961986590074,1000.0,0.049984883621840455,0.0
1412,1677614640000.0,0.0,0.0,51.5,1.5452058048935577,0.0,0.0,1.51165,0.9670240820371391,1.0,1592.0432976110255,1000.0,1590.3151736590073,1000.0,0.049984883621840455,0.0
1413,1677618240000.0,0.0,0.0,51.5,1.5452058048935577,0.0,0.0,1.51255,0.9670240820371391,1.0,1592.0432976110255,1000.0,1590.3615236590074,1000.0,0.049984883621840455,0.0
1414,1677621840000.0,0.0,0.0,329.7,1.4771487987625664,0.0,0.0,1.44705,0.9670240820371391,1.0,1591.9618100390255,1000.0,1582.0382360870074,1000.0,0.3059218857392561,0.0
1415,1677625440000.0,0.0,0.0,329.7,1.4771487987625664,0.0,0.0,1.4641,0.9670240820371391,1.0,1591.9618100390255,1000.0,1587.6596210870073,1000.0,0.3059218857392561,0.0
1416,1677629040000.0,0.0,0.0,329.7,1.4771487987625664,0.0,0.0,1.46435,0.9670240820371391,1.0,1591.9618100390255,1000.0,1587.7420460870073,1000.0,0.3059218857392561,0.0
1417,1677632640000.0,0.0,0.0,329.7,1.4771487987625664,0.0,0.0,1.4512,0.9670240820371391,1.0,1591.9618100390255,1000.0,1583.4064910870075,1000.0,0.3059218857392561,0.0
1418,1677636240000.0,0.0,0.0,329.7,1.4771487987625664,0.0,0.0,1.47485,0.9670240820371391,1.0,1591.9618100390255,1000.0,1591.2038960870075,1000.0,0.3059218857392561,0.0
1419,1677639840000.0,0.0,0.0,329.7,1.4771487987625664,0.0,0.0,1.47895,0.9670240820371391,1.0,1591.9618100390255,1000.0,1592.5556660870075,1000.0,0.3059218857392561,0.0
1420,1677643440000.0,0.0,0.0,109.1,1.4771487987625664,0.0,0.0,1.49935,0.9670240820371391,1.0,1595.4860152080037,1000.0,1597.9081662630076,1000.0,0.1010080517214599,0.0
1421,1677647040000.0,0.0,0.0,7.1,1.4771487987625664,0.0,0.0,1.5327,0.9670240820371391,1.0,1597.3029744062217,1000.0,1597.6973879350076,1000.0,0.006565915570972325,0.0
1422,1677650640000.0,0.0,0.0,5.0,1.4771487987625664,0.0,0.0,1.509,0.9670240820371391,1.0,1597.3637692408204,1000.0,1597.5230252470076,1000.0,0.004623708222281176,0.0
1423,1677654240000.0,0.0,0.0,4.2,1.4771487987625664,0.0,0.0,1.50385,0.9670240820371391,1.0,1597.3869291778103,1000.0,1597.4990742230075,1000.0,0.003883858595234686,0.0
1424,1677657840000.0,0.0,0.0,1.7,1.4771487987625664,0.0,0.0,1.51635,0.9670240820371391,1.0,1597.4650628289041,1000.0,1597.5317048710078,1000.0,0.00157196111284552,0.0
1425,1677661440000.0,0.0,0.0,0.5,1.4771487987625664,0.0,0.0,1.52525,0.9670240820371391,1.0,1597.5199587023897,1000.0,1597.5440093030084,1000.0,0.0004623256162515814,0.0
1426,1677665040000.0,0.0,0.0,0.1,1.4771487987625664,0.0,0.0,1.5252,0.9670240820371391,1.0,1597.5401769428847,1000.0,1597.5449820630085,1000.0,9.246395302491209e-05,0.0
1427,1677668640000.0,0.0,0.0,0.0,1.4771487987625664,0.0,0.0,1.52705,0.9670240820371391,1.0,1597.5459513590085,1000.0,1597.5459513590085,1000.0,0.0,0.0
1428,1677672240000.0,0.0,0.0,0.0,1.4771487987625664,0.0,0.0,1.53065,0.9670240820371391,1.0,1597.5459513590085,1000.0,1597.5459513590085,1000.0,0.0,0.0
1429,1677675840000.0,0.0,0.0,0.0,1.4771487987625664,0.0,0.0,1.5221,0.9670240820371391,1.0,1597.5459513590085,1000.0,1597.5459513590085,1000.0,0.0,0.0
1430,1677679440000.0,0.0,0.0,52.7,1.5163,0.0,0.0,1.52105,0.9670240820371391,1.0,1597.5299695570086,1000.0,1597.7802945570086,1000.0,0.050020351118770304,0.0
1431,1677683040000.0,0.0,0.0,52.7,1.5160362428842502,0.0,0.0,1.5097,0.9670240820371391,1.0,1597.7327794530083,1000.0,1597.3988594530083,1000.0,0.0500053019049609,0.0
1432,1677686640000.0,0.0,0.0,52.7,1.5160362428842502,0.0,0.0,1.50625,0.9670240820371391,1.0,1597.7327794530083,1000.0,1597.2170444530084,1000.0,0.0500053019049609,0.0
1433,1677690240000.0,0.0,0.0,52.7,1.5160362428842502,0.0,0.0,1.4986,0.9670240820371391,1.0,1597.7327794530083,1000.0,1596.8138894530084,1000.0,0.0500053019049609,0.0
1434,1677693840000.0,0.0,0.0,52.7,1.5160362428842502,0.0,0.0,1.51865,0.9670240820371391,1.0,1597.7327794530083,1000.0,1597.8705244530083,1000.0,0.0500053019049609,0.0
1435,1677697440000.0,0.0,0.0,52.7,1.5160362428842502,0.0,0.0,1.5124,0.9670240820371391,1.0,1597.7327794530083,1000.0,1597.5411494530083,1000.0,0.0500053019049609,0.0
1436,1677701040000.0,0.0,0.0,52.7,1.5160362428842502,0.0,0.0,1.49855,0.9670240820371391,1.0,1597.7327794530083,1000.0,1596.8112544530084,1000.0,0.0500053019049609,0.0
1437,1677704640000.0,0.0,0.0,52.7,1.5160362428842502,0.0,0.0,1.4939,0.9670240820371391,1.0,1597.7327794530083,1000.0,1596.5661994530083,1000.0,0.0500053019049609,0.0
1438,1677708240000.0,0.0,0.0,52.7,1.5160362428842502,0.0,0.0,1.522,0.9670240820371391,1.0,1597.7327794530083,1000.0,1598.0470694530084,1000.0,0.0500053019049609,0.0
1439,1677711840000.0,0.0,0.0,52.7,1.5160362428842502,0.0,0.0,1.52415,0.9670240820371391,1.0,1597.7327794530083,1000.0,1598.1603744530084,1000.0,0.0500053019049609,0.0
1440,1677715440000.0,0.0,0.0,6.1,1.5160362428842502,0.0,0.0,1.5549,0.9670240820371391,1.0,1599.5275192306024,1000.0,1599.7645881490084,1000.0,0.0057815954839228224,0.0
1441,1677719040000.0,0.0,0.0,0.5,1.5160362428842502,0.0,0.0,1.5691,0.9670240820371391,1.0,1599.78976551045,1000.0,1599.8162973890078,1000.0,0.000473823584688493,0.0
1442,1677722640000.0,0.0,0.0,0.0,1.5160362428842502,0.0,0.0,1.5537,0.9670240820371391,1.0,1599.8119913090081,1000.0,1599.8119913090081,1000.0,0.0,0.0
1443,1677726240000.0,0.0,0.0,44.8,1.5327,0.0,0.0,1.53435,0.9670240820371391,1.0,1599.907658733008,1000.0,1599.981578733008,1000.0,0.04291807694350114,0.0
1444,1677729840000.0,0.0,0.0,28.3,1.5327,0.0,0.0,1.5418,0.9670240820371391,1.0,1600.1566500030078,1000.0,1600.414180003008,1000.0,0.027106977307452037,0.0
1445,1677733440000.0,0.0,0.0,24.3,1.5336593090211132,0.0,0.0,1.54285,0.9670240820371391,1.0,1600.5672031242204,1000.0,1600.7905369150074,1000.0,0.023284196462646546,0.0
1446,1677737040000.0,0.0,0.0,52.1,1.5350149944186766,0.0,0.0,1.50045,0.9670240820371391,1.0,1600.5586618522204,1000.0,1598.7578256430074,1000.0,0.04996647927709449,0.0
1447,1677740640000.0,0.0,0.0,52.1,1.5350149944186766,0.0,0.0,1.4998,0.9670240820371391,1.0,1600.5586618522204,1000.0,1598.7239606430073,1000.0,0.04996647927709449,0.0
1448,1677744240000.0,0.0,0.0,52.1,1.5350149944186766,0.0,0.0,1.4912,0.9670240820371391,1.0,1600.5586618522204,1000.0,1598.2759006430074,1000.0,0.04996647927709449,0.0
1449,1677747840000.0,0.0,0.0,52.1,1.5350149944186766,0.0,0.0,1.49375,0.9670240820371391,1.0,1600.5586618522204,1000.0,1598.4087556430075,1000.0,0.04996647927709449,0.0
1450,1677751440000.0,0.0,0.0,131.8,1.5027751988559412,0.0,0.0,1.4706,0.9670240820371391,1.0,1600.5350435542205,1000.0,1596.2943523450074,1000.0,0.12374972482288127,0.0
1451,1677755040000.0,0.0,0.0,131.8,1.5027751988559412,0.0,0.0,1.47055,0.9670240820371391,1.0,1600.5350435542205,1000.0,1596.2877623450074,1000.0,0.12374972482288127,0.0
1452,1677758640000.0,0.0,0.0,131.8,1.5027751988559412,0.0,0.0,1.48325,0.9670240820371391,1.0,1600.5350435542205,1000.0,1597.9616223450073,1000.0,0.12374972482288127,0.0
1453,1677762240000.0,0.0,0.0,131.8,1.5027751988559412,0.0,0.0,1.4677,0.9670240820371391,1.0,1600.5350435542205,1000.0,1595.9121323450074,1000.0,0.12374972482288127,0.0
1454,1677765840000.0,0.0,0.0,333.5,1.46747001861833,0.0,0.0,1.45335,0.9670240820371391,1.0,1600.4767764582205,1000.0,1595.7677502490073,1000.0,0.3057846626754778,0.0
1455,1677769440000.0,0.0,0.0,333.5,1.46747001861833,0.0,0.0,1.43675,0.9670240820371391,1.0,1600.4767764582205,1000.0,1590.2316502490073,1000.0,0.3057846626754778,0.0
1456,1677773040000.0,0.0,0.0,333.5,1.46747001861833,0.0,0.0,1.43695,0.9670240820371391,1.0,1600.4767764582205,1000.0,1590.2983502490074,1000.0,0.3057846626754778,0.0
1457,1677776640000.0,0.0,0.0,333.5,1.46747001861833,0.0,0.0,1.4279,0.9670240820371391,1.0,1600.4767764582205,1000.0,1587.2801752490075,1000.0,0.3057846626754778,0.0
1458,1677780240000.0,0.0,0.0,333.5,1.46747001861833,0.0,0.0,1.42525,0.9670240820371391,1.0,1600.4767764582205,1000.0,1586.3964002490075,1000.0,0.3057846626754778,0.0
1459,1677783840000.0,0.0,0.0,333.5,1.46747001861833,0.0,0.0,1.45,0.9670240820371391,1.0,1600.4767764582205,1000.0,1594.6505252490074,1000.0,0.3057846626754778,0.0
1460,1677787440000.0,0.0,0.0,333.5,1.46747001861833,0.0,0.0,1.47,0.9670240820371391,1.0,1600.4767764582205,1000.0,1601.3205252490075,1000.0,0.3057846626754778,0.0
1461,1677791040000.0,0.0,0.0,238.3,1.46747001861833,0.0,0.0,1.4784,0.9670240820371391,1.0,1602.5313934617554,1000.0,1605.1360080250074,1000.0,0.2182160716872681,0.0
1462,1677794640000.0,0.0,0.0,107.4,1.46747001861833,0.0,0.0,1.49905,0.9670240820371391,1.0,1604.726702824616,1000.0,1608.1183928250075,1000.0,0.0982137828966094,0.0
1463,1677798240000.0,0.0,0.0,18.7,1.46747001861833,0.0,0.0,1.52635,0.9670240820371391,1.0,1608.90895742917,1000.0,1610.0100130810072,1000.0,0.017056085878228357,0.0
1464,1677801840000.0,0.0,0.0,1.1,1.46747001861833,0.0,0.0,1.53435,0.9670240820371391,1.0,1610.0082786654873,1000.0,1610.081846645007,1000.0,0.001002614111908893,0.0
1465,1677805440000.0,0.0,0.0,0.2,1.46747001861833,0.0,0.0,1.50715,0.9670240820371391,1.0,1610.0570816887302,1000.0,1610.0650176850065,1000.0,0.00018228794932899576,0.0
1466,1677809040000.0,0.00018128272183204921,0.0,1170.9,1.3749730634554613,0.0,0.0,1.37345,0.9670240820371391,1.0,1609.7436960610066,1000.0,1607.960341061007,1000.0,1.0001318619476582,0.0
1467,1677812640000.0,0.00018128272183204921,0.0,1170.9,1.3749730634554613,0.0,0.0,1.3617,0.9670240820371391,1.0,1609.7436960610066,1000.0,1594.2022660610069,1000.0,1.0001318619476582,0.0
1468,1677816240000.0,0.00018128272183204921,0.0,1170.9,1.3749730634554613,0.0,0.0,1.35935,0.9670240820371391,1.0,1609.7436960610066,1000.0,1591.450651061007,1000.0,1.0001318619476582,0.0
1469,1677819840000.0,0.0,0.0,526.9,1.3749730634554613,0.0,0.0,1.4046,0.9670240820371391,1.0,1619.8801035516897,1000.0,1635.4905364170072,1000.0,0.44723884536036274,0.0
1470,1677823440000.0,0.0,0.0,254.2,1.3749730634554613,0.0,0.0,1.3965,0.9670240820371391,1.0,1627.2284131593851,1000.0,1632.7005604290068,1000.0,0.21479354090908645,0.0
1471,1677827040000.0,0.0,0.0,137.4,1.3749730634554613,0.0,0.0,1.3896,0.9670240820371391,1.0,1628.810956979787,1000.0,1630.8206980610066,1000.0,0.11598724708304184,0.0
1472,1677830640000.0,0.0,0.0,117.8,1.3749730634554613,0.0,0.0,1.38265,0.9670240820371391,1.0,1629.07652084006,1000.0,1629.9808639650066,1000.0,0.09942554864858645,0.0
1473,1677834240000.0,0.0,0.0,63.7,1.3749730634554613,0.0,0.0,1.39535,0.9670240820371391,1.0,1629.8095312911194,1000.0,1631.1075421490066,1000.0,0.05373988951502098,0.0
1474,1677837840000.0,0.0,0.0,58.7,1.3775227320224122,0.0,0.0,1.3774,0.9670240820371391,1.0,1630.035210005722,1000.0,1630.0280056360066,1000.0,0.04960664890756056,0.0
1475,1677841440000.0,0.0,0.0,58.7,1.3775227320224122,0.0,0.0,1.36525,0.9670240820371391,1.0,1630.035210005722,1000.0,1629.3148006360066,1000.0,0.04960664890756056,0.0
1476,1677845040000.0,0.0,0.0,58.7,1.3775227320224122,0.0,0.0,1.3773,0.9670240820371391,1.0,1630.035210005722,1000.0,1630.0221356360064,1000.0,0.04960664890756056,0.0
1477,1677848640000.0,0.0,0.0,58.7,1.3775227320224122,0.0,0.0,1.3481,0.9670240820371391,1.0,1630.035210005722,1000.0,1628.3080956360066,1000.0,0.04960664890756056,0.0
1478,1677852240000.0,0.0,0.0,58.7,1.3775227320224122,0.0,0.0,1.3827,0.9670240820371391,1.0,1630.035210005722,1000.0,1630.3391156360065,1000.0,0.04960664890756056,0.0
1479,1677855840000.0,0.0,0.0,58.7,1.3775227320224122,0.0,0.0,1.3661,0.9670240820371391,1.0,1630.035210005722,1000.0,1629.3646956360064,1000.0,0.04960664890756056,0.0
1480,1677859440000.0,0.0,0.0,58.7,1.3775227320224122,0.0,0.0,1.3478,0.9670240820371391,1.0,1630.035210005722,1000.0,1628.2904856360065,1000.0,0.04960664890756056,0.0
1481,1677863040000.0,0.0,0.0,148.5,1.3486036657893306,0.0,0.0,1.33925,0.9670240820371391,1.0,1630.011328593722,1000.0,1628.6223092240066,1000.0,0.122862731599844,0.0
1482,1677866640000.0,0.0,0.0,148.5,1.3486036657893306,0.0,0.0,1.34105,0.9670240820371391,1.0,1630.011328593722,1000.0,1628.8896092240066,1000.0,0.122862731599844,0.0
1483,1677870240000.0,0.0,0.0,148.5,1.3486036657893306,0.0,0.0,1.32945,0.9670240820371391,1.0,1630.011328593722,1000.0,1627.1670092240065,1000.0,0.122862731599844,0.0
1484,1677873840000.0,0.0,0.0,148.5,1.3486036657893306,0.0,0.0,1.3444,0.9670240820371391,1.0,1630.011328593722,1000.0,1629.3870842240065,1000.0,0.122862731599844,0.0
1485,1677877440000.0,0.0,0.0,148.5,1.3486036657893306,0.0,0.0,1.3329,0.9670240820371391,1.0,1630.011328593722,1000.0,1627.6793342240064,1000.0,0.122862731599844,0.0
1486,1677881040000.0,0.0,0.0,148.5,1.3486036657893306,0.0,0.0,1.32555,0.9670240820371391,1.0,1630.011328593722,1000.0,1626.5878592240065,1000.0,0.122862731599844,0.0
1487,1677884640000.0,0.0,0.0,148.5,1.3486036657893306,0.0,0.0,1.34565,0.9670240820371391,1.0,1630.011328593722,1000.0,1629.5727092240065,1000.0,0.122862731599844,0.0
1488,1677888240000.0,0.0,0.0,127.3,1.3486036657893306,0.0,0.0,1.35385,0.9670240820371391,1.0,1630.2916755749882,1000.0,1630.9595339200064,1000.0,0.10530462077863023,0.0
1489,1677891840000.0,0.0,0.0,59.1,1.3486036657893306,0.0,0.0,1.36185,0.9670240820371391,1.0,1631.193546524156,1000.0,1631.9764048760067,1000.0,0.04886144677189547,0.0
1490,1677895440000.0,0.0,0.0,50.7,1.3486036657893306,0.0,0.0,1.3521,0.9670240820371391,1.0,1631.3046274035257,1000.0,1631.4818915480066,1000.0,0.04191381836778531,0.0
1491,1677899040000.0,0.0,0.0,50.7,1.3486036657893306,0.0,0.0,1.3357,0.9670240820371391,1.0,1631.3046274035257,1000.0,1630.6504115480068,1000.0,0.04191381836778531,0.0
1492,1677902640000.0,0.0,0.0,128.3,1.3205977073695951,0.0,0.0,1.2816,0.9670240820371391,1.0,1631.2844157075258,1000.0,1626.2810098520067,1000.0,0.10386458929176505,0.0
1493,1677906240000.0,0.00018447762387797847,0.0,1309.7,1.2455017682335794,0.0,0.0,1.24805,0.9670240820371391,1.0,1630.992055511526,1000.0,1634.329474656007,1000.0,1.0001481370452887,0.0
1494,1677909840000.0,0.00018447762387797847,0.0,1309.7,1.2455017682335794,0.0,0.0,1.2301,0.9670240820371391,1.0,1630.992055511526,1000.0,1610.820359656007,1000.0,1.0001481370452887,0.0
1495,1677913440000.0,0.00018447762387797847,0.0,1309.7,1.2455017682335794,0.0,0.0,1.24515,0.9670240820371391,1.0,1630.992055511526,1000.0,1630.531344656007,1000.0,1.0001481370452887,0.0
1496,1677917040000.0,0.00018447762387797847,0.0,1309.7,1.2455017682335794,0.0,0.0,1.2407,0.9670240820371391,1.0,1630.992055511526,1000.0,1624.7031796560068,1000.0,1.0001481370452887,0.0
1497,1677920640000.0,0.00018447762387797847,0.0,1309.7,1.2455017682335794,0.0,0.0,1.23925,0.9670240820371391,1.0,1630.992055511526,1000.0,1622.804114656007,1000.0,1.0001481370452887,0.0
1498,1677924240000.0,0.00018447762387797847,0.0,1309.7,1.2455017682335794,0.0,0.0,1.23755,0.9670240820371391,1.0,1630.992055511526,1000.0,1620.577624656007,1000.0,1.0001481370452887,0.0
1499,1677927840000.0,0.00018447762387797847,0.0,1309.7,1.2455017682335794,0.0,0.0,1.2301,0.9670240820371391,1.0,1630.992055511526,1000.0,1610.820359656007,1000.0,1.0001481370452887,0.0
1500,1677931440000.0,0.00018447762387797847,0.0,1309.7,1.2455017682335794,0.0,0.0,1.22195,0.9670240820371391,1.0,1630.992055511526,1000.0,1600.146304656007,1000.0,1.0001481370452887,0.0
1501,1677935040000.0,0.00018447762387797847,0.0,1309.7,1.2455017682335794,0.0,0.0,1.23495,0.9670240820371391,1.0,1630.992055511526,1000.0,1617.172404656007,1000.0,1.0001481370452887,0.0
1502,1677938640000.0,0.0,0.0,1296.5,1.2455017682335794,0.0,0.0,1.23205,0.9670240820371391,1.0,1630.9161585708425,1000.0,1613.475941056007,1000.0,0.9901140742451559,0.0
1503,1677942240000.0,0.0,0.0,1296.5,1.2455017682335794,0.0,0.0,1.2297,0.9670240820371391,1.0,1630.9161585708425,1000.0,1610.4291660560068,1000.0,0.9901140742451559,0.0
1504,1677945840000.0,0.0,0.0,1296.5,1.2455017682335794,0.0,0.0,1.22345,0.9670240820371391,1.0,1630.9161585708425,1000.0,1602.3260410560067,1000.0,0.9901140742451559,0.0
1505,1677949440000.0,0.0,0.0,1296.5,1.2455017682335794,0.0,0.0,1.2302,0.9670240820371391,1.0,1630.9161585708425,1000.0,1611.0774160560068,1000.0,0.9901140742451559,0.0
1506,1677953040000.0,0.0,0.0,1296.5,1.2455017682335794,0.0,0.0,1.2291,0.9670240820371391,1.0,1630.9161585708425,1000.0,1609.651266056007,1000.0,0.9901140742451559,0.0
1507,1677956640000.0,0.0,0.0,816.6,1.2455017682335794,0.0,0.0,1.25875,0.9670240820371391,1.0,1636.7933171555478,1000.0,1647.611823216007,1000.0,0.6213837344516028,0.0
1508,1677960240000.0,0.0,0.0,514.3,1.2455017682335794,0.0,0.0,1.21665,0.9670240820371391,1.0,1640.4954739385369,1000.0,1625.657009536007,1000.0,0.3904683490925189,0.0
1509,1677963840000.0,0.00013965679312615874,0.0,1362.7,1.2038495629283994,0.0,0.0,1.1887,0.9670240820371391,1.0,1640.2954890905369,1000.0,1619.6511796880072,1000.0,1.0001160219687604,0.0
1510,1677967440000.0,0.00013965679312615874,0.0,1362.7,1.2038495629283994,0.0,0.0,1.2036,0.9670240820371391,1.0,1640.2954890905369,1000.0,1639.955409688007,1000.0,1.0001160219687604,0.0
1511,1677971040000.0,0.0,0.0,463.4,1.2038495629283994,0.0,0.0,1.2194,0.9670240820371391,1.0,1650.913755375027,1000.0,1658.1198279140067,1000.0,0.33791219295661756,0.0
1512,1677974640000.0,0.0,0.0,171.8,1.2038495629283994,0.0,0.0,1.22965,0.9670240820371391,1.0,1658.9257675511058,1000.0,1663.3582826400068,1000.0,0.1246718563039787,0.0
1513,1677978240000.0,0.0,0.0,53.2,1.2038495629283994,0.0,0.0,1.2361,0.9670240820371391,1.0,1662.4482237317973,1000.0,1664.1639469840063,1000.0,0.038524385802539855,0.0
1514,1677981840000.0,0.0,0.0,0.0,1.2038495629283994,0.0,0.0,1.26935,0.9670240820371391,1.0,1664.4935763100061,1000.0,1664.4935763100061,1000.0,0.0,0.0
1515,1677985440000.0,0.0,0.0,21.3,1.2344,0.0,0.0,1.2628,0.9670240820371391,1.0,1665.2206443820064,1000.0,1665.8255643820064,1000.0,0.01578933103472165,0.0
1516,1677989040000.0,0.0,0.0,5.2,1.2344,0.0,0.0,1.2578,0.9670240820371391,1.0,1665.6094310460064,1000.0,1665.7311110460064,1000.0,0.0038537726074046835,0.0
1517,1677992640000.0,0.0,0.0,3.1,1.2344,0.0,0.0,1.27035,0.9670240820371391,1.0,1665.6601423500065,1000.0,1665.7715873500065,1000.0,0.0022973714161168327,0.0
1518,1677996240000.0,0.0,0.0,1.0,1.2344,0.0,0.0,1.25095,0.9670240820371391,1.0,1665.7398578520067,1000.0,1665.7564078520068,1000.0,0.0007410520881644597,0.0
1519,1677999840000.0,0.0,0.0,66.8,1.2466143712574849,0.0,0.0,1.23605,0.9670240820371391,1.0,1665.7234499640067,1000.0,1665.0177499640067,1000.0,0.04999259631110997,0.0
1520,1678003440000.0,0.0,0.0,66.8,1.2466143712574849,0.0,0.0,1.2302,0.9670240820371391,1.0,1665.7234499640067,1000.0,1664.6269699640068,1000.0,0.04999259631110997,0.0
1521,1678007040000.0,0.0,0.0,66.8,1.2466143712574849,0.0,0.0,1.20805,0.9670240820371391,1.0,1665.7234499640067,1000.0,1663.1473499640067,1000.0,0.04999259631110997,0.0
1522,1678010640000.0,0.0,0.0,66.8,1.2466143712574849,0.0,0.0,1.23035,0.9670240820371391,1.0,1665.7234499640067,1000.0,1664.6369899640067,1000.0,0.04999259631110997,0.0
1523,1678014240000.0,0.0,0.0,66.8,1.2466143712574849,0.0,0.0,1.2302,0.9670240820371391,1.0,1665.7234499640067,1000.0,1664.6269699640068,1000.0,0.04999259631110997,0.0
1524,1678017840000.0,0.0,0.0,66.8,1.2466143712574849,0.0,0.0,1.22645,0.9670240820371391,1.0,1665.7234499640067,1000.0,1664.3764699640067,1000.0,0.04999259631110997,0.0
1525,1678021440000.0,0.0,0.0,66.8,1.2466143712574849,0.0,0.0,1.232,0.9670240820371391,1.0,1665.7234499640067,1000.0,1664.7472099640067,1000.0,0.04999259631110997,0.0
1526,1678025040000.0,0.0,0.0,66.8,1.2466143712574849,0.0,0.0,1.23075,0.9670240820371391,1.0,1665.7234499640067,1000.0,1664.6637099640068,1000.0,0.04999259631110997,0.0
1527,1678028640000.0,0.0,0.0,66.8,1.2466143712574849,0.0,0.0,1.217,0.9670240820371391,1.0,1665.7234499640067,1000.0,1663.7452099640068,1000.0,0.04999259631110997,0.0
1528,1678032240000.0,0.0,0.0,66.8,1.2466143712574849,0.0,0.0,1.213,0.9670240820371391,1.0,1665.7234499640067,1000.0,1663.4780099640068,1000.0,0.04999259631110997,0.0
1529,1678035840000.0,0.0,0.0,66.8,1.2466143712574849,0.0,0.0,1.2232,0.9670240820371391,1.0,1665.7234499640067,1000.0,1664.1593699640068,1000.0,0.04999259631110997,0.0
1530,1678039440000.0,0.0,0.0,66.8,1.2466143712574849,0.0,0.0,1.2143,0.9670240820371391,1.0,1665.7234499640067,1000.0,1663.5648499640067,1000.0,0.04999259631110997,0.0
1531,1678043040000.0,0.0,0.0,66.8,1.2466143712574849,0.0,0.0,1.217,0.9670240820371391,1.0,1665.7234499640067,1000.0,1663.7452099640068,1000.0,0.04999259631110997,0.0
1532,1678046640000.0,0.0,0.0,66.8,1.2466143712574849,0.0,0.0,1.2118,0.9670240820371391,1.0,1665.7234499640067,1000.0,1663.3978499640068,1000.0,0.04999259631110997,0.0
1533,1678050240000.0,0.0,0.0,66.8,1.2466143712574849,0.0,0.0,1.2263,0.9670240820371391,1.0,1665.7234499640067,1000.0,1664.3664499640067,1000.0,0.04999259631110997,0.0
1534,1678053840000.0,0.0,0.0,66.8,1.2466143712574849,0.0,0.0,1.21805,0.9670240820371391,1.0,1665.7234499640067,1000.0,1663.8153499640068,1000.0,0.04999259631110997,0.0
1535,1678057440000.0,0.0,0.0,169.0,1.2204207100591717,0.0,0.0,1.1905,0.9670240820371391,1.0,1665.6988545120066,1000.0,1660.6422545120065,1000.0,0.12382256218842429,0.0
1536,1678061040000.0,0.0,0.0,427.6,1.1917420486435923,0.0,0.0,1.1994,0.9670240820371391,1.0,1665.6381869520067,1000.0,1668.9127269520066,1000.0,0.3059421331666931,0.0
1537,1678064640000.0,0.0,0.0,145.6,1.1917420486435923,0.0,0.0,1.2024,0.9670240820371391,1.0,1668.942440554514,1000.0,1670.494238272007,1000.0,0.10396861992727262,0.0
1538,1678068240000.0,0.0,0.0,91.8,1.1917420486435923,0.0,0.0,1.17265,0.9670240820371391,1.0,1669.5728265254886,1000.0,1667.820176460007,1000.0,0.06552689306351236,0.0
1539,1678071840000.0,0.0,0.0,91.8,1.1917420486435923,0.0,0.0,1.18255,0.9670240820371391,1.0,1669.5728265254886,1000.0,1668.7289964600068,1000.0,0.06552689306351236,0.0
1540,1678075440000.0,0.0,0.0,91.8,1.1917420486435923,0.0,0.0,1.1947,0.9670240820371391,1.0,1669.5728265254886,1000.0,1669.8443664600068,1000.0,0.06552689306351236,0.0
1541,1678079040000.0,0.0,0.0,91.8,1.1917420486435923,0.0,0.0,1.1721,0.9670240820371391,1.0,1669.5728265254886,1000.0,1667.7696864600068,1000.0,0.06552689306351236,0.0
1542,1678082640000.0,0.0,0.0,91.8,1.1917420486435923,0.0,0.0,1.1852,0.9670240820371391,1.0,1669.5728265254886,1000.0,1668.9722664600067,1000.0,0.06552689306351236,0.0
1543,1678086240000.0,0.0,0.0,91.8,1.1917420486435923,0.0,0.0,1.1859,0.9670240820371391,1.0,1669.5728265254886,1000.0,1669.0365264600068,1000.0,0.06552689306351236,0.0
1544,1678089840000.0,0.0,0.0,91.8,1.1917420486435923,0.0,0.0,1.1935,0.9670240820371391,1.0,1669.5728265254886,1000.0,1669.7342064600068,1000.0,0.06552689306351236,0.0
1545,1678093440000.0,0.0,0.0,91.8,1.1917420486435923,0.0,0.0,1.1998,0.9670240820371391,1.0,1669.5728265254886,1000.0,1670.3125464600068,1000.0,0.06552689306351236,0.0
1546,1678097040000.0,0.0,0.0,23.2,1.1917420486435923,0.0,0.0,1.202,0.9670240820371391,1.0,1670.3766272245384,1000.0,1670.6146116960072,1000.0,0.016552204501610723,0.0
1547,1678100640000.0,0.0,0.0,69.9,1.1952311908900994,0.0,0.0,1.1987,0.9670240820371391,1.0,1670.5894398652247,1000.0,1670.8319096220068,1000.0,0.05001028873375263,0.0
1548,1678104240000.0,0.0,0.0,69.9,1.1952311908900994,0.0,0.0,1.1926,0.9670240820371391,1.0,1670.5894398652247,1000.0,1670.4055196220068,1000.0,0.05001028873375263,0.0
1549,1678107840000.0,0.0,0.0,69.9,1.1952311908900994,0.0,0.0,1.1969,0.9670240820371391,1.0,1670.5894398652247,1000.0,1670.7060896220066,1000.0,0.05001028873375263,0.0
1550,1678111440000.0,0.0,0.0,69.9,1.1952311908900994,0.0,0.0,1.19825,0.9670240820371391,1.0,1670.5894398652247,1000.0,1670.8004546220068,1000.0,0.05001028873375263,0.0
1551,1678115040000.0,0.0,0.0,60.0,1.1952311908900994,0.0,0.0,1.2176,0.9670240820371391,1.0,1670.7055408194128,1000.0,1672.0476693660069,1000.0,0.042924303356433026,0.0
1552,1678118640000.0,0.0,0.0,14.4,1.1952311908900994,0.0,0.0,1.2284,0.9670240820371391,1.0,1672.100086860824,1000.0,1672.5777177120065,1000.0,0.010293240987224473,0.0
1553,1678122240000.0,0.0,0.0,14.4,1.1952311908900994,0.0,0.0,1.2162,0.9670240820371391,1.0,1672.100086860824,1000.0,1672.4020377120064,1000.0,0.010293240987224473,0.0
1554,1678125840000.0,0.0,0.0,12.0,1.1952311908900994,0.0,0.0,1.21345,0.9670240820371391,1.0,1672.1563069306878,1000.0,1672.3749326400066,1000.0,0.008577412429229148,0.0
1555,1678129440000.0,0.0,0.0,5.9,1.1952311908900994,0.0,0.0,1.21435,0.9670240820371391,1.0,1672.2991996082583,1000.0,1672.4120005820066,1000.0,0.004216867428928693,0.0
1556,1678133040000.0,0.0,0.0,69.2,1.2076431217666415,0.0,0.0,1.20045,0.9670240820371391,1.0,1672.2838962002584,1000.0,1671.7861321740068,1000.0,0.049972916809242596,0.0
1557,1678136640000.0,0.0,0.0,69.2,1.2076431217666415,0.0,0.0,1.18665,0.9670240820371391,1.0,1672.2838962002584,1000.0,1670.8311721740067,1000.0,0.049972916809242596,0.0
1558,1678140240000.0,0.0,0.0,69.2,1.2076431217666415,0.0,0.0,1.2024,0.9670240820371391,1.0,1672.2838962002584,1000.0,1671.9210721740067,1000.0,0.049972916809242596,0.0
1559,1678143840000.0,0.0,0.0,69.2,1.2076431217666415,0.0,0.0,1.2042,0.9670240820371391,1.0,1672.2838962002584,1000.0,1672.0456321740069,1000.0,0.049972916809242596,0.0
1560,1678147440000.0,0.0,0.0,51.0,1.2076431217666415,0.0,0.0,1.22205,0.9670240820371391,1.0,1672.5007113121053,1000.0,1673.2354621020065,1000.0,0.03682497639225544,0.0
1561,1678151040000.0,0.0,0.0,69.4,1.2069688646988286,0.0,0.0,1.2184,0.9670240820371391,1.0,1672.4962765441053,1000.0,1673.2895973340067,1000.0,0.050083004898032,0.0
1562,1678154640000.0,0.0,0.0,2.6,1.2069688646988286,0.0,0.0,1.2534,0.9670240820371391,1.0,1674.2726627042234,1000.0,1674.3933836560066,1000.0,0.0018743177966893281,0.0
1563,1678158240000.0,0.0,0.0,1.5,1.2069688646988286,0.0,0.0,1.2554,0.9670240820371391,1.0,1674.3245609850549,1000.0,1674.3972076880066,1000.0,0.0010813036726780734,0.0
1564,1678161840000.0,0.0,0.0,0.0,1.2069688646988286,0.0,0.0,1.23915,0.9670240820371391,1.0,1674.3894325480067,1000.0,1674.3894325480067,1000.0,0.0,0.0
1565,1678165440000.0,0.0,0.0,0.0,1.2069688646988286,0.0,0.0,1.2593,0.9670240820371391,1.0,1674.3894325480067,1000.0,1674.3894325480067,1000.0,0.0,0.0
1566,1678169040000.0,0.0,0.0,0.0,1.2069688646988286,0.0,0.0,1.25255,0.9670240820371391,1.0,1674.3894325480067,1000.0,1674.3894325480067,1000.0,0.0,0.0
1567,1678172640000.0,0.0,0.0,0.0,1.2069688646988286,0.0,0.0,1.2431,0.9670240820371391,1.0,1674.3894325480067,1000.0,1674.3894325480067,1000.0,0.0,0.0
1568,1678176240000.0,0.0,0.0,67.5,1.2395,0.0,0.0,1.2429,0.9670240820371391,1.0,1674.3726992980066,1000.0,1674.6021992980066,1000.0,0.04996871367711484,0.0
1569,1678179840000.0,0.0,0.0,67.5,1.2395,0.0,0.0,1.2404,0.9670240820371391,1.0,1674.3726992980066,1000.0,1674.4334492980067,1000.0,0.04996871367711484,0.0
1570,1678183440000.0,0.0,0.0,67.5,1.2395,0.0,0.0,1.22535,0.9670240820371391,1.0,1674.3726992980066,1000.0,1673.4175742980067,1000.0,0.04996871367711484,0.0
1571,1678187040000.0,0.0,0.0,67.5,1.2395,0.0,0.0,1.21645,0.9670240820371391,1.0,1674.3726992980066,1000.0,1672.8168242980066,1000.0,0.04996871367711484,0.0
1572,1678190640000.0,0.0,0.0,67.5,1.2395,0.0,0.0,1.20785,0.9670240820371391,1.0,1674.3726992980066,1000.0,1672.2363242980066,1000.0,0.04996871367711484,0.0
1573,1678194240000.0,0.0,0.0,67.5,1.2395,0.0,0.0,1.21925,0.9670240820371391,1.0,1674.3726992980066,1000.0,1673.0058242980067,1000.0,0.04996871367711484,0.0
1574,1678197840000.0,0.0,0.0,170.8,1.2134330796252926,0.0,0.0,1.193,0.9670240820371391,1.0,1674.3479816740066,1000.0,1670.8580116740068,1000.0,0.12378213625150243,0.0
1575,1678201440000.0,0.0,0.0,170.8,1.2134330796252926,0.0,0.0,1.17655,0.9670240820371391,1.0,1674.3479816740066,1000.0,1668.0483516740067,1000.0,0.12378213625150243,0.0
1576,1678205040000.0,0.0,0.0,62.9,1.1849263998149004,0.0,0.0,1.2057,0.9670240820371391,1.0,1683.0474794423635,1000.0,1684.3541388940064,1000.0,0.04428387877271979,0.0
1577,1678208640000.0,0.0,0.0,69.9,1.1898112444961697,0.0,0.0,1.1798,0.9670240820371391,1.0,1683.2848995782886,1000.0,1682.5851135880064,1000.0,0.04940803901414324,0.0
1578,1678212240000.0,0.0,0.0,51.5,1.1898112444961697,0.0,0.0,1.20085,0.9670240820371391,1.0,1683.501070055559,1000.0,1684.0695659640062,1000.0,0.03639752904316867,0.0
1579,1678215840000.0,0.0,0.0,70.1,1.1925412138595257,0.0,0.0,1.1862,0.9670240820371391,1.0,1683.496605683559,1000.0,1683.0520865920062,1000.0,0.049656850396564575,0.0
1580,1678219440000.0,0.0,0.0,70.1,1.1925412138595257,0.0,0.0,1.16475,0.9670240820371391,1.0,1683.496605683559,1000.0,1681.5484415920062,1000.0,0.049656850396564575,0.0
1581,1678223040000.0,0.0,0.0,177.4,1.1674755867618531,0.0,0.0,1.1716,0.9670240820371391,1.0,1683.471903077559,1000.0,1684.2035739860064,1000.0,0.12302561671087837,0.0
1582,1678226640000.0,0.0,0.0,177.4,1.1674755867618531,0.0,0.0,1.15745,0.9670240820371391,1.0,1683.471903077559,1000.0,1681.6933639860063,1000.0,0.12302561671087837,0.0
1583,1678230240000.0,0.0,0.0,177.4,1.1674755867618531,0.0,0.0,1.169,0.9670240820371391,1.0,1683.471903077559,1000.0,1683.7423339860063,1000.0,0.12302561671087837,0.0
1584,1678233840000.0,0.0,0.0,43.3,1.1674755867618531,0.0,0.0,1.18945,0.9670240820371391,1.0,1685.1105411407946,1000.0,1686.0620332340063,1000.0,0.0299990366641262,0.0
1585,1678237440000.0,0.0,0.0,36.1,1.1674755867618531,0.0,0.0,1.18645,0.9670240820371391,1.0,1685.275322452109,1000.0,1685.9602987700061,1000.0,0.025008298715713598,0.0
1586,1678241040000.0,0.0,0.0,71.4,1.1733709899454188,0.0,0.0,1.177,0.9670240820371391,1.0,1685.266995888109,1000.0,1685.5261072060061,1000.0,0.04971241286188772,0.0
1587,1678244640000.0,0.0,0.0,71.4,1.1733709899454188,0.0,0.0,1.17895,0.9670240820371391,1.0,1685.266995888109,1000.0,1685.6653372060061,1000.0,0.04971241286188772,0.0
1588,1678248240000.0,0.0,0.0,71.4,1.1733709899454188,0.0,0.0,1.16905,0.9670240820371391,1.0,1685.266995888109,1000.0,1684.9584772060061,1000.0,0.04971241286188772,0.0
1589,1678251840000.0,0.0,0.0,71.4,1.1733709899454188,0.0,0.0,1.16295,0.9670240820371391,1.0,1685.266995888109,1000.0,1684.5229372060062,1000.0,0.04971241286188772,0.0
1590,1678255440000.0,0.0,0.0,180.7,1.148709843287786,0.0,0.0,1.13525,0.9670240820371391,1.0,1685.2422372521091,1000.0,1682.8100435700062,1000.0,0.12317034554068712,0.0
1591,1678259040000.0,0.0,0.0,180.7,1.148709843287786,0.0,0.0,1.13415,0.9670240820371391,1.0,1685.2422372521091,1000.0,1682.6112735700062,1000.0,0.12317034554068712,0.0
1592,1678262640000.0,0.0,0.0,180.7,1.148709843287786,0.0,0.0,1.12025,0.9670240820371391,1.0,1685.2422372521091,1000.0,1680.0995435700063,1000.0,0.12317034554068712,0.0
1593,1678266240000.0,0.0,0.0,180.7,1.148709843287786,0.0,0.0,1.1221,0.9670240820371391,1.0,1685.2422372521091,1000.0,1680.4338385700062,1000.0,0.12317034554068712,0.0
1594,1678269840000.0,0.0,0.0,180.7,1.148709843287786,0.0,0.0,1.12365,0.9670240820371391,1.0,1685.2422372521091,1000.0,1680.7139235700063,1000.0,0.12317034554068712,0.0
1595,1678273440000.0,0.0,0.0,180.7,1.148709843287786,0.0,0.0,1.1303,0.9670240820371391,1.0,1685.2422372521091,1000.0,1681.9155785700061,1000.0,0.12317034554068712,0.0
1596,1678277040000.0,0.0,0.0,180.7,1.148709843287786,0.0,0.0,1.12715,0.9670240820371391,1.0,1685.2422372521091,1000.0,1681.346373570006,1000.0,0.12317034554068712,0.0
1597,1678280640000.0,0.0,0.0,180.7,1.148709843287786,0.0,0.0,1.10715,0.9670240820371391,1.0,1685.2422372521091,1000.0,1677.7323735700063,1000.0,0.12317034554068712,0.0
1598,1678284240000.0,0.0,0.0,457.2,1.1217312307132612,0.0,0.0,1.08855,0.9670240820371391,1.0,1685.1811805221091,1000.0,1670.010721840006,1000.0,0.3043325694648502,0.0
1599,1678287840000.0,0.0,0.0,457.2,1.1217312307132612,0.0,0.0,1.0972,0.9670240820371391,1.0,1685.1811805221091,1000.0,1673.965501840006,1000.0,0.3043325694648502,0.0
1600,1678291440000.0,0.0,0.0,336.0,1.1217312307132612,0.0,0.0,1.1432,0.9670240820371391,1.0,1686.5194914396618,1000.0,1693.732997920006,1000.0,0.2234790024264241,0.0
1601,1678295040000.0,0.0,0.0,280.0,1.1217312307132612,0.0,0.0,1.12225,0.9670240820371391,1.0,1687.7481308397194,1000.0,1687.8933862400063,1000.0,0.18609692931103644,0.0
1602,1678298640000.0,0.0,0.0,280.0,1.1217312307132612,0.0,0.0,1.1036,0.9670240820371391,1.0,1687.7481308397194,1000.0,1682.671386240006,1000.0,0.18609692931103644,0.0
1603,1678302240000.0,0.0,0.0,280.0,1.1217312307132612,0.0,0.0,1.0934,0.9670240820371391,1.0,1687.7481308397194,1000.0,1679.815386240006,1000.0,0.18609692931103644,0.0
1604,1678305840000.0,0.0,0.0,280.0,1.1217312307132612,0.0,0.0,1.08925,0.9670240820371391,1.0,1687.7481308397194,1000.0,1678.6533862400063,1000.0,0.18609692931103644,0.0
1605,1678309440000.0,0.0,0.0,280.0,1.1217312307132612,0.0,0.0,1.10575,0.9670240820371391,1.0,1687.7481308397194,1000.0,1683.2733862400062,1000.0,0.18609692931103644,0.0
1606,1678313040000.0,0.0,0.0,280.0,1.1217312307132612,0.0,0.0,1.08895,0.9670240820371391,1.0,1687.7481308397194,1000.0,1678.5693862400062,1000.0,0.18609692931103644,0.0
1607,1678316640000.0,0.0,0.0,708.5,1.0929843960475838,0.0,0.0,1.06035,0.9670240820371391,1.0,1687.6560718997193,1000.0,1664.534602300006,1000.0,0.45884908512670397,0.0
1608,1678320240000.0,0.0,0.0,708.5,1.0929843960475838,0.0,0.0,1.0895,0.9670240820371391,1.0,1687.6560718997193,1000.0,1685.1873773000061,1000.0,0.45884908512670397,0.0
1609,1678323840000.0,0.0,0.0,708.5,1.0929843960475838,0.0,0.0,1.0913,0.9670240820371391,1.0,1687.6560718997193,1000.0,1686.4626773000061,1000.0,0.45884908512670397,0.0
1610,1678327440000.0,0.0,0.0,77.7,1.0929843960475838,0.0,0.0,1.1018,0.9670240820371391,1.0,1696.4313409729032,1000.0,1697.116313400006,1000.0,0.050060904630654164,0.0
1611,1678331040000.0,0.0,0.0,12.9,1.0929843960475838,0.0,0.0,1.11815,0.9670240820371391,1.0,1697.6696164930195,1000.0,1697.9942527840055,1000.0,0.008305207663514667,0.0
1612,1678334640000.0,0.0,0.0,2.7,1.0929843960475838,0.0,0.0,1.11525,0.9670240820371391,1.0,1697.887821869334,1000.0,1697.9479390000054,1000.0,0.0017380758795239087,0.0
1613,1678338240000.0,0.0,0.0,77.0,1.1025450492479891,0.0,0.0,1.1076,0.9670240820371391,1.0,1697.8862547481006,1000.0,1698.2754859560055,1000.0,0.0500009753625636,0.0
1614,1678341840000.0,0.0,0.0,66.0,1.1025450492479891,0.0,0.0,1.1105,0.9670240820371391,1.0,1698.0054092863727,1000.0,1698.5304360360053,1000.0,0.04285497139903091,0.0
1615,1678345440000.0,0.0,0.0,66.0,1.1025450492479891,0.0,0.0,1.10595,0.9670240820371391,1.0,1698.0054092863727,1000.0,1698.2301360360054,1000.0,0.04285497139903091,0.0
1616,1678349040000.0,0.0,0.0,66.0,1.1025450492479891,0.0,0.0,1.08885,0.9670240820371391,1.0,1698.0054092863727,1000.0,1697.1015360360054,1000.0,0.04285497139903091,0.0
1617,1678352640000.0,0.0,0.0,66.0,1.1025450492479891,0.0,0.0,1.0954,0.9670240820371391,1.0,1698.0054092863727,1000.0,1697.5338360360054,1000.0,0.04285497139903091,0.0
1618,1678356240000.0,0.0,0.0,35.8,1.1025450492479891,0.0,0.0,1.10385,0.9670240820371391,1.0,1698.3325426550832,1000.0,1698.3792598920052,1000.0,0.023241097824911818,0.0
1619,1678359840000.0,0.0,0.0,41.7,1.101717415863528,0.0,0.0,1.1107,0.9670240820371391,1.0,1698.7078932495144,1000.0,1699.0824670080053,1000.0,0.02704503606775258,0.0
1620,1678363440000.0,0.0,0.0,3.0,1.101717415863528,0.0,0.0,1.14585,0.9670240820371391,1.0,1699.615018795596,1000.0,1699.7474165480053,1000.0,0.0019446475884478387,0.0
1621,1678367040000.0,0.0,0.0,0.3,1.101717415863528,0.0,0.0,1.12665,0.9670240820371391,1.0,1699.747510222764,1000.0,1699.754989998005,1000.0,0.0001944496007620226,0.0
1622,1678370640000.0,0.0,0.0,0.0,1.101717415863528,0.0,0.0,1.15215,0.9670240820371391,1.0,1699.7539775880048,1000.0,1699.7539775880048,1000.0,0.0,0.0
1623,1678374240000.0,0.0,0.0,0.0,1.101717415863528,0.0,0.0,1.1507,0.9670240820371391,1.0,1699.7539775880048,1000.0,1699.7539775880048,1000.0,0.0,0.0
1624,1678377840000.0,0.0,0.0,0.0,1.101717415863528,0.0,0.0,1.13075,0.9670240820371391,1.0,1699.7539775880048,1000.0,1699.7539775880048,1000.0,0.0,0.0
1625,1678381440000.0,0.0,0.0,75.4,1.1275,0.0,0.0,1.12255,0.9670240820371391,1.0,1699.7369748880049,1000.0,1699.363744888005,1000.0,0.05001567963513974,0.0
1626,1678385040000.0,0.0,0.0,75.4,1.1275,0.0,0.0,1.1177,0.9670240820371391,1.0,1699.7369748880049,1000.0,1698.9980548880048,1000.0,0.05001567963513974,0.0
1627,1678388640000.0,0.0,0.0,190.8,1.1037909853249475,0.0,0.0,1.0892,0.9670240820371391,1.0,1699.711856924005,1000.0,1696.927896924005,1000.0,0.12390530732728552,0.0
1628,1678392240000.0,0.0,0.0,190.8,1.1037909853249475,0.0,0.0,1.0649,0.9670240820371391,1.0,1699.711856924005,1000.0,1692.291456924005,1000.0,0.12390530732728552,0.0
1629,1678395840000.0,0.00014361852445661839,0.0,1633.3,1.0406224331108798,0.0,0.0,1.0253,0.9670240820371391,1.0,1699.414047864005,1000.0,1674.3879178640052,1000.0,1.0001380311856842,0.0
1630,1678399440000.0,0.0,0.0,1400.0,1.0406224331108798,0.0,0.0,1.02225,0.9670240820371391,1.0,1701.8094198932365,1000.0,1676.088013538005,1000.0,0.856072007432318,0.0
1631,1678403040000.0,0.0,0.0,1400.0,1.0406224331108798,0.0,0.0,0.99205,0.9670240820371391,1.0,1701.8094198932365,1000.0,1633.8080135380048,1000.0,0.856072007432318,0.0
1632,1678406640000.0,0.0,0.0,1400.0,1.0406224331108798,0.0,0.0,1.04335,0.9670240820371391,1.0,1701.8094198932365,1000.0,1705.6280135380048,1000.0,0.856072007432318,0.0
1633,1678410240000.0,0.0,0.0,1400.0,1.0406224331108798,0.0,0.0,1.02105,0.9670240820371391,1.0,1701.8094198932365,1000.0,1674.4080135380048,1000.0,0.856072007432318,0.0
1634,1678413840000.0,0.0,0.0,1400.0,1.0406224331108798,0.0,0.0,1.02725,0.9670240820371391,1.0,1701.8094198932365,1000.0,1683.0880135380048,1000.0,0.856072007432318,0.0
1635,1678417440000.0,0.0,0.0,1400.0,1.0406224331108798,0.0,0.0,1.0233,0.9670240820371391,1.0,1701.8094198932365,1000.0,1677.558013538005,1000.0,0.856072007432318,0.0
1636,1678421040000.0,0.0,0.0,1400.0,1.0406224331108798,0.0,0.0,1.02415,0.9670240820371391,1.0,1701.8094198932365,1000.0,1678.7480135380047,1000.0,0.856072007432318,0.0
1637,1678424640000.0,0.0,0.0,1400.0,1.0406224331108798,0.0,0.0,1.0178,0.9670240820371391,1.0,1701.8094198932365,1000.0,1669.8580135380048,1000.0,0.856072007432318,0.0
1638,1678428240000.0,0.0,0.0,1400.0,1.0406224331108798,0.0,0.0,1.02355,0.9670240820371391,1.0,1701.8094198932365,1000.0,1677.9080135380048,1000.0,0.856072007432318,0.0
1639,1678431840000.0,0.0,0.0,1400.0,1.0406224331108798,0.0,0.0,0.99415,0.9670240820371391,1.0,1701.8094198932365,1000.0,1636.748013538005,1000.0,0.856072007432318,0.0
1640,1678435440000.0,0.0,0.0,1400.0,1.0406224331108798,0.0,0.0,0.987,0.9670240820371391,1.0,1701.8094198932365,1000.0,1626.738013538005,1000.0,0.856072007432318,0.0
1641,1678439040000.0,1.2338197738211948e-05,0.0,1655.7,1.0278316520838506,0.0,0.0,0.9651,0.9670240820371391,1.0,1701.7604380012365,1000.0,1597.8956416460048,1000.0,1.0000120042478007,0.0
1642,1678442640000.0,1.2338197738211948e-05,0.0,1655.7,1.0278316520838506,0.0,0.0,0.935,0.9670240820371391,1.0,1701.7604380012365,1000.0,1548.0590716460051,1000.0,1.0000120042478007,0.0
1643,1678446240000.0,1.2338197738211948e-05,0.0,1655.7,1.0278316520838506,0.0,0.0,0.9334,0.9670240820371391,1.0,1701.7604380012365,1000.0,1545.409951646005,1000.0,1.0000120042478007,0.0
1644,1678449840000.0,1.2338197738211948e-05,0.0,1655.7,1.0278316520838506,0.0,0.0,0.9585,0.9670240820371391,1.0,1701.7604380012365,1000.0,1586.9680216460051,1000.0,1.0000120042478007,0.0
1645,1678453440000.0,0.0,0.0,1638.1,1.0278316520838506,0.0,0.0,0.9763,0.9670240820371391,1.0,1700.7198303965608,1000.0,1616.305831118005,1000.0,0.9899872978408004,0.0
1646,1678457040000.0,0.0,0.0,1638.1,1.0278316520838506,0.0,0.0,1.01475,0.9670240820371391,1.0,1700.7198303965608,1000.0,1679.2907761180052,1000.0,0.9899872978408004,0.0
1647,1678460640000.0,0.0,0.0,1638.1,1.0278316520838506,0.0,0.0,0.9906,0.9670240820371391,1.0,1700.7198303965608,1000.0,1639.7306611180052,1000.0,0.9899872978408004,0.0
1648,1678464240000.0,0.0,0.0,1638.1,1.0278316520838506,0.0,0.0,1.0161,0.9670240820371391,1.0,1700.7198303965608,1000.0,1681.502211118005,1000.0,0.9899872978408004,0.0
1649,1678467840000.0,0.0,0.0,361.3,1.0278316520838506,0.0,0.0,1.0245,0.9670240820371391,1.0,1726.5554492639,1000.0,1725.3517233660048,1000.0,0.21508465080355166,0.0
1650,1678471440000.0,0.0,0.0,167.3,1.0278316520838506,0.0,0.0,1.03135,0.9670240820371391,1.0,1728.526626599633,1000.0,1729.1152462060047,1000.0,0.09948139227215809,0.0
1651,1678475040000.0,0.0,0.0,90.5,1.0278316520838506,0.0,0.0,1.03125,0.9670240820371391,1.0,1729.3069689675933,1000.0,1729.616329454005,1000.0,0.0537896198782575,0.0
1652,1678478640000.0,0.0,0.0,47.6,1.0278316520838506,0.0,0.0,1.0465,0.9670240820371391,1.0,1729.837844337196,1000.0,1730.7264576980047,1000.0,0.028282874489855604,0.0
1653,1678482240000.0,0.0,0.0,16.0,1.0278316520838506,0.0,0.0,1.0379,0.9670240820371391,1.0,1730.4748595073463,1000.0,1730.6359530740046,1000.0,0.009503348946672053,0.0
1654,1678485840000.0,0.0,0.0,7.6,1.0278316520838506,0.0,0.0,1.0468,0.9670240820371391,1.0,1730.560209453842,1000.0,1730.7043688980048,1000.0,0.004513868118060192,0.0
1655,1678489440000.0,0.0,0.0,2.8,1.0278316520838506,0.0,0.0,1.0562,0.9670240820371391,1.0,1730.6509724518394,1000.0,1730.7304038260047,1000.0,0.001662916828202267,0.0
1656,1678493040000.0,0.0,0.0,0.3,1.0278316520838506,0.0,0.0,1.05835,0.9670240820371391,1.0,1730.73848179763,1000.0,1730.7476373020047,1000.0,0.00017816065157624984,0.0
1657,1678496640000.0,0.0,0.0,0.0,1.0278316520838506,0.0,0.0,1.06825,0.9670240820371391,1.0,1730.7485386080048,1000.0,1730.7485386080048,1000.0,0.0,0.0
1658,1678500240000.0,0.0,0.0,0.0,1.0278316520838506,0.0,0.0,1.0747,0.9670240820371391,1.0,1730.7485386080048,1000.0,1730.7485386080048,1000.0,0.0,0.0
1659,1678503840000.0,0.0,0.0,82.7,1.0458,0.0,0.0,1.04535,0.9670240820371391,1.0,1730.7312410760048,1000.0,1730.6940260760048,1000.0,0.04997174485983749,0.0
1660,1678507440000.0,0.0,0.0,82.7,1.0458,0.0,0.0,1.0348,0.9670240820371391,1.0,1730.7312410760048,1000.0,1729.821541076005,1000.0,0.04997174485983749,0.0
1661,1678511040000.0,0.0,0.0,82.7,1.0458,0.0,0.0,1.0208,0.9670240820371391,1.0,1730.7312410760048,1000.0,1728.6637410760047,1000.0,0.04997174485983749,0.0
1662,1678514640000.0,0.0,0.0,82.7,1.0458,0.0,0.0,1.0373,0.9670240820371391,1.0,1730.7312410760048,1000.0,1730.0282910760047,1000.0,0.04997174485983749,0.0
1663,1678518240000.0,0.0,0.0,82.7,1.0458,0.0,0.0,1.0209,0.9670240820371391,1.0,1730.7312410760048,1000.0,1728.6720110760048,1000.0,0.04997174485983749,0.0
1664,1678521840000.0,0.0,0.0,529.6,0.9997222432024169,0.0,0.0,0.9511,0.9670240820371391,1.0,1730.642648028005,1000.0,1704.892308028005,1000.0,0.30592849459898,0.0
1665,1678525440000.0,0.0,0.0,1280.9,0.9651789359210308,0.0,0.0,0.97935,0.9670240820371391,1.0,1737.6885249352526,1000.0,1755.8402409140044,1000.0,0.7114610479846,0.0
1666,1678529040000.0,0.0,0.0,411.7,0.9651789359210308,0.0,0.0,0.97195,0.9670240820371391,1.0,1749.1216664766928,1000.0,1751.9093135580044,1000.0,0.22717926118833726,0.0
1667,1678532640000.0,0.0,0.0,411.7,0.9651789359210308,0.0,0.0,0.9475,0.9670240820371391,1.0,1749.1216664766928,1000.0,1741.8432485580045,1000.0,0.22717926118833726,0.0
1668,1678536240000.0,0.0,0.0,411.7,0.9651789359210308,0.0,0.0,0.9512,0.9670240820371391,1.0,1749.1216664766928,1000.0,1743.3665385580043,1000.0,0.22717926118833726,0.0
1669,1678539840000.0,0.0,0.0,411.7,0.9651789359210308,0.0,0.0,0.95305,0.9670240820371391,1.0,1749.1216664766928,1000.0,1744.1281835580044,1000.0,0.22717926118833726,0.0
1670,1678543440000.0,0.0,0.0,411.7,0.9651789359210308,0.0,0.0,0.94155,0.9670240820371391,1.0,1749.1216664766928,1000.0,1739.3936335580045,1000.0,0.22717926118833726,0.0
1671,1678547040000.0,0.0,0.0,411.7,0.9651789359210308,0.0,0.0,0.9331,0.9670240820371391,1.0,1749.1216664766928,1000.0,1735.9147685580044,1000.0,0.22717926118833726,0.0
1672,1678550640000.0,0.0001658737615143882,0.0,1877.7,0.931545384203381,0.0,0.0,0.9274,0.9670240820371391,1.0,1748.8513067566928,1000.0,1741.0675188380044,1000.0,1.000178094707533,0.0
1673,1678554240000.0,0.0001658737615143882,0.0,1877.7,0.931545384203381,0.0,0.0,0.9366,0.9670240820371391,1.0,1748.8513067566928,1000.0,1758.3423588380044,1000.0,1.000178094707533,0.0
1674,1678557840000.0,0.0,0.0,449.4,0.931545384203381,0.0,0.0,0.94805,0.9670240820371391,1.0,1772.4985256230038,1000.0,1779.9156999620045,1000.0,0.23618439711472008,0.0
1675,1678561440000.0,0.0,0.0,87.2,0.931545384203381,0.0,0.0,0.95365,0.9670240820371391,1.0,1779.113969464539,1000.0,1781.041491962004,1000.0,0.04565798419703427,0.0
1676,1678565040000.0,0.0,0.0,51.0,0.9409417867797145,0.0,0.0,0.9492,0.9670240820371391,1.0,1780.4884016337696,1000.0,1780.9095705080042,1000.0,0.026952172831753243,0.0
1677,1678568640000.0,0.0,0.0,5.3,0.9409417867797145,0.0,0.0,0.96805,0.9670240820371391,1.0,1781.3553066339366,1000.0,1781.498980164004,1000.0,0.002799549001459987,0.0
1678,1678572240000.0,0.0,0.0,0.7,0.9409417867797145,0.0,0.0,0.9599,0.9670240820371391,1.0,1781.4632469827495,1000.0,1781.4765177320037,1000.0,0.0003697293513415818,0.0
1679,1678575840000.0,0.0,0.0,0.5,0.9409417867797145,0.0,0.0,0.9646,0.9670240820371391,1.0,1781.4678600573936,1000.0,1781.4796891640037,1000.0,0.00026409170995355486,0.0
1680,1678579440000.0,0.0,0.0,0.0,0.9409417867797145,0.0,0.0,0.9887,0.9670240820371391,1.0,1781.481692284004,1000.0,1781.481692284004,1000.0,0.0,0.0
1681,1678583040000.0,0.0,0.0,0.0,0.9409417867797145,0.0,0.0,0.99225,0.9670240820371391,1.0,1781.481692284004,1000.0,1781.481692284004,1000.0,0.0,0.0
1682,1678586640000.0,0.0,0.0,0.0,0.9409417867797145,0.0,0.0,0.97625,0.9670240820371391,1.0,1781.481692284004,1000.0,1781.481692284004,1000.0,0.0,0.0
1683,1678590240000.0,0.0,0.0,24.9,0.9675,0.0,0.0,0.98865,0.9670240820371391,1.0,1782.2725933560043,1000.0,1782.7992283560043,1000.0,0.01351687171188405,0.0
1684,1678593840000.0,0.0,0.0,3.5,0.9675,0.0,0.0,0.9843,0.9670240820371391,1.0,1782.679250280004,1000.0,1782.738050280004,1000.0,0.0018995284762910235,0.0
1685,1678597440000.0,0.0,0.0,0.8,0.9675,0.0,0.0,0.99835,0.9670240820371391,1.0,1782.7333768980043,1000.0,1782.7580568980043,1000.0,0.00043416475510587975,0.0
1686,1678601040000.0,0.0,0.0,0.0,0.9675,0.0,0.0,0.99035,0.9670240820371391,1.0,1782.756097522004,1000.0,1782.756097522004,1000.0,0.0,0.0
1687,1678604640000.0,0.0,0.0,91.0,0.9794,0.0,0.0,0.97705,0.9670240820371391,1.0,1782.738272442004,1000.0,1782.524422442004,1000.0,0.049993541608278576,0.0
1688,1678608240000.0,0.0,0.0,78.0,0.9794,0.0,0.0,0.9839,0.9670240820371391,1.0,1782.863100522004,1000.0,1783.214100522004,1000.0,0.04284860681542675,0.0
1689,1678611840000.0,0.0,0.0,57.4,0.9794,0.0,0.0,0.9925,0.9670240820371391,1.0,1783.060905018004,1000.0,1783.812845018004,1000.0,0.03152868185365343,0.0
1690,1678615440000.0,0.0,0.0,90.9,0.9810448844884488,0.0,0.0,0.98,0.9670240820371391,1.0,1783.408929890004,1000.0,1783.3139498900039,1000.0,0.05000366349264619,0.0
1691,1678619040000.0,0.0,0.0,42.2,0.9810448844884488,0.0,0.0,0.9919,0.9670240820371391,1.0,1783.8792226494163,1000.0,1784.3373085240037,1000.0,0.02320790196991316,0.0
1692,1678622640000.0,0.0,0.0,90.6,0.9836110466344647,0.0,0.0,0.9828,0.9670240820371391,1.0,1784.1317417610867,1000.0,1784.0582609360042,1000.0,0.049948755878934374,0.0
1693,1678626240000.0,0.0,0.0,90.6,0.9836110466344647,0.0,0.0,0.9723,0.9670240820371391,1.0,1784.1317417610867,1000.0,1783.1069609360043,1000.0,0.049948755878934374,0.0
1694,1678629840000.0,0.0,0.0,90.6,0.9836110466344647,0.0,0.0,0.97075,0.9670240820371391,1.0,1784.1317417610867,1000.0,1782.9665309360041,1000.0,0.049948755878934374,0.0
1695,1678633440000.0,0.0,0.0,90.6,0.9836110466344647,0.0,0.0,0.96165,0.9670240820371391,1.0,1784.1317417610867,1000.0,1782.142070936004,1000.0,0.049948755878934374,0.0
1696,1678637040000.0,0.0,0.0,90.6,0.9836110466344647,0.0,0.0,0.9599,0.9670240820371391,1.0,1784.1317417610867,1000.0,1781.9835209360042,1000.0,0.049948755878934374,0.0
1697,1678640640000.0,0.0,0.0,90.6,0.9836110466344647,0.0,0.0,0.9694,0.9670240820371391,1.0,1784.1317417610867,1000.0,1782.8442209360041,1000.0,0.049948755878934374,0.0
1698,1678644240000.0,0.0,0.0,30.0,0.9836110466344647,0.0,0.0,1.00265,0.9670240820371391,1.0,1784.7765595950382,1000.0,1785.3477281960043,1000.0,0.01653334768455796,0.0
1699,1678647840000.0,0.0,0.0,0.0,0.9836110466344647,0.0,0.0,1.05,0.9670240820371391,1.0,1785.3840038360045,1000.0,1785.3840038360045,1000.0,0.0,0.0
1700,1678651440000.0,0.0,0.0,0.0,0.9836110466344647,0.0,0.0,1.0294,0.9670240820371391,1.0,1785.3840038360045,1000.0,1785.3840038360045,1000.0,0.0,0.0
1701,1678655040000.0,0.0,0.0,0.0,0.9836110466344647,0.0,0.0,1.0648,0.9670240820371391,1.0,1785.3840038360045,1000.0,1785.3840038360045,1000.0,0.0,0.0
1702,1678658640000.0,0.0,0.0,0.0,0.9836110466344647,0.0,0.0,1.1168,0.9670240820371391,1.0,1785.3840038360045,1000.0,1785.3840038360045,1000.0,0.0,0.0
1703,1678662240000.0,0.0,0.0,0.0,0.9836110466344647,0.0,0.0,1.1572,0.9670240820371391,1.0,1785.3840038360045,1000.0,1785.3840038360045,1000.0,0.0,0.0
1704,1678665840000.0,0.0,0.0,0.0,0.9836110466344647,0.0,0.0,1.2169,0.9670240820371391,1.0,1785.3840038360045,1000.0,1785.3840038360045,1000.0,0.0,0.0
1705,1678669440000.0,0.0,0.0,0.0,0.9836110466344647,0.0,0.0,1.22575,0.9670240820371391,1.0,1785.3840038360045,1000.0,1785.3840038360045,1000.0,0.0,0.0
1706,1678673040000.0,0.0,0.0,0.0,0.9836110466344647,0.0,0.0,1.2355,0.9670240820371391,1.0,1785.3840038360045,1000.0,1785.3840038360045,1000.0,0.0,0.0
1707,1678676640000.0,0.0,0.0,0.0,0.9836110466344647,0.0,0.0,1.2197,0.9670240820371391,1.0,1785.3840038360045,1000.0,1785.3840038360045,1000.0,0.0,0.0
1708,1678680240000.0,0.0,0.0,0.0,0.9836110466344647,0.0,0.0,1.2199,0.9670240820371391,1.0,1785.3840038360045,1000.0,1785.3840038360045,1000.0,0.0,0.0
1709,1678683840000.0,0.0,0.0,0.0,0.9836110466344647,0.0,0.0,1.23055,0.9670240820371391,1.0,1785.3840038360045,1000.0,1785.3840038360045,1000.0,0.0,0.0
1710,1678687440000.0,0.0,0.0,0.0,0.9836110466344647,0.0,0.0,1.2248,0.9670240820371391,1.0,1785.3840038360045,1000.0,1785.3840038360045,1000.0,0.0,0.0
1711,1678691040000.0,0.0,0.0,0.0,0.9836110466344647,0.0,0.0,1.22675,0.9670240820371391,1.0,1785.3840038360045,1000.0,1785.3840038360045,1000.0,0.0,0.0
1712,1678694640000.0,0.0,0.0,0.0,0.9836110466344647,0.0,0.0,1.22305,0.9670240820371391,1.0,1785.3840038360045,1000.0,1785.3840038360045,1000.0,0.0,0.0
1713,1678698240000.0,0.0,0.0,74.3,1.2014,0.0,0.0,1.1866,0.9670240820371391,1.0,1785.3661510320044,1000.0,1784.2665110320045,1000.0,0.049997598502919,0.0
1714,1678701840000.0,0.0,0.0,188.0,1.1761198936170212,0.0,0.0,1.17575,0.9670240820371391,1.0,1785.3397817280045,1000.0,1785.2702417280045,1000.0,0.12384787605303361,0.0
1715,1678705440000.0,0.0,0.0,101.6,1.1761198936170212,0.0,0.0,1.18545,0.9670240820371391,1.0,1786.3370560074939,1000.0,1787.2849948160044,1000.0,0.06689318837653226,0.0
1716,1678709040000.0,0.0,0.0,75.2,1.1793648158103212,0.0,0.0,1.16995,0.9670240820371391,1.0,1786.8701374089405,1000.0,1786.1621432600043,1000.0,0.04963328464235177,0.0
1717,1678712640000.0,0.0,0.0,64.5,1.1793648158103212,0.0,0.0,1.1831,0.9670240820371391,1.0,1786.99422471177,1000.0,1787.2351440920042,1000.0,0.042568145754379894,0.0
1718,1678716240000.0,0.0,0.0,32.6,1.1832810446105753,0.0,0.0,1.19675,0.9670240820371391,1.0,1788.3480024543094,1000.0,1788.7870904000047,1000.0,0.02157016531534405,0.0
1719,1678719840000.0,0.0,0.0,0.0,1.1832810446105753,0.0,0.0,1.2788,0.9670240820371391,1.0,1789.7960541960047,1000.0,1789.7960541960047,1000.0,0.0,0.0
1720,1678723440000.0,0.0,0.0,0.0,1.1832810446105753,0.0,0.0,1.2373,0.9670240820371391,1.0,1789.7960541960047,1000.0,1789.7960541960047,1000.0,0.0,0.0
1721,1678727040000.0,0.0,0.0,0.0,1.1832810446105753,0.0,0.0,1.2467,0.9670240820371391,1.0,1789.7960541960047,1000.0,1789.7960541960047,1000.0,0.0,0.0
1722,1678730640000.0,0.0,0.0,0.0,1.1832810446105753,0.0,0.0,1.27085,0.9670240820371391,1.0,1789.7960541960047,1000.0,1789.7960541960047,1000.0,0.0,0.0
1723,1678734240000.0,0.0,0.0,0.0,1.1832810446105753,0.0,0.0,1.328,0.9670240820371391,1.0,1789.7960541960047,1000.0,1789.7960541960047,1000.0,0.0,0.0
1724,1678737840000.0,0.0,0.0,0.0,1.1832810446105753,0.0,0.0,1.322,0.9670240820371391,1.0,1789.7960541960047,1000.0,1789.7960541960047,1000.0,0.0,0.0
1725,1678741440000.0,0.0,0.0,0.0,1.1832810446105753,0.0,0.0,1.3438,0.9670240820371391,1.0,1789.7960541960047,1000.0,1789.7960541960047,1000.0,0.0,0.0
1726,1678745040000.0,0.0,0.0,0.0,1.1832810446105753,0.0,0.0,1.36355,0.9670240820371391,1.0,1789.7960541960047,1000.0,1789.7960541960047,1000.0,0.0,0.0
1727,1678748640000.0,0.0,0.0,69.0,1.2963,0.0,0.0,1.28865,0.9670240820371391,1.0,1789.7781652560047,1000.0,1789.2503152560048,1000.0,0.04997529958535732,0.0
1728,1678752240000.0,0.0,0.0,69.0,1.2963,0.0,0.0,1.2737,0.9670240820371391,1.0,1789.7781652560047,1000.0,1788.2187652560046,1000.0,0.04997529958535732,0.0
1729,1678755840000.0,0.0,0.0,69.0,1.2963,0.0,0.0,1.2649,0.9670240820371391,1.0,1789.7781652560047,1000.0,1787.6115652560047,1000.0,0.04997529958535732,0.0
1730,1678759440000.0,0.0,0.0,149.7,1.269023024054983,0.0,0.0,1.28375,0.9670240820371391,1.0,1790.0635032490356,1000.0,1792.2681315480047,1000.0,0.10612626108304142,0.0
1731,1678763040000.0,0.0,0.0,81.0,1.269023024054983,0.0,0.0,1.2571,0.9670240820371391,1.0,1790.9236695644586,1000.0,1789.957904616005,1000.0,0.057395447218279105,0.0
1732,1678766640000.0,0.0,0.0,81.0,1.269023024054983,0.0,0.0,1.27285,0.9670240820371391,1.0,1790.9236695644586,1000.0,1791.233654616005,1000.0,0.057395447218279105,0.0
1733,1678770240000.0,0.0,0.0,69.5,1.269023024054983,0.0,0.0,1.2805,0.9670240820371391,1.0,1791.0676566478264,1000.0,1791.8653064760051,1000.0,0.0492427518549978,0.0
1734,1678773840000.0,0.0,0.0,51.6,1.2719233735718272,0.0,0.0,1.2848,0.9670240820371391,1.0,1791.7520273023113,1000.0,1792.416461226005,1000.0,0.03662964800721988,0.0
1735,1678777440000.0,0.0,0.0,51.6,1.2750294100412058,0.0,0.0,1.29305,0.9670240820371391,1.0,1792.385300538131,1000.0,1793.315162980005,1000.0,0.036706124257085526,0.0
1736,1678781040000.0,0.0,0.0,70.1,1.2767560282677008,0.0,0.0,1.25715,0.9670240820371391,1.0,1792.5472678495707,1000.0,1791.1728852680048,1000.0,0.04992928174716152,0.0
1737,1678784640000.0,0.0,0.0,177.4,1.2499273820832344,0.0,0.0,1.2475,0.9670240820371391,1.0,1792.5208205455708,1000.0,1792.0902029640051,1000.0,0.1237012786909097,0.0
1738,1678788240000.0,0.0,0.0,177.4,1.2499273820832344,0.0,0.0,1.2458,0.9670240820371391,1.0,1792.5208205455708,1000.0,1791.788622964005,1000.0,0.1237012786909097,0.0
1739,1678791840000.0,0.0,0.0,130.4,1.2499273820832344,0.0,0.0,1.2629,0.9670240820371391,1.0,1793.0998660876587,1000.0,1794.791495464005,1000.0,0.09089874674927097,0.0
1740,1678795440000.0,0.0,0.0,66.2,1.2576565944781777,0.0,0.0,1.2673,0.9670240820371391,1.0,1794.680044574461,1000.0,1795.3184380200055,1000.0,0.04639092455847556,0.0
1741,1678799040000.0,0.0,0.0,0.0,1.259858588596172,0.0,0.0,1.41035,0.9670240820371391,1.0,1798.2647409120057,1000.0,1798.2647409120057,1000.0,0.0,0.0
1742,1678802640000.0,0.0,0.0,0.0,1.259858588596172,0.0,0.0,1.35745,0.9670240820371391,1.0,1798.2647409120057,1000.0,1798.2647409120057,1000.0,0.0,0.0
1743,1678806240000.0,0.0,0.0,0.0,1.259858588596172,0.0,0.0,1.4017,0.9670240820371391,1.0,1798.2647409120057,1000.0,1798.2647409120057,1000.0,0.0,0.0
1744,1678809840000.0,0.0,0.0,0.0,1.259858588596172,0.0,0.0,1.4085,0.9670240820371391,1.0,1798.2647409120057,1000.0,1798.2647409120057,1000.0,0.0,0.0
1745,1678813440000.0,0.0,0.0,0.0,1.259858588596172,0.0,0.0,1.4461,0.9670240820371391,1.0,1798.2647409120057,1000.0,1798.2647409120057,1000.0,0.0,0.0
1746,1678817040000.0,0.0,0.0,0.0,1.259858588596172,0.0,0.0,1.4064,0.9670240820371391,1.0,1798.2647409120057,1000.0,1798.2647409120057,1000.0,0.0,0.0
1747,1678820640000.0,0.0,0.0,0.0,1.259858588596172,0.0,0.0,1.42345,0.9670240820371391,1.0,1798.2647409120057,1000.0,1798.2647409120057,1000.0,0.0,0.0
1748,1678824240000.0,0.0,0.0,41.3,1.374,0.0,0.0,1.39315,0.9670240820371391,1.0,1798.5726597960058,1000.0,1799.363554796006,1000.0,0.03155068531200522,0.0
1749,1678827840000.0,0.0,0.0,32.6,1.374,0.0,0.0,1.3956,0.9670240820371391,1.0,1799.528438792006,1000.0,1800.232598792006,1000.0,0.024891187621390642,0.0
1750,1678831440000.0,0.0,0.0,65.6,1.3628527250781581,0.0,0.0,1.36645,0.9670240820371391,1.0,1802.2509227931344,1000.0,1802.486904028007,1000.0,0.04960637702244585,0.0
1751,1678835040000.0,0.0,0.0,19.0,1.3628527250781581,0.0,0.0,1.3974,0.9670240820371391,1.0,1803.370047606492,1000.0,1804.026445830007,1000.0,0.014358784438531,0.0
1752,1678838640000.0,0.0,0.0,1.5,1.3628527250781581,0.0,0.0,1.3932,0.9670240820371391,1.0,1803.836760617625,1000.0,1803.8822815300077,1000.0,0.0011332949478850215,0.0
1753,1678842240000.0,0.0,0.0,26.0,1.377796919611645,0.0,0.0,1.41715,0.9670240820371391,1.0,1804.8506541079107,1000.0,1805.873834198008,1000.0,0.01984802444920795,0.0
1754,1678845840000.0,0.0,0.0,5.5,1.377796919611645,0.0,0.0,1.4168,0.9670240820371391,1.0,1805.6594353698722,1000.0,1805.8739523120082,1000.0,0.004196739933027177,0.0
1755,1678849440000.0,0.0,0.0,0.2,1.377796919611645,0.0,0.0,1.42575,0.9670240820371391,1.0,1805.88040673593,1000.0,1805.8899973520076,1000.0,0.0001525900513093188,0.0
1756,1678853040000.0,0.0,0.0,0.0,1.377796919611645,0.0,0.0,1.4474,0.9670240820371391,1.0,1805.8925298040074,1000.0,1805.8925298040074,1000.0,0.0,0.0
1757,1678856640000.0,0.0,0.0,0.0,1.377796919611645,0.0,0.0,1.48155,0.9670240820371391,1.0,1805.8925298040074,1000.0,1805.8925298040074,1000.0,0.0,0.0
1758,1678860240000.0,0.0,0.0,0.0,1.377796919611645,0.0,0.0,1.45865,0.9670240820371391,1.0,1805.8925298040074,1000.0,1805.8925298040074,1000.0,0.0,0.0
1759,1678863840000.0,0.0,0.0,21.7,1.429,0.0,0.0,1.45,0.9670240820371391,1.0,1806.9100770080076,1000.0,1807.3657770080076,1000.0,0.017161507036004303,0.0
1760,1678867440000.0,0.0,0.0,34.2,1.4313977812995244,0.0,0.0,1.45265,0.9670240820371391,1.0,1807.3486311984518,1000.0,1808.0754570780082,1000.0,0.02708597736784325,0.0
1761,1678871040000.0,0.0,0.0,29.3,1.4331078107312656,0.0,0.0,1.4513,0.9670240820371391,1.0,1807.989842846434,1000.0,1808.5228739920078,1000.0,0.023224720548384526,0.0
1762,1678874640000.0,0.0,0.0,63.0,1.4341734738797793,0.0,0.0,1.4097,0.9670240820371391,1.0,1807.980170272434,1000.0,1806.438341418008,1000.0,0.049974513183300755,0.0
1763,1678878240000.0,0.0,0.0,159.4,1.4040115988357975,0.0,0.0,1.3543,0.9670240820371391,1.0,1807.953480968434,1000.0,1800.0294521140079,1000.0,0.1237860659636815,0.0
1764,1678881840000.0,0.0,0.0,403.3,1.3710451248560034,0.0,0.0,1.35925,0.9670240820371391,1.0,1807.887652358434,1000.0,1803.1306785040078,1000.0,0.3058500333984244,0.0
1765,1678885440000.0,0.0,0.0,160.1,1.3710451248560034,0.0,0.0,1.3774,0.9670240820371391,1.0,1811.1654813214539,1000.0,1812.1828968320076,1000.0,0.12119506845354211,0.0
1766,1678889040000.0,0.0,0.0,58.6,1.3710451248560034,0.0,0.0,1.3487,0.9670240820371391,1.0,1813.3065150725697,1000.0,1811.997090756008,1000.0,0.04430759149031481,0.0
1767,1678892640000.0,0.0,0.0,375.2,1.3115247183277234,0.0,0.0,1.30255,0.9670240820371391,1.0,1813.2241669065697,1000.0,1809.856852590008,1000.0,0.2713862319384791,0.0
1768,1678896240000.0,0.00020087979193751966,0.0,1432.3,1.2659691784657976,0.0,0.0,1.23595,0.9670240820371391,1.0,1812.9599341905698,1000.0,1769.963464874008,1000.0,1.0001587018668014,0.0
1769,1678899840000.0,0.00020087979193751966,0.0,1432.3,1.2659691784657976,0.0,0.0,1.1793,0.9670240820371391,1.0,1812.9599341905698,1000.0,1688.823669874008,1000.0,1.0001587018668014,0.0
1770,1678903440000.0,0.00020087979193751966,0.0,1432.3,1.2659691784657976,0.0,0.0,1.2111,0.9670240820371391,1.0,1812.9599341905698,1000.0,1734.370809874008,1000.0,1.0001587018668014,0.0
1771,1678907040000.0,0.00020087979193751966,0.0,1432.3,1.2659691784657976,0.0,0.0,1.243,0.9670240820371391,1.0,1812.9599341905698,1000.0,1780.061179874008,1000.0,1.0001587018668014,0.0
1772,1678910640000.0,0.00020087979193751966,0.0,1432.3,1.2659691784657976,0.0,0.0,1.23775,0.9670240820371391,1.0,1812.9599341905698,1000.0,1772.5416048740078,1000.0,1.0001587018668014,0.0
1773,1678914240000.0,0.00020087979193751966,0.0,1432.3,1.2659691784657976,0.0,0.0,1.25805,0.9670240820371391,1.0,1812.9599341905698,1000.0,1801.6172948740077,1000.0,1.0001587018668014,0.0
1774,1678917840000.0,0.0,0.0,1418.0,1.2659691784657976,0.0,0.0,1.27365,0.9670240820371391,1.0,1812.9967861705088,1000.0,1823.8881911060078,1000.0,0.9901530486748867,0.0
1775,1678921440000.0,0.0,0.0,893.1,1.2659691784657976,0.0,0.0,1.2557,0.9670240820371391,1.0,1819.5449564678115,1000.0,1810.3735531800078,1000.0,0.6213845221404427,0.0
1776,1678925040000.0,0.0,0.0,893.1,1.2659691784657976,0.0,0.0,1.2597,0.9670240820371391,1.0,1819.5449564678115,1000.0,1813.9459531800078,1000.0,0.6213845221404427,0.0
1777,1678928640000.0,0.0,0.0,765.6,1.2659691784657976,0.0,0.0,1.2535,0.9670240820371391,1.0,1821.1355293634222,1000.0,1811.5891263300075,1000.0,0.5322097051020731,0.0
1778,1678932240000.0,0.0,0.0,765.6,1.2659691784657976,0.0,0.0,1.2641,0.9670240820371391,1.0,1821.1355293634222,1000.0,1819.7044863300075,1000.0,0.5322097051020731,0.0
1779,1678935840000.0,0.0,0.0,223.2,1.2659691784657976,0.0,0.0,1.28105,0.9670240820371391,1.0,1827.902013587574,1000.0,1831.268052954008,1000.0,0.1545839539171931,0.0
1780,1678939440000.0,0.0,0.0,120.6,1.2659691784657976,0.0,0.0,1.26645,0.9670240820371391,1.0,1829.181956952983,1000.0,1829.2399440300078,1000.0,0.0834667553671368,0.0
1781,1678943040000.0,0.0,0.0,88.7,1.2659691784657976,0.0,0.0,1.23945,0.9670240820371391,1.0,1829.5799120539239,1000.0,1827.2276609240075,1000.0,0.06137554604207233,0.0
1782,1678946640000.0,0.0,0.0,56.0,1.2659691784657976,0.0,0.0,1.27925,0.9670240820371391,1.0,1829.9878472200921,1000.0,1830.7315732260074,1000.0,0.038740297702948755,0.0
1783,1678950240000.0,0.0,0.0,53.3,1.2647473701330643,0.0,0.0,1.2816,0.9670240820371391,1.0,1830.6311535221002,1000.0,1831.529398694008,1000.0,0.03682393075109355,0.0
1784,1678953840000.0,0.0,0.0,8.7,1.2647473701330643,0.0,0.0,1.28325,0.9670240820371391,1.0,1831.339035406166,1000.0,1831.5000082860083,1000.0,0.006008337018665293,0.0
1785,1678957440000.0,0.0,0.0,45.5,1.270539762100035,0.0,0.0,1.28145,0.9670240820371391,1.0,1831.74087410556,1000.0,1832.2372899300083,1000.0,0.031559900198099816,0.0
1786,1678961040000.0,0.0,0.0,10.2,1.27107721077155,0.0,0.0,1.30215,0.9670240820371391,1.0,1833.0859767998784,1000.0,1833.4029192500086,1000.0,0.007072765660726683,0.0
1787,1678964640000.0,0.0,0.0,0.5,1.27107721077155,0.0,0.0,1.3103,0.9670240820371391,1.0,1833.3631660233943,1000.0,1833.3827774180086,1000.0,0.0003466517802712664,0.0
1788,1678968240000.0,0.0,0.0,0.0,1.27107721077155,0.0,0.0,1.3355,0.9670240820371391,1.0,1833.3892850600084,1000.0,1833.3892850600084,1000.0,0.0,0.0
1789,1678971840000.0,0.0,0.0,0.0,1.27107721077155,0.0,0.0,1.3107,0.9670240820371391,1.0,1833.3892850600084,1000.0,1833.3892850600084,1000.0,0.0,0.0
1790,1678975440000.0,0.0,0.0,1.5,1.2961,0.0,0.0,1.3544,0.9670240820371391,1.0,1836.0112184360084,1000.0,1836.0986684360084,1000.0,0.0010588987586122207,0.0
1791,1678979040000.0,0.0,0.0,0.0,1.2961,0.0,0.0,1.3287,0.9670240820371391,1.0,1836.0973922900093,1000.0,1836.0973922900093,1000.0,0.0,0.0
1792,1678982640000.0,0.0,0.0,0.0,1.2961,0.0,0.0,1.36195,0.9670240820371391,1.0,1836.0973922900093,1000.0,1836.0973922900093,1000.0,0.0,0.0
1793,1678986240000.0,0.0,0.0,0.0,1.2961,0.0,0.0,1.36935,0.9670240820371391,1.0,1836.0973922900093,1000.0,1836.0973922900093,1000.0,0.0,0.0
1794,1678989840000.0,0.0,0.0,69.2,1.3265,0.0,0.0,1.30195,0.9670240820371391,1.0,1836.0790335300094,1000.0,1834.3801735300094,1000.0,0.049994471002437764,0.0
1795,1678993440000.0,0.0,0.0,69.2,1.3265,0.0,0.0,1.335,0.9670240820371391,1.0,1836.0790335300094,1000.0,1836.6672335300093,1000.0,0.049994471002437764,0.0
1796,1678997040000.0,0.0,0.0,6.5,1.3265,0.0,0.0,1.33995,0.9670240820371391,1.0,1837.2873641780097,1000.0,1837.3747891780097,1000.0,0.004692924018370712,0.0
1797,1679000640000.0,0.0,0.0,69.2,1.3278959537572255,0.0,0.0,1.3181,0.9670240820371391,1.0,1837.2924140060097,1000.0,1836.6145340060098,1000.0,0.05001403113598194,0.0
1798,1679004240000.0,0.0,0.0,69.2,1.3278959537572255,0.0,0.0,1.32655,0.9670240820371391,1.0,1837.2924140060097,1000.0,1837.1992740060098,1000.0,0.05001403113598194,0.0
1799,1679007840000.0,0.0,0.0,69.2,1.3278959537572255,0.0,0.0,1.3221,0.9670240820371391,1.0,1837.2924140060097,1000.0,1836.8913340060096,1000.0,0.05001403113598194,0.0
1800,1679011440000.0,0.0,0.0,51.0,1.3278959537572255,0.0,0.0,1.3364,0.9670240820371391,1.0,1837.5296656796281,1000.0,1837.9633720380095,1000.0,0.03685529268261942,0.0
1801,1679015040000.0,0.0,0.0,69.2,1.3279496190985332,0.0,0.0,1.3178,0.9670240820371391,1.0,1837.524831395628,1000.0,1836.8224777540097,1000.0,0.050009726166162075,0.0
1802,1679018640000.0,0.0,0.0,14.4,1.3279496190985332,0.0,0.0,1.3735,0.9670240820371391,1.0,1839.4212956610288,1000.0,1840.0772211460098,1000.0,0.010395918846936518,0.0
1803,1679022240000.0,0.0,0.0,0.0,1.3279496190985332,0.0,0.0,1.3762,0.9670240820371391,1.0,1840.2380824960098,1000.0,1840.2380824960098,1000.0,0.0,0.0
1804,1679025840000.0,0.0,0.0,0.0,1.3279496190985332,0.0,0.0,1.37165,0.9670240820371391,1.0,1840.2380824960098,1000.0,1840.2380824960098,1000.0,0.0,0.0
1805,1679029440000.0,0.0,0.0,0.0,1.3279496190985332,0.0,0.0,1.36775,0.9670240820371391,1.0,1840.2380824960098,1000.0,1840.2380824960098,1000.0,0.0,0.0
1806,1679033040000.0,0.0,0.0,0.0,1.3279496190985332,0.0,0.0,1.37045,0.9670240820371391,1.0,1840.2380824960098,1000.0,1840.2380824960098,1000.0,0.0,0.0
1807,1679036640000.0,0.0,0.0,0.0,1.3279496190985332,0.0,0.0,1.3875,0.9670240820371391,1.0,1840.2380824960098,1000.0,1840.2380824960098,1000.0,0.0,0.0
1808,1679040240000.0,0.0,0.0,0.0,1.3279496190985332,0.0,0.0,1.37965,0.9670240820371391,1.0,1840.2380824960098,1000.0,1840.2380824960098,1000.0,0.0,0.0
1809,1679043840000.0,0.0,0.0,67.4,1.366,0.0,0.0,1.368,0.9670240820371391,1.0,1840.2196688160097,1000.0,1840.3544688160098,1000.0,0.05003120092680917,0.0
1810,1679047440000.0,0.0,0.0,36.6,1.366,0.0,0.0,1.39135,0.9670240820371391,1.0,1840.6331298640096,1000.0,1841.5609398640095,1000.0,0.027162175443236642,0.0
1811,1679051040000.0,0.0,0.0,1.4,1.366,0.0,0.0,1.4072,0.9670240820371391,1.0,1841.8732232320094,1000.0,1841.9309032320093,1000.0,0.0010382907878123309,0.0
1812,1679054640000.0,0.0,0.0,0.0,1.366,0.0,0.0,1.4175,0.9670240820371391,1.0,1841.9480057160094,1000.0,1841.9480057160094,1000.0,0.0,0.0
1813,1679058240000.0,0.0,0.0,66.5,1.3849,0.0,0.0,1.3952,0.9670240820371391,1.0,1841.9295865460094,1000.0,1842.6145365460095,1000.0,0.04999965833259584,0.0
1814,1679061840000.0,0.0,0.0,66.4,1.3855476527344315,0.0,0.0,1.3967,0.9670240820371391,1.0,1842.3972059615758,1000.0,1843.1377218200096,1000.0,0.04993514093696741,0.0
1815,1679065440000.0,0.0,0.0,144.2,1.3567343703596575,0.0,0.0,1.3455,0.9670240820371391,1.0,1842.5023939898722,1000.0,1840.8823977840095,1000.0,0.10618227517317298,0.0
1816,1679069040000.0,0.0,0.0,144.2,1.3567343703596575,0.0,0.0,1.36175,0.9670240820371391,1.0,1842.5023939898722,1000.0,1843.2256477840097,1000.0,0.10618227517317298,0.0
1817,1679072640000.0,0.0,0.0,106.0,1.3567343703596575,0.0,0.0,1.37725,0.9670240820371391,1.0,1843.0101319501332,1000.0,1845.1847886920095,1000.0,0.07803204158511641,0.0
1818,1679076240000.0,0.0,0.0,4.8,1.3567343703596575,0.0,0.0,1.38515,0.9670240820371391,1.0,1845.8949307977352,1000.0,1846.031325820009,1000.0,0.003528004150762764,0.0
1819,1679079840000.0,0.0,0.0,19.5,1.3739719072686492,0.0,0.0,1.405,0.9670240820371391,1.0,1847.0332378097476,1000.0,1847.638285618009,1000.0,0.014505668681690717,0.0
1820,1679083440000.0,0.0,0.0,9.5,1.3739719072686492,0.0,0.0,1.40455,0.9670240820371391,1.0,1847.302716337061,1000.0,1847.5932082180088,1000.0,0.007065833338313865,0.0
1821,1679087040000.0,0.0,0.0,49.0,1.385553689516606,0.0,0.0,1.40745,0.9670240820371391,1.0,1847.746325900323,1000.0,1848.8192451140094,1000.0,0.03674320973320455,0.0
1822,1679090640000.0,0.0,0.0,8.3,1.385553689516606,0.0,0.0,1.42605,0.9670240820371391,1.0,1849.0273538169968,1000.0,1849.363473194009,1000.0,0.006219537855536791,0.0
1823,1679094240000.0,0.0,0.0,0.0,1.385553689516606,0.0,0.0,1.459,0.9670240820371391,1.0,1849.4620707540084,1000.0,1849.4620707540084,1000.0,0.0,0.0
1824,1679097840000.0,0.0,0.0,0.0,1.385553689516606,0.0,0.0,1.56305,0.9670240820371391,1.0,1849.4620707540084,1000.0,1849.4620707540084,1000.0,0.0,0.0
1825,1679101440000.0,0.0,0.0,0.0,1.385553689516606,0.0,0.0,1.57755,0.9670240820371391,1.0,1849.4620707540084,1000.0,1849.4620707540084,1000.0,0.0,0.0
1826,1679105040000.0,0.0,0.0,0.0,1.385553689516606,0.0,0.0,1.5181,0.9670240820371391,1.0,1849.4620707540084,1000.0,1849.4620707540084,1000.0,0.0,0.0
1827,1679108640000.0,0.0,0.0,0.0,1.385553689516606,0.0,0.0,1.5552,0.9670240820371391,1.0,1849.4620707540084,1000.0,1849.4620707540084,1000.0,0.0,0.0
1828,1679112240000.0,0.0,0.0,0.0,1.385553689516606,0.0,0.0,1.5519,0.9670240820371391,1.0,1849.4620707540084,1000.0,1849.4620707540084,1000.0,0.0,0.0
1829,1679115840000.0,0.0,0.0,0.0,1.385553689516606,0.0,0.0,1.52855,0.9670240820371391,1.0,1849.4620707540084,1000.0,1849.4620707540084,1000.0,0.0,0.0
1830,1679119440000.0,0.0,0.0,0.0,1.385553689516606,0.0,0.0,1.5548,0.9670240820371391,1.0,1849.4620707540084,1000.0,1849.4620707540084,1000.0,0.0,0.0
1831,1679123040000.0,0.0,0.0,0.0,1.385553689516606,0.0,0.0,1.53795,0.9670240820371391,1.0,1849.4620707540084,1000.0,1849.4620707540084,1000.0,0.0,0.0
1832,1679126640000.0,0.0,0.0,0.0,1.385553689516606,0.0,0.0,1.54895,0.9670240820371391,1.0,1849.4620707540084,1000.0,1849.4620707540084,1000.0,0.0,0.0
1833,1679130240000.0,0.0,0.0,60.7,1.5237,0.0,0.0,1.5145,0.9670240820371391,1.0,1849.4435730360085,1000.0,1848.8851330360085,1000.0,0.050008873667971736,0.0
1834,1679133840000.0,0.0,0.0,52.1,1.5237,0.0,0.0,1.5209,0.9670240820371391,1.0,1849.5725059560084,1000.0,1849.4266259560084,1000.0,0.042920604487990885,0.0
1835,1679137440000.0,0.0,0.0,38.4,1.5237,0.0,0.0,1.5369,0.9670240820371391,1.0,1849.7778990960082,1000.0,1850.2847790960082,1000.0,0.0316308676996271,0.0
1836,1679141040000.0,0.0,0.0,20.9,1.5237,0.0,0.0,1.54355,0.9670240820371391,1.0,1850.0402625960082,1000.0,1850.4551275960082,1000.0,0.017213317268735595,0.0
1837,1679144640000.0,0.0,0.0,25.9,1.526019801980198,0.0,0.0,1.54745,0.9670240820371391,1.0,1850.8688304592956,1000.0,1851.4238725880084,1000.0,0.0213542484593461,0.0
1838,1679148240000.0,0.0,0.0,51.8,1.5302968264376107,0.0,0.0,1.54175,0.9670240820371391,1.0,1851.1583224614765,1000.0,1851.7515968520083,1000.0,0.04282149973215911,0.0
1839,1679151840000.0,0.0,0.0,60.3,1.5329914478815678,0.0,0.0,1.51935,0.9670240820371391,1.0,1851.6124850792664,1000.0,1850.7899057720078,1000.0,0.04992372056904837,0.0
1840,1679155440000.0,0.0,0.0,152.6,1.5007581540449446,0.0,0.0,1.47325,0.9670240820371391,1.0,1851.5851698172664,1000.0,1847.387425510008,1000.0,0.12368628677764804,0.0
1841,1679159040000.0,0.0,0.0,61.6,1.4883696570696046,0.0,0.0,1.5035,0.9670240820371391,1.0,1863.3076613204944,1000.0,1864.2396904450068,1000.0,0.04920474099833468,0.0
1842,1679162640000.0,0.0,0.0,61.6,1.4883696570696046,0.0,0.0,1.4798,0.9670240820371391,1.0,1863.3076613204944,1000.0,1862.7797704450068,1000.0,0.04920474099833468,0.0
1843,1679166240000.0,0.0,0.0,25.5,1.4883696570696046,0.0,0.0,1.51515,0.9670240820371391,1.0,1864.231563704282,1000.0,1864.914462449007,1000.0,0.02035875102332264,0.0
1844,1679169840000.0,0.0,0.0,3.4,1.4883696570696046,0.0,0.0,1.53295,0.9670240820371391,1.0,1865.1753455790438,1000.0,1865.326918745007,1000.0,0.002713126594789744,0.0
1845,1679173440000.0,0.0,0.0,24.7,1.5109813101140461,0.0,0.0,1.52495,0.9670240820371391,1.0,1865.7058105468236,1000.0,1866.0508371870067,1000.0,0.020003817401886302,0.0
1846,1679177040000.0,0.0,0.0,61.5,1.5150243084573831,0.0,0.0,1.49785,0.9670240820371391,1.0,1865.909406845136,1000.0,1864.8531868750067,1000.0,0.04993489749733717,0.0
1847,1679180640000.0,0.0,0.0,155.6,1.4831994535355337,0.0,0.0,1.45585,0.9670240820371391,1.0,1865.8818844771358,1000.0,1861.6263095070067,1000.0,0.12368726921575782,0.0
1848,1679184240000.0,0.0,0.0,155.6,1.4831994535355337,0.0,0.0,1.4761,0.9670240820371391,1.0,1865.8818844771358,1000.0,1864.7772095070068,1000.0,0.12368726921575782,0.0
1849,1679187840000.0,0.0,0.0,62.6,1.4877131138720467,0.0,0.0,1.48945,0.9670240820371391,1.0,1868.2651170053966,1000.0,1868.3738460770064,1000.0,0.04984883573572664,0.0
1850,1679191440000.0,0.0,0.0,62.6,1.4877131138720467,0.0,0.0,1.49215,0.9670240820371391,1.0,1868.2651170053966,1000.0,1868.5428660770065,1000.0,0.04984883573572664,0.0
1851,1679195040000.0,0.0,0.0,62.6,1.489177944238547,0.0,0.0,1.48125,0.9670240820371391,1.0,1868.5937416063396,1000.0,1868.0974522970066,1000.0,0.04988914242493082,0.0
1852,1679198640000.0,0.0,0.0,53.7,1.489177944238547,0.0,0.0,1.50595,0.9670240820371391,1.0,1868.7238706046164,1000.0,1869.6245299990064,1000.0,0.042793296999912814,0.0
1853,1679202240000.0,0.0,0.0,53.7,1.489177944238547,0.0,0.0,1.4812,0.9670240820371391,1.0,1868.7238706046164,1000.0,1868.2954549990066,1000.0,0.042793296999912814,0.0
1854,1679205840000.0,0.0,0.0,53.7,1.489177944238547,0.0,0.0,1.47355,0.9670240820371391,1.0,1868.7238706046164,1000.0,1867.8846499990063,1000.0,0.042793296999912814,0.0
1855,1679209440000.0,0.0,0.0,53.7,1.489177944238547,0.0,0.0,1.4415,0.9670240820371391,1.0,1868.7238706046164,1000.0,1866.1635649990064,1000.0,0.042793296999912814,0.0
1856,1679213040000.0,0.0,0.0,135.9,1.4582226313878586,0.0,0.0,1.4561,0.9670240820371391,1.0,1868.7002298846164,1000.0,1868.4117642790063,1000.0,0.10604828556041128,0.0
1857,1679216640000.0,0.0,0.0,135.9,1.4582226313878586,0.0,0.0,1.4397,0.9670240820371391,1.0,1868.7002298846164,1000.0,1866.1830042790064,1000.0,0.10604828556041128,0.0
1858,1679220240000.0,0.0,0.0,135.9,1.4582226313878586,0.0,0.0,1.43515,0.9670240820371391,1.0,1868.7002298846164,1000.0,1865.5646592790065,1000.0,0.10604828556041128,0.0
1859,1679223840000.0,0.0,0.0,135.9,1.4582226313878586,0.0,0.0,1.4116,0.9670240820371391,1.0,1868.7002298846164,1000.0,1862.3642142790065,1000.0,0.10604828556041128,0.0
1860,1679227440000.0,0.0,0.0,185.7,1.4248224937644958,0.0,0.0,1.4388,0.9670240820371391,1.0,1870.8550334470733,1000.0,1873.4506563550065,1000.0,0.14142706535875063,0.0
1861,1679231040000.0,0.0,0.0,58.2,1.4248224937644958,0.0,0.0,1.4259,0.9670240820371391,1.0,1873.5698321821003,1000.0,1873.6325430450067,1000.0,0.044260249985191825,0.0
1862,1679234640000.0,0.0,0.0,58.2,1.4248224937644958,0.0,0.0,1.4205,0.9670240820371391,1.0,1873.5698321821003,1000.0,1873.3182630450067,1000.0,0.044260249985191825,0.0
1863,1679238240000.0,0.0,0.0,15.4,1.4274219699209867,0.0,0.0,1.47355,0.9670240820371391,1.0,1875.3787191537892,1000.0,1876.089090817006,1000.0,0.011721524891090839,0.0
1864,1679241840000.0,0.0,0.0,0.2,1.4274219699209867,0.0,0.0,1.5163,0.9670240820371391,1.0,1876.0376631649901,1000.0,1876.055438771006,1000.0,0.00015217412719879393,0.0
1865,1679245440000.0,0.0,0.0,0.0,1.4274219699209867,0.0,0.0,1.52835,0.9670240820371391,1.0,1876.0530085930059,1000.0,1876.0530085930059,1000.0,0.0,0.0
1866,1679249040000.0,0.0,0.0,0.0,1.4274219699209867,0.0,0.0,1.5354,0.9670240820371391,1.0,1876.0530085930059,1000.0,1876.0530085930059,1000.0,0.0,0.0
1867,1679252640000.0,0.0,0.0,0.0,1.4274219699209867,0.0,0.0,1.5701,0.9670240820371391,1.0,1876.0530085930059,1000.0,1876.0530085930059,1000.0,0.0,0.0
1868,1679256240000.0,0.0,0.0,0.0,1.4274219699209867,0.0,0.0,1.5427,0.9670240820371391,1.0,1876.0530085930059,1000.0,1876.0530085930059,1000.0,0.0,0.0
1869,1679259840000.0,0.0,0.0,62.3,1.5053,0.0,0.0,1.5095,0.9670240820371391,1.0,1876.0342525550059,1000.0,1876.2959125550058,1000.0,0.04998852759339496,0.0
1870,1679263440000.0,0.0,0.0,62.3,1.5053,0.0,0.0,1.485,0.9670240820371391,1.0,1876.0342525550059,1000.0,1874.769562555006,1000.0,0.04998852759339496,0.0
1871,1679267040000.0,0.0,0.0,62.3,1.5053,0.0,0.0,1.49725,0.9670240820371391,1.0,1876.0342525550059,1000.0,1875.532737555006,1000.0,0.04998852759339496,0.0
1872,1679270640000.0,0.0,0.0,62.3,1.5053,0.0,0.0,1.4706,0.9670240820371391,1.0,1876.0342525550059,1000.0,1873.8724425550058,1000.0,0.04998852759339496,0.0
1873,1679274240000.0,0.0,0.0,157.6,1.4736744289340105,0.0,0.0,1.46795,0.9670240820371391,1.0,1876.0065583750059,1000.0,1875.1043883750058,1000.0,0.12380078788273298,0.0
1874,1679277840000.0,0.0,0.0,157.6,1.4736744289340105,0.0,0.0,1.4725,0.9670240820371391,1.0,1876.0065583750059,1000.0,1875.8214683750057,1000.0,0.12380078788273298,0.0
1875,1679281440000.0,0.0,0.0,157.6,1.4736744289340105,0.0,0.0,1.4284,0.9670240820371391,1.0,1876.0065583750059,1000.0,1868.8713083750058,1000.0,0.12380078788273298,0.0
1876,1679285040000.0,0.0001480054369681332,0.0,1350.2,1.3893331876758999,0.0,0.0,1.38105,0.9670240820371391,1.0,1875.6778330590057,1000.0,1864.4938730590059,1000.0,1.0001065411860568,0.0
1877,1679288640000.0,0.0001480054369681332,0.0,1350.2,1.3893331876758999,0.0,0.0,1.37865,0.9670240820371391,1.0,1875.6778330590057,1000.0,1861.2533930590057,1000.0,1.0001065411860568,0.0
1878,1679292240000.0,0.0,0.0,803.8,1.3893331876758999,0.0,0.0,1.41825,0.9670240820371391,1.0,1887.928591968894,1000.0,1911.1719257150055,1000.0,0.5915192031120465,0.0
1879,1679295840000.0,0.0,0.0,273.4,1.3893331876758999,0.0,0.0,1.407,0.9670240820371391,1.0,1895.1877271615965,1000.0,1900.0178336510055,1000.0,0.20042536581823428,0.0
1880,1679299440000.0,0.0,0.0,0.3,1.3893331876758999,0.0,0.0,1.46835,0.9670240820371391,1.0,1907.5703160353085,1000.0,1907.5940210790056,1000.0,0.0002184978203943991,0.0
1881,1679303040000.0,0.0,0.0,42.2,1.4289,0.0,0.0,1.44215,0.9670240820371391,1.0,1907.9135585230056,1000.0,1908.4727085230056,1000.0,0.03160498531530977,0.0
1882,1679306640000.0,0.0,0.0,42.1,1.4293775112443776,0.0,0.0,1.44035,0.9670240820371391,1.0,1908.251780762394,1000.0,1908.7137225390056,1000.0,0.03153503842105478,0.0
1883,1679310240000.0,0.0,0.0,66.6,1.4308074798186494,0.0,0.0,1.423,0.9670240820371391,1.0,1908.3272450049276,1000.0,1907.8072668490056,1000.0,0.04993471555014978,0.0
1884,1679313840000.0,0.0,0.0,66.6,1.4313868845512587,0.0,0.0,1.4233,0.9670240820371391,1.0,1908.5704220961195,1000.0,1908.0318355850056,1000.0,0.04994857166780131,0.0
1885,1679317440000.0,0.0,0.0,66.6,1.4313868845512587,0.0,0.0,1.4159,0.9670240820371391,1.0,1908.5704220961195,1000.0,1907.5389955850058,1000.0,0.04994857166780131,0.0
1886,1679321040000.0,0.0,0.0,66.6,1.4313868845512587,0.0,0.0,1.4066,0.9670240820371391,1.0,1908.5704220961195,1000.0,1906.9196155850057,1000.0,0.04994857166780131,0.0
1887,1679324640000.0,0.0,0.0,66.6,1.4313868845512587,0.0,0.0,1.41635,0.9670240820371391,1.0,1908.5704220961195,1000.0,1907.5689655850056,1000.0,0.04994857166780131,0.0
1888,1679328240000.0,0.0,0.0,66.6,1.4313868845512587,0.0,0.0,1.41665,0.9670240820371391,1.0,1908.5704220961195,1000.0,1907.5889455850056,1000.0,0.04994857166780131,0.0
1889,1679331840000.0,0.0,0.0,426.4,1.368328157859085,0.0,0.0,1.3668,0.9670240820371391,1.0,1908.4727971441193,1000.0,1907.8211906330055,1000.0,0.30571833530150855,0.0
1890,1679335440000.0,0.0,0.0,145.1,1.368328157859085,0.0,0.0,1.34645,0.9670240820371391,1.0,1912.269059392359,1000.0,1909.0945386870058,1000.0,0.10382661097306177,0.0
1891,1679339040000.0,0.0,0.0,124.4,1.368328157859085,0.0,0.0,1.3631,0.9670240820371391,1.0,1912.5484146306758,1000.0,1911.8980317930057,1000.0,0.08900168044663102,0.0
1892,1679342640000.0,0.0,0.0,124.4,1.368328157859085,0.0,0.0,1.35945,0.9670240820371391,1.0,1912.5484146306758,1000.0,1911.4439717930056,1000.0,0.08900168044663102,0.0
1893,1679346240000.0,0.0,0.0,124.4,1.368328157859085,0.0,0.0,1.37295,0.9670240820371391,1.0,1912.5484146306758,1000.0,1913.1233717930056,1000.0,0.08900168044663102,0.0
1894,1679349840000.0,0.0,0.0,124.4,1.368328157859085,0.0,0.0,1.3595,0.9670240820371391,1.0,1912.5484146306758,1000.0,1911.4501917930056,1000.0,0.08900168044663102,0.0
1895,1679353440000.0,0.0,0.0,124.4,1.368328157859085,0.0,0.0,1.3542,0.9670240820371391,1.0,1912.5484146306758,1000.0,1910.7908717930056,1000.0,0.08900168044663102,0.0
1896,1679357040000.0,0.0,0.0,124.4,1.368328157859085,0.0,0.0,1.3536,0.9670240820371391,1.0,1912.5484146306758,1000.0,1910.7162317930056,1000.0,0.08900168044663102,0.0
1897,1679360640000.0,0.0,0.0,124.4,1.368328157859085,0.0,0.0,1.3481,0.9670240820371391,1.0,1912.5484146306758,1000.0,1910.0320317930057,1000.0,0.08900168044663102,0.0
1898,1679364240000.0,0.0,0.0,124.4,1.368328157859085,0.0,0.0,1.34795,0.9670240820371391,1.0,1912.5484146306758,1000.0,1910.0133717930057,1000.0,0.08900168044663102,0.0
1899,1679367840000.0,0.0,0.0,314.8,1.3377672898274149,0.0,0.0,1.3305,0.9670240820371391,1.0,1912.4982328066758,1000.0,1910.2104899690055,1000.0,0.22019844808935826,0.0
1900,1679371440000.0,0.0,0.0,314.8,1.3377672898274149,0.0,0.0,1.3432,0.9670240820371391,1.0,1912.4982328066758,1000.0,1914.2084499690056,1000.0,0.22019844808935826,0.0
1901,1679375040000.0,0.0,0.0,314.8,1.3377672898274149,0.0,0.0,1.3267,0.9670240820371391,1.0,1912.4982328066758,1000.0,1909.0142499690055,1000.0,0.22019844808935826,0.0
1902,1679378640000.0,0.0,0.0,314.8,1.3377672898274149,0.0,0.0,1.31925,0.9670240820371391,1.0,1912.4982328066758,1000.0,1906.6689899690057,1000.0,0.22019844808935826,0.0
1903,1679382240000.0,0.0,0.0,314.8,1.3377672898274149,0.0,0.0,1.3137,0.9670240820371391,1.0,1912.4982328066758,1000.0,1904.9218499690055,1000.0,0.22019844808935826,0.0
1904,1679385840000.0,0.00019458671279660533,0.0,1481.2,1.2911748466362882,0.0,0.0,1.2933,0.9670240820371391,1.0,1912.1999609986758,1000.0,1915.3477381610055,1000.0,1.0001507278762016,0.0
1905,1679389440000.0,0.00019458671279660533,0.0,1481.2,1.2911748466362882,0.0,0.0,1.2954,0.9670240820371391,1.0,1912.1999609986758,1000.0,1918.458258161006,1000.0,1.0001507278762016,0.0
1906,1679393040000.0,0.0,0.0,215.1,1.2911748466362882,0.0,0.0,1.31355,0.9670240820371391,1.0,1934.4486103544714,1000.0,1939.2615058430058,1000.0,0.1435715107782437,0.0
1907,1679396640000.0,0.0,0.0,31.5,1.2911748466362882,0.0,0.0,1.32275,0.9670240820371391,1.0,1940.5731819280493,1000.0,1941.5677992590063,1000.0,0.02095876004461401,0.0
1908,1679400240000.0,0.0,0.0,13.0,1.2911748466362882,0.0,0.0,1.32545,0.9670240820371391,1.0,1941.273578855278,1000.0,1941.7191558490063,1000.0,0.008646526274864163,0.0
1909,1679403840000.0,0.0,0.0,0.0,1.2911748466362882,0.0,0.0,1.36975,0.9670240820371391,1.0,1941.8678492450065,1000.0,1941.8678492450065,1000.0,0.0,0.0
1910,1679407440000.0,0.0,0.0,0.0,1.2911748466362882,0.0,0.0,1.37385,0.9670240820371391,1.0,1941.8678492450065,1000.0,1941.8678492450065,1000.0,0.0,0.0
1911,1679411040000.0,0.0,0.0,0.0,1.2911748466362882,0.0,0.0,1.35015,0.9670240820371391,1.0,1941.8678492450065,1000.0,1941.8678492450065,1000.0,0.0,0.0
1912,1679414640000.0,0.0,0.0,72.5,1.3393,0.0,0.0,1.34075,0.9670240820371391,1.0,1941.8484293950064,1000.0,1941.9535543950064,1000.0,0.05000351651042703,0.0
1913,1679418240000.0,0.0,0.0,24.8,1.3393,0.0,0.0,1.34525,0.9670240820371391,1.0,1942.4747046370064,1000.0,1942.6222646370065,1000.0,0.017099136436995135,0.0
1914,1679421840000.0,0.0,0.0,72.4,1.3406149171270716,0.0,0.0,1.3122,0.9670240820371391,1.0,1942.4619354610065,1000.0,1940.4046954610064,1000.0,0.049967784813741804,0.0
1915,1679425440000.0,0.0,0.0,183.2,1.3124220524017467,0.0,0.0,1.29015,0.9670240820371391,1.0,1942.4332604210065,1000.0,1938.3530204210065,1000.0,0.12378068523594345,0.0
1916,1679429040000.0,0.0,0.0,183.2,1.3124220524017467,0.0,0.0,1.31055,0.9670240820371391,1.0,1942.4332604210065,1000.0,1942.0903004210065,1000.0,0.12378068523594345,0.0
1917,1679432640000.0,0.0,0.0,24.9,1.3124220524017467,0.0,0.0,1.3261,0.9670240820371391,1.0,1944.4773610298096,1000.0,1944.8179419250062,1000.0,0.016806217320779856,0.0
1918,1679436240000.0,0.0,0.0,25.2,1.3183626237065695,0.0,0.0,1.3295,0.9670240820371391,1.0,1945.0922897184116,1000.0,1945.372951601006,1000.0,0.017080288834117562,0.0
1919,1679439840000.0,0.0,0.0,73.5,1.3223034282898654,0.0,0.0,1.32815,0.9670240820371391,1.0,1945.196404336311,1000.0,1945.6261273570058,1000.0,0.049963747497500384,0.0
1920,1679443440000.0,0.0,0.0,22.5,1.3223034282898654,0.0,0.0,1.3446,0.9670240820371391,1.0,1946.1678649695282,1000.0,1946.6695378330062,1000.0,0.015287389989345963,0.0
1921,1679447040000.0,0.0,0.0,73.3,1.3261317348703192,0.0,0.0,1.3063,0.9670240820371391,1.0,1946.1952222150005,1000.0,1944.741556049006,1000.0,0.04994640571327838,0.0
1922,1679450640000.0,0.0,0.0,73.3,1.3261317348703192,0.0,0.0,1.30945,0.9670240820371391,1.0,1946.1952222150005,1000.0,1944.9724510490062,1000.0,0.04994640571327838,0.0
1923,1679454240000.0,0.0,0.0,73.3,1.3261317348703192,0.0,0.0,1.30515,0.9670240820371391,1.0,1946.1952222150005,1000.0,1944.6572610490061,1000.0,0.04994640571327838,0.0
1924,1679457840000.0,0.0,0.0,73.3,1.3261317348703192,0.0,0.0,1.3209,0.9670240820371391,1.0,1946.1952222150005,1000.0,1945.8117360490062,1000.0,0.04994640571327838,0.0
1925,1679461440000.0,0.0,0.0,73.3,1.3261317348703192,0.0,0.0,1.3154,0.9670240820371391,1.0,1946.1952222150005,1000.0,1945.408586049006,1000.0,0.04994640571327838,0.0
1926,1679465040000.0,0.0,0.0,73.3,1.3261317348703192,0.0,0.0,1.3139,0.9670240820371391,1.0,1946.1952222150005,1000.0,1945.298636049006,1000.0,0.04994640571327838,0.0
1927,1679468640000.0,0.0,0.0,73.3,1.3261317348703192,0.0,0.0,1.33365,0.9670240820371391,1.0,1946.1952222150005,1000.0,1946.7463110490062,1000.0,0.04994640571327838,0.0
1928,1679472240000.0,0.0,0.0,73.3,1.3261317348703192,0.0,0.0,1.30765,0.9670240820371391,1.0,1946.1952222150005,1000.0,1944.8405110490062,1000.0,0.04994640571327838,0.0
1929,1679475840000.0,0.0,0.0,73.3,1.3261317348703192,0.0,0.0,1.2975,0.9670240820371391,1.0,1946.1952222150005,1000.0,1944.0965160490061,1000.0,0.04994640571327838,0.0
1930,1679479440000.0,0.0,0.0,13.0,1.3231880551444832,0.0,0.0,1.3531,0.9670240820371391,1.0,1947.8010056778844,1000.0,1948.1898609610062,1000.0,0.008831212565727031,0.0
1931,1679483040000.0,0.0,0.0,3.0,1.3231880551444832,0.0,0.0,1.35685,0.9670240820371391,1.0,1948.1816620744398,1000.0,1948.2826479090063,1000.0,0.0020375739299417412,0.0
1932,1679486640000.0,0.0,0.0,0.7,1.3231880551444832,0.0,0.0,1.3483,0.9670240820371391,1.0,1948.2529365016078,1000.0,1948.2705148630066,1000.0,0.0004754165238238171,0.0
1933,1679490240000.0,0.0,0.0,0.0,1.3231880551444832,0.0,0.0,1.40855,0.9670240820371391,1.0,1948.2775446570067,1000.0,1948.2775446570067,1000.0,0.0,0.0
1934,1679493840000.0,0.0,0.0,0.0,1.3231880551444832,0.0,0.0,1.39285,0.9670240820371391,1.0,1948.2775446570067,1000.0,1948.2775446570067,1000.0,0.0,0.0
1935,1679497440000.0,0.0,0.0,0.0,1.3231880551444832,0.0,0.0,1.40825,0.9670240820371391,1.0,1948.2775446570067,1000.0,1948.2775446570067,1000.0,0.0,0.0
1936,1679501040000.0,0.0,0.0,0.0,1.3231880551444832,0.0,0.0,1.4075,0.9670240820371391,1.0,1948.2775446570067,1000.0,1948.2775446570067,1000.0,0.0,0.0
1937,1679504640000.0,0.0,0.0,0.0,1.3231880551444832,0.0,0.0,1.40765,0.9670240820371391,1.0,1948.2775446570067,1000.0,1948.2775446570067,1000.0,0.0,0.0
1938,1679508240000.0,0.0,0.0,0.0,1.3231880551444832,0.0,0.0,1.439,0.9670240820371391,1.0,1948.2775446570067,1000.0,1948.2775446570067,1000.0,0.0,0.0
1939,1679511840000.0,0.0,0.0,0.0,1.3231880551444832,0.0,0.0,1.40535,0.9670240820371391,1.0,1948.2775446570067,1000.0,1948.2775446570067,1000.0,0.0,0.0
1940,1679515440000.0,0.0,0.0,176.4,1.367499149659864,0.0,0.0,1.3712,0.9670240820371391,1.0,1948.8901359430065,1000.0,1949.5429659430065,1000.0,0.12377652570101288,0.0
1941,1679519040000.0,0.0,0.0,7.2,1.3750987612536765,0.0,0.0,1.41855,0.9670240820371391,1.0,1953.195689102033,1000.0,1953.5085380210064,1000.0,0.00506898061278143,0.0
1942,1679522640000.0,0.0,0.0,69.8,1.3992259223585506,0.0,0.0,1.3894,0.9670240820371391,1.0,1953.5635512496322,1000.0,1952.8777018690053,1000.0,0.049993750814071564,0.0
1943,1679526240000.0,0.0,0.0,59.9,1.3992259223585506,0.0,0.0,1.4152,0.9670240820371391,1.0,1953.7000862842824,1000.0,1954.6569335350052,1000.0,0.042899948327627536,0.0
1944,1679529840000.0,0.0,0.0,59.9,1.3992259223585506,0.0,0.0,1.37635,0.9670240820371391,1.0,1953.7000862842824,1000.0,1952.3298185350052,1000.0,0.042899948327627536,0.0
1945,1679533440000.0,0.0,0.0,59.9,1.3992259223585506,0.0,0.0,1.3594,0.9670240820371391,1.0,1953.7000862842824,1000.0,1951.3145135350053,1000.0,0.042899948327627536,0.0
1946,1679537040000.0,0.0,0.0,383.6,1.3387171604517132,0.0,0.0,1.3233,0.9670240820371391,1.0,1953.6141426302825,1000.0,1947.7001198810053,1000.0,0.26286250265258343,0.0
1947,1679540640000.0,0.0,0.0,207.2,1.3387171604517132,0.0,0.0,1.3495,0.9670240820371391,1.0,1955.9448099106003,1000.0,1958.1790142650052,1000.0,0.14181493988998245,0.0
1948,1679544240000.0,0.0,0.0,152.3,1.3387171604517132,0.0,0.0,1.32355,0.9670240820371391,1.0,1956.670170645801,1000.0,1954.360212109005,1000.0,0.10420081350220765,0.0
1949,1679547840000.0,0.0,0.0,152.3,1.3387171604517132,0.0,0.0,1.3292,0.9670240820371391,1.0,1956.670170645801,1000.0,1955.220707109005,1000.0,0.10420081350220765,0.0
1950,1679551440000.0,0.0,0.0,72.5,1.3410560217632828,0.0,0.0,1.34975,0.9670240820371391,1.0,1958.248774194843,1000.0,1958.879087617005,1000.0,0.04964974974531203,0.0
1951,1679555040000.0,0.0,0.0,62.2,1.346795572813226,0.0,0.0,1.3622,0.9670240820371391,1.0,1958.9476365559874,1000.0,1959.9057919270047,1000.0,0.04276310559084638,0.0
1952,1679558640000.0,0.0,0.0,62.2,1.3483071342737343,0.0,0.0,1.35975,0.9670240820371391,1.0,1959.2936047808312,1000.0,1960.005351029005,1000.0,0.04280354080020971,0.0
1953,1679562240000.0,0.0,0.0,72.5,1.3496302999963727,0.0,0.0,1.351,0.9670240820371391,1.0,1959.503201928742,1000.0,1959.602505179005,1000.0,0.04993520635915517,0.0
1954,1679565840000.0,0.0,0.0,53.4,1.3496302999963727,0.0,0.0,1.36515,0.9670240820371391,1.0,1959.7571757748115,1000.0,1960.585927755005,1000.0,0.03677509586937093,0.0
1955,1679569440000.0,0.0,0.0,13.7,1.3496302999963727,0.0,0.0,1.3845,0.9670240820371391,1.0,1960.8757408989554,1000.0,1961.353455789005,1000.0,0.009429427232076251,0.0
1956,1679573040000.0,0.0,0.0,2.0,1.3496302999963727,0.0,0.0,1.37295,0.9670240820371391,1.0,1961.338964958998,1000.0,1961.3856043590054,1000.0,0.0013762336078655193,0.0
1957,1679576640000.0,0.0,0.0,71.9,1.3636602435325986,0.0,0.0,1.34675,0.9670240820371391,1.0,1961.327732730999,1000.0,1960.1118862210053,1000.0,0.04999020300063297,0.0
1958,1679580240000.0,0.0,0.0,71.9,1.3636602435325986,0.0,0.0,1.3319,0.9670240820371391,1.0,1961.327732730999,1000.0,1959.0441712210052,1000.0,0.04999020300063297,0.0
1959,1679583840000.0,0.0,0.0,71.9,1.3636602435325986,0.0,0.0,1.36995,0.9670240820371391,1.0,1961.327732730999,1000.0,1961.7799662210052,1000.0,0.04999020300063297,0.0
1960,1679587440000.0,0.0,0.0,7.2,1.3636602435325986,0.0,0.0,1.37425,0.9670240820371391,1.0,1962.7950421604396,1000.0,1962.8712884070048,1000.0,0.005002230769152388,0.0
1961,1679591040000.0,0.0,0.0,4.1,1.3636602435325986,0.0,0.0,1.3775,0.9670240820371391,1.0,1962.8364714794886,1000.0,1962.893214481005,1000.0,0.0028484323985835816,0.0
1962,1679594640000.0,0.0,0.0,72.1,1.3615285297986637,0.0,0.0,1.35155,0.9670240820371391,1.0,1962.8179564394886,1000.0,1962.098504441005,1000.0,0.05001289430658925,0.0
1963,1679598240000.0,0.0,0.0,182.4,1.33290826205309,0.0,0.0,1.32085,0.9670240820371391,1.0,1962.7889651874887,1000.0,1960.589538189005,1000.0,0.12386582119145968,0.0
1964,1679601840000.0,0.0,0.0,182.4,1.33290826205309,0.0,0.0,1.3341,0.9670240820371391,1.0,1962.7889651874887,1000.0,1963.006338189005,1000.0,0.12386582119145968,0.0
1965,1679605440000.0,0.0,0.0,182.4,1.33290826205309,0.0,0.0,1.3309,0.9670240820371391,1.0,1962.7889651874887,1000.0,1962.422658189005,1000.0,0.12386582119145968,0.0
1966,1679609040000.0,0.0,0.0,182.4,1.33290826205309,0.0,0.0,1.33015,0.9670240820371391,1.0,1962.7889651874887,1000.0,1962.285858189005,1000.0,0.12386582119145968,0.0
1967,1679612640000.0,0.0,0.0,182.4,1.33290826205309,0.0,0.0,1.3287,0.9670240820371391,1.0,1962.7889651874887,1000.0,1962.021378189005,1000.0,0.12386582119145968,0.0
1968,1679616240000.0,0.0,0.0,182.4,1.33290826205309,0.0,0.0,1.33415,0.9670240820371391,1.0,1962.7889651874887,1000.0,1963.015458189005,1000.0,0.12386582119145968,0.0
1969,1679619840000.0,0.0,0.0,182.4,1.33290826205309,0.0,0.0,1.31745,0.9670240820371391,1.0,1962.7889651874887,1000.0,1959.969378189005,1000.0,0.12386582119145968,0.0
1970,1679623440000.0,0.0,0.0,182.4,1.33290826205309,0.0,0.0,1.33205,0.9670240820371391,1.0,1962.7889651874887,1000.0,1962.632418189005,1000.0,0.12386582119145968,0.0
1971,1679627040000.0,0.0,0.0,182.4,1.33290826205309,0.0,0.0,1.32465,0.9670240820371391,1.0,1962.7889651874887,1000.0,1961.2826581890051,1000.0,0.12386582119145968,0.0
1972,1679630640000.0,0.0,0.0,182.4,1.33290826205309,0.0,0.0,1.33205,0.9670240820371391,1.0,1962.7889651874887,1000.0,1962.632418189005,1000.0,0.12386582119145968,0.0
1973,1679634240000.0,0.0,0.0,182.4,1.33290826205309,0.0,0.0,1.3208,0.9670240820371391,1.0,1962.7889651874887,1000.0,1960.580418189005,1000.0,0.12386582119145968,0.0
1974,1679637840000.0,0.0,0.0,182.4,1.33290826205309,0.0,0.0,1.3268,0.9670240820371391,1.0,1962.7889651874887,1000.0,1961.674818189005,1000.0,0.12386582119145968,0.0
1975,1679641440000.0,0.0,0.0,182.4,1.33290826205309,0.0,0.0,1.32425,0.9670240820371391,1.0,1962.7889651874887,1000.0,1961.209698189005,1000.0,0.12386582119145968,0.0
1976,1679645040000.0,0.0,0.0,182.4,1.33290826205309,0.0,0.0,1.33175,0.9670240820371391,1.0,1962.7889651874887,1000.0,1962.577698189005,1000.0,0.12386582119145968,0.0
1977,1679648640000.0,0.0,0.0,461.5,1.3015763315243416,0.0,0.0,1.29545,0.9670240820371391,1.0,1962.7174541854886,1000.0,1959.890152187005,1000.0,0.30604378420212286,0.0
1978,1679652240000.0,0.0,0.0,461.5,1.3015763315243416,0.0,0.0,1.2884,0.9670240820371391,1.0,1962.7174541854886,1000.0,1956.6365771870048,1000.0,0.30604378420212286,0.0
1979,1679655840000.0,0.0,0.0,461.5,1.3015763315243416,0.0,0.0,1.2655,0.9670240820371391,1.0,1962.7174541854886,1000.0,1946.068227187005,1000.0,0.30604378420212286,0.0
1980,1679659440000.0,0.0001969126301269794,0.0,1561.9,1.256644213456997,0.0,0.0,1.25635,0.9670240820371391,1.0,1962.4450391614885,1000.0,1961.985507163005,1000.0,1.0001567217582443,0.0
1981,1679663040000.0,0.0,0.0,1147.6,1.256644213456997,0.0,0.0,1.25865,0.9670240820371391,1.0,1967.5831573282546,1000.0,1969.884997965005,1000.0,0.7329422870855863,0.0
1982,1679666640000.0,0.0,0.0,1147.6,1.256644213456997,0.0,0.0,1.2427,0.9670240820371391,1.0,1967.5831573282546,1000.0,1951.5807779650047,1000.0,0.7329422870855863,0.0
1983,1679670240000.0,0.0,0.0,983.7,1.256644213456997,0.0,0.0,1.2445,0.9670240820371391,1.0,1969.6158330886528,1000.0,1957.6695703110047,1000.0,0.6276152394851348,0.0
1984,1679673840000.0,0.0,0.0,983.7,1.256644213456997,0.0,0.0,1.24475,0.9670240820371391,1.0,1969.6158330886528,1000.0,1957.9154953110049,1000.0,0.6276152394851348,0.0
1985,1679677440000.0,0.0,0.0,983.7,1.256644213456997,0.0,0.0,1.2493,0.9670240820371391,1.0,1969.6158330886528,1000.0,1962.3913303110048,1000.0,0.6276152394851348,0.0
1986,1679681040000.0,0.0,0.0,983.7,1.256644213456997,0.0,0.0,1.21505,0.9670240820371391,1.0,1969.6158330886528,1000.0,1928.6996053110047,1000.0,0.6276152394851348,0.0
1987,1679684640000.0,0.0,0.0,983.7,1.256644213456997,0.0,0.0,1.21975,0.9670240820371391,1.0,1969.6158330886528,1000.0,1933.3229953110047,1000.0,0.6276152394851348,0.0
1988,1679688240000.0,0.0,0.0,983.7,1.256644213456997,0.0,0.0,1.22765,0.9670240820371391,1.0,1969.6158330886528,1000.0,1941.0942253110047,1000.0,0.6276152394851348,0.0
1989,1679691840000.0,0.0,0.0,983.7,1.256644213456997,0.0,0.0,1.20675,0.9670240820371391,1.0,1969.6158330886528,1000.0,1920.534895311005,1000.0,0.6276152394851348,0.0
1990,1679695440000.0,0.0,0.0,983.7,1.256644213456997,0.0,0.0,1.2095,0.9670240820371391,1.0,1969.6158330886528,1000.0,1923.2400703110047,1000.0,0.6276152394851348,0.0
1991,1679699040000.0,0.0,0.0,983.7,1.256644213456997,0.0,0.0,1.2086,0.9670240820371391,1.0,1969.6158330886528,1000.0,1922.3547403110047,1000.0,0.6276152394851348,0.0
1992,1679702640000.0,0.0,0.0,983.7,1.256644213456997,0.0,0.0,1.22185,0.9670240820371391,1.0,1969.6158330886528,1000.0,1935.3887653110048,1000.0,0.6276152394851348,0.0
1993,1679706240000.0,0.0,0.0,983.7,1.256644213456997,0.0,0.0,1.22695,0.9670240820371391,1.0,1969.6158330886528,1000.0,1940.4056353110047,1000.0,0.6276152394851348,0.0
1994,1679709840000.0,0.0,0.0,983.7,1.256644213456997,0.0,0.0,1.2193,0.9670240820371391,1.0,1969.6158330886528,1000.0,1932.8803303110049,1000.0,0.6276152394851348,0.0
1995,1679713440000.0,0.0,0.0,983.7,1.256644213456997,0.0,0.0,1.22485,0.9670240820371391,1.0,1969.6158330886528,1000.0,1938.3398653110048,1000.0,0.6276152394851348,0.0
1996,1679717040000.0,0.0,0.0,983.7,1.256644213456997,0.0,0.0,1.215,0.9670240820371391,1.0,1969.6158330886528,1000.0,1928.6504203110048,1000.0,0.6276152394851348,0.0
1997,1679720640000.0,0.0,0.0,983.7,1.256644213456997,0.0,0.0,1.20325,0.9670240820371391,1.0,1969.6158330886528,1000.0,1917.0919453110048,1000.0,0.6276152394851348,0.0
1998,1679724240000.0,0.0,0.0,983.7,1.256644213456997,0.0,0.0,1.1969,0.9670240820371391,1.0,1969.6158330886528,1000.0,1910.845450311005,1000.0,0.6276152394851348,0.0
1999,1679727840000.0,0.0,0.0,983.7,1.256644213456997,0.0,0.0,1.192,0.9670240820371391,1.0,1969.6158330886528,1000.0,1906.0253203110049,1000.0,0.6276152394851348,0.0
2000,1679731440000.0,0.0,0.0,983.7,1.256644213456997,0.0,0.0,1.18205,0.9670240820371391,1.0,1969.6158330886528,1000.0,1896.237505311005,1000.0,0.6276152394851348,0.0
2001,1679735040000.0,0.0,0.0,983.7,1.256644213456997,0.0,0.0,1.1793,0.9670240820371391,1.0,1969.6158330886528,1000.0,1893.532330311005,1000.0,0.6276152394851348,0.0
2002,1679738640000.0,9.512301080981107e-05,0.0,1609.2,1.2239760208660502,0.0,0.0,1.18285,0.9670240820371391,1.0,1969.4691408286528,1000.0,1903.2891480510048,1000.0,1.0000777224409472,0.0
2003,1679742240000.0,0.0,0.0,1592.6,1.2239760208660502,0.0,0.0,1.1846,0.9670240820371391,1.0,1968.8397803662763,1000.0,1906.1295295350048,1000.0,0.990077623517252,0.0
2004,1679745840000.0,0.0,0.0,1592.6,1.2239760208660502,0.0,0.0,1.1885,0.9670240820371391,1.0,1968.8397803662763,1000.0,1912.3406695350045,1000.0,0.990077623517252,0.0
2005,1679749440000.0,0.0,0.0,1592.6,1.2239760208660502,0.0,0.0,1.17265,0.9670240820371391,1.0,1968.8397803662763,1000.0,1887.0979595350047,1000.0,0.990077623517252,0.0
2006,1679753040000.0,0.0,0.0,1592.6,1.2239760208660502,0.0,0.0,1.1812,0.9670240820371391,1.0,1968.8397803662763,1000.0,1900.7146895350047,1000.0,0.990077623517252,0.0
2007,1679756640000.0,0.0,0.0,1592.6,1.2239760208660502,0.0,0.0,1.1603,0.9670240820371391,1.0,1968.8397803662763,1000.0,1867.429349535005,1000.0,0.990077623517252,0.0
2008,1679760240000.0,0.0,0.0,1592.6,1.2239760208660502,0.0,0.0,1.1791,0.9670240820371391,1.0,1968.8397803662763,1000.0,1897.370229535005,1000.0,0.990077623517252,0.0
2009,1679763840000.0,0.0,0.0,1592.6,1.2239760208660502,0.0,0.0,1.16175,0.9670240820371391,1.0,1968.8397803662763,1000.0,1869.7386195350048,1000.0,0.990077623517252,0.0
2010,1679767440000.0,0.0,0.0,1592.6,1.2239760208660502,0.0,0.0,1.1586,0.9670240820371391,1.0,1968.8397803662763,1000.0,1864.7219295350048,1000.0,0.990077623517252,0.0
2011,1679771040000.0,0.0,0.0,1592.6,1.2239760208660502,0.0,0.0,1.1439,0.9670240820371391,1.0,1968.8397803662763,1000.0,1841.3107095350047,1000.0,0.990077623517252,0.0
2012,1679774640000.0,0.0,0.0,1592.6,1.2239760208660502,0.0,0.0,1.13575,0.9670240820371391,1.0,1968.8397803662763,1000.0,1828.3310195350048,1000.0,0.990077623517252,0.0
2013,1679778240000.0,0.0,0.0,1592.6,1.2239760208660502,0.0,0.0,1.14175,0.9670240820371391,1.0,1968.8397803662763,1000.0,1837.886619535005,1000.0,0.990077623517252,0.0
2014,1679781840000.0,0.0,0.0,1592.6,1.2239760208660502,0.0,0.0,1.14435,0.9670240820371391,1.0,1968.8397803662763,1000.0,1842.0273795350047,1000.0,0.990077623517252,0.0
2015,1679785440000.0,0.0,0.0,1575.5,1.2239760208660502,0.0,0.0,1.1472,0.9670240820371391,1.0,1967.552051171467,1000.0,1846.591430297005,1000.0,0.9800880336183845,0.0
2016,1679789040000.0,0.0,0.0,1575.5,1.2239760208660502,0.0,0.0,1.14775,0.9670240820371391,1.0,1967.552051171467,1000.0,1847.457955297005,1000.0,0.9800880336183845,0.0
2017,1679792640000.0,0.0,0.0,1575.5,1.2239760208660502,0.0,0.0,1.1687,0.9670240820371391,1.0,1967.552051171467,1000.0,1880.464680297005,1000.0,0.9800880336183845,0.0
2018,1679796240000.0,0.0,0.0,1575.5,1.2239760208660502,0.0,0.0,1.16035,0.9670240820371391,1.0,1967.552051171467,1000.0,1867.309255297005,1000.0,0.9800880336183845,0.0
2019,1679799840000.0,0.0,0.0,1575.5,1.2239760208660502,0.0,0.0,1.16845,0.9670240820371391,1.0,1967.552051171467,1000.0,1880.0708052970049,1000.0,0.9800880336183845,0.0
2020,1679803440000.0,0.0,0.0,1575.5,1.2239760208660502,0.0,0.0,1.1701,0.9670240820371391,1.0,1967.552051171467,1000.0,1882.6703802970048,1000.0,0.9800880336183845,0.0
2021,1679807040000.0,0.0,0.0,1575.5,1.2239760208660502,0.0,0.0,1.1682,0.9670240820371391,1.0,1967.552051171467,1000.0,1879.6769302970047,1000.0,0.9800880336183845,0.0
2022,1679810640000.0,0.0,0.0,1575.5,1.2239760208660502,0.0,0.0,1.1673,0.9670240820371391,1.0,1967.552051171467,1000.0,1878.2589802970049,1000.0,0.9800880336183845,0.0
2023,1679814240000.0,0.0,0.0,1575.5,1.2239760208660502,0.0,0.0,1.16145,0.9670240820371391,1.0,1967.552051171467,1000.0,1869.042305297005,1000.0,0.9800880336183845,0.0
2024,1679817840000.0,0.0,0.0,1575.5,1.2239760208660502,0.0,0.0,1.16385,0.9670240820371391,1.0,1967.552051171467,1000.0,1872.8235052970049,1000.0,0.9800880336183845,0.0
2025,1679821440000.0,0.0,0.0,1575.5,1.2239760208660502,0.0,0.0,1.18175,0.9670240820371391,1.0,1967.552051171467,1000.0,1901.024955297005,1000.0,0.9800880336183845,0.0
2026,1679825040000.0,0.0,0.0,1575.5,1.2239760208660502,0.0,0.0,1.1813,0.9670240820371391,1.0,1967.552051171467,1000.0,1900.315980297005,1000.0,0.9800880336183845,0.0
2027,1679828640000.0,0.0,0.0,1558.8,1.2239760208660502,0.0,0.0,1.18605,0.9670240820371391,1.0,1966.836250914004,1000.0,1907.7171695880052,1000.0,0.970052194451555,0.0
2028,1679832240000.0,0.0,0.0,1558.8,1.2239760208660502,0.0,0.0,1.19635,0.9670240820371391,1.0,1966.836250914004,1000.0,1923.772809588005,1000.0,0.970052194451555,0.0
2029,1679835840000.0,0.0,0.0,1145.4,1.2239760208660502,0.0,0.0,1.21975,0.9670240820371391,1.0,1971.828766603979,1000.0,1966.988282304005,1000.0,0.7109857397579692,0.0
2030,1679839440000.0,0.0,0.0,721.4,1.2239760208660502,0.0,0.0,1.2365,0.9670240820371391,1.0,1976.9492955167739,1000.0,1985.9840940640051,1000.0,0.4466357854777246,0.0
2031,1679843040000.0,0.0,0.0,165.7,1.2239760208660502,0.0,0.0,1.2272,0.9670240820371391,1.0,1985.9375328075098,1000.0,1986.4717461500054,1000.0,0.10212447436389857,0.0
2032,1679846640000.0,0.0,0.0,165.7,1.2239760208660502,0.0,0.0,1.21,0.9670240820371391,1.0,1985.9375328075098,1000.0,1983.6217061500054,1000.0,0.10212447436389857,0.0
2033,1679850240000.0,0.0,0.0,165.7,1.2239760208660502,0.0,0.0,1.2008,0.9670240820371391,1.0,1985.9375328075098,1000.0,1982.0972661500052,1000.0,0.10212447436389857,0.0
2034,1679853840000.0,0.0,0.0,165.7,1.2239760208660502,0.0,0.0,1.2139,0.9670240820371391,1.0,1985.9375328075098,1000.0,1984.2679361500052,1000.0,0.10212447436389857,0.0
2035,1679857440000.0,0.0,0.0,165.7,1.2239760208660502,0.0,0.0,1.21295,0.9670240820371391,1.0,1985.9375328075098,1000.0,1984.1105211500053,1000.0,0.10212447436389857,0.0
2036,1679861040000.0,0.0,0.0,165.7,1.2239760208660502,0.0,0.0,1.22125,0.9670240820371391,1.0,1985.9375328075098,1000.0,1985.4858311500052,1000.0,0.10212447436389857,0.0
2037,1679864640000.0,0.0,0.0,165.7,1.2239760208660502,0.0,0.0,1.20175,0.9670240820371391,1.0,1985.9375328075098,1000.0,1982.2546811500054,1000.0,0.10212447436389857,0.0
2038,1679868240000.0,0.0,0.0,165.7,1.2239760208660502,0.0,0.0,1.2125,0.9670240820371391,1.0,1985.9375328075098,1000.0,1984.0359561500052,1000.0,0.10212447436389857,0.0
2039,1679871840000.0,0.0,0.0,165.7,1.2239760208660502,0.0,0.0,1.2331,0.9670240820371391,1.0,1985.9375328075098,1000.0,1987.4493761500053,1000.0,0.10212447436389857,0.0
2040,1679875440000.0,0.0,0.0,165.7,1.2239760208660502,0.0,0.0,1.22305,0.9670240820371391,1.0,1985.9375328075098,1000.0,1985.7840911500052,1000.0,0.10212447436389857,0.0
2041,1679879040000.0,0.0,0.0,165.7,1.2239760208660502,0.0,0.0,1.22505,0.9670240820371391,1.0,1985.9375328075098,1000.0,1986.1154911500053,1000.0,0.10212447436389857,0.0
2042,1679882640000.0,0.0,0.0,165.7,1.2239760208660502,0.0,0.0,1.2,0.9670240820371391,1.0,1985.9375328075098,1000.0,1981.9647061500052,1000.0,0.10212447436389857,0.0
2043,1679886240000.0,0.0,0.0,165.7,1.2239760208660502,0.0,0.0,1.19825,0.9670240820371391,1.0,1985.9375328075098,1000.0,1981.6747311500053,1000.0,0.10212447436389857,0.0
2044,1679889840000.0,0.0,0.0,165.7,1.2239760208660502,0.0,0.0,1.2057,0.9670240820371391,1.0,1985.9375328075098,1000.0,1982.9091961500053,1000.0,0.10212447436389857,0.0
2045,1679893440000.0,0.0,0.0,165.7,1.2239760208660502,0.0,0.0,1.19485,0.9670240820371391,1.0,1985.9375328075098,1000.0,1981.1113511500052,1000.0,0.10212447436389857,0.0
2046,1679897040000.0,0.0,0.0,419.3,1.1961084346708906,0.0,0.0,1.17645,0.9670240820371391,1.0,1985.8777897195098,1000.0,1977.6350080620055,1000.0,0.2525473970522333,0.0
2047,1679900640000.0,0.0,0.0,419.3,1.1961084346708906,0.0,0.0,1.17985,0.9670240820371391,1.0,1985.8777897195098,1000.0,1979.0606280620054,1000.0,0.2525473970522333,0.0
2048,1679904240000.0,0.0,0.0,419.3,1.1961084346708906,0.0,0.0,1.16825,0.9670240820371391,1.0,1985.8777897195098,1000.0,1974.1967480620053,1000.0,0.2525473970522333,0.0
2049,1679907840000.0,0.0,0.0,419.3,1.1961084346708906,0.0,0.0,1.1905,0.9670240820371391,1.0,1985.8777897195098,1000.0,1983.5261730620052,1000.0,0.2525473970522333,0.0
2050,1679911440000.0,0.0,0.0,419.3,1.1961084346708906,0.0,0.0,1.18205,0.9670240820371391,1.0,1985.8777897195098,1000.0,1979.9830880620054,1000.0,0.2525473970522333,0.0
2051,1679915040000.0,0.0,0.0,419.3,1.1961084346708906,0.0,0.0,1.18455,0.9670240820371391,1.0,1985.8777897195098,1000.0,1981.0313380620055,1000.0,0.2525473970522333,0.0
2052,1679918640000.0,0.0,0.0,419.3,1.1961084346708906,0.0,0.0,1.1787,0.9670240820371391,1.0,1985.8777897195098,1000.0,1978.5784330620054,1000.0,0.2525473970522333,0.0
2053,1679922240000.0,0.0,0.0,419.3,1.1961084346708906,0.0,0.0,1.17815,0.9670240820371391,1.0,1985.8777897195098,1000.0,1978.3478180620054,1000.0,0.2525473970522333,0.0
2054,1679925840000.0,0.0,0.0,419.3,1.1961084346708906,0.0,0.0,1.1675,0.9670240820371391,1.0,1985.8777897195098,1000.0,1973.8822730620054,1000.0,0.2525473970522333,0.0
2055,1679929440000.0,0.0001687259543018012,0.0,1720.1,1.154509125433117,0.0,0.0,1.10665,0.9670240820371391,1.0,1985.5809211435098,1000.0,1903.258439486005,1000.0,1.0001461665505063,0.0
2056,1679933040000.0,0.0001687259543018012,0.0,1720.1,1.154509125433117,0.0,0.0,1.15045,0.9670240820371391,1.0,1985.5809211435098,1000.0,1978.5988194860051,1000.0,1.0001461665505063,0.0
2057,1679936640000.0,0.0,0.0,919.3,1.154509125433117,0.0,0.0,1.15155,0.9670240820371391,1.0,1994.5299601606698,1000.0,1991.8096361500054,1000.0,0.5321254933293496,0.0
2058,1679940240000.0,0.0,0.0,919.3,1.154509125433117,0.0,0.0,1.1387,0.9670240820371391,1.0,1994.5299601606698,1000.0,1979.9966311500054,1000.0,0.5321254933293496,0.0
2059,1679943840000.0,0.0,0.0,919.3,1.154509125433117,0.0,0.0,1.14235,0.9670240820371391,1.0,1994.5299601606698,1000.0,1983.3520761500054,1000.0,0.5321254933293496,0.0
2060,1679947440000.0,0.0,0.0,919.3,1.154509125433117,0.0,0.0,1.13145,0.9670240820371391,1.0,1994.5299601606698,1000.0,1973.3317061500054,1000.0,0.5321254933293496,0.0
2061,1679951040000.0,0.0,0.0,919.3,1.154509125433117,0.0,0.0,1.13905,0.9670240820371391,1.0,1994.5299601606698,1000.0,1980.3183861500052,1000.0,0.5321254933293496,0.0
2062,1679954640000.0,0.0,0.0,919.3,1.154509125433117,0.0,0.0,1.145,0.9670240820371391,1.0,1994.5299601606698,1000.0,1985.7882211500053,1000.0,0.5321254933293496,0.0
2063,1679958240000.0,0.0,0.0,919.3,1.154509125433117,0.0,0.0,1.14285,0.9670240820371391,1.0,1994.5299601606698,1000.0,1983.8117261500054,1000.0,0.5321254933293496,0.0
2064,1679961840000.0,0.0,0.0,919.3,1.154509125433117,0.0,0.0,1.14875,0.9670240820371391,1.0,1994.5299601606698,1000.0,1989.2355961500052,1000.0,0.5321254933293496,0.0
2065,1679965440000.0,0.0,0.0,919.3,1.154509125433117,0.0,0.0,1.11675,0.9670240820371391,1.0,1994.5299601606698,1000.0,1959.8179961500052,1000.0,0.5321254933293496,0.0
2066,1679969040000.0,0.0,0.0,919.3,1.154509125433117,0.0,0.0,1.12005,0.9670240820371391,1.0,1994.5299601606698,1000.0,1962.8516861500054,1000.0,0.5321254933293496,0.0
2067,1679972640000.0,0.0,0.0,919.3,1.154509125433117,0.0,0.0,1.11195,0.9670240820371391,1.0,1994.5299601606698,1000.0,1955.4053561500054,1000.0,0.5321254933293496,0.0
2068,1679976240000.0,0.0,0.0,919.3,1.154509125433117,0.0,0.0,1.11515,0.9670240820371391,1.0,1994.5299601606698,1000.0,1958.3471161500054,1000.0,0.5321254933293496,0.0
2069,1679979840000.0,0.0,0.0,919.3,1.154509125433117,0.0,0.0,1.1235,0.9670240820371391,1.0,1994.5299601606698,1000.0,1966.0232711500053,1000.0,0.5321254933293496,0.0
2070,1679983440000.0,0.0,0.0,919.3,1.154509125433117,0.0,0.0,1.13265,0.9670240820371391,1.0,1994.5299601606698,1000.0,1974.4348661500053,1000.0,0.5321254933293496,0.0
2071,1679987040000.0,0.0,0.0,919.3,1.154509125433117,0.0,0.0,1.13165,0.9670240820371391,1.0,1994.5299601606698,1000.0,1973.5155661500055,1000.0,0.5321254933293496,0.0
2072,1679990640000.0,0.0,0.0,919.3,1.154509125433117,0.0,0.0,1.1248,0.9670240820371391,1.0,1994.5299601606698,1000.0,1967.2183611500054,1000.0,0.5321254933293496,0.0
2073,1679994240000.0,0.0,0.0,919.3,1.154509125433117,0.0,0.0,1.1305,0.9670240820371391,1.0,1994.5299601606698,1000.0,1972.4583711500054,1000.0,0.5321254933293496,0.0
2074,1679997840000.0,0.0,0.0,919.3,1.154509125433117,0.0,0.0,1.1149,0.9670240820371391,1.0,1994.5299601606698,1000.0,1958.1172911500053,1000.0,0.5321254933293496,0.0
2075,1680001440000.0,0.0,0.0,919.3,1.154509125433117,0.0,0.0,1.1042,0.9670240820371391,1.0,1994.5299601606698,1000.0,1948.2807811500054,1000.0,0.5321254933293496,0.0
2076,1680005040000.0,0.0,0.0,919.3,1.154509125433117,0.0,0.0,1.13605,0.9670240820371391,1.0,1994.5299601606698,1000.0,1977.5604861500053,1000.0,0.5321254933293496,0.0
2077,1680008640000.0,0.0,0.0,919.3,1.154509125433117,0.0,0.0,1.1233,0.9670240820371391,1.0,1994.5299601606698,1000.0,1965.8394111500054,1000.0,0.5321254933293496,0.0
2078,1680012240000.0,0.0,0.0,919.3,1.154509125433117,0.0,0.0,1.1163,0.9670240820371391,1.0,1994.5299601606698,1000.0,1959.4043111500055,1000.0,0.5321254933293496,0.0
2079,1680015840000.0,0.0,0.0,919.3,1.154509125433117,0.0,0.0,1.12115,0.9670240820371391,1.0,1994.5299601606698,1000.0,1963.8629161500055,1000.0,0.5321254933293496,0.0
2080,1680019440000.0,0.0,0.0,919.3,1.154509125433117,0.0,0.0,1.13665,0.9670240820371391,1.0,1994.5299601606698,1000.0,1978.1120661500054,1000.0,0.5321254933293496,0.0
2081,1680023040000.0,0.0,0.0,919.3,1.154509125433117,0.0,0.0,1.1223,0.9670240820371391,1.0,1994.5299601606698,1000.0,1964.9201111500054,1000.0,0.5321254933293496,0.0
2082,1680026640000.0,0.0,0.0,919.3,1.154509125433117,0.0,0.0,1.118,0.9670240820371391,1.0,1994.5299601606698,1000.0,1960.9671211500054,1000.0,0.5321254933293496,0.0
2083,1680030240000.0,0.0,0.0,919.3,1.154509125433117,0.0,0.0,1.1562,0.9670240820371391,1.0,1994.5299601606698,1000.0,1996.0843811500054,1000.0,0.5321254933293496,0.0
2084,1680033840000.0,0.0,0.0,469.2,1.154509125433117,0.0,0.0,1.1772,0.9670240820371391,1.0,2001.9727642432238,1000.0,2012.6193225900054,1000.0,0.27058094462038684,0.0
2085,1680037440000.0,0.0,0.0,208.6,1.154509125433117,0.0,0.0,1.17305,0.9670240820371391,1.0,2009.4522848993531,1000.0,2013.319911334005,1000.0,0.1198488789085184,0.0
2086,1680041040000.0,0.0,0.0,67.2,1.154509125433117,0.0,0.0,1.1618,0.9670240820371391,1.0,2011.7767935191105,1000.0,2012.266740290005,1000.0,0.038564423985323434,0.0
2087,1680044640000.0,0.0,0.0,23.0,1.154509125433117,0.0,0.0,1.16565,0.9670240820371391,1.0,2012.2788018509668,1000.0,2012.535041966005,1000.0,0.013195840387791508,0.0
2088,1680048240000.0,0.0,0.0,2.9,1.154509125433117,0.0,0.0,1.1741,0.9670240820371391,1.0,2012.69802251376,1000.0,2012.7548360500039,1000.0,0.00166347679895589,0.0
2089,1680051840000.0,0.0,0.0,0.9,1.154509125433117,0.0,0.0,1.17645,0.9670240820371391,1.0,2012.7522915108937,1000.0,2012.772038298004,1000.0,0.00051623750089477,0.0
2090,1680055440000.0,0.0,0.0,0.1,1.154509125433117,0.0,0.0,1.18355,0.9670240820371391,1.0,2012.7748949305467,1000.0,2012.7777990180034,1000.0,5.735907817316823e-05,0.0
2091,1680059040000.0,0.0,0.0,0.0,1.154509125433117,0.0,0.0,1.1908,0.9670240820371391,1.0,2012.7782802460033,1000.0,2012.7782802460033,1000.0,0.0,0.0
2092,1680062640000.0,0.0,0.0,0.0,1.154509125433117,0.0,0.0,1.18445,0.9670240820371391,1.0,2012.7782802460033,1000.0,2012.7782802460033,1000.0,0.0,0.0
2093,1680066240000.0,0.0,0.0,0.0,1.154509125433117,0.0,0.0,1.21165,0.9670240820371391,1.0,2012.7782802460033,1000.0,2012.7782802460033,1000.0,0.0,0.0
2094,1680069840000.0,0.0,0.0,0.0,1.154509125433117,0.0,0.0,1.2066,0.9670240820371391,1.0,2012.7782802460033,1000.0,2012.7782802460033,1000.0,0.0,0.0
2095,1680073440000.0,0.0,0.0,0.0,1.154509125433117,0.0,0.0,1.22685,0.9670240820371391,1.0,2012.7782802460033,1000.0,2012.7782802460033,1000.0,0.0,0.0
2096,1680077040000.0,0.0,0.0,0.0,1.154509125433117,0.0,0.0,1.2205,0.9670240820371391,1.0,2012.7782802460033,1000.0,2012.7782802460033,1000.0,0.0,0.0
2097,1680080640000.0,0.0,0.0,0.0,1.154509125433117,0.0,0.0,1.23185,0.9670240820371391,1.0,2012.7782802460033,1000.0,2012.7782802460033,1000.0,0.0,0.0
2098,1680084240000.0,0.0,0.0,0.0,1.154509125433117,0.0,0.0,1.22305,0.9670240820371391,1.0,2012.7782802460033,1000.0,2012.7782802460033,1000.0,0.0,0.0
2099,1680087840000.0,0.0,0.0,0.0,1.154509125433117,0.0,0.0,1.21285,0.9670240820371391,1.0,2012.7782802460033,1000.0,2012.7782802460033,1000.0,0.0,0.0
2100,1680091440000.0,0.0,0.0,61.2,1.2107,0.0,0.0,1.22405,0.9670240820371391,1.0,2013.0199821100034,1000.0,2013.8370021100034,1000.0,0.03680780154121243,0.0
2101,1680095040000.0,0.0,0.0,83.0,1.2111202409638555,0.0,0.0,1.2153,0.9670240820371391,1.0,2013.0146964820035,1000.0,2013.3616164820035,1000.0,0.04993653557307682,0.0
2102,1680098640000.0,0.0,0.0,33.1,1.2111202409638555,0.0,0.0,1.2251,0.9670240820371391,1.0,2013.6102579239073,1000.0,2014.0729879480036,1000.0,0.019908559671937526,0.0
2103,1680102240000.0,0.0,0.0,82.9,1.2136345662505266,0.0,0.0,1.1983,0.9670240820371391,1.0,2013.8354076801725,1000.0,2012.5641721380039,1000.0,0.04995954741806144,0.0
2104,1680105840000.0,0.0,0.0,82.9,1.2136345662505266,0.0,0.0,1.21595,0.9670240820371391,1.0,2013.8354076801725,1000.0,2014.0273571380037,1000.0,0.04995954741806144,0.0
2105,1680109440000.0,0.0,0.0,82.9,1.2136345662505266,0.0,0.0,1.21535,0.9670240820371391,1.0,2013.8354076801725,1000.0,2013.9776171380038,1000.0,0.04995954741806144,0.0
2106,1680113040000.0,0.0,0.0,43.7,1.2136345662505266,0.0,0.0,1.22245,0.9670240820371391,1.0,2014.422848373152,1000.0,2014.808082828004,1000.0,0.026328052517861262,0.0
2107,1680116640000.0,0.0,0.0,60.9,1.2152710210766668,0.0,0.0,1.2295,0.9670240820371391,1.0,2014.6757688395728,1000.0,2015.542313656004,1000.0,0.03673544216308206,0.0
2108,1680120240000.0,0.0,0.0,50.8,1.2152710210766668,0.0,0.0,1.2486,0.9670240820371391,1.0,2014.9159581406984,1000.0,2016.6090702700037,1000.0,0.03063937610959343,0.0
2109,1680123840000.0,0.0,0.0,0.0,1.2152710210766668,0.0,0.0,1.26955,0.9670240820371391,1.0,2017.103922966003,1000.0,2017.103922966003,1000.0,0.0,0.0
2110,1680127440000.0,0.0,0.0,0.0,1.2152710210766668,0.0,0.0,1.2762,0.9670240820371391,1.0,2017.103922966003,1000.0,2017.103922966003,1000.0,0.0,0.0
2111,1680131040000.0,0.0,0.0,0.0,1.2152710210766668,0.0,0.0,1.3036,0.9670240820371391,1.0,2017.103922966003,1000.0,2017.103922966003,1000.0,0.0,0.0
2112,1680134640000.0,0.0,0.0,0.0,1.2152710210766668,0.0,0.0,1.2774,0.9670240820371391,1.0,2017.103922966003,1000.0,2017.103922966003,1000.0,0.0,0.0
2113,1680138240000.0,0.0,0.0,58.8,1.2606,0.0,0.0,1.2717,0.9670240820371391,1.0,2017.347594574003,1000.0,2018.000274574003,1000.0,0.03674293919370517,0.0
2114,1680141840000.0,0.0,0.0,80.0,1.2606795,0.0,0.0,1.25415,0.9670240820371391,1.0,2017.3422483580032,1000.0,2016.8198883580033,1000.0,0.04999367860465395,0.0
2115,1680145440000.0,0.0,0.0,11.7,1.2606795,0.0,0.0,1.28975,0.9670240820371391,1.0,2018.662750028003,1000.0,2019.002874878003,1000.0,0.007306792652608954,0.0
2116,1680149040000.0,0.0,0.0,58.8,1.2630869856070088,0.0,0.0,1.2755,0.9670240820371391,1.0,2018.908376615695,1000.0,2019.638261862003,1000.0,0.03678696646857765,0.0
2117,1680152640000.0,0.0,0.0,9.5,1.2630869856070088,0.0,0.0,1.27075,0.9670240820371391,1.0,2019.5225488372694,1000.0,2019.595347474003,1000.0,0.005941664959460412,0.0
2118,1680156240000.0,0.0,0.0,79.7,1.2661959548031336,0.0,0.0,1.25615,0.9670240820371391,1.0,2019.5340581078124,1000.0,2018.7333955100025,1000.0,0.04996985180451083,0.0
2119,1680159840000.0,0.0,0.0,79.7,1.2661959548031336,0.0,0.0,1.26325,0.9670240820371391,1.0,2019.5340581078124,1000.0,2019.2992655100027,1000.0,0.04996985180451083,0.0
2120,1680163440000.0,0.0,0.0,38.0,1.2661959548031336,0.0,0.0,1.29075,0.9670240820371391,1.0,2020.5702273305214,1000.0,2021.5032810480025,1000.0,0.023812805727661767,0.0
2121,1680167040000.0,0.0,0.0,79.5,1.2698728420141605,0.0,0.0,1.26465,0.9670240820371391,1.0,2021.222197600128,1000.0,2020.8069816600023,1000.0,0.04994744816279637,0.0
2122,1680170640000.0,0.0,0.0,79.5,1.2698728420141605,0.0,0.0,1.26645,0.9670240820371391,1.0,2021.222197600128,1000.0,2020.9500816600023,1000.0,0.04994744816279637,0.0
2123,1680174240000.0,0.0,0.0,79.5,1.2698728420141605,0.0,0.0,1.2743,0.9670240820371391,1.0,2021.222197600128,1000.0,2021.5741566600022,1000.0,0.04994744816279637,0.0
2124,1680177840000.0,0.0,0.0,79.5,1.2698728420141605,0.0,0.0,1.2603,0.9670240820371391,1.0,2021.222197600128,1000.0,2020.4611566600024,1000.0,0.04994744816279637,0.0
2125,1680181440000.0,0.0,0.0,79.5,1.2698728420141605,0.0,0.0,1.26215,0.9670240820371391,1.0,2021.222197600128,1000.0,2020.6082316600023,1000.0,0.04994744816279637,0.0
2126,1680185040000.0,0.0,0.0,79.5,1.2698728420141605,0.0,0.0,1.2385,0.9670240820371391,1.0,2021.222197600128,1000.0,2018.7280566600023,1000.0,0.04994744816279637,0.0
2127,1680188640000.0,0.0,0.0,201.2,1.2431539808157344,0.0,0.0,1.239,0.9670240820371391,1.0,2021.192364062128,1000.0,2020.3565831220023,1000.0,0.12375001280800277,0.0
2128,1680192240000.0,0.0,0.0,201.2,1.2431539808157344,0.0,0.0,1.2324,0.9670240820371391,1.0,2021.192364062128,1000.0,2019.0286631220022,1000.0,0.12375001280800277,0.0
2129,1680195840000.0,0.0,0.0,201.2,1.2431539808157344,0.0,0.0,1.2498,0.9670240820371391,1.0,2021.192364062128,1000.0,2022.5295431220022,1000.0,0.12375001280800277,0.0
2130,1680199440000.0,0.0,0.0,201.2,1.2431539808157344,0.0,0.0,1.2215,0.9670240820371391,1.0,2021.192364062128,1000.0,2016.8355831220024,1000.0,0.12375001280800277,0.0
2131,1680203040000.0,0.0,0.0,201.2,1.2431539808157344,0.0,0.0,1.2394,0.9670240820371391,1.0,2021.192364062128,1000.0,2020.4370631220022,1000.0,0.12375001280800277,0.0
2132,1680206640000.0,0.0,0.0,58.8,1.2431539808157344,0.0,0.0,1.24995,0.9670240820371391,1.0,2022.9289177059675,1000.0,2023.3285236340023,1000.0,0.03613446494939566,0.0
2133,1680210240000.0,0.0,0.0,27.8,1.2438287447286351,0.0,0.0,1.253,0.9670240820371391,1.0,2023.5758851654584,1000.0,2023.8308460620024,1000.0,0.01708778966825291,0.0
2134,1680213840000.0,0.0,0.0,58.0,1.246044378587621,0.0,0.0,1.2643,0.9670240820371391,1.0,2023.9871420640845,1000.0,2025.0459681060024,1000.0,0.035707032152575674,0.0
2135,1680217440000.0,0.0,0.0,81.0,1.2493038965375698,0.0,0.0,1.2516,0.9670240820371391,1.0,2025.1912395075456,1000.0,2025.3772238880024,1000.0,0.04996743697358173,0.0
2136,1680221040000.0,0.0,0.0,10.8,1.2493038965375698,0.0,0.0,1.2767,0.9670240820371391,1.0,2026.0763651746076,1000.0,2026.3722430920018,1000.0,0.006659414380683015,0.0
2137,1680224640000.0,0.0,0.0,2.1,1.2493038965375698,0.0,0.0,1.27285,0.9670240820371391,1.0,2026.1938635467307,1000.0,2026.2433103640017,1000.0,0.0012948110395204489,0.0
2138,1680228240000.0,0.0,0.0,1.3,1.2493038965375698,0.0,0.0,1.26295,0.9670240820371391,1.0,2026.2134165895006,1000.0,2026.2311565240018,1000.0,0.0008015419561442344,0.0
2139,1680231840000.0,0.0,0.0,80.5,1.257534596329131,0.0,0.0,1.25535,0.9670240820371391,1.0,2026.640738922497,1000.0,2026.464878918002,1000.0,0.04995040959174479,0.0
2140,1680235440000.0,0.0,0.0,80.5,1.257534596329131,0.0,0.0,1.2557,0.9670240820371391,1.0,2026.640738922497,1000.0,2026.4930539180018,1000.0,0.04995040959174479,0.0
2141,1680239040000.0,0.0,0.0,80.5,1.257534596329131,0.0,0.0,1.24695,0.9670240820371391,1.0,2026.640738922497,1000.0,2025.7886789180018,1000.0,0.04995040959174479,0.0
2142,1680242640000.0,0.0,0.0,80.5,1.257534596329131,0.0,0.0,1.23445,0.9670240820371391,1.0,2026.640738922497,1000.0,2024.7824289180019,1000.0,0.04995040959174479,0.0
2143,1680246240000.0,0.0,0.0,80.5,1.257534596329131,0.0,0.0,1.2294,0.9670240820371391,1.0,2026.640738922497,1000.0,2024.3759039180018,1000.0,0.04995040959174479,0.0
2144,1680249840000.0,0.0,0.0,203.7,1.2310834315390038,0.0,0.0,1.22895,0.9670240820371391,1.0,2026.6108308904968,1000.0,2026.1762508860018,1000.0,0.12373944280871403,0.0
2145,1680253440000.0,0.0,0.0,203.7,1.2310834315390038,0.0,0.0,1.22405,0.9670240820371391,1.0,2026.6108308904968,1000.0,2025.1781208860018,1000.0,0.12373944280871403,0.0
2146,1680257040000.0,0.0,0.0,203.7,1.2310834315390038,0.0,0.0,1.21955,0.9670240820371391,1.0,2026.6108308904968,1000.0,2024.2614708860017,1000.0,0.12373944280871403,0.0
2147,1680260640000.0,0.0,0.0,203.7,1.2310834315390038,0.0,0.0,1.2216,0.9670240820371391,1.0,2026.6108308904968,1000.0,2024.6790558860018,1000.0,0.12373944280871403,0.0
2148,1680264240000.0,0.0,0.0,203.7,1.2310834315390038,0.0,0.0,1.22905,0.9670240820371391,1.0,2026.6108308904968,1000.0,2026.1966208860017,1000.0,0.12373944280871403,0.0
2149,1680267840000.0,0.0,0.0,51.1,1.2310834315390038,0.0,0.0,1.24775,0.9670240820371391,1.0,2028.452390669645,1000.0,2029.3040523180018,1000.0,0.031012984894792334,0.0
2150,1680271440000.0,0.0,0.0,17.6,1.2310834315390038,0.0,0.0,1.2722,0.9670240820371391,1.0,2029.5618738630885,1000.0,2030.285525468002,1000.0,0.010675736805128858,0.0
2151,1680275040000.0,0.0,0.0,0.2,1.2310834315390038,0.0,0.0,1.30265,0.9670240820371391,1.0,2030.4526589343097,1000.0,2030.4669722480019,1000.0,0.00012126196847013832,0.0
2152,1680278640000.0,0.0,0.0,0.0,1.2310834315390038,0.0,0.0,1.2889,0.9670240820371391,1.0,2030.467090108002,1000.0,2030.467090108002,1000.0,0.0,0.0
2153,1680282240000.0,0.0,0.0,0.0,1.2310834315390038,0.0,0.0,1.304,0.9670240820371391,1.0,2030.467090108002,1000.0,2030.467090108002,1000.0,0.0,0.0
2154,1680285840000.0,0.0,0.0,0.0,1.2310834315390038,0.0,0.0,1.2989,0.9670240820371391,1.0,2030.467090108002,1000.0,2030.467090108002,1000.0,0.0,0.0
2155,1680289440000.0,0.0,0.0,0.0,1.2310834315390038,0.0,0.0,1.32675,0.9670240820371391,1.0,2030.467090108002,1000.0,2030.467090108002,1000.0,0.0,0.0
2156,1680293040000.0,0.0,0.0,0.0,1.2310834315390038,0.0,0.0,1.33145,0.9670240820371391,1.0,2030.467090108002,1000.0,2030.467090108002,1000.0,0.0,0.0
2157,1680296640000.0,0.0,0.0,0.0,1.2310834315390038,0.0,0.0,1.32255,0.9670240820371391,1.0,2030.467090108002,1000.0,2030.467090108002,1000.0,0.0,0.0
2158,1680300240000.0,0.0,0.0,0.0,1.2310834315390038,0.0,0.0,1.3359,0.9670240820371391,1.0,2030.467090108002,1000.0,2030.467090108002,1000.0,0.0,0.0
2159,1680303840000.0,0.0,0.0,0.0,1.2310834315390038,0.0,0.0,1.38775,0.9670240820371391,1.0,2030.467090108002,1000.0,2030.467090108002,1000.0,0.0,0.0
2160,1680307440000.0,0.0,0.0,0.0,1.2310834315390038,0.0,0.0,1.3462,0.9670240820371391,1.0,2030.467090108002,1000.0,2030.467090108002,1000.0,0.0,0.0
2161,1680311040000.0,0.0,0.0,0.0,1.2310834315390038,0.0,0.0,1.34585,0.9670240820371391,1.0,2030.467090108002,1000.0,2030.467090108002,1000.0,0.0,0.0
2162,1680314640000.0,0.0,0.0,0.0,1.2310834315390038,0.0,0.0,1.3585,0.9670240820371391,1.0,2030.467090108002,1000.0,2030.467090108002,1000.0,0.0,0.0
2163,1680318240000.0,0.0,0.0,0.0,1.2310834315390038,0.0,0.0,1.356,0.9670240820371391,1.0,2030.467090108002,1000.0,2030.467090108002,1000.0,0.0,0.0
2164,1680321840000.0,0.0,0.0,0.0,1.2310834315390038,0.0,0.0,1.3651,0.9670240820371391,1.0,2030.467090108002,1000.0,2030.467090108002,1000.0,0.0,0.0
2165,1680325440000.0,0.0,0.0,0.0,1.2310834315390038,0.0,0.0,1.35955,0.9670240820371391,1.0,2030.467090108002,1000.0,2030.467090108002,1000.0,0.0,0.0
2166,1680329040000.0,0.0,0.0,75.5,1.3448,0.0,0.0,1.34655,0.9670240820371391,1.0,2030.4467836280019,1000.0,2030.578908628002,1000.0,0.050004954977732496,0.0
2167,1680332640000.0,0.0,0.0,75.5,1.3448,0.0,0.0,1.34545,0.9670240820371391,1.0,2030.4467836280019,1000.0,2030.4958586280018,1000.0,0.050004954977732496,0.0
2168,1680336240000.0,0.0,0.0,75.5,1.3448,0.0,0.0,1.3464,0.9670240820371391,1.0,2030.4467836280019,1000.0,2030.5675836280018,1000.0,0.050004954977732496,0.0
2169,1680339840000.0,0.0,0.0,75.5,1.3448,0.0,0.0,1.343,0.9670240820371391,1.0,2030.4467836280019,1000.0,2030.3108836280019,1000.0,0.050004954977732496,0.0
2170,1680343440000.0,0.0,0.0,75.5,1.3448,0.0,0.0,1.34445,0.9670240820371391,1.0,2030.4467836280019,1000.0,2030.4203586280018,1000.0,0.050004954977732496,0.0
2171,1680347040000.0,0.0,0.0,75.5,1.3448,0.0,0.0,1.35155,0.9670240820371391,1.0,2030.4467836280019,1000.0,2030.9564086280018,1000.0,0.050004954977732496,0.0
2172,1680350640000.0,0.0,0.0,64.8,1.3448,0.0,0.0,1.3448,0.9670240820371391,1.0,2030.5883268660018,1000.0,2030.5883268660018,1000.0,0.04291516840072456,0.0
2173,1680354240000.0,0.0,0.0,64.8,1.3448,0.0,0.0,1.339,0.9670240820371391,1.0,2030.5883268660018,1000.0,2030.2124868660019,1000.0,0.04291516840072456,0.0
2174,1680357840000.0,0.0,0.0,64.8,1.3448,0.0,0.0,1.3462,0.9670240820371391,1.0,2030.5883268660018,1000.0,2030.6790468660017,1000.0,0.04291516840072456,0.0
2175,1680361440000.0,0.0,0.0,64.8,1.3448,0.0,0.0,1.3338,0.9670240820371391,1.0,2030.5883268660018,1000.0,2029.8755268660018,1000.0,0.04291516840072456,0.0
2176,1680365040000.0,0.0,0.0,64.8,1.3448,0.0,0.0,1.3367,0.9670240820371391,1.0,2030.5883268660018,1000.0,2030.0634468660019,1000.0,0.04291516840072456,0.0
2177,1680368640000.0,0.0,0.0,75.7,1.3428692206076618,0.0,0.0,1.3236,0.9670240820371391,1.0,2030.9703180200017,1000.0,2029.5116380200018,1000.0,0.05005252863523083,0.0
2178,1680372240000.0,0.0,0.0,75.7,1.3428692206076618,0.0,0.0,1.31685,0.9670240820371391,1.0,2030.9703180200017,1000.0,2029.0006630200016,1000.0,0.05005252863523083,0.0
2179,1680375840000.0,0.0,0.0,75.7,1.3428692206076618,0.0,0.0,1.3082,0.9670240820371391,1.0,2030.9703180200017,1000.0,2028.3458580200017,1000.0,0.05005252863523083,0.0
2180,1680379440000.0,0.0,0.0,75.7,1.3428692206076618,0.0,0.0,1.3168,0.9670240820371391,1.0,2030.9703180200017,1000.0,2028.9968780200018,1000.0,0.05005252863523083,0.0
2181,1680383040000.0,0.0,0.0,75.7,1.3428692206076618,0.0,0.0,1.33365,0.9670240820371391,1.0,2030.9703180200017,1000.0,2030.2724230200017,1000.0,0.05005252863523083,0.0
2182,1680386640000.0,0.0,0.0,75.7,1.3428692206076618,0.0,0.0,1.34195,0.9670240820371391,1.0,2030.9703180200017,1000.0,2030.9007330200018,1000.0,0.05005252863523083,0.0
2183,1680390240000.0,0.0,0.0,47.8,1.3428692206076618,0.0,0.0,1.35595,0.9670240820371391,1.0,2031.337468611048,1000.0,2031.9627298660018,1000.0,0.03159945097105719,0.0
2184,1680393840000.0,0.0,0.0,35.2,1.3428692206076618,0.0,0.0,1.35465,0.9670240820371391,1.0,2031.5032785553917,1000.0,2031.917961990002,1000.0,0.023267989308391777,0.0
2185,1680397440000.0,0.0,0.0,75.9,1.3398772129427061,0.0,0.0,1.3393,0.9670240820371391,1.0,2031.5568477463532,1000.0,2031.513037284002,1000.0,0.05005849606185796,0.0
2186,1680401040000.0,0.0,0.0,75.9,1.3398772129427061,0.0,0.0,1.316,0.9670240820371391,1.0,2031.5568477463532,1000.0,2029.744567284002,1000.0,0.05005849606185796,0.0
2187,1680404640000.0,0.0,0.0,75.9,1.3398772129427061,0.0,0.0,1.3064,0.9670240820371391,1.0,2031.5568477463532,1000.0,2029.015927284002,1000.0,0.05005849606185796,0.0
2188,1680408240000.0,0.0,0.0,75.9,1.3398772129427061,0.0,0.0,1.31715,0.9670240820371391,1.0,2031.5568477463532,1000.0,2029.8318522840018,1000.0,0.05005849606185796,0.0
2189,1680411840000.0,0.0,0.0,75.9,1.3398772129427061,0.0,0.0,1.30765,0.9670240820371391,1.0,2031.5568477463532,1000.0,2029.110802284002,1000.0,0.05005849606185796,0.0
2190,1680415440000.0,0.0,0.0,75.9,1.3398772129427061,0.0,0.0,1.31335,0.9670240820371391,1.0,2031.5568477463532,1000.0,2029.543432284002,1000.0,0.05005849606185796,0.0
2191,1680419040000.0,0.0,0.0,75.9,1.3398772129427061,0.0,0.0,1.3155,0.9670240820371391,1.0,2031.5568477463532,1000.0,2029.7066172840018,1000.0,0.05005849606185796,0.0
2192,1680422640000.0,0.0,0.0,75.9,1.3398772129427061,0.0,0.0,1.316,0.9670240820371391,1.0,2031.5568477463532,1000.0,2029.744567284002,1000.0,0.05005849606185796,0.0
2193,1680426240000.0,0.0,0.0,75.9,1.3398772129427061,0.0,0.0,1.30525,0.9670240820371391,1.0,2031.5568477463532,1000.0,2028.9286422840019,1000.0,0.05005849606185796,0.0
2194,1680429840000.0,0.0,0.0,75.9,1.3398772129427061,0.0,0.0,1.32665,0.9670240820371391,1.0,2031.5568477463532,1000.0,2030.552902284002,1000.0,0.05005849606185796,0.0
2195,1680433440000.0,0.0,0.0,75.9,1.3398772129427061,0.0,0.0,1.3116,0.9670240820371391,1.0,2031.5568477463532,1000.0,2029.4106072840018,1000.0,0.05005849606185796,0.0
2196,1680437040000.0,0.0,0.0,75.9,1.3398772129427061,0.0,0.0,1.3185,0.9670240820371391,1.0,2031.5568477463532,1000.0,2029.9343172840017,1000.0,0.05005849606185796,0.0
2197,1680440640000.0,0.0,0.0,192.1,1.3117029696114075,0.0,0.0,1.29675,0.9670240820371391,1.0,2031.5267914543533,1000.0,2028.654325992002,1000.0,0.1240338751732446,0.0
2198,1680444240000.0,0.0,0.0,192.1,1.3117029696114075,0.0,0.0,1.30955,0.9670240820371391,1.0,2031.5267914543533,1000.0,2031.113205992002,1000.0,0.1240338751732446,0.0
2199,1680447840000.0,0.0,0.0,192.1,1.3117029696114075,0.0,0.0,1.2833,0.9670240820371391,1.0,2031.5267914543533,1000.0,2026.0705809920019,1000.0,0.1240338751732446,0.0
2200,1680451440000.0,0.0,0.0,192.1,1.3117029696114075,0.0,0.0,1.28415,0.9670240820371391,1.0,2031.5267914543533,1000.0,2026.233865992002,1000.0,0.1240338751732446,0.0
2201,1680455040000.0,0.0,0.0,192.1,1.3117029696114075,0.0,0.0,1.28125,0.9670240820371391,1.0,2031.5267914543533,1000.0,2025.676775992002,1000.0,0.1240338751732446,0.0
2202,1680458640000.0,0.0,0.0,192.1,1.3117029696114075,0.0,0.0,1.29665,0.9670240820371391,1.0,2031.5267914543533,1000.0,2028.635115992002,1000.0,0.1240338751732446,0.0
2203,1680462240000.0,0.0,0.0,192.1,1.3117029696114075,0.0,0.0,1.27705,0.9670240820371391,1.0,2031.5267914543533,1000.0,2024.869955992002,1000.0,0.1240338751732446,0.0
2204,1680465840000.0,0.0,0.0,486.1,1.28085566850926,0.0,0.0,1.27295,0.9670240820371391,1.0,2031.4526622943533,1000.0,2027.609716832002,1000.0,0.3064919759238448,0.0
2205,1680469440000.0,0.0,0.0,486.1,1.28085566850926,0.0,0.0,1.276,0.9670240820371391,1.0,2031.4526622943533,1000.0,2029.092321832002,1000.0,0.3064919759238448,0.0
2206,1680473040000.0,0.0,0.0,486.1,1.28085566850926,0.0,0.0,1.26975,0.9670240820371391,1.0,2031.4526622943533,1000.0,2026.054196832002,1000.0,0.3064919759238448,0.0
2207,1680476640000.0,0.0,0.0,486.1,1.28085566850926,0.0,0.0,1.27715,0.9670240820371391,1.0,2031.4526622943533,1000.0,2029.651336832002,1000.0,0.3064919759238448,0.0
2208,1680480240000.0,0.0,0.0,486.1,1.28085566850926,0.0,0.0,1.2739,0.9670240820371391,1.0,2031.4526622943533,1000.0,2028.071511832002,1000.0,0.3064919759238448,0.0
2209,1680483840000.0,0.0,0.0,486.1,1.28085566850926,0.0,0.0,1.2651,0.9670240820371391,1.0,2031.4526622943533,1000.0,2023.793831832002,1000.0,0.3064919759238448,0.0
2210,1680487440000.0,0.0,0.0,486.1,1.28085566850926,0.0,0.0,1.2375,0.9670240820371391,1.0,2031.4526622943533,1000.0,2010.3774718320021,1000.0,0.3064919759238448,0.0
2211,1680491040000.0,0.0,0.0,486.1,1.28085566850926,0.0,0.0,1.25015,0.9670240820371391,1.0,2031.4526622943533,1000.0,2016.5266368320022,1000.0,0.3064919759238448,0.0
2212,1680494640000.0,0.0,0.0,486.1,1.28085566850926,0.0,0.0,1.24905,0.9670240820371391,1.0,2031.4526622943533,1000.0,2015.991926832002,1000.0,0.3064919759238448,0.0
2213,1680498240000.0,0.0,0.0,486.1,1.28085566850926,0.0,0.0,1.2505,0.9670240820371391,1.0,2031.4526622943533,1000.0,2016.696771832002,1000.0,0.3064919759238448,0.0
2214,1680501840000.0,0.0,0.0,486.1,1.28085566850926,0.0,0.0,1.2521,0.9670240820371391,1.0,2031.4526622943533,1000.0,2017.474531832002,1000.0,0.3064919759238448,0.0
2215,1680505440000.0,0.0,0.0,486.1,1.28085566850926,0.0,0.0,1.26205,0.9670240820371391,1.0,2031.4526622943533,1000.0,2022.311226832002,1000.0,0.3064919759238448,0.0
2216,1680509040000.0,0.0,0.0,486.1,1.28085566850926,0.0,0.0,1.2657,0.9670240820371391,1.0,2031.4526622943533,1000.0,2024.0854918320022,1000.0,0.3064919759238448,0.0
2217,1680512640000.0,0.0,0.0,306.2,1.28085566850926,0.0,0.0,1.2866,0.9670240820371391,1.0,2033.7168102035378,1000.0,2035.4757245060023,1000.0,0.192847894913296,0.0
2218,1680516240000.0,0.0,0.0,192.9,1.28085566850926,0.0,0.0,1.29355,0.9670240820371391,1.0,2035.1427577194388,1000.0,2037.5914942640024,1000.0,0.12140527121169054,0.0
2219,1680519840000.0,0.0,0.0,89.4,1.28085566850926,0.0,0.0,1.29025,0.9670240820371391,1.0,2036.4453664387302,1000.0,2037.2852196740023,1000.0,0.05622959429791952,0.0
2220,1680523440000.0,0.0,0.0,76.7,1.28085566850926,0.0,0.0,1.2983,0.9670240820371391,1.0,2036.6052034506627,1000.0,2037.9431836760025,1000.0,0.04823793517182781,0.0
2221,1680527040000.0,0.0,0.0,45.8,1.28085566850926,0.0,0.0,1.31015,0.9670240820371391,1.0,2037.2440482277264,1000.0,2038.5857286100022,1000.0,0.028795366794055616,0.0
2222,1680530640000.0,0.0,0.0,2.1,1.28085566850926,0.0,0.0,1.3353,0.9670240820371391,1.0,2039.4549563258715,1000.0,2039.5692894220022,1000.0,0.0013188802702047324,0.0
2223,1680534240000.0,0.0,0.0,0.0,1.28085566850926,0.0,0.0,1.30665,0.9670240820371391,1.0,2039.547622818002,1000.0,2039.547622818002,1000.0,0.0,0.0
2224,1680537840000.0,0.0,0.0,0.0,1.28085566850926,0.0,0.0,1.30645,0.9670240820371391,1.0,2039.547622818002,1000.0,2039.547622818002,1000.0,0.0,0.0
2225,1680541440000.0,0.0,0.0,78.6,1.2969,0.0,0.0,1.27995,0.9670240820371391,1.0,2039.5272355500022,1000.0,2038.194965550002,1000.0,0.04998037693402543,0.0
2226,1680545040000.0,0.0,0.0,78.6,1.2969,0.0,0.0,1.28925,0.9670240820371391,1.0,2039.5272355500022,1000.0,2038.925945550002,1000.0,0.04998037693402543,0.0
2227,1680548640000.0,0.0,0.0,46.9,1.2969,0.0,0.0,1.3224,0.9670240820371391,1.0,2040.191328714002,1000.0,2041.3872787140022,1000.0,0.029813189157283444,0.0
2228,1680552240000.0,0.0,0.0,5.0,1.2969,0.0,0.0,1.3129,0.9670240820371391,1.0,2041.352816174002,1000.0,2041.432816174002,1000.0,0.0031765699435306583,0.0
2229,1680555840000.0,0.0,0.0,198.4,1.2740958669354838,0.0,0.0,1.26495,0.9670240820371391,1.0,2041.303556950002,1000.0,2039.489016950002,1000.0,0.12383293956421171,0.0
2230,1680559440000.0,0.0,0.0,198.4,1.2740958669354838,0.0,0.0,1.2822,0.9670240820371391,1.0,2041.303556950002,1000.0,2042.9114169500021,1000.0,0.12383293956421171,0.0
2231,1680563040000.0,0.0,0.0,49.9,1.2824239696331716,0.0,0.0,1.3027,0.9670240820371391,1.0,2044.651224336697,1000.0,2045.6629982520017,1000.0,0.031297736906427724,0.0
2232,1680566640000.0,0.0,0.0,79.1,1.2887281294999355,0.0,0.0,1.2966,0.9670240820371391,1.0,2044.8710681834464,1000.0,2045.4937331400015,1000.0,0.049850768896643194,0.0
2233,1680570240000.0,0.0,0.0,79.0,1.2910063790202182,0.0,0.0,1.2774,0.9670240820371391,1.0,2045.3231303525988,1000.0,2044.2482264100015,1000.0,0.04986473893981485,0.0
2234,1680573840000.0,0.0,0.0,79.0,1.2910063790202182,0.0,0.0,1.28085,0.9670240820371391,1.0,2045.3231303525988,1000.0,2044.5207764100016,1000.0,0.04986473893981485,0.0
2235,1680577440000.0,0.0,0.0,79.0,1.2910063790202182,0.0,0.0,1.2767,0.9670240820371391,1.0,2045.3231303525988,1000.0,2044.1929264100015,1000.0,0.04986473893981485,0.0
2236,1680581040000.0,0.0,0.0,79.0,1.2910063790202182,0.0,0.0,1.2739,0.9670240820371391,1.0,2045.3231303525988,1000.0,2043.9717264100016,1000.0,0.04986473893981485,0.0
2237,1680584640000.0,0.0,0.0,79.0,1.2910063790202182,0.0,0.0,1.27745,0.9670240820371391,1.0,2045.3231303525988,1000.0,2044.2521764100015,1000.0,0.04986473893981485,0.0
2238,1680588240000.0,0.0,0.0,79.0,1.2910063790202182,0.0,0.0,1.28055,0.9670240820371391,1.0,2045.3231303525988,1000.0,2044.4970764100017,1000.0,0.04986473893981485,0.0
2239,1680591840000.0,0.0,0.0,79.0,1.2910063790202182,0.0,0.0,1.3004,0.9670240820371391,1.0,2045.3231303525988,1000.0,2046.0652264100015,1000.0,0.04986473893981485,0.0
2240,1680595440000.0,0.0,0.0,31.5,1.2910063790202182,0.0,0.0,1.30155,0.9670240820371391,1.0,2045.9279393491383,1000.0,2046.2600634100015,1000.0,0.019876897986971127,0.0
2241,1680599040000.0,0.0,0.0,79.4,1.2892530344979454,0.0,0.0,1.29685,0.9670240820371391,1.0,2045.9155993511383,1000.0,2046.5187984120014,1000.0,0.05003465977364973,0.0
2242,1680602640000.0,0.0,0.0,17.3,1.2892530344979454,0.0,0.0,1.3071,0.9670240820371391,1.0,2046.703432584816,1000.0,2047.0121850880016,1000.0,0.010897561972936287,0.0
2243,1680606240000.0,0.0,0.0,3.4,1.2892530344979454,0.0,0.0,1.3249,0.9670240820371391,1.0,2047.0649582452943,1000.0,2047.1861579280012,1000.0,0.0021413391400390315,0.0
2244,1680609840000.0,0.0,0.0,0.0,1.2892530344979454,0.0,0.0,1.36085,0.9670240820371391,1.0,2047.2501640120008,1000.0,2047.2501640120008,1000.0,0.0,0.0
2245,1680613440000.0,0.0,0.0,0.0,1.2892530344979454,0.0,0.0,1.3443,0.9670240820371391,1.0,2047.2501640120008,1000.0,2047.2501640120008,1000.0,0.0,0.0
2246,1680617040000.0,0.0,0.0,0.0,1.2892530344979454,0.0,0.0,1.34105,0.9670240820371391,1.0,2047.2501640120008,1000.0,2047.2501640120008,1000.0,0.0,0.0
2247,1680620640000.0,0.0,0.0,0.0,1.2892530344979454,0.0,0.0,1.34045,0.9670240820371391,1.0,2047.2501640120008,1000.0,2047.2501640120008,1000.0,0.0,0.0
2248,1680624240000.0,0.0,0.0,0.0,1.2892530344979454,0.0,0.0,1.3377,0.9670240820371391,1.0,2047.2501640120008,1000.0,2047.2501640120008,1000.0,0.0,0.0
2249,1680627840000.0,0.0,0.0,0.0,1.2892530344979454,0.0,0.0,1.353,0.9670240820371391,1.0,2047.2501640120008,1000.0,2047.2501640120008,1000.0,0.0,0.0
2250,1680631440000.0,0.0,0.0,0.0,1.2892530344979454,0.0,0.0,1.3437,0.9670240820371391,1.0,2047.2501640120008,1000.0,2047.2501640120008,1000.0,0.0,0.0
2251,1680635040000.0,0.0,0.0,0.0,1.2892530344979454,0.0,0.0,1.34075,0.9670240820371391,1.0,2047.2501640120008,1000.0,2047.2501640120008,1000.0,0.0,0.0
2252,1680638640000.0,0.0,0.0,76.8,1.3337,0.0,0.0,1.33685,0.9670240820371391,1.0,2047.229678380001,1000.0,2047.4715983800008,1000.0,0.050032568930444936,0.0
2253,1680642240000.0,0.0,0.0,76.8,1.3337,0.0,0.0,1.33945,0.9670240820371391,1.0,2047.229678380001,1000.0,2047.6712783800008,1000.0,0.050032568930444936,0.0
2254,1680645840000.0,0.0,0.0,76.8,1.3337,0.0,0.0,1.33735,0.9670240820371391,1.0,2047.229678380001,1000.0,2047.509998380001,1000.0,0.050032568930444936,0.0
2255,1680649440000.0,0.0,0.0,76.8,1.3337,0.0,0.0,1.33685,0.9670240820371391,1.0,2047.229678380001,1000.0,2047.4715983800008,1000.0,0.050032568930444936,0.0
2256,1680653040000.0,0.0,0.0,76.8,1.3337,0.0,0.0,1.33,0.9670240820371391,1.0,2047.229678380001,1000.0,2046.945518380001,1000.0,0.050032568930444936,0.0
2257,1680656640000.0,0.0,0.0,41.6,1.3337,0.0,0.0,1.35855,0.9670240820371391,1.0,2047.691874796001,1000.0,2048.725634796001,1000.0,0.027094857719024416,0.0
2258,1680660240000.0,0.0,0.0,29.0,1.3337,0.0,0.0,1.36265,0.9670240820371391,1.0,2048.021087344001,1000.0,2048.860637344001,1000.0,0.018885205938069267,0.0
2259,1680663840000.0,0.0,0.0,9.9,1.3337,0.0,0.0,1.35785,0.9670240820371391,1.0,2048.5201317620003,1000.0,2048.7592167620005,1000.0,0.006445448006724308,0.0
2260,1680667440000.0,0.0,0.0,3.0,1.3337,0.0,0.0,1.36815,0.9670240820371391,1.0,2048.7004148240003,1000.0,2048.803764824,1000.0,0.001952994186484668,0.0
2261,1680671040000.0,0.0,0.0,1.6,1.3337,0.0,0.0,1.3762,0.9670240820371391,1.0,2048.7551903559993,1000.0,2048.8231903559995,1000.0,0.0010415690513170598,0.0
2262,1680674640000.0,0.0,0.0,0.3,1.3337,0.0,0.0,1.38795,0.9670240820371391,1.0,2048.8229499699983,1000.0,2048.839224969998,1000.0,0.00019528773826252727,0.0
2263,1680678240000.0,0.0,0.0,0.0,1.3337,0.0,0.0,1.3623,0.9670240820371391,1.0,2048.835987323998,1000.0,2048.835987323998,1000.0,0.0,0.0
2264,1680681840000.0,0.0,0.0,75.3,1.3613,0.0,0.0,1.36395,0.9670240820371391,1.0,2048.815486145998,1000.0,2049.015031145998,1000.0,0.05003178211661343,0.0
2265,1680685440000.0,0.0,0.0,75.3,1.3613,0.0,0.0,1.35925,0.9670240820371391,1.0,2048.815486145998,1000.0,2048.661121145998,1000.0,0.05003178211661343,0.0
2266,1680689040000.0,0.0,0.0,75.3,1.3613,0.0,0.0,1.3535,0.9670240820371391,1.0,2048.815486145998,1000.0,2048.228146145998,1000.0,0.05003178211661343,0.0
2267,1680692640000.0,0.0,0.0,75.3,1.3613,0.0,0.0,1.3494,0.9670240820371391,1.0,2048.815486145998,1000.0,2047.919416145998,1000.0,0.05003178211661343,0.0
2268,1680696240000.0,0.0,0.0,75.3,1.3613,0.0,0.0,1.361,0.9670240820371391,1.0,2048.815486145998,1000.0,2048.792896145998,1000.0,0.05003178211661343,0.0
2269,1680699840000.0,0.0,0.0,35.0,1.3613,0.0,0.0,1.37545,0.9670240820371391,1.0,2049.3565136459974,1000.0,2049.8517636459974,1000.0,0.023249005081714253,0.0
2270,1680703440000.0,0.0,0.0,75.5,1.3593112582781457,0.0,0.0,1.3433,0.9670240820371391,1.0,2049.4112808459977,1000.0,2048.2024308459977,1000.0,0.05007682008934543,0.0
2271,1680707040000.0,0.0,0.0,191.0,1.3307620418848167,0.0,0.0,1.3121,0.9670240820371391,1.0,2049.380971335998,1000.0,2045.8165213359978,1000.0,0.1240255245633037,0.0
2272,1680710640000.0,0.0,0.0,191.0,1.3307620418848167,0.0,0.0,1.3346,0.9670240820371391,1.0,2049.380971335998,1000.0,2050.1140213359977,1000.0,0.1240255245633037,0.0
2273,1680714240000.0,0.0,0.0,140.4,1.3307620418848167,0.0,0.0,1.33105,0.9670240820371391,1.0,2050.0422697246267,1000.0,2050.0826990439987,1000.0,0.0911390918323482,0.0
2274,1680717840000.0,0.0,0.0,75.9,1.3307620418848167,0.0,0.0,1.33245,0.9670240820371391,1.0,2050.885229133056,1000.0,2051.013345153998,1000.0,0.0492493863353602,0.0
2275,1680721440000.0,0.0,0.0,75.9,1.3307620418848167,0.0,0.0,1.314,0.9670240820371391,1.0,2050.885229133056,1000.0,2049.6129901539985,1000.0,0.0492493863353602,0.0
2276,1680725040000.0,0.0,0.0,75.9,1.3307620418848167,0.0,0.0,1.32425,0.9670240820371391,1.0,2050.885229133056,1000.0,2050.3909651539984,1000.0,0.0492493863353602,0.0
2277,1680728640000.0,0.0,0.0,75.9,1.3307620418848167,0.0,0.0,1.3224,0.9670240820371391,1.0,2050.885229133056,1000.0,2050.250550153998,1000.0,0.0492493863353602,0.0
2278,1680732240000.0,0.0,0.0,75.9,1.3307620418848167,0.0,0.0,1.33275,0.9670240820371391,1.0,2050.885229133056,1000.0,2051.0361151539983,1000.0,0.0492493863353602,0.0
2279,1680735840000.0,0.0,0.0,75.9,1.3307620418848167,0.0,0.0,1.3361,0.9670240820371391,1.0,2050.885229133056,1000.0,2051.2903801539983,1000.0,0.0492493863353602,0.0
2280,1680739440000.0,0.0,0.0,65.1,1.3307620418848167,0.0,0.0,1.3372,0.9670240820371391,1.0,2051.0263758246997,1000.0,2051.4454868979983,1000.0,0.042238661553958494,0.0
2281,1680743040000.0,0.0,0.0,65.1,1.3307620418848167,0.0,0.0,1.3156,0.9670240820371391,1.0,2051.0263758246997,1000.0,2050.0393268979983,1000.0,0.042238661553958494,0.0
2282,1680746640000.0,0.0,0.0,65.1,1.3307620418848167,0.0,0.0,1.3167,0.9670240820371391,1.0,2051.0263758246997,1000.0,2050.1109368979983,1000.0,0.042238661553958494,0.0
2283,1680750240000.0,0.0,0.0,65.1,1.3307620418848167,0.0,0.0,1.32135,0.9670240820371391,1.0,2051.0263758246997,1000.0,2050.413651897998,1000.0,0.042238661553958494,0.0
2284,1680753840000.0,0.0,0.0,65.1,1.3307620418848167,0.0,0.0,1.32595,0.9670240820371391,1.0,2051.0263758246997,1000.0,2050.7131118979983,1000.0,0.042238661553958494,0.0
2285,1680757440000.0,0.0,0.0,65.1,1.3307620418848167,0.0,0.0,1.31755,0.9670240820371391,1.0,2051.0263758246997,1000.0,2050.1662718979983,1000.0,0.042238661553958494,0.0
2286,1680761040000.0,0.0,0.0,65.1,1.3307620418848167,0.0,0.0,1.30735,0.9670240820371391,1.0,2051.0263758246997,1000.0,2049.502251897998,1000.0,0.042238661553958494,0.0
2287,1680764640000.0,0.0,0.0,65.1,1.3307620418848167,0.0,0.0,1.31475,0.9670240820371391,1.0,2051.0263758246997,1000.0,2049.9839918979983,1000.0,0.042238661553958494,0.0
2288,1680768240000.0,0.0,0.0,164.7,1.3031485666466396,0.0,0.0,1.2936,0.9670240820371391,1.0,2051.0007766327,1000.0,2049.428127705998,1000.0,0.10464577652626503,0.0
2289,1680771840000.0,0.0,0.0,164.7,1.3031485666466396,0.0,0.0,1.2881,0.9670240820371391,1.0,2051.0007766327,1000.0,2048.5222777059985,1000.0,0.10464577652626503,0.0
2290,1680775440000.0,0.0,0.0,164.7,1.3031485666466396,0.0,0.0,1.2799,0.9670240820371391,1.0,2051.0007766327,1000.0,2047.1717377059983,1000.0,0.10464577652626503,0.0
2291,1680779040000.0,0.0,0.0,164.7,1.3031485666466396,0.0,0.0,1.2822,0.9670240820371391,1.0,2051.0007766327,1000.0,2047.5505477059983,1000.0,0.10464577652626503,0.0
2292,1680782640000.0,0.0,0.0,164.7,1.3031485666466396,0.0,0.0,1.293,0.9670240820371391,1.0,2051.0007766327,1000.0,2049.3293077059984,1000.0,0.10464577652626503,0.0
2293,1680786240000.0,0.0,0.0,164.7,1.3031485666466396,0.0,0.0,1.2871,0.9670240820371391,1.0,2051.0007766327,1000.0,2048.357577705998,1000.0,0.10464577652626503,0.0
2294,1680789840000.0,0.0,0.0,164.7,1.3031485666466396,0.0,0.0,1.28955,0.9670240820371391,1.0,2051.0007766327,1000.0,2048.761092705998,1000.0,0.10464577652626503,0.0
2295,1680793440000.0,0.0,0.0,164.7,1.3031485666466396,0.0,0.0,1.30495,0.9670240820371391,1.0,2051.0007766327,1000.0,2051.297472705998,1000.0,0.10464577652626503,0.0
2296,1680797040000.0,0.0,0.0,56.1,1.3031485666466396,0.0,0.0,1.30665,0.9670240820371391,1.0,2052.3895744308743,1000.0,2052.5860048419977,1000.0,0.035620252363223436,0.0
2297,1680800640000.0,0.0,0.0,19.2,1.3031485666466396,0.0,0.0,1.3115,0.9670240820371391,1.0,2052.8614587656134,1000.0,2053.021806285998,1000.0,0.012188086230943362,0.0
2298,1680804240000.0,0.0,0.0,7.8,1.3031485666466396,0.0,0.0,1.316,0.9670240820371391,1.0,2053.007244169841,1000.0,2053.107485349997,1000.0,0.0049510584284148266,0.0
2299,1680807840000.0,0.0,0.0,78.6,1.3054846017378192,0.0,0.0,1.30415,0.9670240820371391,1.0,2053.0401178745906,1000.0,2052.935218177998,1000.0,0.04998007043467845,0.0
2300,1680811440000.0,0.0,0.0,67.4,1.3054846017378192,0.0,0.0,1.3151,0.9670240820371391,1.0,2053.184056671127,1000.0,2053.832134513998,1000.0,0.04285522375416679,0.0
2301,1680815040000.0,0.0,0.0,67.4,1.3054846017378192,0.0,0.0,1.2953,0.9670240820371391,1.0,2053.184056671127,1000.0,2052.497614513998,1000.0,0.04285522375416679,0.0
2302,1680818640000.0,0.0,0.0,67.4,1.3054846017378192,0.0,0.0,1.29985,0.9670240820371391,1.0,2053.184056671127,1000.0,2052.804284513998,1000.0,0.04285522375416679,0.0
2303,1680822240000.0,0.0,0.0,67.4,1.3054846017378192,0.0,0.0,1.3011,0.9670240820371391,1.0,2053.184056671127,1000.0,2052.888534513998,1000.0,0.04285522375416679,0.0
2304,1680825840000.0,0.0,0.0,67.4,1.3054846017378192,0.0,0.0,1.30615,0.9670240820371391,1.0,2053.184056671127,1000.0,2053.2289045139983,1000.0,0.04285522375416679,0.0
2305,1680829440000.0,0.0,0.0,67.4,1.3054846017378192,0.0,0.0,1.31235,0.9670240820371391,1.0,2053.184056671127,1000.0,2053.646784513998,1000.0,0.04285522375416679,0.0
2306,1680833040000.0,0.0,0.0,42.6,1.3054846017378192,0.0,0.0,1.31045,0.9670240820371391,1.0,2053.5027782920297,1000.0,2053.7143042579987,1000.0,0.02708233201431893,0.0
2307,1680836640000.0,0.0,0.0,78.6,1.3055832574304214,0.0,0.0,1.2956,0.9670240820371391,1.0,2053.49337725203,1000.0,2052.7086932179986,1000.0,0.04997281470240479,0.0
2308,1680840240000.0,0.0,0.0,78.6,1.3055832574304214,0.0,0.0,1.29405,0.9670240820371391,1.0,2053.49337725203,1000.0,2052.5868632179986,1000.0,0.04997281470240479,0.0
2309,1680843840000.0,0.0,0.0,78.6,1.3055832574304214,0.0,0.0,1.3097,0.9670240820371391,1.0,2053.49337725203,1000.0,2053.8169532179986,1000.0,0.04997281470240479,0.0
2310,1680847440000.0,0.0,0.0,78.6,1.3055832574304214,0.0,0.0,1.30325,0.9670240820371391,1.0,2053.49337725203,1000.0,2053.3099832179987,1000.0,0.04997281470240479,0.0
2311,1680851040000.0,0.0,0.0,78.6,1.3055832574304214,0.0,0.0,1.29045,0.9670240820371391,1.0,2053.49337725203,1000.0,2052.3039032179986,1000.0,0.04997281470240479,0.0
2312,1680854640000.0,0.0,0.0,78.6,1.3055832574304214,0.0,0.0,1.27625,0.9670240820371391,1.0,2053.49337725203,1000.0,2051.187783217999,1000.0,0.04997281470240479,0.0
2313,1680858240000.0,0.0,0.0,78.6,1.3055832574304214,0.0,0.0,1.27495,0.9670240820371391,1.0,2053.49337725203,1000.0,2051.0856032179986,1000.0,0.04997281470240479,0.0
2314,1680861840000.0,0.0,0.0,78.6,1.3055832574304214,0.0,0.0,1.2882,0.9670240820371391,1.0,2053.49337725203,1000.0,2052.1270532179988,1000.0,0.04997281470240479,0.0
2315,1680865440000.0,0.0,0.0,78.6,1.3055832574304214,0.0,0.0,1.29285,0.9670240820371391,1.0,2053.49337725203,1000.0,2052.492543217999,1000.0,0.04997281470240479,0.0
2316,1680869040000.0,0.0,0.0,78.6,1.3055832574304214,0.0,0.0,1.27365,0.9670240820371391,1.0,2053.49337725203,1000.0,2050.9834232179987,1000.0,0.04997281470240479,0.0
2317,1680872640000.0,0.0,0.0,78.6,1.3055832574304214,0.0,0.0,1.27675,0.9670240820371391,1.0,2053.49337725203,1000.0,2051.227083217999,1000.0,0.04997281470240479,0.0
2318,1680876240000.0,0.0,0.0,78.6,1.3055832574304214,0.0,0.0,1.28645,0.9670240820371391,1.0,2053.49337725203,1000.0,2051.989503217999,1000.0,0.04997281470240479,0.0
2319,1680879840000.0,0.0,0.0,78.6,1.3055832574304214,0.0,0.0,1.2938,0.9670240820371391,1.0,2053.49337725203,1000.0,2052.567213217999,1000.0,0.04997281470240479,0.0
2320,1680883440000.0,0.0,0.0,78.6,1.3055832574304214,0.0,0.0,1.29765,0.9670240820371391,1.0,2053.49337725203,1000.0,2052.8698232179986,1000.0,0.04997281470240479,0.0
2321,1680887040000.0,0.0,0.0,78.6,1.3055832574304214,0.0,0.0,1.2927,0.9670240820371391,1.0,2053.49337725203,1000.0,2052.480753217999,1000.0,0.04997281470240479,0.0
2322,1680890640000.0,0.0,0.0,78.6,1.3055832574304214,0.0,0.0,1.282,0.9670240820371391,1.0,2053.49337725203,1000.0,2051.6397332179986,1000.0,0.04997281470240479,0.0
2323,1680894240000.0,0.0,0.0,78.6,1.3055832574304214,0.0,0.0,1.27965,0.9670240820371391,1.0,2053.49337725203,1000.0,2051.4550232179986,1000.0,0.04997281470240479,0.0
2324,1680897840000.0,0.0,0.0,78.6,1.3055832574304214,0.0,0.0,1.2796,0.9670240820371391,1.0,2053.49337725203,1000.0,2051.4510932179987,1000.0,0.04997281470240479,0.0
2325,1680901440000.0,0.0,0.0,78.6,1.3055832574304214,0.0,0.0,1.2732,0.9670240820371391,1.0,2053.49337725203,1000.0,2050.9480532179987,1000.0,0.04997281470240479,0.0
2326,1680905040000.0,0.0,0.0,78.6,1.3055832574304214,0.0,0.0,1.27845,0.9670240820371391,1.0,2053.49337725203,1000.0,2051.360703217999,1000.0,0.04997281470240479,0.0
2327,1680908640000.0,0.0,0.0,78.6,1.3055832574304214,0.0,0.0,1.29545,0.9670240820371391,1.0,2053.49337725203,1000.0,2052.6969032179986,1000.0,0.04997281470240479,0.0
2328,1680912240000.0,0.0,0.0,78.6,1.3055832574304214,0.0,0.0,1.29455,0.9670240820371391,1.0,2053.49337725203,1000.0,2052.626163217999,1000.0,0.04997281470240479,0.0
2329,1680915840000.0,0.0,0.0,78.6,1.3055832574304214,0.0,0.0,1.27235,0.9670240820371391,1.0,2053.49337725203,1000.0,2050.881243217999,1000.0,0.04997281470240479,0.0
2330,1680919440000.0,0.0,0.0,78.6,1.3055832574304214,0.0,0.0,1.27775,0.9670240820371391,1.0,2053.49337725203,1000.0,2051.3056832179986,1000.0,0.04997281470240479,0.0
2331,1680923040000.0,0.0,0.0,78.6,1.3055832574304214,0.0,0.0,1.28395,0.9670240820371391,1.0,2053.49337725203,1000.0,2051.793003217999,1000.0,0.04997281470240479,0.0
2332,1680926640000.0,0.0,0.0,78.6,1.3055832574304214,0.0,0.0,1.29605,0.9670240820371391,1.0,2053.49337725203,1000.0,2052.7440632179987,1000.0,0.04997281470240479,0.0
2333,1680930240000.0,0.0,0.0,78.6,1.3055832574304214,0.0,0.0,1.2934,0.9670240820371391,1.0,2053.49337725203,1000.0,2052.5357732179987,1000.0,0.04997281470240479,0.0
2334,1680933840000.0,0.0,0.0,78.6,1.3055832574304214,0.0,0.0,1.3053,0.9670240820371391,1.0,2053.49337725203,1000.0,2053.4711132179987,1000.0,0.04997281470240479,0.0
2335,1680937440000.0,0.0,0.0,78.6,1.3055832574304214,0.0,0.0,1.30575,0.9670240820371391,1.0,2053.49337725203,1000.0,2053.5064832179987,1000.0,0.04997281470240479,0.0
2336,1680941040000.0,0.0,0.0,78.6,1.3055832574304214,0.0,0.0,1.30265,0.9670240820371391,1.0,2053.49337725203,1000.0,2053.2628232179986,1000.0,0.04997281470240479,0.0
2337,1680944640000.0,0.0,0.0,78.6,1.3055832574304214,0.0,0.0,1.2978,0.9670240820371391,1.0,2053.49337725203,1000.0,2052.8816132179986,1000.0,0.04997281470240479,0.0
2338,1680948240000.0,0.0,0.0,78.6,1.3055832574304214,0.0,0.0,1.304,0.9670240820371391,1.0,2053.49337725203,1000.0,2053.368933217999,1000.0,0.04997281470240479,0.0
2339,1680951840000.0,0.0,0.0,78.6,1.3055832574304214,0.0,0.0,1.2986,0.9670240820371391,1.0,2053.49337725203,1000.0,2052.9444932179986,1000.0,0.04997281470240479,0.0
2340,1680955440000.0,0.0,0.0,78.6,1.3055832574304214,0.0,0.0,1.2972,0.9670240820371391,1.0,2053.49337725203,1000.0,2052.8344532179985,1000.0,0.04997281470240479,0.0
2341,1680959040000.0,0.0,0.0,78.6,1.3055832574304214,0.0,0.0,1.2915,0.9670240820371391,1.0,2053.49337725203,1000.0,2052.3864332179987,1000.0,0.04997281470240479,0.0
2342,1680962640000.0,0.0,0.0,78.6,1.3055832574304214,0.0,0.0,1.28705,0.9670240820371391,1.0,2053.49337725203,1000.0,2052.036663217999,1000.0,0.04997281470240479,0.0
2343,1680966240000.0,0.0,0.0,78.6,1.3055832574304214,0.0,0.0,1.284,0.9670240820371391,1.0,2053.49337725203,1000.0,2051.7969332179987,1000.0,0.04997281470240479,0.0
2344,1680969840000.0,0.0,0.0,78.6,1.3055832574304214,0.0,0.0,1.28385,0.9670240820371391,1.0,2053.49337725203,1000.0,2051.7851432179987,1000.0,0.04997281470240479,0.0
2345,1680973440000.0,0.0,0.0,78.6,1.3055832574304214,0.0,0.0,1.28505,0.9670240820371391,1.0,2053.49337725203,1000.0,2051.879463217999,1000.0,0.04997281470240479,0.0
2346,1680977040000.0,0.0,0.0,78.6,1.3055832574304214,0.0,0.0,1.2736,0.9670240820371391,1.0,2053.49337725203,1000.0,2050.979493217999,1000.0,0.04997281470240479,0.0
2347,1680980640000.0,0.0,0.0,198.9,1.2781342585924138,0.0,0.0,1.26545,0.9670240820371391,1.0,2053.46305684003,1000.0,2050.9401578059988,1000.0,0.12380106045113798,0.0
2348,1680984240000.0,0.0,0.0,198.9,1.2781342585924138,0.0,0.0,1.26455,0.9670240820371391,1.0,2053.46305684003,1000.0,2050.761147805999,1000.0,0.12380106045113798,0.0
2349,1680987840000.0,0.0,0.0,198.9,1.2781342585924138,0.0,0.0,1.2664,0.9670240820371391,1.0,2053.46305684003,1000.0,2051.129112805999,1000.0,0.12380106045113798,0.0
2350,1680991440000.0,0.0,0.0,198.9,1.2781342585924138,0.0,0.0,1.26955,0.9670240820371391,1.0,2053.46305684003,1000.0,2051.7556478059987,1000.0,0.12380106045113798,0.0
2351,1680995040000.0,0.0,0.0,198.9,1.2781342585924138,0.0,0.0,1.2736,0.9670240820371391,1.0,2053.46305684003,1000.0,2052.561192805999,1000.0,0.12380106045113798,0.0
2352,1680998640000.0,0.0,0.0,198.9,1.2781342585924138,0.0,0.0,1.2739,0.9670240820371391,1.0,2053.46305684003,1000.0,2052.6208628059985,1000.0,0.12380106045113798,0.0
2353,1681002240000.0,0.0,0.0,92.2,1.2781342585924138,0.0,0.0,1.2882,0.9670240820371391,1.0,2054.80828150822,1000.0,2055.736342865999,1000.0,0.05735035219720042,0.0
2354,1681005840000.0,0.0,0.0,79.1,1.2781342585924138,0.0,0.0,1.2803,0.9670240820371391,1.0,2054.973440300659,1000.0,2055.1447504459993,1000.0,0.04919792045578366,0.0
2355,1681009440000.0,0.0,0.0,79.1,1.2781342585924138,0.0,0.0,1.2765,0.9670240820371391,1.0,2054.973440300659,1000.0,2054.844170445999,1000.0,0.04919792045578366,0.0
2356,1681013040000.0,0.0,0.0,79.1,1.2781342585924138,0.0,0.0,1.2645,0.9670240820371391,1.0,2054.973440300659,1000.0,2053.894970445999,1000.0,0.04919792045578366,0.0
2357,1681016640000.0,0.0,0.0,79.1,1.2781342585924138,0.0,0.0,1.2672,0.9670240820371391,1.0,2054.973440300659,1000.0,2054.108540445999,1000.0,0.04919792045578366,0.0
2358,1681020240000.0,0.0,0.0,79.1,1.2781342585924138,0.0,0.0,1.2512,0.9670240820371391,1.0,2054.973440300659,1000.0,2052.8429404459994,1000.0,0.04919792045578366,0.0
2359,1681023840000.0,0.0,0.0,79.1,1.2781342585924138,0.0,0.0,1.25405,0.9670240820371391,1.0,2054.973440300659,1000.0,2053.068375445999,1000.0,0.04919792045578366,0.0
2360,1681027440000.0,0.0,0.0,79.1,1.2781342585924138,0.0,0.0,1.25795,0.9670240820371391,1.0,2054.973440300659,1000.0,2053.376865445999,1000.0,0.04919792045578366,0.0
2361,1681031040000.0,0.0,0.0,79.1,1.2781342585924138,0.0,0.0,1.25235,0.9670240820371391,1.0,2054.973440300659,1000.0,2052.9339054459992,1000.0,0.04919792045578366,0.0
2362,1681034640000.0,0.0,0.0,79.1,1.2781342585924138,0.0,0.0,1.25985,0.9670240820371391,1.0,2054.973440300659,1000.0,2053.527155445999,1000.0,0.04919792045578366,0.0
2363,1681038240000.0,0.0,0.0,79.1,1.2781342585924138,0.0,0.0,1.25695,0.9670240820371391,1.0,2054.973440300659,1000.0,2053.297765445999,1000.0,0.04919792045578366,0.0
2364,1681041840000.0,0.0,0.0,79.1,1.2781342585924138,0.0,0.0,1.26655,0.9670240820371391,1.0,2054.973440300659,1000.0,2054.057125445999,1000.0,0.04919792045578366,0.0
2365,1681045440000.0,0.0,0.0,79.1,1.2781342585924138,0.0,0.0,1.2671,0.9670240820371391,1.0,2054.973440300659,1000.0,2054.1006304459993,1000.0,0.04919792045578366,0.0
2366,1681049040000.0,0.0,0.0,79.1,1.2781342585924138,0.0,0.0,1.26045,0.9670240820371391,1.0,2054.973440300659,1000.0,2053.5746154459994,1000.0,0.04919792045578366,0.0
2367,1681052640000.0,0.0,0.0,79.1,1.2781342585924138,0.0,0.0,1.25275,0.9670240820371391,1.0,2054.973440300659,1000.0,2052.9655454459994,1000.0,0.04919792045578366,0.0
2368,1681056240000.0,0.0,0.0,79.1,1.2781342585924138,0.0,0.0,1.25635,0.9670240820371391,1.0,2054.973440300659,1000.0,2053.2503054459994,1000.0,0.04919792045578366,0.0
2369,1681059840000.0,0.0,0.0,79.1,1.2781342585924138,0.0,0.0,1.2626,0.9670240820371391,1.0,2054.973440300659,1000.0,2053.744680445999,1000.0,0.04919792045578366,0.0
2370,1681063440000.0,0.0,0.0,79.1,1.2781342585924138,0.0,0.0,1.2616,0.9670240820371391,1.0,2054.973440300659,1000.0,2053.6655804459992,1000.0,0.04919792045578366,0.0
2371,1681067040000.0,0.0,0.0,67.8,1.2781342585924138,0.0,0.0,1.2809,0.9670240820371391,1.0,2055.115905518565,1000.0,2055.3034227859994,1000.0,0.04216672281104236,0.0
2372,1681070640000.0,0.0,0.0,49.9,1.2781342585924138,0.0,0.0,1.2952,0.9670240820371391,1.0,2055.3415805097607,1000.0,2056.193161005999,1000.0,0.031030802913033638,0.0
2373,1681074240000.0,0.0,0.0,23.2,1.2781342585924138,0.0,0.0,1.2901,0.9670240820371391,1.0,2055.678201865343,1000.0,2055.955807065999,1000.0,0.01442478437161849,0.0
2374,1681077840000.0,0.0,0.0,11.6,1.2781342585924138,0.0,0.0,1.3112,0.9670240820371391,1.0,2055.927348761671,1000.0,2056.310911361999,1000.0,0.007211518154375558,0.0
2375,1681081440000.0,0.0,0.0,6.8,1.2781342585924138,0.0,0.0,1.3049,0.9670240820371391,1.0,2056.047373056427,1000.0,2056.2293800979987,1000.0,0.004227194894594428,0.0
2376,1681085040000.0,0.0,0.0,3.2,1.2781342585924138,0.0,0.0,1.317,0.9670240820371391,1.0,2056.1473892774948,1000.0,2056.2717596499992,1000.0,0.00198917142264442,0.0
2377,1681088640000.0,0.0,0.0,1.7,1.2781342585924138,0.0,0.0,1.3113,0.9670240820371391,1.0,2056.203643119606,1000.0,2056.260024879999,1000.0,0.0010567184076721887,0.0
2378,1681092240000.0,0.0,0.0,1.7,1.2781342585924138,0.0,0.0,1.30225,0.9670240820371391,1.0,2056.203643119606,1000.0,2056.244639879999,1000.0,0.0010567184076721887,0.0
2379,1681095840000.0,0.0,0.0,0.7,1.2781342585924138,0.0,0.0,1.30925,0.9670240820371391,1.0,2056.2286481810143,1000.0,2056.2504291999994,1000.0,0.0004351140530048328,0.0
2380,1681099440000.0,0.0,0.0,0.7,1.2781342585924138,0.0,0.0,1.3099,0.9670240820371391,1.0,2056.2286481810143,1000.0,2056.2508841999997,1000.0,0.0004351140530048328,0.0
2381,1681103040000.0,0.0,0.0,79.1,1.2993193461134986,0.0,0.0,1.2983,0.9670240820371391,1.0,2056.218171661577,1000.0,2056.137541383999,1000.0,0.04998310086644501,0.0
2382,1681106640000.0,0.0,0.0,79.1,1.2993193461134986,0.0,0.0,1.29815,0.9670240820371391,1.0,2056.218171661577,1000.0,2056.1256763839992,1000.0,0.04998310086644501,0.0
2383,1681110240000.0,0.0,0.0,79.1,1.2993193461134986,0.0,0.0,1.29665,0.9670240820371391,1.0,2056.218171661577,1000.0,2056.0070263839993,1000.0,0.04998310086644501,0.0
2384,1681113840000.0,0.0,0.0,79.1,1.2993193461134986,0.0,0.0,1.2988,0.9670240820371391,1.0,2056.218171661577,1000.0,2056.177091383999,1000.0,0.04998310086644501,0.0
2385,1681117440000.0,0.0,0.0,36.7,1.2993193461134986,0.0,0.0,1.3099,0.9670240820371391,1.0,2056.7616622343644,1000.0,2057.149972231999,1000.0,0.02318451421861041,0.0
2386,1681121040000.0,0.0,0.0,14.7,1.2993193461134986,0.0,0.0,1.3196,0.9670240820371391,1.0,2057.0436620598666,1000.0,2057.341787671998,1000.0,0.009285167223306395,0.0
2387,1681124640000.0,0.0,0.0,12.3,1.2993193461134986,0.0,0.0,1.3308,0.9670240820371391,1.0,2057.104659629194,1000.0,2057.491871671998,1000.0,0.007768991180097187,0.0
2388,1681128240000.0,0.0,0.0,5.0,1.2993193461134986,0.0,0.0,1.31735,0.9670240820371391,1.0,2057.290193902565,1000.0,2057.3803471719975,1000.0,0.0031578416840862935,0.0
2389,1681131840000.0,0.0,0.0,4.3,1.2993193461134986,0.0,0.0,1.3128,0.9670240820371391,1.0,2057.2991666242856,1000.0,2057.3571334359976,1000.0,0.0027157320038463727,0.0
2390,1681135440000.0,0.0,0.0,78.5,1.3100458278746006,0.0,0.0,1.3162,0.9670240820371391,1.0,2057.6442332561533,1000.0,2058.127335767997,1000.0,0.04997880383112561,0.0
2391,1681139040000.0,0.0,0.0,41.3,1.3100458278746006,0.0,0.0,1.33065,0.9670240820371391,1.0,2058.2286628592174,1000.0,2059.0796151679965,1000.0,0.026287114579417247,0.0
2392,1681142640000.0,0.0,0.0,8.8,1.3100458278746006,0.0,0.0,1.3525,0.9670240820371391,1.0,2059.6329755332927,1000.0,2060.0065722479962,1000.0,0.005597309531476831,0.0
2393,1681146240000.0,0.0,0.0,3.3,1.3100458278746006,0.0,0.0,1.3642,0.9670240820371391,1.0,2059.875353655982,1000.0,2060.0540624239957,1000.0,0.0020987440935749876,0.0
2394,1681149840000.0,0.0,0.0,0.0,1.3100458278746006,0.0,0.0,1.38765,0.9670240820371391,1.0,2060.0585709699963,1000.0,2060.0585709699963,1000.0,0.0,0.0
2395,1681153440000.0,0.0,0.0,0.0,1.3100458278746006,0.0,0.0,1.4142,0.9670240820371391,1.0,2060.0585709699963,1000.0,2060.0585709699963,1000.0,0.0,0.0
2396,1681157040000.0,0.0,0.0,0.0,1.3100458278746006,0.0,0.0,1.41785,0.9670240820371391,1.0,2060.0585709699963,1000.0,2060.0585709699963,1000.0,0.0,0.0
2397,1681160640000.0,0.0,0.0,0.0,1.3100458278746006,0.0,0.0,1.40555,0.9670240820371391,1.0,2060.0585709699963,1000.0,2060.0585709699963,1000.0,0.0,0.0
2398,1681164240000.0,0.0,0.0,0.0,1.3100458278746006,0.0,0.0,1.4381,0.9670240820371391,1.0,2060.0585709699963,1000.0,2060.0585709699963,1000.0,0.0,0.0
2399,1681167840000.0,0.0,0.0,0.0,1.3100458278746006,0.0,0.0,1.471,0.9670240820371391,1.0,2060.0585709699963,1000.0,2060.0585709699963,1000.0,0.0,0.0
2400,1681171440000.0,0.0,0.0,0.0,1.3100458278746006,0.0,0.0,1.472,0.9670240820371391,1.0,2060.0585709699963,1000.0,2060.0585709699963,1000.0,0.0,0.0
2401,1681175040000.0,0.0,0.0,0.0,1.3100458278746006,0.0,0.0,1.55065,0.9670240820371391,1.0,2060.0585709699963,1000.0,2060.0585709699963,1000.0,0.0,0.0
2402,1681178640000.0,0.0,0.0,0.0,1.3100458278746006,0.0,0.0,1.53985,0.9670240820371391,1.0,2060.0585709699963,1000.0,2060.0585709699963,1000.0,0.0,0.0
2403,1681182240000.0,0.0,0.0,0.0,1.3100458278746006,0.0,0.0,1.54745,0.9670240820371391,1.0,2060.0585709699963,1000.0,2060.0585709699963,1000.0,0.0,0.0
2404,1681185840000.0,0.0,0.0,0.0,1.3100458278746006,0.0,0.0,1.526,0.9670240820371391,1.0,2060.0585709699963,1000.0,2060.0585709699963,1000.0,0.0,0.0
2405,1681189440000.0,0.0,0.0,0.0,1.3100458278746006,0.0,0.0,1.5252,0.9670240820371391,1.0,2060.0585709699963,1000.0,2060.0585709699963,1000.0,0.0,0.0
2406,1681193040000.0,0.0,0.0,0.0,1.3100458278746006,0.0,0.0,1.5323,0.9670240820371391,1.0,2060.0585709699963,1000.0,2060.0585709699963,1000.0,0.0,0.0
2407,1681196640000.0,0.0,0.0,0.0,1.3100458278746006,0.0,0.0,1.5392,0.9670240820371391,1.0,2060.0585709699963,1000.0,2060.0585709699963,1000.0,0.0,0.0
2408,1681200240000.0,0.0,0.0,0.0,1.3100458278746006,0.0,0.0,1.54905,0.9670240820371391,1.0,2060.0585709699963,1000.0,2060.0585709699963,1000.0,0.0,0.0
2409,1681203840000.0,0.0,0.0,0.0,1.3100458278746006,0.0,0.0,1.52165,0.9670240820371391,1.0,2060.0585709699963,1000.0,2060.0585709699963,1000.0,0.0,0.0
2410,1681207440000.0,0.0,0.0,26.3,1.5164,0.0,0.0,1.54085,0.9670240820371391,1.0,2060.7344999539964,1000.0,2061.3775349539965,1000.0,0.01935296371312768,0.0
2411,1681211040000.0,0.0,0.0,10.8,1.5164,0.0,0.0,1.5416,0.9670240820371391,1.0,2061.1947061139967,1000.0,2061.4668661139967,1000.0,0.007945450253399907,0.0
2412,1681214640000.0,0.0,0.0,3.2,1.5164,0.0,0.0,1.5391,0.9670240820371391,1.0,2061.4203555859976,1000.0,2061.4929955859975,1000.0,0.0023539497836289635,0.0
2413,1681218240000.0,0.0,0.0,1.3,1.5164,0.0,0.0,1.545,0.9670240820371391,1.0,2061.4767679539978,1000.0,2061.5139479539976,1000.0,0.0009562659306398695,0.0
2414,1681221840000.0,0.0,0.0,0.0,1.5164,0.0,0.0,1.6015,0.9670240820371391,1.0,2061.5671555299978,1000.0,2061.5671555299978,1000.0,0.0,0.0
2415,1681225440000.0,0.0,0.0,0.0,1.5164,0.0,0.0,1.63365,0.9670240820371391,1.0,2061.5671555299978,1000.0,2061.5671555299978,1000.0,0.0,0.0
2416,1681229040000.0,0.0,0.0,0.0,1.5164,0.0,0.0,1.63015,0.9670240820371391,1.0,2061.5671555299978,1000.0,2061.5671555299978,1000.0,0.0,0.0
2417,1681232640000.0,0.0,0.0,0.0,1.5164,0.0,0.0,1.6151,0.9670240820371391,1.0,2061.5671555299978,1000.0,2061.5671555299978,1000.0,0.0,0.0
2418,1681236240000.0,0.0,0.0,0.0,1.5164,0.0,0.0,1.60125,0.9670240820371391,1.0,2061.5671555299978,1000.0,2061.5671555299978,1000.0,0.0,0.0
2419,1681239840000.0,0.0,0.0,64.8,1.5903,0.0,0.0,1.59515,0.9670240820371391,1.0,2061.5465452419976,1000.0,2061.8608252419976,1000.0,0.049987442795235634,0.0
2420,1681243440000.0,0.0,0.0,16.4,1.5903,0.0,0.0,1.60775,0.9670240820371391,1.0,2062.3053962579975,1000.0,2062.5915762579975,1000.0,0.012646487783682858,0.0
2421,1681247040000.0,0.0,0.0,64.7,1.5946191653786708,0.0,0.0,1.5987,0.9670240820371391,1.0,2062.627480343997,1000.0,2062.8915103439967,1000.0,0.05001962835421615,0.0
2422,1681250640000.0,0.0,0.0,64.6,1.5952752623444237,0.0,0.0,1.57645,0.9670240820371391,1.0,2062.9941247594465,1000.0,2061.7780128119966,1000.0,0.04995398712512881,0.0
2423,1681254240000.0,0.0,0.0,64.6,1.5952752623444237,0.0,0.0,1.5799,0.9670240820371391,1.0,2062.9941247594465,1000.0,2062.0008828119967,1000.0,0.04995398712512881,0.0
2424,1681257840000.0,0.0,0.0,64.6,1.5952752623444237,0.0,0.0,1.5891,0.9670240820371391,1.0,2062.9941247594465,1000.0,2062.595202811997,1000.0,0.04995398712512881,0.0
2425,1681261440000.0,0.0,0.0,64.6,1.5952752623444237,0.0,0.0,1.5761,0.9670240820371391,1.0,2062.9941247594465,1000.0,2061.7554028119966,1000.0,0.04995398712512881,0.0
2426,1681265040000.0,0.0,0.0,65.0,1.5933165378670786,0.0,0.0,1.55355,0.9670240820371391,1.0,2063.257079127357,1000.0,2060.672254165997,1000.0,0.050195187022047005,0.0
2427,1681268640000.0,0.0,0.0,164.5,1.559797112227113,0.0,0.0,1.55405,0.9670240820371391,1.0,2063.226474917357,1000.0,2062.2810749559967,1000.0,0.12436183234399303,0.0
2428,1681272240000.0,0.0,0.0,120.9,1.559797112227113,0.0,0.0,1.56335,0.9670240820371391,1.0,2063.893023336255,1000.0,2064.322567467997,1000.0,0.0913707584337011,0.0
2429,1681275840000.0,0.0,0.0,10.9,1.559797112227113,0.0,0.0,1.6156,0.9670240820371391,1.0,2066.7584853832736,1000.0,2067.366736859998,1000.0,0.008226306384377857,0.0
2430,1681279440000.0,0.0,0.0,65.4,1.57955032624895,0.0,0.0,1.584,0.9670240820371391,1.0,2067.10043623468,1000.0,2067.3914448979986,1000.0,0.049974635738963824,0.0
2431,1681283040000.0,0.0,0.0,65.4,1.57955032624895,0.0,0.0,1.5656,0.9670240820371391,1.0,2067.10043623468,1000.0,2066.1880848979986,1000.0,0.049974635738963824,0.0
2432,1681286640000.0,0.0,0.0,56.1,1.57955032624895,0.0,0.0,1.57615,0.9670240820371391,1.0,2067.2448707565645,1000.0,2067.0541124539986,1000.0,0.04286515572300626,0.0
2433,1681290240000.0,0.0,0.0,56.1,1.57955032624895,0.0,0.0,1.55955,0.9670240820371391,1.0,2067.2448707565645,1000.0,2066.1228524539983,1000.0,0.04286515572300626,0.0
2434,1681293840000.0,0.0,0.0,56.1,1.57955032624895,0.0,0.0,1.55185,0.9670240820371391,1.0,2067.2448707565645,1000.0,2065.6908824539983,1000.0,0.04286515572300626,0.0
2435,1681297440000.0,0.0,0.0,56.1,1.57955032624895,0.0,0.0,1.55305,0.9670240820371391,1.0,2067.2448707565645,1000.0,2065.7582024539984,1000.0,0.04286515572300626,0.0
2436,1681301040000.0,0.0,0.0,56.1,1.57955032624895,0.0,0.0,1.58085,0.9670240820371391,1.0,2067.2448707565645,1000.0,2067.3177824539985,1000.0,0.04286515572300626,0.0
2437,1681304640000.0,0.0,0.0,3.0,1.57955032624895,0.0,0.0,1.6074,0.9670240820371391,1.0,2069.1380915327454,1000.0,2069.2216405539984,1000.0,0.0022901569489915596,0.0
2438,1681308240000.0,0.0,0.0,0.7,1.57955032624895,0.0,0.0,1.62655,0.9670240820371391,1.0,2069.196907278372,1000.0,2069.2298070499974,1000.0,0.0005343547656025546,0.0
2439,1681311840000.0,0.0,0.0,0.0,1.57955032624895,0.0,0.0,1.62155,0.9670240820371391,1.0,2069.229334381998,1000.0,2069.229334381998,1000.0,0.0,0.0
2440,1681315440000.0,0.0,0.0,0.0,1.57955032624895,0.0,0.0,1.67795,0.9670240820371391,1.0,2069.229334381998,1000.0,2069.229334381998,1000.0,0.0,0.0
2441,1681319040000.0,0.0,0.0,0.0,1.57955032624895,0.0,0.0,1.621,0.9670240820371391,1.0,2069.229334381998,1000.0,2069.229334381998,1000.0,0.0,0.0
2442,1681322640000.0,0.0,0.0,0.0,1.57955032624895,0.0,0.0,1.6187,0.9670240820371391,1.0,2069.229334381998,1000.0,2069.229334381998,1000.0,0.0,0.0
2443,1681326240000.0,0.0,0.0,64.5,1.6048,0.0,0.0,1.60445,0.9670240820371391,1.0,2069.2086324619977,1000.0,2069.1860574619977,1000.0,0.05002376192334053,0.0
2444,1681329840000.0,0.0,0.0,64.5,1.6048,0.0,0.0,1.60465,0.9670240820371391,1.0,2069.2086324619977,1000.0,2069.198957461998,1000.0,0.05002376192334053,0.0
2445,1681333440000.0,0.0,0.0,64.5,1.6048,0.0,0.0,1.59995,0.9670240820371391,1.0,2069.2086324619977,1000.0,2068.8958074619977,1000.0,0.05002376192334053,0.0
2446,1681337040000.0,0.0,0.0,64.5,1.6048,0.0,0.0,1.5961,0.9670240820371391,1.0,2069.2086324619977,1000.0,2068.6474824619977,1000.0,0.05002376192334053,0.0
2447,1681340640000.0,0.0,0.0,64.5,1.6048,0.0,0.0,1.5886,0.9670240820371391,1.0,2069.2086324619977,1000.0,2068.163732461998,1000.0,0.05002376192334053,0.0
2448,1681344240000.0,0.0,0.0,64.5,1.6048,0.0,0.0,1.5987,0.9670240820371391,1.0,2069.2086324619977,1000.0,2068.8151824619977,1000.0,0.05002376192334053,0.0
2449,1681347840000.0,0.0,0.0,64.5,1.6048,0.0,0.0,1.57995,0.9670240820371391,1.0,2069.2086324619977,1000.0,2067.6058074619978,1000.0,0.05002376192334053,0.0
2450,1681351440000.0,0.0,0.0,64.5,1.6048,0.0,0.0,1.57005,0.9670240820371391,1.0,2069.2086324619977,1000.0,2066.9672574619976,1000.0,0.05002376192334053,0.0
2451,1681355040000.0,0.0,0.0,64.5,1.6048,0.0,0.0,1.57285,0.9670240820371391,1.0,2069.2086324619977,1000.0,2067.147857461998,1000.0,0.05002376192334053,0.0
2452,1681358640000.0,0.0,0.0,64.5,1.6048,0.0,0.0,1.56815,0.9670240820371391,1.0,2069.2086324619977,1000.0,2066.8447074619976,1000.0,0.05002376192334053,0.0
2453,1681362240000.0,0.0,0.0,64.5,1.6048,0.0,0.0,1.56385,0.9670240820371391,1.0,2069.2086324619977,1000.0,2066.5673574619977,1000.0,0.05002376192334053,0.0
2454,1681365840000.0,0.0,0.0,64.5,1.6048,0.0,0.0,1.5761,0.9670240820371391,1.0,2069.2086324619977,1000.0,2067.3574824619977,1000.0,0.05002376192334053,0.0
2455,1681369440000.0,0.0,0.0,64.5,1.6048,0.0,0.0,1.57735,0.9670240820371391,1.0,2069.2086324619977,1000.0,2067.438107461998,1000.0,0.05002376192334053,0.0
2456,1681373040000.0,0.0,0.0,64.5,1.6048,0.0,0.0,1.61625,0.9670240820371391,1.0,2069.2086324619977,1000.0,2069.947157461998,1000.0,0.05002376192334053,0.0
2457,1681376640000.0,0.0,0.0,17.0,1.6048,0.0,0.0,1.6284,0.9670240820371391,1.0,2070.2389577059967,1000.0,2070.6401577059964,1000.0,0.013177995660090546,0.0
2458,1681380240000.0,0.0,0.0,3.5,1.6048,0.0,0.0,1.63715,0.9670240820371391,1.0,2070.6638388859956,1000.0,2070.7770638859956,1000.0,0.002712560046937316,0.0
2459,1681383840000.0,0.0,0.0,2.6,1.6048,0.0,0.0,1.6164,0.9670240820371391,1.0,2070.6780371239956,1000.0,2070.7081971239954,1000.0,0.0020150307895259456,0.0
2460,1681387440000.0,0.0,0.0,1.4,1.6048,0.0,0.0,1.6213,0.9670240820371391,1.0,2070.700107479995,1000.0,2070.723207479995,1000.0,0.0010850050144316735,0.0
2461,1681391040000.0,0.0,0.0,0.3,1.6048,0.0,0.0,1.6557,0.9670240820371391,1.0,2070.7409461839957,1000.0,2070.7562161839955,1000.0,0.0002324964891852878,0.0
2462,1681394640000.0,0.0,0.0,64.0,1.6174,0.0,0.0,1.61395,0.9670240820371391,1.0,2070.739073389996,1000.0,2070.518273389996,1000.0,0.049988722060736714,0.0
2463,1681398240000.0,0.0,0.0,64.0,1.6174,0.0,0.0,1.61045,0.9670240820371391,1.0,2070.739073389996,1000.0,2070.294273389996,1000.0,0.049988722060736714,0.0
2464,1681401840000.0,0.0,0.0,64.0,1.6174,0.0,0.0,1.5956,0.9670240820371391,1.0,2070.739073389996,1000.0,2069.343873389996,1000.0,0.049988722060736714,0.0
2465,1681405440000.0,0.0,0.0,64.0,1.6174,0.0,0.0,1.5834,0.9670240820371391,1.0,2070.739073389996,1000.0,2068.563073389996,1000.0,0.049988722060736714,0.0
2466,1681409040000.0,0.0,0.0,64.0,1.6174,0.0,0.0,1.6044,0.9670240820371391,1.0,2070.739073389996,1000.0,2069.907073389996,1000.0,0.049988722060736714,0.0
2467,1681412640000.0,0.0,0.0,64.0,1.6174,0.0,0.0,1.6079,0.9670240820371391,1.0,2070.739073389996,1000.0,2070.131073389996,1000.0,0.049988722060736714,0.0
2468,1681416240000.0,0.0,0.0,64.0,1.6174,0.0,0.0,1.5895,0.9670240820371391,1.0,2070.739073389996,1000.0,2068.953473389996,1000.0,0.049988722060736714,0.0
2469,1681419840000.0,0.0,0.0,64.0,1.6174,0.0,0.0,1.58175,0.9670240820371391,1.0,2070.739073389996,1000.0,2068.4574733899963,1000.0,0.049988722060736714,0.0
2470,1681423440000.0,0.0,0.0,64.0,1.6174,0.0,0.0,1.58835,0.9670240820371391,1.0,2070.739073389996,1000.0,2068.879873389996,1000.0,0.049988722060736714,0.0
2471,1681427040000.0,0.0,0.0,64.0,1.6174,0.0,0.0,1.5998,0.9670240820371391,1.0,2070.739073389996,1000.0,2069.612673389996,1000.0,0.049988722060736714,0.0
2472,1681430640000.0,0.0,0.0,64.0,1.6174,0.0,0.0,1.6115,0.9670240820371391,1.0,2070.739073389996,1000.0,2070.3614733899963,1000.0,0.049988722060736714,0.0
2473,1681434240000.0,0.0,0.0,20.2,1.6174,0.0,0.0,1.6382,0.9670240820371391,1.0,2071.797650373996,1000.0,2072.217810373996,1000.0,0.015769628850627482,0.0
2474,1681437840000.0,0.0,0.0,4.1,1.6174,0.0,0.0,1.63425,0.9670240820371391,1.0,2072.2222363699957,1000.0,2072.291321369996,1000.0,0.0032001104339158203,0.0
2475,1681441440000.0,0.0,0.0,64.1,1.6169085803432137,0.0,0.0,1.61655,0.9670240820371391,1.0,2072.281076949995,1000.0,2072.258091949995,1000.0,0.05001437360637587,0.0
2476,1681445040000.0,0.0,0.0,6.4,1.6169085803432137,0.0,0.0,1.66005,0.9670240820371391,1.0,2074.4918167701912,1000.0,2074.7679218559947,1000.0,0.004988313200631403,0.0
2477,1681448640000.0,0.0,0.0,1.7,1.6169085803432137,0.0,0.0,1.64125,0.9670240820371391,1.0,2074.6406264765774,1000.0,2074.6820068899938,1000.0,0.0013249256529077695,0.0
2478,1681452240000.0,0.0,0.0,63.7,1.6282015610420335,0.0,0.0,1.63225,0.9670240820371391,1.0,2074.6392358923717,1000.0,2074.8971214539943,1000.0,0.04999251804556064,0.0
2479,1681455840000.0,0.0,0.0,54.6,1.6282015610420335,0.0,0.0,1.6373,0.9670240820371391,1.0,2074.7845586968892,1000.0,2075.281333463994,1000.0,0.04284772838714896,0.0
2480,1681459440000.0,0.0,0.0,54.6,1.6282015610420335,0.0,0.0,1.6318,0.9670240820371391,1.0,2074.7845586968892,1000.0,2074.981033463994,1000.0,0.04284772838714896,0.0
2481,1681463040000.0,0.0,0.0,8.0,1.6282015610420335,0.0,0.0,1.64675,0.9670240820371391,1.0,2076.3601428983307,1000.0,2076.5085304099944,1000.0,0.006273291525502987,0.0
2482,1681466640000.0,0.0,0.0,31.7,1.6340561021785238,0.0,0.0,1.6706,0.9670240820371391,1.0,2077.2159619550534,1000.0,2078.3744035159943,1000.0,0.02493702118016944,0.0
2483,1681470240000.0,0.0,0.0,0.0,1.6340561021785238,0.0,0.0,1.72245,0.9670240820371391,1.0,2079.093925859994,1000.0,2079.093925859994,1000.0,0.0,0.0
2484,1681473840000.0,0.0,0.0,0.0,1.6340561021785238,0.0,0.0,1.7304,0.9670240820371391,1.0,2079.093925859994,1000.0,2079.093925859994,1000.0,0.0,0.0
2485,1681477440000.0,0.0,0.0,0.0,1.6340561021785238,0.0,0.0,1.72635,0.9670240820371391,1.0,2079.093925859994,1000.0,2079.093925859994,1000.0,0.0,0.0
2486,1681481040000.0,0.0,0.0,0.0,1.6340561021785238,0.0,0.0,1.75645,0.9670240820371391,1.0,2079.093925859994,1000.0,2079.093925859994,1000.0,0.0,0.0
2487,1681484640000.0,0.0,0.0,0.0,1.6340561021785238,0.0,0.0,1.7031,0.9670240820371391,1.0,2079.093925859994,1000.0,2079.093925859994,1000.0,0.0,0.0
2488,1681488240000.0,0.0,0.0,61.2,1.6965419934640522,0.0,0.0,1.708,0.9670240820371391,1.0,2079.337513729994,1000.0,2080.038743729994,1000.0,0.04993338951200316,0.0
2489,1681491840000.0,0.0,0.0,61.2,1.6965419934640522,0.0,0.0,1.6785,0.9670240820371391,1.0,2079.337513729994,1000.0,2078.233343729994,1000.0,0.04993338951200316,0.0
2490,1681495440000.0,0.0,0.0,61.2,1.6965419934640522,0.0,0.0,1.696,0.9670240820371391,1.0,2079.337513729994,1000.0,2079.304343729994,1000.0,0.04993338951200316,0.0
2491,1681499040000.0,0.0,0.0,17.5,1.6965419934640522,0.0,0.0,1.70745,0.9670240820371391,1.0,2080.1587036016144,1000.0,2080.3495937159937,1000.0,0.014272701805980547,0.0
2492,1681502640000.0,0.0,0.0,12.8,1.6957974695859854,0.0,0.0,1.7447,0.9670240820371391,1.0,2081.487932350694,1000.0,2082.1138847399934,1000.0,0.010428216889149614,0.0
2493,1681506240000.0,0.0,0.0,2.9,1.6957974695859854,0.0,0.0,1.7312,0.9670240820371391,1.0,2081.980490519793,1000.0,2082.0831578579937,1000.0,0.002362083931233939,0.0
2494,1681509840000.0,0.0,0.0,1.3,1.6957974695859854,0.0,0.0,1.7406,0.9670240820371391,1.0,2082.0600958804557,1000.0,2082.1183391699938,1000.0,0.0010588247259642775,0.0
2495,1681513440000.0,0.0,0.0,0.2,1.6957974695859854,0.0,0.0,1.76455,0.9670240820371391,1.0,2082.123122905909,1000.0,2082.136873411992,1000.0,0.0001628911807308735,0.0
2496,1681517040000.0,0.0,0.0,60.3,1.7259,0.0,0.0,1.72515,0.9670240820371391,1.0,2082.1155785579913,1000.0,2082.0703535579914,1000.0,0.04998366616711877,0.0
2497,1681520640000.0,0.0,0.0,60.3,1.7259,0.0,0.0,1.69595,0.9670240820371391,1.0,2082.1155785579913,1000.0,2080.3095935579913,1000.0,0.04998366616711877,0.0
2498,1681524240000.0,0.0,0.0,60.3,1.7259,0.0,0.0,1.6934,0.9670240820371391,1.0,2082.1155785579913,1000.0,2080.1558285579913,1000.0,0.04998366616711877,0.0
2499,1681527840000.0,0.0,0.0,60.3,1.7259,0.0,0.0,1.69205,0.9670240820371391,1.0,2082.1155785579913,1000.0,2080.0744235579914,1000.0,0.04998366616711877,0.0
2500,1681531440000.0,0.0,0.0,60.3,1.7259,0.0,0.0,1.6979,0.9670240820371391,1.0,2082.1155785579913,1000.0,2080.4271785579913,1000.0,0.04998366616711877,0.0
2501,1681535040000.0,0.0,0.0,60.3,1.7259,0.0,0.0,1.7123,0.9670240820371391,1.0,2082.1155785579913,1000.0,2081.2954985579913,1000.0,0.04998366616711877,0.0
2502,1681538640000.0,0.0,0.0,60.3,1.7259,0.0,0.0,1.7278,0.9670240820371391,1.0,2082.1155785579913,1000.0,2082.2301485579915,1000.0,0.04998366616711877,0.0
2503,1681542240000.0,0.0,0.0,44.4,1.7259,0.0,0.0,1.71975,0.9670240820371391,1.0,2082.3851051819915,1000.0,2082.1120451819916,1000.0,0.036799129906042456,0.0
2504,1681545840000.0,0.0,0.0,28.1,1.7259,0.0,0.0,1.74895,0.9670240820371391,1.0,2082.661412349992,1000.0,2083.309117349992,1000.0,0.02328644959397266,0.0
2505,1681549440000.0,0.0,0.0,12.8,1.7259,0.0,0.0,1.76105,0.9670240820371391,1.0,2082.963009707992,1000.0,2083.412929707992,1000.0,0.01060581484022464,0.0
2506,1681553040000.0,0.0,0.0,9.0,1.7259,0.0,0.0,1.74705,0.9670240820371391,1.0,2083.0916320319925,1000.0,2083.2819820319924,1000.0,0.007456753107326312,0.0
2507,1681556640000.0,0.0,0.0,60.2,1.7305777408637875,0.0,0.0,1.72275,0.9670240820371391,1.0,2083.0739024959926,1000.0,2082.6026724959925,1000.0,0.0500130023592384,0.0
2508,1681560240000.0,0.0,0.0,60.2,1.7305777408637875,0.0,0.0,1.72935,0.9670240820371391,1.0,2083.0739024959926,1000.0,2082.9999924959925,1000.0,0.0500130023592384,0.0
2509,1681563840000.0,0.0,0.0,60.2,1.7305777408637875,0.0,0.0,1.73115,0.9670240820371391,1.0,2083.0739024959926,1000.0,2083.1083524959927,1000.0,0.0500130023592384,0.0
2510,1681567440000.0,0.0,0.0,60.2,1.7305777408637875,0.0,0.0,1.70895,0.9670240820371391,1.0,2083.0739024959926,1000.0,2081.7719124959926,1000.0,0.0500130023592384,0.0
2511,1681571040000.0,0.0,0.0,60.2,1.7305777408637875,0.0,0.0,1.71835,0.9670240820371391,1.0,2083.0739024959926,1000.0,2082.3377924959927,1000.0,0.0500130023592384,0.0
2512,1681574640000.0,0.0,0.0,60.2,1.7305777408637875,0.0,0.0,1.7106,0.9670240820371391,1.0,2083.0739024959926,1000.0,2081.8712424959926,1000.0,0.0500130023592384,0.0
2513,1681578240000.0,0.0,0.0,60.2,1.7305777408637875,0.0,0.0,1.70725,0.9670240820371391,1.0,2083.0739024959926,1000.0,2081.6695724959927,1000.0,0.0500130023592384,0.0
2514,1681581840000.0,0.0,0.0,60.2,1.7305777408637875,0.0,0.0,1.68595,0.9670240820371391,1.0,2083.0739024959926,1000.0,2080.387312495993,1000.0,0.0500130023592384,0.0
2515,1681585440000.0,0.0,0.0,60.2,1.7305777408637875,0.0,0.0,1.683,0.9670240820371391,1.0,2083.0739024959926,1000.0,2080.2097224959925,1000.0,0.0500130023592384,0.0
2516,1681589040000.0,0.0,0.0,152.3,1.6941866053841101,0.0,0.0,1.67695,0.9670240820371391,1.0,2083.0431337279924,1000.0,2080.4179987279927,1000.0,0.12386907204279395,0.0
2517,1681592640000.0,0.0,0.0,152.3,1.6941866053841101,0.0,0.0,1.669,0.9670240820371391,1.0,2083.0431337279924,1000.0,2079.2072137279924,1000.0,0.12386907204279395,0.0
2518,1681596240000.0,0.0,0.0,152.3,1.6941866053841101,0.0,0.0,1.67485,0.9670240820371391,1.0,2083.0431337279924,1000.0,2080.0981687279923,1000.0,0.12386907204279395,0.0
2519,1681599840000.0,0.0,0.0,152.3,1.6941866053841101,0.0,0.0,1.6818,0.9670240820371391,1.0,2083.0431337279924,1000.0,2081.1566537279923,1000.0,0.12386907204279395,0.0
2520,1681603440000.0,0.0,0.0,152.3,1.6941866053841101,0.0,0.0,1.6714,0.9670240820371391,1.0,2083.0431337279924,1000.0,2079.5727337279923,1000.0,0.12386907204279395,0.0
2521,1681607040000.0,0.0,0.0,152.3,1.6941866053841101,0.0,0.0,1.6781,0.9670240820371391,1.0,2083.0431337279924,1000.0,2080.5931437279924,1000.0,0.12386907204279395,0.0
2522,1681610640000.0,0.0,0.0,152.3,1.6941866053841101,0.0,0.0,1.6886,0.9670240820371391,1.0,2083.0431337279924,1000.0,2082.1922937279924,1000.0,0.12386907204279395,0.0
2523,1681614240000.0,0.0,0.0,152.3,1.6941866053841101,0.0,0.0,1.6821,0.9670240820371391,1.0,2083.0431337279924,1000.0,2081.2023437279922,1000.0,0.12386907204279395,0.0
2524,1681617840000.0,0.0,0.0,152.3,1.6941866053841101,0.0,0.0,1.6717,0.9670240820371391,1.0,2083.0431337279924,1000.0,2079.6184237279926,1000.0,0.12386907204279395,0.0
2525,1681621440000.0,0.0,0.0,152.3,1.6941866053841101,0.0,0.0,1.6997,0.9670240820371391,1.0,2083.0431337279924,1000.0,2083.8828237279927,1000.0,0.12386907204279395,0.0
2526,1681625040000.0,0.0,0.0,130.6,1.6941866053841101,0.0,0.0,1.7176,0.9670240820371391,1.0,2083.404897783157,1000.0,2086.4626871199926,1000.0,0.10620152179664974,0.0
2527,1681628640000.0,0.0,0.0,70.6,1.6941866053841101,0.0,0.0,1.70665,0.9670240820371391,1.0,2084.4051670601107,1000.0,2085.2850827199927,1000.0,0.05738307322890494,0.0
2528,1681632240000.0,0.0,0.0,32.0,1.6941866053841101,0.0,0.0,1.7233,0.9670240820371391,1.0,2085.152602838284,1000.0,2086.0842314659926,1000.0,0.02600000177372924,0.0
2529,1681635840000.0,0.0,0.0,2.8,1.6941866053841101,0.0,0.0,1.77345,0.9670240820371391,1.0,2086.4400503910683,1000.0,2086.6619878959928,1000.0,0.0022735963557574427,0.0
2530,1681639440000.0,0.0,0.0,61.0,1.710134206645641,0.0,0.0,1.71545,0.9670240820371391,1.0,2086.520539465377,1000.0,2086.8448028599933,1000.0,0.049996242372056035,0.0
2531,1681643040000.0,0.0,0.0,61.0,1.710134206645641,0.0,0.0,1.7116,0.9670240820371391,1.0,2086.520539465377,1000.0,2086.609952859993,1000.0,0.049996242372056035,0.0
2532,1681646640000.0,0.0,0.0,61.0,1.710134206645641,0.0,0.0,1.69495,0.9670240820371391,1.0,2086.520539465377,1000.0,2085.594302859993,1000.0,0.049996242372056035,0.0
2533,1681650240000.0,0.0,0.0,61.0,1.710134206645641,0.0,0.0,1.70265,0.9670240820371391,1.0,2086.520539465377,1000.0,2086.0640028599933,1000.0,0.049996242372056035,0.0
2534,1681653840000.0,0.0,0.0,52.4,1.7093032058656181,0.0,0.0,1.731,0.9670240820371391,1.0,2086.931554325351,1000.0,2088.0684663379925,1000.0,0.04291826811556029,0.0
2535,1681657440000.0,0.0,0.0,26.9,1.7093032058656181,0.0,0.0,1.71785,0.9670240820371391,1.0,2087.6241948297775,1000.0,2087.8541035919925,1000.0,0.02202515967752247,0.0
2536,1681661040000.0,0.0,0.0,52.3,1.7107548563571333,0.0,0.0,1.73575,0.9670240820371391,1.0,2087.7586758754705,1000.0,2089.0659218879923,1000.0,0.04285575723926,0.0
2537,1681664640000.0,0.0,0.0,12.6,1.7107548563571333,0.0,0.0,1.7491,0.9670240820371391,1.0,2089.385676502092,1000.0,2089.868825311992,1000.0,0.010316674146147425,0.0
2538,1681668240000.0,0.0,0.0,10.1,1.7107548563571333,0.0,0.0,1.7562,0.9670240820371391,1.0,2089.511158711199,1000.0,2089.970154661992,1000.0,0.008269218365823144,0.0
2539,1681671840000.0,0.0,0.0,6.8,1.7107548563571333,0.0,0.0,1.76705,0.9670240820371391,1.0,2089.6500805712208,1000.0,2090.0328875479922,1000.0,0.005567024417814731,0.0
2540,1681675440000.0,0.0,0.0,60.1,1.736956653183979,0.0,0.0,1.73765,0.9670240820371391,1.0,2089.952386882349,1000.0,2089.994057025992,1000.0,0.04994903018440568,0.0
2541,1681679040000.0,0.0,0.0,43.0,1.736956653183979,0.0,0.0,1.7623,0.9670240820371391,1.0,2090.3899789969028,1000.0,2091.4797429099917,1000.0,0.03572976183264691,0.0
2542,1681682640000.0,0.0,0.0,20.1,1.736956653183979,0.0,0.0,1.75805,0.9670240820371391,1.0,2090.7813964869893,1000.0,2091.2053727579914,1000.0,0.01669845962263671,0.0
2543,1681686240000.0,0.0,0.0,11.7,1.736956653183979,0.0,0.0,1.78245,0.9670240820371391,1.0,2091.066904816243,1000.0,2091.5991769739903,1000.0,0.009718671743809377,0.0
2544,1681689840000.0,0.0,0.0,8.2,1.736956653183979,0.0,0.0,1.7782,0.9670240820371391,1.0,2091.185866620099,1000.0,2091.5240620639906,1000.0,0.006810989297249361,0.0
2545,1681693440000.0,0.0,0.0,51.1,1.7530879346806956,0.0,0.0,1.7418,0.9670240820371391,1.0,2091.3582449901737,1000.0,2090.78143152799,1000.0,0.04283474324725482,0.0
2546,1681697040000.0,0.0,0.0,2.8,1.7530879346806956,0.0,0.0,1.8095,0.9670240820371391,1.0,2094.103200427095,1000.0,2094.261154209989,1000.0,0.002344032622702082,0.0
2547,1681700640000.0,0.0,0.0,0.0,1.7530879346806956,0.0,0.0,1.91075,0.9670240820371391,1.0,2094.3019725219915,1000.0,2094.3019725219915,1000.0,0.0,0.0
2548,1681704240000.0,0.0,0.0,0.0,1.7530879346806956,0.0,0.0,1.93785,0.9670240820371391,1.0,2094.3019725219915,1000.0,2094.3019725219915,1000.0,0.0,0.0
2549,1681707840000.0,0.0,0.0,0.0,1.7530879346806956,0.0,0.0,1.94445,0.9670240820371391,1.0,2094.3019725219915,1000.0,2094.3019725219915,1000.0,0.0,0.0
2550,1681711440000.0,0.0,0.0,0.0,1.7530879346806956,0.0,0.0,1.96065,0.9670240820371391,1.0,2094.3019725219915,1000.0,2094.3019725219915,1000.0,0.0,0.0
2551,1681715040000.0,0.0,0.0,0.0,1.7530879346806956,0.0,0.0,1.90845,0.9670240820371391,1.0,2094.3019725219915,1000.0,2094.3019725219915,1000.0,0.0,0.0
2552,1681718640000.0,0.0,0.0,56.0,1.8715,0.0,0.0,1.87325,0.9670240820371391,1.0,2094.2810117219915,1000.0,2094.3790117219914,1000.0,0.05004295002122302,0.0
2553,1681722240000.0,0.0,0.0,2.9,1.8715,0.0,0.0,1.9182,0.9670240820371391,1.0,2096.0944396579907,1000.0,2096.2298696579905,1000.0,0.0025892678771122324,0.0
2554,1681725840000.0,0.0,0.0,1.5,1.8715,0.0,0.0,1.92375,0.9670240820371391,1.0,2096.1804683239907,1000.0,2096.2588433239907,1000.0,0.0013392215233474375,0.0
2555,1681729440000.0,0.0,0.0,0.0,1.8715,0.0,0.0,1.9336,0.9670240820371391,1.0,2096.2737980919906,1000.0,2096.2737980919906,1000.0,0.0,0.0
2556,1681733040000.0,0.0,0.0,0.0,1.8715,0.0,0.0,1.94215,0.9670240820371391,1.0,2096.2737980919906,1000.0,2096.2737980919906,1000.0,0.0,0.0
2557,1681736640000.0,0.0,0.0,39.4,1.9059,0.0,0.0,1.92915,0.9670240820371391,1.0,2096.689838175991,1000.0,2097.605888175991,1000.0,0.035814767941703025,0.0
2558,1681740240000.0,0.0,0.0,47.1,1.9071737704918033,0.0,0.0,1.91,0.9670240820371391,1.0,2097.020767190155,1000.0,2097.153882599991,1000.0,0.042835953747146875,0.0
2559,1681743840000.0,0.0,0.0,9.4,1.9071737704918033,0.0,0.0,1.93985,0.9670240820371391,1.0,2098.2721727446137,1000.0,2098.5793293019906,1000.0,0.008543902776527432,0.0
2560,1681747440000.0,0.0,0.0,1.2,1.9071737704918033,0.0,0.0,1.9293,0.9670240820371391,1.0,2098.541145630581,1000.0,2098.5676971059906,1000.0,0.0010905711948299543,0.0
2561,1681751040000.0,0.0,0.0,0.0,1.9071737704918033,0.0,0.0,1.98295,0.9670240820371391,1.0,2098.613844749991,1000.0,2098.613844749991,1000.0,0.0,0.0
2562,1681754640000.0,0.0,0.0,0.0,1.9071737704918033,0.0,0.0,2.0369,0.9670240820371391,1.0,2098.613844749991,1000.0,2098.613844749991,1000.0,0.0,0.0
2563,1681758240000.0,0.0,0.0,0.0,1.9071737704918033,0.0,0.0,2.0642,0.9670240820371391,1.0,2098.613844749991,1000.0,2098.613844749991,1000.0,0.0,0.0
2564,1681761840000.0,0.0,0.0,0.0,1.9071737704918033,0.0,0.0,2.05305,0.9670240820371391,1.0,2098.613844749991,1000.0,2098.613844749991,1000.0,0.0,0.0
2565,1681765440000.0,0.0,0.0,0.0,1.9071737704918033,0.0,0.0,2.02095,0.9670240820371391,1.0,2098.613844749991,1000.0,2098.613844749991,1000.0,0.0,0.0
2566,1681769040000.0,0.0,0.0,45.2,1.9925,0.0,0.0,1.9948,0.9670240820371391,1.0,2098.739825049991,1000.0,2098.843785049991,1000.0,0.04291194121589359,0.0
2567,1681772640000.0,0.0,0.0,45.2,1.9925,0.0,0.0,1.99975,0.9670240820371391,1.0,2098.739825049991,1000.0,2099.0675250499908,1000.0,0.04291194121589359,0.0
2568,1681776240000.0,0.0,0.0,45.2,1.9925,0.0,0.0,1.9957,0.9670240820371391,1.0,2098.739825049991,1000.0,2098.884465049991,1000.0,0.04291194121589359,0.0
2569,1681779840000.0,0.0,0.0,45.2,1.9925,0.0,0.0,1.99335,0.9670240820371391,1.0,2098.739825049991,1000.0,2098.778245049991,1000.0,0.04291194121589359,0.0
2570,1681783440000.0,0.0,0.0,38.8,1.9925,0.0,0.0,2.00005,0.9670240820371391,1.0,2098.8652490499912,1000.0,2099.158189049991,1000.0,0.03683371290033619,0.0
2571,1681787040000.0,0.0,0.0,52.8,1.9915454545454545,0.0,0.0,1.9676,0.9670240820371391,1.0,2098.8596801299914,1000.0,2097.5953601299916,1000.0,0.05010034782005407,0.0
2572,1681790640000.0,0.0,0.0,52.8,1.9915454545454545,0.0,0.0,1.9806,0.9670240820371391,1.0,2098.8596801299914,1000.0,2098.281760129991,1000.0,0.05010034782005407,0.0
2573,1681794240000.0,0.0,0.0,28.7,1.9915454545454545,0.0,0.0,1.99895,0.9670240820371391,1.0,2099.3308892454456,1000.0,2099.543399699991,1000.0,0.027226462887895864,0.0
2574,1681797840000.0,0.0,0.0,10.8,1.9894707300275483,0.0,0.0,2.018,0.9670240820371391,1.0,2101.109558626288,1000.0,2101.4176747419906,1000.0,0.01022616064739876,0.0
2575,1681801440000.0,0.0,0.0,0.0,1.9894707300275483,0.0,0.0,2.08015,0.9670240820371391,1.0,2101.78455159999,1000.0,2101.78455159999,1000.0,0.0,0.0
2576,1681805040000.0,0.0,0.0,0.0,1.9894707300275483,0.0,0.0,2.0513,0.9670240820371391,1.0,2101.78455159999,1000.0,2101.78455159999,1000.0,0.0,0.0
2577,1681808640000.0,0.0,0.0,52.1,2.0157,0.0,0.0,2.00045,0.9670240820371391,1.0,2101.7635480059903,1000.0,2100.9690230059905,1000.0,0.049966595956825816,0.0
2578,1681812240000.0,0.0,0.0,52.1,2.0157,0.0,0.0,2.02975,0.9670240820371391,1.0,2101.7635480059903,1000.0,2102.49555300599,1000.0,0.049966595956825816,0.0
2579,1681815840000.0,0.0,0.0,52.2,2.015594252873563,0.0,0.0,2.00425,0.9670240820371391,1.0,2102.0291474119904,1000.0,2101.4369774119905,1000.0,0.050053549509310596,0.0
2580,1681819440000.0,0.0,0.0,52.2,2.015594252873563,0.0,0.0,2.01775,0.9670240820371391,1.0,2102.0291474119904,1000.0,2102.1416774119903,1000.0,0.050053549509310596,0.0
2581,1681823040000.0,0.0,0.0,52.1,2.017501303858627,0.0,0.0,2.01955,0.9670240820371391,1.0,2102.975921477025,1000.0,2103.082658545991,1000.0,0.0499824162785512,0.0
2582,1681826640000.0,0.0,0.0,28.3,2.017501303858627,0.0,0.0,2.0311,0.9670240820371391,1.0,2103.4469509931896,1000.0,2103.8317940939905,1000.0,0.027143678081465436,0.0
2583,1681830240000.0,0.0,0.0,0.9,2.017501303858627,0.0,0.0,2.08375,0.9670240820371391,1.0,2104.550566381464,1000.0,2104.610190207991,1000.0,0.0008627738399247601,0.0
2584,1681833840000.0,0.0,0.0,0.0,2.017501303858627,0.0,0.0,2.11855,0.9670240820371391,1.0,2104.6314058139915,1000.0,2104.6314058139915,1000.0,0.0,0.0
2585,1681837440000.0,0.0,0.0,0.0,2.017501303858627,0.0,0.0,2.0827,0.9670240820371391,1.0,2104.6314058139915,1000.0,2104.6314058139915,1000.0,0.0,0.0
2586,1681841040000.0,0.0,0.0,51.3,2.053027680311891,0.0,0.0,2.06875,0.9670240820371391,1.0,2105.0450240459922,1000.0,2105.8515790459924,1000.0,0.05003233602935939,0.0
2587,1681844640000.0,0.0,0.0,5.2,2.053027680311891,0.0,0.0,2.0786,0.9670240820371391,1.0,2106.5141813916134,1000.0,2106.6471574539914,1000.0,0.005067966801234247,0.0
2588,1681848240000.0,0.0,0.0,51.1,2.0592831301999293,0.0,0.0,2.04665,0.9670240820371391,1.0,2106.5209417592077,1000.0,2105.8753888059914,1000.0,0.04995410483094307,0.0
2589,1681851840000.0,0.0,0.0,51.1,2.0592831301999293,0.0,0.0,2.05875,0.9670240820371391,1.0,2106.5209417592077,1000.0,2106.4936988059912,1000.0,0.04995410483094307,0.0
2590,1681855440000.0,0.0,0.0,51.1,2.0592831301999293,0.0,0.0,2.04875,0.9670240820371391,1.0,2106.5209417592077,1000.0,2105.9826988059913,1000.0,0.04995410483094307,0.0
2591,1681859040000.0,0.0,0.0,51.1,2.0592831301999293,0.0,0.0,2.0303,0.9670240820371391,1.0,2106.5209417592077,1000.0,2105.0399038059913,1000.0,0.04995410483094307,0.0
2592,1681862640000.0,0.0,0.0,51.1,2.0592831301999293,0.0,0.0,2.018,0.9670240820371391,1.0,2106.5209417592077,1000.0,2104.4113738059914,1000.0,0.04995410483094307,0.0
2593,1681866240000.0,0.0,0.0,129.3,2.01599000737213,0.0,0.0,1.9802,0.9670240820371391,1.0,2106.4898541312077,1000.0,2101.8622061779915,1000.0,0.12374496247489647,0.0
2594,1681869840000.0,0.0,0.0,129.3,2.01599000737213,0.0,0.0,1.9861,0.9670240820371391,1.0,2106.4898541312077,1000.0,2102.625076177991,1000.0,0.12374496247489647,0.0
2595,1681873440000.0,0.0,0.0,129.3,2.01599000737213,0.0,0.0,1.97605,0.9670240820371391,1.0,2106.4898541312077,1000.0,2101.3256111779915,1000.0,0.12374496247489647,0.0
2596,1681877040000.0,0.0,0.0,129.3,2.01599000737213,0.0,0.0,1.9722,0.9670240820371391,1.0,2106.4898541312077,1000.0,2100.8278061779915,1000.0,0.12374496247489647,0.0
2597,1681880640000.0,0.0,0.0,129.3,2.01599000737213,0.0,0.0,1.9581,0.9670240820371391,1.0,2106.4898541312077,1000.0,2099.0046761779913,1000.0,0.12374496247489647,0.0
2598,1681884240000.0,0.0,0.0,129.3,2.01599000737213,0.0,0.0,1.9587,0.9670240820371391,1.0,2106.4898541312077,1000.0,2099.0822561779914,1000.0,0.12374496247489647,0.0
2599,1681887840000.0,0.0,0.0,327.2,1.968637952179757,0.0,0.0,1.9415,0.9670240820371391,1.0,2106.413159965208,1000.0,2097.533622011991,1000.0,0.30579866770479913,0.0
2600,1681891440000.0,0.0,0.0,327.2,1.968637952179757,0.0,0.0,1.94,0.9670240820371391,1.0,2106.413159965208,1000.0,2097.042822011991,1000.0,0.30579866770479913,0.0
2601,1681895040000.0,0.0001857206533198674,0.0,1108.2,1.9006736491185856,0.0,0.0,1.8956,0.9670240820371391,1.0,2106.1207223252077,1000.0,2100.498104371991,1000.0,1.0000977226166703,0.0
2602,1681898640000.0,0.0,0.0,814.2,1.9006736491185856,0.0,0.0,1.8947,0.9670240820371391,1.0,2111.6015911243435,1000.0,2106.737846011991,1000.0,0.7328695392241845,0.0
2603,1681902240000.0,0.0,0.0,814.2,1.9006736491185856,0.0,0.0,1.8816,0.9670240820371391,1.0,2111.6015911243435,1000.0,2096.071826011991,1000.0,0.7328695392241845,0.0
2604,1681905840000.0,0.0,0.0,376.8,1.9006736491185856,0.0,0.0,1.92325,0.9670240820371391,1.0,2119.755781643874,1000.0,2128.2625506559907,1000.0,0.33785676500549,0.0
2605,1681909440000.0,0.0,0.0,1.1,1.9006736491185856,0.0,0.0,1.97135,0.9670240820371391,1.0,2141.9805906320203,1000.0,2142.0583346179897,1000.0,0.0009760784122761556,0.0
2606,1681913040000.0,0.0,0.0,47.4,1.9396987600431703,0.0,0.0,1.9563,0.9670240820371391,1.0,2142.1374484360354,1000.0,2142.9243472099893,1000.0,0.04292055175692507,0.0
2607,1681916640000.0,0.0,0.0,0.8,1.9396987600431703,0.0,0.0,2.0102,0.9670240820371391,1.0,2144.0673985420244,1000.0,2144.1237995339898,1000.0,0.0007237454424659129,0.0
2608,1681920240000.0,0.0,0.0,0.0,1.9396987600431703,0.0,0.0,1.9964,0.9670240820371391,1.0,2144.1261473679897,1000.0,2144.1261473679897,1000.0,0.0,0.0
2609,1681923840000.0,0.0,0.0,0.0,1.9396987600431703,0.0,0.0,1.99385,0.9670240820371391,1.0,2144.1261473679897,1000.0,2144.1261473679897,1000.0,0.0,0.0
2610,1681927440000.0,0.0,0.0,54.4,1.9714,0.0,0.0,1.9748,0.9670240820371391,1.0,2144.10469853599,1000.0,2144.28965853599,1000.0,0.05001815446476428,0.0
2611,1681931040000.0,0.0,0.0,54.4,1.9714,0.0,0.0,1.94545,0.9670240820371391,1.0,2144.10469853599,1000.0,2142.6930185359897,1000.0,0.05001815446476428,0.0
2612,1681934640000.0,0.0,0.0,54.4,1.9714,0.0,0.0,1.90965,0.9670240820371391,1.0,2144.10469853599,1000.0,2140.74549853599,1000.0,0.05001815446476428,0.0
2613,1681938240000.0,0.0,0.0,137.6,1.9299813953488374,0.0,0.0,1.88225,0.9670240820371391,1.0,2144.0730342799898,1000.0,2137.5051942799896,1000.0,0.12386025837463166,0.0
2614,1681941840000.0,0.0,0.0,172.9,1.8846307869040784,0.0,0.0,1.92075,0.9670240820371391,1.0,2149.5465158177053,1000.0,2155.79152776199,1000.0,0.15159135224936413,0.0
2615,1681945440000.0,0.0,0.0,59.7,1.8846307869040784,0.0,0.0,1.8927,0.9670240820371391,1.0,2153.5397553561634,1000.0,2154.02148737799,1000.0,0.052245359157331,0.0
2616,1681949040000.0,0.0,0.0,23.1,1.9016848061112175,0.0,0.0,1.9547,0.9670240820371391,1.0,2155.541549818159,1000.0,2156.7662007969902,1000.0,0.020379527838317455,0.0
2617,1681952640000.0,0.0,0.0,1.1,1.9016848061112175,0.0,0.0,1.9703,0.9670240820371391,1.0,2156.4944443797112,1000.0,2156.569921092989,1000.0,0.0009700248902445168,0.0
2618,1681956240000.0,0.0,0.0,55.7,1.936,0.0,0.0,1.9421,0.9670240820371391,1.0,2156.554649240989,1000.0,2156.894419240989,1000.0,0.05000346271677056,0.0
2619,1681959840000.0,0.0,0.0,55.7,1.936,0.0,0.0,1.90695,0.9670240820371391,1.0,2156.554649240989,1000.0,2154.936564240989,1000.0,0.05000346271677056,0.0
2620,1681963440000.0,0.0,0.0,47.8,1.936,0.0,0.0,1.92285,0.9670240820371391,1.0,2156.704819708989,1000.0,2156.076249708989,1000.0,0.04290842175262854,0.0
2621,1681967040000.0,0.0,0.0,14.7,1.936,0.0,0.0,1.97785,0.9670240820371391,1.0,2158.091753382989,1000.0,2158.7069483829887,1000.0,0.013187205759619734,0.0
2622,1681970640000.0,0.0,0.0,3.6,1.936,0.0,0.0,1.99,0.9670240820371391,1.0,2158.680676794989,1000.0,2158.8750767949887,1000.0,0.003228638712024709,0.0
2623,1681974240000.0,0.0,0.0,0.0,1.936,0.0,0.0,2.06505,0.9670240820371391,1.0,2158.9172852649904,1000.0,2158.9172852649904,1000.0,0.0,0.0
2624,1681977840000.0,0.0,0.0,0.0,1.936,0.0,0.0,1.99875,0.9670240820371391,1.0,2158.9172852649904,1000.0,2158.9172852649904,1000.0,0.0,0.0
2625,1681981440000.0,0.0,0.0,0.0,1.936,0.0,0.0,2.00625,0.9670240820371391,1.0,2158.9172852649904,1000.0,2158.9172852649904,1000.0,0.0,0.0
2626,1681985040000.0,0.0,0.0,0.0,1.936,0.0,0.0,2.04585,0.9670240820371391,1.0,2158.9172852649904,1000.0,2158.9172852649904,1000.0,0.0,0.0
2627,1681988640000.0,0.0,0.0,0.0,1.936,0.0,0.0,2.02095,0.9670240820371391,1.0,2158.9172852649904,1000.0,2158.9172852649904,1000.0,0.0,0.0
2628,1681992240000.0,0.0,0.0,0.0,1.936,0.0,0.0,2.06115,0.9670240820371391,1.0,2158.9172852649904,1000.0,2158.9172852649904,1000.0,0.0,0.0
2629,1681995840000.0,0.0,0.0,0.0,1.936,0.0,0.0,2.0524,0.9670240820371391,1.0,2158.9172852649904,1000.0,2158.9172852649904,1000.0,0.0,0.0
2630,1681999440000.0,0.0,0.0,0.0,1.936,0.0,0.0,2.13945,0.9670240820371391,1.0,2158.9172852649904,1000.0,2158.9172852649904,1000.0,0.0,0.0
2631,1682003040000.0,0.0,0.0,0.0,1.936,0.0,0.0,2.1689,0.9670240820371391,1.0,2158.9172852649904,1000.0,2158.9172852649904,1000.0,0.0,0.0
2632,1682006640000.0,0.0,0.0,0.0,1.936,0.0,0.0,2.09165,0.9670240820371391,1.0,2158.9172852649904,1000.0,2158.9172852649904,1000.0,0.0,0.0
2633,1682010240000.0,0.0,0.0,52.1,2.0738,0.0,0.0,2.07125,0.9670240820371391,1.0,2158.8956762689904,1000.0,2158.7628212689906,1000.0,0.0500464108514607,0.0
2634,1682013840000.0,0.0,0.0,52.1,2.073909980806142,0.0,0.0,2.062,0.9670240820371391,1.0,2159.2770318349912,1000.0,2158.656521834991,1000.0,0.05004022568988132,0.0
2635,1682017440000.0,0.0,0.0,333.5,1.9825833583208394,0.0,0.0,1.90145,0.9670240820371391,1.0,2159.1664036669913,1000.0,2132.1084286669916,1000.0,0.3062253788670823,0.0
2636,1682021040000.0,0.0,0.0,333.5,1.9825833583208394,0.0,0.0,1.92505,0.9670240820371391,1.0,2159.1664036669913,1000.0,2139.9790286669913,1000.0,0.3062253788670823,0.0
2637,1682024640000.0,0.0,0.0,575.6,1.914132845744681,0.0,0.0,1.95115,0.9670240820371391,1.0,2173.97505166563,1000.0,2195.2821256549914,1000.0,0.5068019824636413,0.0
2638,1682028240000.0,0.0,0.0,244.8,1.914132845744681,0.0,0.0,1.9345,0.9670240820371391,1.0,2184.719612589289,1000.0,2189.7054919509915,1000.0,0.21448048433224157,0.0
2639,1682031840000.0,0.0,0.0,209.9,1.914132845744681,0.0,0.0,1.92525,0.9670240820371391,1.0,2185.3750518387997,1000.0,2187.708542516991,1000.0,0.1838478406641227,0.0
2640,1682035440000.0,0.0,0.0,83.4,1.914132845744681,0.0,0.0,1.9317,0.9670240820371391,1.0,2187.7507843620974,1000.0,2189.215885026991,1000.0,0.0729693164670279,0.0
2641,1682039040000.0,0.0,0.0,56.4,1.9232769283910258,0.0,0.0,1.9242,0.9670240820371391,1.0,2188.690327029245,1000.0,2188.7423882679914,1000.0,0.049560605911977626,0.0
2642,1682042640000.0,0.0,0.0,142.7,1.88289256314824,0.0,0.0,1.86985,0.9670240820371391,1.0,2188.658283839245,1000.0,2186.7971100779914,1000.0,0.1227641476722132,0.0
2643,1682046240000.0,0.0,0.0,142.7,1.88289256314824,0.0,0.0,1.8454,0.9670240820371391,1.0,2188.658283839245,1000.0,2183.3080950779913,1000.0,0.1227641476722132,0.0
2644,1682049840000.0,0.0,0.0,142.7,1.88289256314824,0.0,0.0,1.8577,0.9670240820371391,1.0,2188.658283839245,1000.0,2185.063305077991,1000.0,0.1227641476722132,0.0
2645,1682053440000.0,0.0,0.0,361.1,1.8386848207179556,0.0,0.0,1.82075,0.9670240820371391,1.0,2188.5792317752453,1000.0,2182.1029680139914,1000.0,0.30336991191436,0.0
2646,1682057040000.0,0.0,0.0,265.4,1.8386848207179556,0.0,0.0,1.85745,0.9670240820371391,1.0,2190.306019538537,1000.0,2195.2862981199914,1000.0,0.2227939598692956,0.0
2647,1682060640000.0,0.0,0.0,77.6,1.8386848207179556,0.0,0.0,1.8641,0.9670240820371391,1.0,2193.6946375317048,1000.0,2195.6668554439916,1000.0,0.0650418429468633,0.0
2648,1682064240000.0,0.0,0.0,14.8,1.8531482812610163,0.0,0.0,1.8948,0.9670240820371391,1.0,2196.7961974686536,1000.0,2197.4126429059907,1000.0,0.012484815202368991,0.0
2649,1682067840000.0,0.0,0.0,57.1,1.8651047395856566,0.0,0.0,1.82695,0.9670240820371391,1.0,2196.8764922303317,1000.0,2194.6978565999907,1000.0,0.04847677191093328,0.0
2650,1682071440000.0,0.0,0.0,144.5,1.8260289316978617,0.0,0.0,1.78525,0.9670240820371391,1.0,2196.8450194903317,1000.0,2190.9524638599905,1000.0,0.12010914665776326,0.0
2651,1682075040000.0,0.0,0.0,144.5,1.8260289316978617,0.0,0.0,1.7816,0.9670240820371391,1.0,2196.8450194903317,1000.0,2190.4250388599908,1000.0,0.12010914665776326,0.0
2652,1682078640000.0,0.0,0.0,144.5,1.8260289316978617,0.0,0.0,1.7642,0.9670240820371391,1.0,2196.8450194903317,1000.0,2187.9107388599905,1000.0,0.12010914665776326,0.0
2653,1682082240000.0,0.0,0.0,268.7,1.7833759043499482,0.0,0.0,1.78075,0.9670240820371391,1.0,2198.469326954821,1000.0,2197.7637464559903,1000.0,0.21796670056915401,0.0
2654,1682085840000.0,0.0,0.0,268.7,1.7833759043499482,0.0,0.0,1.7505,0.9670240820371391,1.0,2198.469326954821,1000.0,2189.63557145599,1000.0,0.21796670056915401,0.0
2655,1682089440000.0,0.0,0.0,268.7,1.7833759043499482,0.0,0.0,1.73435,0.9670240820371391,1.0,2198.469326954821,1000.0,2185.29606645599,1000.0,0.21796670056915401,0.0
2656,1682093040000.0,0.0,0.0,268.7,1.7833759043499482,0.0,0.0,1.71725,0.9670240820371391,1.0,2198.469326954821,1000.0,2180.70129645599,1000.0,0.21796670056915401,0.0
2657,1682096640000.0,0.0003351371079700294,0.0,1277.3,1.721250705001825,0.0,0.0,1.69635,0.9670240820371391,1.0,2198.125454870821,1000.0,2166.31978437199,1000.0,1.0001947434924887,0.0
2658,1682100240000.0,0.0003351371079700294,0.0,1277.3,1.721250705001825,0.0,0.0,1.674,0.9670240820371391,1.0,2198.125454870821,1000.0,2137.77212937199,1000.0,1.0001947434924887,0.0
2659,1682103840000.0,0.0003351371079700294,0.0,1277.3,1.721250705001825,0.0,0.0,1.672,0.9670240820371391,1.0,2198.125454870821,1000.0,2135.2175293719897,1000.0,1.0001947434924887,0.0
2660,1682107440000.0,0.0003351371079700294,0.0,1277.3,1.721250705001825,0.0,0.0,1.63985,0.9670240820371391,1.0,2198.125454870821,1000.0,2094.15233437199,1000.0,1.0001947434924887,0.0
2661,1682111040000.0,0.0003351371079700294,0.0,1277.3,1.721250705001825,0.0,0.0,1.6276,0.9670240820371391,1.0,2198.125454870821,1000.0,2078.50540937199,1000.0,1.0001947434924887,0.0
2662,1682114640000.0,0.0003351371079700294,0.0,1277.3,1.721250705001825,0.0,0.0,1.6336,0.9670240820371391,1.0,2198.125454870821,1000.0,2086.16920937199,1000.0,1.0001947434924887,0.0
2663,1682118240000.0,0.0003351371079700294,0.0,1277.3,1.721250705001825,0.0,0.0,1.64885,0.9670240820371391,1.0,2198.125454870821,1000.0,2105.64803437199,1000.0,1.0001947434924887,0.0
2664,1682121840000.0,0.0003351371079700294,0.0,1277.3,1.721250705001825,0.0,0.0,1.62605,0.9670240820371391,1.0,2198.125454870821,1000.0,2076.52559437199,1000.0,1.0001947434924887,0.0
2665,1682125440000.0,0.0,0.0,1264.1,1.721250705001825,0.0,0.0,1.64175,0.9670240820371391,1.0,2197.370631548797,1000.0,2096.87379035599,1000.0,0.9901984603567722,0.0
2666,1682129040000.0,0.0,0.0,1264.1,1.721250705001825,0.0,0.0,1.66845,0.9670240820371391,1.0,2197.370631548797,1000.0,2130.62526035599,1000.0,0.9901984603567722,0.0
2667,1682132640000.0,0.0,0.0,1264.1,1.721250705001825,0.0,0.0,1.6849,0.9670240820371391,1.0,2197.370631548797,1000.0,2151.41970535599,1000.0,0.9901984603567722,0.0
2668,1682136240000.0,0.0,0.0,1264.1,1.721250705001825,0.0,0.0,1.685,0.9670240820371391,1.0,2197.370631548797,1000.0,2151.54611535599,1000.0,0.9901984603567722,0.0
2669,1682139840000.0,0.0,0.0,1264.1,1.721250705001825,0.0,0.0,1.6933,0.9670240820371391,1.0,2197.370631548797,1000.0,2162.03814535599,1000.0,0.9901984603567722,0.0
2670,1682143440000.0,0.0,0.0,1264.1,1.721250705001825,0.0,0.0,1.683,0.9670240820371391,1.0,2197.370631548797,1000.0,2149.01791535599,1000.0,0.9901984603567722,0.0
2671,1682147040000.0,0.0,0.0,1264.1,1.721250705001825,0.0,0.0,1.66385,0.9670240820371391,1.0,2197.370631548797,1000.0,2124.81040035599,1000.0,0.9901984603567722,0.0
2672,1682150640000.0,0.0,0.0,1264.1,1.721250705001825,0.0,0.0,1.6568,0.9670240820371391,1.0,2197.370631548797,1000.0,2115.8984953559902,1000.0,0.9901984603567722,0.0
2673,1682154240000.0,0.0,0.0,1264.1,1.721250705001825,0.0,0.0,1.68895,0.9670240820371391,1.0,2197.370631548797,1000.0,2156.53931035599,1000.0,0.9901984603567722,0.0
2674,1682157840000.0,0.0,0.0,1264.1,1.721250705001825,0.0,0.0,1.71305,0.9670240820371391,1.0,2197.370631548797,1000.0,2187.00412035599,1000.0,0.9901984603567722,0.0
2675,1682161440000.0,0.0,0.0,1264.1,1.721250705001825,0.0,0.0,1.7212,0.9670240820371391,1.0,2197.370631548797,1000.0,2197.30653535599,1000.0,0.9901984603567722,0.0
2676,1682165040000.0,0.0,0.0,178.0,1.721250705001825,0.0,0.0,1.76785,0.9670240820371391,1.0,2230.1339320043157,1000.0,2238.428606513991,1000.0,0.1373830607630663,0.0
2677,1682168640000.0,0.0,0.0,43.9,1.721250705001825,0.0,0.0,1.7693,0.9670240820371391,1.0,2237.288258133572,1000.0,2239.397622183992,1000.0,0.03377432732455203,0.0
2678,1682172240000.0,0.0,0.0,11.0,1.721250705001825,0.0,0.0,1.7581,0.9670240820371391,1.0,2238.754698497012,1000.0,2239.1600407419924,1000.0,0.008457272146756968,0.0
2679,1682175840000.0,0.0,0.0,0.8,1.721250705001825,0.0,0.0,1.80615,0.9670240820371391,1.0,2239.2495902539945,1000.0,2239.317509689993,1000.0,0.0006149384016836056,0.0
2680,1682179440000.0,0.0,0.0,0.1,1.721250705001825,0.0,0.0,1.7758,0.9670240820371391,1.0,2239.296694314493,1000.0,2239.3021492439925,1000.0,7.686568329118821e-05,0.0
2681,1682183040000.0,0.0,0.0,0.0,1.721250705001825,0.0,0.0,1.7997,0.9670240820371391,1.0,2239.3034234659926,1000.0,2239.3034234659926,1000.0,0.0,0.0
2682,1682186640000.0,0.0,0.0,0.0,1.721250705001825,0.0,0.0,1.83645,0.9670240820371391,1.0,2239.3034234659926,1000.0,2239.3034234659926,1000.0,0.0,0.0
2683,1682190240000.0,0.0,0.0,0.0,1.721250705001825,0.0,0.0,1.81005,0.9670240820371391,1.0,2239.3034234659926,1000.0,2239.3034234659926,1000.0,0.0,0.0
2684,1682193840000.0,0.0,0.0,0.0,1.721250705001825,0.0,0.0,1.81505,0.9670240820371391,1.0,2239.3034234659926,1000.0,2239.3034234659926,1000.0,0.0,0.0
2685,1682197440000.0,0.0,0.0,62.8,1.783688535031847,0.0,0.0,1.78755,0.9670240820371391,1.0,2239.8583751859933,1000.0,2240.100875185993,1000.0,0.05001014405238833,0.0
2686,1682201040000.0,0.0,0.0,45.0,1.783688535031847,0.0,0.0,1.8036,0.9670240820371391,1.0,2240.3256145944265,1000.0,2241.221630517993,1000.0,0.035827820542490174,0.0
2687,1682204640000.0,0.0,0.0,15.2,1.783688535031847,0.0,0.0,1.8086,0.9670240820371391,1.0,2241.367055010477,1000.0,2241.7457092779932,1000.0,0.01209621854299868,0.0
2688,1682208240000.0,0.0,0.0,62.5,1.7927969426751593,0.0,0.0,1.7954,0.9670240820371391,1.0,2241.5048171271915,1000.0,2241.667508209994,1000.0,0.04998865407784637,0.0
2689,1682211840000.0,0.0,0.0,62.5,1.7927969426751593,0.0,0.0,1.77235,0.9670240820371391,1.0,2241.5048171271915,1000.0,2240.226883209994,1000.0,0.04998865407784637,0.0
2690,1682215440000.0,0.0,0.0,62.5,1.7927969426751593,0.0,0.0,1.7675,0.9670240820371391,1.0,2241.5048171271915,1000.0,2239.923758209994,1000.0,0.04998865407784637,0.0
2691,1682219040000.0,0.0,0.0,62.5,1.7927969426751593,0.0,0.0,1.7577,0.9670240820371391,1.0,2241.5048171271915,1000.0,2239.311258209994,1000.0,0.04998865407784637,0.0
2692,1682222640000.0,0.0,0.0,62.5,1.7927969426751593,0.0,0.0,1.757,0.9670240820371391,1.0,2241.5048171271915,1000.0,2239.267508209994,1000.0,0.04998865407784637,0.0
2693,1682226240000.0,0.0,0.0,62.5,1.7927969426751593,0.0,0.0,1.7535,0.9670240820371391,1.0,2241.5048171271915,1000.0,2239.048758209994,1000.0,0.04998865407784637,0.0
2694,1682229840000.0,0.0,0.0,62.5,1.7927969426751593,0.0,0.0,1.74265,0.9670240820371391,1.0,2241.5048171271915,1000.0,2238.370633209994,1000.0,0.04998865407784637,0.0
2695,1682233440000.0,0.0,0.0,62.5,1.7927969426751593,0.0,0.0,1.7564,0.9670240820371391,1.0,2241.5048171271915,1000.0,2239.230008209994,1000.0,0.04998865407784637,0.0
2696,1682237040000.0,0.0,0.0,62.5,1.7927969426751593,0.0,0.0,1.7509,0.9670240820371391,1.0,2241.5048171271915,1000.0,2238.886258209994,1000.0,0.04998865407784637,0.0
2697,1682240640000.0,0.0,0.0,158.1,1.7551271911271185,0.0,0.0,1.73125,0.9670240820371391,1.0,2241.4717299671915,1000.0,2237.696746049994,1000.0,0.12379616713758819,0.0
2698,1682244240000.0,0.0,0.0,158.1,1.7551271911271185,0.0,0.0,1.719,0.9670240820371391,1.0,2241.4717299671915,1000.0,2235.760021049994,1000.0,0.12379616713758819,0.0
2699,1682247840000.0,0.0,0.0,158.1,1.7551271911271185,0.0,0.0,1.72295,0.9670240820371391,1.0,2241.4717299671915,1000.0,2236.384516049994,1000.0,0.12379616713758819,0.0
2700,1682251440000.0,0.0,0.0,158.1,1.7551271911271185,0.0,0.0,1.72,0.9670240820371391,1.0,2241.4717299671915,1000.0,2235.918121049994,1000.0,0.12379616713758819,0.0
2701,1682255040000.0,0.0,0.0,158.1,1.7551271911271185,0.0,0.0,1.73,0.9670240820371391,1.0,2241.4717299671915,1000.0,2237.4991210499943,1000.0,0.12379616713758819,0.0
2702,1682258640000.0,0.0,0.0,158.1,1.7551271911271185,0.0,0.0,1.7485,0.9670240820371391,1.0,2241.4717299671915,1000.0,2240.423971049994,1000.0,0.12379616713758819,0.0
2703,1682262240000.0,0.0,0.0,158.1,1.7551271911271185,0.0,0.0,1.73305,0.9670240820371391,1.0,2241.4717299671915,1000.0,2237.981326049994,1000.0,0.12379616713758819,0.0
2704,1682265840000.0,0.0,0.0,158.1,1.7551271911271185,0.0,0.0,1.7114,0.9670240820371391,1.0,2241.4717299671915,1000.0,2234.558461049994,1000.0,0.12379616713758819,0.0
2705,1682269440000.0,0.0,0.0,400.0,1.7138667972929937,0.0,0.0,1.68345,0.9670240820371391,1.0,2241.3901177451917,1000.0,2229.223398827994,1000.0,0.30585783058901334,0.0
2706,1682273040000.0,0.0,0.0,400.0,1.7138667972929937,0.0,0.0,1.659,0.9670240820371391,1.0,2241.3901177451917,1000.0,2219.4433988279943,1000.0,0.30585783058901334,0.0
2707,1682276640000.0,0.0,0.0,400.0,1.7138667972929937,0.0,0.0,1.646,0.9670240820371391,1.0,2241.3901177451917,1000.0,2214.243398827994,1000.0,0.30585783058901334,0.0
2708,1682280240000.0,0.0,0.0,400.0,1.7138667972929937,0.0,0.0,1.65025,0.9670240820371391,1.0,2241.3901177451917,1000.0,2215.9433988279943,1000.0,0.30585783058901334,0.0
2709,1682283840000.0,0.0,0.0,400.0,1.7138667972929937,0.0,0.0,1.6546,0.9670240820371391,1.0,2241.3901177451917,1000.0,2217.683398827994,1000.0,0.30585783058901334,0.0
2710,1682287440000.0,0.0,0.0,400.0,1.7138667972929937,0.0,0.0,1.655,0.9670240820371391,1.0,2241.3901177451917,1000.0,2217.8433988279944,1000.0,0.30585783058901334,0.0
2711,1682291040000.0,0.0,0.0,400.0,1.7138667972929937,0.0,0.0,1.6756,0.9670240820371391,1.0,2241.3901177451917,1000.0,2226.083398827994,1000.0,0.30585783058901334,0.0
2712,1682294640000.0,0.0,0.0,400.0,1.7138667972929937,0.0,0.0,1.696,0.9670240820371391,1.0,2241.3901177451917,1000.0,2234.243398827994,1000.0,0.30585783058901334,0.0
2713,1682298240000.0,0.0,0.0,5.8,1.7138667972929937,0.0,0.0,1.8198,0.9670240820371391,1.0,2263.6096231742936,1000.0,2264.224035749994,1000.0,0.004391405356529521,0.0
2714,1682301840000.0,0.0,0.0,0.0,1.7138667972929937,0.0,0.0,1.7647,0.9670240820371391,1.0,2264.289191325994,1000.0,2264.289191325994,1000.0,0.0,0.0
2715,1682305440000.0,0.0,0.0,0.0,1.7138667972929937,0.0,0.0,1.78015,0.9670240820371391,1.0,2264.289191325994,1000.0,2264.289191325994,1000.0,0.0,0.0
2716,1682309040000.0,0.0,0.0,0.0,1.7138667972929937,0.0,0.0,1.787,0.9670240820371391,1.0,2264.289191325994,1000.0,2264.289191325994,1000.0,0.0,0.0
2717,1682312640000.0,0.0,0.0,0.0,1.7138667972929937,0.0,0.0,1.7714,0.9670240820371391,1.0,2264.289191325994,1000.0,2264.289191325994,1000.0,0.0,0.0
2718,1682316240000.0,0.0,0.0,0.0,1.7138667972929937,0.0,0.0,1.77055,0.9670240820371391,1.0,2264.289191325994,1000.0,2264.289191325994,1000.0,0.0,0.0
2719,1682319840000.0,0.0,0.0,64.8,1.746,0.0,0.0,1.731,0.9670240820371391,1.0,2264.2665631659943,1000.0,2263.294563165994,1000.0,0.04996796836579245,0.0
2720,1682323440000.0,0.0,0.0,55.6,1.746,0.0,0.0,1.72825,0.9670240820371391,1.0,2264.424318325994,1000.0,2263.4374183259943,1000.0,0.04287076375851939,0.0
2721,1682327040000.0,0.0,0.0,55.6,1.746,0.0,0.0,1.71415,0.9670240820371391,1.0,2264.424318325994,1000.0,2262.653458325994,1000.0,0.04287076375851939,0.0
2722,1682330640000.0,0.0,0.0,140.7,1.7097100213219616,0.0,0.0,1.70725,0.9670240820371391,1.0,2264.395622605994,1000.0,2264.049497605994,1000.0,0.10623417462852819,0.0
2723,1682334240000.0,0.0,0.0,120.6,1.7097100213219616,0.0,0.0,1.7349,0.9670240820371391,1.0,2264.734199039423,1000.0,2267.7721104679945,1000.0,0.09104425087009485,0.0
2724,1682337840000.0,0.0,0.0,27.7,1.7097100213219616,0.0,0.0,1.75915,0.9670240820371391,1.0,2268.4470325766133,1000.0,2269.816519985995,1000.0,0.02087726400947775,0.0
2725,1682341440000.0,0.0,0.0,3.7,1.7097100213219616,0.0,0.0,1.7585,0.9670240820371391,1.0,2269.8123007068866,1000.0,2269.992823627995,1000.0,0.002786982464109996,0.0
2726,1682345040000.0,0.0,0.0,0.0,1.7097100213219616,0.0,0.0,1.7999,0.9670240820371391,1.0,2270.032874065996,1000.0,2270.032874065996,1000.0,0.0,0.0
2727,1682348640000.0,0.0,0.0,0.0,1.7097100213219616,0.0,0.0,1.77295,0.9670240820371391,1.0,2270.032874065996,1000.0,2270.032874065996,1000.0,0.0,0.0
2728,1682352240000.0,0.0,0.0,64.7,1.7545,0.0,0.0,1.7558,0.9670240820371391,1.0,2270.010170835996,1000.0,2270.094280835996,1000.0,0.05000689047934725,0.0
2729,1682355840000.0,0.0,0.0,64.7,1.7545,0.0,0.0,1.7168,0.9670240820371391,1.0,2270.010170835996,1000.0,2267.570980835996,1000.0,0.05000689047934725,0.0
2730,1682359440000.0,0.0,0.0,35.0,1.7545,0.0,0.0,1.76805,0.9670240820371391,1.0,2270.522364561996,1000.0,2270.996614561996,1000.0,0.027045538488605046,0.0
2731,1682363040000.0,0.0,0.0,4.7,1.7545,0.0,0.0,1.76355,0.9670240820371391,1.0,2271.1799686179957,1000.0,2271.2225036179957,1000.0,0.0036307778837173133,0.0
2732,1682366640000.0,0.0,0.0,64.7,1.7557982998454404,0.0,0.0,1.7405,0.9670240820371391,1.0,2271.1588978179957,1000.0,2270.169097817996,1000.0,0.050018583071902524,0.0
2733,1682370240000.0,0.0,0.0,55.5,1.7557982998454404,0.0,0.0,1.7619,0.9670240820371391,1.0,2271.317570403418,1000.0,2271.656214761996,1000.0,0.04290320601188059,0.0
2734,1682373840000.0,0.0,0.0,55.5,1.7557982998454404,0.0,0.0,1.75285,0.9670240820371391,1.0,2271.317570403418,1000.0,2271.153939761996,1000.0,0.04290320601188059,0.0
2735,1682377440000.0,0.0,0.0,25.8,1.7557982998454404,0.0,0.0,1.77595,0.9670240820371391,1.0,2271.8298069020084,1000.0,2272.349720765996,1000.0,0.019939696186038414,0.0
2736,1682381040000.0,0.0,0.0,64.5,1.76072241903598,0.0,0.0,1.7649,0.9670240820371391,1.0,2272.0138350698167,1000.0,2272.283289041996,1000.0,0.049984993169872545,0.0
2737,1682384640000.0,0.0,0.0,64.5,1.7614890303064248,0.0,0.0,1.7706,0.9670240820371391,1.0,2272.41770538476,1000.0,2273.005362929996,1000.0,0.04999786887135137,0.0
2738,1682388240000.0,0.0,0.0,2.6,1.7614890303064248,0.0,0.0,1.7868,0.9670240820371391,1.0,2274.821262004792,1000.0,2274.8870705259956,1000.0,0.002013288496679726,0.0
2739,1682391840000.0,0.0,0.0,64.2,1.7705278323421763,0.0,0.0,1.7616,0.9670240820371391,1.0,2274.8283773403623,1000.0,2274.2552105039945,1000.0,0.04996767578979458,0.0
2740,1682395440000.0,0.0,0.0,64.2,1.7705278323421763,0.0,0.0,1.7636,0.9670240820371391,1.0,2274.8283773403623,1000.0,2274.3836105039945,1000.0,0.04996767578979458,0.0
2741,1682399040000.0,0.0,0.0,64.2,1.7705278323421763,0.0,0.0,1.77515,0.9670240820371391,1.0,2274.8283773403623,1000.0,2275.1251205039944,1000.0,0.04996767578979458,0.0
2742,1682402640000.0,0.0,0.0,29.9,1.7705278323421763,0.0,0.0,1.7946,0.9670240820371391,1.0,2275.4256949530263,1000.0,2276.1454527659953,1000.0,0.02326544096977156,0.0
2743,1682406240000.0,0.0,0.0,11.2,1.7705278323421763,0.0,0.0,1.80665,0.9670240820371391,1.0,2276.1831298722277,1000.0,2276.5876981499955,1000.0,0.008711914020444179,0.0
2744,1682409840000.0,0.0,0.0,0.9,1.7705278323421763,0.0,0.0,1.79415,0.9670240820371391,1.0,2276.7145588751023,1000.0,2276.735818825994,1000.0,0.0006999011109654763,0.0
2745,1682413440000.0,0.0,0.0,0.0,1.7705278323421763,0.0,0.0,1.85975,0.9670240820371391,1.0,2276.7595560659943,1000.0,2276.7595560659943,1000.0,0.0,0.0
2746,1682417040000.0,0.0,0.0,0.0,1.7705278323421763,0.0,0.0,1.8265,0.9670240820371391,1.0,2276.7595560659943,1000.0,2276.7595560659943,1000.0,0.0,0.0
2747,1682420640000.0,0.0,0.0,63.2,1.8025,0.0,0.0,1.80225,0.9670240820371391,1.0,2276.7367724659944,1000.0,2276.7209724659942,1000.0,0.05003564811605884,0.0
2748,1682424240000.0,0.0,0.0,54.2,1.8025,0.0,0.0,1.8063,0.9670240820371391,1.0,2276.8963953859943,1000.0,2277.102355385994,1000.0,0.04290731023070465,0.0
2749,1682427840000.0,0.0,0.0,54.2,1.8025,0.0,0.0,1.8059,0.9670240820371391,1.0,2276.8963953859943,1000.0,2277.0806753859943,1000.0,0.04290731023070465,0.0
2750,1682431440000.0,0.0,0.0,63.1,1.8050648177496038,0.0,0.0,1.79535,0.9670240820371391,1.0,2277.651804525994,1000.0,2277.038799525994,1000.0,0.050007463728067005,0.0
2751,1682435040000.0,0.0,0.0,63.1,1.8050648177496038,0.0,0.0,1.78085,0.9670240820371391,1.0,2277.651804525994,1000.0,2276.123849525994,1000.0,0.050007463728067005,0.0
2752,1682438640000.0,0.0,0.0,63.1,1.8050648177496038,0.0,0.0,1.78365,0.9670240820371391,1.0,2277.651804525994,1000.0,2276.300529525994,1000.0,0.050007463728067005,0.0
2753,1682442240000.0,0.0,0.0,63.1,1.8050648177496038,0.0,0.0,1.77815,0.9670240820371391,1.0,2277.651804525994,1000.0,2275.953479525994,1000.0,0.050007463728067005,0.0
2754,1682445840000.0,0.0,0.0,63.6,1.7670993738259235,0.0,0.0,1.78265,0.9670240820371391,1.0,2279.284869609322,1000.0,2280.273889433993,1000.0,0.049308237716943384,0.0
2755,1682449440000.0,0.0,0.0,63.5,1.780620947248532,0.0,0.0,1.7749,0.9670240820371391,1.0,2280.2228128502757,1000.0,2279.859532699994,1000.0,0.04958700944182956,0.0
2756,1682453040000.0,0.0,0.0,54.5,1.780620947248532,0.0,0.0,1.81055,0.9670240820371391,1.0,2280.3804870250387,1000.0,2282.0116203999937,1000.0,0.04255598667731428,0.0
2757,1682456640000.0,0.0,0.0,2.7,1.780620947248532,0.0,0.0,1.8566,0.9670240820371391,1.0,2282.566793685565,1000.0,2282.7719371279936,1000.0,0.0021062588708776766,0.0
2758,1682460240000.0,0.0,0.0,0.0,1.780620947248532,0.0,0.0,1.99465,0.9670240820371391,1.0,2282.815625623994,1000.0,2282.815625623994,1000.0,0.0,0.0
2759,1682463840000.0,0.0,0.0,0.0,1.780620947248532,0.0,0.0,2.009,0.9670240820371391,1.0,2282.815625623994,1000.0,2282.815625623994,1000.0,0.0,0.0
2760,1682467440000.0,0.0,0.0,0.0,1.780620947248532,0.0,0.0,2.0333,0.9670240820371391,1.0,2282.815625623994,1000.0,2282.815625623994,1000.0,0.0,0.0
2761,1682471040000.0,0.0,0.0,0.0,1.780620947248532,0.0,0.0,2.01165,0.9670240820371391,1.0,2282.815625623994,1000.0,2282.815625623994,1000.0,0.0,0.0
2762,1682474640000.0,0.0,0.0,0.0,1.780620947248532,0.0,0.0,2.0427,0.9670240820371391,1.0,2282.815625623994,1000.0,2282.815625623994,1000.0,0.0,0.0
2763,1682478240000.0,0.0,0.0,0.0,1.780620947248532,0.0,0.0,2.0768,0.9670240820371391,1.0,2282.815625623994,1000.0,2282.815625623994,1000.0,0.0,0.0
2764,1682481840000.0,0.0,0.0,0.0,1.780620947248532,0.0,0.0,2.04995,0.9670240820371391,1.0,2282.815625623994,1000.0,2282.815625623994,1000.0,0.0,0.0
2765,1682485440000.0,0.0,0.0,0.0,1.780620947248532,0.0,0.0,2.05445,0.9670240820371391,1.0,2282.815625623994,1000.0,2282.815625623994,1000.0,0.0,0.0
2766,1682489040000.0,0.0,0.0,0.0,1.780620947248532,0.0,0.0,2.0875,0.9670240820371391,1.0,2282.815625623994,1000.0,2282.815625623994,1000.0,0.0,0.0
2767,1682492640000.0,0.0,0.0,0.0,1.780620947248532,0.0,0.0,2.0567,0.9670240820371391,1.0,2282.815625623994,1000.0,2282.815625623994,1000.0,0.0,0.0
2768,1682496240000.0,0.0,0.0,0.0,1.780620947248532,0.0,0.0,2.08385,0.9670240820371391,1.0,2282.815625623994,1000.0,2282.815625623994,1000.0,0.0,0.0
2769,1682499840000.0,0.0,0.0,0.0,1.780620947248532,0.0,0.0,2.1154,0.9670240820371391,1.0,2282.815625623994,1000.0,2282.815625623994,1000.0,0.0,0.0
2770,1682503440000.0,0.0,0.0,0.0,1.780620947248532,0.0,0.0,2.1188,0.9670240820371391,1.0,2282.815625623994,1000.0,2282.815625623994,1000.0,0.0,0.0
2771,1682507040000.0,0.0,0.0,0.0,1.780620947248532,0.0,0.0,2.17135,0.9670240820371391,1.0,2282.815625623994,1000.0,2282.815625623994,1000.0,0.0,0.0
2772,1682510640000.0,0.0,0.0,0.0,1.780620947248532,0.0,0.0,2.1608,0.9670240820371391,1.0,2282.815625623994,1000.0,2282.815625623994,1000.0,0.0,0.0
2773,1682514240000.0,0.0,0.0,0.0,1.780620947248532,0.0,0.0,2.3282,0.9670240820371391,1.0,2282.815625623994,1000.0,2282.815625623994,1000.0,0.0,0.0
2774,1682517840000.0,0.0,0.0,0.0,1.780620947248532,0.0,0.0,2.3444,0.9670240820371391,1.0,2282.815625623994,1000.0,2282.815625623994,1000.0,0.0,0.0
2775,1682521440000.0,0.0,0.0,0.0,1.780620947248532,0.0,0.0,2.34925,0.9670240820371391,1.0,2282.815625623994,1000.0,2282.815625623994,1000.0,0.0,0.0
2776,1682525040000.0,0.0,0.0,0.0,1.780620947248532,0.0,0.0,2.40805,0.9670240820371391,1.0,2282.815625623994,1000.0,2282.815625623994,1000.0,0.0,0.0
2777,1682528640000.0,0.0,0.0,0.0,1.780620947248532,0.0,0.0,2.4013,0.9670240820371391,1.0,2282.815625623994,1000.0,2282.815625623994,1000.0,0.0,0.0
2778,1682532240000.0,0.0,0.0,0.0,1.780620947248532,0.0,0.0,2.3743,0.9670240820371391,1.0,2282.815625623994,1000.0,2282.815625623994,1000.0,0.0,0.0
2779,1682535840000.0,0.0,0.0,0.0,1.780620947248532,0.0,0.0,2.3689,0.9670240820371391,1.0,2282.815625623994,1000.0,2282.815625623994,1000.0,0.0,0.0
2780,1682539440000.0,0.0,0.0,167.0,2.2080399248015596,0.0,0.0,2.1762,0.9670240820371391,1.0,2284.0863144538553,1000.0,2278.7690470119946,1000.0,0.16143990054510265,0.0
2781,1682543040000.0,0.0,0.0,17.4,2.2540169815571516,0.0,0.0,2.3065,0.9670240820371391,1.0,2292.6820374100894,1000.0,2293.595241930995,1000.0,0.01710655679206127,0.0
2782,1682546640000.0,0.0,0.0,13.6,2.2843117666592376,0.0,0.0,2.32525,0.9670240820371391,1.0,2294.7602417455623,1000.0,2295.317001718997,1000.0,0.013538076641476965,0.0
2783,1682550240000.0,0.0,0.0,50.0,2.2922624943989303,0.0,0.0,2.29455,0.9670240820371391,1.0,2294.933190194944,1000.0,2295.0475654749976,1000.0,0.04994181321252784,0.0
2784,1682553840000.0,0.0,0.0,50.1,2.292219357163286,0.0,0.0,2.27335,0.9670240820371391,1.0,2295.223756154878,1000.0,2294.2784013609976,1000.0,0.05003442016749995,0.0
2785,1682557440000.0,0.0,0.0,2.0,2.292219357163286,0.0,0.0,2.3382,0.9670240820371391,1.0,2297.7268287993243,1000.0,2297.8187900849975,1000.0,0.001995206156304563,0.0
2786,1682561040000.0,0.0,0.0,15.7,2.3037875234758904,0.0,0.0,2.3472,0.9670240820371391,1.0,2298.802449871569,1000.0,2299.4840257529977,1000.0,0.015734046272915803,0.0
2787,1682564640000.0,0.0,0.0,49.7,2.3139395887532657,0.0,0.0,2.312,0.9670240820371391,1.0,2299.430243648036,1000.0,2299.3338460869986,1000.0,0.05001360570894548,0.0
2788,1682568240000.0,0.0,0.0,49.6,2.3145320352493854,0.0,0.0,2.3178,0.9670240820371391,1.0,2299.721499713368,1000.0,2299.883590764998,1000.0,0.04991943109749508,0.0
2789,1682571840000.0,0.0,0.0,49.6,2.3145320352493854,0.0,0.0,2.316,0.9670240820371391,1.0,2299.721499713368,1000.0,2299.7943107649985,1000.0,0.04991943109749508,0.0
2790,1682575440000.0,0.0,0.0,13.8,2.3145320352493854,0.0,0.0,2.3331,0.9670240820371391,1.0,2301.2956425954408,1000.0,2301.551880508999,1000.0,0.01387937364293552,0.0
2791,1682579040000.0,0.0,0.0,49.6,2.319994396904063,0.0,0.0,2.2837,0.9670240820371391,1.0,2301.279016359441,1000.0,2299.4788142729994,1000.0,0.0500033769344848,0.0
2792,1682582640000.0,0.0,0.0,49.6,2.319994396904063,0.0,0.0,2.2755,0.9670240820371391,1.0,2301.279016359441,1000.0,2299.0720942729995,1000.0,0.0500033769344848,0.0
2793,1682586240000.0,0.0,0.0,125.5,2.271252446903916,0.0,0.0,2.25925,0.9670240820371391,1.0,2301.245022267441,1000.0,2299.7387151809994,1000.0,0.12386433401410962,0.0
2794,1682589840000.0,0.0,0.0,125.5,2.271252446903916,0.0,0.0,2.244,0.9670240820371391,1.0,2301.245022267441,1000.0,2297.8248401809997,1000.0,0.12386433401410962,0.0
2795,1682593440000.0,0.0,0.0,125.5,2.271252446903916,0.0,0.0,2.25275,0.9670240820371391,1.0,2301.245022267441,1000.0,2298.9229651809997,1000.0,0.12386433401410962,0.0
2796,1682597040000.0,0.0,0.0,125.5,2.271252446903916,0.0,0.0,2.26715,0.9670240820371391,1.0,2301.245022267441,1000.0,2300.7301651809994,1000.0,0.12386433401410962,0.0
2797,1682600640000.0,0.0,0.0,125.5,2.271252446903916,0.0,0.0,2.23355,0.9670240820371391,1.0,2301.245022267441,1000.0,2296.5133651809997,1000.0,0.12386433401410962,0.0
2798,1682604240000.0,0.0,0.0,125.5,2.271252446903916,0.0,0.0,2.2853,0.9670240820371391,1.0,2301.245022267441,1000.0,2303.0079901809995,1000.0,0.12386433401410962,0.0
2799,1682607840000.0,0.0,0.0,48.6,2.271252446903916,0.0,0.0,2.27905,0.9670240820371391,1.0,2303.35632790453,1000.0,2303.735288985,1000.0,0.04792261951929545,0.0
2800,1682611440000.0,0.0,0.0,43.5,2.2736664623243277,0.0,0.0,2.30205,0.9670240820371391,1.0,2304.8779310601076,1000.0,2306.112614948999,1000.0,0.042910945425043846,0.0
2801,1682615040000.0,0.0,0.0,2.2,2.2736664623243277,0.0,0.0,2.3322,0.9670240820371391,1.0,2306.4548464781133,1000.0,2306.583620261,1000.0,0.002168724969730721,0.0
2802,1682618640000.0,0.0,0.0,0.3,2.2736664623243277,0.0,0.0,2.37445,0.9670240820371391,1.0,2306.614804035698,1000.0,2306.645039097001,1000.0,0.0002957147146996035,0.0
2803,1682622240000.0,0.0,0.0,0.0,2.2736664623243277,0.0,0.0,2.34045,0.9670240820371391,1.0,2306.645901429001,1000.0,2306.645901429001,1000.0,0.0,0.0
2804,1682625840000.0,0.0,0.0,14.0,2.3134,0.0,0.0,2.3514,0.9670240820371391,1.0,2307.5857875290017,1000.0,2308.117787529002,1000.0,0.0140352745172179,0.0
2805,1682629440000.0,0.0,0.0,5.7,2.3134,0.0,0.0,2.3572,0.9670240820371391,1.0,2307.774468773002,1000.0,2308.024128773002,1000.0,0.005713894567440526,0.0
2806,1682633040000.0,0.0,0.0,1.0,2.3134,0.0,0.0,2.353,0.9670240820371391,1.0,2307.9875111250017,1000.0,2308.0271111250017,1000.0,0.0010023451118556358,0.0
2807,1682636640000.0,0.0,0.0,0.1,2.3134,0.0,0.0,2.35725,0.9670240820371391,1.0,2308.0328055690006,1000.0,2308.037190569001,1000.0,0.0001002325441136733,0.0
2808,1682640240000.0,0.0,0.0,49.4,2.3355,0.0,0.0,2.3536,0.9670240820371391,1.0,2308.0142636450005,1000.0,2308.9084036450004,1000.0,0.04998829592057747,0.0
2809,1682643840000.0,0.0,0.0,19.7,2.3355,0.0,0.0,2.384,0.9670240820371391,1.0,2309.3243859229997,1000.0,2310.2798359229996,1000.0,0.019923294570680594,0.0
2810,1682647440000.0,0.0,0.0,5.5,2.3355,0.0,0.0,2.394,0.9670240820371391,1.0,2309.736589319,1000.0,2310.058339319,1000.0,0.005561348449602765,0.0
2811,1682651040000.0,0.0,0.0,1.3,2.3355,0.0,0.0,2.36805,0.9670240820371391,1.0,2310.0175309069996,1000.0,2310.0598459069997,1000.0,0.0013143406746389035,0.0
2812,1682654640000.0,0.0,0.0,0.0,2.3355,0.0,0.0,2.4037,0.9670240820371391,1.0,2310.129401176999,1000.0,2310.129401176999,1000.0,0.0,0.0
2813,1682658240000.0,0.0,0.0,0.0,2.3355,0.0,0.0,2.4383,0.9670240820371391,1.0,2310.129401176999,1000.0,2310.129401176999,1000.0,0.0,0.0
2814,1682661840000.0,0.0,0.0,0.0,2.3355,0.0,0.0,2.5212,0.9670240820371391,1.0,2310.129401176999,1000.0,2310.129401176999,1000.0,0.0,0.0
2815,1682665440000.0,0.0,0.0,0.0,2.3355,0.0,0.0,2.5379,0.9670240820371391,1.0,2310.129401176999,1000.0,2310.129401176999,1000.0,0.0,0.0
2816,1682669040000.0,0.0,0.0,0.0,2.3355,0.0,0.0,2.5573,0.9670240820371391,1.0,2310.129401176999,1000.0,2310.129401176999,1000.0,0.0,0.0
2817,1682672640000.0,0.0,0.0,0.0,2.3355,0.0,0.0,2.52965,0.9670240820371391,1.0,2310.129401176999,1000.0,2310.129401176999,1000.0,0.0,0.0
2818,1682676240000.0,0.0,0.0,0.0,2.3355,0.0,0.0,2.49695,0.9670240820371391,1.0,2310.129401176999,1000.0,2310.129401176999,1000.0,0.0,0.0
2819,1682679840000.0,0.0,0.0,0.0,2.3355,0.0,0.0,2.49175,0.9670240820371391,1.0,2310.129401176999,1000.0,2310.129401176999,1000.0,0.0,0.0
2820,1682683440000.0,0.0,0.0,46.6,2.4782,0.0,0.0,2.4791,0.9670240820371391,1.0,2310.1063043529994,1000.0,2310.1482443529994,1000.0,0.04999082500332993,0.0
2821,1682687040000.0,0.0,0.0,18.1,2.4782,0.0,0.0,2.51405,0.9670240820371391,1.0,2310.936749665,1000.0,2311.5856346650003,1000.0,0.019410059581467288,0.0
2822,1682690640000.0,0.0,0.0,46.5,2.4829225806451616,0.0,0.0,2.4498,0.9670240820371391,1.0,2311.1178204010002,1000.0,2309.5776204010003,1000.0,0.04995673478038751,0.0
2823,1682694240000.0,0.0,0.0,46.5,2.4829225806451616,0.0,0.0,2.4442,0.9670240820371391,1.0,2311.1178204010002,1000.0,2309.317220401,1000.0,0.04995673478038751,0.0
2824,1682697840000.0,0.0,0.0,46.5,2.4829225806451616,0.0,0.0,2.4735,0.9670240820371391,1.0,2311.1178204010002,1000.0,2310.6796704010003,1000.0,0.04995673478038751,0.0
2825,1682701440000.0,0.0,0.0,117.7,2.4307641461342397,0.0,0.0,2.3798,0.9670240820371391,1.0,2311.083691393,1000.0,2305.085211393,1000.0,0.12379514470441068,0.0
2826,1682705040000.0,0.0,0.0,117.7,2.4307641461342397,0.0,0.0,2.36445,0.9670240820371391,1.0,2311.083691393,1000.0,2303.2785163930002,1000.0,0.12379514470441068,0.0
2827,1682708640000.0,0.0,0.0,297.8,2.37363522498321,0.0,0.0,2.38185,0.9670240820371391,1.0,2310.999537867,1000.0,2313.445897867,1000.0,0.3058713593047377,0.0
2828,1682712240000.0,0.0,0.0,126.8,2.37363522498321,0.0,0.0,2.41905,0.9670240820371391,1.0,2317.117615970871,1000.0,2322.8762094430003,1000.0,0.1298928222086654,0.0
2829,1682715840000.0,0.0,0.0,51.1,2.37363522498321,0.0,0.0,2.39975,0.9670240820371391,1.0,2320.636201555643,1000.0,2321.9706665590006,1000.0,0.052267029151459934,0.0
2830,1682719440000.0,0.0,0.0,48.3,2.384941346591348,0.0,0.0,2.398,0.9670240820371391,1.0,2321.237829404363,1000.0,2321.868562364001,1000.0,0.04962553409269611,0.0
2831,1682723040000.0,0.0,0.0,41.4,2.39112236107869,0.0,0.0,2.37855,0.9670240820371391,1.0,2321.6906997126584,1000.0,2321.170203964001,1000.0,0.04263809376542252,0.0
2832,1682726640000.0,0.0,0.0,41.4,2.39112236107869,0.0,0.0,2.37255,0.9670240820371391,1.0,2321.6906997126584,1000.0,2320.921803964001,1000.0,0.04263809376542252,0.0
2833,1682730240000.0,0.0,0.0,41.4,2.39112236107869,0.0,0.0,2.36835,0.9670240820371391,1.0,2321.6906997126584,1000.0,2320.7479239640006,1000.0,0.04263809376542252,0.0
2834,1682733840000.0,0.0,0.0,41.4,2.39112236107869,0.0,0.0,2.3866,0.9670240820371391,1.0,2321.6906997126584,1000.0,2321.5034739640005,1000.0,0.04263809376542252,0.0
2835,1682737440000.0,0.0,0.0,41.4,2.39112236107869,0.0,0.0,2.41055,0.9670240820371391,1.0,2321.6906997126584,1000.0,2322.4950039640007,1000.0,0.04263809376542252,0.0
2836,1682741040000.0,0.0,0.0,20.6,2.39112236107869,0.0,0.0,2.42045,0.9670240820371391,1.0,2322.5264883522223,1000.0,2323.1306377140013,1000.0,0.021208421469142327,0.0
2837,1682744640000.0,0.0,0.0,3.3,2.39112236107869,0.0,0.0,2.44955,0.9670240820371391,1.0,2323.280345765561,1000.0,2323.473156974001,1000.0,0.003396363166391593,0.0
2838,1682748240000.0,0.0,0.0,0.9,2.39112236107869,0.0,0.0,2.4426,0.9670240820371391,1.0,2323.3926416669724,1000.0,2323.4389715420016,1000.0,0.0009262360938815796,0.0
2839,1682751840000.0,0.0,0.0,0.0,2.39112236107869,0.0,0.0,2.4856,0.9670240820371391,1.0,2323.4441107580037,1000.0,2323.4441107580037,1000.0,0.0,0.0
2840,1682755440000.0,0.0,0.0,0.0,2.39112236107869,0.0,0.0,2.44265,0.9670240820371391,1.0,2323.4441107580037,1000.0,2323.4441107580037,1000.0,0.0,0.0
2841,1682759040000.0,0.0,0.0,47.9,2.4263,0.0,0.0,2.38765,0.9670240820371391,1.0,2323.4208668040037,1000.0,2321.569531804004,1000.0,0.050020971947224886,0.0
2842,1682762640000.0,0.0,0.0,47.9,2.4263,0.0,0.0,2.36565,0.9670240820371391,1.0,2323.4208668040037,1000.0,2320.5157318040037,1000.0,0.050020971947224886,0.0
2843,1682766240000.0,0.0,0.0,47.9,2.4263,0.0,0.0,2.35705,0.9670240820371391,1.0,2323.4208668040037,1000.0,2320.103791804004,1000.0,0.050020971947224886,0.0
2844,1682769840000.0,0.0,0.0,121.2,2.3753165841584156,0.0,0.0,2.3524,0.9670240820371391,1.0,2323.3865330840035,1000.0,2320.6090430840036,1000.0,0.1239089432174096,0.0
2845,1682773440000.0,0.0,0.0,121.2,2.3753165841584156,0.0,0.0,2.38345,0.9670240820371391,1.0,2323.3865330840035,1000.0,2324.3723030840038,1000.0,0.1239089432174096,0.0
2846,1682777040000.0,0.0,0.0,62.0,2.3753165841584156,0.0,0.0,2.41675,0.9670240820371391,1.0,2325.394700213825,1000.0,2327.9635719960033,1000.0,0.0633310242791385,0.0
2847,1682780640000.0,0.0,0.0,10.8,2.3753165841584156,0.0,0.0,2.4195,0.9670240820371391,1.0,2328.009719888914,1000.0,2328.486900780003,1000.0,0.011019463917932008,0.0
2848,1682784240000.0,0.0,0.0,48.5,2.3939593630703278,0.0,0.0,2.40565,0.9670240820371391,1.0,2327.9916291669138,1000.0,2328.5586250580027,1000.0,0.049874332731368334,0.0
2849,1682787840000.0,0.0,0.0,48.5,2.3939593630703278,0.0,0.0,2.3859,0.9670240820371391,1.0,2327.9916291669138,1000.0,2327.6007500580026,1000.0,0.049874332731368334,0.0
2850,1682791440000.0,0.0,0.0,48.5,2.3939593630703278,0.0,0.0,2.3885,0.9670240820371391,1.0,2327.9916291669138,1000.0,2327.726850058003,1000.0,0.049874332731368334,0.0
2851,1682795040000.0,0.0,0.0,48.5,2.3939593630703278,0.0,0.0,2.39775,0.9670240820371391,1.0,2327.9916291669138,1000.0,2328.175475058003,1000.0,0.049874332731368334,0.0
2852,1682798640000.0,0.0,0.0,48.5,2.3939593630703278,0.0,0.0,2.40595,0.9670240820371391,1.0,2327.9916291669138,1000.0,2328.573175058003,1000.0,0.049874332731368334,0.0
2853,1682802240000.0,0.0,0.0,48.5,2.3939593630703278,0.0,0.0,2.388,0.9670240820371391,1.0,2327.9916291669138,1000.0,2327.7026000580026,1000.0,0.049874332731368334,0.0
2854,1682805840000.0,0.0,0.0,48.5,2.3939593630703278,0.0,0.0,2.36545,0.9670240820371391,1.0,2327.9916291669138,1000.0,2326.608925058003,1000.0,0.049874332731368334,0.0
2855,1682809440000.0,0.0,0.0,48.5,2.3939593630703278,0.0,0.0,2.3578,0.9670240820371391,1.0,2327.9916291669138,1000.0,2326.2379000580027,1000.0,0.049874332731368334,0.0
2856,1682813040000.0,0.0,0.0,48.5,2.3939593630703278,0.0,0.0,2.3648,0.9670240820371391,1.0,2327.9916291669138,1000.0,2326.5774000580027,1000.0,0.049874332731368334,0.0
2857,1682816640000.0,0.0,0.0,48.5,2.3939593630703278,0.0,0.0,2.36005,0.9670240820371391,1.0,2327.9916291669138,1000.0,2326.347025058003,1000.0,0.049874332731368334,0.0
2858,1682820240000.0,0.0,0.0,48.5,2.3939593630703278,0.0,0.0,2.3712,0.9670240820371391,1.0,2327.9916291669138,1000.0,2326.887800058003,1000.0,0.049874332731368334,0.0
2859,1682823840000.0,0.0,0.0,48.5,2.3939593630703278,0.0,0.0,2.37235,0.9670240820371391,1.0,2327.9916291669138,1000.0,2326.943575058003,1000.0,0.049874332731368334,0.0
2860,1682827440000.0,0.0,0.0,48.5,2.3939593630703278,0.0,0.0,2.40095,0.9670240820371391,1.0,2327.9916291669138,1000.0,2328.3306750580027,1000.0,0.049874332731368334,0.0
2861,1682831040000.0,0.0,0.0,17.4,2.3939593630703278,0.0,0.0,2.4415,0.9670240820371391,1.0,2329.1492779934265,1000.0,2329.976485076003,1000.0,0.017884166253744626,0.0
2862,1682834640000.0,0.0,0.0,4.4,2.3939593630703278,0.0,0.0,2.45805,0.9670240820371391,1.0,2329.9057494095123,1000.0,2330.187748212003,1000.0,0.004520964506902915,0.0
2863,1682838240000.0,0.0,0.0,3.1,2.3939593630703278,0.0,0.0,2.4336,0.9670240820371391,1.0,2329.9666574995213,1000.0,2330.089543474003,1000.0,0.0031851417279431782,0.0
2864,1682841840000.0,0.0,0.0,48.4,2.408411033585083,0.0,0.0,2.4123,0.9670240820371391,1.0,2329.9448283355214,1000.0,2330.1330543100034,1000.0,0.05002998037030423,0.0
2865,1682845440000.0,0.0,0.0,48.3,2.409134786403472,0.0,0.0,2.39495,0.9670240820371391,1.0,2330.455838843291,1000.0,2329.7707136600034,1000.0,0.04993066517022822,0.0
2866,1682849040000.0,0.0,0.0,9.9,2.409134786403472,0.0,0.0,2.50405,0.9670240820371391,1.0,2332.8593963813983,1000.0,2333.799056996004,1000.0,0.010223691330214689,0.0
2867,1682852640000.0,0.0,0.0,5.0,2.409134786403472,0.0,0.0,2.46,0.9670240820371391,1.0,2333.0905482640214,1000.0,2333.344874332004,1000.0,0.005162968895905118,0.0
2868,1682856240000.0,0.0,0.0,0.5,2.409134786403472,0.0,0.0,2.4498,0.9670240820371391,1.0,2333.232344705205,1000.0,2333.252677312003,1000.0,0.0005162655129204154,0.0
2869,1682859840000.0,0.0,0.0,0.0,2.409134786403472,0.0,0.0,2.4578,0.9670240820371391,1.0,2333.2582811620027,1000.0,2333.2582811620027,1000.0,0.0,0.0
2870,1682863440000.0,0.0,0.0,0.0,2.409134786403472,0.0,0.0,2.48955,0.9670240820371391,1.0,2333.2582811620027,1000.0,2333.2582811620027,1000.0,0.0,0.0
2871,1682867040000.0,0.0,0.0,0.0,2.409134786403472,0.0,0.0,2.5374,0.9670240820371391,1.0,2333.2582811620027,1000.0,2333.2582811620027,1000.0,0.0,0.0
2872,1682870640000.0,0.0,0.0,0.0,2.409134786403472,0.0,0.0,2.53395,0.9670240820371391,1.0,2333.2582811620027,1000.0,2333.2582811620027,1000.0,0.0,0.0
2873,1682874240000.0,0.0,0.0,0.0,2.409134786403472,0.0,0.0,2.486,0.9670240820371391,1.0,2333.2582811620027,1000.0,2333.2582811620027,1000.0,0.0,0.0
2874,1682877840000.0,0.0,0.0,47.2,2.473,0.0,0.0,2.45875,0.9670240820371391,1.0,2333.2349360420026,1000.0,2332.5623360420027,1000.0,0.05002736681030852,0.0
2875,1682881440000.0,0.0,0.0,47.2,2.473,0.0,0.0,2.45725,0.9670240820371391,1.0,2333.2349360420026,1000.0,2332.4915360420027,1000.0,0.05002736681030852,0.0
2876,1682885040000.0,0.0,0.0,47.2,2.473,0.0,0.0,2.4243,0.9670240820371391,1.0,2333.2349360420026,1000.0,2330.9362960420026,1000.0,0.05002736681030852,0.0
2877,1682888640000.0,0.0,0.0,47.2,2.473,0.0,0.0,2.43135,0.9670240820371391,1.0,2333.2349360420026,1000.0,2331.2690560420024,1000.0,0.05002736681030852,0.0
2878,1682892240000.0,0.0,0.0,47.2,2.473,0.0,0.0,2.4143,0.9670240820371391,1.0,2333.2349360420026,1000.0,2330.4642960420024,1000.0,0.05002736681030852,0.0
2879,1682895840000.0,0.0,0.0,47.2,2.473,0.0,0.0,2.40515,0.9670240820371391,1.0,2333.2349360420026,1000.0,2330.0324160420028,1000.0,0.05002736681030852,0.0
2880,1682899440000.0,0.0,0.0,119.4,2.4210571189279735,0.0,0.0,2.4129,0.9670240820371391,1.0,2333.200466318003,1000.0,2332.226506318003,1000.0,0.12389600643968016,0.0
2881,1682903040000.0,0.0,0.0,119.4,2.4210571189279735,0.0,0.0,2.4019,0.9670240820371391,1.0,2333.200466318003,1000.0,2330.9131063180025,1000.0,0.12389600643968016,0.0
2882,1682906640000.0,0.0,0.0,102.4,2.4210571189279735,0.0,0.0,2.4076,0.9670240820371391,1.0,2333.604281276227,1000.0,2332.2262722980026,1000.0,0.10623748463584466,0.0
2883,1682910240000.0,0.0,0.0,102.4,2.4210571189279735,0.0,0.0,2.3371,0.9670240820371391,1.0,2333.604281276227,1000.0,2325.0070722980026,1000.0,0.10623748463584466,0.0
2884,1682913840000.0,0.0,0.0,259.1,2.3656241952073502,0.0,0.0,2.34335,0.9670240820371391,1.0,2333.531277880227,1000.0,2327.7600339020028,1000.0,0.26266338693990476,0.0
2885,1682917440000.0,0.0,0.0,163.2,2.3656241952073502,0.0,0.0,2.37515,0.9670240820371391,1.0,2335.755960785842,1000.0,2337.3105721280026,1000.0,0.165286902886871,0.0
2886,1682921040000.0,0.0,0.0,46.4,2.3656241952073502,0.0,0.0,2.37,0.9670240820371391,1.0,2339.0036030916244,1000.0,2339.2066404340035,1000.0,0.04692808617846378,0.0
2887,1682924640000.0,0.0,0.0,34.2,2.3656241952073502,0.0,0.0,2.4031,0.9670240820371391,1.0,2339.2866180180945,1000.0,2340.568290542003,1000.0,0.034585051208746574,0.0
2888,1682928240000.0,0.0,0.0,49.1,2.374329791905908,0.0,0.0,2.3837,0.9670240820371391,1.0,2339.631557388583,1000.0,2340.091634606003,1000.0,0.04982818444828221,0.0
2889,1682931840000.0,0.0,0.0,49.1,2.374329791905908,0.0,0.0,2.36615,0.9670240820371391,1.0,2339.631557388583,1000.0,2339.229929606003,1000.0,0.04982818444828221,0.0
2890,1682935440000.0,0.0,0.0,49.1,2.374329791905908,0.0,0.0,2.35285,0.9670240820371391,1.0,2339.631557388583,1000.0,2338.5768996060033,1000.0,0.04982818444828221,0.0
2891,1682939040000.0,0.0,0.0,49.1,2.374329791905908,0.0,0.0,2.36175,0.9670240820371391,1.0,2339.631557388583,1000.0,2339.013889606003,1000.0,0.04982818444828221,0.0
2892,1682942640000.0,0.0,0.0,18.0,2.374329791905908,0.0,0.0,2.41505,0.9670240820371391,1.0,2340.69918600631,1000.0,2341.4321497520036,1000.0,0.01825861969355644,0.0
2893,1682946240000.0,0.0,0.0,3.6,2.374329791905908,0.0,0.0,2.42935,0.9670240820371391,1.0,2341.528631642865,1000.0,2341.7267043920037,1000.0,0.0036504303792621587,0.0
2894,1682949840000.0,0.0,0.0,42.0,2.3932847409718763,0.0,0.0,2.4,0.9670240820371391,1.0,2341.798135278823,1000.0,2342.080176158004,1000.0,0.04292340898497247,0.0
2895,1682953440000.0,0.0,0.0,42.0,2.3932847409718763,0.0,0.0,2.37265,0.9670240820371391,1.0,2341.798135278823,1000.0,2340.931476158004,1000.0,0.04292340898497247,0.0
2896,1682957040000.0,0.0,0.0,42.0,2.3932847409718763,0.0,0.0,2.35755,0.9670240820371391,1.0,2341.798135278823,1000.0,2340.297276158004,1000.0,0.04292340898497247,0.0
2897,1682960640000.0,0.0,0.0,269.0,2.28987973650862,0.0,0.0,2.28805,0.9670240820371391,1.0,2341.695043340823,1000.0,2341.202844220004,1000.0,0.26304776570822086,0.0
2898,1682964240000.0,0.0,0.0,269.0,2.28987973650862,0.0,0.0,2.2766,0.9670240820371391,1.0,2341.695043340823,1000.0,2338.1227942200044,1000.0,0.26304776570822086,0.0
2899,1682967840000.0,0.0,0.0,269.0,2.28987973650862,0.0,0.0,2.2311,0.9670240820371391,1.0,2341.695043340823,1000.0,2325.8832942200042,1000.0,0.26304776570822086,0.0
2900,1682971440000.0,0.0,0.0,269.0,2.28987973650862,0.0,0.0,2.23845,0.9670240820371391,1.0,2341.695043340823,1000.0,2327.860444220004,1000.0,0.26304776570822086,0.0
2901,1682975040000.0,0.0,0.0,269.0,2.28987973650862,0.0,0.0,2.22575,0.9670240820371391,1.0,2341.695043340823,1000.0,2324.444144220004,1000.0,0.26304776570822086,0.0
2902,1682978640000.0,0.0004222460594575803,0.0,1059.5,2.2102852752438116,0.0,0.0,2.1998,0.9670240820371391,1.0,2341.349879420823,1000.0,2330.240730300005,1000.0,1.0001910734076642,0.0
2903,1682982240000.0,0.0,0.0,667.3,2.2102852752438116,0.0,0.0,2.2333,0.9670240820371391,1.0,2349.8481650142003,1000.0,2365.205890844005,1000.0,0.6276675174718288,0.0
2904,1682985840000.0,0.0,0.0,667.3,2.2102852752438116,0.0,0.0,2.1716,0.9670240820371391,1.0,2349.8481650142003,1000.0,2324.0334808440048,1000.0,0.6276675174718288,0.0
2905,1682989440000.0,0.0,0.0,667.3,2.2102852752438116,0.0,0.0,2.17255,0.9670240820371391,1.0,2349.8481650142003,1000.0,2324.667415844005,1000.0,0.6276675174718288,0.0
2906,1682993040000.0,0.0,0.0,667.3,2.2102852752438116,0.0,0.0,2.14025,0.9670240820371391,1.0,2349.8481650142003,1000.0,2303.1136258440047,1000.0,0.6276675174718288,0.0
2907,1682996640000.0,0.0,0.0,667.3,2.2102852752438116,0.0,0.0,2.1468,0.9670240820371391,1.0,2349.8481650142003,1000.0,2307.484440844005,1000.0,0.6276675174718288,0.0
2908,1683000240000.0,0.0,0.0,667.3,2.2102852752438116,0.0,0.0,2.1387,0.9670240820371391,1.0,2349.8481650142003,1000.0,2302.079310844005,1000.0,0.6276675174718288,0.0
2909,1683003840000.0,0.0,0.0,667.3,2.2102852752438116,0.0,0.0,2.12765,0.9670240820371391,1.0,2349.8481650142003,1000.0,2294.7056458440047,1000.0,0.6276675174718288,0.0
2910,1683007440000.0,0.0,0.0,667.3,2.2102852752438116,0.0,0.0,2.1213,0.9670240820371391,1.0,2349.8481650142003,1000.0,2290.468290844005,1000.0,0.6276675174718288,0.0
2911,1683011040000.0,0.0,0.0,667.3,2.2102852752438116,0.0,0.0,2.11235,0.9670240820371391,1.0,2349.8481650142003,1000.0,2284.495955844005,1000.0,0.6276675174718288,0.0
2912,1683014640000.0,0.0,0.0,667.3,2.2102852752438116,0.0,0.0,2.123,0.9670240820371391,1.0,2349.8481650142003,1000.0,2291.602700844005,1000.0,0.6276675174718288,0.0
2913,1683018240000.0,0.0,0.0,667.3,2.2102852752438116,0.0,0.0,2.10905,0.9670240820371391,1.0,2349.8481650142003,1000.0,2282.293865844005,1000.0,0.6276675174718288,0.0
2914,1683021840000.0,0.0,0.0,667.3,2.2102852752438116,0.0,0.0,2.08555,0.9670240820371391,1.0,2349.8481650142003,1000.0,2266.612315844005,1000.0,0.6276675174718288,0.0
2915,1683025440000.0,0.0,0.0,667.3,2.2102852752438116,0.0,0.0,2.09565,0.9670240820371391,1.0,2349.8481650142003,1000.0,2273.352045844005,1000.0,0.6276675174718288,0.0
2916,1683029040000.0,0.0,0.0,667.3,2.2102852752438116,0.0,0.0,2.1256,0.9670240820371391,1.0,2349.8481650142003,1000.0,2293.337680844005,1000.0,0.6276675174718288,0.0
2917,1683032640000.0,0.0,0.0,667.3,2.2102852752438116,0.0,0.0,2.13685,0.9670240820371391,1.0,2349.8481650142003,1000.0,2300.844805844005,1000.0,0.6276675174718288,0.0
2918,1683036240000.0,0.0,0.0,667.3,2.2102852752438116,0.0,0.0,2.1091,0.9670240820371391,1.0,2349.8481650142003,1000.0,2282.327230844005,1000.0,0.6276675174718288,0.0
2919,1683039840000.0,0.0,0.0,667.3,2.2102852752438116,0.0,0.0,2.15625,0.9670240820371391,1.0,2349.8481650142003,1000.0,2313.790425844005,1000.0,0.6276675174718288,0.0
2920,1683043440000.0,0.0,0.0,178.8,2.2102852752438116,0.0,0.0,2.24265,0.9670240820371391,1.0,2365.6355018895983,1000.0,2371.4223146760046,1000.0,0.16705828387252408,0.0
2921,1683047040000.0,0.0,0.0,106.5,2.2102852752438116,0.0,0.0,2.1723,0.9670240820371391,1.0,2368.381240113471,1000.0,2364.335808300005,1000.0,0.09939083194316636,0.0
2922,1683050640000.0,0.0,0.0,269.5,2.1601542924432873,0.0,0.0,2.11975,0.9670240820371391,1.0,2368.311886873471,1000.0,2357.422930060005,1000.0,0.24581288682463484,0.0
2923,1683054240000.0,0.0,0.0,269.5,2.1601542924432873,0.0,0.0,2.10285,0.9670240820371391,1.0,2368.311886873471,1000.0,2352.868380060005,1000.0,0.24581288682463484,0.0
2924,1683057840000.0,0.0,0.0,269.5,2.1601542924432873,0.0,0.0,2.11835,0.9670240820371391,1.0,2368.311886873471,1000.0,2357.045630060005,1000.0,0.24581288682463484,0.0
2925,1683061440000.0,0.0,0.0,269.5,2.1601542924432873,0.0,0.0,2.1118,0.9670240820371391,1.0,2368.311886873471,1000.0,2355.2804050600053,1000.0,0.24581288682463484,0.0
2926,1683065040000.0,0.0,0.0,269.5,2.1601542924432873,0.0,0.0,2.11905,0.9670240820371391,1.0,2368.311886873471,1000.0,2357.234280060005,1000.0,0.24581288682463484,0.0
2927,1683068640000.0,0.0,0.0,269.5,2.1601542924432873,0.0,0.0,2.0969,0.9670240820371391,1.0,2368.311886873471,1000.0,2351.264855060005,1000.0,0.24581288682463484,0.0
2928,1683072240000.0,0.0003320441834624454,0.0,1135.9,2.08498267612771,0.0,0.0,2.05085,0.9670240820371391,1.0,2367.954652825471,1000.0,2329.183346012005,1000.0,1.0001592804944743,0.0
2929,1683075840000.0,0.0003320441834624454,0.0,1135.9,2.08498267612771,0.0,0.0,2.04675,0.9670240820371391,1.0,2367.954652825471,1000.0,2324.5261560120052,1000.0,1.0001592804944743,0.0
2930,1683079440000.0,0.0003320441834624454,0.0,1135.9,2.08498267612771,0.0,0.0,2.0282,0.9670240820371391,1.0,2367.954652825471,1000.0,2303.4552110120053,1000.0,1.0001592804944743,0.0
2931,1683083040000.0,0.0003320441834624454,0.0,1135.9,2.08498267612771,0.0,0.0,2.04905,0.9670240820371391,1.0,2367.954652825471,1000.0,2327.138726012005,1000.0,1.0001592804944743,0.0
2932,1683086640000.0,0.0,0.0,963.8,2.08498267612771,0.0,0.0,2.10205,0.9670240820371391,1.0,2370.981889235892,1000.0,2387.4313759840056,1000.0,0.8475418190138517,0.0
2933,1683090240000.0,0.0,0.0,82.8,2.08498267612771,0.0,0.0,2.1525,0.9670240820371391,1.0,2415.047179309378,1000.0,2420.6376137260036,1000.0,0.07148372382221642,0.0
2934,1683093840000.0,0.0,0.0,34.0,2.08498267612771,0.0,0.0,2.136,0.9670240820371391,1.0,2418.0331538983455,1000.0,2419.7677429100036,1000.0,0.02931697229794159,0.0
2935,1683097440000.0,0.0,0.0,1.3,2.08498267612771,0.0,0.0,2.1392,0.9670240820371391,1.0,2419.622004040969,1000.0,2419.692486562003,1000.0,0.0011202069887111712,0.0
2936,1683101040000.0,0.0,0.0,57.3,2.110598620309607,0.0,0.0,2.11205,0.9670240820371391,1.0,2419.606433693743,1000.0,2419.6895977500026,1000.0,0.049982219942736314,0.0
2937,1683104640000.0,0.0,0.0,49.2,2.110598620309607,0.0,0.0,2.1152,0.9670240820371391,1.0,2419.7747113532355,1000.0,2420.001099234003,1000.0,0.04291368598573392,0.0
2938,1683108240000.0,0.0,0.0,42.2,2.110598620309607,0.0,0.0,2.12955,0.9670240820371391,1.0,2419.920136491068,1000.0,2420.719884714003,1000.0,0.03680586827390705,0.0
2939,1683111840000.0,0.0,0.0,13.3,2.110598620309607,0.0,0.0,2.12765,0.9670240820371391,1.0,2420.833591936121,1000.0,2421.0603752860034,1000.0,0.011595576723498511,0.0
2940,1683115440000.0,0.0,0.0,57.1,2.1181170166395407,0.0,0.0,2.1038,0.9670240820371391,1.0,2420.815017232121,1000.0,2419.9975155820034,1000.0,0.04996023272707621,0.0
2941,1683119040000.0,0.0,0.0,57.1,2.1181170166395407,0.0,0.0,2.11145,0.9670240820371391,1.0,2420.815017232121,1000.0,2420.4343305820034,1000.0,0.04996023272707621,0.0
2942,1683122640000.0,0.0,0.0,57.1,2.119173589063893,0.0,0.0,2.0976,0.9670240820371391,1.0,2421.744338469551,1000.0,2420.512486534003,1000.0,0.049965972878878974,0.0
2943,1683126240000.0,0.0,0.0,57.1,2.119173589063893,0.0,0.0,2.08565,0.9670240820371391,1.0,2421.744338469551,1000.0,2419.830141534003,1000.0,0.049965972878878974,0.0
2944,1683129840000.0,0.0,0.0,57.1,2.119173589063893,0.0,0.0,2.1021,0.9670240820371391,1.0,2421.744338469551,1000.0,2420.769436534003,1000.0,0.049965972878878974,0.0
2945,1683133440000.0,0.0,0.0,40.9,2.119173589063893,0.0,0.0,2.1451,0.9670240820371391,1.0,2422.2489078967164,1000.0,2423.309298104003,1000.0,0.035782532302996904,0.0
2946,1683137040000.0,0.0,0.0,30.2,2.1176600293220003,0.0,0.0,2.1437,0.9670240820371391,1.0,2423.3525853995275,1000.0,2424.138992514003,1000.0,0.02639043664996883,0.0
2947,1683140640000.0,0.0,0.0,0.5,2.1176600293220003,0.0,0.0,2.1965,0.9670240820371391,1.0,2425.1960523446637,1000.0,2425.2354723300027,1000.0,0.00043659563672690716,0.0
2948,1683144240000.0,0.0,0.0,0.0,2.1176600293220003,0.0,0.0,2.1618,0.9670240820371391,1.0,2425.229173896002,1000.0,2425.229173896002,1000.0,0.0,0.0
2949,1683147840000.0,0.0,0.0,56.7,2.1386,0.0,0.0,2.13325,0.9670240820371391,1.0,2425.204922172002,1000.0,2424.9015771720024,1000.0,0.04999932949641276,0.0
2950,1683151440000.0,0.0,0.0,0.0,2.1386,0.0,0.0,2.273,0.9670240820371391,1.0,2428.605835278003,1000.0,2428.605835278003,1000.0,0.0,0.0
2951,1683155040000.0,0.0,0.0,0.0,2.1386,0.0,0.0,2.28135,0.9670240820371391,1.0,2428.605835278003,1000.0,2428.605835278003,1000.0,0.0,0.0
2952,1683158640000.0,0.0,0.0,0.0,2.1386,0.0,0.0,2.2917,0.9670240820371391,1.0,2428.605835278003,1000.0,2428.605835278003,1000.0,0.0,0.0
2953,1683162240000.0,0.0,0.0,0.0,2.1386,0.0,0.0,2.246,0.9670240820371391,1.0,2428.605835278003,1000.0,2428.605835278003,1000.0,0.0,0.0
2954,1683165840000.0,0.0,0.0,0.0,2.1386,0.0,0.0,2.27235,0.9670240820371391,1.0,2428.605835278003,1000.0,2428.605835278003,1000.0,0.0,0.0
2955,1683169440000.0,0.0,0.0,0.0,2.1386,0.0,0.0,2.23405,0.9670240820371391,1.0,2428.605835278003,1000.0,2428.605835278003,1000.0,0.0,0.0
2956,1683173040000.0,0.0,0.0,54.6,2.224510989010989,0.0,0.0,2.2185,0.9670240820371391,1.0,2428.889787426003,1000.0,2428.561587426003,1000.0,0.05000568598409502,0.0
2957,1683176640000.0,0.0,0.0,54.6,2.224510989010989,0.0,0.0,2.21975,0.9670240820371391,1.0,2428.889787426003,1000.0,2428.6298374260027,1000.0,0.05000568598409502,0.0
2958,1683180240000.0,0.0,0.0,54.6,2.224510989010989,0.0,0.0,2.23445,0.9670240820371391,1.0,2428.889787426003,1000.0,2429.4324574260027,1000.0,0.05000568598409502,0.0
2959,1683183840000.0,0.0,0.0,54.6,2.224510989010989,0.0,0.0,2.21375,0.9670240820371391,1.0,2428.889787426003,1000.0,2428.3022374260026,1000.0,0.05000568598409502,0.0
2960,1683187440000.0,0.0,0.0,54.6,2.224510989010989,0.0,0.0,2.1922,0.9670240820371391,1.0,2428.889787426003,1000.0,2427.1256074260027,1000.0,0.05000568598409502,0.0
2961,1683191040000.0,0.0,0.0,54.6,2.224510989010989,0.0,0.0,2.2097,0.9670240820371391,1.0,2428.889787426003,1000.0,2428.0811074260027,1000.0,0.05000568598409502,0.0
2962,1683194640000.0,0.0,0.0,54.6,2.224510989010989,0.0,0.0,2.2281,0.9670240820371391,1.0,2428.889787426003,1000.0,2429.085747426003,1000.0,0.05000568598409502,0.0
2963,1683198240000.0,0.0,0.0,10.5,2.224510989010989,0.0,0.0,2.26935,0.9670240820371391,1.0,2430.781490282618,1000.0,2431.2522998980025,1000.0,0.009608994258838013,0.0
2964,1683201840000.0,0.0,0.0,2.4,2.224510989010989,0.0,0.0,2.29065,0.9670240820371391,1.0,2431.309861147629,1000.0,2431.4685947740027,1000.0,0.0021958642371920196,0.0
2965,1683205440000.0,0.0,0.0,1.0,2.224510989010989,0.0,0.0,2.29105,0.9670240820371391,1.0,2431.4142019030137,1000.0,2431.4807409140026,1000.0,0.0009149041686397628,0.0
2966,1683209040000.0,0.0,0.0,54.0,2.24888684981685,0.0,0.0,2.24965,0.9670240820371391,1.0,2431.3946678681123,1000.0,2431.4358779780023,1000.0,0.049946597109464926,0.0
2967,1683212640000.0,0.0,0.0,39.7,2.24888684981685,0.0,0.0,2.28885,0.9670240820371391,1.0,2431.710109711731,1000.0,2433.296646774002,1000.0,0.03671523492095561,0.0
2968,1683216240000.0,0.0,0.0,23.0,2.24888684981685,0.0,0.0,2.26735,0.9670240820371391,1.0,2432.4458193637893,1000.0,2432.8704718180015,1000.0,0.021264357517864943,0.0
2969,1683219840000.0,0.0,0.0,53.8,2.261039357408391,0.0,0.0,2.25755,0.9670240820371391,1.0,2433.0833590445723,1000.0,2432.8956316160006,1000.0,0.04999578702323574,0.0
2970,1683223440000.0,0.0,0.0,53.8,2.261039357408391,0.0,0.0,2.25935,0.9670240820371391,1.0,2433.0833590445723,1000.0,2432.992471616001,1000.0,0.04999578702323574,0.0
2971,1683227040000.0,0.0,0.0,53.8,2.261039357408391,0.0,0.0,2.2509,0.9670240820371391,1.0,2433.0833590445723,1000.0,2432.537861616001,1000.0,0.04999578702323574,0.0
2972,1683230640000.0,0.0,0.0,53.8,2.261039357408391,0.0,0.0,2.263,0.9670240820371391,1.0,2433.0833590445723,1000.0,2433.188841616001,1000.0,0.04999578702323574,0.0
2973,1683234240000.0,0.0,0.0,53.8,2.261039357408391,0.0,0.0,2.27035,0.9670240820371391,1.0,2433.0833590445723,1000.0,2433.584271616001,1000.0,0.04999578702323574,0.0
2974,1683237840000.0,0.0,0.0,53.8,2.261039357408391,0.0,0.0,2.23865,0.9670240820371391,1.0,2433.0833590445723,1000.0,2431.878811616001,1000.0,0.04999578702323574,0.0
2975,1683241440000.0,0.0,0.0,53.8,2.261039357408391,0.0,0.0,2.24325,0.9670240820371391,1.0,2433.0833590445723,1000.0,2432.126291616001,1000.0,0.04999578702323574,0.0
2976,1683245040000.0,0.0,0.0,53.8,2.261039357408391,0.0,0.0,2.21945,0.9670240820371391,1.0,2433.0833590445723,1000.0,2430.845851616001,1000.0,0.04999578702323574,0.0
2977,1683248640000.0,0.0,0.0,53.8,2.261039357408391,0.0,0.0,2.22075,0.9670240820371391,1.0,2433.0833590445723,1000.0,2430.9157916160007,1000.0,0.04999578702323574,0.0
2978,1683252240000.0,0.0,0.0,53.8,2.261039357408391,0.0,0.0,2.24545,0.9670240820371391,1.0,2433.0833590445723,1000.0,2432.2446516160007,1000.0,0.04999578702323574,0.0
2979,1683255840000.0,0.0,0.0,53.8,2.261039357408391,0.0,0.0,2.2082,0.9670240820371391,1.0,2433.0833590445723,1000.0,2430.2406016160007,1000.0,0.04999578702323574,0.0
2980,1683259440000.0,0.0,0.0,136.1,2.2135464175501207,0.0,0.0,2.18235,0.9670240820371391,1.0,2433.0474350945724,1000.0,2428.801602666001,1000.0,0.12382153470709514,0.0
2981,1683263040000.0,0.0,0.0,136.1,2.2135464175501207,0.0,0.0,2.1906,0.9670240820371391,1.0,2433.0474350945724,1000.0,2429.924427666001,1000.0,0.12382153470709514,0.0
2982,1683266640000.0,0.0,0.0,136.1,2.2135464175501207,0.0,0.0,2.1729,0.9670240820371391,1.0,2433.0474350945724,1000.0,2427.515457666001,1000.0,0.12382153470709514,0.0
2983,1683270240000.0,0.0,0.0,136.1,2.2135464175501207,0.0,0.0,2.1783,0.9670240820371391,1.0,2433.0474350945724,1000.0,2428.250397666001,1000.0,0.12382153470709514,0.0
2984,1683273840000.0,0.0,0.0,116.7,2.2135464175501207,0.0,0.0,2.22395,0.9670240820371391,1.0,2433.4685400781,1000.0,2434.682638150001,1000.0,0.10615336203187921,0.0
2985,1683277440000.0,0.0,0.0,63.1,2.2135464175501207,0.0,0.0,2.21185,0.9670240820371391,1.0,2434.6320053934132,1000.0,2434.524961446001,1000.0,0.05736997568338568,0.0
2986,1683281040000.0,0.0,0.0,63.1,2.2135464175501207,0.0,0.0,2.1984,0.9670240820371391,1.0,2434.6320053934132,1000.0,2433.6762664460007,1000.0,0.05736997568338568,0.0
2987,1683284640000.0,0.0,0.0,63.1,2.2135464175501207,0.0,0.0,2.16305,0.9670240820371391,1.0,2434.6320053934132,1000.0,2431.4456814460004,1000.0,0.05736997568338568,0.0
2988,1683288240000.0,0.0,0.0,63.1,2.2135464175501207,0.0,0.0,2.17125,0.9670240820371391,1.0,2434.6320053934132,1000.0,2431.9631014460006,1000.0,0.05736997568338568,0.0
2989,1683291840000.0,0.0,0.0,63.1,2.2135464175501207,0.0,0.0,2.18495,0.9670240820371391,1.0,2434.6320053934132,1000.0,2432.8275714460005,1000.0,0.05736997568338568,0.0
2990,1683295440000.0,0.0,0.0,63.1,2.2135464175501207,0.0,0.0,2.199,0.9670240820371391,1.0,2434.6320053934132,1000.0,2433.7141264460006,1000.0,0.05736997568338568,0.0
2991,1683299040000.0,0.0,0.0,63.1,2.2135464175501207,0.0,0.0,2.2102,0.9670240820371391,1.0,2434.6320053934132,1000.0,2434.4208464460007,1000.0,0.05736997568338568,0.0
2992,1683302640000.0,0.0,0.0,63.1,2.2135464175501207,0.0,0.0,2.22215,0.9670240820371391,1.0,2434.6320053934132,1000.0,2435.1748914460004,1000.0,0.05736997568338568,0.0
2993,1683306240000.0,0.0,0.0,63.1,2.2135464175501207,0.0,0.0,2.16675,0.9670240820371391,1.0,2434.6320053934132,1000.0,2431.6791514460006,1000.0,0.05736997568338568,0.0
2994,1683309840000.0,0.0,0.0,63.1,2.2135464175501207,0.0,0.0,2.14595,0.9670240820371391,1.0,2434.6320053934132,1000.0,2430.3666714460005,1000.0,0.05736997568338568,0.0
2995,1683313440000.0,0.0,0.0,159.7,2.1664583528328905,0.0,0.0,2.14605,0.9670240820371391,1.0,2434.5907436694133,1000.0,2431.3315297220006,1000.0,0.14211152319832887,0.0
2996,1683317040000.0,0.0,0.0,159.7,2.1664583528328905,0.0,0.0,2.16745,0.9670240820371391,1.0,2434.5907436694133,1000.0,2434.749109722001,1000.0,0.14211152319832887,0.0
2997,1683320640000.0,0.0,0.0,159.7,2.1664583528328905,0.0,0.0,2.13785,0.9670240820371391,1.0,2434.5907436694133,1000.0,2430.021989722001,1000.0,0.14211152319832887,0.0
2998,1683324240000.0,0.0,0.0,117.4,2.1664583528328905,0.0,0.0,2.19295,0.9670240820371391,1.0,2435.491903172582,1000.0,2438.602022550001,1000.0,0.10443155663595664,0.0
2999,1683327840000.0,0.0,0.0,54.6,2.1664583528328905,0.0,0.0,2.18885,0.9670240820371391,1.0,2436.829794822677,1000.0,2438.052378758001,1000.0,0.0485420140200163,0.0
3000,1683331440000.0,0.0,0.0,56.0,2.170579415068813,0.0,0.0,2.17405,0.9670240820371391,1.0,2437.350909945855,1000.0,2437.5452627020018,1000.0,0.049870721014297355,0.0
3001,1683335040000.0,0.0,0.0,48.0,2.1726102016685,0.0,0.0,2.1655,0.9670240820371391,1.0,2437.9511635340905,1000.0,2437.6098738540027,1000.0,0.04277579109866766,0.0
3002,1683338640000.0,0.0,0.0,48.0,2.1726102016685,0.0,0.0,2.14625,0.9670240820371391,1.0,2437.9511635340905,1000.0,2436.6858738540027,1000.0,0.04277579109866766,0.0
3003,1683342240000.0,0.0,0.0,48.0,2.1726102016685,0.0,0.0,2.1355,0.9670240820371391,1.0,2437.9511635340905,1000.0,2436.1698738540026,1000.0,0.04277579109866766,0.0
3004,1683345840000.0,0.0,0.0,48.0,2.1726102016685,0.0,0.0,2.1518,0.9670240820371391,1.0,2437.9511635340905,1000.0,2436.9522738540027,1000.0,0.04277579109866766,0.0
3005,1683349440000.0,0.0,0.0,48.0,2.1726102016685,0.0,0.0,2.1735,0.9670240820371391,1.0,2437.9511635340905,1000.0,2437.9938738540027,1000.0,0.04277579109866766,0.0
3006,1683353040000.0,0.0,0.0,48.0,2.1726102016685,0.0,0.0,2.1314,0.9670240820371391,1.0,2437.9511635340905,1000.0,2435.9730738540025,1000.0,0.04277579109866766,0.0
3007,1683356640000.0,0.0,0.0,48.0,2.1726102016685,0.0,0.0,2.1113,0.9670240820371391,1.0,2437.9511635340905,1000.0,2435.0082738540027,1000.0,0.04277579109866766,0.0
3008,1683360240000.0,0.0,0.0,121.5,2.1274756352270616,0.0,0.0,2.08775,0.9670240820371391,1.0,2437.9203229340906,1000.0,2433.0936582540025,1000.0,0.10602819429676506,0.0
3009,1683363840000.0,0.0,0.0,121.5,2.1274756352270616,0.0,0.0,2.0775,0.9670240820371391,1.0,2437.9203229340906,1000.0,2431.8482832540026,1000.0,0.10602819429676506,0.0
3010,1683367440000.0,0.0,0.0,121.5,2.1274756352270616,0.0,0.0,2.0626,0.9670240820371391,1.0,2437.9203229340906,1000.0,2430.0379332540024,1000.0,0.10602819429676506,0.0
3011,1683371040000.0,0.0,0.0,121.5,2.1274756352270616,0.0,0.0,2.07245,0.9670240820371391,1.0,2437.9203229340906,1000.0,2431.2347082540027,1000.0,0.10602819429676506,0.0
3012,1683374640000.0,0.0,0.0,121.5,2.1274756352270616,0.0,0.0,2.0619,0.9670240820371391,1.0,2437.9203229340906,1000.0,2429.9528832540027,1000.0,0.10602819429676506,0.0
3013,1683378240000.0,0.0,0.0,307.4,2.0787475591414704,0.0,0.0,2.0348,0.9670240820371391,1.0,2437.8442191920903,1000.0,2424.334739512002,1000.0,0.26211970176332966,0.0
3014,1683381840000.0,0.0,0.0,307.4,2.0787475591414704,0.0,0.0,2.03985,0.9670240820371391,1.0,2437.8442191920903,1000.0,2425.8871095120026,1000.0,0.26211970176332966,0.0
3015,1683385440000.0,0.0,0.0,307.4,2.0787475591414704,0.0,0.0,2.04465,0.9670240820371391,1.0,2437.8442191920903,1000.0,2427.3626295120025,1000.0,0.26211970176332966,0.0
3016,1683389040000.0,0.0,0.0,307.4,2.0787475591414704,0.0,0.0,2.05905,0.9670240820371391,1.0,2437.8442191920903,1000.0,2431.7891895120024,1000.0,0.26211970176332966,0.0
3017,1683392640000.0,0.0,0.0,307.4,2.0787475591414704,0.0,0.0,2.0485,0.9670240820371391,1.0,2437.8442191920903,1000.0,2428.5461195120024,1000.0,0.26211970176332966,0.0
3018,1683396240000.0,0.0,0.0,307.4,2.0787475591414704,0.0,0.0,2.06,0.9670240820371391,1.0,2437.8442191920903,1000.0,2432.0812195120025,1000.0,0.26211970176332966,0.0
3019,1683399840000.0,0.0,0.0,307.4,2.0787475591414704,0.0,0.0,2.08155,0.9670240820371391,1.0,2437.8442191920903,1000.0,2438.705689512002,1000.0,0.26211970176332966,0.0
3020,1683403440000.0,0.0,0.0,142.4,2.0787475591414704,0.0,0.0,2.0716,0.9670240820371391,1.0,2441.2155851337475,1000.0,2440.197772712002,1000.0,0.12125666173212131,0.0
3021,1683407040000.0,0.0,0.0,142.4,2.0787475591414704,0.0,0.0,2.07455,0.9670240820371391,1.0,2441.2155851337475,1000.0,2440.617852712002,1000.0,0.12125666173212131,0.0
3022,1683410640000.0,0.0,0.0,142.4,2.0787475591414704,0.0,0.0,2.08045,0.9670240820371391,1.0,2441.2155851337475,1000.0,2441.458012712002,1000.0,0.12125666173212131,0.0
3023,1683414240000.0,0.0,0.0,142.4,2.0787475591414704,0.0,0.0,2.08325,0.9670240820371391,1.0,2441.2155851337475,1000.0,2441.856732712002,1000.0,0.12125666173212131,0.0
3024,1683417840000.0,0.0,0.0,142.4,2.0787475591414704,0.0,0.0,2.07325,0.9670240820371391,1.0,2441.2155851337475,1000.0,2440.4327327120022,1000.0,0.12125666173212131,0.0
3025,1683421440000.0,0.0,0.0,142.4,2.0787475591414704,0.0,0.0,2.06435,0.9670240820371391,1.0,2441.2155851337475,1000.0,2439.165372712002,1000.0,0.12125666173212131,0.0
3026,1683425040000.0,0.0,0.0,122.1,2.0787475591414704,0.0,0.0,2.0887,0.9670240820371391,1.0,2441.6303653071755,1000.0,2442.845558336002,1000.0,0.10395311287801816,0.0
3027,1683428640000.0,0.0,0.0,122.1,2.0787475591414704,0.0,0.0,2.05045,0.9670240820371391,1.0,2441.6303653071755,1000.0,2438.175233336002,1000.0,0.10395311287801816,0.0
3028,1683432240000.0,0.0,0.0,122.1,2.0787475591414704,0.0,0.0,2.052,0.9670240820371391,1.0,2441.6303653071755,1000.0,2438.364488336002,1000.0,0.10395311287801816,0.0
3029,1683435840000.0,0.0,0.0,122.1,2.0787475591414704,0.0,0.0,2.0487,0.9670240820371391,1.0,2441.6303653071755,1000.0,2437.961558336002,1000.0,0.10395311287801816,0.0
3030,1683439440000.0,0.0,0.0,122.1,2.0787475591414704,0.0,0.0,2.04475,0.9670240820371391,1.0,2441.6303653071755,1000.0,2437.479263336002,1000.0,0.10395311287801816,0.0
3031,1683443040000.0,0.0,0.0,122.1,2.0787475591414704,0.0,0.0,2.03385,0.9670240820371391,1.0,2441.6303653071755,1000.0,2436.148373336002,1000.0,0.10395311287801816,0.0
3032,1683446640000.0,0.0,0.0,122.1,2.0787475591414704,0.0,0.0,2.0521,0.9670240820371391,1.0,2441.6303653071755,1000.0,2438.376698336002,1000.0,0.10395311287801816,0.0
3033,1683450240000.0,0.0,0.0,122.1,2.0787475591414704,0.0,0.0,2.0675,0.9670240820371391,1.0,2441.6303653071755,1000.0,2440.257038336002,1000.0,0.10395311287801816,0.0
3034,1683453840000.0,0.0,0.0,104.7,2.0787475591414704,0.0,0.0,2.08575,0.9670240820371391,1.0,2441.985891170114,1000.0,2442.719046728002,1000.0,0.0891261780950848,0.0
3035,1683457440000.0,0.0,0.0,18.8,2.0787475591414704,0.0,0.0,2.15295,0.9670240820371391,1.0,2444.4412546418625,1000.0,2445.836260530003,1000.0,0.015987479362675607,0.0
3036,1683461040000.0,0.0,0.0,1.3,2.0787475591414704,0.0,0.0,2.14295,0.9670240820371391,1.0,2445.8217391328867,1000.0,2445.9052023060026,1000.0,0.0011048932077290224,0.0
3037,1683464640000.0,0.0,0.0,0.2,2.0787475591414704,0.0,0.0,2.1821,0.9670240820371391,1.0,2445.9111715118315,1000.0,2445.931842000003,1000.0,0.0001699773551348216,0.0
3038,1683468240000.0,0.0,0.0,0.0,2.0787475591414704,0.0,0.0,2.2317,0.9670240820371391,1.0,2445.9314747720036,1000.0,2445.9314747720036,1000.0,0.0,0.0
3039,1683471840000.0,0.0,0.0,0.0,2.0787475591414704,0.0,0.0,2.223,0.9670240820371391,1.0,2445.9314747720036,1000.0,2445.9314747720036,1000.0,0.0,0.0
3040,1683475440000.0,0.0,0.0,0.0,2.0787475591414704,0.0,0.0,2.1981,0.9670240820371391,1.0,2445.9314747720036,1000.0,2445.9314747720036,1000.0,0.0,0.0
3041,1683479040000.0,0.0,0.0,0.0,2.0787475591414704,0.0,0.0,2.17725,0.9670240820371391,1.0,2445.9314747720036,1000.0,2445.9314747720036,1000.0,0.0,0.0
3042,1683482640000.0,0.0,0.0,0.0,2.0787475591414704,0.0,0.0,2.16675,0.9670240820371391,1.0,2445.9314747720036,1000.0,2445.9314747720036,1000.0,0.0,0.0
3043,1683486240000.0,0.0,0.0,0.0,2.0787475591414704,0.0,0.0,2.1626,0.9670240820371391,1.0,2445.9314747720036,1000.0,2445.9314747720036,1000.0,0.0,0.0
3044,1683489840000.0,0.0,0.0,56.7,2.1554,0.0,0.0,2.15125,0.9670240820371391,1.0,2445.9070325360035,1000.0,2445.6717275360033,1000.0,0.04996558674320794,0.0
3045,1683493440000.0,0.0,0.0,56.7,2.1554,0.0,0.0,2.1558,0.9670240820371391,1.0,2445.9070325360035,1000.0,2445.9297125360035,1000.0,0.04996558674320794,0.0
3046,1683497040000.0,0.0,0.0,56.7,2.1554,0.0,0.0,2.14855,0.9670240820371391,1.0,2445.9070325360035,1000.0,2445.5186375360036,1000.0,0.04996558674320794,0.0
3047,1683500640000.0,0.0,0.0,56.7,2.1554,0.0,0.0,2.14465,0.9670240820371391,1.0,2445.9070325360035,1000.0,2445.2975075360036,1000.0,0.04996558674320794,0.0
3048,1683504240000.0,0.0,0.0,56.7,2.1554,0.0,0.0,2.148,0.9670240820371391,1.0,2445.9070325360035,1000.0,2445.4874525360033,1000.0,0.04996558674320794,0.0
3049,1683507840000.0,0.0,0.0,56.7,2.1554,0.0,0.0,2.11155,0.9670240820371391,1.0,2445.9070325360035,1000.0,2443.4207375360033,1000.0,0.04996558674320794,0.0
3050,1683511440000.0,0.0,0.0,363.1,2.0605049297714126,0.0,0.0,2.04005,0.9670240820371391,1.0,2445.7818409040033,1000.0,2438.3546559040033,1000.0,0.3059019114000223,0.0
3051,1683515040000.0,0.0,0.0,363.1,2.0605049297714126,0.0,0.0,2.04095,0.9670240820371391,1.0,2445.7818409040033,1000.0,2438.6814459040033,1000.0,0.3059019114000223,0.0
3052,1683518640000.0,0.0,0.0,363.1,2.0605049297714126,0.0,0.0,2.0403,0.9670240820371391,1.0,2445.7818409040033,1000.0,2438.4454309040034,1000.0,0.3059019114000223,0.0
3053,1683522240000.0,0.00026720301935619144,0.0,1229.4,1.9894020009760855,0.0,0.0,1.974,0.9670240820371391,1.0,2445.4423206080032,1000.0,2426.507100608004,1000.0,1.0001343312779158,0.0
3054,1683525840000.0,0.00026720301935619144,0.0,1229.4,1.9894020009760855,0.0,0.0,1.95575,0.9670240820371391,1.0,2445.4423206080032,1000.0,2404.070550608004,1000.0,1.0001343312779158,0.0
3055,1683529440000.0,0.00026720301935619144,0.0,1229.4,1.9894020009760855,0.0,0.0,1.90045,0.9670240820371391,1.0,2445.4423206080032,1000.0,2336.0847306080036,1000.0,1.0001343312779158,0.0
3056,1683533040000.0,0.00026720301935619144,0.0,1229.4,1.9894020009760855,0.0,0.0,1.8906,0.9670240820371391,1.0,2445.4423206080032,1000.0,2323.9751406080036,1000.0,1.0001343312779158,0.0
3057,1683536640000.0,0.00026720301935619144,0.0,1229.4,1.9894020009760855,0.0,0.0,1.90065,0.9670240820371391,1.0,2445.4423206080032,1000.0,2336.3306106080036,1000.0,1.0001343312779158,0.0
3058,1683540240000.0,0.00026720301935619144,0.0,1229.4,1.9894020009760855,0.0,0.0,1.9208,0.9670240820371391,1.0,2445.4423206080032,1000.0,2361.1030206080036,1000.0,1.0001343312779158,0.0
3059,1683543840000.0,0.00026720301935619144,0.0,1229.4,1.9894020009760855,0.0,0.0,1.89425,0.9670240820371391,1.0,2445.4423206080032,1000.0,2328.4624506080036,1000.0,1.0001343312779158,0.0
3060,1683547440000.0,0.00026720301935619144,0.0,1229.4,1.9894020009760855,0.0,0.0,1.86885,0.9670240820371391,1.0,2445.4423206080032,1000.0,2297.2356906080036,1000.0,1.0001343312779158,0.0
3061,1683551040000.0,0.00026720301935619144,0.0,1229.4,1.9894020009760855,0.0,0.0,1.87425,0.9670240820371391,1.0,2445.4423206080032,1000.0,2303.874450608004,1000.0,1.0001343312779158,0.0
3062,1683554640000.0,0.00026720301935619144,0.0,1229.4,1.9894020009760855,0.0,0.0,1.88065,0.9670240820371391,1.0,2445.4423206080032,1000.0,2311.7426106080034,1000.0,1.0001343312779158,0.0
3063,1683558240000.0,0.0,0.0,1216.6,1.9894020009760855,0.0,0.0,1.90955,0.9670240820371391,1.0,2444.3391817795095,1000.0,2347.191237392004,1000.0,0.9901680145001367,0.0
3064,1683561840000.0,0.0,0.0,1216.6,1.9894020009760855,0.0,0.0,1.8741,0.9670240820371391,1.0,2444.3391817795095,1000.0,2304.062767392004,1000.0,0.9901680145001367,0.0
3065,1683565440000.0,0.0,0.0,1216.6,1.9894020009760855,0.0,0.0,1.851,0.9670240820371391,1.0,2444.3391817795095,1000.0,2275.9593073920037,1000.0,0.9901680145001367,0.0
3066,1683569040000.0,0.07569448457102448,0.0,1283.3,1.9804049593918067,0.0,0.0,1.8098,0.957914775619357,1.0,2444.3149523375096,1000.0,2225.377607950004,1000.0,1.0397406774266555,0.0
3067,1683572640000.0,0.07569448457102448,0.0,1283.3,1.9804049593918067,0.0,0.0,1.82055,0.957914775619357,1.0,2444.3149523375096,1000.0,2239.173082950004,1000.0,1.0397406774266555,0.0
3068,1683576240000.0,0.07569448457102448,0.0,1283.3,1.9804049593918067,0.0,0.0,1.8246,0.957914775619357,1.0,2444.3149523375096,1000.0,2244.370447950004,1000.0,1.0397406774266555,0.0
3069,1683579840000.0,0.07569448457102448,0.0,1283.3,1.9804049593918067,0.0,0.0,1.8318,0.957914775619357,1.0,2444.3149523375096,1000.0,2253.610207950004,1000.0,1.0397406774266555,0.0
3070,1683583440000.0,0.07569448457102448,0.0,1283.3,1.9804049593918067,0.0,0.0,1.861,0.957914775619357,1.0,2444.3149523375096,1000.0,2291.082567950004,1000.0,1.0397406774266555,0.0
3071,1683587040000.0,0.07569448457102448,0.0,1283.3,1.9804049593918067,0.0,0.0,1.8579,0.957914775619357,1.0,2444.3149523375096,1000.0,2287.1043379500043,1000.0,1.0397406774266555,0.0
3072,1683590640000.0,0.07569448457102448,0.0,1283.3,1.9804049593918067,0.0,0.0,1.8487,0.957914775619357,1.0,2444.3149523375096,1000.0,2275.297977950004,1000.0,1.0397406774266555,0.0
3073,1683594240000.0,0.07569448457102448,0.0,1283.3,1.9804049593918067,0.0,0.0,1.83875,0.957914775619357,1.0,2444.3149523375096,1000.0,2262.529142950004,1000.0,1.0397406774266555,0.0
3074,1683597840000.0,0.07569448457102448,0.0,1283.3,1.9804049593918067,0.0,0.0,1.82575,0.957914775619357,1.0,2444.3149523375096,1000.0,2245.846242950004,1000.0,1.0397406774266555,0.0
3075,1683601440000.0,0.05725944635747675,0.0,1270.0,1.9804049593918067,0.0,0.0,1.8487,0.957914775619357,1.0,2442.394801553599,1000.0,2275.1295031260042,1000.0,1.0297738501685882,0.0
3076,1683605040000.0,0.05725944635747675,0.0,1270.0,1.9804049593918067,0.0,0.0,1.82525,0.957914775619357,1.0,2442.394801553599,1000.0,2245.348003126004,1000.0,1.0297738501685882,0.0
3077,1683608640000.0,0.05725944635747675,0.0,1270.0,1.9804049593918067,0.0,0.0,1.8286,0.957914775619357,1.0,2442.394801553599,1000.0,2249.602503126004,1000.0,1.0297738501685882,0.0
3078,1683612240000.0,0.05725944635747675,0.0,1270.0,1.9804049593918067,0.0,0.0,1.8589,0.957914775619357,1.0,2442.394801553599,1000.0,2288.0835031260044,1000.0,1.0297738501685882,0.0
3079,1683615840000.0,0.05725944635747675,0.0,1270.0,1.9804049593918067,0.0,0.0,1.81615,0.957914775619357,1.0,2442.394801553599,1000.0,2233.7910031260044,1000.0,1.0297738501685882,0.0
3080,1683619440000.0,0.05725944635747675,0.0,1270.0,1.9804049593918067,0.0,0.0,1.80415,0.957914775619357,1.0,2442.394801553599,1000.0,2218.551003126004,1000.0,1.0297738501685882,0.0
3081,1683623040000.0,0.05725944635747675,0.0,1270.0,1.9804049593918067,0.0,0.0,1.79095,0.957914775619357,1.0,2442.394801553599,1000.0,2201.7870031260045,1000.0,1.0297738501685882,0.0
3082,1683626640000.0,0.05725944635747675,0.0,1270.0,1.9804049593918067,0.0,0.0,1.75645,0.957914775619357,1.0,2442.394801553599,1000.0,2157.9720031260044,1000.0,1.0297738501685882,0.0
3083,1683630240000.0,0.05725944635747675,0.0,1270.0,1.9804049593918067,0.0,0.0,1.75495,0.957914775619357,1.0,2442.394801553599,1000.0,2156.0670031260042,1000.0,1.0297738501685882,0.0
3084,1683633840000.0,0.05725944635747675,0.0,1270.0,1.9804049593918067,0.0,0.0,1.7581,0.957914775619357,1.0,2442.394801553599,1000.0,2160.0675031260043,1000.0,1.0297738501685882,0.0
3085,1683637440000.0,0.05725944635747675,0.0,1270.0,1.9804049593918067,0.0,0.0,1.78275,0.957914775619357,1.0,2442.394801553599,1000.0,2191.3730031260043,1000.0,1.0297738501685882,0.0
3086,1683641040000.0,0.05725944635747675,0.0,1270.0,1.9804049593918067,0.0,0.0,1.7513,0.957914775619357,1.0,2442.394801553599,1000.0,2151.4315031260044,1000.0,1.0297738501685882,0.0
3087,1683644640000.0,0.0385040184668013,0.0,1256.2,1.9804049593918067,0.0,0.0,1.75905,0.957914775619357,1.0,2439.415961989992,1000.0,2161.3498620020046,1000.0,1.0198280034039533,0.0
3088,1683648240000.0,0.0385040184668013,0.0,1256.2,1.9804049593918067,0.0,0.0,1.7053,0.957914775619357,1.0,2439.415961989992,1000.0,2093.8291120020044,1000.0,1.0198280034039533,0.0
3089,1683651840000.0,0.0385040184668013,0.0,1256.2,1.9804049593918067,0.0,0.0,1.7306,0.957914775619357,1.0,2439.415961989992,1000.0,2125.610972002004,1000.0,1.0198280034039533,0.0
3090,1683655440000.0,0.0385040184668013,0.0,1256.2,1.9804049593918067,0.0,0.0,1.70805,0.957914775619357,1.0,2439.415961989992,1000.0,2097.2836620020043,1000.0,1.0198280034039533,0.0
3091,1683659040000.0,0.0385040184668013,0.0,1256.2,1.9804049593918067,0.0,0.0,1.7043,0.957914775619357,1.0,2439.415961989992,1000.0,2092.572912002004,1000.0,1.0198280034039533,0.0
3092,1683662640000.0,0.0385040184668013,0.0,1256.2,1.9804049593918067,0.0,0.0,1.7538,0.957914775619357,1.0,2439.415961989992,1000.0,2154.754812002004,1000.0,1.0198280034039533,0.0
3093,1683666240000.0,0.0385040184668013,0.0,1256.2,1.9804049593918067,0.0,0.0,1.7352,0.957914775619357,1.0,2439.415961989992,1000.0,2131.3894920020043,1000.0,1.0198280034039533,0.0
3094,1683669840000.0,0.0385040184668013,0.0,1256.2,1.9804049593918067,0.0,0.0,1.73755,0.957914775619357,1.0,2439.415961989992,1000.0,2134.341562002004,1000.0,1.0198280034039533,0.0
3095,1683673440000.0,0.0385040184668013,0.0,1256.2,1.9804049593918067,0.0,0.0,1.743,0.957914775619357,1.0,2439.415961989992,1000.0,2141.1878520020045,1000.0,1.0198280034039533,0.0
3096,1683677040000.0,0.0385040184668013,0.0,1256.2,1.9804049593918067,0.0,0.0,1.7284,0.957914775619357,1.0,2439.415961989992,1000.0,2122.8473320020044,1000.0,1.0198280034039533,0.0
3097,1683680640000.0,0.0385040184668013,0.0,1256.2,1.9804049593918067,0.0,0.0,1.73245,0.957914775619357,1.0,2439.415961989992,1000.0,2127.9349420020044,1000.0,1.0198280034039533,0.0
3098,1683684240000.0,0.0385040184668013,0.0,1256.2,1.9804049593918067,0.0,0.0,1.7213,0.957914775619357,1.0,2439.415961989992,1000.0,2113.9283120020045,1000.0,1.0198280034039533,0.0
3099,1683687840000.0,0.0385040184668013,0.0,1256.2,1.9804049593918067,0.0,0.0,1.69255,0.957914775619357,1.0,2439.415961989992,1000.0,2077.8125620020046,1000.0,1.0198280034039533,0.0
3100,1683691440000.0,0.0192406020983941,0.0,1241.9,1.9804049593918067,0.0,0.0,1.7281,0.957914775619357,1.0,2435.5700153226894,1000.0,2122.2324862540045,1000.0,1.009810805518079,0.0
3101,1683695040000.0,0.0192406020983941,0.0,1241.9,1.9804049593918067,0.0,0.0,1.7422,0.957914775619357,1.0,2435.5700153226894,1000.0,2139.7432762540047,1000.0,1.009810805518079,0.0
3102,1683698640000.0,0.0192406020983941,0.0,1241.9,1.9804049593918067,0.0,0.0,1.72915,0.957914775619357,1.0,2435.5700153226894,1000.0,2123.5364812540047,1000.0,1.009810805518079,0.0
3103,1683702240000.0,0.0192406020983941,0.0,1241.9,1.9804049593918067,0.0,0.0,1.72475,0.957914775619357,1.0,2435.5700153226894,1000.0,2118.0721212540047,1000.0,1.009810805518079,0.0
3104,1683705840000.0,0.0192406020983941,0.0,1241.9,1.9804049593918067,0.0,0.0,1.73,0.957914775619357,1.0,2435.5700153226894,1000.0,2124.5920962540044,1000.0,1.009810805518079,0.0
3105,1683709440000.0,0.0192406020983941,0.0,1241.9,1.9804049593918067,0.0,0.0,1.705,0.957914775619357,1.0,2435.5700153226894,1000.0,2093.544596254005,1000.0,1.009810805518079,0.0
3106,1683713040000.0,0.0192406020983941,0.0,1241.9,1.9804049593918067,0.0,0.0,1.7492,0.957914775619357,1.0,2435.5700153226894,1000.0,2148.4365762540046,1000.0,1.009810805518079,0.0
3107,1683716640000.0,0.0192406020983941,0.0,1241.9,1.9804049593918067,0.0,0.0,1.778,0.957914775619357,1.0,2435.5700153226894,1000.0,2184.2032962540047,1000.0,1.009810805518079,0.0
3108,1683720240000.0,0.0192406020983941,0.0,1241.9,1.9804049593918067,0.0,0.0,1.794,0.957914775619357,1.0,2435.5700153226894,1000.0,2204.0736962540045,1000.0,1.009810805518079,0.0
3109,1683723840000.0,0.0192406020983941,0.0,1241.9,1.9804049593918067,0.0,0.0,1.92545,0.957914775619357,1.0,2435.5700153226894,1000.0,2367.321451254005,1000.0,1.009810805518079,0.0
3110,1683727440000.0,0.0192406020983941,0.0,1241.9,1.9804049593918067,0.0,0.0,1.8764,0.957914775619357,1.0,2435.5700153226894,1000.0,2306.406256254005,1000.0,1.009810805518079,0.0
3111,1683731040000.0,0.0192406020983941,0.0,1241.9,1.9804049593918067,0.0,0.0,1.8388,0.957914775619357,1.0,2435.5700153226894,1000.0,2259.7108162540044,1000.0,1.009810805518079,0.0
3112,1683734640000.0,0.0,0.0,1228.7,1.9804049593918067,0.0,0.0,1.8505,0.957914775619357,1.0,2433.7368872427173,1000.0,2274.1226636380043,1000.0,0.9998301732450329,0.0
3113,1683738240000.0,0.0,0.0,1228.7,1.9804049593918067,0.0,0.0,1.812,0.957914775619357,1.0,2433.7368872427173,1000.0,2226.8177136380045,1000.0,0.9998301732450329,0.0
3114,1683741840000.0,0.0,0.0,1228.7,1.9804049593918067,0.0,0.0,1.7777,0.957914775619357,1.0,2433.7368872427173,1000.0,2184.6733036380047,1000.0,0.9998301732450329,0.0
3115,1683745440000.0,0.0,0.0,1228.7,1.9804049593918067,0.0,0.0,1.8161,0.957914775619357,1.0,2433.7368872427173,1000.0,2231.8553836380042,1000.0,0.9998301732450329,0.0
3116,1683749040000.0,0.0,0.0,1228.7,1.9804049593918067,0.0,0.0,1.84145,0.957914775619357,1.0,2433.7368872427173,1000.0,2263.0029286380045,1000.0,0.9998301732450329,0.0
3117,1683752640000.0,0.0,0.0,1228.7,1.9804049593918067,0.0,0.0,1.8622,0.957914775619357,1.0,2433.7368872427173,1000.0,2288.4984536380043,1000.0,0.9998301732450329,0.0
3118,1683756240000.0,0.0,0.0,1228.7,1.9804049593918067,0.0,0.0,1.8364,0.957914775619357,1.0,2433.7368872427173,1000.0,2256.7979936380043,1000.0,0.9998301732450329,0.0
3119,1683759840000.0,0.0,0.0,1228.7,1.9804049593918067,0.0,0.0,1.8569,0.957914775619357,1.0,2433.7368872427173,1000.0,2281.986343638004,1000.0,0.9998301732450329,0.0
3120,1683763440000.0,0.0,0.0,1228.7,1.9804049593918067,0.0,0.0,1.82315,0.957914775619357,1.0,2433.7368872427173,1000.0,2240.517718638004,1000.0,0.9998301732450329,0.0
3121,1683767040000.0,0.0,0.0,1228.7,1.9804049593918067,0.0,0.0,1.7737,0.957914775619357,1.0,2433.7368872427173,1000.0,2179.7585036380046,1000.0,0.9998301732450329,0.0
3122,1683770640000.0,0.0,0.0,1228.7,1.9804049593918067,0.0,0.0,1.77415,0.957914775619357,1.0,2433.7368872427173,1000.0,2180.3114186380044,1000.0,0.9998301732450329,0.0
3123,1683774240000.0,0.0,0.0,1228.7,1.9804049593918067,0.0,0.0,1.7582,0.957914775619357,1.0,2433.7368872427173,1000.0,2160.7136536380044,1000.0,0.9998301732450329,0.0
3124,1683777840000.0,0.0,0.0,1228.7,1.9804049593918067,0.0,0.0,1.7361,0.957914775619357,1.0,2433.7368872427173,1000.0,2133.5593836380044,1000.0,0.9998301732450329,0.0
3125,1683781440000.0,0.0,0.0,1228.7,1.9804049593918067,0.0,0.0,1.7364,0.957914775619357,1.0,2433.7368872427173,1000.0,2133.9279936380044,1000.0,0.9998301732450329,0.0
3126,1683785040000.0,0.0,0.0,1228.7,1.9804049593918067,0.0,0.0,1.7153,0.957914775619357,1.0,2433.7368872427173,1000.0,2108.0024236380045,1000.0,0.9998301732450329,0.0
3127,1683788640000.0,0.0,0.0,1228.7,1.9804049593918067,0.0,0.0,1.70655,0.957914775619357,1.0,2433.7368872427173,1000.0,2097.2512986380043,1000.0,0.9998301732450329,0.0
3128,1683792240000.0,0.07533306044060112,0.0,1284.6,1.9672147782759053,0.0,0.0,1.69485,0.9555491603831827,1.0,2430.3112547312317,1000.0,2080.431460558004,1000.0,1.0398191175116367,0.0
3129,1683795840000.0,0.07533306044060112,0.0,1284.6,1.9672147782759053,0.0,0.0,1.71325,0.9555150370896094,1.0,2430.3112547312317,1000.0,2104.0681005580036,1000.0,1.0398191175116367,0.0
3130,1683799440000.0,0.07533306044060112,0.0,1284.6,1.9672147782759053,0.0,0.0,1.6843,0.9550692986368049,1.0,2430.3112547312317,1000.0,2066.8789305580035,1000.0,1.0398191175116367,0.0
3131,1683803040000.0,0.07533306044060112,0.0,1284.6,1.9672147782759053,0.0,0.0,1.6984,0.9550692986368049,1.0,2430.3112547312317,1000.0,2084.9917905580037,1000.0,1.0398191175116367,0.0
3132,1683806640000.0,0.07533306044060112,0.0,1284.6,1.9672147782759053,0.0,0.0,1.68935,0.9550692986368049,1.0,2430.3112547312317,1000.0,2073.3661605580037,1000.0,1.0398191175116367,0.0
3133,1683810240000.0,0.07533306044060112,0.0,1284.6,1.9672147782759053,0.0,0.0,1.6806,0.9546213719410872,1.0,2430.3112547312317,1000.0,2062.125910558004,1000.0,1.0398191175116367,0.0
3134,1683813840000.0,0.07533306044060112,0.0,1284.6,1.9672147782759053,0.0,0.0,1.6705,0.9546213719410872,1.0,2430.3112547312317,1000.0,2049.151450558004,1000.0,1.0398191175116367,0.0
3135,1683817440000.0,0.07533306044060112,0.0,1284.6,1.9672147782759053,0.0,0.0,1.67885,0.95442646071349,1.0,2430.3112547312317,1000.0,2059.8778605580037,1000.0,1.0398191175116367,0.0
3136,1683821040000.0,0.07533306044060112,0.0,1284.6,1.9672147782759053,0.0,0.0,1.68465,0.95442646071349,1.0,2430.3112547312317,1000.0,2067.3285405580036,1000.0,1.0398191175116367,0.0
3137,1683824640000.0,0.07533306044060112,0.0,1284.6,1.9672147782759053,0.0,0.0,1.66005,0.95442646071349,1.0,2430.3112547312317,1000.0,2035.727380558004,1000.0,1.0398191175116367,0.0
3138,1683828240000.0,0.07533306044060112,0.0,1284.6,1.9672147782759053,0.0,0.0,1.64875,0.9539669658169257,1.0,2430.3112547312317,1000.0,2021.2114005580038,1000.0,1.0398191175116367,0.0
3139,1683831840000.0,0.07533306044060112,0.0,1284.6,1.9672147782759053,0.0,0.0,1.6527,0.9537521883230394,1.0,2430.3112547312317,1000.0,2026.2855705580039,1000.0,1.0398191175116367,0.0
3140,1683835440000.0,0.057101056152753266,0.0,1270.0,1.9672147782759053,0.0,0.0,1.6638,0.9537521883230394,1.0,2425.8444270964033,1000.0,2040.5076586860034,1000.0,1.0298940610139609,0.0
3141,1683839040000.0,0.057101056152753266,0.0,1270.0,1.9672147782759053,0.0,0.0,1.70235,0.9537521883230394,1.0,2425.8444270964033,1000.0,2089.4661586860034,1000.0,1.0298940610139609,0.0
3142,1683842640000.0,0.057101056152753266,0.0,1270.0,1.9672147782759053,0.0,0.0,1.71695,0.9537521883230394,1.0,2425.8444270964033,1000.0,2108.0081586860033,1000.0,1.0298940610139609,0.0
3143,1683846240000.0,0.057101056152753266,0.0,1270.0,1.9672147782759053,0.0,0.0,1.70675,0.9537521883230394,1.0,2425.8444270964033,1000.0,2095.0541586860036,1000.0,1.0298940610139609,0.0
3144,1683849840000.0,0.057101056152753266,0.0,1270.0,1.9672147782759053,0.0,0.0,1.70345,0.9537521883230394,1.0,2425.8444270964033,1000.0,2090.8631586860033,1000.0,1.0298940610139609,0.0
3145,1683853440000.0,0.057101056152753266,0.0,1270.0,1.9672147782759053,0.0,0.0,1.73235,0.9537521883230394,1.0,2425.8444270964033,1000.0,2127.5661586860037,1000.0,1.0298940610139609,0.0
3146,1683857040000.0,0.057101056152753266,0.0,1270.0,1.9672147782759053,0.0,0.0,1.6926,0.9537521883230394,1.0,2425.8444270964033,1000.0,2077.0836586860037,1000.0,1.0298940610139609,0.0
3147,1683860640000.0,0.057101056152753266,0.0,1270.0,1.9672147782759053,0.0,0.0,1.68445,0.9537521883230394,1.0,2425.8444270964033,1000.0,2066.7331586860037,1000.0,1.0298940610139609,0.0
3148,1683864240000.0,0.057101056152753266,0.0,1270.0,1.9672147782759053,0.0,0.0,1.67135,0.9537521883230394,1.0,2425.8444270964033,1000.0,2050.0961586860035,1000.0,1.0298940610139609,0.0
3149,1683867840000.0,0.057101056152753266,0.0,1270.0,1.9672147782759053,0.0,0.0,1.72035,0.9537521883230394,1.0,2425.8444270964033,1000.0,2112.3261586860035,1000.0,1.0298940610139609,0.0
3150,1683871440000.0,0.057101056152753266,0.0,1270.0,1.9672147782759053,0.0,0.0,1.6946,0.9537521883230394,1.0,2425.8444270964033,1000.0,2079.6236586860036,1000.0,1.0298940610139609,0.0
3151,1683875040000.0,0.057101056152753266,0.0,1270.0,1.9672147782759053,0.0,0.0,1.7115,0.9537521883230394,1.0,2425.8444270964033,1000.0,2101.0866586860034,1000.0,1.0298940610139609,0.0
3152,1683878640000.0,0.03840340862716697,0.0,1255.8,1.9672147782759053,0.0,0.0,1.71805,0.9537521883230394,1.0,2422.2013180048857,1000.0,2109.300189446004,1000.0,1.0199104014168896,0.0
3153,1683882240000.0,0.03840340862716697,0.0,1255.8,1.9672147782759053,0.0,0.0,1.7286,0.9537521883230394,1.0,2422.2013180048857,1000.0,2122.548879446004,1000.0,1.0199104014168896,0.0
3154,1683885840000.0,0.03840340862716697,0.0,1255.8,1.9672147782759053,0.0,0.0,1.74555,0.9537521883230394,1.0,2422.2013180048857,1000.0,2143.8346894460037,1000.0,1.0199104014168896,0.0
3155,1683889440000.0,0.03840340862716697,0.0,1255.8,1.9672147782759053,0.0,0.0,1.74015,0.9537521883230394,1.0,2422.2013180048857,1000.0,2137.053369446004,1000.0,1.0199104014168896,0.0
3156,1683893040000.0,0.03840340862716697,0.0,1255.8,1.9672147782759053,0.0,0.0,1.7296,0.9537521883230394,1.0,2422.2013180048857,1000.0,2123.804679446004,1000.0,1.0199104014168896,0.0
3157,1683896640000.0,0.03840340862716697,0.0,1255.8,1.9672147782759053,0.0,0.0,1.742,0.9537521883230394,1.0,2422.2013180048857,1000.0,2139.3765994460036,1000.0,1.0199104014168896,0.0
3158,1683900240000.0,0.03840340862716697,0.0,1255.8,1.9672147782759053,0.0,0.0,1.72705,0.9537521883230394,1.0,2422.2013180048857,1000.0,2120.602389446004,1000.0,1.0199104014168896,0.0
3159,1683903840000.0,0.03840340862716697,0.0,1255.8,1.9672147782759053,0.0,0.0,1.70525,0.9537521883230394,1.0,2422.2013180048857,1000.0,2093.2259494460036,1000.0,1.0199104014168896,0.0
3160,1683907440000.0,0.03840340862716697,0.0,1255.8,1.9672147782759053,0.0,0.0,1.69685,0.9537521883230394,1.0,2422.2013180048857,1000.0,2082.677229446004,1000.0,1.0199104014168896,0.0
3161,1683911040000.0,0.03840340862716697,0.0,1255.8,1.9672147782759053,0.0,0.0,1.7085,0.9537521883230394,1.0,2422.2013180048857,1000.0,2097.3072994460035,1000.0,1.0199104014168896,0.0
3162,1683914640000.0,0.03840340862716697,0.0,1255.8,1.9672147782759053,0.0,0.0,1.71575,0.9537521883230394,1.0,2422.2013180048857,1000.0,2106.411849446004,1000.0,1.0199104014168896,0.0
3163,1683918240000.0,0.03840340862716697,0.0,1255.8,1.9672147782759053,0.0,0.0,1.6931,0.9537521883230394,1.0,2422.2013180048857,1000.0,2077.967979446004,1000.0,1.0199104014168896,0.0
3164,1683921840000.0,0.019323792852191483,0.0,1241.5,1.9672147782759053,0.0,0.0,1.75915,0.9537521883230394,1.0,2418.3066584035405,1000.0,2159.994236174004,1000.0,1.0099203666923835,0.0
3165,1683925440000.0,0.019323792852191483,0.0,1241.5,1.9672147782759053,0.0,0.0,1.7739,0.9537521883230394,1.0,2418.3066584035405,1000.0,2178.306361174004,1000.0,1.0099203666923835,0.0
3166,1683929040000.0,0.019323792852191483,0.0,1241.5,1.9672147782759053,0.0,0.0,1.79755,0.9537521883230394,1.0,2418.3066584035405,1000.0,2207.667836174004,1000.0,1.0099203666923835,0.0
3167,1683932640000.0,0.019323792852191483,0.0,1241.5,1.9672147782759053,0.0,0.0,1.78455,0.9537521883230394,1.0,2418.3066584035405,1000.0,2191.5283361740044,1000.0,1.0099203666923835,0.0
3168,1683936240000.0,0.019323792852191483,0.0,1241.5,1.9672147782759053,0.0,0.0,1.7957,0.9537521883230394,1.0,2418.3066584035405,1000.0,2205.3710611740044,1000.0,1.0099203666923835,0.0
3169,1683939840000.0,0.019323792852191483,0.0,1241.5,1.9672147782759053,0.0,0.0,1.78845,0.9537521883230394,1.0,2418.3066584035405,1000.0,2196.370186174004,1000.0,1.0099203666923835,0.0
3170,1683943440000.0,0.019323792852191483,0.0,1241.5,1.9672147782759053,0.0,0.0,1.7877,0.9537521883230394,1.0,2418.3066584035405,1000.0,2195.439061174004,1000.0,1.0099203666923835,0.0
3171,1683947040000.0,0.019323792852191483,0.0,1241.5,1.9672147782759053,0.0,0.0,1.78285,0.9537521883230394,1.0,2418.3066584035405,1000.0,2189.417786174004,1000.0,1.0099203666923835,0.0
3172,1683950640000.0,0.019323792852191483,0.0,1241.5,1.9672147782759053,0.0,0.0,1.79535,0.9537521883230394,1.0,2418.3066584035405,1000.0,2204.9365361740042,1000.0,1.0099203666923835,0.0
3173,1683954240000.0,0.019323792852191483,0.0,1241.5,1.9672147782759053,0.0,0.0,1.77765,0.9537521883230394,1.0,2418.3066584035405,1000.0,2182.961986174004,1000.0,1.0099203666923835,0.0
3174,1683957840000.0,0.019323792852191483,0.0,1241.5,1.9672147782759053,0.0,0.0,1.78085,0.9537521883230394,1.0,2418.3066584035405,1000.0,2186.9347861740043,1000.0,1.0099203666923835,0.0
3175,1683961440000.0,0.019323792852191483,0.0,1241.5,1.9672147782759053,0.0,0.0,1.7947,0.9537521883230394,1.0,2418.3066584035405,1000.0,2204.129561174004,1000.0,1.0099203666923835,0.0
3176,1683965040000.0,0.0,0.0,1227.9,1.9672147782759053,0.0,0.0,1.78685,0.9537521883230394,1.0,2415.795807794988,1000.0,2194.325896550004,1000.0,0.9998953630314334,0.0
3177,1683968640000.0,0.0,0.0,1227.9,1.9672147782759053,0.0,0.0,1.8034,0.9537521883230394,1.0,2415.795807794988,1000.0,2214.6476415500038,1000.0,0.9998953630314334,0.0
3178,1683972240000.0,0.0,0.0,1227.9,1.9672147782759053,0.0,0.0,1.8171,0.9537521883230394,1.0,2415.795807794988,1000.0,2231.4698715500035,1000.0,0.9998953630314334,0.0
3179,1683975840000.0,0.0,0.0,1227.9,1.9672147782759053,0.0,0.0,1.8121,0.9537521883230394,1.0,2415.795807794988,1000.0,2225.3303715500037,1000.0,0.9998953630314334,0.0
3180,1683979440000.0,0.0,0.0,1227.9,1.9672147782759053,0.0,0.0,1.8218,0.9537521883230394,1.0,2415.795807794988,1000.0,2237.241001550004,1000.0,0.9998953630314334,0.0
3181,1683983040000.0,0.0,0.0,1227.9,1.9672147782759053,0.0,0.0,1.85365,0.9537521883230394,1.0,2415.795807794988,1000.0,2276.3496165500037,1000.0,0.9998953630314334,0.0
3182,1683986640000.0,0.0,0.0,1227.9,1.9672147782759053,0.0,0.0,1.84525,0.9537521883230394,1.0,2415.795807794988,1000.0,2266.035256550004,1000.0,0.9998953630314334,0.0
3183,1683990240000.0,0.0,0.0,1227.9,1.9672147782759053,0.0,0.0,1.8165,0.9537521883230394,1.0,2415.795807794988,1000.0,2230.7331315500037,1000.0,0.9998953630314334,0.0
3184,1683993840000.0,0.0,0.0,1227.9,1.9672147782759053,0.0,0.0,1.82905,0.9537521883230394,1.0,2415.795807794988,1000.0,2246.143276550004,1000.0,0.9998953630314334,0.0
3185,1683997440000.0,0.0,0.0,1227.9,1.9672147782759053,0.0,0.0,1.8393,0.9537521883230394,1.0,2415.795807794988,1000.0,2258.729251550004,1000.0,0.9998953630314334,0.0
3186,1684001040000.0,0.0,0.0,1227.9,1.9672147782759053,0.0,0.0,1.829,0.9537521883230394,1.0,2415.795807794988,1000.0,2246.081881550004,1000.0,0.9998953630314334,0.0
3187,1684004640000.0,0.0,0.0,1227.9,1.9672147782759053,0.0,0.0,1.8409,0.9537521883230394,1.0,2415.795807794988,1000.0,2260.6938915500036,1000.0,0.9998953630314334,0.0
3188,1684008240000.0,0.0,0.0,1214.8,1.9672147782759053,0.0,0.0,1.84755,0.9537521883230394,1.0,2414.2436595575737,1000.0,2268.874886908004,1000.0,0.9898638454278934,0.0
3189,1684011840000.0,0.0,0.0,1214.8,1.9672147782759053,0.0,0.0,1.83855,0.9537521883230394,1.0,2414.2436595575737,1000.0,2257.9416869080037,1000.0,0.9898638454278934,0.0
3190,1684015440000.0,0.0,0.0,1214.8,1.9672147782759053,0.0,0.0,1.83225,0.9537521883230394,1.0,2414.2436595575737,1000.0,2250.2884469080036,1000.0,0.9898638454278934,0.0
3191,1684019040000.0,0.0,0.0,1214.8,1.9672147782759053,0.0,0.0,1.83005,0.9537521883230394,1.0,2414.2436595575737,1000.0,2247.6158869080036,1000.0,0.9898638454278934,0.0
3192,1684022640000.0,0.0,0.0,1214.8,1.9672147782759053,0.0,0.0,1.82405,0.9537521883230394,1.0,2414.2436595575737,1000.0,2240.327086908004,1000.0,0.9898638454278934,0.0
3193,1684026240000.0,0.07493919604649038,0.0,1281.9,1.9582526816831027,0.0,0.0,1.7946,0.9537521883230394,1.0,2414.2195572375736,1000.0,2204.433184588004,1000.0,1.039791142907448,0.0
3194,1684029840000.0,0.07493919604649038,0.0,1281.9,1.9582526816831027,0.0,0.0,1.79155,0.9537521883230394,1.0,2414.2195572375736,1000.0,2200.523389588004,1000.0,1.039791142907448,0.0
3195,1684033440000.0,0.07493919604649038,0.0,1281.9,1.9582526816831027,0.0,0.0,1.79585,0.9537521883230394,1.0,2414.2195572375736,1000.0,2206.035559588004,1000.0,1.039791142907448,0.0
3196,1684037040000.0,0.07493919604649038,0.0,1281.9,1.9582526816831027,0.0,0.0,1.7993,0.9537521883230394,1.0,2414.2195572375736,1000.0,2210.458114588004,1000.0,1.039791142907448,0.0
3197,1684040640000.0,0.07493919604649038,0.0,1281.9,1.9582526816831027,0.0,0.0,1.79335,0.9537521883230394,1.0,2414.2195572375736,1000.0,2202.8308095880043,1000.0,1.039791142907448,0.0
3198,1684044240000.0,0.07493919604649038,0.0,1281.9,1.9582526816831027,0.0,0.0,1.7916,0.9537521883230394,1.0,2414.2195572375736,1000.0,2200.5874845880044,1000.0,1.039791142907448,0.0
3199,1684047840000.0,0.07493919604649038,0.0,1281.9,1.9582526816831027,0.0,0.0,1.81345,0.9537521883230394,1.0,2414.2195572375736,1000.0,2228.596999588004,1000.0,1.039791142907448,0.0
3200,1684051440000.0,0.05666987949704073,0.0,1268.5,1.9582526816831027,0.0,0.0,1.80585,0.9537521883230394,1.0,2412.15778457302,1000.0,2218.834982858004,1000.0,1.0298014261760744,0.0
3201,1684055040000.0,0.05666987949704073,0.0,1268.5,1.9582526816831027,0.0,0.0,1.81525,0.9537521883230394,1.0,2412.15778457302,1000.0,2230.758882858004,1000.0,1.0298014261760744,0.0
3202,1684058640000.0,0.05666987949704073,0.0,1268.5,1.9582526816831027,0.0,0.0,1.82595,0.9537521883230394,1.0,2412.15778457302,1000.0,2244.331832858004,1000.0,1.0298014261760744,0.0
3203,1684062240000.0,0.05666987949704073,0.0,1268.5,1.9582526816831027,0.0,0.0,1.84,0.9537521883230394,1.0,2412.15778457302,1000.0,2262.1542578580043,1000.0,1.0298014261760744,0.0
3204,1684065840000.0,0.05666987949704073,0.0,1268.5,1.9582526816831027,0.0,0.0,1.83875,0.9537521883230394,1.0,2412.15778457302,1000.0,2260.568632858004,1000.0,1.0298014261760744,0.0
3205,1684069440000.0,0.05666987949704073,0.0,1268.5,1.9582526816831027,0.0,0.0,1.86095,0.9537521883230394,1.0,2412.15778457302,1000.0,2288.729332858004,1000.0,1.0298014261760744,0.0
3206,1684073040000.0,0.05666987949704073,0.0,1268.5,1.9582526816831027,0.0,0.0,1.855,0.9537521883230394,1.0,2412.15778457302,1000.0,2281.181757858004,1000.0,1.0298014261760744,0.0
3207,1684076640000.0,0.05666987949704073,0.0,1268.5,1.9582526816831027,0.0,0.0,1.8711,0.9537521883230394,1.0,2412.15778457302,1000.0,2301.604607858004,1000.0,1.0298014261760744,0.0
3208,1684080240000.0,0.05666987949704073,0.0,1268.5,1.9582526816831027,0.0,0.0,1.8784,0.9537521883230394,1.0,2412.15778457302,1000.0,2310.864657858004,1000.0,1.0298014261760744,0.0
3209,1684083840000.0,0.05666987949704073,0.0,1268.5,1.9582526816831027,0.0,0.0,1.8479,0.9537521883230394,1.0,2412.15778457302,1000.0,2272.1754078580043,1000.0,1.0298014261760744,0.0
3210,1684087440000.0,0.05666987949704073,0.0,1268.5,1.9582526816831027,0.0,0.0,1.84145,0.9537521883230394,1.0,2412.15778457302,1000.0,2263.993582858004,1000.0,1.0298014261760744,0.0
3211,1684091040000.0,0.05666987949704073,0.0,1268.5,1.9582526816831027,0.0,0.0,1.8352,0.9537521883230394,1.0,2412.15778457302,1000.0,2256.065457858004,1000.0,1.0298014261760744,0.0
3212,1684094640000.0,0.03812062603552334,0.0,1255.4,1.9582526816831027,0.0,0.0,1.83015,0.9537521883230394,1.0,2410.533782659971,1000.0,2249.713676075004,1000.0,1.0198531272489313,0.0
3213,1684098240000.0,0.03812062603552334,0.0,1255.4,1.9582526816831027,0.0,0.0,1.826,0.9537521883230394,1.0,2410.533782659971,1000.0,2244.503766075004,1000.0,1.0198531272489313,0.0
3214,1684101840000.0,0.03812062603552334,0.0,1255.4,1.9582526816831027,0.0,0.0,1.8262,0.9537521883230394,1.0,2410.533782659971,1000.0,2244.754846075004,1000.0,1.0198531272489313,0.0
3215,1684105440000.0,0.03812062603552334,0.0,1255.4,1.9582526816831027,0.0,0.0,1.81685,0.9537521883230394,1.0,2410.533782659971,1000.0,2233.016856075004,1000.0,1.0198531272489313,0.0
3216,1684109040000.0,0.03812062603552334,0.0,1255.4,1.9582526816831027,0.0,0.0,1.8275,0.9537521883230394,1.0,2410.533782659971,1000.0,2246.386866075004,1000.0,1.0198531272489313,0.0
3217,1684112640000.0,0.03812062603552334,0.0,1255.4,1.9582526816831027,0.0,0.0,1.79895,0.9537521883230394,1.0,2410.533782659971,1000.0,2210.5451960750042,1000.0,1.0198531272489313,0.0
3218,1684116240000.0,0.03812062603552334,0.0,1255.4,1.9582526816831027,0.0,0.0,1.84175,0.9537521883230394,1.0,2410.533782659971,1000.0,2264.276316075004,1000.0,1.0198531272489313,0.0
3219,1684119840000.0,0.03812062603552334,0.0,1255.4,1.9582526816831027,0.0,0.0,1.8357,0.9537521883230394,1.0,2410.533782659971,1000.0,2256.681146075004,1000.0,1.0198531272489313,0.0
3220,1684123440000.0,0.03812062603552334,0.0,1255.4,1.9582526816831027,0.0,0.0,1.8173,0.9537521883230394,1.0,2410.533782659971,1000.0,2233.581786075004,1000.0,1.0198531272489313,0.0
3221,1684127040000.0,0.03812062603552334,0.0,1255.4,1.9582526816831027,0.0,0.0,1.8141,0.9537521883230394,1.0,2410.533782659971,1000.0,2229.564506075004,1000.0,1.0198531272489313,0.0
3222,1684130640000.0,0.03812062603552334,0.0,1255.4,1.9582526816831027,0.0,0.0,1.80625,0.9537521883230394,1.0,2410.533782659971,1000.0,2219.709616075004,1000.0,1.0198531272489313,0.0
3223,1684134240000.0,0.03812062603552334,0.0,1255.4,1.9582526816831027,0.0,0.0,1.8503,0.9537521883230394,1.0,2410.533782659971,1000.0,2275.0099860750042,1000.0,1.0198531272489313,0.0
3224,1684137840000.0,0.01917091325257264,0.0,1242.4,1.9582526816831027,0.0,0.0,1.86765,0.9537521883230394,1.0,2409.115189098091,1000.0,2296.550417375004,1000.0,1.0098865935231238,0.0
3225,1684141440000.0,0.01917091325257264,0.0,1242.4,1.9582526816831027,0.0,0.0,1.8811,0.9537521883230394,1.0,2409.115189098091,1000.0,2313.260697375004,1000.0,1.0098865935231238,0.0
3226,1684145040000.0,0.01917091325257264,0.0,1242.4,1.9582526816831027,0.0,0.0,1.87425,0.9537521883230394,1.0,2409.115189098091,1000.0,2304.750257375004,1000.0,1.0098865935231238,0.0
3227,1684148640000.0,0.01917091325257264,0.0,1242.4,1.9582526816831027,0.0,0.0,1.876,0.9537521883230394,1.0,2409.115189098091,1000.0,2306.924457375004,1000.0,1.0098865935231238,0.0
3228,1684152240000.0,0.01917091325257264,0.0,1242.4,1.9582526816831027,0.0,0.0,1.85,0.9537521883230394,1.0,2409.115189098091,1000.0,2274.6220573750043,1000.0,1.0098865935231238,0.0
3229,1684155840000.0,0.01917091325257264,0.0,1242.4,1.9582526816831027,0.0,0.0,1.84345,0.9537521883230394,1.0,2409.115189098091,1000.0,2266.484337375004,1000.0,1.0098865935231238,0.0
3230,1684159440000.0,0.01917091325257264,0.0,1242.4,1.9582526816831027,0.0,0.0,1.81475,0.9537521883230394,1.0,2409.115189098091,1000.0,2230.827457375004,1000.0,1.0098865935231238,0.0
3231,1684163040000.0,0.01917091325257264,0.0,1242.4,1.9582526816831027,0.0,0.0,1.8277,0.9537521883230394,1.0,2409.115189098091,1000.0,2246.9165373750043,1000.0,1.0098865935231238,0.0
3232,1684166640000.0,0.01917091325257264,0.0,1242.4,1.9582526816831027,0.0,0.0,1.8299,0.9537521883230394,1.0,2409.115189098091,1000.0,2249.649817375004,1000.0,1.0098865935231238,0.0
3233,1684170240000.0,0.01917091325257264,0.0,1242.4,1.9582526816831027,0.0,0.0,1.82115,0.9537521883230394,1.0,2409.115189098091,1000.0,2238.778817375004,1000.0,1.0098865935231238,0.0
3234,1684173840000.0,0.01917091325257264,0.0,1242.4,1.9582526816831027,0.0,0.0,1.83145,0.9537521883230394,1.0,2409.115189098091,1000.0,2251.575537375004,1000.0,1.0098865935231238,0.0
3235,1684177440000.0,0.0,0.0,1229.2,1.9582526816831027,0.0,0.0,1.8206,0.9537521883230394,1.0,2407.312503487874,1000.0,2238.109827163004,1000.0,0.9999051609781974,0.0
3236,1684181040000.0,0.0,0.0,1229.2,1.9582526816831027,0.0,0.0,1.8262,0.9537521883230394,1.0,2407.312503487874,1000.0,2244.9933471630043,1000.0,0.9999051609781974,0.0
3237,1684184640000.0,0.0,0.0,1229.2,1.9582526816831027,0.0,0.0,1.81855,0.9537521883230394,1.0,2407.312503487874,1000.0,2235.589967163004,1000.0,0.9999051609781974,0.0
3238,1684188240000.0,0.0,0.0,1229.2,1.9582526816831027,0.0,0.0,1.81755,0.9537521883230394,1.0,2407.312503487874,1000.0,2234.3607671630043,1000.0,0.9999051609781974,0.0
3239,1684191840000.0,0.0,0.0,1229.2,1.9582526816831027,0.0,0.0,1.817,0.9537521883230394,1.0,2407.312503487874,1000.0,2233.684707163004,1000.0,0.9999051609781974,0.0
3240,1684195440000.0,0.0,0.0,1229.2,1.9582526816831027,0.0,0.0,1.79455,0.9537521883230394,1.0,2407.312503487874,1000.0,2206.0891671630043,1000.0,0.9999051609781974,0.0
3241,1684199040000.0,0.0,0.0,1229.2,1.9582526816831027,0.0,0.0,1.8011,0.9537521883230394,1.0,2407.312503487874,1000.0,2214.140427163004,1000.0,0.9999051609781974,0.0
3242,1684202640000.0,0.0,0.0,1229.2,1.9582526816831027,0.0,0.0,1.78695,0.9537521883230394,1.0,2407.312503487874,1000.0,2196.747247163004,1000.0,0.9999051609781974,0.0
3243,1684206240000.0,0.0,0.0,1229.2,1.9582526816831027,0.0,0.0,1.7899,0.9537521883230394,1.0,2407.312503487874,1000.0,2200.3733871630043,1000.0,0.9999051609781974,0.0
3244,1684209840000.0,0.0,0.0,1229.2,1.9582526816831027,0.0,0.0,1.7861,0.9537521883230394,1.0,2407.312503487874,1000.0,2195.7024271630044,1000.0,0.9999051609781974,0.0
3245,1684213440000.0,0.0,0.0,1229.2,1.9582526816831027,0.0,0.0,1.80065,0.9537521883230394,1.0,2407.312503487874,1000.0,2213.587287163004,1000.0,0.9999051609781974,0.0
3246,1684217040000.0,0.0,0.0,1229.2,1.9582526816831027,0.0,0.0,1.7863,0.9537521883230394,1.0,2407.312503487874,1000.0,2195.948267163004,1000.0,0.9999051609781974,0.0
3247,1684220640000.0,0.0,0.0,1215.8,1.9582526816831027,0.0,0.0,1.79955,0.9537521883230394,1.0,2405.1844140893204,1000.0,2212.233693699004,1000.0,0.9898798597078802,0.0
3248,1684224240000.0,0.0,0.0,1215.8,1.9582526816831027,0.0,0.0,1.84335,0.9537521883230394,1.0,2405.1844140893204,1000.0,2265.485733699004,1000.0,0.9898798597078802,0.0
3249,1684227840000.0,0.0,0.0,1215.8,1.9582526816831027,0.0,0.0,1.84785,0.9537521883230394,1.0,2405.1844140893204,1000.0,2270.956833699004,1000.0,0.9898798597078802,0.0
3250,1684231440000.0,0.0,0.0,1215.8,1.9582526816831027,0.0,0.0,1.85475,0.9537521883230394,1.0,2405.1844140893204,1000.0,2279.345853699004,1000.0,0.9898798597078802,0.0
3251,1684235040000.0,0.0,0.0,1215.8,1.9582526816831027,0.0,0.0,1.8496,0.9537521883230394,1.0,2405.1844140893204,1000.0,2273.084483699004,1000.0,0.9898798597078802,0.0
3252,1684238640000.0,0.0,0.0,1215.8,1.9582526816831027,0.0,0.0,1.85905,0.9537521883230394,1.0,2405.1844140893204,1000.0,2284.573793699004,1000.0,0.9898798597078802,0.0
3253,1684242240000.0,0.0,0.0,1215.8,1.9582526816831027,0.0,0.0,1.86315,0.9537521883230394,1.0,2405.1844140893204,1000.0,2289.5585736990042,1000.0,0.9898798597078802,0.0
3254,1684245840000.0,0.0,0.0,1215.8,1.9582526816831027,0.0,0.0,1.86335,0.9537521883230394,1.0,2405.1844140893204,1000.0,2289.801733699004,1000.0,0.9898798597078802,0.0
3255,1684249440000.0,0.0,0.0,1215.8,1.9582526816831027,0.0,0.0,1.8736,0.9537521883230394,1.0,2405.1844140893204,1000.0,2302.263683699004,1000.0,0.9898798597078802,0.0
3256,1684253040000.0,0.0,0.0,1215.8,1.9582526816831027,0.0,0.0,1.94385,0.9537521883230394,1.0,2405.1844140893204,1000.0,2387.6736336990043,1000.0,0.9898798597078802,0.0
3257,1684256640000.0,0.0,0.0,1215.8,1.9582526816831027,0.0,0.0,1.9187,0.9537521883230394,1.0,2405.1844140893204,1000.0,2357.0962636990043,1000.0,0.9898798597078802,0.0
3258,1684260240000.0,0.0,0.0,1215.8,1.9582526816831027,0.0,0.0,1.9504,0.9537521883230394,1.0,2405.1844140893204,1000.0,2395.637123699004,1000.0,0.9898798597078802,0.0
3259,1684263840000.0,0.0,0.0,413.5,1.9582526816831027,0.0,0.0,1.97035,0.9537521883230394,1.0,2420.630083740967,1000.0,2425.632324865004,1000.0,0.3345151699612659,0.0
3260,1684267440000.0,0.0,0.0,260.5,1.9582526816831027,0.0,0.0,1.9364,0.9537521883230394,1.0,2423.5755997034526,1000.0,2417.8829761250045,1000.0,0.21048438663966865,0.0
3261,1684271040000.0,0.0,0.0,260.5,1.9582526816831027,0.0,0.0,1.94105,0.9537521883230394,1.0,2423.5755997034526,1000.0,2419.094301125004,1000.0,0.21048438663966865,0.0
3262,1684274640000.0,0.0,0.0,260.5,1.9582526816831027,0.0,0.0,1.9385,0.9537521883230394,1.0,2423.5755997034526,1000.0,2418.430026125004,1000.0,0.21048438663966865,0.0
3263,1684278240000.0,0.0,0.0,260.5,1.9582526816831027,0.0,0.0,1.93945,0.9537521883230394,1.0,2423.5755997034526,1000.0,2418.6775011250043,1000.0,0.21048438663966865,0.0
3264,1684281840000.0,0.0,0.0,260.5,1.9582526816831027,0.0,0.0,1.9189,0.9537521883230394,1.0,2423.5755997034526,1000.0,2413.3242261250043,1000.0,0.21048438663966865,0.0
3265,1684285440000.0,0.0,0.0,260.5,1.9582526816831027,0.0,0.0,1.9478,0.9537521883230394,1.0,2423.5755997034526,1000.0,2420.852676125004,1000.0,0.21048438663966865,0.0
3266,1684289040000.0,0.0,0.0,140.7,1.9582526816831027,0.0,0.0,1.9777,0.9537521883230394,1.0,2425.8819579538167,1000.0,2428.618195641004,1000.0,0.11357772434451567,0.0
3267,1684292640000.0,0.0,0.0,120.6,1.9582526816831027,0.0,0.0,1.96695,0.9537521883230394,1.0,2426.2689178939863,1000.0,2427.317814483004,1000.0,0.09733680865679754,0.0
3268,1684296240000.0,0.0,0.0,51.5,1.9582526816831027,0.0,0.0,1.9841,0.9537521883230394,1.0,2428.3095909076833,1000.0,2429.6407278010033,1000.0,0.04153095366599563,0.0
3269,1684299840000.0,0.0,0.0,14.8,1.9582526816831027,0.0,0.0,1.9794,0.9537521883230394,1.0,2429.1192490759136,1000.0,2429.4322293870036,1000.0,0.011931130882082185,0.0
3270,1684303440000.0,0.0,0.0,62.1,1.956536870996939,0.0,0.0,1.94685,0.9537521883230394,1.0,2429.1007453159136,1000.0,2428.499190627004,1000.0,0.05001889687910341,0.0
3271,1684307040000.0,0.0,0.0,53.3,1.956536870996939,0.0,0.0,1.96495,0.9537521883230394,1.0,2429.2694229151407,1000.0,2429.7178426910036,1000.0,0.04292789191698466,0.0
3272,1684310640000.0,0.0,0.0,62.0,1.9570529839445183,0.0,0.0,1.941,0.9537521883230394,1.0,2429.408714313564,1000.0,2428.4134293090037,1000.0,0.04994519213241742,0.0
3273,1684314240000.0,0.0,0.0,53.2,1.9570529839445183,0.0,0.0,1.97305,0.9537521883230394,1.0,2429.578129062852,1000.0,2430.429170317004,1000.0,0.04285320875275091,0.0
3274,1684317840000.0,0.0,0.0,15.2,1.9570529839445183,0.0,0.0,1.98805,0.9537521883230394,1.0,2430.3669812929606,1000.0,2430.838135937004,1000.0,0.01223979982649826,0.0
3275,1684321440000.0,0.0,0.0,13.1,1.9570529839445183,0.0,0.0,1.96935,0.9537521883230394,1.0,2430.407409812677,1000.0,2430.568500723004,1000.0,0.01054859937727444,0.0
3276,1684325040000.0,0.0,0.0,61.9,1.9627663019333308,0.0,0.0,1.95615,0.9537521883230394,1.0,2430.3882382446773,1000.0,2429.9786891550043,1000.0,0.04999005186818294,0.0
3277,1684328640000.0,0.0,0.0,61.9,1.9627663019333308,0.0,0.0,1.93825,0.9537521883230394,1.0,2430.3882382446773,1000.0,2428.870679155004,1000.0,0.04999005186818294,0.0
3278,1684332240000.0,0.0,0.0,61.9,1.9627663019333308,0.0,0.0,1.9579,0.9537521883230394,1.0,2430.3882382446773,1000.0,2430.087014155004,1000.0,0.04999005186818294,0.0
3279,1684335840000.0,0.0,0.0,53.1,1.9627663019333308,0.0,0.0,1.96275,0.9537521883230394,1.0,2430.557525763664,1000.0,2430.5566601310043,1000.0,0.04288024024443271,0.0
3280,1684339440000.0,0.0,0.0,62.0,1.9617445549289227,0.0,0.0,1.9672,0.9537521883230394,1.0,2430.8178700165977,1000.0,2431.1561076110047,1000.0,0.05003590104624446,0.0
3281,1684343040000.0,0.0,0.0,2.0,1.9617445549289227,0.0,0.0,2.03285,0.9537521883230394,1.0,2432.9259493768627,1000.0,2433.0681602670047,1000.0,0.0016126627737530425,0.0
3282,1684346640000.0,0.0,0.0,0.0,1.9617445549289227,0.0,0.0,2.17315,0.9537521883230394,1.0,2433.1081089730046,1000.0,2433.1081089730046,1000.0,0.0,0.0
3283,1684350240000.0,0.0,0.0,0.0,1.9617445549289227,0.0,0.0,2.22375,0.9537521883230394,1.0,2433.1081089730046,1000.0,2433.1081089730046,1000.0,0.0,0.0
3284,1684353840000.0,0.0,0.0,0.0,1.9617445549289227,0.0,0.0,2.3036,0.9537521883230394,1.0,2433.1081089730046,1000.0,2433.1081089730046,1000.0,0.0,0.0
3285,1684357440000.0,0.0,0.0,0.0,1.9617445549289227,0.0,0.0,2.2663,0.9537521883230394,1.0,2433.1081089730046,1000.0,2433.1081089730046,1000.0,0.0,0.0
3286,1684361040000.0,0.0,0.0,0.0,1.9617445549289227,0.0,0.0,2.28105,0.9537521883230394,1.0,2433.1081089730046,1000.0,2433.1081089730046,1000.0,0.0,0.0
3287,1684364640000.0,0.0,0.0,0.0,1.9617445549289227,0.0,0.0,2.3231,0.9537521883230394,1.0,2433.1081089730046,1000.0,2433.1081089730046,1000.0,0.0,0.0
3288,1684368240000.0,0.0,0.0,0.0,1.9617445549289227,0.0,0.0,2.30665,0.9537521883230394,1.0,2433.1081089730046,1000.0,2433.1081089730046,1000.0,0.0,0.0
3289,1684371840000.0,0.0,0.0,0.0,1.9617445549289227,0.0,0.0,2.3146,0.9537521883230394,1.0,2433.1081089730046,1000.0,2433.1081089730046,1000.0,0.0,0.0
3290,1684375440000.0,0.0,0.0,0.0,1.9617445549289227,0.0,0.0,2.28025,0.9537521883230394,1.0,2433.1081089730046,1000.0,2433.1081089730046,1000.0,0.0,0.0
3291,1684379040000.0,0.0,0.0,0.0,1.9617445549289227,0.0,0.0,2.3142,0.9537521883230394,1.0,2433.1081089730046,1000.0,2433.1081089730046,1000.0,0.0,0.0
3292,1684382640000.0,0.0,0.0,0.0,1.9617445549289227,0.0,0.0,2.28535,0.9537521883230394,1.0,2433.1081089730046,1000.0,2433.1081089730046,1000.0,0.0,0.0
3293,1684386240000.0,0.0,0.0,0.0,1.9617445549289227,0.0,0.0,2.3005,0.9537521883230394,1.0,2433.1081089730046,1000.0,2433.1081089730046,1000.0,0.0,0.0
3294,1684389840000.0,0.0,0.0,0.0,1.9617445549289227,0.0,0.0,2.284,0.9537521883230394,1.0,2433.1081089730046,1000.0,2433.1081089730046,1000.0,0.0,0.0
3295,1684393440000.0,0.0,0.0,45.9,2.2732,0.0,0.0,2.3014,0.9537521883230394,1.0,2433.2535758130048,1000.0,2434.5479558130046,1000.0,0.0428808082466858,0.0
3296,1684397040000.0,0.0,0.0,2.5,2.2732,0.0,0.0,2.31905,0.9537521883230394,1.0,2435.488313453004,1000.0,2435.6029384530043,1000.0,0.0023334129622419398,0.0
3297,1684400640000.0,0.0,0.0,0.0,2.2732,0.0,0.0,2.33515,0.9537521883230394,1.0,2435.679458389004,1000.0,2435.679458389004,1000.0,0.0,0.0
3298,1684404240000.0,0.0,0.0,0.0,2.2732,0.0,0.0,2.3637,0.9537521883230394,1.0,2435.679458389004,1000.0,2435.679458389004,1000.0,0.0,0.0
3299,1684407840000.0,0.0,0.0,0.0,2.2732,0.0,0.0,2.36285,0.9537521883230394,1.0,2435.679458389004,1000.0,2435.679458389004,1000.0,0.0,0.0
3300,1684411440000.0,0.0,0.0,0.0,2.2732,0.0,0.0,2.37145,0.9537521883230394,1.0,2435.679458389004,1000.0,2435.679458389004,1000.0,0.0,0.0
3301,1684415040000.0,0.0,0.0,0.0,2.2732,0.0,0.0,2.34415,0.9537521883230394,1.0,2435.679458389004,1000.0,2435.679458389004,1000.0,0.0,0.0
3302,1684418640000.0,0.0,0.0,18.7,2.3288,0.0,0.0,2.34605,0.9537521883230394,1.0,2436.8735227410043,1000.0,2437.1960977410045,1000.0,0.01787066895085159,0.0
3303,1684422240000.0,0.0,0.0,2.7,2.3288,0.0,0.0,2.3831,0.9537521883230394,1.0,2437.361891397003,1000.0,2437.508501397003,1000.0,0.0025797400140674625,0.0
3304,1684425840000.0,0.0,0.0,15.0,2.3411294230769233,0.0,0.0,2.366,0.9537521883230394,1.0,2438.330873589158,1000.0,2438.703932243004,1000.0,0.01440204105460989,0.0
3305,1684429440000.0,0.0,0.0,51.9,2.3469476378390395,0.0,0.0,2.3537,0.9537521883230394,1.0,2438.5911264788515,1000.0,2438.9415740750055,1000.0,0.04994957173477704,0.0
3306,1684433040000.0,0.0,0.0,112.6,2.2976339863202293,0.0,0.0,2.3188,0.9537521883230394,1.0,2438.977806964663,1000.0,2441.3611001050053,1000.0,0.10607459654650567,0.0
3307,1684436640000.0,0.0,0.0,96.6,2.2976339863202293,0.0,0.0,2.30815,0.9537521883230394,1.0,2439.3394369435396,1000.0,2440.3552838650053,1000.0,0.09098833877610588,0.0
3308,1684440240000.0,0.0,0.0,7.3,2.2976339863202293,0.0,0.0,2.3533,0.9537521883230394,1.0,2442.9277102151427,1000.0,2443.3340721150053,1000.0,0.006865830712060055,0.0
3309,1684443840000.0,0.0,0.0,18.0,2.3312471912072215,0.0,0.0,2.3534,0.9537521883230394,1.0,2443.691528700736,1000.0,2444.090279259006,1000.0,0.017171745676116748,0.0
3310,1684447440000.0,0.0,0.0,0.0,2.3312471912072215,0.0,0.0,2.47845,0.9537521883230394,1.0,2444.6680297510065,1000.0,2444.6680297510065,1000.0,0.0,0.0
3311,1684451040000.0,0.0,0.0,0.0,2.3312471912072215,0.0,0.0,2.41985,0.9537521883230394,1.0,2444.6680297510065,1000.0,2444.6680297510065,1000.0,0.0,0.0
3312,1684454640000.0,0.0,0.0,0.0,2.3312471912072215,0.0,0.0,2.40855,0.9537521883230394,1.0,2444.6680297510065,1000.0,2444.6680297510065,1000.0,0.0,0.0
3313,1684458240000.0,0.0,0.0,51.4,2.3764,0.0,0.0,2.36725,0.9537521883230394,1.0,2444.6436003590065,1000.0,2444.1732903590064,1000.0,0.04996514010551975,0.0
3314,1684461840000.0,0.0,0.0,51.4,2.3764,0.0,0.0,2.3387,0.9537521883230394,1.0,2444.6436003590065,1000.0,2442.7058203590063,1000.0,0.04996514010551975,0.0
3315,1684465440000.0,0.0,0.0,51.4,2.3764,0.0,0.0,2.3375,0.9537521883230394,1.0,2444.6436003590065,1000.0,2442.6441403590065,1000.0,0.04996514010551975,0.0
3316,1684469040000.0,0.0,0.0,51.4,2.3764,0.0,0.0,2.3629,0.9537521883230394,1.0,2444.6436003590065,1000.0,2443.9497003590063,1000.0,0.04996514010551975,0.0
3317,1684472640000.0,0.0,0.0,31.5,2.3764,0.0,0.0,2.4026,0.9537521883230394,1.0,2445.2537983310067,1000.0,2446.0790983310067,1000.0,0.030613018595899093,0.0
3318,1684476240000.0,0.0,0.0,32.7,2.370832301740812,0.0,0.0,2.4018,0.9537521883230394,1.0,2445.876352875931,1000.0,2446.8889966090064,1000.0,0.03169670297346268,0.0
3319,1684479840000.0,0.0,0.0,0.9,2.370832301740812,0.0,0.0,2.43205,0.9537521883230394,1.0,2447.1345324845724,1000.0,2447.1896284130057,1000.0,0.0008719377881527167,0.0
3320,1684483440000.0,0.0,0.0,0.0,2.370832301740812,0.0,0.0,2.4178,0.9537521883230394,1.0,2447.1901954430064,1000.0,2447.1901954430064,1000.0,0.0,0.0
3321,1684487040000.0,0.0,0.0,0.0,2.370832301740812,0.0,0.0,2.4368,0.9537521883230394,1.0,2447.1901954430064,1000.0,2447.1901954430064,1000.0,0.0,0.0
3322,1684490640000.0,0.0,0.0,0.0,2.370832301740812,0.0,0.0,2.4355,0.9537521883230394,1.0,2447.1901954430064,1000.0,2447.1901954430064,1000.0,0.0,0.0
3323,1684494240000.0,0.0,0.0,0.0,2.370832301740812,0.0,0.0,2.4182,0.9537521883230394,1.0,2447.1901954430064,1000.0,2447.1901954430064,1000.0,0.0,0.0
3324,1684497840000.0,0.0,0.0,50.8,2.4067,0.0,0.0,2.4238,0.9537521883230394,1.0,2447.1657433710066,1000.0,2448.0344233710066,1000.0,0.049959983434380933,0.0
3325,1684501440000.0,0.0,0.0,50.8,2.407583464566929,0.0,0.0,2.40655,0.9537521883230394,1.0,2447.5983121450067,1000.0,2447.545812145007,1000.0,0.0499694902521873,0.0
3326,1684505040000.0,0.0,0.0,50.8,2.407583464566929,0.0,0.0,2.3601,0.9537521883230394,1.0,2447.5983121450067,1000.0,2445.186152145007,1000.0,0.0499694902521873,0.0
3327,1684508640000.0,0.0,0.0,50.8,2.407583464566929,0.0,0.0,2.3535,0.9537521883230394,1.0,2447.5983121450067,1000.0,2444.8508721450066,1000.0,0.0499694902521873,0.0
3328,1684512240000.0,0.0,0.0,50.8,2.407583464566929,0.0,0.0,2.3755,0.9537521883230394,1.0,2447.5983121450067,1000.0,2445.9684721450067,1000.0,0.0499694902521873,0.0
3329,1684515840000.0,0.0,0.0,50.8,2.407583464566929,0.0,0.0,2.3442,0.9537521883230394,1.0,2447.5983121450067,1000.0,2444.3784321450066,1000.0,0.0499694902521873,0.0
3330,1684519440000.0,0.0,0.0,50.8,2.407583464566929,0.0,0.0,2.372,0.9537521883230394,1.0,2447.5983121450067,1000.0,2445.7906721450067,1000.0,0.0499694902521873,0.0
3331,1684523040000.0,0.0,0.0,50.8,2.407583464566929,0.0,0.0,2.34105,0.9537521883230394,1.0,2447.5983121450067,1000.0,2444.218412145007,1000.0,0.0499694902521873,0.0
3332,1684526640000.0,0.0,0.0,50.8,2.407583464566929,0.0,0.0,2.352,0.9537521883230394,1.0,2447.5983121450067,1000.0,2444.7746721450067,1000.0,0.0499694902521873,0.0
3333,1684530240000.0,0.0,0.0,128.5,2.356982645914397,0.0,0.0,2.3421,0.9537521883230394,1.0,2447.562198739007,1000.0,2445.6497787390067,1000.0,0.12374446302367349,0.0
3334,1684533840000.0,0.0,0.0,128.5,2.356982645914397,0.0,0.0,2.3552,0.9537521883230394,1.0,2447.562198739007,1000.0,2447.333128739007,1000.0,0.12374446302367349,0.0
3335,1684537440000.0,0.0,0.0,128.5,2.356982645914397,0.0,0.0,2.33775,0.9537521883230394,1.0,2447.562198739007,1000.0,2445.090803739007,1000.0,0.12374446302367349,0.0
3336,1684541040000.0,0.0,0.0,128.5,2.356982645914397,0.0,0.0,2.3183,0.9537521883230394,1.0,2447.562198739007,1000.0,2442.5914787390066,1000.0,0.12374446302367349,0.0
3337,1684544640000.0,0.0,0.0,128.5,2.356982645914397,0.0,0.0,2.29645,0.9537521883230394,1.0,2447.562198739007,1000.0,2439.783753739007,1000.0,0.12374446302367349,0.0
3338,1684548240000.0,0.0,0.0,128.5,2.356982645914397,0.0,0.0,2.29275,0.9537521883230394,1.0,2447.562198739007,1000.0,2439.308303739007,1000.0,0.12374446302367349,0.0
3339,1684551840000.0,0.0,0.0,325.1,2.301599231005844,0.0,0.0,2.27445,0.9537521883230394,1.0,2447.4731232110066,1000.0,2438.6469082110066,1000.0,0.3057234430498342,0.0
3340,1684555440000.0,0.0,0.0,325.1,2.301599231005844,0.0,0.0,2.27815,0.9537521883230394,1.0,2447.4731232110066,1000.0,2439.8497782110067,1000.0,0.3057234430498342,0.0
3341,1684559040000.0,0.0,0.0,278.7,2.301599231005844,0.0,0.0,2.30985,0.9537521883230394,1.0,2448.5234256763356,1000.0,2450.8229149950066,1000.0,0.261976544293892,0.0
3342,1684562640000.0,0.0,0.0,278.7,2.301599231005844,0.0,0.0,2.2936,0.9537521883230394,1.0,2448.5234256763356,1000.0,2446.2940399950066,1000.0,0.261976544293892,0.0
3343,1684566240000.0,0.0,0.0,278.7,2.301599231005844,0.0,0.0,2.28285,0.9537521883230394,1.0,2448.5234256763356,1000.0,2443.2980149950067,1000.0,0.261976544293892,0.0
3344,1684569840000.0,0.0,0.0,97.7,2.301599231005844,0.0,0.0,2.3233,0.9537521883230394,1.0,2455.423360042278,1000.0,2457.5435251730073,1000.0,0.09157941906417277,0.0
3345,1684573440000.0,0.0,0.0,24.7,2.301599231005844,0.0,0.0,2.3236,0.9537521883230394,1.0,2457.075775558852,1000.0,2457.6191945530077,1000.0,0.023137056484517318,0.0
3346,1684577040000.0,0.0,0.0,8.7,2.301599231005844,0.0,0.0,2.3312,0.9537521883230394,1.0,2457.7178928227586,1000.0,2457.9754195130076,1000.0,0.008147360349300631,0.0
3347,1684580640000.0,0.0,0.0,0.7,2.301599231005844,0.0,0.0,2.3595,0.9537521883230394,1.0,2457.930363176713,1000.0,2457.970893715009,1000.0,0.0006554780744975319,0.0
3348,1684584240000.0,0.0,0.0,0.0,2.301599231005844,0.0,0.0,2.37005,0.9537521883230394,1.0,2457.9843806210074,1000.0,2457.9843806210074,1000.0,0.0,0.0
3349,1684587840000.0,0.0,0.0,0.0,2.301599231005844,0.0,0.0,2.35475,0.9537521883230394,1.0,2457.9843806210074,1000.0,2457.9843806210074,1000.0,0.0,0.0
3350,1684591440000.0,0.0,0.0,0.0,2.301599231005844,0.0,0.0,2.37275,0.9537521883230394,1.0,2457.9843806210074,1000.0,2457.9843806210074,1000.0,0.0,0.0
3351,1684595040000.0,0.0,0.0,0.0,2.301599231005844,0.0,0.0,2.37605,0.9537521883230394,1.0,2457.9843806210074,1000.0,2457.9843806210074,1000.0,0.0,0.0
3352,1684598640000.0,0.0,0.0,0.0,2.301599231005844,0.0,0.0,2.38155,0.9537521883230394,1.0,2457.9843806210074,1000.0,2457.9843806210074,1000.0,0.0,0.0
3353,1684602240000.0,0.0,0.0,0.0,2.301599231005844,0.0,0.0,2.3805,0.9537521883230394,1.0,2457.9843806210074,1000.0,2457.9843806210074,1000.0,0.0,0.0
3354,1684605840000.0,0.0,0.0,0.0,2.301599231005844,0.0,0.0,2.375,0.9537521883230394,1.0,2457.9843806210074,1000.0,2457.9843806210074,1000.0,0.0,0.0
3355,1684609440000.0,0.0,0.0,0.0,2.301599231005844,0.0,0.0,2.37415,0.9537521883230394,1.0,2457.9843806210074,1000.0,2457.9843806210074,1000.0,0.0,0.0
3356,1684613040000.0,0.0,0.0,51.9,2.3667,0.0,0.0,2.36135,0.9537521883230394,1.0,2457.9598142750074,1000.0,2457.6821492750073,1000.0,0.04997304239338432,0.0
3357,1684616640000.0,0.0,0.0,51.9,2.3667,0.0,0.0,2.3429,0.9537521883230394,1.0,2457.9598142750074,1000.0,2456.7245942750073,1000.0,0.04997304239338432,0.0
3358,1684620240000.0,0.0,0.0,51.9,2.3667,0.0,0.0,2.351,0.9537521883230394,1.0,2457.9598142750074,1000.0,2457.1449842750076,1000.0,0.04997304239338432,0.0
3359,1684623840000.0,0.0,0.0,51.9,2.3667,0.0,0.0,2.3453,0.9537521883230394,1.0,2457.9598142750074,1000.0,2456.8491542750075,1000.0,0.04997304239338432,0.0
3360,1684627440000.0,0.0,0.0,51.9,2.3667,0.0,0.0,2.33595,0.9537521883230394,1.0,2457.9598142750074,1000.0,2456.3638892750073,1000.0,0.04997304239338432,0.0
3361,1684631040000.0,0.0,0.0,51.9,2.3667,0.0,0.0,2.37835,0.9537521883230394,1.0,2457.9598142750074,1000.0,2458.5644492750075,1000.0,0.04997304239338432,0.0
3362,1684634640000.0,0.0,0.0,52.1,2.364245489443378,0.0,0.0,2.35925,0.9537521883230394,1.0,2458.271400729008,1000.0,2458.011135729008,1000.0,0.05010723794104729,0.0
3363,1684638240000.0,0.0,0.0,52.1,2.364245489443378,0.0,0.0,2.36585,0.9537521883230394,1.0,2458.271400729008,1000.0,2458.354995729008,1000.0,0.05010723794104729,0.0
3364,1684641840000.0,0.0,0.0,52.1,2.364245489443378,0.0,0.0,2.37245,0.9537521883230394,1.0,2458.271400729008,1000.0,2458.698855729008,1000.0,0.05010723794104729,0.0
3365,1684645440000.0,0.0,0.0,52.1,2.364245489443378,0.0,0.0,2.37665,0.9537521883230394,1.0,2458.271400729008,1000.0,2458.917675729008,1000.0,0.05010723794104729,0.0
3366,1684649040000.0,0.0,0.0,52.1,2.364245489443378,0.0,0.0,2.37445,0.9537521883230394,1.0,2458.271400729008,1000.0,2458.8030557290076,1000.0,0.05010723794104729,0.0
3367,1684652640000.0,0.0,0.0,52.1,2.364245489443378,0.0,0.0,2.3648,0.9537521883230394,1.0,2458.271400729008,1000.0,2458.300290729008,1000.0,0.05010723794104729,0.0
3368,1684656240000.0,0.0,0.0,52.1,2.364245489443378,0.0,0.0,2.37135,0.9537521883230394,1.0,2458.271400729008,1000.0,2458.6415457290077,1000.0,0.05010723794104729,0.0
3369,1684659840000.0,0.0,0.0,38.4,2.364245489443378,0.0,0.0,2.3883,0.9537521883230394,1.0,2458.5889246776337,1000.0,2459.512617883008,1000.0,0.03692647676208399,0.0
3370,1684663440000.0,0.0,0.0,18.6,2.364245489443378,0.0,0.0,2.407,0.9537521883230394,1.0,2459.505116426655,1000.0,2460.3003503230084,1000.0,0.017879599359214512,0.0
3371,1684667040000.0,0.0,0.0,51.7,2.374580083309511,0.0,0.0,2.3829,0.9537521883230394,1.0,2459.71185826011,1000.0,2460.1419979530083,1000.0,0.04991063888025517,0.0
3372,1684670640000.0,0.0,0.0,51.7,2.374580083309511,0.0,0.0,2.38145,0.9537521883230394,1.0,2459.71185826011,1000.0,2460.0670329530085,1000.0,0.04991063888025517,0.0
3373,1684674240000.0,0.0,0.0,18.0,2.374580083309511,0.0,0.0,2.4422,0.9537521883230394,1.0,2461.11078174058,1000.0,2462.327940241009,1000.0,0.017367134310525556,0.0
3374,1684677840000.0,0.0,0.0,0.0,2.374580083309511,0.0,0.0,2.6913,0.9537521883230394,1.0,2462.876756777009,1000.0,2462.876756777009,1000.0,0.0,0.0
3375,1684681440000.0,0.0,0.0,0.0,2.374580083309511,0.0,0.0,2.50715,0.9537521883230394,1.0,2462.876756777009,1000.0,2462.876756777009,1000.0,0.0,0.0
3376,1684685040000.0,0.0,0.0,37.0,2.4512,0.0,0.0,2.48695,0.9537521883230394,1.0,2463.1703306170093,1000.0,2464.493080617009,1000.0,0.03682019017226535,0.0
3377,1684688640000.0,0.0,0.0,50.2,2.454909960159362,0.0,0.0,2.4477,0.9537521883230394,1.0,2464.2223651410095,1000.0,2463.8604251410097,1000.0,0.05001029198635167,0.0
3378,1684692240000.0,0.0,0.0,50.2,2.454909960159362,0.0,0.0,2.4365,0.9537521883230394,1.0,2464.2223651410095,1000.0,2463.2981851410095,1000.0,0.05001029198635167,0.0
3379,1684695840000.0,0.0,0.0,50.2,2.454909960159362,0.0,0.0,2.44745,0.9537521883230394,1.0,2464.2223651410095,1000.0,2463.8478751410094,1000.0,0.05001029198635167,0.0
3380,1684699440000.0,0.0,0.0,1.3,2.454909960159362,0.0,0.0,2.5151,0.9537521883230394,1.0,2466.3186049352157,1000.0,2466.3968519870086,1000.0,0.0012939864873180084,0.0
3381,1684703040000.0,0.0,0.0,0.5,2.454909960159362,0.0,0.0,2.50355,0.9537521883230394,1.0,2466.369024017089,1000.0,2466.3933440370092,1000.0,0.0004976769364709538,0.0
3382,1684706640000.0,0.0,0.0,49.9,2.471400260281519,0.0,0.0,2.47955,0.9537521883230394,1.0,2466.349325565057,1000.0,2466.755997577009,1000.0,0.0500021921914057,0.0
3383,1684710240000.0,0.0,0.0,49.8,2.473561549791209,0.0,0.0,2.479,0.9537521883230394,1.0,2467.0635400566116,1000.0,2467.3343748770094,1000.0,0.049931168443588414,0.0
3384,1684713840000.0,0.0,0.0,49.8,2.473561549791209,0.0,0.0,2.4566,0.9537521883230394,1.0,2467.0635400566116,1000.0,2466.2188548770096,1000.0,0.049931168443588414,0.0
3385,1684717440000.0,0.0,0.0,49.8,2.473561549791209,0.0,0.0,2.4357,0.9537521883230394,1.0,2467.0635400566116,1000.0,2465.1780348770094,1000.0,0.049931168443588414,0.0
3386,1684721040000.0,0.0,0.0,79.4,2.4215752792031924,0.0,0.0,2.3785,0.9537521883230394,1.0,2468.133230165743,1000.0,2464.7130529970095,1000.0,0.07790222781280803,0.0
3387,1684724640000.0,0.0,0.0,79.4,2.4215752792031924,0.0,0.0,2.4014,0.9537521883230394,1.0,2468.133230165743,1000.0,2466.5313129970095,1000.0,0.07790222781280803,0.0
3388,1684728240000.0,0.0,0.0,79.4,2.4215752792031924,0.0,0.0,2.38875,0.9537521883230394,1.0,2468.133230165743,1000.0,2465.5269029970095,1000.0,0.07790222781280803,0.0
3389,1684731840000.0,0.0,0.0,79.4,2.4215752792031924,0.0,0.0,2.3814,0.9537521883230394,1.0,2468.133230165743,1000.0,2464.94331299701,1000.0,0.07790222781280803,0.0
3390,1684735440000.0,0.0,0.0,79.4,2.4215752792031924,0.0,0.0,2.33885,0.9537521883230394,1.0,2468.133230165743,1000.0,2461.5648429970097,1000.0,0.07790222781280803,0.0
3391,1684739040000.0,0.0,0.0,79.4,2.4215752792031924,0.0,0.0,2.3892,0.9537521883230394,1.0,2468.133230165743,1000.0,2465.5626329970096,1000.0,0.07790222781280803,0.0
3392,1684742640000.0,0.0,0.0,79.4,2.4215752792031924,0.0,0.0,2.3867,0.9537521883230394,1.0,2468.133230165743,1000.0,2465.3641329970096,1000.0,0.07790222781280803,0.0
3393,1684746240000.0,0.0,0.0,68.1,2.4215752792031924,0.0,0.0,2.43185,0.9537521883230394,1.0,2468.401442002747,1000.0,2469.10115048901,1000.0,0.06680812679315955,0.0
3394,1684749840000.0,0.0,0.0,14.2,2.4215752792031924,0.0,0.0,2.45105,0.9537521883230394,1.0,2470.531448563694,1000.0,2470.949989599009,1000.0,0.013918612120755118,0.0
3395,1684753440000.0,0.0,0.0,2.5,2.4215752792031924,0.0,0.0,2.45995,0.9537521883230394,1.0,2470.8518060930164,1000.0,2470.9477428950086,1000.0,0.0024501421667941494,0.0
3396,1684757040000.0,0.0,0.0,0.5,2.4215752792031924,0.0,0.0,2.499,0.9537521883230394,1.0,2470.9773415986097,1000.0,2471.016053959008,1000.0,0.0004900035379597094,0.0
3397,1684760640000.0,0.0,0.0,50.6,2.441183055015039,0.0,0.0,2.43565,0.9537521883230394,1.0,2470.966987340769,1000.0,2470.687014757008,1000.0,0.04999009020217473,0.0
3398,1684764240000.0,0.0,0.0,19.6,2.441183055015039,0.0,0.0,2.45805,0.9537521883230394,1.0,2471.8018172733036,1000.0,2472.132409395009,1000.0,0.01935721041384944,0.0
3399,1684767840000.0,0.0,0.0,50.5,2.444197333153518,0.0,0.0,2.432,0.9537521883230394,1.0,2471.8523199652614,1000.0,2471.236354641009,1000.0,0.049935007980568734,0.0
3400,1684771440000.0,0.0,0.0,50.5,2.444197333153518,0.0,0.0,2.4215,0.9537521883230394,1.0,2471.8523199652614,1000.0,2470.7061046410086,1000.0,0.049935007980568734,0.0
3401,1684775040000.0,0.0,0.0,50.5,2.444197333153518,0.0,0.0,2.4256,0.9537521883230394,1.0,2471.8523199652614,1000.0,2470.9131546410085,1000.0,0.049935007980568734,0.0
3402,1684778640000.0,0.0,0.0,50.5,2.444197333153518,0.0,0.0,2.4441,0.9537521883230394,1.0,2471.8523199652614,1000.0,2471.847404641009,1000.0,0.049935007980568734,0.0
3403,1684782240000.0,0.0,0.0,23.5,2.444197333153518,0.0,0.0,2.45025,0.9537521883230394,1.0,2472.5005609901164,1000.0,2472.642798661009,1000.0,0.0232309906154708,0.0
3404,1684785840000.0,0.0,0.0,17.4,2.444197333153518,0.0,0.0,2.4486,0.9537521883230394,1.0,2472.6470154438803,1000.0,2472.723621847009,1000.0,0.01719979978186921,0.0
3405,1684789440000.0,0.0,0.0,50.6,2.443346118515241,0.0,0.0,2.4645,0.9537521883230394,1.0,2472.6307945878802,1000.0,2473.701180991009,1000.0,0.05000071740086756,0.0
3406,1684793040000.0,0.0,0.0,50.6,2.443346118515241,0.0,0.0,2.44785,0.9537521883230394,1.0,2472.6307945878802,1000.0,2472.858690991009,1000.0,0.05000071740086756,0.0
3407,1684796640000.0,0.0,0.0,50.6,2.443346118515241,0.0,0.0,2.4509,0.9537521883230394,1.0,2472.6307945878802,1000.0,2473.013020991009,1000.0,0.05000071740086756,0.0
3408,1684800240000.0,0.0,0.0,50.6,2.443346118515241,0.0,0.0,2.44355,0.9537521883230394,1.0,2472.6307945878802,1000.0,2472.641110991009,1000.0,0.05000071740086756,0.0
3409,1684803840000.0,0.0,0.0,50.6,2.443346118515241,0.0,0.0,2.419,0.9537521883230394,1.0,2472.6307945878802,1000.0,2471.3988809910093,1000.0,0.05000071740086756,0.0
3410,1684807440000.0,0.0,0.0,12.9,2.443346118515241,0.0,0.0,2.482,0.9537521883230394,1.0,2473.5340987078566,1000.0,2474.03273377901,1000.0,0.012742563340975099,0.0
3411,1684811040000.0,0.0,0.0,0.9,2.443346118515241,0.0,0.0,2.53455,0.9537521883230394,1.0,2474.4516465356733,1000.0,2474.5337300290093,1000.0,0.0008886863922931843,0.0
3412,1684814640000.0,0.0,0.0,0.0,2.443346118515241,0.0,0.0,2.69085,0.9537521883230394,1.0,2474.5590936450094,1000.0,2474.5590936450094,1000.0,0.0,0.0
3413,1684818240000.0,0.0,0.0,0.0,2.443346118515241,0.0,0.0,2.62475,0.9537521883230394,1.0,2474.5590936450094,1000.0,2474.5590936450094,1000.0,0.0,0.0
3414,1684821840000.0,0.0,0.0,0.0,2.443346118515241,0.0,0.0,2.62145,0.9537521883230394,1.0,2474.5590936450094,1000.0,2474.5590936450094,1000.0,0.0,0.0
3415,1684825440000.0,0.0,0.0,0.0,2.443346118515241,0.0,0.0,2.63985,0.9537521883230394,1.0,2474.5590936450094,1000.0,2474.5590936450094,1000.0,0.0,0.0
3416,1684829040000.0,0.0,0.0,0.0,2.443346118515241,0.0,0.0,2.60115,0.9537521883230394,1.0,2474.5590936450094,1000.0,2474.5590936450094,1000.0,0.0,0.0
3417,1684832640000.0,0.0,0.0,0.0,2.443346118515241,0.0,0.0,2.6049,0.9537521883230394,1.0,2474.5590936450094,1000.0,2474.5590936450094,1000.0,0.0,0.0
3418,1684836240000.0,0.0,0.0,0.0,2.443346118515241,0.0,0.0,2.61265,0.9537521883230394,1.0,2474.5590936450094,1000.0,2474.5590936450094,1000.0,0.0,0.0
3419,1684839840000.0,0.0,0.0,0.0,2.443346118515241,0.0,0.0,2.6304,0.9537521883230394,1.0,2474.5590936450094,1000.0,2474.5590936450094,1000.0,0.0,0.0
3420,1684843440000.0,0.0,0.0,0.0,2.443346118515241,0.0,0.0,2.63935,0.9537521883230394,1.0,2474.5590936450094,1000.0,2474.5590936450094,1000.0,0.0,0.0
3421,1684847040000.0,0.0,0.0,0.0,2.443346118515241,0.0,0.0,2.6581,0.9537521883230394,1.0,2474.5590936450094,1000.0,2474.5590936450094,1000.0,0.0,0.0
3422,1684850640000.0,0.0,0.0,0.0,2.443346118515241,0.0,0.0,2.65835,0.9537521883230394,1.0,2474.5590936450094,1000.0,2474.5590936450094,1000.0,0.0,0.0
3423,1684854240000.0,0.0,0.0,0.0,2.443346118515241,0.0,0.0,2.7126,0.9537521883230394,1.0,2474.5590936450094,1000.0,2474.5590936450094,1000.0,0.0,0.0
3424,1684857840000.0,0.0,0.0,0.0,2.443346118515241,0.0,0.0,2.69455,0.9537521883230394,1.0,2474.5590936450094,1000.0,2474.5590936450094,1000.0,0.0,0.0
3425,1684861440000.0,0.0,0.0,0.0,2.443346118515241,0.0,0.0,2.76115,0.9537521883230394,1.0,2474.5590936450094,1000.0,2474.5590936450094,1000.0,0.0,0.0
3426,1684865040000.0,0.0,0.0,0.0,2.443346118515241,0.0,0.0,2.7167,0.9537521883230394,1.0,2474.5590936450094,1000.0,2474.5590936450094,1000.0,0.0,0.0
3427,1684868640000.0,0.0,0.0,0.0,2.443346118515241,0.0,0.0,2.70845,0.9537521883230394,1.0,2474.5590936450094,1000.0,2474.5590936450094,1000.0,0.0,0.0
3428,1684872240000.0,0.0,0.0,0.0,2.443346118515241,0.0,0.0,2.72625,0.9537521883230394,1.0,2474.5590936450094,1000.0,2474.5590936450094,1000.0,0.0,0.0
3429,1684875840000.0,0.0,0.0,29.1,2.6909,0.0,0.0,2.72325,0.9537521883230394,1.0,2474.9814508630093,1000.0,2475.9228358630094,1000.0,0.03163869772547003,0.0
3430,1684879440000.0,0.0,0.0,45.9,2.6952555555555557,0.0,0.0,2.6966,0.9537521883230394,1.0,2475.4622241910106,1000.0,2475.5239341910105,1000.0,0.04997540612457925,0.0
3431,1684883040000.0,0.0,0.0,45.9,2.6952555555555557,0.0,0.0,2.69425,0.9537521883230394,1.0,2475.4622241910106,1000.0,2475.4160691910106,1000.0,0.04997540612457925,0.0
3432,1684886640000.0,0.0,0.0,45.9,2.695847228274026,0.0,0.0,2.7118,0.9537521883230394,1.0,2475.776346052788,1000.0,2476.50857827501,1000.0,0.049980034737410584,0.0
3433,1684890240000.0,0.0,0.0,17.9,2.695847228274026,0.0,0.0,2.73575,0.9537521883230394,1.0,2476.6106070111155,1000.0,2477.3248666250106,1000.0,0.019484558957107174,0.0
3434,1684893840000.0,0.0,0.0,39.3,2.70079404618821,0.0,0.0,2.66335,0.9537521883230394,1.0,2476.832433986207,1000.0,2475.36088297101,1000.0,0.04285360792226598,0.0
3435,1684897440000.0,0.0,0.0,39.3,2.70079404618821,0.0,0.0,2.715,0.9537521883230394,1.0,2476.832433986207,1000.0,2477.39072797101,1000.0,0.04285360792226598,0.0
3436,1684901040000.0,0.0,0.0,99.4,2.6446881892876926,0.0,0.0,2.60375,0.9537521883230394,1.0,2476.801085826207,1000.0,2472.7318298110104,1000.0,0.10613771429589994,0.0
3437,1684904640000.0,0.0,0.0,85.2,2.6446881892876926,0.0,0.0,2.6505,0.9537521883230394,1.0,2477.169967330322,1000.0,2477.6651336030104,1000.0,0.09096163634268088,0.0
3438,1684908240000.0,0.0,0.0,85.2,2.6446881892876926,0.0,0.0,2.618,0.9537521883230394,1.0,2477.169967330322,1000.0,2474.8961336030106,1000.0,0.09096163634268088,0.0
3439,1684911840000.0,0.0,0.0,215.6,2.5854830877890143,0.0,0.0,2.56105,0.9537521883230394,1.0,2477.103546786322,1000.0,2471.8357730590105,1000.0,0.22503304492478532,0.0
3440,1684915440000.0,0.0,0.0,215.6,2.5854830877890143,0.0,0.0,2.5421,0.9537521883230394,1.0,2477.103546786322,1000.0,2467.7501530590107,1000.0,0.22503304492478532,0.0
3441,1684919040000.0,0.0,0.0,215.6,2.5854830877890143,0.0,0.0,2.54345,0.9537521883230394,1.0,2477.103546786322,1000.0,2468.0412130590107,1000.0,0.22503304492478532,0.0
3442,1684922640000.0,0.0,0.0,215.6,2.5854830877890143,0.0,0.0,2.5547,0.9537521883230394,1.0,2477.103546786322,1000.0,2470.4667130590105,1000.0,0.22503304492478532,0.0
3443,1684926240000.0,0.0,0.0,215.6,2.5854830877890143,0.0,0.0,2.5072,0.9537521883230394,1.0,2477.103546786322,1000.0,2460.2257130590106,1000.0,0.22503304492478532,0.0
3444,1684929840000.0,0.00029117735340470973,0.0,992.6,2.495475169985202,0.0,0.0,2.48405,0.9537521883230394,1.0,2476.719631086322,1000.0,2465.3790073590103,1000.0,1.0001166957443879,0.0
3445,1684933440000.0,0.00029117735340470973,0.0,992.6,2.495475169985202,0.0,0.0,2.48705,0.9537521883230394,1.0,2476.719631086322,1000.0,2468.3568073590104,1000.0,1.0001166957443879,0.0
3446,1684937040000.0,0.00029117735340470973,0.0,992.6,2.495475169985202,0.0,0.0,2.42935,0.9537521883230394,1.0,2476.719631086322,1000.0,2411.0837873590103,1000.0,1.0001166957443879,0.0
3447,1684940640000.0,0.00029117735340470973,0.0,992.6,2.495475169985202,0.0,0.0,2.4717,0.9537521883230394,1.0,2476.719631086322,1000.0,2453.1203973590104,1000.0,1.0001166957443879,0.0
3448,1684944240000.0,0.0,0.0,619.0,2.495475169985202,0.0,0.0,2.47225,0.9537521883230394,1.0,2485.6420335378507,1000.0,2471.2656533170107,1000.0,0.6214487482021886,0.0
3449,1684947840000.0,0.0,0.0,180.6,2.495475169985202,0.0,0.0,2.4906,0.9537521883230394,1.0,2496.391921576338,1000.0,2495.511465877011,1000.0,0.18053367814727797,0.0
3450,1684951440000.0,0.0,0.0,97.6,2.495475169985202,0.0,0.0,2.52825,0.9537521883230394,1.0,2498.4271421675658,1000.0,2501.62596557701,1000.0,0.09748468245475882,0.0
3451,1684955040000.0,0.0,0.0,61.6,2.495475169985202,0.0,0.0,2.52305,0.9537521883230394,1.0,2499.3098884480987,1000.0,2501.0084979770104,1000.0,0.06150548644711636,0.0
3452,1684958640000.0,0.0,0.0,49.9,2.5044209309585135,0.0,0.0,2.466,0.9537521883230394,1.0,2500.51912249384,1000.0,2498.60191803901,1000.0,0.04997786392858817,0.0
3453,1684962240000.0,0.0,0.0,1.4,2.5044209309585135,0.0,0.0,2.614,0.9537521883230394,1.0,2503.207491818352,1000.0,2503.3609025150104,1000.0,0.001400678655206082,0.0
3454,1684965840000.0,0.0,0.0,0.0,2.5044209309585135,0.0,0.0,2.67805,0.9537521883230394,1.0,2503.41542954101,1000.0,2503.41542954101,1000.0,0.0,0.0
3455,1684969440000.0,0.0,0.0,0.0,2.5044209309585135,0.0,0.0,2.64805,0.9537521883230394,1.0,2503.41542954101,1000.0,2503.41542954101,1000.0,0.0,0.0
3456,1684973040000.0,0.0,0.0,0.0,2.5044209309585135,0.0,0.0,2.6396,0.9537521883230394,1.0,2503.41542954101,1000.0,2503.41542954101,1000.0,0.0,0.0
3457,1684976640000.0,0.0,0.0,41.6,2.5831,0.0,0.0,2.606,0.9537521883230394,1.0,2503.56548305101,1000.0,2504.5181230510098,1000.0,0.04292156954850083,0.0
3458,1684980240000.0,0.0,0.0,30.6,2.5831,0.0,0.0,2.61115,0.9537521883230394,1.0,2503.84464325101,1000.0,2504.70297325101,1000.0,0.03156859600417148,0.0
3459,1684983840000.0,0.0,0.0,10.2,2.5832602061855674,0.0,0.0,2.6635,0.9537521883230394,1.0,2505.458714268103,1000.0,2506.27716016501,1000.0,0.010516738493050745,0.0
3460,1684987440000.0,0.0,0.0,3.8,2.5832602061855674,0.0,0.0,2.6173,0.9537521883230394,1.0,2505.726988048516,1000.0,2505.856339265011,1000.0,0.0039175811372611875,0.0
3461,1684991040000.0,0.0,0.0,1.3,2.5832602061855674,0.0,0.0,2.6262,0.9537521883230394,1.0,2505.8535203330516,1000.0,2505.9093420650106,1000.0,0.0013401574516593835,0.0
3462,1684994640000.0,0.0,0.0,0.6,2.5832602061855674,0.0,0.0,2.6987,0.9537521883230394,1.0,2505.896507860721,1000.0,2505.9657717370096,1000.0,0.000618523597781991,0.0
3463,1684998240000.0,0.0,0.0,0.0,2.5832602061855674,0.0,0.0,2.74165,0.9537521883230394,1.0,2505.9621485530092,1000.0,2505.9621485530092,1000.0,0.0,0.0
3464,1685001840000.0,0.0,0.0,0.0,2.5832602061855674,0.0,0.0,2.7009,0.9537521883230394,1.0,2505.9621485530092,1000.0,2505.9621485530092,1000.0,0.0,0.0
3465,1685005440000.0,0.0,0.0,0.0,2.5832602061855674,0.0,0.0,2.7115,0.9537521883230394,1.0,2505.9621485530092,1000.0,2505.9621485530092,1000.0,0.0,0.0
3466,1685009040000.0,0.0,0.0,0.0,2.5832602061855674,0.0,0.0,2.70005,0.9537521883230394,1.0,2505.9621485530092,1000.0,2505.9621485530092,1000.0,0.0,0.0
3467,1685012640000.0,0.0,0.0,0.0,2.5832602061855674,0.0,0.0,2.724,0.9537521883230394,1.0,2505.9621485530092,1000.0,2505.9621485530092,1000.0,0.0,0.0
3468,1685016240000.0,0.0,0.0,0.0,2.5832602061855674,0.0,0.0,2.8102,0.9537521883230394,1.0,2505.9621485530092,1000.0,2505.9621485530092,1000.0,0.0,0.0
3469,1685019840000.0,0.0,0.0,0.0,2.5832602061855674,0.0,0.0,2.87865,0.9537521883230394,1.0,2505.9621485530092,1000.0,2505.9621485530092,1000.0,0.0,0.0
3470,1685023440000.0,0.0,0.0,0.0,2.5832602061855674,0.0,0.0,2.85885,0.9537521883230394,1.0,2505.9621485530092,1000.0,2505.9621485530092,1000.0,0.0,0.0
3471,1685027040000.0,0.0,0.0,0.0,2.5832602061855674,0.0,0.0,2.8209,0.9537521883230394,1.0,2505.9621485530092,1000.0,2505.9621485530092,1000.0,0.0,0.0
3472,1685030640000.0,0.0,0.0,45.4,2.7627,0.0,0.0,2.7761,0.9537521883230394,1.0,2505.937063237009,1000.0,2506.5454232370093,1000.0,0.050051767795788925,0.0
3473,1685034240000.0,0.0,0.0,39.0,2.7627,0.0,0.0,2.7776,0.9537521883230394,1.0,2506.110771525009,1000.0,2506.691871525009,1000.0,0.042993031762293264,0.0
3474,1685037840000.0,0.0,0.0,42.3,2.7640300220750555,0.0,0.0,2.7385,0.9537521883230394,1.0,2506.6580051307833,1000.0,2505.5780851970085,1000.0,0.046643167793316384,0.0
3475,1685041440000.0,0.0,0.0,42.3,2.7640300220750555,0.0,0.0,2.7284,0.9537521883230394,1.0,2506.6580051307833,1000.0,2505.1508551970082,1000.0,0.046643167793316384,0.0
3476,1685045040000.0,0.0,0.0,42.3,2.7640300220750555,0.0,0.0,2.7248,0.9537521883230394,1.0,2506.6580051307833,1000.0,2504.9985751970084,1000.0,0.046643167793316384,0.0
3477,1685048640000.0,0.0,0.0,42.3,2.7640300220750555,0.0,0.0,2.74275,0.9537521883230394,1.0,2506.6580051307833,1000.0,2505.7578601970085,1000.0,0.046643167793316384,0.0
3478,1685052240000.0,0.0,0.0,42.3,2.7640300220750555,0.0,0.0,2.71485,0.9537521883230394,1.0,2506.6580051307833,1000.0,2504.5776901970085,1000.0,0.046643167793316384,0.0
3479,1685055840000.0,0.0,0.0,42.3,2.7640300220750555,0.0,0.0,2.69845,0.9537521883230394,1.0,2506.6580051307833,1000.0,2503.8839701970082,1000.0,0.046643167793316384,0.0
3480,1685059440000.0,0.0,0.0,42.3,2.7640300220750555,0.0,0.0,2.6952,0.9537521883230394,1.0,2506.6580051307833,1000.0,2503.7464951970082,1000.0,0.046643167793316384,0.0
3481,1685063040000.0,0.0,0.0,42.3,2.7640300220750555,0.0,0.0,2.69875,0.9537521883230394,1.0,2506.6580051307833,1000.0,2503.8966601970083,1000.0,0.046643167793316384,0.0
3482,1685066640000.0,0.0,0.0,107.0,2.706265606857709,0.0,0.0,2.68375,0.9537521883230394,1.0,2506.6234747407834,1000.0,2504.2143048070084,1000.0,0.11552210487605048,0.0
3483,1685070240000.0,0.0,0.0,49.7,2.706265606857709,0.0,0.0,2.7291,0.9537521883230394,1.0,2508.1469507038373,1000.0,2509.2818200430092,1000.0,0.053625805546634465,0.0
3484,1685073840000.0,0.0,0.0,7.6,2.706265606857709,0.0,0.0,2.7664,0.9537521883230394,1.0,2509.9024061791283,1000.0,2510.35942756701,1000.0,0.008194588985405636,0.0
3485,1685077440000.0,0.0,0.0,3.3,2.706265606857709,0.0,0.0,2.7463,0.9537521883230394,1.0,2510.1170332816405,1000.0,2510.24914677901,1000.0,0.0035578725550317394,0.0
3486,1685081040000.0,0.0,0.0,46.1,2.7230382650139755,0.0,0.0,2.685,0.9537521883230394,1.0,2510.1145501721544,1000.0,2508.3609861550103,1000.0,0.050010492154047216,0.0
3487,1685084640000.0,0.0,0.0,46.1,2.7230382650139755,0.0,0.0,2.68625,0.9537521883230394,1.0,2510.1145501721544,1000.0,2508.4186111550102,1000.0,0.050010492154047216,0.0
3488,1685088240000.0,0.0,0.0,46.1,2.7230382650139755,0.0,0.0,2.7015,0.9537521883230394,1.0,2510.1145501721544,1000.0,2509.12163615501,1000.0,0.050010492154047216,0.0
3489,1685091840000.0,0.0,0.0,5.6,2.7230382650139755,0.0,0.0,2.79185,0.9537521883230394,1.0,2512.608550517087,1000.0,2512.993896233009,1000.0,0.006068997210464822,0.0
3490,1685095440000.0,0.0,0.0,0.6,2.7230382650139755,0.0,0.0,2.80045,0.9537521883230394,1.0,2512.973482608017,1000.0,2513.0199296490086,1000.0,0.0006501552723559857,0.0
3491,1685099040000.0,0.0,0.0,0.0,2.7230382650139755,0.0,0.0,2.8311,0.9537521883230394,1.0,2513.029401633009,1000.0,2513.029401633009,1000.0,0.0,0.0
3492,1685102640000.0,0.0,0.0,0.0,2.7230382650139755,0.0,0.0,2.8048,0.9537521883230394,1.0,2513.029401633009,1000.0,2513.029401633009,1000.0,0.0,0.0
3493,1685106240000.0,0.0,0.0,0.0,2.7230382650139755,0.0,0.0,2.82915,0.9537521883230394,1.0,2513.029401633009,1000.0,2513.029401633009,1000.0,0.0,0.0
3494,1685109840000.0,0.0,0.0,0.0,2.7230382650139755,0.0,0.0,2.8231,0.9537521883230394,1.0,2513.029401633009,1000.0,2513.029401633009,1000.0,0.0,0.0
3495,1685113440000.0,0.0,0.0,0.0,2.7230382650139755,0.0,0.0,2.82275,0.9537521883230394,1.0,2513.029401633009,1000.0,2513.029401633009,1000.0,0.0,0.0
3496,1685117040000.0,0.0,0.0,0.0,2.7230382650139755,0.0,0.0,2.82805,0.9537521883230394,1.0,2513.029401633009,1000.0,2513.029401633009,1000.0,0.0,0.0
3497,1685120640000.0,0.0,0.0,0.0,2.7230382650139755,0.0,0.0,2.82235,0.9537521883230394,1.0,2513.029401633009,1000.0,2513.029401633009,1000.0,0.0,0.0
3498,1685124240000.0,0.0,0.0,44.8,2.8033,0.0,0.0,2.75465,0.9537521883230394,1.0,2513.004284065009,1000.0,2510.824764065009,1000.0,0.049975179428206326,0.0
3499,1685127840000.0,0.0,0.0,44.8,2.8033,0.0,0.0,2.77965,0.9537521883230394,1.0,2513.004284065009,1000.0,2511.944764065009,1000.0,0.049975179428206326,0.0
3500,1685131440000.0,0.0,0.0,44.8,2.8033,0.0,0.0,2.7701,0.9537521883230394,1.0,2513.004284065009,1000.0,2511.516924065009,1000.0,0.049975179428206326,0.0
3501,1685135040000.0,0.0,0.0,44.8,2.8033,0.0,0.0,2.7582,0.9537521883230394,1.0,2513.004284065009,1000.0,2510.983804065009,1000.0,0.049975179428206326,0.0
3502,1685138640000.0,0.0,0.0,44.8,2.8033,0.0,0.0,2.743,0.9537521883230394,1.0,2513.004284065009,1000.0,2510.302844065009,1000.0,0.049975179428206326,0.0
3503,1685142240000.0,0.0,0.0,44.8,2.8033,0.0,0.0,2.7235,0.9537521883230394,1.0,2513.004284065009,1000.0,2509.429244065009,1000.0,0.049975179428206326,0.0
3504,1685145840000.0,0.0,0.0,44.8,2.8033,0.0,0.0,2.7206,0.9537521883230394,1.0,2513.004284065009,1000.0,2509.299324065009,1000.0,0.049975179428206326,0.0
3505,1685149440000.0,0.0,0.0,113.4,2.7443790123456786,0.0,0.0,2.7246,0.9537521883230394,1.0,2512.967159117009,1000.0,2510.724219117009,1000.0,0.12384267692115479,0.0
3506,1685153040000.0,0.0,0.0,38.7,2.7443790123456786,0.0,0.0,2.7755,0.9537521883230394,1.0,2514.981564708787,1000.0,2516.1859469310093,1000.0,0.04222991900542049,0.0
3507,1685156640000.0,0.0,0.0,33.6,2.745834424723775,0.0,0.0,2.76325,0.9537521883230394,1.0,2515.4486288757284,1000.0,2516.03379220501,1000.0,0.036677368645748956,0.0
3508,1685160240000.0,0.0,0.0,45.7,2.748817099169468,0.0,0.0,2.73845,0.9537521883230394,1.0,2515.5684930870543,1000.0,2515.0947166550095,1000.0,0.04993739656751912,0.0
3509,1685163840000.0,0.0,0.0,45.7,2.748817099169468,0.0,0.0,2.7399,0.9537521883230394,1.0,2515.5684930870543,1000.0,2515.1609816550094,1000.0,0.04993739656751912,0.0
3510,1685167440000.0,0.0,0.0,45.7,2.748817099169468,0.0,0.0,2.686,0.9537521883230394,1.0,2515.5684930870543,1000.0,2512.6977516550096,1000.0,0.04993739656751912,0.0
3511,1685171040000.0,0.0,0.0,45.7,2.748817099169468,0.0,0.0,2.7029,0.9537521883230394,1.0,2515.5684930870543,1000.0,2513.47008165501,1000.0,0.04993739656751912,0.0
3512,1685174640000.0,0.0,0.0,45.7,2.748817099169468,0.0,0.0,2.68525,0.9537521883230394,1.0,2515.5684930870543,1000.0,2512.6634766550096,1000.0,0.04993739656751912,0.0
3513,1685178240000.0,0.0,0.0,45.7,2.748817099169468,0.0,0.0,2.687,0.9537521883230394,1.0,2515.5684930870543,1000.0,2512.7434516550097,1000.0,0.04993739656751912,0.0
3514,1685181840000.0,0.0,0.0,45.7,2.748817099169468,0.0,0.0,2.695,0.9537521883230394,1.0,2515.5684930870543,1000.0,2513.10905165501,1000.0,0.04993739656751912,0.0
3515,1685185440000.0,0.0,0.0,45.7,2.748817099169468,0.0,0.0,2.7154,0.9537521883230394,1.0,2515.5684930870543,1000.0,2514.04133165501,1000.0,0.04993739656751912,0.0
3516,1685189040000.0,0.0,0.0,45.7,2.748817099169468,0.0,0.0,2.71505,0.9537521883230394,1.0,2515.5684930870543,1000.0,2514.0253366550096,1000.0,0.04993739656751912,0.0
3517,1685192640000.0,0.0,0.0,45.7,2.748817099169468,0.0,0.0,2.7051,0.9537521883230394,1.0,2515.5684930870543,1000.0,2513.5706216550097,1000.0,0.04993739656751912,0.0
3518,1685196240000.0,0.0,0.0,115.6,2.691060652526339,0.0,0.0,2.65005,0.9537521883230394,1.0,2515.5313999530545,1000.0,2510.79056852101,1000.0,0.12366635989431511,0.0
3519,1685199840000.0,0.0,0.0,115.6,2.691060652526339,0.0,0.0,2.6632,0.9537521883230394,1.0,2515.5313999530545,1000.0,2512.3107085210095,1000.0,0.12366635989431511,0.0
3520,1685203440000.0,0.0,0.0,115.6,2.691060652526339,0.0,0.0,2.63145,0.9537521883230394,1.0,2515.5313999530545,1000.0,2508.6404085210097,1000.0,0.12366635989431511,0.0
3521,1685207040000.0,0.0,0.0,115.6,2.691060652526339,0.0,0.0,2.61595,0.9537521883230394,1.0,2515.5313999530545,1000.0,2506.8486085210097,1000.0,0.12366635989431511,0.0
3522,1685210640000.0,0.0,0.0,115.6,2.691060652526339,0.0,0.0,2.6542,0.9537521883230394,1.0,2515.5313999530545,1000.0,2511.2703085210096,1000.0,0.12366635989431511,0.0
3523,1685214240000.0,0.0,0.0,115.6,2.691060652526339,0.0,0.0,2.63805,0.9537521883230394,1.0,2515.5313999530545,1000.0,2509.4033685210097,1000.0,0.12366635989431511,0.0
3524,1685217840000.0,0.0,0.0,115.6,2.691060652526339,0.0,0.0,2.6274,0.9537521883230394,1.0,2515.5313999530545,1000.0,2508.17222852101,1000.0,0.12366635989431511,0.0
3525,1685221440000.0,0.0,0.0,115.6,2.691060652526339,0.0,0.0,2.62725,0.9537521883230394,1.0,2515.5313999530545,1000.0,2508.1548885210095,1000.0,0.12366635989431511,0.0
3526,1685225040000.0,0.0,0.0,115.6,2.691060652526339,0.0,0.0,2.6301,0.9537521883230394,1.0,2515.5313999530545,1000.0,2508.48434852101,1000.0,0.12366635989431511,0.0
3527,1685228640000.0,0.0,0.0,115.6,2.691060652526339,0.0,0.0,2.6157,0.9537521883230394,1.0,2515.5313999530545,1000.0,2506.8197085210095,1000.0,0.12366635989431511,0.0
3528,1685232240000.0,0.0,0.0,115.6,2.691060652526339,0.0,0.0,2.6116,0.9537521883230394,1.0,2515.5313999530545,1000.0,2506.3457485210097,1000.0,0.12366635989431511,0.0
3529,1685235840000.0,0.0,0.0,115.6,2.691060652526339,0.0,0.0,2.6823,0.9537521883230394,1.0,2515.5313999530545,1000.0,2514.5186685210097,1000.0,0.12366635989431511,0.0
3530,1685239440000.0,0.0,0.0,115.6,2.691060652526339,0.0,0.0,2.6578,0.9537521883230394,1.0,2515.5313999530545,1000.0,2511.68646852101,1000.0,0.12366635989431511,0.0
3531,1685243040000.0,0.0,0.0,115.6,2.691060652526339,0.0,0.0,2.65155,0.9537521883230394,1.0,2515.5313999530545,1000.0,2510.9639685210095,1000.0,0.12366635989431511,0.0
3532,1685246640000.0,0.0,0.0,115.6,2.691060652526339,0.0,0.0,2.65985,0.9537521883230394,1.0,2515.5313999530545,1000.0,2511.9234485210095,1000.0,0.12366635989431511,0.0
3533,1685250240000.0,0.0,0.0,115.6,2.691060652526339,0.0,0.0,2.65165,0.9537521883230394,1.0,2515.5313999530545,1000.0,2510.97552852101,1000.0,0.12366635989431511,0.0
3534,1685253840000.0,0.0,0.0,115.6,2.691060652526339,0.0,0.0,2.67205,0.9537521883230394,1.0,2515.5313999530545,1000.0,2513.3337685210095,1000.0,0.12366635989431511,0.0
3535,1685257440000.0,0.0,0.0,115.6,2.691060652526339,0.0,0.0,2.66,0.9537521883230394,1.0,2515.5313999530545,1000.0,2511.94078852101,1000.0,0.12366635989431511,0.0
3536,1685261040000.0,0.0,0.0,115.6,2.691060652526339,0.0,0.0,2.6673,0.9537521883230394,1.0,2515.5313999530545,1000.0,2512.7846685210097,1000.0,0.12366635989431511,0.0
3537,1685264640000.0,0.0,0.0,62.5,2.691060652526339,0.0,0.0,2.7237,0.9537521883230394,1.0,2516.933014143906,1000.0,2518.9729733610097,1000.0,0.06682390426671872,0.0
3538,1685268240000.0,0.0,0.0,53.6,2.691060652526339,0.0,0.0,2.69405,0.9537521883230394,1.0,2517.1679362964214,1000.0,2517.3281653210097,1000.0,0.05730283184348729,0.0
3539,1685271840000.0,0.0,0.0,39.5,2.691060652526339,0.0,0.0,2.69965,0.9537521883230394,1.0,2517.5401163358,1000.0,2517.87939556101,1000.0,0.04222252312288956,0.0
3540,1685275440000.0,0.0,0.0,39.5,2.691060652526339,0.0,0.0,2.6883,0.9537521883230394,1.0,2517.5401163358,1000.0,2517.4310705610096,1000.0,0.04222252312288956,0.0
3541,1685279040000.0,0.0,0.0,39.5,2.691060652526339,0.0,0.0,2.68605,0.9537521883230394,1.0,2517.5401163358,1000.0,2517.3421955610097,1000.0,0.04222252312288956,0.0
3542,1685282640000.0,0.0,0.0,39.5,2.691060652526339,0.0,0.0,2.66725,0.9537521883230394,1.0,2517.5401163358,1000.0,2516.5995955610097,1000.0,0.04222252312288956,0.0
3543,1685286240000.0,0.0,0.0,39.5,2.691060652526339,0.0,0.0,2.66855,0.9537521883230394,1.0,2517.5401163358,1000.0,2516.65094556101,1000.0,0.04222252312288956,0.0
3544,1685289840000.0,0.0,0.0,39.5,2.691060652526339,0.0,0.0,2.68345,0.9537521883230394,1.0,2517.5401163358,1000.0,2517.23949556101,1000.0,0.04222252312288956,0.0
3545,1685293440000.0,0.0,0.0,39.5,2.691060652526339,0.0,0.0,2.66565,0.9537521883230394,1.0,2517.5401163358,1000.0,2516.5363955610096,1000.0,0.04222252312288956,0.0
3546,1685297040000.0,0.0,0.0,39.5,2.691060652526339,0.0,0.0,2.68105,0.9537521883230394,1.0,2517.5401163358,1000.0,2517.14469556101,1000.0,0.04222252312288956,0.0
3547,1685300640000.0,0.0,0.0,39.5,2.691060652526339,0.0,0.0,2.6772,0.9537521883230394,1.0,2517.5401163358,1000.0,2516.9926205610095,1000.0,0.04222252312288956,0.0
3548,1685304240000.0,0.0,0.0,39.5,2.691060652526339,0.0,0.0,2.7119,0.9537521883230394,1.0,2517.5401163358,1000.0,2518.36327056101,1000.0,0.04222252312288956,0.0
3549,1685307840000.0,0.0,0.0,39.5,2.691060652526339,0.0,0.0,2.7003,0.9537521883230394,1.0,2517.5401163358,1000.0,2517.90507056101,1000.0,0.04222252312288956,0.0
3550,1685311440000.0,0.0,0.0,20.3,2.691060652526339,0.0,0.0,2.7418,0.9537521883230394,1.0,2518.2783083992945,1000.0,2519.3083171530097,1000.0,0.021692809354740654,0.0
3551,1685315040000.0,0.0,0.0,0.7,2.691060652526339,0.0,0.0,2.76445,0.9537521883230394,1.0,2519.9072926797776,1000.0,2519.958665223009,1000.0,0.0007475443490483273,0.0
3552,1685318640000.0,0.0,0.0,0.2,2.691060652526339,0.0,0.0,2.73285,0.9537521883230394,1.0,2519.9388968715143,1000.0,2519.947254741009,1000.0,0.0002135814210310632,0.0
3553,1685322240000.0,0.0,0.0,0.0,2.691060652526339,0.0,0.0,2.73805,0.9537521883230394,1.0,2519.949434969009,1000.0,2519.949434969009,1000.0,0.0,0.0
3554,1685325840000.0,0.0,0.0,46.3,2.7205,0.0,0.0,2.71895,0.9537521883230394,1.0,2519.924243139009,1000.0,2519.852478139009,1000.0,0.04998529235271602,0.0
3555,1685329440000.0,0.0,0.0,46.3,2.7205,0.0,0.0,2.682,0.9537521883230394,1.0,2519.924243139009,1000.0,2518.141693139009,1000.0,0.04998529235271602,0.0
3556,1685333040000.0,0.0,0.0,117.2,2.663332337883959,0.0,0.0,2.63345,0.9537521883230394,1.0,2519.8870064590087,1000.0,2516.3847964590086,1000.0,0.12387164551422822,0.0
3557,1685336640000.0,0.0,0.0,117.2,2.663332337883959,0.0,0.0,2.58915,0.9537521883230394,1.0,2519.8870064590087,1000.0,2511.1928364590085,1000.0,0.12387164551422822,0.0
3558,1685340240000.0,0.0,0.0,117.2,2.663332337883959,0.0,0.0,2.6171,0.9537521883230394,1.0,2519.8870064590087,1000.0,2514.4685764590085,1000.0,0.12387164551422822,0.0
3559,1685343840000.0,0.0,0.0,117.2,2.663332337883959,0.0,0.0,2.6386,0.9537521883230394,1.0,2519.8870064590087,1000.0,2516.9883764590086,1000.0,0.12387164551422822,0.0
3560,1685347440000.0,0.0,0.0,117.2,2.663332337883959,0.0,0.0,2.62925,0.9537521883230394,1.0,2519.8870064590087,1000.0,2515.8925564590086,1000.0,0.12387164551422822,0.0
3561,1685351040000.0,0.0,0.0,117.2,2.663332337883959,0.0,0.0,2.62485,0.9537521883230394,1.0,2519.8870064590087,1000.0,2515.3768764590086,1000.0,0.12387164551422822,0.0
3562,1685354640000.0,0.0,0.0,117.2,2.663332337883959,0.0,0.0,2.6199,0.9537521883230394,1.0,2519.8870064590087,1000.0,2514.7967364590086,1000.0,0.12387164551422822,0.0
3563,1685358240000.0,0.0,0.0,117.2,2.663332337883959,0.0,0.0,2.58995,0.9537521883230394,1.0,2519.8870064590087,1000.0,2511.2865964590087,1000.0,0.12387164551422822,0.0
3564,1685361840000.0,0.0,0.0,117.2,2.663332337883959,0.0,0.0,2.5976,0.9537521883230394,1.0,2519.8870064590087,1000.0,2512.183176459009,1000.0,0.12387164551422822,0.0
3565,1685365440000.0,0.0,0.0,117.2,2.663332337883959,0.0,0.0,2.58195,0.9537521883230394,1.0,2519.8870064590087,1000.0,2510.3489964590085,1000.0,0.12387164551422822,0.0
3566,1685369040000.0,0.0,0.0,117.2,2.663332337883959,0.0,0.0,2.57995,0.9537521883230394,1.0,2519.8870064590087,1000.0,2510.1145964590087,1000.0,0.12387164551422822,0.0
3567,1685372640000.0,0.0,0.0,296.6,2.60077076871207,0.0,0.0,2.52805,0.9537521883230394,1.0,2519.795157247009,1000.0,2498.2261772470088,1000.0,0.3061314757199459,0.0
3568,1685376240000.0,0.0,0.0,296.6,2.60077076871207,0.0,0.0,2.49565,0.9537521883230394,1.0,2519.795157247009,1000.0,2488.6163372470087,1000.0,0.3061314757199459,0.0
3569,1685379840000.0,0.0,0.0,296.6,2.60077076871207,0.0,0.0,2.52055,0.9537521883230394,1.0,2519.795157247009,1000.0,2496.001677247009,1000.0,0.3061314757199459,0.0
3570,1685383440000.0,0.0,0.0,296.6,2.60077076871207,0.0,0.0,2.52605,0.9537521883230394,1.0,2519.795157247009,1000.0,2497.632977247009,1000.0,0.3061314757199459,0.0
3571,1685387040000.0,0.0,0.0,296.6,2.60077076871207,0.0,0.0,2.52395,0.9537521883230394,1.0,2519.795157247009,1000.0,2497.010117247009,1000.0,0.3061314757199459,0.0
3572,1685390640000.0,0.0,0.0,296.6,2.60077076871207,0.0,0.0,2.5276,0.9537521883230394,1.0,2519.795157247009,1000.0,2498.092707247009,1000.0,0.3061314757199459,0.0
3573,1685394240000.0,0.0,0.0,296.6,2.60077076871207,0.0,0.0,2.5625,0.9537521883230394,1.0,2519.795157247009,1000.0,2508.4440472470087,1000.0,0.3061314757199459,0.0
3574,1685397840000.0,0.0,0.0,296.6,2.60077076871207,0.0,0.0,2.53845,0.9537521883230394,1.0,2519.795157247009,1000.0,2501.310817247009,1000.0,0.3061314757199459,0.0
3575,1685401440000.0,0.0,0.0,296.6,2.60077076871207,0.0,0.0,2.55775,0.9537521883230394,1.0,2519.795157247009,1000.0,2507.035197247009,1000.0,0.3061314757199459,0.0
3576,1685405040000.0,0.0,0.0,296.6,2.60077076871207,0.0,0.0,2.53595,0.9537521883230394,1.0,2519.795157247009,1000.0,2500.5693172470087,1000.0,0.3061314757199459,0.0
3577,1685408640000.0,0.0,0.0,296.6,2.60077076871207,0.0,0.0,2.55135,0.9537521883230394,1.0,2519.795157247009,1000.0,2505.136957247009,1000.0,0.3061314757199459,0.0
3578,1685412240000.0,0.0,0.0,296.6,2.60077076871207,0.0,0.0,2.5504,0.9537521883230394,1.0,2519.795157247009,1000.0,2504.855187247009,1000.0,0.3061314757199459,0.0
3579,1685415840000.0,0.0,0.0,296.6,2.60077076871207,0.0,0.0,2.56405,0.9537521883230394,1.0,2519.795157247009,1000.0,2508.9037772470087,1000.0,0.3061314757199459,0.0
3580,1685419440000.0,0.0,0.0,296.6,2.60077076871207,0.0,0.0,2.56345,0.9537521883230394,1.0,2519.795157247009,1000.0,2508.7258172470088,1000.0,0.3061314757199459,0.0
3581,1685423040000.0,0.0,0.0,296.6,2.60077076871207,0.0,0.0,2.5471,0.9537521883230394,1.0,2519.795157247009,1000.0,2503.876407247009,1000.0,0.3061314757199459,0.0
3582,1685426640000.0,0.0,0.0,296.6,2.60077076871207,0.0,0.0,2.53585,0.9537521883230394,1.0,2519.795157247009,1000.0,2500.539657247009,1000.0,0.3061314757199459,0.0
3583,1685430240000.0,0.0,0.0,296.6,2.60077076871207,0.0,0.0,2.55005,0.9537521883230394,1.0,2519.795157247009,1000.0,2504.751377247009,1000.0,0.3061314757199459,0.0
3584,1685433840000.0,0.0003882431938127347,0.0,1003.5,2.5110464075734926,0.0,0.0,2.4884,0.9537521883230394,1.0,2519.4454679550086,1000.0,2496.7197979550087,1000.0,1.0001546380145736,0.0
3585,1685437440000.0,0.0,0.0,993.5,2.5110464075734926,0.0,0.0,2.51215,0.9537521883230394,1.0,2519.468976079274,1000.0,2520.565395155009,1000.0,0.9901787359201717,0.0
3586,1685441040000.0,0.0,0.0,625.8,2.5110464075734926,0.0,0.0,2.5467,0.9537521883230394,1.0,2528.531439866501,1000.0,2550.8434580070093,1000.0,0.6214725342479656,0.0
3587,1685444640000.0,0.0,0.0,231.9,2.5110464075734926,0.0,0.0,2.5806,0.9537521883230394,1.0,2551.079969507303,1000.0,2567.20944759101,1000.0,0.22826084202635027,0.0
3588,1685448240000.0,0.0,0.0,8.3,2.5110464075734926,0.0,0.0,2.63735,0.9537521883230394,1.0,2572.3118490898705,1000.0,2573.3601689070106,1000.0,0.008102316672931452,0.0
3589,1685451840000.0,0.0,0.0,0.0,2.5110464075734926,0.0,0.0,2.62645,0.9537521883230394,1.0,2573.5359698630105,1000.0,2573.5359698630105,1000.0,0.0,0.0
3590,1685455440000.0,0.0,0.0,0.0,2.5110464075734926,0.0,0.0,2.6345,0.9537521883230394,1.0,2573.5359698630105,1000.0,2573.5359698630105,1000.0,0.0,0.0
3591,1685459040000.0,0.0,0.0,42.6,2.5913,0.0,0.0,2.60705,0.9537521883230394,1.0,2573.6910957750106,1000.0,2574.3620457750108,1000.0,0.042891464395713993,0.0
3592,1685462640000.0,0.0,0.0,49.6,2.5933141129032258,0.0,0.0,2.59905,0.9537521883230394,1.0,2574.4361963750107,1000.0,2574.720696375011,1000.0,0.04996370862914292,0.0
3593,1685466240000.0,0.0,0.0,49.6,2.5953926311899984,0.0,0.0,2.59705,0.9537521883230394,1.0,2575.4199108340345,1000.0,2575.5021163270103,1000.0,0.04998465452778728,0.0
3594,1685469840000.0,0.0,0.0,17.1,2.5953926311899984,0.0,0.0,2.61285,0.9537521883230394,1.0,2576.248111220358,1000.0,2576.546632227009,1000.0,0.017227072889468623,0.0
3595,1685473440000.0,0.0,0.0,7.2,2.5953926311899984,0.0,0.0,2.62785,0.9537521883230394,1.0,2576.6901058495773,1000.0,2576.9237989050093,1000.0,0.0072522601387513905,0.0
3596,1685477040000.0,0.0,0.0,49.4,2.6054639718304857,0.0,0.0,2.60745,0.9537521883230394,1.0,2576.7130364494355,1000.0,2576.8111462410097,1000.0,0.04995120465016196,0.0
3597,1685480640000.0,0.0,0.0,49.4,2.6054639718304857,0.0,0.0,2.6065,0.9537521883230394,1.0,2576.7130364494355,1000.0,2576.7642162410098,1000.0,0.04995120465016196,0.0
3598,1685484240000.0,0.0,0.0,49.4,2.6054639718304857,0.0,0.0,2.5889,0.9537521883230394,1.0,2576.7130364494355,1000.0,2575.8947762410094,1000.0,0.04995120465016196,0.0
3599,1685487840000.0,0.0,0.0,49.4,2.6054639718304857,0.0,0.0,2.58735,0.9537521883230394,1.0,2576.7130364494355,1000.0,2575.8182062410096,1000.0,0.04995120465016196,0.0
3600,1685491440000.0,0.0,0.0,49.4,2.6054639718304857,0.0,0.0,2.55395,0.9537521883230394,1.0,2576.7130364494355,1000.0,2574.1682462410095,1000.0,0.04995120465016196,0.0
3601,1685495040000.0,0.0,0.0,49.4,2.6054639718304857,0.0,0.0,2.60135,0.9537521883230394,1.0,2576.7130364494355,1000.0,2576.5098062410098,1000.0,0.04995120465016196,0.0
3602,1685498640000.0,0.0,0.0,49.4,2.6054639718304857,0.0,0.0,2.587,0.9537521883230394,1.0,2576.7130364494355,1000.0,2575.8009162410094,1000.0,0.04995120465016196,0.0
3603,1685502240000.0,0.0,0.0,49.4,2.6054639718304857,0.0,0.0,2.55885,0.9537521883230394,1.0,2576.7130364494355,1000.0,2574.4103062410095,1000.0,0.04995120465016196,0.0
3604,1685505840000.0,0.0,0.0,49.4,2.6054639718304857,0.0,0.0,2.5651,0.9537521883230394,1.0,2576.7130364494355,1000.0,2574.7190562410096,1000.0,0.04995120465016196,0.0
3605,1685509440000.0,0.0,0.0,125.0,2.550751361667408,0.0,0.0,2.52725,0.9537521883230394,1.0,2576.6750096494357,1000.0,2573.7373394410097,1000.0,0.12374238854895624,0.0
3606,1685513040000.0,0.0,0.0,125.0,2.550751361667408,0.0,0.0,2.5142,0.9537521883230394,1.0,2576.6750096494357,1000.0,2572.1060894410098,1000.0,0.12374238854895624,0.0
3607,1685516640000.0,0.0,0.0,125.0,2.550751361667408,0.0,0.0,2.5414,0.9537521883230394,1.0,2576.6750096494357,1000.0,2575.5060894410094,1000.0,0.12374238854895624,0.0
3608,1685520240000.0,0.0,0.0,125.0,2.550751361667408,0.0,0.0,2.52425,0.9537521883230394,1.0,2576.6750096494357,1000.0,2573.3623394410097,1000.0,0.12374238854895624,0.0
3609,1685523840000.0,0.0,0.0,78.8,2.550751361667408,0.0,0.0,2.54245,0.9537521883230394,1.0,2577.8315517284013,1000.0,2577.1774044290096,1000.0,0.07797220387213605,0.0
3610,1685527440000.0,0.0,0.0,78.8,2.550751361667408,0.0,0.0,2.53645,0.9537521883230394,1.0,2577.8315517284013,1000.0,2576.7046044290096,1000.0,0.07797220387213605,0.0
3611,1685531040000.0,0.0,0.0,78.8,2.550751361667408,0.0,0.0,2.49145,0.9537521883230394,1.0,2577.8315517284013,1000.0,2573.1586044290098,1000.0,0.07797220387213605,0.0
3612,1685534640000.0,0.0,0.0,78.8,2.550751361667408,0.0,0.0,2.4947,0.9537521883230394,1.0,2577.8315517284013,1000.0,2573.4147044290094,1000.0,0.07797220387213605,0.0
3613,1685538240000.0,0.0,0.0,78.8,2.550751361667408,0.0,0.0,2.4985,0.9537521883230394,1.0,2577.8315517284013,1000.0,2573.7141444290096,1000.0,0.07797220387213605,0.0
3614,1685541840000.0,0.0,0.0,78.8,2.550751361667408,0.0,0.0,2.5071,0.9537521883230394,1.0,2577.8315517284013,1000.0,2574.3918244290094,1000.0,0.07797220387213605,0.0
3615,1685545440000.0,0.0,0.0,78.8,2.550751361667408,0.0,0.0,2.49685,0.9537521883230394,1.0,2577.8315517284013,1000.0,2573.5841244290095,1000.0,0.07797220387213605,0.0
3616,1685549040000.0,0.0,0.0,199.4,2.494774961381102,0.0,0.0,2.47125,0.9537521883230394,1.0,2577.7722599444014,1000.0,2573.08138264501,1000.0,0.19297985901598658,0.0
3617,1685552640000.0,0.0,0.0,199.4,2.494774961381102,0.0,0.0,2.45635,0.9537521883230394,1.0,2577.7722599444014,1000.0,2570.1103226450095,1000.0,0.19297985901598658,0.0
3618,1685556240000.0,0.0,0.0,199.4,2.494774961381102,0.0,0.0,2.49765,0.9537521883230394,1.0,2577.7722599444014,1000.0,2578.3455426450096,1000.0,0.19297985901598658,0.0
3619,1685559840000.0,0.0,0.0,199.4,2.494774961381102,0.0,0.0,2.4655,0.9537521883230394,1.0,2577.7722599444014,1000.0,2571.93483264501,1000.0,0.19297985901598658,0.0
3620,1685563440000.0,0.0,0.0,199.4,2.494774961381102,0.0,0.0,2.4925,0.9537521883230394,1.0,2577.7722599444014,1000.0,2577.3186326450095,1000.0,0.19297985901598658,0.0
3621,1685567040000.0,0.0,0.0,199.4,2.494774961381102,0.0,0.0,2.49555,0.9537521883230394,1.0,2577.7722599444014,1000.0,2577.9268026450095,1000.0,0.19297985901598658,0.0
3622,1685570640000.0,0.0,0.0,199.4,2.494774961381102,0.0,0.0,2.4845,0.9537521883230394,1.0,2577.7722599444014,1000.0,2575.72343264501,1000.0,0.19297985901598658,0.0
3623,1685574240000.0,0.0,0.0,171.0,2.494774961381102,0.0,0.0,2.5069,0.9537521883230394,1.0,2578.4686585771783,1000.0,2580.5420401810097,1000.0,0.16544956518167403,0.0
3624,1685577840000.0,0.0,0.0,125.7,2.494774961381102,0.0,0.0,2.51755,0.9537521883230394,1.0,2579.5794634386148,1000.0,2582.4422857930103,1000.0,0.12156757219162401,0.0
3625,1685581440000.0,0.0,0.0,49.9,2.494774961381102,0.0,0.0,2.4956,0.9537521883230394,1.0,2581.4381611979265,1000.0,2581.4793306250094,1000.0,0.048224773478651624,0.0
3626,1685585040000.0,0.0,0.0,49.9,2.494774961381102,0.0,0.0,2.49565,0.9537521883230394,1.0,2581.4381611979265,1000.0,2581.4818256250096,1000.0,0.048224773478651624,0.0
3627,1685588640000.0,0.0,0.0,49.9,2.494774961381102,0.0,0.0,2.4345,0.9537521883230394,1.0,2581.4381611979265,1000.0,2578.4304406250094,1000.0,0.048224773478651624,0.0
3628,1685592240000.0,0.0,0.0,49.9,2.494774961381102,0.0,0.0,2.4632,0.9537521883230394,1.0,2581.4381611979265,1000.0,2579.8625706250095,1000.0,0.048224773478651624,0.0
3629,1685595840000.0,0.0,0.0,49.9,2.494774961381102,0.0,0.0,2.44355,0.9537521883230394,1.0,2581.4381611979265,1000.0,2578.8820356250094,1000.0,0.048224773478651624,0.0
3630,1685599440000.0,0.0,0.0,49.9,2.494774961381102,0.0,0.0,2.4808,0.9537521883230394,1.0,2581.4381611979265,1000.0,2580.7408106250095,1000.0,0.048224773478651624,0.0
3631,1685603040000.0,0.0,0.0,49.9,2.494774961381102,0.0,0.0,2.4992,0.9537521883230394,1.0,2581.4381611979265,1000.0,2581.6589706250097,1000.0,0.048224773478651624,0.0
3632,1685606640000.0,0.0,0.0,42.8,2.494774961381102,0.0,0.0,2.4939,0.9537521883230394,1.0,2581.612260856121,1000.0,2581.57481250901,1000.0,0.04136034290126191,0.0
3633,1685610240000.0,0.0,0.0,31.5,2.494774961381102,0.0,0.0,2.5178,0.9537521883230394,1.0,2581.889349044515,1000.0,2582.6146377610103,1000.0,0.03043717241894467,0.0
3634,1685613840000.0,0.0,0.0,19.9,2.494774961381102,0.0,0.0,2.51445,0.9537521883230394,1.0,2582.173793556494,1000.0,2582.56532682501,1000.0,0.01922644473248456,0.0
3635,1685617440000.0,0.0,0.0,51.7,2.495466958055782,0.0,0.0,2.49845,0.9537521883230394,1.0,2582.1579196324938,1000.0,2582.31214290101,1000.0,0.0499642724213576,0.0
3636,1685621040000.0,0.0,0.0,51.7,2.495466958055782,0.0,0.0,2.51505,0.9537521883230394,1.0,2582.1579196324938,1000.0,2583.17036290101,1000.0,0.0499642724213576,0.0
3637,1685624640000.0,0.0,0.0,24.8,2.495466958055782,0.0,0.0,2.5612,0.9537521883230394,1.0,2583.4427431467934,1000.0,2585.07292258701,1000.0,0.023955468230892733,0.0
3638,1685628240000.0,0.0,0.0,17.8,2.495466958055782,0.0,0.0,2.534,0.9537521883230394,1.0,2583.714055814403,1000.0,2584.3999439610097,1000.0,0.01719203862882252,0.0
3639,1685631840000.0,0.0,0.0,0.6,2.495466958055782,0.0,0.0,2.5676,0.9537521883230394,1.0,2584.863648047843,1000.0,2584.9069278730094,1000.0,0.0005792491901707289,0.0
3640,1685635440000.0,0.0,0.0,0.0,2.495466958055782,0.0,0.0,2.59025,0.9537521883230394,1.0,2584.91973713701,1000.0,2584.91973713701,1000.0,0.0,0.0
3641,1685639040000.0,0.0,0.0,0.0,2.495466958055782,0.0,0.0,2.58995,0.9537521883230394,1.0,2584.91973713701,1000.0,2584.91973713701,1000.0,0.0,0.0
3642,1685642640000.0,0.0,0.0,0.0,2.495466958055782,0.0,0.0,2.5547,0.9537521883230394,1.0,2584.91973713701,1000.0,2584.91973713701,1000.0,0.0,0.0
3643,1685646240000.0,0.0,0.0,50.8,2.5467,0.0,0.0,2.5446,0.9537521883230394,1.0,2584.89386266501,1000.0,2584.7871826650103,1000.0,0.05004938959722619,0.0
3644,1685649840000.0,0.0,0.0,50.8,2.5467,0.0,0.0,2.53135,0.9537521883230394,1.0,2584.89386266501,1000.0,2584.1140826650103,1000.0,0.05004938959722619,0.0
3645,1685653440000.0,0.0,0.0,50.8,2.5467,0.0,0.0,2.5292,0.9537521883230394,1.0,2584.89386266501,1000.0,2584.00486266501,1000.0,0.05004938959722619,0.0
3646,1685657040000.0,0.0,0.0,50.8,2.5467,0.0,0.0,2.4995,0.9537521883230394,1.0,2584.89386266501,1000.0,2582.4961026650103,1000.0,0.05004938959722619,0.0
3647,1685660640000.0,0.0,0.0,50.8,2.5467,0.0,0.0,2.50135,0.9537521883230394,1.0,2584.89386266501,1000.0,2582.59008266501,1000.0,0.05004938959722619,0.0
3648,1685664240000.0,0.0,0.0,50.8,2.5467,0.0,0.0,2.48495,0.9537521883230394,1.0,2584.89386266501,1000.0,2581.75696266501,1000.0,0.05004938959722619,0.0
3649,1685667840000.0,0.0,0.0,128.5,2.4931867704280157,0.0,0.0,2.4854,0.9537521883230394,1.0,2584.85566223701,1000.0,2583.8550622370103,1000.0,0.12394289734643771,0.0
3650,1685671440000.0,0.0,0.0,128.5,2.4931867704280157,0.0,0.0,2.48185,0.9537521883230394,1.0,2584.85566223701,1000.0,2583.39888723701,1000.0,0.12394289734643771,0.0
3651,1685675040000.0,0.0,0.0,128.5,2.4931867704280157,0.0,0.0,2.48465,0.9537521883230394,1.0,2584.85566223701,1000.0,2583.7586872370102,1000.0,0.12394289734643771,0.0
3652,1685678640000.0,0.0,0.0,128.5,2.4931867704280157,0.0,0.0,2.50905,0.9537521883230394,1.0,2584.85566223701,1000.0,2586.89408723701,1000.0,0.12394289734643771,0.0
3653,1685682240000.0,0.0,0.0,94.5,2.4931867704280157,0.0,0.0,2.5367,0.9537521883230394,1.0,2585.688988282458,1000.0,2589.8009884770104,1000.0,0.09111929194622462,0.0
3654,1685685840000.0,0.0,0.0,3.1,2.4931867704280157,0.0,0.0,2.5618,0.9537521883230394,1.0,2591.6706163293375,1000.0,2591.8833173410108,1000.0,0.0029821995664223323,0.0
3655,1685689440000.0,0.0,0.0,1.1,2.4931867704280157,0.0,0.0,2.5563,0.9537521883230394,1.0,2591.816816068482,1000.0,2591.886240621011,1000.0,0.0010581401549940228,0.0
3656,1685693040000.0,0.0,0.0,0.9,2.4931867704280157,0.0,0.0,2.5784,0.9537521883230394,1.0,2591.831436042396,1000.0,2591.908127949011,1000.0,0.0008657461523853938,0.0
3657,1685696640000.0,0.0,0.0,0.4,2.4931867704280157,0.0,0.0,2.6047,0.9537521883230394,1.0,2591.8801835371823,1000.0,2591.924788829011,1000.0,0.0003847688309458074,0.0
3658,1685700240000.0,0.0,0.0,0.0,2.4931867704280157,0.0,0.0,2.61125,0.9537521883230394,1.0,2591.928899589012,1000.0,2591.928899589012,1000.0,0.0,0.0
3659,1685703840000.0,0.0,0.0,0.0,2.4931867704280157,0.0,0.0,2.61485,0.9537521883230394,1.0,2591.928899589012,1000.0,2591.928899589012,1000.0,0.0,0.0
3660,1685707440000.0,0.0,0.0,0.0,2.4931867704280157,0.0,0.0,2.62535,0.9537521883230394,1.0,2591.928899589012,1000.0,2591.928899589012,1000.0,0.0,0.0
3661,1685711040000.0,0.0,0.0,0.0,2.4931867704280157,0.0,0.0,2.6137,0.9537521883230394,1.0,2591.928899589012,1000.0,2591.928899589012,1000.0,0.0,0.0
3662,1685714640000.0,0.0,0.0,50.1,2.5855,0.0,0.0,2.5897,0.9537521883230394,1.0,2591.902992879012,1000.0,2592.113412879012,1000.0,0.049976233815802594,0.0
3663,1685718240000.0,0.0,0.0,43.0,2.5855,0.0,0.0,2.61255,0.9537521883230394,1.0,2592.0831746910117,1000.0,2593.2463246910115,1000.0,0.04289079188720584,0.0
3664,1685721840000.0,0.0,0.0,36.9,2.5855,0.0,0.0,2.5927,0.9537521883230394,1.0,2592.237978783012,1000.0,2592.503658783012,1000.0,0.03680408619149625,0.0
3665,1685725440000.0,0.0,0.0,50.1,2.5861850299401192,0.0,0.0,2.5845,0.9537521883230394,1.0,2592.2311461990116,1000.0,2592.1467261990115,1000.0,0.04998314683086241,0.0
3666,1685729040000.0,0.0,0.0,50.1,2.5861850299401192,0.0,0.0,2.5794,0.9537521883230394,1.0,2592.2311461990116,1000.0,2591.8912161990115,1000.0,0.04998314683086241,0.0
3667,1685732640000.0,0.0,0.0,23.4,2.5861850299401192,0.0,0.0,2.6082,0.9537521883230394,1.0,2592.909127285611,1000.0,2593.424277585012,1000.0,0.023339317627359652,0.0
3668,1685736240000.0,0.0,0.0,14.9,2.5861850299401192,0.0,0.0,2.6131,0.9537521883230394,1.0,2593.1249639611196,1000.0,2593.525997015012,1000.0,0.014860123396153285,0.0
3669,1685739840000.0,0.0,0.0,50.0,2.5931363449101794,0.0,0.0,2.58925,0.9537521883230394,1.0,2593.2734040265213,1000.0,2593.0790867810124,1000.0,0.0499973574109824,0.0
3670,1685743440000.0,0.0,0.0,50.0,2.5931363449101794,0.0,0.0,2.58155,0.9537521883230394,1.0,2593.2734040265213,1000.0,2592.694086781012,1000.0,0.0499973574109824,0.0
3671,1685747040000.0,0.0,0.0,50.0,2.5931363449101794,0.0,0.0,2.56735,0.9537521883230394,1.0,2593.2734040265213,1000.0,2591.9840867810126,1000.0,0.0499973574109824,0.0
3672,1685750640000.0,0.0,0.0,50.0,2.5931363449101794,0.0,0.0,2.5729,0.9537521883230394,1.0,2593.2734040265213,1000.0,2592.2615867810123,1000.0,0.0499973574109824,0.0
3673,1685754240000.0,0.0,0.0,50.0,2.5931363449101794,0.0,0.0,2.5443,0.9537521883230394,1.0,2593.2734040265213,1000.0,2590.8315867810124,1000.0,0.0499973574109824,0.0
3674,1685757840000.0,0.0,0.0,50.0,2.5931363449101794,0.0,0.0,2.55245,0.9537521883230394,1.0,2593.2734040265213,1000.0,2591.2390867810122,1000.0,0.0499973574109824,0.0
3675,1685761440000.0,0.0,0.0,50.0,2.5931363449101794,0.0,0.0,2.5625,0.9537521883230394,1.0,2593.2734040265213,1000.0,2591.7415867810123,1000.0,0.0499973574109824,0.0
3676,1685765040000.0,0.0,0.0,50.0,2.5931363449101794,0.0,0.0,2.563,0.9537521883230394,1.0,2593.2734040265213,1000.0,2591.7665867810124,1000.0,0.0499973574109824,0.0
3677,1685768640000.0,0.0,0.0,50.0,2.5931363449101794,0.0,0.0,2.60255,0.9537521883230394,1.0,2593.2734040265213,1000.0,2593.7440867810124,1000.0,0.0499973574109824,0.0
3678,1685772240000.0,0.0,0.0,50.0,2.5931363449101794,0.0,0.0,2.6049,0.9537521883230394,1.0,2593.2734040265213,1000.0,2593.861586781012,1000.0,0.0499973574109824,0.0
3679,1685775840000.0,0.0,0.0,20.0,2.5931363449101794,0.0,0.0,2.6244,0.9537521883230394,1.0,2594.036599079215,1000.0,2594.6618721810114,1000.0,0.01999305904805387,0.0
3680,1685779440000.0,0.0,0.0,12.7,2.5931363449101794,0.0,0.0,2.61905,0.9537521883230394,1.0,2594.2223098753707,1000.0,2594.5514132950116,1000.0,0.012694683664925157,0.0
3681,1685783040000.0,0.0,0.0,4.5,2.5931363449101794,0.0,0.0,2.61665,0.9537521883230394,1.0,2594.430916523107,1000.0,2594.5367279710113,1000.0,0.004497754585708537,0.0
3682,1685786640000.0,0.0,0.0,1.8,2.5931363449101794,0.0,0.0,2.61535,0.9537521883230394,1.0,2594.4996040778487,1000.0,2594.5395886570104,1000.0,0.0017990542043259717,0.0
3683,1685790240000.0,0.0,0.0,0.3,2.5931363449101794,0.0,0.0,2.6153,0.9537521883230394,1.0,2594.5377638304835,1000.0,2594.5444129270104,1000.0,0.0002998379573880356,0.0
3684,1685793840000.0,0.0,0.0,49.8,2.6028607885337762,0.0,0.0,2.6007,0.9537521883230394,1.0,2594.5144870459926,1000.0,2594.4068797770105,1000.0,0.04996020177037625,0.0
3685,1685797440000.0,0.0,0.0,49.8,2.6028607885337762,0.0,0.0,2.5879,0.9537521883230394,1.0,2594.5144870459926,1000.0,2593.7694397770106,1000.0,0.04996020177037625,0.0
3686,1685801040000.0,0.0,0.0,49.8,2.6028607885337762,0.0,0.0,2.60065,0.9537521883230394,1.0,2594.5144870459926,1000.0,2594.4043897770107,1000.0,0.04996020177037625,0.0
3687,1685804640000.0,0.0,0.0,49.8,2.6028607885337762,0.0,0.0,2.58535,0.9537521883230394,1.0,2594.5144870459926,1000.0,2593.6424497770104,1000.0,0.04996020177037625,0.0
3688,1685808240000.0,0.0,0.0,49.8,2.6028607885337762,0.0,0.0,2.5961,0.9537521883230394,1.0,2594.5144870459926,1000.0,2594.1777997770105,1000.0,0.04996020177037625,0.0
3689,1685811840000.0,0.0,0.0,49.8,2.6028607885337762,0.0,0.0,2.5987,0.9537521883230394,1.0,2594.5144870459926,1000.0,2594.3072797770105,1000.0,0.04996020177037625,0.0
3690,1685815440000.0,0.0,0.0,49.8,2.6028607885337762,0.0,0.0,2.5961,0.9537521883230394,1.0,2594.5144870459926,1000.0,2594.1777997770105,1000.0,0.04996020177037625,0.0
3691,1685819040000.0,0.0,0.0,49.8,2.6028607885337762,0.0,0.0,2.5774,0.9537521883230394,1.0,2594.5144870459926,1000.0,2593.2465397770106,1000.0,0.04996020177037625,0.0
3692,1685822640000.0,0.0,0.0,49.8,2.6028607885337762,0.0,0.0,2.5679,0.9537521883230394,1.0,2594.5144870459926,1000.0,2592.7734397770105,1000.0,0.04996020177037625,0.0
3693,1685826240000.0,0.0,0.0,49.8,2.6028607885337762,0.0,0.0,2.58735,0.9537521883230394,1.0,2594.5144870459926,1000.0,2593.7420497770104,1000.0,0.04996020177037625,0.0
3694,1685829840000.0,0.0,0.0,49.8,2.6028607885337762,0.0,0.0,2.6041,0.9537521883230394,1.0,2594.5144870459926,1000.0,2594.5761997770105,1000.0,0.04996020177037625,0.0
3695,1685833440000.0,0.0,0.0,49.8,2.6028607885337762,0.0,0.0,2.60795,0.9537521883230394,1.0,2594.5144870459926,1000.0,2594.7679297770105,1000.0,0.04996020177037625,0.0
3696,1685837040000.0,0.0,0.0,49.8,2.6028607885337762,0.0,0.0,2.59545,0.9537521883230394,1.0,2594.5144870459926,1000.0,2594.1454297770106,1000.0,0.04996020177037625,0.0
3697,1685840640000.0,0.0,0.0,49.8,2.6028607885337762,0.0,0.0,2.5755,0.9537521883230394,1.0,2594.5144870459926,1000.0,2593.1519197770103,1000.0,0.04996020177037625,0.0
3698,1685844240000.0,0.0,0.0,49.8,2.6028607885337762,0.0,0.0,2.59505,0.9537521883230394,1.0,2594.5144870459926,1000.0,2594.1255097770104,1000.0,0.04996020177037625,0.0
3699,1685847840000.0,0.0,0.0,27.0,2.6028607885337762,0.0,0.0,2.6473,0.9537521883230394,1.0,2595.096193283422,1000.0,2596.29605199301,1000.0,0.027080784701662378,0.0
3700,1685851440000.0,0.0,0.0,15.7,2.6028607885337762,0.0,0.0,2.6231,0.9537521883230394,1.0,2595.6714576549907,1000.0,2595.9892132750106,1000.0,0.01574348489269089,0.0
3701,1685855040000.0,0.0,0.0,7.4,2.6028607885337762,0.0,0.0,2.64035,0.9537521883230394,1.0,2595.8832191361607,1000.0,2596.1606393010106,1000.0,0.007419890730508108,0.0
3702,1685858640000.0,0.0,0.0,4.2,2.6028607885337762,0.0,0.0,2.6327,0.9537521883230394,1.0,2595.964862116852,1000.0,2596.0901868050105,1000.0,0.004211156888667385,0.0
3703,1685862240000.0,0.0,0.0,3.5,2.6028607885337762,0.0,0.0,2.6581,0.9537521883230394,1.0,2596.0004979628784,1000.0,2596.19383520301,1000.0,0.003509249234357615,0.0
3704,1685865840000.0,0.0,0.0,0.7,2.6028607885337762,0.0,0.0,2.6976,0.9537521883230394,1.0,2596.196400672984,1000.0,2596.2627181210105,1000.0,0.0007017968869771736,0.0
3705,1685869440000.0,0.0,0.0,0.0,2.6028607885337762,0.0,0.0,2.70805,0.9537521883230394,1.0,2596.2651099030113,1000.0,2596.2651099030113,1000.0,0.0,0.0
3706,1685873040000.0,0.0,0.0,0.0,2.6028607885337762,0.0,0.0,2.7072,0.9537521883230394,1.0,2596.2651099030113,1000.0,2596.2651099030113,1000.0,0.0,0.0
3707,1685876640000.0,0.0,0.0,0.0,2.6028607885337762,0.0,0.0,2.72405,0.9537521883230394,1.0,2596.2651099030113,1000.0,2596.2651099030113,1000.0,0.0,0.0
3708,1685880240000.0,0.0,0.0,0.0,2.6028607885337762,0.0,0.0,2.72685,0.9537521883230394,1.0,2596.2651099030113,1000.0,2596.2651099030113,1000.0,0.0,0.0
3709,1685883840000.0,0.0,0.0,0.0,2.6028607885337762,0.0,0.0,2.72535,0.9537521883230394,1.0,2596.2651099030113,1000.0,2596.2651099030113,1000.0,0.0,0.0
3710,1685887440000.0,0.0,0.0,48.1,2.6971,0.0,0.0,2.6723,0.9537521883230394,1.0,2596.2391638010113,1000.0,2595.046283801011,1000.0,0.04996862839480038,0.0
3711,1685891040000.0,0.0,0.0,48.1,2.6971,0.0,0.0,2.6879,0.9537521883230394,1.0,2596.2391638010113,1000.0,2595.796643801011,1000.0,0.04996862839480038,0.0
3712,1685894640000.0,0.0,0.0,48.1,2.6971,0.0,0.0,2.67465,0.9537521883230394,1.0,2596.2391638010113,1000.0,2595.159318801011,1000.0,0.04996862839480038,0.0
3713,1685898240000.0,0.0,0.0,48.1,2.6971,0.0,0.0,2.67285,0.9537521883230394,1.0,2596.2391638010113,1000.0,2595.0727388010114,1000.0,0.04996862839480038,0.0
3714,1685901840000.0,0.0,0.0,48.1,2.6971,0.0,0.0,2.6844,0.9537521883230394,1.0,2596.2391638010113,1000.0,2595.6282938010113,1000.0,0.04996862839480038,0.0
3715,1685905440000.0,0.0,0.0,48.1,2.6971,0.0,0.0,2.6622,0.9537521883230394,1.0,2596.2391638010113,1000.0,2594.560473801011,1000.0,0.04996862839480038,0.0
3716,1685909040000.0,0.0,0.0,48.1,2.6971,0.0,0.0,2.6645,0.9537521883230394,1.0,2596.2391638010113,1000.0,2594.671103801011,1000.0,0.04996862839480038,0.0
3717,1685912640000.0,0.0,0.0,48.1,2.6971,0.0,0.0,2.6965,0.9537521883230394,1.0,2596.2391638010113,1000.0,2596.2103038010114,1000.0,0.04996862839480038,0.0
3718,1685916240000.0,0.0,0.0,48.1,2.6971,0.0,0.0,2.71255,0.9537521883230394,1.0,2596.2391638010113,1000.0,2596.982308801011,1000.0,0.04996862839480038,0.0
3719,1685919840000.0,0.0,0.0,48.1,2.6971,0.0,0.0,2.68995,0.9537521883230394,1.0,2596.2391638010113,1000.0,2595.8952488010113,1000.0,0.04996862839480038,0.0
3720,1685923440000.0,0.0,0.0,48.1,2.6971,0.0,0.0,2.6556,0.9537521883230394,1.0,2596.2391638010113,1000.0,2594.2430138010113,1000.0,0.04996862839480038,0.0
3721,1685927040000.0,0.0,0.0,121.7,2.640433442892358,0.0,0.0,2.6348,0.9537521883230394,1.0,2596.2008417530114,1000.0,2595.5152517530114,1000.0,0.12377345574813993,0.0
3722,1685930640000.0,0.0,0.0,121.7,2.640433442892358,0.0,0.0,2.65235,0.9537521883230394,1.0,2596.2008417530114,1000.0,2597.6510867530114,1000.0,0.12377345574813993,0.0
3723,1685934240000.0,0.0,0.0,121.7,2.640433442892358,0.0,0.0,2.5862,0.9537521883230394,1.0,2596.2008417530114,1000.0,2589.6006317530114,1000.0,0.12377345574813993,0.0
3724,1685937840000.0,0.0,0.0,121.7,2.640433442892358,0.0,0.0,2.62345,0.9537521883230394,1.0,2596.2008417530114,1000.0,2594.1339567530113,1000.0,0.12377345574813993,0.0
3725,1685941440000.0,0.0,0.0,121.7,2.640433442892358,0.0,0.0,2.59535,0.9537521883230394,1.0,2596.2008417530114,1000.0,2590.7141867530113,1000.0,0.12377345574813993,0.0
3726,1685945040000.0,0.0,0.0,121.7,2.640433442892358,0.0,0.0,2.5835,0.9537521883230394,1.0,2596.2008417530114,1000.0,2589.2720417530113,1000.0,0.12377345574813993,0.0
3727,1685948640000.0,0.0,0.0,307.9,2.5784271841506987,0.0,0.0,2.5745,0.9537521883230394,1.0,2596.1063303570113,1000.0,2594.897150357011,1000.0,0.30580324107557827,0.0
3728,1685952240000.0,0.0,0.0,157.2,2.5784271841506987,0.0,0.0,2.62545,0.9537521883230394,1.0,2601.660933221501,1000.0,2609.0529198730114,1000.0,0.15579614859596339,0.0
3729,1685955840000.0,0.0,0.0,115.6,2.5784271841506987,0.0,0.0,2.6212,0.9537521883230394,1.0,2602.715574584832,1000.0,2607.6601120970113,1000.0,0.11452122752036256,0.0
3730,1685959440000.0,0.0,0.0,34.4,2.5784271841506987,0.0,0.0,2.63915,0.9537521883230394,1.0,2607.6332214717954,1000.0,2609.722086337011,1000.0,0.03401471280716439,0.0
3731,1685963040000.0,0.0,0.0,3.9,2.5784271841506987,0.0,0.0,2.66225,0.9537521883230394,1.0,2609.940299295199,1000.0,2610.2672082770114,1000.0,0.003852910360019829,0.0
3732,1685966640000.0,0.0,0.0,0.0,2.5784271841506987,0.0,0.0,2.6883,0.9537521883230394,1.0,2610.4088479730126,1000.0,2610.4088479730126,1000.0,0.0,0.0
3733,1685970240000.0,0.0,0.0,0.0,2.5784271841506987,0.0,0.0,2.663,0.9537521883230394,1.0,2610.4088479730126,1000.0,2610.4088479730126,1000.0,0.0,0.0
3734,1685973840000.0,0.0,0.0,49.3,2.6467,0.0,0.0,2.64845,0.9537521883230394,1.0,2610.3827515110124,1000.0,2610.4690265110125,1000.0,0.04998589188672453,0.0
3735,1685977440000.0,0.0,0.0,49.2,2.650660975609756,0.0,0.0,2.63115,0.9537521883230394,1.0,2611.6811188510133,1000.0,2610.721178851013,1000.0,0.04993431972176369,0.0
3736,1685981040000.0,0.00029913761006830966,0.0,1067.4,2.4466031478358627,0.0,0.0,2.33515,0.9537521883230394,1.0,2611.1849005150134,1000.0,2492.2198105150137,1000.0,1.000122281453498,0.0
3737,1685984640000.0,0.0,0.0,653.6,2.4466031478358627,0.0,0.0,2.51535,0.9537521883230394,1.0,2624.2402949585335,1000.0,2669.173237533014,1000.0,0.6093572377870936,0.0
3738,1685988240000.0,0.0,0.0,170.4,2.4466031478358627,0.0,0.0,2.46435,0.9537521883230394,1.0,2642.0869668502455,1000.0,2645.1110304590147,1000.0,0.1577923745970551,0.0
3739,1685991840000.0,0.0,0.0,338.1,2.339236279815834,0.0,0.0,2.3038,0.9537521883230394,1.0,2645.7164155107484,1000.0,2633.735409305015,1000.0,0.29893445176854044,0.0
3740,1685995440000.0,0.0,0.0,427.1,2.258395925058245,0.0,0.0,2.30675,0.9537521883230394,1.0,2668.6996368733912,1000.0,2689.351662281015,1000.0,0.36143479253530447,0.0
3741,1685999040000.0,0.0,0.0,111.4,2.258395925058245,0.0,0.0,2.271,0.9537521883230394,1.0,2680.574844172504,1000.0,2681.9789381210157,1000.0,0.09385498285878047,0.0
3742,1686002640000.0,0.0,0.0,81.9,2.258395925058245,0.0,0.0,2.279,0.9537521883230394,1.0,2681.2282064832857,1000.0,2682.9156802210155,1000.0,0.06898429078697046,0.0
3743,1686006240000.0,0.0,0.0,81.9,2.258395925058245,0.0,0.0,2.27005,0.9537521883230394,1.0,2681.2282064832857,1000.0,2682.1826752210154,1000.0,0.06898429078697046,0.0
3744,1686009840000.0,0.0,0.0,50.1,2.277674960082572,0.0,0.0,2.2683,0.9537521883230394,1.0,2683.033539315153,1000.0,2682.563853815016,1000.0,0.04253078235066116,0.0
3745,1686013440000.0,0.0,0.0,50.1,2.277674960082572,0.0,0.0,2.23755,0.9537521883230394,1.0,2683.033539315153,1000.0,2681.023278815016,1000.0,0.04253078235066116,0.0
3746,1686017040000.0,0.0,0.0,126.8,2.230387740537357,0.0,0.0,2.2189,0.9537521883230394,1.0,2682.999798985153,1000.0,2681.5431534850163,1000.0,0.10540931296644568,0.0
3747,1686020640000.0,0.0,0.0,93.2,2.230387740537357,0.0,0.0,2.2561,0.9537521883230394,1.0,2683.734352759098,1000.0,2686.130735341016,1000.0,0.07745630159124064,0.0
3748,1686024240000.0,0.0,0.0,35.5,2.2440377947234422,0.0,0.0,2.28415,0.9537521883230394,1.0,2686.021047378699,1000.0,2687.445030666017,1000.0,0.02965849496616046,0.0
3749,1686027840000.0,0.0,0.0,7.7,2.253230434335848,0.0,0.0,2.32495,0.9537521883230394,1.0,2688.095004490403,1000.0,2688.6472451460168,1000.0,0.00645433822666366,0.0
3750,1686031440000.0,0.0,0.0,0.9,2.253230434335848,0.0,0.0,2.3317,0.9537521883230394,1.0,2688.5709173289183,1000.0,2688.641539938016,1000.0,0.0007542696299478606,0.0
3751,1686035040000.0,0.0,0.0,0.0,2.253230434335848,0.0,0.0,2.38265,0.9537521883230394,1.0,2688.6656053340166,1000.0,2688.6656053340166,1000.0,0.0,0.0
3752,1686038640000.0,0.0,0.0,0.0,2.253230434335848,0.0,0.0,2.3759,0.9537521883230394,1.0,2688.6656053340166,1000.0,2688.6656053340166,1000.0,0.0,0.0
3753,1686042240000.0,0.0,0.0,0.0,2.253230434335848,0.0,0.0,2.37,0.9537521883230394,1.0,2688.6656053340166,1000.0,2688.6656053340166,1000.0,0.0,0.0
3754,1686045840000.0,0.0,0.0,0.0,2.253230434335848,0.0,0.0,2.39055,0.9537521883230394,1.0,2688.6656053340166,1000.0,2688.6656053340166,1000.0,0.0,0.0
3755,1686049440000.0,0.0,0.0,31.1,2.3448,0.0,0.0,2.35895,0.9537521883230394,1.0,2689.2420240340166,1000.0,2689.6820890340164,1000.0,0.02711666683335958,0.0
3756,1686053040000.0,0.0,0.0,42.2,2.3461717277486915,0.0,0.0,2.3658,0.9537521883230394,1.0,2689.5778419790113,1000.0,2690.4061550680167,1000.0,0.03681189120674182,0.0
3757,1686056640000.0,0.0,0.0,57.2,2.3469396313110975,0.0,0.0,2.30655,0.9537521883230394,1.0,2689.570794679011,1000.0,2687.2605077680164,1000.0,0.04991314866170546,0.0
3758,1686060240000.0,0.0,0.0,9.2,2.3469396313110975,0.0,0.0,2.41135,0.9537521883230394,1.0,2691.2833746640795,1000.0,2691.8759500560172,1000.0,0.008022880389084686,0.0
3759,1686063840000.0,0.0,0.0,0.9,2.3469396313110975,0.0,0.0,2.38315,0.9537521883230394,1.0,2691.8161324521984,1000.0,2691.8487217840184,1000.0,0.0007846916595509695,0.0
3760,1686067440000.0,0.0,0.0,14.4,2.353377411298291,0.0,0.0,2.3819,0.9537521883230394,1.0,2692.8121905507137,1000.0,2693.2229158280184,1000.0,0.01258484897001478,0.0
3761,1686071040000.0,0.0,0.0,3.1,2.353377411298291,0.0,0.0,2.3958,0.9537521883230394,1.0,2693.2981288990427,1000.0,2693.429638924018,1000.0,0.002708749505576243,0.0
3762,1686074640000.0,0.0,0.0,0.0,2.353377411298291,0.0,0.0,2.4231,0.9537521883230394,1.0,2693.4615568460176,1000.0,2693.4615568460176,1000.0,0.0,0.0
3763,1686078240000.0,0.0,0.0,0.0,2.353377411298291,0.0,0.0,2.4226,0.9537521883230394,1.0,2693.4615568460176,1000.0,2693.4615568460176,1000.0,0.0,0.0
3764,1686081840000.0,0.0,0.0,0.0,2.353377411298291,0.0,0.0,2.43365,0.9537521883230394,1.0,2693.4615568460176,1000.0,2693.4615568460176,1000.0,0.0,0.0
3765,1686085440000.0,0.0,0.0,56.3,2.393358792184725,0.0,0.0,2.40825,0.9537521883230394,1.0,2693.777872634018,1000.0,2694.616247634018,1000.0,0.05002123648311179,0.0
3766,1686089040000.0,0.0,0.0,35.5,2.393358792184725,0.0,0.0,2.4179,0.9537521883230394,1.0,2694.2657937885756,1000.0,2695.137006666018,1000.0,0.03153520982170219,0.0
3767,1686092640000.0,0.0,0.0,10.6,2.393358792184725,0.0,0.0,2.4231,0.9537521883230394,1.0,2694.849891709177,1000.0,2695.1651485120187,1000.0,0.009414106245846484,0.0
3768,1686096240000.0,0.0,0.0,56.0,2.4037278964729767,0.0,0.0,2.40015,0.9537521883230394,1.0,2695.024489882506,1000.0,2694.824127680019,1000.0,0.04994713877659613,0.0
3769,1686099840000.0,0.0,0.0,48.0,2.4037278964729767,0.0,0.0,2.3971,0.9537521883230394,1.0,2695.213182230722,1000.0,2694.8950432000192,1000.0,0.04280883597311893,0.0
3770,1686103440000.0,0.0,0.0,48.0,2.4037278964729767,0.0,0.0,2.39475,0.9537521883230394,1.0,2695.213182230722,1000.0,2694.782243200019,1000.0,0.04280883597311893,0.0
3771,1686107040000.0,0.0,0.0,48.0,2.4037278964729767,0.0,0.0,2.3858,0.9537521883230394,1.0,2695.213182230722,1000.0,2694.352643200019,1000.0,0.04280883597311893,0.0
3772,1686110640000.0,0.0,0.0,48.0,2.4037278964729767,0.0,0.0,2.4044,0.9537521883230394,1.0,2695.213182230722,1000.0,2695.245443200019,1000.0,0.04280883597311893,0.0
3773,1686114240000.0,0.0,0.0,48.0,2.4037278964729767,0.0,0.0,2.4036,0.9537521883230394,1.0,2695.213182230722,1000.0,2695.207043200019,1000.0,0.04280883597311893,0.0
3774,1686117840000.0,0.0,0.0,48.0,2.4037278964729767,0.0,0.0,2.3857,0.9537521883230394,1.0,2695.213182230722,1000.0,2694.3478432000193,1000.0,0.04280883597311893,0.0
3775,1686121440000.0,0.0,0.0,48.0,2.4037278964729767,0.0,0.0,2.35125,0.9537521883230394,1.0,2695.213182230722,1000.0,2692.694243200019,1000.0,0.04280883597311893,0.0
3776,1686125040000.0,0.0,0.0,48.0,2.4037278964729767,0.0,0.0,2.3323,0.9537521883230394,1.0,2695.213182230722,1000.0,2691.784643200019,1000.0,0.04280883597311893,0.0
3777,1686128640000.0,0.0,0.0,48.0,2.4037278964729767,0.0,0.0,2.33055,0.9537521883230394,1.0,2695.213182230722,1000.0,2691.700643200019,1000.0,0.04280883597311893,0.0
3778,1686132240000.0,0.0,0.0,121.5,2.353803613421423,0.0,0.0,2.283,0.9537521883230394,1.0,2695.1790605907217,1000.0,2686.576421560019,1000.0,0.10611062664163808,0.0
3779,1686135840000.0,0.0,0.0,121.5,2.353803613421423,0.0,0.0,2.3342,0.9537521883230394,1.0,2695.1790605907217,1000.0,2692.797221560019,1000.0,0.10611062664163808,0.0
3780,1686139440000.0,0.0,0.0,121.5,2.353803613421423,0.0,0.0,2.3177,0.9537521883230394,1.0,2695.1790605907217,1000.0,2690.792471560019,1000.0,0.10611062664163808,0.0
3781,1686143040000.0,0.0,0.0,121.5,2.353803613421423,0.0,0.0,2.31395,0.9537521883230394,1.0,2695.1790605907217,1000.0,2690.336846560019,1000.0,0.10611062664163808,0.0
3782,1686146640000.0,0.0,0.0,121.5,2.353803613421423,0.0,0.0,2.28755,0.9537521883230394,1.0,2695.1790605907217,1000.0,2687.129246560019,1000.0,0.10611062664163808,0.0
3783,1686150240000.0,0.00031364630476156554,0.0,1214.0,2.2199983599923416,0.0,0.0,2.2034,0.9537521883230394,1.0,2694.697242416722,1000.0,2674.546833386019,1000.0,1.0001413021871204,0.0
3784,1686153840000.0,0.0,0.0,892.0,2.2199983599923416,0.0,0.0,2.225,0.9537521883230394,1.0,2701.701772819188,1000.0,2706.1632357060193,1000.0,0.7329597060029381,0.0
3785,1686157440000.0,0.0,0.0,892.0,2.2199983599923416,0.0,0.0,2.20105,0.9537521883230394,1.0,2701.701772819188,1000.0,2684.799835706019,1000.0,0.7329597060029381,0.0
3786,1686161040000.0,0.0,0.0,892.0,2.2199983599923416,0.0,0.0,2.2135,0.9537521883230394,1.0,2701.701772819188,1000.0,2695.905235706019,1000.0,0.7329597060029381,0.0
3787,1686164640000.0,0.0,0.0,892.0,2.2199983599923416,0.0,0.0,2.20825,0.9537521883230394,1.0,2701.701772819188,1000.0,2691.2222357060195,1000.0,0.7329597060029381,0.0
3788,1686168240000.0,0.0,0.0,892.0,2.2199983599923416,0.0,0.0,2.2138,0.9537521883230394,1.0,2701.701772819188,1000.0,2696.172835706019,1000.0,0.7329597060029381,0.0
3789,1686171840000.0,0.0,0.0,892.0,2.2199983599923416,0.0,0.0,2.2143,0.9537521883230394,1.0,2701.701772819188,1000.0,2696.6188357060196,1000.0,0.7329597060029381,0.0
3790,1686175440000.0,0.0,0.0,892.0,2.2199983599923416,0.0,0.0,2.19175,0.9537521883230394,1.0,2701.701772819188,1000.0,2676.5042357060192,1000.0,0.7329597060029381,0.0
3791,1686179040000.0,0.0,0.0,892.0,2.2199983599923416,0.0,0.0,2.20165,0.9537521883230394,1.0,2701.701772819188,1000.0,2685.3350357060194,1000.0,0.7329597060029381,0.0
3792,1686182640000.0,0.0,0.0,892.0,2.2199983599923416,0.0,0.0,2.2036,0.9537521883230394,1.0,2701.701772819188,1000.0,2687.0744357060194,1000.0,0.7329597060029381,0.0
3793,1686186240000.0,0.0,0.0,892.0,2.2199983599923416,0.0,0.0,2.20015,0.9537521883230394,1.0,2701.701772819188,1000.0,2683.9970357060192,1000.0,0.7329597060029381,0.0
3794,1686189840000.0,0.0,0.0,892.0,2.2199983599923416,0.0,0.0,2.21055,0.9537521883230394,1.0,2701.701772819188,1000.0,2693.2738357060193,1000.0,0.7329597060029381,0.0
3795,1686193440000.0,0.0,0.0,892.0,2.2199983599923416,0.0,0.0,2.19465,0.9537521883230394,1.0,2701.701772819188,1000.0,2679.0910357060197,1000.0,0.7329597060029381,0.0
3796,1686197040000.0,0.0,0.0,892.0,2.2199983599923416,0.0,0.0,2.18595,0.9537521883230394,1.0,2701.701772819188,1000.0,2671.3306357060196,1000.0,0.7329597060029381,0.0
3797,1686200640000.0,0.0,0.0,892.0,2.2199983599923416,0.0,0.0,2.189,0.9537521883230394,1.0,2701.701772819188,1000.0,2674.0512357060193,1000.0,0.7329597060029381,0.0
3798,1686204240000.0,0.0,0.0,892.0,2.2199983599923416,0.0,0.0,2.15595,0.9537521883230394,1.0,2701.701772819188,1000.0,2644.5706357060194,1000.0,0.7329597060029381,0.0
3799,1686207840000.0,0.0,0.0,892.0,2.2199983599923416,0.0,0.0,2.1978,0.9537521883230394,1.0,2701.701772819188,1000.0,2681.9008357060193,1000.0,0.7329597060029381,0.0
3800,1686211440000.0,0.0,0.0,561.8,2.2199983599923416,0.0,0.0,2.22525,0.9537521883230394,1.0,2708.884679461717,1000.0,2711.8350508180197,1000.0,0.4604090709729023,0.0
3801,1686215040000.0,0.0,0.0,561.8,2.2199983599923416,0.0,0.0,2.2266,0.9537521883230394,1.0,2708.884679461717,1000.0,2712.5934808180195,1000.0,0.4604090709729023,0.0
3802,1686218640000.0,0.0,0.0,561.8,2.2199983599923416,0.0,0.0,2.2125,0.9537521883230394,1.0,2708.884679461717,1000.0,2704.6721008180193,1000.0,0.4604090709729023,0.0
3803,1686222240000.0,0.0,0.0,481.6,2.2199983599923416,0.0,0.0,2.2326,0.9537521883230394,1.0,2710.629286102331,1000.0,2716.6982359300196,1000.0,0.3944291518039584,0.0
3804,1686225840000.0,0.0,0.0,481.6,2.2199983599923416,0.0,0.0,2.2218,0.9537521883230394,1.0,2710.629286102331,1000.0,2711.4969559300193,1000.0,0.3944291518039584,0.0
3805,1686229440000.0,0.0,0.0,223.0,2.2199983599923416,0.0,0.0,2.21665,0.9537521883230394,1.0,2716.2546636243114,1000.0,2715.507979346019,1000.0,0.1822581810564595,0.0
3806,1686233040000.0,0.0,0.0,223.0,2.2199983599923416,0.0,0.0,2.18585,0.9537521883230394,1.0,2716.2546636243114,1000.0,2708.639579346019,1000.0,0.1822581810564595,0.0
3807,1686236640000.0,0.0,0.0,140.5,2.2199983599923416,0.0,0.0,2.2198,0.9537521883230394,1.0,2718.0493026249437,1000.0,2718.02143304602,1000.0,0.11475500804113398,0.0
3808,1686240240000.0,0.0,0.0,140.5,2.2199983599923416,0.0,0.0,2.2072,0.9537521883230394,1.0,2718.0493026249437,1000.0,2716.2511330460197,1000.0,0.11475500804113398,0.0
3809,1686243840000.0,0.0,0.0,140.5,2.2199983599923416,0.0,0.0,2.1781,0.9537521883230394,1.0,2718.0493026249437,1000.0,2712.16258304602,1000.0,0.11475500804113398,0.0
3810,1686247440000.0,0.0,0.0,140.5,2.2199983599923416,0.0,0.0,2.1803,0.9537521883230394,1.0,2718.0493026249437,1000.0,2712.4716830460197,1000.0,0.11475500804113398,0.0
3811,1686251040000.0,0.0,0.0,140.5,2.2199983599923416,0.0,0.0,2.21445,0.9537521883230394,1.0,2718.0493026249437,1000.0,2717.26975804602,1000.0,0.11475500804113398,0.0
3812,1686254640000.0,0.0,0.0,100.5,2.2199983599923416,0.0,0.0,2.25335,0.9537521883230394,1.0,2719.3533438252502,1000.0,2722.70518364602,1000.0,0.08204518022118706,0.0
3813,1686258240000.0,0.0,0.0,18.9,2.2199983599923416,0.0,0.0,2.2639,0.9537521883230394,1.0,2723.1092187038753,1000.0,2723.93895970002,1000.0,0.015408110962154536,0.0
3814,1686261840000.0,0.0,0.0,7.7,2.2199983599923416,0.0,0.0,2.2589,0.9537521883230394,1.0,2723.595845935962,1000.0,2723.8953885640212,1000.0,0.006276256955468623,0.0
3815,1686265440000.0,0.0,0.0,3.9,2.2199983599923416,0.0,0.0,2.26045,0.9537521883230394,1.0,2723.7609516039906,1000.0,2723.9187130000205,1000.0,0.0031786906992963323,0.0
3816,1686269040000.0,0.0,0.0,2.0,2.2199983599923416,0.0,0.0,2.27615,0.9537521883230394,1.0,2723.8435044380044,1000.0,2723.9558077180195,1000.0,0.0016300483903537487,0.0
3817,1686272640000.0,0.0,0.0,60.7,2.244794055683627,0.0,0.0,2.24795,0.9537521883230394,1.0,2723.905513154016,1000.0,2724.0970789740195,1000.0,0.050023394175013655,0.0
3818,1686276240000.0,0.0,0.0,15.5,2.244794055683627,0.0,0.0,2.26345,0.9537521883230394,1.0,2724.902285445116,1000.0,2725.19145258202,1000.0,0.01276901122251161,0.0
3819,1686279840000.0,0.0,0.0,60.6,2.24760859637941,0.0,0.0,2.2252,0.9537521883230394,1.0,2724.9295310466123,1000.0,2723.57157010602,1000.0,0.04998480855696753,0.0
3820,1686283440000.0,0.0,0.0,60.6,2.24760859637941,0.0,0.0,2.23905,0.9537521883230394,1.0,2724.9295310466123,1000.0,2724.41088010602,1000.0,0.04998480855696753,0.0
3821,1686287040000.0,0.0,0.0,60.6,2.24760859637941,0.0,0.0,2.2399,0.9537521883230394,1.0,2724.9295310466123,1000.0,2724.46239010602,1000.0,0.04998480855696753,0.0
3822,1686290640000.0,0.0,0.0,60.6,2.24760859637941,0.0,0.0,2.22805,0.9537521883230394,1.0,2724.9295310466123,1000.0,2723.74428010602,1000.0,0.04998480855696753,0.0
3823,1686294240000.0,0.0,0.0,60.6,2.24760859637941,0.0,0.0,2.2205,0.9537521883230394,1.0,2724.9295310466123,1000.0,2723.28675010602,1000.0,0.04998480855696753,0.0
3824,1686297840000.0,0.0,0.0,60.6,2.24760859637941,0.0,0.0,2.21745,0.9537521883230394,1.0,2724.9295310466123,1000.0,2723.10192010602,1000.0,0.04998480855696753,0.0
3825,1686301440000.0,0.0,0.0,60.6,2.24760859637941,0.0,0.0,2.25555,0.9537521883230394,1.0,2724.9295310466123,1000.0,2725.41078010602,1000.0,0.04998480855696753,0.0
3826,1686305040000.0,0.0,0.0,52.0,2.24760859637941,0.0,0.0,2.28585,0.9537521883230394,1.0,2725.119052545749,1000.0,2727.10760553402,1000.0,0.0428882719463381,0.0
3827,1686308640000.0,0.0,0.0,2.1,2.24760859637941,0.0,0.0,2.3578,0.9537521883230394,1.0,2727.771827304416,1000.0,2728.0032292520195,1000.0,0.0017303419608453992,0.0
3828,1686312240000.0,0.0,0.0,0.0,2.24760859637941,0.0,0.0,2.35465,0.9537521883230394,1.0,2728.0002493740194,1000.0,2728.0002493740194,1000.0,0.0,0.0
3829,1686315840000.0,0.0,0.0,0.0,2.24760859637941,0.0,0.0,2.37195,0.9537521883230394,1.0,2728.0002493740194,1000.0,2728.0002493740194,1000.0,0.0,0.0
3830,1686319440000.0,0.0,0.0,0.0,2.24760859637941,0.0,0.0,2.3531,0.9537521883230394,1.0,2728.0002493740194,1000.0,2728.0002493740194,1000.0,0.0,0.0
3831,1686323040000.0,0.0,0.0,0.0,2.24760859637941,0.0,0.0,2.3554,0.9537521883230394,1.0,2728.0002493740194,1000.0,2728.0002493740194,1000.0,0.0,0.0
3832,1686326640000.0,0.0,0.0,58.9,2.3156,0.0,0.0,2.31405,0.9537521883230394,1.0,2727.972971606019,1000.0,2727.881676606019,1000.0,0.049996404443737874,0.0
3833,1686330240000.0,0.0,0.0,58.9,2.3163792869269946,0.0,0.0,2.3054,0.9537521883230394,1.0,2728.5742286660197,1000.0,2727.92754866602,1000.0,0.05000220942008308,0.0
3834,1686333840000.0,0.0,0.0,58.9,2.3163792869269946,0.0,0.0,2.29905,0.9537521883230394,1.0,2728.5742286660197,1000.0,2727.5535336660196,1000.0,0.05000220942008308,0.0
3835,1686337440000.0,0.0,0.0,58.9,2.3163792869269946,0.0,0.0,2.28815,0.9537521883230394,1.0,2728.5742286660197,1000.0,2726.9115236660195,1000.0,0.05000220942008308,0.0
3836,1686341040000.0,0.0,0.0,58.9,2.3163792869269946,0.0,0.0,2.27025,0.9537521883230394,1.0,2728.5742286660197,1000.0,2725.8572136660196,1000.0,0.05000220942008308,0.0
3837,1686344640000.0,0.0,0.0,58.9,2.3163792869269946,0.0,0.0,2.26,0.9537521883230394,1.0,2728.5742286660197,1000.0,2725.2534886660196,1000.0,0.05000220942008308,0.0
3838,1686348240000.0,0.0,0.0,58.9,2.3163792869269946,0.0,0.0,2.29785,0.9537521883230394,1.0,2728.5742286660197,1000.0,2727.4828536660198,1000.0,0.05000220942008308,0.0
3839,1686351840000.0,0.0,0.0,58.9,2.3163792869269946,0.0,0.0,2.28995,0.9537521883230394,1.0,2728.5742286660197,1000.0,2727.0175436660197,1000.0,0.05000220942008308,0.0
3840,1686355440000.0,0.0,0.0,58.9,2.3163792869269946,0.0,0.0,2.28,0.9537521883230394,1.0,2728.5742286660197,1000.0,2726.43148866602,1000.0,0.05000220942008308,0.0
3841,1686359040000.0,0.0,0.0,149.0,2.2677136241610736,0.0,0.0,2.2164,0.9537521883230394,1.0,2728.5339377480195,1000.0,2720.88820774802,1000.0,0.12383548737490693,0.0
3842,1686362640000.0,0.0,0.0,149.0,2.2677136241610736,0.0,0.0,2.2008,0.9537521883230394,1.0,2728.5339377480195,1000.0,2718.5638077480194,1000.0,0.12383548737490693,0.0
3843,1686366240000.0,0.0,0.0,377.0,2.21442474801061,0.0,0.0,2.16385,0.9537521883230394,1.0,2728.4345479880194,1000.0,2709.3678679880195,1000.0,0.30597696786079026,0.0
3844,1686369840000.0,0.0,0.0,377.0,2.21442474801061,0.0,0.0,2.1589,0.9537521883230394,1.0,2728.4345479880194,1000.0,2707.501717988019,1000.0,0.30597696786079026,0.0
3845,1686373440000.0,0.0002248122654811314,0.0,1276.1,2.138032074288849,0.0,0.0,2.0756,0.9537521883230394,1.0,2728.0558470680194,1000.0,2648.38627706802,1000.0,1.0001051602122768,0.0
3846,1686377040000.0,0.0002248122654811314,0.0,1276.1,2.138032074288849,0.0,0.0,2.09515,0.9537521883230394,1.0,2728.0558470680194,1000.0,2673.334032068019,1000.0,1.0001051602122768,0.0
3847,1686380640000.0,0.0002248122654811314,0.0,1276.1,2.138032074288849,0.0,0.0,2.0552,0.9537521883230394,1.0,2728.0558470680194,1000.0,2622.35383706802,1000.0,1.0001051602122768,0.0
3848,1686384240000.0,0.0002248122654811314,0.0,1276.1,2.138032074288849,0.0,0.0,2.03655,0.9537521883230394,1.0,2728.0558470680194,1000.0,2598.5545720680198,1000.0,1.0001051602122768,0.0
3849,1686387840000.0,0.0002248122654811314,0.0,1276.1,2.138032074288849,0.0,0.0,2.04155,0.9537521883230394,1.0,2728.0558470680194,1000.0,2604.9350720680195,1000.0,1.0001051602122768,0.0
3850,1686391440000.0,0.0002248122654811314,0.0,1276.1,2.138032074288849,0.0,0.0,2.0653,0.9537521883230394,1.0,2728.0558470680194,1000.0,2635.24244706802,1000.0,1.0001051602122768,0.0
3851,1686395040000.0,0.0002248122654811314,0.0,1276.1,2.138032074288849,0.0,0.0,2.06875,0.9537521883230394,1.0,2728.0558470680194,1000.0,2639.6449920680197,1000.0,1.0001051602122768,0.0
3852,1686398640000.0,0.0002248122654811314,0.0,1276.1,2.138032074288849,0.0,0.0,2.0495,0.9537521883230394,1.0,2728.0558470680194,1000.0,2615.0800670680196,1000.0,1.0001051602122768,0.0
3853,1686402240000.0,0.0002248122654811314,0.0,1276.1,2.138032074288849,0.0,0.0,2.0178,0.9537521883230394,1.0,2728.0558470680194,1000.0,2574.627697068019,1000.0,1.0001051602122768,0.0
3854,1686405840000.0,0.0002248122654811314,0.0,1276.1,2.138032074288849,0.0,0.0,2.00435,0.9537521883230394,1.0,2728.0558470680194,1000.0,2557.4641520680198,1000.0,1.0001051602122768,0.0
3855,1686409440000.0,0.0002248122654811314,0.0,1276.1,2.138032074288849,0.0,0.0,1.9903,0.9537521883230394,1.0,2728.0558470680194,1000.0,2539.5349470680194,1000.0,1.0001051602122768,0.0
3856,1686413040000.0,0.0002248122654811314,0.0,1276.1,2.138032074288849,0.0,0.0,1.8571,0.9537521883230394,1.0,2728.0558470680194,1000.0,2369.5584270680192,1000.0,1.0001051602122768,0.0
3857,1686416640000.0,0.0002248122654811314,0.0,1276.1,2.138032074288849,0.0,0.0,1.8532,0.9537521883230394,1.0,2728.0558470680194,1000.0,2364.5816370680195,1000.0,1.0001051602122768,0.0
3858,1686420240000.0,0.08184267388991691,0.0,1331.9,2.1282967821663674,0.0,0.0,1.92465,0.9537521883230394,1.0,2725.6722268134044,1000.0,2454.4350776460196,1000.0,1.0399924305944226,0.0
3859,1686423840000.0,0.08184267388991691,0.0,1331.9,2.1282967821663674,0.0,0.0,1.91305,0.9537521883230394,1.0,2725.6722268134044,1000.0,2438.9850376460195,1000.0,1.0399924305944226,0.0
3860,1686427440000.0,0.08184267388991691,0.0,1331.9,2.1282967821663674,0.0,0.0,1.89715,0.9537521883230394,1.0,2725.6722268134044,1000.0,2417.8078276460196,1000.0,1.0399924305944226,0.0
3861,1686431040000.0,0.08184267388991691,0.0,1331.9,2.1282967821663674,0.0,0.0,1.9092,0.9537521883230394,1.0,2725.6722268134044,1000.0,2433.8572226460196,1000.0,1.0399924305944226,0.0
3862,1686434640000.0,0.08184267388991691,0.0,1331.9,2.1282967821663674,0.0,0.0,1.9286,0.9537521883230394,1.0,2725.6722268134044,1000.0,2459.69608264602,1000.0,1.0399924305944226,0.0
3863,1686438240000.0,0.08184267388991691,0.0,1331.9,2.1282967821663674,0.0,0.0,1.89525,0.9537521883230394,1.0,2725.6722268134044,1000.0,2415.27721764602,1000.0,1.0399924305944226,0.0
3864,1686441840000.0,0.08184267388991691,0.0,1331.9,2.1282967821663674,0.0,0.0,1.88875,0.9537521883230394,1.0,2725.6722268134044,1000.0,2406.6198676460194,1000.0,1.0399924305944226,0.0
3865,1686445440000.0,0.08184267388991691,0.0,1331.9,2.1282967821663674,0.0,0.0,1.87575,0.9537521883230394,1.0,2725.6722268134044,1000.0,2389.3051676460195,1000.0,1.0399924305944226,0.0
3866,1686449040000.0,0.08184267388991691,0.0,1331.9,2.1282967821663674,0.0,0.0,1.88205,0.9537521883230394,1.0,2725.6722268134044,1000.0,2397.6961376460195,1000.0,1.0399924305944226,0.0
3867,1686452640000.0,0.08184267388991691,0.0,1331.9,2.1282967821663674,0.0,0.0,1.91905,0.9537521883230394,1.0,2725.6722268134044,1000.0,2446.97643764602,1000.0,1.0399924305944226,0.0
3868,1686456240000.0,0.08184267388991691,0.0,1331.9,2.1282967821663674,0.0,0.0,1.9292,0.9537521883230394,1.0,2725.6722268134044,1000.0,2460.4952226460196,1000.0,1.0399924305944226,0.0
3869,1686459840000.0,0.08184267388991691,0.0,1331.9,2.1282967821663674,0.0,0.0,1.92345,0.9537521883230394,1.0,2725.6722268134044,1000.0,2452.83679764602,1000.0,1.0399924305944226,0.0
3870,1686463440000.0,0.0620116753043262,0.0,1317.6,2.1282967821663674,0.0,0.0,1.9403,0.9537521883230394,1.0,2722.5372568014254,1000.0,2474.8326966190198,1000.0,1.030011190178155,0.0
3871,1686467040000.0,0.0620116753043262,0.0,1317.6,2.1282967821663674,0.0,0.0,1.9349,0.9537521883230394,1.0,2722.5372568014254,1000.0,2467.7176566190196,1000.0,1.030011190178155,0.0
3872,1686470640000.0,0.0620116753043262,0.0,1317.6,2.1282967821663674,0.0,0.0,1.94865,0.9537521883230394,1.0,2722.5372568014254,1000.0,2485.83465661902,1000.0,1.030011190178155,0.0
3873,1686474240000.0,0.0620116753043262,0.0,1317.6,2.1282967821663674,0.0,0.0,1.94455,0.9537521883230394,1.0,2722.5372568014254,1000.0,2480.4324966190197,1000.0,1.030011190178155,0.0
3874,1686477840000.0,0.0620116753043262,0.0,1317.6,2.1282967821663674,0.0,0.0,1.9405,0.9537521883230394,1.0,2722.5372568014254,1000.0,2475.0962166190197,1000.0,1.030011190178155,0.0
3875,1686481440000.0,0.0620116753043262,0.0,1317.6,2.1282967821663674,0.0,0.0,1.9579,0.9537521883230394,1.0,2722.5372568014254,1000.0,2498.0224566190195,1000.0,1.030011190178155,0.0
3876,1686485040000.0,0.0620116753043262,0.0,1317.6,2.1282967821663674,0.0,0.0,1.95215,0.9537521883230394,1.0,2722.5372568014254,1000.0,2490.44625661902,1000.0,1.030011190178155,0.0
3877,1686488640000.0,0.0620116753043262,0.0,1317.6,2.1282967821663674,0.0,0.0,1.9359,0.9537521883230394,1.0,2722.5372568014254,1000.0,2469.0352566190195,1000.0,1.030011190178155,0.0
3878,1686492240000.0,0.0620116753043262,0.0,1317.6,2.1282967821663674,0.0,0.0,1.93395,0.9537521883230394,1.0,2722.5372568014254,1000.0,2466.46593661902,1000.0,1.030011190178155,0.0
3879,1686495840000.0,0.0620116753043262,0.0,1317.6,2.1282967821663674,0.0,0.0,1.91335,0.9537521883230394,1.0,2722.5372568014254,1000.0,2439.3233766190197,1000.0,1.030011190178155,0.0
3880,1686499440000.0,0.0620116753043262,0.0,1317.6,2.1282967821663674,0.0,0.0,1.89845,0.9537521883230394,1.0,2722.5372568014254,1000.0,2419.6911366190197,1000.0,1.030011190178155,0.0
3881,1686503040000.0,0.0620116753043262,0.0,1317.6,2.1282967821663674,0.0,0.0,1.92505,0.9537521883230394,1.0,2722.5372568014254,1000.0,2454.7392966190196,1000.0,1.030011190178155,0.0
3882,1686506640000.0,0.04173409279344841,0.0,1303.4,2.1282967821663674,0.0,0.0,1.9456,0.9537521883230394,1.0,2719.625809328663,1000.0,2481.4988234530197,1000.0,1.0200013606138,0.0
3883,1686510240000.0,0.04173409279344841,0.0,1303.4,2.1282967821663674,0.0,0.0,1.9346,0.9537521883230394,1.0,2719.625809328663,1000.0,2467.16142345302,1000.0,1.0200013606138,0.0
3884,1686513840000.0,0.04173409279344841,0.0,1303.4,2.1282967821663674,0.0,0.0,1.9949,0.9537521883230394,1.0,2719.625809328663,1000.0,2545.7564434530195,1000.0,1.0200013606138,0.0
3885,1686517440000.0,0.04173409279344841,0.0,1303.4,2.1282967821663674,0.0,0.0,1.99865,0.9537521883230394,1.0,2719.625809328663,1000.0,2550.6441934530194,1000.0,1.0200013606138,0.0
3886,1686521040000.0,0.04173409279344841,0.0,1303.4,2.1282967821663674,0.0,0.0,1.9832,0.9537521883230394,1.0,2719.625809328663,1000.0,2530.5066634530194,1000.0,1.0200013606138,0.0
3887,1686524640000.0,0.04173409279344841,0.0,1303.4,2.1282967821663674,0.0,0.0,1.94795,0.9537521883230394,1.0,2719.625809328663,1000.0,2484.5618134530196,1000.0,1.0200013606138,0.0
3888,1686528240000.0,0.04173409279344841,0.0,1303.4,2.1282967821663674,0.0,0.0,1.937,0.9537521883230394,1.0,2719.625809328663,1000.0,2470.2895834530195,1000.0,1.0200013606138,0.0
3889,1686531840000.0,0.04173409279344841,0.0,1303.4,2.1282967821663674,0.0,0.0,1.94715,0.9537521883230394,1.0,2719.625809328663,1000.0,2483.5190934530197,1000.0,1.0200013606138,0.0
3890,1686535440000.0,0.04173409279344841,0.0,1303.4,2.1282967821663674,0.0,0.0,1.9324,0.9537521883230394,1.0,2719.625809328663,1000.0,2464.2939434530194,1000.0,1.0200013606138,0.0
3891,1686539040000.0,0.04173409279344841,0.0,1303.4,2.1282967821663674,0.0,0.0,1.8898,0.9537521883230394,1.0,2719.625809328663,1000.0,2408.7691034530194,1000.0,1.0200013606138,0.0
3892,1686542640000.0,0.04173409279344841,0.0,1303.4,2.1282967821663674,0.0,0.0,1.91665,0.9537521883230394,1.0,2719.625809328663,1000.0,2443.7653934530194,1000.0,1.0200013606138,0.0
3893,1686546240000.0,0.04173409279344841,0.0,1303.4,2.1282967821663674,0.0,0.0,1.9261,0.9537521883230394,1.0,2719.625809328663,1000.0,2456.0825234530193,1000.0,1.0200013606138,0.0
3894,1686549840000.0,0.021057854573784597,0.0,1289.3,2.1282967821663674,0.0,0.0,1.9183,0.9537521883230394,1.0,2716.863149345117,1000.0,2446.1142980980194,1000.0,1.0099931024897315,0.0
3895,1686553440000.0,0.021057854573784597,0.0,1289.3,2.1282967821663674,0.0,0.0,1.902,0.9537521883230394,1.0,2716.863149345117,1000.0,2425.0987080980194,1000.0,1.0099931024897315,0.0
3896,1686557040000.0,0.021057854573784597,0.0,1289.3,2.1282967821663674,0.0,0.0,1.8842,0.9537521883230394,1.0,2716.863149345117,1000.0,2402.14916809802,1000.0,1.0099931024897315,0.0
3897,1686560640000.0,0.021057854573784597,0.0,1289.3,2.1282967821663674,0.0,0.0,1.92825,0.9537521883230394,1.0,2716.863149345117,1000.0,2458.9428330980195,1000.0,1.0099931024897315,0.0
3898,1686564240000.0,0.021057854573784597,0.0,1289.3,2.1282967821663674,0.0,0.0,1.93495,0.9537521883230394,1.0,2716.863149345117,1000.0,2467.5811430980193,1000.0,1.0099931024897315,0.0
3899,1686567840000.0,0.021057854573784597,0.0,1289.3,2.1282967821663674,0.0,0.0,1.9406,0.9537521883230394,1.0,2716.863149345117,1000.0,2474.8656880980197,1000.0,1.0099931024897315,0.0
3900,1686571440000.0,0.021057854573784597,0.0,1289.3,2.1282967821663674,0.0,0.0,1.9334,0.9537521883230394,1.0,2716.863149345117,1000.0,2465.5827280980197,1000.0,1.0099931024897315,0.0
3901,1686575040000.0,0.021057854573784597,0.0,1289.3,2.1282967821663674,0.0,0.0,1.91965,0.9537521883230394,1.0,2716.863149345117,1000.0,2447.8548530980197,1000.0,1.0099931024897315,0.0
3902,1686578640000.0,0.021057854573784597,0.0,1289.3,2.1282967821663674,0.0,0.0,1.9277,0.9537521883230394,1.0,2716.863149345117,1000.0,2458.2337180980194,1000.0,1.0099931024897315,0.0
3903,1686582240000.0,0.021057854573784597,0.0,1289.3,2.1282967821663674,0.0,0.0,1.9221,0.9537521883230394,1.0,2716.863149345117,1000.0,2451.0136380980193,1000.0,1.0099931024897315,0.0
3904,1686585840000.0,0.021057854573784597,0.0,1289.3,2.1282967821663674,0.0,0.0,1.9219,0.9537521883230394,1.0,2716.863149345117,1000.0,2450.7557780980196,1000.0,1.0099931024897315,0.0
3905,1686589440000.0,0.021057854573784597,0.0,1289.3,2.1282967821663674,0.0,0.0,1.93595,0.9537521883230394,1.0,2716.863149345117,1000.0,2468.8704430980197,1000.0,1.0099931024897315,0.0
3906,1686593040000.0,2.4977725047249952e-05,0.0,1275.2,2.1282967821663674,0.0,0.0,1.90355,0.9537521883230394,1.0,2713.9722050235714,1000.0,2427.37510840502,1000.0,1.0000117361537164,0.0
3907,1686596640000.0,2.4977725047249952e-05,0.0,1275.2,2.1282967821663674,0.0,0.0,1.89855,0.9537521883230394,1.0,2713.9722050235714,1000.0,2420.99910840502,1000.0,1.0000117361537164,0.0
3908,1686600240000.0,2.4977725047249952e-05,0.0,1275.2,2.1282967821663674,0.0,0.0,1.8933,0.9537521883230394,1.0,2713.9722050235714,1000.0,2414.3043084050196,1000.0,1.0000117361537164,0.0
3909,1686603840000.0,2.4977725047249952e-05,0.0,1275.2,2.1282967821663674,0.0,0.0,1.9033,0.9537521883230394,1.0,2713.9722050235714,1000.0,2427.0563084050195,1000.0,1.0000117361537164,0.0
3910,1686607440000.0,2.4977725047249952e-05,0.0,1275.2,2.1282967821663674,0.0,0.0,1.9306,0.9537521883230394,1.0,2713.9722050235714,1000.0,2461.8692684050197,1000.0,1.0000117361537164,0.0
3911,1686611040000.0,2.4977725047249952e-05,0.0,1275.2,2.1282967821663674,0.0,0.0,1.92865,0.9537521883230394,1.0,2713.9722050235714,1000.0,2459.3826284050197,1000.0,1.0000117361537164,0.0
3912,1686614640000.0,2.4977725047249952e-05,0.0,1275.2,2.1282967821663674,0.0,0.0,1.9393,0.9537521883230394,1.0,2713.9722050235714,1000.0,2472.9635084050196,1000.0,1.0000117361537164,0.0
3913,1686618240000.0,2.4977725047249952e-05,0.0,1275.2,2.1282967821663674,0.0,0.0,1.9114,0.9537521883230394,1.0,2713.9722050235714,1000.0,2437.3854284050194,1000.0,1.0000117361537164,0.0
3914,1686621840000.0,2.4977725047249952e-05,0.0,1275.2,2.1282967821663674,0.0,0.0,1.9088,0.9537521883230394,1.0,2713.9722050235714,1000.0,2434.0699084050198,1000.0,1.0000117361537164,0.0
3915,1686625440000.0,2.4977725047249952e-05,0.0,1275.2,2.1282967821663674,0.0,0.0,1.94435,0.9537521883230394,1.0,2713.9722050235714,1000.0,2479.40326840502,1000.0,1.0000117361537164,0.0
3916,1686629040000.0,2.4977725047249952e-05,0.0,1275.2,2.1282967821663674,0.0,0.0,1.9254,0.9537521883230394,1.0,2713.9722050235714,1000.0,2455.2382284050195,1000.0,1.0000117361537164,0.0
3917,1686632640000.0,2.4977725047249952e-05,0.0,1275.2,2.1282967821663674,0.0,0.0,1.9285,0.9537521883230394,1.0,2713.9722050235714,1000.0,2459.1913484050197,1000.0,1.0000117361537164,0.0
3918,1686636240000.0,0.08182940788958318,0.0,1331.5,2.1179709139992533,0.0,0.0,1.94,0.9537521883230394,1.0,2711.1224153850258,1000.0,2474.15414339502,1000.0,1.040188468062777,0.0
3919,1686639840000.0,0.08182940788958318,0.0,1331.5,2.1179709139992533,0.0,0.0,1.95045,0.9537521883230394,1.0,2711.1224153850258,1000.0,2488.06831839502,1000.0,1.040188468062777,0.0
3920,1686643440000.0,0.08182940788958318,0.0,1331.5,2.1179709139992533,0.0,0.0,1.96305,0.9537521883230394,1.0,2711.1224153850258,1000.0,2504.84521839502,1000.0,1.040188468062777,0.0
3921,1686647040000.0,0.08182940788958318,0.0,1331.5,2.1179709139992533,0.0,0.0,1.9933,0.9537521883230394,1.0,2711.1224153850258,1000.0,2545.12309339502,1000.0,1.040188468062777,0.0
3922,1686650640000.0,0.08182940788958318,0.0,1331.5,2.1179709139992533,0.0,0.0,1.9662,0.9537521883230394,1.0,2711.1224153850258,1000.0,2509.03944339502,1000.0,1.040188468062777,0.0
3923,1686654240000.0,0.08182940788958318,0.0,1331.5,2.1179709139992533,0.0,0.0,1.9704,0.9537521883230394,1.0,2711.1224153850258,1000.0,2514.63174339502,1000.0,1.040188468062777,0.0
3924,1686657840000.0,0.08182940788958318,0.0,1331.5,2.1179709139992533,0.0,0.0,1.987,0.9537521883230394,1.0,2711.1224153850258,1000.0,2536.73464339502,1000.0,1.040188468062777,0.0
3925,1686661440000.0,0.08182940788958318,0.0,1331.5,2.1179709139992533,0.0,0.0,1.94325,0.9537521883230394,1.0,2711.1224153850258,1000.0,2478.48151839502,1000.0,1.040188468062777,0.0
3926,1686665040000.0,0.08182940788958318,0.0,1331.5,2.1179709139992533,0.0,0.0,1.9286,0.9537521883230394,1.0,2711.1224153850258,1000.0,2458.9750433950203,1000.0,1.040188468062777,0.0
3927,1686668640000.0,0.08182940788958318,0.0,1331.5,2.1179709139992533,0.0,0.0,1.92855,0.9537521883230394,1.0,2711.1224153850258,1000.0,2458.90846839502,1000.0,1.040188468062777,0.0
3928,1686672240000.0,0.08182940788958318,0.0,1331.5,2.1179709139992533,0.0,0.0,1.8964,0.9537521883230394,1.0,2711.1224153850258,1000.0,2416.10074339502,1000.0,1.040188468062777,0.0
3929,1686675840000.0,0.08182940788958318,0.0,1331.5,2.1179709139992533,0.0,0.0,1.91595,0.9537521883230394,1.0,2711.1224153850258,1000.0,2442.13156839502,1000.0,1.040188468062777,0.0
3930,1686679440000.0,0.06215976241458964,0.0,1317.4,2.1179709139992533,0.0,0.0,1.92925,0.9537521883230394,1.0,2708.3256110976363,1000.0,2459.70467899502,1000.0,1.030236124736786,0.0
3931,1686683040000.0,0.06215976241458964,0.0,1317.4,2.1179709139992533,0.0,0.0,1.9304,0.9537521883230394,1.0,2708.3256110976363,1000.0,2461.2196889950196,1000.0,1.030236124736786,0.0
3932,1686686640000.0,0.06215976241458964,0.0,1317.4,2.1179709139992533,0.0,0.0,1.91485,0.9537521883230394,1.0,2708.3256110976363,1000.0,2440.73411899502,1000.0,1.030236124736786,0.0
3933,1686690240000.0,0.06215976241458964,0.0,1317.4,2.1179709139992533,0.0,0.0,1.9397,0.9537521883230394,1.0,2708.3256110976363,1000.0,2473.47150899502,1000.0,1.030236124736786,0.0
3934,1686693840000.0,0.06215976241458964,0.0,1317.4,2.1179709139992533,0.0,0.0,1.93545,0.9537521883230394,1.0,2708.3256110976363,1000.0,2467.87255899502,1000.0,1.030236124736786,0.0
3935,1686697440000.0,0.06215976241458964,0.0,1317.4,2.1179709139992533,0.0,0.0,1.9201,0.9537521883230394,1.0,2708.3256110976363,1000.0,2447.6504689950198,1000.0,1.030236124736786,0.0
3936,1686701040000.0,0.06215976241458964,0.0,1317.4,2.1179709139992533,0.0,0.0,1.9216,0.9537521883230394,1.0,2708.3256110976363,1000.0,2449.62656899502,1000.0,1.030236124736786,0.0
3937,1686704640000.0,0.06215976241458964,0.0,1317.4,2.1179709139992533,0.0,0.0,1.9296,0.9537521883230394,1.0,2708.3256110976363,1000.0,2460.16576899502,1000.0,1.030236124736786,0.0
3938,1686708240000.0,0.06215976241458964,0.0,1317.4,2.1179709139992533,0.0,0.0,1.9441,0.9537521883230394,1.0,2708.3256110976363,1000.0,2479.26806899502,1000.0,1.030236124736786,0.0
3939,1686711840000.0,0.06215976241458964,0.0,1317.4,2.1179709139992533,0.0,0.0,1.93235,0.9537521883230394,1.0,2708.3256110976363,1000.0,2463.78861899502,1000.0,1.030236124736786,0.0
3940,1686715440000.0,0.06215976241458964,0.0,1317.4,2.1179709139992533,0.0,0.0,1.9308,0.9537521883230394,1.0,2708.3256110976363,1000.0,2461.74664899502,1000.0,1.030236124736786,0.0
3941,1686719040000.0,0.04206830309060063,0.0,1303.3,2.1179709139992533,0.0,0.0,1.921,0.9537521883230394,1.0,2705.523872797247,1000.0,2448.81168058202,1000.0,1.0202650658414976,0.0
3942,1686722640000.0,0.04206830309060063,0.0,1303.3,2.1179709139992533,0.0,0.0,1.9118,0.9537521883230394,1.0,2705.523872797247,1000.0,2436.8213205820202,1000.0,1.0202650658414976,0.0
3943,1686726240000.0,0.04206830309060063,0.0,1303.3,2.1179709139992533,0.0,0.0,1.92085,0.9537521883230394,1.0,2705.523872797247,1000.0,2448.61618558202,1000.0,1.0202650658414976,0.0
3944,1686729840000.0,0.04206830309060063,0.0,1303.3,2.1179709139992533,0.0,0.0,1.9091,0.9537521883230394,1.0,2705.523872797247,1000.0,2433.30241058202,1000.0,1.0202650658414976,0.0
3945,1686733440000.0,0.04206830309060063,0.0,1303.3,2.1179709139992533,0.0,0.0,1.91165,0.9537521883230394,1.0,2705.523872797247,1000.0,2436.6258255820203,1000.0,1.0202650658414976,0.0
3946,1686737040000.0,0.04206830309060063,0.0,1303.3,2.1179709139992533,0.0,0.0,1.92575,0.9537521883230394,1.0,2705.523872797247,1000.0,2455.0023555820203,1000.0,1.0202650658414976,0.0
3947,1686740640000.0,0.04206830309060063,0.0,1303.3,2.1179709139992533,0.0,0.0,1.927,0.9537521883230394,1.0,2705.523872797247,1000.0,2456.6314805820202,1000.0,1.0202650658414976,0.0
3948,1686744240000.0,0.04206830309060063,0.0,1303.3,2.1179709139992533,0.0,0.0,1.9377,0.9537521883230394,1.0,2705.523872797247,1000.0,2470.57679058202,1000.0,1.0202650658414976,0.0
3949,1686747840000.0,0.04206830309060063,0.0,1303.3,2.1179709139992533,0.0,0.0,1.93075,0.9537521883230394,1.0,2705.523872797247,1000.0,2461.51885558202,1000.0,1.0202650658414976,0.0
3950,1686751440000.0,0.04206830309060063,0.0,1303.3,2.1179709139992533,0.0,0.0,1.9269,0.9537521883230394,1.0,2705.523872797247,1000.0,2456.5011505820203,1000.0,1.0202650658414976,0.0
3951,1686755040000.0,0.04206830309060063,0.0,1303.3,2.1179709139992533,0.0,0.0,1.92995,0.9537521883230394,1.0,2705.523872797247,1000.0,2460.4762155820204,1000.0,1.0202650658414976,0.0
3952,1686758640000.0,0.04206830309060063,0.0,1303.3,2.1179709139992533,0.0,0.0,1.93065,0.9537521883230394,1.0,2705.523872797247,1000.0,2461.38852558202,1000.0,1.0202650658414976,0.0
3953,1686762240000.0,0.021591909337661013,0.0,1289.4,2.1179709139992533,0.0,0.0,1.9377,0.9537521883230394,1.0,2703.071088610657,1000.0,2470.62977210002,1000.0,1.0102996210559485,0.0
3954,1686765840000.0,0.021591909337661013,0.0,1289.4,2.1179709139992533,0.0,0.0,1.93865,0.9537521883230394,1.0,2703.071088610657,1000.0,2471.85470210002,1000.0,1.0102996210559485,0.0
3955,1686769440000.0,0.021591909337661013,0.0,1289.4,2.1179709139992533,0.0,0.0,1.9608,0.9537521883230394,1.0,2703.071088610657,1000.0,2500.41491210002,1000.0,1.0102996210559485,0.0
3956,1686773040000.0,0.021591909337661013,0.0,1289.4,2.1179709139992533,0.0,0.0,1.93095,0.9537521883230394,1.0,2703.071088610657,1000.0,2461.92632210002,1000.0,1.0102996210559485,0.0
3957,1686776640000.0,0.021591909337661013,0.0,1289.4,2.1179709139992533,0.0,0.0,1.83635,0.9537521883230394,1.0,2703.071088610657,1000.0,2339.94908210002,1000.0,1.0102996210559485,0.0
3958,1686780240000.0,0.021591909337661013,0.0,1289.4,2.1179709139992533,0.0,0.0,1.83455,0.9537521883230394,1.0,2703.071088610657,1000.0,2337.62816210002,1000.0,1.0102996210559485,0.0
3959,1686783840000.0,0.021591909337661013,0.0,1289.4,2.1179709139992533,0.0,0.0,1.81405,0.9537521883230394,1.0,2703.071088610657,1000.0,2311.19546210002,1000.0,1.0102996210559485,0.0
3960,1686787440000.0,0.021591909337661013,0.0,1289.4,2.1179709139992533,0.0,0.0,1.80095,0.9537521883230394,1.0,2703.071088610657,1000.0,2294.30432210002,1000.0,1.0102996210559485,0.0
3961,1686791040000.0,0.021591909337661013,0.0,1289.4,2.1179709139992533,0.0,0.0,1.83565,0.9537521883230394,1.0,2703.071088610657,1000.0,2339.04650210002,1000.0,1.0102996210559485,0.0
3962,1686794640000.0,0.021591909337661013,0.0,1289.4,2.1179709139992533,0.0,0.0,1.82355,0.9537521883230394,1.0,2703.071088610657,1000.0,2323.44476210002,1000.0,1.0102996210559485,0.0
3963,1686798240000.0,0.021591909337661013,0.0,1289.4,2.1179709139992533,0.0,0.0,1.82715,0.9537521883230394,1.0,2703.071088610657,1000.0,2328.08660210002,1000.0,1.0102996210559485,0.0
3964,1686801840000.0,0.021591909337661013,0.0,1289.4,2.1179709139992533,0.0,0.0,1.83685,0.9537521883230394,1.0,2703.071088610657,1000.0,2340.5937821000202,1000.0,1.0102996210559485,0.0
3965,1686805440000.0,0.0005990149097601427,0.0,1274.6,2.1179709139992533,0.0,0.0,1.82225,0.9537521883230394,1.0,2698.802222579468,1000.0,2321.8763455960197,1000.0,1.0002829049115167,0.0
3966,1686809040000.0,0.0005990149097601427,0.0,1274.6,2.1179709139992533,0.0,0.0,1.8052,0.9537521883230394,1.0,2698.802222579468,1000.0,2300.14441559602,1000.0,1.0002829049115167,0.0
3967,1686812640000.0,0.0005990149097601427,0.0,1274.6,2.1179709139992533,0.0,0.0,1.7948,0.9537521883230394,1.0,2698.802222579468,1000.0,2286.8885755960196,1000.0,1.0002829049115167,0.0
3968,1686816240000.0,0.0005990149097601427,0.0,1274.6,2.1179709139992533,0.0,0.0,1.8017,0.9537521883230394,1.0,2698.802222579468,1000.0,2295.68331559602,1000.0,1.0002829049115167,0.0
3969,1686819840000.0,0.0005990149097601427,0.0,1274.6,2.1179709139992533,0.0,0.0,1.79725,0.9537521883230394,1.0,2698.802222579468,1000.0,2290.01134559602,1000.0,1.0002829049115167,0.0
3970,1686823440000.0,0.0005990149097601427,0.0,1274.6,2.1179709139992533,0.0,0.0,1.781,0.9537521883230394,1.0,2698.802222579468,1000.0,2269.2990955960195,1000.0,1.0002829049115167,0.0
3971,1686827040000.0,0.0005990149097601427,0.0,1274.6,2.1179709139992533,0.0,0.0,1.7566,0.9537521883230394,1.0,2698.802222579468,1000.0,2238.1988555960197,1000.0,1.0002829049115167,0.0
3972,1686830640000.0,0.0005990149097601427,0.0,1274.6,2.1179709139992533,0.0,0.0,1.77025,0.9537521883230394,1.0,2698.802222579468,1000.0,2255.59714559602,1000.0,1.0002829049115167,0.0
3973,1686834240000.0,0.0005990149097601427,0.0,1274.6,2.1179709139992533,0.0,0.0,1.7289,0.9537521883230394,1.0,2698.802222579468,1000.0,2202.89243559602,1000.0,1.0002829049115167,0.0
3974,1686837840000.0,0.0005990149097601427,0.0,1274.6,2.1179709139992533,0.0,0.0,1.75965,0.9537521883230394,1.0,2698.802222579468,1000.0,2242.0863855960197,1000.0,1.0002829049115167,0.0
3975,1686841440000.0,0.0005990149097601427,0.0,1274.6,2.1179709139992533,0.0,0.0,1.75755,0.9537521883230394,1.0,2698.802222579468,1000.0,2239.4097255960196,1000.0,1.0002829049115167,0.0
3976,1686845040000.0,0.0005990149097601427,0.0,1274.6,2.1179709139992533,0.0,0.0,1.75245,0.9537521883230394,1.0,2698.802222579468,1000.0,2232.90926559602,1000.0,1.0002829049115167,0.0
3977,1686848640000.0,0.08135722061543915,0.0,1335.6,2.097983529499296,0.0,0.0,1.7633,0.9536439300216865,1.0,2693.406098145279,1000.0,2246.4027761460193,1000.0,1.0403432307993978,0.0
3978,1686852240000.0,0.08135722061543915,0.0,1335.6,2.097983529499296,0.0,0.0,1.78165,0.9533662612544772,1.0,2693.406098145279,1000.0,2270.911036146019,1000.0,1.0403432307993978,0.0
3979,1686855840000.0,0.08135722061543915,0.0,1335.6,2.097983529499296,0.0,0.0,1.8108,0.9533662612544772,1.0,2693.406098145279,1000.0,2309.843776146019,1000.0,1.0403432307993978,0.0
3980,1686859440000.0,0.08135722061543915,0.0,1335.6,2.097983529499296,0.0,0.0,1.82945,0.9533662612544772,1.0,2693.406098145279,1000.0,2334.7527161460193,1000.0,1.0403432307993978,0.0
3981,1686863040000.0,0.08135722061543915,0.0,1335.6,2.097983529499296,0.0,0.0,1.87565,0.9533662612544772,1.0,2693.406098145279,1000.0,2396.457436146019,1000.0,1.0403432307993978,0.0
3982,1686866640000.0,0.08135722061543915,0.0,1335.6,2.097983529499296,0.0,0.0,1.88055,0.9533662612544772,1.0,2693.406098145279,1000.0,2403.001876146019,1000.0,1.0403432307993978,0.0
3983,1686870240000.0,0.08135722061543915,0.0,1335.6,2.097983529499296,0.0,0.0,1.87435,0.9533662612544772,1.0,2693.406098145279,1000.0,2394.721156146019,1000.0,1.0403432307993978,0.0
3984,1686873840000.0,0.08135722061543915,0.0,1335.6,2.097983529499296,0.0,0.0,1.861,0.9533662612544772,1.0,2693.406098145279,1000.0,2376.8908961460193,1000.0,1.0403432307993978,0.0
3985,1686877440000.0,0.08135722061543915,0.0,1335.6,2.097983529499296,0.0,0.0,1.8462,0.9533662612544772,1.0,2693.406098145279,1000.0,2357.124016146019,1000.0,1.0403432307993978,0.0
3986,1686881040000.0,0.08135722061543915,0.0,1335.6,2.097983529499296,0.0,0.0,1.84895,0.9533662612544772,1.0,2693.406098145279,1000.0,2360.796916146019,1000.0,1.0403432307993978,0.0
3987,1686884640000.0,0.08135722061543915,0.0,1335.6,2.097983529499296,0.0,0.0,1.86085,0.9533662612544772,1.0,2693.406098145279,1000.0,2376.690556146019,1000.0,1.0403432307993978,0.0
3988,1686888240000.0,0.08135722061543915,0.0,1335.6,2.097983529499296,0.0,0.0,1.8525,0.9533662612544772,1.0,2693.406098145279,1000.0,2365.538296146019,1000.0,1.0403432307993978,0.0
3989,1686891840000.0,0.061837615121862706,0.0,1321.0,2.097983529499296,0.0,0.0,1.8439,0.9533662612544772,1.0,2689.7487528925894,1000.0,2354.1044104240195,1000.0,1.0303699330608975,0.0
3990,1686895440000.0,0.061837615121862706,0.0,1321.0,2.097983529499296,0.0,0.0,1.8575,0.9533662612544772,1.0,2689.7487528925894,1000.0,2372.070010424019,1000.0,1.0303699330608975,0.0
3991,1686899040000.0,0.061837615121862706,0.0,1321.0,2.097983529499296,0.0,0.0,1.87705,0.9533662612544772,1.0,2689.7487528925894,1000.0,2397.8955604240195,1000.0,1.0303699330608975,0.0
3992,1686902640000.0,0.061837615121862706,0.0,1321.0,2.097983529499296,0.0,0.0,1.86445,0.9533662612544772,1.0,2689.7487528925894,1000.0,2381.250960424019,1000.0,1.0303699330608975,0.0
3993,1686906240000.0,0.061837615121862706,0.0,1321.0,2.097983529499296,0.0,0.0,1.85555,0.9533662612544772,1.0,2689.7487528925894,1000.0,2369.494060424019,1000.0,1.0303699330608975,0.0
3994,1686909840000.0,0.061837615121862706,0.0,1321.0,2.097983529499296,0.0,0.0,1.85375,0.9533662612544772,1.0,2689.7487528925894,1000.0,2367.1162604240194,1000.0,1.0303699330608975,0.0
3995,1686913440000.0,0.061837615121862706,0.0,1321.0,2.097983529499296,0.0,0.0,1.83875,0.9533662612544772,1.0,2689.7487528925894,1000.0,2347.3012604240193,1000.0,1.0303699330608975,0.0
3996,1686917040000.0,0.061837615121862706,0.0,1321.0,2.097983529499296,0.0,0.0,1.8052,0.9533662612544772,1.0,2689.7487528925894,1000.0,2302.981710424019,1000.0,1.0303699330608975,0.0
3997,1686920640000.0,0.061837615121862706,0.0,1321.0,2.097983529499296,0.0,0.0,1.83185,0.9533662612544772,1.0,2689.7487528925894,1000.0,2338.1863604240193,1000.0,1.0303699330608975,0.0
3998,1686924240000.0,0.061837615121862706,0.0,1321.0,2.097983529499296,0.0,0.0,1.83415,0.9533662612544772,1.0,2689.7487528925894,1000.0,2341.224660424019,1000.0,1.0303699330608975,0.0
3999,1686927840000.0,0.061837615121862706,0.0,1321.0,2.097983529499296,0.0,0.0,1.8395,0.9533662612544772,1.0,2689.7487528925894,1000.0,2348.2920104240193,1000.0,1.0303699330608975,0.0
4000,1686931440000.0,0.061837615121862706,0.0,1321.0,2.097983529499296,0.0,0.0,1.844,0.9533662612544772,1.0,2689.7487528925894,1000.0,2354.2365104240193,1000.0,1.0303699330608975,0.0
4001,1686935040000.0,0.04196090310398787,0.0,1306.7,2.097983529499296,0.0,0.0,1.8845,0.9533662612544772,1.0,2686.6047659107494,1000.0,2407.6458379140195,1000.0,1.0204087749644835,0.0
4002,1686938640000.0,0.04196090310398787,0.0,1306.7,2.097983529499296,0.0,0.0,1.901,0.9533662612544772,1.0,2686.6047659107494,1000.0,2429.206387914019,1000.0,1.0204087749644835,0.0
4003,1686942240000.0,0.04196090310398787,0.0,1306.7,2.097983529499296,0.0,0.0,1.9069,0.9533662612544772,1.0,2686.6047659107494,1000.0,2436.9159179140192,1000.0,1.0204087749644835,0.0
4004,1686945840000.0,0.04196090310398787,0.0,1306.7,2.097983529499296,0.0,0.0,1.9074,0.9533662612544772,1.0,2686.6047659107494,1000.0,2437.5692679140193,1000.0,1.0204087749644835,0.0
4005,1686949440000.0,0.04196090310398787,0.0,1306.7,2.097983529499296,0.0,0.0,1.914,0.9533662612544772,1.0,2686.6047659107494,1000.0,2446.193487914019,1000.0,1.0204087749644835,0.0
4006,1686953040000.0,0.04196090310398787,0.0,1306.7,2.097983529499296,0.0,0.0,1.9013,0.9533662612544772,1.0,2686.6047659107494,1000.0,2429.598397914019,1000.0,1.0204087749644835,0.0
4007,1686956640000.0,0.04196090310398787,0.0,1306.7,2.097983529499296,0.0,0.0,1.9195,0.9533662612544772,1.0,2686.6047659107494,1000.0,2453.380337914019,1000.0,1.0204087749644835,0.0
4008,1686960240000.0,0.04196090310398787,0.0,1306.7,2.097983529499296,0.0,0.0,1.9165,0.9533662612544772,1.0,2686.6047659107494,1000.0,2449.460237914019,1000.0,1.0204087749644835,0.0
4009,1686963840000.0,0.04196090310398787,0.0,1306.7,2.097983529499296,0.0,0.0,1.91395,0.9533662612544772,1.0,2686.6047659107494,1000.0,2446.128152914019,1000.0,1.0204087749644835,0.0
4010,1686967440000.0,0.04196090310398787,0.0,1306.7,2.097983529499296,0.0,0.0,1.9094,0.9533662612544772,1.0,2686.6047659107494,1000.0,2440.182667914019,1000.0,1.0204087749644835,0.0
4011,1686971040000.0,0.04196090310398787,0.0,1306.7,2.097983529499296,0.0,0.0,1.9258,0.9533662612544772,1.0,2686.6047659107494,1000.0,2461.612547914019,1000.0,1.0204087749644835,0.0
4012,1686974640000.0,0.04196090310398787,0.0,1306.7,2.097983529499296,0.0,0.0,1.92705,0.9533662612544772,1.0,2686.6047659107494,1000.0,2463.245922914019,1000.0,1.0204087749644835,0.0
4013,1686978240000.0,0.021587915128011892,0.0,1292.7,2.097983529499296,0.0,0.0,1.9323,0.9533662612544772,1.0,2684.1566106977593,1000.0,2469.977512114019,1000.0,1.0103968217706665,0.0
4014,1686981840000.0,0.021587915128011892,0.0,1292.7,2.097983529499296,0.0,0.0,1.9692,0.9533662612544772,1.0,2684.1566106977593,1000.0,2517.6781421140195,1000.0,1.0103968217706665,0.0
4015,1686985440000.0,0.021587915128011892,0.0,1292.7,2.097983529499296,0.0,0.0,1.97375,0.9533662612544772,1.0,2684.1566106977593,1000.0,2523.559927114019,1000.0,1.0103968217706665,0.0
4016,1686989040000.0,0.021587915128011892,0.0,1292.7,2.097983529499296,0.0,0.0,1.995,0.9533662612544772,1.0,2684.1566106977593,1000.0,2551.0298021140193,1000.0,1.0103968217706665,0.0
4017,1686992640000.0,0.021587915128011892,0.0,1292.7,2.097983529499296,0.0,0.0,2.0032,0.9533662612544772,1.0,2684.1566106977593,1000.0,2561.6299421140193,1000.0,1.0103968217706665,0.0
4018,1686996240000.0,0.021587915128011892,0.0,1292.7,2.097983529499296,0.0,0.0,1.9976,0.9533662612544772,1.0,2684.1566106977593,1000.0,2554.390822114019,1000.0,1.0103968217706665,0.0
4019,1686999840000.0,0.021587915128011892,0.0,1292.7,2.097983529499296,0.0,0.0,1.9859,0.9533662612544772,1.0,2684.1566106977593,1000.0,2539.266232114019,1000.0,1.0103968217706665,0.0
4020,1687003440000.0,0.021587915128011892,0.0,1292.7,2.097983529499296,0.0,0.0,1.9734,0.9533662612544772,1.0,2684.1566106977593,1000.0,2523.107482114019,1000.0,1.0103968217706665,0.0
4021,1687007040000.0,0.021587915128011892,0.0,1292.7,2.097983529499296,0.0,0.0,1.99425,0.9533662612544772,1.0,2684.1566106977593,1000.0,2550.0602771140193,1000.0,1.0103968217706665,0.0
4022,1687010640000.0,0.021587915128011892,0.0,1292.7,2.097983529499296,0.0,0.0,1.98145,0.9533662612544772,1.0,2684.1566106977593,1000.0,2533.513717114019,1000.0,1.0103968217706665,0.0
4023,1687014240000.0,0.021587915128011892,0.0,1292.7,2.097983529499296,0.0,0.0,1.9788,0.9533662612544772,1.0,2684.1566106977593,1000.0,2530.088062114019,1000.0,1.0103968217706665,0.0
4024,1687017840000.0,0.021587915128011892,0.0,1292.7,2.097983529499296,0.0,0.0,1.97015,0.9533662612544772,1.0,2684.1566106977593,1000.0,2518.9062071140193,1000.0,1.0103968217706665,0.0
4025,1687021440000.0,0.0009043616151827984,0.0,1279.1,2.097983529499296,0.0,0.0,1.99245,0.9533662612544772,1.0,2682.373963640569,1000.0,2547.3860260580195,1000.0,1.000431248199416,0.0
4026,1687025040000.0,0.0009043616151827984,0.0,1279.1,2.097983529499296,0.0,0.0,2.00585,0.9533662612544772,1.0,2682.373963640569,1000.0,2564.5259660580195,1000.0,1.000431248199416,0.0
4027,1687028640000.0,0.0009043616151827984,0.0,1279.1,2.097983529499296,0.0,0.0,2.09765,0.9533662612544772,1.0,2682.373963640569,1000.0,2681.947346058019,1000.0,1.000431248199416,0.0
4028,1687032240000.0,0.0009043616151827984,0.0,1279.1,2.097983529499296,0.0,0.0,2.10005,0.9533662612544772,1.0,2682.373963640569,1000.0,2685.0171860580194,1000.0,1.000431248199416,0.0
4029,1687035840000.0,0.0009043616151827984,0.0,1279.1,2.097983529499296,0.0,0.0,2.094,0.9533662612544772,1.0,2682.373963640569,1000.0,2677.278631058019,1000.0,1.000431248199416,0.0
4030,1687039440000.0,0.0009043616151827984,0.0,1279.1,2.097983529499296,0.0,0.0,2.10365,0.9533662612544772,1.0,2682.373963640569,1000.0,2689.621946058019,1000.0,1.000431248199416,0.0
4031,1687043040000.0,0.0009043616151827984,0.0,1279.1,2.097983529499296,0.0,0.0,2.09205,0.9533662612544772,1.0,2682.373963640569,1000.0,2674.784386058019,1000.0,1.000431248199416,0.0
4032,1687046640000.0,0.0009043616151827984,0.0,1279.1,2.097983529499296,0.0,0.0,2.0799,0.9533662612544772,1.0,2682.373963640569,1000.0,2659.2433210580193,1000.0,1.000431248199416,0.0
4033,1687050240000.0,0.0009043616151827984,0.0,1279.1,2.097983529499296,0.0,0.0,2.0742,0.9533662612544772,1.0,2682.373963640569,1000.0,2651.952451058019,1000.0,1.000431248199416,0.0
4034,1687053840000.0,0.0009043616151827984,0.0,1279.1,2.097983529499296,0.0,0.0,2.0763,0.9533662612544772,1.0,2682.373963640569,1000.0,2654.638561058019,1000.0,1.000431248199416,0.0
4035,1687057440000.0,0.0009043616151827984,0.0,1279.1,2.097983529499296,0.0,0.0,2.0646,0.9533662612544772,1.0,2682.373963640569,1000.0,2639.673091058019,1000.0,1.000431248199416,0.0
4036,1687061040000.0,0.0,0.0,1266.1,2.097983529499296,0.0,0.0,2.0652,0.9533662612544772,1.0,2681.956055507078,1000.0,2640.4488288080192,1000.0,0.9904177740887106,0.0
4037,1687064640000.0,0.0,0.0,1266.1,2.097983529499296,0.0,0.0,2.0752,0.9533662612544772,1.0,2681.956055507078,1000.0,2653.1098288080193,1000.0,0.9904177740887106,0.0
4038,1687068240000.0,0.0,0.0,1266.1,2.097983529499296,0.0,0.0,2.05595,0.9533662612544772,1.0,2681.956055507078,1000.0,2628.7374038080193,1000.0,0.9904177740887106,0.0
4039,1687071840000.0,0.0,0.0,1266.1,2.097983529499296,0.0,0.0,2.0385,0.9533662612544772,1.0,2681.956055507078,1000.0,2606.6439588080193,1000.0,0.9904177740887106,0.0
4040,1687075440000.0,0.0,0.0,1266.1,2.097983529499296,0.0,0.0,2.00285,0.9533662612544772,1.0,2681.956055507078,1000.0,2561.5074938080193,1000.0,0.9904177740887106,0.0
4041,1687079040000.0,0.0,0.0,1266.1,2.097983529499296,0.0,0.0,2.01125,0.9533662612544772,1.0,2681.956055507078,1000.0,2572.1427338080193,1000.0,0.9904177740887106,0.0
4042,1687082640000.0,0.0,0.0,1266.1,2.097983529499296,0.0,0.0,2.02085,0.9533662612544772,1.0,2681.956055507078,1000.0,2584.297293808019,1000.0,0.9904177740887106,0.0
4043,1687086240000.0,0.0,0.0,1266.1,2.097983529499296,0.0,0.0,2.0264,0.9533662612544772,1.0,2681.956055507078,1000.0,2591.3241488080193,1000.0,0.9904177740887106,0.0
4044,1687089840000.0,0.0,0.0,1266.1,2.097983529499296,0.0,0.0,2.0388,0.9533662612544772,1.0,2681.956055507078,1000.0,2607.023788808019,1000.0,0.9904177740887106,0.0
4045,1687093440000.0,0.0,0.0,1266.1,2.097983529499296,0.0,0.0,2.02595,0.9533662612544772,1.0,2681.956055507078,1000.0,2590.754403808019,1000.0,0.9904177740887106,0.0
4046,1687097040000.0,0.0,0.0,1266.1,2.097983529499296,0.0,0.0,2.00945,0.9533662612544772,1.0,2681.956055507078,1000.0,2569.8637538080193,1000.0,0.9904177740887106,0.0
4047,1687100640000.0,0.0,0.0,1266.1,2.097983529499296,0.0,0.0,2.0215,0.9533662612544772,1.0,2681.956055507078,1000.0,2585.120258808019,1000.0,0.9904177740887106,0.0
4048,1687104240000.0,0.0,0.0,1252.8,2.097983529499296,0.0,0.0,2.00485,0.9533662612544772,1.0,2680.8111118467377,1000.0,2564.1334260900194,1000.0,0.9804322856398923,0.0
4049,1687107840000.0,0.0,0.0,1252.8,2.097983529499296,0.0,0.0,2.09285,0.9533662612544772,1.0,2680.8111118467377,1000.0,2674.3798260900194,1000.0,0.9804322856398923,0.0
4050,1687111440000.0,0.0,0.0,1252.8,2.097983529499296,0.0,0.0,2.06855,0.9533662612544772,1.0,2680.8111118467377,1000.0,2643.9367860900197,1000.0,0.9804322856398923,0.0
4051,1687115040000.0,0.0,0.0,1252.8,2.097983529499296,0.0,0.0,2.0692,0.9533662612544772,1.0,2680.8111118467377,1000.0,2644.7511060900197,1000.0,0.9804322856398923,0.0
4052,1687118640000.0,0.0,0.0,1252.8,2.097983529499296,0.0,0.0,2.03895,0.9533662612544772,1.0,2680.8111118467377,1000.0,2606.8539060900193,1000.0,0.9804322856398923,0.0
4053,1687122240000.0,0.0,0.0,1252.8,2.097983529499296,0.0,0.0,1.994,0.9533662612544772,1.0,2680.8111118467377,1000.0,2550.5405460900197,1000.0,0.9804322856398923,0.0
4054,1687125840000.0,0.0,0.0,1252.8,2.097983529499296,0.0,0.0,1.98245,0.9533662612544772,1.0,2680.8111118467377,1000.0,2536.0707060900195,1000.0,0.9804322856398923,0.0
4055,1687129440000.0,0.0,0.0,1252.8,2.097983529499296,0.0,0.0,1.97625,0.9533662612544772,1.0,2680.8111118467377,1000.0,2528.3033460900197,1000.0,0.9804322856398923,0.0
4056,1687133040000.0,0.0,0.0,1252.8,2.097983529499296,0.0,0.0,1.968,0.9533662612544772,1.0,2680.8111118467377,1000.0,2517.9677460900193,1000.0,0.9804322856398923,0.0
4057,1687136640000.0,0.0,0.0,1252.8,2.097983529499296,0.0,0.0,1.95295,0.9533662612544772,1.0,2680.8111118467377,1000.0,2499.1131060900198,1000.0,0.9804322856398923,0.0
4058,1687140240000.0,0.0,0.0,1252.8,2.097983529499296,0.0,0.0,1.96305,0.9533662612544772,1.0,2680.8111118467377,1000.0,2511.7663860900193,1000.0,0.9804322856398923,0.0
4059,1687143840000.0,0.0,0.0,1252.8,2.097983529499296,0.0,0.0,1.9631,0.9533662612544772,1.0,2680.8111118467377,1000.0,2511.82902609002,1000.0,0.9804322856398923,0.0
4060,1687147440000.0,0.0,0.0,1252.8,2.097983529499296,0.0,0.0,1.94325,0.9533662612544772,1.0,2680.8111118467377,1000.0,2486.9609460900197,1000.0,0.9804322856398923,0.0
4061,1687151040000.0,0.0,0.0,1239.1,2.097983529499296,0.0,0.0,1.9589,0.9533662612544772,1.0,2678.904409284597,1000.0,2506.566007882019,1000.0,0.9704009528644605,0.0
4062,1687154640000.0,0.0,0.0,1239.1,2.097983529499296,0.0,0.0,1.9635,0.9533662612544772,1.0,2678.904409284597,1000.0,2512.2658678820194,1000.0,0.9704009528644605,0.0
4063,1687158240000.0,0.0,0.0,1239.1,2.097983529499296,0.0,0.0,1.94705,0.9533662612544772,1.0,2678.904409284597,1000.0,2491.882672882019,1000.0,0.9704009528644605,0.0
4064,1687161840000.0,0.0,0.0,1239.1,2.097983529499296,0.0,0.0,1.94645,0.9533662612544772,1.0,2678.904409284597,1000.0,2491.1392128820194,1000.0,0.9704009528644605,0.0
4065,1687165440000.0,0.0,0.0,1239.1,2.097983529499296,0.0,0.0,1.94855,0.9533662612544772,1.0,2678.904409284597,1000.0,2493.741322882019,1000.0,0.9704009528644605,0.0
4066,1687169040000.0,0.0,0.0,1239.1,2.097983529499296,0.0,0.0,1.96035,0.9533662612544772,1.0,2678.904409284597,1000.0,2508.362702882019,1000.0,0.9704009528644605,0.0
4067,1687172640000.0,0.0,0.0,1239.1,2.097983529499296,0.0,0.0,1.95885,0.9533662612544772,1.0,2678.904409284597,1000.0,2506.504052882019,1000.0,0.9704009528644605,0.0
4068,1687176240000.0,0.0,0.0,1239.1,2.097983529499296,0.0,0.0,1.9633,0.9533662612544772,1.0,2678.904409284597,1000.0,2512.0180478820193,1000.0,0.9704009528644605,0.0
4069,1687179840000.0,0.0,0.0,1239.1,2.097983529499296,0.0,0.0,1.9832,0.9533662612544772,1.0,2678.904409284597,1000.0,2536.6761378820192,1000.0,0.9704009528644605,0.0
4070,1687183440000.0,0.0,0.0,1239.1,2.097983529499296,0.0,0.0,1.9841,0.9533662612544772,1.0,2678.904409284597,1000.0,2537.7913278820192,1000.0,0.9704009528644605,0.0
4071,1687187040000.0,0.0,0.0,1239.1,2.097983529499296,0.0,0.0,1.9796,0.9533662612544772,1.0,2678.904409284597,1000.0,2532.2153778820193,1000.0,0.9704009528644605,0.0
4072,1687190640000.0,0.0,0.0,1239.1,2.097983529499296,0.0,0.0,1.9959,0.9533662612544772,1.0,2678.904409284597,1000.0,2552.4127078820193,1000.0,0.9704009528644605,0.0
4073,1687194240000.0,0.0,0.0,1225.7,2.097983529499296,0.0,0.0,1.9939,0.9533662612544772,1.0,2677.4775516973064,1000.0,2549.902369590019,1000.0,0.9604182901466956,0.0
4074,1687197840000.0,0.0,0.0,1225.7,2.097983529499296,0.0,0.0,2.0339,0.9533662612544772,1.0,2677.4775516973064,1000.0,2598.930369590019,1000.0,0.9604182901466956,0.0
4075,1687201440000.0,0.0,0.0,1225.7,2.097983529499296,0.0,0.0,1.9971,0.9533662612544772,1.0,2677.4775516973064,1000.0,2553.824609590019,1000.0,0.9604182901466956,0.0
4076,1687205040000.0,0.0,0.0,1225.7,2.097983529499296,0.0,0.0,2.0142,0.9533662612544772,1.0,2677.4775516973064,1000.0,2574.7840795900192,1000.0,0.9604182901466956,0.0
4077,1687208640000.0,0.0,0.0,1225.7,2.097983529499296,0.0,0.0,2.0485,0.9533662612544772,1.0,2677.4775516973064,1000.0,2616.8255895900193,1000.0,0.9604182901466956,0.0
4078,1687212240000.0,0.0,0.0,1225.7,2.097983529499296,0.0,0.0,2.045,0.9533662612544772,1.0,2677.4775516973064,1000.0,2612.535639590019,1000.0,0.9604182901466956,0.0
4079,1687215840000.0,0.0,0.0,1225.7,2.097983529499296,0.0,0.0,2.03975,0.9533662612544772,1.0,2677.4775516973064,1000.0,2606.1007145900194,1000.0,0.9604182901466956,0.0
4080,1687219440000.0,0.0,0.0,1225.7,2.097983529499296,0.0,0.0,2.0492,0.9533662612544772,1.0,2677.4775516973064,1000.0,2617.683579590019,1000.0,0.9604182901466956,0.0
4081,1687223040000.0,0.0,0.0,1225.7,2.097983529499296,0.0,0.0,2.072,0.9533662612544772,1.0,2677.4775516973064,1000.0,2645.6295395900192,1000.0,0.9604182901466956,0.0
4082,1687226640000.0,0.0,0.0,1225.7,2.097983529499296,0.0,0.0,2.04995,0.9533662612544772,1.0,2677.4775516973064,1000.0,2618.602854590019,1000.0,0.9604182901466956,0.0
4083,1687230240000.0,0.0,0.0,1225.7,2.097983529499296,0.0,0.0,2.0489,0.9533662612544772,1.0,2677.4775516973064,1000.0,2617.3158695900192,1000.0,0.9604182901466956,0.0
4084,1687233840000.0,0.0,0.0,1225.7,2.097983529499296,0.0,0.0,2.0493,0.9533662612544772,1.0,2677.4775516973064,1000.0,2617.8061495900192,1000.0,0.9604182901466956,0.0
4085,1687237440000.0,0.0,0.0,1212.7,2.097983529499296,0.0,0.0,2.052,0.9533662612544772,1.0,2676.918621773815,1000.0,2621.1543955500188,1000.0,0.9504303214633804,0.0
4086,1687241040000.0,0.0,0.0,1212.7,2.097983529499296,0.0,0.0,2.03555,0.9533662612544772,1.0,2676.918621773815,1000.0,2601.205480550019,1000.0,0.9504303214633804,0.0
4087,1687244640000.0,0.0,0.0,1212.7,2.097983529499296,0.0,0.0,2.02715,0.9533662612544772,1.0,2676.918621773815,1000.0,2591.0188005500186,1000.0,0.9504303214633804,0.0
4088,1687248240000.0,0.0,0.0,1212.7,2.097983529499296,0.0,0.0,2.0204,0.9533662612544772,1.0,2676.918621773815,1000.0,2582.8330755500187,1000.0,0.9504303214633804,0.0
4089,1687251840000.0,0.0,0.0,1212.7,2.097983529499296,0.0,0.0,2.0085,0.9533662612544772,1.0,2676.918621773815,1000.0,2568.401945550019,1000.0,0.9504303214633804,0.0
4090,1687255440000.0,0.0,0.0,1212.7,2.097983529499296,0.0,0.0,2.0131,0.9533662612544772,1.0,2676.918621773815,1000.0,2573.980365550019,1000.0,0.9504303214633804,0.0
4091,1687259040000.0,0.0,0.0,1212.7,2.097983529499296,0.0,0.0,1.99195,0.9533662612544772,1.0,2676.918621773815,1000.0,2548.3317605500188,1000.0,0.9504303214633804,0.0
4092,1687262640000.0,0.0,0.0,1212.7,2.097983529499296,0.0,0.0,2.0119,0.9533662612544772,1.0,2676.918621773815,1000.0,2572.5251255500184,1000.0,0.9504303214633804,0.0
4093,1687266240000.0,0.0,0.0,1212.7,2.097983529499296,0.0,0.0,1.99055,0.9533662612544772,1.0,2676.918621773815,1000.0,2546.633980550019,1000.0,0.9504303214633804,0.0
4094,1687269840000.0,0.0,0.0,1212.7,2.097983529499296,0.0,0.0,1.976,0.9533662612544772,1.0,2676.918621773815,1000.0,2528.989195550019,1000.0,0.9504303214633804,0.0
4095,1687273440000.0,0.0,0.0,1212.7,2.097983529499296,0.0,0.0,1.9587,0.9533662612544772,1.0,2676.918621773815,1000.0,2508.009485550019,1000.0,0.9504303214633804,0.0
4096,1687277040000.0,0.0,0.0,1212.7,2.097983529499296,0.0,0.0,1.9882,0.9533662612544772,1.0,2676.918621773815,1000.0,2543.7841355500186,1000.0,0.9504303214633804,0.0
4097,1687280640000.0,0.0,0.0,1199.5,2.097983529499296,0.0,0.0,2.0061,0.9533662612544772,1.0,2675.9894852644247,1000.0,2565.775191630019,1000.0,0.9404114842348633,0.0
4098,1687284240000.0,0.0,0.0,1199.5,2.097983529499296,0.0,0.0,2.04285,0.9533662612544772,1.0,2675.9894852644247,1000.0,2609.8568166300192,1000.0,0.9404114842348633,0.0
4099,1687287840000.0,0.0,0.0,1199.5,2.097983529499296,0.0,0.0,2.04375,0.9533662612544772,1.0,2675.9894852644247,1000.0,2610.936366630019,1000.0,0.9404114842348633,0.0
4100,1687291440000.0,0.0,0.0,1199.5,2.097983529499296,0.0,0.0,2.0515,0.9533662612544772,1.0,2675.9894852644247,1000.0,2620.232491630019,1000.0,0.9404114842348633,0.0
4101,1687295040000.0,0.0,0.0,1199.5,2.097983529499296,0.0,0.0,2.05385,0.9533662612544772,1.0,2675.9894852644247,1000.0,2623.0513166300193,1000.0,0.9404114842348633,0.0
4102,1687298640000.0,0.0,0.0,1199.5,2.097983529499296,0.0,0.0,2.0392,0.9533662612544772,1.0,2675.9894852644247,1000.0,2605.4786416300194,1000.0,0.9404114842348633,0.0
4103,1687302240000.0,0.0,0.0,1199.5,2.097983529499296,0.0,0.0,2.0552,0.9533662612544772,1.0,2675.9894852644247,1000.0,2624.6706416300194,1000.0,0.9404114842348633,0.0
4104,1687305840000.0,0.0,0.0,1199.5,2.097983529499296,0.0,0.0,2.0766,0.9533662612544772,1.0,2675.9894852644247,1000.0,2650.339941630019,1000.0,0.9404114842348633,0.0
4105,1687309440000.0,0.0,0.0,489.7,2.097983529499296,0.0,0.0,2.1637,0.9533662612544772,1.0,2701.1431049758244,1000.0,2733.324460580019,1000.0,0.38035101972318514,0.0
4106,1687313040000.0,0.0,0.0,16.6,2.097983529499296,0.0,0.0,2.1469,0.9533662612544772,1.0,2734.652942949708,1000.0,2735.4649563600196,1000.0,0.01273526378529153,0.0
4107,1687316640000.0,0.0,0.0,5.8,2.097983529499296,0.0,0.0,2.1498,0.9533662612544772,1.0,2735.2627163011157,1000.0,2735.56325183002,1000.0,0.004448678512150768,0.0
4108,1687320240000.0,0.0,0.0,3.5,2.097983529499296,0.0,0.0,2.15105,0.9533662612544772,1.0,2735.3572200132676,1000.0,2735.54295266002,1000.0,0.0026844546297364116,0.0
4109,1687323840000.0,0.0,0.0,1.7,2.097983529499296,0.0,0.0,2.16865,0.9533662612544772,1.0,2735.4393778001686,1000.0,2735.55951080002,1000.0,0.00130383880158113,0.0
4110,1687327440000.0,0.0,0.0,0.1,2.097983529499296,0.0,0.0,2.20625,0.9533662612544772,1.0,2735.58694314497,1000.0,2735.5977697920202,1000.0,7.669226287091967e-05,0.0
4111,1687331040000.0,0.0,0.0,0.0,2.097983529499296,0.0,0.0,2.2899,0.9533662612544772,1.0,2735.5992403640203,1000.0,2735.5992403640203,1000.0,0.0,0.0
4112,1687334640000.0,0.0,0.0,0.0,2.097983529499296,0.0,0.0,2.2607,0.9533662612544772,1.0,2735.5992403640203,1000.0,2735.5992403640203,1000.0,0.0,0.0
4113,1687338240000.0,0.0,0.0,0.0,2.097983529499296,0.0,0.0,2.27895,0.9533662612544772,1.0,2735.5992403640203,1000.0,2735.5992403640203,1000.0,0.0,0.0
4114,1687341840000.0,0.0,0.0,0.0,2.097983529499296,0.0,0.0,2.301,0.9533662612544772,1.0,2735.5992403640203,1000.0,2735.5992403640203,1000.0,0.0,0.0
4115,1687345440000.0,0.0,0.0,0.0,2.097983529499296,0.0,0.0,2.2766,0.9533662612544772,1.0,2735.5992403640203,1000.0,2735.5992403640203,1000.0,0.0,0.0
4116,1687349040000.0,0.0,0.0,0.0,2.097983529499296,0.0,0.0,2.31105,0.9533662612544772,1.0,2735.5992403640203,1000.0,2735.5992403640203,1000.0,0.0,0.0
4117,1687352640000.0,0.0,0.0,0.0,2.097983529499296,0.0,0.0,2.272,0.9533662612544772,1.0,2735.5992403640203,1000.0,2735.5992403640203,1000.0,0.0,0.0
4118,1687356240000.0,0.0,0.0,0.0,2.097983529499296,0.0,0.0,2.29125,0.9533662612544772,1.0,2735.5992403640203,1000.0,2735.5992403640203,1000.0,0.0,0.0
4119,1687359840000.0,0.0,0.0,0.0,2.097983529499296,0.0,0.0,2.2847,0.9533662612544772,1.0,2735.5992403640203,1000.0,2735.5992403640203,1000.0,0.0,0.0
4120,1687363440000.0,0.0,0.0,51.7,2.2698,0.0,0.0,2.29965,0.9533662612544772,1.0,2735.76314347602,1000.0,2737.30638847602,1000.0,0.042894305481028794,0.0
4121,1687367040000.0,0.0,0.0,0.9,2.2698,0.0,0.0,2.35035,0.9533662612544772,1.0,2738.4488904380196,1000.0,2738.5213854380195,1000.0,0.0007459770409201422,0.0
4122,1687370640000.0,0.0,0.0,0.4,2.2698,0.0,0.0,2.31605,0.9533662612544772,1.0,2738.473328524018,1000.0,2738.4918285240183,1000.0,0.0003315423928153978,0.0
4123,1687374240000.0,0.0,0.0,0.0,2.2698,0.0,0.0,2.3322,0.9533662612544772,1.0,2738.4955424600175,1000.0,2738.4955424600175,1000.0,0.0,0.0
4124,1687377840000.0,0.0,0.0,0.0,2.2698,0.0,0.0,2.31335,0.9533662612544772,1.0,2738.4955424600175,1000.0,2738.4955424600175,1000.0,0.0,0.0
4125,1687381440000.0,0.0,0.0,59.5,2.3021,0.0,0.0,2.2859,0.9533662612544772,1.0,2738.4681474700174,1000.0,2737.504247470017,1000.0,0.05001882170020737,0.0
4126,1687385040000.0,0.0,0.0,59.5,2.3021,0.0,0.0,2.2864,0.9533662612544772,1.0,2738.4681474700174,1000.0,2737.5339974700173,1000.0,0.05001882170020737,0.0
4127,1687388640000.0,0.0,0.0,59.5,2.3021,0.0,0.0,2.30665,0.9533662612544772,1.0,2738.4681474700174,1000.0,2738.738872470017,1000.0,0.05001882170020737,0.0
4128,1687392240000.0,0.0,0.0,59.5,2.3021,0.0,0.0,2.27645,0.9533662612544772,1.0,2738.4681474700174,1000.0,2736.9419724700174,1000.0,0.05001882170020737,0.0
4129,1687395840000.0,0.0,0.0,37.6,2.3021,0.0,0.0,2.31065,0.9533662612544772,1.0,2738.9638530940174,1000.0,2739.2853330940175,1000.0,0.031602812100722084,0.0
4130,1687399440000.0,0.0,0.0,15.0,2.3021,0.0,0.0,2.31355,0.9533662612544772,1.0,2739.475403190017,1000.0,2739.647153190017,1000.0,0.012605150591894109,0.0
4131,1687403040000.0,0.0,0.0,27.0,2.303819191919192,0.0,0.0,2.3363,0.9533662612544772,1.0,2740.3271520878357,1000.0,2741.2041339060174,1000.0,0.02269915770254879,0.0
4132,1687406640000.0,0.0,0.0,59.2,2.310281732869233,0.0,0.0,2.3054,0.9533662612544772,1.0,2740.6438772338756,1000.0,2740.354878648017,1000.0,0.04990384913632006,0.0
4133,1687410240000.0,0.0,0.0,43.6,2.310281732869233,0.0,0.0,2.32985,0.9533662612544772,1.0,2740.9972419931155,1000.0,2741.8504184400167,1000.0,0.036748772311734984,0.0
4134,1687413840000.0,0.0,0.0,59.2,2.3112878978563947,0.0,0.0,2.28335,0.9533662612544772,1.0,2740.9900220011154,1000.0,2739.336098448017,1000.0,0.049919278236994206,0.0
4135,1687417440000.0,0.0,0.0,59.2,2.3112878978563947,0.0,0.0,2.27335,0.9533662612544772,1.0,2740.9900220011154,1000.0,2738.7440984480168,1000.0,0.049919278236994206,0.0
4136,1687421040000.0,0.0,0.0,59.2,2.3112878978563947,0.0,0.0,2.2779,0.9533662612544772,1.0,2740.9900220011154,1000.0,2739.013458448017,1000.0,0.049919278236994206,0.0
4137,1687424640000.0,0.0,0.0,59.2,2.3112878978563947,0.0,0.0,2.27185,0.9533662612544772,1.0,2740.9900220011154,1000.0,2738.6552984480168,1000.0,0.049919278236994206,0.0
4138,1687428240000.0,0.0,0.0,59.2,2.3112878978563947,0.0,0.0,2.27995,0.9533662612544772,1.0,2740.9900220011154,1000.0,2739.134818448017,1000.0,0.049919278236994206,0.0
4139,1687431840000.0,0.0,0.0,59.2,2.3112878978563947,0.0,0.0,2.27875,0.9533662612544772,1.0,2740.9900220011154,1000.0,2739.063778448017,1000.0,0.049919278236994206,0.0
4140,1687435440000.0,0.0,0.0,149.8,2.2627292627042626,0.0,0.0,2.21315,0.9533662612544772,1.0,2740.9495962811156,1000.0,2733.5226227280173,1000.0,0.12366401921910229,0.0
4141,1687439040000.0,0.0,0.0,149.8,2.2627292627042626,0.0,0.0,2.2341,0.9533662612544772,1.0,2740.9495962811156,1000.0,2736.660932728017,1000.0,0.12366401921910229,0.0
4142,1687442640000.0,0.0,0.0,149.8,2.2627292627042626,0.0,0.0,2.25225,0.9533662612544772,1.0,2740.9495962811156,1000.0,2739.3798027280172,1000.0,0.12366401921910229,0.0
4143,1687446240000.0,0.0,0.0,379.0,2.2095540990846927,0.0,0.0,2.2094,0.9533662612544772,1.0,2740.8499034491156,1000.0,2740.791499896017,1000.0,0.3055333320147443,0.0
4144,1687449840000.0,0.0,0.0,379.0,2.2095540990846927,0.0,0.0,2.20735,0.9533662612544772,1.0,2740.8499034491156,1000.0,2740.014549896017,1000.0,0.3055333320147443,0.0
4145,1687453440000.0,0.0,0.0,324.9,2.2095540990846927,0.0,0.0,2.19615,0.9533662612544772,1.0,2742.0238496946336,1000.0,2737.668857902017,1000.0,0.2618081264583326,0.0
4146,1687457040000.0,0.0,0.0,324.9,2.2095540990846927,0.0,0.0,2.2195,0.9533662612544772,1.0,2742.0238496946336,1000.0,2745.2552729020167,1000.0,0.2618081264583326,0.0
4147,1687460640000.0,0.0,0.0,324.9,2.2095540990846927,0.0,0.0,2.2005,0.9533662612544772,1.0,2742.0238496946336,1000.0,2739.0821729020167,1000.0,0.2618081264583326,0.0
4148,1687464240000.0,0.0,0.0,324.9,2.2095540990846927,0.0,0.0,2.20225,0.9533662612544772,1.0,2742.0238496946336,1000.0,2739.650747902017,1000.0,0.2618081264583326,0.0
4149,1687467840000.0,0.0,0.0,324.9,2.2095540990846927,0.0,0.0,2.19675,0.9533662612544772,1.0,2742.0238496946336,1000.0,2737.863797902017,1000.0,0.2618081264583326,0.0
4150,1687471440000.0,0.0,0.0,324.9,2.2095540990846927,0.0,0.0,2.18375,0.9533662612544772,1.0,2742.0238496946336,1000.0,2733.640097902017,1000.0,0.2618081264583326,0.0
4151,1687475040000.0,0.0,0.0,324.9,2.2095540990846927,0.0,0.0,2.15095,0.9533662612544772,1.0,2742.0238496946336,1000.0,2722.983377902017,1000.0,0.2618081264583326,0.0
4152,1687478640000.0,0.0,0.0,324.9,2.2095540990846927,0.0,0.0,2.15605,0.9533662612544772,1.0,2742.0238496946336,1000.0,2724.640367902017,1000.0,0.2618081264583326,0.0
4153,1687482240000.0,0.0,0.0,324.9,2.2095540990846927,0.0,0.0,2.16555,0.9533662612544772,1.0,2742.0238496946336,1000.0,2727.726917902017,1000.0,0.2618081264583326,0.0
4154,1687485840000.0,0.0,0.0,278.5,2.2095540990846927,0.0,0.0,2.1577,0.9533662612544772,1.0,2743.0307093211036,1000.0,2728.5893427260166,1000.0,0.22433610185406488,0.0
4155,1687489440000.0,0.0,0.0,278.5,2.2095540990846927,0.0,0.0,2.176,0.9533662612544772,1.0,2743.0307093211036,1000.0,2733.685892726017,1000.0,0.22433610185406488,0.0
4156,1687493040000.0,0.0,0.0,278.5,2.2095540990846927,0.0,0.0,2.18855,0.9533662612544772,1.0,2743.0307093211036,1000.0,2737.181067726017,1000.0,0.22433610185406488,0.0
4157,1687496640000.0,0.0,0.0,278.5,2.2095540990846927,0.0,0.0,2.18105,0.9533662612544772,1.0,2743.0307093211036,1000.0,2735.0923177260165,1000.0,0.22433610185406488,0.0
4158,1687500240000.0,0.0,0.0,278.5,2.2095540990846927,0.0,0.0,2.17975,0.9533662612544772,1.0,2743.0307093211036,1000.0,2734.730267726017,1000.0,0.22433610185406488,0.0
4159,1687503840000.0,0.0,0.0,278.5,2.2095540990846927,0.0,0.0,2.1625,0.9533662612544772,1.0,2743.0307093211036,1000.0,2729.9261427260167,1000.0,0.22433610185406488,0.0
4160,1687507440000.0,0.0,0.0,278.5,2.2095540990846927,0.0,0.0,2.1721,0.9533662612544772,1.0,2743.0307093211036,1000.0,2732.5997427260168,1000.0,0.22433610185406488,0.0
4161,1687511040000.0,0.0,0.0,278.5,2.2095540990846927,0.0,0.0,2.17655,0.9533662612544772,1.0,2743.0307093211036,1000.0,2733.8390677260168,1000.0,0.22433610185406488,0.0
4162,1687514640000.0,0.0,0.0,278.5,2.2095540990846927,0.0,0.0,2.1701,0.9533662612544772,1.0,2743.0307093211036,1000.0,2732.0427427260165,1000.0,0.22433610185406488,0.0
4163,1687518240000.0,0.0,0.0,278.5,2.2095540990846927,0.0,0.0,2.162,0.9533662612544772,1.0,2743.0307093211036,1000.0,2729.7868927260165,1000.0,0.22433610185406488,0.0
4164,1687521840000.0,0.0,0.0,278.5,2.2095540990846927,0.0,0.0,2.172,0.9533662612544772,1.0,2743.0307093211036,1000.0,2732.571892726017,1000.0,0.22433610185406488,0.0
4165,1687525440000.0,0.0,0.0,278.5,2.2095540990846927,0.0,0.0,2.14375,0.9533662612544772,1.0,2743.0307093211036,1000.0,2724.7042677260165,1000.0,0.22433610185406488,0.0
4166,1687529040000.0,0.00032142655106793974,0.0,1286.2,2.132653239461271,0.0,0.0,2.13665,0.9533662612544772,1.0,2742.6051777651037,1000.0,2747.7458111700166,1000.0,1.0001507394623679,0.0
4167,1687532640000.0,0.0,0.0,119.5,2.132653239461271,0.0,0.0,2.1898,0.9533662612544772,1.0,2767.926845085638,1000.0,2774.755882970016,1000.0,0.09207326507494346,0.0
4168,1687536240000.0,0.0,0.0,2.4,2.132653239461271,0.0,0.0,2.24035,0.9533662612544772,1.0,2775.4925405727226,1000.0,2775.7510127980154,1000.0,0.0018441295373292108,0.0
4169,1687539840000.0,0.0,0.0,0.0,2.132653239461271,0.0,0.0,2.21705,0.9533662612544772,1.0,2775.767573902016,1000.0,2775.767573902016,1000.0,0.0,0.0
4170,1687543440000.0,0.0,0.0,0.0,2.132653239461271,0.0,0.0,2.20015,0.9533662612544772,1.0,2775.767573902016,1000.0,2775.767573902016,1000.0,0.0,0.0
4171,1687547040000.0,0.0,0.0,63.6,2.1832,0.0,0.0,2.1733,0.9533662612544772,1.0,2775.739803598016,1000.0,2775.110163598016,1000.0,0.05002324779145925,0.0
4172,1687550640000.0,0.0,0.0,63.6,2.1832,0.0,0.0,2.1961,0.9533662612544772,1.0,2775.739803598016,1000.0,2776.560243598016,1000.0,0.05002324779145925,0.0
4173,1687554240000.0,0.0,0.0,63.6,2.1832,0.0,0.0,2.1972,0.9533662612544772,1.0,2775.739803598016,1000.0,2776.630203598016,1000.0,0.05002324779145925,0.0
4174,1687557840000.0,0.0,0.0,63.5,2.183778582677165,0.0,0.0,2.1584,0.9533662612544772,1.0,2776.0930152260157,1000.0,2774.481475226016,1000.0,0.049951474694629475,0.0
4175,1687561440000.0,0.0,0.0,63.5,2.183778582677165,0.0,0.0,2.1706,0.9533662612544772,1.0,2776.0930152260157,1000.0,2775.256175226016,1000.0,0.049951474694629475,0.0
4176,1687565040000.0,0.0,0.0,63.5,2.183778582677165,0.0,0.0,2.1573,0.9533662612544772,1.0,2776.0930152260157,1000.0,2774.411625226016,1000.0,0.049951474694629475,0.0
4177,1687568640000.0,0.0,0.0,63.5,2.183778582677165,0.0,0.0,2.1389,0.9533662612544772,1.0,2776.0930152260157,1000.0,2773.243225226016,1000.0,0.049951474694629475,0.0
4178,1687572240000.0,0.0,0.0,63.5,2.183778582677165,0.0,0.0,2.1508,0.9533662612544772,1.0,2776.0930152260157,1000.0,2773.9988752260156,1000.0,0.049951474694629475,0.0
4179,1687575840000.0,0.0,0.0,63.5,2.183778582677165,0.0,0.0,2.1699,0.9533662612544772,1.0,2776.0930152260157,1000.0,2775.211725226016,1000.0,0.049951474694629475,0.0
4180,1687579440000.0,0.0,0.0,63.5,2.183778582677165,0.0,0.0,2.1625,0.9533662612544772,1.0,2776.0930152260157,1000.0,2774.741825226016,1000.0,0.049951474694629475,0.0
4181,1687583040000.0,0.0,0.0,63.5,2.183778582677165,0.0,0.0,2.1598,0.9533662612544772,1.0,2776.0930152260157,1000.0,2774.5703752260156,1000.0,0.049951474694629475,0.0
4182,1687586640000.0,0.0,0.0,63.5,2.183778582677165,0.0,0.0,2.1638,0.9533662612544772,1.0,2776.0930152260157,1000.0,2774.824375226016,1000.0,0.049951474694629475,0.0
4183,1687590240000.0,0.0,0.0,63.5,2.183778582677165,0.0,0.0,2.1586,0.9533662612544772,1.0,2776.0930152260157,1000.0,2774.4941752260156,1000.0,0.049951474694629475,0.0
4184,1687593840000.0,0.0,0.0,63.5,2.183778582677165,0.0,0.0,2.138,0.9533662612544772,1.0,2776.0930152260157,1000.0,2773.186075226016,1000.0,0.049951474694629475,0.0
4185,1687597440000.0,0.0,0.0,63.5,2.183778582677165,0.0,0.0,2.13625,0.9533662612544772,1.0,2776.0930152260157,1000.0,2773.074950226016,1000.0,0.049951474694629475,0.0
4186,1687601040000.0,0.0,0.0,63.5,2.183778582677165,0.0,0.0,2.1433,0.9533662612544772,1.0,2776.0930152260157,1000.0,2773.522625226016,1000.0,0.049951474694629475,0.0
4187,1687604640000.0,0.0,0.0,63.5,2.183778582677165,0.0,0.0,2.1476,0.9533662612544772,1.0,2776.0930152260157,1000.0,2773.7956752260156,1000.0,0.049951474694629475,0.0
4188,1687608240000.0,0.0,0.0,63.5,2.183778582677165,0.0,0.0,2.12965,0.9533662612544772,1.0,2776.0930152260157,1000.0,2772.655850226016,1000.0,0.049951474694629475,0.0
4189,1687611840000.0,0.0,0.0,63.5,2.183778582677165,0.0,0.0,2.13195,0.9533662612544772,1.0,2776.0930152260157,1000.0,2772.8019002260157,1000.0,0.049951474694629475,0.0
4190,1687615440000.0,0.0,0.0,160.7,2.1378831362787802,0.0,0.0,2.11585,0.9533662612544772,1.0,2776.052037650016,1000.0,2772.511312650016,1000.0,0.12375770170750422,0.0
4191,1687619040000.0,0.0,0.0,160.7,2.1378831362787802,0.0,0.0,2.1127,0.9533662612544772,1.0,2776.052037650016,1000.0,2772.005107650016,1000.0,0.12375770170750422,0.0
4192,1687622640000.0,0.0,0.0,406.6,2.087636842105263,0.0,0.0,2.00155,0.9533662612544772,1.0,2775.950982586016,1000.0,2740.9480725860158,1000.0,0.3057810261509897,0.0
4193,1687626240000.0,0.0,0.0,406.6,2.087636842105263,0.0,0.0,2.0409,0.9533662612544772,1.0,2775.950982586016,1000.0,2756.947782586016,1000.0,0.3057810261509897,0.0
4194,1687629840000.0,0.0,0.0,406.6,2.087636842105263,0.0,0.0,2.03965,0.9533662612544772,1.0,2775.950982586016,1000.0,2756.439532586016,1000.0,0.3057810261509897,0.0
4195,1687633440000.0,0.0,0.0,406.6,2.087636842105263,0.0,0.0,2.0549,0.9533662612544772,1.0,2775.950982586016,1000.0,2762.6401825860157,1000.0,0.3057810261509897,0.0
4196,1687637040000.0,0.0,0.0,406.6,2.087636842105263,0.0,0.0,2.0313,0.9533662612544772,1.0,2775.950982586016,1000.0,2753.044422586016,1000.0,0.3057810261509897,0.0
4197,1687640640000.0,0.0,0.0,406.6,2.087636842105263,0.0,0.0,2.0313,0.9533662612544772,1.0,2775.950982586016,1000.0,2753.044422586016,1000.0,0.3057810261509897,0.0
4198,1687644240000.0,0.0,0.0,406.6,2.087636842105263,0.0,0.0,2.0419,0.9533662612544772,1.0,2775.950982586016,1000.0,2757.354382586016,1000.0,0.3057810261509897,0.0
4199,1687647840000.0,0.0,0.0,406.6,2.087636842105263,0.0,0.0,2.03505,0.9533662612544772,1.0,2775.950982586016,1000.0,2754.569172586016,1000.0,0.3057810261509897,0.0
4200,1687651440000.0,0.0,0.0,406.6,2.087636842105263,0.0,0.0,2.0426,0.9533662612544772,1.0,2775.950982586016,1000.0,2757.639002586016,1000.0,0.3057810261509897,0.0
4201,1687655040000.0,0.0,0.0,406.6,2.087636842105263,0.0,0.0,2.033,0.9533662612544772,1.0,2775.950982586016,1000.0,2753.7356425860157,1000.0,0.3057810261509897,0.0
4202,1687658640000.0,0.0,0.0,406.6,2.087636842105263,0.0,0.0,2.07125,0.9533662612544772,1.0,2775.950982586016,1000.0,2769.288092586016,1000.0,0.3057810261509897,0.0
4203,1687662240000.0,0.0,0.0,406.6,2.087636842105263,0.0,0.0,2.0784,0.9533662612544772,1.0,2775.950982586016,1000.0,2772.1952825860158,1000.0,0.3057810261509897,0.0
4204,1687665840000.0,0.0,0.0,348.6,2.087636842105263,0.0,0.0,2.10775,0.9533662612544772,1.0,2777.1423859839106,1000.0,2784.153832826016,1000.0,0.2620500147312616,0.0
4205,1687669440000.0,0.0,0.0,188.3,2.087636842105263,0.0,0.0,2.10385,0.9533662612544772,1.0,2780.435178478437,1000.0,2783.488116110016,1000.0,0.14138147165277265,0.0
4206,1687673040000.0,0.0,0.0,138.4,2.087636842105263,0.0,0.0,2.0857,0.9533662612544772,1.0,2781.4601962293846,1000.0,2781.192137282016,1000.0,0.10387671171388595,0.0
4207,1687676640000.0,0.0,0.0,118.7,2.087636842105263,0.0,0.0,2.07825,0.9533662612544772,1.0,2781.8648625559113,1000.0,2780.7506443980164,1000.0,0.08907783282118877,0.0
4208,1687680240000.0,0.0,0.0,118.7,2.087636842105263,0.0,0.0,2.0807,0.9533662612544772,1.0,2781.8648625559113,1000.0,2781.0414593980167,1000.0,0.08907783282118877,0.0
4209,1687683840000.0,0.0,0.0,118.7,2.087636842105263,0.0,0.0,2.0938,0.9533662612544772,1.0,2781.8648625559113,1000.0,2782.5964293980164,1000.0,0.08907783282118877,0.0
4210,1687687440000.0,0.0,0.0,118.7,2.087636842105263,0.0,0.0,2.08,0.9533662612544772,1.0,2781.8648625559113,1000.0,2780.9583693980167,1000.0,0.08907783282118877,0.0
4211,1687691040000.0,0.0,0.0,118.7,2.087636842105263,0.0,0.0,2.07465,0.9533662612544772,1.0,2781.8648625559113,1000.0,2780.3233243980167,1000.0,0.08907783282118877,0.0
4212,1687694640000.0,0.0,0.0,118.7,2.087636842105263,0.0,0.0,2.08215,0.9533662612544772,1.0,2781.8648625559113,1000.0,2781.2135743980166,1000.0,0.08907783282118877,0.0
4213,1687698240000.0,0.0,0.0,118.7,2.087636842105263,0.0,0.0,2.09305,0.9533662612544772,1.0,2781.8648625559113,1000.0,2782.5074043980167,1000.0,0.08907783282118877,0.0
4214,1687701840000.0,0.0,0.0,118.7,2.087636842105263,0.0,0.0,2.07005,0.9533662612544772,1.0,2781.8648625559113,1000.0,2779.7773043980164,1000.0,0.08907783282118877,0.0
4215,1687705440000.0,0.0,0.0,118.7,2.087636842105263,0.0,0.0,2.0492,0.9533662612544772,1.0,2781.8648625559113,1000.0,2777.3024093980166,1000.0,0.08907783282118877,0.0
4216,1687709040000.0,0.0,0.0,118.7,2.087636842105263,0.0,0.0,2.05585,0.9533662612544772,1.0,2781.8648625559113,1000.0,2778.0917643980165,1000.0,0.08907783282118877,0.0
4217,1687712640000.0,0.0,0.0,118.7,2.087636842105263,0.0,0.0,2.05805,0.9533662612544772,1.0,2781.8648625559113,1000.0,2778.3529043980166,1000.0,0.08907783282118877,0.0
4218,1687716240000.0,0.0,0.0,118.7,2.087636842105263,0.0,0.0,2.04055,0.9533662612544772,1.0,2781.8648625559113,1000.0,2776.2756543980167,1000.0,0.08907783282118877,0.0
4219,1687719840000.0,0.0,0.0,118.7,2.087636842105263,0.0,0.0,2.0395,0.9533662612544772,1.0,2781.8648625559113,1000.0,2776.1510193980166,1000.0,0.08907783282118877,0.0
4220,1687723440000.0,0.0,0.0,118.7,2.087636842105263,0.0,0.0,2.0442,0.9533662612544772,1.0,2781.8648625559113,1000.0,2776.7089093980167,1000.0,0.08907783282118877,0.0
4221,1687727040000.0,0.0,0.0,118.7,2.087636842105263,0.0,0.0,2.0349,0.9533662612544772,1.0,2781.8648625559113,1000.0,2775.6049993980164,1000.0,0.08907783282118877,0.0
4222,1687730640000.0,0.0,0.0,118.7,2.087636842105263,0.0,0.0,2.0441,0.9533662612544772,1.0,2781.8648625559113,1000.0,2776.6970393980164,1000.0,0.08907783282118877,0.0
4223,1687734240000.0,0.0,0.0,118.7,2.087636842105263,0.0,0.0,2.05935,0.9533662612544772,1.0,2781.8648625559113,1000.0,2778.5072143980165,1000.0,0.08907783282118877,0.0
4224,1687737840000.0,0.0,0.0,118.7,2.087636842105263,0.0,0.0,2.0472,0.9533662612544772,1.0,2781.8648625559113,1000.0,2777.0650093980166,1000.0,0.08907783282118877,0.0
4225,1687741440000.0,0.0,0.0,300.3,2.0410504600662494,0.0,0.0,2.00045,0.9533662612544772,1.0,2781.7918375639115,1000.0,2769.599519406017,1000.0,0.22033548480559617,0.0
4226,1687745040000.0,0.0,0.0,300.3,2.0410504600662494,0.0,0.0,2.033,0.9533662612544772,1.0,2781.7918375639115,1000.0,2779.3742844060166,1000.0,0.22033548480559617,0.0
4227,1687748640000.0,0.0,0.0,300.3,2.0410504600662494,0.0,0.0,2.03235,0.9533662612544772,1.0,2781.7918375639115,1000.0,2779.179089406017,1000.0,0.22033548480559617,0.0
4228,1687752240000.0,0.0,0.0,300.3,2.0410504600662494,0.0,0.0,2.03925,0.9533662612544772,1.0,2781.7918375639115,1000.0,2781.251159406017,1000.0,0.22033548480559617,0.0
4229,1687755840000.0,0.0,0.0,300.3,2.0410504600662494,0.0,0.0,2.03755,0.9533662612544772,1.0,2781.7918375639115,1000.0,2780.740649406017,1000.0,0.22033548480559617,0.0
4230,1687759440000.0,0.0,0.0,300.3,2.0410504600662494,0.0,0.0,2.03495,0.9533662612544772,1.0,2781.7918375639115,1000.0,2779.959869406017,1000.0,0.22033548480559617,0.0
4231,1687763040000.0,0.0,0.0,143.1,2.0410504600662494,0.0,0.0,2.09715,0.9533662612544772,1.0,2787.9296639674976,1000.0,2795.957508132017,1000.0,0.10476387715600752,0.0
4232,1687766640000.0,0.0,0.0,99.5,2.0410504600662494,0.0,0.0,2.06535,0.9533662612544772,1.0,2789.670754100609,1000.0,2792.088558324017,1000.0,0.07279874174329448,0.0
4233,1687770240000.0,0.0,0.0,33.5,2.0410504600662494,0.0,0.0,2.09,0.9533662612544772,1.0,2792.3063492562364,1000.0,2793.946158844017,1000.0,0.02448699457007355,0.0
4234,1687773840000.0,0.0,0.0,16.3,2.0410504600662494,0.0,0.0,2.06835,0.9533662612544772,1.0,2792.9932013270964,1000.0,2793.4381838280165,1000.0,0.011911637480274557,0.0
4235,1687777440000.0,0.0,0.0,31.5,2.0549885324348063,0.0,0.0,2.0736,0.9533662612544772,1.0,2793.7051169237125,1000.0,2794.291378152016,1000.0,0.023170712749732217,0.0
4236,1687781040000.0,0.0,0.0,14.7,2.0549885324348063,0.0,0.0,2.07595,0.9533662612544772,1.0,2794.0444155628074,1000.0,2794.3525491360156,1000.0,0.010811686191719596,0.0
4237,1687784640000.0,0.0,0.0,67.7,2.062241440305444,0.0,0.0,2.07845,0.9533662612544772,1.0,2794.064083714695,1000.0,2795.161403206016,1000.0,0.049967982596541866,0.0
4238,1687788240000.0,0.0,0.0,27.7,2.062241440305444,0.0,0.0,2.1025,0.9533662612544772,1.0,2795.457236184477,1000.0,2796.5723982880163,1000.0,0.0204346133995702,0.0
4239,1687791840000.0,0.0,0.0,67.4,2.0717630815924233,0.0,0.0,2.0751,0.9533662612544772,1.0,2796.204383643345,1000.0,2796.4292919440154,1000.0,0.0499379918421371,0.0
4240,1687795440000.0,0.0,0.0,67.4,2.0717630815924233,0.0,0.0,2.0829,0.9533662612544772,1.0,2796.204383643345,1000.0,2796.9550119440155,1000.0,0.0499379918421371,0.0
4241,1687799040000.0,0.0,0.0,67.4,2.0717630815924233,0.0,0.0,2.04765,0.9533662612544772,1.0,2796.204383643345,1000.0,2794.5791619440156,1000.0,0.0499379918421371,0.0
4242,1687802640000.0,0.0,0.0,67.4,2.0717630815924233,0.0,0.0,2.0253,0.9533662612544772,1.0,2796.204383643345,1000.0,2793.0727719440156,1000.0,0.0499379918421371,0.0
4243,1687806240000.0,0.0,0.0,67.4,2.0717630815924233,0.0,0.0,2.05985,0.9533662612544772,1.0,2796.204383643345,1000.0,2795.4014419440155,1000.0,0.0499379918421371,0.0
4244,1687809840000.0,0.0,0.0,67.4,2.0717630815924233,0.0,0.0,2.05725,0.9533662612544772,1.0,2796.204383643345,1000.0,2795.2262019440154,1000.0,0.0499379918421371,0.0
4245,1687813440000.0,0.0,0.0,67.4,2.0717630815924233,0.0,0.0,2.0395,0.9533662612544772,1.0,2796.204383643345,1000.0,2794.0298519440157,1000.0,0.0499379918421371,0.0
4246,1687817040000.0,0.0,0.0,67.4,2.0717630815924233,0.0,0.0,2.0092,0.9533662612544772,1.0,2796.204383643345,1000.0,2791.9876319440154,1000.0,0.0499379918421371,0.0
4247,1687820640000.0,0.0,0.0,67.4,2.0717630815924233,0.0,0.0,2.0347,0.9533662612544772,1.0,2796.204383643345,1000.0,2793.706331944016,1000.0,0.0499379918421371,0.0
4248,1687824240000.0,0.0,0.0,67.4,2.0717630815924233,0.0,0.0,2.03275,0.9533662612544772,1.0,2796.204383643345,1000.0,2793.5749019440154,1000.0,0.0499379918421371,0.0
4249,1687827840000.0,0.0,0.0,67.4,2.0717630815924233,0.0,0.0,2.0405,0.9533662612544772,1.0,2796.204383643345,1000.0,2794.0972519440156,1000.0,0.0499379918421371,0.0
4250,1687831440000.0,0.0,0.0,67.4,2.0717630815924233,0.0,0.0,2.05445,0.9533662612544772,1.0,2796.204383643345,1000.0,2795.037481944016,1000.0,0.0499379918421371,0.0
4251,1687835040000.0,0.0,0.0,67.4,2.0717630815924233,0.0,0.0,2.0744,0.9533662612544772,1.0,2796.204383643345,1000.0,2796.382111944016,1000.0,0.0499379918421371,0.0
4252,1687838640000.0,0.0,0.0,67.4,2.0717630815924233,0.0,0.0,2.07565,0.9533662612544772,1.0,2796.204383643345,1000.0,2796.4663619440157,1000.0,0.0499379918421371,0.0
4253,1687842240000.0,0.0,0.0,31.4,2.0717630815924233,0.0,0.0,2.082,0.9533662612544772,1.0,2796.935846706017,1000.0,2797.2572859440147,1000.0,0.023258796171037016,0.0
4254,1687845840000.0,0.0,0.0,31.4,2.0717630815924233,0.0,0.0,2.06975,0.9533662612544772,1.0,2796.935846706017,1000.0,2796.8726359440147,1000.0,0.023258796171037016,0.0
4255,1687849440000.0,0.0,0.0,67.7,2.0677078399114044,0.0,0.0,2.06425,0.9533662612544772,1.0,2796.920860614017,1000.0,2796.6867648520147,1000.0,0.0500492605040212,0.0
4256,1687853040000.0,0.0,0.0,67.7,2.0677078399114044,0.0,0.0,2.0717,0.9533662612544772,1.0,2796.920860614017,1000.0,2797.191129852015,1000.0,0.0500492605040212,0.0
4257,1687856640000.0,0.0,0.0,67.7,2.0677078399114044,0.0,0.0,2.055,0.9533662612544772,1.0,2796.920860614017,1000.0,2796.0605398520147,1000.0,0.0500492605040212,0.0
4258,1687860240000.0,0.0,0.0,67.7,2.0677078399114044,0.0,0.0,2.06315,0.9533662612544772,1.0,2796.920860614017,1000.0,2796.6122948520147,1000.0,0.0500492605040212,0.0
4259,1687863840000.0,0.0,0.0,23.2,2.0677078399114044,0.0,0.0,2.0771,0.9533662612544772,1.0,2797.823074977959,1000.0,2798.0409730920146,1000.0,0.01714576676236845,0.0
4260,1687867440000.0,0.0,0.0,27.0,2.0676369554792404,0.0,0.0,2.07735,0.9533662612544772,1.0,2798.632729673954,1000.0,2798.8949818760148,1000.0,0.019947668447529144,0.0
4261,1687871040000.0,0.0,0.0,5.6,2.0676369554792404,0.0,0.0,2.093,0.9533662612544772,1.0,2799.116350826698,1000.0,2799.2583838760142,1000.0,0.004136579369865795,0.0
4262,1687874640000.0,0.0,0.0,2.6,2.0676369554792404,0.0,0.0,2.1114,0.9533662612544772,1.0,2799.1874349102604,1000.0,2799.3012188260145,1000.0,0.0019205059358300422,0.0
4263,1687878240000.0,0.0,0.0,49.6,2.0773715326714295,0.0,0.0,2.08875,0.9533662612544772,1.0,2799.5397953665174,1000.0,2800.1041673460145,1000.0,0.03680520212323439,0.0
4264,1687881840000.0,0.0,0.0,67.3,2.0780628234844416,0.0,0.0,2.06335,0.9533662612544772,1.0,2799.5324321665175,1000.0,2798.5422591460147,1000.0,0.0499560663822252,0.0
4265,1687885440000.0,0.0,0.0,67.3,2.0780628234844416,0.0,0.0,2.086,0.9533662612544772,1.0,2799.5324321665175,1000.0,2800.0666041460145,1000.0,0.0499560663822252,0.0
4266,1687889040000.0,0.0,0.0,67.3,2.0780628234844416,0.0,0.0,2.0778,0.9533662612544772,1.0,2799.5324321665175,1000.0,2799.5147441460144,1000.0,0.0499560663822252,0.0
4267,1687892640000.0,0.0,0.0,67.3,2.0780628234844416,0.0,0.0,2.082,0.9533662612544772,1.0,2799.5324321665175,1000.0,2799.7974041460147,1000.0,0.0499560663822252,0.0
4268,1687896240000.0,0.0,0.0,67.3,2.0780628234844416,0.0,0.0,2.07185,0.9533662612544772,1.0,2799.5324321665175,1000.0,2799.1143091460144,1000.0,0.0499560663822252,0.0
4269,1687899840000.0,0.0,0.0,67.3,2.0780628234844416,0.0,0.0,2.0698,0.9533662612544772,1.0,2799.5324321665175,1000.0,2798.9763441460145,1000.0,0.0499560663822252,0.0
4270,1687903440000.0,0.0,0.0,67.3,2.0780628234844416,0.0,0.0,2.06945,0.9533662612544772,1.0,2799.5324321665175,1000.0,2798.9527891460148,1000.0,0.0499560663822252,0.0
4271,1687907040000.0,0.0,0.0,67.3,2.0780628234844416,0.0,0.0,2.05615,0.9533662612544772,1.0,2799.5324321665175,1000.0,2798.057699146015,1000.0,0.0499560663822252,0.0
4272,1687910640000.0,0.0,0.0,67.3,2.0780628234844416,0.0,0.0,2.05255,0.9533662612544772,1.0,2799.5324321665175,1000.0,2797.815419146015,1000.0,0.0499560663822252,0.0
4273,1687914240000.0,0.0,0.0,170.3,2.034417663068132,0.0,0.0,2.02895,0.9533662612544772,1.0,2799.4911106265176,1000.0,2798.5599676060147,1000.0,0.12375868124938104,0.0
4274,1687917840000.0,0.0,0.0,170.3,2.034417663068132,0.0,0.0,2.04345,0.9533662612544772,1.0,2799.4911106265176,1000.0,2801.029317606015,1000.0,0.12375868124938104,0.0
4275,1687921440000.0,0.0,0.0,170.3,2.034417663068132,0.0,0.0,2.023,0.9533662612544772,1.0,2799.4911106265176,1000.0,2797.5466826060147,1000.0,0.12375868124938104,0.0
4276,1687925040000.0,0.0,0.0,125.2,2.034417663068132,0.0,0.0,2.05295,0.9533662612544772,1.0,2800.3918197261446,1000.0,2802.7120683100143,1000.0,0.09095480483193191,0.0
4277,1687928640000.0,0.0,0.0,92.1,2.034417663068132,0.0,0.0,2.0406,0.9533662612544772,1.0,2801.0528723025895,1000.0,2801.622265534015,1000.0,0.06689265619415052,0.0
4278,1687932240000.0,0.0,0.0,92.1,2.034417663068132,0.0,0.0,2.0374,0.9533662612544772,1.0,2801.0528723025895,1000.0,2801.3275455340145,1000.0,0.06689265619415052,0.0
4279,1687935840000.0,0.0,0.0,92.1,2.034417663068132,0.0,0.0,2.02675,0.9533662612544772,1.0,2801.0528723025895,1000.0,2800.3466805340145,1000.0,0.06689265619415052,0.0
4280,1687939440000.0,0.0,0.0,233.0,1.9905042350582614,0.0,0.0,1.9552,0.9533662612544772,1.0,2800.9975887785895,1000.0,2792.7717020100145,1000.0,0.1655793952221199,0.0
4281,1687943040000.0,0.0,0.0,233.0,1.9905042350582614,0.0,0.0,1.97845,0.9533662612544772,1.0,2800.9975887785895,1000.0,2798.1889520100144,1000.0,0.1655793952221199,0.0
4282,1687946640000.0,0.0,0.0,233.0,1.9905042350582614,0.0,0.0,1.9794,0.9533662612544772,1.0,2800.9975887785895,1000.0,2798.4103020100147,1000.0,0.1655793952221199,0.0
4283,1687950240000.0,0.0,0.0,233.0,1.9905042350582614,0.0,0.0,1.98555,0.9533662612544772,1.0,2800.9975887785895,1000.0,2799.8432520100146,1000.0,0.1655793952221199,0.0
4284,1687953840000.0,0.0,0.0,233.0,1.9905042350582614,0.0,0.0,1.971,0.9533662612544772,1.0,2800.9975887785895,1000.0,2796.4531020100144,1000.0,0.1655793952221199,0.0
4285,1687957440000.0,0.0,0.0,233.0,1.9905042350582614,0.0,0.0,1.93655,0.9533662612544772,1.0,2800.9975887785895,1000.0,2788.4262520100147,1000.0,0.1655793952221199,0.0
4286,1687961040000.0,0.0,0.0,233.0,1.9905042350582614,0.0,0.0,1.95605,0.9533662612544772,1.0,2800.9975887785895,1000.0,2792.9697520100144,1000.0,0.1655793952221199,0.0
4287,1687964640000.0,0.0,0.0,233.0,1.9905042350582614,0.0,0.0,1.96785,0.9533662612544772,1.0,2800.9975887785895,1000.0,2795.7191520100146,1000.0,0.1655793952221199,0.0
4288,1687968240000.0,0.0,0.0,233.0,1.9905042350582614,0.0,0.0,1.978,0.9533662612544772,1.0,2800.9975887785895,1000.0,2798.0841020100147,1000.0,0.1655793952221199,0.0
4289,1687971840000.0,0.0,0.0,233.0,1.9905042350582614,0.0,0.0,1.96625,0.9533662612544772,1.0,2800.9975887785895,1000.0,2795.3463520100145,1000.0,0.1655793952221199,0.0
4290,1687975440000.0,0.0,0.0,589.6,1.9409066939765518,0.0,0.0,1.9451,0.9533662612544772,1.0,2800.8614745585896,1000.0,2803.3338477900147,1000.0,0.40857378958697826,0.0
4291,1687979040000.0,0.0,0.0,589.6,1.9409066939765518,0.0,0.0,1.93995,0.9533662612544772,1.0,2800.8614745585896,1000.0,2800.297407790015,1000.0,0.40857378958697826,0.0
4292,1687982640000.0,0.0,0.0,589.6,1.9409066939765518,0.0,0.0,1.89445,0.9533662612544772,1.0,2800.8614745585896,1000.0,2773.4706077900146,1000.0,0.40857378958697826,0.0
4293,1687986240000.0,0.0,0.0,589.6,1.9409066939765518,0.0,0.0,1.91045,0.9533662612544772,1.0,2800.8614745585896,1000.0,2782.904207790015,1000.0,0.40857378958697826,0.0
4294,1687989840000.0,0.0,0.0,589.6,1.9409066939765518,0.0,0.0,1.9249,0.9533662612544772,1.0,2800.8614745585896,1000.0,2791.4239277900147,1000.0,0.40857378958697826,0.0
4295,1687993440000.0,0.0,0.0,589.6,1.9409066939765518,0.0,0.0,1.923,0.9533662612544772,1.0,2800.8614745585896,1000.0,2790.303687790015,1000.0,0.40857378958697826,0.0
4296,1687997040000.0,0.0,0.0,589.6,1.9409066939765518,0.0,0.0,1.911,0.9533662612544772,1.0,2800.8614745585896,1000.0,2783.2284877900147,1000.0,0.40857378958697826,0.0
4297,1688000640000.0,0.0,0.0,589.6,1.9409066939765518,0.0,0.0,1.92475,0.9533662612544772,1.0,2800.8614745585896,1000.0,2791.3354877900147,1000.0,0.40857378958697826,0.0
4298,1688004240000.0,0.0,0.0,589.6,1.9409066939765518,0.0,0.0,1.92325,0.9533662612544772,1.0,2800.8614745585896,1000.0,2790.4510877900148,1000.0,0.40857378958697826,0.0
4299,1688007840000.0,0.0,0.0,589.6,1.9409066939765518,0.0,0.0,1.92165,0.9533662612544772,1.0,2800.8614745585896,1000.0,2789.5077277900145,1000.0,0.40857378958697826,0.0
4300,1688011440000.0,0.0,0.0,589.6,1.9409066939765518,0.0,0.0,1.9185,0.9533662612544772,1.0,2800.8614745585896,1000.0,2787.6504877900147,1000.0,0.40857378958697826,0.0
4301,1688015040000.0,0.0,0.0,589.6,1.9409066939765518,0.0,0.0,1.92025,0.9533662612544772,1.0,2800.8614745585896,1000.0,2788.682287790015,1000.0,0.40857378958697826,0.0
4302,1688018640000.0,0.0,0.0,589.6,1.9409066939765518,0.0,0.0,1.9074,0.9533662612544772,1.0,2800.8614745585896,1000.0,2781.105927790015,1000.0,0.40857378958697826,0.0
4303,1688022240000.0,0.0,0.0,589.6,1.9409066939765518,0.0,0.0,1.90795,0.9533662612544772,1.0,2800.8614745585896,1000.0,2781.4302077900147,1000.0,0.40857378958697826,0.0
4304,1688025840000.0,0.0,0.0,589.6,1.9409066939765518,0.0,0.0,1.91355,0.9533662612544772,1.0,2800.8614745585896,1000.0,2784.7319677900146,1000.0,0.40857378958697826,0.0
4305,1688029440000.0,0.0,0.0,589.6,1.9409066939765518,0.0,0.0,1.93865,0.9533662612544772,1.0,2800.8614745585896,1000.0,2799.5309277900146,1000.0,0.40857378958697826,0.0
4306,1688033040000.0,0.0,0.0,589.6,1.9409066939765518,0.0,0.0,1.94205,0.9533662612544772,1.0,2800.8614745585896,1000.0,2801.5355677900147,1000.0,0.40857378958697826,0.0
4307,1688036640000.0,0.0,0.0,74.4,1.9409066939765518,0.0,0.0,1.98725,0.9533662612544772,1.0,2818.827320901871,1000.0,2822.275262870016,1000.0,0.05122820293428057,0.0
4308,1688040240000.0,0.0,0.0,5.2,1.9409066939765518,0.0,0.0,2.01135,0.9533662612544772,1.0,2822.771281206693,1000.0,2823.1375863980147,1000.0,0.0035754631896224988,0.0
4309,1688043840000.0,0.0,0.0,2.8,1.9409066939765518,0.0,0.0,1.995,0.9533662612544772,1.0,2822.9080659571496,1000.0,2823.0595272140154,1000.0,0.001925156121331809,0.0
4310,1688047440000.0,0.0,0.0,0.4,1.9409066939765518,0.0,0.0,1.99645,0.9533662612544772,1.0,2823.067526171607,1000.0,2823.089743494016,1000.0,0.000275006768486142,0.0
4311,1688051040000.0,0.0,0.0,71.7,1.9690816179664292,0.0,0.0,1.9718,0.9533662612544772,1.0,2823.043205740209,1000.0,2823.2381137320162,1000.0,0.05001097812499629,0.0
4312,1688054640000.0,0.0,0.0,71.7,1.9690816179664292,0.0,0.0,1.9788,0.9533662612544772,1.0,2823.043205740209,1000.0,2823.740013732016,1000.0,0.05001097812499629,0.0
4313,1688058240000.0,0.0,0.0,61.5,1.9690816179664292,0.0,0.0,1.968,0.9533662612544772,1.0,2823.240276084952,1000.0,2823.1737565800163,1000.0,0.04289345137597191,0.0
4314,1688061840000.0,0.0,0.0,28.7,1.9690816179664292,0.0,0.0,1.9824,0.9533662612544772,1.0,2823.8739924876527,1000.0,2824.2562300520162,1000.0,0.020012451896216688,0.0
4315,1688065440000.0,0.0,0.0,17.1,1.9690816179664292,0.0,0.0,2.00755,0.9533662612544772,1.0,2824.2420829032417,1000.0,2824.8998922360156,1000.0,0.01192224132309961,0.0
4316,1688069040000.0,0.0,0.0,8.4,1.9690816179664292,0.0,0.0,2.016,0.9533662612544772,1.0,2824.577178906934,1000.0,2824.971293316016,1000.0,0.005855844801988676,0.0
4317,1688072640000.0,0.0,0.0,71.2,1.9815414512045648,0.0,0.0,1.99605,0.9533662612544772,1.0,2824.605641965781,1000.0,2825.6386506400163,1000.0,0.04994883152169042,0.0
4318,1688076240000.0,0.0,0.0,71.2,1.9815414512045648,0.0,0.0,1.9909,0.9533662612544772,1.0,2824.605641965781,1000.0,2825.271970640016,1000.0,0.04994883152169042,0.0
4319,1688079840000.0,0.0,0.0,71.2,1.9815414512045648,0.0,0.0,1.98565,0.9533662612544772,1.0,2824.605641965781,1000.0,2824.8981706400164,1000.0,0.04994883152169042,0.0
4320,1688083440000.0,0.0,0.0,71.2,1.9815414512045648,0.0,0.0,1.97155,0.9533662612544772,1.0,2824.605641965781,1000.0,2823.8942506400163,1000.0,0.04994883152169042,0.0
4321,1688087040000.0,0.0,0.0,71.2,1.9815414512045648,0.0,0.0,1.9583,0.9533662612544772,1.0,2824.605641965781,1000.0,2822.950850640016,1000.0,0.04994883152169042,0.0
4322,1688090640000.0,0.0,0.0,71.2,1.9815414512045648,0.0,0.0,1.9864,0.9533662612544772,1.0,2824.605641965781,1000.0,2824.951570640016,1000.0,0.04994883152169042,0.0
4323,1688094240000.0,0.0,0.0,21.3,1.9815414512045648,0.0,0.0,2.0195,0.9533662612544772,1.0,2826.1767195326734,1000.0,2826.985236622016,1000.0,0.014934251145355272,0.0
4324,1688097840000.0,0.0,0.0,4.8,1.9815414512045648,0.0,0.0,2.0498,0.9533662612544772,1.0,2827.0683168377986,1000.0,2827.395957872017,1000.0,0.003364403650641465,0.0
4325,1688101440000.0,0.0,0.0,0.4,1.9815414512045648,0.0,0.0,2.0596,0.9533662612544772,1.0,2827.4246890584973,1000.0,2827.4559124780153,1000.0,0.0002803316330755246,0.0
4326,1688105040000.0,0.0,0.0,0.0,1.9815414512045648,0.0,0.0,2.0537,0.9533662612544772,1.0,2827.4556677260143,1000.0,2827.4556677260143,1000.0,0.0,0.0
4327,1688108640000.0,0.0,0.0,0.0,1.9815414512045648,0.0,0.0,2.04595,0.9533662612544772,1.0,2827.4556677260143,1000.0,2827.4556677260143,1000.0,0.0,0.0
4328,1688112240000.0,0.0,0.0,0.0,1.9815414512045648,0.0,0.0,2.0664,0.9533662612544772,1.0,2827.4556677260143,1000.0,2827.4556677260143,1000.0,0.0,0.0
4329,1688115840000.0,0.0,0.0,0.0,1.9815414512045648,0.0,0.0,2.08535,0.9533662612544772,1.0,2827.4556677260143,1000.0,2827.4556677260143,1000.0,0.0,0.0
4330,1688119440000.0,0.0,0.0,0.0,1.9815414512045648,0.0,0.0,2.07125,0.9533662612544772,1.0,2827.4556677260143,1000.0,2827.4556677260143,1000.0,0.0,0.0
4331,1688123040000.0,0.0,0.0,0.0,1.9815414512045648,0.0,0.0,2.05805,0.9533662612544772,1.0,2827.4556677260143,1000.0,2827.4556677260143,1000.0,0.0,0.0
4332,1688126640000.0,0.0,0.0,0.0,1.9815414512045648,0.0,0.0,2.0723,0.9533662612544772,1.0,2827.4556677260143,1000.0,2827.4556677260143,1000.0,0.0,0.0
4333,1688130240000.0,0.0,0.0,0.0,1.9815414512045648,0.0,0.0,2.06415,0.9533662612544772,1.0,2827.4556677260143,1000.0,2827.4556677260143,1000.0,0.0,0.0
4334,1688133840000.0,0.0,0.0,174.9,1.8952219891951314,0.0,0.0,1.9457,0.9533662612544772,1.0,2888.936103714243,1000.0,2897.7647078040145,1000.0,0.11473923756363427,0.0
4335,1688137440000.0,0.0,0.0,61.7,1.9303883854799966,0.0,0.0,1.9625,0.9533662612544772,1.0,2897.87030866013,1000.0,2899.851595276014,1000.0,0.041100860527876974,0.0
4336,1688141040000.0,0.0,0.0,63.5,1.94614711804221,0.0,0.0,1.9565,0.9533662612544772,1.0,2898.8135863406947,1000.0,2899.4709943450143,1000.0,0.04263135186684477,0.0
4337,1688144640000.0,0.0,0.0,47.8,1.9903572002842358,0.0,0.0,2.0158,0.9533662612544772,1.0,2901.816792175601,1000.0,2903.0329580020148,1000.0,0.0327860375024769,0.0
4338,1688148240000.0,0.0,0.0,20.1,1.9956330374021194,0.0,0.0,2.03385,0.9533662612544772,1.0,2903.1337644877976,1000.0,2903.901925436015,1000.0,0.013816870769941817,0.0
4339,1688151840000.0,0.0,0.0,53.1,2.0060431444370583,0.0,0.0,2.03305,0.9533662612544772,1.0,2903.617656219623,1000.0,2905.051720250015,1000.0,0.03668557764189006,0.0
4340,1688155440000.0,0.0,0.0,37.0,2.0060431444370583,0.0,0.0,2.04565,0.9533662612544772,1.0,2904.249544440186,1000.0,2905.714998096015,1000.0,0.02555689351359725,0.0
4341,1688159040000.0,0.0,0.0,5.6,2.0060431444370583,0.0,0.0,2.055,0.9533662612544772,1.0,2905.877763524863,1000.0,2906.1519219160155,1000.0,0.0038659030155558734,0.0
4342,1688162640000.0,0.0,0.0,4.7,2.0060431444370583,0.0,0.0,2.04965,0.9533662612544772,1.0,2905.9130864688696,1000.0,2906.1180386900155,1000.0,0.003244557733937986,0.0
4343,1688166240000.0,0.0,0.0,4.0,2.0060431444370583,0.0,0.0,2.0443,0.9533662612544772,1.0,2905.9405598697635,1000.0,2906.0935872920154,1000.0,0.002761299624830542,0.0
4344,1688169840000.0,0.0,0.0,71.4,2.034097965219266,0.0,0.0,2.04035,0.9533662612544772,1.0,2906.0102340526705,1000.0,2906.456629336015,1000.0,0.04997731701519647,0.0
4345,1688173440000.0,0.0,0.0,52.5,2.034097965219266,0.0,0.0,2.0514,0.9533662612544772,1.0,2906.3880665000265,1000.0,2907.296423326015,1000.0,0.03674324994824654,0.0
4346,1688177040000.0,0.0,0.0,32.4,2.035647944388036,0.0,0.0,2.07155,0.9533662612544772,1.0,2907.7578768381873,1000.0,2908.921103440015,1000.0,0.022682422743495394,0.0
4347,1688180640000.0,0.0,0.0,7.2,2.035647944388036,0.0,0.0,2.05955,0.9533662612544772,1.0,2908.6449694676085,1000.0,2908.8170642680147,1000.0,0.005039001099634578,0.0
4348,1688184240000.0,0.0,0.0,2.7,2.035647944388036,0.0,0.0,2.05945,0.9533662612544772,1.0,2908.735153227862,1000.0,2908.7994187780146,1000.0,0.0018895668255490491,0.0
4349,1688187840000.0,0.0,0.0,71.0,2.047434076758418,0.0,0.0,2.0437,0.9533662612544772,1.0,2908.707178913862,1000.0,2908.4420594640146,1000.0,0.04997678023544788,0.0
4350,1688191440000.0,0.0,0.0,71.0,2.047434076758418,0.0,0.0,2.05215,0.9533662612544772,1.0,2908.707178913862,1000.0,2909.0420094640144,1000.0,0.04997678023544788,0.0
4351,1688195040000.0,0.0,0.0,71.0,2.047434076758418,0.0,0.0,2.0573,0.9533662612544772,1.0,2908.707178913862,1000.0,2909.4076594640146,1000.0,0.04997678023544788,0.0
4352,1688198640000.0,0.0,0.0,60.9,2.047434076758418,0.0,0.0,2.0674,0.9533662612544772,1.0,2908.910717378602,1000.0,2910.126642104014,1000.0,0.04286440781068465,0.0
4353,1688202240000.0,0.0,0.0,70.9,2.0492762252787475,0.0,0.0,2.05705,0.9533662612544772,1.0,2909.5502128562775,1000.0,2910.1013734840144,1000.0,0.04993681969476299,0.0
4354,1688205840000.0,0.0,0.0,70.9,2.0492762252787475,0.0,0.0,2.05985,0.9533662612544772,1.0,2909.5502128562775,1000.0,2910.2998934840143,1000.0,0.04993681969476299,0.0
4355,1688209440000.0,0.0,0.0,70.9,2.0502847526029706,0.0,0.0,2.06615,0.9533662612544772,1.0,2909.918587797565,1000.0,2911.0434338380146,1000.0,0.04995507076009759,0.0
4356,1688213040000.0,0.0,0.0,33.0,2.0502847526029706,0.0,0.0,2.0795,0.9533662612544772,1.0,2910.680419009913,1000.0,2911.6445221740146,1000.0,0.023245216614647384,0.0
4357,1688216640000.0,0.0,0.0,33.0,2.0502847526029706,0.0,0.0,2.0658,0.9533662612544772,1.0,2910.680419009913,1000.0,2911.1924221740146,1000.0,0.023245216614647384,0.0
4358,1688220240000.0,0.0,0.0,70.6,2.0556186520665443,0.0,0.0,2.0628,0.9533662612544772,1.0,2910.664925553913,1000.0,2911.171928718015,1000.0,0.04986031733222599,0.0
4359,1688223840000.0,0.0,0.0,70.6,2.0556186520665443,0.0,0.0,2.06085,0.9533662612544772,1.0,2910.664925553913,1000.0,2911.034258718015,1000.0,0.04986031733222599,0.0
4360,1688227440000.0,0.0,0.0,70.6,2.0556186520665443,0.0,0.0,2.0606,0.9533662612544772,1.0,2910.664925553913,1000.0,2911.0166087180146,1000.0,0.04986031733222599,0.0
4361,1688231040000.0,0.0,0.0,70.6,2.0556186520665443,0.0,0.0,2.0533,0.9533662612544772,1.0,2910.664925553913,1000.0,2910.5012287180148,1000.0,0.04986031733222599,0.0
4362,1688234640000.0,0.0,0.0,70.6,2.0556186520665443,0.0,0.0,2.04375,0.9533662612544772,1.0,2910.664925553913,1000.0,2909.8269987180147,1000.0,0.04986031733222599,0.0
4363,1688238240000.0,0.0,0.0,70.6,2.0556186520665443,0.0,0.0,2.05945,0.9533662612544772,1.0,2910.664925553913,1000.0,2910.9354187180147,1000.0,0.04986031733222599,0.0
4364,1688241840000.0,0.0,0.0,70.6,2.0556186520665443,0.0,0.0,2.0478,0.9533662612544772,1.0,2910.664925553913,1000.0,2910.1129287180147,1000.0,0.04986031733222599,0.0
4365,1688245440000.0,0.0,0.0,70.6,2.0556186520665443,0.0,0.0,2.0404,0.9533662612544772,1.0,2910.664925553913,1000.0,2909.590488718015,1000.0,0.04986031733222599,0.0
4366,1688249040000.0,0.0,0.0,70.6,2.0556186520665443,0.0,0.0,2.044,0.9533662612544772,1.0,2910.664925553913,1000.0,2909.844648718015,1000.0,0.04986031733222599,0.0
4367,1688252640000.0,0.0,0.0,70.6,2.0556186520665443,0.0,0.0,2.0501,0.9533662612544772,1.0,2910.664925553913,1000.0,2910.275308718015,1000.0,0.04986031733222599,0.0
4368,1688256240000.0,0.0,0.0,70.6,2.0556186520665443,0.0,0.0,2.056,0.9533662612544772,1.0,2910.664925553913,1000.0,2910.6918487180146,1000.0,0.04986031733222599,0.0
4369,1688259840000.0,0.0,0.0,70.6,2.0556186520665443,0.0,0.0,2.0333,0.9533662612544772,1.0,2910.664925553913,1000.0,2909.089228718015,1000.0,0.04986031733222599,0.0
4370,1688263440000.0,0.0,0.0,70.6,2.0556186520665443,0.0,0.0,2.01935,0.9533662612544772,1.0,2910.664925553913,1000.0,2908.1043587180147,1000.0,0.04986031733222599,0.0
4371,1688267040000.0,0.0,0.0,70.6,2.0556186520665443,0.0,0.0,2.01425,0.9533662612544772,1.0,2910.664925553913,1000.0,2907.7442987180148,1000.0,0.04986031733222599,0.0
4372,1688270640000.0,0.0,0.0,70.6,2.0556186520665443,0.0,0.0,2.0041,0.9533662612544772,1.0,2910.664925553913,1000.0,2907.0277087180148,1000.0,0.04986031733222599,0.0
4373,1688274240000.0,0.0,0.0,70.6,2.0556186520665443,0.0,0.0,2.02125,0.9533662612544772,1.0,2910.664925553913,1000.0,2908.238498718015,1000.0,0.04986031733222599,0.0
4374,1688277840000.0,0.0,0.0,70.6,2.0556186520665443,0.0,0.0,2.0123,0.9533662612544772,1.0,2910.664925553913,1000.0,2907.6066287180147,1000.0,0.04986031733222599,0.0
4375,1688281440000.0,0.0,0.0,70.6,2.0556186520665443,0.0,0.0,2.01585,0.9533662612544772,1.0,2910.664925553913,1000.0,2907.8572587180147,1000.0,0.04986031733222599,0.0
4376,1688285040000.0,0.0,0.0,70.6,2.0556186520665443,0.0,0.0,2.014,0.9533662612544772,1.0,2910.664925553913,1000.0,2907.7266487180145,1000.0,0.04986031733222599,0.0
4377,1688288640000.0,0.0,0.0,70.6,2.0556186520665443,0.0,0.0,2.0014,0.9533662612544772,1.0,2910.664925553913,1000.0,2906.837088718015,1000.0,0.04986031733222599,0.0
4378,1688292240000.0,0.0,0.0,70.6,2.0556186520665443,0.0,0.0,2.01635,0.9533662612544772,1.0,2910.664925553913,1000.0,2907.8925587180147,1000.0,0.04986031733222599,0.0
4379,1688295840000.0,0.0,0.0,70.6,2.0556186520665443,0.0,0.0,2.0154,0.9533662612544772,1.0,2910.664925553913,1000.0,2907.8254887180146,1000.0,0.04986031733222599,0.0
4380,1688299440000.0,0.0,0.0,70.6,2.0556186520665443,0.0,0.0,2.03075,0.9533662612544772,1.0,2910.664925553913,1000.0,2908.9091987180145,1000.0,0.04986031733222599,0.0
4381,1688303040000.0,0.0,0.0,70.6,2.0556186520665443,0.0,0.0,2.0201,0.9533662612544772,1.0,2910.664925553913,1000.0,2908.1573087180145,1000.0,0.04986031733222599,0.0
4382,1688306640000.0,0.0,0.0,70.6,2.0556186520665443,0.0,0.0,2.00935,0.9533662612544772,1.0,2910.664925553913,1000.0,2907.3983587180146,1000.0,0.04986031733222599,0.0
4383,1688310240000.0,0.0,0.0,70.6,2.0556186520665443,0.0,0.0,2.02885,0.9533662612544772,1.0,2910.664925553913,1000.0,2908.775058718015,1000.0,0.04986031733222599,0.0
4384,1688313840000.0,0.0,0.0,178.6,2.012431561231232,0.0,0.0,2.0081,0.9533662612544772,1.0,2910.622066833913,1000.0,2909.848449998015,1000.0,0.12348572524459166,0.0
4385,1688317440000.0,0.0,0.0,178.6,2.012431561231232,0.0,0.0,2.02405,0.9533662612544772,1.0,2910.622066833913,1000.0,2912.697119998015,1000.0,0.12348572524459166,0.0
4386,1688321040000.0,0.0,0.0,178.6,2.012431561231232,0.0,0.0,2.0049,0.9533662612544772,1.0,2910.622066833913,1000.0,2909.276929998015,1000.0,0.12348572524459166,0.0
4387,1688324640000.0,0.0,0.0,178.6,2.012431561231232,0.0,0.0,2.0187,0.9533662612544772,1.0,2910.622066833913,1000.0,2911.7416099980146,1000.0,0.12348572524459166,0.0
4388,1688328240000.0,0.0,0.0,178.6,2.012431561231232,0.0,0.0,2.02285,0.9533662612544772,1.0,2910.622066833913,1000.0,2912.482799998015,1000.0,0.12348572524459166,0.0
4389,1688331840000.0,0.0,0.0,178.6,2.012431561231232,0.0,0.0,2.027,0.9533662612544772,1.0,2910.622066833913,1000.0,2913.223989998015,1000.0,0.12348572524459166,0.0
4390,1688335440000.0,0.0,0.0,178.6,2.012431561231232,0.0,0.0,2.0241,0.9533662612544772,1.0,2910.622066833913,1000.0,2912.706049998015,1000.0,0.12348572524459166,0.0
4391,1688339040000.0,0.0,0.0,52.9,2.012431561231232,0.0,0.0,2.04615,0.9533662612544772,1.0,2914.8972217351466,1000.0,2916.6809271460143,1000.0,0.036521915351019237,0.0
4392,1688342640000.0,0.0,0.0,61.8,2.018563990295087,0.0,0.0,2.0403,0.9533662612544772,1.0,2915.4672670762507,1000.0,2916.8105524760144,1000.0,0.042788082723130005,0.0
4393,1688346240000.0,0.0,0.0,61.8,2.018563990295087,0.0,0.0,2.01995,0.9533662612544772,1.0,2915.4672670762507,1000.0,2915.5529224760144,1000.0,0.042788082723130005,0.0
4394,1688349840000.0,0.0,0.0,53.0,2.018563990295087,0.0,0.0,2.04095,0.9533662612544772,1.0,2915.6417556736537,1000.0,2916.828214188014,1000.0,0.03669308524528288,0.0
4395,1688353440000.0,0.0,0.0,28.8,2.018563990295087,0.0,0.0,2.0464,0.9533662612544772,1.0,2916.1215993165124,1000.0,2916.923276396014,1000.0,0.01993560314292938,0.0
4396,1688357040000.0,0.0,0.0,28.8,2.018563990295087,0.0,0.0,2.0449,0.9533662612544772,1.0,2916.1215993165124,1000.0,2916.880076396014,1000.0,0.01993560314292938,0.0
4397,1688360640000.0,0.0,0.0,18.2,2.018563990295087,0.0,0.0,2.04535,0.9533662612544772,1.0,2916.3317787633846,1000.0,2916.819284140014,1000.0,0.012597285703531504,0.0
4398,1688364240000.0,0.0,0.0,10.6,2.018563990295087,0.0,0.0,2.057,0.9533662612544772,1.0,2916.632163517142,1000.0,2917.039585220014,1000.0,0.0073361250571020685,0.0
4399,1688367840000.0,0.0,0.0,71.5,2.035374102057733,0.0,0.0,2.05535,0.9533662612544772,1.0,2916.607337023142,1000.0,2918.035613726014,1000.0,0.04989675725278243,0.0
4400,1688371440000.0,0.0,0.0,32.3,2.035374102057733,0.0,0.0,2.0656,0.9533662612544772,1.0,2917.518609406479,1000.0,2918.494905910014,1000.0,0.022533732358896254,0.0
4401,1688375040000.0,0.0,0.0,18.8,2.035374102057733,0.0,0.0,2.0733,0.9533662612544772,1.0,2918.0560549087,1000.0,2918.7690617900143,1000.0,0.013113193303575046,0.0
4402,1688378640000.0,0.0,0.0,15.7,2.035374102057733,0.0,0.0,2.0613,0.9533662612544772,1.0,2918.179468320321,1000.0,2918.5865049180147,1000.0,0.01095044830148834,0.0
4403,1688382240000.0,0.0,0.0,6.8,2.035374102057733,0.0,0.0,2.1138,0.9533662612544772,1.0,2918.659129170008,1000.0,2919.1924252760155,1000.0,0.00474208987122401,0.0
4404,1688385840000.0,0.0,0.0,0.4,2.035374102057733,0.0,0.0,2.1172,0.9533662612544772,1.0,2919.2259957208394,1000.0,2919.2587260800165,1000.0,0.0002788922961142845,0.0
4405,1688389440000.0,0.0,0.0,0.0,2.035374102057733,0.0,0.0,2.1313,0.9533662612544772,1.0,2919.259816452016,1000.0,2919.259816452016,1000.0,0.0,0.0
4406,1688393040000.0,0.0,0.0,0.0,2.035374102057733,0.0,0.0,2.14615,0.9533662612544772,1.0,2919.259816452016,1000.0,2919.259816452016,1000.0,0.0,0.0
4407,1688396640000.0,0.0,0.0,0.0,2.035374102057733,0.0,0.0,2.1356,0.9533662612544772,1.0,2919.259816452016,1000.0,2919.259816452016,1000.0,0.0,0.0
4408,1688400240000.0,0.0,0.0,0.0,2.035374102057733,0.0,0.0,2.12995,0.9533662612544772,1.0,2919.259816452016,1000.0,2919.259816452016,1000.0,0.0,0.0
4409,1688403840000.0,0.0,0.0,43.8,2.1059,0.0,0.0,2.1171,0.9533662612544772,1.0,2919.7578309780156,1000.0,2920.248390978016,1000.0,0.03159111999679213,0.0
4410,1688407440000.0,0.0,0.0,32.3,2.1059,0.0,0.0,2.1345,0.9533662612544772,1.0,2919.9955888780155,1000.0,2920.9193688780156,1000.0,0.02329475094383151,0.0
4411,1688411040000.0,0.0,0.0,23.8,2.1059,0.0,0.0,2.1385,0.9533662612544772,1.0,2920.1713229780157,1000.0,2920.947202978016,1000.0,0.017163520374854847,0.0
4412,1688414640000.0,0.0,0.0,13.9,2.1059,0.0,0.0,2.1432,0.9533662612544772,1.0,2920.5799007300157,1000.0,2921.0983707300156,1000.0,0.010022670495227093,0.0
4413,1688418240000.0,0.0,0.0,67.7,2.1204574127906977,0.0,0.0,2.1286,0.9533662612544772,1.0,2920.8002324839454,1000.0,2921.351485638015,1000.0,0.049149190433967586,0.0
4414,1688421840000.0,0.0,0.0,58.1,2.1204574127906977,0.0,0.0,2.142,0.9533662612544772,1.0,2921.000049257155,1000.0,2922.2516735740155,1000.0,0.04217684820459706,0.0
4415,1688425440000.0,0.0,0.0,58.1,2.1204574127906977,0.0,0.0,2.1585,0.9533662612544772,1.0,2921.000049257155,1000.0,2923.210323574015,1000.0,0.04217684820459706,0.0
4416,1688429040000.0,0.0,0.0,23.2,2.1204574127906977,0.0,0.0,2.1428,0.9533662612544772,1.0,2921.726466484759,1000.0,2922.2448145080148,1000.0,0.016837514579498645,0.0
4417,1688432640000.0,0.0,0.0,5.5,2.1204574127906977,0.0,0.0,2.1832,0.9533662612544772,1.0,2922.6826410843637,1000.0,2923.027725314015,1000.0,0.003990346268324859,0.0
4418,1688436240000.0,0.0,0.0,0.6,2.1204574127906977,0.0,0.0,2.2291,0.9533662612544772,1.0,2923.039189973689,1000.0,2923.104375526015,1000.0,0.00043525740333500985,0.0
4419,1688439840000.0,0.0,0.0,0.0,2.1204574127906977,0.0,0.0,2.1958,0.9533662612544772,1.0,2923.0951398280145,1000.0,2923.0951398280145,1000.0,0.0,0.0
4420,1688443440000.0,0.0,0.0,0.0,2.1204574127906977,0.0,0.0,2.1858,0.9533662612544772,1.0,2923.0951398280145,1000.0,2923.0951398280145,1000.0,0.0,0.0
4421,1688447040000.0,0.0,0.0,67.4,2.1681,0.0,0.0,2.1768,0.9533662612544772,1.0,2923.0659138400147,1000.0,2923.652293840015,1000.0,0.049992009864748464,0.0
4422,1688450640000.0,0.0,0.0,67.4,2.1681,0.0,0.0,2.15695,0.9533662612544772,1.0,2923.0659138400147,1000.0,2922.3144038400146,1000.0,0.049992009864748464,0.0
4423,1688454240000.0,0.0,0.0,67.4,2.1681,0.0,0.0,2.155,0.9533662612544772,1.0,2923.0659138400147,1000.0,2922.1829738400147,1000.0,0.049992009864748464,0.0
4424,1688457840000.0,0.0,0.0,67.4,2.1681,0.0,0.0,2.1448,0.9533662612544772,1.0,2923.0659138400147,1000.0,2921.4954938400147,1000.0,0.049992009864748464,0.0
4425,1688461440000.0,0.0,0.0,67.4,2.1681,0.0,0.0,2.1118,0.9533662612544772,1.0,2923.0659138400147,1000.0,2919.2712938400146,1000.0,0.049992009864748464,0.0
4426,1688465040000.0,0.0,0.0,170.5,2.1225666862170085,0.0,0.0,2.09605,0.9533662612544772,1.0,2923.022760304015,1000.0,2918.5016653040148,1000.0,0.12380937463598815,0.0
4427,1688468640000.0,0.0,0.0,170.5,2.1225666862170085,0.0,0.0,2.10995,0.9533662612544772,1.0,2923.022760304015,1000.0,2920.871615304015,1000.0,0.12380937463598815,0.0
4428,1688472240000.0,0.0,0.0,170.5,2.1225666862170085,0.0,0.0,2.13215,0.9533662612544772,1.0,2923.022760304015,1000.0,2924.656715304015,1000.0,0.12380937463598815,0.0
4429,1688475840000.0,0.0,0.0,170.5,2.1225666862170085,0.0,0.0,2.12325,0.9533662612544772,1.0,2923.022760304015,1000.0,2923.1392653040148,1000.0,0.12380937463598815,0.0
4430,1688479440000.0,0.0,0.0,170.5,2.1225666862170085,0.0,0.0,2.1171,0.9533662612544772,1.0,2923.022760304015,1000.0,2922.090690304015,1000.0,0.12380937463598815,0.0
4431,1688483040000.0,0.0,0.0,79.1,2.1225666862170085,0.0,0.0,2.1476,0.9533662612544772,1.0,2924.92429651978,1000.0,2926.9044316400145,1000.0,0.05740149414449297,0.0
4432,1688486640000.0,0.0,0.0,67.8,2.1225666862170085,0.0,0.0,2.12805,0.9533662612544772,1.0,2925.159387977528,1000.0,2925.5311566520145,1000.0,0.049197326448940405,0.0
4433,1688490240000.0,0.0,0.0,68.6,2.1258512269692122,0.0,0.0,2.1222,0.9533662612544772,1.0,2925.668504314103,1000.0,2925.4180301440147,1000.0,0.049846178387963784,0.0
4434,1688493840000.0,0.0,0.0,68.6,2.1258512269692122,0.0,0.0,2.09125,0.9533662612544772,1.0,2925.668504314103,1000.0,2923.294860144015,1000.0,0.049846178387963784,0.0
4435,1688497440000.0,0.0,0.0,68.6,2.1258512269692122,0.0,0.0,2.08825,0.9533662612544772,1.0,2925.668504314103,1000.0,2923.089060144015,1000.0,0.049846178387963784,0.0
4436,1688501040000.0,0.0,0.0,68.6,2.1258512269692122,0.0,0.0,2.09425,0.9533662612544772,1.0,2925.668504314103,1000.0,2923.500660144015,1000.0,0.049846178387963784,0.0
4437,1688504640000.0,0.0,0.0,68.6,2.1258512269692122,0.0,0.0,2.09625,0.9533662612544772,1.0,2925.668504314103,1000.0,2923.6378601440147,1000.0,0.049846178387963784,0.0
4438,1688508240000.0,0.0,0.0,68.6,2.1258512269692122,0.0,0.0,2.09845,0.9533662612544772,1.0,2925.668504314103,1000.0,2923.7887801440147,1000.0,0.049846178387963784,0.0
4439,1688511840000.0,0.0,0.0,68.6,2.1258512269692122,0.0,0.0,2.10125,0.9533662612544772,1.0,2925.668504314103,1000.0,2923.980860144015,1000.0,0.049846178387963784,0.0
4440,1688515440000.0,0.0,0.0,68.6,2.1258512269692122,0.0,0.0,2.0751,0.9533662612544772,1.0,2925.668504314103,1000.0,2922.186970144015,1000.0,0.049846178387963784,0.0
4441,1688519040000.0,0.0,0.0,68.6,2.1258512269692122,0.0,0.0,2.0724,0.9533662612544772,1.0,2925.668504314103,1000.0,2922.0017501440147,1000.0,0.049846178387963784,0.0
4442,1688522640000.0,0.0,0.0,68.6,2.1258512269692122,0.0,0.0,2.06925,0.9533662612544772,1.0,2925.668504314103,1000.0,2921.785660144015,1000.0,0.049846178387963784,0.0
4443,1688526240000.0,0.0,0.0,68.6,2.1258512269692122,0.0,0.0,2.0889,0.9533662612544772,1.0,2925.668504314103,1000.0,2923.133650144015,1000.0,0.049846178387963784,0.0
4444,1688529840000.0,0.0,0.0,68.6,2.1258512269692122,0.0,0.0,2.09185,0.9533662612544772,1.0,2925.668504314103,1000.0,2923.336020144015,1000.0,0.049846178387963784,0.0
4445,1688533440000.0,0.0,0.0,68.6,2.1258512269692122,0.0,0.0,2.0916,0.9533662612544772,1.0,2925.668504314103,1000.0,2923.318870144015,1000.0,0.049846178387963784,0.0
4446,1688537040000.0,0.0,0.0,68.6,2.1258512269692122,0.0,0.0,2.08345,0.9533662612544772,1.0,2925.668504314103,1000.0,2922.7597801440147,1000.0,0.049846178387963784,0.0
4447,1688540640000.0,0.0,0.0,68.6,2.1258512269692122,0.0,0.0,2.0788,0.9533662612544772,1.0,2925.668504314103,1000.0,2922.440790144015,1000.0,0.049846178387963784,0.0
4448,1688544240000.0,0.0,0.0,68.6,2.1258512269692122,0.0,0.0,2.0781,0.9533662612544772,1.0,2925.668504314103,1000.0,2922.392770144015,1000.0,0.049846178387963784,0.0
4449,1688547840000.0,0.0,0.0,173.6,2.0811831461410595,0.0,0.0,2.06265,0.9533662612544772,1.0,2925.625412314103,1000.0,2922.408058144015,1000.0,0.12349270438019373,0.0
4450,1688551440000.0,0.0,0.0,173.6,2.0811831461410595,0.0,0.0,2.04475,0.9533662612544772,1.0,2925.625412314103,1000.0,2919.300618144015,1000.0,0.12349270438019373,0.0
4451,1688555040000.0,0.0,0.0,439.3,2.032323410357587,0.0,0.0,1.9961,0.9533662612544772,1.0,2925.519111058103,1000.0,2909.606166888015,1000.0,0.30517649698319005,0.0
4452,1688558640000.0,0.0,0.0,439.3,2.032323410357587,0.0,0.0,1.9899,0.9533662612544772,1.0,2925.519111058103,1000.0,2906.882506888015,1000.0,0.30517649698319005,0.0
4453,1688562240000.0,0.0,0.0,439.3,2.032323410357587,0.0,0.0,1.9858,0.9533662612544772,1.0,2925.519111058103,1000.0,2905.0813768880153,1000.0,0.30517649698319005,0.0
4454,1688565840000.0,0.0,0.0,439.3,2.032323410357587,0.0,0.0,1.99625,0.9533662612544772,1.0,2925.519111058103,1000.0,2909.6720618880154,1000.0,0.30517649698319005,0.0
4455,1688569440000.0,0.0,0.0,439.3,2.032323410357587,0.0,0.0,1.99215,0.9533662612544772,1.0,2925.519111058103,1000.0,2907.870931888015,1000.0,0.30517649698319005,0.0
4456,1688573040000.0,0.0,0.0,439.3,2.032323410357587,0.0,0.0,1.9569,0.9533662612544772,1.0,2925.519111058103,1000.0,2892.3856068880154,1000.0,0.30517649698319005,0.0
4457,1688576640000.0,0.0,0.0,439.3,2.032323410357587,0.0,0.0,1.96075,0.9533662612544772,1.0,2925.519111058103,1000.0,2894.0769118880153,1000.0,0.30517649698319005,0.0
4458,1688580240000.0,0.0,0.0,439.3,2.032323410357587,0.0,0.0,1.9637,0.9533662612544772,1.0,2925.519111058103,1000.0,2895.3728468880154,1000.0,0.30517649698319005,0.0
4459,1688583840000.0,0.0,0.0,439.3,2.032323410357587,0.0,0.0,1.9632,0.9533662612544772,1.0,2925.519111058103,1000.0,2895.1531968880154,1000.0,0.30517649698319005,0.0
4460,1688587440000.0,0.0,0.0,439.3,2.032323410357587,0.0,0.0,1.9468,0.9533662612544772,1.0,2925.519111058103,1000.0,2887.948676888015,1000.0,0.30517649698319005,0.0
4461,1688591040000.0,0.0,0.0,439.3,2.032323410357587,0.0,0.0,1.95755,0.9533662612544772,1.0,2925.519111058103,1000.0,2892.671151888015,1000.0,0.30517649698319005,0.0
4462,1688594640000.0,0.0,0.0,439.3,2.032323410357587,0.0,0.0,1.9625,0.9533662612544772,1.0,2925.519111058103,1000.0,2894.8456868880153,1000.0,0.30517649698319005,0.0
4463,1688598240000.0,0.0,0.0,439.3,2.032323410357587,0.0,0.0,1.95855,0.9533662612544772,1.0,2925.519111058103,1000.0,2893.110451888015,1000.0,0.30517649698319005,0.0
4464,1688601840000.0,0.0,0.0,439.3,2.032323410357587,0.0,0.0,1.9653,0.9533662612544772,1.0,2925.519111058103,1000.0,2896.075726888015,1000.0,0.30517649698319005,0.0
4465,1688605440000.0,0.0,0.0,439.3,2.032323410357587,0.0,0.0,1.9542,0.9533662612544772,1.0,2925.519111058103,1000.0,2891.1994968880153,1000.0,0.30517649698319005,0.0
4466,1688609040000.0,0.0,0.0,1475.9,1.9621955289892599,0.0,0.0,1.96275,0.9533662612544772,1.0,2924.9267999952644,1000.0,2925.7451437600157,1000.0,0.9901117461264116,0.0
4467,1688612640000.0,0.0,0.0,1475.9,1.9621955289892599,0.0,0.0,1.958,0.9533662612544772,1.0,2924.9267999952644,1000.0,2918.7346187600156,1000.0,0.9901117461264116,0.0
4468,1688616240000.0,0.0,0.0,1475.9,1.9621955289892599,0.0,0.0,1.9592,0.9533662612544772,1.0,2924.9267999952644,1000.0,2920.505698760016,1000.0,0.9901117461264116,0.0
4469,1688619840000.0,0.0,0.0,1475.9,1.9621955289892599,0.0,0.0,1.9438,0.9533662612544772,1.0,2924.9267999952644,1000.0,2897.776838760016,1000.0,0.9901117461264116,0.0
4470,1688623440000.0,0.0,0.0,1475.9,1.9621955289892599,0.0,0.0,1.975,0.9533662612544772,1.0,2924.9267999952644,1000.0,2943.824918760016,1000.0,0.9901117461264116,0.0
4471,1688627040000.0,0.0,0.0,929.5,1.9621955289892599,0.0,0.0,1.99365,0.9533662612544772,1.0,2935.476740923533,1000.0,2964.713671728016,1000.0,0.6213167076982905,0.0
4472,1688630640000.0,0.0,0.0,86.8,1.9621955289892599,0.0,0.0,2.0213,0.9533662612544772,1.0,2978.564914696283,1000.0,2983.695182780015,1000.0,0.0571814201785274,0.0
4473,1688634240000.0,0.0,0.0,3.0,1.9621955289892599,0.0,0.0,2.0518,0.9533662612544772,1.0,2983.898549450983,1000.0,2984.167362864015,1000.0,0.001972783755684613,0.0
4474,1688637840000.0,0.0,0.0,0.2,1.9621955289892599,0.0,0.0,2.03015,0.9533662612544772,1.0,2984.163209977813,1000.0,2984.176800872015,1000.0,0.00013150725284920652,0.0
4475,1688641440000.0,0.0,0.0,0.0,1.9621955289892599,0.0,0.0,2.0363,0.9533662612544772,1.0,2984.176639682015,1000.0,2984.176639682015,1000.0,0.0,0.0
4476,1688645040000.0,0.0,0.0,74.3,2.0072,0.0,0.0,2.001,0.9533662612544772,1.0,2984.146812690015,1000.0,2983.6861526900148,1000.0,0.04997574494854176,0.0
4477,1688648640000.0,0.0,0.0,74.3,2.0072,0.0,0.0,1.9954,0.9533662612544772,1.0,2984.146812690015,1000.0,2983.270072690015,1000.0,0.04997574494854176,0.0
4478,1688652240000.0,0.0,0.0,74.3,2.0072,0.0,0.0,1.9724,0.9533662612544772,1.0,2984.146812690015,1000.0,2981.561172690015,1000.0,0.04997574494854176,0.0
4479,1688655840000.0,0.0,0.0,188.0,1.965046329787234,0.0,0.0,1.93625,0.9533662612544772,1.0,2984.1027539400147,1000.0,2978.689043940015,1000.0,0.12379892398551975,0.0
4480,1688659440000.0,0.0,0.0,188.0,1.965046329787234,0.0,0.0,1.96675,0.9533662612544772,1.0,2984.1027539400147,1000.0,2984.423043940015,1000.0,0.12379892398551975,0.0
4481,1688663040000.0,0.0,0.0,188.0,1.965046329787234,0.0,0.0,1.96655,0.9533662612544772,1.0,2984.1027539400147,1000.0,2984.3854439400147,1000.0,0.12379892398551975,0.0
4482,1688666640000.0,0.0,0.0,188.0,1.965046329787234,0.0,0.0,1.9793,0.9533662612544772,1.0,2984.1027539400147,1000.0,2986.7824439400147,1000.0,0.12379892398551975,0.0
4483,1688670240000.0,0.0,0.0,74.7,1.965046329787234,0.0,0.0,1.99135,0.9533662612544772,1.0,2986.2845414731214,1000.0,2988.249425638015,1000.0,0.04915437855854688,0.0
4484,1688673840000.0,0.0,0.0,74.7,1.965046329787234,0.0,0.0,1.96425,0.9533662612544772,1.0,2986.2845414731214,1000.0,2986.225055638015,1000.0,0.04915437855854688,0.0
4485,1688677440000.0,0.0,0.0,74.7,1.965046329787234,0.0,0.0,1.96675,0.9533662612544772,1.0,2986.2845414731214,1000.0,2986.411805638015,1000.0,0.04915437855854688,0.0
4486,1688681040000.0,0.0,0.0,74.7,1.965046329787234,0.0,0.0,1.9602,0.9533662612544772,1.0,2986.2845414731214,1000.0,2985.922520638015,1000.0,0.04915437855854688,0.0
4487,1688684640000.0,0.0,0.0,74.7,1.965046329787234,0.0,0.0,1.92835,0.9533662612544772,1.0,2986.2845414731214,1000.0,2983.543325638015,1000.0,0.04915437855854688,0.0
4488,1688688240000.0,0.0,0.0,189.0,1.9238340255825732,0.0,0.0,1.9037,0.9533662612544772,1.0,2986.2411783391212,1000.0,2982.435847504015,1000.0,0.12175996817421654,0.0
4489,1688691840000.0,0.0,0.0,189.0,1.9238340255825732,0.0,0.0,1.92545,0.9533662612544772,1.0,2986.2411783391212,1000.0,2986.5465975040147,1000.0,0.12175996817421654,0.0
4490,1688695440000.0,0.0,0.0,189.0,1.9238340255825732,0.0,0.0,1.92515,0.9533662612544772,1.0,2986.2411783391212,1000.0,2986.489897504015,1000.0,0.12175996817421654,0.0
4491,1688699040000.0,0.0,0.0,189.0,1.9238340255825732,0.0,0.0,1.93195,0.9533662612544772,1.0,2986.2411783391212,1000.0,2987.775097504015,1000.0,0.12175996817421654,0.0
4492,1688702640000.0,0.0,0.0,162.0,1.9238340255825732,0.0,0.0,1.95415,0.9533662612544772,1.0,2986.750866908392,1000.0,2991.662054764015,1000.0,0.10434787701827292,0.0
4493,1688706240000.0,0.0,0.0,138.9,1.9238340255825732,0.0,0.0,1.92445,0.9533662612544772,1.0,2987.1869337954345,1000.0,2987.272492642015,1000.0,0.08945558214995826,0.0
4494,1688709840000.0,0.0,0.0,75.1,1.9238340255825732,0.0,0.0,1.932,0.9533662612544772,1.0,2988.3913090072656,1000.0,2989.0045736860143,1000.0,0.04834706046888051,0.0
4495,1688713440000.0,0.0,0.0,75.1,1.9238340255825732,0.0,0.0,1.92695,0.9533662612544772,1.0,2988.3913090072656,1000.0,2988.6253186860145,1000.0,0.04834706046888051,0.0
4496,1688717040000.0,0.0,0.0,75.1,1.9238340255825732,0.0,0.0,1.90095,0.9533662612544772,1.0,2988.3913090072656,1000.0,2986.6727186860144,1000.0,0.04834706046888051,0.0
4497,1688720640000.0,0.0,0.0,75.1,1.9238340255825732,0.0,0.0,1.90995,0.9533662612544772,1.0,2988.3913090072656,1000.0,2987.3486186860146,1000.0,0.04834706046888051,0.0
4498,1688724240000.0,0.0,0.0,75.1,1.9238340255825732,0.0,0.0,1.91895,0.9533662612544772,1.0,2988.3913090072656,1000.0,2988.0245186860143,1000.0,0.04834706046888051,0.0
4499,1688727840000.0,0.0,0.0,75.1,1.9238340255825732,0.0,0.0,1.9182,0.9533662612544772,1.0,2988.3913090072656,1000.0,2987.9681936860143,1000.0,0.04834706046888051,0.0
4500,1688731440000.0,0.0,0.0,75.1,1.9238340255825732,0.0,0.0,1.9261,0.9533662612544772,1.0,2988.3913090072656,1000.0,2988.5614836860145,1000.0,0.04834706046888051,0.0
4501,1688735040000.0,0.0,0.0,77.8,1.922959445259778,0.0,0.0,1.92995,0.9533662612544772,1.0,2989.0264287592245,1000.0,2989.5702939180137,1000.0,0.050051830723796514,0.0
4502,1688738640000.0,0.0,0.0,42.1,1.922959445259778,0.0,0.0,1.9515,0.9533662612544772,1.0,2989.6994492554504,1000.0,2990.9010066100136,1000.0,0.027078505388091083,0.0
4503,1688742240000.0,0.0,0.0,10.2,1.922959445259778,0.0,0.0,1.9575,0.9533662612544772,1.0,2990.787654331664,1000.0,2991.139967990014,1000.0,0.0065582009184910915,0.0
4504,1688745840000.0,0.0,0.0,2.7,1.922959445259778,0.0,0.0,1.94565,0.9533662612544772,1.0,2990.929045192215,1000.0,2990.990309690014,1000.0,0.001735912294725712,0.0
4505,1688749440000.0,0.0,0.0,1.0,1.922959445259778,0.0,0.0,1.94525,0.9533662612544772,1.0,2990.9610937872735,1000.0,2990.983384342014,1000.0,0.0006429235904318804,0.0
4506,1688753040000.0,0.0,0.0,0.8,1.922959445259778,0.0,0.0,1.9496,0.9533662612544772,1.0,2990.9648642102215,1000.0,2990.986176654014,1000.0,0.0005143382239677482,0.0
4507,1688756640000.0,0.0,0.0,77.1,1.9393498263512565,0.0,0.0,1.9351,0.9533662612544772,1.0,2990.9371138616957,1000.0,2990.609452250014,1000.0,0.04999231542472211,0.0
4508,1688760240000.0,0.0,0.0,77.1,1.9393498263512565,0.0,0.0,1.93795,0.9533662612544772,1.0,2990.9371138616957,1000.0,2990.829187250014,1000.0,0.04999231542472211,0.0
4509,1688763840000.0,0.0,0.0,77.1,1.9393498263512565,0.0,0.0,1.94645,0.9533662612544772,1.0,2990.9371138616957,1000.0,2991.484537250014,1000.0,0.04999231542472211,0.0
4510,1688767440000.0,0.0,0.0,77.1,1.9393498263512565,0.0,0.0,1.94325,0.9533662612544772,1.0,2990.9371138616957,1000.0,2991.237817250014,1000.0,0.04999231542472211,0.0
4511,1688771040000.0,0.0,0.0,77.1,1.9393498263512565,0.0,0.0,1.95745,0.9533662612544772,1.0,2990.9371138616957,1000.0,2992.3326372500137,1000.0,0.04999231542472211,0.0
4512,1688774640000.0,0.0,0.0,66.1,1.9393498263512565,0.0,0.0,1.9472,0.9533662612544772,1.0,2991.1467564118316,1000.0,2991.6656528900135,1000.0,0.042856815115148515,0.0
4513,1688778240000.0,0.0,0.0,56.7,1.9393498263512565,0.0,0.0,1.9705,0.9533662612544772,1.0,2991.3259055001295,1000.0,2993.0921203460134,1000.0,0.03675999828434993,0.0
4514,1688781840000.0,0.0,0.0,33.8,1.9393498263512565,0.0,0.0,1.97195,0.9533662612544772,1.0,2992.0420072286856,1000.0,2993.143893098013,1000.0,0.02190812293821595,0.0
4515,1688785440000.0,0.0,0.0,19.6,1.9393498263512565,0.0,0.0,1.9786,0.9533662612544772,1.0,2992.5809630264976,1000.0,2993.350266430013,1000.0,0.012701830649234155,0.0
4516,1688789040000.0,0.0,0.0,11.5,1.9393498263512565,0.0,0.0,1.9649,0.9533662612544772,1.0,2992.8883955590527,1000.0,2993.182222556013,1000.0,0.007451839178544938,0.0
4517,1688792640000.0,0.0,0.0,76.5,1.9546288010572215,0.0,0.0,1.9513,0.9533662612544772,1.0,2992.8928231128907,1000.0,2992.6381698320133,1000.0,0.0499613959197353,0.0
4518,1688796240000.0,0.0,0.0,76.5,1.9546288010572215,0.0,0.0,1.95205,0.9533662612544772,1.0,2992.8928231128907,1000.0,2992.695544832013,1000.0,0.0499613959197353,0.0
4519,1688799840000.0,0.0,0.0,76.5,1.9546288010572215,0.0,0.0,1.9453,0.9533662612544772,1.0,2992.8928231128907,1000.0,2992.1791698320135,1000.0,0.0499613959197353,0.0
4520,1688803440000.0,0.0,0.0,76.5,1.9546288010572215,0.0,0.0,1.949,0.9533662612544772,1.0,2992.8928231128907,1000.0,2992.4622198320135,1000.0,0.0499613959197353,0.0
4521,1688807040000.0,0.0,0.0,76.5,1.9546288010572215,0.0,0.0,1.9613,0.9533662612544772,1.0,2992.8928231128907,1000.0,2993.403169832013,1000.0,0.0499613959197353,0.0
4522,1688810640000.0,0.0,0.0,76.5,1.9546288010572215,0.0,0.0,1.9553,0.9533662612544772,1.0,2992.8928231128907,1000.0,2992.9441698320134,1000.0,0.0499613959197353,0.0
4523,1688814240000.0,0.0,0.0,76.5,1.9546288010572215,0.0,0.0,1.9526,0.9533662612544772,1.0,2992.8928231128907,1000.0,2992.7376198320135,1000.0,0.0499613959197353,0.0
4524,1688817840000.0,0.0,0.0,76.5,1.9546288010572215,0.0,0.0,1.9469,0.9533662612544772,1.0,2992.8928231128907,1000.0,2992.3015698320132,1000.0,0.0499613959197353,0.0
4525,1688821440000.0,0.0,0.0,76.5,1.9546288010572215,0.0,0.0,1.93615,0.9533662612544772,1.0,2992.8928231128907,1000.0,2991.4791948320135,1000.0,0.0499613959197353,0.0
4526,1688825040000.0,0.0,0.0,76.5,1.9546288010572215,0.0,0.0,1.93275,0.9533662612544772,1.0,2992.8928231128907,1000.0,2991.219094832013,1000.0,0.0499613959197353,0.0
4527,1688828640000.0,0.0,0.0,76.5,1.9546288010572215,0.0,0.0,1.93215,0.9533662612544772,1.0,2992.8928231128907,1000.0,2991.1731948320135,1000.0,0.0499613959197353,0.0
4528,1688832240000.0,0.0,0.0,76.5,1.9546288010572215,0.0,0.0,1.92715,0.9533662612544772,1.0,2992.8928231128907,1000.0,2990.7906948320133,1000.0,0.0499613959197353,0.0
4529,1688835840000.0,0.0,0.0,76.5,1.9546288010572215,0.0,0.0,1.9458,0.9533662612544772,1.0,2992.8928231128907,1000.0,2992.217419832013,1000.0,0.0499613959197353,0.0
4530,1688839440000.0,0.0,0.0,76.5,1.9546288010572215,0.0,0.0,1.93675,0.9533662612544772,1.0,2992.8928231128907,1000.0,2991.525094832013,1000.0,0.0499613959197353,0.0
4531,1688843040000.0,0.0,0.0,76.5,1.9546288010572215,0.0,0.0,1.93545,0.9533662612544772,1.0,2992.8928231128907,1000.0,2991.4256448320134,1000.0,0.0499613959197353,0.0
4532,1688846640000.0,0.0,0.0,76.5,1.9546288010572215,0.0,0.0,1.91755,0.9533662612544772,1.0,2992.8928231128907,1000.0,2990.0562948320135,1000.0,0.0499613959197353,0.0
4533,1688850240000.0,0.0,0.0,76.5,1.9546288010572215,0.0,0.0,1.9254,0.9533662612544772,1.0,2992.8928231128907,1000.0,2990.6568198320133,1000.0,0.0499613959197353,0.0
4534,1688853840000.0,0.0,0.0,76.5,1.9546288010572215,0.0,0.0,1.93,0.9533662612544772,1.0,2992.8928231128907,1000.0,2991.0087198320134,1000.0,0.0499613959197353,0.0
4535,1688857440000.0,0.0,0.0,76.5,1.9546288010572215,0.0,0.0,1.94015,0.9533662612544772,1.0,2992.8928231128907,1000.0,2991.785194832013,1000.0,0.0499613959197353,0.0
4536,1688861040000.0,0.0,0.0,76.5,1.9546288010572215,0.0,0.0,1.9393,0.9533662612544772,1.0,2992.8928231128907,1000.0,2991.720169832013,1000.0,0.0499613959197353,0.0
4537,1688864640000.0,0.0,0.0,76.5,1.9546288010572215,0.0,0.0,1.97085,0.9533662612544772,1.0,2992.8928231128907,1000.0,2994.1337448320132,1000.0,0.0499613959197353,0.0
4538,1688868240000.0,0.0,0.0,76.5,1.9546288010572215,0.0,0.0,1.96015,0.9533662612544772,1.0,2992.8928231128907,1000.0,2993.3151948320133,1000.0,0.0499613959197353,0.0
4539,1688871840000.0,0.0,0.0,76.5,1.9546288010572215,0.0,0.0,1.956,0.9533662612544772,1.0,2992.8928231128907,1000.0,2992.9977198320134,1000.0,0.0499613959197353,0.0
4540,1688875440000.0,0.0,0.0,76.5,1.9546288010572215,0.0,0.0,1.96,0.9533662612544772,1.0,2992.8928231128907,1000.0,2993.3037198320135,1000.0,0.0499613959197353,0.0
4541,1688879040000.0,0.0,0.0,76.5,1.9546288010572215,0.0,0.0,1.9574,0.9533662612544772,1.0,2992.8928231128907,1000.0,2993.104819832013,1000.0,0.0499613959197353,0.0
4542,1688882640000.0,0.0,0.0,76.5,1.9546288010572215,0.0,0.0,1.9572,0.9533662612544772,1.0,2992.8928231128907,1000.0,2993.089519832013,1000.0,0.0499613959197353,0.0
4543,1688886240000.0,0.0,0.0,76.5,1.9546288010572215,0.0,0.0,1.9481,0.9533662612544772,1.0,2992.8928231128907,1000.0,2992.3933698320134,1000.0,0.0499613959197353,0.0
4544,1688889840000.0,0.0,0.0,76.5,1.9546288010572215,0.0,0.0,1.9569,0.9533662612544772,1.0,2992.8928231128907,1000.0,2993.066569832013,1000.0,0.0499613959197353,0.0
4545,1688893440000.0,0.0,0.0,76.5,1.9546288010572215,0.0,0.0,1.9624,0.9533662612544772,1.0,2992.8928231128907,1000.0,2993.4873198320133,1000.0,0.0499613959197353,0.0
4546,1688897040000.0,0.0,0.0,76.5,1.9546288010572215,0.0,0.0,1.9606,0.9533662612544772,1.0,2992.8928231128907,1000.0,2993.349619832013,1000.0,0.0499613959197353,0.0
4547,1688900640000.0,0.0,0.0,76.5,1.9546288010572215,0.0,0.0,1.952,0.9533662612544772,1.0,2992.8928231128907,1000.0,2992.6917198320134,1000.0,0.0499613959197353,0.0
4548,1688904240000.0,0.0,0.0,76.5,1.9546288010572215,0.0,0.0,1.9498,0.9533662612544772,1.0,2992.8928231128907,1000.0,2992.523419832013,1000.0,0.0499613959197353,0.0
4549,1688907840000.0,0.0,0.0,76.5,1.9546288010572215,0.0,0.0,1.95945,0.9533662612544772,1.0,2992.8928231128907,1000.0,2993.261644832013,1000.0,0.0499613959197353,0.0
4550,1688911440000.0,0.0,0.0,76.5,1.9546288010572215,0.0,0.0,1.94595,0.9533662612544772,1.0,2992.8928231128907,1000.0,2992.2288948320133,1000.0,0.0499613959197353,0.0
4551,1688915040000.0,0.0,0.0,76.5,1.9546288010572215,0.0,0.0,1.9514,0.9533662612544772,1.0,2992.8928231128907,1000.0,2992.6458198320133,1000.0,0.0499613959197353,0.0
4552,1688918640000.0,0.0,0.0,76.5,1.9546288010572215,0.0,0.0,1.9524,0.9533662612544772,1.0,2992.8928231128907,1000.0,2992.7223198320135,1000.0,0.0499613959197353,0.0
4553,1688922240000.0,0.0,0.0,76.5,1.9546288010572215,0.0,0.0,1.9454,0.9533662612544772,1.0,2992.8928231128907,1000.0,2992.186819832013,1000.0,0.0499613959197353,0.0
4554,1688925840000.0,0.0,0.0,76.5,1.9546288010572215,0.0,0.0,1.95175,0.9533662612544772,1.0,2992.8928231128907,1000.0,2992.672594832013,1000.0,0.0499613959197353,0.0
4555,1688929440000.0,0.0,0.0,76.5,1.9546288010572215,0.0,0.0,1.9434,0.9533662612544772,1.0,2992.8928231128907,1000.0,2992.0338198320133,1000.0,0.0499613959197353,0.0
4556,1688933040000.0,0.0,0.0,76.5,1.9546288010572215,0.0,0.0,1.9424,0.9533662612544772,1.0,2992.8928231128907,1000.0,2991.957319832013,1000.0,0.0499613959197353,0.0
4557,1688936640000.0,0.0,0.0,76.5,1.9546288010572215,0.0,0.0,1.93955,0.9533662612544772,1.0,2992.8928231128907,1000.0,2991.7392948320135,1000.0,0.0499613959197353,0.0
4558,1688940240000.0,0.0,0.0,76.5,1.9546288010572215,0.0,0.0,1.92735,0.9533662612544772,1.0,2992.8928231128907,1000.0,2990.8059948320133,1000.0,0.0499613959197353,0.0
4559,1688943840000.0,0.0,0.0,76.5,1.9546288010572215,0.0,0.0,1.9287,0.9533662612544772,1.0,2992.8928231128907,1000.0,2990.9092698320133,1000.0,0.0499613959197353,0.0
4560,1688947440000.0,0.0,0.0,76.5,1.9546288010572215,0.0,0.0,1.91965,0.9533662612544772,1.0,2992.8928231128907,1000.0,2990.2169448320133,1000.0,0.0499613959197353,0.0
4561,1688951040000.0,0.0,0.0,193.6,1.9135417008309785,0.0,0.0,1.88155,0.9533662612544772,1.0,2992.8486365988906,1000.0,2986.655043318013,1000.0,0.12378229515204436,0.0
4562,1688954640000.0,0.0,0.0,193.6,1.9135417008309785,0.0,0.0,1.8653,0.9533662612544772,1.0,2992.8486365988906,1000.0,2983.509043318013,1000.0,0.12378229515204436,0.0
4563,1688958240000.0,0.0,0.0,193.6,1.9135417008309785,0.0,0.0,1.8855,0.9533662612544772,1.0,2992.8486365988906,1000.0,2987.4197633180133,1000.0,0.12378229515204436,0.0
4564,1688961840000.0,0.0,0.0,193.6,1.9135417008309785,0.0,0.0,1.8781,0.9533662612544772,1.0,2992.8486365988906,1000.0,2985.9871233180133,1000.0,0.12378229515204436,0.0
4565,1688965440000.0,0.0,0.0,193.6,1.9135417008309785,0.0,0.0,1.88835,0.9533662612544772,1.0,2992.8486365988906,1000.0,2987.971523318013,1000.0,0.12378229515204436,0.0
4566,1688969040000.0,0.0,0.0,193.6,1.9135417008309785,0.0,0.0,1.8666,0.9533662612544772,1.0,2992.8486365988906,1000.0,2983.7607233180133,1000.0,0.12378229515204436,0.0
4567,1688972640000.0,0.0,0.0,193.6,1.9135417008309785,0.0,0.0,1.8685,0.9533662612544772,1.0,2992.8486365988906,1000.0,2984.128563318013,1000.0,0.12378229515204436,0.0
4568,1688976240000.0,0.0,0.0,193.6,1.9135417008309785,0.0,0.0,1.8667,0.9533662612544772,1.0,2992.8486365988906,1000.0,2983.780083318013,1000.0,0.12378229515204436,0.0
4569,1688979840000.0,0.0,0.0,193.6,1.9135417008309785,0.0,0.0,1.85175,0.9533662612544772,1.0,2992.8486365988906,1000.0,2980.8857633180132,1000.0,0.12378229515204436,0.0
4570,1688983440000.0,0.0,0.0,193.6,1.9135417008309785,0.0,0.0,1.87965,0.9533662612544772,1.0,2992.8486365988906,1000.0,2986.2872033180133,1000.0,0.12378229515204436,0.0
4571,1688987040000.0,0.0,0.0,193.6,1.9135417008309785,0.0,0.0,1.8829,0.9533662612544772,1.0,2992.8486365988906,1000.0,2986.916403318013,1000.0,0.12378229515204436,0.0
4572,1688990640000.0,0.0,0.0,193.6,1.9135417008309785,0.0,0.0,1.9006,0.9533662612544772,1.0,2992.8486365988906,1000.0,2990.343123318013,1000.0,0.12378229515204436,0.0
4573,1688994240000.0,0.0,0.0,193.6,1.9135417008309785,0.0,0.0,1.88125,0.9533662612544772,1.0,2992.8486365988906,1000.0,2986.596963318013,1000.0,0.12378229515204436,0.0
4574,1688997840000.0,0.0,0.0,193.6,1.9135417008309785,0.0,0.0,1.8888,0.9533662612544772,1.0,2992.8486365988906,1000.0,2988.0586433180133,1000.0,0.12378229515204436,0.0
4575,1689001440000.0,0.0,0.0,193.6,1.9135417008309785,0.0,0.0,1.9056,0.9533662612544772,1.0,2992.8486365988906,1000.0,2991.311123318013,1000.0,0.12378229515204436,0.0
4576,1689005040000.0,0.0,0.0,193.6,1.9135417008309785,0.0,0.0,1.90735,0.9533662612544772,1.0,2992.8486365988906,1000.0,2991.6499233180134,1000.0,0.12378229515204436,0.0
4577,1689008640000.0,0.0,0.0,193.6,1.9135417008309785,0.0,0.0,1.91895,0.9533662612544772,1.0,2992.8486365988906,1000.0,2993.895683318013,1000.0,0.12378229515204436,0.0
4578,1689012240000.0,0.0,0.0,193.6,1.9135417008309785,0.0,0.0,1.9079,0.9533662612544772,1.0,2992.8486365988906,1000.0,2991.7564033180133,1000.0,0.12378229515204436,0.0
4579,1689015840000.0,0.0,0.0,104.6,1.9135417008309785,0.0,0.0,1.9298,0.9533662612544772,1.0,2994.519323164933,1000.0,2996.219941258013,1000.0,0.06684093181785625,0.0
4580,1689019440000.0,0.0,0.0,34.8,1.9135417008309785,0.0,0.0,1.9536,0.9533662612544772,1.0,2995.9585961489315,1000.0,2997.3526249600136,1000.0,0.022227026526506693,0.0
4581,1689023040000.0,0.0,0.0,19.0,1.9135417008309785,0.0,0.0,1.93015,0.9533662612544772,1.0,2996.2551899438017,1000.0,2996.570747628013,1000.0,0.012134244251895819,0.0
4582,1689026640000.0,0.0,0.0,78.2,1.915622767390943,0.0,0.0,1.8969,0.9533662612544772,1.0,2996.3612244179853,1000.0,2994.8971040080137,1000.0,0.04999453977351122,0.0
4583,1689030240000.0,0.0,0.0,78.2,1.915622767390943,0.0,0.0,1.90535,0.9533662612544772,1.0,2996.3612244179853,1000.0,2995.5578940080136,1000.0,0.04999453977351122,0.0
4584,1689033840000.0,0.0,0.0,78.2,1.915622767390943,0.0,0.0,1.897,0.9533662612544772,1.0,2996.3612244179853,1000.0,2994.9049240080135,1000.0,0.04999453977351122,0.0
4585,1689037440000.0,0.0,0.0,78.2,1.915622767390943,0.0,0.0,1.8986,0.9533662612544772,1.0,2996.3612244179853,1000.0,2995.0300440080136,1000.0,0.04999453977351122,0.0
4586,1689041040000.0,0.0,0.0,78.2,1.915622767390943,0.0,0.0,1.9154,0.9533662612544772,1.0,2996.3612244179853,1000.0,2996.3438040080136,1000.0,0.04999453977351122,0.0
4587,1689044640000.0,0.0,0.0,78.2,1.915622767390943,0.0,0.0,1.9201,0.9533662612544772,1.0,2996.3612244179853,1000.0,2996.7113440080134,1000.0,0.04999453977351122,0.0
4588,1689048240000.0,0.0,0.0,49.4,1.915622767390943,0.0,0.0,1.9396,0.9533662612544772,1.0,2996.9023842691254,1000.0,2998.0868595600127,1000.0,0.03157652555046135,0.0
4589,1689051840000.0,0.0,0.0,26.8,1.915622767390943,0.0,0.0,1.9461,0.9533662612544772,1.0,2997.32704443009,1000.0,2998.143834264013,1000.0,0.017128157656829464,0.0
4590,1689055440000.0,0.0,0.0,22.4,1.915622767390943,0.0,0.0,1.95985,0.9533662612544772,1.0,2997.49198517357,1000.0,2998.482675184013,1000.0,0.014315284311618407,0.0
4591,1689059040000.0,0.0,0.0,14.4,1.915622767390943,0.0,0.0,1.9792,0.9533662612544772,1.0,2997.941447514442,1000.0,2998.8569596640127,1000.0,0.009201303071912878,0.0
4592,1689062640000.0,0.0,0.0,8.7,1.915622767390943,0.0,0.0,2.0042,0.9533662612544772,1.0,2998.315908586314,1000.0,2999.086530510013,1000.0,0.005558426324782792,0.0
4593,1689066240000.0,0.0,0.0,0.4,1.915622767390943,0.0,0.0,1.9753,0.9533662612544772,1.0,2998.937404722968,1000.0,2998.961275616012,1000.0,0.0002555068691162498,0.0
4594,1689069840000.0,0.0,0.0,0.0,1.915622767390943,0.0,0.0,1.97045,0.9533662612544772,1.0,2998.959877840012,1000.0,2998.959877840012,1000.0,0.0,0.0
4595,1689073440000.0,0.0,0.0,0.0,1.915622767390943,0.0,0.0,1.9685,0.9533662612544772,1.0,2998.959877840012,1000.0,2998.959877840012,1000.0,0.0,0.0
4596,1689077040000.0,0.0,0.0,0.0,1.915622767390943,0.0,0.0,1.96055,0.9533662612544772,1.0,2998.959877840012,1000.0,2998.959877840012,1000.0,0.0,0.0
4597,1689080640000.0,0.0,0.0,76.6,1.9585,0.0,0.0,1.9698,0.9533662612544772,1.0,2998.9298736200117,1000.0,2999.795453620012,1000.0,0.05002487764707527,0.0
4598,1689084240000.0,0.0,0.0,65.6,1.9588941176470587,0.0,0.0,1.9732,0.9533662612544772,1.0,2999.519313883659,1000.0,3000.4577797660118,1000.0,0.042841349119791414,0.0
4599,1689087840000.0,0.0,0.0,65.6,1.9588941176470587,0.0,0.0,1.97015,0.9533662612544772,1.0,2999.519313883659,1000.0,3000.2576997660117,1000.0,0.042841349119791414,0.0
4600,1689091440000.0,0.0,0.0,76.4,1.9610386279642744,0.0,0.0,1.9667,0.9533662612544772,1.0,3000.0814838504825,1000.0,3000.514012674012,1000.0,0.0499397606308274,0.0
4601,1689095040000.0,0.0,0.0,76.4,1.9610386279642744,0.0,0.0,1.9664,0.9533662612544772,1.0,3000.0814838504825,1000.0,3000.491092674012,1000.0,0.0499397606308274,0.0
4602,1689098640000.0,0.0,0.0,76.4,1.9610386279642744,0.0,0.0,1.96325,0.9533662612544772,1.0,3000.0814838504825,1000.0,3000.250432674012,1000.0,0.0499397606308274,0.0
4603,1689102240000.0,0.0,0.0,76.4,1.9610386279642744,0.0,0.0,1.95825,0.9533662612544772,1.0,3000.0814838504825,1000.0,2999.868432674012,1000.0,0.0499397606308274,0.0
4604,1689105840000.0,0.0,0.0,76.4,1.9610386279642744,0.0,0.0,1.9692,0.9533662612544772,1.0,3000.0814838504825,1000.0,3000.705012674012,1000.0,0.0499397606308274,0.0
4605,1689109440000.0,0.0,0.0,65.5,1.9610386279642744,0.0,0.0,1.97805,0.9533662612544772,1.0,3000.291474879672,1000.0,3001.405719748012,1000.0,0.04281185051756061,0.0
4606,1689113040000.0,0.0,0.0,16.6,1.9610386279642744,0.0,0.0,1.9826,0.9533662612544772,1.0,3001.233544726218,1000.0,3001.5914635020113,1000.0,0.010846620477573185,0.0
4607,1689116640000.0,0.0,0.0,5.8,1.9610386279642744,0.0,0.0,1.99275,0.9533662612544772,1.0,3001.441609232203,1000.0,3001.6255351900104,1000.0,0.0037895203448926576,0.0
4608,1689120240000.0,0.0,0.0,5.8,1.9610386279642744,0.0,0.0,1.99555,0.9533662612544772,1.0,3001.441609232203,1000.0,3001.6417751900103,1000.0,0.0037895203448926576,0.0
4609,1689123840000.0,0.0,0.0,3.0,1.9610386279642744,0.0,0.0,2.0079,0.9533662612544772,1.0,3001.549021185903,1000.0,3001.68960530201,1000.0,0.0019600265870615106,0.0
4610,1689127440000.0,0.0,0.0,0.6,1.9610386279642744,0.0,0.0,2.01765,0.9533662612544772,1.0,3001.687159358789,1000.0,3001.7211261820103,1000.0,0.000391987277258404,0.0
4611,1689131040000.0,0.0,0.0,0.0,1.9610386279642744,0.0,0.0,2.00275,0.9533662612544772,1.0,3001.7216939020104,1000.0,3001.7216939020104,1000.0,0.0,0.0
4612,1689134640000.0,0.0,0.0,0.0,1.9610386279642744,0.0,0.0,2.01115,0.9533662612544772,1.0,3001.7216939020104,1000.0,3001.7216939020104,1000.0,0.0,0.0
4613,1689138240000.0,0.0,0.0,0.0,1.9610386279642744,0.0,0.0,2.02985,0.9533662612544772,1.0,3001.7216939020104,1000.0,3001.7216939020104,1000.0,0.0,0.0
4614,1689141840000.0,0.0,0.0,0.0,1.9610386279642744,0.0,0.0,2.02395,0.9533662612544772,1.0,3001.7216939020104,1000.0,3001.7216939020104,1000.0,0.0,0.0
4615,1689145440000.0,0.0,0.0,0.0,1.9610386279642744,0.0,0.0,2.0359,0.9533662612544772,1.0,3001.7216939020104,1000.0,3001.7216939020104,1000.0,0.0,0.0
4616,1689149040000.0,0.0,0.0,0.0,1.9610386279642744,0.0,0.0,2.0159,0.9533662612544772,1.0,3001.7216939020104,1000.0,3001.7216939020104,1000.0,0.0,0.0
4617,1689152640000.0,0.0,0.0,74.5,2.0139,0.0,0.0,2.0214,0.9533662612544772,1.0,3001.6916867920104,1000.0,3002.2504367920105,1000.0,0.04998366443168821,0.0
4618,1689156240000.0,0.0,0.0,74.5,2.0139,0.0,0.0,2.00615,0.9533662612544772,1.0,3001.6916867920104,1000.0,3001.1143117920105,1000.0,0.04998366443168821,0.0
4619,1689159840000.0,0.0,0.0,74.5,2.0139,0.0,0.0,1.99795,0.9533662612544772,1.0,3001.6916867920104,1000.0,3000.5034117920104,1000.0,0.04998366443168821,0.0
4620,1689163440000.0,0.0,0.0,74.5,2.0139,0.0,0.0,1.9964,0.9533662612544772,1.0,3001.6916867920104,1000.0,3000.3879367920104,1000.0,0.04998366443168821,0.0
4621,1689167040000.0,0.0,0.0,74.5,2.0139,0.0,0.0,2.0,0.9533662612544772,1.0,3001.6916867920104,1000.0,3000.6561367920103,1000.0,0.04998366443168821,0.0
4622,1689170640000.0,0.0,0.0,74.5,2.0139,0.0,0.0,2.01115,0.9533662612544772,1.0,3001.6916867920104,1000.0,3001.4868117920105,1000.0,0.04998366443168821,0.0
4623,1689174240000.0,0.0,0.0,74.5,2.0139,0.0,0.0,2.00995,0.9533662612544772,1.0,3001.6916867920104,1000.0,3001.39741179201,1000.0,0.04998366443168821,0.0
4624,1689177840000.0,0.0,0.0,74.5,2.0139,0.0,0.0,1.9971,0.9533662612544772,1.0,3001.6916867920104,1000.0,3000.4400867920103,1000.0,0.04998366443168821,0.0
4625,1689181440000.0,0.0,0.0,74.5,2.0139,0.0,0.0,2.0069,0.9533662612544772,1.0,3001.6916867920104,1000.0,3001.1701867920106,1000.0,0.04998366443168821,0.0
4626,1689185040000.0,0.0,0.0,74.5,2.0139,0.0,0.0,1.9832,0.9533662612544772,1.0,3001.6916867920104,1000.0,2999.4045367920103,1000.0,0.04998366443168821,0.0
4627,1689188640000.0,0.0,0.0,74.5,2.0139,0.0,0.0,1.96325,0.9533662612544772,1.0,3001.6916867920104,1000.0,2997.9182617920105,1000.0,0.04998366443168821,0.0
4628,1689192240000.0,0.0,0.0,188.5,1.9715657824933688,0.0,0.0,1.92575,0.9533662612544772,1.0,3001.6473658720106,1000.0,2993.0110908720108,1000.0,0.12381206207812974,0.0
4629,1689195840000.0,0.0,0.0,188.5,1.9715657824933688,0.0,0.0,1.9425,0.9533662612544772,1.0,3001.6473658720106,1000.0,2996.1684658720105,1000.0,0.12381206207812974,0.0
4630,1689199440000.0,0.0,0.0,188.5,1.9715657824933688,0.0,0.0,1.92785,0.9533662612544772,1.0,3001.6473658720106,1000.0,2993.4069408720106,1000.0,0.12381206207812974,0.0
4631,1689203040000.0,0.0,0.0,188.5,1.9715657824933688,0.0,0.0,1.9284,0.9533662612544772,1.0,3001.6473658720106,1000.0,2993.5106158720105,1000.0,0.12381206207812974,0.0
4632,1689206640000.0,0.0,0.0,188.5,1.9715657824933688,0.0,0.0,1.94025,0.9533662612544772,1.0,3001.6473658720106,1000.0,2995.7443408720105,1000.0,0.12381206207812974,0.0
4633,1689210240000.0,0.0,0.0,188.5,1.9715657824933688,0.0,0.0,1.9271,0.9533662612544772,1.0,3001.6473658720106,1000.0,2993.2655658720105,1000.0,0.12381206207812974,0.0
4634,1689213840000.0,0.0,0.0,188.5,1.9715657824933688,0.0,0.0,1.9209,0.9533662612544772,1.0,3001.6473658720106,1000.0,2992.0968658720108,1000.0,0.12381206207812974,0.0
4635,1689217440000.0,0.0,0.0,188.5,1.9715657824933688,0.0,0.0,1.92,0.9533662612544772,1.0,3001.6473658720106,1000.0,2991.9272158720105,1000.0,0.12381206207812974,0.0
4636,1689221040000.0,0.0,0.0,188.5,1.9715657824933688,0.0,0.0,1.9144,0.9533662612544772,1.0,3001.6473658720106,1000.0,2990.871615872011,1000.0,0.12381206207812974,0.0
4637,1689224640000.0,0.0,0.0,188.5,1.9715657824933688,0.0,0.0,1.92345,0.9533662612544772,1.0,3001.6473658720106,1000.0,2992.5775408720106,1000.0,0.12381206207812974,0.0
4638,1689228240000.0,0.0,0.0,188.5,1.9715657824933688,0.0,0.0,1.93905,0.9533662612544772,1.0,3001.6473658720106,1000.0,2995.5181408720105,1000.0,0.12381206207812974,0.0
4639,1689231840000.0,0.0,0.0,188.5,1.9715657824933688,0.0,0.0,1.9563,0.9533662612544772,1.0,3001.6473658720106,1000.0,2998.769765872011,1000.0,0.12381206207812974,0.0
4640,1689235440000.0,0.0,0.0,188.5,1.9715657824933688,0.0,0.0,1.9505,0.9533662612544772,1.0,3001.6473658720106,1000.0,2997.6764658720103,1000.0,0.12381206207812974,0.0
4641,1689239040000.0,0.0,0.0,188.5,1.9715657824933688,0.0,0.0,1.9608,0.9533662612544772,1.0,3001.6473658720106,1000.0,2999.618015872011,1000.0,0.12381206207812974,0.0
4642,1689242640000.0,0.0,0.0,188.5,1.9715657824933688,0.0,0.0,1.97455,0.9533662612544772,1.0,3001.6473658720106,1000.0,3002.2098908720104,1000.0,0.12381206207812974,0.0
4643,1689246240000.0,0.0,0.0,138.6,1.9715657824933688,0.0,0.0,1.988,0.9533662612544772,1.0,3002.612230151592,1000.0,3004.890012698011,1000.0,0.09100709532505466,0.0
4644,1689249840000.0,0.0,0.0,55.2,1.9715657824933688,0.0,0.0,1.98465,0.9533662612544772,1.0,3004.224849007645,1000.0,3004.947097814011,1000.0,0.03622579422761343,0.0
4645,1689253440000.0,0.0,0.0,55.2,1.9715657824933688,0.0,0.0,1.97275,0.9533662612544772,1.0,3004.224849007645,1000.0,3004.290217814011,1000.0,0.03622579422761343,0.0
4646,1689257040000.0,0.0,0.0,55.2,1.9715657824933688,0.0,0.0,1.9752,0.9533662612544772,1.0,3004.224849007645,1000.0,3004.4254578140108,1000.0,0.03622579422761343,0.0
4647,1689260640000.0,0.0,0.0,76.4,1.9701600941575124,0.0,0.0,1.96845,0.9533662612544772,1.0,3004.216511047645,1000.0,3004.085859854011,1000.0,0.05010299046027938,0.0
4648,1689264240000.0,0.0,0.0,14.8,1.9701600941575124,0.0,0.0,2.00705,0.9533662612544772,1.0,3006.466122007542,1000.0,3007.0120926140107,1000.0,0.009698552456683242,0.0
4649,1689267840000.0,0.0,0.0,2.1,1.9701600941575124,0.0,0.0,2.0445,0.9533662612544772,1.0,3007.1677432517417,1000.0,3007.323857054011,1000.0,0.001375824879411931,0.0
4650,1689271440000.0,0.0,0.0,0.0,1.9701600941575124,0.0,0.0,2.08735,0.9533662612544772,1.0,3007.3660097600105,1000.0,3007.3660097600105,1000.0,0.0,0.0
4651,1689275040000.0,0.0,0.0,0.0,1.9701600941575124,0.0,0.0,2.07525,0.9533662612544772,1.0,3007.3660097600105,1000.0,3007.3660097600105,1000.0,0.0,0.0
4652,1689278640000.0,0.0,0.0,0.0,1.9701600941575124,0.0,0.0,2.08905,0.9533662612544772,1.0,3007.3660097600105,1000.0,3007.3660097600105,1000.0,0.0,0.0
4653,1689282240000.0,0.0,0.0,0.0,1.9701600941575124,0.0,0.0,2.05565,0.9533662612544772,1.0,3007.3660097600105,1000.0,3007.3660097600105,1000.0,0.0,0.0
4654,1689285840000.0,0.0,0.0,0.0,1.9701600941575124,0.0,0.0,2.05905,0.9533662612544772,1.0,3007.3660097600105,1000.0,3007.3660097600105,1000.0,0.0,0.0
4655,1689289440000.0,0.0,0.0,0.0,1.9701600941575124,0.0,0.0,2.0854,0.9533662612544772,1.0,3007.3660097600105,1000.0,3007.3660097600105,1000.0,0.0,0.0
4656,1689293040000.0,0.0,0.0,0.0,1.9701600941575124,0.0,0.0,2.1304,0.9533662612544772,1.0,3007.3660097600105,1000.0,3007.3660097600105,1000.0,0.0,0.0
4657,1689296640000.0,0.0,0.0,0.0,1.9701600941575124,0.0,0.0,2.186,0.9533662612544772,1.0,3007.3660097600105,1000.0,3007.3660097600105,1000.0,0.0,0.0
4658,1689300240000.0,0.0,0.0,0.0,1.9701600941575124,0.0,0.0,2.23515,0.9533662612544772,1.0,3007.3660097600105,1000.0,3007.3660097600105,1000.0,0.0,0.0
4659,1689303840000.0,0.0,0.0,0.0,1.9701600941575124,0.0,0.0,2.21035,0.9533662612544772,1.0,3007.3660097600105,1000.0,3007.3660097600105,1000.0,0.0,0.0
4660,1689307440000.0,0.0,0.0,0.0,1.9701600941575124,0.0,0.0,2.19065,0.9533662612544772,1.0,3007.3660097600105,1000.0,3007.3660097600105,1000.0,0.0,0.0
4661,1689311040000.0,0.0,0.0,0.0,1.9701600941575124,0.0,0.0,2.1909,0.9533662612544772,1.0,3007.3660097600105,1000.0,3007.3660097600105,1000.0,0.0,0.0
4662,1689314640000.0,0.0,0.0,0.0,1.9701600941575124,0.0,0.0,2.1725,0.9533662612544772,1.0,3007.3660097600105,1000.0,3007.3660097600105,1000.0,0.0,0.0
4663,1689318240000.0,0.0,0.0,0.0,1.9701600941575124,0.0,0.0,2.165,0.9533662612544772,1.0,3007.3660097600105,1000.0,3007.3660097600105,1000.0,0.0,0.0
4664,1689321840000.0,0.0,0.0,69.8,2.1546,0.0,0.0,2.1495,0.9533662612544772,1.0,3007.3359315440102,1000.0,3006.9799515440104,1000.0,0.05000807472904665,0.0
4665,1689325440000.0,0.0,0.0,69.8,2.1546,0.0,0.0,2.1547,0.9533662612544772,1.0,3007.3359315440102,1000.0,3007.3429115440103,1000.0,0.05000807472904665,0.0
4666,1689329040000.0,0.0,0.0,69.8,2.1546,0.0,0.0,2.136,0.9533662612544772,1.0,3007.3359315440102,1000.0,3006.0376515440103,1000.0,0.05000807472904665,0.0
4667,1689332640000.0,0.0,0.0,69.8,2.1546,0.0,0.0,2.1199,0.9533662612544772,1.0,3007.3359315440102,1000.0,3004.9138715440104,1000.0,0.05000807472904665,0.0
4668,1689336240000.0,0.0,0.0,69.8,2.1546,0.0,0.0,2.1224,0.9533662612544772,1.0,3007.3359315440102,1000.0,3005.0883715440104,1000.0,0.05000807472904665,0.0
4669,1689339840000.0,0.0,0.0,69.8,2.1546,0.0,0.0,2.10535,0.9533662612544772,1.0,3007.3359315440102,1000.0,3003.8982815440104,1000.0,0.05000807472904665,0.0
4670,1689343440000.0,0.0,0.0,69.8,2.1546,0.0,0.0,2.12655,0.9533662612544772,1.0,3007.3359315440102,1000.0,3005.37804154401,1000.0,0.05000807472904665,0.0
4671,1689347040000.0,0.0,0.0,69.8,2.1546,0.0,0.0,2.14505,0.9533662612544772,1.0,3007.3359315440102,1000.0,3006.6693415440104,1000.0,0.05000807472904665,0.0
4672,1689350640000.0,0.0,0.0,51.4,2.1546,0.0,0.0,2.14,0.9533662612544772,1.0,3007.72536312801,1000.0,3006.9749231280102,1000.0,0.036820662337609375,0.0
4673,1689354240000.0,0.0,0.0,60.4,2.14499955933626,0.0,0.0,2.1138,0.9533662612544772,1.0,3008.46474569192,1000.0,3006.58029230801,1000.0,0.043064481167490926,0.0
4674,1689357840000.0,0.0,0.0,152.8,2.1004325483240187,0.0,0.0,2.07545,0.9533662612544772,1.0,3008.4264680679203,1000.0,3004.6091346840103,1000.0,0.10668237924060978,0.0
4675,1689361440000.0,0.0,0.0,386.6,2.0522740128916452,0.0,0.0,2.0034,0.9533662612544772,1.0,3008.33197545992,1000.0,2989.43728207601,1000.0,0.26373722709330044,0.0
4676,1689365040000.0,0.0,0.0,386.6,2.0522740128916452,0.0,0.0,1.9995,0.9533662612544772,1.0,3008.33197545992,1000.0,2987.92954207601,1000.0,0.26373722709330044,0.0
4677,1689368640000.0,0.0,0.0,386.6,2.0522740128916452,0.0,0.0,2.0115,0.9533662612544772,1.0,3008.33197545992,1000.0,2992.56874207601,1000.0,0.26373722709330044,0.0
4678,1689372240000.0,0.0,0.0,386.6,2.0522740128916452,0.0,0.0,2.01255,0.9533662612544772,1.0,3008.33197545992,1000.0,2992.97467207601,1000.0,0.26373722709330044,0.0
4679,1689375840000.0,0.0,0.0,386.6,2.0522740128916452,0.0,0.0,2.0024,0.9533662612544772,1.0,3008.33197545992,1000.0,2989.05068207601,1000.0,0.26373722709330044,0.0
4680,1689379440000.0,0.0,0.0,386.6,2.0522740128916452,0.0,0.0,2.0094,0.9533662612544772,1.0,3008.33197545992,1000.0,2991.7568820760102,1000.0,0.26373722709330044,0.0
4681,1689383040000.0,0.0,0.0,386.6,2.0522740128916452,0.0,0.0,1.9996,0.9533662612544772,1.0,3008.33197545992,1000.0,2987.96820207601,1000.0,0.26373722709330044,0.0
4682,1689386640000.0,0.0,0.0,386.6,2.0522740128916452,0.0,0.0,1.9854,0.9533662612544772,1.0,3008.33197545992,1000.0,2982.47848207601,1000.0,0.26373722709330044,0.0
4683,1689390240000.0,0.0,0.0,386.6,2.0522740128916452,0.0,0.0,1.9989,0.9533662612544772,1.0,3008.33197545992,1000.0,2987.69758207601,1000.0,0.26373722709330044,0.0
4684,1689393840000.0,0.0,0.0,386.6,2.0522740128916452,0.0,0.0,1.9793,0.9533662612544772,1.0,3008.33197545992,1000.0,2980.12022207601,1000.0,0.26373722709330044,0.0
4685,1689397440000.0,0.0,0.0,386.6,2.0522740128916452,0.0,0.0,1.99215,0.9533662612544772,1.0,3008.33197545992,1000.0,2985.08803207601,1000.0,0.26373722709330044,0.0
4686,1689401040000.0,0.0,0.0,386.6,2.0522740128916452,0.0,0.0,1.992,0.9533662612544772,1.0,3008.33197545992,1000.0,2985.03004207601,1000.0,0.26373722709330044,0.0
4687,1689404640000.0,0.0,0.0,386.6,2.0522740128916452,0.0,0.0,2.01065,0.9533662612544772,1.0,3008.33197545992,1000.0,2992.24013207601,1000.0,0.26373722709330044,0.0
4688,1689408240000.0,0.0,0.0,386.6,2.0522740128916452,0.0,0.0,2.0294,0.9533662612544772,1.0,3008.33197545992,1000.0,2999.48888207601,1000.0,0.26373722709330044,0.0
4689,1689411840000.0,0.0,0.0,386.6,2.0522740128916452,0.0,0.0,2.0233,0.9533662612544772,1.0,3008.33197545992,1000.0,2997.1306220760102,1000.0,0.26373722709330044,0.0
4690,1689415440000.0,0.0,0.0,386.6,2.0522740128916452,0.0,0.0,2.04375,0.9533662612544772,1.0,3008.33197545992,1000.0,3005.03659207601,1000.0,0.26373722709330044,0.0
4691,1689419040000.0,0.0,0.0,386.6,2.0522740128916452,0.0,0.0,2.0456,0.9533662612544772,1.0,3008.33197545992,1000.0,3005.75180207601,1000.0,0.26373722709330044,0.0
4692,1689422640000.0,0.0,0.0,386.6,2.0522740128916452,0.0,0.0,2.032,0.9533662612544772,1.0,3008.33197545992,1000.0,3000.49404207601,1000.0,0.26373722709330044,0.0
4693,1689426240000.0,0.0,0.0,386.6,2.0522740128916452,0.0,0.0,2.0493,0.9533662612544772,1.0,3008.33197545992,1000.0,3007.18222207601,1000.0,0.26373722709330044,0.0
4694,1689429840000.0,0.0,0.0,386.6,2.0522740128916452,0.0,0.0,2.0423,0.9533662612544772,1.0,3008.33197545992,1000.0,3004.47602207601,1000.0,0.26373722709330044,0.0
4695,1689433440000.0,0.0,0.0,386.6,2.0522740128916452,0.0,0.0,2.01675,0.9533662612544772,1.0,3008.33197545992,1000.0,2994.59839207601,1000.0,0.26373722709330044,0.0
4696,1689437040000.0,0.0,0.0,386.6,2.0522740128916452,0.0,0.0,2.0155,0.9533662612544772,1.0,3008.33197545992,1000.0,2994.11514207601,1000.0,0.26373722709330044,0.0
4697,1689440640000.0,0.0,0.0,386.6,2.0522740128916452,0.0,0.0,2.01325,0.9533662612544772,1.0,3008.33197545992,1000.0,2993.24529207601,1000.0,0.26373722709330044,0.0
4698,1689444240000.0,0.0,0.0,386.6,2.0522740128916452,0.0,0.0,2.0148,0.9533662612544772,1.0,3008.33197545992,1000.0,2993.84452207601,1000.0,0.26373722709330044,0.0
4699,1689447840000.0,0.0,0.0,386.6,2.0522740128916452,0.0,0.0,2.03925,0.9533662612544772,1.0,3008.33197545992,1000.0,3003.29689207601,1000.0,0.26373722709330044,0.0
4700,1689451440000.0,0.0,0.0,386.6,2.0522740128916452,0.0,0.0,2.03245,0.9533662612544772,1.0,3008.33197545992,1000.0,3000.66801207601,1000.0,0.26373722709330044,0.0
4701,1689455040000.0,0.0,0.0,386.6,2.0522740128916452,0.0,0.0,2.02715,0.9533662612544772,1.0,3008.33197545992,1000.0,2998.61903207601,1000.0,0.26373722709330044,0.0
4702,1689458640000.0,0.0,0.0,386.6,2.0522740128916452,0.0,0.0,2.01875,0.9533662612544772,1.0,3008.33197545992,1000.0,2995.37159207601,1000.0,0.26373722709330044,0.0
4703,1689462240000.0,0.0,0.0,386.6,2.0522740128916452,0.0,0.0,2.02205,0.9533662612544772,1.0,3008.33197545992,1000.0,2996.64737207601,1000.0,0.26373722709330044,0.0
4704,1689465840000.0,0.0,0.0,386.6,2.0522740128916452,0.0,0.0,2.03045,0.9533662612544772,1.0,3008.33197545992,1000.0,2999.89481207601,1000.0,0.26373722709330044,0.0
4705,1689469440000.0,0.0,0.0,386.6,2.0522740128916452,0.0,0.0,2.03395,0.9533662612544772,1.0,3008.33197545992,1000.0,3001.24791207601,1000.0,0.26373722709330044,0.0
4706,1689473040000.0,0.0,0.0,386.6,2.0522740128916452,0.0,0.0,2.01935,0.9533662612544772,1.0,3008.33197545992,1000.0,2995.60355207601,1000.0,0.26373722709330044,0.0
4707,1689476640000.0,0.0,0.0,386.6,2.0522740128916452,0.0,0.0,1.9916,0.9533662612544772,1.0,3008.33197545992,1000.0,2984.8754020760102,1000.0,0.26373722709330044,0.0
4708,1689480240000.0,0.0,0.0,386.6,2.0522740128916452,0.0,0.0,1.96485,0.9533662612544772,1.0,3008.33197545992,1000.0,2974.53385207601,1000.0,0.26373722709330044,0.0
4709,1689483840000.0,0.0,0.0,386.6,2.0522740128916452,0.0,0.0,1.97635,0.9533662612544772,1.0,3008.33197545992,1000.0,2978.9797520760103,1000.0,0.26373722709330044,0.0
4710,1689487440000.0,0.0,0.0,386.6,2.0522740128916452,0.0,0.0,1.989,0.9533662612544772,1.0,3008.33197545992,1000.0,2983.87024207601,1000.0,0.26373722709330044,0.0
4711,1689491040000.0,0.0,0.0,386.6,2.0522740128916452,0.0,0.0,1.98365,0.9533662612544772,1.0,3008.33197545992,1000.0,2981.80193207601,1000.0,0.26373722709330044,0.0
4712,1689494640000.0,0.0,0.0,386.6,2.0522740128916452,0.0,0.0,1.9932,0.9533662612544772,1.0,3008.33197545992,1000.0,2985.49396207601,1000.0,0.26373722709330044,0.0
4713,1689498240000.0,0.0,0.0,386.6,2.0522740128916452,0.0,0.0,1.99405,0.9533662612544772,1.0,3008.33197545992,1000.0,2985.82257207601,1000.0,0.26373722709330044,0.0
4714,1689501840000.0,0.0,0.0,386.6,2.0522740128916452,0.0,0.0,1.99145,0.9533662612544772,1.0,3008.33197545992,1000.0,2984.81741207601,1000.0,0.26373722709330044,0.0
4715,1689505440000.0,0.0,0.0,386.6,2.0522740128916452,0.0,0.0,1.98595,0.9533662612544772,1.0,3008.33197545992,1000.0,2982.69111207601,1000.0,0.26373722709330044,0.0
4716,1689509040000.0,0.0,0.0,386.6,2.0522740128916452,0.0,0.0,2.008,0.9533662612544772,1.0,3008.33197545992,1000.0,2991.21564207601,1000.0,0.26373722709330044,0.0
4717,1689512640000.0,0.0,0.0,386.6,2.0522740128916452,0.0,0.0,1.98765,0.9533662612544772,1.0,3008.33197545992,1000.0,2983.34833207601,1000.0,0.26373722709330044,0.0
4718,1689516240000.0,0.0,0.0,386.6,2.0522740128916452,0.0,0.0,1.995,0.9533662612544772,1.0,3008.33197545992,1000.0,2986.1898420760103,1000.0,0.26373722709330044,0.0
4719,1689519840000.0,0.0,0.0,386.6,2.0522740128916452,0.0,0.0,1.99625,0.9533662612544772,1.0,3008.33197545992,1000.0,2986.67309207601,1000.0,0.26373722709330044,0.0
4720,1689523440000.0,0.0,0.0,386.6,2.0522740128916452,0.0,0.0,1.98525,0.9533662612544772,1.0,3008.33197545992,1000.0,2982.4204920760103,1000.0,0.26373722709330044,0.0
4721,1689527040000.0,0.0,0.0,386.6,2.0522740128916452,0.0,0.0,1.97465,0.9533662612544772,1.0,3008.33197545992,1000.0,2978.3225320760102,1000.0,0.26373722709330044,0.0
4722,1689530640000.0,0.0,0.0,386.6,2.0522740128916452,0.0,0.0,1.98285,0.9533662612544772,1.0,3008.33197545992,1000.0,2981.49265207601,1000.0,0.26373722709330044,0.0
4723,1689534240000.0,0.0,0.0,386.6,2.0522740128916452,0.0,0.0,1.967,0.9533662612544772,1.0,3008.33197545992,1000.0,2975.36504207601,1000.0,0.26373722709330044,0.0
4724,1689537840000.0,0.0002576927196031334,0.0,1518.6,1.980956363350395,0.0,0.0,1.9499,0.9533662612544772,1.0,3007.8890012199204,1000.0,2960.7268078360103,1000.0,1.0001301019299018,0.0
4725,1689541440000.0,0.0002576927196031334,0.0,1518.6,1.980956363350395,0.0,0.0,1.9545,0.9533662612544772,1.0,3007.8890012199204,1000.0,2967.7123678360103,1000.0,1.0001301019299018,0.0
4726,1689545040000.0,0.0,0.0,1503.2,1.980956363350395,0.0,0.0,1.96345,0.9533662612544772,1.0,3007.5248235083245,1000.0,2981.2092581200104,1000.0,0.9901077397973709,0.0
4727,1689548640000.0,0.0,0.0,1503.2,1.980956363350395,0.0,0.0,1.96055,0.9533662612544772,1.0,3007.5248235083245,1000.0,2976.8499781200107,1000.0,0.9901077397973709,0.0
4728,1689552240000.0,0.0,0.0,1503.2,1.980956363350395,0.0,0.0,1.9374,0.9533662612544772,1.0,3007.5248235083245,1000.0,2942.0508981200105,1000.0,0.9901077397973709,0.0
4729,1689555840000.0,0.0,0.0,1503.2,1.980956363350395,0.0,0.0,1.9424,0.9533662612544772,1.0,3007.5248235083245,1000.0,2949.5668981200106,1000.0,0.9901077397973709,0.0
4730,1689559440000.0,0.0,0.0,1503.2,1.980956363350395,0.0,0.0,1.9694,0.9533662612544772,1.0,3007.5248235083245,1000.0,2990.1532981200107,1000.0,0.9901077397973709,0.0
4731,1689563040000.0,0.0,0.0,1503.2,1.980956363350395,0.0,0.0,1.96395,0.9533662612544772,1.0,3007.5248235083245,1000.0,2981.960858120011,1000.0,0.9901077397973709,0.0
4732,1689566640000.0,0.0,0.0,1503.2,1.980956363350395,0.0,0.0,1.97445,0.9533662612544772,1.0,3007.5248235083245,1000.0,2997.7444581200107,1000.0,0.9901077397973709,0.0
4733,1689570240000.0,0.0,0.0,1503.2,1.980956363350395,0.0,0.0,1.9846,0.9533662612544772,1.0,3007.5248235083245,1000.0,3013.0019381200104,1000.0,0.9901077397973709,0.0
4734,1689573840000.0,0.0,0.0,1503.2,1.980956363350395,0.0,0.0,1.9789,0.9533662612544772,1.0,3007.5248235083245,1000.0,3004.433698120011,1000.0,0.9901077397973709,0.0
4735,1689577440000.0,0.0,0.0,1503.2,1.980956363350395,0.0,0.0,1.9743,0.9533662612544772,1.0,3007.5248235083245,1000.0,2997.5189781200106,1000.0,0.9901077397973709,0.0
4736,1689581040000.0,0.0,0.0,1503.2,1.980956363350395,0.0,0.0,1.96795,0.9533662612544772,1.0,3007.5248235083245,1000.0,2987.973658120011,1000.0,0.9901077397973709,0.0
4737,1689584640000.0,0.0,0.0,1503.2,1.980956363350395,0.0,0.0,1.96335,0.9533662612544772,1.0,3007.5248235083245,1000.0,2981.0589381200107,1000.0,0.9901077397973709,0.0
4738,1689588240000.0,0.0,0.0,1487.9,1.980956363350395,0.0,0.0,1.92555,0.9533662612544772,1.0,3007.2555570740637,1000.0,2924.8164290450113,1000.0,0.9801178905782173,0.0
4739,1689591840000.0,0.0,0.0,1487.9,1.980956363350395,0.0,0.0,1.93755,0.9533662612544772,1.0,3007.2555570740637,1000.0,2942.671229045011,1000.0,0.9801178905782173,0.0
4740,1689595440000.0,0.0,0.0,1487.9,1.980956363350395,0.0,0.0,1.93035,0.9533662612544772,1.0,3007.2555570740637,1000.0,2931.958349045011,1000.0,0.9801178905782173,0.0
4741,1689599040000.0,0.0,0.0,1487.9,1.980956363350395,0.0,0.0,1.9437,0.9533662612544772,1.0,3007.2555570740637,1000.0,2951.821814045011,1000.0,0.9801178905782173,0.0
4742,1689602640000.0,0.0,0.0,1487.9,1.980956363350395,0.0,0.0,1.9625,0.9533662612544772,1.0,3007.2555570740637,1000.0,2979.7943340450106,1000.0,0.9801178905782173,0.0
4743,1689606240000.0,0.0,0.0,1487.9,1.980956363350395,0.0,0.0,1.9505,0.9533662612544772,1.0,3007.2555570740637,1000.0,2961.939534045011,1000.0,0.9801178905782173,0.0
4744,1689609840000.0,0.0,0.0,1487.9,1.980956363350395,0.0,0.0,1.9305,0.9533662612544772,1.0,3007.2555570740637,1000.0,2932.181534045011,1000.0,0.9801178905782173,0.0
4745,1689613440000.0,0.0,0.0,1487.9,1.980956363350395,0.0,0.0,1.93465,0.9533662612544772,1.0,3007.2555570740637,1000.0,2938.356319045011,1000.0,0.9801178905782173,0.0
4746,1689617040000.0,0.0,0.0,1487.9,1.980956363350395,0.0,0.0,1.91605,0.9533662612544772,1.0,3007.2555570740637,1000.0,2910.681379045011,1000.0,0.9801178905782173,0.0
4747,1689620640000.0,0.0,0.0,1487.9,1.980956363350395,0.0,0.0,1.91525,0.9533662612544772,1.0,3007.2555570740637,1000.0,2909.491059045011,1000.0,0.9801178905782173,0.0
4748,1689624240000.0,0.0,0.0,1487.9,1.980956363350395,0.0,0.0,1.93425,0.9533662612544772,1.0,3007.2555570740637,1000.0,2937.761159045011,1000.0,0.9801178905782173,0.0
4749,1689627840000.0,0.0,0.0,1472.3,1.980956363350395,0.0,0.0,1.93145,0.9533662612544772,1.0,3006.4702130857977,1000.0,2933.581994325011,1000.0,0.9700951105606562,0.0
4750,1689631440000.0,0.0,0.0,1472.3,1.980956363350395,0.0,0.0,1.95755,0.9533662612544772,1.0,3006.4702130857977,1000.0,2972.009024325011,1000.0,0.9700951105606562,0.0
4751,1689635040000.0,0.0,0.0,1472.3,1.980956363350395,0.0,0.0,1.9573,0.9533662612544772,1.0,3006.4702130857977,1000.0,2971.640949325011,1000.0,0.9700951105606562,0.0
4752,1689638640000.0,0.0,0.0,1472.3,1.980956363350395,0.0,0.0,1.96055,0.9533662612544772,1.0,3006.4702130857977,1000.0,2976.4259243250112,1000.0,0.9700951105606562,0.0
4753,1689642240000.0,0.0,0.0,1472.3,1.980956363350395,0.0,0.0,1.9783,0.9533662612544772,1.0,3006.4702130857977,1000.0,3002.559249325011,1000.0,0.9700951105606562,0.0
4754,1689645840000.0,0.0,0.0,927.3,1.980956363350395,0.0,0.0,2.00575,0.9533662612544772,1.0,3017.0669078598316,1000.0,3040.05804712501,1000.0,0.6088498836235164,0.0
4755,1689649440000.0,0.0,0.0,794.9,1.980956363350395,0.0,0.0,1.99995,0.9533662612544772,1.0,3019.641224168239,1000.0,3034.73926594101,1000.0,0.5214732798797876,0.0
4756,1689653040000.0,0.0,0.0,681.4,1.980956363350395,0.0,0.0,1.9945,0.9533662612544772,1.0,3021.8480587679696,1000.0,3031.0766927810105,1000.0,0.4466881324725812,0.0
4757,1689656640000.0,0.0,0.0,681.4,1.980956363350395,0.0,0.0,1.97635,0.9533662612544772,1.0,3021.8480587679696,1000.0,3018.7092827810106,1000.0,0.4466881324725812,0.0
4758,1689660240000.0,0.0,0.0,681.4,1.980956363350395,0.0,0.0,1.97015,0.9533662612544772,1.0,3021.8480587679696,1000.0,3014.4846027810104,1000.0,0.4466881324725812,0.0
4759,1689663840000.0,0.0,0.0,681.4,1.980956363350395,0.0,0.0,1.95505,0.9533662612544772,1.0,3021.8480587679696,1000.0,3004.1954627810105,1000.0,0.4466881324725812,0.0
4760,1689667440000.0,0.0,0.0,681.4,1.980956363350395,0.0,0.0,1.94705,0.9533662612544772,1.0,3021.8480587679696,1000.0,2998.7442627810105,1000.0,0.4466881324725812,0.0
4761,1689671040000.0,0.0,0.0,681.4,1.980956363350395,0.0,0.0,1.956,0.9533662612544772,1.0,3021.8480587679696,1000.0,3004.8427927810103,1000.0,0.4466881324725812,0.0
4762,1689674640000.0,0.0,0.0,681.4,1.980956363350395,0.0,0.0,1.93505,0.9533662612544772,1.0,3021.8480587679696,1000.0,2990.5674627810104,1000.0,0.4466881324725812,0.0
4763,1689678240000.0,0.0,0.0,681.4,1.980956363350395,0.0,0.0,1.95375,0.9533662612544772,1.0,3021.8480587679696,1000.0,3003.3096427810106,1000.0,0.4466881324725812,0.0
4764,1689681840000.0,0.0,0.0,681.4,1.980956363350395,0.0,0.0,1.9198,0.9533662612544772,1.0,3021.8480587679696,1000.0,2980.1761127810105,1000.0,0.4466881324725812,0.0
4765,1689685440000.0,0.0,0.0,681.4,1.980956363350395,0.0,0.0,1.9086,0.9533662612544772,1.0,3021.8480587679696,1000.0,2972.5444327810105,1000.0,0.4466881324725812,0.0
4766,1689689040000.0,0.0,0.0,681.4,1.980956363350395,0.0,0.0,1.9153,0.9533662612544772,1.0,3021.8480587679696,1000.0,2977.1098127810105,1000.0,0.4466881324725812,0.0
4767,1689692640000.0,0.0,0.0,681.4,1.980956363350395,0.0,0.0,1.91115,0.9533662612544772,1.0,3021.8480587679696,1000.0,2974.2820027810103,1000.0,0.4466881324725812,0.0
4768,1689696240000.0,0.0,0.0,681.4,1.980956363350395,0.0,0.0,1.90105,0.9533662612544772,1.0,3021.8480587679696,1000.0,2967.3998627810106,1000.0,0.4466881324725812,0.0
4769,1689699840000.0,0.0002164394157137425,0.0,1576.3,1.9170556531034442,0.0,0.0,1.87375,0.9533662612544772,1.0,3021.5136525359694,1000.0,2953.2509515490106,1000.0,1.000112914747449,0.0
4770,1689703440000.0,0.0002164394157137425,0.0,1576.3,1.9170556531034442,0.0,0.0,1.87855,0.9533662612544772,1.0,3021.5136525359694,1000.0,2960.81719154901,1000.0,1.000112914747449,0.0
4771,1689707040000.0,0.0,0.0,1560.3,1.9170556531034442,0.0,0.0,1.8902,0.9533662612544772,1.0,3021.0875115263143,1000.0,2979.1846359890105,1000.0,0.9901010560353145,0.0
4772,1689710640000.0,0.0,0.0,1560.3,1.9170556531034442,0.0,0.0,1.87175,0.9533662612544772,1.0,3021.0875115263143,1000.0,2950.3971009890106,1000.0,0.9901010560353145,0.0
4773,1689714240000.0,0.0,0.0,1560.3,1.9170556531034442,0.0,0.0,1.87055,0.9533662612544772,1.0,3021.0875115263143,1000.0,2948.5247409890103,1000.0,0.9901010560353145,0.0
4774,1689717840000.0,0.0,0.0,1560.3,1.9170556531034442,0.0,0.0,1.8768,0.9533662612544772,1.0,3021.0875115263143,1000.0,2958.27661598901,1000.0,0.9901010560353145,0.0
4775,1689721440000.0,0.0,0.0,1560.3,1.9170556531034442,0.0,0.0,1.87725,0.9533662612544772,1.0,3021.0875115263143,1000.0,2958.9787509890107,1000.0,0.9901010560353145,0.0
4776,1689725040000.0,0.0,0.0,1560.3,1.9170556531034442,0.0,0.0,1.8764,0.9533662612544772,1.0,3021.0875115263143,1000.0,2957.6524959890103,1000.0,0.9901010560353145,0.0
4777,1689728640000.0,0.0,0.0,1560.3,1.9170556531034442,0.0,0.0,1.9068,0.9533662612544772,1.0,3021.0875115263143,1000.0,3005.0856159890104,1000.0,0.9901010560353145,0.0
4778,1689732240000.0,0.0,0.0,1560.3,1.9170556531034442,0.0,0.0,1.91185,0.9533662612544772,1.0,3021.0875115263143,1000.0,3012.9651309890105,1000.0,0.9901010560353145,0.0
4779,1689735840000.0,0.0,0.0,1560.3,1.9170556531034442,0.0,0.0,1.9132,0.9533662612544772,1.0,3021.0875115263143,1000.0,3015.0715359890105,1000.0,0.9901010560353145,0.0
4780,1689739440000.0,0.0,0.0,1560.3,1.9170556531034442,0.0,0.0,1.90425,0.9533662612544772,1.0,3021.0875115263143,1000.0,3001.1068509890106,1000.0,0.9901010560353145,0.0
4781,1689743040000.0,0.0,0.0,1560.3,1.9170556531034442,0.0,0.0,1.89965,0.9533662612544772,1.0,3021.0875115263143,1000.0,2993.9294709890105,1000.0,0.9901010560353145,0.0
4782,1689746640000.0,0.0,0.0,1560.3,1.9170556531034442,0.0,0.0,1.911,0.9533662612544772,1.0,3021.0875115263143,1000.0,3011.6388759890106,1000.0,0.9901010560353145,0.0
4783,1689750240000.0,0.0,0.0,1544.4,1.9170556531034442,0.0,0.0,1.89685,0.9533662612544772,1.0,3020.7403386339693,1000.0,2989.53472798101,1000.0,0.9801242141824872,0.0
4784,1689753840000.0,0.0,0.0,1544.4,1.9170556531034442,0.0,0.0,1.87775,0.9533662612544772,1.0,3020.7403386339693,1000.0,2960.0366879810103,1000.0,0.9801242141824872,0.0
4785,1689757440000.0,0.0,0.0,1544.4,1.9170556531034442,0.0,0.0,1.8541,0.9533662612544772,1.0,3020.7403386339693,1000.0,2923.5116279810104,1000.0,0.9801242141824872,0.0
4786,1689761040000.0,0.0,0.0,1544.4,1.9170556531034442,0.0,0.0,1.8773,0.9533662612544772,1.0,3020.7403386339693,1000.0,2959.34170798101,1000.0,0.9801242141824872,0.0
4787,1689764640000.0,0.0,0.0,1544.4,1.9170556531034442,0.0,0.0,1.87645,0.9533662612544772,1.0,3020.7403386339693,1000.0,2958.02896798101,1000.0,0.9801242141824872,0.0
4788,1689768240000.0,0.0,0.0,1544.4,1.9170556531034442,0.0,0.0,1.8771,0.9533662612544772,1.0,3020.7403386339693,1000.0,2959.03282798101,1000.0,0.9801242141824872,0.0
4789,1689771840000.0,0.0,0.0,1544.4,1.9170556531034442,0.0,0.0,1.8656,0.9533662612544772,1.0,3020.7403386339693,1000.0,2941.27222798101,1000.0,0.9801242141824872,0.0
4790,1689775440000.0,0.0,0.0,1544.4,1.9170556531034442,0.0,0.0,1.8734,0.9533662612544772,1.0,3020.7403386339693,1000.0,2953.31854798101,1000.0,0.9801242141824872,0.0
4791,1689779040000.0,0.0,0.0,1544.4,1.9170556531034442,0.0,0.0,1.83925,0.9533662612544772,1.0,3020.7403386339693,1000.0,2900.57728798101,1000.0,0.9801242141824872,0.0
4792,1689782640000.0,0.0,0.0,1544.4,1.9170556531034442,0.0,0.0,1.88,0.9533662612544772,1.0,3020.7403386339693,1000.0,2963.51158798101,1000.0,0.9801242141824872,0.0
4793,1689786240000.0,0.0,0.0,1544.4,1.9170556531034442,0.0,0.0,1.88135,0.9533662612544772,1.0,3020.7403386339693,1000.0,2965.5965279810102,1000.0,0.9801242141824872,0.0
4794,1689789840000.0,0.0,0.0,1544.4,1.9170556531034442,0.0,0.0,1.892,0.9533662612544772,1.0,3020.7403386339693,1000.0,2982.04438798101,1000.0,0.9801242141824872,0.0
4795,1689793440000.0,0.0,0.0,1528.5,1.9170556531034442,0.0,0.0,1.90035,0.9533662612544772,1.0,3020.4790085696245,1000.0,2994.94441780101,1000.0,0.9701175070096735,0.0
4796,1689797040000.0,0.0,0.0,1528.5,1.9170556531034442,0.0,0.0,1.89435,0.9533662612544772,1.0,3020.4790085696245,1000.0,2985.77341780101,1000.0,0.9701175070096735,0.0
4797,1689800640000.0,0.0,0.0,1528.5,1.9170556531034442,0.0,0.0,1.8831,0.9533662612544772,1.0,3020.4790085696245,1000.0,2968.57779280101,1000.0,0.9701175070096735,0.0
4798,1689804240000.0,0.0,0.0,1528.5,1.9170556531034442,0.0,0.0,1.8903,0.9533662612544772,1.0,3020.4790085696245,1000.0,2979.5829928010103,1000.0,0.9701175070096735,0.0
4799,1689807840000.0,0.0,0.0,1528.5,1.9170556531034442,0.0,0.0,1.86775,0.9533662612544772,1.0,3020.4790085696245,1000.0,2945.11531780101,1000.0,0.9701175070096735,0.0
4800,1689811440000.0,0.0,0.0,1528.5,1.9170556531034442,0.0,0.0,1.87115,0.9533662612544772,1.0,3020.4790085696245,1000.0,2950.3122178010103,1000.0,0.9701175070096735,0.0
4801,1689815040000.0,0.0,0.0,1528.5,1.9170556531034442,0.0,0.0,1.8761,0.9533662612544772,1.0,3020.4790085696245,1000.0,2957.87829280101,1000.0,0.9701175070096735,0.0
4802,1689818640000.0,0.0,0.0,1528.5,1.9170556531034442,0.0,0.0,1.88385,0.9533662612544772,1.0,3020.4790085696245,1000.0,2969.72416780101,1000.0,0.9701175070096735,0.0
4803,1689822240000.0,0.0,0.0,1528.5,1.9170556531034442,0.0,0.0,1.8888,0.9533662612544772,1.0,3020.4790085696245,1000.0,2977.29024280101,1000.0,0.9701175070096735,0.0
4804,1689825840000.0,0.0,0.0,1528.5,1.9170556531034442,0.0,0.0,1.8875,0.9533662612544772,1.0,3020.4790085696245,1000.0,2975.30319280101,1000.0,0.9701175070096735,0.0
4805,1689829440000.0,0.0,0.0,1528.5,1.9170556531034442,0.0,0.0,1.89335,0.9533662612544772,1.0,3020.4790085696245,1000.0,2984.24491780101,1000.0,0.9701175070096735,0.0
4806,1689833040000.0,0.0,0.0,1528.5,1.9170556531034442,0.0,0.0,1.91345,0.9533662612544772,1.0,3020.4790085696245,1000.0,3014.9677678010103,1000.0,0.9701175070096735,0.0
4807,1689836640000.0,0.0,0.0,1512.6,1.9170556531034442,0.0,0.0,1.90855,0.9533662612544772,1.0,3020.2137043002795,1000.0,3007.34805341601,1000.0,0.9601103315157887,0.0
4808,1689840240000.0,0.0,0.0,1512.6,1.9170556531034442,0.0,0.0,1.91825,0.9533662612544772,1.0,3020.2137043002795,1000.0,3022.02027341601,1000.0,0.9601103315157887,0.0
4809,1689843840000.0,0.0,0.0,816.6,1.9170556531034442,0.0,0.0,1.9268,0.9533662612544772,1.0,3033.3382367802824,1000.0,3041.2954704560098,1000.0,0.5160874007858511,0.0
4810,1689847440000.0,0.0,0.0,440.9,1.9170556531034442,0.0,0.0,1.93785,0.9533662612544772,1.0,3040.4228443273187,1000.0,3049.59107187401,1000.0,0.2779974630931022,0.0
4811,1689851040000.0,0.0,0.0,277.8,1.9170556531034442,0.0,0.0,1.9254,0.9533662612544772,1.0,3043.498435200147,1000.0,3045.81649476801,1000.0,0.17498220280738033,0.0
4812,1689854640000.0,0.0,0.0,204.2,1.9170556531034442,0.0,0.0,1.938,0.9533662612544772,1.0,3044.886316795734,1000.0,3049.1631524320105,1000.0,0.12856399997740361,0.0
4813,1689858240000.0,0.0,0.0,204.2,1.9170556531034442,0.0,0.0,1.92055,0.9533662612544772,1.0,3044.886316795734,1000.0,3045.5998624320105,1000.0,0.12856399997740361,0.0
4814,1689861840000.0,0.0,0.0,150.1,1.9170556531034442,0.0,0.0,1.9365,0.9533662612544772,1.0,3045.9064851968374,1000.0,3048.82508166601,1000.0,0.09447107287413373,0.0
4815,1689865440000.0,0.0,0.0,150.1,1.9170556531034442,0.0,0.0,1.89055,0.9533662612544772,1.0,3045.9064851968374,1000.0,3041.9279866660104,1000.0,0.09447107287413373,0.0
4816,1689869040000.0,0.0,0.0,150.1,1.9170556531034442,0.0,0.0,1.87635,0.9533662612544772,1.0,3045.9064851968374,1000.0,3039.79656666601,1000.0,0.09447107287413373,0.0
4817,1689872640000.0,0.0,0.0,379.8,1.873900325252309,0.0,0.0,1.8546,0.9533662612544772,1.0,3045.8216937388374,1000.0,3038.4914302080106,1000.0,0.2336667786541322,0.0
4818,1689876240000.0,0.0,0.0,379.8,1.873900325252309,0.0,0.0,1.8413,0.9533662612544772,1.0,3045.8216937388374,1000.0,3033.4400902080106,1000.0,0.2336667786541322,0.0
4819,1689879840000.0,0.0,0.0,379.8,1.873900325252309,0.0,0.0,1.85675,0.9533662612544772,1.0,3045.8216937388374,1000.0,3039.3080002080105,1000.0,0.2336667786541322,0.0
4820,1689883440000.0,0.0,0.0,379.8,1.873900325252309,0.0,0.0,1.85425,0.9533662612544772,1.0,3045.8216937388374,1000.0,3038.3585002080104,1000.0,0.2336667786541322,0.0
4821,1689887040000.0,0.0,0.0,379.8,1.873900325252309,0.0,0.0,1.85445,0.9533662612544772,1.0,3045.8216937388374,1000.0,3038.4344602080105,1000.0,0.2336667786541322,0.0
4822,1689890640000.0,0.0,0.0,379.8,1.873900325252309,0.0,0.0,1.8742,0.9533662612544772,1.0,3045.8216937388374,1000.0,3045.9355102080103,1000.0,0.2336667786541322,0.0
4823,1689894240000.0,0.0,0.0,379.8,1.873900325252309,0.0,0.0,1.8735,0.9533662612544772,1.0,3045.8216937388374,1000.0,3045.6696502080104,1000.0,0.2336667786541322,0.0
4824,1689897840000.0,0.0,0.0,379.8,1.873900325252309,0.0,0.0,1.8664,0.9533662612544772,1.0,3045.8216937388374,1000.0,3042.9730702080105,1000.0,0.2336667786541322,0.0
4825,1689901440000.0,0.0,0.0,379.8,1.873900325252309,0.0,0.0,1.8597,0.9533662612544772,1.0,3045.8216937388374,1000.0,3040.4284102080105,1000.0,0.2336667786541322,0.0
4826,1689905040000.0,0.0,0.0,379.8,1.873900325252309,0.0,0.0,1.8785,0.9533662612544772,1.0,3045.8216937388374,1000.0,3047.5686502080107,1000.0,0.2336667786541322,0.0
4827,1689908640000.0,0.0,0.0,279.1,1.873900325252309,0.0,0.0,1.8865,0.9533662612544772,1.0,3047.67670200793,1000.0,3051.193271230011,1000.0,0.1716079597397397,0.0
4828,1689912240000.0,0.0,0.0,150.8,1.873900325252309,0.0,0.0,1.8876,0.9533662612544772,1.0,3050.0401335960587,1000.0,3052.1060445480107,1000.0,0.09264932809748828,0.0
4829,1689915840000.0,0.0,0.0,150.8,1.873900325252309,0.0,0.0,1.8735,0.9533662612544772,1.0,3050.0401335960587,1000.0,3049.9797645480103,1000.0,0.09264932809748828,0.0
4830,1689919440000.0,0.0,0.0,150.8,1.873900325252309,0.0,0.0,1.87215,0.9533662612544772,1.0,3050.0401335960587,1000.0,3049.7761845480104,1000.0,0.09264932809748828,0.0
4831,1689923040000.0,0.0,0.0,150.8,1.873900325252309,0.0,0.0,1.8832,0.9533662612544772,1.0,3050.0401335960587,1000.0,3051.4425245480106,1000.0,0.09264932809748828,0.0
4832,1689926640000.0,0.0,0.0,150.8,1.873900325252309,0.0,0.0,1.868,0.9533662612544772,1.0,3050.0401335960587,1000.0,3049.1503645480107,1000.0,0.09264932809748828,0.0
4833,1689930240000.0,0.0,0.0,150.8,1.873900325252309,0.0,0.0,1.8804,0.9533662612544772,1.0,3050.0401335960587,1000.0,3051.0202845480103,1000.0,0.09264932809748828,0.0
4834,1689933840000.0,0.0,0.0,95.1,1.873900325252309,0.0,0.0,1.87505,0.9533662612544772,1.0,3051.066190801505,1000.0,3051.1755248700106,1000.0,0.058408408663425275,0.0
4835,1689937440000.0,0.0,0.0,95.1,1.873900325252309,0.0,0.0,1.87745,0.9533662612544772,1.0,3051.066190801505,1000.0,3051.4037648700105,1000.0,0.058408408663425275,0.0
4836,1689941040000.0,0.0,0.0,95.1,1.873900325252309,0.0,0.0,1.8912,0.9533662612544772,1.0,3051.066190801505,1000.0,3052.7113898700104,1000.0,0.058408408663425275,0.0
4837,1689944640000.0,0.0,0.0,37.9,1.873900325252309,0.0,0.0,1.89625,0.9533662612544772,1.0,3052.119879709072,1000.0,3052.9669323820094,1000.0,0.023269342334558695,0.0
4838,1689948240000.0,0.0,0.0,37.9,1.873900325252309,0.0,0.0,1.89795,0.9533662612544772,1.0,3052.119879709072,1000.0,3053.0313623820093,1000.0,0.023269342334558695,0.0
4839,1689951840000.0,0.0,0.0,26.4,1.873900325252309,0.0,0.0,1.91155,0.9533662612544772,1.0,3052.542130668671,1000.0,3053.5360820820097,1000.0,0.016206481833495334,0.0
4840,1689955440000.0,0.0,0.0,22.0,1.873900325252309,0.0,0.0,1.89775,0.9533662612544772,1.0,3052.703687557561,1000.0,3053.2283804020103,1000.0,0.013504686787512998,0.0
4841,1689959040000.0,0.0,0.0,80.7,1.8867748098581263,0.0,0.0,1.89745,0.9533662612544772,1.0,3052.681480173561,1000.0,3053.54296801801,1000.0,0.04987835388148451,0.0
4842,1689962640000.0,0.0,0.0,51.0,1.8867748098581263,0.0,0.0,1.91085,0.9533662612544772,1.0,3053.232238462775,1000.0,3054.460073160011,1000.0,0.03151595024137815,0.0
4843,1689966240000.0,0.0,0.0,32.3,1.8867748098581263,0.0,0.0,1.9035,0.9533662612544772,1.0,3053.5790122004287,1000.0,3054.119235842011,1000.0,0.019957835089553386,0.0
4844,1689969840000.0,0.0,0.0,80.5,1.8927774702909006,0.0,0.0,1.89145,0.9533662612544772,1.0,3053.560727048429,1000.0,3053.4538656900113,1000.0,0.04989865929592858,0.0
4845,1689973440000.0,0.0,0.0,80.5,1.8927774702909006,0.0,0.0,1.89045,0.9533662612544772,1.0,3053.560727048429,1000.0,3053.3733656900113,1000.0,0.04989865929592858,0.0
4846,1689977040000.0,0.0,0.0,80.5,1.8927774702909006,0.0,0.0,1.8912,0.9533662612544772,1.0,3053.560727048429,1000.0,3053.4337406900113,1000.0,0.04989865929592858,0.0
4847,1689980640000.0,0.0,0.0,80.5,1.8927774702909006,0.0,0.0,1.89125,0.9533662612544772,1.0,3053.560727048429,1000.0,3053.4377656900115,1000.0,0.04989865929592858,0.0
4848,1689984240000.0,0.0,0.0,80.5,1.8927774702909006,0.0,0.0,1.88375,0.9533662612544772,1.0,3053.560727048429,1000.0,3052.8340156900113,1000.0,0.04989865929592858,0.0
4849,1689987840000.0,0.0,0.0,80.5,1.8927774702909006,0.0,0.0,1.89425,0.9533662612544772,1.0,3053.560727048429,1000.0,3053.679265690011,1000.0,0.04989865929592858,0.0
4850,1689991440000.0,0.0,0.0,80.5,1.8927774702909006,0.0,0.0,1.8836,0.9533662612544772,1.0,3053.560727048429,1000.0,3052.821940690011,1000.0,0.04989865929592858,0.0
4851,1689995040000.0,0.0,0.0,80.5,1.8927774702909006,0.0,0.0,1.8892,0.9533662612544772,1.0,3053.560727048429,1000.0,3053.2727406900112,1000.0,0.04989865929592858,0.0
4852,1689998640000.0,0.0,0.0,80.5,1.8927774702909006,0.0,0.0,1.893,0.9533662612544772,1.0,3053.560727048429,1000.0,3053.5786406900115,1000.0,0.04989865929592858,0.0
4853,1690002240000.0,0.0,0.0,80.5,1.8927774702909006,0.0,0.0,1.889,0.9533662612544772,1.0,3053.560727048429,1000.0,3053.2566406900114,1000.0,0.04989865929592858,0.0
4854,1690005840000.0,0.0,0.0,80.5,1.8927774702909006,0.0,0.0,1.88205,0.9533662612544772,1.0,3053.560727048429,1000.0,3052.6971656900114,1000.0,0.04989865929592858,0.0
4855,1690009440000.0,0.0,0.0,80.5,1.8927774702909006,0.0,0.0,1.8795,0.9533662612544772,1.0,3053.560727048429,1000.0,3052.491890690011,1000.0,0.04989865929592858,0.0
4856,1690013040000.0,0.0,0.0,80.5,1.8927774702909006,0.0,0.0,1.8802,0.9533662612544772,1.0,3053.560727048429,1000.0,3052.5482406900114,1000.0,0.04989865929592858,0.0
4857,1690016640000.0,0.0,0.0,80.5,1.8927774702909006,0.0,0.0,1.8751,0.9533662612544772,1.0,3053.560727048429,1000.0,3052.1376906900114,1000.0,0.04989865929592858,0.0
4858,1690020240000.0,0.0,0.0,80.5,1.8927774702909006,0.0,0.0,1.867,0.9533662612544772,1.0,3053.560727048429,1000.0,3051.485640690011,1000.0,0.04989865929592858,0.0
4859,1690023840000.0,0.0,0.0,80.5,1.8927774702909006,0.0,0.0,1.86575,0.9533662612544772,1.0,3053.560727048429,1000.0,3051.385015690011,1000.0,0.04989865929592858,0.0
4860,1690027440000.0,0.0,0.0,80.5,1.8927774702909006,0.0,0.0,1.86235,0.9533662612544772,1.0,3053.560727048429,1000.0,3051.1113156900115,1000.0,0.04989865929592858,0.0
4861,1690031040000.0,0.0,0.0,80.5,1.8927774702909006,0.0,0.0,1.85745,0.9533662612544772,1.0,3053.560727048429,1000.0,3050.716865690011,1000.0,0.04989865929592858,0.0
4862,1690034640000.0,0.0,0.0,80.5,1.8927774702909006,0.0,0.0,1.8631,0.9533662612544772,1.0,3053.560727048429,1000.0,3051.1716906900115,1000.0,0.04989865929592858,0.0
4863,1690038240000.0,0.0,0.0,80.5,1.8927774702909006,0.0,0.0,1.86465,0.9533662612544772,1.0,3053.560727048429,1000.0,3051.2964656900112,1000.0,0.04989865929592858,0.0
4864,1690041840000.0,0.0,0.0,80.5,1.8927774702909006,0.0,0.0,1.8701,0.9533662612544772,1.0,3053.560727048429,1000.0,3051.735190690011,1000.0,0.04989865929592858,0.0
4865,1690045440000.0,0.0,0.0,80.5,1.8927774702909006,0.0,0.0,1.86785,0.9533662612544772,1.0,3053.560727048429,1000.0,3051.554065690011,1000.0,0.04989865929592858,0.0
4866,1690049040000.0,0.0,0.0,80.5,1.8927774702909006,0.0,0.0,1.86315,0.9533662612544772,1.0,3053.560727048429,1000.0,3051.175715690011,1000.0,0.04989865929592858,0.0
4867,1690052640000.0,0.0,0.0,80.5,1.8927774702909006,0.0,0.0,1.85575,0.9533662612544772,1.0,3053.560727048429,1000.0,3050.5800156900114,1000.0,0.04989865929592858,0.0
4868,1690056240000.0,0.0,0.0,80.5,1.8927774702909006,0.0,0.0,1.85925,0.9533662612544772,1.0,3053.560727048429,1000.0,3050.8617656900115,1000.0,0.04989865929592858,0.0
4869,1690059840000.0,0.0,0.0,80.5,1.8927774702909006,0.0,0.0,1.85885,0.9533662612544772,1.0,3053.560727048429,1000.0,3050.8295656900113,1000.0,0.04989865929592858,0.0
4870,1690063440000.0,0.0,0.0,80.5,1.8927774702909006,0.0,0.0,1.8575,0.9533662612544772,1.0,3053.560727048429,1000.0,3050.7208906900114,1000.0,0.04989865929592858,0.0
4871,1690067040000.0,0.0,0.0,80.5,1.8927774702909006,0.0,0.0,1.849,0.9533662612544772,1.0,3053.560727048429,1000.0,3050.036640690011,1000.0,0.04989865929592858,0.0
4872,1690070640000.0,0.0,0.0,203.7,1.8529945329328303,0.0,0.0,1.83115,0.9533662612544772,1.0,3053.5157097684287,1000.0,3049.065978410011,1000.0,0.12361324526705736,0.0
4873,1690074240000.0,0.0,0.0,203.7,1.8529945329328303,0.0,0.0,1.82135,0.9533662612544772,1.0,3053.5157097684287,1000.0,3047.0697184100113,1000.0,0.12361324526705736,0.0
4874,1690077840000.0,0.0,0.0,203.7,1.8529945329328303,0.0,0.0,1.8291,0.9533662612544772,1.0,3053.5157097684287,1000.0,3048.648393410011,1000.0,0.12361324526705736,0.0
4875,1690081440000.0,0.0,0.0,203.7,1.8529945329328303,0.0,0.0,1.8376,0.9533662612544772,1.0,3053.5157097684287,1000.0,3050.3798434100113,1000.0,0.12361324526705736,0.0
4876,1690085040000.0,0.0,0.0,203.7,1.8529945329328303,0.0,0.0,1.8425,0.9533662612544772,1.0,3053.5157097684287,1000.0,3051.3779734100112,1000.0,0.12361324526705736,0.0
4877,1690088640000.0,0.0,0.0,203.7,1.8529945329328303,0.0,0.0,1.8515,0.9533662612544772,1.0,3053.5157097684287,1000.0,3053.211273410011,1000.0,0.12361324526705736,0.0
4878,1690092240000.0,0.0,0.0,203.7,1.8529945329328303,0.0,0.0,1.84285,0.9533662612544772,1.0,3053.5157097684287,1000.0,3051.449268410011,1000.0,0.12361324526705736,0.0
4879,1690095840000.0,0.0,0.0,203.7,1.8529945329328303,0.0,0.0,1.843,0.9533662612544772,1.0,3053.5157097684287,1000.0,3051.4798234100112,1000.0,0.12361324526705736,0.0
4880,1690099440000.0,0.0,0.0,203.7,1.8529945329328303,0.0,0.0,1.83735,0.9533662612544772,1.0,3053.5157097684287,1000.0,3050.3289184100113,1000.0,0.12361324526705736,0.0
4881,1690103040000.0,0.0,0.0,203.7,1.8529945329328303,0.0,0.0,1.8469,0.9533662612544772,1.0,3053.5157097684287,1000.0,3052.274253410011,1000.0,0.12361324526705736,0.0
4882,1690106640000.0,0.0,0.0,203.7,1.8529945329328303,0.0,0.0,1.84635,0.9533662612544772,1.0,3053.5157097684287,1000.0,3052.162218410011,1000.0,0.12361324526705736,0.0
4883,1690110240000.0,0.0,0.0,203.7,1.8529945329328303,0.0,0.0,1.8562,0.9533662612544772,1.0,3053.5157097684287,1000.0,3054.168663410011,1000.0,0.12361324526705736,0.0
4884,1690113840000.0,0.0,0.0,203.7,1.8529945329328303,0.0,0.0,1.852,0.9533662612544772,1.0,3053.5157097684287,1000.0,3053.313123410011,1000.0,0.12361324526705736,0.0
4885,1690117440000.0,0.0,0.0,203.7,1.8529945329328303,0.0,0.0,1.84945,0.9533662612544772,1.0,3053.5157097684287,1000.0,3052.7936884100113,1000.0,0.12361324526705736,0.0
4886,1690121040000.0,0.0,0.0,203.7,1.8529945329328303,0.0,0.0,1.8612,0.9533662612544772,1.0,3053.5157097684287,1000.0,3055.187163410011,1000.0,0.12361324526705736,0.0
4887,1690124640000.0,0.0,0.0,203.7,1.8529945329328303,0.0,0.0,1.86025,0.9533662612544772,1.0,3053.5157097684287,1000.0,3054.9936484100112,1000.0,0.12361324526705736,0.0
4888,1690128240000.0,0.0,0.0,203.7,1.8529945329328303,0.0,0.0,1.86625,0.9533662612544772,1.0,3053.5157097684287,1000.0,3056.215848410011,1000.0,0.12361324526705736,0.0
4889,1690131840000.0,0.0,0.0,149.7,1.8529945329328303,0.0,0.0,1.87175,0.9533662612544772,1.0,3054.500191710056,1000.0,3057.307885130011,1000.0,0.09081462241609703,0.0
4890,1690135440000.0,0.0,0.0,43.8,1.8529945329328303,0.0,0.0,1.8748,0.9533662612544772,1.0,3056.430870184468,1000.0,3057.38594964201,1000.0,0.0265542274599391,0.0
4891,1690139040000.0,0.0,0.0,43.8,1.8529945329328303,0.0,0.0,1.88215,0.9533662612544772,1.0,3056.430870184468,1000.0,3057.70787964201,1000.0,0.0265542274599391,0.0
4892,1690142640000.0,0.0,0.0,82.0,1.8586287126618832,0.0,0.0,1.86605,0.9533662612544772,1.0,3056.5273563042847,1000.0,3057.13590186601,1000.0,0.04986297738311552,0.0
4893,1690146240000.0,0.0,0.0,82.0,1.8586287126618832,0.0,0.0,1.8668,0.9533662612544772,1.0,3056.5273563042847,1000.0,3057.1974018660103,1000.0,0.04986297738311552,0.0
4894,1690149840000.0,0.0,0.0,82.0,1.8586287126618832,0.0,0.0,1.8462,0.9533662612544772,1.0,3056.5273563042847,1000.0,3055.5082018660105,1000.0,0.04986297738311552,0.0
4895,1690153440000.0,0.0,0.0,82.0,1.8586287126618832,0.0,0.0,1.85445,0.9533662612544772,1.0,3056.5273563042847,1000.0,3056.18470186601,1000.0,0.04986297738311552,0.0
4896,1690157040000.0,0.0,0.0,82.0,1.8586287126618832,0.0,0.0,1.85355,0.9533662612544772,1.0,3056.5273563042847,1000.0,3056.1109018660104,1000.0,0.04986297738311552,0.0
4897,1690160640000.0,0.0,0.0,82.0,1.8586287126618832,0.0,0.0,1.8489,0.9533662612544772,1.0,3056.5273563042847,1000.0,3055.7296018660104,1000.0,0.04986297738311552,0.0
4898,1690164240000.0,0.0,0.0,82.0,1.8586287126618832,0.0,0.0,1.83205,0.9533662612544772,1.0,3056.5273563042847,1000.0,3054.3479018660105,1000.0,0.04986297738311552,0.0
4899,1690167840000.0,0.0,0.0,82.0,1.8586287126618832,0.0,0.0,1.8283,0.9533662612544772,1.0,3056.5273563042847,1000.0,3054.04040186601,1000.0,0.04986297738311552,0.0
4900,1690171440000.0,0.0,0.0,82.0,1.8586287126618832,0.0,0.0,1.8104,0.9533662612544772,1.0,3056.5273563042847,1000.0,3052.5726018660102,1000.0,0.04986297738311552,0.0
4901,1690175040000.0,0.0,0.0,82.0,1.8586287126618832,0.0,0.0,1.81335,0.9533662612544772,1.0,3056.5273563042847,1000.0,3052.8145018660102,1000.0,0.04986297738311552,0.0
4902,1690178640000.0,0.0,0.0,82.0,1.8586287126618832,0.0,0.0,1.82045,0.9533662612544772,1.0,3056.5273563042847,1000.0,3053.39670186601,1000.0,0.04986297738311552,0.0
4903,1690182240000.0,0.0,0.0,82.0,1.8586287126618832,0.0,0.0,1.81885,0.9533662612544772,1.0,3056.5273563042847,1000.0,3053.2655018660103,1000.0,0.04986297738311552,0.0
4904,1690185840000.0,0.0,0.0,82.0,1.8586287126618832,0.0,0.0,1.81645,0.9533662612544772,1.0,3056.5273563042847,1000.0,3053.06870186601,1000.0,0.04986297738311552,0.0
4905,1690189440000.0,0.0,0.0,207.5,1.8196005033169853,0.0,0.0,1.7944,0.9533662612544772,1.0,3056.4823243942847,1000.0,3051.25321995601,1000.0,0.12352994860295763,0.0
4906,1690193040000.0,0.0,0.0,525.0,1.7768435322633795,0.0,0.0,1.74135,0.9533662612544772,1.0,3056.3712692442846,1000.0,3037.7371648060102,1000.0,0.3052125452903266,0.0
4907,1690196640000.0,0.0,0.0,525.0,1.7768435322633795,0.0,0.0,1.75665,0.9533662612544772,1.0,3056.3712692442846,1000.0,3045.7696648060105,1000.0,0.3052125452903266,0.0
4908,1690200240000.0,0.0,0.0,525.0,1.7768435322633795,0.0,0.0,1.7345,0.9533662612544772,1.0,3056.3712692442846,1000.0,3034.14091480601,1000.0,0.3052125452903266,0.0
4909,1690203840000.0,0.0,0.0,525.0,1.7768435322633795,0.0,0.0,1.73345,0.9533662612544772,1.0,3056.3712692442846,1000.0,3033.58966480601,1000.0,0.3052125452903266,0.0
4910,1690207440000.0,0.0,0.0,525.0,1.7768435322633795,0.0,0.0,1.73685,0.9533662612544772,1.0,3056.3712692442846,1000.0,3035.3746648060105,1000.0,0.3052125452903266,0.0
4911,1690211040000.0,0.0,0.0,525.0,1.7768435322633795,0.0,0.0,1.7356,0.9533662612544772,1.0,3056.3712692442846,1000.0,3034.7184148060105,1000.0,0.3052125452903266,0.0
4912,1690214640000.0,0.0,0.0,525.0,1.7768435322633795,0.0,0.0,1.7455,0.9533662612544772,1.0,3056.3712692442846,1000.0,3039.9159148060103,1000.0,0.3052125452903266,0.0
4913,1690218240000.0,0.0,0.0,525.0,1.7768435322633795,0.0,0.0,1.74975,0.9533662612544772,1.0,3056.3712692442846,1000.0,3042.14716480601,1000.0,0.3052125452903266,0.0
4914,1690221840000.0,0.0,0.0,525.0,1.7768435322633795,0.0,0.0,1.7451,0.9533662612544772,1.0,3056.3712692442846,1000.0,3039.7059148060102,1000.0,0.3052125452903266,0.0
4915,1690225440000.0,0.0,0.0,525.0,1.7768435322633795,0.0,0.0,1.75185,0.9533662612544772,1.0,3056.3712692442846,1000.0,3043.24966480601,1000.0,0.3052125452903266,0.0
4916,1690229040000.0,0.0,0.0,525.0,1.7768435322633795,0.0,0.0,1.73965,0.9533662612544772,1.0,3056.3712692442846,1000.0,3036.8446648060103,1000.0,0.3052125452903266,0.0
4917,1690232640000.0,0.0,0.0,525.0,1.7768435322633795,0.0,0.0,1.7414,0.9533662612544772,1.0,3056.3712692442846,1000.0,3037.76341480601,1000.0,0.3052125452903266,0.0
4918,1690236240000.0,0.0,0.0,525.0,1.7768435322633795,0.0,0.0,1.7445,0.9533662612544772,1.0,3056.3712692442846,1000.0,3039.39091480601,1000.0,0.3052125452903266,0.0
4919,1690239840000.0,0.0,0.0,525.0,1.7768435322633795,0.0,0.0,1.7405,0.9533662612544772,1.0,3056.3712692442846,1000.0,3037.2909148060103,1000.0,0.3052125452903266,0.0
4920,1690243440000.0,0.0,0.0,525.0,1.7768435322633795,0.0,0.0,1.7495,0.9533662612544772,1.0,3056.3712692442846,1000.0,3042.01591480601,1000.0,0.3052125452903266,0.0
4921,1690247040000.0,0.0,0.0,525.0,1.7768435322633795,0.0,0.0,1.771,0.9533662612544772,1.0,3056.3712692442846,1000.0,3053.30341480601,1000.0,0.3052125452903266,0.0
4922,1690250640000.0,0.0,0.0,525.0,1.7768435322633795,0.0,0.0,1.7721,0.9533662612544772,1.0,3056.3712692442846,1000.0,3053.8809148060104,1000.0,0.3052125452903266,0.0
4923,1690254240000.0,0.0,0.0,525.0,1.7768435322633795,0.0,0.0,1.78215,0.9533662612544772,1.0,3056.3712692442846,1000.0,3059.1571648060103,1000.0,0.3052125452903266,0.0
4924,1690257840000.0,0.0,0.0,525.0,1.7768435322633795,0.0,0.0,1.7772,0.9533662612544772,1.0,3056.3712692442846,1000.0,3056.55841480601,1000.0,0.3052125452903266,0.0
4925,1690261440000.0,0.0,0.0,525.0,1.7768435322633795,0.0,0.0,1.76905,0.9533662612544772,1.0,3056.3712692442846,1000.0,3052.2796648060103,1000.0,0.3052125452903266,0.0
4926,1690265040000.0,0.0,0.0,525.0,1.7768435322633795,0.0,0.0,1.764,0.9533662612544772,1.0,3056.3712692442846,1000.0,3049.6284148060104,1000.0,0.3052125452903266,0.0
4927,1690268640000.0,0.0,0.0,525.0,1.7768435322633795,0.0,0.0,1.7556,0.9533662612544772,1.0,3056.3712692442846,1000.0,3045.2184148060105,1000.0,0.3052125452903266,0.0
4928,1690272240000.0,0.0,0.0,525.0,1.7768435322633795,0.0,0.0,1.76185,0.9533662612544772,1.0,3056.3712692442846,1000.0,3048.49966480601,1000.0,0.3052125452903266,0.0
4929,1690275840000.0,0.0,0.0,525.0,1.7768435322633795,0.0,0.0,1.77885,0.9533662612544772,1.0,3056.3712692442846,1000.0,3057.4246648060102,1000.0,0.3052125452903266,0.0
4930,1690279440000.0,0.0,0.0,385.8,1.7768435322633795,0.0,0.0,1.7814,0.9533662612544772,1.0,3058.806925105222,1000.0,3060.56481035801,1000.0,0.22410902405147085,0.0
4931,1690283040000.0,0.0,0.0,283.5,1.7768435322633795,0.0,0.0,1.7884,0.9533662612544772,1.0,3060.5969221926784,1000.0,3063.8731807960103,1000.0,0.16458722079475308,0.0
4932,1690286640000.0,0.0,0.0,208.3,1.7768435322633795,0.0,0.0,1.79145,0.9533662612544772,1.0,3061.912736278472,1000.0,3064.95526350801,1000.0,0.12087754931262709,0.0
4933,1690290240000.0,0.0,0.0,52.2,1.7768435322633795,0.0,0.0,1.7805,0.9533662612544772,1.0,3064.644100358159,1000.0,3064.8349679740104,1000.0,0.0302649277850269,0.0
4934,1690293840000.0,0.0,0.0,63.4,1.7770630206977773,0.0,0.0,1.80505,0.9533662612544772,1.0,3065.0305124222496,1000.0,3066.8048869100103,1000.0,0.03675845804980288,0.0
4935,1690297440000.0,0.0,0.0,34.4,1.7770630206977773,0.0,0.0,1.79055,0.9533662612544772,1.0,3065.5373744020135,1000.0,3066.00132649001,1000.0,0.01994135462919554,0.0
4936,1690301040000.0,0.0,0.0,85.9,1.7812819314552215,0.0,0.0,1.7859,0.9533662612544772,1.0,3065.5189981720137,1000.0,3065.9156902600103,1000.0,0.04991393561848598,0.0
4937,1690304640000.0,0.0,0.0,85.9,1.7812819314552215,0.0,0.0,1.77745,0.9533662612544772,1.0,3065.5189981720137,1000.0,3065.18983526001,1000.0,0.04991393561848598,0.0
4938,1690308240000.0,0.0,0.0,85.9,1.7812819314552215,0.0,0.0,1.7712,0.9533662612544772,1.0,3065.5189981720137,1000.0,3064.6529602600103,1000.0,0.04991393561848598,0.0
4939,1690311840000.0,0.0,0.0,85.9,1.7812819314552215,0.0,0.0,1.7685,0.9533662612544772,1.0,3065.5189981720137,1000.0,3064.42103026001,1000.0,0.04991393561848598,0.0
4940,1690315440000.0,0.0,0.0,85.9,1.7812819314552215,0.0,0.0,1.76675,0.9533662612544772,1.0,3065.5189981720137,1000.0,3064.2707052600103,1000.0,0.04991393561848598,0.0
4941,1690319040000.0,0.0,0.0,85.9,1.7812819314552215,0.0,0.0,1.76745,0.9533662612544772,1.0,3065.5189981720137,1000.0,3064.33083526001,1000.0,0.04991393561848598,0.0
4942,1690322640000.0,0.0,0.0,85.9,1.7812819314552215,0.0,0.0,1.77305,0.9533662612544772,1.0,3065.5189981720137,1000.0,3064.8118752600103,1000.0,0.04991393561848598,0.0
4943,1690326240000.0,0.0,0.0,85.9,1.7812819314552215,0.0,0.0,1.77515,0.9533662612544772,1.0,3065.5189981720137,1000.0,3064.9922652600103,1000.0,0.04991393561848598,0.0
4944,1690329840000.0,0.0,0.0,85.9,1.7812819314552215,0.0,0.0,1.76695,0.9533662612544772,1.0,3065.5189981720137,1000.0,3064.28788526001,1000.0,0.04991393561848598,0.0
4945,1690333440000.0,0.0,0.0,85.9,1.7812819314552215,0.0,0.0,1.7447,0.9533662612544772,1.0,3065.5189981720137,1000.0,3062.3766102600102,1000.0,0.04991393561848598,0.0
4946,1690337040000.0,0.0,0.0,85.9,1.7812819314552215,0.0,0.0,1.74565,0.9533662612544772,1.0,3065.5189981720137,1000.0,3062.45821526001,1000.0,0.04991393561848598,0.0
4947,1690340640000.0,0.0,0.0,85.9,1.7812819314552215,0.0,0.0,1.7619,0.9533662612544772,1.0,3065.5189981720137,1000.0,3063.8540902600103,1000.0,0.04991393561848598,0.0
4948,1690344240000.0,0.0,0.0,85.9,1.7812819314552215,0.0,0.0,1.7653,0.9533662612544772,1.0,3065.5189981720137,1000.0,3064.14615026001,1000.0,0.04991393561848598,0.0
4949,1690347840000.0,0.0,0.0,85.9,1.7812819314552215,0.0,0.0,1.7584,0.9533662612544772,1.0,3065.5189981720137,1000.0,3063.55344026001,1000.0,0.04991393561848598,0.0
4950,1690351440000.0,0.0,0.0,85.9,1.7812819314552215,0.0,0.0,1.76235,0.9533662612544772,1.0,3065.5189981720137,1000.0,3063.89274526001,1000.0,0.04991393561848598,0.0
4951,1690355040000.0,0.0,0.0,85.9,1.7812819314552215,0.0,0.0,1.75185,0.9533662612544772,1.0,3065.5189981720137,1000.0,3062.99079526001,1000.0,0.04991393561848598,0.0
4952,1690358640000.0,0.0,0.0,85.9,1.7812819314552215,0.0,0.0,1.7428,0.9533662612544772,1.0,3065.5189981720137,1000.0,3062.21340026001,1000.0,0.04991393561848598,0.0
4953,1690362240000.0,0.0,0.0,85.9,1.7812819314552215,0.0,0.0,1.736,0.9533662612544772,1.0,3065.5189981720137,1000.0,3061.62928026001,1000.0,0.04991393561848598,0.0
4954,1690365840000.0,0.0,0.0,85.9,1.7812819314552215,0.0,0.0,1.73295,0.9533662612544772,1.0,3065.5189981720137,1000.0,3061.3672852600102,1000.0,0.04991393561848598,0.0
4955,1690369440000.0,0.0,0.0,85.9,1.7812819314552215,0.0,0.0,1.7343,0.9533662612544772,1.0,3065.5189981720137,1000.0,3061.48325026001,1000.0,0.04991393561848598,0.0
4956,1690373040000.0,0.0,0.0,85.9,1.7812819314552215,0.0,0.0,1.733,0.9533662612544772,1.0,3065.5189981720137,1000.0,3061.37158026001,1000.0,0.04991393561848598,0.0
4957,1690376640000.0,0.0,0.0,85.9,1.7812819314552215,0.0,0.0,1.7506,0.9533662612544772,1.0,3065.5189981720137,1000.0,3062.88342026001,1000.0,0.04991393561848598,0.0
4958,1690380240000.0,0.0,0.0,85.9,1.7812819314552215,0.0,0.0,1.75245,0.9533662612544772,1.0,3065.5189981720137,1000.0,3063.04233526001,1000.0,0.04991393561848598,0.0
4959,1690383840000.0,0.0,0.0,85.9,1.7812819314552215,0.0,0.0,1.75755,0.9533662612544772,1.0,3065.5189981720137,1000.0,3063.48042526001,1000.0,0.04991393561848598,0.0
4960,1690387440000.0,0.0,0.0,85.9,1.7812819314552215,0.0,0.0,1.7615,0.9533662612544772,1.0,3065.5189981720137,1000.0,3063.81973026001,1000.0,0.04991393561848598,0.0
4961,1690391040000.0,0.0,0.0,85.9,1.7812819314552215,0.0,0.0,1.7511,0.9533662612544772,1.0,3065.5189981720137,1000.0,3062.92637026001,1000.0,0.04991393561848598,0.0
4962,1690394640000.0,0.0,0.0,85.9,1.7812819314552215,0.0,0.0,1.7571,0.9533662612544772,1.0,3065.5189981720137,1000.0,3063.4417702600103,1000.0,0.04991393561848598,0.0
4963,1690398240000.0,0.0,0.0,85.9,1.7812819314552215,0.0,0.0,1.7618,0.9533662612544772,1.0,3065.5189981720137,1000.0,3063.8455002600103,1000.0,0.04991393561848598,0.0
4964,1690401840000.0,0.0,0.0,85.9,1.7812819314552215,0.0,0.0,1.76995,0.9533662612544772,1.0,3065.5189981720137,1000.0,3064.5455852600103,1000.0,0.04991393561848598,0.0
4965,1690405440000.0,0.0,0.0,85.9,1.7812819314552215,0.0,0.0,1.785,0.9533662612544772,1.0,3065.5189981720137,1000.0,3065.83838026001,1000.0,0.04991393561848598,0.0
4966,1690409040000.0,0.0,0.0,85.9,1.7812819314552215,0.0,0.0,1.7669,0.9533662612544772,1.0,3065.5189981720137,1000.0,3064.28359026001,1000.0,0.04991393561848598,0.0
4967,1690412640000.0,0.0,0.0,85.9,1.7812819314552215,0.0,0.0,1.7668,0.9533662612544772,1.0,3065.5189981720137,1000.0,3064.27500026001,1000.0,0.04991393561848598,0.0
4968,1690416240000.0,0.0,0.0,85.9,1.7812819314552215,0.0,0.0,1.7546,0.9533662612544772,1.0,3065.5189981720137,1000.0,3063.2270202600102,1000.0,0.04991393561848598,0.0
4969,1690419840000.0,0.0,0.0,85.9,1.7812819314552215,0.0,0.0,1.74195,0.9533662612544772,1.0,3065.5189981720137,1000.0,3062.14038526001,1000.0,0.04991393561848598,0.0
4970,1690423440000.0,0.0,0.0,85.9,1.7812819314552215,0.0,0.0,1.75745,0.9533662612544772,1.0,3065.5189981720137,1000.0,3063.4718352600103,1000.0,0.04991393561848598,0.0
4971,1690427040000.0,0.0,0.0,85.9,1.7812819314552215,0.0,0.0,1.7598,0.9533662612544772,1.0,3065.5189981720137,1000.0,3063.6737002600103,1000.0,0.04991393561848598,0.0
4972,1690430640000.0,0.0,0.0,85.9,1.7812819314552215,0.0,0.0,1.75775,0.9533662612544772,1.0,3065.5189981720137,1000.0,3063.49760526001,1000.0,0.04991393561848598,0.0
4973,1690434240000.0,0.0,0.0,85.9,1.7812819314552215,0.0,0.0,1.77185,0.9533662612544772,1.0,3065.5189981720137,1000.0,3064.70879526001,1000.0,0.04991393561848598,0.0
4974,1690437840000.0,0.0,0.0,85.9,1.7812819314552215,0.0,0.0,1.77225,0.9533662612544772,1.0,3065.5189981720137,1000.0,3064.74315526001,1000.0,0.04991393561848598,0.0
4975,1690441440000.0,0.0,0.0,85.9,1.7812819314552215,0.0,0.0,1.76305,0.9533662612544772,1.0,3065.5189981720137,1000.0,3063.95287526001,1000.0,0.04991393561848598,0.0
4976,1690445040000.0,0.0,0.0,85.9,1.7812819314552215,0.0,0.0,1.7608,0.9533662612544772,1.0,3065.5189981720137,1000.0,3063.7596002600103,1000.0,0.04991393561848598,0.0
4977,1690448640000.0,0.0,0.0,85.9,1.7812819314552215,0.0,0.0,1.77315,0.9533662612544772,1.0,3065.5189981720137,1000.0,3064.82046526001,1000.0,0.04991393561848598,0.0
4978,1690452240000.0,0.0,0.0,85.9,1.7812819314552215,0.0,0.0,1.7913,0.9533662612544772,1.0,3065.5189981720137,1000.0,3066.37955026001,1000.0,0.04991393561848598,0.0
4979,1690455840000.0,0.0,0.0,46.5,1.7812819314552215,0.0,0.0,1.79985,0.9533662612544772,1.0,3066.2068531646783,1000.0,3067.0702683520103,1000.0,0.027013705786737157,0.0
4980,1690459440000.0,0.0,0.0,29.4,1.7812819314552215,0.0,0.0,1.7945,0.9533662612544772,1.0,3066.505389214793,1000.0,3066.8940004300093,1000.0,0.017077970568378245,0.0
4981,1690463040000.0,0.0,0.0,25.2,1.7812819314552215,0.0,0.0,1.7899,0.9533662612544772,1.0,3066.578713858681,1000.0,3066.7958891860094,1000.0,0.014637910473261113,0.0
4982,1690466640000.0,0.0,0.0,7.6,1.7812819314552215,0.0,0.0,1.79265,0.9533662612544772,1.0,3066.88597903307,1000.0,3066.97237635401,1000.0,0.004414165629766214,0.0
4983,1690470240000.0,0.0,0.0,85.9,1.7843064339820685,0.0,0.0,1.78695,0.9533662612544772,1.0,3066.85803219707,1000.0,3067.08511451801,1000.0,0.049976856140698835,0.0
4984,1690473840000.0,0.0,0.0,85.9,1.7843064339820685,0.0,0.0,1.77955,0.9533662612544772,1.0,3066.85803219707,1000.0,3066.44945451801,1000.0,0.049976856140698835,0.0
4985,1690477440000.0,0.0,0.0,85.9,1.7843064339820685,0.0,0.0,1.7788,0.9533662612544772,1.0,3066.85803219707,1000.0,3066.38502951801,1000.0,0.049976856140698835,0.0
4986,1690481040000.0,0.0,0.0,85.9,1.7843064339820685,0.0,0.0,1.7779,0.9533662612544772,1.0,3066.85803219707,1000.0,3066.3077195180103,1000.0,0.049976856140698835,0.0
4987,1690484640000.0,0.0,0.0,85.9,1.7843064339820685,0.0,0.0,1.7564,0.9533662612544772,1.0,3066.85803219707,1000.0,3064.46086951801,1000.0,0.049976856140698835,0.0
4988,1690488240000.0,0.0,0.0,85.9,1.7843064339820685,0.0,0.0,1.7656,0.9533662612544772,1.0,3066.85803219707,1000.0,3065.25114951801,1000.0,0.049976856140698835,0.0
4989,1690491840000.0,0.0,0.0,85.9,1.7843064339820685,0.0,0.0,1.75845,0.9533662612544772,1.0,3066.85803219707,1000.0,3064.6369645180102,1000.0,0.049976856140698835,0.0
4990,1690495440000.0,0.0,0.0,85.9,1.7843064339820685,0.0,0.0,1.7708,0.9533662612544772,1.0,3066.85803219707,1000.0,3065.69782951801,1000.0,0.049976856140698835,0.0
4991,1690499040000.0,0.0,0.0,85.9,1.7843064339820685,0.0,0.0,1.7642,0.9533662612544772,1.0,3066.85803219707,1000.0,3065.13088951801,1000.0,0.049976856140698835,0.0
4992,1690502640000.0,0.0,0.0,85.9,1.7843064339820685,0.0,0.0,1.762,0.9533662612544772,1.0,3066.85803219707,1000.0,3064.94190951801,1000.0,0.049976856140698835,0.0
4993,1690506240000.0,0.0,0.0,85.9,1.7843064339820685,0.0,0.0,1.77945,0.9533662612544772,1.0,3066.85803219707,1000.0,3066.44086451801,1000.0,0.049976856140698835,0.0
4994,1690509840000.0,0.0,0.0,85.9,1.7843064339820685,0.0,0.0,1.7787,0.9533662612544772,1.0,3066.85803219707,1000.0,3066.37643951801,1000.0,0.049976856140698835,0.0
4995,1690513440000.0,0.0,0.0,85.9,1.7843064339820685,0.0,0.0,1.78095,0.9533662612544772,1.0,3066.85803219707,1000.0,3066.56971451801,1000.0,0.049976856140698835,0.0
4996,1690517040000.0,0.0,0.0,85.9,1.7843064339820685,0.0,0.0,1.78145,0.9533662612544772,1.0,3066.85803219707,1000.0,3066.61266451801,1000.0,0.049976856140698835,0.0
4997,1690520640000.0,0.0,0.0,85.9,1.7843064339820685,0.0,0.0,1.7903,0.9533662612544772,1.0,3066.85803219707,1000.0,3067.37287951801,1000.0,0.049976856140698835,0.0
4998,1690524240000.0,0.0,0.0,85.9,1.7843064339820685,0.0,0.0,1.77085,0.9533662612544772,1.0,3066.85803219707,1000.0,3065.7021245180104,1000.0,0.049976856140698835,0.0
4999,1690527840000.0,0.0,0.0,85.9,1.7843064339820685,0.0,0.0,1.7718,0.9533662612544772,1.0,3066.85803219707,1000.0,3065.78372951801,1000.0,0.049976856140698835,0.0
5000,1690531440000.0,0.0,0.0,85.9,1.7843064339820685,0.0,0.0,1.7636,0.9533662612544772,1.0,3066.85803219707,1000.0,3065.07934951801,1000.0,0.049976856140698835,0.0
5001,1690535040000.0,0.0,0.0,85.9,1.7843064339820685,0.0,0.0,1.7761,0.9533662612544772,1.0,3066.85803219707,1000.0,3066.15309951801,1000.0,0.049976856140698835,0.0
5002,1690538640000.0,0.0,0.0,85.9,1.7843064339820685,0.0,0.0,1.77765,0.9533662612544772,1.0,3066.85803219707,1000.0,3066.2862445180103,1000.0,0.049976856140698835,0.0
5003,1690542240000.0,0.0,0.0,85.9,1.7843064339820685,0.0,0.0,1.77695,0.9533662612544772,1.0,3066.85803219707,1000.0,3066.22611451801,1000.0,0.049976856140698835,0.0
5004,1690545840000.0,0.0,0.0,85.9,1.7843064339820685,0.0,0.0,1.77635,0.9533662612544772,1.0,3066.85803219707,1000.0,3066.17457451801,1000.0,0.049976856140698835,0.0
5005,1690549440000.0,0.0,0.0,85.9,1.7843064339820685,0.0,0.0,1.7899,0.9533662612544772,1.0,3066.85803219707,1000.0,3067.3385195180103,1000.0,0.049976856140698835,0.0
5006,1690553040000.0,0.0,0.0,54.2,1.7843064339820685,0.0,0.0,1.7981,0.9533662612544772,1.0,3067.413832291839,1000.0,3068.1614435700108,1000.0,0.03152799524594014,0.0
5007,1690556640000.0,0.0,0.0,46.5,1.7843064339820685,0.0,0.0,1.8089,0.9533662612544772,1.0,3067.548837362177,1000.0,3068.692438182011,1000.0,0.02704773536760162,0.0
5008,1690560240000.0,0.0,0.0,34.2,1.7843064339820685,0.0,0.0,1.79175,0.9533662612544772,1.0,3067.7644948121974,1000.0,3068.0190647700106,1000.0,0.01989177466046737,0.0
5009,1690563840000.0,0.0,0.0,34.2,1.7843064339820685,0.0,0.0,1.79495,0.9533662612544772,1.0,3067.7644948121974,1000.0,3068.1285047700107,1000.0,0.01989177466046737,0.0
5010,1690567440000.0,0.0,0.0,85.7,1.787607701775808,0.0,0.0,1.79855,0.9533662612544772,1.0,3067.7460598721973,1000.0,3068.6838148300108,1000.0,0.04993828597682855,0.0
5011,1690571040000.0,0.0,0.0,73.5,1.787607701775808,0.0,0.0,1.8042,0.9533662612544772,1.0,3067.9599404905325,1000.0,3069.1794744100107,1000.0,0.04282623262007595,0.0
5012,1690574640000.0,0.0,0.0,25.2,1.787607701775808,0.0,0.0,1.8075,0.9533662612544772,1.0,3068.8066973647615,1000.0,3069.3079832800113,1000.0,0.014679228288778707,0.0
5013,1690578240000.0,0.0,0.0,21.6,1.787607701775808,0.0,0.0,1.81395,0.9533662612544772,1.0,3068.8698096783687,1000.0,3069.438803320011,1000.0,0.01258193691911753,0.0
5014,1690581840000.0,0.0,0.0,21.6,1.787607701775808,0.0,0.0,1.81385,0.9533662612544772,1.0,3068.8698096783687,1000.0,3069.436643320011,1000.0,0.01258193691911753,0.0
5015,1690585440000.0,0.0,0.0,21.6,1.787607701775808,0.0,0.0,1.80995,0.9533662612544772,1.0,3068.8698096783687,1000.0,3069.352403320011,1000.0,0.01258193691911753,0.0
5016,1690589040000.0,0.0,0.0,16.0,1.787607701775808,0.0,0.0,1.8054,0.9533662612544772,1.0,3068.967984388424,1000.0,3069.252661160011,1000.0,0.009319655132900517,0.0
5017,1690592640000.0,0.0,0.0,21.6,1.8008368181952168,0.0,0.0,1.819,0.9533662612544772,1.0,3070.066966505028,1000.0,3070.4592912320113,1000.0,0.01267010644959916,0.0
5018,1690596240000.0,0.0,0.0,11.9,1.8008368181952168,0.0,0.0,1.82515,0.9533662612544772,1.0,3070.2386507025344,1000.0,3070.5279775660115,1000.0,0.006979899797567678,0.0
5019,1690599840000.0,0.0,0.0,4.2,1.8008368181952168,0.0,0.0,1.8232,0.9533662612544772,1.0,3070.374936096431,1000.0,3070.4688614600113,1000.0,0.0024633846985592915,0.0
5020,1690603440000.0,0.0,0.0,84.8,1.8108768235426875,0.0,0.0,1.80935,0.9533662612544772,1.0,3070.345736328431,1000.0,3070.216261692011,1000.0,0.050014678418611014,0.0
5021,1690607040000.0,0.0,0.0,84.8,1.8108768235426875,0.0,0.0,1.8151,0.9533662612544772,1.0,3070.345736328431,1000.0,3070.7038616920113,1000.0,0.050014678418611014,0.0
5022,1690610640000.0,0.0,0.0,84.8,1.8108768235426875,0.0,0.0,1.8133,0.9533662612544772,1.0,3070.345736328431,1000.0,3070.551221692011,1000.0,0.050014678418611014,0.0
5023,1690614240000.0,0.0,0.0,84.8,1.8108768235426875,0.0,0.0,1.8021,0.9533662612544772,1.0,3070.345736328431,1000.0,3069.601461692011,1000.0,0.050014678418611014,0.0
5024,1690617840000.0,0.0,0.0,84.8,1.8108768235426875,0.0,0.0,1.80145,0.9533662612544772,1.0,3070.345736328431,1000.0,3069.546341692011,1000.0,0.050014678418611014,0.0
5025,1690621440000.0,0.0,0.0,84.8,1.8108768235426875,0.0,0.0,1.79225,0.9533662612544772,1.0,3070.345736328431,1000.0,3068.7661816920113,1000.0,0.050014678418611014,0.0
5026,1690625040000.0,0.0,0.0,84.8,1.8108768235426875,0.0,0.0,1.7904,0.9533662612544772,1.0,3070.345736328431,1000.0,3068.6093016920113,1000.0,0.050014678418611014,0.0
5027,1690628640000.0,0.0,0.0,84.8,1.8108768235426875,0.0,0.0,1.7861,0.9533662612544772,1.0,3070.345736328431,1000.0,3068.244661692011,1000.0,0.050014678418611014,0.0
5028,1690632240000.0,0.0,0.0,84.8,1.8108768235426875,0.0,0.0,1.7918,0.9533662612544772,1.0,3070.345736328431,1000.0,3068.728021692011,1000.0,0.050014678418611014,0.0
5029,1690635840000.0,0.0,0.0,84.8,1.8108768235426875,0.0,0.0,1.79395,0.9533662612544772,1.0,3070.345736328431,1000.0,3068.910341692011,1000.0,0.050014678418611014,0.0
5030,1690639440000.0,0.0,0.0,84.8,1.8108768235426875,0.0,0.0,1.79785,0.9533662612544772,1.0,3070.345736328431,1000.0,3069.241061692011,1000.0,0.050014678418611014,0.0
5031,1690643040000.0,0.0,0.0,84.8,1.8108768235426875,0.0,0.0,1.791,0.9533662612544772,1.0,3070.345736328431,1000.0,3068.660181692011,1000.0,0.050014678418611014,0.0
5032,1690646640000.0,0.0,0.0,84.8,1.8108768235426875,0.0,0.0,1.7903,0.9533662612544772,1.0,3070.345736328431,1000.0,3068.6008216920113,1000.0,0.050014678418611014,0.0
5033,1690650240000.0,0.0,0.0,84.8,1.8108768235426875,0.0,0.0,1.80045,0.9533662612544772,1.0,3070.345736328431,1000.0,3069.461541692011,1000.0,0.050014678418611014,0.0
5034,1690653840000.0,0.0,0.0,84.8,1.8108768235426875,0.0,0.0,1.80105,0.9533662612544772,1.0,3070.345736328431,1000.0,3069.5124216920112,1000.0,0.050014678418611014,0.0
5035,1690657440000.0,0.0,0.0,84.8,1.8108768235426875,0.0,0.0,1.80075,0.9533662612544772,1.0,3070.345736328431,1000.0,3069.4869816920113,1000.0,0.050014678418611014,0.0
5036,1690661040000.0,0.0,0.0,84.8,1.8108768235426875,0.0,0.0,1.8032,0.9533662612544772,1.0,3070.345736328431,1000.0,3069.694741692011,1000.0,0.050014678418611014,0.0
5037,1690664640000.0,0.0,0.0,84.8,1.8108768235426875,0.0,0.0,1.80555,0.9533662612544772,1.0,3070.345736328431,1000.0,3069.894021692011,1000.0,0.050014678418611014,0.0
5038,1690668240000.0,0.0,0.0,84.8,1.8108768235426875,0.0,0.0,1.8075,0.9533662612544772,1.0,3070.345736328431,1000.0,3070.0593816920114,1000.0,0.050014678418611014,0.0
5039,1690671840000.0,0.0,0.0,84.8,1.8108768235426875,0.0,0.0,1.8084,0.9533662612544772,1.0,3070.345736328431,1000.0,3070.135701692011,1000.0,0.050014678418611014,0.0
5040,1690675440000.0,0.0,0.0,84.8,1.8108768235426875,0.0,0.0,1.80395,0.9533662612544772,1.0,3070.345736328431,1000.0,3069.758341692011,1000.0,0.050014678418611014,0.0
5041,1690679040000.0,0.0,0.0,84.8,1.8108768235426875,0.0,0.0,1.812,0.9533662612544772,1.0,3070.345736328431,1000.0,3070.440981692011,1000.0,0.050014678418611014,0.0
5042,1690682640000.0,0.0,0.0,84.8,1.8108768235426875,0.0,0.0,1.80565,0.9533662612544772,1.0,3070.345736328431,1000.0,3069.902501692011,1000.0,0.050014678418611014,0.0
5043,1690686240000.0,0.0,0.0,84.8,1.8108768235426875,0.0,0.0,1.8074,0.9533662612544772,1.0,3070.345736328431,1000.0,3070.050901692011,1000.0,0.050014678418611014,0.0
5044,1690689840000.0,0.0,0.0,84.8,1.8108768235426875,0.0,0.0,1.80805,0.9533662612544772,1.0,3070.345736328431,1000.0,3070.106021692011,1000.0,0.050014678418611014,0.0
5045,1690693440000.0,0.0,0.0,84.8,1.8108768235426875,0.0,0.0,1.8104,0.9533662612544772,1.0,3070.345736328431,1000.0,3070.305301692011,1000.0,0.050014678418611014,0.0
5046,1690697040000.0,0.0,0.0,84.8,1.8108768235426875,0.0,0.0,1.80775,0.9533662612544772,1.0,3070.345736328431,1000.0,3070.080581692011,1000.0,0.050014678418611014,0.0
5047,1690700640000.0,0.0,0.0,84.8,1.8108768235426875,0.0,0.0,1.7982,0.9533662612544772,1.0,3070.345736328431,1000.0,3069.270741692011,1000.0,0.050014678418611014,0.0
5048,1690704240000.0,0.0,0.0,84.8,1.8108768235426875,0.0,0.0,1.79825,0.9533662612544772,1.0,3070.345736328431,1000.0,3069.274981692011,1000.0,0.050014678418611014,0.0
5049,1690707840000.0,0.0,0.0,84.8,1.8108768235426875,0.0,0.0,1.79805,0.9533662612544772,1.0,3070.345736328431,1000.0,3069.258021692011,1000.0,0.050014678418611014,0.0
5050,1690711440000.0,0.0,0.0,84.8,1.8108768235426875,0.0,0.0,1.79695,0.9533662612544772,1.0,3070.345736328431,1000.0,3069.164741692011,1000.0,0.050014678418611014,0.0
5051,1690715040000.0,0.0,0.0,84.8,1.8108768235426875,0.0,0.0,1.79095,0.9533662612544772,1.0,3070.345736328431,1000.0,3068.6559416920113,1000.0,0.050014678418611014,0.0
5052,1690718640000.0,0.0,0.0,84.8,1.8108768235426875,0.0,0.0,1.7972,0.9533662612544772,1.0,3070.345736328431,1000.0,3069.185941692011,1000.0,0.050014678418611014,0.0
5053,1690722240000.0,0.0,0.0,84.8,1.8108768235426875,0.0,0.0,1.8003,0.9533662612544772,1.0,3070.345736328431,1000.0,3069.4488216920113,1000.0,0.050014678418611014,0.0
5054,1690725840000.0,0.0,0.0,84.8,1.8108768235426875,0.0,0.0,1.79425,0.9533662612544772,1.0,3070.345736328431,1000.0,3068.935781692011,1000.0,0.050014678418611014,0.0
5055,1690729440000.0,0.0,0.0,84.8,1.8108768235426875,0.0,0.0,1.8104,0.9533662612544772,1.0,3070.345736328431,1000.0,3070.305301692011,1000.0,0.050014678418611014,0.0
5056,1690733040000.0,0.0,0.0,84.8,1.8108768235426875,0.0,0.0,1.8007,0.9533662612544772,1.0,3070.345736328431,1000.0,3069.482741692011,1000.0,0.050014678418611014,0.0
5057,1690736640000.0,0.0,0.0,84.8,1.8108768235426875,0.0,0.0,1.80775,0.9533662612544772,1.0,3070.345736328431,1000.0,3070.080581692011,1000.0,0.050014678418611014,0.0
5058,1690740240000.0,0.0,0.0,84.8,1.8108768235426875,0.0,0.0,1.8064,0.9533662612544772,1.0,3070.345736328431,1000.0,3069.9661016920113,1000.0,0.050014678418611014,0.0
5059,1690743840000.0,0.0,0.0,84.8,1.8108768235426875,0.0,0.0,1.8064,0.9533662612544772,1.0,3070.345736328431,1000.0,3069.9661016920113,1000.0,0.050014678418611014,0.0
5060,1690747440000.0,0.0,0.0,84.8,1.8108768235426875,0.0,0.0,1.76175,0.9533662612544772,1.0,3070.345736328431,1000.0,3066.179781692011,1000.0,0.050014678418611014,0.0
5061,1690751040000.0,0.0,0.0,84.8,1.8108768235426875,0.0,0.0,1.7894,0.9533662612544772,1.0,3070.345736328431,1000.0,3068.524501692011,1000.0,0.050014678418611014,0.0
5062,1690754640000.0,0.0,0.0,84.8,1.8108768235426875,0.0,0.0,1.77625,0.9533662612544772,1.0,3070.345736328431,1000.0,3067.4093816920113,1000.0,0.050014678418611014,0.0
5063,1690758240000.0,0.0,0.0,84.8,1.8108768235426875,0.0,0.0,1.7758,0.9533662612544772,1.0,3070.345736328431,1000.0,3067.371221692011,1000.0,0.050014678418611014,0.0
5064,1690761840000.0,0.0,0.0,84.8,1.8108768235426875,0.0,0.0,1.7815,0.9533662612544772,1.0,3070.345736328431,1000.0,3067.854581692011,1000.0,0.050014678418611014,0.0
5065,1690765440000.0,0.0,0.0,84.8,1.8108768235426875,0.0,0.0,1.7977,0.9533662612544772,1.0,3070.345736328431,1000.0,3069.2283416920113,1000.0,0.050014678418611014,0.0
5066,1690769040000.0,0.0,0.0,84.8,1.8108768235426875,0.0,0.0,1.79505,0.9533662612544772,1.0,3070.345736328431,1000.0,3069.003621692011,1000.0,0.050014678418611014,0.0
5067,1690772640000.0,0.0,0.0,84.8,1.8108768235426875,0.0,0.0,1.7952,0.9533662612544772,1.0,3070.345736328431,1000.0,3069.0163416920113,1000.0,0.050014678418611014,0.0
5068,1690776240000.0,0.0,0.0,84.8,1.8108768235426875,0.0,0.0,1.80965,0.9533662612544772,1.0,3070.345736328431,1000.0,3070.2417016920112,1000.0,0.050014678418611014,0.0
5069,1690779840000.0,0.0,0.0,84.8,1.8108768235426875,0.0,0.0,1.78545,0.9533662612544772,1.0,3070.345736328431,1000.0,3068.189541692011,1000.0,0.050014678418611014,0.0
5070,1690783440000.0,0.0,0.0,84.8,1.8108768235426875,0.0,0.0,1.78115,0.9533662612544772,1.0,3070.345736328431,1000.0,3067.8249016920113,1000.0,0.050014678418611014,0.0
5071,1690787040000.0,0.0,0.0,84.8,1.8108768235426875,0.0,0.0,1.79165,0.9533662612544772,1.0,3070.345736328431,1000.0,3068.715301692011,1000.0,0.050014678418611014,0.0
5072,1690790640000.0,0.0,0.0,84.8,1.8108768235426875,0.0,0.0,1.78775,0.9533662612544772,1.0,3070.345736328431,1000.0,3068.384581692011,1000.0,0.050014678418611014,0.0
5073,1690794240000.0,0.0,0.0,84.8,1.8108768235426875,0.0,0.0,1.7992,0.9533662612544772,1.0,3070.345736328431,1000.0,3069.3555416920112,1000.0,0.050014678418611014,0.0
5074,1690797840000.0,0.0,0.0,84.8,1.8108768235426875,0.0,0.0,1.7968,0.9533662612544772,1.0,3070.345736328431,1000.0,3069.152021692011,1000.0,0.050014678418611014,0.0
5075,1690801440000.0,0.0,0.0,84.8,1.8108768235426875,0.0,0.0,1.8024,0.9533662612544772,1.0,3070.345736328431,1000.0,3069.626901692011,1000.0,0.050014678418611014,0.0
5076,1690805040000.0,0.0,0.0,84.8,1.8108768235426875,0.0,0.0,1.80315,0.9533662612544772,1.0,3070.345736328431,1000.0,3069.690501692011,1000.0,0.050014678418611014,0.0
5077,1690808640000.0,0.0,0.0,84.8,1.8108768235426875,0.0,0.0,1.807,0.9533662612544772,1.0,3070.345736328431,1000.0,3070.016981692011,1000.0,0.050014678418611014,0.0
5078,1690812240000.0,0.0,0.0,84.8,1.8108768235426875,0.0,0.0,1.78595,0.9533662612544772,1.0,3070.345736328431,1000.0,3068.2319416920113,1000.0,0.050014678418611014,0.0
5079,1690815840000.0,0.0,0.0,84.8,1.8108768235426875,0.0,0.0,1.7852,0.9533662612544772,1.0,3070.345736328431,1000.0,3068.168341692011,1000.0,0.050014678418611014,0.0
5080,1690819440000.0,0.0,0.0,84.8,1.8108768235426875,0.0,0.0,1.7759,0.9533662612544772,1.0,3070.345736328431,1000.0,3067.379701692011,1000.0,0.050014678418611014,0.0
5081,1690823040000.0,0.0,0.0,84.8,1.8108768235426875,0.0,0.0,1.7651,0.9533662612544772,1.0,3070.345736328431,1000.0,3066.463861692011,1000.0,0.050014678418611014,0.0
5082,1690826640000.0,0.0,0.0,84.8,1.8108768235426875,0.0,0.0,1.77,0.9533662612544772,1.0,3070.345736328431,1000.0,3066.879381692011,1000.0,0.050014678418611014,0.0
5083,1690830240000.0,0.0,0.0,84.8,1.8108768235426875,0.0,0.0,1.7668,0.9533662612544772,1.0,3070.345736328431,1000.0,3066.6080216920113,1000.0,0.050014678418611014,0.0
5084,1690833840000.0,0.0,0.0,214.6,1.772785529526654,0.0,0.0,1.733,0.9533662612544772,1.0,3070.300360844431,1000.0,3061.762386208011,1000.0,0.12390962769902643,0.0
5085,1690837440000.0,0.0,0.0,214.6,1.772785529526654,0.0,0.0,1.7434,0.9533662612544772,1.0,3070.300360844431,1000.0,3063.9942262080112,1000.0,0.12390962769902643,0.0
5086,1690841040000.0,0.0,0.0,214.6,1.772785529526654,0.0,0.0,1.74925,0.9533662612544772,1.0,3070.300360844431,1000.0,3065.249636208011,1000.0,0.12390962769902643,0.0
5087,1690844640000.0,0.0,0.0,214.6,1.772785529526654,0.0,0.0,1.75,0.9533662612544772,1.0,3070.300360844431,1000.0,3065.410586208011,1000.0,0.12390962769902643,0.0
5088,1690848240000.0,0.0,0.0,214.6,1.772785529526654,0.0,0.0,1.7468,0.9533662612544772,1.0,3070.300360844431,1000.0,3064.7238662080113,1000.0,0.12390962769902643,0.0
5089,1690851840000.0,0.0,0.0,214.6,1.772785529526654,0.0,0.0,1.755,0.9533662612544772,1.0,3070.300360844431,1000.0,3066.483586208011,1000.0,0.12390962769902643,0.0
5090,1690855440000.0,0.0,0.0,214.6,1.772785529526654,0.0,0.0,1.73765,0.9533662612544772,1.0,3070.300360844431,1000.0,3062.760276208011,1000.0,0.12390962769902643,0.0
5091,1690859040000.0,0.0,0.0,543.0,1.7311243731794104,0.0,0.0,1.72625,0.9533662612544772,1.0,3070.188448692431,1000.0,3067.541664056011,1000.0,0.3061703052907904,0.0
5092,1690862640000.0,0.0,0.0,543.0,1.7311243731794104,0.0,0.0,1.7234,0.9533662612544772,1.0,3070.188448692431,1000.0,3065.9941140560113,1000.0,0.3061703052907904,0.0
5093,1690866240000.0,0.0,0.0,543.0,1.7311243731794104,0.0,0.0,1.71745,0.9533662612544772,1.0,3070.188448692431,1000.0,3062.763264056011,1000.0,0.3061703052907904,0.0
5094,1690869840000.0,0.0,0.0,543.0,1.7311243731794104,0.0,0.0,1.7239,0.9533662612544772,1.0,3070.188448692431,1000.0,3066.265614056011,1000.0,0.3061703052907904,0.0
5095,1690873440000.0,0.0,0.0,543.0,1.7311243731794104,0.0,0.0,1.7373,0.9533662612544772,1.0,3070.188448692431,1000.0,3073.541814056011,1000.0,0.3061703052907904,0.0
5096,1690877040000.0,0.0,0.0,543.0,1.7311243731794104,0.0,0.0,1.74045,0.9533662612544772,1.0,3070.188448692431,1000.0,3075.252264056011,1000.0,0.3061703052907904,0.0
5097,1690880640000.0,0.0,0.0,215.5,1.7311243731794104,0.0,0.0,1.74975,0.9533662612544772,1.0,3075.7644397261743,1000.0,3079.778262306011,1000.0,0.1212892956306417,0.0
5098,1690884240000.0,0.0,0.0,116.4,1.7311243731794104,0.0,0.0,1.74885,0.9533662612544772,1.0,3077.451709074094,1000.0,3079.514972036011,1000.0,0.06547718570008336,0.0
5099,1690887840000.0,0.0,0.0,54.0,1.7311243731794104,0.0,0.0,1.75025,0.9533662612544772,1.0,3078.5141269076985,1000.0,3079.54691075601,1000.0,0.030365530999069194,0.0
5100,1690891440000.0,0.0,0.0,88.3,1.7375505958688855,0.0,0.0,1.74505,0.9533662612544772,1.0,3078.7406576452336,1000.0,3079.402855030011,1000.0,0.049833920643569195,0.0
5101,1690895040000.0,0.0,0.0,88.3,1.7375505958688855,0.0,0.0,1.7508,0.9533662612544772,1.0,3078.7406576452336,1000.0,3079.910580030011,1000.0,0.049833920643569195,0.0
5102,1690898640000.0,0.0,0.0,88.3,1.7375505958688855,0.0,0.0,1.75,0.9533662612544772,1.0,3078.7406576452336,1000.0,3079.839940030011,1000.0,0.049833920643569195,0.0
5103,1690902240000.0,0.0,0.0,88.3,1.7375505958688855,0.0,0.0,1.7337,0.9533662612544772,1.0,3078.7406576452336,1000.0,3078.400650030011,1000.0,0.049833920643569195,0.0
5104,1690905840000.0,0.0,0.0,75.7,1.7375505958688855,0.0,0.0,1.74985,0.9533662612544772,1.0,3078.9560975372856,1000.0,3079.887162430011,1000.0,0.04271986216772674,0.0
5105,1690909440000.0,0.0,0.0,30.2,1.7375505958688855,0.0,0.0,1.75515,0.9533662612544772,1.0,3079.7340749252517,1000.0,3080.2655769300113,1000.0,0.017038493168120023,0.0
5106,1690913040000.0,0.0,0.0,10.4,1.7375505958688855,0.0,0.0,1.7551,0.9533662612544772,1.0,3080.0726233270484,1000.0,3080.255137130012,1000.0,0.005866915624059831,0.0
5107,1690916640000.0,0.0,0.0,6.5,1.7375505958688855,0.0,0.0,1.7689,0.9533662612544772,1.0,3080.1612727091597,1000.0,3080.365043836012,1000.0,0.003666716731106107,0.0
5108,1690920240000.0,0.0,0.0,3.9,1.7375505958688855,0.0,0.0,1.769,0.9533662612544772,1.0,3080.249659771901,1000.0,3080.3723124480125,1000.0,0.0021999669093025606,0.0
5109,1690923840000.0,0.0,0.0,3.9,1.7375505958688855,0.0,0.0,1.7663,0.9533662612544772,1.0,3080.249659771901,1000.0,3080.3617824480125,1000.0,0.0021999669093025606,0.0
5110,1690927440000.0,0.0,0.0,3.9,1.7375505958688855,0.0,0.0,1.76175,0.9533662612544772,1.0,3080.249659771901,1000.0,3080.3440374480124,1000.0,0.0021999669093025606,0.0
5111,1690931040000.0,0.0,0.0,3.9,1.7375505958688855,0.0,0.0,1.7679,0.9533662612544772,1.0,3080.249659771901,1000.0,3080.368022448012,1000.0,0.0021999669093025606,0.0
5112,1690934640000.0,0.0,0.0,2.2,1.7375505958688855,0.0,0.0,1.79565,0.9533662612544772,1.0,3080.326147572924,1000.0,3080.4539662620127,1000.0,0.0012409761589445623,0.0
5113,1690938240000.0,0.0,0.0,0.8,1.7375505958688855,0.0,0.0,1.7893,0.9533662612544772,1.0,3080.3975358467083,1000.0,3080.438935370013,1000.0,0.0004512535997445629,0.0
5114,1690941840000.0,0.0,0.0,0.8,1.7375505958688855,0.0,0.0,1.79165,0.9533662612544772,1.0,3080.3975358467083,1000.0,3080.4408153700133,1000.0,0.0004512535997445629,0.0
5115,1690945440000.0,0.0,0.0,0.8,1.7375505958688855,0.0,0.0,1.79865,0.9533662612544772,1.0,3080.3975358467083,1000.0,3080.4464153700133,1000.0,0.0004512535997445629,0.0
5116,1690949040000.0,0.0,0.0,0.6,1.7375505958688855,0.0,0.0,1.78945,0.9533662612544772,1.0,3080.4077341715342,1000.0,3080.438873814013,1000.0,0.0003384390793323717,0.0
5117,1690952640000.0,0.0,0.0,0.4,1.7375505958688855,0.0,0.0,1.78915,0.9533662612544772,1.0,3080.41793249636,1000.0,3080.4385722580128,1000.0,0.00022562530590916025,0.0
5118,1690956240000.0,0.0,0.0,86.4,1.7827425367912113,0.0,0.0,1.7815,0.9533662612544772,1.0,3080.3923301207733,1000.0,3080.2849749420125,1000.0,0.050003031650426695,0.0
5119,1690959840000.0,0.0,0.0,86.4,1.7827425367912113,0.0,0.0,1.77215,0.9533662612544772,1.0,3080.3923301207733,1000.0,3079.4771349420125,1000.0,0.050003031650426695,0.0
5120,1690963440000.0,0.0,0.0,86.4,1.7827425367912113,0.0,0.0,1.7726,0.9533662612544772,1.0,3080.3923301207733,1000.0,3079.5160149420126,1000.0,0.050003031650426695,0.0
5121,1690967040000.0,0.0,0.0,86.4,1.7827425367912113,0.0,0.0,1.78185,0.9533662612544772,1.0,3080.3923301207733,1000.0,3080.3152149420125,1000.0,0.050003031650426695,0.0
5122,1690970640000.0,0.0,0.0,86.4,1.7827425367912113,0.0,0.0,1.78335,0.9533662612544772,1.0,3080.3923301207733,1000.0,3080.4448149420127,1000.0,0.050003031650426695,0.0
5123,1690974240000.0,0.0,0.0,86.4,1.7827425367912113,0.0,0.0,1.7905,0.9533662612544772,1.0,3080.3923301207733,1000.0,3081.062574942013,1000.0,0.050003031650426695,0.0
5124,1690977840000.0,0.0,0.0,86.4,1.7827425367912113,0.0,0.0,1.792,0.9533662612544772,1.0,3080.3923301207733,1000.0,3081.1921749420126,1000.0,0.050003031650426695,0.0
5125,1690981440000.0,0.0,0.0,86.4,1.7827425367912113,0.0,0.0,1.7777,0.9533662612544772,1.0,3080.3923301207733,1000.0,3079.956654942013,1000.0,0.050003031650426695,0.0
5126,1690985040000.0,0.0,0.0,86.4,1.7827425367912113,0.0,0.0,1.77595,0.9533662612544772,1.0,3080.3923301207733,1000.0,3079.8054549420126,1000.0,0.050003031650426695,0.0
5127,1690988640000.0,0.0,0.0,86.4,1.7827425367912113,0.0,0.0,1.765,0.9533662612544772,1.0,3080.3923301207733,1000.0,3078.8593749420124,1000.0,0.050003031650426695,0.0
5128,1690992240000.0,0.0,0.0,86.4,1.7827425367912113,0.0,0.0,1.77595,0.9533662612544772,1.0,3080.3923301207733,1000.0,3079.8054549420126,1000.0,0.050003031650426695,0.0
5129,1690995840000.0,0.0,0.0,86.4,1.7827425367912113,0.0,0.0,1.76455,0.9533662612544772,1.0,3080.3923301207733,1000.0,3078.820494942013,1000.0,0.050003031650426695,0.0
5130,1690999440000.0,0.0,0.0,86.4,1.7827425367912113,0.0,0.0,1.7746,0.9533662612544772,1.0,3080.3923301207733,1000.0,3079.6888149420124,1000.0,0.050003031650426695,0.0
5131,1691003040000.0,0.0,0.0,86.4,1.7827425367912113,0.0,0.0,1.7692,0.9533662612544772,1.0,3080.3923301207733,1000.0,3079.2222549420126,1000.0,0.050003031650426695,0.0
5132,1691006640000.0,0.0,0.0,86.4,1.7827425367912113,0.0,0.0,1.77935,0.9533662612544772,1.0,3080.3923301207733,1000.0,3080.0992149420126,1000.0,0.050003031650426695,0.0
5133,1691010240000.0,0.0,0.0,86.4,1.7827425367912113,0.0,0.0,1.77245,0.9533662612544772,1.0,3080.3923301207733,1000.0,3079.5030549420126,1000.0,0.050003031650426695,0.0
5134,1691013840000.0,0.0,0.0,86.4,1.7827425367912113,0.0,0.0,1.7759,0.9533662612544772,1.0,3080.3923301207733,1000.0,3079.8011349420126,1000.0,0.050003031650426695,0.0
5135,1691017440000.0,0.0,0.0,86.4,1.7827425367912113,0.0,0.0,1.768,0.9533662612544772,1.0,3080.3923301207733,1000.0,3079.118574942013,1000.0,0.050003031650426695,0.0
5136,1691021040000.0,0.0,0.0,86.4,1.7827425367912113,0.0,0.0,1.75975,0.9533662612544772,1.0,3080.3923301207733,1000.0,3078.4057749420126,1000.0,0.050003031650426695,0.0
5137,1691024640000.0,0.0,0.0,86.4,1.7827425367912113,0.0,0.0,1.7665,0.9533662612544772,1.0,3080.3923301207733,1000.0,3078.9889749420126,1000.0,0.050003031650426695,0.0
5138,1691028240000.0,0.0,0.0,86.4,1.7827425367912113,0.0,0.0,1.78095,0.9533662612544772,1.0,3080.3923301207733,1000.0,3080.237454942013,1000.0,0.050003031650426695,0.0
5139,1691031840000.0,0.0,0.0,86.4,1.7827425367912113,0.0,0.0,1.77485,0.9533662612544772,1.0,3080.3923301207733,1000.0,3079.7104149420124,1000.0,0.050003031650426695,0.0
5140,1691035440000.0,0.0,0.0,86.4,1.7827425367912113,0.0,0.0,1.77675,0.9533662612544772,1.0,3080.3923301207733,1000.0,3079.8745749420127,1000.0,0.050003031650426695,0.0
5141,1691039040000.0,0.0,0.0,86.4,1.7827425367912113,0.0,0.0,1.77065,0.9533662612544772,1.0,3080.3923301207733,1000.0,3079.3475349420128,1000.0,0.050003031650426695,0.0
5142,1691042640000.0,0.0,0.0,86.4,1.7827425367912113,0.0,0.0,1.7655,0.9533662612544772,1.0,3080.3923301207733,1000.0,3078.9025749420125,1000.0,0.050003031650426695,0.0
5143,1691046240000.0,0.0,0.0,86.4,1.7827425367912113,0.0,0.0,1.758,0.9533662612544772,1.0,3080.3923301207733,1000.0,3078.254574942013,1000.0,0.050003031650426695,0.0
5144,1691049840000.0,0.0,0.0,86.4,1.7827425367912113,0.0,0.0,1.75325,0.9533662612544772,1.0,3080.3923301207733,1000.0,3077.8441749420126,1000.0,0.050003031650426695,0.0
5145,1691053440000.0,0.0,0.0,86.4,1.7827425367912113,0.0,0.0,1.74675,0.9533662612544772,1.0,3080.3923301207733,1000.0,3077.2825749420126,1000.0,0.050003031650426695,0.0
5146,1691057040000.0,0.0,0.0,86.4,1.7827425367912113,0.0,0.0,1.76265,0.9533662612544772,1.0,3080.3923301207733,1000.0,3078.6563349420126,1000.0,0.050003031650426695,0.0
5147,1691060640000.0,0.0,0.0,86.4,1.7827425367912113,0.0,0.0,1.7629,0.9533662612544772,1.0,3080.3923301207733,1000.0,3078.6779349420126,1000.0,0.050003031650426695,0.0
5148,1691064240000.0,0.0,0.0,86.4,1.7827425367912113,0.0,0.0,1.7639,0.9533662612544772,1.0,3080.3923301207733,1000.0,3078.7643349420127,1000.0,0.050003031650426695,0.0
5149,1691067840000.0,0.0,0.0,86.4,1.7827425367912113,0.0,0.0,1.75505,0.9533662612544772,1.0,3080.3923301207733,1000.0,3077.9996949420124,1000.0,0.050003031650426695,0.0
5150,1691071440000.0,0.0,0.0,86.4,1.7827425367912113,0.0,0.0,1.75995,0.9533662612544772,1.0,3080.3923301207733,1000.0,3078.4230549420126,1000.0,0.050003031650426695,0.0
5151,1691075040000.0,0.0,0.0,86.4,1.7827425367912113,0.0,0.0,1.7723,0.9533662612544772,1.0,3080.3923301207733,1000.0,3079.4900949420125,1000.0,0.050003031650426695,0.0
5152,1691078640000.0,0.0,0.0,86.4,1.7827425367912113,0.0,0.0,1.766,0.9533662612544772,1.0,3080.3923301207733,1000.0,3078.9457749420126,1000.0,0.050003031650426695,0.0
5153,1691082240000.0,0.0,0.0,86.4,1.7827425367912113,0.0,0.0,1.77935,0.9533662612544772,1.0,3080.3923301207733,1000.0,3080.0992149420126,1000.0,0.050003031650426695,0.0
5154,1691085840000.0,0.0,0.0,86.4,1.7827425367912113,0.0,0.0,1.77035,0.9533662612544772,1.0,3080.3923301207733,1000.0,3079.3216149420127,1000.0,0.050003031650426695,0.0
5155,1691089440000.0,0.0,0.0,86.4,1.7827425367912113,0.0,0.0,1.7761,0.9533662612544772,1.0,3080.3923301207733,1000.0,3079.8184149420126,1000.0,0.050003031650426695,0.0
5156,1691093040000.0,0.0,0.0,86.4,1.7827425367912113,0.0,0.0,1.7832,0.9533662612544772,1.0,3080.3923301207733,1000.0,3080.4318549420127,1000.0,0.050003031650426695,0.0
5157,1691096640000.0,0.0,0.0,86.4,1.7827425367912113,0.0,0.0,1.78095,0.9533662612544772,1.0,3080.3923301207733,1000.0,3080.237454942013,1000.0,0.050003031650426695,0.0
5158,1691100240000.0,0.0,0.0,86.4,1.7827425367912113,0.0,0.0,1.77155,0.9533662612544772,1.0,3080.3923301207733,1000.0,3079.4252949420124,1000.0,0.050003031650426695,0.0
5159,1691103840000.0,0.0,0.0,86.4,1.7827425367912113,0.0,0.0,1.7687,0.9533662612544772,1.0,3080.3923301207733,1000.0,3079.1790549420125,1000.0,0.050003031650426695,0.0
5160,1691107440000.0,0.0,0.0,86.4,1.7827425367912113,0.0,0.0,1.77165,0.9533662612544772,1.0,3080.3923301207733,1000.0,3079.4339349420125,1000.0,0.050003031650426695,0.0
5161,1691111040000.0,0.0,0.0,86.4,1.7827425367912113,0.0,0.0,1.7765,0.9533662612544772,1.0,3080.3923301207733,1000.0,3079.8529749420127,1000.0,0.050003031650426695,0.0
5162,1691114640000.0,0.0,0.0,86.4,1.7827425367912113,0.0,0.0,1.77685,0.9533662612544772,1.0,3080.3923301207733,1000.0,3079.8832149420127,1000.0,0.050003031650426695,0.0
5163,1691118240000.0,0.0,0.0,86.4,1.7827425367912113,0.0,0.0,1.76935,0.9533662612544772,1.0,3080.3923301207733,1000.0,3079.2352149420126,1000.0,0.050003031650426695,0.0
5164,1691121840000.0,0.0,0.0,86.4,1.7827425367912113,0.0,0.0,1.76485,0.9533662612544772,1.0,3080.3923301207733,1000.0,3078.8464149420124,1000.0,0.050003031650426695,0.0
5165,1691125440000.0,0.0,0.0,86.4,1.7827425367912113,0.0,0.0,1.7637,0.9533662612544772,1.0,3080.3923301207733,1000.0,3078.7470549420127,1000.0,0.050003031650426695,0.0
5166,1691129040000.0,0.0,0.0,86.4,1.7827425367912113,0.0,0.0,1.75925,0.9533662612544772,1.0,3080.3923301207733,1000.0,3078.3625749420125,1000.0,0.050003031650426695,0.0
5167,1691132640000.0,0.0,0.0,86.4,1.7827425367912113,0.0,0.0,1.7464,0.9533662612544772,1.0,3080.3923301207733,1000.0,3077.2523349420126,1000.0,0.050003031650426695,0.0
5168,1691136240000.0,0.0,0.0,86.4,1.7827425367912113,0.0,0.0,1.7588,0.9533662612544772,1.0,3080.3923301207733,1000.0,3078.3236949420125,1000.0,0.050003031650426695,0.0
5169,1691139840000.0,0.0,0.0,86.4,1.7827425367912113,0.0,0.0,1.7526,0.9533662612544772,1.0,3080.3923301207733,1000.0,3077.7880149420125,1000.0,0.050003031650426695,0.0
5170,1691143440000.0,0.0,0.0,86.4,1.7827425367912113,0.0,0.0,1.75575,0.9533662612544772,1.0,3080.3923301207733,1000.0,3078.0601749420125,1000.0,0.050003031650426695,0.0
5171,1691147040000.0,0.0,0.0,86.4,1.7827425367912113,0.0,0.0,1.74695,0.9533662612544772,1.0,3080.3923301207733,1000.0,3077.2998549420126,1000.0,0.050003031650426695,0.0
5172,1691150640000.0,0.0,0.0,86.4,1.7827425367912113,0.0,0.0,1.7406,0.9533662612544772,1.0,3080.3923301207733,1000.0,3076.7512149420127,1000.0,0.050003031650426695,0.0
5173,1691154240000.0,0.0,0.0,86.4,1.7827425367912113,0.0,0.0,1.7546,0.9533662612544772,1.0,3080.3923301207733,1000.0,3077.960814942013,1000.0,0.050003031650426695,0.0
5174,1691157840000.0,0.0,0.0,86.4,1.7827425367912113,0.0,0.0,1.746,0.9533662612544772,1.0,3080.3923301207733,1000.0,3077.2177749420125,1000.0,0.050003031650426695,0.0
5175,1691161440000.0,0.0,0.0,86.4,1.7827425367912113,0.0,0.0,1.75775,0.9533662612544772,1.0,3080.3923301207733,1000.0,3078.232974942013,1000.0,0.050003031650426695,0.0
5176,1691165040000.0,0.0,0.0,86.4,1.7827425367912113,0.0,0.0,1.7578,0.9533662612544772,1.0,3080.3923301207733,1000.0,3078.237294942013,1000.0,0.050003031650426695,0.0
5177,1691168640000.0,0.0,0.0,86.4,1.7827425367912113,0.0,0.0,1.7568,0.9533662612544772,1.0,3080.3923301207733,1000.0,3078.1508949420127,1000.0,0.050003031650426695,0.0
5178,1691172240000.0,0.0,0.0,86.4,1.7827425367912113,0.0,0.0,1.74955,0.9533662612544772,1.0,3080.3923301207733,1000.0,3077.5244949420126,1000.0,0.050003031650426695,0.0
5179,1691175840000.0,0.0,0.0,86.4,1.7827425367912113,0.0,0.0,1.73905,0.9533662612544772,1.0,3080.3923301207733,1000.0,3076.6172949420124,1000.0,0.050003031650426695,0.0
5180,1691179440000.0,0.0,0.0,86.4,1.7827425367912113,0.0,0.0,1.73655,0.9533662612544772,1.0,3080.3923301207733,1000.0,3076.4012949420126,1000.0,0.050003031650426695,0.0
5181,1691183040000.0,0.0,0.0,218.6,1.7452823201224184,0.0,0.0,1.7254,0.9533662612544772,1.0,3080.3468321687733,1000.0,3076.0005569900127,1000.0,0.12385576558927476,0.0
5182,1691186640000.0,0.0,0.0,218.6,1.7452823201224184,0.0,0.0,1.73085,0.9533662612544772,1.0,3080.3468321687733,1000.0,3077.1919269900127,1000.0,0.12385576558927476,0.0
5183,1691190240000.0,0.0,0.0,218.6,1.7452823201224184,0.0,0.0,1.7268,0.9533662612544772,1.0,3080.3468321687733,1000.0,3076.3065969900126,1000.0,0.12385576558927476,0.0
5184,1691193840000.0,0.0,0.0,218.6,1.7452823201224184,0.0,0.0,1.72815,0.9533662612544772,1.0,3080.3468321687733,1000.0,3076.6017069900126,1000.0,0.12385576558927476,0.0
5185,1691197440000.0,0.0,0.0,218.6,1.7452823201224184,0.0,0.0,1.72845,0.9533662612544772,1.0,3080.3468321687733,1000.0,3076.6672869900126,1000.0,0.12385576558927476,0.0
5186,1691201040000.0,0.0,0.0,218.6,1.7452823201224184,0.0,0.0,1.71015,0.9533662612544772,1.0,3080.3468321687733,1000.0,3072.6669069900126,1000.0,0.12385576558927476,0.0
5187,1691204640000.0,0.0,0.0,218.6,1.7452823201224184,0.0,0.0,1.71605,0.9533662612544772,1.0,3080.3468321687733,1000.0,3073.956646990013,1000.0,0.12385576558927476,0.0
5188,1691208240000.0,0.0,0.0,218.6,1.7452823201224184,0.0,0.0,1.71005,0.9533662612544772,1.0,3080.3468321687733,1000.0,3072.645046990013,1000.0,0.12385576558927476,0.0
5189,1691211840000.0,0.0,0.0,218.6,1.7452823201224184,0.0,0.0,1.68035,0.9533662612544772,1.0,3080.3468321687733,1000.0,3066.152626990013,1000.0,0.12385576558927476,0.0
5190,1691215440000.0,0.0,0.0,553.1,1.704289396454096,0.0,0.0,1.6679,0.9533662612544772,1.0,3080.234607418773,1000.0,3060.1076322400127,1000.0,0.3060294377929517,0.0
5191,1691219040000.0,0.0,0.0,553.1,1.704289396454096,0.0,0.0,1.64315,0.9533662612544772,1.0,3080.234607418773,1000.0,3046.4184072400126,1000.0,0.3060294377929517,0.0
5192,1691222640000.0,0.0,0.0,553.1,1.704289396454096,0.0,0.0,1.6489,0.9533662612544772,1.0,3080.234607418773,1000.0,3049.5987322400124,1000.0,0.3060294377929517,0.0
5193,1691226240000.0,0.0,0.0,553.1,1.704289396454096,0.0,0.0,1.64475,0.9533662612544772,1.0,3080.234607418773,1000.0,3047.3033672400124,1000.0,0.3060294377929517,0.0
5194,1691229840000.0,0.0,0.0,553.1,1.704289396454096,0.0,0.0,1.64455,0.9533662612544772,1.0,3080.234607418773,1000.0,3047.1927472400125,1000.0,0.3060294377929517,0.0
5195,1691233440000.0,0.0,0.0,553.1,1.704289396454096,0.0,0.0,1.63185,0.9533662612544772,1.0,3080.234607418773,1000.0,3040.1683772400124,1000.0,0.3060294377929517,0.0
5196,1691237040000.0,0.0,0.0,553.1,1.704289396454096,0.0,0.0,1.6318,0.9533662612544772,1.0,3080.234607418773,1000.0,3040.1407222400126,1000.0,0.3060294377929517,0.0
5197,1691240640000.0,0.000271641230762869,0.0,1872.0,1.6454677271254066,0.0,0.0,1.6287,0.9533662612544772,1.0,3079.807072794773,1000.0,3048.4178876160117,1000.0,1.0001651117657595,0.0
5198,1691244240000.0,0.000271641230762869,0.0,1872.0,1.6454677271254066,0.0,0.0,1.61215,0.9533662612544772,1.0,3079.807072794773,1000.0,3017.4362876160117,1000.0,1.0001651117657595,0.0
5199,1691247840000.0,0.0,0.0,1853.1,1.6454677271254066,0.0,0.0,1.6387,0.9533662612544772,1.0,3079.5520326581027,1000.0,3067.0107575220118,1000.0,0.9901492856102752,0.0
5200,1691251440000.0,0.0,0.0,1853.1,1.6454677271254066,0.0,0.0,1.64875,0.9533662612544772,1.0,3079.5520326581027,1000.0,3085.6344125220116,1000.0,0.9901492856102752,0.0
5201,1691255040000.0,0.0,0.0,1853.1,1.6454677271254066,0.0,0.0,1.63345,0.9533662612544772,1.0,3079.5520326581027,1000.0,3057.2819825220117,1000.0,0.9901492856102752,0.0
5202,1691258640000.0,0.0,0.0,1853.1,1.6454677271254066,0.0,0.0,1.6396,0.9533662612544772,1.0,3079.5520326581027,1000.0,3068.6785475220117,1000.0,0.9901492856102752,0.0
5203,1691262240000.0,0.0,0.0,1853.1,1.6454677271254066,0.0,0.0,1.63705,0.9533662612544772,1.0,3079.5520326581027,1000.0,3063.9531425220116,1000.0,0.9901492856102752,0.0
5204,1691265840000.0,0.0,0.0,1853.1,1.6454677271254066,0.0,0.0,1.6216,0.9533662612544772,1.0,3079.5520326581027,1000.0,3035.3227475220115,1000.0,0.9901492856102752,0.0
5205,1691269440000.0,0.0,0.0,1853.1,1.6454677271254066,0.0,0.0,1.6188,0.9533662612544772,1.0,3079.5520326581027,1000.0,3030.1340675220117,1000.0,0.9901492856102752,0.0
5206,1691273040000.0,0.0,0.0,1853.1,1.6454677271254066,0.0,0.0,1.61385,0.9533662612544772,1.0,3079.5520326581027,1000.0,3020.9612225220117,1000.0,0.9901492856102752,0.0
5207,1691276640000.0,0.0,0.0,1853.1,1.6454677271254066,0.0,0.0,1.615,0.9533662612544772,1.0,3079.5520326581027,1000.0,3023.0922875220117,1000.0,0.9901492856102752,0.0
5208,1691280240000.0,0.0,0.0,1853.1,1.6454677271254066,0.0,0.0,1.6112,0.9533662612544772,1.0,3079.5520326581027,1000.0,3016.0505075220117,1000.0,0.9901492856102752,0.0
5209,1691283840000.0,0.0,0.0,1853.1,1.6454677271254066,0.0,0.0,1.62465,0.9533662612544772,1.0,3079.5520326581027,1000.0,3040.9747025220117,1000.0,0.9901492856102752,0.0
5210,1691287440000.0,0.0,0.0,1853.1,1.6454677271254066,0.0,0.0,1.63995,0.9533662612544772,1.0,3079.5520326581027,1000.0,3069.3271325220117,1000.0,0.9901492856102752,0.0
5211,1691291040000.0,0.0,0.0,1834.4,1.6454677271254066,0.0,0.0,1.642,0.9533662612544772,1.0,3079.4988065278576,1000.0,3073.1376078890116,1000.0,0.9801744336579729,0.0
5212,1691294640000.0,0.0,0.0,1834.4,1.6454677271254066,0.0,0.0,1.63895,0.9533662612544772,1.0,3079.4988065278576,1000.0,3067.5426878890116,1000.0,0.9801744336579729,0.0
5213,1691298240000.0,0.0,0.0,1834.4,1.6454677271254066,0.0,0.0,1.65755,0.9533662612544772,1.0,3079.4988065278576,1000.0,3101.662527889012,1000.0,0.9801744336579729,0.0
5214,1691301840000.0,0.0,0.0,1834.4,1.6454677271254066,0.0,0.0,1.65105,0.9533662612544772,1.0,3079.4988065278576,1000.0,3089.738927889012,1000.0,0.9801744336579729,0.0
5215,1691305440000.0,0.0,0.0,1834.4,1.6454677271254066,0.0,0.0,1.65065,0.9533662612544772,1.0,3079.4988065278576,1000.0,3089.005167889012,1000.0,0.9801744336579729,0.0
5216,1691309040000.0,0.0,0.0,1834.4,1.6454677271254066,0.0,0.0,1.6467,0.9533662612544772,1.0,3079.4988065278576,1000.0,3081.759287889012,1000.0,0.9801744336579729,0.0
5217,1691312640000.0,0.0,0.0,1834.4,1.6454677271254066,0.0,0.0,1.65045,0.9533662612544772,1.0,3079.4988065278576,1000.0,3088.6382878890117,1000.0,0.9801744336579729,0.0
5218,1691316240000.0,0.0,0.0,1123.2,1.6454677271254066,0.0,0.0,1.65895,0.9533662612544772,1.0,3095.2113177162682,1000.0,3110.3546066090116,1000.0,0.597112494558498,0.0
5219,1691319840000.0,0.0,0.0,1123.2,1.6454677271254066,0.0,0.0,1.66,0.9533662612544772,1.0,3095.2113177162682,1000.0,3111.5339666090117,1000.0,0.597112494558498,0.0
5220,1691323440000.0,0.0,0.0,825.3,1.6454677271254066,0.0,0.0,1.66745,0.9533662612544772,1.0,3100.0372598456097,1000.0,3118.1792296490116,1000.0,0.43806070745879694,0.0
5221,1691327040000.0,0.0,0.0,707.4,1.6454677271254066,0.0,0.0,1.658,0.9533662612544772,1.0,3101.9472248575244,1000.0,3110.812554689012,1000.0,0.375249411350632,0.0
5222,1691330640000.0,0.0,0.0,519.8,1.6454677271254066,0.0,0.0,1.6516,0.9533662612544772,1.0,3104.986321008798,1000.0,3108.1738764490115,1000.0,0.27546469972270216,0.0
5223,1691334240000.0,0.0,0.0,519.8,1.6454677271254066,0.0,0.0,1.64845,0.9533662612544772,1.0,3104.986321008798,1000.0,3106.5365064490115,1000.0,0.27546469972270216,0.0
5224,1691337840000.0,0.0,0.0,519.8,1.6454677271254066,0.0,0.0,1.6507,0.9533662612544772,1.0,3104.986321008798,1000.0,3107.7060564490116,1000.0,0.27546469972270216,0.0
5225,1691341440000.0,0.0,0.0,519.8,1.6454677271254066,0.0,0.0,1.6557,0.9533662612544772,1.0,3104.986321008798,1000.0,3110.3050564490113,1000.0,0.27546469972270216,0.0
5226,1691345040000.0,0.0,0.0,519.8,1.6454677271254066,0.0,0.0,1.6534,0.9533662612544772,1.0,3104.986321008798,1000.0,3109.1095164490116,1000.0,0.27546469972270216,0.0
5227,1691348640000.0,0.0,0.0,519.8,1.6454677271254066,0.0,0.0,1.64745,0.9533662612544772,1.0,3104.986321008798,1000.0,3106.0167064490115,1000.0,0.27546469972270216,0.0
5228,1691352240000.0,0.0,0.0,519.8,1.6454677271254066,0.0,0.0,1.6418,0.9533662612544772,1.0,3104.986321008798,1000.0,3103.0798364490115,1000.0,0.27546469972270216,0.0
5229,1691355840000.0,0.0,0.0,519.8,1.6454677271254066,0.0,0.0,1.6535,0.9533662612544772,1.0,3104.986321008798,1000.0,3109.1614964490113,1000.0,0.27546469972270216,0.0
5230,1691359440000.0,0.0,0.0,519.8,1.6454677271254066,0.0,0.0,1.6373,0.9533662612544772,1.0,3104.986321008798,1000.0,3100.7407364490114,1000.0,0.27546469972270216,0.0
5231,1691363040000.0,0.0,0.0,519.8,1.6454677271254066,0.0,0.0,1.62525,0.9533662612544772,1.0,3104.986321008798,1000.0,3094.4771464490113,1000.0,0.27546469972270216,0.0
5232,1691366640000.0,0.0,0.0,519.8,1.6454677271254066,0.0,0.0,1.62525,0.9533662612544772,1.0,3104.986321008798,1000.0,3094.4771464490113,1000.0,0.27546469972270216,0.0
5233,1691370240000.0,0.0,0.0,519.8,1.6454677271254066,0.0,0.0,1.626,0.9533662612544772,1.0,3104.986321008798,1000.0,3094.8669964490114,1000.0,0.27546469972270216,0.0
5234,1691373840000.0,0.0,0.0,519.8,1.6454677271254066,0.0,0.0,1.64325,0.9533662612544772,1.0,3104.986321008798,1000.0,3103.8335464490115,1000.0,0.27546469972270216,0.0
5235,1691377440000.0,0.0,0.0,519.8,1.6454677271254066,0.0,0.0,1.65055,0.9533662612544772,1.0,3104.986321008798,1000.0,3107.6280864490113,1000.0,0.27546469972270216,0.0
5236,1691381040000.0,0.0,0.0,519.8,1.6454677271254066,0.0,0.0,1.6436,0.9533662612544772,1.0,3104.986321008798,1000.0,3104.0154764490117,1000.0,0.27546469972270216,0.0
5237,1691384640000.0,0.0,0.0,519.8,1.6454677271254066,0.0,0.0,1.654,0.9533662612544772,1.0,3104.986321008798,1000.0,3109.4213964490114,1000.0,0.27546469972270216,0.0
5238,1691388240000.0,0.0,0.0,519.8,1.6454677271254066,0.0,0.0,1.6559,0.9533662612544772,1.0,3104.986321008798,1000.0,3110.4090164490117,1000.0,0.27546469972270216,0.0
5239,1691391840000.0,0.0,0.0,519.8,1.6454677271254066,0.0,0.0,1.63925,0.9533662612544772,1.0,3104.986321008798,1000.0,3101.754346449012,1000.0,0.27546469972270216,0.0
5240,1691395440000.0,0.0,0.0,519.8,1.6454677271254066,0.0,0.0,1.6391,0.9533662612544772,1.0,3104.986321008798,1000.0,3101.6763764490115,1000.0,0.27546469972270216,0.0
5241,1691399040000.0,0.0,0.0,519.8,1.6454677271254066,0.0,0.0,1.63375,0.9533662612544772,1.0,3104.986321008798,1000.0,3098.8954464490116,1000.0,0.27546469972270216,0.0
5242,1691402640000.0,0.0,0.0,519.8,1.6454677271254066,0.0,0.0,1.65435,0.9533662612544772,1.0,3104.986321008798,1000.0,3109.6033264490115,1000.0,0.27546469972270216,0.0
5243,1691406240000.0,0.0,0.0,519.8,1.6454677271254066,0.0,0.0,1.65735,0.9533662612544772,1.0,3104.986321008798,1000.0,3111.1627264490116,1000.0,0.27546469972270216,0.0
5244,1691409840000.0,0.0,0.0,519.8,1.6454677271254066,0.0,0.0,1.64755,0.9533662612544772,1.0,3104.986321008798,1000.0,3106.0686864490117,1000.0,0.27546469972270216,0.0
5245,1691413440000.0,0.0,0.0,519.8,1.6454677271254066,0.0,0.0,1.6502,0.9533662612544772,1.0,3104.986321008798,1000.0,3107.4461564490116,1000.0,0.27546469972270216,0.0
5246,1691417040000.0,0.0,0.0,519.8,1.6454677271254066,0.0,0.0,1.62365,0.9533662612544772,1.0,3104.986321008798,1000.0,3093.6454664490116,1000.0,0.27546469972270216,0.0
5247,1691420640000.0,0.0,0.0,519.8,1.6454677271254066,0.0,0.0,1.6285,0.9533662612544772,1.0,3104.986321008798,1000.0,3096.1664964490114,1000.0,0.27546469972270216,0.0
5248,1691424240000.0,0.0002185560932007118,0.0,1954.8,1.588379181788309,0.0,0.0,1.5729,0.9533662612544772,1.0,3104.536391108798,1000.0,3074.2776865490114,1000.0,1.0001376158618118,0.0
5249,1691427840000.0,0.0002185560932007118,0.0,1954.8,1.588379181788309,0.0,0.0,1.5751,0.9533662612544772,1.0,3104.536391108798,1000.0,3078.5782465490115,1000.0,1.0001376158618118,0.0
5250,1691431440000.0,0.0002185560932007118,0.0,1954.8,1.588379181788309,0.0,0.0,1.5996,0.9533662612544772,1.0,3104.536391108798,1000.0,3126.470846549011,1000.0,1.0001376158618118,0.0
5251,1691435040000.0,0.0,0.0,1218.9,1.588379181788309,0.0,0.0,1.5849,0.9533662612544772,1.0,3115.952393160781,1000.0,3111.711618479011,1000.0,0.621343056758913,0.0
5252,1691438640000.0,0.0,0.0,1218.9,1.588379181788309,0.0,0.0,1.59275,0.9533662612544772,1.0,3115.952393160781,1000.0,3121.279983479011,1000.0,0.621343056758913,0.0
5253,1691442240000.0,0.0,0.0,1218.9,1.588379181788309,0.0,0.0,1.5907,0.9533662612544772,1.0,3115.952393160781,1000.0,3118.781238479011,1000.0,0.621343056758913,0.0
5254,1691445840000.0,0.0,0.0,1218.9,1.588379181788309,0.0,0.0,1.58775,0.9533662612544772,1.0,3115.952393160781,1000.0,3115.185483479011,1000.0,0.621343056758913,0.0
5255,1691449440000.0,0.0,0.0,1218.9,1.588379181788309,0.0,0.0,1.597,0.9533662612544772,1.0,3115.952393160781,1000.0,3126.460308479011,1000.0,0.621343056758913,0.0
5256,1691453040000.0,0.0,0.0,1218.9,1.588379181788309,0.0,0.0,1.58765,0.9533662612544772,1.0,3115.952393160781,1000.0,3115.063593479011,1000.0,0.621343056758913,0.0
5257,1691456640000.0,0.0,0.0,1218.9,1.588379181788309,0.0,0.0,1.5897,0.9533662612544772,1.0,3115.952393160781,1000.0,3117.562338479011,1000.0,0.621343056758913,0.0
5258,1691460240000.0,0.0,0.0,1218.9,1.588379181788309,0.0,0.0,1.5734,0.9533662612544772,1.0,3115.952393160781,1000.0,3097.694268479011,1000.0,0.621343056758913,0.0
5259,1691463840000.0,0.0,0.0,1218.9,1.588379181788309,0.0,0.0,1.5788,0.9533662612544772,1.0,3115.952393160781,1000.0,3104.276328479011,1000.0,0.621343056758913,0.0
5260,1691467440000.0,0.0,0.0,1218.9,1.588379181788309,0.0,0.0,1.5743,0.9533662612544772,1.0,3115.952393160781,1000.0,3098.791278479011,1000.0,0.621343056758913,0.0
5261,1691471040000.0,0.0,0.0,1044.8,1.588379181788309,0.0,0.0,1.60125,0.9533662612544772,1.0,3118.6683458854363,1000.0,3132.1157767530112,1000.0,0.5321305073435942,0.0
5262,1691474640000.0,0.0,0.0,767.7,1.588379181788309,0.0,0.0,1.6001,0.9533662612544772,1.0,3122.9910943058962,1000.0,3131.9891664470115,1000.0,0.39045858954967777,0.0
5263,1691478240000.0,0.0,0.0,767.7,1.588379181788309,0.0,0.0,1.59695,0.9533662612544772,1.0,3122.9910943058962,1000.0,3129.5709114470114,1000.0,0.39045858954967777,0.0
5264,1691481840000.0,0.0,0.0,767.7,1.588379181788309,0.0,0.0,1.5896,0.9533662612544772,1.0,3122.9910943058962,1000.0,3123.928316447011,1000.0,0.39045858954967777,0.0
5265,1691485440000.0,0.0,0.0,767.7,1.588379181788309,0.0,0.0,1.58135,0.9533662612544772,1.0,3122.9910943058962,1000.0,3117.594791447011,1000.0,0.39045858954967777,0.0
5266,1691489040000.0,0.0,0.0,767.7,1.588379181788309,0.0,0.0,1.58355,0.9533662612544772,1.0,3122.9910943058962,1000.0,3119.283731447011,1000.0,0.39045858954967777,0.0
5267,1691492640000.0,0.0,0.0,767.7,1.588379181788309,0.0,0.0,1.59395,0.9533662612544772,1.0,3122.9910943058962,1000.0,3127.2678114470114,1000.0,0.39045858954967777,0.0
5268,1691496240000.0,0.0,0.0,767.7,1.588379181788309,0.0,0.0,1.59295,0.9533662612544772,1.0,3122.9910943058962,1000.0,3126.5001114470115,1000.0,0.39045858954967777,0.0
5269,1691499840000.0,0.0,0.0,403.0,1.588379181788309,0.0,0.0,1.6206,0.9533662612544772,1.0,3129.9294492056997,1000.0,3142.914438945011,1000.0,0.20451477282439537,0.0
5270,1691503440000.0,0.0,0.0,345.5,1.588379181788309,0.0,0.0,1.5985,0.9533662612544772,1.0,3130.826446802872,1000.0,3134.3231894950113,1000.0,0.1752843910809133,0.0
5271,1691507040000.0,0.0,0.0,345.5,1.588379181788309,0.0,0.0,1.59705,0.9533662612544772,1.0,3130.826446802872,1000.0,3133.8222144950114,1000.0,0.1752843910809133,0.0
5272,1691510640000.0,0.0,0.0,186.6,1.588379181788309,0.0,0.0,1.6091,0.9533662612544772,1.0,3133.3052801627096,1000.0,3137.1717848410112,1000.0,0.09459389648311163,0.0
5273,1691514240000.0,0.0,0.0,90.0,1.588379181788309,0.0,0.0,1.6172,0.9533662612544772,1.0,3136.309236665959,1000.0,3138.903110305011,1000.0,0.045580367104652804,0.0
5274,1691517840000.0,0.0,0.0,36.3,1.588379181788309,0.0,0.0,1.6308,0.9533662612544772,1.0,3137.979137951927,1000.0,3139.5190136530114,1000.0,0.0183742981594669,0.0
5275,1691521440000.0,0.0,0.0,15.0,1.588379181788309,0.0,0.0,1.63845,0.9533662612544772,1.0,3138.971585001836,1000.0,3139.7226472750112,1000.0,0.007590284614446646,0.0
5276,1691525040000.0,0.0,0.0,8.4,1.588379181788309,0.0,0.0,1.61695,0.9533662612544772,1.0,3139.2233149660333,1000.0,3139.4633098390113,1000.0,0.004250218537627726,0.0
5277,1691528640000.0,0.0,0.0,3.2,1.588379181788309,0.0,0.0,1.6358,0.9533662612544772,1.0,3139.4268602587345,1000.0,3139.5786068770117,1000.0,0.0016190258948423763,0.0
5278,1691532240000.0,0.0,0.0,1.0,1.588379181788309,0.0,0.0,1.64155,0.9533662612544772,1.0,3139.5293665268,1000.0,3139.5825373450116,1000.0,0.000505929072912448,0.0
5279,1691535840000.0,0.0,0.0,1.0,1.588379181788309,0.0,0.0,1.63365,0.9533662612544772,1.0,3139.5293665268,1000.0,3139.5746373450115,1000.0,0.000505929072912448,0.0
5280,1691539440000.0,0.0,0.0,0.2,1.588379181788309,0.0,0.0,1.63595,0.9533662612544772,1.0,3139.566641533369,1000.0,3139.5761556970115,1000.0,0.00010118461323773923,0.0
5281,1691543040000.0,0.0,0.0,0.2,1.588379181788309,0.0,0.0,1.63975,0.9533662612544772,1.0,3139.566641533369,1000.0,3139.5769156970114,1000.0,0.00010118461323773923,0.0
5282,1691546640000.0,0.0,0.0,0.0,1.588379181788309,0.0,0.0,1.65415,0.9533662612544772,1.0,3139.5806093550113,1000.0,3139.5806093550113,1000.0,0.0,0.0
5283,1691550240000.0,0.0,0.0,0.0,1.588379181788309,0.0,0.0,1.6427,0.9533662612544772,1.0,3139.5806093550113,1000.0,3139.5806093550113,1000.0,0.0,0.0
5284,1691553840000.0,0.0,0.0,0.0,1.588379181788309,0.0,0.0,1.6453,0.9533662612544772,1.0,3139.5806093550113,1000.0,3139.5806093550113,1000.0,0.0,0.0
5285,1691557440000.0,0.0,0.0,0.0,1.588379181788309,0.0,0.0,1.658,0.9533662612544772,1.0,3139.5806093550113,1000.0,3139.5806093550113,1000.0,0.0,0.0
5286,1691561040000.0,0.0,0.0,0.0,1.588379181788309,0.0,0.0,1.6475,0.9533662612544772,1.0,3139.5806093550113,1000.0,3139.5806093550113,1000.0,0.0,0.0
5287,1691564640000.0,0.0,0.0,95.6,1.6424,0.0,0.0,1.6483,0.9533662612544772,1.0,3139.5492066670113,1000.0,3140.1132466670115,1000.0,0.0500114601378354,0.0
5288,1691568240000.0,0.0,0.0,95.6,1.6424,0.0,0.0,1.6559,0.9533662612544772,1.0,3139.5492066670113,1000.0,3140.839806667011,1000.0,0.0500114601378354,0.0
5289,1691571840000.0,0.0,0.0,28.4,1.6424,0.0,0.0,1.66825,0.9533662612544772,1.0,3141.305976971011,1000.0,3142.0401169710112,1000.0,0.014848652229979966,0.0
5290,1691575440000.0,0.0,0.0,16.5,1.6424,0.0,0.0,1.67765,0.9533662612544772,1.0,3141.688740709011,1000.0,3142.270365709011,1000.0,0.008625806767186049,0.0
5291,1691579040000.0,0.0,0.0,6.7,1.6424,0.0,0.0,1.6712,0.9533662612544772,1.0,3142.003957905012,1000.0,3142.196917905012,1000.0,0.0035022489301182068,0.0
5292,1691582640000.0,0.0,0.0,5.8,1.6424,0.0,0.0,1.66785,0.9533662612544772,1.0,3142.0185093030123,1000.0,3142.1661193030122,1000.0,0.0030317835403563926,0.0
5293,1691586240000.0,0.0,0.0,1.4,1.6424,0.0,0.0,1.6953,0.9533662612544772,1.0,3142.2449983950114,1000.0,3142.3190583950113,1000.0,0.0007317570721488814,0.0
5294,1691589840000.0,0.0,0.0,0.5,1.6424,0.0,0.0,1.6914,0.9533662612544772,1.0,3142.2883440330115,1000.0,3142.3128440330115,1000.0,0.00026133820645689695,0.0
5295,1691593440000.0,0.0,0.0,0.0,1.6424,0.0,0.0,1.67615,0.9533662612544772,1.0,3142.3124249430116,1000.0,3142.3124249430116,1000.0,0.0,0.0
5296,1691597040000.0,0.0,0.0,94.0,1.6719,0.0,0.0,1.6759,0.9533662612544772,1.0,3142.2809932230116,1000.0,3142.656993223012,1000.0,0.050014177706877744,0.0
5297,1691600640000.0,0.0,0.0,94.0,1.6719,0.0,0.0,1.66225,0.9533662612544772,1.0,3142.2809932230116,1000.0,3141.3738932230117,1000.0,0.050014177706877744,0.0
5298,1691604240000.0,0.0,0.0,94.0,1.6719,0.0,0.0,1.65775,0.9533662612544772,1.0,3142.2809932230116,1000.0,3140.9508932230115,1000.0,0.050014177706877744,0.0
5299,1691607840000.0,0.0,0.0,94.0,1.6719,0.0,0.0,1.66025,0.9533662612544772,1.0,3142.2809932230116,1000.0,3141.1858932230116,1000.0,0.050014177706877744,0.0
5300,1691611440000.0,0.0,0.0,94.0,1.6719,0.0,0.0,1.65145,0.9533662612544772,1.0,3142.2809932230116,1000.0,3140.3586932230114,1000.0,0.050014177706877744,0.0
5301,1691615040000.0,0.0,0.0,94.0,1.6719,0.0,0.0,1.6632,0.9533662612544772,1.0,3142.2809932230116,1000.0,3141.463193223012,1000.0,0.050014177706877744,0.0
5302,1691618640000.0,0.0,0.0,94.0,1.6719,0.0,0.0,1.66015,0.9533662612544772,1.0,3142.2809932230116,1000.0,3141.1764932230117,1000.0,0.050014177706877744,0.0
5303,1691622240000.0,0.0,0.0,94.0,1.6719,0.0,0.0,1.6661,0.9533662612544772,1.0,3142.2809932230116,1000.0,3141.7357932230116,1000.0,0.050014177706877744,0.0
5304,1691625840000.0,0.0,0.0,94.0,1.6719,0.0,0.0,1.6622,0.9533662612544772,1.0,3142.2809932230116,1000.0,3141.3691932230117,1000.0,0.050014177706877744,0.0
5305,1691629440000.0,0.0,0.0,94.0,1.6719,0.0,0.0,1.671,0.9533662612544772,1.0,3142.2809932230116,1000.0,3142.1963932230115,1000.0,0.050014177706877744,0.0
5306,1691633040000.0,0.0,0.0,80.6,1.6719,0.0,0.0,1.6876,0.9533662612544772,1.0,3142.5015875070117,1000.0,3143.767007507012,1000.0,0.04288148669064095,0.0
5307,1691636640000.0,0.0,0.0,43.7,1.6719,0.0,0.0,1.67435,0.9533662612544772,1.0,3143.1090449010126,1000.0,3143.2161099010127,1000.0,0.023245146431851202,0.0
5308,1691640240000.0,0.0,0.0,32.2,1.6719,0.0,0.0,1.6886,0.9533662612544772,1.0,3143.298360891012,1000.0,3143.8361008910124,1000.0,0.017126971040935378,0.0
5309,1691643840000.0,0.0,0.0,16.5,1.6719,0.0,0.0,1.7035,0.9533662612544772,1.0,3143.674154901012,1000.0,3144.195554901012,1000.0,0.00877519381485281,0.0
5310,1691647440000.0,0.0,0.0,8.0,1.6719,0.0,0.0,1.7073,0.9533662612544772,1.0,3143.952606401013,1000.0,3144.2358064010127,1000.0,0.004254262603312916,0.0
5311,1691651040000.0,0.0,0.0,5.2,1.6719,0.0,0.0,1.69425,0.9533662612544772,1.0,3143.9987007290133,1000.0,3144.114920729013,1000.0,0.0027652301503763694,0.0
5312,1691654640000.0,0.0,0.0,68.6,1.6841754555198285,0.0,0.0,1.7083,0.9533662612544772,1.0,3144.3786456056732,1000.0,3146.033589357013,1000.0,0.03674316908687881,0.0
5313,1691658240000.0,0.0,0.0,57.2,1.6841754555198285,0.0,0.0,1.7137,0.9533662612544772,1.0,3144.754629512747,1000.0,3146.443433457013,1000.0,0.030633498445842327,0.0
5314,1691661840000.0,0.0,0.0,9.6,1.6841754555198285,0.0,0.0,1.7182,0.9533662612544772,1.0,3146.5901540940026,1000.0,3146.9167897210123,1000.0,0.005138287346368955,0.0
5315,1691665440000.0,0.0,0.0,6.9,1.6841754555198285,0.0,0.0,1.70355,0.9533662612544772,1.0,3146.6611665220994,1000.0,3146.7948508790128,1000.0,0.0036930606849961277,0.0
5316,1691669040000.0,0.0,0.0,92.6,1.6971549745473737,0.0,0.0,1.7048,0.9533662612544772,1.0,3146.6320593740993,1000.0,3147.3399887310125,1000.0,0.049944368352474934,0.0
5317,1691672640000.0,0.0,0.0,50.1,1.6971549745473737,0.0,0.0,1.7123,0.9533662612544772,1.0,3147.341902255836,1000.0,3148.1006680310124,1000.0,0.027015642680536415,0.0
5318,1691676240000.0,0.0,0.0,30.0,1.6971549745473737,0.0,0.0,1.72995,0.9533662612544772,1.0,3147.892073283434,1000.0,3148.8759240470126,1000.0,0.016174204213842146,0.0
5319,1691679840000.0,0.0,0.0,6.6,1.6971549745473737,0.0,0.0,1.71185,0.9533662612544772,1.0,3148.365387923025,1000.0,3148.4623750910123,1000.0,0.003557789980470503,0.0
5320,1691683440000.0,0.0,0.0,4.9,1.6971549745473737,0.0,0.0,1.71275,0.9533662612544772,1.0,3148.3937816382945,1000.0,3148.4701972630123,1000.0,0.002641365709646014,0.0
5321,1691687040000.0,0.0,0.0,92.2,1.7063273092014157,0.0,0.0,1.69905,0.9533662612544772,1.0,3148.385251755383,1000.0,3147.714283847012,1000.0,0.049969544807343655,0.0
5322,1691690640000.0,0.0,0.0,92.2,1.7063273092014157,0.0,0.0,1.6935,0.9533662612544772,1.0,3148.385251755383,1000.0,3147.2025738470124,1000.0,0.049969544807343655,0.0
5323,1691694240000.0,0.0,0.0,92.2,1.7063273092014157,0.0,0.0,1.69175,0.9533662612544772,1.0,3148.385251755383,1000.0,3147.041223847012,1000.0,0.049969544807343655,0.0
5324,1691697840000.0,0.0,0.0,92.2,1.7063273092014157,0.0,0.0,1.69745,0.9533662612544772,1.0,3148.385251755383,1000.0,3147.566763847012,1000.0,0.049969544807343655,0.0
5325,1691701440000.0,0.0,0.0,92.2,1.7063273092014157,0.0,0.0,1.68695,0.9533662612544772,1.0,3148.385251755383,1000.0,3146.598663847012,1000.0,0.049969544807343655,0.0
5326,1691705040000.0,0.0,0.0,92.2,1.7063273092014157,0.0,0.0,1.68525,0.9533662612544772,1.0,3148.385251755383,1000.0,3146.4419238470123,1000.0,0.049969544807343655,0.0
5327,1691708640000.0,0.0,0.0,92.2,1.7063273092014157,0.0,0.0,1.68335,0.9533662612544772,1.0,3148.385251755383,1000.0,3146.266743847012,1000.0,0.049969544807343655,0.0
5328,1691712240000.0,0.0,0.0,92.2,1.7063273092014157,0.0,0.0,1.6914,0.9533662612544772,1.0,3148.385251755383,1000.0,3147.0089538470124,1000.0,0.049969544807343655,0.0
5329,1691715840000.0,0.0,0.0,92.2,1.7063273092014157,0.0,0.0,1.70625,0.9533662612544772,1.0,3148.385251755383,1000.0,3148.3781238470124,1000.0,0.049969544807343655,0.0
5330,1691719440000.0,0.0,0.0,92.2,1.7063273092014157,0.0,0.0,1.7139,0.9533662612544772,1.0,3148.385251755383,1000.0,3149.083453847012,1000.0,0.049969544807343655,0.0
5331,1691723040000.0,0.0,0.0,92.2,1.7063273092014157,0.0,0.0,1.70105,0.9533662612544772,1.0,3148.385251755383,1000.0,3147.8986838470123,1000.0,0.049969544807343655,0.0
5332,1691726640000.0,0.0,0.0,92.2,1.7063273092014157,0.0,0.0,1.70805,0.9533662612544772,1.0,3148.385251755383,1000.0,3148.544083847012,1000.0,0.049969544807343655,0.0
5333,1691730240000.0,0.0,0.0,92.2,1.7063273092014157,0.0,0.0,1.7082,0.9533662612544772,1.0,3148.385251755383,1000.0,3148.557913847012,1000.0,0.049969544807343655,0.0
5334,1691733840000.0,0.0,0.0,92.2,1.7063273092014157,0.0,0.0,1.71415,0.9533662612544772,1.0,3148.385251755383,1000.0,3149.1065038470124,1000.0,0.049969544807343655,0.0
5335,1691737440000.0,0.0,0.0,92.2,1.7063273092014157,0.0,0.0,1.71125,0.9533662612544772,1.0,3148.385251755383,1000.0,3148.839123847012,1000.0,0.049969544807343655,0.0
5336,1691741040000.0,0.0,0.0,92.2,1.7063273092014157,0.0,0.0,1.7039,0.9533662612544772,1.0,3148.385251755383,1000.0,3148.161453847012,1000.0,0.049969544807343655,0.0
5337,1691744640000.0,0.0,0.0,92.2,1.7063273092014157,0.0,0.0,1.695,0.9533662612544772,1.0,3148.385251755383,1000.0,3147.340873847012,1000.0,0.049969544807343655,0.0
5338,1691748240000.0,0.0,0.0,92.2,1.7063273092014157,0.0,0.0,1.6836,0.9533662612544772,1.0,3148.385251755383,1000.0,3146.2897938470123,1000.0,0.049969544807343655,0.0
5339,1691751840000.0,0.0,0.0,92.2,1.7063273092014157,0.0,0.0,1.6805,0.9533662612544772,1.0,3148.385251755383,1000.0,3146.0039738470123,1000.0,0.049969544807343655,0.0
5340,1691755440000.0,0.0,0.0,92.2,1.7063273092014157,0.0,0.0,1.69195,0.9533662612544772,1.0,3148.385251755383,1000.0,3147.0596638470124,1000.0,0.049969544807343655,0.0
5341,1691759040000.0,0.0,0.0,92.2,1.7063273092014157,0.0,0.0,1.68155,0.9533662612544772,1.0,3148.385251755383,1000.0,3146.1007838470123,1000.0,0.049969544807343655,0.0
5342,1691762640000.0,0.0,0.0,92.2,1.7063273092014157,0.0,0.0,1.6879,0.9533662612544772,1.0,3148.385251755383,1000.0,3146.6862538470123,1000.0,0.049969544807343655,0.0
5343,1691766240000.0,0.0,0.0,92.2,1.7063273092014157,0.0,0.0,1.70635,0.9533662612544772,1.0,3148.385251755383,1000.0,3148.3873438470123,1000.0,0.049969544807343655,0.0
5344,1691769840000.0,0.0,0.0,92.2,1.7063273092014157,0.0,0.0,1.68195,0.9533662612544772,1.0,3148.385251755383,1000.0,3146.1376638470124,1000.0,0.049969544807343655,0.0
5345,1691773440000.0,0.0,0.0,92.2,1.7063273092014157,0.0,0.0,1.6751,0.9533662612544772,1.0,3148.385251755383,1000.0,3145.5060938470124,1000.0,0.049969544807343655,0.0
5346,1691777040000.0,0.0,0.0,92.2,1.7063273092014157,0.0,0.0,1.67145,0.9533662612544772,1.0,3148.385251755383,1000.0,3145.1695638470123,1000.0,0.049969544807343655,0.0
5347,1691780640000.0,0.0,0.0,92.2,1.7063273092014157,0.0,0.0,1.6687,0.9533662612544772,1.0,3148.385251755383,1000.0,3144.9160138470124,1000.0,0.049969544807343655,0.0
5348,1691784240000.0,0.0,0.0,92.2,1.7063273092014157,0.0,0.0,1.6653,0.9533662612544772,1.0,3148.385251755383,1000.0,3144.602533847012,1000.0,0.049969544807343655,0.0
5349,1691787840000.0,0.0,0.0,92.2,1.7063273092014157,0.0,0.0,1.67295,0.9533662612544772,1.0,3148.385251755383,1000.0,3145.3078638470124,1000.0,0.049969544807343655,0.0
5350,1691791440000.0,0.0,0.0,92.2,1.7063273092014157,0.0,0.0,1.6735,0.9533662612544772,1.0,3148.385251755383,1000.0,3145.3585738470124,1000.0,0.049969544807343655,0.0
5351,1691795040000.0,0.0,0.0,92.2,1.7063273092014157,0.0,0.0,1.67515,0.9533662612544772,1.0,3148.385251755383,1000.0,3145.5107038470123,1000.0,0.049969544807343655,0.0
5352,1691798640000.0,0.0,0.0,92.2,1.7063273092014157,0.0,0.0,1.67995,0.9533662612544772,1.0,3148.385251755383,1000.0,3145.9532638470123,1000.0,0.049969544807343655,0.0
5353,1691802240000.0,0.0,0.0,92.2,1.7063273092014157,0.0,0.0,1.69465,0.9533662612544772,1.0,3148.385251755383,1000.0,3147.3086038470124,1000.0,0.049969544807343655,0.0
5354,1691805840000.0,0.0,0.0,92.2,1.7063273092014157,0.0,0.0,1.6897,0.9533662612544772,1.0,3148.385251755383,1000.0,3146.852213847012,1000.0,0.049969544807343655,0.0
5355,1691809440000.0,0.0,0.0,92.2,1.7063273092014157,0.0,0.0,1.68005,0.9533662612544772,1.0,3148.385251755383,1000.0,3145.962483847012,1000.0,0.049969544807343655,0.0
5356,1691813040000.0,0.0,0.0,92.2,1.7063273092014157,0.0,0.0,1.6775,0.9533662612544772,1.0,3148.385251755383,1000.0,3145.727373847012,1000.0,0.049969544807343655,0.0
5357,1691816640000.0,0.0,0.0,92.2,1.7063273092014157,0.0,0.0,1.67715,0.9533662612544772,1.0,3148.385251755383,1000.0,3145.6951038470124,1000.0,0.049969544807343655,0.0
5358,1691820240000.0,0.0,0.0,92.2,1.7063273092014157,0.0,0.0,1.6782,0.9533662612544772,1.0,3148.385251755383,1000.0,3145.7919138470124,1000.0,0.049969544807343655,0.0
5359,1691823840000.0,0.0,0.0,92.2,1.7063273092014157,0.0,0.0,1.68635,0.9533662612544772,1.0,3148.385251755383,1000.0,3146.5433438470122,1000.0,0.049969544807343655,0.0
5360,1691827440000.0,0.0,0.0,92.2,1.7063273092014157,0.0,0.0,1.68935,0.9533662612544772,1.0,3148.385251755383,1000.0,3146.8199438470124,1000.0,0.049969544807343655,0.0
5361,1691831040000.0,0.0,0.0,92.2,1.7063273092014157,0.0,0.0,1.68815,0.9533662612544772,1.0,3148.385251755383,1000.0,3146.709303847012,1000.0,0.049969544807343655,0.0
5362,1691834640000.0,0.0,0.0,92.2,1.7063273092014157,0.0,0.0,1.6902,0.9533662612544772,1.0,3148.385251755383,1000.0,3146.898313847012,1000.0,0.049969544807343655,0.0
5363,1691838240000.0,0.0,0.0,92.2,1.7063273092014157,0.0,0.0,1.6897,0.9533662612544772,1.0,3148.385251755383,1000.0,3146.852213847012,1000.0,0.049969544807343655,0.0
5364,1691841840000.0,0.0,0.0,92.2,1.7063273092014157,0.0,0.0,1.6951,0.9533662612544772,1.0,3148.385251755383,1000.0,3147.3500938470124,1000.0,0.049969544807343655,0.0
5365,1691845440000.0,0.0,0.0,92.2,1.7063273092014157,0.0,0.0,1.6828,0.9533662612544772,1.0,3148.385251755383,1000.0,3146.216033847012,1000.0,0.049969544807343655,0.0
5366,1691849040000.0,0.0,0.0,92.2,1.7063273092014157,0.0,0.0,1.68235,0.9533662612544772,1.0,3148.385251755383,1000.0,3146.174543847012,1000.0,0.049969544807343655,0.0
5367,1691852640000.0,0.0,0.0,92.2,1.7063273092014157,0.0,0.0,1.68755,0.9533662612544772,1.0,3148.385251755383,1000.0,3146.653983847012,1000.0,0.049969544807343655,0.0
5368,1691856240000.0,0.0,0.0,92.2,1.7063273092014157,0.0,0.0,1.6833,0.9533662612544772,1.0,3148.385251755383,1000.0,3146.262133847012,1000.0,0.049969544807343655,0.0
5369,1691859840000.0,0.0,0.0,92.2,1.7063273092014157,0.0,0.0,1.6884,0.9533662612544772,1.0,3148.385251755383,1000.0,3146.7323538470123,1000.0,0.049969544807343655,0.0
5370,1691863440000.0,0.0,0.0,92.2,1.7063273092014157,0.0,0.0,1.6809,0.9533662612544772,1.0,3148.385251755383,1000.0,3146.0408538470124,1000.0,0.049969544807343655,0.0
5371,1691867040000.0,0.0,0.0,92.2,1.7063273092014157,0.0,0.0,1.67345,0.9533662612544772,1.0,3148.385251755383,1000.0,3145.3539638470124,1000.0,0.049969544807343655,0.0
5372,1691870640000.0,0.0,0.0,92.2,1.7063273092014157,0.0,0.0,1.67055,0.9533662612544772,1.0,3148.385251755383,1000.0,3145.086583847012,1000.0,0.049969544807343655,0.0
5373,1691874240000.0,0.0,0.0,92.2,1.7063273092014157,0.0,0.0,1.6677,0.9533662612544772,1.0,3148.385251755383,1000.0,3144.8238138470124,1000.0,0.049969544807343655,0.0
5374,1691877840000.0,0.0,0.0,92.2,1.7063273092014157,0.0,0.0,1.67695,0.9533662612544772,1.0,3148.385251755383,1000.0,3145.676663847012,1000.0,0.049969544807343655,0.0
5375,1691881440000.0,0.0,0.0,92.2,1.7063273092014157,0.0,0.0,1.67685,0.9533662612544772,1.0,3148.385251755383,1000.0,3145.6674438470122,1000.0,0.049969544807343655,0.0
5376,1691885040000.0,0.0,0.0,92.2,1.7063273092014157,0.0,0.0,1.6736,0.9533662612544772,1.0,3148.385251755383,1000.0,3145.3677938470123,1000.0,0.049969544807343655,0.0
5377,1691888640000.0,0.0,0.0,92.2,1.7063273092014157,0.0,0.0,1.677,0.9533662612544772,1.0,3148.385251755383,1000.0,3145.681273847012,1000.0,0.049969544807343655,0.0
5378,1691892240000.0,0.0,0.0,92.2,1.7063273092014157,0.0,0.0,1.67965,0.9533662612544772,1.0,3148.385251755383,1000.0,3145.925603847012,1000.0,0.049969544807343655,0.0
5379,1691895840000.0,0.0,0.0,92.2,1.7063273092014157,0.0,0.0,1.68225,0.9533662612544772,1.0,3148.385251755383,1000.0,3146.165323847012,1000.0,0.049969544807343655,0.0
5380,1691899440000.0,0.0,0.0,92.2,1.7063273092014157,0.0,0.0,1.68245,0.9533662612544772,1.0,3148.385251755383,1000.0,3146.1837638470124,1000.0,0.049969544807343655,0.0
5381,1691903040000.0,0.0,0.0,92.2,1.7063273092014157,0.0,0.0,1.68165,0.9533662612544772,1.0,3148.385251755383,1000.0,3146.110003847012,1000.0,0.049969544807343655,0.0
5382,1691906640000.0,0.0,0.0,92.2,1.7063273092014157,0.0,0.0,1.67595,0.9533662612544772,1.0,3148.385251755383,1000.0,3145.584463847012,1000.0,0.049969544807343655,0.0
5383,1691910240000.0,0.0,0.0,92.2,1.7063273092014157,0.0,0.0,1.68185,0.9533662612544772,1.0,3148.385251755383,1000.0,3146.1284438470125,1000.0,0.049969544807343655,0.0
5384,1691913840000.0,0.0,0.0,92.2,1.7063273092014157,0.0,0.0,1.6777,0.9533662612544772,1.0,3148.385251755383,1000.0,3145.7458138470124,1000.0,0.049969544807343655,0.0
5385,1691917440000.0,0.0,0.0,92.2,1.7063273092014157,0.0,0.0,1.67755,0.9533662612544772,1.0,3148.385251755383,1000.0,3145.731983847012,1000.0,0.049969544807343655,0.0
5386,1691921040000.0,0.0,0.0,92.2,1.7063273092014157,0.0,0.0,1.6816,0.9533662612544772,1.0,3148.385251755383,1000.0,3146.1053938470122,1000.0,0.049969544807343655,0.0
5387,1691924640000.0,0.0,0.0,92.2,1.7063273092014157,0.0,0.0,1.69295,0.9533662612544772,1.0,3148.385251755383,1000.0,3147.1518638470125,1000.0,0.049969544807343655,0.0
5388,1691928240000.0,0.0,0.0,92.2,1.7063273092014157,0.0,0.0,1.68475,0.9533662612544772,1.0,3148.385251755383,1000.0,3146.3958238470123,1000.0,0.049969544807343655,0.0
5389,1691931840000.0,0.0,0.0,92.2,1.7063273092014157,0.0,0.0,1.68565,0.9533662612544772,1.0,3148.385251755383,1000.0,3146.4788038470124,1000.0,0.049969544807343655,0.0
5390,1691935440000.0,0.0,0.0,92.2,1.7063273092014157,0.0,0.0,1.6866,0.9533662612544772,1.0,3148.385251755383,1000.0,3146.5663938470125,1000.0,0.049969544807343655,0.0
5391,1691939040000.0,0.0,0.0,92.2,1.7063273092014157,0.0,0.0,1.6846,0.9533662612544772,1.0,3148.385251755383,1000.0,3146.3819938470124,1000.0,0.049969544807343655,0.0
5392,1691942640000.0,0.0,0.0,92.2,1.7063273092014157,0.0,0.0,1.67025,0.9533662612544772,1.0,3148.385251755383,1000.0,3145.0589238470125,1000.0,0.049969544807343655,0.0
5393,1691946240000.0,0.0,0.0,92.2,1.7063273092014157,0.0,0.0,1.67555,0.9533662612544772,1.0,3148.385251755383,1000.0,3145.5475838470124,1000.0,0.049969544807343655,0.0
5394,1691949840000.0,0.0,0.0,92.2,1.7063273092014157,0.0,0.0,1.6738,0.9533662612544772,1.0,3148.385251755383,1000.0,3145.386233847012,1000.0,0.049969544807343655,0.0
5395,1691953440000.0,0.0,0.0,92.2,1.7063273092014157,0.0,0.0,1.6807,0.9533662612544772,1.0,3148.385251755383,1000.0,3146.022413847012,1000.0,0.049969544807343655,0.0
5396,1691957040000.0,0.0,0.0,92.2,1.7063273092014157,0.0,0.0,1.68735,0.9533662612544772,1.0,3148.385251755383,1000.0,3146.6355438470123,1000.0,0.049969544807343655,0.0
5397,1691960640000.0,0.0,0.0,92.2,1.7063273092014157,0.0,0.0,1.6748,0.9533662612544772,1.0,3148.385251755383,1000.0,3145.478433847012,1000.0,0.049969544807343655,0.0
5398,1691964240000.0,0.0,0.0,92.2,1.7063273092014157,0.0,0.0,1.67045,0.9533662612544772,1.0,3148.385251755383,1000.0,3145.0773638470123,1000.0,0.049969544807343655,0.0
5399,1691967840000.0,0.0,0.0,233.3,1.6704461119090035,0.0,0.0,1.65135,0.9533662612544772,1.0,3148.338773415383,1000.0,3143.8836505070126,1000.0,0.12378435294166248,0.0
5400,1691971440000.0,0.0,0.0,233.3,1.6704461119090035,0.0,0.0,1.65035,0.9533662612544772,1.0,3148.338773415383,1000.0,3143.6503505070123,1000.0,0.12378435294166248,0.0
5401,1691975040000.0,0.0,0.0,233.3,1.6704461119090035,0.0,0.0,1.65105,0.9533662612544772,1.0,3148.338773415383,1000.0,3143.8136605070126,1000.0,0.12378435294166248,0.0
5402,1691978640000.0,0.0,0.0,233.3,1.6704461119090035,0.0,0.0,1.66075,0.9533662612544772,1.0,3148.338773415383,1000.0,3146.0766705070123,1000.0,0.12378435294166248,0.0
5403,1691982240000.0,0.0,0.0,233.3,1.6704461119090035,0.0,0.0,1.67135,0.9533662612544772,1.0,3148.338773415383,1000.0,3148.5496505070123,1000.0,0.12378435294166248,0.0
5404,1691985840000.0,0.0,0.0,233.3,1.6704461119090035,0.0,0.0,1.68115,0.9533662612544772,1.0,3148.338773415383,1000.0,3150.8359905070124,1000.0,0.12378435294166248,0.0
5405,1691989440000.0,0.0,0.0,126.0,1.6704461119090035,0.0,0.0,1.6974,0.9533662612544772,1.0,3150.1002582955466,1000.0,3153.4964481950124,1000.0,0.0668157178636653,0.0
5406,1691993040000.0,0.0,0.0,70.0,1.6704461119090035,0.0,0.0,1.7268,0.9533662612544772,1.0,3152.217389778643,1000.0,3156.1621619450125,1000.0,0.03709491236638393,0.0
5407,1691996640000.0,0.0,0.0,29.6,1.6704461119090035,0.0,0.0,1.7434,0.9533662612544772,1.0,3154.855779169519,1000.0,3157.0152142570123,1000.0,0.0156727306645765,0.0
5408,1692000240000.0,0.0,0.0,2.7,1.6704461119090035,0.0,0.0,1.747,0.9533662612544772,1.0,3157.050910847167,1000.0,3157.257606345013,1000.0,0.0014286131676425947,0.0
5409,1692003840000.0,0.0,0.0,0.7,1.6704461119090035,0.0,0.0,1.74535,0.9533662612544772,1.0,3157.20433961935,1000.0,3157.2567723410134,1000.0,0.0003703631924176568,0.0
5410,1692007440000.0,0.0,0.0,0.4,1.6704461119090035,0.0,0.0,1.73,0.9533662612544772,1.0,3157.223931619778,1000.0,3157.247753175014,1000.0,0.00021163479665530093,0.0
5411,1692011040000.0,0.0,0.0,0.4,1.6704461119090035,0.0,0.0,1.72825,0.9533662612544772,1.0,3157.223931619778,1000.0,3157.247053175014,1000.0,0.00021163479665530093,0.0
5412,1692014640000.0,0.0,0.0,0.1,1.6704461119090035,0.0,0.0,1.73635,0.9533662612544772,1.0,3157.243523620206,1000.0,3157.250114009015,1000.0,5.290837084348855e-05,0.0
5413,1692018240000.0,0.0,0.0,0.0,1.6704461119090035,0.0,0.0,1.73365,0.9533662612544772,1.0,3157.2500542870152,1000.0,3157.2500542870152,1000.0,0.0,0.0
5414,1692021840000.0,0.0,0.0,0.0,1.6704461119090035,0.0,0.0,1.7252,0.9533662612544772,1.0,3157.2500542870152,1000.0,3157.2500542870152,1000.0,0.0,0.0
5415,1692025440000.0,0.0,0.0,0.0,1.6704461119090035,0.0,0.0,1.73205,0.9533662612544772,1.0,3157.2500542870152,1000.0,3157.2500542870152,1000.0,0.0,0.0
5416,1692029040000.0,0.0,0.0,0.0,1.6704461119090035,0.0,0.0,1.73415,0.9533662612544772,1.0,3157.2500542870152,1000.0,3157.2500542870152,1000.0,0.0,0.0
5417,1692032640000.0,0.0,0.0,0.0,1.6704461119090035,0.0,0.0,1.73885,0.9533662612544772,1.0,3157.2500542870152,1000.0,3157.2500542870152,1000.0,0.0,0.0
5418,1692036240000.0,0.0,0.0,91.2,1.7314,0.0,0.0,1.7045,0.9533662612544772,1.0,3157.2184735510154,1000.0,3154.7651935510153,1000.0,0.05001354240221493,0.0
5419,1692039840000.0,0.0,0.0,91.2,1.7314,0.0,0.0,1.70435,0.9533662612544772,1.0,3157.2184735510154,1000.0,3154.7515135510153,1000.0,0.05001354240221493,0.0
5420,1692043440000.0,0.0,0.0,91.2,1.7314,0.0,0.0,1.7118,0.9533662612544772,1.0,3157.2184735510154,1000.0,3155.4309535510156,1000.0,0.05001354240221493,0.0
5421,1692047040000.0,0.0,0.0,91.2,1.7314,0.0,0.0,1.7141,0.9533662612544772,1.0,3157.2184735510154,1000.0,3155.6407135510153,1000.0,0.05001354240221493,0.0
5422,1692050640000.0,0.0,0.0,91.2,1.7314,0.0,0.0,1.72215,0.9533662612544772,1.0,3157.2184735510154,1000.0,3156.3748735510153,1000.0,0.05001354240221493,0.0
5423,1692054240000.0,0.0,0.0,91.2,1.7314,0.0,0.0,1.7198,0.9533662612544772,1.0,3157.2184735510154,1000.0,3156.1605535510153,1000.0,0.05001354240221493,0.0
5424,1692057840000.0,0.0,0.0,91.2,1.7314,0.0,0.0,1.71235,0.9533662612544772,1.0,3157.2184735510154,1000.0,3155.4811135510154,1000.0,0.05001354240221493,0.0
5425,1692061440000.0,0.0,0.0,91.2,1.7314,0.0,0.0,1.7224,0.9533662612544772,1.0,3157.2184735510154,1000.0,3156.3976735510155,1000.0,0.05001354240221493,0.0
5426,1692065040000.0,0.0,0.0,91.2,1.7314,0.0,0.0,1.715,0.9533662612544772,1.0,3157.2184735510154,1000.0,3155.7227935510155,1000.0,0.05001354240221493,0.0
5427,1692068640000.0,0.0,0.0,91.2,1.7314,0.0,0.0,1.71075,0.9533662612544772,1.0,3157.2184735510154,1000.0,3155.3351935510154,1000.0,0.05001354240221493,0.0
5428,1692072240000.0,0.0,0.0,91.2,1.7314,0.0,0.0,1.70755,0.9533662612544772,1.0,3157.2184735510154,1000.0,3155.0433535510156,1000.0,0.05001354240221493,0.0
5429,1692075840000.0,0.0,0.0,91.2,1.7314,0.0,0.0,1.71105,0.9533662612544772,1.0,3157.2184735510154,1000.0,3155.3625535510155,1000.0,0.05001354240221493,0.0
5430,1692079440000.0,0.0,0.0,91.2,1.7314,0.0,0.0,1.7031,0.9533662612544772,1.0,3157.2184735510154,1000.0,3154.6375135510157,1000.0,0.05001354240221493,0.0
5431,1692083040000.0,0.0,0.0,91.2,1.7314,0.0,0.0,1.7034,0.9533662612544772,1.0,3157.2184735510154,1000.0,3154.6648735510153,1000.0,0.05001354240221493,0.0
5432,1692086640000.0,0.0,0.0,91.2,1.7314,0.0,0.0,1.7207,0.9533662612544772,1.0,3157.2184735510154,1000.0,3156.2426335510154,1000.0,0.05001354240221493,0.0
5433,1692090240000.0,0.0,0.0,91.2,1.7314,0.0,0.0,1.72935,0.9533662612544772,1.0,3157.2184735510154,1000.0,3157.0315135510155,1000.0,0.05001354240221493,0.0
5434,1692093840000.0,0.0,0.0,91.2,1.7314,0.0,0.0,1.7294,0.9533662612544772,1.0,3157.2184735510154,1000.0,3157.0360735510153,1000.0,0.05001354240221493,0.0
5435,1692097440000.0,0.0,0.0,91.2,1.7314,0.0,0.0,1.7186,0.9533662612544772,1.0,3157.2184735510154,1000.0,3156.0511135510155,1000.0,0.05001354240221493,0.0
5436,1692101040000.0,0.0,0.0,91.2,1.7314,0.0,0.0,1.70005,0.9533662612544772,1.0,3157.2184735510154,1000.0,3154.3593535510154,1000.0,0.05001354240221493,0.0
5437,1692104640000.0,0.0,0.0,91.2,1.7314,0.0,0.0,1.7074,0.9533662612544772,1.0,3157.2184735510154,1000.0,3155.0296735510155,1000.0,0.05001354240221493,0.0
5438,1692108240000.0,0.0,0.0,91.2,1.7314,0.0,0.0,1.69005,0.9533662612544772,1.0,3157.2184735510154,1000.0,3153.4473535510156,1000.0,0.05001354240221493,0.0
5439,1692111840000.0,0.0,0.0,91.2,1.7314,0.0,0.0,1.70125,0.9533662612544772,1.0,3157.2184735510154,1000.0,3154.4687935510156,1000.0,0.05001354240221493,0.0
5440,1692115440000.0,0.0,0.0,91.2,1.7314,0.0,0.0,1.68505,0.9533662612544772,1.0,3157.2184735510154,1000.0,3152.9913535510154,1000.0,0.05001354240221493,0.0
5441,1692119040000.0,0.0,0.0,91.2,1.7314,0.0,0.0,1.6799,0.9533662612544772,1.0,3157.2184735510154,1000.0,3152.5216735510153,1000.0,0.05001354240221493,0.0
5442,1692122640000.0,0.0,0.0,91.2,1.7314,0.0,0.0,1.6778,0.9533662612544772,1.0,3157.2184735510154,1000.0,3152.3301535510154,1000.0,0.05001354240221493,0.0
5443,1692126240000.0,0.0,0.0,230.8,1.6949878682842288,0.0,0.0,1.68,0.9533662612544772,1.0,3157.1718136470154,1000.0,3153.712613647015,1000.0,0.12390937937207182,0.0
5444,1692129840000.0,0.0,0.0,584.0,1.6551392465753425,0.0,0.0,1.62585,0.9533662612544772,1.0,3157.0567340230155,1000.0,3139.9518140230152,1000.0,0.30617166602776463,0.0
5445,1692133440000.0,0.0,0.0,584.0,1.6551392465753425,0.0,0.0,1.62985,0.9533662612544772,1.0,3157.0567340230155,1000.0,3142.2878140230155,1000.0,0.30617166602776463,0.0
5446,1692137040000.0,0.0,0.0,584.0,1.6551392465753425,0.0,0.0,1.63305,0.9533662612544772,1.0,3157.0567340230155,1000.0,3144.156614023015,1000.0,0.30617166602776463,0.0
5447,1692140640000.0,0.0,0.0,584.0,1.6551392465753425,0.0,0.0,1.6294,0.9533662612544772,1.0,3157.0567340230155,1000.0,3142.0250140230155,1000.0,0.30617166602776463,0.0
5448,1692144240000.0,0.0,0.0,584.0,1.6551392465753425,0.0,0.0,1.6217,0.9533662612544772,1.0,3157.0567340230155,1000.0,3137.5282140230156,1000.0,0.30617166602776463,0.0
5449,1692147840000.0,0.0,0.0,584.0,1.6551392465753425,0.0,0.0,1.6029,0.9533662612544772,1.0,3157.0567340230155,1000.0,3126.5490140230154,1000.0,0.30617166602776463,0.0
5450,1692151440000.0,0.0,0.0,584.0,1.6551392465753425,0.0,0.0,1.6109,0.9533662612544772,1.0,3157.0567340230155,1000.0,3131.2210140230154,1000.0,0.30617166602776463,0.0
5451,1692155040000.0,0.0,0.0,584.0,1.6551392465753425,0.0,0.0,1.60975,0.9533662612544772,1.0,3157.0567340230155,1000.0,3130.5494140230153,1000.0,0.30617166602776463,0.0
5452,1692158640000.0,0.0,0.0,584.0,1.6551392465753425,0.0,0.0,1.61865,0.9533662612544772,1.0,3157.0567340230155,1000.0,3135.7470140230153,1000.0,0.30617166602776463,0.0
5453,1692162240000.0,0.0,0.0,584.0,1.6551392465753425,0.0,0.0,1.61715,0.9533662612544772,1.0,3157.0567340230155,1000.0,3134.8710140230155,1000.0,0.30617166602776463,0.0
5454,1692165840000.0,0.0,0.0,584.0,1.6551392465753425,0.0,0.0,1.59355,0.9533662612544772,1.0,3157.0567340230155,1000.0,3121.0886140230155,1000.0,0.30617166602776463,0.0
5455,1692169440000.0,0.0,0.0,584.0,1.6551392465753425,0.0,0.0,1.59745,0.9533662612544772,1.0,3157.0567340230155,1000.0,3123.3662140230153,1000.0,0.30617166602776463,0.0
5456,1692173040000.0,0.0,0.0,584.0,1.6551392465753425,0.0,0.0,1.5896,0.9533662612544772,1.0,3157.0567340230155,1000.0,3118.781814023015,1000.0,0.30617166602776463,0.0
5457,1692176640000.0,0.00018276050667365617,0.0,1975.6,1.5979852804211379,0.0,0.0,1.57575,0.9533662612544772,1.0,3156.6186583430153,1000.0,3112.6906383430155,1000.0,1.0001143824123417,0.0
5458,1692180240000.0,0.00018276050667365617,0.0,1975.6,1.5979852804211379,0.0,0.0,1.5716,0.9533662612544772,1.0,3156.6186583430153,1000.0,3104.4918983430157,1000.0,1.0001143824123417,0.0
5459,1692183840000.0,0.00018276050667365617,0.0,1975.6,1.5979852804211379,0.0,0.0,1.5736,0.9533662612544772,1.0,3156.6186583430153,1000.0,3108.4430983430157,1000.0,1.0001143824123417,0.0
5460,1692187440000.0,0.0,0.0,1955.6,1.5979852804211379,0.0,0.0,1.5762,0.9533662612544772,1.0,3156.2566319345924,1000.0,3113.6533375430154,1000.0,0.9901032706824384,0.0
5461,1692191040000.0,0.0,0.0,1955.6,1.5979852804211379,0.0,0.0,1.5745,0.9533662612544772,1.0,3156.2566319345924,1000.0,3110.3288175430152,1000.0,0.9901032706824384,0.0
5462,1692194640000.0,0.0,0.0,1955.6,1.5979852804211379,0.0,0.0,1.56085,0.9533662612544772,1.0,3156.2566319345924,1000.0,3083.634877543015,1000.0,0.9901032706824384,0.0
5463,1692198240000.0,0.0,0.0,1955.6,1.5979852804211379,0.0,0.0,1.58195,0.9533662612544772,1.0,3156.2566319345924,1000.0,3124.898037543015,1000.0,0.9901032706824384,0.0
5464,1692201840000.0,0.0,0.0,1955.6,1.5979852804211379,0.0,0.0,1.5808,0.9533662612544772,1.0,3156.2566319345924,1000.0,3122.649097543015,1000.0,0.9901032706824384,0.0
5465,1692205440000.0,0.0,0.0,1955.6,1.5979852804211379,0.0,0.0,1.5937,0.9533662612544772,1.0,3156.2566319345924,1000.0,3147.876337543015,1000.0,0.9901032706824384,0.0
5466,1692209040000.0,0.0,0.0,1676.3,1.5979852804211379,0.0,0.0,1.6081,0.9533662612544772,1.0,3160.6393850729687,1000.0,3177.5946895030156,1000.0,0.8475192513960623,0.0
5467,1692212640000.0,0.0,0.0,905.0,1.5979852804211379,0.0,0.0,1.6201,0.9533662612544772,1.0,3172.7425626441454,1000.0,3192.756383863016,1000.0,0.45581280240269306,0.0
5468,1692216240000.0,0.0,0.0,665.0,1.5979852804211379,0.0,0.0,1.60775,0.9533662612544772,1.0,3176.5086233430725,1000.0,3183.0021618630158,1000.0,0.33453717193491345,0.0
5469,1692219840000.0,0.0,0.0,665.0,1.5979852804211379,0.0,0.0,1.56915,0.9533662612544772,1.0,3176.5086233430725,1000.0,3157.333161863016,1000.0,0.33453717193491345,0.0
5470,1692223440000.0,0.0,0.0,665.0,1.5979852804211379,0.0,0.0,1.5634,0.9533662612544772,1.0,3176.5086233430725,1000.0,3153.509411863016,1000.0,0.33453717193491345,0.0
5471,1692227040000.0,0.0,0.0,665.0,1.5979852804211379,0.0,0.0,1.56535,0.9533662612544772,1.0,3176.5086233430725,1000.0,3154.806161863016,1000.0,0.33453717193491345,0.0
5472,1692230640000.0,0.0,0.0,665.0,1.5979852804211379,0.0,0.0,1.5692,0.9533662612544772,1.0,3176.5086233430725,1000.0,3157.366411863016,1000.0,0.33453717193491345,0.0
5473,1692234240000.0,0.0,0.0,665.0,1.5979852804211379,0.0,0.0,1.5691,0.9533662612544772,1.0,3176.5086233430725,1000.0,3157.299911863016,1000.0,0.33453717193491345,0.0
5474,1692237840000.0,0.0,0.0,665.0,1.5979852804211379,0.0,0.0,1.5769,0.9533662612544772,1.0,3176.5086233430725,1000.0,3162.486911863016,1000.0,0.33453717193491345,0.0
5475,1692241440000.0,0.0,0.0,665.0,1.5979852804211379,0.0,0.0,1.57915,0.9533662612544772,1.0,3176.5086233430725,1000.0,3163.983161863016,1000.0,0.33453717193491345,0.0
5476,1692245040000.0,0.0,0.0,665.0,1.5979852804211379,0.0,0.0,1.59205,0.9533662612544772,1.0,3176.5086233430725,1000.0,3172.5616618630156,1000.0,0.33453717193491345,0.0
5477,1692248640000.0,0.0,0.0,665.0,1.5979852804211379,0.0,0.0,1.6006,0.9533662612544772,1.0,3176.5086233430725,1000.0,3178.2474118630157,1000.0,0.33453717193491345,0.0
5478,1692252240000.0,0.0,0.0,665.0,1.5979852804211379,0.0,0.0,1.6018,0.9533662612544772,1.0,3176.5086233430725,1000.0,3179.045411863016,1000.0,0.33453717193491345,0.0
5479,1692255840000.0,0.0,0.0,665.0,1.5979852804211379,0.0,0.0,1.5959,0.9533662612544772,1.0,3176.5086233430725,1000.0,3175.121911863016,1000.0,0.33453717193491345,0.0
5480,1692259440000.0,0.0,0.0,665.0,1.5979852804211379,0.0,0.0,1.589,0.9533662612544772,1.0,3176.5086233430725,1000.0,3170.5334118630158,1000.0,0.33453717193491345,0.0
5481,1692263040000.0,0.0,0.0,665.0,1.5979852804211379,0.0,0.0,1.58395,0.9533662612544772,1.0,3176.5086233430725,1000.0,3167.175161863016,1000.0,0.33453717193491345,0.0
5482,1692266640000.0,0.0,0.0,665.0,1.5979852804211379,0.0,0.0,1.59045,0.9533662612544772,1.0,3176.5086233430725,1000.0,3171.4976618630158,1000.0,0.33453717193491345,0.0
5483,1692270240000.0,0.0,0.0,665.0,1.5979852804211379,0.0,0.0,1.57855,0.9533662612544772,1.0,3176.5086233430725,1000.0,3163.5841618630157,1000.0,0.33453717193491345,0.0
5484,1692273840000.0,0.0,0.0,665.0,1.5979852804211379,0.0,0.0,1.58135,0.9533662612544772,1.0,3176.5086233430725,1000.0,3165.4461618630157,1000.0,0.33453717193491345,0.0
5485,1692277440000.0,0.0,0.0,665.0,1.5979852804211379,0.0,0.0,1.575,0.9533662612544772,1.0,3176.5086233430725,1000.0,3161.223411863016,1000.0,0.33453717193491345,0.0
5486,1692281040000.0,0.0,0.0,665.0,1.5979852804211379,0.0,0.0,1.5694,0.9533662612544772,1.0,3176.5086233430725,1000.0,3157.4994118630157,1000.0,0.33453717193491345,0.0
5487,1692284640000.0,0.0,0.0,665.0,1.5979852804211379,0.0,0.0,1.5664,0.9533662612544772,1.0,3176.5086233430725,1000.0,3155.504411863016,1000.0,0.33453717193491345,0.0
5488,1692288240000.0,0.0,0.0,665.0,1.5979852804211379,0.0,0.0,1.54515,0.9533662612544772,1.0,3176.5086233430725,1000.0,3141.373161863016,1000.0,0.33453717193491345,0.0
5489,1692291840000.0,0.0,0.0,665.0,1.5979852804211379,0.0,0.0,1.568,0.9533662612544772,1.0,3176.5086233430725,1000.0,3156.568411863016,1000.0,0.33453717193491345,0.0
5490,1692295440000.0,0.0,0.0,665.0,1.5979852804211379,0.0,0.0,1.58595,0.9533662612544772,1.0,3176.5086233430725,1000.0,3168.505161863016,1000.0,0.33453717193491345,0.0
5491,1692299040000.0,0.0,0.0,665.0,1.5979852804211379,0.0,0.0,1.5782,0.9533662612544772,1.0,3176.5086233430725,1000.0,3163.351411863016,1000.0,0.33453717193491345,0.0
5492,1692302640000.0,0.0,0.0,665.0,1.5979852804211379,0.0,0.0,1.57685,0.9533662612544772,1.0,3176.5086233430725,1000.0,3162.453661863016,1000.0,0.33453717193491345,0.0
5493,1692306240000.0,0.0,0.0,665.0,1.5979852804211379,0.0,0.0,1.551,0.9533662612544772,1.0,3176.5086233430725,1000.0,3145.263411863016,1000.0,0.33453717193491345,0.0
5494,1692309840000.0,0.00023763838555328307,0.0,2058.3,1.5433002825050073,0.0,0.0,1.38525,0.9533662612544772,1.0,3176.0858403910725,1000.0,2850.7709439110163,1000.0,1.0001540043668733,0.0
5495,1692313440000.0,0.00023763838555328307,0.0,2058.3,1.5433002825050073,0.0,0.0,1.46235,0.9533662612544772,1.0,3176.0858403910725,1000.0,3009.465873911016,1000.0,1.0001540043668733,0.0
5496,1692317040000.0,0.00023763838555328307,0.0,2058.3,1.5433002825050073,0.0,0.0,1.4532,0.9533662612544772,1.0,3176.0858403910725,1000.0,2990.632428911016,1000.0,1.0001540043668733,0.0
5497,1692320640000.0,0.00023763838555328307,0.0,2058.3,1.5433002825050073,0.0,0.0,1.44445,0.9533662612544772,1.0,3176.0858403910725,1000.0,2972.622303911016,1000.0,1.0001540043668733,0.0
5498,1692324240000.0,0.00023763838555328307,0.0,2058.3,1.5433002825050073,0.0,0.0,1.4422,0.9533662612544772,1.0,3176.0858403910725,1000.0,2967.991128911016,1000.0,1.0001540043668733,0.0
5499,1692327840000.0,0.00023763838555328307,0.0,2058.3,1.5433002825050073,0.0,0.0,1.4223,0.9533662612544772,1.0,3176.0858403910725,1000.0,2927.0309589110157,1000.0,1.0001540043668733,0.0
5500,1692331440000.0,0.00023763838555328307,0.0,2058.3,1.5433002825050073,0.0,0.0,1.42335,0.9533662612544772,1.0,3176.0858403910725,1000.0,2929.1921739110157,1000.0,1.0001540043668733,0.0
5501,1692335040000.0,0.00023763838555328307,0.0,2058.3,1.5433002825050073,0.0,0.0,1.41645,0.9533662612544772,1.0,3176.0858403910725,1000.0,2914.989903911016,1000.0,1.0001540043668733,0.0
5502,1692338640000.0,0.00023763838555328307,0.0,2058.3,1.5433002825050073,0.0,0.0,1.43395,0.9533662612544772,1.0,3176.0858403910725,1000.0,2951.010153911016,1000.0,1.0001540043668733,0.0
5503,1692342240000.0,0.0,0.0,2036.2,1.5433002825050073,0.0,0.0,1.43045,0.9533662612544772,1.0,3173.728043049712,1000.0,2943.9422978130165,1000.0,0.9901503823298679,0.0
5504,1692345840000.0,0.0,0.0,2036.2,1.5433002825050073,0.0,0.0,1.43965,0.9533662612544772,1.0,3173.728043049712,1000.0,2962.6753378130165,1000.0,0.9901503823298679,0.0
5505,1692349440000.0,0.0,0.0,2036.2,1.5433002825050073,0.0,0.0,1.4436,0.9533662612544772,1.0,3173.728043049712,1000.0,2970.7183278130165,1000.0,0.9901503823298679,0.0
5506,1692353040000.0,0.0,0.0,2036.2,1.5433002825050073,0.0,0.0,1.442,0.9533662612544772,1.0,3173.728043049712,1000.0,2967.460407813016,1000.0,0.9901503823298679,0.0
5507,1692356640000.0,0.0,0.0,2036.2,1.5433002825050073,0.0,0.0,1.45345,0.9533662612544772,1.0,3173.728043049712,1000.0,2990.774897813016,1000.0,0.9901503823298679,0.0
5508,1692360240000.0,0.0,0.0,2036.2,1.5433002825050073,0.0,0.0,1.44565,0.9533662612544772,1.0,3173.728043049712,1000.0,2974.8925378130166,1000.0,0.9901503823298679,0.0
5509,1692363840000.0,0.0,0.0,2036.2,1.5433002825050073,0.0,0.0,1.4296,0.9533662612544772,1.0,3173.728043049712,1000.0,2942.2115278130163,1000.0,0.9901503823298679,0.0
5510,1692367440000.0,0.0,0.0,2036.2,1.5433002825050073,0.0,0.0,1.42695,0.9533662612544772,1.0,3173.728043049712,1000.0,2936.815597813016,1000.0,0.9901503823298679,0.0
5511,1692371040000.0,0.0,0.0,2036.2,1.5433002825050073,0.0,0.0,1.42955,0.9533662612544772,1.0,3173.728043049712,1000.0,2942.1097178130167,1000.0,0.9901503823298679,0.0
5512,1692374640000.0,0.0,0.0,2036.2,1.5433002825050073,0.0,0.0,1.4212,0.9533662612544772,1.0,3173.728043049712,1000.0,2925.1074478130163,1000.0,0.9901503823298679,0.0
5513,1692378240000.0,0.058923542401537604,0.0,2148.2,1.536298312650915,0.0,0.0,1.41085,0.9533662612544772,1.0,3173.6964814497123,1000.0,2904.2084162130163,1000.0,1.0398839506319655,0.0
5514,1692381840000.0,0.04464661205314374,0.0,2126.0,1.536298312650915,0.0,0.0,1.42055,0.9533662612544772,1.0,3171.2515154708617,1000.0,2925.170602775016,1000.0,1.0299309899457438,0.0
5515,1692385440000.0,0.04464661205314374,0.0,2126.0,1.536298312650915,0.0,0.0,1.4174,0.9533662612544772,1.0,3171.2515154708617,1000.0,2918.473702775016,1000.0,1.0299309899457438,0.0
5516,1692389040000.0,0.04464661205314374,0.0,2126.0,1.536298312650915,0.0,0.0,1.4058,0.9533662612544772,1.0,3171.2515154708617,1000.0,2893.8121027750162,1000.0,1.0299309899457438,0.0
5517,1692392640000.0,0.04464661205314374,0.0,2126.0,1.536298312650915,0.0,0.0,1.4113,0.9533662612544772,1.0,3171.2515154708617,1000.0,2905.505102775016,1000.0,1.0299309899457438,0.0
5518,1692396240000.0,0.04464661205314374,0.0,2126.0,1.536298312650915,0.0,0.0,1.4192,0.9533662612544772,1.0,3171.2515154708617,1000.0,2922.3005027750164,1000.0,1.0299309899457438,0.0
5519,1692399840000.0,0.04464661205314374,0.0,2126.0,1.536298312650915,0.0,0.0,1.42575,0.9533662612544772,1.0,3171.2515154708617,1000.0,2936.2258027750163,1000.0,1.0299309899457438,0.0
5520,1692403440000.0,0.04464661205314374,0.0,2126.0,1.536298312650915,0.0,0.0,1.4269,0.9533662612544772,1.0,3171.2515154708617,1000.0,2938.6707027750163,1000.0,1.0299309899457438,0.0
5521,1692407040000.0,0.04464661205314374,0.0,2126.0,1.536298312650915,0.0,0.0,1.4379,0.9533662612544772,1.0,3171.2515154708617,1000.0,2962.056702775016,1000.0,1.0299309899457438,0.0
5522,1692410640000.0,0.04464661205314374,0.0,2126.0,1.536298312650915,0.0,0.0,1.4332,0.9533662612544772,1.0,3171.2515154708617,1000.0,2952.064502775016,1000.0,1.0299309899457438,0.0
5523,1692414240000.0,0.04464661205314374,0.0,2126.0,1.536298312650915,0.0,0.0,1.4236,0.9533662612544772,1.0,3171.2515154708617,1000.0,2931.654902775016,1000.0,1.0299309899457438,0.0
5524,1692417840000.0,0.04464661205314374,0.0,2126.0,1.536298312650915,0.0,0.0,1.41585,0.9533662612544772,1.0,3171.2515154708617,1000.0,2915.1784027750164,1000.0,1.0299309899457438,0.0
5525,1692421440000.0,0.04464661205314374,0.0,2126.0,1.536298312650915,0.0,0.0,1.41485,0.9533662612544772,1.0,3171.2515154708617,1000.0,2913.052402775016,1000.0,1.0299309899457438,0.0
5526,1692425040000.0,0.030064432671730045,0.0,2103.5,1.536298312650915,0.0,0.0,1.4079,0.9533662612544772,1.0,3168.362966536216,1000.0,2898.2771158750156,1000.0,1.019960002939348,0.0
5527,1692428640000.0,0.030064432671730045,0.0,2103.5,1.536298312650915,0.0,0.0,1.40445,0.9533662612544772,1.0,3168.362966536216,1000.0,2891.020040875016,1000.0,1.019960002939348,0.0
5528,1692432240000.0,0.030064432671730045,0.0,2103.5,1.536298312650915,0.0,0.0,1.4086,0.9533662612544772,1.0,3168.362966536216,1000.0,2899.7495658750163,1000.0,1.019960002939348,0.0
5529,1692435840000.0,0.030064432671730045,0.0,2103.5,1.536298312650915,0.0,0.0,1.4173,0.9533662612544772,1.0,3168.362966536216,1000.0,2918.050015875016,1000.0,1.019960002939348,0.0
5530,1692439440000.0,0.030064432671730045,0.0,2103.5,1.536298312650915,0.0,0.0,1.4202,0.9533662612544772,1.0,3168.362966536216,1000.0,2924.150165875016,1000.0,1.019960002939348,0.0
5531,1692443040000.0,0.030064432671730045,0.0,2103.5,1.536298312650915,0.0,0.0,1.4129,0.9533662612544772,1.0,3168.362966536216,1000.0,2908.794615875016,1000.0,1.019960002939348,0.0
5532,1692446640000.0,0.030064432671730045,0.0,2103.5,1.536298312650915,0.0,0.0,1.4089,0.9533662612544772,1.0,3168.362966536216,1000.0,2900.3806158750162,1000.0,1.019960002939348,0.0
5533,1692450240000.0,0.030064432671730045,0.0,2103.5,1.536298312650915,0.0,0.0,1.40345,0.9533662612544772,1.0,3168.362966536216,1000.0,2888.9165408750164,1000.0,1.019960002939348,0.0
5534,1692453840000.0,0.030064432671730045,0.0,2103.5,1.536298312650915,0.0,0.0,1.4052,0.9533662612544772,1.0,3168.362966536216,1000.0,2892.597665875016,1000.0,1.019960002939348,0.0
5535,1692457440000.0,0.030064432671730045,0.0,2103.5,1.536298312650915,0.0,0.0,1.3979,0.9533662612544772,1.0,3168.362966536216,1000.0,2877.2421158750158,1000.0,1.019960002939348,0.0
5536,1692461040000.0,0.030064432671730045,0.0,2103.5,1.536298312650915,0.0,0.0,1.4224,0.9533662612544772,1.0,3168.362966536216,1000.0,2928.7778658750162,1000.0,1.019960002939348,0.0
5537,1692464640000.0,0.030064432671730045,0.0,2103.5,1.536298312650915,0.0,0.0,1.42545,0.9533662612544772,1.0,3168.362966536216,1000.0,2935.1935408750164,1000.0,1.019960002939348,0.0
5538,1692468240000.0,0.015143683661693394,0.0,2081.0,1.536298312650915,0.0,0.0,1.405,0.9533662612544772,1.0,3165.5227829265705,1000.0,2892.2909943000163,1000.0,1.009955387422879,0.0
5539,1692471840000.0,0.015143683661693394,0.0,2081.0,1.536298312650915,0.0,0.0,1.4145,0.9533662612544772,1.0,3165.5227829265705,1000.0,2912.060494300016,1000.0,1.009955387422879,0.0
5540,1692475440000.0,0.015143683661693394,0.0,2081.0,1.536298312650915,0.0,0.0,1.4132,0.9533662612544772,1.0,3165.5227829265705,1000.0,2909.355194300016,1000.0,1.009955387422879,0.0
5541,1692479040000.0,0.015143683661693394,0.0,2081.0,1.536298312650915,0.0,0.0,1.4067,0.9533662612544772,1.0,3165.5227829265705,1000.0,2895.828694300016,1000.0,1.009955387422879,0.0
5542,1692482640000.0,0.015143683661693394,0.0,2081.0,1.536298312650915,0.0,0.0,1.40495,0.9533662612544772,1.0,3165.5227829265705,1000.0,2892.186944300016,1000.0,1.009955387422879,0.0
5543,1692486240000.0,0.015143683661693394,0.0,2081.0,1.536298312650915,0.0,0.0,1.41085,0.9533662612544772,1.0,3165.5227829265705,1000.0,2904.464844300016,1000.0,1.009955387422879,0.0
5544,1692489840000.0,0.015143683661693394,0.0,2081.0,1.536298312650915,0.0,0.0,1.41755,0.9533662612544772,1.0,3165.5227829265705,1000.0,2918.4075443000165,1000.0,1.009955387422879,0.0
5545,1692493440000.0,0.015143683661693394,0.0,2081.0,1.536298312650915,0.0,0.0,1.41855,0.9533662612544772,1.0,3165.5227829265705,1000.0,2920.488544300016,1000.0,1.009955387422879,0.0
5546,1692497040000.0,0.015143683661693394,0.0,2081.0,1.536298312650915,0.0,0.0,1.41765,0.9533662612544772,1.0,3165.5227829265705,1000.0,2918.6156443000164,1000.0,1.009955387422879,0.0
5547,1692500640000.0,0.015143683661693394,0.0,2081.0,1.536298312650915,0.0,0.0,1.42555,0.9533662612544772,1.0,3165.5227829265705,1000.0,2935.055544300016,1000.0,1.009955387422879,0.0
5548,1692504240000.0,0.015143683661693394,0.0,2081.0,1.536298312650915,0.0,0.0,1.42625,0.9533662612544772,1.0,3165.5227829265705,1000.0,2936.5122443000164,1000.0,1.009955387422879,0.0
5549,1692507840000.0,0.015143683661693394,0.0,2081.0,1.536298312650915,0.0,0.0,1.41845,0.9533662612544772,1.0,3165.5227829265705,1000.0,2920.280444300016,1000.0,1.009955387422879,0.0
5550,1692511440000.0,0.0,0.0,2058.7,1.536298312650915,0.0,0.0,1.41445,0.9533662612544772,1.0,3162.9085052534547,1000.0,2912.0593839990156,1000.0,0.9999585289935519,0.0
5551,1692515040000.0,0.0,0.0,2058.7,1.536298312650915,0.0,0.0,1.41315,0.9533662612544772,1.0,3162.9085052534547,1000.0,2909.383073999016,1000.0,0.9999585289935519,0.0
5552,1692518640000.0,0.0,0.0,2058.7,1.536298312650915,0.0,0.0,1.42065,0.9533662612544772,1.0,3162.9085052534547,1000.0,2924.823323999016,1000.0,0.9999585289935519,0.0
5553,1692522240000.0,0.0,0.0,2058.7,1.536298312650915,0.0,0.0,1.42705,0.9533662612544772,1.0,3162.9085052534547,1000.0,2937.9990039990157,1000.0,0.9999585289935519,0.0
5554,1692525840000.0,0.0,0.0,2058.7,1.536298312650915,0.0,0.0,1.4283,0.9533662612544772,1.0,3162.9085052534547,1000.0,2940.5723789990157,1000.0,0.9999585289935519,0.0
5555,1692529440000.0,0.0,0.0,2058.7,1.536298312650915,0.0,0.0,1.43775,0.9533662612544772,1.0,3162.9085052534547,1000.0,2960.027093999016,1000.0,0.9999585289935519,0.0
5556,1692533040000.0,0.0,0.0,2058.7,1.536298312650915,0.0,0.0,1.43975,0.9533662612544772,1.0,3162.9085052534547,1000.0,2964.144493999016,1000.0,0.9999585289935519,0.0
5557,1692536640000.0,0.0,0.0,2058.7,1.536298312650915,0.0,0.0,1.44515,0.9533662612544772,1.0,3162.9085052534547,1000.0,2975.261473999016,1000.0,0.9999585289935519,0.0
5558,1692540240000.0,0.0,0.0,2058.7,1.536298312650915,0.0,0.0,1.4368,0.9533662612544772,1.0,3162.9085052534547,1000.0,2958.071328999016,1000.0,0.9999585289935519,0.0
5559,1692543840000.0,0.0,0.0,2058.7,1.536298312650915,0.0,0.0,1.4228,0.9533662612544772,1.0,3162.9085052534547,1000.0,2929.249528999016,1000.0,0.9999585289935519,0.0
5560,1692547440000.0,0.0,0.0,2058.7,1.536298312650915,0.0,0.0,1.42215,0.9533662612544772,1.0,3162.9085052534547,1000.0,2927.9113739990157,1000.0,0.9999585289935519,0.0
5561,1692551040000.0,0.0,0.0,2058.7,1.536298312650915,0.0,0.0,1.4133,0.9533662612544772,1.0,3162.9085052534547,1000.0,2909.691878999016,1000.0,0.9999585289935519,0.0
5562,1692554640000.0,0.0,0.0,2036.5,1.536298312650915,0.0,0.0,1.4182,0.9533662612544772,1.0,3160.4335752686043,1000.0,2919.9263615550153,1000.0,0.9899500936189376,0.0
5563,1692558240000.0,0.0,0.0,2036.5,1.536298312650915,0.0,0.0,1.42155,0.9533662612544772,1.0,3160.4335752686043,1000.0,2926.7486365550158,1000.0,0.9899500936189376,0.0
5564,1692561840000.0,0.0,0.0,2036.5,1.536298312650915,0.0,0.0,1.42255,0.9533662612544772,1.0,3160.4335752686043,1000.0,2928.7851365550155,1000.0,0.9899500936189376,0.0
5565,1692565440000.0,0.0,0.0,2036.5,1.536298312650915,0.0,0.0,1.43145,0.9533662612544772,1.0,3160.4335752686043,1000.0,2946.9099865550156,1000.0,0.9899500936189376,0.0
5566,1692569040000.0,0.0,0.0,2036.5,1.536298312650915,0.0,0.0,1.42445,0.9533662612544772,1.0,3160.4335752686043,1000.0,2932.654486555016,1000.0,0.9899500936189376,0.0
5567,1692572640000.0,0.0,0.0,2036.5,1.536298312650915,0.0,0.0,1.4253,0.9533662612544772,1.0,3160.4335752686043,1000.0,2934.385511555016,1000.0,0.9899500936189376,0.0
5568,1692576240000.0,0.0,0.0,2036.5,1.536298312650915,0.0,0.0,1.42735,0.9533662612544772,1.0,3160.4335752686043,1000.0,2938.5603365550155,1000.0,0.9899500936189376,0.0
5569,1692579840000.0,0.0,0.0,2036.5,1.536298312650915,0.0,0.0,1.4375,0.9533662612544772,1.0,3160.4335752686043,1000.0,2959.230811555016,1000.0,0.9899500936189376,0.0
5570,1692583440000.0,0.0,0.0,2036.5,1.536298312650915,0.0,0.0,1.43055,0.9533662612544772,1.0,3160.4335752686043,1000.0,2945.077136555016,1000.0,0.9899500936189376,0.0
5571,1692587040000.0,0.0,0.0,2036.5,1.536298312650915,0.0,0.0,1.43005,0.9533662612544772,1.0,3160.4335752686043,1000.0,2944.0588865550158,1000.0,0.9899500936189376,0.0
5572,1692590640000.0,0.0,0.0,2036.5,1.536298312650915,0.0,0.0,1.4195,0.9533662612544772,1.0,3160.4335752686043,1000.0,2922.5738115550157,1000.0,0.9899500936189376,0.0
5573,1692594240000.0,0.0,0.0,2036.5,1.536298312650915,0.0,0.0,1.4059,0.9533662612544772,1.0,3160.4335752686043,1000.0,2894.8774115550154,1000.0,0.9899500936189376,0.0
5574,1692597840000.0,0.0,0.0,2014.2,1.536298312650915,0.0,0.0,1.41425,0.9533662612544772,1.0,3157.788083839489,1000.0,2911.9583724980157,1000.0,0.9799302483841924,0.0
5575,1692601440000.0,0.04433037860897482,0.0,2126.5,1.529285262798718,0.0,0.0,1.4045,0.9533662612544772,1.0,3157.756561229489,1000.0,2892.4006998880154,1000.0,1.0298530137723096,0.0
5576,1692605040000.0,0.04433037860897482,0.0,2126.5,1.529285262798718,0.0,0.0,1.38525,0.9533662612544772,1.0,3157.756561229489,1000.0,2851.4655748880155,1000.0,1.0298530137723096,0.0
5577,1692608640000.0,0.04433037860897482,0.0,2126.5,1.529285262798718,0.0,0.0,1.37915,0.9533662612544772,1.0,3157.756561229489,1000.0,2838.4939248880155,1000.0,1.0298530137723096,0.0
5578,1692612240000.0,0.04433037860897482,0.0,2126.5,1.529285262798718,0.0,0.0,1.37055,0.9533662612544772,1.0,3157.756561229489,1000.0,2820.2060248880152,1000.0,1.0298530137723096,0.0
5579,1692615840000.0,0.04433037860897482,0.0,2126.5,1.529285262798718,0.0,0.0,1.3714,0.9533662612544772,1.0,3157.756561229489,1000.0,2822.013549888015,1000.0,1.0298530137723096,0.0
5580,1692619440000.0,0.04433037860897482,0.0,2126.5,1.529285262798718,0.0,0.0,1.382,0.9533662612544772,1.0,3157.756561229489,1000.0,2844.554449888015,1000.0,1.0298530137723096,0.0
5581,1692623040000.0,0.04433037860897482,0.0,2126.5,1.529285262798718,0.0,0.0,1.3739,0.9533662612544772,1.0,3157.756561229489,1000.0,2827.3297998880153,1000.0,1.0298530137723096,0.0
5582,1692626640000.0,0.04433037860897482,0.0,2126.5,1.529285262798718,0.0,0.0,1.3761,0.9533662612544772,1.0,3157.756561229489,1000.0,2832.0080998880153,1000.0,1.0298530137723096,0.0
5583,1692630240000.0,0.04433037860897482,0.0,2126.5,1.529285262798718,0.0,0.0,1.37675,0.9533662612544772,1.0,3157.756561229489,1000.0,2833.390324888015,1000.0,1.0298530137723096,0.0
5584,1692633840000.0,0.04433037860897482,0.0,2126.5,1.529285262798718,0.0,0.0,1.3465,0.9533662612544772,1.0,3157.756561229489,1000.0,2769.0636998880154,1000.0,1.0298530137723096,0.0
5585,1692637440000.0,0.04433037860897482,0.0,2126.5,1.529285262798718,0.0,0.0,1.3507,0.9533662612544772,1.0,3157.756561229489,1000.0,2777.994999888015,1000.0,1.0298530137723096,0.0
5586,1692641040000.0,0.0298233725973398,0.0,2103.3,1.529285262798718,0.0,0.0,1.35965,0.9533662612544772,1.0,3153.818193660559,1000.0,2797.0243454160154,1000.0,1.0198893835129978,0.0
5587,1692644640000.0,0.0298233725973398,0.0,2103.3,1.529285262798718,0.0,0.0,1.3683,0.9533662612544772,1.0,3153.818193660559,1000.0,2815.2178904160155,1000.0,1.0198893835129978,0.0
5588,1692648240000.0,0.0298233725973398,0.0,2103.3,1.529285262798718,0.0,0.0,1.3864,0.9533662612544772,1.0,3153.818193660559,1000.0,2853.2876204160157,1000.0,1.0198893835129978,0.0
5589,1692651840000.0,0.0298233725973398,0.0,2103.3,1.529285262798718,0.0,0.0,1.38535,0.9533662612544772,1.0,3153.818193660559,1000.0,2851.0791554160155,1000.0,1.0198893835129978,0.0
5590,1692655440000.0,0.0298233725973398,0.0,2103.3,1.529285262798718,0.0,0.0,1.39755,0.9533662612544772,1.0,3153.818193660559,1000.0,2876.7394154160156,1000.0,1.0198893835129978,0.0
5591,1692659040000.0,0.0298233725973398,0.0,2103.3,1.529285262798718,0.0,0.0,1.39215,0.9533662612544772,1.0,3153.818193660559,1000.0,2865.3815954160154,1000.0,1.0198893835129978,0.0
5592,1692662640000.0,0.0298233725973398,0.0,2103.3,1.529285262798718,0.0,0.0,1.3914,0.9533662612544772,1.0,3153.818193660559,1000.0,2863.8041204160154,1000.0,1.0198893835129978,0.0
5593,1692666240000.0,0.0298233725973398,0.0,2103.3,1.529285262798718,0.0,0.0,1.3934,0.9533662612544772,1.0,3153.818193660559,1000.0,2868.0107204160154,1000.0,1.0198893835129978,0.0
5594,1692669840000.0,0.0298233725973398,0.0,2103.3,1.529285262798718,0.0,0.0,1.3889,0.9533662612544772,1.0,3153.818193660559,1000.0,2858.5458704160155,1000.0,1.0198893835129978,0.0
5595,1692673440000.0,0.0298233725973398,0.0,2103.3,1.529285262798718,0.0,0.0,1.39465,0.9533662612544772,1.0,3153.818193660559,1000.0,2870.6398454160153,1000.0,1.0198893835129978,0.0
5596,1692677040000.0,0.0298233725973398,0.0,2103.3,1.529285262798718,0.0,0.0,1.38945,0.9533662612544772,1.0,3153.818193660559,1000.0,2859.7026854160154,1000.0,1.0198893835129978,0.0
5597,1692680640000.0,0.0298233725973398,0.0,2103.3,1.529285262798718,0.0,0.0,1.39225,0.9533662612544772,1.0,3153.818193660559,1000.0,2865.5919254160153,1000.0,1.0198893835129978,0.0
5598,1692684240000.0,0.015019720915593672,0.0,2080.6,1.529285262798718,0.0,0.0,1.38705,0.9533662612544772,1.0,3150.5808864420283,1000.0,2854.6461986630156,1000.0,1.009918815755997,0.0
5599,1692687840000.0,0.015019720915593672,0.0,2080.6,1.529285262798718,0.0,0.0,1.40055,0.9533662612544772,1.0,3150.5808864420283,1000.0,2882.7342986630156,1000.0,1.009918815755997,0.0
5600,1692691440000.0,0.015019720915593672,0.0,2080.6,1.529285262798718,0.0,0.0,1.4047,0.9533662612544772,1.0,3150.5808864420283,1000.0,2891.368788663016,1000.0,1.009918815755997,0.0
5601,1692695040000.0,0.015019720915593672,0.0,2080.6,1.529285262798718,0.0,0.0,1.40635,0.9533662612544772,1.0,3150.5808864420283,1000.0,2894.8017786630157,1000.0,1.009918815755997,0.0
5602,1692698640000.0,0.015019720915593672,0.0,2080.6,1.529285262798718,0.0,0.0,1.3992,0.9533662612544772,1.0,3150.5808864420283,1000.0,2879.925488663016,1000.0,1.009918815755997,0.0
5603,1692702240000.0,0.015019720915593672,0.0,2080.6,1.529285262798718,0.0,0.0,1.3921,0.9533662612544772,1.0,3150.5808864420283,1000.0,2865.1532286630154,1000.0,1.009918815755997,0.0
5604,1692705840000.0,0.015019720915593672,0.0,2080.6,1.529285262798718,0.0,0.0,1.38935,0.9533662612544772,1.0,3150.5808864420283,1000.0,2859.431578663016,1000.0,1.009918815755997,0.0
5605,1692709440000.0,0.015019720915593672,0.0,2080.6,1.529285262798718,0.0,0.0,1.38625,0.9533662612544772,1.0,3150.5808864420283,1000.0,2852.9817186630157,1000.0,1.009918815755997,0.0
5606,1692713040000.0,0.015019720915593672,0.0,2080.6,1.529285262798718,0.0,0.0,1.37625,0.9533662612544772,1.0,3150.5808864420283,1000.0,2832.1757186630157,1000.0,1.009918815755997,0.0
5607,1692716640000.0,0.015019720915593672,0.0,2080.6,1.529285262798718,0.0,0.0,1.37245,0.9533662612544772,1.0,3150.5808864420283,1000.0,2824.2694386630155,1000.0,1.009918815755997,0.0
5608,1692720240000.0,0.015019720915593672,0.0,2080.6,1.529285262798718,0.0,0.0,1.3725,0.9533662612544772,1.0,3150.5808864420283,1000.0,2824.373468663016,1000.0,1.009918815755997,0.0
5609,1692723840000.0,0.015019720915593672,0.0,2080.6,1.529285262798718,0.0,0.0,1.37925,0.9533662612544772,1.0,3150.5808864420283,1000.0,2838.417518663016,1000.0,1.009918815755997,0.0
5610,1692727440000.0,0.0,0.0,2057.6,1.529285262798718,0.0,0.0,1.3548,0.9533662612544772,1.0,3146.9363183376577,1000.0,2787.9154416030156,1000.0,0.9999113545446121,0.0
5611,1692731040000.0,0.0,0.0,2057.6,1.529285262798718,0.0,0.0,1.372,0.9533662612544772,1.0,3146.9363183376577,1000.0,2823.306161603016,1000.0,0.9999113545446121,0.0
5612,1692734640000.0,0.0,0.0,2057.6,1.529285262798718,0.0,0.0,1.3643,0.9533662612544772,1.0,3146.9363183376577,1000.0,2807.462641603016,1000.0,0.9999113545446121,0.0
5613,1692738240000.0,0.0,0.0,2057.6,1.529285262798718,0.0,0.0,1.36715,0.9533662612544772,1.0,3146.9363183376577,1000.0,2813.326801603016,1000.0,0.9999113545446121,0.0
5614,1692741840000.0,0.0,0.0,2057.6,1.529285262798718,0.0,0.0,1.3584,0.9533662612544772,1.0,3146.9363183376577,1000.0,2795.3228016030157,1000.0,0.9999113545446121,0.0
5615,1692745440000.0,0.0,0.0,2057.6,1.529285262798718,0.0,0.0,1.37305,0.9533662612544772,1.0,3146.9363183376577,1000.0,2825.466641603016,1000.0,0.9999113545446121,0.0
5616,1692749040000.0,0.0,0.0,2057.6,1.529285262798718,0.0,0.0,1.3927,0.9533662612544772,1.0,3146.9363183376577,1000.0,2865.8984816030156,1000.0,0.9999113545446121,0.0
5617,1692752640000.0,0.0,0.0,2057.6,1.529285262798718,0.0,0.0,1.386,0.9533662612544772,1.0,3146.9363183376577,1000.0,2852.1125616030154,1000.0,0.9999113545446121,0.0
5618,1692756240000.0,0.0,0.0,2057.6,1.529285262798718,0.0,0.0,1.38785,0.9533662612544772,1.0,3146.9363183376577,1000.0,2855.919121603016,1000.0,0.9999113545446121,0.0
5619,1692759840000.0,0.0,0.0,2057.6,1.529285262798718,0.0,0.0,1.38715,0.9533662612544772,1.0,3146.9363183376577,1000.0,2854.478801603016,1000.0,0.9999113545446121,0.0
5620,1692763440000.0,0.0,0.0,2057.6,1.529285262798718,0.0,0.0,1.37725,0.9533662612544772,1.0,3146.9363183376577,1000.0,2834.108561603016,1000.0,0.9999113545446121,0.0
5621,1692767040000.0,0.0,0.0,2057.6,1.529285262798718,0.0,0.0,1.3813,0.9533662612544772,1.0,3146.9363183376577,1000.0,2842.4418416030157,1000.0,0.9999113545446121,0.0
5622,1692770640000.0,0.058393365233146484,0.0,2148.8,1.5212724091319951,0.0,0.0,1.3759,0.9533662612544772,1.0,3143.4344895298464,1000.0,2831.058256787015,1000.0,1.0399167419047286,0.0
5623,1692774240000.0,0.058393365233146484,0.0,2148.8,1.5212724091319951,0.0,0.0,1.3829,0.9533662612544772,1.0,3143.4344895298464,1000.0,2846.099856787015,1000.0,1.0399167419047286,0.0
5624,1692777840000.0,0.058393365233146484,0.0,2148.8,1.5212724091319951,0.0,0.0,1.38295,0.9533662612544772,1.0,3143.4344895298464,1000.0,2846.207296787015,1000.0,1.0399167419047286,0.0
5625,1692781440000.0,0.058393365233146484,0.0,2148.8,1.5212724091319951,0.0,0.0,1.37825,0.9533662612544772,1.0,3143.4344895298464,1000.0,2836.107936787015,1000.0,1.0399167419047286,0.0
5626,1692785040000.0,0.058393365233146484,0.0,2148.8,1.5212724091319951,0.0,0.0,1.38075,0.9533662612544772,1.0,3143.4344895298464,1000.0,2841.479936787015,1000.0,1.0399167419047286,0.0
5627,1692788640000.0,0.058393365233146484,0.0,2148.8,1.5212724091319951,0.0,0.0,1.3743,0.9533662612544772,1.0,3143.4344895298464,1000.0,2827.620176787015,1000.0,1.0399167419047286,0.0
5628,1692792240000.0,0.058393365233146484,0.0,2148.8,1.5212724091319951,0.0,0.0,1.3716,0.9533662612544772,1.0,3143.4344895298464,1000.0,2821.818416787015,1000.0,1.0399167419047286,0.0
5629,1692795840000.0,0.058393365233146484,0.0,2148.8,1.5212724091319951,0.0,0.0,1.35855,0.9533662612544772,1.0,3143.4344895298464,1000.0,2793.776576787015,1000.0,1.0399167419047286,0.0
5630,1692799440000.0,0.058393365233146484,0.0,2148.8,1.5212724091319951,0.0,0.0,1.3875,0.9533662612544772,1.0,3143.4344895298464,1000.0,2855.9843367870153,1000.0,1.0399167419047286,0.0
5631,1692803040000.0,0.058393365233146484,0.0,2148.8,1.5212724091319951,0.0,0.0,1.38975,0.9533662612544772,1.0,3143.4344895298464,1000.0,2860.8191367870154,1000.0,1.0399167419047286,0.0
5632,1692806640000.0,0.058393365233146484,0.0,2148.8,1.5212724091319951,0.0,0.0,1.4044,0.9533662612544772,1.0,3143.4344895298464,1000.0,2892.2990567870156,1000.0,1.0399167419047286,0.0
5633,1692810240000.0,0.058393365233146484,0.0,2148.8,1.5212724091319951,0.0,0.0,1.42135,0.9533662612544772,1.0,3143.4344895298464,1000.0,2928.721216787015,1000.0,1.0399167419047286,0.0
5634,1692813840000.0,0.04425109881182274,0.0,2126.8,1.5212724091319951,0.0,0.0,1.41325,0.9533662612544772,1.0,3141.3289227889427,1000.0,2911.5868630470154,1000.0,1.0299596888024793,0.0
5635,1692817440000.0,0.04425109881182274,0.0,2126.8,1.5212724091319951,0.0,0.0,1.40735,0.9533662612544772,1.0,3141.3289227889427,1000.0,2899.0387430470155,1000.0,1.0299596888024793,0.0
5636,1692821040000.0,0.04425109881182274,0.0,2126.8,1.5212724091319951,0.0,0.0,1.4244,0.9533662612544772,1.0,3141.3289227889427,1000.0,2935.300683047016,1000.0,1.0299596888024793,0.0
5637,1692824640000.0,0.04425109881182274,0.0,2126.8,1.5212724091319951,0.0,0.0,1.4459,0.9533662612544772,1.0,3141.3289227889427,1000.0,2981.0268830470154,1000.0,1.0299596888024793,0.0
5638,1692828240000.0,0.04425109881182274,0.0,2126.8,1.5212724091319951,0.0,0.0,1.45775,0.9533662612544772,1.0,3141.3289227889427,1000.0,3006.2294630470155,1000.0,1.0299596888024793,0.0
5639,1692831840000.0,0.04425109881182274,0.0,2126.8,1.5212724091319951,0.0,0.0,1.45625,0.9533662612544772,1.0,3141.3289227889427,1000.0,3003.0392630470155,1000.0,1.0299596888024793,0.0
5640,1692835440000.0,0.04425109881182274,0.0,2126.8,1.5212724091319951,0.0,0.0,1.45205,0.9533662612544772,1.0,3141.3289227889427,1000.0,2994.106703047016,1000.0,1.0299596888024793,0.0
5641,1692839040000.0,0.04425109881182274,0.0,2126.8,1.5212724091319951,0.0,0.0,1.4662,0.9533662612544772,1.0,3141.3289227889427,1000.0,3024.2009230470153,1000.0,1.0299596888024793,0.0
5642,1692842640000.0,0.04425109881182274,0.0,2126.8,1.5212724091319951,0.0,0.0,1.4612,0.9533662612544772,1.0,3141.3289227889427,1000.0,3013.5669230470157,1000.0,1.0299596888024793,0.0
5643,1692846240000.0,0.04425109881182274,0.0,2126.8,1.5212724091319951,0.0,0.0,1.47615,0.9533662612544772,1.0,3141.3289227889427,1000.0,3045.3625830470155,1000.0,1.0299596888024793,0.0
5644,1692849840000.0,0.04425109881182274,0.0,2126.8,1.5212724091319951,0.0,0.0,1.4891,0.9533662612544772,1.0,3141.3289227889427,1000.0,3072.9046430470157,1000.0,1.0299596888024793,0.0
5645,1692853440000.0,0.029815509638083413,0.0,2105.5,1.5212724091319951,0.0,0.0,1.4743,0.9533662612544772,1.0,3140.262501884431,1000.0,3041.3620944570152,1000.0,1.0199908623897884,0.0
5646,1692857040000.0,0.029815509638083413,0.0,2105.5,1.5212724091319951,0.0,0.0,1.4689,0.9533662612544772,1.0,3140.262501884431,1000.0,3029.9923944570155,1000.0,1.0199908623897884,0.0
5647,1692860640000.0,0.029815509638083413,0.0,2105.5,1.5212724091319951,0.0,0.0,1.4794,0.9533662612544772,1.0,3140.262501884431,1000.0,3052.100144457015,1000.0,1.0199908623897884,0.0
5648,1692864240000.0,0.029815509638083413,0.0,2105.5,1.5212724091319951,0.0,0.0,1.5089,0.9533662612544772,1.0,3140.262501884431,1000.0,3114.212394457015,1000.0,1.0199908623897884,0.0
5649,1692867840000.0,0.0,0.0,1804.8,1.5212724091319951,0.0,0.0,1.54095,0.9533662612544772,1.0,3144.74903334844,1000.0,3180.2631493470153,1000.0,0.8730720368734783,0.0
5650,1692871440000.0,0.0,0.0,974.3,1.5212724091319951,0.0,0.0,1.50295,0.9533662612544772,1.0,3157.1403349143184,1000.0,3139.2888116970157,1000.0,0.4694677939482622,0.0
5651,1692875040000.0,0.0,0.0,974.3,1.5212724091319951,0.0,0.0,1.519,0.9533662612544772,1.0,3157.1403349143184,1000.0,3154.9263266970156,1000.0,0.4694677939482622,0.0
5652,1692878640000.0,0.0,0.0,974.3,1.5212724091319951,0.0,0.0,1.5028,0.9533662612544772,1.0,3157.1403349143184,1000.0,3139.1426666970156,1000.0,0.4694677939482622,0.0
5653,1692882240000.0,0.0,0.0,974.3,1.5212724091319951,0.0,0.0,1.4725,0.9533662612544772,1.0,3157.1403349143184,1000.0,3109.6213766970154,1000.0,0.4694677939482622,0.0
5654,1692885840000.0,0.0,0.0,974.3,1.5212724091319951,0.0,0.0,1.46505,0.9533662612544772,1.0,3157.1403349143184,1000.0,3102.3628416970155,1000.0,0.4694677939482622,0.0
5655,1692889440000.0,0.0,0.0,974.3,1.5212724091319951,0.0,0.0,1.4627,0.9533662612544772,1.0,3157.1403349143184,1000.0,3100.0732366970155,1000.0,0.4694677939482622,0.0
5656,1692893040000.0,0.0,0.0,974.3,1.5212724091319951,0.0,0.0,1.45885,0.9533662612544772,1.0,3157.1403349143184,1000.0,3096.3221816970154,1000.0,0.4694677939482622,0.0
5657,1692896640000.0,0.0,0.0,974.3,1.5212724091319951,0.0,0.0,1.46985,0.9533662612544772,1.0,3157.1403349143184,1000.0,3107.0394816970156,1000.0,0.4694677939482622,0.0
5658,1692900240000.0,0.0,0.0,974.3,1.5212724091319951,0.0,0.0,1.4604,0.9533662612544772,1.0,3157.1403349143184,1000.0,3097.8323466970155,1000.0,0.4694677939482622,0.0
5659,1692903840000.0,0.0,0.0,974.3,1.5212724091319951,0.0,0.0,1.4597,0.9533662612544772,1.0,3157.1403349143184,1000.0,3097.1503366970155,1000.0,0.4694677939482622,0.0
5660,1692907440000.0,0.0,0.0,974.3,1.5212724091319951,0.0,0.0,1.43805,0.9533662612544772,1.0,3157.1403349143184,1000.0,3076.0567416970157,1000.0,0.4694677939482622,0.0
5661,1692911040000.0,0.00013398967197853555,0.0,2143.2,1.473074149970746,0.0,0.0,1.4438,0.9533662612544772,1.0,3156.8053515523184,1000.0,3094.0649933350155,1000.0,1.0000909674918168,0.0
5662,1692914640000.0,0.0,0.0,2121.4,1.473074149970746,0.0,0.0,1.46035,0.9533662612544772,1.0,3156.317808722956,1000.0,3129.3247969750155,1000.0,0.9900712447623597,0.0
5663,1692918240000.0,0.0,0.0,2121.4,1.473074149970746,0.0,0.0,1.455,0.9533662612544772,1.0,3156.317808722956,1000.0,3117.975306975016,1000.0,0.9900712447623597,0.0
5664,1692921840000.0,0.0,0.0,2121.4,1.473074149970746,0.0,0.0,1.45855,0.9533662612544772,1.0,3156.317808722956,1000.0,3125.5062769750157,1000.0,0.9900712447623597,0.0
5665,1692925440000.0,0.0,0.0,2121.4,1.473074149970746,0.0,0.0,1.46535,0.9533662612544772,1.0,3156.317808722956,1000.0,3139.9317969750155,1000.0,0.9900712447623597,0.0
5666,1692929040000.0,0.0,0.0,2121.4,1.473074149970746,0.0,0.0,1.4868,0.9533662612544772,1.0,3156.317808722956,1000.0,3185.4358269750155,1000.0,0.9900712447623597,0.0
5667,1692932640000.0,0.0,0.0,2121.4,1.473074149970746,0.0,0.0,1.47275,0.9533662612544772,1.0,3156.317808722956,1000.0,3155.630156975016,1000.0,0.9900712447623597,0.0
5668,1692936240000.0,0.0,0.0,2121.4,1.473074149970746,0.0,0.0,1.4671,0.9533662612544772,1.0,3156.317808722956,1000.0,3143.644246975016,1000.0,0.9900712447623597,0.0
5669,1692939840000.0,0.0,0.0,2121.4,1.473074149970746,0.0,0.0,1.43995,0.9533662612544772,1.0,3156.317808722956,1000.0,3086.0482369750157,1000.0,0.9900712447623597,0.0
5670,1692943440000.0,0.0,0.0,2121.4,1.473074149970746,0.0,0.0,1.44075,0.9533662612544772,1.0,3156.317808722956,1000.0,3087.7453569750155,1000.0,0.9900712447623597,0.0
5671,1692947040000.0,0.0,0.0,2121.4,1.473074149970746,0.0,0.0,1.4368,0.9533662612544772,1.0,3156.317808722956,1000.0,3079.365826975016,1000.0,0.9900712447623597,0.0
5672,1692950640000.0,0.0,0.0,2121.4,1.473074149970746,0.0,0.0,1.43635,0.9533662612544772,1.0,3156.317808722956,1000.0,3078.4111969750156,1000.0,0.9900712447623597,0.0
5673,1692954240000.0,0.0,0.0,2121.4,1.473074149970746,0.0,0.0,1.44095,0.9533662612544772,1.0,3156.317808722956,1000.0,3088.1696369750152,1000.0,0.9900712447623597,0.0
5674,1692957840000.0,0.0,0.0,2099.5,1.473074149970746,0.0,0.0,1.4339,0.9533662612544772,1.0,3155.657243622597,1000.0,3073.4111157590155,1000.0,0.9800554810297569,0.0
5675,1692961440000.0,0.0,0.0,2099.5,1.473074149970746,0.0,0.0,1.4484,0.9533662612544772,1.0,3155.657243622597,1000.0,3103.8538657590157,1000.0,0.9800554810297569,0.0
5676,1692965040000.0,0.0,0.0,2099.5,1.473074149970746,0.0,0.0,1.4536,0.9533662612544772,1.0,3155.657243622597,1000.0,3114.7712657590155,1000.0,0.9800554810297569,0.0
5677,1692968640000.0,0.0,0.0,2099.5,1.473074149970746,0.0,0.0,1.46395,0.9533662612544772,1.0,3155.657243622597,1000.0,3136.501090759016,1000.0,0.9800554810297569,0.0
5678,1692972240000.0,0.0,0.0,2099.5,1.473074149970746,0.0,0.0,1.4545,0.9533662612544772,1.0,3155.657243622597,1000.0,3116.6608157590153,1000.0,0.9800554810297569,0.0
5679,1692975840000.0,0.0,0.0,2099.5,1.473074149970746,0.0,0.0,1.461,0.9533662612544772,1.0,3155.657243622597,1000.0,3130.3075657590157,1000.0,0.9800554810297569,0.0
5680,1692979440000.0,0.0,0.0,2099.5,1.473074149970746,0.0,0.0,1.47555,0.9533662612544772,1.0,3155.657243622597,1000.0,3160.8552907590156,1000.0,0.9800554810297569,0.0
5681,1692983040000.0,0.0,0.0,2099.5,1.473074149970746,0.0,0.0,1.4654,0.9533662612544772,1.0,3155.657243622597,1000.0,3139.5453657590156,1000.0,0.9800554810297569,0.0
5682,1692986640000.0,0.0,0.0,2099.5,1.473074149970746,0.0,0.0,1.4722,0.9533662612544772,1.0,3155.657243622597,1000.0,3153.8219657590157,1000.0,0.9800554810297569,0.0
5683,1692990240000.0,0.0,0.0,1542.6,1.473074149970746,0.0,0.0,1.48485,0.9533662612544772,1.0,3163.7480372018886,1000.0,3181.913463457016,1000.0,0.7182506814779783,0.0
5684,1692993840000.0,0.0,0.0,1542.6,1.473074149970746,0.0,0.0,1.4749,0.9533662612544772,1.0,3163.7480372018886,1000.0,3166.5645934570157,1000.0,0.7182506814779783,0.0
5685,1692997440000.0,0.0,0.0,1542.6,1.473074149970746,0.0,0.0,1.472,0.9533662612544772,1.0,3163.7480372018886,1000.0,3162.0910534570157,1000.0,0.7182506814779783,0.0
5686,1693001040000.0,0.0,0.0,1542.6,1.473074149970746,0.0,0.0,1.47075,0.9533662612544772,1.0,3163.7480372018886,1000.0,3160.162803457016,1000.0,0.7182506814779783,0.0
5687,1693004640000.0,0.0,0.0,1542.6,1.473074149970746,0.0,0.0,1.46445,0.9533662612544772,1.0,3163.7480372018886,1000.0,3150.4444234570155,1000.0,0.7182506814779783,0.0
5688,1693008240000.0,0.0,0.0,1542.6,1.473074149970746,0.0,0.0,1.4702,0.9533662612544772,1.0,3163.7480372018886,1000.0,3159.314373457016,1000.0,0.7182506814779783,0.0
5689,1693011840000.0,0.0,0.0,1542.6,1.473074149970746,0.0,0.0,1.472,0.9533662612544772,1.0,3163.7480372018886,1000.0,3162.0910534570157,1000.0,0.7182506814779783,0.0
5690,1693015440000.0,0.0,0.0,1542.6,1.473074149970746,0.0,0.0,1.46985,0.9533662612544772,1.0,3163.7480372018886,1000.0,3158.774463457016,1000.0,0.7182506814779783,0.0
5691,1693019040000.0,0.0,0.0,1133.4,1.473074149970746,0.0,0.0,1.49375,0.9533662612544772,1.0,3169.6930052978596,1000.0,3193.127013721016,1000.0,0.5267331059463126,0.0
5692,1693022640000.0,0.0,0.0,524.6,1.473074149970746,0.0,0.0,1.4803,0.9533662612544772,1.0,3178.537816091669,1000.0,3182.3284970170157,1000.0,0.2431227009986804,0.0
5693,1693026240000.0,0.0,0.0,524.6,1.473074149970746,0.0,0.0,1.475,0.9533662612544772,1.0,3178.537816091669,1000.0,3179.5481170170156,1000.0,0.2431227009986804,0.0
5694,1693029840000.0,0.0,0.0,524.6,1.473074149970746,0.0,0.0,1.4631,0.9533662612544772,1.0,3178.537816091669,1000.0,3173.3053770170154,1000.0,0.2431227009986804,0.0
5695,1693033440000.0,0.0,0.0,524.6,1.473074149970746,0.0,0.0,1.4779,0.9533662612544772,1.0,3178.537816091669,1000.0,3181.0694570170153,1000.0,0.2431227009986804,0.0
5696,1693037040000.0,0.0,0.0,524.6,1.473074149970746,0.0,0.0,1.46405,0.9533662612544772,1.0,3178.537816091669,1000.0,3173.8037470170157,1000.0,0.2431227009986804,0.0
5697,1693040640000.0,0.0,0.0,524.6,1.473074149970746,0.0,0.0,1.45855,0.9533662612544772,1.0,3178.537816091669,1000.0,3170.9184470170158,1000.0,0.2431227009986804,0.0
5698,1693044240000.0,0.0,0.0,524.6,1.473074149970746,0.0,0.0,1.46175,0.9533662612544772,1.0,3178.537816091669,1000.0,3172.5971670170156,1000.0,0.2431227009986804,0.0
5699,1693047840000.0,0.0,0.0,524.6,1.473074149970746,0.0,0.0,1.45185,0.9533662612544772,1.0,3178.537816091669,1000.0,3167.4036270170154,1000.0,0.2431227009986804,0.0
5700,1693051440000.0,0.0,0.0,524.6,1.473074149970746,0.0,0.0,1.4536,0.9533662612544772,1.0,3178.537816091669,1000.0,3168.3216770170156,1000.0,0.2431227009986804,0.0
5701,1693055040000.0,0.0,0.0,524.6,1.473074149970746,0.0,0.0,1.4449,0.9533662612544772,1.0,3178.537816091669,1000.0,3163.7576570170154,1000.0,0.2431227009986804,0.0
5702,1693058640000.0,0.0,0.0,524.6,1.473074149970746,0.0,0.0,1.44375,0.9533662612544772,1.0,3178.537816091669,1000.0,3163.1543670170154,1000.0,0.2431227009986804,0.0
5703,1693062240000.0,0.0,0.0,524.6,1.473074149970746,0.0,0.0,1.4468,0.9533662612544772,1.0,3178.537816091669,1000.0,3164.7543970170154,1000.0,0.2431227009986804,0.0
5704,1693065840000.0,0.0,0.0,524.6,1.473074149970746,0.0,0.0,1.4341,0.9533662612544772,1.0,3178.537816091669,1000.0,3158.0919770170153,1000.0,0.2431227009986804,0.0
5705,1693069440000.0,0.0,0.0,524.6,1.473074149970746,0.0,0.0,1.4312,0.9533662612544772,1.0,3178.537816091669,1000.0,3156.5706370170155,1000.0,0.2431227009986804,0.0
5706,1693073040000.0,0.0,0.0,524.6,1.473074149970746,0.0,0.0,1.43155,0.9533662612544772,1.0,3178.537816091669,1000.0,3156.7542470170156,1000.0,0.2431227009986804,0.0
5707,1693076640000.0,0.0,0.0,524.6,1.473074149970746,0.0,0.0,1.43,0.9533662612544772,1.0,3178.537816091669,1000.0,3155.9411170170156,1000.0,0.2431227009986804,0.0
5708,1693080240000.0,0.0,0.0,524.6,1.473074149970746,0.0,0.0,1.42795,0.9533662612544772,1.0,3178.537816091669,1000.0,3154.8656870170157,1000.0,0.2431227009986804,0.0
5709,1693083840000.0,0.0,0.0,524.6,1.473074149970746,0.0,0.0,1.42865,0.9533662612544772,1.0,3178.537816091669,1000.0,3155.2329070170153,1000.0,0.2431227009986804,0.0
5710,1693087440000.0,0.0,0.0,524.6,1.473074149970746,0.0,0.0,1.4368,0.9533662612544772,1.0,3178.537816091669,1000.0,3159.5083970170153,1000.0,0.2431227009986804,0.0
5711,1693091040000.0,0.0,0.0,524.6,1.473074149970746,0.0,0.0,1.42755,0.9533662612544772,1.0,3178.537816091669,1000.0,3154.6558470170157,1000.0,0.2431227009986804,0.0
5712,1693094640000.0,0.0,0.0,524.6,1.473074149970746,0.0,0.0,1.41735,0.9533662612544772,1.0,3178.537816091669,1000.0,3149.3049270170154,1000.0,0.2431227009986804,0.0
5713,1693098240000.0,0.0,0.0,524.6,1.473074149970746,0.0,0.0,1.41945,0.9533662612544772,1.0,3178.537816091669,1000.0,3150.4065870170157,1000.0,0.2431227009986804,0.0
5714,1693101840000.0,0.0,0.0,524.6,1.473074149970746,0.0,0.0,1.4215,0.9533662612544772,1.0,3178.537816091669,1000.0,3151.4820170170156,1000.0,0.2431227009986804,0.0
5715,1693105440000.0,0.0,0.0,524.6,1.473074149970746,0.0,0.0,1.4171,0.9533662612544772,1.0,3178.537816091669,1000.0,3149.1737770170157,1000.0,0.2431227009986804,0.0
5716,1693109040000.0,0.0,0.0,524.6,1.473074149970746,0.0,0.0,1.4177,0.9533662612544772,1.0,3178.537816091669,1000.0,3149.4885370170155,1000.0,0.2431227009986804,0.0
5717,1693112640000.0,0.0,0.0,524.6,1.473074149970746,0.0,0.0,1.41575,0.9533662612544772,1.0,3178.537816091669,1000.0,3148.4655670170155,1000.0,0.2431227009986804,0.0
5718,1693116240000.0,0.0,0.0,524.6,1.473074149970746,0.0,0.0,1.40875,0.9533662612544772,1.0,3178.537816091669,1000.0,3144.7933670170155,1000.0,0.2431227009986804,0.0
5719,1693119840000.0,0.0,0.0,2212.9,1.4218166804180958,0.0,0.0,1.4024,0.9533662612544772,1.0,3177.7267579162203,1000.0,3134.759585819016,1000.0,0.9901223018181717,0.0
5720,1693123440000.0,0.0,0.0,2212.9,1.4218166804180958,0.0,0.0,1.39905,0.9533662612544772,1.0,3177.7267579162203,1000.0,3127.3463708190156,1000.0,0.9901223018181717,0.0
5721,1693127040000.0,0.0,0.0,2212.9,1.4218166804180958,0.0,0.0,1.40545,0.9533662612544772,1.0,3177.7267579162203,1000.0,3141.5089308190163,1000.0,0.9901223018181717,0.0
5722,1693130640000.0,0.0,0.0,2212.9,1.4218166804180958,0.0,0.0,1.405,0.9533662612544772,1.0,3177.7267579162203,1000.0,3140.5131258190163,1000.0,0.9901223018181717,0.0
5723,1693134240000.0,0.0,0.0,2212.9,1.4218166804180958,0.0,0.0,1.4243,0.9533662612544772,1.0,3177.7267579162203,1000.0,3183.222095819016,1000.0,0.9901223018181717,0.0
5724,1693137840000.0,0.0,0.0,2212.9,1.4218166804180958,0.0,0.0,1.41355,0.9533662612544772,1.0,3177.7267579162203,1000.0,3159.433420819016,1000.0,0.9901223018181717,0.0
5725,1693141440000.0,0.0,0.0,2212.9,1.4218166804180958,0.0,0.0,1.4177,0.9533662612544772,1.0,3177.7267579162203,1000.0,3168.616955819016,1000.0,0.9901223018181717,0.0
5726,1693145040000.0,0.0,0.0,2212.9,1.4218166804180958,0.0,0.0,1.4075,0.9533662612544772,1.0,3177.7267579162203,1000.0,3146.045375819016,1000.0,0.9901223018181717,0.0
5727,1693148640000.0,0.0,0.0,2212.9,1.4218166804180958,0.0,0.0,1.4147,0.9533662612544772,1.0,3177.7267579162203,1000.0,3161.9782558190163,1000.0,0.9901223018181717,0.0
5728,1693152240000.0,0.0,0.0,2212.9,1.4218166804180958,0.0,0.0,1.4106,0.9533662612544772,1.0,3177.7267579162203,1000.0,3152.9053658190164,1000.0,0.9901223018181717,0.0
5729,1693155840000.0,0.0,0.0,2212.9,1.4218166804180958,0.0,0.0,1.4207,0.9533662612544772,1.0,3177.7267579162203,1000.0,3175.2556558190163,1000.0,0.9901223018181717,0.0
5730,1693159440000.0,0.0,0.0,2212.9,1.4218166804180958,0.0,0.0,1.41575,0.9533662612544772,1.0,3177.7267579162203,1000.0,3164.301800819016,1000.0,0.9901223018181717,0.0
5731,1693163040000.0,0.0,0.0,2190.4,1.4218166804180958,0.0,0.0,1.4168,0.9533662612544772,1.0,3177.528772756813,1000.0,3166.540235969016,1000.0,0.9801161467015765,0.0
5732,1693166640000.0,0.0,0.0,2190.4,1.4218166804180958,0.0,0.0,1.4212,0.9533662612544772,1.0,3177.528772756813,1000.0,3176.1779959690157,1000.0,0.9801161467015765,0.0
5733,1693170240000.0,0.0,0.0,2190.4,1.4218166804180958,0.0,0.0,1.41575,0.9533662612544772,1.0,3177.528772756813,1000.0,3164.240315969016,1000.0,0.9801161467015765,0.0
5734,1693173840000.0,0.0,0.0,2190.4,1.4218166804180958,0.0,0.0,1.4114,0.9533662612544772,1.0,3177.528772756813,1000.0,3154.7120759690156,1000.0,0.9801161467015765,0.0
5735,1693177440000.0,0.0,0.0,2190.4,1.4218166804180958,0.0,0.0,1.41095,0.9533662612544772,1.0,3177.528772756813,1000.0,3153.726395969016,1000.0,0.9801161467015765,0.0
5736,1693181040000.0,0.0,0.0,2190.4,1.4218166804180958,0.0,0.0,1.4112,0.9533662612544772,1.0,3177.528772756813,1000.0,3154.2739959690157,1000.0,0.9801161467015765,0.0
5737,1693184640000.0,0.0,0.0,2190.4,1.4218166804180958,0.0,0.0,1.3881,0.9533662612544772,1.0,3177.528772756813,1000.0,3103.6757559690154,1000.0,0.9801161467015765,0.0
5738,1693188240000.0,0.0,0.0,2190.4,1.4218166804180958,0.0,0.0,1.39035,0.9533662612544772,1.0,3177.528772756813,1000.0,3108.6041559690157,1000.0,0.9801161467015765,0.0
5739,1693191840000.0,0.0,0.0,2190.4,1.4218166804180958,0.0,0.0,1.3803,0.9533662612544772,1.0,3177.528772756813,1000.0,3086.590635969016,1000.0,0.9801161467015765,0.0
5740,1693195440000.0,0.0,0.0,2190.4,1.4218166804180958,0.0,0.0,1.38955,0.9533662612544772,1.0,3177.528772756813,1000.0,3106.851835969016,1000.0,0.9801161467015765,0.0
5741,1693199040000.0,0.0,0.0,2190.4,1.4218166804180958,0.0,0.0,1.3906,0.9533662612544772,1.0,3177.528772756813,1000.0,3109.151755969016,1000.0,0.9801161467015765,0.0
5742,1693202640000.0,0.0,0.0,2190.4,1.4218166804180958,0.0,0.0,1.38695,0.9533662612544772,1.0,3177.528772756813,1000.0,3101.1567959690155,1000.0,0.9801161467015765,0.0
5743,1693206240000.0,0.0,0.0,2167.5,1.4218166804180958,0.0,0.0,1.3797,0.9533662612544772,1.0,3176.7915150332383,1000.0,3085.5036102270155,1000.0,0.9700943987739084,0.0
5744,1693209840000.0,0.0,0.0,2167.5,1.4218166804180958,0.0,0.0,1.38125,0.9533662612544772,1.0,3176.7915150332383,1000.0,3088.8632352270156,1000.0,0.9700943987739084,0.0
5745,1693213440000.0,0.0,0.0,2167.5,1.4218166804180958,0.0,0.0,1.3818,0.9533662612544772,1.0,3176.7915150332383,1000.0,3090.055360227015,1000.0,0.9700943987739084,0.0
5746,1693217040000.0,0.0,0.0,2167.5,1.4218166804180958,0.0,0.0,1.38265,0.9533662612544772,1.0,3176.7915150332383,1000.0,3091.8977352270153,1000.0,0.9700943987739084,0.0
5747,1693220640000.0,0.0,0.0,2167.5,1.4218166804180958,0.0,0.0,1.38395,0.9533662612544772,1.0,3176.7915150332383,1000.0,3094.7154852270155,1000.0,0.9700943987739084,0.0
5748,1693224240000.0,0.0,0.0,2167.5,1.4218166804180958,0.0,0.0,1.382,0.9533662612544772,1.0,3176.7915150332383,1000.0,3090.4888602270153,1000.0,0.9700943987739084,0.0
5749,1693227840000.0,0.0,0.0,2167.5,1.4218166804180958,0.0,0.0,1.3931,0.9533662612544772,1.0,3176.7915150332383,1000.0,3114.5481102270155,1000.0,0.9700943987739084,0.0
5750,1693231440000.0,0.0,0.0,2167.5,1.4218166804180958,0.0,0.0,1.39265,0.9533662612544772,1.0,3176.7915150332383,1000.0,3113.5727352270155,1000.0,0.9700943987739084,0.0
5751,1693235040000.0,0.0,0.0,2167.5,1.4218166804180958,0.0,0.0,1.4009,0.9533662612544772,1.0,3176.7915150332383,1000.0,3131.4546102270156,1000.0,0.9700943987739084,0.0
5752,1693238640000.0,0.0,0.0,2167.5,1.4218166804180958,0.0,0.0,1.3985,0.9533662612544772,1.0,3176.7915150332383,1000.0,3126.252610227016,1000.0,0.9700943987739084,0.0
5753,1693242240000.0,0.0,0.0,2167.5,1.4218166804180958,0.0,0.0,1.4043,0.9533662612544772,1.0,3176.7915150332383,1000.0,3138.824110227016,1000.0,0.9700943987739084,0.0
5754,1693245840000.0,0.0,0.0,2167.5,1.4218166804180958,0.0,0.0,1.40435,0.9533662612544772,1.0,3176.7915150332383,1000.0,3138.9324852270156,1000.0,0.9700943987739084,0.0
5755,1693249440000.0,0.0,0.0,2144.9,1.4218166804180958,0.0,0.0,1.41095,0.9533662612544772,1.0,3176.4344815797895,1000.0,3153.1265387510157,1000.0,0.9600873606912989,0.0
5756,1693253040000.0,0.0,0.0,2144.9,1.4218166804180958,0.0,0.0,1.4062,0.9533662612544772,1.0,3176.4344815797895,1000.0,3142.9382637510153,1000.0,0.9600873606912989,0.0
5757,1693256640000.0,0.0,0.0,2144.9,1.4218166804180958,0.0,0.0,1.3991,0.9533662612544772,1.0,3176.4344815797895,1000.0,3127.7094737510156,1000.0,0.9600873606912989,0.0
5758,1693260240000.0,0.0,0.0,2144.9,1.4218166804180958,0.0,0.0,1.39965,0.9533662612544772,1.0,3176.4344815797895,1000.0,3128.889168751016,1000.0,0.9600873606912989,0.0
5759,1693263840000.0,0.0,0.0,2144.9,1.4218166804180958,0.0,0.0,1.40265,0.9533662612544772,1.0,3176.4344815797895,1000.0,3135.3238687510157,1000.0,0.9600873606912989,0.0
5760,1693267440000.0,0.0,0.0,2144.9,1.4218166804180958,0.0,0.0,1.40105,0.9533662612544772,1.0,3176.4344815797895,1000.0,3131.8920287510155,1000.0,0.9600873606912989,0.0
5761,1693271040000.0,0.0,0.0,2144.9,1.4218166804180958,0.0,0.0,1.3977,0.9533662612544772,1.0,3176.4344815797895,1000.0,3124.7066137510155,1000.0,0.9600873606912989,0.0
5762,1693274640000.0,0.0,0.0,2144.9,1.4218166804180958,0.0,0.0,1.39645,0.9533662612544772,1.0,3176.4344815797895,1000.0,3122.0254887510155,1000.0,0.9600873606912989,0.0
5763,1693278240000.0,0.0,0.0,2144.9,1.4218166804180958,0.0,0.0,1.3896,0.9533662612544772,1.0,3176.4344815797895,1000.0,3107.3329237510156,1000.0,0.9600873606912989,0.0
5764,1693281840000.0,0.0,0.0,2144.9,1.4218166804180958,0.0,0.0,1.3863,0.9533662612544772,1.0,3176.4344815797895,1000.0,3100.254753751016,1000.0,0.9600873606912989,0.0
5765,1693285440000.0,0.0,0.0,2144.9,1.4218166804180958,0.0,0.0,1.38455,0.9533662612544772,1.0,3176.4344815797895,1000.0,3096.5011787510157,1000.0,0.9600873606912989,0.0
5766,1693289040000.0,0.0,0.0,2144.9,1.4218166804180958,0.0,0.0,1.3844,0.9533662612544772,1.0,3176.4344815797895,1000.0,3096.1794437510157,1000.0,0.9600873606912989,0.0
5767,1693292640000.0,0.0,0.0,2121.9,1.4218166804180958,0.0,0.0,1.38275,0.9533662612544772,1.0,3175.539935210173,1000.0,3092.644346031015,1000.0,0.9500597932110341,0.0
5768,1693296240000.0,0.0,0.0,2121.9,1.4218166804180958,0.0,0.0,1.37595,0.9533662612544772,1.0,3175.539935210173,1000.0,3078.2154260310153,1000.0,0.9500597932110341,0.0
5769,1693299840000.0,0.0,0.0,2121.9,1.4218166804180958,0.0,0.0,1.37695,0.9533662612544772,1.0,3175.539935210173,1000.0,3080.3373260310154,1000.0,0.9500597932110341,0.0
5770,1693303440000.0,0.0,0.0,2121.9,1.4218166804180958,0.0,0.0,1.3717,0.9533662612544772,1.0,3175.539935210173,1000.0,3069.1973510310154,1000.0,0.9500597932110341,0.0
5771,1693307040000.0,0.0,0.0,2121.9,1.4218166804180958,0.0,0.0,1.36815,0.9533662612544772,1.0,3175.539935210173,1000.0,3061.6646060310154,1000.0,0.9500597932110341,0.0
5772,1693310640000.0,0.0,0.0,2121.9,1.4218166804180958,0.0,0.0,1.367,0.9533662612544772,1.0,3175.539935210173,1000.0,3059.2244210310155,1000.0,0.9500597932110341,0.0
5773,1693314240000.0,0.0,0.0,2121.9,1.4218166804180958,0.0,0.0,1.3765,0.9533662612544772,1.0,3175.539935210173,1000.0,3079.3824710310155,1000.0,0.9500597932110341,0.0
5774,1693317840000.0,0.0,0.0,2121.9,1.4218166804180958,0.0,0.0,1.39295,0.9533662612544772,1.0,3175.539935210173,1000.0,3114.287726031015,1000.0,0.9500597932110341,0.0
5775,1693321440000.0,0.0,0.0,55.7,1.4218166804180958,0.0,0.0,1.4464,0.9533662612544772,1.0,3242.968172726303,1000.0,3244.337463627015,1000.0,0.024420587832260476,0.0
5776,1693325040000.0,0.0,0.0,2.9,1.4218166804180958,0.0,0.0,1.443,0.9533662612544772,1.0,3244.372843622227,1000.0,3244.4342752490143,1000.0,0.0012708984361393544,0.0
5777,1693328640000.0,0.0,0.0,0.0,1.4218166804180958,0.0,0.0,1.4552,0.9533662612544772,1.0,3244.4882273490152,1000.0,3244.4882273490152,1000.0,0.0,0.0
5778,1693332240000.0,0.0,0.0,0.0,1.4218166804180958,0.0,0.0,1.4785,0.9533662612544772,1.0,3244.4882273490152,1000.0,3244.4882273490152,1000.0,0.0,0.0
5779,1693335840000.0,0.0,0.0,0.0,1.4218166804180958,0.0,0.0,1.4668,0.9533662612544772,1.0,3244.4882273490152,1000.0,3244.4882273490152,1000.0,0.0,0.0
5780,1693339440000.0,0.0,0.0,0.0,1.4218166804180958,0.0,0.0,1.4652,0.9533662612544772,1.0,3244.4882273490152,1000.0,3244.4882273490152,1000.0,0.0,0.0
5781,1693343040000.0,0.0,0.0,0.0,1.4218166804180958,0.0,0.0,1.46355,0.9533662612544772,1.0,3244.4882273490152,1000.0,3244.4882273490152,1000.0,0.0,0.0
5782,1693346640000.0,0.0,0.0,0.0,1.4218166804180958,0.0,0.0,1.4822,0.9533662612544772,1.0,3244.4882273490152,1000.0,3244.4882273490152,1000.0,0.0,0.0
5783,1693350240000.0,0.0,0.0,0.0,1.4218166804180958,0.0,0.0,1.4835,0.9533662612544772,1.0,3244.4882273490152,1000.0,3244.4882273490152,1000.0,0.0,0.0
5784,1693353840000.0,0.0,0.0,0.0,1.4218166804180958,0.0,0.0,1.48435,0.9533662612544772,1.0,3244.4882273490152,1000.0,3244.4882273490152,1000.0,0.0,0.0
5785,1693357440000.0,0.0,0.0,0.0,1.4218166804180958,0.0,0.0,1.4695,0.9533662612544772,1.0,3244.4882273490152,1000.0,3244.4882273490152,1000.0,0.0,0.0
5786,1693361040000.0,0.0,0.0,110.8,1.4639,0.0,0.0,1.46645,0.9533662612544772,1.0,3244.455787325015,1000.0,3244.7383273250152,1000.0,0.049993012890994136,0.0
5787,1693364640000.0,0.0,0.0,110.8,1.4639,0.0,0.0,1.4616,0.9533662612544772,1.0,3244.455787325015,1000.0,3244.200947325015,1000.0,0.049993012890994136,0.0
5788,1693368240000.0,0.0,0.0,110.8,1.4639,0.0,0.0,1.467,0.9533662612544772,1.0,3244.455787325015,1000.0,3244.799267325015,1000.0,0.049993012890994136,0.0
5789,1693371840000.0,0.0,0.0,110.8,1.4639,0.0,0.0,1.47755,0.9533662612544772,1.0,3244.455787325015,1000.0,3245.968207325015,1000.0,0.049993012890994136,0.0
5790,1693375440000.0,0.0,0.0,37.9,1.4639,0.0,0.0,1.47415,0.9533662612544772,1.0,3245.5058593370145,1000.0,3245.8943343370147,1000.0,0.01709496528573013,0.0
5791,1693379040000.0,0.0,0.0,110.6,1.4663320976491865,0.0,0.0,1.47405,0.9533662612544772,1.0,3245.4845204330145,1000.0,3246.3381204330144,1000.0,0.0499698362383076,0.0
5792,1693382640000.0,0.0,0.0,110.6,1.4663320976491865,0.0,0.0,1.46345,0.9533662612544772,1.0,3245.4845204330145,1000.0,3245.1657604330144,1000.0,0.0499698362383076,0.0
5793,1693386240000.0,0.0,0.0,110.6,1.4663320976491865,0.0,0.0,1.4649,0.9533662612544772,1.0,3245.4845204330145,1000.0,3245.3261304330144,1000.0,0.0499698362383076,0.0
5794,1693389840000.0,0.0,0.0,110.6,1.4663320976491865,0.0,0.0,1.4597,0.9533662612544772,1.0,3245.4845204330145,1000.0,3244.7510104330145,1000.0,0.0499698362383076,0.0
5795,1693393440000.0,0.0,0.0,110.6,1.4663320976491865,0.0,0.0,1.4486,0.9533662612544772,1.0,3245.4845204330145,1000.0,3243.5233504330145,1000.0,0.0499698362383076,0.0
5796,1693397040000.0,0.0,0.0,110.6,1.4663320976491865,0.0,0.0,1.44385,0.9533662612544772,1.0,3245.4845204330145,1000.0,3242.9980004330146,1000.0,0.0499698362383076,0.0
5797,1693400640000.0,0.0,0.0,110.6,1.4663320976491865,0.0,0.0,1.4531,0.9533662612544772,1.0,3245.4845204330145,1000.0,3244.0210504330144,1000.0,0.0499698362383076,0.0
5798,1693404240000.0,0.0,0.0,110.6,1.4663320976491865,0.0,0.0,1.45675,0.9533662612544772,1.0,3245.4845204330145,1000.0,3244.4247404330144,1000.0,0.0499698362383076,0.0
5799,1693407840000.0,0.0,0.0,110.6,1.4663320976491865,0.0,0.0,1.43275,0.9533662612544772,1.0,3245.4845204330145,1000.0,3241.7703404330146,1000.0,0.0499698362383076,0.0
5800,1693411440000.0,0.0,0.0,110.6,1.4663320976491865,0.0,0.0,1.42525,0.9533662612544772,1.0,3245.4845204330145,1000.0,3240.9408404330143,1000.0,0.0499698362383076,0.0
5801,1693415040000.0,0.0,0.0,110.6,1.4663320976491865,0.0,0.0,1.43085,0.9533662612544772,1.0,3245.4845204330145,1000.0,3241.5602004330144,1000.0,0.0499698362383076,0.0
5802,1693418640000.0,0.0,0.0,110.6,1.4663320976491865,0.0,0.0,1.4373,0.9533662612544772,1.0,3245.4845204330145,1000.0,3242.2735704330144,1000.0,0.0499698362383076,0.0
5803,1693422240000.0,0.0,0.0,110.6,1.4663320976491865,0.0,0.0,1.44345,0.9533662612544772,1.0,3245.4845204330145,1000.0,3242.9537604330144,1000.0,0.0499698362383076,0.0
5804,1693425840000.0,0.0,0.0,110.6,1.4663320976491865,0.0,0.0,1.43795,0.9533662612544772,1.0,3245.4845204330145,1000.0,3242.3454604330145,1000.0,0.0499698362383076,0.0
5805,1693429440000.0,0.0,0.0,110.6,1.4663320976491865,0.0,0.0,1.43835,0.9533662612544772,1.0,3245.4845204330145,1000.0,3242.3897004330147,1000.0,0.0499698362383076,0.0
5806,1693433040000.0,0.0,0.0,110.6,1.4663320976491865,0.0,0.0,1.43865,0.9533662612544772,1.0,3245.4845204330145,1000.0,3242.4228804330146,1000.0,0.0499698362383076,0.0
5807,1693436640000.0,0.0,0.0,110.6,1.4663320976491865,0.0,0.0,1.4386,0.9533662612544772,1.0,3245.4845204330145,1000.0,3242.4173504330147,1000.0,0.0499698362383076,0.0
5808,1693440240000.0,0.0,0.0,110.6,1.4663320976491865,0.0,0.0,1.44945,0.9533662612544772,1.0,3245.4845204330145,1000.0,3243.6173604330143,1000.0,0.0499698362383076,0.0
5809,1693443840000.0,0.0,0.0,110.6,1.4663320976491865,0.0,0.0,1.43535,0.9533662612544772,1.0,3245.4845204330145,1000.0,3242.0579004330143,1000.0,0.0499698362383076,0.0
5810,1693447440000.0,0.0,0.0,110.6,1.4663320976491865,0.0,0.0,1.43005,0.9533662612544772,1.0,3245.4845204330145,1000.0,3241.4717204330145,1000.0,0.0499698362383076,0.0
5811,1693451040000.0,0.0,0.0,110.6,1.4663320976491865,0.0,0.0,1.42805,0.9533662612544772,1.0,3245.4845204330145,1000.0,3241.2505204330146,1000.0,0.0499698362383076,0.0
5812,1693454640000.0,0.0,0.0,110.6,1.4663320976491865,0.0,0.0,1.424,0.9533662612544772,1.0,3245.4845204330145,1000.0,3240.8025904330143,1000.0,0.0499698362383076,0.0
5813,1693458240000.0,0.0,0.0,110.6,1.4663320976491865,0.0,0.0,1.43755,0.9533662612544772,1.0,3245.4845204330145,1000.0,3242.3012204330144,1000.0,0.0499698362383076,0.0
5814,1693461840000.0,0.0,0.0,110.6,1.4663320976491865,0.0,0.0,1.4387,0.9533662612544772,1.0,3245.4845204330145,1000.0,3242.4284104330145,1000.0,0.0499698362383076,0.0
5815,1693465440000.0,0.0,0.0,110.6,1.4663320976491865,0.0,0.0,1.4398,0.9533662612544772,1.0,3245.4845204330145,1000.0,3242.5500704330143,1000.0,0.0499698362383076,0.0
5816,1693469040000.0,0.0,0.0,110.6,1.4663320976491865,0.0,0.0,1.43875,0.9533662612544772,1.0,3245.4845204330145,1000.0,3242.4339404330144,1000.0,0.0499698362383076,0.0
5817,1693472640000.0,0.0,0.0,110.6,1.4663320976491865,0.0,0.0,1.43535,0.9533662612544772,1.0,3245.4845204330145,1000.0,3242.0579004330143,1000.0,0.0499698362383076,0.0
5818,1693476240000.0,0.0,0.0,110.6,1.4663320976491865,0.0,0.0,1.4307,0.9533662612544772,1.0,3245.4845204330145,1000.0,3241.5436104330147,1000.0,0.0499698362383076,0.0
5819,1693479840000.0,0.0,0.0,110.6,1.4663320976491865,0.0,0.0,1.4319,0.9533662612544772,1.0,3245.4845204330145,1000.0,3241.6763304330143,1000.0,0.0499698362383076,0.0
5820,1693483440000.0,0.0,0.0,110.6,1.4663320976491865,0.0,0.0,1.4386,0.9533662612544772,1.0,3245.4845204330145,1000.0,3242.4173504330147,1000.0,0.0499698362383076,0.0
5821,1693487040000.0,0.0,0.0,110.6,1.4663320976491865,0.0,0.0,1.4266,0.9533662612544772,1.0,3245.4845204330145,1000.0,3241.0901504330145,1000.0,0.0499698362383076,0.0
5822,1693490640000.0,0.0,0.0,110.6,1.4663320976491865,0.0,0.0,1.42785,0.9533662612544772,1.0,3245.4845204330145,1000.0,3241.2284004330145,1000.0,0.0499698362383076,0.0
5823,1693494240000.0,0.0,0.0,279.9,1.4355253662022152,0.0,0.0,1.4196,0.9533662612544772,1.0,3245.4365949890143,1000.0,3240.979084989014,1000.0,0.12380570017001366,0.0
5824,1693497840000.0,0.0,0.0,279.9,1.4355253662022152,0.0,0.0,1.3946,0.9533662612544772,1.0,3245.4365949890143,1000.0,3233.981584989014,1000.0,0.12380570017001366,0.0
5825,1693501440000.0,0.0,0.0,708.2,1.4017637108161534,0.0,0.0,1.36495,0.9533662612544772,1.0,3245.3184098870142,1000.0,3219.2469398870144,1000.0,0.30589573490712174,0.0
5826,1693505040000.0,0.0,0.0,708.2,1.4017637108161534,0.0,0.0,1.3763,0.9533662612544772,1.0,3245.3184098870142,1000.0,3227.2850098870144,1000.0,0.30589573490712174,0.0
5827,1693508640000.0,0.0,0.0,708.2,1.4017637108161534,0.0,0.0,1.3763,0.9533662612544772,1.0,3245.3184098870142,1000.0,3227.2850098870144,1000.0,0.30589573490712174,0.0
5828,1693512240000.0,0.0,0.0,708.2,1.4017637108161534,0.0,0.0,1.36845,0.9533662612544772,1.0,3245.3184098870142,1000.0,3221.7256398870145,1000.0,0.30589573490712174,0.0
5829,1693515840000.0,0.0,0.0,708.2,1.4017637108161534,0.0,0.0,1.356,0.9533662612544772,1.0,3245.3184098870142,1000.0,3212.9085498870145,1000.0,0.30589573490712174,0.0
5830,1693519440000.0,0.0,0.0,708.2,1.4017637108161534,0.0,0.0,1.36375,0.9533662612544772,1.0,3245.3184098870142,1000.0,3218.3970998870145,1000.0,0.30589573490712174,0.0
5831,1693523040000.0,0.0,0.0,708.2,1.4017637108161534,0.0,0.0,1.36765,0.9533662612544772,1.0,3245.3184098870142,1000.0,3221.1590798870143,1000.0,0.30589573490712174,0.0
5832,1693526640000.0,0.0,0.0,708.2,1.4017637108161534,0.0,0.0,1.3722,0.9533662612544772,1.0,3245.3184098870142,1000.0,3224.3813898870144,1000.0,0.30589573490712174,0.0
5833,1693530240000.0,0.0,0.0,708.2,1.4017637108161534,0.0,0.0,1.37485,0.9533662612544772,1.0,3245.3184098870142,1000.0,3226.2581198870143,1000.0,0.30589573490712174,0.0
5834,1693533840000.0,0.0,0.0,708.2,1.4017637108161534,0.0,0.0,1.3658,0.9533662612544772,1.0,3245.3184098870142,1000.0,3219.8489098870145,1000.0,0.30589573490712174,0.0
5835,1693537440000.0,0.0,0.0,708.2,1.4017637108161534,0.0,0.0,1.35855,0.9533662612544772,1.0,3245.3184098870142,1000.0,3214.7144598870145,1000.0,0.30589573490712174,0.0
5836,1693541040000.0,0.0,0.0,708.2,1.4017637108161534,0.0,0.0,1.3567,0.9533662612544772,1.0,3245.3184098870142,1000.0,3213.4042898870143,1000.0,0.30589573490712174,0.0
5837,1693544640000.0,0.0,0.0,708.2,1.4017637108161534,0.0,0.0,1.34965,0.9533662612544772,1.0,3245.3184098870142,1000.0,3208.4114798870146,1000.0,0.30589573490712174,0.0
5838,1693548240000.0,0.0,0.0,708.2,1.4017637108161534,0.0,0.0,1.3607,0.9533662612544772,1.0,3245.3184098870142,1000.0,3216.2370898870145,1000.0,0.30589573490712174,0.0
5839,1693551840000.0,0.00016690768046465245,0.0,2397.9,1.3533792610200592,0.0,0.0,1.3442,0.9533662612544772,1.0,3244.867902073014,1000.0,3222.8569520730143,1000.0,1.0001233418244022,0.0
5840,1693555440000.0,0.0,0.0,2373.9,1.3533792610200592,0.0,0.0,1.35,0.9533662612544772,1.0,3244.7779202885326,1000.0,3236.7558925530143,1000.0,0.9901408067550678,0.0
5841,1693559040000.0,0.0,0.0,2373.9,1.3533792610200592,0.0,0.0,1.3458,0.9533662612544772,1.0,3244.7779202885326,1000.0,3226.785512553014,1000.0,0.9901408067550678,0.0
5842,1693562640000.0,0.0,0.0,2373.9,1.3533792610200592,0.0,0.0,1.3435,0.9533662612544772,1.0,3244.7779202885326,1000.0,3221.3255425530137,1000.0,0.9901408067550678,0.0
5843,1693566240000.0,0.0,0.0,2373.9,1.3533792610200592,0.0,0.0,1.34,0.9533662612544772,1.0,3244.7779202885326,1000.0,3213.0168925530143,1000.0,0.9901408067550678,0.0
5844,1693569840000.0,0.0,0.0,2373.9,1.3533792610200592,0.0,0.0,1.34745,0.9533662612544772,1.0,3244.7779202885326,1000.0,3230.7024475530143,1000.0,0.9901408067550678,0.0
5845,1693573440000.0,0.0,0.0,2373.9,1.3533792610200592,0.0,0.0,1.3479,0.9533662612544772,1.0,3244.7779202885326,1000.0,3231.7707025530144,1000.0,0.9901408067550678,0.0
5846,1693577040000.0,0.0,0.0,2373.9,1.3533792610200592,0.0,0.0,1.34105,0.9533662612544772,1.0,3244.7779202885326,1000.0,3215.5094875530144,1000.0,0.9901408067550678,0.0
5847,1693580640000.0,0.0,0.0,2373.9,1.3533792610200592,0.0,0.0,1.31385,0.9533662612544772,1.0,3244.7779202885326,1000.0,3150.939407553014,1000.0,0.9901408067550678,0.0
5848,1693584240000.0,0.0,0.0,2373.9,1.3533792610200592,0.0,0.0,1.3203,0.9533662612544772,1.0,3244.7779202885326,1000.0,3166.251062553014,1000.0,0.9901408067550678,0.0
5849,1693587840000.0,0.0,0.0,2373.9,1.3533792610200592,0.0,0.0,1.31185,0.9533662612544772,1.0,3244.7779202885326,1000.0,3146.191607553014,1000.0,0.9901408067550678,0.0
5850,1693591440000.0,0.0,0.0,2373.9,1.3533792610200592,0.0,0.0,1.30325,0.9533662612544772,1.0,3244.7779202885326,1000.0,3125.776067553014,1000.0,0.9901408067550678,0.0
5851,1693595040000.0,0.0,0.0,2373.9,1.3533792610200592,0.0,0.0,1.30745,0.9533662612544772,1.0,3244.7779202885326,1000.0,3135.746447553014,1000.0,0.9901408067550678,0.0
5852,1693598640000.0,0.0,0.0,2349.2,1.3533792610200592,0.0,0.0,1.3186,0.9533662612544772,1.0,3243.771596815337,1000.0,3162.068156827014,1000.0,0.9801425486029124,0.0
5853,1693602240000.0,0.0,0.0,2349.2,1.3533792610200592,0.0,0.0,1.32755,0.9533662612544772,1.0,3243.771596815337,1000.0,3183.093496827014,1000.0,0.9801425486029124,0.0
5854,1693605840000.0,0.0,0.0,2349.2,1.3533792610200592,0.0,0.0,1.32875,0.9533662612544772,1.0,3243.771596815337,1000.0,3185.9125368270143,1000.0,0.9801425486029124,0.0
5855,1693609440000.0,0.0,0.0,2349.2,1.3533792610200592,0.0,0.0,1.3313,0.9533662612544772,1.0,3243.771596815337,1000.0,3191.902996827014,1000.0,0.9801425486029124,0.0
5856,1693613040000.0,0.0,0.0,2349.2,1.3533792610200592,0.0,0.0,1.3425,0.9533662612544772,1.0,3243.771596815337,1000.0,3218.214036827014,1000.0,0.9801425486029124,0.0
5857,1693616640000.0,0.0,0.0,2349.2,1.3533792610200592,0.0,0.0,1.33305,0.9533662612544772,1.0,3243.771596815337,1000.0,3196.014096827014,1000.0,0.9801425486029124,0.0
5858,1693620240000.0,0.0,0.0,2349.2,1.3533792610200592,0.0,0.0,1.33405,0.9533662612544772,1.0,3243.771596815337,1000.0,3198.363296827014,1000.0,0.9801425486029124,0.0
5859,1693623840000.0,0.0,0.0,2349.2,1.3533792610200592,0.0,0.0,1.3307,0.9533662612544772,1.0,3243.771596815337,1000.0,3190.493476827014,1000.0,0.9801425486029124,0.0
5860,1693627440000.0,0.0,0.0,2349.2,1.3533792610200592,0.0,0.0,1.3304,0.9533662612544772,1.0,3243.771596815337,1000.0,3189.788716827014,1000.0,0.9801425486029124,0.0
5861,1693631040000.0,0.0,0.0,2349.2,1.3533792610200592,0.0,0.0,1.33445,0.9533662612544772,1.0,3243.771596815337,1000.0,3199.3029768270135,1000.0,0.9801425486029124,0.0
5862,1693634640000.0,0.0,0.0,2349.2,1.3533792610200592,0.0,0.0,1.33185,0.9533662612544772,1.0,3243.771596815337,1000.0,3193.195056827014,1000.0,0.9801425486029124,0.0
5863,1693638240000.0,0.0,0.0,2349.2,1.3533792610200592,0.0,0.0,1.3281,0.9533662612544772,1.0,3243.771596815337,1000.0,3184.385556827014,1000.0,0.9801425486029124,0.0
5864,1693641840000.0,0.0,0.0,2324.8,1.3533792610200592,0.0,0.0,1.33305,0.9533662612544772,1.0,3243.2007512264477,1000.0,3195.939285207014,1000.0,0.9701330097526699,0.0
5865,1693645440000.0,0.0,0.0,2324.8,1.3533792610200592,0.0,0.0,1.3211,0.9533662612544772,1.0,3243.2007512264477,1000.0,3168.1579252070137,1000.0,0.9701330097526699,0.0
5866,1693649040000.0,0.0,0.0,2324.8,1.3533792610200592,0.0,0.0,1.3255,0.9533662612544772,1.0,3243.2007512264477,1000.0,3178.3870452070137,1000.0,0.9701330097526699,0.0
5867,1693652640000.0,0.0,0.0,2324.8,1.3533792610200592,0.0,0.0,1.32425,0.9533662612544772,1.0,3243.2007512264477,1000.0,3175.4810452070137,1000.0,0.9701330097526699,0.0
5868,1693656240000.0,0.0,0.0,2324.8,1.3533792610200592,0.0,0.0,1.3351,0.9533662612544772,1.0,3243.2007512264477,1000.0,3200.7051252070137,1000.0,0.9701330097526699,0.0
5869,1693659840000.0,0.0,0.0,2324.8,1.3533792610200592,0.0,0.0,1.33365,0.9533662612544772,1.0,3243.2007512264477,1000.0,3197.334165207014,1000.0,0.9701330097526699,0.0
5870,1693663440000.0,0.0,0.0,2324.8,1.3533792610200592,0.0,0.0,1.3306,0.9533662612544772,1.0,3243.2007512264477,1000.0,3190.243525207014,1000.0,0.9701330097526699,0.0
5871,1693667040000.0,0.0,0.0,2324.8,1.3533792610200592,0.0,0.0,1.33465,0.9533662612544772,1.0,3243.2007512264477,1000.0,3199.658965207014,1000.0,0.9701330097526699,0.0
5872,1693670640000.0,0.0,0.0,2324.8,1.3533792610200592,0.0,0.0,1.3351,0.9533662612544772,1.0,3243.2007512264477,1000.0,3200.7051252070137,1000.0,0.9701330097526699,0.0
5873,1693674240000.0,0.0,0.0,2324.8,1.3533792610200592,0.0,0.0,1.3267,0.9533662612544772,1.0,3243.2007512264477,1000.0,3181.176805207014,1000.0,0.9701330097526699,0.0
5874,1693677840000.0,0.0,0.0,2324.8,1.3533792610200592,0.0,0.0,1.3233,0.9533662612544772,1.0,3243.2007512264477,1000.0,3173.2724852070137,1000.0,0.9701330097526699,0.0
5875,1693681440000.0,0.0,0.0,2324.8,1.3533792610200592,0.0,0.0,1.3216,0.9533662612544772,1.0,3243.2007512264477,1000.0,3169.3203252070143,1000.0,0.9701330097526699,0.0
5876,1693685040000.0,0.0,0.0,2300.3,1.3533792610200592,0.0,0.0,1.32715,0.9533662612544772,1.0,3242.5246866864563,1000.0,3182.1895175620143,1000.0,0.960109363825941,0.0
5877,1693688640000.0,0.0,0.0,2300.3,1.3533792610200592,0.0,0.0,1.32715,0.9533662612544772,1.0,3242.5246866864563,1000.0,3182.1895175620143,1000.0,0.960109363825941,0.0
5878,1693692240000.0,0.0,0.0,2300.3,1.3533792610200592,0.0,0.0,1.335,0.9533662612544772,1.0,3242.5246866864563,1000.0,3200.246872562014,1000.0,0.960109363825941,0.0
5879,1693695840000.0,0.0,0.0,2300.3,1.3533792610200592,0.0,0.0,1.3337,0.9533662612544772,1.0,3242.5246866864563,1000.0,3197.2564825620143,1000.0,0.960109363825941,0.0
5880,1693699440000.0,0.0,0.0,2300.3,1.3533792610200592,0.0,0.0,1.33845,0.9533662612544772,1.0,3242.5246866864563,1000.0,3208.182907562014,1000.0,0.960109363825941,0.0
5881,1693703040000.0,0.0,0.0,2300.3,1.3533792610200592,0.0,0.0,1.34415,0.9533662612544772,1.0,3242.5246866864563,1000.0,3221.294617562014,1000.0,0.960109363825941,0.0
5882,1693706640000.0,0.0,0.0,2300.3,1.3533792610200592,0.0,0.0,1.3328,0.9533662612544772,1.0,3242.5246866864563,1000.0,3195.186212562014,1000.0,0.960109363825941,0.0
5883,1693710240000.0,0.0,0.0,2300.3,1.3533792610200592,0.0,0.0,1.33875,0.9533662612544772,1.0,3242.5246866864563,1000.0,3208.8729975620145,1000.0,0.960109363825941,0.0
5884,1693713840000.0,0.0,0.0,2300.3,1.3533792610200592,0.0,0.0,1.3382,0.9533662612544772,1.0,3242.5246866864563,1000.0,3207.607832562014,1000.0,0.960109363825941,0.0
5885,1693717440000.0,0.0,0.0,2300.3,1.3533792610200592,0.0,0.0,1.33475,0.9533662612544772,1.0,3242.5246866864563,1000.0,3199.6717975620145,1000.0,0.960109363825941,0.0
5886,1693721040000.0,0.0,0.0,2300.3,1.3533792610200592,0.0,0.0,1.34235,0.9533662612544772,1.0,3242.5246866864563,1000.0,3217.1540775620138,1000.0,0.960109363825941,0.0
5887,1693724640000.0,0.0,0.0,2300.3,1.3533792610200592,0.0,0.0,1.35615,0.9533662612544772,1.0,3242.5246866864563,1000.0,3248.898217562014,1000.0,0.960109363825941,0.0
5888,1693728240000.0,0.0,0.0,2276.3,1.3533792610200592,0.0,0.0,1.35445,0.9533662612544772,1.0,3242.500691701975,1000.0,3244.938014842014,1000.0,0.9500991687508064,0.0
5889,1693731840000.0,0.0,0.0,2276.3,1.3533792610200592,0.0,0.0,1.34035,0.9533662612544772,1.0,3242.500691701975,1000.0,3212.842184842014,1000.0,0.9500991687508064,0.0
5890,1693735440000.0,0.0,0.0,2276.3,1.3533792610200592,0.0,0.0,1.3403,0.9533662612544772,1.0,3242.500691701975,1000.0,3212.728369842014,1000.0,0.9500991687508064,0.0
5891,1693739040000.0,0.0,0.0,2276.3,1.3533792610200592,0.0,0.0,1.3481,0.9533662612544772,1.0,3242.500691701975,1000.0,3230.4835098420144,1000.0,0.9500991687508064,0.0
5892,1693742640000.0,0.0,0.0,2276.3,1.3533792610200592,0.0,0.0,1.355,0.9533662612544772,1.0,3242.500691701975,1000.0,3246.189979842014,1000.0,0.9500991687508064,0.0
5893,1693746240000.0,0.0,0.0,2276.3,1.3533792610200592,0.0,0.0,1.34255,0.9533662612544772,1.0,3242.500691701975,1000.0,3217.850044842014,1000.0,0.9500991687508064,0.0
5894,1693749840000.0,0.0,0.0,2276.3,1.3533792610200592,0.0,0.0,1.33505,0.9533662612544772,1.0,3242.500691701975,1000.0,3200.7777948420144,1000.0,0.9500991687508064,0.0
5895,1693753440000.0,0.0,0.0,2276.3,1.3533792610200592,0.0,0.0,1.33825,0.9533662612544772,1.0,3242.500691701975,1000.0,3208.061954842014,1000.0,0.9500991687508064,0.0
5896,1693757040000.0,0.0,0.0,2276.3,1.3533792610200592,0.0,0.0,1.33795,0.9533662612544772,1.0,3242.500691701975,1000.0,3207.379064842014,1000.0,0.9500991687508064,0.0
5897,1693760640000.0,0.0,0.0,2276.3,1.3533792610200592,0.0,0.0,1.3332,0.9533662612544772,1.0,3242.500691701975,1000.0,3196.566639842014,1000.0,0.9500991687508064,0.0
5898,1693764240000.0,0.0,0.0,2276.3,1.3533792610200592,0.0,0.0,1.34245,0.9533662612544772,1.0,3242.500691701975,1000.0,3217.622414842014,1000.0,0.9500991687508064,0.0
5899,1693767840000.0,0.0,0.0,2276.3,1.3533792610200592,0.0,0.0,1.34875,0.9533662612544772,1.0,3242.500691701975,1000.0,3231.9631048420138,1000.0,0.9500991687508064,0.0
5900,1693771440000.0,0.0,0.0,2252.3,1.3533792610200592,0.0,0.0,1.355,0.9533662612544772,1.0,3242.383115437494,1000.0,3246.0335058420146,1000.0,0.9401159582538058,0.0
5901,1693775040000.0,0.0,0.0,2252.3,1.3533792610200592,0.0,0.0,1.359,0.9533662612544772,1.0,3242.383115437494,1000.0,3255.0427058420146,1000.0,0.9401159582538058,0.0
5902,1693778640000.0,0.0,0.0,2252.3,1.3533792610200592,0.0,0.0,1.3505,0.9533662612544772,1.0,3242.383115437494,1000.0,3235.8981558420146,1000.0,0.9401159582538058,0.0
5903,1693782240000.0,0.0,0.0,2252.3,1.3533792610200592,0.0,0.0,1.3533,0.9533662612544772,1.0,3242.383115437494,1000.0,3242.2045958420144,1000.0,0.9401159582538058,0.0
5904,1693785840000.0,0.0,0.0,2252.3,1.3533792610200592,0.0,0.0,1.36165,0.9533662612544772,1.0,3242.383115437494,1000.0,3261.0113008420144,1000.0,0.9401159582538058,0.0
5905,1693789440000.0,0.0,0.0,765.8,1.3533792610200592,0.0,0.0,1.3653,0.9533662612544772,1.0,3262.223934831176,1000.0,3271.3528367420145,1000.0,0.3177028489746511,0.0
5906,1693793040000.0,0.0,0.0,656.4,1.3533792610200592,0.0,0.0,1.3625,0.9533662612544772,1.0,3263.684133715581,1000.0,3269.670986782014,1000.0,0.27219489096887717,0.0
5907,1693796640000.0,0.0,0.0,253.3,1.3533792610200592,0.0,0.0,1.379,0.9533662612544772,1.0,3269.732232474395,1000.0,3276.221965658014,1000.0,0.10484374329238459,0.0
5908,1693800240000.0,0.0,0.0,25.9,1.3533792610200592,0.0,0.0,1.38855,0.9533662612544772,1.0,3277.0407225264344,1000.0,3277.951644666015,1000.0,0.01069639526279545,0.0
5909,1693803840000.0,0.0,0.0,25.9,1.3533792610200592,0.0,0.0,1.38445,0.9533662612544772,1.0,3277.0407225264344,1000.0,3277.845454666015,1000.0,0.01069639526279545,0.0
5910,1693807440000.0,0.0,0.0,119.8,1.3646823277163567,0.0,0.0,1.3668,0.9533662612544772,1.0,3277.0150352424344,1000.0,3277.2687323820146,1000.0,0.049889591931129046,0.0
5911,1693811040000.0,0.0,0.0,119.8,1.3646823277163567,0.0,0.0,1.36265,0.9533662612544772,1.0,3277.0150352424344,1000.0,3276.771562382015,1000.0,0.049889591931129046,0.0
5912,1693814640000.0,0.0,0.0,119.8,1.3646823277163567,0.0,0.0,1.3702,0.9533662612544772,1.0,3277.0150352424344,1000.0,3277.676052382015,1000.0,0.049889591931129046,0.0
5913,1693818240000.0,0.0,0.0,119.8,1.3646823277163567,0.0,0.0,1.3657,0.9533662612544772,1.0,3277.0150352424344,1000.0,3277.136952382015,1000.0,0.049889591931129046,0.0
5914,1693821840000.0,0.0,0.0,119.8,1.3646823277163567,0.0,0.0,1.35775,0.9533662612544772,1.0,3277.0150352424344,1000.0,3276.184542382015,1000.0,0.049889591931129046,0.0
5915,1693825440000.0,0.0,0.0,119.8,1.3646823277163567,0.0,0.0,1.3617,0.9533662612544772,1.0,3277.0150352424344,1000.0,3276.6577523820147,1000.0,0.049889591931129046,0.0
5916,1693829040000.0,0.0,0.0,119.8,1.3646823277163567,0.0,0.0,1.3565,0.9533662612544772,1.0,3277.0150352424344,1000.0,3276.034792382015,1000.0,0.049889591931129046,0.0
5917,1693832640000.0,0.0,0.0,119.8,1.3646823277163567,0.0,0.0,1.3505,0.9533662612544772,1.0,3277.0150352424344,1000.0,3275.315992382015,1000.0,0.049889591931129046,0.0
5918,1693836240000.0,0.0,0.0,119.8,1.3646823277163567,0.0,0.0,1.35885,0.9533662612544772,1.0,3277.0150352424344,1000.0,3276.3163223820147,1000.0,0.049889591931129046,0.0
5919,1693839840000.0,0.0,0.0,119.8,1.3646823277163567,0.0,0.0,1.3586,0.9533662612544772,1.0,3277.0150352424344,1000.0,3276.2863723820146,1000.0,0.049889591931129046,0.0
5920,1693843440000.0,0.0,0.0,119.8,1.3646823277163567,0.0,0.0,1.3596,0.9533662612544772,1.0,3277.0150352424344,1000.0,3276.406172382015,1000.0,0.049889591931129046,0.0
5921,1693847040000.0,0.0,0.0,119.8,1.3646823277163567,0.0,0.0,1.3537,0.9533662612544772,1.0,3277.0150352424344,1000.0,3275.6993523820147,1000.0,0.049889591931129046,0.0
5922,1693850640000.0,0.0,0.0,119.8,1.3646823277163567,0.0,0.0,1.3598,0.9533662612544772,1.0,3277.0150352424344,1000.0,3276.430132382015,1000.0,0.049889591931129046,0.0
5923,1693854240000.0,0.0,0.0,119.8,1.3646823277163567,0.0,0.0,1.35375,0.9533662612544772,1.0,3277.0150352424344,1000.0,3275.705342382015,1000.0,0.049889591931129046,0.0
5924,1693857840000.0,0.0,0.0,119.8,1.3646823277163567,0.0,0.0,1.36005,0.9533662612544772,1.0,3277.0150352424344,1000.0,3276.4600823820147,1000.0,0.049889591931129046,0.0
5925,1693861440000.0,0.0,0.0,119.8,1.3646823277163567,0.0,0.0,1.34735,0.9533662612544772,1.0,3277.0150352424344,1000.0,3274.9386223820147,1000.0,0.049889591931129046,0.0
5926,1693865040000.0,0.0,0.0,119.8,1.3646823277163567,0.0,0.0,1.3332,0.9533662612544772,1.0,3277.0150352424344,1000.0,3273.2434523820148,1000.0,0.049889591931129046,0.0
5927,1693868640000.0,0.0,0.0,119.8,1.3646823277163567,0.0,0.0,1.3409,0.9533662612544772,1.0,3277.0150352424344,1000.0,3274.165912382015,1000.0,0.049889591931129046,0.0
5928,1693872240000.0,0.0,0.0,119.8,1.3646823277163567,0.0,0.0,1.3471,0.9533662612544772,1.0,3277.0150352424344,1000.0,3274.9086723820146,1000.0,0.049889591931129046,0.0
5929,1693875840000.0,0.0,0.0,119.8,1.3646823277163567,0.0,0.0,1.342,0.9533662612544772,1.0,3277.0150352424344,1000.0,3274.2976923820147,1000.0,0.049889591931129046,0.0
5930,1693879440000.0,0.0,0.0,119.8,1.3646823277163567,0.0,0.0,1.34045,0.9533662612544772,1.0,3277.0150352424344,1000.0,3274.112002382015,1000.0,0.049889591931129046,0.0
5931,1693883040000.0,0.0,0.0,119.8,1.3646823277163567,0.0,0.0,1.33645,0.9533662612544772,1.0,3277.0150352424344,1000.0,3273.6328023820147,1000.0,0.049889591931129046,0.0
5932,1693886640000.0,0.0,0.0,119.8,1.3646823277163567,0.0,0.0,1.3454,0.9533662612544772,1.0,3277.0150352424344,1000.0,3274.705012382015,1000.0,0.049889591931129046,0.0
5933,1693890240000.0,0.0,0.0,119.8,1.3646823277163567,0.0,0.0,1.34395,0.9533662612544772,1.0,3277.0150352424344,1000.0,3274.531302382015,1000.0,0.049889591931129046,0.0
5934,1693893840000.0,0.0,0.0,119.8,1.3646823277163567,0.0,0.0,1.343,0.9533662612544772,1.0,3277.0150352424344,1000.0,3274.4174923820146,1000.0,0.049889591931129046,0.0
5935,1693897440000.0,0.0,0.0,119.8,1.3646823277163567,0.0,0.0,1.3361,0.9533662612544772,1.0,3277.0150352424344,1000.0,3273.590872382015,1000.0,0.049889591931129046,0.0
5936,1693901040000.0,0.0,0.0,119.8,1.3646823277163567,0.0,0.0,1.3371,0.9533662612544772,1.0,3277.0150352424344,1000.0,3273.7106723820148,1000.0,0.049889591931129046,0.0
5937,1693904640000.0,0.0,0.0,119.8,1.3646823277163567,0.0,0.0,1.34465,0.9533662612544772,1.0,3277.0150352424344,1000.0,3274.6151623820147,1000.0,0.049889591931129046,0.0
5938,1693908240000.0,0.0,0.0,119.8,1.3646823277163567,0.0,0.0,1.34705,0.9533662612544772,1.0,3277.0150352424344,1000.0,3274.902682382015,1000.0,0.049889591931129046,0.0
5939,1693911840000.0,0.0,0.0,119.8,1.3646823277163567,0.0,0.0,1.3498,0.9533662612544772,1.0,3277.0150352424344,1000.0,3275.2321323820147,1000.0,0.049889591931129046,0.0
5940,1693915440000.0,0.0,0.0,119.8,1.3646823277163567,0.0,0.0,1.3547,0.9533662612544772,1.0,3277.0150352424344,1000.0,3275.8191523820146,1000.0,0.049889591931129046,0.0
5941,1693919040000.0,0.0,0.0,119.8,1.3646823277163567,0.0,0.0,1.35865,0.9533662612544772,1.0,3277.0150352424344,1000.0,3276.2923623820147,1000.0,0.049889591931129046,0.0
5942,1693922640000.0,0.0,0.0,119.8,1.3646823277163567,0.0,0.0,1.3477,0.9533662612544772,1.0,3277.0150352424344,1000.0,3274.9805523820146,1000.0,0.049889591931129046,0.0
5943,1693926240000.0,0.0,0.0,119.8,1.3646823277163567,0.0,0.0,1.3539,0.9533662612544772,1.0,3277.0150352424344,1000.0,3275.7233123820147,1000.0,0.049889591931129046,0.0
5944,1693929840000.0,0.0,0.0,119.8,1.3646823277163567,0.0,0.0,1.36255,0.9533662612544772,1.0,3277.0150352424344,1000.0,3276.7595823820147,1000.0,0.049889591931129046,0.0
5945,1693933440000.0,0.0,0.0,119.8,1.3646823277163567,0.0,0.0,1.35715,0.9533662612544772,1.0,3277.0150352424344,1000.0,3276.1126623820146,1000.0,0.049889591931129046,0.0
5946,1693937040000.0,0.0,0.0,119.8,1.3646823277163567,0.0,0.0,1.3611,0.9533662612544772,1.0,3277.0150352424344,1000.0,3276.5858723820147,1000.0,0.049889591931129046,0.0
5947,1693940640000.0,0.0,0.0,119.8,1.3646823277163567,0.0,0.0,1.36385,0.9533662612544772,1.0,3277.0150352424344,1000.0,3276.915322382015,1000.0,0.049889591931129046,0.0
5948,1693944240000.0,0.0,0.0,119.8,1.3646823277163567,0.0,0.0,1.34855,0.9533662612544772,1.0,3277.0150352424344,1000.0,3275.0823823820147,1000.0,0.049889591931129046,0.0
5949,1693947840000.0,0.0,0.0,119.8,1.3646823277163567,0.0,0.0,1.34935,0.9533662612544772,1.0,3277.0150352424344,1000.0,3275.1782223820146,1000.0,0.049889591931129046,0.0
5950,1693951440000.0,0.0,0.0,119.8,1.3646823277163567,0.0,0.0,1.3554,0.9533662612544772,1.0,3277.0150352424344,1000.0,3275.903012382015,1000.0,0.049889591931129046,0.0
5951,1693955040000.0,0.0,0.0,119.8,1.3646823277163567,0.0,0.0,1.3575,0.9533662612544772,1.0,3277.0150352424344,1000.0,3276.154592382015,1000.0,0.049889591931129046,0.0
5952,1693958640000.0,0.0,0.0,119.8,1.3646823277163567,0.0,0.0,1.36075,0.9533662612544772,1.0,3277.0150352424344,1000.0,3276.543942382015,1000.0,0.049889591931129046,0.0
5953,1693962240000.0,0.0,0.0,119.8,1.3646823277163567,0.0,0.0,1.37075,0.9533662612544772,1.0,3277.0150352424344,1000.0,3277.7419423820147,1000.0,0.049889591931129046,0.0
5954,1693965840000.0,0.0,0.0,75.6,1.3646823277163567,0.0,0.0,1.36915,0.9533662612544772,1.0,3277.609171301371,1000.0,3277.9469273260147,1000.0,0.031477207495850715,0.0
5955,1693969440000.0,0.0,0.0,64.8,1.3646823277163567,0.0,0.0,1.3749,0.9533662612544772,1.0,3277.7543448180345,1000.0,3278.4164499820145,1000.0,0.026979268588515657,0.0
5956,1693973040000.0,0.0,0.0,120.2,1.3640913047921788,0.0,0.0,1.3607,0.9533662612544772,1.0,3277.7392383460347,1000.0,3277.3316035100147,1000.0,0.05002343472531907,0.0
5957,1693976640000.0,0.0,0.0,120.2,1.3640913047921788,0.0,0.0,1.35645,0.9533662612544772,1.0,3277.7392383460347,1000.0,3276.8207535100146,1000.0,0.05002343472531907,0.0
5958,1693980240000.0,0.0,0.0,120.2,1.3640913047921788,0.0,0.0,1.35205,0.9533662612544772,1.0,3277.7392383460347,1000.0,3276.2918735100147,1000.0,0.05002343472531907,0.0
5959,1693983840000.0,0.0,0.0,120.2,1.3640913047921788,0.0,0.0,1.36055,0.9533662612544772,1.0,3277.7392383460347,1000.0,3277.313573510015,1000.0,0.05002343472531907,0.0
5960,1693987440000.0,0.0,0.0,120.2,1.3640913047921788,0.0,0.0,1.36395,0.9533662612544772,1.0,3277.7392383460347,1000.0,3277.722253510015,1000.0,0.05002343472531907,0.0
5961,1693991040000.0,0.0,0.0,120.2,1.3640913047921788,0.0,0.0,1.3666,0.9533662612544772,1.0,3277.7392383460347,1000.0,3278.040783510015,1000.0,0.05002343472531907,0.0
5962,1693994640000.0,0.0,0.0,120.2,1.3640913047921788,0.0,0.0,1.37305,0.9533662612544772,1.0,3277.7392383460347,1000.0,3278.8160735100146,1000.0,0.05002343472531907,0.0
5963,1693998240000.0,0.0,0.0,120.2,1.3640913047921788,0.0,0.0,1.372,0.9533662612544772,1.0,3277.7392383460347,1000.0,3278.6898635100147,1000.0,0.05002343472531907,0.0
5964,1694001840000.0,0.0,0.0,120.2,1.3640913047921788,0.0,0.0,1.37475,0.9533662612544772,1.0,3277.7392383460347,1000.0,3279.020413510015,1000.0,0.05002343472531907,0.0
5965,1694005440000.0,0.0,0.0,120.2,1.3640913047921788,0.0,0.0,1.36855,0.9533662612544772,1.0,3277.7392383460347,1000.0,3278.2751735100146,1000.0,0.05002343472531907,0.0
5966,1694009040000.0,0.0,0.0,120.2,1.3640913047921788,0.0,0.0,1.3643,0.9533662612544772,1.0,3277.7392383460347,1000.0,3277.764323510015,1000.0,0.05002343472531907,0.0
5967,1694012640000.0,0.0,0.0,120.2,1.3640913047921788,0.0,0.0,1.36205,0.9533662612544772,1.0,3277.7392383460347,1000.0,3277.493873510015,1000.0,0.05002343472531907,0.0
5968,1694016240000.0,0.0,0.0,120.2,1.3640913047921788,0.0,0.0,1.362,0.9533662612544772,1.0,3277.7392383460347,1000.0,3277.487863510015,1000.0,0.05002343472531907,0.0
5969,1694019840000.0,0.0,0.0,120.2,1.3640913047921788,0.0,0.0,1.3596,0.9533662612544772,1.0,3277.7392383460347,1000.0,3277.1993835100147,1000.0,0.05002343472531907,0.0
5970,1694023440000.0,0.0,0.0,49.9,1.3640913047921788,0.0,0.0,1.38745,0.9533662612544772,1.0,3279.391006239144,1000.0,3280.5566051300143,1000.0,0.020756340424068955,0.0
5971,1694027040000.0,0.0,0.0,19.9,1.3640913047921788,0.0,0.0,1.374,0.9533662612544772,1.0,3279.7940002953783,1000.0,3279.991183330014,1000.0,0.008276561565427474,0.0
5972,1694030640000.0,0.0,0.0,6.9,1.3640913047921788,0.0,0.0,1.38035,0.9533662612544772,1.0,3279.9686310530806,1000.0,3280.0808160500146,1000.0,0.002869609762104372,0.0
5973,1694034240000.0,0.0,0.0,3.9,1.3640913047921788,0.0,0.0,1.3762,0.9533662612544772,1.0,3280.008930458704,1000.0,3280.0561543700146,1000.0,0.001621933415878081,0.0
5974,1694037840000.0,0.0,0.0,3.4,1.3640913047921788,0.0,0.0,1.39,0.9533662612544772,1.0,3280.015647026308,1000.0,3280.1037365900147,1000.0,0.0014139903388870046,0.0
5975,1694041440000.0,0.0,0.0,2.9,1.3640913047921788,0.0,0.0,1.3893,0.9533662612544772,1.0,3280.029012263912,1000.0,3280.102117480015,1000.0,0.0012060456688360011,0.0
5976,1694045040000.0,0.0,0.0,1.3,1.3640913047921788,0.0,0.0,1.3984,0.9533662612544772,1.0,3280.071781024245,1000.0,3280.1163823280153,1000.0,0.0005406341124876513,0.0
5977,1694048640000.0,0.0,0.0,0.8,1.3640913047921788,0.0,0.0,1.4025,0.9533662612544772,1.0,3280.087805729849,1000.0,3280.1185326860154,1000.0,0.00033269628999792124,0.0
5978,1694052240000.0,0.0,0.0,0.5,1.3640913047921788,0.0,0.0,1.4064,0.9533662612544772,1.0,3280.097154606411,1000.0,3280.118308954015,1000.0,0.00020793458859541926,0.0
5979,1694055840000.0,0.0,0.0,0.4,1.3640913047921788,0.0,0.0,1.41285,0.9533662612544772,1.0,3280.102487121932,1000.0,3280.121990600015,1000.0,0.0001663474004422437,0.0
5980,1694059440000.0,0.0,0.0,0.2,1.3640913047921788,0.0,0.0,1.4328,0.9533662612544772,1.0,3280.1144818869734,1000.0,3280.128223626015,1000.0,8.317339607045964e-05,0.0
5981,1694063040000.0,0.0,0.0,0.0,1.3640913047921788,0.0,0.0,1.44405,0.9533662612544772,1.0,3280.1304858500152,1000.0,3280.1304858500152,1000.0,0.0,0.0
5982,1694066640000.0,0.0,0.0,0.0,1.3640913047921788,0.0,0.0,1.4473,0.9533662612544772,1.0,3280.1304858500152,1000.0,3280.1304858500152,1000.0,0.0,0.0
5983,1694070240000.0,0.0,0.0,115.9,1.4147,0.0,0.0,1.41875,0.9533662612544772,1.0,3280.0976931040154,1000.0,3280.5670881040155,1000.0,0.04998745322272344,0.0
5984,1694073840000.0,0.0,0.0,99.4,1.4147,0.0,0.0,1.4207,0.9533662612544772,1.0,3280.3272777340153,1000.0,3280.923677734015,1000.0,0.04286803361192006,0.0
5985,1694077440000.0,0.0,0.0,115.7,1.4157309420916162,0.0,0.0,1.4183,0.9533662612544772,1.0,3280.6811446200154,1000.0,3280.9783846200153,1000.0,0.04992867724088808,0.0
5986,1694081040000.0,0.0,0.0,115.7,1.4157309420916162,0.0,0.0,1.412,0.9533662612544772,1.0,3280.6811446200154,1000.0,3280.2494746200155,1000.0,0.04992867724088808,0.0
5987,1694084640000.0,0.0,0.0,115.7,1.4157309420916162,0.0,0.0,1.41155,0.9533662612544772,1.0,3280.6811446200154,1000.0,3280.1974096200156,1000.0,0.04992867724088808,0.0
5988,1694088240000.0,0.0,0.0,115.7,1.4157309420916162,0.0,0.0,1.41045,0.9533662612544772,1.0,3280.6811446200154,1000.0,3280.070139620015,1000.0,0.04992867724088808,0.0
5989,1694091840000.0,0.0,0.0,115.7,1.4157309420916162,0.0,0.0,1.4166,0.9533662612544772,1.0,3280.6811446200154,1000.0,3280.7816946200155,1000.0,0.04992867724088808,0.0
5990,1694095440000.0,0.0,0.0,73.0,1.4157309420916162,0.0,0.0,1.43485,0.9533662612544772,1.0,3281.2739520467035,1000.0,3282.6696432740155,1000.0,0.03149641276011842,0.0
5991,1694099040000.0,0.0,0.0,36.3,1.4157309420916162,0.0,0.0,1.4468,0.9533662612544772,1.0,3282.1489578919413,1000.0,3283.2767646940156,1000.0,0.01565773944365191,0.0
5992,1694102640000.0,0.0,0.0,17.6,1.4157309420916162,0.0,0.0,1.43805,0.9533662612544772,1.0,3282.6684494628284,1000.0,3283.061264882016,1000.0,0.007590429848280843,0.0
5993,1694106240000.0,0.0,0.0,9.5,1.4157309420916162,0.0,0.0,1.4588,0.9533662612544772,1.0,3282.965215523887,1000.0,3283.3743715740165,1000.0,0.004096736659369121,0.0
5994,1694109840000.0,0.0,0.0,0.5,1.4157309420916162,0.0,0.0,1.46705,0.9533662612544772,1.0,3283.4746263170628,1000.0,3283.500285846017,1000.0,0.00021558426715780394,0.0
5995,1694113440000.0,0.0,0.0,0.0,1.4157309420916162,0.0,0.0,1.4701,0.9533662612544772,1.0,3283.502313706019,1000.0,3283.502313706019,1000.0,0.0,0.0
5996,1694117040000.0,0.0,0.0,0.0,1.4157309420916162,0.0,0.0,1.45455,0.9533662612544772,1.0,3283.502313706019,1000.0,3283.502313706019,1000.0,0.0,0.0
5997,1694120640000.0,0.0,0.0,0.0,1.4157309420916162,0.0,0.0,1.46495,0.9533662612544772,1.0,3283.502313706019,1000.0,3283.502313706019,1000.0,0.0,0.0
5998,1694124240000.0,0.0,0.0,0.0,1.4157309420916162,0.0,0.0,1.4602,0.9533662612544772,1.0,3283.502313706019,1000.0,3283.502313706019,1000.0,0.0,0.0
5999,1694127840000.0,0.0,0.0,83.1,1.4524,0.0,0.0,1.4699,0.9533662612544772,1.0,3283.897256806019,1000.0,3285.351506806019,1000.0,0.0367534153968598,0.0
6000,1694131440000.0,0.0,0.0,43.8,1.4524,0.0,0.0,1.478,0.9533662612544772,1.0,3284.582151652019,1000.0,3285.703431652019,1000.0,0.019367796895566766,0.0
6001,1694135040000.0,0.0,0.0,2.4,1.4524,0.0,0.0,1.5105,0.9533662612544772,1.0,3286.0931211200186,1000.0,3286.2325611200185,1000.0,0.001060761174903019,0.0
6002,1694138640000.0,0.0,0.0,1.5,1.4524,0.0,0.0,1.47515,0.9533662612544772,1.0,3286.118684522018,1000.0,3286.1528095220183,1000.0,0.0006629705768880005,0.0
6003,1694142240000.0,0.0,0.0,111.9,1.4684697050938336,0.0,0.0,1.4685,0.9533662612544772,1.0,3286.1031238700175,1000.0,3286.1065138700174,1000.0,0.05000505273446183,0.0
6004,1694145840000.0,0.0,0.0,111.9,1.4684697050938336,0.0,0.0,1.47415,0.9533662612544772,1.0,3286.1031238700175,1000.0,3286.7387488700174,1000.0,0.05000505273446183,0.0
6005,1694149440000.0,0.0,0.0,96.0,1.4684697050938336,0.0,0.0,1.48775,0.9533662612544772,1.0,3286.3326189830254,1000.0,3288.1835272940175,1000.0,0.04289678131626036,0.0
6006,1694153040000.0,0.0,0.0,46.4,1.4684697050938336,0.0,0.0,1.489,0.9533662612544772,1.0,3287.7576664103717,1000.0,3288.710272094018,1000.0,0.020724457587759797,0.0
6007,1694156640000.0,0.0,0.0,111.3,1.4747574492103084,0.0,0.0,1.47645,0.9533662612544772,1.0,3288.3195738591244,1000.0,3288.507954762017,1000.0,0.049916226330908094,0.0
6008,1694160240000.0,0.0,0.0,111.3,1.4747574492103084,0.0,0.0,1.4684,0.9533662612544772,1.0,3288.3195738591244,1000.0,3287.611989762017,1000.0,0.049916226330908094,0.0
6009,1694163840000.0,0.0,0.0,111.3,1.4747574492103084,0.0,0.0,1.48075,0.9533662612544772,1.0,3288.3195738591244,1000.0,3288.9865447620173,1000.0,0.049916226330908094,0.0
6010,1694167440000.0,0.0,0.0,111.3,1.4747574492103084,0.0,0.0,1.45585,0.9533662612544772,1.0,3288.3195738591244,1000.0,3286.215174762017,1000.0,0.049916226330908094,0.0
6011,1694171040000.0,0.0,0.0,111.3,1.4747574492103084,0.0,0.0,1.45195,0.9533662612544772,1.0,3288.3195738591244,1000.0,3285.781104762017,1000.0,0.049916226330908094,0.0
6012,1694174640000.0,0.0,0.0,111.3,1.4747574492103084,0.0,0.0,1.44245,0.9533662612544772,1.0,3288.3195738591244,1000.0,3284.723754762017,1000.0,0.049916226330908094,0.0
6013,1694178240000.0,0.0,0.0,111.3,1.4747574492103084,0.0,0.0,1.45105,0.9533662612544772,1.0,3288.3195738591244,1000.0,3285.680934762017,1000.0,0.049916226330908094,0.0
6014,1694181840000.0,0.0,0.0,111.3,1.4747574492103084,0.0,0.0,1.4552,0.9533662612544772,1.0,3288.3195738591244,1000.0,3286.142829762017,1000.0,0.049916226330908094,0.0
6015,1694185440000.0,0.0,0.0,111.3,1.4747574492103084,0.0,0.0,1.4562,0.9533662612544772,1.0,3288.3195738591244,1000.0,3286.254129762017,1000.0,0.049916226330908094,0.0
6016,1694189040000.0,0.0,0.0,111.3,1.4747574492103084,0.0,0.0,1.454,0.9533662612544772,1.0,3288.3195738591244,1000.0,3286.009269762017,1000.0,0.049916226330908094,0.0
6017,1694192640000.0,0.0,0.0,111.3,1.4747574492103084,0.0,0.0,1.456,0.9533662612544772,1.0,3288.3195738591244,1000.0,3286.231869762017,1000.0,0.049916226330908094,0.0
6018,1694196240000.0,0.0,0.0,111.3,1.4747574492103084,0.0,0.0,1.44815,0.9533662612544772,1.0,3288.3195738591244,1000.0,3285.358164762017,1000.0,0.049916226330908094,0.0
6019,1694199840000.0,0.0,0.0,111.3,1.4747574492103084,0.0,0.0,1.43355,0.9533662612544772,1.0,3288.3195738591244,1000.0,3283.733184762017,1000.0,0.049916226330908094,0.0
6020,1694203440000.0,0.0,0.0,111.3,1.4747574492103084,0.0,0.0,1.44025,0.9533662612544772,1.0,3288.3195738591244,1000.0,3284.4788947620173,1000.0,0.049916226330908094,0.0
6021,1694207040000.0,0.0,0.0,111.3,1.4747574492103084,0.0,0.0,1.44605,0.9533662612544772,1.0,3288.3195738591244,1000.0,3285.1244347620172,1000.0,0.049916226330908094,0.0
6022,1694210640000.0,0.0,0.0,111.3,1.4747574492103084,0.0,0.0,1.45275,0.9533662612544772,1.0,3288.3195738591244,1000.0,3285.870144762017,1000.0,0.049916226330908094,0.0
6023,1694214240000.0,0.0,0.0,111.3,1.4747574492103084,0.0,0.0,1.45365,0.9533662612544772,1.0,3288.3195738591244,1000.0,3285.970314762017,1000.0,0.049916226330908094,0.0
6024,1694217840000.0,0.0,0.0,111.3,1.4747574492103084,0.0,0.0,1.4588,0.9533662612544772,1.0,3288.3195738591244,1000.0,3286.543509762017,1000.0,0.049916226330908094,0.0
6025,1694221440000.0,0.0,0.0,111.3,1.4747574492103084,0.0,0.0,1.4569,0.9533662612544772,1.0,3288.3195738591244,1000.0,3286.332039762017,1000.0,0.049916226330908094,0.0
6026,1694225040000.0,0.0,0.0,111.3,1.4747574492103084,0.0,0.0,1.47085,0.9533662612544772,1.0,3288.3195738591244,1000.0,3287.884674762017,1000.0,0.049916226330908094,0.0
6027,1694228640000.0,0.0,0.0,111.3,1.4747574492103084,0.0,0.0,1.47785,0.9533662612544772,1.0,3288.3195738591244,1000.0,3288.663774762017,1000.0,0.049916226330908094,0.0
6028,1694232240000.0,0.0,0.0,111.3,1.4747574492103084,0.0,0.0,1.47845,0.9533662612544772,1.0,3288.3195738591244,1000.0,3288.730554762017,1000.0,0.049916226330908094,0.0
6029,1694235840000.0,0.0,0.0,111.3,1.4747574492103084,0.0,0.0,1.47385,0.9533662612544772,1.0,3288.3195738591244,1000.0,3288.218574762017,1000.0,0.049916226330908094,0.0
6030,1694239440000.0,0.0,0.0,111.3,1.4747574492103084,0.0,0.0,1.46285,0.9533662612544772,1.0,3288.3195738591244,1000.0,3286.994274762017,1000.0,0.049916226330908094,0.0
6031,1694243040000.0,0.0,0.0,111.3,1.4747574492103084,0.0,0.0,1.467,0.9533662612544772,1.0,3288.3195738591244,1000.0,3287.456169762017,1000.0,0.049916226330908094,0.0
6032,1694246640000.0,0.0,0.0,111.3,1.4747574492103084,0.0,0.0,1.4652,0.9533662612544772,1.0,3288.3195738591244,1000.0,3287.255829762017,1000.0,0.049916226330908094,0.0
6033,1694250240000.0,0.0,0.0,111.3,1.4747574492103084,0.0,0.0,1.45385,0.9533662612544772,1.0,3288.3195738591244,1000.0,3285.9925747620173,1000.0,0.049916226330908094,0.0
6034,1694253840000.0,0.0,0.0,111.3,1.4747574492103084,0.0,0.0,1.4571,0.9533662612544772,1.0,3288.3195738591244,1000.0,3286.354299762017,1000.0,0.049916226330908094,0.0
6035,1694257440000.0,0.0,0.0,111.3,1.4747574492103084,0.0,0.0,1.4505,0.9533662612544772,1.0,3288.3195738591244,1000.0,3285.619719762017,1000.0,0.049916226330908094,0.0
6036,1694261040000.0,0.0,0.0,111.3,1.4747574492103084,0.0,0.0,1.44755,0.9533662612544772,1.0,3288.3195738591244,1000.0,3285.291384762017,1000.0,0.049916226330908094,0.0
6037,1694264640000.0,0.0,0.0,111.3,1.4747574492103084,0.0,0.0,1.44485,0.9533662612544772,1.0,3288.3195738591244,1000.0,3284.990874762017,1000.0,0.049916226330908094,0.0
6038,1694268240000.0,0.0,0.0,111.3,1.4747574492103084,0.0,0.0,1.44125,0.9533662612544772,1.0,3288.3195738591244,1000.0,3284.590194762017,1000.0,0.049916226330908094,0.0
6039,1694271840000.0,0.0,0.0,111.3,1.4747574492103084,0.0,0.0,1.45335,0.9533662612544772,1.0,3288.3195738591244,1000.0,3285.936924762017,1000.0,0.049916226330908094,0.0
6040,1694275440000.0,0.0,0.0,111.3,1.4747574492103084,0.0,0.0,1.45725,0.9533662612544772,1.0,3288.3195738591244,1000.0,3286.370994762017,1000.0,0.049916226330908094,0.0
6041,1694279040000.0,0.0,0.0,111.3,1.4747574492103084,0.0,0.0,1.45925,0.9533662612544772,1.0,3288.3195738591244,1000.0,3286.593594762017,1000.0,0.049916226330908094,0.0
6042,1694282640000.0,0.0,0.0,111.3,1.4747574492103084,0.0,0.0,1.46795,0.9533662612544772,1.0,3288.3195738591244,1000.0,3287.561904762017,1000.0,0.049916226330908094,0.0
6043,1694286240000.0,0.0,0.0,111.3,1.4747574492103084,0.0,0.0,1.4786,0.9533662612544772,1.0,3288.3195738591244,1000.0,3288.747249762017,1000.0,0.049916226330908094,0.0
6044,1694289840000.0,0.0,0.0,111.3,1.4747574492103084,0.0,0.0,1.48495,0.9533662612544772,1.0,3288.3195738591244,1000.0,3289.454004762017,1000.0,0.049916226330908094,0.0
6045,1694293440000.0,0.0,0.0,95.4,1.4747574492103084,0.0,0.0,1.4792,0.9533662612544772,1.0,3288.5508334886804,1000.0,3288.974652834017,1000.0,0.04278232807653137,0.0
6046,1694297040000.0,0.0,0.0,81.8,1.4747574492103084,0.0,0.0,1.4896,0.9533662612544772,1.0,3288.74864046742,1000.0,3289.9627611220167,1000.0,0.03668117345941577,0.0
6047,1694300640000.0,0.0,0.0,28.0,1.4747574492103084,0.0,0.0,1.495,0.9533662612544772,1.0,3289.531141603906,1000.0,3290.097933026017,1000.0,0.012552916145294475,0.0
6048,1694304240000.0,0.0,0.0,20.6,1.4747574492103084,0.0,0.0,1.495,0.9533662612544772,1.0,3289.6387718717497,1000.0,3290.055768418017,1000.0,0.009235057573341598,0.0
6049,1694307840000.0,0.0,0.0,7.1,1.4747574492103084,0.0,0.0,1.508,0.9533662612544772,1.0,3289.977055995411,1000.0,3290.2130781060177,1000.0,0.003182629456431016,0.0
6050,1694311440000.0,0.0,0.0,111.0,1.4811609230839375,0.0,0.0,1.48155,0.9533662612544772,1.0,3290.364231788335,1000.0,3290.407419326018,1000.0,0.0499667668624515,0.0
6051,1694315040000.0,0.0,0.0,111.0,1.4811609230839375,0.0,0.0,1.4792,0.9533662612544772,1.0,3290.364231788335,1000.0,3290.146569326018,1000.0,0.0499667668624515,0.0
6052,1694318640000.0,0.0,0.0,111.0,1.4811609230839375,0.0,0.0,1.4864,0.9533662612544772,1.0,3290.364231788335,1000.0,3290.945769326018,1000.0,0.0499667668624515,0.0
6053,1694322240000.0,0.0,0.0,111.0,1.4811609230839375,0.0,0.0,1.4533,0.9533662612544772,1.0,3290.364231788335,1000.0,3287.271669326018,1000.0,0.0499667668624515,0.0
6054,1694325840000.0,0.0,0.0,111.0,1.4811609230839375,0.0,0.0,1.46725,0.9533662612544772,1.0,3290.364231788335,1000.0,3288.820119326018,1000.0,0.0499667668624515,0.0
6055,1694329440000.0,0.0,0.0,111.0,1.4811609230839375,0.0,0.0,1.4734,0.9533662612544772,1.0,3290.364231788335,1000.0,3289.502769326018,1000.0,0.0499667668624515,0.0
6056,1694333040000.0,0.0,0.0,111.0,1.4811609230839375,0.0,0.0,1.48135,0.9533662612544772,1.0,3290.364231788335,1000.0,3290.385219326018,1000.0,0.0499667668624515,0.0
6057,1694336640000.0,0.0,0.0,111.0,1.4811609230839375,0.0,0.0,1.4741,0.9533662612544772,1.0,3290.364231788335,1000.0,3289.580469326018,1000.0,0.0499667668624515,0.0
6058,1694340240000.0,0.0,0.0,111.0,1.4811609230839375,0.0,0.0,1.4806,0.9533662612544772,1.0,3290.364231788335,1000.0,3290.301969326018,1000.0,0.0499667668624515,0.0
6059,1694343840000.0,0.0,0.0,111.0,1.4811609230839375,0.0,0.0,1.4624,0.9533662612544772,1.0,3290.364231788335,1000.0,3288.281769326018,1000.0,0.0499667668624515,0.0
6060,1694347440000.0,0.0,0.0,111.0,1.4811609230839375,0.0,0.0,1.46205,0.9533662612544772,1.0,3290.364231788335,1000.0,3288.242919326018,1000.0,0.0499667668624515,0.0
6061,1694351040000.0,0.0,0.0,111.0,1.4811609230839375,0.0,0.0,1.4811,0.9533662612544772,1.0,3290.364231788335,1000.0,3290.357469326018,1000.0,0.0499667668624515,0.0
6062,1694354640000.0,0.0,0.0,111.0,1.4811609230839375,0.0,0.0,1.47975,0.9533662612544772,1.0,3290.364231788335,1000.0,3290.2076193260177,1000.0,0.0499667668624515,0.0
6063,1694358240000.0,0.0,0.0,111.0,1.4811609230839375,0.0,0.0,1.459,0.9533662612544772,1.0,3290.364231788335,1000.0,3287.904369326018,1000.0,0.0499667668624515,0.0
6064,1694361840000.0,0.0,0.0,111.0,1.4811609230839375,0.0,0.0,1.4642,0.9533662612544772,1.0,3290.364231788335,1000.0,3288.481569326018,1000.0,0.0499667668624515,0.0
6065,1694365440000.0,0.0,0.0,111.0,1.4811609230839375,0.0,0.0,1.4609,0.9533662612544772,1.0,3290.364231788335,1000.0,3288.115269326018,1000.0,0.0499667668624515,0.0
6066,1694369040000.0,0.0,0.0,111.0,1.4811609230839375,0.0,0.0,1.4508,0.9533662612544772,1.0,3290.364231788335,1000.0,3286.994169326018,1000.0,0.0499667668624515,0.0
6067,1694372640000.0,0.0,0.0,111.0,1.4811609230839375,0.0,0.0,1.45425,0.9533662612544772,1.0,3290.364231788335,1000.0,3287.377119326018,1000.0,0.0499667668624515,0.0
6068,1694376240000.0,0.0,0.0,111.0,1.4811609230839375,0.0,0.0,1.4562,0.9533662612544772,1.0,3290.364231788335,1000.0,3287.593569326018,1000.0,0.0499667668624515,0.0
6069,1694379840000.0,0.0,0.0,111.0,1.4811609230839375,0.0,0.0,1.47265,0.9533662612544772,1.0,3290.364231788335,1000.0,3289.419519326018,1000.0,0.0499667668624515,0.0
6070,1694383440000.0,0.0,0.0,111.0,1.4811609230839375,0.0,0.0,1.4825,0.9533662612544772,1.0,3290.364231788335,1000.0,3290.512869326018,1000.0,0.0499667668624515,0.0
6071,1694387040000.0,0.0,0.0,111.0,1.4811609230839375,0.0,0.0,1.47675,0.9533662612544772,1.0,3290.364231788335,1000.0,3289.874619326018,1000.0,0.0499667668624515,0.0
6072,1694390640000.0,0.0,0.0,111.0,1.4811609230839375,0.0,0.0,1.47635,0.9533662612544772,1.0,3290.364231788335,1000.0,3289.830219326018,1000.0,0.0499667668624515,0.0
6073,1694394240000.0,0.0,0.0,111.0,1.4811609230839375,0.0,0.0,1.4821,0.9533662612544772,1.0,3290.364231788335,1000.0,3290.468469326018,1000.0,0.0499667668624515,0.0
6074,1694397840000.0,0.0,0.0,111.0,1.4811609230839375,0.0,0.0,1.4759,0.9533662612544772,1.0,3290.364231788335,1000.0,3289.780269326018,1000.0,0.0499667668624515,0.0
6075,1694401440000.0,0.0,0.0,95.2,1.4811609230839375,0.0,0.0,1.501,0.9533662612544772,1.0,3290.593961843609,1000.0,3292.482641966018,1000.0,0.04285138838539339,0.0
6076,1694405040000.0,0.0,0.0,66.2,1.4811609230839375,0.0,0.0,1.5014,0.9533662612544772,1.0,3291.436034174175,1000.0,3292.775861066018,1000.0,0.02979029581316419,0.0
6077,1694408640000.0,0.0,0.0,26.4,1.4811609230839375,0.0,0.0,1.5054,0.9533662612544772,1.0,3292.014721275434,1000.0,3292.6546329060184,1000.0,0.011878029620191464,0.0
6078,1694412240000.0,0.0,0.0,22.0,1.4811609230839375,0.0,0.0,1.5124,0.9533662612544772,1.0,3292.1424839738647,1000.0,3292.829743666018,1000.0,0.009897973877641353,0.0
6079,1694415840000.0,0.0,0.0,18.4,1.4811609230839375,0.0,0.0,1.50715,0.9533662612544772,1.0,3292.2470170907623,1000.0,3292.725216106018,1000.0,0.008278042577991989,0.0
6080,1694419440000.0,0.0,0.0,110.2,1.491939573364287,0.0,0.0,1.48805,0.9533662612544772,1.0,3292.219585414762,1000.0,3291.790954430018,1000.0,0.0499394820786328,0.0
6081,1694423040000.0,0.0,0.0,110.2,1.491939573364287,0.0,0.0,1.4771,0.9533662612544772,1.0,3292.219585414762,1000.0,3290.584264430018,1000.0,0.0499394820786328,0.0
6082,1694426640000.0,0.0,0.0,110.2,1.491939573364287,0.0,0.0,1.44835,0.9533662612544772,1.0,3292.219585414762,1000.0,3287.4160144300176,1000.0,0.0499394820786328,0.0
6083,1694430240000.0,0.0,0.0,278.8,1.4605903909065439,0.0,0.0,1.4208,0.9533662612544772,1.0,3292.171025242762,1000.0,3281.0774642580177,1000.0,0.12369120494118829,0.0
6084,1694433840000.0,0.0,0.0,278.8,1.4605903909065439,0.0,0.0,1.4104,0.9533662612544772,1.0,3292.171025242762,1000.0,3278.1779442580178,1000.0,0.12369120494118829,0.0
6085,1694437440000.0,0.0,0.0,278.8,1.4605903909065439,0.0,0.0,1.4277,0.9533662612544772,1.0,3292.171025242762,1000.0,3283.0011842580175,1000.0,0.12369120494118829,0.0
6086,1694441040000.0,0.0,0.0,705.5,1.4262424677317427,0.0,0.0,1.398,0.9533662612544772,1.0,3292.051224950762,1000.0,3272.1261639660174,1000.0,0.30564957597213394,0.0
6087,1694444640000.0,0.0,0.0,705.5,1.4262424677317427,0.0,0.0,1.39905,0.9533662612544772,1.0,3292.051224950762,1000.0,3272.866938966017,1000.0,0.30564957597213394,0.0
6088,1694448240000.0,0.0,0.0,705.5,1.4262424677317427,0.0,0.0,1.41255,0.9533662612544772,1.0,3292.051224950762,1000.0,3282.3911889660176,1000.0,0.30564957597213394,0.0
6089,1694451840000.0,0.0,0.0,705.5,1.4262424677317427,0.0,0.0,1.40885,0.9533662612544772,1.0,3292.051224950762,1000.0,3279.7808389660177,1000.0,0.30564957597213394,0.0
6090,1694455440000.0,0.0,0.0,705.5,1.4262424677317427,0.0,0.0,1.42525,0.9533662612544772,1.0,3292.051224950762,1000.0,3291.3510389660173,1000.0,0.30564957597213394,0.0
6091,1694459040000.0,0.0,0.0,705.5,1.4262424677317427,0.0,0.0,1.42165,0.9533662612544772,1.0,3292.051224950762,1000.0,3288.8112389660178,1000.0,0.30564957597213394,0.0
6092,1694462640000.0,0.0,0.0,705.5,1.4262424677317427,0.0,0.0,1.42395,0.9533662612544772,1.0,3292.051224950762,1000.0,3290.4338889660175,1000.0,0.30564957597213394,0.0
6093,1694466240000.0,0.0,0.0,604.8,1.4262424677317427,0.0,0.0,1.4485,0.9533662612544772,1.0,3293.4680147661757,1000.0,3306.9293702820178,1000.0,0.261909768249381,0.0
6094,1694469840000.0,0.0,0.0,504.0,1.4262424677317427,0.0,0.0,1.4501,0.9533662612544772,1.0,3296.287051298816,1000.0,3308.311247562018,1000.0,0.21807148241339103,0.0
6095,1694473440000.0,0.0,0.0,243.1,1.4262424677317427,0.0,0.0,1.45415,0.9533662612544772,1.0,3303.583545657604,1000.0,3310.3678667520176,1000.0,0.10495255806723344,0.0
6096,1694477040000.0,0.0,0.0,117.4,1.4262424677317427,0.0,0.0,1.45815,0.9533662612544772,1.0,3307.098951333724,1000.0,3310.8448956220172,1000.0,0.05063073956229195,0.0
6097,1694480640000.0,0.0,0.0,94.0,1.4262424677317427,0.0,0.0,1.46405,0.9533662612544772,1.0,3308.078565476801,1000.0,3311.632473510017,1000.0,0.04052708825174485,0.0
6098,1694484240000.0,0.0,0.0,75.2,1.4262424677317427,0.0,0.0,1.46455,0.9533662612544772,1.0,3308.8656058994443,1000.0,3311.746332326017,1000.0,0.032413958845050314,0.0
6099,1694487840000.0,0.0,0.0,16.0,1.4262424677317427,0.0,0.0,1.4759,0.9533662612544772,1.0,3311.3439459537253,1000.0,3312.1384664700176,1000.0,0.006891425311342992,0.0
6100,1694491440000.0,0.0,0.0,0.0,1.4262424677317427,0.0,0.0,1.50665,0.9533662612544772,1.0,3312.4660271200178,1000.0,3312.4660271200178,1000.0,0.0,0.0
6101,1694495040000.0,0.0,0.0,0.0,1.4262424677317427,0.0,0.0,1.49425,0.9533662612544772,1.0,3312.4660271200178,1000.0,3312.4660271200178,1000.0,0.0,0.0
6102,1694498640000.0,0.0,0.0,0.0,1.4262424677317427,0.0,0.0,1.4992,0.9533662612544772,1.0,3312.4660271200178,1000.0,3312.4660271200178,1000.0,0.0,0.0
6103,1694502240000.0,0.0,0.0,0.0,1.4262424677317427,0.0,0.0,1.50045,0.9533662612544772,1.0,3312.4660271200178,1000.0,3312.4660271200178,1000.0,0.0,0.0
6104,1694505840000.0,0.0,0.0,0.0,1.4262424677317427,0.0,0.0,1.4885,0.9533662612544772,1.0,3312.4660271200178,1000.0,3312.4660271200178,1000.0,0.0,0.0
6105,1694509440000.0,0.0,0.0,0.0,1.4262424677317427,0.0,0.0,1.4953,0.9533662612544772,1.0,3312.4660271200178,1000.0,3312.4660271200178,1000.0,0.0,0.0
6106,1694513040000.0,0.0,0.0,0.0,1.4262424677317427,0.0,0.0,1.5315,0.9533662612544772,1.0,3312.4660271200178,1000.0,3312.4660271200178,1000.0,0.0,0.0
6107,1694516640000.0,0.0,0.0,0.0,1.4262424677317427,0.0,0.0,1.5376,0.9533662612544772,1.0,3312.4660271200178,1000.0,3312.4660271200178,1000.0,0.0,0.0
6108,1694520240000.0,0.0,0.0,0.0,1.4262424677317427,0.0,0.0,1.5582,0.9533662612544772,1.0,3312.4660271200178,1000.0,3312.4660271200178,1000.0,0.0,0.0
6109,1694523840000.0,0.0,0.0,0.0,1.4262424677317427,0.0,0.0,1.537,0.9533662612544772,1.0,3312.4660271200178,1000.0,3312.4660271200178,1000.0,0.0,0.0
6110,1694527440000.0,0.0,0.0,0.0,1.4262424677317427,0.0,0.0,1.5463,0.9533662612544772,1.0,3312.4660271200178,1000.0,3312.4660271200178,1000.0,0.0,0.0
6111,1694531040000.0,0.0,0.0,0.0,1.4262424677317427,0.0,0.0,1.54635,0.9533662612544772,1.0,3312.4660271200178,1000.0,3312.4660271200178,1000.0,0.0,0.0
6112,1694534640000.0,0.0,0.0,0.0,1.4262424677317427,0.0,0.0,1.54925,0.9533662612544772,1.0,3312.4660271200178,1000.0,3312.4660271200178,1000.0,0.0,0.0
6113,1694538240000.0,0.0,0.0,108.1,1.5323,0.0,0.0,1.49835,0.9533662612544772,1.0,3312.4328987940175,1000.0,3308.7629037940173,1000.0,0.050006033347968014,0.0
6114,1694541840000.0,0.0,0.0,108.1,1.5323,0.0,0.0,1.5013,0.9533662612544772,1.0,3312.4328987940175,1000.0,3309.0817987940177,1000.0,0.050006033347968014,0.0
6115,1694545440000.0,0.0,0.0,273.5,1.5000666544789762,0.0,0.0,1.4971,0.9533662612544772,1.0,3312.3839734740177,1000.0,3311.5725934740176,1000.0,0.1238588983902467,0.0
6116,1694549040000.0,0.0,0.0,201.0,1.5000666544789762,0.0,0.0,1.5061,0.9533662612544772,1.0,3313.4519220742923,1000.0,3314.664624524018,1000.0,0.0909967624825292,0.0
6117,1694552640000.0,0.0,0.0,201.0,1.5000666544789762,0.0,0.0,1.50435,0.9533662612544772,1.0,3313.4519220742923,1000.0,3314.312874524018,1000.0,0.0909967624825292,0.0
6118,1694556240000.0,0.0,0.0,93.1,1.5000666544789762,0.0,0.0,1.51205,0.9533662612544772,1.0,3315.0413241980104,1000.0,3316.1569736660176,1000.0,0.04212804362726275,0.0
6119,1694559840000.0,0.0,0.0,109.5,1.503818712579199,0.0,0.0,1.49465,0.9533662612544772,1.0,3315.22824496144,1000.0,3314.2242709340176,1000.0,0.04967022987864824,0.0
6120,1694563440000.0,0.0,0.0,109.5,1.503818712579199,0.0,0.0,1.4944,0.9533662612544772,1.0,3315.22824496144,1000.0,3314.1968959340174,1000.0,0.04967022987864824,0.0
6121,1694567040000.0,0.0,0.0,50.8,1.503818712579199,0.0,0.0,1.5161,0.9533662612544772,1.0,3316.0956846470413,1000.0,3316.719574048018,1000.0,0.02303733000007041,0.0
6122,1694570640000.0,0.0,0.0,109.7,1.5080253041791527,0.0,0.0,1.50445,0.9533662612544772,1.0,3316.1821099244708,1000.0,3315.789899056018,1000.0,0.04988579347719264,0.0
6123,1694574240000.0,0.0,0.0,109.7,1.5080253041791527,0.0,0.0,1.49205,0.9533662612544772,1.0,3316.1821099244708,1000.0,3314.4296190560176,1000.0,0.04988579347719264,0.0
6124,1694577840000.0,0.0,0.0,109.7,1.5080253041791527,0.0,0.0,1.47525,0.9533662612544772,1.0,3316.1821099244708,1000.0,3312.5866590560177,1000.0,0.04988579347719264,0.0
6125,1694581440000.0,0.0,0.0,109.7,1.5080253041791527,0.0,0.0,1.48645,0.9533662612544772,1.0,3316.1821099244708,1000.0,3313.815299056018,1000.0,0.04988579347719264,0.0
6126,1694585040000.0,0.0,0.0,109.7,1.5080253041791527,0.0,0.0,1.46265,0.9533662612544772,1.0,3316.1821099244708,1000.0,3311.2044390560177,1000.0,0.04988579347719264,0.0
6127,1694588640000.0,0.0,0.0,109.7,1.5080253041791527,0.0,0.0,1.48755,0.9533662612544772,1.0,3316.1821099244708,1000.0,3313.9359690560177,1000.0,0.04988579347719264,0.0
6128,1694592240000.0,0.0,0.0,109.7,1.5080253041791527,0.0,0.0,1.4758,0.9533662612544772,1.0,3316.1821099244708,1000.0,3312.646994056018,1000.0,0.04988579347719264,0.0
6129,1694595840000.0,0.0,0.0,109.7,1.5080253041791527,0.0,0.0,1.49815,0.9533662612544772,1.0,3316.1821099244708,1000.0,3315.0987890560177,1000.0,0.04988579347719264,0.0
6130,1694599440000.0,0.0,0.0,109.7,1.5080253041791527,0.0,0.0,1.4997,0.9533662612544772,1.0,3316.1821099244708,1000.0,3315.268824056018,1000.0,0.04988579347719264,0.0
6131,1694603040000.0,0.0,0.0,109.7,1.5080253041791527,0.0,0.0,1.4988,0.9533662612544772,1.0,3316.1821099244708,1000.0,3315.1700940560177,1000.0,0.04988579347719264,0.0
6132,1694606640000.0,0.0,0.0,109.7,1.5080253041791527,0.0,0.0,1.5003,0.9533662612544772,1.0,3316.1821099244708,1000.0,3315.3346440560176,1000.0,0.04988579347719264,0.0
6133,1694610240000.0,0.0,0.0,109.7,1.5080253041791527,0.0,0.0,1.5093,0.9533662612544772,1.0,3316.1821099244708,1000.0,3316.321944056018,1000.0,0.04988579347719264,0.0
6134,1694613840000.0,0.0,0.0,109.7,1.5080253041791527,0.0,0.0,1.50215,0.9533662612544772,1.0,3316.1821099244708,1000.0,3315.5375890560176,1000.0,0.04988579347719264,0.0
6135,1694617440000.0,0.0,0.0,27.7,1.5080253041791527,0.0,0.0,1.5316,0.9533662612544772,1.0,3317.401454501781,1000.0,3318.054473576018,1000.0,0.012591873940694357,0.0
6136,1694621040000.0,0.0,0.0,19.3,1.5080253041791527,0.0,0.0,1.5369,0.9533662612544772,1.0,3317.649818274676,1000.0,3318.2070999040184,1000.0,0.008772742744077033,0.0
6137,1694624640000.0,0.0,0.0,13.5,1.5080253041791527,0.0,0.0,1.52765,0.9533662612544772,1.0,3317.821307546437,1000.0,3318.0862409400183,1000.0,0.0061360572855787,0.0
6138,1694628240000.0,0.0,0.0,94.0,1.5130010183067388,0.0,0.0,1.5115,0.9533662612544772,1.0,3318.0245503628516,1000.0,3317.883454642018,1000.0,0.04286348505326169,0.0
6139,1694631840000.0,0.0,0.0,94.0,1.5130010183067388,0.0,0.0,1.51265,0.9533662612544772,1.0,3318.0245503628516,1000.0,3317.9915546420184,1000.0,0.04286348505326169,0.0
6140,1694635440000.0,0.0,0.0,37.5,1.5130010183067388,0.0,0.0,1.5289,0.9533662612544772,1.0,3318.86602416852,1000.0,3319.4622359820173,1000.0,0.017095459043339128,0.0
6141,1694639040000.0,0.0,0.0,23.7,1.5130010183067388,0.0,0.0,1.53595,0.9533662612544772,1.0,3319.071552283887,1000.0,3319.615443150017,1000.0,0.01080366107479526,0.0
6142,1694642640000.0,0.0,0.0,23.7,1.5130010183067388,0.0,0.0,1.5358,0.9533662612544772,1.0,3319.071552283887,1000.0,3319.611888150017,1000.0,0.01080366107479526,0.0
6143,1694646240000.0,0.0,0.0,15.0,1.5130010183067388,0.0,0.0,1.5292,0.9533662612544772,1.0,3319.2011243566176,1000.0,3319.4441090820164,1000.0,0.006837493247415131,0.0
6144,1694649840000.0,0.0,0.0,108.9,1.5225712146428014,0.0,0.0,1.52195,0.9533662612544772,1.0,3319.1725017586177,1000.0,3319.1048514840168,1000.0,0.04995462127586017,0.0
6145,1694653440000.0,0.0,0.0,47.8,1.5225712146428014,0.0,0.0,1.5496,0.9533662612544772,1.0,3320.3955363459427,1000.0,3321.687512286017,1000.0,0.02191874530105478,0.0
6146,1694657040000.0,0.0,0.0,108.8,1.5247178681978484,0.0,0.0,1.5161,0.9533662612544772,1.0,3320.3769142659426,1000.0,3319.4392902060167,1000.0,0.04996098585892022,0.0
6147,1694660640000.0,0.0,0.0,108.8,1.5247178681978484,0.0,0.0,1.5151,0.9533662612544772,1.0,3320.3769142659426,1000.0,3319.3304902060167,1000.0,0.04996098585892022,0.0
6148,1694664240000.0,0.0,0.0,108.8,1.5247178681978484,0.0,0.0,1.51715,0.9533662612544772,1.0,3320.3769142659426,1000.0,3319.5535302060166,1000.0,0.04996098585892022,0.0
6149,1694667840000.0,0.0,0.0,108.8,1.5247178681978484,0.0,0.0,1.51345,0.9533662612544772,1.0,3320.3769142659426,1000.0,3319.1509702060166,1000.0,0.04996098585892022,0.0
6150,1694671440000.0,0.0,0.0,108.8,1.5247178681978484,0.0,0.0,1.52095,0.9533662612544772,1.0,3320.3769142659426,1000.0,3319.966970206017,1000.0,0.04996098585892022,0.0
6151,1694675040000.0,0.0,0.0,93.3,1.5247178681978484,0.0,0.0,1.53635,0.9533662612544772,1.0,3320.609013308876,1000.0,3321.6942912060167,1000.0,0.04284038757128643,0.0
6152,1694678640000.0,0.0,0.0,93.3,1.5247178681978484,0.0,0.0,1.5232,0.9533662612544772,1.0,3320.609013308876,1000.0,3320.467396206017,1000.0,0.04284038757128643,0.0
6153,1694682240000.0,0.0,0.0,93.3,1.5247178681978484,0.0,0.0,1.51215,0.9533662612544772,1.0,3320.609013308876,1000.0,3319.4364312060166,1000.0,0.04284038757128643,0.0
6154,1694685840000.0,0.0,0.0,93.3,1.5247178681978484,0.0,0.0,1.5134,0.9533662612544772,1.0,3320.609013308876,1000.0,3319.5530562060167,1000.0,0.04284038757128643,0.0
6155,1694689440000.0,0.0,0.0,93.3,1.5247178681978484,0.0,0.0,1.52245,0.9533662612544772,1.0,3320.609013308876,1000.0,3320.3974212060166,1000.0,0.04284038757128643,0.0
6156,1694693040000.0,0.0,0.0,93.3,1.5247178681978484,0.0,0.0,1.5236,0.9533662612544772,1.0,3320.609013308876,1000.0,3320.504716206017,1000.0,0.04284038757128643,0.0
6157,1694696640000.0,0.0,0.0,80.0,1.5247178681978484,0.0,0.0,1.54155,0.9533662612544772,1.0,3320.808169261845,1000.0,3322.154739806017,1000.0,0.03673124831023926,0.0
6158,1694700240000.0,0.0,0.0,43.2,1.5247178681978484,0.0,0.0,1.5327,0.9533662612544772,1.0,3321.3592173121638,1000.0,3321.7040454060166,1000.0,0.0198315832755516,0.0
6159,1694703840000.0,0.0,0.0,25.9,1.5247178681978484,0.0,0.0,1.54845,0.9533662612544772,1.0,3321.785116416341,1000.0,3322.399778630017,1000.0,0.011888244242880973,0.0
6160,1694707440000.0,0.0,0.0,22.2,1.5247178681978484,0.0,0.0,1.552,0.9533662612544772,1.0,3321.840520704009,1000.0,3322.446184030017,1000.0,0.010189753681136551,0.0
6161,1694711040000.0,0.0,0.0,13.0,1.5247178681978484,0.0,0.0,1.5513,0.9533662612544772,1.0,3322.1153353005893,1000.0,3322.4609030140173,1000.0,0.005966479271791619,0.0
6162,1694714640000.0,0.0,0.0,6.4,1.5247178681978484,0.0,0.0,1.56035,0.9533662612544772,1.0,3322.312484902484,1000.0,3322.5405305460176,1000.0,0.0029371693363614026,0.0
6163,1694718240000.0,0.0,0.0,6.4,1.5247178681978484,0.0,0.0,1.5463,0.9533662612544772,1.0,3322.312484902484,1000.0,3322.4506105460177,1000.0,0.0029371693363614026,0.0
6164,1694721840000.0,0.0,0.0,79.2,1.541255193653354,0.0,0.0,1.55195,0.9533662612544772,1.0,3322.7125416953636,1000.0,3323.559570358018,1000.0,0.036737277090802024,0.0
6165,1694725440000.0,0.0,0.0,107.6,1.5418476890087887,0.0,0.0,1.5425,0.9533662612544772,1.0,3322.7037746153637,1000.0,3322.773963278018,1000.0,0.049930063764576954,0.0
6166,1694729040000.0,0.0,0.0,107.6,1.5418476890087887,0.0,0.0,1.5442,0.9533662612544772,1.0,3322.7037746153637,1000.0,3322.9568832780183,1000.0,0.049930063764576954,0.0
6167,1694732640000.0,0.0,0.0,107.6,1.5418476890087887,0.0,0.0,1.5419,0.9533662612544772,1.0,3322.7037746153637,1000.0,3322.7094032780183,1000.0,0.049930063764576954,0.0
6168,1694736240000.0,0.0,0.0,107.6,1.5418476890087887,0.0,0.0,1.52965,0.9533662612544772,1.0,3322.7037746153637,1000.0,3321.391303278018,1000.0,0.049930063764576954,0.0
6169,1694739840000.0,0.0,0.0,107.6,1.5418476890087887,0.0,0.0,1.5185,0.9533662612544772,1.0,3322.7037746153637,1000.0,3320.191563278018,1000.0,0.049930063764576954,0.0
6170,1694743440000.0,0.0,0.0,107.6,1.5418476890087887,0.0,0.0,1.53665,0.9533662612544772,1.0,3322.7037746153637,1000.0,3322.144503278018,1000.0,0.049930063764576954,0.0
6171,1694747040000.0,0.0,0.0,107.6,1.5418476890087887,0.0,0.0,1.53345,0.9533662612544772,1.0,3322.7037746153637,1000.0,3321.8001832780183,1000.0,0.049930063764576954,0.0
6172,1694750640000.0,0.0,0.0,107.6,1.5418476890087887,0.0,0.0,1.54415,0.9533662612544772,1.0,3322.7037746153637,1000.0,3322.951503278018,1000.0,0.049930063764576954,0.0
6173,1694754240000.0,0.0,0.0,79.2,1.5418476890087887,0.0,0.0,1.557,0.9533662612544772,1.0,3323.1337747835137,1000.0,3324.3338378140174,1000.0,0.03674674125252488,0.0
6174,1694757840000.0,0.0,0.0,58.2,1.5418476890087887,0.0,0.0,1.54905,0.9533662612544772,1.0,3323.4517326543287,1000.0,3323.870907154017,1000.0,0.027000703701703155,0.0
6175,1694761440000.0,0.0,0.0,58.2,1.5418476890087887,0.0,0.0,1.5513,0.9533662612544772,1.0,3323.4517326543287,1000.0,3324.001857154017,1000.0,0.027000703701703155,0.0
6176,1694765040000.0,0.0,0.0,107.6,1.5427899210066125,0.0,0.0,1.5415,0.9533662612544772,1.0,3323.4364789223287,1000.0,3323.297683422017,1000.0,0.04994956171214101,0.0
6177,1694768640000.0,0.0,0.0,92.3,1.5427899210066125,0.0,0.0,1.5559,0.9533662612544772,1.0,3323.6690147329273,1000.0,3324.879075024017,1000.0,0.04284407053701549,0.0
6178,1694772240000.0,0.0,0.0,19.9,1.5427899210066125,0.0,0.0,1.55725,0.9533662612544772,1.0,3324.7693802680487,1000.0,3325.057135840017,1000.0,0.009234180154040152,0.0
6179,1694775840000.0,0.0,0.0,8.0,1.5427899210066125,0.0,0.0,1.56375,0.9533662612544772,1.0,3324.95024145407,1000.0,3325.1179220860167,1000.0,0.0037120313002504805,0.0
6180,1694779440000.0,0.0,0.0,107.2,1.5503158646634867,0.0,0.0,1.55875,0.9533662612544772,1.0,3324.9805195759427,1000.0,3325.884658884017,1000.0,0.04998340883907543,0.0
6181,1694783040000.0,0.0,0.0,107.1,1.5512254916011414,0.0,0.0,1.55465,0.9533662612544772,1.0,3325.7166069924992,1000.0,3326.083371842017,1000.0,0.04995502316738948,0.0
6182,1694786640000.0,0.0,0.0,107.1,1.5512254916011414,0.0,0.0,1.5594,0.9533662612544772,1.0,3325.7166069924992,1000.0,3326.592096842017,1000.0,0.04995502316738948,0.0
6183,1694790240000.0,0.0,0.0,107.0,1.552508137225019,0.0,0.0,1.55905,0.9533662612544772,1.0,3326.308666339094,1000.0,3327.008645656017,1000.0,0.04994075635978348,0.0
6184,1694793840000.0,0.0,0.0,91.8,1.552508137225019,0.0,0.0,1.5743,0.9533662612544772,1.0,3326.5408956292736,1000.0,3328.5413886320166,1000.0,0.042843377390764506,0.0
6185,1694797440000.0,0.0,0.0,78.7,1.552508137225019,0.0,0.0,1.5783,0.9533662612544772,1.0,3326.7410406096255,1000.0,3328.7708602100165,1000.0,0.036727352357194314,0.0
6186,1694801040000.0,0.0,0.0,65.6,1.552508137225019,0.0,0.0,1.57605,0.9533662612544772,1.0,3327.1389560279777,1000.0,3328.6833022260166,1000.0,0.030610243559994203,0.0
6187,1694804640000.0,0.0,0.0,106.3,1.5570995653994473,0.0,0.0,1.57265,0.9533662612544772,1.0,3327.1262209979777,1000.0,3328.7792321960164,1000.0,0.049748543580145056,0.0
6188,1694808240000.0,0.0,0.0,91.2,1.5570995653994473,0.0,0.0,1.5755,0.9533662612544772,1.0,3327.3570380064457,1000.0,3329.035157642016,1000.0,0.04267876237577198,0.0
6189,1694811840000.0,0.0,0.0,76.0,1.5570995653994473,0.0,0.0,1.5869,0.9533662612544772,1.0,3327.8203773963737,1000.0,3330.0852104260157,1000.0,0.035560683435367606,0.0
6190,1694815440000.0,0.0,0.0,35.4,1.5570995653994473,0.0,0.0,1.59415,0.9533662612544772,1.0,3329.2494629891567,1000.0,3330.561048374016,1000.0,0.016556681987311913,0.0
6191,1694819040000.0,0.0,0.0,13.7,1.5570995653994473,0.0,0.0,1.60945,0.9533662612544772,1.0,3330.348613381989,1000.0,3331.0658143360165,1000.0,0.006405414724529209,0.0
6192,1694822640000.0,0.0,0.0,1.1,1.5570995653994473,0.0,0.0,1.59805,0.9533662612544772,1.0,3330.9241790459555,1000.0,3330.969224524016,1000.0,0.0005142145032043256,0.0
6193,1694826240000.0,0.0,0.0,0.8,1.5570995653994473,0.0,0.0,1.6066,0.9533662612544772,1.0,3330.9378829903353,1000.0,3330.9774833380156,1000.0,0.00037397264556649564,0.0
6194,1694829840000.0,0.0,0.0,0.5,1.5570995653994473,0.0,0.0,1.60625,0.9533662612544772,1.0,3330.9515869347147,1000.0,3330.976162152015,1000.0,0.00023373194187315666,0.0
6195,1694833440000.0,0.0,0.0,0.1,1.5570995653994473,0.0,0.0,1.6159,0.9533662612544772,1.0,3330.975937644555,1000.0,3330.981817688015,1000.0,4.6746046640628835e-05,0.0
6196,1694837040000.0,0.0,0.0,104.2,1.5984,0.0,0.0,1.5974,0.9533662612544772,1.0,3330.948714666015,1000.0,3330.8445146660147,1000.0,0.05000175453517898,0.0
6197,1694840640000.0,0.0,0.0,89.4,1.5984,0.0,0.0,1.6126,0.9533662612544772,1.0,3331.180736042015,1000.0,3332.4502160420147,1000.0,0.042896789854093856,0.0
6198,1694844240000.0,0.0,0.0,89.4,1.5984,0.0,0.0,1.6144,0.9533662612544772,1.0,3331.180736042015,1000.0,3332.611136042015,1000.0,0.042896789854093856,0.0
6199,1694847840000.0,0.0,0.0,104.0,1.6002176923076923,0.0,0.0,1.6042,0.9533662612544772,1.0,3331.8056859460153,1000.0,3332.219845946015,1000.0,0.0499496836511181,0.0
6200,1694851440000.0,0.0,0.0,104.0,1.6002176923076923,0.0,0.0,1.5917,0.9533662612544772,1.0,3331.8056859460153,1000.0,3330.9198459460154,1000.0,0.0499496836511181,0.0
6201,1694855040000.0,0.0,0.0,104.0,1.6002176923076923,0.0,0.0,1.59385,0.9533662612544772,1.0,3331.8056859460153,1000.0,3331.143445946015,1000.0,0.0499496836511181,0.0
6202,1694858640000.0,0.0,0.0,104.0,1.6002176923076923,0.0,0.0,1.5872,0.9533662612544772,1.0,3331.8056859460153,1000.0,3330.451845946015,1000.0,0.0499496836511181,0.0
6203,1694862240000.0,0.0,0.0,104.0,1.6002176923076923,0.0,0.0,1.584,0.9533662612544772,1.0,3331.8056859460153,1000.0,3330.1190459460154,1000.0,0.0499496836511181,0.0
6204,1694865840000.0,0.0,0.0,104.0,1.6002176923076923,0.0,0.0,1.58565,0.9533662612544772,1.0,3331.8056859460153,1000.0,3330.2906459460155,1000.0,0.0499496836511181,0.0
6205,1694869440000.0,0.0,0.0,104.0,1.6002176923076923,0.0,0.0,1.59815,0.9533662612544772,1.0,3331.8056859460153,1000.0,3331.5906459460152,1000.0,0.0499496836511181,0.0
6206,1694873040000.0,0.0,0.0,104.0,1.6002176923076923,0.0,0.0,1.58965,0.9533662612544772,1.0,3331.8056859460153,1000.0,3330.706645946015,1000.0,0.0499496836511181,0.0
6207,1694876640000.0,0.0,0.0,104.0,1.6002176923076923,0.0,0.0,1.58135,0.9533662612544772,1.0,3331.8056859460153,1000.0,3329.8434459460154,1000.0,0.0499496836511181,0.0
6208,1694880240000.0,0.0,0.0,104.0,1.6002176923076923,0.0,0.0,1.58945,0.9533662612544772,1.0,3331.8056859460153,1000.0,3330.6858459460154,1000.0,0.0499496836511181,0.0
6209,1694883840000.0,0.0,0.0,104.0,1.6002176923076923,0.0,0.0,1.5926,0.9533662612544772,1.0,3331.8056859460153,1000.0,3331.013445946015,1000.0,0.0499496836511181,0.0
6210,1694887440000.0,0.0,0.0,104.0,1.6002176923076923,0.0,0.0,1.6021,0.9533662612544772,1.0,3331.8056859460153,1000.0,3332.0014459460153,1000.0,0.0499496836511181,0.0
6211,1694891040000.0,0.0,0.0,104.0,1.6002176923076923,0.0,0.0,1.59785,0.9533662612544772,1.0,3331.8056859460153,1000.0,3331.5594459460153,1000.0,0.0499496836511181,0.0
6212,1694894640000.0,0.0,0.0,104.0,1.6002176923076923,0.0,0.0,1.589,0.9533662612544772,1.0,3331.8056859460153,1000.0,3330.6390459460154,1000.0,0.0499496836511181,0.0
6213,1694898240000.0,0.0,0.0,104.0,1.6002176923076923,0.0,0.0,1.5945,0.9533662612544772,1.0,3331.8056859460153,1000.0,3331.2110459460155,1000.0,0.0499496836511181,0.0
6214,1694901840000.0,0.0,0.0,104.0,1.6002176923076923,0.0,0.0,1.60235,0.9533662612544772,1.0,3331.8056859460153,1000.0,3332.027445946015,1000.0,0.0499496836511181,0.0
6215,1694905440000.0,0.0,0.0,104.0,1.6002176923076923,0.0,0.0,1.61135,0.9533662612544772,1.0,3331.8056859460153,1000.0,3332.9634459460153,1000.0,0.0499496836511181,0.0
6216,1694909040000.0,0.0,0.0,65.6,1.6002176923076923,0.0,0.0,1.60855,0.9533662612544772,1.0,3332.4108333774,1000.0,3332.9574327620157,1000.0,0.03150100208652638,0.0
6217,1694912640000.0,0.0,0.0,104.2,1.5998777410305625,0.0,0.0,1.58405,0.9533662612544772,1.0,3332.3984867814,1000.0,3330.7492361660156,1000.0,0.05002620823309729,0.0
6218,1694916240000.0,0.0,0.0,104.2,1.5998777410305625,0.0,0.0,1.57855,0.9533662612544772,1.0,3332.3984867814,1000.0,3330.1761361660156,1000.0,0.05002620823309729,0.0
6219,1694919840000.0,0.0,0.0,104.2,1.5998777410305625,0.0,0.0,1.58445,0.9533662612544772,1.0,3332.3984867814,1000.0,3330.7909161660154,1000.0,0.05002620823309729,0.0
6220,1694923440000.0,0.0,0.0,104.2,1.5998777410305625,0.0,0.0,1.5885,0.9533662612544772,1.0,3332.3984867814,1000.0,3331.2129261660157,1000.0,0.05002620823309729,0.0
6221,1694927040000.0,0.0,0.0,104.2,1.5998777410305625,0.0,0.0,1.586,0.9533662612544772,1.0,3332.3984867814,1000.0,3330.9524261660154,1000.0,0.05002620823309729,0.0
6222,1694930640000.0,0.0,0.0,104.2,1.5998777410305625,0.0,0.0,1.584,0.9533662612544772,1.0,3332.3984867814,1000.0,3330.7440261660154,1000.0,0.05002620823309729,0.0
6223,1694934240000.0,0.0,0.0,104.2,1.5998777410305625,0.0,0.0,1.58945,0.9533662612544772,1.0,3332.3984867814,1000.0,3331.3119161660156,1000.0,0.05002620823309729,0.0
6224,1694937840000.0,0.0,0.0,104.2,1.5998777410305625,0.0,0.0,1.59645,0.9533662612544772,1.0,3332.3984867814,1000.0,3332.0413161660153,1000.0,0.05002620823309729,0.0
6225,1694941440000.0,0.0,0.0,104.2,1.5998777410305625,0.0,0.0,1.58955,0.9533662612544772,1.0,3332.3984867814,1000.0,3331.3223361660157,1000.0,0.05002620823309729,0.0
6226,1694945040000.0,0.0,0.0,104.2,1.5998777410305625,0.0,0.0,1.6,0.9533662612544772,1.0,3332.3984867814,1000.0,3332.4112261660157,1000.0,0.05002620823309729,0.0
6227,1694948640000.0,0.0,0.0,104.2,1.5998777410305625,0.0,0.0,1.6005,0.9533662612544772,1.0,3332.3984867814,1000.0,3332.4633261660156,1000.0,0.05002620823309729,0.0
6228,1694952240000.0,0.0,0.0,104.2,1.5998777410305625,0.0,0.0,1.5964,0.9533662612544772,1.0,3332.3984867814,1000.0,3332.0361061660155,1000.0,0.05002620823309729,0.0
6229,1694955840000.0,0.0,0.0,104.2,1.5998777410305625,0.0,0.0,1.58995,0.9533662612544772,1.0,3332.3984867814,1000.0,3331.3640161660155,1000.0,0.05002620823309729,0.0
6230,1694959440000.0,0.0,0.0,104.2,1.5998777410305625,0.0,0.0,1.58815,0.9533662612544772,1.0,3332.3984867814,1000.0,3331.1764561660157,1000.0,0.05002620823309729,0.0
6231,1694963040000.0,0.0,0.0,104.2,1.5998777410305625,0.0,0.0,1.59095,0.9533662612544772,1.0,3332.3984867814,1000.0,3331.4682161660157,1000.0,0.05002620823309729,0.0
6232,1694966640000.0,0.0,0.0,104.2,1.5998777410305625,0.0,0.0,1.5836,0.9533662612544772,1.0,3332.3984867814,1000.0,3330.7023461660156,1000.0,0.05002620823309729,0.0
6233,1694970240000.0,0.0,0.0,104.2,1.5998777410305625,0.0,0.0,1.5596,0.9533662612544772,1.0,3332.3984867814,1000.0,3328.2015461660158,1000.0,0.05002620823309729,0.0
6234,1694973840000.0,0.0,0.0,104.2,1.5998777410305625,0.0,0.0,1.5602,0.9533662612544772,1.0,3332.3984867814,1000.0,3328.2640661660157,1000.0,0.05002620823309729,0.0
6235,1694977440000.0,0.0,0.0,104.2,1.5998777410305625,0.0,0.0,1.56995,0.9533662612544772,1.0,3332.3984867814,1000.0,3329.2800161660157,1000.0,0.05002620823309729,0.0
6236,1694981040000.0,0.0,0.0,104.2,1.5998777410305625,0.0,0.0,1.56575,0.9533662612544772,1.0,3332.3984867814,1000.0,3328.8423761660156,1000.0,0.05002620823309729,0.0
6237,1694984640000.0,0.0,0.0,263.7,1.5662613220151105,0.0,0.0,1.5511,0.9533662612544772,1.0,3332.3492236114002,1000.0,3328.3511829960157,1000.0,0.12394352539310839,0.0
6238,1694988240000.0,0.0,0.0,263.7,1.5662613220151105,0.0,0.0,1.5555,0.9533662612544772,1.0,3332.3492236114002,1000.0,3329.511462996016,1000.0,0.12394352539310839,0.0
6239,1694991840000.0,0.0,0.0,263.7,1.5662613220151105,0.0,0.0,1.5518,0.9533662612544772,1.0,3332.3492236114002,1000.0,3328.5357729960156,1000.0,0.12394352539310839,0.0
6240,1694995440000.0,0.0,0.0,263.7,1.5662613220151105,0.0,0.0,1.5651,0.9533662612544772,1.0,3332.3492236114002,1000.0,3332.042982996016,1000.0,0.12394352539310839,0.0
6241,1694999040000.0,0.0,0.0,263.7,1.5662613220151105,0.0,0.0,1.54045,0.9533662612544772,1.0,3332.3492236114002,1000.0,3325.5427779960155,1000.0,0.12394352539310839,0.0
6242,1695002640000.0,0.0,0.0,263.7,1.5662613220151105,0.0,0.0,1.555,0.9533662612544772,1.0,3332.3492236114002,1000.0,3329.3796129960156,1000.0,0.12394352539310839,0.0
6243,1695006240000.0,0.0,0.0,193.8,1.5662613220151105,0.0,0.0,1.56705,0.9533662612544772,1.0,3333.427240842544,1000.0,3333.5800866360155,1000.0,0.09105986790034346,0.0
6244,1695009840000.0,0.0,0.0,193.8,1.5662613220151105,0.0,0.0,1.5773,0.9533662612544772,1.0,3333.427240842544,1000.0,3335.566536636016,1000.0,0.09105986790034346,0.0
6245,1695013440000.0,0.0,0.0,166.2,1.5662613220151105,0.0,0.0,1.5863,0.9533662612544772,1.0,3333.852895714927,1000.0,3337.1833239960156,1000.0,0.0780816190340902,0.0
6246,1695017040000.0,0.0,0.0,138.5,1.5662613220151105,0.0,0.0,1.58785,0.9533662612544772,1.0,3334.7038180531085,1000.0,3337.6938499540156,1000.0,0.06505141233974442,0.0
6247,1695020640000.0,0.0,0.0,118.8,1.5662613220151105,0.0,0.0,1.58155,0.9533662612544772,1.0,3335.0076369294106,1000.0,3336.8239318740157,1000.0,0.05579352892478356,0.0
6248,1695024240000.0,0.0,0.0,75.0,1.5662613220151105,0.0,0.0,1.5875,0.9533662612544772,1.0,3335.6831327051486,1000.0,3337.276033554015,1000.0,0.03521605454648464,0.0
6249,1695027840000.0,0.0,0.0,75.0,1.5662613220151105,0.0,0.0,1.5928,0.9533662612544772,1.0,3335.6831327051486,1000.0,3337.673533554015,1000.0,0.03521605454648464,0.0
6250,1695031440000.0,0.0,0.0,36.3,1.5662613220151105,0.0,0.0,1.60065,0.9533662612544772,1.0,3336.8719664411647,1000.0,3338.1202754520164,1000.0,0.01703849789891271,0.0
6251,1695035040000.0,0.0,0.0,2.4,1.5662613220151105,0.0,0.0,1.61605,0.9533662612544772,1.0,3338.2613583148513,1000.0,3338.380851142015,1000.0,0.0011260434008479837,0.0
6252,1695038640000.0,0.0,0.0,0.6,1.5662613220151105,0.0,0.0,1.6134,0.9533662612544772,1.0,3338.3440074352234,1000.0,3338.3722906420144,1000.0,0.00028150388070133635,0.0
6253,1695042240000.0,0.0,0.0,0.0,1.5662613220151105,0.0,0.0,1.63025,0.9533662612544772,1.0,3338.373086836013,1000.0,3338.373086836013,1000.0,0.0,0.0
6254,1695045840000.0,0.0,0.0,104.5,1.5976,0.0,0.0,1.6041,0.9533662612544772,1.0,3338.339696996013,1000.0,3339.0189469960133,1000.0,0.05000965005155956,0.0
6255,1695049440000.0,0.0,0.0,76.8,1.5976,0.0,0.0,1.617,0.9533662612544772,1.0,3338.7739576520135,1000.0,3340.2638776520134,1000.0,0.03674872320086188,0.0
6256,1695053040000.0,0.0,0.0,26.3,1.5976,0.0,0.0,1.60785,0.9533662612544772,1.0,3339.565660292013,1000.0,3339.835235292013,1000.0,0.012581540318128085,0.0
6257,1695056640000.0,0.0,0.0,104.2,1.6013380038387715,0.0,0.0,1.60115,0.9533662612544772,1.0,3339.5406917840132,1000.0,3339.5211017840134,1000.0,0.049964781207939755,0.0
6258,1695060240000.0,0.0,0.0,89.4,1.6013380038387715,0.0,0.0,1.5859,0.9533662612544772,1.0,3339.7736218231994,1000.0,3338.393464280013,1000.0,0.0428650662451291,0.0
6259,1695063840000.0,0.0,0.0,89.4,1.6013380038387715,0.0,0.0,1.5837,0.9533662612544772,1.0,3339.7736218231994,1000.0,3338.196784280013,1000.0,0.0428650662451291,0.0
6260,1695067440000.0,0.0,0.0,89.4,1.6013380038387715,0.0,0.0,1.58525,0.9533662612544772,1.0,3339.7736218231994,1000.0,3338.3353542800132,1000.0,0.0428650662451291,0.0
6261,1695071040000.0,0.0,0.0,89.4,1.6013380038387715,0.0,0.0,1.5718,0.9533662612544772,1.0,3339.7736218231994,1000.0,3337.1329242800134,1000.0,0.0428650662451291,0.0
6262,1695074640000.0,0.0,0.0,89.4,1.6013380038387715,0.0,0.0,1.5809,0.9533662612544772,1.0,3339.7736218231994,1000.0,3337.946464280013,1000.0,0.0428650662451291,0.0
6263,1695078240000.0,0.0,0.0,89.4,1.6013380038387715,0.0,0.0,1.5776,0.9533662612544772,1.0,3339.7736218231994,1000.0,3337.651444280013,1000.0,0.0428650662451291,0.0
6264,1695081840000.0,0.0,0.0,89.4,1.6013380038387715,0.0,0.0,1.5728,0.9533662612544772,1.0,3339.7736218231994,1000.0,3337.2223242800133,1000.0,0.0428650662451291,0.0
6265,1695085440000.0,0.0,0.0,89.4,1.6013380038387715,0.0,0.0,1.55805,0.9533662612544772,1.0,3339.7736218231994,1000.0,3335.903674280013,1000.0,0.0428650662451291,0.0
6266,1695089040000.0,0.0,0.0,89.4,1.6013380038387715,0.0,0.0,1.55935,0.9533662612544772,1.0,3339.7736218231994,1000.0,3336.0198942800134,1000.0,0.0428650662451291,0.0
6267,1695092640000.0,0.0,0.0,89.4,1.6013380038387715,0.0,0.0,1.57335,0.9533662612544772,1.0,3339.7736218231994,1000.0,3337.271494280013,1000.0,0.0428650662451291,0.0
6268,1695096240000.0,0.0,0.0,89.4,1.6013380038387715,0.0,0.0,1.57255,0.9533662612544772,1.0,3339.7736218231994,1000.0,3337.199974280013,1000.0,0.0428650662451291,0.0
6269,1695099840000.0,0.0,0.0,89.4,1.6013380038387715,0.0,0.0,1.57785,0.9533662612544772,1.0,3339.7736218231994,1000.0,3337.673794280013,1000.0,0.0428650662451291,0.0
6270,1695103440000.0,0.0,0.0,89.4,1.6013380038387715,0.0,0.0,1.5793,0.9533662612544772,1.0,3339.7736218231994,1000.0,3337.803424280013,1000.0,0.0428650662451291,0.0
6271,1695107040000.0,0.0,0.0,89.4,1.6013380038387715,0.0,0.0,1.58615,0.9533662612544772,1.0,3339.7736218231994,1000.0,3338.4158142800134,1000.0,0.0428650662451291,0.0
6272,1695110640000.0,0.0,0.0,89.4,1.6013380038387715,0.0,0.0,1.6105,0.9533662612544772,1.0,3339.7736218231994,1000.0,3340.592704280013,1000.0,0.0428650662451291,0.0
6273,1695114240000.0,0.0,0.0,65.8,1.6013380038387715,0.0,0.0,1.62075,0.9533662612544772,1.0,3340.1450508046046,1000.0,3341.4223601520134,1000.0,0.03154594757111196,0.0
6274,1695117840000.0,0.0,0.0,41.5,1.6013380038387715,0.0,0.0,1.5987,0.9533662612544772,1.0,3340.5274967473224,1000.0,3340.4180195880135,1000.0,0.019893722540531962,0.0
6275,1695121440000.0,0.0,0.0,104.9,1.5959964457512774,0.0,0.0,1.59435,0.9533662612544772,1.0,3340.5073038473224,1000.0,3340.3345916880135,1000.0,0.05011814432092046,0.0
6276,1695125040000.0,0.0,0.0,104.9,1.5959964457512774,0.0,0.0,1.5969,0.9533662612544772,1.0,3340.5073038473224,1000.0,3340.6020866880135,1000.0,0.05011814432092046,0.0
6277,1695128640000.0,0.0,0.0,104.9,1.5959964457512774,0.0,0.0,1.59335,0.9533662612544772,1.0,3340.5073038473224,1000.0,3340.2296916880136,1000.0,0.05011814432092046,0.0
6278,1695132240000.0,0.0,0.0,104.9,1.5959964457512774,0.0,0.0,1.5882,0.9533662612544772,1.0,3340.5073038473224,1000.0,3339.6894566880133,1000.0,0.05011814432092046,0.0
6279,1695135840000.0,0.0,0.0,104.9,1.5959964457512774,0.0,0.0,1.6082,0.9533662612544772,1.0,3340.5073038473224,1000.0,3341.787456688013,1000.0,0.05011814432092046,0.0
6280,1695139440000.0,0.0,0.0,35.9,1.5959964457512774,0.0,0.0,1.6165,0.9533662612544772,1.0,3341.5893034904857,1000.0,3342.3253810880146,1000.0,0.01714641363695459,0.0
6281,1695143040000.0,0.0,0.0,104.4,1.5988188748001853,0.0,0.0,1.59845,0.9533662612544772,1.0,3341.645725377154,1000.0,3341.607214848015,1000.0,0.04995044485462334,0.0
6282,1695146640000.0,0.0,0.0,104.4,1.5988188748001853,0.0,0.0,1.60075,0.9533662612544772,1.0,3341.645725377154,1000.0,3341.8473348480147,1000.0,0.04995044485462334,0.0
6283,1695150240000.0,0.0,0.0,104.4,1.5988188748001853,0.0,0.0,1.60725,0.9533662612544772,1.0,3341.645725377154,1000.0,3342.525934848015,1000.0,0.04995044485462334,0.0
6284,1695153840000.0,0.0,0.0,104.4,1.5988188748001853,0.0,0.0,1.598,0.9533662612544772,1.0,3341.645725377154,1000.0,3341.5602348480147,1000.0,0.04995044485462334,0.0
6285,1695157440000.0,0.0,0.0,104.4,1.5988188748001853,0.0,0.0,1.59485,0.9533662612544772,1.0,3341.645725377154,1000.0,3341.2313748480146,1000.0,0.04995044485462334,0.0
6286,1695161040000.0,0.0,0.0,104.4,1.5988188748001853,0.0,0.0,1.6062,0.9533662612544772,1.0,3341.645725377154,1000.0,3342.4163148480147,1000.0,0.04995044485462334,0.0
6287,1695164640000.0,0.0,0.0,104.4,1.5988188748001853,0.0,0.0,1.6072,0.9533662612544772,1.0,3341.645725377154,1000.0,3342.520714848015,1000.0,0.04995044485462334,0.0
6288,1695168240000.0,0.0,0.0,104.4,1.5988188748001853,0.0,0.0,1.602,0.9533662612544772,1.0,3341.645725377154,1000.0,3341.977834848015,1000.0,0.04995044485462334,0.0
6289,1695171840000.0,0.0,0.0,104.4,1.5988188748001853,0.0,0.0,1.60535,0.9533662612544772,1.0,3341.645725377154,1000.0,3342.3275748480146,1000.0,0.04995044485462334,0.0
6290,1695175440000.0,0.0,0.0,104.4,1.5988188748001853,0.0,0.0,1.6106,0.9533662612544772,1.0,3341.645725377154,1000.0,3342.8756748480146,1000.0,0.04995044485462334,0.0
6291,1695179040000.0,0.0,0.0,104.4,1.5988188748001853,0.0,0.0,1.59645,0.9533662612544772,1.0,3341.645725377154,1000.0,3341.398414848015,1000.0,0.04995044485462334,0.0
6292,1695182640000.0,0.0,0.0,104.4,1.5988188748001853,0.0,0.0,1.59445,0.9533662612544772,1.0,3341.645725377154,1000.0,3341.1896148480146,1000.0,0.04995044485462334,0.0
6293,1695186240000.0,0.0,0.0,104.4,1.5988188748001853,0.0,0.0,1.5955,0.9533662612544772,1.0,3341.645725377154,1000.0,3341.2992348480147,1000.0,0.04995044485462334,0.0
6294,1695189840000.0,0.0,0.0,104.4,1.5988188748001853,0.0,0.0,1.5826,0.9533662612544772,1.0,3341.645725377154,1000.0,3339.952474848015,1000.0,0.04995044485462334,0.0
6295,1695193440000.0,0.0,0.0,104.4,1.5988188748001853,0.0,0.0,1.59535,0.9533662612544772,1.0,3341.645725377154,1000.0,3341.2835748480147,1000.0,0.04995044485462334,0.0
6296,1695197040000.0,0.0,0.0,104.4,1.5988188748001853,0.0,0.0,1.59335,0.9533662612544772,1.0,3341.645725377154,1000.0,3341.074774848015,1000.0,0.04995044485462334,0.0
6297,1695200640000.0,0.0,0.0,104.4,1.5988188748001853,0.0,0.0,1.60195,0.9533662612544772,1.0,3341.645725377154,1000.0,3341.972614848015,1000.0,0.04995044485462334,0.0
6298,1695204240000.0,0.0,0.0,104.4,1.5988188748001853,0.0,0.0,1.583,0.9533662612544772,1.0,3341.645725377154,1000.0,3339.994234848015,1000.0,0.04995044485462334,0.0
6299,1695207840000.0,0.0,0.0,104.4,1.5988188748001853,0.0,0.0,1.59285,0.9533662612544772,1.0,3341.645725377154,1000.0,3341.0225748480148,1000.0,0.04995044485462334,0.0
6300,1695211440000.0,0.0,0.0,104.4,1.5988188748001853,0.0,0.0,1.5939,0.9533662612544772,1.0,3341.645725377154,1000.0,3341.132194848015,1000.0,0.04995044485462334,0.0
6301,1695215040000.0,0.0,0.0,104.4,1.5988188748001853,0.0,0.0,1.59185,0.9533662612544772,1.0,3341.645725377154,1000.0,3340.9181748480146,1000.0,0.04995044485462334,0.0
6302,1695218640000.0,0.0,0.0,104.4,1.5988188748001853,0.0,0.0,1.60695,0.9533662612544772,1.0,3341.645725377154,1000.0,3342.494614848015,1000.0,0.04995044485462334,0.0
6303,1695222240000.0,0.0,0.0,104.4,1.5988188748001853,0.0,0.0,1.59335,0.9533662612544772,1.0,3341.645725377154,1000.0,3341.074774848015,1000.0,0.04995044485462334,0.0
6304,1695225840000.0,0.0,0.0,104.4,1.5988188748001853,0.0,0.0,1.59975,0.9533662612544772,1.0,3341.645725377154,1000.0,3341.7429348480146,1000.0,0.04995044485462334,0.0
6305,1695229440000.0,0.0,0.0,104.4,1.5988188748001853,0.0,0.0,1.60595,0.9533662612544772,1.0,3341.645725377154,1000.0,3342.3902148480147,1000.0,0.04995044485462334,0.0
6306,1695233040000.0,0.0,0.0,76.8,1.5988188748001853,0.0,0.0,1.6123,0.9533662612544772,1.0,3342.080650184669,1000.0,3343.116000600015,1000.0,0.03674037297031399,0.0
6307,1695236640000.0,0.0,0.0,25.7,1.5988188748001853,0.0,0.0,1.6086,0.9533662612544772,1.0,3343.0106664443792,1000.0,3343.2620413620143,1000.0,0.012291209685569937,0.0
6308,1695240240000.0,0.0,0.0,104.3,1.6016683133496141,0.0,0.0,1.6002,0.9533662612544772,1.0,3342.9854735723793,1000.0,3342.8323284900143,1000.0,0.04997150194130146,0.0
6309,1695243840000.0,0.0,0.0,104.3,1.6016683133496141,0.0,0.0,1.6074,0.9533662612544772,1.0,3342.9854735723793,1000.0,3343.5832884900146,1000.0,0.04997150194130146,0.0
6310,1695247440000.0,0.0,0.0,35.6,1.6016683133496141,0.0,0.0,1.61905,0.9533662612544772,1.0,3344.0646232472604,1000.0,3344.683411292014,1000.0,0.017050924063745358,0.0
6311,1695251040000.0,0.0,0.0,12.4,1.6016683133496141,0.0,0.0,1.61455,0.9533662612544772,1.0,3344.4290522495503,1000.0,3344.588785164015,1000.0,0.005938438751504206,0.0
6312,1695254640000.0,0.0,0.0,10.7,1.6016683133496141,0.0,0.0,1.61545,0.9533662612544772,1.0,3344.455756098856,1000.0,3344.6032201460152,1000.0,0.005124257039905152,0.0
6313,1695258240000.0,0.0,0.0,4.0,1.6016683133496141,0.0,0.0,1.6266,0.9533662612544772,1.0,3344.6049518894138,1000.0,3344.704678636015,1000.0,0.0019155246570388643,0.0
6314,1695261840000.0,0.0,0.0,2.1,1.6016683133496141,0.0,0.0,1.63675,0.9533662612544772,1.0,3344.656772972049,1000.0,3344.730444514015,1000.0,0.0010056348637069248,0.0
6315,1695265440000.0,0.0,0.0,103.4,1.6166886214510074,0.0,0.0,1.62205,0.9533662612544772,1.0,3344.624012552049,1000.0,3345.178379094015,1000.0,0.049980387281403804,0.0
6316,1695269040000.0,0.0,0.0,65.3,1.6166886214510074,0.0,0.0,1.6405,0.9533662612544772,1.0,3345.2292233767657,1000.0,3346.784106396015,1000.0,0.03155830585330884,0.0
6317,1695272640000.0,0.0,0.0,18.5,1.6166886214510074,0.0,0.0,1.6555,0.9533662612544772,1.0,3346.711924060859,1000.0,3347.429934564015,1000.0,0.008936753498805102,0.0
6318,1695276240000.0,0.0,0.0,10.9,1.6166886214510074,0.0,0.0,1.65095,0.9533662612544772,1.0,3346.9527045138316,1000.0,3347.3261535400156,1000.0,0.005265059751232932,0.0
6319,1695279840000.0,0.0,0.0,6.6,1.6166886214510074,0.0,0.0,1.63955,0.9533662612544772,1.0,3347.0731387195924,1000.0,3347.2240238180157,1000.0,0.0031879031199355456,0.0
6320,1695283440000.0,0.0,0.0,102.5,1.6314318550465439,0.0,0.0,1.63175,0.9533662612544772,1.0,3347.0558337102866,1000.0,3347.088443568016,1000.0,0.04996085319464231,0.0
6321,1695287040000.0,0.0,0.0,102.5,1.6314318550465439,0.0,0.0,1.62095,0.9533662612544772,1.0,3347.0558337102866,1000.0,3345.981443568016,1000.0,0.04996085319464231,0.0
6322,1695290640000.0,0.0,0.0,102.5,1.6314318550465439,0.0,0.0,1.6133,0.9533662612544772,1.0,3347.0558337102866,1000.0,3345.197318568016,1000.0,0.04996085319464231,0.0
6323,1695294240000.0,0.0,0.0,102.5,1.6314318550465439,0.0,0.0,1.5993,0.9533662612544772,1.0,3347.0558337102866,1000.0,3343.762318568016,1000.0,0.04996085319464231,0.0
6324,1695297840000.0,0.0,0.0,102.5,1.6314318550465439,0.0,0.0,1.6129,0.9533662612544772,1.0,3347.0558337102866,1000.0,3345.1563185680156,1000.0,0.04996085319464231,0.0
6325,1695301440000.0,0.0,0.0,102.5,1.6314318550465439,0.0,0.0,1.62145,0.9533662612544772,1.0,3347.0558337102866,1000.0,3346.032693568016,1000.0,0.04996085319464231,0.0
6326,1695305040000.0,0.0,0.0,102.5,1.6314318550465439,0.0,0.0,1.6107,0.9533662612544772,1.0,3347.0558337102866,1000.0,3344.9308185680156,1000.0,0.04996085319464231,0.0
6327,1695308640000.0,0.0,0.0,102.5,1.6314318550465439,0.0,0.0,1.61855,0.9533662612544772,1.0,3347.0558337102866,1000.0,3345.735443568016,1000.0,0.04996085319464231,0.0
6328,1695312240000.0,0.0,0.0,102.5,1.6314318550465439,0.0,0.0,1.6093,0.9533662612544772,1.0,3347.0558337102866,1000.0,3344.787318568016,1000.0,0.04996085319464231,0.0
6329,1695315840000.0,0.0,0.0,102.5,1.6314318550465439,0.0,0.0,1.6056,0.9533662612544772,1.0,3347.0558337102866,1000.0,3344.408068568016,1000.0,0.04996085319464231,0.0
6330,1695319440000.0,0.0,0.0,102.5,1.6314318550465439,0.0,0.0,1.5985,0.9533662612544772,1.0,3347.0558337102866,1000.0,3343.680318568016,1000.0,0.04996085319464231,0.0
6331,1695323040000.0,0.0,0.0,102.5,1.6314318550465439,0.0,0.0,1.60435,0.9533662612544772,1.0,3347.0558337102866,1000.0,3344.279943568016,1000.0,0.04996085319464231,0.0
6332,1695326640000.0,0.0,0.0,102.5,1.6314318550465439,0.0,0.0,1.6079,0.9533662612544772,1.0,3347.0558337102866,1000.0,3344.643818568016,1000.0,0.04996085319464231,0.0
6333,1695330240000.0,0.0,0.0,102.5,1.6314318550465439,0.0,0.0,1.6012,0.9533662612544772,1.0,3347.0558337102866,1000.0,3343.957068568016,1000.0,0.04996085319464231,0.0
6334,1695333840000.0,0.0,0.0,102.5,1.6314318550465439,0.0,0.0,1.60325,0.9533662612544772,1.0,3347.0558337102866,1000.0,3344.167193568016,1000.0,0.04996085319464231,0.0
6335,1695337440000.0,0.0,0.0,102.5,1.6314318550465439,0.0,0.0,1.604,0.9533662612544772,1.0,3347.0558337102866,1000.0,3344.244068568016,1000.0,0.04996085319464231,0.0
6336,1695341040000.0,0.0,0.0,102.5,1.6314318550465439,0.0,0.0,1.5993,0.9533662612544772,1.0,3347.0558337102866,1000.0,3343.762318568016,1000.0,0.04996085319464231,0.0
6337,1695344640000.0,0.0,0.0,259.4,1.5971171747967263,0.0,0.0,1.5874,0.9533662612544772,1.0,3347.0064196242865,1000.0,3344.485784482016,1000.0,0.12377992247435742,0.0
6338,1695348240000.0,0.0,0.0,259.4,1.5971171747967263,0.0,0.0,1.5993,0.9533662612544772,1.0,3347.0064196242865,1000.0,3347.5726444820157,1000.0,0.12377992247435742,0.0
6339,1695351840000.0,0.0,0.0,259.4,1.5971171747967263,0.0,0.0,1.58995,0.9533662612544772,1.0,3347.0064196242865,1000.0,3345.147254482016,1000.0,0.12377992247435742,0.0
6340,1695355440000.0,0.0,0.0,259.4,1.5971171747967263,0.0,0.0,1.6042,0.9533662612544772,1.0,3347.0064196242865,1000.0,3348.8437044820157,1000.0,0.12377992247435742,0.0
6341,1695359040000.0,0.0,0.0,110.5,1.5971171747967263,0.0,0.0,1.6169,0.9533662612544772,1.0,3350.5890939550545,1000.0,3352.775096140016,1000.0,0.052671766924042164,0.0
6342,1695362640000.0,0.0,0.0,65.9,1.5971171747967263,0.0,0.0,1.6114,0.9533662612544772,1.0,3351.8131539631204,1000.0,3352.754392144016,1000.0,0.03140092152650533,0.0
6343,1695366240000.0,0.0,0.0,10.9,1.5971171747967263,0.0,0.0,1.63265,0.9533662612544772,1.0,3353.7475305933012,1000.0,3354.1348383880168,1000.0,0.005190783458349537,0.0
6344,1695369840000.0,0.0,0.0,5.4,1.5971171747967263,0.0,0.0,1.63675,0.9533662612544772,1.0,3353.9194445619196,1000.0,3354.133461818017,1000.0,0.002571448982737516,0.0
6345,1695373440000.0,0.0,0.0,41.3,1.6150857156703782,0.0,0.0,1.6281,0.9533662612544772,1.0,3354.908485685204,1000.0,3355.4459756280175,1000.0,0.019882223417358947,0.0
6346,1695377040000.0,0.0,0.0,103.6,1.6186819086956685,0.0,0.0,1.6208,0.9533662612544772,1.0,3355.232273862889,1000.0,3355.451708122018,1000.0,0.049980279173877575,0.0
6347,1695380640000.0,0.0,0.0,103.6,1.6186819086956685,0.0,0.0,1.6175,0.9533662612544772,1.0,3355.232273862889,1000.0,3355.109828122018,1000.0,0.049980279173877575,0.0
6348,1695384240000.0,0.0,0.0,103.6,1.6186819086956685,0.0,0.0,1.61755,0.9533662612544772,1.0,3355.232273862889,1000.0,3355.115008122018,1000.0,0.049980279173877575,0.0
6349,1695387840000.0,0.0,0.0,103.6,1.6186819086956685,0.0,0.0,1.6041,0.9533662612544772,1.0,3355.232273862889,1000.0,3353.7215881220177,1000.0,0.049980279173877575,0.0
6350,1695391440000.0,0.0,0.0,103.6,1.6186819086956685,0.0,0.0,1.6063,0.9533662612544772,1.0,3355.232273862889,1000.0,3353.949508122018,1000.0,0.049980279173877575,0.0
6351,1695395040000.0,0.0,0.0,103.6,1.6186819086956685,0.0,0.0,1.6041,0.9533662612544772,1.0,3355.232273862889,1000.0,3353.7215881220177,1000.0,0.049980279173877575,0.0
6352,1695398640000.0,0.0,0.0,103.6,1.6186819086956685,0.0,0.0,1.59615,0.9533662612544772,1.0,3355.232273862889,1000.0,3352.897968122018,1000.0,0.049980279173877575,0.0
6353,1695402240000.0,0.0,0.0,103.6,1.6186819086956685,0.0,0.0,1.59245,0.9533662612544772,1.0,3355.232273862889,1000.0,3352.5146481220177,1000.0,0.049980279173877575,0.0
6354,1695405840000.0,0.0,0.0,103.6,1.6186819086956685,0.0,0.0,1.59345,0.9533662612544772,1.0,3355.232273862889,1000.0,3352.618248122018,1000.0,0.049980279173877575,0.0
6355,1695409440000.0,0.0,0.0,103.6,1.6186819086956685,0.0,0.0,1.59155,0.9533662612544772,1.0,3355.232273862889,1000.0,3352.421408122018,1000.0,0.049980279173877575,0.0
6356,1695413040000.0,0.0,0.0,103.6,1.6186819086956685,0.0,0.0,1.5853,0.9533662612544772,1.0,3355.232273862889,1000.0,3351.773908122018,1000.0,0.049980279173877575,0.0
6357,1695416640000.0,0.0,0.0,103.6,1.6186819086956685,0.0,0.0,1.5785,0.9533662612544772,1.0,3355.232273862889,1000.0,3351.069428122018,1000.0,0.049980279173877575,0.0
6358,1695420240000.0,0.0,0.0,103.6,1.6186819086956685,0.0,0.0,1.59395,0.9533662612544772,1.0,3355.232273862889,1000.0,3352.6700481220178,1000.0,0.049980279173877575,0.0
6359,1695423840000.0,0.0,0.0,103.6,1.6186819086956685,0.0,0.0,1.59995,0.9533662612544772,1.0,3355.232273862889,1000.0,3353.2916481220177,1000.0,0.049980279173877575,0.0
6360,1695427440000.0,0.0,0.0,103.6,1.6186819086956685,0.0,0.0,1.6008,0.9533662612544772,1.0,3355.232273862889,1000.0,3353.3797081220177,1000.0,0.049980279173877575,0.0
6361,1695431040000.0,0.0,0.0,103.6,1.6186819086956685,0.0,0.0,1.6065,0.9533662612544772,1.0,3355.232273862889,1000.0,3353.970228122018,1000.0,0.049980279173877575,0.0
6362,1695434640000.0,0.0,0.0,103.6,1.6186819086956685,0.0,0.0,1.60655,0.9533662612544772,1.0,3355.232273862889,1000.0,3353.9754081220176,1000.0,0.049980279173877575,0.0
6363,1695438240000.0,0.0,0.0,103.6,1.6186819086956685,0.0,0.0,1.58905,0.9533662612544772,1.0,3355.232273862889,1000.0,3352.162408122018,1000.0,0.049980279173877575,0.0
6364,1695441840000.0,0.0,0.0,103.6,1.6186819086956685,0.0,0.0,1.59315,0.9533662612544772,1.0,3355.232273862889,1000.0,3352.587168122018,1000.0,0.049980279173877575,0.0
6365,1695445440000.0,0.0,0.0,103.6,1.6186819086956685,0.0,0.0,1.5999,0.9533662612544772,1.0,3355.232273862889,1000.0,3353.286468122018,1000.0,0.049980279173877575,0.0
6366,1695449040000.0,0.0,0.0,103.6,1.6186819086956685,0.0,0.0,1.60295,0.9533662612544772,1.0,3355.232273862889,1000.0,3353.602448122018,1000.0,0.049980279173877575,0.0
6367,1695452640000.0,0.0,0.0,103.6,1.6186819086956685,0.0,0.0,1.59125,0.9533662612544772,1.0,3355.232273862889,1000.0,3352.3903281220178,1000.0,0.049980279173877575,0.0
6368,1695456240000.0,0.0,0.0,103.6,1.6186819086956685,0.0,0.0,1.5901,0.9533662612544772,1.0,3355.232273862889,1000.0,3352.271188122018,1000.0,0.049980279173877575,0.0
6369,1695459840000.0,0.0,0.0,103.6,1.6186819086956685,0.0,0.0,1.5741,0.9533662612544772,1.0,3355.232273862889,1000.0,3350.613588122018,1000.0,0.049980279173877575,0.0
6370,1695463440000.0,0.0,0.0,103.6,1.6186819086956685,0.0,0.0,1.56735,0.9533662612544772,1.0,3355.232273862889,1000.0,3349.9142881220178,1000.0,0.049980279173877575,0.0
6371,1695467040000.0,0.0,0.0,262.1,1.584646492716029,0.0,0.0,1.56315,0.9533662612544772,1.0,3355.182745782889,1000.0,3349.5485150420177,1000.0,0.12378933644163038,0.0
6372,1695470640000.0,0.0,0.0,262.1,1.584646492716029,0.0,0.0,1.56045,0.9533662612544772,1.0,3355.182745782889,1000.0,3348.840845042018,1000.0,0.12378933644163038,0.0
6373,1695474240000.0,0.0,0.0,262.1,1.584646492716029,0.0,0.0,1.565,0.9533662612544772,1.0,3355.182745782889,1000.0,3350.033400042018,1000.0,0.12378933644163038,0.0
6374,1695477840000.0,0.0,0.0,262.1,1.584646492716029,0.0,0.0,1.5558,0.9533662612544772,1.0,3355.182745782889,1000.0,3347.622080042018,1000.0,0.12378933644163038,0.0
6375,1695481440000.0,0.0,0.0,262.1,1.584646492716029,0.0,0.0,1.55885,0.9533662612544772,1.0,3355.182745782889,1000.0,3348.4214850420176,1000.0,0.12378933644163038,0.0
6376,1695485040000.0,0.0,0.0,262.1,1.584646492716029,0.0,0.0,1.548,0.9533662612544772,1.0,3355.182745782889,1000.0,3345.577700042018,1000.0,0.12378933644163038,0.0
6377,1695488640000.0,0.0,0.0,262.1,1.584646492716029,0.0,0.0,1.55315,0.9533662612544772,1.0,3355.182745782889,1000.0,3346.9275150420176,1000.0,0.12378933644163038,0.0
6378,1695492240000.0,0.0,0.0,262.1,1.584646492716029,0.0,0.0,1.5607,0.9533662612544772,1.0,3355.182745782889,1000.0,3348.906370042018,1000.0,0.12378933644163038,0.0
6379,1695495840000.0,0.0,0.0,262.1,1.584646492716029,0.0,0.0,1.5694,0.9533662612544772,1.0,3355.182745782889,1000.0,3351.1866400420176,1000.0,0.12378933644163038,0.0
6380,1695499440000.0,0.0,0.0,262.1,1.584646492716029,0.0,0.0,1.57105,0.9533662612544772,1.0,3355.182745782889,1000.0,3351.619105042018,1000.0,0.12378933644163038,0.0
6381,1695503040000.0,0.0,0.0,262.1,1.584646492716029,0.0,0.0,1.56405,0.9533662612544772,1.0,3355.182745782889,1000.0,3349.7844050420176,1000.0,0.12378933644163038,0.0
6382,1695506640000.0,0.0,0.0,262.1,1.584646492716029,0.0,0.0,1.56725,0.9533662612544772,1.0,3355.182745782889,1000.0,3350.623125042018,1000.0,0.12378933644163038,0.0
6383,1695510240000.0,0.0,0.0,262.1,1.584646492716029,0.0,0.0,1.5641,0.9533662612544772,1.0,3355.182745782889,1000.0,3349.7975100420176,1000.0,0.12378933644163038,0.0
6384,1695513840000.0,0.0,0.0,262.1,1.584646492716029,0.0,0.0,1.5653,0.9533662612544772,1.0,3355.182745782889,1000.0,3350.112030042018,1000.0,0.12378933644163038,0.0
6385,1695517440000.0,0.0,0.0,262.1,1.584646492716029,0.0,0.0,1.55605,0.9533662612544772,1.0,3355.182745782889,1000.0,3347.687605042018,1000.0,0.12378933644163038,0.0
6386,1695521040000.0,0.0,0.0,262.1,1.584646492716029,0.0,0.0,1.5545,0.9533662612544772,1.0,3355.182745782889,1000.0,3347.281350042018,1000.0,0.12378933644163038,0.0
6387,1695524640000.0,0.0,0.0,262.1,1.584646492716029,0.0,0.0,1.55615,0.9533662612544772,1.0,3355.182745782889,1000.0,3347.713815042018,1000.0,0.12378933644163038,0.0
6388,1695528240000.0,0.0,0.0,262.1,1.584646492716029,0.0,0.0,1.55495,0.9533662612544772,1.0,3355.182745782889,1000.0,3347.399295042018,1000.0,0.12378933644163038,0.0
6389,1695531840000.0,0.0,0.0,262.1,1.584646492716029,0.0,0.0,1.5474,0.9533662612544772,1.0,3355.182745782889,1000.0,3345.4204400420176,1000.0,0.12378933644163038,0.0
6390,1695535440000.0,0.0,0.0,262.1,1.584646492716029,0.0,0.0,1.54805,0.9533662612544772,1.0,3355.182745782889,1000.0,3345.5908050420176,1000.0,0.12378933644163038,0.0
6391,1695539040000.0,0.0,0.0,262.1,1.584646492716029,0.0,0.0,1.5541,0.9533662612544772,1.0,3355.182745782889,1000.0,3347.176510042018,1000.0,0.12378933644163038,0.0
6392,1695542640000.0,0.0,0.0,262.1,1.584646492716029,0.0,0.0,1.54635,0.9533662612544772,1.0,3355.182745782889,1000.0,3345.1452350420177,1000.0,0.12378933644163038,0.0
6393,1695546240000.0,0.0,0.0,262.1,1.584646492716029,0.0,0.0,1.5494,0.9533662612544772,1.0,3355.182745782889,1000.0,3345.944640042018,1000.0,0.12378933644163038,0.0
6394,1695549840000.0,0.0,0.0,262.1,1.584646492716029,0.0,0.0,1.5406,0.9533662612544772,1.0,3355.182745782889,1000.0,3343.6381600420177,1000.0,0.12378933644163038,0.0
6395,1695553440000.0,0.0,0.0,262.1,1.584646492716029,0.0,0.0,1.53905,0.9533662612544772,1.0,3355.182745782889,1000.0,3343.231905042018,1000.0,0.12378933644163038,0.0
6396,1695557040000.0,0.0,0.0,262.1,1.584646492716029,0.0,0.0,1.54825,0.9533662612544772,1.0,3355.182745782889,1000.0,3345.6432250420175,1000.0,0.12378933644163038,0.0
6397,1695560640000.0,0.0,0.0,262.1,1.584646492716029,0.0,0.0,1.5528,0.9533662612544772,1.0,3355.182745782889,1000.0,3346.8357800420176,1000.0,0.12378933644163038,0.0
6398,1695564240000.0,0.0,0.0,262.1,1.584646492716029,0.0,0.0,1.5567,0.9533662612544772,1.0,3355.182745782889,1000.0,3347.8579700420178,1000.0,0.12378933644163038,0.0
6399,1695567840000.0,0.0,0.0,262.1,1.584646492716029,0.0,0.0,1.56015,0.9533662612544772,1.0,3355.182745782889,1000.0,3348.762215042018,1000.0,0.12378933644163038,0.0
6400,1695571440000.0,0.0,0.0,262.1,1.584646492716029,0.0,0.0,1.55645,0.9533662612544772,1.0,3355.182745782889,1000.0,3347.792445042018,1000.0,0.12378933644163038,0.0
6401,1695575040000.0,0.0,0.0,262.1,1.584646492716029,0.0,0.0,1.55945,0.9533662612544772,1.0,3355.182745782889,1000.0,3348.578745042018,1000.0,0.12378933644163038,0.0
6402,1695578640000.0,0.0,0.0,262.1,1.584646492716029,0.0,0.0,1.57155,0.9533662612544772,1.0,3355.182745782889,1000.0,3351.750155042018,1000.0,0.12378933644163038,0.0
6403,1695582240000.0,0.0,0.0,262.1,1.584646492716029,0.0,0.0,1.56045,0.9533662612544772,1.0,3355.182745782889,1000.0,3348.840845042018,1000.0,0.12378933644163038,0.0
6404,1695585840000.0,0.0,0.0,262.1,1.584646492716029,0.0,0.0,1.557,0.9533662612544772,1.0,3355.182745782889,1000.0,3347.9366000420177,1000.0,0.12378933644163038,0.0
6405,1695589440000.0,0.0,0.0,262.1,1.584646492716029,0.0,0.0,1.56275,0.9533662612544772,1.0,3355.182745782889,1000.0,3349.4436750420177,1000.0,0.12378933644163038,0.0
6406,1695593040000.0,0.0,0.0,262.1,1.584646492716029,0.0,0.0,1.5684,0.9533662612544772,1.0,3355.182745782889,1000.0,3350.9245400420177,1000.0,0.12378933644163038,0.0
6407,1695596640000.0,0.0,0.0,262.1,1.584646492716029,0.0,0.0,1.56745,0.9533662612544772,1.0,3355.182745782889,1000.0,3350.675545042018,1000.0,0.12378933644163038,0.0
6408,1695600240000.0,0.0,0.0,262.1,1.584646492716029,0.0,0.0,1.54525,0.9533662612544772,1.0,3355.182745782889,1000.0,3344.856925042018,1000.0,0.12378933644163038,0.0
6409,1695603840000.0,0.0,0.0,262.1,1.584646492716029,0.0,0.0,1.55805,0.9533662612544772,1.0,3355.182745782889,1000.0,3348.2118050420177,1000.0,0.12378933644163038,0.0
6410,1695607440000.0,0.0,0.0,262.1,1.584646492716029,0.0,0.0,1.5521,0.9533662612544772,1.0,3355.182745782889,1000.0,3346.6523100420177,1000.0,0.12378933644163038,0.0
6411,1695611040000.0,0.0,0.0,262.1,1.584646492716029,0.0,0.0,1.5506,0.9533662612544772,1.0,3355.182745782889,1000.0,3346.259160042018,1000.0,0.12378933644163038,0.0
6412,1695614640000.0,0.0,0.0,262.1,1.584646492716029,0.0,0.0,1.54805,0.9533662612544772,1.0,3355.182745782889,1000.0,3345.5908050420176,1000.0,0.12378933644163038,0.0
6413,1695618240000.0,0.0,0.0,262.1,1.584646492716029,0.0,0.0,1.5478,0.9533662612544772,1.0,3355.182745782889,1000.0,3345.5252800420176,1000.0,0.12378933644163038,0.0
6414,1695621840000.0,0.0,0.0,262.1,1.584646492716029,0.0,0.0,1.54535,0.9533662612544772,1.0,3355.182745782889,1000.0,3344.883135042018,1000.0,0.12378933644163038,0.0
6415,1695625440000.0,0.0,0.0,262.1,1.584646492716029,0.0,0.0,1.5532,0.9533662612544772,1.0,3355.182745782889,1000.0,3346.9406200420176,1000.0,0.12378933644163038,0.0
6416,1695629040000.0,0.0,0.0,262.1,1.584646492716029,0.0,0.0,1.55875,0.9533662612544772,1.0,3355.182745782889,1000.0,3348.3952750420176,1000.0,0.12378933644163038,0.0
6417,1695632640000.0,0.0,0.0,262.1,1.584646492716029,0.0,0.0,1.549,0.9533662612544772,1.0,3355.182745782889,1000.0,3345.839800042018,1000.0,0.12378933644163038,0.0
6418,1695636240000.0,0.0,0.0,262.1,1.584646492716029,0.0,0.0,1.5438,0.9533662612544772,1.0,3355.182745782889,1000.0,3344.476880042018,1000.0,0.12378933644163038,0.0
6419,1695639840000.0,0.0,0.0,262.1,1.584646492716029,0.0,0.0,1.5404,0.9533662612544772,1.0,3355.182745782889,1000.0,3343.5857400420177,1000.0,0.12378933644163038,0.0
6420,1695643440000.0,0.0,0.0,663.2,1.54742348573714,0.0,0.0,1.50575,0.9533662612544772,1.0,3355.060562700889,1000.0,3327.422706960018,1000.0,0.3058815888899243,0.0
6421,1695647040000.0,0.0,0.0,663.2,1.54742348573714,0.0,0.0,1.5056,0.9533662612544772,1.0,3355.060562700889,1000.0,3327.3232269600176,1000.0,0.3058815888899243,0.0
6422,1695650640000.0,0.0,0.0,663.2,1.54742348573714,0.0,0.0,1.50195,0.9533662612544772,1.0,3355.060562700889,1000.0,3324.902546960018,1000.0,0.3058815888899243,0.0
6423,1695654240000.0,0.0,0.0,663.2,1.54742348573714,0.0,0.0,1.49975,0.9533662612544772,1.0,3355.060562700889,1000.0,3323.4435069600177,1000.0,0.3058815888899243,0.0
6424,1695657840000.0,0.0,0.0,663.2,1.54742348573714,0.0,0.0,1.50565,0.9533662612544772,1.0,3355.060562700889,1000.0,3327.3563869600175,1000.0,0.3058815888899243,0.0
6425,1695661440000.0,0.0,0.0,663.2,1.54742348573714,0.0,0.0,1.50625,0.9533662612544772,1.0,3355.060562700889,1000.0,3327.754306960018,1000.0,0.3058815888899243,0.0
6426,1695665040000.0,0.0,0.0,663.2,1.54742348573714,0.0,0.0,1.50625,0.9533662612544772,1.0,3355.060562700889,1000.0,3327.754306960018,1000.0,0.3058815888899243,0.0
6427,1695668640000.0,0.0,0.0,663.2,1.54742348573714,0.0,0.0,1.49235,0.9533662612544772,1.0,3355.060562700889,1000.0,3318.535826960018,1000.0,0.3058815888899243,0.0
6428,1695672240000.0,0.0,0.0,663.2,1.54742348573714,0.0,0.0,1.4954,0.9533662612544772,1.0,3355.060562700889,1000.0,3320.5585869600177,1000.0,0.3058815888899243,0.0
6429,1695675840000.0,0.0,0.0,663.2,1.54742348573714,0.0,0.0,1.48665,0.9533662612544772,1.0,3355.060562700889,1000.0,3314.755586960018,1000.0,0.3058815888899243,0.0
6430,1695679440000.0,0.0,0.0,663.2,1.54742348573714,0.0,0.0,1.49085,0.9533662612544772,1.0,3355.060562700889,1000.0,3317.541026960018,1000.0,0.3058815888899243,0.0
6431,1695683040000.0,0.0,0.0,663.2,1.54742348573714,0.0,0.0,1.4861,0.9533662612544772,1.0,3355.060562700889,1000.0,3314.390826960018,1000.0,0.3058815888899243,0.0
6432,1695686640000.0,0.0,0.0,663.2,1.54742348573714,0.0,0.0,1.48105,0.9533662612544772,1.0,3355.060562700889,1000.0,3311.0416669600177,1000.0,0.3058815888899243,0.0
6433,1695690240000.0,0.00020637415504401417,0.0,2245.7,1.4939921876211746,0.0,0.0,1.4745,0.9533662612544772,1.0,3354.5948013008892,1000.0,3310.8211955600173,1000.0,1.0001381551178112,0.0
6434,1695693840000.0,0.0,0.0,2223.0,1.4939921876211746,0.0,0.0,1.48225,0.9533662612544772,1.0,3354.2545726198887,1000.0,3328.1516895380178,1000.0,0.9901289723778609,0.0
6435,1695697440000.0,0.0,0.0,2223.0,1.4939921876211746,0.0,0.0,1.4948,0.9533662612544772,1.0,3354.2545726198887,1000.0,3356.0503395380174,1000.0,0.9901289723778609,0.0
6436,1695701040000.0,0.0,0.0,1905.5,1.4939921876211746,0.0,0.0,1.4987,0.9533662612544772,1.0,3358.9237315501655,1000.0,3367.8944680380173,1000.0,0.8475340141761213,0.0
6437,1695704640000.0,0.0,0.0,1633.3,1.4939921876211746,0.0,0.0,1.50465,0.9533662612544772,1.0,3362.9267081196817,1000.0,3380.3341130780173,1000.0,0.7255993519424698,0.0
6438,1695708240000.0,0.0,0.0,555.4,1.4939921876211746,0.0,0.0,1.50865,0.9533662612544772,1.0,3378.7783188628177,1000.0,3386.9192678580175,1000.0,0.24558085281074923,0.0
6439,1695711840000.0,0.0,0.0,476.1,1.4939921876211746,0.0,0.0,1.48975,0.9533662612544772,1.0,3379.944505644459,1000.0,3377.9248001180176,1000.0,0.21044418905061832,0.0
6440,1695715440000.0,0.0,0.0,476.1,1.4939921876211746,0.0,0.0,1.49335,0.9533662612544772,1.0,3379.944505644459,1000.0,3379.6387601180177,1000.0,0.21044418905061832,0.0
6441,1695719040000.0,0.0,0.0,476.1,1.4939921876211746,0.0,0.0,1.49825,0.9533662612544772,1.0,3379.944505644459,1000.0,3381.971650118018,1000.0,0.21044418905061832,0.0
6442,1695722640000.0,0.0,0.0,476.1,1.4939921876211746,0.0,0.0,1.4838,0.9533662612544772,1.0,3379.944505644459,1000.0,3375.0920051180174,1000.0,0.21044418905061832,0.0
6443,1695726240000.0,0.0,0.0,476.1,1.4939921876211746,0.0,0.0,1.48205,0.9533662612544772,1.0,3379.944505644459,1000.0,3374.2588301180176,1000.0,0.21044418905061832,0.0
6444,1695729840000.0,0.0,0.0,476.1,1.4939921876211746,0.0,0.0,1.47525,0.9533662612544772,1.0,3379.944505644459,1000.0,3371.0213501180174,1000.0,0.21044418905061832,0.0
6445,1695733440000.0,0.0,0.0,476.1,1.4939921876211746,0.0,0.0,1.46655,0.9533662612544772,1.0,3379.944505644459,1000.0,3366.8792801180175,1000.0,0.21044418905061832,0.0
6446,1695737040000.0,0.0,0.0,476.1,1.4939921876211746,0.0,0.0,1.47535,0.9533662612544772,1.0,3379.944505644459,1000.0,3371.0689601180175,1000.0,0.21044418905061832,0.0
6447,1695740640000.0,0.0,0.0,476.1,1.4939921876211746,0.0,0.0,1.4715,0.9533662612544772,1.0,3379.944505644459,1000.0,3369.2359751180174,1000.0,0.21044418905061832,0.0
6448,1695744240000.0,0.0,0.0,476.1,1.4939921876211746,0.0,0.0,1.4729,0.9533662612544772,1.0,3379.944505644459,1000.0,3369.9025151180176,1000.0,0.21044418905061832,0.0
6449,1695747840000.0,0.0,0.0,476.1,1.4939921876211746,0.0,0.0,1.49225,0.9533662612544772,1.0,3379.944505644459,1000.0,3379.1150501180177,1000.0,0.21044418905061832,0.0
6450,1695751440000.0,0.0,0.0,476.1,1.4939921876211746,0.0,0.0,1.4832,0.9533662612544772,1.0,3379.944505644459,1000.0,3374.806345118018,1000.0,0.21044418905061832,0.0
6451,1695755040000.0,0.0,0.0,476.1,1.4939921876211746,0.0,0.0,1.4778,0.9533662612544772,1.0,3379.944505644459,1000.0,3372.2354051180178,1000.0,0.21044418905061832,0.0
6452,1695758640000.0,0.0,0.0,476.1,1.4939921876211746,0.0,0.0,1.49325,0.9533662612544772,1.0,3379.944505644459,1000.0,3379.5911501180176,1000.0,0.21044418905061832,0.0
6453,1695762240000.0,0.0,0.0,476.1,1.4939921876211746,0.0,0.0,1.483,0.9533662612544772,1.0,3379.944505644459,1000.0,3374.7111251180177,1000.0,0.21044418905061832,0.0
6454,1695765840000.0,0.0,0.0,476.1,1.4939921876211746,0.0,0.0,1.47935,0.9533662612544772,1.0,3379.944505644459,1000.0,3372.9733601180174,1000.0,0.21044418905061832,0.0
6455,1695769440000.0,0.0,0.0,476.1,1.4939921876211746,0.0,0.0,1.47705,0.9533662612544772,1.0,3379.944505644459,1000.0,3371.8783301180174,1000.0,0.21044418905061832,0.0
6456,1695773040000.0,0.0,0.0,476.1,1.4939921876211746,0.0,0.0,1.487,0.9533662612544772,1.0,3379.944505644459,1000.0,3376.6155251180176,1000.0,0.21044418905061832,0.0
6457,1695776640000.0,0.0,0.0,476.1,1.4939921876211746,0.0,0.0,1.48745,0.9533662612544772,1.0,3379.944505644459,1000.0,3376.8297701180177,1000.0,0.21044418905061832,0.0
6458,1695780240000.0,0.0,0.0,476.1,1.4939921876211746,0.0,0.0,1.48455,0.9533662612544772,1.0,3379.944505644459,1000.0,3375.4490801180177,1000.0,0.21044418905061832,0.0
6459,1695783840000.0,0.0,0.0,476.1,1.4939921876211746,0.0,0.0,1.48715,0.9533662612544772,1.0,3379.944505644459,1000.0,3376.6869401180174,1000.0,0.21044418905061832,0.0
6460,1695787440000.0,0.0,0.0,476.1,1.4939921876211746,0.0,0.0,1.496,0.9533662612544772,1.0,3379.944505644459,1000.0,3380.9004251180177,1000.0,0.21044418905061832,0.0
6461,1695791040000.0,0.0,0.0,476.1,1.4939921876211746,0.0,0.0,1.4894,0.9533662612544772,1.0,3379.944505644459,1000.0,3377.7581651180176,1000.0,0.21044418905061832,0.0
6462,1695794640000.0,0.0,0.0,476.1,1.4939921876211746,0.0,0.0,1.4888,0.9533662612544772,1.0,3379.944505644459,1000.0,3377.4725051180176,1000.0,0.21044418905061832,0.0
6463,1695798240000.0,0.0,0.0,476.1,1.4939921876211746,0.0,0.0,1.477,0.9533662612544772,1.0,3379.944505644459,1000.0,3371.8545251180176,1000.0,0.21044418905061832,0.0
6464,1695801840000.0,0.0,0.0,476.1,1.4939921876211746,0.0,0.0,1.4762,0.9533662612544772,1.0,3379.944505644459,1000.0,3371.4736451180174,1000.0,0.21044418905061832,0.0
6465,1695805440000.0,0.0,0.0,476.1,1.4939921876211746,0.0,0.0,1.47335,0.9533662612544772,1.0,3379.944505644459,1000.0,3370.1167601180177,1000.0,0.21044418905061832,0.0
6466,1695809040000.0,0.0,0.0,476.1,1.4939921876211746,0.0,0.0,1.4899,0.9533662612544772,1.0,3379.944505644459,1000.0,3377.9962151180175,1000.0,0.21044418905061832,0.0
6467,1695812640000.0,0.0,0.0,476.1,1.4939921876211746,0.0,0.0,1.4897,0.9533662612544772,1.0,3379.944505644459,1000.0,3377.9009951180174,1000.0,0.21044418905061832,0.0
6468,1695816240000.0,0.0,0.0,102.1,1.4939921876211746,0.0,0.0,1.5065,0.9533662612544772,1.0,3385.4445542741396,1000.0,3386.7216019180178,1000.0,0.0450565944621789,0.0
6469,1695819840000.0,0.0,0.0,47.4,1.4939921876211746,0.0,0.0,1.50215,0.9533662612544772,1.0,3386.2489731512615,1000.0,3386.6356534580177,1000.0,0.020912588015447264,0.0
6470,1695823440000.0,0.0,0.0,30.0,1.4939921876211746,0.0,0.0,1.4986,0.9533662612544772,1.0,3386.504857766653,1000.0,3386.643092138018,1000.0,0.01323481510024857,0.0
6471,1695827040000.0,0.0,0.0,113.4,1.4931889385241202,0.0,0.0,1.48005,0.9533662612544772,1.0,3386.479956194653,1000.0,3384.990000566018,1000.0,0.05000107126542886,0.0
6472,1695830640000.0,0.0,0.0,113.4,1.4931889385241202,0.0,0.0,1.48165,0.9533662612544772,1.0,3386.479956194653,1000.0,3385.1714405660177,1000.0,0.05000107126542886,0.0
6473,1695834240000.0,0.0,0.0,113.4,1.4931889385241202,0.0,0.0,1.482,0.9533662612544772,1.0,3386.479956194653,1000.0,3385.211130566018,1000.0,0.05000107126542886,0.0
6474,1695837840000.0,0.0,0.0,113.4,1.4931889385241202,0.0,0.0,1.4692,0.9533662612544772,1.0,3386.479956194653,1000.0,3383.7596105660177,1000.0,0.05000107126542886,0.0
6475,1695841440000.0,0.0,0.0,113.4,1.4931889385241202,0.0,0.0,1.4748,0.9533662612544772,1.0,3386.479956194653,1000.0,3384.394650566018,1000.0,0.05000107126542886,0.0
6476,1695845040000.0,0.0,0.0,113.4,1.4931889385241202,0.0,0.0,1.474,0.9533662612544772,1.0,3386.479956194653,1000.0,3384.3039305660177,1000.0,0.05000107126542886,0.0
6477,1695848640000.0,0.0,0.0,113.4,1.4931889385241202,0.0,0.0,1.46855,0.9533662612544772,1.0,3386.479956194653,1000.0,3383.6859005660176,1000.0,0.05000107126542886,0.0
6478,1695852240000.0,0.0,0.0,113.4,1.4931889385241202,0.0,0.0,1.47335,0.9533662612544772,1.0,3386.479956194653,1000.0,3384.2302205660176,1000.0,0.05000107126542886,0.0
6479,1695855840000.0,0.0,0.0,113.4,1.4931889385241202,0.0,0.0,1.4834,0.9533662612544772,1.0,3386.479956194653,1000.0,3385.3698905660176,1000.0,0.05000107126542886,0.0
6480,1695859440000.0,0.0,0.0,113.4,1.4931889385241202,0.0,0.0,1.4847,0.9533662612544772,1.0,3386.479956194653,1000.0,3385.517310566018,1000.0,0.05000107126542886,0.0
6481,1695863040000.0,0.0,0.0,113.4,1.4931889385241202,0.0,0.0,1.4917,0.9533662612544772,1.0,3386.479956194653,1000.0,3386.3111105660178,1000.0,0.05000107126542886,0.0
6482,1695866640000.0,0.0,0.0,113.4,1.4931889385241202,0.0,0.0,1.50105,0.9533662612544772,1.0,3386.479956194653,1000.0,3387.3714005660177,1000.0,0.05000107126542886,0.0
6483,1695870240000.0,0.0,0.0,113.4,1.4931889385241202,0.0,0.0,1.4907,0.9533662612544772,1.0,3386.479956194653,1000.0,3386.1977105660176,1000.0,0.05000107126542886,0.0
6484,1695873840000.0,0.0,0.0,113.4,1.4931889385241202,0.0,0.0,1.48855,0.9533662612544772,1.0,3386.479956194653,1000.0,3385.9539005660176,1000.0,0.05000107126542886,0.0
6485,1695877440000.0,0.0,0.0,113.4,1.4931889385241202,0.0,0.0,1.482,0.9533662612544772,1.0,3386.479956194653,1000.0,3385.211130566018,1000.0,0.05000107126542886,0.0
6486,1695881040000.0,0.0,0.0,113.4,1.4931889385241202,0.0,0.0,1.48655,0.9533662612544772,1.0,3386.479956194653,1000.0,3385.7271005660177,1000.0,0.05000107126542886,0.0
6487,1695884640000.0,0.0,0.0,113.4,1.4931889385241202,0.0,0.0,1.49545,0.9533662612544772,1.0,3386.479956194653,1000.0,3386.7363605660175,1000.0,0.05000107126542886,0.0
6488,1695888240000.0,0.0,0.0,113.4,1.4931889385241202,0.0,0.0,1.4992,0.9533662612544772,1.0,3386.479956194653,1000.0,3387.1616105660178,1000.0,0.05000107126542886,0.0
6489,1695891840000.0,0.0,0.0,71.5,1.4931889385241202,0.0,0.0,1.5061,0.9533662612544772,1.0,3387.0962809544926,1000.0,3388.019421850018,1000.0,0.03152051204000274,0.0
6490,1695895440000.0,0.0,0.0,33.2,1.4931889385241202,0.0,0.0,1.5084,0.9533662612544772,1.0,3387.659651797019,1000.0,3388.164659038018,1000.0,0.01463366390206992,0.0
6491,1695899040000.0,0.0,0.0,17.5,1.4931889385241202,0.0,0.0,1.51435,0.9533662612544772,1.0,3387.94132956419,1000.0,3388.3116481400175,1000.0,0.007712886346686959,0.0
6492,1695902640000.0,0.0,0.0,15.0,1.4931889385241202,0.0,0.0,1.5075,0.9533662612544772,1.0,3387.9781031178795,1000.0,3388.1927690400175,1000.0,0.006610973682872856,0.0
6493,1695906240000.0,0.0,0.0,8.3,1.4931889385241202,0.0,0.0,1.5056,0.9533662612544772,1.0,3388.0766562417684,1000.0,3388.1796680520183,1000.0,0.003657965697711716,0.0
6494,1695909840000.0,0.0,0.0,7.2,1.4931889385241202,0.0,0.0,1.52015,0.9533662612544772,1.0,3388.092836605392,1000.0,3388.2869562480187,1000.0,0.003173159909084811,0.0
6495,1695913440000.0,0.0,0.0,2.3,1.4931889385241202,0.0,0.0,1.53105,0.9533662612544772,1.0,3388.2534650566236,1000.0,3388.340545498018,1000.0,0.0010136002498113237,0.0
6496,1695917040000.0,0.0,0.0,1.9,1.4931889385241202,0.0,0.0,1.54355,0.9533662612544772,1.0,3388.270986497214,1000.0,3388.3666725140183,1000.0,0.0008373176155336892,0.0
6497,1695920640000.0,0.0,0.0,0.8,1.4931889385241202,0.0,0.0,1.5362,0.9533662612544772,1.0,3388.319170458838,1000.0,3388.3535793080187,1000.0,0.00035254977194416215,0.0
6498,1695924240000.0,0.0,0.0,0.0,1.4931889385241202,0.0,0.0,1.53995,0.9533662612544772,1.0,3388.354213340018,1000.0,3388.354213340018,1000.0,0.0,0.0
6499,1695927840000.0,0.0,0.0,111.3,1.5217,0.0,0.0,1.51785,0.9533662612544772,1.0,3388.320340298018,1000.0,3387.891835298018,1000.0,0.049985005250449126,0.0
6500,1695931440000.0,0.0,0.0,111.3,1.5217,0.0,0.0,1.52795,0.9533662612544772,1.0,3388.320340298018,1000.0,3389.015965298018,1000.0,0.049985005250449126,0.0
6501,1695935040000.0,0.0,0.0,111.3,1.5217,0.0,0.0,1.51965,0.9533662612544772,1.0,3388.320340298018,1000.0,3388.092175298018,1000.0,0.049985005250449126,0.0
6502,1695938640000.0,0.0,0.0,111.3,1.5217,0.0,0.0,1.5204,0.9533662612544772,1.0,3388.320340298018,1000.0,3388.175650298018,1000.0,0.049985005250449126,0.0
6503,1695942240000.0,0.0,0.0,111.3,1.5217,0.0,0.0,1.5208,0.9533662612544772,1.0,3388.320340298018,1000.0,3388.220170298018,1000.0,0.049985005250449126,0.0
6504,1695945840000.0,0.0,0.0,111.3,1.5217,0.0,0.0,1.51705,0.9533662612544772,1.0,3388.320340298018,1000.0,3387.802795298018,1000.0,0.049985005250449126,0.0
6505,1695949440000.0,0.0,0.0,111.3,1.5217,0.0,0.0,1.5138,0.9533662612544772,1.0,3388.320340298018,1000.0,3387.441070298018,1000.0,0.049985005250449126,0.0
6506,1695953040000.0,0.0,0.0,111.3,1.5217,0.0,0.0,1.51885,0.9533662612544772,1.0,3388.320340298018,1000.0,3388.003135298018,1000.0,0.049985005250449126,0.0
6507,1695956640000.0,0.0,0.0,111.3,1.5217,0.0,0.0,1.51415,0.9533662612544772,1.0,3388.320340298018,1000.0,3387.480025298018,1000.0,0.049985005250449126,0.0
6508,1695960240000.0,0.0,0.0,111.3,1.5217,0.0,0.0,1.517,0.9533662612544772,1.0,3388.320340298018,1000.0,3387.797230298018,1000.0,0.049985005250449126,0.0
6509,1695963840000.0,0.0,0.0,111.3,1.5217,0.0,0.0,1.52635,0.9533662612544772,1.0,3388.320340298018,1000.0,3388.837885298018,1000.0,0.049985005250449126,0.0
6510,1695967440000.0,0.0,0.0,111.3,1.5217,0.0,0.0,1.5282,0.9533662612544772,1.0,3388.320340298018,1000.0,3389.043790298018,1000.0,0.049985005250449126,0.0
6511,1695971040000.0,0.0,0.0,111.3,1.5217,0.0,0.0,1.53345,0.9533662612544772,1.0,3388.320340298018,1000.0,3389.6281152980177,1000.0,0.049985005250449126,0.0
6512,1695974640000.0,0.0,0.0,81.8,1.5217,0.0,0.0,1.54275,0.9533662612544772,1.0,3388.762621998018,1000.0,3390.4845119980178,1000.0,0.0367317141637408,0.0
6513,1695978240000.0,0.0,0.0,51.6,1.5217,0.0,0.0,1.53735,0.9533662612544772,1.0,3389.2153985180175,1000.0,3390.0229385180173,1000.0,0.023167521319044482,0.0
6514,1695981840000.0,0.0,0.0,38.0,1.5217,0.0,0.0,1.53435,0.9533662612544772,1.0,3389.419297878018,1000.0,3389.899997878018,1000.0,0.01706032653918083,0.0
6515,1695985440000.0,0.0,0.0,110.8,1.5271344765342962,0.0,0.0,1.5299,0.9533662612544772,1.0,3389.476338102018,1000.0,3389.782758102018,1000.0,0.0499211332729791,0.0
6516,1695989040000.0,0.0,0.0,110.8,1.5271344765342962,0.0,0.0,1.52795,0.9533662612544772,1.0,3389.476338102018,1000.0,3389.566698102018,1000.0,0.0499211332729791,0.0
6517,1695992640000.0,0.0,0.0,110.8,1.5271344765342962,0.0,0.0,1.5311,0.9533662612544772,1.0,3389.476338102018,1000.0,3389.9157181020178,1000.0,0.0499211332729791,0.0
6518,1695996240000.0,0.0,0.0,110.8,1.5271344765342962,0.0,0.0,1.52675,0.9533662612544772,1.0,3389.476338102018,1000.0,3389.4337381020177,1000.0,0.0499211332729791,0.0
6519,1695999840000.0,0.0,0.0,110.8,1.5271344765342962,0.0,0.0,1.53735,0.9533662612544772,1.0,3389.476338102018,1000.0,3390.608218102018,1000.0,0.0499211332729791,0.0
6520,1696003440000.0,0.0,0.0,110.8,1.5271344765342962,0.0,0.0,1.53565,0.9533662612544772,1.0,3389.476338102018,1000.0,3390.4198581020178,1000.0,0.0499211332729791,0.0
6521,1696007040000.0,0.0,0.0,110.8,1.5271344765342962,0.0,0.0,1.5244,0.9533662612544772,1.0,3389.476338102018,1000.0,3389.173358102018,1000.0,0.0499211332729791,0.0
6522,1696010640000.0,0.0,0.0,110.8,1.5271344765342962,0.0,0.0,1.5228,0.9533662612544772,1.0,3389.476338102018,1000.0,3388.996078102018,1000.0,0.0499211332729791,0.0
6523,1696014240000.0,0.0,0.0,110.8,1.5271344765342962,0.0,0.0,1.53325,0.9533662612544772,1.0,3389.476338102018,1000.0,3390.153938102018,1000.0,0.0499211332729791,0.0
6524,1696017840000.0,0.0,0.0,110.8,1.5271344765342962,0.0,0.0,1.5326,0.9533662612544772,1.0,3389.476338102018,1000.0,3390.081918102018,1000.0,0.0499211332729791,0.0
6525,1696021440000.0,0.0,0.0,110.8,1.5271344765342962,0.0,0.0,1.5379,0.9533662612544772,1.0,3389.476338102018,1000.0,3390.6691581020177,1000.0,0.0499211332729791,0.0
6526,1696025040000.0,0.0,0.0,110.8,1.5271344765342962,0.0,0.0,1.53915,0.9533662612544772,1.0,3389.476338102018,1000.0,3390.8076581020177,1000.0,0.0499211332729791,0.0
6527,1696028640000.0,0.0,0.0,110.8,1.5271344765342962,0.0,0.0,1.53715,0.9533662612544772,1.0,3389.476338102018,1000.0,3390.586058102018,1000.0,0.0499211332729791,0.0
6528,1696032240000.0,0.0,0.0,110.8,1.5271344765342962,0.0,0.0,1.53325,0.9533662612544772,1.0,3389.476338102018,1000.0,3390.153938102018,1000.0,0.0499211332729791,0.0
6529,1696035840000.0,0.0,0.0,81.5,1.5271344765342962,0.0,0.0,1.54165,0.9533662612544772,1.0,3389.9175088895627,1000.0,3391.1005240520176,1000.0,0.03671518835227205,0.0
6530,1696039440000.0,0.0,0.0,110.4,1.530056611501334,0.0,0.0,1.5303,0.9533662612544772,1.0,3390.079736051765,1000.0,3390.106606142018,1000.0,0.04982722031974294,0.0
6531,1696043040000.0,0.0,0.0,110.4,1.530056611501334,0.0,0.0,1.5351,0.9533662612544772,1.0,3390.079736051765,1000.0,3390.636526142018,1000.0,0.04982722031974294,0.0
6532,1696046640000.0,0.0,0.0,110.4,1.530056611501334,0.0,0.0,1.52895,0.9533662612544772,1.0,3390.079736051765,1000.0,3389.9575661420176,1000.0,0.04982722031974294,0.0
6533,1696050240000.0,0.0,0.0,110.4,1.530056611501334,0.0,0.0,1.52925,0.9533662612544772,1.0,3390.079736051765,1000.0,3389.9906861420177,1000.0,0.04982722031974294,0.0
6534,1696053840000.0,0.0,0.0,110.4,1.530056611501334,0.0,0.0,1.5287,0.9533662612544772,1.0,3390.079736051765,1000.0,3389.9299661420177,1000.0,0.04982722031974294,0.0
6535,1696057440000.0,0.0,0.0,110.4,1.530056611501334,0.0,0.0,1.5325,0.9533662612544772,1.0,3390.079736051765,1000.0,3390.3494861420177,1000.0,0.04982722031974294,0.0
6536,1696061040000.0,0.0,0.0,110.4,1.530056611501334,0.0,0.0,1.52865,0.9533662612544772,1.0,3390.079736051765,1000.0,3389.9244461420176,1000.0,0.04982722031974294,0.0
6537,1696064640000.0,0.0,0.0,110.4,1.530056611501334,0.0,0.0,1.52915,0.9533662612544772,1.0,3390.079736051765,1000.0,3389.979646142018,1000.0,0.04982722031974294,0.0
6538,1696068240000.0,0.0,0.0,110.4,1.530056611501334,0.0,0.0,1.52535,0.9533662612544772,1.0,3390.079736051765,1000.0,3389.5601261420175,1000.0,0.04982722031974294,0.0
6539,1696071840000.0,0.0,0.0,110.4,1.530056611501334,0.0,0.0,1.52075,0.9533662612544772,1.0,3390.079736051765,1000.0,3389.0522861420177,1000.0,0.04982722031974294,0.0
6540,1696075440000.0,0.0,0.0,110.4,1.530056611501334,0.0,0.0,1.51715,0.9533662612544772,1.0,3390.079736051765,1000.0,3388.6548461420175,1000.0,0.04982722031974294,0.0
6541,1696079040000.0,0.0,0.0,110.4,1.530056611501334,0.0,0.0,1.52215,0.9533662612544772,1.0,3390.079736051765,1000.0,3389.2068461420176,1000.0,0.04982722031974294,0.0
6542,1696082640000.0,0.0,0.0,110.4,1.530056611501334,0.0,0.0,1.5213,0.9533662612544772,1.0,3390.079736051765,1000.0,3389.1130061420176,1000.0,0.04982722031974294,0.0
6543,1696086240000.0,0.0,0.0,110.4,1.530056611501334,0.0,0.0,1.52085,0.9533662612544772,1.0,3390.079736051765,1000.0,3389.0633261420176,1000.0,0.04982722031974294,0.0
6544,1696089840000.0,0.0,0.0,110.4,1.530056611501334,0.0,0.0,1.52795,0.9533662612544772,1.0,3390.079736051765,1000.0,3389.8471661420176,1000.0,0.04982722031974294,0.0
6545,1696093440000.0,0.0,0.0,110.4,1.530056611501334,0.0,0.0,1.52055,0.9533662612544772,1.0,3390.079736051765,1000.0,3389.0302061420175,1000.0,0.04982722031974294,0.0
6546,1696097040000.0,0.0,0.0,110.4,1.530056611501334,0.0,0.0,1.52525,0.9533662612544772,1.0,3390.079736051765,1000.0,3389.5490861420176,1000.0,0.04982722031974294,0.0
6547,1696100640000.0,0.0,0.0,110.4,1.530056611501334,0.0,0.0,1.53235,0.9533662612544772,1.0,3390.079736051765,1000.0,3390.3329261420176,1000.0,0.04982722031974294,0.0
6548,1696104240000.0,0.0,0.0,110.4,1.530056611501334,0.0,0.0,1.5397,0.9533662612544772,1.0,3390.079736051765,1000.0,3391.1443661420176,1000.0,0.04982722031974294,0.0
6549,1696107840000.0,0.0,0.0,94.7,1.530056611501334,0.0,0.0,1.54905,0.9533662612544772,1.0,3390.315774695194,1000.0,3392.1144485860173,1000.0,0.042738308387277955,0.0
6550,1696111440000.0,0.0,0.0,110.7,1.5305182489656084,0.0,0.0,1.5376,0.9533662612544772,1.0,3390.68054855251,1000.0,3391.4644983920175,1000.0,0.04996883892020504,0.0
6551,1696115040000.0,0.0,0.0,110.7,1.5305182489656084,0.0,0.0,1.5386,0.9533662612544772,1.0,3390.68054855251,1000.0,3391.5751983920172,1000.0,0.04996883892020504,0.0
6552,1696118640000.0,0.0,0.0,110.7,1.5305182489656084,0.0,0.0,1.53315,0.9533662612544772,1.0,3390.68054855251,1000.0,3390.9718833920174,1000.0,0.04996883892020504,0.0
6553,1696122240000.0,0.0,0.0,79.1,1.5305182489656084,0.0,0.0,1.54765,0.9533662612544772,1.0,3391.3922147131975,1000.0,3392.747336220018,1000.0,0.03569743215425106,0.0
6554,1696125840000.0,0.0,0.0,58.2,1.5305182489656084,0.0,0.0,1.55,0.9533662612544772,1.0,3391.7072314478164,1000.0,3392.841069358018,1000.0,0.026262927785714135,0.0
6555,1696129440000.0,0.0,0.0,49.9,1.5305182489656084,0.0,0.0,1.55095,0.9533662612544772,1.0,3391.832333787402,1000.0,3392.851878164018,1000.0,0.022516696908217768,0.0
6556,1696133040000.0,0.0,0.0,9.9,1.5305182489656084,0.0,0.0,1.5633,0.9533662612544772,1.0,3393.031117428779,1000.0,3393.3556567640194,1000.0,0.004465662158807941,0.0
6557,1696136640000.0,0.0,0.0,7.0,1.5305182489656084,0.0,0.0,1.5673,0.9533662612544772,1.0,3393.1180292427794,1000.0,3393.37550150002,1000.0,0.0031574580225109798,0.0
6558,1696140240000.0,0.0,0.0,4.5,1.5305182489656084,0.0,0.0,1.57515,0.9533662612544772,1.0,3393.2301957703653,1000.0,3393.43103865002,1000.0,0.00202972734621136,0.0
6559,1696143840000.0,0.0,0.0,2.9,1.5305182489656084,0.0,0.0,1.58595,0.9533662612544772,1.0,3393.3019823480204,1000.0,3393.4627344260202,1000.0,0.0013080188397877307,0.0
6560,1696147440000.0,0.0,0.0,1.7,1.5305182489656084,0.0,0.0,1.57905,0.9533662612544772,1.0,3393.3738186812616,1000.0,3393.45632265802,1000.0,0.0007667534325035494,0.0
6561,1696151040000.0,0.0,0.0,0.6,1.5305182489656084,0.0,0.0,1.5796,0.9533662612544772,1.0,3393.423171953398,1000.0,3393.452621004019,1000.0,0.00027061492270377414,0.0
6562,1696154640000.0,0.0,0.0,0.2,1.5305182489656084,0.0,0.0,1.6089,0.9533662612544772,1.0,3393.4530862038114,1000.0,3393.468762554018,1000.0,9.020417905218598e-05,0.0
6563,1696158240000.0,0.0,0.0,0.0,1.5305182489656084,0.0,0.0,1.6066,0.9533662612544772,1.0,3393.468038330018,1000.0,3393.468038330018,1000.0,0.0,0.0
6564,1696161840000.0,0.0,0.0,0.0,1.5305182489656084,0.0,0.0,1.60635,0.9533662612544772,1.0,3393.468038330018,1000.0,3393.468038330018,1000.0,0.0,0.0
6565,1696165440000.0,0.0,0.0,0.0,1.5305182489656084,0.0,0.0,1.6049,0.9533662612544772,1.0,3393.468038330018,1000.0,3393.468038330018,1000.0,0.0,0.0
6566,1696169040000.0,0.0,0.0,0.0,1.5305182489656084,0.0,0.0,1.6174,0.9533662612544772,1.0,3393.468038330018,1000.0,3393.468038330018,1000.0,0.0,0.0
6567,1696172640000.0,0.0,0.0,0.0,1.5305182489656084,0.0,0.0,1.614,0.9533662612544772,1.0,3393.468038330018,1000.0,3393.468038330018,1000.0,0.0,0.0
6568,1696176240000.0,0.0,0.0,0.0,1.5305182489656084,0.0,0.0,1.61315,0.9533662612544772,1.0,3393.468038330018,1000.0,3393.468038330018,1000.0,0.0,0.0
6569,1696179840000.0,0.0,0.0,0.0,1.5305182489656084,0.0,0.0,1.6167,0.9533662612544772,1.0,3393.468038330018,1000.0,3393.468038330018,1000.0,0.0,0.0
6570,1696183440000.0,0.0,0.0,0.0,1.5305182489656084,0.0,0.0,1.6162,0.9533662612544772,1.0,3393.468038330018,1000.0,3393.468038330018,1000.0,0.0,0.0
6571,1696187040000.0,0.0,0.0,0.0,1.5305182489656084,0.0,0.0,1.6217,0.9533662612544772,1.0,3393.468038330018,1000.0,3393.468038330018,1000.0,0.0,0.0
6572,1696190640000.0,0.0,0.0,0.0,1.5305182489656084,0.0,0.0,1.6268,0.9533662612544772,1.0,3393.468038330018,1000.0,3393.468038330018,1000.0,0.0,0.0
6573,1696194240000.0,0.0,0.0,0.0,1.5305182489656084,0.0,0.0,1.6448,0.9533662612544772,1.0,3393.468038330018,1000.0,3393.468038330018,1000.0,0.0,0.0
6574,1696197840000.0,0.0,0.0,0.0,1.5305182489656084,0.0,0.0,1.6522,0.9533662612544772,1.0,3393.468038330018,1000.0,3393.468038330018,1000.0,0.0,0.0
6575,1696201440000.0,0.0,0.0,0.0,1.5305182489656084,0.0,0.0,1.70215,0.9533662612544772,1.0,3393.468038330018,1000.0,3393.468038330018,1000.0,0.0,0.0
6576,1696205040000.0,0.0,0.0,0.0,1.5305182489656084,0.0,0.0,1.6917,0.9533662612544772,1.0,3393.468038330018,1000.0,3393.468038330018,1000.0,0.0,0.0
6577,1696208640000.0,0.0,0.0,0.0,1.5305182489656084,0.0,0.0,1.695,0.9533662612544772,1.0,3393.468038330018,1000.0,3393.468038330018,1000.0,0.0,0.0
6578,1696212240000.0,0.0,0.0,0.0,1.5305182489656084,0.0,0.0,1.7265,0.9533662612544772,1.0,3393.468038330018,1000.0,3393.468038330018,1000.0,0.0,0.0
6579,1696215840000.0,0.0,0.0,0.0,1.5305182489656084,0.0,0.0,1.74335,0.9533662612544772,1.0,3393.468038330018,1000.0,3393.468038330018,1000.0,0.0,0.0
6580,1696219440000.0,0.0,0.0,0.0,1.5305182489656084,0.0,0.0,1.75755,0.9533662612544772,1.0,3393.468038330018,1000.0,3393.468038330018,1000.0,0.0,0.0
6581,1696223040000.0,0.0,0.0,0.0,1.5305182489656084,0.0,0.0,1.7692,0.9533662612544772,1.0,3393.468038330018,1000.0,3393.468038330018,1000.0,0.0,0.0
6582,1696226640000.0,0.0,0.0,0.0,1.5305182489656084,0.0,0.0,1.75545,0.9533662612544772,1.0,3393.468038330018,1000.0,3393.468038330018,1000.0,0.0,0.0
6583,1696230240000.0,0.0,0.0,0.0,1.5305182489656084,0.0,0.0,1.7702,0.9533662612544772,1.0,3393.468038330018,1000.0,3393.468038330018,1000.0,0.0,0.0
6584,1696233840000.0,0.0,0.0,0.0,1.5305182489656084,0.0,0.0,1.7589,0.9533662612544772,1.0,3393.468038330018,1000.0,3393.468038330018,1000.0,0.0,0.0
6585,1696237440000.0,0.0,0.0,97.8,1.7343,0.0,0.0,1.7302,0.9533662612544772,1.0,3393.434115422018,1000.0,3393.033135422018,1000.0,0.04998315400589594,0.0
6586,1696241040000.0,0.0,0.0,97.8,1.7343,0.0,0.0,1.74295,0.9533662612544772,1.0,3393.434115422018,1000.0,3394.2800854220177,1000.0,0.04998315400589594,0.0
6587,1696244640000.0,0.0,0.0,97.8,1.7343,0.0,0.0,1.72655,0.9533662612544772,1.0,3393.434115422018,1000.0,3392.6761654220177,1000.0,0.04998315400589594,0.0
6588,1696248240000.0,0.0,0.0,97.8,1.7343,0.0,0.0,1.7202,0.9533662612544772,1.0,3393.434115422018,1000.0,3392.055135422018,1000.0,0.04998315400589594,0.0
6589,1696251840000.0,0.0,0.0,97.8,1.7343,0.0,0.0,1.7331,0.9533662612544772,1.0,3393.434115422018,1000.0,3393.3167554220176,1000.0,0.04998315400589594,0.0
6590,1696255440000.0,0.0,0.0,97.8,1.7343,0.0,0.0,1.714,0.9533662612544772,1.0,3393.434115422018,1000.0,3391.4487754220177,1000.0,0.04998315400589594,0.0
6591,1696259040000.0,0.0,0.0,97.8,1.7343,0.0,0.0,1.73575,0.9533662612544772,1.0,3393.434115422018,1000.0,3393.575925422018,1000.0,0.04998315400589594,0.0
6592,1696262640000.0,0.0,0.0,97.8,1.7343,0.0,0.0,1.7105,0.9533662612544772,1.0,3393.434115422018,1000.0,3391.106475422018,1000.0,0.04998315400589594,0.0
6593,1696266240000.0,0.0,0.0,97.8,1.7343,0.0,0.0,1.7161,0.9533662612544772,1.0,3393.434115422018,1000.0,3391.654155422018,1000.0,0.04998315400589594,0.0
6594,1696269840000.0,0.0,0.0,97.8,1.7343,0.0,0.0,1.7185,0.9533662612544772,1.0,3393.434115422018,1000.0,3391.888875422018,1000.0,0.04998315400589594,0.0
6595,1696273440000.0,0.0,0.0,247.5,1.6978276363636362,0.0,0.0,1.68955,0.9533662612544772,1.0,3393.383995862018,1000.0,3391.335280862018,1000.0,0.12383282897320728,0.0
6596,1696277040000.0,0.0,0.0,133.8,1.6978276363636362,0.0,0.0,1.72185,0.9533662612544772,1.0,3395.2861267814724,1000.0,3398.500319036018,1000.0,0.06690727357367006,0.0
6597,1696280640000.0,0.0,0.0,99.0,1.7024281906336087,0.0,0.0,1.71015,0.9533662612544772,1.0,3396.304187402745,1000.0,3397.0686465300178,1000.0,0.04962464537124254,0.0
6598,1696284240000.0,0.0,0.0,99.0,1.7024281906336087,0.0,0.0,1.69585,0.9533662612544772,1.0,3396.304187402745,1000.0,3395.6529465300177,1000.0,0.04962464537124254,0.0
6599,1696287840000.0,0.0,0.0,99.0,1.7024281906336087,0.0,0.0,1.6968,0.9533662612544772,1.0,3396.304187402745,1000.0,3395.7469965300174,1000.0,0.04962464537124254,0.0
6600,1696291440000.0,0.0,0.0,99.0,1.7024281906336087,0.0,0.0,1.69455,0.9533662612544772,1.0,3396.304187402745,1000.0,3395.5242465300175,1000.0,0.04962464537124254,0.0
6601,1696295040000.0,0.0,0.0,84.9,1.7024281906336087,0.0,0.0,1.7012,0.9533662612544772,1.0,3396.540050924811,1000.0,3396.4357775400176,1000.0,0.04255393760054118,0.0
6602,1696298640000.0,0.0,0.0,84.9,1.7024281906336087,0.0,0.0,1.70045,0.9533662612544772,1.0,3396.540050924811,1000.0,3396.3721025400177,1000.0,0.04255393760054118,0.0
6603,1696302240000.0,0.0,0.0,84.9,1.7024281906336087,0.0,0.0,1.70585,0.9533662612544772,1.0,3396.540050924811,1000.0,3396.8305625400176,1000.0,0.04255393760054118,0.0
6604,1696305840000.0,0.0,0.0,84.9,1.7024281906336087,0.0,0.0,1.70815,0.9533662612544772,1.0,3396.540050924811,1000.0,3397.0258325400177,1000.0,0.04255393760054118,0.0
6605,1696309440000.0,0.0,0.0,84.9,1.7024281906336087,0.0,0.0,1.71,0.9533662612544772,1.0,3396.540050924811,1000.0,3397.1828975400176,1000.0,0.04255393760054118,0.0
6606,1696313040000.0,0.0,0.0,29.0,1.7024281906336087,0.0,0.0,1.71335,0.9533662612544772,1.0,3397.4751410583926,1000.0,3397.791873530018,1000.0,0.014531502212255958,0.0
6607,1696316640000.0,0.0,0.0,5.7,1.7024281906336087,0.0,0.0,1.759,0.9533662612544772,1.0,3398.358002706629,1000.0,3398.6804620200173,1000.0,0.002855449802193567,0.0
6608,1696320240000.0,0.0,0.0,2.0,1.7024281906336087,0.0,0.0,1.7283,0.9533662612544772,1.0,3398.5711657112843,1000.0,3398.622909330017,1000.0,0.0010018493699997652,0.0
6609,1696323840000.0,0.0,0.0,1.3,1.7024281906336087,0.0,0.0,1.73525,0.9533662612544772,1.0,3398.5944929238412,1000.0,3398.6371612760177,1000.0,0.0006511976207904971,0.0
6610,1696327440000.0,0.0,0.0,98.7,1.722136946786461,0.0,0.0,1.71285,0.9533662612544772,1.0,3398.5609405718415,1000.0,3397.6443189240176,1000.0,0.05001379101921408,0.0
6611,1696331040000.0,0.0,0.0,98.7,1.722136946786461,0.0,0.0,1.7118,0.9533662612544772,1.0,3398.5609405718415,1000.0,3397.5406839240177,1000.0,0.05001379101921408,0.0
6612,1696334640000.0,0.0,0.0,98.7,1.722136946786461,0.0,0.0,1.69905,0.9533662612544772,1.0,3398.5609405718415,1000.0,3396.2822589240177,1000.0,0.05001379101921408,0.0
6613,1696338240000.0,0.0,0.0,98.7,1.722136946786461,0.0,0.0,1.6979,0.9533662612544772,1.0,3398.5609405718415,1000.0,3396.168753924018,1000.0,0.05001379101921408,0.0
6614,1696341840000.0,0.0,0.0,98.7,1.722136946786461,0.0,0.0,1.7101,0.9533662612544772,1.0,3398.5609405718415,1000.0,3397.3728939240177,1000.0,0.05001379101921408,0.0
6615,1696345440000.0,0.0,0.0,98.7,1.722136946786461,0.0,0.0,1.70745,0.9533662612544772,1.0,3398.5609405718415,1000.0,3397.1113389240177,1000.0,0.05001379101921408,0.0
6616,1696349040000.0,0.0,0.0,98.7,1.722136946786461,0.0,0.0,1.71815,0.9533662612544772,1.0,3398.5609405718415,1000.0,3398.1674289240177,1000.0,0.05001379101921408,0.0
6617,1696352640000.0,0.0,0.0,98.7,1.722136946786461,0.0,0.0,1.72715,0.9533662612544772,1.0,3398.5609405718415,1000.0,3399.055728924018,1000.0,0.05001379101921408,0.0
6618,1696356240000.0,0.0,0.0,98.7,1.722136946786461,0.0,0.0,1.7259,0.9533662612544772,1.0,3398.5609405718415,1000.0,3398.9323539240177,1000.0,0.05001379101921408,0.0
6619,1696359840000.0,0.0,0.0,98.7,1.722136946786461,0.0,0.0,1.71825,0.9533662612544772,1.0,3398.5609405718415,1000.0,3398.1772989240176,1000.0,0.05001379101921408,0.0
6620,1696363440000.0,0.0,0.0,98.7,1.722136946786461,0.0,0.0,1.69475,0.9533662612544772,1.0,3398.5609405718415,1000.0,3395.8578489240176,1000.0,0.05001379101921408,0.0
6621,1696367040000.0,0.0,0.0,98.7,1.722136946786461,0.0,0.0,1.7039,0.9533662612544772,1.0,3398.5609405718415,1000.0,3396.760953924018,1000.0,0.05001379101921408,0.0
6622,1696370640000.0,0.0,0.0,98.7,1.722136946786461,0.0,0.0,1.6715,0.9533662612544772,1.0,3398.5609405718415,1000.0,3393.5630739240178,1000.0,0.05001379101921408,0.0
6623,1696374240000.0,0.0,0.0,249.7,1.6859520090020974,0.0,0.0,1.676,0.9533662612544772,1.0,3398.5107391118413,1000.0,3396.0257224640177,1000.0,0.12387255741255718,0.0
6624,1696377840000.0,0.0,0.0,249.7,1.6859520090020974,0.0,0.0,1.65795,0.9533662612544772,1.0,3398.5107391118413,1000.0,3391.5186374640175,1000.0,0.12387255741255718,0.0
6625,1696381440000.0,0.0,0.0,631.8,1.6463074654128267,0.0,0.0,1.62905,0.9533662612544772,1.0,3398.386908143841,1000.0,3387.4836414960173,1000.0,0.30606787418915005,0.0
6626,1696385040000.0,0.0,0.0,631.8,1.6463074654128267,0.0,0.0,1.642,0.9533662612544772,1.0,3398.386908143841,1000.0,3395.6654514960173,1000.0,0.30606787418915005,0.0
6627,1696388640000.0,0.0,0.0,631.8,1.6463074654128267,0.0,0.0,1.64285,0.9533662612544772,1.0,3398.386908143841,1000.0,3396.2024814960173,1000.0,0.30606787418915005,0.0
6628,1696392240000.0,0.0,0.0,631.8,1.6463074654128267,0.0,0.0,1.6348,0.9533662612544772,1.0,3398.386908143841,1000.0,3391.1164914960173,1000.0,0.30606787418915005,0.0
6629,1696395840000.0,0.0,0.0,631.8,1.6463074654128267,0.0,0.0,1.62985,0.9533662612544772,1.0,3398.386908143841,1000.0,3387.989081496017,1000.0,0.30606787418915005,0.0
6630,1696399440000.0,0.0,0.0,631.8,1.6463074654128267,0.0,0.0,1.6401,0.9533662612544772,1.0,3398.386908143841,1000.0,3394.465031496017,1000.0,0.30606787418915005,0.0
6631,1696403040000.0,0.0,0.0,464.3,1.6463074654128267,0.0,0.0,1.66295,0.9533662612544772,1.0,3401.0937038871925,1000.0,3408.820832696017,1000.0,0.22474551504345391,0.0
6632,1696406640000.0,0.0,0.0,464.3,1.6463074654128267,0.0,0.0,1.67255,0.9533662612544772,1.0,3401.0937038871925,1000.0,3413.278112696017,1000.0,0.22474551504345391,0.0
6633,1696410240000.0,0.0,0.0,186.7,1.6463074654128267,0.0,0.0,1.6848,0.9533662612544772,1.0,3410.0481789605924,1000.0,3417.234735168018,1000.0,0.09013526720501117,0.0
6634,1696413840000.0,0.0,0.0,119.6,1.6463074654128267,0.0,0.0,1.69015,0.9533662612544772,1.0,3413.292701131392,1000.0,3418.536268268018,1000.0,0.057685756864071125,0.0
6635,1696417440000.0,0.0,0.0,44.5,1.6463074654128267,0.0,0.0,1.6818,0.9533662612544772,1.0,3416.4073449408884,1000.0,3417.9867627300177,1000.0,0.02144377845322141,0.0
6636,1696421040000.0,0.0,0.0,21.6,1.6463074654128267,0.0,0.0,1.6874,0.9533662612544772,1.0,3417.1460246209344,1000.0,3418.0336233680173,1000.0,0.0104064154697228,0.0
6637,1696424640000.0,0.0,0.0,4.7,1.6463074654128267,0.0,0.0,1.68265,0.9533662612544772,1.0,3417.9631993554576,1000.0,3418.1340092680175,1000.0,0.002263817553360262,0.0
6638,1696428240000.0,0.0,0.0,102.0,1.6740594616415714,0.0,0.0,1.66765,0.9533662612544772,1.0,3417.930596071458,1000.0,3417.2768309840176,1000.0,0.04995831842919913,0.0
6639,1696431840000.0,0.0,0.0,102.0,1.6740594616415714,0.0,0.0,1.651,0.9533662612544772,1.0,3417.930596071458,1000.0,3415.5785309840176,1000.0,0.04995831842919913,0.0
6640,1696435440000.0,0.0,0.0,102.0,1.6740594616415714,0.0,0.0,1.6518,0.9533662612544772,1.0,3417.930596071458,1000.0,3415.6601309840175,1000.0,0.04995831842919913,0.0
6641,1696439040000.0,0.0,0.0,102.0,1.6740594616415714,0.0,0.0,1.6677,0.9533662612544772,1.0,3417.930596071458,1000.0,3417.2819309840174,1000.0,0.04995831842919913,0.0
6642,1696442640000.0,0.0,0.0,102.0,1.6740594616415714,0.0,0.0,1.68345,0.9533662612544772,1.0,3417.930596071458,1000.0,3418.8884309840173,1000.0,0.04995831842919913,0.0
6643,1696446240000.0,0.0,0.0,64.3,1.6740594616415714,0.0,0.0,1.69,0.9533662612544772,1.0,3418.5489657355706,1000.0,3419.5739423520176,1000.0,0.03148763538637559,0.0
6644,1696449840000.0,0.0,0.0,102.1,1.6742999397575629,0.0,0.0,1.67485,0.9533662612544772,1.0,3419.087422465265,1000.0,3419.1435836160176,1000.0,0.049997558625157916,0.0
6645,1696453440000.0,0.0,0.0,102.1,1.6742999397575629,0.0,0.0,1.6852,0.9533662612544772,1.0,3419.087422465265,1000.0,3420.2003186160177,1000.0,0.049997558625157916,0.0
6646,1696457040000.0,0.0,0.0,25.3,1.6742999397575629,0.0,0.0,1.7011,0.9533662612544772,1.0,3421.1632694478835,1000.0,3421.8413109720173,1000.0,0.012381691588400127,0.0
6647,1696460640000.0,0.0,0.0,14.1,1.6742999397575629,0.0,0.0,1.7222,0.9533662612544772,1.0,3421.587554066599,1000.0,3422.262944916017,1000.0,0.006899612760902079,0.0
6648,1696464240000.0,0.0,0.0,1.4,1.6742999397575629,0.0,0.0,1.74775,0.9533662612544772,1.0,3422.2574572516783,1000.0,3422.360287336018,1000.0,0.0006849338324016704,0.0
6649,1696467840000.0,0.0,0.0,0.5,1.6742999397575629,0.0,0.0,1.752,0.9533662612544772,1.0,3422.319643431896,1000.0,3422.358493462017,1000.0,0.00024461478093825535,0.0
6650,1696471440000.0,0.0,0.0,0.0,1.6742999397575629,0.0,0.0,1.7367,0.9533662612544772,1.0,3422.352369452018,1000.0,3422.352369452018,1000.0,0.0,0.0
6651,1696475040000.0,0.0,0.0,0.0,1.6742999397575629,0.0,0.0,1.74385,0.9533662612544772,1.0,3422.352369452018,1000.0,3422.352369452018,1000.0,0.0,0.0
6652,1696478640000.0,0.0,0.0,99.7,1.7165,0.0,0.0,1.71175,0.9533662612544772,1.0,3422.318142442018,1000.0,3421.844567442018,1000.0,0.05000559354130807,0.0
6653,1696482240000.0,0.0,0.0,99.7,1.7165,0.0,0.0,1.72875,0.9533662612544772,1.0,3422.318142442018,1000.0,3423.539467442018,1000.0,0.05000559354130807,0.0
6654,1696485840000.0,0.0,0.0,99.7,1.7165,0.0,0.0,1.70985,0.9533662612544772,1.0,3422.318142442018,1000.0,3421.6551374420183,1000.0,0.05000559354130807,0.0
6655,1696489440000.0,0.0,0.0,99.7,1.7165,0.0,0.0,1.70995,0.9533662612544772,1.0,3422.318142442018,1000.0,3421.6651074420183,1000.0,0.05000559354130807,0.0
6656,1696493040000.0,0.0,0.0,99.7,1.7165,0.0,0.0,1.72055,0.9533662612544772,1.0,3422.318142442018,1000.0,3422.721927442018,1000.0,0.05000559354130807,0.0
6657,1696496640000.0,0.0,0.0,99.7,1.7165,0.0,0.0,1.73185,0.9533662612544772,1.0,3422.318142442018,1000.0,3423.848537442018,1000.0,0.05000559354130807,0.0
6658,1696500240000.0,0.0,0.0,62.9,1.7165,0.0,0.0,1.74365,0.9533662612544772,1.0,3422.938342410018,1000.0,3424.646077410018,1000.0,0.03154244663489385,0.0
6659,1696503840000.0,0.0,0.0,34.1,1.7165,0.0,0.0,1.73805,0.9533662612544772,1.0,3423.423716298018,1000.0,3424.158571298018,1000.0,0.017097693668867653,0.0
6660,1696507440000.0,0.0,0.0,99.2,1.723383870967742,0.0,0.0,1.7102,0.9533662612544772,1.0,3423.6076053920183,1000.0,3422.2997653920183,1000.0,0.04993553575787912,0.0
6661,1696511040000.0,0.0,0.0,99.2,1.723383870967742,0.0,0.0,1.69605,0.9533662612544772,1.0,3423.6076053920183,1000.0,3420.8960853920184,1000.0,0.04993553575787912,0.0
6662,1696514640000.0,0.0,0.0,99.2,1.723383870967742,0.0,0.0,1.71205,0.9533662612544772,1.0,3423.6076053920183,1000.0,3422.4832853920184,1000.0,0.04993553575787912,0.0
6663,1696518240000.0,0.0,0.0,99.2,1.723383870967742,0.0,0.0,1.67835,0.9533662612544772,1.0,3423.6076053920183,1000.0,3419.140245392018,1000.0,0.04993553575787912,0.0
6664,1696521840000.0,0.0,0.0,99.2,1.723383870967742,0.0,0.0,1.68175,0.9533662612544772,1.0,3423.6076053920183,1000.0,3419.4775253920184,1000.0,0.04993553575787912,0.0
6665,1696525440000.0,0.0,0.0,99.2,1.723383870967742,0.0,0.0,1.66975,0.9533662612544772,1.0,3423.6076053920183,1000.0,3418.2871253920184,1000.0,0.04993553575787912,0.0
6666,1696529040000.0,0.0,0.0,99.2,1.723383870967742,0.0,0.0,1.68415,0.9533662612544772,1.0,3423.6076053920183,1000.0,3419.7156053920185,1000.0,0.04993553575787912,0.0
6667,1696532640000.0,0.0,0.0,99.2,1.723383870967742,0.0,0.0,1.68625,0.9533662612544772,1.0,3423.6076053920183,1000.0,3419.923925392018,1000.0,0.04993553575787912,0.0
6668,1696536240000.0,0.0,0.0,99.2,1.723383870967742,0.0,0.0,1.69285,0.9533662612544772,1.0,3423.6076053920183,1000.0,3420.578645392018,1000.0,0.04993553575787912,0.0
6669,1696539840000.0,0.0,0.0,99.2,1.723383870967742,0.0,0.0,1.70505,0.9533662612544772,1.0,3423.6076053920183,1000.0,3421.788885392018,1000.0,0.04993553575787912,0.0
6670,1696543440000.0,0.0,0.0,99.2,1.723383870967742,0.0,0.0,1.70725,0.9533662612544772,1.0,3423.6076053920183,1000.0,3422.007125392018,1000.0,0.04993553575787912,0.0
6671,1696547040000.0,0.0,0.0,99.2,1.723383870967742,0.0,0.0,1.7376,0.9533662612544772,1.0,3423.6076053920183,1000.0,3425.0178453920184,1000.0,0.04993553575787912,0.0
6672,1696550640000.0,0.0,0.0,99.2,1.723383870967742,0.0,0.0,1.72995,0.9533662612544772,1.0,3423.6076053920183,1000.0,3424.258965392018,1000.0,0.04993553575787912,0.0
6673,1696554240000.0,0.0,0.0,99.2,1.723383870967742,0.0,0.0,1.73615,0.9533662612544772,1.0,3423.6076053920183,1000.0,3424.8740053920183,1000.0,0.04993553575787912,0.0
6674,1696557840000.0,0.0,0.0,73.0,1.723383870967742,0.0,0.0,1.73725,0.9533662612544772,1.0,3424.0521667046637,1000.0,3425.0643941240187,1000.0,0.03674214540420478,0.0
6675,1696561440000.0,0.0,0.0,43.5,1.723383870967742,0.0,0.0,1.75075,0.9533662612544772,1.0,3424.8735382051154,1000.0,3426.0639648180186,1000.0,0.021889041318116836,0.0
6676,1696565040000.0,0.0,0.0,12.3,1.723383870967742,0.0,0.0,1.76145,0.9533662612544772,1.0,3425.9269946309223,1000.0,3426.3952080180193,1000.0,0.006187411946058373,0.0
6677,1696568640000.0,0.0,0.0,10.3,1.723383870967742,0.0,0.0,1.7467,0.9533662612544772,1.0,3425.994523888987,1000.0,3426.234680018019,1000.0,0.0051812265744132086,0.0
6678,1696572240000.0,0.0,0.0,7.2,1.723383870967742,0.0,0.0,1.75165,0.9533662612544772,1.0,3426.099194238987,1000.0,3426.3027103680192,1000.0,0.0036217176349804775,0.0
6679,1696575840000.0,0.0,0.0,2.0,1.723383870967742,0.0,0.0,1.77225,0.9533662612544772,1.0,3426.2915669499553,1000.0,3426.3892992080196,1000.0,0.0010059761916303453,0.0
6680,1696579440000.0,0.0,0.0,1.0,1.723383870967742,0.0,0.0,1.75255,0.9533662612544772,1.0,3426.3370892269872,1000.0,3426.3662553560193,1000.0,0.0005029814131208419,0.0
6681,1696583040000.0,0.0,0.0,98.2,1.7437955390578805,0.0,0.0,1.7353,0.9533662612544772,1.0,3426.319895735504,1000.0,3425.48563380002,1000.0,0.049978030991389616,0.0
6682,1696586640000.0,0.0,0.0,98.2,1.7437955390578805,0.0,0.0,1.75545,0.9533662612544772,1.0,3426.319895735504,1000.0,3427.4643638000202,1000.0,0.049978030991389616,0.0
6683,1696590240000.0,0.0,0.0,98.2,1.7446701947451473,0.0,0.0,1.75,0.9533662612544772,1.0,3427.077713783993,1000.0,3427.6011006600197,1000.0,0.04999204203478768,0.0
6684,1696593840000.0,0.0,0.0,98.2,1.7446701947451473,0.0,0.0,1.7408,0.9533662612544772,1.0,3427.077713783993,1000.0,3426.6976606600197,1000.0,0.04999204203478768,0.0
6685,1696597440000.0,0.0,0.0,98.2,1.7446701947451473,0.0,0.0,1.7314,0.9533662612544772,1.0,3427.077713783993,1000.0,3425.7745806600196,1000.0,0.04999204203478768,0.0
6686,1696601040000.0,0.0,0.0,98.2,1.7446701947451473,0.0,0.0,1.73075,0.9533662612544772,1.0,3427.077713783993,1000.0,3425.7107506600196,1000.0,0.04999204203478768,0.0
6687,1696604640000.0,0.0,0.0,98.2,1.7446701947451473,0.0,0.0,1.7427,0.9533662612544772,1.0,3427.077713783993,1000.0,3426.8842406600197,1000.0,0.04999204203478768,0.0
6688,1696608240000.0,0.0,0.0,14.2,1.7446701947451473,0.0,0.0,1.79965,0.9533662612544772,1.0,3429.8208523654016,1000.0,3430.6015656000204,1000.0,0.007223210141805307,0.0
6689,1696611840000.0,0.0,0.0,1.0,1.7446701947451473,0.0,0.0,1.77095,0.9533662612544772,1.0,3430.7097511287666,1000.0,3430.7360309340215,1000.0,0.0005085449721216196,0.0
6690,1696615440000.0,0.0,0.0,0.0,1.7446701947451473,0.0,0.0,1.77455,0.9533662612544772,1.0,3430.7439250940215,1000.0,3430.7439250940215,1000.0,0.0,0.0
6691,1696619040000.0,0.0,0.0,0.0,1.7446701947451473,0.0,0.0,1.7799,0.9533662612544772,1.0,3430.7439250940215,1000.0,3430.7439250940215,1000.0,0.0,0.0
6692,1696622640000.0,0.0,0.0,0.0,1.7446701947451473,0.0,0.0,1.78915,0.9533662612544772,1.0,3430.7439250940215,1000.0,3430.7439250940215,1000.0,0.0,0.0
6693,1696626240000.0,0.0,0.0,0.0,1.7446701947451473,0.0,0.0,1.7909,0.9533662612544772,1.0,3430.7439250940215,1000.0,3430.7439250940215,1000.0,0.0,0.0
6694,1696629840000.0,0.0,0.0,0.0,1.7446701947451473,0.0,0.0,1.81495,0.9533662612544772,1.0,3430.7439250940215,1000.0,3430.7439250940215,1000.0,0.0,0.0
6695,1696633440000.0,0.0,0.0,0.0,1.7446701947451473,0.0,0.0,1.83255,0.9533662612544772,1.0,3430.7439250940215,1000.0,3430.7439250940215,1000.0,0.0,0.0
6696,1696637040000.0,0.0,0.0,0.0,1.7446701947451473,0.0,0.0,1.81875,0.9533662612544772,1.0,3430.7439250940215,1000.0,3430.7439250940215,1000.0,0.0,0.0
6697,1696640640000.0,0.0,0.0,0.0,1.7446701947451473,0.0,0.0,1.8147,0.9533662612544772,1.0,3430.7439250940215,1000.0,3430.7439250940215,1000.0,0.0,0.0
6698,1696644240000.0,0.0,0.0,0.0,1.7446701947451473,0.0,0.0,1.8067,0.9533662612544772,1.0,3430.7439250940215,1000.0,3430.7439250940215,1000.0,0.0,0.0
6699,1696647840000.0,0.0,0.0,95.3,1.8003,0.0,0.0,1.79825,0.9533662612544772,1.0,3430.7096113760217,1000.0,3430.5142463760217,1000.0,0.05000965089877882,0.0
6700,1696651440000.0,0.0,0.0,95.3,1.8003,0.0,0.0,1.8136,0.9533662612544772,1.0,3430.7096113760217,1000.0,3431.977101376022,1000.0,0.05000965089877882,0.0
6701,1696655040000.0,0.0,0.0,81.7,1.8003,0.0,0.0,1.8077,0.9533662612544772,1.0,3430.950825328022,1000.0,3431.555405328022,1000.0,0.04286989743898114,0.0
6702,1696658640000.0,0.0,0.0,70.1,1.8003,0.0,0.0,1.8206,0.9533662612544772,1.0,3431.156566640022,1000.0,3432.579596640022,1000.0,0.0367809010020149,0.0
6703,1696662240000.0,0.0,0.0,32.6,1.8003,0.0,0.0,1.82435,0.9533662612544772,1.0,3431.8216786400226,1000.0,3432.6057086400224,1000.0,0.017101640322773955,0.0
6704,1696665840000.0,0.0,0.0,6.5,1.8003,0.0,0.0,1.832,0.9533662612544772,1.0,3432.741255242023,1000.0,3432.9473052420226,1000.0,0.0034089228199563103,0.0
6705,1696669440000.0,0.0,0.0,1.2,1.8003,0.0,0.0,1.8586,0.9533662612544772,1.0,3432.9913365160237,1000.0,3433.0612965160235,1000.0,0.0006292937523671249,0.0
6706,1696673040000.0,0.0,0.0,0.0,1.8003,0.0,0.0,1.861,0.9533662612544772,1.0,3433.0705485120247,1000.0,3433.0705485120247,1000.0,0.0,0.0
6707,1696676640000.0,0.0,0.0,0.0,1.8003,0.0,0.0,1.86645,0.9533662612544772,1.0,3433.0705485120247,1000.0,3433.0705485120247,1000.0,0.0,0.0
6708,1696680240000.0,0.0,0.0,0.0,1.8003,0.0,0.0,1.86405,0.9533662612544772,1.0,3433.0705485120247,1000.0,3433.0705485120247,1000.0,0.0,0.0
6709,1696683840000.0,0.0,0.0,0.0,1.8003,0.0,0.0,1.8544,0.9533662612544772,1.0,3433.0705485120247,1000.0,3433.0705485120247,1000.0,0.0,0.0
6710,1696687440000.0,0.0,0.0,93.0,1.8455,0.0,0.0,1.852,0.9533662612544772,1.0,3433.0362222120248,1000.0,3433.6407222120247,1000.0,0.049994083630557164,0.0
6711,1696691040000.0,0.0,0.0,93.0,1.8455,0.0,0.0,1.8632,0.9533662612544772,1.0,3433.0362222120248,1000.0,3434.6823222120247,1000.0,0.049994083630557164,0.0
6712,1696694640000.0,0.0,0.0,92.8,1.8479008620689656,0.0,0.0,1.8501,0.9533662612544772,1.0,3434.028929262025,1000.0,3434.233009262025,1000.0,0.0499370283513751,0.0
6713,1696698240000.0,0.0,0.0,92.8,1.8479008620689656,0.0,0.0,1.80795,0.9533662612544772,1.0,3434.028929262025,1000.0,3430.321489262025,1000.0,0.0499370283513751,0.0
6714,1696701840000.0,0.0,0.0,92.8,1.8479008620689656,0.0,0.0,1.80885,0.9533662612544772,1.0,3434.028929262025,1000.0,3430.405009262025,1000.0,0.0499370283513751,0.0
6715,1696705440000.0,0.0,0.0,92.8,1.8479008620689656,0.0,0.0,1.79975,0.9533662612544772,1.0,3434.028929262025,1000.0,3429.560529262025,1000.0,0.0499370283513751,0.0
6716,1696709040000.0,0.0,0.0,92.8,1.8479008620689656,0.0,0.0,1.79715,0.9533662612544772,1.0,3434.028929262025,1000.0,3429.319249262025,1000.0,0.0499370283513751,0.0
6717,1696712640000.0,0.0,0.0,92.8,1.8479008620689656,0.0,0.0,1.8079,0.9533662612544772,1.0,3434.028929262025,1000.0,3430.3168492620252,1000.0,0.0499370283513751,0.0
6718,1696716240000.0,0.0,0.0,92.8,1.8479008620689656,0.0,0.0,1.8176,0.9533662612544772,1.0,3434.028929262025,1000.0,3431.217009262025,1000.0,0.0499370283513751,0.0
6719,1696719840000.0,0.0,0.0,92.8,1.8479008620689656,0.0,0.0,1.8311,0.9533662612544772,1.0,3434.028929262025,1000.0,3432.469809262025,1000.0,0.0499370283513751,0.0
6720,1696723440000.0,0.0,0.0,92.8,1.8479008620689656,0.0,0.0,1.82995,0.9533662612544772,1.0,3434.028929262025,1000.0,3432.363089262025,1000.0,0.0499370283513751,0.0
6721,1696727040000.0,0.0,0.0,92.8,1.8479008620689656,0.0,0.0,1.848,0.9533662612544772,1.0,3434.028929262025,1000.0,3434.038129262025,1000.0,0.0499370283513751,0.0
6722,1696730640000.0,0.0,0.0,92.8,1.8479008620689656,0.0,0.0,1.8339,0.9533662612544772,1.0,3434.028929262025,1000.0,3432.729649262025,1000.0,0.0499370283513751,0.0
6723,1696734240000.0,0.0,0.0,92.8,1.8479008620689656,0.0,0.0,1.83495,0.9533662612544772,1.0,3434.028929262025,1000.0,3432.827089262025,1000.0,0.0499370283513751,0.0
6724,1696737840000.0,0.0,0.0,92.8,1.8479008620689656,0.0,0.0,1.8261,0.9533662612544772,1.0,3434.028929262025,1000.0,3432.005809262025,1000.0,0.0499370283513751,0.0
6725,1696741440000.0,0.0,0.0,92.8,1.8479008620689656,0.0,0.0,1.8178,0.9533662612544772,1.0,3434.028929262025,1000.0,3431.235569262025,1000.0,0.0499370283513751,0.0
6726,1696745040000.0,0.0,0.0,92.8,1.8479008620689656,0.0,0.0,1.8227,0.9533662612544772,1.0,3434.028929262025,1000.0,3431.690289262025,1000.0,0.0499370283513751,0.0
6727,1696748640000.0,0.0,0.0,92.8,1.8479008620689656,0.0,0.0,1.84265,0.9533662612544772,1.0,3434.028929262025,1000.0,3433.541649262025,1000.0,0.0499370283513751,0.0
6728,1696752240000.0,0.0,0.0,92.8,1.8479008620689656,0.0,0.0,1.84045,0.9533662612544772,1.0,3434.028929262025,1000.0,3433.337489262025,1000.0,0.0499370283513751,0.0
6729,1696755840000.0,0.0,0.0,92.8,1.8479008620689656,0.0,0.0,1.83975,0.9533662612544772,1.0,3434.028929262025,1000.0,3433.272529262025,1000.0,0.0499370283513751,0.0
6730,1696759440000.0,0.0,0.0,92.8,1.8479008620689656,0.0,0.0,1.82135,0.9533662612544772,1.0,3434.028929262025,1000.0,3431.565009262025,1000.0,0.0499370283513751,0.0
6731,1696763040000.0,0.0,0.0,92.8,1.8479008620689656,0.0,0.0,1.82115,0.9533662612544772,1.0,3434.028929262025,1000.0,3431.546449262025,1000.0,0.0499370283513751,0.0
6732,1696766640000.0,0.0,0.0,92.8,1.8479008620689656,0.0,0.0,1.82815,0.9533662612544772,1.0,3434.028929262025,1000.0,3432.196049262025,1000.0,0.0499370283513751,0.0
6733,1696770240000.0,0.0,0.0,92.8,1.8479008620689656,0.0,0.0,1.82745,0.9533662612544772,1.0,3434.028929262025,1000.0,3432.131089262025,1000.0,0.0499370283513751,0.0
6734,1696773840000.0,0.0,0.0,92.8,1.8479008620689656,0.0,0.0,1.85205,0.9533662612544772,1.0,3434.028929262025,1000.0,3434.413969262025,1000.0,0.0499370283513751,0.0
6735,1696777440000.0,0.0,0.0,92.8,1.8479008620689656,0.0,0.0,1.8448,0.9533662612544772,1.0,3434.028929262025,1000.0,3433.741169262025,1000.0,0.0499370283513751,0.0
6736,1696781040000.0,0.0,0.0,92.8,1.8479008620689656,0.0,0.0,1.83655,0.9533662612544772,1.0,3434.028929262025,1000.0,3432.975569262025,1000.0,0.0499370283513751,0.0
6737,1696784640000.0,0.0,0.0,92.8,1.8479008620689656,0.0,0.0,1.83215,0.9533662612544772,1.0,3434.028929262025,1000.0,3432.567249262025,1000.0,0.0499370283513751,0.0
6738,1696788240000.0,0.0,0.0,92.8,1.8479008620689656,0.0,0.0,1.82505,0.9533662612544772,1.0,3434.028929262025,1000.0,3431.908369262025,1000.0,0.0499370283513751,0.0
6739,1696791840000.0,0.0,0.0,92.8,1.8479008620689656,0.0,0.0,1.8394,0.9533662612544772,1.0,3434.028929262025,1000.0,3433.240049262025,1000.0,0.0499370283513751,0.0
6740,1696795440000.0,0.0,0.0,92.8,1.8479008620689656,0.0,0.0,1.8498,0.9533662612544772,1.0,3434.028929262025,1000.0,3434.205169262025,1000.0,0.0499370283513751,0.0
6741,1696799040000.0,0.0,0.0,92.8,1.8479008620689656,0.0,0.0,1.8527,0.9533662612544772,1.0,3434.028929262025,1000.0,3434.474289262025,1000.0,0.0499370283513751,0.0
6742,1696802640000.0,0.0,0.0,92.8,1.8479008620689656,0.0,0.0,1.82905,0.9533662612544772,1.0,3434.028929262025,1000.0,3432.2795692620252,1000.0,0.0499370283513751,0.0
6743,1696806240000.0,0.0,0.0,92.8,1.8479008620689656,0.0,0.0,1.82665,0.9533662612544772,1.0,3434.028929262025,1000.0,3432.056849262025,1000.0,0.0499370283513751,0.0
6744,1696809840000.0,0.0,0.0,92.8,1.8479008620689656,0.0,0.0,1.8284,0.9533662612544772,1.0,3434.028929262025,1000.0,3432.219249262025,1000.0,0.0499370283513751,0.0
6745,1696813440000.0,0.0,0.0,92.8,1.8479008620689656,0.0,0.0,1.8277,0.9533662612544772,1.0,3434.028929262025,1000.0,3432.154289262025,1000.0,0.0499370283513751,0.0
6746,1696817040000.0,0.0,0.0,92.8,1.8479008620689656,0.0,0.0,1.8034,0.9533662612544772,1.0,3434.028929262025,1000.0,3429.899249262025,1000.0,0.0499370283513751,0.0
6747,1696820640000.0,0.0,0.0,92.8,1.8479008620689656,0.0,0.0,1.8171,0.9533662612544772,1.0,3434.028929262025,1000.0,3431.170609262025,1000.0,0.0499370283513751,0.0
6748,1696824240000.0,0.0,0.0,92.8,1.8479008620689656,0.0,0.0,1.8184,0.9533662612544772,1.0,3434.028929262025,1000.0,3431.291249262025,1000.0,0.0499370283513751,0.0
6749,1696827840000.0,0.0,0.0,92.8,1.8479008620689656,0.0,0.0,1.81665,0.9533662612544772,1.0,3434.028929262025,1000.0,3431.128849262025,1000.0,0.0499370283513751,0.0
6750,1696831440000.0,0.0,0.0,92.8,1.8479008620689656,0.0,0.0,1.80655,0.9533662612544772,1.0,3434.028929262025,1000.0,3430.191569262025,1000.0,0.0499370283513751,0.0
6751,1696835040000.0,0.0,0.0,92.8,1.8479008620689656,0.0,0.0,1.82755,0.9533662612544772,1.0,3434.028929262025,1000.0,3432.140369262025,1000.0,0.0499370283513751,0.0
6752,1696838640000.0,0.0,0.0,234.8,1.8090741056218058,0.0,0.0,1.78115,0.9533662612544772,1.0,3433.978272182025,1000.0,3427.4216921820253,1000.0,0.12369635633427914,0.0
6753,1696842240000.0,0.0,0.0,234.8,1.8090741056218058,0.0,0.0,1.7664,0.9533662612544772,1.0,3433.978272182025,1000.0,3423.9583921820254,1000.0,0.12369635633427914,0.0
6754,1696845840000.0,0.0,0.0,594.1,1.7665737081299444,0.0,0.0,1.7501,0.9533662612544772,1.0,3433.8533220140253,1000.0,3424.0662920140253,1000.0,0.3056395662772323,0.0
6755,1696849440000.0,0.0,0.0,594.1,1.7665737081299444,0.0,0.0,1.75205,0.9533662612544772,1.0,3433.8533220140253,1000.0,3425.2247870140254,1000.0,0.3056395662772323,0.0
6756,1696853040000.0,0.0,0.0,594.1,1.7665737081299444,0.0,0.0,1.7346,0.9533662612544772,1.0,3433.8533220140253,1000.0,3414.857742014025,1000.0,0.3056395662772323,0.0
6757,1696856640000.0,0.0,0.0,594.1,1.7665737081299444,0.0,0.0,1.7584,0.9533662612544772,1.0,3433.8533220140253,1000.0,3428.997322014025,1000.0,0.3056395662772323,0.0
6758,1696860240000.0,0.0,0.0,436.6,1.7665737081299444,0.0,0.0,1.78315,0.9533662612544772,1.0,3436.589007533559,1000.0,3443.8262165640253,1000.0,0.22443361114138172,0.0
6759,1696863840000.0,0.0,0.0,196.6,1.7665737081299444,0.0,0.0,1.77775,0.9533662612544772,1.0,3441.5452736303723,1000.0,3443.742532612025,1000.0,0.10091640917220389,0.0
6760,1696867440000.0,0.0,0.0,124.0,1.7665737081299444,0.0,0.0,1.7663,0.9533662612544772,1.0,3442.8062943841387,1000.0,3442.7723545760255,1000.0,0.06362691394094203,0.0
6761,1696871040000.0,0.0,0.0,124.0,1.7665737081299444,0.0,0.0,1.74945,0.9533662612544772,1.0,3442.8062943841387,1000.0,3440.6829545760256,1000.0,0.06362691394094203,0.0
6762,1696874640000.0,0.0,0.0,106.3,1.7665737081299444,0.0,0.0,1.78055,0.9533662612544772,1.0,3443.1137333282386,1000.0,3444.5994131540256,1000.0,0.05453981474863788,0.0
6763,1696878240000.0,0.0,0.0,97.3,1.7684678620342238,0.0,0.0,1.7705,0.9533662612544772,1.0,3444.3063028879546,1000.0,3444.5040299120246,1000.0,0.04995836834594312,0.0
6764,1696881840000.0,0.0,0.0,33.2,1.7684678620342238,0.0,0.0,1.7938,0.9533662612544772,1.0,3445.42003384756,1000.0,3446.261060828024,1000.0,0.01704092169974709,0.0
6765,1696885440000.0,0.0,0.0,97.1,1.7720426675544412,0.0,0.0,1.76455,0.9533662612544772,1.0,3445.3973634055596,1000.0,3444.6698253860236,1000.0,0.04994063815311578,0.0
6766,1696889040000.0,0.0,0.0,97.1,1.7720426675544412,0.0,0.0,1.7488,0.9533662612544772,1.0,3445.3973634055596,1000.0,3443.140500386023,1000.0,0.04994063815311578,0.0
6767,1696892640000.0,0.0,0.0,97.1,1.7720426675544412,0.0,0.0,1.76055,0.9533662612544772,1.0,3445.3973634055596,1000.0,3444.2814253860233,1000.0,0.04994063815311578,0.0
6768,1696896240000.0,0.0,0.0,97.1,1.7720426675544412,0.0,0.0,1.76065,0.9533662612544772,1.0,3445.3973634055596,1000.0,3444.2911353860236,1000.0,0.04994063815311578,0.0
6769,1696899840000.0,0.0,0.0,97.1,1.7720426675544412,0.0,0.0,1.73415,0.9533662612544772,1.0,3445.3973634055596,1000.0,3441.7179853860234,1000.0,0.04994063815311578,0.0
6770,1696903440000.0,0.0,0.0,97.1,1.7720426675544412,0.0,0.0,1.72005,0.9533662612544772,1.0,3445.3973634055596,1000.0,3440.3488753860233,1000.0,0.04994063815311578,0.0
6771,1696907040000.0,0.0,0.0,97.1,1.7720426675544412,0.0,0.0,1.732,0.9533662612544772,1.0,3445.3973634055596,1000.0,3441.5092203860236,1000.0,0.04994063815311578,0.0
6772,1696910640000.0,0.0,0.0,97.1,1.7720426675544412,0.0,0.0,1.72465,0.9533662612544772,1.0,3445.3973634055596,1000.0,3440.7955353860234,1000.0,0.04994063815311578,0.0
6773,1696914240000.0,0.0,0.0,245.7,1.7348215019110145,0.0,0.0,1.70315,0.9533662612544772,1.0,3445.3465273455595,1000.0,3437.564839326023,1000.0,0.12371633437636646,0.0
6774,1696917840000.0,0.0,0.0,245.7,1.7348215019110145,0.0,0.0,1.7218,0.9533662612544772,1.0,3445.3465273455595,1000.0,3442.1471443260234,1000.0,0.12371633437636646,0.0
6775,1696921440000.0,0.0,0.0,245.7,1.7348215019110145,0.0,0.0,1.7236,0.9533662612544772,1.0,3445.3465273455595,1000.0,3442.589404326023,1000.0,0.12371633437636646,0.0
6776,1696925040000.0,0.0,0.0,245.7,1.7348215019110145,0.0,0.0,1.74035,0.9533662612544772,1.0,3445.3465273455595,1000.0,3446.7048793260233,1000.0,0.12371633437636646,0.0
6777,1696928640000.0,0.0,0.0,210.6,1.7348215019110145,0.0,0.0,1.7361,0.9533662612544772,1.0,3445.9442121844827,1000.0,3446.213463882023,1000.0,0.10602417967493781,0.0
6778,1696932240000.0,0.0,0.0,180.6,1.7348215019110145,0.0,0.0,1.75415,0.9533662612544772,1.0,3446.455053927152,1000.0,3449.945780682023,1000.0,0.09090754364781907,0.0
6779,1696935840000.0,0.0,0.0,180.6,1.7348215019110145,0.0,0.0,1.74575,0.9533662612544772,1.0,3446.455053927152,1000.0,3448.428740682023,1000.0,0.09090754364781907,0.0
6780,1696939440000.0,0.0,0.0,61.6,1.7348215019110145,0.0,0.0,1.7495,0.9533662612544772,1.0,3448.4813928397416,1000.0,3449.385588322023,1000.0,0.03098900424389929,0.0
6781,1696943040000.0,0.0,0.0,98.9,1.7397831792147467,0.0,0.0,1.7392,0.9533662612544772,1.0,3448.8470137583613,1000.0,3448.789337334023,1000.0,0.04989045780747233,0.0
6782,1696946640000.0,0.0,0.0,26.7,1.7397831792147467,0.0,0.0,1.7828,0.9533662612544772,1.0,3450.405468971057,1000.0,3451.554018086023,1000.0,0.013462826703345743,0.0
6783,1696950240000.0,0.0,0.0,11.1,1.7397831792147467,0.0,0.0,1.78595,0.9533662612544772,1.0,3451.201982831307,1000.0,3451.7144345420234,1000.0,0.005595613755831465,0.0
6784,1696953840000.0,0.0,0.0,8.9,1.7397831792147467,0.0,0.0,1.78245,0.9533662612544772,1.0,3451.3143117090344,1000.0,3451.694046414023,1000.0,0.004486427168478836,0.0
6785,1696957440000.0,0.0,0.0,1.1,1.7397831792147467,0.0,0.0,1.78995,0.9533662612544772,1.0,3451.71256863916,1000.0,3451.7677521420237,1000.0,0.0005544382561062213,0.0
6786,1696961040000.0,0.0,0.0,0.9,1.7397831792147467,0.0,0.0,1.7837,0.9533662612544772,1.0,3451.7227803553174,1000.0,3451.762305494024,1000.0,0.00045362995840937415,0.0
6787,1696964640000.0,0.0,0.0,0.4,1.7397831792147467,0.0,0.0,1.7982,0.9533662612544772,1.0,3451.7483096457095,1000.0,3451.7716763740236,1000.0,0.00020161182370719488,0.0
6788,1696968240000.0,0.0,0.0,0.2,1.7397831792147467,0.0,0.0,1.801,0.9533662612544772,1.0,3451.7585213618663,1000.0,3451.7707647260236,1000.0,0.00010080561362840225,0.0
6789,1696971840000.0,0.0,0.0,83.3,1.778,0.0,0.0,1.7885,0.9533662612544772,1.0,3451.9748879100234,1000.0,3452.8495379100236,1000.0,0.04290512092620427,0.0
6790,1696975440000.0,0.0,0.0,24.4,1.778,0.0,0.0,1.7961,0.9533662612544772,1.0,3453.002153386023,1000.0,3453.443793386023,1000.0,0.012563907600653627,0.0
6791,1696979040000.0,0.0,0.0,11.9,1.778,0.0,0.0,1.8135,0.9533662612544772,1.0,3453.437620386022,1000.0,3453.860070386022,1000.0,0.006126706871756079,0.0
6792,1696982640000.0,0.0,0.0,96.5,1.787677305699482,0.0,0.0,1.7862,0.9533662612544772,1.0,3453.5280360140223,1000.0,3453.385476014022,1000.0,0.04995206588770243,0.0
6793,1696986240000.0,0.0,0.0,52.2,1.787677305699482,0.0,0.0,1.80595,0.9533662612544772,1.0,3454.3060137555353,1000.0,3455.2598483980223,1000.0,0.027014617403875753,0.0
6794,1696989840000.0,0.0,0.0,38.4,1.787677305699482,0.0,0.0,1.80955,0.9533662612544772,1.0,3454.548363480883,1000.0,3455.3882749420227,1000.0,0.01987142784409884,0.0
6795,1696993440000.0,0.0,0.0,96.3,1.793019269876627,0.0,0.0,1.7974,0.9533662612544772,1.0,3454.8286299711426,1000.0,3455.2504942820233,1000.0,0.049978674540091854,0.0
6796,1696997040000.0,0.0,0.0,96.3,1.793019269876627,0.0,0.0,1.77515,0.9533662612544772,1.0,3454.8286299711426,1000.0,3453.1078192820232,1000.0,0.049978674540091854,0.0
6797,1697000640000.0,0.0,0.0,96.3,1.793019269876627,0.0,0.0,1.7918,0.9533662612544772,1.0,3454.8286299711426,1000.0,3454.7112142820233,1000.0,0.049978674540091854,0.0
6798,1697004240000.0,0.0,0.0,96.3,1.793019269876627,0.0,0.0,1.78605,0.9533662612544772,1.0,3454.8286299711426,1000.0,3454.1574892820236,1000.0,0.049978674540091854,0.0
6799,1697007840000.0,0.0,0.0,96.3,1.793019269876627,0.0,0.0,1.78825,0.9533662612544772,1.0,3454.8286299711426,1000.0,3454.3693492820234,1000.0,0.049978674540091854,0.0
6800,1697011440000.0,0.0,0.0,96.3,1.793019269876627,0.0,0.0,1.7738,0.9533662612544772,1.0,3454.8286299711426,1000.0,3452.9778142820232,1000.0,0.049978674540091854,0.0
6801,1697015040000.0,0.0,0.0,96.3,1.793019269876627,0.0,0.0,1.78655,0.9533662612544772,1.0,3454.8286299711426,1000.0,3454.2056392820236,1000.0,0.049978674540091854,0.0
6802,1697018640000.0,0.0,0.0,32.0,1.793019269876627,0.0,0.0,1.81785,0.9533662612544772,1.0,3456.0734790580764,1000.0,3456.868062422024,1000.0,0.01660167730336844,0.0
6803,1697022240000.0,0.0,0.0,6.2,1.793019269876627,0.0,0.0,1.8134,0.9533662612544772,1.0,3456.5280371352596,1000.0,3456.6543976620246,1000.0,0.003216151974988326,0.0
6804,1697025840000.0,0.0,0.0,1.8,1.793019269876627,0.0,0.0,1.8159,0.9533662612544772,1.0,3456.605558667802,1000.0,3456.6467439820244,1000.0,0.0009337006004878968,0.0
6805,1697029440000.0,0.0,0.0,1.6,1.793019269876627,0.0,0.0,1.8204,0.9533662612544772,1.0,3456.609082373827,1000.0,3456.652891542024,1000.0,0.000829955243256039,0.0
6806,1697033040000.0,0.0,0.0,0.8,1.793019269876627,0.0,0.0,1.8333,0.9533662612544772,1.0,3456.640673697925,1000.0,3456.672898282024,1000.0,0.00041497382901728094,0.0
6807,1697036640000.0,0.0,0.0,95.5,1.807026356013999,0.0,0.0,1.8052,0.9533662612544772,1.0,3456.6189479593613,1000.0,3456.4445309600246,1000.0,0.04992480212527198,0.0
6808,1697040240000.0,0.0,0.0,95.5,1.807026356013999,0.0,0.0,1.7711,0.9533662612544772,1.0,3456.6189479593613,1000.0,3453.1879809600246,1000.0,0.04992480212527198,0.0
6809,1697043840000.0,0.0,0.0,241.6,1.7690340935403017,0.0,0.0,1.7482,0.9533662612544772,1.0,3456.5679824353615,1000.0,3451.5344654360247,1000.0,0.1236482659016614,0.0
6810,1697047440000.0,0.0,0.0,241.6,1.7690340935403017,0.0,0.0,1.7588,0.9533662612544772,1.0,3456.5679824353615,1000.0,3454.0954254360245,1000.0,0.1236482659016614,0.0
6811,1697051040000.0,0.0,0.0,241.6,1.7690340935403017,0.0,0.0,1.7666,0.9533662612544772,1.0,3456.5679824353615,1000.0,3455.9799054360246,1000.0,0.1236482659016614,0.0
6812,1697054640000.0,0.0,0.0,241.6,1.7690340935403017,0.0,0.0,1.7789,0.9533662612544772,1.0,3456.5679824353615,1000.0,3458.9515854360247,1000.0,0.1236482659016614,0.0
6813,1697058240000.0,0.0,0.0,241.6,1.7690340935403017,0.0,0.0,1.77125,0.9533662612544772,1.0,3456.5679824353615,1000.0,3457.1033454360245,1000.0,0.1236482659016614,0.0
6814,1697061840000.0,0.0,0.0,96.0,1.7690340935403017,0.0,0.0,1.7951,0.9533662612544772,1.0,3459.1026667998935,1000.0,3461.6049938200244,1000.0,0.04909575960547612,0.0
6815,1697065440000.0,0.0,0.0,18.8,1.7690340935403017,0.0,0.0,1.794,0.9533662612544772,1.0,3461.774181018581,1000.0,3462.2435400600234,1000.0,0.009607166504653979,0.0
6816,1697069040000.0,0.0,0.0,18.8,1.7690340935403017,0.0,0.0,1.7949,0.9533662612544772,1.0,3461.774181018581,1000.0,3462.2604600600234,1000.0,0.009607166504653979,0.0
6817,1697072640000.0,0.0,0.0,96.9,1.7855723686301375,0.0,0.0,1.7802,0.9533662612544772,1.0,3462.126417620283,1000.0,3461.605835100023,1000.0,0.049975633945564646,0.0
6818,1697076240000.0,0.0,0.0,96.9,1.7855723686301375,0.0,0.0,1.76605,0.9533662612544772,1.0,3462.126417620283,1000.0,3460.2347001000226,1000.0,0.049975633945564646,0.0
6819,1697079840000.0,0.0,0.0,96.9,1.7855723686301375,0.0,0.0,1.7527,0.9533662612544772,1.0,3462.126417620283,1000.0,3458.9410851000225,1000.0,0.049975633945564646,0.0
6820,1697083440000.0,0.0,0.0,96.9,1.7855723686301375,0.0,0.0,1.75485,0.9533662612544772,1.0,3462.126417620283,1000.0,3459.149420100023,1000.0,0.049975633945564646,0.0
6821,1697087040000.0,0.0,0.0,96.9,1.7855723686301375,0.0,0.0,1.76875,0.9533662612544772,1.0,3462.126417620283,1000.0,3460.4963301000225,1000.0,0.049975633945564646,0.0
6822,1697090640000.0,0.0,0.0,96.9,1.7855723686301375,0.0,0.0,1.795,0.9533662612544772,1.0,3462.126417620283,1000.0,3463.039955100023,1000.0,0.049975633945564646,0.0
6823,1697094240000.0,0.0,0.0,61.2,1.7855723686301375,0.0,0.0,1.79295,0.9533662612544772,1.0,3462.753557070187,1000.0,3463.2050681100227,1000.0,0.031557841803972614,0.0
6824,1697097840000.0,0.0,0.0,97.3,1.78302259979614,0.0,0.0,1.7741,0.9533662612544772,1.0,3462.740714856187,1000.0,3461.8725458960225,1000.0,0.05010138305067108,0.0
6825,1697101440000.0,0.0,0.0,97.3,1.78302259979614,0.0,0.0,1.76995,0.9533662612544772,1.0,3462.740714856187,1000.0,3461.4687508960224,1000.0,0.05010138305067108,0.0
6826,1697105040000.0,0.0,0.0,97.3,1.78302259979614,0.0,0.0,1.7638,0.9533662612544772,1.0,3462.740714856187,1000.0,3460.8703558960224,1000.0,0.05010138305067108,0.0
6827,1697108640000.0,0.0,0.0,97.3,1.78302259979614,0.0,0.0,1.76085,0.9533662612544772,1.0,3462.740714856187,1000.0,3460.5833208960225,1000.0,0.05010138305067108,0.0
6828,1697112240000.0,0.0,0.0,97.3,1.78302259979614,0.0,0.0,1.7863,0.9533662612544772,1.0,3462.740714856187,1000.0,3463.0596058960227,1000.0,0.05010138305067108,0.0
6829,1697115840000.0,0.0,0.0,97.3,1.78302259979614,0.0,0.0,1.76345,0.9533662612544772,1.0,3462.740714856187,1000.0,3460.8363008960227,1000.0,0.05010138305067108,0.0
6830,1697119440000.0,0.0,0.0,97.3,1.78302259979614,0.0,0.0,1.7503,0.9533662612544772,1.0,3462.740714856187,1000.0,3459.5568058960225,1000.0,0.05010138305067108,0.0
6831,1697123040000.0,0.0,0.0,246.2,1.7455722541030236,0.0,0.0,1.73525,0.9533662612544772,1.0,3462.689460498187,1000.0,3460.1481215380227,1000.0,0.12411158836586333,0.0
6832,1697126640000.0,0.0,0.0,246.2,1.7455722541030236,0.0,0.0,1.72685,0.9533662612544772,1.0,3462.689460498187,1000.0,3458.0800415380227,1000.0,0.12411158836586333,0.0
6833,1697130240000.0,0.0,0.0,246.2,1.7455722541030236,0.0,0.0,1.72035,0.9533662612544772,1.0,3462.689460498187,1000.0,3456.4797415380226,1000.0,0.12411158836586333,0.0
6834,1697133840000.0,0.0,0.0,246.2,1.7455722541030236,0.0,0.0,1.7245,0.9533662612544772,1.0,3462.689460498187,1000.0,3457.5014715380225,1000.0,0.12411158836586333,0.0
6835,1697137440000.0,0.0,0.0,246.2,1.7455722541030236,0.0,0.0,1.72755,0.9533662612544772,1.0,3462.689460498187,1000.0,3458.2523815380227,1000.0,0.12411158836586333,0.0
6836,1697141040000.0,0.0,0.0,246.2,1.7455722541030236,0.0,0.0,1.74535,0.9533662612544772,1.0,3462.689460498187,1000.0,3462.634741538023,1000.0,0.12411158836586333,0.0
6837,1697144640000.0,0.0,0.0,246.2,1.7455722541030236,0.0,0.0,1.71505,0.9533662612544772,1.0,3462.689460498187,1000.0,3455.174881538023,1000.0,0.12411158836586333,0.0
6838,1697148240000.0,0.0,0.0,246.2,1.7455722541030236,0.0,0.0,1.73045,0.9533662612544772,1.0,3462.689460498187,1000.0,3458.9663615380227,1000.0,0.12411158836586333,0.0
6839,1697151840000.0,0.0,0.0,246.2,1.7455722541030236,0.0,0.0,1.73635,0.9533662612544772,1.0,3462.689460498187,1000.0,3460.418941538023,1000.0,0.12411158836586333,0.0
6840,1697155440000.0,0.0,0.0,246.2,1.7455722541030236,0.0,0.0,1.72585,0.9533662612544772,1.0,3462.689460498187,1000.0,3457.8338415380226,1000.0,0.12411158836586333,0.0
6841,1697159040000.0,0.0,0.0,246.2,1.7455722541030236,0.0,0.0,1.7107,0.9533662612544772,1.0,3462.689460498187,1000.0,3454.1039115380227,1000.0,0.12411158836586333,0.0
6842,1697162640000.0,0.0,0.0,246.2,1.7455722541030236,0.0,0.0,1.7338,0.9533662612544772,1.0,3462.689460498187,1000.0,3459.791131538023,1000.0,0.12411158836586333,0.0
6843,1697166240000.0,0.0,0.0,246.2,1.7455722541030236,0.0,0.0,1.7138,0.9533662612544772,1.0,3462.689460498187,1000.0,3454.867131538023,1000.0,0.12411158836586333,0.0
6844,1697169840000.0,0.0,0.0,246.2,1.7455722541030236,0.0,0.0,1.7101,0.9533662612544772,1.0,3462.689460498187,1000.0,3453.9561915380227,1000.0,0.12411158836586333,0.0
6845,1697173440000.0,0.0,0.0,246.2,1.7455722541030236,0.0,0.0,1.73045,0.9533662612544772,1.0,3462.689460498187,1000.0,3458.9663615380227,1000.0,0.12411158836586333,0.0
6846,1697177040000.0,0.0,0.0,246.2,1.7455722541030236,0.0,0.0,1.7318,0.9533662612544772,1.0,3462.689460498187,1000.0,3459.298731538023,1000.0,0.12411158836586333,0.0
6847,1697180640000.0,0.0,0.0,246.2,1.7455722541030236,0.0,0.0,1.7447,0.9533662612544772,1.0,3462.689460498187,1000.0,3462.474711538023,1000.0,0.12411158836586333,0.0
6848,1697184240000.0,0.0,0.0,246.2,1.7455722541030236,0.0,0.0,1.73945,0.9533662612544772,1.0,3462.689460498187,1000.0,3461.1821615380227,1000.0,0.12411158836586333,0.0
6849,1697187840000.0,0.0,0.0,246.2,1.7455722541030236,0.0,0.0,1.71965,0.9533662612544772,1.0,3462.689460498187,1000.0,3456.3074015380225,1000.0,0.12411158836586333,0.0
6850,1697191440000.0,0.0,0.0,246.2,1.7455722541030236,0.0,0.0,1.72015,0.9533662612544772,1.0,3462.689460498187,1000.0,3456.430501538023,1000.0,0.12411158836586333,0.0
6851,1697195040000.0,0.0,0.0,246.2,1.7455722541030236,0.0,0.0,1.72,0.9533662612544772,1.0,3462.689460498187,1000.0,3456.3935715380226,1000.0,0.12411158836586333,0.0
6852,1697198640000.0,0.0,0.0,246.2,1.7455722541030236,0.0,0.0,1.72785,0.9533662612544772,1.0,3462.689460498187,1000.0,3458.3262415380227,1000.0,0.12411158836586333,0.0
6853,1697202240000.0,0.0,0.0,246.2,1.7455722541030236,0.0,0.0,1.7481,0.9533662612544772,1.0,3462.689460498187,1000.0,3463.3117915380226,1000.0,0.12411158836586333,0.0
6854,1697205840000.0,0.0,0.0,246.2,1.7455722541030236,0.0,0.0,1.74025,0.9533662612544772,1.0,3462.689460498187,1000.0,3461.379121538023,1000.0,0.12411158836586333,0.0
6855,1697209440000.0,0.0,0.0,246.2,1.7455722541030236,0.0,0.0,1.72145,0.9533662612544772,1.0,3462.689460498187,1000.0,3456.750561538023,1000.0,0.12411158836586333,0.0
6856,1697213040000.0,0.0,0.0,246.2,1.7455722541030236,0.0,0.0,1.7294,0.9533662612544772,1.0,3462.689460498187,1000.0,3458.7078515380226,1000.0,0.12411158836586333,0.0
6857,1697216640000.0,0.0,0.0,246.2,1.7455722541030236,0.0,0.0,1.73805,0.9533662612544772,1.0,3462.689460498187,1000.0,3460.8374815380225,1000.0,0.12411158836586333,0.0
6858,1697220240000.0,0.0,0.0,246.2,1.7455722541030236,0.0,0.0,1.7338,0.9533662612544772,1.0,3462.689460498187,1000.0,3459.791131538023,1000.0,0.12411158836586333,0.0
6859,1697223840000.0,0.0,0.0,246.2,1.7455722541030236,0.0,0.0,1.7298,0.9533662612544772,1.0,3462.689460498187,1000.0,3458.8063315380227,1000.0,0.12411158836586333,0.0
6860,1697227440000.0,0.0,0.0,246.2,1.7455722541030236,0.0,0.0,1.72055,0.9533662612544772,1.0,3462.689460498187,1000.0,3456.528981538023,1000.0,0.12411158836586333,0.0
6861,1697231040000.0,0.0,0.0,146.7,1.7455722541030236,0.0,0.0,1.76755,0.9533662612544772,1.0,3465.492966564936,1000.0,3468.7171018880226,1000.0,0.07389293591056989,0.0
6862,1697234640000.0,0.0,0.0,40.7,1.7455722541030236,0.0,0.0,1.75645,0.9533662612544772,1.0,3468.073277930016,1000.0,3468.516002188023,1000.0,0.020485377628582713,0.0
6863,1697238240000.0,0.0,0.0,25.8,1.7455722541030236,0.0,0.0,1.7604,0.9533662612544772,1.0,3468.3291873058806,1000.0,3468.711743150023,1000.0,0.012984858623192215,0.0
6864,1697241840000.0,0.0,0.0,99.5,1.7439632578478195,0.0,0.0,1.74265,0.9533662612544772,1.0,3468.3034895898804,1000.0,3468.1728204340225,1000.0,0.05003147639089016,0.0
6865,1697245440000.0,0.0,0.0,99.5,1.7439632578478195,0.0,0.0,1.73865,0.9533662612544772,1.0,3468.3034895898804,1000.0,3467.7748204340223,1000.0,0.05003147639089016,0.0
6866,1697249040000.0,0.0,0.0,99.5,1.7439632578478195,0.0,0.0,1.74995,0.9533662612544772,1.0,3468.3034895898804,1000.0,3468.8991704340224,1000.0,0.05003147639089016,0.0
6867,1697252640000.0,0.0,0.0,99.5,1.7439632578478195,0.0,0.0,1.7466,0.9533662612544772,1.0,3468.3034895898804,1000.0,3468.5658454340223,1000.0,0.05003147639089016,0.0
6868,1697256240000.0,0.0,0.0,73.2,1.7439632578478195,0.0,0.0,1.76055,0.9533662612544772,1.0,3468.755440418483,1000.0,3469.9695899440226,1000.0,0.03680228043377404,0.0
6869,1697259840000.0,0.0,0.0,34.0,1.7439632578478195,0.0,0.0,1.75325,0.9533662612544772,1.0,3469.4290705508483,1000.0,3469.7448197840226,1000.0,0.01709063640185949,0.0
6870,1697263440000.0,0.0,0.0,99.3,1.7468871739125167,0.0,0.0,1.74755,0.9533662612544772,1.0,3469.614998375535,1000.0,3469.680817006022,1000.0,0.04999571896326515,0.0
6871,1697267040000.0,0.0,0.0,99.3,1.7468871739125167,0.0,0.0,1.75085,0.9533662612544772,1.0,3469.614998375535,1000.0,3470.0085070060222,1000.0,0.04999571896326515,0.0
6872,1697270640000.0,0.0,0.0,99.3,1.7468871739125167,0.0,0.0,1.73685,0.9533662612544772,1.0,3469.614998375535,1000.0,3468.618307006022,1000.0,0.04999571896326515,0.0
6873,1697274240000.0,0.0,0.0,99.3,1.7468871739125167,0.0,0.0,1.749,0.9533662612544772,1.0,3469.614998375535,1000.0,3469.824802006022,1000.0,0.04999571896326515,0.0
6874,1697277840000.0,0.0,0.0,99.3,1.7468871739125167,0.0,0.0,1.7446,0.9533662612544772,1.0,3469.614998375535,1000.0,3469.387882006022,1000.0,0.04999571896326515,0.0
6875,1697281440000.0,0.0,0.0,99.3,1.7468871739125167,0.0,0.0,1.73495,0.9533662612544772,1.0,3469.614998375535,1000.0,3468.429637006022,1000.0,0.04999571896326515,0.0
6876,1697285040000.0,0.0,0.0,99.3,1.7468871739125167,0.0,0.0,1.72875,0.9533662612544772,1.0,3469.614998375535,1000.0,3467.813977006022,1000.0,0.04999571896326515,0.0
6877,1697288640000.0,0.0,0.0,99.3,1.7468871739125167,0.0,0.0,1.7279,0.9533662612544772,1.0,3469.614998375535,1000.0,3467.729572006022,1000.0,0.04999571896326515,0.0
6878,1697292240000.0,0.0,0.0,99.3,1.7468871739125167,0.0,0.0,1.7308,0.9533662612544772,1.0,3469.614998375535,1000.0,3468.017542006022,1000.0,0.04999571896326515,0.0
6879,1697295840000.0,0.0,0.0,99.3,1.7468871739125167,0.0,0.0,1.722,0.9533662612544772,1.0,3469.614998375535,1000.0,3467.143702006022,1000.0,0.04999571896326515,0.0
6880,1697299440000.0,0.0,0.0,99.3,1.7468871739125167,0.0,0.0,1.7342,0.9533662612544772,1.0,3469.614998375535,1000.0,3468.355162006022,1000.0,0.04999571896326515,0.0
6881,1697303040000.0,0.0,0.0,99.3,1.7468871739125167,0.0,0.0,1.7395,0.9533662612544772,1.0,3469.614998375535,1000.0,3468.881452006022,1000.0,0.04999571896326515,0.0
6882,1697306640000.0,0.0,0.0,99.3,1.7468871739125167,0.0,0.0,1.73695,0.9533662612544772,1.0,3469.614998375535,1000.0,3468.628237006022,1000.0,0.04999571896326515,0.0
6883,1697310240000.0,0.0,0.0,99.3,1.7468871739125167,0.0,0.0,1.729,0.9533662612544772,1.0,3469.614998375535,1000.0,3467.838802006022,1000.0,0.04999571896326515,0.0
6884,1697313840000.0,0.0,0.0,99.3,1.7468871739125167,0.0,0.0,1.73705,0.9533662612544772,1.0,3469.614998375535,1000.0,3468.638167006022,1000.0,0.04999571896326515,0.0
6885,1697317440000.0,0.0,0.0,99.3,1.7468871739125167,0.0,0.0,1.7407,0.9533662612544772,1.0,3469.614998375535,1000.0,3469.000612006022,1000.0,0.04999571896326515,0.0
6886,1697321040000.0,0.0,0.0,99.3,1.7468871739125167,0.0,0.0,1.7375,0.9533662612544772,1.0,3469.614998375535,1000.0,3468.682852006022,1000.0,0.04999571896326515,0.0
6887,1697324640000.0,0.0,0.0,99.3,1.7468871739125167,0.0,0.0,1.73945,0.9533662612544772,1.0,3469.614998375535,1000.0,3468.876487006022,1000.0,0.04999571896326515,0.0
6888,1697328240000.0,0.0,0.0,99.3,1.7468871739125167,0.0,0.0,1.73535,0.9533662612544772,1.0,3469.614998375535,1000.0,3468.469357006022,1000.0,0.04999571896326515,0.0
6889,1697331840000.0,0.0,0.0,99.3,1.7468871739125167,0.0,0.0,1.7309,0.9533662612544772,1.0,3469.614998375535,1000.0,3468.027472006022,1000.0,0.04999571896326515,0.0
6890,1697335440000.0,0.0,0.0,85.2,1.7468871739125167,0.0,0.0,1.7506,0.9533662612544772,1.0,3469.856953615368,1000.0,3470.173286398022,1000.0,0.04289363775134019,0.0
6891,1697339040000.0,0.0,0.0,85.2,1.7468871739125167,0.0,0.0,1.7428,0.9533662612544772,1.0,3469.856953615368,1000.0,3469.5087263980217,1000.0,0.04289363775134019,0.0
6892,1697342640000.0,0.0,0.0,85.2,1.7468871739125167,0.0,0.0,1.7346,0.9533662612544772,1.0,3469.856953615368,1000.0,3468.8100863980217,1000.0,0.04289363775134019,0.0
6893,1697346240000.0,0.0,0.0,85.2,1.7468871739125167,0.0,0.0,1.73985,0.9533662612544772,1.0,3469.856953615368,1000.0,3469.257386398022,1000.0,0.04289363775134019,0.0
6894,1697349840000.0,0.0,0.0,85.2,1.7468871739125167,0.0,0.0,1.72855,0.9533662612544772,1.0,3469.856953615368,1000.0,3468.2946263980216,1000.0,0.04289363775134019,0.0
6895,1697353440000.0,0.0,0.0,85.2,1.7468871739125167,0.0,0.0,1.7274,0.9533662612544772,1.0,3469.856953615368,1000.0,3468.1966463980216,1000.0,0.04289363775134019,0.0
6896,1697357040000.0,0.0,0.0,85.2,1.7468871739125167,0.0,0.0,1.73085,0.9533662612544772,1.0,3469.856953615368,1000.0,3468.4905863980216,1000.0,0.04289363775134019,0.0
6897,1697360640000.0,0.0,0.0,85.2,1.7468871739125167,0.0,0.0,1.73485,0.9533662612544772,1.0,3469.856953615368,1000.0,3468.8313863980216,1000.0,0.04289363775134019,0.0
6898,1697364240000.0,0.0,0.0,85.2,1.7468871739125167,0.0,0.0,1.7282,0.9533662612544772,1.0,3469.856953615368,1000.0,3468.264806398022,1000.0,0.04289363775134019,0.0
6899,1697367840000.0,0.0,0.0,85.2,1.7468871739125167,0.0,0.0,1.72445,0.9533662612544772,1.0,3469.856953615368,1000.0,3467.945306398022,1000.0,0.04289363775134019,0.0
6900,1697371440000.0,0.0,0.0,85.2,1.7468871739125167,0.0,0.0,1.72045,0.9533662612544772,1.0,3469.856953615368,1000.0,3467.604506398022,1000.0,0.04289363775134019,0.0
6901,1697375040000.0,0.0,0.0,85.2,1.7468871739125167,0.0,0.0,1.72275,0.9533662612544772,1.0,3469.856953615368,1000.0,3467.800466398022,1000.0,0.04289363775134019,0.0
6902,1697378640000.0,0.0,0.0,85.2,1.7468871739125167,0.0,0.0,1.7187,0.9533662612544772,1.0,3469.856953615368,1000.0,3467.4554063980218,1000.0,0.04289363775134019,0.0
6903,1697382240000.0,0.0,0.0,85.2,1.7468871739125167,0.0,0.0,1.72145,0.9533662612544772,1.0,3469.856953615368,1000.0,3467.689706398022,1000.0,0.04289363775134019,0.0
6904,1697385840000.0,0.0,0.0,85.2,1.7468871739125167,0.0,0.0,1.72585,0.9533662612544772,1.0,3469.856953615368,1000.0,3468.0645863980217,1000.0,0.04289363775134019,0.0
6905,1697389440000.0,0.0,0.0,85.2,1.7468871739125167,0.0,0.0,1.71055,0.9533662612544772,1.0,3469.856953615368,1000.0,3466.761026398022,1000.0,0.04289363775134019,0.0
6906,1697393040000.0,0.0,0.0,85.2,1.7468871739125167,0.0,0.0,1.722,0.9533662612544772,1.0,3469.856953615368,1000.0,3467.7365663980218,1000.0,0.04289363775134019,0.0
6907,1697396640000.0,0.0,0.0,85.2,1.7468871739125167,0.0,0.0,1.7185,0.9533662612544772,1.0,3469.856953615368,1000.0,3467.4383663980216,1000.0,0.04289363775134019,0.0
6908,1697400240000.0,0.0,0.0,85.2,1.7468871739125167,0.0,0.0,1.71085,0.9533662612544772,1.0,3469.856953615368,1000.0,3466.786586398022,1000.0,0.04289363775134019,0.0
6909,1697403840000.0,0.0,0.0,85.2,1.7468871739125167,0.0,0.0,1.7225,0.9533662612544772,1.0,3469.856953615368,1000.0,3467.779166398022,1000.0,0.04289363775134019,0.0
6910,1697407440000.0,0.0,0.0,85.2,1.7468871739125167,0.0,0.0,1.7253,0.9533662612544772,1.0,3469.856953615368,1000.0,3468.0177263980218,1000.0,0.04289363775134019,0.0
6911,1697411040000.0,0.0,0.0,85.2,1.7468871739125167,0.0,0.0,1.71715,0.9533662612544772,1.0,3469.856953615368,1000.0,3467.323346398022,1000.0,0.04289363775134019,0.0
6912,1697414640000.0,0.0,0.0,85.2,1.7468871739125167,0.0,0.0,1.7243,0.9533662612544772,1.0,3469.856953615368,1000.0,3467.9325263980218,1000.0,0.04289363775134019,0.0
6913,1697418240000.0,0.0,0.0,85.2,1.7468871739125167,0.0,0.0,1.73155,0.9533662612544772,1.0,3469.856953615368,1000.0,3468.5502263980216,1000.0,0.04289363775134019,0.0
6914,1697421840000.0,0.0,0.0,85.2,1.7468871739125167,0.0,0.0,1.74,0.9533662612544772,1.0,3469.856953615368,1000.0,3469.270166398022,1000.0,0.04289363775134019,0.0
6915,1697425440000.0,0.0,0.0,85.2,1.7468871739125167,0.0,0.0,1.74415,0.9533662612544772,1.0,3469.856953615368,1000.0,3469.623746398022,1000.0,0.04289363775134019,0.0
6916,1697429040000.0,0.0,0.0,85.2,1.7468871739125167,0.0,0.0,1.7598,0.9533662612544772,1.0,3469.856953615368,1000.0,3470.957126398022,1000.0,0.04289363775134019,0.0
6917,1697432640000.0,0.0,0.0,85.2,1.7468871739125167,0.0,0.0,1.7573,0.9533662612544772,1.0,3469.856953615368,1000.0,3470.7441263980218,1000.0,0.04289363775134019,0.0
6918,1697436240000.0,0.0,0.0,0.0,1.7468871739125167,0.0,0.0,1.87195,0.9533662612544772,1.0,3473.9681910740205,1000.0,3473.9681910740205,1000.0,0.0,0.0
6919,1697439840000.0,0.0,0.0,0.0,1.7468871739125167,0.0,0.0,1.90745,0.9533662612544772,1.0,3473.9681910740205,1000.0,3473.9681910740205,1000.0,0.0,0.0
6920,1697443440000.0,0.0,0.0,0.0,1.7468871739125167,0.0,0.0,1.8705,0.9533662612544772,1.0,3473.9681910740205,1000.0,3473.9681910740205,1000.0,0.0,0.0
6921,1697447040000.0,0.0,0.0,0.0,1.7468871739125167,0.0,0.0,1.85135,0.9533662612544772,1.0,3473.9681910740205,1000.0,3473.9681910740205,1000.0,0.0,0.0
6922,1697450640000.0,0.0,0.0,0.0,1.7468871739125167,0.0,0.0,1.86105,0.9533662612544772,1.0,3473.9681910740205,1000.0,3473.9681910740205,1000.0,0.0,0.0
6923,1697454240000.0,0.0,0.0,0.0,1.7468871739125167,0.0,0.0,1.87285,0.9533662612544772,1.0,3473.9681910740205,1000.0,3473.9681910740205,1000.0,0.0,0.0
6924,1697457840000.0,0.0,0.0,0.0,1.7468871739125167,0.0,0.0,1.86415,0.9533662612544772,1.0,3473.9681910740205,1000.0,3473.9681910740205,1000.0,0.0,0.0
6925,1697461440000.0,0.0,0.0,0.0,1.7468871739125167,0.0,0.0,1.86415,0.9533662612544772,1.0,3473.9681910740205,1000.0,3473.9681910740205,1000.0,0.0,0.0
6926,1697465040000.0,0.0,0.0,69.3,1.8448528662420383,0.0,0.0,1.858,0.9533662612544772,1.0,3474.825672104593,1000.0,3475.7367684740198,1000.0,0.03679272449749674,0.0
6927,1697468640000.0,0.0,0.0,94.1,1.845400364453807,0.0,0.0,1.8304,0.9533662612544772,1.0,3475.2594138091235,1000.0,3473.8478795140204,1000.0,0.049968118525220685,0.0
6928,1697472240000.0,0.0,0.0,94.1,1.845400364453807,0.0,0.0,1.82265,0.9533662612544772,1.0,3475.2594138091235,1000.0,3473.1186045140203,1000.0,0.049968118525220685,0.0
6929,1697475840000.0,0.0,0.0,94.1,1.845400364453807,0.0,0.0,1.8116,0.9533662612544772,1.0,3475.2594138091235,1000.0,3472.0787995140204,1000.0,0.049968118525220685,0.0
6930,1697479440000.0,0.0,0.0,94.1,1.845400364453807,0.0,0.0,1.81985,0.9533662612544772,1.0,3475.2594138091235,1000.0,3472.85512451402,1000.0,0.049968118525220685,0.0
6931,1697483040000.0,0.0,0.0,94.1,1.845400364453807,0.0,0.0,1.83555,0.9533662612544772,1.0,3475.2594138091235,1000.0,3474.3324945140203,1000.0,0.049968118525220685,0.0
6932,1697486640000.0,0.0,0.0,94.1,1.845400364453807,0.0,0.0,1.8304,0.9533662612544772,1.0,3475.2594138091235,1000.0,3473.8478795140204,1000.0,0.049968118525220685,0.0
6933,1697490240000.0,0.0,0.0,94.1,1.845400364453807,0.0,0.0,1.82165,0.9533662612544772,1.0,3475.2594138091235,1000.0,3473.0245045140205,1000.0,0.049968118525220685,0.0
6934,1697493840000.0,0.0,0.0,94.1,1.845400364453807,0.0,0.0,1.838,0.9533662612544772,1.0,3475.2594138091235,1000.0,3474.56303951402,1000.0,0.049968118525220685,0.0
6935,1697497440000.0,0.0,0.0,94.1,1.845400364453807,0.0,0.0,1.84445,0.9533662612544772,1.0,3475.2594138091235,1000.0,3475.16998451402,1000.0,0.049968118525220685,0.0
6936,1697501040000.0,0.0,0.0,94.1,1.845400364453807,0.0,0.0,1.8348,0.9533662612544772,1.0,3475.2594138091235,1000.0,3474.2619195140205,1000.0,0.049968118525220685,0.0
6937,1697504640000.0,0.0,0.0,94.1,1.845400364453807,0.0,0.0,1.8436,0.9533662612544772,1.0,3475.2594138091235,1000.0,3475.0899995140203,1000.0,0.049968118525220685,0.0
6938,1697508240000.0,0.0,0.0,37.6,1.845400364453807,0.0,0.0,1.8654,0.9533662612544772,1.0,3476.283581147484,1000.0,3477.0355674440207,1000.0,0.01996012468020783,0.0
6939,1697511840000.0,0.0,0.0,3.2,1.845400364453807,0.0,0.0,1.9007,0.9533662612544772,1.0,3477.1950873782725,1000.0,3477.3720462120205,1000.0,0.0016982887119815395,0.0
6940,1697515440000.0,0.0,0.0,2.3,1.845400364453807,0.0,0.0,1.87815,0.9533662612544772,1.0,3477.2275983082645,1000.0,3477.302922470021,1000.0,0.0012206335991088834,0.0
6941,1697519040000.0,0.0,0.0,2.0,1.845400364453807,0.0,0.0,1.87265,0.9533662612544772,1.0,3477.2330363649285,1000.0,3477.287535636021,1000.0,0.0010614188610050558,0.0
6942,1697522640000.0,0.0,0.0,1.2,1.845400364453807,0.0,0.0,1.87075,0.9533662612544772,1.0,3477.247537849365,1000.0,3477.2779574120204,1000.0,0.0006368486606835582,0.0
6943,1697526240000.0,0.0,0.0,93.4,1.8606021460101132,0.0,0.0,1.87465,0.9533662612544772,1.0,3477.213224697365,1000.0,3478.5252942600205,1000.0,0.04997687205462338,0.0
6944,1697529840000.0,0.0,0.0,50.5,1.8606021460101132,0.0,0.0,1.8848,0.9533662612544772,1.0,3477.9992382395317,1000.0,3479.221229866021,1000.0,0.02701564949768963,0.0
6945,1697533440000.0,0.0,0.0,93.1,1.8635753853223493,0.0,0.0,1.84565,0.9533662612544772,1.0,3477.9833305475318,1000.0,3476.3144771740212,1000.0,0.049884905097057244,0.0
6946,1697537040000.0,0.0,0.0,93.1,1.8635753853223493,0.0,0.0,1.8649,0.9533662612544772,1.0,3477.9833305475318,1000.0,3478.106652174021,1000.0,0.049884905097057244,0.0
6947,1697540640000.0,0.0,0.0,93.1,1.8635753853223493,0.0,0.0,1.85415,0.9533662612544772,1.0,3477.9833305475318,1000.0,3477.105827174021,1000.0,0.049884905097057244,0.0
6948,1697544240000.0,0.0,0.0,93.1,1.8635753853223493,0.0,0.0,1.8628,0.9533662612544772,1.0,3477.9833305475318,1000.0,3477.911142174021,1000.0,0.049884905097057244,0.0
6949,1697547840000.0,0.0,0.0,93.1,1.8635753853223493,0.0,0.0,1.86155,0.9533662612544772,1.0,3477.9833305475318,1000.0,3477.794767174021,1000.0,0.049884905097057244,0.0
6950,1697551440000.0,0.0,0.0,93.1,1.8635753853223493,0.0,0.0,1.85855,0.9533662612544772,1.0,3477.9833305475318,1000.0,3477.515467174021,1000.0,0.049884905097057244,0.0
6951,1697555040000.0,0.0,0.0,93.1,1.8635753853223493,0.0,0.0,1.84475,0.9533662612544772,1.0,3477.9833305475318,1000.0,3476.230687174021,1000.0,0.049884905097057244,0.0
6952,1697558640000.0,0.0,0.0,93.1,1.8635753853223493,0.0,0.0,1.84695,0.9533662612544772,1.0,3477.9833305475318,1000.0,3476.435507174021,1000.0,0.049884905097057244,0.0
6953,1697562240000.0,0.0,0.0,93.1,1.8635753853223493,0.0,0.0,1.865,0.9533662612544772,1.0,3477.9833305475318,1000.0,3478.115962174021,1000.0,0.049884905097057244,0.0
6954,1697565840000.0,0.0,0.0,93.1,1.8635753853223493,0.0,0.0,1.8516,0.9533662612544772,1.0,3477.9833305475318,1000.0,3476.868422174021,1000.0,0.049884905097057244,0.0
6955,1697569440000.0,0.0,0.0,93.1,1.8635753853223493,0.0,0.0,1.8473,0.9533662612544772,1.0,3477.9833305475318,1000.0,3476.468092174021,1000.0,0.049884905097057244,0.0
6956,1697573040000.0,0.0,0.0,93.1,1.8635753853223493,0.0,0.0,1.84835,0.9533662612544772,1.0,3477.9833305475318,1000.0,3476.565847174021,1000.0,0.049884905097057244,0.0
6957,1697576640000.0,0.0,0.0,93.1,1.8635753853223493,0.0,0.0,1.8585,0.9533662612544772,1.0,3477.9833305475318,1000.0,3477.510812174021,1000.0,0.049884905097057244,0.0
6958,1697580240000.0,0.0,0.0,23.4,1.8635753853223493,0.0,0.0,1.87425,0.9533662612544772,1.0,3479.262196928563,1000.0,3479.51198291202,1000.0,0.012533595213099812,0.0
6959,1697583840000.0,0.0,0.0,11.0,1.8635753853223493,0.0,0.0,1.881,0.9533662612544772,1.0,3479.489714046566,1000.0,3479.68138480802,1000.0,0.00589147574018996,0.0
6960,1697587440000.0,0.0,0.0,93.3,1.865168759226031,0.0,0.0,1.8685,0.9533662612544772,1.0,3479.529114077809,1000.0,3479.8399188420203,1000.0,0.05001258490171014,0.0
6961,1697591040000.0,0.0,0.0,47.7,1.865168759226031,0.0,0.0,1.90045,0.9533662612544772,1.0,3480.746381413102,1000.0,3482.4292965980203,1000.0,0.02556019314999978,0.0
6962,1697594640000.0,0.0,0.0,13.5,1.865168759226031,0.0,0.0,1.90235,0.9533662612544772,1.0,3481.996419483572,1000.0,3482.4983662340205,1000.0,0.007231419914350724,0.0
6963,1697598240000.0,0.0,0.0,58.7,1.873138617785364,0.0,0.0,1.8899,0.9533662612544772,1.0,3482.658286194021,1000.0,3483.64217933002,1000.0,0.03157164092149904,0.0
6964,1697601840000.0,0.0,0.0,68.3,1.874116561034492,0.0,0.0,1.88885,0.9533662612544772,1.0,3483.0964122826763,1000.0,3484.1027061640207,1000.0,0.03674953144198743,0.0
6965,1697605440000.0,0.0,0.0,79.5,1.8757658088092903,0.0,0.0,1.90185,0.9533662612544772,1.0,3483.5057369423594,1000.0,3485.579430142021,1000.0,0.04280842147578358,0.0
6966,1697609040000.0,0.0,0.0,55.3,1.8757658088092903,0.0,0.0,1.90625,0.9533662612544772,1.0,3484.3951259331743,1000.0,3486.0809017060205,1000.0,0.029769829619817674,0.0
6967,1697612640000.0,0.0,0.0,92.4,1.8821344883922535,0.0,0.0,1.8862,0.9533662612544772,1.0,3484.7499244654646,1000.0,3485.12557773802,1000.0,0.04990579826301902,0.0
6968,1697616240000.0,0.0,0.0,92.4,1.8821344883922535,0.0,0.0,1.88045,0.9533662612544772,1.0,3484.7499244654646,1000.0,3484.5942777380205,1000.0,0.04990579826301902,0.0
6969,1697619840000.0,0.0,0.0,92.4,1.8821344883922535,0.0,0.0,1.88675,0.9533662612544772,1.0,3484.7499244654646,1000.0,3485.1763977380206,1000.0,0.04990579826301902,0.0
6970,1697623440000.0,0.0,0.0,92.4,1.8821344883922535,0.0,0.0,1.8809,0.9533662612544772,1.0,3484.7499244654646,1000.0,3484.63585773802,1000.0,0.04990579826301902,0.0
6971,1697627040000.0,0.0,0.0,92.4,1.8821344883922535,0.0,0.0,1.8813,0.9533662612544772,1.0,3484.7499244654646,1000.0,3484.6728177380205,1000.0,0.04990579826301902,0.0
6972,1697630640000.0,0.0,0.0,92.4,1.8821344883922535,0.0,0.0,1.87715,0.9533662612544772,1.0,3484.7499244654646,1000.0,3484.2893577380205,1000.0,0.04990579826301902,0.0
6973,1697634240000.0,0.0,0.0,92.4,1.8821344883922535,0.0,0.0,1.8718,0.9533662612544772,1.0,3484.7499244654646,1000.0,3483.7950177380203,1000.0,0.04990579826301902,0.0
6974,1697637840000.0,0.0,0.0,92.4,1.8821344883922535,0.0,0.0,1.88495,0.9533662612544772,1.0,3484.7499244654646,1000.0,3485.0100777380203,1000.0,0.04990579826301902,0.0
6975,1697641440000.0,0.0,0.0,92.4,1.8821344883922535,0.0,0.0,1.8791,0.9533662612544772,1.0,3484.7499244654646,1000.0,3484.4695377380203,1000.0,0.04990579826301902,0.0
6976,1697645040000.0,0.0,0.0,92.4,1.8821344883922535,0.0,0.0,1.88825,0.9533662612544772,1.0,3484.7499244654646,1000.0,3485.3149977380203,1000.0,0.04990579826301902,0.0
6977,1697648640000.0,0.0,0.0,42.8,1.8821344883922535,0.0,0.0,1.89505,0.9533662612544772,1.0,3485.666795921209,1000.0,3486.2195798180205,1000.0,0.023110458004032736,0.0
6978,1697652240000.0,0.0,0.0,23.2,1.8821344883922535,0.0,0.0,1.8986,0.9533662612544772,1.0,3486.0291080287207,1000.0,3486.4111078980204,1000.0,0.012525862170838916,0.0
6979,1697655840000.0,0.0,0.0,14.7,1.8821344883922535,0.0,0.0,1.8987,0.9533662612544772,1.0,3486.1862331773864,1000.0,3486.4297461980204,1000.0,0.007936287716376377,0.0
6980,1697659440000.0,0.0,0.0,2.6,1.8821344883922535,0.0,0.0,1.92475,0.9533662612544772,1.0,3486.5938686478407,1000.0,3486.704668978021,1000.0,0.001403533033722009,0.0
6981,1697663040000.0,0.0,0.0,1.0,1.8821344883922535,0.0,0.0,1.92535,0.9533662612544772,1.0,3486.662027428414,1000.0,3486.705242940022,1000.0,0.0005398098449422759,0.0
6982,1697666640000.0,0.0,0.0,0.5,1.8821344883922535,0.0,0.0,1.9368,0.9533662612544772,1.0,3486.6822978782184,1000.0,3486.7096306340222,1000.0,0.00026990335333070144,0.0
6983,1697670240000.0,0.0,0.0,0.0,1.8821344883922535,0.0,0.0,1.938,0.9533662612544772,1.0,3486.7098868640223,1000.0,3486.7098868640223,1000.0,0.0,0.0
6984,1697673840000.0,0.0,0.0,0.0,1.8821344883922535,0.0,0.0,1.9301,0.9533662612544772,1.0,3486.7098868640223,1000.0,3486.7098868640223,1000.0,0.0,0.0
6985,1697677440000.0,0.0,0.0,36.2,1.915,0.0,0.0,1.94015,0.9533662612544772,1.0,3487.705995032022,1000.0,3488.616425032022,1000.0,0.019876388691806437,0.0
6986,1697681040000.0,0.0,0.0,90.8,1.9180066079295157,0.0,0.0,1.92765,0.9533662612544772,1.0,3487.6850286320223,1000.0,3488.560648632022,1000.0,0.04993426830986197,0.0
6987,1697684640000.0,0.0,0.0,90.8,1.9180066079295157,0.0,0.0,1.9064,0.9533662612544772,1.0,3487.6850286320223,1000.0,3486.6311486320224,1000.0,0.04993426830986197,0.0
6988,1697688240000.0,0.0,0.0,90.8,1.9180066079295157,0.0,0.0,1.90705,0.9533662612544772,1.0,3487.6850286320223,1000.0,3486.690168632022,1000.0,0.04993426830986197,0.0
6989,1697691840000.0,0.0,0.0,90.8,1.9180066079295157,0.0,0.0,1.92065,0.9533662612544772,1.0,3487.6850286320223,1000.0,3487.9250486320225,1000.0,0.04993426830986197,0.0
6990,1697695440000.0,0.0,0.0,90.8,1.9180066079295157,0.0,0.0,1.92495,0.9533662612544772,1.0,3487.6850286320223,1000.0,3488.315488632022,1000.0,0.04993426830986197,0.0
6991,1697699040000.0,0.0,0.0,90.8,1.9180066079295157,0.0,0.0,1.9204,0.9533662612544772,1.0,3487.6850286320223,1000.0,3487.9023486320225,1000.0,0.04993426830986197,0.0
6992,1697702640000.0,0.0,0.0,90.8,1.9180066079295157,0.0,0.0,1.9102,0.9533662612544772,1.0,3487.6850286320223,1000.0,3486.976188632022,1000.0,0.04993426830986197,0.0
6993,1697706240000.0,0.0,0.0,90.8,1.9180066079295157,0.0,0.0,1.9118,0.9533662612544772,1.0,3487.6850286320223,1000.0,3487.1214686320222,1000.0,0.04993426830986197,0.0
6994,1697709840000.0,0.0,0.0,90.8,1.9180066079295157,0.0,0.0,1.9175,0.9533662612544772,1.0,3487.6850286320223,1000.0,3487.6390286320225,1000.0,0.04993426830986197,0.0
6995,1697713440000.0,0.0,0.0,90.8,1.9180066079295157,0.0,0.0,1.90965,0.9533662612544772,1.0,3487.6850286320223,1000.0,3486.926248632022,1000.0,0.04993426830986197,0.0
6996,1697717040000.0,0.0,0.0,90.8,1.9180066079295157,0.0,0.0,1.93255,0.9533662612544772,1.0,3487.6850286320223,1000.0,3489.0055686320225,1000.0,0.04993426830986197,0.0
6997,1697720640000.0,0.0,0.0,11.6,1.9180066079295157,0.0,0.0,1.9496,0.9533662612544772,1.0,3489.881198660005,1000.0,3490.2476820080224,1000.0,0.006375253306767345,0.0
6998,1697724240000.0,0.0,0.0,5.1,1.9180066079295157,0.0,0.0,1.9348,0.9533662612544772,1.0,3490.093659300463,1000.0,3490.1793056000224,1000.0,0.0028027424634790893,0.0
6999,1697727840000.0,0.0,0.0,1.0,1.9180066079295157,0.0,0.0,1.9492,0.9533662612544772,1.0,3490.1707637039526,1000.0,3490.2019570960233,1000.0,0.000549545205030033,0.0
7000,1697731440000.0,0.0,0.0,0.7,1.9180066079295157,0.0,0.0,1.9499,0.9533662612544772,1.0,3490.1820443615734,1000.0,3490.2043697360227,1000.0,0.00038468040018704847,0.0
7001,1697735040000.0,0.0,0.0,0.4,1.9180066079295157,0.0,0.0,1.94345,0.9533662612544772,1.0,3490.193325019194,1000.0,3490.2035023760222,1000.0,0.000219816661063492,0.0
7002,1697738640000.0,0.0,0.0,90.1,1.936517454419221,0.0,0.0,1.94815,0.9533662612544772,1.0,3490.1585824151944,1000.0,3491.206674772023,1000.0,0.04999206154192319,0.0
7003,1697742240000.0,0.0,0.0,66.3,1.936517454419221,0.0,0.0,1.9487,0.9533662612544772,1.0,3490.6105769160167,1000.0,3491.4182796880223,1000.0,0.036781847874141536,0.0
7004,1697745840000.0,0.0,0.0,56.9,1.936517454419221,0.0,0.0,1.9485,0.9533662612544772,1.0,3490.789095752476,1000.0,3491.4709025960224,1000.0,0.031565310917960665,0.0
7005,1697749440000.0,0.0,0.0,89.8,1.9418502263253439,0.0,0.0,1.94485,0.9533662612544772,1.0,3491.468221342038,1000.0,3491.737601018022,1000.0,0.04994407489035917,0.0
7006,1697753040000.0,0.0,0.0,89.8,1.9418502263253439,0.0,0.0,1.9491,0.9533662612544772,1.0,3491.468221342038,1000.0,3492.119251018022,1000.0,0.04994407489035917,0.0
7007,1697756640000.0,0.0,0.0,89.8,1.9418502263253439,0.0,0.0,1.93625,0.9533662612544772,1.0,3491.468221342038,1000.0,3490.9653210180218,1000.0,0.04994407489035917,0.0
7008,1697760240000.0,0.0,0.0,89.8,1.9418502263253439,0.0,0.0,1.93,0.9533662612544772,1.0,3491.468221342038,1000.0,3490.404071018022,1000.0,0.04994407489035917,0.0
7009,1697763840000.0,0.0,0.0,89.8,1.9418502263253439,0.0,0.0,1.9337,0.9533662612544772,1.0,3491.468221342038,1000.0,3490.736331018022,1000.0,0.04994407489035917,0.0
7010,1697767440000.0,0.0,0.0,89.8,1.9418502263253439,0.0,0.0,1.9472,0.9533662612544772,1.0,3491.468221342038,1000.0,3491.948631018022,1000.0,0.04994407489035917,0.0
7011,1697771040000.0,0.0,0.0,89.8,1.9418502263253439,0.0,0.0,1.94525,0.9533662612544772,1.0,3491.468221342038,1000.0,3491.773521018022,1000.0,0.04994407489035917,0.0
7012,1697774640000.0,0.0,0.0,89.8,1.9418502263253439,0.0,0.0,1.9459,0.9533662612544772,1.0,3491.468221342038,1000.0,3491.831891018022,1000.0,0.04994407489035917,0.0
7013,1697778240000.0,0.0,0.0,66.0,1.9418502263253439,0.0,0.0,1.95875,0.9533662612544772,1.0,3491.921790167495,1000.0,3493.0371752300225,1000.0,0.0367024585998317,0.0
7014,1697781840000.0,0.0,0.0,26.4,1.9418502263253439,0.0,0.0,1.97445,0.9533662612544772,1.0,3492.6764677090114,1000.0,3493.537101734022,1000.0,0.014677811257054616,0.0
7015,1697785440000.0,0.0,0.0,10.3,1.9418502263253439,0.0,0.0,1.96355,0.9533662612544772,1.0,3493.0668769591734,1000.0,3493.2903846280224,1000.0,0.005725930260047756,0.0
7016,1697789040000.0,0.0,0.0,8.9,1.9418502263253439,0.0,0.0,1.95875,0.9533662612544772,1.0,3493.093557478318,1000.0,3493.2439654640225,1000.0,0.004947610686606363,0.0
7017,1697792640000.0,0.0,0.0,3.9,1.9418502263253439,0.0,0.0,1.97605,0.9533662612544772,1.0,3493.261030606691,1000.0,3493.394409724022,1000.0,0.0021679501807380154,0.0
7018,1697796240000.0,0.0,0.0,3.9,1.9418502263253439,0.0,0.0,1.9669,0.9533662612544772,1.0,3493.261030606691,1000.0,3493.358724724022,1000.0,0.0021679501807380154,0.0
7019,1697799840000.0,0.0,0.0,89.1,1.9599705486270356,0.0,0.0,1.95285,0.9533662612544772,1.0,3493.227618574691,1000.0,3492.593177692022,1000.0,0.04999198304573205,0.0
7020,1697803440000.0,0.0,0.0,89.1,1.9599705486270356,0.0,0.0,1.93985,0.9533662612544772,1.0,3493.227618574691,1000.0,3491.434877692022,1000.0,0.04999198304573205,0.0
7021,1697807040000.0,0.0,0.0,89.1,1.9599705486270356,0.0,0.0,1.9377,0.9533662612544772,1.0,3493.227618574691,1000.0,3491.2433126920223,1000.0,0.04999198304573205,0.0
7022,1697810640000.0,0.0,0.0,89.1,1.9599705486270356,0.0,0.0,1.9578,0.9533662612544772,1.0,3493.227618574691,1000.0,3493.034222692022,1000.0,0.04999198304573205,0.0
7023,1697814240000.0,0.0,0.0,89.1,1.9599705486270356,0.0,0.0,1.9687,0.9533662612544772,1.0,3493.227618574691,1000.0,3494.005412692022,1000.0,0.04999198304573205,0.0
7024,1697817840000.0,0.0,0.0,89.1,1.9599705486270356,0.0,0.0,1.9581,0.9533662612544772,1.0,3493.227618574691,1000.0,3493.060952692022,1000.0,0.04999198304573205,0.0
7025,1697821440000.0,0.0,0.0,89.1,1.9599705486270356,0.0,0.0,1.96825,0.9533662612544772,1.0,3493.227618574691,1000.0,3493.965317692022,1000.0,0.04999198304573205,0.0
7026,1697825040000.0,0.0,0.0,76.4,1.9599705486270356,0.0,0.0,1.97295,0.9533662612544772,1.0,3493.471884423128,1000.0,3494.4635145080224,1000.0,0.042863304720665345,0.0
7027,1697828640000.0,0.0,0.0,76.4,1.9599705486270356,0.0,0.0,1.9701,0.9533662612544772,1.0,3493.471884423128,1000.0,3494.2457745080224,1000.0,0.042863304720665345,0.0
7028,1697832240000.0,0.0,0.0,56.2,1.9599705486270356,0.0,0.0,1.9809,0.9533662612544772,1.0,3493.860401756862,1000.0,3495.0366369240223,1000.0,0.031526830544646584,0.0
7029,1697835840000.0,0.0,0.0,41.4,1.9599705486270356,0.0,0.0,1.9892,0.9533662612544772,1.0,3494.1450580211817,1000.0,3495.3551573080226,1000.0,0.02322249917097385,0.0
7030,1697839440000.0,0.0,0.0,41.4,1.9599705486270356,0.0,0.0,1.98595,0.9533662612544772,1.0,3494.1450580211817,1000.0,3495.2206073080224,1000.0,0.02322249917097385,0.0
7031,1697843040000.0,0.0,0.0,88.6,1.9683179653851535,0.0,0.0,1.9735,0.9533662612544772,1.0,3494.331780739147,1000.0,3494.790909006022,1000.0,0.04990738792875464,0.0
7032,1697846640000.0,0.0,0.0,88.6,1.9683179653851535,0.0,0.0,1.9548,0.9533662612544772,1.0,3494.331780739147,1000.0,3493.1340890060224,1000.0,0.04990738792875464,0.0
7033,1697850240000.0,0.0,0.0,88.6,1.9683179653851535,0.0,0.0,1.9434,0.9533662612544772,1.0,3494.331780739147,1000.0,3492.1240490060222,1000.0,0.04990738792875464,0.0
7034,1697853840000.0,0.0,0.0,88.6,1.9683179653851535,0.0,0.0,1.93725,0.9533662612544772,1.0,3494.331780739147,1000.0,3491.579159006022,1000.0,0.04990738792875464,0.0
7035,1697857440000.0,0.0,0.0,88.6,1.9683179653851535,0.0,0.0,1.95255,0.9533662612544772,1.0,3494.331780739147,1000.0,3492.934739006022,1000.0,0.04990738792875464,0.0
7036,1697861040000.0,0.0,0.0,88.6,1.9683179653851535,0.0,0.0,1.9559,0.9533662612544772,1.0,3494.331780739147,1000.0,3493.2315490060223,1000.0,0.04990738792875464,0.0
7037,1697864640000.0,0.0,0.0,88.6,1.9683179653851535,0.0,0.0,1.9648,0.9533662612544772,1.0,3494.331780739147,1000.0,3494.0200890060223,1000.0,0.04990738792875464,0.0
7038,1697868240000.0,0.0,0.0,88.6,1.9683179653851535,0.0,0.0,1.9705,0.9533662612544772,1.0,3494.331780739147,1000.0,3494.5251090060224,1000.0,0.04990738792875464,0.0
7039,1697871840000.0,0.0,0.0,88.6,1.9683179653851535,0.0,0.0,1.97105,0.9533662612544772,1.0,3494.331780739147,1000.0,3494.5738390060224,1000.0,0.04990738792875464,0.0
7040,1697875440000.0,0.0,0.0,88.6,1.9683179653851535,0.0,0.0,1.95655,0.9533662612544772,1.0,3494.331780739147,1000.0,3493.289139006022,1000.0,0.04990738792875464,0.0
7041,1697879040000.0,0.0,0.0,88.6,1.9683179653851535,0.0,0.0,1.94565,0.9533662612544772,1.0,3494.331780739147,1000.0,3492.323399006022,1000.0,0.04990738792875464,0.0
7042,1697882640000.0,0.0,0.0,88.6,1.9683179653851535,0.0,0.0,1.95715,0.9533662612544772,1.0,3494.331780739147,1000.0,3493.342299006022,1000.0,0.04990738792875464,0.0
7043,1697886240000.0,0.0,0.0,88.6,1.9683179653851535,0.0,0.0,1.94205,0.9533662612544772,1.0,3494.331780739147,1000.0,3492.004439006022,1000.0,0.04990738792875464,0.0
7044,1697889840000.0,0.0,0.0,88.6,1.9683179653851535,0.0,0.0,1.9486,0.9533662612544772,1.0,3494.331780739147,1000.0,3492.5847690060223,1000.0,0.04990738792875464,0.0
7045,1697893440000.0,0.0,0.0,88.6,1.9683179653851535,0.0,0.0,1.9584,0.9533662612544772,1.0,3494.331780739147,1000.0,3493.453049006022,1000.0,0.04990738792875464,0.0
7046,1697897040000.0,0.0,0.0,88.6,1.9683179653851535,0.0,0.0,1.9735,0.9533662612544772,1.0,3494.331780739147,1000.0,3494.790909006022,1000.0,0.04990738792875464,0.0
7047,1697900640000.0,0.0,0.0,32.0,1.9683179653851535,0.0,0.0,2.0144,0.9533662612544772,1.0,3495.8855872583467,1000.0,3497.3602123660216,1000.0,0.018017230060930544,0.0
7048,1697904240000.0,0.0,0.0,6.4,1.9683179653851535,0.0,0.0,1.9741,0.9533662612544772,1.0,3496.9093627444868,1000.0,3496.946367766022,1000.0,0.0036023910464119857,0.0
7049,1697907840000.0,0.0,0.0,88.8,1.969043637144876,0.0,0.0,1.9835,0.9533662612544772,1.0,3496.8769119764866,1000.0,3498.1606369980213,1000.0,0.05000206738178742,0.0
7050,1697911440000.0,0.0,0.0,26.1,1.969043637144876,0.0,0.0,1.98315,0.9533662612544772,1.0,3498.0906963755024,1000.0,3498.458872446021,1000.0,0.014691454107445072,0.0
7051,1697915040000.0,0.0,0.0,12.2,1.969043637144876,0.0,0.0,1.9954,0.9533662612544772,1.0,3498.3597809551893,1000.0,3498.6813285820217,1000.0,0.006866741523825903,0.0
7052,1697918640000.0,0.0,0.0,55.8,1.9746458552544768,0.0,0.0,1.9895,0.9533662612544772,1.0,3498.9947914972217,1000.0,3499.823652774022,1000.0,0.03149054093791648,0.0
7053,1697922240000.0,0.0,0.0,75.9,1.975663488397738,0.0,0.0,1.99885,0.9533662612544772,1.0,3499.2267706874104,1000.0,3500.986626918022,1000.0,0.04285314116407798,0.0
7054,1697925840000.0,0.0,0.0,75.9,1.975663488397738,0.0,0.0,2.00255,0.9533662612544772,1.0,3499.2267706874104,1000.0,3501.267456918022,1000.0,0.04285314116407798,0.0
7055,1697929440000.0,0.0,0.0,19.2,1.975663488397738,0.0,0.0,1.99405,0.9533662612544772,1.0,3500.328871925258,1000.0,3500.681892948022,1000.0,0.010836907149348148,0.0
7056,1697933040000.0,0.0,0.0,88.1,1.9841453752390767,0.0,0.0,1.9746,0.9533662612544772,1.0,3500.3529119845844,1000.0,3499.5119644260217,1000.0,0.049938738165534007,0.0
7057,1697936640000.0,0.0,0.0,88.1,1.9841453752390767,0.0,0.0,1.9789,0.9533662612544772,1.0,3500.3529119845844,1000.0,3499.890794426022,1000.0,0.049938738165534007,0.0
7058,1697940240000.0,0.0,0.0,88.1,1.9841453752390767,0.0,0.0,1.96945,0.9533662612544772,1.0,3500.3529119845844,1000.0,3499.0582494260216,1000.0,0.049938738165534007,0.0
7059,1697943840000.0,0.0,0.0,88.1,1.9841453752390767,0.0,0.0,1.96945,0.9533662612544772,1.0,3500.3529119845844,1000.0,3499.0582494260216,1000.0,0.049938738165534007,0.0
7060,1697947440000.0,0.0,0.0,88.1,1.9841453752390767,0.0,0.0,1.9749,0.9533662612544772,1.0,3500.3529119845844,1000.0,3499.5383944260216,1000.0,0.049938738165534007,0.0
7061,1697951040000.0,0.0,0.0,88.1,1.9841453752390767,0.0,0.0,1.98155,0.9533662612544772,1.0,3500.3529119845844,1000.0,3500.1242594260216,1000.0,0.049938738165534007,0.0
7062,1697954640000.0,0.0,0.0,63.0,1.9841453752390767,0.0,0.0,2.02375,0.9533662612544772,1.0,3501.0855940980837,1000.0,3503.580685458022,1000.0,0.035703542595696934,0.0
7063,1697958240000.0,0.0,0.0,35.0,1.9841453752390767,0.0,0.0,2.02,0.9533662612544772,1.0,3502.3770518113897,1000.0,3503.631963678022,1000.0,0.019827987422842287,0.0
7064,1697961840000.0,0.0,0.0,87.9,1.9902597347118105,0.0,0.0,1.99585,0.9533662612544772,1.0,3502.531276423191,1000.0,3503.0226607420227,1000.0,0.04994782826317029,0.0
7065,1697965440000.0,0.0,0.0,87.9,1.9902597347118105,0.0,0.0,1.98755,0.9533662612544772,1.0,3502.531276423191,1000.0,3502.2930907420227,1000.0,0.04994782826317029,0.0
7066,1697969040000.0,0.0,0.0,87.9,1.9902597347118105,0.0,0.0,1.98785,0.9533662612544772,1.0,3502.531276423191,1000.0,3502.319460742023,1000.0,0.04994782826317029,0.0
7067,1697972640000.0,0.0,0.0,87.9,1.9902597347118105,0.0,0.0,1.9941,0.9533662612544772,1.0,3502.531276423191,1000.0,3502.868835742023,1000.0,0.04994782826317029,0.0
7068,1697976240000.0,0.0,0.0,87.9,1.9902597347118105,0.0,0.0,1.99405,0.9533662612544772,1.0,3502.531276423191,1000.0,3502.8644407420225,1000.0,0.04994782826317029,0.0
7069,1697979840000.0,0.0,0.0,87.9,1.9902597347118105,0.0,0.0,1.9976,0.9533662612544772,1.0,3502.531276423191,1000.0,3503.1764857420226,1000.0,0.04994782826317029,0.0
7070,1697983440000.0,0.0,0.0,87.9,1.9902597347118105,0.0,0.0,1.98505,0.9533662612544772,1.0,3502.531276423191,1000.0,3502.0733407420225,1000.0,0.04994782826317029,0.0
7071,1697987040000.0,0.0,0.0,87.9,1.9902597347118105,0.0,0.0,1.9748,0.9533662612544772,1.0,3502.531276423191,1000.0,3501.1723657420225,1000.0,0.04994782826317029,0.0
7072,1697990640000.0,0.0,0.0,87.9,1.9902597347118105,0.0,0.0,1.975,0.9533662612544772,1.0,3502.531276423191,1000.0,3501.1899457420227,1000.0,0.04994782826317029,0.0
7073,1697994240000.0,0.0,0.0,87.9,1.9902597347118105,0.0,0.0,1.9869,0.9533662612544772,1.0,3502.531276423191,1000.0,3502.2359557420227,1000.0,0.04994782826317029,0.0
7074,1697997840000.0,0.0,0.0,87.9,1.9902597347118105,0.0,0.0,1.9826,0.9533662612544772,1.0,3502.531276423191,1000.0,3501.8579857420227,1000.0,0.04994782826317029,0.0
7075,1698001440000.0,0.0,0.0,87.9,1.9902597347118105,0.0,0.0,1.983,0.9533662612544772,1.0,3502.531276423191,1000.0,3501.8931457420226,1000.0,0.04994782826317029,0.0
7076,1698005040000.0,0.0,0.0,87.9,1.9902597347118105,0.0,0.0,1.97065,0.9533662612544772,1.0,3502.531276423191,1000.0,3500.8075807420228,1000.0,0.04994782826317029,0.0
7077,1698008640000.0,0.0,0.0,87.9,1.9902597347118105,0.0,0.0,1.9476,0.9533662612544772,1.0,3502.531276423191,1000.0,3498.7814857420226,1000.0,0.04994782826317029,0.0
7078,1698012240000.0,0.0,0.0,222.4,1.9484342656527345,0.0,0.0,1.92685,0.9533662612544772,1.0,3502.4795988331907,1000.0,3497.6792581520226,1000.0,0.12372142890583215,0.0
7079,1698015840000.0,0.0,0.0,222.4,1.9484342656527345,0.0,0.0,1.95085,0.9533662612544772,1.0,3502.4795988331907,1000.0,3503.0168581520225,1000.0,0.12372142890583215,0.0
7080,1698019440000.0,0.0,0.0,222.4,1.9484342656527345,0.0,0.0,1.95995,0.9533662612544772,1.0,3502.4795988331907,1000.0,3505.0406981520227,1000.0,0.12372142890583215,0.0
7081,1698023040000.0,0.0,0.0,163.5,1.9484342656527345,0.0,0.0,1.9727,0.9533662612544772,1.0,3503.6088375462446,1000.0,3507.5762851120226,1000.0,0.09092596154579065,0.0
7082,1698026640000.0,0.0,0.0,7.7,1.9484342656527345,0.0,0.0,2.02075,0.9533662612544772,1.0,3511.31831139755,1000.0,3511.875142552024,1000.0,0.004272738189764029,0.0
7083,1698030240000.0,0.0,0.0,0.6,1.9484342656527345,0.0,0.0,2.0191,0.9533662612544772,1.0,3511.8305583114156,1000.0,3511.872957752024,1000.0,0.0003328920743698286,0.0
7084,1698033840000.0,0.0,0.0,0.0,1.9484342656527345,0.0,0.0,2.01915,0.9533662612544772,1.0,3511.8648570320233,1000.0,3511.8648570320233,1000.0,0.0,0.0
7085,1698037440000.0,0.0,0.0,0.0,1.9484342656527345,0.0,0.0,2.01655,0.9533662612544772,1.0,3511.8648570320233,1000.0,3511.8648570320233,1000.0,0.0,0.0
7086,1698041040000.0,0.0,0.0,0.0,1.9484342656527345,0.0,0.0,2.0187,0.9533662612544772,1.0,3511.8648570320233,1000.0,3511.8648570320233,1000.0,0.0,0.0
7087,1698044640000.0,0.0,0.0,87.8,1.9993,0.0,0.0,1.98535,0.9533662612544772,1.0,3511.8297493240234,1000.0,3510.6049393240232,1000.0,0.049984923111317865,0.0
7088,1698048240000.0,0.0,0.0,87.8,1.9993,0.0,0.0,1.98255,0.9533662612544772,1.0,3511.8297493240234,1000.0,3510.359099324023,1000.0,0.049984923111317865,0.0
7089,1698051840000.0,0.0,0.0,87.8,1.9993,0.0,0.0,1.9911,0.9533662612544772,1.0,3511.8297493240234,1000.0,3511.1097893240235,1000.0,0.049984923111317865,0.0
7090,1698055440000.0,0.0,0.0,87.8,1.9993,0.0,0.0,1.9676,0.9533662612544772,1.0,3511.8297493240234,1000.0,3509.0464893240232,1000.0,0.049984923111317865,0.0
7091,1698059040000.0,0.0,0.0,87.8,1.9993,0.0,0.0,1.9704,0.9533662612544772,1.0,3511.8297493240234,1000.0,3509.2923293240233,1000.0,0.049984923111317865,0.0
7092,1698062640000.0,0.0,0.0,87.8,1.9993,0.0,0.0,1.9847,0.9533662612544772,1.0,3511.8297493240234,1000.0,3510.5478693240234,1000.0,0.049984923111317865,0.0
7093,1698066240000.0,0.0,0.0,64.6,1.9993,0.0,0.0,2.0158,0.9533662612544772,1.0,3512.2843797720234,1000.0,3513.3502797720234,1000.0,0.03677230145253307,0.0
7094,1698069840000.0,0.0,0.0,88.2,1.9934931972789116,0.0,0.0,2.00965,0.9533662612544772,1.0,3512.939236796023,1000.0,3514.364266796023,1000.0,0.05005099381120017,0.0
7095,1698073440000.0,0.0,0.0,47.7,1.9934931972789116,0.0,0.0,2.0225,0.9533662612544772,1.0,3513.733202956227,1000.0,3515.116827446023,1000.0,0.027062278214578683,0.0
7096,1698077040000.0,0.0,0.0,13.5,1.9934931972789116,0.0,0.0,2.03635,0.9533662612544772,1.0,3515.067010573288,1000.0,3515.6455774100227,1000.0,0.007656229051199818,0.0
7097,1698080640000.0,0.0,0.0,2.4,1.9934931972789116,0.0,0.0,2.05175,0.9533662612544772,1.0,3515.716319755492,1000.0,3515.8561360820227,1000.0,0.0013608560072338625,0.0
7098,1698084240000.0,0.0,0.0,0.8,1.9934931972789116,0.0,0.0,2.0334,0.9533662612544772,1.0,3515.786518551845,1000.0,3515.818443994022,1000.0,0.0004536096117917951,0.0
7099,1698087840000.0,0.0,0.0,74.7,2.0182,0.0,0.0,2.05075,0.9533662612544772,1.0,3516.0279864540203,1000.0,3518.4594714540203,1000.0,0.04287779863551195,0.0
7100,1698091440000.0,0.0,0.0,47.2,2.0182,0.0,0.0,2.0467,0.9533662612544772,1.0,3516.572275254021,1000.0,3517.917475254021,1000.0,0.027088605762587075,0.0
7101,1698095040000.0,0.0,0.0,34.8,2.0182,0.0,0.0,2.0373,0.9533662612544772,1.0,3516.8177000220203,1000.0,3517.48238002202,1000.0,0.01997071386428709,0.0
7102,1698098640000.0,0.0,0.0,7.7,2.0182,0.0,0.0,2.0327,0.9533662612544772,1.0,3517.354071894021,1000.0,3517.465721894021,1000.0,0.0044181335408271715,0.0
7103,1698102240000.0,0.0,0.0,0.0,2.0182,0.0,0.0,2.1142,0.9533662612544772,1.0,3517.8846371100217,1000.0,3517.8846371100217,1000.0,0.0,0.0
7104,1698105840000.0,0.0,0.0,0.0,2.0182,0.0,0.0,2.0823,0.9533662612544772,1.0,3517.8846371100217,1000.0,3517.8846371100217,1000.0,0.0,0.0
7105,1698109440000.0,0.0,0.0,0.0,2.0182,0.0,0.0,2.11895,0.9533662612544772,1.0,3517.8846371100217,1000.0,3517.8846371100217,1000.0,0.0,0.0
7106,1698113040000.0,0.0,0.0,0.0,2.0182,0.0,0.0,2.12355,0.9533662612544772,1.0,3517.8846371100217,1000.0,3517.8846371100217,1000.0,0.0,0.0
7107,1698116640000.0,0.0,0.0,0.0,2.0182,0.0,0.0,2.1698,0.9533662612544772,1.0,3517.8846371100217,1000.0,3517.8846371100217,1000.0,0.0,0.0
7108,1698120240000.0,0.0,0.0,0.0,2.0182,0.0,0.0,2.1308,0.9533662612544772,1.0,3517.8846371100217,1000.0,3517.8846371100217,1000.0,0.0,0.0
7109,1698123840000.0,0.0,0.0,0.0,2.0182,0.0,0.0,2.15515,0.9533662612544772,1.0,3517.8846371100217,1000.0,3517.8846371100217,1000.0,0.0,0.0
7110,1698127440000.0,0.0,0.0,83.3,2.1111,0.0,0.0,2.11935,0.9533662612544772,1.0,3517.849466184022,1000.0,3518.536691184022,1000.0,0.04998924248761498,0.0
7111,1698131040000.0,0.0,0.0,83.3,2.1111,0.0,0.0,2.0927,0.9533662612544772,1.0,3517.849466184022,1000.0,3516.3167461840217,1000.0,0.04998924248761498,0.0
7112,1698134640000.0,0.0,0.0,83.3,2.1111,0.0,0.0,2.1213,0.9533662612544772,1.0,3517.849466184022,1000.0,3518.6991261840217,1000.0,0.04998924248761498,0.0
7113,1698138240000.0,0.0,0.0,33.1,2.1111,0.0,0.0,2.15035,0.9533662612544772,1.0,3518.892297892022,1000.0,3520.191472892022,1000.0,0.019857785940723384,0.0
7114,1698141840000.0,0.0,0.0,6.2,2.1111,0.0,0.0,2.18015,0.9533662612544772,1.0,3520.351146074022,1000.0,3520.7792560740218,1000.0,0.0037180438703101988,0.0
7115,1698145440000.0,0.0,0.0,1.1,2.1111,0.0,0.0,2.16845,0.9533662612544772,1.0,3520.6980629240215,1000.0,3520.7611479240213,1000.0,0.0006595879449177618,0.0
7116,1698149040000.0,0.0,0.0,82.4,2.1367,0.0,0.0,2.15375,0.9533662612544772,1.0,3520.7310119380227,1000.0,3522.1359319380226,1000.0,0.05000781922930366,0.0
7117,1698152640000.0,0.0,0.0,23.6,2.1367,0.0,0.0,2.1461,0.9533662612544772,1.0,3522.076790110023,1000.0,3522.298630110023,1000.0,0.014317155191390584,0.0
7118,1698156240000.0,0.0,0.0,82.2,2.1406922141119225,0.0,0.0,2.12315,0.9533662612544772,1.0,3522.051682354023,1000.0,3520.609712354023,1000.0,0.04996090797917846,0.0
7119,1698159840000.0,0.0,0.0,82.2,2.1406922141119225,0.0,0.0,2.13,0.9533662612544772,1.0,3522.051682354023,1000.0,3521.1727823540227,1000.0,0.04996090797917846,0.0
7120,1698163440000.0,0.0,0.0,208.0,2.095699230769231,0.0,0.0,2.03475,0.9533662612544772,1.0,3521.999694246023,1000.0,3509.322254246023,1000.0,0.12376646162467005,0.0
7121,1698167040000.0,0.0,0.0,208.0,2.095699230769231,0.0,0.0,2.09265,0.9533662612544772,1.0,3521.999694246023,1000.0,3521.365454246023,1000.0,0.12376646162467005,0.0
7122,1698170640000.0,0.0,0.0,208.0,2.095699230769231,0.0,0.0,2.06525,0.9533662612544772,1.0,3521.999694246023,1000.0,3515.666254246023,1000.0,0.12376646162467005,0.0
7123,1698174240000.0,0.0,0.0,208.0,2.095699230769231,0.0,0.0,2.0973,0.9533662612544772,1.0,3521.999694246023,1000.0,3522.332654246023,1000.0,0.12376646162467005,0.0
7124,1698177840000.0,0.0,0.0,208.0,2.095699230769231,0.0,0.0,2.08445,0.9533662612544772,1.0,3521.999694246023,1000.0,3519.659854246023,1000.0,0.12376646162467005,0.0
7125,1698181440000.0,0.0,0.0,208.0,2.095699230769231,0.0,0.0,2.0593,0.9533662612544772,1.0,3521.999694246023,1000.0,3514.4286542460227,1000.0,0.12376646162467005,0.0
7126,1698185040000.0,0.0,0.0,208.0,2.095699230769231,0.0,0.0,2.06225,0.9533662612544772,1.0,3521.999694246023,1000.0,3515.042254246023,1000.0,0.12376646162467005,0.0
7127,1698188640000.0,0.0,0.0,208.0,2.095699230769231,0.0,0.0,2.05135,0.9533662612544772,1.0,3521.999694246023,1000.0,3512.775054246023,1000.0,0.12376646162467005,0.0
7128,1698192240000.0,0.0,0.0,208.0,2.095699230769231,0.0,0.0,2.0437,0.9533662612544772,1.0,3521.999694246023,1000.0,3511.1838542460227,1000.0,0.12376646162467005,0.0
7129,1698195840000.0,0.0,0.0,208.0,2.095699230769231,0.0,0.0,2.05945,0.9533662612544772,1.0,3521.999694246023,1000.0,3514.459854246023,1000.0,0.12376646162467005,0.0
7130,1698199440000.0,0.0,0.0,208.0,2.095699230769231,0.0,0.0,2.0657,0.9533662612544772,1.0,3521.999694246023,1000.0,3515.7598542460228,1000.0,0.12376646162467005,0.0
7131,1698203040000.0,0.0,0.0,208.0,2.095699230769231,0.0,0.0,2.05615,0.9533662612544772,1.0,3521.999694246023,1000.0,3513.773454246023,1000.0,0.12376646162467005,0.0
7132,1698206640000.0,0.0,0.0,208.0,2.095699230769231,0.0,0.0,2.07055,0.9533662612544772,1.0,3521.999694246023,1000.0,3516.768654246023,1000.0,0.12376646162467005,0.0
7133,1698210240000.0,0.0,0.0,208.0,2.095699230769231,0.0,0.0,2.09195,0.9533662612544772,1.0,3521.999694246023,1000.0,3521.219854246023,1000.0,0.12376646162467005,0.0
7134,1698213840000.0,0.0,0.0,208.0,2.095699230769231,0.0,0.0,2.08075,0.9533662612544772,1.0,3521.999694246023,1000.0,3518.890254246023,1000.0,0.12376646162467005,0.0
7135,1698217440000.0,0.0,0.0,208.0,2.095699230769231,0.0,0.0,2.087,0.9533662612544772,1.0,3521.999694246023,1000.0,3520.190254246023,1000.0,0.12376646162467005,0.0
7136,1698221040000.0,0.0,0.0,208.0,2.095699230769231,0.0,0.0,2.02775,0.9533662612544772,1.0,3521.999694246023,1000.0,3507.866254246023,1000.0,0.12376646162467005,0.0
7137,1698224640000.0,0.0,0.0,526.3,2.046469941098233,0.0,0.0,2.0346,0.9533662612544772,1.0,3521.871463908023,1000.0,3515.624313908023,1000.0,0.3058195453859211,0.0
7138,1698228240000.0,0.0,0.0,526.3,2.046469941098233,0.0,0.0,2.0405,0.9533662612544772,1.0,3521.871463908023,1000.0,3518.729483908023,1000.0,0.3058195453859211,0.0
7139,1698231840000.0,0.0,0.0,526.3,2.046469941098233,0.0,0.0,2.05485,0.9533662612544772,1.0,3521.871463908023,1000.0,3526.281888908023,1000.0,0.3058195453859211,0.0
7140,1698235440000.0,0.0,0.0,386.8,2.046469941098233,0.0,0.0,2.0673,0.9533662612544772,1.0,3524.6777378248194,1000.0,3532.734804608023,1000.0,0.2245806942070398,0.0
7141,1698239040000.0,0.0,0.0,284.3,2.046469941098233,0.0,0.0,2.072,0.9533662612544772,1.0,3526.7396953622506,1000.0,3533.997891108023,1000.0,0.16497146217491582,0.0
7142,1698242640000.0,0.0,0.0,124.5,2.046469941098233,0.0,0.0,2.073,0.9533662612544772,1.0,3531.6899902547525,1000.0,3534.9929825880226,1000.0,0.07214265928486875,0.0
7143,1698246240000.0,0.0,0.0,60.1,2.046469941098233,0.0,0.0,2.0866,0.9533662612544772,1.0,3534.2732454880265,1000.0,3536.685062028023,1000.0,0.03480003806073022,0.0
7144,1698249840000.0,0.0,0.0,8.8,2.046469941098233,0.0,0.0,2.11865,0.9533662612544772,1.0,3536.7753859996874,1000.0,3537.4105705180227,1000.0,0.005091908169501734,0.0
7145,1698253440000.0,0.0,0.0,85.1,2.0772352043945577,0.0,0.0,2.0615,0.9533662612544772,1.0,3537.246881724,1000.0,3535.907815830023,1000.0,0.04997466159552327,0.0
7146,1698257040000.0,0.0,0.0,85.2,2.0779487622708794,0.0,0.0,2.084,0.9533662612544772,1.0,3539.811653171502,1000.0,3540.327218626023,1000.0,0.050014309203953965,0.0
7147,1698260640000.0,0.0,0.0,85.2,2.0779487622708794,0.0,0.0,2.0701,0.9533662612544772,1.0,3539.811653171502,1000.0,3539.142938626023,1000.0,0.050014309203953965,0.0
7148,1698264240000.0,0.0,0.0,85.2,2.0779487622708794,0.0,0.0,2.07665,0.9533662612544772,1.0,3539.811653171502,1000.0,3539.7009986260227,1000.0,0.050014309203953965,0.0
7149,1698267840000.0,0.0,0.0,85.2,2.0779487622708794,0.0,0.0,2.05065,0.9533662612544772,1.0,3539.811653171502,1000.0,3537.485798626023,1000.0,0.050014309203953965,0.0
7150,1698271440000.0,0.0,0.0,85.2,2.0779487622708794,0.0,0.0,2.058,0.9533662612544772,1.0,3539.811653171502,1000.0,3538.1120186260227,1000.0,0.050014309203953965,0.0
7151,1698275040000.0,0.0,0.0,85.2,2.0779487622708794,0.0,0.0,2.0686,0.9533662612544772,1.0,3539.811653171502,1000.0,3539.0151386260227,1000.0,0.050014309203953965,0.0
7152,1698278640000.0,0.0,0.0,85.2,2.0779487622708794,0.0,0.0,2.0744,0.9533662612544772,1.0,3539.811653171502,1000.0,3539.509298626023,1000.0,0.050014309203953965,0.0
7153,1698282240000.0,0.0,0.0,62.7,2.0779487622708794,0.0,0.0,2.088,0.9533662612544772,1.0,3540.271361420407,1000.0,3540.901574026023,1000.0,0.03680152567234592,0.0
7154,1698285840000.0,0.0,0.0,85.3,2.0771977481501747,0.0,0.0,2.0775,0.9533662612544772,1.0,3540.8364378892325,1000.0,3540.8622199720226,1000.0,0.05004042717738004,0.0
7155,1698289440000.0,0.0,0.0,34.0,2.0771977481501747,0.0,0.0,2.1319,0.9533662612544772,1.0,3542.925279245129,1000.0,3544.785155808023,1000.0,0.019934014372483055,0.0
7156,1698293040000.0,0.0,0.0,4.0,2.0771977481501747,0.0,0.0,2.1455,0.9533662612544772,1.0,3544.6408579366243,1000.0,3544.9140669440235,1000.0,0.0023440431134220297,0.0
7157,1698296640000.0,0.0,0.0,0.4,2.0771977481501747,0.0,0.0,2.18055,0.9533662612544772,1.0,3544.937130895284,1000.0,3544.978471796024,1000.0,0.00023438472068197975,0.0
7158,1698300240000.0,0.0,0.0,0.1,2.0771977481501747,0.0,0.0,2.1377,0.9533662612544772,1.0,3544.9655412308384,1000.0,3544.9715914560234,1000.0,5.859571056448002e-05,0.0
7159,1698303840000.0,0.0,0.0,50.0,2.117,0.0,0.0,2.1538,0.9533662612544772,1.0,3546.0873983840233,1000.0,3547.9273983840235,1000.0,0.02984980010595243,0.0
7160,1698307440000.0,0.0,0.0,11.1,2.117,0.0,0.0,2.1733,0.9533662612544772,1.0,3548.330746070023,1000.0,3548.955676070023,1000.0,0.0066224660781766575,0.0
7161,1698311040000.0,0.0,0.0,5.5,2.117,0.0,0.0,2.17105,0.9533662612544772,1.0,3548.562968102023,1000.0,3548.860243102023,1000.0,0.003281187372089276,0.0
7162,1698314640000.0,0.0,0.0,2.4,2.117,0.0,0.0,2.15125,0.9533662612544772,1.0,3548.691519584023,1000.0,3548.7737195840227,1000.0,0.0014317389865985226,0.0
7163,1698318240000.0,0.0,0.0,71.0,2.1409840579710147,0.0,0.0,2.1571,0.9533662612544772,1.0,3548.904685899965,1000.0,3550.048917784023,1000.0,0.042832896786404936,0.0
7164,1698321840000.0,0.0,0.0,82.8,2.141861100609116,0.0,0.0,2.1566,0.9533662612544772,1.0,3549.107226832458,1000.0,3550.327607702023,1000.0,0.04996921417015468,0.0
7165,1698325440000.0,0.0,0.0,7.2,2.141861100609116,0.0,0.0,2.193,0.9533662612544772,1.0,3551.6356104304086,1000.0,3552.003810506023,1000.0,0.004342055778215598,0.0
7166,1698329040000.0,0.0,0.0,82.5,2.1520704099851695,0.0,0.0,2.15695,0.9533662612544772,1.0,3551.623763415799,1000.0,3552.0263295920226,1000.0,0.04999003854310868,0.0
7167,1698332640000.0,0.0,0.0,131.6,2.1068429062441405,0.0,0.0,2.11705,0.9533662612544772,1.0,3553.1717621357516,1000.0,3554.515015674023,1000.0,0.07803183888162847,0.0
7168,1698336240000.0,0.0,0.0,131.6,2.1068429062441405,0.0,0.0,2.10545,0.9533662612544772,1.0,3553.1717621357516,1000.0,3552.9884556740226,1000.0,0.07803183888162847,0.0
7169,1698339840000.0,0.0,0.0,131.6,2.1068429062441405,0.0,0.0,2.09725,0.9533662612544772,1.0,3553.1717621357516,1000.0,3551.9093356740227,1000.0,0.07803183888162847,0.0
7170,1698343440000.0,0.0,0.0,131.6,2.1068429062441405,0.0,0.0,2.1217,0.9533662612544772,1.0,3553.1717621357516,1000.0,3555.1269556740226,1000.0,0.07803183888162847,0.0
7171,1698347040000.0,0.0,0.0,131.6,2.1068429062441405,0.0,0.0,2.10565,0.9533662612544772,1.0,3553.1717621357516,1000.0,3553.0147756740225,1000.0,0.07803183888162847,0.0
7172,1698350640000.0,0.0,0.0,131.6,2.1068429062441405,0.0,0.0,2.11965,0.9533662612544772,1.0,3553.1717621357516,1000.0,3554.8571756740225,1000.0,0.07803183888162847,0.0
7173,1698354240000.0,0.0,0.0,42.5,2.1068429062441405,0.0,0.0,2.14705,0.9533662612544772,1.0,3555.3981123793997,1000.0,3557.1069138640237,1000.0,0.025184471804608134,0.0
7174,1698357840000.0,0.0,0.0,14.4,2.1068429062441405,0.0,0.0,2.15495,0.9533662612544772,1.0,3556.5566021439395,1000.0,3557.249344294024,1000.0,0.008530312109085274,0.0
7175,1698361440000.0,0.0,0.0,5.5,2.1068429062441405,0.0,0.0,2.1631,0.9533662612544772,1.0,3556.983254000367,1000.0,3557.2926680160244,1000.0,0.003257714517297971,0.0
7176,1698365040000.0,0.0,0.0,1.7,2.1068429062441405,0.0,0.0,2.15025,0.9533662612544772,1.0,3557.2120036766396,1000.0,3557.2857957360247,1000.0,0.0010068651901863476,0.0
7177,1698368640000.0,0.0,0.0,83.1,2.1405311506091422,0.0,0.0,2.13205,0.9533662612544772,1.0,3557.2097891956446,1000.0,3556.5050055800248,1000.0,0.05000496151671771,0.0
7178,1698372240000.0,0.0,0.0,83.1,2.1405311506091422,0.0,0.0,2.12015,0.9533662612544772,1.0,3557.2097891956446,1000.0,3555.5161155800247,1000.0,0.05000496151671771,0.0
7179,1698375840000.0,0.0,0.0,24.4,2.1405311506091422,0.0,0.0,2.16145,0.9533662612544772,1.0,3558.4446287748874,1000.0,3558.9550487000242,1000.0,0.014677468816718562,0.0
7180,1698379440000.0,0.0,0.0,13.3,2.1405311506091422,0.0,0.0,2.1778,0.9533662612544772,1.0,3558.6781333631257,1000.0,3559.1738090600243,1000.0,0.007999898624211044,0.0
7181,1698383040000.0,0.0,0.0,4.2,2.1405311506091422,0.0,0.0,2.1769,0.9533662612544772,1.0,3559.0116566285824,1000.0,3559.164405796024,1000.0,0.0025260470321344093,0.0
7182,1698386640000.0,0.0,0.0,70.9,2.151417543319932,0.0,0.0,2.1745,0.9533662612544772,1.0,3559.2274149374075,1000.0,3560.8639611160243,1000.0,0.04285635224690066,0.0
7183,1698390240000.0,0.0,0.0,12.6,2.151417543319932,0.0,0.0,2.2259,0.9533662612544772,1.0,3562.660694821854,1000.0,3563.599173776023,1000.0,0.007608880937000551,0.0
7184,1698393840000.0,0.0,0.0,10.1,2.151417543319932,0.0,0.0,2.20665,0.9533662612544772,1.0,3562.818543463554,1000.0,3563.3763912760223,1000.0,0.006098912117597603,0.0
7185,1698397440000.0,0.0,0.0,3.0,2.151417543319932,0.0,0.0,2.23535,0.9533662612544772,1.0,3563.1807508259826,1000.0,3563.4325481960227,1000.0,0.001811373904751712,0.0
7186,1698401040000.0,0.0,0.0,1.3,2.151417543319932,0.0,0.0,2.2199,0.9533662612544772,1.0,3563.302784962338,1000.0,3563.3918121560223,1000.0,0.000784901810230385,0.0
7187,1698404640000.0,0.0,0.0,1.3,2.151417543319932,0.0,0.0,2.20335,0.9533662612544772,1.0,3563.302784962338,1000.0,3563.3702971560224,1000.0,0.000784901810230385,0.0
7188,1698408240000.0,0.0,0.0,81.4,2.188196183017837,0.0,0.0,2.18845,0.9533662612544772,1.0,3563.276063171674,1000.0,3563.296723874022,1000.0,0.04998747392564021,0.0
7189,1698411840000.0,0.0,0.0,13.5,2.188196183017837,0.0,0.0,2.229,0.9533662612544772,1.0,3565.0392779827635,1000.0,3565.5901295120225,1000.0,0.008286205611584744,0.0
7190,1698415440000.0,0.0,0.0,9.5,2.188196183017837,0.0,0.0,2.21525,0.9533662612544772,1.0,3565.2107080506917,1000.0,3565.4677193120224,1000.0,0.005830753198325096,0.0
7191,1698419040000.0,0.0,0.0,59.7,2.1981454118301684,0.0,0.0,2.22395,0.9533662612544772,1.0,3565.6921354142833,1000.0,3567.232669328022,1000.0,0.036803312261004854,0.0
7192,1698422640000.0,0.0,0.0,7.9,2.1981454118301684,0.0,0.0,2.2473,0.9533662612544772,1.0,3567.8691202554814,1000.0,3568.257441502023,1000.0,0.004867148476627658,0.0
7193,1698426240000.0,0.0,0.0,80.2,2.2117380312389154,0.0,0.0,2.21095,0.9533662612544772,1.0,3568.0724540333836,1000.0,3568.0092539280226,1000.0,0.04971350565060622,0.0
7194,1698429840000.0,0.0,0.0,80.6,2.2123938508770364,0.0,0.0,2.2227,0.9533662612544772,1.0,3568.701942620712,1000.0,3569.532618240023,1000.0,0.04996745238122599,0.0
7195,1698433440000.0,0.0,0.0,80.7,2.2126815275983436,0.0,0.0,2.21505,0.9533662612544772,1.0,3569.7645439132093,1000.0,3569.955679636023,1000.0,0.0500210579943302,0.0
7196,1698437040000.0,0.0,0.0,69.2,2.2126815275983436,0.0,0.0,2.22955,0.9533662612544772,1.0,3570.0149160758283,1000.0,3571.182214366023,1000.0,0.04288989410669261,0.0
7197,1698440640000.0,0.0,0.0,36.5,2.2126815275983436,0.0,0.0,2.2439,0.9533662612544772,1.0,3570.884492341362,1000.0,3572.0239665840227,1000.0,0.022617050742065544,0.0
7198,1698444240000.0,0.0,0.0,18.8,2.2126815275983436,0.0,0.0,2.2609,0.9533662612544772,1.0,3571.4447727648717,1000.0,3572.351280046023,1000.0,0.011647502723847248,0.0
7199,1698447840000.0,0.0,0.0,11.0,2.2126815275983436,0.0,0.0,2.24915,0.9533662612544772,1.0,3571.783036709604,1000.0,3572.1841899060223,1000.0,0.006814382775613325,0.0
7200,1698451440000.0,0.0,0.0,6.5,2.2126815275983436,0.0,0.0,2.2684,0.9533662612544772,1.0,3571.9781889854116,1000.0,3572.3403590560224,1000.0,0.004026460736445435,0.0
7201,1698455040000.0,0.0,0.0,1.3,2.2126815275983436,0.0,0.0,2.276,0.9533662612544772,1.0,3572.3159958179,1000.0,3572.398309832022,1000.0,0.0008052159969177813,0.0
7202,1698458640000.0,0.0,0.0,0.2,2.2126815275983436,0.0,0.0,2.30325,0.9533662612544772,1.0,3572.4197584935428,1000.0,3572.437872188023,1000.0,0.00012387578600401715,0.0
7203,1698462240000.0,0.0,0.0,0.0,2.2126815275983436,0.0,0.0,2.3538,0.9533662612544772,1.0,3572.439209772023,1000.0,3572.439209772023,1000.0,0.0,0.0
7204,1698465840000.0,0.0,0.0,0.0,2.2126815275983436,0.0,0.0,2.36805,0.9533662612544772,1.0,3572.439209772023,1000.0,3572.439209772023,1000.0,0.0,0.0
7205,1698469440000.0,0.0,0.0,0.0,2.2126815275983436,0.0,0.0,2.3493,0.9533662612544772,1.0,3572.439209772023,1000.0,3572.439209772023,1000.0,0.0,0.0
7206,1698473040000.0,0.0,0.0,0.0,2.2126815275983436,0.0,0.0,2.33585,0.9533662612544772,1.0,3572.439209772023,1000.0,3572.439209772023,1000.0,0.0,0.0
7207,1698476640000.0,0.0,0.0,0.0,2.2126815275983436,0.0,0.0,2.342,0.9533662612544772,1.0,3572.439209772023,1000.0,3572.439209772023,1000.0,0.0,0.0
7208,1698480240000.0,0.0,0.0,0.0,2.2126815275983436,0.0,0.0,2.368,0.9533662612544772,1.0,3572.439209772023,1000.0,3572.439209772023,1000.0,0.0,0.0
7209,1698483840000.0,0.0,0.0,0.0,2.2126815275983436,0.0,0.0,2.3596,0.9533662612544772,1.0,3572.439209772023,1000.0,3572.439209772023,1000.0,0.0,0.0
7210,1698487440000.0,0.0,0.0,0.0,2.2126815275983436,0.0,0.0,2.35745,0.9533662612544772,1.0,3572.439209772023,1000.0,3572.439209772023,1000.0,0.0,0.0
7211,1698491040000.0,0.0,0.0,0.0,2.2126815275983436,0.0,0.0,2.37085,0.9533662612544772,1.0,3572.439209772023,1000.0,3572.439209772023,1000.0,0.0,0.0
7212,1698494640000.0,0.0,0.0,0.0,2.2126815275983436,0.0,0.0,2.4397,0.9533662612544772,1.0,3572.439209772023,1000.0,3572.439209772023,1000.0,0.0,0.0
7213,1698498240000.0,0.0,0.0,0.0,2.2126815275983436,0.0,0.0,2.39855,0.9533662612544772,1.0,3572.439209772023,1000.0,3572.439209772023,1000.0,0.0,0.0
7214,1698501840000.0,0.0,0.0,0.0,2.2126815275983436,0.0,0.0,2.41885,0.9533662612544772,1.0,3572.439209772023,1000.0,3572.439209772023,1000.0,0.0,0.0
7215,1698505440000.0,0.0,0.0,0.0,2.2126815275983436,0.0,0.0,2.4284,0.9533662612544772,1.0,3572.439209772023,1000.0,3572.439209772023,1000.0,0.0,0.0
7216,1698509040000.0,0.0,0.0,0.0,2.2126815275983436,0.0,0.0,2.426,0.9533662612544772,1.0,3572.439209772023,1000.0,3572.439209772023,1000.0,0.0,0.0
7217,1698512640000.0,0.0,0.0,0.0,2.2126815275983436,0.0,0.0,2.4403,0.9533662612544772,1.0,3572.439209772023,1000.0,3572.439209772023,1000.0,0.0,0.0
7218,1698516240000.0,0.0,0.0,0.0,2.2126815275983436,0.0,0.0,2.43315,0.9533662612544772,1.0,3572.439209772023,1000.0,3572.439209772023,1000.0,0.0,0.0
7219,1698519840000.0,0.0,0.0,0.0,2.2126815275983436,0.0,0.0,2.43925,0.9533662612544772,1.0,3572.439209772023,1000.0,3572.439209772023,1000.0,0.0,0.0
7220,1698523440000.0,0.0,0.0,74.1,2.4121,0.0,0.0,2.4027,0.9533662612544772,1.0,3572.4034624500227,1000.0,3571.706922450023,1000.0,0.0500325934286882,0.0
7221,1698527040000.0,0.0,0.0,74.1,2.4121,0.0,0.0,2.41245,0.9533662612544772,1.0,3572.4034624500227,1000.0,3572.429397450023,1000.0,0.0500325934286882,0.0
7222,1698530640000.0,0.0,0.0,74.1,2.4121,0.0,0.0,2.40035,0.9533662612544772,1.0,3572.4034624500227,1000.0,3571.5327874500226,1000.0,0.0500325934286882,0.0
7223,1698534240000.0,0.0,0.0,74.1,2.4121,0.0,0.0,2.39785,0.9533662612544772,1.0,3572.4034624500227,1000.0,3571.3475374500226,1000.0,0.0500325934286882,0.0
7224,1698537840000.0,0.0,0.0,74.1,2.4121,0.0,0.0,2.3941,0.9533662612544772,1.0,3572.4034624500227,1000.0,3571.069662450023,1000.0,0.0500325934286882,0.0
7225,1698541440000.0,0.0,0.0,74.1,2.4121,0.0,0.0,2.41835,0.9533662612544772,1.0,3572.4034624500227,1000.0,3572.866587450023,1000.0,0.0500325934286882,0.0
7226,1698545040000.0,0.0,0.0,74.1,2.4121,0.0,0.0,2.4069,0.9533662612544772,1.0,3572.4034624500227,1000.0,3572.018142450023,1000.0,0.0500325934286882,0.0
7227,1698548640000.0,0.0,0.0,21.8,2.4121,0.0,0.0,2.4434,0.9533662612544772,1.0,3573.6436387520225,1000.0,3574.3259787520224,1000.0,0.014714332293737928,0.0
7228,1698552240000.0,0.0,0.0,5.8,2.4121,0.0,0.0,2.43485,0.9533662612544772,1.0,3574.286189952023,1000.0,3574.418139952023,1000.0,0.003914118583824925,0.0
7229,1698555840000.0,0.0,0.0,5.0,2.4121,0.0,0.0,2.4511,0.9533662612544772,1.0,3574.305160144023,1000.0,3574.500160144023,1000.0,0.003374222250098544,0.0
7230,1698559440000.0,0.0,0.0,1.3,2.4121,0.0,0.0,2.48205,0.9533662612544772,1.0,3574.531739508023,1000.0,3574.622674508023,1000.0,0.0008772421756231443,0.0
7231,1698563040000.0,0.0,0.0,0.0,2.4121,0.0,0.0,2.59135,0.9533662612544772,1.0,3574.6731539480215,1000.0,3574.6731539480215,1000.0,0.0,0.0
7232,1698566640000.0,0.0,0.0,0.0,2.4121,0.0,0.0,2.5948,0.9533662612544772,1.0,3574.6731539480215,1000.0,3574.6731539480215,1000.0,0.0,0.0
7233,1698570240000.0,0.0,0.0,0.0,2.4121,0.0,0.0,2.5755,0.9533662612544772,1.0,3574.6731539480215,1000.0,3574.6731539480215,1000.0,0.0,0.0
7234,1698573840000.0,0.0,0.0,0.0,2.4121,0.0,0.0,2.57825,0.9533662612544772,1.0,3574.6731539480215,1000.0,3574.6731539480215,1000.0,0.0,0.0
7235,1698577440000.0,0.0,0.0,0.0,2.4121,0.0,0.0,2.60585,0.9533662612544772,1.0,3574.6731539480215,1000.0,3574.6731539480215,1000.0,0.0,0.0
7236,1698581040000.0,0.0,0.0,0.0,2.4121,0.0,0.0,2.59615,0.9533662612544772,1.0,3574.6731539480215,1000.0,3574.6731539480215,1000.0,0.0,0.0
7237,1698584640000.0,0.0,0.0,0.0,2.4121,0.0,0.0,2.6188,0.9533662612544772,1.0,3574.6731539480215,1000.0,3574.6731539480215,1000.0,0.0,0.0
7238,1698588240000.0,0.0,0.0,0.0,2.4121,0.0,0.0,2.63545,0.9533662612544772,1.0,3574.6731539480215,1000.0,3574.6731539480215,1000.0,0.0,0.0
7239,1698591840000.0,0.0,0.0,0.0,2.4121,0.0,0.0,2.6115,0.9533662612544772,1.0,3574.6731539480215,1000.0,3574.6731539480215,1000.0,0.0,0.0
7240,1698595440000.0,0.0,0.0,69.3,2.579388744588745,0.0,0.0,2.5876,0.9533662612544772,1.0,3575.2688682800213,1000.0,3575.837908280021,1000.0,0.04999669859402582,0.0
7241,1698599040000.0,0.0,0.0,69.3,2.579388744588745,0.0,0.0,2.57295,0.9533662612544772,1.0,3575.2688682800213,1000.0,3574.822663280021,1000.0,0.04999669859402582,0.0
7242,1698602640000.0,0.0,0.0,69.2,2.5806724970597803,0.0,0.0,2.5771,0.9533662612544772,1.0,3576.054248604558,1000.0,3575.8070318080213,1000.0,0.04993843056665681,0.0
7243,1698606240000.0,0.0,0.0,69.2,2.5806724970597803,0.0,0.0,2.578,0.9533662612544772,1.0,3576.054248604558,1000.0,3575.869311808021,1000.0,0.04993843056665681,0.0
7244,1698609840000.0,0.0,0.0,69.2,2.5806724970597803,0.0,0.0,2.59675,0.9533662612544772,1.0,3576.054248604558,1000.0,3577.166811808021,1000.0,0.04993843056665681,0.0
7245,1698613440000.0,0.0,0.0,69.2,2.582283322101846,0.0,0.0,2.58325,0.9533662612544772,1.0,3576.8375924734687,1000.0,3576.904486584021,1000.0,0.04995865796799473,0.0
7246,1698617040000.0,0.0,0.0,69.2,2.58544339690786,0.0,0.0,2.5926,0.9533662612544772,1.0,3577.967036326045,1000.0,3578.4622732600214,1000.0,0.05000400541692424,0.0
7247,1698620640000.0,0.0,0.0,69.1,2.5875510967375437,0.0,0.0,2.5934,0.9533662612544772,1.0,3578.5974171685853,1000.0,3579.001576384021,1000.0,0.04996364774834943,0.0
7248,1698624240000.0,0.0,0.0,69.1,2.5875510967375437,0.0,0.0,2.5586,0.9533662612544772,1.0,3578.5974171685853,1000.0,3576.596896384021,1000.0,0.04996364774834943,0.0
7249,1698627840000.0,0.0,0.0,69.1,2.5875510967375437,0.0,0.0,2.57965,0.9533662612544772,1.0,3578.5974171685853,1000.0,3578.0514513840208,1000.0,0.04996364774834943,0.0
7250,1698631440000.0,0.0,0.0,69.1,2.5875510967375437,0.0,0.0,2.56235,0.9533662612544772,1.0,3578.5974171685853,1000.0,3576.856021384021,1000.0,0.04996364774834943,0.0
7251,1698635040000.0,0.0,0.0,69.1,2.5875510967375437,0.0,0.0,2.5692,0.9533662612544772,1.0,3578.5974171685853,1000.0,3577.329356384021,1000.0,0.04996364774834943,0.0
7252,1698638640000.0,0.0,0.0,69.1,2.5875510967375437,0.0,0.0,2.5817,0.9533662612544772,1.0,3578.5974171685853,1000.0,3578.193106384021,1000.0,0.04996364774834943,0.0
7253,1698642240000.0,0.0,0.0,37.5,2.5875510967375437,0.0,0.0,2.58585,0.9533662612544772,1.0,3579.4008851916788,1000.0,3579.3370940640207,1000.0,0.02710877301536503,0.0
7254,1698645840000.0,0.0,0.0,17.5,2.5875510967375437,0.0,0.0,2.62485,0.9533662612544772,1.0,3579.9094092569285,1000.0,3580.5621400640216,1000.0,0.012648963707242552,0.0
7255,1698649440000.0,0.0,0.0,69.2,2.5867658120362282,0.0,0.0,2.58125,0.9533662612544772,1.0,3579.8826648469285,1000.0,3579.5009706540213,1000.0,0.050002810413497446,0.0
7256,1698653040000.0,0.0,0.0,69.2,2.5867658120362282,0.0,0.0,2.5729,0.9533662612544772,1.0,3579.8826648469285,1000.0,3578.9231506540214,1000.0,0.050002810413497446,0.0
7257,1698656640000.0,0.0,0.0,43.8,2.5867658120362282,0.0,0.0,2.6097,0.9533662612544772,1.0,3580.528120705209,1000.0,3581.5326381380223,1000.0,0.03164347234476447,0.0
7258,1698660240000.0,0.0,0.0,12.9,2.5867658120362282,0.0,0.0,2.62615,0.9533662612544772,1.0,3581.3133406272887,1000.0,3581.821396652021,1000.0,0.009317609435822924,0.0
7259,1698663840000.0,0.0,0.0,69.0,2.5941854527521846,0.0,0.0,2.60365,0.9533662612544772,1.0,3581.3987284799214,1000.0,3582.0517822400207,1000.0,0.04998013620110779,0.0
7260,1698667440000.0,0.0,0.0,43.6,2.5941854527521846,0.0,0.0,2.63565,0.9533662612544772,1.0,3582.046187364016,1000.0,3583.8540416240207,1000.0,0.0315759428616494,0.0
7261,1698671040000.0,0.0,0.0,12.1,2.5941854527521846,0.0,0.0,2.6417,0.9533662612544772,1.0,3584.2605959943226,1000.0,3584.835522016021,1000.0,0.008757634423507512,0.0
7262,1698674640000.0,0.0,0.0,7.1,2.5941854527521846,0.0,0.0,2.65135,0.9533662612544772,1.0,3584.5145232305617,1000.0,3584.920391516021,1000.0,0.005138413192406471,0.0
7263,1698678240000.0,0.0,0.0,68.4,2.618109781939074,0.0,0.0,2.5946,0.9533662612544772,1.0,3584.663351028654,1000.0,3583.0552819440213,1000.0,0.04995691130472386,0.0
7264,1698681840000.0,0.0,0.0,68.4,2.618109781939074,0.0,0.0,2.556,0.9533662612544772,1.0,3584.663351028654,1000.0,3580.415041944021,1000.0,0.04995691130472386,0.0
7265,1698685440000.0,0.0,0.0,68.4,2.618109781939074,0.0,0.0,2.5636,0.9533662612544772,1.0,3584.663351028654,1000.0,3580.934881944021,1000.0,0.04995691130472386,0.0
7266,1698689040000.0,0.0,0.0,173.1,2.563122756121506,0.0,0.0,2.53435,0.9533662612544772,1.0,3584.6104314606537,1000.0,3579.629867376021,1000.0,0.12377259888289836,0.0
7267,1698692640000.0,0.0,0.0,173.1,2.563122756121506,0.0,0.0,2.5144,0.9533662612544772,1.0,3584.6104314606537,1000.0,3576.176522376021,1000.0,0.12377259888289836,0.0
7268,1698696240000.0,0.0,0.0,173.1,2.563122756121506,0.0,0.0,2.51405,0.9533662612544772,1.0,3584.6104314606537,1000.0,3576.115937376021,1000.0,0.12377259888289836,0.0
7269,1698699840000.0,0.0,0.0,173.1,2.563122756121506,0.0,0.0,2.49405,0.9533662612544772,1.0,3584.6104314606537,1000.0,3572.653937376021,1000.0,0.12377259888289836,0.0
7270,1698703440000.0,0.0,0.0,173.1,2.563122756121506,0.0,0.0,2.49245,0.9533662612544772,1.0,3584.6104314606537,1000.0,3572.376977376021,1000.0,0.12377259888289836,0.0
7271,1698707040000.0,0.0,0.0,438.0,2.5029319385493896,0.0,0.0,2.44175,0.9533662612544772,1.0,3584.4799099326538,1000.0,3557.682220848021,1000.0,0.30584191197356436,0.0
7272,1698710640000.0,0.0,0.0,438.0,2.5029319385493896,0.0,0.0,2.48165,0.9533662612544772,1.0,3584.4799099326538,1000.0,3575.1584208480213,1000.0,0.30584191197356436,0.0
7273,1698714240000.0,0.0,0.0,438.0,2.5029319385493896,0.0,0.0,2.5053,0.9533662612544772,1.0,3584.4799099326538,1000.0,3585.517120848021,1000.0,0.30584191197356436,0.0
7274,1698717840000.0,0.0,0.0,217.5,2.5029319385493896,0.0,0.0,2.55795,0.9533662612544772,1.0,3593.7503616425133,1000.0,3605.7167900080212,1000.0,0.15148177860236275,0.0
7275,1698721440000.0,0.0,0.0,133.2,2.5029319385493896,0.0,0.0,2.48685,0.9533662612544772,1.0,3596.7040804867997,1000.0,3594.561966272021,1000.0,0.09269334556143288,0.0
7276,1698725040000.0,0.0,0.0,133.2,2.5029319385493896,0.0,0.0,2.45015,0.9533662612544772,1.0,3596.7040804867997,1000.0,3589.673526272021,1000.0,0.09269334556143288,0.0
7277,1698728640000.0,0.0,0.0,133.2,2.5029319385493896,0.0,0.0,2.45055,0.9533662612544772,1.0,3596.7040804867997,1000.0,3589.726806272021,1000.0,0.09269334556143288,0.0
7278,1698732240000.0,0.0,0.0,133.2,2.5029319385493896,0.0,0.0,2.47645,0.9533662612544772,1.0,3596.7040804867997,1000.0,3593.176686272021,1000.0,0.09269334556143288,0.0
7279,1698735840000.0,0.0,0.0,133.2,2.5029319385493896,0.0,0.0,2.45565,0.9533662612544772,1.0,3596.7040804867997,1000.0,3590.406126272021,1000.0,0.09269334556143288,0.0
7280,1698739440000.0,0.0,0.0,337.0,2.446731555533468,0.0,0.0,2.3952,0.9533662612544772,1.0,3596.6058488868,1000.0,3579.239714672021,1000.0,0.22925740791696372,0.0
7281,1698743040000.0,0.0,0.0,337.0,2.446731555533468,0.0,0.0,2.4275,0.9533662612544772,1.0,3596.6058488868,1000.0,3590.1248146720213,1000.0,0.22925740791696372,0.0
7282,1698746640000.0,0.0,0.0,247.7,2.446731555533468,0.0,0.0,2.4721,0.9533662612544772,1.0,3598.7467453456607,1000.0,3605.0305090400207,1000.0,0.16840735100058513,0.0
7283,1698750240000.0,0.0,0.0,212.4,2.446731555533468,0.0,0.0,2.45255,0.9533662612544772,1.0,3599.5930347633293,1000.0,3600.8288723680207,1000.0,0.1443734826066185,0.0
7284,1698753840000.0,0.0,0.0,212.4,2.446731555533468,0.0,0.0,2.43525,0.9533662612544772,1.0,3599.5930347633293,1000.0,3597.1543523680207,1000.0,0.1443734826066185,0.0
7285,1698757440000.0,0.0,0.0,212.4,2.446731555533468,0.0,0.0,2.37665,0.9533662612544772,1.0,3599.5930347633293,1000.0,3584.707712368021,1000.0,0.1443734826066185,0.0
7286,1698761040000.0,0.0,0.0,537.4,2.3875665842860228,0.0,0.0,2.32965,0.9533662612544772,1.0,3599.4403562633292,1000.0,3568.315983868021,1000.0,0.35646604899637924,0.0
7287,1698764640000.0,0.0,0.0,537.4,2.3875665842860228,0.0,0.0,2.33735,0.9533662612544772,1.0,3599.4403562633292,1000.0,3572.4539638680203,1000.0,0.35646604899637924,0.0
7288,1698768240000.0,0.0,0.0,537.4,2.3875665842860228,0.0,0.0,2.33885,0.9533662612544772,1.0,3599.4403562633292,1000.0,3573.2600638680206,1000.0,0.35646604899637924,0.0
7289,1698771840000.0,0.0,0.0,537.4,2.3875665842860228,0.0,0.0,2.3499,0.9533662612544772,1.0,3599.4403562633292,1000.0,3579.1983338680207,1000.0,0.35646604899637924,0.0
7290,1698775440000.0,0.0,0.0,537.4,2.3875665842860228,0.0,0.0,2.36525,0.9533662612544772,1.0,3599.4403562633292,1000.0,3587.4474238680205,1000.0,0.35646604899637924,0.0
7291,1698779040000.0,0.0,0.0,537.4,2.3875665842860228,0.0,0.0,2.381,0.9533662612544772,1.0,3599.4403562633292,1000.0,3595.9114738680205,1000.0,0.35646604899637924,0.0
7292,1698782640000.0,0.0,0.0,537.4,2.3875665842860228,0.0,0.0,2.36625,0.9533662612544772,1.0,3599.4403562633292,1000.0,3587.9848238680206,1000.0,0.35646604899637924,0.0
7293,1698786240000.0,0.0,0.0,537.4,2.3875665842860228,0.0,0.0,2.3784,0.9533662612544772,1.0,3599.4403562633292,1000.0,3594.5142338680207,1000.0,0.35646604899637924,0.0
7294,1698789840000.0,0.0,0.0,537.4,2.3875665842860228,0.0,0.0,2.36235,0.9533662612544772,1.0,3599.4403562633292,1000.0,3585.8889638680207,1000.0,0.35646604899637924,0.0
7295,1698793440000.0,0.0,0.0,537.4,2.3875665842860228,0.0,0.0,2.35575,0.9533662612544772,1.0,3599.4403562633292,1000.0,3582.3421238680207,1000.0,0.35646604899637924,0.0
7296,1698797040000.0,0.0,0.0,537.4,2.3875665842860228,0.0,0.0,2.37635,0.9533662612544772,1.0,3599.4403562633292,1000.0,3593.4125638680207,1000.0,0.35646604899637924,0.0
7297,1698800640000.0,0.0,0.0,460.7,2.3875665842860228,0.0,0.0,2.3981,0.9533662612544772,1.0,3601.2390568385913,1000.0,3606.0918014580207,1000.0,0.3054370754120894,0.0
7298,1698804240000.0,0.0,0.0,460.7,2.3875665842860228,0.0,0.0,2.3658,0.9533662612544772,1.0,3601.2390568385913,1000.0,3591.2111914580205,1000.0,0.3054370754120894,0.0
7299,1698807840000.0,0.0,0.0,460.7,2.3875665842860228,0.0,0.0,2.36185,0.9533662612544772,1.0,3601.2390568385913,1000.0,3589.3914264580208,1000.0,0.3054370754120894,0.0
7300,1698811440000.0,0.0,0.0,460.7,2.3875665842860228,0.0,0.0,2.3458,0.9533662612544772,1.0,3601.2390568385913,1000.0,3581.9971914580206,1000.0,0.3054370754120894,0.0
7301,1698815040000.0,0.0,0.0,460.7,2.3875665842860228,0.0,0.0,2.32715,0.9533662612544772,1.0,3601.2390568385913,1000.0,3573.4051364580205,1000.0,0.3054370754120894,0.0
7302,1698818640000.0,0.0,0.0,460.7,2.3875665842860228,0.0,0.0,2.28665,0.9533662612544772,1.0,3601.2390568385913,1000.0,3554.7467864580203,1000.0,0.3054370754120894,0.0
7303,1698822240000.0,0.0,0.0,460.7,2.3875665842860228,0.0,0.0,2.2997,0.9533662612544772,1.0,3601.2390568385913,1000.0,3560.7589214580207,1000.0,0.3054370754120894,0.0
7304,1698825840000.0,0.0,0.0,460.7,2.3875665842860228,0.0,0.0,2.31315,0.9533662612544772,1.0,3601.2390568385913,1000.0,3566.9553364580206,1000.0,0.3054370754120894,0.0
7305,1698829440000.0,0.0,0.0,460.7,2.3875665842860228,0.0,0.0,2.31595,0.9533662612544772,1.0,3601.2390568385913,1000.0,3568.2452964580207,1000.0,0.3054370754120894,0.0
7306,1698833040000.0,0.0,0.0,460.7,2.3875665842860228,0.0,0.0,2.3184,0.9533662612544772,1.0,3601.2390568385913,1000.0,3569.3740114580205,1000.0,0.3054370754120894,0.0
7307,1698836640000.0,0.0,0.0,460.7,2.3875665842860228,0.0,0.0,2.2922,0.9533662612544772,1.0,3601.2390568385913,1000.0,3557.3036714580203,1000.0,0.3054370754120894,0.0
7308,1698840240000.0,0.0,0.0,460.7,2.3875665842860228,0.0,0.0,2.28755,0.9533662612544772,1.0,3601.2390568385913,1000.0,3555.1614164580205,1000.0,0.3054370754120894,0.0
7309,1698843840000.0,0.0,0.0,491.1,2.305164495826764,0.0,0.0,2.36835,0.9533662612544772,1.0,3649.4608826665435,1000.0,3680.4912837660195,1000.0,0.3102009640046777,0.0
7310,1698847440000.0,0.0,0.0,58.1,2.305164495826764,0.0,0.0,2.358,0.9533662612544772,1.0,3681.232533193554,1000.0,3684.302275986019,1000.0,0.03638185200198358,0.0
7311,1698851040000.0,0.0,0.0,79.0,2.3228951595656313,0.0,0.0,2.32,0.9533662612544772,1.0,3682.9355953117038,1000.0,3682.706877706019,1000.0,0.04982675174642952,0.0
7312,1698854640000.0,0.0,0.0,79.0,2.3228951595656313,0.0,0.0,2.3357,0.9533662612544772,1.0,3682.9355953117038,1000.0,3683.947177706019,1000.0,0.04982675174642952,0.0
7313,1698858240000.0,0.0,0.0,79.1,2.3267571726429668,0.0,0.0,2.3269,0.9533662612544772,1.0,3683.881781962078,1000.0,3683.8930796060195,1000.0,0.04995993445208585,0.0
7314,1698861840000.0,0.0,0.0,67.8,2.3267571726429668,0.0,0.0,2.36675,0.9533662612544772,1.0,3684.1402446852126,1000.0,3686.8517583800194,1000.0,0.04281979670366003,0.0
7315,1698865440000.0,0.0,0.0,1.3,2.3267571726429668,0.0,0.0,2.4271,0.9533662612544772,1.0,3688.4051674884554,1000.0,3688.5356131640197,1000.0,0.0008200791906208943,0.0
7316,1698869040000.0,0.0,0.0,0.0,2.3267571726429668,0.0,0.0,2.4375,0.9533662612544772,1.0,3688.548379438019,1000.0,3688.548379438019,1000.0,0.0,0.0
7317,1698872640000.0,0.0,0.0,0.0,2.3267571726429668,0.0,0.0,2.4428,0.9533662612544772,1.0,3688.548379438019,1000.0,3688.548379438019,1000.0,0.0,0.0
7318,1698876240000.0,0.0,0.0,0.0,2.3267571726429668,0.0,0.0,2.43605,0.9533662612544772,1.0,3688.548379438019,1000.0,3688.548379438019,1000.0,0.0,0.0
7319,1698879840000.0,0.0,0.0,0.0,2.3267571726429668,0.0,0.0,2.40085,0.9533662612544772,1.0,3688.548379438019,1000.0,3688.548379438019,1000.0,0.0,0.0
7320,1698883440000.0,0.0,0.0,0.0,2.3267571726429668,0.0,0.0,2.4263,0.9533662612544772,1.0,3688.548379438019,1000.0,3688.548379438019,1000.0,0.0,0.0
7321,1698887040000.0,0.0,0.0,0.0,2.3267571726429668,0.0,0.0,2.4576,0.9533662612544772,1.0,3688.548379438019,1000.0,3688.548379438019,1000.0,0.0,0.0
7322,1698890640000.0,0.0,0.0,0.0,2.3267571726429668,0.0,0.0,2.4962,0.9533662612544772,1.0,3688.548379438019,1000.0,3688.548379438019,1000.0,0.0,0.0
7323,1698894240000.0,0.0,0.0,0.0,2.3267571726429668,0.0,0.0,2.5237,0.9533662612544772,1.0,3688.548379438019,1000.0,3688.548379438019,1000.0,0.0,0.0
7324,1698897840000.0,0.0,0.0,0.0,2.3267571726429668,0.0,0.0,2.52315,0.9533662612544772,1.0,3688.548379438019,1000.0,3688.548379438019,1000.0,0.0,0.0
7325,1698901440000.0,0.0,0.0,0.0,2.3267571726429668,0.0,0.0,2.4765,0.9533662612544772,1.0,3688.548379438019,1000.0,3688.548379438019,1000.0,0.0,0.0
7326,1698905040000.0,0.0,0.0,74.9,2.4621,0.0,0.0,2.42615,0.9533662612544772,1.0,3688.511497180019,1000.0,3685.818842180019,1000.0,0.0499961272022571,0.0
7327,1698908640000.0,0.0,0.0,74.9,2.4621,0.0,0.0,2.431,0.9533662612544772,1.0,3688.511497180019,1000.0,3686.182107180019,1000.0,0.0499961272022571,0.0
7328,1698912240000.0,0.0,0.0,74.9,2.4621,0.0,0.0,2.40455,0.9533662612544772,1.0,3688.511497180019,1000.0,3684.201002180019,1000.0,0.0499961272022571,0.0
7329,1698915840000.0,0.0,0.0,74.9,2.4621,0.0,0.0,2.4329,0.9533662612544772,1.0,3688.511497180019,1000.0,3686.324417180019,1000.0,0.0499961272022571,0.0
7330,1698919440000.0,0.0,0.0,74.9,2.4621,0.0,0.0,2.45435,0.9533662612544772,1.0,3688.511497180019,1000.0,3687.9310221800188,1000.0,0.0499961272022571,0.0
7331,1698923040000.0,0.0,0.0,74.9,2.4621,0.0,0.0,2.4507,0.9533662612544772,1.0,3688.511497180019,1000.0,3687.657637180019,1000.0,0.0499961272022571,0.0
7332,1698926640000.0,0.0,0.0,74.9,2.4621,0.0,0.0,2.4303,0.9533662612544772,1.0,3688.511497180019,1000.0,3686.129677180019,1000.0,0.0499961272022571,0.0
7333,1698930240000.0,0.0,0.0,189.5,2.410393931398417,0.0,0.0,2.36765,0.9533662612544772,1.0,3688.457025508019,1000.0,3680.357050508019,1000.0,0.12383759573207666,0.0
7334,1698933840000.0,0.0,0.0,189.5,2.410393931398417,0.0,0.0,2.3777,0.9533662612544772,1.0,3688.457025508019,1000.0,3682.2615255080186,1000.0,0.12383759573207666,0.0
7335,1698937440000.0,0.0,0.0,189.5,2.410393931398417,0.0,0.0,2.31935,0.9533662612544772,1.0,3688.457025508019,1000.0,3671.204200508019,1000.0,0.12383759573207666,0.0
7336,1698941040000.0,0.0,0.0,479.5,2.3537886339937435,0.0,0.0,2.2814,0.9533662612544772,1.0,3688.322651108019,1000.0,3653.612301108019,1000.0,0.3060040448633044,0.0
7337,1698944640000.0,0.0,0.0,479.5,2.3537886339937435,0.0,0.0,2.30265,0.9533662612544772,1.0,3688.322651108019,1000.0,3663.801676108019,1000.0,0.3060040448633044,0.0
7338,1698948240000.0,0.0,0.0,479.5,2.3537886339937435,0.0,0.0,2.3159,0.9533662612544772,1.0,3688.322651108019,1000.0,3670.155051108019,1000.0,0.3060040448633044,0.0
7339,1698951840000.0,0.0,0.0,479.5,2.3537886339937435,0.0,0.0,2.3302,0.9533662612544772,1.0,3688.322651108019,1000.0,3677.0119011080187,1000.0,0.3060040448633044,0.0
7340,1698955440000.0,0.0,0.0,479.5,2.3537886339937435,0.0,0.0,2.32405,0.9533662612544772,1.0,3688.322651108019,1000.0,3674.062976108019,1000.0,0.3060040448633044,0.0
7341,1698959040000.0,0.0,0.0,479.5,2.3537886339937435,0.0,0.0,2.28335,0.9533662612544772,1.0,3688.322651108019,1000.0,3654.5473261080188,1000.0,0.3060040448633044,0.0
7342,1698962640000.0,0.0,0.0,479.5,2.3537886339937435,0.0,0.0,2.28265,0.9533662612544772,1.0,3688.322651108019,1000.0,3654.2116761080188,1000.0,0.3060040448633044,0.0
7343,1698966240000.0,0.0,0.0,479.5,2.3537886339937435,0.0,0.0,2.25745,0.9533662612544772,1.0,3688.322651108019,1000.0,3642.128276108019,1000.0,0.3060040448633044,0.0
7344,1698969840000.0,0.0003423868404071984,0.0,1623.0,2.2725609365372765,0.0,0.0,2.23775,0.9533662612544772,1.0,3687.810706158019,1000.0,3631.3125561580196,1000.0,1.0001506839385907,0.0
7345,1698973440000.0,0.0003423868404071984,0.0,1623.0,2.2725609365372765,0.0,0.0,2.16005,0.9533662612544772,1.0,3687.810706158019,1000.0,3505.2054561580194,1000.0,1.0001506839385907,0.0
7346,1698977040000.0,0.0003423868404071984,0.0,1623.0,2.2725609365372765,0.0,0.0,2.16965,0.9533662612544772,1.0,3687.810706158019,1000.0,3520.786256158019,1000.0,1.0001506839385907,0.0
7347,1698980640000.0,0.0003423868404071984,0.0,1623.0,2.2725609365372765,0.0,0.0,2.17815,0.9533662612544772,1.0,3687.810706158019,1000.0,3534.5817561580193,1000.0,1.0001506839385907,0.0
7348,1698984240000.0,0.0003423868404071984,0.0,1623.0,2.2725609365372765,0.0,0.0,2.1843,0.9533662612544772,1.0,3687.810706158019,1000.0,3544.563206158019,1000.0,1.0001506839385907,0.0
7349,1698987840000.0,0.0003423868404071984,0.0,1623.0,2.2725609365372765,0.0,0.0,2.18045,0.9533662612544772,1.0,3687.810706158019,1000.0,3538.3146561580193,1000.0,1.0001506839385907,0.0
7350,1698991440000.0,0.0,0.0,1606.2,2.2725609365372765,0.0,0.0,2.2178,0.9533662612544772,1.0,3686.589329416193,1000.0,3598.6323131500194,1000.0,0.9901258453553372,0.0
7351,1698995040000.0,0.0,0.0,1606.2,2.2725609365372765,0.0,0.0,2.20295,0.9533662612544772,1.0,3686.589329416193,1000.0,3574.780243150019,1000.0,0.9901258453553372,0.0
7352,1698998640000.0,0.0,0.0,1606.2,2.2725609365372765,0.0,0.0,2.18665,0.9533662612544772,1.0,3686.589329416193,1000.0,3548.5991831500196,1000.0,0.9901258453553372,0.0
7353,1699002240000.0,0.0,0.0,1606.2,2.2725609365372765,0.0,0.0,2.1845,0.9533662612544772,1.0,3686.589329416193,1000.0,3545.1458531500193,1000.0,0.9901258453553372,0.0
7354,1699005840000.0,0.0,0.0,1606.2,2.2725609365372765,0.0,0.0,2.1713,0.9533662612544772,1.0,3686.589329416193,1000.0,3523.944013150019,1000.0,0.9901258453553372,0.0
7355,1699009440000.0,0.0,0.0,1606.2,2.2725609365372765,0.0,0.0,2.19,0.9533662612544772,1.0,3686.589329416193,1000.0,3553.9799531500194,1000.0,0.9901258453553372,0.0
7356,1699013040000.0,0.0,0.0,1606.2,2.2725609365372765,0.0,0.0,2.1945,0.9533662612544772,1.0,3686.589329416193,1000.0,3561.2078531500197,1000.0,0.9901258453553372,0.0
7357,1699016640000.0,0.0,0.0,1606.2,2.2725609365372765,0.0,0.0,2.226,0.9533662612544772,1.0,3686.589329416193,1000.0,3611.803153150019,1000.0,0.9901258453553372,0.0
7358,1699020240000.0,0.0,0.0,1011.6,2.2725609365372765,0.0,0.0,2.29535,0.9533662612544772,1.0,3699.8370194751287,1000.0,3722.89043607402,1000.0,0.6213578142226497,0.0
7359,1699023840000.0,0.0,0.0,468.2,2.2725609365372765,0.0,0.0,2.2634,0.9533662612544772,1.0,3711.9439733567724,1000.0,3707.6548228700194,1000.0,0.286645767857468,0.0
7360,1699027440000.0,0.0,0.0,468.2,2.2725609365372765,0.0,0.0,2.2843,0.9533662612544772,1.0,3711.9439733567724,1000.0,3717.4402028700197,1000.0,0.286645767857468,0.0
7361,1699031040000.0,0.0,0.0,468.2,2.2725609365372765,0.0,0.0,2.24125,0.9533662612544772,1.0,3711.9439733567724,1000.0,3697.2841928700195,1000.0,0.286645767857468,0.0
7362,1699034640000.0,0.0,0.0,468.2,2.2725609365372765,0.0,0.0,2.2243,0.9533662612544772,1.0,3711.9439733567724,1000.0,3689.3482028700196,1000.0,0.286645767857468,0.0
7363,1699038240000.0,0.0,0.0,468.2,2.2725609365372765,0.0,0.0,2.2343,0.9533662612544772,1.0,3711.9439733567724,1000.0,3694.03020287002,1000.0,0.286645767857468,0.0
7364,1699041840000.0,0.0,0.0,468.2,2.2725609365372765,0.0,0.0,2.25,0.9533662612544772,1.0,3711.9439733567724,1000.0,3701.3809428700197,1000.0,0.286645767857468,0.0
7365,1699045440000.0,0.0,0.0,468.2,2.2725609365372765,0.0,0.0,2.2682,0.9533662612544772,1.0,3711.9439733567724,1000.0,3709.9021828700197,1000.0,0.286645767857468,0.0
7366,1699049040000.0,0.0,0.0,468.2,2.2725609365372765,0.0,0.0,2.28175,0.9533662612544772,1.0,3711.9439733567724,1000.0,3716.2462928700197,1000.0,0.286645767857468,0.0
7367,1699052640000.0,0.0,0.0,159.4,2.2725609365372765,0.0,0.0,2.297,0.9533662612544772,1.0,3718.8240384260603,1000.0,3722.7196251420182,1000.0,0.09740880706938677,0.0
7368,1699056240000.0,0.0,0.0,136.7,2.2725609365372765,0.0,0.0,2.26925,0.9533662612544772,1.0,3719.3297945046643,1000.0,3718.8771894800184,1000.0,0.08352555357786412,0.0
7369,1699059840000.0,0.0,0.0,136.7,2.2725609365372765,0.0,0.0,2.26215,0.9533662612544772,1.0,3719.3297945046643,1000.0,3717.9066194800184,1000.0,0.08352555357786412,0.0
7370,1699063440000.0,0.0,0.0,136.7,2.2725609365372765,0.0,0.0,2.25735,0.9533662612544772,1.0,3719.3297945046643,1000.0,3717.2504594800184,1000.0,0.08352555357786412,0.0
7371,1699067040000.0,0.0,0.0,136.7,2.2725609365372765,0.0,0.0,2.25515,0.9533662612544772,1.0,3719.3297945046643,1000.0,3716.9497194800188,1000.0,0.08352555357786412,0.0
7372,1699070640000.0,0.0,0.0,117.2,2.2725609365372765,0.0,0.0,2.28235,0.9533662612544772,1.0,3719.7642545721874,1000.0,3720.911532810019,1000.0,0.07160242518992678,0.0
7373,1699074240000.0,0.0,0.0,117.2,2.2725609365372765,0.0,0.0,2.24215,0.9533662612544772,1.0,3719.7642545721874,1000.0,3716.2000928100188,1000.0,0.07160242518992678,0.0
7374,1699077840000.0,0.0,0.0,117.2,2.2725609365372765,0.0,0.0,2.2531,0.9533662612544772,1.0,3719.7642545721874,1000.0,3717.4834328100187,1000.0,0.07160242518992678,0.0
7375,1699081440000.0,0.0,0.0,117.2,2.2725609365372765,0.0,0.0,2.28555,0.9533662612544772,1.0,3719.7642545721874,1000.0,3721.2865728100187,1000.0,0.07160242518992678,0.0
7376,1699085040000.0,0.0,0.0,48.6,2.2725609365372765,0.0,0.0,2.28565,0.9533662612544772,1.0,3722.4446123737303,1000.0,3723.0807408580185,1000.0,0.029670410984377844,0.0
7377,1699088640000.0,0.0,0.0,12.2,2.2725609365372765,0.0,0.0,2.3114,0.9533662612544772,1.0,3723.779419715774,1000.0,3724.253256290019,1000.0,0.007445458041623465,0.0
7378,1699092240000.0,0.0,0.0,3.5,2.2725609365372765,0.0,0.0,2.30325,0.9533662612544772,1.0,3724.1663571178997,1000.0,3724.2737688400193,1000.0,0.002135770133543651,0.0
7379,1699095840000.0,0.0,0.0,1.1,2.2725609365372765,0.0,0.0,2.3282,0.9533662612544772,1.0,3724.27309847021,1000.0,3724.334301440019,1000.0,0.0006712228035097197,0.0
7380,1699099440000.0,0.0,0.0,0.7,2.2725609365372765,0.0,0.0,2.32025,0.9533662612544772,1.0,3724.293108251595,1000.0,3724.326490596019,1000.0,0.0004271394891158033,0.0
7381,1699103040000.0,0.0,0.0,0.1,2.2725609365372765,0.0,0.0,2.35275,0.9533662612544772,1.0,3724.333110925673,1000.0,3724.3411298320193,1000.0,6.101927160786211e-05,0.0
7382,1699106640000.0,0.0,0.0,80.7,2.3071,0.0,0.0,2.3056,0.9533662612544772,1.0,3724.302541444019,1000.0,3724.181491444019,1000.0,0.049991365612260794,0.0
7383,1699110240000.0,0.0,0.0,80.7,2.3071,0.0,0.0,2.28,0.9533662612544772,1.0,3724.302541444019,1000.0,3722.1155714440188,1000.0,0.049991365612260794,0.0
7384,1699113840000.0,0.0,0.0,80.7,2.3071,0.0,0.0,2.28615,0.9533662612544772,1.0,3724.302541444019,1000.0,3722.611876444019,1000.0,0.049991365612260794,0.0
7385,1699117440000.0,0.0,0.0,80.7,2.3071,0.0,0.0,2.3057,0.9533662612544772,1.0,3724.302541444019,1000.0,3724.189561444019,1000.0,0.049991365612260794,0.0
7386,1699121040000.0,0.0,0.0,80.7,2.3071,0.0,0.0,2.30655,0.9533662612544772,1.0,3724.302541444019,1000.0,3724.258156444019,1000.0,0.049991365612260794,0.0
7387,1699124640000.0,0.0,0.0,80.7,2.3071,0.0,0.0,2.3013,0.9533662612544772,1.0,3724.302541444019,1000.0,3723.834481444019,1000.0,0.049991365612260794,0.0
7388,1699128240000.0,0.0,0.0,80.7,2.3071,0.0,0.0,2.2945,0.9533662612544772,1.0,3724.302541444019,1000.0,3723.285721444019,1000.0,0.049991365612260794,0.0
7389,1699131840000.0,0.0,0.0,80.7,2.3071,0.0,0.0,2.307,0.9533662612544772,1.0,3724.302541444019,1000.0,3724.294471444019,1000.0,0.049991365612260794,0.0
7390,1699135440000.0,0.0,0.0,59.4,2.3071,0.0,0.0,2.3314,0.9533662612544772,1.0,3724.7846447920188,1000.0,3726.228064792019,1000.0,0.03679185592423747,0.0
7391,1699139040000.0,0.0,0.0,39.6,2.3071,0.0,0.0,2.3755,0.9533662612544772,1.0,3725.901903352019,1000.0,3728.610543352019,1000.0,0.02452054894891534,0.0
7392,1699142640000.0,0.0,0.0,6.7,2.3071,0.0,0.0,2.3325,0.9533662612544772,1.0,3727.6242850520193,1000.0,3727.7944650520194,1000.0,0.0041467618026810584,0.0
7393,1699146240000.0,0.0,0.0,80.3,2.3196144458281442,0.0,0.0,2.3304,0.9533662612544772,1.0,3727.6854654800195,1000.0,3728.5515454800197,1000.0,0.04996801412696829,0.0
7394,1699149840000.0,0.0,0.0,23.6,2.3196144458281442,0.0,0.0,2.34445,0.9533662612544772,1.0,3728.979187915563,1000.0,3729.565306994019,1000.0,0.014680398619265175,0.0
7395,1699153440000.0,0.0,0.0,80.2,2.323188693894156,0.0,0.0,2.3155,0.9533662612544772,1.0,3729.026637618331,1000.0,3728.4100043680196,1000.0,0.04996470965659573,0.0
7396,1699157040000.0,0.0,0.0,50.6,2.323188693894156,0.0,0.0,2.34195,0.9533662612544772,1.0,3729.7027609990637,1000.0,3730.6520830880195,1000.0,0.03151815451362018,0.0
7397,1699160640000.0,0.0,0.0,43.4,2.323188693894156,0.0,0.0,2.33435,0.9533662612544772,1.0,3729.8672234430255,1000.0,3730.351624128019,1000.0,0.027032165831880183,0.0
7398,1699164240000.0,0.0,0.0,80.1,2.3257138491261724,0.0,0.0,2.32935,0.9533662612544772,1.0,3729.8501307850256,1000.0,3730.1413864700194,1000.0,0.04994562054314976,0.0
7399,1699167840000.0,0.0,0.0,80.1,2.3257138491261724,0.0,0.0,2.3063,0.9533662612544772,1.0,3729.8501307850256,1000.0,3728.2950814700193,1000.0,0.04994562054314976,0.0
7400,1699171440000.0,0.0,0.0,80.1,2.3257138491261724,0.0,0.0,2.3411,0.9533662612544772,1.0,3729.8501307850256,1000.0,3731.0825614700193,1000.0,0.04994562054314976,0.0
7401,1699175040000.0,0.0,0.0,80.1,2.326715926511006,0.0,0.0,2.3218,0.9533662612544772,1.0,3730.3239603435513,1000.0,3729.9301946300197,1000.0,0.04996079367229206,0.0
7402,1699178640000.0,0.0,0.0,27.8,2.326715926511006,0.0,0.0,2.3615,0.9533662612544772,1.0,3732.4453807010254,1000.0,3733.4123779440197,1000.0,0.01732984576049102,0.0
7403,1699182240000.0,0.0,0.0,13.5,2.326715926511006,0.0,0.0,2.37275,0.9533662612544772,1.0,3733.0961670299184,1000.0,3733.7176270220198,1000.0,0.008414105504517221,0.0
7404,1699185840000.0,0.0,0.0,2.4,2.326715926511006,0.0,0.0,2.3948,0.9533662612544772,1.0,3733.678827347647,1000.0,3733.8422291240204,1000.0,0.0014956075446889182,0.0
7405,1699189440000.0,0.0,0.0,0.9,2.326715926511006,0.0,0.0,2.3987,0.9533662612544772,1.0,3733.7858238998806,1000.0,3733.8506095660205,1000.0,0.0005608367572815703,0.0
7406,1699193040000.0,0.0,0.0,79.1,2.3612246064551763,0.0,0.0,2.33875,0.9533662612544772,1.0,3733.773689774625,1000.0,3731.9959484040205,1000.0,0.050022546058992194,0.0
7407,1699196640000.0,0.0,0.0,79.1,2.3612246064551763,0.0,0.0,2.3491,0.9533662612544772,1.0,3733.773689774625,1000.0,3732.8146334040207,1000.0,0.050022546058992194,0.0
7408,1699200240000.0,0.0,0.0,79.1,2.3612246064551763,0.0,0.0,2.35235,0.9533662612544772,1.0,3733.773689774625,1000.0,3733.0717084040207,1000.0,0.050022546058992194,0.0
7409,1699203840000.0,0.0,0.0,58.2,2.3612246064551763,0.0,0.0,2.3844,0.9533662612544772,1.0,3734.258536617712,1000.0,3735.6073445220204,1000.0,0.03680068499492855,0.0
7410,1699207440000.0,0.0,0.0,8.9,2.3612246064551763,0.0,0.0,2.3723,0.9533662612544772,1.0,3735.701158605471,1000.0,3735.79972960802,1000.0,0.00562542294076218,0.0
7411,1699211040000.0,0.0,0.0,79.2,2.3599600883516545,0.0,0.0,2.37035,0.9533662612544772,1.0,3735.667979817471,1000.0,3736.49086082002,1000.0,0.05003357900307394,0.0
7412,1699214640000.0,0.0,0.0,67.9,2.3599600883516545,0.0,0.0,2.3539,0.9533662612544772,1.0,3735.9297238830973,1000.0,3735.5182438840197,1000.0,0.04289194439999363,0.0
7413,1699218240000.0,0.0,0.0,79.1,2.3607633014167675,0.0,0.0,2.36455,0.9533662612544772,1.0,3736.1445295020862,1000.0,3736.44405736002,1000.0,0.04998103677936478,0.0
7414,1699221840000.0,0.0,0.0,79.1,2.3607633014167675,0.0,0.0,2.33895,0.9533662612544772,1.0,3736.1445295020862,1000.0,3734.41909736002,1000.0,0.04998103677936478,0.0
7415,1699225440000.0,0.0,0.0,79.1,2.3607633014167675,0.0,0.0,2.3781,0.9533662612544772,1.0,3736.1445295020862,1000.0,3737.51586236002,1000.0,0.04998103677936478,0.0
7416,1699229040000.0,0.0,0.0,49.9,2.3607633014167675,0.0,0.0,2.3643,0.9533662612544772,1.0,3736.8207962047168,1000.0,3736.99727746402,1000.0,0.03152468238785809,0.0
7417,1699232640000.0,0.0,0.0,19.9,2.361072171184535,0.0,0.0,2.39645,0.9533662612544772,1.0,3738.177537078592,1000.0,3738.88155587202,1000.0,0.012569048885594545,0.0
7418,1699236240000.0,0.0,0.0,13.9,2.361072171184535,0.0,0.0,2.4073,0.9533662612544772,1.0,3738.455014691485,1000.0,3739.0975815120196,1000.0,0.008778734276724582,0.0
7419,1699239840000.0,0.0,0.0,5.7,2.361072171184535,0.0,0.0,2.4108,0.9533662612544772,1.0,3738.8342340957715,1000.0,3739.1176827200197,1000.0,0.0035995474880973597,0.0
7420,1699243440000.0,0.0,0.0,1.1,2.361072171184535,0.0,0.0,2.4238,0.9533662612544772,1.0,3739.152745772323,1000.0,3739.22174638402,1000.0,0.0006945903430234274,0.0
7421,1699247040000.0,0.0,0.0,78.2,2.3901749782955335,0.0,0.0,2.3905,0.9533662612544772,1.0,3739.145668518731,1000.0,3739.17108521602,1000.0,0.04998780466789252,0.0
7422,1699250640000.0,0.0,0.0,78.2,2.3901749782955335,0.0,0.0,2.36805,0.9533662612544772,1.0,3739.145668518731,1000.0,3737.41549521602,1000.0,0.04998780466789252,0.0
7423,1699254240000.0,0.0,0.0,67.1,2.3901749782955335,0.0,0.0,2.41085,0.9533662612544772,1.0,3739.4058769576504,1000.0,3740.7931709140203,1000.0,0.04288936433242029,0.0
7424,1699257840000.0,0.0,0.0,78.3,2.389819656190685,0.0,0.0,2.38745,0.9533662612544772,1.0,3739.9677434477503,1000.0,3739.7821993680195,1000.0,0.050033286893332495,0.0
7425,1699261440000.0,0.0,0.0,78.3,2.389819656190685,0.0,0.0,2.3865,0.9533662612544772,1.0,3739.9677434477503,1000.0,3739.7078143680196,1000.0,0.050033286893332495,0.0
7426,1699265040000.0,0.0,0.0,78.3,2.389819656190685,0.0,0.0,2.39175,0.9533662612544772,1.0,3739.9677434477503,1000.0,3740.1188893680196,1000.0,0.050033286893332495,0.0
7427,1699268640000.0,0.0,0.0,17.7,2.389819656190685,0.0,0.0,2.4433,0.9533662612544772,1.0,3741.827319884595,1000.0,3742.7739219700197,1000.0,0.011304585780799669,0.0
7428,1699272240000.0,0.0,0.0,2.2,2.389819656190685,0.0,0.0,2.47345,0.9533662612544772,1.0,3742.6201666896395,1000.0,3742.80415344602,1000.0,0.0014047921000409388,0.0
7429,1699275840000.0,0.0,0.0,0.1,2.389819656190685,0.0,0.0,2.47735,0.9533662612544772,1.0,3742.77899971364,1000.0,3742.787752748021,1000.0,6.385147657325026e-05,0.0
7430,1699279440000.0,0.0,0.0,0.0,2.389819656190685,0.0,0.0,2.45755,0.9533662612544772,1.0,3742.786008540021,1000.0,3742.786008540021,1000.0,0.0,0.0
7431,1699283040000.0,0.0,0.0,0.0,2.389819656190685,0.0,0.0,2.46595,0.9533662612544772,1.0,3742.786008540021,1000.0,3742.786008540021,1000.0,0.0,0.0
7432,1699286640000.0,0.0,0.0,76.8,2.4363,0.0,0.0,2.45485,0.9533662612544772,1.0,3742.7485869720213,1000.0,3744.1732269720214,1000.0,0.0499920942195519,0.0
7433,1699290240000.0,0.0,0.0,76.8,2.4363,0.0,0.0,2.4099,0.9533662612544772,1.0,3742.7485869720213,1000.0,3740.721066972021,1000.0,0.0499920942195519,0.0
7434,1699293840000.0,0.0,0.0,76.8,2.4363,0.0,0.0,2.4185,0.9533662612544772,1.0,3742.7485869720213,1000.0,3741.381546972021,1000.0,0.0499920942195519,0.0
7435,1699297440000.0,0.0,0.0,76.8,2.4363,0.0,0.0,2.3934,0.9533662612544772,1.0,3742.7485869720213,1000.0,3739.4538669720214,1000.0,0.0499920942195519,0.0
7436,1699301040000.0,0.0,0.0,76.8,2.4363,0.0,0.0,2.42335,0.9533662612544772,1.0,3742.7485869720213,1000.0,3741.754026972021,1000.0,0.0499920942195519,0.0
7437,1699304640000.0,0.0,0.0,76.8,2.4363,0.0,0.0,2.4336,0.9533662612544772,1.0,3742.7485869720213,1000.0,3742.5412269720214,1000.0,0.0499920942195519,0.0
7438,1699308240000.0,0.0,0.0,76.8,2.4363,0.0,0.0,2.4558,0.9533662612544772,1.0,3742.7485869720213,1000.0,3744.2461869720214,1000.0,0.0499920942195519,0.0
7439,1699311840000.0,0.0,0.0,48.5,2.4363,0.0,0.0,2.47015,0.9533662612544772,1.0,3743.4251794100214,1000.0,3745.0669044100214,1000.0,0.031564822144681565,0.0
7440,1699315440000.0,0.0,0.0,14.4,2.4363,0.0,0.0,2.45975,0.9533662612544772,1.0,3744.240437436023,1000.0,3744.578117436023,1000.0,0.009369782893542998,0.0
7441,1699319040000.0,0.0,0.0,65.9,2.4388848958333336,0.0,0.0,2.4744,0.9533662612544772,1.0,3744.6698224494407,1000.0,3747.0102678140242,1000.0,0.042920343382981056,0.0
7442,1699322640000.0,0.0,0.0,15.0,2.4388848958333336,0.0,0.0,2.47645,0.9533662612544772,1.0,3746.6941334935236,1000.0,3747.2576100560236,1000.0,0.009764147308013298,0.0
7443,1699326240000.0,0.0,0.0,76.5,2.44613233251634,0.0,0.0,2.40485,0.9533662612544772,1.0,3746.664024323524,1000.0,3743.5059258860238,1000.0,0.049945530803575854,0.0
7444,1699329840000.0,0.0,0.0,76.5,2.44613233251634,0.0,0.0,2.43625,0.9533662612544772,1.0,3746.664024323524,1000.0,3745.9080258860236,1000.0,0.049945530803575854,0.0
7445,1699333440000.0,0.0,0.0,76.5,2.44613233251634,0.0,0.0,2.40275,0.9533662612544772,1.0,3746.664024323524,1000.0,3743.345275886024,1000.0,0.049945530803575854,0.0
7446,1699337040000.0,0.0,0.0,76.5,2.44613233251634,0.0,0.0,2.4034,0.9533662612544772,1.0,3746.664024323524,1000.0,3743.395000886024,1000.0,0.049945530803575854,0.0
7447,1699340640000.0,0.0,0.0,76.5,2.44613233251634,0.0,0.0,2.4103,0.9533662612544772,1.0,3746.664024323524,1000.0,3743.9228508860238,1000.0,0.049945530803575854,0.0
7448,1699344240000.0,0.0,0.0,76.5,2.44613233251634,0.0,0.0,2.40585,0.9533662612544772,1.0,3746.664024323524,1000.0,3743.582425886024,1000.0,0.049945530803575854,0.0
7449,1699347840000.0,0.0,0.0,76.5,2.44613233251634,0.0,0.0,2.39715,0.9533662612544772,1.0,3746.664024323524,1000.0,3742.9168758860237,1000.0,0.049945530803575854,0.0
7450,1699351440000.0,0.0,0.0,193.6,2.3947605549457647,0.0,0.0,2.3591,0.9533662612544772,1.0,3746.6087250195237,1000.0,3739.7048415820236,1000.0,0.12374541284267256,0.0
7451,1699355040000.0,0.0,0.0,193.6,2.3947605549457647,0.0,0.0,2.34235,0.9533662612544772,1.0,3746.6087250195237,1000.0,3736.4620415820236,1000.0,0.12374541284267256,0.0
7452,1699358640000.0,0.0,0.0,193.6,2.3947605549457647,0.0,0.0,2.35235,0.9533662612544772,1.0,3746.6087250195237,1000.0,3738.398041582024,1000.0,0.12374541284267256,0.0
7453,1699362240000.0,0.0,0.0,193.6,2.3947605549457647,0.0,0.0,2.36065,0.9533662612544772,1.0,3746.6087250195237,1000.0,3740.0049215820236,1000.0,0.12374541284267256,0.0
7454,1699365840000.0,0.0,0.0,489.9,2.338475920468463,0.0,0.0,2.3264,0.9533662612544772,1.0,3746.4723262775237,1000.0,3740.5563328400235,1000.0,0.3057861512554616,0.0
7455,1699369440000.0,0.0,0.0,489.9,2.338475920468463,0.0,0.0,2.313,0.9533662612544772,1.0,3746.4723262775237,1000.0,3733.991672840024,1000.0,0.3057861512554616,0.0
7456,1699373040000.0,0.0,0.0,489.9,2.338475920468463,0.0,0.0,2.2898,0.9533662612544772,1.0,3746.4723262775237,1000.0,3722.6259928400236,1000.0,0.3057861512554616,0.0
7457,1699376640000.0,0.0,0.0,489.9,2.338475920468463,0.0,0.0,2.25545,0.9533662612544772,1.0,3746.4723262775237,1000.0,3705.797927840024,1000.0,0.3057861512554616,0.0
7458,1699380240000.0,0.0,0.0,489.9,2.338475920468463,0.0,0.0,2.32845,0.9533662612544772,1.0,3746.4723262775237,1000.0,3741.5606278400237,1000.0,0.3057861512554616,0.0
7459,1699383840000.0,0.0,0.0,360.0,2.338475920468463,0.0,0.0,2.3643,0.9533662612544772,1.0,3749.4537520466706,1000.0,3758.750420678024,1000.0,0.22452639425386034,0.0
7460,1699387440000.0,0.0,0.0,226.8,2.338475920468463,0.0,0.0,2.37505,0.9533662612544772,1.0,3752.5109184242715,1000.0,3760.805919662024,1000.0,0.1413363878991604,0.0
7461,1699391040000.0,0.0,0.0,109.5,2.338475920468463,0.0,0.0,2.38695,0.9533662612544772,1.0,3757.877057891321,1000.0,3763.184969600024,1000.0,0.06814036471831329,0.0
7462,1699394640000.0,0.0,0.0,54.5,2.338475920468463,0.0,0.0,2.36295,0.9533662612544772,1.0,3760.1879916055555,1000.0,3761.521828940024,1000.0,0.03389376753238152,0.0
7463,1699398240000.0,0.0,0.0,79.9,2.3431248769152844,0.0,0.0,2.33445,0.9533662612544772,1.0,3760.1760378575555,1000.0,3759.4829151920244,1000.0,0.04978907258081501,0.0
7464,1699401840000.0,0.0,0.0,79.9,2.3431248769152844,0.0,0.0,2.3217,0.9533662612544772,1.0,3760.1760378575555,1000.0,3758.464190192024,1000.0,0.04978907258081501,0.0
7465,1699405440000.0,0.0,0.0,79.9,2.3431248769152844,0.0,0.0,2.31225,0.9533662612544772,1.0,3760.1760378575555,1000.0,3757.7091351920244,1000.0,0.04978907258081501,0.0
7466,1699409040000.0,0.0,0.0,79.9,2.3431248769152844,0.0,0.0,2.3241,0.9533662612544772,1.0,3760.1760378575555,1000.0,3758.655950192024,1000.0,0.04978907258081501,0.0
7467,1699412640000.0,0.0,0.0,79.9,2.3431248769152844,0.0,0.0,2.31705,0.9533662612544772,1.0,3760.1760378575555,1000.0,3758.0926551920243,1000.0,0.04978907258081501,0.0
7468,1699416240000.0,0.0,0.0,79.9,2.3431248769152844,0.0,0.0,2.3218,0.9533662612544772,1.0,3760.1760378575555,1000.0,3758.472180192024,1000.0,0.04978907258081501,0.0
7469,1699419840000.0,0.0,0.0,79.9,2.3431248769152844,0.0,0.0,2.34075,0.9533662612544772,1.0,3760.1760378575555,1000.0,3759.9862851920243,1000.0,0.04978907258081501,0.0
7470,1699423440000.0,0.0,0.0,79.9,2.3431248769152844,0.0,0.0,2.34775,0.9533662612544772,1.0,3760.1760378575555,1000.0,3760.545585192024,1000.0,0.04978907258081501,0.0
7471,1699427040000.0,0.0,0.0,58.8,2.3431248769152844,0.0,0.0,2.37395,0.9533662612544772,1.0,3760.661375902643,1000.0,3762.4738931400243,1000.0,0.03663604057665241,0.0
7472,1699430640000.0,0.0,0.0,34.1,2.3431248769152844,0.0,0.0,2.36955,0.9533662612544772,1.0,3761.795037312835,1000.0,3762.696134010024,1000.0,0.021240008429562557,0.0
7473,1699434240000.0,0.0,0.0,9.2,2.3431248769152844,0.0,0.0,2.4142,0.9533662612544772,1.0,3762.9442368956447,1000.0,3763.598128028024,1000.0,0.00572869208537741,0.0
7474,1699437840000.0,0.0,0.0,1.7,2.3431248769152844,0.0,0.0,2.41615,0.9533662612544772,1.0,3763.4594318687796,1000.0,3763.5835745780237,1000.0,0.0010584177570842138,0.0
7475,1699441440000.0,0.0,0.0,1.0,2.3431248769152844,0.0,0.0,2.4143,0.9533662612544772,1.0,3763.507516732939,1000.0,3763.578691856024,1000.0,0.0006225907259378416,0.0
7476,1699445040000.0,0.0,0.0,0.8,2.3431248769152844,0.0,0.0,2.41415,0.9533662612544772,1.0,3763.521255265556,1000.0,3763.578075364024,1000.0,0.0004980707625630141,0.0
7477,1699448640000.0,0.0,0.0,0.7,2.3431248769152844,0.0,0.0,2.39405,0.9533662612544772,1.0,3763.5281245318647,1000.0,3763.563772118024,1000.0,0.000435811121790067,0.0
7478,1699452240000.0,0.0,0.0,78.9,2.3846284843325813,0.0,0.0,2.39715,0.9533662612544772,1.0,3763.4908231318645,1000.0,3764.478770718024,1000.0,0.04999273181627429,0.0
7479,1699455840000.0,0.0,0.0,78.9,2.385355621289766,0.0,0.0,2.366,0.9533662612544772,1.0,3764.1575767557865,1000.0,3762.630418236024,1000.0,0.04999911791205361,0.0
7480,1699459440000.0,0.0,0.0,78.9,2.385355621289766,0.0,0.0,2.3633,0.9533662612544772,1.0,3764.1575767557865,1000.0,3762.417388236024,1000.0,0.04999911791205361,0.0
7481,1699463040000.0,0.0,0.0,78.9,2.385355621289766,0.0,0.0,2.3734,0.9533662612544772,1.0,3764.1575767557865,1000.0,3763.214278236024,1000.0,0.04999911791205361,0.0
7482,1699466640000.0,0.0,0.0,78.9,2.385355621289766,0.0,0.0,2.37115,0.9533662612544772,1.0,3764.1575767557865,1000.0,3763.036753236024,1000.0,0.04999911791205361,0.0
7483,1699470240000.0,0.0,0.0,78.9,2.385355621289766,0.0,0.0,2.38015,0.9533662612544772,1.0,3764.1575767557865,1000.0,3763.746853236024,1000.0,0.04999911791205361,0.0
7484,1699473840000.0,0.0,0.0,67.7,2.385355621289766,0.0,0.0,2.376,0.9533662612544772,1.0,3764.4203569653414,1000.0,3763.786981404024,1000.0,0.0428986564325935,0.0
7485,1699477440000.0,0.0,0.0,67.7,2.385355621289766,0.0,0.0,2.3695,0.9533662612544772,1.0,3764.4203569653414,1000.0,3763.3469314040244,1000.0,0.0428986564325935,0.0
7486,1699481040000.0,0.0,0.0,67.7,2.385355621289766,0.0,0.0,2.34145,0.9533662612544772,1.0,3764.4203569653414,1000.0,3761.447946404024,1000.0,0.0428986564325935,0.0
7487,1699484640000.0,0.0,0.0,67.7,2.385355621289766,0.0,0.0,2.3524,0.9533662612544772,1.0,3764.4203569653414,1000.0,3762.1892614040244,1000.0,0.0428986564325935,0.0
7488,1699488240000.0,0.0,0.0,67.7,2.385355621289766,0.0,0.0,2.3308,0.9533662612544772,1.0,3764.4203569653414,1000.0,3760.7269414040243,1000.0,0.0428986564325935,0.0
7489,1699491840000.0,0.0,0.0,67.7,2.385355621289766,0.0,0.0,2.3342,0.9533662612544772,1.0,3764.4203569653414,1000.0,3760.9571214040243,1000.0,0.0428986564325935,0.0
7490,1699495440000.0,0.0,0.0,67.7,2.385355621289766,0.0,0.0,2.3531,0.9533662612544772,1.0,3764.4203569653414,1000.0,3762.236651404024,1000.0,0.0428986564325935,0.0
7491,1699499040000.0,0.0,0.0,58.1,2.385355621289766,0.0,0.0,2.3875,0.9533662612544772,1.0,3764.6455971449595,1000.0,3764.770185548024,1000.0,0.036813335550639606,0.0
7492,1699502640000.0,0.0,0.0,58.1,2.385355621289766,0.0,0.0,2.37275,0.9533662612544772,1.0,3764.6455971449595,1000.0,3763.913210548024,1000.0,0.036813335550639606,0.0
7493,1699506240000.0,0.0,0.0,79.7,2.37921557838062,0.0,0.0,2.3691,0.9533662612544772,1.0,3764.6353902809597,1000.0,3763.829178684024,1000.0,0.05036968044408242,0.0
7494,1699509840000.0,0.0,0.0,79.7,2.37921557838062,0.0,0.0,2.386,0.9533662612544772,1.0,3764.6353902809597,1000.0,3765.1761086840243,1000.0,0.05036968044408242,0.0
7495,1699513440000.0,0.0,0.0,37.1,2.37921557838062,0.0,0.0,2.41235,0.9533662612544772,1.0,3765.632392229945,1000.0,3766.8616792720236,1000.0,0.023440657176217256,0.0
7496,1699517040000.0,0.0,0.0,79.3,2.376425790505399,0.0,0.0,2.374,0.9533662612544772,1.0,3766.044604823102,1000.0,3765.852239636024,1000.0,0.050039387463901276,0.0
7497,1699520640000.0,0.0,0.0,79.3,2.376425790505399,0.0,0.0,2.38995,0.9533662612544772,1.0,3766.044604823102,1000.0,3767.117074636024,1000.0,0.050039387463901276,0.0
7498,1699524240000.0,0.0,0.0,79.3,2.376425790505399,0.0,0.0,2.39175,0.9533662612544772,1.0,3766.044604823102,1000.0,3767.2598146360237,1000.0,0.050039387463901276,0.0
7499,1699527840000.0,0.0,0.0,47.3,2.376425790505399,0.0,0.0,2.40405,0.9533662612544772,1.0,3767.270162198929,1000.0,3768.5767873080235,1000.0,0.029837238916068445,0.0
7500,1699531440000.0,0.0,0.0,79.0,2.380156039171129,0.0,0.0,2.383,0.9533662612544772,1.0,3767.407923246543,1000.0,3767.632596152024,1000.0,0.04991026480946703,0.0
7501,1699535040000.0,0.0,0.0,49.9,2.3823748941465874,0.0,0.0,2.41,0.9533662612544772,1.0,3769.0553202679384,1000.0,3770.4338130500237,1000.0,0.031541194574311426,0.0
7502,1699538640000.0,0.0,0.0,14.7,2.385811389292519,0.0,0.0,2.41,0.9533662612544772,1.0,3770.8460060846237,1000.0,3771.2015786620236,1000.0,0.009300678777655969,0.0
7503,1699542240000.0,0.0,0.0,1.5,2.385811389292519,0.0,0.0,2.4569,0.9533662612544772,1.0,3771.6558239479627,1000.0,3771.762456864024,1000.0,0.0009488450831637054,0.0
7504,1699545840000.0,0.0,0.0,78.5,2.4033873336897615,0.0,0.0,2.3801,0.9533662612544772,1.0,3771.6976448346695,1000.0,3769.8695891400234,1000.0,0.05002148195866754,0.0
7505,1699549440000.0,0.0,0.0,481.8,2.2183586293127733,0.0,0.0,2.2444,0.9533662612544772,1.0,3802.775240130917,1000.0,3815.3219725280233,1000.0,0.2810592580712445,0.0
7506,1699553040000.0,0.0,0.0,223.1,2.2183586293127733,0.0,0.0,2.23465,0.9533662612544772,1.0,3808.4131540837034,1000.0,3812.0477588840236,1000.0,0.129953287675469,0.0
7507,1699556640000.0,0.0,0.0,223.1,2.2183586293127733,0.0,0.0,2.18055,0.9533662612544772,1.0,3808.4131540837034,1000.0,3799.978048884024,1000.0,0.129953287675469,0.0
7508,1699560240000.0,0.0,0.0,223.1,2.2183586293127733,0.0,0.0,2.19355,0.9533662612544772,1.0,3808.4131540837034,1000.0,3802.8783488840236,1000.0,0.129953287675469,0.0
7509,1699563840000.0,0.0,0.0,223.1,2.2183586293127733,0.0,0.0,2.1979,0.9533662612544772,1.0,3808.4131540837034,1000.0,3803.848833884024,1000.0,0.129953287675469,0.0
7510,1699567440000.0,0.0,0.0,223.1,2.2183586293127733,0.0,0.0,2.2036,0.9533662612544772,1.0,3808.4131540837034,1000.0,3805.1205038840235,1000.0,0.129953287675469,0.0
7511,1699571040000.0,0.0,0.0,120.6,2.2183586293127733,0.0,0.0,2.2427,0.9533662612544772,1.0,3810.6469622791437,1000.0,3813.5825315840234,1000.0,0.0702069893494171,0.0
7512,1699574640000.0,0.0,0.0,43.0,2.2183586293127733,0.0,0.0,2.2644,0.9533662612544772,1.0,3814.8991262284717,1000.0,3816.8789051680224,1000.0,0.02500444124580411,0.0
7513,1699578240000.0,0.0,0.0,84.9,2.245928074225432,0.0,0.0,2.25555,0.9533662612544772,1.0,3817.104814885762,1000.0,3817.921716384023,1000.0,0.049953905577373,0.0
7514,1699581840000.0,0.0,0.0,43.4,2.245928074225432,0.0,0.0,2.29425,0.9533662612544772,1.0,3818.4364884854067,1000.0,3820.533660064023,1000.0,0.025527013141456438,0.0
7515,1699585440000.0,0.0,0.0,27.9,2.245928074225432,0.0,0.0,2.3173,0.9533662612544772,1.0,3819.4580852049125,1000.0,3821.449361934023,1000.0,0.016405833464599413,0.0
7516,1699589040000.0,0.0,0.0,84.0,2.272648421443167,0.0,0.0,2.2794,0.9533662612544772,1.0,3820.651915867249,1000.0,3821.219048466023,1000.0,0.04996594078837802,0.0
7517,1699592640000.0,0.0,0.0,28.8,2.272648421443167,0.0,0.0,2.29835,0.9533662612544772,1.0,3821.8824617875857,1000.0,3822.6226672500225,1000.0,0.01712566390829027,0.0
7518,1699596240000.0,0.0,0.0,11.5,2.272648421443167,0.0,0.0,2.29475,0.9533662612544772,1.0,3822.2681220126183,1000.0,3822.522290166022,1000.0,0.006837682761206917,0.0
7519,1699599840000.0,0.0,0.0,83.7,2.2822164799556433,0.0,0.0,2.28845,0.9533662612544772,1.0,3822.270085550309,1000.0,3822.7918311780218,1000.0,0.04997593448312932,0.0
7520,1699603440000.0,0.0,0.0,83.7,2.2822164799556433,0.0,0.0,2.23425,0.9533662612544772,1.0,3822.270085550309,1000.0,3818.2552911780217,1000.0,0.04997593448312932,0.0
7521,1699607040000.0,0.0,0.0,211.8,2.2342446146000348,0.0,0.0,2.231,0.9533662612544772,1.0,3822.213647252309,1000.0,3821.5264378800216,1000.0,0.12380600694900142,0.0
7522,1699610640000.0,0.0,0.0,211.8,2.2342446146000348,0.0,0.0,2.2379,0.9533662612544772,1.0,3822.213647252309,1000.0,3822.9878578800212,1000.0,0.12380600694900142,0.0
7523,1699614240000.0,0.0,0.0,70.2,2.2342446146000348,0.0,0.0,2.27965,0.9533662612544772,1.0,3825.620401872944,1000.0,3828.8078599280216,1000.0,0.04099831020038865,0.0
7524,1699617840000.0,0.0,0.0,35.1,2.2450338511509056,0.0,0.0,2.2791,0.9533662612544772,1.0,3828.452264055418,1000.0,3829.647985880021,1000.0,0.020582909943854043,0.0
7525,1699621440000.0,0.0,0.0,62.3,2.25601404462644,0.0,0.0,2.2902,0.9533662612544772,1.0,3828.923356684248,1000.0,3831.053141704021,1000.0,0.036707361805732176,0.0
7526,1699625040000.0,0.0,0.0,84.4,2.2628339799667376,0.0,0.0,2.25205,0.9533662612544772,1.0,3829.6601214432135,1000.0,3828.7499535340207,1000.0,0.04986948759234027,0.0
7527,1699628640000.0,0.0,0.0,84.4,2.2628339799667376,0.0,0.0,2.246,0.9533662612544772,1.0,3829.6601214432135,1000.0,3828.2393335340207,1000.0,0.04986948759234027,0.0
7528,1699632240000.0,0.0,0.0,84.7,2.2625989507937083,0.0,0.0,2.2666,0.9533662612544772,1.0,3830.336612240248,1000.0,3830.675501108021,1000.0,0.05003271266546504,0.0
7529,1699635840000.0,0.0,0.0,84.5,2.2648996303691447,0.0,0.0,2.2695,0.9533662612544772,1.0,3831.325996574213,1000.0,3831.7147278080206,1000.0,0.049952423504895975,0.0
7530,1699639440000.0,0.0,0.0,62.2,2.2648996303691447,0.0,0.0,2.2964,0.9533662612544772,1.0,3831.822012120981,1000.0,3833.7813351120203,1000.0,0.03676495321633768,0.0
7531,1699643040000.0,0.0,0.0,45.8,2.2648996303691447,0.0,0.0,2.30495,0.9533662612544772,1.0,3832.186794854927,1000.0,3834.02110178402,1000.0,0.02706872306177177,0.0
7532,1699646640000.0,0.0,0.0,7.2,2.2648996303691447,0.0,0.0,2.346,0.9533662612544772,1.0,3834.702537350678,1000.0,3835.28646001202,1000.0,0.0042525534066389994,0.0
7533,1699650240000.0,0.0,0.0,2.1,2.2648996303691447,0.0,0.0,2.36615,0.9533662612544772,1.0,3835.098799307796,1000.0,3835.311425084021,1000.0,0.001240199919916972,0.0
7534,1699653840000.0,0.0,0.0,1.4,2.2648996303691447,0.0,0.0,2.36615,0.9533662612544772,1.0,3835.1762369265375,1000.0,3835.3179874440207,1000.0,0.0008267832523539752,0.0
7535,1699657440000.0,0.0,0.0,0.3,2.2648996303691447,0.0,0.0,2.378,0.9533662612544772,1.0,3835.278038591131,1000.0,3835.3119687020203,1000.0,0.00017716313713733855,0.0
7536,1699661040000.0,0.0,0.0,0.0,2.2648996303691447,0.0,0.0,2.4317,0.9533662612544772,1.0,3835.3178548160204,1000.0,3835.3178548160204,1000.0,0.0,0.0
7537,1699664640000.0,0.0,0.0,0.0,2.2648996303691447,0.0,0.0,2.4595,0.9533662612544772,1.0,3835.3178548160204,1000.0,3835.3178548160204,1000.0,0.0,0.0
7538,1699668240000.0,0.0,0.0,0.0,2.2648996303691447,0.0,0.0,2.42255,0.9533662612544772,1.0,3835.3178548160204,1000.0,3835.3178548160204,1000.0,0.0,0.0
7539,1699671840000.0,0.0,0.0,43.8,2.369247836835599,0.0,0.0,2.38705,0.9533662612544772,1.0,3836.8231234174195,1000.0,3837.6028581640203,1000.0,0.02704660911263734,0.0
7540,1699675440000.0,0.0,0.0,80.9,2.3705558127737856,0.0,0.0,2.33935,0.9533662612544772,1.0,3836.8055224354193,1000.0,3834.28097218202,1000.0,0.049983759701134875,0.0
7541,1699679040000.0,0.0,0.0,80.9,2.3705558127737856,0.0,0.0,2.34,0.9533662612544772,1.0,3836.8055224354193,1000.0,3834.3335571820203,1000.0,0.049983759701134875,0.0
7542,1699682640000.0,0.0,0.0,24.9,2.3705558127737856,0.0,0.0,2.40615,0.9533662612544772,1.0,3839.787914786087,1000.0,3840.67421004802,1000.0,0.015372421875377358,0.0
7543,1699686240000.0,0.0,0.0,4.0,2.3705558127737856,0.0,0.0,2.4226,0.9533662612544772,1.0,3840.4958757731147,1000.0,3840.7040525220195,1000.0,0.0024690101377042397,0.0
7544,1699689840000.0,0.0,0.0,80.6,2.3829333111875366,0.0,0.0,2.3842,0.9533662612544772,1.0,3840.576496183735,1000.0,3840.6785913020194,1000.0,0.050009269460604175,0.0
7545,1699693440000.0,0.0,0.0,80.6,2.3829333111875366,0.0,0.0,2.37715,0.9533662612544772,1.0,3840.576496183735,1000.0,3840.1103613020196,1000.0,0.050009269460604175,0.0
7546,1699697040000.0,0.0,0.0,50.9,2.3829333111875366,0.0,0.0,2.4269,0.9533662612544772,1.0,3841.2710404494655,1000.0,3843.50894491002,1000.0,0.03157582588216773,0.0
7547,1699700640000.0,0.0,0.0,12.0,2.3829333111875366,0.0,0.0,2.43455,0.9533662612544772,1.0,3843.08691846627,1000.0,3843.7063187320196,1000.0,0.007440685142157138,0.0
7548,1699704240000.0,0.0,0.0,79.4,2.400051498837345,0.0,0.0,2.412,0.9533662612544772,1.0,3843.418388807705,1000.0,3844.36709980002,1000.0,0.04958192674589391,0.0
7549,1699707840000.0,0.0,0.0,23.4,2.400051498837345,0.0,0.0,2.48555,0.9533662612544772,1.0,3846.5684687768135,1000.0,3848.56913370402,1000.0,0.014600339374864373,0.0
7550,1699711440000.0,0.0,0.0,0.0,2.400051498837345,0.0,0.0,2.54315,0.9533662612544772,1.0,3848.8745079160194,1000.0,3848.8745079160194,1000.0,0.0,0.0
7551,1699715040000.0,0.0,0.0,0.0,2.400051498837345,0.0,0.0,2.5324,0.9533662612544772,1.0,3848.8745079160194,1000.0,3848.8745079160194,1000.0,0.0,0.0
7552,1699718640000.0,0.0,0.0,0.0,2.400051498837345,0.0,0.0,2.5163,0.9533662612544772,1.0,3848.8745079160194,1000.0,3848.8745079160194,1000.0,0.0,0.0
7553,1699722240000.0,0.0,0.0,0.0,2.400051498837345,0.0,0.0,2.52025,0.9533662612544772,1.0,3848.8745079160194,1000.0,3848.8745079160194,1000.0,0.0,0.0
7554,1699725840000.0,0.0,0.0,77.7,2.4754,0.0,0.0,2.4885,0.9533662612544772,1.0,3848.8360402000194,1000.0,3849.8539102000195,1000.0,0.04997318098019172,0.0
7555,1699729440000.0,0.0,0.0,49.0,2.4754,0.0,0.0,2.5,0.9533662612544772,1.0,3849.5334490520186,1000.0,3850.7388490520184,1000.0,0.03150890922375798,0.0
7556,1699733040000.0,0.0,0.0,12.2,2.4754,0.0,0.0,2.52735,0.9533662612544772,1.0,3851.0035323880184,1000.0,3851.637322388018,1000.0,0.007842080576143478,0.0
7557,1699736640000.0,0.0,0.0,66.5,2.4838722580645163,0.0,0.0,2.49165,0.9533662612544772,1.0,3851.2802264413085,1000.0,3851.797446280018,1000.0,0.04288898637581587,0.0
7558,1699740240000.0,0.0,0.0,66.5,2.4838722580645163,0.0,0.0,2.45705,0.9533662612544772,1.0,3851.2802264413085,1000.0,3849.4965462800183,1000.0,0.04288898637581587,0.0
7559,1699743840000.0,0.0,0.0,66.5,2.4838722580645163,0.0,0.0,2.47505,0.9533662612544772,1.0,3851.2802264413085,1000.0,3850.6935462800184,1000.0,0.04288898637581587,0.0
7560,1699747440000.0,0.0,0.0,57.0,2.4838722580645163,0.0,0.0,2.4968,0.9533662612544772,1.0,3851.5122732696955,1000.0,3852.249154560018,1000.0,0.03675977347710336,0.0
7561,1699751040000.0,0.0,0.0,196.1,2.4316064187132964,0.0,0.0,2.4027,0.9533662612544772,1.0,3851.4452218096953,1000.0,3845.776673100018,1000.0,0.1238075556701345,0.0
7562,1699754640000.0,0.0,0.0,196.1,2.4316064187132964,0.0,0.0,2.42795,0.9533662612544772,1.0,3851.4452218096953,1000.0,3850.728198100018,1000.0,0.1238075556701345,0.0
7563,1699758240000.0,0.0,0.0,196.1,2.4316064187132964,0.0,0.0,2.408,0.9533662612544772,1.0,3851.4452218096953,1000.0,3846.816003100018,1000.0,0.1238075556701345,0.0
7564,1699761840000.0,0.0,0.0,168.1,2.4316064187132964,0.0,0.0,2.45235,0.9533662612544772,1.0,3852.1144884857226,1000.0,3855.6014845000177,1000.0,0.10611134227902638,0.0
7565,1699765440000.0,0.0,0.0,106.0,2.4316064187132964,0.0,0.0,2.40415,0.9533662612544772,1.0,3853.5988263636273,1000.0,3850.688445980018,1000.0,0.06688560278258918,0.0
7566,1699769040000.0,0.0,0.0,106.0,2.4316064187132964,0.0,0.0,2.4304,0.9533662612544772,1.0,3853.5988263636273,1000.0,3853.470945980018,1000.0,0.06688560278258918,0.0
7567,1699772640000.0,0.0,0.0,40.0,2.4316064187132964,0.0,0.0,2.48,0.9533662612544772,1.0,3855.5886810525494,1000.0,3857.5244243040174,1000.0,0.025226823915765667,0.0
7568,1699776240000.0,0.0,0.0,11.0,2.4316064187132964,0.0,0.0,2.4788,0.9533662612544772,1.0,3857.604045617864,1000.0,3858.123175012018,1000.0,0.006933752217579434,0.0
7569,1699779840000.0,0.0,0.0,26.2,2.451202278017333,0.0,0.0,2.4985,0.9533662612544772,1.0,3859.0428920200716,1000.0,3860.2820923360173,1000.0,0.016641820648548546,0.0
7570,1699783440000.0,0.0,0.0,1.3,2.451202278017333,0.0,0.0,2.522,0.9533662612544772,1.0,3860.5964650914407,1000.0,3860.688502130018,1000.0,0.0008254069002643241,0.0
7571,1699787040000.0,0.0,0.0,0.2,2.451202278017333,0.0,0.0,2.5019,0.9533662612544772,1.0,3860.65882073962,1000.0,3860.6689602840165,1000.0,0.00012698362594743532,0.0
7572,1699790640000.0,0.0,0.0,0.0,2.451202278017333,0.0,0.0,2.50895,0.9533662612544772,1.0,3860.6731993400163,1000.0,3860.6731993400163,1000.0,0.0,0.0
7573,1699794240000.0,0.0,0.0,77.7,2.4836,0.0,0.0,2.4469,0.9533662612544772,1.0,3860.6346041960164,1000.0,3857.783014196016,1000.0,0.0499854919681495,0.0
7574,1699797840000.0,0.0,0.0,77.7,2.4836,0.0,0.0,2.461,0.9533662612544772,1.0,3860.6346041960164,1000.0,3858.8785841960166,1000.0,0.0499854919681495,0.0
7575,1699801440000.0,0.0,0.0,77.7,2.4836,0.0,0.0,2.4894,0.9533662612544772,1.0,3860.6346041960164,1000.0,3861.0852641960164,1000.0,0.0499854919681495,0.0
7576,1699805040000.0,0.0,0.0,77.7,2.4836,0.0,0.0,2.47515,0.9533662612544772,1.0,3860.6346041960164,1000.0,3859.9780391960167,1000.0,0.0499854919681495,0.0
7577,1699808640000.0,0.0,0.0,77.7,2.4836,0.0,0.0,2.44925,0.9533662612544772,1.0,3860.6346041960164,1000.0,3857.9656091960164,1000.0,0.0499854919681495,0.0
7578,1699812240000.0,0.0,0.0,77.7,2.4836,0.0,0.0,2.42575,0.9533662612544772,1.0,3860.6346041960164,1000.0,3856.1396591960165,1000.0,0.0499854919681495,0.0
7579,1699815840000.0,0.0,0.0,77.7,2.4836,0.0,0.0,2.44645,0.9533662612544772,1.0,3860.6346041960164,1000.0,3857.7480491960164,1000.0,0.0499854919681495,0.0
7580,1699819440000.0,0.0,0.0,77.7,2.4836,0.0,0.0,2.42915,0.9533662612544772,1.0,3860.6346041960164,1000.0,3856.4038391960166,1000.0,0.0499854919681495,0.0
7581,1699823040000.0,0.0,0.0,77.7,2.4836,0.0,0.0,2.4643,0.9533662612544772,1.0,3860.6346041960164,1000.0,3859.1349941960166,1000.0,0.0499854919681495,0.0
7582,1699826640000.0,0.0,0.0,77.7,2.4836,0.0,0.0,2.44985,0.9533662612544772,1.0,3860.6346041960164,1000.0,3858.0122291960165,1000.0,0.0499854919681495,0.0
7583,1699830240000.0,0.0,0.0,77.7,2.4836,0.0,0.0,2.435,0.9533662612544772,1.0,3860.6346041960164,1000.0,3856.8583841960162,1000.0,0.0499854919681495,0.0
7584,1699833840000.0,0.0,0.0,196.6,2.431407375381485,0.0,0.0,2.3915,0.9533662612544772,1.0,3860.5775964020163,1000.0,3852.7318064020164,1000.0,0.12381947469350194,0.0
7585,1699837440000.0,0.0,0.0,196.6,2.431407375381485,0.0,0.0,2.44305,0.9533662612544772,1.0,3860.5775964020163,1000.0,3862.866536402016,1000.0,0.12381947469350194,0.0
7586,1699841040000.0,0.0,0.0,48.0,2.431407375381485,0.0,0.0,2.44215,0.9533662612544772,1.0,3864.700409810328,1000.0,3865.2160557920165,1000.0,0.030198344410359887,0.0
7587,1699844640000.0,0.0,0.0,79.3,2.434102475199539,0.0,0.0,2.4164,0.9533662612544772,1.0,3865.1765289453406,1000.0,3863.7727226620173,1000.0,0.04993933002485463,0.0
7588,1699848240000.0,0.0,0.0,200.7,2.382927883823236,0.0,0.0,2.3557,0.9533662612544772,1.0,3865.1194830853406,1000.0,3859.6548468020173,1000.0,0.12373579351848558,0.0
7589,1699851840000.0,0.0,0.0,200.7,2.382927883823236,0.0,0.0,2.32195,0.9533662612544772,1.0,3865.1194830853406,1000.0,3852.881221802017,1000.0,0.12373579351848558,0.0
7590,1699855440000.0,0.0,0.0,200.7,2.382927883823236,0.0,0.0,2.33105,0.9533662612544772,1.0,3865.1194830853406,1000.0,3854.707591802017,1000.0,0.12373579351848558,0.0
7591,1699859040000.0,0.0,0.0,200.7,2.382927883823236,0.0,0.0,2.37305,0.9533662612544772,1.0,3865.1194830853406,1000.0,3863.1369918020173,1000.0,0.12373579351848558,0.0
7592,1699862640000.0,0.0,0.0,200.7,2.382927883823236,0.0,0.0,2.37125,0.9533662612544772,1.0,3865.1194830853406,1000.0,3862.775731802017,1000.0,0.12373579351848558,0.0
7593,1699866240000.0,0.0,0.0,200.7,2.382927883823236,0.0,0.0,2.3868,0.9533662612544772,1.0,3865.1194830853406,1000.0,3865.896616802017,1000.0,0.12373579351848558,0.0
7594,1699869840000.0,0.0,0.0,200.7,2.382927883823236,0.0,0.0,2.3788,0.9533662612544772,1.0,3865.1194830853406,1000.0,3864.291016802017,1000.0,0.12373579351848558,0.0
7595,1699873440000.0,0.0,0.0,200.7,2.382927883823236,0.0,0.0,2.37915,0.9533662612544772,1.0,3865.1194830853406,1000.0,3864.361261802017,1000.0,0.12373579351848558,0.0
7596,1699877040000.0,0.0,0.0,200.7,2.382927883823236,0.0,0.0,2.33845,0.9533662612544772,1.0,3865.1194830853406,1000.0,3856.192771802017,1000.0,0.12373579351848558,0.0
7597,1699880640000.0,0.0,0.0,200.7,2.382927883823236,0.0,0.0,2.36475,0.9533662612544772,1.0,3865.1194830853406,1000.0,3861.471181802017,1000.0,0.12373579351848558,0.0
7598,1699884240000.0,0.0,0.0,200.7,2.382927883823236,0.0,0.0,2.37925,0.9533662612544772,1.0,3865.1194830853406,1000.0,3864.381331802017,1000.0,0.12373579351848558,0.0
7599,1699887840000.0,0.0,0.0,70.7,2.3269701974858674,0.0,0.0,2.42205,0.9533662612544772,1.0,3882.789386140268,1000.0,3889.511528178017,1000.0,0.04237077435863465,0.0
7600,1699891440000.0,0.0,0.0,0.8,2.3269701974858674,0.0,0.0,2.45765,0.9533662612544772,1.0,3889.734832418005,1000.0,3889.8393762600167,1000.0,0.00047858690584094867,0.0
7601,1699895040000.0,0.0,0.0,0.0,2.3269701974858674,0.0,0.0,2.4426,0.9533662612544772,1.0,3889.8485211280167,1000.0,3889.8485211280167,1000.0,0.0,0.0
7602,1699898640000.0,0.0,0.0,0.0,2.3269701974858674,0.0,0.0,2.43365,0.9533662612544772,1.0,3889.8485211280167,1000.0,3889.8485211280167,1000.0,0.0,0.0
7603,1699902240000.0,0.0,0.0,0.0,2.3269701974858674,0.0,0.0,2.44965,0.9533662612544772,1.0,3889.8485211280167,1000.0,3889.8485211280167,1000.0,0.0,0.0
7604,1699905840000.0,0.0,0.0,0.0,2.3269701974858674,0.0,0.0,2.47435,0.9533662612544772,1.0,3889.8485211280167,1000.0,3889.8485211280167,1000.0,0.0,0.0
7605,1699909440000.0,0.0,0.0,80.1,2.4269,0.0,0.0,2.4108,0.9533662612544772,1.0,3889.809642190017,1000.0,3888.520032190017,1000.0,0.04997537357395028,0.0
7606,1699913040000.0,0.0,0.0,202.7,2.3759124321657623,0.0,0.0,2.359,0.9533662612544772,1.0,3889.7522016380167,1000.0,3886.3240516380165,1000.0,0.12381185870842726,0.0
7607,1699916640000.0,0.0,0.0,202.7,2.3759124321657623,0.0,0.0,2.3324,0.9533662612544772,1.0,3889.7522016380167,1000.0,3880.9322316380167,1000.0,0.12381185870842726,0.0
7608,1699920240000.0,0.0,0.0,202.7,2.3759124321657623,0.0,0.0,2.30655,0.9533662612544772,1.0,3889.7522016380167,1000.0,3875.6924366380167,1000.0,0.12381185870842726,0.0
7609,1699923840000.0,0.0,0.0,512.9,2.3200822187560926,0.0,0.0,2.25685,0.9533662612544772,1.0,3889.6105270940166,1000.0,3857.178722094017,1000.0,0.30593555876892475,0.0
7610,1699927440000.0,0.0,0.0,512.9,2.3200822187560926,0.0,0.0,2.2575,0.9533662612544772,1.0,3889.6105270940166,1000.0,3857.5121070940168,1000.0,0.30593555876892475,0.0
7611,1699931040000.0,0.0,0.0,512.9,2.3200822187560926,0.0,0.0,2.2598,0.9533662612544772,1.0,3889.6105270940166,1000.0,3858.6917770940167,1000.0,0.30593555876892475,0.0
7612,1699934640000.0,0.0,0.0,512.9,2.3200822187560926,0.0,0.0,2.26175,0.9533662612544772,1.0,3889.6105270940166,1000.0,3859.691932094017,1000.0,0.30593555876892475,0.0
7613,1699938240000.0,0.0,0.0,512.9,2.3200822187560926,0.0,0.0,2.26685,0.9533662612544772,1.0,3889.6105270940166,1000.0,3862.3077220940168,1000.0,0.30593555876892475,0.0
7614,1699941840000.0,0.0,0.0,512.9,2.3200822187560926,0.0,0.0,2.29085,0.9533662612544772,1.0,3889.6105270940166,1000.0,3874.617322094017,1000.0,0.30593555876892475,0.0
7615,1699945440000.0,0.0,0.0,512.9,2.3200822187560926,0.0,0.0,2.27465,0.9533662612544772,1.0,3889.6105270940166,1000.0,3866.3083420940166,1000.0,0.30593555876892475,0.0
7616,1699949040000.0,0.0,0.0,512.9,2.3200822187560926,0.0,0.0,2.30125,0.9533662612544772,1.0,3889.6105270940166,1000.0,3879.9514820940167,1000.0,0.30593555876892475,0.0
7617,1699952640000.0,0.0,0.0,512.9,2.3200822187560926,0.0,0.0,2.28925,0.9533662612544772,1.0,3889.6105270940166,1000.0,3873.796682094017,1000.0,0.30593555876892475,0.0
7618,1699956240000.0,0.0,0.0,512.9,2.3200822187560926,0.0,0.0,2.2372,0.9533662612544772,1.0,3889.6105270940166,1000.0,3847.100237094017,1000.0,0.30593555876892475,0.0
7619,1699959840000.0,0.0,0.0,512.9,2.3200822187560926,0.0,0.0,2.24245,0.9533662612544772,1.0,3889.6105270940166,1000.0,3849.7929620940167,1000.0,0.30593555876892475,0.0
7620,1699963440000.0,0.00031808538123917094,0.0,1736.4,2.240050057590417,0.0,0.0,2.2195,0.9533662612544772,1.0,3889.0705965440166,1000.0,3853.3874765440164,1000.0,1.0001420193957071,0.0
7621,1699967040000.0,0.00031808538123917094,0.0,1736.4,2.240050057590417,0.0,0.0,2.23995,0.9533662612544772,1.0,3889.0705965440166,1000.0,3888.8968565440164,1000.0,1.0001420193957071,0.0
7622,1699970640000.0,0.0,0.0,329.0,2.240050057590417,0.0,0.0,2.25165,0.9533662612544772,1.0,3936.4273568232643,1000.0,3940.2437378760173,1000.0,0.1872196289027913,0.0
7623,1699974240000.0,0.0,0.0,69.5,2.240050057590417,0.0,0.0,2.27695,0.9533662612544772,1.0,3945.152909564552,1000.0,3947.717455562018,1000.0,0.039461963216963776,0.0
7624,1699977840000.0,0.0,0.0,74.9,2.24395462774953,0.0,0.0,2.2697,0.9533662612544772,1.0,3945.4175687564575,1000.0,3947.345897138018,1000.0,0.04259934435061938,0.0
7625,1699981440000.0,0.0,0.0,37.3,2.24395462774953,0.0,0.0,2.27855,0.9533662612544772,1.0,3946.931993893075,1000.0,3948.2224012780175,1000.0,0.02120621985495627,0.0
7626,1699985040000.0,0.0,0.0,87.2,2.2560787720528714,0.0,0.0,2.2373,0.9533662612544772,1.0,3947.178709093028,1000.0,3945.5412001700174,1000.0,0.04984067948831598,0.0
7627,1699988640000.0,0.0,0.0,410.2,2.1568009475510754,0.0,0.0,2.1796,0.9533662612544772,1.0,3950.1094489714687,1000.0,3959.4616202860175,1000.0,0.22397347721993244,0.0
7628,1699992240000.0,0.0,0.0,58.8,2.1825466445356714,0.0,0.0,2.25875,0.9533662612544772,1.0,3969.990188833715,1000.0,3974.4709461350176,1000.0,0.032325959660973055,0.0
7629,1699995840000.0,0.0,0.0,76.0,2.229060100496524,0.0,0.0,2.237,0.9533662612544772,1.0,3972.756723220754,1000.0,3973.3601555830182,1000.0,0.04264257276252108,0.0
7630,1699999440000.0,0.0,0.0,18.7,2.229060100496524,0.0,0.0,2.2703,0.9533662612544772,1.0,3974.091642286303,1000.0,3974.862828407018,1000.0,0.010488792818905515,0.0
7631,1700003040000.0,0.0,0.0,9.9,2.229060100496524,0.0,0.0,2.26335,0.9533662612544772,1.0,3974.351837421934,1000.0,3974.6913074270183,1000.0,0.005552526776096997,0.0
7632,1700006640000.0,0.0,0.0,88.3,2.2480962060579346,0.0,0.0,2.2528,0.9533662612544772,1.0,3974.316549581934,1000.0,3974.7318945870184,1000.0,0.04994742932990503,0.0
7633,1700010240000.0,0.0,0.0,23.2,2.2480962060579346,0.0,0.0,2.2764,0.9533662612544772,1.0,3976.4888359555625,1000.0,3977.1454839750186,1000.0,0.013116051404180762,0.0
7634,1700013840000.0,0.0,0.0,88.0,2.256478353677167,0.0,0.0,2.26215,0.9533662612544772,1.0,3976.591313436609,1000.0,3977.0904183130183,1000.0,0.04993475051173526,0.0
7635,1700017440000.0,0.0,0.0,88.0,2.256478353677167,0.0,0.0,2.2375,0.9533662612544772,1.0,3976.591313436609,1000.0,3974.9212183130185,1000.0,0.04993475051173526,0.0
7636,1700021040000.0,0.0,0.0,88.0,2.256478353677167,0.0,0.0,2.23015,0.9533662612544772,1.0,3976.591313436609,1000.0,3974.2744183130185,1000.0,0.04993475051173526,0.0
7637,1700024640000.0,0.0,0.0,88.0,2.256478353677167,0.0,0.0,2.24975,0.9533662612544772,1.0,3976.591313436609,1000.0,3975.9992183130184,1000.0,0.04993475051173526,0.0
7638,1700028240000.0,0.0,0.0,88.0,2.256478353677167,0.0,0.0,2.2556,0.9533662612544772,1.0,3976.591313436609,1000.0,3976.5140183130184,1000.0,0.04993475051173526,0.0
7639,1700031840000.0,0.0,0.0,40.9,2.256478353677167,0.0,0.0,2.2743,0.9533662612544772,1.0,3977.635323856415,1000.0,3978.364229191019,1000.0,0.023202218693069817,0.0
7640,1700035440000.0,0.0,0.0,11.2,2.256478353677167,0.0,0.0,2.31845,0.9533662612544772,1.0,3978.467414138204,1000.0,3979.1614965770195,1000.0,0.006352334939673922,0.0
7641,1700039040000.0,0.0,0.0,4.7,2.256478353677167,0.0,0.0,2.3269,0.9533662612544772,1.0,3978.897434809303,1000.0,3979.22841654702,1000.0,0.0026654238858989272,0.0
7642,1700042640000.0,0.0,0.0,2.1,2.256478353677167,0.0,0.0,2.31245,0.9533662612544772,1.0,3979.1268915857418,1000.0,3979.2444320430195,1000.0,0.0011908654013377408,0.0
7643,1700046240000.0,0.0,0.0,2.1,2.256478353677167,0.0,0.0,2.31735,0.9533662612544772,1.0,3979.1268915857418,1000.0,3979.2547220430197,1000.0,0.0011908654013377408,0.0
7644,1700049840000.0,0.0,0.0,0.4,2.256478353677167,0.0,0.0,2.3414,0.9533662612544772,1.0,3979.2680827844897,1000.0,3979.3020514430186,1000.0,0.0002268234566491633,0.0
7645,1700053440000.0,0.0,0.0,0.0,2.256478353677167,0.0,0.0,2.3952,0.9533662612544772,1.0,3979.3033838270176,1000.0,3979.3033838270176,1000.0,0.0,0.0
7646,1700057040000.0,0.0,0.0,0.0,2.256478353677167,0.0,0.0,2.435,0.9533662612544772,1.0,3979.3033838270176,1000.0,3979.3033838270176,1000.0,0.0,0.0
7647,1700060640000.0,0.0,0.0,0.0,2.256478353677167,0.0,0.0,2.526,0.9533662612544772,1.0,3979.3033838270176,1000.0,3979.3033838270176,1000.0,0.0,0.0
7648,1700064240000.0,0.0,0.0,0.0,2.256478353677167,0.0,0.0,2.64265,0.9533662612544772,1.0,3979.3033838270176,1000.0,3979.3033838270176,1000.0,0.0,0.0
7649,1700067840000.0,0.0,0.0,0.0,2.256478353677167,0.0,0.0,2.7381,0.9533662612544772,1.0,3979.3033838270176,1000.0,3979.3033838270176,1000.0,0.0,0.0
7650,1700071440000.0,0.0,0.0,0.0,2.256478353677167,0.0,0.0,2.7598,0.9533662612544772,1.0,3979.3033838270176,1000.0,3979.3033838270176,1000.0,0.0,0.0
7651,1700075040000.0,0.0,0.0,0.0,2.256478353677167,0.0,0.0,2.71195,0.9533662612544772,1.0,3979.3033838270176,1000.0,3979.3033838270176,1000.0,0.0,0.0
7652,1700078640000.0,0.0,0.0,0.0,2.256478353677167,0.0,0.0,2.74535,0.9533662612544772,1.0,3979.3033838270176,1000.0,3979.3033838270176,1000.0,0.0,0.0
7653,1700082240000.0,0.0,0.0,0.0,2.256478353677167,0.0,0.0,2.7348,0.9533662612544772,1.0,3979.3033838270176,1000.0,3979.3033838270176,1000.0,0.0,0.0
7654,1700085840000.0,0.0,0.0,0.0,2.256478353677167,0.0,0.0,2.79685,0.9533662612544772,1.0,3979.3033838270176,1000.0,3979.3033838270176,1000.0,0.0,0.0
7655,1700089440000.0,0.0,0.0,0.0,2.256478353677167,0.0,0.0,2.857,0.9533662612544772,1.0,3979.3033838270176,1000.0,3979.3033838270176,1000.0,0.0,0.0
7656,1700093040000.0,0.0,0.0,0.0,2.256478353677167,0.0,0.0,2.85965,0.9533662612544772,1.0,3979.3033838270176,1000.0,3979.3033838270176,1000.0,0.0,0.0
7657,1700096640000.0,0.0,0.0,0.0,2.256478353677167,0.0,0.0,2.94355,0.9533662612544772,1.0,3979.3033838270176,1000.0,3979.3033838270176,1000.0,0.0,0.0
7658,1700100240000.0,0.0,0.0,0.0,2.256478353677167,0.0,0.0,3.002,0.9533662612544772,1.0,3979.3033838270176,1000.0,3979.3033838270176,1000.0,0.0,0.0
7659,1700103840000.0,0.0,0.0,0.0,2.256478353677167,0.0,0.0,3.02185,0.9533662612544772,1.0,3979.3033838270176,1000.0,3979.3033838270176,1000.0,0.0,0.0
7660,1700107440000.0,0.0,0.0,0.0,2.256478353677167,0.0,0.0,2.97465,0.9533662612544772,1.0,3979.3033838270176,1000.0,3979.3033838270176,1000.0,0.0,0.0
7661,1700111040000.0,0.0,0.0,0.0,2.256478353677167,0.0,0.0,2.991,0.9533662612544772,1.0,3979.3033838270176,1000.0,3979.3033838270176,1000.0,0.0,0.0
7662,1700114640000.0,0.0,0.0,0.0,2.256478353677167,0.0,0.0,3.09565,0.9533662612544772,1.0,3979.3033838270176,1000.0,3979.3033838270176,1000.0,0.0,0.0
7663,1700118240000.0,0.0,0.0,0.0,2.256478353677167,0.0,0.0,3.171,0.9533662612544772,1.0,3979.3033838270176,1000.0,3979.3033838270176,1000.0,0.0,0.0
7664,1700121840000.0,0.0,0.0,0.0,2.256478353677167,0.0,0.0,3.101,0.9533662612544772,1.0,3979.3033838270176,1000.0,3979.3033838270176,1000.0,0.0,0.0
7665,1700125440000.0,0.0,0.0,66.2,3.0061,0.0,0.0,2.99405,0.9533662612544772,1.0,3979.2635830630174,1000.0,3978.4658730630176,1000.0,0.050010213157786816,0.0
7666,1700129040000.0,0.0,0.0,66.2,3.0061,0.0,0.0,2.9981,0.9533662612544772,1.0,3979.2635830630174,1000.0,3978.7339830630176,1000.0,0.050010213157786816,0.0
7667,1700132640000.0,0.0,0.0,66.3,3.0047196078431373,0.0,0.0,3.029,0.9533662612544772,1.0,3979.7691431950175,1000.0,3981.3789331950175,1000.0,0.0500563984573409,0.0
7668,1700136240000.0,0.0,0.0,66.2,3.0087778863811385,0.0,0.0,2.99485,0.9533662612544772,1.0,3983.2388717314484,1000.0,3982.316845653017,1000.0,0.050004808270976385,0.0
7669,1700139840000.0,0.0,0.0,48.7,3.0087778863811385,0.0,0.0,3.03315,0.9533662612544772,1.0,3983.755372569778,1000.0,3984.9422945030165,1000.0,0.03678124517275312,0.0
7670,1700143440000.0,0.0,0.0,0.3,3.0076688245363723,0.0,0.0,3.15085,0.9533662612544772,1.0,3989.097084116378,1000.0,3989.1400384690173,1000.0,0.00022619169910746345,0.0
7671,1700147040000.0,0.0,0.0,0.0,3.0076688245363723,0.0,0.0,3.2946,0.9533662612544772,1.0,3989.1323659150175,1000.0,3989.1323659150175,1000.0,0.0,0.0
7672,1700150640000.0,0.0,0.0,0.0,3.0076688245363723,0.0,0.0,3.29475,0.9533662612544772,1.0,3989.1323659150175,1000.0,3989.1323659150175,1000.0,0.0,0.0
7673,1700154240000.0,0.0,0.0,0.0,3.0076688245363723,0.0,0.0,3.1972,0.9533662612544772,1.0,3989.1323659150175,1000.0,3989.1323659150175,1000.0,0.0,0.0
7674,1700157840000.0,0.0,0.0,0.0,3.0076688245363723,0.0,0.0,3.15725,0.9533662612544772,1.0,3989.1323659150175,1000.0,3989.1323659150175,1000.0,0.0,0.0
7675,1700161440000.0,0.0,0.0,34.5,3.1279112852664577,0.0,0.0,3.1574,0.9533662612544772,1.0,3991.0181687447102,1000.0,3992.0355294030173,1000.0,0.027038949656206276,0.0
7676,1700165040000.0,0.0,0.0,13.8,3.12919175617378,0.0,0.0,3.1521,0.9533662612544772,1.0,3992.6807833702155,1000.0,3992.996917135017,1000.0,0.01081550180897447,0.0
7677,1700168640000.0,0.0,0.0,63.8,3.128022506472924,0.0,0.0,3.04345,0.9533662612544772,1.0,3992.7576874719894,1000.0,3987.361961559017,1000.0,0.049982456120278296,0.0
7678,1700172240000.0,0.0,0.0,161.4,3.06233752114605,0.0,0.0,3.07935,0.9533662612544772,1.0,3992.6987487839892,1000.0,3995.444562871017,1000.0,0.12379127678077492,0.0
7679,1700175840000.0,0.0,0.0,64.4,3.0884147847242787,0.0,0.0,3.0331,0.9533662612544772,1.0,3997.1167792052606,1000.0,3993.5545070690173,1000.0,0.04975934482849642,0.0
7680,1700179440000.0,0.0,0.0,163.0,3.0235597063573225,0.0,0.0,3.01695,0.9533662612544772,1.0,3997.0579899412605,1000.0,3995.980607805017,1000.0,0.12330074604283792,0.0
7681,1700183040000.0,0.0,0.0,65.1,3.0452569431410894,0.0,0.0,3.09045,0.9533662612544772,1.0,4004.4732083375015,1000.0,4007.4152763390166,1000.0,0.0495061938698271,0.0
7682,1700186640000.0,0.0,0.0,8.5,3.0452569431410894,0.0,0.0,3.1256,0.9533662612544772,1.0,4007.7587289157163,1000.0,4008.441644899017,1000.0,0.006458643288564993,0.0
7683,1700190240000.0,0.0,0.0,40.9,3.089396107601302,0.0,0.0,3.1012,0.9533662612544772,1.0,4008.75468503191,1000.0,4009.237464231017,1000.0,0.03152008808937318,0.0
7684,1700193840000.0,0.0,0.0,64.8,3.090909734581686,0.0,0.0,3.06945,0.9533662612544772,1.0,4008.73989810191,1000.0,4007.349307301017,1000.0,0.049963568575683494,0.0
7685,1700197440000.0,0.0,0.0,64.8,3.090909734581686,0.0,0.0,3.03445,0.9533662612544772,1.0,4008.73989810191,1000.0,4005.0813073010167,1000.0,0.049963568575683494,0.0
7686,1700201040000.0,0.0,0.0,64.8,3.090909734581686,0.0,0.0,3.0248,0.9533662612544772,1.0,4008.73989810191,1000.0,4004.4559873010166,1000.0,0.049963568575683494,0.0
7687,1700204640000.0,0.0,0.0,164.0,3.0259399439078853,0.0,0.0,2.97305,0.9533662612544772,1.0,4008.68070546191,1000.0,4000.0067546610167,1000.0,0.12379488097536347,0.0
7688,1700208240000.0,0.0,0.0,415.0,2.954849520002152,0.0,0.0,2.91755,0.9533662612544772,1.0,4008.5347037819097,1000.0,3993.0554029810164,1000.0,0.3059129186642585,0.0
7689,1700211840000.0,0.0,0.0,415.0,2.954849520002152,0.0,0.0,2.93575,0.9533662612544772,1.0,4008.5347037819097,1000.0,4000.6084029810168,1000.0,0.3059129186642585,0.0
7690,1700215440000.0,0.0,0.0,415.0,2.954849520002152,0.0,0.0,2.913,0.9533662612544772,1.0,4008.5347037819097,1000.0,3991.1671529810164,1000.0,0.3059129186642585,0.0
7691,1700219040000.0,0.0,0.0,415.0,2.954849520002152,0.0,0.0,2.9476,0.9533662612544772,1.0,4008.5347037819097,1000.0,4005.526152981017,1000.0,0.3059129186642585,0.0
7692,1700222640000.0,0.0,0.0,415.0,2.954849520002152,0.0,0.0,2.88645,0.9533662612544772,1.0,4008.5347037819097,1000.0,3980.148902981017,1000.0,0.3059129186642585,0.0
7693,1700226240000.0,0.0,0.0,415.0,2.954849520002152,0.0,0.0,2.93685,0.9533662612544772,1.0,4008.5347037819097,1000.0,4001.0649029810165,1000.0,0.3059129186642585,0.0
7694,1700229840000.0,0.0,0.0,415.0,2.954849520002152,0.0,0.0,2.9116,0.9533662612544772,1.0,4008.5347037819097,1000.0,3990.5861529810168,1000.0,0.3059129186642585,0.0
7695,1700233440000.0,0.0004016176933906935,0.0,1405.1,2.852852153441672,0.0,0.0,2.83175,0.9533662612544772,1.0,4007.97824777991,1000.0,3978.327611979016,1000.0,1.0001407974260579,0.0
7696,1700237040000.0,0.0004016176933906935,0.0,1405.1,2.852852153441672,0.0,0.0,2.8078,0.9533662612544772,1.0,4007.97824777991,1000.0,3944.675466979016,1000.0,1.0001407974260579,0.0
7697,1700240640000.0,0.0,0.0,993.8,2.852852153441672,0.0,0.0,2.9191,0.9533662612544772,1.0,4024.9936107533504,1000.0,4090.830720663016,1000.0,0.7043898063628682,0.0
7698,1700244240000.0,0.0,0.0,43.8,2.852852153441672,0.0,0.0,2.99375,0.9533662612544772,1.0,4097.907548939762,1000.0,4104.0788746190165,1000.0,0.03049237271179395,0.0
7699,1700247840000.0,0.0,0.0,0.0,2.852852153441672,0.0,0.0,3.0856,0.9533662612544772,1.0,4103.761067697017,1000.0,4103.761067697017,1000.0,0.0,0.0
7700,1700251440000.0,0.0,0.0,0.0,2.852852153441672,0.0,0.0,3.06325,0.9533662612544772,1.0,4103.761067697017,1000.0,4103.761067697017,1000.0,0.0,0.0
7701,1700255040000.0,0.0,0.0,0.0,2.852852153441672,0.0,0.0,3.0214,0.9533662612544772,1.0,4103.761067697017,1000.0,4103.761067697017,1000.0,0.0,0.0
7702,1700258640000.0,0.0,0.0,0.0,2.852852153441672,0.0,0.0,3.06745,0.9533662612544772,1.0,4103.761067697017,1000.0,4103.761067697017,1000.0,0.0,0.0
7703,1700262240000.0,0.0,0.0,0.0,2.852852153441672,0.0,0.0,3.05645,0.9533662612544772,1.0,4103.761067697017,1000.0,4103.761067697017,1000.0,0.0,0.0
7704,1700265840000.0,0.0,0.0,0.0,2.852852153441672,0.0,0.0,3.05165,0.9533662612544772,1.0,4103.761067697017,1000.0,4103.761067697017,1000.0,0.0,0.0
7705,1700269440000.0,0.0,0.0,0.0,2.852852153441672,0.0,0.0,3.0266,0.9533662612544772,1.0,4103.761067697017,1000.0,4103.761067697017,1000.0,0.0,0.0
7706,1700273040000.0,0.0,0.0,68.0,3.0175,0.0,0.0,3.0046,0.9533662612544772,1.0,4103.720029697017,1000.0,4102.842829697017,1000.0,0.05000097436353363,0.0
7707,1700276640000.0,0.0,0.0,42.9,3.0175,0.0,0.0,3.0454,0.9533662612544772,1.0,4104.462750243017,1000.0,4105.659660243016,1000.0,0.031539024198072085,0.0
7708,1700280240000.0,0.0,0.0,67.9,3.019691899852724,0.0,0.0,3.01675,0.9533662612544772,1.0,4104.775185625018,1000.0,4104.575430625018,1000.0,0.049950867155415184,0.0
7709,1700283840000.0,0.0,0.0,67.9,3.023243421300925,0.0,0.0,2.985,0.9533662612544772,1.0,4106.6383139013515,1000.0,4104.041585595019,1000.0,0.049986926681964416,0.0
7710,1700287440000.0,0.0,0.0,171.8,2.9597159971265006,0.0,0.0,2.97,0.9533662612544772,1.0,4106.577673705351,1000.0,4108.344465399018,1000.0,0.12382067227466656,0.0
7711,1700291040000.0,0.0,0.0,171.8,2.9597159971265006,0.0,0.0,2.87075,0.9533662612544772,1.0,4106.577673705351,1000.0,4091.2933153990184,1000.0,0.12382067227466656,0.0
7712,1700294640000.0,0.0,0.0,92.9,2.9597159971265006,0.0,0.0,2.999,0.9533662612544772,1.0,4108.872568800071,1000.0,4112.522052667019,1000.0,0.06691801985315617,0.0
7713,1700298240000.0,0.0,0.0,3.4,2.9597159971265006,0.0,0.0,3.10905,0.9533662612544772,1.0,4116.685124719248,1000.0,4117.192860329018,1000.0,0.0024444508349217957,0.0
7714,1700301840000.0,0.0,0.0,0.0,2.9597159971265006,0.0,0.0,3.16005,0.9533662612544772,1.0,4117.243095703017,1000.0,4117.243095703017,1000.0,0.0,0.0
7715,1700305440000.0,0.0,0.0,0.0,2.9597159971265006,0.0,0.0,3.1784,0.9533662612544772,1.0,4117.243095703017,1000.0,4117.243095703017,1000.0,0.0,0.0
7716,1700309040000.0,0.0,0.0,0.0,2.9597159971265006,0.0,0.0,3.1496,0.9533662612544772,1.0,4117.243095703017,1000.0,4117.243095703017,1000.0,0.0,0.0
7717,1700312640000.0,0.0,0.0,0.0,2.9597159971265006,0.0,0.0,3.11815,0.9533662612544772,1.0,4117.243095703017,1000.0,4117.243095703017,1000.0,0.0,0.0
7718,1700316240000.0,0.0,0.0,8.4,3.0865,0.0,0.0,3.1925,0.9533662612544772,1.0,4121.959304337017,1000.0,4122.849704337017,1000.0,0.006289872870098624,0.0
7719,1700319840000.0,0.0,0.0,0.0,3.0865,0.0,0.0,3.30225,0.9533662612544772,1.0,4123.093211153016,1000.0,4123.093211153016,1000.0,0.0,0.0
7720,1700323440000.0,0.0,0.0,0.0,3.0865,0.0,0.0,3.4342,0.9533662612544772,1.0,4123.093211153016,1000.0,4123.093211153016,1000.0,0.0,0.0
7721,1700327040000.0,0.0,0.0,0.0,3.0865,0.0,0.0,3.3851,0.9533662612544772,1.0,4123.093211153016,1000.0,4123.093211153016,1000.0,0.0,0.0
7722,1700330640000.0,0.0,0.0,0.0,3.0865,0.0,0.0,3.42255,0.9533662612544772,1.0,4123.093211153016,1000.0,4123.093211153016,1000.0,0.0,0.0
7723,1700334240000.0,0.0,0.0,0.0,3.0865,0.0,0.0,3.4101,0.9533662612544772,1.0,4123.093211153016,1000.0,4123.093211153016,1000.0,0.0,0.0
7724,1700337840000.0,0.0,0.0,0.0,3.0865,0.0,0.0,3.39625,0.9533662612544772,1.0,4123.093211153016,1000.0,4123.093211153016,1000.0,0.0,0.0
7725,1700341440000.0,0.0,0.0,0.0,3.0865,0.0,0.0,3.34585,0.9533662612544772,1.0,4123.093211153016,1000.0,4123.093211153016,1000.0,0.0,0.0
7726,1700345040000.0,0.0,0.0,0.0,3.0865,0.0,0.0,3.34395,0.9533662612544772,1.0,4123.093211153016,1000.0,4123.093211153016,1000.0,0.0,0.0
7727,1700348640000.0,0.0,0.0,9.0,3.3292,0.0,0.0,3.39045,0.9533662612544772,1.0,4125.840527857014,1000.0,4126.391777857015,1000.0,0.0072622293076273735,0.0
7728,1700352240000.0,0.0,0.0,1.1,3.3292,0.0,0.0,3.3859,0.9533662612544772,1.0,4126.354983757014,1000.0,4126.417353757014,1000.0,0.0008874951414542789,0.0
7729,1700355840000.0,0.0,0.0,0.0,3.3292,0.0,0.0,3.37165,0.9533662612544772,1.0,4126.423367507012,1000.0,4126.423367507012,1000.0,0.0,0.0
7730,1700359440000.0,0.0,0.0,45.3,3.3522,0.0,0.0,3.39855,0.9533662612544772,1.0,4126.915485455012,1000.0,4129.0151404550115,1000.0,0.036796164238206426,0.0
7731,1700363040000.0,0.0,0.0,61.4,3.360585425438945,0.0,0.0,3.3743,0.9533662612544772,1.0,4129.665387428962,1000.0,4130.507462307011,1000.0,0.049965293980007874,0.0
7732,1700366640000.0,0.0,0.0,15.7,3.360585425438945,0.0,0.0,3.42405,0.9533662612544772,1.0,4131.928078962404,1000.0,4132.924472783012,1000.0,0.012769145583153677,0.0
7733,1700370240000.0,0.0,0.0,0.7,3.360585425438945,0.0,0.0,3.47055,0.9533662612544772,1.0,4133.343610644817,1000.0,4133.4205858470095,1000.0,0.0005691299875841381,0.0
7734,1700373840000.0,0.0,0.0,0.0,3.360585425438945,0.0,0.0,3.5266,0.9533662612544772,1.0,4133.451928603012,1000.0,4133.451928603012,1000.0,0.0,0.0
7735,1700377440000.0,0.0,0.0,0.0,3.360585425438945,0.0,0.0,3.58275,0.9533662612544772,1.0,4133.451928603012,1000.0,4133.451928603012,1000.0,0.0,0.0
7736,1700381040000.0,0.0,0.0,0.0,3.360585425438945,0.0,0.0,3.55055,0.9533662612544772,1.0,4133.451928603012,1000.0,4133.451928603012,1000.0,0.0,0.0
7737,1700384640000.0,0.0,0.0,0.0,3.360585425438945,0.0,0.0,3.5457,0.9533662612544772,1.0,4133.451928603012,1000.0,4133.451928603012,1000.0,0.0,0.0
7738,1700388240000.0,0.0,0.0,0.0,3.360585425438945,0.0,0.0,3.5993,0.9533662612544772,1.0,4133.451928603012,1000.0,4133.451928603012,1000.0,0.0,0.0
7739,1700391840000.0,0.0,0.0,59.0,3.5013,0.0,0.0,3.45805,0.9533662612544772,1.0,4133.410613263011,1000.0,4130.858863263012,1000.0,0.04997729945753527,0.0
7740,1700395440000.0,0.0,0.0,59.0,3.5013,0.0,0.0,3.4492,0.9533662612544772,1.0,4133.410613263011,1000.0,4130.336713263011,1000.0,0.04997729945753527,0.0
7741,1700399040000.0,0.0,0.0,59.0,3.5013,0.0,0.0,3.4339,0.9533662612544772,1.0,4133.410613263011,1000.0,4129.434013263011,1000.0,0.04997729945753527,0.0
7742,1700402640000.0,0.0,0.0,59.0,3.5013,0.0,0.0,3.38565,0.9533662612544772,1.0,4133.410613263011,1000.0,4126.587263263012,1000.0,0.04997729945753527,0.0
7743,1700406240000.0,0.0,0.0,149.3,3.4277535833891495,0.0,0.0,3.36525,0.9533662612544772,1.0,4133.349575881011,1000.0,4124.017790881011,1000.0,0.12381329007017733,0.0
7744,1700409840000.0,0.0,0.0,149.3,3.4277535833891495,0.0,0.0,3.3852,0.9533662612544772,1.0,4133.349575881011,1000.0,4126.996325881011,1000.0,0.12381329007017733,0.0
7745,1700413440000.0,0.0,0.0,149.3,3.4277535833891495,0.0,0.0,3.3535,0.9533662612544772,1.0,4133.349575881011,1000.0,4122.263515881012,1000.0,0.12381329007017733,0.0
7746,1700417040000.0,0.0,0.0,377.8,3.3472199841185812,0.0,0.0,3.3339,0.9533662612544772,1.0,4133.199012661012,1000.0,4128.166722661012,1000.0,0.30595664668608485,0.0
7747,1700420640000.0,0.0,0.0,377.8,3.3472199841185812,0.0,0.0,3.33125,0.9533662612544772,1.0,4133.199012661012,1000.0,4127.165552661012,1000.0,0.30595664668608485,0.0
7748,1700424240000.0,0.0,0.0,277.7,3.3472199841185812,0.0,0.0,3.35125,0.9533662612544772,1.0,4136.482680636741,1000.0,4137.601816047011,1000.0,0.22471337640090053,0.0
7749,1700427840000.0,0.0,0.0,277.7,3.3472199841185812,0.0,0.0,3.3405,0.9533662612544772,1.0,4136.482680636741,1000.0,4134.616541047011,1000.0,0.22471337640090053,0.0
7750,1700431440000.0,0.0,0.0,277.7,3.3472199841185812,0.0,0.0,3.3186,0.9533662612544772,1.0,4136.482680636741,1000.0,4128.534911047011,1000.0,0.22471337640090053,0.0
7751,1700435040000.0,0.0,0.0,277.7,3.3472199841185812,0.0,0.0,3.36615,0.9533662612544772,1.0,4136.482680636741,1000.0,4141.739546047011,1000.0,0.22471337640090053,0.0
7752,1700438640000.0,0.0,0.0,110.3,3.3472199841185812,0.0,0.0,3.36455,0.9533662612544772,1.0,4141.974049459292,1000.0,4143.885550211012,1000.0,0.08913584678215838,0.0
7753,1700442240000.0,0.0,0.0,81.1,3.3472199841185812,0.0,0.0,3.336,0.9533662612544772,1.0,4142.93192263503,1000.0,4142.021981923013,1000.0,0.06552353400472012,0.0
7754,1700445840000.0,0.0,0.0,81.1,3.3472199841185812,0.0,0.0,3.2985,0.9533662612544772,1.0,4142.93192263503,1000.0,4138.980731923013,1000.0,0.06552353400472012,0.0
7755,1700449440000.0,0.0,0.0,81.1,3.3472199841185812,0.0,0.0,3.28555,0.9533662612544772,1.0,4142.93192263503,1000.0,4137.930486923013,1000.0,0.06552353400472012,0.0
7756,1700453040000.0,0.0,0.0,81.1,3.3472199841185812,0.0,0.0,3.26885,0.9533662612544772,1.0,4142.93192263503,1000.0,4136.576116923013,1000.0,0.06552353400472012,0.0
7757,1700456640000.0,0.0,0.0,81.1,3.3472199841185812,0.0,0.0,3.27545,0.9533662612544772,1.0,4142.93192263503,1000.0,4137.111376923013,1000.0,0.06552353400472012,0.0
7758,1700460240000.0,0.0,0.0,81.1,3.3472199841185812,0.0,0.0,3.30185,0.9533662612544772,1.0,4142.93192263503,1000.0,4139.252416923013,1000.0,0.06552353400472012,0.0
7759,1700463840000.0,0.0,0.0,69.6,3.3472199841185812,0.0,0.0,3.40045,0.9533662612544772,1.0,4143.309167207666,1000.0,4147.013976313013,1000.0,0.05622716082557224,0.0
7760,1700467440000.0,0.0,0.0,3.6,3.3472199841185812,0.0,0.0,3.418,0.9533662612544772,1.0,4148.4918293738365,1000.0,4148.74663743101,1000.0,0.0029046681151703485,0.0
7761,1700471040000.0,0.0,0.0,0.0,3.3472199841185812,0.0,0.0,3.4917,0.9533662612544772,1.0,4148.943276643009,1000.0,4148.943276643009,1000.0,0.0,0.0
7762,1700474640000.0,0.0,0.0,0.0,3.3472199841185812,0.0,0.0,3.4575,0.9533662612544772,1.0,4148.943276643009,1000.0,4148.943276643009,1000.0,0.0,0.0
7763,1700478240000.0,0.0,0.0,0.0,3.3472199841185812,0.0,0.0,3.6195,0.9533662612544772,1.0,4148.943276643009,1000.0,4148.943276643009,1000.0,0.0,0.0
7764,1700481840000.0,0.0,0.0,0.0,3.3472199841185812,0.0,0.0,3.62045,0.9533662612544772,1.0,4148.943276643009,1000.0,4148.943276643009,1000.0,0.0,0.0
7765,1700485440000.0,0.0,0.0,0.0,3.3472199841185812,0.0,0.0,3.6,0.9533662612544772,1.0,4148.943276643009,1000.0,4148.943276643009,1000.0,0.0,0.0
7766,1700489040000.0,0.0,0.0,0.0,3.3472199841185812,0.0,0.0,3.57455,0.9533662612544772,1.0,4148.943276643009,1000.0,4148.943276643009,1000.0,0.0,0.0
7767,1700492640000.0,0.0,0.0,0.0,3.3472199841185812,0.0,0.0,3.61945,0.9533662612544772,1.0,4148.943276643009,1000.0,4148.943276643009,1000.0,0.0,0.0
7768,1700496240000.0,0.0,0.0,13.6,3.5326,0.0,0.0,3.6028,0.9533662612544772,1.0,4150.804192939009,1000.0,4151.758912939009,1000.0,0.011574470335586349,0.0
7769,1700499840000.0,0.0,0.0,58.5,3.5443092307692305,0.0,0.0,3.55635,0.9533662612544772,1.0,4151.126853029009,1000.0,4151.831238029009,1000.0,0.04994838686962936,0.0
7770,1700503440000.0,0.0,0.0,58.5,3.545400402366864,0.0,0.0,3.53475,0.9533662612544772,1.0,4152.0364010574685,1000.0,4151.413352519007,1000.0,0.04995281917221102,0.0
7771,1700507040000.0,0.0,0.0,58.5,3.545400402366864,0.0,0.0,3.4686,0.9533662612544772,1.0,4152.0364010574685,1000.0,4147.543577519007,1000.0,0.04995281917221102,0.0
7772,1700510640000.0,0.0,0.0,58.5,3.545400402366864,0.0,0.0,3.4673,0.9533662612544772,1.0,4152.0364010574685,1000.0,4147.467527519007,1000.0,0.04995281917221102,0.0
7773,1700514240000.0,0.0,0.0,148.0,3.470957929313929,0.0,0.0,3.36335,0.9533662612544772,1.0,4151.975141887468,1000.0,4136.049168349007,1000.0,0.12372467463881182,0.0
7774,1700517840000.0,0.0,0.0,148.0,3.470957929313929,0.0,0.0,3.3908,0.9533662612544772,1.0,4151.975141887468,1000.0,4140.1117683490065,1000.0,0.12372467463881182,0.0
7775,1700521440000.0,0.0,0.0,148.0,3.470957929313929,0.0,0.0,3.4136,0.9533662612544772,1.0,4151.975141887468,1000.0,4143.486168349007,1000.0,0.12372467463881182,0.0
7776,1700525040000.0,0.0,0.0,148.0,3.470957929313929,0.0,0.0,3.38545,0.9533662612544772,1.0,4151.975141887468,1000.0,4139.319968349007,1000.0,0.12372467463881182,0.0
7777,1700528640000.0,0.0,0.0,148.0,3.470957929313929,0.0,0.0,3.38995,0.9533662612544772,1.0,4151.975141887468,1000.0,4139.985968349007,1000.0,0.12372467463881182,0.0
7778,1700532240000.0,0.0,0.0,148.0,3.470957929313929,0.0,0.0,3.36895,0.9533662612544772,1.0,4151.975141887468,1000.0,4136.877968349007,1000.0,0.12372467463881182,0.0
7779,1700535840000.0,0.0,0.0,374.5,3.389455470062648,0.0,0.0,3.35995,0.9533662612544772,1.0,4151.824012027469,1000.0,4140.774213489007,1000.0,0.3057333523437562,0.0
7780,1700539440000.0,0.0,0.0,374.5,3.389455470062648,0.0,0.0,3.3263,0.9533662612544772,1.0,4151.824012027469,1000.0,4128.172288489007,1000.0,0.3057333523437562,0.0
7781,1700543040000.0,0.0,0.0,374.5,3.389455470062648,0.0,0.0,3.35115,0.9533662612544772,1.0,4151.824012027469,1000.0,4137.478613489007,1000.0,0.3057333523437562,0.0
7782,1700546640000.0,0.0,0.0,374.5,3.389455470062648,0.0,0.0,3.372,0.9533662612544772,1.0,4151.824012027469,1000.0,4145.286938489007,1000.0,0.3057333523437562,0.0
7783,1700550240000.0,0.0,0.0,374.5,3.389455470062648,0.0,0.0,3.39085,0.9533662612544772,1.0,4151.824012027469,1000.0,4152.346263489007,1000.0,0.3057333523437562,0.0
7784,1700553840000.0,0.0,0.0,374.5,3.389455470062648,0.0,0.0,3.3444,0.9533662612544772,1.0,4151.824012027469,1000.0,4134.950738489007,1000.0,0.3057333523437562,0.0
7785,1700557440000.0,0.0,0.0,374.5,3.389455470062648,0.0,0.0,3.34975,0.9533662612544772,1.0,4151.824012027469,1000.0,4136.954313489007,1000.0,0.3057333523437562,0.0
7786,1700561040000.0,0.0,0.0,374.5,3.389455470062648,0.0,0.0,3.3697,0.9533662612544772,1.0,4151.824012027469,1000.0,4144.425588489007,1000.0,0.3057333523437562,0.0
7787,1700564640000.0,0.0,0.0,374.5,3.389455470062648,0.0,0.0,3.3659,0.9533662612544772,1.0,4151.824012027469,1000.0,4143.002488489007,1000.0,0.3057333523437562,0.0
7788,1700568240000.0,0.0,0.0,275.2,3.389455470062648,0.0,0.0,3.3732,0.9533662612544772,1.0,4155.126715126247,1000.0,4150.653209765007,1000.0,0.22448849561327988,0.0
7789,1700571840000.0,0.0,0.0,94.4,3.389455470062648,0.0,0.0,3.50465,0.9533662612544772,1.0,4170.501593320921,1000.0,4181.375956947007,1000.0,0.07672089057257259,0.0
7790,1700575440000.0,0.0,0.0,3.7,3.389455470062648,0.0,0.0,3.4944,0.9533662612544772,1.0,4180.598175444239,1000.0,4180.986470205007,1000.0,0.0029998064183480552,0.0
7791,1700579040000.0,0.0,0.0,52.5,3.415821289251805,0.0,0.0,3.44385,0.9533662612544772,1.0,4181.800972922722,1000.0,4183.272480237003,1000.0,0.042883585050290655,0.0
7792,1700582640000.0,0.0,0.0,61.6,3.382493233542282,0.0,0.0,3.3817,0.9533662612544772,1.0,4191.672354881208,1000.0,4191.623491695003,1000.0,0.04970846133609829,0.0
7793,1700586240000.0,0.0,0.0,7.1,3.4029389621759965,0.0,0.0,3.475,0.9533662612544772,1.0,4198.286743430452,1000.0,4198.798376799002,1000.0,0.005754934836039224,0.0
7794,1700589840000.0,0.0,0.0,155.4,3.345601207652983,0.0,0.0,3.25255,0.9533662612544772,1.0,4198.220287368276,1000.0,4183.760129699002,1000.0,0.12383972066296349,0.0
7795,1700593440000.0,0.0,0.0,200.8,3.2669789106543075,0.0,0.0,3.2744,0.9533662612544772,1.0,4207.517772064387,1000.0,4209.007926805002,1000.0,0.15591362907957934,0.0
7796,1700597040000.0,0.0,0.0,52.5,3.2669789106543075,0.0,0.0,3.27035,0.9533662612544772,1.0,4214.916421610353,1000.0,4215.093403801002,1000.0,0.04069271502750736,0.0
7797,1700600640000.0,0.0,0.0,63.0,3.3292867748978825,0.0,0.0,3.3318,0.9533662612544772,1.0,4218.76452029657,1000.0,4218.922853478003,1000.0,0.049717178052834765,0.0
7798,1700604240000.0,0.0,0.0,54.0,3.3292867748978825,0.0,0.0,3.2509,0.9533662612544772,1.0,4219.058286642488,1000.0,4214.825400798003,1000.0,0.042611756849549265,0.0
7799,1700607840000.0,0.0,0.0,345.6,3.1856266951518677,0.0,0.0,3.1037,0.9533662612544772,1.0,4218.874052422489,1000.0,4190.560186578003,1000.0,0.2609588653665344,0.0
7800,1700611440000.0,0.0003605918002893612,0.0,1372.0,3.0748871908487505,0.0,0.0,3.06345,0.9533662612544772,1.0,4218.2504938944885,1000.0,4202.558668050003,1000.0,1.0001172836821126,0.0
7801,1700615040000.0,0.0,0.0,83.4,3.0748871908487505,0.0,0.0,3.1624,0.9533662612544772,1.0,4276.867535562789,1000.0,4284.166103846003,1000.0,0.05996107889346645,0.0
7802,1700618640000.0,0.0,0.0,67.7,3.135673168157635,0.0,0.0,3.15165,0.9533662612544772,1.0,4282.491018948277,1000.0,4283.572650464005,1000.0,0.04957046554096599,0.0
7803,1700622240000.0,0.0,0.0,32.6,3.145942489232199,0.0,0.0,3.205,0.9533662612544772,1.0,4285.175277322974,1000.0,4287.100552174004,1000.0,0.02393314590693694,0.0
7804,1700625840000.0,0.0,0.0,34.9,3.1889543473292887,0.0,0.0,3.2221,0.9533662612544772,1.0,4287.300829073795,1000.0,4288.457612352003,1000.0,0.025959108343194013,0.0
7805,1700629440000.0,0.0,0.0,24.5,3.2008476537218145,0.0,0.0,3.25655,0.9533662612544772,1.0,4289.648480848187,1000.0,4291.013188332003,1000.0,0.01828139715091023,0.0
7806,1700633040000.0,0.0,0.0,2.6,3.2008476537218145,0.0,0.0,3.3323,0.9533662612544772,1.0,4291.82911849968,1000.0,4292.170894600003,1000.0,0.0019390809069737519,0.0
7807,1700636640000.0,0.0,0.0,0.0,3.2008476537218145,0.0,0.0,3.3502,0.9533662612544772,1.0,4292.263792874004,1000.0,4292.263792874004,1000.0,0.0,0.0
7808,1700640240000.0,0.0,0.0,0.0,3.2008476537218145,0.0,0.0,3.33995,0.9533662612544772,1.0,4292.263792874004,1000.0,4292.263792874004,1000.0,0.0,0.0
7809,1700643840000.0,0.0,0.0,15.8,3.2859,0.0,0.0,3.3231,0.9533662612544772,1.0,4295.106734816003,1000.0,4295.6944948160035,1000.0,0.012087527320138661,0.0
7810,1700647440000.0,0.0,0.0,2.0,3.2859,0.0,0.0,3.3785,0.9533662612544772,1.0,4296.273550508004,1000.0,4296.4587505080035,1000.0,0.001529651201847455,0.0
7811,1700651040000.0,0.0,0.0,64.9,3.3087425269645605,0.0,0.0,3.31515,0.9533662612544772,1.0,4296.318055536004,1000.0,4296.7339005360045,1000.0,0.04998172556691909,0.0
7812,1700654640000.0,0.0,0.0,64.9,3.3087425269645605,0.0,0.0,3.32165,0.9533662612544772,1.0,4296.318055536004,1000.0,4297.155750536004,1000.0,0.04998172556691909,0.0
7813,1700658240000.0,0.0,0.0,64.9,3.3087425269645605,0.0,0.0,3.3136,0.9533662612544772,1.0,4296.318055536004,1000.0,4296.633305536004,1000.0,0.04998172556691909,0.0
7814,1700661840000.0,0.0,0.0,64.9,3.3087049736349146,0.0,0.0,3.3149,0.9533662612544772,1.0,4296.86230361491,1000.0,4297.264360826004,1000.0,0.049974827587156205,0.0
7815,1700665440000.0,0.0,0.0,64.9,3.3087049736349146,0.0,0.0,3.26445,0.9533662612544772,1.0,4296.86230361491,1000.0,4293.990155826004,1000.0,0.049974827587156205,0.0
7816,1700669040000.0,0.0,0.0,64.9,3.3087049736349146,0.0,0.0,3.2531,0.9533662612544772,1.0,4296.86230361491,1000.0,4293.253540826005,1000.0,0.049974827587156205,0.0
7817,1700672640000.0,0.0,0.0,64.9,3.3087049736349146,0.0,0.0,3.2271,0.9533662612544772,1.0,4296.86230361491,1000.0,4291.566140826004,1000.0,0.049974827587156205,0.0
7818,1700676240000.0,0.0,0.0,164.2,3.239216155839866,0.0,0.0,3.2135,0.9533662612544772,1.0,4296.79887474691,1000.0,4292.576281958004,1000.0,0.1237850102584182,0.0
7819,1700679840000.0,0.0,0.0,51.5,3.239216155839866,0.0,0.0,3.30665,0.9533662612544772,1.0,4301.564504129758,1000.0,4305.037347104005,1000.0,0.03878115319800421,0.0
7820,1700683440000.0,0.0,0.0,3.2,3.239216155839866,0.0,0.0,3.33015,0.9533662612544772,1.0,4305.660957260693,1000.0,4305.951945562006,1000.0,0.002407410105342388,0.0
7821,1700687040000.0,0.0,0.0,0.6,3.239216155839866,0.0,0.0,3.3459,0.9533662612544772,1.0,4305.955391627509,1000.0,4306.019401934005,1000.0,0.00045135852946431236,0.0
7822,1700690640000.0,0.0,0.0,0.0,3.239216155839866,0.0,0.0,3.38155,0.9533662612544772,1.0,4306.031357954003,1000.0,4306.031357954003,1000.0,0.0,0.0
7823,1700694240000.0,0.0,0.0,26.0,3.3142,0.0,0.0,3.34895,0.9533662612544772,1.0,4307.256963634004,1000.0,4308.160463634004,1000.0,0.02000558609052654,0.0
7824,1700697840000.0,0.0,0.0,5.8,3.3142,0.0,0.0,3.3526,0.9533662612544772,1.0,4307.914080138005,1000.0,4308.136800138005,1000.0,0.004462103849430582,0.0
7825,1700701440000.0,0.0,0.0,64.8,3.3239422839506174,0.0,0.0,3.3355,0.9533662612544772,1.0,4307.874846318005,1000.0,4308.623786318006,1000.0,0.04999947019911634,0.0
7826,1700705040000.0,0.0,0.0,34.1,3.3239422839506174,0.0,0.0,3.39185,0.9533662612544772,1.0,4309.096200792722,1000.0,4311.411853910005,1000.0,0.02630399197443406,0.0
7827,1700708640000.0,0.0,0.0,14.6,3.3239422839506174,0.0,0.0,3.364,0.9533662612544772,1.0,4310.076064275686,1000.0,4310.660906930007,1000.0,0.011259559372494387,0.0
7828,1700712240000.0,0.0,0.0,1.2,3.3239422839506174,0.0,0.0,3.41395,0.9533662612544772,1.0,4311.330456794747,1000.0,4311.438466054006,1000.0,0.0009251739760412978,0.0
7829,1700715840000.0,0.0,0.0,0.0,3.3239422839506174,0.0,0.0,3.4278,0.9533662612544772,1.0,4311.460422150003,1000.0,4311.460422150003,1000.0,0.0,0.0
7830,1700719440000.0,0.0,0.0,0.0,3.3239422839506174,0.0,0.0,3.39085,0.9533662612544772,1.0,4311.460422150003,1000.0,4311.460422150003,1000.0,0.0,0.0
7831,1700723040000.0,0.0,0.0,63.9,3.375,0.0,0.0,3.3868,0.9533662612544772,1.0,4311.417289650003,1000.0,4312.171309650003,1000.0,0.05002125415178898,0.0
7832,1700726640000.0,0.0,0.0,63.9,3.375,0.0,0.0,3.3907,0.9533662612544772,1.0,4311.417289650003,1000.0,4312.420519650003,1000.0,0.05002125415178898,0.0
7833,1700730240000.0,0.0,0.0,63.9,3.375,0.0,0.0,3.345,0.9533662612544772,1.0,4311.417289650003,1000.0,4309.500289650003,1000.0,0.05002125415178898,0.0
7834,1700733840000.0,0.0,0.0,63.9,3.375,0.0,0.0,3.37085,0.9533662612544772,1.0,4311.417289650003,1000.0,4311.152104650003,1000.0,0.05002125415178898,0.0
7835,1700737440000.0,0.0,0.0,63.9,3.375,0.0,0.0,3.3285,0.9533662612544772,1.0,4311.417289650003,1000.0,4308.445939650003,1000.0,0.05002125415178898,0.0
7836,1700741040000.0,0.0,0.0,63.9,3.375,0.0,0.0,3.2779,0.9533662612544772,1.0,4311.417289650003,1000.0,4305.2125996500035,1000.0,0.05002125415178898,0.0
7837,1700744640000.0,0.0,0.0,63.9,3.375,0.0,0.0,3.27615,0.9533662612544772,1.0,4311.417289650003,1000.0,4305.100774650003,1000.0,0.05002125415178898,0.0
7838,1700748240000.0,0.0,0.0,161.7,3.3041146567718,0.0,0.0,3.2876,0.9533662612544772,1.0,4311.353567082003,1000.0,4308.6831470820025,1000.0,0.12392287751097311,0.0
7839,1700751840000.0,0.0,0.0,161.7,3.3041146567718,0.0,0.0,3.2702,0.9533662612544772,1.0,4311.353567082003,1000.0,4305.8695670820025,1000.0,0.12392287751097311,0.0
7840,1700755440000.0,0.0,0.0,161.7,3.3041146567718,0.0,0.0,3.25345,0.9533662612544772,1.0,4311.353567082003,1000.0,4303.161092082003,1000.0,0.12392287751097311,0.0
7841,1700759040000.0,0.0,0.0,161.7,3.3041146567718,0.0,0.0,3.2694,0.9533662612544772,1.0,4311.353567082003,1000.0,4305.740207082003,1000.0,0.12392287751097311,0.0
7842,1700762640000.0,0.0,0.0,161.7,3.3041146567718,0.0,0.0,3.2551,0.9533662612544772,1.0,4311.353567082003,1000.0,4303.427897082003,1000.0,0.12392287751097311,0.0
7843,1700766240000.0,0.0,0.0,161.7,3.3041146567718,0.0,0.0,3.2274,0.9533662612544772,1.0,4311.353567082003,1000.0,4298.9488070820025,1000.0,0.12392287751097311,0.0
7844,1700769840000.0,0.0,0.0,161.7,3.3041146567718,0.0,0.0,3.2314,0.9533662612544772,1.0,4311.353567082003,1000.0,4299.595607082003,1000.0,0.12392287751097311,0.0
7845,1700773440000.0,0.0,0.0,161.7,3.3041146567718,0.0,0.0,3.23975,0.9533662612544772,1.0,4311.353567082003,1000.0,4300.945802082003,1000.0,0.12392287751097311,0.0
7846,1700777040000.0,0.0,0.0,161.7,3.3041146567718,0.0,0.0,3.22465,0.9533662612544772,1.0,4311.353567082003,1000.0,4298.504132082003,1000.0,0.12392287751097311,0.0
7847,1700780640000.0,0.0,0.0,161.7,3.3041146567718,0.0,0.0,3.2279,0.9533662612544772,1.0,4311.353567082003,1000.0,4299.029657082003,1000.0,0.12392287751097311,0.0
7848,1700784240000.0,0.0,0.0,161.7,3.3041146567718,0.0,0.0,3.23065,0.9533662612544772,1.0,4311.353567082003,1000.0,4299.474332082003,1000.0,0.12392287751097311,0.0
7849,1700787840000.0,0.0,0.0,161.7,3.3041146567718,0.0,0.0,3.2583,0.9533662612544772,1.0,4311.353567082003,1000.0,4303.945337082003,1000.0,0.12392287751097311,0.0
7850,1700791440000.0,0.0,0.0,161.7,3.3041146567718,0.0,0.0,3.28015,0.9533662612544772,1.0,4311.353567082003,1000.0,4307.478482082003,1000.0,0.12392287751097311,0.0
7851,1700795040000.0,0.0,0.0,161.7,3.3041146567718,0.0,0.0,3.30875,0.9533662612544772,1.0,4311.353567082003,1000.0,4312.103102082003,1000.0,0.12392287751097311,0.0
7852,1700798640000.0,0.0,0.0,161.7,3.3041146567718,0.0,0.0,3.31225,0.9533662612544772,1.0,4311.353567082003,1000.0,4312.669052082003,1000.0,0.12392287751097311,0.0
7853,1700802240000.0,0.0,0.0,47.4,3.3041146567718,0.0,0.0,3.31785,0.9533662612544772,1.0,4315.058933420986,1000.0,4315.709988690003,1000.0,0.03629499321966818,0.0
7854,1700805840000.0,0.0,0.0,29.1,3.3041146567718,0.0,0.0,3.37615,0.9533662612544772,1.0,4315.839483582062,1000.0,4317.935712070002,1000.0,0.022278339330696558,0.0
7855,1700809440000.0,0.0,0.0,10.9,3.3041146567718,0.0,0.0,3.38815,0.9533662612544772,1.0,4317.352044872816,1000.0,4318.2680301140035,1000.0,0.008341883956760717,0.0
7856,1700813040000.0,0.0,0.0,3.2,3.3041146567718,0.0,0.0,3.3614,0.9533662612544772,1.0,4317.850322985673,1000.0,4318.033636084004,1000.0,0.0024487108423801754,0.0
7857,1700816640000.0,0.0,0.0,0.2,3.3041146567718,0.0,0.0,3.45135,0.9533662612544772,1.0,4318.121801843358,1000.0,4318.151248912004,1000.0,0.00015303480579734042,0.0
7858,1700820240000.0,0.0,0.0,0.0,3.3041146567718,0.0,0.0,3.5353,0.9533662612544772,1.0,4318.157309618004,1000.0,4318.157309618004,1000.0,0.0,0.0
7859,1700823840000.0,0.0,0.0,0.0,3.3041146567718,0.0,0.0,3.50535,0.9533662612544772,1.0,4318.157309618004,1000.0,4318.157309618004,1000.0,0.0,0.0
7860,1700827440000.0,0.0,0.0,0.0,3.3041146567718,0.0,0.0,3.478,0.9533662612544772,1.0,4318.157309618004,1000.0,4318.157309618004,1000.0,0.0,0.0
7861,1700831040000.0,0.0,0.0,0.0,3.3041146567718,0.0,0.0,3.4911,0.9533662612544772,1.0,4318.157309618004,1000.0,4318.157309618004,1000.0,0.0,0.0
7862,1700834640000.0,0.0,0.0,46.2,3.4367,0.0,0.0,3.46425,0.9533662612544772,1.0,4318.673660614004,1000.0,4319.946470614004,1000.0,0.03676488488769634,0.0
7863,1700838240000.0,0.0,0.0,62.8,3.4373343949044592,0.0,0.0,3.45375,0.9533662612544772,1.0,4318.662242802004,1000.0,4319.693142802003,1000.0,0.049984135795705174,0.0
7864,1700841840000.0,0.0,0.0,13.8,3.4373343949044592,0.0,0.0,3.53075,0.9533662612544772,1.0,4320.993598471686,1000.0,4322.282733822004,1000.0,0.010977848860146227,0.0
7865,1700845440000.0,0.0,0.0,62.5,3.4510967286624203,0.0,0.0,3.4361,0.9533662612544772,1.0,4321.113074085405,1000.0,4320.175778544004,1000.0,0.049916200257512214,0.0
7866,1700849040000.0,0.0,0.0,62.5,3.4510967286624203,0.0,0.0,3.43495,0.9533662612544772,1.0,4321.113074085405,1000.0,4320.1039035440035,1000.0,0.049916200257512214,0.0
7867,1700852640000.0,0.0,0.0,62.5,3.4510967286624203,0.0,0.0,3.40555,0.9533662612544772,1.0,4321.113074085405,1000.0,4318.266403544004,1000.0,0.049916200257512214,0.0
7868,1700856240000.0,0.0,0.0,62.5,3.4510967286624203,0.0,0.0,3.37675,0.9533662612544772,1.0,4321.113074085405,1000.0,4316.466403544004,1000.0,0.049916200257512214,0.0
7869,1700859840000.0,0.0,0.0,62.5,3.4510967286624203,0.0,0.0,3.40225,0.9533662612544772,1.0,4321.113074085405,1000.0,4318.060153544004,1000.0,0.049916200257512214,0.0
7870,1700863440000.0,0.0,0.0,62.5,3.4510967286624203,0.0,0.0,3.3952,0.9533662612544772,1.0,4321.113074085405,1000.0,4317.6195285440035,1000.0,0.049916200257512214,0.0
7871,1700867040000.0,0.0,0.0,62.5,3.4510967286624203,0.0,0.0,3.36475,0.9533662612544772,1.0,4321.113074085405,1000.0,4315.716403544004,1000.0,0.049916200257512214,0.0
7872,1700870640000.0,0.0,0.0,62.5,3.4510967286624203,0.0,0.0,3.37665,0.9533662612544772,1.0,4321.113074085405,1000.0,4316.460153544004,1000.0,0.049916200257512214,0.0
7873,1700874240000.0,0.0,0.0,62.5,3.4510967286624203,0.0,0.0,3.45865,0.9533662612544772,1.0,4321.113074085405,1000.0,4321.585153544004,1000.0,0.049916200257512214,0.0
7874,1700877840000.0,0.0,0.0,13.1,3.4510967286624203,0.0,0.0,3.5357,0.9533662612544772,1.0,4323.568120925481,1000.0,4324.6764237800035,1000.0,0.010456494700909308,0.0
7875,1700881440000.0,0.0,0.0,1.6,3.4510967286624203,0.0,0.0,3.53985,0.9533662612544772,1.0,4324.731836645864,1000.0,4324.873841880004,1000.0,0.0012767854688864096,0.0
7876,1700885040000.0,0.0,0.0,1.0,3.4510967286624203,0.0,0.0,3.4922,0.9533662612544772,1.0,4324.772336292667,1000.0,4324.8134395640045,1000.0,0.0007979834452096987,0.0
7877,1700888640000.0,0.0,0.0,62.4,3.4648217529315692,0.0,0.0,3.46895,0.9533662612544772,1.0,4324.736428718933,1000.0,4324.994031336003,1000.0,0.049992613641653486,0.0
7878,1700892240000.0,0.0,0.0,62.4,3.4648217529315692,0.0,0.0,3.48755,0.9533662612544772,1.0,4324.736428718933,1000.0,4326.154671336003,1000.0,0.049992613641653486,0.0
7879,1700895840000.0,0.0,0.0,62.4,3.4648217529315692,0.0,0.0,3.4681,0.9533662612544772,1.0,4324.736428718933,1000.0,4324.940991336003,1000.0,0.049992613641653486,0.0
7880,1700899440000.0,0.0,0.0,62.4,3.4648217529315692,0.0,0.0,3.4706,0.9533662612544772,1.0,4324.736428718933,1000.0,4325.096991336003,1000.0,0.049992613641653486,0.0
7881,1700903040000.0,0.0,0.0,62.4,3.4648217529315692,0.0,0.0,3.4005,0.9533662612544772,1.0,4324.736428718933,1000.0,4320.722751336003,1000.0,0.049992613641653486,0.0
7882,1700906640000.0,0.0,0.0,62.4,3.4648217529315692,0.0,0.0,3.4088,0.9533662612544772,1.0,4324.736428718933,1000.0,4321.240671336003,1000.0,0.049992613641653486,0.0
7883,1700910240000.0,0.0,0.0,62.4,3.4648217529315692,0.0,0.0,3.39985,0.9533662612544772,1.0,4324.736428718933,1000.0,4320.682191336003,1000.0,0.049992613641653486,0.0
7884,1700913840000.0,0.0,0.0,62.4,3.4648217529315692,0.0,0.0,3.38365,0.9533662612544772,1.0,4324.736428718933,1000.0,4319.671311336003,1000.0,0.049992613641653486,0.0
7885,1700917440000.0,0.0,0.0,62.4,3.4648217529315692,0.0,0.0,3.38695,0.9533662612544772,1.0,4324.736428718933,1000.0,4319.877231336003,1000.0,0.049992613641653486,0.0
7886,1700921040000.0,0.0,0.0,62.4,3.4648217529315692,0.0,0.0,3.40555,0.9533662612544772,1.0,4324.736428718933,1000.0,4321.037871336003,1000.0,0.049992613641653486,0.0
7887,1700924640000.0,0.0,0.0,62.4,3.4648217529315692,0.0,0.0,3.39445,0.9533662612544772,1.0,4324.736428718933,1000.0,4320.345231336003,1000.0,0.049992613641653486,0.0
7888,1700928240000.0,0.0,0.0,62.4,3.4648217529315692,0.0,0.0,3.42435,0.9533662612544772,1.0,4324.736428718933,1000.0,4322.210991336003,1000.0,0.049992613641653486,0.0
7889,1700931840000.0,0.0,0.0,62.4,3.4648217529315692,0.0,0.0,3.4023,0.9533662612544772,1.0,4324.736428718933,1000.0,4320.835071336003,1000.0,0.049992613641653486,0.0
7890,1700935440000.0,0.0,0.0,62.4,3.4648217529315692,0.0,0.0,3.4124,0.9533662612544772,1.0,4324.736428718933,1000.0,4321.465311336003,1000.0,0.049992613641653486,0.0
7891,1700939040000.0,0.0,0.0,62.4,3.4648217529315692,0.0,0.0,3.4526,0.9533662612544772,1.0,4324.736428718933,1000.0,4323.973791336003,1000.0,0.049992613641653486,0.0
7892,1700942640000.0,0.0,0.0,62.4,3.4648217529315692,0.0,0.0,3.44615,0.9533662612544772,1.0,4324.736428718933,1000.0,4323.571311336003,1000.0,0.049992613641653486,0.0
7893,1700946240000.0,0.0,0.0,62.4,3.4648217529315692,0.0,0.0,3.4369,0.9533662612544772,1.0,4324.736428718933,1000.0,4322.994111336003,1000.0,0.049992613641653486,0.0
7894,1700949840000.0,0.0,0.0,62.4,3.4648217529315692,0.0,0.0,3.43935,0.9533662612544772,1.0,4324.736428718933,1000.0,4323.146991336003,1000.0,0.049992613641653486,0.0
7895,1700953440000.0,0.0,0.0,62.4,3.4648217529315692,0.0,0.0,3.44395,0.9533662612544772,1.0,4324.736428718933,1000.0,4323.4340313360035,1000.0,0.049992613641653486,0.0
7896,1700957040000.0,0.0,0.0,62.4,3.4648217529315692,0.0,0.0,3.46035,0.9533662612544772,1.0,4324.736428718933,1000.0,4324.457391336003,1000.0,0.049992613641653486,0.0
7897,1700960640000.0,0.0,0.0,62.4,3.4648217529315692,0.0,0.0,3.43715,0.9533662612544772,1.0,4324.736428718933,1000.0,4323.009711336003,1000.0,0.049992613641653486,0.0
7898,1700964240000.0,0.0,0.0,62.4,3.4648217529315692,0.0,0.0,3.3878,0.9533662612544772,1.0,4324.736428718933,1000.0,4319.930271336003,1000.0,0.049992613641653486,0.0
7899,1700967840000.0,0.0,0.0,62.4,3.4648217529315692,0.0,0.0,3.41815,0.9533662612544772,1.0,4324.736428718933,1000.0,4321.824111336003,1000.0,0.049992613641653486,0.0
7900,1700971440000.0,0.0,0.0,62.4,3.4648217529315692,0.0,0.0,3.39695,0.9533662612544772,1.0,4324.736428718933,1000.0,4320.501231336003,1000.0,0.049992613641653486,0.0
7901,1700975040000.0,0.0,0.0,62.4,3.4648217529315692,0.0,0.0,3.4112,0.9533662612544772,1.0,4324.736428718933,1000.0,4321.390431336003,1000.0,0.049992613641653486,0.0
7902,1700978640000.0,0.0,0.0,62.4,3.4648217529315692,0.0,0.0,3.4104,0.9533662612544772,1.0,4324.736428718933,1000.0,4321.340511336003,1000.0,0.049992613641653486,0.0
7903,1700982240000.0,0.0,0.0,62.4,3.4648217529315692,0.0,0.0,3.4029,0.9533662612544772,1.0,4324.736428718933,1000.0,4320.872511336003,1000.0,0.049992613641653486,0.0
7904,1700985840000.0,0.0,0.0,62.4,3.4648217529315692,0.0,0.0,3.3923,0.9533662612544772,1.0,4324.736428718933,1000.0,4320.211071336003,1000.0,0.049992613641653486,0.0
7905,1700989440000.0,0.0,0.0,157.9,3.3920495717728305,0.0,0.0,3.3366,0.9533662612544772,1.0,4324.672548768933,1000.0,4315.917061386002,1000.0,0.12384859693837304,0.0
7906,1700993040000.0,0.0,0.0,157.9,3.3920495717728305,0.0,0.0,3.33735,0.9533662612544772,1.0,4324.672548768933,1000.0,4316.035486386003,1000.0,0.12384859693837304,0.0
7907,1700996640000.0,0.0,0.0,157.9,3.3920495717728305,0.0,0.0,3.3272,0.9533662612544772,1.0,4324.672548768933,1000.0,4314.432801386003,1000.0,0.12384859693837304,0.0
7908,1701000240000.0,0.0,0.0,157.9,3.3920495717728305,0.0,0.0,3.32395,0.9533662612544772,1.0,4324.672548768933,1000.0,4313.919626386003,1000.0,0.12384859693837304,0.0
7909,1701003840000.0,0.0,0.0,157.9,3.3920495717728305,0.0,0.0,3.33275,0.9533662612544772,1.0,4324.672548768933,1000.0,4315.309146386003,1000.0,0.12384859693837304,0.0
7910,1701007440000.0,0.0,0.0,157.9,3.3920495717728305,0.0,0.0,3.3216,0.9533662612544772,1.0,4324.672548768933,1000.0,4313.548561386003,1000.0,0.12384859693837304,0.0
7911,1701011040000.0,0.0,0.0,157.9,3.3920495717728305,0.0,0.0,3.32195,0.9533662612544772,1.0,4324.672548768933,1000.0,4313.603826386003,1000.0,0.12384859693837304,0.0
7912,1701014640000.0,0.0,0.0,157.9,3.3920495717728305,0.0,0.0,3.29775,0.9533662612544772,1.0,4324.672548768933,1000.0,4309.782646386003,1000.0,0.12384859693837304,0.0
7913,1701018240000.0,0.0,0.0,399.5,3.3123732350010764,0.0,0.0,3.2792,0.9533662612544772,1.0,4324.515011072933,1000.0,4311.262303690003,1000.0,0.30599803769778444,0.0
7914,1701021840000.0,0.0,0.0,399.5,3.3123732350010764,0.0,0.0,3.27385,0.9533662612544772,1.0,4324.515011072933,1000.0,4309.1249786900025,1000.0,0.30599803769778444,0.0
7915,1701025440000.0,0.0,0.0,399.5,3.3123732350010764,0.0,0.0,3.2657,0.9533662612544772,1.0,4324.515011072933,1000.0,4305.869053690003,1000.0,0.30599803769778444,0.0
7916,1701029040000.0,0.0,0.0,399.5,3.3123732350010764,0.0,0.0,3.2893,0.9533662612544772,1.0,4324.515011072933,1000.0,4315.297253690002,1000.0,0.30599803769778444,0.0
7917,1701032640000.0,0.0,0.0,399.5,3.3123732350010764,0.0,0.0,3.3143,0.9533662612544772,1.0,4324.515011072933,1000.0,4325.284753690003,1000.0,0.30599803769778444,0.0
7918,1701036240000.0,0.0,0.0,399.5,3.3123732350010764,0.0,0.0,3.32625,0.9533662612544772,1.0,4324.515011072933,1000.0,4330.058778690002,1000.0,0.30599803769778444,0.0
7919,1701039840000.0,0.0,0.0,399.5,3.3123732350010764,0.0,0.0,3.31235,0.9533662612544772,1.0,4324.515011072933,1000.0,4324.505728690003,1000.0,0.30599803769778444,0.0
7920,1701043440000.0,0.0,0.0,399.5,3.3123732350010764,0.0,0.0,3.3017,0.9533662612544772,1.0,4324.515011072933,1000.0,4320.251053690003,1000.0,0.30599803769778444,0.0
7921,1701047040000.0,0.0,0.0,399.5,3.3123732350010764,0.0,0.0,3.32445,0.9533662612544772,1.0,4324.515011072933,1000.0,4329.339678690003,1000.0,0.30599803769778444,0.0
7922,1701050640000.0,0.0,0.0,399.5,3.3123732350010764,0.0,0.0,3.2935,0.9533662612544772,1.0,4324.515011072933,1000.0,4316.975153690003,1000.0,0.30599803769778444,0.0
7923,1701054240000.0,0.0,0.0,399.5,3.3123732350010764,0.0,0.0,3.2745,0.9533662612544772,1.0,4324.515011072933,1000.0,4309.384653690003,1000.0,0.30599803769778444,0.0
7924,1701057840000.0,0.0,0.0,399.5,3.3123732350010764,0.0,0.0,3.24395,0.9533662612544772,1.0,4324.515011072933,1000.0,4297.179928690003,1000.0,0.30599803769778444,0.0
7925,1701061440000.0,0.0,0.0,399.5,3.3123732350010764,0.0,0.0,3.26235,0.9533662612544772,1.0,4324.515011072933,1000.0,4304.530728690002,1000.0,0.30599803769778444,0.0
7926,1701065040000.0,0.0,0.0,399.5,3.3123732350010764,0.0,0.0,3.24165,0.9533662612544772,1.0,4324.515011072933,1000.0,4296.261078690003,1000.0,0.30599803769778444,0.0
7927,1701068640000.0,0.0,0.0,399.5,3.3123732350010764,0.0,0.0,3.223,0.9533662612544772,1.0,4324.515011072933,1000.0,4288.810403690003,1000.0,0.30599803769778444,0.0
7928,1701072240000.0,0.0004244012853109319,0.0,1352.2,3.1981131839838266,0.0,0.0,3.1835,0.9533662612544772,1.0,4323.914771964933,1000.0,4304.154824582002,1000.0,1.0001327212603075,0.0
7929,1701075840000.0,0.0004244012853109319,0.0,1352.2,3.1981131839838266,0.0,0.0,3.18895,0.9533662612544772,1.0,4323.914771964933,1000.0,4311.524314582002,1000.0,1.0001327212603075,0.0
7930,1701079440000.0,0.0,0.0,1338.7,3.1981131839838266,0.0,0.0,3.1896,0.9533662612544772,1.0,4324.058478601151,1000.0,4312.661879202003,1000.0,0.9901147592213344,0.0
7931,1701083040000.0,0.0,0.0,1338.7,3.1981131839838266,0.0,0.0,3.1684,0.9533662612544772,1.0,4324.058478601151,1000.0,4284.281439202003,1000.0,0.9901147592213344,0.0
7932,1701086640000.0,0.0,0.0,1338.7,3.1981131839838266,0.0,0.0,3.1949,0.9533662612544772,1.0,4324.058478601151,1000.0,4319.756989202003,1000.0,0.9901147592213344,0.0
7933,1701090240000.0,0.0,0.0,1338.7,3.1981131839838266,0.0,0.0,3.17605,0.9533662612544772,1.0,4324.058478601151,1000.0,4294.522494202003,1000.0,0.9901147592213344,0.0
7934,1701093840000.0,0.0,0.0,1338.7,3.1981131839838266,0.0,0.0,3.18,0.9533662612544772,1.0,4324.058478601151,1000.0,4299.8103592020025,1000.0,0.9901147592213344,0.0
7935,1701097440000.0,0.0,0.0,1338.7,3.1981131839838266,0.0,0.0,3.16845,0.9533662612544772,1.0,4324.058478601151,1000.0,4284.348374202003,1000.0,0.9901147592213344,0.0
7936,1701101040000.0,0.0,0.0,1338.7,3.1981131839838266,0.0,0.0,3.11765,0.9533662612544772,1.0,4324.058478601151,1000.0,4216.342414202002,1000.0,0.9901147592213344,0.0
7937,1701104640000.0,0.0,0.0,1338.7,3.1981131839838266,0.0,0.0,3.15425,0.9533662612544772,1.0,4324.058478601151,1000.0,4265.3388342020025,1000.0,0.9901147592213344,0.0
7938,1701108240000.0,0.0,0.0,1338.7,3.1981131839838266,0.0,0.0,3.13615,0.9533662612544772,1.0,4324.058478601151,1000.0,4241.108364202003,1000.0,0.9901147592213344,0.0
7939,1701111840000.0,0.0,0.0,1338.7,3.1981131839838266,0.0,0.0,3.13235,0.9533662612544772,1.0,4324.058478601151,1000.0,4236.021304202003,1000.0,0.9901147592213344,0.0
7940,1701115440000.0,0.0,0.0,1338.7,3.1981131839838266,0.0,0.0,3.1293,0.9533662612544772,1.0,4324.058478601151,1000.0,4231.938269202003,1000.0,0.9901147592213344,0.0
7941,1701119040000.0,0.0,0.0,1338.7,3.1981131839838266,0.0,0.0,3.1234,0.9533662612544772,1.0,4324.058478601151,1000.0,4224.039939202003,1000.0,0.9901147592213344,0.0
7942,1701122640000.0,0.0,0.0,1325.0,3.1981131839838266,0.0,0.0,3.1613,0.9533662612544772,1.0,4323.574240264573,1000.0,4274.796771486003,1000.0,0.9800918715158374,0.0
7943,1701126240000.0,0.0,0.0,1325.0,3.1981131839838266,0.0,0.0,3.16205,0.9533662612544772,1.0,4323.574240264573,1000.0,4275.790521486002,1000.0,0.9800918715158374,0.0
7944,1701129840000.0,0.0,0.0,1325.0,3.1981131839838266,0.0,0.0,3.16745,0.9533662612544772,1.0,4323.574240264573,1000.0,4282.945521486003,1000.0,0.9800918715158374,0.0
7945,1701133440000.0,0.0,0.0,1325.0,3.1981131839838266,0.0,0.0,3.17075,0.9533662612544772,1.0,4323.574240264573,1000.0,4287.318021486002,1000.0,0.9800918715158374,0.0
7946,1701137040000.0,0.0,0.0,1325.0,3.1981131839838266,0.0,0.0,3.14445,0.9533662612544772,1.0,4323.574240264573,1000.0,4252.470521486002,1000.0,0.9800918715158374,0.0
7947,1701140640000.0,0.0,0.0,1325.0,3.1981131839838266,0.0,0.0,3.1249,0.9533662612544772,1.0,4323.574240264573,1000.0,4226.566771486002,1000.0,0.9800918715158374,0.0
7948,1701144240000.0,0.0,0.0,1325.0,3.1981131839838266,0.0,0.0,3.1049,0.9533662612544772,1.0,4323.574240264573,1000.0,4200.066771486003,1000.0,0.9800918715158374,0.0
7949,1701147840000.0,0.0,0.0,1325.0,3.1981131839838266,0.0,0.0,3.0833,0.9533662612544772,1.0,4323.574240264573,1000.0,4171.446771486002,1000.0,0.9800918715158374,0.0
7950,1701151440000.0,0.0,0.0,1325.0,3.1981131839838266,0.0,0.0,3.0958,0.9533662612544772,1.0,4323.574240264573,1000.0,4188.009271486003,1000.0,0.9800918715158374,0.0
7951,1701155040000.0,0.0,0.0,1325.0,3.1981131839838266,0.0,0.0,3.11685,0.9533662612544772,1.0,4323.574240264573,1000.0,4215.900521486003,1000.0,0.9800918715158374,0.0
7952,1701158640000.0,0.0,0.0,1325.0,3.1981131839838266,0.0,0.0,3.12115,0.9533662612544772,1.0,4323.574240264573,1000.0,4221.598021486003,1000.0,0.9800918715158374,0.0
7953,1701162240000.0,0.0,0.0,1325.0,3.1981131839838266,0.0,0.0,3.1418,0.9533662612544772,1.0,4323.574240264573,1000.0,4248.959271486003,1000.0,0.9800918715158374,0.0
7954,1701165840000.0,0.0,0.0,1311.2,3.1981131839838266,0.0,0.0,3.1515,0.9533662612544772,1.0,4322.773269993597,1000.0,4261.654063154004,1000.0,0.9700638328518686,0.0
7955,1701169440000.0,0.0,0.0,1311.2,3.1981131839838266,0.0,0.0,3.178,0.9533662612544772,1.0,4322.773269993597,1000.0,4296.400863154004,1000.0,0.9700638328518686,0.0
7956,1701173040000.0,0.0,0.0,1311.2,3.1981131839838266,0.0,0.0,3.2068,0.9533662612544772,1.0,4322.773269993597,1000.0,4334.163423154003,1000.0,0.9700638328518686,0.0
7957,1701176640000.0,0.0,0.0,1311.2,3.1981131839838266,0.0,0.0,3.1959,0.9533662612544772,1.0,4322.773269993597,1000.0,4319.871343154004,1000.0,0.9700638328518686,0.0
7958,1701180240000.0,0.0,0.0,825.8,3.1981131839838266,0.0,0.0,3.2397,0.9533662612544772,1.0,4337.986092379847,1000.0,4372.328485046003,1000.0,0.6088082836349006,0.0
7959,1701183840000.0,0.0,0.0,151.8,3.1981131839838266,0.0,0.0,3.2461,0.9533662612544772,1.0,4359.109788894748,1000.0,4366.394187566003,1000.0,0.11136989083540305,0.0
7960,1701187440000.0,0.0,0.0,42.5,3.1981131839838266,0.0,0.0,3.24625,0.9533662612544772,1.0,4365.955743681314,1000.0,4368.001558362002,1000.0,0.031131742578019563,0.0
7961,1701191040000.0,0.0,0.0,4.9,3.1981131839838266,0.0,0.0,3.28485,0.9533662612544772,1.0,4368.375189355521,1000.0,4368.8001997540005,1000.0,0.003587318836464847,0.0
7962,1701194640000.0,0.0,0.0,4.0,3.1981131839838266,0.0,0.0,3.29895,0.9533662612544772,1.0,4368.459634821936,1000.0,4368.862982086001,1000.0,0.0029283669314382355,0.0
7963,1701198240000.0,0.0,0.0,1.0,3.1981131839838266,0.0,0.0,3.31755,0.9533662612544772,1.0,4368.741119709985,1000.0,4368.860556526,1000.0,0.0007320445630333277,0.0
7964,1701201840000.0,0.0,0.0,0.1,3.1981131839838266,0.0,0.0,3.34695,0.9533662612544772,1.0,4368.862997688399,1000.0,4368.877881370001,1000.0,7.320241412184301e-05,0.0
7965,1701205440000.0,0.0,0.0,0.0,3.1981131839838266,0.0,0.0,3.3533,0.9533662612544772,1.0,4368.875499894001,1000.0,4368.875499894001,1000.0,0.0,0.0
7966,1701209040000.0,0.0,0.0,0.0,3.1981131839838266,0.0,0.0,3.3108,0.9533662612544772,1.0,4368.875499894001,1000.0,4368.875499894001,1000.0,0.0,0.0
7967,1701212640000.0,0.0,0.0,0.0,3.1981131839838266,0.0,0.0,3.30785,0.9533662612544772,1.0,4368.875499894001,1000.0,4368.875499894001,1000.0,0.0,0.0
7968,1701216240000.0,0.0,0.0,0.0,3.1981131839838266,0.0,0.0,3.3155,0.9533662612544772,1.0,4368.875499894001,1000.0,4368.875499894001,1000.0,0.0,0.0
7969,1701219840000.0,0.0,0.0,48.9,3.2921,0.0,0.0,3.3234,0.9533662612544772,1.0,4369.397642956002,1000.0,4370.9282129560015,1000.0,0.0368434514673951,0.0
7970,1701223440000.0,0.0,0.0,66.3,3.2938959276018105,0.0,0.0,3.28905,0.9533662612544772,1.0,4369.604730898001,1000.0,4369.283445898001,1000.0,0.04997827342500141,0.0
7971,1701227040000.0,0.0,0.0,66.3,3.2938959276018105,0.0,0.0,3.29175,0.9533662612544772,1.0,4369.604730898001,1000.0,4369.462455898001,1000.0,0.04997827342500141,0.0
7972,1701230640000.0,0.0,0.0,66.3,3.2938959276018105,0.0,0.0,3.28815,0.9533662612544772,1.0,4369.604730898001,1000.0,4369.223775898002,1000.0,0.04997827342500141,0.0
7973,1701234240000.0,0.0,0.0,66.3,3.2938959276018105,0.0,0.0,3.2849,0.9533662612544772,1.0,4369.604730898001,1000.0,4369.008300898002,1000.0,0.04997827342500141,0.0
7974,1701237840000.0,0.0,0.0,66.3,3.2938959276018105,0.0,0.0,3.2736,0.9533662612544772,1.0,4369.604730898001,1000.0,4368.259110898001,1000.0,0.04997827342500141,0.0
7975,1701241440000.0,0.0,0.0,66.3,3.2938959276018105,0.0,0.0,3.3043,0.9533662612544772,1.0,4369.604730898001,1000.0,4370.294520898002,1000.0,0.04997827342500141,0.0
7976,1701245040000.0,0.0,0.0,66.3,3.2938959276018105,0.0,0.0,3.29455,0.9533662612544772,1.0,4369.604730898001,1000.0,4369.648095898001,1000.0,0.04997827342500141,0.0
7977,1701248640000.0,0.0,0.0,41.9,3.2938959276018105,0.0,0.0,3.33645,0.9533662612544772,1.0,4370.393794992517,1000.0,4372.176810626001,1000.0,0.031579360085274004,0.0
7978,1701252240000.0,0.0,0.0,66.2,3.301174297002092,0.0,0.0,3.3055,0.9533662612544772,1.0,4372.532153453538,1000.0,4372.818514991999,1000.0,0.04997967557286726,0.0
7979,1701255840000.0,0.0,0.0,66.2,3.301174297002092,0.0,0.0,3.27685,0.9533662612544772,1.0,4372.532153453538,1000.0,4370.921884991999,1000.0,0.04997967557286726,0.0
7980,1701259440000.0,0.0,0.0,66.2,3.301174297002092,0.0,0.0,3.2788,0.9533662612544772,1.0,4372.532153453538,1000.0,4371.050974991999,1000.0,0.04997967557286726,0.0
7981,1701263040000.0,0.0,0.0,66.2,3.301174297002092,0.0,0.0,3.27245,0.9533662612544772,1.0,4372.532153453538,1000.0,4370.6306049919995,1000.0,0.04997967557286726,0.0
7982,1701266640000.0,0.0,0.0,66.2,3.301174297002092,0.0,0.0,3.27505,0.9533662612544772,1.0,4372.532153453538,1000.0,4370.802724992,1000.0,0.04997967557286726,0.0
7983,1701270240000.0,0.0,0.0,66.2,3.301174297002092,0.0,0.0,3.22085,0.9533662612544772,1.0,4372.532153453538,1000.0,4367.214684991999,1000.0,0.04997967557286726,0.0
7984,1701273840000.0,0.0,0.0,167.5,3.231822020665901,0.0,0.0,3.25315,0.9533662612544772,1.0,4372.4675949635375,1000.0,4376.040031501999,1000.0,0.12380427680815155,0.0
7985,1701277440000.0,0.0,0.0,143.6,3.231822020665901,0.0,0.0,3.2328,0.9533662612544772,1.0,4373.225825793622,1000.0,4373.366263625999,1000.0,0.10612066713554717,0.0
7986,1701281040000.0,0.0,0.0,57.1,3.231822020665901,0.0,0.0,3.2536,0.9533662612544772,1.0,4375.970050346021,1000.0,4377.213572965998,1000.0,0.04217054396097411,0.0
7987,1701284640000.0,0.0,0.0,57.1,3.231822020665901,0.0,0.0,3.24465,0.9533662612544772,1.0,4375.970050346021,1000.0,4376.702527965997,1000.0,0.04217054396097411,0.0
7988,1701288240000.0,0.0,0.0,57.1,3.231822020665901,0.0,0.0,3.25655,0.9533662612544772,1.0,4375.970050346021,1000.0,4377.382017965998,1000.0,0.04217054396097411,0.0
7989,1701291840000.0,0.0,0.0,67.3,3.2406483320055344,0.0,0.0,3.2398,0.9533662612544772,1.0,4376.61910077797,1000.0,4376.562008033998,1000.0,0.049831988510310316,0.0
7990,1701295440000.0,0.0,0.0,67.3,3.2406483320055344,0.0,0.0,3.2422,0.9533662612544772,1.0,4376.61910077797,1000.0,4376.723528033997,1000.0,0.049831988510310316,0.0
7991,1701299040000.0,0.0,0.0,67.3,3.2406483320055344,0.0,0.0,3.23345,0.9533662612544772,1.0,4376.61910077797,1000.0,4376.134653033997,1000.0,0.049831988510310316,0.0
7992,1701302640000.0,0.0,0.0,67.3,3.2406483320055344,0.0,0.0,3.24185,0.9533662612544772,1.0,4376.61910077797,1000.0,4376.699973033998,1000.0,0.049831988510310316,0.0
7993,1701306240000.0,0.0,0.0,49.5,3.2406483320055344,0.0,0.0,3.2548,0.9533662612544772,1.0,4377.185088232271,1000.0,4377.885595797997,1000.0,0.03664731767124257,0.0
7994,1701309840000.0,0.0,0.0,67.3,3.2432539737633577,0.0,0.0,3.21995,0.9533662612544772,1.0,4377.173516452271,1000.0,4375.605159017997,1000.0,0.04986573906971458,0.0
7995,1701313440000.0,0.0,0.0,67.3,3.2432539737633577,0.0,0.0,3.258,0.9533662612544772,1.0,4377.173516452271,1000.0,4378.165924017997,1000.0,0.04986573906971458,0.0
7996,1701317040000.0,0.0,0.0,40.1,3.2432539737633577,0.0,0.0,3.29195,0.9533662612544772,1.0,4378.596036973908,1000.0,4380.548747625997,1000.0,0.029702325414287963,0.0
7997,1701320640000.0,0.0,0.0,19.5,3.2432539737633577,0.0,0.0,3.3003,0.9533662612544772,1.0,4379.903818626383,1000.0,4381.016216137998,1000.0,0.014439461483019451,0.0
7998,1701324240000.0,0.0,0.0,9.8,3.2432539737633577,0.0,0.0,3.3207,0.9533662612544772,1.0,4380.434045842878,1000.0,4381.193016899997,1000.0,0.007255876611826737,0.0
7999,1701327840000.0,0.0,0.0,1.4,3.2432539737633577,0.0,0.0,3.3491,0.9533662612544772,1.0,4381.368985681265,1000.0,4381.517170117997,1000.0,0.0010363326115895904,0.0
8000,1701331440000.0,0.0,0.0,0.4,3.2432539737633577,0.0,0.0,3.3345,0.9533662612544772,1.0,4381.4640639075,1000.0,4381.500562317994,1000.0,0.0002960886065897291,0.0
8001,1701335040000.0,0.0,0.0,0.0,3.2432539737633577,0.0,0.0,3.39155,0.9533662612544772,1.0,4381.505264563993,1000.0,4381.505264563993,1000.0,0.0,0.0
8002,1701338640000.0,0.0,0.0,0.0,3.2432539737633577,0.0,0.0,3.402,0.9533662612544772,1.0,4381.505264563993,1000.0,4381.505264563993,1000.0,0.0,0.0
8003,1701342240000.0,0.0,0.0,0.0,3.2432539737633577,0.0,0.0,3.41335,0.9533662612544772,1.0,4381.505264563993,1000.0,4381.505264563993,1000.0,0.0,0.0
8004,1701345840000.0,0.0,0.0,0.0,3.2432539737633577,0.0,0.0,3.4241,0.9533662612544772,1.0,4381.505264563993,1000.0,4381.505264563993,1000.0,0.0,0.0
8005,1701349440000.0,0.0,0.0,0.0,3.2432539737633577,0.0,0.0,3.4342,0.9533662612544772,1.0,4381.505264563993,1000.0,4381.505264563993,1000.0,0.0,0.0
8006,1701353040000.0,0.0,0.0,0.0,3.2432539737633577,0.0,0.0,3.42235,0.9533662612544772,1.0,4381.505264563993,1000.0,4381.505264563993,1000.0,0.0,0.0
8007,1701356640000.0,0.0,0.0,64.7,3.3865171561051004,0.0,0.0,3.38135,0.9533662612544772,1.0,4382.017855485993,1000.0,4381.683540485993,1000.0,0.05000154431723547,0.0
8008,1701360240000.0,0.0,0.0,64.7,3.3879782142763295,0.0,0.0,3.40185,0.9533662612544772,1.0,4382.983723955672,1000.0,4383.881228491993,1000.0,0.05001209319249927,0.0
8009,1701363840000.0,0.0,0.0,14.1,3.3879782142763295,0.0,0.0,3.42965,0.9533662612544772,1.0,4384.665536685291,1000.0,4385.253108863994,1000.0,0.010894900060589265,0.0
8010,1701367440000.0,0.0,0.0,9.0,3.3879782142763295,0.0,0.0,3.4213,0.9533662612544772,1.0,4384.835047454481,1000.0,4385.1349435259945,1000.0,0.006953922690019618,0.0
8011,1701371040000.0,0.0,0.0,5.0,3.3879782142763295,0.0,0.0,3.4446,0.9533662612544772,1.0,4384.967997077376,1000.0,4385.251106005994,1000.0,0.0038631732506764593,0.0
8012,1701374640000.0,0.0,0.0,1.5,3.3879782142763295,0.0,0.0,3.45605,0.9533662612544772,1.0,4385.20015482741,1000.0,4385.302262505996,1000.0,0.0011588906188968486,0.0
8013,1701378240000.0,0.0,0.0,0.9,3.3879782142763295,0.0,0.0,3.45255,0.9533662612544772,1.0,4385.239953298845,1000.0,4385.298067905996,1000.0,0.0006953280607951492,0.0
8014,1701381840000.0,0.0,0.0,0.4,3.3879782142763295,0.0,0.0,3.4784,0.9533662612544772,1.0,4385.27311869171,1000.0,4385.309287405999,1000.0,0.00030903235648748736,0.0
8015,1701385440000.0,0.0,0.0,0.0,3.3879782142763295,0.0,0.0,3.46515,0.9533662612544772,1.0,4385.312848365998,1000.0,4385.312848365998,1000.0,0.0,0.0
8016,1701389040000.0,0.0,0.0,63.7,3.4428,0.0,0.0,3.44635,0.9533662612544772,1.0,4385.2689870939985,1000.0,4385.495122093998,1000.0,0.05000978517975212,0.0
8017,1701392640000.0,0.0,0.0,63.7,3.4428,0.0,0.0,3.426,0.9533662612544772,1.0,4385.2689870939985,1000.0,4384.198827093998,1000.0,0.05000978517975212,0.0
8018,1701396240000.0,0.0,0.0,23.4,3.4428,0.0,0.0,3.49805,0.9533662612544772,1.0,4387.195677159998,1000.0,4388.488527159998,1000.0,0.01836287367335997,0.0
8019,1701399840000.0,0.0,0.0,8.0,3.4428,0.0,0.0,3.5261,0.9533662612544772,1.0,4388.619926307999,1000.0,4389.286326307999,1000.0,0.0062758681459049274,0.0
8020,1701403440000.0,0.0,0.0,0.7,3.4428,0.0,0.0,3.5454,0.9533662612544772,1.0,4389.357161337997,1000.0,4389.428981337997,1000.0,0.0005490462296454768,0.0
8021,1701407040000.0,0.0,0.0,0.0,3.4428,0.0,0.0,3.5424,0.9533662612544772,1.0,4389.427855107996,1000.0,4389.427855107996,1000.0,0.0,0.0
8022,1701410640000.0,0.0,0.0,0.0,3.4428,0.0,0.0,3.5309,0.9533662612544772,1.0,4389.427855107996,1000.0,4389.427855107996,1000.0,0.0,0.0
8023,1701414240000.0,0.0,0.0,0.0,3.4428,0.0,0.0,3.5155,0.9533662612544772,1.0,4389.427855107996,1000.0,4389.427855107996,1000.0,0.0,0.0
8024,1701417840000.0,0.0,0.0,0.0,3.4428,0.0,0.0,3.5354,0.9533662612544772,1.0,4389.427855107996,1000.0,4389.427855107996,1000.0,0.0,0.0
8025,1701421440000.0,0.0,0.0,62.5,3.5105,0.0,0.0,3.49205,0.9533662612544772,1.0,4389.383973857996,1000.0,4388.2308488579965,1000.0,0.04998565887758402,0.0
8026,1701425040000.0,0.0,0.0,25.0,3.5105,0.0,0.0,3.55695,0.9533662612544772,1.0,4390.677381107998,1000.0,4391.8386311079985,1000.0,0.019988373634013828,0.0
8027,1701428640000.0,0.0,0.0,18.0,3.5105,0.0,0.0,3.56995,0.9533662612544772,1.0,4391.038493187999,1000.0,4392.108593187999,1000.0,0.014390445471618555,0.0
8028,1701432240000.0,0.0,0.0,15.0,3.5105,0.0,0.0,3.56805,0.9533662612544772,1.0,4391.244545247999,1000.0,4392.107795247999,1000.0,0.011991475186000175,0.0
8029,1701435840000.0,0.0,0.0,3.2,3.5105,0.0,0.0,3.5533,0.9533662612544772,1.0,4392.037920103999,1000.0,4392.1748801039985,1000.0,0.002557719264804071,0.0
8030,1701439440000.0,0.0,0.0,62.0,3.538667741935484,0.0,0.0,3.5353,0.9533662612544772,1.0,4392.009802847999,1000.0,4391.8010028479985,1000.0,0.04995375917825406,0.0
8031,1701443040000.0,0.0,0.0,62.0,3.538667741935484,0.0,0.0,3.5363,0.9533662612544772,1.0,4392.009802847999,1000.0,4391.863002847998,1000.0,0.04995375917825406,0.0
8032,1701446640000.0,0.0,0.0,62.0,3.538667741935484,0.0,0.0,3.52295,0.9533662612544772,1.0,4392.009802847999,1000.0,4391.0353028479985,1000.0,0.04995375917825406,0.0
8033,1701450240000.0,0.0,0.0,62.0,3.538667741935484,0.0,0.0,3.51805,0.9533662612544772,1.0,4392.009802847999,1000.0,4390.731502847999,1000.0,0.04995375917825406,0.0
8034,1701453840000.0,0.0,0.0,62.0,3.538667741935484,0.0,0.0,3.5221,0.9533662612544772,1.0,4392.009802847999,1000.0,4390.982602847998,1000.0,0.04995375917825406,0.0
8035,1701457440000.0,0.0,0.0,62.0,3.538667741935484,0.0,0.0,3.52265,0.9533662612544772,1.0,4392.009802847999,1000.0,4391.016702847999,1000.0,0.04995375917825406,0.0
8036,1701461040000.0,0.0,0.0,62.0,3.538667741935484,0.0,0.0,3.5612,0.9533662612544772,1.0,4392.009802847999,1000.0,4393.406802847999,1000.0,0.04995375917825406,0.0
8037,1701464640000.0,0.0,0.0,45.6,3.538667741935484,0.0,0.0,3.5931,0.9533662612544772,1.0,4392.579168832257,1000.0,4395.061279799999,1000.0,0.03673542190820788,0.0
8038,1701468240000.0,0.0,0.0,22.1,3.538667741935484,0.0,0.0,3.5987,0.9533662612544772,1.0,4394.205616476774,1000.0,4395.532329379999,1000.0,0.01779720020463625,0.0
8039,1701471840000.0,0.0,0.0,61.8,3.5493522183944046,0.0,0.0,3.5419,0.9533662612544772,1.0,4394.177387394774,1000.0,4393.716840298,1000.0,0.049918323216993,0.0
8040,1701475440000.0,0.0,0.0,61.8,3.5493522183944046,0.0,0.0,3.55255,0.9533662612544772,1.0,4394.177387394774,1000.0,4394.375010298,1000.0,0.049918323216993,0.0
8041,1701479040000.0,0.0,0.0,53.0,3.5493522183944046,0.0,0.0,3.5862,0.9533662612544772,1.0,4394.483898448903,1000.0,4396.4368308739995,1000.0,0.04280722649622214,0.0
8042,1701482640000.0,0.0,0.0,15.0,3.5493522183944046,0.0,0.0,3.6052,0.9533662612544772,1.0,4397.122005949916,1000.0,4397.959722674,1000.0,0.012107984086835569,0.0
8043,1701486240000.0,0.0,0.0,9.6,3.5493522183944046,0.0,0.0,3.59495,0.9533662612544772,1.0,4397.310092278587,1000.0,4397.747830982001,1000.0,0.007748778362576203,0.0
8044,1701489840000.0,0.0,0.0,9.6,3.5493522183944046,0.0,0.0,3.60265,0.9533662612544772,1.0,4397.310092278587,1000.0,4397.821750982001,1000.0,0.007748778362576203,0.0
8045,1701493440000.0,0.0,0.0,5.9,3.5493522183944046,0.0,0.0,3.60315,0.9533662612544772,1.0,4397.521989636527,1000.0,4397.839396548,1000.0,0.004762040562361773,0.0
8046,1701497040000.0,0.0,0.0,60.6,3.580128307630733,0.0,0.0,3.58235,0.9533662612544772,1.0,4397.485457666422,1000.0,4397.620092224,1000.0,0.049336325845987586,0.0
8047,1701500640000.0,0.0,0.0,60.6,3.580128307630733,0.0,0.0,3.577,0.9533662612544772,1.0,4397.485457666422,1000.0,4397.295882224,1000.0,0.049336325845987586,0.0
8048,1701504240000.0,0.0,0.0,60.6,3.580128307630733,0.0,0.0,3.5818,0.9533662612544772,1.0,4397.485457666422,1000.0,4397.586762223999,1000.0,0.049336325845987586,0.0
8049,1701507840000.0,0.0,0.0,60.6,3.580128307630733,0.0,0.0,3.6072,0.9533662612544772,1.0,4397.485457666422,1000.0,4399.126002223999,1000.0,0.049336325845987586,0.0
8050,1701511440000.0,0.0,0.0,52.0,3.580128307630733,0.0,0.0,3.6018,0.9533662612544772,1.0,4397.787734700798,1000.0,4398.914662704,1000.0,0.04233189122063526,0.0
8051,1701515040000.0,0.0,0.0,52.0,3.580128307630733,0.0,0.0,3.5738,0.9533662612544772,1.0,4397.787734700798,1000.0,4397.458662704,1000.0,0.04233189122063526,0.0
8052,1701518640000.0,0.0,0.0,52.0,3.580128307630733,0.0,0.0,3.5403,0.9533662612544772,1.0,4397.787734700798,1000.0,4395.716662704,1000.0,0.04233189122063526,0.0
8053,1701522240000.0,0.0,0.0,52.0,3.580128307630733,0.0,0.0,3.55145,0.9533662612544772,1.0,4397.787734700798,1000.0,4396.296462704,1000.0,0.04233189122063526,0.0
8054,1701525840000.0,0.0,0.0,52.0,3.580128307630733,0.0,0.0,3.5293,0.9533662612544772,1.0,4397.787734700798,1000.0,4395.1446627039995,1000.0,0.04233189122063526,0.0
8055,1701529440000.0,0.0,0.0,52.0,3.580128307630733,0.0,0.0,3.4915,0.9533662612544772,1.0,4397.787734700798,1000.0,4393.179062704,1000.0,0.04233189122063526,0.0
8056,1701533040000.0,0.0,0.0,52.0,3.580128307630733,0.0,0.0,3.51085,0.9533662612544772,1.0,4397.787734700798,1000.0,4394.185262704,1000.0,0.04233189122063526,0.0
8057,1701536640000.0,0.0,0.0,52.0,3.580128307630733,0.0,0.0,3.5,0.9533662612544772,1.0,4397.787734700798,1000.0,4393.621062704,1000.0,0.04233189122063526,0.0
8058,1701540240000.0,0.0,0.0,52.0,3.580128307630733,0.0,0.0,3.5394,0.9533662612544772,1.0,4397.787734700798,1000.0,4395.669862704,1000.0,0.04233189122063526,0.0
8059,1701543840000.0,0.0,0.0,52.0,3.580128307630733,0.0,0.0,3.5469,0.9533662612544772,1.0,4397.787734700798,1000.0,4396.059862704,1000.0,0.04233189122063526,0.0
8060,1701547440000.0,0.0,0.0,52.0,3.580128307630733,0.0,0.0,3.5499,0.9533662612544772,1.0,4397.787734700798,1000.0,4396.215862704,1000.0,0.04233189122063526,0.0
8061,1701551040000.0,0.0,0.0,52.0,3.580128307630733,0.0,0.0,3.58565,0.9533662612544772,1.0,4397.787734700798,1000.0,4398.074862704,1000.0,0.04233189122063526,0.0
8062,1701554640000.0,0.0,0.0,52.0,3.580128307630733,0.0,0.0,3.5694,0.9533662612544772,1.0,4397.787734700798,1000.0,4397.229862704,1000.0,0.04233189122063526,0.0
8063,1701558240000.0,0.0,0.0,52.0,3.580128307630733,0.0,0.0,3.57155,0.9533662612544772,1.0,4397.787734700798,1000.0,4397.341662704,1000.0,0.04233189122063526,0.0
8064,1701561840000.0,0.0,0.0,27.5,3.580128307630733,0.0,0.0,3.63095,0.9533662612544772,1.0,4398.837295071844,1000.0,4400.234891611999,1000.0,0.022381716316296978,0.0
8065,1701565440000.0,0.0,0.0,7.9,3.580128307630733,0.0,0.0,3.65195,0.9533662612544772,1.0,4400.21010871428,1000.0,4400.777500083997,1000.0,0.006427650710194598,0.0
8066,1701569040000.0,0.0,0.0,5.9,3.580128307630733,0.0,0.0,3.60445,0.9533662612544772,1.0,4400.280405699019,1000.0,4400.423903683997,1000.0,0.004800320676760556,0.0
8067,1701572640000.0,0.0,0.0,61.2,3.5940765942646533,0.0,0.0,3.58635,0.9533662612544772,1.0,4400.312946932995,1000.0,4399.8400793639985,1000.0,0.049986782808778746,0.0
8068,1701576240000.0,0.0,0.0,61.2,3.5940765942646533,0.0,0.0,3.61385,0.9533662612544772,1.0,4400.312946932995,1000.0,4401.5230793639985,1000.0,0.049986782808778746,0.0
8069,1701579840000.0,0.0,0.0,61.2,3.5940765942646533,0.0,0.0,3.58985,0.9533662612544772,1.0,4400.312946932995,1000.0,4400.054279363999,1000.0,0.049986782808778746,0.0
8070,1701583440000.0,0.0,0.0,61.2,3.5940765942646533,0.0,0.0,3.5627,0.9533662612544772,1.0,4400.312946932995,1000.0,4398.392699363998,1000.0,0.049986782808778746,0.0
8071,1701587040000.0,0.0,0.0,61.2,3.5940765942646533,0.0,0.0,3.56755,0.9533662612544772,1.0,4400.312946932995,1000.0,4398.689519363998,1000.0,0.049986782808778746,0.0
8072,1701590640000.0,0.0,0.0,61.2,3.5940765942646533,0.0,0.0,3.577,0.9533662612544772,1.0,4400.312946932995,1000.0,4399.2678593639985,1000.0,0.049986782808778746,0.0
8073,1701594240000.0,0.0,0.0,61.2,3.5940765942646533,0.0,0.0,3.57915,0.9533662612544772,1.0,4400.312946932995,1000.0,4399.399439363999,1000.0,0.049986782808778746,0.0
8074,1701597840000.0,0.0,0.0,61.2,3.5940765942646533,0.0,0.0,3.6032,0.9533662612544772,1.0,4400.312946932995,1000.0,4400.871299363998,1000.0,0.049986782808778746,0.0
8075,1701601440000.0,0.0,0.0,15.0,3.5940765942646533,0.0,0.0,3.67215,0.9533662612544772,1.0,4402.0486651539695,1000.0,4403.219766239999,1000.0,0.012246831649255326,0.0
8076,1701605040000.0,0.0,0.0,4.1,3.5940765942646533,0.0,0.0,3.6548,0.9533662612544772,1.0,4403.050163282484,1000.0,4403.299129245999,1000.0,0.0033467059174950593,0.0
8077,1701608640000.0,0.0,0.0,61.0,3.6076487826123396,0.0,0.0,3.57305,0.9533662612544772,1.0,4403.026386395352,1000.0,4400.9158606559995,1000.0,0.04998075333350789,0.0
8078,1701612240000.0,0.0,0.0,61.0,3.6081471824684437,0.0,0.0,3.6108,0.9533662612544772,1.0,4403.807151186573,1000.0,4403.968973055998,1000.0,0.04997879574978018,0.0
8079,1701615840000.0,0.0,0.0,61.0,3.6081471824684437,0.0,0.0,3.63455,0.9533662612544772,1.0,4403.807151186573,1000.0,4405.417723055998,1000.0,0.04997879574978018,0.0
8080,1701619440000.0,0.0,0.0,7.2,3.6081471824684437,0.0,0.0,3.7549,0.9533662612544772,1.0,4407.127717093769,1000.0,4408.184337379997,1000.0,0.005894691822297388,0.0
8081,1701623040000.0,0.0,0.0,0.7,3.6081471824684437,0.0,0.0,3.7538,0.9533662612544772,1.0,4408.107582865726,1000.0,4408.209539837998,1000.0,0.0005729676466031126,0.0
8082,1701626640000.0,0.0,0.0,0.0,3.6081471824684437,0.0,0.0,3.79835,0.9533662612544772,1.0,4408.223881331998,1000.0,4408.223881331998,1000.0,0.0,0.0
8083,1701630240000.0,0.0,0.0,0.0,3.6081471824684437,0.0,0.0,3.8183,0.9533662612544772,1.0,4408.223881331998,1000.0,4408.223881331998,1000.0,0.0,0.0
8084,1701633840000.0,0.0,0.0,0.0,3.6081471824684437,0.0,0.0,3.79285,0.9533662612544772,1.0,4408.223881331998,1000.0,4408.223881331998,1000.0,0.0,0.0
8085,1701637440000.0,0.0,0.0,0.0,3.6081471824684437,0.0,0.0,3.85075,0.9533662612544772,1.0,4408.223881331998,1000.0,4408.223881331998,1000.0,0.0,0.0
8086,1701641040000.0,0.0,0.0,0.0,3.6081471824684437,0.0,0.0,3.89625,0.9533662612544772,1.0,4408.223881331998,1000.0,4408.223881331998,1000.0,0.0,0.0
8087,1701644640000.0,0.0,0.0,0.0,3.6081471824684437,0.0,0.0,3.91785,0.9533662612544772,1.0,4408.223881331998,1000.0,4408.223881331998,1000.0,0.0,0.0
8088,1701648240000.0,0.0,0.0,0.0,3.6081471824684437,0.0,0.0,3.8642,0.9533662612544772,1.0,4408.223881331998,1000.0,4408.223881331998,1000.0,0.0,0.0
8089,1701651840000.0,0.0,0.0,0.0,3.6081471824684437,0.0,0.0,4.0009,0.9533662612544772,1.0,4408.223881331998,1000.0,4408.223881331998,1000.0,0.0,0.0
8090,1701655440000.0,0.0,0.0,0.0,3.6081471824684437,0.0,0.0,3.8806,0.9533662612544772,1.0,4408.223881331998,1000.0,4408.223881331998,1000.0,0.0,0.0
8091,1701659040000.0,0.0,0.0,57.1,3.8586,0.0,0.0,3.8447,0.9533662612544772,1.0,4408.179816119999,1000.0,4407.386126119998,1000.0,0.049981187063718076,0.0
8092,1701662640000.0,0.0,0.0,57.1,3.8586,0.0,0.0,3.82955,0.9533662612544772,1.0,4408.179816119999,1000.0,4406.521061119998,1000.0,0.049981187063718076,0.0
8093,1701666240000.0,0.0,0.0,57.1,3.8586,0.0,0.0,3.8326,0.9533662612544772,1.0,4408.179816119999,1000.0,4406.695216119999,1000.0,0.049981187063718076,0.0
8094,1701669840000.0,0.0,0.0,57.1,3.8586,0.0,0.0,3.84075,0.9533662612544772,1.0,4408.179816119999,1000.0,4407.160581119999,1000.0,0.049981187063718076,0.0
8095,1701673440000.0,0.0,0.0,24.4,3.8586,0.0,0.0,3.92155,0.9533662612544772,1.0,4410.0799357279975,1000.0,4411.615915727997,1000.0,0.02134878309965557,0.0
8096,1701677040000.0,0.0,0.0,57.2,3.8564769230769222,0.0,0.0,3.87465,0.9533662612544772,1.0,4410.353612799998,1000.0,4411.393112799998,1000.0,0.05001650646782353,0.0
8097,1701680640000.0,0.0,0.0,49.1,3.8564769230769222,0.0,0.0,3.8677,0.9533662612544772,1.0,4410.660149661075,1000.0,4411.211202737998,1000.0,0.04293076557658318,0.0
8098,1701684240000.0,0.0,0.0,57.2,3.8574445266272184,0.0,0.0,3.85355,0.9533662612544772,1.0,4411.135836999074,1000.0,4410.913070075997,1000.0,0.05002018416036441,0.0
8099,1701687840000.0,0.0,0.0,57.2,3.8574445266272184,0.0,0.0,3.80915,0.9533662612544772,1.0,4411.135836999074,1000.0,4408.373390075997,1000.0,0.05002018416036441,0.0
8100,1701691440000.0,0.0,0.0,40.2,3.7621765744509306,0.0,0.0,3.8216,0.9533662612544772,1.0,4438.042955918924,1000.0,4440.431777625997,1000.0,0.034077970807205114,0.0
8101,1701695040000.0,0.0,0.0,49.6,3.830195915880476,0.0,0.0,3.845,0.9533662612544772,1.0,4441.701283439669,1000.0,4442.435566011997,1000.0,0.04277138540045003,0.0
8102,1701698640000.0,0.0,0.0,49.6,3.830195915880476,0.0,0.0,3.71685,0.9533662612544772,1.0,4441.701283439669,1000.0,4436.079326011997,1000.0,0.04277138540045003,0.0
8103,1701702240000.0,0.0,0.0,125.5,3.7506697006188974,0.0,0.0,3.67975,0.9533662612544772,1.0,4441.645137173669,1000.0,4432.744714745998,1000.0,0.10597628421238435,0.0
8104,1701705840000.0,0.0,0.0,125.5,3.7506697006188974,0.0,0.0,3.67785,0.9533662612544772,1.0,4441.645137173669,1000.0,4432.506264745998,1000.0,0.10597628421238435,0.0
8105,1701709440000.0,0.0,0.0,125.5,3.7506697006188974,0.0,0.0,3.68595,0.9533662612544772,1.0,4441.645137173669,1000.0,4433.5228147459975,1000.0,0.10597628421238435,0.0
8106,1701713040000.0,0.0,0.0,125.5,3.7506697006188974,0.0,0.0,3.6689,0.9533662612544772,1.0,4441.645137173669,1000.0,4431.383039745998,1000.0,0.10597628421238435,0.0
8107,1701716640000.0,0.0,0.0,125.5,3.7506697006188974,0.0,0.0,3.6803,0.9533662612544772,1.0,4441.645137173669,1000.0,4432.813739745998,1000.0,0.10597628421238435,0.0
8108,1701720240000.0,0.0,0.0,125.5,3.7506697006188974,0.0,0.0,3.6767,0.9533662612544772,1.0,4441.645137173669,1000.0,4432.361939745998,1000.0,0.10597628421238435,0.0
8109,1701723840000.0,0.0,0.0,125.5,3.7506697006188974,0.0,0.0,3.6608,0.9533662612544772,1.0,4441.645137173669,1000.0,4430.366489745998,1000.0,0.10597628421238435,0.0
8110,1701727440000.0,0.0,0.0,125.5,3.7506697006188974,0.0,0.0,3.70465,0.9533662612544772,1.0,4441.645137173669,1000.0,4435.869664745997,1000.0,0.10597628421238435,0.0
8111,1701731040000.0,0.0,0.0,125.5,3.7506697006188974,0.0,0.0,3.7227,0.9533662612544772,1.0,4441.645137173669,1000.0,4438.134939745998,1000.0,0.10597628421238435,0.0
8112,1701734640000.0,0.0,0.0,125.5,3.7506697006188974,0.0,0.0,3.7137,0.9533662612544772,1.0,4441.645137173669,1000.0,4437.005439745998,1000.0,0.10597628421238435,0.0
8113,1701738240000.0,0.0,0.0,125.5,3.7506697006188974,0.0,0.0,3.75395,0.9533662612544772,1.0,4441.645137173669,1000.0,4442.056814745998,1000.0,0.10597628421238435,0.0
8114,1701741840000.0,0.0,0.0,125.5,3.7506697006188974,0.0,0.0,3.64935,0.9533662612544772,1.0,4441.645137173669,1000.0,4428.929514745998,1000.0,0.10597628421238435,0.0
8115,1701745440000.0,0.0,0.0,317.6,3.664799488122391,0.0,0.0,3.6521,0.9533662612544772,1.0,4441.506490919669,1000.0,4437.473133491998,1000.0,0.26205980331386686,0.0
8116,1701749040000.0,0.0,0.0,317.6,3.664799488122391,0.0,0.0,3.61555,0.9533662612544772,1.0,4441.506490919669,1000.0,4425.864853491998,1000.0,0.26205980331386686,0.0
8117,1701752640000.0,0.0,0.0,317.6,3.664799488122391,0.0,0.0,3.6083,0.9533662612544772,1.0,4441.506490919669,1000.0,4423.562253491998,1000.0,0.26205980331386686,0.0
8118,1701756240000.0,0.0,0.0,317.6,3.664799488122391,0.0,0.0,3.64465,0.9533662612544772,1.0,4441.506490919669,1000.0,4435.107013491997,1000.0,0.26205980331386686,0.0
8119,1701759840000.0,0.0,0.0,317.6,3.664799488122391,0.0,0.0,3.586,0.9533662612544772,1.0,4441.506490919669,1000.0,4416.479773491998,1000.0,0.26205980331386686,0.0
8120,1701763440000.0,0.0,0.0,317.6,3.664799488122391,0.0,0.0,3.56685,0.9533662612544772,1.0,4441.506490919669,1000.0,4410.397733491997,1000.0,0.26205980331386686,0.0
8121,1701767040000.0,0.0,0.0,317.6,3.664799488122391,0.0,0.0,3.5254,0.9533662612544772,1.0,4441.506490919669,1000.0,4397.233213491998,1000.0,0.26205980331386686,0.0
8122,1701770640000.0,0.0,0.0,317.6,3.664799488122391,0.0,0.0,3.5447,0.9533662612544772,1.0,4441.506490919669,1000.0,4403.362893491998,1000.0,0.26205980331386686,0.0
8123,1701774240000.0,0.0,0.0,317.6,3.664799488122391,0.0,0.0,3.54835,0.9533662612544772,1.0,4441.506490919669,1000.0,4404.522133491998,1000.0,0.26205980331386686,0.0
8124,1701777840000.0,0.0,0.0,317.6,3.664799488122391,0.0,0.0,3.54455,0.9533662612544772,1.0,4441.506490919669,1000.0,4403.315253491997,1000.0,0.26205980331386686,0.0
8125,1701781440000.0,0.0,0.0,317.6,3.664799488122391,0.0,0.0,3.5453,0.9533662612544772,1.0,4441.506490919669,1000.0,4403.553453491998,1000.0,0.26205980331386686,0.0
8126,1701785040000.0,0.0005915555813973738,0.0,1255.6,3.5374272996397513,0.0,0.0,3.5208,0.9533662612544772,1.0,4440.850960239669,1000.0,4419.973722811997,1000.0,1.0001672555991301,0.0
8127,1701788640000.0,0.0,0.0,1243.0,3.5374272996397513,0.0,0.0,3.5639,0.9533662612544772,1.0,4440.8480007562075,1000.0,4473.7535673039965,1000.0,0.9901311940204813,0.0
8128,1701792240000.0,0.0,0.0,913.3,3.5374272996397513,0.0,0.0,3.55095,0.9533662612544772,1.0,4452.274789632982,1000.0,4464.625071871997,1000.0,0.7256363332028988,0.0
8129,1701795840000.0,0.0,0.0,333.0,3.5374272996397513,0.0,0.0,3.6097,0.9533662612544772,1.0,4480.768811768034,1000.0,4504.835620987997,1000.0,0.2628931195214317,0.0
8130,1701799440000.0,0.0,0.0,23.1,3.5374272996397513,0.0,0.0,3.65215,0.9533662612544772,1.0,4502.985163847673,1000.0,4505.635258225995,1000.0,0.018146755462959484,0.0
8131,1701803040000.0,0.0,0.0,0.7,3.5374272996397513,0.0,0.0,3.6749,0.9533662612544772,1.0,4506.081682063742,1000.0,4506.177912953995,1000.0,0.000549523795719067,0.0
8132,1701806640000.0,0.0,0.0,62.6,3.600693145684599,0.0,0.0,3.61195,0.9533662612544772,1.0,4506.07490629585,1000.0,4506.779585375994,1000.0,0.050022113614872264,0.0
8133,1701810240000.0,0.0,0.0,62.6,3.600693145684599,0.0,0.0,3.61735,0.9533662612544772,1.0,4506.07490629585,1000.0,4507.117625375994,1000.0,0.050022113614872264,0.0
8134,1701813840000.0,0.0,0.0,62.6,3.600693145684599,0.0,0.0,3.6117,0.9533662612544772,1.0,4506.07490629585,1000.0,4506.763935375994,1000.0,0.050022113614872264,0.0
8135,1701817440000.0,0.0,0.0,62.6,3.600693145684599,0.0,0.0,3.6178,0.9533662612544772,1.0,4506.07490629585,1000.0,4507.145795375995,1000.0,0.050022113614872264,0.0
8136,1701821040000.0,0.0,0.0,14.0,3.600693145684599,0.0,0.0,3.728,0.9533662612544772,1.0,4509.456867149578,1000.0,4511.239163109994,1000.0,0.011178664199409074,0.0
8137,1701824640000.0,0.0,0.0,0.6,3.600693145684599,0.0,0.0,3.78585,0.9533662612544772,1.0,4511.384811543405,1000.0,4511.495905655994,1000.0,0.0004788808708764643,0.0
8138,1701828240000.0,0.0,0.0,0.0,3.600693145684599,0.0,0.0,3.73125,0.9533662612544772,1.0,4511.479794485995,1000.0,4511.479794485995,1000.0,0.0,0.0
8139,1701831840000.0,0.0,0.0,0.0,3.600693145684599,0.0,0.0,3.7192,0.9533662612544772,1.0,4511.479794485995,1000.0,4511.479794485995,1000.0,0.0,0.0
8140,1701835440000.0,0.0,0.0,27.8,3.6761,0.0,0.0,3.75475,0.9533662612544772,1.0,4512.843591799995,1000.0,4515.030061799995,1000.0,0.0226454956661235,0.0
8141,1701839040000.0,0.0,0.0,3.6,3.6761,0.0,0.0,3.8076,0.9533662612544772,1.0,4515.496465235996,1000.0,4515.969865235996,1000.0,0.0029307873678754716,0.0
8142,1701842640000.0,0.0,0.0,0.3,3.6761,0.0,0.0,3.79845,0.9533662612544772,1.0,4515.927722255992,1000.0,4515.964427255993,1000.0,0.00024420895723483067,0.0
8143,1701846240000.0,0.0,0.0,0.0,3.6761,0.0,0.0,3.8118,0.9533662612544772,1.0,4515.967253737991,1000.0,4515.967253737991,1000.0,0.0,0.0
8144,1701849840000.0,0.0,0.0,0.0,3.6761,0.0,0.0,3.8677,0.9533662612544772,1.0,4515.967253737991,1000.0,4515.967253737991,1000.0,0.0,0.0
8145,1701853440000.0,0.0,0.0,0.0,3.6761,0.0,0.0,3.8855,0.9533662612544772,1.0,4515.967253737991,1000.0,4515.967253737991,1000.0,0.0,0.0
8146,1701857040000.0,0.0,0.0,0.0,3.6761,0.0,0.0,3.89585,0.9533662612544772,1.0,4515.967253737991,1000.0,4515.967253737991,1000.0,0.0,0.0
8147,1701860640000.0,0.0,0.0,0.0,3.6761,0.0,0.0,3.87625,0.9533662612544772,1.0,4515.967253737991,1000.0,4515.967253737991,1000.0,0.0,0.0
8148,1701864240000.0,0.0,0.0,23.7,3.803157575757576,0.0,0.0,3.89985,0.9533662612544772,1.0,4521.743294725444,1000.0,4524.034905179989,1000.0,0.019933646974297656,0.0
8149,1701867840000.0,0.0,0.0,5.5,3.803157575757576,0.0,0.0,3.88585,0.9533662612544772,1.0,4522.775014198658,1000.0,4523.229822531991,1000.0,0.004624896573674203,0.0
8150,1701871440000.0,0.0,0.0,43.5,3.823460672717018,0.0,0.0,3.83795,0.9533662612544772,1.0,4523.454675925183,1000.0,4524.0849616619935,1000.0,0.036768477011250855,0.0
8151,1701875040000.0,0.0,0.0,59.1,3.8240253682434906,0.0,0.0,3.80695,0.9533662612544772,1.0,4523.442740053183,1000.0,4522.433585789993,1000.0,0.04996192330723151,0.0
8152,1701878640000.0,0.0,0.0,59.1,3.8240253682434906,0.0,0.0,3.85045,0.9533662612544772,1.0,4523.442740053183,1000.0,4525.004435789992,1000.0,0.04996192330723151,0.0
8153,1701882240000.0,0.0,0.0,59.1,3.8240253682434906,0.0,0.0,3.80565,0.9533662612544772,1.0,4523.442740053183,1000.0,4522.356755789993,1000.0,0.04996192330723151,0.0
8154,1701885840000.0,0.0,0.0,59.1,3.8240253682434906,0.0,0.0,3.78835,0.9533662612544772,1.0,4523.442740053183,1000.0,4521.334325789992,1000.0,0.04996192330723151,0.0
8155,1701889440000.0,0.0,0.0,59.1,3.8240253682434906,0.0,0.0,3.8309,0.9533662612544772,1.0,4523.442740053183,1000.0,4523.849030789993,1000.0,0.04996192330723151,0.0
8156,1701893040000.0,0.0,0.0,59.1,3.8240253682434906,0.0,0.0,3.83145,0.9533662612544772,1.0,4523.442740053183,1000.0,4523.881535789993,1000.0,0.04996192330723151,0.0
8157,1701896640000.0,0.0,0.0,59.1,3.8240253682434906,0.0,0.0,3.75995,0.9533662612544772,1.0,4523.442740053183,1000.0,4519.655885789993,1000.0,0.04996192330723151,0.0
8158,1701900240000.0,0.0,0.0,149.5,3.7437082224962563,0.0,0.0,3.6771,0.9533662612544772,1.0,4523.376003157183,1000.0,4513.418073893992,1000.0,0.12373156219437587,0.0
8159,1701903840000.0,0.0,0.0,149.5,3.7437082224962563,0.0,0.0,3.6452,0.9533662612544772,1.0,4523.376003157183,1000.0,4508.649023893992,1000.0,0.12373156219437587,0.0
8160,1701907440000.0,0.0,0.0,149.5,3.7437082224962563,0.0,0.0,3.64705,0.9533662612544772,1.0,4523.376003157183,1000.0,4508.925598893992,1000.0,0.12373156219437587,0.0
8161,1701911040000.0,0.0,0.0,149.5,3.7437082224962563,0.0,0.0,3.65675,0.9533662612544772,1.0,4523.376003157183,1000.0,4510.375748893993,1000.0,0.12373156219437587,0.0
8162,1701914640000.0,0.0,0.0,149.5,3.7437082224962563,0.0,0.0,3.67205,0.9533662612544772,1.0,4523.376003157183,1000.0,4512.663098893992,1000.0,0.12373156219437587,0.0
8163,1701918240000.0,0.0,0.0,149.5,3.7437082224962563,0.0,0.0,3.64455,0.9533662612544772,1.0,4523.376003157183,1000.0,4508.551848893992,1000.0,0.12373156219437587,0.0
8164,1701921840000.0,0.0,0.0,149.5,3.7437082224962563,0.0,0.0,3.67365,0.9533662612544772,1.0,4523.376003157183,1000.0,4512.902298893992,1000.0,0.12373156219437587,0.0
8165,1701925440000.0,0.0,0.0,149.5,3.7437082224962563,0.0,0.0,3.7,0.9533662612544772,1.0,4523.376003157183,1000.0,4516.841623893993,1000.0,0.12373156219437587,0.0
8166,1701929040000.0,0.0,0.0,149.5,3.7437082224962563,0.0,0.0,3.715,0.9533662612544772,1.0,4523.376003157183,1000.0,4519.084123893993,1000.0,0.12373156219437587,0.0
8167,1701932640000.0,0.0,0.0,149.5,3.7437082224962563,0.0,0.0,3.7191,0.9533662612544772,1.0,4523.376003157183,1000.0,4519.697073893993,1000.0,0.12373156219437587,0.0
8168,1701936240000.0,0.0,0.0,149.5,3.7437082224962563,0.0,0.0,3.72385,0.9533662612544772,1.0,4523.376003157183,1000.0,4520.407198893992,1000.0,0.12373156219437587,0.0
8169,1701939840000.0,0.0,0.0,149.5,3.7437082224962563,0.0,0.0,3.62505,0.9533662612544772,1.0,4523.376003157183,1000.0,4505.636598893992,1000.0,0.12373156219437587,0.0
8170,1701943440000.0,0.0,0.0,378.3,3.6557637305397575,0.0,0.0,3.5876,0.9533662612544772,1.0,4523.211344949183,1000.0,4497.425005685993,1000.0,0.3057507849611055,0.0
8171,1701947040000.0,0.0,0.0,378.3,3.6557637305397575,0.0,0.0,3.57555,0.9533662612544772,1.0,4523.211344949183,1000.0,4492.866490685992,1000.0,0.3057507849611055,0.0
8172,1701950640000.0,0.0,0.0,378.3,3.6557637305397575,0.0,0.0,3.57505,0.9533662612544772,1.0,4523.211344949183,1000.0,4492.677340685992,1000.0,0.3057507849611055,0.0
8173,1701954240000.0,0.0,0.0,378.3,3.6557637305397575,0.0,0.0,3.63855,0.9533662612544772,1.0,4523.211344949183,1000.0,4516.6993906859925,1000.0,0.3057507849611055,0.0
8174,1701957840000.0,0.0,0.0,378.3,3.6557637305397575,0.0,0.0,3.6137,0.9533662612544772,1.0,4523.211344949183,1000.0,4507.298635685993,1000.0,0.3057507849611055,0.0
8175,1701961440000.0,0.0,0.0,378.3,3.6557637305397575,0.0,0.0,3.603,0.9533662612544772,1.0,4523.211344949183,1000.0,4503.250825685993,1000.0,0.3057507849611055,0.0
8176,1701965040000.0,0.0,0.0,378.3,3.6557637305397575,0.0,0.0,3.68355,0.9533662612544772,1.0,4523.211344949183,1000.0,4533.722890685993,1000.0,0.3057507849611055,0.0
8177,1701968640000.0,0.0,0.0,35.3,3.6557637305397575,0.0,0.0,3.65735,0.9533662612544772,1.0,4543.595392190045,1000.0,4543.651387501991,1000.0,0.028402278052723173,0.0
8178,1701972240000.0,0.0,0.0,62.3,3.652962434800216,0.0,0.0,3.62755,0.9533662612544772,1.0,4543.575685970044,1000.0,4541.992491281991,1000.0,0.05008820704600317,0.0
8179,1701975840000.0,0.0,0.0,62.3,3.652962434800216,0.0,0.0,3.61935,0.9533662612544772,1.0,4543.575685970044,1000.0,4541.48163128199,1000.0,0.05008820704600317,0.0
8180,1701979440000.0,0.0,0.0,62.3,3.652962434800216,0.0,0.0,3.589,0.9533662612544772,1.0,4543.575685970044,1000.0,4539.59082628199,1000.0,0.05008820704600317,0.0
8181,1701983040000.0,0.0,0.0,62.3,3.652962434800216,0.0,0.0,3.59,0.9533662612544772,1.0,4543.575685970044,1000.0,4539.653126281991,1000.0,0.05008820704600317,0.0
8182,1701986640000.0,0.0,0.0,62.3,3.652962434800216,0.0,0.0,3.6456,0.9533662612544772,1.0,4543.575685970044,1000.0,4543.117006281991,1000.0,0.05008820704600317,0.0
8183,1701990240000.0,0.0,0.0,62.3,3.652962434800216,0.0,0.0,3.6334,0.9533662612544772,1.0,4543.575685970044,1000.0,4542.3569462819905,1000.0,0.05008820704600317,0.0
8184,1701993840000.0,0.0,0.0,62.3,3.652962434800216,0.0,0.0,3.64465,0.9533662612544772,1.0,4543.575685970044,1000.0,4543.057821281991,1000.0,0.05008820704600317,0.0
8185,1701997440000.0,0.0,0.0,62.3,3.652962434800216,0.0,0.0,3.63795,0.9533662612544772,1.0,4543.575685970044,1000.0,4542.640411281991,1000.0,0.05008820704600317,0.0
8186,1702001040000.0,0.0,0.0,62.3,3.652962434800216,0.0,0.0,3.60785,0.9533662612544772,1.0,4543.575685970044,1000.0,4540.76518128199,1000.0,0.05008820704600317,0.0
8187,1702004640000.0,0.0,0.0,62.3,3.652962434800216,0.0,0.0,3.6401,0.9533662612544772,1.0,4543.575685970044,1000.0,4542.774356281991,1000.0,0.05008820704600317,0.0
8188,1702008240000.0,0.0,0.0,53.4,3.652962434800216,0.0,0.0,3.6934,0.9533662612544772,1.0,4543.894302990322,1000.0,4546.05366897199,1000.0,0.04292973846023614,0.0
8189,1702011840000.0,0.0,0.0,22.9,3.652962434800216,0.0,0.0,3.68555,0.9533662612544772,1.0,4545.5715556829155,1000.0,4546.317810925991,1000.0,0.018403151008005006,0.0
8190,1702015440000.0,0.0,0.0,14.5,3.652962434800216,0.0,0.0,3.67125,0.9533662612544772,1.0,4545.872272870595,1000.0,4546.137442565992,1000.0,0.011651879358932207,0.0
8191,1702019040000.0,0.0,0.0,5.2,3.652962434800216,0.0,0.0,3.71235,0.9533662612544772,1.0,4546.205209756955,1000.0,4546.514025095994,1000.0,0.004178298995433301,0.0
8192,1702022640000.0,0.0,0.0,39.1,3.6644379007019436,0.0,0.0,3.69635,0.9533662612544772,1.0,4547.159329253441,1000.0,4548.407092335995,1000.0,0.031509677040714085,0.0
8193,1702026240000.0,0.0,0.0,33.6,3.666252797799763,0.0,0.0,3.68575,0.9533662612544772,1.0,4548.358650580068,1000.0,4549.013756573996,1000.0,0.027083636861038148,0.0
8194,1702029840000.0,0.0,0.0,8.4,3.666252797799763,0.0,0.0,3.75545,0.9533662612544772,1.0,4549.847810573515,1000.0,4550.597067071997,1000.0,0.006768693104404313,0.0
8195,1702033440000.0,0.0,0.0,5.9,3.666252797799763,0.0,0.0,3.75445,0.9533662612544772,1.0,4550.027059229016,1000.0,4550.5474227219975,1000.0,0.004754013816938458,0.0
8196,1702037040000.0,0.0,0.0,4.8,3.666252797799763,0.0,0.0,3.7801,0.9533662612544772,1.0,4550.145300761436,1000.0,4550.691767331998,1000.0,0.003867571751278789,0.0
8197,1702040640000.0,0.0,0.0,3.6,3.666252797799763,0.0,0.0,3.75855,0.9533662612544772,1.0,4550.317242932077,1000.0,4550.649512859997,1000.0,0.002900569205933971,0.0
8198,1702044240000.0,0.0,0.0,33.1,3.7223855985610332,0.0,0.0,3.7784,0.9533662612544772,1.0,4551.298144002368,1000.0,4553.152220689997,1000.0,0.027071608893549582,0.0
8199,1702047840000.0,0.0,0.0,5.4,3.7223855985610332,0.0,0.0,3.7743,0.9533662612544772,1.0,4552.310924184229,1000.0,4552.5912619519995,1000.0,0.004415533685417509,0.0
8200,1702051440000.0,0.0,0.0,60.9,3.7378100544045467,0.0,0.0,3.7702,0.9533662612544772,1.0,4552.294490423237,1000.0,4554.267038110001,1000.0,0.050003933794729824,0.0
8201,1702055040000.0,0.0,0.0,27.5,3.7378100544045467,0.0,0.0,3.8221,0.9533662612544772,1.0,4553.718806120125,1000.0,4556.036779624,1000.0,0.02257271054110263,0.0
8202,1702058640000.0,0.0,0.0,2.6,3.7378100544045467,0.0,0.0,3.9279,0.9533662612544772,1.0,4556.732994789451,1000.0,4557.227228647999,1000.0,0.002132735482321335,0.0
8203,1702062240000.0,0.0,0.0,0.0,3.7378100544045467,0.0,0.0,3.99245,0.9533662612544772,1.0,4557.34996118,1000.0,4557.34996118,1000.0,0.0,0.0
8204,1702065840000.0,0.0,0.0,0.0,3.7378100544045467,0.0,0.0,3.94585,0.9533662612544772,1.0,4557.34996118,1000.0,4557.34996118,1000.0,0.0,0.0
8205,1702069440000.0,0.0,0.0,0.0,3.7378100544045467,0.0,0.0,3.9418,0.9533662612544772,1.0,4557.34996118,1000.0,4557.34996118,1000.0,0.0,0.0
8206,1702073040000.0,0.0,0.0,0.0,3.7378100544045467,0.0,0.0,3.94355,0.9533662612544772,1.0,4557.34996118,1000.0,4557.34996118,1000.0,0.0,0.0
8207,1702076640000.0,0.0,0.0,0.0,3.7378100544045467,0.0,0.0,3.9072,0.9533662612544772,1.0,4557.34996118,1000.0,4557.34996118,1000.0,0.0,0.0
8208,1702080240000.0,0.0,0.0,58.6,3.8858,0.0,0.0,3.8695,0.9533662612544772,1.0,4557.304419604,1000.0,4556.349239604,1000.0,0.049965474990100914,0.0
8209,1702083840000.0,0.0,0.0,58.6,3.8858,0.0,0.0,3.8746,0.9533662612544772,1.0,4557.304419604,1000.0,4556.648099604,1000.0,0.049965474990100914,0.0
8210,1702087440000.0,0.0,0.0,43.2,3.8858,0.0,0.0,3.92,0.9533662612544772,1.0,4557.891391528,1000.0,4559.368831528,1000.0,0.0368298727591497,0.0
8211,1702091040000.0,0.0,0.0,58.6,3.886056825938567,0.0,0.0,3.87215,0.9533662612544772,1.0,4558.107181444,1000.0,4557.292241444,1000.0,0.049959977011303586,0.0
8212,1702094640000.0,0.0,0.0,58.6,3.886056825938567,0.0,0.0,3.9111,0.9533662612544772,1.0,4558.107181444,1000.0,4559.574711444,1000.0,0.049959977011303586,0.0
8213,1702098240000.0,0.0,0.0,37.1,3.886056825938567,0.0,0.0,3.92435,0.9533662612544772,1.0,4558.927582186321,1000.0,4560.348258944,1000.0,0.03162425935556977,0.0
8214,1702101840000.0,0.0,0.0,58.5,3.8917865187713314,0.0,0.0,3.87645,0.9533662612544772,1.0,4559.277216260124,1000.0,4558.380029912001,1000.0,0.04993543944556967,0.0
8215,1702105440000.0,0.0,0.0,58.5,3.8917865187713314,0.0,0.0,3.9118,0.9533662612544772,1.0,4559.277216260124,1000.0,4560.448004912001,1000.0,0.04993543944556967,0.0
8216,1702109040000.0,0.0,0.0,37.0,3.8917865187713314,0.0,0.0,3.93785,0.9533662612544772,1.0,4560.096954096541,1000.0,4561.801302902001,1000.0,0.031577420972416184,0.0
8217,1702112640000.0,0.0,0.0,50.4,3.8166018400707538,0.0,0.0,3.8416,0.9533662612544772,1.0,4564.020628983566,1000.0,4565.280536244,1000.0,0.04214633288859716,0.0
8218,1702116240000.0,0.0,0.0,59.0,3.836299420749021,0.0,0.0,3.83465,0.9533662612544772,1.0,4564.715448960192,1000.0,4564.618133135999,1000.0,0.04958505483090982,0.0
8219,1702119840000.0,0.0,0.0,59.0,3.836299420749021,0.0,0.0,3.8306,0.9533662612544772,1.0,4564.715448960192,1000.0,4564.3791831359995,1000.0,0.04958505483090982,0.0
8220,1702123440000.0,0.0,0.0,59.0,3.836299420749021,0.0,0.0,3.8045,0.9533662612544772,1.0,4564.715448960192,1000.0,4562.839283136,1000.0,0.04958505483090982,0.0
8221,1702127040000.0,0.0,0.0,59.0,3.836299420749021,0.0,0.0,3.82805,0.9533662612544772,1.0,4564.715448960192,1000.0,4564.228733135999,1000.0,0.04958505483090982,0.0
8222,1702130640000.0,0.0,0.0,59.0,3.836299420749021,0.0,0.0,3.82585,0.9533662612544772,1.0,4564.715448960192,1000.0,4564.098933136,1000.0,0.04958505483090982,0.0
8223,1702134240000.0,0.0,0.0,149.3,3.7557374134239265,0.0,0.0,3.735,0.9533662612544772,1.0,4564.648570974192,1000.0,4561.55247515,1000.0,0.12284222697663674,0.0
8224,1702137840000.0,0.0,0.0,149.3,3.7557374134239265,0.0,0.0,3.7744,0.9533662612544772,1.0,4564.648570974192,1000.0,4567.43489515,1000.0,0.12284222697663674,0.0
8225,1702141440000.0,0.0,0.0,149.3,3.7557374134239265,0.0,0.0,3.7466,0.9533662612544772,1.0,4564.648570974192,1000.0,4563.28435515,1000.0,0.12284222697663674,0.0
8226,1702145040000.0,0.0,0.0,149.3,3.7557374134239265,0.0,0.0,3.7165,0.9533662612544772,1.0,4564.648570974192,1000.0,4558.7904251499995,1000.0,0.12284222697663674,0.0
8227,1702148640000.0,0.0,0.0,149.3,3.7557374134239265,0.0,0.0,3.76345,0.9533662612544772,1.0,4564.648570974192,1000.0,4565.80006015,1000.0,0.12284222697663674,0.0
8228,1702152240000.0,0.0,0.0,94.2,3.7557374134239265,0.0,0.0,3.7751,0.9533662612544772,1.0,4566.676467328532,1000.0,4568.500422983999,1000.0,0.07747219818957272,0.0
8229,1702155840000.0,0.0,0.0,94.2,3.7557374134239265,0.0,0.0,3.7441,0.9533662612544772,1.0,4566.676467328532,1000.0,4565.580222983998,1000.0,0.07747219818957272,0.0
8230,1702159440000.0,0.0,0.0,94.2,3.7557374134239265,0.0,0.0,3.77565,0.9533662612544772,1.0,4566.676467328532,1000.0,4568.552232983999,1000.0,0.07747219818957272,0.0
8231,1702163040000.0,0.0,0.0,94.2,3.7557374134239265,0.0,0.0,3.76105,0.9533662612544772,1.0,4566.676467328532,1000.0,4567.176912983999,1000.0,0.07747219818957272,0.0
8232,1702166640000.0,0.0,0.0,175.2,3.6733320652035815,0.0,0.0,3.7387,0.9533662612544772,1.0,4568.848918763667,1000.0,4580.301380939999,1000.0,0.14085993852425685,0.0
8233,1702170240000.0,0.0,0.0,67.7,3.6733320652035815,0.0,0.0,3.77875,0.9533662612544772,1.0,4577.185081750283,1000.0,4584.321875936001,1000.0,0.05433133604446409,0.0
8234,1702173840000.0,0.0,0.0,9.3,3.6733320652035815,0.0,0.0,3.80385,0.9533662612544772,1.0,4583.4754377183945,1000.0,4584.689254512001,1000.0,0.007453293613240957,0.0
8235,1702177440000.0,0.0,0.0,3.0,3.6733320652035815,0.0,0.0,3.82275,0.9533662612544772,1.0,4584.380145405612,1000.0,4584.828399210001,1000.0,0.002403813786397011,0.0
8236,1702181040000.0,0.0,0.0,2.3,3.6733320652035815,0.0,0.0,3.82495,0.9533662612544772,1.0,4584.48066848197,1000.0,4584.829389732002,1000.0,0.0018428834934461158,0.0
8237,1702184640000.0,0.0,0.0,1.4,3.6733320652035815,0.0,0.0,3.8276,0.9533662612544772,1.0,4584.609912437287,1000.0,4584.8258875460015,1000.0,0.0011217235467152432,0.0
8238,1702188240000.0,0.0,0.0,0.4,3.6733320652035815,0.0,0.0,3.8212,0.9533662612544772,1.0,4584.753516832083,1000.0,4584.812664006002,1000.0,0.0003204824034022868,0.0
8239,1702191840000.0,0.0,0.0,60.3,3.799668318732356,0.0,0.0,3.77325,0.9533662612544772,1.0,4584.722273671563,1000.0,4583.129249052002,1000.0,0.04997467369731774,0.0
8240,1702195440000.0,0.0,0.0,60.3,3.799668318732356,0.0,0.0,3.76725,0.9533662612544772,1.0,4584.722273671563,1000.0,4582.767449052002,1000.0,0.04997467369731774,0.0
8241,1702199040000.0,0.0,0.0,60.3,3.799668318732356,0.0,0.0,3.75515,0.9533662612544772,1.0,4584.722273671563,1000.0,4582.037819052002,1000.0,0.04997467369731774,0.0
8242,1702202640000.0,0.0,0.0,60.3,3.799668318732356,0.0,0.0,3.7244,0.9533662612544772,1.0,4584.722273671563,1000.0,4580.183594052002,1000.0,0.04997467369731774,0.0
8243,1702206240000.0,0.0,0.0,60.3,3.799668318732356,0.0,0.0,3.71775,0.9533662612544772,1.0,4584.722273671563,1000.0,4579.782599052002,1000.0,0.04997467369731774,0.0
8244,1702209840000.0,0.0,0.0,60.3,3.799668318732356,0.0,0.0,3.7257,0.9533662612544772,1.0,4584.722273671563,1000.0,4580.261984052002,1000.0,0.04997467369731774,0.0
8245,1702213440000.0,0.0,0.0,60.3,3.799668318732356,0.0,0.0,3.75215,0.9533662612544772,1.0,4584.722273671563,1000.0,4581.856919052002,1000.0,0.04997467369731774,0.0
8246,1702217040000.0,0.0,0.0,60.3,3.799668318732356,0.0,0.0,3.78615,0.9533662612544772,1.0,4584.722273671563,1000.0,4583.907119052002,1000.0,0.04997467369731774,0.0
8247,1702220640000.0,0.0,0.0,32.7,3.799668318732356,0.0,0.0,3.83965,0.9533662612544772,1.0,4585.75076397055,1000.0,4587.058164948002,1000.0,0.02709461556409741,0.0
8248,1702224240000.0,0.0,0.0,7.2,3.799668318732356,0.0,0.0,3.82405,0.9533662612544772,1.0,4586.700999572874,1000.0,4586.876547678001,1000.0,0.005964550969731966,0.0
8249,1702227840000.0,0.0,0.0,60.7,3.782156703375172,0.0,0.0,3.75985,0.9533662612544772,1.0,4586.660555712874,1000.0,4585.306538818001,1000.0,0.05005317247837873,0.0
8250,1702231440000.0,0.0,0.0,60.7,3.782156703375172,0.0,0.0,3.75845,0.9533662612544772,1.0,4586.660555712874,1000.0,4585.2215588180015,1000.0,0.05005317247837873,0.0
8251,1702235040000.0,0.0,0.0,60.7,3.782156703375172,0.0,0.0,3.79345,0.9533662612544772,1.0,4586.660555712874,1000.0,4587.346058818001,1000.0,0.05005317247837873,0.0
8252,1702238640000.0,0.0,0.0,60.7,3.782156703375172,0.0,0.0,3.797,0.9533662612544772,1.0,4586.660555712874,1000.0,4587.561543818001,1000.0,0.05005317247837873,0.0
8253,1702242240000.0,0.0,0.0,44.7,3.782156703375172,0.0,0.0,3.83165,0.9533662612544772,1.0,4587.253824458871,1000.0,4589.4661748180015,1000.0,0.036854817960899164,0.0
8254,1702245840000.0,0.0,0.0,60.5,3.786277929016816,0.0,0.0,3.79045,0.9533662612544772,1.0,4587.837517967518,1000.0,4588.089928262,1000.0,0.04992980109003485,0.0
8255,1702249440000.0,0.0,0.0,44.5,3.786277929016816,0.0,0.0,3.8155,0.9533662612544772,1.0,4588.432033663249,1000.0,4589.732415822001,1000.0,0.036720467167241026,0.0
8256,1702253040000.0,0.0,0.0,60.5,3.7882143444834435,0.0,0.0,3.7987,0.9533662612544772,1.0,4588.419894143249,1000.0,4589.054276302,1000.0,0.04994899619666177,0.0
8257,1702256640000.0,0.0,0.0,60.5,3.7882143444834435,0.0,0.0,3.734,0.9533662612544772,1.0,4588.419894143249,1000.0,4585.139926302,1000.0,0.04994899619666177,0.0
8258,1702260240000.0,0.0,0.0,60.5,3.7882143444834435,0.0,0.0,3.7228,0.9533662612544772,1.0,4588.419894143249,1000.0,4584.462326302,1000.0,0.04994899619666177,0.0
8259,1702263840000.0,0.0,0.0,53.4,3.496547834050639,0.0,0.0,3.5511,0.9533662612544772,1.0,4652.963671312303,1000.0,4655.876756973998,1000.0,0.04012832842205355,0.0
8260,1702267440000.0,0.0,0.0,55.4,3.5942897562154266,0.0,0.0,3.63865,0.9533662612544772,1.0,4658.3392385413335,1000.0,4660.796796046999,1000.0,0.042745631500355534,0.0
8261,1702271040000.0,0.0,0.0,64.0,3.6125751331937774,0.0,0.0,3.6323,0.9533662612544772,1.0,4659.1909104794,1000.0,4660.453301954999,1000.0,0.04962338160567288,0.0
8262,1702274640000.0,0.0,0.0,64.0,3.6125751331937774,0.0,0.0,3.63155,0.9533662612544772,1.0,4659.1909104794,1000.0,4660.405301954998,1000.0,0.04962338160567288,0.0
8263,1702278240000.0,0.0,0.0,64.0,3.6125751331937774,0.0,0.0,3.6239,0.9533662612544772,1.0,4659.1909104794,1000.0,4659.915701954998,1000.0,0.04962338160567288,0.0
8264,1702281840000.0,0.0,0.0,64.0,3.6125751331937774,0.0,0.0,3.60295,0.9533662612544772,1.0,4659.1909104794,1000.0,4658.5749019549985,1000.0,0.04962338160567288,0.0
8265,1702285440000.0,0.0,0.0,64.0,3.6125751331937774,0.0,0.0,3.60205,0.9533662612544772,1.0,4659.1909104794,1000.0,4658.517301954998,1000.0,0.04962338160567288,0.0
8266,1702289040000.0,0.0,0.0,54.9,3.6125751331937774,0.0,0.0,3.64385,0.9533662612544772,1.0,4659.513006133337,1000.0,4661.229996320998,1000.0,0.04256461448895523,0.0
8267,1702292640000.0,0.0,0.0,13.2,3.6125751331937774,0.0,0.0,3.69205,0.9533662612544772,1.0,4661.190152679155,1000.0,4662.2392209209975,1000.0,0.010230432614028617,0.0
8268,1702296240000.0,0.0,0.0,0.4,3.6125751331937774,0.0,0.0,3.81395,0.9533662612544772,1.0,4662.655767750276,1000.0,4662.736317696998,1000.0,0.00030991566293017074,0.0
8269,1702299840000.0,0.0,0.0,0.0,3.6125751331937774,0.0,0.0,3.82945,0.9533662612544772,1.0,4662.743980986998,1000.0,4662.743980986998,1000.0,0.0,0.0
8270,1702303440000.0,0.0,0.0,0.0,3.6125751331937774,0.0,0.0,3.805,0.9533662612544772,1.0,4662.743980986998,1000.0,4662.743980986998,1000.0,0.0,0.0
8271,1702307040000.0,0.0,0.0,0.0,3.6125751331937774,0.0,0.0,3.8731,0.9533662612544772,1.0,4662.743980986998,1000.0,4662.743980986998,1000.0,0.0,0.0
8272,1702310640000.0,0.0,0.0,0.0,3.6125751331937774,0.0,0.0,3.8613,0.9533662612544772,1.0,4662.743980986998,1000.0,4662.743980986998,1000.0,0.0,0.0
8273,1702314240000.0,0.0,0.0,0.0,3.6125751331937774,0.0,0.0,3.89405,0.9533662612544772,1.0,4662.743980986998,1000.0,4662.743980986998,1000.0,0.0,0.0
8274,1702317840000.0,0.0,0.0,0.0,3.6125751331937774,0.0,0.0,3.885,0.9533662612544772,1.0,4662.743980986998,1000.0,4662.743980986998,1000.0,0.0,0.0
8275,1702321440000.0,0.0,0.0,24.5,3.8043,0.0,0.0,3.8366,0.9533662612544772,1.0,4664.071140204997,1000.0,4664.862490204998,1000.0,0.01998368961325564,0.0
8276,1702325040000.0,0.0,0.0,61.3,3.8061407830342575,0.0,0.0,3.8197,0.9533662612544772,1.0,4664.171115298997,1000.0,4665.0022952989975,1000.0,0.0500231282756107,0.0
8277,1702328640000.0,0.0,0.0,45.1,3.8061407830342575,0.0,0.0,3.8334,0.9533662612544772,1.0,4664.775219405843,1000.0,4666.004610090998,1000.0,0.03679854681973489,0.0
8278,1702332240000.0,0.0,0.0,3.2,3.8061407830342575,0.0,0.0,3.9484,0.9533662612544772,1.0,4667.497604170709,1000.0,4667.952833664999,1000.0,0.002609460472957999,0.0
8279,1702335840000.0,0.0,0.0,0.2,3.8061407830342575,0.0,0.0,3.90875,0.9533662612544772,1.0,4667.880691047604,1000.0,4667.901212890997,1000.0,0.0001630778948713898,0.0
8280,1702339440000.0,0.0,0.0,0.0,3.8061407830342575,0.0,0.0,3.9627,0.9533662612544772,1.0,4667.9030061509975,1000.0,4667.9030061509975,1000.0,0.0,0.0
8281,1702343040000.0,0.0,0.0,0.0,3.8061407830342575,0.0,0.0,4.05165,0.9533662612544772,1.0,4667.9030061509975,1000.0,4667.9030061509975,1000.0,0.0,0.0
8282,1702346640000.0,0.0,0.0,0.0,3.8061407830342575,0.0,0.0,4.11755,0.9533662612544772,1.0,4667.9030061509975,1000.0,4667.9030061509975,1000.0,0.0,0.0
8283,1702350240000.0,0.0,0.0,0.0,3.8061407830342575,0.0,0.0,4.1161,0.9533662612544772,1.0,4667.9030061509975,1000.0,4667.9030061509975,1000.0,0.0,0.0
8284,1702353840000.0,0.0,0.0,0.0,3.8061407830342575,0.0,0.0,4.15555,0.9533662612544772,1.0,4667.9030061509975,1000.0,4667.9030061509975,1000.0,0.0,0.0
8285,1702357440000.0,0.0,0.0,58.3,4.0028,0.0,0.0,3.96605,0.9533662612544772,1.0,4667.856333502998,1000.0,4665.713808502997,1000.0,0.04999366375632908,0.0
8286,1702361040000.0,0.0,0.0,58.3,4.0028,0.0,0.0,3.9847,0.9533662612544772,1.0,4667.856333502998,1000.0,4666.801103502998,1000.0,0.04999366375632908,0.0
8287,1702364640000.0,0.0,0.0,58.3,4.0028,0.0,0.0,3.9527,0.9533662612544772,1.0,4667.856333502998,1000.0,4664.935503502998,1000.0,0.04999366375632908,0.0
8288,1702368240000.0,0.0,0.0,58.3,4.0028,0.0,0.0,3.95555,0.9533662612544772,1.0,4667.856333502998,1000.0,4665.101658502997,1000.0,0.04999366375632908,0.0
8289,1702371840000.0,0.0,0.0,58.3,4.0028,0.0,0.0,4.00965,0.9533662612544772,1.0,4667.856333502998,1000.0,4668.255688502997,1000.0,0.04999366375632908,0.0
8290,1702375440000.0,0.0,0.0,58.3,4.0028,0.0,0.0,3.9811,0.9533662612544772,1.0,4667.856333502998,1000.0,4666.591223502997,1000.0,0.04999366375632908,0.0
8291,1702379040000.0,0.0,0.0,50.0,4.0028,0.0,0.0,4.05085,0.9533662612544772,1.0,4668.182452288998,1000.0,4670.5849522889985,1000.0,0.04287321715582545,0.0
8292,1702382640000.0,0.0,0.0,58.5,3.995127521367521,0.0,0.0,3.9582,0.9533662612544772,1.0,4669.611446374998,1000.0,4667.4511863749985,1000.0,0.050050194257903836,0.0
8293,1702386240000.0,0.0,0.0,22.8,3.9956287191175397,0.0,0.0,4.0749,0.9533662612544772,1.0,4672.857842438877,1000.0,4674.665227642997,1000.0,0.01949563583306708,0.0
8294,1702389840000.0,0.0,0.0,1.0,3.9956287191175397,0.0,0.0,4.0964,0.9533662612544772,1.0,4675.166030206114,1000.0,4675.266801486996,1000.0,0.0008546495874802942,0.0
8295,1702393440000.0,0.0,0.0,58.2,4.019426217305941,0.0,0.0,4.0355,0.9533662612544772,1.0,4675.123879714201,1000.0,4676.059373866996,1000.0,0.050037306361496114,0.0
8296,1702397040000.0,0.0,0.0,58.2,4.019785948026255,0.0,0.0,4.0078,0.9533662612544772,1.0,4675.955021612123,1000.0,4675.257439436995,1000.0,0.05003288977199547,0.0
8297,1702400640000.0,0.0,0.0,58.2,4.019785948026255,0.0,0.0,4.03655,0.9533662612544772,1.0,4675.955021612123,1000.0,4676.930689436996,1000.0,0.05003288977199547,0.0
8298,1702404240000.0,0.0,0.0,58.2,4.019785948026255,0.0,0.0,4.018,0.9533662612544772,1.0,4675.955021612123,1000.0,4675.851079436995,1000.0,0.05003288977199547,0.0
8299,1702407840000.0,0.0,0.0,4.0,4.019785948026255,0.0,0.0,4.2088,0.9533662612544772,1.0,4680.955519733102,1000.0,4681.711575940997,1000.0,0.003435013155822899,0.0
8300,1702411440000.0,0.0,0.0,0.0,4.019785948026255,0.0,0.0,4.2186,0.9533662612544772,1.0,4681.748840772997,1000.0,4681.748840772997,1000.0,0.0,0.0
8301,1702415040000.0,0.0,0.0,0.0,4.019785948026255,0.0,0.0,4.1603,0.9533662612544772,1.0,4681.748840772997,1000.0,4681.748840772997,1000.0,0.0,0.0
8302,1702418640000.0,0.0,0.0,0.0,4.019785948026255,0.0,0.0,4.12905,0.9533662612544772,1.0,4681.748840772997,1000.0,4681.748840772997,1000.0,0.0,0.0
8303,1702422240000.0,0.0,0.0,0.0,4.019785948026255,0.0,0.0,4.156,0.9533662612544772,1.0,4681.748840772997,1000.0,4681.748840772997,1000.0,0.0,0.0
8304,1702425840000.0,0.0,0.0,0.0,4.019785948026255,0.0,0.0,4.15605,0.9533662612544772,1.0,4681.748840772997,1000.0,4681.748840772997,1000.0,0.0,0.0
8305,1702429440000.0,0.0,0.0,0.0,4.019785948026255,0.0,0.0,4.21565,0.9533662612544772,1.0,4681.748840772997,1000.0,4681.748840772997,1000.0,0.0,0.0
8306,1702433040000.0,0.0,0.0,0.0,4.019785948026255,0.0,0.0,4.21205,0.9533662612544772,1.0,4681.748840772997,1000.0,4681.748840772997,1000.0,0.0,0.0
8307,1702436640000.0,0.0,0.0,56.3,4.1605,0.0,0.0,4.0945,0.9533662612544772,1.0,4681.701993542997,1000.0,4677.986193542997,1000.0,0.050032263976446695,0.0
8308,1702440240000.0,0.0,0.0,142.5,4.073090175438597,0.0,0.0,3.9686,0.9533662612544772,1.0,4681.632757702997,1000.0,4666.7429077029965,1000.0,0.12397712081217917,0.0
8309,1702443840000.0,0.0,0.0,142.5,4.073090175438597,0.0,0.0,3.9858,0.9533662612544772,1.0,4681.632757702997,1000.0,4669.1939077029965,1000.0,0.12397712081217917,0.0
8310,1702447440000.0,0.0,0.0,142.5,4.073090175438597,0.0,0.0,3.99175,0.9533662612544772,1.0,4681.632757702997,1000.0,4670.041782702997,1000.0,0.12397712081217917,0.0
8311,1702451040000.0,0.0,0.0,360.6,3.977412756516916,0.0,0.0,3.9271,0.9533662612544772,1.0,4681.461989764997,1000.0,4663.319209764997,1000.0,0.30636904521187786,0.0
8312,1702454640000.0,0.0,0.0,360.6,3.977412756516916,0.0,0.0,3.98175,0.9533662612544772,1.0,4681.461989764997,1000.0,4683.025999764997,1000.0,0.30636904521187786,0.0
8313,1702458240000.0,0.0,0.0,309.1,3.977412756516916,0.0,0.0,3.97175,0.9533662612544772,1.0,4683.469655644376,1000.0,4681.719297604997,1000.0,0.2625016010422361,0.0
8314,1702461840000.0,0.0,0.0,309.1,3.977412756516916,0.0,0.0,3.9521,0.9533662612544772,1.0,4683.469655644376,1000.0,4675.645482604998,1000.0,0.2625016010422361,0.0
8315,1702465440000.0,0.0,0.0,309.1,3.977412756516916,0.0,0.0,3.9509,0.9533662612544772,1.0,4683.469655644376,1000.0,4675.274562604997,1000.0,0.2625016010422361,0.0
8316,1702469040000.0,0.0,0.0,309.1,3.977412756516916,0.0,0.0,3.9472,0.9533662612544772,1.0,4683.469655644376,1000.0,4674.130892604997,1000.0,0.2625016010422361,0.0
8317,1702472640000.0,0.0,0.0,33.0,3.977412756516916,0.0,0.0,4.1474,0.9533662612544772,1.0,4705.048380294056,1000.0,4710.657959328998,1000.0,0.027896550759134824,0.0
8318,1702476240000.0,0.0,0.0,0.0,3.977412756516916,0.0,0.0,4.20585,0.9533662612544772,1.0,4711.722528056998,1000.0,4711.722528056998,1000.0,0.0,0.0
8319,1702479840000.0,0.0,0.0,0.0,3.977412756516916,0.0,0.0,4.17805,0.9533662612544772,1.0,4711.722528056998,1000.0,4711.722528056998,1000.0,0.0,0.0
8320,1702483440000.0,0.0,0.0,0.0,3.977412756516916,0.0,0.0,4.13165,0.9533662612544772,1.0,4711.722528056998,1000.0,4711.722528056998,1000.0,0.0,0.0
8321,1702487040000.0,0.0,0.0,57.7,4.0858,0.0,0.0,4.05085,0.9533662612544772,1.0,4711.675377924998,1000.0,4709.658762924998,1000.0,0.05003542075596549,0.0
8322,1702490640000.0,0.0,0.0,36.5,4.0858,0.0,0.0,4.10935,0.9533662612544772,1.0,4712.524960716999,1000.0,4713.384535716999,1000.0,0.03164581646636201,0.0
8323,1702494240000.0,0.0,0.0,31.2,4.0884906249999995,0.0,0.0,4.14235,0.9533662612544772,1.0,4714.221492162998,1000.0,4715.901904662998,1000.0,0.02705874293604138,0.0
8324,1702497840000.0,0.0,0.0,3.9,4.0884906249999995,0.0,0.0,4.171,0.9533662612544772,1.0,4715.830378634498,1000.0,4716.152165196998,1000.0,0.0033811889226849205,0.0
8325,1702501440000.0,0.0,0.0,1.3,4.0884906249999995,0.0,0.0,4.1422,0.9533662612544772,1.0,4716.066239387498,1000.0,4716.136061574998,1000.0,0.0011270066073521252,0.0
8326,1702505040000.0,0.0,0.0,22.9,4.113421253272252,0.0,0.0,4.17745,0.9533662612544772,1.0,4717.408127826931,1000.0,4718.874386126997,1000.0,0.019968029932429538,0.0
8327,1702508640000.0,0.0,0.0,9.9,4.113421253272252,0.0,0.0,4.17325,0.9533662612544772,1.0,4718.314473194392,1000.0,4718.906777786997,1000.0,0.008630808870148306,0.0
8328,1702512240000.0,0.0,0.0,57.1,4.12935745021708,0.0,0.0,4.1477,0.9533662612544772,1.0,4718.275460506392,1000.0,4719.322820098997,1000.0,0.04997298533775927,0.0
8329,1702515840000.0,0.0,0.0,0.7,4.12935745021708,0.0,0.0,4.333,0.9533662612544772,1.0,4723.44100852815,1000.0,4723.583558312997,1000.0,0.0006119585721369404,0.0
8330,1702519440000.0,0.0,0.0,0.0,4.12935745021708,0.0,0.0,4.30015,0.9533662612544772,1.0,4723.590240234999,1000.0,4723.590240234999,1000.0,0.0,0.0
8331,1702523040000.0,0.0,0.0,0.0,4.12935745021708,0.0,0.0,4.38795,0.9533662612544772,1.0,4723.590240234999,1000.0,4723.590240234999,1000.0,0.0,0.0
8332,1702526640000.0,0.0,0.0,0.0,4.12935745021708,0.0,0.0,4.4113,0.9533662612544772,1.0,4723.590240234999,1000.0,4723.590240234999,1000.0,0.0,0.0
8333,1702530240000.0,0.0,0.0,0.0,4.12935745021708,0.0,0.0,4.3994,0.9533662612544772,1.0,4723.590240234999,1000.0,4723.590240234999,1000.0,0.0,0.0
8334,1702533840000.0,0.0,0.0,0.0,4.12935745021708,0.0,0.0,4.49155,0.9533662612544772,1.0,4723.590240234999,1000.0,4723.590240234999,1000.0,0.0,0.0
8335,1702537440000.0,0.0,0.0,0.0,4.12935745021708,0.0,0.0,4.45955,0.9533662612544772,1.0,4723.590240234999,1000.0,4723.590240234999,1000.0,0.0,0.0
8336,1702541040000.0,0.0,0.0,0.0,4.12935745021708,0.0,0.0,4.52815,0.9533662612544772,1.0,4723.590240234999,1000.0,4723.590240234999,1000.0,0.0,0.0
8337,1702544640000.0,0.0,0.0,0.0,4.12935745021708,0.0,0.0,4.5567,0.9533662612544772,1.0,4723.590240234999,1000.0,4723.590240234999,1000.0,0.0,0.0
8338,1702548240000.0,0.0,0.0,0.0,4.12935745021708,0.0,0.0,4.80095,0.9533662612544772,1.0,4723.590240234999,1000.0,4723.590240234999,1000.0,0.0,0.0
8339,1702551840000.0,0.0,0.0,0.0,4.12935745021708,0.0,0.0,4.84085,0.9533662612544772,1.0,4723.590240234999,1000.0,4723.590240234999,1000.0,0.0,0.0
8340,1702555440000.0,0.0,0.0,0.0,4.12935745021708,0.0,0.0,4.76515,0.9533662612544772,1.0,4723.590240234999,1000.0,4723.590240234999,1000.0,0.0,0.0
8341,1702559040000.0,0.0,0.0,0.0,4.12935745021708,0.0,0.0,4.7811,0.9533662612544772,1.0,4723.590240234999,1000.0,4723.590240234999,1000.0,0.0,0.0
8342,1702562640000.0,0.0,0.0,3.4,4.6133,0.0,0.0,4.81735,0.9533662612544772,1.0,4730.032129986999,1000.0,4730.725899986999,1000.0,0.003316091639327429,0.0
8343,1702566240000.0,0.0,0.0,0.0,4.6133,0.0,0.0,4.7552,0.9533662612544772,1.0,4730.726273459001,1000.0,4730.726273459001,1000.0,0.0,0.0
8344,1702569840000.0,0.0,0.0,0.0,4.6133,0.0,0.0,4.7342,0.9533662612544772,1.0,4730.726273459001,1000.0,4730.726273459001,1000.0,0.0,0.0
8345,1702573440000.0,0.0,0.0,43.4,4.6744,0.0,0.0,4.73705,0.9533662612544772,1.0,4731.009130003001,1000.0,4733.728140003001,1000.0,0.04288069509598924,0.0
8346,1702577040000.0,0.0,0.0,45.4,4.677458217821783,0.0,0.0,4.6087,0.9533662612544772,1.0,4731.87241360411,1000.0,4728.750790515001,1000.0,0.044877922422122955,0.0
8347,1702580640000.0,0.0,0.0,45.4,4.677458217821783,0.0,0.0,4.61115,0.9533662612544772,1.0,4731.87241360411,1000.0,4728.862020515001,1000.0,0.044877922422122955,0.0
8348,1702584240000.0,0.0,0.0,45.4,4.677458217821783,0.0,0.0,4.5692,0.9533662612544772,1.0,4731.87241360411,1000.0,4726.957490515001,1000.0,0.044877922422122955,0.0
8349,1702587840000.0,0.0,0.0,45.4,4.677458217821783,0.0,0.0,4.60995,0.9533662612544772,1.0,4731.87241360411,1000.0,4728.807540515001,1000.0,0.044877922422122955,0.0
8350,1702591440000.0,0.0,0.0,45.4,4.677458217821783,0.0,0.0,4.59395,0.9533662612544772,1.0,4731.87241360411,1000.0,4728.081140515001,1000.0,0.044877922422122955,0.0
8351,1702595040000.0,0.0,0.0,45.4,4.677458217821783,0.0,0.0,4.60965,0.9533662612544772,1.0,4731.87241360411,1000.0,4728.793920515001,1000.0,0.044877922422122955,0.0
8352,1702598640000.0,0.0,0.0,45.4,4.677458217821783,0.0,0.0,4.6249,0.9533662612544772,1.0,4731.87241360411,1000.0,4729.486270515001,1000.0,0.044877922422122955,0.0
8353,1702602240000.0,0.0,0.0,39.0,4.677458217821783,0.0,0.0,4.7177,0.9533662612544772,1.0,4732.166153906051,1000.0,4733.735583411001,1000.0,0.038549126248340775,0.0
8354,1702605840000.0,0.0,0.0,21.2,4.677458217821783,0.0,0.0,4.6957,0.9533662612544772,1.0,4732.983119120823,1000.0,4733.369844903002,1000.0,0.0209512926038582,0.0
8355,1702609440000.0,0.0,0.0,50.8,4.660715801079899,0.0,0.0,4.5999,0.9533662612544772,1.0,4733.55520970986,1000.0,4730.465767015001,1000.0,0.05001829538381389,0.0
8356,1702613040000.0,0.0,0.0,50.8,4.660715801079899,0.0,0.0,4.56565,0.9533662612544772,1.0,4733.55520970986,1000.0,4728.725867015001,1000.0,0.05001829538381389,0.0
8357,1702616640000.0,0.0,0.0,50.8,4.660715801079899,0.0,0.0,4.56535,0.9533662612544772,1.0,4733.55520970986,1000.0,4728.710627015001,1000.0,0.05001829538381389,0.0
8358,1702620240000.0,0.0,0.0,128.5,4.562810293345206,0.0,0.0,4.5225,0.9533662612544772,1.0,4733.485298357859,1000.0,4728.305425663,1000.0,0.12386668294887604,0.0
8359,1702623840000.0,0.0,0.0,128.5,4.562810293345206,0.0,0.0,4.5645,0.9533662612544772,1.0,4733.485298357859,1000.0,4733.702425663,1000.0,0.12386668294887604,0.0
8360,1702627440000.0,0.0,0.0,128.5,4.562810293345206,0.0,0.0,4.5538,0.9533662612544772,1.0,4733.485298357859,1000.0,4732.327475663001,1000.0,0.12386668294887604,0.0
8361,1702631040000.0,0.0,0.0,128.5,4.562810293345206,0.0,0.0,4.59095,0.9533662612544772,1.0,4733.485298357859,1000.0,4737.101250663,1000.0,0.12386668294887604,0.0
8362,1702634640000.0,0.0,0.0,81.0,4.562810293345206,0.0,0.0,4.5276,0.9533662612544772,1.0,4735.611778673961,1000.0,4732.759744913,1000.0,0.0780443269073149,0.0
8363,1702638240000.0,0.0,0.0,81.0,4.562810293345206,0.0,0.0,4.5593,0.9533662612544772,1.0,4735.611778673961,1000.0,4735.327444912999,1000.0,0.0780443269073149,0.0
8364,1702641840000.0,0.0,0.0,81.0,4.562810293345206,0.0,0.0,4.54545,0.9533662612544772,1.0,4735.611778673961,1000.0,4734.205594913,1000.0,0.0780443269073149,0.0
8365,1702645440000.0,0.0,0.0,81.0,4.562810293345206,0.0,0.0,4.47175,0.9533662612544772,1.0,4735.611778673961,1000.0,4728.235894912999,1000.0,0.0780443269073149,0.0
8366,1702649040000.0,0.0,0.0,81.0,4.562810293345206,0.0,0.0,4.51165,0.9533662612544772,1.0,4735.611778673961,1000.0,4731.467794913,1000.0,0.0780443269073149,0.0
8367,1702652640000.0,0.0,0.0,49.7,4.562810293345206,0.0,0.0,4.6088,0.9533662612544772,1.0,4737.453479172257,1000.0,4739.739167593,1000.0,0.04786784135743725,0.0
8368,1702656240000.0,0.0,0.0,8.0,4.562810293345206,0.0,0.0,4.60595,0.9533662612544772,1.0,4739.320305049763,1000.0,4739.665422703001,1000.0,0.00770205008255469,0.0
8369,1702659840000.0,0.0,0.0,0.8,4.562810293345206,0.0,0.0,4.61775,0.9533662612544772,1.0,4739.967659679677,1000.0,4740.011611445001,1000.0,0.0007700998185550585,0.0
8370,1702663440000.0,0.0,0.0,51.8,4.575993209163633,0.0,0.0,4.52775,0.9533662612544772,1.0,4739.920982439678,1000.0,4737.4219842050015,1000.0,0.050008523161639604,0.0
8371,1702667040000.0,0.0,0.0,51.8,4.575993209163633,0.0,0.0,4.55055,0.9533662612544772,1.0,4739.920982439678,1000.0,4738.603024205001,1000.0,0.050008523161639604,0.0
8372,1702670640000.0,0.0,0.0,51.8,4.575993209163633,0.0,0.0,4.52295,0.9533662612544772,1.0,4739.920982439678,1000.0,4737.173344205002,1000.0,0.050008523161639604,0.0
8373,1702674240000.0,0.0,0.0,51.8,4.575993209163633,0.0,0.0,4.5522,0.9533662612544772,1.0,4739.920982439678,1000.0,4738.688494205001,1000.0,0.050008523161639604,0.0
8374,1702677840000.0,0.0,0.0,51.8,4.575993209163633,0.0,0.0,4.51015,0.9533662612544772,1.0,4739.920982439678,1000.0,4736.510304205001,1000.0,0.050008523161639604,0.0
8375,1702681440000.0,0.0,0.0,131.1,4.4798816036207185,0.0,0.0,4.4097,0.9533662612544772,1.0,4739.850927233678,1000.0,4730.650118999001,1000.0,0.12390948307259311,0.0
8376,1702685040000.0,0.0,0.0,131.1,4.4798816036207185,0.0,0.0,4.3871,0.9533662612544772,1.0,4739.850927233678,1000.0,4727.687258999002,1000.0,0.12390948307259311,0.0
8377,1702688640000.0,0.0,0.0,131.1,4.4798816036207185,0.0,0.0,4.42635,0.9533662612544772,1.0,4739.850927233678,1000.0,4732.832933999001,1000.0,0.12390948307259311,0.0
8378,1702692240000.0,0.0,0.0,131.1,4.4798816036207185,0.0,0.0,4.50335,0.9533662612544772,1.0,4739.850927233678,1000.0,4742.927633999002,1000.0,0.12390948307259311,0.0
8379,1702695840000.0,0.0,0.0,28.3,4.4798816036207185,0.0,0.0,4.52685,0.9533662612544772,1.0,4744.365230549468,1000.0,4745.694436167001,1000.0,0.026722362891902243,0.0
8380,1702699440000.0,0.0,0.0,18.0,4.4798816036207185,0.0,0.0,4.51355,0.9533662612544772,1.0,4744.8175391501745,1000.0,4745.423570285002,1000.0,0.016994935674516088,0.0
8381,1702703040000.0,0.0,0.0,6.7,4.4798816036207185,0.0,0.0,4.5673,0.9533662612544772,1.0,4745.51958003526,1000.0,4746.105283291002,1000.0,0.006324956885761242,0.0
8382,1702706640000.0,0.0,0.0,6.7,4.4798816036207185,0.0,0.0,4.5376,0.9533662612544772,1.0,4745.51958003526,1000.0,4745.906293291002,1000.0,0.006324956885761242,0.0
8383,1702710240000.0,0.0,0.0,52.6,4.5077343487501675,0.0,0.0,4.5066,0.9533662612544772,1.0,4745.47816171126,1000.0,4745.418494967002,1000.0,0.049964791463449926,0.0
8384,1702713840000.0,0.0,0.0,52.6,4.5077343487501675,0.0,0.0,4.5039,0.9533662612544772,1.0,4745.47816171126,1000.0,4745.276474967001,1000.0,0.049964791463449926,0.0
8385,1702717440000.0,0.0,0.0,52.6,4.5077343487501675,0.0,0.0,4.50295,0.9533662612544772,1.0,4745.47816171126,1000.0,4745.226504967001,1000.0,0.049964791463449926,0.0
8386,1702721040000.0,0.0,0.0,52.6,4.5077343487501675,0.0,0.0,4.4804,0.9533662612544772,1.0,4745.47816171126,1000.0,4744.040374967001,1000.0,0.049964791463449926,0.0
8387,1702724640000.0,0.0,0.0,52.6,4.5077343487501675,0.0,0.0,4.458,0.9533662612544772,1.0,4745.47816171126,1000.0,4742.862134967001,1000.0,0.049964791463449926,0.0
8388,1702728240000.0,0.0,0.0,52.6,4.5077343487501675,0.0,0.0,4.43955,0.9533662612544772,1.0,4745.47816171126,1000.0,4741.891664967002,1000.0,0.049964791463449926,0.0
8389,1702731840000.0,0.0,0.0,38.7,4.5077343487501675,0.0,0.0,4.5424,0.9533662612544772,1.0,4746.093307201633,1000.0,4747.434867905002,1000.0,0.03675640321523502,0.0
8390,1702735440000.0,0.0,0.0,15.5,4.5077343487501675,0.0,0.0,4.55385,0.9533662612544772,1.0,4747.120024854629,1000.0,4747.834817449002,1000.0,0.014718372832329473,0.0
8391,1702739040000.0,0.0,0.0,11.4,4.5077343487501675,0.0,0.0,4.5373,0.9533662612544772,1.0,4747.301470646754,1000.0,4747.638519071002,1000.0,0.010824712079797828,0.0
8392,1702742640000.0,0.0,0.0,7.0,4.5077343487501675,0.0,0.0,4.58255,0.9533662612544772,1.0,4747.5577806402525,1000.0,4748.081490199002,1000.0,0.006646394188170534,0.0
8393,1702746240000.0,0.0,0.0,1.2,4.5077343487501675,0.0,0.0,4.67685,0.9533662612544772,1.0,4748.439135093506,1000.0,4748.642073875006,1000.0,0.0011391703809621816,0.0
8394,1702749840000.0,0.0,0.0,0.0,4.5077343487501675,0.0,0.0,4.7357,0.9533662612544772,1.0,4748.7121971790075,1000.0,4748.7121971790075,1000.0,0.0,0.0
8395,1702753440000.0,0.0,0.0,0.0,4.5077343487501675,0.0,0.0,4.68405,0.9533662612544772,1.0,4748.7121971790075,1000.0,4748.7121971790075,1000.0,0.0,0.0
8396,1702757040000.0,0.0,0.0,51.6,4.6033,0.0,0.0,4.5569,0.9533662612544772,1.0,4748.664691123007,1000.0,4746.270451123008,1000.0,0.05002043636478083,0.0
8397,1702760640000.0,0.0,0.0,51.6,4.6033,0.0,0.0,4.4881,0.9533662612544772,1.0,4748.664691123007,1000.0,4742.720371123008,1000.0,0.05002043636478083,0.0
8398,1702764240000.0,0.0,0.0,130.6,4.50657641653905,0.0,0.0,4.38715,0.9533662612544772,1.0,4748.594485403008,1000.0,4732.997395403007,1000.0,0.1239438073327185,0.0
8399,1702767840000.0,0.0,0.0,130.6,4.50657641653905,0.0,0.0,4.4189,0.9533662612544772,1.0,4748.594485403008,1000.0,4737.143945403008,1000.0,0.1239438073327185,0.0
8400,1702771440000.0,0.0,0.0,130.6,4.50657641653905,0.0,0.0,4.43475,0.9533662612544772,1.0,4748.594485403008,1000.0,4739.213955403007,1000.0,0.1239438073327185,0.0
8401,1702775040000.0,0.0,0.0,130.6,4.50657641653905,0.0,0.0,4.4069,0.9533662612544772,1.0,4748.594485403008,1000.0,4735.576745403007,1000.0,0.1239438073327185,0.0
8402,1702778640000.0,0.0,0.0,330.5,4.4006829954614215,0.0,0.0,4.38565,0.9533662612544772,1.0,4748.421312033008,1000.0,4743.452907033008,1000.0,0.3062966898733963,0.0
8403,1702782240000.0,0.0,0.0,330.5,4.4006829954614215,0.0,0.0,4.3156,0.9533662612544772,1.0,4748.421312033008,1000.0,4720.301382033008,1000.0,0.3062966898733963,0.0
8404,1702785840000.0,0.0,0.0,330.5,4.4006829954614215,0.0,0.0,4.29125,0.9533662612544772,1.0,4748.421312033008,1000.0,4712.253707033008,1000.0,0.3062966898733963,0.0
8405,1702789440000.0,0.0,0.0,330.5,4.4006829954614215,0.0,0.0,4.3312,0.9533662612544772,1.0,4748.421312033008,1000.0,4725.457182033008,1000.0,0.3062966898733963,0.0
8406,1702793040000.0,0.0,0.0,330.5,4.4006829954614215,0.0,0.0,4.2724,0.9533662612544772,1.0,4748.421312033008,1000.0,4706.023782033008,1000.0,0.3062966898733963,0.0
8407,1702796640000.0,0.0,0.0,330.5,4.4006829954614215,0.0,0.0,4.281,0.9533662612544772,1.0,4748.421312033008,1000.0,4708.866082033008,1000.0,0.3062966898733963,0.0
8408,1702800240000.0,0.0,0.0,330.5,4.4006829954614215,0.0,0.0,4.2249,0.9533662612544772,1.0,4748.421312033008,1000.0,4690.325032033008,1000.0,0.3062966898733963,0.0
8409,1702803840000.0,0.0,0.0,330.5,4.4006829954614215,0.0,0.0,4.26785,0.9533662612544772,1.0,4748.421312033008,1000.0,4704.520007033008,1000.0,0.3062966898733963,0.0
8410,1702807440000.0,0.0,0.0,330.5,4.4006829954614215,0.0,0.0,4.2793,0.9533662612544772,1.0,4748.421312033008,1000.0,4708.304232033008,1000.0,0.3062966898733963,0.0
8411,1702811040000.0,0.0,0.0,330.5,4.4006829954614215,0.0,0.0,4.2832,0.9533662612544772,1.0,4748.421312033008,1000.0,4709.593182033008,1000.0,0.3062966898733963,0.0
8412,1702814640000.0,0.0,0.0,330.5,4.4006829954614215,0.0,0.0,4.2563,0.9533662612544772,1.0,4748.421312033008,1000.0,4700.702732033008,1000.0,0.3062966898733963,0.0
8413,1702818240000.0,0.0,0.0,330.5,4.4006829954614215,0.0,0.0,4.23865,0.9533662612544772,1.0,4748.421312033008,1000.0,4694.8694070330075,1000.0,0.3062966898733963,0.0
8414,1702821840000.0,0.0006759541955902845,0.0,1117.6,4.248852845382964,0.0,0.0,4.2102,0.9533662612544772,1.0,4747.762493591008,1000.0,4704.564073591008,1000.0,1.0001591163016288,0.0
8415,1702825440000.0,0.0,0.0,1106.4,4.248852845382964,0.0,0.0,4.2156,0.9533662612544772,1.0,4747.6359277067195,1000.0,4710.844979575008,1000.0,0.9901624428902728,0.0
8416,1702829040000.0,0.0,0.0,512.1,4.248852845382964,0.0,0.0,4.2931,0.9533662612544772,1.0,4772.411625891624,1000.0,4795.070593771008,1000.0,0.4559199232346407,0.0
8417,1702832640000.0,0.0,0.0,365.9,4.248852845382964,0.0,0.0,4.3504,0.9533662612544772,1.0,4781.539582630634,1000.0,4818.695686505007,1000.0,0.32513696253253854,0.0
8418,1702836240000.0,0.0,0.0,59.5,4.248852845382964,0.0,0.0,4.341,0.9533662612544772,1.0,4826.347205701294,1000.0,4831.8299614010075,1000.0,0.05238055480170374,0.0
8419,1702839840000.0,0.0,0.0,5.0,4.248852845382964,0.0,0.0,4.3754,0.9533662612544772,1.0,4830.879847157924,1000.0,4831.512582931009,1000.0,0.004397597311266834,0.0
8420,1702843440000.0,0.0,0.0,1.2,4.248852845382964,0.0,0.0,4.3459,0.9533662612544772,1.0,4831.353221877468,1000.0,4831.469678463009,1000.0,0.0010553199446009926,0.0
8421,1702847040000.0,0.0,0.0,0.9,4.248852845382964,0.0,0.0,4.34055,0.9533662612544772,1.0,4831.378176049853,1000.0,4831.460703489009,1000.0,0.0007914858703880541,0.0
8422,1702850640000.0,0.0,0.0,56.0,4.315730754934043,0.0,0.0,4.2814,0.9533662612544772,1.0,4831.338837739314,1000.0,4829.416315463008,1000.0,0.05002359188481055,0.0
8423,1702854240000.0,0.0,0.0,56.0,4.315730754934043,0.0,0.0,4.2407,0.9533662612544772,1.0,4831.338837739314,1000.0,4827.137115463008,1000.0,0.05002359188481055,0.0
8424,1702857840000.0,0.0,0.0,56.0,4.315730754934043,0.0,0.0,4.20515,0.9533662612544772,1.0,4831.338837739314,1000.0,4825.146315463007,1000.0,0.05002359188481055,0.0
8425,1702861440000.0,0.0,0.0,141.7,4.225052803643659,0.0,0.0,4.19625,0.9533662612544772,1.0,4831.267435927314,1000.0,4827.186078651008,1000.0,0.12391985958471242,0.0
8426,1702865040000.0,0.0,0.0,141.7,4.225052803643659,0.0,0.0,4.1392,0.9533662612544772,1.0,4831.267435927314,1000.0,4819.102093651008,1000.0,0.12391985958471242,0.0
8427,1702868640000.0,0.0,0.0,141.7,4.225052803643659,0.0,0.0,4.1246,0.9533662612544772,1.0,4831.267435927314,1000.0,4817.033273651008,1000.0,0.12391985958471242,0.0
8428,1702872240000.0,0.0,0.0,141.7,4.225052803643659,0.0,0.0,4.10515,0.9533662612544772,1.0,4831.267435927314,1000.0,4814.277208651008,1000.0,0.12391985958471242,0.0
8429,1702875840000.0,0.0,0.0,141.7,4.225052803643659,0.0,0.0,4.1392,0.9533662612544772,1.0,4831.267435927314,1000.0,4819.102093651008,1000.0,0.12391985958471242,0.0
8430,1702879440000.0,0.0,0.0,141.7,4.225052803643659,0.0,0.0,4.10235,0.9533662612544772,1.0,4831.267435927314,1000.0,4813.880448651008,1000.0,0.12391985958471242,0.0
8431,1702883040000.0,0.0,0.0,141.7,4.225052803643659,0.0,0.0,4.1328,0.9533662612544772,1.0,4831.267435927314,1000.0,4818.195213651008,1000.0,0.12391985958471242,0.0
8432,1702886640000.0,0.0,0.0,358.5,4.1257827120678,0.0,0.0,4.0559,0.9533662612544772,1.0,4831.091355303314,1000.0,4806.038403027008,1000.0,0.30616127775200047,0.0
8433,1702890240000.0,0.0,0.0,358.5,4.1257827120678,0.0,0.0,4.09155,0.9533662612544772,1.0,4831.091355303314,1000.0,4818.818928027008,1000.0,0.30616127775200047,0.0
8434,1702893840000.0,0.0,0.0,358.5,4.1257827120678,0.0,0.0,4.05815,0.9533662612544772,1.0,4831.091355303314,1000.0,4806.845028027008,1000.0,0.30616127775200047,0.0
8435,1702897440000.0,0.0,0.0,1039.6,3.983435036507509,0.0,0.0,4.0255,0.9533662612544772,1.0,4837.186196486214,1000.0,4880.916932533008,1000.0,0.8561132227991152,0.0
8436,1702901040000.0,0.0,0.0,142.4,3.983435036507509,0.0,0.0,4.09305,0.9533662612544772,1.0,4897.779400097676,1000.0,4913.388570899007,1000.0,0.11581598574802221,0.0
8437,1702904640000.0,0.0,0.0,58.4,3.983435036507509,0.0,0.0,4.1181,0.9533662612544772,1.0,4907.594358551047,1000.0,4915.458792419008,1000.0,0.04740257428299812,0.0
8438,1702908240000.0,0.0,0.0,0.0,3.983435036507509,0.0,0.0,4.27175,0.9533662612544772,1.0,4918.009263193008,1000.0,4918.009263193008,1000.0,0.0,0.0
8439,1702911840000.0,0.0,0.0,0.0,3.983435036507509,0.0,0.0,4.30025,0.9533662612544772,1.0,4918.009263193008,1000.0,4918.009263193008,1000.0,0.0,0.0
8440,1702915440000.0,0.0,0.0,0.0,3.983435036507509,0.0,0.0,4.1974,0.9533662612544772,1.0,4918.009263193008,1000.0,4918.009263193008,1000.0,0.0,0.0
8441,1702919040000.0,0.0,0.0,0.0,3.983435036507509,0.0,0.0,4.29905,0.9533662612544772,1.0,4918.009263193008,1000.0,4918.009263193008,1000.0,0.0,0.0
8442,1702922640000.0,0.0,0.0,0.0,3.983435036507509,0.0,0.0,4.2939,0.9533662612544772,1.0,4918.009263193008,1000.0,4918.009263193008,1000.0,0.0,0.0
8443,1702926240000.0,0.0,0.0,0.0,3.983435036507509,0.0,0.0,4.30165,0.9533662612544772,1.0,4918.009263193008,1000.0,4918.009263193008,1000.0,0.0,0.0
8444,1702929840000.0,0.0,0.0,0.0,3.983435036507509,0.0,0.0,4.3108,0.9533662612544772,1.0,4918.009263193008,1000.0,4918.009263193008,1000.0,0.0,0.0
8445,1702933440000.0,0.0,0.0,0.0,3.983435036507509,0.0,0.0,4.38235,0.9533662612544772,1.0,4918.009263193008,1000.0,4918.009263193008,1000.0,0.0,0.0
8446,1702937040000.0,0.0,0.0,0.0,3.983435036507509,0.0,0.0,4.3705,0.9533662612544772,1.0,4918.009263193008,1000.0,4918.009263193008,1000.0,0.0,0.0
8447,1702940640000.0,0.0,0.0,0.0,3.983435036507509,0.0,0.0,4.4347,0.9533662612544772,1.0,4918.009263193008,1000.0,4918.009263193008,1000.0,0.0,0.0
8448,1702944240000.0,0.0,0.0,0.0,3.983435036507509,0.0,0.0,4.43375,0.9533662612544772,1.0,4918.009263193008,1000.0,4918.009263193008,1000.0,0.0,0.0
8449,1702947840000.0,0.0,0.0,0.0,3.983435036507509,0.0,0.0,4.38885,0.9533662612544772,1.0,4918.009263193008,1000.0,4918.009263193008,1000.0,0.0,0.0
8450,1702951440000.0,0.0,0.0,0.0,3.983435036507509,0.0,0.0,4.4129,0.9533662612544772,1.0,4918.009263193008,1000.0,4918.009263193008,1000.0,0.0,0.0
8451,1702955040000.0,0.0,0.0,56.4,4.3568,0.0,0.0,4.32595,0.9533662612544772,1.0,4917.960118489008,1000.0,4916.220178489008,1000.0,0.049964520671122475,0.0
8452,1702958640000.0,0.0,0.0,56.4,4.3568,0.0,0.0,4.3779,0.9533662612544772,1.0,4917.960118489008,1000.0,4919.150158489008,1000.0,0.049964520671122475,0.0
8453,1702962240000.0,0.0,0.0,56.4,4.3568,0.0,0.0,4.3543,0.9533662612544772,1.0,4917.960118489008,1000.0,4917.819118489008,1000.0,0.049964520671122475,0.0
8454,1702965840000.0,0.0,0.0,56.4,4.357883156028368,0.0,0.0,4.3588,0.9533662612544772,1.0,4918.583649815007,1000.0,4918.635359815007,1000.0,0.04997060688583473,0.0
8455,1702969440000.0,0.0,0.0,56.4,4.357883156028368,0.0,0.0,4.3191,0.9533662612544772,1.0,4918.583649815007,1000.0,4916.396279815008,1000.0,0.04997060688583473,0.0
8456,1702973040000.0,0.0,0.0,56.4,4.357883156028368,0.0,0.0,4.36435,0.9533662612544772,1.0,4918.583649815007,1000.0,4918.948379815008,1000.0,0.04997060688583473,0.0
8457,1702976640000.0,0.0,0.0,56.4,4.357883156028368,0.0,0.0,4.34455,0.9533662612544772,1.0,4918.583649815007,1000.0,4917.831659815008,1000.0,0.04997060688583473,0.0
8458,1702980240000.0,0.0,0.0,56.4,4.357883156028368,0.0,0.0,4.34775,0.9533662612544772,1.0,4918.583649815007,1000.0,4918.012139815008,1000.0,0.04997060688583473,0.0
8459,1702983840000.0,0.0,0.0,16.7,4.357883156028368,0.0,0.0,4.48,0.9533662612544772,1.0,4922.636689236681,1000.0,4924.676040531008,1000.0,0.014784078797608506,0.0
8460,1702987440000.0,0.0,0.0,1.2,4.357883156028368,0.0,0.0,4.5131,0.9533662612544772,1.0,4924.626330170242,1000.0,4924.812590383008,1000.0,0.001061899814651168,0.0
8461,1702991040000.0,0.0,0.0,0.5,4.357883156028368,0.0,0.0,4.47505,0.9533662612544772,1.0,4924.694508097022,1000.0,4924.753091519007,1000.0,0.0004424521306715857,0.0
8462,1702994640000.0,0.0,0.0,0.0,4.357883156028368,0.0,0.0,4.43575,0.9533662612544772,1.0,4924.75415871101,1000.0,4924.75415871101,1000.0,0.0,0.0
8463,1702998240000.0,0.0,0.0,55.7,4.4181,0.0,0.0,4.328,0.9533662612544772,1.0,4924.70494107701,1000.0,4919.686371077009,1000.0,0.04997013484957775,0.0
8464,1703001840000.0,0.0,0.0,55.7,4.4181,0.0,0.0,4.37275,0.9533662612544772,1.0,4924.70494107701,1000.0,4922.17894607701,1000.0,0.04997013484957775,0.0
8465,1703005440000.0,0.0,0.0,55.7,4.4181,0.0,0.0,4.29025,0.9533662612544772,1.0,4924.70494107701,1000.0,4917.583696077009,1000.0,0.04997013484957775,0.0
8466,1703009040000.0,0.0,0.0,140.9,4.325341447835344,0.0,0.0,4.21395,0.9533662612544772,1.0,4924.63227058901,1000.0,4908.93721558901,1000.0,0.12375352645916605,0.0
8467,1703012640000.0,0.0,0.0,140.9,4.325341447835344,0.0,0.0,4.22605,0.9533662612544772,1.0,4924.63227058901,1000.0,4910.64210558901,1000.0,0.12375352645916605,0.0
8468,1703016240000.0,0.0,0.0,140.9,4.325341447835344,0.0,0.0,4.236,0.9533662612544772,1.0,4924.63227058901,1000.0,4912.04406058901,1000.0,0.12375352645916605,0.0
8469,1703019840000.0,0.0,0.0,140.9,4.325341447835344,0.0,0.0,4.22255,0.9533662612544772,1.0,4924.63227058901,1000.0,4910.14895558901,1000.0,0.12375352645916605,0.0
8470,1703023440000.0,0.0,0.0,140.9,4.325341447835344,0.0,0.0,4.25985,0.9533662612544772,1.0,4924.63227058901,1000.0,4915.40452558901,1000.0,0.12375352645916605,0.0
8471,1703027040000.0,0.0,0.0,140.9,4.325341447835344,0.0,0.0,4.1964,0.9533662612544772,1.0,4924.63227058901,1000.0,4906.46442058901,1000.0,0.12375352645916605,0.0
8472,1703030640000.0,0.0,0.0,140.9,4.325341447835344,0.0,0.0,4.203,0.9533662612544772,1.0,4924.63227058901,1000.0,4907.39436058901,1000.0,0.12375352645916605,0.0
8473,1703034240000.0,0.0,0.0,140.9,4.325341447835344,0.0,0.0,4.23075,0.9533662612544772,1.0,4924.63227058901,1000.0,4911.3043355890095,1000.0,0.12375352645916605,0.0
8474,1703037840000.0,0.0,0.0,356.5,4.223775736325385,0.0,0.0,4.1582,0.9533662612544772,1.0,4924.453003501009,1000.0,4901.07525350101,1000.0,0.30577529096723594,0.0
8475,1703041440000.0,0.0,0.0,356.5,4.223775736325385,0.0,0.0,4.1992,0.9533662612544772,1.0,4924.453003501009,1000.0,4915.69175350101,1000.0,0.30577529096723594,0.0
8476,1703045040000.0,0.0,0.0,356.5,4.223775736325385,0.0,0.0,4.22855,0.9533662612544772,1.0,4924.453003501009,1000.0,4926.15502850101,1000.0,0.30577529096723594,0.0
8477,1703048640000.0,0.0,0.0,262.0,4.223775736325385,0.0,0.0,4.2927,0.9533662612544772,1.0,4928.37201712826,1000.0,4946.430174211009,1000.0,0.22454255463492362,0.0
8478,1703052240000.0,0.0,0.0,126.5,4.223775736325385,0.0,0.0,4.29155,0.9533662612544772,1.0,4939.572827026172,1000.0,4948.146271381011,1000.0,0.10816879300205332,0.0
8479,1703055840000.0,0.0,0.0,61.2,4.223775736325385,0.0,0.0,4.3038,0.9533662612544772,1.0,4944.970708106123,1000.0,4949.868193043009,1000.0,0.052274338984328324,0.0
8480,1703059440000.0,0.0,0.0,20.6,4.223775736325385,0.0,0.0,4.33965,0.9533662612544772,1.0,4948.326817935314,1000.0,4950.713827767011,1000.0,0.017583676941655142,0.0
8481,1703063040000.0,0.0,0.0,13.8,4.223775736325385,0.0,0.0,4.3579,0.9533662612544772,1.0,4949.028976984302,1000.0,4950.879891823011,1000.0,0.011777685164577124,0.0
8482,1703066640000.0,0.0,0.0,3.8,4.223775736325385,0.0,0.0,4.3543,0.9533662612544772,1.0,4950.267522621047,1000.0,4950.76351482301,1000.0,0.0032423192735931555,0.0
8483,1703070240000.0,0.0,0.0,2.5,4.223775736325385,0.0,0.0,4.3212,0.9533662612544772,1.0,4950.428533553823,1000.0,4950.67209421301,1000.0,0.0021330354067818514,0.0
8484,1703073840000.0,0.0,0.0,0.2,4.223775736325385,0.0,0.0,4.36055,0.9533662612544772,1.0,4950.787554216275,1000.0,4950.814909069009,1000.0,0.0001706304578845546,0.0
8485,1703077440000.0,0.0,0.0,0.0,4.223775736325385,0.0,0.0,4.4724,0.9533662612544772,1.0,4950.812325129011,1000.0,4950.812325129011,1000.0,0.0,0.0
8486,1703081040000.0,0.0,0.0,0.0,4.223775736325385,0.0,0.0,4.4974,0.9533662612544772,1.0,4950.812325129011,1000.0,4950.812325129011,1000.0,0.0,0.0
8487,1703084640000.0,0.0,0.0,0.0,4.223775736325385,0.0,0.0,4.51195,0.9533662612544772,1.0,4950.812325129011,1000.0,4950.812325129011,1000.0,0.0,0.0
8488,1703088240000.0,0.0,0.0,0.0,4.223775736325385,0.0,0.0,4.5602,0.9533662612544772,1.0,4950.812325129011,1000.0,4950.812325129011,1000.0,0.0,0.0
8489,1703091840000.0,0.0,0.0,0.0,4.223775736325385,0.0,0.0,4.5684,0.9533662612544772,1.0,4950.812325129011,1000.0,4950.812325129011,1000.0,0.0,0.0
8490,1703095440000.0,0.0,0.0,0.0,4.223775736325385,0.0,0.0,4.57395,0.9533662612544772,1.0,4950.812325129011,1000.0,4950.812325129011,1000.0,0.0,0.0
8491,1703099040000.0,0.0,0.0,0.0,4.223775736325385,0.0,0.0,4.5298,0.9533662612544772,1.0,4950.812325129011,1000.0,4950.812325129011,1000.0,0.0,0.0
8492,1703102640000.0,0.0,0.0,0.0,4.223775736325385,0.0,0.0,4.4846,0.9533662612544772,1.0,4950.812325129011,1000.0,4950.812325129011,1000.0,0.0,0.0
8493,1703106240000.0,0.0,0.0,55.3,4.4798,0.0,0.0,4.45695,0.9533662612544772,1.0,4950.76277854101,1000.0,4949.49917354101,1000.0,0.050039347688762996,0.0
8494,1703109840000.0,0.0,0.0,55.3,4.4798,0.0,0.0,4.44415,0.9533662612544772,1.0,4950.76277854101,1000.0,4948.79133354101,1000.0,0.050039347688762996,0.0
8495,1703113440000.0,0.0,0.0,55.3,4.4798,0.0,0.0,4.46445,0.9533662612544772,1.0,4950.76277854101,1000.0,4949.91392354101,1000.0,0.050039347688762996,0.0
8496,1703117040000.0,0.0,0.0,55.3,4.4798,0.0,0.0,4.49,0.9533662612544772,1.0,4950.76277854101,1000.0,4951.32683854101,1000.0,0.050039347688762996,0.0
8497,1703120640000.0,0.0,0.0,55.3,4.477443399638337,0.0,0.0,4.452,0.9533662612544772,1.0,4952.31937274901,1000.0,4950.91235274901,1000.0,0.049997304568537335,0.0
8498,1703124240000.0,0.0,0.0,55.3,4.477443399638337,0.0,0.0,4.4736,0.9533662612544772,1.0,4952.31937274901,1000.0,4952.106832749009,1000.0,0.049997304568537335,0.0
8499,1703127840000.0,0.0,0.0,30.0,4.477443399638337,0.0,0.0,4.5574,0.9533662612544772,1.0,4953.43136190016,1000.0,4955.83005991101,1000.0,0.027117222825032355,0.0
8500,1703131440000.0,0.0,0.0,18.5,4.477443399638337,0.0,0.0,4.51355,0.9533662612544772,1.0,4954.155267814319,1000.0,4954.82323992101,1000.0,0.016719843932112663,0.0
8501,1703135040000.0,0.0,0.0,55.2,4.486169566200173,0.0,0.0,4.48015,0.9533662612544772,1.0,4954.234254337259,1000.0,4953.90197428301,1000.0,0.04998483061987883,0.0
8502,1703138640000.0,0.0,0.0,55.2,4.486169566200173,0.0,0.0,4.43785,0.9533662612544772,1.0,4954.234254337259,1000.0,4951.5670142830095,1000.0,0.04998483061987883,0.0
8503,1703142240000.0,0.0,0.0,55.2,4.486169566200173,0.0,0.0,4.5029,0.9533662612544772,1.0,4954.234254337259,1000.0,4955.1577742830095,1000.0,0.04998483061987883,0.0
8504,1703145840000.0,0.0,0.0,55.2,4.486169566200173,0.0,0.0,4.49705,0.9533662612544772,1.0,4954.234254337259,1000.0,4954.834854283009,1000.0,0.04998483061987883,0.0
8505,1703149440000.0,0.0,0.0,55.2,4.486169566200173,0.0,0.0,4.44475,0.9533662612544772,1.0,4954.234254337259,1000.0,4951.947894283009,1000.0,0.04998483061987883,0.0
8506,1703153040000.0,0.0,0.0,139.7,4.391949606687542,0.0,0.0,4.38095,0.9533662612544772,1.0,4954.161070577259,1000.0,4952.624425523009,1000.0,0.12384646992972276,0.0
8507,1703156640000.0,0.0,0.0,139.7,4.391949606687542,0.0,0.0,4.3921,0.9533662612544772,1.0,4954.161070577259,1000.0,4954.182080523009,1000.0,0.12384646992972276,0.0
8508,1703160240000.0,0.0,0.0,55.9,4.403635758739186,0.0,0.0,4.42535,0.9533662612544772,1.0,4958.402409552531,1000.0,4959.6162356390105,1000.0,0.04964567588126341,0.0
8509,1703163840000.0,0.0,0.0,55.9,4.403635758739186,0.0,0.0,4.3564,0.9533662612544772,1.0,4958.402409552531,1000.0,4955.761930639011,1000.0,0.04964567588126341,0.0
8510,1703167440000.0,0.0,0.0,55.9,4.403635758739186,0.0,0.0,4.3846,0.9533662612544772,1.0,4958.402409552531,1000.0,4957.33831063901,1000.0,0.04964567588126341,0.0
8511,1703171040000.0,0.0,0.0,141.4,4.311220925838192,0.0,0.0,4.24435,0.9533662612544772,1.0,4958.329720872531,1000.0,4948.874171959011,1000.0,0.12294596632961438,0.0
8512,1703174640000.0,0.0,0.0,141.4,4.311220925838192,0.0,0.0,4.26715,0.9533662612544772,1.0,4958.329720872531,1000.0,4952.09809195901,1000.0,0.12294596632961438,0.0
8513,1703178240000.0,0.0,0.0,141.4,4.311220925838192,0.0,0.0,4.2675,0.9533662612544772,1.0,4958.329720872531,1000.0,4952.1475819590105,1000.0,0.12294596632961438,0.0
8514,1703181840000.0,0.0,0.0,141.4,4.311220925838192,0.0,0.0,4.31145,0.9533662612544772,1.0,4958.329720872531,1000.0,4958.362111959011,1000.0,0.12294596632961438,0.0
8515,1703185440000.0,0.0,0.0,141.4,4.311220925838192,0.0,0.0,4.31705,0.9533662612544772,1.0,4958.329720872531,1000.0,4959.153951959011,1000.0,0.12294596632961438,0.0
8516,1703189040000.0,0.0,0.0,141.4,4.311220925838192,0.0,0.0,4.32245,0.9533662612544772,1.0,4958.329720872531,1000.0,4959.91751195901,1000.0,0.12294596632961438,0.0
8517,1703192640000.0,0.0,0.0,141.4,4.311220925838192,0.0,0.0,4.3297,0.9533662612544772,1.0,4958.329720872531,1000.0,4960.94266195901,1000.0,0.12294596632961438,0.0
8518,1703196240000.0,0.0,0.0,141.4,4.311220925838192,0.0,0.0,4.3136,0.9533662612544772,1.0,4958.329720872531,1000.0,4958.6661219590105,1000.0,0.12294596632961438,0.0
8519,1703199840000.0,0.0,0.0,121.2,4.311220925838192,0.0,0.0,4.3333,0.9533662612544772,1.0,4959.1843463946,1000.0,4961.860330183011,1000.0,0.10536409613235466,0.0
8520,1703203440000.0,0.0,0.0,121.2,4.311220925838192,0.0,0.0,4.3012,0.9533662612544772,1.0,4959.1843463946,1000.0,4957.969810183011,1000.0,0.10536409613235466,0.0
8521,1703207040000.0,0.0,0.0,89.1,4.311220925838192,0.0,0.0,4.36235,0.9533662612544772,1.0,4960.542439427193,1000.0,4965.09803993501,1000.0,0.07743705233505459,0.0
8522,1703210640000.0,0.0,0.0,25.0,4.311220925838192,0.0,0.0,4.3951,0.9533662612544772,1.0,4965.952464950964,1000.0,4968.049441805009,1000.0,0.02170389747116097,0.0
8523,1703214240000.0,0.0,0.0,57.1,4.3414816063275135,0.0,0.0,4.351,0.9533662612544772,1.0,4967.06417983431,1000.0,4967.607680113009,1000.0,0.049908475257424666,0.0
8524,1703217840000.0,0.0,0.0,26.5,4.3414816063275135,0.0,0.0,4.37695,0.9533662612544772,1.0,4968.36594709269,1000.0,4969.30585952501,1000.0,0.023156358406932934,0.0
8525,1703221440000.0,0.0,0.0,42.0,4.354243697863388,0.0,0.0,4.4163,0.9533662612544772,1.0,4969.700414629272,1000.0,4972.306779319009,1000.0,0.036798643791872226,0.0
8526,1703225040000.0,0.0,0.0,11.9,4.354243697863388,0.0,0.0,4.45535,0.9533662612544772,1.0,4972.263978717583,1000.0,4973.467143713009,1000.0,0.01042090690002711,0.0
8527,1703228640000.0,0.0,0.0,56.7,4.379867587075491,0.0,0.0,4.4092,0.9533662612544772,1.0,4972.679537240188,1000.0,4974.342685053008,1000.0,0.04994057837980184,0.0
8528,1703232240000.0,0.0,0.0,30.7,4.382386060269887,0.0,0.0,4.44755,0.9533662612544772,1.0,4974.677552871293,1000.0,4976.678085821008,1000.0,0.027044818607918002,0.0
8529,1703235840000.0,0.0,0.0,7.2,4.382386060269887,0.0,0.0,4.5,0.9533662612544772,1.0,4977.299614602952,1000.0,4978.146434969009,1000.0,0.006339417370288295,0.0
8530,1703239440000.0,0.0,0.0,22.2,4.409792405945433,0.0,0.0,4.54075,0.9533662612544772,1.0,4980.354003254998,1000.0,4983.261261843009,1000.0,0.019656713428002515,0.0
8531,1703243040000.0,0.0,0.0,14.9,4.409792405945433,0.0,0.0,4.48105,0.9533662612544772,1.0,4981.173215231597,1000.0,4982.23495338301,1000.0,0.013190849627085695,0.0
8532,1703246640000.0,0.0,0.0,2.3,4.409792405945433,0.0,0.0,4.53515,0.9533662612544772,1.0,4982.385373536686,1000.0,4982.673696003011,1000.0,0.0020356760413486343,0.0
8533,1703250240000.0,0.0,0.0,55.9,4.458559860518295,0.0,0.0,4.43825,0.9533662612544772,1.0,4982.521416545981,1000.0,4981.3860953430085,1000.0,0.05002156044433986,0.0
8534,1703253840000.0,0.0,0.0,55.9,4.458559860518295,0.0,0.0,4.4483,0.9533662612544772,1.0,4982.521416545981,1000.0,4981.947890343008,1000.0,0.05002156044433986,0.0
8535,1703257440000.0,0.0,0.0,55.9,4.458559860518295,0.0,0.0,4.35575,0.9533662612544772,1.0,4982.521416545981,1000.0,4976.7743453430085,1000.0,0.05002156044433986,0.0
8536,1703261040000.0,0.0,0.0,55.9,4.458559860518295,0.0,0.0,4.40825,0.9533662612544772,1.0,4982.521416545981,1000.0,4979.709095343009,1000.0,0.05002156044433986,0.0
8537,1703264640000.0,0.0,0.0,55.9,4.458559860518295,0.0,0.0,4.4076,0.9533662612544772,1.0,4982.521416545981,1000.0,4979.672760343008,1000.0,0.05002156044433986,0.0
8538,1703268240000.0,0.0,0.0,55.9,4.458559860518295,0.0,0.0,4.3946,0.9533662612544772,1.0,4982.521416545981,1000.0,4978.946060343008,1000.0,0.05002156044433986,0.0
8539,1703271840000.0,0.0,0.0,55.9,4.458559860518295,0.0,0.0,4.4255,0.9533662612544772,1.0,4982.521416545981,1000.0,4980.673370343008,1000.0,0.05002156044433986,0.0
8540,1703275440000.0,0.0,0.0,55.9,4.458559860518295,0.0,0.0,4.3807,0.9533662612544772,1.0,4982.521416545981,1000.0,4978.169050343008,1000.0,0.05002156044433986,0.0
8541,1703279040000.0,0.0,0.0,55.9,4.458559860518295,0.0,0.0,4.4234,0.9533662612544772,1.0,4982.521416545981,1000.0,4980.555980343009,1000.0,0.05002156044433986,0.0
8542,1703282640000.0,0.0,0.0,55.9,4.458559860518295,0.0,0.0,4.4537,0.9533662612544772,1.0,4982.521416545981,1000.0,4982.249750343009,1000.0,0.05002156044433986,0.0
8543,1703286240000.0,0.0,0.0,55.9,4.458559860518295,0.0,0.0,4.438,0.9533662612544772,1.0,4982.521416545981,1000.0,4981.372120343009,1000.0,0.05002156044433986,0.0
8544,1703289840000.0,0.0,0.0,55.9,4.458559860518295,0.0,0.0,4.4723,0.9533662612544772,1.0,4982.521416545981,1000.0,4983.289490343009,1000.0,0.05002156044433986,0.0
8545,1703293440000.0,0.0,0.0,30.4,4.458559860518295,0.0,0.0,4.4975,0.9533662612544772,1.0,4983.636773782765,1000.0,4984.820554023009,1000.0,0.027197050249084687,0.0
8546,1703297040000.0,0.0,0.0,48.1,4.451798213186384,0.0,0.0,4.44235,0.9533662612544772,1.0,4983.963552705273,1000.0,4983.509093651008,1000.0,0.042964097106616174,0.0
8547,1703300640000.0,0.0,0.0,48.1,4.451798213186384,0.0,0.0,4.43895,0.9533662612544772,1.0,4983.963552705273,1000.0,4983.345553651008,1000.0,0.042964097106616174,0.0
8548,1703304240000.0,0.0,0.0,48.1,4.451798213186384,0.0,0.0,4.3708,0.9533662612544772,1.0,4983.963552705273,1000.0,4980.067538651008,1000.0,0.042964097106616174,0.0
8549,1703307840000.0,0.0,0.0,48.1,4.451798213186384,0.0,0.0,4.41535,0.9533662612544772,1.0,4983.963552705273,1000.0,4982.210393651008,1000.0,0.042964097106616174,0.0
8550,1703311440000.0,0.0,0.0,48.1,4.451798213186384,0.0,0.0,4.3985,0.9533662612544772,1.0,4983.963552705273,1000.0,4981.399908651008,1000.0,0.042964097106616174,0.0
8551,1703315040000.0,0.0,0.0,48.1,4.451798213186384,0.0,0.0,4.3703,0.9533662612544772,1.0,4983.963552705273,1000.0,4980.043488651008,1000.0,0.042964097106616174,0.0
8552,1703318640000.0,0.0,0.0,121.7,4.359330600281553,0.0,0.0,4.3,0.9533662612544772,1.0,4983.900272897274,1000.0,4976.679738843009,1000.0,0.10644886635058079,0.0
8553,1703322240000.0,0.0,0.0,121.7,4.359330600281553,0.0,0.0,4.355,0.9533662612544772,1.0,4983.900272897274,1000.0,4983.373238843009,1000.0,0.10644886635058079,0.0
8554,1703325840000.0,0.0,0.0,121.7,4.359330600281553,0.0,0.0,4.3679,0.9533662612544772,1.0,4983.900272897274,1000.0,4984.943168843009,1000.0,0.10644886635058079,0.0
8555,1703329440000.0,0.0,0.0,121.7,4.359330600281553,0.0,0.0,4.36915,0.9533662612544772,1.0,4983.900272897274,1000.0,4985.095293843009,1000.0,0.10644886635058079,0.0
8556,1703333040000.0,0.0,0.0,121.7,4.359330600281553,0.0,0.0,4.36225,0.9533662612544772,1.0,4983.900272897274,1000.0,4984.2555638430085,1000.0,0.10644886635058079,0.0
8557,1703336640000.0,0.0,0.0,31.5,4.359330600281553,0.0,0.0,4.52475,0.9533662612544772,1.0,4989.154323675877,1000.0,4994.365034767008,1000.0,0.027523484943575764,0.0
8558,1703340240000.0,0.0,0.0,3.3,4.359330600281553,0.0,0.0,4.524,0.9533662612544772,1.0,4994.06948597594,1000.0,4994.612894995011,1000.0,0.002880574854099744,0.0
8559,1703343840000.0,0.0,0.0,0.0,4.359330600281553,0.0,0.0,4.613,0.9533662612544772,1.0,4994.7125486230125,1000.0,4994.7125486230125,1000.0,0.0,0.0
8560,1703347440000.0,0.0,0.0,0.0,4.359330600281553,0.0,0.0,4.7141,0.9533662612544772,1.0,4994.7125486230125,1000.0,4994.7125486230125,1000.0,0.0,0.0
8561,1703351040000.0,0.0,0.0,0.0,4.359330600281553,0.0,0.0,4.6929,0.9533662612544772,1.0,4994.7125486230125,1000.0,4994.7125486230125,1000.0,0.0,0.0
8562,1703354640000.0,0.0,0.0,0.0,4.359330600281553,0.0,0.0,4.7189,0.9533662612544772,1.0,4994.7125486230125,1000.0,4994.7125486230125,1000.0,0.0,0.0
8563,1703358240000.0,0.0,0.0,0.0,4.359330600281553,0.0,0.0,4.7913,0.9533662612544772,1.0,4994.7125486230125,1000.0,4994.7125486230125,1000.0,0.0,0.0
8564,1703361840000.0,0.0,0.0,0.0,4.359330600281553,0.0,0.0,4.95485,0.9533662612544772,1.0,4994.7125486230125,1000.0,4994.7125486230125,1000.0,0.0,0.0
8565,1703365440000.0,0.0,0.0,0.0,4.359330600281553,0.0,0.0,4.88455,0.9533662612544772,1.0,4994.7125486230125,1000.0,4994.7125486230125,1000.0,0.0,0.0
8566,1703369040000.0,0.0,0.0,0.0,4.359330600281553,0.0,0.0,4.9062,0.9533662612544772,1.0,4994.7125486230125,1000.0,4994.7125486230125,1000.0,0.0,0.0
8567,1703372640000.0,0.0,0.0,0.0,4.359330600281553,0.0,0.0,4.84245,0.9533662612544772,1.0,4994.7125486230125,1000.0,4994.7125486230125,1000.0,0.0,0.0
8568,1703376240000.0,0.0,0.0,0.0,4.359330600281553,0.0,0.0,4.79675,0.9533662612544772,1.0,4994.7125486230125,1000.0,4994.7125486230125,1000.0,0.0,0.0
8569,1703379840000.0,0.0,0.0,33.0,4.772,0.0,0.0,4.796,0.9533662612544772,1.0,4995.566569075012,1000.0,4996.358569075012,1000.0,0.03152315114262576,0.0
8570,1703383440000.0,0.0,0.0,38.4,4.7792553639846735,0.0,0.0,4.83515,0.9533662612544772,1.0,4996.750269874024,1000.0,4998.896623897012,1000.0,0.036728552772287815,0.0
8571,1703387040000.0,0.0,0.0,52.2,4.785967366891267,0.0,0.0,4.765,0.9533662612544772,1.0,4997.673845700736,1000.0,4996.579349149012,1000.0,0.049988755622105877,0.0
8572,1703390640000.0,0.0,0.0,52.2,4.785967366891267,0.0,0.0,4.7828,0.9533662612544772,1.0,4997.673845700736,1000.0,4997.508509149012,1000.0,0.049988755622105877,0.0
8573,1703394240000.0,0.0,0.0,52.2,4.785967366891267,0.0,0.0,4.7684,0.9533662612544772,1.0,4997.673845700736,1000.0,4996.7568291490115,1000.0,0.049988755622105877,0.0
8574,1703397840000.0,0.0,0.0,52.2,4.785967366891267,0.0,0.0,4.71985,0.9533662612544772,1.0,4997.673845700736,1000.0,4994.2225191490115,1000.0,0.049988755622105877,0.0
8575,1703401440000.0,0.0,0.0,52.2,4.785967366891267,0.0,0.0,4.69185,0.9533662612544772,1.0,4997.673845700736,1000.0,4992.760919149012,1000.0,0.049988755622105877,0.0
8576,1703405040000.0,0.0,0.0,52.2,4.785967366891267,0.0,0.0,4.72685,0.9533662612544772,1.0,4997.673845700736,1000.0,4994.587919149012,1000.0,0.049988755622105877,0.0
8577,1703408640000.0,0.0,0.0,52.2,4.785967366891267,0.0,0.0,4.7463,0.9533662612544772,1.0,4997.673845700736,1000.0,4995.6032091490115,1000.0,0.049988755622105877,0.0
8578,1703412240000.0,0.0,0.0,52.2,4.785967366891267,0.0,0.0,4.7852,0.9533662612544772,1.0,4997.673845700736,1000.0,4997.633789149012,1000.0,0.049988755622105877,0.0
8579,1703415840000.0,0.0,0.0,52.2,4.785967366891267,0.0,0.0,4.73445,0.9533662612544772,1.0,4997.673845700736,1000.0,4994.984639149012,1000.0,0.049988755622105877,0.0
8580,1703419440000.0,0.0,0.0,52.2,4.785967366891267,0.0,0.0,4.70565,0.9533662612544772,1.0,4997.673845700736,1000.0,4993.481279149012,1000.0,0.049988755622105877,0.0
8581,1703423040000.0,0.0,0.0,52.2,4.785967366891267,0.0,0.0,4.6682,0.9533662612544772,1.0,4997.673845700736,1000.0,4991.526389149012,1000.0,0.049988755622105877,0.0
8582,1703426640000.0,0.0,0.0,52.2,4.785967366891267,0.0,0.0,4.70755,0.9533662612544772,1.0,4997.673845700736,1000.0,4993.580459149011,1000.0,0.049988755622105877,0.0
8583,1703430240000.0,0.0,0.0,132.1,4.685401412200789,0.0,0.0,4.6667,0.9533662612544772,1.0,4997.600022894736,1000.0,4995.129566343012,1000.0,0.12384775166405128,0.0
8584,1703433840000.0,0.0,0.0,132.1,4.685401412200789,0.0,0.0,4.7248,0.9533662612544772,1.0,4997.600022894736,1000.0,5002.804576343012,1000.0,0.12384775166405128,0.0
8585,1703437440000.0,0.0,0.0,7.6,4.685401412200789,0.0,0.0,4.8361,0.9533662612544772,1.0,5006.539988891738,1000.0,5007.685298159012,1000.0,0.007112507003186548,0.0
8586,1703441040000.0,0.0,0.0,1.6,4.685401412200789,0.0,0.0,4.82965,0.9533662612544772,1.0,5007.309642850534,1000.0,5007.540440591013,1000.0,0.0014971397405441089,0.0
8587,1703444640000.0,0.0,0.0,52.8,4.741289239315551,0.0,0.0,4.73385,0.9533662612544772,1.0,5007.302023188874,1000.0,5006.909231353013,1000.0,0.04999500143521067,0.0
8588,1703448240000.0,0.0,0.0,52.8,4.741289239315551,0.0,0.0,4.67675,0.9533662612544772,1.0,5007.302023188874,1000.0,5003.894351353013,1000.0,0.04999500143521067,0.0
8589,1703451840000.0,0.0,0.0,52.8,4.741289239315551,0.0,0.0,4.64235,0.9533662612544772,1.0,5007.302023188874,1000.0,5002.078031353013,1000.0,0.04999500143521067,0.0
8590,1703455440000.0,0.0,0.0,52.8,4.741289239315551,0.0,0.0,4.609,0.9533662612544772,1.0,5007.302023188874,1000.0,5000.317151353013,1000.0,0.04999500143521067,0.0
8591,1703459040000.0,0.0,0.0,133.6,4.6416867652384814,0.0,0.0,4.60215,0.9533662612544772,1.0,5007.228065332874,1000.0,5001.945953497013,1000.0,0.12384683576313908,0.0
8592,1703462640000.0,0.0,0.0,133.6,4.6416867652384814,0.0,0.0,4.6152,0.9533662612544772,1.0,5007.228065332874,1000.0,5003.689433497013,1000.0,0.12384683576313908,0.0
8593,1703466240000.0,0.0,0.0,133.6,4.6416867652384814,0.0,0.0,4.62805,0.9533662612544772,1.0,5007.228065332874,1000.0,5005.406193497013,1000.0,0.12384683576313908,0.0
8594,1703469840000.0,0.0,0.0,84.3,4.6416867652384814,0.0,0.0,4.71115,0.9533662612544772,1.0,5009.470013140618,1000.0,5015.325763831014,1000.0,0.07811089661844038,0.0
8595,1703473440000.0,0.0,0.0,62.0,4.6416867652384814,0.0,0.0,4.65205,0.9533662612544772,1.0,5010.4841193498005,1000.0,5011.126639905015,1000.0,0.05743648170311555,0.0
8596,1703477040000.0,0.0,0.0,62.0,4.6416867652384814,0.0,0.0,4.66095,0.9533662612544772,1.0,5010.4841193498005,1000.0,5011.678439905015,1000.0,0.05743648170311555,0.0
8597,1703480640000.0,0.0,0.0,62.0,4.6416867652384814,0.0,0.0,4.6256,0.9533662612544772,1.0,5010.4841193498005,1000.0,5009.4867399050145,1000.0,0.05743648170311555,0.0
8598,1703484240000.0,0.0,0.0,53.2,4.6416867652384814,0.0,0.0,4.68665,0.9533662612544772,1.0,5010.884304759702,1000.0,5013.2763488490145,1000.0,0.049280270884747394,0.0
8599,1703487840000.0,0.0,0.0,53.8,4.656114547475756,0.0,0.0,4.657,0.9533662612544772,1.0,5012.6565741552095,1000.0,5012.704211501014,1000.0,0.049973294389594726,0.0
8600,1703491440000.0,0.0,0.0,53.8,4.656114547475756,0.0,0.0,4.6302,0.9533662612544772,1.0,5012.6565741552095,1000.0,5011.262371501014,1000.0,0.049973294389594726,0.0
8601,1703495040000.0,0.0,0.0,53.8,4.656114547475756,0.0,0.0,4.6274,0.9533662612544772,1.0,5012.6565741552095,1000.0,5011.111731501014,1000.0,0.049973294389594726,0.0
8602,1703498640000.0,0.0,0.0,53.8,4.656114547475756,0.0,0.0,4.66275,0.9533662612544772,1.0,5012.6565741552095,1000.0,5013.013561501014,1000.0,0.049973294389594726,0.0
8603,1703502240000.0,0.0,0.0,53.8,4.656114547475756,0.0,0.0,4.67525,0.9533662612544772,1.0,5012.6565741552095,1000.0,5013.686061501014,1000.0,0.049973294389594726,0.0
8604,1703505840000.0,0.0,0.0,29.2,4.656114547475756,0.0,0.0,4.6974,0.9533662612544772,1.0,5013.779439003305,1000.0,5014.984974217013,1000.0,0.027116977609473666,0.0
8605,1703509440000.0,0.0,0.0,5.6,4.656114547475756,0.0,0.0,4.7311,0.9533662612544772,1.0,5015.2433315888775,1000.0,5015.663250123013,1000.0,0.005198998282223658,0.0
8606,1703513040000.0,0.0,0.0,53.6,4.675877096472252,0.0,0.0,4.70395,0.9533662612544772,1.0,5015.287848413925,1000.0,5016.792556043012,1000.0,0.049972607743775474,0.0
8607,1703516640000.0,0.0,0.0,46.0,4.675877096472252,0.0,0.0,4.75595,0.9533662612544772,1.0,5015.636523976736,1000.0,5019.319877539012,1000.0,0.04288395807979831,0.0
8608,1703520240000.0,0.0,0.0,26.7,4.675877096472252,0.0,0.0,4.72595,0.9533662612544772,1.0,5017.401880376821,1000.0,5018.7388269010125,1000.0,0.024882582948773647,0.0
8609,1703523840000.0,0.0,0.0,53.4,4.692648462525237,0.0,0.0,4.6482,0.9533662612544772,1.0,5017.92503896986,1000.0,5015.551491071013,1000.0,0.04993845582641291,0.0
8610,1703527440000.0,0.0,0.0,53.4,4.692648462525237,0.0,0.0,4.6711,0.9533662612544772,1.0,5017.92503896986,1000.0,5016.7743510710125,1000.0,0.04993845582641291,0.0
8611,1703531040000.0,0.0,0.0,53.4,4.692648462525237,0.0,0.0,4.62275,0.9533662612544772,1.0,5017.92503896986,1000.0,5014.192461071012,1000.0,0.04993845582641291,0.0
8612,1703534640000.0,0.0,0.0,53.4,4.692648462525237,0.0,0.0,4.6115,0.9533662612544772,1.0,5017.92503896986,1000.0,5013.5917110710125,1000.0,0.04993845582641291,0.0
8613,1703538240000.0,0.0,0.0,53.4,4.692648462525237,0.0,0.0,4.565,0.9533662612544772,1.0,5017.92503896986,1000.0,5011.108611071012,1000.0,0.04993845582641291,0.0
8614,1703541840000.0,0.0,0.0,53.4,4.692648462525237,0.0,0.0,4.5797,0.9533662612544772,1.0,5017.92503896986,1000.0,5011.893591071012,1000.0,0.04993845582641291,0.0
8615,1703545440000.0,0.0,0.0,53.4,4.692648462525237,0.0,0.0,4.63165,0.9533662612544772,1.0,5017.92503896986,1000.0,5014.667721071012,1000.0,0.04993845582641291,0.0
8616,1703549040000.0,0.0,0.0,53.4,4.692648462525237,0.0,0.0,4.63665,0.9533662612544772,1.0,5017.92503896986,1000.0,5014.934721071012,1000.0,0.04993845582641291,0.0
8617,1703552640000.0,0.0,0.0,53.4,4.692648462525237,0.0,0.0,4.60395,0.9533662612544772,1.0,5017.92503896986,1000.0,5013.188541071012,1000.0,0.04993845582641291,0.0
8618,1703556240000.0,0.0,0.0,53.4,4.692648462525237,0.0,0.0,4.61495,0.9533662612544772,1.0,5017.92503896986,1000.0,5013.775941071012,1000.0,0.04993845582641291,0.0
8619,1703559840000.0,0.0,0.0,53.4,4.692648462525237,0.0,0.0,4.61075,0.9533662612544772,1.0,5017.92503896986,1000.0,5013.551661071012,1000.0,0.04993845582641291,0.0
8620,1703563440000.0,0.0,0.0,53.4,4.692648462525237,0.0,0.0,4.7034,0.9533662612544772,1.0,5017.92503896986,1000.0,5018.499171071012,1000.0,0.04993845582641291,0.0
8621,1703567040000.0,0.0,0.0,33.7,4.692648462525237,0.0,0.0,4.7368,0.9533662612544772,1.0,5018.831310234114,1000.0,5020.319217047014,1000.0,0.031509776561851326,0.0
8622,1703570640000.0,0.0,0.0,53.9,4.675418192337279,0.0,0.0,4.6199,0.9533662612544772,1.0,5019.028850097992,1000.0,5016.036419531013,1000.0,0.050209920702499876,0.0
8623,1703574240000.0,0.0,0.0,53.9,4.675418192337279,0.0,0.0,4.59585,0.9533662612544772,1.0,5019.028850097992,1000.0,5014.740124531013,1000.0,0.050209920702499876,0.0
8624,1703577840000.0,0.0,0.0,34.0,4.675418192337279,0.0,0.0,4.70895,0.9533662612544772,1.0,5019.9410137144805,1000.0,5021.081095175013,1000.0,0.031666551082010164,0.0
8625,1703581440000.0,0.0,0.0,53.9,4.666111254687675,0.0,0.0,4.65295,0.9533662612544772,1.0,5020.32213620668,1000.0,5019.612744579014,1000.0,0.05009706345611119,0.0
8626,1703585040000.0,0.0,0.0,53.9,4.666111254687675,0.0,0.0,4.64335,0.9533662612544772,1.0,5020.32213620668,1000.0,5019.095304579014,1000.0,0.05009706345611119,0.0
8627,1703588640000.0,0.0,0.0,53.9,4.666111254687675,0.0,0.0,4.64685,0.9533662612544772,1.0,5020.32213620668,1000.0,5019.283954579014,1000.0,0.05009706345611119,0.0
8628,1703592240000.0,0.0,0.0,53.9,4.666111254687675,0.0,0.0,4.67335,0.9533662612544772,1.0,5020.32213620668,1000.0,5020.712304579014,1000.0,0.05009706345611119,0.0
8629,1703595840000.0,0.0,0.0,22.4,4.666111254687675,0.0,0.0,4.7451,0.9533662612544772,1.0,5022.848203988018,1000.0,5024.617551883014,1000.0,0.02080908836186148,0.0
8630,1703599440000.0,0.0,0.0,1.4,4.666111254687675,0.0,0.0,4.853,0.9533662612544772,1.0,5025.239647667578,1000.0,5025.501291911015,1000.0,0.0012999490998593024,0.0
8631,1703603040000.0,0.0,0.0,0.0,4.666111254687675,0.0,0.0,5.03475,0.9533662612544772,1.0,5025.504062245017,1000.0,5025.504062245017,1000.0,0.0,0.0
8632,1703606640000.0,0.0,0.0,0.0,4.666111254687675,0.0,0.0,4.9025,0.9533662612544772,1.0,5025.504062245017,1000.0,5025.504062245017,1000.0,0.0,0.0
8633,1703610240000.0,0.0,0.0,0.0,4.666111254687675,0.0,0.0,4.942,0.9533662612544772,1.0,5025.504062245017,1000.0,5025.504062245017,1000.0,0.0,0.0
8634,1703613840000.0,0.0,0.0,4.1,4.712869947009842,0.0,0.0,4.94485,0.9533662612544772,1.0,5040.410314643758,1000.0,5041.361432861018,1000.0,0.0038335702009422673,0.0
8635,1703617440000.0,0.0,0.0,0.0,4.712869947009842,0.0,0.0,5.037,0.9533662612544772,1.0,5041.515141525018,1000.0,5041.515141525018,1000.0,0.0,0.0
8636,1703621040000.0,0.0,0.0,0.0,4.712869947009842,0.0,0.0,5.02585,0.9533662612544772,1.0,5041.515141525018,1000.0,5041.515141525018,1000.0,0.0,0.0
8637,1703624640000.0,0.0,0.0,0.0,4.712869947009842,0.0,0.0,5.07445,0.9533662612544772,1.0,5041.515141525018,1000.0,5041.515141525018,1000.0,0.0,0.0
8638,1703628240000.0,0.0,0.0,0.0,4.712869947009842,0.0,0.0,5.21425,0.9533662612544772,1.0,5041.515141525018,1000.0,5041.515141525018,1000.0,0.0,0.0
8639,1703631840000.0,0.0,0.0,0.0,4.712869947009842,0.0,0.0,5.2542,0.9533662612544772,1.0,5041.515141525018,1000.0,5041.515141525018,1000.0,0.0,0.0
8640,1703635440000.0,0.0,0.0,0.0,4.712869947009842,0.0,0.0,5.1731,0.9533662612544772,1.0,5041.515141525018,1000.0,5041.515141525018,1000.0,0.0,0.0
8641,1703639040000.0,0.0,0.0,0.0,4.712869947009842,0.0,0.0,5.26255,0.9533662612544772,1.0,5041.515141525018,1000.0,5041.515141525018,1000.0,0.0,0.0
8642,1703642640000.0,0.0,0.0,49.7,5.0767,0.0,0.0,5.09585,0.9533662612544772,1.0,5041.464679127019,1000.0,5042.416434127019,1000.0,0.05004735846799395,0.0
8643,1703646240000.0,0.0,0.0,49.7,5.0767,0.0,0.0,4.992,0.9533662612544772,1.0,5041.464679127019,1000.0,5037.255089127018,1000.0,0.05004735846799395,0.0
8644,1703649840000.0,0.0,0.0,125.8,4.970051112877584,0.0,0.0,4.9119,0.9533662612544772,1.0,5041.390095039019,1000.0,5034.074685039019,1000.0,0.12401984734632225,0.0
8645,1703653440000.0,0.0,0.0,125.8,4.970051112877584,0.0,0.0,4.968,0.9533662612544772,1.0,5041.390095039019,1000.0,5041.132065039019,1000.0,0.12401984734632225,0.0
8646,1703657040000.0,0.0,0.0,68.0,4.970051112877584,0.0,0.0,5.0323,0.9533662612544772,1.0,5044.207551826695,1000.0,5048.440476151019,1000.0,0.06700031118927424,0.0
8647,1703660640000.0,0.0,0.0,50.3,4.989514297521707,0.0,0.0,4.94965,0.9533662612544772,1.0,5046.301850038361,1000.0,5044.29667587302,1000.0,0.049733958971050055,0.0
8648,1703664240000.0,0.0,0.0,50.3,4.989514297521707,0.0,0.0,4.9425,0.9533662612544772,1.0,5046.301850038361,1000.0,5043.9370308730195,1000.0,0.049733958971050055,0.0
8649,1703667840000.0,0.0,0.0,8.8,4.989514297521707,0.0,0.0,5.07775,0.9533662612544772,1.0,5049.71236319921,1000.0,5050.488837381019,1000.0,0.008695094425214664,0.0
8650,1703671440000.0,0.0,0.0,5.2,4.989514297521707,0.0,0.0,5.0867,0.9533662612544772,1.0,5050.063968224132,1000.0,5050.569333877019,1000.0,0.0051376526139799905,0.0
8651,1703675040000.0,0.0,0.0,50.2,5.031937735010393,0.0,0.0,5.06245,0.9533662612544772,1.0,5050.448996464542,1000.0,5051.98071216702,1000.0,0.05001600342352754,0.0
8652,1703678640000.0,0.0,0.0,20.1,5.031937735010393,0.0,0.0,5.05895,0.9533662612544772,1.0,5051.934305194728,1000.0,5052.4772517210195,1000.0,0.02002044016481136,0.0
8653,1703682240000.0,0.0,0.0,50.1,5.038866911210675,0.0,0.0,5.05275,0.9533662612544772,1.0,5052.155409108674,1000.0,5052.850951857019,1000.0,0.04996822381918628,0.0
8654,1703685840000.0,0.0,0.0,16.8,5.038866911210675,0.0,0.0,5.13925,0.9533662612544772,1.0,5053.963263755357,1000.0,5055.649699647018,1000.0,0.016749817853926742,0.0
8655,1703689440000.0,0.0,0.0,50.0,5.055187233747073,0.0,0.0,5.08605,0.9533662612544772,1.0,5054.89585886837,1000.0,5056.438997181016,1000.0,0.05000288210565399,0.0
8656,1703693040000.0,0.0,0.0,50.0,5.055187233747073,0.0,0.0,4.9626,0.9533662612544772,1.0,5054.89585886837,1000.0,5050.266497181016,1000.0,0.05000288210565399,0.0
8657,1703696640000.0,0.0,0.0,50.0,5.055187233747073,0.0,0.0,4.9406,0.9533662612544772,1.0,5054.89585886837,1000.0,5049.166497181016,1000.0,0.05000288210565399,0.0
8658,1703700240000.0,0.0,0.0,50.3,5.043369713447466,0.0,0.0,5.0379,0.9533662612544772,1.0,5055.789556907424,1000.0,5055.514430321017,1000.0,0.05017643510098588,0.0
8659,1703703840000.0,0.0,0.0,50.3,5.043369713447466,0.0,0.0,4.99355,0.9533662612544772,1.0,5055.789556907424,1000.0,5053.283625321017,1000.0,0.05017643510098588,0.0
8660,1703707440000.0,0.0,0.0,50.3,5.043369713447466,0.0,0.0,4.9843,0.9533662612544772,1.0,5055.789556907424,1000.0,5052.818350321017,1000.0,0.05017643510098588,0.0
8661,1703711040000.0,0.0,0.0,50.3,5.043369713447466,0.0,0.0,5.00655,0.9533662612544772,1.0,5055.789556907424,1000.0,5053.937525321016,1000.0,0.05017643510098588,0.0
8662,1703714640000.0,0.0,0.0,50.3,5.043369713447466,0.0,0.0,4.9698,0.9533662612544772,1.0,5055.789556907424,1000.0,5052.089000321017,1000.0,0.05017643510098588,0.0
8663,1703718240000.0,0.0,0.0,50.3,5.043369713447466,0.0,0.0,4.9751,0.9533662612544772,1.0,5055.789556907424,1000.0,5052.355590321017,1000.0,0.05017643510098588,0.0
8664,1703721840000.0,0.0,0.0,50.3,5.043369713447466,0.0,0.0,5.003,0.9533662612544772,1.0,5055.789556907424,1000.0,5053.758960321017,1000.0,0.05017643510098588,0.0
8665,1703725440000.0,0.0,0.0,50.3,5.043369713447466,0.0,0.0,4.9763,0.9533662612544772,1.0,5055.789556907424,1000.0,5052.415950321017,1000.0,0.05017643510098588,0.0
8666,1703729040000.0,0.0,0.0,50.3,5.043369713447466,0.0,0.0,4.93065,0.9533662612544772,1.0,5055.789556907424,1000.0,5050.119755321017,1000.0,0.05017643510098588,0.0
8667,1703732640000.0,0.0,0.0,127.3,4.937414741448606,0.0,0.0,4.87025,0.9533662612544772,1.0,5055.714586627424,1000.0,5047.164515041017,1000.0,0.12432127759919503,0.0
8668,1703736240000.0,0.0,0.0,127.3,4.937414741448606,0.0,0.0,4.901,0.9533662612544772,1.0,5055.714586627424,1000.0,5051.078990041016,1000.0,0.12432127759919503,0.0
8669,1703739840000.0,0.0,0.0,127.3,4.937414741448606,0.0,0.0,4.88625,0.9533662612544772,1.0,5055.714586627424,1000.0,5049.201315041017,1000.0,0.12432127759919503,0.0
8670,1703743440000.0,0.0,0.0,127.3,4.937414741448606,0.0,0.0,4.85855,0.9533662612544772,1.0,5055.714586627424,1000.0,5045.675105041017,1000.0,0.12432127759919503,0.0
8671,1703747040000.0,0.0,0.0,127.3,4.937414741448606,0.0,0.0,4.84735,0.9533662612544772,1.0,5055.714586627424,1000.0,5044.249345041017,1000.0,0.12432127759919503,0.0
8672,1703750640000.0,0.0,0.0,127.3,4.937414741448606,0.0,0.0,4.88405,0.9533662612544772,1.0,5055.714586627424,1000.0,5048.921255041017,1000.0,0.12432127759919503,0.0
8673,1703754240000.0,0.0,0.0,127.3,4.937414741448606,0.0,0.0,4.93955,0.9533662612544772,1.0,5055.714586627424,1000.0,5055.986405041016,1000.0,0.12432127759919503,0.0
8674,1703757840000.0,0.0,0.0,127.3,4.937414741448606,0.0,0.0,4.89005,0.9533662612544772,1.0,5055.714586627424,1000.0,5049.685055041016,1000.0,0.12432127759919503,0.0
8675,1703761440000.0,0.0,0.0,127.3,4.937414741448606,0.0,0.0,4.91185,0.9533662612544772,1.0,5055.714586627424,1000.0,5052.460195041017,1000.0,0.12432127759919503,0.0
8676,1703765040000.0,0.0,0.0,127.3,4.937414741448606,0.0,0.0,4.8886,0.9533662612544772,1.0,5055.714586627424,1000.0,5049.500470041016,1000.0,0.12432127759919503,0.0
8677,1703768640000.0,0.0,0.0,322.1,4.821348328427219,0.0,0.0,4.80705,0.9533662612544772,1.0,5055.529701947424,1000.0,5050.924210361017,1000.0,0.3071797394421792,0.0
8678,1703772240000.0,0.0,0.0,322.1,4.821348328427219,0.0,0.0,4.74625,0.9533662612544772,1.0,5055.529701947424,1000.0,5031.340530361016,1000.0,0.3071797394421792,0.0
8679,1703775840000.0,0.0004900420451044998,0.0,1086.0,4.655028919508663,0.0,0.0,4.6137,0.9533662612544772,1.0,5054.829220925424,1000.0,5009.946014339016,1000.0,1.000105282619397,0.0
8680,1703779440000.0,0.0004900420451044998,0.0,1086.0,4.655028919508663,0.0,0.0,4.5826,0.9533662612544772,1.0,5054.829220925424,1000.0,4976.171414339016,1000.0,1.000105282619397,0.0
8681,1703783040000.0,0.0004900420451044998,0.0,1086.0,4.655028919508663,0.0,0.0,4.59405,0.9533662612544772,1.0,5054.829220925424,1000.0,4988.606114339017,1000.0,1.000105282619397,0.0
8682,1703786640000.0,0.0004900420451044998,0.0,1086.0,4.655028919508663,0.0,0.0,4.5932,0.9533662612544772,1.0,5054.829220925424,1000.0,4987.683014339017,1000.0,1.000105282619397,0.0
8683,1703790240000.0,0.0004900420451044998,0.0,1086.0,4.655028919508663,0.0,0.0,4.6027,0.9533662612544772,1.0,5054.829220925424,1000.0,4998.000014339016,1000.0,1.000105282619397,0.0
8684,1703793840000.0,0.0,0.0,1075.1,4.655028919508663,0.0,0.0,4.61,0.9533662612544772,1.0,5054.76753804878,1000.0,5006.356946685017,1000.0,0.9900794752068115,0.0
8685,1703797440000.0,0.0,0.0,1075.1,4.655028919508663,0.0,0.0,4.56765,0.9533662612544772,1.0,5054.76753804878,1000.0,4960.826461685017,1000.0,0.9900794752068115,0.0
8686,1703801040000.0,0.0,0.0,1075.1,4.655028919508663,0.0,0.0,4.55915,0.9533662612544772,1.0,5054.76753804878,1000.0,4951.688111685016,1000.0,0.9900794752068115,0.0
8687,1703804640000.0,0.0,0.0,1075.1,4.655028919508663,0.0,0.0,4.56855,0.9533662612544772,1.0,5054.76753804878,1000.0,4961.794051685017,1000.0,0.9900794752068115,0.0
8688,1703808240000.0,0.0,0.0,1075.1,4.655028919508663,0.0,0.0,4.575,0.9533662612544772,1.0,5054.76753804878,1000.0,4968.728446685017,1000.0,0.9900794752068115,0.0
8689,1703811840000.0,0.0,0.0,1075.1,4.655028919508663,0.0,0.0,4.49345,0.9533662612544772,1.0,5054.76753804878,1000.0,4881.054041685017,1000.0,0.9900794752068115,0.0
8690,1703815440000.0,0.0,0.0,1075.1,4.655028919508663,0.0,0.0,4.5151,0.9533662612544772,1.0,5054.76753804878,1000.0,4904.329956685017,1000.0,0.9900794752068115,0.0
8691,1703819040000.0,0.0,0.0,1075.1,4.655028919508663,0.0,0.0,4.59665,0.9533662612544772,1.0,5054.76753804878,1000.0,4992.004361685017,1000.0,0.9900794752068115,0.0
8692,1703822640000.0,0.0,0.0,1075.1,4.655028919508663,0.0,0.0,4.6228,0.9533662612544772,1.0,5054.76753804878,1000.0,5020.118226685016,1000.0,0.9900794752068115,0.0
8693,1703826240000.0,0.0,0.0,1075.1,4.655028919508663,0.0,0.0,4.6006,0.9533662612544772,1.0,5054.76753804878,1000.0,4996.251006685016,1000.0,0.9900794752068115,0.0
8694,1703829840000.0,0.0,0.0,1075.1,4.655028919508663,0.0,0.0,4.6254,0.9533662612544772,1.0,5054.76753804878,1000.0,5022.913486685016,1000.0,0.9900794752068115,0.0
8695,1703833440000.0,0.0,0.0,1075.1,4.655028919508663,0.0,0.0,4.6275,0.9533662612544772,1.0,5054.76753804878,1000.0,5025.171196685017,1000.0,0.9900794752068115,0.0
8696,1703837040000.0,0.0,0.0,1064.1,4.655028919508663,0.0,0.0,4.56145,0.9533662612544772,1.0,5053.931594044185,1000.0,4954.3542657950165,1000.0,0.9801114599743556,0.0
8697,1703840640000.0,0.0,0.0,1064.1,4.655028919508663,0.0,0.0,4.6255,0.9533662612544772,1.0,5053.931594044185,1000.0,5022.5098707950165,1000.0,0.9801114599743556,0.0
8698,1703844240000.0,0.0,0.0,781.8,4.655028919508663,0.0,0.0,4.6971,0.9533662612544772,1.0,5066.8131577308895,1000.0,5099.704328459017,1000.0,0.71826244544247,0.0
8699,1703847840000.0,0.0,0.0,574.5,4.655028919508663,0.0,0.0,4.66115,0.9533662612544772,1.0,5076.272414380744,1000.0,5079.788975123017,1000.0,0.5268263591767794,0.0
8700,1703851440000.0,0.0,0.0,38.1,4.655028919508663,0.0,0.0,4.75405,0.9533662612544772,1.0,5105.591395586296,1000.0,5109.364098753016,1000.0,0.03473771951014373,0.0
8701,1703855040000.0,0.0,0.0,31.8,4.655028919508663,0.0,0.0,4.73555,0.9533662612544772,1.0,5106.165462047391,1000.0,5108.726032407016,1000.0,0.028990427501936207,0.0
8702,1703858640000.0,0.0,0.0,2.9,4.655028919508663,0.0,0.0,4.7769,0.9533662612544772,1.0,5109.257326327589,1000.0,5109.610752461014,1000.0,0.002642181241687096,0.0
8703,1703862240000.0,0.0,0.0,1.1,4.655028919508663,0.0,0.0,4.73505,0.9533662612544772,1.0,5109.421345316473,1000.0,5109.509368505013,1000.0,0.001002174505759491,0.0
8704,1703865840000.0,0.0,0.0,137.6,4.59637174281584,0.0,0.0,4.5925,0.9533662612544772,1.0,5109.295877272473,1000.0,5108.763125461013,1000.0,0.12378628425588264,0.0
8705,1703869440000.0,0.0,0.0,137.6,4.59637174281584,0.0,0.0,4.47425,0.9533662612544772,1.0,5109.295877272473,1000.0,5092.491925461013,1000.0,0.12378628425588264,0.0
8706,1703873040000.0,0.0,0.0,137.6,4.59637174281584,0.0,0.0,4.50325,0.9533662612544772,1.0,5109.295877272473,1000.0,5096.482325461014,1000.0,0.12378628425588264,0.0
8707,1703876640000.0,0.0,0.0,137.6,4.59637174281584,0.0,0.0,4.5395,0.9533662612544772,1.0,5109.295877272473,1000.0,5101.470325461014,1000.0,0.12378628425588264,0.0
8708,1703880240000.0,0.0,0.0,137.6,4.59637174281584,0.0,0.0,4.53645,0.9533662612544772,1.0,5109.295877272473,1000.0,5101.050645461014,1000.0,0.12378628425588264,0.0
8709,1703883840000.0,0.0,0.0,137.6,4.59637174281584,0.0,0.0,4.58095,0.9533662612544772,1.0,5109.295877272473,1000.0,5107.173845461014,1000.0,0.12378628425588264,0.0
8710,1703887440000.0,0.0,0.0,137.6,4.59637174281584,0.0,0.0,4.5333,0.9533662612544772,1.0,5109.295877272473,1000.0,5100.617205461013,1000.0,0.12378628425588264,0.0
8711,1703891040000.0,0.0,0.0,137.6,4.59637174281584,0.0,0.0,4.5882,0.9533662612544772,1.0,5109.295877272473,1000.0,5108.171445461014,1000.0,0.12378628425588264,0.0
8712,1703894640000.0,0.0,0.0,137.6,4.59637174281584,0.0,0.0,4.59265,0.9533662612544772,1.0,5109.295877272473,1000.0,5108.783765461014,1000.0,0.12378628425588264,0.0
8713,1703898240000.0,0.0,0.0,118.0,4.59637174281584,0.0,0.0,4.64885,0.9533662612544772,1.0,5110.179832905283,1000.0,5116.372267253014,1000.0,0.10613557318665151,0.0
8714,1703901840000.0,0.0,0.0,47.5,4.59637174281584,0.0,0.0,4.66705,0.9533662612544772,1.0,5116.517135516766,1000.0,5119.874352733013,1000.0,0.04267114757971028,0.0
8715,1703905440000.0,0.0,0.0,55.5,4.600802470394347,0.0,0.0,4.6327,0.9533662612544772,1.0,5116.8057415099,1000.0,5118.576054403014,1000.0,0.04990311338877163,0.0
8716,1703909040000.0,0.0,0.0,55.5,4.600802470394347,0.0,0.0,4.63515,0.9533662612544772,1.0,5116.8057415099,1000.0,5118.712029403014,1000.0,0.04990311338877163,0.0
8717,1703912640000.0,0.0,0.0,14.1,4.600802470394347,0.0,0.0,4.662,0.9533662612544772,1.0,5118.675702903574,1000.0,5119.538588071014,1000.0,0.012673456690323628,0.0
8718,1703916240000.0,0.0,0.0,3.3,4.600802470394347,0.0,0.0,4.67935,0.9533662612544772,1.0,5119.365528509314,1000.0,5119.6247353570125,1000.0,0.0029657284809514895,0.0
8719,1703919840000.0,0.0,0.0,1.9,4.600802470394347,0.0,0.0,4.6495,0.9533662612544772,1.0,5119.4287639187605,1000.0,5119.521289225011,1000.0,0.0017075195489306698,0.0
8720,1703923440000.0,0.0,0.0,55.2,4.636310923269442,0.0,0.0,4.6012,0.9533662612544772,1.0,5119.410300943486,1000.0,5117.4721779790125,1000.0,0.049990984883025974,0.0
8721,1703927040000.0,0.0,0.0,55.2,4.636310923269442,0.0,0.0,4.55445,0.9533662612544772,1.0,5119.410300943486,1000.0,5114.891577979012,1000.0,0.049990984883025974,0.0
8722,1703930640000.0,0.0,0.0,55.2,4.636310923269442,0.0,0.0,4.5355,0.9533662612544772,1.0,5119.410300943486,1000.0,5113.845537979012,1000.0,0.049990984883025974,0.0
8723,1703934240000.0,0.0,0.0,55.2,4.636310923269442,0.0,0.0,4.52735,0.9533662612544772,1.0,5119.410300943486,1000.0,5113.395657979013,1000.0,0.049990984883025974,0.0
8724,1703937840000.0,0.0,0.0,55.2,4.636310923269442,0.0,0.0,4.52855,0.9533662612544772,1.0,5119.410300943486,1000.0,5113.461897979012,1000.0,0.049990984883025974,0.0
8725,1703941440000.0,0.0,0.0,55.2,4.636310923269442,0.0,0.0,4.52315,0.9533662612544772,1.0,5119.410300943486,1000.0,5113.1638179790125,1000.0,0.049990984883025974,0.0
8726,1703945040000.0,0.0,0.0,55.2,4.636310923269442,0.0,0.0,4.5241,0.9533662612544772,1.0,5119.410300943486,1000.0,5113.216257979013,1000.0,0.049990984883025974,0.0
8727,1703948640000.0,0.0,0.0,55.2,4.636310923269442,0.0,0.0,4.58845,0.9533662612544772,1.0,5119.410300943486,1000.0,5116.768377979012,1000.0,0.049990984883025974,0.0
8728,1703952240000.0,0.0,0.0,26.4,4.636310923269442,0.0,0.0,4.6861,0.9533662612544772,1.0,5122.0274523253265,1000.0,5123.341883951013,1000.0,0.023896515493829706,0.0
8729,1703955840000.0,0.0,0.0,19.5,4.636310923269442,0.0,0.0,4.6571,0.9533662612544772,1.0,5122.341074828767,1000.0,5122.746461825013,1000.0,0.017649754610839993,0.0
8730,1703959440000.0,0.0,0.0,19.5,4.636310923269442,0.0,0.0,4.6493,0.9533662612544772,1.0,5122.341074828767,1000.0,5122.594361825013,1000.0,0.017649754610839993,0.0
8731,1703963040000.0,0.0,0.0,55.6,4.614552931722196,0.0,0.0,4.60075,0.9533662612544772,1.0,5122.307842612767,1000.0,5121.540399609013,1000.0,0.050088583288442956,0.0
8732,1703966640000.0,0.0,0.0,55.6,4.614552931722196,0.0,0.0,4.5905,0.9533662612544772,1.0,5122.307842612767,1000.0,5120.970499609012,1000.0,0.050088583288442956,0.0
8733,1703970240000.0,0.0,0.0,55.6,4.614552931722196,0.0,0.0,4.57695,0.9533662612544772,1.0,5122.307842612767,1000.0,5120.217119609013,1000.0,0.050088583288442956,0.0
8734,1703973840000.0,0.0,0.0,55.6,4.614552931722196,0.0,0.0,4.59055,0.9533662612544772,1.0,5122.307842612767,1000.0,5120.973279609013,1000.0,0.050088583288442956,0.0
8735,1703977440000.0,0.0,0.0,55.6,4.614552931722196,0.0,0.0,4.57265,0.9533662612544772,1.0,5122.307842612767,1000.0,5119.978039609013,1000.0,0.050088583288442956,0.0
8736,1703981040000.0,0.0,0.0,55.6,4.614552931722196,0.0,0.0,4.54635,0.9533662612544772,1.0,5122.307842612767,1000.0,5118.515759609013,1000.0,0.050088583288442956,0.0
8737,1703984640000.0,0.0,0.0,55.6,4.614552931722196,0.0,0.0,4.6113,0.9533662612544772,1.0,5122.307842612767,1000.0,5122.126979609013,1000.0,0.050088583288442956,0.0
8738,1703988240000.0,0.0,0.0,55.6,4.614552931722196,0.0,0.0,4.5855,0.9533662612544772,1.0,5122.307842612767,1000.0,5120.692499609013,1000.0,0.050088583288442956,0.0
8739,1703991840000.0,0.0,0.0,55.6,4.614552931722196,0.0,0.0,4.5664,0.9533662612544772,1.0,5122.307842612767,1000.0,5119.630539609013,1000.0,0.050088583288442956,0.0
8740,1703995440000.0,0.0,0.0,55.6,4.614552931722196,0.0,0.0,4.56235,0.9533662612544772,1.0,5122.307842612767,1000.0,5119.4053596090125,1000.0,0.050088583288442956,0.0
8741,1703999040000.0,0.0,0.0,55.6,4.614552931722196,0.0,0.0,4.5934,0.9533662612544772,1.0,5122.307842612767,1000.0,5121.131739609013,1000.0,0.050088583288442956,0.0
8742,1704002640000.0,0.0,0.0,55.6,4.614552931722196,0.0,0.0,4.5962,0.9533662612544772,1.0,5122.307842612767,1000.0,5121.287419609012,1000.0,0.050088583288442956,0.0
8743,1704006240000.0,0.0,0.0,55.6,4.614552931722196,0.0,0.0,4.5985,0.9533662612544772,1.0,5122.307842612767,1000.0,5121.415299609012,1000.0,0.050088583288442956,0.0
8744,1704009840000.0,0.0,0.0,30.1,4.614552931722196,0.0,0.0,4.65565,0.9533662612544772,1.0,5123.46082328385,1000.0,5124.697845039012,1000.0,0.027110199147733948,0.0
8745,1704013440000.0,0.0,0.0,55.7,4.608140094162264,0.0,0.0,4.63405,0.9533662612544772,1.0,5123.43726821185,1000.0,5124.880449967012,1000.0,0.05009789128040221,0.0
8746,1704017040000.0,0.0,0.0,41.0,4.608140094162264,0.0,0.0,4.6667,0.9533662612544772,1.0,5124.102135185665,1000.0,5126.503091325012,1000.0,0.0368715804010427,0.0
8747,1704020640000.0,0.0,0.0,41.0,4.608140094162264,0.0,0.0,4.63615,0.9533662612544772,1.0,5124.102135185665,1000.0,5125.250541325013,1000.0,0.0368715804010427,0.0
8748,1704024240000.0,0.0,0.0,55.5,4.610585474966718,0.0,0.0,4.5897,0.9533662612544772,1.0,5124.088744435665,1000.0,5122.929600575012,1000.0,0.04993814639501032,0.0
8749,1704027840000.0,0.0,0.0,55.5,4.610585474966718,0.0,0.0,4.573,0.9533662612544772,1.0,5124.088744435665,1000.0,5122.002750575012,1000.0,0.04993814639501032,0.0
8750,1704031440000.0,0.0,0.0,55.5,4.610585474966718,0.0,0.0,4.5894,0.9533662612544772,1.0,5124.088744435665,1000.0,5122.9129505750125,1000.0,0.04993814639501032,0.0
8751,1704035040000.0,0.0,0.0,55.5,4.610585474966718,0.0,0.0,4.58425,0.9533662612544772,1.0,5124.088744435665,1000.0,5122.627125575012,1000.0,0.04993814639501032,0.0
8752,1704038640000.0,0.0,0.0,55.5,4.610585474966718,0.0,0.0,4.5475,0.9533662612544772,1.0,5124.088744435665,1000.0,5120.587500575012,1000.0,0.04993814639501032,0.0
8753,1704042240000.0,0.0,0.0,55.5,4.610585474966718,0.0,0.0,4.5684,0.9533662612544772,1.0,5124.088744435665,1000.0,5121.747450575012,1000.0,0.04993814639501032,0.0
8754,1704045840000.0,0.0,0.0,55.5,4.610585474966718,0.0,0.0,4.58105,0.9533662612544772,1.0,5124.088744435665,1000.0,5122.449525575012,1000.0,0.04993814639501032,0.0
8755,1704049440000.0,0.0,0.0,55.5,4.610585474966718,0.0,0.0,4.5797,0.9533662612544772,1.0,5124.088744435665,1000.0,5122.374600575012,1000.0,0.04993814639501032,0.0
8756,1704053040000.0,0.0,0.0,55.5,4.610585474966718,0.0,0.0,4.55595,0.9533662612544772,1.0,5124.088744435665,1000.0,5121.056475575012,1000.0,0.04993814639501032,0.0
8757,1704056640000.0,0.0,0.0,55.5,4.610585474966718,0.0,0.0,4.53515,0.9533662612544772,1.0,5124.088744435665,1000.0,5119.902075575012,1000.0,0.04993814639501032,0.0
8758,1704060240000.0,0.0,0.0,55.5,4.610585474966718,0.0,0.0,4.536,0.9533662612544772,1.0,5124.088744435665,1000.0,5119.949250575012,1000.0,0.04993814639501032,0.0
8759,1704063840000.0,0.0,0.0,140.4,4.513781651429151,0.0,0.0,4.4872,0.9533662612544772,1.0,5124.013174945665,1000.0,5120.2811110850125,1000.0,0.12367941342527343,0.0
8760,1704067440000.0,0.0,0.0,140.4,4.513781651429151,0.0,0.0,4.4791,0.9533662612544772,1.0,5124.013174945665,1000.0,5119.1438710850125,1000.0,0.12367941342527343,0.0
8761,1704071040000.0,0.0,0.0,120.4,4.513781651429151,0.0,0.0,4.5378,0.9533662612544772,1.0,5124.8993059170825,1000.0,5127.791115085012,1000.0,0.10604292462968104,0.0
8762,1704074640000.0,0.0,0.0,120.4,4.513781651429151,0.0,0.0,4.52405,0.9533662612544772,1.0,5124.8993059170825,1000.0,5126.135615085012,1000.0,0.10604292462968104,0.0
8763,1704078240000.0,0.0,0.0,120.4,4.513781651429151,0.0,0.0,4.50355,0.9533662612544772,1.0,5124.8993059170825,1000.0,5123.667415085013,1000.0,0.10604292462968104,0.0
8764,1704081840000.0,0.0,0.0,120.4,4.513781651429151,0.0,0.0,4.4902,0.9533662612544772,1.0,5124.8993059170825,1000.0,5122.060075085013,1000.0,0.10604292462968104,0.0
8765,1704085440000.0,0.0,0.0,120.4,4.513781651429151,0.0,0.0,4.44335,0.9533662612544772,1.0,5124.8993059170825,1000.0,5116.419335085013,1000.0,0.10604292462968104,0.0
8766,1704089040000.0,0.0,0.0,120.4,4.513781651429151,0.0,0.0,4.451,0.9533662612544772,1.0,5124.8993059170825,1000.0,5117.3403950850125,1000.0,0.10604292462968104,0.0
8767,1704092640000.0,0.0,0.0,120.4,4.513781651429151,0.0,0.0,4.4729,0.9533662612544772,1.0,5124.8993059170825,1000.0,5119.977155085013,1000.0,0.10604292462968104,0.0
8768,1704096240000.0,0.0,0.0,120.4,4.513781651429151,0.0,0.0,4.4822,0.9533662612544772,1.0,5124.8993059170825,1000.0,5121.0968750850125,1000.0,0.10604292462968104,0.0
8769,1704099840000.0,0.0,0.0,120.4,4.513781651429151,0.0,0.0,4.53045,0.9533662612544772,1.0,5124.8993059170825,1000.0,5126.906175085012,1000.0,0.10604292462968104,0.0
8770,1704103440000.0,0.0,0.0,41.1,4.513781651429151,0.0,0.0,4.55915,0.9533662612544772,1.0,5128.412815218751,1000.0,5130.277454345013,1000.0,0.03617423802608311,0.0
8771,1704107040000.0,0.0,0.0,16.5,4.513781651429151,0.0,0.0,4.5477,0.9533662612544772,1.0,5129.502756313595,1000.0,5130.0624090650135,1000.0,0.014519418506386663,0.0
8772,1704110640000.0,0.0,0.0,10.5,4.513781651429151,0.0,0.0,4.5684,0.9533662612544772,1.0,5129.76859560502,1000.0,5130.342088265013,1000.0,0.00923915113453889,0.0
8773,1704114240000.0,0.0,0.0,6.3,4.513781651429151,0.0,0.0,4.59535,0.9533662612544772,1.0,5130.073459349019,1000.0,5130.587339945015,1000.0,0.005543161248925302,0.0
8774,1704117840000.0,0.0,0.0,0.5,4.513781651429151,0.0,0.0,4.62125,0.9533662612544772,1.0,5130.797223954731,1000.0,5130.850958129016,1000.0,0.0004398713742140452,0.0
8775,1704121440000.0,0.0,0.0,0.5,4.513781651429151,0.0,0.0,4.63305,0.9533662612544772,1.0,5130.797223954731,1000.0,5130.8568581290165,1000.0,0.0004398713742140452,0.0
8776,1704125040000.0,0.0,0.0,0.0,4.513781651429151,0.0,0.0,4.66385,0.9533662612544772,1.0,5130.863418419015,1000.0,5130.863418419015,1000.0,0.0,0.0
8777,1704128640000.0,0.0,0.0,0.0,4.513781651429151,0.0,0.0,4.6436,0.9533662612544772,1.0,5130.863418419015,1000.0,5130.863418419015,1000.0,0.0,0.0
8778,1704132240000.0,0.0,0.0,0.0,4.513781651429151,0.0,0.0,4.72595,0.9533662612544772,1.0,5130.863418419015,1000.0,5130.863418419015,1000.0,0.0,0.0
8779,1704135840000.0,0.0,0.0,0.0,4.513781651429151,0.0,0.0,4.71405,0.9533662612544772,1.0,5130.863418419015,1000.0,5130.863418419015,1000.0,0.0,0.0
8780,1704139440000.0,0.0,0.0,0.0,4.513781651429151,0.0,0.0,4.78635,0.9533662612544772,1.0,5130.863418419015,1000.0,5130.863418419015,1000.0,0.0,0.0
8781,1704143040000.0,0.0,0.0,0.0,4.513781651429151,0.0,0.0,4.7711,0.9533662612544772,1.0,5130.863418419015,1000.0,5130.863418419015,1000.0,0.0,0.0
8782,1704146640000.0,0.0,0.0,0.0,4.513781651429151,0.0,0.0,4.72645,0.9533662612544772,1.0,5130.863418419015,1000.0,5130.863418419015,1000.0,0.0,0.0
8783,1704150240000.0,0.0,0.0,54.7,4.6919,0.0,0.0,4.72095,0.9533662612544772,1.0,5130.812089033015,1000.0,5132.401124033015,1000.0,0.050020722947265325,0.0
8784,1704153840000.0,0.0,0.0,40.2,4.6919,0.0,0.0,4.74245,0.9533662612544772,1.0,5131.479846223016,1000.0,5133.511956223016,1000.0,0.036756332608190626,0.0
8785,1704157440000.0,0.0,0.0,20.6,4.6919,0.0,0.0,4.82565,0.9533662612544772,1.0,5132.794587295015,1000.0,5135.549837295015,1000.0,0.018830510038184922,0.0
8786,1704161040000.0,0.0,0.0,8.5,4.6919,0.0,0.0,4.81685,0.9533662612544772,1.0,5134.459957485014,1000.0,5135.522032485013,1000.0,0.007767350477017799,0.0
8787,1704164640000.0,0.0,0.0,5.5,4.6919,0.0,0.0,4.8212,0.9533662612544772,1.0,5134.872859185014,1000.0,5135.584009185014,1000.0,0.005025528519920499,0.0
8788,1704168240000.0,0.0,0.0,0.9,4.6919,0.0,0.0,4.8713,0.9533662612544772,1.0,5135.666243065016,1000.0,5135.827703065016,1000.0,0.0008222321701107753,0.0
8789,1704171840000.0,0.0,0.0,0.0,4.6919,0.0,0.0,4.9419,0.9533662612544772,1.0,5135.849631669013,1000.0,5135.849631669013,1000.0,0.0,0.0
8790,1704175440000.0,0.0,0.0,0.0,4.6919,0.0,0.0,4.93065,0.9533662612544772,1.0,5135.849631669013,1000.0,5135.849631669013,1000.0,0.0,0.0
8791,1704179040000.0,0.0,0.0,0.0,4.6919,0.0,0.0,4.9219,0.9533662612544772,1.0,5135.849631669013,1000.0,5135.849631669013,1000.0,0.0,0.0
8792,1704182640000.0,0.0,0.0,0.0,4.6919,0.0,0.0,4.978,0.9533662612544772,1.0,5135.849631669013,1000.0,5135.849631669013,1000.0,0.0,0.0
8793,1704186240000.0,0.0,0.0,0.0,4.6919,0.0,0.0,5.00815,0.9533662612544772,1.0,5135.849631669013,1000.0,5135.849631669013,1000.0,0.0,0.0
8794,1704189840000.0,0.0,0.0,0.0,4.6919,0.0,0.0,5.0813,0.9533662612544772,1.0,5135.849631669013,1000.0,5135.849631669013,1000.0,0.0,0.0
8795,1704193440000.0,0.0,0.0,0.0,4.6919,0.0,0.0,5.0343,0.9533662612544772,1.0,5135.849631669013,1000.0,5135.849631669013,1000.0,0.0,0.0
8796,1704197040000.0,0.0,0.0,51.8,4.9544,0.0,0.0,4.92745,0.9533662612544772,1.0,5135.798304085013,1000.0,5134.402294085013,1000.0,0.04997040475594031,0.0
8797,1704200640000.0,0.0,0.0,51.8,4.9544,0.0,0.0,4.93245,0.9533662612544772,1.0,5135.798304085013,1000.0,5134.661294085013,1000.0,0.04997040475594031,0.0
8798,1704204240000.0,0.0,0.0,51.8,4.9544,0.0,0.0,4.9145,0.9533662612544772,1.0,5135.798304085013,1000.0,5133.731484085013,1000.0,0.04997040475594031,0.0
8799,1704207840000.0,0.0,0.0,131.1,4.850299847444699,0.0,0.0,4.8004,0.9533662612544772,1.0,5135.722456807013,1000.0,5129.180586807013,1000.0,0.1238139941065539,0.0
8800,1704211440000.0,0.0,0.0,131.1,4.850299847444699,0.0,0.0,4.82255,0.9533662612544772,1.0,5135.722456807013,1000.0,5132.0844518070135,1000.0,0.1238139941065539,0.0
8801,1704215040000.0,0.0,0.0,131.1,4.850299847444699,0.0,0.0,4.8758,0.9533662612544772,1.0,5135.722456807013,1000.0,5139.065526807013,1000.0,0.1238139941065539,0.0
8802,1704218640000.0,0.0,0.0,131.1,4.850299847444699,0.0,0.0,4.8434,0.9533662612544772,1.0,5135.722456807013,1000.0,5134.817886807014,1000.0,0.1238139941065539,0.0
8803,1704222240000.0,0.0,0.0,131.1,4.850299847444699,0.0,0.0,4.78495,0.9533662612544772,1.0,5135.722456807013,1000.0,5127.155091807013,1000.0,0.1238139941065539,0.0
8804,1704225840000.0,0.0,0.0,131.1,4.850299847444699,0.0,0.0,4.7261,0.9533662612544772,1.0,5135.722456807013,1000.0,5119.439856807013,1000.0,0.1238139941065539,0.0
8805,1704229440000.0,0.0,0.0,131.1,4.850299847444699,0.0,0.0,4.69775,0.9533662612544772,1.0,5135.722456807013,1000.0,5115.723171807013,1000.0,0.1238139941065539,0.0
8806,1704233040000.0,0.0,0.0,331.7,4.736362526379258,0.0,0.0,4.6709,0.9533662612544772,1.0,5135.535421379013,1000.0,5113.821501379013,1000.0,0.3059177517225916,0.0
8807,1704236640000.0,0.0,0.0,331.7,4.736362526379258,0.0,0.0,4.6658,0.9533662612544772,1.0,5135.535421379013,1000.0,5112.129831379013,1000.0,0.3059177517225916,0.0
8808,1704240240000.0,0.0,0.0,331.7,4.736362526379258,0.0,0.0,4.69505,0.9533662612544772,1.0,5135.535421379013,1000.0,5121.832056379013,1000.0,0.3059177517225916,0.0
8809,1704243840000.0,0.0,0.0,331.7,4.736362526379258,0.0,0.0,4.741,0.9533662612544772,1.0,5135.535421379013,1000.0,5137.073671379013,1000.0,0.3059177517225916,0.0
8810,1704247440000.0,0.0,0.0,331.7,4.736362526379258,0.0,0.0,4.72075,0.9533662612544772,1.0,5135.535421379013,1000.0,5130.356746379013,1000.0,0.3059177517225916,0.0
8811,1704251040000.0,0.0,0.0,331.7,4.736362526379258,0.0,0.0,4.714,0.9533662612544772,1.0,5135.535421379013,1000.0,5128.117771379014,1000.0,0.3059177517225916,0.0
8812,1704254640000.0,0.0,0.0,331.7,4.736362526379258,0.0,0.0,4.68025,0.9533662612544772,1.0,5135.535421379013,1000.0,5116.922896379014,1000.0,0.3059177517225916,0.0
8813,1704258240000.0,0.0,0.0,331.7,4.736362526379258,0.0,0.0,4.7256,0.9533662612544772,1.0,5135.535421379013,1000.0,5131.965491379014,1000.0,0.3059177517225916,0.0
8814,1704261840000.0,0.0,0.0,331.7,4.736362526379258,0.0,0.0,4.7293,0.9533662612544772,1.0,5135.535421379013,1000.0,5133.1927813790135,1000.0,0.3059177517225916,0.0
8815,1704265440000.0,0.0,0.0,243.8,4.736362526379258,0.0,0.0,4.7838,0.9533662612544772,1.0,5139.621076106277,1000.0,5151.186332175013,1000.0,0.2246712679460936,0.0
8816,1704269040000.0,0.0,0.0,243.8,4.736362526379258,0.0,0.0,4.7247,0.9533662612544772,1.0,5139.621076106277,1000.0,5136.777752175014,1000.0,0.2246712679460936,0.0
8817,1704272640000.0,0.0,0.0,243.8,4.736362526379258,0.0,0.0,4.74765,0.9533662612544772,1.0,5139.621076106277,1000.0,5142.3729621750135,1000.0,0.2246712679460936,0.0
8818,1704276240000.0,0.0,0.0,112.9,4.736362526379258,0.0,0.0,4.77545,0.9533662612544772,1.0,5145.705401519231,1000.0,5150.118377291013,1000.0,0.10391876088948693,0.0
8819,1704279840000.0,0.0,0.0,52.4,4.736362526379258,0.0,0.0,4.7404,0.9533662612544772,1.0,5148.517484693286,1000.0,5148.729048311013,1000.0,0.04820521579661263,0.0
8820,1704283440000.0,0.0,0.0,335.5,4.52891992960439,0.0,0.0,4.45575,0.9533662612544772,1.0,5148.263231245285,1000.0,5123.714719863013,1000.0,0.2951388785174337,0.0
8821,1704287040000.0,0.0,0.0,741.6,4.372304404570932,0.0,0.0,4.38805,0.9533662612544772,1.0,5166.242948534815,1000.0,5177.919882105011,1000.0,0.627632300441736,0.0
8822,1704290640000.0,0.0,0.0,55.1,4.372304404570932,0.0,0.0,4.3758,0.9533662612544772,1.0,5207.547004850871,1000.0,5207.739612159013,1000.0,0.04626246723600288,0.0
8823,1704294240000.0,0.0,0.0,50.7,4.384062691152037,0.0,0.0,4.40115,0.9533662612544772,1.0,5208.888024616421,1000.0,5209.754351175013,1000.0,0.04267167529633664,0.0
8824,1704297840000.0,0.0,0.0,27.9,4.422339582559877,0.0,0.0,4.56865,0.9533662612544772,1.0,5212.9174628014325,1000.0,5216.999523448012,1000.0,0.023668756552135038,0.0
8825,1704301440000.0,0.0,0.0,58.0,4.481710211702129,0.0,0.0,4.50715,0.9533662612544772,1.0,5215.757643568737,1000.0,5217.233151290014,1000.0,0.049837283486367547,0.0
8826,1704305040000.0,0.0,0.0,58.0,4.481710211702129,0.0,0.0,4.46165,0.9533662612544772,1.0,5215.757643568737,1000.0,5214.5941512900135,1000.0,0.049837283486367547,0.0
8827,1704308640000.0,0.0,0.0,58.0,4.481710211702129,0.0,0.0,4.38655,0.9533662612544772,1.0,5215.757643568737,1000.0,5210.238351290013,1000.0,0.049837283486367547,0.0
8828,1704312240000.0,0.0,0.0,58.0,4.481710211702129,0.0,0.0,4.40695,0.9533662612544772,1.0,5215.757643568737,1000.0,5211.421551290014,1000.0,0.049837283486367547,0.0
8829,1704315840000.0,0.0,0.0,58.0,4.481710211702129,0.0,0.0,4.4498,0.9533662612544772,1.0,5215.757643568737,1000.0,5213.906851290013,1000.0,0.049837283486367547,0.0
8830,1704319440000.0,0.0,0.0,58.0,4.481710211702129,0.0,0.0,4.49675,0.9533662612544772,1.0,5215.757643568737,1000.0,5216.629951290013,1000.0,0.049837283486367547,0.0
8831,1704323040000.0,0.0,0.0,58.0,4.481710211702129,0.0,0.0,4.4129,0.9533662612544772,1.0,5215.757643568737,1000.0,5211.766651290013,1000.0,0.049837283486367547,0.0
8832,1704326640000.0,0.0,0.0,58.0,4.481710211702129,0.0,0.0,4.40255,0.9533662612544772,1.0,5215.757643568737,1000.0,5211.166351290013,1000.0,0.049837283486367547,0.0
8833,1704330240000.0,0.0,0.0,58.0,4.481710211702129,0.0,0.0,4.3935,0.9533662612544772,1.0,5215.757643568737,1000.0,5210.641451290014,1000.0,0.049837283486367547,0.0
8834,1704333840000.0,0.0,0.0,58.0,4.481710211702129,0.0,0.0,4.3395,0.9533662612544772,1.0,5215.757643568737,1000.0,5207.509451290013,1000.0,0.049837283486367547,0.0
8835,1704337440000.0,0.0,0.0,58.0,4.481710211702129,0.0,0.0,4.4222,0.9533662612544772,1.0,5215.757643568737,1000.0,5212.306051290014,1000.0,0.049837283486367547,0.0
8836,1704341040000.0,0.0,0.0,58.0,4.481710211702129,0.0,0.0,4.4384,0.9533662612544772,1.0,5215.757643568737,1000.0,5213.2456512900135,1000.0,0.049837283486367547,0.0
8837,1704344640000.0,0.0,0.0,58.0,4.481710211702129,0.0,0.0,4.46935,0.9533662612544772,1.0,5215.757643568737,1000.0,5215.040751290014,1000.0,0.049837283486367547,0.0
8838,1704348240000.0,0.0,0.0,58.0,4.481710211702129,0.0,0.0,4.4803,0.9533662612544772,1.0,5215.757643568737,1000.0,5215.675851290013,1000.0,0.049837283486367547,0.0
8839,1704351840000.0,0.0,0.0,58.0,4.481710211702129,0.0,0.0,4.4799,0.9533662612544772,1.0,5215.757643568737,1000.0,5215.652651290014,1000.0,0.049837283486367547,0.0
8840,1704355440000.0,0.0,0.0,58.0,4.481710211702129,0.0,0.0,4.42635,0.9533662612544772,1.0,5215.757643568737,1000.0,5212.546751290013,1000.0,0.049837283486367547,0.0
8841,1704359040000.0,0.0,0.0,58.0,4.481710211702129,0.0,0.0,4.3888,0.9533662612544772,1.0,5215.757643568737,1000.0,5210.3688512900135,1000.0,0.049837283486367547,0.0
8842,1704362640000.0,0.0,0.0,58.0,4.481710211702129,0.0,0.0,4.4204,0.9533662612544772,1.0,5215.757643568737,1000.0,5212.201651290014,1000.0,0.049837283486367547,0.0
8843,1704366240000.0,0.0,0.0,146.8,4.387580873833266,0.0,0.0,4.4129,0.9533662612544772,1.0,5215.680812032737,1000.0,5219.397659754013,1000.0,0.12349238680265327,0.0
8844,1704369840000.0,0.0,0.0,108.0,4.387580873833266,0.0,0.0,4.395,0.9533662612544772,1.0,5217.350485688006,1000.0,5218.151751314013,1000.0,0.09082363465399919,0.0
8845,1704373440000.0,0.0,0.0,55.3,4.40319035140888,0.0,0.0,4.4243,0.9533662612544772,1.0,5220.903569496925,1000.0,5222.070933064014,1000.0,0.04663875193089878,0.0
8846,1704377040000.0,0.0,0.0,55.3,4.40319035140888,0.0,0.0,4.3834,0.9533662612544772,1.0,5220.903569496925,1000.0,5219.809163064014,1000.0,0.04663875193089878,0.0
8847,1704380640000.0,0.0,0.0,34.0,4.40319035140888,0.0,0.0,4.482,0.9533662612544772,1.0,5222.111532027916,1000.0,5224.791060080014,1000.0,0.028668187385451196,0.0
8848,1704384240000.0,0.0,0.0,1.4,4.40319035140888,0.0,0.0,4.61595,0.9533662612544772,1.0,5226.006452887986,1000.0,5226.304316396013,1000.0,0.001179574986664212,0.0
8849,1704387840000.0,0.0,0.0,0.0,4.40319035140888,0.0,0.0,4.54405,0.9533662612544772,1.0,5226.286077320014,1000.0,5226.286077320014,1000.0,0.0,0.0
8850,1704391440000.0,0.0,0.0,0.0,4.40319035140888,0.0,0.0,4.52895,0.9533662612544772,1.0,5226.286077320014,1000.0,5226.286077320014,1000.0,0.0,0.0
8851,1704395040000.0,0.0,0.0,0.0,4.40319035140888,0.0,0.0,4.536,0.9533662612544772,1.0,5226.286077320014,1000.0,5226.286077320014,1000.0,0.0,0.0
8852,1704398640000.0,0.0,0.0,58.2,4.4927,0.0,0.0,4.49485,0.9533662612544772,1.0,5226.2337822920135,1000.0,5226.358912292014,1000.0,0.05003127508110203,0.0
8853,1704402240000.0,0.0,0.0,58.2,4.492810824742268,0.0,0.0,4.4998,0.9533662612544772,1.0,5227.162450282014,1000.0,5227.569220282014,1000.0,0.05002362036517396,0.0
8854,1704405840000.0,0.0,0.0,58.2,4.492810824742268,0.0,0.0,4.4808,0.9533662612544772,1.0,5227.162450282014,1000.0,5226.463420282014,1000.0,0.05002362036517396,0.0
8855,1704409440000.0,0.0,0.0,58.2,4.492810824742268,0.0,0.0,4.43995,0.9533662612544772,1.0,5227.162450282014,1000.0,5224.085950282014,1000.0,0.05002362036517396,0.0
8856,1704413040000.0,0.0,0.0,147.3,4.3984417515274945,0.0,0.0,4.38705,0.9533662612544772,1.0,5227.085168506014,1000.0,5225.4071635060145,1000.0,0.12394871120593919,0.0
8857,1704416640000.0,0.0,0.0,147.3,4.3984417515274945,0.0,0.0,4.3787,0.9533662612544772,1.0,5227.085168506014,1000.0,5224.177208506015,1000.0,0.12394871120593919,0.0
8858,1704420240000.0,0.0,0.0,372.7,4.295120767373223,0.0,0.0,4.27305,0.9533662612544772,1.0,5226.894588298014,1000.0,5218.668813298014,1000.0,0.30626053059953734,0.0
8859,1704423840000.0,0.0,0.0,372.7,4.295120767373223,0.0,0.0,4.3079,0.9533662612544772,1.0,5226.894588298014,1000.0,5231.657408298014,1000.0,0.30626053059953734,0.0
8860,1704427440000.0,0.0,0.0,372.7,4.295120767373223,0.0,0.0,4.2459,0.9533662612544772,1.0,5226.894588298014,1000.0,5208.550008298014,1000.0,0.30626053059953734,0.0
8861,1704431040000.0,0.0,0.0,372.7,4.295120767373223,0.0,0.0,4.2149,0.9533662612544772,1.0,5226.894588298014,1000.0,5196.996308298014,1000.0,0.30626053059953734,0.0
8862,1704434640000.0,0.0,0.0,372.7,4.295120767373223,0.0,0.0,4.2249,0.9533662612544772,1.0,5226.894588298014,1000.0,5200.723308298014,1000.0,0.30626053059953734,0.0
8863,1704438240000.0,0.0,0.0,372.7,4.295120767373223,0.0,0.0,4.2004,0.9533662612544772,1.0,5226.894588298014,1000.0,5191.5921582980145,1000.0,0.30626053059953734,0.0
8864,1704441840000.0,0.0,0.0,372.7,4.295120767373223,0.0,0.0,4.2123,0.9533662612544772,1.0,5226.894588298014,1000.0,5196.027288298014,1000.0,0.30626053059953734,0.0
8865,1704445440000.0,0.0,0.0,372.7,4.295120767373223,0.0,0.0,4.2261,0.9533662612544772,1.0,5226.894588298014,1000.0,5201.170548298014,1000.0,0.30626053059953734,0.0
8866,1704449040000.0,0.0,0.0,372.7,4.295120767373223,0.0,0.0,4.2247,0.9533662612544772,1.0,5226.894588298014,1000.0,5200.648768298014,1000.0,0.30626053059953734,0.0
8867,1704452640000.0,0.00048421877180743265,0.0,1260.4,4.146921374166931,0.0,0.0,4.14115,0.9533662612544772,1.0,5226.169390660014,1000.0,5218.895150660013,1000.0,1.0001167794792638,0.0
8868,1704456240000.0,0.00048421877180743265,0.0,1260.4,4.146921374166931,0.0,0.0,4.12605,0.9533662612544772,1.0,5226.169390660014,1000.0,5199.863110660014,1000.0,1.0001167794792638,0.0
8869,1704459840000.0,0.00048421877180743265,0.0,1260.4,4.146921374166931,0.0,0.0,4.14845,0.9533662612544772,1.0,5226.169390660014,1000.0,5228.096070660014,1000.0,1.0001167794792638,0.0
8870,1704463440000.0,0.00048421877180743265,0.0,1260.4,4.146921374166931,0.0,0.0,4.1119,0.9533662612544772,1.0,5226.169390660014,1000.0,5182.028450660015,1000.0,1.0001167794792638,0.0
8871,1704467040000.0,0.00048421877180743265,0.0,1260.4,4.146921374166931,0.0,0.0,4.0387,0.9533662612544772,1.0,5226.169390660014,1000.0,5089.767170660015,1000.0,1.0001167794792638,0.0
8872,1704470640000.0,0.00048421877180743265,0.0,1260.4,4.146921374166931,0.0,0.0,4.0325,0.9533662612544772,1.0,5226.169390660014,1000.0,5081.952690660014,1000.0,1.0001167794792638,0.0
8873,1704474240000.0,0.00048421877180743265,0.0,1260.4,4.146921374166931,0.0,0.0,3.94545,0.9533662612544772,1.0,5226.169390660014,1000.0,4972.234870660014,1000.0,1.0001167794792638,0.0
8874,1704477840000.0,0.00048421877180743265,0.0,1260.4,4.146921374166931,0.0,0.0,4.00895,0.9533662612544772,1.0,5226.169390660014,1000.0,5052.270270660014,1000.0,1.0001167794792638,0.0
8875,1704481440000.0,0.00048421877180743265,0.0,1260.4,4.146921374166931,0.0,0.0,3.9899,0.9533662612544772,1.0,5226.169390660014,1000.0,5028.259650660014,1000.0,1.0001167794792638,0.0
8876,1704485040000.0,0.00048421877180743265,0.0,1260.4,4.146921374166931,0.0,0.0,3.99015,0.9533662612544772,1.0,5226.169390660014,1000.0,5028.574750660014,1000.0,1.0001167794792638,0.0
8877,1704488640000.0,0.0,0.0,1247.4,4.146921374166931,0.0,0.0,3.99955,0.9533662612544772,1.0,5224.451772235844,1000.0,5040.620720100014,1000.0,0.9901268013661959,0.0
8878,1704492240000.0,0.0,0.0,1247.4,4.146921374166931,0.0,0.0,4.0031,0.9533662612544772,1.0,5224.451772235844,1000.0,5045.048990100014,1000.0,0.9901268013661959,0.0
8879,1704495840000.0,0.0,0.0,1247.4,4.146921374166931,0.0,0.0,3.9462,0.9533662612544772,1.0,5224.451772235844,1000.0,4974.0719301000145,1000.0,0.9901268013661959,0.0
8880,1704499440000.0,0.0,0.0,1247.4,4.146921374166931,0.0,0.0,4.00855,0.9533662612544772,1.0,5224.451772235844,1000.0,5051.847320100014,1000.0,0.9901268013661959,0.0
8881,1704503040000.0,0.0,0.0,1247.4,4.146921374166931,0.0,0.0,3.9433,0.9533662612544772,1.0,5224.451772235844,1000.0,4970.454470100014,1000.0,0.9901268013661959,0.0
8882,1704506640000.0,0.0,0.0,1247.4,4.146921374166931,0.0,0.0,3.91525,0.9533662612544772,1.0,5224.451772235844,1000.0,4935.464900100014,1000.0,0.9901268013661959,0.0
8883,1704510240000.0,0.0,0.0,1247.4,4.146921374166931,0.0,0.0,3.889,0.9533662612544772,1.0,5224.451772235844,1000.0,4902.720650100014,1000.0,0.9901268013661959,0.0
8884,1704513840000.0,0.0,0.0,1247.4,4.146921374166931,0.0,0.0,3.89945,0.9533662612544772,1.0,5224.451772235844,1000.0,4915.755980100014,1000.0,0.9901268013661959,0.0
8885,1704517440000.0,0.0,0.0,1247.4,4.146921374166931,0.0,0.0,3.8297,0.9533662612544772,1.0,5224.451772235844,1000.0,4828.749830100014,1000.0,0.9901268013661959,0.0
8886,1704521040000.0,0.1584796299019735,0.0,1316.1,4.128086613582426,0.0,0.0,3.76555,0.9533662612544772,1.0,5224.399751221844,1000.0,4747.265314086013,1000.0,1.039923254506933,0.0
8887,1704524640000.0,0.1584796299019735,0.0,1316.1,4.128086613582426,0.0,0.0,3.7091,0.9533662612544772,1.0,5224.399751221844,1000.0,4672.971469086013,1000.0,1.039923254506933,0.0
8888,1704528240000.0,0.1584796299019735,0.0,1316.1,4.128086613582426,0.0,0.0,3.74865,0.9533662612544772,1.0,5224.399751221844,1000.0,4725.023224086012,1000.0,1.039923254506933,0.0
8889,1704531840000.0,0.1584796299019735,0.0,1316.1,4.128086613582426,0.0,0.0,3.79395,0.9533662612544772,1.0,5224.399751221844,1000.0,4784.642554086013,1000.0,1.039923254506933,0.0
8890,1704535440000.0,0.12012763142044497,0.0,1302.4,4.128086613582426,0.0,0.0,3.7918,0.9533662612544772,1.0,5219.965778367765,1000.0,4781.986092838012,1000.0,1.0299722706632206,0.0
8891,1704539040000.0,0.12012763142044497,0.0,1302.4,4.128086613582426,0.0,0.0,3.79345,0.9533662612544772,1.0,5219.965778367765,1000.0,4784.135052838013,1000.0,1.0299722706632206,0.0
8892,1704542640000.0,0.12012763142044497,0.0,1302.4,4.128086613582426,0.0,0.0,3.8608,0.9533662612544772,1.0,5219.965778367765,1000.0,4871.851692838012,1000.0,1.0299722706632206,0.0
8893,1704546240000.0,0.12012763142044497,0.0,1302.4,4.128086613582426,0.0,0.0,3.7937,0.9533662612544772,1.0,5219.965778367765,1000.0,4784.460652838013,1000.0,1.0299722706632206,0.0
8894,1704549840000.0,0.12012763142044497,0.0,1302.4,4.128086613582426,0.0,0.0,3.8357,0.9533662612544772,1.0,5219.965778367765,1000.0,4839.161452838013,1000.0,1.0299722706632206,0.0
8895,1704553440000.0,0.12012763142044497,0.0,1302.4,4.128086613582426,0.0,0.0,3.86065,0.9533662612544772,1.0,5219.965778367765,1000.0,4871.6563328380125,1000.0,1.0299722706632206,0.0
8896,1704557040000.0,0.12012763142044497,0.0,1302.4,4.128086613582426,0.0,0.0,3.8773,0.9533662612544772,1.0,5219.965778367765,1000.0,4893.341292838013,1000.0,1.0299722706632206,0.0
8897,1704560640000.0,0.12012763142044497,0.0,1302.4,4.128086613582426,0.0,0.0,3.8509,0.9533662612544772,1.0,5219.965778367765,1000.0,4858.957932838013,1000.0,1.0299722706632206,0.0
8898,1704564240000.0,0.12012763142044497,0.0,1302.4,4.128086613582426,0.0,0.0,3.88335,0.9533662612544772,1.0,5219.965778367765,1000.0,4901.2208128380125,1000.0,1.0299722706632206,0.0
8899,1704567840000.0,0.12012763142044497,0.0,1302.4,4.128086613582426,0.0,0.0,3.86275,0.9533662612544772,1.0,5219.965778367765,1000.0,4874.391372838013,1000.0,1.0299722706632206,0.0
8900,1704571440000.0,0.12012763142044497,0.0,1302.4,4.128086613582426,0.0,0.0,3.83895,0.9533662612544772,1.0,5219.965778367765,1000.0,4843.394252838013,1000.0,1.0299722706632206,0.0
8901,1704575040000.0,0.12012763142044497,0.0,1302.4,4.128086613582426,0.0,0.0,3.79885,0.9533662612544772,1.0,5219.965778367765,1000.0,4791.168012838012,1000.0,1.0299722706632206,0.0
8902,1704578640000.0,0.08094107111196283,0.0,1288.7,4.128086613582426,0.0,0.0,3.7881,0.9533662612544772,1.0,5215.556460581686,1000.0,4777.415711658014,1000.0,1.019999545423453,0.0
8903,1704582240000.0,0.08094107111196283,0.0,1288.7,4.128086613582426,0.0,0.0,3.75565,0.9533662612544772,1.0,5215.556460581686,1000.0,4735.597396658013,1000.0,1.019999545423453,0.0
8904,1704585840000.0,0.08094107111196283,0.0,1288.7,4.128086613582426,0.0,0.0,3.79385,0.9533662612544772,1.0,5215.556460581686,1000.0,4784.825736658013,1000.0,1.019999545423453,0.0
8905,1704589440000.0,0.08094107111196283,0.0,1288.7,4.128086613582426,0.0,0.0,3.8422,0.9533662612544772,1.0,5215.556460581686,1000.0,4847.134381658014,1000.0,1.019999545423453,0.0
8906,1704593040000.0,0.08094107111196283,0.0,1288.7,4.128086613582426,0.0,0.0,3.8235,0.9533662612544772,1.0,5215.556460581686,1000.0,4823.035691658013,1000.0,1.019999545423453,0.0
8907,1704596640000.0,0.08094107111196283,0.0,1288.7,4.128086613582426,0.0,0.0,3.8073,0.9533662612544772,1.0,5215.556460581686,1000.0,4802.158751658014,1000.0,1.019999545423453,0.0
8908,1704600240000.0,0.08094107111196283,0.0,1288.7,4.128086613582426,0.0,0.0,3.81935,0.9533662612544772,1.0,5215.556460581686,1000.0,4817.687586658013,1000.0,1.019999545423453,0.0
8909,1704603840000.0,0.08094107111196283,0.0,1288.7,4.128086613582426,0.0,0.0,3.821,0.9533662612544772,1.0,5215.556460581686,1000.0,4819.813941658013,1000.0,1.019999545423453,0.0
8910,1704607440000.0,0.08094107111196283,0.0,1288.7,4.128086613582426,0.0,0.0,3.81875,0.9533662612544772,1.0,5215.556460581686,1000.0,4816.914366658013,1000.0,1.019999545423453,0.0
8911,1704611040000.0,0.08094107111196283,0.0,1288.7,4.128086613582426,0.0,0.0,3.82805,0.9533662612544772,1.0,5215.556460581686,1000.0,4828.899276658014,1000.0,1.019999545423453,0.0
8912,1704614640000.0,0.08094107111196283,0.0,1288.7,4.128086613582426,0.0,0.0,3.8129,0.9533662612544772,1.0,5215.556460581686,1000.0,4809.375471658013,1000.0,1.019999545423453,0.0
8913,1704618240000.0,0.08094107111196283,0.0,1288.7,4.128086613582426,0.0,0.0,3.7719,0.9533662612544772,1.0,5215.556460581686,1000.0,4756.5387716580135,1000.0,1.019999545423453,0.0
8914,1704621840000.0,0.08094107111196283,0.0,1288.7,4.128086613582426,0.0,0.0,3.752,0.9533662612544772,1.0,5215.556460581686,1000.0,4730.893641658013,1000.0,1.019999545423453,0.0
8915,1704625440000.0,0.041012051864449686,0.0,1274.9,4.128086613582426,0.0,0.0,3.74925,0.9533662612544772,1.0,5210.611358734249,1000.0,4727.632560078014,1000.0,1.010034573934274,0.0
8916,1704629040000.0,0.041012051864449686,0.0,1274.9,4.128086613582426,0.0,0.0,3.7461,0.9533662612544772,1.0,5210.611358734249,1000.0,4723.616625078013,1000.0,1.010034573934274,0.0
8917,1704632640000.0,0.041012051864449686,0.0,1274.9,4.128086613582426,0.0,0.0,3.7651,0.9533662612544772,1.0,5210.611358734249,1000.0,4747.8397250780135,1000.0,1.010034573934274,0.0
8918,1704636240000.0,0.041012051864449686,0.0,1274.9,4.128086613582426,0.0,0.0,3.8623,0.9533662612544772,1.0,5210.611358734249,1000.0,4871.760005078013,1000.0,1.010034573934274,0.0
8919,1704639840000.0,0.041012051864449686,0.0,1274.9,4.128086613582426,0.0,0.0,3.78995,0.9533662612544772,1.0,5210.611358734249,1000.0,4779.520990078014,1000.0,1.010034573934274,0.0
8920,1704643440000.0,0.041012051864449686,0.0,1274.9,4.128086613582426,0.0,0.0,3.74725,0.9533662612544772,1.0,5210.611358734249,1000.0,4725.082760078014,1000.0,1.010034573934274,0.0
8921,1704647040000.0,0.041012051864449686,0.0,1274.9,4.128086613582426,0.0,0.0,3.7248,0.9533662612544772,1.0,5210.611358734249,1000.0,4696.461255078014,1000.0,1.010034573934274,0.0
8922,1704650640000.0,0.041012051864449686,0.0,1274.9,4.128086613582426,0.0,0.0,3.78995,0.9533662612544772,1.0,5210.611358734249,1000.0,4779.520990078014,1000.0,1.010034573934274,0.0
8923,1704654240000.0,0.041012051864449686,0.0,1274.9,4.128086613582426,0.0,0.0,3.776,0.9533662612544772,1.0,5210.611358734249,1000.0,4761.736135078013,1000.0,1.010034573934274,0.0
8924,1704657840000.0,0.041012051864449686,0.0,1274.9,4.128086613582426,0.0,0.0,3.78055,0.9533662612544772,1.0,5210.611358734249,1000.0,4767.536930078013,1000.0,1.010034573934274,0.0
8925,1704661440000.0,0.041012051864449686,0.0,1274.9,4.128086613582426,0.0,0.0,3.75625,0.9533662612544772,1.0,5210.611358734249,1000.0,4736.556860078013,1000.0,1.010034573934274,0.0
8926,1704665040000.0,0.041012051864449686,0.0,1274.9,4.128086613582426,0.0,0.0,3.70715,0.9533662612544772,1.0,5210.611358734249,1000.0,4673.959270078013,1000.0,1.010034573934274,0.0
8927,1704668640000.0,0.041012051864449686,0.0,1274.9,4.128086613582426,0.0,0.0,3.65625,0.9533662612544772,1.0,5210.611358734249,1000.0,4609.066860078014,1000.0,1.010034573934274,0.0
8928,1704672240000.0,0.041012051864449686,0.0,1274.9,4.128086613582426,0.0,0.0,3.65265,0.9533662612544772,1.0,5210.611358734249,1000.0,4604.4772200780135,1000.0,1.010034573934274,0.0
8929,1704675840000.0,0.041012051864449686,0.0,1274.9,4.128086613582426,0.0,0.0,3.5509,0.9533662612544772,1.0,5210.611358734249,1000.0,4474.756145078013,1000.0,1.010034573934274,0.0
8930,1704679440000.0,0.041012051864449686,0.0,1274.9,4.128086613582426,0.0,0.0,3.55675,0.9533662612544772,1.0,5210.611358734249,1000.0,4482.214310078014,1000.0,1.010034573934274,0.0
8931,1704683040000.0,0.041012051864449686,0.0,1274.9,4.128086613582426,0.0,0.0,3.45115,0.9533662612544772,1.0,5210.611358734249,1000.0,4347.584870078013,1000.0,1.010034573934274,0.0
8932,1704686640000.0,0.041012051864449686,0.0,1274.9,4.128086613582426,0.0,0.0,3.453,0.9533662612544772,1.0,5210.611358734249,1000.0,4349.943435078013,1000.0,1.010034573934274,0.0
8933,1704690240000.0,9.913448340476716e-05,0.0,1260.2,4.128086613582426,0.0,0.0,3.5235,0.9533662612544772,1.0,5202.089821160587,1000.0,4440.189770724013,1000.0,1.0000240152093258,0.0
8934,1704693840000.0,9.913448340476716e-05,0.0,1260.2,4.128086613582426,0.0,0.0,3.50765,0.9533662612544772,1.0,5202.089821160587,1000.0,4420.215600724014,1000.0,1.0000240152093258,0.0
8935,1704697440000.0,9.913448340476716e-05,0.0,1260.2,4.128086613582426,0.0,0.0,3.53295,0.9533662612544772,1.0,5202.089821160587,1000.0,4452.098660724014,1000.0,1.0000240152093258,0.0
8936,1704701040000.0,9.913448340476716e-05,0.0,1260.2,4.128086613582426,0.0,0.0,3.5308,0.9533662612544772,1.0,5202.089821160587,1000.0,4449.389230724014,1000.0,1.0000240152093258,0.0
8937,1704704640000.0,9.913448340476716e-05,0.0,1260.2,4.128086613582426,0.0,0.0,3.65855,0.9533662612544772,1.0,5202.089821160587,1000.0,4610.3797807240135,1000.0,1.0000240152093258,0.0
8938,1704708240000.0,9.913448340476716e-05,0.0,1260.2,4.128086613582426,0.0,0.0,3.5683,0.9533662612544772,1.0,5202.089821160587,1000.0,4496.646730724014,1000.0,1.0000240152093258,0.0
8939,1704711840000.0,9.913448340476716e-05,0.0,1260.2,4.128086613582426,0.0,0.0,3.61395,0.9533662612544772,1.0,5202.089821160587,1000.0,4554.174860724013,1000.0,1.0000240152093258,0.0
8940,1704715440000.0,9.913448340476716e-05,0.0,1260.2,4.128086613582426,0.0,0.0,3.6827,0.9533662612544772,1.0,5202.089821160587,1000.0,4640.813610724013,1000.0,1.0000240152093258,0.0
8941,1704719040000.0,9.913448340476716e-05,0.0,1260.2,4.128086613582426,0.0,0.0,3.75815,0.9533662612544772,1.0,5202.089821160587,1000.0,4735.895700724013,1000.0,1.0000240152093258,0.0
8942,1704722640000.0,9.913448340476716e-05,0.0,1260.2,4.128086613582426,0.0,0.0,3.79605,0.9533662612544772,1.0,5202.089821160587,1000.0,4783.657280724014,1000.0,1.0000240152093258,0.0
8943,1704726240000.0,9.913448340476716e-05,0.0,1260.2,4.128086613582426,0.0,0.0,3.9874,0.9533662612544772,1.0,5202.089821160587,1000.0,5024.796550724013,1000.0,1.0000240152093258,0.0
8944,1704729840000.0,9.913448340476716e-05,0.0,1260.2,4.128086613582426,0.0,0.0,3.9556,0.9533662612544772,1.0,5202.089821160587,1000.0,4984.722190724014,1000.0,1.0000240152093258,0.0
8945,1704733440000.0,0.0,0.0,1246.9,4.128086613582426,0.0,0.0,3.91075,0.9533662612544772,1.0,5199.0917710229405,1000.0,4928.094747547013,1000.0,0.9900404580593074,0.0
8946,1704737040000.0,0.0,0.0,1246.9,4.128086613582426,0.0,0.0,4.0141,0.9533662612544772,1.0,5199.0917710229405,1000.0,5056.961862547013,1000.0,0.9900404580593074,0.0
8947,1704740640000.0,0.0,0.0,1246.9,4.128086613582426,0.0,0.0,4.01925,0.9533662612544772,1.0,5199.0917710229405,1000.0,5063.383397547013,1000.0,0.9900404580593074,0.0
8948,1704744240000.0,0.0,0.0,1246.9,4.128086613582426,0.0,0.0,4.07855,0.9533662612544772,1.0,5199.0917710229405,1000.0,5137.324567547013,1000.0,0.9900404580593074,0.0
8949,1704747840000.0,0.0,0.0,1246.9,4.128086613582426,0.0,0.0,4.013,0.9533662612544772,1.0,5199.0917710229405,1000.0,5055.590272547013,1000.0,0.9900404580593074,0.0
8950,1704751440000.0,0.0,0.0,1246.9,4.128086613582426,0.0,0.0,3.97345,0.9533662612544772,1.0,5199.0917710229405,1000.0,5006.275377547014,1000.0,0.9900404580593074,0.0
8951,1704755040000.0,0.0,0.0,1246.9,4.128086613582426,0.0,0.0,3.9988,0.9533662612544772,1.0,5199.0917710229405,1000.0,5037.8842925470135,1000.0,0.9900404580593074,0.0
8952,1704758640000.0,0.0,0.0,1246.9,4.128086613582426,0.0,0.0,4.06825,0.9533662612544772,1.0,5199.0917710229405,1000.0,5124.481497547013,1000.0,0.9900404580593074,0.0
8953,1704762240000.0,0.0,0.0,1246.9,4.128086613582426,0.0,0.0,4.03855,0.9533662612544772,1.0,5199.0917710229405,1000.0,5087.448567547013,1000.0,0.9900404580593074,0.0
8954,1704765840000.0,0.0,0.0,1246.9,4.128086613582426,0.0,0.0,3.98185,0.9533662612544772,1.0,5199.0917710229405,1000.0,5016.749337547013,1000.0,0.9900404580593074,0.0
8955,1704769440000.0,0.0,0.0,1246.9,4.128086613582426,0.0,0.0,4.0008,0.9533662612544772,1.0,5199.0917710229405,1000.0,5040.378092547013,1000.0,0.9900404580593074,0.0
8956,1704773040000.0,0.0,0.0,1246.9,4.128086613582426,0.0,0.0,4.03145,0.9533662612544772,1.0,5199.0917710229405,1000.0,5078.595577547014,1000.0,0.9900404580593074,0.0
8957,1704776640000.0,0.0,0.0,1234.0,4.128086613582426,0.0,0.0,4.10915,0.9533662612544772,1.0,5197.946320249727,1000.0,5174.578539089012,1000.0,0.9800137529923506,0.0
8958,1704780240000.0,0.0,0.0,1234.0,4.128086613582426,0.0,0.0,4.0852,0.9533662612544772,1.0,5197.946320249727,1000.0,5145.0242390890135,1000.0,0.9800137529923506,0.0
8959,1704783840000.0,0.0,0.0,1234.0,4.128086613582426,0.0,0.0,4.0317,0.9533662612544772,1.0,5197.946320249727,1000.0,5079.005239089013,1000.0,0.9800137529923506,0.0
8960,1704787440000.0,0.0,0.0,1234.0,4.128086613582426,0.0,0.0,4.0732,0.9533662612544772,1.0,5197.946320249727,1000.0,5130.2162390890135,1000.0,0.9800137529923506,0.0
8961,1704791040000.0,0.0,0.0,571.1,4.128086613582426,0.0,0.0,4.08355,0.9533662612544772,1.0,5224.780185053938,1000.0,5199.345325037014,1000.0,0.45122477530460653,0.0
8962,1704794640000.0,0.0,0.0,571.1,4.128086613582426,0.0,0.0,4.0193,0.9533662612544772,1.0,5224.780185053938,1000.0,5162.6521500370145,1000.0,0.45122477530460653,0.0
8963,1704798240000.0,0.0,0.0,571.1,4.128086613582426,0.0,0.0,4.0005,0.9533662612544772,1.0,5224.780185053938,1000.0,5151.9154700370145,1000.0,0.45122477530460653,0.0
8964,1704801840000.0,0.0,0.0,571.1,4.128086613582426,0.0,0.0,3.978,0.9533662612544772,1.0,5224.780185053938,1000.0,5139.065720037014,1000.0,0.45122477530460653,0.0
8965,1704805440000.0,0.00048382487954789225,0.0,1307.7,3.9954419400603527,0.0,0.0,3.95195,0.9533662612544772,1.0,5224.206727221938,1000.0,5167.332317205015,1000.0,1.0001211088741355,0.0
8966,1704809040000.0,0.00048382487954789225,0.0,1307.7,3.9954419400603527,0.0,0.0,3.94015,0.9533662612544772,1.0,5224.206727221938,1000.0,5151.9014572050155,1000.0,1.0001211088741355,0.0
8967,1704812640000.0,0.00048382487954789225,0.0,1307.7,3.9954419400603527,0.0,0.0,3.81655,0.9533662612544772,1.0,5224.206727221938,1000.0,4990.269737205015,1000.0,1.0001211088741355,0.0
8968,1704816240000.0,0.00048382487954789225,0.0,1307.7,3.9954419400603527,0.0,0.0,3.80415,0.9533662612544772,1.0,5224.206727221938,1000.0,4974.054257205015,1000.0,1.0001211088741355,0.0
8969,1704819840000.0,0.00048382487954789225,0.0,1307.7,3.9954419400603527,0.0,0.0,3.855,0.9533662612544772,1.0,5224.206727221938,1000.0,5040.550802205015,1000.0,1.0001211088741355,0.0
8970,1704823440000.0,0.00048382487954789225,0.0,1307.7,3.9954419400603527,0.0,0.0,3.83175,0.9533662612544772,1.0,5224.206727221938,1000.0,5010.1467772050155,1000.0,1.0001211088741355,0.0
8971,1704827040000.0,0.0,0.0,1294.2,3.9954419400603527,0.0,0.0,3.8984,0.9533662612544772,1.0,5222.466369321123,1000.0,5096.874690495015,1000.0,0.9901262340724815,0.0
8972,1704830640000.0,0.0,0.0,1294.2,3.9954419400603527,0.0,0.0,3.8234,0.9533662612544772,1.0,5222.466369321123,1000.0,4999.809690495014,1000.0,0.9901262340724815,0.0
8973,1704834240000.0,0.0,0.0,1294.2,3.9954419400603527,0.0,0.0,3.776,0.9533662612544772,1.0,5222.466369321123,1000.0,4938.464610495014,1000.0,0.9901262340724815,0.0
8974,1704837840000.0,0.0,0.0,1294.2,3.9954419400603527,0.0,0.0,3.82295,0.9533662612544772,1.0,5222.466369321123,1000.0,4999.227300495015,1000.0,0.9901262340724815,0.0
8975,1704841440000.0,0.0,0.0,1294.2,3.9954419400603527,0.0,0.0,3.8779,0.9533662612544772,1.0,5222.466369321123,1000.0,5070.343590495015,1000.0,0.9901262340724815,0.0
8976,1704845040000.0,0.0,0.0,1294.2,3.9954419400603527,0.0,0.0,3.8537,0.9533662612544772,1.0,5222.466369321123,1000.0,5039.023950495015,1000.0,0.9901262340724815,0.0
8977,1704848640000.0,0.0,0.0,1294.2,3.9954419400603527,0.0,0.0,3.9444,0.9533662612544772,1.0,5222.466369321123,1000.0,5156.407890495015,1000.0,0.9901262340724815,0.0
8978,1704852240000.0,0.0,0.0,1294.2,3.9954419400603527,0.0,0.0,3.9664,0.9533662612544772,1.0,5222.466369321123,1000.0,5184.880290495015,1000.0,0.9901262340724815,0.0
8979,1704855840000.0,0.0,0.0,1294.2,3.9954419400603527,0.0,0.0,3.933,0.9533662612544772,1.0,5222.466369321123,1000.0,5141.6540104950145,1000.0,0.9901262340724815,0.0
8980,1704859440000.0,0.0,0.0,1294.2,3.9954419400603527,0.0,0.0,3.94655,0.9533662612544772,1.0,5222.466369321123,1000.0,5159.190420495014,1000.0,0.9901262340724815,0.0
8981,1704863040000.0,0.0,0.0,1294.2,3.9954419400603527,0.0,0.0,3.9189,0.9533662612544772,1.0,5222.466369321123,1000.0,5123.405790495014,1000.0,0.9901262340724815,0.0
8982,1704866640000.0,0.0,0.0,1294.2,3.9954419400603527,0.0,0.0,3.91415,0.9533662612544772,1.0,5222.466369321123,1000.0,5117.258340495015,1000.0,0.9901262340724815,0.0
8983,1704870240000.0,0.0,0.0,1280.9,3.9954419400603527,0.0,0.0,3.89125,0.9533662612544772,1.0,5221.370785677321,1000.0,5087.9113296540145,1000.0,0.9801567042627535,0.0
8984,1704873840000.0,0.0,0.0,1280.9,3.9954419400603527,0.0,0.0,3.8415,0.9533662612544772,1.0,5221.370785677321,1000.0,5024.186554654015,1000.0,0.9801567042627535,0.0
8985,1704877440000.0,0.0,0.0,1280.9,3.9954419400603527,0.0,0.0,3.82395,0.9533662612544772,1.0,5221.370785677321,1000.0,5001.706759654015,1000.0,0.9801567042627535,0.0
8986,1704881040000.0,0.0,0.0,1280.9,3.9954419400603527,0.0,0.0,3.9137,0.9533662612544772,1.0,5221.370785677321,1000.0,5116.667534654015,1000.0,0.9801567042627535,0.0
8987,1704884640000.0,0.0,0.0,1280.9,3.9954419400603527,0.0,0.0,3.85315,0.9533662612544772,1.0,5221.370785677321,1000.0,5039.109039654015,1000.0,0.9801567042627535,0.0
8988,1704888240000.0,0.0,0.0,1280.9,3.9954419400603527,0.0,0.0,3.85255,0.9533662612544772,1.0,5221.370785677321,1000.0,5038.340499654015,1000.0,0.9801567042627535,0.0
8989,1704891840000.0,0.0,0.0,1280.9,3.9954419400603527,0.0,0.0,3.71205,0.9533662612544772,1.0,5221.370785677321,1000.0,4858.374049654015,1000.0,0.9801567042627535,0.0
8990,1704895440000.0,0.0,0.0,1280.9,3.9954419400603527,0.0,0.0,3.69305,0.9533662612544772,1.0,5221.370785677321,1000.0,4834.036949654015,1000.0,0.9801567042627535,0.0
8991,1704899040000.0,0.0,0.0,1280.9,3.9954419400603527,0.0,0.0,3.68035,0.9533662612544772,1.0,5221.370785677321,1000.0,4817.769519654014,1000.0,0.9801567042627535,0.0
8992,1704902640000.0,0.0,0.0,1280.9,3.9954419400603527,0.0,0.0,3.7694,0.9533662612544772,1.0,5221.370785677321,1000.0,4931.833664654015,1000.0,0.9801567042627535,0.0
8993,1704906240000.0,0.0,0.0,1280.9,3.9954419400603527,0.0,0.0,3.7677,0.9533662612544772,1.0,5221.370785677321,1000.0,4929.656134654015,1000.0,0.9801567042627535,0.0
8994,1704909840000.0,0.0,0.0,1280.9,3.9954419400603527,0.0,0.0,3.88985,0.9533662612544772,1.0,5221.370785677321,1000.0,5086.118069654015,1000.0,0.9801567042627535,0.0
8995,1704913440000.0,0.0,0.0,1267.5,3.9954419400603527,0.0,0.0,3.93265,0.9533662612544772,1.0,5219.899208128511,1000.0,5140.310424102015,1000.0,0.970176330443394,0.0
8996,1704917040000.0,0.0,0.0,798.3,3.9954419400603527,0.0,0.0,3.96015,0.9533662612544772,1.0,5238.268847916193,1000.0,5210.095292166014,1000.0,0.6088960672606564,0.0
8997,1704920640000.0,0.0,0.0,684.3,3.9954419400603527,0.0,0.0,4.02735,0.9533662612544772,1.0,5242.732059629313,1000.0,5264.566745046014,1000.0,0.5214992657428714,0.0
8998,1704924240000.0,0.0,0.0,42.9,3.9954419400603527,0.0,0.0,4.1448,0.9533662612544772,1.0,5304.823700642603,1000.0,5311.231161414014,1000.0,0.03231105667240665,0.0
8999,1704927840000.0,0.0,0.0,0.0,3.9954419400603527,0.0,0.0,4.29775,0.9533662612544772,1.0,5313.478982262015,1000.0,5313.478982262015,1000.0,0.0,0.0
9000,1704931440000.0,0.0,0.0,0.0,3.9954419400603527,0.0,0.0,4.22055,0.9533662612544772,1.0,5313.478982262015,1000.0,5313.478982262015,1000.0,0.0,0.0
9001,1704935040000.0,0.0,0.0,0.0,3.9954419400603527,0.0,0.0,4.178,0.9533662612544772,1.0,5313.478982262015,1000.0,5313.478982262015,1000.0,0.0,0.0
9002,1704938640000.0,0.0,0.0,0.0,3.9954419400603527,0.0,0.0,4.17265,0.9533662612544772,1.0,5313.478982262015,1000.0,5313.478982262015,1000.0,0.0,0.0
9003,1704942240000.0,0.0,0.0,0.0,3.9954419400603527,0.0,0.0,4.17615,0.9533662612544772,1.0,5313.478982262015,1000.0,5313.478982262015,1000.0,0.0,0.0
9004,1704945840000.0,0.0,0.0,0.0,3.9954419400603527,0.0,0.0,4.19575,0.9533662612544772,1.0,5313.478982262015,1000.0,5313.478982262015,1000.0,0.0,0.0
9005,1704949440000.0,0.0,0.0,0.0,3.9954419400603527,0.0,0.0,4.1742,0.9533662612544772,1.0,5313.478982262015,1000.0,5313.478982262015,1000.0,0.0,0.0
9006,1704953040000.0,0.0,0.0,0.0,3.9954419400603527,0.0,0.0,4.15845,0.9533662612544772,1.0,5313.478982262015,1000.0,5313.478982262015,1000.0,0.0,0.0
9007,1704956640000.0,0.0,0.0,64.2,4.1387,0.0,0.0,4.13875,0.9533662612544772,1.0,5313.425841354015,1000.0,5313.4290513540145,1000.0,0.05000625734381019,0.0
9008,1704960240000.0,0.0,0.0,64.2,4.1387,0.0,0.0,4.1592,0.9533662612544772,1.0,5313.425841354015,1000.0,5314.741941354015,1000.0,0.05000625734381019,0.0
9009,1704963840000.0,0.0,0.0,22.1,4.1387,0.0,0.0,4.20495,0.9533662612544772,1.0,5315.133584912016,1000.0,5316.597709912016,1000.0,0.01720846118706047,0.0
9010,1704967440000.0,0.0,0.0,6.8,4.1387,0.0,0.0,4.24225,0.9533662612544772,1.0,5316.622640086015,1000.0,5317.326780086015,1000.0,0.005293428160164605,0.0
9011,1704971040000.0,0.0,0.0,0.0,4.1387,0.0,0.0,4.3334,0.9533662612544772,1.0,5317.827489310014,1000.0,5317.827489310014,1000.0,0.0,0.0
9012,1704974640000.0,0.0,0.0,0.0,4.1387,0.0,0.0,4.36625,0.9533662612544772,1.0,5317.827489310014,1000.0,5317.827489310014,1000.0,0.0,0.0
9013,1704978240000.0,0.0,0.0,0.0,4.1387,0.0,0.0,4.34735,0.9533662612544772,1.0,5317.827489310014,1000.0,5317.827489310014,1000.0,0.0,0.0
9014,1704981840000.0,0.0,0.0,18.5,4.2561,0.0,0.0,4.32425,0.9533662612544772,1.0,5319.610859500014,1000.0,5320.871634500014,1000.0,0.014801430420307191,0.0
9015,1704985440000.0,0.0,0.0,3.8,4.26301217948718,0.0,0.0,4.35015,0.9533662612544772,1.0,5325.312096304065,1000.0,5325.643220022013,1000.0,0.0030419712477122627,0.0
9016,1704989040000.0,0.0,0.0,157.6,4.185417759989587,0.0,0.0,4.1678,0.9533662612544772,1.0,5325.232951280372,1000.0,5322.456392306013,1000.0,0.12386722703196726,0.0
9017,1704992640000.0,0.0,0.0,398.8,4.087064190005915,0.0,0.0,4.11165,0.9533662612544772,1.0,5325.0388914083715,1000.0,5334.843712434013,1000.0,0.3060862525537867,0.0
9018,1704996240000.0,0.0,0.0,293.1,4.087064190005915,0.0,0.0,4.07045,0.9533662612544772,1.0,5329.278540604746,1000.0,5324.408921514012,1000.0,0.22478061616850645,0.0
9019,1704999840000.0,0.0,0.0,293.1,4.087064190005915,0.0,0.0,4.0894,0.9533662612544772,1.0,5329.278540604746,1000.0,5329.963166514012,1000.0,0.22478061616850645,0.0
9020,1705003440000.0,0.0,0.0,251.3,4.087064190005915,0.0,0.0,4.12545,0.9533662612544772,1.0,5330.9551473824995,1000.0,5340.601501434013,1000.0,0.19266326625403754,0.0
9021,1705007040000.0,0.0,0.0,215.4,4.087064190005915,0.0,0.0,4.0569,0.9533662612544772,1.0,5332.395103921287,1000.0,5325.897737394013,1000.0,0.1650953482197686,0.0
9022,1705010640000.0,0.0,0.0,215.4,4.087064190005915,0.0,0.0,4.0632,0.9533662612544772,1.0,5332.395103921287,1000.0,5327.254757394013,1000.0,0.1650953482197686,0.0
9023,1705014240000.0,0.0,0.0,215.4,4.087064190005915,0.0,0.0,4.0526,0.9533662612544772,1.0,5332.395103921287,1000.0,5324.971517394013,1000.0,0.1650953482197686,0.0
9024,1705017840000.0,0.0,0.0,215.4,4.087064190005915,0.0,0.0,4.0705,0.9533662612544772,1.0,5332.395103921287,1000.0,5328.827177394013,1000.0,0.1650953482197686,0.0
9025,1705021440000.0,0.0,0.0,215.4,4.087064190005915,0.0,0.0,3.98775,0.9533662612544772,1.0,5332.395103921287,1000.0,5311.002827394013,1000.0,0.1650953482197686,0.0
9026,1705025040000.0,0.0,0.0,545.0,3.985363424820686,0.0,0.0,3.9662,0.9533662612544772,1.0,5332.136770033287,1000.0,5321.692703506013,1000.0,0.4073457152738628,0.0
9027,1705028640000.0,0.0,0.0,545.0,3.985363424820686,0.0,0.0,3.9653,0.9533662612544772,1.0,5332.136770033287,1000.0,5321.202203506013,1000.0,0.4073457152738628,0.0
9028,1705032240000.0,0.0,0.0,545.0,3.985363424820686,0.0,0.0,3.9609,0.9533662612544772,1.0,5332.136770033287,1000.0,5318.8042035060125,1000.0,0.4073457152738628,0.0
9029,1705035840000.0,0.0,0.0,545.0,3.985363424820686,0.0,0.0,3.92515,0.9533662612544772,1.0,5332.136770033287,1000.0,5299.320453506012,1000.0,0.4073457152738628,0.0
9030,1705039440000.0,0.0,0.0,467.2,3.985363424820686,0.0,0.0,4.03595,0.9533662612544772,1.0,5335.181201914237,1000.0,5358.815249838012,1000.0,0.34899691718214965,0.0
9031,1705043040000.0,0.0,0.0,400.5,3.985363424820686,0.0,0.0,4.01955,0.9533662612544772,1.0,5337.791273976697,1000.0,5351.482997336012,1000.0,0.29902593970324903,0.0
9032,1705046640000.0,0.0,0.0,343.3,3.985363424820686,0.0,0.0,3.99385,0.9533662612544772,1.0,5340.029596644954,1000.0,5342.943037904012,1000.0,0.2562111761703609,0.0
9033,1705050240000.0,0.0,0.0,294.3,3.985363424820686,0.0,0.0,3.99515,0.9533662612544772,1.0,5341.94704088874,1000.0,5344.827229964012,1000.0,0.21956272627697068,0.0
9034,1705053840000.0,0.0,0.0,216.3,3.985363424820686,0.0,0.0,4.02995,0.9533662612544772,1.0,5344.999299072727,1000.0,5354.643375284012,1000.0,0.1612786196133391,0.0
9035,1705057440000.0,0.0,0.0,46.5,3.985363424820686,0.0,0.0,4.0418,0.9533662612544772,1.0,5351.6438303501745,1000.0,5354.268131096012,1000.0,0.03462850016347891,0.0
9036,1705061040000.0,0.0,0.0,66.6,4.004435183333559,0.0,0.0,3.9425,0.9533662612544772,1.0,5352.815005090028,1000.0,5348.690121880012,1000.0,0.049823388806901146,0.0
9037,1705064640000.0,0.0,0.0,66.6,4.004435183333559,0.0,0.0,3.9559,0.9533662612544772,1.0,5352.815005090028,1000.0,5349.582561880013,1000.0,0.049823388806901146,0.0
9038,1705068240000.0,0.0,0.0,66.6,4.004435183333559,0.0,0.0,3.98605,0.9533662612544772,1.0,5352.815005090028,1000.0,5351.590551880013,1000.0,0.049823388806901146,0.0
9039,1705071840000.0,0.0,0.0,66.6,4.004435183333559,0.0,0.0,3.99525,0.9533662612544772,1.0,5352.815005090028,1000.0,5352.203271880013,1000.0,0.049823388806901146,0.0
9040,1705075440000.0,0.0,0.0,168.5,3.9203539656380713,0.0,0.0,3.9227,0.9533662612544772,1.0,5352.736228238027,1000.0,5353.131535028012,1000.0,0.12340971328367875,0.0
9041,1705079040000.0,0.0,0.0,168.5,3.9203539656380713,0.0,0.0,3.86665,0.9533662612544772,1.0,5352.736228238027,1000.0,5343.687110028012,1000.0,0.12340971328367875,0.0
9042,1705082640000.0,0.0,0.0,304.6,3.828326508466264,0.0,0.0,3.8823,0.9533662612544772,1.0,5359.392678624837,1000.0,5375.833004146013,1000.0,0.21758216357791405,0.0
9043,1705086240000.0,0.0,0.0,164.5,3.828326508466264,0.0,0.0,3.8565,0.9533662612544772,1.0,5364.660459854713,1000.0,5369.294999212012,1000.0,0.11739041368141978,0.0
9044,1705089840000.0,0.0,0.0,56.1,3.828326508466264,0.0,0.0,3.8773,0.9533662612544772,1.0,5368.73631628097,1000.0,5371.4837291560125,1000.0,0.040003662775103886,0.0
9045,1705093440000.0,0.0,0.0,56.1,3.828326508466264,0.0,0.0,3.87005,0.9533662612544772,1.0,5368.73631628097,1000.0,5371.077004156013,1000.0,0.040003662775103886,0.0
9046,1705097040000.0,0.0,0.0,70.6,3.823207041429992,0.0,0.0,3.7563,0.9533662612544772,1.0,5368.7252864209695,1000.0,5364.001649296012,1000.0,0.050276071641746634,0.0
9047,1705100640000.0,0.0,0.0,78.3,3.7428377218642632,0.0,0.0,3.8131,0.9533662612544772,1.0,5373.578909229984,1000.0,5379.080445608012,1000.0,0.05453799015002591,0.0
9048,1705104240000.0,0.0,0.0,58.7,3.7599036341136696,0.0,0.0,3.8236,0.9533662612544772,1.0,5376.169196422485,1000.0,5379.908173100012,1000.0,0.04105271528086191,0.0
9049,1705107840000.0,0.0,0.0,70.6,3.780854227005218,0.0,0.0,3.74625,0.9533662612544772,1.0,5377.137337752581,1000.0,5374.694279326012,1000.0,0.04964134104451446,0.0
9050,1705111440000.0,0.0,0.0,70.6,3.780854227005218,0.0,0.0,3.7644,0.9533662612544772,1.0,5377.137337752581,1000.0,5375.975669326012,1000.0,0.04964134104451446,0.0
9051,1705115040000.0,0.0,0.0,70.6,3.780854227005218,0.0,0.0,3.7828,0.9533662612544772,1.0,5377.137337752581,1000.0,5377.274709326012,1000.0,0.04964134104451446,0.0
9052,1705118640000.0,0.0,0.0,70.6,3.780854227005218,0.0,0.0,3.799,0.9533662612544772,1.0,5377.137337752581,1000.0,5378.418429326012,1000.0,0.04964134104451446,0.0
9053,1705122240000.0,0.0,0.0,70.6,3.780854227005218,0.0,0.0,3.79305,0.9533662612544772,1.0,5377.137337752581,1000.0,5377.998359326012,1000.0,0.04964134104451446,0.0
9054,1705125840000.0,0.0,0.0,43.4,3.780854227005218,0.0,0.0,3.8672,0.9533662612544772,1.0,5378.463245582038,1000.0,5382.210652130012,1000.0,0.03050854230282451,0.0
9055,1705129440000.0,0.0,0.0,7.5,3.780854227005218,0.0,0.0,3.8998,0.9533662612544772,1.0,5382.443380682552,1000.0,5383.3354739800125,1000.0,0.005268314907744228,0.0
9056,1705133040000.0,0.0,0.0,4.8,3.780854227005218,0.0,0.0,3.89105,0.9533662612544772,1.0,5382.742722319638,1000.0,5383.271662030013,1000.0,0.003371534034939776,0.0
9057,1705136640000.0,0.0,0.0,3.9,3.780854227005218,0.0,0.0,3.90295,0.9533662612544772,1.0,5382.842502865334,1000.0,5383.318676380013,1000.0,0.002739320624274495,0.0
9058,1705140240000.0,0.0,0.0,1.7,3.780854227005218,0.0,0.0,3.88075,0.9533662612544772,1.0,5383.0864108659225,1000.0,5383.256233680014,1000.0,0.0011940087331562918,0.0
9059,1705143840000.0,0.0,0.0,69.6,3.8652426430876967,0.0,0.0,3.87065,0.9533662612544772,1.0,5383.144003280919,1000.0,5383.520355322015,1000.0,0.049974677956774106,0.0
9060,1705147440000.0,0.0,0.0,69.6,3.8652426430876967,0.0,0.0,3.88245,0.9533662612544772,1.0,5383.144003280919,1000.0,5384.341635322015,1000.0,0.049974677956774106,0.0
9061,1705151040000.0,0.0,0.0,69.6,3.8652426430876967,0.0,0.0,3.8482,0.9533662612544772,1.0,5383.144003280919,1000.0,5381.957835322015,1000.0,0.049974677956774106,0.0
9062,1705154640000.0,0.0,0.0,69.6,3.8652426430876967,0.0,0.0,3.8415,0.9533662612544772,1.0,5383.144003280919,1000.0,5381.491515322015,1000.0,0.049974677956774106,0.0
9063,1705158240000.0,0.0,0.0,69.6,3.8652426430876967,0.0,0.0,3.85965,0.9533662612544772,1.0,5383.144003280919,1000.0,5382.754755322015,1000.0,0.049974677956774106,0.0
9064,1705161840000.0,0.0,0.0,37.7,3.8652426430876967,0.0,0.0,3.876,0.9533662612544772,1.0,5384.352266084421,1000.0,5384.7578184400145,1000.0,0.027063542733316667,0.0
9065,1705165440000.0,0.0,0.0,69.7,3.865085332057477,0.0,0.0,3.84675,0.9533662612544772,1.0,5384.327530724421,1000.0,5383.049558080015,1000.0,0.05003344356507987,0.0
9066,1705169040000.0,0.0,0.0,69.7,3.865085332057477,0.0,0.0,3.867,0.9533662612544772,1.0,5384.327530724421,1000.0,5384.4609830800155,1000.0,0.05003344356507987,0.0
9067,1705172640000.0,0.0,0.0,51.3,3.865085332057477,0.0,0.0,3.902,0.9533662612544772,1.0,5385.0255146305635,1000.0,5386.9192370960145,1000.0,0.03682041561285924,0.0
9068,1705176240000.0,0.0,0.0,6.2,3.865085332057477,0.0,0.0,3.8875,0.9533662612544772,1.0,5386.73633387877,1000.0,5386.875304820013,1000.0,0.004448617413858308,0.0
9069,1705179840000.0,0.0,0.0,69.5,3.875336414289358,0.0,0.0,3.86615,0.9533662612544772,1.0,5386.716988121124,1000.0,5386.078532328013,1000.0,0.05000000582675018,0.0
9070,1705183440000.0,0.0,0.0,69.5,3.875336414289358,0.0,0.0,3.8869,0.9533662612544772,1.0,5386.716988121124,1000.0,5387.520657328014,1000.0,0.05000000582675018,0.0
9071,1705187040000.0,0.0,0.0,59.6,3.875336414289358,0.0,0.0,3.90955,0.9533662612544772,1.0,5387.092997701659,1000.0,5389.132127410014,1000.0,0.042874710050520085,0.0
9072,1705190640000.0,0.0,0.0,69.4,3.8777575640615822,0.0,0.0,3.87,0.9533662612544772,1.0,5387.673218471888,1000.0,5387.134843526013,1000.0,0.04995038934863307,0.0
9073,1705194240000.0,0.0,0.0,69.4,3.8777575640615822,0.0,0.0,3.83375,0.9533662612544772,1.0,5387.673218471888,1000.0,5384.619093526014,1000.0,0.04995038934863307,0.0
9074,1705197840000.0,0.0,0.0,69.4,3.8777575640615822,0.0,0.0,3.87035,0.9533662612544772,1.0,5387.673218471888,1000.0,5387.159133526014,1000.0,0.04995038934863307,0.0
9075,1705201440000.0,0.0,0.0,69.4,3.8777575640615822,0.0,0.0,3.8617,0.9533662612544772,1.0,5387.673218471888,1000.0,5386.558823526014,1000.0,0.04995038934863307,0.0
9076,1705205040000.0,0.0,0.0,69.4,3.8777575640615822,0.0,0.0,3.842,0.9533662612544772,1.0,5387.673218471888,1000.0,5385.191643526014,1000.0,0.04995038934863307,0.0
9077,1705208640000.0,0.0,0.0,69.4,3.8777575640615822,0.0,0.0,3.85495,0.9533662612544772,1.0,5387.673218471888,1000.0,5386.0903735260135,1000.0,0.04995038934863307,0.0
9078,1705212240000.0,0.0,0.0,69.4,3.8777575640615822,0.0,0.0,3.87095,0.9533662612544772,1.0,5387.673218471888,1000.0,5387.200773526014,1000.0,0.04995038934863307,0.0
9079,1705215840000.0,0.0,0.0,69.4,3.8777575640615822,0.0,0.0,3.88665,0.9533662612544772,1.0,5387.673218471888,1000.0,5388.290353526014,1000.0,0.04995038934863307,0.0
9080,1705219440000.0,0.0,0.0,69.4,3.8777575640615822,0.0,0.0,3.89305,0.9533662612544772,1.0,5387.673218471888,1000.0,5388.734513526014,1000.0,0.04995038934863307,0.0
9081,1705223040000.0,0.0,0.0,69.4,3.8777575640615822,0.0,0.0,3.903,0.9533662612544772,1.0,5387.673218471888,1000.0,5389.425043526014,1000.0,0.04995038934863307,0.0
9082,1705226640000.0,0.0,0.0,59.5,3.8777575640615822,0.0,0.0,3.936,0.9533662612544772,1.0,5388.050003719678,1000.0,5391.515428658014,1000.0,0.04282190679417979,0.0
9083,1705230240000.0,0.0,0.0,69.3,3.8814160361601346,0.0,0.0,3.88675,0.9533662612544772,1.0,5388.627704569911,1000.0,5388.997348264013,1000.0,0.04991662925196758,0.0
9084,1705233840000.0,0.0,0.0,59.4,3.8814160361601346,0.0,0.0,3.89545,0.9533662612544772,1.0,5389.0048936179255,1000.0,5389.838511070014,1000.0,0.04278268754607261,0.0
9085,1705237440000.0,0.0,0.0,59.4,3.8814160361601346,0.0,0.0,3.8572,0.9533662612544772,1.0,5389.0048936179255,1000.0,5387.566461070013,1000.0,0.04278268754607261,0.0
9086,1705241040000.0,0.0,0.0,59.4,3.8814160361601346,0.0,0.0,3.87475,0.9533662612544772,1.0,5389.0048936179255,1000.0,5388.608931070014,1000.0,0.04278268754607261,0.0
9087,1705244640000.0,0.0,0.0,43.8,3.8814160361601346,0.0,0.0,3.90045,0.9533662612544772,1.0,5389.599252117828,1000.0,5390.432939734013,1000.0,0.03154335126438399,0.0
9088,1705248240000.0,0.0,0.0,43.8,3.8825167490463093,0.0,0.0,3.9007,0.9533662612544772,1.0,5390.554697646242,1000.0,5391.351124038014,1000.0,0.031546704030752465,0.0
9089,1705251840000.0,0.0,0.0,69.3,3.8849023608690962,0.0,0.0,3.87895,0.9533662612544772,1.0,5390.534863746242,1000.0,5390.122365138014,1000.0,0.04994378858745138,0.0
9090,1705255440000.0,0.0,0.0,32.3,3.8849023608690962,0.0,0.0,3.91945,0.9533662612544772,1.0,5391.945040274086,1000.0,5393.060929018014,1000.0,0.023272185699002083,0.0
9091,1705259040000.0,0.0,0.0,69.3,3.8893430793084267,0.0,0.0,3.89515,0.9533662612544772,1.0,5392.087975582088,1000.0,5392.490395186014,1000.0,0.04998647585437021,0.0
9092,1705262640000.0,0.0,0.0,69.3,3.8893430793084267,0.0,0.0,3.8134,0.9533662612544772,1.0,5392.087975582088,1000.0,5386.825120186014,1000.0,0.04998647585437021,0.0
9093,1705266240000.0,0.0,0.0,69.3,3.8893430793084267,0.0,0.0,3.8412,0.9533662612544772,1.0,5392.087975582088,1000.0,5388.751660186014,1000.0,0.04998647585437021,0.0
9094,1705269840000.0,0.0,0.0,69.3,3.8893430793084267,0.0,0.0,3.8672,0.9533662612544772,1.0,5392.087975582088,1000.0,5390.553460186014,1000.0,0.04998647585437021,0.0
9095,1705273440000.0,0.0,0.0,69.3,3.8893430793084267,0.0,0.0,3.8357,0.9533662612544772,1.0,5392.087975582088,1000.0,5388.370510186014,1000.0,0.04998647585437021,0.0
9096,1705277040000.0,0.0,0.0,175.4,3.807594614572827,0.0,0.0,3.77955,0.9533662612544772,1.0,5392.0083114580875,1000.0,5387.089286062013,1000.0,0.1238596190545329,0.0
9097,1705280640000.0,0.0,0.0,175.4,3.807594614572827,0.0,0.0,3.8345,0.9533662612544772,1.0,5392.0083114580875,1000.0,5396.727516062014,1000.0,0.1238596190545329,0.0
9098,1705284240000.0,0.0,0.0,150.4,3.807594614572827,0.0,0.0,3.82295,0.9533662612544772,1.0,5392.941717593767,1000.0,5395.2511675620135,1000.0,0.10618735747941009,0.0
9099,1705287840000.0,0.0,0.0,62.3,3.807594614572827,0.0,0.0,3.87855,0.9533662612544772,1.0,5398.711784567902,1000.0,5403.132305080015,1000.0,0.04393884207079837,0.0
9100,1705291440000.0,0.0,0.0,21.0,3.807594614572827,0.0,0.0,3.8813,0.9533662612544772,1.0,5401.789824232046,1000.0,5403.337637326017,1000.0,0.01480240614829862,0.0
9101,1705295040000.0,0.0,0.0,70.1,3.844602201109679,0.0,0.0,3.86455,0.9533662612544772,1.0,5402.401066927805,1000.0,5403.7994076300165,1000.0,0.049886450664990964,0.0
9102,1705298640000.0,0.0,0.0,70.1,3.844602201109679,0.0,0.0,3.85015,0.9533662612544772,1.0,5402.401066927805,1000.0,5402.789967630017,1000.0,0.049886450664990964,0.0
9103,1705302240000.0,0.0,0.0,70.1,3.844602201109679,0.0,0.0,3.8606,0.9533662612544772,1.0,5402.401066927805,1000.0,5403.5225126300165,1000.0,0.049886450664990964,0.0
9104,1705305840000.0,0.0,0.0,70.1,3.844602201109679,0.0,0.0,3.8474,0.9533662612544772,1.0,5402.401066927805,1000.0,5402.597192630016,1000.0,0.049886450664990964,0.0
9105,1705309440000.0,0.0,0.0,70.1,3.844602201109679,0.0,0.0,3.8376,0.9533662612544772,1.0,5402.401066927805,1000.0,5401.910212630017,1000.0,0.049886450664990964,0.0
9106,1705313040000.0,0.0,0.0,70.1,3.844602201109679,0.0,0.0,3.85335,0.9533662612544772,1.0,5402.401066927805,1000.0,5403.014287630016,1000.0,0.049886450664990964,0.0
9107,1705316640000.0,0.0,0.0,70.1,3.844602201109679,0.0,0.0,3.8444,0.9533662612544772,1.0,5402.401066927805,1000.0,5402.3868926300165,1000.0,0.049886450664990964,0.0
9108,1705320240000.0,0.0,0.0,70.1,3.844602201109679,0.0,0.0,3.84795,0.9533662612544772,1.0,5402.401066927805,1000.0,5402.635747630016,1000.0,0.049886450664990964,0.0
9109,1705323840000.0,0.0,0.0,70.1,3.844602201109679,0.0,0.0,3.8449,0.9533662612544772,1.0,5402.401066927805,1000.0,5402.421942630017,1000.0,0.049886450664990964,0.0
9110,1705327440000.0,0.0,0.0,70.1,3.844602201109679,0.0,0.0,3.86285,0.9533662612544772,1.0,5402.401066927805,1000.0,5403.680237630017,1000.0,0.049886450664990964,0.0
9111,1705331040000.0,0.0,0.0,70.1,3.844602201109679,0.0,0.0,3.79645,0.9533662612544772,1.0,5402.401066927805,1000.0,5399.025597630017,1000.0,0.049886450664990964,0.0
9112,1705334640000.0,0.0,0.0,70.1,3.844602201109679,0.0,0.0,3.7555,0.9533662612544772,1.0,5402.401066927805,1000.0,5396.1550026300165,1000.0,0.049886450664990964,0.0
9113,1705338240000.0,0.0,0.0,70.1,3.844602201109679,0.0,0.0,3.7835,0.9533662612544772,1.0,5402.401066927805,1000.0,5398.117802630017,1000.0,0.049886450664990964,0.0
9114,1705341840000.0,0.0,0.0,70.1,3.844602201109679,0.0,0.0,3.8087,0.9533662612544772,1.0,5402.401066927805,1000.0,5399.884322630017,1000.0,0.049886450664990964,0.0
9115,1705345440000.0,0.0,0.0,70.1,3.844602201109679,0.0,0.0,3.82765,0.9533662612544772,1.0,5402.401066927805,1000.0,5401.212717630016,1000.0,0.049886450664990964,0.0
9116,1705349040000.0,0.0,0.0,70.1,3.844602201109679,0.0,0.0,3.8156,0.9533662612544772,1.0,5402.401066927805,1000.0,5400.368012630017,1000.0,0.049886450664990964,0.0
9117,1705352640000.0,0.0,0.0,70.1,3.844602201109679,0.0,0.0,3.76845,0.9533662612544772,1.0,5402.401066927805,1000.0,5397.062797630017,1000.0,0.049886450664990964,0.0
9118,1705356240000.0,0.0,0.0,70.1,3.844602201109679,0.0,0.0,3.7639,0.9533662612544772,1.0,5402.401066927805,1000.0,5396.743842630017,1000.0,0.049886450664990964,0.0
9119,1705359840000.0,0.0,0.0,70.1,3.844602201109679,0.0,0.0,3.7672,0.9533662612544772,1.0,5402.401066927805,1000.0,5396.9751726300165,1000.0,0.049886450664990964,0.0
9120,1705363440000.0,0.0,0.0,70.1,3.844602201109679,0.0,0.0,3.76665,0.9533662612544772,1.0,5402.401066927805,1000.0,5396.936617630016,1000.0,0.049886450664990964,0.0
9121,1705367040000.0,0.0,0.0,70.1,3.844602201109679,0.0,0.0,3.794,0.9533662612544772,1.0,5402.401066927805,1000.0,5398.853852630016,1000.0,0.049886450664990964,0.0
9122,1705370640000.0,0.0,0.0,70.1,3.844602201109679,0.0,0.0,3.7766,0.9533662612544772,1.0,5402.401066927805,1000.0,5397.634112630017,1000.0,0.049886450664990964,0.0
9123,1705374240000.0,0.0,0.0,70.1,3.844602201109679,0.0,0.0,3.78715,0.9533662612544772,1.0,5402.401066927805,1000.0,5398.373667630017,1000.0,0.049886450664990964,0.0
9124,1705377840000.0,0.0,0.0,70.1,3.844602201109679,0.0,0.0,3.7998,0.9533662612544772,1.0,5402.401066927805,1000.0,5399.260432630016,1000.0,0.049886450664990964,0.0
9125,1705381440000.0,0.0,0.0,70.1,3.844602201109679,0.0,0.0,3.8323,0.9533662612544772,1.0,5402.401066927805,1000.0,5401.538682630016,1000.0,0.049886450664990964,0.0
9126,1705385040000.0,0.0,0.0,70.1,3.844602201109679,0.0,0.0,3.822,0.9533662612544772,1.0,5402.401066927805,1000.0,5400.8166526300165,1000.0,0.049886450664990964,0.0
9127,1705388640000.0,0.0,0.0,70.1,3.844602201109679,0.0,0.0,3.82435,0.9533662612544772,1.0,5402.401066927805,1000.0,5400.981387630017,1000.0,0.049886450664990964,0.0
9128,1705392240000.0,0.0,0.0,70.1,3.844602201109679,0.0,0.0,3.82665,0.9533662612544772,1.0,5402.401066927805,1000.0,5401.1426176300165,1000.0,0.049886450664990964,0.0
9129,1705395840000.0,0.0,0.0,70.1,3.844602201109679,0.0,0.0,3.8467,0.9533662612544772,1.0,5402.401066927805,1000.0,5402.548122630016,1000.0,0.049886450664990964,0.0
9130,1705399440000.0,0.0,0.0,70.1,3.844602201109679,0.0,0.0,3.8347,0.9533662612544772,1.0,5402.401066927805,1000.0,5401.706922630016,1000.0,0.049886450664990964,0.0
9131,1705403040000.0,0.0,0.0,70.1,3.844602201109679,0.0,0.0,3.8193,0.9533662612544772,1.0,5402.401066927805,1000.0,5400.627382630017,1000.0,0.049886450664990964,0.0
9132,1705406640000.0,0.0,0.0,70.1,3.844602201109679,0.0,0.0,3.8119,0.9533662612544772,1.0,5402.401066927805,1000.0,5400.108642630016,1000.0,0.049886450664990964,0.0
9133,1705410240000.0,0.0,0.0,70.1,3.844602201109679,0.0,0.0,3.8291,0.9533662612544772,1.0,5402.401066927805,1000.0,5401.314362630016,1000.0,0.049886450664990964,0.0
9134,1705413840000.0,0.0,0.0,70.1,3.844602201109679,0.0,0.0,3.8011,0.9533662612544772,1.0,5402.401066927805,1000.0,5399.351562630017,1000.0,0.049886450664990964,0.0
9135,1705417440000.0,0.0,0.0,130.4,3.7638536882626177,0.0,0.0,3.7829,0.9533662612544772,1.0,5404.055069273462,1000.0,5406.538708324017,1000.0,0.09082189479157748,0.0
9136,1705421040000.0,0.0,0.0,37.5,3.7638536882626177,0.0,0.0,3.86575,0.9533662612544772,1.0,5410.215472915864,1000.0,5414.036584606016,1000.0,0.02608851976717622,0.0
9137,1705424640000.0,0.0,0.0,19.2,3.7638536882626177,0.0,0.0,3.87145,0.9533662612544772,1.0,5412.235267920659,1000.0,5414.301117106016,1000.0,0.013352337294532711,0.0
9138,1705428240000.0,0.0,0.0,1.8,3.7638536882626177,0.0,0.0,3.93345,0.9533662612544772,1.0,5414.280823720888,1000.0,5414.586097082016,1000.0,0.0012513086889011295,0.0
9139,1705431840000.0,0.0,0.0,0.0,3.7638536882626177,0.0,0.0,3.91365,0.9533662612544772,1.0,5414.604427090016,1000.0,5414.604427090016,1000.0,0.0,0.0
9140,1705435440000.0,0.0,0.0,0.0,3.7638536882626177,0.0,0.0,3.96955,0.9533662612544772,1.0,5414.604427090016,1000.0,5414.604427090016,1000.0,0.0,0.0
9141,1705439040000.0,0.0,0.0,0.0,3.7638536882626177,0.0,0.0,3.9731,0.9533662612544772,1.0,5414.604427090016,1000.0,5414.604427090016,1000.0,0.0,0.0
9142,1705442640000.0,0.0,0.0,0.0,3.7638536882626177,0.0,0.0,4.0417,0.9533662612544772,1.0,5414.604427090016,1000.0,5414.604427090016,1000.0,0.0,0.0
9143,1705446240000.0,0.0,0.0,0.0,3.7638536882626177,0.0,0.0,4.01175,0.9533662612544772,1.0,5414.604427090016,1000.0,5414.604427090016,1000.0,0.0,0.0
9144,1705449840000.0,0.0,0.0,0.0,3.7638536882626177,0.0,0.0,3.985,0.9533662612544772,1.0,5414.604427090016,1000.0,5414.604427090016,1000.0,0.0,0.0
9145,1705453440000.0,0.0,0.0,0.0,3.7638536882626177,0.0,0.0,4.01145,0.9533662612544772,1.0,5414.604427090016,1000.0,5414.604427090016,1000.0,0.0,0.0
9146,1705457040000.0,0.0,0.0,0.0,3.7638536882626177,0.0,0.0,4.0157,0.9533662612544772,1.0,5414.604427090016,1000.0,5414.604427090016,1000.0,0.0,0.0
9147,1705460640000.0,0.0,0.0,0.0,3.7638536882626177,0.0,0.0,4.0774,0.9533662612544772,1.0,5414.604427090016,1000.0,5414.604427090016,1000.0,0.0,0.0
9148,1705464240000.0,0.0,0.0,0.0,3.7638536882626177,0.0,0.0,4.11245,0.9533662612544772,1.0,5414.604427090016,1000.0,5414.604427090016,1000.0,0.0,0.0
9149,1705467840000.0,0.0,0.0,0.0,3.7638536882626177,0.0,0.0,4.1265,0.9533662612544772,1.0,5414.604427090016,1000.0,5414.604427090016,1000.0,0.0,0.0
9150,1705471440000.0,0.0,0.0,0.0,3.7638536882626177,0.0,0.0,4.10225,0.9533662612544772,1.0,5414.604427090016,1000.0,5414.604427090016,1000.0,0.0,0.0
9151,1705475040000.0,0.0,0.0,0.0,3.7638536882626177,0.0,0.0,4.1022,0.9533662612544772,1.0,5414.604427090016,1000.0,5414.604427090016,1000.0,0.0,0.0
9152,1705478640000.0,0.0,0.0,66.8,4.055262874251497,0.0,0.0,4.0197,0.9533662612544772,1.0,5415.508911762016,1000.0,5413.133311762016,1000.0,0.05002144108961707,0.0
9153,1705482240000.0,0.0,0.0,57.3,4.055262874251497,0.0,0.0,4.0965,0.9533662612544772,1.0,5415.887182246627,1000.0,5418.250069552017,1000.0,0.04290461652456728,0.0
9154,1705485840000.0,0.0,0.0,23.6,4.055262874251497,0.0,0.0,4.1651,0.9533662612544772,1.0,5418.193234142352,1000.0,5420.785390310017,1000.0,0.017663490336457963,0.0
9155,1705489440000.0,0.0,0.0,3.4,4.055262874251497,0.0,0.0,4.2858,0.9533662612544772,1.0,5421.006814714473,1000.0,5421.7906409420175,1000.0,0.002543419376457896,0.0
9156,1705493040000.0,0.0,0.0,0.0,4.055262874251497,0.0,0.0,4.2139,0.9533662612544772,1.0,5421.735736998018,1000.0,5421.735736998018,1000.0,0.0,0.0
9157,1705496640000.0,0.0,0.0,0.0,4.055262874251497,0.0,0.0,4.2761,0.9533662612544772,1.0,5421.735736998018,1000.0,5421.735736998018,1000.0,0.0,0.0
9158,1705500240000.0,0.0,0.0,65.3,4.1515,0.0,0.0,4.16545,0.9533662612544772,1.0,5421.681518408018,1000.0,5422.592453408018,1000.0,0.0500016367762601,0.0
9159,1705503840000.0,0.0,0.0,7.6,4.151685451761104,0.0,0.0,4.2423,0.9533662612544772,1.0,5426.061885009402,1000.0,5426.750555576018,1000.0,0.005815047838019583,0.0
9160,1705507440000.0,0.0,0.0,65.0,4.171824279656025,0.0,0.0,4.18295,0.9533662612544772,1.0,5426.541073017658,1000.0,5427.2642448400165,1000.0,0.049970796227079305,0.0
9161,1705511040000.0,0.0,0.0,10.5,4.171824279656025,0.0,0.0,4.22975,0.9533662612544772,1.0,5429.4026453664055,1000.0,5430.0108654300175,1000.0,0.008067951079990702,0.0
9162,1705514640000.0,0.0,0.0,3.6,4.171824279656025,0.0,0.0,4.28905,0.9533662612544772,1.0,5429.933303414778,1000.0,5430.3553160080155,1000.0,0.0027658843244569528,0.0
9163,1705518240000.0,0.0,0.0,0.6,4.171824279656025,0.0,0.0,4.32165,0.9533662612544772,1.0,5430.304322761811,1000.0,5430.394218194017,1000.0,0.0004609492247610463,0.0
9164,1705521840000.0,0.0,0.0,0.0,4.171824279656025,0.0,0.0,4.3319,0.9533662612544772,1.0,5430.40212791002,1000.0,5430.40212791002,1000.0,0.0,0.0
9165,1705525440000.0,0.0,0.0,0.0,4.171824279656025,0.0,0.0,4.31165,0.9533662612544772,1.0,5430.40212791002,1000.0,5430.40212791002,1000.0,0.0,0.0
9166,1705529040000.0,0.0,0.0,0.0,4.171824279656025,0.0,0.0,4.30305,0.9533662612544772,1.0,5430.40212791002,1000.0,5430.40212791002,1000.0,0.0,0.0
9167,1705532640000.0,0.0,0.0,63.6,4.2667,0.0,0.0,4.2168,0.9533662612544772,1.0,5430.347855486019,1000.0,5427.174215486019,1000.0,0.04997140647736883,0.0
9168,1705536240000.0,0.0,0.0,63.6,4.2667,0.0,0.0,4.23035,0.9533662612544772,1.0,5430.347855486019,1000.0,5428.03599548602,1000.0,0.04997140647736883,0.0
9169,1705539840000.0,0.0,0.0,63.6,4.2667,0.0,0.0,4.23035,0.9533662612544772,1.0,5430.347855486019,1000.0,5428.03599548602,1000.0,0.04997140647736883,0.0
9170,1705543440000.0,0.0,0.0,160.9,4.177079987569919,0.0,0.0,4.15515,0.9533662612544772,1.0,5430.267709476019,1000.0,5426.739174476019,1000.0,0.12376777830440554,0.0
9171,1705547040000.0,0.0,0.0,138.0,4.177079987569919,0.0,0.0,4.212,0.9533662612544772,1.0,5431.2060651986685,1000.0,5436.02502691402,1000.0,0.10613426030329845,0.0
9172,1705550640000.0,0.0,0.0,49.5,4.196027005019342,0.0,0.0,4.26445,0.9533662612544772,1.0,5436.154569594478,1000.0,5439.54150784602,1000.0,0.03820776876179802,0.0
9173,1705554240000.0,0.0,0.0,24.0,4.196027005019342,0.0,0.0,4.2442,0.9533662612544772,1.0,5438.248558066485,1000.0,5439.404709946021,1000.0,0.018517845781633183,0.0
9174,1705557840000.0,0.0,0.0,60.9,4.218008990987001,0.0,0.0,4.1994,0.9533662612544772,1.0,5438.27954299113,1000.0,5437.146255440022,1000.0,0.047234928899926046,0.0
9175,1705561440000.0,0.0,0.0,60.9,4.218008990987001,0.0,0.0,4.1936,0.9533662612544772,1.0,5438.27954299113,1000.0,5436.793035440022,1000.0,0.047234928899926046,0.0
9176,1705565040000.0,0.0,0.0,60.9,4.218008990987001,0.0,0.0,4.18555,0.9533662612544772,1.0,5438.27954299113,1000.0,5436.302790440021,1000.0,0.047234928899926046,0.0
9177,1705568640000.0,0.0,0.0,60.9,4.218008990987001,0.0,0.0,4.1464,0.9533662612544772,1.0,5438.27954299113,1000.0,5433.918555440022,1000.0,0.047234928899926046,0.0
9178,1705572240000.0,0.0,0.0,60.9,4.218008990987001,0.0,0.0,4.1266,0.9533662612544772,1.0,5438.27954299113,1000.0,5432.712735440022,1000.0,0.047234928899926046,0.0
9179,1705575840000.0,0.0,0.0,60.9,4.218008990987001,0.0,0.0,4.1312,0.9533662612544772,1.0,5438.27954299113,1000.0,5432.992875440022,1000.0,0.047234928899926046,0.0
9180,1705579440000.0,0.0,0.0,60.9,4.218008990987001,0.0,0.0,4.1565,0.9533662612544772,1.0,5438.27954299113,1000.0,5434.533645440022,1000.0,0.047234928899926046,0.0
9181,1705583040000.0,0.0,0.0,60.9,4.218008990987001,0.0,0.0,4.12925,0.9533662612544772,1.0,5438.27954299113,1000.0,5432.874120440022,1000.0,0.047234928899926046,0.0
9182,1705586640000.0,0.0,0.0,60.9,4.218008990987001,0.0,0.0,4.1378,0.9533662612544772,1.0,5438.27954299113,1000.0,5433.394815440022,1000.0,0.047234928899926046,0.0
9183,1705590240000.0,0.0,0.0,52.2,4.218008990987001,0.0,0.0,4.2433,0.9533662612544772,1.0,5438.639192021543,1000.0,5439.959382692022,1000.0,0.040484404564385255,0.0
9184,1705593840000.0,0.0,0.0,24.3,4.218008990987001,0.0,0.0,4.2562,0.9533662612544772,1.0,5439.792549257007,1000.0,5440.720590776023,1000.0,0.01884219251982022,0.0
9185,1705597440000.0,0.0,0.0,164.5,4.10882612712236,0.0,0.0,4.07705,0.9533662612544772,1.0,5439.815552649651,1000.0,5434.588379738023,1000.0,0.1242508852312845,0.0
9186,1705601040000.0,0.0,0.0,164.5,4.10882612712236,0.0,0.0,4.01715,0.9533662612544772,1.0,5439.815552649651,1000.0,5424.734829738023,1000.0,0.1242508852312845,0.0
9187,1705604640000.0,0.0,0.0,262.2,4.012230581238896,0.0,0.0,4.0377,0.9533662612544772,1.0,5445.678031524862,1000.0,5452.356113124023,1000.0,0.19318197886669083,0.0
9188,1705608240000.0,0.0,0.0,66.8,4.036759266010251,0.0,0.0,4.099,0.9533662612544772,1.0,5464.719899501507,1000.0,5468.877580532022,1000.0,0.049344801550411176,0.0
9189,1705611840000.0,0.0,0.0,10.3,4.077635360478877,0.0,0.0,4.1284,0.9533662612544772,1.0,5473.225492830952,1000.0,5473.748368618019,1000.0,0.007673655007992132,0.0
9190,1705615440000.0,0.0,0.0,14.0,4.108114048314773,0.0,0.0,4.21915,0.9533662612544772,1.0,5477.4937504084255,1000.0,5479.048253732019,1000.0,0.010499983988501741,0.0
9191,1705619040000.0,0.0,0.0,0.2,4.108114048314773,0.0,0.0,4.2842,0.9533662612544772,1.0,5479.476559237682,1000.0,5479.5117764280185,1000.0,0.0001499454921981199,0.0
9192,1705622640000.0,0.0,0.0,0.0,4.108114048314773,0.0,0.0,4.30055,0.9533662612544772,1.0,5479.512674846019,1000.0,5479.512674846019,1000.0,0.0,0.0
9193,1705626240000.0,0.0,0.0,0.0,4.108114048314773,0.0,0.0,4.26245,0.9533662612544772,1.0,5479.512674846019,1000.0,5479.512674846019,1000.0,0.0,0.0
9194,1705629840000.0,0.0,0.0,65.1,4.208569892473118,0.0,0.0,4.1786,0.9533662612544772,1.0,5480.152902026019,1000.0,5478.201862026019,1000.0,0.04999457221325158,0.0
9195,1705633440000.0,0.0,0.0,65.1,4.208569892473118,0.0,0.0,4.12005,0.9533662612544772,1.0,5480.152902026019,1000.0,5474.390257026019,1000.0,0.04999457221325158,0.0
9196,1705637040000.0,0.0,0.0,121.1,4.1201757134183365,0.0,0.0,4.1342,0.9533662612544772,1.0,5481.833070504979,1000.0,5483.531411610019,1000.0,0.09101942224026854,0.0
9197,1705640640000.0,0.0,0.0,61.9,4.1201757134183365,0.0,0.0,4.1793,0.9533662612544772,1.0,5485.313479410614,1000.0,5488.973272750019,1000.0,0.04649485897531575,0.0
9198,1705644240000.0,0.0,0.0,16.8,4.142695533264944,0.0,0.0,4.2751,0.9533662612544772,1.0,5490.689109313869,1000.0,5492.913504355019,1000.0,0.012675510044958295,0.0
9199,1705647840000.0,0.0,0.0,1.3,4.142695533264944,0.0,0.0,4.3081,0.9533662612544772,1.0,5492.8712471082645,1000.0,5493.08627291502,1000.0,0.0009804533823871513,0.0
9200,1705651440000.0,0.0,0.0,0.1,4.142695533264944,0.0,0.0,4.23165,0.9533662612544772,1.0,5492.984675332348,1000.0,5492.993570779022,1000.0,7.54179335665868e-05,0.0
9201,1705655040000.0,0.0,0.0,19.2,4.2133,0.0,0.0,4.27505,0.9533662612544772,1.0,5494.83988925502,1000.0,5496.02548925502,1000.0,0.014722059537747082,0.0
9202,1705658640000.0,0.0,0.0,65.1,4.221662365591398,0.0,0.0,4.22365,0.9533662612544772,1.0,5495.4538864430215,1000.0,5495.583281443021,1000.0,0.05001046786653798,0.0
9203,1705662240000.0,0.0,0.0,55.8,4.221662365591398,0.0,0.0,4.2018,0.9533662612544772,1.0,5495.838765589022,1000.0,5494.730445589022,1000.0,0.04286311335677489,0.0
9204,1705665840000.0,0.0,0.0,26.0,4.221662365591398,0.0,0.0,4.22685,0.9533662612544772,1.0,5497.072034250399,1000.0,5497.206912745023,1000.0,0.019967579253369575,0.0
9205,1705669440000.0,0.0,0.0,65.1,4.22366699701039,0.0,0.0,4.14565,0.9533662612544772,1.0,5497.038994750399,1000.0,5491.960088245022,1000.0,0.05001978733786686,0.0
9206,1705673040000.0,0.0,0.0,65.1,4.22366699701039,0.0,0.0,4.11725,0.9533662612544772,1.0,5497.038994750399,1000.0,5490.111248245023,1000.0,0.05001978733786686,0.0
9207,1705676640000.0,0.0,0.0,164.7,4.134972201004107,0.0,0.0,4.0262,0.9533662612544772,1.0,5496.957780910399,1000.0,5479.042999405023,1000.0,0.12389215064929697,0.0
9208,1705680240000.0,0.0,0.0,416.7,4.037865902340716,0.0,0.0,3.97655,0.9533662612544772,1.0,5496.757471150399,1000.0,5471.207134645023,1000.0,0.30610386765949754,0.0
9209,1705683840000.0,0.0,0.0,1035.9,3.898550281229432,0.0,0.0,3.9253,0.9533662612544772,1.0,5510.304736026592,1000.0,5538.014769701023,1000.0,0.7329010698667247,0.0
9210,1705687440000.0,0.0,0.0,228.5,3.898550281229432,0.0,0.0,4.02905,0.9533662612544772,1.0,5571.148493943948,1000.0,5600.967679683023,1000.0,0.1598985810967486,0.0
9211,1705691040000.0,0.0,0.0,16.1,3.898550281229432,0.0,0.0,4.12805,0.9533662612544772,1.0,5607.518705168818,1000.0,5611.213650641024,1000.0,0.011193303638904977,0.0
9212,1705694640000.0,0.0,0.0,8.1,3.898550281229432,0.0,0.0,4.1432,0.9533662612544772,1.0,5609.346098438983,1000.0,5611.327761161025,1000.0,0.005629579049641145,0.0
9213,1705698240000.0,0.0,0.0,0.0,3.898550281229432,0.0,0.0,4.11345,0.9533662612544772,1.0,5611.352512883024,1000.0,5611.352512883024,1000.0,0.0,0.0
9214,1705701840000.0,0.0,0.0,68.6,4.0917,0.0,0.0,4.07755,0.9533662612544772,1.0,5611.296374759024,1000.0,5610.325684759024,1000.0,0.05002241928667584,0.0
9215,1705705440000.0,0.0,0.0,50.4,4.0917,0.0,0.0,4.15905,0.9533662612544772,1.0,5612.027531731023,1000.0,5615.421971731023,1000.0,0.036746377104174895,0.0
9216,1705709040000.0,0.0,0.0,68.3,4.100250512445096,0.0,0.0,4.1077,0.9533662612544772,1.0,5612.744771877024,1000.0,5613.253571877023,1000.0,0.04989485917891581,0.0
9217,1705712640000.0,0.0,0.0,68.3,4.100250512445096,0.0,0.0,4.1032,0.9533662612544772,1.0,5612.744771877024,1000.0,5612.946221877023,1000.0,0.04989485917891581,0.0
9218,1705716240000.0,0.0,0.0,68.3,4.100250512445096,0.0,0.0,4.08965,0.9533662612544772,1.0,5612.744771877024,1000.0,5612.020756877024,1000.0,0.04989485917891581,0.0
9219,1705719840000.0,0.0,0.0,68.3,4.100250512445096,0.0,0.0,4.10815,0.9533662612544772,1.0,5612.744771877024,1000.0,5613.2843068770235,1000.0,0.04989485917891581,0.0
9220,1705723440000.0,0.0,0.0,43.2,4.100250512445096,0.0,0.0,4.13675,0.9533662612544772,1.0,5613.754324688651,1000.0,5615.331102551023,1000.0,0.03155300568794524,0.0
9221,1705727040000.0,0.0,0.0,68.3,4.108171771467281,0.0,0.0,4.1108,0.9533662612544772,1.0,5614.513776540238,1000.0,5614.693284549023,1000.0,0.049975499777670615,0.0
9222,1705730640000.0,0.0,0.0,68.3,4.108171771467281,0.0,0.0,4.08925,0.9533662612544772,1.0,5614.513776540238,1000.0,5613.221419549022,1000.0,0.049975499777670615,0.0
9223,1705734240000.0,0.0,0.0,68.3,4.108171771467281,0.0,0.0,4.08505,0.9533662612544772,1.0,5614.513776540238,1000.0,5612.934559549022,1000.0,0.049975499777670615,0.0
9224,1705737840000.0,0.0,0.0,68.3,4.108171771467281,0.0,0.0,4.05925,0.9533662612544772,1.0,5614.513776540238,1000.0,5611.172419549022,1000.0,0.049975499777670615,0.0
9225,1705741440000.0,0.0,0.0,68.3,4.108171771467281,0.0,0.0,4.0398,0.9533662612544772,1.0,5614.513776540238,1000.0,5609.843984549023,1000.0,0.049975499777670615,0.0
9226,1705745040000.0,0.0,0.0,172.8,4.021891678189903,0.0,0.0,4.0033,0.9533662612544772,1.0,5614.430897590238,1000.0,5611.218255599023,1000.0,0.12378509855549347,0.0
9227,1705748640000.0,0.0,0.0,66.9,4.021891678189903,0.0,0.0,4.0362,0.9533662612544772,1.0,5619.440466049928,1000.0,5620.397692779024,1000.0,0.047881022122481534,0.0
9228,1705752240000.0,0.0,0.0,66.9,4.021891678189903,0.0,0.0,4.016,0.9533662612544772,1.0,5619.440466049928,1000.0,5619.0463127790235,1000.0,0.047881022122481534,0.0
9229,1705755840000.0,0.0,0.0,66.9,4.021891678189903,0.0,0.0,3.99595,0.9533662612544772,1.0,5619.440466049928,1000.0,5617.704967779023,1000.0,0.047881022122481534,0.0
9230,1705759440000.0,0.0,0.0,66.9,4.021891678189903,0.0,0.0,3.99905,0.9533662612544772,1.0,5619.440466049928,1000.0,5617.912357779023,1000.0,0.047881022122481534,0.0
9231,1705763040000.0,0.0,0.0,66.9,4.021891678189903,0.0,0.0,3.967,0.9533662612544772,1.0,5619.440466049928,1000.0,5615.768212779023,1000.0,0.047881022122481534,0.0
9232,1705766640000.0,0.0,0.0,66.9,4.021891678189903,0.0,0.0,3.9749,0.9533662612544772,1.0,5619.440466049928,1000.0,5616.296722779023,1000.0,0.047881022122481534,0.0
9233,1705770240000.0,0.0,0.0,66.9,4.021891678189903,0.0,0.0,3.9473,0.9533662612544772,1.0,5619.440466049928,1000.0,5614.450282779023,1000.0,0.047881022122481534,0.0
9234,1705773840000.0,0.0,0.0,66.9,4.021891678189903,0.0,0.0,3.92595,0.9533662612544772,1.0,5619.440466049928,1000.0,5613.021967779023,1000.0,0.047881022122481534,0.0
9235,1705777440000.0,0.0,0.0,66.9,4.021891678189903,0.0,0.0,3.9564,0.9533662612544772,1.0,5619.440466049928,1000.0,5615.059072779023,1000.0,0.047881022122481534,0.0
9236,1705781040000.0,0.0,0.0,66.9,4.021891678189903,0.0,0.0,3.93565,0.9533662612544772,1.0,5619.440466049928,1000.0,5613.670897779023,1000.0,0.047881022122481534,0.0
9237,1705784640000.0,0.0,0.0,66.9,4.021891678189903,0.0,0.0,3.9815,0.9533662612544772,1.0,5619.440466049928,1000.0,5616.738262779023,1000.0,0.047881022122481534,0.0
9238,1705788240000.0,0.0,0.0,66.9,4.021891678189903,0.0,0.0,4.0043,0.9533662612544772,1.0,5619.440466049928,1000.0,5618.263582779023,1000.0,0.047881022122481534,0.0
9239,1705791840000.0,0.0,0.0,66.9,4.021891678189903,0.0,0.0,4.00085,0.9533662612544772,1.0,5619.440466049928,1000.0,5618.0327777790235,1000.0,0.047881022122481534,0.0
9240,1705795440000.0,0.0,0.0,66.9,4.021891678189903,0.0,0.0,3.99685,0.9533662612544772,1.0,5619.440466049928,1000.0,5617.765177779023,1000.0,0.047881022122481534,0.0
9241,1705799040000.0,0.0,0.0,66.9,4.021891678189903,0.0,0.0,3.94545,0.9533662612544772,1.0,5619.440466049928,1000.0,5614.326517779024,1000.0,0.047881022122481534,0.0
9242,1705802640000.0,0.0,0.0,66.9,4.021891678189903,0.0,0.0,3.9589,0.9533662612544772,1.0,5619.440466049928,1000.0,5615.226322779024,1000.0,0.047881022122481534,0.0
9243,1705806240000.0,0.0,0.0,66.9,4.021891678189903,0.0,0.0,3.9948,0.9533662612544772,1.0,5619.440466049928,1000.0,5617.628032779023,1000.0,0.047881022122481534,0.0
9244,1705809840000.0,0.0,0.0,66.9,4.021891678189903,0.0,0.0,4.01545,0.9533662612544772,1.0,5619.440466049928,1000.0,5619.009517779024,1000.0,0.047881022122481534,0.0
9245,1705813440000.0,0.0,0.0,66.9,4.021891678189903,0.0,0.0,3.9801,0.9533662612544772,1.0,5619.440466049928,1000.0,5616.644602779023,1000.0,0.047881022122481534,0.0
9246,1705817040000.0,0.0,0.0,66.9,4.021891678189903,0.0,0.0,3.9596,0.9533662612544772,1.0,5619.440466049928,1000.0,5615.273152779023,1000.0,0.047881022122481534,0.0
9247,1705820640000.0,0.0,0.0,66.9,4.021891678189903,0.0,0.0,3.97985,0.9533662612544772,1.0,5619.440466049928,1000.0,5616.627877779023,1000.0,0.047881022122481534,0.0
9248,1705824240000.0,0.0,0.0,66.9,4.021891678189903,0.0,0.0,3.99765,0.9533662612544772,1.0,5619.440466049928,1000.0,5617.818697779023,1000.0,0.047881022122481534,0.0
9249,1705827840000.0,0.0,0.0,66.9,4.021891678189903,0.0,0.0,3.99445,0.9533662612544772,1.0,5619.440466049928,1000.0,5617.604617779023,1000.0,0.047881022122481534,0.0
9250,1705831440000.0,0.0,0.0,66.9,4.021891678189903,0.0,0.0,4.0202,0.9533662612544772,1.0,5619.440466049928,1000.0,5619.327292779023,1000.0,0.047881022122481534,0.0
9251,1705835040000.0,0.0,0.0,22.9,4.021891678189903,0.0,0.0,4.015,0.9533662612544772,1.0,5621.178284849572,1000.0,5621.020465419024,1000.0,0.01638469992648765,0.0
9252,1705838640000.0,0.0,0.0,9.3,4.021891678189903,0.0,0.0,4.0409,0.9533662612544772,1.0,5621.715428842191,1000.0,5621.892206235025,1000.0,0.0066534126603540085,0.0
9253,1705842240000.0,0.0,0.0,70.2,4.008712572751653,0.0,0.0,4.0003,0.9533662612544772,1.0,5621.666627236191,1000.0,5621.076064629025,1000.0,0.05005839749439535,0.0
9254,1705845840000.0,0.0,0.0,70.2,4.008712572751653,0.0,0.0,4.02975,0.9533662612544772,1.0,5621.666627236191,1000.0,5623.143454629025,1000.0,0.05005839749439535,0.0
9255,1705849440000.0,0.0,0.0,51.6,4.008712572751653,0.0,0.0,4.03185,0.9533662612544772,1.0,5622.397191847011,1000.0,5623.591083093025,1000.0,0.03679028031920906,0.0
9256,1705853040000.0,0.0,0.0,70.0,4.010233839342647,0.0,0.0,4.0128,0.9533662612544772,1.0,5622.382418487011,1000.0,5622.562049733026,1000.0,0.04992836627956132,0.0
9257,1705856640000.0,0.0,0.0,70.0,4.010233839342647,0.0,0.0,3.9756,0.9533662612544772,1.0,5622.382418487011,1000.0,5619.958049733025,1000.0,0.04992836627956132,0.0
9258,1705860240000.0,0.0,0.0,70.0,4.010233839342647,0.0,0.0,4.0072,0.9533662612544772,1.0,5622.382418487011,1000.0,5622.170049733026,1000.0,0.04992836627956132,0.0
9259,1705863840000.0,0.0,0.0,70.0,4.010233839342647,0.0,0.0,4.01665,0.9533662612544772,1.0,5622.382418487011,1000.0,5622.831549733026,1000.0,0.04992836627956132,0.0
9260,1705867440000.0,0.0,0.0,70.0,4.010233839342647,0.0,0.0,4.02715,0.9533662612544772,1.0,5622.382418487011,1000.0,5623.566549733026,1000.0,0.04992836627956132,0.0
9261,1705871040000.0,0.0,0.0,70.0,4.010233839342647,0.0,0.0,3.99755,0.9533662612544772,1.0,5622.382418487011,1000.0,5621.494549733025,1000.0,0.04992836627956132,0.0
9262,1705874640000.0,0.0,0.0,70.0,4.010233839342647,0.0,0.0,3.99495,0.9533662612544772,1.0,5622.382418487011,1000.0,5621.312549733026,1000.0,0.04992836627956132,0.0
9263,1705878240000.0,0.0,0.0,70.0,4.010233839342647,0.0,0.0,3.99075,0.9533662612544772,1.0,5622.382418487011,1000.0,5621.018549733026,1000.0,0.04992836627956132,0.0
9264,1705881840000.0,0.0,0.0,70.0,4.010233839342647,0.0,0.0,3.9772,0.9533662612544772,1.0,5622.382418487011,1000.0,5620.070049733025,1000.0,0.04992836627956132,0.0
9265,1705885440000.0,0.0,0.0,70.0,4.010233839342647,0.0,0.0,3.95325,0.9533662612544772,1.0,5622.382418487011,1000.0,5618.393549733026,1000.0,0.04992836627956132,0.0
9266,1705889040000.0,0.0,0.0,70.0,4.010233839342647,0.0,0.0,3.89205,0.9533662612544772,1.0,5622.382418487011,1000.0,5614.109549733025,1000.0,0.04992836627956132,0.0
9267,1705892640000.0,0.0,0.0,177.1,3.9260331380800975,0.0,0.0,3.8894,0.9533662612544772,1.0,5622.299501667011,1000.0,5615.811772913026,1000.0,0.12366834398413473,0.0
9268,1705896240000.0,0.0,0.0,177.1,3.9260331380800975,0.0,0.0,3.84965,0.9533662612544772,1.0,5622.299501667011,1000.0,5608.772047913026,1000.0,0.12366834398413473,0.0
9269,1705899840000.0,0.0,0.0,177.1,3.9260331380800975,0.0,0.0,3.8568,0.9533662612544772,1.0,5622.299501667011,1000.0,5610.038312913026,1000.0,0.12366834398413473,0.0
9270,1705903440000.0,0.0,0.0,177.1,3.9260331380800975,0.0,0.0,3.92085,0.9533662612544772,1.0,5622.299501667011,1000.0,5621.381567913026,1000.0,0.12366834398413473,0.0
9271,1705907040000.0,0.0,0.0,177.1,3.9260331380800975,0.0,0.0,3.90345,0.9533662612544772,1.0,5622.299501667011,1000.0,5618.300027913026,1000.0,0.12366834398413473,0.0
9272,1705910640000.0,0.0,0.0,177.1,3.9260331380800975,0.0,0.0,3.8792,0.9533662612544772,1.0,5622.299501667011,1000.0,5614.0053529130255,1000.0,0.12366834398413473,0.0
9273,1705914240000.0,0.0,0.0,177.1,3.9260331380800975,0.0,0.0,3.8473,0.9533662612544772,1.0,5622.299501667011,1000.0,5608.355862913026,1000.0,0.12366834398413473,0.0
9274,1705917840000.0,0.0,0.0,177.1,3.9260331380800975,0.0,0.0,3.8333,0.9533662612544772,1.0,5622.299501667011,1000.0,5605.8764629130255,1000.0,0.12366834398413473,0.0
9275,1705921440000.0,0.0,0.0,177.1,3.9260331380800975,0.0,0.0,3.808,0.9533662612544772,1.0,5622.299501667011,1000.0,5601.3958329130255,1000.0,0.12366834398413473,0.0
9276,1705925040000.0,0.0,0.0,177.1,3.9260331380800975,0.0,0.0,3.81805,0.9533662612544772,1.0,5622.299501667011,1000.0,5603.175687913026,1000.0,0.12366834398413473,0.0
9277,1705928640000.0,0.0,0.0,177.1,3.9260331380800975,0.0,0.0,3.8625,0.9533662612544772,1.0,5622.299501667011,1000.0,5611.047782913026,1000.0,0.12366834398413473,0.0
9278,1705932240000.0,0.0,0.0,177.1,3.9260331380800975,0.0,0.0,3.86545,0.9533662612544772,1.0,5622.299501667011,1000.0,5611.5702279130255,1000.0,0.12366834398413473,0.0
9279,1705935840000.0,0.0,0.0,177.1,3.9260331380800975,0.0,0.0,3.842,0.9533662612544772,1.0,5622.299501667011,1000.0,5607.417232913026,1000.0,0.12366834398413473,0.0
9280,1705939440000.0,0.0,0.0,448.1,3.8338452772907505,0.0,0.0,3.84535,0.9533662612544772,1.0,5622.094972547011,1000.0,5627.250238793025,1000.0,0.30557044609577166,0.0
9281,1705943040000.0,0.0,0.0,448.1,3.8338452772907505,0.0,0.0,3.84015,0.9533662612544772,1.0,5622.094972547011,1000.0,5624.920118793026,1000.0,0.30557044609577166,0.0
9282,1705946640000.0,0.0,0.0,448.1,3.8338452772907505,0.0,0.0,3.82595,0.9533662612544772,1.0,5622.094972547011,1000.0,5618.557098793026,1000.0,0.30557044609577166,0.0
9283,1705950240000.0,0.0,0.0,448.1,3.8338452772907505,0.0,0.0,3.8487,0.9533662612544772,1.0,5622.094972547011,1000.0,5628.751373793026,1000.0,0.30557044609577166,0.0
9284,1705953840000.0,0.0,0.0,448.1,3.8338452772907505,0.0,0.0,3.8013,0.9533662612544772,1.0,5622.094972547011,1000.0,5607.511433793025,1000.0,0.30557044609577166,0.0
9285,1705957440000.0,0.0,0.0,448.1,3.8338452772907505,0.0,0.0,3.8086,0.9533662612544772,1.0,5622.094972547011,1000.0,5610.7825637930255,1000.0,0.30557044609577166,0.0
9286,1705961040000.0,0.0,0.0,448.1,3.8338452772907505,0.0,0.0,3.81085,0.9533662612544772,1.0,5622.094972547011,1000.0,5611.790788793026,1000.0,0.30557044609577166,0.0
9287,1705964640000.0,0.0,0.0,448.1,3.8338452772907505,0.0,0.0,3.80055,0.9533662612544772,1.0,5622.094972547011,1000.0,5607.175358793025,1000.0,0.30557044609577166,0.0
9288,1705968240000.0,0.0,0.0,448.1,3.8338452772907505,0.0,0.0,3.7484,0.9533662612544772,1.0,5622.094972547011,1000.0,5583.806943793025,1000.0,0.30557044609577166,0.0
9289,1705971840000.0,0.0,0.0,448.1,3.8338452772907505,0.0,0.0,3.79435,0.9533662612544772,1.0,5622.094972547011,1000.0,5604.397138793026,1000.0,0.30557044609577166,0.0
9290,1705975440000.0,0.0,0.0,448.1,3.8338452772907505,0.0,0.0,3.79485,0.9533662612544772,1.0,5622.094972547011,1000.0,5604.621188793026,1000.0,0.30557044609577166,0.0
9291,1705979040000.0,0.0,0.0,282.3,3.8338452772907505,0.0,0.0,3.888,0.9533662612544772,1.0,5628.325783420203,1000.0,5643.613661641024,1000.0,0.1922942209506383,0.0
9292,1705982640000.0,0.0,0.0,96.2,3.8338452772907505,0.0,0.0,3.8728,0.9533662612544772,1.0,5635.319474032395,1000.0,5639.066918357025,1000.0,0.06544720620984798,0.0
9293,1705986240000.0,0.0,0.0,44.7,3.8338452772907505,0.0,0.0,3.8626,0.9533662612544772,1.0,5637.254858591921,1000.0,5638.540194697025,1000.0,0.030400059637839795,0.0
9294,1705989840000.0,0.0,0.0,73.5,3.833984270678865,0.0,0.0,3.84005,0.9533662612544772,1.0,5637.2327735999215,1000.0,5637.678604705025,1000.0,0.049988683315438334,0.0
9295,1705993440000.0,0.0,0.0,73.5,3.833984270678865,0.0,0.0,3.84755,0.9533662612544772,1.0,5637.2327735999215,1000.0,5638.229854705025,1000.0,0.049988683315438334,0.0
9296,1705997040000.0,0.0,0.0,186.0,3.753429268252132,0.0,0.0,3.70905,0.9533662612544772,1.0,5637.149505599921,1000.0,5628.894961705025,1000.0,0.12384589821528937,0.0
9297,1706000640000.0,0.0,0.0,186.0,3.753429268252132,0.0,0.0,3.6394,0.9533662612544772,1.0,5637.149505599921,1000.0,5615.940061705025,1000.0,0.12384589821528937,0.0
9298,1706004240000.0,0.0,0.0,470.6,3.665237577337222,0.0,0.0,3.61435,0.9533662612544772,1.0,5636.944161007921,1000.0,5612.996467113025,1000.0,0.30599217494935776,0.0
9299,1706007840000.0,0.0,0.0,470.6,3.665237577337222,0.0,0.0,3.6356,0.9533662612544772,1.0,5636.944161007921,1000.0,5622.996717113025,1000.0,0.30599217494935776,0.0
9300,1706011440000.0,0.0,0.0,470.6,3.665237577337222,0.0,0.0,3.61165,0.9533662612544772,1.0,5636.944161007921,1000.0,5611.725847113024,1000.0,0.30599217494935776,0.0
9301,1706015040000.0,0.0,0.0,470.6,3.665237577337222,0.0,0.0,3.6052,0.9533662612544772,1.0,5636.944161007921,1000.0,5608.690477113025,1000.0,0.30599217494935776,0.0
9302,1706018640000.0,0.0,0.0,470.6,3.665237577337222,0.0,0.0,3.5285,0.9533662612544772,1.0,5636.944161007921,1000.0,5572.595457113024,1000.0,0.30599217494935776,0.0
9303,1706022240000.0,0.0,0.0,470.6,3.665237577337222,0.0,0.0,3.64135,0.9533662612544772,1.0,5636.944161007921,1000.0,5625.702667113024,1000.0,0.30599217494935776,0.0
9304,1706025840000.0,0.0,0.0,160.1,3.665237577337222,0.0,0.0,3.6773,0.9533662612544772,1.0,5648.097955254712,1000.0,5650.029149123023,1000.0,0.10389418540196442,0.0
9305,1706029440000.0,0.0,0.0,160.1,3.665237577337222,0.0,0.0,3.6612,0.9533662612544772,1.0,5648.097955254712,1000.0,5647.451539123023,1000.0,0.10389418540196442,0.0
9306,1706033040000.0,0.0,0.0,160.1,3.665237577337222,0.0,0.0,3.6409,0.9533662612544772,1.0,5648.097955254712,1000.0,5644.201509123023,1000.0,0.10389418540196442,0.0
9307,1706036640000.0,0.0,0.0,160.1,3.665237577337222,0.0,0.0,3.58925,0.9533662612544772,1.0,5648.097955254712,1000.0,5635.9323441230235,1000.0,0.10389418540196442,0.0
9308,1706040240000.0,0.0,0.0,160.1,3.665237577337222,0.0,0.0,3.55835,0.9533662612544772,1.0,5648.097955254712,1000.0,5630.985254123023,1000.0,0.10389418540196442,0.0
9309,1706043840000.0,0.0,0.0,160.1,3.665237577337222,0.0,0.0,3.5986,0.9533662612544772,1.0,5648.097955254712,1000.0,5637.429279123023,1000.0,0.10389418540196442,0.0
9310,1706047440000.0,0.0,0.0,160.1,3.665237577337222,0.0,0.0,3.60265,0.9533662612544772,1.0,5648.097955254712,1000.0,5638.077684123024,1000.0,0.10389418540196442,0.0
9311,1706051040000.0,0.0,0.0,117.7,3.665237577337222,0.0,0.0,3.6868,0.9533662612544772,1.0,5649.621049863614,1000.0,5652.158947011023,1000.0,0.07635883168889802,0.0
9312,1706054640000.0,0.0,0.0,11.4,3.665237577337222,0.0,0.0,3.7478,0.9533662612544772,1.0,5654.470396790667,1000.0,5655.411608409023,1000.0,0.00738949989115863,0.0
9313,1706058240000.0,0.0,0.0,4.7,3.665237577337222,0.0,0.0,3.7347,0.9533662612544772,1.0,5654.950886504509,1000.0,5655.277359891024,1000.0,0.00304628934171579,0.0
9314,1706061840000.0,0.0,0.0,77.0,3.670225684429569,0.0,0.0,3.6653,0.9533662612544772,1.0,5655.0182379341,1000.0,5654.638960233024,1000.0,0.049974618261234706,0.0
9315,1706065440000.0,0.0,0.0,77.0,3.670225684429569,0.0,0.0,3.66005,0.9533662612544772,1.0,5655.0182379341,1000.0,5654.234710233023,1000.0,0.049974618261234706,0.0
9316,1706069040000.0,0.0,0.0,77.0,3.670225684429569,0.0,0.0,3.6677,0.9533662612544772,1.0,5655.0182379341,1000.0,5654.823760233024,1000.0,0.049974618261234706,0.0
9317,1706072640000.0,0.0,0.0,77.0,3.670225684429569,0.0,0.0,3.6807,0.9533662612544772,1.0,5655.0182379341,1000.0,5655.824760233024,1000.0,0.049974618261234706,0.0
9318,1706076240000.0,0.0,0.0,26.4,3.670225684429569,0.0,0.0,3.69835,0.9533662612544772,1.0,5656.841503461964,1000.0,5657.583985393023,1000.0,0.017128632295891958,0.0
9319,1706079840000.0,0.0,0.0,11.4,3.670225684429569,0.0,0.0,3.73855,0.9533662612544772,1.0,5657.67191919952,1000.0,5658.450816397023,1000.0,0.0073953692260785835,0.0
9320,1706083440000.0,0.0,0.0,2.6,3.670225684429569,0.0,0.0,3.7912,0.9533662612544772,1.0,5658.550956444539,1000.0,5658.865489665022,1000.0,0.001686401139261422,0.0
9321,1706087040000.0,0.0,0.0,0.4,3.670225684429569,0.0,0.0,3.81145,0.9533662612544772,1.0,5658.791296638794,1000.0,5658.847786365022,1000.0,0.0002594353099121791,0.0
9322,1706090640000.0,0.0,0.0,0.0,3.670225684429569,0.0,0.0,3.80095,0.9533662612544772,1.0,5658.848661213024,1000.0,5658.848661213024,1000.0,0.0,0.0
9323,1706094240000.0,0.0,0.0,0.0,3.670225684429569,0.0,0.0,3.8319,0.9533662612544772,1.0,5658.848661213024,1000.0,5658.848661213024,1000.0,0.0,0.0
9324,1706097840000.0,0.0,0.0,0.0,3.670225684429569,0.0,0.0,3.8425,0.9533662612544772,1.0,5658.848661213024,1000.0,5658.848661213024,1000.0,0.0,0.0
9325,1706101440000.0,0.0,0.0,0.0,3.670225684429569,0.0,0.0,3.8571,0.9533662612544772,1.0,5658.848661213024,1000.0,5658.848661213024,1000.0,0.0,0.0
9326,1706105040000.0,0.0,0.0,74.7,3.7893,0.0,0.0,3.79445,0.9533662612544772,1.0,5658.792049071024,1000.0,5659.176754071024,1000.0,0.05002140166053084,0.0
9327,1706108640000.0,0.0,0.0,74.6,3.7918166219839144,0.0,0.0,3.7979,0.9533662612544772,1.0,5660.421763469024,1000.0,5660.875583469024,1000.0,0.049973223166084664,0.0
9328,1706112240000.0,0.0,0.0,34.7,3.7918166219839144,0.0,0.0,3.8245,0.9533662612544772,1.0,5661.906738447866,1000.0,5663.040851665024,1000.0,0.023238820923940477,0.0
9329,1706115840000.0,0.0,0.0,44.5,3.7969748578351843,0.0,0.0,3.85765,0.9533662612544772,1.0,5664.4322093066885,1000.0,5667.1322531330225,1000.0,0.02982918233111781,0.0
9330,1706119440000.0,0.0,0.0,74.4,3.8062587359576585,0.0,0.0,3.80825,0.9533662612544772,1.0,5665.38023192827,1000.0,5665.52838197302,1000.0,0.049985285781756726,0.0
9331,1706123040000.0,0.0,0.0,74.4,3.8062587359576585,0.0,0.0,3.7878,0.9533662612544772,1.0,5665.38023192827,1000.0,5664.006901973021,1000.0,0.049985285781756726,0.0
9332,1706126640000.0,0.0,0.0,74.4,3.8062587359576585,0.0,0.0,3.7897,0.9533662612544772,1.0,5665.38023192827,1000.0,5664.14826197302,1000.0,0.049985285781756726,0.0
9333,1706130240000.0,0.0,0.0,74.4,3.8062587359576585,0.0,0.0,3.7751,0.9533662612544772,1.0,5665.38023192827,1000.0,5663.062021973021,1000.0,0.049985285781756726,0.0
9334,1706133840000.0,0.0,0.0,74.4,3.8062587359576585,0.0,0.0,3.7835,0.9533662612544772,1.0,5665.38023192827,1000.0,5663.686981973021,1000.0,0.049985285781756726,0.0
9335,1706137440000.0,0.0,0.0,74.4,3.8062587359576585,0.0,0.0,3.80365,0.9533662612544772,1.0,5665.38023192827,1000.0,5665.18614197302,1000.0,0.049985285781756726,0.0
9336,1706141040000.0,0.0,0.0,46.9,3.8062587359576585,0.0,0.0,3.8535,0.9533662612544772,1.0,5666.407972489435,1000.0,5668.623587773021,1000.0,0.031503826689342214,0.0
9337,1706144640000.0,0.0,0.0,23.4,3.8062587359576585,0.0,0.0,3.90655,0.9533662612544772,1.0,5667.90937885843,1000.0,5670.25619443702,1000.0,0.015714163453923822,0.0
9338,1706148240000.0,0.0,0.0,74.1,3.821267441243048,0.0,0.0,3.83535,0.9533662612544772,1.0,5668.39385732313,1000.0,5669.43737492702,1000.0,0.049953465571255976,0.0
9339,1706151840000.0,0.0,0.0,74.1,3.821267441243048,0.0,0.0,3.82225,0.9533662612544772,1.0,5668.39385732313,1000.0,5668.46666492702,1000.0,0.049953465571255976,0.0
9340,1706155440000.0,0.0,0.0,74.1,3.821267441243048,0.0,0.0,3.83285,0.9533662612544772,1.0,5668.39385732313,1000.0,5669.25212492702,1000.0,0.049953465571255976,0.0
9341,1706159040000.0,0.0,0.0,29.6,3.821267441243048,0.0,0.0,3.8392,0.9533662612544772,1.0,5670.060856637814,1000.0,5670.59166037702,1000.0,0.019948554190274595,0.0
9342,1706162640000.0,0.0,0.0,74.0,3.828486976497219,0.0,0.0,3.83505,0.9533662612544772,1.0,5670.026816933814,1000.0,5670.51248067302,1000.0,0.04996590764168536,0.0
9343,1706166240000.0,0.0,0.0,74.0,3.828486976497219,0.0,0.0,3.8362,0.9533662612544772,1.0,5670.026816933814,1000.0,5670.59758067302,1000.0,0.04996590764168536,0.0
9344,1706169840000.0,0.0,0.0,74.0,3.828486976497219,0.0,0.0,3.84295,0.9533662612544772,1.0,5670.026816933814,1000.0,5671.09708067302,1000.0,0.04996590764168536,0.0
9345,1706173440000.0,0.0,0.0,11.9,3.828486976497219,0.0,0.0,3.85985,0.9533662612544772,1.0,5672.358030037336,1000.0,5672.731250017019,1000.0,0.008031755890418827,0.0
9346,1706177040000.0,0.0,0.0,73.7,3.844613759089303,0.0,0.0,3.8346,0.9533662612544772,1.0,5672.505374249902,1000.0,5671.767360205021,1000.0,0.04995112659233925,0.0
9347,1706180640000.0,0.0,0.0,73.7,3.844613759089303,0.0,0.0,3.8516,0.9533662612544772,1.0,5672.505374249902,1000.0,5673.02026020502,1000.0,0.04995112659233925,0.0
9348,1706184240000.0,0.0,0.0,73.7,3.844613759089303,0.0,0.0,3.8522,0.9533662612544772,1.0,5672.505374249902,1000.0,5673.06448020502,1000.0,0.04995112659233925,0.0
9349,1706187840000.0,0.0,0.0,73.7,3.844613759089303,0.0,0.0,3.71975,0.9533662612544772,1.0,5672.505374249902,1000.0,5663.30291520502,1000.0,0.04995112659233925,0.0
9350,1706191440000.0,0.0,0.0,186.5,3.7638612013130377,0.0,0.0,3.7372,0.9533662612544772,1.0,5672.421651833903,1000.0,5667.449337789021,1000.0,0.12374963589280016,0.0
9351,1706195040000.0,0.0,0.0,186.5,3.7638612013130377,0.0,0.0,3.72415,0.9533662612544772,1.0,5672.421651833903,1000.0,5665.015512789021,1000.0,0.12374963589280016,0.0
9352,1706198640000.0,0.0,0.0,186.5,3.7638612013130377,0.0,0.0,3.70485,0.9533662612544772,1.0,5672.421651833903,1000.0,5661.416062789021,1000.0,0.12374963589280016,0.0
9353,1706202240000.0,0.0,0.0,186.5,3.7638612013130377,0.0,0.0,3.6863,0.9533662612544772,1.0,5672.421651833903,1000.0,5657.956487789021,1000.0,0.12374963589280016,0.0
9354,1706205840000.0,0.0,0.0,186.5,3.7638612013130377,0.0,0.0,3.7224,0.9533662612544772,1.0,5672.421651833903,1000.0,5664.6891377890215,1000.0,0.12374963589280016,0.0
9355,1706209440000.0,0.0,0.0,186.5,3.7638612013130377,0.0,0.0,3.70035,0.9533662612544772,1.0,5672.421651833903,1000.0,5660.5768127890215,1000.0,0.12374963589280016,0.0
9356,1706213040000.0,0.0,0.0,186.5,3.7638612013130377,0.0,0.0,3.7256,0.9533662612544772,1.0,5672.421651833903,1000.0,5665.285937789021,1000.0,0.12374963589280016,0.0
9357,1706216640000.0,0.0,0.0,186.5,3.7638612013130377,0.0,0.0,3.74335,0.9533662612544772,1.0,5672.421651833903,1000.0,5668.596312789021,1000.0,0.12374963589280016,0.0
9358,1706220240000.0,0.0,0.0,186.5,3.7638612013130377,0.0,0.0,3.69935,0.9533662612544772,1.0,5672.421651833903,1000.0,5660.390312789021,1000.0,0.12374963589280016,0.0
9359,1706223840000.0,0.0,0.0,186.5,3.7638612013130377,0.0,0.0,3.6995,0.9533662612544772,1.0,5672.421651833903,1000.0,5660.418287789021,1000.0,0.12374963589280016,0.0
9360,1706227440000.0,0.0,0.0,186.5,3.7638612013130377,0.0,0.0,3.71205,0.9533662612544772,1.0,5672.421651833903,1000.0,5662.758862789021,1000.0,0.12374963589280016,0.0
9361,1706231040000.0,0.0,0.0,186.5,3.7638612013130377,0.0,0.0,3.69245,0.9533662612544772,1.0,5672.421651833903,1000.0,5659.103462789021,1000.0,0.12374963589280016,0.0
9362,1706234640000.0,0.0,0.0,186.5,3.7638612013130377,0.0,0.0,3.689,0.9533662612544772,1.0,5672.421651833903,1000.0,5658.460037789021,1000.0,0.12374963589280016,0.0
9363,1706238240000.0,0.0,0.0,186.5,3.7638612013130377,0.0,0.0,3.7235,0.9533662612544772,1.0,5672.421651833903,1000.0,5664.894287789021,1000.0,0.12374963589280016,0.0
9364,1706241840000.0,0.0,0.0,186.5,3.7638612013130377,0.0,0.0,3.74945,0.9533662612544772,1.0,5672.421651833903,1000.0,5669.7339627890215,1000.0,0.12374963589280016,0.0
9365,1706245440000.0,0.0,0.0,186.5,3.7638612013130377,0.0,0.0,3.7513,0.9533662612544772,1.0,5672.421651833903,1000.0,5670.078987789021,1000.0,0.12374963589280016,0.0
9366,1706249040000.0,0.0,0.0,186.5,3.7638612013130377,0.0,0.0,3.75755,0.9533662612544772,1.0,5672.421651833903,1000.0,5671.244612789021,1000.0,0.12374963589280016,0.0
9367,1706252640000.0,0.0,0.0,186.5,3.7638612013130377,0.0,0.0,3.7263,0.9533662612544772,1.0,5672.421651833903,1000.0,5665.416487789021,1000.0,0.12374963589280016,0.0
9368,1706256240000.0,0.0,0.0,186.5,3.7638612013130377,0.0,0.0,3.7676,0.9533662612544772,1.0,5672.421651833903,1000.0,5673.118937789021,1000.0,0.12374963589280016,0.0
9369,1706259840000.0,0.0,0.0,46.8,3.7638612013130377,0.0,0.0,3.81415,0.9533662612544772,1.0,5677.573578100471,1000.0,5679.927093879021,1000.0,0.03102534943816328,0.0
9370,1706263440000.0,0.0,0.0,22.6,3.7638612013130377,0.0,0.0,3.81235,0.9533662612544772,1.0,5679.356419656697,1000.0,5680.452266507022,1000.0,0.01497762367145405,0.0
9371,1706267040000.0,0.0,0.0,5.6,3.7638612013130377,0.0,0.0,3.88355,0.9533662612544772,1.0,5680.3584990903755,1000.0,5681.028756363023,1000.0,0.0037106148724113585,0.0
9372,1706270640000.0,0.0,0.0,2.0,3.7638612013130377,0.0,0.0,3.90965,0.9533662612544772,1.0,5680.847790365648,1000.0,5681.139367963022,1000.0,0.0013251054561596613,0.0
9373,1706274240000.0,0.0,0.0,0.3,3.7638612013130377,0.0,0.0,3.91605,0.9533662612544772,1.0,5681.097956311417,1000.0,5681.143612951023,1000.0,0.0001987570658132153,0.0
9374,1706277840000.0,0.0,0.0,0.0,3.7638612013130377,0.0,0.0,3.9029,0.9533662612544772,1.0,5681.1421032430235,1000.0,5681.1421032430235,1000.0,0.0,0.0
9375,1706281440000.0,0.0,0.0,0.0,3.7638612013130377,0.0,0.0,3.9589,0.9533662612544772,1.0,5681.1421032430235,1000.0,5681.1421032430235,1000.0,0.0,0.0
9376,1706285040000.0,0.0,0.0,0.0,3.7638612013130377,0.0,0.0,3.97975,0.9533662612544772,1.0,5681.1421032430235,1000.0,5681.1421032430235,1000.0,0.0,0.0
9377,1706288640000.0,0.0,0.0,0.0,3.7638612013130377,0.0,0.0,3.9982,0.9533662612544772,1.0,5681.1421032430235,1000.0,5681.1421032430235,1000.0,0.0,0.0
9378,1706292240000.0,0.0,0.0,0.0,3.7638612013130377,0.0,0.0,3.9627,0.9533662612544772,1.0,5681.1421032430235,1000.0,5681.1421032430235,1000.0,0.0,0.0
9379,1706295840000.0,0.0,0.0,0.0,3.7638612013130377,0.0,0.0,3.9629,0.9533662612544772,1.0,5681.1421032430235,1000.0,5681.1421032430235,1000.0,0.0,0.0
9380,1706299440000.0,0.0,0.0,72.3,3.9277,0.0,0.0,3.93155,0.9533662612544772,1.0,5681.085308701024,1000.0,5681.363663701024,1000.0,0.04998564439176326,0.0
9381,1706303040000.0,0.0,0.0,72.3,3.9277,0.0,0.0,3.90995,0.9533662612544772,1.0,5681.085308701024,1000.0,5679.801983701023,1000.0,0.04998564439176326,0.0
9382,1706306640000.0,0.0,0.0,72.3,3.9277,0.0,0.0,3.91525,0.9533662612544772,1.0,5681.085308701024,1000.0,5680.185173701024,1000.0,0.04998564439176326,0.0
9383,1706310240000.0,0.0,0.0,72.3,3.9277,0.0,0.0,3.9296,0.9533662612544772,1.0,5681.085308701024,1000.0,5681.222678701024,1000.0,0.04998564439176326,0.0
9384,1706313840000.0,0.0,0.0,72.3,3.9277,0.0,0.0,3.9032,0.9533662612544772,1.0,5681.085308701024,1000.0,5679.313958701024,1000.0,0.04998564439176326,0.0
9385,1706317440000.0,0.0,0.0,72.3,3.9277,0.0,0.0,3.932,0.9533662612544772,1.0,5681.085308701024,1000.0,5681.396198701023,1000.0,0.04998564439176326,0.0
9386,1706321040000.0,0.0,0.0,72.3,3.9277,0.0,0.0,3.9359,0.9533662612544772,1.0,5681.085308701024,1000.0,5681.678168701023,1000.0,0.04998564439176326,0.0
9387,1706324640000.0,0.0,0.0,72.3,3.9277,0.0,0.0,3.93585,0.9533662612544772,1.0,5681.085308701024,1000.0,5681.674553701024,1000.0,0.04998564439176326,0.0
9388,1706328240000.0,0.0,0.0,72.3,3.9277,0.0,0.0,3.931,0.9533662612544772,1.0,5681.085308701024,1000.0,5681.323898701024,1000.0,0.04998564439176326,0.0
9389,1706331840000.0,0.0,0.0,72.3,3.9277,0.0,0.0,3.9198,0.9533662612544772,1.0,5681.085308701024,1000.0,5680.5141387010235,1000.0,0.04998564439176326,0.0
9390,1706335440000.0,0.0,0.0,72.3,3.9277,0.0,0.0,3.8936,0.9533662612544772,1.0,5681.085308701024,1000.0,5678.6198787010235,1000.0,0.04998564439176326,0.0
9391,1706339040000.0,0.0,0.0,72.3,3.9277,0.0,0.0,3.8913,0.9533662612544772,1.0,5681.085308701024,1000.0,5678.453588701023,1000.0,0.04998564439176326,0.0
9392,1706342640000.0,0.0,0.0,72.3,3.9277,0.0,0.0,3.89505,0.9533662612544772,1.0,5681.085308701024,1000.0,5678.724713701024,1000.0,0.04998564439176326,0.0
9393,1706346240000.0,0.0,0.0,72.3,3.9277,0.0,0.0,3.8993,0.9533662612544772,1.0,5681.085308701024,1000.0,5679.031988701024,1000.0,0.04998564439176326,0.0
9394,1706349840000.0,0.0,0.0,72.3,3.9277,0.0,0.0,3.93695,0.9533662612544772,1.0,5681.085308701024,1000.0,5681.754083701024,1000.0,0.04998564439176326,0.0
9395,1706353440000.0,0.0,0.0,72.3,3.9277,0.0,0.0,3.93725,0.9533662612544772,1.0,5681.085308701024,1000.0,5681.775773701023,1000.0,0.04998564439176326,0.0
9396,1706357040000.0,0.0,0.0,72.3,3.9277,0.0,0.0,3.92255,0.9533662612544772,1.0,5681.085308701024,1000.0,5680.712963701024,1000.0,0.04998564439176326,0.0
9397,1706360640000.0,0.0,0.0,72.3,3.9277,0.0,0.0,3.913,0.9533662612544772,1.0,5681.085308701024,1000.0,5680.022498701023,1000.0,0.04998564439176326,0.0
9398,1706364240000.0,0.0,0.0,72.3,3.9277,0.0,0.0,3.9067,0.9533662612544772,1.0,5681.085308701024,1000.0,5679.567008701024,1000.0,0.04998564439176326,0.0
9399,1706367840000.0,0.0,0.0,72.3,3.9277,0.0,0.0,3.90415,0.9533662612544772,1.0,5681.085308701024,1000.0,5679.382643701024,1000.0,0.04998564439176326,0.0
9400,1706371440000.0,0.0,0.0,72.3,3.9277,0.0,0.0,3.9162,0.9533662612544772,1.0,5681.085308701024,1000.0,5680.253858701024,1000.0,0.04998564439176326,0.0
9401,1706375040000.0,0.0,0.0,72.3,3.9277,0.0,0.0,3.91845,0.9533662612544772,1.0,5681.085308701024,1000.0,5680.416533701024,1000.0,0.04998564439176326,0.0
9402,1706378640000.0,0.0,0.0,72.3,3.9277,0.0,0.0,3.9176,0.9533662612544772,1.0,5681.085308701024,1000.0,5680.355078701024,1000.0,0.04998564439176326,0.0
9403,1706382240000.0,0.0,0.0,72.3,3.9277,0.0,0.0,3.92975,0.9533662612544772,1.0,5681.085308701024,1000.0,5681.233523701024,1000.0,0.04998564439176326,0.0
9404,1706385840000.0,0.0,0.0,72.3,3.9277,0.0,0.0,3.9526,0.9533662612544772,1.0,5681.085308701024,1000.0,5682.885578701023,1000.0,0.04998564439176326,0.0
9405,1706389440000.0,0.0,0.0,18.2,3.9277,0.0,0.0,3.97475,0.9533662612544772,1.0,5683.168515761025,1000.0,5684.024825761026,1000.0,0.012578219315819048,0.0
9406,1706393040000.0,0.0,0.0,7.5,3.9277,0.0,0.0,4.03595,0.9533662612544772,1.0,5683.991334205025,1000.0,5684.803209205025,1000.0,0.005182581792961165,0.0
9407,1706396640000.0,0.0,0.0,6.0,3.9277,0.0,0.0,4.0652,0.9533662612544772,1.0,5684.164121095025,1000.0,5684.9891210950245,1000.0,0.0041459394025132575,0.0
9408,1706400240000.0,0.0,0.0,2.0,3.9277,0.0,0.0,4.09035,0.9533662612544772,1.0,5684.778055495026,1000.0,5685.103355495026,1000.0,0.0013818305522775522,0.0
9409,1706403840000.0,0.0,0.0,0.4,3.9277,0.0,0.0,4.1341,0.9533662612544772,1.0,5685.046664647026,1000.0,5685.129224647026,1000.0,0.0002763530526090318,0.0
9410,1706407440000.0,0.0,0.0,0.0,3.9277,0.0,0.0,4.2335,0.9533662612544772,1.0,5685.138731951027,1000.0,5685.138731951027,1000.0,0.0,0.0
9411,1706411040000.0,0.0,0.0,0.0,3.9277,0.0,0.0,4.22325,0.9533662612544772,1.0,5685.138731951027,1000.0,5685.138731951027,1000.0,0.0,0.0
9412,1706414640000.0,0.0,0.0,0.0,3.9277,0.0,0.0,4.22565,0.9533662612544772,1.0,5685.138731951027,1000.0,5685.138731951027,1000.0,0.0,0.0
9413,1706418240000.0,0.0,0.0,0.0,3.9277,0.0,0.0,4.23615,0.9533662612544772,1.0,5685.138731951027,1000.0,5685.138731951027,1000.0,0.0,0.0
9414,1706421840000.0,0.0,0.0,0.0,3.9277,0.0,0.0,4.202,0.9533662612544772,1.0,5685.138731951027,1000.0,5685.138731951027,1000.0,0.0,0.0
9415,1706425440000.0,0.0,0.0,0.0,3.9277,0.0,0.0,4.16245,0.9533662612544772,1.0,5685.138731951027,1000.0,5685.138731951027,1000.0,0.0,0.0
9416,1706429040000.0,0.0,0.0,68.5,4.1493,0.0,0.0,4.13325,0.9533662612544772,1.0,5685.0818865410265,1000.0,5683.982461541026,1000.0,0.04999524293095666,0.0
9417,1706432640000.0,0.0,0.0,43.2,4.1493,0.0,0.0,4.18385,0.9533662612544772,1.0,5686.110631093025,1000.0,5687.603191093025,1000.0,0.03152414218249976,0.0
9418,1706436240000.0,0.0,0.0,31.8,4.1493,0.0,0.0,4.18215,0.9533662612544772,1.0,5686.574176069025,1000.0,5687.618806069026,1000.0,0.023203379735250707,0.0
9419,1706439840000.0,0.0,0.0,11.4,4.1493,0.0,0.0,4.218,0.9533662612544772,1.0,5687.889580405027,1000.0,5688.6727604050275,1000.0,0.008316269036402724,0.0
9420,1706443440000.0,0.0,0.0,68.2,4.168977419354839,0.0,0.0,4.1643,0.9533662612544772,1.0,5688.009470273028,1000.0,5687.690470273027,1000.0,0.0499866010220184,0.0
9421,1706447040000.0,0.0,0.0,68.2,4.168977419354839,0.0,0.0,4.09845,0.9533662612544772,1.0,5688.009470273028,1000.0,5683.199500273027,1000.0,0.0499866010220184,0.0
9422,1706450640000.0,0.0,0.0,68.2,4.168977419354839,0.0,0.0,4.12455,0.9533662612544772,1.0,5688.009470273028,1000.0,5684.979520273027,1000.0,0.0499866010220184,0.0
9423,1706454240000.0,0.0,0.0,68.2,4.168977419354839,0.0,0.0,4.0664,0.9533662612544772,1.0,5688.009470273028,1000.0,5681.013690273027,1000.0,0.0499866010220184,0.0
9424,1706457840000.0,0.0,0.0,68.2,4.168977419354839,0.0,0.0,4.06835,0.9533662612544772,1.0,5688.009470273028,1000.0,5681.146680273027,1000.0,0.0499866010220184,0.0
9425,1706461440000.0,0.0,0.0,68.2,4.168977419354839,0.0,0.0,4.07605,0.9533662612544772,1.0,5688.009470273028,1000.0,5681.671820273027,1000.0,0.0499866010220184,0.0
9426,1706465040000.0,0.0,0.0,172.6,4.081406373117034,0.0,0.0,4.02075,0.9533662612544772,1.0,5687.925444977028,1000.0,5677.456154977028,1000.0,0.12385020633877966,0.0
9427,1706468640000.0,0.0,0.0,172.6,4.081406373117034,0.0,0.0,3.98905,0.9533662612544772,1.0,5687.925444977028,1000.0,5671.984734977028,1000.0,0.12385020633877966,0.0
9428,1706472240000.0,0.0,0.0,172.6,4.081406373117034,0.0,0.0,3.9763,0.9533662612544772,1.0,5687.925444977028,1000.0,5669.784084977028,1000.0,0.12385020633877966,0.0
9429,1706475840000.0,0.0,0.0,172.6,4.081406373117034,0.0,0.0,4.0055,0.9533662612544772,1.0,5687.925444977028,1000.0,5674.8240049770275,1000.0,0.12385020633877966,0.0
9430,1706479440000.0,0.0,0.0,172.6,4.081406373117034,0.0,0.0,3.98,0.9533662612544772,1.0,5687.925444977028,1000.0,5670.422704977028,1000.0,0.12385020633877966,0.0
9431,1706483040000.0,0.0,0.0,172.6,4.081406373117034,0.0,0.0,3.95285,0.9533662612544772,1.0,5687.925444977028,1000.0,5665.736614977028,1000.0,0.12385020633877966,0.0
9432,1706486640000.0,0.0,0.0,172.6,4.081406373117034,0.0,0.0,3.9484,0.9533662612544772,1.0,5687.925444977028,1000.0,5664.968544977028,1000.0,0.12385020633877966,0.0
9433,1706490240000.0,0.0,0.0,172.6,4.081406373117034,0.0,0.0,3.9613,0.9533662612544772,1.0,5687.925444977028,1000.0,5667.195084977028,1000.0,0.12385020633877966,0.0
9434,1706493840000.0,0.0,0.0,172.6,4.081406373117034,0.0,0.0,3.97185,0.9533662612544772,1.0,5687.925444977028,1000.0,5669.016014977028,1000.0,0.12385020633877966,0.0
9435,1706497440000.0,0.0,0.0,172.6,4.081406373117034,0.0,0.0,4.05245,0.9533662612544772,1.0,5687.925444977028,1000.0,5682.927574977028,1000.0,0.12385020633877966,0.0
9436,1706501040000.0,0.0,0.0,172.6,4.081406373117034,0.0,0.0,4.0851,0.9533662612544772,1.0,5687.925444977028,1000.0,5688.562964977028,1000.0,0.12385020633877966,0.0
9437,1706504640000.0,0.0,0.0,172.6,4.081406373117034,0.0,0.0,4.0678,0.9533662612544772,1.0,5687.925444977028,1000.0,5685.576984977028,1000.0,0.12385020633877966,0.0
9438,1706508240000.0,0.0,0.0,172.6,4.081406373117034,0.0,0.0,4.06525,0.9533662612544772,1.0,5687.925444977028,1000.0,5685.136854977028,1000.0,0.12385020633877966,0.0
9439,1706511840000.0,0.0,0.0,172.6,4.081406373117034,0.0,0.0,4.0772,0.9533662612544772,1.0,5687.925444977028,1000.0,5687.199424977028,1000.0,0.12385020633877966,0.0
9440,1706515440000.0,0.0,0.0,172.6,4.081406373117034,0.0,0.0,4.08745,0.9533662612544772,1.0,5687.925444977028,1000.0,5688.968574977028,1000.0,0.12385020633877966,0.0
9441,1706519040000.0,0.0,0.0,93.3,4.081406373117034,0.0,0.0,4.0999,0.9533662612544772,1.0,5691.102929910848,1000.0,5692.828385299028,1000.0,0.06691061808256286,0.0
9442,1706522640000.0,0.0,0.0,80.0,4.081406373117034,0.0,0.0,4.1334,0.9533662612544772,1.0,5691.635849830392,1000.0,5695.7953399810285,1000.0,0.057367076612797115,0.0
9443,1706526240000.0,0.0,0.0,35.0,4.081406373117034,0.0,0.0,4.1753,0.9533662612544772,1.0,5694.051759756126,1000.0,5697.33803669703,1000.0,0.02508744723198905,0.0
9444,1706529840000.0,0.0,0.0,12.2,4.081406373117034,0.0,0.0,4.1569,0.9533662612544772,1.0,5695.793011193058,1000.0,5696.714033441031,1000.0,0.008742093972547289,0.0
9445,1706533440000.0,0.0,0.0,69.3,4.103147691281296,0.0,0.0,4.1256,0.9533662612544772,1.0,5695.904190048824,1000.0,5697.46013504303,1000.0,0.04992150947738403,0.0
9446,1706537040000.0,0.0,0.0,69.3,4.103147691281296,0.0,0.0,4.04065,0.9533662612544772,1.0,5695.904190048824,1000.0,5691.57310004303,1000.0,0.04992150947738403,0.0
9447,1706540640000.0,0.0,0.0,69.3,4.103147691281296,0.0,0.0,4.0156,0.9533662612544772,1.0,5695.904190048824,1000.0,5689.83713504303,1000.0,0.04992150947738403,0.0
9448,1706544240000.0,0.0,0.0,30.5,4.103147691281296,0.0,0.0,4.15165,0.9533662612544772,1.0,5697.998083969109,1000.0,5699.477404385029,1000.0,0.021963153153064137,0.0
9449,1706547840000.0,0.0,0.0,2.4,4.103147691281296,0.0,0.0,4.1666,0.9533662612544772,1.0,5699.934212238104,1000.0,5700.086497779029,1000.0,0.0017276610733386738,0.0
9450,1706551440000.0,0.0,0.0,1.7,4.103147691281296,0.0,0.0,4.20155,0.9533662612544772,1.0,5699.990433052208,1000.0,5700.15771697703,1000.0,0.0012237478566157996,0.0
9451,1706555040000.0,0.0,0.0,0.0,4.103147691281296,0.0,0.0,4.22705,0.9533662612544772,1.0,5700.194955715034,1000.0,5700.194955715034,1000.0,0.0,0.0
9452,1706558640000.0,0.0,0.0,0.0,4.103147691281296,0.0,0.0,4.21065,0.9533662612544772,1.0,5700.194955715034,1000.0,5700.194955715034,1000.0,0.0,0.0
9453,1706562240000.0,0.0,0.0,0.0,4.103147691281296,0.0,0.0,4.22275,0.9533662612544772,1.0,5700.194955715034,1000.0,5700.194955715034,1000.0,0.0,0.0
9454,1706565840000.0,0.0,0.0,0.0,4.103147691281296,0.0,0.0,4.3196,0.9533662612544772,1.0,5700.194955715034,1000.0,5700.194955715034,1000.0,0.0,0.0
9455,1706569440000.0,0.0,0.0,0.0,4.103147691281296,0.0,0.0,4.29445,0.9533662612544772,1.0,5700.194955715034,1000.0,5700.194955715034,1000.0,0.0,0.0
9456,1706573040000.0,0.0,0.0,0.0,4.103147691281296,0.0,0.0,4.2687,0.9533662612544772,1.0,5700.194955715034,1000.0,5700.194955715034,1000.0,0.0,0.0
9457,1706576640000.0,0.0,0.0,0.0,4.103147691281296,0.0,0.0,4.2782,0.9533662612544772,1.0,5700.194955715034,1000.0,5700.194955715034,1000.0,0.0,0.0
9458,1706580240000.0,0.0,0.0,0.0,4.103147691281296,0.0,0.0,4.3378,0.9533662612544772,1.0,5700.194955715034,1000.0,5700.194955715034,1000.0,0.0,0.0
9459,1706583840000.0,0.0,0.0,0.0,4.103147691281296,0.0,0.0,4.38535,0.9533662612544772,1.0,5700.194955715034,1000.0,5700.194955715034,1000.0,0.0,0.0
9460,1706587440000.0,0.0,0.0,31.0,4.2706,0.0,0.0,4.32185,0.9533662612544772,1.0,5701.631578949033,1000.0,5703.220328949033,1000.0,0.02321942380296744,0.0
9461,1706591040000.0,0.0,0.0,4.6,4.2706,0.0,0.0,4.352,0.9533662612544772,1.0,5703.494872937032,1000.0,5703.869312937031,1000.0,0.0034443372769937934,0.0
9462,1706594640000.0,0.0,0.0,1.3,4.2706,0.0,0.0,4.3609,0.9533662612544772,1.0,5703.770518637032,1000.0,5703.8879086370325,1000.0,0.0009733526238230651,0.0
9463,1706598240000.0,0.0,0.0,0.3,4.2706,0.0,0.0,4.35195,0.9533662612544772,1.0,5703.854047637027,1000.0,5703.878452637027,1000.0,0.0002246165468646174,0.0
9464,1706601840000.0,0.0,0.0,66.2,4.310839123867069,0.0,0.0,4.3113,0.9533662612544772,1.0,5703.809594173027,1000.0,5703.840104173027,1000.0,0.05003279742920236,0.0
9465,1706605440000.0,0.0,0.0,3.6,4.310839123867069,0.0,0.0,4.476,0.9533662612544772,1.0,5711.29731467295,1000.0,5711.891893827029,1000.0,0.002717249687921408,0.0
9466,1706609040000.0,0.0,0.0,0.7,4.310839123867069,0.0,0.0,4.45055,0.9533662612544772,1.0,5711.747980275738,1000.0,5711.845777889031,1000.0,0.0005283124180421687,0.0
9467,1706612640000.0,0.0,0.0,0.5,4.310839123867069,0.0,0.0,4.4838,0.9533662612544772,1.0,5711.781673242965,1000.0,5711.868153681031,1000.0,0.000377363786860179,0.0
9468,1706616240000.0,0.0,0.0,0.0,4.310839123867069,0.0,0.0,4.5673,0.9533662612544772,1.0,5711.886951451031,1000.0,5711.886951451031,1000.0,0.0,0.0
9469,1706619840000.0,0.0,0.0,0.0,4.310839123867069,0.0,0.0,4.4773,0.9533662612544772,1.0,5711.886951451031,1000.0,5711.886951451031,1000.0,0.0,0.0
9470,1706623440000.0,0.0,0.0,0.0,4.310839123867069,0.0,0.0,4.4445,0.9533662612544772,1.0,5711.886951451031,1000.0,5711.886951451031,1000.0,0.0,0.0
9471,1706627040000.0,0.0,0.0,0.0,4.310839123867069,0.0,0.0,4.5829,0.9533662612544772,1.0,5711.886951451031,1000.0,5711.886951451031,1000.0,0.0,0.0
9472,1706630640000.0,0.0,0.0,0.0,4.310839123867069,0.0,0.0,4.5656,0.9533662612544772,1.0,5711.886951451031,1000.0,5711.886951451031,1000.0,0.0,0.0
9473,1706634240000.0,0.0,0.0,0.0,4.310839123867069,0.0,0.0,4.64625,0.9533662612544772,1.0,5711.886951451031,1000.0,5711.886951451031,1000.0,0.0,0.0
9474,1706637840000.0,0.0,0.0,0.0,4.310839123867069,0.0,0.0,4.69665,0.9533662612544772,1.0,5711.886951451031,1000.0,5711.886951451031,1000.0,0.0,0.0
9475,1706641440000.0,0.0,0.0,0.0,4.310839123867069,0.0,0.0,4.8086,0.9533662612544772,1.0,5711.886951451031,1000.0,5711.886951451031,1000.0,0.0,0.0
9476,1706645040000.0,0.0,0.0,0.0,4.310839123867069,0.0,0.0,4.7318,0.9533662612544772,1.0,5711.886951451031,1000.0,5711.886951451031,1000.0,0.0,0.0
9477,1706648640000.0,0.0,0.0,0.0,4.310839123867069,0.0,0.0,4.6526,0.9533662612544772,1.0,5711.886951451031,1000.0,5711.886951451031,1000.0,0.0,0.0
9478,1706652240000.0,0.0,0.0,7.5,4.6246,0.0,0.0,4.71335,0.9533662612544772,1.0,5715.475438917031,1000.0,5716.141063917031,1000.0,0.0060685240223116105,0.0
9479,1706655840000.0,0.0,0.0,61.6,4.636921428571429,0.0,0.0,4.66095,0.9533662612544772,1.0,5715.630457181031,1000.0,5717.110617181031,1000.0,0.049974252558811494,0.0
9480,1706659440000.0,0.0,0.0,61.6,4.636921428571429,0.0,0.0,4.6035,0.9533662612544772,1.0,5715.630457181031,1000.0,5713.571697181031,1000.0,0.049974252558811494,0.0
9481,1706663040000.0,0.0,0.0,61.6,4.636921428571429,0.0,0.0,4.60835,0.9533662612544772,1.0,5715.630457181031,1000.0,5713.87045718103,1000.0,0.049974252558811494,0.0
9482,1706666640000.0,0.0,0.0,61.6,4.636921428571429,0.0,0.0,4.58575,0.9533662612544772,1.0,5715.630457181031,1000.0,5712.478297181031,1000.0,0.049974252558811494,0.0
9483,1706670240000.0,0.0,0.0,61.6,4.636921428571429,0.0,0.0,4.6492,0.9533662612544772,1.0,5715.630457181031,1000.0,5716.386817181031,1000.0,0.049974252558811494,0.0
9484,1706673840000.0,0.0,0.0,38.9,4.636921428571429,0.0,0.0,4.6655,0.9533662612544772,1.0,5716.661988570459,1000.0,5717.77369499903,1000.0,0.03155272148887965,0.0
9485,1706677440000.0,0.0,0.0,11.3,4.636921428571429,0.0,0.0,4.66075,0.9533662612544772,1.0,5718.1652854958875,1000.0,5718.434548353031,1000.0,0.009163290938050104,0.0
9486,1706681040000.0,0.0,0.0,61.7,4.6317577332715905,0.0,0.0,4.61675,0.9533662612544772,1.0,5718.118609047888,1000.0,5717.192631905031,1000.0,0.04997788113220718,0.0
9487,1706684640000.0,0.0,0.0,61.7,4.6317577332715905,0.0,0.0,4.6079,0.9533662612544772,1.0,5718.118609047888,1000.0,5716.646586905031,1000.0,0.04997788113220718,0.0
9488,1706688240000.0,0.0,0.0,33.5,4.6317577332715905,0.0,0.0,4.66505,0.9533662612544772,1.0,5719.399076485628,1000.0,5720.514367421029,1000.0,0.02712940327988812,0.0
9489,1706691840000.0,0.0,0.0,61.8,4.630796833537389,0.0,0.0,4.6162,0.9533662612544772,1.0,5720.38656984964,1000.0,5719.484485537029,1000.0,0.05002865467536627,0.0
9490,1706695440000.0,0.0,0.0,61.8,4.630796833537389,0.0,0.0,4.57985,0.9533662612544772,1.0,5720.38656984964,1000.0,5717.238055537029,1000.0,0.05002865467536627,0.0
9491,1706699040000.0,0.0,0.0,61.8,4.630796833537389,0.0,0.0,4.626,0.9533662612544772,1.0,5720.38656984964,1000.0,5720.09012553703,1000.0,0.05002865467536627,0.0
9492,1706702640000.0,0.0,0.0,53.0,4.630796833537389,0.0,0.0,4.6442,0.9533662612544772,1.0,5720.785806018512,1000.0,5721.49617384103,1000.0,0.042901839100369106,0.0
9493,1706706240000.0,0.0,0.0,134.1,4.534639911838043,0.0,0.0,4.43255,0.9533662612544772,1.0,5720.7132734225115,1000.0,5707.02301624503,1000.0,0.1062970967278838,0.0
9494,1706709840000.0,0.0,0.0,134.1,4.534639911838043,0.0,0.0,4.4281,0.9533662612544772,1.0,5720.7132734225115,1000.0,5706.42627124503,1000.0,0.1062970967278838,0.0
9495,1706713440000.0,0.0,0.0,134.1,4.534639911838043,0.0,0.0,4.4847,0.9533662612544772,1.0,5720.7132734225115,1000.0,5714.01633124503,1000.0,0.1062970967278838,0.0
9496,1706717040000.0,0.0,0.0,53.4,4.534639911838043,0.0,0.0,4.6099,0.9533662612544772,1.0,5724.29991133718,1000.0,5728.318800045028,1000.0,0.04230207624386787,0.0
9497,1706720640000.0,0.0,0.0,63.2,4.53253807029754,0.0,0.0,4.4977,0.9533662612544772,1.0,5726.8674157578325,1000.0,5724.665649715028,1000.0,0.05001973771116158,0.0
9498,1706724240000.0,0.0,0.0,63.2,4.53253807029754,0.0,0.0,4.49775,0.9533662612544772,1.0,5726.8674157578325,1000.0,5724.668809715028,1000.0,0.05001973771116158,0.0
9499,1706727840000.0,0.0,0.0,63.2,4.53253807029754,0.0,0.0,4.5101,0.9533662612544772,1.0,5726.8674157578325,1000.0,5725.449329715028,1000.0,0.05001973771116158,0.0
9500,1706731440000.0,0.0,0.0,63.2,4.53253807029754,0.0,0.0,4.46815,0.9533662612544772,1.0,5726.8674157578325,1000.0,5722.798089715028,1000.0,0.05001973771116158,0.0
9501,1706735040000.0,0.0,0.0,159.9,4.437326929598527,0.0,0.0,4.351,0.9533662612544772,1.0,5726.782801323832,1000.0,5712.979125281028,1000.0,0.12389654028415154,0.0
9502,1706738640000.0,0.0,0.0,159.9,4.437326929598527,0.0,0.0,4.30385,0.9533662612544772,1.0,5726.782801323832,1000.0,5705.4398402810275,1000.0,0.12389654028415154,0.0
9503,1706742240000.0,0.0,0.0,159.9,4.437326929598527,0.0,0.0,4.359,0.9533662612544772,1.0,5726.782801323832,1000.0,5714.258325281028,1000.0,0.12389654028415154,0.0
9504,1706745840000.0,0.0,0.0,159.9,4.437326929598527,0.0,0.0,4.33845,0.9533662612544772,1.0,5726.782801323832,1000.0,5710.972380281028,1000.0,0.12389654028415154,0.0
9505,1706749440000.0,0.0,0.0,159.9,4.437326929598527,0.0,0.0,4.3593,0.9533662612544772,1.0,5726.782801323832,1000.0,5714.306295281028,1000.0,0.12389654028415154,0.0
9506,1706753040000.0,0.0,0.0,404.6,4.333104488489383,0.0,0.0,4.27855,0.9533662612544772,1.0,5726.574072223832,1000.0,5704.501326181028,1000.0,0.30614710539524803,0.0
9507,1706756640000.0,0.0,0.0,404.6,4.333104488489383,0.0,0.0,4.372,0.9533662612544772,1.0,5726.574072223832,1000.0,5742.311196181028,1000.0,0.30614710539524803,0.0
9508,1706760240000.0,0.0,0.0,86.9,4.333104488489383,0.0,0.0,4.3885,0.9533662612544772,1.0,5740.082743420757,1000.0,5744.896613371029,1000.0,0.06559953869677623,0.0
9509,1706763840000.0,0.0,0.0,10.4,4.333104488489383,0.0,0.0,4.5255,0.9533662612544772,1.0,5749.197147045319,1000.0,5751.198060365029,1000.0,0.007838361692545096,0.0
9510,1706767440000.0,0.0,0.0,2.8,4.333104488489383,0.0,0.0,4.47535,0.9533662612544772,1.0,5750.459172840799,1000.0,5750.857460273029,1000.0,0.0021098650043586986,0.0
9511,1706771040000.0,0.0,0.0,0.5,4.333104488489383,0.0,0.0,4.48075,0.9533662612544772,1.0,5750.751510411277,1000.0,5750.825333167032,1000.0,0.0003767424553681934,0.0
9512,1706774640000.0,0.0,0.0,0.0,4.333104488489383,0.0,0.0,4.5209,0.9533662612544772,1.0,5750.836207827032,1000.0,5750.836207827032,1000.0,0.0,0.0
9513,1706778240000.0,0.0,0.0,0.0,4.333104488489383,0.0,0.0,4.53835,0.9533662612544772,1.0,5750.836207827032,1000.0,5750.836207827032,1000.0,0.0,0.0
9514,1706781840000.0,0.0,0.0,64.5,4.4608,0.0,0.0,4.468,0.9533662612544772,1.0,5750.778663507032,1000.0,5751.243063507032,1000.0,0.05003176384196587,0.0
9515,1706785440000.0,0.0,0.0,16.5,4.4608,0.0,0.0,4.5588,0.9533662612544772,1.0,5753.9335001670315,1000.0,5755.550500167032,1000.0,0.012791805813859922,0.0
9516,1706789040000.0,0.0,0.0,3.4,4.4608,0.0,0.0,4.5544,0.9533662612544772,1.0,5755.077001787034,1000.0,5755.395241787033,1000.0,0.0026353635225541757,0.0
9517,1706792640000.0,0.0,0.0,0.0,4.4608,0.0,0.0,4.69825,0.9533662612544772,1.0,5755.573968423037,1000.0,5755.573968423037,1000.0,0.0,0.0
9518,1706796240000.0,0.0,0.0,0.0,4.4608,0.0,0.0,4.70895,0.9533662612544772,1.0,5755.573968423037,1000.0,5755.573968423037,1000.0,0.0,0.0
9519,1706799840000.0,0.0,0.0,0.0,4.4608,0.0,0.0,4.74835,0.9533662612544772,1.0,5755.573968423037,1000.0,5755.573968423037,1000.0,0.0,0.0
9520,1706803440000.0,0.0,0.0,0.0,4.4608,0.0,0.0,4.7509,0.9533662612544772,1.0,5755.573968423037,1000.0,5755.573968423037,1000.0,0.0,0.0
9521,1706807040000.0,0.0,0.0,0.0,4.4608,0.0,0.0,4.7748,0.9533662612544772,1.0,5755.573968423037,1000.0,5755.573968423037,1000.0,0.0,0.0
9522,1706810640000.0,0.0,0.0,0.0,4.4608,0.0,0.0,4.76615,0.9533662612544772,1.0,5755.573968423037,1000.0,5755.573968423037,1000.0,0.0,0.0
9523,1706814240000.0,0.0,0.0,0.0,4.4608,0.0,0.0,4.6977,0.9533662612544772,1.0,5755.573968423037,1000.0,5755.573968423037,1000.0,0.0,0.0
9524,1706817840000.0,0.0,0.0,61.6,4.6697,0.0,0.0,4.64565,0.9533662612544772,1.0,5755.516437719037,1000.0,5754.034957719036,1000.0,0.04997875049315292,0.0
9525,1706821440000.0,0.0,0.0,61.6,4.6697,0.0,0.0,4.6588,0.9533662612544772,1.0,5755.516437719037,1000.0,5754.844997719037,1000.0,0.04997875049315292,0.0
9526,1706825040000.0,0.0,0.0,61.6,4.6697,0.0,0.0,4.65645,0.9533662612544772,1.0,5755.516437719037,1000.0,5754.7002377190365,1000.0,0.04997875049315292,0.0
9527,1706828640000.0,0.0,0.0,61.6,4.6697,0.0,0.0,4.602,0.9533662612544772,1.0,5755.516437719037,1000.0,5751.346117719037,1000.0,0.04997875049315292,0.0
9528,1706832240000.0,0.0,0.0,61.6,4.6697,0.0,0.0,4.58155,0.9533662612544772,1.0,5755.516437719037,1000.0,5750.0863977190365,1000.0,0.04997875049315292,0.0
9529,1706835840000.0,0.0,0.0,61.6,4.6697,0.0,0.0,4.62685,0.9533662612544772,1.0,5755.516437719037,1000.0,5752.876877719037,1000.0,0.04997875049315292,0.0
9530,1706839440000.0,0.0,0.0,61.6,4.6697,0.0,0.0,4.5464,0.9533662612544772,1.0,5755.516437719037,1000.0,5747.921157719037,1000.0,0.04997875049315292,0.0
9531,1706843040000.0,0.0,0.0,61.6,4.6697,0.0,0.0,4.56065,0.9533662612544772,1.0,5755.516437719037,1000.0,5748.7989577190365,1000.0,0.04997875049315292,0.0
9532,1706846640000.0,0.0,0.0,61.6,4.6697,0.0,0.0,4.56655,0.9533662612544772,1.0,5755.516437719037,1000.0,5749.162397719037,1000.0,0.04997875049315292,0.0
9533,1706850240000.0,0.0,0.0,61.6,4.6697,0.0,0.0,4.5567,0.9533662612544772,1.0,5755.516437719037,1000.0,5748.555637719037,1000.0,0.04997875049315292,0.0
9534,1706853840000.0,0.0,0.0,61.6,4.6697,0.0,0.0,4.5432,0.9533662612544772,1.0,5755.516437719037,1000.0,5747.7240377190365,1000.0,0.04997875049315292,0.0
9535,1706857440000.0,0.0,0.0,52.8,4.6697,0.0,0.0,4.72145,0.9533662612544772,1.0,5755.9190968550365,1000.0,5758.651496855036,1000.0,0.0428359321684555,0.0
9536,1706861040000.0,0.0,0.0,15.6,4.6697,0.0,0.0,4.662,0.9533662612544772,1.0,5757.621246839036,1000.0,5757.501126839036,1000.0,0.012652329300054872,0.0
9537,1706864640000.0,0.0,0.0,15.6,4.6697,0.0,0.0,4.6218,0.9533662612544772,1.0,5757.621246839036,1000.0,5756.874006839036,1000.0,0.012652329300054872,0.0
9538,1706868240000.0,0.0,0.0,62.5,4.624150719999999,0.0,0.0,4.588,0.9533662612544772,1.0,5757.578014419036,1000.0,5755.318594419035,1000.0,0.05019635327150009,0.0
9539,1706871840000.0,0.0,0.0,46.0,4.624150719999999,0.0,0.0,4.7072,0.9533662612544772,1.0,5758.325715219036,1000.0,5762.145982099037,1000.0,0.03693971887658474,0.0
9540,1706875440000.0,0.0,0.0,13.8,4.624150719999999,0.0,0.0,4.7353,0.9533662612544772,1.0,5761.821687213036,1000.0,5763.355547277036,1000.0,0.011075191736255579,0.0
9541,1706879040000.0,0.0,0.0,2.0,4.624150719999999,0.0,0.0,4.70435,0.9533662612544772,1.0,5763.340569701038,1000.0,5763.500968261038,1000.0,0.0016046772402484861,0.0
9542,1706882640000.0,0.0,0.0,61.8,4.658356010355988,0.0,0.0,4.571,0.9533662612544772,1.0,5763.284842081038,1000.0,5757.886240641038,1000.0,0.04995179126632382,0.0
9543,1706886240000.0,0.0,0.0,61.8,4.658356010355988,0.0,0.0,4.61565,0.9533662612544772,1.0,5763.284842081038,1000.0,5760.645610641038,1000.0,0.04995179126632382,0.0
9544,1706889840000.0,0.0,0.0,22.1,4.658356010355988,0.0,0.0,4.74805,0.9533662612544772,1.0,5766.163737829905,1000.0,5768.145975001037,1000.0,0.017854100665482046,0.0
9545,1706893440000.0,0.0,0.0,24.7,4.6568538113441145,0.0,0.0,4.72155,0.9533662612544772,1.0,5768.451831911236,1000.0,5770.049827771036,1000.0,0.0199402356978838,0.0
9546,1706897040000.0,0.0,0.0,61.8,4.663659213049561,0.0,0.0,4.62875,0.9533662612544772,1.0,5768.708225707499,1000.0,5766.550836341036,1000.0,0.04996164272654214,0.0
9547,1706900640000.0,0.0,0.0,61.8,4.663659213049561,0.0,0.0,4.6462,0.9533662612544772,1.0,5768.708225707499,1000.0,5767.629246341036,1000.0,0.04996164272654214,0.0
9548,1706904240000.0,0.0,0.0,61.8,4.663659213049561,0.0,0.0,4.605,0.9533662612544772,1.0,5768.708225707499,1000.0,5765.0830863410365,1000.0,0.04996164272654214,0.0
9549,1706907840000.0,0.0,0.0,61.8,4.663659213049561,0.0,0.0,4.6501,0.9533662612544772,1.0,5768.708225707499,1000.0,5767.870266341036,1000.0,0.04996164272654214,0.0
9550,1706911440000.0,0.0,0.0,61.8,4.663659213049561,0.0,0.0,4.61015,0.9533662612544772,1.0,5768.708225707499,1000.0,5765.401356341036,1000.0,0.04996164272654214,0.0
9551,1706915040000.0,0.0,0.0,61.8,4.663659213049561,0.0,0.0,4.6325,0.9533662612544772,1.0,5768.708225707499,1000.0,5766.782586341036,1000.0,0.04996164272654214,0.0
9552,1706918640000.0,0.0,0.0,61.8,4.663659213049561,0.0,0.0,4.595,0.9533662612544772,1.0,5768.708225707499,1000.0,5764.465086341036,1000.0,0.04996164272654214,0.0
9553,1706922240000.0,0.0,0.0,61.8,4.663659213049561,0.0,0.0,4.65785,0.9533662612544772,1.0,5768.708225707499,1000.0,5768.3492163410365,1000.0,0.04996164272654214,0.0
9554,1706925840000.0,0.0,0.0,45.5,4.663659213049561,0.0,0.0,4.7089,0.9533662612544772,1.0,5769.453114956792,1000.0,5771.511570763037,1000.0,0.0367793081884407,0.0
9555,1706929440000.0,0.0,0.0,21.2,4.663659213049561,0.0,0.0,4.6802,0.9533662612544772,1.0,5770.563594021688,1000.0,5770.914258705037,1000.0,0.01713343483799047,0.0
9556,1706933040000.0,0.0,0.0,15.2,4.663659213049561,0.0,0.0,4.79595,0.9533662612544772,1.0,5770.9745590233915,1000.0,5772.985378985039,1000.0,0.012283474708360083,0.0
9557,1706936640000.0,0.0,0.0,3.7,4.663659213049561,0.0,0.0,4.8121,0.9533662612544772,1.0,5772.315531263321,1000.0,5772.864762175037,1000.0,0.002989361720582668,0.0
9558,1706940240000.0,0.0,0.0,0.0,4.663659213049561,0.0,0.0,4.9535,0.9533662612544772,1.0,5773.176448159035,1000.0,5773.176448159035,1000.0,0.0,0.0
9559,1706943840000.0,0.0,0.0,0.0,4.663659213049561,0.0,0.0,5.00265,0.9533662612544772,1.0,5773.176448159035,1000.0,5773.176448159035,1000.0,0.0,0.0
9560,1706947440000.0,0.0,0.0,0.0,4.663659213049561,0.0,0.0,4.9605,0.9533662612544772,1.0,5773.176448159035,1000.0,5773.176448159035,1000.0,0.0,0.0
9561,1706951040000.0,0.0,0.0,0.0,4.663659213049561,0.0,0.0,4.8753,0.9533662612544772,1.0,5773.176448159035,1000.0,5773.176448159035,1000.0,0.0,0.0
9562,1706954640000.0,0.0,0.0,0.0,4.663659213049561,0.0,0.0,4.92205,0.9533662612544772,1.0,5773.176448159035,1000.0,5773.176448159035,1000.0,0.0,0.0
9563,1706958240000.0,0.0,0.0,0.0,4.663659213049561,0.0,0.0,4.87355,0.9533662612544772,1.0,5773.176448159035,1000.0,5773.176448159035,1000.0,0.0,0.0
9564,1706961840000.0,0.0,0.0,59.4,4.8576,0.0,0.0,4.8359,0.9533662612544772,1.0,5773.118739871035,1000.0,5771.829759871035,1000.0,0.04998016722005715,0.0
9565,1706965440000.0,0.0,0.0,59.4,4.8576,0.0,0.0,4.8353,0.9533662612544772,1.0,5773.118739871035,1000.0,5771.794119871035,1000.0,0.04998016722005715,0.0
9566,1706969040000.0,0.0,0.0,59.4,4.8576,0.0,0.0,4.83105,0.9533662612544772,1.0,5773.118739871035,1000.0,5771.541669871035,1000.0,0.04998016722005715,0.0
9567,1706972640000.0,0.0,0.0,59.4,4.8576,0.0,0.0,4.8,0.9533662612544772,1.0,5773.118739871035,1000.0,5769.697299871035,1000.0,0.04998016722005715,0.0
9568,1706976240000.0,0.0,0.0,59.4,4.8576,0.0,0.0,4.7518,0.9533662612544772,1.0,5773.118739871035,1000.0,5766.834219871035,1000.0,0.04998016722005715,0.0
9569,1706979840000.0,0.0,0.0,59.4,4.8576,0.0,0.0,4.7271,0.9533662612544772,1.0,5773.118739871035,1000.0,5765.367039871036,1000.0,0.04998016722005715,0.0
9570,1706983440000.0,0.0,0.0,59.4,4.8576,0.0,0.0,4.73945,0.9533662612544772,1.0,5773.118739871035,1000.0,5766.100629871035,1000.0,0.04998016722005715,0.0
9571,1706987040000.0,0.0,0.0,59.4,4.8576,0.0,0.0,4.7432,0.9533662612544772,1.0,5773.118739871035,1000.0,5766.323379871035,1000.0,0.04998016722005715,0.0
9572,1706990640000.0,0.0,0.0,59.4,4.8576,0.0,0.0,4.789,0.9533662612544772,1.0,5773.118739871035,1000.0,5769.043899871035,1000.0,0.04998016722005715,0.0
9573,1706994240000.0,0.0,0.0,59.4,4.8576,0.0,0.0,4.8173,0.9533662612544772,1.0,5773.118739871035,1000.0,5770.724919871035,1000.0,0.04998016722005715,0.0
9574,1706997840000.0,0.0,0.0,59.4,4.8576,0.0,0.0,4.75875,0.9533662612544772,1.0,5773.118739871035,1000.0,5767.247049871035,1000.0,0.04998016722005715,0.0
9575,1707001440000.0,0.0,0.0,59.4,4.8576,0.0,0.0,4.76,0.9533662612544772,1.0,5773.118739871035,1000.0,5767.321299871035,1000.0,0.04998016722005715,0.0
9576,1707005040000.0,0.0,0.0,59.4,4.8576,0.0,0.0,4.70365,0.9533662612544772,1.0,5773.118739871035,1000.0,5763.974109871036,1000.0,0.04998016722005715,0.0
9577,1707008640000.0,0.0,0.0,150.3,4.755571856287425,0.0,0.0,4.74015,0.9533662612544772,1.0,5773.033495669036,1000.0,5770.715590669036,1000.0,0.12381054960727648,0.0
9578,1707012240000.0,0.0,0.0,150.3,4.755571856287425,0.0,0.0,4.722,0.9533662612544772,1.0,5773.033495669036,1000.0,5767.987645669036,1000.0,0.12381054960727648,0.0
9579,1707015840000.0,0.0,0.0,150.3,4.755571856287425,0.0,0.0,4.77355,0.9533662612544772,1.0,5773.033495669036,1000.0,5775.735610669036,1000.0,0.12381054960727648,0.0
9580,1707019440000.0,0.0,0.0,59.8,4.755571856287425,0.0,0.0,4.7275,0.9533662612544772,1.0,5777.256904755023,1000.0,5775.578207749035,1000.0,0.04922460636499025,0.0
9581,1707023040000.0,0.0,0.0,59.8,4.755571856287425,0.0,0.0,4.74705,0.9533662612544772,1.0,5777.256904755023,1000.0,5776.747297749035,1000.0,0.04922460636499025,0.0
9582,1707026640000.0,0.0,0.0,59.8,4.755571856287425,0.0,0.0,4.75545,0.9533662612544772,1.0,5777.256904755023,1000.0,5777.249617749036,1000.0,0.04922460636499025,0.0
9583,1707030240000.0,0.0,0.0,60.8,4.754107173810274,0.0,0.0,4.72185,0.9533662612544772,1.0,5778.261732016699,1000.0,5776.300495849035,1000.0,0.0500236454444548,0.0
9584,1707033840000.0,0.0,0.0,52.2,4.754107173810274,0.0,0.0,4.80275,0.9533662612544772,1.0,5778.662771397931,1000.0,5781.201926925034,1000.0,0.04294495184962355,0.0
9585,1707037440000.0,0.0,0.0,16.5,4.754107173810274,0.0,0.0,4.81715,0.9533662612544772,1.0,5780.944547730904,1000.0,5781.984754363034,1000.0,0.013569195781104548,0.0
9586,1707041040000.0,0.0,0.0,7.2,4.754107173810274,0.0,0.0,4.90505,0.9533662612544772,1.0,5782.115842300467,1000.0,5783.202630649033,1000.0,0.005919904163977356,0.0
9587,1707044640000.0,0.0,0.0,0.4,4.754107173810274,0.0,0.0,4.92835,0.9533662612544772,1.0,5783.263337094558,1000.0,5783.333034225034,1000.0,0.0003288183087439128,0.0
9588,1707048240000.0,0.0,0.0,0.0,4.754107173810274,0.0,0.0,4.97315,0.9533662612544772,1.0,5783.346937097033,1000.0,5783.346937097033,1000.0,0.0,0.0
9589,1707051840000.0,0.0,0.0,0.0,4.754107173810274,0.0,0.0,4.8804,0.9533662612544772,1.0,5783.346937097033,1000.0,5783.346937097033,1000.0,0.0,0.0
9590,1707055440000.0,0.0,0.0,59.5,4.8617,0.0,0.0,4.8331,0.9533662612544772,1.0,5783.289082867033,1000.0,5781.587382867034,1000.0,0.05001844899245386,0.0
9591,1707059040000.0,0.0,0.0,59.5,4.8617,0.0,0.0,4.7971,0.9533662612544772,1.0,5783.289082867033,1000.0,5779.445382867033,1000.0,0.05001844899245386,0.0
9592,1707062640000.0,0.0,0.0,59.5,4.8617,0.0,0.0,4.8532,0.9533662612544772,1.0,5783.289082867033,1000.0,5782.783332867033,1000.0,0.05001844899245386,0.0
9593,1707066240000.0,0.0,0.0,59.5,4.8617,0.0,0.0,4.82165,0.9533662612544772,1.0,5783.289082867033,1000.0,5780.906107867033,1000.0,0.05001844899245386,0.0
9594,1707069840000.0,0.0,0.0,59.5,4.8617,0.0,0.0,4.79475,0.9533662612544772,1.0,5783.289082867033,1000.0,5779.305557867034,1000.0,0.05001844899245386,0.0
9595,1707073440000.0,0.0,0.0,59.5,4.8617,0.0,0.0,4.75755,0.9533662612544772,1.0,5783.289082867033,1000.0,5777.092157867033,1000.0,0.05001844899245386,0.0
9596,1707077040000.0,0.0,0.0,59.5,4.8617,0.0,0.0,4.74705,0.9533662612544772,1.0,5783.289082867033,1000.0,5776.467407867033,1000.0,0.05001844899245386,0.0
9597,1707080640000.0,0.0,0.0,59.5,4.8617,0.0,0.0,4.78485,0.9533662612544772,1.0,5783.289082867033,1000.0,5778.716507867033,1000.0,0.05001844899245386,0.0
9598,1707084240000.0,0.0,0.0,59.5,4.8617,0.0,0.0,4.7643,0.9533662612544772,1.0,5783.289082867033,1000.0,5777.493782867034,1000.0,0.05001844899245386,0.0
9599,1707087840000.0,0.0,0.0,150.6,4.759530079681276,0.0,0.0,4.68615,0.9533662612544772,1.0,5783.203580051033,1000.0,5772.152540051033,1000.0,0.12394258996389591,0.0
9600,1707091440000.0,0.0,0.0,150.6,4.759530079681276,0.0,0.0,4.64565,0.9533662612544772,1.0,5783.203580051033,1000.0,5766.053240051033,1000.0,0.12394258996389591,0.0
9601,1707095040000.0,0.0,0.0,381.1,4.647679165573341,0.0,0.0,4.54765,0.9533662612544772,1.0,5782.992690991033,1000.0,5744.871575991033,1000.0,0.30628268521924484,0.0
9602,1707098640000.0,0.0,0.0,381.1,4.647679165573341,0.0,0.0,4.49625,0.9533662612544772,1.0,5782.992690991033,1000.0,5725.283035991032,1000.0,0.30628268521924484,0.0
9603,1707102240000.0,0.0004905388445471728,0.0,1288.7,4.487330278575309,0.0,0.0,4.41745,0.9533662612544772,1.0,5782.190372591032,1000.0,5692.135657591031,1000.0,1.0001093283631692,0.0
9604,1707105840000.0,0.0004905388445471728,0.0,1288.7,4.487330278575309,0.0,0.0,4.45035,0.9533662612544772,1.0,5782.190372591032,1000.0,5734.533887591033,1000.0,1.0001093283631692,0.0
9605,1707109440000.0,0.0004905388445471728,0.0,1288.7,4.487330278575309,0.0,0.0,4.4336,0.9533662612544772,1.0,5782.190372591032,1000.0,5712.948162591032,1000.0,1.0001093283631692,0.0
9606,1707113040000.0,0.0004905388445471728,0.0,1288.7,4.487330278575309,0.0,0.0,4.43475,0.9533662612544772,1.0,5782.190372591032,1000.0,5714.430167591033,1000.0,1.0001093283631692,0.0
9607,1707116640000.0,0.0004905388445471728,0.0,1288.7,4.487330278575309,0.0,0.0,4.44235,0.9533662612544772,1.0,5782.190372591032,1000.0,5724.224287591032,1000.0,1.0001093283631692,0.0
9608,1707120240000.0,0.0,0.0,1275.8,4.487330278575309,0.0,0.0,4.4895,0.9533662612544772,1.0,5782.133263793411,1000.0,5784.901394387031,1000.0,0.9901079252626033,0.0
9609,1707123840000.0,0.0,0.0,1275.8,4.487330278575309,0.0,0.0,4.46705,0.9533662612544772,1.0,5782.133263793411,1000.0,5756.259684387032,1000.0,0.9901079252626033,0.0
9610,1707127440000.0,0.0,0.0,1275.8,4.487330278575309,0.0,0.0,4.50945,0.9533662612544772,1.0,5782.133263793411,1000.0,5810.353604387033,1000.0,0.9901079252626033,0.0
9611,1707131040000.0,0.0,0.0,1093.6,4.487330278575309,0.0,0.0,4.52345,0.9533662612544772,1.0,5790.1433736689905,1000.0,5829.643901019033,1000.0,0.8475341759180588,0.0
9612,1707134640000.0,0.0,0.0,688.8,4.487330278575309,0.0,0.0,4.53465,0.9533662612544772,1.0,5807.939709989706,1000.0,5840.533534107033,1000.0,0.5321806441217605,0.0
9613,1707138240000.0,0.0,0.0,318.8,4.487330278575309,0.0,0.0,4.5437,0.9533662612544772,1.0,5824.206124116842,1000.0,5842.176791307033,1000.0,0.2456233282826563,0.0
9614,1707141840000.0,0.0,0.0,234.3,4.487330278575309,0.0,0.0,4.497,0.9533662612544772,1.0,5827.921021397228,1000.0,5830.1866371270335,1000.0,0.1804042093930314,0.0
9615,1707145440000.0,0.0,0.0,234.3,4.487330278575309,0.0,0.0,4.4541,0.9533662612544772,1.0,5827.921021397228,1000.0,5820.135167127033,1000.0,0.1804042093930314,0.0
9616,1707149040000.0,0.0,0.0,234.3,4.487330278575309,0.0,0.0,4.4327,0.9533662612544772,1.0,5827.921021397228,1000.0,5815.1211471270335,1000.0,0.1804042093930314,0.0
9617,1707152640000.0,0.0,0.0,234.3,4.487330278575309,0.0,0.0,4.43885,0.9533662612544772,1.0,5827.921021397228,1000.0,5816.562092127034,1000.0,0.1804042093930314,0.0
9618,1707156240000.0,0.0,0.0,234.3,4.487330278575309,0.0,0.0,4.4463,0.9533662612544772,1.0,5827.921021397228,1000.0,5818.307627127034,1000.0,0.1804042093930314,0.0
9619,1707159840000.0,0.0,0.0,234.3,4.487330278575309,0.0,0.0,4.4613,0.9533662612544772,1.0,5827.921021397228,1000.0,5821.822127127033,1000.0,0.1804042093930314,0.0
9620,1707163440000.0,0.0,0.0,234.3,4.487330278575309,0.0,0.0,4.4368,0.9533662612544772,1.0,5827.921021397228,1000.0,5816.081777127033,1000.0,0.1804042093930314,0.0
9621,1707167040000.0,0.0,0.0,234.3,4.487330278575309,0.0,0.0,4.41,0.9533662612544772,1.0,5827.921021397228,1000.0,5809.802537127033,1000.0,0.1804042093930314,0.0
9622,1707170640000.0,0.0,0.0,592.9,4.373363171310837,0.0,0.0,4.33355,0.9533662612544772,1.0,5827.6127042892285,1000.0,5804.007475019033,1000.0,0.444944981048882,0.0
9623,1707174240000.0,0.0,0.0,592.9,4.373363171310837,0.0,0.0,4.3546,0.9533662612544772,1.0,5827.6127042892285,1000.0,5816.488020019033,1000.0,0.444944981048882,0.0
9624,1707177840000.0,0.0,0.0,508.2,4.373363171310837,0.0,0.0,4.3798,0.9533662612544772,1.0,5831.242388005201,1000.0,5834.513584345033,1000.0,0.3811440197087182,0.0
9625,1707181440000.0,0.0,0.0,373.4,4.373363171310837,0.0,0.0,4.4352,0.9533662612544772,1.0,5837.019027496502,1000.0,5860.108899329035,1000.0,0.27976845723387445,0.0
9626,1707185040000.0,0.0,0.0,43.3,4.373363171310837,0.0,0.0,4.4278,0.9533662612544772,1.0,5862.981933832794,1000.0,5865.339048515035,1000.0,0.0322986881854444,0.0
9627,1707188640000.0,0.0,0.0,21.0,4.373363171310837,0.0,0.0,4.46575,0.9533662612544772,1.0,5864.889584404562,1000.0,5866.8297078070345,1000.0,0.015659395675878145,0.0
9628,1707192240000.0,0.0,0.0,10.2,4.373363171310837,0.0,0.0,4.4589,0.9533662612544772,1.0,5865.813468986405,1000.0,5866.6859446390345,1000.0,0.007604794217071945,0.0
9629,1707195840000.0,0.0,0.0,6.0,4.373363171310837,0.0,0.0,4.4494,0.9533662612544772,1.0,5866.172757434899,1000.0,5866.628978407034,1000.0,0.004473134377879977,0.0
9630,1707199440000.0,0.0,0.0,48.6,4.43404219406755,0.0,0.0,4.48245,0.9533662612544772,1.0,5866.879974636716,1000.0,5869.232594005033,1000.0,0.03673067312835672,0.0
9631,1707203040000.0,0.0,0.0,66.0,4.4380398407972255,0.0,0.0,4.4376,0.9533662612544772,1.0,5867.158261091649,1000.0,5867.129231599032,1000.0,0.04992376487184064,0.0
9632,1707206640000.0,0.0,0.0,66.0,4.4380398407972255,0.0,0.0,4.43155,0.9533662612544772,1.0,5867.158261091649,1000.0,5866.729931599032,1000.0,0.04992376487184064,0.0
9633,1707210240000.0,0.0,0.0,66.0,4.4380398407972255,0.0,0.0,4.43005,0.9533662612544772,1.0,5867.158261091649,1000.0,5866.630931599032,1000.0,0.04992376487184064,0.0
9634,1707213840000.0,0.0,0.0,66.0,4.4380398407972255,0.0,0.0,4.37765,0.9533662612544772,1.0,5867.158261091649,1000.0,5863.1725315990325,1000.0,0.04992376487184064,0.0
9635,1707217440000.0,0.0,0.0,66.0,4.4380398407972255,0.0,0.0,4.3482,0.9533662612544772,1.0,5867.158261091649,1000.0,5861.228831599033,1000.0,0.04992376487184064,0.0
9636,1707221040000.0,0.0,0.0,66.0,4.4380398407972255,0.0,0.0,4.3548,0.9533662612544772,1.0,5867.158261091649,1000.0,5861.6644315990325,1000.0,0.04992376487184064,0.0
9637,1707224640000.0,0.0,0.0,66.0,4.4380398407972255,0.0,0.0,4.3495,0.9533662612544772,1.0,5867.158261091649,1000.0,5861.3146315990325,1000.0,0.04992376487184064,0.0
9638,1707228240000.0,0.0,0.0,66.0,4.4380398407972255,0.0,0.0,4.39395,0.9533662612544772,1.0,5867.158261091649,1000.0,5864.248331599032,1000.0,0.04992376487184064,0.0
9639,1707231840000.0,0.0,0.0,66.0,4.4380398407972255,0.0,0.0,4.3598,0.9533662612544772,1.0,5867.158261091649,1000.0,5861.994431599032,1000.0,0.04992376487184064,0.0
9640,1707235440000.0,0.0,0.0,66.0,4.4380398407972255,0.0,0.0,4.3655,0.9533662612544772,1.0,5867.158261091649,1000.0,5862.370631599032,1000.0,0.04992376487184064,0.0
9641,1707239040000.0,0.0,0.0,66.0,4.4380398407972255,0.0,0.0,4.3641,0.9533662612544772,1.0,5867.158261091649,1000.0,5862.278231599033,1000.0,0.04992376487184064,0.0
9642,1707242640000.0,0.0,0.0,66.0,4.4380398407972255,0.0,0.0,4.38965,0.9533662612544772,1.0,5867.158261091649,1000.0,5863.964531599033,1000.0,0.04992376487184064,0.0
9643,1707246240000.0,0.0,0.0,66.0,4.4380398407972255,0.0,0.0,4.38405,0.9533662612544772,1.0,5867.158261091649,1000.0,5863.594931599033,1000.0,0.04992376487184064,0.0
9644,1707249840000.0,0.0,0.0,66.0,4.4380398407972255,0.0,0.0,4.38985,0.9533662612544772,1.0,5867.158261091649,1000.0,5863.977731599032,1000.0,0.04992376487184064,0.0
9645,1707253440000.0,0.0,0.0,66.0,4.4380398407972255,0.0,0.0,4.35855,0.9533662612544772,1.0,5867.158261091649,1000.0,5861.911931599033,1000.0,0.04992376487184064,0.0
9646,1707257040000.0,0.0,0.0,167.0,4.344817541871957,0.0,0.0,4.2888,0.9533662612544772,1.0,5867.071726311649,1000.0,5857.716796819032,1000.0,0.12367064241581338,0.0
9647,1707260640000.0,0.0,0.0,167.0,4.344817541871957,0.0,0.0,4.2924,0.9533662612544772,1.0,5867.071726311649,1000.0,5858.3179968190325,1000.0,0.12367064241581338,0.0
9648,1707264240000.0,0.0,0.0,167.0,4.344817541871957,0.0,0.0,4.25655,0.9533662612544772,1.0,5867.071726311649,1000.0,5852.331046819033,1000.0,0.12367064241581338,0.0
9649,1707267840000.0,0.0,0.0,167.0,4.344817541871957,0.0,0.0,4.3223,0.9533662612544772,1.0,5867.071726311649,1000.0,5863.311296819033,1000.0,0.12367064241581338,0.0
9650,1707271440000.0,0.0,0.0,167.0,4.344817541871957,0.0,0.0,4.3571,0.9533662612544772,1.0,5867.071726311649,1000.0,5869.122896819033,1000.0,0.12367064241581338,0.0
9651,1707275040000.0,0.0,0.0,167.0,4.344817541871957,0.0,0.0,4.3557,0.9533662612544772,1.0,5867.071726311649,1000.0,5868.889096819033,1000.0,0.12367064241581338,0.0
9652,1707278640000.0,0.0,0.0,167.0,4.344817541871957,0.0,0.0,4.355,0.9533662612544772,1.0,5867.071726311649,1000.0,5868.772196819033,1000.0,0.12367064241581338,0.0
9653,1707282240000.0,0.0,0.0,167.0,4.344817541871957,0.0,0.0,4.3235,0.9533662612544772,1.0,5867.071726311649,1000.0,5863.511696819032,1000.0,0.12367064241581338,0.0
9654,1707285840000.0,0.0,0.0,167.0,4.344817541871957,0.0,0.0,4.36,0.9533662612544772,1.0,5867.071726311649,1000.0,5869.607196819033,1000.0,0.12367064241581338,0.0
9655,1707289440000.0,0.0,0.0,167.0,4.344817541871957,0.0,0.0,4.345,0.9533662612544772,1.0,5867.071726311649,1000.0,5867.1021968190325,1000.0,0.12367064241581338,0.0
9656,1707293040000.0,0.0,0.0,167.0,4.344817541871957,0.0,0.0,4.3047,0.9533662612544772,1.0,5867.071726311649,1000.0,5860.372096819033,1000.0,0.12367064241581338,0.0
9657,1707296640000.0,0.0,0.0,167.0,4.344817541871957,0.0,0.0,4.31455,0.9533662612544772,1.0,5867.071726311649,1000.0,5862.017046819033,1000.0,0.12367064241581338,0.0
9658,1707300240000.0,0.0,0.0,167.0,4.344817541871957,0.0,0.0,4.3445,0.9533662612544772,1.0,5867.071726311649,1000.0,5867.018696819033,1000.0,0.12367064241581338,0.0
9659,1707303840000.0,0.0,0.0,167.0,4.344817541871957,0.0,0.0,4.32655,0.9533662612544772,1.0,5867.071726311649,1000.0,5864.021046819033,1000.0,0.12367064241581338,0.0
9660,1707307440000.0,0.0,0.0,167.0,4.344817541871957,0.0,0.0,4.32695,0.9533662612544772,1.0,5867.071726311649,1000.0,5864.087846819032,1000.0,0.12367064241581338,0.0
9661,1707311040000.0,0.0,0.0,167.0,4.344817541871957,0.0,0.0,4.31515,0.9533662612544772,1.0,5867.071726311649,1000.0,5862.1172468190325,1000.0,0.12367064241581338,0.0
9662,1707314640000.0,0.0,0.0,167.0,4.344817541871957,0.0,0.0,4.302,0.9533662612544772,1.0,5867.071726311649,1000.0,5859.921196819033,1000.0,0.12367064241581338,0.0
9663,1707318240000.0,0.0,0.0,167.0,4.344817541871957,0.0,0.0,4.3063,0.9533662612544772,1.0,5867.071726311649,1000.0,5860.639296819033,1000.0,0.12367064241581338,0.0
9664,1707321840000.0,0.0,0.0,167.0,4.344817541871957,0.0,0.0,4.3146,0.9533662612544772,1.0,5867.071726311649,1000.0,5862.025396819033,1000.0,0.12367064241581338,0.0
9665,1707325440000.0,0.0,0.0,167.0,4.344817541871957,0.0,0.0,4.3682,0.9533662612544772,1.0,5867.071726311649,1000.0,5870.976596819032,1000.0,0.12367064241581338,0.0
9666,1707329040000.0,0.0,0.0,35.0,4.344817541871957,0.0,0.0,4.41505,0.9533662612544772,1.0,5873.09827910455,1000.0,5875.556415139032,1000.0,0.025892400695311343,0.0
9667,1707332640000.0,0.0,0.0,22.2,4.344817541871957,0.0,0.0,4.3993,0.9533662612544772,1.0,5873.643620520588,1000.0,5874.853131091031,1000.0,0.016421655051146688,0.0
9668,1707336240000.0,0.0,0.0,12.1,4.344817541871957,0.0,0.0,4.4006,0.9533662612544772,1.0,5874.073928981682,1000.0,5874.748896725031,1000.0,0.008949886040294442,0.0
9669,1707339840000.0,0.0,0.0,2.4,4.344817541871957,0.0,0.0,4.51165,0.9533662612544772,1.0,5875.288395251525,1000.0,5875.688793151032,1000.0,0.0017748170641155882,0.0
9670,1707343440000.0,0.0,0.0,0.0,4.344817541871957,0.0,0.0,4.54,0.9533662612544772,1.0,5875.750994683032,1000.0,5875.750994683032,1000.0,0.0,0.0
9671,1707347040000.0,0.0,0.0,0.0,4.344817541871957,0.0,0.0,4.4852,0.9533662612544772,1.0,5875.750994683032,1000.0,5875.750994683032,1000.0,0.0,0.0
9672,1707350640000.0,0.0,0.0,0.0,4.344817541871957,0.0,0.0,4.45705,0.9533662612544772,1.0,5875.750994683032,1000.0,5875.750994683032,1000.0,0.0,0.0
9673,1707354240000.0,0.0,0.0,0.0,4.344817541871957,0.0,0.0,4.5156,0.9533662612544772,1.0,5875.750994683032,1000.0,5875.750994683032,1000.0,0.0,0.0
9674,1707357840000.0,0.0,0.0,0.0,4.344817541871957,0.0,0.0,4.51715,0.9533662612544772,1.0,5875.750994683032,1000.0,5875.750994683032,1000.0,0.0,0.0
9675,1707361440000.0,0.0,0.0,0.0,4.344817541871957,0.0,0.0,4.49935,0.9533662612544772,1.0,5875.750994683032,1000.0,5875.750994683032,1000.0,0.0,0.0
9676,1707365040000.0,0.0,0.0,0.0,4.344817541871957,0.0,0.0,4.56335,0.9533662612544772,1.0,5875.750994683032,1000.0,5875.750994683032,1000.0,0.0,0.0
9677,1707368640000.0,0.0,0.0,0.0,4.344817541871957,0.0,0.0,4.5273,0.9533662612544772,1.0,5875.750994683032,1000.0,5875.750994683032,1000.0,0.0,0.0
9678,1707372240000.0,0.0,0.0,0.0,4.344817541871957,0.0,0.0,4.5218,0.9533662612544772,1.0,5875.750994683032,1000.0,5875.750994683032,1000.0,0.0,0.0
9679,1707375840000.0,0.0,0.0,65.3,4.4997,0.0,0.0,4.46405,0.9533662612544772,1.0,5875.692228601032,1000.0,5873.364283601032,1000.0,0.050007794582862156,0.0
9680,1707379440000.0,0.0,0.0,65.3,4.4997,0.0,0.0,4.4718,0.9533662612544772,1.0,5875.692228601032,1000.0,5873.870358601032,1000.0,0.050007794582862156,0.0
9681,1707383040000.0,0.0,0.0,65.3,4.4997,0.0,0.0,4.4905,0.9533662612544772,1.0,5875.692228601032,1000.0,5875.091468601032,1000.0,0.050007794582862156,0.0
9682,1707386640000.0,0.0,0.0,65.3,4.4997,0.0,0.0,4.4927,0.9533662612544772,1.0,5875.692228601032,1000.0,5875.235128601033,1000.0,0.050007794582862156,0.0
9683,1707390240000.0,0.0,0.0,65.3,4.4997,0.0,0.0,4.4871,0.9533662612544772,1.0,5875.692228601032,1000.0,5874.869448601032,1000.0,0.050007794582862156,0.0
9684,1707393840000.0,0.0,0.0,65.3,4.4997,0.0,0.0,4.4837,0.9533662612544772,1.0,5875.692228601032,1000.0,5874.6474286010325,1000.0,0.050007794582862156,0.0
9685,1707397440000.0,0.0,0.0,65.3,4.4997,0.0,0.0,4.4547,0.9533662612544772,1.0,5875.692228601032,1000.0,5872.753728601032,1000.0,0.050007794582862156,0.0
9686,1707401040000.0,0.0,0.0,65.3,4.4997,0.0,0.0,4.4541,0.9533662612544772,1.0,5875.692228601032,1000.0,5872.714548601032,1000.0,0.050007794582862156,0.0
9687,1707404640000.0,0.0,0.0,65.3,4.4997,0.0,0.0,4.51505,0.9533662612544772,1.0,5875.692228601032,1000.0,5876.694583601032,1000.0,0.050007794582862156,0.0
9688,1707408240000.0,0.0,0.0,65.3,4.4997,0.0,0.0,4.51915,0.9533662612544772,1.0,5875.692228601032,1000.0,5876.962313601032,1000.0,0.050007794582862156,0.0
9689,1707411840000.0,0.0,0.0,65.3,4.4997,0.0,0.0,4.44305,0.9533662612544772,1.0,5875.692228601032,1000.0,5871.992983601032,1000.0,0.050007794582862156,0.0
9690,1707415440000.0,0.0,0.0,65.3,4.4997,0.0,0.0,4.40475,0.9533662612544772,1.0,5875.692228601032,1000.0,5869.491993601032,1000.0,0.050007794582862156,0.0
9691,1707419040000.0,0.0,0.0,65.3,4.4997,0.0,0.0,4.44145,0.9533662612544772,1.0,5875.692228601032,1000.0,5871.888503601032,1000.0,0.050007794582862156,0.0
9692,1707422640000.0,0.0,0.0,65.3,4.4997,0.0,0.0,4.4246,0.9533662612544772,1.0,5875.692228601032,1000.0,5870.7881986010325,1000.0,0.050007794582862156,0.0
9693,1707426240000.0,0.0,0.0,65.3,4.4997,0.0,0.0,4.45255,0.9533662612544772,1.0,5875.692228601032,1000.0,5872.6133336010325,1000.0,0.050007794582862156,0.0
9694,1707429840000.0,0.0,0.0,65.3,4.4997,0.0,0.0,4.4536,0.9533662612544772,1.0,5875.692228601032,1000.0,5872.681898601032,1000.0,0.050007794582862156,0.0
9695,1707433440000.0,0.0,0.0,65.3,4.4997,0.0,0.0,4.43225,0.9533662612544772,1.0,5875.692228601032,1000.0,5871.287743601032,1000.0,0.050007794582862156,0.0
9696,1707437040000.0,0.0,0.0,65.3,4.4997,0.0,0.0,4.44375,0.9533662612544772,1.0,5875.692228601032,1000.0,5872.038693601032,1000.0,0.050007794582862156,0.0
9697,1707440640000.0,0.0,0.0,65.3,4.4997,0.0,0.0,4.5018,0.9533662612544772,1.0,5875.692228601032,1000.0,5875.829358601032,1000.0,0.050007794582862156,0.0
9698,1707444240000.0,0.0,0.0,65.3,4.4997,0.0,0.0,4.5042,0.9533662612544772,1.0,5875.692228601032,1000.0,5875.986078601032,1000.0,0.050007794582862156,0.0
9699,1707447840000.0,0.0,0.0,28.7,4.4997,0.0,0.0,4.58465,0.9533662612544772,1.0,5877.855851397031,1000.0,5880.293916397031,1000.0,0.021970833117539973,0.0
9700,1707451440000.0,0.0,0.0,9.9,4.4997,0.0,0.0,4.56895,0.9533662612544772,1.0,5878.684763325033,1000.0,5879.370338325033,1000.0,0.007577720492500746,0.0
9701,1707455040000.0,0.0,0.0,7.3,4.4997,0.0,0.0,4.5239,0.9533662612544772,1.0,5878.799400081032,1000.0,5878.976060081032,1000.0,0.0055875031217338745,0.0
9702,1707458640000.0,0.0,0.0,7.3,4.4997,0.0,0.0,4.5143,0.9533662612544772,1.0,5878.799400081032,1000.0,5878.905980081032,1000.0,0.0055875031217338745,0.0
9703,1707462240000.0,0.0,0.0,65.2,4.504939417177915,0.0,0.0,4.5391,0.9533662612544772,1.0,5878.747225233033,1000.0,5880.974495233033,1000.0,0.049963374635206725,0.0
9704,1707465840000.0,0.0,0.0,46.6,4.504939417177915,0.0,0.0,4.59445,0.9533662612544772,1.0,5879.977544233523,1000.0,5884.148737393032,1000.0,0.03570254737560499,0.0
9705,1707469440000.0,0.0,0.0,7.7,4.504939417177915,0.0,0.0,4.62395,0.9533662612544772,1.0,5883.406259585304,1000.0,5884.322641073034,1000.0,0.0058959099511028765,0.0
9706,1707473040000.0,0.0,0.0,1.2,4.504939417177915,0.0,0.0,4.62985,0.9533662612544772,1.0,5884.071562693646,1000.0,5884.221455393033,1000.0,0.0009187392170564865,0.0
9707,1707476640000.0,0.0,0.0,0.4,4.504939417177915,0.0,0.0,4.63645,0.9533662612544772,1.0,5884.177269079902,1000.0,5884.22987331303,1000.0,0.0003062409041175841,0.0
9708,1707480240000.0,0.0,0.0,0.3,4.504939417177915,0.0,0.0,4.6382,0.9533662612544772,1.0,5884.190482378183,1000.0,5884.23046055303,1000.0,0.00022968016232662015,0.0
9709,1707483840000.0,0.0,0.0,0.0,4.504939417177915,0.0,0.0,4.6204,0.9533662612544772,1.0,5884.230122273028,1000.0,5884.230122273028,1000.0,0.0,0.0
9710,1707487440000.0,0.0,0.0,0.0,4.504939417177915,0.0,0.0,4.63595,0.9533662612544772,1.0,5884.230122273028,1000.0,5884.230122273028,1000.0,0.0,0.0
9711,1707491040000.0,0.0,0.0,64.0,4.596,0.0,0.0,4.5538,0.9533662612544772,1.0,5884.1712934730285,1000.0,5881.470493473029,1000.0,0.049989027397328994,0.0
9712,1707494640000.0,0.0,0.0,64.0,4.596,0.0,0.0,4.6324,0.9533662612544772,1.0,5884.1712934730285,1000.0,5886.500893473029,1000.0,0.049989027397328994,0.0
9713,1707498240000.0,0.0,0.0,22.0,4.596,0.0,0.0,4.64365,0.9533662612544772,1.0,5886.064300673028,1000.0,5887.112600673028,1000.0,0.01717820173803378,0.0
9714,1707501840000.0,0.0,0.0,7.7,4.596,0.0,0.0,4.6297,0.9533662612544772,1.0,5886.708824553029,1000.0,5886.96831455303,1000.0,0.006011712325976487,0.0
9715,1707505440000.0,0.0,0.0,63.8,4.6117576802507845,0.0,0.0,4.622,0.9533662612544772,1.0,5886.838081205028,1000.0,5887.491541205028,1000.0,0.049981014585638396,0.0
9716,1707509040000.0,0.0,0.0,63.8,4.6117576802507845,0.0,0.0,4.61065,0.9533662612544772,1.0,5886.838081205028,1000.0,5886.767411205028,1000.0,0.049981014585638396,0.0
9717,1707512640000.0,0.0,0.0,54.7,4.6117576802507845,0.0,0.0,4.63785,0.9533662612544772,1.0,5887.249498936746,1000.0,5888.676748827028,1000.0,0.04284906647073092,0.0
9718,1707516240000.0,0.0,0.0,40.2,4.6117576802507845,0.0,0.0,4.68125,0.9533662612544772,1.0,5887.90505466311,1000.0,5890.698645917028,1000.0,0.03148703265845872,0.0
9719,1707519840000.0,0.0,0.0,14.0,4.6117576802507845,0.0,0.0,4.67935,0.9533662612544772,1.0,5890.164860944538,1000.0,5891.111153421028,1000.0,0.010961426216032516,0.0
9720,1707523440000.0,0.0,0.0,6.9,4.6117576802507845,0.0,0.0,4.7387,0.9533662612544772,1.0,5890.8052932967585,1000.0,5891.681195303028,1000.0,0.0054018298703473,0.0
9721,1707527040000.0,0.0,0.0,0.9,4.6117576802507845,0.0,0.0,4.7477,0.9533662612544772,1.0,5891.616449735254,1000.0,5891.738797823028,1000.0,0.0007044894975151034,0.0
9722,1707530640000.0,0.0,0.0,0.2,4.6117576802507845,0.0,0.0,4.7902,0.9533662612544772,1.0,5891.715593751081,1000.0,5891.75128221503,1000.0,0.00015655058723955192,0.0
9723,1707534240000.0,0.0,0.0,0.0,4.6117576802507845,0.0,0.0,4.74245,0.9533662612544772,1.0,5891.75165049503,1000.0,5891.75165049503,1000.0,0.0,0.0
9724,1707537840000.0,0.0,0.0,0.0,4.6117576802507845,0.0,0.0,4.7617,0.9533662612544772,1.0,5891.75165049503,1000.0,5891.75165049503,1000.0,0.0,0.0
9725,1707541440000.0,0.0,0.0,62.5,4.7145,0.0,0.0,4.72205,0.9533662612544772,1.0,5891.69271924503,1000.0,5892.1645942450305,1000.0,0.05001215508702865,0.0
9726,1707545040000.0,0.0,0.0,62.5,4.7145,0.0,0.0,4.70445,0.9533662612544772,1.0,5891.69271924503,1000.0,5891.06459424503,1000.0,0.05001215508702865,0.0
9727,1707548640000.0,0.0,0.0,62.5,4.7145,0.0,0.0,4.6946,0.9533662612544772,1.0,5891.69271924503,1000.0,5890.448969245031,1000.0,0.05001215508702865,0.0
9728,1707552240000.0,0.0,0.0,62.5,4.7145,0.0,0.0,4.6902,0.9533662612544772,1.0,5891.69271924503,1000.0,5890.17396924503,1000.0,0.05001215508702865,0.0
9729,1707555840000.0,0.0,0.0,62.5,4.7145,0.0,0.0,4.6776,0.9533662612544772,1.0,5891.69271924503,1000.0,5889.386469245031,1000.0,0.05001215508702865,0.0
9730,1707559440000.0,0.0,0.0,62.5,4.7145,0.0,0.0,4.66435,0.9533662612544772,1.0,5891.69271924503,1000.0,5888.558344245031,1000.0,0.05001215508702865,0.0
9731,1707563040000.0,0.0,0.0,62.5,4.7145,0.0,0.0,4.6254,0.9533662612544772,1.0,5891.69271924503,1000.0,5886.12396924503,1000.0,0.05001215508702865,0.0
9732,1707566640000.0,0.0,0.0,62.5,4.7145,0.0,0.0,4.61585,0.9533662612544772,1.0,5891.69271924503,1000.0,5885.527094245031,1000.0,0.05001215508702865,0.0
9733,1707570240000.0,0.0,0.0,62.5,4.7145,0.0,0.0,4.61195,0.9533662612544772,1.0,5891.69271924503,1000.0,5885.28334424503,1000.0,0.05001215508702865,0.0
9734,1707573840000.0,0.0,0.0,62.5,4.7145,0.0,0.0,4.6538,0.9533662612544772,1.0,5891.69271924503,1000.0,5887.8989692450305,1000.0,0.05001215508702865,0.0
9735,1707577440000.0,0.0,0.0,62.5,4.7145,0.0,0.0,4.75905,0.9533662612544772,1.0,5891.69271924503,1000.0,5894.4770942450305,1000.0,0.05001215508702865,0.0
9736,1707581040000.0,0.0,0.0,53.6,4.7145,0.0,0.0,4.7374,0.9533662612544772,1.0,5892.10432341903,1000.0,5893.33176341903,1000.0,0.042887428010332074,0.0
9737,1707584640000.0,0.0,0.0,33.9,4.7145,0.0,0.0,4.75105,0.9533662612544772,1.0,5893.015402321032,1000.0,5894.254447321032,1000.0,0.027120504374899896,0.0
9738,1707588240000.0,0.0,0.0,13.3,4.7145,0.0,0.0,4.7706,0.9533662612544772,1.0,5894.087680197033,1000.0,5894.833810197033,1000.0,0.01063826217086474,0.0
9739,1707591840000.0,0.0,0.0,4.3,4.7145,0.0,0.0,4.74605,0.9533662612544772,1.0,5894.687872337032,1000.0,5894.823537337032,1000.0,0.003439087944780822,0.0
9740,1707595440000.0,0.0,0.0,62.4,4.719434775641026,0.0,0.0,4.74275,0.9533662612544772,1.0,5894.6330282610315,1000.0,5896.087898261031,1000.0,0.049959467975036594,0.0
9741,1707599040000.0,0.0,0.0,62.4,4.719434775641026,0.0,0.0,4.72305,0.9533662612544772,1.0,5894.6330282610315,1000.0,5894.858618261032,1000.0,0.049959467975036594,0.0
9742,1707602640000.0,0.0,0.0,62.4,4.719434775641026,0.0,0.0,4.67385,0.9533662612544772,1.0,5894.6330282610315,1000.0,5891.788538261031,1000.0,0.049959467975036594,0.0
9743,1707606240000.0,0.0,0.0,62.4,4.719434775641026,0.0,0.0,4.67875,0.9533662612544772,1.0,5894.6330282610315,1000.0,5892.094298261031,1000.0,0.049959467975036594,0.0
9744,1707609840000.0,0.0,0.0,62.4,4.719434775641026,0.0,0.0,4.6465,0.9533662612544772,1.0,5894.6330282610315,1000.0,5890.081898261032,1000.0,0.049959467975036594,0.0
9745,1707613440000.0,0.0,0.0,62.4,4.719434775641026,0.0,0.0,4.6655,0.9533662612544772,1.0,5894.6330282610315,1000.0,5891.2674982610315,1000.0,0.049959467975036594,0.0
9746,1707617040000.0,0.0,0.0,62.4,4.719434775641026,0.0,0.0,4.7106,0.9533662612544772,1.0,5894.6330282610315,1000.0,5894.081738261031,1000.0,0.049959467975036594,0.0
9747,1707620640000.0,0.0,0.0,62.4,4.719434775641026,0.0,0.0,4.67705,0.9533662612544772,1.0,5894.6330282610315,1000.0,5891.988218261032,1000.0,0.049959467975036594,0.0
9748,1707624240000.0,0.0,0.0,62.4,4.719434775641026,0.0,0.0,4.72145,0.9533662612544772,1.0,5894.6330282610315,1000.0,5894.758778261032,1000.0,0.049959467975036594,0.0
9749,1707627840000.0,0.0,0.0,62.4,4.719434775641026,0.0,0.0,4.7191,0.9533662612544772,1.0,5894.6330282610315,1000.0,5894.612138261032,1000.0,0.049959467975036594,0.0
9750,1707631440000.0,0.0,0.0,62.4,4.719434775641026,0.0,0.0,4.74445,0.9533662612544772,1.0,5894.6330282610315,1000.0,5896.193978261032,1000.0,0.049959467975036594,0.0
9751,1707635040000.0,0.0,0.0,62.4,4.719434775641026,0.0,0.0,4.75395,0.9533662612544772,1.0,5894.6330282610315,1000.0,5896.786778261032,1000.0,0.049959467975036594,0.0
9752,1707638640000.0,0.0,0.0,62.4,4.719434775641026,0.0,0.0,4.7596,0.9533662612544772,1.0,5894.6330282610315,1000.0,5897.139338261031,1000.0,0.049959467975036594,0.0
9753,1707642240000.0,0.0,0.0,29.0,4.719434775641026,0.0,0.0,4.74365,0.9533662612544772,1.0,5896.1798451986215,1000.0,5896.882086705032,1000.0,0.023212251336777075,0.0
9754,1707645840000.0,0.0,0.0,62.3,4.72669910431329,0.0,0.0,4.7228,0.9533662612544772,1.0,5896.493120029751,1000.0,5896.250205831033,1000.0,0.04994042190915542,0.0
9755,1707649440000.0,0.0,0.0,62.3,4.72669910431329,0.0,0.0,4.7325,0.9533662612544772,1.0,5896.493120029751,1000.0,5896.854515831033,1000.0,0.04994042190915542,0.0
9756,1707653040000.0,0.0,0.0,62.3,4.72669910431329,0.0,0.0,4.72065,0.9533662612544772,1.0,5896.493120029751,1000.0,5896.116260831032,1000.0,0.04994042190915542,0.0
9757,1707656640000.0,0.0,0.0,62.3,4.72669910431329,0.0,0.0,4.68375,0.9533662612544772,1.0,5896.493120029751,1000.0,5893.817390831033,1000.0,0.04994042190915542,0.0
9758,1707660240000.0,0.0,0.0,62.3,4.72669910431329,0.0,0.0,4.64705,0.9533662612544772,1.0,5896.493120029751,1000.0,5891.530980831032,1000.0,0.04994042190915542,0.0
9759,1707663840000.0,0.0,0.0,62.3,4.72669910431329,0.0,0.0,4.6488,0.9533662612544772,1.0,5896.493120029751,1000.0,5891.640005831033,1000.0,0.04994042190915542,0.0
9760,1707667440000.0,0.0,0.0,62.3,4.72669910431329,0.0,0.0,4.62765,0.9533662612544772,1.0,5896.493120029751,1000.0,5890.322360831033,1000.0,0.04994042190915542,0.0
9761,1707671040000.0,0.0,0.0,62.3,4.72669910431329,0.0,0.0,4.6148,0.9533662612544772,1.0,5896.493120029751,1000.0,5889.521805831033,1000.0,0.04994042190915542,0.0
9762,1707674640000.0,0.0,0.0,62.3,4.72669910431329,0.0,0.0,4.6673,0.9533662612544772,1.0,5896.493120029751,1000.0,5892.792555831033,1000.0,0.04994042190915542,0.0
9763,1707678240000.0,0.0,0.0,62.3,4.72669910431329,0.0,0.0,4.655,0.9533662612544772,1.0,5896.493120029751,1000.0,5892.026265831033,1000.0,0.04994042190915542,0.0
9764,1707681840000.0,0.0,0.0,62.3,4.72669910431329,0.0,0.0,4.6543,0.9533662612544772,1.0,5896.493120029751,1000.0,5891.982655831032,1000.0,0.04994042190915542,0.0
9765,1707685440000.0,0.0,0.0,62.3,4.72669910431329,0.0,0.0,4.6251,0.9533662612544772,1.0,5896.493120029751,1000.0,5890.163495831032,1000.0,0.04994042190915542,0.0
9766,1707689040000.0,0.0,0.0,62.3,4.72669910431329,0.0,0.0,4.63605,0.9533662612544772,1.0,5896.493120029751,1000.0,5890.845680831033,1000.0,0.04994042190915542,0.0
9767,1707692640000.0,0.0,0.0,62.3,4.72669910431329,0.0,0.0,4.60645,0.9533662612544772,1.0,5896.493120029751,1000.0,5889.001600831032,1000.0,0.04994042190915542,0.0
9768,1707696240000.0,0.0,0.0,62.3,4.72669910431329,0.0,0.0,4.62025,0.9533662612544772,1.0,5896.493120029751,1000.0,5889.861340831033,1000.0,0.04994042190915542,0.0
9769,1707699840000.0,0.0,0.0,62.3,4.72669910431329,0.0,0.0,4.66615,0.9533662612544772,1.0,5896.493120029751,1000.0,5892.720910831033,1000.0,0.04994042190915542,0.0
9770,1707703440000.0,0.0,0.0,62.3,4.72669910431329,0.0,0.0,4.67945,0.9533662612544772,1.0,5896.493120029751,1000.0,5893.549500831033,1000.0,0.04994042190915542,0.0
9771,1707707040000.0,0.0,0.0,157.6,4.627408656083237,0.0,0.0,4.55675,0.9533662612544772,1.0,5896.4061587797505,1000.0,5885.270354581033,1000.0,0.1236820504830422,0.0
9772,1707710640000.0,0.0,0.0,157.6,4.627408656083237,0.0,0.0,4.5603,0.9533662612544772,1.0,5896.4061587797505,1000.0,5885.829834581033,1000.0,0.1236820504830422,0.0
9773,1707714240000.0,0.0,0.0,157.6,4.627408656083237,0.0,0.0,4.5662,0.9533662612544772,1.0,5896.4061587797505,1000.0,5886.759674581032,1000.0,0.1236820504830422,0.0
9774,1707717840000.0,0.0,0.0,157.6,4.627408656083237,0.0,0.0,4.5614,0.9533662612544772,1.0,5896.4061587797505,1000.0,5886.003194581032,1000.0,0.1236820504830422,0.0
9775,1707721440000.0,0.0,0.0,157.6,4.627408656083237,0.0,0.0,4.56425,0.9533662612544772,1.0,5896.4061587797505,1000.0,5886.4523545810325,1000.0,0.1236820504830422,0.0
9776,1707725040000.0,0.0,0.0,157.6,4.627408656083237,0.0,0.0,4.6092,0.9533662612544772,1.0,5896.4061587797505,1000.0,5893.536474581032,1000.0,0.1236820504830422,0.0
9777,1707728640000.0,0.0,0.0,157.6,4.627408656083237,0.0,0.0,4.57125,0.9533662612544772,1.0,5896.4061587797505,1000.0,5887.555554581032,1000.0,0.1236820504830422,0.0
9778,1707732240000.0,0.0,0.0,157.6,4.627408656083237,0.0,0.0,4.4999,0.9533662612544772,1.0,5896.4061587797505,1000.0,5876.3107945810325,1000.0,0.1236820504830422,0.0
9779,1707735840000.0,0.0,0.0,157.6,4.627408656083237,0.0,0.0,4.46975,0.9533662612544772,1.0,5896.4061587797505,1000.0,5871.559154581032,1000.0,0.1236820504830422,0.0
9780,1707739440000.0,0.0,0.0,157.6,4.627408656083237,0.0,0.0,4.48555,0.9533662612544772,1.0,5896.4061587797505,1000.0,5874.049234581033,1000.0,0.1236820504830422,0.0
9781,1707743040000.0,0.0,0.0,157.6,4.627408656083237,0.0,0.0,4.48345,0.9533662612544772,1.0,5896.4061587797505,1000.0,5873.718274581032,1000.0,0.1236820504830422,0.0
9782,1707746640000.0,0.0,0.0,157.6,4.627408656083237,0.0,0.0,4.47395,0.9533662612544772,1.0,5896.4061587797505,1000.0,5872.221074581033,1000.0,0.1236820504830422,0.0
9783,1707750240000.0,0.0,0.0,157.6,4.627408656083237,0.0,0.0,4.5566,0.9533662612544772,1.0,5896.4061587797505,1000.0,5885.246714581032,1000.0,0.1236820504830422,0.0
9784,1707753840000.0,0.0,0.0,157.6,4.627408656083237,0.0,0.0,4.62545,0.9533662612544772,1.0,5896.4061587797505,1000.0,5896.097474581033,1000.0,0.1236820504830422,0.0
9785,1707757440000.0,0.0,0.0,85.2,4.627408656083237,0.0,0.0,4.7166,0.9533662612544772,1.0,5899.689976903324,1000.0,5907.289079405033,1000.0,0.06682642970084193,0.0
9786,1707761040000.0,0.0,0.0,17.0,4.627408656083237,0.0,0.0,4.75,0.9533662612544772,1.0,5907.139705834447,1000.0,5909.223758681032,1000.0,0.013317096102487151,0.0
9787,1707764640000.0,0.0,0.0,4.6,4.627408656083237,0.0,0.0,4.7412,0.9533662612544772,1.0,5908.822863531016,1000.0,5909.346303713033,1000.0,0.003602423073021802,0.0
9788,1707768240000.0,0.0,0.0,1.0,4.627408656083237,0.0,0.0,4.7425,0.9533662612544772,1.0,5909.2979649291165,1000.0,5909.413056273033,1000.0,0.0007830724873828127,0.0
9789,1707771840000.0,0.0,0.0,0.7,4.627408656083237,0.0,0.0,4.76085,0.9533662612544772,1.0,5909.338686486291,1000.0,5909.432095427033,1000.0,0.0005481469638329859,0.0
9790,1707775440000.0,0.0,0.0,0.0,4.627408656083237,0.0,0.0,4.7456,0.9533662612544772,1.0,5909.433703453031,1000.0,5909.433703453031,1000.0,0.0,0.0
9791,1707779040000.0,0.0,0.0,0.0,4.627408656083237,0.0,0.0,4.7922,0.9533662612544772,1.0,5909.433703453031,1000.0,5909.433703453031,1000.0,0.0,0.0
9792,1707782640000.0,0.0,0.0,0.0,4.627408656083237,0.0,0.0,4.82485,0.9533662612544772,1.0,5909.433703453031,1000.0,5909.433703453031,1000.0,0.0,0.0
9793,1707786240000.0,0.0,0.0,0.0,4.627408656083237,0.0,0.0,4.84475,0.9533662612544772,1.0,5909.433703453031,1000.0,5909.433703453031,1000.0,0.0,0.0
9794,1707789840000.0,0.0,0.0,0.0,4.627408656083237,0.0,0.0,4.81855,0.9533662612544772,1.0,5909.433703453031,1000.0,5909.433703453031,1000.0,0.0,0.0
9795,1707793440000.0,0.0,0.0,0.0,4.627408656083237,0.0,0.0,4.78795,0.9533662612544772,1.0,5909.433703453031,1000.0,5909.433703453031,1000.0,0.0,0.0
9796,1707797040000.0,0.0,0.0,62.0,4.7622,0.0,0.0,4.78725,0.9533662612544772,1.0,5909.374652173031,1000.0,5910.927752173031,1000.0,0.04996406851466534,0.0
9797,1707800640000.0,0.0,0.0,19.2,4.7622,0.0,0.0,4.86205,0.9533662612544772,1.0,5912.043545701032,1000.0,5913.960665701032,1000.0,0.015465758885772554,0.0
9798,1707804240000.0,0.0,0.0,7.9,4.7622,0.0,0.0,4.8867,0.9533662612544772,1.0,5913.095900463034,1000.0,5914.079450463034,1000.0,0.006362382858876685,0.0
9799,1707807840000.0,0.0,0.0,0.0,4.7622,0.0,0.0,5.0887,0.9533662612544772,1.0,5914.738186159033,1000.0,5914.738186159033,1000.0,0.0,0.0
9800,1707811440000.0,0.0,0.0,0.0,4.7622,0.0,0.0,5.0626,0.9533662612544772,1.0,5914.738186159033,1000.0,5914.738186159033,1000.0,0.0,0.0
9801,1707815040000.0,0.0,0.0,0.0,4.7622,0.0,0.0,5.0554,0.9533662612544772,1.0,5914.738186159033,1000.0,5914.738186159033,1000.0,0.0,0.0
9802,1707818640000.0,0.0,0.0,0.0,4.7622,0.0,0.0,5.11535,0.9533662612544772,1.0,5914.738186159033,1000.0,5914.738186159033,1000.0,0.0,0.0
9803,1707822240000.0,0.0,0.0,0.0,4.7622,0.0,0.0,5.1248,0.9533662612544772,1.0,5914.738186159033,1000.0,5914.738186159033,1000.0,0.0,0.0
9804,1707825840000.0,0.0,0.0,0.0,4.7622,0.0,0.0,5.0748,0.9533662612544772,1.0,5914.738186159033,1000.0,5914.738186159033,1000.0,0.0,0.0
9805,1707829440000.0,0.0,0.0,0.0,4.7622,0.0,0.0,5.02125,0.9533662612544772,1.0,5914.738186159033,1000.0,5914.738186159033,1000.0,0.0,0.0
9806,1707833040000.0,0.0,0.0,50.7,5.00648883248731,0.0,0.0,5.027,0.9533662612544772,1.0,5915.84161006014,1000.0,5916.881526253033,1000.0,0.04290665648915611,0.0
9807,1707836640000.0,0.0,0.0,128.3,4.902524893274408,0.0,0.0,4.9127,0.9533662612544772,1.0,5915.76657706814,1000.0,5917.072043261033,1000.0,0.10632501056504441,0.0
9808,1707840240000.0,0.0,0.0,128.3,4.902524893274408,0.0,0.0,4.938,0.9533662612544772,1.0,5915.76657706814,1000.0,5920.318033261033,1000.0,0.10632501056504441,0.0
9809,1707843840000.0,0.0,0.0,51.0,4.902524893274408,0.0,0.0,4.91455,0.9533662612544772,1.0,5919.483531082026,1000.0,5920.096811525032,1000.0,0.0422382743771722,0.0
9810,1707847440000.0,0.0,0.0,35.6,4.916274293558108,0.0,0.0,5.05065,0.9533662612544772,1.0,5921.7250434047,1000.0,5926.508818554032,1000.0,0.02955546965923314,0.0
9811,1707851040000.0,0.0,0.0,59.5,4.958137903841266,0.0,0.0,4.94885,0.9533662612544772,1.0,5923.443932890586,1000.0,5922.891302612031,1000.0,0.049803662973913476,0.0
9812,1707854640000.0,0.0,0.0,59.5,4.958137903841266,0.0,0.0,4.9288,0.9533662612544772,1.0,5923.443932890586,1000.0,5921.698327612031,1000.0,0.049803662973913476,0.0
9813,1707858240000.0,0.0,0.0,59.5,4.958137903841266,0.0,0.0,4.9181,0.9533662612544772,1.0,5923.443932890586,1000.0,5921.061677612031,1000.0,0.049803662973913476,0.0
9814,1707861840000.0,0.0,0.0,59.5,4.958137903841266,0.0,0.0,4.9175,0.9533662612544772,1.0,5923.443932890586,1000.0,5921.025977612031,1000.0,0.049803662973913476,0.0
9815,1707865440000.0,0.0,0.0,59.5,4.958137903841266,0.0,0.0,4.87605,0.9533662612544772,1.0,5923.443932890586,1000.0,5918.559702612031,1000.0,0.049803662973913476,0.0
9816,1707869040000.0,0.0,0.0,59.5,4.958137903841266,0.0,0.0,4.8963,0.9533662612544772,1.0,5923.443932890586,1000.0,5919.764577612031,1000.0,0.049803662973913476,0.0
9817,1707872640000.0,0.0,0.0,59.5,4.958137903841266,0.0,0.0,4.88335,0.9533662612544772,1.0,5923.443932890586,1000.0,5918.994052612031,1000.0,0.049803662973913476,0.0
9818,1707876240000.0,0.0,0.0,59.5,4.958137903841266,0.0,0.0,4.91735,0.9533662612544772,1.0,5923.443932890586,1000.0,5921.017052612031,1000.0,0.049803662973913476,0.0
9819,1707879840000.0,0.0,0.0,59.5,4.958137903841266,0.0,0.0,4.9361,0.9533662612544772,1.0,5923.443932890586,1000.0,5922.132677612031,1000.0,0.049803662973913476,0.0
9820,1707883440000.0,0.0,0.0,59.5,4.958137903841266,0.0,0.0,4.9488,0.9533662612544772,1.0,5923.443932890586,1000.0,5922.888327612031,1000.0,0.049803662973913476,0.0
9821,1707887040000.0,0.0,0.0,59.5,4.958137903841266,0.0,0.0,4.9634,0.9533662612544772,1.0,5923.443932890586,1000.0,5923.757027612031,1000.0,0.049803662973913476,0.0
9822,1707890640000.0,0.0,0.0,59.5,4.958137903841266,0.0,0.0,4.9429,0.9533662612544772,1.0,5923.443932890586,1000.0,5922.537277612031,1000.0,0.049803662973913476,0.0
9823,1707894240000.0,0.0,0.0,59.5,4.958137903841266,0.0,0.0,4.9419,0.9533662612544772,1.0,5923.443932890586,1000.0,5922.477777612031,1000.0,0.049803662973913476,0.0
9824,1707897840000.0,0.0,0.0,59.5,4.958137903841266,0.0,0.0,4.9751,0.9533662612544772,1.0,5923.443932890586,1000.0,5924.453177612031,1000.0,0.049803662973913476,0.0
9825,1707901440000.0,0.0,0.0,51.0,4.958137903841266,0.0,0.0,5.02165,0.9533662612544772,1.0,5923.857547447936,1000.0,5927.096664352031,1000.0,0.04268587336385927,0.0
9826,1707905040000.0,0.0,0.0,8.4,4.958137903841266,0.0,0.0,5.05525,0.9533662612544772,1.0,5927.991913920297,1000.0,5928.80765552803,1000.0,0.007025711066586756,0.0
9827,1707908640000.0,0.0,0.0,7.0,4.958137903841266,0.0,0.0,5.04085,0.9533662612544772,1.0,5928.127785118919,1000.0,5928.70676979203,1000.0,0.005854625032546028,0.0
9828,1707912240000.0,0.0,0.0,1.8,4.958137903841266,0.0,0.0,5.0335,0.9533662612544772,1.0,5928.632449570943,1000.0,5928.768101344029,1000.0,0.001505346857446047,0.0
9829,1707915840000.0,0.0,0.0,59.4,4.992959479215114,0.0,0.0,5.00645,0.9533662612544772,1.0,5928.593985705406,1000.0,5929.395322640029,1000.0,0.050025654274938394,0.0
9830,1707919440000.0,0.0,0.0,59.4,4.992959479215114,0.0,0.0,5.0093,0.9533662612544772,1.0,5928.593985705406,1000.0,5929.564612640029,1000.0,0.050025654274938394,0.0
9831,1707923040000.0,0.0,0.0,59.3,4.994852026806441,0.0,0.0,4.9977,0.9533662612544772,1.0,5929.34182336165,1000.0,5929.510708172028,1000.0,0.04995406471973206,0.0
9832,1707926640000.0,0.0,0.0,59.3,4.994852026806441,0.0,0.0,4.94115,0.9533662612544772,1.0,5929.34182336165,1000.0,5926.157293172028,1000.0,0.04995406471973206,0.0
9833,1707930240000.0,0.0,0.0,50.9,4.994852026806441,0.0,0.0,5.00095,0.9533662612544772,1.0,5929.752911072476,1000.0,5930.063297908028,1000.0,0.042874968312712626,0.0
9834,1707933840000.0,0.0,0.0,59.5,4.991226782713302,0.0,0.0,4.9585,0.9533662612544772,1.0,5930.08953137547,1000.0,5928.1422878040285,1000.0,0.05007984989099451,0.0
9835,1707937440000.0,0.0,0.0,59.5,4.991226782713302,0.0,0.0,5.00235,0.9533662612544772,1.0,5930.08953137547,1000.0,5930.751362804029,1000.0,0.05007984989099451,0.0
9836,1707941040000.0,0.0,0.0,59.5,4.991226782713302,0.0,0.0,5.00605,0.9533662612544772,1.0,5930.08953137547,1000.0,5930.971512804029,1000.0,0.05007984989099451,0.0
9837,1707944640000.0,0.0,0.0,51.0,4.991226782713302,0.0,0.0,5.0012,0.9533662612544772,1.0,5930.505733682407,1000.0,5931.014367764028,1000.0,0.042922573107491126,0.0
9838,1707948240000.0,0.0,0.0,18.3,4.991226782713302,0.0,0.0,5.08725,0.9533662612544772,1.0,5933.046610457681,1000.0,5934.803835334027,1000.0,0.015395033297506393,0.0
9839,1707951840000.0,0.0,0.0,8.6,4.991226782713302,0.0,0.0,5.04195,0.9533662612544772,1.0,5933.521570737363,1000.0,5933.957790406028,1000.0,0.007234245265581825,0.0
9840,1707955440000.0,0.0,0.0,59.2,5.006674498840107,0.0,0.0,5.01155,0.9533662612544772,1.0,5933.470876621363,1000.0,5933.759506290028,1000.0,0.04995307746418193,0.0
9841,1707959040000.0,0.0,0.0,12.9,5.006674498840107,0.0,0.0,5.03155,0.9533662612544772,1.0,5935.744861357065,1000.0,5936.065755322028,1000.0,0.010880875533499822,0.0
9842,1707962640000.0,0.0,0.0,59.2,5.014280760726982,0.0,0.0,5.001,0.9533662612544772,1.0,5935.698409493065,1000.0,5934.912188458027,1000.0,0.050010192660780634,0.0
9843,1707966240000.0,0.0,0.0,59.2,5.014280760726982,0.0,0.0,4.981,0.9533662612544772,1.0,5935.698409493065,1000.0,5933.728188458028,1000.0,0.050010192660780634,0.0
9844,1707969840000.0,0.0,0.0,59.2,5.014280760726982,0.0,0.0,5.0215,0.9533662612544772,1.0,5935.698409493065,1000.0,5936.125788458027,1000.0,0.050010192660780634,0.0
9845,1707973440000.0,0.0,0.0,59.2,5.014280760726982,0.0,0.0,4.95455,0.9533662612544772,1.0,5935.698409493065,1000.0,5932.162348458028,1000.0,0.050010192660780634,0.0
9846,1707977040000.0,0.0,0.0,59.2,5.014280760726982,0.0,0.0,4.9315,0.9533662612544772,1.0,5935.698409493065,1000.0,5930.797788458028,1000.0,0.050010192660780634,0.0
9847,1707980640000.0,0.0,0.0,59.2,5.014280760726982,0.0,0.0,4.9584,0.9533662612544772,1.0,5935.698409493065,1000.0,5932.390268458028,1000.0,0.050010192660780634,0.0
9848,1707984240000.0,0.0,0.0,59.2,5.014280760726982,0.0,0.0,4.93315,0.9533662612544772,1.0,5935.698409493065,1000.0,5930.895468458028,1000.0,0.050010192660780634,0.0
9849,1707987840000.0,0.0,0.0,59.2,5.014280760726982,0.0,0.0,4.9512,0.9533662612544772,1.0,5935.698409493065,1000.0,5931.964028458027,1000.0,0.050010192660780634,0.0
9850,1707991440000.0,0.0,0.0,59.2,5.014280760726982,0.0,0.0,4.9816,0.9533662612544772,1.0,5935.698409493065,1000.0,5933.763708458027,1000.0,0.050010192660780634,0.0
9851,1707995040000.0,0.0,0.0,59.2,5.014280760726982,0.0,0.0,4.9979,0.9533662612544772,1.0,5935.698409493065,1000.0,5934.728668458028,1000.0,0.050010192660780634,0.0
9852,1707998640000.0,0.0,0.0,59.2,5.014280760726982,0.0,0.0,4.99855,0.9533662612544772,1.0,5935.698409493065,1000.0,5934.767148458028,1000.0,0.050010192660780634,0.0
9853,1708002240000.0,0.0,0.0,59.2,5.014280760726982,0.0,0.0,4.9226,0.9533662612544772,1.0,5935.698409493065,1000.0,5930.270908458027,1000.0,0.050010192660780634,0.0
9854,1708005840000.0,0.0,0.0,59.2,5.014280760726982,0.0,0.0,4.9689,0.9533662612544772,1.0,5935.698409493065,1000.0,5933.0118684580275,1000.0,0.050010192660780634,0.0
9855,1708009440000.0,0.0,0.0,59.2,5.014280760726982,0.0,0.0,5.0021,0.9533662612544772,1.0,5935.698409493065,1000.0,5934.977308458027,1000.0,0.050010192660780634,0.0
9856,1708013040000.0,0.0,0.0,59.2,5.014280760726982,0.0,0.0,4.9144,0.9533662612544772,1.0,5935.698409493065,1000.0,5929.785468458028,1000.0,0.050010192660780634,0.0
9857,1708016640000.0,0.0,0.0,59.2,5.014280760726982,0.0,0.0,4.9185,0.9533662612544772,1.0,5935.698409493065,1000.0,5930.028188458027,1000.0,0.050010192660780634,0.0
9858,1708020240000.0,0.0,0.0,149.8,4.908935120394107,0.0,0.0,4.8081,0.9533662612544772,1.0,5935.610706881065,1000.0,5920.505605846028,1000.0,0.12388927059898774,0.0
9859,1708023840000.0,0.0,0.0,149.8,4.908935120394107,0.0,0.0,4.92625,0.9533662612544772,1.0,5935.610706881065,1000.0,5938.204475846028,1000.0,0.12388927059898774,0.0
9860,1708027440000.0,0.0,0.0,149.8,4.908935120394107,0.0,0.0,4.92685,0.9533662612544772,1.0,5935.610706881065,1000.0,5938.294355846028,1000.0,0.12388927059898774,0.0
9861,1708031040000.0,0.0,0.0,149.8,4.908935120394107,0.0,0.0,4.8861,0.9533662612544772,1.0,5935.610706881065,1000.0,5932.190005846028,1000.0,0.12388927059898774,0.0
9862,1708034640000.0,0.0,0.0,69.5,4.908935120394107,0.0,0.0,4.9686,0.9533662612544772,1.0,5939.479019627419,1000.0,5943.625728760028,1000.0,0.05744123175449686,0.0
9863,1708038240000.0,0.0,0.0,0.0,4.908935120394107,0.0,0.0,5.248,0.9533662612544772,1.0,5948.286619040031,1000.0,5948.286619040031,1000.0,0.0,0.0
9864,1708041840000.0,0.0,0.0,0.0,4.908935120394107,0.0,0.0,5.2875,0.9533662612544772,1.0,5948.286619040031,1000.0,5948.286619040031,1000.0,0.0,0.0
9865,1708045440000.0,0.0,0.0,0.0,4.908935120394107,0.0,0.0,5.27935,0.9533662612544772,1.0,5948.286619040031,1000.0,5948.286619040031,1000.0,0.0,0.0
9866,1708049040000.0,0.0,0.0,0.0,4.908935120394107,0.0,0.0,5.2128,0.9533662612544772,1.0,5948.286619040031,1000.0,5948.286619040031,1000.0,0.0,0.0
9867,1708052640000.0,0.0,0.0,0.0,4.908935120394107,0.0,0.0,5.39245,0.9533662612544772,1.0,5948.286619040031,1000.0,5948.286619040031,1000.0,0.0,0.0
9868,1708056240000.0,0.0,0.0,0.0,4.908935120394107,0.0,0.0,5.4562,0.9533662612544772,1.0,5948.286619040031,1000.0,5948.286619040031,1000.0,0.0,0.0
9869,1708059840000.0,0.0,0.0,0.0,4.908935120394107,0.0,0.0,5.5175,0.9533662612544772,1.0,5948.286619040031,1000.0,5948.286619040031,1000.0,0.0,0.0
9870,1708063440000.0,0.0,0.0,0.0,4.908935120394107,0.0,0.0,5.54605,0.9533662612544772,1.0,5948.286619040031,1000.0,5948.286619040031,1000.0,0.0,0.0
9871,1708067040000.0,0.0,0.0,0.0,4.908935120394107,0.0,0.0,5.4528,0.9533662612544772,1.0,5948.286619040031,1000.0,5948.286619040031,1000.0,0.0,0.0
9872,1708070640000.0,0.0,0.0,41.0,5.3427,0.0,0.0,5.37675,0.9533662612544772,1.0,5948.997686534032,1000.0,5950.3937365340325,1000.0,0.0368214464927153,0.0
9873,1708074240000.0,0.0,0.0,4.2,5.3427,0.0,0.0,5.4482,0.9533662612544772,1.0,5951.760583706031,1000.0,5952.203683706031,1000.0,0.0037702020577628,0.0
9874,1708077840000.0,0.0,0.0,0.4,5.3427,0.0,0.0,5.5473,0.9533662612544772,1.0,5952.293365864033,1000.0,5952.375205864033,1000.0,0.00035903472302894167,0.0
9875,1708081440000.0,0.0,0.0,0.0,5.3427,0.0,0.0,5.6397,0.9533662612544772,1.0,5952.376881656034,1000.0,5952.376881656034,1000.0,0.0,0.0
9876,1708085040000.0,0.0,0.0,0.0,5.3427,0.0,0.0,5.58515,0.9533662612544772,1.0,5952.376881656034,1000.0,5952.376881656034,1000.0,0.0,0.0
9877,1708088640000.0,0.0,0.0,0.0,5.3427,0.0,0.0,5.61395,0.9533662612544772,1.0,5952.376881656034,1000.0,5952.376881656034,1000.0,0.0,0.0
9878,1708092240000.0,0.0,0.0,0.0,5.3427,0.0,0.0,5.5395,0.9533662612544772,1.0,5952.376881656034,1000.0,5952.376881656034,1000.0,0.0,0.0
9879,1708095840000.0,0.0,0.0,54.0,5.5069,0.0,0.0,5.41875,0.9533662612544772,1.0,5952.3174071360345,1000.0,5947.557307136034,1000.0,0.049959130143747026,0.0
9880,1708099440000.0,0.0,0.0,136.6,5.391284187408491,0.0,0.0,5.3316,0.9533662612544772,1.0,5952.229591772035,1000.0,5944.076731772035,1000.0,0.12372664875327026,0.0
9881,1708103040000.0,0.0,0.0,54.5,5.441526620725465,0.0,0.0,5.44015,0.9533662612544772,1.0,5959.26359429557,1000.0,5959.188568466033,1000.0,0.04976507518704479,0.0
9882,1708106640000.0,0.0,0.0,54.5,5.441526620725465,0.0,0.0,5.2879,0.9533662612544772,1.0,5959.26359429557,1000.0,5950.890943466033,1000.0,0.04976507518704479,0.0
9883,1708110240000.0,0.0,0.0,54.5,5.441526620725465,0.0,0.0,5.28095,0.9533662612544772,1.0,5959.26359429557,1000.0,5950.512168466033,1000.0,0.04976507518704479,0.0
9884,1708113840000.0,0.0,0.0,137.9,5.3272664309611155,0.0,0.0,5.2312,0.9533662612544772,1.0,5959.17598092757,1000.0,5945.928420098032,1000.0,0.12327711804127485,0.0
9885,1708117440000.0,0.0,0.0,137.9,5.3272664309611155,0.0,0.0,5.23635,0.9533662612544772,1.0,5959.17598092757,1000.0,5946.638605098032,1000.0,0.12327711804127485,0.0
9886,1708121040000.0,0.0,0.0,137.9,5.3272664309611155,0.0,0.0,5.2693,0.9533662612544772,1.0,5959.17598092757,1000.0,5951.182410098032,1000.0,0.12327711804127485,0.0
9887,1708124640000.0,0.0,0.0,137.9,5.3272664309611155,0.0,0.0,5.28335,0.9533662612544772,1.0,5959.17598092757,1000.0,5953.119905098032,1000.0,0.12327711804127485,0.0
9888,1708128240000.0,0.0,0.0,137.9,5.3272664309611155,0.0,0.0,5.284,0.9533662612544772,1.0,5959.17598092757,1000.0,5953.209540098032,1000.0,0.12327711804127485,0.0
9889,1708131840000.0,0.0,0.0,137.9,5.3272664309611155,0.0,0.0,5.2765,0.9533662612544772,1.0,5959.17598092757,1000.0,5952.175290098032,1000.0,0.12327711804127485,0.0
9890,1708135440000.0,0.0,0.0,137.9,5.3272664309611155,0.0,0.0,5.1933,0.9533662612544772,1.0,5959.17598092757,1000.0,5940.702010098032,1000.0,0.12327711804127485,0.0
9891,1708139040000.0,0.0,0.0,137.9,5.3272664309611155,0.0,0.0,5.2432,0.9533662612544772,1.0,5959.17598092757,1000.0,5947.583220098032,1000.0,0.12327711804127485,0.0
9892,1708142640000.0,0.0,0.0,137.9,5.3272664309611155,0.0,0.0,5.2463,0.9533662612544772,1.0,5959.17598092757,1000.0,5948.010710098032,1000.0,0.12327711804127485,0.0
9893,1708146240000.0,0.0,0.0,137.9,5.3272664309611155,0.0,0.0,5.19955,0.9533662612544772,1.0,5959.17598092757,1000.0,5941.563885098032,1000.0,0.12327711804127485,0.0
9894,1708149840000.0,0.0,0.0,137.9,5.3272664309611155,0.0,0.0,5.1797,0.9533662612544772,1.0,5959.17598092757,1000.0,5938.826570098032,1000.0,0.12327711804127485,0.0
9895,1708153440000.0,0.0,0.0,137.9,5.3272664309611155,0.0,0.0,5.2094,0.9533662612544772,1.0,5959.17598092757,1000.0,5942.922200098032,1000.0,0.12327711804127485,0.0
9896,1708157040000.0,0.0,0.0,137.9,5.3272664309611155,0.0,0.0,5.18415,0.9533662612544772,1.0,5959.17598092757,1000.0,5939.440225098032,1000.0,0.12327711804127485,0.0
9897,1708160640000.0,0.0,0.0,348.9,5.202222816937627,0.0,0.0,5.1283,0.9533662612544772,1.0,5958.95989582757,1000.0,5933.168224998032,1000.0,0.30459267599710305,0.0
9898,1708164240000.0,0.0,0.0,348.9,5.202222816937627,0.0,0.0,5.12255,0.9533662612544772,1.0,5958.95989582757,1000.0,5931.162049998033,1000.0,0.30459267599710305,0.0
9899,1708167840000.0,0.0,0.0,348.9,5.202222816937627,0.0,0.0,5.183,0.9533662612544772,1.0,5958.95989582757,1000.0,5952.253054998032,1000.0,0.30459267599710305,0.0
9900,1708171440000.0,0.0,0.0,299.1,5.202222816937627,0.0,0.0,5.202,0.9533662612544772,1.0,5961.5010067160765,1000.0,5961.434362170033,1000.0,0.2610055492388764,0.0
9901,1708175040000.0,0.0,0.0,188.4,5.202222816937627,0.0,0.0,5.16985,0.9533662612544772,1.0,5967.149620679082,1000.0,5961.050581968033,1000.0,0.1642490704966621,0.0
9902,1708178640000.0,0.0,0.0,188.4,5.202222816937627,0.0,0.0,5.1284,0.9533662612544772,1.0,5967.149620679082,1000.0,5953.241401968033,1000.0,0.1642490704966621,0.0
9903,1708182240000.0,0.0,0.0,188.4,5.202222816937627,0.0,0.0,5.16295,0.9533662612544772,1.0,5967.149620679082,1000.0,5959.750621968033,1000.0,0.1642490704966621,0.0
9904,1708185840000.0,0.0,0.0,65.0,5.202222816937627,0.0,0.0,5.29415,0.9533662612544772,1.0,5978.347488504978,1000.0,5984.322755404032,1000.0,0.05656153038128375,0.0
9905,1708189440000.0,0.0,0.0,15.9,5.202222816937627,0.0,0.0,5.4192,0.9533662612544772,1.0,5984.137943823341,1000.0,5987.587881034033,1000.0,0.013822432498349194,0.0
9906,1708193040000.0,0.0,0.0,0.0,5.202222816937627,0.0,0.0,5.5501,0.9533662612544772,1.0,5988.721357790032,1000.0,5988.721357790032,1000.0,0.0,0.0
9907,1708196640000.0,0.0,0.0,0.0,5.202222816937627,0.0,0.0,5.47205,0.9533662612544772,1.0,5988.721357790032,1000.0,5988.721357790032,1000.0,0.0,0.0
9908,1708200240000.0,0.0,0.0,0.0,5.202222816937627,0.0,0.0,5.5345,0.9533662612544772,1.0,5988.721357790032,1000.0,5988.721357790032,1000.0,0.0,0.0
9909,1708203840000.0,0.0,0.0,0.0,5.202222816937627,0.0,0.0,5.56485,0.9533662612544772,1.0,5988.721357790032,1000.0,5988.721357790032,1000.0,0.0,0.0
9910,1708207440000.0,0.0,0.0,0.0,5.202222816937627,0.0,0.0,5.5822,0.9533662612544772,1.0,5988.721357790032,1000.0,5988.721357790032,1000.0,0.0,0.0
9911,1708211040000.0,0.0,0.0,0.0,5.202222816937627,0.0,0.0,5.67455,0.9533662612544772,1.0,5988.721357790032,1000.0,5988.721357790032,1000.0,0.0,0.0
9912,1708214640000.0,0.0,0.0,0.0,5.202222816937627,0.0,0.0,5.6955,0.9533662612544772,1.0,5988.721357790032,1000.0,5988.721357790032,1000.0,0.0,0.0
9913,1708218240000.0,0.0,0.0,0.0,5.202222816937627,0.0,0.0,5.57435,0.9533662612544772,1.0,5988.721357790032,1000.0,5988.721357790032,1000.0,0.0,0.0
9914,1708221840000.0,0.0,0.0,54.1,5.5312,0.0,0.0,5.5586,0.9533662612544772,1.0,5988.661510206032,1000.0,5990.143850206032,1000.0,0.04996741249944266,0.0
9915,1708225440000.0,0.0,0.0,54.1,5.5312,0.0,0.0,5.5171,0.9533662612544772,1.0,5988.661510206032,1000.0,5987.898700206032,1000.0,0.04996741249944266,0.0
9916,1708229040000.0,0.0,0.0,17.3,5.5312,0.0,0.0,5.6622,0.9533662612544772,1.0,5992.750984372032,1000.0,5995.017284372032,1000.0,0.015967584878721127,0.0
9917,1708232640000.0,0.0,0.0,5.8,5.5312,0.0,0.0,5.6597,0.9533662612544772,1.0,5994.615837022032,1000.0,5995.3611370220315,1000.0,0.005351629007128667,0.0
9918,1708236240000.0,0.0,0.0,2.6,5.5312,0.0,0.0,5.6608,0.9533662612544772,1.0,5995.0861622620305,1000.0,5995.42312226203,1000.0,0.0023988179003208523,0.0
9919,1708239840000.0,0.0,0.0,0.5,5.5312,0.0,0.0,5.6891,0.9533662612544772,1.0,5995.41590273203,1000.0,5995.49485273203,1000.0,0.000461285763134423,0.0
9920,1708243440000.0,0.0,0.0,0.0,5.5312,0.0,0.0,5.7346,0.9533662612544772,1.0,5995.502382202033,1000.0,5995.502382202033,1000.0,0.0,0.0
9921,1708247040000.0,0.0,0.0,0.0,5.5312,0.0,0.0,5.69515,0.9533662612544772,1.0,5995.502382202033,1000.0,5995.502382202033,1000.0,0.0,0.0
9922,1708250640000.0,0.0,0.0,0.0,5.5312,0.0,0.0,5.69285,0.9533662612544772,1.0,5995.502382202033,1000.0,5995.502382202033,1000.0,0.0,0.0
9923,1708254240000.0,0.0,0.0,53.0,5.6532,0.0,0.0,5.654,0.9533662612544772,1.0,5995.442458282033,1000.0,5995.484858282033,1000.0,0.0499745601904842,0.0
9924,1708257840000.0,0.0,0.0,53.0,5.6532,0.0,0.0,5.63845,0.9533662612544772,1.0,5995.442458282033,1000.0,5994.660708282033,1000.0,0.0499745601904842,0.0
9925,1708261440000.0,0.0,0.0,53.0,5.6532,0.0,0.0,5.56975,0.9533662612544772,1.0,5995.442458282033,1000.0,5991.019608282033,1000.0,0.0499745601904842,0.0
9926,1708265040000.0,0.0,0.0,53.0,5.6532,0.0,0.0,5.5383,0.9533662612544772,1.0,5995.442458282033,1000.0,5989.3527582820325,1000.0,0.0499745601904842,0.0
9927,1708268640000.0,0.0,0.0,53.0,5.6532,0.0,0.0,5.54725,0.9533662612544772,1.0,5995.442458282033,1000.0,5989.827108282033,1000.0,0.0499745601904842,0.0
9928,1708272240000.0,0.0,0.0,53.0,5.6532,0.0,0.0,5.5202,0.9533662612544772,1.0,5995.442458282033,1000.0,5988.393458282033,1000.0,0.0499745601904842,0.0
9929,1708275840000.0,0.0,0.0,53.0,5.6532,0.0,0.0,5.6732,0.9533662612544772,1.0,5995.442458282033,1000.0,5996.502458282033,1000.0,0.0499745601904842,0.0
9930,1708279440000.0,0.0,0.0,6.3,5.6532,0.0,0.0,5.7285,0.9533662612544772,1.0,5998.032348750033,1000.0,5998.506738750033,1000.0,0.005937807255644772,0.0
9931,1708283040000.0,0.0,0.0,53.2,5.640841917293233,0.0,0.0,5.6512,0.9533662612544772,1.0,5998.176582672032,1000.0,5998.727632672032,1000.0,0.050030669464938705,0.0
9932,1708286640000.0,0.0,0.0,53.2,5.640841917293233,0.0,0.0,5.6729,0.9533662612544772,1.0,5998.176582672032,1000.0,5999.882072672032,1000.0,0.050030669464938705,0.0
9933,1708290240000.0,0.0,0.0,53.2,5.640841917293233,0.0,0.0,5.6385,0.9533662612544772,1.0,5998.176582672032,1000.0,5998.051992672032,1000.0,0.050030669464938705,0.0
9934,1708293840000.0,0.0,0.0,53.2,5.640841917293233,0.0,0.0,5.642,0.9533662612544772,1.0,5998.176582672032,1000.0,5998.238192672032,1000.0,0.050030669464938705,0.0
9935,1708297440000.0,0.0,0.0,19.6,5.640841917293233,0.0,0.0,5.81745,0.9533662612544772,1.0,6002.47939947498,1000.0,6005.940917896032,1000.0,0.018419138862620303,0.0
9936,1708301040000.0,0.0,0.0,0.4,5.640841917293233,0.0,0.0,5.88105,0.9533662612544772,1.0,6006.712722662953,1000.0,6006.808805896036,1000.0,0.00037563587124855754,0.0
9937,1708304640000.0,0.0,0.0,0.0,5.640841917293233,0.0,0.0,5.94955,0.9533662612544772,1.0,6006.822912496034,1000.0,6006.822912496034,1000.0,0.0,0.0
9938,1708308240000.0,0.0,0.0,0.0,5.640841917293233,0.0,0.0,5.93545,0.9533662612544772,1.0,6006.822912496034,1000.0,6006.822912496034,1000.0,0.0,0.0
9939,1708311840000.0,0.0,0.0,0.0,5.640841917293233,0.0,0.0,5.94555,0.9533662612544772,1.0,6006.822912496034,1000.0,6006.822912496034,1000.0,0.0,0.0
9940,1708315440000.0,0.0,0.0,0.0,5.640841917293233,0.0,0.0,6.0955,0.9533662612544772,1.0,6006.822912496034,1000.0,6006.822912496034,1000.0,0.0,0.0
9941,1708319040000.0,0.0,0.0,0.0,5.640841917293233,0.0,0.0,6.17295,0.9533662612544772,1.0,6006.822912496034,1000.0,6006.822912496034,1000.0,0.0,0.0
9942,1708322640000.0,0.0,0.0,0.0,5.640841917293233,0.0,0.0,6.14,0.9533662612544772,1.0,6006.822912496034,1000.0,6006.822912496034,1000.0,0.0,0.0
9943,1708326240000.0,0.0,0.0,0.0,5.640841917293233,0.0,0.0,6.17835,0.9533662612544772,1.0,6006.822912496034,1000.0,6006.822912496034,1000.0,0.0,0.0
9944,1708329840000.0,0.0,0.0,0.0,5.640841917293233,0.0,0.0,6.16165,0.9533662612544772,1.0,6006.822912496034,1000.0,6006.822912496034,1000.0,0.0,0.0
9945,1708333440000.0,0.0,0.0,49.7,6.0479,0.0,0.0,6.084,0.9533662612544772,1.0,6006.762796370034,1000.0,6008.556966370034,1000.0,0.050040369528433,0.0
9946,1708337040000.0,0.0,0.0,0.8,6.0479,0.0,0.0,6.30485,0.9533662612544772,1.0,6015.234211454036,1000.0,6015.439771454036,1000.0,0.000804344407868111,0.0
9947,1708340640000.0,0.0,0.0,0.0,6.0479,0.0,0.0,6.3832,0.9533662612544772,1.0,6015.464647500036,1000.0,6015.464647500036,1000.0,0.0,0.0
9948,1708344240000.0,0.0,0.0,0.0,6.0479,0.0,0.0,6.3504,0.9533662612544772,1.0,6015.464647500036,1000.0,6015.464647500036,1000.0,0.0,0.0
9949,1708347840000.0,0.0,0.0,0.0,6.0479,0.0,0.0,6.2847,0.9533662612544772,1.0,6015.464647500036,1000.0,6015.464647500036,1000.0,0.0,0.0
9950,1708351440000.0,0.0,0.0,48.4,6.2098,0.0,0.0,6.17605,0.9533662612544772,1.0,6015.404536636036,1000.0,6013.771036636036,1000.0,0.04996410767879586,0.0
9951,1708355040000.0,0.0,0.0,48.4,6.2098,0.0,0.0,6.20465,0.9533662612544772,1.0,6015.404536636036,1000.0,6015.155276636036,1000.0,0.04996410767879586,0.0
9952,1708358640000.0,0.0,0.0,48.4,6.2098,0.0,0.0,6.0694,0.9533662612544772,1.0,6015.404536636036,1000.0,6008.609176636036,1000.0,0.04996410767879586,0.0
9953,1708362240000.0,0.0,0.0,122.5,6.079323510204081,0.0,0.0,5.99105,0.9533662612544772,1.0,6015.315704074036,1000.0,6004.502199074036,1000.0,0.12380349870840862,0.0
9954,1708365840000.0,0.0,0.0,122.5,6.079323510204081,0.0,0.0,6.02495,0.9533662612544772,1.0,6015.315704074036,1000.0,6008.654949074036,1000.0,0.12380349870840862,0.0
9955,1708369440000.0,0.0,0.0,77.2,6.079323510204081,0.0,0.0,6.1845,0.9533662612544772,1.0,6018.017778849791,1000.0,6026.137403862036,1000.0,0.07798643876347201,0.0
9956,1708373040000.0,0.0,0.0,10.8,6.079323510204081,0.0,0.0,6.284,0.9533662612544772,1.0,6028.311249100241,1000.0,6030.521755190037,1000.0,0.010891390838521104,0.0
9957,1708376640000.0,0.0,0.0,4.7,6.079323510204081,0.0,0.0,6.2104,0.9533662612544772,1.0,6029.345060625995,1000.0,6029.961120128036,1000.0,0.004738959241950007,0.0
9958,1708380240000.0,0.0,0.0,30.9,6.165845361545845,0.0,0.0,6.22765,0.9533662612544772,1.0,6030.589735019803,1000.0,6032.4994983480365,1000.0,0.03159303319298688,0.0
9959,1708383840000.0,0.0,0.0,5.2,6.165845361545845,0.0,0.0,6.361,0.9533662612544772,1.0,6033.532591754075,1000.0,6034.547395874037,1000.0,0.005314033759237087,0.0
9960,1708387440000.0,0.0,0.0,1.2,6.165845361545845,0.0,0.0,6.32355,0.9533662612544772,1.0,6034.285825967892,1000.0,6034.475071534037,1000.0,0.0012261624071591307,0.0
9961,1708391040000.0,0.0,0.0,41.5,6.23175078811195,0.0,0.0,6.2644,0.9533662612544772,1.0,6034.743997270686,1000.0,6036.09893956404,1000.0,0.042854785194468906,0.0
9962,1708394640000.0,0.0,0.0,48.4,6.232872192484002,0.0,0.0,6.16725,0.9533662612544772,1.0,6035.387686654266,1000.0,6032.21157253804,1000.0,0.04998370109401502,0.0
9963,1708398240000.0,0.0,0.0,48.4,6.232872192484002,0.0,0.0,6.1567,0.9533662612544772,1.0,6035.387686654266,1000.0,6031.70095253804,1000.0,0.04998370109401502,0.0
9964,1708401840000.0,0.0,0.0,122.5,6.1019286050304125,0.0,0.0,5.96595,0.9533662612544772,1.0,6035.298523606266,1000.0,6018.6411444900405,1000.0,0.12385240782912935,0.0
9965,1708405440000.0,0.0,0.0,122.5,6.1019286050304125,0.0,0.0,6.0558,0.9533662612544772,1.0,6035.298523606266,1000.0,6029.64776949004,1000.0,0.12385240782912935,0.0
9966,1708409040000.0,0.0,0.0,122.5,6.1019286050304125,0.0,0.0,6.0714,0.9533662612544772,1.0,6035.298523606266,1000.0,6031.5587694900405,1000.0,0.12385240782912935,0.0
9967,1708412640000.0,0.0,0.0,122.5,6.1019286050304125,0.0,0.0,6.06385,0.9533662612544772,1.0,6035.298523606266,1000.0,6030.633894490041,1000.0,0.12385240782912935,0.0
9968,1708416240000.0,0.0,0.0,122.5,6.1019286050304125,0.0,0.0,6.0525,0.9533662612544772,1.0,6035.298523606266,1000.0,6029.243519490041,1000.0,0.12385240782912935,0.0
9969,1708419840000.0,0.0,0.0,122.5,6.1019286050304125,0.0,0.0,6.07475,0.9533662612544772,1.0,6035.298523606266,1000.0,6031.96914449004,1000.0,0.12385240782912935,0.0
9970,1708423440000.0,0.0,0.0,122.5,6.1019286050304125,0.0,0.0,6.13295,0.9533662612544772,1.0,6035.298523606266,1000.0,6039.09864449004,1000.0,0.12385240782912935,0.0
9971,1708427040000.0,0.0,0.0,62.5,6.1019286050304125,0.0,0.0,6.20555,0.9533662612544772,1.0,6040.52477405444,1000.0,6047.001111240039,1000.0,0.06313533212420258,0.0
9972,1708430640000.0,0.0,0.0,17.6,6.1019286050304125,0.0,0.0,6.2052,0.9533662612544772,1.0,6045.882551638573,1000.0,6047.7001281900375,1000.0,0.01776315410219622,0.0
9973,1708434240000.0,0.0,0.0,3.0,6.1019286050304125,0.0,0.0,6.2059,0.9533662612544772,1.0,6047.743900465127,1000.0,6048.055814650035,1000.0,0.0030268784717691756,0.0
9974,1708437840000.0,0.0,0.0,41.9,6.153436690683829,0.0,0.0,6.19115,0.9533662612544772,1.0,6048.164897475688,1000.0,6049.745085136035,1000.0,0.04262929363041376,0.0
9975,1708441440000.0,0.0,0.0,41.9,6.153436690683829,0.0,0.0,5.9798,0.9533662612544772,1.0,6048.164897475688,1000.0,6040.889520136036,1000.0,0.04262929363041376,0.0
9976,1708445040000.0,0.0,0.0,229.9,5.887871653018838,0.0,0.0,5.9311,0.9533662612544772,1.0,6050.112041041068,1000.0,6060.050238012037,1000.0,0.2237349794262831,0.0
9977,1708448640000.0,0.0,0.0,50.0,6.04948956445457,0.0,0.0,6.0752,0.9533662612544772,1.0,6091.168351994765,1000.0,6092.453873772036,1000.0,0.0496578752619229,0.0
9978,1708452240000.0,0.0,0.0,27.1,6.04948956445457,0.0,0.0,6.0891,0.9533662612544772,1.0,6092.526057168754,1000.0,6093.599499972035,1000.0,0.02690857054338207,0.0
9979,1708455840000.0,0.0,0.0,50.1,6.064093157619138,0.0,0.0,6.02895,0.9533662612544772,1.0,6092.498083188754,1000.0,6090.737410992036,1000.0,0.049866419824576624,0.0
9980,1708459440000.0,0.0,0.0,50.2,6.066982819046736,0.0,0.0,6.06525,0.9533662612544772,1.0,6093.267084536182,1000.0,6093.180097020036,1000.0,0.049983454408076285,0.0
9981,1708463040000.0,0.0,0.0,50.1,6.0774374843451815,0.0,0.0,6.08785,0.9533662612544772,1.0,6094.82895806973,1000.0,6095.350625104036,1000.0,0.04995704064222405,0.0
9982,1708466640000.0,0.0,0.0,10.2,6.0774374843451815,0.0,0.0,6.19295,0.9533662612544772,1.0,6099.153039802358,1000.0,6100.331267462037,1000.0,0.01016368370096344,0.0
9983,1708470240000.0,0.0,0.0,0.0,6.0774374843451815,0.0,0.0,6.48695,0.9533662612544772,1.0,6101.581681184037,1000.0,6101.581681184037,1000.0,0.0,0.0
9984,1708473840000.0,0.0,0.0,0.0,6.0774374843451815,0.0,0.0,6.4856,0.9533662612544772,1.0,6101.581681184037,1000.0,6101.581681184037,1000.0,0.0,0.0
9985,1708477440000.0,0.0,0.0,0.0,6.0774374843451815,0.0,0.0,6.57865,0.9533662612544772,1.0,6101.581681184037,1000.0,6101.581681184037,1000.0,0.0,0.0
9986,1708481040000.0,0.0,0.0,0.0,6.0774374843451815,0.0,0.0,6.46185,0.9533662612544772,1.0,6101.581681184037,1000.0,6101.581681184037,1000.0,0.0,0.0
9987,1708484640000.0,0.0,0.0,48.1,6.3369,0.0,0.0,6.36055,0.9533662612544772,1.0,6101.5207202060365,1000.0,6102.658285206036,1000.0,0.0499555609129698,0.0
9988,1708488240000.0,0.0,0.0,21.2,6.3369,0.0,0.0,6.51915,0.9533662612544772,1.0,6103.761112696037,1000.0,6107.624812696037,1000.0,0.022009753907400363,0.0
9989,1708491840000.0,0.0,0.0,47.9,6.366150939457203,0.0,0.0,6.3813,0.9533662612544772,1.0,6106.334262862037,1000.0,6107.059902862036,1000.0,0.049938083451244834,0.0
9990,1708495440000.0,0.0,0.0,47.9,6.366150939457203,0.0,0.0,6.2652,0.9533662612544772,1.0,6106.334262862037,1000.0,6101.498712862037,1000.0,0.049938083451244834,0.0
9991,1708499040000.0,0.0,0.0,47.9,6.366150939457203,0.0,0.0,6.22575,0.9533662612544772,1.0,6106.334262862037,1000.0,6099.609057862037,1000.0,0.049938083451244834,0.0
9992,1708502640000.0,0.0,0.0,47.9,6.366150939457203,0.0,0.0,6.23645,0.9533662612544772,1.0,6106.334262862037,1000.0,6100.121587862037,1000.0,0.049938083451244834,0.0
9993,1708506240000.0,0.0,0.0,47.9,6.366150939457203,0.0,0.0,6.28685,0.9533662612544772,1.0,6106.334262862037,1000.0,6102.535747862036,1000.0,0.049938083451244834,0.0
9994,1708509840000.0,0.0,0.0,121.2,6.232462541254125,0.0,0.0,6.1627,0.9533662612544772,1.0,6106.244175696037,1000.0,6097.788955696037,1000.0,0.12370524962079436,0.0
9995,1708513440000.0,0.0,0.0,121.2,6.232462541254125,0.0,0.0,6.18465,0.9533662612544772,1.0,6106.244175696037,1000.0,6100.449295696038,1000.0,0.12370524962079436,0.0
9996,1708517040000.0,0.0,0.0,121.2,6.232462541254125,0.0,0.0,6.0219,0.9533662612544772,1.0,6106.244175696037,1000.0,6080.723995696037,1000.0,0.12370524962079436,0.0
9997,1708520640000.0,0.0,0.0,193.2,6.086117411150962,0.0,0.0,6.155,0.9533662612544772,1.0,6112.792565080403,1000.0,6126.100681246037,1000.0,0.1923569091075316,0.0
9998,1708524240000.0,0.0,0.0,121.8,6.086117411150962,0.0,0.0,6.00735,0.9533662612544772,1.0,6117.051802764225,1000.0,6107.4579320860375,1000.0,0.12118404822780923,0.0
9999,1708527840000.0,0.0,0.0,121.8,6.086117411150962,0.0,0.0,6.00975,0.9533662612544772,1.0,6117.051802764225,1000.0,6107.750252086038,1000.0,0.12118404822780923,0.0
10000,1708531440000.0,0.0,0.0,48.5,6.086117411150962,0.0,0.0,6.12065,0.9533662612544772,1.0,6121.4243815068585,1000.0,6123.099212066037,1000.0,0.04822026313558096,0.0
10001,1708535040000.0,0.0,0.0,7.1,6.096386083457475,0.0,0.0,6.272,0.9533662612544772,1.0,6127.787329828585,1000.0,6129.034188636037,1000.0,0.007063616744962799,0.0
10002,1708538640000.0,0.0,0.0,49.8,6.1522551422381015,0.0,0.0,6.15545,0.9533662612544772,1.0,6128.758212227492,1000.0,6128.917316144034,1000.0,0.04999092727662086,0.0
10003,1708542240000.0,0.0,0.0,49.8,6.1522551422381015,0.0,0.0,6.20775,0.9533662612544772,1.0,6128.758212227492,1000.0,6131.521856144034,1000.0,0.04999092727662086,0.0
10004,1708545840000.0,0.0,0.0,5.8,6.1522551422381015,0.0,0.0,6.2542,0.9533662612544772,1.0,6133.172082343013,1000.0,6133.763362518032,1000.0,0.005818046411531506,0.0
10005,1708549440000.0,0.0,0.0,23.2,6.176203446389882,0.0,0.0,6.2262,0.9533662612544772,1.0,6134.97808640828,1000.0,6136.138006452035,1000.0,0.02335589759867147,0.0
10006,1708553040000.0,0.0,0.0,0.0,6.176203446389882,0.0,0.0,6.5458,0.9533662612544772,1.0,6139.703977768032,1000.0,6139.703977768032,1000.0,0.0,0.0
10007,1708556640000.0,0.0,0.0,0.0,6.176203446389882,0.0,0.0,6.84285,0.9533662612544772,1.0,6139.703977768032,1000.0,6139.703977768032,1000.0,0.0,0.0
10008,1708560240000.0,0.0,0.0,0.0,6.176203446389882,0.0,0.0,6.91255,0.9533662612544772,1.0,6139.703977768032,1000.0,6139.703977768032,1000.0,0.0,0.0
10009,1708563840000.0,0.0,0.0,0.0,6.176203446389882,0.0,0.0,6.9077,0.9533662612544772,1.0,6139.703977768032,1000.0,6139.703977768032,1000.0,0.0,0.0
10010,1708567440000.0,0.0,0.0,0.0,6.176203446389882,0.0,0.0,6.7727,0.9533662612544772,1.0,6139.703977768032,1000.0,6139.703977768032,1000.0,0.0,0.0
10011,1708571040000.0,0.0,0.0,0.0,6.176203446389882,0.0,0.0,6.8371,0.9533662612544772,1.0,6139.703977768032,1000.0,6139.703977768032,1000.0,0.0,0.0
10012,1708574640000.0,0.0,0.0,0.0,6.176203446389882,0.0,0.0,7.03575,0.9533662612544772,1.0,6139.703977768032,1000.0,6139.703977768032,1000.0,0.0,0.0
10013,1708578240000.0,0.0,0.0,0.0,6.176203446389882,0.0,0.0,7.0671,0.9533662612544772,1.0,6139.703977768032,1000.0,6139.703977768032,1000.0,0.0,0.0
10014,1708581840000.0,0.0,0.0,0.0,6.176203446389882,0.0,0.0,7.3773,0.9533662612544772,1.0,6139.703977768032,1000.0,6139.703977768032,1000.0,0.0,0.0
10015,1708585440000.0,0.0,0.0,0.0,6.176203446389882,0.0,0.0,7.418,0.9533662612544772,1.0,6139.703977768032,1000.0,6139.703977768032,1000.0,0.0,0.0
10016,1708589040000.0,0.0,0.0,0.0,6.176203446389882,0.0,0.0,7.45725,0.9533662612544772,1.0,6139.703977768032,1000.0,6139.703977768032,1000.0,0.0,0.0
10017,1708592640000.0,0.0,0.0,0.0,6.176203446389882,0.0,0.0,7.4529,0.9533662612544772,1.0,6139.703977768032,1000.0,6139.703977768032,1000.0,0.0,0.0
10018,1708596240000.0,0.0,0.0,0.0,6.176203446389882,0.0,0.0,7.293,0.9533662612544772,1.0,6139.703977768032,1000.0,6139.703977768032,1000.0,0.0,0.0
10019,1708599840000.0,0.0,0.0,0.0,6.176203446389882,0.0,0.0,7.27005,0.9533662612544772,1.0,6139.703977768032,1000.0,6139.703977768032,1000.0,0.0,0.0
10020,1708603440000.0,0.0,0.0,0.0,6.176203446389882,0.0,0.0,7.2253,0.9533662612544772,1.0,6139.703977768032,1000.0,6139.703977768032,1000.0,0.0,0.0
10021,1708607040000.0,0.0,0.0,42.6,7.201247887323943,0.0,0.0,7.22305,0.9533662612544772,1.0,6140.720672992031,1000.0,6141.649442992031,1000.0,0.04995719172657409,0.0
10022,1708610640000.0,0.0,0.0,42.6,7.201247887323943,0.0,0.0,7.23725,0.9533662612544772,1.0,6140.720672992031,1000.0,6142.254362992031,1000.0,0.04995719172657409,0.0
10023,1708614240000.0,0.0,0.0,7.6,7.201247887323943,0.0,0.0,7.4502,0.9533662612544772,1.0,6144.421587785694,1000.0,6146.313623842032,1000.0,0.00890718241932764,0.0
10024,1708617840000.0,0.0,0.0,0.0,7.201247887323943,0.0,0.0,7.6601,0.9533662612544772,1.0,6146.553619264036,1000.0,6146.553619264036,1000.0,0.0,0.0
10025,1708621440000.0,0.0,0.0,0.0,7.201247887323943,0.0,0.0,7.61805,0.9533662612544772,1.0,6146.553619264036,1000.0,6146.553619264036,1000.0,0.0,0.0
10026,1708625040000.0,0.0,0.0,0.0,7.201247887323943,0.0,0.0,7.61955,0.9533662612544772,1.0,6146.553619264036,1000.0,6146.553619264036,1000.0,0.0,0.0
10027,1708628640000.0,0.0,0.0,0.0,7.201247887323943,0.0,0.0,7.74765,0.9533662612544772,1.0,6146.553619264036,1000.0,6146.553619264036,1000.0,0.0,0.0
10028,1708632240000.0,0.0,0.0,0.0,7.201247887323943,0.0,0.0,7.80385,0.9533662612544772,1.0,6146.553619264036,1000.0,6146.553619264036,1000.0,0.0,0.0
10029,1708635840000.0,0.0,0.0,0.0,7.201247887323943,0.0,0.0,7.80905,0.9533662612544772,1.0,6146.553619264036,1000.0,6146.553619264036,1000.0,0.0,0.0
10030,1708639440000.0,0.0,0.0,0.0,7.201247887323943,0.0,0.0,7.7169,0.9533662612544772,1.0,6146.553619264036,1000.0,6146.553619264036,1000.0,0.0,0.0
10031,1708643040000.0,0.0,0.0,34.8,7.595,0.0,0.0,7.5673,0.9533662612544772,1.0,6146.916554824036,1000.0,6145.952594824036,1000.0,0.04299814348261737,0.0
10032,1708646640000.0,0.0,0.0,34.8,7.595,0.0,0.0,7.3745,0.9533662612544772,1.0,6146.916554824036,1000.0,6139.2431548240365,1000.0,0.04299814348261737,0.0
10033,1708650240000.0,0.0,0.0,34.8,7.595,0.0,0.0,7.545,0.9533662612544772,1.0,6146.916554824036,1000.0,6145.176554824036,1000.0,0.04299814348261737,0.0
10034,1708653840000.0,0.0,0.0,34.8,7.595,0.0,0.0,7.5063,0.9533662612544772,1.0,6146.916554824036,1000.0,6143.829794824036,1000.0,0.04299814348261737,0.0
10035,1708657440000.0,0.0,0.0,34.8,7.595,0.0,0.0,7.47005,0.9533662612544772,1.0,6146.916554824036,1000.0,6142.5682948240365,1000.0,0.04299814348261737,0.0
10036,1708661040000.0,0.0,0.0,15.5,7.595,0.0,0.0,7.6782,0.9533662612544772,1.0,6148.842706952037,1000.0,6150.132306952037,1000.0,0.01914547267031241,0.0
10037,1708664640000.0,0.0,0.0,40.7,7.5678692874692866,0.0,0.0,7.587,0.9533662612544772,1.0,6148.965131956036,1000.0,6149.743751956036,1000.0,0.05009172655724895,0.0
10038,1708668240000.0,0.0,0.0,34.9,7.566215879963053,0.0,0.0,7.63495,0.9533662612544772,1.0,6151.161577280747,1000.0,6153.560398070037,1000.0,0.04292862915290942,0.0
10039,1708671840000.0,0.0,0.0,1.1,7.566215879963053,0.0,0.0,7.84755,0.9533662612544772,1.0,6157.9805486199975,1000.0,6158.290016152038,1000.0,0.0013515530622818395,0.0
10040,1708675440000.0,0.0,0.0,40.4,7.61611726653441,0.0,0.0,7.64135,0.9533662612544772,1.0,6160.046263030028,1000.0,6161.065665462038,1000.0,0.04994948486257664,0.0
10041,1708679040000.0,0.0,0.0,40.4,7.618113362964283,0.0,0.0,7.52665,0.9533662612544772,1.0,6161.391674221795,1000.0,6157.696554358038,1000.0,0.04995166613922976,0.0
10042,1708682640000.0,0.0,0.0,25.6,7.618113362964283,0.0,0.0,7.7019,0.9533662612544772,1.0,6162.496461321924,1000.0,6164.641399230038,1000.0,0.03164686638214327,0.0
10043,1708686240000.0,0.0,0.0,0.7,7.618113362964283,0.0,0.0,7.94435,0.9533662612544772,1.0,6165.530205920111,1000.0,6165.758571566036,1000.0,0.0008649182107573791,0.0
10044,1708689840000.0,0.0,0.0,0.0,7.618113362964283,0.0,0.0,7.95165,0.9533662612544772,1.0,6165.701455560034,1000.0,6165.701455560034,1000.0,0.0,0.0
10045,1708693440000.0,0.0,0.0,40.0,7.7099,0.0,0.0,7.75335,0.9533662612544772,1.0,6165.639776360034,1000.0,6167.377776360035,1000.0,0.050018491379018835,0.0
10046,1708697040000.0,0.0,0.0,7.1,7.7099,0.0,0.0,7.94305,0.9533662612544772,1.0,6169.637975270033,1000.0,6171.293340270033,1000.0,0.00887252869932034,0.0
10047,1708700640000.0,0.0,0.0,39.7,7.7678,0.0,0.0,7.7717,0.9533662612544772,1.0,6171.655312804032,1000.0,6171.810142804033,1000.0,0.04996741463513291,0.0
10048,1708704240000.0,0.0,0.0,254.3,7.4259944946913095,0.0,0.0,7.24955,0.9533662612544772,1.0,6171.339303056033,1000.0,6126.469468056033,1000.0,0.30600009289148206,0.0
10049,1708707840000.0,0.0,0.0,254.3,7.4259944946913095,0.0,0.0,7.3278,0.9533662612544772,1.0,6171.339303056033,1000.0,6146.368443056032,1000.0,0.30600009289148206,0.0
10050,1708711440000.0,0.0,0.0,46.9,7.4259944946913095,0.0,0.0,7.57435,0.9533662612544772,1.0,6200.747790113056,1000.0,6207.705663312034,1000.0,0.05616728071997141,0.0
10051,1708715040000.0,0.0,0.0,23.2,7.5439628154271166,0.0,0.0,7.61635,0.9533662612544772,1.0,6209.269405351943,1000.0,6210.948788034034,1000.0,0.02818688091823726,0.0
10052,1708718640000.0,0.0,0.0,40.9,7.580190196730317,0.0,0.0,7.48465,0.9533662612544772,1.0,6211.044230134304,1000.0,6207.136636088034,1000.0,0.04991588653355413,0.0
10053,1708722240000.0,0.0,0.0,30.1,7.580190196730317,0.0,0.0,7.6615,0.9533662612544772,1.0,6211.8464390496165,1000.0,6214.293864128034,1000.0,0.03673041939467044,0.0
10054,1708725840000.0,0.0,0.0,41.0,7.580644754184941,0.0,0.0,7.4449,0.9533662612544772,1.0,6211.829910507617,1000.0,6206.2643755860345,1000.0,0.05003460162291923,0.0
10055,1708729440000.0,0.0,0.0,41.0,7.580644754184941,0.0,0.0,7.3246,0.9533662612544772,1.0,6211.829910507617,1000.0,6201.332075586034,1000.0,0.05003460162291923,0.0
10056,1708733040000.0,0.0,0.0,103.7,7.4214794110085105,0.0,0.0,7.3661,0.9533662612544772,1.0,6211.738150311617,1000.0,6205.995305390034,1000.0,0.12389566274344235,0.0
10057,1708736640000.0,0.0,0.0,103.7,7.4214794110085105,0.0,0.0,7.1657,0.9533662612544772,1.0,6211.738150311617,1000.0,6185.213825390034,1000.0,0.12389566274344235,0.0
10058,1708740240000.0,0.0,0.0,262.4,7.247127495890179,0.0,0.0,7.0484,0.9533662612544772,1.0,6211.5117425436165,1000.0,6159.365647622034,1000.0,0.30614870159496116,0.0
10059,1708743840000.0,0.0,0.0,262.4,7.247127495890179,0.0,0.0,7.0396,0.9533662612544772,1.0,6211.5117425436165,1000.0,6157.056527622034,1000.0,0.30614870159496116,0.0
10060,1708747440000.0,0.0,0.0,262.4,7.247127495890179,0.0,0.0,7.04255,0.9533662612544772,1.0,6211.5117425436165,1000.0,6157.830607622033,1000.0,0.30614870159496116,0.0
10061,1708751040000.0,0.0,0.0,262.4,7.247127495890179,0.0,0.0,7.07805,0.9533662612544772,1.0,6211.5117425436165,1000.0,6167.145807622033,1000.0,0.30614870159496116,0.0
10062,1708754640000.0,0.0,0.0,262.4,7.247127495890179,0.0,0.0,7.1133,0.9533662612544772,1.0,6211.5117425436165,1000.0,6176.395407622033,1000.0,0.30614870159496116,0.0
10063,1708758240000.0,0.0,0.0,262.4,7.247127495890179,0.0,0.0,7.0624,0.9533662612544772,1.0,6211.5117425436165,1000.0,6163.039247622034,1000.0,0.30614870159496116,0.0
10064,1708761840000.0,0.0,0.0,262.4,7.247127495890179,0.0,0.0,7.0106,0.9533662612544772,1.0,6211.5117425436165,1000.0,6149.446927622033,1000.0,0.30614870159496116,0.0
10065,1708765440000.0,0.0007762880589907347,0.0,887.7,6.9971149204929395,0.0,0.0,6.9056,0.9533662612544772,1.0,6210.649804011617,1000.0,6129.412009090034,1000.0,1.0001109563301285,0.0
10066,1708769040000.0,0.0,0.0,753.4,6.9971149204929395,0.0,0.0,7.02885,0.9533662612544772,1.0,6219.684772731415,1000.0,6243.593981632035,1000.0,0.8475713116863174,0.0
10067,1708772640000.0,0.0,0.0,538.2,6.9971149204929395,0.0,0.0,7.0495,0.9533662612544772,1.0,6241.789004041334,1000.0,6269.982653832034,1000.0,0.6033281880837449,0.0
10068,1708776240000.0,0.0,0.0,36.7,6.9971149204929395,0.0,0.0,7.14345,0.9533662612544772,1.0,6284.392537986127,1000.0,6289.763035404036,1000.0,0.04086220203940064,0.0
10069,1708779840000.0,0.0,0.0,3.2,6.9971149204929395,0.0,0.0,7.15065,0.9533662612544772,1.0,6289.776231147613,1000.0,6290.267543402035,1000.0,0.0035598671435552896,0.0
10070,1708783440000.0,0.0,0.0,0.7,6.9971149204929395,0.0,0.0,7.1317,0.9533662612544772,1.0,6290.282263362381,1000.0,6290.376472918036,1000.0,0.0007786582921522049,0.0
10071,1708787040000.0,0.0,0.0,12.0,7.106145485166177,0.0,0.0,7.21665,0.9533662612544772,1.0,6293.565398150031,1000.0,6294.891452328036,1000.0,0.013549354050894587,0.0
10072,1708790640000.0,0.0,0.0,1.3,7.106145485166177,0.0,0.0,7.3417,0.9533662612544772,1.0,6295.2747893187525,1000.0,6295.581010188036,1000.0,0.0014674481162268258,0.0
10073,1708794240000.0,0.0,0.0,0.0,7.106145485166177,0.0,0.0,7.51935,0.9533662612544772,1.0,6295.732910578035,1000.0,6295.732910578035,1000.0,0.0,0.0
10074,1708797840000.0,0.0,0.0,0.0,7.106145485166177,0.0,0.0,7.3794,0.9533662612544772,1.0,6295.732910578035,1000.0,6295.732910578035,1000.0,0.0,0.0
10075,1708801440000.0,0.0,0.0,0.0,7.106145485166177,0.0,0.0,7.3905,0.9533662612544772,1.0,6295.732910578035,1000.0,6295.732910578035,1000.0,0.0,0.0
10076,1708805040000.0,0.0,0.0,0.0,7.106145485166177,0.0,0.0,7.3287,0.9533662612544772,1.0,6295.732910578035,1000.0,6295.732910578035,1000.0,0.0,0.0
10077,1708808640000.0,0.0,0.0,0.0,7.106145485166177,0.0,0.0,7.33155,0.9533662612544772,1.0,6295.732910578035,1000.0,6295.732910578035,1000.0,0.0,0.0
10078,1708812240000.0,0.0,0.0,43.0,7.3133,0.0,0.0,7.32,0.9533662612544772,1.0,6295.670016198035,1000.0,6295.958116198035,1000.0,0.04995050553648777,0.0
10079,1708815840000.0,0.0,0.0,43.0,7.3133,0.0,0.0,7.2352,0.9533662612544772,1.0,6295.670016198035,1000.0,6292.311716198035,1000.0,0.04995050553648777,0.0
10080,1708819440000.0,0.0,0.0,43.0,7.3133,0.0,0.0,7.2106,0.9533662612544772,1.0,6295.670016198035,1000.0,6291.253916198035,1000.0,0.04995050553648777,0.0
10081,1708823040000.0,0.0,0.0,31.7,7.3133,0.0,0.0,7.4468,0.9533662612544772,1.0,6296.480482708036,1000.0,6300.712432708036,1000.0,0.03681923745125184,0.0
10082,1708826640000.0,0.0,0.0,5.7,7.3133,0.0,0.0,7.5421,0.9533662612544772,1.0,6301.206860476033,1000.0,6302.511020476033,1000.0,0.006615527933461748,0.0
10083,1708830240000.0,0.0,0.0,1.6,7.3133,0.0,0.0,7.50645,0.9533662612544772,1.0,6302.071729362033,1000.0,6302.380769362033,1000.0,0.0018567354518487108,0.0
10084,1708833840000.0,0.0,0.0,0.6,7.3133,0.0,0.0,7.51075,0.9533662612544772,1.0,6302.250480652035,1000.0,6302.368950652035,1000.0,0.0006962560459110817,0.0
10085,1708837440000.0,0.0,0.0,0.0,7.3133,0.0,0.0,7.58165,0.9533662612544772,1.0,6302.379117148036,1000.0,6302.379117148036,1000.0,0.0,0.0
10086,1708841040000.0,0.0,0.0,0.0,7.3133,0.0,0.0,7.5808,0.9533662612544772,1.0,6302.379117148036,1000.0,6302.379117148036,1000.0,0.0,0.0
10087,1708844640000.0,0.0,0.0,0.0,7.3133,0.0,0.0,7.525,0.9533662612544772,1.0,6302.379117148036,1000.0,6302.379117148036,1000.0,0.0,0.0
10088,1708848240000.0,0.0,0.0,0.0,7.3133,0.0,0.0,7.63865,0.9533662612544772,1.0,6302.379117148036,1000.0,6302.379117148036,1000.0,0.0,0.0
10089,1708851840000.0,0.0,0.0,0.0,7.3133,0.0,0.0,7.6264,0.9533662612544772,1.0,6302.379117148036,1000.0,6302.379117148036,1000.0,0.0,0.0
10090,1708855440000.0,0.0,0.0,41.8,7.5393,0.0,0.0,7.5521,0.9533662612544772,1.0,6302.316088600036,1000.0,6302.851128600036,1000.0,0.05000427391606823,0.0
10091,1708859040000.0,0.0,0.0,41.8,7.5393,0.0,0.0,7.52535,0.9533662612544772,1.0,6302.316088600036,1000.0,6301.732978600036,1000.0,0.05000427391606823,0.0
10092,1708862640000.0,0.0,0.0,41.8,7.5393,0.0,0.0,7.45515,0.9533662612544772,1.0,6302.316088600036,1000.0,6298.798618600036,1000.0,0.05000427391606823,0.0
10093,1708866240000.0,0.0,0.0,41.8,7.5393,0.0,0.0,7.53775,0.9533662612544772,1.0,6302.316088600036,1000.0,6302.251298600036,1000.0,0.05000427391606823,0.0
10094,1708869840000.0,0.0,0.0,41.8,7.5393,0.0,0.0,7.41925,0.9533662612544772,1.0,6302.316088600036,1000.0,6297.297998600036,1000.0,0.05000427391606823,0.0
10095,1708873440000.0,0.0,0.0,41.8,7.5393,0.0,0.0,7.3063,0.9533662612544772,1.0,6302.316088600036,1000.0,6292.576688600036,1000.0,0.05000427391606823,0.0
10096,1708877040000.0,0.0,0.0,105.8,7.380933270321361,0.0,0.0,7.21935,0.9533662612544772,1.0,6302.222936600036,1000.0,6285.1274266000355,1000.0,0.12390909491076912,0.0
10097,1708880640000.0,0.0,0.0,105.8,7.380933270321361,0.0,0.0,7.2498,0.9533662612544772,1.0,6302.222936600036,1000.0,6288.349036600036,1000.0,0.12390909491076912,0.0
10098,1708884240000.0,0.0,0.0,105.8,7.380933270321361,0.0,0.0,7.27,0.9533662612544772,1.0,6302.222936600036,1000.0,6290.486196600035,1000.0,0.12390909491076912,0.0
10099,1708887840000.0,0.0,0.0,105.8,7.380933270321361,0.0,0.0,7.31,0.9533662612544772,1.0,6302.222936600036,1000.0,6294.718196600035,1000.0,0.12390909491076912,0.0
10100,1708891440000.0,0.0,0.0,105.8,7.380933270321361,0.0,0.0,7.32435,0.9533662612544772,1.0,6302.222936600036,1000.0,6296.236426600036,1000.0,0.12390909491076912,0.0
10101,1708895040000.0,0.0,0.0,105.8,7.380933270321361,0.0,0.0,7.2431,0.9533662612544772,1.0,6302.222936600036,1000.0,6287.640176600035,1000.0,0.12390909491076912,0.0
10102,1708898640000.0,0.0,0.0,105.8,7.380933270321361,0.0,0.0,7.21525,0.9533662612544772,1.0,6302.222936600036,1000.0,6284.693646600036,1000.0,0.12390909491076912,0.0
10103,1708902240000.0,0.0,0.0,105.8,7.380933270321361,0.0,0.0,7.17395,0.9533662612544772,1.0,6302.222936600036,1000.0,6280.3241066000355,1000.0,0.12390909491076912,0.0
10104,1708905840000.0,0.0,0.0,105.8,7.380933270321361,0.0,0.0,7.2032,0.9533662612544772,1.0,6302.222936600036,1000.0,6283.4187566000355,1000.0,0.12390909491076912,0.0
10105,1708909440000.0,0.0,0.0,105.8,7.380933270321361,0.0,0.0,7.26915,0.9533662612544772,1.0,6302.222936600036,1000.0,6290.396266600035,1000.0,0.12390909491076912,0.0
10106,1708913040000.0,0.0,0.0,105.8,7.380933270321361,0.0,0.0,7.26635,0.9533662612544772,1.0,6302.222936600036,1000.0,6290.100026600036,1000.0,0.12390909491076912,0.0
10107,1708916640000.0,0.0,0.0,105.8,7.380933270321361,0.0,0.0,7.295,0.9533662612544772,1.0,6302.222936600036,1000.0,6293.131196600036,1000.0,0.12390909491076912,0.0
10108,1708920240000.0,0.0,0.0,105.8,7.380933270321361,0.0,0.0,7.2722,0.9533662612544772,1.0,6302.222936600036,1000.0,6290.718956600035,1000.0,0.12390909491076912,0.0
10109,1708923840000.0,0.0,0.0,105.8,7.380933270321361,0.0,0.0,7.238,0.9533662612544772,1.0,6302.222936600036,1000.0,6287.100596600036,1000.0,0.12390909491076912,0.0
10110,1708927440000.0,0.0,0.0,105.8,7.380933270321361,0.0,0.0,7.16055,0.9533662612544772,1.0,6302.222936600036,1000.0,6278.906386600036,1000.0,0.12390909491076912,0.0
10111,1708931040000.0,0.0,0.0,105.8,7.380933270321361,0.0,0.0,7.2596,0.9533662612544772,1.0,6302.222936600036,1000.0,6289.385876600036,1000.0,0.12390909491076912,0.0
10112,1708934640000.0,0.0,0.0,105.8,7.380933270321361,0.0,0.0,7.214,0.9533662612544772,1.0,6302.222936600036,1000.0,6284.561396600036,1000.0,0.12390909491076912,0.0
10113,1708938240000.0,0.0,0.0,105.8,7.380933270321361,0.0,0.0,7.26515,0.9533662612544772,1.0,6302.222936600036,1000.0,6289.973066600036,1000.0,0.12390909491076912,0.0
10114,1708941840000.0,0.0,0.0,267.7,7.207582779230481,0.0,0.0,7.14685,0.9533662612544772,1.0,6301.993223166036,1000.0,6285.735058166036,1000.0,0.30616819816741414,0.0
10115,1708945440000.0,0.0,0.0,168.7,7.207582779230481,0.0,0.0,7.11855,0.9533662612544772,1.0,6308.988689962217,1000.0,6293.968860106035,1000.0,0.19272807015659177,0.0
10116,1708949040000.0,0.0,0.0,168.7,7.207582779230481,0.0,0.0,7.1389,0.9533662612544772,1.0,6308.988689962217,1000.0,6297.401905106035,1000.0,0.19272807015659177,0.0
10117,1708952640000.0,0.0,0.0,168.7,7.207582779230481,0.0,0.0,7.1048,0.9533662612544772,1.0,6308.988689962217,1000.0,6291.649235106035,1000.0,0.19272807015659177,0.0
10118,1708956240000.0,0.0,0.0,168.7,7.207582779230481,0.0,0.0,7.1847,0.9533662612544772,1.0,6308.988689962217,1000.0,6305.128365106035,1000.0,0.19272807015659177,0.0
10119,1708959840000.0,0.0,0.0,168.7,7.207582779230481,0.0,0.0,7.20645,0.9533662612544772,1.0,6308.988689962217,1000.0,6308.7975901060345,1000.0,0.19272807015659177,0.0
10120,1708963440000.0,0.0,0.0,6.4,7.207582779230481,0.0,0.0,7.4862,0.9533662612544772,1.0,6338.2130139211085,1000.0,6339.996164134033,1000.0,0.007277844667851871,0.0
10121,1708967040000.0,0.0,0.0,0.3,7.207582779230481,0.0,0.0,7.52855,0.9533662612544772,1.0,6340.226701139803,1000.0,6340.322991306033,1000.0,0.0003410406182132928,0.0
10122,1708970640000.0,0.0,0.0,43.4,7.3106,0.0,0.0,7.3483,0.9533662612544772,1.0,6340.219616480033,1000.0,6341.855796480034,1000.0,0.05004243688582947,0.0
10123,1708974240000.0,0.0,0.0,43.3,7.3126577367205545,0.0,0.0,7.3261,0.9533662612544772,1.0,6341.615951558035,1000.0,6342.198001558035,1000.0,0.04993018852272299,0.0
10124,1708977840000.0,0.0,0.0,12.4,7.3126577367205545,0.0,0.0,7.43325,0.9533662612544772,1.0,6344.208747565369,1000.0,6345.704091630034,1000.0,0.014292870796556426,0.0
10125,1708981440000.0,0.0,0.0,9.6,7.32915037362192,0.0,0.0,7.4199,0.9533662612544772,1.0,6346.810050302805,1000.0,6347.681246716035,1000.0,0.01108585935755452,0.0
10126,1708985040000.0,0.0,0.0,1.8,7.32915037362192,0.0,0.0,7.63075,0.9533662612544772,1.0,6348.185786424555,1000.0,6348.728665752035,1000.0,0.002078148169628438,0.0
10127,1708988640000.0,0.0,0.0,0.0,7.32915037362192,0.0,0.0,7.593,0.9533662612544772,1.0,6348.794285006036,1000.0,6348.794285006036,1000.0,0.0,0.0
10128,1708992240000.0,0.0,0.0,0.0,7.32915037362192,0.0,0.0,7.6322,0.9533662612544772,1.0,6348.794285006036,1000.0,6348.794285006036,1000.0,0.0,0.0
10129,1708995840000.0,0.0,0.0,42.5,7.4628,0.0,0.0,7.50315,0.9533662612544772,1.0,6348.730851206036,1000.0,6350.445726206036,1000.0,0.049957858890765386,0.0
10130,1708999440000.0,0.0,0.0,17.0,7.4628,0.0,0.0,7.5668,0.9533662612544772,1.0,6350.5972599560355,1000.0,6352.3652599560355,1000.0,0.019977270610430472,0.0
10131,1709003040000.0,0.0,0.0,18.8,7.478039529411764,0.0,0.0,7.5925,0.9533662612544772,1.0,6354.0700593529755,1000.0,6356.221916200035,1000.0,0.022125526133600252,0.0
10132,1709006640000.0,0.0,0.0,42.4,7.49337823473918,0.0,0.0,7.4501,0.9533662612544772,1.0,6354.645394336975,1000.0,6352.810397184034,1000.0,0.049997949128063206,0.0
10133,1709010240000.0,0.0,0.0,42.4,7.495206625562793,0.0,0.0,7.53025,0.9533662612544772,1.0,6355.451884219897,1000.0,6356.937723296034,1000.0,0.05000380251684818,0.0
10134,1709013840000.0,0.0,0.0,36.4,7.495206625562793,0.0,0.0,7.5264,0.9533662612544772,1.0,6355.892760226519,1000.0,6357.028199056033,1000.0,0.04292481504372682,0.0
10135,1709017440000.0,0.0,0.0,36.4,7.495206625562793,0.0,0.0,7.4604,0.9533662612544772,1.0,6355.892760226519,1000.0,6354.625799056033,1000.0,0.04292481504372682,0.0
10136,1709021040000.0,0.0,0.0,36.4,7.495206625562793,0.0,0.0,7.48395,0.9533662612544772,1.0,6355.892760226519,1000.0,6355.483019056033,1000.0,0.04292481504372682,0.0
10137,1709024640000.0,0.0,0.0,36.4,7.495206625562793,0.0,0.0,7.42755,0.9533662612544772,1.0,6355.892760226519,1000.0,6353.430059056033,1000.0,0.04292481504372682,0.0
10138,1709028240000.0,0.0,0.0,36.4,7.495206625562793,0.0,0.0,7.384,0.9533662612544772,1.0,6355.892760226519,1000.0,6351.844839056033,1000.0,0.04292481504372682,0.0
10139,1709031840000.0,0.0,0.0,36.4,7.495206625562793,0.0,0.0,7.3866,0.9533662612544772,1.0,6355.892760226519,1000.0,6351.939479056034,1000.0,0.04292481504372682,0.0
10140,1709035440000.0,0.0,0.0,36.4,7.495206625562793,0.0,0.0,7.3593,0.9533662612544772,1.0,6355.892760226519,1000.0,6350.945759056034,1000.0,0.04292481504372682,0.0
10141,1709039040000.0,0.0,0.0,92.1,7.339593389473243,0.0,0.0,7.31055,0.9533662612544772,1.0,6355.812130020519,1000.0,6353.137233850034,1000.0,0.10635565327326679,0.0
10142,1709042640000.0,0.0,0.0,92.1,7.339593389473243,0.0,0.0,7.25105,0.9533662612544772,1.0,6355.812130020519,1000.0,6347.657283850033,1000.0,0.10635565327326679,0.0
10143,1709046240000.0,0.0,0.0,92.1,7.339593389473243,0.0,0.0,7.2394,0.9533662612544772,1.0,6355.812130020519,1000.0,6346.584318850034,1000.0,0.10635565327326679,0.0
10144,1709049840000.0,0.0,0.0,92.1,7.339593389473243,0.0,0.0,7.18285,0.9533662612544772,1.0,6355.812130020519,1000.0,6341.3760638500335,1000.0,0.10635565327326679,0.0
10145,1709053440000.0,0.0,0.0,92.1,7.339593389473243,0.0,0.0,7.23965,0.9533662612544772,1.0,6355.812130020519,1000.0,6346.607343850033,1000.0,0.10635565327326679,0.0
10146,1709057040000.0,0.0,0.0,92.1,7.339593389473243,0.0,0.0,7.20235,0.9533662612544772,1.0,6355.812130020519,1000.0,6343.172013850034,1000.0,0.10635565327326679,0.0
10147,1709060640000.0,0.0,0.0,92.1,7.339593389473243,0.0,0.0,7.33505,0.9533662612544772,1.0,6355.812130020519,1000.0,6355.393683850034,1000.0,0.10635565327326679,0.0
10148,1709064240000.0,0.0,0.0,92.1,7.339593389473243,0.0,0.0,7.2648,0.9533662612544772,1.0,6355.812130020519,1000.0,6348.9236588500335,1000.0,0.10635565327326679,0.0
10149,1709067840000.0,0.0,0.0,92.1,7.339593389473243,0.0,0.0,7.22255,0.9533662612544772,1.0,6355.812130020519,1000.0,6345.032433850034,1000.0,0.10635565327326679,0.0
10150,1709071440000.0,0.0,0.0,92.1,7.339593389473243,0.0,0.0,7.35545,0.9533662612544772,1.0,6355.812130020519,1000.0,6357.272523850033,1000.0,0.10635565327326679,0.0
10151,1709075040000.0,0.0,0.0,92.1,7.339593389473243,0.0,0.0,7.2684,0.9533662612544772,1.0,6355.812130020519,1000.0,6349.255218850034,1000.0,0.10635565327326679,0.0
10152,1709078640000.0,0.0,0.0,92.1,7.339593389473243,0.0,0.0,7.16685,0.9533662612544772,1.0,6355.812130020519,1000.0,6339.902463850034,1000.0,0.10635565327326679,0.0
10153,1709082240000.0,0.0,0.0,92.1,7.339593389473243,0.0,0.0,7.1702,0.9533662612544772,1.0,6355.812130020519,1000.0,6340.210998850033,1000.0,0.10635565327326679,0.0
10154,1709085840000.0,0.0,0.0,92.1,7.339593389473243,0.0,0.0,7.22355,0.9533662612544772,1.0,6355.812130020519,1000.0,6345.124533850034,1000.0,0.10635565327326679,0.0
10155,1709089440000.0,0.0,0.0,92.1,7.339593389473243,0.0,0.0,7.24805,0.9533662612544772,1.0,6355.812130020519,1000.0,6347.380983850034,1000.0,0.10635565327326679,0.0
10156,1709093040000.0,0.0,0.0,92.1,7.339593389473243,0.0,0.0,7.3429,0.9533662612544772,1.0,6355.812130020519,1000.0,6356.116668850033,1000.0,0.10635565327326679,0.0
10157,1709096640000.0,0.0,0.0,17.1,7.339593389473243,0.0,0.0,7.41495,0.9533662612544772,1.0,6361.206430810025,1000.0,6362.495028850033,1000.0,0.019730069810674357,0.0
10158,1709100240000.0,0.0,0.0,12.3,7.339593389473243,0.0,0.0,7.45585,0.9533662612544772,1.0,6361.723711644554,1000.0,6363.153667954033,1000.0,0.014190650644773695,0.0
10159,1709103840000.0,0.0,0.0,4.6,7.339593389473243,0.0,0.0,7.4452,0.9533662612544772,1.0,6362.506920637611,1000.0,6362.992711046034,1000.0,0.005306419311241155,0.0
10160,1709107440000.0,0.0,0.0,2.6,7.339593389473243,0.0,0.0,7.3629,0.9533662612544772,1.0,6362.650768658664,1000.0,6362.711365846033,1000.0,0.0029992126719620956,0.0
10161,1709111040000.0,0.0,0.0,43.2,7.35724471385503,0.0,0.0,7.2964,0.9533662612544772,1.0,6363.713856824571,1000.0,6361.085365186033,1000.0,0.04994457305739588,0.0
10162,1709114640000.0,0.0,0.0,31.8,7.35724471385503,0.0,0.0,7.4491,0.9533662612544772,1.0,6364.536584634624,1000.0,6367.457582734034,1000.0,0.0367600026788158,0.0
10163,1709118240000.0,0.0,0.0,0.0,7.35724471385503,0.0,0.0,7.82465,0.9533662612544772,1.0,6372.516984898034,1000.0,6372.516984898034,1000.0,0.0,0.0
10164,1709121840000.0,0.0,0.0,27.0,7.4421,0.0,0.0,7.5406,0.9533662612544772,1.0,6373.606628066034,1000.0,6376.266128066034,1000.0,0.03152637301385682,0.0
10165,1709125440000.0,0.0,0.0,42.8,7.447296728971963,0.0,0.0,7.45245,0.9533662612544772,1.0,6375.1896990600335,1000.0,6375.410259060033,1000.0,0.049997618117464976,0.0
10166,1709129040000.0,0.0,0.0,19.9,7.447296728971963,0.0,0.0,7.53315,0.9533662612544772,1.0,6376.861374122575,1000.0,6378.5698542160335,1000.0,0.023240462072446073,0.0
10167,1709132640000.0,0.0,0.0,0.0,7.447296728971963,0.0,0.0,7.8825,0.9533662612544772,1.0,6381.359573226034,1000.0,6381.359573226034,1000.0,0.0,0.0
10168,1709136240000.0,0.0,0.0,0.0,7.447296728971963,0.0,0.0,7.68485,0.9533662612544772,1.0,6381.359573226034,1000.0,6381.359573226034,1000.0,0.0,0.0
10169,1709139840000.0,0.0,0.0,0.0,7.447296728971963,0.0,0.0,7.6764,0.9533662612544772,1.0,6381.359573226034,1000.0,6381.359573226034,1000.0,0.0,0.0
10170,1709143440000.0,0.0,0.0,43.5,7.400175521847501,0.0,0.0,7.42295,0.9533662612544772,1.0,6549.718869672399,1000.0,6550.709559472032,1000.0,0.04914831332546451,0.0
10171,1709147040000.0,0.0,0.0,37.5,7.291598083509356,0.0,0.0,7.4155,0.9533662612544772,1.0,6558.615837613634,1000.0,6563.262159482033,1000.0,0.04169095048431603,0.0
10172,1709150640000.0,0.0,0.0,39.6,7.325335971840955,0.0,0.0,7.3423,0.9533662612544772,1.0,6559.890823410935,1000.0,6560.562598926033,1000.0,0.04422075188349975,0.0
10173,1709154240000.0,0.0,0.0,37.8,7.365299508433319,0.0,0.0,7.4303,0.9533662612544772,1.0,6561.557858826812,1000.0,6564.014877408033,1000.0,0.04243021663586429,0.0
10174,1709157840000.0,0.0,0.0,1.1,7.3855159653795805,0.0,0.0,7.8265,0.9533662612544772,1.0,6571.776050071948,1000.0,6572.261132510031,1000.0,0.001236205783644833,0.0
10175,1709161440000.0,0.0,0.0,0.0,7.3855159653795805,0.0,0.0,7.91955,0.9533662612544772,1.0,6572.331336292031,1000.0,6572.331336292031,1000.0,0.0,0.0
10176,1709165040000.0,0.0,0.0,0.0,7.3855159653795805,0.0,0.0,7.92355,0.9533662612544772,1.0,6572.331336292031,1000.0,6572.331336292031,1000.0,0.0,0.0
10177,1709168640000.0,0.0,0.0,0.0,7.3855159653795805,0.0,0.0,7.97255,0.9533662612544772,1.0,6572.331336292031,1000.0,6572.331336292031,1000.0,0.0,0.0
10178,1709172240000.0,0.0,0.0,0.0,7.3855159653795805,0.0,0.0,8.24395,0.9533662612544772,1.0,6572.331336292031,1000.0,6572.331336292031,1000.0,0.0,0.0
10179,1709175840000.0,0.0,0.0,0.0,7.3855159653795805,0.0,0.0,8.1223,0.9533662612544772,1.0,6572.331336292031,1000.0,6572.331336292031,1000.0,0.0,0.0
10180,1709179440000.0,0.0,0.0,0.0,7.3855159653795805,0.0,0.0,8.0333,0.9533662612544772,1.0,6572.331336292031,1000.0,6572.331336292031,1000.0,0.0,0.0
10181,1709183040000.0,0.0,0.0,41.6,7.9016,0.0,0.0,7.91135,0.9533662612544772,1.0,6572.265594980031,1000.0,6572.671194980031,1000.0,0.05001419301299535,0.0
10182,1709186640000.0,0.0,0.0,41.6,7.9016,0.0,0.0,7.8232,0.9533662612544772,1.0,6572.265594980031,1000.0,6569.004154980031,1000.0,0.05001419301299535,0.0
10183,1709190240000.0,0.0,0.0,41.6,7.9016,0.0,0.0,7.81895,0.9533662612544772,1.0,6572.265594980031,1000.0,6568.827354980031,1000.0,0.05001419301299535,0.0
10184,1709193840000.0,0.0,0.0,41.6,7.9016,0.0,0.0,7.87005,0.9533662612544772,1.0,6572.265594980031,1000.0,6570.953114980031,1000.0,0.05001419301299535,0.0
10185,1709197440000.0,0.0,0.0,41.6,7.9016,0.0,0.0,7.854,0.9533662612544772,1.0,6572.265594980031,1000.0,6570.285434980031,1000.0,0.05001419301299535,0.0
10186,1709201040000.0,0.0,0.0,41.6,7.9016,0.0,0.0,7.8275,0.9533662612544772,1.0,6572.265594980031,1000.0,6569.183034980031,1000.0,0.05001419301299535,0.0
10187,1709204640000.0,0.0,0.0,41.6,7.9016,0.0,0.0,7.81105,0.9533662612544772,1.0,6572.265594980031,1000.0,6568.498714980031,1000.0,0.05001419301299535,0.0
10188,1709208240000.0,0.0,0.0,41.6,7.9016,0.0,0.0,7.7885,0.9533662612544772,1.0,6572.265594980031,1000.0,6567.560634980031,1000.0,0.05001419301299535,0.0
10189,1709211840000.0,0.0,0.0,41.6,7.9016,0.0,0.0,7.79265,0.9533662612544772,1.0,6572.265594980031,1000.0,6567.733274980031,1000.0,0.05001419301299535,0.0
10190,1709215440000.0,0.0,0.0,41.6,7.9016,0.0,0.0,7.7591,0.9533662612544772,1.0,6572.265594980031,1000.0,6566.337594980031,1000.0,0.05001419301299535,0.0
10191,1709219040000.0,0.0,0.0,105.3,7.735604938271607,0.0,0.0,7.65,0.9533662612544772,1.0,6572.168424452031,1000.0,6563.154224452031,1000.0,0.123940706840287,0.0
10192,1709222640000.0,0.0,0.0,105.3,7.735604938271607,0.0,0.0,7.58965,0.9533662612544772,1.0,6572.168424452031,1000.0,6556.799369452031,1000.0,0.123940706840287,0.0
10193,1709226240000.0,0.0,0.0,266.4,7.5539411411411415,0.0,0.0,7.61625,0.9533662612544772,1.0,6571.928862308031,1000.0,6588.527942308031,1000.0,0.3062068933127899,0.0
10194,1709229840000.0,0.0,0.0,266.4,7.5539411411411415,0.0,0.0,7.51095,0.9533662612544772,1.0,6571.928862308031,1000.0,6560.476022308031,1000.0,0.3062068933127899,0.0
10195,1709233440000.0,0.0,0.0,266.4,7.5539411411411415,0.0,0.0,7.43955,0.9533662612544772,1.0,6571.928862308031,1000.0,6541.455062308031,1000.0,0.3062068933127899,0.0
10196,1709237040000.0,0.0,0.0,266.4,7.5539411411411415,0.0,0.0,7.4871,0.9533662612544772,1.0,6571.928862308031,1000.0,6554.122382308031,1000.0,0.3062068933127899,0.0
10197,1709240640000.0,0.0,0.0,266.4,7.5539411411411415,0.0,0.0,7.4517,0.9533662612544772,1.0,6571.928862308031,1000.0,6544.691822308031,1000.0,0.3062068933127899,0.0
10198,1709244240000.0,0.0,0.0,266.4,7.5539411411411415,0.0,0.0,7.4376,0.9533662612544772,1.0,6571.928862308031,1000.0,6540.9355823080305,1000.0,0.3062068933127899,0.0
10199,1709247840000.0,0.0,0.0,266.4,7.5539411411411415,0.0,0.0,7.379,0.9533662612544772,1.0,6571.928862308031,1000.0,6525.324542308031,1000.0,0.3062068933127899,0.0
10200,1709251440000.0,0.0,0.0,266.4,7.5539411411411415,0.0,0.0,7.55825,0.9533662612544772,1.0,6571.928862308031,1000.0,6573.076742308031,1000.0,0.3062068933127899,0.0
10201,1709255040000.0,0.0,0.0,228.4,7.5539411411411415,0.0,0.0,7.63415,0.9533662612544772,1.0,6574.742114744668,1000.0,6593.061818108031,1000.0,0.26241639999345284,0.0
10202,1709258640000.0,0.0,0.0,44.7,7.5539411411411415,0.0,0.0,7.5445,0.9533662612544772,1.0,6606.218383289039,1000.0,6605.79636428003,1000.0,0.05111262592577172,0.0
10203,1709262240000.0,0.0,0.0,44.7,7.5539411411411415,0.0,0.0,7.5327,0.9533662612544772,1.0,6606.218383289039,1000.0,6605.268904280029,1000.0,0.05111262592577172,0.0
10204,1709265840000.0,0.0,0.0,44.7,7.5539411411411415,0.0,0.0,7.5016,0.9533662612544772,1.0,6606.218383289039,1000.0,6603.87873428003,1000.0,0.05111262592577172,0.0
10205,1709269440000.0,0.0,0.0,11.1,7.5539411411411415,0.0,0.0,7.7643,0.9533662612544772,1.0,6611.869717814696,1000.0,6614.204701148029,1000.0,0.012681548524882265,0.0
10206,1709273040000.0,0.0,0.0,2.8,7.5539411411411415,0.0,0.0,7.62285,0.9533662612544772,1.0,6612.727682665223,1000.0,6612.920627470028,1000.0,0.0031985341314811843,0.0
10207,1709276640000.0,0.0,0.0,37.4,7.58340886230267,0.0,0.0,7.7029,0.9533662612544772,1.0,6613.177578588148,1000.0,6617.646547138028,1000.0,0.04288702187106095,0.0
10208,1709280240000.0,0.0,0.0,14.6,7.58340886230267,0.0,0.0,7.73625,0.9533662612544772,1.0,6615.087527199647,1000.0,6617.319007810029,1000.0,0.01673715864444335,0.0
10209,1709283840000.0,0.0,0.0,2.8,7.58340886230267,0.0,0.0,7.7075,0.9533662612544772,1.0,6617.133932836475,1000.0,6617.481388022027,1000.0,0.003208873362692477,0.0
10210,1709287440000.0,0.0,0.0,0.8,7.58340886230267,0.0,0.0,7.68835,0.9533662612544772,1.0,6617.430621791872,1000.0,6617.51457470203,1000.0,0.000916779855592862,0.0
10211,1709291040000.0,0.0,0.0,43.2,7.6471049726877975,0.0,0.0,7.5976,0.9533662612544772,1.0,6617.381246044142,1000.0,6615.2426312240295,1000.0,0.04992230650419279,0.0
10212,1709294640000.0,0.0,0.0,43.2,7.6471049726877975,0.0,0.0,7.57035,0.9533662612544772,1.0,6617.381246044142,1000.0,6614.065431224029,1000.0,0.04992230650419279,0.0
10213,1709298240000.0,0.0,0.0,43.2,7.6471049726877975,0.0,0.0,7.5964,0.9533662612544772,1.0,6617.381246044142,1000.0,6615.190791224029,1000.0,0.04992230650419279,0.0
10214,1709301840000.0,0.0,0.0,37.1,7.6471049726877975,0.0,0.0,7.7111,0.9533662612544772,1.0,6617.838442918747,1000.0,6620.21265843203,1000.0,0.042870130018101534,0.0
10215,1709305440000.0,0.0,0.0,16.8,7.6471049726877975,0.0,0.0,7.8081,0.9533662612544772,1.0,6619.606394855186,1000.0,6622.311111314031,1000.0,0.01940770430716304,0.0
10216,1709309040000.0,0.0,0.0,0.0,7.6471049726877975,0.0,0.0,8.06385,0.9533662612544772,1.0,6624.484876010031,1000.0,6624.484876010031,1000.0,0.0,0.0
10217,1709312640000.0,0.0,0.0,0.0,7.6471049726877975,0.0,0.0,7.96205,0.9533662612544772,1.0,6624.484876010031,1000.0,6624.484876010031,1000.0,0.0,0.0
10218,1709316240000.0,0.0,0.0,0.0,7.6471049726877975,0.0,0.0,7.9994,0.9533662612544772,1.0,6624.484876010031,1000.0,6624.484876010031,1000.0,0.0,0.0
10219,1709319840000.0,0.0,0.0,42.3,7.8277,0.0,0.0,7.8159,0.9533662612544772,1.0,6624.418653668031,1000.0,6623.919513668031,1000.0,0.049983512110403666,0.0
10220,1709323440000.0,0.0,0.0,42.3,7.8277,0.0,0.0,7.7986,0.9533662612544772,1.0,6624.418653668031,1000.0,6623.187723668031,1000.0,0.049983512110403666,0.0
10221,1709327040000.0,0.0,0.0,42.3,7.8277,0.0,0.0,7.79025,0.9533662612544772,1.0,6624.418653668031,1000.0,6622.834518668031,1000.0,0.049983512110403666,0.0
10222,1709330640000.0,0.0,0.0,42.3,7.8277,0.0,0.0,7.82975,0.9533662612544772,1.0,6624.418653668031,1000.0,6624.505368668031,1000.0,0.049983512110403666,0.0
10223,1709334240000.0,0.0,0.0,42.3,7.8277,0.0,0.0,7.8183,0.9533662612544772,1.0,6624.418653668031,1000.0,6624.021033668031,1000.0,0.049983512110403666,0.0
10224,1709337840000.0,0.0,0.0,9.6,7.8277,0.0,0.0,7.9082,0.9533662612544772,1.0,6628.35575269203,1000.0,6629.12855269203,1000.0,0.011337037842225103,0.0
10225,1709341440000.0,0.0,0.0,42.3,7.842259338061465,0.0,0.0,7.78435,0.9533662612544772,1.0,6628.71149542603,1000.0,6626.26193042603,1000.0,0.050044050073517296,0.0
10226,1709345040000.0,0.0,0.0,42.3,7.842259338061465,0.0,0.0,7.7144,0.9533662612544772,1.0,6628.71149542603,1000.0,6623.30304542603,1000.0,0.050044050073517296,0.0
10227,1709348640000.0,0.0,0.0,42.3,7.842259338061465,0.0,0.0,7.70625,0.9533662612544772,1.0,6628.71149542603,1000.0,6622.958300426029,1000.0,0.050044050073517296,0.0
10228,1709352240000.0,0.0,0.0,42.3,7.842259338061465,0.0,0.0,7.66675,0.9533662612544772,1.0,6628.71149542603,1000.0,6621.28745042603,1000.0,0.050044050073517296,0.0
10229,1709355840000.0,0.0,0.0,42.3,7.842259338061465,0.0,0.0,7.7707,0.9533662612544772,1.0,6628.71149542603,1000.0,6625.6845354260295,1000.0,0.050044050073517296,0.0
10230,1709359440000.0,0.0,0.0,42.3,7.842259338061465,0.0,0.0,7.6516,0.9533662612544772,1.0,6628.71149542603,1000.0,6620.64660542603,1000.0,0.050044050073517296,0.0
10231,1709363040000.0,0.0,0.0,42.3,7.842259338061465,0.0,0.0,7.61735,0.9533662612544772,1.0,6628.71149542603,1000.0,6619.197830426029,1000.0,0.050044050073517296,0.0
10232,1709366640000.0,0.0,0.0,42.3,7.842259338061465,0.0,0.0,7.62925,0.9533662612544772,1.0,6628.71149542603,1000.0,6619.70120042603,1000.0,0.050044050073517296,0.0
10233,1709370240000.0,0.0,0.0,107.0,7.677571028037383,0.0,0.0,7.62025,0.9533662612544772,1.0,6628.61354092003,1000.0,6622.48019092003,1000.0,0.12393241737939341,0.0
10234,1709373840000.0,0.0,0.0,107.0,7.677571028037383,0.0,0.0,7.62015,0.9533662612544772,1.0,6628.61354092003,1000.0,6622.46949092003,1000.0,0.12393241737939341,0.0
10235,1709377440000.0,0.0,0.0,107.0,7.677571028037383,0.0,0.0,7.61515,0.9533662612544772,1.0,6628.61354092003,1000.0,6621.93449092003,1000.0,0.12393241737939341,0.0
10236,1709381040000.0,0.0,0.0,107.0,7.677571028037383,0.0,0.0,7.60555,0.9533662612544772,1.0,6628.61354092003,1000.0,6620.9072909200295,1000.0,0.12393241737939341,0.0
10237,1709384640000.0,0.0,0.0,107.0,7.677571028037383,0.0,0.0,7.6416,0.9533662612544772,1.0,6628.61354092003,1000.0,6624.76464092003,1000.0,0.12393241737939341,0.0
10238,1709388240000.0,0.0,0.0,107.0,7.677571028037383,0.0,0.0,7.5841,0.9533662612544772,1.0,6628.61354092003,1000.0,6618.61214092003,1000.0,0.12393241737939341,0.0
10239,1709391840000.0,0.0,0.0,107.0,7.677571028037383,0.0,0.0,7.55965,0.9533662612544772,1.0,6628.61354092003,1000.0,6615.99599092003,1000.0,0.12393241737939341,0.0
10240,1709395440000.0,0.0,0.0,107.0,7.677571028037383,0.0,0.0,7.5998,0.9533662612544772,1.0,6628.61354092003,1000.0,6620.29204092003,1000.0,0.12393241737939341,0.0
10241,1709399040000.0,0.0,0.0,91.8,7.677571028037383,0.0,0.0,7.743,0.9533662612544772,1.0,6629.757767917861,1000.0,6635.76414754403,1000.0,0.10630871368852156,0.0
10242,1709402640000.0,0.0,0.0,30.5,7.677571028037383,0.0,0.0,7.6969,0.9533662612544772,1.0,6634.829113577169,1000.0,6635.418647222029,1000.0,0.03529343594938342,0.0
10243,1709406240000.0,0.0,0.0,27.4,7.67169691351363,0.0,0.0,7.75535,0.9533662612544772,1.0,6636.006038710302,1000.0,6638.298133280029,1000.0,0.03167635686346156,0.0
10244,1709409840000.0,0.0,0.0,43.3,7.670258144410516,0.0,0.0,7.689,0.9533662612544772,1.0,6636.512432313004,1000.0,6637.323954660029,1000.0,0.0500446855242644,0.0
10245,1709413440000.0,0.0,0.0,43.3,7.670258144410516,0.0,0.0,7.68745,0.9533662612544772,1.0,6636.512432313004,1000.0,6637.256839660028,1000.0,0.0500446855242644,0.0
10246,1709417040000.0,0.0,0.0,27.4,7.670258144410516,0.0,0.0,7.74775,0.9533662612544772,1.0,6637.707992356877,1000.0,6639.831269200029,1000.0,0.03166229568984459,0.0
10247,1709420640000.0,0.0,0.0,43.2,7.67538463874183,0.0,0.0,7.697,0.9533662612544772,1.0,6637.970977823676,1000.0,6638.904761430029,1000.0,0.04995150137013069,0.0
10248,1709424240000.0,0.0,0.0,43.2,7.67538463874183,0.0,0.0,7.70625,0.9533662612544772,1.0,6637.970977823676,1000.0,6639.304361430029,1000.0,0.04995150137013069,0.0
10249,1709427840000.0,0.0,0.0,11.0,7.67538463874183,0.0,0.0,7.69575,0.9533662612544772,1.0,6640.394508288186,1000.0,6640.618527262026,1000.0,0.012714490219034437,0.0
10250,1709431440000.0,0.0,0.0,43.2,7.685384051531484,0.0,0.0,7.6747,0.9533662612544772,1.0,6640.344992416187,1000.0,6639.883441390027,1000.0,0.04999869606253002,0.0
10251,1709435040000.0,0.0,0.0,43.2,7.685384051531484,0.0,0.0,7.6143,0.9533662612544772,1.0,6640.344992416187,1000.0,6637.274161390027,1000.0,0.04999869606253002,0.0
10252,1709438640000.0,0.0,0.0,43.2,7.685384051531484,0.0,0.0,7.704,0.9533662612544772,1.0,6640.344992416187,1000.0,6641.149201390027,1000.0,0.04999869606253002,0.0
10253,1709442240000.0,0.0,0.0,43.2,7.685384051531484,0.0,0.0,7.66735,0.9533662612544772,1.0,6640.344992416187,1000.0,6639.565921390027,1000.0,0.04999869606253002,0.0
10254,1709445840000.0,0.0,0.0,10.7,7.685384051531484,0.0,0.0,7.7281,0.9533662612544772,1.0,6642.951774291414,1000.0,6643.408834940027,1000.0,0.012379076673360091,0.0
10255,1709449440000.0,0.0,0.0,10.5,7.688706234985807,0.0,0.0,7.8076,0.9533662612544772,1.0,6645.695803595379,1000.0,6646.944188128028,1000.0,0.012147925191471233,0.0
10256,1709453040000.0,0.0,0.0,0.0,7.363932326937162,0.0,0.0,7.8731,0.9533662612544772,1.0,6701.361756850028,1000.0,6701.361756850028,1000.0,0.0,0.0
10257,1709456640000.0,0.0,0.0,0.0,7.363932326937162,0.0,0.0,7.92395,0.9533662612544772,1.0,6701.361756850028,1000.0,6701.361756850028,1000.0,0.0,0.0
10258,1709460240000.0,0.0,0.0,0.0,7.363932326937162,0.0,0.0,7.9242,0.9533662612544772,1.0,6701.361756850028,1000.0,6701.361756850028,1000.0,0.0,0.0
10259,1709463840000.0,0.0,0.0,43.0,7.7848,0.0,0.0,7.67425,0.9533662612544772,1.0,6701.294807570028,1000.0,6696.541157570028,1000.0,0.04995249569111005,0.0
10260,1709467440000.0,0.0,0.0,43.0,7.7848,0.0,0.0,7.6927,0.9533662612544772,1.0,6701.294807570028,1000.0,6697.334507570028,1000.0,0.04995249569111005,0.0
10261,1709471040000.0,0.0,0.0,43.0,7.7848,0.0,0.0,7.72325,0.9533662612544772,1.0,6701.294807570028,1000.0,6698.648157570028,1000.0,0.04995249569111005,0.0
10262,1709474640000.0,0.0,0.0,43.0,7.7848,0.0,0.0,7.7729,0.9533662612544772,1.0,6701.294807570028,1000.0,6700.783107570028,1000.0,0.04995249569111005,0.0
10263,1709478240000.0,0.0,0.0,43.0,7.7848,0.0,0.0,7.6822,0.9533662612544772,1.0,6701.294807570028,1000.0,6696.883007570028,1000.0,0.04995249569111005,0.0
10264,1709481840000.0,0.0,0.0,43.0,7.7848,0.0,0.0,7.61,0.9533662612544772,1.0,6701.294807570028,1000.0,6693.778407570028,1000.0,0.04995249569111005,0.0
10265,1709485440000.0,0.0,0.0,43.0,7.7848,0.0,0.0,7.68475,0.9533662612544772,1.0,6701.294807570028,1000.0,6696.992657570028,1000.0,0.04995249569111005,0.0
10266,1709489040000.0,0.0,0.0,43.0,7.7848,0.0,0.0,7.6227,0.9533662612544772,1.0,6701.294807570028,1000.0,6694.324507570028,1000.0,0.04995249569111005,0.0
10267,1709492640000.0,0.0,0.0,43.0,7.7848,0.0,0.0,7.58545,0.9533662612544772,1.0,6701.294807570028,1000.0,6692.722757570028,1000.0,0.04995249569111005,0.0
10268,1709496240000.0,0.0,0.0,43.0,7.7848,0.0,0.0,7.5668,0.9533662612544772,1.0,6701.294807570028,1000.0,6691.920807570028,1000.0,0.04995249569111005,0.0
10269,1709499840000.0,0.0,0.0,43.0,7.7848,0.0,0.0,7.56525,0.9533662612544772,1.0,6701.294807570028,1000.0,6691.854157570028,1000.0,0.04995249569111005,0.0
10270,1709503440000.0,0.0,0.0,43.0,7.7848,0.0,0.0,7.5942,0.9533662612544772,1.0,6701.294807570028,1000.0,6693.099007570027,1000.0,0.04995249569111005,0.0
10271,1709507040000.0,0.0,0.0,43.0,7.7848,0.0,0.0,7.57365,0.9533662612544772,1.0,6701.294807570028,1000.0,6692.215357570028,1000.0,0.04995249569111005,0.0
10272,1709510640000.0,0.0,0.0,43.0,7.7848,0.0,0.0,7.56325,0.9533662612544772,1.0,6701.294807570028,1000.0,6691.768157570028,1000.0,0.04995249569111005,0.0
10273,1709514240000.0,0.0,0.0,108.8,7.621328125,0.0,0.0,7.63095,0.9533662612544772,1.0,6701.195916750028,1000.0,6702.2427767500285,1000.0,0.12373918182683857,0.0
10274,1709517840000.0,0.0,0.0,108.8,7.621328125,0.0,0.0,7.5379,0.9533662612544772,1.0,6701.195916750028,1000.0,6692.118936750028,1000.0,0.12373918182683857,0.0
10275,1709521440000.0,0.0,0.0,108.8,7.621328125,0.0,0.0,7.51405,0.9533662612544772,1.0,6701.195916750028,1000.0,6689.524056750028,1000.0,0.12373918182683857,0.0
10276,1709525040000.0,0.0,0.0,108.8,7.621328125,0.0,0.0,7.536,0.9533662612544772,1.0,6701.195916750028,1000.0,6691.912216750028,1000.0,0.12373918182683857,0.0
10277,1709528640000.0,0.0,0.0,108.8,7.621328125,0.0,0.0,7.5441,0.9533662612544772,1.0,6701.195916750028,1000.0,6692.793496750028,1000.0,0.12373918182683857,0.0
10278,1709532240000.0,0.0,0.0,108.8,7.621328125,0.0,0.0,7.4948,0.9533662612544772,1.0,6701.195916750028,1000.0,6687.429656750028,1000.0,0.12373918182683857,0.0
10279,1709535840000.0,0.0,0.0,108.8,7.621328125,0.0,0.0,7.568,0.9533662612544772,1.0,6701.195916750028,1000.0,6695.393816750028,1000.0,0.12373918182683857,0.0
10280,1709539440000.0,0.0,0.0,108.8,7.621328125,0.0,0.0,7.58935,0.9533662612544772,1.0,6701.195916750028,1000.0,6697.716696750028,1000.0,0.12373918182683857,0.0
10281,1709543040000.0,0.0,0.0,108.8,7.621328125,0.0,0.0,7.56425,0.9533662612544772,1.0,6701.195916750028,1000.0,6694.985816750028,1000.0,0.12373918182683857,0.0
10282,1709546640000.0,0.0,0.0,108.8,7.621328125,0.0,0.0,7.60655,0.9533662612544772,1.0,6701.195916750028,1000.0,6699.588056750028,1000.0,0.12373918182683857,0.0
10283,1709550240000.0,0.0,0.0,108.8,7.621328125,0.0,0.0,7.53445,0.9533662612544772,1.0,6701.195916750028,1000.0,6691.743576750028,1000.0,0.12373918182683857,0.0
10284,1709553840000.0,0.0,0.0,108.8,7.621328125,0.0,0.0,7.492,0.9533662612544772,1.0,6701.195916750028,1000.0,6687.125016750028,1000.0,0.12373918182683857,0.0
10285,1709557440000.0,0.0,0.0,108.8,7.621328125,0.0,0.0,7.5281,0.9533662612544772,1.0,6701.195916750028,1000.0,6691.052696750028,1000.0,0.12373918182683857,0.0
10286,1709561040000.0,0.0,0.0,108.8,7.621328125,0.0,0.0,7.3572,0.9533662612544772,1.0,6701.195916750028,1000.0,6672.458776750028,1000.0,0.12373918182683857,0.0
10287,1709564640000.0,0.0,0.0,108.8,7.621328125,0.0,0.0,7.36045,0.9533662612544772,1.0,6701.195916750028,1000.0,6672.812376750028,1000.0,0.12373918182683857,0.0
10288,1709568240000.0,0.0,0.0,275.3,7.442352342898656,0.0,0.0,7.358,0.9533662612544772,1.0,6700.951980930028,1000.0,6677.729780930028,1000.0,0.3057594810156564,0.0
10289,1709571840000.0,0.0,0.0,275.3,7.442352342898656,0.0,0.0,7.22185,0.9533662612544772,1.0,6700.951980930028,1000.0,6640.247685930029,1000.0,0.3057594810156564,0.0
10290,1709575440000.0,0.0,0.0,275.3,7.442352342898656,0.0,0.0,7.2559,0.9533662612544772,1.0,6700.951980930028,1000.0,6649.621650930028,1000.0,0.3057594810156564,0.0
10291,1709579040000.0,0.0,0.0,275.3,7.442352342898656,0.0,0.0,7.3844,0.9533662612544772,1.0,6700.951980930028,1000.0,6684.997700930028,1000.0,0.3057594810156564,0.0
10292,1709582640000.0,0.0,0.0,275.3,7.442352342898656,0.0,0.0,7.45,0.9533662612544772,1.0,6700.951980930028,1000.0,6703.057380930029,1000.0,0.3057594810156564,0.0
10293,1709586240000.0,0.0,0.0,275.3,7.442352342898656,0.0,0.0,7.3485,0.9533662612544772,1.0,6700.951980930028,1000.0,6675.114430930028,1000.0,0.3057594810156564,0.0
10294,1709589840000.0,0.0,0.0,275.3,7.442352342898656,0.0,0.0,7.4823,0.9533662612544772,1.0,6700.951980930028,1000.0,6711.949570930028,1000.0,0.3057594810156564,0.0
10295,1709593440000.0,0.0,0.0,275.3,7.442352342898656,0.0,0.0,7.49705,0.9533662612544772,1.0,6700.951980930028,1000.0,6716.010245930028,1000.0,0.3057594810156564,0.0
10296,1709597040000.0,0.0,0.0,275.3,7.442352342898656,0.0,0.0,7.36005,0.9533662612544772,1.0,6700.951980930028,1000.0,6678.294145930028,1000.0,0.3057594810156564,0.0
10297,1709600640000.0,0.0,0.0,275.3,7.442352342898656,0.0,0.0,7.17935,0.9533662612544772,1.0,6700.951980930028,1000.0,6628.547435930029,1000.0,0.3057594810156564,0.0
10298,1709604240000.0,0.0,0.0,275.3,7.442352342898656,0.0,0.0,7.23665,0.9533662612544772,1.0,6700.951980930028,1000.0,6644.322125930028,1000.0,0.3057594810156564,0.0
10299,1709607840000.0,0.0,0.0,275.3,7.442352342898656,0.0,0.0,7.2184,0.9533662612544772,1.0,6700.951980930028,1000.0,6639.297900930028,1000.0,0.3057594810156564,0.0
10300,1709611440000.0,0.0,0.0,275.3,7.442352342898656,0.0,0.0,7.1742,0.9533662612544772,1.0,6700.951980930028,1000.0,6627.1296409300285,1000.0,0.3057594810156564,0.0
10301,1709615040000.0,0.0013162051790379988,0.0,932.6,7.185555436414324,0.0,0.0,7.10515,0.9533662612544772,1.0,6700.021507050028,1000.0,6625.035397050029,1000.0,1.000183207314884,0.0
10302,1709618640000.0,0.0,0.0,565.4,7.185555436414324,0.0,0.0,7.35725,0.9533662612544772,1.0,6733.427385532687,1000.0,6830.5034917840285,1000.0,0.6033647964300805,0.0
10303,1709622240000.0,0.0,0.0,59.8,7.185555436414324,0.0,0.0,7.41365,0.9533662612544772,1.0,6841.283402647603,1000.0,6854.923457550027,1000.0,0.06280929904632843,0.0
10304,1709625840000.0,0.0,0.0,46.9,7.2505689100833255,0.0,0.0,7.237,0.9533662612544772,1.0,6848.662960988934,1000.0,6848.0265791060265,1000.0,0.0496522728333831,0.0
10305,1709629440000.0,0.0,0.0,25.4,7.2505689100833255,0.0,0.0,7.31115,0.9533662612544772,1.0,6850.190890092142,1000.0,6851.729649776025,1000.0,0.02688457201718057,0.0
10306,1709633040000.0,0.0,0.0,40.2,7.282214895918086,0.0,0.0,7.36015,0.9533662612544772,1.0,6851.104319755932,1000.0,6854.237310940025,1000.0,0.04272961338097622,0.0
10307,1709636640000.0,0.0,0.0,46.9,7.289587503393902,0.0,0.0,7.3181,0.9533662612544772,1.0,6851.493250987198,1000.0,6852.830487078024,1000.0,0.04989885290479034,0.0
10308,1709640240000.0,0.0,0.0,46.9,7.289587503393902,0.0,0.0,7.33255,0.9533662612544772,1.0,6851.493250987198,1000.0,6853.508192078024,1000.0,0.04989885290479034,0.0
10309,1709643840000.0,0.0,0.0,40.2,7.289587503393902,0.0,0.0,7.30265,0.9533662612544772,1.0,6851.971898964459,1000.0,6852.497011328024,1000.0,0.04276745759577945,0.0
10310,1709647440000.0,0.0,0.0,40.2,7.289587503393902,0.0,0.0,7.1904,0.9533662612544772,1.0,6851.971898964459,1000.0,6847.984561328024,1000.0,0.04276745759577945,0.0
10311,1709651040000.0,0.0,0.0,40.2,7.289587503393902,0.0,0.0,7.1157,0.9533662612544772,1.0,6851.971898964459,1000.0,6844.981621328024,1000.0,0.04276745759577945,0.0
10312,1709654640000.0,0.0,0.0,47.6,7.155478934943756,0.0,0.0,7.01035,0.9533662612544772,1.0,6856.547460593348,1000.0,6849.639323290025,1000.0,0.049675262843414794,0.0
10313,1709658240000.0,0.0,0.0,103.2,7.005296323117298,0.0,0.0,6.8896,0.9533662612544772,1.0,6857.62833708373,1000.0,6845.688476538025,1000.0,0.10542224585666958,0.0
10314,1709661840000.0,0.0,0.0,103.2,7.005296323117298,0.0,0.0,7.01625,0.9533662612544772,1.0,6857.62833708373,1000.0,6858.7587565380245,1000.0,0.10542224585666958,0.0
10315,1709665440000.0,0.0,0.0,103.2,7.005296323117298,0.0,0.0,6.92855,0.9533662612544772,1.0,6857.62833708373,1000.0,6849.708116538025,1000.0,0.10542224585666958,0.0
10316,1709669040000.0,0.0011400819789717845,0.0,1037.9,6.60717284954784,0.0,0.0,6.3826,0.9533662612544772,1.0,6856.40140945973,1000.0,6623.317248914026,1000.0,1.000172581944275,0.0
10317,1709672640000.0,0.0011400819789717845,0.0,1037.9,6.60717284954784,0.0,0.0,6.5908,0.9533662612544772,1.0,6856.40140945973,1000.0,6839.408028914026,1000.0,1.000172581944275,0.0
10318,1709676240000.0,0.0,0.0,81.9,6.60717284954784,0.0,0.0,6.8157,0.9533662612544772,1.0,6983.365373261992,1000.0,7000.443746884024,1000.0,0.07748806305479083,0.0
10319,1709679840000.0,0.0,0.0,44.3,6.714581587057253,0.0,0.0,6.79335,0.9533662612544772,1.0,6995.660431073662,1000.0,6999.149871767026,1000.0,0.0425200690109803,0.0
10320,1709683440000.0,0.0,0.0,6.7,6.714581587057253,0.0,0.0,6.8619,0.9533662612544772,1.0,7002.183934684309,1000.0,7003.170968051026,1000.0,0.006424809324194345,0.0
10321,1709687040000.0,0.0,0.0,51.2,6.8259671986349435,0.0,0.0,6.88395,0.9533662612544772,1.0,7002.377175137135,1000.0,7005.345894567026,1000.0,0.04991012506595872,0.0
10322,1709690640000.0,0.0,0.0,43.9,6.8259671986349435,0.0,0.0,6.75405,0.9533662612544772,1.0,7002.865938909101,1000.0,6999.708773889027,1000.0,0.0427910462136813,0.0
10323,1709694240000.0,0.0,0.0,111.1,6.684207740954761,0.0,0.0,6.64945,0.9533662612544772,1.0,7002.7773478051,1000.0,6998.915762785026,1000.0,0.10604585054426069,0.0
10324,1709697840000.0,0.0,0.0,111.1,6.684207740954761,0.0,0.0,6.69915,0.9533662612544772,1.0,7002.7773478051,1000.0,7004.437432785026,1000.0,0.10604585054426069,0.0
10325,1709701440000.0,0.0,0.0,18.0,6.684207740954761,0.0,0.0,6.95805,0.9533662612544772,1.0,7018.66870337021,1000.0,7023.597864033024,1000.0,0.01714224512113141,0.0
10326,1709705040000.0,0.0,0.0,0.0,6.684207740954761,0.0,0.0,7.15555,0.9533662612544772,1.0,7024.617226129024,1000.0,7024.617226129024,1000.0,0.0,0.0
10327,1709708640000.0,0.0,0.0,0.0,6.684207740954761,0.0,0.0,7.33315,0.9533662612544772,1.0,7024.617226129024,1000.0,7024.617226129024,1000.0,0.0,0.0
10328,1709712240000.0,0.0,0.0,0.0,6.684207740954761,0.0,0.0,7.375,0.9533662612544772,1.0,7024.617226129024,1000.0,7024.617226129024,1000.0,0.0,0.0
10329,1709715840000.0,0.0,0.0,0.0,6.684207740954761,0.0,0.0,7.2711,0.9533662612544772,1.0,7024.617226129024,1000.0,7024.617226129024,1000.0,0.0,0.0
10330,1709719440000.0,0.0,0.0,36.5,7.0989,0.0,0.0,7.16945,0.9533662612544772,1.0,7025.451305279024,1000.0,7028.026380279024,1000.0,0.03688159503793033,0.0
10331,1709723040000.0,0.0,0.0,6.9,7.0989,0.0,0.0,7.17015,0.9533662612544772,1.0,7027.510459471025,1000.0,7028.002084471024,1000.0,0.0069700942150838175,0.0
10332,1709726640000.0,0.0,0.0,0.8,7.0989,0.0,0.0,7.23205,0.9533662612544772,1.0,7027.976383877022,1000.0,7028.0829038770225,1000.0,0.0008080732902046383,0.0
10333,1709730240000.0,0.0,0.0,25.2,7.1438,0.0,0.0,7.25345,0.9533662612544772,1.0,7030.485869675022,1000.0,7033.2490496750215,1000.0,0.025606161983271498,0.0
10334,1709733840000.0,0.0,0.0,0.6,7.1438,0.0,0.0,7.4717,0.9533662612544772,1.0,7035.33871438502,1000.0,7035.53545438502,1000.0,0.0006092499841174564,0.0
10335,1709737440000.0,0.0,0.0,0.0,7.1438,0.0,0.0,7.61945,0.9533662612544772,1.0,7035.51319205502,1000.0,7035.51319205502,1000.0,0.0,0.0
10336,1709741040000.0,0.0,0.0,0.0,7.1438,0.0,0.0,8.1828,0.9533662612544772,1.0,7035.51319205502,1000.0,7035.51319205502,1000.0,0.0,0.0
10337,1709744640000.0,0.0,0.0,0.0,7.1438,0.0,0.0,8.9291,0.9533662612544772,1.0,7035.51319205502,1000.0,7035.51319205502,1000.0,0.0,0.0
10338,1709748240000.0,0.0,0.0,0.0,7.1438,0.0,0.0,9.2042,0.9533662612544772,1.0,7035.51319205502,1000.0,7035.51319205502,1000.0,0.0,0.0
10339,1709751840000.0,0.0,0.0,0.0,7.1438,0.0,0.0,9.3536,0.9533662612544772,1.0,7035.51319205502,1000.0,7035.51319205502,1000.0,0.0,0.0
10340,1709755440000.0,0.0,0.0,0.0,7.1438,0.0,0.0,9.1468,0.9533662612544772,1.0,7035.51319205502,1000.0,7035.51319205502,1000.0,0.0,0.0
10341,1709759040000.0,0.0,0.0,0.0,7.1438,0.0,0.0,9.103,0.9533662612544772,1.0,7035.51319205502,1000.0,7035.51319205502,1000.0,0.0,0.0
10342,1709762640000.0,0.0,0.0,0.0,7.1438,0.0,0.0,9.5184,0.9533662612544772,1.0,7035.51319205502,1000.0,7035.51319205502,1000.0,0.0,0.0
10343,1709766240000.0,0.0,0.0,0.0,7.1438,0.0,0.0,9.51545,0.9533662612544772,1.0,7035.51319205502,1000.0,7035.51319205502,1000.0,0.0,0.0
10344,1709769840000.0,0.0,0.0,0.0,7.1438,0.0,0.0,9.3804,0.9533662612544772,1.0,7035.51319205502,1000.0,7035.51319205502,1000.0,0.0,0.0
10345,1709773440000.0,0.0,0.0,0.0,7.1438,0.0,0.0,9.86665,0.9533662612544772,1.0,7035.51319205502,1000.0,7035.51319205502,1000.0,0.0,0.0
10346,1709777040000.0,0.0,0.0,0.0,7.1438,0.0,0.0,10.14005,0.9533662612544772,1.0,7035.51319205502,1000.0,7035.51319205502,1000.0,0.0,0.0
10347,1709780640000.0,0.0,0.0,0.0,7.1438,0.0,0.0,9.7625,0.9533662612544772,1.0,7035.51319205502,1000.0,7035.51319205502,1000.0,0.0,0.0
10348,1709784240000.0,0.0,0.0,0.0,7.1438,0.0,0.0,9.7542,0.9533662612544772,1.0,7035.51319205502,1000.0,7035.51319205502,1000.0,0.0,0.0
10349,1709787840000.0,0.0,0.0,0.0,7.1438,0.0,0.0,9.7144,0.9533662612544772,1.0,7035.51319205502,1000.0,7035.51319205502,1000.0,0.0,0.0
10350,1709791440000.0,0.0,0.0,0.0,7.1438,0.0,0.0,9.638,0.9533662612544772,1.0,7035.51319205502,1000.0,7035.51319205502,1000.0,0.0,0.0
10351,1709795040000.0,0.0,0.0,0.0,7.1438,0.0,0.0,10.04535,0.9533662612544772,1.0,7035.51319205502,1000.0,7035.51319205502,1000.0,0.0,0.0
10352,1709798640000.0,0.0,0.0,0.0,7.1438,0.0,0.0,9.85505,0.9533662612544772,1.0,7035.51319205502,1000.0,7035.51319205502,1000.0,0.0,0.0
10353,1709802240000.0,0.0,0.0,36.3,9.678023691460055,0.0,0.0,9.67435,0.9533662612544772,1.0,7037.468393763021,1000.0,7037.335038763021,1000.0,0.049920261142679036,0.0
10354,1709805840000.0,0.0,0.0,19.8,9.678023691460055,0.0,0.0,9.7708,0.9533662612544772,1.0,7039.03294601393,1000.0,7040.869916923021,1000.0,0.027223181161472272,0.0
10355,1709809440000.0,0.0,0.0,1.3,9.678023691460055,0.0,0.0,9.74125,0.9533662612544772,1.0,7042.18546124192,1000.0,7042.267655443022,1000.0,0.0017865804398567034,0.0
10356,1709813040000.0,0.0,0.0,36.3,9.708469168013721,0.0,0.0,9.49855,0.9533662612544772,1.0,7042.1174940419205,1000.0,7034.497428243022,1000.0,0.05004424182031408,0.0
10357,1709816640000.0,0.0,0.0,36.3,9.708469168013721,0.0,0.0,9.65085,0.9533662612544772,1.0,7042.1174940419205,1000.0,7040.025918243023,1000.0,0.05004424182031408,0.0
10358,1709820240000.0,0.0,0.0,91.9,9.504479986930338,0.0,0.0,9.41275,0.9533662612544772,1.0,7042.013285185921,1000.0,7033.583299387023,1000.0,0.1240357942289564,0.0
10359,1709823840000.0,0.0,0.0,91.9,9.504479986930338,0.0,0.0,9.46075,0.9533662612544772,1.0,7042.013285185921,1000.0,7037.994499387023,1000.0,0.1240357942289564,0.0
10360,1709827440000.0,0.0,0.0,42.7,9.504479986930338,0.0,0.0,9.58445,0.9533662612544772,1.0,7046.598729764948,1000.0,7050.0134493230225,1000.0,0.057593927369192346,0.0
10361,1709831040000.0,0.0,0.0,0.0,9.504479986930338,0.0,0.0,10.34835,0.9533662612544772,1.0,7058.721284831024,1000.0,7058.721284831024,1000.0,0.0,0.0
10362,1709834640000.0,0.0,0.0,0.0,9.504479986930338,0.0,0.0,10.4665,0.9533662612544772,1.0,7058.721284831024,1000.0,7058.721284831024,1000.0,0.0,0.0
10363,1709838240000.0,0.0,0.0,0.0,9.504479986930338,0.0,0.0,10.35895,0.9533662612544772,1.0,7058.721284831024,1000.0,7058.721284831024,1000.0,0.0,0.0
10364,1709841840000.0,0.0,0.0,0.0,9.504479986930338,0.0,0.0,10.3616,0.9533662612544772,1.0,7058.721284831024,1000.0,7058.721284831024,1000.0,0.0,0.0
10365,1709845440000.0,0.0,0.0,0.0,9.504479986930338,0.0,0.0,10.20265,0.9533662612544772,1.0,7058.721284831024,1000.0,7058.721284831024,1000.0,0.0,0.0
10366,1709849040000.0,0.0,0.0,25.8,10.0946,0.0,0.0,10.2087,0.9533662612544772,1.0,7059.561062727024,1000.0,7062.504842727024,1000.0,0.03689190839003734,0.0
10367,1709852640000.0,0.0,0.0,34.9,10.096112320916905,0.0,0.0,10.1152,0.9533662612544772,1.0,7059.542679999025,1000.0,7060.208839999024,1000.0,0.049911777004802906,0.0
10368,1709856240000.0,0.0,0.0,34.9,10.096112320916905,0.0,0.0,10.0076,0.9533662612544772,1.0,7059.542679999025,1000.0,7056.453599999025,1000.0,0.049911777004802906,0.0
10369,1709859840000.0,0.0,0.0,34.9,10.096112320916905,0.0,0.0,10.028,0.9533662612544772,1.0,7059.542679999025,1000.0,7057.1655599990245,1000.0,0.049911777004802906,0.0
10370,1709863440000.0,0.0,0.0,88.3,9.88413771234428,0.0,0.0,9.73655,0.9533662612544772,1.0,7059.4385969910245,1000.0,7046.406601991024,1000.0,0.12363155341729358,0.0
10371,1709867040000.0,0.0,0.0,88.3,9.88413771234428,0.0,0.0,9.62255,0.9533662612544772,1.0,7059.4385969910245,1000.0,7036.340401991025,1000.0,0.12363155341729358,0.0
10372,1709870640000.0,0.0,0.0,88.3,9.88413771234428,0.0,0.0,9.6252,0.9533662612544772,1.0,7059.4385969910245,1000.0,7036.5743969910245,1000.0,0.12363155341729358,0.0
10373,1709874240000.0,0.0,0.0,88.3,9.88413771234428,0.0,0.0,9.583,0.9533662612544772,1.0,7059.4385969910245,1000.0,7032.848136991024,1000.0,0.12363155341729358,0.0
10374,1709877840000.0,0.0,0.0,88.3,9.88413771234428,0.0,0.0,9.65705,0.9533662612544772,1.0,7059.4385969910245,1000.0,7039.3867519910245,1000.0,0.12363155341729358,0.0
10375,1709881440000.0,0.0,0.0,88.3,9.88413771234428,0.0,0.0,9.59295,0.9533662612544772,1.0,7059.4385969910245,1000.0,7033.7267219910245,1000.0,0.12363155341729358,0.0
10376,1709885040000.0,0.0,0.0,88.3,9.88413771234428,0.0,0.0,9.6037,0.9533662612544772,1.0,7059.4385969910245,1000.0,7034.675946991025,1000.0,0.12363155341729358,0.0
10377,1709888640000.0,0.0,0.0,88.3,9.88413771234428,0.0,0.0,9.73465,0.9533662612544772,1.0,7059.4385969910245,1000.0,7046.238831991024,1000.0,0.12363155341729358,0.0
10378,1709892240000.0,0.0,0.0,88.3,9.88413771234428,0.0,0.0,9.69145,0.9533662612544772,1.0,7059.4385969910245,1000.0,7042.424271991024,1000.0,0.12363155341729358,0.0
10379,1709895840000.0,0.0,0.0,88.3,9.88413771234428,0.0,0.0,9.94725,0.9533662612544772,1.0,7059.4385969910245,1000.0,7065.011411991025,1000.0,0.12363155341729358,0.0
10380,1709899440000.0,0.0,0.0,64.9,9.88413771234428,0.0,0.0,9.87915,0.9533662612544772,1.0,7061.705254082169,1000.0,7061.381551551025,1000.0,0.09083932484442372,0.0
10381,1709903040000.0,0.0,0.0,64.9,9.88413771234428,0.0,0.0,9.892,0.9533662612544772,1.0,7061.705254082169,1000.0,7062.215516551025,1000.0,0.09083932484442372,0.0
10382,1709906640000.0,0.0,0.0,41.0,9.88413771234428,0.0,0.0,9.6894,0.9533662612544772,1.0,7064.02034401714,1000.0,7056.036097811025,1000.0,0.05736813124403598,0.0
10383,1709910240000.0,0.0,0.0,41.0,9.88413771234428,0.0,0.0,9.80645,0.9533662612544772,1.0,7064.02034401714,1000.0,7060.835147811024,1000.0,0.05736813124403598,0.0
10384,1709913840000.0,0.0,0.0,36.3,9.8246,0.0,0.0,9.8256,0.9533662612544772,1.0,7136.336729737024,1000.0,7136.373029737024,1000.0,0.04997423657349504,0.0
10385,1709917440000.0,0.0,0.0,0.0,9.825353719008266,0.0,0.0,10.5412,0.9533662612544772,1.0,7150.006989621025,1000.0,7150.006989621025,1000.0,0.0,0.0
10386,1709921040000.0,0.0,0.0,0.0,9.825353719008266,0.0,0.0,10.5371,0.9533662612544772,1.0,7150.006989621025,1000.0,7150.006989621025,1000.0,0.0,0.0
10387,1709924640000.0,0.0,0.0,0.0,9.825353719008266,0.0,0.0,10.65495,0.9533662612544772,1.0,7150.006989621025,1000.0,7150.006989621025,1000.0,0.0,0.0
10388,1709928240000.0,0.0,0.0,0.0,9.825353719008266,0.0,0.0,10.60805,0.9533662612544772,1.0,7150.006989621025,1000.0,7150.006989621025,1000.0,0.0,0.0
10389,1709931840000.0,0.0,0.0,34.8,10.2585,0.0,0.0,10.2536,0.9533662612544772,1.0,7149.935590461026,1000.0,7149.765070461026,1000.0,0.04992993230264624,0.0
10390,1709935440000.0,0.0,0.0,34.8,10.2585,0.0,0.0,10.1949,0.9533662612544772,1.0,7149.935590461026,1000.0,7147.722310461026,1000.0,0.04992993230264624,0.0
10391,1709939040000.0,0.0,0.0,6.4,10.2585,0.0,0.0,10.41075,0.9533662612544772,1.0,7154.3634047850255,1000.0,7155.337804785026,1000.0,0.009176833253408487,0.0
10392,1709942640000.0,0.0,0.0,4.5,10.2585,0.0,0.0,10.43435,0.9533662612544772,1.0,7154.744749491027,1000.0,7155.536074491027,1000.0,0.006452116968013981,0.0
10393,1709946240000.0,0.0,0.0,13.2,10.316321325648413,0.0,0.0,10.5289,0.9533662612544772,1.0,7157.968604341585,1000.0,7160.7746428430255,1000.0,0.019024313883685293,0.0
10394,1709949840000.0,0.0,0.0,0.6,10.316321325648413,0.0,0.0,10.688,0.9533662612544772,1.0,7162.071502564414,1000.0,7162.294509769025,1000.0,0.0008642461602307046,0.0
10395,1709953440000.0,0.0,0.0,0.0,10.316321325648413,0.0,0.0,10.6748,0.9533662612544772,1.0,7162.393927065025,1000.0,7162.393927065025,1000.0,0.0,0.0
10396,1709957040000.0,0.0,0.0,0.0,10.316321325648413,0.0,0.0,10.7856,0.9533662612544772,1.0,7162.393927065025,1000.0,7162.393927065025,1000.0,0.0,0.0
10397,1709960640000.0,0.0,0.0,0.0,10.316321325648413,0.0,0.0,11.06835,0.9533662612544772,1.0,7162.393927065025,1000.0,7162.393927065025,1000.0,0.0,0.0
10398,1709964240000.0,0.0,0.0,0.0,10.316321325648413,0.0,0.0,11.1569,0.9533662612544772,1.0,7162.393927065025,1000.0,7162.393927065025,1000.0,0.0,0.0
10399,1709967840000.0,0.0,0.0,0.0,10.316321325648413,0.0,0.0,11.0864,0.9533662612544772,1.0,7162.393927065025,1000.0,7162.393927065025,1000.0,0.0,0.0
10400,1709971440000.0,0.0,0.0,0.0,10.316321325648413,0.0,0.0,11.38145,0.9533662612544772,1.0,7162.393927065025,1000.0,7162.393927065025,1000.0,0.0,0.0
10401,1709975040000.0,0.0,0.0,0.0,10.316321325648413,0.0,0.0,11.2024,0.9533662612544772,1.0,7162.393927065025,1000.0,7162.393927065025,1000.0,0.0,0.0
10402,1709978640000.0,0.0,0.0,0.0,10.316321325648413,0.0,0.0,11.5655,0.9533662612544772,1.0,7162.393927065025,1000.0,7162.393927065025,1000.0,0.0,0.0
10403,1709982240000.0,0.0,0.0,1.6,11.0753,0.0,0.0,11.5297,0.9533662612544772,1.0,7170.0324323630275,1000.0,7170.759472363027,1000.0,0.002471464413468471,0.0
10404,1709985840000.0,0.0,0.0,0.0,11.0753,0.0,0.0,11.2188,0.9533662612544772,1.0,7170.692485521027,1000.0,7170.692485521027,1000.0,0.0,0.0
10405,1709989440000.0,0.0,0.0,10.3,11.1726,0.0,0.0,11.5098,0.9533662612544772,1.0,7175.505348035027,1000.0,7178.9785080350275,1000.0,0.016037585426859645,0.0
10406,1709993040000.0,0.0,0.0,0.0,11.1726,0.0,0.0,11.7958,0.9533662612544772,1.0,7179.250258743024,1000.0,7179.250258743024,1000.0,0.0,0.0
10407,1709996640000.0,0.0,0.0,0.0,11.1726,0.0,0.0,11.7552,0.9533662612544772,1.0,7179.250258743024,1000.0,7179.250258743024,1000.0,0.0,0.0
10408,1710000240000.0,0.0,0.0,0.0,11.1726,0.0,0.0,11.726,0.9533662612544772,1.0,7179.250258743024,1000.0,7179.250258743024,1000.0,0.0,0.0
10409,1710003840000.0,0.0,0.0,10.0,11.4331,0.0,0.0,11.78875,0.9533662612544772,1.0,7184.098851143021,1000.0,7187.655351143021,1000.0,0.01591445251088234,0.0
10410,1710007440000.0,0.0,0.0,0.0,11.4331,0.0,0.0,12.00675,0.9533662612544772,1.0,7189.348130303024,1000.0,7189.348130303024,1000.0,0.0,0.0
10411,1710011040000.0,0.0,0.0,0.0,11.4331,0.0,0.0,12.44305,0.9533662612544772,1.0,7189.348130303024,1000.0,7189.348130303024,1000.0,0.0,0.0
10412,1710014640000.0,0.0,0.0,0.0,11.4331,0.0,0.0,12.4188,0.9533662612544772,1.0,7189.348130303024,1000.0,7189.348130303024,1000.0,0.0,0.0
10413,1710018240000.0,0.0,0.0,0.0,11.4331,0.0,0.0,12.36275,0.9533662612544772,1.0,7189.348130303024,1000.0,7189.348130303024,1000.0,0.0,0.0
10414,1710021840000.0,0.0,0.0,0.0,11.4331,0.0,0.0,12.26155,0.9533662612544772,1.0,7189.348130303024,1000.0,7189.348130303024,1000.0,0.0,0.0
10415,1710025440000.0,0.0,0.0,0.0,11.4331,0.0,0.0,12.3212,0.9533662612544772,1.0,7189.348130303024,1000.0,7189.348130303024,1000.0,0.0,0.0
10416,1710029040000.0,0.0,0.0,0.0,11.4331,0.0,0.0,12.5261,0.9533662612544772,1.0,7189.348130303024,1000.0,7189.348130303024,1000.0,0.0,0.0
10417,1710032640000.0,0.0,0.0,25.4,12.1635,0.0,0.0,12.2158,0.9533662612544772,1.0,7189.776942815023,1000.0,7191.105362815023,1000.0,0.04297113838959171,0.0
10418,1710036240000.0,0.0,0.0,25.4,12.1635,0.0,0.0,12.0649,0.9533662612544772,1.0,7189.776942815023,1000.0,7187.2725028150235,1000.0,0.04297113838959171,0.0
10419,1710039840000.0,0.0,0.0,8.7,12.1635,0.0,0.0,12.3769,0.9533662612544772,1.0,7193.263621123023,1000.0,7195.1202011230225,1000.0,0.014711326537408182,0.0
10420,1710043440000.0,0.0,0.0,3.0,12.1635,0.0,0.0,12.2579,0.9533662612544772,1.0,7194.9164513270225,1000.0,7195.199651327022,1000.0,0.005071705869950684,0.0
10421,1710047040000.0,0.0,0.0,29.4,12.2119,0.0,0.0,12.10585,0.9533662612544772,1.0,7194.851943455023,1000.0,7191.734073455023,1000.0,0.04990093789582432,0.0
10422,1710050640000.0,0.0,0.0,29.4,12.2119,0.0,0.0,12.01005,0.9533662612544772,1.0,7194.851943455023,1000.0,7188.917553455022,1000.0,0.04990093789582432,0.0
10423,1710054240000.0,0.0,0.0,29.4,12.2119,0.0,0.0,12.08975,0.9533662612544772,1.0,7194.851943455023,1000.0,7191.260733455023,1000.0,0.04990093789582432,0.0
10424,1710057840000.0,0.0,0.0,29.4,12.2119,0.0,0.0,12.03545,0.9533662612544772,1.0,7194.851943455023,1000.0,7189.664313455022,1000.0,0.04990093789582432,0.0
10425,1710061440000.0,0.0,0.0,29.4,12.2119,0.0,0.0,11.8528,0.9533662612544772,1.0,7194.851943455023,1000.0,7184.294403455023,1000.0,0.04990093789582432,0.0
10426,1710065040000.0,0.0,0.0,74.4,11.955448387096773,0.0,0.0,11.8164,0.9533662612544772,1.0,7194.745852355022,1000.0,7184.400652355022,1000.0,0.12362985131835462,0.0
10427,1710068640000.0,0.0,0.0,74.4,11.955448387096773,0.0,0.0,11.9605,0.9533662612544772,1.0,7194.745852355022,1000.0,7195.121692355022,1000.0,0.12362985131835462,0.0
10428,1710072240000.0,0.0,0.0,74.4,11.955448387096773,0.0,0.0,11.79965,0.9533662612544772,1.0,7194.745852355022,1000.0,7183.154452355022,1000.0,0.12362985131835462,0.0
10429,1710075840000.0,0.0,0.0,74.4,11.955448387096773,0.0,0.0,11.6311,0.9533662612544772,1.0,7194.745852355022,1000.0,7170.614332355022,1000.0,0.12362985131835462,0.0
10430,1710079440000.0,0.0,0.0,74.4,11.955448387096773,0.0,0.0,11.5564,0.9533662612544772,1.0,7194.745852355022,1000.0,7165.056652355022,1000.0,0.12362985131835462,0.0
10431,1710083040000.0,0.0,0.0,188.3,11.67469160913436,0.0,0.0,11.62035,0.9533662612544772,1.0,7194.484080541022,1000.0,7184.251555541022,1000.0,0.30555970454446896,0.0
10432,1710086640000.0,0.0,0.0,188.3,11.67469160913436,0.0,0.0,11.3539,0.9533662612544772,1.0,7194.484080541022,1000.0,7134.079020541022,1000.0,0.30555970454446896,0.0
10433,1710090240000.0,0.0,0.0,188.3,11.67469160913436,0.0,0.0,11.52955,0.9533662612544772,1.0,7194.484080541022,1000.0,7167.153915541022,1000.0,0.30555970454446896,0.0
10434,1710093840000.0,0.0,0.0,188.3,11.67469160913436,0.0,0.0,11.5053,0.9533662612544772,1.0,7194.484080541022,1000.0,7162.587640541023,1000.0,0.30555970454446896,0.0
10435,1710097440000.0,0.0,0.0,188.3,11.67469160913436,0.0,0.0,11.37095,0.9533662612544772,1.0,7194.484080541022,1000.0,7137.289535541022,1000.0,0.30555970454446896,0.0
10436,1710101040000.0,0.0,0.0,188.3,11.67469160913436,0.0,0.0,11.4078,0.9533662612544772,1.0,7194.484080541022,1000.0,7144.228390541022,1000.0,0.30555970454446896,0.0
10437,1710104640000.0,0.0,0.0,188.3,11.67469160913436,0.0,0.0,11.4548,0.9533662612544772,1.0,7194.484080541022,1000.0,7153.078490541022,1000.0,0.30555970454446896,0.0
10438,1710108240000.0,0.0,0.0,188.3,11.67469160913436,0.0,0.0,11.39855,0.9533662612544772,1.0,7194.484080541022,1000.0,7142.486615541022,1000.0,0.30555970454446896,0.0
10439,1710111840000.0,0.0,0.0,188.3,11.67469160913436,0.0,0.0,11.35875,0.9533662612544772,1.0,7194.484080541022,1000.0,7134.9922755410225,1000.0,0.30555970454446896,0.0
10440,1710115440000.0,0.0,0.0,188.3,11.67469160913436,0.0,0.0,11.4252,0.9533662612544772,1.0,7194.484080541022,1000.0,7147.504810541022,1000.0,0.30555970454446896,0.0
10441,1710119040000.0,0.002177119628667191,0.0,638.3,11.271932367225444,0.0,0.0,11.2338,0.9533662612544772,1.0,7193.4847745410225,1000.0,7169.144884541021,1000.0,1.0001931825120276,0.0
10442,1710122640000.0,0.0,0.0,28.8,11.271932367225444,0.0,0.0,11.3445,0.9533662612544772,1.0,7320.931388875116,1000.0,7323.021336699023,1000.0,0.04434294421463954,0.0
10443,1710126240000.0,0.0,0.0,10.8,11.29631147423815,0.0,0.0,11.4438,0.9533662612544772,1.0,7326.007804102794,1000.0,7327.600680181022,1000.0,0.01665302128854519,0.0
10444,1710129840000.0,0.0,0.0,18.9,11.372691665654399,0.0,0.0,11.44905,0.9533662612544772,1.0,7329.683737645891,1000.0,7331.126910165022,1000.0,0.029325122361951002,0.0
10445,1710133440000.0,0.0,0.0,3.0,11.38737546669371,0.0,0.0,11.82135,0.9533662612544772,1.0,7335.1348491411045,1000.0,7336.436772741024,1000.0,0.0046573276569116225,0.0
10446,1710137040000.0,0.0,0.0,0.0,11.38737546669371,0.0,0.0,12.02725,0.9533662612544772,1.0,7336.780979657024,1000.0,7336.780979657024,1000.0,0.0,0.0
10447,1710140640000.0,0.0,0.0,0.0,11.38737546669371,0.0,0.0,11.89095,0.9533662612544772,1.0,7336.780979657024,1000.0,7336.780979657024,1000.0,0.0,0.0
10448,1710144240000.0,0.0,0.0,0.0,11.6711,0.0,0.0,12.51635,0.9533662612544772,1.0,7345.822992553023,1000.0,7345.822992553023,1000.0,0.0,0.0
10449,1710147840000.0,0.0,0.0,0.0,11.6711,0.0,0.0,12.445,0.9533662612544772,1.0,7345.822992553023,1000.0,7345.822992553023,1000.0,0.0,0.0
10450,1710151440000.0,0.0,0.0,0.0,11.6711,0.0,0.0,12.51,0.9533662612544772,1.0,7345.822992553023,1000.0,7345.822992553023,1000.0,0.0,0.0
10451,1710155040000.0,0.0,0.0,0.0,11.6711,0.0,0.0,12.2958,0.9533662612544772,1.0,7345.822992553023,1000.0,7345.822992553023,1000.0,0.0,0.0
10452,1710158640000.0,0.0,0.0,0.0,11.6711,0.0,0.0,12.5504,0.9533662612544772,1.0,7345.822992553023,1000.0,7345.822992553023,1000.0,0.0,0.0
10453,1710162240000.0,0.0,0.0,0.0,11.6711,0.0,0.0,12.4713,0.9533662612544772,1.0,7345.822992553023,1000.0,7345.822992553023,1000.0,0.0,0.0
10454,1710165840000.0,0.0,0.0,30.2,12.1558,0.0,0.0,12.0136,0.9533662612544772,1.0,7345.749571521023,1000.0,7341.455131521024,1000.0,0.04997518039864059,0.0
10455,1710169440000.0,0.0,0.0,30.2,12.1558,0.0,0.0,11.9074,0.9533662612544772,1.0,7345.749571521023,1000.0,7338.247891521023,1000.0,0.04997518039864059,0.0
10456,1710173040000.0,0.0,0.0,76.4,11.90055104712042,0.0,0.0,11.6217,0.9533662612544772,1.0,7345.641152133024,1000.0,7324.336932133024,1000.0,0.12377436920342705,0.0
10457,1710176640000.0,0.0,0.0,76.4,11.90055104712042,0.0,0.0,11.5239,0.9533662612544772,1.0,7345.641152133024,1000.0,7316.865012133024,1000.0,0.12377436920342705,0.0
10458,1710180240000.0,0.0,0.0,193.3,11.62112131401966,0.0,0.0,11.4607,0.9533662612544772,1.0,7345.373720003024,1000.0,7314.364280003023,1000.0,0.3058200760953353,0.0
10459,1710183840000.0,0.0,0.0,193.3,11.62112131401966,0.0,0.0,11.5015,0.9533662612544772,1.0,7345.373720003024,1000.0,7322.250920003024,1000.0,0.3058200760953353,0.0
10460,1710187440000.0,0.0,0.0,193.3,11.62112131401966,0.0,0.0,11.4658,0.9533662612544772,1.0,7345.373720003024,1000.0,7315.3501100030235,1000.0,0.3058200760953353,0.0
10461,1710191040000.0,0.0,0.0,193.3,11.62112131401966,0.0,0.0,11.5791,0.9533662612544772,1.0,7345.373720003024,1000.0,7337.251000003023,1000.0,0.3058200760953353,0.0
10462,1710194640000.0,0.0,0.0,193.3,11.62112131401966,0.0,0.0,11.4915,0.9533662612544772,1.0,7345.373720003024,1000.0,7320.317920003024,1000.0,0.3058200760953353,0.0
10463,1710198240000.0,0.0,0.0,193.3,11.62112131401966,0.0,0.0,11.4226,0.9533662612544772,1.0,7345.373720003024,1000.0,7306.999550003023,1000.0,0.3058200760953353,0.0
10464,1710201840000.0,0.0,0.0,193.3,11.62112131401966,0.0,0.0,11.4792,0.9533662612544772,1.0,7345.373720003024,1000.0,7317.9403300030235,1000.0,0.3058200760953353,0.0
10465,1710205440000.0,0.0,0.0,142.1,11.62112131401966,0.0,0.0,11.6088,0.9533662612544772,1.0,7351.2069977492165,1000.0,7349.456139027023,1000.0,0.22463812258691743,0.0
10466,1710209040000.0,0.0,0.0,142.1,11.62112131401966,0.0,0.0,11.4526,0.9533662612544772,1.0,7351.2069977492165,1000.0,7327.2601190270225,1000.0,0.22463812258691743,0.0
10467,1710212640000.0,0.0,0.0,142.1,11.62112131401966,0.0,0.0,11.5019,0.9533662612544772,1.0,7351.2069977492165,1000.0,7334.265649027023,1000.0,0.22463812258691743,0.0
10468,1710216240000.0,0.0,0.0,142.1,11.62112131401966,0.0,0.0,11.2301,0.9533662612544772,1.0,7351.2069977492165,1000.0,7295.642869027023,1000.0,0.22463812258691743,0.0
10469,1710219840000.0,0.0,0.0,142.1,11.62112131401966,0.0,0.0,11.2775,0.9533662612544772,1.0,7351.2069977492165,1000.0,7302.378409027023,1000.0,0.22463812258691743,0.0
10470,1710223440000.0,0.0,0.0,142.1,11.62112131401966,0.0,0.0,11.2099,0.9533662612544772,1.0,7351.2069977492165,1000.0,7292.772449027023,1000.0,0.22463812258691743,0.0
10471,1710227040000.0,0.0020397611763447302,0.0,655.4,11.21666745303966,0.0,0.0,11.1253,0.9533662612544772,1.0,7350.066989247217,1000.0,7290.184760525023,1000.0,1.00018188398513,0.0
10472,1710230640000.0,0.0020397611763447302,0.0,655.4,11.21666745303966,0.0,0.0,11.108,0.9533662612544772,1.0,7350.066989247217,1000.0,7278.846340525024,1000.0,1.00018188398513,0.0
10473,1710234240000.0,0.0020397611763447302,0.0,655.4,11.21666745303966,0.0,0.0,11.0338,0.9533662612544772,1.0,7350.066989247217,1000.0,7230.215660525023,1000.0,1.00018188398513,0.0
10474,1710237840000.0,0.0,0.0,556.2,11.21666745303966,0.0,0.0,11.2858,0.9533662612544772,1.0,7359.992489209682,1000.0,7398.444011829023,1000.0,0.8476517396623829,0.0
10475,1710241440000.0,0.0,0.0,556.2,11.21666745303966,0.0,0.0,11.2213,0.9533662612544772,1.0,7359.992489209682,1000.0,7362.569111829023,1000.0,0.8476517396623829,0.0
10476,1710245040000.0,0.0,0.0,556.2,11.21666745303966,0.0,0.0,11.182,0.9533662612544772,1.0,7359.992489209682,1000.0,7340.710451829023,1000.0,0.8476517396623829,0.0
10477,1710248640000.0,0.0,0.0,145.0,11.21666745303966,0.0,0.0,11.3816,0.9533662612544772,1.0,7422.223720523774,1000.0,7446.138939833024,1000.0,0.21912796513980276,0.0
10478,1710252240000.0,0.0,0.0,70.0,11.21666745303966,0.0,0.0,11.1742,0.9533662612544772,1.0,7438.6820855458,1000.0,7435.709363833023,1000.0,0.10555185887543761,0.0
10479,1710255840000.0,0.0,0.0,27.9,11.21666745303966,0.0,0.0,11.428,0.9533662612544772,1.0,7443.3116864348285,1000.0,7449.207864495022,1000.0,0.04204378845375207,0.0
10480,1710259440000.0,0.0,0.0,2.0,11.21666745303966,0.0,0.0,11.3584,0.9533662612544772,1.0,7450.515664357102,1000.0,7450.799129451022,1000.0,0.0030109774835316815,0.0
10481,1710263040000.0,0.0,0.0,33.0,11.286782248434655,0.0,0.0,11.0968,0.9533662612544772,1.0,7450.542609351368,1000.0,7444.273195153024,1000.0,0.04999150179087019,0.0
10482,1710266640000.0,0.0,0.0,6.1,11.006235729846344,0.0,0.0,11.5015,0.9533662612544772,1.0,7500.734694401088,1000.0,7503.755806449025,1000.0,0.008950861573890592,0.0
10483,1710270240000.0,0.0,0.0,0.0,11.006235729846344,0.0,0.0,11.5771,0.9533662612544772,1.0,7504.0030323570245,1000.0,7504.0030323570245,1000.0,0.0,0.0
10484,1710273840000.0,0.0,0.0,0.0,11.006235729846344,0.0,0.0,11.5015,0.9533662612544772,1.0,7504.0030323570245,1000.0,7504.0030323570245,1000.0,0.0,0.0
10485,1710277440000.0,0.0,0.0,33.0,11.3562,0.0,0.0,11.4244,0.9533662612544772,1.0,7503.928081437024,1000.0,7506.178681437024,1000.0,0.04994112362657844,0.0
10486,1710281040000.0,0.0,0.0,33.0,11.3562,0.0,0.0,11.3521,0.9533662612544772,1.0,7503.928081437024,1000.0,7503.792781437024,1000.0,0.04994112362657844,0.0
10487,1710284640000.0,0.0,0.0,33.0,11.3562,0.0,0.0,11.32,0.9533662612544772,1.0,7503.928081437024,1000.0,7502.733481437024,1000.0,0.04994112362657844,0.0
10488,1710288240000.0,0.0,0.0,15.5,11.3562,0.0,0.0,11.4503,0.9533662612544772,1.0,7505.875937137023,1000.0,7507.334487137024,1000.0,0.02345110703590179,0.0
10489,1710291840000.0,0.0,0.0,1.1,11.3562,0.0,0.0,11.64,0.9533662612544772,1.0,7509.1297938370235,1000.0,7509.441973837023,1000.0,0.001663550949705574,0.0
10490,1710295440000.0,0.0,0.0,0.8,11.3562,0.0,0.0,11.4669,0.9533662612544772,1.0,7509.196419001023,1000.0,7509.284979001023,1000.0,0.0012098445017381244,0.0
10491,1710299040000.0,0.0,0.0,32.8,11.431927743902438,0.0,0.0,11.3651,0.9533662612544772,1.0,7509.155952987026,1000.0,7506.964002987025,1000.0,0.04993467073364534,0.0
10492,1710302640000.0,0.0,0.0,32.8,11.431927743902438,0.0,0.0,11.2582,0.9533662612544772,1.0,7509.155952987026,1000.0,7503.457682987026,1000.0,0.04993467073364534,0.0
10493,1710306240000.0,0.0,0.0,32.8,11.431927743902438,0.0,0.0,11.2287,0.9533662612544772,1.0,7509.155952987026,1000.0,7502.490082987026,1000.0,0.04993467073364534,0.0
10494,1710309840000.0,0.0,0.0,32.8,11.431927743902438,0.0,0.0,11.2833,0.9533662612544772,1.0,7509.155952987026,1000.0,7504.280962987025,1000.0,0.04993467073364534,0.0
10495,1710313440000.0,0.0,0.0,32.8,11.431927743902438,0.0,0.0,11.3209,0.9533662612544772,1.0,7509.155952987026,1000.0,7505.514242987026,1000.0,0.04993467073364534,0.0
10496,1710317040000.0,0.0,0.0,32.8,11.431927743902438,0.0,0.0,11.3107,0.9533662612544772,1.0,7509.155952987026,1000.0,7505.179682987025,1000.0,0.04993467073364534,0.0
10497,1710320640000.0,0.0,0.0,32.8,11.431927743902438,0.0,0.0,11.472,0.9533662612544772,1.0,7509.155952987026,1000.0,7510.470322987026,1000.0,0.04993467073364534,0.0
10498,1710324240000.0,0.0,0.0,17.9,11.431927743902438,0.0,0.0,11.4185,0.9533662612544772,1.0,7510.825691628879,1000.0,7510.5853350130255,1000.0,0.027244874933514136,0.0
10499,1710327840000.0,0.0,0.0,8.4,11.431927743902438,0.0,0.0,11.4759,0.9533662612544772,1.0,7511.890290091807,1000.0,7512.259657043027,1000.0,0.01278349248197112,0.0
10500,1710331440000.0,0.0,0.0,32.9,11.419917721847433,0.0,0.0,11.405,0.9533662612544772,1.0,7511.834352671807,1000.0,7511.3435596230265,1000.0,0.05001645076413942,0.0
10501,1710335040000.0,0.0,0.0,20.8,11.419917721847433,0.0,0.0,11.5532,0.9533662612544772,1.0,7513.189255473452,1000.0,7515.961526859026,1000.0,0.031615640247765614,0.0
10502,1710338640000.0,0.0,0.0,28.2,11.435311575641428,0.0,0.0,11.5608,0.9533662612544772,1.0,7517.282160606115,1000.0,7520.820934173027,1000.0,0.042897922353241455,0.0
10503,1710342240000.0,0.0,0.0,32.9,11.437106690897345,0.0,0.0,11.1517,0.9533662612544772,1.0,7517.71056528955,1000.0,7508.320685159028,1000.0,0.05005258008573384,0.0
10504,1710345840000.0,0.0,0.0,32.9,11.437106690897345,0.0,0.0,11.119,0.9533662612544772,1.0,7517.71056528955,1000.0,7507.244855159027,1000.0,0.05005258008573384,0.0
10505,1710349440000.0,0.0,0.0,83.2,11.196968511184163,0.0,0.0,11.1256,0.9533662612544772,1.0,7517.59950389555,1000.0,7511.661643765027,1000.0,0.1239209111429496,0.0
10506,1710353040000.0,0.0,0.0,83.2,11.196968511184163,0.0,0.0,11.1917,0.9533662612544772,1.0,7517.59950389555,1000.0,7517.161163765028,1000.0,0.1239209111429496,0.0
10507,1710356640000.0,0.0,0.0,28.8,11.196968511184163,0.0,0.0,11.4379,0.9533662612544772,1.0,7528.226223731131,1000.0,7535.165050609026,1000.0,0.042835149149155136,0.0
10508,1710360240000.0,0.0,0.0,33.4,11.254902093882926,0.0,0.0,11.2544,0.9533662612544772,1.0,7530.584540984715,1000.0,7530.567771049025,1000.0,0.04991826702028292,0.0
10509,1710363840000.0,0.0,0.0,33.4,11.254902093882926,0.0,0.0,11.2263,0.9533662612544772,1.0,7530.584540984715,1000.0,7529.629231049025,1000.0,0.04991826702028292,0.0
10510,1710367440000.0,0.0,0.0,21.1,11.254902093882926,0.0,0.0,11.4008,0.9533662612544772,1.0,7531.941531179955,1000.0,7535.019976999025,1000.0,0.031529511109166346,0.0
10511,1710371040000.0,0.0,0.0,17.6,11.254902093882926,0.0,0.0,11.4113,0.9533662612544772,1.0,7532.711889741365,1000.0,7535.464492889026,1000.0,0.02629680780996136,0.0
10512,1710374640000.0,0.0,0.0,33.2,11.317276897050426,0.0,0.0,11.3784,0.9533662612544772,1.0,7535.050088947099,1000.0,7537.079375965024,1000.0,0.04986477708133947,0.0
10513,1710378240000.0,0.0,0.0,33.2,11.340124504736737,0.0,0.0,11.2373,0.9533662612544772,1.0,7537.838295290284,1000.0,7534.424521733024,1000.0,0.04994696341423187,0.0
10514,1710381840000.0,0.0,0.0,33.2,11.340124504736737,0.0,0.0,11.3998,0.9533662612544772,1.0,7537.838295290284,1000.0,7539.819521733024,1000.0,0.04994696341423187,0.0
10515,1710385440000.0,0.0,0.0,28.5,11.340124504736737,0.0,0.0,11.2348,0.9533662612544772,1.0,7538.360863734021,1000.0,7535.359115349024,1000.0,0.04287318612456391,0.0
10516,1710389040000.0,0.0,0.0,28.5,11.340124504736737,0.0,0.0,11.1193,0.9533662612544772,1.0,7538.360863734021,1000.0,7532.067365349024,1000.0,0.04287318612456391,0.0
10517,1710392640000.0,0.0,0.0,28.5,11.340124504736737,0.0,0.0,11.0711,0.9533662612544772,1.0,7538.360863734021,1000.0,7530.693665349024,1000.0,0.04287318612456391,0.0
10518,1710396240000.0,0.0,0.0,28.5,11.340124504736737,0.0,0.0,11.0313,0.9533662612544772,1.0,7538.360863734021,1000.0,7529.559365349024,1000.0,0.04287318612456391,0.0
10519,1710399840000.0,0.0,0.0,28.5,11.340124504736737,0.0,0.0,11.0284,0.9533662612544772,1.0,7538.360863734021,1000.0,7529.476715349024,1000.0,0.04287318612456391,0.0
10520,1710403440000.0,0.0,0.0,28.5,11.340124504736737,0.0,0.0,11.1368,0.9533662612544772,1.0,7538.360863734021,1000.0,7532.566115349025,1000.0,0.04287318612456391,0.0
10521,1710407040000.0,0.0,0.0,28.5,11.340124504736737,0.0,0.0,11.0838,0.9533662612544772,1.0,7538.360863734021,1000.0,7531.055615349024,1000.0,0.04287318612456391,0.0
10522,1710410640000.0,0.0,0.0,28.5,11.340124504736737,0.0,0.0,11.4338,0.9533662612544772,1.0,7538.360863734021,1000.0,7541.030615349025,1000.0,0.04287318612456391,0.0
10523,1710414240000.0,0.0,0.0,8.4,11.340124504736737,0.0,0.0,11.3933,0.9533662612544772,1.0,7540.595677716812,1000.0,7541.042351877024,1000.0,0.012632562454088656,0.0
10524,1710417840000.0,0.0,0.0,33.5,11.254992990216795,0.0,0.0,11.2942,0.9533662612544772,1.0,7540.9423126492875,1000.0,7542.255747477025,1000.0,0.049999356783277125,0.0
10525,1710421440000.0,0.0,0.0,28.8,11.254992990216795,0.0,0.0,11.2729,0.9533662612544772,1.0,7541.460880051269,1000.0,7541.976601933025,1000.0,0.042981565942438474,0.0
10526,1710425040000.0,0.0,0.0,62.5,11.021188588727622,0.0,0.0,11.1116,0.9533662612544772,1.0,7542.488065246501,1000.0,7548.138778451024,1000.0,0.09132587030125641,0.0
10527,1710428640000.0,0.0,0.0,33.9,11.021188588727622,0.0,0.0,11.1206,0.9533662612544772,1.0,7545.576440000891,1000.0,7548.946486843025,1000.0,0.049514877508526345,0.0
10528,1710432240000.0,0.0,0.0,34.1,11.035362015196203,0.0,0.0,11.0036,0.9533662612544772,1.0,7546.517352443216,1000.0,7545.434267725025,1000.0,0.049864835280125606,0.0
10529,1710435840000.0,0.0,0.0,3.6,11.035362015196203,0.0,0.0,11.4486,0.9533662612544772,1.0,7553.262182569731,1000.0,7554.7498393150245,1000.0,0.005259621908317039,0.0
10530,1710439440000.0,0.0,0.0,0.0,11.035362015196203,0.0,0.0,11.2891,0.9533662612544772,1.0,7554.448554943025,1000.0,7554.448554943025,1000.0,0.0,0.0
10531,1710443040000.0,0.0,0.0,33.8,11.169442603550294,0.0,0.0,11.0936,0.9533662612544772,1.0,7555.327220469025,1000.0,7552.763740469025,1000.0,0.049968340084225175,0.0
10532,1710446640000.0,0.0,0.0,51.0,10.934922573099414,0.0,0.0,11.1853,0.9533662612544772,1.0,7561.291988401095,1000.0,7574.061237173025,1000.0,0.07375473028730331,0.0
10533,1710450240000.0,0.0,0.0,0.0,10.934922573099414,0.0,0.0,11.505,0.9533662612544772,1.0,7583.906054933024,1000.0,7583.906054933024,1000.0,0.0,0.0
10534,1710453840000.0,0.0,0.0,0.0,10.934922573099414,0.0,0.0,11.6705,0.9533662612544772,1.0,7583.906054933024,1000.0,7583.906054933024,1000.0,0.0,0.0
10535,1710457440000.0,0.0,0.0,0.0,10.934922573099414,0.0,0.0,11.7373,0.9533662612544772,1.0,7583.906054933024,1000.0,7583.906054933024,1000.0,0.0,0.0
10536,1710461040000.0,0.0,0.0,0.0,10.934922573099414,0.0,0.0,11.9082,0.9533662612544772,1.0,7583.906054933024,1000.0,7583.906054933024,1000.0,0.0,0.0
10537,1710464640000.0,0.0,0.0,0.0,10.934922573099414,0.0,0.0,11.6972,0.9533662612544772,1.0,7583.906054933024,1000.0,7583.906054933024,1000.0,0.0,0.0
10538,1710468240000.0,0.0,0.0,32.8,11.5454,0.0,0.0,11.5211,0.9533662612544772,1.0,7583.830317109025,1000.0,7583.033277109024,1000.0,0.049933754338580355,0.0
10539,1710471840000.0,0.0,0.0,83.0,11.30292795180723,0.0,0.0,11.1476,0.9533662612544772,1.0,7583.718426329025,1000.0,7570.826206329025,1000.0,0.12370488555363174,0.0
10540,1710475440000.0,0.0,0.0,188.4,10.656730466554244,0.0,0.0,10.8133,0.9533662612544772,1.0,7696.756907527844,1000.0,7726.254607629025,1000.0,0.26085376529628385,0.0
10541,1710479040000.0,0.0,0.0,41.1,10.656730466554244,0.0,0.0,10.7688,0.9533662612544772,1.0,7723.846420736405,1000.0,7728.452478561026,1000.0,0.05670641262357214,0.0
10542,1710482640000.0,0.0,0.0,31.0,10.672921111645715,0.0,0.0,10.6794,0.9533662612544772,1.0,7725.935049070042,1000.0,7726.135894609025,1000.0,0.04282466165708218,0.0
10543,1710486240000.0,0.0,0.0,29.5,10.78380192394529,0.0,0.0,10.9373,0.9533662612544772,1.0,7730.148576987408,1000.0,7734.676770231022,1000.0,0.04115343367440999,0.0
10544,1710489840000.0,0.0,0.0,30.3,10.878173652042001,0.0,0.0,10.87,0.9533662612544772,1.0,7732.660302089894,1000.0,7732.412640433021,1000.0,0.04262551939179196,0.0
10545,1710493440000.0,0.0,0.0,76.7,10.652360125904465,0.0,0.0,10.3808,0.9533662612544772,1.0,7732.562816617894,1000.0,7711.734154961022,1000.0,0.10566173738685924,0.0
10546,1710497040000.0,0.0,0.0,37.4,10.469253463061742,0.0,0.0,10.5937,0.9533662612544772,1.0,7951.928819135531,1000.0,7956.583119617022,1000.0,0.04923963587001465,0.0
10547,1710500640000.0,0.0,0.0,32.0,10.559209234729424,0.0,0.0,10.603,0.9533662612544772,1.0,7955.243946436363,1000.0,7956.645250925022,1000.0,0.04247446059309157,0.0
10548,1710504240000.0,0.0,0.0,11.9,10.593939084813417,0.0,0.0,10.9246,0.9533662612544772,1.0,7961.065322876301,1000.0,7965.000187767022,1000.0,0.01583555340853953,0.0
10549,1710507840000.0,0.0,0.0,27.1,10.729490634385483,0.0,0.0,10.837,0.9533662612544772,1.0,7965.736000474868,1000.0,7968.649504283021,1000.0,0.03650248968513553,0.0
10550,1710511440000.0,0.0,0.0,5.6,10.737271922833205,0.0,0.0,11.0504,0.9533662612544772,1.0,7973.045188606886,1000.0,7974.79870583902,1000.0,0.0075415003107955686,0.0
10551,1710515040000.0,0.0,0.0,0.6,10.737271922833205,0.0,0.0,11.2936,0.9533662612544772,1.0,7974.66118630872,1000.0,7974.99498315502,1000.0,0.0008078541524448061,0.0
10552,1710518640000.0,0.0,0.0,0.1,10.737271922833205,0.0,0.0,11.0244,0.9533662612544772,1.0,7974.839550725304,1000.0,7974.8682635330215,1000.0,0.00013463934734406864,0.0
10553,1710522240000.0,0.0,0.0,36.5,10.906991780821915,0.0,0.0,10.8691,0.9533662612544772,1.0,7975.786214975023,1000.0,7974.403164975022,1000.0,0.04991422654390275,0.0
10554,1710525840000.0,0.0,0.0,31.3,10.906991780821915,0.0,0.0,10.9202,0.9533662612544772,1.0,7976.342120970749,1000.0,7976.755538231024,1000.0,0.04280017551430927,0.0
10555,1710529440000.0,0.0,0.0,8.1,10.906991780821915,0.0,0.0,11.3666,0.9533662612544772,1.0,7981.28143502968,1000.0,7985.004261605023,1000.0,0.011069229188799927,0.0
10556,1710533040000.0,0.0,0.0,36.4,10.9831,0.0,0.0,10.8417,0.9533662612544772,1.0,7985.260579793023,1000.0,7980.113619793023,1000.0,0.05006534677298688,0.0
10557,1710536640000.0,0.0,0.0,92.1,10.75243789359392,0.0,0.0,10.6622,0.9533662612544772,1.0,7985.142476855022,1000.0,7976.831566855022,1000.0,0.12401776585331925,0.0
10558,1710540240000.0,0.0,0.0,92.1,10.75243789359392,0.0,0.0,10.7652,0.9533662612544772,1.0,7985.142476855022,1000.0,7986.317866855023,1000.0,0.12401776585331925,0.0
10559,1710543840000.0,0.0,0.0,34.7,10.75243789359392,0.0,0.0,10.9595,0.9533662612544772,1.0,7992.787549762732,1000.0,7999.972604855023,1000.0,0.04668078471806559,0.0
10560,1710547440000.0,0.0,0.0,6.6,10.75243789359392,0.0,0.0,11.0512,0.9533662612544772,1.0,8000.062618858744,1000.0,8002.034448761024,1000.0,0.008870691828140166,0.0
10561,1710551040000.0,0.0,0.0,0.5,10.75243789359392,0.0,0.0,11.0872,0.9533662612544772,1.0,8002.248079929822,1000.0,8002.415460983025,1000.0,0.0006718385749975535,0.0
10562,1710554640000.0,0.0,0.0,0.0,10.75243789359392,0.0,0.0,11.0546,0.9533662612544772,1.0,8002.405703993026,1000.0,8002.405703993026,1000.0,0.0,0.0
10563,1710558240000.0,0.0,0.0,36.4,10.9842,0.0,0.0,10.9152,0.9533662612544772,1.0,8002.325739017026,1000.0,7999.814139017026,1000.0,0.04996358471769894,0.0
10564,1710561840000.0,0.0,0.0,36.4,10.9842,0.0,0.0,11.0104,0.9533662612544772,1.0,8002.325739017026,1000.0,8003.279419017025,1000.0,0.04996358471769894,0.0
10565,1710565440000.0,0.0,0.0,10.5,10.9842,0.0,0.0,11.1199,0.9533662612544772,1.0,8005.371910123023,1000.0,8006.796760123023,1000.0,0.014407088302063357,0.0
10566,1710569040000.0,0.0,0.0,36.4,10.999781868131867,0.0,0.0,10.9577,0.9533662612544772,1.0,8005.473125041022,1000.0,8003.941345041022,1000.0,0.05001479034981436,0.0
10567,1710572640000.0,0.0,0.0,36.4,10.999781868131867,0.0,0.0,10.9082,0.9533662612544772,1.0,8005.473125041022,1000.0,8002.139545041023,1000.0,0.05001479034981436,0.0
10568,1710576240000.0,0.0,0.0,31.2,10.999781868131867,0.0,0.0,11.1127,0.9533662612544772,1.0,8006.033665134736,1000.0,8009.556710849022,1000.0,0.04286681878197405,0.0
10569,1710579840000.0,0.0,0.0,0.9,10.999781868131867,0.0,0.0,11.4168,0.9533662612544772,1.0,8016.942730268339,1000.0,8017.31804658702,1000.0,0.001234860222206841,0.0
10570,1710583440000.0,0.0,0.0,0.0,10.999781868131867,0.0,0.0,11.5525,0.9533662612544772,1.0,8017.297365289017,1000.0,8017.297365289017,1000.0,0.0,0.0
10571,1710587040000.0,0.0,0.0,0.0,10.999781868131867,0.0,0.0,11.6555,0.9533662612544772,1.0,8017.297365289017,1000.0,8017.297365289017,1000.0,0.0,0.0
10572,1710590640000.0,0.0,0.0,0.0,10.999781868131867,0.0,0.0,11.602,0.9533662612544772,1.0,8017.297365289017,1000.0,8017.297365289017,1000.0,0.0,0.0
10573,1710594240000.0,0.0,0.0,0.0,10.999781868131867,0.0,0.0,11.6695,0.9533662612544772,1.0,8017.297365289017,1000.0,8017.297365289017,1000.0,0.0,0.0
10574,1710597840000.0,0.0,0.0,35.3,11.3412,0.0,0.0,11.12,0.9533662612544772,1.0,8017.217296417017,1000.0,8009.408936417017,1000.0,0.04993557554925177,0.0
10575,1710601440000.0,0.0,0.0,35.3,11.3412,0.0,0.0,10.9629,0.9533662612544772,1.0,8017.217296417017,1000.0,8003.863306417017,1000.0,0.04993557554925177,0.0
10576,1710605040000.0,0.0,0.0,48.4,11.103067861142218,0.0,0.0,11.0899,0.9533662612544772,1.0,8021.548547638301,1000.0,8020.911223159018,1000.0,0.06699311003203999,0.0
10577,1710608640000.0,0.0,0.0,48.4,11.103067861142218,0.0,0.0,10.9095,0.9533662612544772,1.0,8021.548547638301,1000.0,8012.179863159017,1000.0,0.06699311003203999,0.0
10578,1710612240000.0,0.0,0.0,122.5,10.863487220239048,0.0,0.0,10.5781,0.9533662612544772,1.0,8021.389869898301,1000.0,7986.429935419018,1000.0,0.1659035660980976,0.0
10579,1710615840000.0,0.0,0.0,310.0,10.592950595094461,0.0,0.0,10.4185,0.9533662612544772,1.0,8020.999262398301,1000.0,7966.919577919018,1000.0,0.40940219255143195,0.0
10580,1710619440000.0,0.0,0.0,310.0,10.592950595094461,0.0,0.0,10.2114,0.9533662612544772,1.0,8020.999262398301,1000.0,7902.718577919018,1000.0,0.40940219255143195,0.0
10581,1710623040000.0,0.0,0.0,310.0,10.592950595094461,0.0,0.0,10.3069,0.9533662612544772,1.0,8020.999262398301,1000.0,7932.323577919018,1000.0,0.40940219255143195,0.0
10582,1710626640000.0,0.0014077767705059426,0.0,783.1,10.242822403881092,0.0,0.0,10.1014,0.9533662612544772,1.0,8020.0517944903,1000.0,7909.303910011017,1000.0,1.0001374592106427,0.0
10583,1710630240000.0,0.0014077767705059426,0.0,783.1,10.242822403881092,0.0,0.0,10.1158,0.9533662612544772,1.0,8020.0517944903,1000.0,7920.580550011017,1000.0,1.0001374592106427,0.0
10584,1710633840000.0,0.0,0.0,447.6,10.242822403881092,0.0,0.0,10.5288,0.9533662612544772,1.0,8087.280958596194,1000.0,8215.284530619017,1000.0,0.5669009561370546,0.0
10585,1710637440000.0,0.0,0.0,34.2,10.250139768438647,0.0,0.0,10.3013,0.9533662612544772,1.0,8191.09507906162,1000.0,8192.844758981018,1000.0,0.0427970590863611,0.0
10586,1710641040000.0,0.0,0.0,9.8,10.296164548932184,0.0,0.0,10.6799,0.9533662612544772,1.0,8197.129451794553,1000.0,8200.890059215018,1000.0,0.012309481407231575,0.0
10587,1710644640000.0,0.0,0.0,0.0,10.296164548932184,0.0,0.0,11.3561,0.9533662612544772,1.0,8201.78633313302,1000.0,8201.78633313302,1000.0,0.0,0.0
10588,1710648240000.0,0.0,0.0,0.0,10.296164548932184,0.0,0.0,11.2917,0.9533662612544772,1.0,8201.78633313302,1000.0,8201.78633313302,1000.0,0.0,0.0
10589,1710651840000.0,0.0,0.0,0.0,10.296164548932184,0.0,0.0,11.1094,0.9533662612544772,1.0,8201.78633313302,1000.0,8201.78633313302,1000.0,0.0,0.0
10590,1710655440000.0,0.0,0.0,0.0,10.296164548932184,0.0,0.0,10.9965,0.9533662612544772,1.0,8201.78633313302,1000.0,8201.78633313302,1000.0,0.0,0.0
10591,1710659040000.0,0.0,0.0,37.7,10.8637,0.0,0.0,10.6888,0.9533662612544772,1.0,8201.704420835022,1000.0,8195.110690835021,1000.0,0.04993614363370367,0.0
10592,1710662640000.0,0.0,0.0,34.2,10.662139634715224,0.0,0.0,10.7112,0.9533662612544772,1.0,8208.901526768283,1000.0,8210.579391261022,1000.0,0.04442070285752543,0.0
10593,1710666240000.0,0.0,0.0,2.4,10.686837670882614,0.0,0.0,11.0535,0.9533662612544772,1.0,8219.434253647138,1000.0,8220.314243237019,1000.0,0.0031204593428966875,0.0
10594,1710669840000.0,0.0,0.0,0.0,10.686837670882614,0.0,0.0,11.291,0.9533662612544772,1.0,8220.499159505012,1000.0,8220.499159505012,1000.0,0.0,0.0
10595,1710673440000.0,0.0,0.0,0.0,10.686837670882614,0.0,0.0,11.4662,0.9533662612544772,1.0,8220.499159505012,1000.0,8220.499159505012,1000.0,0.0,0.0
10596,1710677040000.0,0.0,0.0,0.0,10.686837670882614,0.0,0.0,11.4835,0.9533662612544772,1.0,8220.499159505012,1000.0,8220.499159505012,1000.0,0.0,0.0
10597,1710680640000.0,0.0,0.0,0.0,10.686837670882614,0.0,0.0,11.6402,0.9533662612544772,1.0,8220.499159505012,1000.0,8220.499159505012,1000.0,0.0,0.0
10598,1710684240000.0,0.0,0.0,0.0,10.686837670882614,0.0,0.0,12.205,0.9533662612544772,1.0,8220.499159505012,1000.0,8220.499159505012,1000.0,0.0,0.0
10599,1710687840000.0,0.0,0.0,0.0,10.686837670882614,0.0,0.0,13.2048,0.9533662612544772,1.0,8220.499159505012,1000.0,8220.499159505012,1000.0,0.0,0.0
10600,1710691440000.0,0.0,0.0,0.0,10.686837670882614,0.0,0.0,13.4217,0.9533662612544772,1.0,8220.499159505012,1000.0,8220.499159505012,1000.0,0.0,0.0
10601,1710695040000.0,0.0,0.0,0.0,10.686837670882614,0.0,0.0,13.4535,0.9533662612544772,1.0,8220.499159505012,1000.0,8220.499159505012,1000.0,0.0,0.0
10602,1710698640000.0,0.0,0.0,0.0,10.686837670882614,0.0,0.0,12.8111,0.9533662612544772,1.0,8220.499159505012,1000.0,8220.499159505012,1000.0,0.0,0.0
10603,1710702240000.0,0.0,0.0,4.5,12.3863,0.0,0.0,12.7663,0.9533662612544772,1.0,8228.409704011012,1000.0,8230.119704011011,1000.0,0.006773890946731766,0.0
10604,1710705840000.0,0.0,0.0,0.6,12.3863,0.0,0.0,12.8622,0.9533662612544772,1.0,8229.886425361015,1000.0,8230.171965361016,1000.0,0.0009030233973944537,0.0
10605,1710709440000.0,0.0,0.0,0.0,12.3863,0.0,0.0,13.1385,0.9533662612544772,1.0,8230.21310335902,1000.0,8230.21310335902,1000.0,0.0,0.0
10606,1710713040000.0,0.0,0.0,0.0,12.3863,0.0,0.0,13.2062,0.9533662612544772,1.0,8230.21310335902,1000.0,8230.21310335902,1000.0,0.0,0.0
10607,1710716640000.0,0.0,0.0,0.0,12.3863,0.0,0.0,13.0486,0.9533662612544772,1.0,8230.21310335902,1000.0,8230.21310335902,1000.0,0.0,0.0
10608,1710720240000.0,0.0,0.0,0.0,12.3863,0.0,0.0,13.0822,0.9533662612544772,1.0,8230.21310335902,1000.0,8230.21310335902,1000.0,0.0,0.0
10609,1710723840000.0,0.0,0.0,32.0,12.86359,0.0,0.0,12.7744,0.9533662612544772,1.0,8238.623742441017,1000.0,8235.769662441018,1000.0,0.049964034390777616,0.0
10610,1710727440000.0,0.0,0.0,3.6,12.86359,0.0,0.0,13.0851,0.9533662612544772,1.0,8243.648271527012,1000.0,8244.445707527013,1000.0,0.005617527880216313,0.0
10611,1710731040000.0,0.0,0.0,27.4,12.901719811912226,0.0,0.0,13.0648,0.9533662612544772,1.0,8244.554935695405,1000.0,8249.02333284901,1000.0,0.04287764780556679,0.0
10612,1710734640000.0,0.0,0.0,5.7,12.901719811912226,0.0,0.0,12.9627,0.9533662612544772,1.0,8248.86026987291,1000.0,8249.20785694501,1000.0,0.0089151471260202,0.0
10613,1710738240000.0,0.0,0.0,9.6,12.933981283006261,0.0,0.0,13.2947,0.9533662612544772,1.0,8253.374062821873,1000.0,8256.836962505013,1000.0,0.015044298170875223,0.0
10614,1710741840000.0,0.0,0.0,31.8,12.987667571377475,0.0,0.0,12.8418,0.9533662612544772,1.0,8257.09686504082,1000.0,8252.458276271016,1000.0,0.05001852776105976,0.0
10615,1710745440000.0,0.0,0.0,31.8,12.985774250636254,0.0,0.0,13.033,0.9533662612544772,1.0,8258.144452633247,1000.0,8259.646231463013,1000.0,0.05000489196317674,0.0
10616,1710749040000.0,0.0,0.0,19.0,12.985516901411582,0.0,0.0,13.1301,0.9533662612544772,1.0,8261.873137837834,1000.0,8264.620216711015,1000.0,0.029863060956100442,0.0
10617,1710752640000.0,0.0,0.0,31.8,12.992433368767927,0.0,0.0,12.6082,0.9533662612544772,1.0,8261.839850925835,1000.0,8249.621229799015,1000.0,0.05000815660697184,0.0
10618,1710756240000.0,0.0,0.0,80.5,12.7195116910164,0.0,0.0,12.6839,0.9533662612544772,1.0,8261.717698663835,1000.0,8258.850957537015,1000.0,0.12393556987458172,0.0
10619,1710759840000.0,0.0,0.0,80.5,12.7195116910164,0.0,0.0,12.339,0.9533662612544772,1.0,8261.717698663835,1000.0,8231.086507537015,1000.0,0.12393556987458172,0.0
10620,1710763440000.0,0.0,0.0,80.5,12.7195116910164,0.0,0.0,12.3228,0.9533662612544772,1.0,8261.717698663835,1000.0,8229.782407537015,1000.0,0.12393556987458172,0.0
10621,1710767040000.0,0.0,0.0,203.7,12.420727987858717,0.0,0.0,12.3911,0.9533662612544772,1.0,8261.416462343836,1000.0,8255.381241217015,1000.0,0.30625526538447967,0.0
10622,1710770640000.0,0.0,0.0,203.7,12.420727987858717,0.0,0.0,12.2479,0.9533662612544772,1.0,8261.416462343836,1000.0,8226.211401217015,1000.0,0.30625526538447967,0.0
10623,1710774240000.0,0.0,0.0,203.7,12.420727987858717,0.0,0.0,11.9539,0.9533662612544772,1.0,8261.416462343836,1000.0,8166.3236012170155,1000.0,0.30625526538447967,0.0
10624,1710777840000.0,0.0,0.0,203.7,12.420727987858717,0.0,0.0,11.9461,0.9533662612544772,1.0,8261.416462343836,1000.0,8164.734741217015,1000.0,0.30625526538447967,0.0
10625,1710781440000.0,0.0017543679474294257,0.0,688.9,11.99227576009119,0.0,0.0,11.7579,0.9533662612544772,1.0,8260.270187047836,1000.0,8098.808725921015,1000.0,1.0001463128991688,0.0
10626,1710785040000.0,0.0017543679474294257,0.0,688.9,11.99227576009119,0.0,0.0,11.8663,0.9533662612544772,1.0,8260.270187047836,1000.0,8173.485485921016,1000.0,1.0001463128991688,0.0
10627,1710788640000.0,0.0017543679474294257,0.0,688.9,11.99227576009119,0.0,0.0,11.778,0.9533662612544772,1.0,8260.270187047836,1000.0,8112.655615921016,1000.0,1.0001463128991688,0.0
10628,1710792240000.0,0.0,0.0,78.0,11.99227576009119,0.0,0.0,12.215,0.9533662612544772,1.0,8370.924660532128,1000.0,8388.297151245015,1000.0,0.11174363015084775,0.0
10629,1710795840000.0,0.0,0.0,29.8,12.123894402308105,0.0,0.0,12.2399,0.9533662612544772,1.0,8405.087760939798,1000.0,8408.544727751016,1000.0,0.042984923354135736,0.0
10630,1710799440000.0,0.0,0.0,34.6,12.130158792012232,0.0,0.0,11.9633,0.9533662612544772,1.0,8406.345185040642,1000.0,8400.571870837019,1000.0,0.049926987884163845,0.0
10631,1710803040000.0,0.0,0.0,34.6,12.130158792012232,0.0,0.0,11.8857,0.9533662612544772,1.0,8406.345185040642,1000.0,8397.886910837018,1000.0,0.049926987884163845,0.0
10632,1710806640000.0,0.0,0.0,87.5,11.875538219469979,0.0,0.0,11.7053,0.9533662612544772,1.0,8406.221303820641,1000.0,8391.325459617017,1000.0,0.12361197221055151,0.0
10633,1710810240000.0,0.0,0.0,87.5,11.875538219469979,0.0,0.0,11.4366,0.9533662612544772,1.0,8406.221303820641,1000.0,8367.814209617018,1000.0,0.12361197221055151,0.0
10634,1710813840000.0,0.0,0.0,551.7,11.196620357223793,0.0,0.0,11.107,0.9533662612544772,1.0,8426.592679651383,1000.0,8377.149128571016,1000.0,0.7330573205463069,0.0
10635,1710817440000.0,0.0,0.0,472.9,11.196620357223793,0.0,0.0,10.9814,0.9533662612544772,1.0,8435.238451966148,1000.0,8333.460745035018,1000.0,0.6277097911437182,0.0
10636,1710821040000.0,0.0,0.0,472.9,11.196620357223793,0.0,0.0,11.0108,0.9533662612544772,1.0,8435.238451966148,1000.0,8347.364005035017,1000.0,0.6277097911437182,0.0
10637,1710824640000.0,0.0,0.0,472.9,11.196620357223793,0.0,0.0,10.8838,0.9533662612544772,1.0,8435.238451966148,1000.0,8287.305705035016,1000.0,0.6277097911437182,0.0
10638,1710828240000.0,0.0,0.0,472.9,11.196620357223793,0.0,0.0,10.8062,0.9533662612544772,1.0,8435.238451966148,1000.0,8250.608665035017,1000.0,0.6277097911437182,0.0
10639,1710831840000.0,0.0,0.0,472.9,11.196620357223793,0.0,0.0,10.5678,0.9533662612544772,1.0,8435.238451966148,1000.0,8137.869305035017,1000.0,0.6277097911437182,0.0
10640,1710835440000.0,0.0012544469773545053,0.0,773.5,10.905728024474637,0.0,0.0,10.778,0.9533662612544772,1.0,8434.610312194149,1000.0,8335.812685263018,1000.0,1.0001150396640828,0.0
10641,1710839040000.0,0.0012544469773545053,0.0,773.5,10.905728024474637,0.0,0.0,10.6352,0.9533662612544772,1.0,8434.610312194149,1000.0,8225.356885263016,1000.0,1.0001150396640828,0.0
10642,1710842640000.0,0.0,0.0,656.4,10.905728024474637,0.0,0.0,10.9613,0.9533662612544772,1.0,8446.146969492169,1000.0,8482.624414227017,1000.0,0.8475485805683964,0.0
10643,1710846240000.0,0.0,0.0,656.4,10.905728024474637,0.0,0.0,10.7211,0.9533662612544772,1.0,8446.146969492169,1000.0,8324.957134227017,1000.0,0.8475485805683964,0.0
10644,1710849840000.0,0.0,0.0,51.4,10.905728024474637,0.0,0.0,11.4544,0.9533662612544772,1.0,8627.380693627014,1000.0,8655.582433169018,1000.0,0.06497388261446188,0.0
10645,1710853440000.0,0.0,0.0,0.1,10.905728024474637,0.0,0.0,11.2054,0.9533662612544772,1.0,8657.865542629463,1000.0,8657.895509827014,1000.0,0.00012596324083317284,0.0
10646,1710857040000.0,0.0,0.0,0.0,10.905728024474637,0.0,0.0,11.1721,0.9533662612544772,1.0,8657.897515273015,1000.0,8657.897515273015,1000.0,0.0,0.0
10647,1710860640000.0,0.0,0.0,4.9,11.0587,0.0,0.0,11.2103,0.9533662612544772,1.0,8662.521357347014,1000.0,8663.264197347014,1000.0,0.006255410839944587,0.0
10648,1710864240000.0,0.0,0.0,9.4,11.082815128760277,0.0,0.0,11.3644,0.9533662612544772,1.0,8669.38558177736,1000.0,8672.032479567013,1000.0,0.012016821864438101,0.0
10649,1710867840000.0,0.0,0.0,1.9,11.082815128760277,0.0,0.0,11.4,0.9533662612544772,1.0,8671.595318727652,1000.0,8672.197969983008,1000.0,0.002428313127016885,0.0
10650,1710871440000.0,0.0,0.0,38.7,11.18236304256454,0.0,0.0,11.1562,0.9533662612544772,1.0,8671.965270830255,1000.0,8670.952761083006,1000.0,0.04990304230148463,0.0
10651,1710875040000.0,0.0,0.0,28.5,11.18236304256454,0.0,0.0,11.2106,0.9533662612544772,1.0,8673.082967628096,1000.0,8673.887720915007,1000.0,0.0367455664730308,0.0
10652,1710878640000.0,0.0,0.0,37.9,11.203052600694425,0.0,0.0,11.165,0.9533662612544772,1.0,8676.899325289327,1000.0,8675.457131723007,1000.0,0.04893403480305573,0.0
10653,1710882240000.0,0.0,0.0,37.9,11.203052600694425,0.0,0.0,10.9187,0.9533662612544772,1.0,8676.899325289327,1000.0,8666.122361723008,1000.0,0.04893403480305573,0.0
10654,1710885840000.0,0.0,0.0,95.9,10.968178243652957,0.0,0.0,10.8974,0.9533662612544772,1.0,8676.773874769327,1000.0,8669.986241203009,1000.0,0.12122573536518286,0.0
10655,1710889440000.0,0.0,0.0,242.7,10.711487983379971,0.0,0.0,10.5217,0.9533662612544772,1.0,8676.464308801327,1000.0,8630.402765235009,1000.0,0.2996241373262181,0.0
10656,1710893040000.0,0.0,0.0,131.2,10.711487983379971,0.0,0.0,10.725,0.9533662612544772,1.0,8688.166043874462,1000.0,8689.93882045501,1000.0,0.16175418567308386,0.0
10657,1710896640000.0,0.0,0.0,0.6,10.711487983379971,0.0,0.0,11.1732,0.9533662612544772,1.0,8716.832148843041,1000.0,8717.109176053013,1000.0,0.000737296839067964,0.0
10658,1710900240000.0,0.0,0.0,39.8,10.949948170999711,0.0,0.0,10.92,0.9533662612544772,1.0,8718.963544382801,1000.0,8717.771607177012,1000.0,0.04998391551786658,0.0
10659,1710903840000.0,0.0,0.0,16.0,10.953293069042013,0.0,0.0,11.0861,0.9533662612544772,1.0,8723.706584701686,1000.0,8725.831495597013,1000.0,0.020089246171117656,0.0
10660,1710907440000.0,0.0,0.0,34.1,10.965475544198291,0.0,0.0,10.8748,0.9533662612544772,1.0,8724.256622092174,1000.0,8721.164586035013,1000.0,0.04286012347576852,0.0
10661,1710911040000.0,0.0,0.0,86.3,10.737758007614854,0.0,0.0,10.693,0.9533662612544772,1.0,8724.146072932175,1000.0,8720.283456875013,1000.0,0.10621882168299249,0.0
10662,1710914640000.0,0.0,0.0,53.0,10.737758007614854,0.0,0.0,10.9712,0.9533662612544772,1.0,8728.7518421666,1000.0,8741.124267763014,1000.0,0.06519845960729344,0.0
10663,1710918240000.0,0.0,0.0,7.6,10.737758007614854,0.0,0.0,11.0999,0.9533662612544772,1.0,8742.123115484888,1000.0,8744.875394627015,1000.0,0.009334913244738318,0.0
10664,1710921840000.0,0.0,0.0,0.1,10.737758007614854,0.0,0.0,11.1962,0.9533662612544772,1.0,8745.563572339774,1000.0,8745.609416539011,1000.0,0.00012277948606509407,0.0
10665,1710925440000.0,0.0,0.0,39.8,10.9934,0.0,0.0,11.0068,0.9533662612544772,1.0,8745.52850378701,1000.0,8746.061823787011,1000.0,0.05002983179467501,0.0
10666,1710929040000.0,0.0,0.0,3.4,10.9934,0.0,0.0,11.1519,0.9533662612544772,1.0,8752.090723119014,1000.0,8752.629623119014,1000.0,0.004270700702549347,0.0
10667,1710932640000.0,0.0,0.0,1.2,10.9934,0.0,0.0,11.11,0.9533662612544772,1.0,8752.499483287016,1000.0,8752.639403287016,1000.0,0.0015072357359392486,0.0
10668,1710936240000.0,0.0,0.0,0.0,10.9934,0.0,0.0,11.4686,0.9533662612544772,1.0,8752.907742675021,1000.0,8752.907742675021,1000.0,0.0,0.0
10669,1710939840000.0,0.0,0.0,0.0,10.9934,0.0,0.0,11.3025,0.9533662612544772,1.0,8752.907742675021,1000.0,8752.907742675021,1000.0,0.0,0.0
10670,1710943440000.0,0.0,0.0,0.0,10.9934,0.0,0.0,11.4023,0.9533662612544772,1.0,8752.907742675021,1000.0,8752.907742675021,1000.0,0.0,0.0
10671,1710947040000.0,0.0,0.0,0.0,10.9934,0.0,0.0,11.5841,0.9533662612544772,1.0,8752.907742675021,1000.0,8752.907742675021,1000.0,0.0,0.0
10672,1710950640000.0,0.0,0.0,38.8,11.2886,0.0,0.0,11.3123,0.9533662612544772,1.0,8752.82014313902,1000.0,8753.739703139021,1000.0,0.05004074947699326,0.0
10673,1710954240000.0,0.0,0.0,84.2,11.051483910386963,0.0,0.0,10.926,0.9533662612544772,1.0,8754.206663185603,1000.0,8743.640917931021,1000.0,0.1062957479822582,0.0
10674,1710957840000.0,0.0,0.0,33.6,11.051483910386963,0.0,0.0,11.246,0.9533662612544772,1.0,8759.685817880021,1000.0,8766.22155849102,1000.0,0.04239077372284906,0.0
10675,1710961440000.0,0.0,0.0,0.0,11.154815628778739,0.0,0.0,11.9334,0.9533662612544772,1.0,8780.13716989302,1000.0,8780.13716989302,1000.0,0.0,0.0
10676,1710965040000.0,0.0,0.0,0.0,11.154815628778739,0.0,0.0,11.9732,0.9533662612544772,1.0,8780.13716989302,1000.0,8780.13716989302,1000.0,0.0,0.0
10677,1710968640000.0,0.0,0.0,0.0,11.154815628778739,0.0,0.0,11.9972,0.9533662612544772,1.0,8780.13716989302,1000.0,8780.13716989302,1000.0,0.0,0.0
10678,1710972240000.0,0.0,0.0,0.0,11.154815628778739,0.0,0.0,12.2665,0.9533662612544772,1.0,8780.13716989302,1000.0,8780.13716989302,1000.0,0.0,0.0
10679,1710975840000.0,0.0,0.0,0.0,11.154815628778739,0.0,0.0,11.7415,0.9533662612544772,1.0,8780.13716989302,1000.0,8780.13716989302,1000.0,0.0,0.0
10680,1710979440000.0,0.0,0.0,37.6,11.6615,0.0,0.0,11.616,0.9533662612544772,1.0,8780.04947541302,1000.0,8778.338675413019,1000.0,0.04993962747338323,0.0
10681,1710983040000.0,0.0,0.0,37.6,11.6615,0.0,0.0,11.6047,0.9533662612544772,1.0,8780.04947541302,1000.0,8777.91379541302,1000.0,0.04993962747338323,0.0
10682,1710986640000.0,0.0,0.0,37.6,11.6615,0.0,0.0,11.4787,0.9533662612544772,1.0,8780.04947541302,1000.0,8773.17619541302,1000.0,0.04993962747338323,0.0
10683,1710990240000.0,0.0,0.0,37.6,11.6615,0.0,0.0,11.4394,0.9533662612544772,1.0,8780.04947541302,1000.0,8771.69851541302,1000.0,0.04993962747338323,0.0
10684,1710993840000.0,0.0,0.0,95.1,11.416686645636172,0.0,0.0,11.1387,0.9533662612544772,1.0,8779.92002451302,1000.0,8753.483494513019,1000.0,0.12366022662720325,0.0
10685,1710997440000.0,0.0,0.0,95.1,11.416686645636172,0.0,0.0,11.1142,0.9533662612544772,1.0,8779.92002451302,1000.0,8751.15354451302,1000.0,0.12366022662720325,0.0
10686,1711001040000.0,0.0,0.0,95.1,11.416686645636172,0.0,0.0,11.2031,0.9533662612544772,1.0,8779.92002451302,1000.0,8759.60793451302,1000.0,0.12366022662720325,0.0
10687,1711004640000.0,0.0,0.0,95.1,11.416686645636172,0.0,0.0,11.1528,0.9533662612544772,1.0,8779.92002451302,1000.0,8754.82440451302,1000.0,0.12366022662720325,0.0
10688,1711008240000.0,0.0,0.0,95.1,11.416686645636172,0.0,0.0,11.1166,0.9533662612544772,1.0,8779.92002451302,1000.0,8751.38178451302,1000.0,0.12366022662720325,0.0
10689,1711011840000.0,0.0,0.0,95.1,11.416686645636172,0.0,0.0,11.1406,0.9533662612544772,1.0,8779.92002451302,1000.0,8753.66418451302,1000.0,0.12366022662720325,0.0
10690,1711015440000.0,0.0,0.0,95.1,11.416686645636172,0.0,0.0,11.0592,0.9533662612544772,1.0,8779.92002451302,1000.0,8745.92304451302,1000.0,0.12366022662720325,0.0
10691,1711019040000.0,0.0,0.0,95.1,11.416686645636172,0.0,0.0,11.1353,0.9533662612544772,1.0,8779.92002451302,1000.0,8753.16015451302,1000.0,0.12366022662720325,0.0
10692,1711022640000.0,0.0,0.0,95.1,11.416686645636172,0.0,0.0,11.1281,0.9533662612544772,1.0,8779.92002451302,1000.0,8752.47543451302,1000.0,0.12366022662720325,0.0
10693,1711026240000.0,0.0,0.0,95.1,11.416686645636172,0.0,0.0,11.0788,0.9533662612544772,1.0,8779.92002451302,1000.0,8747.78700451302,1000.0,0.12366022662720325,0.0
10694,1711029840000.0,0.0,0.0,95.1,11.416686645636172,0.0,0.0,11.046,0.9533662612544772,1.0,8779.92002451302,1000.0,8744.66772451302,1000.0,0.12366022662720325,0.0
10695,1711033440000.0,0.0,0.0,95.1,11.416686645636172,0.0,0.0,11.0168,0.9533662612544772,1.0,8779.92002451302,1000.0,8741.89080451302,1000.0,0.12366022662720325,0.0
10696,1711037040000.0,0.0,0.0,240.6,11.14867477140482,0.0,0.0,10.9263,0.9533662612544772,1.0,8779.600695663019,1000.0,8726.097325663019,1000.0,0.3055231374389325,0.0
10697,1711040640000.0,0.0,0.0,240.6,11.14867477140482,0.0,0.0,11.0446,0.9533662612544772,1.0,8779.600695663019,1000.0,8754.560305663019,1000.0,0.3055231374389325,0.0
10698,1711044240000.0,0.0,0.0,240.6,11.14867477140482,0.0,0.0,10.8054,0.9533662612544772,1.0,8779.600695663019,1000.0,8697.00878566302,1000.0,0.3055231374389325,0.0
10699,1711047840000.0,0.0,0.0,240.6,11.14867477140482,0.0,0.0,10.7108,0.9533662612544772,1.0,8779.600695663019,1000.0,8674.248025663019,1000.0,0.3055231374389325,0.0
10700,1711051440000.0,0.0,0.0,240.6,11.14867477140482,0.0,0.0,10.7017,0.9533662612544772,1.0,8779.600695663019,1000.0,8672.05856566302,1000.0,0.3055231374389325,0.0
10701,1711055040000.0,0.0,0.0,240.6,11.14867477140482,0.0,0.0,10.8063,0.9533662612544772,1.0,8779.600695663019,1000.0,8697.22532566302,1000.0,0.3055231374389325,0.0
10702,1711058640000.0,0.0,0.0,240.6,11.14867477140482,0.0,0.0,10.8272,0.9533662612544772,1.0,8779.600695663019,1000.0,8702.253865663019,1000.0,0.3055231374389325,0.0
10703,1711062240000.0,0.0,0.0,240.6,11.14867477140482,0.0,0.0,10.7915,0.9533662612544772,1.0,8779.600695663019,1000.0,8693.664445663018,1000.0,0.3055231374389325,0.0
10704,1711065840000.0,0.0,0.0,240.6,11.14867477140482,0.0,0.0,10.7178,0.9533662612544772,1.0,8779.600695663019,1000.0,8675.932225663018,1000.0,0.3055231374389325,0.0
10705,1711069440000.0,0.0,0.0,240.6,11.14867477140482,0.0,0.0,10.7932,0.9533662612544772,1.0,8779.600695663019,1000.0,8694.07346566302,1000.0,0.3055231374389325,0.0
10706,1711073040000.0,0.0,0.0,240.6,11.14867477140482,0.0,0.0,10.7249,0.9533662612544772,1.0,8779.600695663019,1000.0,8677.64048566302,1000.0,0.3055231374389325,0.0
10707,1711076640000.0,0.0,0.0,240.6,11.14867477140482,0.0,0.0,10.8105,0.9533662612544772,1.0,8779.600695663019,1000.0,8698.235845663019,1000.0,0.3055231374389325,0.0
10708,1711080240000.0,0.0,0.0,240.6,11.14867477140482,0.0,0.0,10.9424,0.9533662612544772,1.0,8779.600695663019,1000.0,8729.97098566302,1000.0,0.3055231374389325,0.0
10709,1711083840000.0,0.0,0.0,240.6,11.14867477140482,0.0,0.0,11.0773,0.9533662612544772,1.0,8779.600695663019,1000.0,8762.42792566302,1000.0,0.3055231374389325,0.0
10710,1711087440000.0,0.0,0.0,240.6,11.14867477140482,0.0,0.0,11.2065,0.9533662612544772,1.0,8779.600695663019,1000.0,8793.513445663019,1000.0,0.3055231374389325,0.0
10711,1711091040000.0,0.0,0.0,108.5,11.14867477140482,0.0,0.0,11.1933,0.9533662612544772,1.0,8797.766777508443,1000.0,8802.60861481102,1000.0,0.1374929846730939,0.0
10712,1711094640000.0,0.0,0.0,108.5,11.14867477140482,0.0,0.0,11.1362,0.9533662612544772,1.0,8797.766777508443,1000.0,8796.413264811019,1000.0,0.1374929846730939,0.0
10713,1711098240000.0,0.0,0.0,108.5,11.14867477140482,0.0,0.0,11.0429,0.9533662612544772,1.0,8797.766777508443,1000.0,8786.29021481102,1000.0,0.1374929846730939,0.0
10714,1711101840000.0,0.0,0.0,108.5,11.14867477140482,0.0,0.0,10.9673,0.9533662612544772,1.0,8797.766777508443,1000.0,8778.08761481102,1000.0,0.1374929846730939,0.0
10715,1711105440000.0,0.0,0.0,108.5,11.14867477140482,0.0,0.0,10.7503,0.9533662612544772,1.0,8797.766777508443,1000.0,8754.54311481102,1000.0,0.1374929846730939,0.0
10716,1711109040000.0,0.0,0.0,274.5,10.88175960909808,0.0,0.0,10.8206,0.9533662612544772,1.0,8797.411295148442,1000.0,8780.62298245102,1000.0,0.33953658780790485,0.0
10717,1711112640000.0,0.0,0.0,274.5,10.88175960909808,0.0,0.0,10.7144,0.9533662612544772,1.0,8797.411295148442,1000.0,8751.471082451018,1000.0,0.33953658780790485,0.0
10718,1711116240000.0,0.0,0.0,274.5,10.88175960909808,0.0,0.0,10.6996,0.9533662612544772,1.0,8797.411295148442,1000.0,8747.40848245102,1000.0,0.33953658780790485,0.0
10719,1711119840000.0,0.0,0.0,274.5,10.88175960909808,0.0,0.0,10.6031,0.9533662612544772,1.0,8797.411295148442,1000.0,8720.919232451019,1000.0,0.33953658780790485,0.0
10720,1711123440000.0,0.0,0.0,274.5,10.88175960909808,0.0,0.0,10.5791,0.9533662612544772,1.0,8797.411295148442,1000.0,8714.331232451019,1000.0,0.33953658780790485,0.0
10721,1711127040000.0,0.0,0.0,274.5,10.88175960909808,0.0,0.0,10.5707,0.9533662612544772,1.0,8797.411295148442,1000.0,8712.025432451019,1000.0,0.33953658780790485,0.0
10722,1711130640000.0,0.0,0.0,274.5,10.88175960909808,0.0,0.0,10.5917,0.9533662612544772,1.0,8797.411295148442,1000.0,8717.78993245102,1000.0,0.33953658780790485,0.0
10723,1711134240000.0,0.0,0.0,274.5,10.88175960909808,0.0,0.0,10.5271,0.9533662612544772,1.0,8797.411295148442,1000.0,8700.05723245102,1000.0,0.33953658780790485,0.0
10724,1711137840000.0,0.0,0.0,274.5,10.88175960909808,0.0,0.0,10.5801,0.9533662612544772,1.0,8797.411295148442,1000.0,8714.60573245102,1000.0,0.33953658780790485,0.0
10725,1711141440000.0,0.0,0.0,274.5,10.88175960909808,0.0,0.0,10.4772,0.9533662612544772,1.0,8797.411295148442,1000.0,8686.359682451019,1000.0,0.33953658780790485,0.0
10726,1711145040000.0,0.0,0.0,828.6,10.5100797642741,0.0,0.0,10.5161,0.9533662612544772,1.0,8796.233509074538,1000.0,8801.22187639702,1000.0,0.9900433047500766,0.0
10727,1711148640000.0,0.0,0.0,828.6,10.5100797642741,0.0,0.0,10.556,0.9533662612544772,1.0,8796.233509074538,1000.0,8834.28301639702,1000.0,0.9900433047500766,0.0
10728,1711152240000.0,0.0,0.0,447.5,10.5100797642741,0.0,0.0,10.6506,0.9533662612544772,1.0,8835.48574036568,1000.0,8898.368545853022,1000.0,0.5323148984356804,0.0
10729,1711155840000.0,0.0,0.0,112.0,10.5100797642741,0.0,0.0,10.6264,0.9533662612544772,1.0,8870.04129953172,1000.0,8883.06916593302,1000.0,0.132708393777247,0.0
10730,1711159440000.0,0.0,0.0,65.0,10.5100797642741,0.0,0.0,10.663,0.9533662612544772,1.0,8879.70340329084,1000.0,8889.643218613022,1000.0,0.07693445981817788,0.0
10731,1711163040000.0,0.0,0.0,35.3,10.5100797642741,0.0,0.0,10.5765,0.9533662612544772,1.0,8882.762420003899,1000.0,8885.107054325023,1000.0,0.041766941198761995,0.0
10732,1711166640000.0,0.0,0.0,41.9,10.532067228102749,0.0,0.0,10.5671,0.9533662612544772,1.0,8883.252838342527,1000.0,8884.720711485023,1000.0,0.049677029899764004,0.0
10733,1711170240000.0,0.0,0.0,41.9,10.554719845936107,0.0,0.0,10.6246,0.9533662612544772,1.0,8884.809571241743,1000.0,8887.73754969702,1000.0,0.04977515364833136,0.0
10734,1711173840000.0,0.0,0.0,41.9,10.567263561800136,0.0,0.0,10.6219,0.9533662612544772,1.0,8885.924174776446,1000.0,8888.21344153702,1000.0,0.04982805778337231,0.0
10735,1711177440000.0,0.0,0.0,14.4,10.567263561800136,0.0,0.0,10.7414,0.9533662612544772,1.0,8888.773225326944,1000.0,8891.280790037023,1000.0,0.01711918972759314,0.0
10736,1711181040000.0,0.0,0.0,5.9,10.567263561800136,0.0,0.0,10.8499,0.9533662612544772,1.0,8890.530015681645,1000.0,8892.197570667024,1000.0,0.007012726452151865,0.0
10737,1711184640000.0,0.0,0.0,2.1,10.567263561800136,0.0,0.0,10.7521,0.9533662612544772,1.0,8891.428901606805,1000.0,8891.817058127024,1000.0,0.002495802837243631,0.0
10738,1711188240000.0,0.0,0.0,1.5,10.567263561800136,0.0,0.0,10.8166,0.9533662612544772,1.0,8891.552910337725,1000.0,8891.926914995025,1000.0,0.0017826914491248463,0.0
10739,1711191840000.0,0.0,0.0,0.2,10.567263561800136,0.0,0.0,11.0036,0.9533662612544772,1.0,8891.986612911385,1000.0,8892.073880199025,1000.0,0.0002376805998888079,0.0
10740,1711195440000.0,0.0,0.0,0.0,10.567263561800136,0.0,0.0,10.8741,0.9533662612544772,1.0,8892.069200903026,1000.0,8892.069200903026,1000.0,0.0,0.0
10741,1711199040000.0,0.0,0.0,0.0,10.567263561800136,0.0,0.0,10.8795,0.9533662612544772,1.0,8892.069200903026,1000.0,8892.069200903026,1000.0,0.0,0.0
10742,1711202640000.0,0.0,0.0,0.0,10.567263561800136,0.0,0.0,10.8684,0.9533662612544772,1.0,8892.069200903026,1000.0,8892.069200903026,1000.0,0.0,0.0
10743,1711206240000.0,0.0,0.0,0.0,10.567263561800136,0.0,0.0,10.9564,0.9533662612544772,1.0,8892.069200903026,1000.0,8892.069200903026,1000.0,0.0,0.0
10744,1711209840000.0,0.0,0.0,41.0,10.8378,0.0,0.0,10.8526,0.9533662612544772,1.0,8891.980330943026,1000.0,8892.587130943026,1000.0,0.04997197288591788,0.0
10745,1711213440000.0,0.0,0.0,19.1,10.8378,0.0,0.0,10.8991,0.9533662612544772,1.0,8894.306346587025,1000.0,8895.477176587025,1000.0,0.02327353836642157,0.0
10746,1711217040000.0,0.0,0.0,9.0,10.8378,0.0,0.0,10.8804,0.9533662612544772,1.0,8895.379075263027,1000.0,8895.762475263027,1000.0,0.01096526625506579,0.0
10747,1711220640000.0,0.0,0.0,1.8,10.8378,0.0,0.0,10.9659,0.9533662612544772,1.0,8896.143792735029,1000.0,8896.374372735028,1000.0,0.0021928647349350513,0.0
10748,1711224240000.0,0.0,0.0,40.9,10.882062102689488,0.0,0.0,10.8905,0.9533662612544772,1.0,8896.121104995027,1000.0,8896.466214995027,1000.0,0.05003038231461316,0.0
10749,1711227840000.0,0.0,0.0,40.9,10.882062102689488,0.0,0.0,10.7681,0.9533662612544772,1.0,8896.121104995027,1000.0,8891.460054995026,1000.0,0.05003038231461316,0.0
10750,1711231440000.0,0.0,0.0,40.9,10.882062102689488,0.0,0.0,10.8222,0.9533662612544772,1.0,8896.121104995027,1000.0,8893.672744995027,1000.0,0.05003038231461316,0.0
10751,1711235040000.0,0.0,0.0,40.9,10.882062102689488,0.0,0.0,10.799,0.9533662612544772,1.0,8896.121104995027,1000.0,8892.723864995027,1000.0,0.05003038231461316,0.0
10752,1711238640000.0,0.0,0.0,40.9,10.882062102689488,0.0,0.0,10.6961,0.9533662612544772,1.0,8896.121104995027,1000.0,8888.515254995027,1000.0,0.05003038231461316,0.0
10753,1711242240000.0,0.0,0.0,40.9,10.882062102689488,0.0,0.0,10.8184,0.9533662612544772,1.0,8896.121104995027,1000.0,8893.517324995028,1000.0,0.05003038231461316,0.0
10754,1711245840000.0,0.0,0.0,40.9,10.882062102689488,0.0,0.0,10.792,0.9533662612544772,1.0,8896.121104995027,1000.0,8892.437564995027,1000.0,0.05003038231461316,0.0
10755,1711249440000.0,0.0,0.0,40.9,10.882062102689488,0.0,0.0,10.7301,0.9533662612544772,1.0,8896.121104995027,1000.0,8889.905854995028,1000.0,0.05003038231461316,0.0
10756,1711253040000.0,0.0,0.0,40.9,10.882062102689488,0.0,0.0,10.6375,0.9533662612544772,1.0,8896.121104995027,1000.0,8886.118514995027,1000.0,0.05003038231461316,0.0
10757,1711256640000.0,0.0,0.0,40.9,10.882062102689488,0.0,0.0,10.6269,0.9533662612544772,1.0,8896.121104995027,1000.0,8885.684974995027,1000.0,0.05003038231461316,0.0
10758,1711260240000.0,0.0,0.0,40.9,10.882062102689488,0.0,0.0,10.5355,0.9533662612544772,1.0,8896.121104995027,1000.0,8881.946714995027,1000.0,0.05003038231461316,0.0
10759,1711263840000.0,0.0,0.0,40.9,10.882062102689488,0.0,0.0,10.5781,0.9533662612544772,1.0,8896.121104995027,1000.0,8883.689054995028,1000.0,0.05003038231461316,0.0
10760,1711267440000.0,0.0,0.0,40.9,10.882062102689488,0.0,0.0,10.6364,0.9533662612544772,1.0,8896.121104995027,1000.0,8886.073524995027,1000.0,0.05003038231461316,0.0
10761,1711271040000.0,0.0,0.0,40.9,10.882062102689488,0.0,0.0,10.8092,0.9533662612544772,1.0,8896.121104995027,1000.0,8893.141044995027,1000.0,0.05003038231461316,0.0
10762,1711274640000.0,0.0,0.0,40.9,10.882062102689488,0.0,0.0,10.7361,0.9533662612544772,1.0,8896.121104995027,1000.0,8890.151254995028,1000.0,0.05003038231461316,0.0
10763,1711278240000.0,0.0,0.0,40.9,10.882062102689488,0.0,0.0,10.6823,0.9533662612544772,1.0,8896.121104995027,1000.0,8887.950834995027,1000.0,0.05003038231461316,0.0
10764,1711281840000.0,0.0,0.0,40.9,10.882062102689488,0.0,0.0,10.7349,0.9533662612544772,1.0,8896.121104995027,1000.0,8890.102174995027,1000.0,0.05003038231461316,0.0
10765,1711285440000.0,0.0,0.0,40.9,10.882062102689488,0.0,0.0,10.7083,0.9533662612544772,1.0,8896.121104995027,1000.0,8889.014234995027,1000.0,0.05003038231461316,0.0
10766,1711289040000.0,0.0,0.0,40.9,10.882062102689488,0.0,0.0,10.7247,0.9533662612544772,1.0,8896.121104995027,1000.0,8889.684994995026,1000.0,0.05003038231461316,0.0
10767,1711292640000.0,0.0,0.0,40.9,10.882062102689488,0.0,0.0,10.6976,0.9533662612544772,1.0,8896.121104995027,1000.0,8888.576604995027,1000.0,0.05003038231461316,0.0
10768,1711296240000.0,0.0,0.0,40.9,10.882062102689488,0.0,0.0,10.6923,0.9533662612544772,1.0,8896.121104995027,1000.0,8888.359834995026,1000.0,0.05003038231461316,0.0
10769,1711299840000.0,0.0,0.0,103.5,10.653458937198067,0.0,0.0,10.5077,0.9533662612544772,1.0,8895.989593663027,1000.0,8880.903543663027,1000.0,0.12394719984670959,0.0
10770,1711303440000.0,0.0,0.0,103.5,10.653458937198067,0.0,0.0,10.5452,0.9533662612544772,1.0,8895.989593663027,1000.0,8884.784793663028,1000.0,0.12394719984670959,0.0
10771,1711307040000.0,0.0,0.0,103.5,10.653458937198067,0.0,0.0,10.6425,0.9533662612544772,1.0,8895.989593663027,1000.0,8894.855343663028,1000.0,0.12394719984670959,0.0
10772,1711310640000.0,0.0,0.0,103.5,10.653458937198067,0.0,0.0,10.6663,0.9533662612544772,1.0,8895.989593663027,1000.0,8897.318643663028,1000.0,0.12394719984670959,0.0
10773,1711314240000.0,0.0,0.0,65.4,10.653458937198067,0.0,0.0,10.8257,0.9533662612544772,1.0,8899.96681695578,1000.0,8911.231382463027,1000.0,0.07828525980179679,0.0
10774,1711317840000.0,0.0,0.0,18.5,10.653458937198067,0.0,0.0,10.9359,0.9533662612544772,1.0,8909.739288481189,1000.0,8914.964448143024,1000.0,0.02212062373059193,0.0
10775,1711321440000.0,0.0,0.0,1.8,10.653458937198067,0.0,0.0,11.0986,0.9533662612544772,1.0,8915.10106198998,1000.0,8915.902315903024,1000.0,0.002150982468243171,0.0
10776,1711325040000.0,0.0,0.0,0.7,10.653458937198067,0.0,0.0,10.886,0.9533662612544772,1.0,8915.55902131906,1000.0,8915.721800063022,1000.0,0.0008364502145301616,0.0
10777,1711328640000.0,0.0,0.0,41.3,10.8064,0.0,0.0,10.876,0.9533662612544772,1.0,8915.615618239028,1000.0,8918.490098239028,1000.0,0.050058721585863074,0.0
10778,1711332240000.0,0.0,0.0,25.4,10.8064,0.0,0.0,10.9548,0.9533662612544772,1.0,8917.827094629027,1000.0,8921.596454629027,1000.0,0.0307790852062285,0.0
10779,1711335840000.0,0.0,0.0,8.7,10.8064,0.0,0.0,11.0403,0.9533662612544772,1.0,8921.35740782903,1000.0,8923.39233782903,1000.0,0.010538270770039496,0.0
10780,1711339440000.0,0.0,0.0,5.9,10.8064,0.0,0.0,11.0087,0.9533662612544772,1.0,8922.128630759029,1000.0,8923.322200759028,1000.0,0.007146025644619737,0.0
10781,1711343040000.0,0.0,0.0,3.5,10.8064,0.0,0.0,11.0619,0.9533662612544772,1.0,8922.63598115903,1000.0,8923.53023115903,1000.0,0.00423892671177727,0.0
10782,1711346640000.0,0.0,0.0,1.0,10.8064,0.0,0.0,11.0241,0.9533662612544772,1.0,8923.164471159029,1000.0,8923.382171159028,1000.0,0.0012110501868398665,0.0
10783,1711350240000.0,0.0,0.0,0.9,10.8064,0.0,0.0,10.9865,0.9533662612544772,1.0,8923.18561075903,1000.0,8923.34770075903,1000.0,0.0010899425860057506,0.0
10784,1711353840000.0,0.0,0.0,40.7,10.951322850122848,0.0,0.0,10.8959,0.9533662612544772,1.0,8923.09841214303,1000.0,8920.84270214303,1000.0,0.04995112901516831,0.0
10785,1711357440000.0,0.0,0.0,40.7,10.951322850122848,0.0,0.0,10.9889,0.9533662612544772,1.0,8923.09841214303,1000.0,8924.62780214303,1000.0,0.04995112901516831,0.0
10786,1711361040000.0,0.0,0.0,34.9,10.951322850122848,0.0,0.0,11.0342,0.9533662612544772,1.0,8923.721128968318,1000.0,8926.613541499031,1000.0,0.04282979733965242,0.0
10787,1711364640000.0,0.0,0.0,40.7,10.955628390753942,0.0,0.0,10.9532,0.9533662612544772,1.0,8924.223746442716,1000.0,8924.12491093903,1000.0,0.04996446617347792,0.0
10788,1711368240000.0,0.0,0.0,40.7,10.955628390753942,0.0,0.0,11.0352,0.9533662612544772,1.0,8924.223746442716,1000.0,8927.46231093903,1000.0,0.04996446617347792,0.0
10789,1711371840000.0,0.0,0.0,40.7,10.955628390753942,0.0,0.0,10.9612,0.9533662612544772,1.0,8924.223746442716,1000.0,8924.45051093903,1000.0,0.04996446617347792,0.0
10790,1711375440000.0,0.0,0.0,40.7,10.955628390753942,0.0,0.0,10.9717,0.9533662612544772,1.0,8924.223746442716,1000.0,8924.87786093903,1000.0,0.04996446617347792,0.0
10791,1711379040000.0,0.0,0.0,3.8,10.955628390753942,0.0,0.0,11.22,0.9533662612544772,1.0,8932.623849755892,1000.0,8933.628461871027,1000.0,0.004660600131058096,0.0
10792,1711382640000.0,0.0,0.0,1.2,10.955628390753942,0.0,0.0,11.1655,0.9533662612544772,1.0,8933.255941429934,1000.0,8933.50778736103,1000.0,0.0014716643243068604,0.0
10793,1711386240000.0,0.0,0.0,0.0,10.955628390753942,0.0,0.0,11.3446,0.9533662612544772,1.0,8933.577273205032,1000.0,8933.577273205032,1000.0,0.0,0.0
10794,1711389840000.0,0.0,0.0,0.0,10.955628390753942,0.0,0.0,11.2609,0.9533662612544772,1.0,8933.577273205032,1000.0,8933.577273205032,1000.0,0.0,0.0
10795,1711393440000.0,0.0,0.0,0.0,10.955628390753942,0.0,0.0,11.2696,0.9533662612544772,1.0,8933.577273205032,1000.0,8933.577273205032,1000.0,0.0,0.0
10796,1711397040000.0,0.0,0.0,0.0,10.955628390753942,0.0,0.0,11.2778,0.9533662612544772,1.0,8933.577273205032,1000.0,8933.577273205032,1000.0,0.0,0.0
10797,1711400640000.0,0.0,0.0,0.0,10.955628390753942,0.0,0.0,11.2235,0.9533662612544772,1.0,8933.577273205032,1000.0,8933.577273205032,1000.0,0.0,0.0
10798,1711404240000.0,0.0,0.0,39.9,11.1859,0.0,0.0,11.0997,0.9533662612544772,1.0,8933.488009723033,1000.0,8930.048629723033,1000.0,0.04996003907032023,0.0
10799,1711407840000.0,0.0,0.0,39.9,11.1859,0.0,0.0,11.1064,0.9533662612544772,1.0,8933.488009723033,1000.0,8930.315959723033,1000.0,0.04996003907032023,0.0
10800,1711411440000.0,0.0,0.0,39.9,11.1859,0.0,0.0,10.9958,0.9533662612544772,1.0,8933.488009723033,1000.0,8925.903019723033,1000.0,0.04996003907032023,0.0
10801,1711415040000.0,0.0,0.0,39.9,11.1859,0.0,0.0,11.1303,0.9533662612544772,1.0,8933.488009723033,1000.0,8931.269569723032,1000.0,0.04996003907032023,0.0
10802,1711418640000.0,0.0,0.0,39.9,11.1859,0.0,0.0,11.1731,0.9533662612544772,1.0,8933.488009723033,1000.0,8932.977289723032,1000.0,0.04996003907032023,0.0
10803,1711422240000.0,0.0,0.0,39.9,11.1859,0.0,0.0,11.2253,0.9533662612544772,1.0,8933.488009723033,1000.0,8935.060069723033,1000.0,0.04996003907032023,0.0
10804,1711425840000.0,0.0,0.0,12.2,11.1859,0.0,0.0,11.3825,0.9533662612544772,1.0,8937.944365991034,1000.0,8940.342885991035,1000.0,0.015268385482378027,0.0
10805,1711429440000.0,0.0,0.0,3.5,11.1859,0.0,0.0,11.3978,0.9533662612544772,1.0,8939.848087811035,1000.0,8940.589737811035,1000.0,0.00437934175339955,0.0
10806,1711433040000.0,0.0,0.0,0.1,11.1859,0.0,0.0,11.5468,0.9533662612544772,1.0,8940.974134623037,1000.0,8941.010224623036,1000.0,0.00012510829168696182,0.0
10807,1711436640000.0,0.0,0.0,0.0,11.1859,0.0,0.0,11.5835,0.9533662612544772,1.0,8941.017842117037,1000.0,8941.017842117037,1000.0,0.0,0.0
10808,1711440240000.0,0.0,0.0,0.0,11.1859,0.0,0.0,11.7276,0.9533662612544772,1.0,8941.017842117037,1000.0,8941.017842117037,1000.0,0.0,0.0
10809,1711443840000.0,0.0,0.0,0.0,11.1859,0.0,0.0,11.4806,0.9533662612544772,1.0,8941.017842117037,1000.0,8941.017842117037,1000.0,0.0,0.0
10810,1711447440000.0,0.0,0.0,33.6,11.4221,0.0,0.0,11.4836,0.9533662612544772,1.0,8941.544481255038,1000.0,8943.610881255037,1000.0,0.04292128287283677,0.0
10811,1711451040000.0,0.0,0.0,33.6,11.4221,0.0,0.0,11.4512,0.9533662612544772,1.0,8941.544481255038,1000.0,8942.522241255037,1000.0,0.04292128287283677,0.0
10812,1711454640000.0,0.0,0.0,33.6,11.4221,0.0,0.0,11.3967,0.9533662612544772,1.0,8941.544481255038,1000.0,8940.691041255037,1000.0,0.04292128287283677,0.0
10813,1711458240000.0,0.0,0.0,39.1,11.439189514066497,0.0,0.0,11.4405,0.9533662612544772,1.0,8943.74789096504,1000.0,8943.79913096504,1000.0,0.05000949439237144,0.0
10814,1711461840000.0,0.0,0.0,39.1,11.439189514066497,0.0,0.0,11.2313,0.9533662612544772,1.0,8943.74789096504,1000.0,8935.61941096504,1000.0,0.05000949439237144,0.0
10815,1711465440000.0,0.0,0.0,84.8,11.198967947421638,0.0,0.0,11.1932,0.9533662612544772,1.0,8945.163584762393,1000.0,8944.674462821038,1000.0,0.1061660273669082,0.0
10816,1711469040000.0,0.0,0.0,84.8,11.198967947421638,0.0,0.0,11.1975,0.9533662612544772,1.0,8945.163584762393,1000.0,8945.039102821038,1000.0,0.1061660273669082,0.0
10817,1711472640000.0,0.0,0.0,84.8,11.198967947421638,0.0,0.0,10.9682,0.9533662612544772,1.0,8945.163584762393,1000.0,8925.594462821038,1000.0,0.1061660273669082,0.0
10818,1711476240000.0,0.0,0.0,84.8,11.198967947421638,0.0,0.0,11.0705,0.9533662612544772,1.0,8945.163584762393,1000.0,8934.269502821038,1000.0,0.1061660273669082,0.0
10819,1711479840000.0,0.0,0.0,84.8,11.198967947421638,0.0,0.0,11.0057,0.9533662612544772,1.0,8945.163584762393,1000.0,8928.774462821038,1000.0,0.1061660273669082,0.0
10820,1711483440000.0,0.0,0.0,84.8,11.198967947421638,0.0,0.0,10.997,0.9533662612544772,1.0,8945.163584762393,1000.0,8928.036702821038,1000.0,0.1061660273669082,0.0
10821,1711487040000.0,0.0,0.0,84.8,11.198967947421638,0.0,0.0,11.0664,0.9533662612544772,1.0,8945.163584762393,1000.0,8933.921822821037,1000.0,0.1061660273669082,0.0
10822,1711490640000.0,0.0,0.0,84.8,11.198967947421638,0.0,0.0,11.099,0.9533662612544772,1.0,8945.163584762393,1000.0,8936.686302821037,1000.0,0.1061660273669082,0.0
10823,1711494240000.0,0.0,0.0,84.8,11.198967947421638,0.0,0.0,11.066,0.9533662612544772,1.0,8945.163584762393,1000.0,8933.887902821038,1000.0,0.1061660273669082,0.0
10824,1711497840000.0,0.0,0.0,84.8,11.198967947421638,0.0,0.0,11.1507,0.9533662612544772,1.0,8945.163584762393,1000.0,8941.070462821039,1000.0,0.1061660273669082,0.0
10825,1711501440000.0,0.0,0.0,84.8,11.198967947421638,0.0,0.0,11.2108,0.9533662612544772,1.0,8945.163584762393,1000.0,8946.166942821039,1000.0,0.1061660273669082,0.0
10826,1711505040000.0,0.0,0.0,84.8,11.198967947421638,0.0,0.0,11.1391,0.9533662612544772,1.0,8945.163584762393,1000.0,8940.086782821038,1000.0,0.1061660273669082,0.0
10827,1711508640000.0,0.0,0.0,84.8,11.198967947421638,0.0,0.0,11.1416,0.9533662612544772,1.0,8945.163584762393,1000.0,8940.298782821039,1000.0,0.1061660273669082,0.0
10828,1711512240000.0,0.0,0.0,84.8,11.198967947421638,0.0,0.0,11.0775,0.9533662612544772,1.0,8945.163584762393,1000.0,8934.863102821038,1000.0,0.1061660273669082,0.0
10829,1711515840000.0,0.0,0.0,84.8,11.198967947421638,0.0,0.0,11.0115,0.9533662612544772,1.0,8945.163584762393,1000.0,8929.266302821037,1000.0,0.1061660273669082,0.0
10830,1711519440000.0,0.0,0.0,84.8,11.198967947421638,0.0,0.0,11.1277,0.9533662612544772,1.0,8945.163584762393,1000.0,8939.120062821039,1000.0,0.1061660273669082,0.0
10831,1711523040000.0,0.0,0.0,84.8,11.198967947421638,0.0,0.0,11.1758,0.9533662612544772,1.0,8945.163584762393,1000.0,8943.198942821038,1000.0,0.1061660273669082,0.0
10832,1711526640000.0,0.0,0.0,84.8,11.198967947421638,0.0,0.0,11.1452,0.9533662612544772,1.0,8945.163584762393,1000.0,8940.604062821038,1000.0,0.1061660273669082,0.0
10833,1711530240000.0,0.0,0.0,19.1,11.198967947421638,0.0,0.0,11.2377,0.9533662612544772,1.0,8955.894220184793,1000.0,8956.63400238904,1000.0,0.023883744329367452,0.0
10834,1711533840000.0,0.0,0.0,3.4,11.198967947421638,0.0,0.0,11.3933,0.9533662612544772,1.0,8958.939872364272,1000.0,8959.600601343038,1000.0,0.004250111236786897,0.0
10835,1711537440000.0,0.0,0.0,0.0,11.198967947421638,0.0,0.0,11.5361,0.9533662612544772,1.0,8960.340334373037,1000.0,8960.340334373037,1000.0,0.0,0.0
10836,1711541040000.0,0.0,0.0,0.0,11.198967947421638,0.0,0.0,11.5421,0.9533662612544772,1.0,8960.340334373037,1000.0,8960.340334373037,1000.0,0.0,0.0
10837,1711544640000.0,0.0,0.0,0.0,11.198967947421638,0.0,0.0,11.6984,0.9533662612544772,1.0,8960.340334373037,1000.0,8960.340334373037,1000.0,0.0,0.0
10838,1711548240000.0,0.0,0.0,39.2,11.42317193877551,0.0,0.0,11.3366,0.9533662612544772,1.0,8963.119663861036,1000.0,8959.726043861036,1000.0,0.04995898267491239,0.0
10839,1711551840000.0,0.0,0.0,39.2,11.42317193877551,0.0,0.0,11.2839,0.9533662612544772,1.0,8963.119663861036,1000.0,8957.660203861036,1000.0,0.04995898267491239,0.0
10840,1711555440000.0,0.0,0.0,99.2,11.18324939516129,0.0,0.0,11.015,0.9533662612544772,1.0,8962.987345861036,1000.0,8946.297005861037,1000.0,0.12377327973271023,0.0
10841,1711559040000.0,0.0,0.0,99.2,11.18324939516129,0.0,0.0,11.0095,0.9533662612544772,1.0,8962.987345861036,1000.0,8945.751405861036,1000.0,0.12377327973271023,0.0
10842,1711562640000.0,0.0,0.0,99.2,11.18324939516129,0.0,0.0,10.9155,0.9533662612544772,1.0,8962.987345861036,1000.0,8936.426605861036,1000.0,0.12377327973271023,0.0
10843,1711566240000.0,0.0,0.0,251.0,10.920623665338645,0.0,0.0,10.7333,0.9533662612544772,1.0,8962.661006221037,1000.0,8915.642766221037,1000.0,0.3058328924967041,0.0
10844,1711569840000.0,0.0,0.0,251.0,10.920623665338645,0.0,0.0,10.7403,0.9533662612544772,1.0,8962.661006221037,1000.0,8917.399766221037,1000.0,0.3058328924967041,0.0
10845,1711573440000.0,0.0,0.0,251.0,10.920623665338645,0.0,0.0,10.8308,0.9533662612544772,1.0,8962.661006221037,1000.0,8940.115266221037,1000.0,0.3058328924967041,0.0
10846,1711577040000.0,0.0,0.0,94.2,10.920623665338645,0.0,0.0,10.9403,0.9533662612544772,1.0,8985.450017515937,1000.0,8987.303528241036,1000.0,0.11448761578658193,0.0
10847,1711580640000.0,0.0,0.0,15.3,10.920623665338645,0.0,0.0,11.3045,0.9533662612544772,1.0,9011.628691624719,1000.0,9017.501999545038,1000.0,0.018541103700263222,0.0
10848,1711584240000.0,0.0,0.0,4.0,10.920623665338645,0.0,0.0,11.2032,0.9533662612544772,1.0,9016.343995410392,1000.0,9017.474300749038,1000.0,0.004844812341187334,0.0
10849,1711587840000.0,0.0,0.0,40.5,11.12729220244946,0.0,0.0,11.1195,0.9533662612544772,1.0,9017.493019228235,1000.0,9017.177435029032,1000.0,0.04997567874333354,0.0
10850,1711591440000.0,0.0,0.0,40.5,11.12729220244946,0.0,0.0,11.0706,0.9533662612544772,1.0,9017.493019228235,1000.0,9015.196985029032,1000.0,0.04997567874333354,0.0
10851,1711595040000.0,0.0,0.0,40.5,11.12729220244946,0.0,0.0,11.0256,0.9533662612544772,1.0,9017.493019228235,1000.0,9013.374485029033,1000.0,0.04997567874333354,0.0
10852,1711598640000.0,0.0,0.0,40.5,11.12729220244946,0.0,0.0,11.045,0.9533662612544772,1.0,9017.493019228235,1000.0,9014.160185029032,1000.0,0.04997567874333354,0.0
10853,1711602240000.0,0.0,0.0,40.5,11.12729220244946,0.0,0.0,11.0716,0.9533662612544772,1.0,9017.493019228235,1000.0,9015.237485029033,1000.0,0.04997567874333354,0.0
10854,1711605840000.0,0.0,0.0,25.7,11.12729220244946,0.0,0.0,11.1589,0.9533662612544772,1.0,9019.107108375983,1000.0,9019.919428773032,1000.0,0.031707286116756654,0.0
10855,1711609440000.0,0.0,0.0,14.0,11.12729220244946,0.0,0.0,11.2244,0.9533662612544772,1.0,9020.383111283323,1000.0,9021.742620449031,1000.0,0.01727000825934204,0.0
10856,1711613040000.0,0.0,0.0,3.2,11.12729220244946,0.0,0.0,11.51,0.9533662612544772,1.0,9022.516448984865,1000.0,9023.741113937027,1000.0,0.003946497105233264,0.0
10857,1711616640000.0,0.0,0.0,0.2,11.12729220244946,0.0,0.0,11.6277,0.9533662612544772,1.0,9023.701397629518,1000.0,9023.80147918903,1000.0,0.00024662367939995325,0.0
10858,1711620240000.0,0.0,0.0,0.0,11.12729220244946,0.0,0.0,11.6711,0.9533662612544772,1.0,9023.79921444103,1000.0,9023.79921444103,1000.0,0.0,0.0
10859,1711623840000.0,0.0,0.0,0.0,11.12729220244946,0.0,0.0,11.5119,0.9533662612544772,1.0,9023.79921444103,1000.0,9023.79921444103,1000.0,0.0,0.0
10860,1711627440000.0,0.0,0.0,39.6,11.3883,0.0,0.0,11.3452,0.9533662612544772,1.0,9023.709019105028,1000.0,9022.00225910503,1000.0,0.04997686417471913,0.0
10861,1711631040000.0,0.0,0.0,39.6,11.3883,0.0,0.0,11.2921,0.9533662612544772,1.0,9023.709019105028,1000.0,9019.899499105028,1000.0,0.04997686417471913,0.0
10862,1711634640000.0,0.0,0.0,39.6,11.3883,0.0,0.0,11.3209,0.9533662612544772,1.0,9023.709019105028,1000.0,9021.039979105028,1000.0,0.04997686417471913,0.0
10863,1711638240000.0,0.0,0.0,39.6,11.3883,0.0,0.0,11.3934,0.9533662612544772,1.0,9023.709019105028,1000.0,9023.910979105029,1000.0,0.04997686417471913,0.0
10864,1711641840000.0,0.0,0.0,39.6,11.3883,0.0,0.0,11.3861,0.9533662612544772,1.0,9023.709019105028,1000.0,9023.621899105028,1000.0,0.04997686417471913,0.0
10865,1711645440000.0,0.0,0.0,39.6,11.3883,0.0,0.0,11.3086,0.9533662612544772,1.0,9023.709019105028,1000.0,9020.552899105029,1000.0,0.04997686417471913,0.0
10866,1711649040000.0,0.0,0.0,39.6,11.3883,0.0,0.0,11.2993,0.9533662612544772,1.0,9023.709019105028,1000.0,9020.184619105028,1000.0,0.04997686417471913,0.0
10867,1711652640000.0,0.0,0.0,39.6,11.3883,0.0,0.0,11.326,0.9533662612544772,1.0,9023.709019105028,1000.0,9021.241939105028,1000.0,0.04997686417471913,0.0
10868,1711656240000.0,0.0,0.0,39.6,11.3883,0.0,0.0,11.2974,0.9533662612544772,1.0,9023.709019105028,1000.0,9020.109379105028,1000.0,0.04997686417471913,0.0
10869,1711659840000.0,0.0,0.0,39.6,11.3883,0.0,0.0,11.2537,0.9533662612544772,1.0,9023.709019105028,1000.0,9018.378859105029,1000.0,0.04997686417471913,0.0
10870,1711663440000.0,0.0,0.0,39.6,11.3883,0.0,0.0,11.1989,0.9533662612544772,1.0,9023.709019105028,1000.0,9016.208779105029,1000.0,0.04997686417471913,0.0
10871,1711667040000.0,0.0,0.0,39.6,11.3883,0.0,0.0,11.2386,0.9533662612544772,1.0,9023.709019105028,1000.0,9017.780899105028,1000.0,0.04997686417471913,0.0
10872,1711670640000.0,0.0,0.0,39.6,11.3883,0.0,0.0,11.2023,0.9533662612544772,1.0,9023.709019105028,1000.0,9016.34341910503,1000.0,0.04997686417471913,0.0
10873,1711674240000.0,0.0,0.0,39.6,11.3883,0.0,0.0,11.1312,0.9533662612544772,1.0,9023.709019105028,1000.0,9013.527859105028,1000.0,0.04997686417471913,0.0
10874,1711677840000.0,0.0,0.0,39.6,11.3883,0.0,0.0,11.1217,0.9533662612544772,1.0,9023.709019105028,1000.0,9013.151659105028,1000.0,0.04997686417471913,0.0
10875,1711681440000.0,0.0,0.0,39.6,11.3883,0.0,0.0,11.1167,0.9533662612544772,1.0,9023.709019105028,1000.0,9012.95365910503,1000.0,0.04997686417471913,0.0
10876,1711685040000.0,0.0,0.0,100.2,11.149105389221557,0.0,0.0,11.0096,0.9533662612544772,1.0,9023.575786369029,1000.0,9009.597346369028,1000.0,0.12380240233450991,0.0
10877,1711688640000.0,0.0,0.0,100.2,11.149105389221557,0.0,0.0,10.9769,0.9533662612544772,1.0,9023.575786369029,1000.0,9006.320806369029,1000.0,0.12380240233450991,0.0
10878,1711692240000.0,0.0,0.0,100.2,11.149105389221557,0.0,0.0,10.9636,0.9533662612544772,1.0,9023.575786369029,1000.0,9004.988146369029,1000.0,0.12380240233450991,0.0
10879,1711695840000.0,0.0,0.0,100.2,11.149105389221557,0.0,0.0,10.9729,0.9533662612544772,1.0,9023.575786369029,1000.0,9005.920006369028,1000.0,0.12380240233450991,0.0
10880,1711699440000.0,0.0,0.0,100.2,11.149105389221557,0.0,0.0,11.0664,0.9533662612544772,1.0,9023.575786369029,1000.0,9015.288706369029,1000.0,0.12380240233450991,0.0
10881,1711703040000.0,0.0,0.0,100.2,11.149105389221557,0.0,0.0,11.0083,0.9533662612544772,1.0,9023.575786369029,1000.0,9009.467086369028,1000.0,0.12380240233450991,0.0
10882,1711706640000.0,0.0,0.0,100.2,11.149105389221557,0.0,0.0,10.9446,0.9533662612544772,1.0,9023.575786369029,1000.0,9003.084346369029,1000.0,0.12380240233450991,0.0
10883,1711710240000.0,0.0,0.0,100.2,11.149105389221557,0.0,0.0,10.9786,0.9533662612544772,1.0,9023.575786369029,1000.0,9006.49114636903,1000.0,0.12380240233450991,0.0
10884,1711713840000.0,0.0,0.0,100.2,11.149105389221557,0.0,0.0,11.0681,0.9533662612544772,1.0,9023.575786369029,1000.0,9015.45904636903,1000.0,0.12380240233450991,0.0
10885,1711717440000.0,0.0,0.0,100.2,11.149105389221557,0.0,0.0,10.9947,0.9533662612544772,1.0,9023.575786369029,1000.0,9008.104366369029,1000.0,0.12380240233450991,0.0
10886,1711721040000.0,0.0,0.0,100.2,11.149105389221557,0.0,0.0,11.0112,0.9533662612544772,1.0,9023.575786369029,1000.0,9009.757666369029,1000.0,0.12380240233450991,0.0
10887,1711724640000.0,0.0,0.0,100.2,11.149105389221557,0.0,0.0,10.9842,0.9533662612544772,1.0,9023.575786369029,1000.0,9007.052266369028,1000.0,0.12380240233450991,0.0
10888,1711728240000.0,0.0,0.0,100.2,11.149105389221557,0.0,0.0,10.9222,0.9533662612544772,1.0,9023.575786369029,1000.0,9000.83986636903,1000.0,0.12380240233450991,0.0
10889,1711731840000.0,0.0,0.0,100.2,11.149105389221557,0.0,0.0,10.9433,0.9533662612544772,1.0,9023.575786369029,1000.0,9002.954086369029,1000.0,0.12380240233450991,0.0
10890,1711735440000.0,0.0,0.0,100.2,11.149105389221557,0.0,0.0,10.9486,0.9533662612544772,1.0,9023.575786369029,1000.0,9003.485146369028,1000.0,0.12380240233450991,0.0
10891,1711739040000.0,0.0,0.0,100.2,11.149105389221557,0.0,0.0,10.9421,0.9533662612544772,1.0,9023.575786369029,1000.0,9002.833846369029,1000.0,0.12380240233450991,0.0
10892,1711742640000.0,0.0,0.0,100.2,11.149105389221557,0.0,0.0,10.9472,0.9533662612544772,1.0,9023.575786369029,1000.0,9003.344866369029,1000.0,0.12380240233450991,0.0
10893,1711746240000.0,0.0,0.0,100.2,11.149105389221557,0.0,0.0,10.9381,0.9533662612544772,1.0,9023.575786369029,1000.0,9002.43304636903,1000.0,0.12380240233450991,0.0
10894,1711749840000.0,0.0,0.0,100.2,11.149105389221557,0.0,0.0,10.9542,0.9533662612544772,1.0,9023.575786369029,1000.0,9004.046266369029,1000.0,0.12380240233450991,0.0
10895,1711753440000.0,0.0,0.0,100.2,11.149105389221557,0.0,0.0,11.0263,0.9533662612544772,1.0,9023.575786369029,1000.0,9011.27068636903,1000.0,0.12380240233450991,0.0
