timestamp,trade_id,timestamp,pnl,fee_paid,balance,equity,qty,price,psize,pprice,type,pcost,wallet_exposure,mins_since_prev_fill
1675601760000.0,51176,1675601760000.0,0.0,-0.0089217,299.9910783,299.89792830000005,34.5,0.2586,34.5,0.2586,long_ientry_normal,8.9217,0.02973988443442319,
1675601820000.0,51177,1675601820000.0,0.0,-0.02540384,299.96567446,300.23277446000003,103.1,0.2464,137.6,0.24945886627906977,long_rentry,34.32554,0.11443155975027156,1.0
1675601880000.0,51178,1675601880000.0,0.11644622093023285,-0.005005840000000001,300.0771148409302,301.29736862,-19.6,0.2554,118.0,0.24945886627906977,long_nclose,29.436146220930233,0.09809527206542967,1.0
1675601880000.0,51178,1675601880000.0,0.13016622093023245,-0.00501956,300.20226150186045,301.21982906,-19.6,0.2561,98.4,0.24945886627906977,long_nclose,24.546752441860466,0.08176738016248536,0.0
1675601880000.0,51178,1675601880000.0,0.1458462209302329,-0.005035240000000001,300.3430724827907,301.15795382,-19.6,0.2569,78.8,0.24945886627906977,long_nclose,19.657358662790696,0.06544968225933374,0.0
1675601880000.0,51178,1675601880000.0,0.16152622093023225,-0.0050509199999999995,300.49954778372097,301.1117429,-19.6,0.2577,59.2,0.24945886627906977,long_nclose,14.76796488372093,0.049144715832816835,0.0
1675601880000.0,51178,1675601880000.0,0.1752462209302329,-0.0050646400000000005,300.6697293646512,301.07923826,-19.6,0.2584,39.6,0.24945886627906977,long_nclose,9.878571104651163,0.032855223322699266,0.0
1675601880000.0,51178,1675601880000.0,0.19092622093023226,-0.00508032,300.8555752655814,301.06239794000004,-19.6,0.2592,20.0,0.24945886627906977,long_nclose,4.989177325581395,0.01658329688980229,0.0
1675601880000.0,51178,1675601880000.0,0.20882267441860503,-0.005198,301.05919994000004,301.05919994000004,-20.0,0.2599,0.0,0.24945886627906977,long_nclose,0.0,0.0,0.0
1677807060000.0,87931,1677807060000.0,0.0,-0.0089487,301.05025124,300.92311124,32.6,0.2745,32.6,0.2745,long_ientry_normal,8.9487,0.029724937823971502,36753.0
1677807120000.0,87932,1677807120000.0,0.0,-0.025479840000000004,301.0247714,300.6562314,97.4,0.2616,130.0,0.2648349230769231,long_rentry,34.42854,0.11437111916032833,1.0
1677807240000.0,87934,1677807240000.0,0.11590392307692318,-0.00501535,301.13565997307694,302.01261605,-18.5,0.2711,111.5,0.2648349230769231,long_nclose,29.529093923076925,0.09805910706728314,2.0
1677807240000.0,87934,1677807240000.0,0.13070392307692258,-0.00503015,301.26133374615387,301.9927859,-18.5,0.2719,93.0,0.2648349230769231,long_nclose,24.629647846153848,0.08175509130191617,0.0
1677807240000.0,87934,1677807240000.0,0.145503923076923,-0.00504495,301.4017927192308,301.98774095000005,-18.5,0.2727,74.5,0.2648349230769231,long_nclose,19.73020176923077,0.06546146123162025,0.0
1677807300000.0,87935,1677807300000.0,0.1447174153846153,-0.005017679999999999,301.5414924546154,302.06687327000003,-18.4,0.2727,56.1,0.2648349230769231,long_nclose,14.857239184615386,0.049270961232147935,1.0
1677807300000.0,87935,1677807300000.0,0.15857090769230806,-0.0050050500000000005,301.6950583123077,302.04905822,-18.3,0.2735,37.8,0.2648349230769231,long_nclose,10.010760092307692,0.03318171715608542,0.0
1677807300000.0,87935,1677807300000.0,0.17321090769230746,-0.00501969,301.86324953,302.04586853,-18.3,0.2743,19.5,0.2648349230769231,long_nclose,5.164281,0.01710801499699207,0.0
1677807360000.0,87936,1677807360000.0,0.0,-0.00500139,301.85824814,301.97795714,18.3,0.2733,37.8,0.2689330952380953,long_ientry_partial,10.165671000000001,0.033676969447212934,1.0
1677807360000.0,87936,1677807360000.0,0.10465464285714188,-0.00534885,301.95755393285714,302.01550829,-19.5,0.2743,18.3,0.2689330952380953,long_nclose,4.921475642857144,0.016298567725023617,0.0
1677807420000.0,87937,1677807420000.0,0.0,-0.00500664,301.95254729285716,302.08023165000003,18.4,0.2721,36.7,0.27052086220319194,long_ientry_partial,9.928115642857145,0.032879721439236884,1.0
1677813840000.0,88044,1677813840000.0,0.11546239412222559,-0.005011890000000001,302.0629977969794,302.18536976,-18.1,0.2769,18.6,0.27052086220319194,long_nclose,5.031688036979371,0.016657743827204006,107.0
1677813960000.0,88046,1677813960000.0,0.11865196302062961,-0.00515034,302.17649942,302.17649942,-18.6,0.2769,0.0,0.27052086220319194,long_nclose,0.0,0.0,2.0
1678395480000.0,97738,1678395480000.0,0.0,-0.00899392,302.1675055,302.3089455,41.6,0.2162,41.6,0.2162,long_ientry_normal,8.993920000000001,0.029764682953309817,9692.0
1678395720000.0,97742,1678395720000.0,0.21215999999999974,-0.00920608,302.37045942,302.37045942,-41.6,0.2213,0.0,0.2162,long_nclose,0.0,0.0,4.0
1681892580000.0,156023,1681892580000.0,0.0,-0.008986880000000001,302.36147253999997,302.23363254,27.2,0.3304,27.2,0.3304,long_ientry_normal,8.986880000000001,0.029722305307304357,58281.0
1681892760000.0,156026,1681892760000.0,0.21215999999999927,-0.00919904,302.56443349999995,302.56443349999995,-27.2,0.3382,0.0,0.3304,long_nclose,0.0,0.0,3.0
1682539320000.0,166802,1682539320000.0,0.0,-0.00898668,302.55544681999993,302.5240468199999,31.4,0.2862,31.4,0.2862,long_ientry_normal,8.98668,0.029702588713752254,10776.0
1682539980000.0,166813,1682539980000.0,0.21351999999999913,-0.009200199999999999,302.75976661999994,302.75976661999994,-31.4,0.293,0.0,0.2862,long_nclose,0.0,0.0,11.0
1685981040000.0,224164,1685981040000.0,0.0,-0.009013920000000002,302.75075269999996,302.68323269999996,42.2,0.2136,42.2,0.2136,long_ientry_normal,9.01392,0.02977340244280754,57351.0
1685981640000.0,224174,1685981640000.0,0.21521999999999974,-0.009229140000000002,302.95674355999995,302.95674355999995,-42.2,0.2187,0.0,0.2136,long_nclose,0.0,0.0,10.0
1686370860000.0,230661,1686370860000.0,0.0,-0.00901439,302.94772916999995,302.80011916999996,50.9,0.1771,50.9,0.1771,long_ientry_normal,9.01439,0.029755595213395877,6487.0
1686370920000.0,230662,1686370920000.0,0.0,-0.025657600000000003,302.92207156999996,302.43873156999996,152.0,0.1688,202.9,0.17088215869886642,long_rentry,34.671989999999994,0.11445844741619597,1.0
1686371040000.0,230664,1686371040000.0,0.0,-0.26824822,302.65382335,302.48577335,1657.9,0.1618,1860.8,0.16279031061908858,long_rentry,302.92021,1.0008801694525167,2.0
1686371100000.0,230665,1686371100000.0,1.0391954374462522,-0.04430886,303.64870992744625,295.3701644899999,-265.8,0.1667,1595.0,0.16279031061908858,long_nclose,259.6505454374463,0.855101757222967,1.0
1686371100000.0,230665,1686371100000.0,1.1720954374462522,-0.04444176,304.77636360489254,297.87740273,-265.8,0.1672,1329.2,0.16279031061908858,long_nclose,216.38088087489254,0.7099660823941237,0.0
1686371100000.0,230665,1686371100000.0,1.3049954374462525,-0.04457466,306.0367843823388,300.51740807,-265.8,0.1677,1063.4,0.16279031061908858,long_nclose,173.1112163123388,0.5656549315198234,0.0
1686371160000.0,230666,1686371160000.0,0.0,-0.1329229,305.9038614823388,292.41254517,892.1,0.149,1955.5,0.15649916456780305,long_rentry,306.0341163123389,1.0004258031571387,1.0
1686371400000.0,230670,1686371400000.0,1.0336433362126105,-0.04474386,306.89276095855143,320.30376130999997,-279.3,0.1602,1676.2,0.15649916456780305,long_nclose,262.3238996485515,0.8547738266266263,4.0
1686371400000.0,230670,1686371400000.0,1.1732933362126106,-0.04488351,308.0211707847641,319.1975378,-279.3,0.1607,1396.9,0.15649916456780305,long_nclose,218.6136829847641,0.7097359003856418,0.0
1686371400000.0,230670,1686371400000.0,1.3129433362126108,-0.045023160000000007,309.28909096097664,318.23082464,-279.3,0.1612,1117.6,0.15649916456780305,long_nclose,174.90346632097666,0.5655015693490607,0.0
1686371400000.0,230670,1686371400000.0,1.4525933362126109,-0.04516281000000001,310.6965214871892,317.4036218299999,-279.3,0.1617,838.3,0.15649916456780305,long_nclose,131.19324965718928,0.4222552895964711,0.0
1686371400000.0,230670,1686371400000.0,1.5643133362126063,-0.04527453,312.21556029340184,316.68802729999993,-279.3,0.1621,559.0,0.15649916456780305,long_nclose,87.4830329934019,0.28020074627667657,0.0
1686371400000.0,230670,1686371400000.0,1.7039633362126065,-0.045414180000000005,313.8741094496144,316.1119431199999,-279.3,0.1626,279.7,0.15649916456780305,long_nclose,43.772816329614514,0.13945978662072883,0.0
1686371400000.0,230670,1686371400000.0,1.8462536703854853,-0.04561907,315.6747440499999,315.6747440499999,-279.7,0.1631,0.0,0.15649916456780305,long_nclose,0.0,0.0,0.0
1686371460000.0,230671,1686371460000.0,0.0,-0.00939295,315.6653510999999,315.7281610999999,57.1,0.1645,57.1,0.1645,long_ientry_normal,9.39295,0.02975603742149198,1.0
1686374700000.0,230725,1686374700000.0,0.22268999999999925,-0.00961564,315.8784254599999,315.8784254599999,-57.1,0.1684,0.0,0.1645,long_nclose,0.0,0.0,54.0
1688132820000.0,260027,1688132820000.0,0.0,-0.009391140000000001,315.8690343199999,315.7295343199999,55.8,0.1683,55.8,0.1683,long_ientry_normal,9.39114,0.029731119481899083,29302.0
1688132940000.0,260029,1688132940000.0,0.22320000000000018,-0.00961434,316.08261997999995,316.08261997999995,-55.8,0.1723,0.0,0.1683,long_nclose,0.0,0.0,2.0
1692126540000.0,326589,1692126540000.0,0.0,-0.009405000000000002,316.07321497999993,316.19971497999995,55.0,0.171,55.0,0.171,long_ientry_normal,9.405000000000001,0.02975576402636686,66560.0
1692126600000.0,326590,1692126600000.0,0.2254999999999996,-0.0096305,316.28908447999993,316.28908447999993,-55.0,0.1751,0.0,0.171,long_nclose,0.0,0.0,1.0
1692308460000.0,329621,1692308460000.0,0.0,-0.009414569999999999,316.27966990999994,316.0611499099999,60.7,0.1551,60.7,0.1551,long_ientry_normal,9.41457,0.029766598664653327,3031.0
1692308520000.0,329622,1692308520000.0,0.0,-0.02679614,316.25287376999995,315.34996376999993,181.3,0.1478,242.0,0.14963103305785125,long_rentry,36.21071,0.11449922831795302,1.0
1692308580000.0,329623,1692308580000.0,0.0,-0.28004171,315.97283206,308.72960206000005,1976.3,0.1417,2218.3,0.1425652166073119,long_rentry,316.25242,1.0008848480363872,1.0
1692308700000.0,329625,1692308700000.0,1.088482857142859,-0.04626739999999999,317.0150475171429,323.35580466000005,-316.9,0.146,1901.4,0.1425652166073119,long_nclose,271.07350285714284,0.85508087070373,2.0
1692308760000.0,329626,1692308760000.0,0.9328871694540883,-0.039653600000000004,317.90828108659696,330.51443106,-271.6,0.146,1629.8,0.1425652166073119,long_nclose,232.35279002659692,0.7308799545341348,1.0
1692308760000.0,329626,1692308760000.0,1.0415271694540915,-0.039762240000000004,318.910046016051,329.41542882,-271.6,0.1464,1358.2,0.1425652166073119,long_nclose,193.63207719605103,0.6071683210202333,0.0
1692308760000.0,329626,1692308760000.0,1.1501671694540945,-0.039870880000000004,320.0203423055051,328.42495794,-271.6,0.1468,1086.6,0.1425652166073119,long_nclose,154.91136436550508,0.48406724163059633,0.0
1692308760000.0,329626,1692308760000.0,1.285967169454087,-0.04000668,321.2663027949592,327.57015126,-271.6,0.1473,815.0,0.1425652166073119,long_nclose,116.19065153495919,0.3616646082210346,0.0
1692308760000.0,329626,1692308760000.0,1.3946071694540902,-0.04011532,322.6207946444133,326.82387594,-271.6,0.1477,543.4,0.1425652166073119,long_nclose,77.46993870441328,0.24012692297097346,0.0
1692308760000.0,329626,1692308760000.0,1.5032471694540934,-0.04022396,324.0838178538674,326.18613198,-271.6,0.1481,271.8,0.1425652166073119,long_nclose,38.749225873867374,0.11956544492246071,0.0
1692308760000.0,329626,1692308760000.0,1.640254126132631,-0.040389480000000005,325.68368250000003,325.68368250000003,-271.8,0.1486,0.0,0.1425652166073119,long_nclose,0.0,0.0,0.0
1692308820000.0,329627,1692308820000.0,0.0,-0.00967932,325.67400318000006,325.6031631800001,64.4,0.1503,64.4,0.1503,long_ientry_normal,9.67932,0.029720886240496878,1.0
1692313620000.0,329707,1692313620000.0,0.2318400000000013,-0.00991116,325.89593202000003,325.89593202000003,-64.4,0.1539,0.0,0.1503,long_nclose,0.0,0.0,80.0
1699546320000.0,450252,1699546320000.0,0.0,-0.009694999999999999,325.88623702,325.35993702,55.4,0.175,55.4,0.175,long_ientry_normal,9.694999999999999,0.029749645424286528,120545.0
1699546320000.0,450252,1699546320000.0,0.0,-0.0276054,325.85863162,325.11718162,165.5,0.1668,220.9,0.16885649615210502,long_rentry,37.300399999999996,0.11446804344129774,0.0
1699546380000.0,450253,1699546380000.0,0.12737037120869188,-0.00544635,325.9805556412087,326.17819527,-31.5,0.1729,189.4,0.16885649615210502,long_nclose,31.981420371208692,0.09810836817644154,1.0
1699546380000.0,450253,1699546380000.0,0.1431203712086919,-0.005462099999999999,326.1182139124174,326.28298317,-31.5,0.1734,157.9,0.16885649615210502,long_nclose,26.662440742417385,0.08175698137969649,0.0
1699546380000.0,450253,1699546380000.0,0.1588703712086919,-0.00547785,326.2716064336261,326.40350532,-31.5,0.1739,126.4,0.16885649615210502,long_nclose,21.343461113626073,0.06541623816710512,0.0
1699546380000.0,450253,1699546380000.0,0.17462037120869192,-0.0054935999999999995,326.44073320483477,326.53976172,-31.5,0.1744,94.9,0.16885649615210502,long_nclose,16.024481484834766,0.049088486377034744,0.0
1699546440000.0,450254,1699546440000.0,0.11726161158895443,-0.0050141000000000005,326.55298071642375,327.12258762000005,-29.0,0.1729,65.9,0.16885649615210502,long_nclose,11.127643096423721,0.03407607265446119,1.0
1699546440000.0,450254,1699546440000.0,0.13130726120416494,-0.00501126,326.6792767176279,326.99908636,-28.9,0.1734,37.0,0.16885649615210502,long_nclose,6.247690357627886,0.01912484446642206,0.0
1699546440000.0,450254,1699546440000.0,0.1866096423721143,-0.0064343000000000004,326.85945205999997,326.85945205999997,-37.0,0.1739,0.0,0.16885649615210502,long_nclose,0.0,0.0,0.0
1699546560000.0,450256,1699546560000.0,0.0,-0.009724439999999999,326.84972761999995,326.84972761999995,55.6,0.1749,55.6,0.1749,long_ientry_normal,9.72444,0.02975202112239717,2.0
1699546860000.0,450261,1699546860000.0,0.11760000000000026,-0.005014800000000001,326.9623128199999,327.05891281999993,-28.0,0.1791,27.6,0.1749,long_nclose,4.827240000000001,0.014763903394142873,5.0
1699547760000.0,450276,1699547760000.0,0.0,-0.0050024100000000005,326.95731040999993,326.85630040999996,28.7,0.1743,56.3,0.17459413854351688,long_ientry_partial,9.829649999999999,0.03006401657657923,15.0
1699549440000.0,450304,1699549440000.0,0.11776412078152698,-0.005006399999999999,327.07006813078146,327.19475400999994,-28.0,0.1788,28.3,0.17459413854351688,long_nclose,4.941014120781528,0.015106897885886109,28.0
1699549620000.0,450307,1699549620000.0,0.11902587921847192,-0.00506004,327.18403397,327.18403397,-28.3,0.1788,0.0,0.17459413854351688,long_nclose,0.0,0.0,3.0
1702260720000.0,495492,1702260720000.0,0.0,-0.00972849,327.17430548,326.96354548,47.9,0.2031,47.9,0.2031,long_ientry_normal,9.728489999999999,0.02973488393511604,45185.0
1702271760000.0,495676,1702271760000.0,0.11567999999999998,-0.00501039,327.28497509,327.40159509,-24.1,0.2079,23.8,0.2031,long_nclose,4.83378,0.014769330607586739,184.0
1702348080000.0,496948,1702348080000.0,0.17374000000000003,-0.0050075200000000005,327.45370757,327.45370757,-23.8,0.2104,0.0,0.2031,long_nclose,0.0,0.0,1272.0
