timestamp,trade_id,timestamp,pnl,fee_paid,balance,equity,qty,price,psize,pprice,type,pcost,wallet_exposure,mins_since_prev_fill
1708644420000.0,3594,1708644420000.0,0.0,-0.008002800000000001,999.9919972,999.7084972,13.5,2.964,13.5,2.964,long_ientry_normal,40.014,0.04001432022660191,
1708650900000.0,3702,1708650900000.0,0.20100000000000168,-0.004011960000000001,1000.1889852400001,1000.4813852400001,-6.7,2.994,6.8,2.964,long_nclose,20.1552,0.02015139168440619,108.0
1708651740000.0,3716,1708651740000.0,0.10200000000000084,-0.00203592,1000.28894932,1000.44534932,-3.4,2.994,3.4,2.964,long_nclose,10.0776,0.01007468892548577,14.0
1708655640000.0,3781,1708655640000.0,0.05100000000000042,-0.00101796,1000.3389313600001,1000.4035313600001,-1.7,2.994,1.7,2.964,long_nclose,5.0388,0.005037092771296578,65.0
1708662780000.0,3900,1708662780000.0,0.0240000000000002,-0.00047904000000000013,1000.3624523200001,1000.3885523200001,-0.8,2.994,0.9,2.964,long_nclose,2.6676,0.0026666334725112986,119.0
1708663140000.0,3906,1708663140000.0,0.0120000000000001,-0.00023952000000000006,1000.3742128,1000.3897128,-0.4,2.994,0.5,2.964,long_nclose,1.482,0.0014814456240849635,6.0
1708663860000.0,3918,1708663860000.0,0.00600000000000005,-0.00011976000000000003,1000.38009304,1000.38999304,-0.2,2.994,0.3,2.964,long_nclose,0.8892,0.0008888621496833858,12.0
1708665000000.0,3937,1708665000000.0,0.003000000000000025,-5.9880000000000016e-05,1000.3830331600001,1000.3892331600001,-0.1,2.994,0.2,2.964,long_nclose,0.5928,0.0005925730248817488,19.0
1708667220000.0,3974,1708667220000.0,0.003000000000000025,-5.9880000000000016e-05,1000.3859732800001,1000.3891732800001,-0.1,2.994,0.1,2.964,long_nclose,0.2964,0.0002962856416590719,37.0
1708667400000.0,3977,1708667400000.0,0.003000000000000025,-5.9880000000000016e-05,1000.3889134000002,1000.3889134000002,-0.1,2.994,0.0,2.964,long_nclose,0.0,0.0,3.0
1709141460000.0,11878,1709141460000.0,0.0,-0.00801726,1000.3808961400002,1000.6205961400002,14.1,2.843,14.1,2.843,long_ientry_normal,40.0863,0.040071037096644085,7901.0
1709141520000.0,11879,1709141520000.0,0.0,-0.008006800000000001,1000.3728893400003,998.7449893400003,14.8,2.705,28.9,2.7723287197231836,long_rentry,80.1203,0.08009043513050386,1.0
1709141520000.0,11879,1709141520000.0,0.0,-0.008020320000000001,1000.3648690200002,1000.4617690200002,15.4,2.604,44.3,2.7138126410835217,long_rentry,120.2219,0.12017805075239645,0.0
1709141520000.0,11879,1709141520000.0,1.1073115124153472,-0.0040208,1001.4681597324155,1001.5497482200002,-7.0,2.872,37.3,2.7138126410835217,long_nclose,101.22521151241536,0.10107681460333391,0.0
1709141580000.0,11880,1709141580000.0,0.505684875846498,-0.010196520000000002,1001.9636480882621,1002.8086517000002,-18.6,2.741,18.7,2.7138126410835217,long_nclose,50.748296388261856,0.05064883989063791,1.0
1709141700000.0,11882,1709141700000.0,2.247503611738145,-0.010599160000000002,1004.2005525400002,1004.2005525400002,-18.7,2.834,0.0,2.7138126410835217,long_nclose,0.0,0.0,2.0
1709141880000.0,11885,1709141880000.0,0.0,-0.0080088,1004.1925437400002,1004.4040437400002,14.1,2.84,14.1,2.84,long_ientry_normal,40.044,0.03987681471011595,3.0
1709141940000.0,11886,1709141940000.0,0.2030000000000025,-0.0040166,1004.3915271400002,1004.5406271400002,-7.0,2.869,7.1,2.84,long_nclose,20.163999999999998,0.020075836419505534,1.0
1709142000000.0,11887,1709142000000.0,0.10150000000000126,-0.0020083,1004.4910188400002,1004.6062188400001,-3.5,2.869,3.6,2.84,long_nclose,10.224,0.01017828911183976,1.0
1709143560000.0,11913,1709143560000.0,0.05220000000000065,-0.0010328400000000001,1004.5421860000001,1004.5943860000001,-1.8,2.869,1.8,2.84,long_nclose,5.112,0.005088885336269989,26.0
1709143680000.0,11915,1709143680000.0,0.026100000000000324,-0.0005164200000000001,1004.5677695800001,1004.5893695800002,-0.9,2.869,0.9,2.84,long_nclose,2.556,0.0025443778681737304,2.0
1709144580000.0,11930,1709144580000.0,0.0,-0.00755888,1004.5602107000001,1004.4908107000001,13.6,2.779,14.5,2.7827862068965517,long_ientry_partial,40.3504,0.04016722897264957,15.0
1709144640000.0,11931,1709144640000.0,0.2031393103448277,-0.0040478400000000005,1004.7593021703449,1004.8922628600001,-7.2,2.811,7.3,2.7827862068965517,long_nclose,20.314339310344828,0.020218115190836796,1.0
1709144820000.0,11934,1709144820000.0,0.10156965517241386,-0.0020239200000000002,1004.8588479055172,1004.98173894,-3.6,2.811,3.7,2.7827862068965517,long_nclose,10.296308965517241,0.01024652267030181,3.0
1709153820000.0,12084,1709153820000.0,0.459591034482759,-0.0021511800000000004,1005.3162877599999,1005.3162877599999,-3.7,2.907,0.0,2.7827862068965517,long_nclose,0.0,0.0,150.0
1709450820000.0,17034,1709450820000.0,0.0,-0.00806212,1005.3082256399999,1004.2716256399999,14.6,2.761,14.6,2.761,long_ientry_normal,40.3106,0.04009775208427987,4950.0
1709450880000.0,17035,1709450880000.0,0.20440000000000016,-0.0040719400000000005,1005.5085536999999,1005.8516536999999,-7.3,2.789,7.3,2.761,long_nclose,20.1553,0.02004488169278515,1.0
1709452020000.0,17054,1709452020000.0,0.8978999999999984,-0.00421064,1006.4022430599999,1006.4022430599999,-7.3,2.884,0.0,2.761,long_nclose,0.0,0.0,19.0
1709668560000.0,20663,1709668560000.0,0.0,-0.00804536,1006.3941977,1005.3039977,15.8,2.546,15.8,2.546,long_ientry_normal,40.2268,0.039971216141680664,3609.0
1709668620000.0,20664,1709668620000.0,0.0,-0.00804436,1006.38615334,1006.61355334,16.6,2.423,32.4,2.482981481481482,long_rentry,80.44860000000001,0.07993810301642838,1.0
1709668680000.0,20665,1709668680000.0,0.40529999999999333,-0.00812592,1006.78332742,1007.2858274199999,-16.2,2.508,16.2,2.482981481481482,long_nclose,40.22430000000001,0.03995328379451762,1.0
1709668860000.0,20668,1709668860000.0,1.7822999999999927,-0.00840132,1008.5572261,1008.5572261,-16.2,2.593,0.0,2.482981481481482,long_nclose,0.0,0.0,3.0
1710473220000.0,34074,1710473220000.0,0.0,-0.00809628,1008.54912982,1008.6657298199999,10.6,3.819,10.6,3.819,long_ientry_normal,40.4814,0.04013825286550481,13406.0
1710473340000.0,34076,1710473340000.0,0.20140000000000136,-0.004088420000000001,1008.7464414,1008.9902414,-5.3,3.857,5.3,3.819,long_nclose,20.2407,0.020065200896182314,2.0
1710474660000.0,34098,1710474660000.0,0.9009999999999996,-0.004228340000000001,1009.6432130599999,1009.6432130599999,-5.3,3.989,0.0,3.819,long_nclose,0.0,0.0,22.0
1710493980000.0,34420,1710493980000.0,0.0,-0.008082720000000002,1009.6351303399999,1009.72153034,10.8,3.742,10.8,3.742,long_ientry_normal,40.4136,0.04002792571846278,322.0
1710494100000.0,34422,1710494100000.0,0.205199999999999,-0.0040824,1009.8362479399999,1010.1818479399999,-5.4,3.78,5.4,3.742,long_nclose,20.2068,0.020009976905880092,2.0
1710495360000.0,34443,1710495360000.0,0.8963999999999996,-0.00422064,1010.7284272999999,1010.7284272999999,-5.4,3.908,0.0,3.742,long_nclose,0.0,0.0,21.0
1712946840000.0,75301,1712946840000.0,0.0,-0.008101200000000001,1010.7203260999999,1010.6558260999999,12.9,3.14,12.9,3.14,long_ientry_normal,40.506,0.040076368263313594,40858.0
1712946900000.0,75302,1712946900000.0,0.0,-0.008067600000000001,1010.7122584999998,1005.3194584999999,13.5,2.988,26.4,3.0622727272727275,long_rentry,80.844,0.07998715689862192,1.0
1712946900000.0,75302,1712946900000.0,0.0,-0.00811032,1010.7041481799998,1005.0575481799998,14.1,2.876,40.5,2.997422222222222,long_rentry,121.3956,0.12010992555892848,0.0
1712948580000.0,75330,1712948580000.0,0.6176711111111118,-0.01223312,1011.3095861711109,1011.9709150599998,-20.2,3.028,20.3,2.997422222222222,long_nclose,60.84767111111111,0.06016720492236671,28.0
1712948700000.0,75332,1712948700000.0,0.3088355555555559,-0.00611656,1011.6123051666665,1012.0771984999998,-10.1,3.028,10.2,2.997422222222222,long_nclose,30.573706666666663,0.03022275086069613,2.0
1712950320000.0,75359,1712950320000.0,1.3624933333333311,-0.00638724,1012.9684112599998,1012.9684112599998,-10.2,3.131,0.0,2.997422222222222,long_nclose,0.0,0.0,27.0
1713038160000.0,76823,1713038160000.0,0.0,-0.0081258,1012.9602854599998,1013.3372854599997,14.5,2.802,14.5,2.802,long_ientry_normal,40.629,0.04010917365980423,1464.0
1713038220000.0,76824,1713038220000.0,0.2016000000000002,-0.0040752,1013.1578102599998,1013.3622102599998,-7.2,2.83,7.3,2.802,long_nclose,20.4546,0.020188957527505883,1.0
1713038280000.0,76825,1713038280000.0,0.0,-0.0040276800000000005,1013.1537825799998,1013.5957825799998,7.2,2.797,14.5,2.7995172413793106,long_ientry_partial,40.593,0.040065980799706226,1.0
1713038280000.0,76825,1713038280000.0,0.10973793103448219,-0.0020376,1013.2614829110342,1013.5937449799998,-3.6,2.83,10.9,2.7995172413793106,long_nclose,30.514737931034485,0.03011536355193097,0.0
1713038520000.0,76829,1713038520000.0,0.0,-0.00201168,1013.2594712310342,1013.5763332999998,3.6,2.794,14.5,2.79814744351962,long_ientry_partial,40.57313793103449,0.040042199538229996,4.0
1713038580000.0,76830,1713038580000.0,0.2005384066587375,-0.0040694400000000006,1013.455940197693,1013.8417638599998,-7.2,2.826,7.3,2.79814744351962,long_nclose,20.426476337693224,0.020155268253406917,1.0
1713038760000.0,76833,1713038760000.0,0.0,-0.00406464,1013.451875557693,1013.4945992199998,7.3,2.784,14.6,2.79107372175981,long_ientry_partial,40.749676337693224,0.04020879266247256,3.0
1713038820000.0,76834,1713038820000.0,0.0,-0.00812736,1013.443748197693,1012.3985718599998,15.3,2.656,29.9,2.7219557303576334,long_rentry,81.38647633769324,0.0803068512509262,1.0
1713038940000.0,76836,1713038940000.0,0.0,-0.008128080000000001,1013.435620117693,1010.3971437799997,15.9,2.556,45.8,2.6643422781155732,long_rentry,122.02687633769325,0.12040910533963858,2.0
1713039060000.0,76838,1713039060000.0,0.6104618311533694,-0.012324779999999999,1014.0337571688464,1014.3923189999997,-22.9,2.691,22.9,2.6643422781155732,long_nclose,61.013438168846626,0.06016904046586617,2.0
1713039240000.0,76841,1713039240000.0,0.30389802948246336,-0.0061354800000000004,1014.3315197183288,1014.6955835199997,-11.4,2.691,11.5,2.6643422781155732,long_nclose,30.639936198329092,0.030207023643352364,3.0
1713039300000.0,76842,1713039300000.0,0.0,-0.0018872000000000001,1014.3296325183287,1014.5736963199996,3.5,2.696,15.0,2.6717290798886064,long_ientry_partial,40.075936198329096,0.03950977563263186,1.0
1713039360000.0,76843,1713039360000.0,0.2045319008354507,-0.0040485,1014.5301159191642,1014.8771478199997,-7.5,2.699,7.5,2.6717290798886064,long_nclose,20.037968099164548,0.019750984011953306,1.0
1713039540000.0,76846,1713039540000.0,0.0,-0.00402264,1014.5260932791642,1015.0221251799996,7.4,2.718,14.9,2.694709268400305,long_ientry_partial,40.15116809916455,0.039576279373345076,3.0
1713039840000.0,76851,1713039840000.0,0.20195141383774198,-0.0040285600000000005,1014.7240161330019,1014.9211966199996,-7.4,2.722,7.5,2.694709268400305,long_nclose,20.21031951300229,0.019917060394432688,5.0
1713039900000.0,76852,1713039900000.0,0.0,-0.004056000000000001,1014.7199601330019,1014.9696406199996,7.5,2.704,15.0,2.6993546342001524,long_ientry_partial,40.490319513002284,0.03990294968445788,1.0
1713039900000.0,76852,1713039900000.0,0.08378785345943594,-0.0020142800000000002,1014.8017337064613,1014.9898263399996,-3.7,2.722,11.3,2.6993546342001524,long_nclose,30.502707366461724,0.030057799817757164,0.0
1713039960000.0,76853,1713039960000.0,0.0,-0.00199874,1014.7997349664613,1014.8933275999996,3.7,2.701,15.0,2.6997604910974484,long_ientry_partial,40.496407366461725,0.03990581192633058,1.0
1713039960000.0,76853,1713039960000.0,0.15254124985428807,-0.0030542399999999997,1014.9492219763156,1015.0078733599996,-5.6,2.727,9.4,2.6997604910974484,long_nclose,25.377748616316016,0.025003958884662527,0.0
1713040020000.0,76854,1713040020000.0,0.0,-0.00302176,1014.9462002163156,1014.9896515999995,5.6,2.698,15.0,2.6991032410877343,long_ientry_partial,40.486548616316014,0.03989033961375205,1.0
1713040200000.0,76857,1713040200000.0,0.20172569184199296,-0.004089000000000001,1015.1438369081575,1015.3380625999995,-7.5,2.726,7.5,2.6991032410877343,long_nclose,20.243274308158007,0.01994128671441608,3.0
1713040260000.0,76858,1713040260000.0,0.0995180079753832,-0.00201724,1015.2413376761328,1015.3853453599994,-3.7,2.726,3.8,2.6991032410877343,long_nclose,10.25659231613339,0.01010261495026446,1.0
1713041460000.0,76878,1713041460000.0,0.05110384193330488,-0.0010358799999999999,1015.2914056380662,1015.3615094799995,-1.9,2.726,1.9,2.6991032410877343,long_nclose,5.128296158066695,0.005051058375544689,20.0
1713041580000.0,76880,1713041580000.0,0.024207083021039157,-0.0004906800000000001,1015.3151220410872,1015.3420187999994,-0.9,2.726,1.0,2.6991032410877343,long_nclose,2.6991032410877343,0.0026583896787252897,2.0
1713041880000.0,76885,1713041880000.0,0.013448379456132864,-0.0002726,1015.3282978205433,1015.3362461999994,-0.5,2.726,0.5,2.6991032410877343,long_nclose,1.3495516205438671,0.0013291775905790789,5.0
1713042000000.0,76887,1713042000000.0,0.005379351782453146,-0.00010904000000000001,1015.3335681323258,1015.3452371599994,-0.2,2.726,0.3,2.6991032410877343,long_nclose,0.8097309723263203,0.0007975024147145996,2.0
1713042600000.0,76897,1713042600000.0,0.002689675891226573,-5.4520000000000007e-05,1015.336203288217,1015.3423826399994,-0.1,2.726,0.2,2.6991032410877343,long_nclose,0.5398206482175468,0.0005316668966095277,10.0
1713042720000.0,76899,1713042720000.0,0.002689675891226573,-5.4520000000000007e-05,1015.3388384441082,1015.3408281199994,-0.1,2.726,0.1,2.6991032410877343,long_nclose,0.2699103241087734,0.000265832758374909,2.0
1713042780000.0,76900,1713042780000.0,0.002689675891226573,-5.4520000000000007e-05,1015.3414735999994,1015.3414735999994,-0.1,2.726,0.0,2.6991032410877343,long_nclose,0.0,0.0,1.0
1716494400000.0,134427,1716494400000.0,0.0,-0.0081,1015.3333735999994,1017.1558735999994,13.5,3.0,13.5,3.0,long_ientry_normal,40.5,0.03988837661900334,57527.0
1716494460000.0,134428,1716494460000.0,1.8224999999999971,-0.0084645,1017.1474090999994,1017.1474090999994,-13.5,3.135,0.0,3.0,long_nclose,0.0,0.0,1.0
1717783260000.0,155908,1717783260000.0,0.0,-0.0081367,1017.1392723999994,1018.0687723999994,14.3,2.845,14.3,2.845,long_ientry_normal,40.6835,0.039997963999566066,21480.0
1717783440000.0,155911,1717783440000.0,0.2058999999999994,-0.00408108,1017.3410913199995,1016.4266913199995,-7.1,2.874,7.2,2.845,long_nclose,20.484,0.020134839902536547,3.0
1717783500000.0,155912,1717783500000.0,0.0,-0.00424008,1017.3368512399994,1016.3924512399994,7.8,2.718,15.0,2.77896,long_ientry_partial,41.684400000000004,0.04097403917806793,1.0
1717783560000.0,155913,1717783560000.0,0.21029999999999882,-0.0042105,1017.5429407399994,1017.7607407399994,-7.5,2.807,7.5,2.77896,long_nclose,20.842200000000002,0.0204828702215188,1.0
1717783620000.0,155914,1717783620000.0,0.0,-0.0039312,1017.5390095399994,1017.7423095399994,7.0,2.808,14.5,2.792979310344828,long_ientry_partial,40.498200000000004,0.039800144879269146,1.0
1717783800000.0,155917,1717783800000.0,0.20174896551724011,-0.004062240000000001,1017.7366962655166,1018.0069472999993,-7.2,2.821,7.3,2.792979310344828,long_nclose,20.388748965517244,0.020033422240085995,3.0
1717783980000.0,155920,1717783980000.0,0.0,-0.00404496,1017.7326513055166,1017.6901023399994,7.2,2.809,14.5,2.8009344114149823,long_ientry_partial,40.613548965517246,0.039905911354440105,3.0
1717784520000.0,155929,1717784520000.0,0.20207223781212846,-0.00407376,1017.9306497833287,1018.1720285799993,-7.2,2.829,7.3,2.8009344114149823,long_nclose,20.44682120332937,0.02008665443729548,9.0
1717789260000.0,156008,1717789260000.0,0.9056787966706276,-0.0042705,1018.8320580799993,1018.8320580799993,-7.3,2.925,0.0,2.8009344114149823,long_nclose,0.0,0.0,79.0
