timestamp,trade_id,timestamp,pnl,fee_paid,balance,equity,qty,price,psize,pprice,type,pcost,wallet_exposure,mins_since_prev_fill
1674058920000.0,25462,1674058920000.0,0.0,-0.09877332000000001,999.90122668,1002.86366668,1266.0,0.07802,1266.0,0.07802,long_ientry_normal,98.77332000000001,0.0987830771324882,
1674245100000.0,28565,1674245100000.0,3.880289999999998,-0.05326695,1003.72824973,1008.27318973,-633.0,0.08415,633.0,0.07802,long_nclose,49.386660000000006,0.04920321811534634,3103.0
1674257280000.0,28768,1674257280000.0,5.627369999999997,-0.05501403,1009.3006057,1009.3006057,-633.0,0.08691,0.0,0.07802,long_nclose,0.0,0.0,203.0
1681892520000.0,156022,1681892520000.0,0.0,-0.09972534000000001,1009.20088036,1010.74930036,1182.0,0.08437,1182.0,0.08437,long_ientry_normal,99.72534,0.09881614447703037,127254.0
1681913280000.0,156368,1681913280000.0,3.9183299999999983,-0.053781,1013.06542936,1017.0842293600001,-591.0,0.091,591.0,0.08437,long_nclose,49.86267,0.049219594860225896,346.0
1681915740000.0,156409,1681915740000.0,1.9558499999999992,-0.026845,1014.9944343600001,1016.9628343600001,-295.0,0.091,296.0,0.08437,long_nclose,24.97352,0.024604588118502278,41.0
1681918440000.0,156454,1681918440000.0,0.9812399999999996,-0.013468,1015.9622063600001,1016.9671263600001,-148.0,0.091,148.0,0.08437,long_nclose,12.48676,0.012290575300766052,45.0
1681918740000.0,156459,1681918740000.0,0.4906199999999998,-0.006734,1016.4460923600001,1016.9485523600001,-74.0,0.091,74.0,0.08437,long_nclose,6.24338,0.006142362144857112,5.0
1681919040000.0,156464,1681919040000.0,0.4906199999999998,-0.006734,1016.9299783600001,1016.9299783600001,-74.0,0.091,0.0,0.08437,long_nclose,0.0,0.0,5.0
1685980980000.0,224163,1685980980000.0,0.0,-0.10044,1016.82953836,1016.53503836,1550.0,0.0648,1550.0,0.0648,long_ientry_normal,100.44,0.09877761828398031,67699.0
1685981040000.0,224164,1685981040000.0,0.0,-0.1004366,1016.72910176,1015.1138617600001,1562.0,0.0643,3112.0,0.06454903598971723,long_rentry,200.87660000000002,0.1975714078138162,1.0
1685981100000.0,224165,1685981100000.0,0.0,-0.1004486,1016.62865316,1014.85781316,1570.0,0.06398,4682.0,0.06435822298163178,long_rentry,301.3252,0.2963965249881429,1.0
1685981100000.0,224165,1685981100000.0,0.0,-0.12901275,1016.49964041,1015.2755504099999,2025.0,0.06371,6707.0,0.06416250931862233,long_rentry,430.33795,0.4233527813412953,0.0
1685981100000.0,224165,1685981100000.0,0.0,-0.18398142,1016.31565899,1016.7161289899999,2901.0,0.06342,9608.0,0.06393831910907577,long_rentry,614.31937,0.6044572516087195,0.0
1686059640000.0,225474,1686059640000.0,24.12415499999997,-0.33128383999999994,1040.10853015,1063.70424515,-4804.0,0.06896,4804.0,0.06393831910907577,long_nclose,307.159685,0.2953150330915013,1309.0
1686072540000.0,225689,1686072540000.0,12.062077499999985,-0.16564191999999997,1052.0049657299999,1064.2111632299998,-2402.0,0.06896,2402.0,0.06393831910907577,long_nclose,153.5798425,0.1459877543386204,215.0
1686072960000.0,225696,1686072960000.0,6.0310387499999925,-0.08282095999999999,1057.9531835199998,1063.9602022699999,-1201.0,0.06896,1201.0,0.06393831910907577,long_nclose,76.78992125,0.07258347764927195,7.0
1686073020000.0,225697,1686073020000.0,3.013008534554534,-0.041375999999999996,1060.9248160545544,1063.9668862699998,-600.0,0.06896,601.0,0.06393831910907577,long_nclose,38.42692978455454,0.03622021956980839,1.0
1686075600000.0,225740,1686075600000.0,4.376290215445466,-0.04280322,1065.25830305,1065.25830305,-601.0,0.07122,0.0,0.06393831910907577,long_nclose,0.0,0.0,43.0
1686370980000.0,230663,1686370980000.0,0.0,-0.10520433,1065.15309872,1065.92727872,1683.0,0.06251,1683.0,0.06251,long_ientry_normal,105.20433,0.09876920991585585,4923.0
1686371040000.0,230664,1686371040000.0,0.0,-0.10520288000000001,1065.04789584,1058.0564858399998,1696.0,0.06203,3379.0,0.06226907664989642,long_rentry,210.40721000000002,0.1975565707625313,1.0
1686371040000.0,230664,1686371040000.0,0.0,-0.1052326,1064.94266324,1055.35965324,1705.0,0.06172,5084.0,0.062084935090479944,long_rentry,315.63981,0.29639136537143884,0.0
1686371040000.0,230664,1686371040000.0,0.0,-0.13515054,1064.8075127,1052.4537627,2199.0,0.06146,7283.0,0.061896244679390366,long_rentry,450.79035000000005,0.4233538405987996,0.0
1686371040000.0,230664,1686371040000.0,0.0,-0.192717,1064.6147957,1049.1740457,3150.0,0.06118,10433.0,0.06167999137352631,long_rentry,643.50735,0.6044508798855123,0.0
1686371040000.0,230664,1686371040000.0,0.0,-0.42113448,1064.19366122,1044.32283122,6922.0,0.06084,17355.0,0.06134496283491789,long_rentry,1064.64183,1.0004211346076675,0.0
1686374580000.0,230723,1686374580000.0,0.1970098807260174,-0.049518360000000004,1064.3411527407259,1067.07268286,-804.0,0.06159,16551.0,0.06134496283491789,unstuck_close_long,1015.320479880726,0.9539427064961554,59.0
1686376260000.0,230751,1686376260000.0,0.0,-0.10453375,1064.236618990726,1046.6624691099998,1735.0,0.06025,18286.0,0.061241071304863066,long_rentry,1119.854229880726,1.0522605686531867,28.0
1686423120000.0,231532,1686423120000.0,-0.10616775693908571,-0.0494991,1064.0809521337867,1063.3631900099997,-810.0,0.06111,17476.0,0.061241071304863066,unstuck_close_long,1070.248962123787,1.0057965608515325,781.0
1686471600000.0,232340,1686471600000.0,0.7244161700241336,-0.04953355,1064.7558347538109,1079.7490664599998,-797.0,0.06215,16679.0,0.061241071304863066,unstuck_close_long,1021.439828293811,0.9593183666657106,808.0
1686520080000.0,233148,1686520080000.0,0.44826081349982133,-0.0495636,1065.1545319673107,1074.1874128599998,-802.0,0.0618,15877.0,0.061241071304863066,unstuck_close_long,972.3244891073109,0.9128482862589475,808.0
1686536700000.0,233425,1686536700000.0,0.0,-0.11331894,1065.0412130273107,1052.9897839199998,1883.0,0.06018,17760.0,0.061128571458744986,long_rentry,1085.643429107311,1.01934405526096,277.0
1686568560000.0,233956,1686568560000.0,0.21097283279279636,-0.04954173,1065.2026441301034,1069.9737021899996,-807.0,0.06139,16953.0,0.061128571458744986,unstuck_close_long,1036.3126719401037,0.9728784261387252,531.0
1686617040000.0,234764,1686617040000.0,0.39510854716903215,-0.04954248,1065.5482101972725,1073.4842897099998,-804.0,0.06162,16149.0,0.061128571458744986,unstuck_close_long,987.1653004872728,0.9264388894281113,808.0
1686665580000.0,235573,1686665580000.0,0.28325140425154116,-0.04955288,1065.7819087215241,1070.0998668299999,-806.0,0.06148,15343.0,0.061128571458744986,unstuck_close_long,937.8956718915243,0.8800071236118018,809.0
1686669960000.0,235646,1686669960000.0,0.0,-0.12787152,1065.654037201524,1060.7259653099998,2128.0,0.06009,17471.0,0.06100207154092635,long_rentry,1065.7671918915244,1.000106183325967,73.0
1686714120000.0,236382,1686714120000.0,0.7743427672589176,-0.049576,1066.3788039687831,1082.51513931,-800.0,0.06197,16671.0,0.06100207154092635,unstuck_close_long,1016.9655346587832,0.9536625548762816,736.0
1686762660000.0,237191,1686762660000.0,0.7121186241770675,-0.04963578,1067.0412868129602,1079.70361353,-802.0,0.06189,15869.0,0.06100207154092635,unstuck_close_long,968.0418732829603,0.9072206345213769,809.0
1686773160000.0,237366,1686773160000.0,0.0,-0.1128259,1066.9284609129602,1048.8130576299998,1882.0,0.05995,17751.0,0.060890528605879124,long_rentry,1080.8677732829603,1.013064898801249,175.0
1686811140000.0,237999,1686811140000.0,-0.7447371570620341,-0.04961173,1066.1341120258983,1051.0628059,-827.0,0.05999,16924.0,0.060890528605879124,unstuck_close_long,1030.5113061258983,0.9665869373297619,633.0
1686812880000.0,238028,1686812880000.0,0.0,-0.1152346,1066.0188774258984,1047.5627713000001,1927.0,0.0598,18851.0,0.06077905183416785,long_rentry,1145.7459061258983,1.0747895092557045,29.0
1686859620000.0,238807,1686859620000.0,0.6608632734948796,-0.049588,1066.6301526993932,1082.1668233,-805.0,0.0616,18046.0,0.06077905183416785,unstuck_close_long,1096.818769399393,1.028302797013191,779.0
1686908100000.0,239615,1686908100000.0,0.8358813771632136,-0.049641460000000005,1067.4163926165563,1085.5378918400002,-803.0,0.06182,17243.0,0.06077905183416785,unstuck_close_long,1048.0131907765563,0.9818222748177616,808.0
1686956640000.0,240424,1686956640000.0,1.0794075844998834,-0.04964187,1068.4461583310563,1090.82558997,-799.0,0.06213,16444.0,0.06077905183416785,unstuck_close_long,999.4507283610562,0.9354245139710429,809.0
1687005120000.0,241232,1687005120000.0,1.33803474000239,-0.049718160000000004,1069.7344749110584,1096.1944318099997,-796.0,0.06246,15648.0,0.06077905183416785,unstuck_close_long,951.0706031010586,0.8890716578804605,808.0
1687053660000.0,242041,1687053660000.0,0.9402713771632122,-0.04974585,1070.6250004382218,1088.30462596,-803.0,0.06195,14845.0,0.06077905183416785,unstuck_close_long,902.2650244782218,0.8427460820631987,809.0
1687102200000.0,242850,1687102200000.0,1.7782490510073978,-0.0497937,1072.3534557892292,1104.69328226,-790.0,0.06303,14055.0,0.06077905183416785,unstuck_close_long,854.2495735292292,0.7966119462920179,809.0
1687363860000.0,247211,1687363860000.0,33.59572276130245,-0.46069012,1105.4884884305316,1137.8239521399998,-7027.0,0.06556,7028.0,0.06077905183416785,long_nclose,427.1551762905317,0.3863949564024555,4361.0
1687364100000.0,247215,1687364100000.0,16.80025185473414,-0.23037783999999997,1122.0583624452656,1138.8937542999997,-3514.0,0.06556,3514.0,0.06077905183416785,long_nclose,213.57758814526585,0.19034445559482582,4.0
1687364520000.0,247222,1687364520000.0,8.40012592736707,-0.11518891999999999,1130.3432994526327,1139.0948253799997,-1757.0,0.06556,1757.0,0.06077905183416785,long_nclose,106.78879407263292,0.0944746557301178,7.0
1687366380000.0,247253,1687366380000.0,4.197672489600619,-0.05756168,1134.4834102622333,1138.5979636999998,-878.0,0.06556,879.0,0.06077905183416785,long_nclose,53.42478656223354,0.047091730102853176,31.0
1687366500000.0,247255,1687366500000.0,2.0988362448003093,-0.02878084,1136.5534656670336,1138.6570828599997,-439.0,0.06556,440.0,0.06077905183416785,long_nclose,26.742782807033855,0.02352971823577058,2.0
1687366560000.0,247256,1687366560000.0,1.0518085964830708,-0.014423199999999999,1137.5908510635168,1138.6294596599998,-220.0,0.06556,220.0,0.06077905183416785,long_nclose,13.371391403516927,0.011754130574288825,1.0
1687367040000.0,247264,1687367040000.0,0.5259042982415354,-0.0072115999999999994,1138.1095437617585,1138.64094806,-110.0,0.06556,110.0,0.06077905183416785,long_nclose,6.685695701758464,0.005874386818390468,8.0
1687370340000.0,247319,1687370340000.0,0.5259042982415354,-0.0072115999999999994,1138.6282364600002,1138.6282364600002,-110.0,0.06556,0.0,0.06077905183416785,long_nclose,0.0,0.0,55.0
1692308520000.0,329622,1692308520000.0,0.0,-0.1125,1138.5157364600002,1137.3907364600002,1875.0,0.06,1875.0,0.06,long_ientry_normal,112.5,0.09881286344780575,82303.0
1692308520000.0,329622,1692308520000.0,0.0,-0.11247106000000001,1138.4032654000002,1137.0138054000001,1889.0,0.05954,3764.0,0.05976914452709883,long_rentry,224.97106,0.19761983019343501,0.0
1692308580000.0,329623,1692308580000.0,0.0,-0.11243752000000001,1138.2908278800003,1123.0500478800002,1898.0,0.05924,5662.0,0.05959176616036736,long_rentry,337.40858000000003,0.2964168486083681,1.0
1692308580000.0,329623,1692308580000.0,0.0,-0.14446651,1138.1463613700002,1117.7871713700004,2449.0,0.05899,8111.0,0.05941007150782887,long_rentry,481.87509,0.4233858722879553,0.0
1692308580000.0,329623,1692308580000.0,0.0,-0.20598976000000002,1137.9403716100003,1111.1966216100004,3508.0,0.05872,11619.0,0.059201725621826316,long_rentry,687.8648499999999,0.6044823324325713,0.0
1692308580000.0,329623,1692308580000.0,0.0,-0.45007011999999996,1137.4903014900003,1099.2616314900001,7708.0,0.05839,19327.0,0.05887799296321209,long_rentry,1137.93497,1.0003909207044819,0.0
1692309300000.0,329635,1692309300000.0,1.2134021782997855,-0.05290828,1138.6507953883,1157.50580321,-878.0,0.06026,18449.0,0.05887799296321209,unstuck_close_long,1086.2400921782998,0.953971223291398,12.0
1692357780000.0,330443,1692357780000.0,3.148817953122574,-0.0529596,1141.7466537414225,1207.44117361,-846.0,0.0626,17603.0,0.05887799296321209,unstuck_close_long,1036.4293101314224,0.9077576945245404,808.0
1692358860000.0,330461,1692358860000.0,40.76629393077037,-0.55895151,1181.9539961621929,1219.2921421,-8801.0,0.06351,8802.0,0.05887799296321209,long_nclose,518.2440940621929,0.4384638452468815,18.0
1692384540000.0,330889,1692384540000.0,20.38546296890358,-0.27950750999999996,1202.0599516210964,1222.53343459,-4401.0,0.06351,4401.0,0.05887799296321209,long_nclose,259.12204703109643,0.21556499464244258,428.0
1692393540000.0,331039,1692393540000.0,10.190415480933394,-0.13972199999999999,1212.1106451020298,1222.30569259,-2200.0,0.06351,2201.0,0.05887799296321209,long_nclose,129.5904625120298,0.10691306361814971,150.0
1692393660000.0,331041,1692393660000.0,5.095207740466697,-0.06986099999999999,1217.1359918424967,1222.2578515900002,-1100.0,0.06351,1101.0,0.05887799296321209,long_nclose,64.82467025249652,0.053260006019841,2.0
1692395880000.0,331078,1692395880000.0,2.5476038702333486,-0.034930499999999996,1219.64866521273,1222.2119210900003,-550.0,0.06351,551.0,0.05887799296321209,long_nclose,32.44177412272986,0.026599278175794498,37.0
1692396000000.0,331080,1692396000000.0,1.2738019351166743,-0.017465249999999998,1220.9050018978467,1222.1834358400001,-275.0,0.06351,276.0,0.05887799296321209,long_nclose,16.250326057846536,0.013310065920432853,2.0
1692396060000.0,331081,1692396060000.0,0.6392169710767311,-0.008764379999999999,1221.5354544889233,1222.16363146,-138.0,0.06351,138.0,0.05887799296321209,long_nclose,8.125163028923268,0.006651598198860912,1.0
1692396180000.0,331083,1692396180000.0,0.6392169710767311,-0.008764379999999999,1222.16590708,1222.16590708,-138.0,0.06351,0.0,0.05887799296321209,long_nclose,0.0,0.0,2.0
1699546380000.0,450253,1699546380000.0,0.0,-0.12069405,1222.0452130299998,1222.0452130299998,1753.0,0.06885,1753.0,0.06885,long_ientry_normal,120.69404999999999,0.09876398083565595,119170.0
1699546380000.0,450253,1699546380000.0,0.0,-0.12072144000000001,1221.92449159,1222.86100159,1767.0,0.06832,3520.0,0.06858394602272727,long_rentry,241.41549,0.1975698921345491,0.0
1699546380000.0,450253,1699546380000.0,0.0,-0.12073248,1221.8037591099999,1224.2853891099999,1776.0,0.06798,5296.0,0.06838141427492447,long_rentry,362.14797,0.2964043671495985,0.0
1699574820000.0,450727,1699574820000.0,14.216014999999985,-0.19529,1235.8244841099997,1250.1728991099997,-2648.0,0.07375,2648.0,0.06838141427492447,long_nclose,181.073985,0.14652079427800263,474.0
1699574940000.0,450729,1699574940000.0,7.108007499999992,-0.097645,1242.8348466099997,1249.8501741099997,-1324.0,0.07375,1324.0,0.06838141427492447,long_nclose,90.5369925,0.07284716287683106,2.0
1699575180000.0,450733,1699575180000.0,3.554003749999996,-0.0488225,1246.3400278599997,1249.9668516099998,-662.0,0.07375,662.0,0.06838141427492447,long_nclose,45.26849625,0.03632114450157495,4.0
1699577280000.0,450768,1699577280000.0,1.777001874999998,-0.02441125,1248.0926184849998,1249.8133503599997,-331.0,0.07375,331.0,0.06838141427492447,long_nclose,22.634248125,0.01813507089920509,35.0
1699577460000.0,450771,1699577460000.0,0.8858166446374612,-0.012168749999999999,1248.9662663796373,1249.8441716099999,-165.0,0.07375,166.0,0.06838141427492447,long_nclose,11.351314769637463,0.0090885679423043,3.0
1699579080000.0,450798,1699579080000.0,0.44559261518126836,-0.00612125,1249.4057377448187,1249.85299036,-83.0,0.07375,83.0,0.06838141427492447,long_nclose,5.675657384818732,0.004542685545100274,27.0
1699579260000.0,450801,1699579260000.0,0.44559261518126836,-0.00612125,1249.84520911,1249.84520911,-83.0,0.07375,0.0,0.06838141427492447,long_nclose,0.0,0.0,3.0
