timestamp,trade_id,timestamp,pnl,fee_paid,balance,equity,qty,price,psize,pprice,type,pcost,wallet_exposure,mins_since_prev_fill
1679526360000.0,1386,1679526360000.0,0.0,-0.01658248,999.98341752,999.87381752,13.7,6.052,13.7,6.052,long_ientry_normal,82.91239999999999,0.08291377491601426,
1679929260000.0,8101,1679929260000.0,0.0,-0.01660754,999.96680998,993.71910998,14.9,5.573,28.6,5.802451048951048,long_rentry,165.9501,0.16595560806995094,6715.0
1680655560000.0,20206,1680655560000.0,13.143100000000011,-0.03581864,1013.07409134,1013.07409134,-28.6,6.262,0.0,5.802451048951048,long_nclose,0.0,0.0,12105.0
1680702900000.0,20995,1680702900000.0,0.0,-0.0168156,1013.05727574,1013.0842757400001,13.5,6.228,13.5,6.228,long_ientry_normal,84.078,0.08299432027531138,789.0
1681265820000.0,30377,1681265820000.0,0.0,-0.016746200000000003,1013.0405295400001,1006.6660295400001,14.6,5.735,28.1,5.971850533807829,long_rentry,167.809,0.16564885126185272,9382.0
1681438680000.0,33258,1681438680000.0,13.295500000000017,-0.03622090000000001,1026.29980864,1026.29980864,-28.1,6.445,0.0,5.971850533807829,long_nclose,0.0,0.0,2881.0
1681476840000.0,33894,1681476840000.0,0.0,-0.0169452,1026.28286344,1026.14786344,13.5,6.276,13.5,6.276,long_ientry_normal,84.726,0.08255618701067141,636.0
1681939320000.0,41602,1681939320000.0,0.0,-0.0169932,1026.2658702400001,1019.4006702400002,14.7,5.78,28.2,6.0174468085106385,long_rentry,169.692,0.16534896552714573,7708.0
1682107440000.0,44404,1682107440000.0,0.0,-0.01702822,1026.2488420200002,1009.3537420200003,15.7,5.423,43.9,5.804854214123007,long_rentry,254.8331,0.2483151157553595,2802.0
1682539320000.0,51602,1682539320000.0,0.0,-0.02005472,1026.2287873000002,997.9565873000003,19.6,5.116,63.5,5.5922314960629915,long_rentry,355.1067,0.3460307334919759,7198.0
1683568980000.0,68763,1683568980000.0,0.0,-0.027252639999999998,1026.2015346600003,975.2164346600003,28.4,4.798,91.9,5.346788900979325,long_rentry,491.3699,0.47882397697134604,17161.0
1686370740000.0,115459,1686370740000.0,0.0,-0.036307740000000005,1026.1652269200004,941.3826269200003,41.1,4.417,133.0,5.059463157894736,long_rentry,672.9086,0.6557507332612624,46696.0
1686370920000.0,115462,1686370920000.0,0.0,-0.0471835,1026.1180434200003,876.5119434200003,59.5,3.965,192.5,4.721174545454545,long_rentry,908.8260999999999,0.8856935182339527,3.0
1686407940000.0,116079,1686407940000.0,-17.961211272727258,-0.019730360000000002,1008.137101787273,886.1172130600004,-24.7,3.994,167.8,4.721174545454545,unstuck_close_long,792.2130887272727,0.7858188011559143,617.0
1687395060000.0,132531,1687395060000.0,1.1690734545454575,-0.00741,1009.2987652418184,1031.2182030600002,-7.6,4.875,160.2,4.721174545454545,long_nclose,756.332162181818,0.749364002244279,16452.0
1687664280000.0,137018,1687664280000.0,12.067114181818225,-0.05264672000000001,1021.3132327036366,1045.6905563400003,-53.2,4.948,107.0,4.721174545454545,long_nclose,505.1656763636363,0.4946236474645038,4487.0
1687666200000.0,137050,1687666200000.0,15.913666545454578,-0.05313276,1037.1737664890911,1053.3402235800002,-52.9,5.022,54.1,4.721174545454545,long_nclose,255.4155429090909,0.24626109063063864,32.0
1687666920000.0,137062,1687666920000.0,20.2239570909091,-0.0551279,1057.3425956800004,1057.3425956800004,-54.1,5.095,0.0,4.721174545454545,long_nclose,0.0,0.0,12.0
1687790580000.0,139123,1687790580000.0,0.0,-0.01756768,1057.3250280000004,1057.4398280000005,16.4,5.356,16.4,5.356,long_ientry_normal,87.8384,0.08307606239696423,2061.0
1687972140000.0,142149,1687972140000.0,0.0,-0.01755792,1057.3074700800005,1050.1144700800005,17.8,4.932,34.2,5.1353216374269,long_rentry,175.628,0.16610872898373755,3026.0
1688227740000.0,146409,1688227740000.0,13.908400000000016,-0.03790728,1071.1779628000006,1071.1779628000006,-34.2,5.542,0.0,5.1353216374269,long_nclose,0.0,0.0,4260.0
1688285100000.0,147365,1688285100000.0,0.0,-0.01778982,1071.1601729800007,1071.0786729800006,16.3,5.457,16.3,5.457,long_ientry_normal,88.9491,0.08303996194382476,956.0
1689293640000.0,164174,1689293640000.0,7.041600000000007,-0.019198140000000002,1078.1825748400006,1078.1825748400006,-16.3,5.889,0.0,5.457,long_nclose,0.0,0.0,16809.0
1689359400000.0,165270,1689359400000.0,0.0,-0.017820480000000003,1078.1647543600006,1077.6935543600007,15.2,5.862,15.2,5.862,long_ientry_normal,89.1024,0.0826426570147818,1096.0
1689942480000.0,174988,1689942480000.0,7.052799999999992,-0.01923104,1085.1983233200006,1085.1983233200006,-15.2,6.326,0.0,5.862,long_nclose,0.0,0.0,9718.0
1689989640000.0,175774,1689989640000.0,0.0,-0.01801348,1085.1803098400005,1085.1657098400005,14.6,6.169,14.6,6.169,long_ientry_normal,90.06739999999999,0.08299763567704206,786.0
1690915560000.0,191206,1690915560000.0,7.139400000000011,-0.01944136,1092.3002684800006,1092.3002684800006,-14.6,6.658,0.0,6.169,long_nclose,0.0,0.0,15432.0
1690951500000.0,191805,1690951500000.0,0.0,-0.018119400000000004,1092.2821490800006,1092.3097490800005,13.8,6.565,13.8,6.565,long_ientry_normal,90.59700000000001,0.08294285508218494,599.0
1691178780000.0,195593,1691178780000.0,0.0,-0.018138,1092.2640110800007,1085.1594110800006,15.0,6.046,28.8,6.2946875,long_rentry,181.287,0.16597360909176928,3788.0
1692192900000.0,212495,1692192900000.0,0.0,-0.0181504,1092.2458606800008,1073.8644606800008,16.0,5.672,44.8,6.072299107142857,long_rentry,272.039,0.24906388734733803,16902.0
1692217740000.0,212909,1692217740000.0,0.0,-0.021404,1092.2244566800007,1060.8174566800008,20.0,5.351,64.8,5.849675925925926,long_rentry,379.05899999999997,0.34705229102103546,414.0
1692308460000.0,214421,1692308460000.0,0.0,-0.029098600000000006,1092.1953580800007,1037.1123580800006,29.0,5.017,93.8,5.592238805970149,long_rentry,524.552,0.4802730538263081,1512.0
1692308640000.0,214424,1692308640000.0,0.0,-0.038698840000000005,1092.1566592400006,986.7959592400006,41.9,4.618,135.7,5.29142372881356,long_rentry,718.0462,0.6574571458454203,3.0
1694319720000.0,247942,1694319720000.0,0.0,-0.0503203,1092.1063389400006,933.5906389400005,60.7,4.145,196.4,4.937106415478615,long_rentry,969.6477,0.8878693085337651,33518.0
1694319780000.0,247943,1694319780000.0,-20.500502953156825,-0.0209804,1071.5848555868436,946.5656585400004,-25.4,4.13,171.0,4.937106415478615,unstuck_close_long,844.2451970468431,0.7878472644002608,1.0
1699261320000.0,330302,1699261320000.0,1.3032380346232169,-0.00825876,1072.8798348614669,1101.5328997800004,-8.1,5.098,162.9,4.937106415478615,long_nclose,804.2546350814664,0.7496222866238453,82359.0
1699435320000.0,333202,1699435320000.0,12.870042922606915,-0.055993499999999995,1085.6938842840736,1111.1415062800004,-54.1,5.175,108.8,4.937106415478615,long_nclose,537.1571780040733,0.4947593292913173,2900.0
1699440000000.0,333280,1699440000000.0,16.887474847250527,-0.056500760000000004,1102.5248583713242,1119.2390055200003,-53.8,5.251,55.0,4.937106415478615,long_nclose,271.54085285132385,0.24629000497317624,78.0
1699542540000.0,334989,1699542540000.0,21.499147148676187,-0.05860800000000001,1123.9653975200004,1123.9653975200004,-55.0,5.328,0.0,4.937106415478615,long_nclose,0.0,0.0,1709.0
1699546080000.0,335048,1699546080000.0,0.0,-0.018576620000000002,1123.9468209000004,1124.0900209000004,17.9,5.189,17.9,5.189,long_ientry_normal,92.8831,0.08264011986405537,59.0
1699546320000.0,335052,1699546320000.0,0.0,-0.0186381,1123.9281828000003,1112.9613828000004,19.5,4.779,37.4,4.975229946524064,long_rentry,186.0736,0.1655564855900684,4.0
1699614060000.0,336181,1699614060000.0,14.726999999999991,-0.040160119999999994,1138.6150226800003,1138.6150226800003,-37.4,5.369,0.0,4.975229946524064,long_nclose,0.0,0.0,1129.0
1699624680000.0,336358,1699624680000.0,0.0,-0.01886248,1138.5961602000002,1138.3595602000003,18.2,5.182,18.2,5.182,long_ientry_normal,94.3124,0.08283217816528869,177.0
1699891620000.0,340807,1699891620000.0,7.461999999999986,-0.02035488,1146.0378053200002,1146.0378053200002,-18.2,5.592,0.0,5.182,long_nclose,0.0,0.0,4449.0
1699895520000.0,340872,1699895520000.0,0.0,-0.0190155,1146.0187898200002,1146.2462898200001,17.5,5.433,17.5,5.433,long_ientry_normal,95.0775,0.082963299419317,65.0
1699987860000.0,342411,1699987860000.0,0.0,-0.0190114,1145.9997784200002,1133.7662784200002,19.0,5.003,36.5,5.209164383561643,long_rentry,190.13449999999997,0.16591146314368407,1539.0
1700663520000.0,353672,1700663520000.0,15.068500000000018,-0.0410406,1161.0272378200002,1161.0272378200002,-36.5,5.622,0.0,5.209164383561643,long_nclose,0.0,0.0,11261.0
1700797080000.0,355898,1700797080000.0,0.0,-0.01918314,1161.0080546800002,1161.1151546800002,15.3,6.269,15.3,6.269,long_ientry_normal,95.9157,0.0826141555292108,2226.0
1702091160000.0,377466,1702091160000.0,7.588799999999994,-0.0207009,1168.5761537800001,1168.5761537800001,-15.3,6.765,0.0,6.269,long_nclose,0.0,0.0,21568.0
1702133280000.0,378168,1702133280000.0,0.0,-0.01932456,1168.55682922,1168.49842922,14.6,6.618,14.6,6.618,long_ientry_normal,96.6228,0.08268558069571572,702.0
1702159920000.0,378612,1702159920000.0,7.6504,-0.02085464,1176.1863745800001,1176.1863745800001,-14.6,7.142,0.0,6.618,long_nclose,0.0,0.0,444.0
1702174380000.0,378853,1702174380000.0,0.0,-0.0194967,1176.1668778800001,1176.0653778800001,14.5,6.723,14.5,6.723,long_ientry_normal,97.48349999999999,0.08288237139929548,241.0
1702260720000.0,380292,1702260720000.0,0.0,-0.019439739999999997,1176.14743814,1163.42023814,15.7,6.191,30.2,6.446430463576158,long_rentry,194.68219999999997,0.16552533609891382,1439.0
1702887240000.0,390734,1702887240000.0,0.0,-0.019518240000000003,1176.1279199,1157.3475199,16.8,5.809,47.0,6.218582978723404,long_rentry,292.2734,0.24850477150891073,10442.0
1703383680000.0,399008,1703383680000.0,23.14360000000002,-0.06308340000000001,1199.2084365,1199.2084365,-47.0,6.711,0.0,6.218582978723404,long_nclose,0.0,0.0,8274.0
1703456100000.0,400215,1703456100000.0,0.0,-0.01986264,1199.1885738600001,1201.26127386,14.7,6.756,14.7,6.756,long_ientry_normal,99.3132,0.08281699989879521,1207.0
1703591700000.0,402475,1703591700000.0,7.864500000000001,-0.021435540000000003,1207.03163832,1207.03163832,-14.7,7.291,0.0,6.756,long_nclose,0.0,0.0,2260.0
1703612340000.0,402819,1703612340000.0,0.0,-0.020038919999999998,1207.0115994,1205.1926994,14.1,7.106,14.1,7.106,long_ientry_normal,100.1946,0.08301046986607774,344.0
1703745600000.0,405040,1703745600000.0,7.9382999999999955,-0.02162658,1214.92827282,1214.92827282,-14.1,7.669,0.0,7.106,long_nclose,0.0,0.0,2221.0
1703768040000.0,405414,1703768040000.0,0.0,-0.0201536,1214.9081192200001,1214.9081192200001,13.4,7.52,13.4,7.52,long_ientry_normal,100.768,0.08294289782563594,374.0
1703791680000.0,405808,1703791680000.0,7.973000000000009,-0.021748200000000002,1222.85937102,1222.85937102,-13.4,8.115,0.0,7.52,long_nclose,0.0,0.0,394.0
1703809320000.0,406102,1703809320000.0,0.0,-0.0203312,1222.83903982,1222.94383982,13.1,7.76,13.1,7.76,long_ientry_normal,101.65599999999999,0.08313113720589392,294.0
1704063120000.0,410332,1704063120000.0,0.0,-0.02029464,1222.81874518,1216.0038451799999,14.2,7.146,27.3,7.440630036630036,long_rentry,203.1292,0.16611554312581234,4230.0
1704283680000.0,414008,1704283680000.0,0.0,-0.02024608,1222.7984990999998,1194.8444991,15.1,6.704,42.4,7.178292452830188,long_rentry,304.3596,0.24890413279376264,3676.0
1704283740000.0,414009,1704283740000.0,0.0,-0.024035,1222.7744641,1161.4208641,19.0,6.325,61.4,6.914244299674267,long_rentry,424.53459999999995,0.3471896187433638,1.0
1704283740000.0,414009,1704283740000.0,0.0,-0.032615,1222.7418490999999,1160.9757490999998,27.5,5.93,88.9,6.60978177727784,long_rentry,587.6096,0.4805671781271824,0.0
1707980700000.0,475625,1707980700000.0,17.943896287963994,-0.059904120000000005,1240.6258412679638,1260.3597449799997,-42.6,7.031,46.3,6.60978177727784,long_nclose,306.032896287964,0.24667622268385725,61616.0
1707993480000.0,475838,1707993480000.0,24.225003712035996,-0.06605158,1264.7847933999997,1264.7847933999997,-46.3,7.133,0.0,6.60978177727784,long_nclose,0.0,0.0,213.0
1708092360000.0,477486,1708092360000.0,0.0,-0.02102592,1264.7637674799996,1264.7778674799997,14.1,7.456,14.1,7.456,long_ientry_normal,105.1296,0.08312192577232606,1648.0
1708698300000.0,487585,1708698300000.0,8.318999999999985,-0.022689719999999997,1273.0600777599996,1273.0600777599996,-14.1,8.046,0.0,7.456,long_nclose,0.0,0.0,10099.0
1708784760000.0,489026,1708784760000.0,0.0,-0.021125880000000003,1273.0389518799996,1273.5876518799996,9.3,11.358,9.3,11.358,long_ientry_normal,105.62940000000002,0.08297420895410038,1441.0
1708831020000.0,489797,1708831020000.0,0.0,-0.0211292,1273.0178226799997,1266.0050226799997,10.1,10.46,19.4,10.890484536082477,long_rentry,211.27540000000005,0.16596421215471754,771.0
1709141520000.0,494972,1709141520000.0,0.0,-0.020999820000000002,1272.9968228599996,1254.2006228599996,10.7,9.813,30.1,10.507458471760797,long_rentry,316.2745,0.24844877404284213,5175.0
1709185380000.0,495703,1709185380000.0,25.029400000000017,-0.06826078000000002,1297.9579620799998,1297.9579620799998,-30.1,11.339,0.0,10.507458471760797,long_nclose,0.0,0.0,731.0
1709191200000.0,495800,1709191200000.0,0.0,-0.021532500000000003,1297.9364295799999,1297.7681295799998,9.9,10.875,9.9,10.875,long_ientry_normal,107.66250000000001,0.08294897773601946,97.0
1709224200000.0,496350,1709224200000.0,8.523900000000006,-0.023237280000000003,1306.4370922999997,1306.4370922999997,-9.9,11.736,0.0,10.875,long_nclose,0.0,0.0,550.0
1709242680000.0,496658,1709242680000.0,0.0,-0.02160384,1306.4154884599998,1306.9780884599998,9.7,11.136,9.7,11.136,long_ientry_normal,108.01919999999998,0.0826836492327053,308.0
1709305200000.0,497700,1709305200000.0,8.545700000000002,-0.023312979999999997,1314.9378754799998,1314.9378754799998,-9.7,12.017,0.0,11.136,long_nclose,0.0,0.0,1042.0
1709342460000.0,498321,1709342460000.0,0.0,-0.0217303,1314.9161451799998,1314.88764518,9.5,11.437,9.5,11.437,long_ientry_normal,108.6515,0.08262998397143159,621.0
1709351460000.0,498471,1709351460000.0,8.59750000000001,-0.023449800000000003,1323.49019538,1323.49019538,-9.5,12.342,0.0,11.437,long_nclose,0.0,0.0,150.0
1709450580000.0,500123,1709450580000.0,0.0,-0.022036400000000005,1323.46815898,1323.29905898,8.9,12.38,8.9,12.38,long_ientry_normal,110.18200000000002,0.08325247513692928,1652.0
1709450820000.0,500127,1709450820000.0,0.0,-0.021888,1323.44627098,1320.71827098,9.6,11.4,18.5,11.871459459459462,long_rentry,219.62200000000004,0.165947046597798,4.0
1709467440000.0,500404,1709467440000.0,17.381499999999946,-0.047400700000000004,1340.78037028,1340.78037028,-18.5,12.811,0.0,11.871459459459462,long_nclose,0.0,0.0,277.0
1709509260000.0,501101,1709509260000.0,0.0,-0.022176,1340.75819428,1340.87259428,8.8,12.6,8.8,12.6,long_ientry_normal,110.88000000000001,0.08269947591820882,697.0
1709654040000.0,503514,1709654040000.0,8.7736,-0.023930720000000003,1349.50786356,1349.50786356,-8.8,13.597,0.0,12.6,long_nclose,0.0,0.0,2413.0
1709654880000.0,503528,1709654880000.0,0.0,-0.022249920000000003,1349.48561364,1350.29401364,8.6,12.936,8.6,12.936,long_ientry_normal,111.2496,0.08243852240849295,14.0
1709661720000.0,503642,1709661720000.0,8.806400000000007,-0.0240112,1358.2680024400001,1358.2680024400001,-8.6,13.96,0.0,12.936,long_nclose,0.0,0.0,114.0
1709666700000.0,503725,1709666700000.0,0.0,-0.02242708,1358.2455753600002,1358.7701753600002,8.6,13.039,8.6,13.039,long_ientry_normal,112.13539999999999,0.08255900260914065,83.0
1709668500000.0,503755,1709668500000.0,0.0,-0.022576920000000004,1358.2229984400003,1350.3009984400003,9.4,12.009,18.0,12.501111111111111,long_rentry,225.02,0.16567235296298827,30.0
1709697600000.0,504240,1709697600000.0,17.81799999999999,-0.0485676,1375.9924308400002,1375.9924308400002,-18.0,13.491,0.0,12.501111111111111,long_nclose,0.0,0.0,485.0
1709775420000.0,505537,1709775420000.0,0.0,-0.022755,1375.9696758400003,1375.9696758400003,7.5,15.17,7.5,15.17,long_ientry_normal,113.775,0.08268714201898583,1297.0
1709979660000.0,508941,1709979660000.0,0.0,-0.02291408,1375.9467617600003,1366.6634617600002,8.2,13.972,15.7,14.544292993630574,long_rentry,228.3454,0.1659551127602633,3404.0
1710264120000.0,513682,1710264120000.0,0.0,-0.02280444,1375.9239573200002,1355.1239573200003,8.7,13.106,24.4,14.031459016393441,long_rentry,342.3675999999999,0.24882741388329144,4741.0
1710493740000.0,517509,1710493740000.0,0.0,-0.026955700000000003,1375.8970016200003,1334.6353016200003,10.9,12.365,35.3,13.516886685552407,long_rentry,477.14609999999993,0.3467891124395223,3827.0
1710659640000.0,520274,1710659640000.0,0.0,-0.036640200000000005,1375.8603614200003,1309.4996614200004,15.8,11.595,51.1,12.922643835616437,long_rentry,660.3471,0.479952121971497,2765.0
1710832560000.0,523156,1710832560000.0,0.0,-0.048668880000000005,1375.8116925400004,1259.5985925400007,22.8,10.673,73.9,12.22857239512855,long_rentry,903.6914999999999,0.6568424333795418,2882.0
