timestamp,trade_id,timestamp,pnl,fee_paid,balance,equity,qty,price,psize,pprice,type,pcost,wallet_exposure,mins_since_prev_fill
1704282900000.0,3595,1704282900000.0,0.0,-0.008792520000000002,999.99120748,999.6607074799999,0.001,43962.6,0.001,43962.6,long_ientry_normal,43.9626,0.04396298654543847,
1704283260000.0,3601,1704283260000.0,0.0,-0.008452800000000002,999.98275468,998.95495468,0.001,42264.0,0.002,43113.3,long_rentry,86.2266,0.08622808703095385,6.0
1704283740000.0,3609,1704283740000.0,0.0,-0.008188560000000001,999.97456612,994.4452661199999,0.001,40942.8,0.003,42389.8,long_rentry,127.16940000000001,0.127172634493525,8.0
1704297660000.0,3841,1704297660000.0,0.8157999999999956,-0.00864112,1000.7817249999999,1002.4495249999999,-0.001,43205.6,0.002,42389.8,long_nclose,84.7796,0.0847133774350246,232.0
1704297720000.0,3842,1704297720000.0,0.9616999999999971,-0.0086703,1001.7347546999999,1002.8386546999999,-0.001,43351.5,0.001,42389.8,long_nclose,42.3898,0.042316391441060586,1.0
1704297720000.0,3842,1704297720000.0,1.1075,-0.008699460000000001,1002.8335552399999,1002.8335552399999,-0.001,43497.3,0.0,42389.8,long_nclose,0.0,0.0,0.0
1704299880000.0,3878,1704299880000.0,0.0,-0.00859474,1002.8249604999999,1002.7890604999999,0.001,42973.7,0.001,42973.7,long_ientry_normal,42.9737,0.042852642976271435,36.0
1704380460000.0,5221,1704380460000.0,0.8270000000000001,-0.00876014,1003.6432003599998,1003.6432003599998,-0.001,43800.7,0.0,42973.7,long_nclose,0.0,0.0,1343.0
1704419280000.0,5868,1704419280000.0,0.0,-0.0085397,1003.6346606599998,1003.4430606599998,0.001,42698.5,0.001,42698.5,long_ientry_normal,42.6985,0.04254386747855147,647.0
1704419760000.0,5876,1704419760000.0,0.8216999999999971,-0.00870404,1004.4476566199997,1004.4476566199997,-0.001,43520.2,0.0,42698.5,long_nclose,0.0,0.0,8.0
1704835500000.0,12805,1704835500000.0,0.0,-0.00907078,1004.4385858399997,1004.7813858399998,0.001,45353.9,0.001,45353.9,long_ientry_normal,45.3539,0.0451534823924263,6929.0
1704836160000.0,12816,1704836160000.0,0.8727999999999957,-0.009245340000000001,1005.3021404999997,1005.3021404999997,-0.001,46226.7,0.0,45353.9,long_nclose,0.0,0.0,11.0
1704837420000.0,12837,1704837420000.0,0.0,-0.009064460000000002,1005.2930760399997,1005.5084760399998,0.001,45322.3,0.001,45322.3,long_ientry_normal,45.322300000000006,0.04508366871333815,21.0
1704841020000.0,12897,1704841020000.0,0.8721999999999971,-0.0092389,1006.1560371399997,1006.1560371399997,-0.001,46194.5,0.0,45322.3,long_nclose,0.0,0.0,60.0
1704891240000.0,13734,1704891240000.0,0.0,-0.0089466,1006.1470905399998,1006.1421905399998,0.001,44733.0,0.001,44733.0,long_ientry_normal,44.733000000000004,0.044459702185285624,837.0
1704902280000.0,13918,1704902280000.0,0.8609000000000014,-0.009118780000000002,1006.9988717599998,1006.9988717599998,-0.001,45593.9,0.0,44733.0,long_nclose,0.0,0.0,184.0
1705072980000.0,16763,1705072980000.0,0.0,-0.00896942,1006.9899023399998,1007.0411023399998,0.001,44847.1,0.001,44847.1,long_ientry_normal,44.8471,0.04453579911356235,2845.0
1705096980000.0,17163,1705096980000.0,0.0,-0.008621440000000001,1006.9812808999999,1004.8403808999999,0.001,43107.2,0.002,43977.149999999994,long_rentry,87.95429999999999,0.08734452334743495,400.0
1705098060000.0,17181,1705098060000.0,0.0,-0.0083499,1006.9729309999999,1002.544631,0.001,41749.5,0.003,43234.59999999999,long_rentry,129.70379999999997,0.12880564711028958,18.0
1705681680000.0,26908,1705681680000.0,0.0,-0.00810962,1006.9648213799999,999.0041213799999,0.001,40548.1,0.004,42562.97499999999,long_rentry,170.25189999999998,0.16907432750895648,9727.0
1705952520000.0,31422,1705952520000.0,0.0,-0.0157774,1006.9490439799998,994.3613439799999,0.002,39443.5,0.006,41523.149999999994,long_rentry,249.13889999999998,0.24741957052292352,4514.0
1706414580000.0,39123,1706414580000.0,0.7991500000000088,-0.008464460000000002,1007.7397295199999,1011.7394795199999,-0.001,42322.3,0.005,41523.149999999994,long_nclose,207.61574999999996,0.2060212016240445,7701.0
1706414700000.0,39125,1706414700000.0,0.7991500000000088,-0.008464460000000002,1008.5304150599999,1011.6058150599999,-0.001,42322.3,0.004,41523.149999999994,long_nclose,166.09259999999998,0.1646877451783333,2.0
1706415420000.0,39137,1706415420000.0,0.7991500000000088,-0.008464460000000002,1009.3211005999999,1011.7215505999999,-0.001,42322.3,0.003,41523.149999999994,long_nclose,124.56944999999999,0.12341904863174719,12.0
1706416200000.0,39150,1706416200000.0,0.9420500000000029,-0.00849304,1010.2546575599999,1012.18895756,-0.001,42465.2,0.002,41523.149999999994,long_nclose,83.04629999999999,0.08220333297010095,13.0
1706416380000.0,39153,1706416380000.0,0.9420500000000029,-0.00849304,1011.18821452,1012.11166452,-0.001,42465.2,0.001,41523.149999999994,long_nclose,41.523149999999994,0.04106372028842383,3.0
1706416500000.0,39155,1706416500000.0,0.9420500000000029,-0.00849304,1012.12177148,1012.12177148,-0.001,42465.2,0.0,41523.149999999994,long_nclose,0.0,0.0,2.0
1707834240000.0,62784,1707834240000.0,0.0,-0.0096891,1012.1120823800001,1012.36678238,0.001,48445.5,0.001,48445.5,long_ientry_normal,48.4455,0.047865746139577274,23629.0
1707856680000.0,63158,1707856680000.0,0.9323000000000029,-0.00987556,1013.0345068200002,1013.0345068200002,-0.001,49377.8,0.0,48445.5,long_nclose,0.0,0.0,374.0
1709614980000.0,92463,1709614980000.0,0.0,-0.013004040000000001,1013.0215027800001,1013.8256027800002,0.001,65020.2,0.001,65020.2,long_ientry_normal,65.0202,0.06418442236573192,29305.0
1709615040000.0,92464,1709615040000.0,1.251300000000003,-0.013254300000000002,1014.2595484800001,1014.2595484800001,-0.001,66271.5,0.0,65020.2,long_nclose,0.0,0.0,1.0
1709654880000.0,93128,1709654880000.0,0.0,-0.013066060000000003,1014.2464824200001,1014.5445824200001,0.001,65330.3,0.001,65330.3,long_ientry_normal,65.33030000000001,0.06441264636592221,664.0
1709667300000.0,93335,1709667300000.0,0.0,-0.012487220000000002,1014.2339952000001,1011.2795952000001,0.001,62436.1,0.002,63883.2,long_rentry,127.76639999999999,0.12597329669945181,207.0
1709668560000.0,93356,1709668560000.0,0.0,-0.011992760000000002,1014.2220024400001,1006.7549024400001,0.001,59963.8,0.003,62576.73333333333,long_rentry,187.7302,0.18509773949723185,21.0
1709673660000.0,93441,1709673660000.0,1.2042666666666701,-0.0127562,1015.4135129066667,1017.9162462400001,-0.001,63781.0,0.002,62576.73333333333,long_nclose,125.15346666666666,0.12325369425940497,85.0
1709673780000.0,93443,1709673780000.0,1.2042666666666701,-0.0127562,1016.6050233733333,1017.65679004,-0.001,63781.0,0.001,62576.73333333333,long_nclose,62.57673333333333,0.06155461747148277,2.0
1709673900000.0,93445,1709673900000.0,1.2042666666666701,-0.0127562,1017.7965338399999,1017.7965338399999,-0.001,63781.0,0.0,62576.73333333333,long_nclose,0.0,0.0,2.0
1709673960000.0,93446,1709673960000.0,0.0,-0.012791740000000001,1017.7837420999999,1017.4540420999999,0.001,63958.7,0.001,63958.7,long_ientry_normal,63.9587,0.06284114920919605,1.0
1709701800000.0,93910,1709701800000.0,1.2309000000000014,-0.01303792,1019.00160418,1019.00160418,-0.001,65189.6,0.0,63958.7,long_nclose,0.0,0.0,464.0
1710118320000.0,100852,1710118320000.0,0.0,-0.013477600000000001,1018.98812658,1018.97412658,0.001,67388.0,0.001,67388.0,long_ientry_normal,67.388,0.06613227204734208,6942.0
1710126900000.0,100995,1710126900000.0,1.2968999999999942,-0.013736980000000001,1020.2712896,1020.2712896,-0.001,68684.9,0.0,67388.0,long_nclose,0.0,0.0,143.0
1710263160000.0,103266,1710263160000.0,0.0,-0.013996960000000003,1020.2572926400001,1020.54359264,0.001,69984.8,0.001,69984.8,long_ientry_normal,69.9848,0.06859524602750798,2271.0
1710266580000.0,103323,1710266580000.0,1.3468000000000029,-0.014266320000000002,1021.58982632,1021.58982632,-0.001,71331.6,0.0,69984.8,long_nclose,0.0,0.0,57.0
1710430020000.0,106047,1710430020000.0,0.0,-0.014196600000000002,1021.57562972,1021.65322972,0.001,70983.0,0.001,70983.0,long_ientry_normal,70.983,0.06948384234601943,2724.0
1710462720000.0,106592,1710462720000.0,1.366,-0.014469800000000001,1022.92715992,1022.92715992,-0.001,72349.0,0.0,70983.0,long_nclose,0.0,0.0,545.0
1710470340000.0,106719,1710470340000.0,0.0,-0.0139702,1022.91318972,1022.87668972,0.001,69851.0,0.001,69851.0,long_ientry_normal,69.851,0.0682863420884427,127.0
1710473280000.0,106768,1710473280000.0,0.0,-0.0133363,1022.89985342,1020.43735342,0.001,66681.5,0.002,68266.25,long_rentry,136.5325,0.13347592097458255,49.0
1710528480000.0,107688,1710528480000.0,1.31375,-0.013916,1024.19968742,1025.6595374199999,-0.001,69580.0,0.001,68266.25,long_nclose,68.26625,0.06665326189657939,920.0
1710528660000.0,107691,1710528660000.0,1.5486499999999943,-0.01396298,1025.7343744399998,1025.7343744399998,-0.001,69814.9,0.0,68266.25,long_nclose,0.0,0.0,3.0
1710612780000.0,109093,1710612780000.0,0.0,-0.013346960000000001,1025.7210274799997,1025.7074274799998,0.001,66734.8,0.001,66734.8,long_ientry_normal,66.7348,0.06506135509764739,1402.0
1710690360000.0,110386,1710690360000.0,1.2843000000000029,-0.013603820000000003,1026.9917236599997,1026.9917236599997,-0.001,68019.1,0.0,66734.8,long_nclose,0.0,0.0,1293.0
1710812280000.0,112418,1710812280000.0,0.0,-0.013165379999999999,1026.9785582799998,1026.99715828,0.001,65826.9,0.001,65826.9,long_ientry_normal,65.8269,0.06409763813399176,2032.0
1710845220000.0,112967,1710845220000.0,0.0,-0.01258328,1026.9659749999998,1023.9594749999999,0.001,62916.4,0.002,64371.649999999994,long_rentry,128.7433,0.12536277066043988,549.0
1710869220000.0,113367,1710869220000.0,1.2388500000000058,-0.013122100000000001,1028.1917028999999,1029.4958528999998,-0.001,65610.5,0.001,64371.649999999994,long_nclose,64.37165,0.06260666159670486,400.0
1710909060000.0,114031,1710909060000.0,0.0,-0.01231042,1028.17939248,1025.78284248,0.001,61552.1,0.002,62961.875,long_rentry,125.92375,0.12247254800183077,664.0
1710937380000.0,114503,1710937380000.0,1.2117249999999986,-0.012834719999999999,1029.3782827599998,1030.5469077599998,-0.001,64173.6,0.001,62961.875,long_nclose,62.961875,0.061164953695336116,472.0
1710937440000.0,114504,1710937440000.0,1.2117249999999986,-0.012834719999999999,1030.5771730399997,1030.5771730399997,-0.001,64173.6,0.0,62961.875,long_nclose,0.0,0.0,1.0
1711051440000.0,116404,1711051440000.0,0.0,-0.012926239999999999,1030.5642467999996,1030.6568467999996,0.001,64631.2,0.001,64631.2,long_ientry_normal,64.63119999999999,0.06271438214617482,1900.0
1711052280000.0,116418,1711052280000.0,1.243800000000003,-0.013175000000000001,1031.7948717999996,1031.7948717999996,-0.001,65875.0,0.0,64631.2,long_nclose,0.0,0.0,14.0
1711108500000.0,117355,1711108500000.0,0.0,-0.0128243,1031.7820474999996,1031.7482474999997,0.001,64121.5,0.001,64121.5,long_ientry_normal,64.1215,0.06214636139034006,937.0
1711204200000.0,118950,1711204200000.0,1.234,-0.013071100000000002,1033.0029763999996,1033.0029763999996,-0.001,65355.5,0.0,64121.5,long_nclose,0.0,0.0,1595.0
1711548720000.0,124692,1711548720000.0,0.0,-0.013685300000000001,1032.9892910999997,1033.3169910999998,0.001,68426.5,0.001,68426.5,long_ientry_normal,68.4265,0.06624124818093191,5742.0
1711549320000.0,124702,1711549320000.0,1.3168000000000029,-0.013948660000000002,1034.2921424399997,1034.2921424399997,-0.001,69743.3,0.0,68426.5,long_nclose,0.0,0.0,10.0
1711951320000.0,131402,1711951320000.0,0.0,-0.013770540000000001,1034.2783718999997,1034.3972718999996,0.001,68852.7,0.001,68852.7,long_ientry_normal,68.8527,0.06657076264054093,6700.0
1712025540000.0,132639,1712025540000.0,0.0,-0.013152260000000002,1034.2652196399997,1032.5830196399997,0.001,65761.3,0.002,67307.0,long_rentry,134.614,0.13015423649927585,1237.0
1712253060000.0,136431,1712253060000.0,1.295300000000003,-0.01372046,1035.5467991799997,1036.8450991799996,-0.001,68602.3,0.001,67307.0,long_nclose,67.307,0.06499657963628222,3792.0
1712253420000.0,136437,1712253420000.0,1.5268999999999942,-0.013766780000000001,1037.0599323999998,1037.0599323999998,-0.001,68833.9,0.0,67307.0,long_nclose,0.0,0.0,6.0
1712673720000.0,143442,1712673720000.0,0.0,-0.013814320000000001,1037.0461180799998,1037.0146180799998,0.001,69071.6,0.001,69071.6,long_ientry_normal,69.0716,0.0666041739087554,7005.0
1712786640000.0,145324,1712786640000.0,1.3292999999999884,-0.01408018,1038.3613378999996,1038.3613378999996,-0.001,70400.9,0.0,69071.6,long_nclose,0.0,0.0,1882.0
1712942460000.0,147921,1712942460000.0,0.0,-0.013678660000000002,1038.3476592399995,1038.3217592399994,0.001,68393.3,0.001,68393.3,long_ientry_normal,68.39330000000001,0.06586743793505472,2597.0
1712946900000.0,147995,1712946900000.0,0.0,-0.013067160000000001,1038.3345920799995,1036.0456920799995,0.001,65335.8,0.002,66864.55,long_rentry,133.72910000000002,0.1287919144946456,74.0
1713038820000.0,149527,1713038820000.0,0.0,-0.012542000000000001,1038.3220500799996,1027.6426500799996,0.001,62710.0,0.003,65479.7,long_rentry,196.4391,0.1891889900487666,1532.0
1713038940000.0,149529,1713038940000.0,0.0,-0.012063160000000002,1038.3099869199996,1028.2618869199996,0.001,60315.8,0.004,64188.72499999999,long_rentry,256.75489999999996,0.2472815471626419,2.0
1713049560000.0,149706,1713049560000.0,1.2352750000000088,-0.013084800000000002,1039.5321771199997,1043.1867021199996,-0.001,65424.0,0.003,64188.72499999999,long_nclose,192.566175,0.18524311150569692,177.0
1713049620000.0,149707,1713049620000.0,1.2352750000000088,-0.013084800000000002,1040.7543673199998,1042.7047173199999,-0.001,65424.0,0.002,64188.72499999999,long_nclose,128.37744999999998,0.1233503831750224,1.0
1713049800000.0,149710,1713049800000.0,1.2352750000000088,-0.013084800000000002,1041.97655752,1043.14563252,-0.001,65424.0,0.001,64188.72499999999,long_nclose,64.18872499999999,0.06160284944680047,3.0
1713049860000.0,149711,1713049860000.0,1.2352750000000088,-0.013084800000000002,1043.19874772,1043.19874772,-0.001,65424.0,0.0,64188.72499999999,long_nclose,0.0,0.0,1.0
1713050880000.0,149728,1713050880000.0,0.0,-0.012853800000000002,1043.1858939200001,1043.21169392,0.001,64269.0,0.001,64269.0,long_ientry_normal,64.269,0.061608386745429546,17.0
1713136800000.0,151160,1713136800000.0,1.236800000000003,-0.013101160000000002,1044.4095927600001,1044.4095927600001,-0.001,65505.8,0.0,64269.0,long_nclose,0.0,0.0,1432.0
1713193320000.0,152102,1713193320000.0,0.0,-0.01276174,1044.39683102,1044.70023102,0.001,63808.7,0.001,63808.7,long_ientry_normal,63.8087,0.06109622138328575,942.0
1713363780000.0,154943,1713363780000.0,0.0,-0.012208100000000001,1044.38462292,1041.74342292,0.001,61040.5,0.002,62424.6,long_rentry,124.8492,0.11954331503937075,2841.0
1713449760000.0,156376,1713449760000.0,1.201300000000003,-0.01272518,1045.57319774,1046.6317977400001,-0.001,63625.9,0.001,62424.6,long_nclose,62.4246,0.05970371097397139,1433.0
1713449820000.0,156377,1713449820000.0,1.201300000000003,-0.01272518,1046.76177256,1046.76177256,-0.001,63625.9,0.0,62424.6,long_nclose,0.0,0.0,1.0
1713490740000.0,157059,1713490740000.0,0.0,-0.012224980000000002,1046.7495475800001,1046.7366475800002,0.001,61124.9,0.001,61124.9,long_ientry_normal,61.124900000000004,0.058394961947980585,682.0
1713499500000.0,157205,1713499500000.0,1.1762999999999957,-0.012460240000000001,1047.91338734,1047.91338734,-0.001,62301.2,0.0,61124.9,long_nclose,0.0,0.0,146.0
1713969780000.0,165043,1713969780000.0,0.0,-0.01294164,1047.9004457,1048.0742457000001,0.001,64708.2,0.001,64708.2,long_ientry_normal,64.7082,0.06175033159450063,7838.0
1714363140000.0,171599,1714363140000.0,0.0,-0.01237784,1047.88806786,1045.7872678600002,0.001,61889.2,0.002,63298.7,long_rentry,126.5974,0.1208119491793981,6556.0
1714438080000.0,172848,1714438080000.0,1.2182000000000044,-0.012903380000000002,1049.0933644800002,1050.2632644800003,-0.001,64516.9,0.001,63298.7,long_nclose,63.2987,0.06033657455394831,1249.0
1714438380000.0,172853,1714438380000.0,1.2182000000000044,-0.012903380000000002,1050.2986611000003,1050.2986611000003,-0.001,64516.9,0.0,63298.7,long_nclose,0.0,0.0,5.0
1714469640000.0,173374,1714469640000.0,0.0,-0.012304420000000002,1050.2863566800004,1050.3485566800005,0.001,61522.1,0.001,61522.1,long_ientry_normal,61.5221,0.058576501169142065,521.0
1714547280000.0,174668,1714547280000.0,0.0,-0.0117792,1050.2745774800003,1046.2266774800003,0.001,58896.0,0.002,60209.05,long_rentry,120.41810000000001,0.11465392249037186,1294.0
1714551660000.0,174741,1714551660000.0,0.0,-0.01134076,1050.2632367200004,1043.0058367200004,0.001,56703.8,0.003,59040.63333333333,long_rentry,177.1219,0.16864524417055324,73.0
1714739700000.0,177875,1714739700000.0,1.13626666666667,-0.012035380000000002,1051.387468006667,1053.6618013400002,-0.001,60176.9,0.002,59040.63333333333,long_nclose,118.08126666666666,0.11230994306079925,3134.0
1714740000000.0,177880,1714740000000.0,1.13626666666667,-0.012035380000000002,1052.5116992933335,1053.8653659600002,-0.001,60176.9,0.001,59040.63333333333,long_nclose,59.04063333333333,0.05609499008227061,5.0
1714740000000.0,177880,1714740000000.0,1.3393666666666686,-0.012076000000000002,1053.8389899600002,1053.8389899600002,-0.001,60380.0,0.0,59040.63333333333,long_nclose,0.0,0.0,0.0
1715352720000.0,188092,1715352720000.0,0.0,-0.01221324,1053.8267767200002,1053.7461767200002,0.001,61066.2,0.001,61066.2,long_ientry_normal,61.066199999999995,0.057947094673440024,10212.0
1715586840000.0,191994,1715586840000.0,1.1752000000000045,-0.012448280000000003,1054.9895284400002,1054.9895284400002,-0.001,62241.4,0.0,61066.2,long_nclose,0.0,0.0,3902.0
