,timestamp,bkr_price_long,bkr_price_short,psize_long,pprice_long,psize_short,pprice_short,price,closest_bkr_long,closest_bkr_short,balance_long,balance_short,equity_long,equity_short,wallet_exposure_long,wallet_exposure_short
0,1704067260000.0,0.0,0.0,0.0,0.0,0.0,0.0,0.3677,1.0,1.0,1000.0,1000.0,1000.0,1000.0,0.0,0.0
1,1704070860000.0,0.0,0.0,0.0,0.0,0.0,0.0,0.3714,1.0,1.0,1000.0,1000.0,1000.0,1000.0,0.0,0.0
2,1704074460000.0,0.0,0.0,0.0,0.0,0.0,0.0,0.3731,1.0,1.0,1000.0,1000.0,1000.0,1000.0,0.0,0.0
3,1704078060000.0,0.0,0.0,0.0,0.0,0.0,0.0,0.3714,1.0,1.0,1000.0,1000.0,1000.0,1000.0,0.0,0.0
4,1704081660000.0,0.0,0.0,0.0,0.0,0.0,0.0,0.3678,1.0,1.0,1000.0,1000.0,1000.0,1000.0,0.0,0.0
5,1704085260000.0,0.0,0.0,0.0,0.0,0.0,0.0,0.3666,1.0,1.0,1000.0,1000.0,1000.0,1000.0,0.0,0.0
6,1704088860000.0,0.0,0.0,0.0,0.0,0.0,0.0,0.3634,1.0,1.0,1000.0,1000.0,1000.0,1000.0,0.0,0.0
7,1704092460000.0,0.0,0.0,0.0,0.0,0.0,0.0,0.3668,1.0,1.0,1000.0,1000.0,1000.0,1000.0,0.0,0.0
8,1704096060000.0,0.0,0.0,0.0,0.0,0.0,0.0,0.3664,1.0,1.0,1000.0,1000.0,1000.0,1000.0,0.0,0.0
9,1704099660000.0,0.0,0.0,0.0,0.0,0.0,0.0,0.3663,1.0,1.0,1000.0,1000.0,1000.0,1000.0,0.0,0.0
10,1704103260000.0,0.0,0.0,0.0,0.0,0.0,0.0,0.3661,1.0,1.0,1000.0,1000.0,1000.0,1000.0,0.0,0.0
11,1704106860000.0,0.0,0.0,0.0,0.0,0.0,0.0,0.3675,1.0,1.0,1000.0,1000.0,1000.0,1000.0,0.0,0.0
12,1704110460000.0,0.0,0.0,0.0,0.0,0.0,0.0,0.3692,1.0,1.0,1000.0,1000.0,1000.0,1000.0,0.0,0.0
13,1704114060000.0,0.0,0.0,0.0,0.0,0.0,0.0,0.3695,1.0,1.0,1000.0,1000.0,1000.0,1000.0,0.0,0.0
14,1704117660000.0,0.0,0.0,0.0,0.0,0.0,0.0,0.3692,1.0,1.0,1000.0,1000.0,1000.0,1000.0,0.0,0.0
15,1704121260000.0,0.0,0.0,0.0,0.0,0.0,0.0,0.3673,1.0,1.0,1000.0,1000.0,1000.0,1000.0,0.0,0.0
16,1704124860000.0,0.0,0.0,0.0,0.0,0.0,0.0,0.3684,1.0,1.0,1000.0,1000.0,1000.0,1000.0,0.0,0.0
17,1704128460000.0,0.0,0.0,89.0,0.3621,0.0,0.0,0.3502,1.0,1.0,999.99355462,1000.0,998.9344546200001,1000.0,0.03222710771595553,0.0
18,1704132060000.0,0.0,0.0,89.0,0.3621,0.0,0.0,0.3532,1.0,1.0,999.99355462,1000.0,999.20145462,1000.0,0.03222710771595553,0.0
19,1704135660000.0,0.0,0.0,89.0,0.3621,0.0,0.0,0.3584,1.0,1.0,999.99355462,1000.0,999.6642546200001,1000.0,0.03222710771595553,0.0
20,1704139260000.0,0.0,0.0,89.0,0.3621,0.0,0.0,0.3592,1.0,1.0,999.99355462,1000.0,999.73545462,1000.0,0.03222710771595553,0.0
21,1704142860000.0,0.0,0.0,89.0,0.3621,0.0,0.0,0.3576,1.0,1.0,999.99355462,1000.0,999.5930546200001,1000.0,0.03222710771595553,0.0
22,1704146460000.0,0.0,0.0,89.0,0.3621,0.0,0.0,0.358,1.0,1.0,999.99355462,1000.0,999.62865462,1000.0,0.03222710771595553,0.0
23,1704150060000.0,0.0,0.0,89.0,0.3621,0.0,0.0,0.3606,1.0,1.0,999.99355462,1000.0,999.86005462,1000.0,0.03222710771595553,0.0
24,1704153660000.0,0.0,0.0,89.0,0.3621,0.0,0.0,0.3643,1.0,1.0,999.99355462,1000.0,1000.18935462,1000.0,0.03222710771595553,0.0
25,1704157260000.0,0.0,0.0,0.0,0.3621,0.0,0.0,0.3683,1.0,1.0,1000.51780308,1000.0,1000.51780308,1000.0,0.0,0.0
26,1704160860000.0,0.0,0.0,0.0,0.3621,0.0,0.0,0.3665,1.0,1.0,1000.51780308,1000.0,1000.51780308,1000.0,0.0,0.0
27,1704164460000.0,0.0,0.0,0.0,0.3621,0.0,0.0,0.366,1.0,1.0,1000.51780308,1000.0,1000.51780308,1000.0,0.0,0.0
28,1704168060000.0,0.0,0.0,0.0,0.3621,0.0,0.0,0.3676,1.0,1.0,1000.51780308,1000.0,1000.51780308,1000.0,0.0,0.0
29,1704171660000.0,0.0,0.0,0.0,0.3621,0.0,0.0,0.3668,1.0,1.0,1000.51780308,1000.0,1000.51780308,1000.0,0.0,0.0
30,1704175260000.0,0.0,0.0,0.0,0.3621,0.0,0.0,0.3659,1.0,1.0,1000.51780308,1000.0,1000.51780308,1000.0,0.0,0.0
31,1704178860000.0,0.0,0.0,0.0,0.3621,0.0,0.0,0.3628,1.0,1.0,1000.51780308,1000.0,1000.51780308,1000.0,0.0,0.0
32,1704182460000.0,0.0,0.0,0.0,0.3621,0.0,0.0,0.3644,1.0,1.0,1000.51780308,1000.0,1000.51780308,1000.0,0.0,0.0
33,1704186060000.0,0.0,0.0,0.0,0.3621,0.0,0.0,0.3672,1.0,1.0,1000.51780308,1000.0,1000.51780308,1000.0,0.0,0.0
34,1704189660000.0,0.0,0.0,0.0,0.3621,0.0,0.0,0.3714,1.0,1.0,1000.51780308,1000.0,1000.51780308,1000.0,0.0,0.0
35,1704193260000.0,0.0,0.0,0.0,0.3621,0.0,0.0,0.3719,1.0,1.0,1000.51780308,1000.0,1000.51780308,1000.0,0.0,0.0
36,1704196860000.0,0.0,0.0,0.0,0.3621,0.0,0.0,0.3856,1.0,1.0,1000.51780308,1000.0,1000.51780308,1000.0,0.0,0.0
37,1704200460000.0,0.0,0.0,0.0,0.3621,0.0,0.0,0.3748,1.0,1.0,1000.51780308,1000.0,1000.51780308,1000.0,0.0,0.0
38,1704204060000.0,0.0,0.0,0.0,0.3621,0.0,0.0,0.3786,1.0,1.0,1000.51780308,1000.0,1000.51780308,1000.0,0.0,0.0
39,1704207660000.0,0.0,0.0,34.0,0.3656,0.0,0.0,0.3722,1.0,1.0,1000.79916168,1000.0,1001.02356168,1000.0,0.012420474033105306,0.0
40,1704211260000.0,0.0,0.0,12.0,0.3655999999999999,0.0,0.0,0.3678,1.0,1.0,1001.20129462,1000.0,1001.22769462,1000.0,0.004381936003853386,0.0
41,1704214860000.0,0.0,0.0,58.0,0.3652449438202247,0.0,0.0,0.3659,1.0,1.0,1001.3005989415731,1000.0,1001.3385922,1000.0,0.021156690372467413,0.0
42,1704218460000.0,0.0,0.0,89.0,0.36488097462441615,0.0,0.0,0.3651,1.0,1.0,1001.298340901573,1000.0,1001.31783416,1000.0,0.032432298561818194,0.0
43,1704222060000.0,0.0,0.0,89.0,0.36488097462441615,0.0,0.0,0.3622,1.0,1.0,1001.298340901573,1000.0,1001.0597341600001,1000.0,0.032432298561818194,0.0
44,1704225660000.0,0.0,0.0,89.0,0.36488097462441615,0.0,0.0,0.3618,1.0,1.0,1001.298340901573,1000.0,1001.02413416,1000.0,0.032432298561818194,0.0
45,1704229260000.0,0.0,0.0,89.0,0.36488097462441615,0.0,0.0,0.3563,1.0,1.0,1001.298340901573,1000.0,1000.53463416,1000.0,0.032432298561818194,0.0
46,1704232860000.0,0.0,0.0,89.0,0.36488097462441615,0.0,0.0,0.3602,1.0,1.0,1001.298340901573,1000.0,1000.8817341600001,1000.0,0.032432298561818194,0.0
47,1704236460000.0,0.0,0.0,89.0,0.36488097462441615,0.0,0.0,0.3638,1.0,1.0,1001.298340901573,1000.0,1001.20213416,1000.0,0.032432298561818194,0.0
48,1704240060000.0,0.0,0.0,89.0,0.36488097462441615,0.0,0.0,0.3629,1.0,1.0,1001.298340901573,1000.0,1001.12203416,1000.0,0.032432298561818194,0.0
49,1704243660000.0,0.0,0.0,89.0,0.36488097462441615,0.0,0.0,0.3626,1.0,1.0,1001.298340901573,1000.0,1001.09533416,1000.0,0.032432298561818194,0.0
50,1704247260000.0,0.0,0.0,89.0,0.36488097462441615,0.0,0.0,0.3631,1.0,1.0,1001.298340901573,1000.0,1001.13983416,1000.0,0.032432298561818194,0.0
51,1704250860000.0,0.0,0.0,89.0,0.36488097462441615,0.0,0.0,0.3623,1.0,1.0,1001.298340901573,1000.0,1001.06863416,1000.0,0.032432298561818194,0.0
52,1704254460000.0,0.0,0.0,0.0,0.36488097462441615,0.0,0.0,0.3752,1.0,1.0,1001.7049566400001,1000.0,1001.7049566400001,1000.0,0.0,0.0
53,1704258060000.0,0.0,0.0,0.0,0.36488097462441615,0.0,0.0,0.372,1.0,1.0,1001.7049566400001,1000.0,1001.7049566400001,1000.0,0.0,0.0
54,1704261660000.0,0.0,0.0,0.0,0.36488097462441615,0.0,0.0,0.3663,1.0,1.0,1001.7049566400001,1000.0,1001.7049566400001,1000.0,0.0,0.0
55,1704265260000.0,0.0,0.0,0.0,0.36488097462441615,0.0,0.0,0.3676,1.0,1.0,1001.7049566400001,1000.0,1001.7049566400001,1000.0,0.0,0.0
56,1704268860000.0,0.0,0.0,0.0,0.36488097462441615,0.0,0.0,0.363,1.0,1.0,1001.7049566400001,1000.0,1001.7049566400001,1000.0,0.0,0.0
57,1704272460000.0,0.0,0.0,0.0,0.36488097462441615,0.0,0.0,0.365,1.0,1.0,1001.7049566400001,1000.0,1001.7049566400001,1000.0,0.0,0.0
58,1704276060000.0,0.0,0.0,0.0,0.36488097462441615,0.0,0.0,0.3718,1.0,1.0,1001.7049566400001,1000.0,1001.7049566400001,1000.0,0.0,0.0
59,1704279660000.0,0.0,0.0,0.0,0.36488097462441615,0.0,0.0,0.3767,1.0,1.0,1001.7049566400001,1000.0,1001.7049566400001,1000.0,0.0,0.0
60,1704283260000.0,0.0,0.0,0.0,0.36488097462441615,0.0,0.0,0.3876,1.0,1.0,1001.7049566400001,1000.0,1001.7049566400001,1000.0,0.0,0.0
61,1704286860000.0,0.0,0.0,0.0,0.3636,0.0,0.0,0.3905,1.0,1.0,1008.2423654999997,1000.0,1008.2423654999997,1000.0,0.0,0.0
62,1704290460000.0,0.0,0.0,0.0,0.3636,0.0,0.0,0.4189,1.0,1.0,1008.2423654999997,1000.0,1008.2423654999997,1000.0,0.0,0.0
63,1704294060000.0,0.0,0.0,0.0,0.3636,0.0,0.0,0.4238,1.0,1.0,1008.2423654999997,1000.0,1008.2423654999997,1000.0,0.0,0.0
64,1704297660000.0,0.0,0.0,0.0,0.3636,0.0,0.0,0.4705,1.0,1.0,1008.2423654999997,1000.0,1008.2423654999997,1000.0,0.0,0.0
65,1704301260000.0,0.0,0.0,0.0,0.3636,0.0,0.0,0.4521,1.0,1.0,1008.2423654999997,1000.0,1008.2423654999997,1000.0,0.0,0.0
66,1704304860000.0,0.0,0.0,0.0,0.3636,0.0,0.0,0.493,1.0,1.0,1008.2423654999997,1000.0,1008.2423654999997,1000.0,0.0,0.0
67,1704308460000.0,0.0,0.0,0.0,0.3636,0.0,0.0,0.4827,1.0,1.0,1008.2423654999997,1000.0,1008.2423654999997,1000.0,0.0,0.0
68,1704312060000.0,0.0,0.0,0.0,0.3636,0.0,0.0,0.5154,1.0,1.0,1008.2423654999997,1000.0,1008.2423654999997,1000.0,0.0,0.0
69,1704315660000.0,0.0,0.0,0.0,0.3636,0.0,0.0,0.5839,1.0,1.0,1008.2423654999997,1000.0,1008.2423654999997,1000.0,0.0,0.0
70,1704319260000.0,0.0,0.0,0.0,0.3636,0.0,0.0,0.583,1.0,1.0,1008.2423654999997,1000.0,1008.2423654999997,1000.0,0.0,0.0
71,1704322860000.0,0.0,0.0,0.0,0.3636,0.0,0.0,0.5681,1.0,1.0,1008.2423654999997,1000.0,1008.2423654999997,1000.0,0.0,0.0
72,1704326460000.0,0.0,0.0,0.0,0.3636,0.0,0.0,0.5782,1.0,1.0,1008.2423654999997,1000.0,1008.2423654999997,1000.0,0.0,0.0
73,1704330060000.0,0.0,0.0,0.0,0.3636,0.0,0.0,0.5344,1.0,1.0,1008.2423654999997,1000.0,1008.2423654999997,1000.0,0.0,0.0
74,1704333660000.0,0.0,0.0,0.0,0.3636,0.0,0.0,0.5645,1.0,1.0,1008.2423654999997,1000.0,1008.2423654999997,1000.0,0.0,0.0
75,1704337260000.0,0.0,0.0,0.0,0.3636,0.0,0.0,0.5887,1.0,1.0,1008.2423654999997,1000.0,1008.2423654999997,1000.0,0.0,0.0
76,1704340860000.0,0.0,0.0,0.0,0.3636,0.0,0.0,0.5861,1.0,1.0,1008.2423654999997,1000.0,1008.2423654999997,1000.0,0.0,0.0
77,1704344460000.0,0.0,0.0,0.0,0.3636,0.0,0.0,0.6093,1.0,1.0,1008.2423654999997,1000.0,1008.2423654999997,1000.0,0.0,0.0
78,1704348060000.0,0.0,0.0,0.0,0.3636,0.0,0.0,0.6198,1.0,1.0,1008.2423654999997,1000.0,1008.2423654999997,1000.0,0.0,0.0
79,1704351660000.0,0.0,0.0,0.0,0.3636,0.0,0.0,0.6215,1.0,1.0,1008.2423654999997,1000.0,1008.2423654999997,1000.0,0.0,0.0
80,1704355260000.0,0.0,0.0,0.0,0.3636,0.0,0.0,0.6308,1.0,1.0,1008.2423654999997,1000.0,1008.2423654999997,1000.0,0.0,0.0
81,1704358860000.0,0.0,0.0,0.0,0.3636,0.0,0.0,0.5931,1.0,1.0,1008.2423654999997,1000.0,1008.2423654999997,1000.0,0.0,0.0
82,1704362460000.0,0.0,0.0,0.0,0.3636,0.0,0.0,0.5984,1.0,1.0,1008.2423654999997,1000.0,1008.2423654999997,1000.0,0.0,0.0
83,1704366060000.0,0.0,0.0,118.0,0.5538923728813558,0.0,0.0,0.5246,1.0,1.0,1008.2292936399996,1000.0,1004.7727936399996,1000.0,0.06482582921592567,0.0
84,1704369660000.0,0.0,0.0,406.0,0.5016677339901477,0.0,0.0,0.453,1.0,1.0,1008.2016300799995,1000.0,988.4425300799995,1000.0,0.20202020500982376,0.0
85,1704373260000.0,0.0,0.0,26.0,0.5286350840760116,0.0,0.0,0.5372,1.0,1.0,1013.3606972459759,1000.0,1013.5833850599996,1000.0,0.013563297080032755,0.0
86,1704376860000.0,0.0,0.0,60.0,0.54548,0.0,0.0,0.5458,1.0,1.0,1015.5479229799995,1000.0,1015.5671229799995,1000.0,0.03222772580141899,0.0
87,1704380460000.0,0.0,0.0,60.0,0.545312,0.0,0.0,0.5372,1.0,1.0,1015.7459488999996,1000.0,1015.2592288999996,1000.0,0.03221151906678307,0.0
88,1704384060000.0,0.0,0.0,61.0,0.5422605901639344,0.0,0.0,0.5361,1.0,1.0,1016.0757423199998,1000.0,1015.6999463199998,1000.0,0.03255455732510003,0.0
89,1704387660000.0,0.0,0.0,0.0,0.5422605901639344,0.0,0.0,0.5428,1.0,1.0,1016.41336188,1000.0,1016.41336188,1000.0,0.0,0.0
90,1704391260000.0,0.0,0.0,0.0,0.5422605901639344,0.0,0.0,0.5563,1.0,1.0,1016.41336188,1000.0,1016.41336188,1000.0,0.0,0.0
91,1704394860000.0,0.0,0.0,0.0,0.5422605901639344,0.0,0.0,0.5622,1.0,1.0,1016.41336188,1000.0,1016.41336188,1000.0,0.0,0.0
92,1704398460000.0,0.0,0.0,0.0,0.5422605901639344,0.0,0.0,0.5655,1.0,1.0,1016.41336188,1000.0,1016.41336188,1000.0,0.0,0.0
93,1704402060000.0,0.0,0.0,0.0,0.5422605901639344,0.0,0.0,0.5694,1.0,1.0,1016.41336188,1000.0,1016.41336188,1000.0,0.0,0.0
94,1704405660000.0,0.0,0.0,0.0,0.5422605901639344,0.0,0.0,0.587,1.0,1.0,1016.41336188,1000.0,1016.41336188,1000.0,0.0,0.0
95,1704409260000.0,0.0,0.0,0.0,0.5422605901639344,0.0,0.0,0.5846,1.0,1.0,1016.41336188,1000.0,1016.41336188,1000.0,0.0,0.0
96,1704412860000.0,0.0,0.0,0.0,0.5422605901639344,0.0,0.0,0.5899,1.0,1.0,1016.41336188,1000.0,1016.41336188,1000.0,0.0,0.0
97,1704416460000.0,0.0,0.0,0.0,0.5422605901639344,0.0,0.0,0.588,1.0,1.0,1016.41336188,1000.0,1016.41336188,1000.0,0.0,0.0
98,1704420060000.0,0.0,0.0,0.0,0.5605,0.0,0.0,0.5896,1.0,1.0,1017.4099683199997,1000.0,1017.4099683199997,1000.0,0.0,0.0
99,1704423660000.0,0.0,0.0,0.0,0.5605,0.0,0.0,0.5928,1.0,1.0,1017.4099683199997,1000.0,1017.4099683199997,1000.0,0.0,0.0
100,1704427260000.0,0.0,0.0,0.0,0.5605,0.0,0.0,0.5943,1.0,1.0,1017.4099683199997,1000.0,1017.4099683199997,1000.0,0.0,0.0
101,1704430860000.0,0.0,0.0,0.0,0.5605,0.0,0.0,0.6189,1.0,1.0,1017.4099683199997,1000.0,1017.4099683199997,1000.0,0.0,0.0
102,1704434460000.0,0.0,0.0,0.0,0.5605,0.0,0.0,0.6461,1.0,1.0,1017.4099683199997,1000.0,1017.4099683199997,1000.0,0.0,0.0
103,1704438060000.0,0.0,0.0,0.0,0.5605,0.0,0.0,0.6169,1.0,1.0,1017.4099683199997,1000.0,1017.4099683199997,1000.0,0.0,0.0
104,1704441660000.0,0.0,0.0,0.0,0.5605,0.0,0.0,0.6172,1.0,1.0,1017.4099683199997,1000.0,1017.4099683199997,1000.0,0.0,0.0
105,1704445260000.0,0.0,0.0,0.0,0.5605,0.0,0.0,0.6085,1.0,1.0,1017.4099683199997,1000.0,1017.4099683199997,1000.0,0.0,0.0
106,1704448860000.0,0.0,0.0,0.0,0.5605,0.0,0.0,0.6039,1.0,1.0,1017.4099683199997,1000.0,1017.4099683199997,1000.0,0.0,0.0
107,1704452460000.0,0.0,0.0,0.0,0.5605,0.0,0.0,0.6322,1.0,1.0,1017.4099683199997,1000.0,1017.4099683199997,1000.0,0.0,0.0
108,1704456060000.0,0.0,0.0,0.0,0.5605,0.0,0.0,0.7065,1.0,1.0,1017.4099683199997,1000.0,1017.4099683199997,1000.0,0.0,0.0
109,1704459660000.0,0.0,0.0,0.0,0.5605,0.0,0.0,0.6947,1.0,1.0,1017.4099683199997,1000.0,1017.4099683199997,1000.0,0.0,0.0
110,1704463260000.0,0.0,0.0,0.0,0.5605,0.0,0.0,0.7286,1.0,1.0,1017.4099683199997,1000.0,1017.4099683199997,1000.0,0.0,0.0
111,1704466860000.0,0.0,0.0,0.0,0.5605,0.0,0.0,0.7393,1.0,1.0,1017.4099683199997,1000.0,1017.4099683199997,1000.0,0.0,0.0
112,1704470460000.0,0.0,0.0,0.0,0.5605,0.0,0.0,0.7407,1.0,1.0,1017.4099683199997,1000.0,1017.4099683199997,1000.0,0.0,0.0
113,1704474060000.0,0.0,0.0,0.0,0.5605,0.0,0.0,0.7251,1.0,1.0,1017.4099683199997,1000.0,1017.4099683199997,1000.0,0.0,0.0
114,1704477660000.0,0.0,0.0,0.0,0.5605,0.0,0.0,0.7392,1.0,1.0,1017.4099683199997,1000.0,1017.4099683199997,1000.0,0.0,0.0
115,1704481260000.0,0.0,0.0,0.0,0.5605,0.0,0.0,0.7376,1.0,1.0,1017.4099683199997,1000.0,1017.4099683199997,1000.0,0.0,0.0
116,1704484860000.0,0.0,0.0,0.0,0.5605,0.0,0.0,0.7414,1.0,1.0,1017.4099683199997,1000.0,1017.4099683199997,1000.0,0.0,0.0
117,1704488460000.0,0.0,0.0,0.0,0.5605,0.0,0.0,0.7404,1.0,1.0,1017.4099683199997,1000.0,1017.4099683199997,1000.0,0.0,0.0
118,1704492060000.0,0.0,0.0,0.0,0.5605,0.0,0.0,0.7534,1.0,1.0,1017.4099683199997,1000.0,1017.4099683199997,1000.0,0.0,0.0
119,1704495660000.0,0.0,0.0,0.0,0.5605,0.0,0.0,0.739,1.0,1.0,1017.4099683199997,1000.0,1017.4099683199997,1000.0,0.0,0.0
120,1704499260000.0,0.0,0.0,0.0,0.5605,0.0,0.0,0.7326,1.0,1.0,1017.4099683199997,1000.0,1017.4099683199997,1000.0,0.0,0.0
121,1704502860000.0,0.0,0.0,0.0,0.5605,0.0,0.0,0.738,1.0,1.0,1017.4099683199997,1000.0,1017.4099683199997,1000.0,0.0,0.0
122,1704506460000.0,0.0,0.0,0.0,0.5605,0.0,0.0,0.736,1.0,1.0,1017.4099683199997,1000.0,1017.4099683199997,1000.0,0.0,0.0
123,1704510060000.0,0.0,0.0,0.0,0.5605,0.0,0.0,0.7365,1.0,1.0,1017.4099683199997,1000.0,1017.4099683199997,1000.0,0.0,0.0
124,1704513660000.0,0.0,0.0,0.0,0.5605,0.0,0.0,0.7468,1.0,1.0,1017.4099683199997,1000.0,1017.4099683199997,1000.0,0.0,0.0
125,1704517260000.0,0.0,0.0,0.0,0.5605,0.0,0.0,0.7987,1.0,1.0,1017.4099683199997,1000.0,1017.4099683199997,1000.0,0.0,0.0
126,1704520860000.0,0.0,0.0,0.0,0.5605,0.0,0.0,0.8175,1.0,1.0,1017.4099683199997,1000.0,1017.4099683199997,1000.0,0.0,0.0
127,1704524460000.0,0.0,0.0,0.0,0.5605,0.0,0.0,0.8493,1.0,1.0,1017.4099683199997,1000.0,1017.4099683199997,1000.0,0.0,0.0
128,1704528060000.0,0.0,0.0,0.0,0.5605,0.0,0.0,0.7817,1.0,1.0,1017.4099683199997,1000.0,1017.4099683199997,1000.0,0.0,0.0
129,1704531660000.0,0.0,0.0,0.0,0.5605,0.0,0.0,0.818,1.0,1.0,1017.4099683199997,1000.0,1017.4099683199997,1000.0,0.0,0.0
130,1704535260000.0,0.0,0.0,0.0,0.5605,0.0,0.0,0.7992,1.0,1.0,1017.4099683199997,1000.0,1017.4099683199997,1000.0,0.0,0.0
131,1704538860000.0,0.0,0.0,0.0,0.5605,0.0,0.0,0.817,1.0,1.0,1017.4099683199997,1000.0,1017.4099683199997,1000.0,0.0,0.0
132,1704542460000.0,0.0,0.0,0.0,0.5605,0.0,0.0,0.8634,1.0,1.0,1017.4099683199997,1000.0,1017.4099683199997,1000.0,0.0,0.0
133,1704546060000.0,0.0,0.0,0.0,0.5605,0.0,0.0,0.8552,1.0,1.0,1017.4099683199997,1000.0,1017.4099683199997,1000.0,0.0,0.0
134,1704549660000.0,0.0,0.0,0.0,0.5605,0.0,0.0,0.8519,1.0,1.0,1017.4099683199997,1000.0,1017.4099683199997,1000.0,0.0,0.0
135,1704553260000.0,0.0,0.0,0.0,0.5605,0.0,0.0,0.8386,1.0,1.0,1017.4099683199997,1000.0,1017.4099683199997,1000.0,0.0,0.0
136,1704556860000.0,0.0,0.0,0.0,0.5605,0.0,0.0,0.866,1.0,1.0,1017.4099683199997,1000.0,1017.4099683199997,1000.0,0.0,0.0
137,1704560460000.0,0.0,0.0,0.0,0.5605,0.0,0.0,0.8513,1.0,1.0,1017.4099683199997,1000.0,1017.4099683199997,1000.0,0.0,0.0
138,1704564060000.0,0.0,0.0,0.0,0.5605,0.0,0.0,0.9449,1.0,1.0,1017.4099683199997,1000.0,1017.4099683199997,1000.0,0.0,0.0
139,1704567660000.0,0.0,0.0,0.0,0.5605,0.0,0.0,0.9985,1.0,1.0,1017.4099683199997,1000.0,1017.4099683199997,1000.0,0.0,0.0
140,1704571260000.0,0.0,0.0,0.0,0.5605,0.0,0.0,0.9864,1.0,1.0,1017.4099683199997,1000.0,1017.4099683199997,1000.0,0.0,0.0
141,1704574860000.0,0.0,0.0,0.0,0.5605,0.0,0.0,0.9598,1.0,1.0,1017.4099683199997,1000.0,1017.4099683199997,1000.0,0.0,0.0
142,1704578460000.0,0.0,0.0,0.0,0.5605,0.0,0.0,0.9695,1.0,1.0,1017.4099683199997,1000.0,1017.4099683199997,1000.0,0.0,0.0
143,1704582060000.0,0.0,0.0,0.0,0.5605,0.0,0.0,0.9699,1.0,1.0,1017.4099683199997,1000.0,1017.4099683199997,1000.0,0.0,0.0
144,1704585660000.0,0.0,0.0,0.0,0.5605,0.0,0.0,0.9769,1.0,1.0,1017.4099683199997,1000.0,1017.4099683199997,1000.0,0.0,0.0
145,1704589260000.0,0.0,0.0,0.0,0.5605,0.0,0.0,0.9908,1.0,1.0,1017.4099683199997,1000.0,1017.4099683199997,1000.0,0.0,0.0
146,1704592860000.0,0.0,0.0,0.0,0.5605,0.0,0.0,0.9587,1.0,1.0,1017.4099683199997,1000.0,1017.4099683199997,1000.0,0.0,0.0
147,1704596460000.0,0.0,0.0,36.0,0.9162166666666667,0.0,0.0,0.8892,1.0,1.0,1017.5924310799998,1000.0,1016.6198310799997,1000.0,0.03241356656416298,0.0
148,1704600060000.0,0.0,0.0,36.0,0.9162166666666667,0.0,0.0,0.9108,1.0,1.0,1017.5924310799998,1000.0,1017.3974310799997,1000.0,0.03241356656416298,0.0
149,1704603660000.0,0.0,0.0,0.0,0.9086,0.0,0.0,0.9167,1.0,1.0,1018.5368576199998,1000.0,1018.5368576199998,1000.0,0.0,0.0
150,1704607260000.0,0.0,0.0,0.0,0.9086,0.0,0.0,0.9611,1.0,1.0,1018.5368576199998,1000.0,1018.5368576199998,1000.0,0.0,0.0
151,1704610860000.0,0.0,0.0,0.0,0.9086,0.0,0.0,1.0701,1.0,1.0,1018.5368576199998,1000.0,1018.5368576199998,1000.0,0.0,0.0
152,1704614460000.0,0.0,0.0,0.0,0.9086,0.0,0.0,1.1289,1.0,1.0,1018.5368576199998,1000.0,1018.5368576199998,1000.0,0.0,0.0
153,1704618060000.0,0.0,0.0,227.0,0.8474537444933921,0.0,0.0,0.7454,1.0,1.0,1018.5476633799998,1000.0,995.3814633799998,1000.0,0.18886892279701772,0.0
154,1704621660000.0,0.0,0.0,756.0,0.6926539682539683,0.0,0.0,0.5977,1.0,1.0,1018.4814084999998,1000.0,946.6962084999998,1000.0,0.5141442893603886,0.0
155,1704625260000.0,0.0,0.0,756.0,0.6926539682539683,0.0,0.0,0.5336,1.0,1.0,1018.4814084999998,1000.0,898.2366084999998,1000.0,0.5141442893603886,0.0
156,1704628860000.0,0.0,0.0,756.0,0.6926539682539683,0.0,0.0,0.5845,1.0,1.0,1018.4814084999998,1000.0,936.7170084999998,1000.0,0.5141442893603886,0.0
157,1704632460000.0,0.0,0.0,756.0,0.6926539682539683,0.0,0.0,0.5724,1.0,1.0,1018.4814084999998,1000.0,927.5694084999998,1000.0,0.5141442893603886,0.0
158,1704636060000.0,0.0,0.0,756.0,0.6926539682539683,0.0,0.0,0.5257,1.0,1.0,1018.4814084999998,1000.0,892.2642084999998,1000.0,0.5141442893603886,0.0
159,1704639660000.0,0.0,0.0,756.0,0.6926539682539683,0.0,0.0,0.5391,1.0,1.0,1018.4814084999998,1000.0,902.3946084999998,1000.0,0.5141442893603886,0.0
160,1704643260000.0,0.0,0.0,756.0,0.6926539682539683,0.0,0.0,0.5252,1.0,1.0,1018.4814084999998,1000.0,891.8862084999998,1000.0,0.5141442893603886,0.0
161,1704646860000.0,0.0,0.0,756.0,0.6926539682539683,0.0,0.0,0.5228,1.0,1.0,1018.4814084999998,1000.0,890.0718084999999,1000.0,0.5141442893603886,0.0
162,1704650460000.0,0.0,0.0,756.0,0.6926539682539683,0.0,0.0,0.5374,1.0,1.0,1018.4814084999998,1000.0,901.1094084999997,1000.0,0.5141442893603886,0.0
163,1704654060000.0,0.0,0.0,756.0,0.6926539682539683,0.0,0.0,0.528,1.0,1.0,1018.4814084999998,1000.0,894.0030084999999,1000.0,0.5141442893603886,0.0
164,1704657660000.0,0.0,0.0,756.0,0.6926539682539683,0.0,0.0,0.5274,1.0,1.0,1018.4814084999998,1000.0,893.5494084999998,1000.0,0.5141442893603886,0.0
165,1704661260000.0,0.0,0.0,756.0,0.6926539682539683,0.0,0.0,0.5236,1.0,1.0,1018.4814084999998,1000.0,890.6766084999997,1000.0,0.5141442893603886,0.0
166,1704664860000.0,0.0,0.0,756.0,0.6926539682539683,0.0,0.0,0.5293,1.0,1.0,1018.4814084999998,1000.0,894.9858084999997,1000.0,0.5141442893603886,0.0
167,1704668460000.0,0.0,0.0,756.0,0.6926539682539683,0.0,0.0,0.4945,1.0,1.0,1018.4814084999998,1000.0,868.6770084999998,1000.0,0.5141442893603886,0.0
168,1704672060000.0,0.0,0.0,756.0,0.6926539682539683,0.0,0.0,0.4869,1.0,1.0,1018.4814084999998,1000.0,862.9314084999997,1000.0,0.5141442893603886,0.0
169,1704675660000.0,0.0,0.0,1129.0,0.6170780336581045,0.0,0.0,0.4182,1.0,1.0,1018.4468015599998,1000.0,793.9135015599998,1000.0,0.6840623377999351,0.0
170,1704679260000.0,0.0,0.0,1129.0,0.6170780336581045,0.0,0.0,0.4488,1.0,1.0,1018.4468015599998,1000.0,828.4609015599998,1000.0,0.6840623377999351,0.0
171,1704682860000.0,0.0,0.0,1129.0,0.6170780336581045,0.0,0.0,0.4299,1.0,1.0,1018.4468015599998,1000.0,807.1228015599997,1000.0,0.6840623377999351,0.0
172,1704686460000.0,0.0,0.0,1129.0,0.6170780336581045,0.0,0.0,0.4205,1.0,1.0,1018.4468015599998,1000.0,796.5102015599998,1000.0,0.6840623377999351,0.0
173,1704690060000.0,0.0,0.0,1129.0,0.6170780336581045,0.0,0.0,0.4394,1.0,1.0,1018.4468015599998,1000.0,817.8483015599998,1000.0,0.6840623377999351,0.0
174,1704693660000.0,0.0,0.0,1129.0,0.6170780336581045,0.0,0.0,0.4319,1.0,1.0,1018.4468015599998,1000.0,809.3808015599998,1000.0,0.6840623377999351,0.0
175,1704697260000.0,0.0,0.0,1129.0,0.6170780336581045,0.0,0.0,0.4327,1.0,1.0,1018.4468015599998,1000.0,810.2840015599998,1000.0,0.6840623377999351,0.0
176,1704700860000.0,0.0,0.0,1129.0,0.6170780336581045,0.0,0.0,0.4318,1.0,1.0,1018.4468015599998,1000.0,809.2679015599998,1000.0,0.6840623377999351,0.0
177,1704704460000.0,0.0,0.0,1129.0,0.6170780336581045,0.0,0.0,0.425,1.0,1.0,1018.4468015599998,1000.0,801.5907015599998,1000.0,0.6840623377999351,0.0
178,1704708060000.0,0.0,0.0,1129.0,0.6170780336581045,0.0,0.0,0.4125,1.0,1.0,1018.4468015599998,1000.0,787.4782015599998,1000.0,0.6840623377999351,0.0
179,1704711660000.0,0.0,0.0,1129.0,0.6170780336581045,0.0,0.0,0.4166,1.0,1.0,1018.4468015599998,1000.0,792.1071015599998,1000.0,0.6840623377999351,0.0
180,1704715260000.0,0.0,0.0,1129.0,0.6170780336581045,0.0,0.0,0.4182,1.0,1.0,1018.4468015599998,1000.0,793.9135015599998,1000.0,0.6840623377999351,0.0
181,1704718860000.0,0.0,0.0,1129.0,0.6170780336581045,0.0,0.0,0.4116,1.0,1.0,1018.4468015599998,1000.0,786.4621015599998,1000.0,0.6840623377999351,0.0
182,1704722460000.0,0.0,0.0,1129.0,0.6170780336581045,0.0,0.0,0.4112,1.0,1.0,1018.4468015599998,1000.0,786.0105015599997,1000.0,0.6840623377999351,0.0
183,1704726060000.0,0.0,0.0,1129.0,0.6170780336581045,0.0,0.0,0.4169,1.0,1.0,1018.4468015599998,1000.0,792.4458015599998,1000.0,0.6840623377999351,0.0
184,1704729660000.0,0.0,0.0,1129.0,0.6170780336581045,0.0,0.0,0.4332,1.0,1.0,1018.4468015599998,1000.0,810.8485015599997,1000.0,0.6840623377999351,0.0
185,1704733260000.0,0.0,0.0,1129.0,0.6170780336581045,0.0,0.0,0.4232,1.0,1.0,1018.4468015599998,1000.0,799.5585015599997,1000.0,0.6840623377999351,0.0
186,1704736860000.0,0.0,0.0,1129.0,0.6170780336581045,0.0,0.0,0.4278,1.0,1.0,1018.4468015599998,1000.0,804.7519015599999,1000.0,0.6840623377999351,0.0
187,1704740460000.0,0.0,0.0,1129.0,0.6170780336581045,0.0,0.0,0.4281,1.0,1.0,1018.4468015599998,1000.0,805.0906015599998,1000.0,0.6840623377999351,0.0
188,1704744060000.0,0.0,0.0,1129.0,0.6170780336581045,0.0,0.0,0.4286,1.0,1.0,1018.4468015599998,1000.0,805.6551015599998,1000.0,0.6840623377999351,0.0
189,1704747660000.0,0.0,0.0,1129.0,0.6170780336581045,0.0,0.0,0.4281,1.0,1.0,1018.4468015599998,1000.0,805.0906015599998,1000.0,0.6840623377999351,0.0
190,1704751260000.0,0.0,0.0,1129.0,0.6170780336581045,0.0,0.0,0.4236,1.0,1.0,1018.4468015599998,1000.0,800.0101015599997,1000.0,0.6840623377999351,0.0
191,1704754860000.0,0.0,0.0,1129.0,0.6170780336581045,0.0,0.0,0.4375,1.0,1.0,1018.4468015599998,1000.0,815.7032015599998,1000.0,0.6840623377999351,0.0
192,1704758460000.0,0.0,0.0,1129.0,0.6170780336581045,0.0,0.0,0.4471,1.0,1.0,1018.4468015599998,1000.0,826.5416015599998,1000.0,0.6840623377999351,0.0
193,1704762060000.0,0.0,0.0,1129.0,0.6170780336581045,0.0,0.0,0.4313,1.0,1.0,1018.4468015599998,1000.0,808.7034015599997,1000.0,0.6840623377999351,0.0
194,1704765660000.0,0.0,0.0,1129.0,0.6170780336581045,0.0,0.0,0.4314,1.0,1.0,1018.4468015599998,1000.0,808.8163015599998,1000.0,0.6840623377999351,0.0
195,1704769260000.0,0.0,0.0,1129.0,0.6170780336581045,0.0,0.0,0.438,1.0,1.0,1018.4468015599998,1000.0,816.2677015599998,1000.0,0.6840623377999351,0.0
196,1704772860000.0,0.0,0.0,1129.0,0.6170780336581045,0.0,0.0,0.4295,1.0,1.0,1018.4468015599998,1000.0,806.6712015599998,1000.0,0.6840623377999351,0.0
197,1704776460000.0,0.0,0.0,1129.0,0.6170780336581045,0.0,0.0,0.4275,1.0,1.0,1018.4468015599998,1000.0,804.4132015599998,1000.0,0.6840623377999351,0.0
198,1704780060000.0,0.0,0.0,1129.0,0.6170780336581045,0.0,0.0,0.4271,1.0,1.0,1018.4468015599998,1000.0,803.9616015599997,1000.0,0.6840623377999351,0.0
199,1704783660000.0,0.0,0.0,1129.0,0.6170780336581045,0.0,0.0,0.4288,1.0,1.0,1018.4468015599998,1000.0,805.8809015599998,1000.0,0.6840623377999351,0.0
200,1704787260000.0,0.0,0.0,1129.0,0.6170780336581045,0.0,0.0,0.4241,1.0,1.0,1018.4468015599998,1000.0,800.5746015599998,1000.0,0.6840623377999351,0.0
201,1704790860000.0,0.0,0.0,1129.0,0.6170780336581045,0.0,0.0,0.4131,1.0,1.0,1018.4468015599998,1000.0,788.1556015599998,1000.0,0.6840623377999351,0.0
202,1704794460000.0,0.0,0.0,1129.0,0.6170780336581045,0.0,0.0,0.4094,1.0,1.0,1018.4468015599998,1000.0,783.9783015599997,1000.0,0.6840623377999351,0.0
203,1704798060000.0,0.0,0.0,1129.0,0.6170780336581045,0.0,0.0,0.412,1.0,1.0,1018.4468015599998,1000.0,786.9137015599997,1000.0,0.6840623377999351,0.0
204,1704801660000.0,0.0,0.0,1129.0,0.6170780336581045,0.0,0.0,0.4215,1.0,1.0,1018.4468015599998,1000.0,797.6392015599997,1000.0,0.6840623377999351,0.0
205,1704805260000.0,0.0,0.0,1129.0,0.6170780336581045,0.0,0.0,0.4117,1.0,1.0,1018.4468015599998,1000.0,786.5750015599998,1000.0,0.6840623377999351,0.0
206,1704808860000.0,0.0,0.0,1129.0,0.6170780336581045,0.0,0.0,0.4137,1.0,1.0,1018.4468015599998,1000.0,788.8330015599997,1000.0,0.6840623377999351,0.0
207,1704812460000.0,0.0,0.0,1129.0,0.6170780336581045,0.0,0.0,0.3996,1.0,1.0,1018.4468015599998,1000.0,772.9141015599998,1000.0,0.6840623377999351,0.0
208,1704816060000.0,0.0,0.0,1129.0,0.6170780336581045,0.0,0.0,0.4051,1.0,1.0,1018.4468015599998,1000.0,779.1236015599998,1000.0,0.6840623377999351,0.0
209,1704819660000.0,0.0,0.0,1129.0,0.6170780336581045,0.0,0.0,0.3996,1.0,1.0,1018.4468015599998,1000.0,772.9141015599998,1000.0,0.6840623377999351,0.0
210,1704823260000.0,0.0,0.0,1129.0,0.6170780336581045,0.0,0.0,0.3971,1.0,1.0,1018.4468015599998,1000.0,770.0916015599998,1000.0,0.6840623377999351,0.0
211,1704826860000.0,0.0,0.0,1129.0,0.6170780336581045,0.0,0.0,0.3993,1.0,1.0,1018.4468015599998,1000.0,772.5754015599998,1000.0,0.6840623377999351,0.0
212,1704830460000.0,0.0,0.0,1129.0,0.6170780336581045,0.0,0.0,0.3938,1.0,1.0,1018.4468015599998,1000.0,766.3659015599998,1000.0,0.6840623377999351,0.0
213,1704834060000.0,0.0,0.0,1129.0,0.6170780336581045,0.0,0.0,0.3834,1.0,1.0,1018.4468015599998,1000.0,754.6243015599998,1000.0,0.6840623377999351,0.0
214,1704837660000.0,0.0,0.0,1129.0,0.6170780336581045,0.0,0.0,0.3862,1.0,1.0,1018.4468015599998,1000.0,757.7855015599998,1000.0,0.6840623377999351,0.0
215,1704841260000.0,0.0,0.0,1129.0,0.6170780336581045,0.0,0.0,0.3932,1.0,1.0,1018.4468015599998,1000.0,765.6885015599998,1000.0,0.6840623377999351,0.0
216,1704844860000.0,0.0,0.0,1129.0,0.6170780336581045,0.0,0.0,0.3948,1.0,1.0,1018.4468015599998,1000.0,767.4949015599998,1000.0,0.6840623377999351,0.0
217,1704848460000.0,0.0,0.0,1129.0,0.6170780336581045,0.0,0.0,0.3876,1.0,1.0,1018.4468015599998,1000.0,759.3661015599998,1000.0,0.6840623377999351,0.0
218,1704852060000.0,0.0,0.0,1129.0,0.6170780336581045,0.0,0.0,0.3919,1.0,1.0,1018.4468015599998,1000.0,764.2208015599998,1000.0,0.6840623377999351,0.0
219,1704855660000.0,0.0,0.0,1129.0,0.6170780336581045,0.0,0.0,0.39,1.0,1.0,1018.4468015599998,1000.0,762.0757015599997,1000.0,0.6840623377999351,0.0
220,1704859260000.0,0.0,0.0,1129.0,0.6170780336581045,0.0,0.0,0.3934,1.0,1.0,1018.4468015599998,1000.0,765.9143015599998,1000.0,0.6840623377999351,0.0
221,1704862860000.0,0.0,0.0,1129.0,0.6170780336581045,0.0,0.0,0.3947,1.0,1.0,1018.4468015599998,1000.0,767.3820015599998,1000.0,0.6840623377999351,0.0
222,1704866460000.0,0.0,0.0,1129.0,0.6170780336581045,0.0,0.0,0.3921,1.0,1.0,1018.4468015599998,1000.0,764.4466015599997,1000.0,0.6840623377999351,0.0
223,1704870060000.0,0.0,0.0,1129.0,0.6170780336581045,0.0,0.0,0.3929,1.0,1.0,1018.4468015599998,1000.0,765.3498015599998,1000.0,0.6840623377999351,0.0
224,1704873660000.0,0.0,0.0,1129.0,0.6170780336581045,0.0,0.0,0.3875,1.0,1.0,1018.4468015599998,1000.0,759.2532015599998,1000.0,0.6840623377999351,0.0
225,1704877260000.0,0.0,0.0,1129.0,0.6170780336581045,0.0,0.0,0.3837,1.0,1.0,1018.4468015599998,1000.0,754.9630015599998,1000.0,0.6840623377999351,0.0
226,1704880860000.0,0.0,0.0,1129.0,0.6170780336581045,0.0,0.0,0.3861,1.0,1.0,1018.4468015599998,1000.0,757.6726015599997,1000.0,0.6840623377999351,0.0
227,1704884460000.0,0.0,0.0,1129.0,0.6170780336581045,0.0,0.0,0.387,1.0,1.0,1018.4468015599998,1000.0,758.6887015599998,1000.0,0.6840623377999351,0.0
228,1704888060000.0,0.0,0.0,1129.0,0.6170780336581045,0.0,0.0,0.3879,1.0,1.0,1018.4468015599998,1000.0,759.7048015599999,1000.0,0.6840623377999351,0.0
229,1704891660000.0,0.0,0.0,1129.0,0.6170780336581045,0.0,0.0,0.3762,1.0,1.0,1018.4468015599998,1000.0,746.4955015599998,1000.0,0.6840623377999351,0.0
230,1704895260000.0,0.0,0.0,1129.0,0.6170780336581045,0.0,0.0,0.3769,1.0,1.0,1018.4468015599998,1000.0,747.2858015599998,1000.0,0.6840623377999351,0.0
231,1704898860000.0,0.0,0.0,1129.0,0.6170780336581045,0.0,0.0,0.3711,1.0,1.0,1018.4468015599998,1000.0,740.7376015599998,1000.0,0.6840623377999351,0.0
232,1704902460000.0,0.0,0.0,1129.0,0.6170780336581045,0.0,0.0,0.3779,1.0,1.0,1018.4468015599998,1000.0,748.4148015599998,1000.0,0.6840623377999351,0.0
233,1704906060000.0,0.0,0.0,1129.0,0.6170780336581045,0.0,0.0,0.3752,1.0,1.0,1018.4468015599998,1000.0,745.3665015599997,1000.0,0.6840623377999351,0.0
234,1704909660000.0,0.0,0.0,1129.0,0.6170780336581045,0.0,0.0,0.3801,1.0,1.0,1018.4468015599998,1000.0,750.8986015599999,1000.0,0.6840623377999351,0.0
235,1704913260000.0,0.0,0.0,1129.0,0.6170780336581045,0.0,0.0,0.3843,1.0,1.0,1018.4468015599998,1000.0,755.6404015599998,1000.0,0.6840623377999351,0.0
236,1704916860000.0,0.0,0.0,1129.0,0.6170780336581045,0.0,0.0,0.3844,1.0,1.0,1018.4468015599998,1000.0,755.7533015599997,1000.0,0.6840623377999351,0.0
237,1704920460000.0,0.0,0.0,1129.0,0.6170780336581045,0.0,0.0,0.3865,1.0,1.0,1018.4468015599998,1000.0,758.1242015599998,1000.0,0.6840623377999351,0.0
238,1704924060000.0,0.0,0.0,1129.0,0.6170780336581045,0.0,0.0,0.4002,1.0,1.0,1018.4468015599998,1000.0,773.5915015599998,1000.0,0.6840623377999351,0.0
239,1704927660000.0,0.0,0.0,1129.0,0.6170780336581045,0.0,0.0,0.4054,1.0,1.0,1018.4468015599998,1000.0,779.4623015599998,1000.0,0.6840623377999351,0.0
240,1704931260000.0,0.0,0.0,1129.0,0.6170780336581045,0.0,0.0,0.398,1.0,1.0,1018.4468015599998,1000.0,771.1077015599998,1000.0,0.6840623377999351,0.0
241,1704934860000.0,0.0,0.0,1129.0,0.6170780336581045,0.0,0.0,0.3939,1.0,1.0,1018.4468015599998,1000.0,766.4788015599997,1000.0,0.6840623377999351,0.0
242,1704938460000.0,0.0,0.0,1129.0,0.6170780336581045,0.0,0.0,0.3915,1.0,1.0,1018.4468015599998,1000.0,763.7692015599998,1000.0,0.6840623377999351,0.0
243,1704942060000.0,0.0,0.0,1129.0,0.6170780336581045,0.0,0.0,0.3926,1.0,1.0,1018.4468015599998,1000.0,765.0111015599998,1000.0,0.6840623377999351,0.0
244,1704945660000.0,0.0,0.0,1129.0,0.6170780336581045,0.0,0.0,0.3947,1.0,1.0,1018.4468015599998,1000.0,767.3820015599998,1000.0,0.6840623377999351,0.0
245,1704949260000.0,0.0,0.0,1129.0,0.6170780336581045,0.0,0.0,0.4018,1.0,1.0,1018.4468015599998,1000.0,775.3979015599998,1000.0,0.6840623377999351,0.0
246,1704952860000.0,0.0,0.0,1129.0,0.6170780336581045,0.0,0.0,0.3954,1.0,1.0,1018.4468015599998,1000.0,768.1723015599998,1000.0,0.6840623377999351,0.0
247,1704956460000.0,0.0,0.0,1129.0,0.6170780336581045,0.0,0.0,0.393,1.0,1.0,1018.4468015599998,1000.0,765.4627015599998,1000.0,0.6840623377999351,0.0
248,1704960060000.0,0.0,0.0,1129.0,0.6170780336581045,0.0,0.0,0.3947,1.0,1.0,1018.4468015599998,1000.0,767.3820015599998,1000.0,0.6840623377999351,0.0
249,1704963660000.0,0.0,0.0,1129.0,0.6170780336581045,0.0,0.0,0.3998,1.0,1.0,1018.4468015599998,1000.0,773.1399015599998,1000.0,0.6840623377999351,0.0
250,1704967260000.0,0.0,0.0,1129.0,0.6170780336581045,0.0,0.0,0.4021,1.0,1.0,1018.4468015599998,1000.0,775.7366015599998,1000.0,0.6840623377999351,0.0
251,1704970860000.0,0.0,0.0,1129.0,0.6170780336581045,0.0,0.0,0.4051,1.0,1.0,1018.4468015599998,1000.0,779.1236015599998,1000.0,0.6840623377999351,0.0
252,1704974460000.0,0.0,0.0,1129.0,0.6170780336581045,0.0,0.0,0.4058,1.0,1.0,1018.4468015599998,1000.0,779.9139015599998,1000.0,0.6840623377999351,0.0
253,1704978060000.0,0.0,0.0,1129.0,0.6170780336581045,0.0,0.0,0.4082,1.0,1.0,1018.4468015599998,1000.0,782.6235015599998,1000.0,0.6840623377999351,0.0
254,1704981660000.0,0.0,0.0,1129.0,0.6170780336581045,0.0,0.0,0.4047,1.0,1.0,1018.4468015599998,1000.0,778.6720015599998,1000.0,0.6840623377999351,0.0
255,1704985260000.0,0.0,0.0,1129.0,0.6170780336581045,0.0,0.0,0.4113,1.0,1.0,1018.4468015599998,1000.0,786.1234015599998,1000.0,0.6840623377999351,0.0
256,1704988860000.0,0.0,0.0,1129.0,0.6170780336581045,0.0,0.0,0.3992,1.0,1.0,1018.4468015599998,1000.0,772.4625015599997,1000.0,0.6840623377999351,0.0
257,1704992460000.0,0.0,0.0,1129.0,0.6170780336581045,0.0,0.0,0.3959,1.0,1.0,1018.4468015599998,1000.0,768.7368015599998,1000.0,0.6840623377999351,0.0
258,1704996060000.0,0.0,0.0,1129.0,0.6170780336581045,0.0,0.0,0.3977,1.0,1.0,1018.4468015599998,1000.0,770.7690015599998,1000.0,0.6840623377999351,0.0
259,1704999660000.0,0.0,0.0,1129.0,0.6170780336581045,0.0,0.0,0.4015,1.0,1.0,1018.4468015599998,1000.0,775.0592015599998,1000.0,0.6840623377999351,0.0
260,1705003260000.0,0.0,0.0,1129.0,0.6170780336581045,0.0,0.0,0.4044,1.0,1.0,1018.4468015599998,1000.0,778.3333015599998,1000.0,0.6840623377999351,0.0
261,1705006860000.0,0.0,0.0,1129.0,0.6170780336581045,0.0,0.0,0.4002,1.0,1.0,1018.4468015599998,1000.0,773.5915015599998,1000.0,0.6840623377999351,0.0
262,1705010460000.0,0.0,0.0,1129.0,0.6170780336581045,0.0,0.0,0.3995,1.0,1.0,1018.4468015599998,1000.0,772.8012015599998,1000.0,0.6840623377999351,0.0
263,1705014060000.0,0.0,0.0,1129.0,0.6170780336581045,0.0,0.0,0.4012,1.0,1.0,1018.4468015599998,1000.0,774.7205015599998,1000.0,0.6840623377999351,0.0
264,1705017660000.0,0.0,0.0,1129.0,0.6170780336581045,0.0,0.0,0.4037,1.0,1.0,1018.4468015599998,1000.0,777.5430015599998,1000.0,0.6840623377999351,0.0
265,1705021260000.0,0.0,0.0,1129.0,0.6170780336581045,0.0,0.0,0.399,1.0,1.0,1018.4468015599998,1000.0,772.2367015599998,1000.0,0.6840623377999351,0.0
266,1705024860000.0,0.0,0.0,1129.0,0.6170780336581045,0.0,0.0,0.4001,1.0,1.0,1018.4468015599998,1000.0,773.4786015599998,1000.0,0.6840623377999351,0.0
267,1705028460000.0,0.0,0.0,1129.0,0.6170780336581045,0.0,0.0,0.4026,1.0,1.0,1018.4468015599998,1000.0,776.3011015599998,1000.0,0.6840623377999351,0.0
268,1705032060000.0,0.0,0.0,1129.0,0.6170780336581045,0.0,0.0,0.3973,1.0,1.0,1018.4468015599998,1000.0,770.3174015599998,1000.0,0.6840623377999351,0.0
269,1705035660000.0,0.0,0.0,1129.0,0.6170780336581045,0.0,0.0,0.3983,1.0,1.0,1018.4468015599998,1000.0,771.4464015599998,1000.0,0.6840623377999351,0.0
270,1705039260000.0,0.0,0.0,1129.0,0.6170780336581045,0.0,0.0,0.4065,1.0,1.0,1018.4468015599998,1000.0,780.7042015599998,1000.0,0.6840623377999351,0.0
271,1705042860000.0,0.0,0.0,1129.0,0.6170780336581045,0.0,0.0,0.4023,1.0,1.0,1018.4468015599998,1000.0,775.9624015599998,1000.0,0.6840623377999351,0.0
272,1705046460000.0,0.0,0.0,1129.0,0.6170780336581045,0.0,0.0,0.3984,1.0,1.0,1018.4468015599998,1000.0,771.5593015599998,1000.0,0.6840623377999351,0.0
273,1705050060000.0,0.0,0.0,1129.0,0.6170780336581045,0.0,0.0,0.3948,1.0,1.0,1018.4468015599998,1000.0,767.4949015599998,1000.0,0.6840623377999351,0.0
274,1705053660000.0,0.0,0.0,1129.0,0.6170780336581045,0.0,0.0,0.3972,1.0,1.0,1018.4468015599998,1000.0,770.2045015599998,1000.0,0.6840623377999351,0.0
275,1705057260000.0,0.0,0.0,1129.0,0.6170780336581045,0.0,0.0,0.3982,1.0,1.0,1018.4468015599998,1000.0,771.3335015599998,1000.0,0.6840623377999351,0.0
276,1705060860000.0,0.0,0.0,1129.0,0.6170780336581045,0.0,0.0,0.3989,1.0,1.0,1018.4468015599998,1000.0,772.1238015599997,1000.0,0.6840623377999351,0.0
277,1705064460000.0,0.0,0.0,1129.0,0.6170780336581045,0.0,0.0,0.3952,1.0,1.0,1018.4468015599998,1000.0,767.9465015599998,1000.0,0.6840623377999351,0.0
278,1705068060000.0,0.0,0.0,1129.0,0.6170780336581045,0.0,0.0,0.3958,1.0,1.0,1018.4468015599998,1000.0,768.6239015599998,1000.0,0.6840623377999351,0.0
279,1705071660000.0,0.0,0.0,1129.0,0.6170780336581045,0.0,0.0,0.3959,1.0,1.0,1018.4468015599998,1000.0,768.7368015599998,1000.0,0.6840623377999351,0.0
280,1705075260000.0,0.0,0.0,1129.0,0.6170780336581045,0.0,0.0,0.3874,1.0,1.0,1018.4468015599998,1000.0,759.1403015599998,1000.0,0.6840623377999351,0.0
281,1705078860000.0,0.0,0.0,1129.0,0.6170780336581045,0.0,0.0,0.3819,1.0,1.0,1018.4468015599998,1000.0,752.9308015599997,1000.0,0.6840623377999351,0.0
282,1705082460000.0,0.0,0.0,1129.0,0.6170780336581045,0.0,0.0,0.3803,1.0,1.0,1018.4468015599998,1000.0,751.1244015599998,1000.0,0.6840623377999351,0.0
283,1705086060000.0,0.0,0.0,1129.0,0.6170780336581045,0.0,0.0,0.3779,1.0,1.0,1018.4468015599998,1000.0,748.4148015599998,1000.0,0.6840623377999351,0.0
284,1705089660000.0,0.0,0.0,1129.0,0.6170780336581045,0.0,0.0,0.3792,1.0,1.0,1018.4468015599998,1000.0,749.8825015599998,1000.0,0.6840623377999351,0.0
285,1705093260000.0,0.0,0.0,1129.0,0.6170780336581045,0.0,0.0,0.3808,1.0,1.0,1018.4468015599998,1000.0,751.6889015599997,1000.0,0.6840623377999351,0.0
286,1705096860000.0,0.0,0.0,1129.0,0.6170780336581045,0.0,0.0,0.3739,1.0,1.0,1018.4468015599998,1000.0,743.8988015599998,1000.0,0.6840623377999351,0.0
287,1705100460000.0,0.0,0.0,1686.0,0.5301325029655991,0.0,0.0,0.3694,1.0,1.0,1018.4073770999998,1000.0,747.4123770999997,1000.0,0.8776481986463807,0.0
288,1705104060000.0,0.0,0.0,1686.0,0.5301325029655991,0.0,0.0,0.3737,1.0,1.0,1018.4073770999998,1000.0,754.6621770999998,1000.0,0.8776481986463807,0.0
289,1705107660000.0,0.0,0.0,1686.0,0.5301325029655991,0.0,0.0,0.3812,1.0,1.0,1018.4073770999998,1000.0,767.3071770999998,1000.0,0.8776481986463807,0.0
290,1705111260000.0,0.0,0.0,1686.0,0.5301325029655991,0.0,0.0,0.3777,1.0,1.0,1018.4073770999998,1000.0,761.4061770999997,1000.0,0.8776481986463807,0.0
291,1705114860000.0,0.0,0.0,1686.0,0.5301325029655991,0.0,0.0,0.3754,1.0,1.0,1018.4073770999998,1000.0,757.5283770999997,1000.0,0.8776481986463807,0.0
292,1705118460000.0,0.0,0.0,1686.0,0.5301325029655991,0.0,0.0,0.3832,1.0,1.0,1018.4073770999998,1000.0,770.6791770999997,1000.0,0.8776481986463807,0.0
293,1705122060000.0,0.0,0.0,1686.0,0.5301325029655991,0.0,0.0,0.386,1.0,1.0,1018.4073770999998,1000.0,775.3999770999998,1000.0,0.8776481986463807,0.0
294,1705125660000.0,0.0,0.0,1686.0,0.5301325029655991,0.0,0.0,0.3841,1.0,1.0,1018.4073770999998,1000.0,772.1965770999998,1000.0,0.8776481986463807,0.0
295,1705129260000.0,0.0,0.0,1686.0,0.5301325029655991,0.0,0.0,0.3895,1.0,1.0,1018.4073770999998,1000.0,781.3009770999997,1000.0,0.8776481986463807,0.0
296,1705132860000.0,0.0,0.0,1686.0,0.5301325029655991,0.0,0.0,0.3913,1.0,1.0,1018.4073770999998,1000.0,784.3357770999997,1000.0,0.8776481986463807,0.0
297,1705136460000.0,0.0,0.0,1686.0,0.5301325029655991,0.0,0.0,0.3886,1.0,1.0,1018.4073770999998,1000.0,779.7835770999998,1000.0,0.8776481986463807,0.0
298,1705140060000.0,0.0,0.0,1686.0,0.5301325029655991,0.0,0.0,0.3833,1.0,1.0,1018.4073770999998,1000.0,770.8477770999997,1000.0,0.8776481986463807,0.0
299,1705143660000.0,0.0,0.0,1686.0,0.5301325029655991,0.0,0.0,0.3838,1.0,1.0,1018.4073770999998,1000.0,771.6907770999997,1000.0,0.8776481986463807,0.0
300,1705147260000.0,0.0,0.0,1686.0,0.5301325029655991,0.0,0.0,0.3853,1.0,1.0,1018.4073770999998,1000.0,774.2197770999996,1000.0,0.8776481986463807,0.0
301,1705150860000.0,0.0,0.0,1686.0,0.5301325029655991,0.0,0.0,0.3871,1.0,1.0,1018.4073770999998,1000.0,777.2545770999998,1000.0,0.8776481986463807,0.0
302,1705154460000.0,0.0,0.0,1686.0,0.5301325029655991,0.0,0.0,0.3865,1.0,1.0,1018.4073770999998,1000.0,776.2429770999997,1000.0,0.8776481986463807,0.0
303,1705158060000.0,0.0,0.0,1686.0,0.5301325029655991,0.0,0.0,0.3857,1.0,1.0,1018.4073770999998,1000.0,774.8941770999998,1000.0,0.8776481986463807,0.0
304,1705161660000.0,0.0,0.0,1686.0,0.5301325029655991,0.0,0.0,0.3896,1.0,1.0,1018.4073770999998,1000.0,781.4695770999997,1000.0,0.8776481986463807,0.0
305,1705165260000.0,0.0,0.0,1686.0,0.5301325029655991,0.0,0.0,0.3886,1.0,1.0,1018.4073770999998,1000.0,779.7835770999998,1000.0,0.8776481986463807,0.0
306,1705168860000.0,0.0,0.0,1686.0,0.5301325029655991,0.0,0.0,0.3912,1.0,1.0,1018.4073770999998,1000.0,784.1671770999998,1000.0,0.8776481986463807,0.0
307,1705172460000.0,0.0,0.0,1686.0,0.5301325029655991,0.0,0.0,0.3899,1.0,1.0,1018.4073770999998,1000.0,781.9753770999998,1000.0,0.8776481986463807,0.0
308,1705176060000.0,0.0,0.0,1686.0,0.5301325029655991,0.0,0.0,0.3892,1.0,1.0,1018.4073770999998,1000.0,780.7951770999997,1000.0,0.8776481986463807,0.0
309,1705179660000.0,0.0,0.0,1686.0,0.5301325029655991,0.0,0.0,0.3902,1.0,1.0,1018.4073770999998,1000.0,782.4811770999997,1000.0,0.8776481986463807,0.0
310,1705183260000.0,0.0,0.0,1686.0,0.5301325029655991,0.0,0.0,0.3908,1.0,1.0,1018.4073770999998,1000.0,783.4927770999998,1000.0,0.8776481986463807,0.0
311,1705186860000.0,0.0,0.0,1686.0,0.5301325029655991,0.0,0.0,0.3884,1.0,1.0,1018.4073770999998,1000.0,779.4463770999998,1000.0,0.8776481986463807,0.0
312,1705190460000.0,0.0,0.0,1686.0,0.5301325029655991,0.0,0.0,0.3903,1.0,1.0,1018.4073770999998,1000.0,782.6497770999997,1000.0,0.8776481986463807,0.0
313,1705194060000.0,0.0,0.0,1686.0,0.5301325029655991,0.0,0.0,0.3843,1.0,1.0,1018.4073770999998,1000.0,772.5337770999997,1000.0,0.8776481986463807,0.0
314,1705197660000.0,0.0,0.0,1686.0,0.5301325029655991,0.0,0.0,0.3853,1.0,1.0,1018.4073770999998,1000.0,774.2197770999996,1000.0,0.8776481986463807,0.0
315,1705201260000.0,0.0,0.0,1686.0,0.5301325029655991,0.0,0.0,0.3836,1.0,1.0,1018.4073770999998,1000.0,771.3535770999997,1000.0,0.8776481986463807,0.0
316,1705204860000.0,0.0,0.0,1686.0,0.5301325029655991,0.0,0.0,0.3826,1.0,1.0,1018.4073770999998,1000.0,769.6675770999998,1000.0,0.8776481986463807,0.0
317,1705208460000.0,0.0,0.0,1686.0,0.5301325029655991,0.0,0.0,0.3781,1.0,1.0,1018.4073770999998,1000.0,762.0805770999998,1000.0,0.8776481986463807,0.0
318,1705212060000.0,0.0,0.0,1686.0,0.5301325029655991,0.0,0.0,0.3829,1.0,1.0,1018.4073770999998,1000.0,770.1733770999998,1000.0,0.8776481986463807,0.0
319,1705215660000.0,0.0,0.0,1686.0,0.5301325029655991,0.0,0.0,0.3835,1.0,1.0,1018.4073770999998,1000.0,771.1849770999997,1000.0,0.8776481986463807,0.0
320,1705219260000.0,0.0,0.0,1686.0,0.5301325029655991,0.0,0.0,0.3857,1.0,1.0,1018.4073770999998,1000.0,774.8941770999998,1000.0,0.8776481986463807,0.0
321,1705222860000.0,0.0,0.0,1686.0,0.5301325029655991,0.0,0.0,0.385,1.0,1.0,1018.4073770999998,1000.0,773.7139770999997,1000.0,0.8776481986463807,0.0
322,1705226460000.0,0.0,0.0,1686.0,0.5301325029655991,0.0,0.0,0.385,1.0,1.0,1018.4073770999998,1000.0,773.7139770999997,1000.0,0.8776481986463807,0.0
323,1705230060000.0,0.0,0.0,1686.0,0.5301325029655991,0.0,0.0,0.3828,1.0,1.0,1018.4073770999998,1000.0,770.0047770999997,1000.0,0.8776481986463807,0.0
324,1705233660000.0,0.0,0.0,1686.0,0.5301325029655991,0.0,0.0,0.382,1.0,1.0,1018.4073770999998,1000.0,768.6559770999997,1000.0,0.8776481986463807,0.0
325,1705237260000.0,0.0,0.0,1686.0,0.5301325029655991,0.0,0.0,0.3797,1.0,1.0,1018.4073770999998,1000.0,764.7781770999998,1000.0,0.8776481986463807,0.0
326,1705240860000.0,0.0,0.0,1686.0,0.5301325029655991,0.0,0.0,0.3825,1.0,1.0,1018.4073770999998,1000.0,769.4989770999998,1000.0,0.8776481986463807,0.0
327,1705244460000.0,0.0,0.0,1686.0,0.5301325029655991,0.0,0.0,0.3829,1.0,1.0,1018.4073770999998,1000.0,770.1733770999998,1000.0,0.8776481986463807,0.0
328,1705248060000.0,0.0,0.0,1686.0,0.5301325029655991,0.0,0.0,0.384,1.0,1.0,1018.4073770999998,1000.0,772.0279770999998,1000.0,0.8776481986463807,0.0
329,1705251660000.0,0.0,0.0,1686.0,0.5301325029655991,0.0,0.0,0.3812,1.0,1.0,1018.4073770999998,1000.0,767.3071770999998,1000.0,0.8776481986463807,0.0
330,1705255260000.0,0.0,0.0,1686.0,0.5301325029655991,0.0,0.0,0.383,1.0,1.0,1018.4073770999998,1000.0,770.3419770999998,1000.0,0.8776481986463807,0.0
331,1705258860000.0,0.0,0.0,1686.0,0.5301325029655991,0.0,0.0,0.381,1.0,1.0,1018.4073770999998,1000.0,766.9699770999998,1000.0,0.8776481986463807,0.0
332,1705262460000.0,0.0,0.0,1686.0,0.5301325029655991,0.0,0.0,0.3749,1.0,1.0,1018.4073770999998,1000.0,756.6853770999998,1000.0,0.8776481986463807,0.0
333,1705266060000.0,0.0,0.0,1686.0,0.5301325029655991,0.0,0.0,0.3777,1.0,1.0,1018.4073770999998,1000.0,761.4061770999997,1000.0,0.8776481986463807,0.0
334,1705269660000.0,0.0,0.0,1686.0,0.5301325029655991,0.0,0.0,0.3803,1.0,1.0,1018.4073770999998,1000.0,765.7897770999998,1000.0,0.8776481986463807,0.0
335,1705273260000.0,0.0,0.0,1686.0,0.5301325029655991,0.0,0.0,0.3768,1.0,1.0,1018.4073770999998,1000.0,759.8887770999997,1000.0,0.8776481986463807,0.0
336,1705276860000.0,0.0,0.0,1686.0,0.5301325029655991,0.0,0.0,0.3699,1.0,1.0,1018.4073770999998,1000.0,748.2553770999998,1000.0,0.8776481986463807,0.0
337,1705280460000.0,0.0,0.0,1686.0,0.5301325029655991,0.0,0.0,0.3733,1.0,1.0,1018.4073770999998,1000.0,753.9877770999998,1000.0,0.8776481986463807,0.0
338,1705284060000.0,0.0,0.0,1686.0,0.5301325029655991,0.0,0.0,0.3728,1.0,1.0,1018.4073770999998,1000.0,753.1447770999998,1000.0,0.8776481986463807,0.0
339,1705287660000.0,0.0,0.0,1686.0,0.5301325029655991,0.0,0.0,0.3768,1.0,1.0,1018.4073770999998,1000.0,759.8887770999997,1000.0,0.8776481986463807,0.0
340,1705291260000.0,0.0,0.0,1686.0,0.5301325029655991,0.0,0.0,0.3756,1.0,1.0,1018.4073770999998,1000.0,757.8655770999997,1000.0,0.8776481986463807,0.0
341,1705294860000.0,0.0,0.0,1686.0,0.5301325029655991,0.0,0.0,0.3768,1.0,1.0,1018.4073770999998,1000.0,759.8887770999997,1000.0,0.8776481986463807,0.0
342,1705298460000.0,0.0,0.0,1686.0,0.5301325029655991,0.0,0.0,0.3762,1.0,1.0,1018.4073770999998,1000.0,758.8771770999997,1000.0,0.8776481986463807,0.0
343,1705302060000.0,0.0,0.0,1686.0,0.5301325029655991,0.0,0.0,0.3745,1.0,1.0,1018.4073770999998,1000.0,756.0109770999998,1000.0,0.8776481986463807,0.0
344,1705305660000.0,0.0,0.0,1686.0,0.5301325029655991,0.0,0.0,0.3729,1.0,1.0,1018.4073770999998,1000.0,753.3133770999998,1000.0,0.8776481986463807,0.0
345,1705309260000.0,0.0,0.0,1686.0,0.5301325029655991,0.0,0.0,0.3724,1.0,1.0,1018.4073770999998,1000.0,752.4703770999997,1000.0,0.8776481986463807,0.0
346,1705312860000.0,0.0,0.0,1686.0,0.5301325029655991,0.0,0.0,0.3747,1.0,1.0,1018.4073770999998,1000.0,756.3481770999997,1000.0,0.8776481986463807,0.0
347,1705316460000.0,0.0,0.0,1686.0,0.5301325029655991,0.0,0.0,0.3737,1.0,1.0,1018.4073770999998,1000.0,754.6621770999998,1000.0,0.8776481986463807,0.0
348,1705320060000.0,0.0,0.0,1686.0,0.5301325029655991,0.0,0.0,0.3726,1.0,1.0,1018.4073770999998,1000.0,752.8075770999997,1000.0,0.8776481986463807,0.0
349,1705323660000.0,0.0,0.0,1686.0,0.5301325029655991,0.0,0.0,0.3708,1.0,1.0,1018.4073770999998,1000.0,749.7727770999998,1000.0,0.8776481986463807,0.0
350,1705327260000.0,0.0,0.0,1686.0,0.5301325029655991,0.0,0.0,0.3721,1.0,1.0,1018.4073770999998,1000.0,751.9645770999998,1000.0,0.8776481986463807,0.0
351,1705330860000.0,0.0,0.0,1686.0,0.5301325029655991,0.0,0.0,0.3687,1.0,1.0,1018.4073770999998,1000.0,746.2321770999998,1000.0,0.8776481986463807,0.0
352,1705334460000.0,0.0,0.0,1686.0,0.5301325029655991,0.0,0.0,0.369,1.0,1.0,1018.4073770999998,1000.0,746.7379770999997,1000.0,0.8776481986463807,0.0
353,1705338060000.0,0.0,0.0,1686.0,0.5301325029655991,0.0,0.0,0.3711,1.0,1.0,1018.4073770999998,1000.0,750.2785770999997,1000.0,0.8776481986463807,0.0
354,1705341660000.0,0.0,0.0,1686.0,0.5301325029655991,0.0,0.0,0.3722,1.0,1.0,1018.4073770999998,1000.0,752.1331770999998,1000.0,0.8776481986463807,0.0
355,1705345260000.0,0.0,0.0,1686.0,0.5301325029655991,0.0,0.0,0.3732,1.0,1.0,1018.4073770999998,1000.0,753.8191770999997,1000.0,0.8776481986463807,0.0
356,1705348860000.0,0.0,0.0,1686.0,0.5301325029655991,0.0,0.0,0.3744,1.0,1.0,1018.4073770999998,1000.0,755.8423770999998,1000.0,0.8776481986463807,0.0
357,1705352460000.0,0.0,0.0,1686.0,0.5301325029655991,0.0,0.0,0.3725,1.0,1.0,1018.4073770999998,1000.0,752.6389770999997,1000.0,0.8776481986463807,0.0
358,1705356060000.0,0.0,0.0,1686.0,0.5301325029655991,0.0,0.0,0.372,1.0,1.0,1018.4073770999998,1000.0,751.7959770999997,1000.0,0.8776481986463807,0.0
359,1705359660000.0,0.0,0.0,1686.0,0.5301325029655991,0.0,0.0,0.3715,1.0,1.0,1018.4073770999998,1000.0,750.9529770999998,1000.0,0.8776481986463807,0.0
360,1705363260000.0,0.0,0.0,1686.0,0.5301325029655991,0.0,0.0,0.3713,1.0,1.0,1018.4073770999998,1000.0,750.6157770999998,1000.0,0.8776481986463807,0.0
361,1705366860000.0,0.0,0.0,1686.0,0.5301325029655991,0.0,0.0,0.3687,1.0,1.0,1018.4073770999998,1000.0,746.2321770999998,1000.0,0.8776481986463807,0.0
362,1705370460000.0,0.0,0.0,1686.0,0.5301325029655991,0.0,0.0,0.3687,1.0,1.0,1018.4073770999998,1000.0,746.2321770999998,1000.0,0.8776481986463807,0.0
363,1705374060000.0,0.0,0.0,1686.0,0.5301325029655991,0.0,0.0,0.3695,1.0,1.0,1018.4073770999998,1000.0,747.5809770999997,1000.0,0.8776481986463807,0.0
364,1705377660000.0,0.0,0.0,1686.0,0.5301325029655991,0.0,0.0,0.3694,1.0,1.0,1018.4073770999998,1000.0,747.4123770999997,1000.0,0.8776481986463807,0.0
365,1705381260000.0,0.0,0.0,1686.0,0.5301325029655991,0.0,0.0,0.3688,1.0,1.0,1018.4073770999998,1000.0,746.4007770999998,1000.0,0.8776481986463807,0.0
366,1705384860000.0,0.0,0.0,1686.0,0.5301325029655991,0.0,0.0,0.3672,1.0,1.0,1018.4073770999998,1000.0,743.7031770999997,1000.0,0.8776481986463807,0.0
367,1705388460000.0,0.0,0.0,1686.0,0.5301325029655991,0.0,0.0,0.3697,1.0,1.0,1018.4073770999998,1000.0,747.9181770999996,1000.0,0.8776481986463807,0.0
368,1705392060000.0,0.0,0.0,1686.0,0.5301325029655991,0.0,0.0,0.37,1.0,1.0,1018.4073770999998,1000.0,748.4239770999998,1000.0,0.8776481986463807,0.0
369,1705395660000.0,0.0,0.0,1686.0,0.5301325029655991,0.0,0.0,0.3709,1.0,1.0,1018.4073770999998,1000.0,749.9413770999997,1000.0,0.8776481986463807,0.0
370,1705399260000.0,0.0,0.0,1686.0,0.5301325029655991,0.0,0.0,0.3728,1.0,1.0,1018.4073770999998,1000.0,753.1447770999998,1000.0,0.8776481986463807,0.0
371,1705402860000.0,0.0,0.0,1686.0,0.5301325029655991,0.0,0.0,0.3723,1.0,1.0,1018.4073770999998,1000.0,752.3017770999998,1000.0,0.8776481986463807,0.0
372,1705406460000.0,0.0,0.0,1686.0,0.5301325029655991,0.0,0.0,0.372,1.0,1.0,1018.4073770999998,1000.0,751.7959770999997,1000.0,0.8776481986463807,0.0
373,1705410060000.0,0.0,0.0,1686.0,0.5301325029655991,0.0,0.0,0.3727,1.0,1.0,1018.4073770999998,1000.0,752.9761770999996,1000.0,0.8776481986463807,0.0
374,1705413660000.0,0.0,0.0,1686.0,0.5301325029655991,0.0,0.0,0.3698,1.0,1.0,1018.4073770999998,1000.0,748.0867770999998,1000.0,0.8776481986463807,0.0
375,1705417260000.0,0.0,0.0,1686.0,0.5301325029655991,0.0,0.0,0.3717,1.0,1.0,1018.4073770999998,1000.0,751.2901770999997,1000.0,0.8776481986463807,0.0
376,1705420860000.0,0.0,0.0,1686.0,0.5301325029655991,0.0,0.0,0.3742,1.0,1.0,1018.4073770999998,1000.0,755.5051770999997,1000.0,0.8776481986463807,0.0
377,1705424460000.0,0.0,0.0,1686.0,0.5301325029655991,0.0,0.0,0.3734,1.0,1.0,1018.4073770999998,1000.0,754.1563770999998,1000.0,0.8776481986463807,0.0
378,1705428060000.0,0.0,0.0,1686.0,0.5301325029655991,0.0,0.0,0.3733,1.0,1.0,1018.4073770999998,1000.0,753.9877770999998,1000.0,0.8776481986463807,0.0
379,1705431660000.0,0.0,0.0,1686.0,0.5301325029655991,0.0,0.0,0.371,1.0,1.0,1018.4073770999998,1000.0,750.1099770999997,1000.0,0.8776481986463807,0.0
380,1705435260000.0,0.0,0.0,1686.0,0.5301325029655991,0.0,0.0,0.3735,1.0,1.0,1018.4073770999998,1000.0,754.3249770999997,1000.0,0.8776481986463807,0.0
381,1705438860000.0,0.0,0.0,1686.0,0.5301325029655991,0.0,0.0,0.3742,1.0,1.0,1018.4073770999998,1000.0,755.5051770999997,1000.0,0.8776481986463807,0.0
382,1705442460000.0,0.0,0.0,1686.0,0.5301325029655991,0.0,0.0,0.3749,1.0,1.0,1018.4073770999998,1000.0,756.6853770999998,1000.0,0.8776481986463807,0.0
383,1705446060000.0,0.0,0.0,1686.0,0.5301325029655991,0.0,0.0,0.3748,1.0,1.0,1018.4073770999998,1000.0,756.5167770999998,1000.0,0.8776481986463807,0.0
384,1705449660000.0,0.0,0.0,1686.0,0.5301325029655991,0.0,0.0,0.373,1.0,1.0,1018.4073770999998,1000.0,753.4819770999998,1000.0,0.8776481986463807,0.0
385,1705453260000.0,0.0,0.0,1686.0,0.5301325029655991,0.0,0.0,0.372,1.0,1.0,1018.4073770999998,1000.0,751.7959770999997,1000.0,0.8776481986463807,0.0
386,1705456860000.0,0.0,0.0,1686.0,0.5301325029655991,0.0,0.0,0.3705,1.0,1.0,1018.4073770999998,1000.0,749.2669770999997,1000.0,0.8776481986463807,0.0
387,1705460460000.0,0.0,0.0,1686.0,0.5301325029655991,0.0,0.0,0.3704,1.0,1.0,1018.4073770999998,1000.0,749.0983770999998,1000.0,0.8776481986463807,0.0
388,1705464060000.0,0.0,0.0,1686.0,0.5301325029655991,0.0,0.0,0.3691,1.0,1.0,1018.4073770999998,1000.0,746.9065770999997,1000.0,0.8776481986463807,0.0
389,1705467660000.0,0.0,0.0,1686.0,0.5301325029655991,0.0,0.0,0.3685,1.0,1.0,1018.4073770999998,1000.0,745.8949770999998,1000.0,0.8776481986463807,0.0
390,1705471260000.0,0.0,0.0,1686.0,0.5301325029655991,0.0,0.0,0.3674,1.0,1.0,1018.4073770999998,1000.0,744.0403770999998,1000.0,0.8776481986463807,0.0
391,1705474860000.0,0.0,0.0,1686.0,0.5301325029655991,0.0,0.0,0.3661,1.0,1.0,1018.4073770999998,1000.0,741.8485770999997,1000.0,0.8776481986463807,0.0
392,1705478460000.0,0.0,0.0,1686.0,0.5301325029655991,0.0,0.0,0.3617,1.0,1.0,1018.4073770999998,1000.0,734.4301770999998,1000.0,0.8776481986463807,0.0
393,1705482060000.0,0.0,0.0,1686.0,0.5301325029655991,0.0,0.0,0.3641,1.0,1.0,1018.4073770999998,1000.0,738.4765770999998,1000.0,0.8776481986463807,0.0
394,1705485660000.0,0.0,0.0,1686.0,0.5301325029655991,0.0,0.0,0.3642,1.0,1.0,1018.4073770999998,1000.0,738.6451770999997,1000.0,0.8776481986463807,0.0
395,1705489260000.0,0.0,0.0,1686.0,0.5301325029655991,0.0,0.0,0.3666,1.0,1.0,1018.4073770999998,1000.0,742.6915770999997,1000.0,0.8776481986463807,0.0
396,1705492860000.0,0.0,0.0,1686.0,0.5301325029655991,0.0,0.0,0.3668,1.0,1.0,1018.4073770999998,1000.0,743.0287770999998,1000.0,0.8776481986463807,0.0
397,1705496460000.0,0.0,0.0,1686.0,0.5301325029655991,0.0,0.0,0.3677,1.0,1.0,1018.4073770999998,1000.0,744.5461770999998,1000.0,0.8776481986463807,0.0
398,1705500060000.0,0.0,0.0,1686.0,0.5301325029655991,0.0,0.0,0.3694,1.0,1.0,1018.4073770999998,1000.0,747.4123770999997,1000.0,0.8776481986463807,0.0
399,1705503660000.0,0.0,0.0,1686.0,0.5301325029655991,0.0,0.0,0.3664,1.0,1.0,1018.4073770999998,1000.0,742.3543770999997,1000.0,0.8776481986463807,0.0
400,1705507260000.0,0.0,0.0,1686.0,0.5301325029655991,0.0,0.0,0.3662,1.0,1.0,1018.4073770999998,1000.0,742.0171770999998,1000.0,0.8776481986463807,0.0
401,1705510860000.0,0.0,0.0,1686.0,0.5301325029655991,0.0,0.0,0.365,1.0,1.0,1018.4073770999998,1000.0,739.9939770999997,1000.0,0.8776481986463807,0.0
402,1705514460000.0,0.0,0.0,1686.0,0.5301325029655991,0.0,0.0,0.3676,1.0,1.0,1018.4073770999998,1000.0,744.3775770999997,1000.0,0.8776481986463807,0.0
403,1705518060000.0,0.0,0.0,1686.0,0.5301325029655991,0.0,0.0,0.3669,1.0,1.0,1018.4073770999998,1000.0,743.1973770999998,1000.0,0.8776481986463807,0.0
404,1705521660000.0,0.0,0.0,1686.0,0.5301325029655991,0.0,0.0,0.3678,1.0,1.0,1018.4073770999998,1000.0,744.7147770999998,1000.0,0.8776481986463807,0.0
405,1705525260000.0,0.0,0.0,1686.0,0.5301325029655991,0.0,0.0,0.3676,1.0,1.0,1018.4073770999998,1000.0,744.3775770999997,1000.0,0.8776481986463807,0.0
406,1705528860000.0,0.0,0.0,1686.0,0.5301325029655991,0.0,0.0,0.368,1.0,1.0,1018.4073770999998,1000.0,745.0519770999997,1000.0,0.8776481986463807,0.0
407,1705532460000.0,0.0,0.0,1686.0,0.5301325029655991,0.0,0.0,0.3666,1.0,1.0,1018.4073770999998,1000.0,742.6915770999997,1000.0,0.8776481986463807,0.0
408,1705536060000.0,0.0,0.0,1686.0,0.5301325029655991,0.0,0.0,0.3669,1.0,1.0,1018.4073770999998,1000.0,743.1973770999998,1000.0,0.8776481986463807,0.0
409,1705539660000.0,0.0,0.0,1686.0,0.5301325029655991,0.0,0.0,0.3647,1.0,1.0,1018.4073770999998,1000.0,739.4881770999998,1000.0,0.8776481986463807,0.0
410,1705543260000.0,0.0,0.0,1686.0,0.5301325029655991,0.0,0.0,0.3618,1.0,1.0,1018.4073770999998,1000.0,734.5987770999998,1000.0,0.8776481986463807,0.0
411,1705546860000.0,0.0,0.0,1686.0,0.5301325029655991,0.0,0.0,0.3629,1.0,1.0,1018.4073770999998,1000.0,736.4533770999998,1000.0,0.8776481986463807,0.0
412,1705550460000.0,0.0,0.0,1686.0,0.5301325029655991,0.0,0.0,0.3621,1.0,1.0,1018.4073770999998,1000.0,735.1045770999997,1000.0,0.8776481986463807,0.0
413,1705554060000.0,0.0,0.0,1686.0,0.5301325029655991,0.0,0.0,0.362,1.0,1.0,1018.4073770999998,1000.0,734.9359770999997,1000.0,0.8776481986463807,0.0
414,1705557660000.0,0.0,0.0,1686.0,0.5301325029655991,0.0,0.0,0.3633,1.0,1.0,1018.4073770999998,1000.0,737.1277770999998,1000.0,0.8776481986463807,0.0
415,1705561260000.0,0.0,0.0,1686.0,0.5301325029655991,0.0,0.0,0.3642,1.0,1.0,1018.4073770999998,1000.0,738.6451770999997,1000.0,0.8776481986463807,0.0
416,1705564860000.0,0.0,0.0,1686.0,0.5301325029655991,0.0,0.0,0.3649,1.0,1.0,1018.4073770999998,1000.0,739.8253770999997,1000.0,0.8776481986463807,0.0
417,1705568460000.0,0.0,0.0,1686.0,0.5301325029655991,0.0,0.0,0.3643,1.0,1.0,1018.4073770999998,1000.0,738.8137770999997,1000.0,0.8776481986463807,0.0
418,1705572060000.0,0.0,0.0,1686.0,0.5301325029655991,0.0,0.0,0.3627,1.0,1.0,1018.4073770999998,1000.0,736.1161770999997,1000.0,0.8776481986463807,0.0
419,1705575660000.0,0.0,0.0,1686.0,0.5301325029655991,0.0,0.0,0.3607,1.0,1.0,1018.4073770999998,1000.0,732.7441770999998,1000.0,0.8776481986463807,0.0
420,1705579260000.0,0.0,0.0,1686.0,0.5301325029655991,0.0,0.0,0.36,1.0,1.0,1018.4073770999998,1000.0,731.5639770999998,1000.0,0.8776481986463807,0.0
421,1705582860000.0,0.0,0.0,1686.0,0.5301325029655991,0.0,0.0,0.3583,1.0,1.0,1018.4073770999998,1000.0,728.6977770999997,1000.0,0.8776481986463807,0.0
422,1705586460000.0,0.0,0.0,1686.0,0.5301325029655991,0.0,0.0,0.3596,1.0,1.0,1018.4073770999998,1000.0,730.8895770999998,1000.0,0.8776481986463807,0.0
423,1705590060000.0,0.0,0.0,1686.0,0.5301325029655991,0.0,0.0,0.361,1.0,1.0,1018.4073770999998,1000.0,733.2499770999998,1000.0,0.8776481986463807,0.0
424,1705593660000.0,0.0,0.0,1686.0,0.5301325029655991,0.0,0.0,0.3591,1.0,1.0,1018.4073770999998,1000.0,730.0465770999997,1000.0,0.8776481986463807,0.0
425,1705597260000.0,0.0,0.0,1686.0,0.5301325029655991,0.0,0.0,0.3532,1.0,1.0,1018.4073770999998,1000.0,720.0991770999998,1000.0,0.8776481986463807,0.0
426,1705600860000.0,0.0,0.0,1686.0,0.5301325029655991,0.0,0.0,0.3498,1.0,1.0,1018.4073770999998,1000.0,714.3667770999998,1000.0,0.8776481986463807,0.0
427,1705604460000.0,0.0,0.0,1686.0,0.5301325029655991,0.0,0.0,0.3479,1.0,1.0,1018.4073770999998,1000.0,711.1633770999997,1000.0,0.8776481986463807,0.0
428,1705608060000.0,0.0,0.0,1686.0,0.5301325029655991,0.0,0.0,0.3431,1.0,1.0,1018.4073770999998,1000.0,703.0705770999998,1000.0,0.8776481986463807,0.0
429,1705611660000.0,0.0,0.0,1686.0,0.5301325029655991,0.0,0.0,0.3462,1.0,1.0,1018.4073770999998,1000.0,708.2971770999998,1000.0,0.8776481986463807,0.0
430,1705615260000.0,0.0,0.0,1686.0,0.5301325029655991,0.0,0.0,0.3479,1.0,1.0,1018.4073770999998,1000.0,711.1633770999997,1000.0,0.8776481986463807,0.0
431,1705618860000.0,0.0,0.0,1686.0,0.5301325029655991,0.0,0.0,0.3498,1.0,1.0,1018.4073770999998,1000.0,714.3667770999998,1000.0,0.8776481986463807,0.0
432,1705622460000.0,0.0,0.0,1686.0,0.5301325029655991,0.0,0.0,0.3481,1.0,1.0,1018.4073770999998,1000.0,711.5005770999999,1000.0,0.8776481986463807,0.0
433,1705626060000.0,0.0,0.0,1686.0,0.5301325029655991,0.0,0.0,0.346,1.0,1.0,1018.4073770999998,1000.0,707.9599770999997,1000.0,0.8776481986463807,0.0
434,1705629660000.0,0.0,0.0,1686.0,0.5301325029655991,0.0,0.0,0.3447,1.0,1.0,1018.4073770999998,1000.0,705.7681770999998,1000.0,0.8776481986463807,0.0
435,1705633260000.0,0.0,0.0,1686.0,0.5301325029655991,0.0,0.0,0.3421,1.0,1.0,1018.4073770999998,1000.0,701.3845770999998,1000.0,0.8776481986463807,0.0
436,1705636860000.0,0.0,0.0,1686.0,0.5301325029655991,0.0,0.0,0.3422,1.0,1.0,1018.4073770999998,1000.0,701.5531770999997,1000.0,0.8776481986463807,0.0
437,1705640460000.0,0.0,0.0,1686.0,0.5301325029655991,0.0,0.0,0.3418,1.0,1.0,1018.4073770999998,1000.0,700.8787770999998,1000.0,0.8776481986463807,0.0
438,1705644060000.0,0.0,0.0,1686.0,0.5301325029655991,0.0,0.0,0.3442,1.0,1.0,1018.4073770999998,1000.0,704.9251770999997,1000.0,0.8776481986463807,0.0
439,1705647660000.0,0.0,0.0,1686.0,0.5301325029655991,0.0,0.0,0.345,1.0,1.0,1018.4073770999998,1000.0,706.2739770999997,1000.0,0.8776481986463807,0.0
440,1705651260000.0,0.0,0.0,1686.0,0.5301325029655991,0.0,0.0,0.3442,1.0,1.0,1018.4073770999998,1000.0,704.9251770999997,1000.0,0.8776481986463807,0.0
441,1705654860000.0,0.0,0.0,1686.0,0.5301325029655991,0.0,0.0,0.3437,1.0,1.0,1018.4073770999998,1000.0,704.0821770999997,1000.0,0.8776481986463807,0.0
442,1705658460000.0,0.0,0.0,1686.0,0.5301325029655991,0.0,0.0,0.3445,1.0,1.0,1018.4073770999998,1000.0,705.4309770999997,1000.0,0.8776481986463807,0.0
443,1705662060000.0,0.0,0.0,1686.0,0.5301325029655991,0.0,0.0,0.347,1.0,1.0,1018.4073770999998,1000.0,709.6459770999998,1000.0,0.8776481986463807,0.0
444,1705665660000.0,0.0,0.0,1686.0,0.5301325029655991,0.0,0.0,0.3472,1.0,1.0,1018.4073770999998,1000.0,709.9831770999997,1000.0,0.8776481986463807,0.0
445,1705669260000.0,0.0,0.0,1686.0,0.5301325029655991,0.0,0.0,0.3457,1.0,1.0,1018.4073770999998,1000.0,707.4541770999997,1000.0,0.8776481986463807,0.0
446,1705672860000.0,0.0,0.0,1686.0,0.5301325029655991,0.0,0.0,0.3455,1.0,1.0,1018.4073770999998,1000.0,707.1169770999998,1000.0,0.8776481986463807,0.0
447,1705676460000.0,0.0,0.0,1686.0,0.5301325029655991,0.0,0.0,0.3405,1.0,1.0,1018.4073770999998,1000.0,698.6869770999998,1000.0,0.8776481986463807,0.0
448,1705680060000.0,0.0,0.0,1686.0,0.5301325029655991,0.0,0.0,0.3378,1.0,1.0,1018.4073770999998,1000.0,694.1347770999997,1000.0,0.8776481986463807,0.0
449,1705683660000.0,0.0,0.0,1686.0,0.5301325029655991,0.0,0.0,0.329,1.0,1.0,1018.4073770999998,1000.0,679.2979770999998,1000.0,0.8776481986463807,0.0
450,1705687260000.0,0.0,0.0,1686.0,0.5301325029655991,0.0,0.0,0.3334,1.0,1.0,1018.4073770999998,1000.0,686.7163770999997,1000.0,0.8776481986463807,0.0
451,1705690860000.0,0.0,0.0,1686.0,0.5301325029655991,0.0,0.0,0.3371,1.0,1.0,1018.4073770999998,1000.0,692.9545770999998,1000.0,0.8776481986463807,0.0
452,1705694460000.0,0.0,0.0,1686.0,0.5301325029655991,0.0,0.0,0.3406,1.0,1.0,1018.4073770999998,1000.0,698.8555770999998,1000.0,0.8776481986463807,0.0
453,1705698060000.0,0.0,0.0,1686.0,0.5301325029655991,0.0,0.0,0.3386,1.0,1.0,1018.4073770999998,1000.0,695.4835770999998,1000.0,0.8776481986463807,0.0
454,1705701660000.0,0.0,0.0,1686.0,0.5301325029655991,0.0,0.0,0.3392,1.0,1.0,1018.4073770999998,1000.0,696.4951770999998,1000.0,0.8776481986463807,0.0
455,1705705260000.0,0.0,0.0,1686.0,0.5301325029655991,0.0,0.0,0.3383,1.0,1.0,1018.4073770999998,1000.0,694.9777770999997,1000.0,0.8776481986463807,0.0
456,1705708860000.0,0.0,0.0,1686.0,0.5301325029655991,0.0,0.0,0.3361,1.0,1.0,1018.4073770999998,1000.0,691.2685770999998,1000.0,0.8776481986463807,0.0
457,1705712460000.0,0.0,0.0,1686.0,0.5301325029655991,0.0,0.0,0.3434,1.0,1.0,1018.4073770999998,1000.0,703.5763770999997,1000.0,0.8776481986463807,0.0
458,1705716060000.0,0.0,0.0,1686.0,0.5301325029655991,0.0,0.0,0.3479,1.0,1.0,1018.4073770999998,1000.0,711.1633770999997,1000.0,0.8776481986463807,0.0
459,1705719660000.0,0.0,0.0,1686.0,0.5301325029655991,0.0,0.0,0.3536,1.0,1.0,1018.4073770999998,1000.0,720.7735770999998,1000.0,0.8776481986463807,0.0
460,1705723260000.0,0.0,0.0,1686.0,0.5301325029655991,0.0,0.0,0.3495,1.0,1.0,1018.4073770999998,1000.0,713.8609770999997,1000.0,0.8776481986463807,0.0
461,1705726860000.0,0.0,0.0,1686.0,0.5301325029655991,0.0,0.0,0.3458,1.0,1.0,1018.4073770999998,1000.0,707.6227770999997,1000.0,0.8776481986463807,0.0
462,1705730460000.0,0.0,0.0,1686.0,0.5301325029655991,0.0,0.0,0.3486,1.0,1.0,1018.4073770999998,1000.0,712.3435770999997,1000.0,0.8776481986463807,0.0
463,1705734060000.0,0.0,0.0,1686.0,0.5301325029655991,0.0,0.0,0.3477,1.0,1.0,1018.4073770999998,1000.0,710.8261770999998,1000.0,0.8776481986463807,0.0
464,1705737660000.0,0.0,0.0,1686.0,0.5301325029655991,0.0,0.0,0.346,1.0,1.0,1018.4073770999998,1000.0,707.9599770999997,1000.0,0.8776481986463807,0.0
465,1705741260000.0,0.0,0.0,1686.0,0.5301325029655991,0.0,0.0,0.3462,1.0,1.0,1018.4073770999998,1000.0,708.2971770999998,1000.0,0.8776481986463807,0.0
466,1705744860000.0,0.0,0.0,1686.0,0.5301325029655991,0.0,0.0,0.3439,1.0,1.0,1018.4073770999998,1000.0,704.4193770999998,1000.0,0.8776481986463807,0.0
467,1705748460000.0,0.0,0.0,1686.0,0.5301325029655991,0.0,0.0,0.3442,1.0,1.0,1018.4073770999998,1000.0,704.9251770999997,1000.0,0.8776481986463807,0.0
468,1705752060000.0,0.0,0.0,1686.0,0.5301325029655991,0.0,0.0,0.3452,1.0,1.0,1018.4073770999998,1000.0,706.6111770999998,1000.0,0.8776481986463807,0.0
469,1705755660000.0,0.0,0.0,1686.0,0.5301325029655991,0.0,0.0,0.3458,1.0,1.0,1018.4073770999998,1000.0,707.6227770999997,1000.0,0.8776481986463807,0.0
470,1705759260000.0,0.0,0.0,1686.0,0.5301325029655991,0.0,0.0,0.3466,1.0,1.0,1018.4073770999998,1000.0,708.9715770999998,1000.0,0.8776481986463807,0.0
471,1705762860000.0,0.0,0.0,1686.0,0.5301325029655991,0.0,0.0,0.3444,1.0,1.0,1018.4073770999998,1000.0,705.2623770999998,1000.0,0.8776481986463807,0.0
472,1705766460000.0,0.0,0.0,1686.0,0.5301325029655991,0.0,0.0,0.3443,1.0,1.0,1018.4073770999998,1000.0,705.0937770999997,1000.0,0.8776481986463807,0.0
473,1705770060000.0,0.0,0.0,1686.0,0.5301325029655991,0.0,0.0,0.3443,1.0,1.0,1018.4073770999998,1000.0,705.0937770999997,1000.0,0.8776481986463807,0.0
474,1705773660000.0,0.0,0.0,1686.0,0.5301325029655991,0.0,0.0,0.3445,1.0,1.0,1018.4073770999998,1000.0,705.4309770999997,1000.0,0.8776481986463807,0.0
475,1705777260000.0,0.0,0.0,1686.0,0.5301325029655991,0.0,0.0,0.3427,1.0,1.0,1018.4073770999998,1000.0,702.3961770999997,1000.0,0.8776481986463807,0.0
476,1705780860000.0,0.0,0.0,1686.0,0.5301325029655991,0.0,0.0,0.3449,1.0,1.0,1018.4073770999998,1000.0,706.1053770999997,1000.0,0.8776481986463807,0.0
477,1705784460000.0,0.0,0.0,1686.0,0.5301325029655991,0.0,0.0,0.3447,1.0,1.0,1018.4073770999998,1000.0,705.7681770999998,1000.0,0.8776481986463807,0.0
478,1705788060000.0,0.0,0.0,1686.0,0.5301325029655991,0.0,0.0,0.3444,1.0,1.0,1018.4073770999998,1000.0,705.2623770999998,1000.0,0.8776481986463807,0.0
479,1705791660000.0,0.0,0.0,1686.0,0.5301325029655991,0.0,0.0,0.3427,1.0,1.0,1018.4073770999998,1000.0,702.3961770999997,1000.0,0.8776481986463807,0.0
480,1705795260000.0,0.0,0.0,1686.0,0.5301325029655991,0.0,0.0,0.3396,1.0,1.0,1018.4073770999998,1000.0,697.1695770999997,1000.0,0.8776481986463807,0.0
481,1705798860000.0,0.0,0.0,1686.0,0.5301325029655991,0.0,0.0,0.3376,1.0,1.0,1018.4073770999998,1000.0,693.7975770999998,1000.0,0.8776481986463807,0.0
482,1705802460000.0,0.0,0.0,1686.0,0.5301325029655991,0.0,0.0,0.3386,1.0,1.0,1018.4073770999998,1000.0,695.4835770999998,1000.0,0.8776481986463807,0.0
483,1705806060000.0,0.0,0.0,1686.0,0.5301325029655991,0.0,0.0,0.3397,1.0,1.0,1018.4073770999998,1000.0,697.3381770999997,1000.0,0.8776481986463807,0.0
484,1705809660000.0,0.0,0.0,1686.0,0.5301325029655991,0.0,0.0,0.3398,1.0,1.0,1018.4073770999998,1000.0,697.5067770999997,1000.0,0.8776481986463807,0.0
485,1705813260000.0,0.0,0.0,1686.0,0.5301325029655991,0.0,0.0,0.34,1.0,1.0,1018.4073770999998,1000.0,697.8439770999998,1000.0,0.8776481986463807,0.0
486,1705816860000.0,0.0,0.0,1686.0,0.5301325029655991,0.0,0.0,0.3392,1.0,1.0,1018.4073770999998,1000.0,696.4951770999998,1000.0,0.8776481986463807,0.0
487,1705820460000.0,0.0,0.0,1686.0,0.5301325029655991,0.0,0.0,0.3385,1.0,1.0,1018.4073770999998,1000.0,695.3149770999999,1000.0,0.8776481986463807,0.0
488,1705824060000.0,0.0,0.0,1686.0,0.5301325029655991,0.0,0.0,0.3392,1.0,1.0,1018.4073770999998,1000.0,696.4951770999998,1000.0,0.8776481986463807,0.0
489,1705827660000.0,0.0,0.0,1686.0,0.5301325029655991,0.0,0.0,0.3385,1.0,1.0,1018.4073770999998,1000.0,695.3149770999999,1000.0,0.8776481986463807,0.0
490,1705831260000.0,0.0,0.0,1686.0,0.5301325029655991,0.0,0.0,0.3391,1.0,1.0,1018.4073770999998,1000.0,696.3265770999998,1000.0,0.8776481986463807,0.0
491,1705834860000.0,0.0,0.0,1686.0,0.5301325029655991,0.0,0.0,0.3401,1.0,1.0,1018.4073770999998,1000.0,698.0125770999998,1000.0,0.8776481986463807,0.0
492,1705838460000.0,0.0,0.0,1686.0,0.5301325029655991,0.0,0.0,0.3391,1.0,1.0,1018.4073770999998,1000.0,696.3265770999998,1000.0,0.8776481986463807,0.0
493,1705842060000.0,0.0,0.0,1686.0,0.5301325029655991,0.0,0.0,0.3379,1.0,1.0,1018.4073770999998,1000.0,694.3033770999997,1000.0,0.8776481986463807,0.0
494,1705845660000.0,0.0,0.0,1686.0,0.5301325029655991,0.0,0.0,0.3399,1.0,1.0,1018.4073770999998,1000.0,697.6753770999997,1000.0,0.8776481986463807,0.0
495,1705849260000.0,0.0,0.0,1686.0,0.5301325029655991,0.0,0.0,0.3404,1.0,1.0,1018.4073770999998,1000.0,698.5183770999997,1000.0,0.8776481986463807,0.0
496,1705852860000.0,0.0,0.0,1686.0,0.5301325029655991,0.0,0.0,0.3379,1.0,1.0,1018.4073770999998,1000.0,694.3033770999997,1000.0,0.8776481986463807,0.0
497,1705856460000.0,0.0,0.0,1686.0,0.5301325029655991,0.0,0.0,0.3382,1.0,1.0,1018.4073770999998,1000.0,694.8091770999997,1000.0,0.8776481986463807,0.0
498,1705860060000.0,0.0,0.0,1686.0,0.5301325029655991,0.0,0.0,0.3394,1.0,1.0,1018.4073770999998,1000.0,696.8323770999998,1000.0,0.8776481986463807,0.0
499,1705863660000.0,0.0,0.0,1686.0,0.5301325029655991,0.0,0.0,0.3393,1.0,1.0,1018.4073770999998,1000.0,696.6637770999997,1000.0,0.8776481986463807,0.0
500,1705867260000.0,0.0,0.0,1686.0,0.5301325029655991,0.0,0.0,0.3393,1.0,1.0,1018.4073770999998,1000.0,696.6637770999997,1000.0,0.8776481986463807,0.0
501,1705870860000.0,0.0,0.0,1686.0,0.5301325029655991,0.0,0.0,0.3377,1.0,1.0,1018.4073770999998,1000.0,693.9661770999998,1000.0,0.8776481986463807,0.0
502,1705874460000.0,0.0,0.0,1686.0,0.5301325029655991,0.0,0.0,0.3387,1.0,1.0,1018.4073770999998,1000.0,695.6521770999998,1000.0,0.8776481986463807,0.0
503,1705878060000.0,0.0,0.0,1686.0,0.5301325029655991,0.0,0.0,0.3379,1.0,1.0,1018.4073770999998,1000.0,694.3033770999997,1000.0,0.8776481986463807,0.0
504,1705881660000.0,0.0,0.0,1686.0,0.5301325029655991,0.0,0.0,0.3365,1.0,1.0,1018.4073770999998,1000.0,691.9429770999998,1000.0,0.8776481986463807,0.0
505,1705885260000.0,0.0,0.0,1686.0,0.5301325029655991,0.0,0.0,0.3339,1.0,1.0,1018.4073770999998,1000.0,687.5593770999997,1000.0,0.8776481986463807,0.0
506,1705888860000.0,0.0,0.0,1686.0,0.5301325029655991,0.0,0.0,0.3289,1.0,1.0,1018.4073770999998,1000.0,679.1293770999998,1000.0,0.8776481986463807,0.0
507,1705892460000.0,0.0,0.0,1686.0,0.5301325029655991,0.0,0.0,0.3284,1.0,1.0,1018.4073770999998,1000.0,678.2863770999998,1000.0,0.8776481986463807,0.0
508,1705896060000.0,0.0,0.0,1686.0,0.5301325029655991,0.0,0.0,0.328,1.0,1.0,1018.4073770999998,1000.0,677.6119770999998,1000.0,0.8776481986463807,0.0
509,1705899660000.0,0.0,0.0,1686.0,0.5301325029655991,0.0,0.0,0.3242,1.0,1.0,1018.4073770999998,1000.0,671.2051770999997,1000.0,0.8776481986463807,0.0
510,1705903260000.0,0.0,0.0,1686.0,0.5301325029655991,0.0,0.0,0.3279,1.0,1.0,1018.4073770999998,1000.0,677.4433770999998,1000.0,0.8776481986463807,0.0
511,1705906860000.0,0.0,0.0,1686.0,0.5301325029655991,0.0,0.0,0.3268,1.0,1.0,1018.4073770999998,1000.0,675.5887770999998,1000.0,0.8776481986463807,0.0
512,1705910460000.0,0.0,0.0,1686.0,0.5301325029655991,0.0,0.0,0.3241,1.0,1.0,1018.4073770999998,1000.0,671.0365770999997,1000.0,0.8776481986463807,0.0
513,1705914060000.0,0.0,0.0,1686.0,0.5301325029655991,0.0,0.0,0.3222,1.0,1.0,1018.4073770999998,1000.0,667.8331770999997,1000.0,0.8776481986463807,0.0
514,1705917660000.0,0.0,0.0,1686.0,0.5301325029655991,0.0,0.0,0.3209,1.0,1.0,1018.4073770999998,1000.0,665.6413770999998,1000.0,0.8776481986463807,0.0
515,1705921260000.0,0.0,0.0,1686.0,0.5301325029655991,0.0,0.0,0.3203,1.0,1.0,1018.4073770999998,1000.0,664.6297770999997,1000.0,0.8776481986463807,0.0
516,1705924860000.0,0.0,0.0,1686.0,0.5301325029655991,0.0,0.0,0.3194,1.0,1.0,1018.4073770999998,1000.0,663.1123770999998,1000.0,0.8776481986463807,0.0
517,1705928460000.0,0.0,0.0,1686.0,0.5301325029655991,0.0,0.0,0.3213,1.0,1.0,1018.4073770999998,1000.0,666.3157770999997,1000.0,0.8776481986463807,0.0
518,1705932060000.0,0.0,0.0,1686.0,0.5301325029655991,0.0,0.0,0.3218,1.0,1.0,1018.4073770999998,1000.0,667.1587770999997,1000.0,0.8776481986463807,0.0
519,1705935660000.0,0.0,0.0,1686.0,0.5301325029655991,0.0,0.0,0.3173,1.0,1.0,1018.4073770999998,1000.0,659.5717770999997,1000.0,0.8776481986463807,0.0
520,1705939260000.0,0.0,0.0,1686.0,0.5301325029655991,0.0,0.0,0.317,1.0,1.0,1018.4073770999998,1000.0,659.0659770999998,1000.0,0.8776481986463807,0.0
521,1705942860000.0,0.0,0.0,1686.0,0.5301325029655991,0.0,0.0,0.3159,1.0,1.0,1018.4073770999998,1000.0,657.2113770999997,1000.0,0.8776481986463807,0.0
522,1705946460000.0,0.0,0.0,1686.0,0.5301325029655991,0.0,0.0,0.3169,1.0,1.0,1018.4073770999998,1000.0,658.8973770999999,1000.0,0.8776481986463807,0.0
523,1705950060000.0,0.0,0.0,1686.0,0.5301325029655991,0.0,0.0,0.3183,1.0,1.0,1018.4073770999998,1000.0,661.2577770999999,1000.0,0.8776481986463807,0.0
524,1705953660000.0,0.0,0.0,1686.0,0.5301325029655991,0.0,0.0,0.3129,1.0,1.0,1018.4073770999998,1000.0,652.1533770999997,1000.0,0.8776481986463807,0.0
525,1705957260000.0,0.0,0.0,1686.0,0.5301325029655991,0.0,0.0,0.3157,1.0,1.0,1018.4073770999998,1000.0,656.8741770999998,1000.0,0.8776481986463807,0.0
526,1705960860000.0,0.0,0.0,1686.0,0.5301325029655991,0.0,0.0,0.3143,1.0,1.0,1018.4073770999998,1000.0,654.5137770999997,1000.0,0.8776481986463807,0.0
527,1705964460000.0,0.0,0.0,1686.0,0.5301325029655991,0.0,0.0,0.3134,1.0,1.0,1018.4073770999998,1000.0,652.9963770999998,1000.0,0.8776481986463807,0.0
528,1705968060000.0,0.0,0.0,1686.0,0.5301325029655991,0.0,0.0,0.3131,1.0,1.0,1018.4073770999998,1000.0,652.4905770999997,1000.0,0.8776481986463807,0.0
529,1705971660000.0,0.0,0.0,1686.0,0.5301325029655991,0.0,0.0,0.3122,1.0,1.0,1018.4073770999998,1000.0,650.9731770999997,1000.0,0.8776481986463807,0.0
530,1705975260000.0,0.0,0.0,1686.0,0.5301325029655991,0.0,0.0,0.3109,1.0,1.0,1018.4073770999998,1000.0,648.7813770999998,1000.0,0.8776481986463807,0.0
531,1705978860000.0,0.0,0.0,1686.0,0.5301325029655991,0.0,0.0,0.3162,1.0,1.0,1018.4073770999998,1000.0,657.7171770999997,1000.0,0.8776481986463807,0.0
532,1705982460000.0,0.0,0.0,1686.0,0.5301325029655991,0.0,0.0,0.3177,1.0,1.0,1018.4073770999998,1000.0,660.2461770999997,1000.0,0.8776481986463807,0.0
533,1705986060000.0,0.0,0.0,1686.0,0.5301325029655991,0.0,0.0,0.318,1.0,1.0,1018.4073770999998,1000.0,660.7519770999997,1000.0,0.8776481986463807,0.0
534,1705989660000.0,0.0,0.0,1686.0,0.5301325029655991,0.0,0.0,0.3188,1.0,1.0,1018.4073770999998,1000.0,662.1007770999997,1000.0,0.8776481986463807,0.0
535,1705993260000.0,0.0,0.0,1686.0,0.5301325029655991,0.0,0.0,0.3242,1.0,1.0,1018.4073770999998,1000.0,671.2051770999997,1000.0,0.8776481986463807,0.0
536,1705996860000.0,0.0,0.0,1686.0,0.5301325029655991,0.0,0.0,0.3165,1.0,1.0,1018.4073770999998,1000.0,658.2229770999998,1000.0,0.8776481986463807,0.0
537,1706000460000.0,0.0,0.0,1686.0,0.5301325029655991,0.0,0.0,0.3088,1.0,1.0,1018.4073770999998,1000.0,645.2407770999998,1000.0,0.8776481986463807,0.0
538,1706004060000.0,0.0,0.0,1686.0,0.5301325029655991,0.0,0.0,0.3007,1.0,1.0,1018.4073770999998,1000.0,631.5841770999998,1000.0,0.8776481986463807,0.0
539,1706007660000.0,0.0,0.0,1686.0,0.5301325029655991,0.0,0.0,0.307,1.0,1.0,1018.4073770999998,1000.0,642.2059770999997,1000.0,0.8776481986463807,0.0
540,1706011260000.0,0.0,0.0,1686.0,0.5301325029655991,0.0,0.0,0.3038,1.0,1.0,1018.4073770999998,1000.0,636.8107770999998,1000.0,0.8776481986463807,0.0
541,1706014860000.0,0.0,0.0,1686.0,0.5301325029655991,0.0,0.0,0.3023,1.0,1.0,1018.4073770999998,1000.0,634.2817770999998,1000.0,0.8776481986463807,0.0
542,1706018460000.0,0.0,0.0,1686.0,0.5301325029655991,0.0,0.0,0.2972,1.0,1.0,1018.4073770999998,1000.0,625.6831770999997,1000.0,0.8776481986463807,0.0
543,1706022060000.0,0.0,0.0,1686.0,0.5301325029655991,0.0,0.0,0.3013,1.0,1.0,1018.4073770999998,1000.0,632.5957770999999,1000.0,0.8776481986463807,0.0
544,1706025660000.0,0.0,0.0,1686.0,0.5301325029655991,0.0,0.0,0.3034,1.0,1.0,1018.4073770999998,1000.0,636.1363770999998,1000.0,0.8776481986463807,0.0
545,1706029260000.0,0.0,0.0,1686.0,0.5301325029655991,0.0,0.0,0.3067,1.0,1.0,1018.4073770999998,1000.0,641.7001770999998,1000.0,0.8776481986463807,0.0
546,1706032860000.0,0.0,0.0,1686.0,0.5301325029655991,0.0,0.0,0.3057,1.0,1.0,1018.4073770999998,1000.0,640.0141770999999,1000.0,0.8776481986463807,0.0
547,1706036460000.0,0.0,0.0,1686.0,0.5301325029655991,0.0,0.0,0.3014,1.0,1.0,1018.4073770999998,1000.0,632.7643770999998,1000.0,0.8776481986463807,0.0
548,1706040060000.0,0.0,0.0,1686.0,0.5301325029655991,0.0,0.0,0.2994,1.0,1.0,1018.4073770999998,1000.0,629.3923770999997,1000.0,0.8776481986463807,0.0
549,1706043660000.0,0.0,0.0,1686.0,0.5301325029655991,0.0,0.0,0.3028,1.0,1.0,1018.4073770999998,1000.0,635.1247770999998,1000.0,0.8776481986463807,0.0
550,1706047260000.0,0.0,0.0,1686.0,0.5301325029655991,0.0,0.0,0.3018,1.0,1.0,1018.4073770999998,1000.0,633.4387770999997,1000.0,0.8776481986463807,0.0
551,1706050860000.0,0.0,0.0,1686.0,0.5301325029655991,0.0,0.0,0.3076,1.0,1.0,1018.4073770999998,1000.0,643.2175770999997,1000.0,0.8776481986463807,0.0
552,1706054460000.0,0.0,0.0,1686.0,0.5301325029655991,0.0,0.0,0.3088,1.0,1.0,1018.4073770999998,1000.0,645.2407770999998,1000.0,0.8776481986463807,0.0
553,1706058060000.0,0.0,0.0,1686.0,0.5301325029655991,0.0,0.0,0.3091,1.0,1.0,1018.4073770999998,1000.0,645.7465770999997,1000.0,0.8776481986463807,0.0
554,1706061660000.0,0.0,0.0,1686.0,0.5301325029655991,0.0,0.0,0.3059,1.0,1.0,1018.4073770999998,1000.0,640.3513770999998,1000.0,0.8776481986463807,0.0
555,1706065260000.0,0.0,0.0,1686.0,0.5301325029655991,0.0,0.0,0.3085,1.0,1.0,1018.4073770999998,1000.0,644.7349770999997,1000.0,0.8776481986463807,0.0
556,1706068860000.0,0.0,0.0,1686.0,0.5301325029655991,0.0,0.0,0.3062,1.0,1.0,1018.4073770999998,1000.0,640.8571770999998,1000.0,0.8776481986463807,0.0
557,1706072460000.0,0.0,0.0,1686.0,0.5301325029655991,0.0,0.0,0.3057,1.0,1.0,1018.4073770999998,1000.0,640.0141770999999,1000.0,0.8776481986463807,0.0
558,1706076060000.0,0.0,0.0,1686.0,0.5301325029655991,0.0,0.0,0.3063,1.0,1.0,1018.4073770999998,1000.0,641.0257770999998,1000.0,0.8776481986463807,0.0
559,1706079660000.0,0.0,0.0,1686.0,0.5301325029655991,0.0,0.0,0.3081,1.0,1.0,1018.4073770999998,1000.0,644.0605770999997,1000.0,0.8776481986463807,0.0
560,1706083260000.0,0.0,0.0,1686.0,0.5301325029655991,0.0,0.0,0.3094,1.0,1.0,1018.4073770999998,1000.0,646.2523770999998,1000.0,0.8776481986463807,0.0
561,1706086860000.0,0.0,0.0,1686.0,0.5301325029655991,0.0,0.0,0.3095,1.0,1.0,1018.4073770999998,1000.0,646.4209770999997,1000.0,0.8776481986463807,0.0
562,1706090460000.0,0.0,0.0,1686.0,0.5301325029655991,0.0,0.0,0.3101,1.0,1.0,1018.4073770999998,1000.0,647.4325770999997,1000.0,0.8776481986463807,0.0
563,1706094060000.0,0.0,0.0,1686.0,0.5301325029655991,0.0,0.0,0.3118,1.0,1.0,1018.4073770999998,1000.0,650.2987770999998,1000.0,0.8776481986463807,0.0
564,1706097660000.0,0.0,0.0,1686.0,0.5301325029655991,0.0,0.0,0.3121,1.0,1.0,1018.4073770999998,1000.0,650.8045770999997,1000.0,0.8776481986463807,0.0
565,1706101260000.0,0.0,0.0,1686.0,0.5301325029655991,0.0,0.0,0.3111,1.0,1.0,1018.4073770999998,1000.0,649.1185770999998,1000.0,0.8776481986463807,0.0
566,1706104860000.0,0.0,0.0,1686.0,0.5301325029655991,0.0,0.0,0.3105,1.0,1.0,1018.4073770999998,1000.0,648.1069770999998,1000.0,0.8776481986463807,0.0
567,1706108460000.0,0.0,0.0,1686.0,0.5301325029655991,0.0,0.0,0.311,1.0,1.0,1018.4073770999998,1000.0,648.9499770999997,1000.0,0.8776481986463807,0.0
568,1706112060000.0,0.0,0.0,1686.0,0.5301325029655991,0.0,0.0,0.3165,1.0,1.0,1018.4073770999998,1000.0,658.2229770999998,1000.0,0.8776481986463807,0.0
569,1706115660000.0,0.0,0.0,1686.0,0.5301325029655991,0.0,0.0,0.3178,1.0,1.0,1018.4073770999998,1000.0,660.4147770999998,1000.0,0.8776481986463807,0.0
570,1706119260000.0,0.0,0.0,1686.0,0.5301325029655991,0.0,0.0,0.3176,1.0,1.0,1018.4073770999998,1000.0,660.0775770999998,1000.0,0.8776481986463807,0.0
571,1706122860000.0,0.0,0.0,1686.0,0.5301325029655991,0.0,0.0,0.3142,1.0,1.0,1018.4073770999998,1000.0,654.3451770999998,1000.0,0.8776481986463807,0.0
572,1706126460000.0,0.0,0.0,1686.0,0.5301325029655991,0.0,0.0,0.3142,1.0,1.0,1018.4073770999998,1000.0,654.3451770999998,1000.0,0.8776481986463807,0.0
573,1706130060000.0,0.0,0.0,1686.0,0.5301325029655991,0.0,0.0,0.3129,1.0,1.0,1018.4073770999998,1000.0,652.1533770999997,1000.0,0.8776481986463807,0.0
574,1706133660000.0,0.0,0.0,1686.0,0.5301325029655991,0.0,0.0,0.315,1.0,1.0,1018.4073770999998,1000.0,655.6939770999998,1000.0,0.8776481986463807,0.0
575,1706137260000.0,0.0,0.0,1686.0,0.5301325029655991,0.0,0.0,0.3167,1.0,1.0,1018.4073770999998,1000.0,658.5601770999997,1000.0,0.8776481986463807,0.0
576,1706140860000.0,0.0,0.0,1686.0,0.5301325029655991,0.0,0.0,0.3189,1.0,1.0,1018.4073770999998,1000.0,662.2693770999997,1000.0,0.8776481986463807,0.0
577,1706144460000.0,0.0,0.0,1686.0,0.5301325029655991,0.0,0.0,0.3175,1.0,1.0,1018.4073770999998,1000.0,659.9089770999998,1000.0,0.8776481986463807,0.0
578,1706148060000.0,0.0,0.0,1686.0,0.5301325029655991,0.0,0.0,0.3151,1.0,1.0,1018.4073770999998,1000.0,655.8625770999997,1000.0,0.8776481986463807,0.0
579,1706151660000.0,0.0,0.0,1686.0,0.5301325029655991,0.0,0.0,0.314,1.0,1.0,1018.4073770999998,1000.0,654.0079770999998,1000.0,0.8776481986463807,0.0
580,1706155260000.0,0.0,0.0,1686.0,0.5301325029655991,0.0,0.0,0.3137,1.0,1.0,1018.4073770999998,1000.0,653.5021770999997,1000.0,0.8776481986463807,0.0
581,1706158860000.0,0.0,0.0,1686.0,0.5301325029655991,0.0,0.0,0.3113,1.0,1.0,1018.4073770999998,1000.0,649.4557770999998,1000.0,0.8776481986463807,0.0
582,1706162460000.0,0.0,0.0,1686.0,0.5301325029655991,0.0,0.0,0.3105,1.0,1.0,1018.4073770999998,1000.0,648.1069770999998,1000.0,0.8776481986463807,0.0
583,1706166060000.0,0.0,0.0,1686.0,0.5301325029655991,0.0,0.0,0.3119,1.0,1.0,1018.4073770999998,1000.0,650.4673770999998,1000.0,0.8776481986463807,0.0
584,1706169660000.0,0.0,0.0,1686.0,0.5301325029655991,0.0,0.0,0.3151,1.0,1.0,1018.4073770999998,1000.0,655.8625770999997,1000.0,0.8776481986463807,0.0
585,1706173260000.0,0.0,0.0,1686.0,0.5301325029655991,0.0,0.0,0.3147,1.0,1.0,1018.4073770999998,1000.0,655.1881770999997,1000.0,0.8776481986463807,0.0
586,1706176860000.0,0.0,0.0,1686.0,0.5301325029655991,0.0,0.0,0.3117,1.0,1.0,1018.4073770999998,1000.0,650.1301770999997,1000.0,0.8776481986463807,0.0
587,1706180460000.0,0.0,0.0,1686.0,0.5301325029655991,0.0,0.0,0.3135,1.0,1.0,1018.4073770999998,1000.0,653.1649770999998,1000.0,0.8776481986463807,0.0
588,1706184060000.0,0.0,0.0,1686.0,0.5301325029655991,0.0,0.0,0.3115,1.0,1.0,1018.4073770999998,1000.0,649.7929770999997,1000.0,0.8776481986463807,0.0
589,1706187660000.0,0.0,0.0,1686.0,0.5301325029655991,0.0,0.0,0.3084,1.0,1.0,1018.4073770999998,1000.0,644.5663770999997,1000.0,0.8776481986463807,0.0
590,1706191260000.0,0.0,0.0,1686.0,0.5301325029655991,0.0,0.0,0.3098,1.0,1.0,1018.4073770999998,1000.0,646.9267770999998,1000.0,0.8776481986463807,0.0
591,1706194860000.0,0.0,0.0,1686.0,0.5301325029655991,0.0,0.0,0.3107,1.0,1.0,1018.4073770999998,1000.0,648.4441770999997,1000.0,0.8776481986463807,0.0
592,1706198460000.0,0.0,0.0,1686.0,0.5301325029655991,0.0,0.0,0.3081,1.0,1.0,1018.4073770999998,1000.0,644.0605770999997,1000.0,0.8776481986463807,0.0
593,1706202060000.0,0.0,0.0,1686.0,0.5301325029655991,0.0,0.0,0.3053,1.0,1.0,1018.4073770999998,1000.0,639.3397770999998,1000.0,0.8776481986463807,0.0
594,1706205660000.0,0.0,0.0,1686.0,0.5301325029655991,0.0,0.0,0.3084,1.0,1.0,1018.4073770999998,1000.0,644.5663770999997,1000.0,0.8776481986463807,0.0
595,1706209260000.0,0.0,0.0,1686.0,0.5301325029655991,0.0,0.0,0.3097,1.0,1.0,1018.4073770999998,1000.0,646.7581770999998,1000.0,0.8776481986463807,0.0
596,1706212860000.0,0.0,0.0,1686.0,0.5301325029655991,0.0,0.0,0.3107,1.0,1.0,1018.4073770999998,1000.0,648.4441770999997,1000.0,0.8776481986463807,0.0
597,1706216460000.0,0.0,0.0,1686.0,0.5301325029655991,0.0,0.0,0.3111,1.0,1.0,1018.4073770999998,1000.0,649.1185770999998,1000.0,0.8776481986463807,0.0
598,1706220060000.0,0.0,0.0,1686.0,0.5301325029655991,0.0,0.0,0.3101,1.0,1.0,1018.4073770999998,1000.0,647.4325770999997,1000.0,0.8776481986463807,0.0
599,1706223660000.0,0.0,0.0,1686.0,0.5301325029655991,0.0,0.0,0.3104,1.0,1.0,1018.4073770999998,1000.0,647.9383770999998,1000.0,0.8776481986463807,0.0
600,1706227260000.0,0.0,0.0,1686.0,0.5301325029655991,0.0,0.0,0.3086,1.0,1.0,1018.4073770999998,1000.0,644.9035770999997,1000.0,0.8776481986463807,0.0
601,1706230860000.0,0.0,0.0,1686.0,0.5301325029655991,0.0,0.0,0.3065,1.0,1.0,1018.4073770999998,1000.0,641.3629770999997,1000.0,0.8776481986463807,0.0
602,1706234460000.0,0.0,0.0,1686.0,0.5301325029655991,0.0,0.0,0.3085,1.0,1.0,1018.4073770999998,1000.0,644.7349770999997,1000.0,0.8776481986463807,0.0
603,1706238060000.0,0.0,0.0,1686.0,0.5301325029655991,0.0,0.0,0.3104,1.0,1.0,1018.4073770999998,1000.0,647.9383770999998,1000.0,0.8776481986463807,0.0
604,1706241660000.0,0.0,0.0,1686.0,0.5301325029655991,0.0,0.0,0.3095,1.0,1.0,1018.4073770999998,1000.0,646.4209770999997,1000.0,0.8776481986463807,0.0
605,1706245260000.0,0.0,0.0,1686.0,0.5301325029655991,0.0,0.0,0.3107,1.0,1.0,1018.4073770999998,1000.0,648.4441770999997,1000.0,0.8776481986463807,0.0
606,1706248860000.0,0.0,0.0,1686.0,0.5301325029655991,0.0,0.0,0.3148,1.0,1.0,1018.4073770999998,1000.0,655.3567770999998,1000.0,0.8776481986463807,0.0
607,1706252460000.0,0.0,0.0,1686.0,0.5301325029655991,0.0,0.0,0.3097,1.0,1.0,1018.4073770999998,1000.0,646.7581770999998,1000.0,0.8776481986463807,0.0
608,1706256060000.0,0.0,0.0,1686.0,0.5301325029655991,0.0,0.0,0.3095,1.0,1.0,1018.4073770999998,1000.0,646.4209770999997,1000.0,0.8776481986463807,0.0
609,1706259660000.0,0.0,0.0,1686.0,0.5301325029655991,0.0,0.0,0.3116,1.0,1.0,1018.4073770999998,1000.0,649.9615770999997,1000.0,0.8776481986463807,0.0
610,1706263260000.0,0.0,0.0,1686.0,0.5301325029655991,0.0,0.0,0.3133,1.0,1.0,1018.4073770999998,1000.0,652.8277770999998,1000.0,0.8776481986463807,0.0
611,1706266860000.0,0.0,0.0,1686.0,0.5301325029655991,0.0,0.0,0.3168,1.0,1.0,1018.4073770999998,1000.0,658.7287770999998,1000.0,0.8776481986463807,0.0
612,1706270460000.0,0.0,0.0,1686.0,0.5301325029655991,0.0,0.0,0.3166,1.0,1.0,1018.4073770999998,1000.0,658.3915770999997,1000.0,0.8776481986463807,0.0
613,1706274060000.0,0.0,0.0,1686.0,0.5301325029655991,0.0,0.0,0.3157,1.0,1.0,1018.4073770999998,1000.0,656.8741770999998,1000.0,0.8776481986463807,0.0
614,1706277660000.0,0.0,0.0,1686.0,0.5301325029655991,0.0,0.0,0.3156,1.0,1.0,1018.4073770999998,1000.0,656.7055770999998,1000.0,0.8776481986463807,0.0
615,1706281260000.0,0.0,0.0,1686.0,0.5301325029655991,0.0,0.0,0.3176,1.0,1.0,1018.4073770999998,1000.0,660.0775770999998,1000.0,0.8776481986463807,0.0
616,1706284860000.0,0.0,0.0,1686.0,0.5301325029655991,0.0,0.0,0.3185,1.0,1.0,1018.4073770999998,1000.0,661.5949770999998,1000.0,0.8776481986463807,0.0
617,1706288460000.0,0.0,0.0,1686.0,0.5301325029655991,0.0,0.0,0.3185,1.0,1.0,1018.4073770999998,1000.0,661.5949770999998,1000.0,0.8776481986463807,0.0
618,1706292060000.0,0.0,0.0,1686.0,0.5301325029655991,0.0,0.0,0.319,1.0,1.0,1018.4073770999998,1000.0,662.4379770999998,1000.0,0.8776481986463807,0.0
619,1706295660000.0,0.0,0.0,1686.0,0.5301325029655991,0.0,0.0,0.3191,1.0,1.0,1018.4073770999998,1000.0,662.6065770999998,1000.0,0.8776481986463807,0.0
620,1706299260000.0,0.0,0.0,1686.0,0.5301325029655991,0.0,0.0,0.3188,1.0,1.0,1018.4073770999998,1000.0,662.1007770999997,1000.0,0.8776481986463807,0.0
621,1706302860000.0,0.0,0.0,1686.0,0.5301325029655991,0.0,0.0,0.3173,1.0,1.0,1018.4073770999998,1000.0,659.5717770999997,1000.0,0.8776481986463807,0.0
622,1706306460000.0,0.0,0.0,1686.0,0.5301325029655991,0.0,0.0,0.3182,1.0,1.0,1018.4073770999998,1000.0,661.0891770999997,1000.0,0.8776481986463807,0.0
623,1706310060000.0,0.0,0.0,1686.0,0.5301325029655991,0.0,0.0,0.3181,1.0,1.0,1018.4073770999998,1000.0,660.9205770999997,1000.0,0.8776481986463807,0.0
624,1706313660000.0,0.0,0.0,1686.0,0.5301325029655991,0.0,0.0,0.3186,1.0,1.0,1018.4073770999998,1000.0,661.7635770999998,1000.0,0.8776481986463807,0.0
625,1706317260000.0,0.0,0.0,1686.0,0.5301325029655991,0.0,0.0,0.3195,1.0,1.0,1018.4073770999998,1000.0,663.2809770999997,1000.0,0.8776481986463807,0.0
626,1706320860000.0,0.0,0.0,1686.0,0.5301325029655991,0.0,0.0,0.319,1.0,1.0,1018.4073770999998,1000.0,662.4379770999998,1000.0,0.8776481986463807,0.0
627,1706324460000.0,0.0,0.0,1686.0,0.5301325029655991,0.0,0.0,0.3209,1.0,1.0,1018.4073770999998,1000.0,665.6413770999998,1000.0,0.8776481986463807,0.0
628,1706328060000.0,0.0,0.0,1686.0,0.5301325029655991,0.0,0.0,0.3215,1.0,1.0,1018.4073770999998,1000.0,666.6529770999998,1000.0,0.8776481986463807,0.0
629,1706331660000.0,0.0,0.0,1686.0,0.5301325029655991,0.0,0.0,0.3211,1.0,1.0,1018.4073770999998,1000.0,665.9785770999997,1000.0,0.8776481986463807,0.0
630,1706335260000.0,0.0,0.0,1686.0,0.5301325029655991,0.0,0.0,0.3179,1.0,1.0,1018.4073770999998,1000.0,660.5833770999998,1000.0,0.8776481986463807,0.0
631,1706338860000.0,0.0,0.0,1686.0,0.5301325029655991,0.0,0.0,0.3178,1.0,1.0,1018.4073770999998,1000.0,660.4147770999998,1000.0,0.8776481986463807,0.0
632,1706342460000.0,0.0,0.0,1686.0,0.5301325029655991,0.0,0.0,0.3165,1.0,1.0,1018.4073770999998,1000.0,658.2229770999998,1000.0,0.8776481986463807,0.0
633,1706346060000.0,0.0,0.0,1686.0,0.5301325029655991,0.0,0.0,0.316,1.0,1.0,1018.4073770999998,1000.0,657.3799770999997,1000.0,0.8776481986463807,0.0
634,1706349660000.0,0.0,0.0,1686.0,0.5301325029655991,0.0,0.0,0.3204,1.0,1.0,1018.4073770999998,1000.0,664.7983770999998,1000.0,0.8776481986463807,0.0
635,1706353260000.0,0.0,0.0,1686.0,0.5301325029655991,0.0,0.0,0.3203,1.0,1.0,1018.4073770999998,1000.0,664.6297770999997,1000.0,0.8776481986463807,0.0
636,1706356860000.0,0.0,0.0,1686.0,0.5301325029655991,0.0,0.0,0.3203,1.0,1.0,1018.4073770999998,1000.0,664.6297770999997,1000.0,0.8776481986463807,0.0
637,1706360460000.0,0.0,0.0,1686.0,0.5301325029655991,0.0,0.0,0.32,1.0,1.0,1018.4073770999998,1000.0,664.1239770999998,1000.0,0.8776481986463807,0.0
638,1706364060000.0,0.0,0.0,1686.0,0.5301325029655991,0.0,0.0,0.321,1.0,1.0,1018.4073770999998,1000.0,665.8099770999997,1000.0,0.8776481986463807,0.0
639,1706367660000.0,0.0,0.0,1686.0,0.5301325029655991,0.0,0.0,0.3218,1.0,1.0,1018.4073770999998,1000.0,667.1587770999997,1000.0,0.8776481986463807,0.0
640,1706371260000.0,0.0,0.0,1686.0,0.5301325029655991,0.0,0.0,0.3229,1.0,1.0,1018.4073770999998,1000.0,669.0133770999998,1000.0,0.8776481986463807,0.0
641,1706374860000.0,0.0,0.0,1686.0,0.5301325029655991,0.0,0.0,0.3248,1.0,1.0,1018.4073770999998,1000.0,672.2167770999997,1000.0,0.8776481986463807,0.0
642,1706378460000.0,0.0,0.0,1686.0,0.5301325029655991,0.0,0.0,0.3238,1.0,1.0,1018.4073770999998,1000.0,670.5307770999998,1000.0,0.8776481986463807,0.0
643,1706382060000.0,0.0,0.0,1686.0,0.5301325029655991,0.0,0.0,0.3256,1.0,1.0,1018.4073770999998,1000.0,673.5655770999997,1000.0,0.8776481986463807,0.0
644,1706385660000.0,0.0,0.0,1686.0,0.5301325029655991,0.0,0.0,0.3247,1.0,1.0,1018.4073770999998,1000.0,672.0481770999997,1000.0,0.8776481986463807,0.0
645,1706389260000.0,0.0,0.0,1686.0,0.5301325029655991,0.0,0.0,0.3244,1.0,1.0,1018.4073770999998,1000.0,671.5423770999998,1000.0,0.8776481986463807,0.0
646,1706392860000.0,0.0,0.0,1686.0,0.5301325029655991,0.0,0.0,0.3243,1.0,1.0,1018.4073770999998,1000.0,671.3737770999996,1000.0,0.8776481986463807,0.0
647,1706396460000.0,0.0,0.0,1686.0,0.5301325029655991,0.0,0.0,0.3235,1.0,1.0,1018.4073770999998,1000.0,670.0249770999998,1000.0,0.8776481986463807,0.0
648,1706400060000.0,0.0,0.0,1686.0,0.5301325029655991,0.0,0.0,0.3236,1.0,1.0,1018.4073770999998,1000.0,670.1935770999997,1000.0,0.8776481986463807,0.0
649,1706403660000.0,0.0,0.0,1686.0,0.5301325029655991,0.0,0.0,0.3231,1.0,1.0,1018.4073770999998,1000.0,669.3505770999998,1000.0,0.8776481986463807,0.0
650,1706407260000.0,0.0,0.0,1686.0,0.5301325029655991,0.0,0.0,0.3238,1.0,1.0,1018.4073770999998,1000.0,670.5307770999998,1000.0,0.8776481986463807,0.0
651,1706410860000.0,0.0,0.0,1686.0,0.5301325029655991,0.0,0.0,0.3222,1.0,1.0,1018.4073770999998,1000.0,667.8331770999997,1000.0,0.8776481986463807,0.0
652,1706414460000.0,0.0,0.0,1686.0,0.5301325029655991,0.0,0.0,0.3235,1.0,1.0,1018.4073770999998,1000.0,670.0249770999998,1000.0,0.8776481986463807,0.0
653,1706418060000.0,0.0,0.0,1686.0,0.5301325029655991,0.0,0.0,0.324,1.0,1.0,1018.4073770999998,1000.0,670.8679770999997,1000.0,0.8776481986463807,0.0
654,1706421660000.0,0.0,0.0,1686.0,0.5301325029655991,0.0,0.0,0.3225,1.0,1.0,1018.4073770999998,1000.0,668.3389770999997,1000.0,0.8776481986463807,0.0
655,1706425260000.0,0.0,0.0,1686.0,0.5301325029655991,0.0,0.0,0.3198,1.0,1.0,1018.4073770999998,1000.0,663.7867770999997,1000.0,0.8776481986463807,0.0
656,1706428860000.0,0.0,0.0,1686.0,0.5301325029655991,0.0,0.0,0.3183,1.0,1.0,1018.4073770999998,1000.0,661.2577770999999,1000.0,0.8776481986463807,0.0
657,1706432460000.0,0.0,0.0,1686.0,0.5301325029655991,0.0,0.0,0.3199,1.0,1.0,1018.4073770999998,1000.0,663.9553770999999,1000.0,0.8776481986463807,0.0
658,1706436060000.0,0.0,0.0,1686.0,0.5301325029655991,0.0,0.0,0.3198,1.0,1.0,1018.4073770999998,1000.0,663.7867770999997,1000.0,0.8776481986463807,0.0
659,1706439660000.0,0.0,0.0,1686.0,0.5301325029655991,0.0,0.0,0.3209,1.0,1.0,1018.4073770999998,1000.0,665.6413770999998,1000.0,0.8776481986463807,0.0
660,1706443260000.0,0.0,0.0,1686.0,0.5301325029655991,0.0,0.0,0.319,1.0,1.0,1018.4073770999998,1000.0,662.4379770999998,1000.0,0.8776481986463807,0.0
661,1706446860000.0,0.0,0.0,1686.0,0.5301325029655991,0.0,0.0,0.3181,1.0,1.0,1018.4073770999998,1000.0,660.9205770999997,1000.0,0.8776481986463807,0.0
662,1706450460000.0,0.0,0.0,1686.0,0.5301325029655991,0.0,0.0,0.3198,1.0,1.0,1018.4073770999998,1000.0,663.7867770999997,1000.0,0.8776481986463807,0.0
663,1706454060000.0,0.0,0.0,1686.0,0.5301325029655991,0.0,0.0,0.3182,1.0,1.0,1018.4073770999998,1000.0,661.0891770999997,1000.0,0.8776481986463807,0.0
664,1706457660000.0,0.0,0.0,1686.0,0.5301325029655991,0.0,0.0,0.319,1.0,1.0,1018.4073770999998,1000.0,662.4379770999998,1000.0,0.8776481986463807,0.0
665,1706461260000.0,0.0,0.0,1686.0,0.5301325029655991,0.0,0.0,0.3201,1.0,1.0,1018.4073770999998,1000.0,664.2925770999998,1000.0,0.8776481986463807,0.0
666,1706464860000.0,0.0,0.0,1686.0,0.5301325029655991,0.0,0.0,0.3188,1.0,1.0,1018.4073770999998,1000.0,662.1007770999997,1000.0,0.8776481986463807,0.0
667,1706468460000.0,0.0,0.0,1686.0,0.5301325029655991,0.0,0.0,0.3156,1.0,1.0,1018.4073770999998,1000.0,656.7055770999998,1000.0,0.8776481986463807,0.0
668,1706472060000.0,0.0,0.0,1686.0,0.5301325029655991,0.0,0.0,0.3137,1.0,1.0,1018.4073770999998,1000.0,653.5021770999997,1000.0,0.8776481986463807,0.0
669,1706475660000.0,0.0,0.0,1686.0,0.5301325029655991,0.0,0.0,0.3166,1.0,1.0,1018.4073770999998,1000.0,658.3915770999997,1000.0,0.8776481986463807,0.0
670,1706479260000.0,0.0,0.0,1686.0,0.5301325029655991,0.0,0.0,0.3162,1.0,1.0,1018.4073770999998,1000.0,657.7171770999997,1000.0,0.8776481986463807,0.0
671,1706482860000.0,0.0,0.0,1686.0,0.5301325029655991,0.0,0.0,0.3139,1.0,1.0,1018.4073770999998,1000.0,653.8393770999998,1000.0,0.8776481986463807,0.0
672,1706486460000.0,0.0,0.0,1686.0,0.5301325029655991,0.0,0.0,0.3141,1.0,1.0,1018.4073770999998,1000.0,654.1765770999998,1000.0,0.8776481986463807,0.0
673,1706490060000.0,0.0,0.0,1686.0,0.5301325029655991,0.0,0.0,0.3153,1.0,1.0,1018.4073770999998,1000.0,656.1997770999998,1000.0,0.8776481986463807,0.0
674,1706493660000.0,0.0,0.0,1686.0,0.5301325029655991,0.0,0.0,0.3165,1.0,1.0,1018.4073770999998,1000.0,658.2229770999998,1000.0,0.8776481986463807,0.0
675,1706497260000.0,0.0,0.0,1686.0,0.5301325029655991,0.0,0.0,0.3175,1.0,1.0,1018.4073770999998,1000.0,659.9089770999998,1000.0,0.8776481986463807,0.0
676,1706500860000.0,0.0,0.0,1686.0,0.5301325029655991,0.0,0.0,0.318,1.0,1.0,1018.4073770999998,1000.0,660.7519770999997,1000.0,0.8776481986463807,0.0
677,1706504460000.0,0.0,0.0,1686.0,0.5301325029655991,0.0,0.0,0.3185,1.0,1.0,1018.4073770999998,1000.0,661.5949770999998,1000.0,0.8776481986463807,0.0
678,1706508060000.0,0.0,0.0,1686.0,0.5301325029655991,0.0,0.0,0.3173,1.0,1.0,1018.4073770999998,1000.0,659.5717770999997,1000.0,0.8776481986463807,0.0
679,1706511660000.0,0.0,0.0,1686.0,0.5301325029655991,0.0,0.0,0.3173,1.0,1.0,1018.4073770999998,1000.0,659.5717770999997,1000.0,0.8776481986463807,0.0
680,1706515260000.0,0.0,0.0,1686.0,0.5301325029655991,0.0,0.0,0.3138,1.0,1.0,1018.4073770999998,1000.0,653.6707770999998,1000.0,0.8776481986463807,0.0
681,1706518860000.0,0.0,0.0,1686.0,0.5301325029655991,0.0,0.0,0.3133,1.0,1.0,1018.4073770999998,1000.0,652.8277770999998,1000.0,0.8776481986463807,0.0
682,1706522460000.0,0.0,0.0,1686.0,0.5301325029655991,0.0,0.0,0.3154,1.0,1.0,1018.4073770999998,1000.0,656.3683770999999,1000.0,0.8776481986463807,0.0
683,1706526060000.0,0.0,0.0,1686.0,0.5301325029655991,0.0,0.0,0.3147,1.0,1.0,1018.4073770999998,1000.0,655.1881770999997,1000.0,0.8776481986463807,0.0
684,1706529660000.0,0.0,0.0,1686.0,0.5301325029655991,0.0,0.0,0.3145,1.0,1.0,1018.4073770999998,1000.0,654.8509770999997,1000.0,0.8776481986463807,0.0
685,1706533260000.0,0.0,0.0,1686.0,0.5301325029655991,0.0,0.0,0.314,1.0,1.0,1018.4073770999998,1000.0,654.0079770999998,1000.0,0.8776481986463807,0.0
686,1706536860000.0,0.0,0.0,1686.0,0.5301325029655991,0.0,0.0,0.311,1.0,1.0,1018.4073770999998,1000.0,648.9499770999997,1000.0,0.8776481986463807,0.0
687,1706540460000.0,0.0,0.0,1686.0,0.5301325029655991,0.0,0.0,0.311,1.0,1.0,1018.4073770999998,1000.0,648.9499770999997,1000.0,0.8776481986463807,0.0
688,1706544060000.0,0.0,0.0,1686.0,0.5301325029655991,0.0,0.0,0.3184,1.0,1.0,1018.4073770999998,1000.0,661.4263770999999,1000.0,0.8776481986463807,0.0
689,1706547660000.0,0.0,0.0,1686.0,0.5301325029655991,0.0,0.0,0.3201,1.0,1.0,1018.4073770999998,1000.0,664.2925770999998,1000.0,0.8776481986463807,0.0
690,1706551260000.0,0.0,0.0,1686.0,0.5301325029655991,0.0,0.0,0.3206,1.0,1.0,1018.4073770999998,1000.0,665.1355770999998,1000.0,0.8776481986463807,0.0
691,1706554860000.0,0.0,0.0,1686.0,0.5301325029655991,0.0,0.0,0.3207,1.0,1.0,1018.4073770999998,1000.0,665.3041770999997,1000.0,0.8776481986463807,0.0
692,1706558460000.0,0.0,0.0,1686.0,0.5301325029655991,0.0,0.0,0.3205,1.0,1.0,1018.4073770999998,1000.0,664.9669770999998,1000.0,0.8776481986463807,0.0
693,1706562060000.0,0.0,0.0,1686.0,0.5301325029655991,0.0,0.0,0.3204,1.0,1.0,1018.4073770999998,1000.0,664.7983770999998,1000.0,0.8776481986463807,0.0
694,1706565660000.0,0.0,0.0,1686.0,0.5301325029655991,0.0,0.0,0.3202,1.0,1.0,1018.4073770999998,1000.0,664.4611770999998,1000.0,0.8776481986463807,0.0
695,1706569260000.0,0.0,0.0,1686.0,0.5301325029655991,0.0,0.0,0.3213,1.0,1.0,1018.4073770999998,1000.0,666.3157770999997,1000.0,0.8776481986463807,0.0
696,1706572860000.0,0.0,0.0,1686.0,0.5301325029655991,0.0,0.0,0.32,1.0,1.0,1018.4073770999998,1000.0,664.1239770999998,1000.0,0.8776481986463807,0.0
697,1706576460000.0,0.0,0.0,1686.0,0.5301325029655991,0.0,0.0,0.3184,1.0,1.0,1018.4073770999998,1000.0,661.4263770999999,1000.0,0.8776481986463807,0.0
698,1706580060000.0,0.0,0.0,1686.0,0.5301325029655991,0.0,0.0,0.3203,1.0,1.0,1018.4073770999998,1000.0,664.6297770999997,1000.0,0.8776481986463807,0.0
699,1706583660000.0,0.0,0.0,1686.0,0.5301325029655991,0.0,0.0,0.3204,1.0,1.0,1018.4073770999998,1000.0,664.7983770999998,1000.0,0.8776481986463807,0.0
700,1706587260000.0,0.0,0.0,1686.0,0.5301325029655991,0.0,0.0,0.3195,1.0,1.0,1018.4073770999998,1000.0,663.2809770999997,1000.0,0.8776481986463807,0.0
701,1706590860000.0,0.0,0.0,1686.0,0.5301325029655991,0.0,0.0,0.3194,1.0,1.0,1018.4073770999998,1000.0,663.1123770999998,1000.0,0.8776481986463807,0.0
702,1706594460000.0,0.0,0.0,1686.0,0.5301325029655991,0.0,0.0,0.3191,1.0,1.0,1018.4073770999998,1000.0,662.6065770999998,1000.0,0.8776481986463807,0.0
703,1706598060000.0,0.0,0.0,1686.0,0.5301325029655991,0.0,0.0,0.3187,1.0,1.0,1018.4073770999998,1000.0,661.9321770999998,1000.0,0.8776481986463807,0.0
704,1706601660000.0,0.0,0.0,1686.0,0.5301325029655991,0.0,0.0,0.3202,1.0,1.0,1018.4073770999998,1000.0,664.4611770999998,1000.0,0.8776481986463807,0.0
705,1706605260000.0,0.0,0.0,1686.0,0.5301325029655991,0.0,0.0,0.3212,1.0,1.0,1018.4073770999998,1000.0,666.1471770999997,1000.0,0.8776481986463807,0.0
706,1706608860000.0,0.0,0.0,1686.0,0.5301325029655991,0.0,0.0,0.3218,1.0,1.0,1018.4073770999998,1000.0,667.1587770999997,1000.0,0.8776481986463807,0.0
707,1706612460000.0,0.0,0.0,1686.0,0.5301325029655991,0.0,0.0,0.3238,1.0,1.0,1018.4073770999998,1000.0,670.5307770999998,1000.0,0.8776481986463807,0.0
708,1706616060000.0,0.0,0.0,1686.0,0.5301325029655991,0.0,0.0,0.3248,1.0,1.0,1018.4073770999998,1000.0,672.2167770999997,1000.0,0.8776481986463807,0.0
709,1706619660000.0,0.0,0.0,1686.0,0.5301325029655991,0.0,0.0,0.32,1.0,1.0,1018.4073770999998,1000.0,664.1239770999998,1000.0,0.8776481986463807,0.0
710,1706623260000.0,0.0,0.0,1686.0,0.5301325029655991,0.0,0.0,0.3184,1.0,1.0,1018.4073770999998,1000.0,661.4263770999999,1000.0,0.8776481986463807,0.0
711,1706626860000.0,0.0,0.0,1686.0,0.5301325029655991,0.0,0.0,0.318,1.0,1.0,1018.4073770999998,1000.0,660.7519770999997,1000.0,0.8776481986463807,0.0
712,1706630460000.0,0.0,0.0,1686.0,0.5301325029655991,0.0,0.0,0.3218,1.0,1.0,1018.4073770999998,1000.0,667.1587770999997,1000.0,0.8776481986463807,0.0
713,1706634060000.0,0.0,0.0,1686.0,0.5301325029655991,0.0,0.0,0.3245,1.0,1.0,1018.4073770999998,1000.0,671.7109770999998,1000.0,0.8776481986463807,0.0
714,1706637660000.0,0.0,0.0,1686.0,0.5301325029655991,0.0,0.0,0.3234,1.0,1.0,1018.4073770999998,1000.0,669.8563770999998,1000.0,0.8776481986463807,0.0
715,1706641260000.0,0.0,0.0,1686.0,0.5301325029655991,0.0,0.0,0.3221,1.0,1.0,1018.4073770999998,1000.0,667.6645770999997,1000.0,0.8776481986463807,0.0
716,1706644860000.0,0.0,0.0,1686.0,0.5301325029655991,0.0,0.0,0.3217,1.0,1.0,1018.4073770999998,1000.0,666.9901770999998,1000.0,0.8776481986463807,0.0
717,1706648460000.0,0.0,0.0,1686.0,0.5301325029655991,0.0,0.0,0.3203,1.0,1.0,1018.4073770999998,1000.0,664.6297770999997,1000.0,0.8776481986463807,0.0
718,1706652060000.0,0.0,0.0,1686.0,0.5301325029655991,0.0,0.0,0.3196,1.0,1.0,1018.4073770999998,1000.0,663.4495770999997,1000.0,0.8776481986463807,0.0
719,1706655660000.0,0.0,0.0,1686.0,0.5301325029655991,0.0,0.0,0.3181,1.0,1.0,1018.4073770999998,1000.0,660.9205770999997,1000.0,0.8776481986463807,0.0
720,1706659260000.0,0.0,0.0,1686.0,0.5301325029655991,0.0,0.0,0.3151,1.0,1.0,1018.4073770999998,1000.0,655.8625770999997,1000.0,0.8776481986463807,0.0
721,1706662860000.0,0.0,0.0,1686.0,0.5301325029655991,0.0,0.0,0.3122,1.0,1.0,1018.4073770999998,1000.0,650.9731770999997,1000.0,0.8776481986463807,0.0
722,1706666460000.0,0.0,0.0,1686.0,0.5301325029655991,0.0,0.0,0.3127,1.0,1.0,1018.4073770999998,1000.0,651.8161770999998,1000.0,0.8776481986463807,0.0
723,1706670060000.0,0.0,0.0,1686.0,0.5301325029655991,0.0,0.0,0.3139,1.0,1.0,1018.4073770999998,1000.0,653.8393770999998,1000.0,0.8776481986463807,0.0
724,1706673660000.0,0.0,0.0,1686.0,0.5301325029655991,0.0,0.0,0.3121,1.0,1.0,1018.4073770999998,1000.0,650.8045770999997,1000.0,0.8776481986463807,0.0
725,1706677260000.0,0.0,0.0,1686.0,0.5301325029655991,0.0,0.0,0.3131,1.0,1.0,1018.4073770999998,1000.0,652.4905770999997,1000.0,0.8776481986463807,0.0
726,1706680860000.0,0.0,0.0,1686.0,0.5301325029655991,0.0,0.0,0.3125,1.0,1.0,1018.4073770999998,1000.0,651.4789770999998,1000.0,0.8776481986463807,0.0
727,1706684460000.0,0.0,0.0,1686.0,0.5301325029655991,0.0,0.0,0.3111,1.0,1.0,1018.4073770999998,1000.0,649.1185770999998,1000.0,0.8776481986463807,0.0
728,1706688060000.0,0.0,0.0,1686.0,0.5301325029655991,0.0,0.0,0.3119,1.0,1.0,1018.4073770999998,1000.0,650.4673770999998,1000.0,0.8776481986463807,0.0
729,1706691660000.0,0.0,0.0,1686.0,0.5301325029655991,0.0,0.0,0.3104,1.0,1.0,1018.4073770999998,1000.0,647.9383770999998,1000.0,0.8776481986463807,0.0
730,1706695260000.0,0.0,0.0,1686.0,0.5301325029655991,0.0,0.0,0.3059,1.0,1.0,1018.4073770999998,1000.0,640.3513770999998,1000.0,0.8776481986463807,0.0
731,1706698860000.0,0.0,0.0,1686.0,0.5301325029655991,0.0,0.0,0.3048,1.0,1.0,1018.4073770999998,1000.0,638.4967770999998,1000.0,0.8776481986463807,0.0
732,1706702460000.0,0.0,0.0,1686.0,0.5301325029655991,0.0,0.0,0.3066,1.0,1.0,1018.4073770999998,1000.0,641.5315770999997,1000.0,0.8776481986463807,0.0
733,1706706060000.0,0.0,0.0,1686.0,0.5301325029655991,0.0,0.0,0.3072,1.0,1.0,1018.4073770999998,1000.0,642.5431770999996,1000.0,0.8776481986463807,0.0
734,1706709660000.0,0.0,0.0,1686.0,0.5301325029655991,0.0,0.0,0.3063,1.0,1.0,1018.4073770999998,1000.0,641.0257770999998,1000.0,0.8776481986463807,0.0
735,1706713260000.0,0.0,0.0,1686.0,0.5301325029655991,0.0,0.0,0.3054,1.0,1.0,1018.4073770999998,1000.0,639.5083770999997,1000.0,0.8776481986463807,0.0
736,1706716860000.0,0.0,0.0,1686.0,0.5301325029655991,0.0,0.0,0.3076,1.0,1.0,1018.4073770999998,1000.0,643.2175770999997,1000.0,0.8776481986463807,0.0
737,1706720460000.0,0.0,0.0,1686.0,0.5301325029655991,0.0,0.0,0.3093,1.0,1.0,1018.4073770999998,1000.0,646.0837770999998,1000.0,0.8776481986463807,0.0
738,1706724060000.0,0.0,0.0,1686.0,0.5301325029655991,0.0,0.0,0.3084,1.0,1.0,1018.4073770999998,1000.0,644.5663770999997,1000.0,0.8776481986463807,0.0
739,1706727660000.0,0.0,0.0,1686.0,0.5301325029655991,0.0,0.0,0.3075,1.0,1.0,1018.4073770999998,1000.0,643.0489770999998,1000.0,0.8776481986463807,0.0
740,1706731260000.0,0.0,0.0,1686.0,0.5301325029655991,0.0,0.0,0.3078,1.0,1.0,1018.4073770999998,1000.0,643.5547770999998,1000.0,0.8776481986463807,0.0
741,1706734860000.0,0.0,0.0,1686.0,0.5301325029655991,0.0,0.0,0.3037,1.0,1.0,1018.4073770999998,1000.0,636.6421770999998,1000.0,0.8776481986463807,0.0
742,1706738460000.0,0.0,0.0,1686.0,0.5301325029655991,0.0,0.0,0.3016,1.0,1.0,1018.4073770999998,1000.0,633.1015770999998,1000.0,0.8776481986463807,0.0
743,1706742060000.0,0.0,0.0,1686.0,0.5301325029655991,0.0,0.0,0.3031,1.0,1.0,1018.4073770999998,1000.0,635.6305770999998,1000.0,0.8776481986463807,0.0
744,1706745660000.0,0.0,0.0,1686.0,0.5301325029655991,0.0,0.0,0.3033,1.0,1.0,1018.4073770999998,1000.0,635.9677770999998,1000.0,0.8776481986463807,0.0
745,1706749260000.0,0.0,0.0,1686.0,0.5301325029655991,0.0,0.0,0.3029,1.0,1.0,1018.4073770999998,1000.0,635.2933770999998,1000.0,0.8776481986463807,0.0
746,1706752860000.0,0.0,0.0,1686.0,0.5301325029655991,0.0,0.0,0.2975,1.0,1.0,1018.4073770999998,1000.0,626.1889770999998,1000.0,0.8776481986463807,0.0
747,1706756460000.0,0.0,0.0,1686.0,0.5301325029655991,0.0,0.0,0.3028,1.0,1.0,1018.4073770999998,1000.0,635.1247770999998,1000.0,0.8776481986463807,0.0
748,1706760060000.0,0.0,0.0,1686.0,0.5301325029655991,0.0,0.0,0.3063,1.0,1.0,1018.4073770999998,1000.0,641.0257770999998,1000.0,0.8776481986463807,0.0
749,1706763660000.0,0.0,0.0,1686.0,0.5301325029655991,0.0,0.0,0.311,1.0,1.0,1018.4073770999998,1000.0,648.9499770999997,1000.0,0.8776481986463807,0.0
750,1706767260000.0,0.0,0.0,1686.0,0.5301325029655991,0.0,0.0,0.3092,1.0,1.0,1018.4073770999998,1000.0,645.9151770999997,1000.0,0.8776481986463807,0.0
751,1706770860000.0,0.0,0.0,1686.0,0.5301325029655991,0.0,0.0,0.3099,1.0,1.0,1018.4073770999998,1000.0,647.0953770999997,1000.0,0.8776481986463807,0.0
752,1706774460000.0,0.0,0.0,1686.0,0.5301325029655991,0.0,0.0,0.306,1.0,1.0,1018.4073770999998,1000.0,640.5199770999998,1000.0,0.8776481986463807,0.0
753,1706778060000.0,0.0,0.0,1686.0,0.5301325029655991,0.0,0.0,0.3067,1.0,1.0,1018.4073770999998,1000.0,641.7001770999998,1000.0,0.8776481986463807,0.0
754,1706781660000.0,0.0,0.0,1686.0,0.5301325029655991,0.0,0.0,0.3055,1.0,1.0,1018.4073770999998,1000.0,639.6769770999997,1000.0,0.8776481986463807,0.0
755,1706785260000.0,0.0,0.0,1686.0,0.5301325029655991,0.0,0.0,0.3064,1.0,1.0,1018.4073770999998,1000.0,641.1943770999998,1000.0,0.8776481986463807,0.0
756,1706788860000.0,0.0,0.0,1686.0,0.5301325029655991,0.0,0.0,0.3055,1.0,1.0,1018.4073770999998,1000.0,639.6769770999997,1000.0,0.8776481986463807,0.0
757,1706792460000.0,0.0,0.0,1686.0,0.5301325029655991,0.0,0.0,0.3077,1.0,1.0,1018.4073770999998,1000.0,643.3861770999997,1000.0,0.8776481986463807,0.0
758,1706796060000.0,0.0,0.0,1686.0,0.5301325029655991,0.0,0.0,0.308,1.0,1.0,1018.4073770999998,1000.0,643.8919770999997,1000.0,0.8776481986463807,0.0
759,1706799660000.0,0.0,0.0,1686.0,0.5301325029655991,0.0,0.0,0.3081,1.0,1.0,1018.4073770999998,1000.0,644.0605770999997,1000.0,0.8776481986463807,0.0
760,1706803260000.0,0.0,0.0,1686.0,0.5301325029655991,0.0,0.0,0.3092,1.0,1.0,1018.4073770999998,1000.0,645.9151770999997,1000.0,0.8776481986463807,0.0
761,1706806860000.0,0.0,0.0,1686.0,0.5301325029655991,0.0,0.0,0.3128,1.0,1.0,1018.4073770999998,1000.0,651.9847770999997,1000.0,0.8776481986463807,0.0
762,1706810460000.0,0.0,0.0,1686.0,0.5301325029655991,0.0,0.0,0.3125,1.0,1.0,1018.4073770999998,1000.0,651.4789770999998,1000.0,0.8776481986463807,0.0
763,1706814060000.0,0.0,0.0,1686.0,0.5301325029655991,0.0,0.0,0.3126,1.0,1.0,1018.4073770999998,1000.0,651.6475770999998,1000.0,0.8776481986463807,0.0
764,1706817660000.0,0.0,0.0,1686.0,0.5301325029655991,0.0,0.0,0.3149,1.0,1.0,1018.4073770999998,1000.0,655.5253770999998,1000.0,0.8776481986463807,0.0
765,1706821260000.0,0.0,0.0,1686.0,0.5301325029655991,0.0,0.0,0.3132,1.0,1.0,1018.4073770999998,1000.0,652.6591770999997,1000.0,0.8776481986463807,0.0
766,1706824860000.0,0.0,0.0,1686.0,0.5301325029655991,0.0,0.0,0.3124,1.0,1.0,1018.4073770999998,1000.0,651.3103770999998,1000.0,0.8776481986463807,0.0
767,1706828460000.0,0.0,0.0,1686.0,0.5301325029655991,0.0,0.0,0.3112,1.0,1.0,1018.4073770999998,1000.0,649.2871770999998,1000.0,0.8776481986463807,0.0
768,1706832060000.0,0.0,0.0,1686.0,0.5301325029655991,0.0,0.0,0.3106,1.0,1.0,1018.4073770999998,1000.0,648.2755770999997,1000.0,0.8776481986463807,0.0
769,1706835660000.0,0.0,0.0,1686.0,0.5301325029655991,0.0,0.0,0.3106,1.0,1.0,1018.4073770999998,1000.0,648.2755770999997,1000.0,0.8776481986463807,0.0
770,1706839260000.0,0.0,0.0,1686.0,0.5301325029655991,0.0,0.0,0.3099,1.0,1.0,1018.4073770999998,1000.0,647.0953770999997,1000.0,0.8776481986463807,0.0
771,1706842860000.0,0.0,0.0,1686.0,0.5301325029655991,0.0,0.0,0.3107,1.0,1.0,1018.4073770999998,1000.0,648.4441770999997,1000.0,0.8776481986463807,0.0
772,1706846460000.0,0.0,0.0,1686.0,0.5301325029655991,0.0,0.0,0.3088,1.0,1.0,1018.4073770999998,1000.0,645.2407770999998,1000.0,0.8776481986463807,0.0
773,1706850060000.0,0.0,0.0,1686.0,0.5301325029655991,0.0,0.0,0.3071,1.0,1.0,1018.4073770999998,1000.0,642.3745770999997,1000.0,0.8776481986463807,0.0
774,1706853660000.0,0.0,0.0,1686.0,0.5301325029655991,0.0,0.0,0.308,1.0,1.0,1018.4073770999998,1000.0,643.8919770999997,1000.0,0.8776481986463807,0.0
775,1706857260000.0,0.0,0.0,1686.0,0.5301325029655991,0.0,0.0,0.3083,1.0,1.0,1018.4073770999998,1000.0,644.3977770999998,1000.0,0.8776481986463807,0.0
776,1706860860000.0,0.0,0.0,1686.0,0.5301325029655991,0.0,0.0,0.3086,1.0,1.0,1018.4073770999998,1000.0,644.9035770999997,1000.0,0.8776481986463807,0.0
777,1706864460000.0,0.0,0.0,1686.0,0.5301325029655991,0.0,0.0,0.3069,1.0,1.0,1018.4073770999998,1000.0,642.0373770999997,1000.0,0.8776481986463807,0.0
778,1706868060000.0,0.0,0.0,1686.0,0.5301325029655991,0.0,0.0,0.3066,1.0,1.0,1018.4073770999998,1000.0,641.5315770999997,1000.0,0.8776481986463807,0.0
779,1706871660000.0,0.0,0.0,1686.0,0.5301325029655991,0.0,0.0,0.3078,1.0,1.0,1018.4073770999998,1000.0,643.5547770999998,1000.0,0.8776481986463807,0.0
780,1706875260000.0,0.0,0.0,1686.0,0.5301325029655991,0.0,0.0,0.3075,1.0,1.0,1018.4073770999998,1000.0,643.0489770999998,1000.0,0.8776481986463807,0.0
781,1706878860000.0,0.0,0.0,1686.0,0.5301325029655991,0.0,0.0,0.3072,1.0,1.0,1018.4073770999998,1000.0,642.5431770999996,1000.0,0.8776481986463807,0.0
782,1706882460000.0,0.0,0.0,1686.0,0.5301325029655991,0.0,0.0,0.3038,1.0,1.0,1018.4073770999998,1000.0,636.8107770999998,1000.0,0.8776481986463807,0.0
783,1706886060000.0,0.0,0.0,1686.0,0.5301325029655991,0.0,0.0,0.3042,1.0,1.0,1018.4073770999998,1000.0,637.4851770999999,1000.0,0.8776481986463807,0.0
784,1706889660000.0,0.0,0.0,1686.0,0.5301325029655991,0.0,0.0,0.3065,1.0,1.0,1018.4073770999998,1000.0,641.3629770999997,1000.0,0.8776481986463807,0.0
785,1706893260000.0,0.0,0.0,1686.0,0.5301325029655991,0.0,0.0,0.3065,1.0,1.0,1018.4073770999998,1000.0,641.3629770999997,1000.0,0.8776481986463807,0.0
786,1706896860000.0,0.0,0.0,1686.0,0.5301325029655991,0.0,0.0,0.3047,1.0,1.0,1018.4073770999998,1000.0,638.3281770999997,1000.0,0.8776481986463807,0.0
787,1706900460000.0,0.0,0.0,1686.0,0.5301325029655991,0.0,0.0,0.3044,1.0,1.0,1018.4073770999998,1000.0,637.8223770999998,1000.0,0.8776481986463807,0.0
788,1706904060000.0,0.0,0.0,1686.0,0.5301325029655991,0.0,0.0,0.3048,1.0,1.0,1018.4073770999998,1000.0,638.4967770999998,1000.0,0.8776481986463807,0.0
789,1706907660000.0,0.0,0.0,1686.0,0.5301325029655991,0.0,0.0,0.3049,1.0,1.0,1018.4073770999998,1000.0,638.6653770999998,1000.0,0.8776481986463807,0.0
790,1706911260000.0,0.0,0.0,1686.0,0.5301325029655991,0.0,0.0,0.306,1.0,1.0,1018.4073770999998,1000.0,640.5199770999998,1000.0,0.8776481986463807,0.0
791,1706914860000.0,0.0,0.0,1686.0,0.5301325029655991,0.0,0.0,0.3075,1.0,1.0,1018.4073770999998,1000.0,643.0489770999998,1000.0,0.8776481986463807,0.0
792,1706918460000.0,0.0,0.0,1686.0,0.5301325029655991,0.0,0.0,0.3067,1.0,1.0,1018.4073770999998,1000.0,641.7001770999998,1000.0,0.8776481986463807,0.0
793,1706922060000.0,0.0,0.0,1686.0,0.5301325029655991,0.0,0.0,0.3087,1.0,1.0,1018.4073770999998,1000.0,645.0721770999996,1000.0,0.8776481986463807,0.0
794,1706925660000.0,0.0,0.0,1686.0,0.5301325029655991,0.0,0.0,0.309,1.0,1.0,1018.4073770999998,1000.0,645.5779770999998,1000.0,0.8776481986463807,0.0
795,1706929260000.0,0.0,0.0,1686.0,0.5301325029655991,0.0,0.0,0.3082,1.0,1.0,1018.4073770999998,1000.0,644.2291770999998,1000.0,0.8776481986463807,0.0
796,1706932860000.0,0.0,0.0,1686.0,0.5301325029655991,0.0,0.0,0.3073,1.0,1.0,1018.4073770999998,1000.0,642.7117770999998,1000.0,0.8776481986463807,0.0
797,1706936460000.0,0.0,0.0,1686.0,0.5301325029655991,0.0,0.0,0.3075,1.0,1.0,1018.4073770999998,1000.0,643.0489770999998,1000.0,0.8776481986463807,0.0
798,1706940060000.0,0.0,0.0,1686.0,0.5301325029655991,0.0,0.0,0.307,1.0,1.0,1018.4073770999998,1000.0,642.2059770999997,1000.0,0.8776481986463807,0.0
799,1706943660000.0,0.0,0.0,1686.0,0.5301325029655991,0.0,0.0,0.3069,1.0,1.0,1018.4073770999998,1000.0,642.0373770999997,1000.0,0.8776481986463807,0.0
800,1706947260000.0,0.0,0.0,1686.0,0.5301325029655991,0.0,0.0,0.3055,1.0,1.0,1018.4073770999998,1000.0,639.6769770999997,1000.0,0.8776481986463807,0.0
801,1706950860000.0,0.0,0.0,1686.0,0.5301325029655991,0.0,0.0,0.3036,1.0,1.0,1018.4073770999998,1000.0,636.4735770999997,1000.0,0.8776481986463807,0.0
802,1706954460000.0,0.0,0.0,1686.0,0.5301325029655991,0.0,0.0,0.3045,1.0,1.0,1018.4073770999998,1000.0,637.9909770999998,1000.0,0.8776481986463807,0.0
803,1706958060000.0,0.0,0.0,1686.0,0.5301325029655991,0.0,0.0,0.305,1.0,1.0,1018.4073770999998,1000.0,638.8339770999997,1000.0,0.8776481986463807,0.0
804,1706961660000.0,0.0,0.0,1686.0,0.5301325029655991,0.0,0.0,0.304,1.0,1.0,1018.4073770999998,1000.0,637.1479770999997,1000.0,0.8776481986463807,0.0
805,1706965260000.0,0.0,0.0,1686.0,0.5301325029655991,0.0,0.0,0.3039,1.0,1.0,1018.4073770999998,1000.0,636.9793770999997,1000.0,0.8776481986463807,0.0
806,1706968860000.0,0.0,0.0,1686.0,0.5301325029655991,0.0,0.0,0.3041,1.0,1.0,1018.4073770999998,1000.0,637.3165770999997,1000.0,0.8776481986463807,0.0
807,1706972460000.0,0.0,0.0,1686.0,0.5301325029655991,0.0,0.0,0.3043,1.0,1.0,1018.4073770999998,1000.0,637.6537770999998,1000.0,0.8776481986463807,0.0
808,1706976060000.0,0.0,0.0,1686.0,0.5301325029655991,0.0,0.0,0.3055,1.0,1.0,1018.4073770999998,1000.0,639.6769770999997,1000.0,0.8776481986463807,0.0
809,1706979660000.0,0.0,0.0,1686.0,0.5301325029655991,0.0,0.0,0.3054,1.0,1.0,1018.4073770999998,1000.0,639.5083770999997,1000.0,0.8776481986463807,0.0
810,1706983260000.0,0.0,0.0,1686.0,0.5301325029655991,0.0,0.0,0.3065,1.0,1.0,1018.4073770999998,1000.0,641.3629770999997,1000.0,0.8776481986463807,0.0
811,1706986860000.0,0.0,0.0,1686.0,0.5301325029655991,0.0,0.0,0.3062,1.0,1.0,1018.4073770999998,1000.0,640.8571770999998,1000.0,0.8776481986463807,0.0
812,1706990460000.0,0.0,0.0,1686.0,0.5301325029655991,0.0,0.0,0.307,1.0,1.0,1018.4073770999998,1000.0,642.2059770999997,1000.0,0.8776481986463807,0.0
813,1706994060000.0,0.0,0.0,1686.0,0.5301325029655991,0.0,0.0,0.3063,1.0,1.0,1018.4073770999998,1000.0,641.0257770999998,1000.0,0.8776481986463807,0.0
814,1706997660000.0,0.0,0.0,1686.0,0.5301325029655991,0.0,0.0,0.3056,1.0,1.0,1018.4073770999998,1000.0,639.8455770999997,1000.0,0.8776481986463807,0.0
815,1707001260000.0,0.0,0.0,1686.0,0.5301325029655991,0.0,0.0,0.3054,1.0,1.0,1018.4073770999998,1000.0,639.5083770999997,1000.0,0.8776481986463807,0.0
816,1707004860000.0,0.0,0.0,1686.0,0.5301325029655991,0.0,0.0,0.3044,1.0,1.0,1018.4073770999998,1000.0,637.8223770999998,1000.0,0.8776481986463807,0.0
817,1707008460000.0,0.0,0.0,1686.0,0.5301325029655991,0.0,0.0,0.3033,1.0,1.0,1018.4073770999998,1000.0,635.9677770999998,1000.0,0.8776481986463807,0.0
818,1707012060000.0,0.0,0.0,1686.0,0.5301325029655991,0.0,0.0,0.3036,1.0,1.0,1018.4073770999998,1000.0,636.4735770999997,1000.0,0.8776481986463807,0.0
819,1707015660000.0,0.0,0.0,1686.0,0.5301325029655991,0.0,0.0,0.3035,1.0,1.0,1018.4073770999998,1000.0,636.3049770999997,1000.0,0.8776481986463807,0.0
820,1707019260000.0,0.0,0.0,1686.0,0.5301325029655991,0.0,0.0,0.3034,1.0,1.0,1018.4073770999998,1000.0,636.1363770999998,1000.0,0.8776481986463807,0.0
821,1707022860000.0,0.0,0.0,1686.0,0.5301325029655991,0.0,0.0,0.3023,1.0,1.0,1018.4073770999998,1000.0,634.2817770999998,1000.0,0.8776481986463807,0.0
822,1707026460000.0,0.0,0.0,1686.0,0.5301325029655991,0.0,0.0,0.3018,1.0,1.0,1018.4073770999998,1000.0,633.4387770999997,1000.0,0.8776481986463807,0.0
823,1707030060000.0,0.0,0.0,1686.0,0.5301325029655991,0.0,0.0,0.3003,1.0,1.0,1018.4073770999998,1000.0,630.9097770999997,1000.0,0.8776481986463807,0.0
824,1707033660000.0,0.0,0.0,1686.0,0.5301325029655991,0.0,0.0,0.3003,1.0,1.0,1018.4073770999998,1000.0,630.9097770999997,1000.0,0.8776481986463807,0.0
825,1707037260000.0,0.0,0.0,1686.0,0.5301325029655991,0.0,0.0,0.3001,1.0,1.0,1018.4073770999998,1000.0,630.5725770999998,1000.0,0.8776481986463807,0.0
826,1707040860000.0,0.0,0.0,1686.0,0.5301325029655991,0.0,0.0,0.3015,1.0,1.0,1018.4073770999998,1000.0,632.9329770999998,1000.0,0.8776481986463807,0.0
827,1707044460000.0,0.0,0.0,1686.0,0.5301325029655991,0.0,0.0,0.302,1.0,1.0,1018.4073770999998,1000.0,633.7759770999997,1000.0,0.8776481986463807,0.0
828,1707048060000.0,0.0,0.0,1686.0,0.5301325029655991,0.0,0.0,0.3022,1.0,1.0,1018.4073770999998,1000.0,634.1131770999998,1000.0,0.8776481986463807,0.0
829,1707051660000.0,0.0,0.0,1686.0,0.5301325029655991,0.0,0.0,0.3019,1.0,1.0,1018.4073770999998,1000.0,633.6073770999998,1000.0,0.8776481986463807,0.0
830,1707055260000.0,0.0,0.0,1686.0,0.5301325029655991,0.0,0.0,0.3018,1.0,1.0,1018.4073770999998,1000.0,633.4387770999997,1000.0,0.8776481986463807,0.0
831,1707058860000.0,0.0,0.0,1686.0,0.5301325029655991,0.0,0.0,0.3008,1.0,1.0,1018.4073770999998,1000.0,631.7527770999998,1000.0,0.8776481986463807,0.0
832,1707062460000.0,0.0,0.0,1686.0,0.5301325029655991,0.0,0.0,0.3013,1.0,1.0,1018.4073770999998,1000.0,632.5957770999999,1000.0,0.8776481986463807,0.0
833,1707066060000.0,0.0,0.0,1686.0,0.5301325029655991,0.0,0.0,0.3018,1.0,1.0,1018.4073770999998,1000.0,633.4387770999997,1000.0,0.8776481986463807,0.0
834,1707069660000.0,0.0,0.0,1686.0,0.5301325029655991,0.0,0.0,0.3012,1.0,1.0,1018.4073770999998,1000.0,632.4271770999998,1000.0,0.8776481986463807,0.0
835,1707073260000.0,0.0,0.0,1686.0,0.5301325029655991,0.0,0.0,0.3007,1.0,1.0,1018.4073770999998,1000.0,631.5841770999998,1000.0,0.8776481986463807,0.0
836,1707076860000.0,0.0,0.0,1686.0,0.5301325029655991,0.0,0.0,0.2996,1.0,1.0,1018.4073770999998,1000.0,629.7295770999997,1000.0,0.8776481986463807,0.0
837,1707080460000.0,0.0,0.0,1686.0,0.5301325029655991,0.0,0.0,0.3014,1.0,1.0,1018.4073770999998,1000.0,632.7643770999998,1000.0,0.8776481986463807,0.0
838,1707084060000.0,0.0,0.0,1686.0,0.5301325029655991,0.0,0.0,0.3019,1.0,1.0,1018.4073770999998,1000.0,633.6073770999998,1000.0,0.8776481986463807,0.0
839,1707087660000.0,0.0,0.0,1686.0,0.5301325029655991,0.0,0.0,0.2986,1.0,1.0,1018.4073770999998,1000.0,628.0435770999998,1000.0,0.8776481986463807,0.0
840,1707091260000.0,0.0,0.0,1686.0,0.5301325029655991,0.0,0.0,0.2981,1.0,1.0,1018.4073770999998,1000.0,627.2005770999997,1000.0,0.8776481986463807,0.0
841,1707094860000.0,0.0,0.0,1686.0,0.5301325029655991,0.0,0.0,0.2966,1.0,1.0,1018.4073770999998,1000.0,624.6715770999997,1000.0,0.8776481986463807,0.0
842,1707098460000.0,0.0,0.0,1686.0,0.5301325029655991,0.0,0.0,0.2961,1.0,1.0,1018.4073770999998,1000.0,623.8285770999997,1000.0,0.8776481986463807,0.0
843,1707102060000.0,0.0,0.0,1686.0,0.5301325029655991,0.0,0.0,0.2978,1.0,1.0,1018.4073770999998,1000.0,626.6947770999998,1000.0,0.8776481986463807,0.0
844,1707105660000.0,0.0,0.0,1686.0,0.5301325029655991,0.0,0.0,0.2991,1.0,1.0,1018.4073770999998,1000.0,628.8865770999997,1000.0,0.8776481986463807,0.0
845,1707109260000.0,0.0,0.0,1686.0,0.5301325029655991,0.0,0.0,0.2998,1.0,1.0,1018.4073770999998,1000.0,630.0667770999999,1000.0,0.8776481986463807,0.0
846,1707112860000.0,0.0,0.0,1686.0,0.5301325029655991,0.0,0.0,0.2993,1.0,1.0,1018.4073770999998,1000.0,629.2237770999998,1000.0,0.8776481986463807,0.0
847,1707116460000.0,0.0,0.0,1686.0,0.5301325029655991,0.0,0.0,0.3003,1.0,1.0,1018.4073770999998,1000.0,630.9097770999997,1000.0,0.8776481986463807,0.0
848,1707120060000.0,0.0,0.0,1686.0,0.5301325029655991,0.0,0.0,0.301,1.0,1.0,1018.4073770999998,1000.0,632.0899770999997,1000.0,0.8776481986463807,0.0
849,1707123660000.0,0.0,0.0,1686.0,0.5301325029655991,0.0,0.0,0.3011,1.0,1.0,1018.4073770999998,1000.0,632.2585770999997,1000.0,0.8776481986463807,0.0
850,1707127260000.0,0.0,0.0,1686.0,0.5301325029655991,0.0,0.0,0.3023,1.0,1.0,1018.4073770999998,1000.0,634.2817770999998,1000.0,0.8776481986463807,0.0
851,1707130860000.0,0.0,0.0,1686.0,0.5301325029655991,0.0,0.0,0.3031,1.0,1.0,1018.4073770999998,1000.0,635.6305770999998,1000.0,0.8776481986463807,0.0
852,1707134460000.0,0.0,0.0,1686.0,0.5301325029655991,0.0,0.0,0.3025,1.0,1.0,1018.4073770999998,1000.0,634.6189770999997,1000.0,0.8776481986463807,0.0
853,1707138060000.0,0.0,0.0,1686.0,0.5301325029655991,0.0,0.0,0.3023,1.0,1.0,1018.4073770999998,1000.0,634.2817770999998,1000.0,0.8776481986463807,0.0
854,1707141660000.0,0.0,0.0,1686.0,0.5301325029655991,0.0,0.0,0.304,1.0,1.0,1018.4073770999998,1000.0,637.1479770999997,1000.0,0.8776481986463807,0.0
855,1707145260000.0,0.0,0.0,1686.0,0.5301325029655991,0.0,0.0,0.3019,1.0,1.0,1018.4073770999998,1000.0,633.6073770999998,1000.0,0.8776481986463807,0.0
856,1707148860000.0,0.0,0.0,1686.0,0.5301325029655991,0.0,0.0,0.2998,1.0,1.0,1018.4073770999998,1000.0,630.0667770999999,1000.0,0.8776481986463807,0.0
857,1707152460000.0,0.0,0.0,1686.0,0.5301325029655991,0.0,0.0,0.3,1.0,1.0,1018.4073770999998,1000.0,630.4039770999998,1000.0,0.8776481986463807,0.0
858,1707156060000.0,0.0,0.0,1686.0,0.5301325029655991,0.0,0.0,0.3011,1.0,1.0,1018.4073770999998,1000.0,632.2585770999997,1000.0,0.8776481986463807,0.0
859,1707159660000.0,0.0,0.0,1686.0,0.5301325029655991,0.0,0.0,0.3018,1.0,1.0,1018.4073770999998,1000.0,633.4387770999997,1000.0,0.8776481986463807,0.0
860,1707163260000.0,0.0,0.0,1686.0,0.5301325029655991,0.0,0.0,0.3018,1.0,1.0,1018.4073770999998,1000.0,633.4387770999997,1000.0,0.8776481986463807,0.0
861,1707166860000.0,0.0,0.0,1686.0,0.5301325029655991,0.0,0.0,0.301,1.0,1.0,1018.4073770999998,1000.0,632.0899770999997,1000.0,0.8776481986463807,0.0
862,1707170460000.0,0.0,0.0,1686.0,0.5301325029655991,0.0,0.0,0.2985,1.0,1.0,1018.4073770999998,1000.0,627.8749770999998,1000.0,0.8776481986463807,0.0
863,1707174060000.0,0.0,0.0,1686.0,0.5301325029655991,0.0,0.0,0.2988,1.0,1.0,1018.4073770999998,1000.0,628.3807770999997,1000.0,0.8776481986463807,0.0
864,1707177660000.0,0.0,0.0,1686.0,0.5301325029655991,0.0,0.0,0.3005,1.0,1.0,1018.4073770999998,1000.0,631.2469770999998,1000.0,0.8776481986463807,0.0
865,1707181260000.0,0.0,0.0,1686.0,0.5301325029655991,0.0,0.0,0.2987,1.0,1.0,1018.4073770999998,1000.0,628.2121770999997,1000.0,0.8776481986463807,0.0
866,1707184860000.0,0.0,0.0,1686.0,0.5301325029655991,0.0,0.0,0.2988,1.0,1.0,1018.4073770999998,1000.0,628.3807770999997,1000.0,0.8776481986463807,0.0
867,1707188460000.0,0.0,0.0,1686.0,0.5301325029655991,0.0,0.0,0.3022,1.0,1.0,1018.4073770999998,1000.0,634.1131770999998,1000.0,0.8776481986463807,0.0
868,1707192060000.0,0.0,0.0,1686.0,0.5301325029655991,0.0,0.0,0.301,1.0,1.0,1018.4073770999998,1000.0,632.0899770999997,1000.0,0.8776481986463807,0.0
869,1707195660000.0,0.0,0.0,1686.0,0.5301325029655991,0.0,0.0,0.3007,1.0,1.0,1018.4073770999998,1000.0,631.5841770999998,1000.0,0.8776481986463807,0.0
870,1707199260000.0,0.0,0.0,1686.0,0.5301325029655991,0.0,0.0,0.3006,1.0,1.0,1018.4073770999998,1000.0,631.4155770999997,1000.0,0.8776481986463807,0.0
871,1707202860000.0,0.0,0.0,1686.0,0.5301325029655991,0.0,0.0,0.3,1.0,1.0,1018.4073770999998,1000.0,630.4039770999998,1000.0,0.8776481986463807,0.0
872,1707206460000.0,0.0,0.0,1686.0,0.5301325029655991,0.0,0.0,0.3004,1.0,1.0,1018.4073770999998,1000.0,631.0783770999998,1000.0,0.8776481986463807,0.0
873,1707210060000.0,0.0,0.0,1686.0,0.5301325029655991,0.0,0.0,0.3017,1.0,1.0,1018.4073770999998,1000.0,633.2701770999997,1000.0,0.8776481986463807,0.0
874,1707213660000.0,0.0,0.0,1686.0,0.5301325029655991,0.0,0.0,0.3007,1.0,1.0,1018.4073770999998,1000.0,631.5841770999998,1000.0,0.8776481986463807,0.0
875,1707217260000.0,0.0,0.0,1686.0,0.5301325029655991,0.0,0.0,0.2983,1.0,1.0,1018.4073770999998,1000.0,627.5377770999997,1000.0,0.8776481986463807,0.0
876,1707220860000.0,0.0,0.0,1686.0,0.5301325029655991,0.0,0.0,0.2985,1.0,1.0,1018.4073770999998,1000.0,627.8749770999998,1000.0,0.8776481986463807,0.0
877,1707224460000.0,0.0,0.0,1686.0,0.5301325029655991,0.0,0.0,0.2976,1.0,1.0,1018.4073770999998,1000.0,626.3575770999997,1000.0,0.8776481986463807,0.0
878,1707228060000.0,0.0,0.0,1686.0,0.5301325029655991,0.0,0.0,0.2982,1.0,1.0,1018.4073770999998,1000.0,627.3691770999998,1000.0,0.8776481986463807,0.0
879,1707231660000.0,0.0,0.0,1686.0,0.5301325029655991,0.0,0.0,0.298,1.0,1.0,1018.4073770999998,1000.0,627.0319770999997,1000.0,0.8776481986463807,0.0
880,1707235260000.0,0.0,0.0,1686.0,0.5301325029655991,0.0,0.0,0.3001,1.0,1.0,1018.4073770999998,1000.0,630.5725770999998,1000.0,0.8776481986463807,0.0
881,1707238860000.0,0.0,0.0,1686.0,0.5301325029655991,0.0,0.0,0.2994,1.0,1.0,1018.4073770999998,1000.0,629.3923770999997,1000.0,0.8776481986463807,0.0
882,1707242460000.0,0.0,0.0,1686.0,0.5301325029655991,0.0,0.0,0.3006,1.0,1.0,1018.4073770999998,1000.0,631.4155770999997,1000.0,0.8776481986463807,0.0
883,1707246060000.0,0.0,0.0,1686.0,0.5301325029655991,0.0,0.0,0.3002,1.0,1.0,1018.4073770999998,1000.0,630.7411770999997,1000.0,0.8776481986463807,0.0
884,1707249660000.0,0.0,0.0,1686.0,0.5301325029655991,0.0,0.0,0.3004,1.0,1.0,1018.4073770999998,1000.0,631.0783770999998,1000.0,0.8776481986463807,0.0
885,1707253260000.0,0.0,0.0,1686.0,0.5301325029655991,0.0,0.0,0.3005,1.0,1.0,1018.4073770999998,1000.0,631.2469770999998,1000.0,0.8776481986463807,0.0
886,1707256860000.0,0.0,0.0,1686.0,0.5301325029655991,0.0,0.0,0.3001,1.0,1.0,1018.4073770999998,1000.0,630.5725770999998,1000.0,0.8776481986463807,0.0
887,1707260460000.0,0.0,0.0,1686.0,0.5301325029655991,0.0,0.0,0.3014,1.0,1.0,1018.4073770999998,1000.0,632.7643770999998,1000.0,0.8776481986463807,0.0
888,1707264060000.0,0.0,0.0,1686.0,0.5301325029655991,0.0,0.0,0.3003,1.0,1.0,1018.4073770999998,1000.0,630.9097770999997,1000.0,0.8776481986463807,0.0
889,1707267660000.0,0.0,0.0,1686.0,0.5301325029655991,0.0,0.0,0.2997,1.0,1.0,1018.4073770999998,1000.0,629.8981770999998,1000.0,0.8776481986463807,0.0
890,1707271260000.0,0.0,0.0,1686.0,0.5301325029655991,0.0,0.0,0.3006,1.0,1.0,1018.4073770999998,1000.0,631.4155770999997,1000.0,0.8776481986463807,0.0
891,1707274860000.0,0.0,0.0,1686.0,0.5301325029655991,0.0,0.0,0.3006,1.0,1.0,1018.4073770999998,1000.0,631.4155770999997,1000.0,0.8776481986463807,0.0
892,1707278460000.0,0.0,0.0,1686.0,0.5301325029655991,0.0,0.0,0.3,1.0,1.0,1018.4073770999998,1000.0,630.4039770999998,1000.0,0.8776481986463807,0.0
893,1707282060000.0,0.0,0.0,1686.0,0.5301325029655991,0.0,0.0,0.2991,1.0,1.0,1018.4073770999998,1000.0,628.8865770999997,1000.0,0.8776481986463807,0.0
894,1707285660000.0,0.0,0.0,1686.0,0.5301325029655991,0.0,0.0,0.2962,1.0,1.0,1018.4073770999998,1000.0,623.9971770999998,1000.0,0.8776481986463807,0.0
895,1707289260000.0,0.0,0.0,1686.0,0.5301325029655991,0.0,0.0,0.2933,1.0,1.0,1018.4073770999998,1000.0,619.1077770999998,1000.0,0.8776481986463807,0.0
896,1707292860000.0,0.0,0.0,1686.0,0.5301325029655991,0.0,0.0,0.2917,1.0,1.0,1018.4073770999998,1000.0,616.4101770999998,1000.0,0.8776481986463807,0.0
897,1707296460000.0,0.0,0.0,1686.0,0.5301325029655991,0.0,0.0,0.292,1.0,1.0,1018.4073770999998,1000.0,616.9159770999997,1000.0,0.8776481986463807,0.0
898,1707300060000.0,0.0,0.0,1686.0,0.5301325029655991,0.0,0.0,0.2926,1.0,1.0,1018.4073770999998,1000.0,617.9275770999998,1000.0,0.8776481986463807,0.0
899,1707303660000.0,0.0,0.0,1686.0,0.5301325029655991,0.0,0.0,0.2915,1.0,1.0,1018.4073770999998,1000.0,616.0729770999997,1000.0,0.8776481986463807,0.0
900,1707307260000.0,0.0,0.0,1686.0,0.5301325029655991,0.0,0.0,0.291,1.0,1.0,1018.4073770999998,1000.0,615.2299770999997,1000.0,0.8776481986463807,0.0
901,1707310860000.0,0.0,0.0,1686.0,0.5301325029655991,0.0,0.0,0.292,1.0,1.0,1018.4073770999998,1000.0,616.9159770999997,1000.0,0.8776481986463807,0.0
902,1707314460000.0,0.0,0.0,1686.0,0.5301325029655991,0.0,0.0,0.2935,1.0,1.0,1018.4073770999998,1000.0,619.4449770999997,1000.0,0.8776481986463807,0.0
903,1707318060000.0,0.0,0.0,1686.0,0.5301325029655991,0.0,0.0,0.2928,1.0,1.0,1018.4073770999998,1000.0,618.2647770999997,1000.0,0.8776481986463807,0.0
904,1707321660000.0,0.0,0.0,1686.0,0.5301325029655991,0.0,0.0,0.2944,1.0,1.0,1018.4073770999998,1000.0,620.9623770999997,1000.0,0.8776481986463807,0.0
905,1707325260000.0,0.0,0.0,1686.0,0.5301325029655991,0.0,0.0,0.2973,1.0,1.0,1018.4073770999998,1000.0,625.8517770999997,1000.0,0.8776481986463807,0.0
906,1707328860000.0,0.0,0.0,1686.0,0.5301325029655991,0.0,0.0,0.2975,1.0,1.0,1018.4073770999998,1000.0,626.1889770999998,1000.0,0.8776481986463807,0.0
907,1707332460000.0,0.0,0.0,1686.0,0.5301325029655991,0.0,0.0,0.2988,1.0,1.0,1018.4073770999998,1000.0,628.3807770999997,1000.0,0.8776481986463807,0.0
908,1707336060000.0,0.0,0.0,1686.0,0.5301325029655991,0.0,0.0,0.2981,1.0,1.0,1018.4073770999998,1000.0,627.2005770999997,1000.0,0.8776481986463807,0.0
909,1707339660000.0,0.0,0.0,1686.0,0.5301325029655991,0.0,0.0,0.3,1.0,1.0,1018.4073770999998,1000.0,630.4039770999998,1000.0,0.8776481986463807,0.0
910,1707343260000.0,0.0,0.0,1686.0,0.5301325029655991,0.0,0.0,0.301,1.0,1.0,1018.4073770999998,1000.0,632.0899770999997,1000.0,0.8776481986463807,0.0
911,1707346860000.0,0.0,0.0,1686.0,0.5301325029655991,0.0,0.0,0.3,1.0,1.0,1018.4073770999998,1000.0,630.4039770999998,1000.0,0.8776481986463807,0.0
912,1707350460000.0,0.0,0.0,1686.0,0.5301325029655991,0.0,0.0,0.2998,1.0,1.0,1018.4073770999998,1000.0,630.0667770999999,1000.0,0.8776481986463807,0.0
913,1707354060000.0,0.0,0.0,1686.0,0.5301325029655991,0.0,0.0,0.2998,1.0,1.0,1018.4073770999998,1000.0,630.0667770999999,1000.0,0.8776481986463807,0.0
914,1707357660000.0,0.0,0.0,1686.0,0.5301325029655991,0.0,0.0,0.2989,1.0,1.0,1018.4073770999998,1000.0,628.5493770999997,1000.0,0.8776481986463807,0.0
915,1707361260000.0,0.0,0.0,1686.0,0.5301325029655991,0.0,0.0,0.3002,1.0,1.0,1018.4073770999998,1000.0,630.7411770999997,1000.0,0.8776481986463807,0.0
916,1707364860000.0,0.0,0.0,1686.0,0.5301325029655991,0.0,0.0,0.2999,1.0,1.0,1018.4073770999998,1000.0,630.2353770999998,1000.0,0.8776481986463807,0.0
917,1707368460000.0,0.0,0.0,1686.0,0.5301325029655991,0.0,0.0,0.3002,1.0,1.0,1018.4073770999998,1000.0,630.7411770999997,1000.0,0.8776481986463807,0.0
918,1707372060000.0,0.0,0.0,1686.0,0.5301325029655991,0.0,0.0,0.3003,1.0,1.0,1018.4073770999998,1000.0,630.9097770999997,1000.0,0.8776481986463807,0.0
919,1707375660000.0,0.0,0.0,1686.0,0.5301325029655991,0.0,0.0,0.2994,1.0,1.0,1018.4073770999998,1000.0,629.3923770999997,1000.0,0.8776481986463807,0.0
920,1707379260000.0,0.0,0.0,1686.0,0.5301325029655991,0.0,0.0,0.2995,1.0,1.0,1018.4073770999998,1000.0,629.5609770999997,1000.0,0.8776481986463807,0.0
921,1707382860000.0,0.0,0.0,1686.0,0.5301325029655991,0.0,0.0,0.3001,1.0,1.0,1018.4073770999998,1000.0,630.5725770999998,1000.0,0.8776481986463807,0.0
922,1707386460000.0,0.0,0.0,1686.0,0.5301325029655991,0.0,0.0,0.3003,1.0,1.0,1018.4073770999998,1000.0,630.9097770999997,1000.0,0.8776481986463807,0.0
923,1707390060000.0,0.0,0.0,1686.0,0.5301325029655991,0.0,0.0,0.3002,1.0,1.0,1018.4073770999998,1000.0,630.7411770999997,1000.0,0.8776481986463807,0.0
924,1707393660000.0,0.0,0.0,1686.0,0.5301325029655991,0.0,0.0,0.3001,1.0,1.0,1018.4073770999998,1000.0,630.5725770999998,1000.0,0.8776481986463807,0.0
925,1707397260000.0,0.0,0.0,1686.0,0.5301325029655991,0.0,0.0,0.2999,1.0,1.0,1018.4073770999998,1000.0,630.2353770999998,1000.0,0.8776481986463807,0.0
926,1707400860000.0,0.0,0.0,1686.0,0.5301325029655991,0.0,0.0,0.2999,1.0,1.0,1018.4073770999998,1000.0,630.2353770999998,1000.0,0.8776481986463807,0.0
927,1707404460000.0,0.0,0.0,1686.0,0.5301325029655991,0.0,0.0,0.3021,1.0,1.0,1018.4073770999998,1000.0,633.9445770999997,1000.0,0.8776481986463807,0.0
928,1707408060000.0,0.0,0.0,1686.0,0.5301325029655991,0.0,0.0,0.3026,1.0,1.0,1018.4073770999998,1000.0,634.7875770999997,1000.0,0.8776481986463807,0.0
929,1707411660000.0,0.0,0.0,1686.0,0.5301325029655991,0.0,0.0,0.2997,1.0,1.0,1018.4073770999998,1000.0,629.8981770999998,1000.0,0.8776481986463807,0.0
930,1707415260000.0,0.0,0.0,1686.0,0.5301325029655991,0.0,0.0,0.2993,1.0,1.0,1018.4073770999998,1000.0,629.2237770999998,1000.0,0.8776481986463807,0.0
931,1707418860000.0,0.0,0.0,1686.0,0.5301325029655991,0.0,0.0,0.2998,1.0,1.0,1018.4073770999998,1000.0,630.0667770999999,1000.0,0.8776481986463807,0.0
932,1707422460000.0,0.0,0.0,1686.0,0.5301325029655991,0.0,0.0,0.2985,1.0,1.0,1018.4073770999998,1000.0,627.8749770999998,1000.0,0.8776481986463807,0.0
933,1707426060000.0,0.0,0.0,1686.0,0.5301325029655991,0.0,0.0,0.2987,1.0,1.0,1018.4073770999998,1000.0,628.2121770999997,1000.0,0.8776481986463807,0.0
934,1707429660000.0,0.0,0.0,1686.0,0.5301325029655991,0.0,0.0,0.2996,1.0,1.0,1018.4073770999998,1000.0,629.7295770999997,1000.0,0.8776481986463807,0.0
935,1707433260000.0,0.0,0.0,1686.0,0.5301325029655991,0.0,0.0,0.2995,1.0,1.0,1018.4073770999998,1000.0,629.5609770999997,1000.0,0.8776481986463807,0.0
936,1707436860000.0,0.0,0.0,1686.0,0.5301325029655991,0.0,0.0,0.3002,1.0,1.0,1018.4073770999998,1000.0,630.7411770999997,1000.0,0.8776481986463807,0.0
937,1707440460000.0,0.0,0.0,1686.0,0.5301325029655991,0.0,0.0,0.2999,1.0,1.0,1018.4073770999998,1000.0,630.2353770999998,1000.0,0.8776481986463807,0.0
938,1707444060000.0,0.0,0.0,1686.0,0.5301325029655991,0.0,0.0,0.301,1.0,1.0,1018.4073770999998,1000.0,632.0899770999997,1000.0,0.8776481986463807,0.0
939,1707447660000.0,0.0,0.0,1686.0,0.5301325029655991,0.0,0.0,0.3033,1.0,1.0,1018.4073770999998,1000.0,635.9677770999998,1000.0,0.8776481986463807,0.0
940,1707451260000.0,0.0,0.0,1686.0,0.5301325029655991,0.0,0.0,0.3033,1.0,1.0,1018.4073770999998,1000.0,635.9677770999998,1000.0,0.8776481986463807,0.0
941,1707454860000.0,0.0,0.0,1686.0,0.5301325029655991,0.0,0.0,0.3026,1.0,1.0,1018.4073770999998,1000.0,634.7875770999997,1000.0,0.8776481986463807,0.0
942,1707458460000.0,0.0,0.0,1686.0,0.5301325029655991,0.0,0.0,0.3042,1.0,1.0,1018.4073770999998,1000.0,637.4851770999999,1000.0,0.8776481986463807,0.0
943,1707462060000.0,0.0,0.0,1686.0,0.5301325029655991,0.0,0.0,0.3046,1.0,1.0,1018.4073770999998,1000.0,638.1595770999998,1000.0,0.8776481986463807,0.0
944,1707465660000.0,0.0,0.0,1686.0,0.5301325029655991,0.0,0.0,0.3044,1.0,1.0,1018.4073770999998,1000.0,637.8223770999998,1000.0,0.8776481986463807,0.0
945,1707469260000.0,0.0,0.0,1686.0,0.5301325029655991,0.0,0.0,0.3058,1.0,1.0,1018.4073770999998,1000.0,640.1827770999998,1000.0,0.8776481986463807,0.0
946,1707472860000.0,0.0,0.0,1686.0,0.5301325029655991,0.0,0.0,0.3055,1.0,1.0,1018.4073770999998,1000.0,639.6769770999997,1000.0,0.8776481986463807,0.0
947,1707476460000.0,0.0,0.0,1686.0,0.5301325029655991,0.0,0.0,0.3049,1.0,1.0,1018.4073770999998,1000.0,638.6653770999998,1000.0,0.8776481986463807,0.0
948,1707480060000.0,0.0,0.0,1686.0,0.5301325029655991,0.0,0.0,0.3063,1.0,1.0,1018.4073770999998,1000.0,641.0257770999998,1000.0,0.8776481986463807,0.0
949,1707483660000.0,0.0,0.0,1686.0,0.5301325029655991,0.0,0.0,0.3048,1.0,1.0,1018.4073770999998,1000.0,638.4967770999998,1000.0,0.8776481986463807,0.0
950,1707487260000.0,0.0,0.0,1686.0,0.5301325029655991,0.0,0.0,0.3062,1.0,1.0,1018.4073770999998,1000.0,640.8571770999998,1000.0,0.8776481986463807,0.0
951,1707490860000.0,0.0,0.0,1686.0,0.5301325029655991,0.0,0.0,0.304,1.0,1.0,1018.4073770999998,1000.0,637.1479770999997,1000.0,0.8776481986463807,0.0
952,1707494460000.0,0.0,0.0,1686.0,0.5301325029655991,0.0,0.0,0.3056,1.0,1.0,1018.4073770999998,1000.0,639.8455770999997,1000.0,0.8776481986463807,0.0
953,1707498060000.0,0.0,0.0,1686.0,0.5301325029655991,0.0,0.0,0.3043,1.0,1.0,1018.4073770999998,1000.0,637.6537770999998,1000.0,0.8776481986463807,0.0
954,1707501660000.0,0.0,0.0,1686.0,0.5301325029655991,0.0,0.0,0.3053,1.0,1.0,1018.4073770999998,1000.0,639.3397770999998,1000.0,0.8776481986463807,0.0
955,1707505260000.0,0.0,0.0,1686.0,0.5301325029655991,0.0,0.0,0.3052,1.0,1.0,1018.4073770999998,1000.0,639.1711770999998,1000.0,0.8776481986463807,0.0
956,1707508860000.0,0.0,0.0,1686.0,0.5301325029655991,0.0,0.0,0.3061,1.0,1.0,1018.4073770999998,1000.0,640.6885770999997,1000.0,0.8776481986463807,0.0
957,1707512460000.0,0.0,0.0,1686.0,0.5301325029655991,0.0,0.0,0.3061,1.0,1.0,1018.4073770999998,1000.0,640.6885770999997,1000.0,0.8776481986463807,0.0
958,1707516060000.0,0.0,0.0,1686.0,0.5301325029655991,0.0,0.0,0.3072,1.0,1.0,1018.4073770999998,1000.0,642.5431770999996,1000.0,0.8776481986463807,0.0
959,1707519660000.0,0.0,0.0,1686.0,0.5301325029655991,0.0,0.0,0.3072,1.0,1.0,1018.4073770999998,1000.0,642.5431770999996,1000.0,0.8776481986463807,0.0
960,1707523260000.0,0.0,0.0,1686.0,0.5301325029655991,0.0,0.0,0.3067,1.0,1.0,1018.4073770999998,1000.0,641.7001770999998,1000.0,0.8776481986463807,0.0
961,1707526860000.0,0.0,0.0,1686.0,0.5301325029655991,0.0,0.0,0.3058,1.0,1.0,1018.4073770999998,1000.0,640.1827770999998,1000.0,0.8776481986463807,0.0
962,1707530460000.0,0.0,0.0,1686.0,0.5301325029655991,0.0,0.0,0.3067,1.0,1.0,1018.4073770999998,1000.0,641.7001770999998,1000.0,0.8776481986463807,0.0
963,1707534060000.0,0.0,0.0,1686.0,0.5301325029655991,0.0,0.0,0.3076,1.0,1.0,1018.4073770999998,1000.0,643.2175770999997,1000.0,0.8776481986463807,0.0
964,1707537660000.0,0.0,0.0,1686.0,0.5301325029655991,0.0,0.0,0.3079,1.0,1.0,1018.4073770999998,1000.0,643.7233770999998,1000.0,0.8776481986463807,0.0
965,1707541260000.0,0.0,0.0,1686.0,0.5301325029655991,0.0,0.0,0.3079,1.0,1.0,1018.4073770999998,1000.0,643.7233770999998,1000.0,0.8776481986463807,0.0
966,1707544860000.0,0.0,0.0,1686.0,0.5301325029655991,0.0,0.0,0.3067,1.0,1.0,1018.4073770999998,1000.0,641.7001770999998,1000.0,0.8776481986463807,0.0
967,1707548460000.0,0.0,0.0,1686.0,0.5301325029655991,0.0,0.0,0.307,1.0,1.0,1018.4073770999998,1000.0,642.2059770999997,1000.0,0.8776481986463807,0.0
968,1707552060000.0,0.0,0.0,1686.0,0.5301325029655991,0.0,0.0,0.307,1.0,1.0,1018.4073770999998,1000.0,642.2059770999997,1000.0,0.8776481986463807,0.0
969,1707555660000.0,0.0,0.0,1686.0,0.5301325029655991,0.0,0.0,0.306,1.0,1.0,1018.4073770999998,1000.0,640.5199770999998,1000.0,0.8776481986463807,0.0
970,1707559260000.0,0.0,0.0,1686.0,0.5301325029655991,0.0,0.0,0.3042,1.0,1.0,1018.4073770999998,1000.0,637.4851770999999,1000.0,0.8776481986463807,0.0
971,1707562860000.0,0.0,0.0,1686.0,0.5301325029655991,0.0,0.0,0.3025,1.0,1.0,1018.4073770999998,1000.0,634.6189770999997,1000.0,0.8776481986463807,0.0
972,1707566460000.0,0.0,0.0,1686.0,0.5301325029655991,0.0,0.0,0.3032,1.0,1.0,1018.4073770999998,1000.0,635.7991770999997,1000.0,0.8776481986463807,0.0
973,1707570060000.0,0.0,0.0,1686.0,0.5301325029655991,0.0,0.0,0.3036,1.0,1.0,1018.4073770999998,1000.0,636.4735770999997,1000.0,0.8776481986463807,0.0
974,1707573660000.0,0.0,0.0,1686.0,0.5301325029655991,0.0,0.0,0.3046,1.0,1.0,1018.4073770999998,1000.0,638.1595770999998,1000.0,0.8776481986463807,0.0
975,1707577260000.0,0.0,0.0,1686.0,0.5301325029655991,0.0,0.0,0.306,1.0,1.0,1018.4073770999998,1000.0,640.5199770999998,1000.0,0.8776481986463807,0.0
976,1707580860000.0,0.0,0.0,1686.0,0.5301325029655991,0.0,0.0,0.3077,1.0,1.0,1018.4073770999998,1000.0,643.3861770999997,1000.0,0.8776481986463807,0.0
977,1707584460000.0,0.0,0.0,1686.0,0.5301325029655991,0.0,0.0,0.3081,1.0,1.0,1018.4073770999998,1000.0,644.0605770999997,1000.0,0.8776481986463807,0.0
978,1707588060000.0,0.0,0.0,1686.0,0.5301325029655991,0.0,0.0,0.3081,1.0,1.0,1018.4073770999998,1000.0,644.0605770999997,1000.0,0.8776481986463807,0.0
979,1707591660000.0,0.0,0.0,1686.0,0.5301325029655991,0.0,0.0,0.3072,1.0,1.0,1018.4073770999998,1000.0,642.5431770999996,1000.0,0.8776481986463807,0.0
980,1707595260000.0,0.0,0.0,1686.0,0.5301325029655991,0.0,0.0,0.3076,1.0,1.0,1018.4073770999998,1000.0,643.2175770999997,1000.0,0.8776481986463807,0.0
981,1707598860000.0,0.0,0.0,1686.0,0.5301325029655991,0.0,0.0,0.3088,1.0,1.0,1018.4073770999998,1000.0,645.2407770999998,1000.0,0.8776481986463807,0.0
982,1707602460000.0,0.0,0.0,1686.0,0.5301325029655991,0.0,0.0,0.3084,1.0,1.0,1018.4073770999998,1000.0,644.5663770999997,1000.0,0.8776481986463807,0.0
983,1707606060000.0,0.0,0.0,1686.0,0.5301325029655991,0.0,0.0,0.308,1.0,1.0,1018.4073770999998,1000.0,643.8919770999997,1000.0,0.8776481986463807,0.0
984,1707609660000.0,0.0,0.0,1686.0,0.5301325029655991,0.0,0.0,0.3077,1.0,1.0,1018.4073770999998,1000.0,643.3861770999997,1000.0,0.8776481986463807,0.0
985,1707613260000.0,0.0,0.0,1686.0,0.5301325029655991,0.0,0.0,0.3075,1.0,1.0,1018.4073770999998,1000.0,643.0489770999998,1000.0,0.8776481986463807,0.0
986,1707616860000.0,0.0,0.0,1686.0,0.5301325029655991,0.0,0.0,0.3085,1.0,1.0,1018.4073770999998,1000.0,644.7349770999997,1000.0,0.8776481986463807,0.0
987,1707620460000.0,0.0,0.0,1686.0,0.5301325029655991,0.0,0.0,0.3085,1.0,1.0,1018.4073770999998,1000.0,644.7349770999997,1000.0,0.8776481986463807,0.0
988,1707624060000.0,0.0,0.0,1686.0,0.5301325029655991,0.0,0.0,0.3096,1.0,1.0,1018.4073770999998,1000.0,646.5895770999998,1000.0,0.8776481986463807,0.0
989,1707627660000.0,0.0,0.0,1686.0,0.5301325029655991,0.0,0.0,0.3096,1.0,1.0,1018.4073770999998,1000.0,646.5895770999998,1000.0,0.8776481986463807,0.0
990,1707631260000.0,0.0,0.0,1686.0,0.5301325029655991,0.0,0.0,0.3098,1.0,1.0,1018.4073770999998,1000.0,646.9267770999998,1000.0,0.8776481986463807,0.0
991,1707634860000.0,0.0,0.0,1686.0,0.5301325029655991,0.0,0.0,0.3108,1.0,1.0,1018.4073770999998,1000.0,648.6127770999998,1000.0,0.8776481986463807,0.0
992,1707638460000.0,0.0,0.0,1686.0,0.5301325029655991,0.0,0.0,0.3123,1.0,1.0,1018.4073770999998,1000.0,651.1417770999998,1000.0,0.8776481986463807,0.0
993,1707642060000.0,0.0,0.0,1686.0,0.5301325029655991,0.0,0.0,0.3123,1.0,1.0,1018.4073770999998,1000.0,651.1417770999998,1000.0,0.8776481986463807,0.0
994,1707645660000.0,0.0,0.0,1686.0,0.5301325029655991,0.0,0.0,0.3129,1.0,1.0,1018.4073770999998,1000.0,652.1533770999997,1000.0,0.8776481986463807,0.0
995,1707649260000.0,0.0,0.0,1686.0,0.5301325029655991,0.0,0.0,0.3122,1.0,1.0,1018.4073770999998,1000.0,650.9731770999997,1000.0,0.8776481986463807,0.0
996,1707652860000.0,0.0,0.0,1686.0,0.5301325029655991,0.0,0.0,0.3183,1.0,1.0,1018.4073770999998,1000.0,661.2577770999999,1000.0,0.8776481986463807,0.0
997,1707656460000.0,0.0,0.0,1686.0,0.5301325029655991,0.0,0.0,0.3576,1.0,1.0,1018.4073770999998,1000.0,727.5175770999997,1000.0,0.8776481986463807,0.0
998,1707660060000.0,0.0,0.0,1686.0,0.5301325029655991,0.0,0.0,0.3982,1.0,1.0,1018.4073770999998,1000.0,795.9691770999998,1000.0,0.8776481986463807,0.0
999,1707663660000.0,0.0,0.0,1686.0,0.5301325029655991,0.0,0.0,0.3932,1.0,1.0,1018.4073770999998,1000.0,787.5391770999997,1000.0,0.8776481986463807,0.0
1000,1707667260000.0,0.0,0.0,1686.0,0.5301325029655991,0.0,0.0,0.3642,1.0,1.0,1018.4073770999998,1000.0,738.6451770999997,1000.0,0.8776481986463807,0.0
1001,1707670860000.0,0.0,0.0,1686.0,0.5301325029655991,0.0,0.0,0.3657,1.0,1.0,1018.4073770999998,1000.0,741.1741770999997,1000.0,0.8776481986463807,0.0
1002,1707674460000.0,0.0,0.0,1686.0,0.5301325029655991,0.0,0.0,0.3598,1.0,1.0,1018.4073770999998,1000.0,731.2267770999997,1000.0,0.8776481986463807,0.0
1003,1707678060000.0,0.0,0.0,1686.0,0.5301325029655991,0.0,0.0,0.3699,1.0,1.0,1018.4073770999998,1000.0,748.2553770999998,1000.0,0.8776481986463807,0.0
1004,1707681660000.0,0.0,0.0,1686.0,0.5301325029655991,0.0,0.0,0.3703,1.0,1.0,1018.4073770999998,1000.0,748.9297770999998,1000.0,0.8776481986463807,0.0
1005,1707685260000.0,0.0,0.0,1686.0,0.5301325029655991,0.0,0.0,0.3749,1.0,1.0,1018.4073770999998,1000.0,756.6853770999998,1000.0,0.8776481986463807,0.0
1006,1707688860000.0,0.0,0.0,1686.0,0.5301325029655991,0.0,0.0,0.3791,1.0,1.0,1018.4073770999998,1000.0,763.7665770999997,1000.0,0.8776481986463807,0.0
1007,1707692460000.0,0.0,0.0,1686.0,0.5301325029655991,0.0,0.0,0.3832,1.0,1.0,1018.4073770999998,1000.0,770.6791770999997,1000.0,0.8776481986463807,0.0
1008,1707696060000.0,0.0,0.0,1686.0,0.5301325029655991,0.0,0.0,0.3943,1.0,1.0,1018.4073770999998,1000.0,789.3937770999997,1000.0,0.8776481986463807,0.0
1009,1707699660000.0,0.0,0.0,1686.0,0.5301325029655991,0.0,0.0,0.3915,1.0,1.0,1018.4073770999998,1000.0,784.6729770999998,1000.0,0.8776481986463807,0.0
1010,1707703260000.0,0.0,0.0,1686.0,0.5301325029655991,0.0,0.0,0.3778,1.0,1.0,1018.4073770999998,1000.0,761.5747770999998,1000.0,0.8776481986463807,0.0
1011,1707706860000.0,0.0,0.0,1686.0,0.5301325029655991,0.0,0.0,0.4131,1.0,1.0,1018.4073770999998,1000.0,821.0905770999998,1000.0,0.8776481986463807,0.0
1012,1707710460000.0,0.0,0.0,1686.0,0.5301325029655991,0.0,0.0,0.4074,1.0,1.0,1018.4073770999998,1000.0,811.4803770999997,1000.0,0.8776481986463807,0.0
1013,1707714060000.0,0.0,0.0,1686.0,0.5301325029655991,0.0,0.0,0.4043,1.0,1.0,1018.4073770999998,1000.0,806.2537770999998,1000.0,0.8776481986463807,0.0
1014,1707717660000.0,0.0,0.0,1686.0,0.5301325029655991,0.0,0.0,0.4073,1.0,1.0,1018.4073770999998,1000.0,811.3117770999997,1000.0,0.8776481986463807,0.0
1015,1707721260000.0,0.0,0.0,1686.0,0.5301325029655991,0.0,0.0,0.3958,1.0,1.0,1018.4073770999998,1000.0,791.9227770999997,1000.0,0.8776481986463807,0.0
1016,1707724860000.0,0.0,0.0,1686.0,0.5301325029655991,0.0,0.0,0.3973,1.0,1.0,1018.4073770999998,1000.0,794.4517770999997,1000.0,0.8776481986463807,0.0
1017,1707728460000.0,0.0,0.0,1686.0,0.5301325029655991,0.0,0.0,0.3969,1.0,1.0,1018.4073770999998,1000.0,793.7773770999997,1000.0,0.8776481986463807,0.0
1018,1707732060000.0,0.0,0.0,1686.0,0.5301325029655991,0.0,0.0,0.3978,1.0,1.0,1018.4073770999998,1000.0,795.2947770999997,1000.0,0.8776481986463807,0.0
1019,1707735660000.0,0.0,0.0,1686.0,0.5301325029655991,0.0,0.0,0.3931,1.0,1.0,1018.4073770999998,1000.0,787.3705770999998,1000.0,0.8776481986463807,0.0
1020,1707739260000.0,0.0,0.0,1686.0,0.5301325029655991,0.0,0.0,0.3916,1.0,1.0,1018.4073770999998,1000.0,784.8415770999998,1000.0,0.8776481986463807,0.0
1021,1707742860000.0,0.0,0.0,1686.0,0.5301325029655991,0.0,0.0,0.3891,1.0,1.0,1018.4073770999998,1000.0,780.6265770999997,1000.0,0.8776481986463807,0.0
1022,1707746460000.0,0.0,0.0,1686.0,0.5301325029655991,0.0,0.0,0.3844,1.0,1.0,1018.4073770999998,1000.0,772.7023770999998,1000.0,0.8776481986463807,0.0
1023,1707750060000.0,0.0,0.0,1686.0,0.5301325029655991,0.0,0.0,0.3889,1.0,1.0,1018.4073770999998,1000.0,780.2893770999998,1000.0,0.8776481986463807,0.0
1024,1707753660000.0,0.0,0.0,1686.0,0.5301325029655991,0.0,0.0,0.3948,1.0,1.0,1018.4073770999998,1000.0,790.2367770999997,1000.0,0.8776481986463807,0.0
1025,1707757260000.0,0.0,0.0,1686.0,0.5301325029655991,0.0,0.0,0.4015,1.0,1.0,1018.4073770999998,1000.0,801.5329770999998,1000.0,0.8776481986463807,0.0
1026,1707760860000.0,0.0,0.0,1686.0,0.5301325029655991,0.0,0.0,0.3997,1.0,1.0,1018.4073770999998,1000.0,798.4981770999998,1000.0,0.8776481986463807,0.0
1027,1707764460000.0,0.0,0.0,1686.0,0.5301325029655991,0.0,0.0,0.3938,1.0,1.0,1018.4073770999998,1000.0,788.5507770999998,1000.0,0.8776481986463807,0.0
1028,1707768060000.0,0.0,0.0,1686.0,0.5301325029655991,0.0,0.0,0.3872,1.0,1.0,1018.4073770999998,1000.0,777.4231770999997,1000.0,0.8776481986463807,0.0
1029,1707771660000.0,0.0,0.0,1686.0,0.5301325029655991,0.0,0.0,0.3905,1.0,1.0,1018.4073770999998,1000.0,782.9869770999998,1000.0,0.8776481986463807,0.0
1030,1707775260000.0,0.0,0.0,1686.0,0.5301325029655991,0.0,0.0,0.3904,1.0,1.0,1018.4073770999998,1000.0,782.8183770999998,1000.0,0.8776481986463807,0.0
1031,1707778860000.0,0.0,0.0,1686.0,0.5301325029655991,0.0,0.0,0.3945,1.0,1.0,1018.4073770999998,1000.0,789.7309770999998,1000.0,0.8776481986463807,0.0
1032,1707782460000.0,0.0,0.0,1686.0,0.5301325029655991,0.0,0.0,0.4006,1.0,1.0,1018.4073770999998,1000.0,800.0155770999997,1000.0,0.8776481986463807,0.0
1033,1707786060000.0,0.0,0.0,1686.0,0.5301325029655991,0.0,0.0,0.3886,1.0,1.0,1018.4073770999998,1000.0,779.7835770999998,1000.0,0.8776481986463807,0.0
1034,1707789660000.0,0.0,0.0,1686.0,0.5301325029655991,0.0,0.0,0.3843,1.0,1.0,1018.4073770999998,1000.0,772.5337770999997,1000.0,0.8776481986463807,0.0
1035,1707793260000.0,0.0,0.0,1686.0,0.5301325029655991,0.0,0.0,0.377,1.0,1.0,1018.4073770999998,1000.0,760.2259770999997,1000.0,0.8776481986463807,0.0
1036,1707796860000.0,0.0,0.0,1686.0,0.5301325029655991,0.0,0.0,0.3755,1.0,1.0,1018.4073770999998,1000.0,757.6969770999997,1000.0,0.8776481986463807,0.0
1037,1707800460000.0,0.0,0.0,1686.0,0.5301325029655991,0.0,0.0,0.3785,1.0,1.0,1018.4073770999998,1000.0,762.7549770999998,1000.0,0.8776481986463807,0.0
1038,1707804060000.0,0.0,0.0,1686.0,0.5301325029655991,0.0,0.0,0.3746,1.0,1.0,1018.4073770999998,1000.0,756.1795770999997,1000.0,0.8776481986463807,0.0
1039,1707807660000.0,0.0,0.0,1686.0,0.5301325029655991,0.0,0.0,0.3808,1.0,1.0,1018.4073770999998,1000.0,766.6327770999998,1000.0,0.8776481986463807,0.0
1040,1707811260000.0,0.0,0.0,1686.0,0.5301325029655991,0.0,0.0,0.3777,1.0,1.0,1018.4073770999998,1000.0,761.4061770999997,1000.0,0.8776481986463807,0.0
1041,1707814860000.0,0.0,0.0,1686.0,0.5301325029655991,0.0,0.0,0.3763,1.0,1.0,1018.4073770999998,1000.0,759.0457770999998,1000.0,0.8776481986463807,0.0
1042,1707818460000.0,0.0,0.0,1686.0,0.5301325029655991,0.0,0.0,0.3738,1.0,1.0,1018.4073770999998,1000.0,754.8307770999998,1000.0,0.8776481986463807,0.0
1043,1707822060000.0,0.0,0.0,1686.0,0.5301325029655991,0.0,0.0,0.3724,1.0,1.0,1018.4073770999998,1000.0,752.4703770999997,1000.0,0.8776481986463807,0.0
1044,1707825660000.0,0.0,0.0,1686.0,0.5301325029655991,0.0,0.0,0.3683,1.0,1.0,1018.4073770999998,1000.0,745.5577770999998,1000.0,0.8776481986463807,0.0
1045,1707829260000.0,0.0,0.0,1686.0,0.5301325029655991,0.0,0.0,0.3703,1.0,1.0,1018.4073770999998,1000.0,748.9297770999998,1000.0,0.8776481986463807,0.0
1046,1707832860000.0,0.0,0.0,1686.0,0.5301325029655991,0.0,0.0,0.362,1.0,1.0,1018.4073770999998,1000.0,734.9359770999997,1000.0,0.8776481986463807,0.0
1047,1707836460000.0,0.0,0.0,1686.0,0.5301325029655991,0.0,0.0,0.3624,1.0,1.0,1018.4073770999998,1000.0,735.6103770999998,1000.0,0.8776481986463807,0.0
1048,1707840060000.0,0.0,0.0,1686.0,0.5301325029655991,0.0,0.0,0.3631,1.0,1.0,1018.4073770999998,1000.0,736.7905770999997,1000.0,0.8776481986463807,0.0
1049,1707843660000.0,0.0,0.0,1686.0,0.5301325029655991,0.0,0.0,0.3594,1.0,1.0,1018.4073770999998,1000.0,730.5523770999998,1000.0,0.8776481986463807,0.0
1050,1707847260000.0,0.0,0.0,1686.0,0.5301325029655991,0.0,0.0,0.3601,1.0,1.0,1018.4073770999998,1000.0,731.7325770999997,1000.0,0.8776481986463807,0.0
1051,1707850860000.0,0.0,0.0,1686.0,0.5301325029655991,0.0,0.0,0.3636,1.0,1.0,1018.4073770999998,1000.0,737.6335770999997,1000.0,0.8776481986463807,0.0
1052,1707854460000.0,0.0,0.0,1686.0,0.5301325029655991,0.0,0.0,0.3649,1.0,1.0,1018.4073770999998,1000.0,739.8253770999997,1000.0,0.8776481986463807,0.0
1053,1707858060000.0,0.0,0.0,1686.0,0.5301325029655991,0.0,0.0,0.3652,1.0,1.0,1018.4073770999998,1000.0,740.3311770999999,1000.0,0.8776481986463807,0.0
1054,1707861660000.0,0.0,0.0,1686.0,0.5301325029655991,0.0,0.0,0.3662,1.0,1.0,1018.4073770999998,1000.0,742.0171770999998,1000.0,0.8776481986463807,0.0
1055,1707865260000.0,0.0,0.0,1686.0,0.5301325029655991,0.0,0.0,0.3646,1.0,1.0,1018.4073770999998,1000.0,739.3195770999997,1000.0,0.8776481986463807,0.0
1056,1707868860000.0,0.0,0.0,1686.0,0.5301325029655991,0.0,0.0,0.3638,1.0,1.0,1018.4073770999998,1000.0,737.9707770999999,1000.0,0.8776481986463807,0.0
1057,1707872460000.0,0.0,0.0,1686.0,0.5301325029655991,0.0,0.0,0.3521,1.0,1.0,1018.4073770999998,1000.0,718.2445770999998,1000.0,0.8776481986463807,0.0
1058,1707876060000.0,0.0,0.0,1686.0,0.5301325029655991,0.0,0.0,0.3543,1.0,1.0,1018.4073770999998,1000.0,721.9537770999998,1000.0,0.8776481986463807,0.0
1059,1707879660000.0,0.0,0.0,1686.0,0.5301325029655991,0.0,0.0,0.356,1.0,1.0,1018.4073770999998,1000.0,724.8199770999997,1000.0,0.8776481986463807,0.0
1060,1707883260000.0,0.0,0.0,1686.0,0.5301325029655991,0.0,0.0,0.3543,1.0,1.0,1018.4073770999998,1000.0,721.9537770999998,1000.0,0.8776481986463807,0.0
1061,1707886860000.0,0.0,0.0,1686.0,0.5301325029655991,0.0,0.0,0.3536,1.0,1.0,1018.4073770999998,1000.0,720.7735770999998,1000.0,0.8776481986463807,0.0
1062,1707890460000.0,0.0,0.0,1686.0,0.5301325029655991,0.0,0.0,0.3559,1.0,1.0,1018.4073770999998,1000.0,724.6513770999998,1000.0,0.8776481986463807,0.0
1063,1707894060000.0,0.0,0.0,1686.0,0.5301325029655991,0.0,0.0,0.3545,1.0,1.0,1018.4073770999998,1000.0,722.2909770999997,1000.0,0.8776481986463807,0.0
1064,1707897660000.0,0.0,0.0,1686.0,0.5301325029655991,0.0,0.0,0.3591,1.0,1.0,1018.4073770999998,1000.0,730.0465770999997,1000.0,0.8776481986463807,0.0
1065,1707901260000.0,0.0,0.0,1686.0,0.5301325029655991,0.0,0.0,0.3621,1.0,1.0,1018.4073770999998,1000.0,735.1045770999997,1000.0,0.8776481986463807,0.0
1066,1707904860000.0,0.0,0.0,1686.0,0.5301325029655991,0.0,0.0,0.3623,1.0,1.0,1018.4073770999998,1000.0,735.4417770999999,1000.0,0.8776481986463807,0.0
1067,1707908460000.0,0.0,0.0,1686.0,0.5301325029655991,0.0,0.0,0.3592,1.0,1.0,1018.4073770999998,1000.0,730.2151770999998,1000.0,0.8776481986463807,0.0
1068,1707912060000.0,0.0,0.0,1686.0,0.5301325029655991,0.0,0.0,0.359,1.0,1.0,1018.4073770999998,1000.0,729.8779770999997,1000.0,0.8776481986463807,0.0
1069,1707915660000.0,0.0,0.0,1686.0,0.5301325029655991,0.0,0.0,0.3567,1.0,1.0,1018.4073770999998,1000.0,726.0001770999997,1000.0,0.8776481986463807,0.0
1070,1707919260000.0,0.0,0.0,1686.0,0.5301325029655991,0.0,0.0,0.3597,1.0,1.0,1018.4073770999998,1000.0,731.0581770999997,1000.0,0.8776481986463807,0.0
1071,1707922860000.0,0.0,0.0,1686.0,0.5301325029655991,0.0,0.0,0.3626,1.0,1.0,1018.4073770999998,1000.0,735.9475770999998,1000.0,0.8776481986463807,0.0
1072,1707926460000.0,0.0,0.0,1686.0,0.5301325029655991,0.0,0.0,0.357,1.0,1.0,1018.4073770999998,1000.0,726.5059770999997,1000.0,0.8776481986463807,0.0
1073,1707930060000.0,0.0,0.0,1686.0,0.5301325029655991,0.0,0.0,0.357,1.0,1.0,1018.4073770999998,1000.0,726.5059770999997,1000.0,0.8776481986463807,0.0
1074,1707933660000.0,0.0,0.0,1686.0,0.5301325029655991,0.0,0.0,0.3583,1.0,1.0,1018.4073770999998,1000.0,728.6977770999997,1000.0,0.8776481986463807,0.0
1075,1707937260000.0,0.0,0.0,1686.0,0.5301325029655991,0.0,0.0,0.3581,1.0,1.0,1018.4073770999998,1000.0,728.3605770999998,1000.0,0.8776481986463807,0.0
1076,1707940860000.0,0.0,0.0,1686.0,0.5301325029655991,0.0,0.0,0.3604,1.0,1.0,1018.4073770999998,1000.0,732.2383770999998,1000.0,0.8776481986463807,0.0
1077,1707944460000.0,0.0,0.0,1686.0,0.5301325029655991,0.0,0.0,0.3606,1.0,1.0,1018.4073770999998,1000.0,732.5755770999997,1000.0,0.8776481986463807,0.0
1078,1707948060000.0,0.0,0.0,1686.0,0.5301325029655991,0.0,0.0,0.3612,1.0,1.0,1018.4073770999998,1000.0,733.5871770999997,1000.0,0.8776481986463807,0.0
1079,1707951660000.0,0.0,0.0,1686.0,0.5301325029655991,0.0,0.0,0.3609,1.0,1.0,1018.4073770999998,1000.0,733.0813770999998,1000.0,0.8776481986463807,0.0
1080,1707955260000.0,0.0,0.0,1686.0,0.5301325029655991,0.0,0.0,0.3635,1.0,1.0,1018.4073770999998,1000.0,737.4649770999997,1000.0,0.8776481986463807,0.0
1081,1707958860000.0,0.0,0.0,1686.0,0.5301325029655991,0.0,0.0,0.36,1.0,1.0,1018.4073770999998,1000.0,731.5639770999998,1000.0,0.8776481986463807,0.0
1082,1707962460000.0,0.0,0.0,1686.0,0.5301325029655991,0.0,0.0,0.3557,1.0,1.0,1018.4073770999998,1000.0,724.3141770999998,1000.0,0.8776481986463807,0.0
1083,1707966060000.0,0.0,0.0,1686.0,0.5301325029655991,0.0,0.0,0.3557,1.0,1.0,1018.4073770999998,1000.0,724.3141770999998,1000.0,0.8776481986463807,0.0
1084,1707969660000.0,0.0,0.0,1686.0,0.5301325029655991,0.0,0.0,0.3601,1.0,1.0,1018.4073770999998,1000.0,731.7325770999997,1000.0,0.8776481986463807,0.0
1085,1707973260000.0,0.0,0.0,1686.0,0.5301325029655991,0.0,0.0,0.362,1.0,1.0,1018.4073770999998,1000.0,734.9359770999997,1000.0,0.8776481986463807,0.0
1086,1707976860000.0,0.0,0.0,1686.0,0.5301325029655991,0.0,0.0,0.3565,1.0,1.0,1018.4073770999998,1000.0,725.6629770999998,1000.0,0.8776481986463807,0.0
1087,1707980460000.0,0.0,0.0,1686.0,0.5301325029655991,0.0,0.0,0.3573,1.0,1.0,1018.4073770999998,1000.0,727.0117770999998,1000.0,0.8776481986463807,0.0
1088,1707984060000.0,0.0,0.0,1686.0,0.5301325029655991,0.0,0.0,0.3558,1.0,1.0,1018.4073770999998,1000.0,724.4827770999998,1000.0,0.8776481986463807,0.0
1089,1707987660000.0,0.0,0.0,1686.0,0.5301325029655991,0.0,0.0,0.3563,1.0,1.0,1018.4073770999998,1000.0,725.3257770999998,1000.0,0.8776481986463807,0.0
1090,1707991260000.0,0.0,0.0,1686.0,0.5301325029655991,0.0,0.0,0.3587,1.0,1.0,1018.4073770999998,1000.0,729.3721770999998,1000.0,0.8776481986463807,0.0
1091,1707994860000.0,0.0,0.0,1686.0,0.5301325029655991,0.0,0.0,0.3583,1.0,1.0,1018.4073770999998,1000.0,728.6977770999997,1000.0,0.8776481986463807,0.0
1092,1707998460000.0,0.0,0.0,1686.0,0.5301325029655991,0.0,0.0,0.3565,1.0,1.0,1018.4073770999998,1000.0,725.6629770999998,1000.0,0.8776481986463807,0.0
1093,1708002060000.0,0.0,0.0,1686.0,0.5301325029655991,0.0,0.0,0.3576,1.0,1.0,1018.4073770999998,1000.0,727.5175770999997,1000.0,0.8776481986463807,0.0
1094,1708005660000.0,0.0,0.0,1686.0,0.5301325029655991,0.0,0.0,0.3575,1.0,1.0,1018.4073770999998,1000.0,727.3489770999997,1000.0,0.8776481986463807,0.0
1095,1708009260000.0,0.0,0.0,1686.0,0.5301325029655991,0.0,0.0,0.3582,1.0,1.0,1018.4073770999998,1000.0,728.5291770999997,1000.0,0.8776481986463807,0.0
1096,1708012860000.0,0.0,0.0,1686.0,0.5301325029655991,0.0,0.0,0.3519,1.0,1.0,1018.4073770999998,1000.0,717.9073770999997,1000.0,0.8776481986463807,0.0
1097,1708016460000.0,0.0,0.0,1686.0,0.5301325029655991,0.0,0.0,0.3531,1.0,1.0,1018.4073770999998,1000.0,719.9305770999998,1000.0,0.8776481986463807,0.0
1098,1708020060000.0,0.0,0.0,1686.0,0.5301325029655991,0.0,0.0,0.3528,1.0,1.0,1018.4073770999998,1000.0,719.4247770999998,1000.0,0.8776481986463807,0.0
1099,1708023660000.0,0.0,0.0,1686.0,0.5301325029655991,0.0,0.0,0.3547,1.0,1.0,1018.4073770999998,1000.0,722.6281770999998,1000.0,0.8776481986463807,0.0
1100,1708027260000.0,0.0,0.0,1686.0,0.5301325029655991,0.0,0.0,0.3555,1.0,1.0,1018.4073770999998,1000.0,723.9769770999997,1000.0,0.8776481986463807,0.0
1101,1708030860000.0,0.0,0.0,1686.0,0.5301325029655991,0.0,0.0,0.353,1.0,1.0,1018.4073770999998,1000.0,719.7619770999997,1000.0,0.8776481986463807,0.0
1102,1708034460000.0,0.0,0.0,1686.0,0.5301325029655991,0.0,0.0,0.3519,1.0,1.0,1018.4073770999998,1000.0,717.9073770999997,1000.0,0.8776481986463807,0.0
1103,1708038060000.0,0.0,0.0,1686.0,0.5301325029655991,0.0,0.0,0.3548,1.0,1.0,1018.4073770999998,1000.0,722.7967770999998,1000.0,0.8776481986463807,0.0
1104,1708041660000.0,0.0,0.0,1686.0,0.5301325029655991,0.0,0.0,0.355,1.0,1.0,1018.4073770999998,1000.0,723.1339770999998,1000.0,0.8776481986463807,0.0
1105,1708045260000.0,0.0,0.0,1686.0,0.5301325029655991,0.0,0.0,0.3524,1.0,1.0,1018.4073770999998,1000.0,718.7503770999997,1000.0,0.8776481986463807,0.0
1106,1708048860000.0,0.0,0.0,1686.0,0.5301325029655991,0.0,0.0,0.354,1.0,1.0,1018.4073770999998,1000.0,721.4479770999997,1000.0,0.8776481986463807,0.0
1107,1708052460000.0,0.0,0.0,1686.0,0.5301325029655991,0.0,0.0,0.356,1.0,1.0,1018.4073770999998,1000.0,724.8199770999997,1000.0,0.8776481986463807,0.0
1108,1708056060000.0,0.0,0.0,1686.0,0.5301325029655991,0.0,0.0,0.3551,1.0,1.0,1018.4073770999998,1000.0,723.3025770999998,1000.0,0.8776481986463807,0.0
1109,1708059660000.0,0.0,0.0,1686.0,0.5301325029655991,0.0,0.0,0.3546,1.0,1.0,1018.4073770999998,1000.0,722.4595770999998,1000.0,0.8776481986463807,0.0
1110,1708063260000.0,0.0,0.0,1686.0,0.5301325029655991,0.0,0.0,0.354,1.0,1.0,1018.4073770999998,1000.0,721.4479770999997,1000.0,0.8776481986463807,0.0
1111,1708066860000.0,0.0,0.0,1686.0,0.5301325029655991,0.0,0.0,0.3531,1.0,1.0,1018.4073770999998,1000.0,719.9305770999998,1000.0,0.8776481986463807,0.0
1112,1708070460000.0,0.0,0.0,1686.0,0.5301325029655991,0.0,0.0,0.3523,1.0,1.0,1018.4073770999998,1000.0,718.5817770999997,1000.0,0.8776481986463807,0.0
1113,1708074060000.0,0.0,0.0,1686.0,0.5301325029655991,0.0,0.0,0.3525,1.0,1.0,1018.4073770999998,1000.0,718.9189770999997,1000.0,0.8776481986463807,0.0
1114,1708077660000.0,0.0,0.0,1686.0,0.5301325029655991,0.0,0.0,0.3549,1.0,1.0,1018.4073770999998,1000.0,722.9653770999997,1000.0,0.8776481986463807,0.0
1115,1708081260000.0,0.0,0.0,1686.0,0.5301325029655991,0.0,0.0,0.3543,1.0,1.0,1018.4073770999998,1000.0,721.9537770999998,1000.0,0.8776481986463807,0.0
1116,1708084860000.0,0.0,0.0,1686.0,0.5301325029655991,0.0,0.0,0.355,1.0,1.0,1018.4073770999998,1000.0,723.1339770999998,1000.0,0.8776481986463807,0.0
1117,1708088460000.0,0.0,0.0,1686.0,0.5301325029655991,0.0,0.0,0.3557,1.0,1.0,1018.4073770999998,1000.0,724.3141770999998,1000.0,0.8776481986463807,0.0
1118,1708092060000.0,0.0,0.0,1686.0,0.5301325029655991,0.0,0.0,0.3534,1.0,1.0,1018.4073770999998,1000.0,720.4363770999997,1000.0,0.8776481986463807,0.0
1119,1708095660000.0,0.0,0.0,1686.0,0.5301325029655991,0.0,0.0,0.3457,1.0,1.0,1018.4073770999998,1000.0,707.4541770999997,1000.0,0.8776481986463807,0.0
1120,1708099260000.0,0.0,0.0,1686.0,0.5301325029655991,0.0,0.0,0.3438,1.0,1.0,1018.4073770999998,1000.0,704.2507770999998,1000.0,0.8776481986463807,0.0
1121,1708102860000.0,0.0,0.0,1686.0,0.5301325029655991,0.0,0.0,0.3434,1.0,1.0,1018.4073770999998,1000.0,703.5763770999997,1000.0,0.8776481986463807,0.0
1122,1708106460000.0,0.0,0.0,1686.0,0.5301325029655991,0.0,0.0,0.3434,1.0,1.0,1018.4073770999998,1000.0,703.5763770999997,1000.0,0.8776481986463807,0.0
1123,1708110060000.0,0.0,0.0,1686.0,0.5301325029655991,0.0,0.0,0.3438,1.0,1.0,1018.4073770999998,1000.0,704.2507770999998,1000.0,0.8776481986463807,0.0
1124,1708113660000.0,0.0,0.0,1686.0,0.5301325029655991,0.0,0.0,0.3424,1.0,1.0,1018.4073770999998,1000.0,701.8903770999998,1000.0,0.8776481986463807,0.0
1125,1708117260000.0,0.0,0.0,1686.0,0.5301325029655991,0.0,0.0,0.3447,1.0,1.0,1018.4073770999998,1000.0,705.7681770999998,1000.0,0.8776481986463807,0.0
1126,1708120860000.0,0.0,0.0,1686.0,0.5301325029655991,0.0,0.0,0.3489,1.0,1.0,1018.4073770999998,1000.0,712.8493770999997,1000.0,0.8776481986463807,0.0
1127,1708124460000.0,0.0,0.0,1686.0,0.5301325029655991,0.0,0.0,0.3497,1.0,1.0,1018.4073770999998,1000.0,714.1981770999998,1000.0,0.8776481986463807,0.0
1128,1708128060000.0,0.0,0.0,1686.0,0.5301325029655991,0.0,0.0,0.348,1.0,1.0,1018.4073770999998,1000.0,711.3319770999997,1000.0,0.8776481986463807,0.0
1129,1708131660000.0,0.0,0.0,1686.0,0.5301325029655991,0.0,0.0,0.3475,1.0,1.0,1018.4073770999998,1000.0,710.4889770999997,1000.0,0.8776481986463807,0.0
1130,1708135260000.0,0.0,0.0,1686.0,0.5301325029655991,0.0,0.0,0.345,1.0,1.0,1018.4073770999998,1000.0,706.2739770999997,1000.0,0.8776481986463807,0.0
1131,1708138860000.0,0.0,0.0,1686.0,0.5301325029655991,0.0,0.0,0.3457,1.0,1.0,1018.4073770999998,1000.0,707.4541770999997,1000.0,0.8776481986463807,0.0
1132,1708142460000.0,0.0,0.0,1686.0,0.5301325029655991,0.0,0.0,0.3452,1.0,1.0,1018.4073770999998,1000.0,706.6111770999998,1000.0,0.8776481986463807,0.0
1133,1708146060000.0,0.0,0.0,1686.0,0.5301325029655991,0.0,0.0,0.3453,1.0,1.0,1018.4073770999998,1000.0,706.7797770999998,1000.0,0.8776481986463807,0.0
1134,1708149660000.0,0.0,0.0,1686.0,0.5301325029655991,0.0,0.0,0.3448,1.0,1.0,1018.4073770999998,1000.0,705.9367770999997,1000.0,0.8776481986463807,0.0
1135,1708153260000.0,0.0,0.0,1686.0,0.5301325029655991,0.0,0.0,0.3457,1.0,1.0,1018.4073770999998,1000.0,707.4541770999997,1000.0,0.8776481986463807,0.0
1136,1708156860000.0,0.0,0.0,1686.0,0.5301325029655991,0.0,0.0,0.3475,1.0,1.0,1018.4073770999998,1000.0,710.4889770999997,1000.0,0.8776481986463807,0.0
1137,1708160460000.0,0.0,0.0,1686.0,0.5301325029655991,0.0,0.0,0.3435,1.0,1.0,1018.4073770999998,1000.0,703.7449770999998,1000.0,0.8776481986463807,0.0
1138,1708164060000.0,0.0,0.0,1686.0,0.5301325029655991,0.0,0.0,0.3418,1.0,1.0,1018.4073770999998,1000.0,700.8787770999998,1000.0,0.8776481986463807,0.0
1139,1708167660000.0,0.0,0.0,1686.0,0.5301325029655991,0.0,0.0,0.3429,1.0,1.0,1018.4073770999998,1000.0,702.7333770999996,1000.0,0.8776481986463807,0.0
1140,1708171260000.0,0.0,0.0,1686.0,0.5301325029655991,0.0,0.0,0.3434,1.0,1.0,1018.4073770999998,1000.0,703.5763770999997,1000.0,0.8776481986463807,0.0
1141,1708174860000.0,0.0,0.0,1686.0,0.5301325029655991,0.0,0.0,0.3434,1.0,1.0,1018.4073770999998,1000.0,703.5763770999997,1000.0,0.8776481986463807,0.0
1142,1708178460000.0,0.0,0.0,1686.0,0.5301325029655991,0.0,0.0,0.3397,1.0,1.0,1018.4073770999998,1000.0,697.3381770999997,1000.0,0.8776481986463807,0.0
1143,1708182060000.0,0.0,0.0,1686.0,0.5301325029655991,0.0,0.0,0.3348,1.0,1.0,1018.4073770999998,1000.0,689.0767770999997,1000.0,0.8776481986463807,0.0
1144,1708185660000.0,0.0,0.0,1686.0,0.5301325029655991,0.0,0.0,0.3359,1.0,1.0,1018.4073770999998,1000.0,690.9313770999997,1000.0,0.8776481986463807,0.0
1145,1708189260000.0,0.0,0.0,1686.0,0.5301325029655991,0.0,0.0,0.3375,1.0,1.0,1018.4073770999998,1000.0,693.6289770999998,1000.0,0.8776481986463807,0.0
1146,1708192860000.0,0.0,0.0,1686.0,0.5301325029655991,0.0,0.0,0.341,1.0,1.0,1018.4073770999998,1000.0,699.5299770999998,1000.0,0.8776481986463807,0.0
1147,1708196460000.0,0.0,0.0,1686.0,0.5301325029655991,0.0,0.0,0.3394,1.0,1.0,1018.4073770999998,1000.0,696.8323770999998,1000.0,0.8776481986463807,0.0
1148,1708200060000.0,0.0,0.0,1686.0,0.5301325029655991,0.0,0.0,0.3408,1.0,1.0,1018.4073770999998,1000.0,699.1927770999997,1000.0,0.8776481986463807,0.0
1149,1708203660000.0,0.0,0.0,1686.0,0.5301325029655991,0.0,0.0,0.3411,1.0,1.0,1018.4073770999998,1000.0,699.6985770999997,1000.0,0.8776481986463807,0.0
1150,1708207260000.0,0.0,0.0,1686.0,0.5301325029655991,0.0,0.0,0.342,1.0,1.0,1018.4073770999998,1000.0,701.2159770999998,1000.0,0.8776481986463807,0.0
1151,1708210860000.0,0.0,0.0,1686.0,0.5301325029655991,0.0,0.0,0.3416,1.0,1.0,1018.4073770999998,1000.0,700.5415770999998,1000.0,0.8776481986463807,0.0
1152,1708214460000.0,0.0,0.0,1686.0,0.5301325029655991,0.0,0.0,0.3417,1.0,1.0,1018.4073770999998,1000.0,700.7101770999998,1000.0,0.8776481986463807,0.0
1153,1708218060000.0,0.0,0.0,1686.0,0.5301325029655991,0.0,0.0,0.3399,1.0,1.0,1018.4073770999998,1000.0,697.6753770999997,1000.0,0.8776481986463807,0.0
1154,1708221660000.0,0.0,0.0,1686.0,0.5301325029655991,0.0,0.0,0.3377,1.0,1.0,1018.4073770999998,1000.0,693.9661770999998,1000.0,0.8776481986463807,0.0
1155,1708225260000.0,0.0,0.0,1686.0,0.5301325029655991,0.0,0.0,0.3341,1.0,1.0,1018.4073770999998,1000.0,687.8965770999998,1000.0,0.8776481986463807,0.0
1156,1708228860000.0,0.0,0.0,1686.0,0.5301325029655991,0.0,0.0,0.3371,1.0,1.0,1018.4073770999998,1000.0,692.9545770999998,1000.0,0.8776481986463807,0.0
1157,1708232460000.0,0.0,0.0,1686.0,0.5301325029655991,0.0,0.0,0.3383,1.0,1.0,1018.4073770999998,1000.0,694.9777770999997,1000.0,0.8776481986463807,0.0
1158,1708236060000.0,0.0,0.0,1686.0,0.5301325029655991,0.0,0.0,0.3395,1.0,1.0,1018.4073770999998,1000.0,697.0009770999998,1000.0,0.8776481986463807,0.0
1159,1708239660000.0,0.0,0.0,1686.0,0.5301325029655991,0.0,0.0,0.3389,1.0,1.0,1018.4073770999998,1000.0,695.9893770999997,1000.0,0.8776481986463807,0.0
1160,1708243260000.0,0.0,0.0,1686.0,0.5301325029655991,0.0,0.0,0.3398,1.0,1.0,1018.4073770999998,1000.0,697.5067770999997,1000.0,0.8776481986463807,0.0
1161,1708246860000.0,0.0,0.0,1686.0,0.5301325029655991,0.0,0.0,0.3422,1.0,1.0,1018.4073770999998,1000.0,701.5531770999997,1000.0,0.8776481986463807,0.0
1162,1708250460000.0,0.0,0.0,1686.0,0.5301325029655991,0.0,0.0,0.3453,1.0,1.0,1018.4073770999998,1000.0,706.7797770999998,1000.0,0.8776481986463807,0.0
1163,1708254060000.0,0.0,0.0,1686.0,0.5301325029655991,0.0,0.0,0.3475,1.0,1.0,1018.4073770999998,1000.0,710.4889770999997,1000.0,0.8776481986463807,0.0
1164,1708257660000.0,0.0,0.0,1686.0,0.5301325029655991,0.0,0.0,0.3479,1.0,1.0,1018.4073770999998,1000.0,711.1633770999997,1000.0,0.8776481986463807,0.0
1165,1708261260000.0,0.0,0.0,1686.0,0.5301325029655991,0.0,0.0,0.3502,1.0,1.0,1018.4073770999998,1000.0,715.0411770999998,1000.0,0.8776481986463807,0.0
1166,1708264860000.0,0.0,0.0,1686.0,0.5301325029655991,0.0,0.0,0.3492,1.0,1.0,1018.4073770999998,1000.0,713.3551770999998,1000.0,0.8776481986463807,0.0
1167,1708268460000.0,0.0,0.0,1686.0,0.5301325029655991,0.0,0.0,0.35,1.0,1.0,1018.4073770999998,1000.0,714.7039770999997,1000.0,0.8776481986463807,0.0
1168,1708272060000.0,0.0,0.0,1686.0,0.5301325029655991,0.0,0.0,0.35,1.0,1.0,1018.4073770999998,1000.0,714.7039770999997,1000.0,0.8776481986463807,0.0
1169,1708275660000.0,0.0,0.0,1686.0,0.5301325029655991,0.0,0.0,0.3505,1.0,1.0,1018.4073770999998,1000.0,715.5469770999997,1000.0,0.8776481986463807,0.0
1170,1708279260000.0,0.0,0.0,1686.0,0.5301325029655991,0.0,0.0,0.3494,1.0,1.0,1018.4073770999998,1000.0,713.6923770999997,1000.0,0.8776481986463807,0.0
1171,1708282860000.0,0.0,0.0,1686.0,0.5301325029655991,0.0,0.0,0.35,1.0,1.0,1018.4073770999998,1000.0,714.7039770999997,1000.0,0.8776481986463807,0.0
1172,1708286460000.0,0.0,0.0,1686.0,0.5301325029655991,0.0,0.0,0.3493,1.0,1.0,1018.4073770999998,1000.0,713.5237770999997,1000.0,0.8776481986463807,0.0
1173,1708290060000.0,0.0,0.0,1686.0,0.5301325029655991,0.0,0.0,0.3501,1.0,1.0,1018.4073770999998,1000.0,714.8725770999997,1000.0,0.8776481986463807,0.0
1174,1708293660000.0,0.0,0.0,1686.0,0.5301325029655991,0.0,0.0,0.3499,1.0,1.0,1018.4073770999998,1000.0,714.5353770999998,1000.0,0.8776481986463807,0.0
1175,1708297260000.0,0.0,0.0,1686.0,0.5301325029655991,0.0,0.0,0.3499,1.0,1.0,1018.4073770999998,1000.0,714.5353770999998,1000.0,0.8776481986463807,0.0
1176,1708300860000.0,0.0,0.0,1686.0,0.5301325029655991,0.0,0.0,0.3486,1.0,1.0,1018.4073770999998,1000.0,712.3435770999997,1000.0,0.8776481986463807,0.0
1177,1708304460000.0,0.0,0.0,1686.0,0.5301325029655991,0.0,0.0,0.3486,1.0,1.0,1018.4073770999998,1000.0,712.3435770999997,1000.0,0.8776481986463807,0.0
1178,1708308060000.0,0.0,0.0,1686.0,0.5301325029655991,0.0,0.0,0.3505,1.0,1.0,1018.4073770999998,1000.0,715.5469770999997,1000.0,0.8776481986463807,0.0
1179,1708311660000.0,0.0,0.0,1686.0,0.5301325029655991,0.0,0.0,0.351,1.0,1.0,1018.4073770999998,1000.0,716.3899770999997,1000.0,0.8776481986463807,0.0
1180,1708315260000.0,0.0,0.0,1686.0,0.5301325029655991,0.0,0.0,0.3502,1.0,1.0,1018.4073770999998,1000.0,715.0411770999998,1000.0,0.8776481986463807,0.0
1181,1708318860000.0,0.0,0.0,1686.0,0.5301325029655991,0.0,0.0,0.3508,1.0,1.0,1018.4073770999998,1000.0,716.0527770999997,1000.0,0.8776481986463807,0.0
1182,1708322460000.0,0.0,0.0,1686.0,0.5301325029655991,0.0,0.0,0.3499,1.0,1.0,1018.4073770999998,1000.0,714.5353770999998,1000.0,0.8776481986463807,0.0
1183,1708326060000.0,0.0,0.0,1686.0,0.5301325029655991,0.0,0.0,0.3524,1.0,1.0,1018.4073770999998,1000.0,718.7503770999997,1000.0,0.8776481986463807,0.0
1184,1708329660000.0,0.0,0.0,1686.0,0.5301325029655991,0.0,0.0,0.3531,1.0,1.0,1018.4073770999998,1000.0,719.9305770999998,1000.0,0.8776481986463807,0.0
1185,1708333260000.0,0.0,0.0,1686.0,0.5301325029655991,0.0,0.0,0.3497,1.0,1.0,1018.4073770999998,1000.0,714.1981770999998,1000.0,0.8776481986463807,0.0
1186,1708336860000.0,0.0,0.0,1686.0,0.5301325029655991,0.0,0.0,0.3503,1.0,1.0,1018.4073770999998,1000.0,715.2097770999998,1000.0,0.8776481986463807,0.0
1187,1708340460000.0,0.0,0.0,1686.0,0.5301325029655991,0.0,0.0,0.3519,1.0,1.0,1018.4073770999998,1000.0,717.9073770999997,1000.0,0.8776481986463807,0.0
1188,1708344060000.0,0.0,0.0,1686.0,0.5301325029655991,0.0,0.0,0.3516,1.0,1.0,1018.4073770999998,1000.0,717.4015770999997,1000.0,0.8776481986463807,0.0
1189,1708347660000.0,0.0,0.0,1686.0,0.5301325029655991,0.0,0.0,0.3516,1.0,1.0,1018.4073770999998,1000.0,717.4015770999997,1000.0,0.8776481986463807,0.0
1190,1708351260000.0,0.0,0.0,1686.0,0.5301325029655991,0.0,0.0,0.3499,1.0,1.0,1018.4073770999998,1000.0,714.5353770999998,1000.0,0.8776481986463807,0.0
1191,1708354860000.0,0.0,0.0,1686.0,0.5301325029655991,0.0,0.0,0.3519,1.0,1.0,1018.4073770999998,1000.0,717.9073770999997,1000.0,0.8776481986463807,0.0
1192,1708358460000.0,0.0,0.0,1686.0,0.5301325029655991,0.0,0.0,0.3532,1.0,1.0,1018.4073770999998,1000.0,720.0991770999998,1000.0,0.8776481986463807,0.0
1193,1708362060000.0,0.0,0.0,1686.0,0.5301325029655991,0.0,0.0,0.3491,1.0,1.0,1018.4073770999998,1000.0,713.1865770999998,1000.0,0.8776481986463807,0.0
1194,1708365660000.0,0.0,0.0,1686.0,0.5301325029655991,0.0,0.0,0.352,1.0,1.0,1018.4073770999998,1000.0,718.0759770999997,1000.0,0.8776481986463807,0.0
1195,1708369260000.0,0.0,0.0,1686.0,0.5301325029655991,0.0,0.0,0.3523,1.0,1.0,1018.4073770999998,1000.0,718.5817770999997,1000.0,0.8776481986463807,0.0
1196,1708372860000.0,0.0,0.0,1686.0,0.5301325029655991,0.0,0.0,0.3516,1.0,1.0,1018.4073770999998,1000.0,717.4015770999997,1000.0,0.8776481986463807,0.0
1197,1708376460000.0,0.0,0.0,1686.0,0.5301325029655991,0.0,0.0,0.3516,1.0,1.0,1018.4073770999998,1000.0,717.4015770999997,1000.0,0.8776481986463807,0.0
1198,1708380060000.0,0.0,0.0,1686.0,0.5301325029655991,0.0,0.0,0.3538,1.0,1.0,1018.4073770999998,1000.0,721.1107770999997,1000.0,0.8776481986463807,0.0
1199,1708383660000.0,0.0,0.0,1686.0,0.5301325029655991,0.0,0.0,0.3536,1.0,1.0,1018.4073770999998,1000.0,720.7735770999998,1000.0,0.8776481986463807,0.0
1200,1708387260000.0,0.0,0.0,1686.0,0.5301325029655991,0.0,0.0,0.3535,1.0,1.0,1018.4073770999998,1000.0,720.6049770999997,1000.0,0.8776481986463807,0.0
1201,1708390860000.0,0.0,0.0,1686.0,0.5301325029655991,0.0,0.0,0.361,1.0,1.0,1018.4073770999998,1000.0,733.2499770999998,1000.0,0.8776481986463807,0.0
1202,1708394460000.0,0.0,0.0,1686.0,0.5301325029655991,0.0,0.0,0.3623,1.0,1.0,1018.4073770999998,1000.0,735.4417770999999,1000.0,0.8776481986463807,0.0
1203,1708398060000.0,0.0,0.0,1686.0,0.5301325029655991,0.0,0.0,0.3626,1.0,1.0,1018.4073770999998,1000.0,735.9475770999998,1000.0,0.8776481986463807,0.0
1204,1708401660000.0,0.0,0.0,1686.0,0.5301325029655991,0.0,0.0,0.3629,1.0,1.0,1018.4073770999998,1000.0,736.4533770999998,1000.0,0.8776481986463807,0.0
1205,1708405260000.0,0.0,0.0,1686.0,0.5301325029655991,0.0,0.0,0.3662,1.0,1.0,1018.4073770999998,1000.0,742.0171770999998,1000.0,0.8776481986463807,0.0
1206,1708408860000.0,0.0,0.0,1686.0,0.5301325029655991,0.0,0.0,0.3649,1.0,1.0,1018.4073770999998,1000.0,739.8253770999997,1000.0,0.8776481986463807,0.0
1207,1708412460000.0,0.0,0.0,1686.0,0.5301325029655991,0.0,0.0,0.3683,1.0,1.0,1018.4073770999998,1000.0,745.5577770999998,1000.0,0.8776481986463807,0.0
1208,1708416060000.0,0.0,0.0,1686.0,0.5301325029655991,0.0,0.0,0.3717,1.0,1.0,1018.4073770999998,1000.0,751.2901770999997,1000.0,0.8776481986463807,0.0
1209,1708419660000.0,0.0,0.0,1686.0,0.5301325029655991,0.0,0.0,0.3676,1.0,1.0,1018.4073770999998,1000.0,744.3775770999997,1000.0,0.8776481986463807,0.0
1210,1708423260000.0,0.0,0.0,1686.0,0.5301325029655991,0.0,0.0,0.3762,1.0,1.0,1018.4073770999998,1000.0,758.8771770999997,1000.0,0.8776481986463807,0.0
1211,1708426860000.0,0.0,0.0,1686.0,0.5301325029655991,0.0,0.0,0.3781,1.0,1.0,1018.4073770999998,1000.0,762.0805770999998,1000.0,0.8776481986463807,0.0
1212,1708430460000.0,0.0,0.0,1686.0,0.5301325029655991,0.0,0.0,0.3787,1.0,1.0,1018.4073770999998,1000.0,763.0921770999997,1000.0,0.8776481986463807,0.0
1213,1708434060000.0,0.0,0.0,1686.0,0.5301325029655991,0.0,0.0,0.376,1.0,1.0,1018.4073770999998,1000.0,758.5399770999998,1000.0,0.8776481986463807,0.0
1214,1708437660000.0,0.0,0.0,1686.0,0.5301325029655991,0.0,0.0,0.3762,1.0,1.0,1018.4073770999998,1000.0,758.8771770999997,1000.0,0.8776481986463807,0.0
1215,1708441260000.0,0.0,0.0,1686.0,0.5301325029655991,0.0,0.0,0.3661,1.0,1.0,1018.4073770999998,1000.0,741.8485770999997,1000.0,0.8776481986463807,0.0
1216,1708444860000.0,0.0,0.0,1686.0,0.5301325029655991,0.0,0.0,0.3635,1.0,1.0,1018.4073770999998,1000.0,737.4649770999997,1000.0,0.8776481986463807,0.0
1217,1708448460000.0,0.0,0.0,1686.0,0.5301325029655991,0.0,0.0,0.3559,1.0,1.0,1018.4073770999998,1000.0,724.6513770999998,1000.0,0.8776481986463807,0.0
1218,1708452060000.0,0.0,0.0,1686.0,0.5301325029655991,0.0,0.0,0.3588,1.0,1.0,1018.4073770999998,1000.0,729.5407770999998,1000.0,0.8776481986463807,0.0
1219,1708455660000.0,0.0,0.0,1686.0,0.5301325029655991,0.0,0.0,0.3616,1.0,1.0,1018.4073770999998,1000.0,734.2615770999997,1000.0,0.8776481986463807,0.0
1220,1708459260000.0,0.0,0.0,1686.0,0.5301325029655991,0.0,0.0,0.362,1.0,1.0,1018.4073770999998,1000.0,734.9359770999997,1000.0,0.8776481986463807,0.0
1221,1708462860000.0,0.0,0.0,1686.0,0.5301325029655991,0.0,0.0,0.3677,1.0,1.0,1018.4073770999998,1000.0,744.5461770999998,1000.0,0.8776481986463807,0.0
1222,1708466460000.0,0.0,0.0,1686.0,0.5301325029655991,0.0,0.0,0.3684,1.0,1.0,1018.4073770999998,1000.0,745.7263770999998,1000.0,0.8776481986463807,0.0
1223,1708470060000.0,0.0,0.0,1686.0,0.5301325029655991,0.0,0.0,0.3695,1.0,1.0,1018.4073770999998,1000.0,747.5809770999997,1000.0,0.8776481986463807,0.0
1224,1708473660000.0,0.0,0.0,1686.0,0.5301325029655991,0.0,0.0,0.3701,1.0,1.0,1018.4073770999998,1000.0,748.5925770999997,1000.0,0.8776481986463807,0.0
1225,1708477260000.0,0.0,0.0,1686.0,0.5301325029655991,0.0,0.0,0.3622,1.0,1.0,1018.4073770999998,1000.0,735.2731770999998,1000.0,0.8776481986463807,0.0
1226,1708480860000.0,0.0,0.0,1686.0,0.5301325029655991,0.0,0.0,0.3619,1.0,1.0,1018.4073770999998,1000.0,734.7673770999997,1000.0,0.8776481986463807,0.0
1227,1708484460000.0,0.0,0.0,1686.0,0.5301325029655991,0.0,0.0,0.3617,1.0,1.0,1018.4073770999998,1000.0,734.4301770999998,1000.0,0.8776481986463807,0.0
1228,1708488060000.0,0.0,0.0,1686.0,0.5301325029655991,0.0,0.0,0.363,1.0,1.0,1018.4073770999998,1000.0,736.6219770999998,1000.0,0.8776481986463807,0.0
1229,1708491660000.0,0.0,0.0,1686.0,0.5301325029655991,0.0,0.0,0.3604,1.0,1.0,1018.4073770999998,1000.0,732.2383770999998,1000.0,0.8776481986463807,0.0
1230,1708495260000.0,0.0,0.0,1686.0,0.5301325029655991,0.0,0.0,0.3573,1.0,1.0,1018.4073770999998,1000.0,727.0117770999998,1000.0,0.8776481986463807,0.0
1231,1708498860000.0,0.0,0.0,1686.0,0.5301325029655991,0.0,0.0,0.3536,1.0,1.0,1018.4073770999998,1000.0,720.7735770999998,1000.0,0.8776481986463807,0.0
1232,1708502460000.0,0.0,0.0,1686.0,0.5301325029655991,0.0,0.0,0.3534,1.0,1.0,1018.4073770999998,1000.0,720.4363770999997,1000.0,0.8776481986463807,0.0
1233,1708506060000.0,0.0,0.0,1686.0,0.5301325029655991,0.0,0.0,0.3541,1.0,1.0,1018.4073770999998,1000.0,721.6165770999999,1000.0,0.8776481986463807,0.0
1234,1708509660000.0,0.0,0.0,1686.0,0.5301325029655991,0.0,0.0,0.3507,1.0,1.0,1018.4073770999998,1000.0,715.8841770999998,1000.0,0.8776481986463807,0.0
1235,1708513260000.0,0.0,0.0,1686.0,0.5301325029655991,0.0,0.0,0.3513,1.0,1.0,1018.4073770999998,1000.0,716.8957770999998,1000.0,0.8776481986463807,0.0
1236,1708516860000.0,0.0,0.0,1686.0,0.5301325029655991,0.0,0.0,0.3496,1.0,1.0,1018.4073770999998,1000.0,714.0295770999999,1000.0,0.8776481986463807,0.0
1237,1708520460000.0,0.0,0.0,1686.0,0.5301325029655991,0.0,0.0,0.3518,1.0,1.0,1018.4073770999998,1000.0,717.7387770999998,1000.0,0.8776481986463807,0.0
1238,1708524060000.0,0.0,0.0,1686.0,0.5301325029655991,0.0,0.0,0.348,1.0,1.0,1018.4073770999998,1000.0,711.3319770999997,1000.0,0.8776481986463807,0.0
1239,1708527660000.0,0.0,0.0,1686.0,0.5301325029655991,0.0,0.0,0.3426,1.0,1.0,1018.4073770999998,1000.0,702.2275770999997,1000.0,0.8776481986463807,0.0
1240,1708531260000.0,0.0,0.0,1686.0,0.5301325029655991,0.0,0.0,0.3456,1.0,1.0,1018.4073770999998,1000.0,707.2855770999997,1000.0,0.8776481986463807,0.0
1241,1708534860000.0,0.0,0.0,1686.0,0.5301325029655991,0.0,0.0,0.3456,1.0,1.0,1018.4073770999998,1000.0,707.2855770999997,1000.0,0.8776481986463807,0.0
1242,1708538460000.0,0.0,0.0,1686.0,0.5301325029655991,0.0,0.0,0.3401,1.0,1.0,1018.4073770999998,1000.0,698.0125770999998,1000.0,0.8776481986463807,0.0
1243,1708542060000.0,0.0,0.0,1686.0,0.5301325029655991,0.0,0.0,0.3401,1.0,1.0,1018.4073770999998,1000.0,698.0125770999998,1000.0,0.8776481986463807,0.0
1244,1708545660000.0,0.0,0.0,1686.0,0.5301325029655991,0.0,0.0,0.3439,1.0,1.0,1018.4073770999998,1000.0,704.4193770999998,1000.0,0.8776481986463807,0.0
1245,1708549260000.0,0.0,0.0,1686.0,0.5301325029655991,0.0,0.0,0.3443,1.0,1.0,1018.4073770999998,1000.0,705.0937770999997,1000.0,0.8776481986463807,0.0
1246,1708552860000.0,0.0,0.0,1686.0,0.5301325029655991,0.0,0.0,0.3468,1.0,1.0,1018.4073770999998,1000.0,709.3087770999998,1000.0,0.8776481986463807,0.0
1247,1708556460000.0,0.0,0.0,1686.0,0.5301325029655991,0.0,0.0,0.3498,1.0,1.0,1018.4073770999998,1000.0,714.3667770999998,1000.0,0.8776481986463807,0.0
1248,1708560060000.0,0.0,0.0,1686.0,0.5301325029655991,0.0,0.0,0.3513,1.0,1.0,1018.4073770999998,1000.0,716.8957770999998,1000.0,0.8776481986463807,0.0
1249,1708563660000.0,0.0,0.0,1686.0,0.5301325029655991,0.0,0.0,0.345,1.0,1.0,1018.4073770999998,1000.0,706.2739770999997,1000.0,0.8776481986463807,0.0
1250,1708567260000.0,0.0,0.0,1686.0,0.5301325029655991,0.0,0.0,0.3412,1.0,1.0,1018.4073770999998,1000.0,699.8671770999997,1000.0,0.8776481986463807,0.0
1251,1708570860000.0,0.0,0.0,1686.0,0.5301325029655991,0.0,0.0,0.3421,1.0,1.0,1018.4073770999998,1000.0,701.3845770999998,1000.0,0.8776481986463807,0.0
1252,1708574460000.0,0.0,0.0,1686.0,0.5301325029655991,0.0,0.0,0.3442,1.0,1.0,1018.4073770999998,1000.0,704.9251770999997,1000.0,0.8776481986463807,0.0
1253,1708578060000.0,0.0,0.0,1686.0,0.5301325029655991,0.0,0.0,0.3434,1.0,1.0,1018.4073770999998,1000.0,703.5763770999997,1000.0,0.8776481986463807,0.0
1254,1708581660000.0,0.0,0.0,1686.0,0.5301325029655991,0.0,0.0,0.3453,1.0,1.0,1018.4073770999998,1000.0,706.7797770999998,1000.0,0.8776481986463807,0.0
1255,1708585260000.0,0.0,0.0,1686.0,0.5301325029655991,0.0,0.0,0.3474,1.0,1.0,1018.4073770999998,1000.0,710.3203770999997,1000.0,0.8776481986463807,0.0
1256,1708588860000.0,0.0,0.0,1686.0,0.5301325029655991,0.0,0.0,0.3479,1.0,1.0,1018.4073770999998,1000.0,711.1633770999997,1000.0,0.8776481986463807,0.0
1257,1708592460000.0,0.0,0.0,1686.0,0.5301325029655991,0.0,0.0,0.3494,1.0,1.0,1018.4073770999998,1000.0,713.6923770999997,1000.0,0.8776481986463807,0.0
1258,1708596060000.0,0.0,0.0,1686.0,0.5301325029655991,0.0,0.0,0.3502,1.0,1.0,1018.4073770999998,1000.0,715.0411770999998,1000.0,0.8776481986463807,0.0
1259,1708599660000.0,0.0,0.0,1686.0,0.5301325029655991,0.0,0.0,0.3476,1.0,1.0,1018.4073770999998,1000.0,710.6575770999998,1000.0,0.8776481986463807,0.0
1260,1708603260000.0,0.0,0.0,1686.0,0.5301325029655991,0.0,0.0,0.3472,1.0,1.0,1018.4073770999998,1000.0,709.9831770999997,1000.0,0.8776481986463807,0.0
1261,1708606860000.0,0.0,0.0,1686.0,0.5301325029655991,0.0,0.0,0.3474,1.0,1.0,1018.4073770999998,1000.0,710.3203770999997,1000.0,0.8776481986463807,0.0
1262,1708610460000.0,0.0,0.0,1686.0,0.5301325029655991,0.0,0.0,0.3443,1.0,1.0,1018.4073770999998,1000.0,705.0937770999997,1000.0,0.8776481986463807,0.0
1263,1708614060000.0,0.0,0.0,1686.0,0.5301325029655991,0.0,0.0,0.3487,1.0,1.0,1018.4073770999998,1000.0,712.5121770999997,1000.0,0.8776481986463807,0.0
1264,1708617660000.0,0.0,0.0,1686.0,0.5301325029655991,0.0,0.0,0.3493,1.0,1.0,1018.4073770999998,1000.0,713.5237770999997,1000.0,0.8776481986463807,0.0
1265,1708621260000.0,0.0,0.0,1686.0,0.5301325029655991,0.0,0.0,0.3481,1.0,1.0,1018.4073770999998,1000.0,711.5005770999999,1000.0,0.8776481986463807,0.0
1266,1708624860000.0,0.0,0.0,1686.0,0.5301325029655991,0.0,0.0,0.3494,1.0,1.0,1018.4073770999998,1000.0,713.6923770999997,1000.0,0.8776481986463807,0.0
1267,1708628460000.0,0.0,0.0,1686.0,0.5301325029655991,0.0,0.0,0.3511,1.0,1.0,1018.4073770999998,1000.0,716.5585770999999,1000.0,0.8776481986463807,0.0
1268,1708632060000.0,0.0,0.0,1686.0,0.5301325029655991,0.0,0.0,0.3507,1.0,1.0,1018.4073770999998,1000.0,715.8841770999998,1000.0,0.8776481986463807,0.0
1269,1708635660000.0,0.0,0.0,1686.0,0.5301325029655991,0.0,0.0,0.3524,1.0,1.0,1018.4073770999998,1000.0,718.7503770999997,1000.0,0.8776481986463807,0.0
1270,1708639260000.0,0.0,0.0,1686.0,0.5301325029655991,0.0,0.0,0.3515,1.0,1.0,1018.4073770999998,1000.0,717.2329770999997,1000.0,0.8776481986463807,0.0
1271,1708642860000.0,0.0,0.0,1686.0,0.5301325029655991,0.0,0.0,0.3494,1.0,1.0,1018.4073770999998,1000.0,713.6923770999997,1000.0,0.8776481986463807,0.0
1272,1708646460000.0,0.0,0.0,1686.0,0.5301325029655991,0.0,0.0,0.3475,1.0,1.0,1018.4073770999998,1000.0,710.4889770999997,1000.0,0.8776481986463807,0.0
1273,1708650060000.0,0.0,0.0,1686.0,0.5301325029655991,0.0,0.0,0.3471,1.0,1.0,1018.4073770999998,1000.0,709.8145770999997,1000.0,0.8776481986463807,0.0
1274,1708653660000.0,0.0,0.0,1686.0,0.5301325029655991,0.0,0.0,0.3471,1.0,1.0,1018.4073770999998,1000.0,709.8145770999997,1000.0,0.8776481986463807,0.0
1275,1708657260000.0,0.0,0.0,1686.0,0.5301325029655991,0.0,0.0,0.3437,1.0,1.0,1018.4073770999998,1000.0,704.0821770999997,1000.0,0.8776481986463807,0.0
1276,1708660860000.0,0.0,0.0,1686.0,0.5301325029655991,0.0,0.0,0.3442,1.0,1.0,1018.4073770999998,1000.0,704.9251770999997,1000.0,0.8776481986463807,0.0
1277,1708664460000.0,0.0,0.0,1686.0,0.5301325029655991,0.0,0.0,0.3464,1.0,1.0,1018.4073770999998,1000.0,708.6343770999997,1000.0,0.8776481986463807,0.0
1278,1708668060000.0,0.0,0.0,1686.0,0.5301325029655991,0.0,0.0,0.347,1.0,1.0,1018.4073770999998,1000.0,709.6459770999998,1000.0,0.8776481986463807,0.0
1279,1708671660000.0,0.0,0.0,1686.0,0.5301325029655991,0.0,0.0,0.3478,1.0,1.0,1018.4073770999998,1000.0,710.9947770999997,1000.0,0.8776481986463807,0.0
1280,1708675260000.0,0.0,0.0,1686.0,0.5301325029655991,0.0,0.0,0.3439,1.0,1.0,1018.4073770999998,1000.0,704.4193770999998,1000.0,0.8776481986463807,0.0
1281,1708678860000.0,0.0,0.0,1686.0,0.5301325029655991,0.0,0.0,0.3417,1.0,1.0,1018.4073770999998,1000.0,700.7101770999998,1000.0,0.8776481986463807,0.0
1282,1708682460000.0,0.0,0.0,1686.0,0.5301325029655991,0.0,0.0,0.3444,1.0,1.0,1018.4073770999998,1000.0,705.2623770999998,1000.0,0.8776481986463807,0.0
1283,1708686060000.0,0.0,0.0,1686.0,0.5301325029655991,0.0,0.0,0.3458,1.0,1.0,1018.4073770999998,1000.0,707.6227770999997,1000.0,0.8776481986463807,0.0
1284,1708689660000.0,0.0,0.0,1686.0,0.5301325029655991,0.0,0.0,0.3462,1.0,1.0,1018.4073770999998,1000.0,708.2971770999998,1000.0,0.8776481986463807,0.0
1285,1708693260000.0,0.0,0.0,1686.0,0.5301325029655991,0.0,0.0,0.344,1.0,1.0,1018.4073770999998,1000.0,704.5879770999998,1000.0,0.8776481986463807,0.0
1286,1708696860000.0,0.0,0.0,1686.0,0.5301325029655991,0.0,0.0,0.3466,1.0,1.0,1018.4073770999998,1000.0,708.9715770999998,1000.0,0.8776481986463807,0.0
1287,1708700460000.0,0.0,0.0,1686.0,0.5301325029655991,0.0,0.0,0.3506,1.0,1.0,1018.4073770999998,1000.0,715.7155770999998,1000.0,0.8776481986463807,0.0
1288,1708704060000.0,0.0,0.0,1686.0,0.5301325029655991,0.0,0.0,0.3443,1.0,1.0,1018.4073770999998,1000.0,705.0937770999997,1000.0,0.8776481986463807,0.0
1289,1708707660000.0,0.0,0.0,1686.0,0.5301325029655991,0.0,0.0,0.3463,1.0,1.0,1018.4073770999998,1000.0,708.4657770999997,1000.0,0.8776481986463807,0.0
1290,1708711260000.0,0.0,0.0,1686.0,0.5301325029655991,0.0,0.0,0.3487,1.0,1.0,1018.4073770999998,1000.0,712.5121770999997,1000.0,0.8776481986463807,0.0
1291,1708714860000.0,0.0,0.0,1686.0,0.5301325029655991,0.0,0.0,0.3494,1.0,1.0,1018.4073770999998,1000.0,713.6923770999997,1000.0,0.8776481986463807,0.0
1292,1708718460000.0,0.0,0.0,1686.0,0.5301325029655991,0.0,0.0,0.3498,1.0,1.0,1018.4073770999998,1000.0,714.3667770999998,1000.0,0.8776481986463807,0.0
1293,1708722060000.0,0.0,0.0,1686.0,0.5301325029655991,0.0,0.0,0.3493,1.0,1.0,1018.4073770999998,1000.0,713.5237770999997,1000.0,0.8776481986463807,0.0
1294,1708725660000.0,0.0,0.0,1686.0,0.5301325029655991,0.0,0.0,0.348,1.0,1.0,1018.4073770999998,1000.0,711.3319770999997,1000.0,0.8776481986463807,0.0
1295,1708729260000.0,0.0,0.0,1686.0,0.5301325029655991,0.0,0.0,0.3447,1.0,1.0,1018.4073770999998,1000.0,705.7681770999998,1000.0,0.8776481986463807,0.0
1296,1708732860000.0,0.0,0.0,1686.0,0.5301325029655991,0.0,0.0,0.3464,1.0,1.0,1018.4073770999998,1000.0,708.6343770999997,1000.0,0.8776481986463807,0.0
1297,1708736460000.0,0.0,0.0,1686.0,0.5301325029655991,0.0,0.0,0.3468,1.0,1.0,1018.4073770999998,1000.0,709.3087770999998,1000.0,0.8776481986463807,0.0
1298,1708740060000.0,0.0,0.0,1686.0,0.5301325029655991,0.0,0.0,0.3398,1.0,1.0,1018.4073770999998,1000.0,697.5067770999997,1000.0,0.8776481986463807,0.0
1299,1708743660000.0,0.0,0.0,1686.0,0.5301325029655991,0.0,0.0,0.3435,1.0,1.0,1018.4073770999998,1000.0,703.7449770999998,1000.0,0.8776481986463807,0.0
1300,1708747260000.0,0.0,0.0,1686.0,0.5301325029655991,0.0,0.0,0.3454,1.0,1.0,1018.4073770999998,1000.0,706.9483770999998,1000.0,0.8776481986463807,0.0
1301,1708750860000.0,0.0,0.0,1686.0,0.5301325029655991,0.0,0.0,0.3466,1.0,1.0,1018.4073770999998,1000.0,708.9715770999998,1000.0,0.8776481986463807,0.0
1302,1708754460000.0,0.0,0.0,1686.0,0.5301325029655991,0.0,0.0,0.3461,1.0,1.0,1018.4073770999998,1000.0,708.1285770999998,1000.0,0.8776481986463807,0.0
1303,1708758060000.0,0.0,0.0,1686.0,0.5301325029655991,0.0,0.0,0.3457,1.0,1.0,1018.4073770999998,1000.0,707.4541770999997,1000.0,0.8776481986463807,0.0
1304,1708761660000.0,0.0,0.0,1686.0,0.5301325029655991,0.0,0.0,0.3476,1.0,1.0,1018.4073770999998,1000.0,710.6575770999998,1000.0,0.8776481986463807,0.0
1305,1708765260000.0,0.0,0.0,1686.0,0.5301325029655991,0.0,0.0,0.3446,1.0,1.0,1018.4073770999998,1000.0,705.5995770999998,1000.0,0.8776481986463807,0.0
1306,1708768860000.0,0.0,0.0,1686.0,0.5301325029655991,0.0,0.0,0.3471,1.0,1.0,1018.4073770999998,1000.0,709.8145770999997,1000.0,0.8776481986463807,0.0
1307,1708772460000.0,0.0,0.0,1686.0,0.5301325029655991,0.0,0.0,0.3474,1.0,1.0,1018.4073770999998,1000.0,710.3203770999997,1000.0,0.8776481986463807,0.0
1308,1708776060000.0,0.0,0.0,1686.0,0.5301325029655991,0.0,0.0,0.3486,1.0,1.0,1018.4073770999998,1000.0,712.3435770999997,1000.0,0.8776481986463807,0.0
1309,1708779660000.0,0.0,0.0,1686.0,0.5301325029655991,0.0,0.0,0.3481,1.0,1.0,1018.4073770999998,1000.0,711.5005770999999,1000.0,0.8776481986463807,0.0
1310,1708783260000.0,0.0,0.0,1686.0,0.5301325029655991,0.0,0.0,0.3481,1.0,1.0,1018.4073770999998,1000.0,711.5005770999999,1000.0,0.8776481986463807,0.0
1311,1708786860000.0,0.0,0.0,1686.0,0.5301325029655991,0.0,0.0,0.3478,1.0,1.0,1018.4073770999998,1000.0,710.9947770999997,1000.0,0.8776481986463807,0.0
1312,1708790460000.0,0.0,0.0,1686.0,0.5301325029655991,0.0,0.0,0.3483,1.0,1.0,1018.4073770999998,1000.0,711.8377770999998,1000.0,0.8776481986463807,0.0
1313,1708794060000.0,0.0,0.0,1686.0,0.5301325029655991,0.0,0.0,0.3498,1.0,1.0,1018.4073770999998,1000.0,714.3667770999998,1000.0,0.8776481986463807,0.0
1314,1708797660000.0,0.0,0.0,1686.0,0.5301325029655991,0.0,0.0,0.3514,1.0,1.0,1018.4073770999998,1000.0,717.0643770999998,1000.0,0.8776481986463807,0.0
1315,1708801260000.0,0.0,0.0,1686.0,0.5301325029655991,0.0,0.0,0.3502,1.0,1.0,1018.4073770999998,1000.0,715.0411770999998,1000.0,0.8776481986463807,0.0
1316,1708804860000.0,0.0,0.0,1686.0,0.5301325029655991,0.0,0.0,0.3513,1.0,1.0,1018.4073770999998,1000.0,716.8957770999998,1000.0,0.8776481986463807,0.0
1317,1708808460000.0,0.0,0.0,1686.0,0.5301325029655991,0.0,0.0,0.3519,1.0,1.0,1018.4073770999998,1000.0,717.9073770999997,1000.0,0.8776481986463807,0.0
1318,1708812060000.0,0.0,0.0,1686.0,0.5301325029655991,0.0,0.0,0.3524,1.0,1.0,1018.4073770999998,1000.0,718.7503770999997,1000.0,0.8776481986463807,0.0
1319,1708815660000.0,0.0,0.0,1686.0,0.5301325029655991,0.0,0.0,0.352,1.0,1.0,1018.4073770999998,1000.0,718.0759770999997,1000.0,0.8776481986463807,0.0
1320,1708819260000.0,0.0,0.0,1686.0,0.5301325029655991,0.0,0.0,0.3516,1.0,1.0,1018.4073770999998,1000.0,717.4015770999997,1000.0,0.8776481986463807,0.0
1321,1708822860000.0,0.0,0.0,1686.0,0.5301325029655991,0.0,0.0,0.3574,1.0,1.0,1018.4073770999998,1000.0,727.1803770999998,1000.0,0.8776481986463807,0.0
1322,1708826460000.0,0.0,0.0,1686.0,0.5301325029655991,0.0,0.0,0.3587,1.0,1.0,1018.4073770999998,1000.0,729.3721770999998,1000.0,0.8776481986463807,0.0
1323,1708830060000.0,0.0,0.0,1686.0,0.5301325029655991,0.0,0.0,0.3575,1.0,1.0,1018.4073770999998,1000.0,727.3489770999997,1000.0,0.8776481986463807,0.0
1324,1708833660000.0,0.0,0.0,1686.0,0.5301325029655991,0.0,0.0,0.3552,1.0,1.0,1018.4073770999998,1000.0,723.4711770999997,1000.0,0.8776481986463807,0.0
1325,1708837260000.0,0.0,0.0,1686.0,0.5301325029655991,0.0,0.0,0.355,1.0,1.0,1018.4073770999998,1000.0,723.1339770999998,1000.0,0.8776481986463807,0.0
1326,1708840860000.0,0.0,0.0,1686.0,0.5301325029655991,0.0,0.0,0.3539,1.0,1.0,1018.4073770999998,1000.0,721.2793770999997,1000.0,0.8776481986463807,0.0
1327,1708844460000.0,0.0,0.0,1686.0,0.5301325029655991,0.0,0.0,0.3554,1.0,1.0,1018.4073770999998,1000.0,723.8083770999997,1000.0,0.8776481986463807,0.0
1328,1708848060000.0,0.0,0.0,1686.0,0.5301325029655991,0.0,0.0,0.355,1.0,1.0,1018.4073770999998,1000.0,723.1339770999998,1000.0,0.8776481986463807,0.0
1329,1708851660000.0,0.0,0.0,1686.0,0.5301325029655991,0.0,0.0,0.3529,1.0,1.0,1018.4073770999998,1000.0,719.5933770999998,1000.0,0.8776481986463807,0.0
1330,1708855260000.0,0.0,0.0,1686.0,0.5301325029655991,0.0,0.0,0.3572,1.0,1.0,1018.4073770999998,1000.0,726.8431770999998,1000.0,0.8776481986463807,0.0
1331,1708858860000.0,0.0,0.0,1686.0,0.5301325029655991,0.0,0.0,0.3591,1.0,1.0,1018.4073770999998,1000.0,730.0465770999997,1000.0,0.8776481986463807,0.0
1332,1708862460000.0,0.0,0.0,1686.0,0.5301325029655991,0.0,0.0,0.3595,1.0,1.0,1018.4073770999998,1000.0,730.7209770999998,1000.0,0.8776481986463807,0.0
1333,1708866060000.0,0.0,0.0,1686.0,0.5301325029655991,0.0,0.0,0.3603,1.0,1.0,1018.4073770999998,1000.0,732.0697770999998,1000.0,0.8776481986463807,0.0
1334,1708869660000.0,0.0,0.0,1686.0,0.5301325029655991,0.0,0.0,0.359,1.0,1.0,1018.4073770999998,1000.0,729.8779770999997,1000.0,0.8776481986463807,0.0
1335,1708873260000.0,0.0,0.0,1686.0,0.5301325029655991,0.0,0.0,0.3569,1.0,1.0,1018.4073770999998,1000.0,726.3373770999997,1000.0,0.8776481986463807,0.0
1336,1708876860000.0,0.0,0.0,1686.0,0.5301325029655991,0.0,0.0,0.3567,1.0,1.0,1018.4073770999998,1000.0,726.0001770999997,1000.0,0.8776481986463807,0.0
1337,1708880460000.0,0.0,0.0,1686.0,0.5301325029655991,0.0,0.0,0.3555,1.0,1.0,1018.4073770999998,1000.0,723.9769770999997,1000.0,0.8776481986463807,0.0
1338,1708884060000.0,0.0,0.0,1686.0,0.5301325029655991,0.0,0.0,0.3575,1.0,1.0,1018.4073770999998,1000.0,727.3489770999997,1000.0,0.8776481986463807,0.0
1339,1708887660000.0,0.0,0.0,1686.0,0.5301325029655991,0.0,0.0,0.358,1.0,1.0,1018.4073770999998,1000.0,728.1919770999998,1000.0,0.8776481986463807,0.0
1340,1708891260000.0,0.0,0.0,1686.0,0.5301325029655991,0.0,0.0,0.3587,1.0,1.0,1018.4073770999998,1000.0,729.3721770999998,1000.0,0.8776481986463807,0.0
1341,1708894860000.0,0.0,0.0,1686.0,0.5301325029655991,0.0,0.0,0.3604,1.0,1.0,1018.4073770999998,1000.0,732.2383770999998,1000.0,0.8776481986463807,0.0
1342,1708898460000.0,0.0,0.0,1686.0,0.5301325029655991,0.0,0.0,0.3583,1.0,1.0,1018.4073770999998,1000.0,728.6977770999997,1000.0,0.8776481986463807,0.0
1343,1708902060000.0,0.0,0.0,1686.0,0.5301325029655991,0.0,0.0,0.3595,1.0,1.0,1018.4073770999998,1000.0,730.7209770999998,1000.0,0.8776481986463807,0.0
1344,1708905660000.0,0.0,0.0,1686.0,0.5301325029655991,0.0,0.0,0.3583,1.0,1.0,1018.4073770999998,1000.0,728.6977770999997,1000.0,0.8776481986463807,0.0
1345,1708909260000.0,0.0,0.0,1686.0,0.5301325029655991,0.0,0.0,0.356,1.0,1.0,1018.4073770999998,1000.0,724.8199770999997,1000.0,0.8776481986463807,0.0
1346,1708912860000.0,0.0,0.0,1686.0,0.5301325029655991,0.0,0.0,0.3531,1.0,1.0,1018.4073770999998,1000.0,719.9305770999998,1000.0,0.8776481986463807,0.0
1347,1708916460000.0,0.0,0.0,1686.0,0.5301325029655991,0.0,0.0,0.3518,1.0,1.0,1018.4073770999998,1000.0,717.7387770999998,1000.0,0.8776481986463807,0.0
1348,1708920060000.0,0.0,0.0,1686.0,0.5301325029655991,0.0,0.0,0.353,1.0,1.0,1018.4073770999998,1000.0,719.7619770999997,1000.0,0.8776481986463807,0.0
1349,1708923660000.0,0.0,0.0,1686.0,0.5301325029655991,0.0,0.0,0.3524,1.0,1.0,1018.4073770999998,1000.0,718.7503770999997,1000.0,0.8776481986463807,0.0
1350,1708927260000.0,0.0,0.0,1686.0,0.5301325029655991,0.0,0.0,0.353,1.0,1.0,1018.4073770999998,1000.0,719.7619770999997,1000.0,0.8776481986463807,0.0
1351,1708930860000.0,0.0,0.0,1686.0,0.5301325029655991,0.0,0.0,0.3535,1.0,1.0,1018.4073770999998,1000.0,720.6049770999997,1000.0,0.8776481986463807,0.0
1352,1708934460000.0,0.0,0.0,1686.0,0.5301325029655991,0.0,0.0,0.3513,1.0,1.0,1018.4073770999998,1000.0,716.8957770999998,1000.0,0.8776481986463807,0.0
1353,1708938060000.0,0.0,0.0,1686.0,0.5301325029655991,0.0,0.0,0.3519,1.0,1.0,1018.4073770999998,1000.0,717.9073770999997,1000.0,0.8776481986463807,0.0
1354,1708941660000.0,0.0,0.0,1686.0,0.5301325029655991,0.0,0.0,0.3472,1.0,1.0,1018.4073770999998,1000.0,709.9831770999997,1000.0,0.8776481986463807,0.0
1355,1708945260000.0,0.0,0.0,1686.0,0.5301325029655991,0.0,0.0,0.3484,1.0,1.0,1018.4073770999998,1000.0,712.0063770999998,1000.0,0.8776481986463807,0.0
1356,1708948860000.0,0.0,0.0,1686.0,0.5301325029655991,0.0,0.0,0.3482,1.0,1.0,1018.4073770999998,1000.0,711.6691770999998,1000.0,0.8776481986463807,0.0
1357,1708952460000.0,0.0,0.0,1686.0,0.5301325029655991,0.0,0.0,0.3476,1.0,1.0,1018.4073770999998,1000.0,710.6575770999998,1000.0,0.8776481986463807,0.0
1358,1708956060000.0,0.0,0.0,1686.0,0.5301325029655991,0.0,0.0,0.3475,1.0,1.0,1018.4073770999998,1000.0,710.4889770999997,1000.0,0.8776481986463807,0.0
1359,1708959660000.0,0.0,0.0,1686.0,0.5301325029655991,0.0,0.0,0.3511,1.0,1.0,1018.4073770999998,1000.0,716.5585770999999,1000.0,0.8776481986463807,0.0
1360,1708963260000.0,0.0,0.0,1686.0,0.5301325029655991,0.0,0.0,0.3548,1.0,1.0,1018.4073770999998,1000.0,722.7967770999998,1000.0,0.8776481986463807,0.0
1361,1708966860000.0,0.0,0.0,1686.0,0.5301325029655991,0.0,0.0,0.3562,1.0,1.0,1018.4073770999998,1000.0,725.1571770999998,1000.0,0.8776481986463807,0.0
1362,1708970460000.0,0.0,0.0,1686.0,0.5301325029655991,0.0,0.0,0.3578,1.0,1.0,1018.4073770999998,1000.0,727.8547770999998,1000.0,0.8776481986463807,0.0
1363,1708974060000.0,0.0,0.0,1686.0,0.5301325029655991,0.0,0.0,0.3553,1.0,1.0,1018.4073770999998,1000.0,723.6397770999997,1000.0,0.8776481986463807,0.0
1364,1708977660000.0,0.0,0.0,1686.0,0.5301325029655991,0.0,0.0,0.3579,1.0,1.0,1018.4073770999998,1000.0,728.0233770999997,1000.0,0.8776481986463807,0.0
1365,1708981260000.0,0.0,0.0,1686.0,0.5301325029655991,0.0,0.0,0.3584,1.0,1.0,1018.4073770999998,1000.0,728.8663770999997,1000.0,0.8776481986463807,0.0
1366,1708984860000.0,0.0,0.0,1686.0,0.5301325029655991,0.0,0.0,0.3605,1.0,1.0,1018.4073770999998,1000.0,732.4069770999997,1000.0,0.8776481986463807,0.0
1367,1708988460000.0,0.0,0.0,1686.0,0.5301325029655991,0.0,0.0,0.3615,1.0,1.0,1018.4073770999998,1000.0,734.0929770999998,1000.0,0.8776481986463807,0.0
1368,1708992060000.0,0.0,0.0,1686.0,0.5301325029655991,0.0,0.0,0.3614,1.0,1.0,1018.4073770999998,1000.0,733.9243770999997,1000.0,0.8776481986463807,0.0
1369,1708995660000.0,0.0,0.0,1686.0,0.5301325029655991,0.0,0.0,0.3588,1.0,1.0,1018.4073770999998,1000.0,729.5407770999998,1000.0,0.8776481986463807,0.0
1370,1708999260000.0,0.0,0.0,1686.0,0.5301325029655991,0.0,0.0,0.3603,1.0,1.0,1018.4073770999998,1000.0,732.0697770999998,1000.0,0.8776481986463807,0.0
1371,1709002860000.0,0.0,0.0,1686.0,0.5301325029655991,0.0,0.0,0.3613,1.0,1.0,1018.4073770999998,1000.0,733.7557770999997,1000.0,0.8776481986463807,0.0
1372,1709006460000.0,0.0,0.0,1686.0,0.5301325029655991,0.0,0.0,0.3564,1.0,1.0,1018.4073770999998,1000.0,725.4943770999997,1000.0,0.8776481986463807,0.0
1373,1709010060000.0,0.0,0.0,1686.0,0.5301325029655991,0.0,0.0,0.3584,1.0,1.0,1018.4073770999998,1000.0,728.8663770999997,1000.0,0.8776481986463807,0.0
1374,1709013660000.0,0.0,0.0,1686.0,0.5301325029655991,0.0,0.0,0.3579,1.0,1.0,1018.4073770999998,1000.0,728.0233770999997,1000.0,0.8776481986463807,0.0
1375,1709017260000.0,0.0,0.0,1686.0,0.5301325029655991,0.0,0.0,0.3551,1.0,1.0,1018.4073770999998,1000.0,723.3025770999998,1000.0,0.8776481986463807,0.0
1376,1709020860000.0,0.0,0.0,1686.0,0.5301325029655991,0.0,0.0,0.3536,1.0,1.0,1018.4073770999998,1000.0,720.7735770999998,1000.0,0.8776481986463807,0.0
1377,1709024460000.0,0.0,0.0,1686.0,0.5301325029655991,0.0,0.0,0.3548,1.0,1.0,1018.4073770999998,1000.0,722.7967770999998,1000.0,0.8776481986463807,0.0
1378,1709028060000.0,0.0,0.0,1686.0,0.5301325029655991,0.0,0.0,0.3544,1.0,1.0,1018.4073770999998,1000.0,722.1223770999998,1000.0,0.8776481986463807,0.0
1379,1709031660000.0,0.0,0.0,1686.0,0.5301325029655991,0.0,0.0,0.3574,1.0,1.0,1018.4073770999998,1000.0,727.1803770999998,1000.0,0.8776481986463807,0.0
1380,1709035260000.0,0.0,0.0,1686.0,0.5301325029655991,0.0,0.0,0.3573,1.0,1.0,1018.4073770999998,1000.0,727.0117770999998,1000.0,0.8776481986463807,0.0
1381,1709038860000.0,0.0,0.0,1686.0,0.5301325029655991,0.0,0.0,0.3534,1.0,1.0,1018.4073770999998,1000.0,720.4363770999997,1000.0,0.8776481986463807,0.0
1382,1709042460000.0,0.0,0.0,1686.0,0.5301325029655991,0.0,0.0,0.3545,1.0,1.0,1018.4073770999998,1000.0,722.2909770999997,1000.0,0.8776481986463807,0.0
1383,1709046060000.0,0.0,0.0,1686.0,0.5301325029655991,0.0,0.0,0.355,1.0,1.0,1018.4073770999998,1000.0,723.1339770999998,1000.0,0.8776481986463807,0.0
1384,1709049660000.0,0.0,0.0,1686.0,0.5301325029655991,0.0,0.0,0.3523,1.0,1.0,1018.4073770999998,1000.0,718.5817770999997,1000.0,0.8776481986463807,0.0
1385,1709053260000.0,0.0,0.0,1686.0,0.5301325029655991,0.0,0.0,0.3521,1.0,1.0,1018.4073770999998,1000.0,718.2445770999998,1000.0,0.8776481986463807,0.0
1386,1709056860000.0,0.0,0.0,1686.0,0.5301325029655991,0.0,0.0,0.3545,1.0,1.0,1018.4073770999998,1000.0,722.2909770999997,1000.0,0.8776481986463807,0.0
1387,1709060460000.0,0.0,0.0,1686.0,0.5301325029655991,0.0,0.0,0.356,1.0,1.0,1018.4073770999998,1000.0,724.8199770999997,1000.0,0.8776481986463807,0.0
1388,1709064060000.0,0.0,0.0,1686.0,0.5301325029655991,0.0,0.0,0.3539,1.0,1.0,1018.4073770999998,1000.0,721.2793770999997,1000.0,0.8776481986463807,0.0
1389,1709067660000.0,0.0,0.0,1686.0,0.5301325029655991,0.0,0.0,0.3546,1.0,1.0,1018.4073770999998,1000.0,722.4595770999998,1000.0,0.8776481986463807,0.0
1390,1709071260000.0,0.0,0.0,1686.0,0.5301325029655991,0.0,0.0,0.3567,1.0,1.0,1018.4073770999998,1000.0,726.0001770999997,1000.0,0.8776481986463807,0.0
1391,1709074860000.0,0.0,0.0,1686.0,0.5301325029655991,0.0,0.0,0.3571,1.0,1.0,1018.4073770999998,1000.0,726.6745770999997,1000.0,0.8776481986463807,0.0
1392,1709078460000.0,0.0,0.0,1686.0,0.5301325029655991,0.0,0.0,0.356,1.0,1.0,1018.4073770999998,1000.0,724.8199770999997,1000.0,0.8776481986463807,0.0
1393,1709082060000.0,0.0,0.0,1686.0,0.5301325029655991,0.0,0.0,0.3568,1.0,1.0,1018.4073770999998,1000.0,726.1687770999997,1000.0,0.8776481986463807,0.0
1394,1709085660000.0,0.0,0.0,1686.0,0.5301325029655991,0.0,0.0,0.3553,1.0,1.0,1018.4073770999998,1000.0,723.6397770999997,1000.0,0.8776481986463807,0.0
1395,1709089260000.0,0.0,0.0,1686.0,0.5301325029655991,0.0,0.0,0.3555,1.0,1.0,1018.4073770999998,1000.0,723.9769770999997,1000.0,0.8776481986463807,0.0
1396,1709092860000.0,0.0,0.0,1686.0,0.5301325029655991,0.0,0.0,0.3533,1.0,1.0,1018.4073770999998,1000.0,720.2677770999998,1000.0,0.8776481986463807,0.0
1397,1709096460000.0,0.0,0.0,1686.0,0.5301325029655991,0.0,0.0,0.3559,1.0,1.0,1018.4073770999998,1000.0,724.6513770999998,1000.0,0.8776481986463807,0.0
1398,1709100060000.0,0.0,0.0,1686.0,0.5301325029655991,0.0,0.0,0.3559,1.0,1.0,1018.4073770999998,1000.0,724.6513770999998,1000.0,0.8776481986463807,0.0
1399,1709103660000.0,0.0,0.0,1686.0,0.5301325029655991,0.0,0.0,0.3554,1.0,1.0,1018.4073770999998,1000.0,723.8083770999997,1000.0,0.8776481986463807,0.0
1400,1709107260000.0,0.0,0.0,1686.0,0.5301325029655991,0.0,0.0,0.3565,1.0,1.0,1018.4073770999998,1000.0,725.6629770999998,1000.0,0.8776481986463807,0.0
1401,1709110860000.0,0.0,0.0,1686.0,0.5301325029655991,0.0,0.0,0.3536,1.0,1.0,1018.4073770999998,1000.0,720.7735770999998,1000.0,0.8776481986463807,0.0
1402,1709114460000.0,0.0,0.0,1686.0,0.5301325029655991,0.0,0.0,0.3573,1.0,1.0,1018.4073770999998,1000.0,727.0117770999998,1000.0,0.8776481986463807,0.0
1403,1709118060000.0,0.0,0.0,1686.0,0.5301325029655991,0.0,0.0,0.3592,1.0,1.0,1018.4073770999998,1000.0,730.2151770999998,1000.0,0.8776481986463807,0.0
1404,1709121660000.0,0.0,0.0,1686.0,0.5301325029655991,0.0,0.0,0.3546,1.0,1.0,1018.4073770999998,1000.0,722.4595770999998,1000.0,0.8776481986463807,0.0
1405,1709125260000.0,0.0,0.0,1686.0,0.5301325029655991,0.0,0.0,0.3566,1.0,1.0,1018.4073770999998,1000.0,725.8315770999998,1000.0,0.8776481986463807,0.0
1406,1709128860000.0,0.0,0.0,1686.0,0.5301325029655991,0.0,0.0,0.3589,1.0,1.0,1018.4073770999998,1000.0,729.7093770999998,1000.0,0.8776481986463807,0.0
1407,1709132460000.0,0.0,0.0,1686.0,0.5301325029655991,0.0,0.0,0.3587,1.0,1.0,1018.4073770999998,1000.0,729.3721770999998,1000.0,0.8776481986463807,0.0
1408,1709136060000.0,0.0,0.0,1686.0,0.5301325029655991,0.0,0.0,0.3574,1.0,1.0,1018.4073770999998,1000.0,727.1803770999998,1000.0,0.8776481986463807,0.0
1409,1709139660000.0,0.0,0.0,1686.0,0.5301325029655991,0.0,0.0,0.3597,1.0,1.0,1018.4073770999998,1000.0,731.0581770999997,1000.0,0.8776481986463807,0.0
1410,1709143260000.0,0.0,0.0,1686.0,0.5301325029655991,0.0,0.0,0.341,1.0,1.0,1018.4073770999998,1000.0,699.5299770999998,1000.0,0.8776481986463807,0.0
1411,1709146860000.0,0.0,0.0,1686.0,0.5301325029655991,0.0,0.0,0.3401,1.0,1.0,1018.4073770999998,1000.0,698.0125770999998,1000.0,0.8776481986463807,0.0
1412,1709150460000.0,0.0,0.0,1686.0,0.5301325029655991,0.0,0.0,0.3408,1.0,1.0,1018.4073770999998,1000.0,699.1927770999997,1000.0,0.8776481986463807,0.0
1413,1709154060000.0,0.0,0.0,1686.0,0.5301325029655991,0.0,0.0,0.3423,1.0,1.0,1018.4073770999998,1000.0,701.7217770999998,1000.0,0.8776481986463807,0.0
1414,1709157660000.0,0.0,0.0,1686.0,0.5301325029655991,0.0,0.0,0.3465,1.0,1.0,1018.4073770999998,1000.0,708.8029770999997,1000.0,0.8776481986463807,0.0
1415,1709161260000.0,0.0,0.0,1686.0,0.5301325029655991,0.0,0.0,0.3468,1.0,1.0,1018.4073770999998,1000.0,709.3087770999998,1000.0,0.8776481986463807,0.0
1416,1709164860000.0,0.0,0.0,1686.0,0.5301325029655991,0.0,0.0,0.3477,1.0,1.0,1018.4073770999998,1000.0,710.8261770999998,1000.0,0.8776481986463807,0.0
1417,1709168460000.0,0.0,0.0,1686.0,0.5301325029655991,0.0,0.0,0.3471,1.0,1.0,1018.4073770999998,1000.0,709.8145770999997,1000.0,0.8776481986463807,0.0
1418,1709172060000.0,0.0,0.0,1686.0,0.5301325029655991,0.0,0.0,0.3467,1.0,1.0,1018.4073770999998,1000.0,709.1401770999998,1000.0,0.8776481986463807,0.0
1419,1709175660000.0,0.0,0.0,1686.0,0.5301325029655991,0.0,0.0,0.3451,1.0,1.0,1018.4073770999998,1000.0,706.4425770999998,1000.0,0.8776481986463807,0.0
1420,1709179260000.0,0.0,0.0,1686.0,0.5301325029655991,0.0,0.0,0.3461,1.0,1.0,1018.4073770999998,1000.0,708.1285770999998,1000.0,0.8776481986463807,0.0
1421,1709182860000.0,0.0,0.0,1686.0,0.5301325029655991,0.0,0.0,0.3488,1.0,1.0,1018.4073770999998,1000.0,712.6807770999998,1000.0,0.8776481986463807,0.0
1422,1709186460000.0,0.0,0.0,1686.0,0.5301325029655991,0.0,0.0,0.3512,1.0,1.0,1018.4073770999998,1000.0,716.7271770999998,1000.0,0.8776481986463807,0.0
1423,1709190060000.0,0.0,0.0,1686.0,0.5301325029655991,0.0,0.0,0.3494,1.0,1.0,1018.4073770999998,1000.0,713.6923770999997,1000.0,0.8776481986463807,0.0
1424,1709193660000.0,0.0,0.0,1686.0,0.5301325029655991,0.0,0.0,0.3534,1.0,1.0,1018.4073770999998,1000.0,720.4363770999997,1000.0,0.8776481986463807,0.0
1425,1709197260000.0,0.0,0.0,1686.0,0.5301325029655991,0.0,0.0,0.3613,1.0,1.0,1018.4073770999998,1000.0,733.7557770999997,1000.0,0.8776481986463807,0.0
1426,1709200860000.0,0.0,0.0,1686.0,0.5301325029655991,0.0,0.0,0.3573,1.0,1.0,1018.4073770999998,1000.0,727.0117770999998,1000.0,0.8776481986463807,0.0
1427,1709204460000.0,0.0,0.0,1686.0,0.5301325029655991,0.0,0.0,0.355,1.0,1.0,1018.4073770999998,1000.0,723.1339770999998,1000.0,0.8776481986463807,0.0
1428,1709208060000.0,0.0,0.0,1686.0,0.5301325029655991,0.0,0.0,0.356,1.0,1.0,1018.4073770999998,1000.0,724.8199770999997,1000.0,0.8776481986463807,0.0
1429,1709211660000.0,0.0,0.0,1686.0,0.5301325029655991,0.0,0.0,0.36,1.0,1.0,1018.4073770999998,1000.0,731.5639770999998,1000.0,0.8776481986463807,0.0
1430,1709215260000.0,0.0,0.0,1686.0,0.5301325029655991,0.0,0.0,0.3618,1.0,1.0,1018.4073770999998,1000.0,734.5987770999998,1000.0,0.8776481986463807,0.0
1431,1709218860000.0,0.0,0.0,1686.0,0.5301325029655991,0.0,0.0,0.3609,1.0,1.0,1018.4073770999998,1000.0,733.0813770999998,1000.0,0.8776481986463807,0.0
1432,1709222460000.0,0.0,0.0,1686.0,0.5301325029655991,0.0,0.0,0.3635,1.0,1.0,1018.4073770999998,1000.0,737.4649770999997,1000.0,0.8776481986463807,0.0
1433,1709226060000.0,0.0,0.0,1686.0,0.5301325029655991,0.0,0.0,0.3604,1.0,1.0,1018.4073770999998,1000.0,732.2383770999998,1000.0,0.8776481986463807,0.0
1434,1709229660000.0,0.0,0.0,1686.0,0.5301325029655991,0.0,0.0,0.357,1.0,1.0,1018.4073770999998,1000.0,726.5059770999997,1000.0,0.8776481986463807,0.0
1435,1709233260000.0,0.0,0.0,1686.0,0.5301325029655991,0.0,0.0,0.3587,1.0,1.0,1018.4073770999998,1000.0,729.3721770999998,1000.0,0.8776481986463807,0.0
1436,1709236860000.0,0.0,0.0,1686.0,0.5301325029655991,0.0,0.0,0.3595,1.0,1.0,1018.4073770999998,1000.0,730.7209770999998,1000.0,0.8776481986463807,0.0
1437,1709240460000.0,0.0,0.0,1686.0,0.5301325029655991,0.0,0.0,0.3592,1.0,1.0,1018.4073770999998,1000.0,730.2151770999998,1000.0,0.8776481986463807,0.0
1438,1709244060000.0,0.0,0.0,1686.0,0.5301325029655991,0.0,0.0,0.3552,1.0,1.0,1018.4073770999998,1000.0,723.4711770999997,1000.0,0.8776481986463807,0.0
1439,1709247660000.0,0.0,0.0,1686.0,0.5301325029655991,0.0,0.0,0.3505,1.0,1.0,1018.4073770999998,1000.0,715.5469770999997,1000.0,0.8776481986463807,0.0
1440,1709251260000.0,0.0,0.0,1686.0,0.5301325029655991,0.0,0.0,0.3555,1.0,1.0,1018.4073770999998,1000.0,723.9769770999997,1000.0,0.8776481986463807,0.0
1441,1709254860000.0,0.0,0.0,1686.0,0.5301325029655991,0.0,0.0,0.3594,1.0,1.0,1018.4073770999998,1000.0,730.5523770999998,1000.0,0.8776481986463807,0.0
1442,1709258460000.0,0.0,0.0,1686.0,0.5301325029655991,0.0,0.0,0.3593,1.0,1.0,1018.4073770999998,1000.0,730.3837770999997,1000.0,0.8776481986463807,0.0
1443,1709262060000.0,0.0,0.0,1686.0,0.5301325029655991,0.0,0.0,0.3585,1.0,1.0,1018.4073770999998,1000.0,729.0349770999997,1000.0,0.8776481986463807,0.0
1444,1709265660000.0,0.0,0.0,1686.0,0.5301325029655991,0.0,0.0,0.358,1.0,1.0,1018.4073770999998,1000.0,728.1919770999998,1000.0,0.8776481986463807,0.0
1445,1709269260000.0,0.0,0.0,1686.0,0.5301325029655991,0.0,0.0,0.3619,1.0,1.0,1018.4073770999998,1000.0,734.7673770999997,1000.0,0.8776481986463807,0.0
1446,1709272860000.0,0.0,0.0,1686.0,0.5301325029655991,0.0,0.0,0.3629,1.0,1.0,1018.4073770999998,1000.0,736.4533770999998,1000.0,0.8776481986463807,0.0
1447,1709276460000.0,0.0,0.0,1686.0,0.5301325029655991,0.0,0.0,0.3646,1.0,1.0,1018.4073770999998,1000.0,739.3195770999997,1000.0,0.8776481986463807,0.0
1448,1709280060000.0,0.0,0.0,1686.0,0.5301325029655991,0.0,0.0,0.3639,1.0,1.0,1018.4073770999998,1000.0,738.1393770999998,1000.0,0.8776481986463807,0.0
1449,1709283660000.0,0.0,0.0,1686.0,0.5301325029655991,0.0,0.0,0.3668,1.0,1.0,1018.4073770999998,1000.0,743.0287770999998,1000.0,0.8776481986463807,0.0
1450,1709287260000.0,0.0,0.0,1686.0,0.5301325029655991,0.0,0.0,0.3666,1.0,1.0,1018.4073770999998,1000.0,742.6915770999997,1000.0,0.8776481986463807,0.0
1451,1709290860000.0,0.0,0.0,1686.0,0.5301325029655991,0.0,0.0,0.3638,1.0,1.0,1018.4073770999998,1000.0,737.9707770999999,1000.0,0.8776481986463807,0.0
1452,1709294460000.0,0.0,0.0,1686.0,0.5301325029655991,0.0,0.0,0.3643,1.0,1.0,1018.4073770999998,1000.0,738.8137770999997,1000.0,0.8776481986463807,0.0
1453,1709298060000.0,0.0,0.0,1686.0,0.5301325029655991,0.0,0.0,0.3665,1.0,1.0,1018.4073770999998,1000.0,742.5229770999997,1000.0,0.8776481986463807,0.0
1454,1709301660000.0,0.0,0.0,1686.0,0.5301325029655991,0.0,0.0,0.3655,1.0,1.0,1018.4073770999998,1000.0,740.8369770999998,1000.0,0.8776481986463807,0.0
1455,1709305260000.0,0.0,0.0,1686.0,0.5301325029655991,0.0,0.0,0.3666,1.0,1.0,1018.4073770999998,1000.0,742.6915770999997,1000.0,0.8776481986463807,0.0
1456,1709308860000.0,0.0,0.0,1686.0,0.5301325029655991,0.0,0.0,0.3644,1.0,1.0,1018.4073770999998,1000.0,738.9823770999998,1000.0,0.8776481986463807,0.0
1457,1709312460000.0,0.0,0.0,1686.0,0.5301325029655991,0.0,0.0,0.3655,1.0,1.0,1018.4073770999998,1000.0,740.8369770999998,1000.0,0.8776481986463807,0.0
1458,1709316060000.0,0.0,0.0,1686.0,0.5301325029655991,0.0,0.0,0.3677,1.0,1.0,1018.4073770999998,1000.0,744.5461770999998,1000.0,0.8776481986463807,0.0
1459,1709319660000.0,0.0,0.0,1686.0,0.5301325029655991,0.0,0.0,0.3693,1.0,1.0,1018.4073770999998,1000.0,747.2437770999998,1000.0,0.8776481986463807,0.0
1460,1709323260000.0,0.0,0.0,1686.0,0.5301325029655991,0.0,0.0,0.3692,1.0,1.0,1018.4073770999998,1000.0,747.0751770999998,1000.0,0.8776481986463807,0.0
1461,1709326860000.0,0.0,0.0,1686.0,0.5301325029655991,0.0,0.0,0.3691,1.0,1.0,1018.4073770999998,1000.0,746.9065770999997,1000.0,0.8776481986463807,0.0
1462,1709330460000.0,0.0,0.0,1686.0,0.5301325029655991,0.0,0.0,0.3705,1.0,1.0,1018.4073770999998,1000.0,749.2669770999997,1000.0,0.8776481986463807,0.0
1463,1709334060000.0,0.0,0.0,1686.0,0.5301325029655991,0.0,0.0,0.3727,1.0,1.0,1018.4073770999998,1000.0,752.9761770999996,1000.0,0.8776481986463807,0.0
1464,1709337660000.0,0.0,0.0,1686.0,0.5301325029655991,0.0,0.0,0.3744,1.0,1.0,1018.4073770999998,1000.0,755.8423770999998,1000.0,0.8776481986463807,0.0
1465,1709341260000.0,0.0,0.0,1686.0,0.5301325029655991,0.0,0.0,0.3804,1.0,1.0,1018.4073770999998,1000.0,765.9583770999998,1000.0,0.8776481986463807,0.0
1466,1709344860000.0,0.0,0.0,1686.0,0.5301325029655991,0.0,0.0,0.3772,1.0,1.0,1018.4073770999998,1000.0,760.5631770999997,1000.0,0.8776481986463807,0.0
1467,1709348460000.0,0.0,0.0,1686.0,0.5301325029655991,0.0,0.0,0.3775,1.0,1.0,1018.4073770999998,1000.0,761.0689770999998,1000.0,0.8776481986463807,0.0
1468,1709352060000.0,0.0,0.0,1686.0,0.5301325029655991,0.0,0.0,0.3795,1.0,1.0,1018.4073770999998,1000.0,764.4409770999998,1000.0,0.8776481986463807,0.0
1469,1709355660000.0,0.0,0.0,1686.0,0.5301325029655991,0.0,0.0,0.3785,1.0,1.0,1018.4073770999998,1000.0,762.7549770999998,1000.0,0.8776481986463807,0.0
1470,1709359260000.0,0.0,0.0,1686.0,0.5301325029655991,0.0,0.0,0.3773,1.0,1.0,1018.4073770999998,1000.0,760.7317770999998,1000.0,0.8776481986463807,0.0
1471,1709362860000.0,0.0,0.0,1686.0,0.5301325029655991,0.0,0.0,0.3789,1.0,1.0,1018.4073770999998,1000.0,763.4293770999998,1000.0,0.8776481986463807,0.0
1472,1709366460000.0,0.0,0.0,1686.0,0.5301325029655991,0.0,0.0,0.3795,1.0,1.0,1018.4073770999998,1000.0,764.4409770999998,1000.0,0.8776481986463807,0.0
1473,1709370060000.0,0.0,0.0,1686.0,0.5301325029655991,0.0,0.0,0.3787,1.0,1.0,1018.4073770999998,1000.0,763.0921770999997,1000.0,0.8776481986463807,0.0
1474,1709373660000.0,0.0,0.0,1686.0,0.5301325029655991,0.0,0.0,0.3777,1.0,1.0,1018.4073770999998,1000.0,761.4061770999997,1000.0,0.8776481986463807,0.0
1475,1709377260000.0,0.0,0.0,1686.0,0.5301325029655991,0.0,0.0,0.3791,1.0,1.0,1018.4073770999998,1000.0,763.7665770999997,1000.0,0.8776481986463807,0.0
1476,1709380860000.0,0.0,0.0,1686.0,0.5301325029655991,0.0,0.0,0.3768,1.0,1.0,1018.4073770999998,1000.0,759.8887770999997,1000.0,0.8776481986463807,0.0
1477,1709384460000.0,0.0,0.0,1686.0,0.5301325029655991,0.0,0.0,0.3833,1.0,1.0,1018.4073770999998,1000.0,770.8477770999997,1000.0,0.8776481986463807,0.0
1478,1709388060000.0,0.0,0.0,1686.0,0.5301325029655991,0.0,0.0,0.3873,1.0,1.0,1018.4073770999998,1000.0,777.5917770999997,1000.0,0.8776481986463807,0.0
1479,1709391660000.0,0.0,0.0,1686.0,0.5301325029655991,0.0,0.0,0.3881,1.0,1.0,1018.4073770999998,1000.0,778.9405770999997,1000.0,0.8776481986463807,0.0
1480,1709395260000.0,0.0,0.0,1686.0,0.5301325029655991,0.0,0.0,0.3891,1.0,1.0,1018.4073770999998,1000.0,780.6265770999997,1000.0,0.8776481986463807,0.0
1481,1709398860000.0,0.0,0.0,1686.0,0.5301325029655991,0.0,0.0,0.3875,1.0,1.0,1018.4073770999998,1000.0,777.9289770999998,1000.0,0.8776481986463807,0.0
1482,1709402460000.0,0.0,0.0,1686.0,0.5301325029655991,0.0,0.0,0.3881,1.0,1.0,1018.4073770999998,1000.0,778.9405770999997,1000.0,0.8776481986463807,0.0
1483,1709406060000.0,0.0,0.0,1686.0,0.5301325029655991,0.0,0.0,0.3875,1.0,1.0,1018.4073770999998,1000.0,777.9289770999998,1000.0,0.8776481986463807,0.0
1484,1709409660000.0,0.0,0.0,1686.0,0.5301325029655991,0.0,0.0,0.3898,1.0,1.0,1018.4073770999998,1000.0,781.8067770999997,1000.0,0.8776481986463807,0.0
1485,1709413260000.0,0.0,0.0,1686.0,0.5301325029655991,0.0,0.0,0.3889,1.0,1.0,1018.4073770999998,1000.0,780.2893770999998,1000.0,0.8776481986463807,0.0
1486,1709416860000.0,0.0,0.0,1686.0,0.5301325029655991,0.0,0.0,0.3909,1.0,1.0,1018.4073770999998,1000.0,783.6613770999998,1000.0,0.8776481986463807,0.0
1487,1709420460000.0,0.0,0.0,1686.0,0.5301325029655991,0.0,0.0,0.3926,1.0,1.0,1018.4073770999998,1000.0,786.5275770999998,1000.0,0.8776481986463807,0.0
1488,1709424060000.0,0.0,0.0,1686.0,0.5301325029655991,0.0,0.0,0.3965,1.0,1.0,1018.4073770999998,1000.0,793.1029770999997,1000.0,0.8776481986463807,0.0
1489,1709427660000.0,0.0,0.0,1686.0,0.5301325029655991,0.0,0.0,0.3899,1.0,1.0,1018.4073770999998,1000.0,781.9753770999998,1000.0,0.8776481986463807,0.0
1490,1709431260000.0,0.0,0.0,1686.0,0.5301325029655991,0.0,0.0,0.3909,1.0,1.0,1018.4073770999998,1000.0,783.6613770999998,1000.0,0.8776481986463807,0.0
1491,1709434860000.0,0.0,0.0,1686.0,0.5301325029655991,0.0,0.0,0.3897,1.0,1.0,1018.4073770999998,1000.0,781.6381770999998,1000.0,0.8776481986463807,0.0
1492,1709438460000.0,0.0,0.0,1686.0,0.5301325029655991,0.0,0.0,0.391,1.0,1.0,1018.4073770999998,1000.0,783.8299770999997,1000.0,0.8776481986463807,0.0
1493,1709442060000.0,0.0,0.0,1686.0,0.5301325029655991,0.0,0.0,0.3922,1.0,1.0,1018.4073770999998,1000.0,785.8531770999998,1000.0,0.8776481986463807,0.0
1494,1709445660000.0,0.0,0.0,1686.0,0.5301325029655991,0.0,0.0,0.3891,1.0,1.0,1018.4073770999998,1000.0,780.6265770999997,1000.0,0.8776481986463807,0.0
1495,1709449260000.0,0.0,0.0,1686.0,0.5301325029655991,0.0,0.0,0.3882,1.0,1.0,1018.4073770999998,1000.0,779.1091770999997,1000.0,0.8776481986463807,0.0
1496,1709452860000.0,0.0,0.0,1686.0,0.5301325029655991,0.0,0.0,0.3711,1.0,1.0,1018.4073770999998,1000.0,750.2785770999997,1000.0,0.8776481986463807,0.0
1497,1709456460000.0,0.0,0.0,1686.0,0.5301325029655991,0.0,0.0,0.3744,1.0,1.0,1018.4073770999998,1000.0,755.8423770999998,1000.0,0.8776481986463807,0.0
1498,1709460060000.0,0.0,0.0,1686.0,0.5301325029655991,0.0,0.0,0.3808,1.0,1.0,1018.4073770999998,1000.0,766.6327770999998,1000.0,0.8776481986463807,0.0
1499,1709463660000.0,0.0,0.0,1686.0,0.5301325029655991,0.0,0.0,0.3766,1.0,1.0,1018.4073770999998,1000.0,759.5515770999998,1000.0,0.8776481986463807,0.0
1500,1709467260000.0,0.0,0.0,1686.0,0.5301325029655991,0.0,0.0,0.3795,1.0,1.0,1018.4073770999998,1000.0,764.4409770999998,1000.0,0.8776481986463807,0.0
1501,1709470860000.0,0.0,0.0,1686.0,0.5301325029655991,0.0,0.0,0.3795,1.0,1.0,1018.4073770999998,1000.0,764.4409770999998,1000.0,0.8776481986463807,0.0
1502,1709474460000.0,0.0,0.0,1686.0,0.5301325029655991,0.0,0.0,0.3791,1.0,1.0,1018.4073770999998,1000.0,763.7665770999997,1000.0,0.8776481986463807,0.0
1503,1709478060000.0,0.0,0.0,1686.0,0.5301325029655991,0.0,0.0,0.3788,1.0,1.0,1018.4073770999998,1000.0,763.2607770999998,1000.0,0.8776481986463807,0.0
1504,1709481660000.0,0.0,0.0,1686.0,0.5301325029655991,0.0,0.0,0.3812,1.0,1.0,1018.4073770999998,1000.0,767.3071770999998,1000.0,0.8776481986463807,0.0
1505,1709485260000.0,0.0,0.0,1686.0,0.5301325029655991,0.0,0.0,0.383,1.0,1.0,1018.4073770999998,1000.0,770.3419770999998,1000.0,0.8776481986463807,0.0
1506,1709488860000.0,0.0,0.0,1686.0,0.5301325029655991,0.0,0.0,0.3812,1.0,1.0,1018.4073770999998,1000.0,767.3071770999998,1000.0,0.8776481986463807,0.0
1507,1709492460000.0,0.0,0.0,1686.0,0.5301325029655991,0.0,0.0,0.382,1.0,1.0,1018.4073770999998,1000.0,768.6559770999997,1000.0,0.8776481986463807,0.0
1508,1709496060000.0,0.0,0.0,1686.0,0.5301325029655991,0.0,0.0,0.3847,1.0,1.0,1018.4073770999998,1000.0,773.2081770999997,1000.0,0.8776481986463807,0.0
1509,1709499660000.0,0.0,0.0,1686.0,0.5301325029655991,0.0,0.0,0.3831,1.0,1.0,1018.4073770999998,1000.0,770.5105770999998,1000.0,0.8776481986463807,0.0
1510,1709503260000.0,0.0,0.0,1686.0,0.5301325029655991,0.0,0.0,0.3864,1.0,1.0,1018.4073770999998,1000.0,776.0743770999998,1000.0,0.8776481986463807,0.0
1511,1709506860000.0,0.0,0.0,1686.0,0.5301325029655991,0.0,0.0,0.3847,1.0,1.0,1018.4073770999998,1000.0,773.2081770999997,1000.0,0.8776481986463807,0.0
1512,1709510460000.0,0.0,0.0,1686.0,0.5301325029655991,0.0,0.0,0.3851,1.0,1.0,1018.4073770999998,1000.0,773.8825770999997,1000.0,0.8776481986463807,0.0
1513,1709514060000.0,0.0,0.0,1686.0,0.5301325029655991,0.0,0.0,0.3849,1.0,1.0,1018.4073770999998,1000.0,773.5453770999998,1000.0,0.8776481986463807,0.0
1514,1709517660000.0,0.0,0.0,1686.0,0.5301325029655991,0.0,0.0,0.3815,1.0,1.0,1018.4073770999998,1000.0,767.8129770999998,1000.0,0.8776481986463807,0.0
1515,1709521260000.0,0.0,0.0,1686.0,0.5301325029655991,0.0,0.0,0.3811,1.0,1.0,1018.4073770999998,1000.0,767.1385770999998,1000.0,0.8776481986463807,0.0
1516,1709524860000.0,0.0,0.0,1686.0,0.5301325029655991,0.0,0.0,0.3769,1.0,1.0,1018.4073770999998,1000.0,760.0573770999997,1000.0,0.8776481986463807,0.0
1517,1709528460000.0,0.0,0.0,1686.0,0.5301325029655991,0.0,0.0,0.3797,1.0,1.0,1018.4073770999998,1000.0,764.7781770999998,1000.0,0.8776481986463807,0.0
1518,1709532060000.0,0.0,0.0,1686.0,0.5301325029655991,0.0,0.0,0.379,1.0,1.0,1018.4073770999998,1000.0,763.5979770999998,1000.0,0.8776481986463807,0.0
1519,1709535660000.0,0.0,0.0,1686.0,0.5301325029655991,0.0,0.0,0.3788,1.0,1.0,1018.4073770999998,1000.0,763.2607770999998,1000.0,0.8776481986463807,0.0
1520,1709539260000.0,0.0,0.0,1686.0,0.5301325029655991,0.0,0.0,0.3835,1.0,1.0,1018.4073770999998,1000.0,771.1849770999997,1000.0,0.8776481986463807,0.0
1521,1709542860000.0,0.0,0.0,1686.0,0.5301325029655991,0.0,0.0,0.3848,1.0,1.0,1018.4073770999998,1000.0,773.3767770999997,1000.0,0.8776481986463807,0.0
1522,1709546460000.0,0.0,0.0,1686.0,0.5301325029655991,0.0,0.0,0.3861,1.0,1.0,1018.4073770999998,1000.0,775.5685770999997,1000.0,0.8776481986463807,0.0
1523,1709550060000.0,0.0,0.0,1686.0,0.5301325029655991,0.0,0.0,0.3836,1.0,1.0,1018.4073770999998,1000.0,771.3535770999997,1000.0,0.8776481986463807,0.0
1524,1709553660000.0,0.0,0.0,1686.0,0.5301325029655991,0.0,0.0,0.3869,1.0,1.0,1018.4073770999998,1000.0,776.9173770999998,1000.0,0.8776481986463807,0.0
1525,1709557260000.0,0.0,0.0,1686.0,0.5301325029655991,0.0,0.0,0.3883,1.0,1.0,1018.4073770999998,1000.0,779.2777770999998,1000.0,0.8776481986463807,0.0
1526,1709560860000.0,0.0,0.0,1686.0,0.5301325029655991,0.0,0.0,0.3833,1.0,1.0,1018.4073770999998,1000.0,770.8477770999997,1000.0,0.8776481986463807,0.0
1527,1709564460000.0,0.0,0.0,1686.0,0.5301325029655991,0.0,0.0,0.3865,1.0,1.0,1018.4073770999998,1000.0,776.2429770999997,1000.0,0.8776481986463807,0.0
1528,1709568060000.0,0.0,0.0,1686.0,0.5301325029655991,0.0,0.0,0.3863,1.0,1.0,1018.4073770999998,1000.0,775.9057770999997,1000.0,0.8776481986463807,0.0
1529,1709571660000.0,0.0,0.0,1686.0,0.5301325029655991,0.0,0.0,0.3817,1.0,1.0,1018.4073770999998,1000.0,768.1501770999997,1000.0,0.8776481986463807,0.0
1530,1709575260000.0,0.0,0.0,1686.0,0.5301325029655991,0.0,0.0,0.3736,1.0,1.0,1018.4073770999998,1000.0,754.4935770999998,1000.0,0.8776481986463807,0.0
1531,1709578860000.0,0.0,0.0,1686.0,0.5301325029655991,0.0,0.0,0.3779,1.0,1.0,1018.4073770999998,1000.0,761.7433770999999,1000.0,0.8776481986463807,0.0
1532,1709582460000.0,0.0,0.0,1686.0,0.5301325029655991,0.0,0.0,0.3814,1.0,1.0,1018.4073770999998,1000.0,767.6443770999998,1000.0,0.8776481986463807,0.0
1533,1709586060000.0,0.0,0.0,1686.0,0.5301325029655991,0.0,0.0,0.3799,1.0,1.0,1018.4073770999998,1000.0,765.1153770999998,1000.0,0.8776481986463807,0.0
1534,1709589660000.0,0.0,0.0,1686.0,0.5301325029655991,0.0,0.0,0.3831,1.0,1.0,1018.4073770999998,1000.0,770.5105770999998,1000.0,0.8776481986463807,0.0
1535,1709593260000.0,0.0,0.0,1686.0,0.5301325029655991,0.0,0.0,0.3858,1.0,1.0,1018.4073770999998,1000.0,775.0627770999997,1000.0,0.8776481986463807,0.0
1536,1709596860000.0,0.0,0.0,1686.0,0.5301325029655991,0.0,0.0,0.3835,1.0,1.0,1018.4073770999998,1000.0,771.1849770999997,1000.0,0.8776481986463807,0.0
1537,1709600460000.0,0.0,0.0,1686.0,0.5301325029655991,0.0,0.0,0.3791,1.0,1.0,1018.4073770999998,1000.0,763.7665770999997,1000.0,0.8776481986463807,0.0
1538,1709604060000.0,0.0,0.0,1686.0,0.5301325029655991,0.0,0.0,0.3757,1.0,1.0,1018.4073770999998,1000.0,758.0341770999997,1000.0,0.8776481986463807,0.0
1539,1709607660000.0,0.0,0.0,1686.0,0.5301325029655991,0.0,0.0,0.3712,1.0,1.0,1018.4073770999998,1000.0,750.4471770999996,1000.0,0.8776481986463807,0.0
1540,1709611260000.0,0.0,0.0,1686.0,0.5301325029655991,0.0,0.0,0.3726,1.0,1.0,1018.4073770999998,1000.0,752.8075770999997,1000.0,0.8776481986463807,0.0
1541,1709614860000.0,0.0,0.0,1686.0,0.5301325029655991,0.0,0.0,0.3689,1.0,1.0,1018.4073770999998,1000.0,746.5693770999998,1000.0,0.8776481986463807,0.0
1542,1709618460000.0,0.0,0.0,1686.0,0.5301325029655991,0.0,0.0,0.3724,1.0,1.0,1018.4073770999998,1000.0,752.4703770999997,1000.0,0.8776481986463807,0.0
1543,1709622060000.0,0.0,0.0,1686.0,0.5301325029655991,0.0,0.0,0.3777,1.0,1.0,1018.4073770999998,1000.0,761.4061770999997,1000.0,0.8776481986463807,0.0
1544,1709625660000.0,0.0,0.0,1686.0,0.5301325029655991,0.0,0.0,0.3716,1.0,1.0,1018.4073770999998,1000.0,751.1215770999997,1000.0,0.8776481986463807,0.0
1545,1709629260000.0,0.0,0.0,1686.0,0.5301325029655991,0.0,0.0,0.3761,1.0,1.0,1018.4073770999998,1000.0,758.7085770999997,1000.0,0.8776481986463807,0.0
1546,1709632860000.0,0.0,0.0,1686.0,0.5301325029655991,0.0,0.0,0.3789,1.0,1.0,1018.4073770999998,1000.0,763.4293770999998,1000.0,0.8776481986463807,0.0
1547,1709636460000.0,0.0,0.0,1686.0,0.5301325029655991,0.0,0.0,0.3816,1.0,1.0,1018.4073770999998,1000.0,767.9815770999998,1000.0,0.8776481986463807,0.0
1548,1709640060000.0,0.0,0.0,1686.0,0.5301325029655991,0.0,0.0,0.3817,1.0,1.0,1018.4073770999998,1000.0,768.1501770999997,1000.0,0.8776481986463807,0.0
1549,1709643660000.0,0.0,0.0,1686.0,0.5301325029655991,0.0,0.0,0.3825,1.0,1.0,1018.4073770999998,1000.0,769.4989770999998,1000.0,0.8776481986463807,0.0
1550,1709647260000.0,0.0,0.0,1686.0,0.5301325029655991,0.0,0.0,0.3798,1.0,1.0,1018.4073770999998,1000.0,764.9467770999997,1000.0,0.8776481986463807,0.0
1551,1709650860000.0,0.0,0.0,1686.0,0.5301325029655991,0.0,0.0,0.3811,1.0,1.0,1018.4073770999998,1000.0,767.1385770999998,1000.0,0.8776481986463807,0.0
1552,1709654460000.0,0.0,0.0,1686.0,0.5301325029655991,0.0,0.0,0.373,1.0,1.0,1018.4073770999998,1000.0,753.4819770999998,1000.0,0.8776481986463807,0.0
1553,1709658060000.0,0.0,0.0,1686.0,0.5301325029655991,0.0,0.0,0.3639,1.0,1.0,1018.4073770999998,1000.0,738.1393770999998,1000.0,0.8776481986463807,0.0
1554,1709661660000.0,0.0,0.0,1686.0,0.5301325029655991,0.0,0.0,0.3659,1.0,1.0,1018.4073770999998,1000.0,741.5113770999998,1000.0,0.8776481986463807,0.0
1555,1709665260000.0,0.0,0.0,1686.0,0.5301325029655991,0.0,0.0,0.3634,1.0,1.0,1018.4073770999998,1000.0,737.2963770999997,1000.0,0.8776481986463807,0.0
1556,1709668860000.0,0.0,0.0,1686.0,0.5301325029655991,0.0,0.0,0.3268,1.0,1.0,1018.4073770999998,1000.0,675.5887770999998,1000.0,0.8776481986463807,0.0
1557,1709672460000.0,0.0,0.0,1686.0,0.5301325029655991,0.0,0.0,0.3319,1.0,1.0,1018.4073770999998,1000.0,684.1873770999997,1000.0,0.8776481986463807,0.0
1558,1709676060000.0,0.0,0.0,1686.0,0.5301325029655991,0.0,0.0,0.3405,1.0,1.0,1018.4073770999998,1000.0,698.6869770999998,1000.0,0.8776481986463807,0.0
1559,1709679660000.0,0.0,0.0,1686.0,0.5301325029655991,0.0,0.0,0.3437,1.0,1.0,1018.4073770999998,1000.0,704.0821770999997,1000.0,0.8776481986463807,0.0
1560,1709683260000.0,0.0,0.0,1686.0,0.5301325029655991,0.0,0.0,0.3471,1.0,1.0,1018.4073770999998,1000.0,709.8145770999997,1000.0,0.8776481986463807,0.0
1561,1709686860000.0,0.0,0.0,1686.0,0.5301325029655991,0.0,0.0,0.3447,1.0,1.0,1018.4073770999998,1000.0,705.7681770999998,1000.0,0.8776481986463807,0.0
1562,1709690460000.0,0.0,0.0,1686.0,0.5301325029655991,0.0,0.0,0.3389,1.0,1.0,1018.4073770999998,1000.0,695.9893770999997,1000.0,0.8776481986463807,0.0
1563,1709694060000.0,0.0,0.0,1686.0,0.5301325029655991,0.0,0.0,0.338,1.0,1.0,1018.4073770999998,1000.0,694.4719770999998,1000.0,0.8776481986463807,0.0
1564,1709697660000.0,0.0,0.0,1686.0,0.5301325029655991,0.0,0.0,0.3414,1.0,1.0,1018.4073770999998,1000.0,700.2043770999996,1000.0,0.8776481986463807,0.0
1565,1709701260000.0,0.0,0.0,1686.0,0.5301325029655991,0.0,0.0,0.349,1.0,1.0,1018.4073770999998,1000.0,713.0179770999997,1000.0,0.8776481986463807,0.0
1566,1709704860000.0,0.0,0.0,1686.0,0.5301325029655991,0.0,0.0,0.3551,1.0,1.0,1018.4073770999998,1000.0,723.3025770999998,1000.0,0.8776481986463807,0.0
1567,1709708460000.0,0.0,0.0,1686.0,0.5301325029655991,0.0,0.0,0.3573,1.0,1.0,1018.4073770999998,1000.0,727.0117770999998,1000.0,0.8776481986463807,0.0
1568,1709712060000.0,0.0,0.0,1686.0,0.5301325029655991,0.0,0.0,0.3601,1.0,1.0,1018.4073770999998,1000.0,731.7325770999997,1000.0,0.8776481986463807,0.0
1569,1709715660000.0,0.0,0.0,1686.0,0.5301325029655991,0.0,0.0,0.3614,1.0,1.0,1018.4073770999998,1000.0,733.9243770999997,1000.0,0.8776481986463807,0.0
1570,1709719260000.0,0.0,0.0,1686.0,0.5301325029655991,0.0,0.0,0.3574,1.0,1.0,1018.4073770999998,1000.0,727.1803770999998,1000.0,0.8776481986463807,0.0
1571,1709722860000.0,0.0,0.0,1686.0,0.5301325029655991,0.0,0.0,0.3594,1.0,1.0,1018.4073770999998,1000.0,730.5523770999998,1000.0,0.8776481986463807,0.0
1572,1709726460000.0,0.0,0.0,1686.0,0.5301325029655991,0.0,0.0,0.3604,1.0,1.0,1018.4073770999998,1000.0,732.2383770999998,1000.0,0.8776481986463807,0.0
1573,1709730060000.0,0.0,0.0,1686.0,0.5301325029655991,0.0,0.0,0.3593,1.0,1.0,1018.4073770999998,1000.0,730.3837770999997,1000.0,0.8776481986463807,0.0
1574,1709733660000.0,0.0,0.0,1686.0,0.5301325029655991,0.0,0.0,0.3592,1.0,1.0,1018.4073770999998,1000.0,730.2151770999998,1000.0,0.8776481986463807,0.0
1575,1709737260000.0,0.0,0.0,1686.0,0.5301325029655991,0.0,0.0,0.3557,1.0,1.0,1018.4073770999998,1000.0,724.3141770999998,1000.0,0.8776481986463807,0.0
1576,1709740860000.0,0.0,0.0,1686.0,0.5301325029655991,0.0,0.0,0.3575,1.0,1.0,1018.4073770999998,1000.0,727.3489770999997,1000.0,0.8776481986463807,0.0
1577,1709744460000.0,0.0,0.0,1686.0,0.5301325029655991,0.0,0.0,0.3582,1.0,1.0,1018.4073770999998,1000.0,728.5291770999997,1000.0,0.8776481986463807,0.0
1578,1709748060000.0,0.0,0.0,1686.0,0.5301325029655991,0.0,0.0,0.3623,1.0,1.0,1018.4073770999998,1000.0,735.4417770999999,1000.0,0.8776481986463807,0.0
1579,1709751660000.0,0.0,0.0,1686.0,0.5301325029655991,0.0,0.0,0.361,1.0,1.0,1018.4073770999998,1000.0,733.2499770999998,1000.0,0.8776481986463807,0.0
1580,1709755260000.0,0.0,0.0,1686.0,0.5301325029655991,0.0,0.0,0.3615,1.0,1.0,1018.4073770999998,1000.0,734.0929770999998,1000.0,0.8776481986463807,0.0
1581,1709758860000.0,0.0,0.0,1686.0,0.5301325029655991,0.0,0.0,0.3625,1.0,1.0,1018.4073770999998,1000.0,735.7789770999998,1000.0,0.8776481986463807,0.0
1582,1709762460000.0,0.0,0.0,1686.0,0.5301325029655991,0.0,0.0,0.3661,1.0,1.0,1018.4073770999998,1000.0,741.8485770999997,1000.0,0.8776481986463807,0.0
1583,1709766060000.0,0.0,0.0,1686.0,0.5301325029655991,0.0,0.0,0.3648,1.0,1.0,1018.4073770999998,1000.0,739.6567770999998,1000.0,0.8776481986463807,0.0
1584,1709769660000.0,0.0,0.0,1686.0,0.5301325029655991,0.0,0.0,0.3674,1.0,1.0,1018.4073770999998,1000.0,744.0403770999998,1000.0,0.8776481986463807,0.0
1585,1709773260000.0,0.0,0.0,1686.0,0.5301325029655991,0.0,0.0,0.3772,1.0,1.0,1018.4073770999998,1000.0,760.5631770999997,1000.0,0.8776481986463807,0.0
1586,1709776860000.0,0.0,0.0,1686.0,0.5301325029655991,0.0,0.0,0.3842,1.0,1.0,1018.4073770999998,1000.0,772.3651770999998,1000.0,0.8776481986463807,0.0
1587,1709780460000.0,0.0,0.0,1686.0,0.5301325029655991,0.0,0.0,0.3793,1.0,1.0,1018.4073770999998,1000.0,764.1037770999998,1000.0,0.8776481986463807,0.0
1588,1709784060000.0,0.0,0.0,1686.0,0.5301325029655991,0.0,0.0,0.3837,1.0,1.0,1018.4073770999998,1000.0,771.5221770999997,1000.0,0.8776481986463807,0.0
1589,1709787660000.0,0.0,0.0,1686.0,0.5301325029655991,0.0,0.0,0.3853,1.0,1.0,1018.4073770999998,1000.0,774.2197770999996,1000.0,0.8776481986463807,0.0
1590,1709791260000.0,0.0,0.0,1686.0,0.5301325029655991,0.0,0.0,0.3781,1.0,1.0,1018.4073770999998,1000.0,762.0805770999998,1000.0,0.8776481986463807,0.0
1591,1709794860000.0,0.0,0.0,1686.0,0.5301325029655991,0.0,0.0,0.3793,1.0,1.0,1018.4073770999998,1000.0,764.1037770999998,1000.0,0.8776481986463807,0.0
1592,1709798460000.0,0.0,0.0,1686.0,0.5301325029655991,0.0,0.0,0.3823,1.0,1.0,1018.4073770999998,1000.0,769.1617770999997,1000.0,0.8776481986463807,0.0
1593,1709802060000.0,0.0,0.0,1686.0,0.5301325029655991,0.0,0.0,0.3844,1.0,1.0,1018.4073770999998,1000.0,772.7023770999998,1000.0,0.8776481986463807,0.0
1594,1709805660000.0,0.0,0.0,1686.0,0.5301325029655991,0.0,0.0,0.3898,1.0,1.0,1018.4073770999998,1000.0,781.8067770999997,1000.0,0.8776481986463807,0.0
1595,1709809260000.0,0.0,0.0,1686.0,0.5301325029655991,0.0,0.0,0.3874,1.0,1.0,1018.4073770999998,1000.0,777.7603770999998,1000.0,0.8776481986463807,0.0
1596,1709812860000.0,0.0,0.0,1686.0,0.5301325029655991,0.0,0.0,0.3878,1.0,1.0,1018.4073770999998,1000.0,778.4347770999997,1000.0,0.8776481986463807,0.0
1597,1709816460000.0,0.0,0.0,1686.0,0.5301325029655991,0.0,0.0,0.3862,1.0,1.0,1018.4073770999998,1000.0,775.7371770999997,1000.0,0.8776481986463807,0.0
1598,1709820060000.0,0.0,0.0,1686.0,0.5301325029655991,0.0,0.0,0.3919,1.0,1.0,1018.4073770999998,1000.0,785.3473770999998,1000.0,0.8776481986463807,0.0
1599,1709823660000.0,0.0,0.0,1686.0,0.5301325029655991,0.0,0.0,0.3904,1.0,1.0,1018.4073770999998,1000.0,782.8183770999998,1000.0,0.8776481986463807,0.0
1600,1709827260000.0,0.0,0.0,1686.0,0.5301325029655991,0.0,0.0,0.3888,1.0,1.0,1018.4073770999998,1000.0,780.1207770999997,1000.0,0.8776481986463807,0.0
1601,1709830860000.0,0.0,0.0,1686.0,0.5301325029655991,0.0,0.0,0.3866,1.0,1.0,1018.4073770999998,1000.0,776.4115770999997,1000.0,0.8776481986463807,0.0
1602,1709834460000.0,0.0,0.0,1686.0,0.5301325029655991,0.0,0.0,0.3865,1.0,1.0,1018.4073770999998,1000.0,776.2429770999997,1000.0,0.8776481986463807,0.0
1603,1709838060000.0,0.0,0.0,1686.0,0.5301325029655991,0.0,0.0,0.388,1.0,1.0,1018.4073770999998,1000.0,778.7719770999997,1000.0,0.8776481986463807,0.0
1604,1709841660000.0,0.0,0.0,1686.0,0.5301325029655991,0.0,0.0,0.3881,1.0,1.0,1018.4073770999998,1000.0,778.9405770999997,1000.0,0.8776481986463807,0.0
1605,1709845260000.0,0.0,0.0,1686.0,0.5301325029655991,0.0,0.0,0.3891,1.0,1.0,1018.4073770999998,1000.0,780.6265770999997,1000.0,0.8776481986463807,0.0
1606,1709848860000.0,0.0,0.0,1686.0,0.5301325029655991,0.0,0.0,0.3894,1.0,1.0,1018.4073770999998,1000.0,781.1323770999998,1000.0,0.8776481986463807,0.0
1607,1709852460000.0,0.0,0.0,1686.0,0.5301325029655991,0.0,0.0,0.3865,1.0,1.0,1018.4073770999998,1000.0,776.2429770999997,1000.0,0.8776481986463807,0.0
1608,1709856060000.0,0.0,0.0,1686.0,0.5301325029655991,0.0,0.0,0.389,1.0,1.0,1018.4073770999998,1000.0,780.4579770999998,1000.0,0.8776481986463807,0.0
1609,1709859660000.0,0.0,0.0,1686.0,0.5301325029655991,0.0,0.0,0.3864,1.0,1.0,1018.4073770999998,1000.0,776.0743770999998,1000.0,0.8776481986463807,0.0
1610,1709863260000.0,0.0,0.0,1686.0,0.5301325029655991,0.0,0.0,0.3831,1.0,1.0,1018.4073770999998,1000.0,770.5105770999998,1000.0,0.8776481986463807,0.0
1611,1709866860000.0,0.0,0.0,1686.0,0.5301325029655991,0.0,0.0,0.3825,1.0,1.0,1018.4073770999998,1000.0,769.4989770999998,1000.0,0.8776481986463807,0.0
1612,1709870460000.0,0.0,0.0,1686.0,0.5301325029655991,0.0,0.0,0.3834,1.0,1.0,1018.4073770999998,1000.0,771.0163770999998,1000.0,0.8776481986463807,0.0
1613,1709874060000.0,0.0,0.0,1686.0,0.5301325029655991,0.0,0.0,0.3846,1.0,1.0,1018.4073770999998,1000.0,773.0395770999997,1000.0,0.8776481986463807,0.0
1614,1709877660000.0,0.0,0.0,1686.0,0.5301325029655991,0.0,0.0,0.3831,1.0,1.0,1018.4073770999998,1000.0,770.5105770999998,1000.0,0.8776481986463807,0.0
1615,1709881260000.0,0.0,0.0,1686.0,0.5301325029655991,0.0,0.0,0.3857,1.0,1.0,1018.4073770999998,1000.0,774.8941770999998,1000.0,0.8776481986463807,0.0
1616,1709884860000.0,0.0,0.0,1686.0,0.5301325029655991,0.0,0.0,0.3864,1.0,1.0,1018.4073770999998,1000.0,776.0743770999998,1000.0,0.8776481986463807,0.0
1617,1709888460000.0,0.0,0.0,1686.0,0.5301325029655991,0.0,0.0,0.3874,1.0,1.0,1018.4073770999998,1000.0,777.7603770999998,1000.0,0.8776481986463807,0.0
1618,1709892060000.0,0.0,0.0,1686.0,0.5301325029655991,0.0,0.0,0.3875,1.0,1.0,1018.4073770999998,1000.0,777.9289770999998,1000.0,0.8776481986463807,0.0
1619,1709895660000.0,0.0,0.0,1686.0,0.5301325029655991,0.0,0.0,0.3859,1.0,1.0,1018.4073770999998,1000.0,775.2313770999998,1000.0,0.8776481986463807,0.0
1620,1709899260000.0,0.0,0.0,1686.0,0.5301325029655991,0.0,0.0,0.3858,1.0,1.0,1018.4073770999998,1000.0,775.0627770999997,1000.0,0.8776481986463807,0.0
1621,1709902860000.0,0.0,0.0,1686.0,0.5301325029655991,0.0,0.0,0.3865,1.0,1.0,1018.4073770999998,1000.0,776.2429770999997,1000.0,0.8776481986463807,0.0
1622,1709906460000.0,0.0,0.0,1686.0,0.5301325029655991,0.0,0.0,0.3847,1.0,1.0,1018.4073770999998,1000.0,773.2081770999997,1000.0,0.8776481986463807,0.0
1623,1709910060000.0,0.0,0.0,1686.0,0.5301325029655991,0.0,0.0,0.3837,1.0,1.0,1018.4073770999998,1000.0,771.5221770999997,1000.0,0.8776481986463807,0.0
1624,1709913660000.0,0.0,0.0,1686.0,0.5301325029655991,0.0,0.0,0.3715,1.0,1.0,1018.4073770999998,1000.0,750.9529770999998,1000.0,0.8776481986463807,0.0
1625,1709917260000.0,0.0,0.0,1686.0,0.5301325029655991,0.0,0.0,0.3778,1.0,1.0,1018.4073770999998,1000.0,761.5747770999998,1000.0,0.8776481986463807,0.0
1626,1709920860000.0,0.0,0.0,1686.0,0.5301325029655991,0.0,0.0,0.38,1.0,1.0,1018.4073770999998,1000.0,765.2839770999998,1000.0,0.8776481986463807,0.0
1627,1709924460000.0,0.0,0.0,1686.0,0.5301325029655991,0.0,0.0,0.3792,1.0,1.0,1018.4073770999998,1000.0,763.9351770999997,1000.0,0.8776481986463807,0.0
1628,1709928060000.0,0.0,0.0,1686.0,0.5301325029655991,0.0,0.0,0.3782,1.0,1.0,1018.4073770999998,1000.0,762.2491770999998,1000.0,0.8776481986463807,0.0
1629,1709931660000.0,0.0,0.0,1686.0,0.5301325029655991,0.0,0.0,0.3785,1.0,1.0,1018.4073770999998,1000.0,762.7549770999998,1000.0,0.8776481986463807,0.0
1630,1709935260000.0,0.0,0.0,1686.0,0.5301325029655991,0.0,0.0,0.3777,1.0,1.0,1018.4073770999998,1000.0,761.4061770999997,1000.0,0.8776481986463807,0.0
1631,1709938860000.0,0.0,0.0,1686.0,0.5301325029655991,0.0,0.0,0.3806,1.0,1.0,1018.4073770999998,1000.0,766.2955770999997,1000.0,0.8776481986463807,0.0
1632,1709942460000.0,0.0,0.0,1686.0,0.5301325029655991,0.0,0.0,0.3815,1.0,1.0,1018.4073770999998,1000.0,767.8129770999998,1000.0,0.8776481986463807,0.0
1633,1709946060000.0,0.0,0.0,1686.0,0.5301325029655991,0.0,0.0,0.378,1.0,1.0,1018.4073770999998,1000.0,761.9119770999998,1000.0,0.8776481986463807,0.0
1634,1709949660000.0,0.0,0.0,1686.0,0.5301325029655991,0.0,0.0,0.3774,1.0,1.0,1018.4073770999998,1000.0,760.9003770999998,1000.0,0.8776481986463807,0.0
1635,1709953260000.0,0.0,0.0,1686.0,0.5301325029655991,0.0,0.0,0.3797,1.0,1.0,1018.4073770999998,1000.0,764.7781770999998,1000.0,0.8776481986463807,0.0
1636,1709956860000.0,0.0,0.0,1686.0,0.5301325029655991,0.0,0.0,0.3806,1.0,1.0,1018.4073770999998,1000.0,766.2955770999997,1000.0,0.8776481986463807,0.0
1637,1709960460000.0,0.0,0.0,1686.0,0.5301325029655991,0.0,0.0,0.3818,1.0,1.0,1018.4073770999998,1000.0,768.3187770999997,1000.0,0.8776481986463807,0.0
1638,1709964060000.0,0.0,0.0,1686.0,0.5301325029655991,0.0,0.0,0.3814,1.0,1.0,1018.4073770999998,1000.0,767.6443770999998,1000.0,0.8776481986463807,0.0
1639,1709967660000.0,0.0,0.0,1686.0,0.5301325029655991,0.0,0.0,0.3832,1.0,1.0,1018.4073770999998,1000.0,770.6791770999997,1000.0,0.8776481986463807,0.0
1640,1709971260000.0,0.0,0.0,1686.0,0.5301325029655991,0.0,0.0,0.384,1.0,1.0,1018.4073770999998,1000.0,772.0279770999998,1000.0,0.8776481986463807,0.0
1641,1709974860000.0,0.0,0.0,1686.0,0.5301325029655991,0.0,0.0,0.3828,1.0,1.0,1018.4073770999998,1000.0,770.0047770999997,1000.0,0.8776481986463807,0.0
1642,1709978460000.0,0.0,0.0,1686.0,0.5301325029655991,0.0,0.0,0.3825,1.0,1.0,1018.4073770999998,1000.0,769.4989770999998,1000.0,0.8776481986463807,0.0
1643,1709982060000.0,0.0,0.0,1686.0,0.5301325029655991,0.0,0.0,0.3808,1.0,1.0,1018.4073770999998,1000.0,766.6327770999998,1000.0,0.8776481986463807,0.0
1644,1709985660000.0,0.0,0.0,1686.0,0.5301325029655991,0.0,0.0,0.3826,1.0,1.0,1018.4073770999998,1000.0,769.6675770999998,1000.0,0.8776481986463807,0.0
1645,1709989260000.0,0.0,0.0,1686.0,0.5301325029655991,0.0,0.0,0.3852,1.0,1.0,1018.4073770999998,1000.0,774.0511770999997,1000.0,0.8776481986463807,0.0
1646,1709992860000.0,0.0,0.0,1686.0,0.5301325029655991,0.0,0.0,0.3891,1.0,1.0,1018.4073770999998,1000.0,780.6265770999997,1000.0,0.8776481986463807,0.0
1647,1709996460000.0,0.0,0.0,1686.0,0.5301325029655991,0.0,0.0,0.3875,1.0,1.0,1018.4073770999998,1000.0,777.9289770999998,1000.0,0.8776481986463807,0.0
1648,1710000060000.0,0.0,0.0,1686.0,0.5301325029655991,0.0,0.0,0.3893,1.0,1.0,1018.4073770999998,1000.0,780.9637770999998,1000.0,0.8776481986463807,0.0
1649,1710003660000.0,0.0,0.0,1686.0,0.5301325029655991,0.0,0.0,0.3876,1.0,1.0,1018.4073770999998,1000.0,778.0975770999997,1000.0,0.8776481986463807,0.0
1650,1710007260000.0,0.0,0.0,1686.0,0.5301325029655991,0.0,0.0,0.3858,1.0,1.0,1018.4073770999998,1000.0,775.0627770999997,1000.0,0.8776481986463807,0.0
1651,1710010860000.0,0.0,0.0,1686.0,0.5301325029655991,0.0,0.0,0.3943,1.0,1.0,1018.4073770999998,1000.0,789.3937770999997,1000.0,0.8776481986463807,0.0
1652,1710014460000.0,0.0,0.0,1686.0,0.5301325029655991,0.0,0.0,0.3952,1.0,1.0,1018.4073770999998,1000.0,790.9111770999998,1000.0,0.8776481986463807,0.0
1653,1710018060000.0,0.0,0.0,1686.0,0.5301325029655991,0.0,0.0,0.3941,1.0,1.0,1018.4073770999998,1000.0,789.0565770999998,1000.0,0.8776481986463807,0.0
1654,1710021660000.0,0.0,0.0,1686.0,0.5301325029655991,0.0,0.0,0.3935,1.0,1.0,1018.4073770999998,1000.0,788.0449770999998,1000.0,0.8776481986463807,0.0
1655,1710025260000.0,0.0,0.0,1686.0,0.5301325029655991,0.0,0.0,0.3911,1.0,1.0,1018.4073770999998,1000.0,783.9985770999997,1000.0,0.8776481986463807,0.0
1656,1710028860000.0,0.0,0.0,1686.0,0.5301325029655991,0.0,0.0,0.3924,1.0,1.0,1018.4073770999998,1000.0,786.1903770999998,1000.0,0.8776481986463807,0.0
1657,1710032460000.0,0.0,0.0,1686.0,0.5301325029655991,0.0,0.0,0.3931,1.0,1.0,1018.4073770999998,1000.0,787.3705770999998,1000.0,0.8776481986463807,0.0
1658,1710036060000.0,0.0,0.0,1686.0,0.5301325029655991,0.0,0.0,0.3898,1.0,1.0,1018.4073770999998,1000.0,781.8067770999997,1000.0,0.8776481986463807,0.0
1659,1710039660000.0,0.0,0.0,1686.0,0.5301325029655991,0.0,0.0,0.3898,1.0,1.0,1018.4073770999998,1000.0,781.8067770999997,1000.0,0.8776481986463807,0.0
1660,1710043260000.0,0.0,0.0,1686.0,0.5301325029655991,0.0,0.0,0.3924,1.0,1.0,1018.4073770999998,1000.0,786.1903770999998,1000.0,0.8776481986463807,0.0
1661,1710046860000.0,0.0,0.0,1686.0,0.5301325029655991,0.0,0.0,0.3947,1.0,1.0,1018.4073770999998,1000.0,790.0681770999997,1000.0,0.8776481986463807,0.0
1662,1710050460000.0,0.0,0.0,1686.0,0.5301325029655991,0.0,0.0,0.3932,1.0,1.0,1018.4073770999998,1000.0,787.5391770999997,1000.0,0.8776481986463807,0.0
1663,1710054060000.0,0.0,0.0,1686.0,0.5301325029655991,0.0,0.0,0.4005,1.0,1.0,1018.4073770999998,1000.0,799.8469770999998,1000.0,0.8776481986463807,0.0
1664,1710057660000.0,0.0,0.0,1686.0,0.5301325029655991,0.0,0.0,0.4107,1.0,1.0,1018.4073770999998,1000.0,817.0441770999998,1000.0,0.8776481986463807,0.0
1665,1710061260000.0,0.0,0.0,1686.0,0.5301325029655991,0.0,0.0,0.4108,1.0,1.0,1018.4073770999998,1000.0,817.2127770999998,1000.0,0.8776481986463807,0.0
1666,1710064860000.0,0.0,0.0,1686.0,0.5301325029655991,0.0,0.0,0.3981,1.0,1.0,1018.4073770999998,1000.0,795.8005770999998,1000.0,0.8776481986463807,0.0
1667,1710068460000.0,0.0,0.0,1686.0,0.5301325029655991,0.0,0.0,0.4005,1.0,1.0,1018.4073770999998,1000.0,799.8469770999998,1000.0,0.8776481986463807,0.0
1668,1710072060000.0,0.0,0.0,1686.0,0.5301325029655991,0.0,0.0,0.3979,1.0,1.0,1018.4073770999998,1000.0,795.4633770999997,1000.0,0.8776481986463807,0.0
1669,1710075660000.0,0.0,0.0,1686.0,0.5301325029655991,0.0,0.0,0.3993,1.0,1.0,1018.4073770999998,1000.0,797.8237770999997,1000.0,0.8776481986463807,0.0
1670,1710079260000.0,0.0,0.0,1686.0,0.5301325029655991,0.0,0.0,0.3955,1.0,1.0,1018.4073770999998,1000.0,791.4169770999998,1000.0,0.8776481986463807,0.0
1671,1710082860000.0,0.0,0.0,1686.0,0.5301325029655991,0.0,0.0,0.3942,1.0,1.0,1018.4073770999998,1000.0,789.2251770999998,1000.0,0.8776481986463807,0.0
1672,1710086460000.0,0.0,0.0,1686.0,0.5301325029655991,0.0,0.0,0.3921,1.0,1.0,1018.4073770999998,1000.0,785.6845770999997,1000.0,0.8776481986463807,0.0
1673,1710090060000.0,0.0,0.0,1686.0,0.5301325029655991,0.0,0.0,0.3963,1.0,1.0,1018.4073770999998,1000.0,792.7657770999997,1000.0,0.8776481986463807,0.0
1674,1710093660000.0,0.0,0.0,1686.0,0.5301325029655991,0.0,0.0,0.3963,1.0,1.0,1018.4073770999998,1000.0,792.7657770999997,1000.0,0.8776481986463807,0.0
1675,1710097260000.0,0.0,0.0,1686.0,0.5301325029655991,0.0,0.0,0.3961,1.0,1.0,1018.4073770999998,1000.0,792.4285770999998,1000.0,0.8776481986463807,0.0
1676,1710100860000.0,0.0,0.0,1686.0,0.5301325029655991,0.0,0.0,0.4061,1.0,1.0,1018.4073770999998,1000.0,809.2885770999998,1000.0,0.8776481986463807,0.0
1677,1710104460000.0,0.0,0.0,1686.0,0.5301325029655991,0.0,0.0,0.4118,1.0,1.0,1018.4073770999998,1000.0,818.8987770999997,1000.0,0.8776481986463807,0.0
1678,1710108060000.0,0.0,0.0,1686.0,0.5301325029655991,0.0,0.0,0.4093,1.0,1.0,1018.4073770999998,1000.0,814.6837770999998,1000.0,0.8776481986463807,0.0
1679,1710111660000.0,0.0,0.0,1686.0,0.5301325029655991,0.0,0.0,0.4005,1.0,1.0,1018.4073770999998,1000.0,799.8469770999998,1000.0,0.8776481986463807,0.0
1680,1710115260000.0,0.0,0.0,1686.0,0.5301325029655991,0.0,0.0,0.4025,1.0,1.0,1018.4073770999998,1000.0,803.2189770999998,1000.0,0.8776481986463807,0.0
1681,1710118860000.0,0.0,0.0,1686.0,0.5301325029655991,0.0,0.0,0.3925,1.0,1.0,1018.4073770999998,1000.0,786.3589770999997,1000.0,0.8776481986463807,0.0
1682,1710122460000.0,0.0,0.0,1686.0,0.5301325029655991,0.0,0.0,0.4024,1.0,1.0,1018.4073770999998,1000.0,803.0503770999998,1000.0,0.8776481986463807,0.0
1683,1710126060000.0,0.0,0.0,1686.0,0.5301325029655991,0.0,0.0,0.4046,1.0,1.0,1018.4073770999998,1000.0,806.7595770999998,1000.0,0.8776481986463807,0.0
1684,1710129660000.0,0.0,0.0,1686.0,0.5301325029655991,0.0,0.0,0.4103,1.0,1.0,1018.4073770999998,1000.0,816.3697770999997,1000.0,0.8776481986463807,0.0
1685,1710133260000.0,0.0,0.0,1686.0,0.5301325029655991,0.0,0.0,0.4183,1.0,1.0,1018.4073770999998,1000.0,829.8577770999998,1000.0,0.8776481986463807,0.0
1686,1710136860000.0,0.0,0.0,1686.0,0.5301325029655991,0.0,0.0,0.494,1.0,1.0,1018.4073770999998,1000.0,957.4879770999997,1000.0,0.8776481986463807,0.0
1687,1710140460000.0,0.0,0.0,1686.0,0.5301325029655991,0.0,0.0,0.4988,1.0,1.0,1018.4073770999998,1000.0,965.5807770999998,1000.0,0.8776481986463807,0.0
1688,1710144060000.0,0.0,0.0,1686.0,0.5301325029655991,0.0,0.0,0.4817,1.0,1.0,1018.4073770999998,1000.0,936.7501770999997,1000.0,0.8776481986463807,0.0
1689,1710147660000.0,0.0,0.0,1686.0,0.5301325029655991,0.0,0.0,0.4991,1.0,1.0,1018.4073770999998,1000.0,966.0865770999998,1000.0,0.8776481986463807,0.0
1690,1710151260000.0,0.0,0.0,1686.0,0.5301325029655991,0.0,0.0,0.4875,1.0,1.0,1018.4073770999998,1000.0,946.5289770999998,1000.0,0.8776481986463807,0.0
1691,1710154860000.0,0.0,0.0,1686.0,0.5301325029655991,0.0,0.0,0.5182,1.0,1.0,1018.4073770999998,1000.0,998.2891770999997,1000.0,0.8776481986463807,0.0
1692,1710158460000.0,0.0,0.0,1686.0,0.5301325029655991,0.0,0.0,0.4938,1.0,1.0,1018.4073770999998,1000.0,957.1507770999998,1000.0,0.8776481986463807,0.0
1693,1710162060000.0,0.0,0.0,1686.0,0.5301325029655991,0.0,0.0,0.4871,1.0,1.0,1018.4073770999998,1000.0,945.8545770999997,1000.0,0.8776481986463807,0.0
1694,1710165660000.0,0.0,0.0,1686.0,0.5301325029655991,0.0,0.0,0.4651,1.0,1.0,1018.4073770999998,1000.0,908.7625770999998,1000.0,0.8776481986463807,0.0
1695,1710169260000.0,0.0,0.0,1686.0,0.5301325029655991,0.0,0.0,0.4646,1.0,1.0,1018.4073770999998,1000.0,907.9195770999997,1000.0,0.8776481986463807,0.0
1696,1710172860000.0,0.0,0.0,1686.0,0.5301325029655991,0.0,0.0,0.4535,1.0,1.0,1018.4073770999998,1000.0,889.2049770999997,1000.0,0.8776481986463807,0.0
1697,1710176460000.0,0.0,0.0,1686.0,0.5301325029655991,0.0,0.0,0.4447,1.0,1.0,1018.4073770999998,1000.0,874.3681770999997,1000.0,0.8776481986463807,0.0
1698,1710180060000.0,0.0,0.0,1686.0,0.5301325029655991,0.0,0.0,0.449,1.0,1.0,1018.4073770999998,1000.0,881.6179770999997,1000.0,0.8776481986463807,0.0
1699,1710183660000.0,0.0,0.0,1686.0,0.5301325029655991,0.0,0.0,0.4567,1.0,1.0,1018.4073770999998,1000.0,894.6001770999998,1000.0,0.8776481986463807,0.0
1700,1710187260000.0,0.0,0.0,1686.0,0.5301325029655991,0.0,0.0,0.4595,1.0,1.0,1018.4073770999998,1000.0,899.3209770999998,1000.0,0.8776481986463807,0.0
1701,1710190860000.0,0.0,0.0,1686.0,0.5301325029655991,0.0,0.0,0.4662,1.0,1.0,1018.4073770999998,1000.0,910.6171770999997,1000.0,0.8776481986463807,0.0
1702,1710194460000.0,0.0,0.0,1686.0,0.5301325029655991,0.0,0.0,0.4652,1.0,1.0,1018.4073770999998,1000.0,908.9311770999998,1000.0,0.8776481986463807,0.0
1703,1710198060000.0,0.0,0.0,1686.0,0.5301325029655991,0.0,0.0,0.4615,1.0,1.0,1018.4073770999998,1000.0,902.6929770999998,1000.0,0.8776481986463807,0.0
1704,1710201660000.0,0.0,0.0,1686.0,0.5301325029655991,0.0,0.0,0.4534,1.0,1.0,1018.4073770999998,1000.0,889.0363770999998,1000.0,0.8776481986463807,0.0
1705,1710205260000.0,0.0,0.0,1686.0,0.5301325029655991,0.0,0.0,0.4613,1.0,1.0,1018.4073770999998,1000.0,902.3557770999997,1000.0,0.8776481986463807,0.0
1706,1710208860000.0,0.0,0.0,1686.0,0.5301325029655991,0.0,0.0,0.4553,1.0,1.0,1018.4073770999998,1000.0,892.2397770999997,1000.0,0.8776481986463807,0.0
1707,1710212460000.0,0.0,0.0,1686.0,0.5301325029655991,0.0,0.0,0.4741,1.0,1.0,1018.4073770999998,1000.0,923.9365770999998,1000.0,0.8776481986463807,0.0
1708,1710216060000.0,0.0,0.0,1686.0,0.5301325029655991,0.0,0.0,0.4939,1.0,1.0,1018.4073770999998,1000.0,957.3193770999998,1000.0,0.8776481986463807,0.0
1709,1710219660000.0,0.0,0.0,1686.0,0.5301325029655991,0.0,0.0,0.4989,1.0,1.0,1018.4073770999998,1000.0,965.7493770999997,1000.0,0.8776481986463807,0.0
1710,1710223260000.0,0.0,0.0,1686.0,0.5301325029655991,0.0,0.0,0.4766,1.0,1.0,1018.4073770999998,1000.0,928.1515770999998,1000.0,0.8776481986463807,0.0
1711,1710226860000.0,0.0,0.0,1686.0,0.5301325029655991,0.0,0.0,0.4782,1.0,1.0,1018.4073770999998,1000.0,930.8491770999998,1000.0,0.8776481986463807,0.0
1712,1710230460000.0,0.0,0.0,1686.0,0.5301325029655991,0.0,0.0,0.4725,1.0,1.0,1018.4073770999998,1000.0,921.2389770999997,1000.0,0.8776481986463807,0.0
1713,1710234060000.0,0.0,0.0,1686.0,0.5301325029655991,0.0,0.0,0.4673,1.0,1.0,1018.4073770999998,1000.0,912.4717770999997,1000.0,0.8776481986463807,0.0
1714,1710237660000.0,0.0,0.0,1686.0,0.5301325029655991,0.0,0.0,0.477,1.0,1.0,1018.4073770999998,1000.0,928.8259770999997,1000.0,0.8776481986463807,0.0
1715,1710241260000.0,0.0,0.0,1686.0,0.5301325029655991,0.0,0.0,0.4757,1.0,1.0,1018.4073770999998,1000.0,926.6341770999998,1000.0,0.8776481986463807,0.0
1716,1710244860000.0,0.0,0.0,1686.0,0.5301325029655991,0.0,0.0,0.4797,1.0,1.0,1018.4073770999998,1000.0,933.3781770999998,1000.0,0.8776481986463807,0.0
1717,1710248460000.0,0.0,0.0,1686.0,0.5301325029655991,0.0,0.0,0.4772,1.0,1.0,1018.4073770999998,1000.0,929.1631770999998,1000.0,0.8776481986463807,0.0
1718,1710252060000.0,0.0,0.0,1686.0,0.5301325029655991,0.0,0.0,0.4785,1.0,1.0,1018.4073770999998,1000.0,931.3549770999997,1000.0,0.8776481986463807,0.0
1719,1710255660000.0,0.0,0.0,1686.0,0.5301325029655991,0.0,0.0,0.4744,1.0,1.0,1018.4073770999998,1000.0,924.4423770999997,1000.0,0.8776481986463807,0.0
1720,1710259260000.0,0.0,0.0,1686.0,0.5301325029655991,0.0,0.0,0.4777,1.0,1.0,1018.4073770999998,1000.0,930.0061770999998,1000.0,0.8776481986463807,0.0
1721,1710262860000.0,0.0,0.0,1686.0,0.5301325029655991,0.0,0.0,0.465,1.0,1.0,1018.4073770999998,1000.0,908.5939770999998,1000.0,0.8776481986463807,0.0
1722,1710266460000.0,0.0,0.0,1686.0,0.5301325029655991,0.0,0.0,0.4657,1.0,1.0,1018.4073770999998,1000.0,909.7741770999997,1000.0,0.8776481986463807,0.0
1723,1710270060000.0,0.0,0.0,1686.0,0.5301325029655991,0.0,0.0,0.4743,1.0,1.0,1018.4073770999998,1000.0,924.2737770999997,1000.0,0.8776481986463807,0.0
1724,1710273660000.0,0.0,0.0,1686.0,0.5301325029655991,0.0,0.0,0.476,1.0,1.0,1018.4073770999998,1000.0,927.1399770999997,1000.0,0.8776481986463807,0.0
1725,1710277260000.0,0.0,0.0,1686.0,0.5301325029655991,0.0,0.0,0.4741,1.0,1.0,1018.4073770999998,1000.0,923.9365770999998,1000.0,0.8776481986463807,0.0
1726,1710280860000.0,0.0,0.0,1686.0,0.5301325029655991,0.0,0.0,0.4685,1.0,1.0,1018.4073770999998,1000.0,914.4949770999998,1000.0,0.8776481986463807,0.0
1727,1710284460000.0,0.0,0.0,1686.0,0.5301325029655991,0.0,0.0,0.4694,1.0,1.0,1018.4073770999998,1000.0,916.0123770999998,1000.0,0.8776481986463807,0.0
1728,1710288060000.0,0.0,0.0,1686.0,0.5301325029655991,0.0,0.0,0.4687,1.0,1.0,1018.4073770999998,1000.0,914.8321770999997,1000.0,0.8776481986463807,0.0
1729,1710291660000.0,0.0,0.0,1686.0,0.5301325029655991,0.0,0.0,0.4675,1.0,1.0,1018.4073770999998,1000.0,912.8089770999998,1000.0,0.8776481986463807,0.0
1730,1710295260000.0,0.0,0.0,1686.0,0.5301325029655991,0.0,0.0,0.4698,1.0,1.0,1018.4073770999998,1000.0,916.6867770999997,1000.0,0.8776481986463807,0.0
1731,1710298860000.0,0.0,0.0,1686.0,0.5301325029655991,0.0,0.0,0.4767,1.0,1.0,1018.4073770999998,1000.0,928.3201770999998,1000.0,0.8776481986463807,0.0
1732,1710302460000.0,0.0,0.0,1686.0,0.5301325029655991,0.0,0.0,0.4763,1.0,1.0,1018.4073770999998,1000.0,927.6457770999998,1000.0,0.8776481986463807,0.0
1733,1710306060000.0,0.0,0.0,1686.0,0.5301325029655991,0.0,0.0,0.4789,1.0,1.0,1018.4073770999998,1000.0,932.0293770999997,1000.0,0.8776481986463807,0.0
1734,1710309660000.0,0.0,0.0,1686.0,0.5301325029655991,0.0,0.0,0.4736,1.0,1.0,1018.4073770999998,1000.0,923.0935770999998,1000.0,0.8776481986463807,0.0
1735,1710313260000.0,0.0,0.0,1686.0,0.5301325029655991,0.0,0.0,0.4737,1.0,1.0,1018.4073770999998,1000.0,923.2621770999998,1000.0,0.8776481986463807,0.0
1736,1710316860000.0,0.0,0.0,1686.0,0.5301325029655991,0.0,0.0,0.4762,1.0,1.0,1018.4073770999998,1000.0,927.4771770999998,1000.0,0.8776481986463807,0.0
1737,1710320460000.0,0.0,0.0,1686.0,0.5301325029655991,0.0,0.0,0.4731,1.0,1.0,1018.4073770999998,1000.0,922.2505770999998,1000.0,0.8776481986463807,0.0
1738,1710324060000.0,0.0,0.0,1686.0,0.5301325029655991,0.0,0.0,0.4693,1.0,1.0,1018.4073770999998,1000.0,915.8437770999998,1000.0,0.8776481986463807,0.0
1739,1710327660000.0,0.0,0.0,1686.0,0.5301325029655991,0.0,0.0,0.4689,1.0,1.0,1018.4073770999998,1000.0,915.1693770999997,1000.0,0.8776481986463807,0.0
1740,1710331260000.0,0.0,0.0,1686.0,0.5301325029655991,0.0,0.0,0.4774,1.0,1.0,1018.4073770999998,1000.0,929.5003770999997,1000.0,0.8776481986463807,0.0
1741,1710334860000.0,0.0,0.0,1686.0,0.5301325029655991,0.0,0.0,0.4746,1.0,1.0,1018.4073770999998,1000.0,924.7795770999998,1000.0,0.8776481986463807,0.0
1742,1710338460000.0,0.0,0.0,1686.0,0.5301325029655991,0.0,0.0,0.4715,1.0,1.0,1018.4073770999998,1000.0,919.5529770999997,1000.0,0.8776481986463807,0.0
1743,1710342060000.0,0.0,0.0,1686.0,0.5301325029655991,0.0,0.0,0.467,1.0,1.0,1018.4073770999998,1000.0,911.9659770999998,1000.0,0.8776481986463807,0.0
1744,1710345660000.0,0.0,0.0,1686.0,0.5301325029655991,0.0,0.0,0.4694,1.0,1.0,1018.4073770999998,1000.0,916.0123770999998,1000.0,0.8776481986463807,0.0
1745,1710349260000.0,0.0,0.0,1686.0,0.5301325029655991,0.0,0.0,0.4694,1.0,1.0,1018.4073770999998,1000.0,916.0123770999998,1000.0,0.8776481986463807,0.0
1746,1710352860000.0,0.0,0.0,1686.0,0.5301325029655991,0.0,0.0,0.4698,1.0,1.0,1018.4073770999998,1000.0,916.6867770999997,1000.0,0.8776481986463807,0.0
1747,1710356460000.0,0.0,0.0,1686.0,0.5301325029655991,0.0,0.0,0.4728,1.0,1.0,1018.4073770999998,1000.0,921.7447770999997,1000.0,0.8776481986463807,0.0
1748,1710360060000.0,0.0,0.0,1686.0,0.5301325029655991,0.0,0.0,0.4716,1.0,1.0,1018.4073770999998,1000.0,919.7215770999998,1000.0,0.8776481986463807,0.0
1749,1710363660000.0,0.0,0.0,1686.0,0.5301325029655991,0.0,0.0,0.4679,1.0,1.0,1018.4073770999998,1000.0,913.4833770999998,1000.0,0.8776481986463807,0.0
1750,1710367260000.0,0.0,0.0,1686.0,0.5301325029655991,0.0,0.0,0.471,1.0,1.0,1018.4073770999998,1000.0,918.7099770999997,1000.0,0.8776481986463807,0.0
1751,1710370860000.0,0.0,0.0,1686.0,0.5301325029655991,0.0,0.0,0.4739,1.0,1.0,1018.4073770999998,1000.0,923.5993770999997,1000.0,0.8776481986463807,0.0
1752,1710374460000.0,0.0,0.0,1686.0,0.5301325029655991,0.0,0.0,0.4733,1.0,1.0,1018.4073770999998,1000.0,922.5877770999998,1000.0,0.8776481986463807,0.0
1753,1710378060000.0,0.0,0.0,1686.0,0.5301325029655991,0.0,0.0,0.4648,1.0,1.0,1018.4073770999998,1000.0,908.2567770999997,1000.0,0.8776481986463807,0.0
1754,1710381660000.0,0.0,0.0,1686.0,0.5301325029655991,0.0,0.0,0.4645,1.0,1.0,1018.4073770999998,1000.0,907.7509770999998,1000.0,0.8776481986463807,0.0
1755,1710385260000.0,0.0,0.0,1686.0,0.5301325029655991,0.0,0.0,0.4623,1.0,1.0,1018.4073770999998,1000.0,904.0417770999998,1000.0,0.8776481986463807,0.0
1756,1710388860000.0,0.0,0.0,1686.0,0.5301325029655991,0.0,0.0,0.4596,1.0,1.0,1018.4073770999998,1000.0,899.4895770999998,1000.0,0.8776481986463807,0.0
1757,1710392460000.0,0.0,0.0,1686.0,0.5301325029655991,0.0,0.0,0.454,1.0,1.0,1018.4073770999998,1000.0,890.0479770999998,1000.0,0.8776481986463807,0.0
1758,1710396060000.0,0.0,0.0,1686.0,0.5301325029655991,0.0,0.0,0.4557,1.0,1.0,1018.4073770999998,1000.0,892.9141770999997,1000.0,0.8776481986463807,0.0
1759,1710399660000.0,0.0,0.0,1686.0,0.5301325029655991,0.0,0.0,0.4573,1.0,1.0,1018.4073770999998,1000.0,895.6117770999997,1000.0,0.8776481986463807,0.0
1760,1710403260000.0,0.0,0.0,1686.0,0.5301325029655991,0.0,0.0,0.4562,1.0,1.0,1018.4073770999998,1000.0,893.7571770999998,1000.0,0.8776481986463807,0.0
1761,1710406860000.0,0.0,0.0,1686.0,0.5301325029655991,0.0,0.0,0.4568,1.0,1.0,1018.4073770999998,1000.0,894.7687770999997,1000.0,0.8776481986463807,0.0
1762,1710410460000.0,0.0,0.0,1686.0,0.5301325029655991,0.0,0.0,0.4588,1.0,1.0,1018.4073770999998,1000.0,898.1407770999997,1000.0,0.8776481986463807,0.0
1763,1710414060000.0,0.0,0.0,1686.0,0.5301325029655991,0.0,0.0,0.4559,1.0,1.0,1018.4073770999998,1000.0,893.2513770999998,1000.0,0.8776481986463807,0.0
1764,1710417660000.0,0.0,0.0,1686.0,0.5301325029655991,0.0,0.0,0.4529,1.0,1.0,1018.4073770999998,1000.0,888.1933770999998,1000.0,0.8776481986463807,0.0
1765,1710421260000.0,0.0,0.0,1686.0,0.5301325029655991,0.0,0.0,0.4478,1.0,1.0,1018.4073770999998,1000.0,879.5947770999996,1000.0,0.8776481986463807,0.0
1766,1710424860000.0,0.0,0.0,1686.0,0.5301325029655991,0.0,0.0,0.4354,1.0,1.0,1018.4073770999998,1000.0,858.6883770999998,1000.0,0.8776481986463807,0.0
1767,1710428460000.0,0.0,0.0,1686.0,0.5301325029655991,0.0,0.0,0.4417,1.0,1.0,1018.4073770999998,1000.0,869.3101770999997,1000.0,0.8776481986463807,0.0
1768,1710432060000.0,0.0,0.0,1686.0,0.5301325029655991,0.0,0.0,0.4366,1.0,1.0,1018.4073770999998,1000.0,860.7115770999998,1000.0,0.8776481986463807,0.0
1769,1710435660000.0,0.0,0.0,1686.0,0.5301325029655991,0.0,0.0,0.4407,1.0,1.0,1018.4073770999998,1000.0,867.6241770999998,1000.0,0.8776481986463807,0.0
1770,1710439260000.0,0.0,0.0,1686.0,0.5301325029655991,0.0,0.0,0.4381,1.0,1.0,1018.4073770999998,1000.0,863.2405770999998,1000.0,0.8776481986463807,0.0
1771,1710442860000.0,0.0,0.0,1686.0,0.5301325029655991,0.0,0.0,0.4307,1.0,1.0,1018.4073770999998,1000.0,850.7641770999999,1000.0,0.8776481986463807,0.0
1772,1710446460000.0,0.0,0.0,1686.0,0.5301325029655991,0.0,0.0,0.4306,1.0,1.0,1018.4073770999998,1000.0,850.5955770999997,1000.0,0.8776481986463807,0.0
1773,1710450060000.0,0.0,0.0,1686.0,0.5301325029655991,0.0,0.0,0.4386,1.0,1.0,1018.4073770999998,1000.0,864.0835770999997,1000.0,0.8776481986463807,0.0
1774,1710453660000.0,0.0,0.0,1686.0,0.5301325029655991,0.0,0.0,0.4417,1.0,1.0,1018.4073770999998,1000.0,869.3101770999997,1000.0,0.8776481986463807,0.0
1775,1710457260000.0,0.0,0.0,1686.0,0.5301325029655991,0.0,0.0,0.4492,1.0,1.0,1018.4073770999998,1000.0,881.9551770999997,1000.0,0.8776481986463807,0.0
1776,1710460860000.0,0.0,0.0,1686.0,0.5301325029655991,0.0,0.0,0.4539,1.0,1.0,1018.4073770999998,1000.0,889.8793770999998,1000.0,0.8776481986463807,0.0
1777,1710464460000.0,0.0,0.0,1686.0,0.5301325029655991,0.0,0.0,0.4666,1.0,1.0,1018.4073770999998,1000.0,911.2915770999998,1000.0,0.8776481986463807,0.0
1778,1710468060000.0,0.0,0.0,1686.0,0.5301325029655991,0.0,0.0,0.456,1.0,1.0,1018.4073770999998,1000.0,893.4199770999998,1000.0,0.8776481986463807,0.0
1779,1710471660000.0,0.0,0.0,1686.0,0.5301325029655991,0.0,0.0,0.4373,1.0,1.0,1018.4073770999998,1000.0,861.8917770999998,1000.0,0.8776481986463807,0.0
1780,1710475260000.0,0.0,0.0,1686.0,0.5301325029655991,0.0,0.0,0.4258,1.0,1.0,1018.4073770999998,1000.0,842.5027770999998,1000.0,0.8776481986463807,0.0
1781,1710478860000.0,0.0,0.0,1686.0,0.5301325029655991,0.0,0.0,0.4198,1.0,1.0,1018.4073770999998,1000.0,832.3867770999998,1000.0,0.8776481986463807,0.0
1782,1710482460000.0,0.0,0.0,1686.0,0.5301325029655991,0.0,0.0,0.4196,1.0,1.0,1018.4073770999998,1000.0,832.0495770999997,1000.0,0.8776481986463807,0.0
1783,1710486060000.0,0.0,0.0,1686.0,0.5301325029655991,0.0,0.0,0.426,1.0,1.0,1018.4073770999998,1000.0,842.8399770999997,1000.0,0.8776481986463807,0.0
1784,1710489660000.0,0.0,0.0,1686.0,0.5301325029655991,0.0,0.0,0.4258,1.0,1.0,1018.4073770999998,1000.0,842.5027770999998,1000.0,0.8776481986463807,0.0
1785,1710493260000.0,0.0,0.0,1686.0,0.5301325029655991,0.0,0.0,0.4063,1.0,1.0,1018.4073770999998,1000.0,809.6257770999997,1000.0,0.8776481986463807,0.0
1786,1710496860000.0,0.0,0.0,1686.0,0.5301325029655991,0.0,0.0,0.4081,1.0,1.0,1018.4073770999998,1000.0,812.6605770999997,1000.0,0.8776481986463807,0.0
1787,1710500460000.0,0.0,0.0,1686.0,0.5301325029655991,0.0,0.0,0.4059,1.0,1.0,1018.4073770999998,1000.0,808.9513770999997,1000.0,0.8776481986463807,0.0
1788,1710504060000.0,0.0,0.0,1686.0,0.5301325029655991,0.0,0.0,0.4027,1.0,1.0,1018.4073770999998,1000.0,803.5561770999998,1000.0,0.8776481986463807,0.0
1789,1710507660000.0,0.0,0.0,1686.0,0.5301325029655991,0.0,0.0,0.4042,1.0,1.0,1018.4073770999998,1000.0,806.0851770999998,1000.0,0.8776481986463807,0.0
1790,1710511260000.0,0.0,0.0,1686.0,0.5301325029655991,0.0,0.0,0.4106,1.0,1.0,1018.4073770999998,1000.0,816.8755770999998,1000.0,0.8776481986463807,0.0
1791,1710514860000.0,0.0,0.0,1686.0,0.5301325029655991,0.0,0.0,0.411,1.0,1.0,1018.4073770999998,1000.0,817.5499770999998,1000.0,0.8776481986463807,0.0
1792,1710518460000.0,0.0,0.0,1686.0,0.5301325029655991,0.0,0.0,0.4064,1.0,1.0,1018.4073770999998,1000.0,809.7943770999998,1000.0,0.8776481986463807,0.0
1793,1710522060000.0,0.0,0.0,1686.0,0.5301325029655991,0.0,0.0,0.4083,1.0,1.0,1018.4073770999998,1000.0,812.9977770999998,1000.0,0.8776481986463807,0.0
1794,1710525660000.0,0.0,0.0,1686.0,0.5301325029655991,0.0,0.0,0.4099,1.0,1.0,1018.4073770999998,1000.0,815.6953770999997,1000.0,0.8776481986463807,0.0
1795,1710529260000.0,0.0,0.0,1686.0,0.5301325029655991,0.0,0.0,0.4198,1.0,1.0,1018.4073770999998,1000.0,832.3867770999998,1000.0,0.8776481986463807,0.0
1796,1710532860000.0,0.0,0.0,1686.0,0.5301325029655991,0.0,0.0,0.4078,1.0,1.0,1018.4073770999998,1000.0,812.1547770999998,1000.0,0.8776481986463807,0.0
1797,1710536460000.0,0.0,0.0,1686.0,0.5301325029655991,0.0,0.0,0.4011,1.0,1.0,1018.4073770999998,1000.0,800.8585770999998,1000.0,0.8776481986463807,0.0
1798,1710540060000.0,0.0,0.0,1686.0,0.5301325029655991,0.0,0.0,0.4075,1.0,1.0,1018.4073770999998,1000.0,811.6489770999997,1000.0,0.8776481986463807,0.0
1799,1710543660000.0,0.0,0.0,1686.0,0.5301325029655991,0.0,0.0,0.4136,1.0,1.0,1018.4073770999998,1000.0,821.9335770999999,1000.0,0.8776481986463807,0.0
1800,1710547260000.0,0.0,0.0,1686.0,0.5301325029655991,0.0,0.0,0.4256,1.0,1.0,1018.4073770999998,1000.0,842.1655770999997,1000.0,0.8776481986463807,0.0
1801,1710550860000.0,0.0,0.0,1686.0,0.5301325029655991,0.0,0.0,0.4239,1.0,1.0,1018.4073770999998,1000.0,839.2993770999998,1000.0,0.8776481986463807,0.0
1802,1710554460000.0,0.0,0.0,1686.0,0.5301325029655991,0.0,0.0,0.4239,1.0,1.0,1018.4073770999998,1000.0,839.2993770999998,1000.0,0.8776481986463807,0.0
1803,1710558060000.0,0.0,0.0,1686.0,0.5301325029655991,0.0,0.0,0.4269,1.0,1.0,1018.4073770999998,1000.0,844.3573770999998,1000.0,0.8776481986463807,0.0
1804,1710561660000.0,0.0,0.0,1686.0,0.5301325029655991,0.0,0.0,0.4259,1.0,1.0,1018.4073770999998,1000.0,842.6713770999997,1000.0,0.8776481986463807,0.0
1805,1710565260000.0,0.0,0.0,1686.0,0.5301325029655991,0.0,0.0,0.4222,1.0,1.0,1018.4073770999998,1000.0,836.4331770999997,1000.0,0.8776481986463807,0.0
1806,1710568860000.0,0.0,0.0,1686.0,0.5301325029655991,0.0,0.0,0.4201,1.0,1.0,1018.4073770999998,1000.0,832.8925770999997,1000.0,0.8776481986463807,0.0
1807,1710572460000.0,0.0,0.0,1686.0,0.5301325029655991,0.0,0.0,0.4242,1.0,1.0,1018.4073770999998,1000.0,839.8051770999998,1000.0,0.8776481986463807,0.0
1808,1710576060000.0,0.0,0.0,1686.0,0.5301325029655991,0.0,0.0,0.4326,1.0,1.0,1018.4073770999998,1000.0,853.9675770999997,1000.0,0.8776481986463807,0.0
1809,1710579660000.0,0.0,0.0,1686.0,0.5301325029655991,0.0,0.0,0.4276,1.0,1.0,1018.4073770999998,1000.0,845.5375770999997,1000.0,0.8776481986463807,0.0
1810,1710583260000.0,0.0,0.0,1686.0,0.5301325029655991,0.0,0.0,0.4279,1.0,1.0,1018.4073770999998,1000.0,846.0433770999998,1000.0,0.8776481986463807,0.0
1811,1710586860000.0,0.0,0.0,1686.0,0.5301325029655991,0.0,0.0,0.4218,1.0,1.0,1018.4073770999998,1000.0,835.7587770999997,1000.0,0.8776481986463807,0.0
1812,1710590460000.0,0.0,0.0,1686.0,0.5301325029655991,0.0,0.0,0.4287,1.0,1.0,1018.4073770999998,1000.0,847.3921770999998,1000.0,0.8776481986463807,0.0
1813,1710594060000.0,0.0,0.0,1686.0,0.5301325029655991,0.0,0.0,0.418,1.0,1.0,1018.4073770999998,1000.0,829.3519770999997,1000.0,0.8776481986463807,0.0
1814,1710597660000.0,0.0,0.0,1686.0,0.5301325029655991,0.0,0.0,0.4127,1.0,1.0,1018.4073770999998,1000.0,820.4161770999998,1000.0,0.8776481986463807,0.0
1815,1710601260000.0,0.0,0.0,1686.0,0.5301325029655991,0.0,0.0,0.4131,1.0,1.0,1018.4073770999998,1000.0,821.0905770999998,1000.0,0.8776481986463807,0.0
1816,1710604860000.0,0.0,0.0,1686.0,0.5301325029655991,0.0,0.0,0.4194,1.0,1.0,1018.4073770999998,1000.0,831.7123770999997,1000.0,0.8776481986463807,0.0
1817,1710608460000.0,0.0,0.0,1686.0,0.5301325029655991,0.0,0.0,0.4187,1.0,1.0,1018.4073770999998,1000.0,830.5321770999998,1000.0,0.8776481986463807,0.0
1818,1710612060000.0,0.0,0.0,1686.0,0.5301325029655991,0.0,0.0,0.4077,1.0,1.0,1018.4073770999998,1000.0,811.9861770999997,1000.0,0.8776481986463807,0.0
1819,1710615660000.0,0.0,0.0,1686.0,0.5301325029655991,0.0,0.0,0.3979,1.0,1.0,1018.4073770999998,1000.0,795.4633770999997,1000.0,0.8776481986463807,0.0
1820,1710619260000.0,0.0,0.0,1686.0,0.5301325029655991,0.0,0.0,0.3948,1.0,1.0,1018.4073770999998,1000.0,790.2367770999997,1000.0,0.8776481986463807,0.0
1821,1710622860000.0,0.0,0.0,1686.0,0.5301325029655991,0.0,0.0,0.399,1.0,1.0,1018.4073770999998,1000.0,797.3179770999998,1000.0,0.8776481986463807,0.0
1822,1710626460000.0,0.0,0.0,1686.0,0.5301325029655991,0.0,0.0,0.3901,1.0,1.0,1018.4073770999998,1000.0,782.3125770999998,1000.0,0.8776481986463807,0.0
1823,1710630060000.0,0.0,0.0,1686.0,0.5301325029655991,0.0,0.0,0.3944,1.0,1.0,1018.4073770999998,1000.0,789.5623770999997,1000.0,0.8776481986463807,0.0
1824,1710633660000.0,0.0,0.0,1686.0,0.5301325029655991,0.0,0.0,0.3954,1.0,1.0,1018.4073770999998,1000.0,791.2483770999997,1000.0,0.8776481986463807,0.0
1825,1710637260000.0,0.0,0.0,1686.0,0.5301325029655991,0.0,0.0,0.3778,1.0,1.0,1018.4073770999998,1000.0,761.5747770999998,1000.0,0.8776481986463807,0.0
1826,1710640860000.0,0.0,0.0,1686.0,0.5301325029655991,0.0,0.0,0.3855,1.0,1.0,1018.4073770999998,1000.0,774.5569770999998,1000.0,0.8776481986463807,0.0
1827,1710644460000.0,0.0,0.0,1686.0,0.5301325029655991,0.0,0.0,0.3891,1.0,1.0,1018.4073770999998,1000.0,780.6265770999997,1000.0,0.8776481986463807,0.0
1828,1710648060000.0,0.0,0.0,1686.0,0.5301325029655991,0.0,0.0,0.391,1.0,1.0,1018.4073770999998,1000.0,783.8299770999997,1000.0,0.8776481986463807,0.0
1829,1710651660000.0,0.0,0.0,1686.0,0.5301325029655991,0.0,0.0,0.3878,1.0,1.0,1018.4073770999998,1000.0,778.4347770999997,1000.0,0.8776481986463807,0.0
1830,1710655260000.0,0.0,0.0,1686.0,0.5301325029655991,0.0,0.0,0.3837,1.0,1.0,1018.4073770999998,1000.0,771.5221770999997,1000.0,0.8776481986463807,0.0
1831,1710658860000.0,0.0,0.0,1686.0,0.5301325029655991,0.0,0.0,0.3708,1.0,1.0,1018.4073770999998,1000.0,749.7727770999998,1000.0,0.8776481986463807,0.0
1832,1710662460000.0,0.0,0.0,1686.0,0.5301325029655991,0.0,0.0,0.3724,1.0,1.0,1018.4073770999998,1000.0,752.4703770999997,1000.0,0.8776481986463807,0.0
1833,1710666060000.0,0.0,0.0,1686.0,0.5301325029655991,0.0,0.0,0.3827,1.0,1.0,1018.4073770999998,1000.0,769.8361770999998,1000.0,0.8776481986463807,0.0
1834,1710669660000.0,0.0,0.0,1686.0,0.5301325029655991,0.0,0.0,0.384,1.0,1.0,1018.4073770999998,1000.0,772.0279770999998,1000.0,0.8776481986463807,0.0
1835,1710673260000.0,0.0,0.0,1686.0,0.5301325029655991,0.0,0.0,0.3889,1.0,1.0,1018.4073770999998,1000.0,780.2893770999998,1000.0,0.8776481986463807,0.0
1836,1710676860000.0,0.0,0.0,1686.0,0.5301325029655991,0.0,0.0,0.3881,1.0,1.0,1018.4073770999998,1000.0,778.9405770999997,1000.0,0.8776481986463807,0.0
1837,1710680460000.0,0.0,0.0,1686.0,0.5301325029655991,0.0,0.0,0.3841,1.0,1.0,1018.4073770999998,1000.0,772.1965770999998,1000.0,0.8776481986463807,0.0
1838,1710684060000.0,0.0,0.0,1686.0,0.5301325029655991,0.0,0.0,0.3866,1.0,1.0,1018.4073770999998,1000.0,776.4115770999997,1000.0,0.8776481986463807,0.0
1839,1710687660000.0,0.0,0.0,1686.0,0.5301325029655991,0.0,0.0,0.3905,1.0,1.0,1018.4073770999998,1000.0,782.9869770999998,1000.0,0.8776481986463807,0.0
1840,1710691260000.0,0.0,0.0,1686.0,0.5301325029655991,0.0,0.0,0.3967,1.0,1.0,1018.4073770999998,1000.0,793.4401770999998,1000.0,0.8776481986463807,0.0
1841,1710694860000.0,0.0,0.0,1686.0,0.5301325029655991,0.0,0.0,0.3946,1.0,1.0,1018.4073770999998,1000.0,789.8995770999998,1000.0,0.8776481986463807,0.0
1842,1710698460000.0,0.0,0.0,1686.0,0.5301325029655991,0.0,0.0,0.3972,1.0,1.0,1018.4073770999998,1000.0,794.2831770999998,1000.0,0.8776481986463807,0.0
1843,1710702060000.0,0.0,0.0,1686.0,0.5301325029655991,0.0,0.0,0.3962,1.0,1.0,1018.4073770999998,1000.0,792.5971770999997,1000.0,0.8776481986463807,0.0
1844,1710705660000.0,0.0,0.0,1686.0,0.5301325029655991,0.0,0.0,0.3984,1.0,1.0,1018.4073770999998,1000.0,796.3063770999997,1000.0,0.8776481986463807,0.0
1845,1710709260000.0,0.0,0.0,1686.0,0.5301325029655991,0.0,0.0,0.3983,1.0,1.0,1018.4073770999998,1000.0,796.1377770999998,1000.0,0.8776481986463807,0.0
1846,1710712860000.0,0.0,0.0,1686.0,0.5301325029655991,0.0,0.0,0.4008,1.0,1.0,1018.4073770999998,1000.0,800.3527770999997,1000.0,0.8776481986463807,0.0
1847,1710716460000.0,0.0,0.0,1686.0,0.5301325029655991,0.0,0.0,0.4051,1.0,1.0,1018.4073770999998,1000.0,807.6025770999997,1000.0,0.8776481986463807,0.0
1848,1710720060000.0,0.0,0.0,1686.0,0.5301325029655991,0.0,0.0,0.4013,1.0,1.0,1018.4073770999998,1000.0,801.1957770999998,1000.0,0.8776481986463807,0.0
1849,1710723660000.0,0.0,0.0,1686.0,0.5301325029655991,0.0,0.0,0.3866,1.0,1.0,1018.4073770999998,1000.0,776.4115770999997,1000.0,0.8776481986463807,0.0
1850,1710727260000.0,0.0,0.0,1686.0,0.5301325029655991,0.0,0.0,0.3917,1.0,1.0,1018.4073770999998,1000.0,785.0101770999997,1000.0,0.8776481986463807,0.0
1851,1710730860000.0,0.0,0.0,1686.0,0.5301325029655991,0.0,0.0,0.3947,1.0,1.0,1018.4073770999998,1000.0,790.0681770999997,1000.0,0.8776481986463807,0.0
1852,1710734460000.0,0.0,0.0,1686.0,0.5301325029655991,0.0,0.0,0.394,1.0,1.0,1018.4073770999998,1000.0,788.8879770999997,1000.0,0.8776481986463807,0.0
1853,1710738060000.0,0.0,0.0,1686.0,0.5301325029655991,0.0,0.0,0.3954,1.0,1.0,1018.4073770999998,1000.0,791.2483770999997,1000.0,0.8776481986463807,0.0
1854,1710741660000.0,0.0,0.0,1686.0,0.5301325029655991,0.0,0.0,0.3982,1.0,1.0,1018.4073770999998,1000.0,795.9691770999998,1000.0,0.8776481986463807,0.0
1855,1710745260000.0,0.0,0.0,1686.0,0.5301325029655991,0.0,0.0,0.3944,1.0,1.0,1018.4073770999998,1000.0,789.5623770999997,1000.0,0.8776481986463807,0.0
1856,1710748860000.0,0.0,0.0,1686.0,0.5301325029655991,0.0,0.0,0.3926,1.0,1.0,1018.4073770999998,1000.0,786.5275770999998,1000.0,0.8776481986463807,0.0
1857,1710752460000.0,0.0,0.0,1686.0,0.5301325029655991,0.0,0.0,0.3877,1.0,1.0,1018.4073770999998,1000.0,778.2661770999997,1000.0,0.8776481986463807,0.0
1858,1710756060000.0,0.0,0.0,1686.0,0.5301325029655991,0.0,0.0,0.3841,1.0,1.0,1018.4073770999998,1000.0,772.1965770999998,1000.0,0.8776481986463807,0.0
1859,1710759660000.0,0.0,0.0,1686.0,0.5301325029655991,0.0,0.0,0.387,1.0,1.0,1018.4073770999998,1000.0,777.0859770999998,1000.0,0.8776481986463807,0.0
1860,1710763260000.0,0.0,0.0,1686.0,0.5301325029655991,0.0,0.0,0.3861,1.0,1.0,1018.4073770999998,1000.0,775.5685770999997,1000.0,0.8776481986463807,0.0
1861,1710766860000.0,0.0,0.0,1686.0,0.5301325029655991,0.0,0.0,0.3866,1.0,1.0,1018.4073770999998,1000.0,776.4115770999997,1000.0,0.8776481986463807,0.0
1862,1710770460000.0,0.0,0.0,1686.0,0.5301325029655991,0.0,0.0,0.3767,1.0,1.0,1018.4073770999998,1000.0,759.7201770999998,1000.0,0.8776481986463807,0.0
1863,1710774060000.0,0.0,0.0,1686.0,0.5301325029655991,0.0,0.0,0.3724,1.0,1.0,1018.4073770999998,1000.0,752.4703770999997,1000.0,0.8776481986463807,0.0
1864,1710777660000.0,0.0,0.0,1686.0,0.5301325029655991,0.0,0.0,0.3731,1.0,1.0,1018.4073770999998,1000.0,753.6505770999997,1000.0,0.8776481986463807,0.0
1865,1710781260000.0,0.0,0.0,1686.0,0.5301325029655991,0.0,0.0,0.3683,1.0,1.0,1018.4073770999998,1000.0,745.5577770999998,1000.0,0.8776481986463807,0.0
1866,1710784860000.0,0.0,0.0,1686.0,0.5301325029655991,0.0,0.0,0.3707,1.0,1.0,1018.4073770999998,1000.0,749.6041770999998,1000.0,0.8776481986463807,0.0
1867,1710788460000.0,0.0,0.0,1686.0,0.5301325029655991,0.0,0.0,0.367,1.0,1.0,1018.4073770999998,1000.0,743.3659770999998,1000.0,0.8776481986463807,0.0
1868,1710792060000.0,0.0,0.0,1686.0,0.5301325029655991,0.0,0.0,0.3677,1.0,1.0,1018.4073770999998,1000.0,744.5461770999998,1000.0,0.8776481986463807,0.0
1869,1710795660000.0,0.0,0.0,1686.0,0.5301325029655991,0.0,0.0,0.3721,1.0,1.0,1018.4073770999998,1000.0,751.9645770999998,1000.0,0.8776481986463807,0.0
1870,1710799260000.0,0.0,0.0,1686.0,0.5301325029655991,0.0,0.0,0.3726,1.0,1.0,1018.4073770999998,1000.0,752.8075770999997,1000.0,0.8776481986463807,0.0
1871,1710802860000.0,0.0,0.0,1686.0,0.5301325029655991,0.0,0.0,0.3724,1.0,1.0,1018.4073770999998,1000.0,752.4703770999997,1000.0,0.8776481986463807,0.0
1872,1710806460000.0,0.0,0.0,1686.0,0.5301325029655991,0.0,0.0,0.3717,1.0,1.0,1018.4073770999998,1000.0,751.2901770999997,1000.0,0.8776481986463807,0.0
1873,1710810060000.0,0.0,0.0,1686.0,0.5301325029655991,0.0,0.0,0.3605,1.0,1.0,1018.4073770999998,1000.0,732.4069770999997,1000.0,0.8776481986463807,0.0
1874,1710813660000.0,0.0,0.0,1686.0,0.5301325029655991,0.0,0.0,0.3528,1.0,1.0,1018.4073770999998,1000.0,719.4247770999998,1000.0,0.8776481986463807,0.0
1875,1710817260000.0,0.0,0.0,1686.0,0.5301325029655991,0.0,0.0,0.351,1.0,1.0,1018.4073770999998,1000.0,716.3899770999997,1000.0,0.8776481986463807,0.0
1876,1710820860000.0,0.0,0.0,1686.0,0.5301325029655991,0.0,0.0,0.3516,1.0,1.0,1018.4073770999998,1000.0,717.4015770999997,1000.0,0.8776481986463807,0.0
1877,1710824460000.0,0.0,0.0,1686.0,0.5301325029655991,0.0,0.0,0.3455,1.0,1.0,1018.4073770999998,1000.0,707.1169770999998,1000.0,0.8776481986463807,0.0
1878,1710828060000.0,0.0,0.0,1686.0,0.5301325029655991,0.0,0.0,0.3434,1.0,1.0,1018.4073770999998,1000.0,703.5763770999997,1000.0,0.8776481986463807,0.0
1879,1710831660000.0,0.0,0.0,1686.0,0.5301325029655991,0.0,0.0,0.3386,1.0,1.0,1018.4073770999998,1000.0,695.4835770999998,1000.0,0.8776481986463807,0.0
1880,1710835260000.0,0.0,0.0,1686.0,0.5301325029655991,0.0,0.0,0.3415,1.0,1.0,1018.4073770999998,1000.0,700.3729770999998,1000.0,0.8776481986463807,0.0
1881,1710838860000.0,0.0,0.0,1686.0,0.5301325029655991,0.0,0.0,0.3327,1.0,1.0,1018.4073770999998,1000.0,685.5361770999998,1000.0,0.8776481986463807,0.0
1882,1710842460000.0,0.0,0.0,1686.0,0.5301325029655991,0.0,0.0,0.3376,1.0,1.0,1018.4073770999998,1000.0,693.7975770999998,1000.0,0.8776481986463807,0.0
1883,1710846060000.0,0.0,0.0,1686.0,0.5301325029655991,0.0,0.0,0.3333,1.0,1.0,1018.4073770999998,1000.0,686.5477770999997,1000.0,0.8776481986463807,0.0
1884,1710849660000.0,0.0,0.0,1686.0,0.5301325029655991,0.0,0.0,0.3423,1.0,1.0,1018.4073770999998,1000.0,701.7217770999998,1000.0,0.8776481986463807,0.0
1885,1710853260000.0,0.0,0.0,1686.0,0.5301325029655991,0.0,0.0,0.3449,1.0,1.0,1018.4073770999998,1000.0,706.1053770999997,1000.0,0.8776481986463807,0.0
1886,1710856860000.0,0.0,0.0,1686.0,0.5301325029655991,0.0,0.0,0.3401,1.0,1.0,1018.4073770999998,1000.0,698.0125770999998,1000.0,0.8776481986463807,0.0
1887,1710860460000.0,0.0,0.0,1686.0,0.5301325029655991,0.0,0.0,0.3411,1.0,1.0,1018.4073770999998,1000.0,699.6985770999997,1000.0,0.8776481986463807,0.0
1888,1710864060000.0,0.0,0.0,1686.0,0.5301325029655991,0.0,0.0,0.3505,1.0,1.0,1018.4073770999998,1000.0,715.5469770999997,1000.0,0.8776481986463807,0.0
1889,1710867660000.0,0.0,0.0,1686.0,0.5301325029655991,0.0,0.0,0.3487,1.0,1.0,1018.4073770999998,1000.0,712.5121770999997,1000.0,0.8776481986463807,0.0
1890,1710871260000.0,0.0,0.0,1686.0,0.5301325029655991,0.0,0.0,0.3506,1.0,1.0,1018.4073770999998,1000.0,715.7155770999998,1000.0,0.8776481986463807,0.0
1891,1710874860000.0,0.0,0.0,1686.0,0.5301325029655991,0.0,0.0,0.35,1.0,1.0,1018.4073770999998,1000.0,714.7039770999997,1000.0,0.8776481986463807,0.0
1892,1710878460000.0,0.0,0.0,1686.0,0.5301325029655991,0.0,0.0,0.3501,1.0,1.0,1018.4073770999998,1000.0,714.8725770999997,1000.0,0.8776481986463807,0.0
1893,1710882060000.0,0.0,0.0,1686.0,0.5301325029655991,0.0,0.0,0.3441,1.0,1.0,1018.4073770999998,1000.0,704.7565770999997,1000.0,0.8776481986463807,0.0
1894,1710885660000.0,0.0,0.0,1686.0,0.5301325029655991,0.0,0.0,0.3419,1.0,1.0,1018.4073770999998,1000.0,701.0473770999997,1000.0,0.8776481986463807,0.0
1895,1710889260000.0,0.0,0.0,1686.0,0.5301325029655991,0.0,0.0,0.3315,1.0,1.0,1018.4073770999998,1000.0,683.5129770999997,1000.0,0.8776481986463807,0.0
1896,1710892860000.0,0.0,0.0,1686.0,0.5301325029655991,0.0,0.0,0.3347,1.0,1.0,1018.4073770999998,1000.0,688.9081770999998,1000.0,0.8776481986463807,0.0
1897,1710896460000.0,0.0,0.0,1686.0,0.5301325029655991,0.0,0.0,0.3384,1.0,1.0,1018.4073770999998,1000.0,695.1463770999997,1000.0,0.8776481986463807,0.0
1898,1710900060000.0,0.0,0.0,1686.0,0.5301325029655991,0.0,0.0,0.3298,1.0,1.0,1018.4073770999998,1000.0,680.6467770999998,1000.0,0.8776481986463807,0.0
1899,1710903660000.0,0.0,0.0,1686.0,0.5301325029655991,0.0,0.0,0.3391,1.0,1.0,1018.4073770999998,1000.0,696.3265770999998,1000.0,0.8776481986463807,0.0
1900,1710907260000.0,0.0,0.0,1686.0,0.5301325029655991,0.0,0.0,0.3348,1.0,1.0,1018.4073770999998,1000.0,689.0767770999997,1000.0,0.8776481986463807,0.0
1901,1710910860000.0,0.0,0.0,1686.0,0.5301325029655991,0.0,0.0,0.3281,1.0,1.0,1018.4073770999998,1000.0,677.7805770999997,1000.0,0.8776481986463807,0.0
1902,1710914460000.0,0.0,0.0,1686.0,0.5301325029655991,0.0,0.0,0.3267,1.0,1.0,1018.4073770999998,1000.0,675.4201770999998,1000.0,0.8776481986463807,0.0
1903,1710918060000.0,0.0,0.0,1686.0,0.5301325029655991,0.0,0.0,0.3312,1.0,1.0,1018.4073770999998,1000.0,683.0071770999998,1000.0,0.8776481986463807,0.0
1904,1710921660000.0,0.0,0.0,1686.0,0.5301325029655991,0.0,0.0,0.3404,1.0,1.0,1018.4073770999998,1000.0,698.5183770999997,1000.0,0.8776481986463807,0.0
1905,1710925260000.0,0.0,0.0,1686.0,0.5301325029655991,0.0,0.0,0.3395,1.0,1.0,1018.4073770999998,1000.0,697.0009770999998,1000.0,0.8776481986463807,0.0
1906,1710928860000.0,0.0,0.0,1686.0,0.5301325029655991,0.0,0.0,0.342,1.0,1.0,1018.4073770999998,1000.0,701.2159770999998,1000.0,0.8776481986463807,0.0
1907,1710932460000.0,0.0,0.0,1686.0,0.5301325029655991,0.0,0.0,0.3465,1.0,1.0,1018.4073770999998,1000.0,708.8029770999997,1000.0,0.8776481986463807,0.0
1908,1710936060000.0,0.0,0.0,1686.0,0.5301325029655991,0.0,0.0,0.3572,1.0,1.0,1018.4073770999998,1000.0,726.8431770999998,1000.0,0.8776481986463807,0.0
1909,1710939660000.0,0.0,0.0,1686.0,0.5301325029655991,0.0,0.0,0.3662,1.0,1.0,1018.4073770999998,1000.0,742.0171770999998,1000.0,0.8776481986463807,0.0
1910,1710943260000.0,0.0,0.0,1686.0,0.5301325029655991,0.0,0.0,0.3576,1.0,1.0,1018.4073770999998,1000.0,727.5175770999997,1000.0,0.8776481986463807,0.0
1911,1710946860000.0,0.0,0.0,1686.0,0.5301325029655991,0.0,0.0,0.3608,1.0,1.0,1018.4073770999998,1000.0,732.9127770999997,1000.0,0.8776481986463807,0.0
1912,1710950460000.0,0.0,0.0,1686.0,0.5301325029655991,0.0,0.0,0.352,1.0,1.0,1018.4073770999998,1000.0,718.0759770999997,1000.0,0.8776481986463807,0.0
1913,1710954060000.0,0.0,0.0,1686.0,0.5301325029655991,0.0,0.0,0.348,1.0,1.0,1018.4073770999998,1000.0,711.3319770999997,1000.0,0.8776481986463807,0.0
1914,1710957660000.0,0.0,0.0,1686.0,0.5301325029655991,0.0,0.0,0.3567,1.0,1.0,1018.4073770999998,1000.0,726.0001770999997,1000.0,0.8776481986463807,0.0
1915,1710961260000.0,0.0,0.0,1686.0,0.5301325029655991,0.0,0.0,0.3661,1.0,1.0,1018.4073770999998,1000.0,741.8485770999997,1000.0,0.8776481986463807,0.0
1916,1710964860000.0,0.0,0.0,1686.0,0.5301325029655991,0.0,0.0,0.3695,1.0,1.0,1018.4073770999998,1000.0,747.5809770999997,1000.0,0.8776481986463807,0.0
1917,1710968460000.0,0.0,0.0,1686.0,0.5301325029655991,0.0,0.0,0.3739,1.0,1.0,1018.4073770999998,1000.0,754.9993770999997,1000.0,0.8776481986463807,0.0
1918,1710972060000.0,0.0,0.0,1686.0,0.5301325029655991,0.0,0.0,0.374,1.0,1.0,1018.4073770999998,1000.0,755.1679770999997,1000.0,0.8776481986463807,0.0
1919,1710975660000.0,0.0,0.0,1686.0,0.5301325029655991,0.0,0.0,0.3743,1.0,1.0,1018.4073770999998,1000.0,755.6737770999998,1000.0,0.8776481986463807,0.0
1920,1710979260000.0,0.0,0.0,1686.0,0.5301325029655991,0.0,0.0,0.3757,1.0,1.0,1018.4073770999998,1000.0,758.0341770999997,1000.0,0.8776481986463807,0.0
1921,1710982860000.0,0.0,0.0,1686.0,0.5301325029655991,0.0,0.0,0.3781,1.0,1.0,1018.4073770999998,1000.0,762.0805770999998,1000.0,0.8776481986463807,0.0
1922,1710986460000.0,0.0,0.0,1686.0,0.5301325029655991,0.0,0.0,0.3861,1.0,1.0,1018.4073770999998,1000.0,775.5685770999997,1000.0,0.8776481986463807,0.0
1923,1710990060000.0,0.0,0.0,1686.0,0.5301325029655991,0.0,0.0,0.3917,1.0,1.0,1018.4073770999998,1000.0,785.0101770999997,1000.0,0.8776481986463807,0.0
1924,1710993660000.0,0.0,0.0,1686.0,0.5301325029655991,0.0,0.0,0.3843,1.0,1.0,1018.4073770999998,1000.0,772.5337770999997,1000.0,0.8776481986463807,0.0
1925,1710997260000.0,0.0,0.0,1686.0,0.5301325029655991,0.0,0.0,0.3792,1.0,1.0,1018.4073770999998,1000.0,763.9351770999997,1000.0,0.8776481986463807,0.0
1926,1711000860000.0,0.0,0.0,1686.0,0.5301325029655991,0.0,0.0,0.3831,1.0,1.0,1018.4073770999998,1000.0,770.5105770999998,1000.0,0.8776481986463807,0.0
1927,1711004460000.0,0.0,0.0,1686.0,0.5301325029655991,0.0,0.0,0.3811,1.0,1.0,1018.4073770999998,1000.0,767.1385770999998,1000.0,0.8776481986463807,0.0
1928,1711008060000.0,0.0,0.0,1686.0,0.5301325029655991,0.0,0.0,0.3836,1.0,1.0,1018.4073770999998,1000.0,771.3535770999997,1000.0,0.8776481986463807,0.0
1929,1711011660000.0,0.0,0.0,1686.0,0.5301325029655991,0.0,0.0,0.3892,1.0,1.0,1018.4073770999998,1000.0,780.7951770999997,1000.0,0.8776481986463807,0.0
1930,1711015260000.0,0.0,0.0,1686.0,0.5301325029655991,0.0,0.0,0.3866,1.0,1.0,1018.4073770999998,1000.0,776.4115770999997,1000.0,0.8776481986463807,0.0
1931,1711018860000.0,0.0,0.0,1686.0,0.5301325029655991,0.0,0.0,0.3852,1.0,1.0,1018.4073770999998,1000.0,774.0511770999997,1000.0,0.8776481986463807,0.0
1932,1711022460000.0,0.0,0.0,1686.0,0.5301325029655991,0.0,0.0,0.3916,1.0,1.0,1018.4073770999998,1000.0,784.8415770999998,1000.0,0.8776481986463807,0.0
1933,1711026060000.0,0.0,0.0,1686.0,0.5301325029655991,0.0,0.0,0.3891,1.0,1.0,1018.4073770999998,1000.0,780.6265770999997,1000.0,0.8776481986463807,0.0
1934,1711029660000.0,0.0,0.0,1686.0,0.5301325029655991,0.0,0.0,0.3865,1.0,1.0,1018.4073770999998,1000.0,776.2429770999997,1000.0,0.8776481986463807,0.0
1935,1711033260000.0,0.0,0.0,1686.0,0.5301325029655991,0.0,0.0,0.3908,1.0,1.0,1018.4073770999998,1000.0,783.4927770999998,1000.0,0.8776481986463807,0.0
1936,1711036860000.0,0.0,0.0,1686.0,0.5301325029655991,0.0,0.0,0.3863,1.0,1.0,1018.4073770999998,1000.0,775.9057770999997,1000.0,0.8776481986463807,0.0
1937,1711040460000.0,0.0,0.0,1686.0,0.5301325029655991,0.0,0.0,0.3919,1.0,1.0,1018.4073770999998,1000.0,785.3473770999998,1000.0,0.8776481986463807,0.0
1938,1711044060000.0,0.0,0.0,1686.0,0.5301325029655991,0.0,0.0,0.3897,1.0,1.0,1018.4073770999998,1000.0,781.6381770999998,1000.0,0.8776481986463807,0.0
1939,1711047660000.0,0.0,0.0,1686.0,0.5301325029655991,0.0,0.0,0.3825,1.0,1.0,1018.4073770999998,1000.0,769.4989770999998,1000.0,0.8776481986463807,0.0
1940,1711051260000.0,0.0,0.0,1686.0,0.5301325029655991,0.0,0.0,0.3856,1.0,1.0,1018.4073770999998,1000.0,774.7255770999998,1000.0,0.8776481986463807,0.0
1941,1711054860000.0,0.0,0.0,1686.0,0.5301325029655991,0.0,0.0,0.3899,1.0,1.0,1018.4073770999998,1000.0,781.9753770999998,1000.0,0.8776481986463807,0.0
1942,1711058460000.0,0.0,0.0,1686.0,0.5301325029655991,0.0,0.0,0.3893,1.0,1.0,1018.4073770999998,1000.0,780.9637770999998,1000.0,0.8776481986463807,0.0
1943,1711062060000.0,0.0,0.0,1686.0,0.5301325029655991,0.0,0.0,0.388,1.0,1.0,1018.4073770999998,1000.0,778.7719770999997,1000.0,0.8776481986463807,0.0
1944,1711065660000.0,0.0,0.0,1686.0,0.5301325029655991,0.0,0.0,0.3886,1.0,1.0,1018.4073770999998,1000.0,779.7835770999998,1000.0,0.8776481986463807,0.0
1945,1711069260000.0,0.0,0.0,1686.0,0.5301325029655991,0.0,0.0,0.3843,1.0,1.0,1018.4073770999998,1000.0,772.5337770999997,1000.0,0.8776481986463807,0.0
1946,1711072860000.0,0.0,0.0,1686.0,0.5301325029655991,0.0,0.0,0.38,1.0,1.0,1018.4073770999998,1000.0,765.2839770999998,1000.0,0.8776481986463807,0.0
1947,1711076460000.0,0.0,0.0,1686.0,0.5301325029655991,0.0,0.0,0.3816,1.0,1.0,1018.4073770999998,1000.0,767.9815770999998,1000.0,0.8776481986463807,0.0
1948,1711080060000.0,0.0,0.0,1686.0,0.5301325029655991,0.0,0.0,0.3863,1.0,1.0,1018.4073770999998,1000.0,775.9057770999997,1000.0,0.8776481986463807,0.0
1949,1711083660000.0,0.0,0.0,1686.0,0.5301325029655991,0.0,0.0,0.3874,1.0,1.0,1018.4073770999998,1000.0,777.7603770999998,1000.0,0.8776481986463807,0.0
1950,1711087260000.0,0.0,0.0,1686.0,0.5301325029655991,0.0,0.0,0.3886,1.0,1.0,1018.4073770999998,1000.0,779.7835770999998,1000.0,0.8776481986463807,0.0
1951,1711090860000.0,0.0,0.0,1686.0,0.5301325029655991,0.0,0.0,0.3871,1.0,1.0,1018.4073770999998,1000.0,777.2545770999998,1000.0,0.8776481986463807,0.0
1952,1711094460000.0,0.0,0.0,1686.0,0.5301325029655991,0.0,0.0,0.3877,1.0,1.0,1018.4073770999998,1000.0,778.2661770999997,1000.0,0.8776481986463807,0.0
1953,1711098060000.0,0.0,0.0,1686.0,0.5301325029655991,0.0,0.0,0.3845,1.0,1.0,1018.4073770999998,1000.0,772.8709770999998,1000.0,0.8776481986463807,0.0
1954,1711101660000.0,0.0,0.0,1686.0,0.5301325029655991,0.0,0.0,0.3831,1.0,1.0,1018.4073770999998,1000.0,770.5105770999998,1000.0,0.8776481986463807,0.0
1955,1711105260000.0,0.0,0.0,1686.0,0.5301325029655991,0.0,0.0,0.3765,1.0,1.0,1018.4073770999998,1000.0,759.3829770999998,1000.0,0.8776481986463807,0.0
1956,1711108860000.0,0.0,0.0,1686.0,0.5301325029655991,0.0,0.0,0.3741,1.0,1.0,1018.4073770999998,1000.0,755.3365770999997,1000.0,0.8776481986463807,0.0
1957,1711112460000.0,0.0,0.0,1686.0,0.5301325029655991,0.0,0.0,0.3744,1.0,1.0,1018.4073770999998,1000.0,755.8423770999998,1000.0,0.8776481986463807,0.0
1958,1711116060000.0,0.0,0.0,1686.0,0.5301325029655991,0.0,0.0,0.3635,1.0,1.0,1018.4073770999998,1000.0,737.4649770999997,1000.0,0.8776481986463807,0.0
1959,1711119660000.0,0.0,0.0,1686.0,0.5301325029655991,0.0,0.0,0.3599,1.0,1.0,1018.4073770999998,1000.0,731.3953770999997,1000.0,0.8776481986463807,0.0
1960,1711123260000.0,0.0,0.0,1686.0,0.5301325029655991,0.0,0.0,0.3668,1.0,1.0,1018.4073770999998,1000.0,743.0287770999998,1000.0,0.8776481986463807,0.0
1961,1711126860000.0,0.0,0.0,1686.0,0.5301325029655991,0.0,0.0,0.3655,1.0,1.0,1018.4073770999998,1000.0,740.8369770999998,1000.0,0.8776481986463807,0.0
1962,1711130460000.0,0.0,0.0,1686.0,0.5301325029655991,0.0,0.0,0.3681,1.0,1.0,1018.4073770999998,1000.0,745.2205770999997,1000.0,0.8776481986463807,0.0
1963,1711134060000.0,0.0,0.0,1686.0,0.5301325029655991,0.0,0.0,0.3682,1.0,1.0,1018.4073770999998,1000.0,745.3891770999999,1000.0,0.8776481986463807,0.0
1964,1711137660000.0,0.0,0.0,1686.0,0.5301325029655991,0.0,0.0,0.3704,1.0,1.0,1018.4073770999998,1000.0,749.0983770999998,1000.0,0.8776481986463807,0.0
1965,1711141260000.0,0.0,0.0,1686.0,0.5301325029655991,0.0,0.0,0.3662,1.0,1.0,1018.4073770999998,1000.0,742.0171770999998,1000.0,0.8776481986463807,0.0
1966,1711144860000.0,0.0,0.0,1686.0,0.5301325029655991,0.0,0.0,0.365,1.0,1.0,1018.4073770999998,1000.0,739.9939770999997,1000.0,0.8776481986463807,0.0
1967,1711148460000.0,0.0,0.0,1686.0,0.5301325029655991,0.0,0.0,0.3644,1.0,1.0,1018.4073770999998,1000.0,738.9823770999998,1000.0,0.8776481986463807,0.0
1968,1711152060000.0,0.0,0.0,1686.0,0.5301325029655991,0.0,0.0,0.3692,1.0,1.0,1018.4073770999998,1000.0,747.0751770999998,1000.0,0.8776481986463807,0.0
1969,1711155660000.0,0.0,0.0,1686.0,0.5301325029655991,0.0,0.0,0.3672,1.0,1.0,1018.4073770999998,1000.0,743.7031770999997,1000.0,0.8776481986463807,0.0
1970,1711159260000.0,0.0,0.0,1686.0,0.5301325029655991,0.0,0.0,0.3709,1.0,1.0,1018.4073770999998,1000.0,749.9413770999997,1000.0,0.8776481986463807,0.0
1971,1711162860000.0,0.0,0.0,1686.0,0.5301325029655991,0.0,0.0,0.3699,1.0,1.0,1018.4073770999998,1000.0,748.2553770999998,1000.0,0.8776481986463807,0.0
1972,1711166460000.0,0.0,0.0,1686.0,0.5301325029655991,0.0,0.0,0.3667,1.0,1.0,1018.4073770999998,1000.0,742.8601770999999,1000.0,0.8776481986463807,0.0
1973,1711170060000.0,0.0,0.0,1686.0,0.5301325029655991,0.0,0.0,0.3694,1.0,1.0,1018.4073770999998,1000.0,747.4123770999997,1000.0,0.8776481986463807,0.0
1974,1711173660000.0,0.0,0.0,1686.0,0.5301325029655991,0.0,0.0,0.37,1.0,1.0,1018.4073770999998,1000.0,748.4239770999998,1000.0,0.8776481986463807,0.0
1975,1711177260000.0,0.0,0.0,1686.0,0.5301325029655991,0.0,0.0,0.3721,1.0,1.0,1018.4073770999998,1000.0,751.9645770999998,1000.0,0.8776481986463807,0.0
1976,1711180860000.0,0.0,0.0,1686.0,0.5301325029655991,0.0,0.0,0.374,1.0,1.0,1018.4073770999998,1000.0,755.1679770999997,1000.0,0.8776481986463807,0.0
1977,1711184460000.0,0.0,0.0,1686.0,0.5301325029655991,0.0,0.0,0.373,1.0,1.0,1018.4073770999998,1000.0,753.4819770999998,1000.0,0.8776481986463807,0.0
1978,1711188060000.0,0.0,0.0,1686.0,0.5301325029655991,0.0,0.0,0.3728,1.0,1.0,1018.4073770999998,1000.0,753.1447770999998,1000.0,0.8776481986463807,0.0
1979,1711191660000.0,0.0,0.0,1686.0,0.5301325029655991,0.0,0.0,0.3713,1.0,1.0,1018.4073770999998,1000.0,750.6157770999998,1000.0,0.8776481986463807,0.0
1980,1711195260000.0,0.0,0.0,1686.0,0.5301325029655991,0.0,0.0,0.3711,1.0,1.0,1018.4073770999998,1000.0,750.2785770999997,1000.0,0.8776481986463807,0.0
1981,1711198860000.0,0.0,0.0,1686.0,0.5301325029655991,0.0,0.0,0.3708,1.0,1.0,1018.4073770999998,1000.0,749.7727770999998,1000.0,0.8776481986463807,0.0
1982,1711202460000.0,0.0,0.0,1686.0,0.5301325029655991,0.0,0.0,0.3708,1.0,1.0,1018.4073770999998,1000.0,749.7727770999998,1000.0,0.8776481986463807,0.0
1983,1711206060000.0,0.0,0.0,1686.0,0.5301325029655991,0.0,0.0,0.3744,1.0,1.0,1018.4073770999998,1000.0,755.8423770999998,1000.0,0.8776481986463807,0.0
1984,1711209660000.0,0.0,0.0,1686.0,0.5301325029655991,0.0,0.0,0.3736,1.0,1.0,1018.4073770999998,1000.0,754.4935770999998,1000.0,0.8776481986463807,0.0
1985,1711213260000.0,0.0,0.0,1686.0,0.5301325029655991,0.0,0.0,0.375,1.0,1.0,1018.4073770999998,1000.0,756.8539770999998,1000.0,0.8776481986463807,0.0
1986,1711216860000.0,0.0,0.0,1686.0,0.5301325029655991,0.0,0.0,0.3771,1.0,1.0,1018.4073770999998,1000.0,760.3945770999998,1000.0,0.8776481986463807,0.0
1987,1711220460000.0,0.0,0.0,1686.0,0.5301325029655991,0.0,0.0,0.3783,1.0,1.0,1018.4073770999998,1000.0,762.4177770999997,1000.0,0.8776481986463807,0.0
1988,1711224060000.0,0.0,0.0,1686.0,0.5301325029655991,0.0,0.0,0.3761,1.0,1.0,1018.4073770999998,1000.0,758.7085770999997,1000.0,0.8776481986463807,0.0
1989,1711227660000.0,0.0,0.0,1686.0,0.5301325029655991,0.0,0.0,0.3751,1.0,1.0,1018.4073770999998,1000.0,757.0225770999998,1000.0,0.8776481986463807,0.0
1990,1711231260000.0,0.0,0.0,1686.0,0.5301325029655991,0.0,0.0,0.3755,1.0,1.0,1018.4073770999998,1000.0,757.6969770999997,1000.0,0.8776481986463807,0.0
1991,1711234860000.0,0.0,0.0,1686.0,0.5301325029655991,0.0,0.0,0.3749,1.0,1.0,1018.4073770999998,1000.0,756.6853770999998,1000.0,0.8776481986463807,0.0
1992,1711238460000.0,0.0,0.0,1686.0,0.5301325029655991,0.0,0.0,0.3708,1.0,1.0,1018.4073770999998,1000.0,749.7727770999998,1000.0,0.8776481986463807,0.0
1993,1711242060000.0,0.0,0.0,1686.0,0.5301325029655991,0.0,0.0,0.3741,1.0,1.0,1018.4073770999998,1000.0,755.3365770999997,1000.0,0.8776481986463807,0.0
1994,1711245660000.0,0.0,0.0,1686.0,0.5301325029655991,0.0,0.0,0.373,1.0,1.0,1018.4073770999998,1000.0,753.4819770999998,1000.0,0.8776481986463807,0.0
1995,1711249260000.0,0.0,0.0,1686.0,0.5301325029655991,0.0,0.0,0.3719,1.0,1.0,1018.4073770999998,1000.0,751.6273770999998,1000.0,0.8776481986463807,0.0
1996,1711252860000.0,0.0,0.0,1686.0,0.5301325029655991,0.0,0.0,0.367,1.0,1.0,1018.4073770999998,1000.0,743.3659770999998,1000.0,0.8776481986463807,0.0
1997,1711256460000.0,0.0,0.0,1686.0,0.5301325029655991,0.0,0.0,0.3684,1.0,1.0,1018.4073770999998,1000.0,745.7263770999998,1000.0,0.8776481986463807,0.0
1998,1711260060000.0,0.0,0.0,1686.0,0.5301325029655991,0.0,0.0,0.37,1.0,1.0,1018.4073770999998,1000.0,748.4239770999998,1000.0,0.8776481986463807,0.0
1999,1711263660000.0,0.0,0.0,1686.0,0.5301325029655991,0.0,0.0,0.3688,1.0,1.0,1018.4073770999998,1000.0,746.4007770999998,1000.0,0.8776481986463807,0.0
2000,1711267260000.0,0.0,0.0,1686.0,0.5301325029655991,0.0,0.0,0.3705,1.0,1.0,1018.4073770999998,1000.0,749.2669770999997,1000.0,0.8776481986463807,0.0
2001,1711270860000.0,0.0,0.0,1686.0,0.5301325029655991,0.0,0.0,0.3752,1.0,1.0,1018.4073770999998,1000.0,757.1911770999998,1000.0,0.8776481986463807,0.0
2002,1711274460000.0,0.0,0.0,1686.0,0.5301325029655991,0.0,0.0,0.3733,1.0,1.0,1018.4073770999998,1000.0,753.9877770999998,1000.0,0.8776481986463807,0.0
2003,1711278060000.0,0.0,0.0,1686.0,0.5301325029655991,0.0,0.0,0.3753,1.0,1.0,1018.4073770999998,1000.0,757.3597770999997,1000.0,0.8776481986463807,0.0
2004,1711281660000.0,0.0,0.0,1686.0,0.5301325029655991,0.0,0.0,0.3744,1.0,1.0,1018.4073770999998,1000.0,755.8423770999998,1000.0,0.8776481986463807,0.0
2005,1711285260000.0,0.0,0.0,1686.0,0.5301325029655991,0.0,0.0,0.3777,1.0,1.0,1018.4073770999998,1000.0,761.4061770999997,1000.0,0.8776481986463807,0.0
2006,1711288860000.0,0.0,0.0,1686.0,0.5301325029655991,0.0,0.0,0.3748,1.0,1.0,1018.4073770999998,1000.0,756.5167770999998,1000.0,0.8776481986463807,0.0
2007,1711292460000.0,0.0,0.0,1686.0,0.5301325029655991,0.0,0.0,0.3755,1.0,1.0,1018.4073770999998,1000.0,757.6969770999997,1000.0,0.8776481986463807,0.0
2008,1711296060000.0,0.0,0.0,1686.0,0.5301325029655991,0.0,0.0,0.3762,1.0,1.0,1018.4073770999998,1000.0,758.8771770999997,1000.0,0.8776481986463807,0.0
2009,1711299660000.0,0.0,0.0,1686.0,0.5301325029655991,0.0,0.0,0.3749,1.0,1.0,1018.4073770999998,1000.0,756.6853770999998,1000.0,0.8776481986463807,0.0
2010,1711303260000.0,0.0,0.0,1686.0,0.5301325029655991,0.0,0.0,0.3735,1.0,1.0,1018.4073770999998,1000.0,754.3249770999997,1000.0,0.8776481986463807,0.0
2011,1711306860000.0,0.0,0.0,1686.0,0.5301325029655991,0.0,0.0,0.3776,1.0,1.0,1018.4073770999998,1000.0,761.2375770999997,1000.0,0.8776481986463807,0.0
2012,1711310460000.0,0.0,0.0,1686.0,0.5301325029655991,0.0,0.0,0.3774,1.0,1.0,1018.4073770999998,1000.0,760.9003770999998,1000.0,0.8776481986463807,0.0
2013,1711314060000.0,0.0,0.0,1686.0,0.5301325029655991,0.0,0.0,0.381,1.0,1.0,1018.4073770999998,1000.0,766.9699770999998,1000.0,0.8776481986463807,0.0
2014,1711317660000.0,0.0,0.0,1686.0,0.5301325029655991,0.0,0.0,0.3823,1.0,1.0,1018.4073770999998,1000.0,769.1617770999997,1000.0,0.8776481986463807,0.0
2015,1711321260000.0,0.0,0.0,1686.0,0.5301325029655991,0.0,0.0,0.384,1.0,1.0,1018.4073770999998,1000.0,772.0279770999998,1000.0,0.8776481986463807,0.0
2016,1711324860000.0,0.0,0.0,1686.0,0.5301325029655991,0.0,0.0,0.3821,1.0,1.0,1018.4073770999998,1000.0,768.8245770999997,1000.0,0.8776481986463807,0.0
2017,1711328460000.0,0.0,0.0,1686.0,0.5301325029655991,0.0,0.0,0.3806,1.0,1.0,1018.4073770999998,1000.0,766.2955770999997,1000.0,0.8776481986463807,0.0
2018,1711332060000.0,0.0,0.0,1686.0,0.5301325029655991,0.0,0.0,0.3822,1.0,1.0,1018.4073770999998,1000.0,768.9931770999997,1000.0,0.8776481986463807,0.0
2019,1711335660000.0,0.0,0.0,1686.0,0.5301325029655991,0.0,0.0,0.3846,1.0,1.0,1018.4073770999998,1000.0,773.0395770999997,1000.0,0.8776481986463807,0.0
2020,1711339260000.0,0.0,0.0,1686.0,0.5301325029655991,0.0,0.0,0.3839,1.0,1.0,1018.4073770999998,1000.0,771.8593770999998,1000.0,0.8776481986463807,0.0
2021,1711342860000.0,0.0,0.0,1686.0,0.5301325029655991,0.0,0.0,0.3841,1.0,1.0,1018.4073770999998,1000.0,772.1965770999998,1000.0,0.8776481986463807,0.0
2022,1711346460000.0,0.0,0.0,1686.0,0.5301325029655991,0.0,0.0,0.3838,1.0,1.0,1018.4073770999998,1000.0,771.6907770999997,1000.0,0.8776481986463807,0.0
2023,1711350060000.0,0.0,0.0,1686.0,0.5301325029655991,0.0,0.0,0.3841,1.0,1.0,1018.4073770999998,1000.0,772.1965770999998,1000.0,0.8776481986463807,0.0
2024,1711353660000.0,0.0,0.0,1686.0,0.5301325029655991,0.0,0.0,0.3809,1.0,1.0,1018.4073770999998,1000.0,766.8013770999999,1000.0,0.8776481986463807,0.0
2025,1711357260000.0,0.0,0.0,1686.0,0.5301325029655991,0.0,0.0,0.3817,1.0,1.0,1018.4073770999998,1000.0,768.1501770999997,1000.0,0.8776481986463807,0.0
2026,1711360860000.0,0.0,0.0,1686.0,0.5301325029655991,0.0,0.0,0.3845,1.0,1.0,1018.4073770999998,1000.0,772.8709770999998,1000.0,0.8776481986463807,0.0
2027,1711364460000.0,0.0,0.0,1686.0,0.5301325029655991,0.0,0.0,0.3857,1.0,1.0,1018.4073770999998,1000.0,774.8941770999998,1000.0,0.8776481986463807,0.0
2028,1711368060000.0,0.0,0.0,1686.0,0.5301325029655991,0.0,0.0,0.3822,1.0,1.0,1018.4073770999998,1000.0,768.9931770999997,1000.0,0.8776481986463807,0.0
2029,1711371660000.0,0.0,0.0,1686.0,0.5301325029655991,0.0,0.0,0.3843,1.0,1.0,1018.4073770999998,1000.0,772.5337770999997,1000.0,0.8776481986463807,0.0
2030,1711375260000.0,0.0,0.0,1686.0,0.5301325029655991,0.0,0.0,0.3878,1.0,1.0,1018.4073770999998,1000.0,778.4347770999997,1000.0,0.8776481986463807,0.0
2031,1711378860000.0,0.0,0.0,1686.0,0.5301325029655991,0.0,0.0,0.3944,1.0,1.0,1018.4073770999998,1000.0,789.5623770999997,1000.0,0.8776481986463807,0.0
2032,1711382460000.0,0.0,0.0,1686.0,0.5301325029655991,0.0,0.0,0.3979,1.0,1.0,1018.4073770999998,1000.0,795.4633770999997,1000.0,0.8776481986463807,0.0
2033,1711386060000.0,0.0,0.0,1686.0,0.5301325029655991,0.0,0.0,0.4015,1.0,1.0,1018.4073770999998,1000.0,801.5329770999998,1000.0,0.8776481986463807,0.0
2034,1711389660000.0,0.0,0.0,1686.0,0.5301325029655991,0.0,0.0,0.4029,1.0,1.0,1018.4073770999998,1000.0,803.8933770999997,1000.0,0.8776481986463807,0.0
2035,1711393260000.0,0.0,0.0,1686.0,0.5301325029655991,0.0,0.0,0.4031,1.0,1.0,1018.4073770999998,1000.0,804.2305770999998,1000.0,0.8776481986463807,0.0
2036,1711396860000.0,0.0,0.0,1686.0,0.5301325029655991,0.0,0.0,0.4052,1.0,1.0,1018.4073770999998,1000.0,807.7711770999997,1000.0,0.8776481986463807,0.0
2037,1711400460000.0,0.0,0.0,1686.0,0.5301325029655991,0.0,0.0,0.4048,1.0,1.0,1018.4073770999998,1000.0,807.0967770999997,1000.0,0.8776481986463807,0.0
2038,1711404060000.0,0.0,0.0,1686.0,0.5301325029655991,0.0,0.0,0.402,1.0,1.0,1018.4073770999998,1000.0,802.3759770999998,1000.0,0.8776481986463807,0.0
2039,1711407660000.0,0.0,0.0,1686.0,0.5301325029655991,0.0,0.0,0.4042,1.0,1.0,1018.4073770999998,1000.0,806.0851770999998,1000.0,0.8776481986463807,0.0
2040,1711411260000.0,0.0,0.0,1686.0,0.5301325029655991,0.0,0.0,0.4085,1.0,1.0,1018.4073770999998,1000.0,813.3349770999997,1000.0,0.8776481986463807,0.0
2041,1711414860000.0,0.0,0.0,1686.0,0.5301325029655991,0.0,0.0,0.4179,1.0,1.0,1018.4073770999998,1000.0,829.1833770999997,1000.0,0.8776481986463807,0.0
2042,1711418460000.0,0.0,0.0,1686.0,0.5301325029655991,0.0,0.0,0.4226,1.0,1.0,1018.4073770999998,1000.0,837.1075770999997,1000.0,0.8776481986463807,0.0
2043,1711422060000.0,0.0,0.0,1686.0,0.5301325029655991,0.0,0.0,0.4223,1.0,1.0,1018.4073770999998,1000.0,836.6017770999997,1000.0,0.8776481986463807,0.0
2044,1711425660000.0,0.0,0.0,1686.0,0.5301325029655991,0.0,0.0,0.4208,1.0,1.0,1018.4073770999998,1000.0,834.0727770999997,1000.0,0.8776481986463807,0.0
2045,1711429260000.0,0.0,0.0,1686.0,0.5301325029655991,0.0,0.0,0.4231,1.0,1.0,1018.4073770999998,1000.0,837.9505770999997,1000.0,0.8776481986463807,0.0
2046,1711432860000.0,0.0,0.0,1686.0,0.5301325029655991,0.0,0.0,0.42,1.0,1.0,1018.4073770999998,1000.0,832.7239770999997,1000.0,0.8776481986463807,0.0
2047,1711436460000.0,0.0,0.0,1686.0,0.5301325029655991,0.0,0.0,0.4212,1.0,1.0,1018.4073770999998,1000.0,834.7471770999998,1000.0,0.8776481986463807,0.0
2048,1711440060000.0,0.0,0.0,1686.0,0.5301325029655991,0.0,0.0,0.421,1.0,1.0,1018.4073770999998,1000.0,834.4099770999998,1000.0,0.8776481986463807,0.0
2049,1711443660000.0,0.0,0.0,1686.0,0.5301325029655991,0.0,0.0,0.4225,1.0,1.0,1018.4073770999998,1000.0,836.9389770999998,1000.0,0.8776481986463807,0.0
2050,1711447260000.0,0.0,0.0,1686.0,0.5301325029655991,0.0,0.0,0.4286,1.0,1.0,1018.4073770999998,1000.0,847.2235770999997,1000.0,0.8776481986463807,0.0
2051,1711450860000.0,0.0,0.0,1686.0,0.5301325029655991,0.0,0.0,0.4277,1.0,1.0,1018.4073770999998,1000.0,845.7061770999998,1000.0,0.8776481986463807,0.0
2052,1711454460000.0,0.0,0.0,1686.0,0.5301325029655991,0.0,0.0,0.4237,1.0,1.0,1018.4073770999998,1000.0,838.9621770999997,1000.0,0.8776481986463807,0.0
2053,1711458060000.0,0.0,0.0,1686.0,0.5301325029655991,0.0,0.0,0.4268,1.0,1.0,1018.4073770999998,1000.0,844.1887770999998,1000.0,0.8776481986463807,0.0
2054,1711461660000.0,0.0,0.0,1686.0,0.5301325029655991,0.0,0.0,0.42,1.0,1.0,1018.4073770999998,1000.0,832.7239770999997,1000.0,0.8776481986463807,0.0
2055,1711465260000.0,0.0,0.0,1686.0,0.5301325029655991,0.0,0.0,0.418,1.0,1.0,1018.4073770999998,1000.0,829.3519770999997,1000.0,0.8776481986463807,0.0
2056,1711468860000.0,0.0,0.0,1686.0,0.5301325029655991,0.0,0.0,0.4183,1.0,1.0,1018.4073770999998,1000.0,829.8577770999998,1000.0,0.8776481986463807,0.0
2057,1711472460000.0,0.0,0.0,1686.0,0.5301325029655991,0.0,0.0,0.4113,1.0,1.0,1018.4073770999998,1000.0,818.0557770999998,1000.0,0.8776481986463807,0.0
2058,1711476060000.0,0.0,0.0,1686.0,0.5301325029655991,0.0,0.0,0.4145,1.0,1.0,1018.4073770999998,1000.0,823.4509770999997,1000.0,0.8776481986463807,0.0
2059,1711479660000.0,0.0,0.0,1686.0,0.5301325029655991,0.0,0.0,0.4167,1.0,1.0,1018.4073770999998,1000.0,827.1601770999998,1000.0,0.8776481986463807,0.0
2060,1711483260000.0,0.0,0.0,1686.0,0.5301325029655991,0.0,0.0,0.4144,1.0,1.0,1018.4073770999998,1000.0,823.2823770999997,1000.0,0.8776481986463807,0.0
2061,1711486860000.0,0.0,0.0,1686.0,0.5301325029655991,0.0,0.0,0.4187,1.0,1.0,1018.4073770999998,1000.0,830.5321770999998,1000.0,0.8776481986463807,0.0
2062,1711490460000.0,0.0,0.0,1686.0,0.5301325029655991,0.0,0.0,0.4224,1.0,1.0,1018.4073770999998,1000.0,836.7703770999998,1000.0,0.8776481986463807,0.0
2063,1711494060000.0,0.0,0.0,1686.0,0.5301325029655991,0.0,0.0,0.4256,1.0,1.0,1018.4073770999998,1000.0,842.1655770999997,1000.0,0.8776481986463807,0.0
2064,1711497660000.0,0.0,0.0,1686.0,0.5301325029655991,0.0,0.0,0.4254,1.0,1.0,1018.4073770999998,1000.0,841.8283770999998,1000.0,0.8776481986463807,0.0
2065,1711501260000.0,0.0,0.0,1686.0,0.5301325029655991,0.0,0.0,0.4399,1.0,1.0,1018.4073770999998,1000.0,866.2753770999998,1000.0,0.8776481986463807,0.0
2066,1711504860000.0,0.0,0.0,1686.0,0.5301325029655991,0.0,0.0,0.4323,1.0,1.0,1018.4073770999998,1000.0,853.4617770999998,1000.0,0.8776481986463807,0.0
2067,1711508460000.0,0.0,0.0,1686.0,0.5301325029655991,0.0,0.0,0.4363,1.0,1.0,1018.4073770999998,1000.0,860.2057770999998,1000.0,0.8776481986463807,0.0
2068,1711512060000.0,0.0,0.0,1686.0,0.5301325029655991,0.0,0.0,0.434,1.0,1.0,1018.4073770999998,1000.0,856.3279770999998,1000.0,0.8776481986463807,0.0
2069,1711515660000.0,0.0,0.0,1686.0,0.5301325029655991,0.0,0.0,0.4273,1.0,1.0,1018.4073770999998,1000.0,845.0317770999998,1000.0,0.8776481986463807,0.0
2070,1711519260000.0,0.0,0.0,1686.0,0.5301325029655991,0.0,0.0,0.4252,1.0,1.0,1018.4073770999998,1000.0,841.4911770999997,1000.0,0.8776481986463807,0.0
2071,1711522860000.0,0.0,0.0,1686.0,0.5301325029655991,0.0,0.0,0.4208,1.0,1.0,1018.4073770999998,1000.0,834.0727770999997,1000.0,0.8776481986463807,0.0
2072,1711526460000.0,0.0,0.0,1686.0,0.5301325029655991,0.0,0.0,0.4135,1.0,1.0,1018.4073770999998,1000.0,821.7649770999997,1000.0,0.8776481986463807,0.0
2073,1711530060000.0,0.0,0.0,1686.0,0.5301325029655991,0.0,0.0,0.4087,1.0,1.0,1018.4073770999998,1000.0,813.6721770999998,1000.0,0.8776481986463807,0.0
2074,1711533660000.0,0.0,0.0,1686.0,0.5301325029655991,0.0,0.0,0.4176,1.0,1.0,1018.4073770999998,1000.0,828.6775770999998,1000.0,0.8776481986463807,0.0
2075,1711537260000.0,0.0,0.0,1686.0,0.5301325029655991,0.0,0.0,0.4158,1.0,1.0,1018.4073770999998,1000.0,825.6427770999998,1000.0,0.8776481986463807,0.0
2076,1711540860000.0,0.0,0.0,1686.0,0.5301325029655991,0.0,0.0,0.4208,1.0,1.0,1018.4073770999998,1000.0,834.0727770999997,1000.0,0.8776481986463807,0.0
2077,1711544460000.0,0.0,0.0,1686.0,0.5301325029655991,0.0,0.0,0.4215,1.0,1.0,1018.4073770999998,1000.0,835.2529770999997,1000.0,0.8776481986463807,0.0
2078,1711548060000.0,0.0,0.0,1686.0,0.5301325029655991,0.0,0.0,0.4126,1.0,1.0,1018.4073770999998,1000.0,820.2475770999998,1000.0,0.8776481986463807,0.0
2079,1711551660000.0,0.0,0.0,1686.0,0.5301325029655991,0.0,0.0,0.4154,1.0,1.0,1018.4073770999998,1000.0,824.9683770999998,1000.0,0.8776481986463807,0.0
2080,1711555260000.0,0.0,0.0,1686.0,0.5301325029655991,0.0,0.0,0.4071,1.0,1.0,1018.4073770999998,1000.0,810.9745770999998,1000.0,0.8776481986463807,0.0
2081,1711558860000.0,0.0,0.0,1686.0,0.5301325029655991,0.0,0.0,0.4104,1.0,1.0,1018.4073770999998,1000.0,816.5383770999997,1000.0,0.8776481986463807,0.0
2082,1711562460000.0,0.0,0.0,1686.0,0.5301325029655991,0.0,0.0,0.4115,1.0,1.0,1018.4073770999998,1000.0,818.3929770999997,1000.0,0.8776481986463807,0.0
2083,1711566060000.0,0.0,0.0,1686.0,0.5301325029655991,0.0,0.0,0.4049,1.0,1.0,1018.4073770999998,1000.0,807.2653770999998,1000.0,0.8776481986463807,0.0
2084,1711569660000.0,0.0,0.0,1686.0,0.5301325029655991,0.0,0.0,0.4075,1.0,1.0,1018.4073770999998,1000.0,811.6489770999997,1000.0,0.8776481986463807,0.0
2085,1711573260000.0,0.0,0.0,1686.0,0.5301325029655991,0.0,0.0,0.4092,1.0,1.0,1018.4073770999998,1000.0,814.5151770999997,1000.0,0.8776481986463807,0.0
2086,1711576860000.0,0.0,0.0,1686.0,0.5301325029655991,0.0,0.0,0.4087,1.0,1.0,1018.4073770999998,1000.0,813.6721770999998,1000.0,0.8776481986463807,0.0
2087,1711580460000.0,0.0,0.0,1686.0,0.5301325029655991,0.0,0.0,0.4094,1.0,1.0,1018.4073770999998,1000.0,814.8523770999998,1000.0,0.8776481986463807,0.0
2088,1711584060000.0,0.0,0.0,1686.0,0.5301325029655991,0.0,0.0,0.4077,1.0,1.0,1018.4073770999998,1000.0,811.9861770999997,1000.0,0.8776481986463807,0.0
2089,1711587660000.0,0.0,0.0,1686.0,0.5301325029655991,0.0,0.0,0.4077,1.0,1.0,1018.4073770999998,1000.0,811.9861770999997,1000.0,0.8776481986463807,0.0
2090,1711591260000.0,0.0,0.0,1686.0,0.5301325029655991,0.0,0.0,0.401,1.0,1.0,1018.4073770999998,1000.0,800.6899770999999,1000.0,0.8776481986463807,0.0
2091,1711594860000.0,0.0,0.0,1686.0,0.5301325029655991,0.0,0.0,0.3982,1.0,1.0,1018.4073770999998,1000.0,795.9691770999998,1000.0,0.8776481986463807,0.0
2092,1711598460000.0,0.0,0.0,1686.0,0.5301325029655991,0.0,0.0,0.3993,1.0,1.0,1018.4073770999998,1000.0,797.8237770999997,1000.0,0.8776481986463807,0.0
2093,1711602060000.0,0.0,0.0,1686.0,0.5301325029655991,0.0,0.0,0.4037,1.0,1.0,1018.4073770999998,1000.0,805.2421770999997,1000.0,0.8776481986463807,0.0
2094,1711605660000.0,0.0,0.0,1686.0,0.5301325029655991,0.0,0.0,0.4024,1.0,1.0,1018.4073770999998,1000.0,803.0503770999998,1000.0,0.8776481986463807,0.0
2095,1711609260000.0,0.0,0.0,1686.0,0.5301325029655991,0.0,0.0,0.4075,1.0,1.0,1018.4073770999998,1000.0,811.6489770999997,1000.0,0.8776481986463807,0.0
2096,1711612860000.0,0.0,0.0,1686.0,0.5301325029655991,0.0,0.0,0.4099,1.0,1.0,1018.4073770999998,1000.0,815.6953770999997,1000.0,0.8776481986463807,0.0
2097,1711616460000.0,0.0,0.0,1686.0,0.5301325029655991,0.0,0.0,0.4112,1.0,1.0,1018.4073770999998,1000.0,817.8871770999998,1000.0,0.8776481986463807,0.0
2098,1711620060000.0,0.0,0.0,1686.0,0.5301325029655991,0.0,0.0,0.4098,1.0,1.0,1018.4073770999998,1000.0,815.5267770999998,1000.0,0.8776481986463807,0.0
2099,1711623660000.0,0.0,0.0,1686.0,0.5301325029655991,0.0,0.0,0.4078,1.0,1.0,1018.4073770999998,1000.0,812.1547770999998,1000.0,0.8776481986463807,0.0
2100,1711627260000.0,0.0,0.0,1686.0,0.5301325029655991,0.0,0.0,0.4084,1.0,1.0,1018.4073770999998,1000.0,813.1663770999997,1000.0,0.8776481986463807,0.0
2101,1711630860000.0,0.0,0.0,1686.0,0.5301325029655991,0.0,0.0,0.4063,1.0,1.0,1018.4073770999998,1000.0,809.6257770999997,1000.0,0.8776481986463807,0.0
2102,1711634460000.0,0.0,0.0,1686.0,0.5301325029655991,0.0,0.0,0.4063,1.0,1.0,1018.4073770999998,1000.0,809.6257770999997,1000.0,0.8776481986463807,0.0
2103,1711638060000.0,0.0,0.0,1686.0,0.5301325029655991,0.0,0.0,0.4075,1.0,1.0,1018.4073770999998,1000.0,811.6489770999997,1000.0,0.8776481986463807,0.0
2104,1711641660000.0,0.0,0.0,1686.0,0.5301325029655991,0.0,0.0,0.4078,1.0,1.0,1018.4073770999998,1000.0,812.1547770999998,1000.0,0.8776481986463807,0.0
2105,1711645260000.0,0.0,0.0,1686.0,0.5301325029655991,0.0,0.0,0.4077,1.0,1.0,1018.4073770999998,1000.0,811.9861770999997,1000.0,0.8776481986463807,0.0
2106,1711648860000.0,0.0,0.0,1686.0,0.5301325029655991,0.0,0.0,0.4073,1.0,1.0,1018.4073770999998,1000.0,811.3117770999997,1000.0,0.8776481986463807,0.0
2107,1711652460000.0,0.0,0.0,1686.0,0.5301325029655991,0.0,0.0,0.4089,1.0,1.0,1018.4073770999998,1000.0,814.0093770999997,1000.0,0.8776481986463807,0.0
2108,1711656060000.0,0.0,0.0,1686.0,0.5301325029655991,0.0,0.0,0.4109,1.0,1.0,1018.4073770999998,1000.0,817.3813770999998,1000.0,0.8776481986463807,0.0
2109,1711659660000.0,0.0,0.0,1686.0,0.5301325029655991,0.0,0.0,0.4119,1.0,1.0,1018.4073770999998,1000.0,819.0673770999997,1000.0,0.8776481986463807,0.0
2110,1711663260000.0,0.0,0.0,1686.0,0.5301325029655991,0.0,0.0,0.4125,1.0,1.0,1018.4073770999998,1000.0,820.0789770999997,1000.0,0.8776481986463807,0.0
2111,1711666860000.0,0.0,0.0,1686.0,0.5301325029655991,0.0,0.0,0.4136,1.0,1.0,1018.4073770999998,1000.0,821.9335770999999,1000.0,0.8776481986463807,0.0
2112,1711670460000.0,0.0,0.0,1686.0,0.5301325029655991,0.0,0.0,0.4129,1.0,1.0,1018.4073770999998,1000.0,820.7533770999997,1000.0,0.8776481986463807,0.0
2113,1711674060000.0,0.0,0.0,1686.0,0.5301325029655991,0.0,0.0,0.4092,1.0,1.0,1018.4073770999998,1000.0,814.5151770999997,1000.0,0.8776481986463807,0.0
2114,1711677660000.0,0.0,0.0,1686.0,0.5301325029655991,0.0,0.0,0.4117,1.0,1.0,1018.4073770999998,1000.0,818.7301770999998,1000.0,0.8776481986463807,0.0
2115,1711681260000.0,0.0,0.0,1686.0,0.5301325029655991,0.0,0.0,0.409,1.0,1.0,1018.4073770999998,1000.0,814.1779770999997,1000.0,0.8776481986463807,0.0
2116,1711684860000.0,0.0,0.0,1686.0,0.5301325029655991,0.0,0.0,0.4072,1.0,1.0,1018.4073770999998,1000.0,811.1431770999998,1000.0,0.8776481986463807,0.0
2117,1711688460000.0,0.0,0.0,1686.0,0.5301325029655991,0.0,0.0,0.4084,1.0,1.0,1018.4073770999998,1000.0,813.1663770999997,1000.0,0.8776481986463807,0.0
2118,1711692060000.0,0.0,0.0,1686.0,0.5301325029655991,0.0,0.0,0.4073,1.0,1.0,1018.4073770999998,1000.0,811.3117770999997,1000.0,0.8776481986463807,0.0
2119,1711695660000.0,0.0,0.0,1686.0,0.5301325029655991,0.0,0.0,0.4074,1.0,1.0,1018.4073770999998,1000.0,811.4803770999997,1000.0,0.8776481986463807,0.0
2120,1711699260000.0,0.0,0.0,1686.0,0.5301325029655991,0.0,0.0,0.4016,1.0,1.0,1018.4073770999998,1000.0,801.7015770999998,1000.0,0.8776481986463807,0.0
2121,1711702860000.0,0.0,0.0,1686.0,0.5301325029655991,0.0,0.0,0.4047,1.0,1.0,1018.4073770999998,1000.0,806.9281770999997,1000.0,0.8776481986463807,0.0
2122,1711706460000.0,0.0,0.0,1686.0,0.5301325029655991,0.0,0.0,0.4051,1.0,1.0,1018.4073770999998,1000.0,807.6025770999997,1000.0,0.8776481986463807,0.0
2123,1711710060000.0,0.0,0.0,1686.0,0.5301325029655991,0.0,0.0,0.4077,1.0,1.0,1018.4073770999998,1000.0,811.9861770999997,1000.0,0.8776481986463807,0.0
2124,1711713660000.0,0.0,0.0,1686.0,0.5301325029655991,0.0,0.0,0.4098,1.0,1.0,1018.4073770999998,1000.0,815.5267770999998,1000.0,0.8776481986463807,0.0
2125,1711717260000.0,0.0,0.0,1686.0,0.5301325029655991,0.0,0.0,0.4098,1.0,1.0,1018.4073770999998,1000.0,815.5267770999998,1000.0,0.8776481986463807,0.0
2126,1711720860000.0,0.0,0.0,1686.0,0.5301325029655991,0.0,0.0,0.4119,1.0,1.0,1018.4073770999998,1000.0,819.0673770999997,1000.0,0.8776481986463807,0.0
2127,1711724460000.0,0.0,0.0,1686.0,0.5301325029655991,0.0,0.0,0.4117,1.0,1.0,1018.4073770999998,1000.0,818.7301770999998,1000.0,0.8776481986463807,0.0
2128,1711728060000.0,0.0,0.0,1686.0,0.5301325029655991,0.0,0.0,0.408,1.0,1.0,1018.4073770999998,1000.0,812.4919770999998,1000.0,0.8776481986463807,0.0
2129,1711731660000.0,0.0,0.0,1686.0,0.5301325029655991,0.0,0.0,0.4087,1.0,1.0,1018.4073770999998,1000.0,813.6721770999998,1000.0,0.8776481986463807,0.0
2130,1711735260000.0,0.0,0.0,1686.0,0.5301325029655991,0.0,0.0,0.4083,1.0,1.0,1018.4073770999998,1000.0,812.9977770999998,1000.0,0.8776481986463807,0.0
2131,1711738860000.0,0.0,0.0,1686.0,0.5301325029655991,0.0,0.0,0.4073,1.0,1.0,1018.4073770999998,1000.0,811.3117770999997,1000.0,0.8776481986463807,0.0
2132,1711742460000.0,0.0,0.0,1686.0,0.5301325029655991,0.0,0.0,0.4082,1.0,1.0,1018.4073770999998,1000.0,812.8291770999997,1000.0,0.8776481986463807,0.0
2133,1711746060000.0,0.0,0.0,1686.0,0.5301325029655991,0.0,0.0,0.4074,1.0,1.0,1018.4073770999998,1000.0,811.4803770999997,1000.0,0.8776481986463807,0.0
2134,1711749660000.0,0.0,0.0,1686.0,0.5301325029655991,0.0,0.0,0.4051,1.0,1.0,1018.4073770999998,1000.0,807.6025770999997,1000.0,0.8776481986463807,0.0
2135,1711753260000.0,0.0,0.0,1686.0,0.5301325029655991,0.0,0.0,0.4097,1.0,1.0,1018.4073770999998,1000.0,815.3581770999998,1000.0,0.8776481986463807,0.0
2136,1711756860000.0,0.0,0.0,1686.0,0.5301325029655991,0.0,0.0,0.4088,1.0,1.0,1018.4073770999998,1000.0,813.8407770999997,1000.0,0.8776481986463807,0.0
2137,1711760460000.0,0.0,0.0,1686.0,0.5301325029655991,0.0,0.0,0.4167,1.0,1.0,1018.4073770999998,1000.0,827.1601770999998,1000.0,0.8776481986463807,0.0
2138,1711764060000.0,0.0,0.0,1686.0,0.5301325029655991,0.0,0.0,0.4146,1.0,1.0,1018.4073770999998,1000.0,823.6195770999998,1000.0,0.8776481986463807,0.0
2139,1711767660000.0,0.0,0.0,1686.0,0.5301325029655991,0.0,0.0,0.4131,1.0,1.0,1018.4073770999998,1000.0,821.0905770999998,1000.0,0.8776481986463807,0.0
2140,1711771260000.0,0.0,0.0,1686.0,0.5301325029655991,0.0,0.0,0.4087,1.0,1.0,1018.4073770999998,1000.0,813.6721770999998,1000.0,0.8776481986463807,0.0
2141,1711774860000.0,0.0,0.0,1686.0,0.5301325029655991,0.0,0.0,0.4151,1.0,1.0,1018.4073770999998,1000.0,824.4625770999999,1000.0,0.8776481986463807,0.0
2142,1711778460000.0,0.0,0.0,1686.0,0.5301325029655991,0.0,0.0,0.414,1.0,1.0,1018.4073770999998,1000.0,822.6079770999997,1000.0,0.8776481986463807,0.0
2143,1711782060000.0,0.0,0.0,1686.0,0.5301325029655991,0.0,0.0,0.415,1.0,1.0,1018.4073770999998,1000.0,824.2939770999997,1000.0,0.8776481986463807,0.0
2144,1711785660000.0,0.0,0.0,1686.0,0.5301325029655991,0.0,0.0,0.4126,1.0,1.0,1018.4073770999998,1000.0,820.2475770999998,1000.0,0.8776481986463807,0.0
2145,1711789260000.0,0.0,0.0,1686.0,0.5301325029655991,0.0,0.0,0.4199,1.0,1.0,1018.4073770999998,1000.0,832.5553770999998,1000.0,0.8776481986463807,0.0
2146,1711792860000.0,0.0,0.0,1686.0,0.5301325029655991,0.0,0.0,0.4177,1.0,1.0,1018.4073770999998,1000.0,828.8461770999997,1000.0,0.8776481986463807,0.0
2147,1711796460000.0,0.0,0.0,1686.0,0.5301325029655991,0.0,0.0,0.4171,1.0,1.0,1018.4073770999998,1000.0,827.8345770999998,1000.0,0.8776481986463807,0.0
2148,1711800060000.0,0.0,0.0,1686.0,0.5301325029655991,0.0,0.0,0.4184,1.0,1.0,1018.4073770999998,1000.0,830.0263770999998,1000.0,0.8776481986463807,0.0
2149,1711803660000.0,0.0,0.0,1686.0,0.5301325029655991,0.0,0.0,0.4194,1.0,1.0,1018.4073770999998,1000.0,831.7123770999997,1000.0,0.8776481986463807,0.0
2150,1711807260000.0,0.0,0.0,1686.0,0.5301325029655991,0.0,0.0,0.4173,1.0,1.0,1018.4073770999998,1000.0,828.1717770999998,1000.0,0.8776481986463807,0.0
2151,1711810860000.0,0.0,0.0,1686.0,0.5301325029655991,0.0,0.0,0.4173,1.0,1.0,1018.4073770999998,1000.0,828.1717770999998,1000.0,0.8776481986463807,0.0
2152,1711814460000.0,0.0,0.0,1686.0,0.5301325029655991,0.0,0.0,0.4207,1.0,1.0,1018.4073770999998,1000.0,833.9041770999997,1000.0,0.8776481986463807,0.0
2153,1711818060000.0,0.0,0.0,1686.0,0.5301325029655991,0.0,0.0,0.4202,1.0,1.0,1018.4073770999998,1000.0,833.0611770999998,1000.0,0.8776481986463807,0.0
2154,1711821660000.0,0.0,0.0,1686.0,0.5301325029655991,0.0,0.0,0.4199,1.0,1.0,1018.4073770999998,1000.0,832.5553770999998,1000.0,0.8776481986463807,0.0
2155,1711825260000.0,0.0,0.0,1686.0,0.5301325029655991,0.0,0.0,0.4174,1.0,1.0,1018.4073770999998,1000.0,828.3403770999997,1000.0,0.8776481986463807,0.0
2156,1711828860000.0,0.0,0.0,1686.0,0.5301325029655991,0.0,0.0,0.4188,1.0,1.0,1018.4073770999998,1000.0,830.7007770999998,1000.0,0.8776481986463807,0.0
2157,1711832460000.0,0.0,0.0,1686.0,0.5301325029655991,0.0,0.0,0.4178,1.0,1.0,1018.4073770999998,1000.0,829.0147770999997,1000.0,0.8776481986463807,0.0
2158,1711836060000.0,0.0,0.0,1686.0,0.5301325029655991,0.0,0.0,0.4125,1.0,1.0,1018.4073770999998,1000.0,820.0789770999997,1000.0,0.8776481986463807,0.0
2159,1711839660000.0,0.0,0.0,1686.0,0.5301325029655991,0.0,0.0,0.4089,1.0,1.0,1018.4073770999998,1000.0,814.0093770999997,1000.0,0.8776481986463807,0.0
2160,1711843260000.0,0.0,0.0,1686.0,0.5301325029655991,0.0,0.0,0.4075,1.0,1.0,1018.4073770999998,1000.0,811.6489770999997,1000.0,0.8776481986463807,0.0
2161,1711846860000.0,0.0,0.0,1686.0,0.5301325029655991,0.0,0.0,0.4083,1.0,1.0,1018.4073770999998,1000.0,812.9977770999998,1000.0,0.8776481986463807,0.0
2162,1711850460000.0,0.0,0.0,1686.0,0.5301325029655991,0.0,0.0,0.4078,1.0,1.0,1018.4073770999998,1000.0,812.1547770999998,1000.0,0.8776481986463807,0.0
2163,1711854060000.0,0.0,0.0,1686.0,0.5301325029655991,0.0,0.0,0.4081,1.0,1.0,1018.4073770999998,1000.0,812.6605770999997,1000.0,0.8776481986463807,0.0
2164,1711857660000.0,0.0,0.0,1686.0,0.5301325029655991,0.0,0.0,0.4054,1.0,1.0,1018.4073770999998,1000.0,808.1083770999998,1000.0,0.8776481986463807,0.0
2165,1711861260000.0,0.0,0.0,1686.0,0.5301325029655991,0.0,0.0,0.4072,1.0,1.0,1018.4073770999998,1000.0,811.1431770999998,1000.0,0.8776481986463807,0.0
2166,1711864860000.0,0.0,0.0,1686.0,0.5301325029655991,0.0,0.0,0.4109,1.0,1.0,1018.4073770999998,1000.0,817.3813770999998,1000.0,0.8776481986463807,0.0
2167,1711868460000.0,0.0,0.0,1686.0,0.5301325029655991,0.0,0.0,0.4119,1.0,1.0,1018.4073770999998,1000.0,819.0673770999997,1000.0,0.8776481986463807,0.0
2168,1711872060000.0,0.0,0.0,1686.0,0.5301325029655991,0.0,0.0,0.4112,1.0,1.0,1018.4073770999998,1000.0,817.8871770999998,1000.0,0.8776481986463807,0.0
2169,1711875660000.0,0.0,0.0,1686.0,0.5301325029655991,0.0,0.0,0.4096,1.0,1.0,1018.4073770999998,1000.0,815.1895770999997,1000.0,0.8776481986463807,0.0
2170,1711879260000.0,0.0,0.0,1686.0,0.5301325029655991,0.0,0.0,0.4083,1.0,1.0,1018.4073770999998,1000.0,812.9977770999998,1000.0,0.8776481986463807,0.0
2171,1711882860000.0,0.0,0.0,1686.0,0.5301325029655991,0.0,0.0,0.4072,1.0,1.0,1018.4073770999998,1000.0,811.1431770999998,1000.0,0.8776481986463807,0.0
2172,1711886460000.0,0.0,0.0,1686.0,0.5301325029655991,0.0,0.0,0.4091,1.0,1.0,1018.4073770999998,1000.0,814.3465770999998,1000.0,0.8776481986463807,0.0
2173,1711890060000.0,0.0,0.0,1686.0,0.5301325029655991,0.0,0.0,0.4088,1.0,1.0,1018.4073770999998,1000.0,813.8407770999997,1000.0,0.8776481986463807,0.0
2174,1711893660000.0,0.0,0.0,1686.0,0.5301325029655991,0.0,0.0,0.4058,1.0,1.0,1018.4073770999998,1000.0,808.7827770999997,1000.0,0.8776481986463807,0.0
2175,1711897260000.0,0.0,0.0,1686.0,0.5301325029655991,0.0,0.0,0.4059,1.0,1.0,1018.4073770999998,1000.0,808.9513770999997,1000.0,0.8776481986463807,0.0
2176,1711900860000.0,0.0,0.0,1686.0,0.5301325029655991,0.0,0.0,0.4058,1.0,1.0,1018.4073770999998,1000.0,808.7827770999997,1000.0,0.8776481986463807,0.0
2177,1711904460000.0,0.0,0.0,1686.0,0.5301325029655991,0.0,0.0,0.4057,1.0,1.0,1018.4073770999998,1000.0,808.6141770999998,1000.0,0.8776481986463807,0.0
2178,1711908060000.0,0.0,0.0,1686.0,0.5301325029655991,0.0,0.0,0.4144,1.0,1.0,1018.4073770999998,1000.0,823.2823770999997,1000.0,0.8776481986463807,0.0
2179,1711911660000.0,0.0,0.0,1686.0,0.5301325029655991,0.0,0.0,0.4126,1.0,1.0,1018.4073770999998,1000.0,820.2475770999998,1000.0,0.8776481986463807,0.0
2180,1711915260000.0,0.0,0.0,1686.0,0.5301325029655991,0.0,0.0,0.4117,1.0,1.0,1018.4073770999998,1000.0,818.7301770999998,1000.0,0.8776481986463807,0.0
2181,1711918860000.0,0.0,0.0,1686.0,0.5301325029655991,0.0,0.0,0.4106,1.0,1.0,1018.4073770999998,1000.0,816.8755770999998,1000.0,0.8776481986463807,0.0
2182,1711922460000.0,0.0,0.0,1686.0,0.5301325029655991,0.0,0.0,0.4083,1.0,1.0,1018.4073770999998,1000.0,812.9977770999998,1000.0,0.8776481986463807,0.0
2183,1711926060000.0,0.0,0.0,1686.0,0.5301325029655991,0.0,0.0,0.4112,1.0,1.0,1018.4073770999998,1000.0,817.8871770999998,1000.0,0.8776481986463807,0.0
2184,1711929660000.0,0.0,0.0,1686.0,0.5301325029655991,0.0,0.0,0.4109,1.0,1.0,1018.4073770999998,1000.0,817.3813770999998,1000.0,0.8776481986463807,0.0
2185,1711933260000.0,0.0,0.0,1686.0,0.5301325029655991,0.0,0.0,0.4086,1.0,1.0,1018.4073770999998,1000.0,813.5035770999998,1000.0,0.8776481986463807,0.0
2186,1711936860000.0,0.0,0.0,1686.0,0.5301325029655991,0.0,0.0,0.4076,1.0,1.0,1018.4073770999998,1000.0,811.8175770999998,1000.0,0.8776481986463807,0.0
2187,1711940460000.0,0.0,0.0,1686.0,0.5301325029655991,0.0,0.0,0.4048,1.0,1.0,1018.4073770999998,1000.0,807.0967770999997,1000.0,0.8776481986463807,0.0
2188,1711944060000.0,0.0,0.0,1686.0,0.5301325029655991,0.0,0.0,0.4018,1.0,1.0,1018.4073770999998,1000.0,802.0387770999997,1000.0,0.8776481986463807,0.0
2189,1711947660000.0,0.0,0.0,1686.0,0.5301325029655991,0.0,0.0,0.4005,1.0,1.0,1018.4073770999998,1000.0,799.8469770999998,1000.0,0.8776481986463807,0.0
2190,1711951260000.0,0.0,0.0,1686.0,0.5301325029655991,0.0,0.0,0.3849,1.0,1.0,1018.4073770999998,1000.0,773.5453770999998,1000.0,0.8776481986463807,0.0
2191,1711954860000.0,0.0,0.0,1686.0,0.5301325029655991,0.0,0.0,0.3897,1.0,1.0,1018.4073770999998,1000.0,781.6381770999998,1000.0,0.8776481986463807,0.0
2192,1711958460000.0,0.0,0.0,1686.0,0.5301325029655991,0.0,0.0,0.3909,1.0,1.0,1018.4073770999998,1000.0,783.6613770999998,1000.0,0.8776481986463807,0.0
2193,1711962060000.0,0.0,0.0,1686.0,0.5301325029655991,0.0,0.0,0.3887,1.0,1.0,1018.4073770999998,1000.0,779.9521770999997,1000.0,0.8776481986463807,0.0
2194,1711965660000.0,0.0,0.0,1686.0,0.5301325029655991,0.0,0.0,0.3878,1.0,1.0,1018.4073770999998,1000.0,778.4347770999997,1000.0,0.8776481986463807,0.0
2195,1711969260000.0,0.0,0.0,1686.0,0.5301325029655991,0.0,0.0,0.3877,1.0,1.0,1018.4073770999998,1000.0,778.2661770999997,1000.0,0.8776481986463807,0.0
2196,1711972860000.0,0.0,0.0,1686.0,0.5301325029655991,0.0,0.0,0.3865,1.0,1.0,1018.4073770999998,1000.0,776.2429770999997,1000.0,0.8776481986463807,0.0
2197,1711976460000.0,0.0,0.0,1686.0,0.5301325029655991,0.0,0.0,0.3909,1.0,1.0,1018.4073770999998,1000.0,783.6613770999998,1000.0,0.8776481986463807,0.0
2198,1711980060000.0,0.0,0.0,1686.0,0.5301325029655991,0.0,0.0,0.3926,1.0,1.0,1018.4073770999998,1000.0,786.5275770999998,1000.0,0.8776481986463807,0.0
2199,1711983660000.0,0.0,0.0,1686.0,0.5301325029655991,0.0,0.0,0.3838,1.0,1.0,1018.4073770999998,1000.0,771.6907770999997,1000.0,0.8776481986463807,0.0
2200,1711987260000.0,0.0,0.0,1686.0,0.5301325029655991,0.0,0.0,0.378,1.0,1.0,1018.4073770999998,1000.0,761.9119770999998,1000.0,0.8776481986463807,0.0
2201,1711990860000.0,0.0,0.0,1686.0,0.5301325029655991,0.0,0.0,0.3772,1.0,1.0,1018.4073770999998,1000.0,760.5631770999997,1000.0,0.8776481986463807,0.0
2202,1711994460000.0,0.0,0.0,1686.0,0.5301325029655991,0.0,0.0,0.3781,1.0,1.0,1018.4073770999998,1000.0,762.0805770999998,1000.0,0.8776481986463807,0.0
2203,1711998060000.0,0.0,0.0,1686.0,0.5301325029655991,0.0,0.0,0.3778,1.0,1.0,1018.4073770999998,1000.0,761.5747770999998,1000.0,0.8776481986463807,0.0
2204,1712001660000.0,0.0,0.0,1686.0,0.5301325029655991,0.0,0.0,0.3817,1.0,1.0,1018.4073770999998,1000.0,768.1501770999997,1000.0,0.8776481986463807,0.0
2205,1712005260000.0,0.0,0.0,1686.0,0.5301325029655991,0.0,0.0,0.3843,1.0,1.0,1018.4073770999998,1000.0,772.5337770999997,1000.0,0.8776481986463807,0.0
2206,1712008860000.0,0.0,0.0,1686.0,0.5301325029655991,0.0,0.0,0.3847,1.0,1.0,1018.4073770999998,1000.0,773.2081770999997,1000.0,0.8776481986463807,0.0
2207,1712012460000.0,0.0,0.0,1686.0,0.5301325029655991,0.0,0.0,0.3861,1.0,1.0,1018.4073770999998,1000.0,775.5685770999997,1000.0,0.8776481986463807,0.0
2208,1712016060000.0,0.0,0.0,1686.0,0.5301325029655991,0.0,0.0,0.3856,1.0,1.0,1018.4073770999998,1000.0,774.7255770999998,1000.0,0.8776481986463807,0.0
2209,1712019660000.0,0.0,0.0,1686.0,0.5301325029655991,0.0,0.0,0.3781,1.0,1.0,1018.4073770999998,1000.0,762.0805770999998,1000.0,0.8776481986463807,0.0
2210,1712023260000.0,0.0,0.0,1686.0,0.5301325029655991,0.0,0.0,0.38,1.0,1.0,1018.4073770999998,1000.0,765.2839770999998,1000.0,0.8776481986463807,0.0
2211,1712026860000.0,0.0,0.0,1686.0,0.5301325029655991,0.0,0.0,0.37,1.0,1.0,1018.4073770999998,1000.0,748.4239770999998,1000.0,0.8776481986463807,0.0
2212,1712030460000.0,0.0,0.0,1686.0,0.5301325029655991,0.0,0.0,0.3658,1.0,1.0,1018.4073770999998,1000.0,741.3427770999998,1000.0,0.8776481986463807,0.0
2213,1712034060000.0,0.0,0.0,1686.0,0.5301325029655991,0.0,0.0,0.3625,1.0,1.0,1018.4073770999998,1000.0,735.7789770999998,1000.0,0.8776481986463807,0.0
2214,1712037660000.0,0.0,0.0,1686.0,0.5301325029655991,0.0,0.0,0.3627,1.0,1.0,1018.4073770999998,1000.0,736.1161770999997,1000.0,0.8776481986463807,0.0
2215,1712041260000.0,0.0,0.0,1686.0,0.5301325029655991,0.0,0.0,0.3649,1.0,1.0,1018.4073770999998,1000.0,739.8253770999997,1000.0,0.8776481986463807,0.0
2216,1712044860000.0,0.0,0.0,1686.0,0.5301325029655991,0.0,0.0,0.3618,1.0,1.0,1018.4073770999998,1000.0,734.5987770999998,1000.0,0.8776481986463807,0.0
2217,1712048460000.0,0.0,0.0,1686.0,0.5301325029655991,0.0,0.0,0.3547,1.0,1.0,1018.4073770999998,1000.0,722.6281770999998,1000.0,0.8776481986463807,0.0
2218,1712052060000.0,0.0,0.0,1686.0,0.5301325029655991,0.0,0.0,0.3545,1.0,1.0,1018.4073770999998,1000.0,722.2909770999997,1000.0,0.8776481986463807,0.0
2219,1712055660000.0,0.0,0.0,1686.0,0.5301325029655991,0.0,0.0,0.3546,1.0,1.0,1018.4073770999998,1000.0,722.4595770999998,1000.0,0.8776481986463807,0.0
2220,1712059260000.0,0.0,0.0,1686.0,0.5301325029655991,0.0,0.0,0.3549,1.0,1.0,1018.4073770999998,1000.0,722.9653770999997,1000.0,0.8776481986463807,0.0
2221,1712062860000.0,0.0,0.0,1686.0,0.5301325029655991,0.0,0.0,0.3547,1.0,1.0,1018.4073770999998,1000.0,722.6281770999998,1000.0,0.8776481986463807,0.0
2222,1712066460000.0,0.0,0.0,1686.0,0.5301325029655991,0.0,0.0,0.354,1.0,1.0,1018.4073770999998,1000.0,721.4479770999997,1000.0,0.8776481986463807,0.0
2223,1712070060000.0,0.0,0.0,1686.0,0.5301325029655991,0.0,0.0,0.3581,1.0,1.0,1018.4073770999998,1000.0,728.3605770999998,1000.0,0.8776481986463807,0.0
2224,1712073660000.0,0.0,0.0,1686.0,0.5301325029655991,0.0,0.0,0.3518,1.0,1.0,1018.4073770999998,1000.0,717.7387770999998,1000.0,0.8776481986463807,0.0
2225,1712077260000.0,0.0,0.0,1686.0,0.5301325029655991,0.0,0.0,0.3567,1.0,1.0,1018.4073770999998,1000.0,726.0001770999997,1000.0,0.8776481986463807,0.0
2226,1712080860000.0,0.0,0.0,1686.0,0.5301325029655991,0.0,0.0,0.3569,1.0,1.0,1018.4073770999998,1000.0,726.3373770999997,1000.0,0.8776481986463807,0.0
2227,1712084460000.0,0.0,0.0,1686.0,0.5301325029655991,0.0,0.0,0.3584,1.0,1.0,1018.4073770999998,1000.0,728.8663770999997,1000.0,0.8776481986463807,0.0
2228,1712088060000.0,0.0,0.0,1686.0,0.5301325029655991,0.0,0.0,0.358,1.0,1.0,1018.4073770999998,1000.0,728.1919770999998,1000.0,0.8776481986463807,0.0
2229,1712091660000.0,0.0,0.0,1686.0,0.5301325029655991,0.0,0.0,0.3585,1.0,1.0,1018.4073770999998,1000.0,729.0349770999997,1000.0,0.8776481986463807,0.0
2230,1712095260000.0,0.0,0.0,1686.0,0.5301325029655991,0.0,0.0,0.3566,1.0,1.0,1018.4073770999998,1000.0,725.8315770999998,1000.0,0.8776481986463807,0.0
2231,1712098860000.0,0.0,0.0,1686.0,0.5301325029655991,0.0,0.0,0.3593,1.0,1.0,1018.4073770999998,1000.0,730.3837770999997,1000.0,0.8776481986463807,0.0
2232,1712102460000.0,0.0,0.0,1686.0,0.5301325029655991,0.0,0.0,0.3554,1.0,1.0,1018.4073770999998,1000.0,723.8083770999997,1000.0,0.8776481986463807,0.0
2233,1712106060000.0,0.0,0.0,1686.0,0.5301325029655991,0.0,0.0,0.3492,1.0,1.0,1018.4073770999998,1000.0,713.3551770999998,1000.0,0.8776481986463807,0.0
2234,1712109660000.0,0.0,0.0,1686.0,0.5301325029655991,0.0,0.0,0.3585,1.0,1.0,1018.4073770999998,1000.0,729.0349770999997,1000.0,0.8776481986463807,0.0
2235,1712113260000.0,0.0,0.0,1686.0,0.5301325029655991,0.0,0.0,0.3579,1.0,1.0,1018.4073770999998,1000.0,728.0233770999997,1000.0,0.8776481986463807,0.0
2236,1712116860000.0,0.0,0.0,1686.0,0.5301325029655991,0.0,0.0,0.3595,1.0,1.0,1018.4073770999998,1000.0,730.7209770999998,1000.0,0.8776481986463807,0.0
2237,1712120460000.0,0.0,0.0,1686.0,0.5301325029655991,0.0,0.0,0.361,1.0,1.0,1018.4073770999998,1000.0,733.2499770999998,1000.0,0.8776481986463807,0.0
2238,1712124060000.0,0.0,0.0,1686.0,0.5301325029655991,0.0,0.0,0.3585,1.0,1.0,1018.4073770999998,1000.0,729.0349770999997,1000.0,0.8776481986463807,0.0
2239,1712127660000.0,0.0,0.0,1686.0,0.5301325029655991,0.0,0.0,0.3615,1.0,1.0,1018.4073770999998,1000.0,734.0929770999998,1000.0,0.8776481986463807,0.0
2240,1712131260000.0,0.0,0.0,1686.0,0.5301325029655991,0.0,0.0,0.3624,1.0,1.0,1018.4073770999998,1000.0,735.6103770999998,1000.0,0.8776481986463807,0.0
2241,1712134860000.0,0.0,0.0,1686.0,0.5301325029655991,0.0,0.0,0.3669,1.0,1.0,1018.4073770999998,1000.0,743.1973770999998,1000.0,0.8776481986463807,0.0
2242,1712138460000.0,0.0,0.0,1686.0,0.5301325029655991,0.0,0.0,0.3687,1.0,1.0,1018.4073770999998,1000.0,746.2321770999998,1000.0,0.8776481986463807,0.0
2243,1712142060000.0,0.0,0.0,1686.0,0.5301325029655991,0.0,0.0,0.363,1.0,1.0,1018.4073770999998,1000.0,736.6219770999998,1000.0,0.8776481986463807,0.0
2244,1712145660000.0,0.0,0.0,1686.0,0.5301325029655991,0.0,0.0,0.3621,1.0,1.0,1018.4073770999998,1000.0,735.1045770999997,1000.0,0.8776481986463807,0.0
2245,1712149260000.0,0.0,0.0,1686.0,0.5301325029655991,0.0,0.0,0.3607,1.0,1.0,1018.4073770999998,1000.0,732.7441770999998,1000.0,0.8776481986463807,0.0
2246,1712152860000.0,0.0,0.0,1686.0,0.5301325029655991,0.0,0.0,0.3627,1.0,1.0,1018.4073770999998,1000.0,736.1161770999997,1000.0,0.8776481986463807,0.0
2247,1712156460000.0,0.0,0.0,1686.0,0.5301325029655991,0.0,0.0,0.3661,1.0,1.0,1018.4073770999998,1000.0,741.8485770999997,1000.0,0.8776481986463807,0.0
2248,1712160060000.0,0.0,0.0,1686.0,0.5301325029655991,0.0,0.0,0.3607,1.0,1.0,1018.4073770999998,1000.0,732.7441770999998,1000.0,0.8776481986463807,0.0
2249,1712163660000.0,0.0,0.0,1686.0,0.5301325029655991,0.0,0.0,0.3616,1.0,1.0,1018.4073770999998,1000.0,734.2615770999997,1000.0,0.8776481986463807,0.0
2250,1712167260000.0,0.0,0.0,1686.0,0.5301325029655991,0.0,0.0,0.3577,1.0,1.0,1018.4073770999998,1000.0,727.6861770999998,1000.0,0.8776481986463807,0.0
2251,1712170860000.0,0.0,0.0,1686.0,0.5301325029655991,0.0,0.0,0.3583,1.0,1.0,1018.4073770999998,1000.0,728.6977770999997,1000.0,0.8776481986463807,0.0
2252,1712174460000.0,0.0,0.0,1686.0,0.5301325029655991,0.0,0.0,0.3557,1.0,1.0,1018.4073770999998,1000.0,724.3141770999998,1000.0,0.8776481986463807,0.0
2253,1712178060000.0,0.0,0.0,1686.0,0.5301325029655991,0.0,0.0,0.3512,1.0,1.0,1018.4073770999998,1000.0,716.7271770999998,1000.0,0.8776481986463807,0.0
2254,1712181660000.0,0.0,0.0,1686.0,0.5301325029655991,0.0,0.0,0.3557,1.0,1.0,1018.4073770999998,1000.0,724.3141770999998,1000.0,0.8776481986463807,0.0
2255,1712185260000.0,0.0,0.0,1686.0,0.5301325029655991,0.0,0.0,0.3566,1.0,1.0,1018.4073770999998,1000.0,725.8315770999998,1000.0,0.8776481986463807,0.0
2256,1712188860000.0,0.0,0.0,1686.0,0.5301325029655991,0.0,0.0,0.3543,1.0,1.0,1018.4073770999998,1000.0,721.9537770999998,1000.0,0.8776481986463807,0.0
2257,1712192460000.0,0.0,0.0,1686.0,0.5301325029655991,0.0,0.0,0.3598,1.0,1.0,1018.4073770999998,1000.0,731.2267770999997,1000.0,0.8776481986463807,0.0
2258,1712196060000.0,0.0,0.0,1686.0,0.5301325029655991,0.0,0.0,0.356,1.0,1.0,1018.4073770999998,1000.0,724.8199770999997,1000.0,0.8776481986463807,0.0
2259,1712199660000.0,0.0,0.0,1686.0,0.5301325029655991,0.0,0.0,0.3519,1.0,1.0,1018.4073770999998,1000.0,717.9073770999997,1000.0,0.8776481986463807,0.0
2260,1712203260000.0,0.0,0.0,1686.0,0.5301325029655991,0.0,0.0,0.3496,1.0,1.0,1018.4073770999998,1000.0,714.0295770999999,1000.0,0.8776481986463807,0.0
2261,1712206860000.0,0.0,0.0,1686.0,0.5301325029655991,0.0,0.0,0.3496,1.0,1.0,1018.4073770999998,1000.0,714.0295770999999,1000.0,0.8776481986463807,0.0
2262,1712210460000.0,0.0,0.0,1686.0,0.5301325029655991,0.0,0.0,0.3519,1.0,1.0,1018.4073770999998,1000.0,717.9073770999997,1000.0,0.8776481986463807,0.0
2263,1712214060000.0,0.0,0.0,1686.0,0.5301325029655991,0.0,0.0,0.3534,1.0,1.0,1018.4073770999998,1000.0,720.4363770999997,1000.0,0.8776481986463807,0.0
2264,1712217660000.0,0.0,0.0,1686.0,0.5301325029655991,0.0,0.0,0.3568,1.0,1.0,1018.4073770999998,1000.0,726.1687770999997,1000.0,0.8776481986463807,0.0
2265,1712221260000.0,0.0,0.0,1686.0,0.5301325029655991,0.0,0.0,0.3595,1.0,1.0,1018.4073770999998,1000.0,730.7209770999998,1000.0,0.8776481986463807,0.0
2266,1712224860000.0,0.0,0.0,1686.0,0.5301325029655991,0.0,0.0,0.3593,1.0,1.0,1018.4073770999998,1000.0,730.3837770999997,1000.0,0.8776481986463807,0.0
2267,1712228460000.0,0.0,0.0,1686.0,0.5301325029655991,0.0,0.0,0.3597,1.0,1.0,1018.4073770999998,1000.0,731.0581770999997,1000.0,0.8776481986463807,0.0
2268,1712232060000.0,0.0,0.0,1686.0,0.5301325029655991,0.0,0.0,0.363,1.0,1.0,1018.4073770999998,1000.0,736.6219770999998,1000.0,0.8776481986463807,0.0
2269,1712235660000.0,0.0,0.0,1686.0,0.5301325029655991,0.0,0.0,0.3656,1.0,1.0,1018.4073770999998,1000.0,741.0055770999998,1000.0,0.8776481986463807,0.0
2270,1712239260000.0,0.0,0.0,1686.0,0.5301325029655991,0.0,0.0,0.3673,1.0,1.0,1018.4073770999998,1000.0,743.8717770999998,1000.0,0.8776481986463807,0.0
2271,1712242860000.0,0.0,0.0,1686.0,0.5301325029655991,0.0,0.0,0.3693,1.0,1.0,1018.4073770999998,1000.0,747.2437770999998,1000.0,0.8776481986463807,0.0
2272,1712246460000.0,0.0,0.0,1686.0,0.5301325029655991,0.0,0.0,0.3684,1.0,1.0,1018.4073770999998,1000.0,745.7263770999998,1000.0,0.8776481986463807,0.0
2273,1712250060000.0,0.0,0.0,1686.0,0.5301325029655991,0.0,0.0,0.3718,1.0,1.0,1018.4073770999998,1000.0,751.4587770999998,1000.0,0.8776481986463807,0.0
2274,1712253660000.0,0.0,0.0,1686.0,0.5301325029655991,0.0,0.0,0.376,1.0,1.0,1018.4073770999998,1000.0,758.5399770999998,1000.0,0.8776481986463807,0.0
2275,1712257260000.0,0.0,0.0,1686.0,0.5301325029655991,0.0,0.0,0.3702,1.0,1.0,1018.4073770999998,1000.0,748.7611770999997,1000.0,0.8776481986463807,0.0
2276,1712260860000.0,0.0,0.0,1686.0,0.5301325029655991,0.0,0.0,0.3692,1.0,1.0,1018.4073770999998,1000.0,747.0751770999998,1000.0,0.8776481986463807,0.0
2277,1712264460000.0,0.0,0.0,1686.0,0.5301325029655991,0.0,0.0,0.3655,1.0,1.0,1018.4073770999998,1000.0,740.8369770999998,1000.0,0.8776481986463807,0.0
2278,1712268060000.0,0.0,0.0,1686.0,0.5301325029655991,0.0,0.0,0.3643,1.0,1.0,1018.4073770999998,1000.0,738.8137770999997,1000.0,0.8776481986463807,0.0
2279,1712271660000.0,0.0,0.0,1686.0,0.5301325029655991,0.0,0.0,0.3655,1.0,1.0,1018.4073770999998,1000.0,740.8369770999998,1000.0,0.8776481986463807,0.0
2280,1712275260000.0,0.0,0.0,1686.0,0.5301325029655991,0.0,0.0,0.3664,1.0,1.0,1018.4073770999998,1000.0,742.3543770999997,1000.0,0.8776481986463807,0.0
2281,1712278860000.0,0.0,0.0,1686.0,0.5301325029655991,0.0,0.0,0.3687,1.0,1.0,1018.4073770999998,1000.0,746.2321770999998,1000.0,0.8776481986463807,0.0
2282,1712282460000.0,0.0,0.0,1686.0,0.5301325029655991,0.0,0.0,0.3635,1.0,1.0,1018.4073770999998,1000.0,737.4649770999997,1000.0,0.8776481986463807,0.0
2283,1712286060000.0,0.0,0.0,1686.0,0.5301325029655991,0.0,0.0,0.3573,1.0,1.0,1018.4073770999998,1000.0,727.0117770999998,1000.0,0.8776481986463807,0.0
2284,1712289660000.0,0.0,0.0,1686.0,0.5301325029655991,0.0,0.0,0.361,1.0,1.0,1018.4073770999998,1000.0,733.2499770999998,1000.0,0.8776481986463807,0.0
2285,1712293260000.0,0.0,0.0,1686.0,0.5301325029655991,0.0,0.0,0.3571,1.0,1.0,1018.4073770999998,1000.0,726.6745770999997,1000.0,0.8776481986463807,0.0
2286,1712296860000.0,0.0,0.0,1686.0,0.5301325029655991,0.0,0.0,0.3567,1.0,1.0,1018.4073770999998,1000.0,726.0001770999997,1000.0,0.8776481986463807,0.0
2287,1712300460000.0,0.0,0.0,1686.0,0.5301325029655991,0.0,0.0,0.3559,1.0,1.0,1018.4073770999998,1000.0,724.6513770999998,1000.0,0.8776481986463807,0.0
2288,1712304060000.0,0.0,0.0,1686.0,0.5301325029655991,0.0,0.0,0.3549,1.0,1.0,1018.4073770999998,1000.0,722.9653770999997,1000.0,0.8776481986463807,0.0
2289,1712307660000.0,0.0,0.0,1686.0,0.5301325029655991,0.0,0.0,0.3541,1.0,1.0,1018.4073770999998,1000.0,721.6165770999999,1000.0,0.8776481986463807,0.0
2290,1712311260000.0,0.0,0.0,1686.0,0.5301325029655991,0.0,0.0,0.3524,1.0,1.0,1018.4073770999998,1000.0,718.7503770999997,1000.0,0.8776481986463807,0.0
2291,1712314860000.0,0.0,0.0,1686.0,0.5301325029655991,0.0,0.0,0.3524,1.0,1.0,1018.4073770999998,1000.0,718.7503770999997,1000.0,0.8776481986463807,0.0
2292,1712318460000.0,0.0,0.0,1686.0,0.5301325029655991,0.0,0.0,0.3488,1.0,1.0,1018.4073770999998,1000.0,712.6807770999998,1000.0,0.8776481986463807,0.0
2293,1712322060000.0,0.0,0.0,1686.0,0.5301325029655991,0.0,0.0,0.3574,1.0,1.0,1018.4073770999998,1000.0,727.1803770999998,1000.0,0.8776481986463807,0.0
2294,1712325660000.0,0.0,0.0,1686.0,0.5301325029655991,0.0,0.0,0.3602,1.0,1.0,1018.4073770999998,1000.0,731.9011770999998,1000.0,0.8776481986463807,0.0
2295,1712329260000.0,0.0,0.0,1686.0,0.5301325029655991,0.0,0.0,0.3624,1.0,1.0,1018.4073770999998,1000.0,735.6103770999998,1000.0,0.8776481986463807,0.0
2296,1712332860000.0,0.0,0.0,1686.0,0.5301325029655991,0.0,0.0,0.3645,1.0,1.0,1018.4073770999998,1000.0,739.1509770999997,1000.0,0.8776481986463807,0.0
2297,1712336460000.0,0.0,0.0,1686.0,0.5301325029655991,0.0,0.0,0.3623,1.0,1.0,1018.4073770999998,1000.0,735.4417770999999,1000.0,0.8776481986463807,0.0
2298,1712340060000.0,0.0,0.0,1686.0,0.5301325029655991,0.0,0.0,0.3611,1.0,1.0,1018.4073770999998,1000.0,733.4185770999998,1000.0,0.8776481986463807,0.0
2299,1712343660000.0,0.0,0.0,1686.0,0.5301325029655991,0.0,0.0,0.3641,1.0,1.0,1018.4073770999998,1000.0,738.4765770999998,1000.0,0.8776481986463807,0.0
2300,1712347260000.0,0.0,0.0,1686.0,0.5301325029655991,0.0,0.0,0.3639,1.0,1.0,1018.4073770999998,1000.0,738.1393770999998,1000.0,0.8776481986463807,0.0
2301,1712350860000.0,0.0,0.0,1686.0,0.5301325029655991,0.0,0.0,0.3644,1.0,1.0,1018.4073770999998,1000.0,738.9823770999998,1000.0,0.8776481986463807,0.0
2302,1712354460000.0,0.0,0.0,1686.0,0.5301325029655991,0.0,0.0,0.3638,1.0,1.0,1018.4073770999998,1000.0,737.9707770999999,1000.0,0.8776481986463807,0.0
2303,1712358060000.0,0.0,0.0,1686.0,0.5301325029655991,0.0,0.0,0.3627,1.0,1.0,1018.4073770999998,1000.0,736.1161770999997,1000.0,0.8776481986463807,0.0
2304,1712361660000.0,0.0,0.0,1686.0,0.5301325029655991,0.0,0.0,0.3603,1.0,1.0,1018.4073770999998,1000.0,732.0697770999998,1000.0,0.8776481986463807,0.0
2305,1712365260000.0,0.0,0.0,1686.0,0.5301325029655991,0.0,0.0,0.3645,1.0,1.0,1018.4073770999998,1000.0,739.1509770999997,1000.0,0.8776481986463807,0.0
2306,1712368860000.0,0.0,0.0,1686.0,0.5301325029655991,0.0,0.0,0.3661,1.0,1.0,1018.4073770999998,1000.0,741.8485770999997,1000.0,0.8776481986463807,0.0
2307,1712372460000.0,0.0,0.0,1686.0,0.5301325029655991,0.0,0.0,0.3663,1.0,1.0,1018.4073770999998,1000.0,742.1857770999998,1000.0,0.8776481986463807,0.0
2308,1712376060000.0,0.0,0.0,1686.0,0.5301325029655991,0.0,0.0,0.3681,1.0,1.0,1018.4073770999998,1000.0,745.2205770999997,1000.0,0.8776481986463807,0.0
2309,1712379660000.0,0.0,0.0,1686.0,0.5301325029655991,0.0,0.0,0.3675,1.0,1.0,1018.4073770999998,1000.0,744.2089770999997,1000.0,0.8776481986463807,0.0
2310,1712383260000.0,0.0,0.0,1686.0,0.5301325029655991,0.0,0.0,0.3682,1.0,1.0,1018.4073770999998,1000.0,745.3891770999999,1000.0,0.8776481986463807,0.0
2311,1712386860000.0,0.0,0.0,1686.0,0.5301325029655991,0.0,0.0,0.3682,1.0,1.0,1018.4073770999998,1000.0,745.3891770999999,1000.0,0.8776481986463807,0.0
2312,1712390460000.0,0.0,0.0,1686.0,0.5301325029655991,0.0,0.0,0.367,1.0,1.0,1018.4073770999998,1000.0,743.3659770999998,1000.0,0.8776481986463807,0.0
2313,1712394060000.0,0.0,0.0,1686.0,0.5301325029655991,0.0,0.0,0.3689,1.0,1.0,1018.4073770999998,1000.0,746.5693770999998,1000.0,0.8776481986463807,0.0
2314,1712397660000.0,0.0,0.0,1686.0,0.5301325029655991,0.0,0.0,0.3665,1.0,1.0,1018.4073770999998,1000.0,742.5229770999997,1000.0,0.8776481986463807,0.0
2315,1712401260000.0,0.0,0.0,1686.0,0.5301325029655991,0.0,0.0,0.3664,1.0,1.0,1018.4073770999998,1000.0,742.3543770999997,1000.0,0.8776481986463807,0.0
2316,1712404860000.0,0.0,0.0,1686.0,0.5301325029655991,0.0,0.0,0.3642,1.0,1.0,1018.4073770999998,1000.0,738.6451770999997,1000.0,0.8776481986463807,0.0
2317,1712408460000.0,0.0,0.0,1686.0,0.5301325029655991,0.0,0.0,0.3637,1.0,1.0,1018.4073770999998,1000.0,737.8021770999998,1000.0,0.8776481986463807,0.0
2318,1712412060000.0,0.0,0.0,1686.0,0.5301325029655991,0.0,0.0,0.3618,1.0,1.0,1018.4073770999998,1000.0,734.5987770999998,1000.0,0.8776481986463807,0.0
2319,1712415660000.0,0.0,0.0,1686.0,0.5301325029655991,0.0,0.0,0.3639,1.0,1.0,1018.4073770999998,1000.0,738.1393770999998,1000.0,0.8776481986463807,0.0
2320,1712419260000.0,0.0,0.0,1686.0,0.5301325029655991,0.0,0.0,0.3669,1.0,1.0,1018.4073770999998,1000.0,743.1973770999998,1000.0,0.8776481986463807,0.0
2321,1712422860000.0,0.0,0.0,1686.0,0.5301325029655991,0.0,0.0,0.3683,1.0,1.0,1018.4073770999998,1000.0,745.5577770999998,1000.0,0.8776481986463807,0.0
2322,1712426460000.0,0.0,0.0,1686.0,0.5301325029655991,0.0,0.0,0.3682,1.0,1.0,1018.4073770999998,1000.0,745.3891770999999,1000.0,0.8776481986463807,0.0
2323,1712430060000.0,0.0,0.0,1686.0,0.5301325029655991,0.0,0.0,0.3672,1.0,1.0,1018.4073770999998,1000.0,743.7031770999997,1000.0,0.8776481986463807,0.0
2324,1712433660000.0,0.0,0.0,1686.0,0.5301325029655991,0.0,0.0,0.3667,1.0,1.0,1018.4073770999998,1000.0,742.8601770999999,1000.0,0.8776481986463807,0.0
2325,1712437260000.0,0.0,0.0,1686.0,0.5301325029655991,0.0,0.0,0.3722,1.0,1.0,1018.4073770999998,1000.0,752.1331770999998,1000.0,0.8776481986463807,0.0
2326,1712440860000.0,0.0,0.0,1686.0,0.5301325029655991,0.0,0.0,0.3716,1.0,1.0,1018.4073770999998,1000.0,751.1215770999997,1000.0,0.8776481986463807,0.0
2327,1712444460000.0,0.0,0.0,1686.0,0.5301325029655991,0.0,0.0,0.3748,1.0,1.0,1018.4073770999998,1000.0,756.5167770999998,1000.0,0.8776481986463807,0.0
2328,1712448060000.0,0.0,0.0,1686.0,0.5301325029655991,0.0,0.0,0.3728,1.0,1.0,1018.4073770999998,1000.0,753.1447770999998,1000.0,0.8776481986463807,0.0
2329,1712451660000.0,0.0,0.0,1686.0,0.5301325029655991,0.0,0.0,0.3726,1.0,1.0,1018.4073770999998,1000.0,752.8075770999997,1000.0,0.8776481986463807,0.0
2330,1712455260000.0,0.0,0.0,1686.0,0.5301325029655991,0.0,0.0,0.3756,1.0,1.0,1018.4073770999998,1000.0,757.8655770999997,1000.0,0.8776481986463807,0.0
2331,1712458860000.0,0.0,0.0,1686.0,0.5301325029655991,0.0,0.0,0.3765,1.0,1.0,1018.4073770999998,1000.0,759.3829770999998,1000.0,0.8776481986463807,0.0
2332,1712462460000.0,0.0,0.0,1686.0,0.5301325029655991,0.0,0.0,0.3781,1.0,1.0,1018.4073770999998,1000.0,762.0805770999998,1000.0,0.8776481986463807,0.0
2333,1712466060000.0,0.0,0.0,1686.0,0.5301325029655991,0.0,0.0,0.3769,1.0,1.0,1018.4073770999998,1000.0,760.0573770999997,1000.0,0.8776481986463807,0.0
2334,1712469660000.0,0.0,0.0,1686.0,0.5301325029655991,0.0,0.0,0.3762,1.0,1.0,1018.4073770999998,1000.0,758.8771770999997,1000.0,0.8776481986463807,0.0
2335,1712473260000.0,0.0,0.0,1686.0,0.5301325029655991,0.0,0.0,0.374,1.0,1.0,1018.4073770999998,1000.0,755.1679770999997,1000.0,0.8776481986463807,0.0
2336,1712476860000.0,0.0,0.0,1686.0,0.5301325029655991,0.0,0.0,0.3749,1.0,1.0,1018.4073770999998,1000.0,756.6853770999998,1000.0,0.8776481986463807,0.0
2337,1712480460000.0,0.0,0.0,1686.0,0.5301325029655991,0.0,0.0,0.3756,1.0,1.0,1018.4073770999998,1000.0,757.8655770999997,1000.0,0.8776481986463807,0.0
2338,1712484060000.0,0.0,0.0,1686.0,0.5301325029655991,0.0,0.0,0.3745,1.0,1.0,1018.4073770999998,1000.0,756.0109770999998,1000.0,0.8776481986463807,0.0
2339,1712487660000.0,0.0,0.0,1686.0,0.5301325029655991,0.0,0.0,0.3762,1.0,1.0,1018.4073770999998,1000.0,758.8771770999997,1000.0,0.8776481986463807,0.0
2340,1712491260000.0,0.0,0.0,1686.0,0.5301325029655991,0.0,0.0,0.3768,1.0,1.0,1018.4073770999998,1000.0,759.8887770999997,1000.0,0.8776481986463807,0.0
2341,1712494860000.0,0.0,0.0,1686.0,0.5301325029655991,0.0,0.0,0.3766,1.0,1.0,1018.4073770999998,1000.0,759.5515770999998,1000.0,0.8776481986463807,0.0
2342,1712498460000.0,0.0,0.0,1686.0,0.5301325029655991,0.0,0.0,0.3769,1.0,1.0,1018.4073770999998,1000.0,760.0573770999997,1000.0,0.8776481986463807,0.0
2343,1712502060000.0,0.0,0.0,1686.0,0.5301325029655991,0.0,0.0,0.3789,1.0,1.0,1018.4073770999998,1000.0,763.4293770999998,1000.0,0.8776481986463807,0.0
2344,1712505660000.0,0.0,0.0,1686.0,0.5301325029655991,0.0,0.0,0.3761,1.0,1.0,1018.4073770999998,1000.0,758.7085770999997,1000.0,0.8776481986463807,0.0
2345,1712509260000.0,0.0,0.0,1686.0,0.5301325029655991,0.0,0.0,0.3778,1.0,1.0,1018.4073770999998,1000.0,761.5747770999998,1000.0,0.8776481986463807,0.0
2346,1712512860000.0,0.0,0.0,1686.0,0.5301325029655991,0.0,0.0,0.3763,1.0,1.0,1018.4073770999998,1000.0,759.0457770999998,1000.0,0.8776481986463807,0.0
2347,1712516460000.0,0.0,0.0,1686.0,0.5301325029655991,0.0,0.0,0.3746,1.0,1.0,1018.4073770999998,1000.0,756.1795770999997,1000.0,0.8776481986463807,0.0
2348,1712520060000.0,0.0,0.0,1686.0,0.5301325029655991,0.0,0.0,0.3736,1.0,1.0,1018.4073770999998,1000.0,754.4935770999998,1000.0,0.8776481986463807,0.0
2349,1712523660000.0,0.0,0.0,1686.0,0.5301325029655991,0.0,0.0,0.375,1.0,1.0,1018.4073770999998,1000.0,756.8539770999998,1000.0,0.8776481986463807,0.0
2350,1712527260000.0,0.0,0.0,1686.0,0.5301325029655991,0.0,0.0,0.3732,1.0,1.0,1018.4073770999998,1000.0,753.8191770999997,1000.0,0.8776481986463807,0.0
2351,1712530860000.0,0.0,0.0,1686.0,0.5301325029655991,0.0,0.0,0.3753,1.0,1.0,1018.4073770999998,1000.0,757.3597770999997,1000.0,0.8776481986463807,0.0
2352,1712534460000.0,0.0,0.0,1686.0,0.5301325029655991,0.0,0.0,0.3769,1.0,1.0,1018.4073770999998,1000.0,760.0573770999997,1000.0,0.8776481986463807,0.0
2353,1712538060000.0,0.0,0.0,1686.0,0.5301325029655991,0.0,0.0,0.3771,1.0,1.0,1018.4073770999998,1000.0,760.3945770999998,1000.0,0.8776481986463807,0.0
2354,1712541660000.0,0.0,0.0,1686.0,0.5301325029655991,0.0,0.0,0.378,1.0,1.0,1018.4073770999998,1000.0,761.9119770999998,1000.0,0.8776481986463807,0.0
2355,1712545260000.0,0.0,0.0,1686.0,0.5301325029655991,0.0,0.0,0.3732,1.0,1.0,1018.4073770999998,1000.0,753.8191770999997,1000.0,0.8776481986463807,0.0
2356,1712548860000.0,0.0,0.0,1686.0,0.5301325029655991,0.0,0.0,0.3714,1.0,1.0,1018.4073770999998,1000.0,750.7843770999998,1000.0,0.8776481986463807,0.0
2357,1712552460000.0,0.0,0.0,1686.0,0.5301325029655991,0.0,0.0,0.3707,1.0,1.0,1018.4073770999998,1000.0,749.6041770999998,1000.0,0.8776481986463807,0.0
2358,1712556060000.0,0.0,0.0,1686.0,0.5301325029655991,0.0,0.0,0.374,1.0,1.0,1018.4073770999998,1000.0,755.1679770999997,1000.0,0.8776481986463807,0.0
2359,1712559660000.0,0.0,0.0,1686.0,0.5301325029655991,0.0,0.0,0.375,1.0,1.0,1018.4073770999998,1000.0,756.8539770999998,1000.0,0.8776481986463807,0.0
2360,1712563260000.0,0.0,0.0,1686.0,0.5301325029655991,0.0,0.0,0.3798,1.0,1.0,1018.4073770999998,1000.0,764.9467770999997,1000.0,0.8776481986463807,0.0
2361,1712566860000.0,0.0,0.0,1686.0,0.5301325029655991,0.0,0.0,0.3829,1.0,1.0,1018.4073770999998,1000.0,770.1733770999998,1000.0,0.8776481986463807,0.0
2362,1712570460000.0,0.0,0.0,1686.0,0.5301325029655991,0.0,0.0,0.3841,1.0,1.0,1018.4073770999998,1000.0,772.1965770999998,1000.0,0.8776481986463807,0.0
2363,1712574060000.0,0.0,0.0,1686.0,0.5301325029655991,0.0,0.0,0.3862,1.0,1.0,1018.4073770999998,1000.0,775.7371770999997,1000.0,0.8776481986463807,0.0
2364,1712577660000.0,0.0,0.0,1686.0,0.5301325029655991,0.0,0.0,0.3875,1.0,1.0,1018.4073770999998,1000.0,777.9289770999998,1000.0,0.8776481986463807,0.0
2365,1712581260000.0,0.0,0.0,1686.0,0.5301325029655991,0.0,0.0,0.385,1.0,1.0,1018.4073770999998,1000.0,773.7139770999997,1000.0,0.8776481986463807,0.0
2366,1712584860000.0,0.0,0.0,1686.0,0.5301325029655991,0.0,0.0,0.3901,1.0,1.0,1018.4073770999998,1000.0,782.3125770999998,1000.0,0.8776481986463807,0.0
2367,1712588460000.0,0.0,0.0,1686.0,0.5301325029655991,0.0,0.0,0.3893,1.0,1.0,1018.4073770999998,1000.0,780.9637770999998,1000.0,0.8776481986463807,0.0
2368,1712592060000.0,0.0,0.0,1686.0,0.5301325029655991,0.0,0.0,0.3899,1.0,1.0,1018.4073770999998,1000.0,781.9753770999998,1000.0,0.8776481986463807,0.0
2369,1712595660000.0,0.0,0.0,1686.0,0.5301325029655991,0.0,0.0,0.3921,1.0,1.0,1018.4073770999998,1000.0,785.6845770999997,1000.0,0.8776481986463807,0.0
2370,1712599260000.0,0.0,0.0,1686.0,0.5301325029655991,0.0,0.0,0.3922,1.0,1.0,1018.4073770999998,1000.0,785.8531770999998,1000.0,0.8776481986463807,0.0
2371,1712602860000.0,0.0,0.0,1686.0,0.5301325029655991,0.0,0.0,0.3899,1.0,1.0,1018.4073770999998,1000.0,781.9753770999998,1000.0,0.8776481986463807,0.0
2372,1712606460000.0,0.0,0.0,1686.0,0.5301325029655991,0.0,0.0,0.3898,1.0,1.0,1018.4073770999998,1000.0,781.8067770999997,1000.0,0.8776481986463807,0.0
2373,1712610060000.0,0.0,0.0,1686.0,0.5301325029655991,0.0,0.0,0.3891,1.0,1.0,1018.4073770999998,1000.0,780.6265770999997,1000.0,0.8776481986463807,0.0
2374,1712613660000.0,0.0,0.0,1686.0,0.5301325029655991,0.0,0.0,0.3899,1.0,1.0,1018.4073770999998,1000.0,781.9753770999998,1000.0,0.8776481986463807,0.0
2375,1712617260000.0,0.0,0.0,1686.0,0.5301325029655991,0.0,0.0,0.3905,1.0,1.0,1018.4073770999998,1000.0,782.9869770999998,1000.0,0.8776481986463807,0.0
2376,1712620860000.0,0.0,0.0,1686.0,0.5301325029655991,0.0,0.0,0.3908,1.0,1.0,1018.4073770999998,1000.0,783.4927770999998,1000.0,0.8776481986463807,0.0
2377,1712624460000.0,0.0,0.0,1686.0,0.5301325029655991,0.0,0.0,0.4005,1.0,1.0,1018.4073770999998,1000.0,799.8469770999998,1000.0,0.8776481986463807,0.0
2378,1712628060000.0,0.0,0.0,1686.0,0.5301325029655991,0.0,0.0,0.3989,1.0,1.0,1018.4073770999998,1000.0,797.1493770999997,1000.0,0.8776481986463807,0.0
2379,1712631660000.0,0.0,0.0,1686.0,0.5301325029655991,0.0,0.0,0.4011,1.0,1.0,1018.4073770999998,1000.0,800.8585770999998,1000.0,0.8776481986463807,0.0
2380,1712635260000.0,0.0,0.0,1686.0,0.5301325029655991,0.0,0.0,0.4014,1.0,1.0,1018.4073770999998,1000.0,801.3643770999997,1000.0,0.8776481986463807,0.0
2381,1712638860000.0,0.0,0.0,1686.0,0.5301325029655991,0.0,0.0,0.4008,1.0,1.0,1018.4073770999998,1000.0,800.3527770999997,1000.0,0.8776481986463807,0.0
2382,1712642460000.0,0.0,0.0,1686.0,0.5301325029655991,0.0,0.0,0.4,1.0,1.0,1018.4073770999998,1000.0,799.0039770999998,1000.0,0.8776481986463807,0.0
2383,1712646060000.0,0.0,0.0,1686.0,0.5301325029655991,0.0,0.0,0.3938,1.0,1.0,1018.4073770999998,1000.0,788.5507770999998,1000.0,0.8776481986463807,0.0
2384,1712649660000.0,0.0,0.0,1686.0,0.5301325029655991,0.0,0.0,0.3888,1.0,1.0,1018.4073770999998,1000.0,780.1207770999997,1000.0,0.8776481986463807,0.0
2385,1712653260000.0,0.0,0.0,1686.0,0.5301325029655991,0.0,0.0,0.3954,1.0,1.0,1018.4073770999998,1000.0,791.2483770999997,1000.0,0.8776481986463807,0.0
2386,1712656860000.0,0.0,0.0,1686.0,0.5301325029655991,0.0,0.0,0.395,1.0,1.0,1018.4073770999998,1000.0,790.5739770999998,1000.0,0.8776481986463807,0.0
2387,1712660460000.0,0.0,0.0,1686.0,0.5301325029655991,0.0,0.0,0.3968,1.0,1.0,1018.4073770999998,1000.0,793.6087770999998,1000.0,0.8776481986463807,0.0
2388,1712664060000.0,0.0,0.0,1686.0,0.5301325029655991,0.0,0.0,0.4025,1.0,1.0,1018.4073770999998,1000.0,803.2189770999998,1000.0,0.8776481986463807,0.0
2389,1712667660000.0,0.0,0.0,1686.0,0.5301325029655991,0.0,0.0,0.4018,1.0,1.0,1018.4073770999998,1000.0,802.0387770999997,1000.0,0.8776481986463807,0.0
2390,1712671260000.0,0.0,0.0,1686.0,0.5301325029655991,0.0,0.0,0.3969,1.0,1.0,1018.4073770999998,1000.0,793.7773770999997,1000.0,0.8776481986463807,0.0
2391,1712674860000.0,0.0,0.0,1686.0,0.5301325029655991,0.0,0.0,0.3963,1.0,1.0,1018.4073770999998,1000.0,792.7657770999997,1000.0,0.8776481986463807,0.0
2392,1712678460000.0,0.0,0.0,1686.0,0.5301325029655991,0.0,0.0,0.3977,1.0,1.0,1018.4073770999998,1000.0,795.1261770999997,1000.0,0.8776481986463807,0.0
2393,1712682060000.0,0.0,0.0,1686.0,0.5301325029655991,0.0,0.0,0.3969,1.0,1.0,1018.4073770999998,1000.0,793.7773770999997,1000.0,0.8776481986463807,0.0
2394,1712685660000.0,0.0,0.0,1686.0,0.5301325029655991,0.0,0.0,0.3959,1.0,1.0,1018.4073770999998,1000.0,792.0913770999997,1000.0,0.8776481986463807,0.0
2395,1712689260000.0,0.0,0.0,1686.0,0.5301325029655991,0.0,0.0,0.3945,1.0,1.0,1018.4073770999998,1000.0,789.7309770999998,1000.0,0.8776481986463807,0.0
2396,1712692860000.0,0.0,0.0,1686.0,0.5301325029655991,0.0,0.0,0.3964,1.0,1.0,1018.4073770999998,1000.0,792.9343770999997,1000.0,0.8776481986463807,0.0
2397,1712696460000.0,0.0,0.0,1686.0,0.5301325029655991,0.0,0.0,0.3968,1.0,1.0,1018.4073770999998,1000.0,793.6087770999998,1000.0,0.8776481986463807,0.0
2398,1712700060000.0,0.0,0.0,1686.0,0.5301325029655991,0.0,0.0,0.3971,1.0,1.0,1018.4073770999998,1000.0,794.1145770999998,1000.0,0.8776481986463807,0.0
2399,1712703660000.0,0.0,0.0,1686.0,0.5301325029655991,0.0,0.0,0.3974,1.0,1.0,1018.4073770999998,1000.0,794.6203770999997,1000.0,0.8776481986463807,0.0
2400,1712707260000.0,0.0,0.0,1686.0,0.5301325029655991,0.0,0.0,0.397,1.0,1.0,1018.4073770999998,1000.0,793.9459770999998,1000.0,0.8776481986463807,0.0
2401,1712710860000.0,0.0,0.0,1686.0,0.5301325029655991,0.0,0.0,0.3911,1.0,1.0,1018.4073770999998,1000.0,783.9985770999997,1000.0,0.8776481986463807,0.0
2402,1712714460000.0,0.0,0.0,1686.0,0.5301325029655991,0.0,0.0,0.3892,1.0,1.0,1018.4073770999998,1000.0,780.7951770999997,1000.0,0.8776481986463807,0.0
2403,1712718060000.0,0.0,0.0,1686.0,0.5301325029655991,0.0,0.0,0.3783,1.0,1.0,1018.4073770999998,1000.0,762.4177770999997,1000.0,0.8776481986463807,0.0
2404,1712721660000.0,0.0,0.0,1686.0,0.5301325029655991,0.0,0.0,0.3852,1.0,1.0,1018.4073770999998,1000.0,774.0511770999997,1000.0,0.8776481986463807,0.0
2405,1712725260000.0,0.0,0.0,1686.0,0.5301325029655991,0.0,0.0,0.3881,1.0,1.0,1018.4073770999998,1000.0,778.9405770999997,1000.0,0.8776481986463807,0.0
2406,1712728860000.0,0.0,0.0,1686.0,0.5301325029655991,0.0,0.0,0.3857,1.0,1.0,1018.4073770999998,1000.0,774.8941770999998,1000.0,0.8776481986463807,0.0
2407,1712732460000.0,0.0,0.0,1686.0,0.5301325029655991,0.0,0.0,0.3867,1.0,1.0,1018.4073770999998,1000.0,776.5801770999997,1000.0,0.8776481986463807,0.0
2408,1712736060000.0,0.0,0.0,1686.0,0.5301325029655991,0.0,0.0,0.3835,1.0,1.0,1018.4073770999998,1000.0,771.1849770999997,1000.0,0.8776481986463807,0.0
2409,1712739660000.0,0.0,0.0,1686.0,0.5301325029655991,0.0,0.0,0.3807,1.0,1.0,1018.4073770999998,1000.0,766.4641770999997,1000.0,0.8776481986463807,0.0
2410,1712743260000.0,0.0,0.0,1686.0,0.5301325029655991,0.0,0.0,0.3828,1.0,1.0,1018.4073770999998,1000.0,770.0047770999997,1000.0,0.8776481986463807,0.0
2411,1712746860000.0,0.0,0.0,1686.0,0.5301325029655991,0.0,0.0,0.3801,1.0,1.0,1018.4073770999998,1000.0,765.4525770999998,1000.0,0.8776481986463807,0.0
2412,1712750460000.0,0.0,0.0,1686.0,0.5301325029655991,0.0,0.0,0.3834,1.0,1.0,1018.4073770999998,1000.0,771.0163770999998,1000.0,0.8776481986463807,0.0
2413,1712754060000.0,0.0,0.0,1686.0,0.5301325029655991,0.0,0.0,0.3737,1.0,1.0,1018.4073770999998,1000.0,754.6621770999998,1000.0,0.8776481986463807,0.0
2414,1712757660000.0,0.0,0.0,1686.0,0.5301325029655991,0.0,0.0,0.3741,1.0,1.0,1018.4073770999998,1000.0,755.3365770999997,1000.0,0.8776481986463807,0.0
2415,1712761260000.0,0.0,0.0,1686.0,0.5301325029655991,0.0,0.0,0.3799,1.0,1.0,1018.4073770999998,1000.0,765.1153770999998,1000.0,0.8776481986463807,0.0
2416,1712764860000.0,0.0,0.0,1686.0,0.5301325029655991,0.0,0.0,0.3809,1.0,1.0,1018.4073770999998,1000.0,766.8013770999999,1000.0,0.8776481986463807,0.0
2417,1712768460000.0,0.0,0.0,1686.0,0.5301325029655991,0.0,0.0,0.3866,1.0,1.0,1018.4073770999998,1000.0,776.4115770999997,1000.0,0.8776481986463807,0.0
2418,1712772060000.0,0.0,0.0,1686.0,0.5301325029655991,0.0,0.0,0.3866,1.0,1.0,1018.4073770999998,1000.0,776.4115770999997,1000.0,0.8776481986463807,0.0
2419,1712775660000.0,0.0,0.0,1686.0,0.5301325029655991,0.0,0.0,0.3853,1.0,1.0,1018.4073770999998,1000.0,774.2197770999996,1000.0,0.8776481986463807,0.0
2420,1712779260000.0,0.0,0.0,1686.0,0.5301325029655991,0.0,0.0,0.3891,1.0,1.0,1018.4073770999998,1000.0,780.6265770999997,1000.0,0.8776481986463807,0.0
2421,1712782860000.0,0.0,0.0,1686.0,0.5301325029655991,0.0,0.0,0.3896,1.0,1.0,1018.4073770999998,1000.0,781.4695770999997,1000.0,0.8776481986463807,0.0
2422,1712786460000.0,0.0,0.0,1686.0,0.5301325029655991,0.0,0.0,0.3873,1.0,1.0,1018.4073770999998,1000.0,777.5917770999997,1000.0,0.8776481986463807,0.0
2423,1712790060000.0,0.0,0.0,1686.0,0.5301325029655991,0.0,0.0,0.3881,1.0,1.0,1018.4073770999998,1000.0,778.9405770999997,1000.0,0.8776481986463807,0.0
2424,1712793660000.0,0.0,0.0,1686.0,0.5301325029655991,0.0,0.0,0.3874,1.0,1.0,1018.4073770999998,1000.0,777.7603770999998,1000.0,0.8776481986463807,0.0
2425,1712797260000.0,0.0,0.0,1686.0,0.5301325029655991,0.0,0.0,0.391,1.0,1.0,1018.4073770999998,1000.0,783.8299770999997,1000.0,0.8776481986463807,0.0
2426,1712800860000.0,0.0,0.0,1686.0,0.5301325029655991,0.0,0.0,0.3843,1.0,1.0,1018.4073770999998,1000.0,772.5337770999997,1000.0,0.8776481986463807,0.0
2427,1712804460000.0,0.0,0.0,1686.0,0.5301325029655991,0.0,0.0,0.3839,1.0,1.0,1018.4073770999998,1000.0,771.8593770999998,1000.0,0.8776481986463807,0.0
2428,1712808060000.0,0.0,0.0,1686.0,0.5301325029655991,0.0,0.0,0.3861,1.0,1.0,1018.4073770999998,1000.0,775.5685770999997,1000.0,0.8776481986463807,0.0
2429,1712811660000.0,0.0,0.0,1686.0,0.5301325029655991,0.0,0.0,0.3863,1.0,1.0,1018.4073770999998,1000.0,775.9057770999997,1000.0,0.8776481986463807,0.0
2430,1712815260000.0,0.0,0.0,1686.0,0.5301325029655991,0.0,0.0,0.3885,1.0,1.0,1018.4073770999998,1000.0,779.6149770999998,1000.0,0.8776481986463807,0.0
2431,1712818860000.0,0.0,0.0,1686.0,0.5301325029655991,0.0,0.0,0.3934,1.0,1.0,1018.4073770999998,1000.0,787.8763770999998,1000.0,0.8776481986463807,0.0
2432,1712822460000.0,0.0,0.0,1686.0,0.5301325029655991,0.0,0.0,0.3914,1.0,1.0,1018.4073770999998,1000.0,784.5043770999998,1000.0,0.8776481986463807,0.0
2433,1712826060000.0,0.0,0.0,1686.0,0.5301325029655991,0.0,0.0,0.3919,1.0,1.0,1018.4073770999998,1000.0,785.3473770999998,1000.0,0.8776481986463807,0.0
2434,1712829660000.0,0.0,0.0,1686.0,0.5301325029655991,0.0,0.0,0.3898,1.0,1.0,1018.4073770999998,1000.0,781.8067770999997,1000.0,0.8776481986463807,0.0
2435,1712833260000.0,0.0,0.0,1686.0,0.5301325029655991,0.0,0.0,0.391,1.0,1.0,1018.4073770999998,1000.0,783.8299770999997,1000.0,0.8776481986463807,0.0
2436,1712836860000.0,0.0,0.0,1686.0,0.5301325029655991,0.0,0.0,0.3858,1.0,1.0,1018.4073770999998,1000.0,775.0627770999997,1000.0,0.8776481986463807,0.0
2437,1712840460000.0,0.0,0.0,1686.0,0.5301325029655991,0.0,0.0,0.3895,1.0,1.0,1018.4073770999998,1000.0,781.3009770999997,1000.0,0.8776481986463807,0.0
2438,1712844060000.0,0.0,0.0,1686.0,0.5301325029655991,0.0,0.0,0.3904,1.0,1.0,1018.4073770999998,1000.0,782.8183770999998,1000.0,0.8776481986463807,0.0
2439,1712847660000.0,0.0,0.0,1686.0,0.5301325029655991,0.0,0.0,0.394,1.0,1.0,1018.4073770999998,1000.0,788.8879770999997,1000.0,0.8776481986463807,0.0
2440,1712851260000.0,0.0,0.0,1686.0,0.5301325029655991,0.0,0.0,0.4019,1.0,1.0,1018.4073770999998,1000.0,802.2073770999997,1000.0,0.8776481986463807,0.0
2441,1712854860000.0,0.0,0.0,1686.0,0.5301325029655991,0.0,0.0,0.4054,1.0,1.0,1018.4073770999998,1000.0,808.1083770999998,1000.0,0.8776481986463807,0.0
2442,1712858460000.0,0.0,0.0,1686.0,0.5301325029655991,0.0,0.0,0.4089,1.0,1.0,1018.4073770999998,1000.0,814.0093770999997,1000.0,0.8776481986463807,0.0
2443,1712862060000.0,0.0,0.0,1686.0,0.5301325029655991,0.0,0.0,0.4179,1.0,1.0,1018.4073770999998,1000.0,829.1833770999997,1000.0,0.8776481986463807,0.0
2444,1712865660000.0,0.0,0.0,1686.0,0.5301325029655991,0.0,0.0,0.4191,1.0,1.0,1018.4073770999998,1000.0,831.2065770999998,1000.0,0.8776481986463807,0.0
2445,1712869260000.0,0.0,0.0,1686.0,0.5301325029655991,0.0,0.0,0.4073,1.0,1.0,1018.4073770999998,1000.0,811.3117770999997,1000.0,0.8776481986463807,0.0
2446,1712872860000.0,0.0,0.0,1686.0,0.5301325029655991,0.0,0.0,0.4103,1.0,1.0,1018.4073770999998,1000.0,816.3697770999997,1000.0,0.8776481986463807,0.0
2447,1712876460000.0,0.0,0.0,1686.0,0.5301325029655991,0.0,0.0,0.4086,1.0,1.0,1018.4073770999998,1000.0,813.5035770999998,1000.0,0.8776481986463807,0.0
2448,1712880060000.0,0.0,0.0,1686.0,0.5301325029655991,0.0,0.0,0.4034,1.0,1.0,1018.4073770999998,1000.0,804.7363770999997,1000.0,0.8776481986463807,0.0
2449,1712883660000.0,0.0,0.0,1686.0,0.5301325029655991,0.0,0.0,0.3956,1.0,1.0,1018.4073770999998,1000.0,791.5855770999998,1000.0,0.8776481986463807,0.0
2450,1712887260000.0,0.0,0.0,1686.0,0.5301325029655991,0.0,0.0,0.4022,1.0,1.0,1018.4073770999998,1000.0,802.7131770999997,1000.0,0.8776481986463807,0.0
2451,1712890860000.0,0.0,0.0,1686.0,0.5301325029655991,0.0,0.0,0.4033,1.0,1.0,1018.4073770999998,1000.0,804.5677770999997,1000.0,0.8776481986463807,0.0
2452,1712894460000.0,0.0,0.0,1686.0,0.5301325029655991,0.0,0.0,0.4028,1.0,1.0,1018.4073770999998,1000.0,803.7247770999998,1000.0,0.8776481986463807,0.0
2453,1712898060000.0,0.0,0.0,1686.0,0.5301325029655991,0.0,0.0,0.4009,1.0,1.0,1018.4073770999998,1000.0,800.5213770999997,1000.0,0.8776481986463807,0.0
2454,1712901660000.0,0.0,0.0,1686.0,0.5301325029655991,0.0,0.0,0.4013,1.0,1.0,1018.4073770999998,1000.0,801.1957770999998,1000.0,0.8776481986463807,0.0
2455,1712905260000.0,0.0,0.0,1686.0,0.5301325029655991,0.0,0.0,0.4001,1.0,1.0,1018.4073770999998,1000.0,799.1725770999998,1000.0,0.8776481986463807,0.0
2456,1712908860000.0,0.0,0.0,1686.0,0.5301325029655991,0.0,0.0,0.3984,1.0,1.0,1018.4073770999998,1000.0,796.3063770999997,1000.0,0.8776481986463807,0.0
2457,1712912460000.0,0.0,0.0,1686.0,0.5301325029655991,0.0,0.0,0.4031,1.0,1.0,1018.4073770999998,1000.0,804.2305770999998,1000.0,0.8776481986463807,0.0
2458,1712916060000.0,0.0,0.0,1686.0,0.5301325029655991,0.0,0.0,0.4013,1.0,1.0,1018.4073770999998,1000.0,801.1957770999998,1000.0,0.8776481986463807,0.0
2459,1712919660000.0,0.0,0.0,1686.0,0.5301325029655991,0.0,0.0,0.4015,1.0,1.0,1018.4073770999998,1000.0,801.5329770999998,1000.0,0.8776481986463807,0.0
2460,1712923260000.0,0.0,0.0,1686.0,0.5301325029655991,0.0,0.0,0.4037,1.0,1.0,1018.4073770999998,1000.0,805.2421770999997,1000.0,0.8776481986463807,0.0
2461,1712926860000.0,0.0,0.0,1686.0,0.5301325029655991,0.0,0.0,0.3957,1.0,1.0,1018.4073770999998,1000.0,791.7541770999998,1000.0,0.8776481986463807,0.0
2462,1712930460000.0,0.0,0.0,1686.0,0.5301325029655991,0.0,0.0,0.3929,1.0,1.0,1018.4073770999998,1000.0,787.0333770999998,1000.0,0.8776481986463807,0.0
2463,1712934060000.0,0.0,0.0,1686.0,0.5301325029655991,0.0,0.0,0.3867,1.0,1.0,1018.4073770999998,1000.0,776.5801770999997,1000.0,0.8776481986463807,0.0
2464,1712937660000.0,0.0,0.0,1686.0,0.5301325029655991,0.0,0.0,0.3873,1.0,1.0,1018.4073770999998,1000.0,777.5917770999997,1000.0,0.8776481986463807,0.0
2465,1712941260000.0,0.0,0.0,1686.0,0.5301325029655991,0.0,0.0,0.3821,1.0,1.0,1018.4073770999998,1000.0,768.8245770999997,1000.0,0.8776481986463807,0.0
2466,1712944860000.0,0.0,0.0,1686.0,0.5301325029655991,0.0,0.0,0.3605,1.0,1.0,1018.4073770999998,1000.0,732.4069770999997,1000.0,0.8776481986463807,0.0
2467,1712948460000.0,0.0,0.0,1686.0,0.5301325029655991,0.0,0.0,0.327,1.0,1.0,1018.4073770999998,1000.0,675.9259770999997,1000.0,0.8776481986463807,0.0
2468,1712952060000.0,0.0,0.0,1686.0,0.5301325029655991,0.0,0.0,0.3322,1.0,1.0,1018.4073770999998,1000.0,684.6931770999997,1000.0,0.8776481986463807,0.0
2469,1712955660000.0,0.0,0.0,1686.0,0.5301325029655991,0.0,0.0,0.3389,1.0,1.0,1018.4073770999998,1000.0,695.9893770999997,1000.0,0.8776481986463807,0.0
2470,1712959260000.0,0.0,0.0,1686.0,0.5301325029655991,0.0,0.0,0.336,1.0,1.0,1018.4073770999998,1000.0,691.0999770999998,1000.0,0.8776481986463807,0.0
2471,1712962860000.0,0.0,0.0,1686.0,0.5301325029655991,0.0,0.0,0.3362,1.0,1.0,1018.4073770999998,1000.0,691.4371770999998,1000.0,0.8776481986463807,0.0
2472,1712966460000.0,0.0,0.0,1686.0,0.5301325029655991,0.0,0.0,0.3385,1.0,1.0,1018.4073770999998,1000.0,695.3149770999999,1000.0,0.8776481986463807,0.0
2473,1712970060000.0,0.0,0.0,1686.0,0.5301325029655991,0.0,0.0,0.3304,1.0,1.0,1018.4073770999998,1000.0,681.6583770999998,1000.0,0.8776481986463807,0.0
2474,1712973660000.0,0.0,0.0,1686.0,0.5301325029655991,0.0,0.0,0.3196,1.0,1.0,1018.4073770999998,1000.0,663.4495770999997,1000.0,0.8776481986463807,0.0
2475,1712977260000.0,0.0,0.0,1686.0,0.5301325029655991,0.0,0.0,0.3241,1.0,1.0,1018.4073770999998,1000.0,671.0365770999997,1000.0,0.8776481986463807,0.0
2476,1712980860000.0,0.0,0.0,1686.0,0.5301325029655991,0.0,0.0,0.3307,1.0,1.0,1018.4073770999998,1000.0,682.1641770999997,1000.0,0.8776481986463807,0.0
2477,1712984460000.0,0.0,0.0,1686.0,0.5301325029655991,0.0,0.0,0.3354,1.0,1.0,1018.4073770999998,1000.0,690.0883770999997,1000.0,0.8776481986463807,0.0
2478,1712988060000.0,0.0,0.0,1686.0,0.5301325029655991,0.0,0.0,0.3335,1.0,1.0,1018.4073770999998,1000.0,686.8849770999998,1000.0,0.8776481986463807,0.0
2479,1712991660000.0,0.0,0.0,1686.0,0.5301325029655991,0.0,0.0,0.3361,1.0,1.0,1018.4073770999998,1000.0,691.2685770999998,1000.0,0.8776481986463807,0.0
2480,1712995260000.0,0.0,0.0,1686.0,0.5301325029655991,0.0,0.0,0.3313,1.0,1.0,1018.4073770999998,1000.0,683.1757770999998,1000.0,0.8776481986463807,0.0
2481,1712998860000.0,0.0,0.0,1686.0,0.5301325029655991,0.0,0.0,0.3274,1.0,1.0,1018.4073770999998,1000.0,676.6003770999998,1000.0,0.8776481986463807,0.0
2482,1713002460000.0,0.0,0.0,1686.0,0.5301325029655991,0.0,0.0,0.3301,1.0,1.0,1018.4073770999998,1000.0,681.1525770999997,1000.0,0.8776481986463807,0.0
2483,1713006060000.0,0.0,0.0,1686.0,0.5301325029655991,0.0,0.0,0.3318,1.0,1.0,1018.4073770999998,1000.0,684.0187770999997,1000.0,0.8776481986463807,0.0
2484,1713009660000.0,0.0,0.0,1686.0,0.5301325029655991,0.0,0.0,0.3312,1.0,1.0,1018.4073770999998,1000.0,683.0071770999998,1000.0,0.8776481986463807,0.0
2485,1713013260000.0,0.0,0.0,1686.0,0.5301325029655991,0.0,0.0,0.3316,1.0,1.0,1018.4073770999998,1000.0,683.6815770999997,1000.0,0.8776481986463807,0.0
2486,1713016860000.0,0.0,0.0,1686.0,0.5301325029655991,0.0,0.0,0.3298,1.0,1.0,1018.4073770999998,1000.0,680.6467770999998,1000.0,0.8776481986463807,0.0
2487,1713020460000.0,0.0,0.0,1686.0,0.5301325029655991,0.0,0.0,0.3272,1.0,1.0,1018.4073770999998,1000.0,676.2631770999997,1000.0,0.8776481986463807,0.0
2488,1713024060000.0,0.0,0.0,1686.0,0.5301325029655991,0.0,0.0,0.327,1.0,1.0,1018.4073770999998,1000.0,675.9259770999997,1000.0,0.8776481986463807,0.0
2489,1713027660000.0,0.0,0.0,1686.0,0.5301325029655991,0.0,0.0,0.3149,1.0,1.0,1018.4073770999998,1000.0,655.5253770999998,1000.0,0.8776481986463807,0.0
2490,1713031260000.0,0.0,0.0,1686.0,0.5301325029655991,0.0,0.0,0.3052,1.0,1.0,1018.4073770999998,1000.0,639.1711770999998,1000.0,0.8776481986463807,0.0
2491,1713034860000.0,0.0,0.0,1686.0,0.5301325029655991,0.0,0.0,0.3132,1.0,1.0,1018.4073770999998,1000.0,652.6591770999997,1000.0,0.8776481986463807,0.0
2492,1713038460000.0,0.0,0.0,1686.0,0.5301325029655991,0.0,0.0,0.2864,1.0,1.0,1018.4073770999998,1000.0,607.4743770999997,1000.0,0.8776481986463807,0.0
2493,1713042060000.0,0.0,0.0,1686.0,0.5301325029655991,0.0,0.0,0.2676,1.0,1.0,1018.4073770999998,1000.0,575.7775770999997,1000.0,0.8776481986463807,0.0
2494,1713045660000.0,0.0,0.0,1686.0,0.5301325029655991,0.0,0.0,0.2703,1.0,1.0,1018.4073770999998,1000.0,580.3297770999998,1000.0,0.8776481986463807,0.0
2495,1713049260000.0,0.0,0.0,1686.0,0.5301325029655991,0.0,0.0,0.284,1.0,1.0,1018.4073770999998,1000.0,603.4279770999997,1000.0,0.8776481986463807,0.0
2496,1713052860000.0,0.0,0.0,1686.0,0.5301325029655991,0.0,0.0,0.2855,1.0,1.0,1018.4073770999998,1000.0,605.9569770999997,1000.0,0.8776481986463807,0.0
2497,1713056460000.0,0.0,0.0,1686.0,0.5301325029655991,0.0,0.0,0.278,1.0,1.0,1018.4073770999998,1000.0,593.3119770999998,1000.0,0.8776481986463807,0.0
2498,1713060060000.0,0.0,0.0,1686.0,0.5301325029655991,0.0,0.0,0.2844,1.0,1.0,1018.4073770999998,1000.0,604.1023770999998,1000.0,0.8776481986463807,0.0
2499,1713063660000.0,0.0,0.0,1686.0,0.5301325029655991,0.0,0.0,0.2792,1.0,1.0,1018.4073770999998,1000.0,595.3351770999998,1000.0,0.8776481986463807,0.0
2500,1713067260000.0,0.0,0.0,1686.0,0.5301325029655991,0.0,0.0,0.2812,1.0,1.0,1018.4073770999998,1000.0,598.7071770999997,1000.0,0.8776481986463807,0.0
2501,1713070860000.0,0.0,0.0,1686.0,0.5301325029655991,0.0,0.0,0.2901,1.0,1.0,1018.4073770999998,1000.0,613.7125770999999,1000.0,0.8776481986463807,0.0
2502,1713074460000.0,0.0,0.0,1686.0,0.5301325029655991,0.0,0.0,0.295,1.0,1.0,1018.4073770999998,1000.0,621.9739770999997,1000.0,0.8776481986463807,0.0
2503,1713078060000.0,0.0,0.0,1686.0,0.5301325029655991,0.0,0.0,0.2998,1.0,1.0,1018.4073770999998,1000.0,630.0667770999999,1000.0,0.8776481986463807,0.0
2504,1713081660000.0,0.0,0.0,1686.0,0.5301325029655991,0.0,0.0,0.2989,1.0,1.0,1018.4073770999998,1000.0,628.5493770999997,1000.0,0.8776481986463807,0.0
2505,1713085260000.0,0.0,0.0,1686.0,0.5301325029655991,0.0,0.0,0.3006,1.0,1.0,1018.4073770999998,1000.0,631.4155770999997,1000.0,0.8776481986463807,0.0
2506,1713088860000.0,0.0,0.0,1686.0,0.5301325029655991,0.0,0.0,0.2974,1.0,1.0,1018.4073770999998,1000.0,626.0203770999997,1000.0,0.8776481986463807,0.0
2507,1713092460000.0,0.0,0.0,1686.0,0.5301325029655991,0.0,0.0,0.2985,1.0,1.0,1018.4073770999998,1000.0,627.8749770999998,1000.0,0.8776481986463807,0.0
2508,1713096060000.0,0.0,0.0,1686.0,0.5301325029655991,0.0,0.0,0.2913,1.0,1.0,1018.4073770999998,1000.0,615.7357770999997,1000.0,0.8776481986463807,0.0
2509,1713099660000.0,0.0,0.0,1686.0,0.5301325029655991,0.0,0.0,0.2937,1.0,1.0,1018.4073770999998,1000.0,619.7821770999998,1000.0,0.8776481986463807,0.0
2510,1713103260000.0,0.0,0.0,1686.0,0.5301325029655991,0.0,0.0,0.2886,1.0,1.0,1018.4073770999998,1000.0,611.1835770999999,1000.0,0.8776481986463807,0.0
2511,1713106860000.0,0.0,0.0,1686.0,0.5301325029655991,0.0,0.0,0.2916,1.0,1.0,1018.4073770999998,1000.0,616.2415770999999,1000.0,0.8776481986463807,0.0
2512,1713110460000.0,0.0,0.0,1686.0,0.5301325029655991,0.0,0.0,0.2917,1.0,1.0,1018.4073770999998,1000.0,616.4101770999998,1000.0,0.8776481986463807,0.0
2513,1713114060000.0,0.0,0.0,1686.0,0.5301325029655991,0.0,0.0,0.2948,1.0,1.0,1018.4073770999998,1000.0,621.6367770999998,1000.0,0.8776481986463807,0.0
2514,1713117660000.0,0.0,0.0,1686.0,0.5301325029655991,0.0,0.0,0.29,1.0,1.0,1018.4073770999998,1000.0,613.5439770999997,1000.0,0.8776481986463807,0.0
2515,1713121260000.0,0.0,0.0,1686.0,0.5301325029655991,0.0,0.0,0.2961,1.0,1.0,1018.4073770999998,1000.0,623.8285770999997,1000.0,0.8776481986463807,0.0
2516,1713124860000.0,0.0,0.0,1686.0,0.5301325029655991,0.0,0.0,0.2938,1.0,1.0,1018.4073770999998,1000.0,619.9507770999998,1000.0,0.8776481986463807,0.0
2517,1713128460000.0,0.0,0.0,1686.0,0.5301325029655991,0.0,0.0,0.2895,1.0,1.0,1018.4073770999998,1000.0,612.7009770999997,1000.0,0.8776481986463807,0.0
2518,1713132060000.0,0.0,0.0,1686.0,0.5301325029655991,0.0,0.0,0.2933,1.0,1.0,1018.4073770999998,1000.0,619.1077770999998,1000.0,0.8776481986463807,0.0
2519,1713135660000.0,0.0,0.0,1686.0,0.5301325029655991,0.0,0.0,0.3057,1.0,1.0,1018.4073770999998,1000.0,640.0141770999999,1000.0,0.8776481986463807,0.0
2520,1713139260000.0,0.0,0.0,1686.0,0.5301325029655991,0.0,0.0,0.3033,1.0,1.0,1018.4073770999998,1000.0,635.9677770999998,1000.0,0.8776481986463807,0.0
2521,1713142860000.0,0.0,0.0,1686.0,0.5301325029655991,0.0,0.0,0.3002,1.0,1.0,1018.4073770999998,1000.0,630.7411770999997,1000.0,0.8776481986463807,0.0
2522,1713146460000.0,0.0,0.0,1686.0,0.5301325029655991,0.0,0.0,0.3017,1.0,1.0,1018.4073770999998,1000.0,633.2701770999997,1000.0,0.8776481986463807,0.0
2523,1713150060000.0,0.0,0.0,1686.0,0.5301325029655991,0.0,0.0,0.2964,1.0,1.0,1018.4073770999998,1000.0,624.3343770999998,1000.0,0.8776481986463807,0.0
2524,1713153660000.0,0.0,0.0,1686.0,0.5301325029655991,0.0,0.0,0.3018,1.0,1.0,1018.4073770999998,1000.0,633.4387770999997,1000.0,0.8776481986463807,0.0
2525,1713157260000.0,0.0,0.0,1686.0,0.5301325029655991,0.0,0.0,0.3106,1.0,1.0,1018.4073770999998,1000.0,648.2755770999997,1000.0,0.8776481986463807,0.0
2526,1713160860000.0,0.0,0.0,1686.0,0.5301325029655991,0.0,0.0,0.3136,1.0,1.0,1018.4073770999998,1000.0,653.3335770999997,1000.0,0.8776481986463807,0.0
2527,1713164460000.0,0.0,0.0,1686.0,0.5301325029655991,0.0,0.0,0.3233,1.0,1.0,1018.4073770999998,1000.0,669.6877770999997,1000.0,0.8776481986463807,0.0
2528,1713168060000.0,0.0,0.0,1686.0,0.5301325029655991,0.0,0.0,0.3219,1.0,1.0,1018.4073770999998,1000.0,667.3273770999998,1000.0,0.8776481986463807,0.0
2529,1713171660000.0,0.0,0.0,1686.0,0.5301325029655991,0.0,0.0,0.3166,1.0,1.0,1018.4073770999998,1000.0,658.3915770999997,1000.0,0.8776481986463807,0.0
2530,1713175260000.0,0.0,0.0,1686.0,0.5301325029655991,0.0,0.0,0.3184,1.0,1.0,1018.4073770999998,1000.0,661.4263770999999,1000.0,0.8776481986463807,0.0
2531,1713178860000.0,0.0,0.0,1686.0,0.5301325029655991,0.0,0.0,0.3227,1.0,1.0,1018.4073770999998,1000.0,668.6761770999997,1000.0,0.8776481986463807,0.0
2532,1713182460000.0,0.0,0.0,1686.0,0.5301325029655991,0.0,0.0,0.3178,1.0,1.0,1018.4073770999998,1000.0,660.4147770999998,1000.0,0.8776481986463807,0.0
2533,1713186060000.0,0.0,0.0,1686.0,0.5301325029655991,0.0,0.0,0.318,1.0,1.0,1018.4073770999998,1000.0,660.7519770999997,1000.0,0.8776481986463807,0.0
2534,1713189660000.0,0.0,0.0,1686.0,0.5301325029655991,0.0,0.0,0.3136,1.0,1.0,1018.4073770999998,1000.0,653.3335770999997,1000.0,0.8776481986463807,0.0
2535,1713193260000.0,0.0,0.0,1686.0,0.5301325029655991,0.0,0.0,0.3004,1.0,1.0,1018.4073770999998,1000.0,631.0783770999998,1000.0,0.8776481986463807,0.0
2536,1713196860000.0,0.0,0.0,1686.0,0.5301325029655991,0.0,0.0,0.3049,1.0,1.0,1018.4073770999998,1000.0,638.6653770999998,1000.0,0.8776481986463807,0.0
2537,1713200460000.0,0.0,0.0,1686.0,0.5301325029655991,0.0,0.0,0.2972,1.0,1.0,1018.4073770999998,1000.0,625.6831770999997,1000.0,0.8776481986463807,0.0
2538,1713204060000.0,0.0,0.0,1686.0,0.5301325029655991,0.0,0.0,0.2919,1.0,1.0,1018.4073770999998,1000.0,616.7473770999998,1000.0,0.8776481986463807,0.0
2539,1713207660000.0,0.0,0.0,1686.0,0.5301325029655991,0.0,0.0,0.2806,1.0,1.0,1018.4073770999998,1000.0,597.6955770999998,1000.0,0.8776481986463807,0.0
2540,1713211260000.0,0.0,0.0,1686.0,0.5301325029655991,0.0,0.0,0.293,1.0,1.0,1018.4073770999998,1000.0,618.6019770999997,1000.0,0.8776481986463807,0.0
2541,1713214860000.0,0.0,0.0,1686.0,0.5301325029655991,0.0,0.0,0.2863,1.0,1.0,1018.4073770999998,1000.0,607.3057770999998,1000.0,0.8776481986463807,0.0
2542,1713218460000.0,0.0,0.0,1686.0,0.5301325029655991,0.0,0.0,0.2899,1.0,1.0,1018.4073770999998,1000.0,613.3753770999997,1000.0,0.8776481986463807,0.0
2543,1713222060000.0,0.0,0.0,1686.0,0.5301325029655991,0.0,0.0,0.2927,1.0,1.0,1018.4073770999998,1000.0,618.0961770999997,1000.0,0.8776481986463807,0.0
2544,1713225660000.0,0.0,0.0,1686.0,0.5301325029655991,0.0,0.0,0.2911,1.0,1.0,1018.4073770999998,1000.0,615.3985770999998,1000.0,0.8776481986463807,0.0
2545,1713229260000.0,0.0,0.0,1686.0,0.5301325029655991,0.0,0.0,0.2872,1.0,1.0,1018.4073770999998,1000.0,608.8231770999998,1000.0,0.8776481986463807,0.0
2546,1713232860000.0,0.0,0.0,1686.0,0.5301325029655991,0.0,0.0,0.2893,1.0,1.0,1018.4073770999998,1000.0,612.3637770999998,1000.0,0.8776481986463807,0.0
2547,1713236460000.0,0.0,0.0,1686.0,0.5301325029655991,0.0,0.0,0.2916,1.0,1.0,1018.4073770999998,1000.0,616.2415770999999,1000.0,0.8776481986463807,0.0
2548,1713240060000.0,0.0,0.0,1686.0,0.5301325029655991,0.0,0.0,0.2858,1.0,1.0,1018.4073770999998,1000.0,606.4627770999998,1000.0,0.8776481986463807,0.0
2549,1713243660000.0,0.0,0.0,1686.0,0.5301325029655991,0.0,0.0,0.2813,1.0,1.0,1018.4073770999998,1000.0,598.8757770999998,1000.0,0.8776481986463807,0.0
2550,1713247260000.0,0.0,0.0,1686.0,0.5301325029655991,0.0,0.0,0.2852,1.0,1.0,1018.4073770999998,1000.0,605.4511770999998,1000.0,0.8776481986463807,0.0
2551,1713250860000.0,0.0,0.0,1686.0,0.5301325029655991,0.0,0.0,0.2905,1.0,1.0,1018.4073770999998,1000.0,614.3869770999997,1000.0,0.8776481986463807,0.0
2552,1713254460000.0,0.0,0.0,1686.0,0.5301325029655991,0.0,0.0,0.2957,1.0,1.0,1018.4073770999998,1000.0,623.1541770999997,1000.0,0.8776481986463807,0.0
2553,1713258060000.0,0.0,0.0,1686.0,0.5301325029655991,0.0,0.0,0.2955,1.0,1.0,1018.4073770999998,1000.0,622.8169770999998,1000.0,0.8776481986463807,0.0
2554,1713261660000.0,0.0,0.0,1686.0,0.5301325029655991,0.0,0.0,0.2935,1.0,1.0,1018.4073770999998,1000.0,619.4449770999997,1000.0,0.8776481986463807,0.0
2555,1713265260000.0,0.0,0.0,1686.0,0.5301325029655991,0.0,0.0,0.2908,1.0,1.0,1018.4073770999998,1000.0,614.8927770999998,1000.0,0.8776481986463807,0.0
2556,1713268860000.0,0.0,0.0,1686.0,0.5301325029655991,0.0,0.0,0.294,1.0,1.0,1018.4073770999998,1000.0,620.2879770999998,1000.0,0.8776481986463807,0.0
2557,1713272460000.0,0.0,0.0,1686.0,0.5301325029655991,0.0,0.0,0.2879,1.0,1.0,1018.4073770999998,1000.0,610.0033770999997,1000.0,0.8776481986463807,0.0
2558,1713276060000.0,0.0,0.0,1686.0,0.5301325029655991,0.0,0.0,0.2861,1.0,1.0,1018.4073770999998,1000.0,606.9685770999997,1000.0,0.8776481986463807,0.0
2559,1713279660000.0,0.0,0.0,1686.0,0.5301325029655991,0.0,0.0,0.2814,1.0,1.0,1018.4073770999998,1000.0,599.0443770999998,1000.0,0.8776481986463807,0.0
2560,1713283260000.0,0.0,0.0,1686.0,0.5301325029655991,0.0,0.0,0.2794,1.0,1.0,1018.4073770999998,1000.0,595.6723770999997,1000.0,0.8776481986463807,0.0
2561,1713286860000.0,0.0,0.0,1686.0,0.5301325029655991,0.0,0.0,0.288,1.0,1.0,1018.4073770999998,1000.0,610.1719770999997,1000.0,0.8776481986463807,0.0
2562,1713290460000.0,0.0,0.0,1686.0,0.5301325029655991,0.0,0.0,0.2887,1.0,1.0,1018.4073770999998,1000.0,611.3521770999998,1000.0,0.8776481986463807,0.0
2563,1713294060000.0,0.0,0.0,1686.0,0.5301325029655991,0.0,0.0,0.292,1.0,1.0,1018.4073770999998,1000.0,616.9159770999997,1000.0,0.8776481986463807,0.0
2564,1713297660000.0,0.0,0.0,1686.0,0.5301325029655991,0.0,0.0,0.2885,1.0,1.0,1018.4073770999998,1000.0,611.0149770999997,1000.0,0.8776481986463807,0.0
2565,1713301260000.0,0.0,0.0,1686.0,0.5301325029655991,0.0,0.0,0.2911,1.0,1.0,1018.4073770999998,1000.0,615.3985770999998,1000.0,0.8776481986463807,0.0
2566,1713304860000.0,0.0,0.0,1686.0,0.5301325029655991,0.0,0.0,0.2944,1.0,1.0,1018.4073770999998,1000.0,620.9623770999997,1000.0,0.8776481986463807,0.0
2567,1713308460000.0,0.0,0.0,1686.0,0.5301325029655991,0.0,0.0,0.2948,1.0,1.0,1018.4073770999998,1000.0,621.6367770999998,1000.0,0.8776481986463807,0.0
2568,1713312060000.0,0.0,0.0,1686.0,0.5301325029655991,0.0,0.0,0.2914,1.0,1.0,1018.4073770999998,1000.0,615.9043770999997,1000.0,0.8776481986463807,0.0
2569,1713315660000.0,0.0,0.0,1686.0,0.5301325029655991,0.0,0.0,0.2913,1.0,1.0,1018.4073770999998,1000.0,615.7357770999997,1000.0,0.8776481986463807,0.0
2570,1713319260000.0,0.0,0.0,1686.0,0.5301325029655991,0.0,0.0,0.2911,1.0,1.0,1018.4073770999998,1000.0,615.3985770999998,1000.0,0.8776481986463807,0.0
2571,1713322860000.0,0.0,0.0,1686.0,0.5301325029655991,0.0,0.0,0.2894,1.0,1.0,1018.4073770999998,1000.0,612.5323770999997,1000.0,0.8776481986463807,0.0
2572,1713326460000.0,0.0,0.0,1686.0,0.5301325029655991,0.0,0.0,0.2903,1.0,1.0,1018.4073770999998,1000.0,614.0497770999998,1000.0,0.8776481986463807,0.0
2573,1713330060000.0,0.0,0.0,1686.0,0.5301325029655991,0.0,0.0,0.2941,1.0,1.0,1018.4073770999998,1000.0,620.4565770999998,1000.0,0.8776481986463807,0.0
2574,1713333660000.0,0.0,0.0,1686.0,0.5301325029655991,0.0,0.0,0.2891,1.0,1.0,1018.4073770999998,1000.0,612.0265770999997,1000.0,0.8776481986463807,0.0
2575,1713337260000.0,0.0,0.0,1686.0,0.5301325029655991,0.0,0.0,0.2906,1.0,1.0,1018.4073770999998,1000.0,614.5555770999998,1000.0,0.8776481986463807,0.0
2576,1713340860000.0,0.0,0.0,1686.0,0.5301325029655991,0.0,0.0,0.291,1.0,1.0,1018.4073770999998,1000.0,615.2299770999997,1000.0,0.8776481986463807,0.0
2577,1713344460000.0,0.0,0.0,1686.0,0.5301325029655991,0.0,0.0,0.2891,1.0,1.0,1018.4073770999998,1000.0,612.0265770999997,1000.0,0.8776481986463807,0.0
2578,1713348060000.0,0.0,0.0,1686.0,0.5301325029655991,0.0,0.0,0.2895,1.0,1.0,1018.4073770999998,1000.0,612.7009770999997,1000.0,0.8776481986463807,0.0
2579,1713351660000.0,0.0,0.0,1686.0,0.5301325029655991,0.0,0.0,0.2842,1.0,1.0,1018.4073770999998,1000.0,603.7651770999998,1000.0,0.8776481986463807,0.0
2580,1713355260000.0,0.0,0.0,1686.0,0.5301325029655991,0.0,0.0,0.2812,1.0,1.0,1018.4073770999998,1000.0,598.7071770999997,1000.0,0.8776481986463807,0.0
2581,1713358860000.0,0.0,0.0,1686.0,0.5301325029655991,0.0,0.0,0.281,1.0,1.0,1018.4073770999998,1000.0,598.3699770999998,1000.0,0.8776481986463807,0.0
2582,1713362460000.0,0.0,0.0,1686.0,0.5301325029655991,0.0,0.0,0.2822,1.0,1.0,1018.4073770999998,1000.0,600.3931770999998,1000.0,0.8776481986463807,0.0
2583,1713366060000.0,0.0,0.0,1686.0,0.5301325029655991,0.0,0.0,0.2797,1.0,1.0,1018.4073770999998,1000.0,596.1781770999997,1000.0,0.8776481986463807,0.0
2584,1713369660000.0,0.0,0.0,1686.0,0.5301325029655991,0.0,0.0,0.2762,1.0,1.0,1018.4073770999998,1000.0,590.2771770999998,1000.0,0.8776481986463807,0.0
2585,1713373260000.0,0.0,0.0,1686.0,0.5301325029655991,0.0,0.0,0.2767,1.0,1.0,1018.4073770999998,1000.0,591.1201770999998,1000.0,0.8776481986463807,0.0
2586,1713376860000.0,0.0,0.0,1686.0,0.5301325029655991,0.0,0.0,0.2825,1.0,1.0,1018.4073770999998,1000.0,600.8989770999997,1000.0,0.8776481986463807,0.0
2587,1713380460000.0,0.0,0.0,1686.0,0.5301325029655991,0.0,0.0,0.2871,1.0,1.0,1018.4073770999998,1000.0,608.6545770999999,1000.0,0.8776481986463807,0.0
2588,1713384060000.0,0.0,0.0,1686.0,0.5301325029655991,0.0,0.0,0.2867,1.0,1.0,1018.4073770999998,1000.0,607.9801770999998,1000.0,0.8776481986463807,0.0
2589,1713387660000.0,0.0,0.0,1686.0,0.5301325029655991,0.0,0.0,0.2824,1.0,1.0,1018.4073770999998,1000.0,600.7303770999997,1000.0,0.8776481986463807,0.0
2590,1713391260000.0,0.0,0.0,1686.0,0.5301325029655991,0.0,0.0,0.2841,1.0,1.0,1018.4073770999998,1000.0,603.5965770999998,1000.0,0.8776481986463807,0.0
2591,1713394860000.0,0.0,0.0,1686.0,0.5301325029655991,0.0,0.0,0.2829,1.0,1.0,1018.4073770999998,1000.0,601.5733770999998,1000.0,0.8776481986463807,0.0
2592,1713398460000.0,0.0,0.0,1686.0,0.5301325029655991,0.0,0.0,0.2783,1.0,1.0,1018.4073770999998,1000.0,593.8177770999997,1000.0,0.8776481986463807,0.0
2593,1713402060000.0,0.0,0.0,1686.0,0.5301325029655991,0.0,0.0,0.2797,1.0,1.0,1018.4073770999998,1000.0,596.1781770999997,1000.0,0.8776481986463807,0.0
2594,1713405660000.0,0.0,0.0,1686.0,0.5301325029655991,0.0,0.0,0.2827,1.0,1.0,1018.4073770999998,1000.0,601.2361770999998,1000.0,0.8776481986463807,0.0
2595,1713409260000.0,0.0,0.0,1686.0,0.5301325029655991,0.0,0.0,0.2839,1.0,1.0,1018.4073770999998,1000.0,603.2593770999997,1000.0,0.8776481986463807,0.0
2596,1713412860000.0,0.0,0.0,1686.0,0.5301325029655991,0.0,0.0,0.2842,1.0,1.0,1018.4073770999998,1000.0,603.7651770999998,1000.0,0.8776481986463807,0.0
2597,1713416460000.0,0.0,0.0,1686.0,0.5301325029655991,0.0,0.0,0.2826,1.0,1.0,1018.4073770999998,1000.0,601.0675770999998,1000.0,0.8776481986463807,0.0
2598,1713420060000.0,0.0,0.0,1686.0,0.5301325029655991,0.0,0.0,0.2817,1.0,1.0,1018.4073770999998,1000.0,599.5501770999997,1000.0,0.8776481986463807,0.0
2599,1713423660000.0,0.0,0.0,1686.0,0.5301325029655991,0.0,0.0,0.2753,1.0,1.0,1018.4073770999998,1000.0,588.7597770999997,1000.0,0.8776481986463807,0.0
2600,1713427260000.0,0.0,0.0,1686.0,0.5301325029655991,0.0,0.0,0.2744,1.0,1.0,1018.4073770999998,1000.0,587.2423770999997,1000.0,0.8776481986463807,0.0
2601,1713430860000.0,0.0,0.0,1686.0,0.5301325029655991,0.0,0.0,0.2787,1.0,1.0,1018.4073770999998,1000.0,594.4921770999997,1000.0,0.8776481986463807,0.0
2602,1713434460000.0,0.0,0.0,1686.0,0.5301325029655991,0.0,0.0,0.2793,1.0,1.0,1018.4073770999998,1000.0,595.5037770999998,1000.0,0.8776481986463807,0.0
2603,1713438060000.0,0.0,0.0,1686.0,0.5301325029655991,0.0,0.0,0.2806,1.0,1.0,1018.4073770999998,1000.0,597.6955770999998,1000.0,0.8776481986463807,0.0
2604,1713441660000.0,0.0,0.0,1686.0,0.5301325029655991,0.0,0.0,0.2855,1.0,1.0,1018.4073770999998,1000.0,605.9569770999997,1000.0,0.8776481986463807,0.0
2605,1713445260000.0,0.0,0.0,1686.0,0.5301325029655991,0.0,0.0,0.2812,1.0,1.0,1018.4073770999998,1000.0,598.7071770999997,1000.0,0.8776481986463807,0.0
2606,1713448860000.0,0.0,0.0,1686.0,0.5301325029655991,0.0,0.0,0.2831,1.0,1.0,1018.4073770999998,1000.0,601.9105770999997,1000.0,0.8776481986463807,0.0
2607,1713452460000.0,0.0,0.0,1686.0,0.5301325029655991,0.0,0.0,0.2916,1.0,1.0,1018.4073770999998,1000.0,616.2415770999999,1000.0,0.8776481986463807,0.0
2608,1713456060000.0,0.0,0.0,1686.0,0.5301325029655991,0.0,0.0,0.2927,1.0,1.0,1018.4073770999998,1000.0,618.0961770999997,1000.0,0.8776481986463807,0.0
2609,1713459660000.0,0.0,0.0,1686.0,0.5301325029655991,0.0,0.0,0.2904,1.0,1.0,1018.4073770999998,1000.0,614.2183770999998,1000.0,0.8776481986463807,0.0
2610,1713463260000.0,0.0,0.0,1686.0,0.5301325029655991,0.0,0.0,0.2862,1.0,1.0,1018.4073770999998,1000.0,607.1371770999997,1000.0,0.8776481986463807,0.0
2611,1713466860000.0,0.0,0.0,1686.0,0.5301325029655991,0.0,0.0,0.2885,1.0,1.0,1018.4073770999998,1000.0,611.0149770999997,1000.0,0.8776481986463807,0.0
2612,1713470460000.0,0.0,0.0,1686.0,0.5301325029655991,0.0,0.0,0.2904,1.0,1.0,1018.4073770999998,1000.0,614.2183770999998,1000.0,0.8776481986463807,0.0
2613,1713474060000.0,0.0,0.0,1686.0,0.5301325029655991,0.0,0.0,0.2917,1.0,1.0,1018.4073770999998,1000.0,616.4101770999998,1000.0,0.8776481986463807,0.0
2614,1713477660000.0,0.0,0.0,1686.0,0.5301325029655991,0.0,0.0,0.2931,1.0,1.0,1018.4073770999998,1000.0,618.7705770999999,1000.0,0.8776481986463807,0.0
2615,1713481260000.0,0.0,0.0,1686.0,0.5301325029655991,0.0,0.0,0.2934,1.0,1.0,1018.4073770999998,1000.0,619.2763770999998,1000.0,0.8776481986463807,0.0
2616,1713484860000.0,0.0,0.0,1686.0,0.5301325029655991,0.0,0.0,0.2916,1.0,1.0,1018.4073770999998,1000.0,616.2415770999999,1000.0,0.8776481986463807,0.0
2617,1713488460000.0,0.0,0.0,1686.0,0.5301325029655991,0.0,0.0,0.2879,1.0,1.0,1018.4073770999998,1000.0,610.0033770999997,1000.0,0.8776481986463807,0.0
2618,1713492060000.0,0.0,0.0,1686.0,0.5301325029655991,0.0,0.0,0.2774,1.0,1.0,1018.4073770999998,1000.0,592.3003770999997,1000.0,0.8776481986463807,0.0
2619,1713495660000.0,0.0,0.0,1686.0,0.5301325029655991,0.0,0.0,0.2774,1.0,1.0,1018.4073770999998,1000.0,592.3003770999997,1000.0,0.8776481986463807,0.0
2620,1713499260000.0,0.0,0.0,1686.0,0.5301325029655991,0.0,0.0,0.2829,1.0,1.0,1018.4073770999998,1000.0,601.5733770999998,1000.0,0.8776481986463807,0.0
2621,1713502860000.0,0.0,0.0,1686.0,0.5301325029655991,0.0,0.0,0.2877,1.0,1.0,1018.4073770999998,1000.0,609.6661770999998,1000.0,0.8776481986463807,0.0
2622,1713506460000.0,0.0,0.0,1686.0,0.5301325029655991,0.0,0.0,0.2834,1.0,1.0,1018.4073770999998,1000.0,602.4163770999997,1000.0,0.8776481986463807,0.0
2623,1713510060000.0,0.0,0.0,1686.0,0.5301325029655991,0.0,0.0,0.2979,1.0,1.0,1018.4073770999998,1000.0,626.8633770999998,1000.0,0.8776481986463807,0.0
2624,1713513660000.0,0.0,0.0,1686.0,0.5301325029655991,0.0,0.0,0.2956,1.0,1.0,1018.4073770999998,1000.0,622.9855770999998,1000.0,0.8776481986463807,0.0
2625,1713517260000.0,0.0,0.0,1686.0,0.5301325029655991,0.0,0.0,0.2968,1.0,1.0,1018.4073770999998,1000.0,625.0087770999997,1000.0,0.8776481986463807,0.0
2626,1713520860000.0,0.0,0.0,1686.0,0.5301325029655991,0.0,0.0,0.2983,1.0,1.0,1018.4073770999998,1000.0,627.5377770999997,1000.0,0.8776481986463807,0.0
2627,1713524460000.0,0.0,0.0,1686.0,0.5301325029655991,0.0,0.0,0.2989,1.0,1.0,1018.4073770999998,1000.0,628.5493770999997,1000.0,0.8776481986463807,0.0
2628,1713528060000.0,0.0,0.0,1686.0,0.5301325029655991,0.0,0.0,0.2987,1.0,1.0,1018.4073770999998,1000.0,628.2121770999997,1000.0,0.8776481986463807,0.0
2629,1713531660000.0,0.0,0.0,1686.0,0.5301325029655991,0.0,0.0,0.2994,1.0,1.0,1018.4073770999998,1000.0,629.3923770999997,1000.0,0.8776481986463807,0.0
2630,1713535260000.0,0.0,0.0,1686.0,0.5301325029655991,0.0,0.0,0.3003,1.0,1.0,1018.4073770999998,1000.0,630.9097770999997,1000.0,0.8776481986463807,0.0
2631,1713538860000.0,0.0,0.0,1686.0,0.5301325029655991,0.0,0.0,0.2977,1.0,1.0,1018.4073770999998,1000.0,626.5261770999998,1000.0,0.8776481986463807,0.0
2632,1713542460000.0,0.0,0.0,1686.0,0.5301325029655991,0.0,0.0,0.2989,1.0,1.0,1018.4073770999998,1000.0,628.5493770999997,1000.0,0.8776481986463807,0.0
2633,1713546060000.0,0.0,0.0,1686.0,0.5301325029655991,0.0,0.0,0.2973,1.0,1.0,1018.4073770999998,1000.0,625.8517770999997,1000.0,0.8776481986463807,0.0
2634,1713549660000.0,0.0,0.0,1686.0,0.5301325029655991,0.0,0.0,0.2987,1.0,1.0,1018.4073770999998,1000.0,628.2121770999997,1000.0,0.8776481986463807,0.0
2635,1713553260000.0,0.0,0.0,1686.0,0.5301325029655991,0.0,0.0,0.2976,1.0,1.0,1018.4073770999998,1000.0,626.3575770999997,1000.0,0.8776481986463807,0.0
2636,1713556860000.0,0.0,0.0,1686.0,0.5301325029655991,0.0,0.0,0.2989,1.0,1.0,1018.4073770999998,1000.0,628.5493770999997,1000.0,0.8776481986463807,0.0
2637,1713560460000.0,0.0,0.0,1686.0,0.5301325029655991,0.0,0.0,0.2968,1.0,1.0,1018.4073770999998,1000.0,625.0087770999997,1000.0,0.8776481986463807,0.0
2638,1713564060000.0,0.0,0.0,1686.0,0.5301325029655991,0.0,0.0,0.2977,1.0,1.0,1018.4073770999998,1000.0,626.5261770999998,1000.0,0.8776481986463807,0.0
2639,1713567660000.0,0.0,0.0,1686.0,0.5301325029655991,0.0,0.0,0.2936,1.0,1.0,1018.4073770999998,1000.0,619.6135770999998,1000.0,0.8776481986463807,0.0
2640,1713571260000.0,0.0,0.0,1686.0,0.5301325029655991,0.0,0.0,0.2925,1.0,1.0,1018.4073770999998,1000.0,617.7589770999998,1000.0,0.8776481986463807,0.0
2641,1713574860000.0,0.0,0.0,1686.0,0.5301325029655991,0.0,0.0,0.2891,1.0,1.0,1018.4073770999998,1000.0,612.0265770999997,1000.0,0.8776481986463807,0.0
2642,1713578460000.0,0.0,0.0,1686.0,0.5301325029655991,0.0,0.0,0.2941,1.0,1.0,1018.4073770999998,1000.0,620.4565770999998,1000.0,0.8776481986463807,0.0
2643,1713582060000.0,0.0,0.0,1686.0,0.5301325029655991,0.0,0.0,0.2932,1.0,1.0,1018.4073770999998,1000.0,618.9391770999998,1000.0,0.8776481986463807,0.0
2644,1713585660000.0,0.0,0.0,1686.0,0.5301325029655991,0.0,0.0,0.2936,1.0,1.0,1018.4073770999998,1000.0,619.6135770999998,1000.0,0.8776481986463807,0.0
2645,1713589260000.0,0.0,0.0,1686.0,0.5301325029655991,0.0,0.0,0.2956,1.0,1.0,1018.4073770999998,1000.0,622.9855770999998,1000.0,0.8776481986463807,0.0
2646,1713592860000.0,0.0,0.0,1686.0,0.5301325029655991,0.0,0.0,0.2953,1.0,1.0,1018.4073770999998,1000.0,622.4797770999998,1000.0,0.8776481986463807,0.0
2647,1713596460000.0,0.0,0.0,1686.0,0.5301325029655991,0.0,0.0,0.2968,1.0,1.0,1018.4073770999998,1000.0,625.0087770999997,1000.0,0.8776481986463807,0.0
2648,1713600060000.0,0.0,0.0,1686.0,0.5301325029655991,0.0,0.0,0.2965,1.0,1.0,1018.4073770999998,1000.0,624.5029770999997,1000.0,0.8776481986463807,0.0
2649,1713603660000.0,0.0,0.0,1686.0,0.5301325029655991,0.0,0.0,0.2957,1.0,1.0,1018.4073770999998,1000.0,623.1541770999997,1000.0,0.8776481986463807,0.0
2650,1713607260000.0,0.0,0.0,1686.0,0.5301325029655991,0.0,0.0,0.2952,1.0,1.0,1018.4073770999998,1000.0,622.3111770999998,1000.0,0.8776481986463807,0.0
2651,1713610860000.0,0.0,0.0,1686.0,0.5301325029655991,0.0,0.0,0.2962,1.0,1.0,1018.4073770999998,1000.0,623.9971770999998,1000.0,0.8776481986463807,0.0
2652,1713614460000.0,0.0,0.0,1686.0,0.5301325029655991,0.0,0.0,0.2967,1.0,1.0,1018.4073770999998,1000.0,624.8401770999998,1000.0,0.8776481986463807,0.0
2653,1713618060000.0,0.0,0.0,1686.0,0.5301325029655991,0.0,0.0,0.2986,1.0,1.0,1018.4073770999998,1000.0,628.0435770999998,1000.0,0.8776481986463807,0.0
2654,1713621660000.0,0.0,0.0,1686.0,0.5301325029655991,0.0,0.0,0.2986,1.0,1.0,1018.4073770999998,1000.0,628.0435770999998,1000.0,0.8776481986463807,0.0
2655,1713625260000.0,0.0,0.0,1686.0,0.5301325029655991,0.0,0.0,0.2987,1.0,1.0,1018.4073770999998,1000.0,628.2121770999997,1000.0,0.8776481986463807,0.0
2656,1713628860000.0,0.0,0.0,1686.0,0.5301325029655991,0.0,0.0,0.3066,1.0,1.0,1018.4073770999998,1000.0,641.5315770999997,1000.0,0.8776481986463807,0.0
2657,1713632460000.0,0.0,0.0,1686.0,0.5301325029655991,0.0,0.0,0.3078,1.0,1.0,1018.4073770999998,1000.0,643.5547770999998,1000.0,0.8776481986463807,0.0
2658,1713636060000.0,0.0,0.0,1686.0,0.5301325029655991,0.0,0.0,0.315,1.0,1.0,1018.4073770999998,1000.0,655.6939770999998,1000.0,0.8776481986463807,0.0
2659,1713639660000.0,0.0,0.0,1686.0,0.5301325029655991,0.0,0.0,0.3146,1.0,1.0,1018.4073770999998,1000.0,655.0195770999998,1000.0,0.8776481986463807,0.0
2660,1713643260000.0,0.0,0.0,1686.0,0.5301325029655991,0.0,0.0,0.3162,1.0,1.0,1018.4073770999998,1000.0,657.7171770999997,1000.0,0.8776481986463807,0.0
2661,1713646860000.0,0.0,0.0,1686.0,0.5301325029655991,0.0,0.0,0.3158,1.0,1.0,1018.4073770999998,1000.0,657.0427770999997,1000.0,0.8776481986463807,0.0
2662,1713650460000.0,0.0,0.0,1686.0,0.5301325029655991,0.0,0.0,0.3157,1.0,1.0,1018.4073770999998,1000.0,656.8741770999998,1000.0,0.8776481986463807,0.0
2663,1713654060000.0,0.0,0.0,1686.0,0.5301325029655991,0.0,0.0,0.314,1.0,1.0,1018.4073770999998,1000.0,654.0079770999998,1000.0,0.8776481986463807,0.0
2664,1713657660000.0,0.0,0.0,1686.0,0.5301325029655991,0.0,0.0,0.3125,1.0,1.0,1018.4073770999998,1000.0,651.4789770999998,1000.0,0.8776481986463807,0.0
2665,1713661260000.0,0.0,0.0,1686.0,0.5301325029655991,0.0,0.0,0.3119,1.0,1.0,1018.4073770999998,1000.0,650.4673770999998,1000.0,0.8776481986463807,0.0
2666,1713664860000.0,0.0,0.0,1686.0,0.5301325029655991,0.0,0.0,0.3139,1.0,1.0,1018.4073770999998,1000.0,653.8393770999998,1000.0,0.8776481986463807,0.0
2667,1713668460000.0,0.0,0.0,1686.0,0.5301325029655991,0.0,0.0,0.3161,1.0,1.0,1018.4073770999998,1000.0,657.5485770999998,1000.0,0.8776481986463807,0.0
2668,1713672060000.0,0.0,0.0,1686.0,0.5301325029655991,0.0,0.0,0.3146,1.0,1.0,1018.4073770999998,1000.0,655.0195770999998,1000.0,0.8776481986463807,0.0
2669,1713675660000.0,0.0,0.0,1686.0,0.5301325029655991,0.0,0.0,0.315,1.0,1.0,1018.4073770999998,1000.0,655.6939770999998,1000.0,0.8776481986463807,0.0
2670,1713679260000.0,0.0,0.0,1686.0,0.5301325029655991,0.0,0.0,0.3124,1.0,1.0,1018.4073770999998,1000.0,651.3103770999998,1000.0,0.8776481986463807,0.0
2671,1713682860000.0,0.0,0.0,1686.0,0.5301325029655991,0.0,0.0,0.3134,1.0,1.0,1018.4073770999998,1000.0,652.9963770999998,1000.0,0.8776481986463807,0.0
2672,1713686460000.0,0.0,0.0,1686.0,0.5301325029655991,0.0,0.0,0.3133,1.0,1.0,1018.4073770999998,1000.0,652.8277770999998,1000.0,0.8776481986463807,0.0
2673,1713690060000.0,0.0,0.0,1686.0,0.5301325029655991,0.0,0.0,0.3116,1.0,1.0,1018.4073770999998,1000.0,649.9615770999997,1000.0,0.8776481986463807,0.0
2674,1713693660000.0,0.0,0.0,1686.0,0.5301325029655991,0.0,0.0,0.3117,1.0,1.0,1018.4073770999998,1000.0,650.1301770999997,1000.0,0.8776481986463807,0.0
2675,1713697260000.0,0.0,0.0,1686.0,0.5301325029655991,0.0,0.0,0.3127,1.0,1.0,1018.4073770999998,1000.0,651.8161770999998,1000.0,0.8776481986463807,0.0
2676,1713700860000.0,0.0,0.0,1686.0,0.5301325029655991,0.0,0.0,0.3126,1.0,1.0,1018.4073770999998,1000.0,651.6475770999998,1000.0,0.8776481986463807,0.0
2677,1713704460000.0,0.0,0.0,1686.0,0.5301325029655991,0.0,0.0,0.3115,1.0,1.0,1018.4073770999998,1000.0,649.7929770999997,1000.0,0.8776481986463807,0.0
2678,1713708060000.0,0.0,0.0,1686.0,0.5301325029655991,0.0,0.0,0.3083,1.0,1.0,1018.4073770999998,1000.0,644.3977770999998,1000.0,0.8776481986463807,0.0
2679,1713711660000.0,0.0,0.0,1686.0,0.5301325029655991,0.0,0.0,0.3087,1.0,1.0,1018.4073770999998,1000.0,645.0721770999996,1000.0,0.8776481986463807,0.0
2680,1713715260000.0,0.0,0.0,1686.0,0.5301325029655991,0.0,0.0,0.3099,1.0,1.0,1018.4073770999998,1000.0,647.0953770999997,1000.0,0.8776481986463807,0.0
2681,1713718860000.0,0.0,0.0,1686.0,0.5301325029655991,0.0,0.0,0.3054,1.0,1.0,1018.4073770999998,1000.0,639.5083770999997,1000.0,0.8776481986463807,0.0
2682,1713722460000.0,0.0,0.0,1686.0,0.5301325029655991,0.0,0.0,0.3066,1.0,1.0,1018.4073770999998,1000.0,641.5315770999997,1000.0,0.8776481986463807,0.0
2683,1713726060000.0,0.0,0.0,1686.0,0.5301325029655991,0.0,0.0,0.3069,1.0,1.0,1018.4073770999998,1000.0,642.0373770999997,1000.0,0.8776481986463807,0.0
2684,1713729660000.0,0.0,0.0,1686.0,0.5301325029655991,0.0,0.0,0.3063,1.0,1.0,1018.4073770999998,1000.0,641.0257770999998,1000.0,0.8776481986463807,0.0
2685,1713733260000.0,0.0,0.0,1686.0,0.5301325029655991,0.0,0.0,0.3097,1.0,1.0,1018.4073770999998,1000.0,646.7581770999998,1000.0,0.8776481986463807,0.0
2686,1713736860000.0,0.0,0.0,1686.0,0.5301325029655991,0.0,0.0,0.3088,1.0,1.0,1018.4073770999998,1000.0,645.2407770999998,1000.0,0.8776481986463807,0.0
2687,1713740460000.0,0.0,0.0,1686.0,0.5301325029655991,0.0,0.0,0.31,1.0,1.0,1018.4073770999998,1000.0,647.2639770999997,1000.0,0.8776481986463807,0.0
2688,1713744060000.0,0.0,0.0,1686.0,0.5301325029655991,0.0,0.0,0.3091,1.0,1.0,1018.4073770999998,1000.0,645.7465770999997,1000.0,0.8776481986463807,0.0
2689,1713747660000.0,0.0,0.0,1686.0,0.5301325029655991,0.0,0.0,0.3089,1.0,1.0,1018.4073770999998,1000.0,645.4093770999998,1000.0,0.8776481986463807,0.0
2690,1713751260000.0,0.0,0.0,1686.0,0.5301325029655991,0.0,0.0,0.3097,1.0,1.0,1018.4073770999998,1000.0,646.7581770999998,1000.0,0.8776481986463807,0.0
2691,1713754860000.0,0.0,0.0,1686.0,0.5301325029655991,0.0,0.0,0.3107,1.0,1.0,1018.4073770999998,1000.0,648.4441770999997,1000.0,0.8776481986463807,0.0
2692,1713758460000.0,0.0,0.0,1686.0,0.5301325029655991,0.0,0.0,0.3148,1.0,1.0,1018.4073770999998,1000.0,655.3567770999998,1000.0,0.8776481986463807,0.0
2693,1713762060000.0,0.0,0.0,1686.0,0.5301325029655991,0.0,0.0,0.3144,1.0,1.0,1018.4073770999998,1000.0,654.6823770999997,1000.0,0.8776481986463807,0.0
2694,1713765660000.0,0.0,0.0,1686.0,0.5301325029655991,0.0,0.0,0.316,1.0,1.0,1018.4073770999998,1000.0,657.3799770999997,1000.0,0.8776481986463807,0.0
2695,1713769260000.0,0.0,0.0,1686.0,0.5301325029655991,0.0,0.0,0.3181,1.0,1.0,1018.4073770999998,1000.0,660.9205770999997,1000.0,0.8776481986463807,0.0
2696,1713772860000.0,0.0,0.0,1686.0,0.5301325029655991,0.0,0.0,0.3151,1.0,1.0,1018.4073770999998,1000.0,655.8625770999997,1000.0,0.8776481986463807,0.0
2697,1713776460000.0,0.0,0.0,1686.0,0.5301325029655991,0.0,0.0,0.3132,1.0,1.0,1018.4073770999998,1000.0,652.6591770999997,1000.0,0.8776481986463807,0.0
2698,1713780060000.0,0.0,0.0,1686.0,0.5301325029655991,0.0,0.0,0.316,1.0,1.0,1018.4073770999998,1000.0,657.3799770999997,1000.0,0.8776481986463807,0.0
2699,1713783660000.0,0.0,0.0,1686.0,0.5301325029655991,0.0,0.0,0.3177,1.0,1.0,1018.4073770999998,1000.0,660.2461770999997,1000.0,0.8776481986463807,0.0
2700,1713787260000.0,0.0,0.0,1686.0,0.5301325029655991,0.0,0.0,0.3159,1.0,1.0,1018.4073770999998,1000.0,657.2113770999997,1000.0,0.8776481986463807,0.0
2701,1713790860000.0,0.0,0.0,1686.0,0.5301325029655991,0.0,0.0,0.3164,1.0,1.0,1018.4073770999998,1000.0,658.0543770999998,1000.0,0.8776481986463807,0.0
2702,1713794460000.0,0.0,0.0,1686.0,0.5301325029655991,0.0,0.0,0.3156,1.0,1.0,1018.4073770999998,1000.0,656.7055770999998,1000.0,0.8776481986463807,0.0
2703,1713798060000.0,0.0,0.0,1686.0,0.5301325029655991,0.0,0.0,0.3125,1.0,1.0,1018.4073770999998,1000.0,651.4789770999998,1000.0,0.8776481986463807,0.0
2704,1713801660000.0,0.0,0.0,1686.0,0.5301325029655991,0.0,0.0,0.3144,1.0,1.0,1018.4073770999998,1000.0,654.6823770999997,1000.0,0.8776481986463807,0.0
2705,1713805260000.0,0.0,0.0,1686.0,0.5301325029655991,0.0,0.0,0.3149,1.0,1.0,1018.4073770999998,1000.0,655.5253770999998,1000.0,0.8776481986463807,0.0
2706,1713808860000.0,0.0,0.0,1686.0,0.5301325029655991,0.0,0.0,0.3164,1.0,1.0,1018.4073770999998,1000.0,658.0543770999998,1000.0,0.8776481986463807,0.0
2707,1713812460000.0,0.0,0.0,1686.0,0.5301325029655991,0.0,0.0,0.3164,1.0,1.0,1018.4073770999998,1000.0,658.0543770999998,1000.0,0.8776481986463807,0.0
2708,1713816060000.0,0.0,0.0,1686.0,0.5301325029655991,0.0,0.0,0.3164,1.0,1.0,1018.4073770999998,1000.0,658.0543770999998,1000.0,0.8776481986463807,0.0
2709,1713819660000.0,0.0,0.0,1686.0,0.5301325029655991,0.0,0.0,0.317,1.0,1.0,1018.4073770999998,1000.0,659.0659770999998,1000.0,0.8776481986463807,0.0
2710,1713823260000.0,0.0,0.0,1686.0,0.5301325029655991,0.0,0.0,0.317,1.0,1.0,1018.4073770999998,1000.0,659.0659770999998,1000.0,0.8776481986463807,0.0
2711,1713826860000.0,0.0,0.0,1686.0,0.5301325029655991,0.0,0.0,0.3184,1.0,1.0,1018.4073770999998,1000.0,661.4263770999999,1000.0,0.8776481986463807,0.0
2712,1713830460000.0,0.0,0.0,1686.0,0.5301325029655991,0.0,0.0,0.3169,1.0,1.0,1018.4073770999998,1000.0,658.8973770999999,1000.0,0.8776481986463807,0.0
2713,1713834060000.0,0.0,0.0,1686.0,0.5301325029655991,0.0,0.0,0.3194,1.0,1.0,1018.4073770999998,1000.0,663.1123770999998,1000.0,0.8776481986463807,0.0
2714,1713837660000.0,0.0,0.0,1686.0,0.5301325029655991,0.0,0.0,0.3175,1.0,1.0,1018.4073770999998,1000.0,659.9089770999998,1000.0,0.8776481986463807,0.0
2715,1713841260000.0,0.0,0.0,1686.0,0.5301325029655991,0.0,0.0,0.3162,1.0,1.0,1018.4073770999998,1000.0,657.7171770999997,1000.0,0.8776481986463807,0.0
2716,1713844860000.0,0.0,0.0,1686.0,0.5301325029655991,0.0,0.0,0.315,1.0,1.0,1018.4073770999998,1000.0,655.6939770999998,1000.0,0.8776481986463807,0.0
2717,1713848460000.0,0.0,0.0,1686.0,0.5301325029655991,0.0,0.0,0.313,1.0,1.0,1018.4073770999998,1000.0,652.3219770999997,1000.0,0.8776481986463807,0.0
2718,1713852060000.0,0.0,0.0,1686.0,0.5301325029655991,0.0,0.0,0.3149,1.0,1.0,1018.4073770999998,1000.0,655.5253770999998,1000.0,0.8776481986463807,0.0
2719,1713855660000.0,0.0,0.0,1686.0,0.5301325029655991,0.0,0.0,0.3127,1.0,1.0,1018.4073770999998,1000.0,651.8161770999998,1000.0,0.8776481986463807,0.0
2720,1713859260000.0,0.0,0.0,1686.0,0.5301325029655991,0.0,0.0,0.3111,1.0,1.0,1018.4073770999998,1000.0,649.1185770999998,1000.0,0.8776481986463807,0.0
2721,1713862860000.0,0.0,0.0,1686.0,0.5301325029655991,0.0,0.0,0.3133,1.0,1.0,1018.4073770999998,1000.0,652.8277770999998,1000.0,0.8776481986463807,0.0
2722,1713866460000.0,0.0,0.0,1686.0,0.5301325029655991,0.0,0.0,0.313,1.0,1.0,1018.4073770999998,1000.0,652.3219770999997,1000.0,0.8776481986463807,0.0
2723,1713870060000.0,0.0,0.0,1686.0,0.5301325029655991,0.0,0.0,0.3127,1.0,1.0,1018.4073770999998,1000.0,651.8161770999998,1000.0,0.8776481986463807,0.0
2724,1713873660000.0,0.0,0.0,1686.0,0.5301325029655991,0.0,0.0,0.3113,1.0,1.0,1018.4073770999998,1000.0,649.4557770999998,1000.0,0.8776481986463807,0.0
2725,1713877260000.0,0.0,0.0,1686.0,0.5301325029655991,0.0,0.0,0.3127,1.0,1.0,1018.4073770999998,1000.0,651.8161770999998,1000.0,0.8776481986463807,0.0
2726,1713880860000.0,0.0,0.0,1686.0,0.5301325029655991,0.0,0.0,0.3144,1.0,1.0,1018.4073770999998,1000.0,654.6823770999997,1000.0,0.8776481986463807,0.0
2727,1713884460000.0,0.0,0.0,1686.0,0.5301325029655991,0.0,0.0,0.3163,1.0,1.0,1018.4073770999998,1000.0,657.8857770999998,1000.0,0.8776481986463807,0.0
2728,1713888060000.0,0.0,0.0,1686.0,0.5301325029655991,0.0,0.0,0.3134,1.0,1.0,1018.4073770999998,1000.0,652.9963770999998,1000.0,0.8776481986463807,0.0
2729,1713891660000.0,0.0,0.0,1686.0,0.5301325029655991,0.0,0.0,0.3162,1.0,1.0,1018.4073770999998,1000.0,657.7171770999997,1000.0,0.8776481986463807,0.0
2730,1713895260000.0,0.0,0.0,1686.0,0.5301325029655991,0.0,0.0,0.3162,1.0,1.0,1018.4073770999998,1000.0,657.7171770999997,1000.0,0.8776481986463807,0.0
2731,1713898860000.0,0.0,0.0,1686.0,0.5301325029655991,0.0,0.0,0.3153,1.0,1.0,1018.4073770999998,1000.0,656.1997770999998,1000.0,0.8776481986463807,0.0
2732,1713902460000.0,0.0,0.0,1686.0,0.5301325029655991,0.0,0.0,0.3168,1.0,1.0,1018.4073770999998,1000.0,658.7287770999998,1000.0,0.8776481986463807,0.0
2733,1713906060000.0,0.0,0.0,1686.0,0.5301325029655991,0.0,0.0,0.3168,1.0,1.0,1018.4073770999998,1000.0,658.7287770999998,1000.0,0.8776481986463807,0.0
2734,1713909660000.0,0.0,0.0,1686.0,0.5301325029655991,0.0,0.0,0.315,1.0,1.0,1018.4073770999998,1000.0,655.6939770999998,1000.0,0.8776481986463807,0.0
2735,1713913260000.0,0.0,0.0,1686.0,0.5301325029655991,0.0,0.0,0.3156,1.0,1.0,1018.4073770999998,1000.0,656.7055770999998,1000.0,0.8776481986463807,0.0
2736,1713916860000.0,0.0,0.0,1686.0,0.5301325029655991,0.0,0.0,0.3177,1.0,1.0,1018.4073770999998,1000.0,660.2461770999997,1000.0,0.8776481986463807,0.0
2737,1713920460000.0,0.0,0.0,1686.0,0.5301325029655991,0.0,0.0,0.3186,1.0,1.0,1018.4073770999998,1000.0,661.7635770999998,1000.0,0.8776481986463807,0.0
2738,1713924060000.0,0.0,0.0,1686.0,0.5301325029655991,0.0,0.0,0.3184,1.0,1.0,1018.4073770999998,1000.0,661.4263770999999,1000.0,0.8776481986463807,0.0
2739,1713927660000.0,0.0,0.0,1686.0,0.5301325029655991,0.0,0.0,0.3182,1.0,1.0,1018.4073770999998,1000.0,661.0891770999997,1000.0,0.8776481986463807,0.0
2740,1713931260000.0,0.0,0.0,1686.0,0.5301325029655991,0.0,0.0,0.3182,1.0,1.0,1018.4073770999998,1000.0,661.0891770999997,1000.0,0.8776481986463807,0.0
2741,1713934860000.0,0.0,0.0,1686.0,0.5301325029655991,0.0,0.0,0.3232,1.0,1.0,1018.4073770999998,1000.0,669.5191770999998,1000.0,0.8776481986463807,0.0
2742,1713938460000.0,0.0,0.0,1686.0,0.5301325029655991,0.0,0.0,0.3216,1.0,1.0,1018.4073770999998,1000.0,666.8215770999998,1000.0,0.8776481986463807,0.0
2743,1713942060000.0,0.0,0.0,1686.0,0.5301325029655991,0.0,0.0,0.3221,1.0,1.0,1018.4073770999998,1000.0,667.6645770999997,1000.0,0.8776481986463807,0.0
2744,1713945660000.0,0.0,0.0,1686.0,0.5301325029655991,0.0,0.0,0.3221,1.0,1.0,1018.4073770999998,1000.0,667.6645770999997,1000.0,0.8776481986463807,0.0
2745,1713949260000.0,0.0,0.0,1686.0,0.5301325029655991,0.0,0.0,0.3194,1.0,1.0,1018.4073770999998,1000.0,663.1123770999998,1000.0,0.8776481986463807,0.0
2746,1713952860000.0,0.0,0.0,1686.0,0.5301325029655991,0.0,0.0,0.3206,1.0,1.0,1018.4073770999998,1000.0,665.1355770999998,1000.0,0.8776481986463807,0.0
2747,1713956460000.0,0.0,0.0,1686.0,0.5301325029655991,0.0,0.0,0.3221,1.0,1.0,1018.4073770999998,1000.0,667.6645770999997,1000.0,0.8776481986463807,0.0
2748,1713960060000.0,0.0,0.0,1686.0,0.5301325029655991,0.0,0.0,0.3235,1.0,1.0,1018.4073770999998,1000.0,670.0249770999998,1000.0,0.8776481986463807,0.0
2749,1713963660000.0,0.0,0.0,1686.0,0.5301325029655991,0.0,0.0,0.3203,1.0,1.0,1018.4073770999998,1000.0,664.6297770999997,1000.0,0.8776481986463807,0.0
2750,1713967260000.0,0.0,0.0,1686.0,0.5301325029655991,0.0,0.0,0.3179,1.0,1.0,1018.4073770999998,1000.0,660.5833770999998,1000.0,0.8776481986463807,0.0
2751,1713970860000.0,0.0,0.0,1686.0,0.5301325029655991,0.0,0.0,0.3115,1.0,1.0,1018.4073770999998,1000.0,649.7929770999997,1000.0,0.8776481986463807,0.0
2752,1713974460000.0,0.0,0.0,1686.0,0.5301325029655991,0.0,0.0,0.3069,1.0,1.0,1018.4073770999998,1000.0,642.0373770999997,1000.0,0.8776481986463807,0.0
2753,1713978060000.0,0.0,0.0,1686.0,0.5301325029655991,0.0,0.0,0.3059,1.0,1.0,1018.4073770999998,1000.0,640.3513770999998,1000.0,0.8776481986463807,0.0
2754,1713981660000.0,0.0,0.0,1686.0,0.5301325029655991,0.0,0.0,0.3066,1.0,1.0,1018.4073770999998,1000.0,641.5315770999997,1000.0,0.8776481986463807,0.0
2755,1713985260000.0,0.0,0.0,1686.0,0.5301325029655991,0.0,0.0,0.302,1.0,1.0,1018.4073770999998,1000.0,633.7759770999997,1000.0,0.8776481986463807,0.0
2756,1713988860000.0,0.0,0.0,1686.0,0.5301325029655991,0.0,0.0,0.306,1.0,1.0,1018.4073770999998,1000.0,640.5199770999998,1000.0,0.8776481986463807,0.0
2757,1713992460000.0,0.0,0.0,1686.0,0.5301325029655991,0.0,0.0,0.3023,1.0,1.0,1018.4073770999998,1000.0,634.2817770999998,1000.0,0.8776481986463807,0.0
2758,1713996060000.0,0.0,0.0,1686.0,0.5301325029655991,0.0,0.0,0.3049,1.0,1.0,1018.4073770999998,1000.0,638.6653770999998,1000.0,0.8776481986463807,0.0
2759,1713999660000.0,0.0,0.0,1686.0,0.5301325029655991,0.0,0.0,0.2983,1.0,1.0,1018.4073770999998,1000.0,627.5377770999997,1000.0,0.8776481986463807,0.0
2760,1714003260000.0,0.0,0.0,1686.0,0.5301325029655991,0.0,0.0,0.3002,1.0,1.0,1018.4073770999998,1000.0,630.7411770999997,1000.0,0.8776481986463807,0.0
2761,1714006860000.0,0.0,0.0,1686.0,0.5301325029655991,0.0,0.0,0.3024,1.0,1.0,1018.4073770999998,1000.0,634.4503770999997,1000.0,0.8776481986463807,0.0
2762,1714010460000.0,0.0,0.0,1686.0,0.5301325029655991,0.0,0.0,0.2949,1.0,1.0,1018.4073770999998,1000.0,621.8053770999998,1000.0,0.8776481986463807,0.0
2763,1714014060000.0,0.0,0.0,1686.0,0.5301325029655991,0.0,0.0,0.2981,1.0,1.0,1018.4073770999998,1000.0,627.2005770999997,1000.0,0.8776481986463807,0.0
2764,1714017660000.0,0.0,0.0,1686.0,0.5301325029655991,0.0,0.0,0.2951,1.0,1.0,1018.4073770999998,1000.0,622.1425770999997,1000.0,0.8776481986463807,0.0
2765,1714021260000.0,0.0,0.0,1686.0,0.5301325029655991,0.0,0.0,0.296,1.0,1.0,1018.4073770999998,1000.0,623.6599770999997,1000.0,0.8776481986463807,0.0
2766,1714024860000.0,0.0,0.0,1686.0,0.5301325029655991,0.0,0.0,0.296,1.0,1.0,1018.4073770999998,1000.0,623.6599770999997,1000.0,0.8776481986463807,0.0
2767,1714028460000.0,0.0,0.0,1686.0,0.5301325029655991,0.0,0.0,0.2965,1.0,1.0,1018.4073770999998,1000.0,624.5029770999997,1000.0,0.8776481986463807,0.0
2768,1714032060000.0,0.0,0.0,1686.0,0.5301325029655991,0.0,0.0,0.2948,1.0,1.0,1018.4073770999998,1000.0,621.6367770999998,1000.0,0.8776481986463807,0.0
2769,1714035660000.0,0.0,0.0,1686.0,0.5301325029655991,0.0,0.0,0.2942,1.0,1.0,1018.4073770999998,1000.0,620.6251770999997,1000.0,0.8776481986463807,0.0
2770,1714039260000.0,0.0,0.0,1686.0,0.5301325029655991,0.0,0.0,0.2933,1.0,1.0,1018.4073770999998,1000.0,619.1077770999998,1000.0,0.8776481986463807,0.0
2771,1714042860000.0,0.0,0.0,1686.0,0.5301325029655991,0.0,0.0,0.2899,1.0,1.0,1018.4073770999998,1000.0,613.3753770999997,1000.0,0.8776481986463807,0.0
2772,1714046460000.0,0.0,0.0,1686.0,0.5301325029655991,0.0,0.0,0.2925,1.0,1.0,1018.4073770999998,1000.0,617.7589770999998,1000.0,0.8776481986463807,0.0
2773,1714050060000.0,0.0,0.0,1686.0,0.5301325029655991,0.0,0.0,0.2908,1.0,1.0,1018.4073770999998,1000.0,614.8927770999998,1000.0,0.8776481986463807,0.0
2774,1714053660000.0,0.0,0.0,1686.0,0.5301325029655991,0.0,0.0,0.2929,1.0,1.0,1018.4073770999998,1000.0,618.4333770999997,1000.0,0.8776481986463807,0.0
2775,1714057260000.0,0.0,0.0,1686.0,0.5301325029655991,0.0,0.0,0.295,1.0,1.0,1018.4073770999998,1000.0,621.9739770999997,1000.0,0.8776481986463807,0.0
2776,1714060860000.0,0.0,0.0,1686.0,0.5301325029655991,0.0,0.0,0.3003,1.0,1.0,1018.4073770999998,1000.0,630.9097770999997,1000.0,0.8776481986463807,0.0
2777,1714064460000.0,0.0,0.0,1686.0,0.5301325029655991,0.0,0.0,0.3017,1.0,1.0,1018.4073770999998,1000.0,633.2701770999997,1000.0,0.8776481986463807,0.0
2778,1714068060000.0,0.0,0.0,1686.0,0.5301325029655991,0.0,0.0,0.3023,1.0,1.0,1018.4073770999998,1000.0,634.2817770999998,1000.0,0.8776481986463807,0.0
2779,1714071660000.0,0.0,0.0,1686.0,0.5301325029655991,0.0,0.0,0.3039,1.0,1.0,1018.4073770999998,1000.0,636.9793770999997,1000.0,0.8776481986463807,0.0
2780,1714075260000.0,0.0,0.0,1686.0,0.5301325029655991,0.0,0.0,0.3033,1.0,1.0,1018.4073770999998,1000.0,635.9677770999998,1000.0,0.8776481986463807,0.0
2781,1714078860000.0,0.0,0.0,1686.0,0.5301325029655991,0.0,0.0,0.3042,1.0,1.0,1018.4073770999998,1000.0,637.4851770999999,1000.0,0.8776481986463807,0.0
2782,1714082460000.0,0.0,0.0,1686.0,0.5301325029655991,0.0,0.0,0.3021,1.0,1.0,1018.4073770999998,1000.0,633.9445770999997,1000.0,0.8776481986463807,0.0
2783,1714086060000.0,0.0,0.0,1686.0,0.5301325029655991,0.0,0.0,0.3008,1.0,1.0,1018.4073770999998,1000.0,631.7527770999998,1000.0,0.8776481986463807,0.0
2784,1714089660000.0,0.0,0.0,1686.0,0.5301325029655991,0.0,0.0,0.3006,1.0,1.0,1018.4073770999998,1000.0,631.4155770999997,1000.0,0.8776481986463807,0.0
2785,1714093260000.0,0.0,0.0,1686.0,0.5301325029655991,0.0,0.0,0.2975,1.0,1.0,1018.4073770999998,1000.0,626.1889770999998,1000.0,0.8776481986463807,0.0
2786,1714096860000.0,0.0,0.0,1686.0,0.5301325029655991,0.0,0.0,0.2983,1.0,1.0,1018.4073770999998,1000.0,627.5377770999997,1000.0,0.8776481986463807,0.0
2787,1714100460000.0,0.0,0.0,1686.0,0.5301325029655991,0.0,0.0,0.2989,1.0,1.0,1018.4073770999998,1000.0,628.5493770999997,1000.0,0.8776481986463807,0.0
2788,1714104060000.0,0.0,0.0,1686.0,0.5301325029655991,0.0,0.0,0.2963,1.0,1.0,1018.4073770999998,1000.0,624.1657770999998,1000.0,0.8776481986463807,0.0
2789,1714107660000.0,0.0,0.0,1686.0,0.5301325029655991,0.0,0.0,0.2974,1.0,1.0,1018.4073770999998,1000.0,626.0203770999997,1000.0,0.8776481986463807,0.0
2790,1714111260000.0,0.0,0.0,1686.0,0.5301325029655991,0.0,0.0,0.2998,1.0,1.0,1018.4073770999998,1000.0,630.0667770999999,1000.0,0.8776481986463807,0.0
2791,1714114860000.0,0.0,0.0,1686.0,0.5301325029655991,0.0,0.0,0.2968,1.0,1.0,1018.4073770999998,1000.0,625.0087770999997,1000.0,0.8776481986463807,0.0
2792,1714118460000.0,0.0,0.0,1686.0,0.5301325029655991,0.0,0.0,0.2958,1.0,1.0,1018.4073770999998,1000.0,623.3227770999997,1000.0,0.8776481986463807,0.0
2793,1714122060000.0,0.0,0.0,1686.0,0.5301325029655991,0.0,0.0,0.2963,1.0,1.0,1018.4073770999998,1000.0,624.1657770999998,1000.0,0.8776481986463807,0.0
2794,1714125660000.0,0.0,0.0,1686.0,0.5301325029655991,0.0,0.0,0.297,1.0,1.0,1018.4073770999998,1000.0,625.3459770999998,1000.0,0.8776481986463807,0.0
2795,1714129260000.0,0.0,0.0,1686.0,0.5301325029655991,0.0,0.0,0.2944,1.0,1.0,1018.4073770999998,1000.0,620.9623770999997,1000.0,0.8776481986463807,0.0
2796,1714132860000.0,0.0,0.0,1686.0,0.5301325029655991,0.0,0.0,0.2943,1.0,1.0,1018.4073770999998,1000.0,620.7937770999997,1000.0,0.8776481986463807,0.0
2797,1714136460000.0,0.0,0.0,1686.0,0.5301325029655991,0.0,0.0,0.2943,1.0,1.0,1018.4073770999998,1000.0,620.7937770999997,1000.0,0.8776481986463807,0.0
2798,1714140060000.0,0.0,0.0,1686.0,0.5301325029655991,0.0,0.0,0.2974,1.0,1.0,1018.4073770999998,1000.0,626.0203770999997,1000.0,0.8776481986463807,0.0
2799,1714143660000.0,0.0,0.0,1686.0,0.5301325029655991,0.0,0.0,0.2947,1.0,1.0,1018.4073770999998,1000.0,621.4681770999998,1000.0,0.8776481986463807,0.0
2800,1714147260000.0,0.0,0.0,1686.0,0.5301325029655991,0.0,0.0,0.2936,1.0,1.0,1018.4073770999998,1000.0,619.6135770999998,1000.0,0.8776481986463807,0.0
2801,1714150860000.0,0.0,0.0,1686.0,0.5301325029655991,0.0,0.0,0.2938,1.0,1.0,1018.4073770999998,1000.0,619.9507770999998,1000.0,0.8776481986463807,0.0
2802,1714154460000.0,0.0,0.0,1686.0,0.5301325029655991,0.0,0.0,0.2954,1.0,1.0,1018.4073770999998,1000.0,622.6483770999997,1000.0,0.8776481986463807,0.0
2803,1714158060000.0,0.0,0.0,1686.0,0.5301325029655991,0.0,0.0,0.2962,1.0,1.0,1018.4073770999998,1000.0,623.9971770999998,1000.0,0.8776481986463807,0.0
2804,1714161660000.0,0.0,0.0,1686.0,0.5301325029655991,0.0,0.0,0.2959,1.0,1.0,1018.4073770999998,1000.0,623.4913770999997,1000.0,0.8776481986463807,0.0
2805,1714165260000.0,0.0,0.0,1686.0,0.5301325029655991,0.0,0.0,0.2963,1.0,1.0,1018.4073770999998,1000.0,624.1657770999998,1000.0,0.8776481986463807,0.0
2806,1714168860000.0,0.0,0.0,1686.0,0.5301325029655991,0.0,0.0,0.2956,1.0,1.0,1018.4073770999998,1000.0,622.9855770999998,1000.0,0.8776481986463807,0.0
2807,1714172460000.0,0.0,0.0,1686.0,0.5301325029655991,0.0,0.0,0.2928,1.0,1.0,1018.4073770999998,1000.0,618.2647770999997,1000.0,0.8776481986463807,0.0
2808,1714176060000.0,0.0,0.0,1686.0,0.5301325029655991,0.0,0.0,0.2932,1.0,1.0,1018.4073770999998,1000.0,618.9391770999998,1000.0,0.8776481986463807,0.0
2809,1714179660000.0,0.0,0.0,1686.0,0.5301325029655991,0.0,0.0,0.2935,1.0,1.0,1018.4073770999998,1000.0,619.4449770999997,1000.0,0.8776481986463807,0.0
2810,1714183260000.0,0.0,0.0,1686.0,0.5301325029655991,0.0,0.0,0.2984,1.0,1.0,1018.4073770999998,1000.0,627.7063770999998,1000.0,0.8776481986463807,0.0
2811,1714186860000.0,0.0,0.0,1686.0,0.5301325029655991,0.0,0.0,0.3041,1.0,1.0,1018.4073770999998,1000.0,637.3165770999997,1000.0,0.8776481986463807,0.0
2812,1714190460000.0,0.0,0.0,1686.0,0.5301325029655991,0.0,0.0,0.3055,1.0,1.0,1018.4073770999998,1000.0,639.6769770999997,1000.0,0.8776481986463807,0.0
2813,1714194060000.0,0.0,0.0,1686.0,0.5301325029655991,0.0,0.0,0.3164,1.0,1.0,1018.4073770999998,1000.0,658.0543770999998,1000.0,0.8776481986463807,0.0
2814,1714197660000.0,0.0,0.0,1686.0,0.5301325029655991,0.0,0.0,0.3163,1.0,1.0,1018.4073770999998,1000.0,657.8857770999998,1000.0,0.8776481986463807,0.0
2815,1714201260000.0,0.0,0.0,1686.0,0.5301325029655991,0.0,0.0,0.3099,1.0,1.0,1018.4073770999998,1000.0,647.0953770999997,1000.0,0.8776481986463807,0.0
2816,1714204860000.0,0.0,0.0,1686.0,0.5301325029655991,0.0,0.0,0.3172,1.0,1.0,1018.4073770999998,1000.0,659.4031770999998,1000.0,0.8776481986463807,0.0
2817,1714208460000.0,0.0,0.0,1686.0,0.5301325029655991,0.0,0.0,0.3263,1.0,1.0,1018.4073770999998,1000.0,674.7457770999997,1000.0,0.8776481986463807,0.0
2818,1714212060000.0,0.0,0.0,1686.0,0.5301325029655991,0.0,0.0,0.3218,1.0,1.0,1018.4073770999998,1000.0,667.1587770999997,1000.0,0.8776481986463807,0.0
2819,1714215660000.0,0.0,0.0,1686.0,0.5301325029655991,0.0,0.0,0.3259,1.0,1.0,1018.4073770999998,1000.0,674.0713770999998,1000.0,0.8776481986463807,0.0
2820,1714219260000.0,0.0,0.0,1686.0,0.5301325029655991,0.0,0.0,0.3292,1.0,1.0,1018.4073770999998,1000.0,679.6351770999997,1000.0,0.8776481986463807,0.0
2821,1714222860000.0,0.0,0.0,1686.0,0.5301325029655991,0.0,0.0,0.3301,1.0,1.0,1018.4073770999998,1000.0,681.1525770999997,1000.0,0.8776481986463807,0.0
2822,1714226460000.0,0.0,0.0,1686.0,0.5301325029655991,0.0,0.0,0.3383,1.0,1.0,1018.4073770999998,1000.0,694.9777770999997,1000.0,0.8776481986463807,0.0
2823,1714230060000.0,0.0,0.0,1686.0,0.5301325029655991,0.0,0.0,0.3407,1.0,1.0,1018.4073770999998,1000.0,699.0241770999997,1000.0,0.8776481986463807,0.0
2824,1714233660000.0,0.0,0.0,1686.0,0.5301325029655991,0.0,0.0,0.3336,1.0,1.0,1018.4073770999998,1000.0,687.0535770999998,1000.0,0.8776481986463807,0.0
2825,1714237260000.0,0.0,0.0,1686.0,0.5301325029655991,0.0,0.0,0.3113,1.0,1.0,1018.4073770999998,1000.0,649.4557770999998,1000.0,0.8776481986463807,0.0
2826,1714240860000.0,0.0,0.0,1686.0,0.5301325029655991,0.0,0.0,0.3191,1.0,1.0,1018.4073770999998,1000.0,662.6065770999998,1000.0,0.8776481986463807,0.0
2827,1714244460000.0,0.0,0.0,1686.0,0.5301325029655991,0.0,0.0,0.3188,1.0,1.0,1018.4073770999998,1000.0,662.1007770999997,1000.0,0.8776481986463807,0.0
2828,1714248060000.0,0.0,0.0,1686.0,0.5301325029655991,0.0,0.0,0.3194,1.0,1.0,1018.4073770999998,1000.0,663.1123770999998,1000.0,0.8776481986463807,0.0
2829,1714251660000.0,0.0,0.0,1686.0,0.5301325029655991,0.0,0.0,0.3122,1.0,1.0,1018.4073770999998,1000.0,650.9731770999997,1000.0,0.8776481986463807,0.0
2830,1714255260000.0,0.0,0.0,1686.0,0.5301325029655991,0.0,0.0,0.3118,1.0,1.0,1018.4073770999998,1000.0,650.2987770999998,1000.0,0.8776481986463807,0.0
2831,1714258860000.0,0.0,0.0,1686.0,0.5301325029655991,0.0,0.0,0.3129,1.0,1.0,1018.4073770999998,1000.0,652.1533770999997,1000.0,0.8776481986463807,0.0
2832,1714262460000.0,0.0,0.0,1686.0,0.5301325029655991,0.0,0.0,0.3071,1.0,1.0,1018.4073770999998,1000.0,642.3745770999997,1000.0,0.8776481986463807,0.0
2833,1714266060000.0,0.0,0.0,1686.0,0.5301325029655991,0.0,0.0,0.3242,1.0,1.0,1018.4073770999998,1000.0,671.2051770999997,1000.0,0.8776481986463807,0.0
2834,1714269660000.0,0.0,0.0,1686.0,0.5301325029655991,0.0,0.0,0.3255,1.0,1.0,1018.4073770999998,1000.0,673.3969770999997,1000.0,0.8776481986463807,0.0
2835,1714273260000.0,0.0,0.0,1686.0,0.5301325029655991,0.0,0.0,0.321,1.0,1.0,1018.4073770999998,1000.0,665.8099770999997,1000.0,0.8776481986463807,0.0
2836,1714276860000.0,0.0,0.0,1686.0,0.5301325029655991,0.0,0.0,0.3178,1.0,1.0,1018.4073770999998,1000.0,660.4147770999998,1000.0,0.8776481986463807,0.0
2837,1714280460000.0,0.0,0.0,1686.0,0.5301325029655991,0.0,0.0,0.3219,1.0,1.0,1018.4073770999998,1000.0,667.3273770999998,1000.0,0.8776481986463807,0.0
2838,1714284060000.0,0.0,0.0,1686.0,0.5301325029655991,0.0,0.0,0.3199,1.0,1.0,1018.4073770999998,1000.0,663.9553770999999,1000.0,0.8776481986463807,0.0
2839,1714287660000.0,0.0,0.0,1686.0,0.5301325029655991,0.0,0.0,0.3192,1.0,1.0,1018.4073770999998,1000.0,662.7751770999997,1000.0,0.8776481986463807,0.0
2840,1714291260000.0,0.0,0.0,1686.0,0.5301325029655991,0.0,0.0,0.3173,1.0,1.0,1018.4073770999998,1000.0,659.5717770999997,1000.0,0.8776481986463807,0.0
2841,1714294860000.0,0.0,0.0,1686.0,0.5301325029655991,0.0,0.0,0.3126,1.0,1.0,1018.4073770999998,1000.0,651.6475770999998,1000.0,0.8776481986463807,0.0
2842,1714298460000.0,0.0,0.0,1686.0,0.5301325029655991,0.0,0.0,0.316,1.0,1.0,1018.4073770999998,1000.0,657.3799770999997,1000.0,0.8776481986463807,0.0
2843,1714302060000.0,0.0,0.0,1686.0,0.5301325029655991,0.0,0.0,0.3142,1.0,1.0,1018.4073770999998,1000.0,654.3451770999998,1000.0,0.8776481986463807,0.0
2844,1714305660000.0,0.0,0.0,1686.0,0.5301325029655991,0.0,0.0,0.3213,1.0,1.0,1018.4073770999998,1000.0,666.3157770999997,1000.0,0.8776481986463807,0.0
2845,1714309260000.0,0.0,0.0,1686.0,0.5301325029655991,0.0,0.0,0.32,1.0,1.0,1018.4073770999998,1000.0,664.1239770999998,1000.0,0.8776481986463807,0.0
2846,1714312860000.0,0.0,0.0,1686.0,0.5301325029655991,0.0,0.0,0.3188,1.0,1.0,1018.4073770999998,1000.0,662.1007770999997,1000.0,0.8776481986463807,0.0
2847,1714316460000.0,0.0,0.0,1686.0,0.5301325029655991,0.0,0.0,0.3176,1.0,1.0,1018.4073770999998,1000.0,660.0775770999998,1000.0,0.8776481986463807,0.0
2848,1714320060000.0,0.0,0.0,1686.0,0.5301325029655991,0.0,0.0,0.3177,1.0,1.0,1018.4073770999998,1000.0,660.2461770999997,1000.0,0.8776481986463807,0.0
2849,1714323660000.0,0.0,0.0,1686.0,0.5301325029655991,0.0,0.0,0.3185,1.0,1.0,1018.4073770999998,1000.0,661.5949770999998,1000.0,0.8776481986463807,0.0
2850,1714327260000.0,0.0,0.0,1686.0,0.5301325029655991,0.0,0.0,0.3181,1.0,1.0,1018.4073770999998,1000.0,660.9205770999997,1000.0,0.8776481986463807,0.0
2851,1714330860000.0,0.0,0.0,1686.0,0.5301325029655991,0.0,0.0,0.3191,1.0,1.0,1018.4073770999998,1000.0,662.6065770999998,1000.0,0.8776481986463807,0.0
2852,1714334460000.0,0.0,0.0,1686.0,0.5301325029655991,0.0,0.0,0.3193,1.0,1.0,1018.4073770999998,1000.0,662.9437770999997,1000.0,0.8776481986463807,0.0
2853,1714338060000.0,0.0,0.0,1686.0,0.5301325029655991,0.0,0.0,0.3195,1.0,1.0,1018.4073770999998,1000.0,663.2809770999997,1000.0,0.8776481986463807,0.0
2854,1714341660000.0,0.0,0.0,1686.0,0.5301325029655991,0.0,0.0,0.3198,1.0,1.0,1018.4073770999998,1000.0,663.7867770999997,1000.0,0.8776481986463807,0.0
2855,1714345260000.0,0.0,0.0,1686.0,0.5301325029655991,0.0,0.0,0.3133,1.0,1.0,1018.4073770999998,1000.0,652.8277770999998,1000.0,0.8776481986463807,0.0
2856,1714348860000.0,0.0,0.0,1686.0,0.5301325029655991,0.0,0.0,0.3105,1.0,1.0,1018.4073770999998,1000.0,648.1069770999998,1000.0,0.8776481986463807,0.0
2857,1714352460000.0,0.0,0.0,1686.0,0.5301325029655991,0.0,0.0,0.3155,1.0,1.0,1018.4073770999998,1000.0,656.5369770999998,1000.0,0.8776481986463807,0.0
2858,1714356060000.0,0.0,0.0,1686.0,0.5301325029655991,0.0,0.0,0.3156,1.0,1.0,1018.4073770999998,1000.0,656.7055770999998,1000.0,0.8776481986463807,0.0
2859,1714359660000.0,0.0,0.0,1686.0,0.5301325029655991,0.0,0.0,0.3167,1.0,1.0,1018.4073770999998,1000.0,658.5601770999997,1000.0,0.8776481986463807,0.0
2860,1714363260000.0,0.0,0.0,1686.0,0.5301325029655991,0.0,0.0,0.3082,1.0,1.0,1018.4073770999998,1000.0,644.2291770999998,1000.0,0.8776481986463807,0.0
2861,1714366860000.0,0.0,0.0,1686.0,0.5301325029655991,0.0,0.0,0.3057,1.0,1.0,1018.4073770999998,1000.0,640.0141770999999,1000.0,0.8776481986463807,0.0
2862,1714370460000.0,0.0,0.0,1686.0,0.5301325029655991,0.0,0.0,0.3047,1.0,1.0,1018.4073770999998,1000.0,638.3281770999997,1000.0,0.8776481986463807,0.0
2863,1714374060000.0,0.0,0.0,1686.0,0.5301325029655991,0.0,0.0,0.2979,1.0,1.0,1018.4073770999998,1000.0,626.8633770999998,1000.0,0.8776481986463807,0.0
2864,1714377660000.0,0.0,0.0,1686.0,0.5301325029655991,0.0,0.0,0.2975,1.0,1.0,1018.4073770999998,1000.0,626.1889770999998,1000.0,0.8776481986463807,0.0
2865,1714381260000.0,0.0,0.0,1686.0,0.5301325029655991,0.0,0.0,0.2944,1.0,1.0,1018.4073770999998,1000.0,620.9623770999997,1000.0,0.8776481986463807,0.0
2866,1714384860000.0,0.0,0.0,1686.0,0.5301325029655991,0.0,0.0,0.296,1.0,1.0,1018.4073770999998,1000.0,623.6599770999997,1000.0,0.8776481986463807,0.0
2867,1714388460000.0,0.0,0.0,1686.0,0.5301325029655991,0.0,0.0,0.2973,1.0,1.0,1018.4073770999998,1000.0,625.8517770999997,1000.0,0.8776481986463807,0.0
2868,1714392060000.0,0.0,0.0,1686.0,0.5301325029655991,0.0,0.0,0.2957,1.0,1.0,1018.4073770999998,1000.0,623.1541770999997,1000.0,0.8776481986463807,0.0
2869,1714395660000.0,0.0,0.0,1686.0,0.5301325029655991,0.0,0.0,0.2967,1.0,1.0,1018.4073770999998,1000.0,624.8401770999998,1000.0,0.8776481986463807,0.0
2870,1714399260000.0,0.0,0.0,1686.0,0.5301325029655991,0.0,0.0,0.2952,1.0,1.0,1018.4073770999998,1000.0,622.3111770999998,1000.0,0.8776481986463807,0.0
2871,1714402860000.0,0.0,0.0,1686.0,0.5301325029655991,0.0,0.0,0.2992,1.0,1.0,1018.4073770999998,1000.0,629.0551770999998,1000.0,0.8776481986463807,0.0
2872,1714406460000.0,0.0,0.0,1686.0,0.5301325029655991,0.0,0.0,0.2996,1.0,1.0,1018.4073770999998,1000.0,629.7295770999997,1000.0,0.8776481986463807,0.0
2873,1714410060000.0,0.0,0.0,1686.0,0.5301325029655991,0.0,0.0,0.2998,1.0,1.0,1018.4073770999998,1000.0,630.0667770999999,1000.0,0.8776481986463807,0.0
2874,1714413660000.0,0.0,0.0,1686.0,0.5301325029655991,0.0,0.0,0.3013,1.0,1.0,1018.4073770999998,1000.0,632.5957770999999,1000.0,0.8776481986463807,0.0
2875,1714417260000.0,0.0,0.0,1686.0,0.5301325029655991,0.0,0.0,0.2996,1.0,1.0,1018.4073770999998,1000.0,629.7295770999997,1000.0,0.8776481986463807,0.0
2876,1714420860000.0,0.0,0.0,1686.0,0.5301325029655991,0.0,0.0,0.3,1.0,1.0,1018.4073770999998,1000.0,630.4039770999998,1000.0,0.8776481986463807,0.0
2877,1714424460000.0,0.0,0.0,1686.0,0.5301325029655991,0.0,0.0,0.2975,1.0,1.0,1018.4073770999998,1000.0,626.1889770999998,1000.0,0.8776481986463807,0.0
2878,1714428060000.0,0.0,0.0,1686.0,0.5301325029655991,0.0,0.0,0.2981,1.0,1.0,1018.4073770999998,1000.0,627.2005770999997,1000.0,0.8776481986463807,0.0
2879,1714431660000.0,0.0,0.0,1686.0,0.5301325029655991,0.0,0.0,0.3026,1.0,1.0,1018.4073770999998,1000.0,634.7875770999997,1000.0,0.8776481986463807,0.0
2880,1714435260000.0,0.0,0.0,1686.0,0.5301325029655991,0.0,0.0,0.3018,1.0,1.0,1018.4073770999998,1000.0,633.4387770999997,1000.0,0.8776481986463807,0.0
2881,1714438860000.0,0.0,0.0,1686.0,0.5301325029655991,0.0,0.0,0.3043,1.0,1.0,1018.4073770999998,1000.0,637.6537770999998,1000.0,0.8776481986463807,0.0
2882,1714442460000.0,0.0,0.0,1686.0,0.5301325029655991,0.0,0.0,0.2972,1.0,1.0,1018.4073770999998,1000.0,625.6831770999997,1000.0,0.8776481986463807,0.0
2883,1714446060000.0,0.0,0.0,1686.0,0.5301325029655991,0.0,0.0,0.3029,1.0,1.0,1018.4073770999998,1000.0,635.2933770999998,1000.0,0.8776481986463807,0.0
2884,1714449660000.0,0.0,0.0,1686.0,0.5301325029655991,0.0,0.0,0.3077,1.0,1.0,1018.4073770999998,1000.0,643.3861770999997,1000.0,0.8776481986463807,0.0
2885,1714453260000.0,0.0,0.0,1686.0,0.5301325029655991,0.0,0.0,0.3077,1.0,1.0,1018.4073770999998,1000.0,643.3861770999997,1000.0,0.8776481986463807,0.0
2886,1714456860000.0,0.0,0.0,1686.0,0.5301325029655991,0.0,0.0,0.3073,1.0,1.0,1018.4073770999998,1000.0,642.7117770999998,1000.0,0.8776481986463807,0.0
2887,1714460460000.0,0.0,0.0,1686.0,0.5301325029655991,0.0,0.0,0.3043,1.0,1.0,1018.4073770999998,1000.0,637.6537770999998,1000.0,0.8776481986463807,0.0
2888,1714464060000.0,0.0,0.0,1686.0,0.5301325029655991,0.0,0.0,0.3036,1.0,1.0,1018.4073770999998,1000.0,636.4735770999997,1000.0,0.8776481986463807,0.0
2889,1714467660000.0,0.0,0.0,1686.0,0.5301325029655991,0.0,0.0,0.2945,1.0,1.0,1018.4073770999998,1000.0,621.1309770999997,1000.0,0.8776481986463807,0.0
2890,1714471260000.0,0.0,0.0,1686.0,0.5301325029655991,0.0,0.0,0.2917,1.0,1.0,1018.4073770999998,1000.0,616.4101770999998,1000.0,0.8776481986463807,0.0
2891,1714474860000.0,0.0,0.0,1686.0,0.5301325029655991,0.0,0.0,0.292,1.0,1.0,1018.4073770999998,1000.0,616.9159770999997,1000.0,0.8776481986463807,0.0
2892,1714478460000.0,0.0,0.0,1686.0,0.5301325029655991,0.0,0.0,0.2897,1.0,1.0,1018.4073770999998,1000.0,613.0381770999998,1000.0,0.8776481986463807,0.0
2893,1714482060000.0,0.0,0.0,1686.0,0.5301325029655991,0.0,0.0,0.2848,1.0,1.0,1018.4073770999998,1000.0,604.7767770999998,1000.0,0.8776481986463807,0.0
2894,1714485660000.0,0.0,0.0,1686.0,0.5301325029655991,0.0,0.0,0.2839,1.0,1.0,1018.4073770999998,1000.0,603.2593770999997,1000.0,0.8776481986463807,0.0
2895,1714489260000.0,0.0,0.0,1686.0,0.5301325029655991,0.0,0.0,0.2857,1.0,1.0,1018.4073770999998,1000.0,606.2941770999998,1000.0,0.8776481986463807,0.0
2896,1714492860000.0,0.0,0.0,1686.0,0.5301325029655991,0.0,0.0,0.2809,1.0,1.0,1018.4073770999998,1000.0,598.2013770999997,1000.0,0.8776481986463807,0.0
2897,1714496460000.0,0.0,0.0,1686.0,0.5301325029655991,0.0,0.0,0.2819,1.0,1.0,1018.4073770999998,1000.0,599.8873770999998,1000.0,0.8776481986463807,0.0
2898,1714500060000.0,0.0,0.0,1686.0,0.5301325029655991,0.0,0.0,0.2796,1.0,1.0,1018.4073770999998,1000.0,596.0095770999998,1000.0,0.8776481986463807,0.0
2899,1714503660000.0,0.0,0.0,1686.0,0.5301325029655991,0.0,0.0,0.2807,1.0,1.0,1018.4073770999998,1000.0,597.8641770999998,1000.0,0.8776481986463807,0.0
2900,1714507260000.0,0.0,0.0,1686.0,0.5301325029655991,0.0,0.0,0.2792,1.0,1.0,1018.4073770999998,1000.0,595.3351770999998,1000.0,0.8776481986463807,0.0
2901,1714510860000.0,0.0,0.0,1686.0,0.5301325029655991,0.0,0.0,0.281,1.0,1.0,1018.4073770999998,1000.0,598.3699770999998,1000.0,0.8776481986463807,0.0
2902,1714514460000.0,0.0,0.0,1686.0,0.5301325029655991,0.0,0.0,0.2831,1.0,1.0,1018.4073770999998,1000.0,601.9105770999997,1000.0,0.8776481986463807,0.0
2903,1714518060000.0,0.0,0.0,1686.0,0.5301325029655991,0.0,0.0,0.2853,1.0,1.0,1018.4073770999998,1000.0,605.6197770999997,1000.0,0.8776481986463807,0.0
2904,1714521660000.0,0.0,0.0,1686.0,0.5301325029655991,0.0,0.0,0.2851,1.0,1.0,1018.4073770999998,1000.0,605.2825770999998,1000.0,0.8776481986463807,0.0
2905,1714525260000.0,0.0,0.0,1686.0,0.5301325029655991,0.0,0.0,0.2802,1.0,1.0,1018.4073770999998,1000.0,597.0211770999997,1000.0,0.8776481986463807,0.0
2906,1714528860000.0,0.0,0.0,1686.0,0.5301325029655991,0.0,0.0,0.2811,1.0,1.0,1018.4073770999998,1000.0,598.5385770999998,1000.0,0.8776481986463807,0.0
2907,1714532460000.0,0.0,0.0,1686.0,0.5301325029655991,0.0,0.0,0.2815,1.0,1.0,1018.4073770999998,1000.0,599.2129770999998,1000.0,0.8776481986463807,0.0
2908,1714536060000.0,0.0,0.0,1686.0,0.5301325029655991,0.0,0.0,0.2825,1.0,1.0,1018.4073770999998,1000.0,600.8989770999997,1000.0,0.8776481986463807,0.0
2909,1714539660000.0,0.0,0.0,1686.0,0.5301325029655991,0.0,0.0,0.2833,1.0,1.0,1018.4073770999998,1000.0,602.2477770999997,1000.0,0.8776481986463807,0.0
2910,1714543260000.0,0.0,0.0,1686.0,0.5301325029655991,0.0,0.0,0.2809,1.0,1.0,1018.4073770999998,1000.0,598.2013770999997,1000.0,0.8776481986463807,0.0
2911,1714546860000.0,0.0,0.0,1686.0,0.5301325029655991,0.0,0.0,0.2773,1.0,1.0,1018.4073770999998,1000.0,592.1317770999997,1000.0,0.8776481986463807,0.0
2912,1714550460000.0,0.0,0.0,1686.0,0.5301325029655991,0.0,0.0,0.2702,1.0,1.0,1018.4073770999998,1000.0,580.1611770999998,1000.0,0.8776481986463807,0.0
2913,1714554060000.0,0.0,0.0,1686.0,0.5301325029655991,0.0,0.0,0.2704,1.0,1.0,1018.4073770999998,1000.0,580.4983770999997,1000.0,0.8776481986463807,0.0
2914,1714557660000.0,0.0,0.0,1686.0,0.5301325029655991,0.0,0.0,0.2712,1.0,1.0,1018.4073770999998,1000.0,581.8471770999997,1000.0,0.8776481986463807,0.0
2915,1714561260000.0,0.0,0.0,1686.0,0.5301325029655991,0.0,0.0,0.272,1.0,1.0,1018.4073770999998,1000.0,583.1959770999997,1000.0,0.8776481986463807,0.0
2916,1714564860000.0,0.0,0.0,1686.0,0.5301325029655991,0.0,0.0,0.2736,1.0,1.0,1018.4073770999998,1000.0,585.8935770999998,1000.0,0.8776481986463807,0.0
2917,1714568460000.0,0.0,0.0,1686.0,0.5301325029655991,0.0,0.0,0.2762,1.0,1.0,1018.4073770999998,1000.0,590.2771770999998,1000.0,0.8776481986463807,0.0
2918,1714572060000.0,0.0,0.0,1686.0,0.5301325029655991,0.0,0.0,0.2749,1.0,1.0,1018.4073770999998,1000.0,588.0853770999997,1000.0,0.8776481986463807,0.0
2919,1714575660000.0,0.0,0.0,1686.0,0.5301325029655991,0.0,0.0,0.2726,1.0,1.0,1018.4073770999998,1000.0,584.2075770999998,1000.0,0.8776481986463807,0.0
2920,1714579260000.0,0.0,0.0,1686.0,0.5301325029655991,0.0,0.0,0.2712,1.0,1.0,1018.4073770999998,1000.0,581.8471770999997,1000.0,0.8776481986463807,0.0
2921,1714582860000.0,0.0,0.0,1686.0,0.5301325029655991,0.0,0.0,0.272,1.0,1.0,1018.4073770999998,1000.0,583.1959770999997,1000.0,0.8776481986463807,0.0
2922,1714586460000.0,0.0,0.0,1686.0,0.5301325029655991,0.0,0.0,0.2771,1.0,1.0,1018.4073770999998,1000.0,591.7945770999997,1000.0,0.8776481986463807,0.0
2923,1714590060000.0,0.0,0.0,1686.0,0.5301325029655991,0.0,0.0,0.2864,1.0,1.0,1018.4073770999998,1000.0,607.4743770999997,1000.0,0.8776481986463807,0.0
2924,1714593660000.0,0.0,0.0,1686.0,0.5301325029655991,0.0,0.0,0.2794,1.0,1.0,1018.4073770999998,1000.0,595.6723770999997,1000.0,0.8776481986463807,0.0
2925,1714597260000.0,0.0,0.0,1686.0,0.5301325029655991,0.0,0.0,0.2794,1.0,1.0,1018.4073770999998,1000.0,595.6723770999997,1000.0,0.8776481986463807,0.0
2926,1714600860000.0,0.0,0.0,1686.0,0.5301325029655991,0.0,0.0,0.2824,1.0,1.0,1018.4073770999998,1000.0,600.7303770999997,1000.0,0.8776481986463807,0.0
2927,1714604460000.0,0.0,0.0,1686.0,0.5301325029655991,0.0,0.0,0.2824,1.0,1.0,1018.4073770999998,1000.0,600.7303770999997,1000.0,0.8776481986463807,0.0
2928,1714608060000.0,0.0,0.0,1686.0,0.5301325029655991,0.0,0.0,0.2832,1.0,1.0,1018.4073770999998,1000.0,602.0791770999997,1000.0,0.8776481986463807,0.0
2929,1714611660000.0,0.0,0.0,1686.0,0.5301325029655991,0.0,0.0,0.2786,1.0,1.0,1018.4073770999998,1000.0,594.3235770999997,1000.0,0.8776481986463807,0.0
2930,1714615260000.0,0.0,0.0,1686.0,0.5301325029655991,0.0,0.0,0.2777,1.0,1.0,1018.4073770999998,1000.0,592.8061770999998,1000.0,0.8776481986463807,0.0
2931,1714618860000.0,0.0,0.0,1686.0,0.5301325029655991,0.0,0.0,0.2782,1.0,1.0,1018.4073770999998,1000.0,593.6491770999997,1000.0,0.8776481986463807,0.0
2932,1714622460000.0,0.0,0.0,1686.0,0.5301325029655991,0.0,0.0,0.2789,1.0,1.0,1018.4073770999998,1000.0,594.8293770999996,1000.0,0.8776481986463807,0.0
2933,1714626060000.0,0.0,0.0,1686.0,0.5301325029655991,0.0,0.0,0.2762,1.0,1.0,1018.4073770999998,1000.0,590.2771770999998,1000.0,0.8776481986463807,0.0
2934,1714629660000.0,0.0,0.0,1686.0,0.5301325029655991,0.0,0.0,0.2769,1.0,1.0,1018.4073770999998,1000.0,591.4573770999998,1000.0,0.8776481986463807,0.0
2935,1714633260000.0,0.0,0.0,1686.0,0.5301325029655991,0.0,0.0,0.276,1.0,1.0,1018.4073770999998,1000.0,589.9399770999999,1000.0,0.8776481986463807,0.0
2936,1714636860000.0,0.0,0.0,1686.0,0.5301325029655991,0.0,0.0,0.2773,1.0,1.0,1018.4073770999998,1000.0,592.1317770999997,1000.0,0.8776481986463807,0.0
2937,1714640460000.0,0.0,0.0,1686.0,0.5301325029655991,0.0,0.0,0.2789,1.0,1.0,1018.4073770999998,1000.0,594.8293770999996,1000.0,0.8776481986463807,0.0
2938,1714644060000.0,0.0,0.0,1686.0,0.5301325029655991,0.0,0.0,0.2788,1.0,1.0,1018.4073770999998,1000.0,594.6607770999997,1000.0,0.8776481986463807,0.0
2939,1714647660000.0,0.0,0.0,1686.0,0.5301325029655991,0.0,0.0,0.2815,1.0,1.0,1018.4073770999998,1000.0,599.2129770999998,1000.0,0.8776481986463807,0.0
2940,1714651260000.0,0.0,0.0,1686.0,0.5301325029655991,0.0,0.0,0.2841,1.0,1.0,1018.4073770999998,1000.0,603.5965770999998,1000.0,0.8776481986463807,0.0
2941,1714654860000.0,0.0,0.0,1686.0,0.5301325029655991,0.0,0.0,0.2825,1.0,1.0,1018.4073770999998,1000.0,600.8989770999997,1000.0,0.8776481986463807,0.0
2942,1714658460000.0,0.0,0.0,1686.0,0.5301325029655991,0.0,0.0,0.2795,1.0,1.0,1018.4073770999998,1000.0,595.8409770999998,1000.0,0.8776481986463807,0.0
2943,1714662060000.0,0.0,0.0,1686.0,0.5301325029655991,0.0,0.0,0.2838,1.0,1.0,1018.4073770999998,1000.0,603.0907770999997,1000.0,0.8776481986463807,0.0
2944,1714665660000.0,0.0,0.0,1686.0,0.5301325029655991,0.0,0.0,0.2849,1.0,1.0,1018.4073770999998,1000.0,604.9453770999997,1000.0,0.8776481986463807,0.0
2945,1714669260000.0,0.0,0.0,1686.0,0.5301325029655991,0.0,0.0,0.2845,1.0,1.0,1018.4073770999998,1000.0,604.2709770999998,1000.0,0.8776481986463807,0.0
2946,1714672860000.0,0.0,0.0,1686.0,0.5301325029655991,0.0,0.0,0.2879,1.0,1.0,1018.4073770999998,1000.0,610.0033770999997,1000.0,0.8776481986463807,0.0
2947,1714676460000.0,0.0,0.0,1686.0,0.5301325029655991,0.0,0.0,0.2877,1.0,1.0,1018.4073770999998,1000.0,609.6661770999998,1000.0,0.8776481986463807,0.0
2948,1714680060000.0,0.0,0.0,1686.0,0.5301325029655991,0.0,0.0,0.2881,1.0,1.0,1018.4073770999998,1000.0,610.3405770999998,1000.0,0.8776481986463807,0.0
2949,1714683660000.0,0.0,0.0,1686.0,0.5301325029655991,0.0,0.0,0.2877,1.0,1.0,1018.4073770999998,1000.0,609.6661770999998,1000.0,0.8776481986463807,0.0
2950,1714687260000.0,0.0,0.0,1686.0,0.5301325029655991,0.0,0.0,0.2888,1.0,1.0,1018.4073770999998,1000.0,611.5207770999998,1000.0,0.8776481986463807,0.0
2951,1714690860000.0,0.0,0.0,1686.0,0.5301325029655991,0.0,0.0,0.2895,1.0,1.0,1018.4073770999998,1000.0,612.7009770999997,1000.0,0.8776481986463807,0.0
2952,1714694460000.0,0.0,0.0,1686.0,0.5301325029655991,0.0,0.0,0.2879,1.0,1.0,1018.4073770999998,1000.0,610.0033770999997,1000.0,0.8776481986463807,0.0
2953,1714698060000.0,0.0,0.0,1686.0,0.5301325029655991,0.0,0.0,0.2871,1.0,1.0,1018.4073770999998,1000.0,608.6545770999999,1000.0,0.8776481986463807,0.0
2954,1714701660000.0,0.0,0.0,1686.0,0.5301325029655991,0.0,0.0,0.2893,1.0,1.0,1018.4073770999998,1000.0,612.3637770999998,1000.0,0.8776481986463807,0.0
2955,1714705260000.0,0.0,0.0,1686.0,0.5301325029655991,0.0,0.0,0.2902,1.0,1.0,1018.4073770999998,1000.0,613.8811770999998,1000.0,0.8776481986463807,0.0
2956,1714708860000.0,0.0,0.0,1686.0,0.5301325029655991,0.0,0.0,0.2909,1.0,1.0,1018.4073770999998,1000.0,615.0613770999997,1000.0,0.8776481986463807,0.0
2957,1714712460000.0,0.0,0.0,1686.0,0.5301325029655991,0.0,0.0,0.2898,1.0,1.0,1018.4073770999998,1000.0,613.2067770999997,1000.0,0.8776481986463807,0.0
2958,1714716060000.0,0.0,0.0,1686.0,0.5301325029655991,0.0,0.0,0.2894,1.0,1.0,1018.4073770999998,1000.0,612.5323770999997,1000.0,0.8776481986463807,0.0
2959,1714719660000.0,0.0,0.0,1686.0,0.5301325029655991,0.0,0.0,0.2876,1.0,1.0,1018.4073770999998,1000.0,609.4975770999997,1000.0,0.8776481986463807,0.0
2960,1714723260000.0,0.0,0.0,1686.0,0.5301325029655991,0.0,0.0,0.2862,1.0,1.0,1018.4073770999998,1000.0,607.1371770999997,1000.0,0.8776481986463807,0.0
2961,1714726860000.0,0.0,0.0,1686.0,0.5301325029655991,0.0,0.0,0.2867,1.0,1.0,1018.4073770999998,1000.0,607.9801770999998,1000.0,0.8776481986463807,0.0
2962,1714730460000.0,0.0,0.0,1686.0,0.5301325029655991,0.0,0.0,0.2856,1.0,1.0,1018.4073770999998,1000.0,606.1255770999999,1000.0,0.8776481986463807,0.0
2963,1714734060000.0,0.0,0.0,1686.0,0.5301325029655991,0.0,0.0,0.2829,1.0,1.0,1018.4073770999998,1000.0,601.5733770999998,1000.0,0.8776481986463807,0.0
2964,1714737660000.0,0.0,0.0,1686.0,0.5301325029655991,0.0,0.0,0.2837,1.0,1.0,1018.4073770999998,1000.0,602.9221770999998,1000.0,0.8776481986463807,0.0
2965,1714741260000.0,0.0,0.0,1686.0,0.5301325029655991,0.0,0.0,0.2912,1.0,1.0,1018.4073770999998,1000.0,615.5671770999998,1000.0,0.8776481986463807,0.0
2966,1714744860000.0,0.0,0.0,1686.0,0.5301325029655991,0.0,0.0,0.2929,1.0,1.0,1018.4073770999998,1000.0,618.4333770999997,1000.0,0.8776481986463807,0.0
2967,1714748460000.0,0.0,0.0,1686.0,0.5301325029655991,0.0,0.0,0.2925,1.0,1.0,1018.4073770999998,1000.0,617.7589770999998,1000.0,0.8776481986463807,0.0
2968,1714752060000.0,0.0,0.0,1686.0,0.5301325029655991,0.0,0.0,0.2952,1.0,1.0,1018.4073770999998,1000.0,622.3111770999998,1000.0,0.8776481986463807,0.0
2969,1714755660000.0,0.0,0.0,1686.0,0.5301325029655991,0.0,0.0,0.2951,1.0,1.0,1018.4073770999998,1000.0,622.1425770999997,1000.0,0.8776481986463807,0.0
2970,1714759260000.0,0.0,0.0,1686.0,0.5301325029655991,0.0,0.0,0.2966,1.0,1.0,1018.4073770999998,1000.0,624.6715770999997,1000.0,0.8776481986463807,0.0
2971,1714762860000.0,0.0,0.0,1686.0,0.5301325029655991,0.0,0.0,0.2948,1.0,1.0,1018.4073770999998,1000.0,621.6367770999998,1000.0,0.8776481986463807,0.0
2972,1714766460000.0,0.0,0.0,1686.0,0.5301325029655991,0.0,0.0,0.2963,1.0,1.0,1018.4073770999998,1000.0,624.1657770999998,1000.0,0.8776481986463807,0.0
2973,1714770060000.0,0.0,0.0,1686.0,0.5301325029655991,0.0,0.0,0.2975,1.0,1.0,1018.4073770999998,1000.0,626.1889770999998,1000.0,0.8776481986463807,0.0
2974,1714773660000.0,0.0,0.0,1686.0,0.5301325029655991,0.0,0.0,0.2965,1.0,1.0,1018.4073770999998,1000.0,624.5029770999997,1000.0,0.8776481986463807,0.0
2975,1714777260000.0,0.0,0.0,1686.0,0.5301325029655991,0.0,0.0,0.2965,1.0,1.0,1018.4073770999998,1000.0,624.5029770999997,1000.0,0.8776481986463807,0.0
2976,1714780860000.0,0.0,0.0,1686.0,0.5301325029655991,0.0,0.0,0.2951,1.0,1.0,1018.4073770999998,1000.0,622.1425770999997,1000.0,0.8776481986463807,0.0
2977,1714784460000.0,0.0,0.0,1686.0,0.5301325029655991,0.0,0.0,0.2962,1.0,1.0,1018.4073770999998,1000.0,623.9971770999998,1000.0,0.8776481986463807,0.0
2978,1714788060000.0,0.0,0.0,1686.0,0.5301325029655991,0.0,0.0,0.2942,1.0,1.0,1018.4073770999998,1000.0,620.6251770999997,1000.0,0.8776481986463807,0.0
2979,1714791660000.0,0.0,0.0,1686.0,0.5301325029655991,0.0,0.0,0.2928,1.0,1.0,1018.4073770999998,1000.0,618.2647770999997,1000.0,0.8776481986463807,0.0
2980,1714795260000.0,0.0,0.0,1686.0,0.5301325029655991,0.0,0.0,0.2941,1.0,1.0,1018.4073770999998,1000.0,620.4565770999998,1000.0,0.8776481986463807,0.0
2981,1714798860000.0,0.0,0.0,1686.0,0.5301325029655991,0.0,0.0,0.2949,1.0,1.0,1018.4073770999998,1000.0,621.8053770999998,1000.0,0.8776481986463807,0.0
2982,1714802460000.0,0.0,0.0,1686.0,0.5301325029655991,0.0,0.0,0.2952,1.0,1.0,1018.4073770999998,1000.0,622.3111770999998,1000.0,0.8776481986463807,0.0
2983,1714806060000.0,0.0,0.0,1686.0,0.5301325029655991,0.0,0.0,0.2939,1.0,1.0,1018.4073770999998,1000.0,620.1193770999997,1000.0,0.8776481986463807,0.0
2984,1714809660000.0,0.0,0.0,1686.0,0.5301325029655991,0.0,0.0,0.2934,1.0,1.0,1018.4073770999998,1000.0,619.2763770999998,1000.0,0.8776481986463807,0.0
2985,1714813260000.0,0.0,0.0,1686.0,0.5301325029655991,0.0,0.0,0.2944,1.0,1.0,1018.4073770999998,1000.0,620.9623770999997,1000.0,0.8776481986463807,0.0
2986,1714816860000.0,0.0,0.0,1686.0,0.5301325029655991,0.0,0.0,0.2936,1.0,1.0,1018.4073770999998,1000.0,619.6135770999998,1000.0,0.8776481986463807,0.0
2987,1714820460000.0,0.0,0.0,1686.0,0.5301325029655991,0.0,0.0,0.2993,1.0,1.0,1018.4073770999998,1000.0,629.2237770999998,1000.0,0.8776481986463807,0.0
2988,1714824060000.0,0.0,0.0,1686.0,0.5301325029655991,0.0,0.0,0.2973,1.0,1.0,1018.4073770999998,1000.0,625.8517770999997,1000.0,0.8776481986463807,0.0
2989,1714827660000.0,0.0,0.0,1686.0,0.5301325029655991,0.0,0.0,0.3035,1.0,1.0,1018.4073770999998,1000.0,636.3049770999997,1000.0,0.8776481986463807,0.0
2990,1714831260000.0,0.0,0.0,1686.0,0.5301325029655991,0.0,0.0,0.2993,1.0,1.0,1018.4073770999998,1000.0,629.2237770999998,1000.0,0.8776481986463807,0.0
2991,1714834860000.0,0.0,0.0,1686.0,0.5301325029655991,0.0,0.0,0.2997,1.0,1.0,1018.4073770999998,1000.0,629.8981770999998,1000.0,0.8776481986463807,0.0
2992,1714838460000.0,0.0,0.0,1686.0,0.5301325029655991,0.0,0.0,0.2983,1.0,1.0,1018.4073770999998,1000.0,627.5377770999997,1000.0,0.8776481986463807,0.0
2993,1714842060000.0,0.0,0.0,1686.0,0.5301325029655991,0.0,0.0,0.2986,1.0,1.0,1018.4073770999998,1000.0,628.0435770999998,1000.0,0.8776481986463807,0.0
2994,1714845660000.0,0.0,0.0,1686.0,0.5301325029655991,0.0,0.0,0.2985,1.0,1.0,1018.4073770999998,1000.0,627.8749770999998,1000.0,0.8776481986463807,0.0
2995,1714849260000.0,0.0,0.0,1686.0,0.5301325029655991,0.0,0.0,0.2996,1.0,1.0,1018.4073770999998,1000.0,629.7295770999997,1000.0,0.8776481986463807,0.0
2996,1714852860000.0,0.0,0.0,1686.0,0.5301325029655991,0.0,0.0,0.3017,1.0,1.0,1018.4073770999998,1000.0,633.2701770999997,1000.0,0.8776481986463807,0.0
2997,1714856460000.0,0.0,0.0,1686.0,0.5301325029655991,0.0,0.0,0.2999,1.0,1.0,1018.4073770999998,1000.0,630.2353770999998,1000.0,0.8776481986463807,0.0
2998,1714860060000.0,0.0,0.0,1686.0,0.5301325029655991,0.0,0.0,0.2988,1.0,1.0,1018.4073770999998,1000.0,628.3807770999997,1000.0,0.8776481986463807,0.0
2999,1714863660000.0,0.0,0.0,1686.0,0.5301325029655991,0.0,0.0,0.2978,1.0,1.0,1018.4073770999998,1000.0,626.6947770999998,1000.0,0.8776481986463807,0.0
3000,1714867260000.0,0.0,0.0,1686.0,0.5301325029655991,0.0,0.0,0.2988,1.0,1.0,1018.4073770999998,1000.0,628.3807770999997,1000.0,0.8776481986463807,0.0
3001,1714870860000.0,0.0,0.0,1686.0,0.5301325029655991,0.0,0.0,0.2974,1.0,1.0,1018.4073770999998,1000.0,626.0203770999997,1000.0,0.8776481986463807,0.0
3002,1714874460000.0,0.0,0.0,1686.0,0.5301325029655991,0.0,0.0,0.2949,1.0,1.0,1018.4073770999998,1000.0,621.8053770999998,1000.0,0.8776481986463807,0.0
3003,1714878060000.0,0.0,0.0,1686.0,0.5301325029655991,0.0,0.0,0.2958,1.0,1.0,1018.4073770999998,1000.0,623.3227770999997,1000.0,0.8776481986463807,0.0
3004,1714881660000.0,0.0,0.0,1686.0,0.5301325029655991,0.0,0.0,0.2957,1.0,1.0,1018.4073770999998,1000.0,623.1541770999997,1000.0,0.8776481986463807,0.0
3005,1714885260000.0,0.0,0.0,1686.0,0.5301325029655991,0.0,0.0,0.295,1.0,1.0,1018.4073770999998,1000.0,621.9739770999997,1000.0,0.8776481986463807,0.0
3006,1714888860000.0,0.0,0.0,1686.0,0.5301325029655991,0.0,0.0,0.293,1.0,1.0,1018.4073770999998,1000.0,618.6019770999997,1000.0,0.8776481986463807,0.0
3007,1714892460000.0,0.0,0.0,1686.0,0.5301325029655991,0.0,0.0,0.2947,1.0,1.0,1018.4073770999998,1000.0,621.4681770999998,1000.0,0.8776481986463807,0.0
3008,1714896060000.0,0.0,0.0,1686.0,0.5301325029655991,0.0,0.0,0.2954,1.0,1.0,1018.4073770999998,1000.0,622.6483770999997,1000.0,0.8776481986463807,0.0
3009,1714899660000.0,0.0,0.0,1686.0,0.5301325029655991,0.0,0.0,0.2962,1.0,1.0,1018.4073770999998,1000.0,623.9971770999998,1000.0,0.8776481986463807,0.0
3010,1714903260000.0,0.0,0.0,1686.0,0.5301325029655991,0.0,0.0,0.2989,1.0,1.0,1018.4073770999998,1000.0,628.5493770999997,1000.0,0.8776481986463807,0.0
3011,1714906860000.0,0.0,0.0,1686.0,0.5301325029655991,0.0,0.0,0.2987,1.0,1.0,1018.4073770999998,1000.0,628.2121770999997,1000.0,0.8776481986463807,0.0
3012,1714910460000.0,0.0,0.0,1686.0,0.5301325029655991,0.0,0.0,0.2986,1.0,1.0,1018.4073770999998,1000.0,628.0435770999998,1000.0,0.8776481986463807,0.0
3013,1714914060000.0,0.0,0.0,1686.0,0.5301325029655991,0.0,0.0,0.2968,1.0,1.0,1018.4073770999998,1000.0,625.0087770999997,1000.0,0.8776481986463807,0.0
3014,1714917660000.0,0.0,0.0,1686.0,0.5301325029655991,0.0,0.0,0.2982,1.0,1.0,1018.4073770999998,1000.0,627.3691770999998,1000.0,0.8776481986463807,0.0
3015,1714921260000.0,0.0,0.0,1686.0,0.5301325029655991,0.0,0.0,0.3014,1.0,1.0,1018.4073770999998,1000.0,632.7643770999998,1000.0,0.8776481986463807,0.0
3016,1714924860000.0,0.0,0.0,1686.0,0.5301325029655991,0.0,0.0,0.3034,1.0,1.0,1018.4073770999998,1000.0,636.1363770999998,1000.0,0.8776481986463807,0.0
3017,1714928460000.0,0.0,0.0,1686.0,0.5301325029655991,0.0,0.0,0.3055,1.0,1.0,1018.4073770999998,1000.0,639.6769770999997,1000.0,0.8776481986463807,0.0
3018,1714932060000.0,0.0,0.0,1686.0,0.5301325029655991,0.0,0.0,0.3055,1.0,1.0,1018.4073770999998,1000.0,639.6769770999997,1000.0,0.8776481986463807,0.0
3019,1714935660000.0,0.0,0.0,1686.0,0.5301325029655991,0.0,0.0,0.305,1.0,1.0,1018.4073770999998,1000.0,638.8339770999997,1000.0,0.8776481986463807,0.0
3020,1714939260000.0,0.0,0.0,1686.0,0.5301325029655991,0.0,0.0,0.3051,1.0,1.0,1018.4073770999998,1000.0,639.0025770999997,1000.0,0.8776481986463807,0.0
3021,1714942860000.0,0.0,0.0,1686.0,0.5301325029655991,0.0,0.0,0.3048,1.0,1.0,1018.4073770999998,1000.0,638.4967770999998,1000.0,0.8776481986463807,0.0
3022,1714946460000.0,0.0,0.0,1686.0,0.5301325029655991,0.0,0.0,0.3045,1.0,1.0,1018.4073770999998,1000.0,637.9909770999998,1000.0,0.8776481986463807,0.0
3023,1714950060000.0,0.0,0.0,1686.0,0.5301325029655991,0.0,0.0,0.3058,1.0,1.0,1018.4073770999998,1000.0,640.1827770999998,1000.0,0.8776481986463807,0.0
3024,1714953660000.0,0.0,0.0,1686.0,0.5301325029655991,0.0,0.0,0.3059,1.0,1.0,1018.4073770999998,1000.0,640.3513770999998,1000.0,0.8776481986463807,0.0
3025,1714957260000.0,0.0,0.0,1686.0,0.5301325029655991,0.0,0.0,0.3059,1.0,1.0,1018.4073770999998,1000.0,640.3513770999998,1000.0,0.8776481986463807,0.0
3026,1714960860000.0,0.0,0.0,1686.0,0.5301325029655991,0.0,0.0,0.3047,1.0,1.0,1018.4073770999998,1000.0,638.3281770999997,1000.0,0.8776481986463807,0.0
3027,1714964460000.0,0.0,0.0,1686.0,0.5301325029655991,0.0,0.0,0.3042,1.0,1.0,1018.4073770999998,1000.0,637.4851770999999,1000.0,0.8776481986463807,0.0
3028,1714968060000.0,0.0,0.0,1686.0,0.5301325029655991,0.0,0.0,0.3041,1.0,1.0,1018.4073770999998,1000.0,637.3165770999997,1000.0,0.8776481986463807,0.0
3029,1714971660000.0,0.0,0.0,1686.0,0.5301325029655991,0.0,0.0,0.3059,1.0,1.0,1018.4073770999998,1000.0,640.3513770999998,1000.0,0.8776481986463807,0.0
3030,1714975260000.0,0.0,0.0,1686.0,0.5301325029655991,0.0,0.0,0.307,1.0,1.0,1018.4073770999998,1000.0,642.2059770999997,1000.0,0.8776481986463807,0.0
3031,1714978860000.0,0.0,0.0,1686.0,0.5301325029655991,0.0,0.0,0.3071,1.0,1.0,1018.4073770999998,1000.0,642.3745770999997,1000.0,0.8776481986463807,0.0
3032,1714982460000.0,0.0,0.0,1686.0,0.5301325029655991,0.0,0.0,0.3101,1.0,1.0,1018.4073770999998,1000.0,647.4325770999997,1000.0,0.8776481986463807,0.0
3033,1714986060000.0,0.0,0.0,1686.0,0.5301325029655991,0.0,0.0,0.3136,1.0,1.0,1018.4073770999998,1000.0,653.3335770999997,1000.0,0.8776481986463807,0.0
3034,1714989660000.0,0.0,0.0,1686.0,0.5301325029655991,0.0,0.0,0.3125,1.0,1.0,1018.4073770999998,1000.0,651.4789770999998,1000.0,0.8776481986463807,0.0
3035,1714993260000.0,0.0,0.0,1686.0,0.5301325029655991,0.0,0.0,0.3076,1.0,1.0,1018.4073770999998,1000.0,643.2175770999997,1000.0,0.8776481986463807,0.0
3036,1714996860000.0,0.0,0.0,1686.0,0.5301325029655991,0.0,0.0,0.3081,1.0,1.0,1018.4073770999998,1000.0,644.0605770999997,1000.0,0.8776481986463807,0.0
3037,1715000460000.0,0.0,0.0,1686.0,0.5301325029655991,0.0,0.0,0.301,1.0,1.0,1018.4073770999998,1000.0,632.0899770999997,1000.0,0.8776481986463807,0.0
3038,1715004060000.0,0.0,0.0,1686.0,0.5301325029655991,0.0,0.0,0.3055,1.0,1.0,1018.4073770999998,1000.0,639.6769770999997,1000.0,0.8776481986463807,0.0
3039,1715007660000.0,0.0,0.0,1686.0,0.5301325029655991,0.0,0.0,0.2992,1.0,1.0,1018.4073770999998,1000.0,629.0551770999998,1000.0,0.8776481986463807,0.0
3040,1715011260000.0,0.0,0.0,1686.0,0.5301325029655991,0.0,0.0,0.307,1.0,1.0,1018.4073770999998,1000.0,642.2059770999997,1000.0,0.8776481986463807,0.0
3041,1715014860000.0,0.0,0.0,1686.0,0.5301325029655991,0.0,0.0,0.309,1.0,1.0,1018.4073770999998,1000.0,645.5779770999998,1000.0,0.8776481986463807,0.0
3042,1715018460000.0,0.0,0.0,1686.0,0.5301325029655991,0.0,0.0,0.3164,1.0,1.0,1018.4073770999998,1000.0,658.0543770999998,1000.0,0.8776481986463807,0.0
3043,1715022060000.0,0.0,0.0,1686.0,0.5301325029655991,0.0,0.0,0.3156,1.0,1.0,1018.4073770999998,1000.0,656.7055770999998,1000.0,0.8776481986463807,0.0
3044,1715025660000.0,0.0,0.0,1686.0,0.5301325029655991,0.0,0.0,0.316,1.0,1.0,1018.4073770999998,1000.0,657.3799770999997,1000.0,0.8776481986463807,0.0
3045,1715029260000.0,0.0,0.0,1686.0,0.5301325029655991,0.0,0.0,0.3171,1.0,1.0,1018.4073770999998,1000.0,659.2345770999998,1000.0,0.8776481986463807,0.0
3046,1715032860000.0,0.0,0.0,1686.0,0.5301325029655991,0.0,0.0,0.3202,1.0,1.0,1018.4073770999998,1000.0,664.4611770999998,1000.0,0.8776481986463807,0.0
3047,1715036460000.0,0.0,0.0,1686.0,0.5301325029655991,0.0,0.0,0.3188,1.0,1.0,1018.4073770999998,1000.0,662.1007770999997,1000.0,0.8776481986463807,0.0
3048,1715040060000.0,0.0,0.0,1686.0,0.5301325029655991,0.0,0.0,0.3195,1.0,1.0,1018.4073770999998,1000.0,663.2809770999997,1000.0,0.8776481986463807,0.0
3049,1715043660000.0,0.0,0.0,1686.0,0.5301325029655991,0.0,0.0,0.3336,1.0,1.0,1018.4073770999998,1000.0,687.0535770999998,1000.0,0.8776481986463807,0.0
3050,1715047260000.0,0.0,0.0,1686.0,0.5301325029655991,0.0,0.0,0.3212,1.0,1.0,1018.4073770999998,1000.0,666.1471770999997,1000.0,0.8776481986463807,0.0
3051,1715050860000.0,0.0,0.0,1686.0,0.5301325029655991,0.0,0.0,0.3289,1.0,1.0,1018.4073770999998,1000.0,679.1293770999998,1000.0,0.8776481986463807,0.0
3052,1715054460000.0,0.0,0.0,1686.0,0.5301325029655991,0.0,0.0,0.3359,1.0,1.0,1018.4073770999998,1000.0,690.9313770999997,1000.0,0.8776481986463807,0.0
3053,1715058060000.0,0.0,0.0,1686.0,0.5301325029655991,0.0,0.0,0.3388,1.0,1.0,1018.4073770999998,1000.0,695.8207770999998,1000.0,0.8776481986463807,0.0
3054,1715061660000.0,0.0,0.0,1686.0,0.5301325029655991,0.0,0.0,0.3514,1.0,1.0,1018.4073770999998,1000.0,717.0643770999998,1000.0,0.8776481986463807,0.0
3055,1715065260000.0,0.0,0.0,1686.0,0.5301325029655991,0.0,0.0,0.3578,1.0,1.0,1018.4073770999998,1000.0,727.8547770999998,1000.0,0.8776481986463807,0.0
3056,1715068860000.0,0.0,0.0,1686.0,0.5301325029655991,0.0,0.0,0.3441,1.0,1.0,1018.4073770999998,1000.0,704.7565770999997,1000.0,0.8776481986463807,0.0
3057,1715072460000.0,0.0,0.0,1686.0,0.5301325029655991,0.0,0.0,0.3457,1.0,1.0,1018.4073770999998,1000.0,707.4541770999997,1000.0,0.8776481986463807,0.0
3058,1715076060000.0,0.0,0.0,1686.0,0.5301325029655991,0.0,0.0,0.3378,1.0,1.0,1018.4073770999998,1000.0,694.1347770999997,1000.0,0.8776481986463807,0.0
3059,1715079660000.0,0.0,0.0,1686.0,0.5301325029655991,0.0,0.0,0.3403,1.0,1.0,1018.4073770999998,1000.0,698.3497770999998,1000.0,0.8776481986463807,0.0
3060,1715083260000.0,0.0,0.0,1686.0,0.5301325029655991,0.0,0.0,0.3456,1.0,1.0,1018.4073770999998,1000.0,707.2855770999997,1000.0,0.8776481986463807,0.0
3061,1715086860000.0,0.0,0.0,1686.0,0.5301325029655991,0.0,0.0,0.3424,1.0,1.0,1018.4073770999998,1000.0,701.8903770999998,1000.0,0.8776481986463807,0.0
3062,1715090460000.0,0.0,0.0,1686.0,0.5301325029655991,0.0,0.0,0.3378,1.0,1.0,1018.4073770999998,1000.0,694.1347770999997,1000.0,0.8776481986463807,0.0
3063,1715094060000.0,0.0,0.0,1686.0,0.5301325029655991,0.0,0.0,0.3435,1.0,1.0,1018.4073770999998,1000.0,703.7449770999998,1000.0,0.8776481986463807,0.0
3064,1715097660000.0,0.0,0.0,1686.0,0.5301325029655991,0.0,0.0,0.3367,1.0,1.0,1018.4073770999998,1000.0,692.2801770999997,1000.0,0.8776481986463807,0.0
3065,1715101260000.0,0.0,0.0,1686.0,0.5301325029655991,0.0,0.0,0.3377,1.0,1.0,1018.4073770999998,1000.0,693.9661770999998,1000.0,0.8776481986463807,0.0
3066,1715104860000.0,0.0,0.0,1686.0,0.5301325029655991,0.0,0.0,0.3391,1.0,1.0,1018.4073770999998,1000.0,696.3265770999998,1000.0,0.8776481986463807,0.0
3067,1715108460000.0,0.0,0.0,1686.0,0.5301325029655991,0.0,0.0,0.3422,1.0,1.0,1018.4073770999998,1000.0,701.5531770999997,1000.0,0.8776481986463807,0.0
3068,1715112060000.0,0.0,0.0,1686.0,0.5301325029655991,0.0,0.0,0.3423,1.0,1.0,1018.4073770999998,1000.0,701.7217770999998,1000.0,0.8776481986463807,0.0
3069,1715115660000.0,0.0,0.0,1686.0,0.5301325029655991,0.0,0.0,0.3434,1.0,1.0,1018.4073770999998,1000.0,703.5763770999997,1000.0,0.8776481986463807,0.0
3070,1715119260000.0,0.0,0.0,1686.0,0.5301325029655991,0.0,0.0,0.3355,1.0,1.0,1018.4073770999998,1000.0,690.2569770999999,1000.0,0.8776481986463807,0.0
3071,1715122860000.0,0.0,0.0,1686.0,0.5301325029655991,0.0,0.0,0.3336,1.0,1.0,1018.4073770999998,1000.0,687.0535770999998,1000.0,0.8776481986463807,0.0
3072,1715126460000.0,0.0,0.0,1686.0,0.5301325029655991,0.0,0.0,0.3343,1.0,1.0,1018.4073770999998,1000.0,688.2337770999998,1000.0,0.8776481986463807,0.0
3073,1715130060000.0,0.0,0.0,1686.0,0.5301325029655991,0.0,0.0,0.3274,1.0,1.0,1018.4073770999998,1000.0,676.6003770999998,1000.0,0.8776481986463807,0.0
3074,1715133660000.0,0.0,0.0,1686.0,0.5301325029655991,0.0,0.0,0.3291,1.0,1.0,1018.4073770999998,1000.0,679.4665770999998,1000.0,0.8776481986463807,0.0
3075,1715137260000.0,0.0,0.0,1686.0,0.5301325029655991,0.0,0.0,0.3285,1.0,1.0,1018.4073770999998,1000.0,678.4549770999997,1000.0,0.8776481986463807,0.0
3076,1715140860000.0,0.0,0.0,1686.0,0.5301325029655991,0.0,0.0,0.3279,1.0,1.0,1018.4073770999998,1000.0,677.4433770999998,1000.0,0.8776481986463807,0.0
3077,1715144460000.0,0.0,0.0,1686.0,0.5301325029655991,0.0,0.0,0.3226,1.0,1.0,1018.4073770999998,1000.0,668.5075770999997,1000.0,0.8776481986463807,0.0
3078,1715148060000.0,0.0,0.0,1686.0,0.5301325029655991,0.0,0.0,0.3236,1.0,1.0,1018.4073770999998,1000.0,670.1935770999997,1000.0,0.8776481986463807,0.0
3079,1715151660000.0,0.0,0.0,1686.0,0.5301325029655991,0.0,0.0,0.3237,1.0,1.0,1018.4073770999998,1000.0,670.3621770999997,1000.0,0.8776481986463807,0.0
3080,1715155260000.0,0.0,0.0,1686.0,0.5301325029655991,0.0,0.0,0.321,1.0,1.0,1018.4073770999998,1000.0,665.8099770999997,1000.0,0.8776481986463807,0.0
3081,1715158860000.0,0.0,0.0,1686.0,0.5301325029655991,0.0,0.0,0.3207,1.0,1.0,1018.4073770999998,1000.0,665.3041770999997,1000.0,0.8776481986463807,0.0
3082,1715162460000.0,0.0,0.0,1686.0,0.5301325029655991,0.0,0.0,0.3202,1.0,1.0,1018.4073770999998,1000.0,664.4611770999998,1000.0,0.8776481986463807,0.0
3083,1715166060000.0,0.0,0.0,1686.0,0.5301325029655991,0.0,0.0,0.32,1.0,1.0,1018.4073770999998,1000.0,664.1239770999998,1000.0,0.8776481986463807,0.0
3084,1715169660000.0,0.0,0.0,1686.0,0.5301325029655991,0.0,0.0,0.3183,1.0,1.0,1018.4073770999998,1000.0,661.2577770999999,1000.0,0.8776481986463807,0.0
3085,1715173260000.0,0.0,0.0,1686.0,0.5301325029655991,0.0,0.0,0.3157,1.0,1.0,1018.4073770999998,1000.0,656.8741770999998,1000.0,0.8776481986463807,0.0
3086,1715176860000.0,0.0,0.0,1686.0,0.5301325029655991,0.0,0.0,0.3163,1.0,1.0,1018.4073770999998,1000.0,657.8857770999998,1000.0,0.8776481986463807,0.0
3087,1715180460000.0,0.0,0.0,1686.0,0.5301325029655991,0.0,0.0,0.3171,1.0,1.0,1018.4073770999998,1000.0,659.2345770999998,1000.0,0.8776481986463807,0.0
3088,1715184060000.0,0.0,0.0,1686.0,0.5301325029655991,0.0,0.0,0.3144,1.0,1.0,1018.4073770999998,1000.0,654.6823770999997,1000.0,0.8776481986463807,0.0
3089,1715187660000.0,0.0,0.0,1686.0,0.5301325029655991,0.0,0.0,0.3148,1.0,1.0,1018.4073770999998,1000.0,655.3567770999998,1000.0,0.8776481986463807,0.0
3090,1715191260000.0,0.0,0.0,1686.0,0.5301325029655991,0.0,0.0,0.3157,1.0,1.0,1018.4073770999998,1000.0,656.8741770999998,1000.0,0.8776481986463807,0.0
3091,1715194860000.0,0.0,0.0,1686.0,0.5301325029655991,0.0,0.0,0.3175,1.0,1.0,1018.4073770999998,1000.0,659.9089770999998,1000.0,0.8776481986463807,0.0
3092,1715198460000.0,0.0,0.0,1686.0,0.5301325029655991,0.0,0.0,0.317,1.0,1.0,1018.4073770999998,1000.0,659.0659770999998,1000.0,0.8776481986463807,0.0
3093,1715202060000.0,0.0,0.0,1686.0,0.5301325029655991,0.0,0.0,0.3104,1.0,1.0,1018.4073770999998,1000.0,647.9383770999998,1000.0,0.8776481986463807,0.0
3094,1715205660000.0,0.0,0.0,1686.0,0.5301325029655991,0.0,0.0,0.3103,1.0,1.0,1018.4073770999998,1000.0,647.7697770999998,1000.0,0.8776481986463807,0.0
3095,1715209260000.0,0.0,0.0,1686.0,0.5301325029655991,0.0,0.0,0.3106,1.0,1.0,1018.4073770999998,1000.0,648.2755770999997,1000.0,0.8776481986463807,0.0
3096,1715212860000.0,0.0,0.0,1686.0,0.5301325029655991,0.0,0.0,0.3117,1.0,1.0,1018.4073770999998,1000.0,650.1301770999997,1000.0,0.8776481986463807,0.0
3097,1715216460000.0,0.0,0.0,1686.0,0.5301325029655991,0.0,0.0,0.3127,1.0,1.0,1018.4073770999998,1000.0,651.8161770999998,1000.0,0.8776481986463807,0.0
3098,1715220060000.0,0.0,0.0,1686.0,0.5301325029655991,0.0,0.0,0.3105,1.0,1.0,1018.4073770999998,1000.0,648.1069770999998,1000.0,0.8776481986463807,0.0
3099,1715223660000.0,0.0,0.0,1686.0,0.5301325029655991,0.0,0.0,0.3128,1.0,1.0,1018.4073770999998,1000.0,651.9847770999997,1000.0,0.8776481986463807,0.0
3100,1715227260000.0,0.0,0.0,1686.0,0.5301325029655991,0.0,0.0,0.3114,1.0,1.0,1018.4073770999998,1000.0,649.6243770999997,1000.0,0.8776481986463807,0.0
3101,1715230860000.0,0.0,0.0,1686.0,0.5301325029655991,0.0,0.0,0.3094,1.0,1.0,1018.4073770999998,1000.0,646.2523770999998,1000.0,0.8776481986463807,0.0
3102,1715234460000.0,0.0,0.0,1686.0,0.5301325029655991,0.0,0.0,0.312,1.0,1.0,1018.4073770999998,1000.0,650.6359770999998,1000.0,0.8776481986463807,0.0
3103,1715238060000.0,0.0,0.0,1686.0,0.5301325029655991,0.0,0.0,0.3113,1.0,1.0,1018.4073770999998,1000.0,649.4557770999998,1000.0,0.8776481986463807,0.0
3104,1715241660000.0,0.0,0.0,1686.0,0.5301325029655991,0.0,0.0,0.3093,1.0,1.0,1018.4073770999998,1000.0,646.0837770999998,1000.0,0.8776481986463807,0.0
3105,1715245260000.0,0.0,0.0,1686.0,0.5301325029655991,0.0,0.0,0.3106,1.0,1.0,1018.4073770999998,1000.0,648.2755770999997,1000.0,0.8776481986463807,0.0
3106,1715248860000.0,0.0,0.0,1686.0,0.5301325029655991,0.0,0.0,0.3081,1.0,1.0,1018.4073770999998,1000.0,644.0605770999997,1000.0,0.8776481986463807,0.0
3107,1715252460000.0,0.0,0.0,1686.0,0.5301325029655991,0.0,0.0,0.3034,1.0,1.0,1018.4073770999998,1000.0,636.1363770999998,1000.0,0.8776481986463807,0.0
3108,1715256060000.0,0.0,0.0,1686.0,0.5301325029655991,0.0,0.0,0.307,1.0,1.0,1018.4073770999998,1000.0,642.2059770999997,1000.0,0.8776481986463807,0.0
3109,1715259660000.0,0.0,0.0,1686.0,0.5301325029655991,0.0,0.0,0.3079,1.0,1.0,1018.4073770999998,1000.0,643.7233770999998,1000.0,0.8776481986463807,0.0
3110,1715263260000.0,0.0,0.0,1686.0,0.5301325029655991,0.0,0.0,0.3087,1.0,1.0,1018.4073770999998,1000.0,645.0721770999996,1000.0,0.8776481986463807,0.0
3111,1715266860000.0,0.0,0.0,1686.0,0.5301325029655991,0.0,0.0,0.3107,1.0,1.0,1018.4073770999998,1000.0,648.4441770999997,1000.0,0.8776481986463807,0.0
3112,1715270460000.0,0.0,0.0,1686.0,0.5301325029655991,0.0,0.0,0.3121,1.0,1.0,1018.4073770999998,1000.0,650.8045770999997,1000.0,0.8776481986463807,0.0
3113,1715274060000.0,0.0,0.0,1686.0,0.5301325029655991,0.0,0.0,0.31,1.0,1.0,1018.4073770999998,1000.0,647.2639770999997,1000.0,0.8776481986463807,0.0
3114,1715277660000.0,0.0,0.0,1686.0,0.5301325029655991,0.0,0.0,0.3114,1.0,1.0,1018.4073770999998,1000.0,649.6243770999997,1000.0,0.8776481986463807,0.0
3115,1715281260000.0,0.0,0.0,1686.0,0.5301325029655991,0.0,0.0,0.3125,1.0,1.0,1018.4073770999998,1000.0,651.4789770999998,1000.0,0.8776481986463807,0.0
3116,1715284860000.0,0.0,0.0,1686.0,0.5301325029655991,0.0,0.0,0.3127,1.0,1.0,1018.4073770999998,1000.0,651.8161770999998,1000.0,0.8776481986463807,0.0
3117,1715288460000.0,0.0,0.0,1686.0,0.5301325029655991,0.0,0.0,0.3134,1.0,1.0,1018.4073770999998,1000.0,652.9963770999998,1000.0,0.8776481986463807,0.0
3118,1715292060000.0,0.0,0.0,1686.0,0.5301325029655991,0.0,0.0,0.3134,1.0,1.0,1018.4073770999998,1000.0,652.9963770999998,1000.0,0.8776481986463807,0.0
3119,1715295660000.0,0.0,0.0,1686.0,0.5301325029655991,0.0,0.0,0.316,1.0,1.0,1018.4073770999998,1000.0,657.3799770999997,1000.0,0.8776481986463807,0.0
3120,1715299260000.0,0.0,0.0,1686.0,0.5301325029655991,0.0,0.0,0.3146,1.0,1.0,1018.4073770999998,1000.0,655.0195770999998,1000.0,0.8776481986463807,0.0
3121,1715302860000.0,0.0,0.0,1686.0,0.5301325029655991,0.0,0.0,0.3114,1.0,1.0,1018.4073770999998,1000.0,649.6243770999997,1000.0,0.8776481986463807,0.0
3122,1715306460000.0,0.0,0.0,1686.0,0.5301325029655991,0.0,0.0,0.313,1.0,1.0,1018.4073770999998,1000.0,652.3219770999997,1000.0,0.8776481986463807,0.0
3123,1715310060000.0,0.0,0.0,1686.0,0.5301325029655991,0.0,0.0,0.3124,1.0,1.0,1018.4073770999998,1000.0,651.3103770999998,1000.0,0.8776481986463807,0.0
3124,1715313660000.0,0.0,0.0,1686.0,0.5301325029655991,0.0,0.0,0.3143,1.0,1.0,1018.4073770999998,1000.0,654.5137770999997,1000.0,0.8776481986463807,0.0
3125,1715317260000.0,0.0,0.0,1686.0,0.5301325029655991,0.0,0.0,0.3141,1.0,1.0,1018.4073770999998,1000.0,654.1765770999998,1000.0,0.8776481986463807,0.0
3126,1715320860000.0,0.0,0.0,1686.0,0.5301325029655991,0.0,0.0,0.313,1.0,1.0,1018.4073770999998,1000.0,652.3219770999997,1000.0,0.8776481986463807,0.0
3127,1715324460000.0,0.0,0.0,1686.0,0.5301325029655991,0.0,0.0,0.3155,1.0,1.0,1018.4073770999998,1000.0,656.5369770999998,1000.0,0.8776481986463807,0.0
3128,1715328060000.0,0.0,0.0,1686.0,0.5301325029655991,0.0,0.0,0.3157,1.0,1.0,1018.4073770999998,1000.0,656.8741770999998,1000.0,0.8776481986463807,0.0
3129,1715331660000.0,0.0,0.0,1686.0,0.5301325029655991,0.0,0.0,0.3151,1.0,1.0,1018.4073770999998,1000.0,655.8625770999997,1000.0,0.8776481986463807,0.0
3130,1715335260000.0,0.0,0.0,1686.0,0.5301325029655991,0.0,0.0,0.3146,1.0,1.0,1018.4073770999998,1000.0,655.0195770999998,1000.0,0.8776481986463807,0.0
3131,1715338860000.0,0.0,0.0,1686.0,0.5301325029655991,0.0,0.0,0.3156,1.0,1.0,1018.4073770999998,1000.0,656.7055770999998,1000.0,0.8776481986463807,0.0
3132,1715342460000.0,0.0,0.0,1686.0,0.5301325029655991,0.0,0.0,0.3159,1.0,1.0,1018.4073770999998,1000.0,657.2113770999997,1000.0,0.8776481986463807,0.0
3133,1715346060000.0,0.0,0.0,1686.0,0.5301325029655991,0.0,0.0,0.313,1.0,1.0,1018.4073770999998,1000.0,652.3219770999997,1000.0,0.8776481986463807,0.0
3134,1715349660000.0,0.0,0.0,1686.0,0.5301325029655991,0.0,0.0,0.3127,1.0,1.0,1018.4073770999998,1000.0,651.8161770999998,1000.0,0.8776481986463807,0.0
3135,1715353260000.0,0.0,0.0,1686.0,0.5301325029655991,0.0,0.0,0.3043,1.0,1.0,1018.4073770999998,1000.0,637.6537770999998,1000.0,0.8776481986463807,0.0
3136,1715356860000.0,0.0,0.0,1686.0,0.5301325029655991,0.0,0.0,0.3036,1.0,1.0,1018.4073770999998,1000.0,636.4735770999997,1000.0,0.8776481986463807,0.0
3137,1715360460000.0,0.0,0.0,1686.0,0.5301325029655991,0.0,0.0,0.3034,1.0,1.0,1018.4073770999998,1000.0,636.1363770999998,1000.0,0.8776481986463807,0.0
3138,1715364060000.0,0.0,0.0,1686.0,0.5301325029655991,0.0,0.0,0.3004,1.0,1.0,1018.4073770999998,1000.0,631.0783770999998,1000.0,0.8776481986463807,0.0
3139,1715367660000.0,0.0,0.0,1686.0,0.5301325029655991,0.0,0.0,0.3015,1.0,1.0,1018.4073770999998,1000.0,632.9329770999998,1000.0,0.8776481986463807,0.0
3140,1715371260000.0,0.0,0.0,1686.0,0.5301325029655991,0.0,0.0,0.3004,1.0,1.0,1018.4073770999998,1000.0,631.0783770999998,1000.0,0.8776481986463807,0.0
3141,1715374860000.0,0.0,0.0,1686.0,0.5301325029655991,0.0,0.0,0.2994,1.0,1.0,1018.4073770999998,1000.0,629.3923770999997,1000.0,0.8776481986463807,0.0
3142,1715378460000.0,0.0,0.0,1686.0,0.5301325029655991,0.0,0.0,0.2998,1.0,1.0,1018.4073770999998,1000.0,630.0667770999999,1000.0,0.8776481986463807,0.0
3143,1715382060000.0,0.0,0.0,1686.0,0.5301325029655991,0.0,0.0,0.2978,1.0,1.0,1018.4073770999998,1000.0,626.6947770999998,1000.0,0.8776481986463807,0.0
3144,1715385660000.0,0.0,0.0,1686.0,0.5301325029655991,0.0,0.0,0.2983,1.0,1.0,1018.4073770999998,1000.0,627.5377770999997,1000.0,0.8776481986463807,0.0
3145,1715389260000.0,0.0,0.0,1686.0,0.5301325029655991,0.0,0.0,0.3001,1.0,1.0,1018.4073770999998,1000.0,630.5725770999998,1000.0,0.8776481986463807,0.0
3146,1715392860000.0,0.0,0.0,1686.0,0.5301325029655991,0.0,0.0,0.3013,1.0,1.0,1018.4073770999998,1000.0,632.5957770999999,1000.0,0.8776481986463807,0.0
3147,1715396460000.0,0.0,0.0,1686.0,0.5301325029655991,0.0,0.0,0.3005,1.0,1.0,1018.4073770999998,1000.0,631.2469770999998,1000.0,0.8776481986463807,0.0
3148,1715400060000.0,0.0,0.0,1686.0,0.5301325029655991,0.0,0.0,0.2986,1.0,1.0,1018.4073770999998,1000.0,628.0435770999998,1000.0,0.8776481986463807,0.0
3149,1715403660000.0,0.0,0.0,1686.0,0.5301325029655991,0.0,0.0,0.2983,1.0,1.0,1018.4073770999998,1000.0,627.5377770999997,1000.0,0.8776481986463807,0.0
3150,1715407260000.0,0.0,0.0,1686.0,0.5301325029655991,0.0,0.0,0.3007,1.0,1.0,1018.4073770999998,1000.0,631.5841770999998,1000.0,0.8776481986463807,0.0
3151,1715410860000.0,0.0,0.0,1686.0,0.5301325029655991,0.0,0.0,0.3016,1.0,1.0,1018.4073770999998,1000.0,633.1015770999998,1000.0,0.8776481986463807,0.0
3152,1715414460000.0,0.0,0.0,1686.0,0.5301325029655991,0.0,0.0,0.3017,1.0,1.0,1018.4073770999998,1000.0,633.2701770999997,1000.0,0.8776481986463807,0.0
3153,1715418060000.0,0.0,0.0,1686.0,0.5301325029655991,0.0,0.0,0.3002,1.0,1.0,1018.4073770999998,1000.0,630.7411770999997,1000.0,0.8776481986463807,0.0
3154,1715421660000.0,0.0,0.0,1686.0,0.5301325029655991,0.0,0.0,0.3004,1.0,1.0,1018.4073770999998,1000.0,631.0783770999998,1000.0,0.8776481986463807,0.0
3155,1715425260000.0,0.0,0.0,1686.0,0.5301325029655991,0.0,0.0,0.2989,1.0,1.0,1018.4073770999998,1000.0,628.5493770999997,1000.0,0.8776481986463807,0.0
3156,1715428860000.0,0.0,0.0,1686.0,0.5301325029655991,0.0,0.0,0.2988,1.0,1.0,1018.4073770999998,1000.0,628.3807770999997,1000.0,0.8776481986463807,0.0
3157,1715432460000.0,0.0,0.0,1686.0,0.5301325029655991,0.0,0.0,0.2997,1.0,1.0,1018.4073770999998,1000.0,629.8981770999998,1000.0,0.8776481986463807,0.0
3158,1715436060000.0,0.0,0.0,1686.0,0.5301325029655991,0.0,0.0,0.3009,1.0,1.0,1018.4073770999998,1000.0,631.9213770999997,1000.0,0.8776481986463807,0.0
3159,1715439660000.0,0.0,0.0,1686.0,0.5301325029655991,0.0,0.0,0.2999,1.0,1.0,1018.4073770999998,1000.0,630.2353770999998,1000.0,0.8776481986463807,0.0
3160,1715443260000.0,0.0,0.0,1686.0,0.5301325029655991,0.0,0.0,0.3014,1.0,1.0,1018.4073770999998,1000.0,632.7643770999998,1000.0,0.8776481986463807,0.0
3161,1715446860000.0,0.0,0.0,1686.0,0.5301325029655991,0.0,0.0,0.3016,1.0,1.0,1018.4073770999998,1000.0,633.1015770999998,1000.0,0.8776481986463807,0.0
3162,1715450460000.0,0.0,0.0,1686.0,0.5301325029655991,0.0,0.0,0.3033,1.0,1.0,1018.4073770999998,1000.0,635.9677770999998,1000.0,0.8776481986463807,0.0
3163,1715454060000.0,0.0,0.0,1686.0,0.5301325029655991,0.0,0.0,0.3024,1.0,1.0,1018.4073770999998,1000.0,634.4503770999997,1000.0,0.8776481986463807,0.0
3164,1715457660000.0,0.0,0.0,1686.0,0.5301325029655991,0.0,0.0,0.302,1.0,1.0,1018.4073770999998,1000.0,633.7759770999997,1000.0,0.8776481986463807,0.0
3165,1715461260000.0,0.0,0.0,1686.0,0.5301325029655991,0.0,0.0,0.3021,1.0,1.0,1018.4073770999998,1000.0,633.9445770999997,1000.0,0.8776481986463807,0.0
3166,1715464860000.0,0.0,0.0,1686.0,0.5301325029655991,0.0,0.0,0.301,1.0,1.0,1018.4073770999998,1000.0,632.0899770999997,1000.0,0.8776481986463807,0.0
3167,1715468460000.0,0.0,0.0,1686.0,0.5301325029655991,0.0,0.0,0.3005,1.0,1.0,1018.4073770999998,1000.0,631.2469770999998,1000.0,0.8776481986463807,0.0
3168,1715472060000.0,0.0,0.0,1686.0,0.5301325029655991,0.0,0.0,0.2994,1.0,1.0,1018.4073770999998,1000.0,629.3923770999997,1000.0,0.8776481986463807,0.0
3169,1715475660000.0,0.0,0.0,1686.0,0.5301325029655991,0.0,0.0,0.3009,1.0,1.0,1018.4073770999998,1000.0,631.9213770999997,1000.0,0.8776481986463807,0.0
3170,1715479260000.0,0.0,0.0,1686.0,0.5301325029655991,0.0,0.0,0.2997,1.0,1.0,1018.4073770999998,1000.0,629.8981770999998,1000.0,0.8776481986463807,0.0
3171,1715482860000.0,0.0,0.0,1686.0,0.5301325029655991,0.0,0.0,0.2996,1.0,1.0,1018.4073770999998,1000.0,629.7295770999997,1000.0,0.8776481986463807,0.0
3172,1715486460000.0,0.0,0.0,1686.0,0.5301325029655991,0.0,0.0,0.3003,1.0,1.0,1018.4073770999998,1000.0,630.9097770999997,1000.0,0.8776481986463807,0.0
3173,1715490060000.0,0.0,0.0,1686.0,0.5301325029655991,0.0,0.0,0.3004,1.0,1.0,1018.4073770999998,1000.0,631.0783770999998,1000.0,0.8776481986463807,0.0
3174,1715493660000.0,0.0,0.0,1686.0,0.5301325029655991,0.0,0.0,0.2997,1.0,1.0,1018.4073770999998,1000.0,629.8981770999998,1000.0,0.8776481986463807,0.0
3175,1715497260000.0,0.0,0.0,1686.0,0.5301325029655991,0.0,0.0,0.2998,1.0,1.0,1018.4073770999998,1000.0,630.0667770999999,1000.0,0.8776481986463807,0.0
3176,1715500860000.0,0.0,0.0,1686.0,0.5301325029655991,0.0,0.0,0.2979,1.0,1.0,1018.4073770999998,1000.0,626.8633770999998,1000.0,0.8776481986463807,0.0
3177,1715504460000.0,0.0,0.0,1686.0,0.5301325029655991,0.0,0.0,0.2996,1.0,1.0,1018.4073770999998,1000.0,629.7295770999997,1000.0,0.8776481986463807,0.0
3178,1715508060000.0,0.0,0.0,1686.0,0.5301325029655991,0.0,0.0,0.301,1.0,1.0,1018.4073770999998,1000.0,632.0899770999997,1000.0,0.8776481986463807,0.0
3179,1715511660000.0,0.0,0.0,1686.0,0.5301325029655991,0.0,0.0,0.3026,1.0,1.0,1018.4073770999998,1000.0,634.7875770999997,1000.0,0.8776481986463807,0.0
3180,1715515260000.0,0.0,0.0,1686.0,0.5301325029655991,0.0,0.0,0.3032,1.0,1.0,1018.4073770999998,1000.0,635.7991770999997,1000.0,0.8776481986463807,0.0
3181,1715518860000.0,0.0,0.0,1686.0,0.5301325029655991,0.0,0.0,0.3029,1.0,1.0,1018.4073770999998,1000.0,635.2933770999998,1000.0,0.8776481986463807,0.0
3182,1715522460000.0,0.0,0.0,1686.0,0.5301325029655991,0.0,0.0,0.305,1.0,1.0,1018.4073770999998,1000.0,638.8339770999997,1000.0,0.8776481986463807,0.0
3183,1715526060000.0,0.0,0.0,1686.0,0.5301325029655991,0.0,0.0,0.3073,1.0,1.0,1018.4073770999998,1000.0,642.7117770999998,1000.0,0.8776481986463807,0.0
3184,1715529660000.0,0.0,0.0,1686.0,0.5301325029655991,0.0,0.0,0.3074,1.0,1.0,1018.4073770999998,1000.0,642.8803770999998,1000.0,0.8776481986463807,0.0
3185,1715533260000.0,0.0,0.0,1686.0,0.5301325029655991,0.0,0.0,0.3073,1.0,1.0,1018.4073770999998,1000.0,642.7117770999998,1000.0,0.8776481986463807,0.0
3186,1715536860000.0,0.0,0.0,1686.0,0.5301325029655991,0.0,0.0,0.3089,1.0,1.0,1018.4073770999998,1000.0,645.4093770999998,1000.0,0.8776481986463807,0.0
3187,1715540460000.0,0.0,0.0,1686.0,0.5301325029655991,0.0,0.0,0.3064,1.0,1.0,1018.4073770999998,1000.0,641.1943770999998,1000.0,0.8776481986463807,0.0
3188,1715544060000.0,0.0,0.0,1686.0,0.5301325029655991,0.0,0.0,0.309,1.0,1.0,1018.4073770999998,1000.0,645.5779770999998,1000.0,0.8776481986463807,0.0
3189,1715547660000.0,0.0,0.0,1686.0,0.5301325029655991,0.0,0.0,0.3091,1.0,1.0,1018.4073770999998,1000.0,645.7465770999997,1000.0,0.8776481986463807,0.0
3190,1715551260000.0,0.0,0.0,1686.0,0.5301325029655991,0.0,0.0,0.3068,1.0,1.0,1018.4073770999998,1000.0,641.8687770999998,1000.0,0.8776481986463807,0.0
3191,1715554860000.0,0.0,0.0,1686.0,0.5301325029655991,0.0,0.0,0.3065,1.0,1.0,1018.4073770999998,1000.0,641.3629770999997,1000.0,0.8776481986463807,0.0
3192,1715558460000.0,0.0,0.0,1686.0,0.5301325029655991,0.0,0.0,0.3234,1.0,1.0,1018.4073770999998,1000.0,669.8563770999998,1000.0,0.8776481986463807,0.0
3193,1715562060000.0,0.0,0.0,1686.0,0.5301325029655991,0.0,0.0,0.3295,1.0,1.0,1018.4073770999998,1000.0,680.1409770999998,1000.0,0.8776481986463807,0.0
3194,1715565660000.0,0.0,0.0,1686.0,0.5301325029655991,0.0,0.0,0.3336,1.0,1.0,1018.4073770999998,1000.0,687.0535770999998,1000.0,0.8776481986463807,0.0
3195,1715569260000.0,0.0,0.0,1686.0,0.5301325029655991,0.0,0.0,0.3262,1.0,1.0,1018.4073770999998,1000.0,674.5771770999997,1000.0,0.8776481986463807,0.0
3196,1715572860000.0,0.0,0.0,1686.0,0.5301325029655991,0.0,0.0,0.3289,1.0,1.0,1018.4073770999998,1000.0,679.1293770999998,1000.0,0.8776481986463807,0.0
3197,1715576460000.0,0.0,0.0,1686.0,0.5301325029655991,0.0,0.0,0.3257,1.0,1.0,1018.4073770999998,1000.0,673.7341770999997,1000.0,0.8776481986463807,0.0
3198,1715580060000.0,0.0,0.0,1686.0,0.5301325029655991,0.0,0.0,0.3357,1.0,1.0,1018.4073770999998,1000.0,690.5941770999998,1000.0,0.8776481986463807,0.0
3199,1715583660000.0,0.0,0.0,1686.0,0.5301325029655991,0.0,0.0,0.3332,1.0,1.0,1018.4073770999998,1000.0,686.3791770999998,1000.0,0.8776481986463807,0.0
3200,1715587260000.0,0.0,0.0,1686.0,0.5301325029655991,0.0,0.0,0.3293,1.0,1.0,1018.4073770999998,1000.0,679.8037770999997,1000.0,0.8776481986463807,0.0
3201,1715590860000.0,0.0,0.0,1686.0,0.5301325029655991,0.0,0.0,0.3221,1.0,1.0,1018.4073770999998,1000.0,667.6645770999997,1000.0,0.8776481986463807,0.0
3202,1715594460000.0,0.0,0.0,1686.0,0.5301325029655991,0.0,0.0,0.3264,1.0,1.0,1018.4073770999998,1000.0,674.9143770999998,1000.0,0.8776481986463807,0.0
3203,1715598060000.0,0.0,0.0,1686.0,0.5301325029655991,0.0,0.0,0.3221,1.0,1.0,1018.4073770999998,1000.0,667.6645770999997,1000.0,0.8776481986463807,0.0
3204,1715601660000.0,0.0,0.0,1686.0,0.5301325029655991,0.0,0.0,0.3216,1.0,1.0,1018.4073770999998,1000.0,666.8215770999998,1000.0,0.8776481986463807,0.0
3205,1715605260000.0,0.0,0.0,1686.0,0.5301325029655991,0.0,0.0,0.3198,1.0,1.0,1018.4073770999998,1000.0,663.7867770999997,1000.0,0.8776481986463807,0.0
3206,1715608860000.0,0.0,0.0,1686.0,0.5301325029655991,0.0,0.0,0.3167,1.0,1.0,1018.4073770999998,1000.0,658.5601770999997,1000.0,0.8776481986463807,0.0
3207,1715612460000.0,0.0,0.0,1686.0,0.5301325029655991,0.0,0.0,0.3157,1.0,1.0,1018.4073770999998,1000.0,656.8741770999998,1000.0,0.8776481986463807,0.0
3208,1715616060000.0,0.0,0.0,1686.0,0.5301325029655991,0.0,0.0,0.3167,1.0,1.0,1018.4073770999998,1000.0,658.5601770999997,1000.0,0.8776481986463807,0.0
3209,1715619660000.0,0.0,0.0,1686.0,0.5301325029655991,0.0,0.0,0.3175,1.0,1.0,1018.4073770999998,1000.0,659.9089770999998,1000.0,0.8776481986463807,0.0
3210,1715623260000.0,0.0,0.0,1686.0,0.5301325029655991,0.0,0.0,0.3104,1.0,1.0,1018.4073770999998,1000.0,647.9383770999998,1000.0,0.8776481986463807,0.0
3211,1715626860000.0,0.0,0.0,1686.0,0.5301325029655991,0.0,0.0,0.3124,1.0,1.0,1018.4073770999998,1000.0,651.3103770999998,1000.0,0.8776481986463807,0.0
3212,1715630460000.0,0.0,0.0,1686.0,0.5301325029655991,0.0,0.0,0.314,1.0,1.0,1018.4073770999998,1000.0,654.0079770999998,1000.0,0.8776481986463807,0.0
3213,1715634060000.0,0.0,0.0,1686.0,0.5301325029655991,0.0,0.0,0.3127,1.0,1.0,1018.4073770999998,1000.0,651.8161770999998,1000.0,0.8776481986463807,0.0
3214,1715637660000.0,0.0,0.0,1686.0,0.5301325029655991,0.0,0.0,0.3119,1.0,1.0,1018.4073770999998,1000.0,650.4673770999998,1000.0,0.8776481986463807,0.0
3215,1715641260000.0,0.0,0.0,1686.0,0.5301325029655991,0.0,0.0,0.3124,1.0,1.0,1018.4073770999998,1000.0,651.3103770999998,1000.0,0.8776481986463807,0.0
3216,1715644860000.0,0.0,0.0,1686.0,0.5301325029655991,0.0,0.0,0.3107,1.0,1.0,1018.4073770999998,1000.0,648.4441770999997,1000.0,0.8776481986463807,0.0
3217,1715648460000.0,0.0,0.0,1686.0,0.5301325029655991,0.0,0.0,0.3065,1.0,1.0,1018.4073770999998,1000.0,641.3629770999997,1000.0,0.8776481986463807,0.0
3218,1715652060000.0,0.0,0.0,1686.0,0.5301325029655991,0.0,0.0,0.3075,1.0,1.0,1018.4073770999998,1000.0,643.0489770999998,1000.0,0.8776481986463807,0.0
3219,1715655660000.0,0.0,0.0,1686.0,0.5301325029655991,0.0,0.0,0.3051,1.0,1.0,1018.4073770999998,1000.0,639.0025770999997,1000.0,0.8776481986463807,0.0
3220,1715659260000.0,0.0,0.0,1686.0,0.5301325029655991,0.0,0.0,0.3067,1.0,1.0,1018.4073770999998,1000.0,641.7001770999998,1000.0,0.8776481986463807,0.0
3221,1715662860000.0,0.0,0.0,1686.0,0.5301325029655991,0.0,0.0,0.307,1.0,1.0,1018.4073770999998,1000.0,642.2059770999997,1000.0,0.8776481986463807,0.0
3222,1715666460000.0,0.0,0.0,1686.0,0.5301325029655991,0.0,0.0,0.3062,1.0,1.0,1018.4073770999998,1000.0,640.8571770999998,1000.0,0.8776481986463807,0.0
3223,1715670060000.0,0.0,0.0,1686.0,0.5301325029655991,0.0,0.0,0.3045,1.0,1.0,1018.4073770999998,1000.0,637.9909770999998,1000.0,0.8776481986463807,0.0
3224,1715673660000.0,0.0,0.0,1686.0,0.5301325029655991,0.0,0.0,0.3039,1.0,1.0,1018.4073770999998,1000.0,636.9793770999997,1000.0,0.8776481986463807,0.0
3225,1715677260000.0,0.0,0.0,1686.0,0.5301325029655991,0.0,0.0,0.3038,1.0,1.0,1018.4073770999998,1000.0,636.8107770999998,1000.0,0.8776481986463807,0.0
3226,1715680860000.0,0.0,0.0,1686.0,0.5301325029655991,0.0,0.0,0.3023,1.0,1.0,1018.4073770999998,1000.0,634.2817770999998,1000.0,0.8776481986463807,0.0
3227,1715684460000.0,0.0,0.0,1686.0,0.5301325029655991,0.0,0.0,0.3031,1.0,1.0,1018.4073770999998,1000.0,635.6305770999998,1000.0,0.8776481986463807,0.0
3228,1715688060000.0,0.0,0.0,1686.0,0.5301325029655991,0.0,0.0,0.3027,1.0,1.0,1018.4073770999998,1000.0,634.9561770999999,1000.0,0.8776481986463807,0.0
3229,1715691660000.0,0.0,0.0,1686.0,0.5301325029655991,0.0,0.0,0.3005,1.0,1.0,1018.4073770999998,1000.0,631.2469770999998,1000.0,0.8776481986463807,0.0
3230,1715695260000.0,0.0,0.0,1686.0,0.5301325029655991,0.0,0.0,0.3002,1.0,1.0,1018.4073770999998,1000.0,630.7411770999997,1000.0,0.8776481986463807,0.0
3231,1715698860000.0,0.0,0.0,1686.0,0.5301325029655991,0.0,0.0,0.3019,1.0,1.0,1018.4073770999998,1000.0,633.6073770999998,1000.0,0.8776481986463807,0.0
3232,1715702460000.0,0.0,0.0,1686.0,0.5301325029655991,0.0,0.0,0.3026,1.0,1.0,1018.4073770999998,1000.0,634.7875770999997,1000.0,0.8776481986463807,0.0
3233,1715706060000.0,0.0,0.0,1686.0,0.5301325029655991,0.0,0.0,0.3021,1.0,1.0,1018.4073770999998,1000.0,633.9445770999997,1000.0,0.8776481986463807,0.0
3234,1715709660000.0,0.0,0.0,1686.0,0.5301325029655991,0.0,0.0,0.3003,1.0,1.0,1018.4073770999998,1000.0,630.9097770999997,1000.0,0.8776481986463807,0.0
3235,1715713260000.0,0.0,0.0,1686.0,0.5301325029655991,0.0,0.0,0.3005,1.0,1.0,1018.4073770999998,1000.0,631.2469770999998,1000.0,0.8776481986463807,0.0
3236,1715716860000.0,0.0,0.0,1686.0,0.5301325029655991,0.0,0.0,0.2998,1.0,1.0,1018.4073770999998,1000.0,630.0667770999999,1000.0,0.8776481986463807,0.0
3237,1715720460000.0,0.0,0.0,1686.0,0.5301325029655991,0.0,0.0,0.2987,1.0,1.0,1018.4073770999998,1000.0,628.2121770999997,1000.0,0.8776481986463807,0.0
3238,1715724060000.0,0.0,0.0,1686.0,0.5301325029655991,0.0,0.0,0.2985,1.0,1.0,1018.4073770999998,1000.0,627.8749770999998,1000.0,0.8776481986463807,0.0
3239,1715727660000.0,0.0,0.0,1686.0,0.5301325029655991,0.0,0.0,0.2975,1.0,1.0,1018.4073770999998,1000.0,626.1889770999998,1000.0,0.8776481986463807,0.0
3240,1715731260000.0,0.0,0.0,1686.0,0.5301325029655991,0.0,0.0,0.2996,1.0,1.0,1018.4073770999998,1000.0,629.7295770999997,1000.0,0.8776481986463807,0.0
3241,1715734860000.0,0.0,0.0,1686.0,0.5301325029655991,0.0,0.0,0.2942,1.0,1.0,1018.4073770999998,1000.0,620.6251770999997,1000.0,0.8776481986463807,0.0
3242,1715738460000.0,0.0,0.0,1686.0,0.5301325029655991,0.0,0.0,0.2976,1.0,1.0,1018.4073770999998,1000.0,626.3575770999997,1000.0,0.8776481986463807,0.0
3243,1715742060000.0,0.0,0.0,1686.0,0.5301325029655991,0.0,0.0,0.3004,1.0,1.0,1018.4073770999998,1000.0,631.0783770999998,1000.0,0.8776481986463807,0.0
3244,1715745660000.0,0.0,0.0,1686.0,0.5301325029655991,0.0,0.0,0.3002,1.0,1.0,1018.4073770999998,1000.0,630.7411770999997,1000.0,0.8776481986463807,0.0
3245,1715749260000.0,0.0,0.0,1686.0,0.5301325029655991,0.0,0.0,0.3012,1.0,1.0,1018.4073770999998,1000.0,632.4271770999998,1000.0,0.8776481986463807,0.0
3246,1715752860000.0,0.0,0.0,1686.0,0.5301325029655991,0.0,0.0,0.2996,1.0,1.0,1018.4073770999998,1000.0,629.7295770999997,1000.0,0.8776481986463807,0.0
3247,1715756460000.0,0.0,0.0,1686.0,0.5301325029655991,0.0,0.0,0.3006,1.0,1.0,1018.4073770999998,1000.0,631.4155770999997,1000.0,0.8776481986463807,0.0
3248,1715760060000.0,0.0,0.0,1686.0,0.5301325029655991,0.0,0.0,0.302,1.0,1.0,1018.4073770999998,1000.0,633.7759770999997,1000.0,0.8776481986463807,0.0
3249,1715763660000.0,0.0,0.0,1686.0,0.5301325029655991,0.0,0.0,0.3022,1.0,1.0,1018.4073770999998,1000.0,634.1131770999998,1000.0,0.8776481986463807,0.0
3250,1715767260000.0,0.0,0.0,1686.0,0.5301325029655991,0.0,0.0,0.3026,1.0,1.0,1018.4073770999998,1000.0,634.7875770999997,1000.0,0.8776481986463807,0.0
3251,1715770860000.0,0.0,0.0,1686.0,0.5301325029655991,0.0,0.0,0.3036,1.0,1.0,1018.4073770999998,1000.0,636.4735770999997,1000.0,0.8776481986463807,0.0
3252,1715774460000.0,0.0,0.0,1686.0,0.5301325029655991,0.0,0.0,0.3019,1.0,1.0,1018.4073770999998,1000.0,633.6073770999998,1000.0,0.8776481986463807,0.0
3253,1715778060000.0,0.0,0.0,1686.0,0.5301325029655991,0.0,0.0,0.3056,1.0,1.0,1018.4073770999998,1000.0,639.8455770999997,1000.0,0.8776481986463807,0.0
3254,1715781660000.0,0.0,0.0,1686.0,0.5301325029655991,0.0,0.0,0.305,1.0,1.0,1018.4073770999998,1000.0,638.8339770999997,1000.0,0.8776481986463807,0.0
3255,1715785260000.0,0.0,0.0,1686.0,0.5301325029655991,0.0,0.0,0.3077,1.0,1.0,1018.4073770999998,1000.0,643.3861770999997,1000.0,0.8776481986463807,0.0
3256,1715788860000.0,0.0,0.0,1686.0,0.5301325029655991,0.0,0.0,0.3076,1.0,1.0,1018.4073770999998,1000.0,643.2175770999997,1000.0,0.8776481986463807,0.0
3257,1715792460000.0,0.0,0.0,1686.0,0.5301325029655991,0.0,0.0,0.3087,1.0,1.0,1018.4073770999998,1000.0,645.0721770999996,1000.0,0.8776481986463807,0.0
3258,1715796060000.0,0.0,0.0,1686.0,0.5301325029655991,0.0,0.0,0.3088,1.0,1.0,1018.4073770999998,1000.0,645.2407770999998,1000.0,0.8776481986463807,0.0
3259,1715799660000.0,0.0,0.0,1686.0,0.5301325029655991,0.0,0.0,0.3103,1.0,1.0,1018.4073770999998,1000.0,647.7697770999998,1000.0,0.8776481986463807,0.0
3260,1715803260000.0,0.0,0.0,1686.0,0.5301325029655991,0.0,0.0,0.3127,1.0,1.0,1018.4073770999998,1000.0,651.8161770999998,1000.0,0.8776481986463807,0.0
3261,1715806860000.0,0.0,0.0,1686.0,0.5301325029655991,0.0,0.0,0.3136,1.0,1.0,1018.4073770999998,1000.0,653.3335770999997,1000.0,0.8776481986463807,0.0
3262,1715810460000.0,0.0,0.0,1686.0,0.5301325029655991,0.0,0.0,0.3113,1.0,1.0,1018.4073770999998,1000.0,649.4557770999998,1000.0,0.8776481986463807,0.0
3263,1715814060000.0,0.0,0.0,1686.0,0.5301325029655991,0.0,0.0,0.3119,1.0,1.0,1018.4073770999998,1000.0,650.4673770999998,1000.0,0.8776481986463807,0.0
3264,1715817660000.0,0.0,0.0,1686.0,0.5301325029655991,0.0,0.0,0.3123,1.0,1.0,1018.4073770999998,1000.0,651.1417770999998,1000.0,0.8776481986463807,0.0
3265,1715821260000.0,0.0,0.0,1686.0,0.5301325029655991,0.0,0.0,0.3106,1.0,1.0,1018.4073770999998,1000.0,648.2755770999997,1000.0,0.8776481986463807,0.0
3266,1715824860000.0,0.0,0.0,1686.0,0.5301325029655991,0.0,0.0,0.3111,1.0,1.0,1018.4073770999998,1000.0,649.1185770999998,1000.0,0.8776481986463807,0.0
3267,1715828460000.0,0.0,0.0,1686.0,0.5301325029655991,0.0,0.0,0.3116,1.0,1.0,1018.4073770999998,1000.0,649.9615770999997,1000.0,0.8776481986463807,0.0
3268,1715832060000.0,0.0,0.0,1686.0,0.5301325029655991,0.0,0.0,0.3121,1.0,1.0,1018.4073770999998,1000.0,650.8045770999997,1000.0,0.8776481986463807,0.0
3269,1715835660000.0,0.0,0.0,1686.0,0.5301325029655991,0.0,0.0,0.3112,1.0,1.0,1018.4073770999998,1000.0,649.2871770999998,1000.0,0.8776481986463807,0.0
3270,1715839260000.0,0.0,0.0,1686.0,0.5301325029655991,0.0,0.0,0.3108,1.0,1.0,1018.4073770999998,1000.0,648.6127770999998,1000.0,0.8776481986463807,0.0
3271,1715842860000.0,0.0,0.0,1686.0,0.5301325029655991,0.0,0.0,0.3116,1.0,1.0,1018.4073770999998,1000.0,649.9615770999997,1000.0,0.8776481986463807,0.0
3272,1715846460000.0,0.0,0.0,1686.0,0.5301325029655991,0.0,0.0,0.3122,1.0,1.0,1018.4073770999998,1000.0,650.9731770999997,1000.0,0.8776481986463807,0.0
3273,1715850060000.0,0.0,0.0,1686.0,0.5301325029655991,0.0,0.0,0.3119,1.0,1.0,1018.4073770999998,1000.0,650.4673770999998,1000.0,0.8776481986463807,0.0
3274,1715853660000.0,0.0,0.0,1686.0,0.5301325029655991,0.0,0.0,0.3131,1.0,1.0,1018.4073770999998,1000.0,652.4905770999997,1000.0,0.8776481986463807,0.0
3275,1715857260000.0,0.0,0.0,1686.0,0.5301325029655991,0.0,0.0,0.311,1.0,1.0,1018.4073770999998,1000.0,648.9499770999997,1000.0,0.8776481986463807,0.0
3276,1715860860000.0,0.0,0.0,1686.0,0.5301325029655991,0.0,0.0,0.3118,1.0,1.0,1018.4073770999998,1000.0,650.2987770999998,1000.0,0.8776481986463807,0.0
3277,1715864460000.0,0.0,0.0,1686.0,0.5301325029655991,0.0,0.0,0.3108,1.0,1.0,1018.4073770999998,1000.0,648.6127770999998,1000.0,0.8776481986463807,0.0
3278,1715868060000.0,0.0,0.0,1686.0,0.5301325029655991,0.0,0.0,0.313,1.0,1.0,1018.4073770999998,1000.0,652.3219770999997,1000.0,0.8776481986463807,0.0
3279,1715871660000.0,0.0,0.0,1686.0,0.5301325029655991,0.0,0.0,0.3071,1.0,1.0,1018.4073770999998,1000.0,642.3745770999997,1000.0,0.8776481986463807,0.0
3280,1715875260000.0,0.0,0.0,1686.0,0.5301325029655991,0.0,0.0,0.3116,1.0,1.0,1018.4073770999998,1000.0,649.9615770999997,1000.0,0.8776481986463807,0.0
3281,1715878860000.0,0.0,0.0,1686.0,0.5301325029655991,0.0,0.0,0.3142,1.0,1.0,1018.4073770999998,1000.0,654.3451770999998,1000.0,0.8776481986463807,0.0
3282,1715882460000.0,0.0,0.0,1686.0,0.5301325029655991,0.0,0.0,0.3142,1.0,1.0,1018.4073770999998,1000.0,654.3451770999998,1000.0,0.8776481986463807,0.0
3283,1715886060000.0,0.0,0.0,1686.0,0.5301325029655991,0.0,0.0,0.313,1.0,1.0,1018.4073770999998,1000.0,652.3219770999997,1000.0,0.8776481986463807,0.0
3284,1715889660000.0,0.0,0.0,1686.0,0.5301325029655991,0.0,0.0,0.3122,1.0,1.0,1018.4073770999998,1000.0,650.9731770999997,1000.0,0.8776481986463807,0.0
3285,1715893260000.0,0.0,0.0,1686.0,0.5301325029655991,0.0,0.0,0.3131,1.0,1.0,1018.4073770999998,1000.0,652.4905770999997,1000.0,0.8776481986463807,0.0
3286,1715896860000.0,0.0,0.0,1686.0,0.5301325029655991,0.0,0.0,0.3118,1.0,1.0,1018.4073770999998,1000.0,650.2987770999998,1000.0,0.8776481986463807,0.0
3287,1715900460000.0,0.0,0.0,1686.0,0.5301325029655991,0.0,0.0,0.3121,1.0,1.0,1018.4073770999998,1000.0,650.8045770999997,1000.0,0.8776481986463807,0.0
3288,1715904060000.0,0.0,0.0,1686.0,0.5301325029655991,0.0,0.0,0.3111,1.0,1.0,1018.4073770999998,1000.0,649.1185770999998,1000.0,0.8776481986463807,0.0
3289,1715907660000.0,0.0,0.0,1686.0,0.5301325029655991,0.0,0.0,0.3107,1.0,1.0,1018.4073770999998,1000.0,648.4441770999997,1000.0,0.8776481986463807,0.0
3290,1715911260000.0,0.0,0.0,1686.0,0.5301325029655991,0.0,0.0,0.31,1.0,1.0,1018.4073770999998,1000.0,647.2639770999997,1000.0,0.8776481986463807,0.0
3291,1715914860000.0,0.0,0.0,1686.0,0.5301325029655991,0.0,0.0,0.3094,1.0,1.0,1018.4073770999998,1000.0,646.2523770999998,1000.0,0.8776481986463807,0.0
3292,1715918460000.0,0.0,0.0,1686.0,0.5301325029655991,0.0,0.0,0.3131,1.0,1.0,1018.4073770999998,1000.0,652.4905770999997,1000.0,0.8776481986463807,0.0
3293,1715922060000.0,0.0,0.0,1686.0,0.5301325029655991,0.0,0.0,0.314,1.0,1.0,1018.4073770999998,1000.0,654.0079770999998,1000.0,0.8776481986463807,0.0
3294,1715925660000.0,0.0,0.0,1686.0,0.5301325029655991,0.0,0.0,0.3155,1.0,1.0,1018.4073770999998,1000.0,656.5369770999998,1000.0,0.8776481986463807,0.0
3295,1715929260000.0,0.0,0.0,1686.0,0.5301325029655991,0.0,0.0,0.3161,1.0,1.0,1018.4073770999998,1000.0,657.5485770999998,1000.0,0.8776481986463807,0.0
3296,1715932860000.0,0.0,0.0,1686.0,0.5301325029655991,0.0,0.0,0.3165,1.0,1.0,1018.4073770999998,1000.0,658.2229770999998,1000.0,0.8776481986463807,0.0
3297,1715936460000.0,0.0,0.0,1686.0,0.5301325029655991,0.0,0.0,0.3179,1.0,1.0,1018.4073770999998,1000.0,660.5833770999998,1000.0,0.8776481986463807,0.0
3298,1715940060000.0,0.0,0.0,1686.0,0.5301325029655991,0.0,0.0,0.3192,1.0,1.0,1018.4073770999998,1000.0,662.7751770999997,1000.0,0.8776481986463807,0.0
3299,1715943660000.0,0.0,0.0,1686.0,0.5301325029655991,0.0,0.0,0.3183,1.0,1.0,1018.4073770999998,1000.0,661.2577770999999,1000.0,0.8776481986463807,0.0
3300,1715947260000.0,0.0,0.0,1686.0,0.5301325029655991,0.0,0.0,0.3171,1.0,1.0,1018.4073770999998,1000.0,659.2345770999998,1000.0,0.8776481986463807,0.0
3301,1715950860000.0,0.0,0.0,1686.0,0.5301325029655991,0.0,0.0,0.3192,1.0,1.0,1018.4073770999998,1000.0,662.7751770999997,1000.0,0.8776481986463807,0.0
3302,1715954460000.0,0.0,0.0,1686.0,0.5301325029655991,0.0,0.0,0.3178,1.0,1.0,1018.4073770999998,1000.0,660.4147770999998,1000.0,0.8776481986463807,0.0
3303,1715958060000.0,0.0,0.0,1686.0,0.5301325029655991,0.0,0.0,0.3184,1.0,1.0,1018.4073770999998,1000.0,661.4263770999999,1000.0,0.8776481986463807,0.0
3304,1715961660000.0,0.0,0.0,1686.0,0.5301325029655991,0.0,0.0,0.3211,1.0,1.0,1018.4073770999998,1000.0,665.9785770999997,1000.0,0.8776481986463807,0.0
3305,1715965260000.0,0.0,0.0,1686.0,0.5301325029655991,0.0,0.0,0.3205,1.0,1.0,1018.4073770999998,1000.0,664.9669770999998,1000.0,0.8776481986463807,0.0
3306,1715968860000.0,0.0,0.0,1686.0,0.5301325029655991,0.0,0.0,0.3201,1.0,1.0,1018.4073770999998,1000.0,664.2925770999998,1000.0,0.8776481986463807,0.0
3307,1715972460000.0,0.0,0.0,1686.0,0.5301325029655991,0.0,0.0,0.3197,1.0,1.0,1018.4073770999998,1000.0,663.6181770999997,1000.0,0.8776481986463807,0.0
3308,1715976060000.0,0.0,0.0,1686.0,0.5301325029655991,0.0,0.0,0.3186,1.0,1.0,1018.4073770999998,1000.0,661.7635770999998,1000.0,0.8776481986463807,0.0
3309,1715979660000.0,0.0,0.0,1686.0,0.5301325029655991,0.0,0.0,0.3192,1.0,1.0,1018.4073770999998,1000.0,662.7751770999997,1000.0,0.8776481986463807,0.0
3310,1715983260000.0,0.0,0.0,1686.0,0.5301325029655991,0.0,0.0,0.3186,1.0,1.0,1018.4073770999998,1000.0,661.7635770999998,1000.0,0.8776481986463807,0.0
3311,1715986860000.0,0.0,0.0,1686.0,0.5301325029655991,0.0,0.0,0.3193,1.0,1.0,1018.4073770999998,1000.0,662.9437770999997,1000.0,0.8776481986463807,0.0
3312,1715990460000.0,0.0,0.0,1686.0,0.5301325029655991,0.0,0.0,0.318,1.0,1.0,1018.4073770999998,1000.0,660.7519770999997,1000.0,0.8776481986463807,0.0
3313,1715994060000.0,0.0,0.0,1686.0,0.5301325029655991,0.0,0.0,0.3178,1.0,1.0,1018.4073770999998,1000.0,660.4147770999998,1000.0,0.8776481986463807,0.0
3314,1715997660000.0,0.0,0.0,1686.0,0.5301325029655991,0.0,0.0,0.3181,1.0,1.0,1018.4073770999998,1000.0,660.9205770999997,1000.0,0.8776481986463807,0.0
3315,1716001260000.0,0.0,0.0,1686.0,0.5301325029655991,0.0,0.0,0.3186,1.0,1.0,1018.4073770999998,1000.0,661.7635770999998,1000.0,0.8776481986463807,0.0
3316,1716004860000.0,0.0,0.0,1686.0,0.5301325029655991,0.0,0.0,0.3196,1.0,1.0,1018.4073770999998,1000.0,663.4495770999997,1000.0,0.8776481986463807,0.0
3317,1716008460000.0,0.0,0.0,1686.0,0.5301325029655991,0.0,0.0,0.3193,1.0,1.0,1018.4073770999998,1000.0,662.9437770999997,1000.0,0.8776481986463807,0.0
3318,1716012060000.0,0.0,0.0,1686.0,0.5301325029655991,0.0,0.0,0.3188,1.0,1.0,1018.4073770999998,1000.0,662.1007770999997,1000.0,0.8776481986463807,0.0
3319,1716015660000.0,0.0,0.0,1686.0,0.5301325029655991,0.0,0.0,0.3185,1.0,1.0,1018.4073770999998,1000.0,661.5949770999998,1000.0,0.8776481986463807,0.0
3320,1716019260000.0,0.0,0.0,1686.0,0.5301325029655991,0.0,0.0,0.3182,1.0,1.0,1018.4073770999998,1000.0,661.0891770999997,1000.0,0.8776481986463807,0.0
3321,1716022860000.0,0.0,0.0,1686.0,0.5301325029655991,0.0,0.0,0.3203,1.0,1.0,1018.4073770999998,1000.0,664.6297770999997,1000.0,0.8776481986463807,0.0
3322,1716026460000.0,0.0,0.0,1686.0,0.5301325029655991,0.0,0.0,0.3208,1.0,1.0,1018.4073770999998,1000.0,665.4727770999997,1000.0,0.8776481986463807,0.0
3323,1716030060000.0,0.0,0.0,1686.0,0.5301325029655991,0.0,0.0,0.3198,1.0,1.0,1018.4073770999998,1000.0,663.7867770999997,1000.0,0.8776481986463807,0.0
3324,1716033660000.0,0.0,0.0,1686.0,0.5301325029655991,0.0,0.0,0.3192,1.0,1.0,1018.4073770999998,1000.0,662.7751770999997,1000.0,0.8776481986463807,0.0
3325,1716037260000.0,0.0,0.0,1686.0,0.5301325029655991,0.0,0.0,0.3169,1.0,1.0,1018.4073770999998,1000.0,658.8973770999999,1000.0,0.8776481986463807,0.0
3326,1716040860000.0,0.0,0.0,1686.0,0.5301325029655991,0.0,0.0,0.3148,1.0,1.0,1018.4073770999998,1000.0,655.3567770999998,1000.0,0.8776481986463807,0.0
3327,1716044460000.0,0.0,0.0,1686.0,0.5301325029655991,0.0,0.0,0.316,1.0,1.0,1018.4073770999998,1000.0,657.3799770999997,1000.0,0.8776481986463807,0.0
3328,1716048060000.0,0.0,0.0,1686.0,0.5301325029655991,0.0,0.0,0.3175,1.0,1.0,1018.4073770999998,1000.0,659.9089770999998,1000.0,0.8776481986463807,0.0
3329,1716051660000.0,0.0,0.0,1686.0,0.5301325029655991,0.0,0.0,0.3172,1.0,1.0,1018.4073770999998,1000.0,659.4031770999998,1000.0,0.8776481986463807,0.0
3330,1716055260000.0,0.0,0.0,1686.0,0.5301325029655991,0.0,0.0,0.3178,1.0,1.0,1018.4073770999998,1000.0,660.4147770999998,1000.0,0.8776481986463807,0.0
3331,1716058860000.0,0.0,0.0,1686.0,0.5301325029655991,0.0,0.0,0.3178,1.0,1.0,1018.4073770999998,1000.0,660.4147770999998,1000.0,0.8776481986463807,0.0
3332,1716062460000.0,0.0,0.0,1686.0,0.5301325029655991,0.0,0.0,0.3169,1.0,1.0,1018.4073770999998,1000.0,658.8973770999999,1000.0,0.8776481986463807,0.0
3333,1716066060000.0,0.0,0.0,1686.0,0.5301325029655991,0.0,0.0,0.3177,1.0,1.0,1018.4073770999998,1000.0,660.2461770999997,1000.0,0.8776481986463807,0.0
3334,1716069660000.0,0.0,0.0,1686.0,0.5301325029655991,0.0,0.0,0.3167,1.0,1.0,1018.4073770999998,1000.0,658.5601770999997,1000.0,0.8776481986463807,0.0
3335,1716073260000.0,0.0,0.0,1686.0,0.5301325029655991,0.0,0.0,0.3161,1.0,1.0,1018.4073770999998,1000.0,657.5485770999998,1000.0,0.8776481986463807,0.0
3336,1716076860000.0,0.0,0.0,1686.0,0.5301325029655991,0.0,0.0,0.3167,1.0,1.0,1018.4073770999998,1000.0,658.5601770999997,1000.0,0.8776481986463807,0.0
3337,1716080460000.0,0.0,0.0,1686.0,0.5301325029655991,0.0,0.0,0.3155,1.0,1.0,1018.4073770999998,1000.0,656.5369770999998,1000.0,0.8776481986463807,0.0
3338,1716084060000.0,0.0,0.0,1686.0,0.5301325029655991,0.0,0.0,0.3169,1.0,1.0,1018.4073770999998,1000.0,658.8973770999999,1000.0,0.8776481986463807,0.0
3339,1716087660000.0,0.0,0.0,1686.0,0.5301325029655991,0.0,0.0,0.3177,1.0,1.0,1018.4073770999998,1000.0,660.2461770999997,1000.0,0.8776481986463807,0.0
3340,1716091260000.0,0.0,0.0,1686.0,0.5301325029655991,0.0,0.0,0.3161,1.0,1.0,1018.4073770999998,1000.0,657.5485770999998,1000.0,0.8776481986463807,0.0
3341,1716094860000.0,0.0,0.0,1686.0,0.5301325029655991,0.0,0.0,0.3165,1.0,1.0,1018.4073770999998,1000.0,658.2229770999998,1000.0,0.8776481986463807,0.0
3342,1716098460000.0,0.0,0.0,1686.0,0.5301325029655991,0.0,0.0,0.3155,1.0,1.0,1018.4073770999998,1000.0,656.5369770999998,1000.0,0.8776481986463807,0.0
3343,1716102060000.0,0.0,0.0,1686.0,0.5301325029655991,0.0,0.0,0.315,1.0,1.0,1018.4073770999998,1000.0,655.6939770999998,1000.0,0.8776481986463807,0.0
3344,1716105660000.0,0.0,0.0,1686.0,0.5301325029655991,0.0,0.0,0.316,1.0,1.0,1018.4073770999998,1000.0,657.3799770999997,1000.0,0.8776481986463807,0.0
3345,1716109260000.0,0.0,0.0,1686.0,0.5301325029655991,0.0,0.0,0.3154,1.0,1.0,1018.4073770999998,1000.0,656.3683770999999,1000.0,0.8776481986463807,0.0
3346,1716112860000.0,0.0,0.0,1686.0,0.5301325029655991,0.0,0.0,0.3142,1.0,1.0,1018.4073770999998,1000.0,654.3451770999998,1000.0,0.8776481986463807,0.0
3347,1716116460000.0,0.0,0.0,1686.0,0.5301325029655991,0.0,0.0,0.3124,1.0,1.0,1018.4073770999998,1000.0,651.3103770999998,1000.0,0.8776481986463807,0.0
3348,1716120060000.0,0.0,0.0,1686.0,0.5301325029655991,0.0,0.0,0.3119,1.0,1.0,1018.4073770999998,1000.0,650.4673770999998,1000.0,0.8776481986463807,0.0
3349,1716123660000.0,0.0,0.0,1686.0,0.5301325029655991,0.0,0.0,0.3085,1.0,1.0,1018.4073770999998,1000.0,644.7349770999997,1000.0,0.8776481986463807,0.0
3350,1716127260000.0,0.0,0.0,1686.0,0.5301325029655991,0.0,0.0,0.3082,1.0,1.0,1018.4073770999998,1000.0,644.2291770999998,1000.0,0.8776481986463807,0.0
3351,1716130860000.0,0.0,0.0,1686.0,0.5301325029655991,0.0,0.0,0.3083,1.0,1.0,1018.4073770999998,1000.0,644.3977770999998,1000.0,0.8776481986463807,0.0
3352,1716134460000.0,0.0,0.0,1686.0,0.5301325029655991,0.0,0.0,0.3099,1.0,1.0,1018.4073770999998,1000.0,647.0953770999997,1000.0,0.8776481986463807,0.0
3353,1716138060000.0,0.0,0.0,1686.0,0.5301325029655991,0.0,0.0,0.3064,1.0,1.0,1018.4073770999998,1000.0,641.1943770999998,1000.0,0.8776481986463807,0.0
3354,1716141660000.0,0.0,0.0,1686.0,0.5301325029655991,0.0,0.0,0.3077,1.0,1.0,1018.4073770999998,1000.0,643.3861770999997,1000.0,0.8776481986463807,0.0
3355,1716145260000.0,0.0,0.0,1686.0,0.5301325029655991,0.0,0.0,0.3065,1.0,1.0,1018.4073770999998,1000.0,641.3629770999997,1000.0,0.8776481986463807,0.0
3356,1716148860000.0,0.0,0.0,1686.0,0.5301325029655991,0.0,0.0,0.3067,1.0,1.0,1018.4073770999998,1000.0,641.7001770999998,1000.0,0.8776481986463807,0.0
3357,1716152460000.0,0.0,0.0,1686.0,0.5301325029655991,0.0,0.0,0.3062,1.0,1.0,1018.4073770999998,1000.0,640.8571770999998,1000.0,0.8776481986463807,0.0
3358,1716156060000.0,0.0,0.0,1686.0,0.5301325029655991,0.0,0.0,0.3046,1.0,1.0,1018.4073770999998,1000.0,638.1595770999998,1000.0,0.8776481986463807,0.0
3359,1716159660000.0,0.0,0.0,1686.0,0.5301325029655991,0.0,0.0,0.3058,1.0,1.0,1018.4073770999998,1000.0,640.1827770999998,1000.0,0.8776481986463807,0.0
3360,1716163260000.0,0.0,0.0,1686.0,0.5301325029655991,0.0,0.0,0.3039,1.0,1.0,1018.4073770999998,1000.0,636.9793770999997,1000.0,0.8776481986463807,0.0
3361,1716166860000.0,0.0,0.0,1686.0,0.5301325029655991,0.0,0.0,0.3044,1.0,1.0,1018.4073770999998,1000.0,637.8223770999998,1000.0,0.8776481986463807,0.0
3362,1716170460000.0,0.0,0.0,1686.0,0.5301325029655991,0.0,0.0,0.3025,1.0,1.0,1018.4073770999998,1000.0,634.6189770999997,1000.0,0.8776481986463807,0.0
3363,1716174060000.0,0.0,0.0,1686.0,0.5301325029655991,0.0,0.0,0.3055,1.0,1.0,1018.4073770999998,1000.0,639.6769770999997,1000.0,0.8776481986463807,0.0
3364,1716177660000.0,0.0,0.0,1686.0,0.5301325029655991,0.0,0.0,0.3045,1.0,1.0,1018.4073770999998,1000.0,637.9909770999998,1000.0,0.8776481986463807,0.0
3365,1716181260000.0,0.0,0.0,1686.0,0.5301325029655991,0.0,0.0,0.3083,1.0,1.0,1018.4073770999998,1000.0,644.3977770999998,1000.0,0.8776481986463807,0.0
3366,1716184860000.0,0.0,0.0,1686.0,0.5301325029655991,0.0,0.0,0.3085,1.0,1.0,1018.4073770999998,1000.0,644.7349770999997,1000.0,0.8776481986463807,0.0
3367,1716188460000.0,0.0,0.0,1686.0,0.5301325029655991,0.0,0.0,0.3038,1.0,1.0,1018.4073770999998,1000.0,636.8107770999998,1000.0,0.8776481986463807,0.0
3368,1716192060000.0,0.0,0.0,1686.0,0.5301325029655991,0.0,0.0,0.3071,1.0,1.0,1018.4073770999998,1000.0,642.3745770999997,1000.0,0.8776481986463807,0.0
3369,1716195660000.0,0.0,0.0,1686.0,0.5301325029655991,0.0,0.0,0.3086,1.0,1.0,1018.4073770999998,1000.0,644.9035770999997,1000.0,0.8776481986463807,0.0
3370,1716199260000.0,0.0,0.0,1686.0,0.5301325029655991,0.0,0.0,0.3082,1.0,1.0,1018.4073770999998,1000.0,644.2291770999998,1000.0,0.8776481986463807,0.0
3371,1716202860000.0,0.0,0.0,1686.0,0.5301325029655991,0.0,0.0,0.3096,1.0,1.0,1018.4073770999998,1000.0,646.5895770999998,1000.0,0.8776481986463807,0.0
3372,1716206460000.0,0.0,0.0,1686.0,0.5301325029655991,0.0,0.0,0.3084,1.0,1.0,1018.4073770999998,1000.0,644.5663770999997,1000.0,0.8776481986463807,0.0
3373,1716210060000.0,0.0,0.0,1686.0,0.5301325029655991,0.0,0.0,0.307,1.0,1.0,1018.4073770999998,1000.0,642.2059770999997,1000.0,0.8776481986463807,0.0
3374,1716213660000.0,0.0,0.0,1686.0,0.5301325029655991,0.0,0.0,0.3086,1.0,1.0,1018.4073770999998,1000.0,644.9035770999997,1000.0,0.8776481986463807,0.0
3375,1716217260000.0,0.0,0.0,1686.0,0.5301325029655991,0.0,0.0,0.3082,1.0,1.0,1018.4073770999998,1000.0,644.2291770999998,1000.0,0.8776481986463807,0.0
3376,1716220860000.0,0.0,0.0,1686.0,0.5301325029655991,0.0,0.0,0.3118,1.0,1.0,1018.4073770999998,1000.0,650.2987770999998,1000.0,0.8776481986463807,0.0
3377,1716224460000.0,0.0,0.0,1686.0,0.5301325029655991,0.0,0.0,0.3137,1.0,1.0,1018.4073770999998,1000.0,653.5021770999997,1000.0,0.8776481986463807,0.0
3378,1716228060000.0,0.0,0.0,1686.0,0.5301325029655991,0.0,0.0,0.3154,1.0,1.0,1018.4073770999998,1000.0,656.3683770999999,1000.0,0.8776481986463807,0.0
3379,1716231660000.0,0.0,0.0,1686.0,0.5301325029655991,0.0,0.0,0.3152,1.0,1.0,1018.4073770999998,1000.0,656.0311770999997,1000.0,0.8776481986463807,0.0
3380,1716235260000.0,0.0,0.0,1686.0,0.5301325029655991,0.0,0.0,0.3251,1.0,1.0,1018.4073770999998,1000.0,672.7225770999997,1000.0,0.8776481986463807,0.0
3381,1716238860000.0,0.0,0.0,1686.0,0.5301325029655991,0.0,0.0,0.3225,1.0,1.0,1018.4073770999998,1000.0,668.3389770999997,1000.0,0.8776481986463807,0.0
3382,1716242460000.0,0.0,0.0,1686.0,0.5301325029655991,0.0,0.0,0.325,1.0,1.0,1018.4073770999998,1000.0,672.5539770999998,1000.0,0.8776481986463807,0.0
3383,1716246060000.0,0.0,0.0,1686.0,0.5301325029655991,0.0,0.0,0.3247,1.0,1.0,1018.4073770999998,1000.0,672.0481770999997,1000.0,0.8776481986463807,0.0
3384,1716249660000.0,0.0,0.0,1686.0,0.5301325029655991,0.0,0.0,0.3255,1.0,1.0,1018.4073770999998,1000.0,673.3969770999997,1000.0,0.8776481986463807,0.0
3385,1716253260000.0,0.0,0.0,1686.0,0.5301325029655991,0.0,0.0,0.3229,1.0,1.0,1018.4073770999998,1000.0,669.0133770999998,1000.0,0.8776481986463807,0.0
3386,1716256860000.0,0.0,0.0,1686.0,0.5301325029655991,0.0,0.0,0.323,1.0,1.0,1018.4073770999998,1000.0,669.1819770999998,1000.0,0.8776481986463807,0.0
3387,1716260460000.0,0.0,0.0,1686.0,0.5301325029655991,0.0,0.0,0.3218,1.0,1.0,1018.4073770999998,1000.0,667.1587770999997,1000.0,0.8776481986463807,0.0
3388,1716264060000.0,0.0,0.0,1686.0,0.5301325029655991,0.0,0.0,0.3213,1.0,1.0,1018.4073770999998,1000.0,666.3157770999997,1000.0,0.8776481986463807,0.0
3389,1716267660000.0,0.0,0.0,1686.0,0.5301325029655991,0.0,0.0,0.3195,1.0,1.0,1018.4073770999998,1000.0,663.2809770999997,1000.0,0.8776481986463807,0.0
3390,1716271260000.0,0.0,0.0,1686.0,0.5301325029655991,0.0,0.0,0.3213,1.0,1.0,1018.4073770999998,1000.0,666.3157770999997,1000.0,0.8776481986463807,0.0
3391,1716274860000.0,0.0,0.0,1686.0,0.5301325029655991,0.0,0.0,0.3219,1.0,1.0,1018.4073770999998,1000.0,667.3273770999998,1000.0,0.8776481986463807,0.0
3392,1716278460000.0,0.0,0.0,1686.0,0.5301325029655991,0.0,0.0,0.3222,1.0,1.0,1018.4073770999998,1000.0,667.8331770999997,1000.0,0.8776481986463807,0.0
3393,1716282060000.0,0.0,0.0,1686.0,0.5301325029655991,0.0,0.0,0.3224,1.0,1.0,1018.4073770999998,1000.0,668.1703770999998,1000.0,0.8776481986463807,0.0
3394,1716285660000.0,0.0,0.0,1686.0,0.5301325029655991,0.0,0.0,0.3226,1.0,1.0,1018.4073770999998,1000.0,668.5075770999997,1000.0,0.8776481986463807,0.0
3395,1716289260000.0,0.0,0.0,1686.0,0.5301325029655991,0.0,0.0,0.3226,1.0,1.0,1018.4073770999998,1000.0,668.5075770999997,1000.0,0.8776481986463807,0.0
3396,1716292860000.0,0.0,0.0,1686.0,0.5301325029655991,0.0,0.0,0.3205,1.0,1.0,1018.4073770999998,1000.0,664.9669770999998,1000.0,0.8776481986463807,0.0
3397,1716296460000.0,0.0,0.0,1686.0,0.5301325029655991,0.0,0.0,0.3214,1.0,1.0,1018.4073770999998,1000.0,666.4843770999998,1000.0,0.8776481986463807,0.0
3398,1716300060000.0,0.0,0.0,1686.0,0.5301325029655991,0.0,0.0,0.3232,1.0,1.0,1018.4073770999998,1000.0,669.5191770999998,1000.0,0.8776481986463807,0.0
3399,1716303660000.0,0.0,0.0,1686.0,0.5301325029655991,0.0,0.0,0.3236,1.0,1.0,1018.4073770999998,1000.0,670.1935770999997,1000.0,0.8776481986463807,0.0
3400,1716307260000.0,0.0,0.0,1686.0,0.5301325029655991,0.0,0.0,0.3197,1.0,1.0,1018.4073770999998,1000.0,663.6181770999997,1000.0,0.8776481986463807,0.0
3401,1716310860000.0,0.0,0.0,1686.0,0.5301325029655991,0.0,0.0,0.3236,1.0,1.0,1018.4073770999998,1000.0,670.1935770999997,1000.0,0.8776481986463807,0.0
3402,1716314460000.0,0.0,0.0,1686.0,0.5301325029655991,0.0,0.0,0.3241,1.0,1.0,1018.4073770999998,1000.0,671.0365770999997,1000.0,0.8776481986463807,0.0
3403,1716318060000.0,0.0,0.0,1686.0,0.5301325029655991,0.0,0.0,0.322,1.0,1.0,1018.4073770999998,1000.0,667.4959770999998,1000.0,0.8776481986463807,0.0
3404,1716321660000.0,0.0,0.0,1686.0,0.5301325029655991,0.0,0.0,0.3193,1.0,1.0,1018.4073770999998,1000.0,662.9437770999997,1000.0,0.8776481986463807,0.0
3405,1716325260000.0,0.0,0.0,1686.0,0.5301325029655991,0.0,0.0,0.3204,1.0,1.0,1018.4073770999998,1000.0,664.7983770999998,1000.0,0.8776481986463807,0.0
3406,1716328860000.0,0.0,0.0,1686.0,0.5301325029655991,0.0,0.0,0.3207,1.0,1.0,1018.4073770999998,1000.0,665.3041770999997,1000.0,0.8776481986463807,0.0
3407,1716332460000.0,0.0,0.0,1686.0,0.5301325029655991,0.0,0.0,0.3212,1.0,1.0,1018.4073770999998,1000.0,666.1471770999997,1000.0,0.8776481986463807,0.0
3408,1716336060000.0,0.0,0.0,1686.0,0.5301325029655991,0.0,0.0,0.3202,1.0,1.0,1018.4073770999998,1000.0,664.4611770999998,1000.0,0.8776481986463807,0.0
3409,1716339660000.0,0.0,0.0,1686.0,0.5301325029655991,0.0,0.0,0.3186,1.0,1.0,1018.4073770999998,1000.0,661.7635770999998,1000.0,0.8776481986463807,0.0
3410,1716343260000.0,0.0,0.0,1686.0,0.5301325029655991,0.0,0.0,0.3198,1.0,1.0,1018.4073770999998,1000.0,663.7867770999997,1000.0,0.8776481986463807,0.0
3411,1716346860000.0,0.0,0.0,1686.0,0.5301325029655991,0.0,0.0,0.3191,1.0,1.0,1018.4073770999998,1000.0,662.6065770999998,1000.0,0.8776481986463807,0.0
3412,1716350460000.0,0.0,0.0,1686.0,0.5301325029655991,0.0,0.0,0.3192,1.0,1.0,1018.4073770999998,1000.0,662.7751770999997,1000.0,0.8776481986463807,0.0
3413,1716354060000.0,0.0,0.0,1686.0,0.5301325029655991,0.0,0.0,0.3165,1.0,1.0,1018.4073770999998,1000.0,658.2229770999998,1000.0,0.8776481986463807,0.0
3414,1716357660000.0,0.0,0.0,1686.0,0.5301325029655991,0.0,0.0,0.318,1.0,1.0,1018.4073770999998,1000.0,660.7519770999997,1000.0,0.8776481986463807,0.0
3415,1716361260000.0,0.0,0.0,1686.0,0.5301325029655991,0.0,0.0,0.3187,1.0,1.0,1018.4073770999998,1000.0,661.9321770999998,1000.0,0.8776481986463807,0.0
3416,1716364860000.0,0.0,0.0,1686.0,0.5301325029655991,0.0,0.0,0.3169,1.0,1.0,1018.4073770999998,1000.0,658.8973770999999,1000.0,0.8776481986463807,0.0
3417,1716368460000.0,0.0,0.0,1686.0,0.5301325029655991,0.0,0.0,0.3163,1.0,1.0,1018.4073770999998,1000.0,657.8857770999998,1000.0,0.8776481986463807,0.0
3418,1716372060000.0,0.0,0.0,1686.0,0.5301325029655991,0.0,0.0,0.3151,1.0,1.0,1018.4073770999998,1000.0,655.8625770999997,1000.0,0.8776481986463807,0.0
3419,1716375660000.0,0.0,0.0,1686.0,0.5301325029655991,0.0,0.0,0.3173,1.0,1.0,1018.4073770999998,1000.0,659.5717770999997,1000.0,0.8776481986463807,0.0
3420,1716379260000.0,0.0,0.0,1686.0,0.5301325029655991,0.0,0.0,0.3148,1.0,1.0,1018.4073770999998,1000.0,655.3567770999998,1000.0,0.8776481986463807,0.0
3421,1716382860000.0,0.0,0.0,1686.0,0.5301325029655991,0.0,0.0,0.3107,1.0,1.0,1018.4073770999998,1000.0,648.4441770999997,1000.0,0.8776481986463807,0.0
3422,1716386460000.0,0.0,0.0,1686.0,0.5301325029655991,0.0,0.0,0.3145,1.0,1.0,1018.4073770999998,1000.0,654.8509770999997,1000.0,0.8776481986463807,0.0
3423,1716390060000.0,0.0,0.0,1686.0,0.5301325029655991,0.0,0.0,0.3152,1.0,1.0,1018.4073770999998,1000.0,656.0311770999997,1000.0,0.8776481986463807,0.0
3424,1716393660000.0,0.0,0.0,1686.0,0.5301325029655991,0.0,0.0,0.3173,1.0,1.0,1018.4073770999998,1000.0,659.5717770999997,1000.0,0.8776481986463807,0.0
3425,1716397260000.0,0.0,0.0,1686.0,0.5301325029655991,0.0,0.0,0.3182,1.0,1.0,1018.4073770999998,1000.0,661.0891770999997,1000.0,0.8776481986463807,0.0
3426,1716400860000.0,0.0,0.0,1686.0,0.5301325029655991,0.0,0.0,0.3163,1.0,1.0,1018.4073770999998,1000.0,657.8857770999998,1000.0,0.8776481986463807,0.0
3427,1716404460000.0,0.0,0.0,1686.0,0.5301325029655991,0.0,0.0,0.3132,1.0,1.0,1018.4073770999998,1000.0,652.6591770999997,1000.0,0.8776481986463807,0.0
3428,1716408060000.0,0.0,0.0,1686.0,0.5301325029655991,0.0,0.0,0.3139,1.0,1.0,1018.4073770999998,1000.0,653.8393770999998,1000.0,0.8776481986463807,0.0
3429,1716411660000.0,0.0,0.0,1686.0,0.5301325029655991,0.0,0.0,0.3129,1.0,1.0,1018.4073770999998,1000.0,652.1533770999997,1000.0,0.8776481986463807,0.0
3430,1716415260000.0,0.0,0.0,1686.0,0.5301325029655991,0.0,0.0,0.3149,1.0,1.0,1018.4073770999998,1000.0,655.5253770999998,1000.0,0.8776481986463807,0.0
3431,1716418860000.0,0.0,0.0,1686.0,0.5301325029655991,0.0,0.0,0.3127,1.0,1.0,1018.4073770999998,1000.0,651.8161770999998,1000.0,0.8776481986463807,0.0
3432,1716422460000.0,0.0,0.0,1686.0,0.5301325029655991,0.0,0.0,0.3133,1.0,1.0,1018.4073770999998,1000.0,652.8277770999998,1000.0,0.8776481986463807,0.0
3433,1716426060000.0,0.0,0.0,1686.0,0.5301325029655991,0.0,0.0,0.3136,1.0,1.0,1018.4073770999998,1000.0,653.3335770999997,1000.0,0.8776481986463807,0.0
3434,1716429660000.0,0.0,0.0,1686.0,0.5301325029655991,0.0,0.0,0.3134,1.0,1.0,1018.4073770999998,1000.0,652.9963770999998,1000.0,0.8776481986463807,0.0
3435,1716433260000.0,0.0,0.0,1686.0,0.5301325029655991,0.0,0.0,0.3128,1.0,1.0,1018.4073770999998,1000.0,651.9847770999997,1000.0,0.8776481986463807,0.0
3436,1716436860000.0,0.0,0.0,1686.0,0.5301325029655991,0.0,0.0,0.3141,1.0,1.0,1018.4073770999998,1000.0,654.1765770999998,1000.0,0.8776481986463807,0.0
3437,1716440460000.0,0.0,0.0,1686.0,0.5301325029655991,0.0,0.0,0.314,1.0,1.0,1018.4073770999998,1000.0,654.0079770999998,1000.0,0.8776481986463807,0.0
3438,1716444060000.0,0.0,0.0,1686.0,0.5301325029655991,0.0,0.0,0.3134,1.0,1.0,1018.4073770999998,1000.0,652.9963770999998,1000.0,0.8776481986463807,0.0
3439,1716447660000.0,0.0,0.0,1686.0,0.5301325029655991,0.0,0.0,0.314,1.0,1.0,1018.4073770999998,1000.0,654.0079770999998,1000.0,0.8776481986463807,0.0
3440,1716451260000.0,0.0,0.0,1686.0,0.5301325029655991,0.0,0.0,0.3134,1.0,1.0,1018.4073770999998,1000.0,652.9963770999998,1000.0,0.8776481986463807,0.0
3441,1716454860000.0,0.0,0.0,1686.0,0.5301325029655991,0.0,0.0,0.3121,1.0,1.0,1018.4073770999998,1000.0,650.8045770999997,1000.0,0.8776481986463807,0.0
3442,1716458460000.0,0.0,0.0,1686.0,0.5301325029655991,0.0,0.0,0.3097,1.0,1.0,1018.4073770999998,1000.0,646.7581770999998,1000.0,0.8776481986463807,0.0
3443,1716462060000.0,0.0,0.0,1686.0,0.5301325029655991,0.0,0.0,0.3092,1.0,1.0,1018.4073770999998,1000.0,645.9151770999997,1000.0,0.8776481986463807,0.0
3444,1716465660000.0,0.0,0.0,1686.0,0.5301325029655991,0.0,0.0,0.3131,1.0,1.0,1018.4073770999998,1000.0,652.4905770999997,1000.0,0.8776481986463807,0.0
3445,1716469260000.0,0.0,0.0,1686.0,0.5301325029655991,0.0,0.0,0.3076,1.0,1.0,1018.4073770999998,1000.0,643.2175770999997,1000.0,0.8776481986463807,0.0
3446,1716472860000.0,0.0,0.0,1686.0,0.5301325029655991,0.0,0.0,0.3056,1.0,1.0,1018.4073770999998,1000.0,639.8455770999997,1000.0,0.8776481986463807,0.0
3447,1716476460000.0,0.0,0.0,1686.0,0.5301325029655991,0.0,0.0,0.3042,1.0,1.0,1018.4073770999998,1000.0,637.4851770999999,1000.0,0.8776481986463807,0.0
3448,1716480060000.0,0.0,0.0,1686.0,0.5301325029655991,0.0,0.0,0.3056,1.0,1.0,1018.4073770999998,1000.0,639.8455770999997,1000.0,0.8776481986463807,0.0
3449,1716483660000.0,0.0,0.0,1686.0,0.5301325029655991,0.0,0.0,0.3052,1.0,1.0,1018.4073770999998,1000.0,639.1711770999998,1000.0,0.8776481986463807,0.0
3450,1716487260000.0,0.0,0.0,1686.0,0.5301325029655991,0.0,0.0,0.304,1.0,1.0,1018.4073770999998,1000.0,637.1479770999997,1000.0,0.8776481986463807,0.0
3451,1716490860000.0,0.0,0.0,1686.0,0.5301325029655991,0.0,0.0,0.3034,1.0,1.0,1018.4073770999998,1000.0,636.1363770999998,1000.0,0.8776481986463807,0.0
3452,1716494460000.0,0.0,0.0,1686.0,0.5301325029655991,0.0,0.0,0.2964,1.0,1.0,1018.4073770999998,1000.0,624.3343770999998,1000.0,0.8776481986463807,0.0
3453,1716498060000.0,0.0,0.0,1686.0,0.5301325029655991,0.0,0.0,0.3023,1.0,1.0,1018.4073770999998,1000.0,634.2817770999998,1000.0,0.8776481986463807,0.0
3454,1716501660000.0,0.0,0.0,1686.0,0.5301325029655991,0.0,0.0,0.3069,1.0,1.0,1018.4073770999998,1000.0,642.0373770999997,1000.0,0.8776481986463807,0.0
3455,1716505260000.0,0.0,0.0,1686.0,0.5301325029655991,0.0,0.0,0.3058,1.0,1.0,1018.4073770999998,1000.0,640.1827770999998,1000.0,0.8776481986463807,0.0
3456,1716508860000.0,0.0,0.0,1686.0,0.5301325029655991,0.0,0.0,0.3057,1.0,1.0,1018.4073770999998,1000.0,640.0141770999999,1000.0,0.8776481986463807,0.0
3457,1716512460000.0,0.0,0.0,1686.0,0.5301325029655991,0.0,0.0,0.3097,1.0,1.0,1018.4073770999998,1000.0,646.7581770999998,1000.0,0.8776481986463807,0.0
3458,1716516060000.0,0.0,0.0,1686.0,0.5301325029655991,0.0,0.0,0.3101,1.0,1.0,1018.4073770999998,1000.0,647.4325770999997,1000.0,0.8776481986463807,0.0
3459,1716519660000.0,0.0,0.0,1686.0,0.5301325029655991,0.0,0.0,0.3094,1.0,1.0,1018.4073770999998,1000.0,646.2523770999998,1000.0,0.8776481986463807,0.0
3460,1716523260000.0,0.0,0.0,1686.0,0.5301325029655991,0.0,0.0,0.3091,1.0,1.0,1018.4073770999998,1000.0,645.7465770999997,1000.0,0.8776481986463807,0.0
3461,1716526860000.0,0.0,0.0,1686.0,0.5301325029655991,0.0,0.0,0.3094,1.0,1.0,1018.4073770999998,1000.0,646.2523770999998,1000.0,0.8776481986463807,0.0
3462,1716530460000.0,0.0,0.0,1686.0,0.5301325029655991,0.0,0.0,0.3067,1.0,1.0,1018.4073770999998,1000.0,641.7001770999998,1000.0,0.8776481986463807,0.0
3463,1716534060000.0,0.0,0.0,1686.0,0.5301325029655991,0.0,0.0,0.3015,1.0,1.0,1018.4073770999998,1000.0,632.9329770999998,1000.0,0.8776481986463807,0.0
3464,1716537660000.0,0.0,0.0,1686.0,0.5301325029655991,0.0,0.0,0.3043,1.0,1.0,1018.4073770999998,1000.0,637.6537770999998,1000.0,0.8776481986463807,0.0
3465,1716541260000.0,0.0,0.0,1686.0,0.5301325029655991,0.0,0.0,0.3038,1.0,1.0,1018.4073770999998,1000.0,636.8107770999998,1000.0,0.8776481986463807,0.0
3466,1716544860000.0,0.0,0.0,1686.0,0.5301325029655991,0.0,0.0,0.3062,1.0,1.0,1018.4073770999998,1000.0,640.8571770999998,1000.0,0.8776481986463807,0.0
3467,1716548460000.0,0.0,0.0,1686.0,0.5301325029655991,0.0,0.0,0.3068,1.0,1.0,1018.4073770999998,1000.0,641.8687770999998,1000.0,0.8776481986463807,0.0
3468,1716552060000.0,0.0,0.0,1686.0,0.5301325029655991,0.0,0.0,0.3081,1.0,1.0,1018.4073770999998,1000.0,644.0605770999997,1000.0,0.8776481986463807,0.0
3469,1716555660000.0,0.0,0.0,1686.0,0.5301325029655991,0.0,0.0,0.3099,1.0,1.0,1018.4073770999998,1000.0,647.0953770999997,1000.0,0.8776481986463807,0.0
3470,1716559260000.0,0.0,0.0,1686.0,0.5301325029655991,0.0,0.0,0.3084,1.0,1.0,1018.4073770999998,1000.0,644.5663770999997,1000.0,0.8776481986463807,0.0
3471,1716562860000.0,0.0,0.0,1686.0,0.5301325029655991,0.0,0.0,0.3105,1.0,1.0,1018.4073770999998,1000.0,648.1069770999998,1000.0,0.8776481986463807,0.0
3472,1716566460000.0,0.0,0.0,1686.0,0.5301325029655991,0.0,0.0,0.3085,1.0,1.0,1018.4073770999998,1000.0,644.7349770999997,1000.0,0.8776481986463807,0.0
3473,1716570060000.0,0.0,0.0,1686.0,0.5301325029655991,0.0,0.0,0.307,1.0,1.0,1018.4073770999998,1000.0,642.2059770999997,1000.0,0.8776481986463807,0.0
3474,1716573660000.0,0.0,0.0,1686.0,0.5301325029655991,0.0,0.0,0.3082,1.0,1.0,1018.4073770999998,1000.0,644.2291770999998,1000.0,0.8776481986463807,0.0
3475,1716577260000.0,0.0,0.0,1686.0,0.5301325029655991,0.0,0.0,0.3086,1.0,1.0,1018.4073770999998,1000.0,644.9035770999997,1000.0,0.8776481986463807,0.0
3476,1716580860000.0,0.0,0.0,1686.0,0.5301325029655991,0.0,0.0,0.3089,1.0,1.0,1018.4073770999998,1000.0,645.4093770999998,1000.0,0.8776481986463807,0.0
3477,1716584460000.0,0.0,0.0,1686.0,0.5301325029655991,0.0,0.0,0.3098,1.0,1.0,1018.4073770999998,1000.0,646.9267770999998,1000.0,0.8776481986463807,0.0
3478,1716588060000.0,0.0,0.0,1686.0,0.5301325029655991,0.0,0.0,0.3096,1.0,1.0,1018.4073770999998,1000.0,646.5895770999998,1000.0,0.8776481986463807,0.0
3479,1716591660000.0,0.0,0.0,1686.0,0.5301325029655991,0.0,0.0,0.3096,1.0,1.0,1018.4073770999998,1000.0,646.5895770999998,1000.0,0.8776481986463807,0.0
3480,1716595260000.0,0.0,0.0,1686.0,0.5301325029655991,0.0,0.0,0.3105,1.0,1.0,1018.4073770999998,1000.0,648.1069770999998,1000.0,0.8776481986463807,0.0
3481,1716598860000.0,0.0,0.0,1686.0,0.5301325029655991,0.0,0.0,0.3107,1.0,1.0,1018.4073770999998,1000.0,648.4441770999997,1000.0,0.8776481986463807,0.0
3482,1716602460000.0,0.0,0.0,1686.0,0.5301325029655991,0.0,0.0,0.312,1.0,1.0,1018.4073770999998,1000.0,650.6359770999998,1000.0,0.8776481986463807,0.0
3483,1716606060000.0,0.0,0.0,1686.0,0.5301325029655991,0.0,0.0,0.3113,1.0,1.0,1018.4073770999998,1000.0,649.4557770999998,1000.0,0.8776481986463807,0.0
3484,1716609660000.0,0.0,0.0,1686.0,0.5301325029655991,0.0,0.0,0.3119,1.0,1.0,1018.4073770999998,1000.0,650.4673770999998,1000.0,0.8776481986463807,0.0
3485,1716613260000.0,0.0,0.0,1686.0,0.5301325029655991,0.0,0.0,0.3122,1.0,1.0,1018.4073770999998,1000.0,650.9731770999997,1000.0,0.8776481986463807,0.0
3486,1716616860000.0,0.0,0.0,1686.0,0.5301325029655991,0.0,0.0,0.3122,1.0,1.0,1018.4073770999998,1000.0,650.9731770999997,1000.0,0.8776481986463807,0.0
3487,1716620460000.0,0.0,0.0,1686.0,0.5301325029655991,0.0,0.0,0.3121,1.0,1.0,1018.4073770999998,1000.0,650.8045770999997,1000.0,0.8776481986463807,0.0
3488,1716624060000.0,0.0,0.0,1686.0,0.5301325029655991,0.0,0.0,0.3122,1.0,1.0,1018.4073770999998,1000.0,650.9731770999997,1000.0,0.8776481986463807,0.0
3489,1716627660000.0,0.0,0.0,1686.0,0.5301325029655991,0.0,0.0,0.3118,1.0,1.0,1018.4073770999998,1000.0,650.2987770999998,1000.0,0.8776481986463807,0.0
3490,1716631260000.0,0.0,0.0,1686.0,0.5301325029655991,0.0,0.0,0.3132,1.0,1.0,1018.4073770999998,1000.0,652.6591770999997,1000.0,0.8776481986463807,0.0
3491,1716634860000.0,0.0,0.0,1686.0,0.5301325029655991,0.0,0.0,0.3137,1.0,1.0,1018.4073770999998,1000.0,653.5021770999997,1000.0,0.8776481986463807,0.0
3492,1716638460000.0,0.0,0.0,1686.0,0.5301325029655991,0.0,0.0,0.3127,1.0,1.0,1018.4073770999998,1000.0,651.8161770999998,1000.0,0.8776481986463807,0.0
3493,1716642060000.0,0.0,0.0,1686.0,0.5301325029655991,0.0,0.0,0.3118,1.0,1.0,1018.4073770999998,1000.0,650.2987770999998,1000.0,0.8776481986463807,0.0
3494,1716645660000.0,0.0,0.0,1686.0,0.5301325029655991,0.0,0.0,0.3106,1.0,1.0,1018.4073770999998,1000.0,648.2755770999997,1000.0,0.8776481986463807,0.0
3495,1716649260000.0,0.0,0.0,1686.0,0.5301325029655991,0.0,0.0,0.3131,1.0,1.0,1018.4073770999998,1000.0,652.4905770999997,1000.0,0.8776481986463807,0.0
3496,1716652860000.0,0.0,0.0,1686.0,0.5301325029655991,0.0,0.0,0.3127,1.0,1.0,1018.4073770999998,1000.0,651.8161770999998,1000.0,0.8776481986463807,0.0
3497,1716656460000.0,0.0,0.0,1686.0,0.5301325029655991,0.0,0.0,0.3119,1.0,1.0,1018.4073770999998,1000.0,650.4673770999998,1000.0,0.8776481986463807,0.0
3498,1716660060000.0,0.0,0.0,1686.0,0.5301325029655991,0.0,0.0,0.3113,1.0,1.0,1018.4073770999998,1000.0,649.4557770999998,1000.0,0.8776481986463807,0.0
3499,1716663660000.0,0.0,0.0,1686.0,0.5301325029655991,0.0,0.0,0.3121,1.0,1.0,1018.4073770999998,1000.0,650.8045770999997,1000.0,0.8776481986463807,0.0
3500,1716667260000.0,0.0,0.0,1686.0,0.5301325029655991,0.0,0.0,0.312,1.0,1.0,1018.4073770999998,1000.0,650.6359770999998,1000.0,0.8776481986463807,0.0
3501,1716670860000.0,0.0,0.0,1686.0,0.5301325029655991,0.0,0.0,0.3131,1.0,1.0,1018.4073770999998,1000.0,652.4905770999997,1000.0,0.8776481986463807,0.0
3502,1716674460000.0,0.0,0.0,1686.0,0.5301325029655991,0.0,0.0,0.3123,1.0,1.0,1018.4073770999998,1000.0,651.1417770999998,1000.0,0.8776481986463807,0.0
3503,1716678060000.0,0.0,0.0,1686.0,0.5301325029655991,0.0,0.0,0.3133,1.0,1.0,1018.4073770999998,1000.0,652.8277770999998,1000.0,0.8776481986463807,0.0
