,timestamp,bkr_price_long,bkr_price_short,psize_long,pprice_long,psize_short,pprice_short,price,closest_bkr_long,closest_bkr_short,balance_long,balance_short,equity_long,equity_short,wallet_exposure_long,wallet_exposure_short
0,1706004000000.0,0.0,0.0,0.0,0.0,0.0,0.0,0.2138,1.0,1.0,1000.0,1000.0,1000.0,1000.0,0.0,0.0
1,1706007600000.0,0.0,0.0,0.0,0.0,0.0,0.0,0.2183,1.0,1.0,1000.0,1000.0,1000.0,1000.0,0.0,0.0
2,1706011200000.0,0.0,0.0,0.0,0.0,0.0,0.0,0.2303,1.0,1.0,1000.0,1000.0,1000.0,1000.0,0.0,0.0
3,1706014800000.0,0.0,0.0,0.0,0.0,0.0,0.0,0.2258,1.0,1.0,1000.0,1000.0,1000.0,1000.0,0.0,0.0
4,1706018400000.0,0.0,0.0,0.0,0.0,0.0,0.0,0.2085,1.0,1.0,1000.0,1000.0,1000.0,1000.0,0.0,0.0
5,1706022000000.0,0.0,0.0,0.0,0.0,0.0,0.0,0.2194,1.0,1.0,1000.0,1000.0,1000.0,1000.0,0.0,0.0
6,1706025600000.0,0.0,0.0,0.0,0.0,0.0,0.0,0.2262,1.0,1.0,1000.0,1000.0,1000.0,1000.0,0.0,0.0
7,1706029200000.0,0.0,0.0,0.0,0.0,0.0,0.0,0.2306,1.0,1.0,1000.0,1000.0,1000.0,1000.0,0.0,0.0
8,1706032800000.0,0.0,0.0,0.0,0.0,0.0,0.0,0.2259,1.0,1.0,1000.0,1000.0,1000.0,1000.0,0.0,0.0
9,1706036400000.0,0.0,0.0,0.0,0.0,0.0,0.0,0.2224,1.0,1.0,1000.0,1000.0,1000.0,1000.0,0.0,0.0
10,1706040000000.0,0.0,0.0,110.0,0.2211,0.0,0.0,0.2223,1.0,1.0,1000.2516234,1000.0,1000.3836233999999,1000.0,0.024314881806769183,0.0
11,1706043600000.0,0.0,0.0,14.0,0.2211,0.0,0.0,0.2259,1.0,1.0,1001.01436376,1000.0,1001.08156376,1000.0,0.0030922633201516604,0.0
12,1706047200000.0,0.0,0.0,0.0,0.2211,0.0,0.0,0.2304,1.0,1.0,1001.0984277400001,1000.0,1001.0984277400001,1000.0,0.0,0.0
13,1706050800000.0,0.0,0.0,0.0,0.2211,0.0,0.0,0.2472,1.0,1.0,1001.0984277400001,1000.0,1001.0984277400001,1000.0,0.0,0.0
14,1706054400000.0,0.0,0.0,0.0,0.2211,0.0,0.0,0.251,1.0,1.0,1001.0984277400001,1000.0,1001.0984277400001,1000.0,0.0,0.0
15,1706058000000.0,0.0,0.0,0.0,0.2211,0.0,0.0,0.2566,1.0,1.0,1001.0984277400001,1000.0,1001.0984277400001,1000.0,0.0,0.0
16,1706061600000.0,0.0,0.0,0.0,0.2211,0.0,0.0,0.2488,1.0,1.0,1001.0984277400001,1000.0,1001.0984277400001,1000.0,0.0,0.0
17,1706065200000.0,0.0,0.0,174.0,0.2403,0.0,0.0,0.2433,1.0,1.0,1001.1717802200002,1000.0,1001.6937802200002,1000.0,0.04176326263492173,0.0
18,1706068800000.0,0.0,0.0,117.0,0.24047199550345644,0.0,0.0,0.2439,1.0,1.0,1002.2888407139045,1000.0,1002.6899172400001,1000.0,0.028070973486908634,0.0
19,1706072400000.0,0.0,0.0,624.0,0.2371132300630428,0.0,0.0,0.2364,1.0,1.0,1002.3091712993389,1000.0,1001.8641157400002,1000.0,0.1476177808166049,0.0
20,1706076000000.0,0.0,0.0,11.0,0.2371132300630428,0.0,0.0,0.246,1.0,1.0,1005.5434383906937,1000.0,1005.6411928600003,1000.0,0.0025938665910522937,0.0
21,1706079600000.0,0.0,0.0,627.0,0.23680900403619373,0.0,0.0,0.2374,1.0,1.0,1005.5142641906937,1000.0,1005.8848186600002,1000.0,0.1476649818092831,0.0
22,1706083200000.0,0.0,0.0,211.0,0.2379423481713852,0.0,0.0,0.2369,1.0,1.0,1008.0913890241625,1000.0,1007.8714535600002,1000.0,0.049802861140160894,0.0
23,1706086800000.0,0.0,0.0,633.0,0.23489782809035326,0.0,0.0,0.2343,1.0,1.0,1008.2228590611936,1000.0,1007.84443388,1000.0,0.14747763735454933,0.0
24,1706090400000.0,0.0,0.0,177.0,0.23675321094373405,0.0,0.0,0.236,1.0,1.0,1011.1348797770409,1000.0,1011.0015614399999,1000.0,0.041443846093293914,0.0
25,1706094000000.0,0.0,0.0,3.0,0.23675321094373405,0.0,0.0,0.2429,1.0,1.0,1011.7913490928311,1000.0,1011.8097894599998,1000.0,0.000701982314306224,0.0
26,1706097600000.0,0.0,0.0,73.0,0.2385,0.0,0.0,0.2408,1.0,1.0,1012.1242347399999,1000.0,1012.2921347399999,1000.0,0.017201939645751597,0.0
27,1706101200000.0,0.0,0.0,0.0,0.2385,0.0,0.0,0.2509,1.0,1.0,1012.53966884,1000.0,1012.53966884,1000.0,0.0,0.0
28,1706104800000.0,0.0,0.0,122.0,0.2417,0.0,0.0,0.2417,1.0,1.0,1012.7428166999999,1000.0,1012.7428166999999,1000.0,0.029116375365745906,0.0
29,1706108400000.0,0.0,0.0,210.0,0.24094,0.0,0.0,0.2396,1.0,1.0,1015.1340999400002,1000.0,1014.8526999400002,1000.0,0.049843069997343774,0.0
30,1706112000000.0,0.0,0.0,630.0,0.23751333333333333,0.0,0.0,0.2376,1.0,1.0,1015.1142927400002,1000.0,1015.1688927400003,1000.0,0.1474054705663822,0.0
31,1706115600000.0,0.0,0.0,219.0,0.23751333333333333,0.0,0.0,0.2458,1.0,1.0,1016.5790922200001,1000.0,1018.3938722200002,1000.0,0.051167115670664634,0.0
32,1706119200000.0,0.0,0.0,0.0,0.23751333333333333,0.0,0.0,0.2551,1.0,1.0,1018.70254228,1000.0,1018.70254228,1000.0,0.0,0.0
33,1706122800000.0,0.0,0.0,57.0,0.2426,0.0,0.0,0.2471,1.0,1.0,1019.1064451999998,1000.0,1019.3629451999998,1000.0,0.013568945682888125,0.0
34,1706126400000.0,0.0,0.0,210.0,0.24268142857142858,0.0,0.0,0.2417,1.0,1.0,1019.1675574399999,1000.0,1018.9614574399999,1000.0,0.05000463331859961,0.0
35,1706130000000.0,0.0,0.0,525.0,0.23893632653061223,0.0,0.0,0.2411,1.0,1.0,1019.7644096685715,1000.0,1020.9003382400001,1000.0,0.12301034458472673,0.0
36,1706133600000.0,0.0,0.0,3.0,0.23893632653061223,0.0,0.0,0.2499,1.0,1.0,1022.7440012395919,1000.0,1022.7768922600001,1000.0,0.0007008684272144797,0.0
37,1706137200000.0,0.0,0.0,0.0,0.23893632653061223,0.0,0.0,0.2493,1.0,1.0,1022.7785419600001,1000.0,1022.7785419600001,1000.0,0.0,0.0
38,1706140800000.0,0.0,0.0,0.0,0.23893632653061223,0.0,0.0,0.256,1.0,1.0,1022.7785419600001,1000.0,1022.7785419600001,1000.0,0.0,0.0
39,1706144400000.0,0.0,0.0,0.0,0.23893632653061223,0.0,0.0,0.2523,1.0,1.0,1022.7785419600001,1000.0,1022.7785419600001,1000.0,0.0,0.0
40,1706148000000.0,0.0,0.0,206.0,0.24856067961165046,0.0,0.0,0.2475,1.0,1.0,1023.5050720400001,1000.0,1023.2865720400001,1000.0,0.05002759771179608,0.0
41,1706151600000.0,0.0,0.0,618.0,0.24505355987055014,0.0,0.0,0.2436,1.0,1.0,1023.48502412,1000.0,1022.5867241200001,1000.0,0.14796806639179882,0.0
42,1706155200000.0,0.0,0.0,359.0,0.24505355987055014,0.0,0.0,0.2477,1.0,1.0,1024.1317264335275,1000.0,1025.08179844,1000.0,0.08590128176176325,0.0
43,1706158800000.0,0.0,0.0,1077.0,0.2414178532901834,0.0,0.0,0.2396,1.0,1.0,1024.0973198735276,1000.0,1022.13949188,1000.0,0.2538889839352743,0.0
44,1706162400000.0,3.1782556043467206e-05,0.0,4327.0,0.236672527846898,0.0,0.0,0.2344,0.9998627103410649,1.0,1023.9445048735275,1000.0,1014.1112768799999,1000.0,1.0001343072005813,0.0
45,1706166000000.0,3.1782556043467206e-05,0.0,4327.0,0.236672527846898,0.0,0.0,0.2335,0.9998601735325848,1.0,1023.9445048735275,1000.0,1010.21697688,1000.0,1.0001343072005813,0.0
46,1706169600000.0,0.0,0.0,4283.0,0.236672527846898,0.0,0.0,0.2354,0.9998601735325848,1.0,1023.860047408264,1000.0,1018.4098106399999,1000.0,0.9900458947823989,0.0
47,1706173200000.0,0.008949842711939706,0.0,4506.0,0.23616909382340529,0.0,0.0,0.228,0.9606600320354298,1.0,1023.849945508264,1000.0,987.0400087399998,1000.0,1.0393885758718096,0.0
48,1706176800000.0,0.008949842711939706,0.0,4506.0,0.23616909382340529,0.0,0.0,0.2287,0.9603638498142617,1.0,1023.849945508264,1000.0,990.1942087399997,1000.0,1.0393885758718096,0.0
49,1706180400000.0,0.008949842711939706,0.0,4506.0,0.23616909382340529,0.0,0.0,0.2313,0.9599917625751465,1.0,1023.849945508264,1000.0,1001.9098087399998,1000.0,1.0393885758718096,0.0
50,1706184000000.0,0.008949842711939706,0.0,4506.0,0.23616909382340529,0.0,0.0,0.2255,0.9599917625751465,1.0,1023.849945508264,1000.0,975.7750087399999,1000.0,1.0393885758718096,0.0
51,1706187600000.0,0.008949842711939706,0.0,4506.0,0.23616909382340529,0.0,0.0,0.2153,0.9582563306346096,1.0,1023.849945508264,1000.0,929.8138087399998,1000.0,1.0393885758718096,0.0
52,1706191200000.0,0.008949842711939706,0.0,4506.0,0.23616909382340529,0.0,0.0,0.2215,0.9582563306346096,1.0,1023.849945508264,1000.0,957.7510087399997,1000.0,1.0393885758718096,0.0
53,1706194800000.0,0.008949842711939706,0.0,4506.0,0.23616909382340529,0.0,0.0,0.2208,0.9582563306346096,1.0,1023.849945508264,1000.0,954.5968087399998,1000.0,1.0393885758718096,0.0
54,1706198400000.0,0.008949842711939706,0.0,4506.0,0.23616909382340529,0.0,0.0,0.23,0.9582563306346096,1.0,1023.849945508264,1000.0,996.0520087399998,1000.0,1.0393885758718096,0.0
55,1706202000000.0,0.008949842711939706,0.0,4506.0,0.23616909382340529,0.0,0.0,0.2281,0.9582563306346096,1.0,1023.849945508264,1000.0,987.4906087399997,1000.0,1.0393885758718096,0.0
56,1706205600000.0,0.006759813082268631,0.0,4461.0,0.23616909382340529,0.0,0.0,0.2271,0.9582563306346096,1.0,1023.3948013862107,1000.0,982.9375738399997,1000.0,1.0294661709431727,0.0
57,1706209200000.0,0.006759813082268631,0.0,4461.0,0.23616909382340529,0.0,0.0,0.2327,0.9582563306346096,1.0,1023.3948013862107,1000.0,1007.9191738399996,1000.0,1.0294661709431727,0.0
58,1706212800000.0,0.006759813082268631,0.0,4461.0,0.23616909382340529,0.0,0.0,0.2366,0.9582563306346096,1.0,1023.3948013862107,1000.0,1025.3170738399997,1000.0,1.0294661709431727,0.0
59,1706216400000.0,0.0,0.0,3099.0,0.23616909382340529,0.0,0.0,0.2349,0.9582563306346096,1.0,1026.6407009587326,1000.0,1022.7077791999997,1000.0,0.7128959733188606,0.0
60,1706220000000.0,3.3285278725949436e-05,0.0,4395.0,0.23361274670278342,0.0,0.0,0.2309,0.9582563306346096,1.0,1026.5817329587326,1000.0,1014.6592111999994,1000.0,1.0001425008796707,0.0
61,1706223600000.0,3.3285278725949436e-05,0.0,4395.0,0.23361274670278342,0.0,0.0,0.2254,0.9582563306346096,1.0,1026.5817329587326,1000.0,990.4867111999994,1000.0,1.0001425008796707,0.0
62,1706227200000.0,3.3285278725949436e-05,0.0,4395.0,0.23361274670278342,0.0,0.0,0.2236,0.9582563306346096,1.0,1026.5817329587326,1000.0,982.5757111999994,1000.0,1.0001425008796707,0.0
63,1706230800000.0,3.3285278725949436e-05,0.0,4395.0,0.23361274670278342,0.0,0.0,0.2215,0.9582563306346096,1.0,1026.5817329587326,1000.0,973.3462111999994,1000.0,1.0001425008796707,0.0
64,1706234400000.0,3.3285278725949436e-05,0.0,4395.0,0.23361274670278342,0.0,0.0,0.2169,0.9582563306346096,1.0,1026.5817329587326,1000.0,953.1292111999994,1000.0,1.0001425008796707,0.0
65,1706238000000.0,3.3285278725949436e-05,0.0,4395.0,0.23361274670278342,0.0,0.0,0.2217,0.9582563306346096,1.0,1026.5817329587326,1000.0,974.2252111999994,1000.0,1.0001425008796707,0.0
66,1706241600000.0,3.3285278725949436e-05,0.0,4395.0,0.23361274670278342,0.0,0.0,0.2198,0.9582563306346096,1.0,1026.5817329587326,1000.0,965.8747111999994,1000.0,1.0001425008796707,0.0
67,1706245200000.0,0.008984442318271243,0.0,4581.0,0.2329407165823406,0.0,0.0,0.2205,0.9582563306346096,1.0,1025.9436924037018,1000.0,968.9527697399994,1000.0,1.0401169484882464,0.0
68,1706248800000.0,0.008984442318271243,0.0,4581.0,0.2329407165823406,0.0,0.0,0.2171,0.9582563306346096,1.0,1025.9436924037018,1000.0,953.3773697399994,1000.0,1.0401169484882464,0.0
69,1706252400000.0,0.008984442318271243,0.0,4581.0,0.2329407165823406,0.0,0.0,0.2113,0.9574801594024077,1.0,1025.9436924037018,1000.0,926.8075697399994,1000.0,1.0401169484882464,0.0
70,1706256000000.0,0.008984442318271243,0.0,4581.0,0.2329407165823406,0.0,0.0,0.2116,0.9569504440906984,1.0,1025.9436924037018,1000.0,928.1818697399995,1000.0,1.0401169484882464,0.0
71,1706259600000.0,0.008984442318271243,0.0,4581.0,0.2329407165823406,0.0,0.0,0.2169,0.9569504440906984,1.0,1025.9436924037018,1000.0,952.4611697399995,1000.0,1.0401169484882464,0.0
72,1706263200000.0,0.008984442318271243,0.0,4581.0,0.2329407165823406,0.0,0.0,0.2142,0.9569504440906984,1.0,1025.9436924037018,1000.0,940.0924697399994,1000.0,1.0401169484882464,0.0
73,1706266800000.0,0.008984442318271243,0.0,4581.0,0.2329407165823406,0.0,0.0,0.2182,0.9569504440906984,1.0,1025.9436924037018,1000.0,958.4164697399995,1000.0,1.0401169484882464,0.0
74,1706270400000.0,0.008984442318271243,0.0,4581.0,0.2329407165823406,0.0,0.0,0.2182,0.9569504440906984,1.0,1025.9436924037018,1000.0,958.4164697399995,1000.0,1.0401169484882464,0.0
75,1706274000000.0,0.008984442318271243,0.0,4581.0,0.2329407165823406,0.0,0.0,0.219,0.9569504440906984,1.0,1025.9436924037018,1000.0,962.0812697399995,1000.0,1.0401169484882464,0.0
76,1706277600000.0,0.008984442318271243,0.0,4581.0,0.2329407165823406,0.0,0.0,0.2178,0.9569504440906984,1.0,1025.9436924037018,1000.0,956.5840697399994,1000.0,1.0401169484882464,0.0
77,1706281200000.0,0.006797485280106011,0.0,4534.0,0.2329407165823406,0.0,0.0,0.2209,0.9569504440906984,1.0,1025.3334107243318,1000.0,970.7408017399995,1000.0,1.0300583185309726,0.0
78,1706284800000.0,0.006797485280106011,0.0,4534.0,0.2329407165823406,0.0,0.0,0.2186,0.9569504440906984,1.0,1025.3334107243318,1000.0,960.3126017399994,1000.0,1.0300583185309726,0.0
79,1706288400000.0,0.006797485280106011,0.0,4534.0,0.2329407165823406,0.0,0.0,0.2279,0.9569504440906984,1.0,1025.3334107243318,1000.0,1002.4788017399994,1000.0,1.0300583185309726,0.0
80,1706292000000.0,0.006797485280106011,0.0,4534.0,0.2329407165823406,0.0,0.0,0.2329,0.9569504440906984,1.0,1025.3334107243318,1000.0,1025.1488017399995,1000.0,1.0300583185309726,0.0
81,1706295600000.0,0.0,0.0,320.0,0.2329407165823406,0.0,0.0,0.2375,0.9569504440906984,1.0,1039.6693015863482,1000.0,1041.1282722799992,1000.0,0.07169686475556489,0.0
82,1706299200000.0,0.0,0.0,143.0,0.2329407165823406,0.0,0.0,0.235,0.9569504440906984,1.0,1040.3430122312736,1000.0,1040.637489759999,1000.0,0.032018788110886647,0.0
83,1706302800000.0,0.0,0.0,35.0,0.2329407165823406,0.0,0.0,0.2303,0.9569504440906984,1.0,1040.7537001603805,1000.0,1040.6612750799986,1000.0,0.007833673883768611,0.0
84,1706306400000.0,0.0,0.0,229.0,0.2282468344121481,0.0,0.0,0.2294,0.9569504440906984,1.0,1040.7448770403805,1000.0,1041.0089519599985,1000.0,0.050222226631583905,0.0
85,1706310000000.0,0.0,0.0,229.0,0.2282468344121481,0.0,0.0,0.2293,0.9569504440906984,1.0,1040.7448770403805,1000.0,1040.9860519599986,1000.0,0.050222226631583905,0.0
86,1706313600000.0,0.0,0.0,229.0,0.2282468344121481,0.0,0.0,0.2276,0.9569504440906984,1.0,1040.7448770403805,1000.0,1040.5967519599985,1000.0,0.050222226631583905,0.0
87,1706317200000.0,0.0,0.0,573.0,0.225015611470716,0.0,0.0,0.2244,0.9569504440906984,1.0,1040.815477012719,1000.0,1040.4627316399988,1000.0,0.1238778133303495,0.0
88,1706320800000.0,0.0,0.0,205.0,0.225015611470716,0.0,0.0,0.2245,0.9569504440906984,1.0,1042.0661173514954,1000.0,1041.9604169999986,1000.0,0.04426609749939451,0.0
89,1706324400000.0,0.0,0.0,25.0,0.225015611470716,0.0,0.0,0.2321,0.9569504440906984,1.0,1042.8574468067668,1000.0,1043.034556519999,1000.0,0.005394208291835921,0.0
90,1706328000000.0,0.0,0.0,2.0,0.225015611470716,0.0,0.0,0.2333,0.9569504440906984,1.0,1043.0254188629406,1000.0,1043.0419876399992,1000.0,0.0004314671673409799,0.0
91,1706331600000.0,0.0,0.0,0.0,0.225015611470716,0.0,0.0,0.2374,0.9569504440906984,1.0,1043.040694559999,1000.0,1043.040694559999,1000.0,0.0,0.0
92,1706335200000.0,0.0,0.0,226.0,0.2306,0.0,0.0,0.2282,0.9569504440906984,1.0,1043.030271439999,1000.0,1042.487871439999,1000.0,0.0499655680443959,0.0
93,1706338800000.0,0.0,0.0,678.0,0.22733333333333333,0.0,0.0,0.2249,0.9569504440906984,1.0,1043.009868159999,1000.0,1041.3600681599992,1000.0,0.14777616655910292,0.0
94,1706342400000.0,0.0,0.0,678.0,0.22733333333333333,0.0,0.0,0.2253,0.9569504440906984,1.0,1043.009868159999,1000.0,1041.631268159999,1000.0,0.14777616655910292,0.0
95,1706346000000.0,0.0,0.0,678.0,0.22733333333333333,0.0,0.0,0.2242,0.9569504440906984,1.0,1043.009868159999,1000.0,1040.8854681599992,1000.0,0.14777616655910292,0.0
96,1706349600000.0,0.0,0.0,678.0,0.22733333333333333,0.0,0.0,0.2277,0.9569504440906984,1.0,1043.009868159999,1000.0,1043.258468159999,1000.0,0.14777616655910292,0.0
97,1706353200000.0,0.0,0.0,252.0,0.22733333333333333,0.0,0.0,0.2313,0.9569504440906984,1.0,1044.2945384999994,1000.0,1045.2941384999995,1000.0,0.05485808638077066,0.0
98,1706356800000.0,0.0,0.0,0.0,0.22733333333333333,0.0,0.0,0.2312,0.9569504440906984,1.0,1046.5236326999993,1000.0,1046.5236326999993,1000.0,0.0,0.0
99,1706360400000.0,0.0,0.0,0.0,0.22733333333333333,0.0,0.0,0.2398,0.9569504440906984,1.0,1046.5236326999993,1000.0,1046.5236326999993,1000.0,0.0,0.0
100,1706364000000.0,0.0,0.0,0.0,0.22733333333333333,0.0,0.0,0.2406,0.9569504440906984,1.0,1046.5236326999993,1000.0,1046.5236326999993,1000.0,0.0,0.0
101,1706367600000.0,0.0,0.0,0.0,0.22733333333333333,0.0,0.0,0.2468,0.9569504440906984,1.0,1046.5236326999993,1000.0,1046.5236326999993,1000.0,0.0,0.0
102,1706371200000.0,0.0,0.0,0.0,0.22733333333333333,0.0,0.0,0.2588,0.9569504440906984,1.0,1046.5236326999993,1000.0,1046.5236326999993,1000.0,0.0,0.0
103,1706374800000.0,0.0,0.0,0.0,0.22733333333333333,0.0,0.0,0.2614,0.9569504440906984,1.0,1046.5236326999993,1000.0,1046.5236326999993,1000.0,0.0,0.0
104,1706378400000.0,0.0,0.0,0.0,0.22733333333333333,0.0,0.0,0.2605,0.9569504440906984,1.0,1046.5236326999993,1000.0,1046.5236326999993,1000.0,0.0,0.0
105,1706382000000.0,0.0,0.0,0.0,0.22733333333333333,0.0,0.0,0.2702,0.9569504440906984,1.0,1046.5236326999993,1000.0,1046.5236326999993,1000.0,0.0,0.0
106,1706385600000.0,0.0,0.0,0.0,0.22733333333333333,0.0,0.0,0.2754,0.9569504440906984,1.0,1046.5236326999993,1000.0,1046.5236326999993,1000.0,0.0,0.0
107,1706389200000.0,0.0,0.0,0.0,0.22733333333333333,0.0,0.0,0.2708,0.9569504440906984,1.0,1046.5236326999993,1000.0,1046.5236326999993,1000.0,0.0,0.0
108,1706392800000.0,0.0,0.0,0.0,0.22733333333333333,0.0,0.0,0.2753,0.9569504440906984,1.0,1046.5236326999993,1000.0,1046.5236326999993,1000.0,0.0,0.0
109,1706396400000.0,0.0,0.0,0.0,0.22733333333333333,0.0,0.0,0.2664,0.9569504440906984,1.0,1046.5236326999993,1000.0,1046.5236326999993,1000.0,0.0,0.0
110,1706400000000.0,0.0,0.0,199.0,0.26261289361379764,0.0,0.0,0.2645,0.9569504440906984,1.0,1048.547429589146,1000.0,1048.9229637600004,1000.0,0.04984034518078293,0.0
111,1706403600000.0,0.0,0.0,199.0,0.26311885834519444,0.0,0.0,0.2633,0.9569504440906984,1.0,1049.1919822906939,1000.0,1049.2280294800003,1000.0,0.049905692851726746,0.0
112,1706407200000.0,0.0,0.0,5.0,0.26311885834519444,0.0,0.0,0.2681,0.9569504440906984,1.0,1050.156719731726,1000.0,1050.18162544,1000.0,0.0012527599614484731,0.0
113,1706410800000.0,0.0,0.0,199.0,0.26398671645746524,0.0,0.0,0.2631,0.9569504440906984,1.0,1050.1566258950354,1000.0,1049.9801693199997,1000.0,0.05002430616505615,0.0
114,1706414400000.0,0.0,0.0,199.0,0.26398671645746524,0.0,0.0,0.2633,0.9569504440906984,1.0,1050.1566258950354,1000.0,1050.0199693199997,1000.0,0.05002430616505615,0.0
115,1706418000000.0,0.0,0.0,21.0,0.26398671645746524,0.0,0.0,0.2714,0.9569504440906984,1.0,1050.9350348456069,1000.0,1051.0907138,1000.0,0.005275036859363243,0.0
116,1706421600000.0,0.0,0.0,0.0,0.26398671645746524,0.0,0.0,0.2866,0.9569504440906984,1.0,1051.12426698,1000.0,1051.12426698,1000.0,0.0,0.0
117,1706425200000.0,0.0,0.0,0.0,0.26398671645746524,0.0,0.0,0.2923,0.9569504440906984,1.0,1051.12426698,1000.0,1051.12426698,1000.0,0.0,0.0
118,1706428800000.0,0.0,0.0,0.0,0.26398671645746524,0.0,0.0,0.2847,0.9569504440906984,1.0,1051.12426698,1000.0,1051.12426698,1000.0,0.0,0.0
119,1706432400000.0,0.0,0.0,0.0,0.26398671645746524,0.0,0.0,0.2861,0.9569504440906984,1.0,1051.12426698,1000.0,1051.12426698,1000.0,0.0,0.0
120,1706436000000.0,0.0,0.0,0.0,0.26398671645746524,0.0,0.0,0.2831,0.9569504440906984,1.0,1051.12426698,1000.0,1051.12426698,1000.0,0.0,0.0
121,1706439600000.0,0.0,0.0,189.0,0.278,0.0,0.0,0.2783,0.9569504440906984,1.0,1051.11375858,1000.0,1051.17045858,1000.0,0.04998697769019931,0.0
122,1706443200000.0,0.0,0.0,473.0,0.2740666666666667,0.0,0.0,0.2765,0.9569504440906984,1.0,1051.354315433333,1000.0,1052.5052820999997,1000.0,0.12330147071294678,0.0
123,1706446800000.0,0.0,0.0,192.0,0.2740666666666667,0.0,0.0,0.2771,0.9569504440906984,1.0,1052.13492032,1000.0,1052.71732032,1000.0,0.05001335758725291,0.0
124,1706450400000.0,0.0,0.0,190.0,0.2760807017543859,0.0,0.0,0.2737,0.9569504440906984,1.0,1052.9457228933336,1000.0,1052.4933895600002,1000.0,0.04981769923448106,0.0
125,1706454000000.0,0.0,0.0,190.0,0.2760807017543859,0.0,0.0,0.2741,0.9569504440906984,1.0,1052.9457228933336,1000.0,1052.5693895600002,1000.0,0.04981769923448106,0.0
126,1706457600000.0,0.0,0.0,72.0,0.27579559107192064,0.0,0.0,0.281,0.9569504440906984,1.0,1053.5907076171782,1000.0,1053.96542506,1000.0,0.01884724534263207,0.0
127,1706461200000.0,0.0,0.0,134.0,0.27597752571994943,0.0,0.0,0.2801,0.9569504440906984,1.0,1053.944196466473,1000.0,1054.4966080199997,1000.0,0.0350881845267124,0.0
128,1706464800000.0,0.0,0.0,573.0,0.2721525596815299,0.0,0.0,0.2692,0.9569504440906984,1.0,1054.1047872575164,1000.0,1052.4129705599996,1000.0,0.1479391978697274,0.0
129,1706468400000.0,0.0,0.0,573.0,0.2721525596815299,0.0,0.0,0.2704,0.9569504440906984,1.0,1054.1047872575164,1000.0,1053.1005705599998,1000.0,0.1479391978697274,0.0
130,1706472000000.0,2.131106501396006e-05,0.0,3953.0,0.26663531917468164,0.0,0.0,0.2657,0.9569504440906984,1.0,1053.9251740575164,1000.0,1050.22785736,1000.0,1.0000799322779965,0.0
131,1706475600000.0,0.0,0.0,3913.0,0.26663531917468164,0.0,0.0,0.268,0.9569504440906984,1.0,1053.8936340905293,1000.0,1059.23363016,1000.0,0.9899898530375847,0.0
132,1706479200000.0,0.0,0.0,3913.0,0.26663531917468164,0.0,0.0,0.2656,0.9569504440906984,1.0,1053.8936340905293,1000.0,1049.84243016,1000.0,0.9899898530375847,0.0
133,1706482800000.0,0.00996624056379099,0.0,4115.0,0.26607397422370094,0.0,0.0,0.2537,0.9569504440906984,1.0,1053.8833240105293,1000.0,1002.9644200799999,1000.0,1.0389142507388134,0.0
134,1706486400000.0,0.00996624056379099,0.0,4115.0,0.26607397422370094,0.0,0.0,0.257,0.9569504440906984,1.0,1053.8833240105293,1000.0,1016.54392008,1000.0,1.0389142507388134,0.0
135,1706490000000.0,0.00996624056379099,0.0,4115.0,0.26607397422370094,0.0,0.0,0.2538,0.9569504440906984,1.0,1053.8833240105293,1000.0,1003.3759200800001,1000.0,1.0389142507388134,0.0
136,1706493600000.0,0.00996624056379099,0.0,4115.0,0.26607397422370094,0.0,0.0,0.2546,0.9569504440906984,1.0,1053.8833240105293,1000.0,1006.6679200799999,1000.0,1.0389142507388134,0.0
137,1706497200000.0,0.00996624056379099,0.0,4115.0,0.26607397422370094,0.0,0.0,0.2557,0.9569504440906984,1.0,1053.8833240105293,1000.0,1011.1944200799999,1000.0,1.0389142507388134,0.0
138,1706500800000.0,0.00996624056379099,0.0,4115.0,0.26607397422370094,0.0,0.0,0.2545,0.9569504440906984,1.0,1053.8833240105293,1000.0,1006.25642008,1000.0,1.0389142507388134,0.0
139,1706504400000.0,0.00996624056379099,0.0,4115.0,0.26607397422370094,0.0,0.0,0.2513,0.9569504440906984,1.0,1053.8833240105293,1000.0,993.0884200800001,1000.0,1.0389142507388134,0.0
140,1706508000000.0,0.00996624056379099,0.0,4115.0,0.26607397422370094,0.0,0.0,0.2464,0.9569504440906984,1.0,1053.8833240105293,1000.0,972.92492008,1000.0,1.0389142507388134,0.0
141,1706511600000.0,0.00996624056379099,0.0,4115.0,0.26607397422370094,0.0,0.0,0.2466,0.9569504440906984,1.0,1053.8833240105293,1000.0,973.7479200800001,1000.0,1.0389142507388134,0.0
142,1706515200000.0,0.00745948122789786,0.0,4072.0,0.26607397422370094,0.0,0.0,0.2477,0.9569504440906984,1.0,1053.0782154789101,1000.0,978.2593924399999,1000.0,1.028844018529228,0.0
143,1706518800000.0,0.00745948122789786,0.0,4072.0,0.26607397422370094,0.0,0.0,0.25,0.9569504440906984,1.0,1053.0782154789101,1000.0,987.6249924399999,1000.0,1.028844018529228,0.0
144,1706522400000.0,0.00745948122789786,0.0,4072.0,0.26607397422370094,0.0,0.0,0.2532,0.9569504440906984,1.0,1053.0782154789101,1000.0,1000.6553924399998,1000.0,1.028844018529228,0.0
145,1706526000000.0,0.00745948122789786,0.0,4072.0,0.26607397422370094,0.0,0.0,0.2468,0.9569504440906984,1.0,1053.0782154789101,1000.0,974.5945924399998,1000.0,1.028844018529228,0.0
146,1706529600000.0,0.00745948122789786,0.0,4072.0,0.26607397422370094,0.0,0.0,0.2469,0.9569504440906984,1.0,1053.0782154789101,1000.0,975.0017924399999,1000.0,1.028844018529228,0.0
147,1706533200000.0,0.00745948122789786,0.0,4072.0,0.26607397422370094,0.0,0.0,0.2501,0.9569504440906984,1.0,1053.0782154789101,1000.0,988.0321924399999,1000.0,1.028844018529228,0.0
148,1706536800000.0,0.00745948122789786,0.0,4072.0,0.26607397422370094,0.0,0.0,0.2473,0.9569504440906984,1.0,1053.0782154789101,1000.0,976.6305924399999,1000.0,1.028844018529228,0.0
149,1706540400000.0,0.00745948122789786,0.0,4072.0,0.26607397422370094,0.0,0.0,0.2481,0.9569504440906984,1.0,1053.0782154789101,1000.0,979.8881924399999,1000.0,1.028844018529228,0.0
150,1706544000000.0,0.00745948122789786,0.0,4072.0,0.26607397422370094,0.0,0.0,0.2605,0.9569504440906984,1.0,1053.0782154789101,1000.0,1030.38099244,1000.0,1.028844018529228,0.0
151,1706547600000.0,0.00745948122789786,0.0,4072.0,0.26607397422370094,0.0,0.0,0.2633,0.9569504440906984,1.0,1053.0782154789101,1000.0,1041.78259244,1000.0,1.028844018529228,0.0
152,1706551200000.0,0.004953642946428576,0.0,4032.0,0.26607397422370094,0.0,0.0,0.266,0.9569504440906984,1.0,1052.8371757099621,1000.0,1052.53891164,1000.0,1.0189707286376277,0.0
153,1706554800000.0,0.0,0.0,190.0,0.26607397422370094,0.0,0.0,0.2728,0.9569504440906984,1.0,1065.6460123225024,1000.0,1066.9239572199992,1000.0,0.047439820088402605,0.0
154,1706558400000.0,0.0,0.0,2.0,0.26607397422370094,0.0,0.0,0.2771,0.9569504440906984,1.0,1067.2084862284464,1000.0,1067.230538279999,1000.0,0.0004986354168978098,0.0
155,1706562000000.0,0.0,0.0,0.0,0.26607397422370094,0.0,0.0,0.2718,0.9569504440906984,1.0,1067.2240287199988,1000.0,1067.2240287199988,1000.0,0.0,0.0
156,1706565600000.0,0.0,0.0,0.0,0.26607397422370094,0.0,0.0,0.2711,0.9569504440906984,1.0,1067.2240287199988,1000.0,1067.2240287199988,1000.0,0.0,0.0
157,1706569200000.0,0.0,0.0,0.0,0.26607397422370094,0.0,0.0,0.2691,0.9569504440906984,1.0,1067.2240287199988,1000.0,1067.2240287199988,1000.0,0.0,0.0
158,1706572800000.0,0.0,0.0,0.0,0.26607397422370094,0.0,0.0,0.2669,0.9569504440906984,1.0,1067.2240287199988,1000.0,1067.2240287199988,1000.0,0.0,0.0
159,1706576400000.0,0.0,0.0,201.0,0.266,0.0,0.0,0.2648,0.9569504440906984,1.0,1067.2133355199987,1000.0,1066.9721355199988,1000.0,0.050098699313899354,0.0
160,1706580000000.0,0.0,0.0,201.0,0.266,0.0,0.0,0.2628,0.9569504440906984,1.0,1067.8003640599986,1000.0,1067.1571640599986,1000.0,0.05007115730576376,0.0
161,1706583600000.0,0.0,0.0,603.0,0.2622,0.0,0.0,0.2584,0.9569504440906984,1.0,1067.7794359399986,1000.0,1065.4880359399986,1000.0,0.1480704672503961,0.0
162,1706587200000.0,1.8546116458403066e-05,0.0,4156.0,0.25689956689124155,0.0,0.0,0.2565,0.9569504440906984,1.0,1067.5975223399987,1000.0,1065.9369223399988,1000.0,1.0000721973013127,0.0
163,1706590800000.0,0.0,0.0,4115.0,0.25689956689124155,0.0,0.0,0.2554,0.9569504440906984,1.0,1067.6405244974578,1000.0,1061.4698067399988,1000.0,0.9901663467252326,0.0
164,1706594400000.0,0.0,0.0,4115.0,0.25689956689124155,0.0,0.0,0.2526,0.9569504440906984,1.0,1067.6405244974578,1000.0,1049.947806739999,1000.0,0.9901663467252326,0.0
165,1706598000000.0,0.0,0.0,4115.0,0.25689956689124155,0.0,0.0,0.2526,0.9569504440906984,1.0,1067.6405244974578,1000.0,1049.947806739999,1000.0,0.9901663467252326,0.0
166,1706601600000.0,0.0,0.0,4115.0,0.25689956689124155,0.0,0.0,0.2532,0.9569504440906984,1.0,1067.6405244974578,1000.0,1052.4168067399987,1000.0,0.9901663467252326,0.0
167,1706605200000.0,0.0,0.0,4115.0,0.25689956689124155,0.0,0.0,0.2542,0.9569504440906984,1.0,1067.6405244974578,1000.0,1056.5318067399987,1000.0,0.9901663467252326,0.0
168,1706608800000.0,0.0,0.0,4115.0,0.25689956689124155,0.0,0.0,0.257,0.9569504440906984,1.0,1067.6405244974578,1000.0,1068.053806739999,1000.0,0.9901663467252326,0.0
169,1706612400000.0,0.0,0.0,3430.0,0.25689956689124155,0.0,0.0,0.2594,0.9569504440906984,1.0,1069.3862696769572,1000.0,1077.9627552399988,1000.0,0.8239917973728456,0.0
170,1706616000000.0,0.0,0.0,2859.0,0.25689956689124155,0.0,0.0,0.2519,0.9569504440906984,1.0,1070.8414820820583,1000.0,1056.5477203399987,1000.0,0.6858866359136588,0.0
171,1706619600000.0,1.8557026322325713e-05,0.0,4217.0,0.25393703147784197,0.0,0.0,0.2475,0.9569504440906984,1.0,1070.7742067620584,1000.0,1043.6292450199987,1000.0,1.0000730826158373,0.0
172,1706623200000.0,1.8557026322325713e-05,0.0,4217.0,0.25393703147784197,0.0,0.0,0.2496,0.9569504440906984,1.0,1070.7742067620584,1000.0,1052.4849450199988,1000.0,1.0000730826158373,0.0
173,1706626800000.0,0.0,0.0,4174.0,0.25393703147784197,0.0,0.0,0.2509,0.9569504440906984,1.0,1070.632858388511,1000.0,1057.9562889999988,1000.0,0.9900062015506385,0.0
174,1706630400000.0,0.0,0.0,4174.0,0.25393703147784197,0.0,0.0,0.2521,0.9569504440906984,1.0,1070.632858388511,1000.0,1062.9650889999987,1000.0,0.9900062015506385,0.0
175,1706634000000.0,0.0,0.0,4174.0,0.25393703147784197,0.0,0.0,0.251,0.9569504440906984,1.0,1070.632858388511,1000.0,1058.3736889999986,1000.0,0.9900062015506385,0.0
176,1706637600000.0,0.0,0.0,4174.0,0.25393703147784197,0.0,0.0,0.2513,0.9569504440906984,1.0,1070.632858388511,1000.0,1059.6258889999988,1000.0,0.9900062015506385,0.0
177,1706641200000.0,0.0,0.0,4174.0,0.25393703147784197,0.0,0.0,0.2494,0.9569504440906984,1.0,1070.632858388511,1000.0,1051.6952889999986,1000.0,0.9900062015506385,0.0
178,1706644800000.0,0.0,0.0,4174.0,0.25393703147784197,0.0,0.0,0.2516,0.9569504440906984,1.0,1070.632858388511,1000.0,1060.8780889999987,1000.0,0.9900062015506385,0.0
179,1706648400000.0,0.0,0.0,4174.0,0.25393703147784197,0.0,0.0,0.2517,0.9569504440906984,1.0,1070.632858388511,1000.0,1061.2954889999985,1000.0,0.9900062015506385,0.0
180,1706652000000.0,0.0,0.0,4174.0,0.25393703147784197,0.0,0.0,0.2509,0.9569504440906984,1.0,1070.632858388511,1000.0,1057.9562889999988,1000.0,0.9900062015506385,0.0
181,1706655600000.0,0.0,0.0,4174.0,0.25393703147784197,0.0,0.0,0.2456,0.9569504440906984,1.0,1070.632858388511,1000.0,1035.8340889999988,1000.0,0.9900062015506385,0.0
182,1706659200000.0,0.00963267535519161,0.0,4392.0,0.25339912782069957,0.0,0.0,0.2403,0.9569504440906984,1.0,1070.622259228511,1000.0,1013.0908898399986,1000.0,1.039516000900717,0.0
183,1706662800000.0,0.00963267535519161,0.0,4392.0,0.25339912782069957,0.0,0.0,0.2349,0.9569504440906984,1.0,1070.622259228511,1000.0,989.3740898399985,1000.0,1.039516000900717,0.0
184,1706666400000.0,0.00963267535519161,0.0,4392.0,0.25339912782069957,0.0,0.0,0.2327,0.9569504440906984,1.0,1070.622259228511,1000.0,979.7116898399985,1000.0,1.039516000900717,0.0
185,1706670000000.0,0.00963267535519161,0.0,4392.0,0.25339912782069957,0.0,0.0,0.23,0.9569504440906984,1.0,1070.622259228511,1000.0,967.8532898399985,1000.0,1.039516000900717,0.0
186,1706673600000.0,0.00963267535519161,0.0,4392.0,0.25339912782069957,0.0,0.0,0.2279,0.9569504440906984,1.0,1070.622259228511,1000.0,958.6300898399984,1000.0,1.039516000900717,0.0
187,1706677200000.0,0.00963267535519161,0.0,4392.0,0.25339912782069957,0.0,0.0,0.229,0.9569504440906984,1.0,1070.622259228511,1000.0,963.4612898399985,1000.0,1.039516000900717,0.0
188,1706680800000.0,0.007257023148446794,0.0,4345.0,0.25339912782069957,0.0,0.0,0.2303,0.9569504440906984,1.0,1069.4874448009382,1000.0,969.1217344199986,1000.0,1.029483062875853,0.0
189,1706684400000.0,0.007257023148446794,0.0,4345.0,0.25339912782069957,0.0,0.0,0.2272,0.9569504440906984,1.0,1069.4874448009382,1000.0,955.6522344199986,1000.0,1.029483062875853,0.0
190,1706688000000.0,0.007257023148446794,0.0,4345.0,0.25339912782069957,0.0,0.0,0.2271,0.9569504440906984,1.0,1069.4874448009382,1000.0,955.2177344199986,1000.0,1.029483062875853,0.0
191,1706691600000.0,0.007257023148446794,0.0,4345.0,0.25339912782069957,0.0,0.0,0.2322,0.9569504440906984,1.0,1069.4874448009382,1000.0,977.3772344199986,1000.0,1.029483062875853,0.0
192,1706695200000.0,0.007257023148446794,0.0,4345.0,0.25339912782069957,0.0,0.0,0.2249,0.9569504440906984,1.0,1069.4874448009382,1000.0,945.6587344199985,1000.0,1.029483062875853,0.0
193,1706698800000.0,0.007257023148446794,0.0,4345.0,0.25339912782069957,0.0,0.0,0.2267,0.9569504440906984,1.0,1069.4874448009382,1000.0,953.4797344199986,1000.0,1.029483062875853,0.0
194,1706702400000.0,0.007257023148446794,0.0,4345.0,0.25339912782069957,0.0,0.0,0.2302,0.9569504440906984,1.0,1069.4874448009382,1000.0,968.6872344199985,1000.0,1.029483062875853,0.0
195,1706706000000.0,0.007257023148446794,0.0,4345.0,0.25339912782069957,0.0,0.0,0.231,0.9569504440906984,1.0,1069.4874448009382,1000.0,972.1632344199986,1000.0,1.029483062875853,0.0
196,1706709600000.0,0.007257023148446794,0.0,4345.0,0.25339912782069957,0.0,0.0,0.229,0.9569504440906984,1.0,1069.4874448009382,1000.0,963.4732344199986,1000.0,1.029483062875853,0.0
197,1706713200000.0,0.007257023148446794,0.0,4345.0,0.25339912782069957,0.0,0.0,0.2251,0.9569504440906984,1.0,1069.4874448009382,1000.0,946.5277344199985,1000.0,1.029483062875853,0.0
198,1706716800000.0,0.007257023148446794,0.0,4345.0,0.25339912782069957,0.0,0.0,0.2196,0.9569504440906984,1.0,1069.4874448009382,1000.0,922.6302344199985,1000.0,1.029483062875853,0.0
199,1706720400000.0,0.004863181973470179,0.0,4297.0,0.25339912782069957,0.0,0.0,0.2236,0.9569504440906984,1.0,1067.9589593055446,1000.0,939.9121070599986,1000.0,1.0195673183486282,0.0
200,1706724000000.0,0.004863181973470179,0.0,4297.0,0.25339912782069957,0.0,0.0,0.2249,0.9569504440906984,1.0,1067.9589593055446,1000.0,945.4982070599985,1000.0,1.0195673183486282,0.0
201,1706727600000.0,0.004863181973470179,0.0,4297.0,0.25339912782069957,0.0,0.0,0.2228,0.9569504440906984,1.0,1067.9589593055446,1000.0,936.4745070599986,1000.0,1.0195673183486282,0.0
202,1706731200000.0,0.004863181973470179,0.0,4297.0,0.25339912782069957,0.0,0.0,0.2253,0.9569504440906984,1.0,1067.9589593055446,1000.0,947.2170070599985,1000.0,1.0195673183486282,0.0
203,1706734800000.0,0.004863181973470179,0.0,4297.0,0.25339912782069957,0.0,0.0,0.2144,0.9569504440906984,1.0,1067.9589593055446,1000.0,900.3797070599985,1000.0,1.0195673183486282,0.0
204,1706738400000.0,0.004863181973470179,0.0,4297.0,0.25339912782069957,0.0,0.0,0.2153,0.9569504440906984,1.0,1067.9589593055446,1000.0,904.2470070599985,1000.0,1.0195673183486282,0.0
205,1706742000000.0,0.004863181973470179,0.0,4297.0,0.25339912782069957,0.0,0.0,0.2173,0.9569504440906984,1.0,1067.9589593055446,1000.0,912.8410070599984,1000.0,1.0195673183486282,0.0
206,1706745600000.0,0.004863181973470179,0.0,4297.0,0.25339912782069957,0.0,0.0,0.2163,0.9569504440906984,1.0,1067.9589593055446,1000.0,908.5440070599985,1000.0,1.0195673183486282,0.0
207,1706749200000.0,0.004863181973470179,0.0,4297.0,0.25339912782069957,0.0,0.0,0.212,0.9569504440906984,1.0,1067.9589593055446,1000.0,890.0669070599985,1000.0,1.0195673183486282,0.0
208,1706752800000.0,0.004863181973470179,0.0,4297.0,0.25339912782069957,0.0,0.0,0.2016,0.9569504440906984,1.0,1067.9589593055446,1000.0,845.3781070599986,1000.0,1.0195673183486282,0.0
209,1706756400000.0,0.004863181973470179,0.0,4297.0,0.25339912782069957,0.0,0.0,0.2042,0.9569504440906984,1.0,1067.9589593055446,1000.0,856.5503070599984,1000.0,1.0195673183486282,0.0
210,1706760000000.0,0.004863181973470179,0.0,4297.0,0.25339912782069957,0.0,0.0,0.2027,0.9569504440906984,1.0,1067.9589593055446,1000.0,850.1048070599985,1000.0,1.0195673183486282,0.0
211,1706763600000.0,0.0024218649281511394,0.0,4245.0,0.25339912782069957,0.0,0.0,0.2033,0.9569504440906984,1.0,1065.398480978868,1000.0,852.7276833799984,1000.0,1.0096497383876084,0.0
212,1706767200000.0,0.0024218649281511394,0.0,4245.0,0.25339912782069957,0.0,0.0,0.2012,0.9569504440906984,1.0,1065.398480978868,1000.0,843.8131833799983,1000.0,1.0096497383876084,0.0
213,1706770800000.0,0.0024218649281511394,0.0,4245.0,0.25339912782069957,0.0,0.0,0.2053,0.9569504440906984,1.0,1065.398480978868,1000.0,861.2176833799984,1000.0,1.0096497383876084,0.0
214,1706774400000.0,0.0024218649281511394,0.0,4245.0,0.25339912782069957,0.0,0.0,0.2073,0.9569504440906984,1.0,1065.398480978868,1000.0,869.7076833799985,1000.0,1.0096497383876084,0.0
215,1706778000000.0,0.0024218649281511394,0.0,4245.0,0.25339912782069957,0.0,0.0,0.2095,0.9569504440906984,1.0,1065.398480978868,1000.0,879.0466833799984,1000.0,1.0096497383876084,0.0
216,1706781600000.0,0.0024218649281511394,0.0,4245.0,0.25339912782069957,0.0,0.0,0.2065,0.9569504440906984,1.0,1065.398480978868,1000.0,866.3116833799984,1000.0,1.0096497383876084,0.0
217,1706785200000.0,0.0024218649281511394,0.0,4245.0,0.25339912782069957,0.0,0.0,0.2069,0.9569504440906984,1.0,1065.398480978868,1000.0,868.0096833799985,1000.0,1.0096497383876084,0.0
218,1706788800000.0,0.0024218649281511394,0.0,4245.0,0.25339912782069957,0.0,0.0,0.2057,0.9569504440906984,1.0,1065.398480978868,1000.0,862.9156833799984,1000.0,1.0096497383876084,0.0
219,1706792400000.0,0.0024218649281511394,0.0,4245.0,0.25339912782069957,0.0,0.0,0.2065,0.9569504440906984,1.0,1065.398480978868,1000.0,866.3116833799984,1000.0,1.0096497383876084,0.0
220,1706796000000.0,0.0024218649281511394,0.0,4245.0,0.25339912782069957,0.0,0.0,0.2083,0.9569504440906984,1.0,1065.398480978868,1000.0,873.9526833799985,1000.0,1.0096497383876084,0.0
221,1706799600000.0,0.0,0.0,4195.0,0.25339912782069957,0.0,0.0,0.2174,0.9569504440906984,1.0,1063.486372587833,1000.0,912.4700313799984,1000.0,0.9995514457050939,0.0
222,1706803200000.0,0.0,0.0,4195.0,0.25339912782069957,0.0,0.0,0.2164,0.9569504440906984,1.0,1063.486372587833,1000.0,908.2750313799985,1000.0,0.9995514457050939,0.0
223,1706806800000.0,0.0,0.0,4195.0,0.25339912782069957,0.0,0.0,0.2138,0.9569504440906984,1.0,1063.486372587833,1000.0,897.3680313799983,1000.0,0.9995514457050939,0.0
224,1706810400000.0,0.0,0.0,4195.0,0.25339912782069957,0.0,0.0,0.2143,0.9569504440906984,1.0,1063.486372587833,1000.0,899.4655313799984,1000.0,0.9995514457050939,0.0
225,1706814000000.0,0.0,0.0,4195.0,0.25339912782069957,0.0,0.0,0.2138,0.9569504440906984,1.0,1063.486372587833,1000.0,897.3680313799983,1000.0,0.9995514457050939,0.0
226,1706817600000.0,0.0,0.0,4195.0,0.25339912782069957,0.0,0.0,0.2154,0.9569504440906984,1.0,1063.486372587833,1000.0,904.0800313799984,1000.0,0.9995514457050939,0.0
227,1706821200000.0,0.0,0.0,4195.0,0.25339912782069957,0.0,0.0,0.2117,0.9569504440906984,1.0,1063.486372587833,1000.0,888.5585313799984,1000.0,0.9995514457050939,0.0
228,1706824800000.0,0.0,0.0,4195.0,0.25339912782069957,0.0,0.0,0.2108,0.9569504440906984,1.0,1063.486372587833,1000.0,884.7830313799984,1000.0,0.9995514457050939,0.0
229,1706828400000.0,0.0,0.0,4195.0,0.25339912782069957,0.0,0.0,0.2104,0.9569504440906984,1.0,1063.486372587833,1000.0,883.1050313799984,1000.0,0.9995514457050939,0.0
230,1706832000000.0,0.0,0.0,4195.0,0.25339912782069957,0.0,0.0,0.2088,0.9569504440906984,1.0,1063.486372587833,1000.0,876.3930313799985,1000.0,0.9995514457050939,0.0
231,1706835600000.0,0.0,0.0,4195.0,0.25339912782069957,0.0,0.0,0.21,0.9569504440906984,1.0,1063.486372587833,1000.0,881.4270313799984,1000.0,0.9995514457050939,0.0
232,1706839200000.0,0.009692456784902556,0.0,4398.0,0.2510291006859481,0.0,0.0,0.2119,0.9539331901858243,1.0,1061.3985598767981,1000.0,889.3087750599984,1000.0,1.0401615628204257,0.0
233,1706842800000.0,0.009692456784902556,0.0,4398.0,0.2510291006859481,0.0,0.0,0.2139,0.9538454438814165,1.0,1061.3985598767981,1000.0,898.1047750599985,1000.0,1.0401615628204257,0.0
234,1706846400000.0,0.009692456784902556,0.0,4398.0,0.2510291006859481,0.0,0.0,0.212,0.9538454438814165,1.0,1061.3985598767981,1000.0,889.7485750599984,1000.0,1.0401615628204257,0.0
235,1706850000000.0,0.009692456784902556,0.0,4398.0,0.2510291006859481,0.0,0.0,0.2084,0.9531765372710022,1.0,1061.3985598767981,1000.0,873.9157750599984,1000.0,1.0401615628204257,0.0
236,1706853600000.0,0.009692456784902556,0.0,4398.0,0.2510291006859481,0.0,0.0,0.2076,0.9530176597920381,1.0,1061.3985598767981,1000.0,870.3973750599985,1000.0,1.0401615628204257,0.0
237,1706857200000.0,0.009692456784902556,0.0,4398.0,0.2510291006859481,0.0,0.0,0.2101,0.9530176597920381,1.0,1061.3985598767981,1000.0,881.3923750599985,1000.0,1.0401615628204257,0.0
238,1706860800000.0,0.009692456784902556,0.0,4398.0,0.2510291006859481,0.0,0.0,0.2104,0.9530176597920381,1.0,1061.3985598767981,1000.0,882.7117750599984,1000.0,1.0401615628204257,0.0
239,1706864400000.0,0.009692456784902556,0.0,4398.0,0.2510291006859481,0.0,0.0,0.2066,0.9526504309482045,1.0,1061.3985598767981,1000.0,865.9993750599984,1000.0,1.0401615628204257,0.0
240,1706868000000.0,0.009692456784902556,0.0,4398.0,0.2510291006859481,0.0,0.0,0.2092,0.9526504309482045,1.0,1061.3985598767981,1000.0,877.4341750599984,1000.0,1.0401615628204257,0.0
241,1706871600000.0,0.009692456784902556,0.0,4398.0,0.2510291006859481,0.0,0.0,0.2136,0.9526504309482045,1.0,1061.3985598767981,1000.0,896.7853750599985,1000.0,1.0401615628204257,0.0
242,1706875200000.0,0.007371099572217435,0.0,4348.0,0.2510291006859481,0.0,0.0,0.2135,0.9526504309482045,1.0,1059.4249888425009,1000.0,896.2484590599986,1000.0,1.0302518264884595,0.0
243,1706878800000.0,0.007371099572217435,0.0,4348.0,0.2510291006859481,0.0,0.0,0.2166,0.9526504309482045,1.0,1059.4249888425009,1000.0,909.7272590599986,1000.0,1.0302518264884595,0.0
244,1706882400000.0,0.007371099572217435,0.0,4348.0,0.2510291006859481,0.0,0.0,0.2105,0.9526504309482045,1.0,1059.4249888425009,1000.0,883.2044590599985,1000.0,1.0302518264884595,0.0
245,1706886000000.0,0.007371099572217435,0.0,4348.0,0.2510291006859481,0.0,0.0,0.2121,0.9526504309482045,1.0,1059.4249888425009,1000.0,890.1612590599987,1000.0,1.0302518264884595,0.0
246,1706889600000.0,0.007371099572217435,0.0,4348.0,0.2510291006859481,0.0,0.0,0.2157,0.9526504309482045,1.0,1059.4249888425009,1000.0,905.8140590599986,1000.0,1.0302518264884595,0.0
247,1706893200000.0,0.007371099572217435,0.0,4348.0,0.2510291006859481,0.0,0.0,0.2167,0.9526504309482045,1.0,1059.4249888425009,1000.0,910.1620590599987,1000.0,1.0302518264884595,0.0
248,1706896800000.0,0.007371099572217435,0.0,4348.0,0.2510291006859481,0.0,0.0,0.2145,0.9526504309482045,1.0,1059.4249888425009,1000.0,900.5964590599986,1000.0,1.0302518264884595,0.0
249,1706900400000.0,0.007371099572217435,0.0,4348.0,0.2510291006859481,0.0,0.0,0.2136,0.9526504309482045,1.0,1059.4249888425009,1000.0,896.6832590599986,1000.0,1.0302518264884595,0.0
250,1706904000000.0,0.007371099572217435,0.0,4348.0,0.2510291006859481,0.0,0.0,0.2151,0.9526504309482045,1.0,1059.4249888425009,1000.0,903.2052590599986,1000.0,1.0302518264884595,0.0
251,1706907600000.0,0.007371099572217435,0.0,4348.0,0.2510291006859481,0.0,0.0,0.2169,0.9526504309482045,1.0,1059.4249888425009,1000.0,911.0316590599987,1000.0,1.0302518264884595,0.0
252,1706911200000.0,0.005005427946989382,0.0,4301.0,0.2510291006859481,0.0,0.0,0.2212,0.9526504309482045,1.0,1058.1478164502614,1000.0,929.8528543999987,1000.0,1.020345310234842,0.0
253,1706914800000.0,0.005005427946989382,0.0,4301.0,0.2510291006859481,0.0,0.0,0.2256,0.9526504309482045,1.0,1058.1478164502614,1000.0,948.7772543999987,1000.0,1.020345310234842,0.0
254,1706918400000.0,0.005005427946989382,0.0,4301.0,0.2510291006859481,0.0,0.0,0.2207,0.9526504309482045,1.0,1058.1478164502614,1000.0,927.7023543999987,1000.0,1.020345310234842,0.0
255,1706922000000.0,0.005005427946989382,0.0,4301.0,0.2510291006859481,0.0,0.0,0.2189,0.9526504309482045,1.0,1058.1478164502614,1000.0,919.9605543999987,1000.0,1.020345310234842,0.0
256,1706925600000.0,0.005005427946989382,0.0,4301.0,0.2510291006859481,0.0,0.0,0.2195,0.9526504309482045,1.0,1058.1478164502614,1000.0,922.5411543999987,1000.0,1.020345310234842,0.0
257,1706929200000.0,0.005005427946989382,0.0,4301.0,0.2510291006859481,0.0,0.0,0.215,0.9526504309482045,1.0,1058.1478164502614,1000.0,903.1866543999987,1000.0,1.020345310234842,0.0
258,1706932800000.0,0.005005427946989382,0.0,4301.0,0.2510291006859481,0.0,0.0,0.2133,0.9526504309482045,1.0,1058.1478164502614,1000.0,895.8749543999986,1000.0,1.020345310234842,0.0
259,1706936400000.0,0.005005427946989382,0.0,4301.0,0.2510291006859481,0.0,0.0,0.2134,0.9526504309482045,1.0,1058.1478164502614,1000.0,896.3050543999988,1000.0,1.020345310234842,0.0
260,1706940000000.0,0.005005427946989382,0.0,4301.0,0.2510291006859481,0.0,0.0,0.2133,0.9526504309482045,1.0,1058.1478164502614,1000.0,895.8749543999986,1000.0,1.020345310234842,0.0
261,1706943600000.0,0.005005427946989382,0.0,4301.0,0.2510291006859481,0.0,0.0,0.2149,0.9526504309482045,1.0,1058.1478164502614,1000.0,902.7565543999988,1000.0,1.020345310234842,0.0
262,1706947200000.0,0.0025548058339217423,0.0,4251.0,0.2510291006859481,0.0,0.0,0.2091,0.9526504309482045,1.0,1056.264227415964,1000.0,878.0236203999987,1000.0,1.010281972368382,0.0
263,1706950800000.0,0.0025548058339217423,0.0,4251.0,0.2510291006859481,0.0,0.0,0.2102,0.9526504309482045,1.0,1056.264227415964,1000.0,882.6997203999986,1000.0,1.010281972368382,0.0
264,1706954400000.0,0.0025548058339217423,0.0,4251.0,0.2510291006859481,0.0,0.0,0.2129,0.9526504309482045,1.0,1056.264227415964,1000.0,894.1774203999986,1000.0,1.010281972368382,0.0
265,1706958000000.0,0.0025548058339217423,0.0,4251.0,0.2510291006859481,0.0,0.0,0.212,0.9526504309482045,1.0,1056.264227415964,1000.0,890.3515203999985,1000.0,1.010281972368382,0.0
266,1706961600000.0,0.0025548058339217423,0.0,4251.0,0.2510291006859481,0.0,0.0,0.2098,0.9526504309482045,1.0,1056.264227415964,1000.0,880.9993203999985,1000.0,1.010281972368382,0.0
267,1706965200000.0,0.0025548058339217423,0.0,4251.0,0.2510291006859481,0.0,0.0,0.2079,0.9526504309482045,1.0,1056.264227415964,1000.0,872.9224203999986,1000.0,1.010281972368382,0.0
268,1706968800000.0,0.0025548058339217423,0.0,4251.0,0.2510291006859481,0.0,0.0,0.2089,0.9526504309482045,1.0,1056.264227415964,1000.0,877.1734203999986,1000.0,1.010281972368382,0.0
269,1706972400000.0,0.0025548058339217423,0.0,4251.0,0.2510291006859481,0.0,0.0,0.2074,0.9526504309482045,1.0,1056.264227415964,1000.0,870.7969203999986,1000.0,1.010281972368382,0.0
270,1706976000000.0,0.0025548058339217423,0.0,4251.0,0.2510291006859481,0.0,0.0,0.2098,0.9526504309482045,1.0,1056.264227415964,1000.0,880.9993203999985,1000.0,1.010281972368382,0.0
271,1706979600000.0,0.0025548058339217423,0.0,4251.0,0.2510291006859481,0.0,0.0,0.2106,0.9526504309482045,1.0,1056.264227415964,1000.0,884.4001203999986,1000.0,1.010281972368382,0.0
272,1706983200000.0,6.607869554903975e-05,0.0,4201.0,0.2510291006859481,0.0,0.0,0.2128,0.9526504309482045,1.0,1054.2956553816664,1000.0,893.6952033999985,1000.0,1.000263300525412,0.0
273,1706986800000.0,6.607869554903975e-05,0.0,4201.0,0.2510291006859481,0.0,0.0,0.2088,0.9526504309482045,1.0,1054.2956553816664,1000.0,876.8912033999986,1000.0,1.000263300525412,0.0
274,1706990400000.0,6.607869554903975e-05,0.0,4201.0,0.2510291006859481,0.0,0.0,0.2095,0.9526504309482045,1.0,1054.2956553816664,1000.0,879.8319033999985,1000.0,1.000263300525412,0.0
275,1706994000000.0,6.607869554903975e-05,0.0,4201.0,0.2510291006859481,0.0,0.0,0.2085,0.9526504309482045,1.0,1054.2956553816664,1000.0,875.6309033999985,1000.0,1.000263300525412,0.0
276,1706997600000.0,6.607869554903975e-05,0.0,4201.0,0.2510291006859481,0.0,0.0,0.207,0.9526504309482045,1.0,1054.2956553816664,1000.0,869.3294033999985,1000.0,1.000263300525412,0.0
277,1707001200000.0,6.607869554903975e-05,0.0,4201.0,0.2510291006859481,0.0,0.0,0.208,0.9526504309482045,1.0,1054.2956553816664,1000.0,873.5304033999985,1000.0,1.000263300525412,0.0
278,1707004800000.0,6.607869554903975e-05,0.0,4201.0,0.2510291006859481,0.0,0.0,0.2082,0.9526504309482045,1.0,1054.2956553816664,1000.0,874.3706033999985,1000.0,1.000263300525412,0.0
279,1707008400000.0,6.607869554903975e-05,0.0,4201.0,0.2510291006859481,0.0,0.0,0.2033,0.9526504309482045,1.0,1054.2956553816664,1000.0,853.7857033999985,1000.0,1.000263300525412,0.0
280,1707012000000.0,6.607869554903975e-05,0.0,4201.0,0.2510291006859481,0.0,0.0,0.2047,0.9526504309482045,1.0,1054.2956553816664,1000.0,859.6671033999985,1000.0,1.000263300525412,0.0
281,1707015600000.0,6.607869554903975e-05,0.0,4201.0,0.2510291006859481,0.0,0.0,0.2075,0.9526504309482045,1.0,1054.2956553816664,1000.0,871.4299033999985,1000.0,1.000263300525412,0.0
282,1707019200000.0,6.607869554903975e-05,0.0,4201.0,0.2510291006859481,0.0,0.0,0.2082,0.9526504309482045,1.0,1054.2956553816664,1000.0,874.3706033999985,1000.0,1.000263300525412,0.0
283,1707022800000.0,0.009735464026328133,0.0,4406.0,0.24851737808594748,0.0,0.0,0.2043,0.9523472147512083,1.0,1052.073113346683,1000.0,857.2513454999984,1000.0,1.040771362708389,0.0
284,1707026400000.0,0.009735464026328133,0.0,4406.0,0.24851737808594748,0.0,0.0,0.2039,0.9522537320925545,1.0,1052.073113346683,1000.0,855.4889454999983,1000.0,1.040771362708389,0.0
285,1707030000000.0,0.009735464026328133,0.0,4406.0,0.24851737808594748,0.0,0.0,0.2049,0.9518998812928452,1.0,1052.073113346683,1000.0,859.8949454999984,1000.0,1.040771362708389,0.0
286,1707033600000.0,0.009735464026328133,0.0,4406.0,0.24851737808594748,0.0,0.0,0.2027,0.951709007805912,1.0,1052.073113346683,1000.0,850.2017454999983,1000.0,1.040771362708389,0.0
287,1707037200000.0,0.009735464026328133,0.0,4406.0,0.24851737808594748,0.0,0.0,0.2025,0.951709007805912,1.0,1052.073113346683,1000.0,849.3205454999984,1000.0,1.040771362708389,0.0
288,1707040800000.0,0.009735464026328133,0.0,4406.0,0.24851737808594748,0.0,0.0,0.2077,0.9516370391141176,1.0,1052.073113346683,1000.0,872.2317454999983,1000.0,1.040771362708389,0.0
289,1707044400000.0,0.009735464026328133,0.0,4406.0,0.24851737808594748,0.0,0.0,0.2042,0.9516370391141176,1.0,1052.073113346683,1000.0,856.8107454999983,1000.0,1.040771362708389,0.0
290,1707048000000.0,0.009735464026328133,0.0,4406.0,0.24851737808594748,0.0,0.0,0.2067,0.9516370391141176,1.0,1052.073113346683,1000.0,867.8257454999983,1000.0,1.040771362708389,0.0
291,1707051600000.0,0.009735464026328133,0.0,4406.0,0.24851737808594748,0.0,0.0,0.2089,0.9516370391141176,1.0,1052.073113346683,1000.0,877.5189454999984,1000.0,1.040771362708389,0.0
292,1707055200000.0,0.009735464026328133,0.0,4406.0,0.24851737808594748,0.0,0.0,0.2136,0.9516370391141176,1.0,1052.073113346683,1000.0,898.2271454999984,1000.0,1.040771362708389,0.0
293,1707058800000.0,0.007446601983016222,0.0,4357.0,0.24851737808594748,0.0,0.0,0.2147,0.9516370391141176,1.0,1050.3453714804716,1000.0,903.0030551599984,1000.0,1.0308896918299078,0.0
294,1707062400000.0,0.007446601983016222,0.0,4357.0,0.24851737808594748,0.0,0.0,0.2175,0.9516370391141176,1.0,1050.3453714804716,1000.0,915.2026551599984,1000.0,1.0308896918299078,0.0
295,1707066000000.0,0.007446601983016222,0.0,4357.0,0.24851737808594748,0.0,0.0,0.2128,0.9516370391141176,1.0,1050.3453714804716,1000.0,894.7247551599984,1000.0,1.0308896918299078,0.0
296,1707069600000.0,0.007446601983016222,0.0,4357.0,0.24851737808594748,0.0,0.0,0.211,0.9516370391141176,1.0,1050.3453714804716,1000.0,886.8821551599984,1000.0,1.0308896918299078,0.0
297,1707073200000.0,0.007446601983016222,0.0,4357.0,0.24851737808594748,0.0,0.0,0.2102,0.9516370391141176,1.0,1050.3453714804716,1000.0,883.3965551599985,1000.0,1.0308896918299078,0.0
298,1707076800000.0,0.007446601983016222,0.0,4357.0,0.24851737808594748,0.0,0.0,0.2104,0.9516370391141176,1.0,1050.3453714804716,1000.0,884.2679551599985,1000.0,1.0308896918299078,0.0
299,1707080400000.0,0.007446601983016222,0.0,4357.0,0.24851737808594748,0.0,0.0,0.214,0.9516370391141176,1.0,1050.3453714804716,1000.0,899.9531551599985,1000.0,1.0308896918299078,0.0
300,1707084000000.0,0.007446601983016222,0.0,4357.0,0.24851737808594748,0.0,0.0,0.2125,0.9516370391141176,1.0,1050.3453714804716,1000.0,893.4176551599984,1000.0,1.0308896918299078,0.0
301,1707087600000.0,0.007446601983016222,0.0,4357.0,0.24851737808594748,0.0,0.0,0.2073,0.9516370391141176,1.0,1050.3453714804716,1000.0,870.7612551599984,1000.0,1.0308896918299078,0.0
302,1707091200000.0,0.007446601983016222,0.0,4357.0,0.24851737808594748,0.0,0.0,0.2076,0.9516370391141176,1.0,1050.3453714804716,1000.0,872.0683551599984,1000.0,1.0308896918299078,0.0
303,1707094800000.0,0.005088330738504783,0.0,4306.0,0.24851737808594748,0.0,0.0,0.2066,0.9516370391141176,1.0,1048.2054778780882,1000.0,867.7092478399984,1000.0,1.0209027262520658,0.0
304,1707098400000.0,0.005088330738504783,0.0,4306.0,0.24851737808594748,0.0,0.0,0.2106,0.9516370391141176,1.0,1048.2054778780882,1000.0,884.9332478399984,1000.0,1.0209027262520658,0.0
305,1707102000000.0,0.005088330738504783,0.0,4306.0,0.24851737808594748,0.0,0.0,0.2131,0.9516370391141176,1.0,1048.2054778780882,1000.0,895.6982478399984,1000.0,1.0209027262520658,0.0
306,1707105600000.0,0.005088330738504783,0.0,4306.0,0.24851737808594748,0.0,0.0,0.2159,0.9516370391141176,1.0,1048.2054778780882,1000.0,907.7550478399984,1000.0,1.0209027262520658,0.0
307,1707109200000.0,0.005088330738504783,0.0,4306.0,0.24851737808594748,0.0,0.0,0.2159,0.9516370391141176,1.0,1048.2054778780882,1000.0,907.7550478399984,1000.0,1.0209027262520658,0.0
308,1707112800000.0,0.005088330738504783,0.0,4306.0,0.24851737808594748,0.0,0.0,0.2185,0.9516370391141176,1.0,1048.2054778780882,1000.0,918.9506478399984,1000.0,1.0209027262520658,0.0
309,1707116400000.0,0.005088330738504783,0.0,4306.0,0.24851737808594748,0.0,0.0,0.2176,0.9516370391141176,1.0,1048.2054778780882,1000.0,915.0752478399984,1000.0,1.0209027262520658,0.0
310,1707120000000.0,0.005088330738504783,0.0,4306.0,0.24851737808594748,0.0,0.0,0.22,0.9516370391141176,1.0,1048.2054778780882,1000.0,925.4096478399983,1000.0,1.0209027262520658,0.0
311,1707123600000.0,0.005088330738504783,0.0,4306.0,0.24851737808594748,0.0,0.0,0.2248,0.9516370391141176,1.0,1048.2054778780882,1000.0,946.0784478399984,1000.0,1.0209027262520658,0.0
312,1707127200000.0,0.005088330738504783,0.0,4306.0,0.24851737808594748,0.0,0.0,0.2248,0.9516370391141176,1.0,1048.2054778780882,1000.0,946.0784478399984,1000.0,1.0209027262520658,0.0
313,1707130800000.0,0.002689352892019156,0.0,4260.0,0.24851737808594748,0.0,0.0,0.2271,0.9516370391141176,1.0,1047.2273873261347,1000.0,955.9893566799984,1000.0,1.0109399767984044,0.0
314,1707134400000.0,0.002689352892019156,0.0,4260.0,0.24851737808594748,0.0,0.0,0.2276,0.9516370391141176,1.0,1047.2273873261347,1000.0,958.1193566799984,1000.0,1.0109399767984044,0.0
315,1707138000000.0,0.002689352892019156,0.0,4260.0,0.24851737808594748,0.0,0.0,0.2255,0.9516370391141176,1.0,1047.2273873261347,1000.0,949.1733566799985,1000.0,1.0109399767984044,0.0
316,1707141600000.0,0.002689352892019156,0.0,4260.0,0.24851737808594748,0.0,0.0,0.2289,0.9516370391141176,1.0,1047.2273873261347,1000.0,963.6573566799984,1000.0,1.0109399767984044,0.0
317,1707145200000.0,0.002689352892019156,0.0,4260.0,0.24851737808594748,0.0,0.0,0.2204,0.9516370391141176,1.0,1047.2273873261347,1000.0,927.4473566799985,1000.0,1.0109399767984044,0.0
318,1707148800000.0,0.002689352892019156,0.0,4260.0,0.24851737808594748,0.0,0.0,0.2155,0.9516370391141176,1.0,1047.2273873261347,1000.0,906.5733566799984,1000.0,1.0109399767984044,0.0
319,1707152400000.0,0.002689352892019156,0.0,4260.0,0.24851737808594748,0.0,0.0,0.2142,0.9516370391141176,1.0,1047.2273873261347,1000.0,901.0353566799985,1000.0,1.0109399767984044,0.0
320,1707156000000.0,0.002689352892019156,0.0,4260.0,0.24851737808594748,0.0,0.0,0.214,0.9516370391141176,1.0,1047.2273873261347,1000.0,900.1833566799984,1000.0,1.0109399767984044,0.0
321,1707159600000.0,0.002689352892019156,0.0,4260.0,0.24851737808594748,0.0,0.0,0.2146,0.9516370391141176,1.0,1047.2273873261347,1000.0,902.7393566799985,1000.0,1.0109399767984044,0.0
322,1707163200000.0,0.002689352892019156,0.0,4260.0,0.24851737808594748,0.0,0.0,0.2148,0.9516370391141176,1.0,1047.2273873261347,1000.0,903.5913566799984,1000.0,1.0109399767984044,0.0
323,1707166800000.0,0.002689352892019156,0.0,4260.0,0.24851737808594748,0.0,0.0,0.2133,0.9516370391141176,1.0,1047.2273873261347,1000.0,897.2013566799984,1000.0,1.0109399767984044,0.0
324,1707170400000.0,0.00024147036333450563,0.0,4211.0,0.24851737808594748,0.0,0.0,0.2106,0.9516370391141176,1.0,1045.4898474199233,1000.0,885.8197682999985,1000.0,1.0009725887845884,0.0
325,1707174000000.0,0.00024147036333450563,0.0,4211.0,0.24851737808594748,0.0,0.0,0.2099,0.9516370391141176,1.0,1045.4898474199233,1000.0,882.8720682999984,1000.0,1.0009725887845884,0.0
326,1707177600000.0,0.00024147036333450563,0.0,4211.0,0.24851737808594748,0.0,0.0,0.2139,0.9516370391141176,1.0,1045.4898474199233,1000.0,899.7160682999985,1000.0,1.0009725887845884,0.0
327,1707181200000.0,0.00024147036333450563,0.0,4211.0,0.24851737808594748,0.0,0.0,0.2115,0.9516370391141176,1.0,1045.4898474199233,1000.0,889.6096682999985,1000.0,1.0009725887845884,0.0
328,1707184800000.0,0.00024147036333450563,0.0,4211.0,0.24851737808594748,0.0,0.0,0.213,0.9516370391141176,1.0,1045.4898474199233,1000.0,895.9261682999984,1000.0,1.0009725887845884,0.0
329,1707188400000.0,0.00024147036333450563,0.0,4211.0,0.24851737808594748,0.0,0.0,0.2184,0.9516370391141176,1.0,1045.4898474199233,1000.0,918.6655682999985,1000.0,1.0009725887845884,0.0
330,1707192000000.0,0.00024147036333450563,0.0,4211.0,0.24851737808594748,0.0,0.0,0.218,0.9516370391141176,1.0,1045.4898474199233,1000.0,916.9811682999984,1000.0,1.0009725887845884,0.0
331,1707195600000.0,0.00024147036333450563,0.0,4211.0,0.24851737808594748,0.0,0.0,0.218,0.9516370391141176,1.0,1045.4898474199233,1000.0,916.9811682999984,1000.0,1.0009725887845884,0.0
332,1707199200000.0,0.00024147036333450563,0.0,4211.0,0.24851737808594748,0.0,0.0,0.2159,0.9516370391141176,1.0,1045.4898474199233,1000.0,908.1380682999985,1000.0,1.0009725887845884,0.0
333,1707202800000.0,0.00024147036333450563,0.0,4211.0,0.24851737808594748,0.0,0.0,0.2163,0.9516370391141176,1.0,1045.4898474199233,1000.0,909.8224682999985,1000.0,1.0009725887845884,0.0
334,1707206400000.0,0.009712437829739325,0.0,4405.0,0.24667392226872042,0.0,0.0,0.2155,0.9516370391141176,1.0,1043.8153389537117,1000.0,906.4942113599982,1000.0,1.0409874113201731,0.0
335,1707210000000.0,0.009712437829739325,0.0,4405.0,0.24667392226872042,0.0,0.0,0.2287,0.9516370391141176,1.0,1043.8153389537117,1000.0,964.6402113599981,1000.0,1.0409874113201731,0.0
336,1707213600000.0,0.009712437829739325,0.0,4405.0,0.24667392226872042,0.0,0.0,0.227,0.9516370391141176,1.0,1043.8153389537117,1000.0,957.1517113599982,1000.0,1.0409874113201731,0.0
337,1707217200000.0,0.009712437829739325,0.0,4405.0,0.24667392226872042,0.0,0.0,0.2213,0.9516370391141176,1.0,1043.8153389537117,1000.0,932.0432113599982,1000.0,1.0409874113201731,0.0
338,1707220800000.0,0.009712437829739325,0.0,4405.0,0.24667392226872042,0.0,0.0,0.2211,0.9516370391141176,1.0,1043.8153389537117,1000.0,931.1622113599982,1000.0,1.0409874113201731,0.0
339,1707224400000.0,0.009712437829739325,0.0,4405.0,0.24667392226872042,0.0,0.0,0.2248,0.9516370391141176,1.0,1043.8153389537117,1000.0,947.4607113599982,1000.0,1.0409874113201731,0.0
340,1707228000000.0,0.009712437829739325,0.0,4405.0,0.24667392226872042,0.0,0.0,0.2204,0.9516370391141176,1.0,1043.8153389537117,1000.0,928.0787113599984,1000.0,1.0409874113201731,0.0
341,1707231600000.0,0.009712437829739325,0.0,4405.0,0.24667392226872042,0.0,0.0,0.2196,0.9516370391141176,1.0,1043.8153389537117,1000.0,924.5547113599982,1000.0,1.0409874113201731,0.0
342,1707235200000.0,0.009712437829739325,0.0,4405.0,0.24667392226872042,0.0,0.0,0.2266,0.9516370391141176,1.0,1043.8153389537117,1000.0,955.3897113599983,1000.0,1.0409874113201731,0.0
343,1707238800000.0,0.009712437829739325,0.0,4405.0,0.24667392226872042,0.0,0.0,0.224,0.9516370391141176,1.0,1043.8153389537117,1000.0,943.9367113599983,1000.0,1.0409874113201731,0.0
344,1707242400000.0,0.007404036796696139,0.0,4358.0,0.24667392226872042,0.0,0.0,0.2276,0.9516370391141176,1.0,1042.738160887082,1000.0,959.6140076399982,1000.0,1.0309442903025163,0.0
345,1707246000000.0,0.007404036796696139,0.0,4358.0,0.24667392226872042,0.0,0.0,0.2285,0.9516370391141176,1.0,1042.738160887082,1000.0,963.5362076399983,1000.0,1.0309442903025163,0.0
346,1707249600000.0,0.007404036796696139,0.0,4358.0,0.24667392226872042,0.0,0.0,0.2356,0.9516370391141176,1.0,1042.738160887082,1000.0,994.4780076399983,1000.0,1.0309442903025163,0.0
347,1707253200000.0,0.007404036796696139,0.0,4358.0,0.24667392226872042,0.0,0.0,0.2267,0.9516370391141176,1.0,1042.738160887082,1000.0,955.6918076399984,1000.0,1.0309442903025163,0.0
348,1707256800000.0,0.007404036796696139,0.0,4358.0,0.24667392226872042,0.0,0.0,0.2227,0.9516370391141176,1.0,1042.738160887082,1000.0,938.2598076399984,1000.0,1.0309442903025163,0.0
349,1707260400000.0,0.007404036796696139,0.0,4358.0,0.24667392226872042,0.0,0.0,0.2265,0.9516370391141176,1.0,1042.738160887082,1000.0,954.8202076399983,1000.0,1.0309442903025163,0.0
350,1707264000000.0,0.007404036796696139,0.0,4358.0,0.24667392226872042,0.0,0.0,0.2236,0.9516370391141176,1.0,1042.738160887082,1000.0,942.1820076399982,1000.0,1.0309442903025163,0.0
351,1707267600000.0,0.007404036796696139,0.0,4358.0,0.24667392226872042,0.0,0.0,0.2238,0.9516370391141176,1.0,1042.738160887082,1000.0,943.0536076399983,1000.0,1.0309442903025163,0.0
352,1707271200000.0,0.007404036796696139,0.0,4358.0,0.24667392226872042,0.0,0.0,0.2261,0.9516370391141176,1.0,1042.738160887082,1000.0,953.0770076399983,1000.0,1.0309442903025163,0.0
353,1707274800000.0,0.007404036796696139,0.0,4358.0,0.24667392226872042,0.0,0.0,0.228,0.9516370391141176,1.0,1042.738160887082,1000.0,961.3572076399984,1000.0,1.0309442903025163,0.0
354,1707278400000.0,0.005082157532467981,0.0,4312.0,0.24667392226872042,0.0,0.0,0.2238,0.9516370391141176,1.0,1041.7436895427206,1000.0,943.1113367199981,1000.0,1.021036137295558,0.0
355,1707282000000.0,0.005082157532467981,0.0,4312.0,0.24667392226872042,0.0,0.0,0.2203,0.9516370391141176,1.0,1041.7436895427206,1000.0,928.0193367199981,1000.0,1.021036137295558,0.0
356,1707285600000.0,0.005082157532467981,0.0,4312.0,0.24667392226872042,0.0,0.0,0.2257,0.9516370391141176,1.0,1041.7436895427206,1000.0,951.3041367199983,1000.0,1.021036137295558,0.0
357,1707289200000.0,0.005082157532467981,0.0,4312.0,0.24667392226872042,0.0,0.0,0.2293,0.9516370391141176,1.0,1041.7436895427206,1000.0,966.8273367199981,1000.0,1.021036137295558,0.0
358,1707292800000.0,0.005082157532467981,0.0,4312.0,0.24667392226872042,0.0,0.0,0.2313,0.9516370391141176,1.0,1041.7436895427206,1000.0,975.4513367199982,1000.0,1.021036137295558,0.0
359,1707296400000.0,0.005082157532467981,0.0,4312.0,0.24667392226872042,0.0,0.0,0.2281,0.9516370391141176,1.0,1041.7436895427206,1000.0,961.6529367199981,1000.0,1.021036137295558,0.0
360,1707300000000.0,0.005082157532467981,0.0,4312.0,0.24667392226872042,0.0,0.0,0.2324,0.9516370391141176,1.0,1041.7436895427206,1000.0,980.1945367199982,1000.0,1.021036137295558,0.0
361,1707303600000.0,0.005082157532467981,0.0,4312.0,0.24667392226872042,0.0,0.0,0.2305,0.9516370391141176,1.0,1041.7436895427206,1000.0,972.0017367199982,1000.0,1.021036137295558,0.0
362,1707307200000.0,0.005082157532467981,0.0,4312.0,0.24667392226872042,0.0,0.0,0.2374,0.9516370391141176,1.0,1041.7436895427206,1000.0,1001.7545367199982,1000.0,1.021036137295558,0.0
363,1707310800000.0,0.005082157532467981,0.0,4312.0,0.24667392226872042,0.0,0.0,0.2388,0.9516370391141176,1.0,1041.7436895427206,1000.0,1007.7913367199982,1000.0,1.021036137295558,0.0
364,1707314400000.0,0.0026832333442703906,0.0,4267.0,0.24667392226872042,0.0,0.0,0.2324,0.9516370391141176,1.0,1041.1082696406284,1000.0,980.2014433199982,1000.0,1.0109972776260376,0.0
365,1707318000000.0,0.0026832333442703906,0.0,4267.0,0.24667392226872042,0.0,0.0,0.236,0.9516370391141176,1.0,1041.1082696406284,1000.0,995.5626433199982,1000.0,1.0109972776260376,0.0
366,1707321600000.0,0.0026832333442703906,0.0,4267.0,0.24667392226872042,0.0,0.0,0.2352,0.9516370391141176,1.0,1041.1082696406284,1000.0,992.1490433199982,1000.0,1.0109972776260376,0.0
367,1707325200000.0,0.0026832333442703906,0.0,4267.0,0.24667392226872042,0.0,0.0,0.2375,0.9516370391141176,1.0,1041.1082696406284,1000.0,1001.9631433199983,1000.0,1.0109972776260376,0.0
368,1707328800000.0,0.0026832333442703906,0.0,4267.0,0.24667392226872042,0.0,0.0,0.2374,0.9516370391141176,1.0,1041.1082696406284,1000.0,1001.5364433199983,1000.0,1.0109972776260376,0.0
369,1707332400000.0,0.0026832333442703906,0.0,4267.0,0.24667392226872042,0.0,0.0,0.2347,0.9516370391141176,1.0,1041.1082696406284,1000.0,990.0155433199983,1000.0,1.0109972776260376,0.0
370,1707336000000.0,0.0026832333442703906,0.0,4267.0,0.24667392226872042,0.0,0.0,0.2328,0.9516370391141176,1.0,1041.1082696406284,1000.0,981.9082433199983,1000.0,1.0109972776260376,0.0
371,1707339600000.0,0.0026832333442703906,0.0,4267.0,0.24667392226872042,0.0,0.0,0.2376,0.9516370391141176,1.0,1041.1082696406284,1000.0,1002.3898433199984,1000.0,1.0109972776260376,0.0
372,1707343200000.0,0.0026832333442703906,0.0,4267.0,0.24667392226872042,0.0,0.0,0.238,0.9516370391141176,1.0,1041.1082696406284,1000.0,1004.0966433199983,1000.0,1.0109972776260376,0.0
373,1707346800000.0,0.0026832333442703906,0.0,4267.0,0.24667392226872042,0.0,0.0,0.2423,0.9516370391141176,1.0,1041.1082696406284,1000.0,1022.4447433199982,1000.0,1.0109972776260376,0.0
374,1707350400000.0,0.0026832333442703906,0.0,4267.0,0.24667392226872042,0.0,0.0,0.2422,0.9516370391141176,1.0,1041.1082696406284,1000.0,1022.0180433199982,1000.0,1.0109972776260376,0.0
375,1707354000000.0,0.0002678552746215935,0.0,4224.0,0.24667392226872042,0.0,0.0,0.2433,0.9516370391141176,1.0,1040.8192269830733,1000.0,1026.5677793199982,1000.0,1.001087048212283,0.0
376,1707357600000.0,0.0002678552746215935,0.0,4224.0,0.24667392226872042,0.0,0.0,0.2399,0.9516370391141176,1.0,1040.8192269830733,1000.0,1012.2061793199982,1000.0,1.001087048212283,0.0
377,1707361200000.0,0.0002678552746215935,0.0,4224.0,0.24667392226872042,0.0,0.0,0.2412,0.9516370391141176,1.0,1040.8192269830733,1000.0,1017.6973793199983,1000.0,1.001087048212283,0.0
378,1707364800000.0,0.0002678552746215935,0.0,4224.0,0.24667392226872042,0.0,0.0,0.2406,0.9516370391141176,1.0,1040.8192269830733,1000.0,1015.1629793199983,1000.0,1.001087048212283,0.0
379,1707368400000.0,0.0002678552746215935,0.0,4224.0,0.24667392226872042,0.0,0.0,0.2475,0.9516370391141176,1.0,1040.8192269830733,1000.0,1044.3085793199982,1000.0,1.001087048212283,0.0
380,1707372000000.0,0.0,0.0,3520.0,0.24667392226872042,0.0,0.0,0.2456,0.9516370391141176,1.0,1042.562498345894,1000.0,1038.7822919599982,1000.0,0.8328442733778634,0.0
381,1707375600000.0,0.0,0.0,3520.0,0.24667392226872042,0.0,0.0,0.2436,0.9516370391141176,1.0,1042.562498345894,1000.0,1031.7422919599983,1000.0,0.8328442733778634,0.0
382,1707379200000.0,0.0,0.0,3520.0,0.24667392226872042,0.0,0.0,0.2434,0.9516370391141176,1.0,1042.562498345894,1000.0,1031.038291959998,1000.0,0.8328442733778634,0.0
383,1707382800000.0,0.0,0.0,3520.0,0.24667392226872042,0.0,0.0,0.2457,0.9516370391141176,1.0,1042.562498345894,1000.0,1039.134291959998,1000.0,0.8328442733778634,0.0
384,1707386400000.0,0.0,0.0,3520.0,0.24667392226872042,0.0,0.0,0.246,0.9516370391141176,1.0,1042.562498345894,1000.0,1040.1902919599981,1000.0,0.8328442733778634,0.0
385,1707390000000.0,0.0,0.0,2934.0,0.24667392226872042,0.0,0.0,0.249,0.9516370391141176,1.0,1044.013573656424,1000.0,1050.838285719998,1000.0,0.6932297684614231,0.0
386,1707393600000.0,0.0,0.0,2445.0,0.24667392226872042,0.0,0.0,0.244,0.9516370391141176,1.0,1045.2244539070198,1000.0,1038.6867139599983,1000.0,0.577022224932247,0.0
387,1707397200000.0,0.0,0.0,4299.0,0.24310568503070978,0.0,0.0,0.2349,0.9516370391141176,1.0,1045.1360551870198,1000.0,1009.8598152399984,1000.0,0.9999763521314993,0.0
388,1707400800000.0,0.0,0.0,4255.0,0.24310568503070978,0.0,0.0,0.2362,0.9516370391141176,1.0,1044.8741176856686,1000.0,1015.4904278799984,1000.0,0.9899897722577669,0.0
389,1707404400000.0,0.0,0.0,4255.0,0.24310568503070978,0.0,0.0,0.2364,0.9516370391141176,1.0,1044.8741176856686,1000.0,1016.3414278799985,1000.0,0.9899897722577669,0.0
390,1707408000000.0,0.009254812536847176,0.0,4478.0,0.24258749214061415,0.0,0.0,0.2335,0.9516370391141176,1.0,1044.8637392656685,1000.0,1004.1699494599984,1000.0,1.0396635934261895,0.0
391,1707411600000.0,0.009254812536847176,0.0,4478.0,0.24258749214061415,0.0,0.0,0.2303,0.9516370391141176,1.0,1044.8637392656685,1000.0,989.8403494599984,1000.0,1.0396635934261895,0.0
392,1707415200000.0,0.009254812536847176,0.0,4478.0,0.24258749214061415,0.0,0.0,0.2312,0.9516370391141176,1.0,1044.8637392656685,1000.0,993.8705494599983,1000.0,1.0396635934261895,0.0
393,1707418800000.0,0.009254812536847176,0.0,4478.0,0.24258749214061415,0.0,0.0,0.2337,0.9516370391141176,1.0,1044.8637392656685,1000.0,1005.0655494599984,1000.0,1.0396635934261895,0.0
394,1707422400000.0,0.009254812536847176,0.0,4478.0,0.24258749214061415,0.0,0.0,0.2318,0.9516370391141176,1.0,1044.8637392656685,1000.0,996.5573494599984,1000.0,1.0396635934261895,0.0
395,1707426000000.0,0.009254812536847176,0.0,4478.0,0.24258749214061415,0.0,0.0,0.2307,0.9516370391141176,1.0,1044.8637392656685,1000.0,991.6315494599983,1000.0,1.0396635934261895,0.0
396,1707429600000.0,0.009254812536847176,0.0,4478.0,0.24258749214061415,0.0,0.0,0.2315,0.9516370391141176,1.0,1044.8637392656685,1000.0,995.2139494599984,1000.0,1.0396635934261895,0.0
397,1707433200000.0,0.009254812536847176,0.0,4478.0,0.24258749214061415,0.0,0.0,0.2282,0.9516370391141176,1.0,1044.8637392656685,1000.0,980.4365494599983,1000.0,1.0396635934261895,0.0
398,1707436800000.0,0.007017509099932703,0.0,4433.0,0.24258749214061415,0.0,0.0,0.2286,0.9516370391141176,1.0,1044.281734819341,1000.0,982.2751821599984,1000.0,1.0297894876475873,0.0
399,1707440400000.0,0.007017509099932703,0.0,4433.0,0.24258749214061415,0.0,0.0,0.2313,0.9516370391141176,1.0,1044.281734819341,1000.0,994.2442821599984,1000.0,1.0297894876475873,0.0
400,1707444000000.0,0.007017509099932703,0.0,4433.0,0.24258749214061415,0.0,0.0,0.23,0.9516370391141176,1.0,1044.281734819341,1000.0,988.4813821599985,1000.0,1.0297894876475873,0.0
401,1707447600000.0,0.007017509099932703,0.0,4433.0,0.24258749214061415,0.0,0.0,0.2343,0.9516370391141176,1.0,1044.281734819341,1000.0,1007.5432821599985,1000.0,1.0297894876475873,0.0
402,1707451200000.0,0.007017509099932703,0.0,4433.0,0.24258749214061415,0.0,0.0,0.2316,0.9516370391141176,1.0,1044.281734819341,1000.0,995.5741821599985,1000.0,1.0297894876475873,0.0
403,1707454800000.0,0.007017509099932703,0.0,4433.0,0.24258749214061415,0.0,0.0,0.2307,0.9516370391141176,1.0,1044.281734819341,1000.0,991.5844821599984,1000.0,1.0297894876475873,0.0
404,1707458400000.0,0.007017509099932703,0.0,4433.0,0.24258749214061415,0.0,0.0,0.2344,0.9516370391141176,1.0,1044.281734819341,1000.0,1007.9865821599984,1000.0,1.0297894876475873,0.0
405,1707462000000.0,0.007017509099932703,0.0,4433.0,0.24258749214061415,0.0,0.0,0.2315,0.9516370391141176,1.0,1044.281734819341,1000.0,995.1308821599985,1000.0,1.0297894876475873,0.0
406,1707465600000.0,0.007017509099932703,0.0,4433.0,0.24258749214061415,0.0,0.0,0.2326,0.9516370391141176,1.0,1044.281734819341,1000.0,1000.0071821599985,1000.0,1.0297894876475873,0.0
407,1707469200000.0,0.007017509099932703,0.0,4433.0,0.24258749214061415,0.0,0.0,0.2383,0.9516370391141176,1.0,1044.281734819341,1000.0,1025.2752821599986,1000.0,1.0297894876475873,0.0
408,1707472800000.0,0.004685102174111556,0.0,4388.0,0.24258749214061415,0.0,0.0,0.2362,0.9516370391141176,1.0,1043.9156871730133,1000.0,1015.8873716599984,1000.0,1.0196933800235097,0.0
409,1707476400000.0,0.004685102174111556,0.0,4388.0,0.24258749214061415,0.0,0.0,0.238,0.9516370391141176,1.0,1043.9156871730133,1000.0,1023.7857716599984,1000.0,1.0196933800235097,0.0
410,1707480000000.0,0.004685102174111556,0.0,4388.0,0.24258749214061415,0.0,0.0,0.2399,0.9516370391141176,1.0,1043.9156871730133,1000.0,1032.1229716599985,1000.0,1.0196933800235097,0.0
411,1707483600000.0,0.004685102174111556,0.0,4388.0,0.24258749214061415,0.0,0.0,0.2376,0.9516370391141176,1.0,1043.9156871730133,1000.0,1022.0305716599985,1000.0,1.0196933800235097,0.0
412,1707487200000.0,0.004685102174111556,0.0,4388.0,0.24258749214061415,0.0,0.0,0.2389,0.9516370391141176,1.0,1043.9156871730133,1000.0,1027.7349716599986,1000.0,1.0196933800235097,0.0
413,1707490800000.0,0.004685102174111556,0.0,4388.0,0.24258749214061415,0.0,0.0,0.2295,0.9516370391141176,1.0,1043.9156871730133,1000.0,986.4877716599985,1000.0,1.0196933800235097,0.0
414,1707494400000.0,0.004685102174111556,0.0,4388.0,0.24258749214061415,0.0,0.0,0.2274,0.9516370391141176,1.0,1043.9156871730133,1000.0,977.2729716599985,1000.0,1.0196933800235097,0.0
415,1707498000000.0,0.004685102174111556,0.0,4388.0,0.24258749214061415,0.0,0.0,0.226,0.9516370391141176,1.0,1043.9156871730133,1000.0,971.1297716599985,1000.0,1.0196933800235097,0.0
416,1707501600000.0,0.004685102174111556,0.0,4388.0,0.24258749214061415,0.0,0.0,0.2283,0.9516370391141176,1.0,1043.9156871730133,1000.0,981.2221716599985,1000.0,1.0196933800235097,0.0
417,1707505200000.0,0.004685102174111556,0.0,4388.0,0.24258749214061415,0.0,0.0,0.2273,0.9516370391141176,1.0,1043.9156871730133,1000.0,976.8341716599984,1000.0,1.0196933800235097,0.0
418,1707508800000.0,0.004685102174111556,0.0,4388.0,0.24258749214061415,0.0,0.0,0.2271,0.9516370391141176,1.0,1043.9156871730133,1000.0,975.9565716599984,1000.0,1.0196933800235097,0.0
419,1707512400000.0,0.002327157876554932,0.0,4342.0,0.24258749214061415,0.0,0.0,0.2268,0.9516370391141176,1.0,1043.210371374545,1000.0,974.6610804999984,1000.0,1.0096859845121053,0.0
420,1707516000000.0,0.002327157876554932,0.0,4342.0,0.24258749214061415,0.0,0.0,0.228,0.9516370391141176,1.0,1043.210371374545,1000.0,979.8714804999985,1000.0,1.0096859845121053,0.0
421,1707519600000.0,0.002327157876554932,0.0,4342.0,0.24258749214061415,0.0,0.0,0.2258,0.9516370391141176,1.0,1043.210371374545,1000.0,970.3190804999984,1000.0,1.0096859845121053,0.0
422,1707523200000.0,0.002327157876554932,0.0,4342.0,0.24258749214061415,0.0,0.0,0.2237,0.9516370391141176,1.0,1043.210371374545,1000.0,961.2008804999984,1000.0,1.0096859845121053,0.0
423,1707526800000.0,0.002327157876554932,0.0,4342.0,0.24258749214061415,0.0,0.0,0.2231,0.9516370391141176,1.0,1043.210371374545,1000.0,958.5956804999984,1000.0,1.0096859845121053,0.0
424,1707530400000.0,0.002327157876554932,0.0,4342.0,0.24258749214061415,0.0,0.0,0.2244,0.9516370391141176,1.0,1043.210371374545,1000.0,964.2402804999983,1000.0,1.0096859845121053,0.0
425,1707534000000.0,0.002327157876554932,0.0,4342.0,0.24258749214061415,0.0,0.0,0.2273,0.9516370391141176,1.0,1043.210371374545,1000.0,976.8320804999985,1000.0,1.0096859845121053,0.0
426,1707537600000.0,0.002327157876554932,0.0,4342.0,0.24258749214061415,0.0,0.0,0.2279,0.9516370391141176,1.0,1043.210371374545,1000.0,979.4372804999983,1000.0,1.0096859845121053,0.0
427,1707541200000.0,0.002327157876554932,0.0,4342.0,0.24258749214061415,0.0,0.0,0.2283,0.9516370391141176,1.0,1043.210371374545,1000.0,981.1740804999985,1000.0,1.0096859845121053,0.0
428,1707544800000.0,0.002327157876554932,0.0,4342.0,0.24258749214061415,0.0,0.0,0.2285,0.9516370391141176,1.0,1043.210371374545,1000.0,982.0424804999984,1000.0,1.0096859845121053,0.0
429,1707548400000.0,0.0,0.0,4296.0,0.24258749214061415,0.0,0.0,0.228,0.9516370391141176,1.0,1042.5556454560767,1000.0,979.8877792199984,1000.0,0.9996165392017771,0.0
430,1707552000000.0,0.0,0.0,4296.0,0.24258749214061415,0.0,0.0,0.2287,0.9516370391141176,1.0,1042.5556454560767,1000.0,982.8949792199983,1000.0,0.9996165392017771,0.0
431,1707555600000.0,0.0,0.0,4296.0,0.24258749214061415,0.0,0.0,0.2246,0.9516370391141176,1.0,1042.5556454560767,1000.0,965.2813792199984,1000.0,0.9996165392017771,0.0
432,1707559200000.0,0.0,0.0,4296.0,0.24258749214061415,0.0,0.0,0.2213,0.9516370391141176,1.0,1042.5556454560767,1000.0,951.1045792199983,1000.0,0.9996165392017771,0.0
433,1707562800000.0,0.0,0.0,4296.0,0.24258749214061415,0.0,0.0,0.2214,0.9516370391141176,1.0,1042.5556454560767,1000.0,951.5341792199984,1000.0,0.9996165392017771,0.0
434,1707566400000.0,0.0,0.0,4296.0,0.24258749214061415,0.0,0.0,0.2218,0.9516370391141176,1.0,1042.5556454560767,1000.0,953.2525792199983,1000.0,0.9996165392017771,0.0
435,1707570000000.0,0.0,0.0,4296.0,0.24258749214061415,0.0,0.0,0.224,0.9516370391141176,1.0,1042.5556454560767,1000.0,962.7037792199984,1000.0,0.9996165392017771,0.0
436,1707573600000.0,0.0,0.0,4296.0,0.24258749214061415,0.0,0.0,0.2258,0.9516370391141176,1.0,1042.5556454560767,1000.0,970.4365792199983,1000.0,0.9996165392017771,0.0
437,1707577200000.0,0.0,0.0,4296.0,0.24258749214061415,0.0,0.0,0.2261,0.9516370391141176,1.0,1042.5556454560767,1000.0,971.7253792199983,1000.0,0.9996165392017771,0.0
438,1707580800000.0,0.0,0.0,4296.0,0.24258749214061415,0.0,0.0,0.2251,0.9516370391141176,1.0,1042.5556454560767,1000.0,967.4293792199983,1000.0,0.9996165392017771,0.0
439,1707584400000.0,0.009347098947133951,0.0,4483.0,0.2417357665843431,0.0,0.0,0.2277,0.9516370391141176,1.0,1041.7983970176085,1000.0,978.8760554199985,1000.0,1.040221836297655,0.0
440,1707588000000.0,0.009347098947133951,0.0,4483.0,0.2417357665843431,0.0,0.0,0.2258,0.9516370391141176,1.0,1041.7983970176085,1000.0,970.3583554199985,1000.0,1.040221836297655,0.0
441,1707591600000.0,0.009347098947133951,0.0,4483.0,0.2417357665843431,0.0,0.0,0.2282,0.9516370391141176,1.0,1041.7983970176085,1000.0,981.1175554199983,1000.0,1.040221836297655,0.0
442,1707595200000.0,0.009347098947133951,0.0,4483.0,0.2417357665843431,0.0,0.0,0.2267,0.9516370391141176,1.0,1041.7983970176085,1000.0,974.3930554199985,1000.0,1.040221836297655,0.0
443,1707598800000.0,0.009347098947133951,0.0,4483.0,0.2417357665843431,0.0,0.0,0.229,0.9516370391141176,1.0,1041.7983970176085,1000.0,984.7039554199985,1000.0,1.040221836297655,0.0
444,1707602400000.0,0.009347098947133951,0.0,4483.0,0.2417357665843431,0.0,0.0,0.2256,0.9516370391141176,1.0,1041.7983970176085,1000.0,969.4617554199984,1000.0,1.040221836297655,0.0
445,1707606000000.0,0.009347098947133951,0.0,4483.0,0.2417357665843431,0.0,0.0,0.2241,0.9516370391141176,1.0,1041.7983970176085,1000.0,962.7372554199984,1000.0,1.040221836297655,0.0
446,1707609600000.0,0.009347098947133951,0.0,4483.0,0.2417357665843431,0.0,0.0,0.226,0.9516370391141176,1.0,1041.7983970176085,1000.0,971.2549554199985,1000.0,1.040221836297655,0.0
447,1707613200000.0,0.009347098947133951,0.0,4483.0,0.2417357665843431,0.0,0.0,0.2277,0.9516370391141176,1.0,1041.7983970176085,1000.0,978.8760554199985,1000.0,1.040221836297655,0.0
448,1707616800000.0,0.009347098947133951,0.0,4483.0,0.2417357665843431,0.0,0.0,0.2298,0.9516370391141176,1.0,1041.7983970176085,1000.0,988.2903554199985,1000.0,1.040221836297655,0.0
449,1707620400000.0,0.007079680662610177,0.0,4437.0,0.2417357665843431,0.0,0.0,0.2273,0.9516370391141176,1.0,1041.1690532347288,1000.0,977.1175568999986,1000.0,1.0301704540702665,0.0
450,1707624000000.0,0.007079680662610177,0.0,4437.0,0.2417357665843431,0.0,0.0,0.2286,0.9516370391141176,1.0,1041.1690532347288,1000.0,982.8856568999985,1000.0,1.0301704540702665,0.0
451,1707627600000.0,0.007079680662610177,0.0,4437.0,0.2417357665843431,0.0,0.0,0.2282,0.9516370391141176,1.0,1041.1690532347288,1000.0,981.1108568999985,1000.0,1.0301704540702665,0.0
452,1707631200000.0,0.007079680662610177,0.0,4437.0,0.2417357665843431,0.0,0.0,0.2303,0.9516370391141176,1.0,1041.1690532347288,1000.0,990.4285568999985,1000.0,1.0301704540702665,0.0
453,1707634800000.0,0.007079680662610177,0.0,4437.0,0.2417357665843431,0.0,0.0,0.2324,0.9516370391141176,1.0,1041.1690532347288,1000.0,999.7462568999986,1000.0,1.0301704540702665,0.0
454,1707638400000.0,0.007079680662610177,0.0,4437.0,0.2417357665843431,0.0,0.0,0.2305,0.9516370391141176,1.0,1041.1690532347288,1000.0,991.3159568999986,1000.0,1.0301704540702665,0.0
455,1707642000000.0,0.007079680662610177,0.0,4437.0,0.2417357665843431,0.0,0.0,0.2306,0.9516370391141176,1.0,1041.1690532347288,1000.0,991.7596568999985,1000.0,1.0301704540702665,0.0
456,1707645600000.0,0.007079680662610177,0.0,4437.0,0.2417357665843431,0.0,0.0,0.2318,0.9516370391141176,1.0,1041.1690532347288,1000.0,997.0840568999986,1000.0,1.0301704540702665,0.0
457,1707649200000.0,0.007079680662610177,0.0,4437.0,0.2417357665843431,0.0,0.0,0.2303,0.9516370391141176,1.0,1041.1690532347288,1000.0,990.4285568999985,1000.0,1.0301704540702665,0.0
458,1707652800000.0,0.007079680662610177,0.0,4437.0,0.2417357665843431,0.0,0.0,0.2329,0.9516370391141176,1.0,1041.1690532347288,1000.0,1001.9647568999985,1000.0,1.0301704540702665,0.0
459,1707656400000.0,0.004774284393353357,0.0,4393.0,0.2417357665843431,0.0,0.0,0.2352,0.9516370391141176,1.0,1040.9717912650178,1000.0,1012.2601686599986,1000.0,1.020147934378235,0.0
460,1707660000000.0,0.004774284393353357,0.0,4393.0,0.2417357665843431,0.0,0.0,0.2323,0.9516370391141176,1.0,1040.9717912650178,1000.0,999.5204686599986,1000.0,1.020147934378235,0.0
461,1707663600000.0,0.004774284393353357,0.0,4393.0,0.2417357665843431,0.0,0.0,0.2315,0.9516370391141176,1.0,1040.9717912650178,1000.0,996.0060686599986,1000.0,1.020147934378235,0.0
462,1707667200000.0,0.004774284393353357,0.0,4393.0,0.2417357665843431,0.0,0.0,0.231,0.9516370391141176,1.0,1040.9717912650178,1000.0,993.8095686599987,1000.0,1.020147934378235,0.0
463,1707670800000.0,0.004774284393353357,0.0,4393.0,0.2417357665843431,0.0,0.0,0.2304,0.9516370391141176,1.0,1040.9717912650178,1000.0,991.1737686599986,1000.0,1.020147934378235,0.0
464,1707674400000.0,0.004774284393353357,0.0,4393.0,0.2417357665843431,0.0,0.0,0.2332,0.9516370391141176,1.0,1040.9717912650178,1000.0,1003.4741686599986,1000.0,1.020147934378235,0.0
465,1707678000000.0,0.004774284393353357,0.0,4393.0,0.2417357665843431,0.0,0.0,0.2348,0.9516370391141176,1.0,1040.9717912650178,1000.0,1010.5029686599987,1000.0,1.020147934378235,0.0
466,1707681600000.0,0.004774284393353357,0.0,4393.0,0.2417357665843431,0.0,0.0,0.2419,0.9516370391141176,1.0,1040.9717912650178,1000.0,1041.6932686599987,1000.0,1.020147934378235,0.0
467,1707685200000.0,0.0,0.0,2543.0,0.2417357665843431,0.0,0.0,0.2432,0.9516370391141176,1.0,1045.4402690839831,1000.0,1049.1638146599987,1000.0,0.58801451656594,0.0
468,1707688800000.0,0.0,0.0,1473.0,0.2417357665843431,0.0,0.0,0.2413,0.9516370391141176,1.0,1048.024740038736,1000.0,1047.3828558599985,1000.0,0.3397599031541722,0.0
469,1707692400000.0,0.0,0.0,1473.0,0.2417357665843431,0.0,0.0,0.2415,0.9516370391141176,1.0,1048.024740038736,1000.0,1047.6774558599984,1000.0,0.3397599031541722,0.0
470,1707696000000.0,0.0,0.0,1473.0,0.2417357665843431,0.0,0.0,0.2412,0.9516370391141176,1.0,1048.024740038736,1000.0,1047.2355558599986,1000.0,0.3397599031541722,0.0
471,1707699600000.0,0.0,0.0,345.0,0.2417357665843431,0.0,0.0,0.2431,0.9516370391141176,1.0,1050.749303811597,1000.0,1051.2199643399986,1000.0,0.07937082534251393,0.0
472,1707703200000.0,0.0,0.0,1035.0,0.2381785888614477,0.0,0.0,0.2382,0.9516370391141176,1.0,1050.716680611597,1000.0,1050.7388411399986,1000.0,0.23461589981431338,0.0
473,1707706800000.0,4.1223146666955776e-05,0.0,4500.0,0.233498075438133,0.0,0.0,0.2314,0.9516370391141176,1.0,1050.555835311597,1000.0,1041.1144958399987,1000.0,1.0001765771544606,0.0
474,1707710400000.0,0.0,0.0,4455.0,0.233498075438133,0.0,0.0,0.2323,0.9516370391141176,1.0,1050.4953321168812,1000.0,1045.1579060399986,1000.0,0.99023184042206,0.0
475,1707714000000.0,0.0,0.0,4455.0,0.233498075438133,0.0,0.0,0.233,0.9516370391141176,1.0,1050.4953321168812,1000.0,1048.2764060399986,1000.0,0.99023184042206,0.0
476,1707717600000.0,0.0,0.0,4455.0,0.233498075438133,0.0,0.0,0.2338,0.9516370391141176,1.0,1050.4953321168812,1000.0,1051.8404060399987,1000.0,0.99023184042206,0.0
477,1707721200000.0,0.0,0.0,4455.0,0.233498075438133,0.0,0.0,0.2334,0.9516370391141176,1.0,1050.4953321168812,1000.0,1050.0584060399985,1000.0,0.99023184042206,0.0
478,1707724800000.0,0.0,0.0,1792.0,0.233498075438133,0.0,0.0,0.2343,0.9516370391141176,1.0,1056.7660168851332,1000.0,1058.203065699999,1000.0,0.3959519368520875,0.0
479,1707728400000.0,0.0,0.0,865.0,0.233498075438133,0.0,0.0,0.2345,0.9516370391141176,1.0,1058.948865093984,1000.0,1059.815529839999,1000.0,0.190732378032304,0.0
480,1707732000000.0,0.0,0.0,865.0,0.233498075438133,0.0,0.0,0.2293,0.9516370391141176,1.0,1058.948865093984,1000.0,1055.317529839999,1000.0,0.190732378032304,0.0
481,1707735600000.0,0.0,0.0,865.0,0.233498075438133,0.0,0.0,0.2305,0.9516370391141176,1.0,1058.948865093984,1000.0,1056.355529839999,1000.0,0.190732378032304,0.0
482,1707739200000.0,3.932718392068893e-05,0.0,4627.0,0.22886523346747029,0.0,0.0,0.2278,0.9516370391141176,1.0,1058.777468373984,1000.0,1053.848633119999,1000.0,1.0001718650853806,0.0
483,1707742800000.0,3.932718392068893e-05,0.0,4627.0,0.22886523346747029,0.0,0.0,0.2253,0.9516370391141176,1.0,1058.777468373984,1000.0,1042.281133119999,1000.0,1.0001718650853806,0.0
484,1707746400000.0,0.0,0.0,4580.0,0.22886523346747029,0.0,0.0,0.2261,0.9516370391141176,1.0,1058.579590221013,1000.0,1045.9148209399991,1000.0,0.9901974107229551,0.0
485,1707750000000.0,0.0,0.0,4580.0,0.22886523346747029,0.0,0.0,0.2295,0.9516370391141176,1.0,1058.579590221013,1000.0,1061.486820939999,1000.0,0.9901974107229551,0.0
486,1707753600000.0,0.0,0.0,1252.0,0.22886523346747029,0.0,0.0,0.2336,0.9516370391141176,1.0,1071.8376779212717,1000.0,1077.765605619999,1000.0,0.2673345770574036,0.0
487,1707757200000.0,0.0,0.0,68.0,0.22886523346747029,0.0,0.0,0.2356,0.9516370391141176,1.0,1079.4391147757872,1000.0,1079.897078899999,1000.0,0.014417520787191941,0.0
488,1707760800000.0,0.0,0.0,0.0,0.22886523346747029,0.0,0.0,0.241,0.9516370391141176,1.0,1079.9884558199992,1000.0,1079.9884558199992,1000.0,0.0,0.0
489,1707764400000.0,0.0,0.0,0.0,0.22886523346747029,0.0,0.0,0.2412,0.9516370391141176,1.0,1079.9884558199992,1000.0,1079.9884558199992,1000.0,0.0,0.0
490,1707768000000.0,0.0,0.0,0.0,0.22886523346747029,0.0,0.0,0.2377,0.9516370391141176,1.0,1079.9884558199992,1000.0,1079.9884558199992,1000.0,0.0,0.0
491,1707771600000.0,0.0,0.0,0.0,0.22886523346747029,0.0,0.0,0.2466,0.9516370391141176,1.0,1079.9884558199992,1000.0,1079.9884558199992,1000.0,0.0,0.0
492,1707775200000.0,0.0,0.0,0.0,0.22886523346747029,0.0,0.0,0.2432,0.9516370391141176,1.0,1079.9884558199992,1000.0,1079.9884558199992,1000.0,0.0,0.0
493,1707778800000.0,0.0,0.0,0.0,0.22886523346747029,0.0,0.0,0.2451,0.9516370391141176,1.0,1079.9884558199992,1000.0,1079.9884558199992,1000.0,0.0,0.0
494,1707782400000.0,0.0,0.0,0.0,0.22886523346747029,0.0,0.0,0.2429,0.9516370391141176,1.0,1079.9884558199992,1000.0,1079.9884558199992,1000.0,0.0,0.0
495,1707786000000.0,0.0,0.0,0.0,0.22886523346747029,0.0,0.0,0.2423,0.9516370391141176,1.0,1079.9884558199992,1000.0,1079.9884558199992,1000.0,0.0,0.0
496,1707789600000.0,0.0,0.0,0.0,0.22886523346747029,0.0,0.0,0.2409,0.9516370391141176,1.0,1079.9884558199992,1000.0,1079.9884558199992,1000.0,0.0,0.0
497,1707793200000.0,0.0,0.0,225.0,0.24,0.0,0.0,0.2391,0.9516370391141176,1.0,1079.9776558199992,1000.0,1079.775155819999,1000.0,0.05000103447418011,0.0
498,1707796800000.0,0.0,0.0,675.0,0.23659999999999998,0.0,0.0,0.2363,0.9516370391141176,1.0,1079.9565148199993,1000.0,1079.7540148199994,1000.0,0.1478809542869591,0.0
499,1707800400000.0,0.0,0.0,190.0,0.23659999999999998,0.0,0.0,0.239,0.9516370391141176,1.0,1081.0973318199995,1000.0,1081.5533318199994,1000.0,0.04158182494477264,0.0
500,1707804000000.0,0.0,0.0,93.0,0.23734537444933917,0.0,0.0,0.24,0.9516370391141176,1.0,1081.5494184837883,1000.0,1081.7962986599998,1000.0,0.02040879450033138,0.0
501,1707807600000.0,0.0,0.0,33.0,0.23734537444933917,0.0,0.0,0.2405,0.9516370391141176,1.0,1081.6938184168278,1000.0,1081.7979210599995,1000.0,0.007240863563676205,0.0
502,1707811200000.0,0.0,0.0,15.0,0.23734537444933917,0.0,0.0,0.2408,0.9516370391141176,1.0,1081.7371383967397,1000.0,1081.7889577799997,1000.0,0.0032911698141534548,0.0
503,1707814800000.0,0.0,0.0,0.0,0.23734537444933917,0.0,0.0,0.2535,0.9516370391141176,1.0,1081.8497230799994,1000.0,1081.8497230799994,1000.0,0.0,0.0
504,1707818400000.0,0.0,0.0,0.0,0.23734537444933917,0.0,0.0,0.2525,0.9516370391141176,1.0,1081.8497230799994,1000.0,1081.8497230799994,1000.0,0.0,0.0
505,1707822000000.0,0.0,0.0,0.0,0.23734537444933917,0.0,0.0,0.2495,0.9516370391141176,1.0,1081.8497230799994,1000.0,1081.8497230799994,1000.0,0.0,0.0
506,1707825600000.0,0.0,0.0,0.0,0.23734537444933917,0.0,0.0,0.2552,0.9516370391141176,1.0,1081.8497230799994,1000.0,1081.8497230799994,1000.0,0.0,0.0
507,1707829200000.0,0.0,0.0,0.0,0.23734537444933917,0.0,0.0,0.2592,0.9516370391141176,1.0,1081.8497230799994,1000.0,1081.8497230799994,1000.0,0.0,0.0
508,1707832800000.0,0.0,0.0,0.0,0.2494,0.0,0.0,0.2587,0.9516370391141176,1.0,1083.4214564199997,1000.0,1083.4214564199997,1000.0,0.0,0.0
509,1707836400000.0,0.0,0.0,181.0,0.24946912442396313,0.0,0.0,0.251,0.9516370391141176,1.0,1086.9395586407365,1000.0,1087.2166471199992,1000.0,0.04154224690948242,0.0
510,1707840000000.0,0.0,0.0,34.0,0.24987390685722782,0.0,0.0,0.2559,0.9516370391141176,1.0,1087.684455393145,1000.0,1087.8893425599992,1000.0,0.007810824905165127,0.0
511,1707843600000.0,0.0,0.0,651.0,0.24718762411499173,0.0,0.0,0.2444,0.9516370391141176,1.0,1087.666098898859,1000.0,1085.8513555999994,1000.0,0.14794902908325666,0.0
512,1707847200000.0,0.0,0.0,651.0,0.24718762411499173,0.0,0.0,0.2486,0.9516370391141176,1.0,1087.666098898859,1000.0,1088.5855555999995,1000.0,0.14794902908325666,0.0
513,1707850800000.0,0.0,0.0,124.0,0.24718762411499173,0.0,0.0,0.2519,0.9516370391141176,1.0,1089.0357882102578,1000.0,1089.6201228199989,1000.0,0.028145324260309065,0.0
514,1707854400000.0,0.0,0.0,44.0,0.24718762411499173,0.0,0.0,0.2504,0.9516370391141176,1.0,1089.3767542810588,1000.0,1089.518098819999,1000.0,0.009983924678324433,0.0
515,1707858000000.0,0.0,0.0,153.0,0.24874345364184813,0.0,0.0,0.2504,0.9516370391141176,1.0,1089.5648184472018,1000.0,1089.818270039999,1000.0,0.03492931100826194,0.0
516,1707861600000.0,0.0,0.0,29.0,0.24874345364184813,0.0,0.0,0.2528,0.9516370391141176,1.0,1090.0627605156124,1000.0,1090.1804003599987,1000.0,0.006617564067780371,0.0
517,1707865200000.0,0.0,0.0,218.0,0.2494271216810955,0.0,0.0,0.2486,0.9516370391141176,1.0,1090.0729805064775,1000.0,1089.8926679799986,1000.0,0.049882084501548386,0.0
518,1707868800000.0,0.0,0.0,218.0,0.2494271216810955,0.0,0.0,0.2503,0.9516370391141176,1.0,1090.0729805064775,1000.0,1090.2632679799988,1000.0,0.049882084501548386,0.0
519,1707872400000.0,0.0,0.0,218.0,0.2494271216810955,0.0,0.0,0.2466,0.9516370391141176,1.0,1090.0729805064775,1000.0,1089.4566679799987,1000.0,0.049882084501548386,0.0
520,1707876000000.0,0.0,0.0,218.0,0.2494271216810955,0.0,0.0,0.2488,0.9516370391141176,1.0,1090.0729805064775,1000.0,1089.9362679799988,1000.0,0.049882084501548386,0.0
521,1707879600000.0,0.0,0.0,33.0,0.2494271216810955,0.0,0.0,0.2537,0.9516370391141176,1.0,1090.6116245954745,1000.0,1090.7526295799983,1000.0,0.007547228389876367,0.0
522,1707883200000.0,0.0,0.0,0.0,0.2494271216810955,0.0,0.0,0.2649,0.9516370391141176,1.0,1090.8591335199985,1000.0,1090.8591335199985,1000.0,0.0,0.0
523,1707886800000.0,0.0,0.0,0.0,0.2494271216810955,0.0,0.0,0.2684,0.9516370391141176,1.0,1090.8591335199985,1000.0,1090.8591335199985,1000.0,0.0,0.0
524,1707890400000.0,0.0,0.0,0.0,0.2494271216810955,0.0,0.0,0.272,0.9516370391141176,1.0,1090.8591335199985,1000.0,1090.8591335199985,1000.0,0.0,0.0
525,1707894000000.0,0.0,0.0,0.0,0.2494271216810955,0.0,0.0,0.2717,0.9516370391141176,1.0,1090.8591335199985,1000.0,1090.8591335199985,1000.0,0.0,0.0
526,1707897600000.0,0.0,0.0,0.0,0.2494271216810955,0.0,0.0,0.2712,0.9516370391141176,1.0,1090.8591335199985,1000.0,1090.8591335199985,1000.0,0.0,0.0
527,1707901200000.0,0.0,0.0,0.0,0.2494271216810955,0.0,0.0,0.2727,0.9516370391141176,1.0,1090.8591335199985,1000.0,1090.8591335199985,1000.0,0.0,0.0
528,1707904800000.0,0.0,0.0,0.0,0.2494271216810955,0.0,0.0,0.2699,0.9516370391141176,1.0,1090.8591335199985,1000.0,1090.8591335199985,1000.0,0.0,0.0
529,1707908400000.0,0.0,0.0,0.0,0.2494271216810955,0.0,0.0,0.2753,0.9516370391141176,1.0,1090.8591335199985,1000.0,1090.8591335199985,1000.0,0.0,0.0
530,1707912000000.0,0.0,0.0,0.0,0.2494271216810955,0.0,0.0,0.2745,0.9516370391141176,1.0,1090.8591335199985,1000.0,1090.8591335199985,1000.0,0.0,0.0
531,1707915600000.0,0.0,0.0,203.0,0.2689,0.0,0.0,0.269,0.9516370391141176,1.0,1090.8482161799984,1000.0,1090.8685161799983,1000.0,0.050040600690676444,0.0
532,1707919200000.0,0.0,0.0,30.0,0.2689,0.0,0.0,0.2705,0.9516370391141176,1.0,1091.4904818999987,1000.0,1091.5384818999987,1000.0,0.007390811128244991,0.0
533,1707922800000.0,0.0,0.0,203.0,0.26924088669950735,0.0,0.0,0.269,0.9516370391141176,1.0,1091.4811641199988,1000.0,1091.4322641199988,1000.0,0.05007498232373624,0.0
534,1707926400000.0,0.0,0.0,203.0,0.26924088669950735,0.0,0.0,0.2699,0.9516370391141176,1.0,1091.4811641199988,1000.0,1091.6149641199988,1000.0,0.05007498232373624,0.0
535,1707930000000.0,0.0,0.0,30.0,0.26924088669950735,0.0,0.0,0.2787,0.9516370391141176,1.0,1092.354198480984,1000.0,1092.6379718799988,1000.0,0.00739432924981414,0.0
536,1707933600000.0,0.0,0.0,0.0,0.26924088669950735,0.0,0.0,0.2801,0.9516370391141176,1.0,1092.6610947199986,1000.0,1092.6610947199986,1000.0,0.0,0.0
537,1707937200000.0,0.0,0.0,0.0,0.26924088669950735,0.0,0.0,0.2812,0.9516370391141176,1.0,1092.6610947199986,1000.0,1092.6610947199986,1000.0,0.0,0.0
538,1707940800000.0,0.0,0.0,0.0,0.26924088669950735,0.0,0.0,0.2769,0.9516370391141176,1.0,1092.6610947199986,1000.0,1092.6610947199986,1000.0,0.0,0.0
539,1707944400000.0,0.0,0.0,0.0,0.26924088669950735,0.0,0.0,0.2769,0.9516370391141176,1.0,1092.6610947199986,1000.0,1092.6610947199986,1000.0,0.0,0.0
540,1707948000000.0,0.0,0.0,0.0,0.26924088669950735,0.0,0.0,0.2822,0.9516370391141176,1.0,1092.6610947199986,1000.0,1092.6610947199986,1000.0,0.0,0.0
541,1707951600000.0,0.0,0.0,0.0,0.26924088669950735,0.0,0.0,0.2803,0.9516370391141176,1.0,1092.6610947199986,1000.0,1092.6610947199986,1000.0,0.0,0.0
542,1707955200000.0,0.0,0.0,0.0,0.26924088669950735,0.0,0.0,0.2853,0.9516370391141176,1.0,1092.6610947199986,1000.0,1092.6610947199986,1000.0,0.0,0.0
543,1707958800000.0,0.0,0.0,0.0,0.26924088669950735,0.0,0.0,0.2998,0.9516370391141176,1.0,1092.6610947199986,1000.0,1092.6610947199986,1000.0,0.0,0.0
544,1707962400000.0,0.0,0.0,161.0,0.2829,0.0,0.0,0.2848,0.9516370391141176,1.0,1092.7411456599987,1000.0,1093.0470456599987,1000.0,0.0416813260678405,0.0
545,1707966000000.0,0.0,0.0,193.0,0.2829585492227979,0.0,0.0,0.2839,0.9516370391141176,1.0,1092.9650198999984,1000.0,1093.1467198999985,1000.0,0.049965917486541944,0.0
546,1707969600000.0,0.0,0.0,161.0,0.2829585492227979,0.0,0.0,0.2863,0.9516370391141176,1.0,1093.054117204869,1000.0,1093.5920907799987,1000.0,0.04167801548688731,0.0
547,1707973200000.0,0.0,0.0,1449.0,0.274728727691422,0.0,0.0,0.2733,0.9516370391141176,1.0,1092.983612084869,1000.0,1090.9133856599985,1000.0,0.36421582357079274,0.0
548,1707976800000.0,0.0,0.0,1208.0,0.274728727691422,0.0,0.0,0.2721,0.9516370391141176,1.0,1093.6381132112365,1000.0,1090.4626101599988,1000.0,0.30345714824876124,0.0
549,1707980400000.0,0.0,0.0,1208.0,0.274728727691422,0.0,0.0,0.2722,0.9516370391141176,1.0,1093.6381132112365,1000.0,1090.5834101599987,1000.0,0.30345714824876124,0.0
550,1707984000000.0,0.0,0.0,1208.0,0.274728727691422,0.0,0.0,0.2729,0.9516370391141176,1.0,1093.6381132112365,1000.0,1091.4290101599986,1000.0,0.30345714824876124,0.0
551,1707987600000.0,0.0,0.0,1208.0,0.274728727691422,0.0,0.0,0.2743,0.9516370391141176,1.0,1093.6381132112365,1000.0,1093.1202101599988,1000.0,0.30345714824876124,0.0
552,1707991200000.0,0.0,0.0,1007.0,0.274728727691422,0.0,0.0,0.2774,0.9516370391141176,1.0,1094.1839834452605,1000.0,1096.8739546599986,1000.0,0.2528384924025002,0.0
553,1707994800000.0,0.0,0.0,487.0,0.274728727691422,0.0,0.0,0.2777,0.9516370391141176,1.0,1095.5961850457213,1000.0,1097.0431946599988,1000.0,0.12211879907206784,0.0
554,1707998400000.0,0.0,0.0,487.0,0.274728727691422,0.0,0.0,0.2731,0.9516370391141176,1.0,1095.5961850457213,1000.0,1094.8029946599988,1000.0,0.12211879907206784,0.0
555,1708002000000.0,0.0,0.0,487.0,0.274728727691422,0.0,0.0,0.2737,0.9516370391141176,1.0,1095.5961850457213,1000.0,1095.0951946599987,1000.0,0.12211879907206784,0.0
556,1708005600000.0,0.0,0.0,1015.0,0.27050957589714064,0.0,0.0,0.2721,0.9516370391141176,1.0,1096.7640515155967,1000.0,1098.378331979999,1000.0,0.25034301512360724,0.0
557,1708009200000.0,0.0,0.0,409.0,0.27050957589714064,0.0,0.0,0.2725,0.9516370391141176,1.0,1098.4219245619295,1000.0,1099.236008019999,1000.0,0.10072488000096605,0.0
558,1708012800000.0,1.7231420414239813e-05,0.0,4203.0,0.26131259018366176,0.0,0.0,0.2587,0.9516370391141176,1.0,1098.2243928819294,1000.0,1087.243676339999,1000.0,1.0000659461403976,0.0
559,1708016400000.0,0.0,0.0,970.0,0.26131259018366176,0.0,0.0,0.2652,0.9516370391141176,1.0,1106.7378872581512,1000.0,1110.5086747799992,1000.0,0.22902732019603142,0.0
560,1708020000000.0,0.0,0.0,563.0,0.26131259018366176,0.0,0.0,0.2633,0.9516370391141176,1.0,1107.810173453401,1000.0,1108.9290851799994,1000.0,0.13280162233461382,0.0
561,1708023600000.0,0.0,0.0,262.0,0.26131259018366176,0.0,0.0,0.2654,0.9516370391141176,1.0,1108.7656585081188,1000.0,1109.8365598799994,1000.0,0.06174785276109637,0.0
562,1708027200000.0,0.0,0.0,209.0,0.26296818499709806,0.0,0.0,0.2645,0.9516370391141176,1.0,1109.210914124393,1000.0,1109.5310634599994,1000.0,0.049549053263489566,0.0
563,1708030800000.0,0.0,0.0,209.0,0.26296818499709806,0.0,0.0,0.263,0.9516370391141176,1.0,1109.210914124393,1000.0,1109.2175634599994,1000.0,0.049549053263489566,0.0
564,1708034400000.0,0.0,0.0,630.0,0.25958621995181896,0.0,0.0,0.2585,0.9516370391141176,1.0,1109.4089691496454,1000.0,1108.7246505799994,1000.0,0.14741121003825827,0.0
565,1708038000000.0,0.0,0.0,630.0,0.25958621995181896,0.0,0.0,0.2607,0.9516370391141176,1.0,1109.4089691496454,1000.0,1110.1106505799994,1000.0,0.14741121003825827,0.0
566,1708041600000.0,0.0,0.0,365.0,0.25958621995181896,0.0,0.0,0.2614,0.9516370391141176,1.0,1110.0877242624135,1000.0,1110.7497539799997,1000.0,0.08535268718998663,0.0
567,1708045200000.0,0.0,0.0,148.0,0.2601252206265143,0.0,0.0,0.2635,0.9516370391141176,1.0,1110.8055021127236,1000.0,1111.3049694599995,1000.0,0.03465821206277867,0.0
568,1708048800000.0,0.0,0.0,14.0,0.2601252206265143,0.0,0.0,0.2669,0.9516370391141176,1.0,1111.5168075087706,1000.0,1111.6116544199995,1000.0,0.0032763814853447133,0.0
569,1708052400000.0,0.0,0.0,1.0,0.2601252206265143,0.0,0.0,0.2711,0.9516370391141176,1.0,1111.6308803606266,1000.0,1111.6418551400002,1000.0,0.0002340032336472395,0.0
570,1708056000000.0,0.0,0.0,0.0,0.2601252206265143,0.0,0.0,0.2715,0.9516370391141176,1.0,1111.6410010800003,1000.0,1111.6410010800003,1000.0,0.0,0.0
571,1708059600000.0,0.0,0.0,0.0,0.2601252206265143,0.0,0.0,0.2711,0.9516370391141176,1.0,1111.6410010800003,1000.0,1111.6410010800003,1000.0,0.0,0.0
572,1708063200000.0,0.0,0.0,0.0,0.2601252206265143,0.0,0.0,0.2694,0.9516370391141176,1.0,1111.6410010800003,1000.0,1111.6410010800003,1000.0,0.0,0.0
573,1708066800000.0,0.0,0.0,208.0,0.2668,0.0,0.0,0.2651,0.9516370391141176,1.0,1111.6299022000003,1000.0,1111.2763022000004,1000.0,0.049921650983094604,0.0
574,1708070400000.0,0.0,0.0,624.0,0.26299999999999996,0.0,0.0,0.2597,0.9516370391141176,1.0,1111.6081786800003,1000.0,1109.5489786800003,1000.0,0.1476347539965726,0.0
575,1708074000000.0,6.614272600827155e-05,0.0,4314.0,0.25769680111265647,0.0,0.0,0.2553,0.9516370391141176,1.0,1111.4186602800003,1000.0,1101.0788602800003,1000.0,1.0002567346853146,0.0
576,1708077600000.0,6.614272600827155e-05,0.0,4314.0,0.25769680111265647,0.0,0.0,0.2546,0.9516370391141176,1.0,1111.4186602800003,1000.0,1098.0590602800003,1000.0,1.0002567346853146,0.0
577,1708081200000.0,0.0,0.0,3560.0,0.25769680111265647,0.0,0.0,0.2589,0.9516370391141176,1.0,1113.1616551210573,1000.0,1117.4450431600003,1000.0,0.8241396096789635,0.0
578,1708084800000.0,0.0,0.0,3560.0,0.25769680111265647,0.0,0.0,0.2568,0.9516370391141176,1.0,1113.1616551210573,1000.0,1109.9690431600002,1000.0,0.8241396096789635,0.0
579,1708088400000.0,0.0,0.0,2967.0,0.25769680111265647,0.0,0.0,0.261,0.9516370391141176,1.0,1114.674480481252,1000.0,1124.4750715800003,1000.0,0.6859279747493165,0.0
580,1708092000000.0,0.0,0.0,1520.0,0.25769680111265647,0.0,0.0,0.2576,0.9516370391141176,1.0,1121.982754951238,1000.0,1121.8356172600002,1000.0,0.3491133317002375,0.0
581,1708095600000.0,6.495946798871655e-06,0.0,4436.0,0.25290025646781733,0.0,0.0,0.2498,0.9516370391141176,1.0,1121.836721671238,1000.0,1108.0839839800003,1000.0,1.0000256864652788,0.0
582,1708099200000.0,0.0,0.0,2568.0,0.25290025646781733,0.0,0.0,0.2558,0.9516370391141176,1.0,1126.5975877893552,1000.0,1134.0441291800003,1000.0,0.5764683553811983,0.0
583,1708102800000.0,0.0,0.0,223.0,0.25374768659291347,0.0,0.0,0.2546,0.9516370391141176,1.0,1135.4288187102204,1000.0,1135.6188846000007,1000.0,0.049836443445655826,0.0
584,1708106400000.0,0.0,0.0,155.0,0.25406857139866185,0.0,0.0,0.2569,0.9516370391141176,1.0,1135.770871086793,1000.0,1136.2097425200004,1000.0,0.034673039755906195,0.0
585,1708110000000.0,0.0,0.0,76.0,0.2542916079228367,0.0,0.0,0.2587,0.9516370391141176,1.0,1136.143286582136,1000.0,1136.4783243800005,1000.0,0.017010321171966398,0.0
586,1708113600000.0,0.0,0.0,49.0,0.2542916079228367,0.0,0.0,0.2579,0.9516370391141176,1.0,1136.2771129482194,1000.0,1136.4539241600005,1000.0,0.010965889083068085,0.0
587,1708117200000.0,0.0,0.0,8.0,0.2542916079228367,0.0,0.0,0.2591,0.9516370391141176,1.0,1136.510324763383,1000.0,1136.5487919000004,1000.0,0.0017899818585512927,0.0
588,1708120800000.0,0.0,0.0,8.0,0.2542916079228367,0.0,0.0,0.2586,0.9516370391141176,1.0,1136.510324763383,1000.0,1136.5447919000003,1000.0,0.0017899818585512927,0.0
589,1708124400000.0,0.0,0.0,155.0,0.2562457191330496,0.0,0.0,0.2605,0.9516370391141176,1.0,1136.6787341856232,1000.0,1137.3381477200005,1000.0,0.03494222709645292,0.0
590,1708128000000.0,0.0,0.0,42.0,0.2562457191330496,0.0,0.0,0.2618,0.9516370391141176,1.0,1137.2439625435884,1000.0,1137.4772423400002,1000.0,0.009463510520220137,0.0
591,1708131600000.0,0.0,0.0,6.0,0.2562457191330496,0.0,0.0,0.2628,0.9516370391141176,1.0,1137.4809239147985,1000.0,1137.5202496000002,1000.0,0.0013516484386453414,0.0
592,1708135200000.0,0.0,0.0,220.0,0.2589,0.0,0.0,0.2597,0.9516370391141176,1.0,1137.50704294,1000.0,1137.68304294,1000.0,0.050072657003324035,0.0
593,1708138800000.0,0.0,0.0,220.0,0.2589,0.0,0.0,0.2574,0.9516370391141176,1.0,1137.50704294,1000.0,1137.17704294,1000.0,0.050072657003324035,0.0
594,1708142400000.0,0.0,0.0,220.0,0.2589,0.0,0.0,0.2595,0.9516370391141176,1.0,1137.50704294,1000.0,1137.63904294,1000.0,0.050072657003324035,0.0
595,1708146000000.0,0.0,0.0,220.0,0.2589,0.0,0.0,0.2571,0.9516370391141176,1.0,1137.50704294,1000.0,1137.11104294,1000.0,0.050072657003324035,0.0
596,1708149600000.0,0.0,0.0,220.0,0.2589,0.0,0.0,0.258,0.9516370391141176,1.0,1137.50704294,1000.0,1137.30904294,1000.0,0.050072657003324035,0.0
597,1708153200000.0,0.0,0.0,220.0,0.2589,0.0,0.0,0.2561,0.9516370391141176,1.0,1137.50704294,1000.0,1136.89104294,1000.0,0.050072657003324035,0.0
598,1708156800000.0,0.0,0.0,220.0,0.2589,0.0,0.0,0.2572,0.9516370391141176,1.0,1137.50704294,1000.0,1137.13304294,1000.0,0.050072657003324035,0.0
599,1708160400000.0,0.0,0.0,660.0,0.2552333333333333,0.0,0.0,0.2529,0.9516370391141176,1.0,1137.48474374,1000.0,1135.9447437400001,1000.0,0.14809341481462915,0.0
600,1708164000000.0,0.0,0.0,660.0,0.2552333333333333,0.0,0.0,0.2525,0.9516370391141176,1.0,1137.48474374,1000.0,1135.68074374,1000.0,0.14809341481462915,0.0
601,1708167600000.0,0.0,0.0,660.0,0.2552333333333333,0.0,0.0,0.2532,0.9516370391141176,1.0,1137.48474374,1000.0,1136.14274374,1000.0,0.14809341481462915,0.0
602,1708171200000.0,0.0,0.0,660.0,0.2552333333333333,0.0,0.0,0.2506,0.9516370391141176,1.0,1137.48474374,1000.0,1134.4267437400001,1000.0,0.14809341481462915,0.0
603,1708174800000.0,0.0,0.0,4503.0,0.2500753572213673,0.0,0.0,0.2517,0.9516370391141176,1.0,1137.2437578278173,1000.0,1144.5595242600002,1000.0,0.990191703244601,0.0
604,1708178400000.0,0.009570642629246676,0.0,4739.0,0.24954372938759592,0.0,0.0,0.2424,0.9516370391141176,1.0,1137.2324581478172,1000.0,1103.37832458,1000.0,1.0398821499466073,0.0
605,1708182000000.0,0.009570642629246676,0.0,4739.0,0.24954372938759592,0.0,0.0,0.2427,0.9516370391141176,1.0,1137.2324581478172,1000.0,1104.8000245800001,1000.0,1.0398821499466073,0.0
606,1708185600000.0,0.009570642629246676,0.0,4739.0,0.24954372938759592,0.0,0.0,0.2447,0.9516370391141176,1.0,1137.2324581478172,1000.0,1114.2780245800002,1000.0,1.0398821499466073,0.0
607,1708189200000.0,0.009570642629246676,0.0,4739.0,0.24954372938759592,0.0,0.0,0.2475,0.9516370391141176,1.0,1137.2324581478172,1000.0,1127.5472245800001,1000.0,1.0398821499466073,0.0
608,1708192800000.0,0.009570642629246676,0.0,4739.0,0.24954372938759592,0.0,0.0,0.2497,0.9516370391141176,1.0,1137.2324581478172,1000.0,1137.9730245800001,1000.0,1.0398821499466073,0.0
609,1708196400000.0,0.009570642629246676,0.0,4739.0,0.24954372938759592,0.0,0.0,0.2477,0.9516370391141176,1.0,1137.2324581478172,1000.0,1128.49502458,1000.0,1.0398821499466073,0.0
610,1708200000000.0,0.009570642629246676,0.0,4739.0,0.24954372938759592,0.0,0.0,0.2496,0.9516370391141176,1.0,1137.2324581478172,1000.0,1137.49912458,1000.0,1.0398821499466073,0.0
611,1708203600000.0,0.009570642629246676,0.0,4739.0,0.24954372938759592,0.0,0.0,0.2511,0.9516370391141176,1.0,1137.2324581478172,1000.0,1144.60762458,1000.0,1.0398821499466073,0.0
612,1708207200000.0,0.0,0.0,1325.0,0.24954372938759592,0.0,0.0,0.2513,0.9516370391141176,1.0,1145.7874321385648,1000.0,1148.1144907000003,1000.0,0.2885748544312697,0.0
613,1708210800000.0,0.0,0.0,1325.0,0.24954372938759592,0.0,0.0,0.2503,0.9516370391141176,1.0,1145.7874321385648,1000.0,1146.7894907000002,1000.0,0.2885748544312697,0.0
614,1708214400000.0,0.0,0.0,921.0,0.24954372938759592,0.0,0.0,0.2523,0.9516370391141176,1.0,1146.799795785976,1000.0,1149.3383210200002,1000.0,0.20040967535092616,0.0
615,1708218000000.0,0.0,0.0,371.0,0.24954372938759592,0.0,0.0,0.2515,0.9516370391141176,1.0,1148.1780136227978,1000.0,1148.9037900199999,1000.0,0.08063272637548774,0.0
616,1708221600000.0,0.0,0.0,231.0,0.24934011330497613,0.0,0.0,0.2502,0.9516370391141176,1.0,1148.7891719534496,1000.0,1148.9878057800001,1000.0,0.05013762975804181,0.0
617,1708225200000.0,0.0,0.0,113.0,0.24934011330497613,0.0,0.0,0.253,0.9516370391141176,1.0,1149.0852937434624,1000.0,1149.4988609400002,1000.0,0.024519879383081353,0.0
618,1708228800000.0,0.0,0.0,134.0,0.24943395984335973,0.0,0.0,0.2526,0.9516370391141176,1.0,1149.3652298190104,1000.0,1149.7894792000002,1000.0,0.02908053049792839,0.0
619,1708232400000.0,0.0,0.0,0.0,0.24943395984335973,0.0,0.0,0.2664,0.9516370391141176,1.0,1150.4061848000001,1000.0,1150.4061848000001,1000.0,0.0,0.0
620,1708236000000.0,0.0,0.0,0.0,0.24943395984335973,0.0,0.0,0.27,0.9516370391141176,1.0,1150.4061848000001,1000.0,1150.4061848000001,1000.0,0.0,0.0
621,1708239600000.0,0.0,0.0,0.0,0.24943395984335973,0.0,0.0,0.2638,0.9516370391141176,1.0,1150.4061848000001,1000.0,1150.4061848000001,1000.0,0.0,0.0
622,1708243200000.0,0.0,0.0,0.0,0.24943395984335973,0.0,0.0,0.2682,0.9516370391141176,1.0,1150.4061848000001,1000.0,1150.4061848000001,1000.0,0.0,0.0
623,1708246800000.0,0.0,0.0,0.0,0.24943395984335973,0.0,0.0,0.2684,0.9516370391141176,1.0,1150.4061848000001,1000.0,1150.4061848000001,1000.0,0.0,0.0
624,1708250400000.0,0.0,0.0,0.0,0.24943395984335973,0.0,0.0,0.2725,0.9516370391141176,1.0,1150.4061848000001,1000.0,1150.4061848000001,1000.0,0.0,0.0
625,1708254000000.0,0.0,0.0,0.0,0.24943395984335973,0.0,0.0,0.2764,0.9516370391141176,1.0,1150.4061848000001,1000.0,1150.4061848000001,1000.0,0.0,0.0
626,1708257600000.0,0.0,0.0,0.0,0.24943395984335973,0.0,0.0,0.276,0.9516370391141176,1.0,1150.4061848000001,1000.0,1150.4061848000001,1000.0,0.0,0.0
627,1708261200000.0,0.0,0.0,0.0,0.24943395984335973,0.0,0.0,0.2726,0.9516370391141176,1.0,1150.4061848000001,1000.0,1150.4061848000001,1000.0,0.0,0.0
628,1708264800000.0,0.0,0.0,37.0,0.2688,0.0,0.0,0.2728,0.9516370391141176,1.0,1150.99554254,1000.0,1151.14354254,1000.0,0.00864086752069621,0.0
629,1708268400000.0,0.0,0.0,6.0,0.2688,0.0,0.0,0.2757,0.9516370391141176,1.0,1151.17114052,1000.0,1151.2125405200002,1000.0,0.001401008019773216,0.0
630,1708272000000.0,0.0,0.0,0.0,0.2688,0.0,0.0,0.2741,0.9516370391141176,1.0,1151.20521108,1000.0,1151.20521108,1000.0,0.0,0.0
631,1708275600000.0,0.0,0.0,0.0,0.2688,0.0,0.0,0.2786,0.9516370391141176,1.0,1151.20521108,1000.0,1151.20521108,1000.0,0.0,0.0
632,1708279200000.0,0.0,0.0,211.0,0.273,0.0,0.0,0.2741,0.9516370391141176,1.0,1151.19369048,1000.0,1151.42579048,1000.0,0.05003762657523074,0.0
633,1708282800000.0,0.0,0.0,211.0,0.273,0.0,0.0,0.2728,0.9516370391141176,1.0,1151.19369048,1000.0,1151.15149048,1000.0,0.05003762657523074,0.0
634,1708286400000.0,0.0,0.0,211.0,0.273,0.0,0.0,0.2695,0.9516370391141176,1.0,1151.19369048,1000.0,1150.45519048,1000.0,0.05003762657523074,0.0
635,1708290000000.0,0.0,0.0,633.0,0.26913333333333334,0.0,0.0,0.2695,0.9516370391141176,1.0,1151.1711387999999,1000.0,1151.4032387999998,1000.0,0.1479896379069993,0.0
636,1708293600000.0,0.0,0.0,633.0,0.26913333333333334,0.0,0.0,0.27,0.9516370391141176,1.0,1151.1711387999999,1000.0,1151.7197388,1000.0,0.1479896379069993,0.0
637,1708297200000.0,0.0,0.0,440.0,0.26913333333333334,0.0,0.0,0.2735,0.9516370391141176,1.0,1151.6946101266665,1000.0,1153.61594346,1000.0,0.10282123891648903,0.0
638,1708300800000.0,0.0,0.0,367.0,0.26913333333333334,0.0,0.0,0.2703,0.9516370391141176,1.0,1151.8926070533332,1000.0,1152.3207737199998,1000.0,0.08574751910770806,0.0
639,1708304400000.0,0.0,0.0,93.0,0.26913333333333334,0.0,0.0,0.2758,0.9516370391141176,1.0,1153.2343538600003,1000.0,1153.8543538600002,1000.0,0.021703654522798325,0.0
640,1708308000000.0,0.0,0.0,178.0,0.2698469483568075,0.0,0.0,0.2726,0.9516370391141176,1.0,1153.3223128675122,1000.0,1153.8123560600004,1000.0,0.04164729691918264,0.0
641,1708311600000.0,0.0,0.0,28.0,0.2698469483568075,0.0,0.0,0.2759,0.9516370391141176,1.0,1153.9792421739912,1000.0,1154.1487276200005,1000.0,0.006547530733530644,0.0
642,1708315200000.0,0.0,0.0,9.0,0.2698469483568075,0.0,0.0,0.2793,0.9516370391141176,1.0,1154.116297115212,1000.0,1154.201374580001,1000.0,0.0021043135265326083,0.0
643,1708318800000.0,0.0,0.0,212.0,0.27254805562937373,0.0,0.0,0.2732,0.9516370391141176,1.0,1154.1418449334283,1000.0,1154.280057140001,1000.0,0.05006333324372277,0.0
644,1708322400000.0,0.0,0.0,96.0,0.27254805562937373,0.0,0.0,0.2782,0.9516370391141176,1.0,1154.5898564804208,1000.0,1155.132443140001,1000.0,0.022661392003025593,0.0
645,1708326000000.0,0.0,0.0,0.0,0.27254805562937373,0.0,0.0,0.285,0.9516370391141176,1.0,1155.625402020001,1000.0,1155.625402020001,1000.0,0.0,0.0
646,1708329600000.0,0.0,0.0,0.0,0.27254805562937373,0.0,0.0,0.2972,0.9516370391141176,1.0,1155.625402020001,1000.0,1155.625402020001,1000.0,0.0,0.0
647,1708333200000.0,0.0,0.0,0.0,0.27254805562937373,0.0,0.0,0.2847,0.9516370391141176,1.0,1155.625402020001,1000.0,1155.625402020001,1000.0,0.0,0.0
648,1708336800000.0,0.0,0.0,0.0,0.27254805562937373,0.0,0.0,0.285,0.9516370391141176,1.0,1155.625402020001,1000.0,1155.625402020001,1000.0,0.0,0.0
649,1708340400000.0,0.0,0.0,74.0,0.2816,0.0,0.0,0.2874,0.9516370391141176,1.0,1156.172565260001,1000.0,1156.601765260001,1000.0,0.018023607051525087,0.0
650,1708344000000.0,0.0,0.0,0.0,0.2816,0.0,0.0,0.2995,0.9516370391141176,1.0,1156.795972040001,1000.0,1156.795972040001,1000.0,0.0,0.0
651,1708347600000.0,0.0,0.0,0.0,0.2816,0.0,0.0,0.3104,0.9516370391141176,1.0,1156.795972040001,1000.0,1156.795972040001,1000.0,0.0,0.0
652,1708351200000.0,0.0,0.0,0.0,0.2816,0.0,0.0,0.3255,0.9516370391141176,1.0,1156.795972040001,1000.0,1156.795972040001,1000.0,0.0,0.0
653,1708354800000.0,0.0,0.0,0.0,0.2816,0.0,0.0,0.3364,0.9516370391141176,1.0,1156.795972040001,1000.0,1156.795972040001,1000.0,0.0,0.0
654,1708358400000.0,0.0,0.0,0.0,0.2816,0.0,0.0,0.3305,0.9516370391141176,1.0,1156.795972040001,1000.0,1156.795972040001,1000.0,0.0,0.0
655,1708362000000.0,0.0,0.0,155.0,0.3122,0.0,0.0,0.3114,0.9516370391141176,1.0,1156.878528240001,1000.0,1156.754528240001,1000.0,0.041828937800080776,0.0
656,1708365600000.0,0.0,0.0,0.0,0.3122,0.0,0.0,0.3264,0.9516370391141176,1.0,1158.2003690400002,1000.0,1158.2003690400002,1000.0,0.0,0.0
657,1708369200000.0,0.0,0.0,0.0,0.3122,0.0,0.0,0.3282,0.9516370391141176,1.0,1158.2003690400002,1000.0,1158.2003690400002,1000.0,0.0,0.0
658,1708372800000.0,0.0,0.0,0.0,0.3122,0.0,0.0,0.3376,0.9516370391141176,1.0,1158.2003690400002,1000.0,1158.2003690400002,1000.0,0.0,0.0
659,1708376400000.0,0.0,0.0,0.0,0.3122,0.0,0.0,0.3304,0.9516370391141176,1.0,1158.2003690400002,1000.0,1158.2003690400002,1000.0,0.0,0.0
660,1708380000000.0,0.0,0.0,0.0,0.3122,0.0,0.0,0.3504,0.9516370391141176,1.0,1158.2003690400002,1000.0,1158.2003690400002,1000.0,0.0,0.0
661,1708383600000.0,0.0,0.0,0.0,0.3122,0.0,0.0,0.3511,0.9516370391141176,1.0,1158.2003690400002,1000.0,1158.2003690400002,1000.0,0.0,0.0
662,1708387200000.0,0.0,0.0,0.0,0.3122,0.0,0.0,0.3501,0.9516370391141176,1.0,1158.2003690400002,1000.0,1158.2003690400002,1000.0,0.0,0.0
663,1708390800000.0,0.0,0.0,143.0,0.338,0.0,0.0,0.3426,0.9516370391141176,1.0,1158.2820976,1000.0,1158.9398976,1000.0,0.04172904001551064,0.0
664,1708394400000.0,0.0,0.0,120.0,0.3362143981364104,0.0,0.0,0.3394,0.9516370391141176,1.0,1160.316354596369,1000.0,1160.6986268199996,1000.0,0.03477131699173889,0.0
665,1708398000000.0,0.0,0.0,68.0,0.33697447350847953,0.0,0.0,0.3412,0.9516370391141176,1.0,1160.8686041385758,1000.0,1161.1559399399991,1000.0,0.019738895613927096,0.0
666,1708401600000.0,8.794723750725353e-05,0.0,3562.0,0.32592764295299737,0.0,0.0,0.3273,0.9516370391141176,1.0,1160.6409961385757,1000.0,1165.529331939999,1000.0,1.0002699095250323,0.0
667,1708405200000.0,0.0,0.0,23.0,0.32592764295299737,0.0,0.0,0.3386,0.9516370391141176,1.0,1176.2785018679176,1000.0,1176.5699660799987,1000.0,0.006372925949096952,0.0
668,1708408800000.0,0.0,0.0,0.0,0.32592764295299737,0.0,0.0,0.3473,0.9516370391141176,1.0,1176.5870047999979,1000.0,1176.5870047999979,1000.0,0.0,0.0
669,1708412400000.0,0.0,0.0,0.0,0.32592764295299737,0.0,0.0,0.3501,0.9516370391141176,1.0,1176.5870047999979,1000.0,1176.5870047999979,1000.0,0.0,0.0
670,1708416000000.0,0.0,0.0,0.0,0.32592764295299737,0.0,0.0,0.3471,0.9516370391141176,1.0,1176.5870047999979,1000.0,1176.5870047999979,1000.0,0.0,0.0
671,1708419600000.0,0.0,0.0,172.0,0.3415,0.0,0.0,0.3436,0.9516370391141176,1.0,1176.9182525999981,1000.0,1177.2794525999982,1000.0,0.04990830915421568,0.0
672,1708423200000.0,0.0,0.0,516.0,0.33663333333333334,0.0,0.0,0.3349,0.9516370391141176,1.0,1176.8952596399981,1000.0,1176.0008596399982,1000.0,0.1475941028542626,0.0
673,1708426800000.0,0.0,0.0,64.0,0.33663333333333334,0.0,0.0,0.3457,0.9516370391141176,1.0,1178.577618693331,1000.0,1179.1578853599976,1000.0,0.018280114089744375,0.0
674,1708430400000.0,0.0,0.0,4.0,0.33663333333333334,0.0,0.0,0.3447,0.9516370391141176,1.0,1179.1686600533312,1000.0,1179.2009267199978,1000.0,0.00114193446531426,0.0
675,1708434000000.0,0.0,0.0,40.0,0.34010000000000007,0.0,0.0,0.3498,0.9516370391141176,1.0,1180.3253321999982,1000.0,1180.7133321999981,1000.0,0.011525635880951249,0.0
676,1708437600000.0,0.0,0.0,0.0,0.34010000000000007,0.0,0.0,0.3582,0.9516370391141176,1.0,1180.7807197599982,1000.0,1180.7807197599982,1000.0,0.0,0.0
677,1708441200000.0,0.0,0.0,1287.0,0.3343111111111111,0.0,0.0,0.3312,0.9516370391141176,1.0,1180.788791199998,1000.0,1176.7847911999982,1000.0,0.3643821852024375,0.0
678,1708444800000.0,6.462794886102984e-05,0.0,3598.0,0.32820211228460255,0.0,0.0,0.3257,0.9516370391141176,1.0,1180.638668639998,1000.0,1171.636068639998,1000.0,1.000196953874355,0.0
679,1708448400000.0,6.462794886102984e-05,0.0,3598.0,0.32820211228460255,0.0,0.0,0.3109,0.9516370391141176,1.0,1180.638668639998,1000.0,1118.3856686399981,1000.0,1.000196953874355,0.0
680,1708452000000.0,0.0,0.0,3562.0,0.32820211228460255,0.0,0.0,0.3243,0.9516370391141176,1.0,1180.4922583577525,1000.0,1166.592934399998,1000.0,0.9903122326139538,0.0
681,1708455600000.0,0.0,0.0,2063.0,0.32820211228460255,0.0,0.0,0.3293,0.9516370391141176,1.0,1185.3364083431331,1000.0,1187.601350699998,1000.0,0.5712141742018715,0.0
682,1708459200000.0,0.0,0.0,247.0,0.32820211228460255,0.0,0.0,0.3348,0.9516370391141176,1.0,1191.9536218742946,1000.0,1193.5833001399978,1000.0,0.06801096976141088,0.0
683,1708462800000.0,0.0,0.0,31.0,0.32820211228460255,0.0,0.0,0.336,0.9516370391141176,1.0,1193.6433464408206,1000.0,1193.8850809599978,1000.0,0.008523706441425808,0.0
684,1708466400000.0,0.0,0.0,6.0,0.32820211228460255,0.0,0.0,0.3337,0.9516370391141176,1.0,1193.7977214137052,1000.0,1193.8307087399976,1000.0,0.001649536297804001,0.0
685,1708470000000.0,0.0,0.0,101.0,0.3300580577300465,0.0,0.0,0.3339,0.9516370391141176,1.0,1194.1505008307322,1000.0,1194.5385369999974,1000.0,0.02791596520500892,0.0
686,1708473600000.0,0.0,0.0,0.0,0.3300580577300465,0.0,0.0,0.344,0.9516370391141176,1.0,1195.2445496399973,1000.0,1195.2445496399973,1000.0,0.0,0.0
687,1708477200000.0,0.0,0.0,0.0,0.3300580577300465,0.0,0.0,0.3427,0.9516370391141176,1.0,1195.2445496399973,1000.0,1195.2445496399973,1000.0,0.0,0.0
688,1708480800000.0,0.0,0.0,178.0,0.3357,0.0,0.0,0.3357,0.9516370391141176,1.0,1195.2325987199974,1000.0,1195.2325987199974,1000.0,0.049994118353191334,0.0
689,1708484400000.0,0.0,0.0,534.0,0.33096666666666663,0.0,0.0,0.3249,0.9516370391141176,1.0,1195.2092023999974,1000.0,1191.9696023999975,1000.0,0.1478705147560035,0.0
690,1708488000000.0,0.0,0.0,912.0,0.32432548168249664,0.0,0.0,0.3305,0.9516370391141176,1.0,1206.5912365544343,1000.0,1212.2223972599975,1000.0,0.24514088146296004,0.0
691,1708491600000.0,0.0,0.0,153.0,0.32802665822792093,0.0,0.0,0.3336,0.9516370391141176,1.0,1213.343866288869,1000.0,1214.1965875799972,1000.0,0.04136344205734278,0.0
692,1708495200000.0,0.0,0.0,183.0,0.33058462419591195,0.0,0.0,0.3278,0.9516370391141176,1.0,1213.9822289878493,1000.0,1213.4726427599974,1000.0,0.0498335023225924,0.0
693,1708498800000.0,0.0,0.0,184.0,0.3305345535469131,0.0,0.0,0.3307,0.9516370391141176,1.0,1214.4010272326298,1000.0,1214.4314693799977,1000.0,0.050080950599345704,0.0
694,1708502400000.0,0.0,0.0,552.0,0.32584485118230433,0.0,0.0,0.327,0.9516370391141176,1.0,1214.3772176326297,1000.0,1215.0148597799978,1000.0,0.14811407463924006,0.0
695,1708506000000.0,0.0,0.0,205.0,0.32584485118230433,0.0,0.0,0.3254,0.9516370391141176,1.0,1215.8750364923699,1000.0,1215.7838419999975,1000.0,0.05493837153288045,0.0
696,1708509600000.0,3.8818897230824976e-05,0.0,3863.0,0.3147282408729931,0.0,0.0,0.3167,0.9516370391141176,1.0,1215.6452370923698,1000.0,1223.2621425999973,1000.0,1.0001233562189256,0.0
697,1708513200000.0,3.8818897230824976e-05,0.0,3863.0,0.3147282408729931,0.0,0.0,0.3145,0.9516370391141176,1.0,1215.6452370923698,1000.0,1214.7635425999974,1000.0,1.0001233562189256,0.0
698,1708516800000.0,2.6749894791486783e-05,0.0,3897.0,0.3124853045684121,0.0,0.0,0.3064,0.9516370391141176,1.0,1217.6509875630995,1000.0,1193.9365556599976,1000.0,1.0000856110174978,0.0
699,1708520400000.0,0.0,0.0,495.0,0.3124853045684121,0.0,0.0,0.3211,0.9516370391141176,1.0,1232.5267481413616,1000.0,1236.7910223799977,1000.0,0.1254984737610119,0.0
700,1708524000000.0,0.0,0.0,195.0,0.31684612402805723,0.0,0.0,0.3176,0.9516370391141176,1.0,1237.9976019254689,1000.0,1238.1446077399978,1000.0,0.04990720021539331,0.0
701,1708527600000.0,0.0,0.0,1727.0,0.3060627921348507,0.0,0.0,0.3112,0.9516370391141176,1.0,1249.657703316885,1000.0,1258.5296612999978,1000.0,0.4229721791926998,0.0
702,1708531200000.0,0.0,0.0,0.0,0.3060627921348507,0.0,0.0,0.3257,0.9516370391141176,1.0,1265.397677439998,1000.0,1265.397677439998,1000.0,0.0,0.0
703,1708534800000.0,0.0,0.0,0.0,0.3060627921348507,0.0,0.0,0.3296,0.9516370391141176,1.0,1265.397677439998,1000.0,1265.397677439998,1000.0,0.0,0.0
704,1708538400000.0,0.0,0.0,0.0,0.3060627921348507,0.0,0.0,0.3217,0.9516370391141176,1.0,1265.397677439998,1000.0,1265.397677439998,1000.0,0.0,0.0
705,1708542000000.0,0.0,0.0,198.0,0.3197,0.0,0.0,0.315,0.9516370391141176,1.0,1265.385017319998,1000.0,1264.4544173199981,1000.0,0.050024774383741706,0.0
706,1708545600000.0,0.0,0.0,198.0,0.3197,0.0,0.0,0.3182,0.9516370391141176,1.0,1265.385017319998,1000.0,1265.088017319998,1000.0,0.050024774383741706,0.0
707,1708549200000.0,0.0,0.0,138.0,0.3197,0.0,0.0,0.3209,0.9516370391141176,1.0,1265.5731425199979,1000.0,1265.738742519998,1000.0,0.03486056911112339,0.0
708,1708552800000.0,0.0,0.0,0.0,0.3192708542713568,0.0,0.0,0.3401,0.9516370391141176,1.0,1267.2306173999975,1000.0,1267.2306173999975,1000.0,0.0,0.0
709,1708556400000.0,0.0,0.0,0.0,0.3192708542713568,0.0,0.0,0.362,0.9516370391141176,1.0,1267.2306173999975,1000.0,1267.2306173999975,1000.0,0.0,0.0
710,1708560000000.0,0.0,0.0,0.0,0.3192708542713568,0.0,0.0,0.3683,0.9516370391141176,1.0,1267.2306173999975,1000.0,1267.2306173999975,1000.0,0.0,0.0
711,1708563600000.0,0.0,0.0,0.0,0.3192708542713568,0.0,0.0,0.3605,0.9516370391141176,1.0,1267.2306173999975,1000.0,1267.2306173999975,1000.0,0.0,0.0
712,1708567200000.0,0.0,0.0,0.0,0.3192708542713568,0.0,0.0,0.3585,0.9516370391141176,1.0,1267.2306173999975,1000.0,1267.2306173999975,1000.0,0.0,0.0
713,1708570800000.0,0.0,0.0,0.0,0.3192708542713568,0.0,0.0,0.3497,0.9516370391141176,1.0,1267.2306173999975,1000.0,1267.2306173999975,1000.0,0.0,0.0
714,1708574400000.0,0.0,0.0,0.0,0.3192708542713568,0.0,0.0,0.3585,0.9516370391141176,1.0,1267.2306173999975,1000.0,1267.2306173999975,1000.0,0.0,0.0
715,1708578000000.0,0.0,0.0,0.0,0.3192708542713568,0.0,0.0,0.3728,0.9516370391141176,1.0,1267.2306173999975,1000.0,1267.2306173999975,1000.0,0.0,0.0
716,1708581600000.0,0.0,0.0,0.0,0.3192708542713568,0.0,0.0,0.3969,0.9516370391141176,1.0,1267.2306173999975,1000.0,1267.2306173999975,1000.0,0.0,0.0
717,1708585200000.0,0.0,0.0,0.0,0.3192708542713568,0.0,0.0,0.3904,0.9516370391141176,1.0,1267.2306173999975,1000.0,1267.2306173999975,1000.0,0.0,0.0
718,1708588800000.0,0.0,0.0,0.0,0.3192708542713568,0.0,0.0,0.3958,0.9516370391141176,1.0,1267.2306173999975,1000.0,1267.2306173999975,1000.0,0.0,0.0
719,1708592400000.0,0.0,0.0,0.0,0.3192708542713568,0.0,0.0,0.3961,0.9516370391141176,1.0,1267.2306173999975,1000.0,1267.2306173999975,1000.0,0.0,0.0
720,1708596000000.0,0.0,0.0,0.0,0.3192708542713568,0.0,0.0,0.387,0.9516370391141176,1.0,1267.2306173999975,1000.0,1267.2306173999975,1000.0,0.0,0.0
721,1708599600000.0,0.0,0.0,167.0,0.3797,0.0,0.0,0.3776,0.9516370391141176,1.0,1267.2179354199975,1000.0,1266.8672354199975,1000.0,0.0500386699301126,0.0
722,1708603200000.0,0.0,0.0,140.0,0.3797,0.0,0.0,0.3806,0.9516370391141176,1.0,1267.3184645199974,1000.0,1267.4444645199974,1000.0,0.04194525802962543,0.0
723,1708606800000.0,0.0,0.0,167.0,0.37945808383233537,0.0,0.0,0.3786,0.9516370391141176,1.0,1267.6566127999972,1000.0,1267.5133127999973,1000.0,0.04998948402914066,0.0
724,1708610400000.0,0.0,0.0,94.0,0.379268815662089,0.0,0.0,0.3829,0.9516370391141176,1.0,1268.2860483122336,1000.0,1268.6273796399971,1000.0,0.02810980119167844,0.0
725,1708614000000.0,0.0,0.0,3.0,0.37902177507368284,0.0,0.0,0.3993,0.9516370391141176,1.0,1269.5593496052181,1000.0,1269.6201842799971,1000.0,0.0008956377861142373,0.0
726,1708617600000.0,0.0,0.0,0.0,0.37902177507368284,0.0,0.0,0.4204,0.9516370391141176,1.0,1269.625043679997,1000.0,1269.625043679997,1000.0,0.0,0.0
727,1708621200000.0,0.0,0.0,0.0,0.37902177507368284,0.0,0.0,0.4268,0.9516370391141176,1.0,1269.625043679997,1000.0,1269.625043679997,1000.0,0.0,0.0
728,1708624800000.0,0.0,0.0,0.0,0.37902177507368284,0.0,0.0,0.435,0.9516370391141176,1.0,1269.625043679997,1000.0,1269.625043679997,1000.0,0.0,0.0
729,1708628400000.0,0.0,0.0,0.0,0.37902177507368284,0.0,0.0,0.4479,0.9516370391141176,1.0,1269.625043679997,1000.0,1269.625043679997,1000.0,0.0,0.0
730,1708632000000.0,0.0,0.0,0.0,0.37902177507368284,0.0,0.0,0.4453,0.9516370391141176,1.0,1269.625043679997,1000.0,1269.625043679997,1000.0,0.0,0.0
731,1708635600000.0,0.0,0.0,0.0,0.37902177507368284,0.0,0.0,0.4618,0.9516370391141176,1.0,1269.625043679997,1000.0,1269.625043679997,1000.0,0.0,0.0
732,1708639200000.0,0.0,0.0,0.0,0.37902177507368284,0.0,0.0,0.4423,0.9516370391141176,1.0,1269.625043679997,1000.0,1269.625043679997,1000.0,0.0,0.0
733,1708642800000.0,0.0,0.0,0.0,0.37902177507368284,0.0,0.0,0.447,0.9516370391141176,1.0,1269.625043679997,1000.0,1269.625043679997,1000.0,0.0,0.0
734,1708646400000.0,0.0,0.0,123.0,0.4321,0.0,0.0,0.4349,0.9516370391141176,1.0,1269.715844739997,1000.0,1270.060244739997,1000.0,0.04185842070111625,0.0
735,1708650000000.0,0.0,0.0,5.0,0.43204013605442176,0.0,0.0,0.444,0.9516370391141176,1.0,1270.9443970402692,1000.0,1271.0041963599972,1000.0,0.0016996815008608627,0.0
736,1708653600000.0,0.0,0.0,146.0,0.4348,0.0,0.0,0.4297,0.9516370391141176,1.0,1270.998654679997,1000.0,1270.254054679997,1000.0,0.04994560754746255,0.0
737,1708657200000.0,0.00011092786516957368,0.0,3026.0,0.4200571050892267,0.0,0.0,0.4187,0.9516370391141176,1.0,1270.757132279997,1000.0,1266.650532279997,1000.0,1.000264147815091,0.0
738,1708660800000.0,0.0,0.0,348.0,0.4200571050892267,0.0,0.0,0.4267,0.9516370391141176,1.0,1283.883951371048,1000.0,1286.195678799997,1000.0,0.11385754328882042,0.0
739,1708664400000.0,0.0,0.0,202.0,0.4200571050892267,0.0,0.0,0.4165,0.9516370391141176,1.0,1284.491024468021,1000.0,1283.7724892399972,1000.0,0.0660584882351868,0.0
740,1708668000000.0,0.0,0.0,126.0,0.42142144636111756,0.0,0.0,0.4191,0.9516370391141176,1.0,1284.9423211614978,1000.0,1284.649818919997,1000.0,0.04132411343841717,0.0
741,1708671600000.0,0.0,0.0,21.0,0.42142144636111756,0.0,0.0,0.4286,0.9516370391141176,1.0,1285.5475965935807,1000.0,1285.6983462199971,1000.0,0.0068841094620173005,0.0
742,1708675200000.0,0.0,0.0,151.0,0.4256,0.0,0.0,0.4193,0.9516370391141176,1.0,1285.7718753399972,1000.0,1284.8205753399973,1000.0,0.04998211676002495,0.0
743,1708678800000.0,0.0,0.0,3170.0,0.40562119873817026,0.0,0.0,0.4051,0.9516370391141176,1.0,1285.8299136199973,1000.0,1284.1777136199976,1000.0,0.9999916679337725,0.0
744,1708682400000.0,0.0,0.0,1835.0,0.40562119873817026,0.0,0.0,0.4102,0.9516370391141176,1.0,1291.1657234045401,1000.0,1299.5678237199977,1000.0,0.5764673629361351,0.0
745,1708686000000.0,0.0,0.0,136.0,0.40562119873817026,0.0,0.0,0.417,0.9516370391141176,1.0,1305.1855445683887,1000.0,1306.7330615399974,1000.0,0.042265625188665015,0.0
746,1708689600000.0,0.0,0.0,132.0,0.41176085233750453,0.0,0.0,0.4136,0.9516370391141176,1.0,1306.4929692085484,1000.0,1306.735736699998,1000.0,0.04160177956524052,0.0
747,1708693200000.0,0.0,0.0,474.0,0.40612846784203693,0.0,0.0,0.4071,0.9516370391141176,1.0,1306.5527582571235,1000.0,1307.013264499998,1000.0,0.14733801795644094,0.0
748,1708696800000.0,0.0,0.0,103.0,0.40612846784203693,0.0,0.0,0.4145,0.9516370391141176,1.0,1309.124641447728,1000.0,1309.9869092599981,1000.0,0.03195359010389545,0.0
749,1708700400000.0,0.0,0.0,159.0,0.4115183986680544,0.0,0.0,0.405,0.9516370391141176,1.0,1310.804228508219,1000.0,1309.7678031199985,1000.0,0.049917008173437076,0.0
750,1708704000000.0,0.0,0.0,2720.0,0.39757531858908723,0.0,0.0,0.3886,0.9516370391141176,1.0,1312.8079547823156,1000.0,1288.3950882199983,1000.0,0.8237342427907753,0.0
751,1708707600000.0,0.0,0.0,986.0,0.39475570251422654,0.0,0.0,0.4049,0.9516370391141176,1.0,1325.5122671190259,1000.0,1335.5145444399984,1000.0,0.2936443006483893,0.0
752,1708711200000.0,0.0,0.0,0.0,0.39475570251422654,0.0,0.0,0.4214,0.9516370391141176,1.0,1337.0047840799984,1000.0,1337.0047840799984,1000.0,0.0,0.0
753,1708714800000.0,0.0,0.0,0.0,0.39475570251422654,0.0,0.0,0.4336,0.9516370391141176,1.0,1337.0047840799984,1000.0,1337.0047840799984,1000.0,0.0,0.0
754,1708718400000.0,0.0,0.0,0.0,0.39475570251422654,0.0,0.0,0.4488,0.9516370391141176,1.0,1337.0047840799984,1000.0,1337.0047840799984,1000.0,0.0,0.0
755,1708722000000.0,0.0,0.0,0.0,0.39475570251422654,0.0,0.0,0.4524,0.9516370391141176,1.0,1337.0047840799984,1000.0,1337.0047840799984,1000.0,0.0,0.0
756,1708725600000.0,0.0,0.0,158.0,0.42414177215189874,0.0,0.0,0.4257,0.9516370391141176,1.0,1337.2639281999982,1000.0,1337.5101281999982,1000.0,0.05011306937008584,0.0
757,1708729200000.0,0.00010206419117703909,0.0,3264.0,0.4097251838235294,0.0,0.0,0.4071,0.9516370391141176,1.0,1337.0098624799982,1000.0,1328.4412624799984,1000.0,1.0002491660902066,0.0
758,1708732800000.0,0.0,0.0,969.0,0.4097251838235294,0.0,0.0,0.4113,0.9516370391141176,1.0,1350.7097236049976,1000.0,1352.2357204799976,1000.0,0.2939371029812071,0.0
759,1708736400000.0,0.0,0.0,469.0,0.4097251838235294,0.0,0.0,0.4116,0.9516370391141176,1.0,1352.7557416932332,1000.0,1353.6350304799978,1000.0,0.14205159534027098,0.0
760,1708740000000.0,2.8271416033363183e-05,0.0,3418.0,0.3959021679129522,0.0,0.0,0.3933,0.9516370391141176,1.0,1353.0969782264685,1000.0,1344.2027682999978,1000.0,1.0000714152064167,0.0
761,1708743600000.0,0.0,0.0,207.0,0.3959021679129522,0.0,0.0,0.4081,0.9516370391141176,1.0,1374.096317117979,1000.0,1376.6212683599979,1000.0,0.05964046896644494,0.0
762,1708747200000.0,0.0,0.0,168.0,0.4063576488708188,0.0,0.0,0.4074,0.9516370391141176,1.0,1376.5623829702954,1000.0,1376.7374979599979,1000.0,0.04959316472312081,0.0
763,1708750800000.0,0.0,0.0,0.0,0.4063576488708188,0.0,0.0,0.4243,0.9516370391141176,1.0,1378.0477444799978,1000.0,1378.0477444799978,1000.0,0.0,0.0
764,1708754400000.0,0.0,0.0,0.0,0.4063576488708188,0.0,0.0,0.416,0.9516370391141176,1.0,1378.0477444799978,1000.0,1378.0477444799978,1000.0,0.0,0.0
765,1708758000000.0,0.0,0.0,0.0,0.4063576488708188,0.0,0.0,0.4187,0.9516370391141176,1.0,1378.0477444799978,1000.0,1378.0477444799978,1000.0,0.0,0.0
766,1708761600000.0,0.0,0.0,167.0,0.4137,0.0,0.0,0.4115,0.9516370391141176,1.0,1378.0339268999978,1000.0,1377.6665268999977,1000.0,0.05013512269282005,0.0
767,1708765200000.0,0.0,0.0,167.0,0.4137437125748503,0.0,0.0,0.4108,0.9516370391141176,1.0,1378.4203656799978,1000.0,1377.9287656799977,1000.0,0.050126363278094915,0.0
768,1708768800000.0,0.0,0.0,117.0,0.4137437125748503,0.0,0.0,0.4162,0.9516370391141176,1.0,1378.6240010512552,1000.0,1378.9113866799976,1000.0,0.03511328276190206,0.0
769,1708772400000.0,0.0,0.0,167.0,0.4137060202947399,0.0,0.0,0.4152,0.9516370391141176,1.0,1379.0749049892195,1000.0,1379.3243995999978,1000.0,0.05009800783066359,0.0
770,1708776000000.0,0.0,0.0,79.0,0.4137060202947399,0.0,0.0,0.4203,0.9516370391141176,1.0,1379.5485977632823,1000.0,1380.0695221599979,1000.0,0.023690920099715483,0.0
771,1708779600000.0,0.0,0.0,167.0,0.4136419002362445,0.0,0.0,0.4115,0.9516370391141176,1.0,1379.5936782394508,1000.0,1379.235980899998,1000.0,0.05007140756661484,0.0
772,1708783200000.0,0.0,0.0,34.0,0.4136419002362445,0.0,0.0,0.4229,0.9516370391141176,1.0,1380.3915408280302,1000.0,1380.706316219998,1000.0,0.010188286578166152,0.0
773,1708786800000.0,0.0,0.0,167.0,0.41378769283276157,0.0,0.0,0.4127,0.9516370391141176,1.0,1380.5083523230692,1000.0,1380.326707619998,1000.0,0.050055868613027896,0.0
774,1708790400000.0,0.0,0.0,167.0,0.41378769283276157,0.0,0.0,0.4123,0.9516370391141176,1.0,1380.5083523230692,1000.0,1380.259907619998,1000.0,0.050055868613027896,0.0
775,1708794000000.0,0.0,0.0,35.0,0.41378769283276157,0.0,0.0,0.4182,0.9516370391141176,1.0,1381.0533416691442,1000.0,1381.2077724199976,1000.0,0.010486611061411277,0.0
776,1708797600000.0,0.0,0.0,1.0,0.41378769283276157,0.0,0.0,0.4255,0.9516370391141176,1.0,1381.3349894528308,1000.0,1381.346701759998,1000.0,0.00029955636829026507,0.0
777,1708801200000.0,0.0,0.0,0.0,0.41378769283276157,0.0,0.0,0.4263,0.9516370391141176,1.0,1381.347016579998,1000.0,1381.347016579998,1000.0,0.0,0.0
778,1708804800000.0,0.0,0.0,0.0,0.41378769283276157,0.0,0.0,0.437,0.9516370391141176,1.0,1381.347016579998,1000.0,1381.347016579998,1000.0,0.0,0.0
779,1708808400000.0,0.0,0.0,164.0,0.4209,0.0,0.0,0.4191,0.9516370391141176,1.0,1381.333211059998,1000.0,1381.0380110599979,1000.0,0.04997172257013213,0.0
780,1708812000000.0,0.0,0.0,164.0,0.4209,0.0,0.0,0.4175,0.9516370391141176,1.0,1381.333211059998,1000.0,1380.7756110599978,1000.0,0.04997172257013213,0.0
781,1708815600000.0,0.0,0.0,492.0,0.4149666666666666,0.0,0.0,0.4165,0.9516370391141176,1.0,1381.3061838599979,1000.0,1382.060583859998,1000.0,0.14780473901121183,0.0
782,1708819200000.0,0.0,0.0,97.0,0.4149666666666666,0.0,0.0,0.4186,0.9516370391141176,1.0,1382.9452337266646,1000.0,1383.2976670599978,1000.0,0.029105828405221083,0.0
783,1708822800000.0,0.0,0.0,139.0,0.41650328301156436,0.0,0.0,0.4198,0.9516370391141176,1.0,1383.3262367586055,1000.0,1383.784480419998,1000.0,0.0418512674741599,0.0
784,1708826400000.0,0.0,0.0,97.0,0.41665289656229804,0.0,0.0,0.4228,0.9516370391141176,1.0,1383.703897746541,1000.0,1384.300166779998,1000.0,0.029208077705325623,0.0
785,1708830000000.0,0.0,0.0,0.0,0.41665289656229804,0.0,0.0,0.4377,0.9516370391141176,1.0,1384.6515925199978,1000.0,1384.6515925199978,1000.0,0.0,0.0
786,1708833600000.0,0.0,0.0,0.0,0.41665289656229804,0.0,0.0,0.4331,0.9516370391141176,1.0,1384.6515925199978,1000.0,1384.6515925199978,1000.0,0.0,0.0
787,1708837200000.0,0.0,0.0,0.0,0.41665289656229804,0.0,0.0,0.4317,0.9516370391141176,1.0,1384.6515925199978,1000.0,1384.6515925199978,1000.0,0.0,0.0
788,1708840800000.0,0.0,0.0,26.0,0.4236,0.0,0.0,0.4321,0.9516370391141176,1.0,1385.5670882999975,1000.0,1385.7880882999975,1000.0,0.007948803124006781,0.0
789,1708844400000.0,0.0,0.0,55.0,0.42463251533742336,0.0,0.0,0.4427,0.9516370391141176,1.0,1386.7705078035553,1000.0,1387.764219459997,1000.0,0.016841134284394974,0.0
790,1708848000000.0,0.0,0.0,0.0,0.42463251533742336,0.0,0.0,0.4325,0.9516370391141176,1.0,1387.7082599799971,1000.0,1387.7082599799971,1000.0,0.0,0.0
791,1708851600000.0,0.0,0.0,162.0,0.4283,0.0,0.0,0.4252,0.9516370391141176,1.0,1387.694383059997,1000.0,1387.1921830599972,1000.0,0.049999914135993265,0.0
792,1708855200000.0,0.0,0.0,162.0,0.4283,0.0,0.0,0.4294,0.9516370391141176,1.0,1387.694383059997,1000.0,1387.8725830599972,1000.0,0.049999914135993265,0.0
793,1708858800000.0,0.0,0.0,52.0,0.42799753086419756,0.0,0.0,0.4364,0.9516370391141176,1.0,1388.4751940849355,1000.0,1388.9121224799974,1000.0,0.016029001958227884,0.0
794,1708862400000.0,0.0,0.0,5.0,0.42799753086419756,0.0,0.0,0.4414,0.9516370391141176,1.0,1388.9684874743184,1000.0,1389.0354998199973,1000.0,0.0015407028119207458,0.0
795,1708866000000.0,0.0,0.0,0.0,0.42799753086419756,0.0,0.0,0.4463,0.9516370391141176,1.0,1389.0264601399972,1000.0,1389.0264601399972,1000.0,0.0,0.0
796,1708869600000.0,0.0,0.0,161.0,0.4326,0.0,0.0,0.43,0.9516370391141176,1.0,1389.0125304199971,1000.0,1388.5939304199972,1000.0,0.050142528216747105,0.0
797,1708873200000.0,0.0,0.0,0.0,0.4326,0.0,0.0,0.4613,0.9516370391141176,1.0,1391.1224758399967,1000.0,1391.1224758399967,1000.0,0.0,0.0
798,1708876800000.0,0.0,0.0,0.0,0.4326,0.0,0.0,0.447,0.9516370391141176,1.0,1391.1224758399967,1000.0,1391.1224758399967,1000.0,0.0,0.0
799,1708880400000.0,0.0,0.0,159.0,0.4381,0.0,0.0,0.4355,0.9516370391141176,1.0,1391.1085442599967,1000.0,1390.6951442599968,1000.0,0.05007366268248656,0.0
800,1708884000000.0,0.0,0.0,159.0,0.4381,0.0,0.0,0.436,0.9516370391141176,1.0,1391.1085442599967,1000.0,1390.7746442599966,1000.0,0.05007366268248656,0.0
801,1708887600000.0,0.0,0.0,477.0,0.43189999999999995,0.0,0.0,0.4287,0.9516370391141176,1.0,1391.0812725799967,1000.0,1389.5548725799968,1000.0,0.14809796096090613,0.0
802,1708891200000.0,0.0,0.0,398.0,0.43189999999999995,0.0,0.0,0.4339,0.9516370391141176,1.0,1391.4219790399968,1000.0,1392.2179790399969,1000.0,0.12353994876421223,0.0
803,1708894800000.0,0.0,0.0,161.0,0.43189999999999995,0.0,0.0,0.43,0.9516370391141176,1.0,1392.4440984199966,1000.0,1392.1381984199966,1000.0,0.04993801911251032,0.0
804,1708898400000.0,0.0,0.0,161.0,0.43189999999999995,0.0,0.0,0.4249,0.9516370391141176,1.0,1392.4440984199966,1000.0,1391.3170984199967,1000.0,0.04993801911251032,0.0
805,1708902000000.0,0.0,0.0,483.0,0.4257666666666666,0.0,0.0,0.4203,0.9516370391141176,1.0,1392.4168765399966,1000.0,1389.7764765399966,1000.0,0.14768946244820447,0.0
806,1708905600000.0,0.0,0.0,483.0,0.4257666666666666,0.0,0.0,0.4199,0.9516370391141176,1.0,1392.4168765399966,1000.0,1389.5832765399966,1000.0,0.14768946244820447,0.0
807,1708909200000.0,0.0,0.0,403.0,0.4257666666666666,0.0,0.0,0.4305,0.9516370391141176,1.0,1392.756661606663,1000.0,1394.6641949399964,1000.0,0.12319737639504805,0.0
808,1708912800000.0,0.0,0.0,27.0,0.4257666666666666,0.0,0.0,0.4338,0.9516370391141176,1.0,1395.0956029999968,1000.0,1395.3125029999967,1000.0,0.00824008044701724,0.0
809,1708916400000.0,0.0,0.0,6.0,0.4257666666666666,0.0,0.0,0.438,0.9516370391141176,1.0,1395.2296875999962,1000.0,1395.3030875999962,1000.0,0.0018309530127575582,0.0
810,1708920000000.0,0.0,0.0,0.0,0.4257666666666666,0.0,0.0,0.4344,0.9516370391141176,1.0,1395.3037617599964,1000.0,1395.3037617599964,1000.0,0.0,0.0
811,1708923600000.0,0.0,0.0,0.0,0.4257666666666666,0.0,0.0,0.432,0.9516370391141176,1.0,1395.3037617599964,1000.0,1395.3037617599964,1000.0,0.0,0.0
812,1708927200000.0,0.0,0.0,163.0,0.4291,0.0,0.0,0.4256,0.9516370391141176,1.0,1395.2897730999964,1000.0,1394.7192730999964,1000.0,0.05012815355523097,0.0
813,1708930800000.0,0.0,0.0,163.0,0.4291,0.0,0.0,0.4256,0.9516370391141176,1.0,1395.2897730999964,1000.0,1394.7192730999964,1000.0,0.05012815355523097,0.0
814,1708934400000.0,9.723964349476122e-05,0.0,3366.0,0.41454307783719546,0.0,0.0,0.4123,0.9516370391141176,1.0,1395.0246913599965,1000.0,1387.4744913599966,1000.0,1.0002346256966135,0.0
815,1708938000000.0,0.0,0.0,3332.0,0.41454307783719546,0.0,0.0,0.4118,0.9516370391141176,1.0,1395.054401313532,1000.0,1385.9144659599967,1000.0,0.9901101591830354,0.0
816,1708941600000.0,0.0,0.0,3332.0,0.41454307783719546,0.0,0.0,0.4021,0.9516370391141176,1.0,1395.054401313532,1000.0,1353.594065959997,1000.0,0.9901101591830354,0.0
817,1708945200000.0,0.0,0.0,3332.0,0.41454307783719546,0.0,0.0,0.4032,0.9516370391141176,1.0,1395.054401313532,1000.0,1357.2592659599968,1000.0,0.9901101591830354,0.0
818,1708948800000.0,0.0,0.0,3332.0,0.41454307783719546,0.0,0.0,0.4106,0.9516370391141176,1.0,1395.054401313532,1000.0,1381.9160659599968,1000.0,0.9901101591830354,0.0
819,1708952400000.0,0.0,0.0,2777.0,0.41454307783719546,0.0,0.0,0.419,0.9516370391141176,1.0,1397.3150174138887,1000.0,1409.6918902599969,1000.0,0.823855832655742,0.0
820,1708956000000.0,0.0,0.0,2315.0,0.41454307783719546,0.0,0.0,0.4107,0.9516370391141176,1.0,1399.1968275731044,1000.0,1390.300102379997,1000.0,0.6858700693723288,0.0
821,1708959600000.0,0.0,0.0,1031.0,0.41454307783719546,0.0,0.0,0.4218,0.9516370391141176,1.0,1406.7383310701455,1000.0,1414.220217819997,1000.0,0.3038190570417015,0.0
822,1708963200000.0,0.0,0.0,17.0,0.41454307783719546,0.0,0.0,0.4221,0.9516370391141176,1.0,1418.4150281832294,1000.0,1418.5434958599972,1000.0,0.004968385263274275,0.0
823,1708966800000.0,0.0,0.0,0.0,0.41454307783719546,0.0,0.0,0.4332,0.9516370391141176,1.0,1418.5682554799969,1000.0,1418.5682554799969,1000.0,0.0,0.0
824,1708970400000.0,0.0,0.0,0.0,0.41454307783719546,0.0,0.0,0.4273,0.9516370391141176,1.0,1418.5682554799969,1000.0,1418.5682554799969,1000.0,0.0,0.0
825,1708974000000.0,0.0,0.0,169.0,0.4201,0.0,0.0,0.4235,0.9516370391141176,1.0,1418.5540560999968,1000.0,1419.1286560999968,1000.0,0.05004878009033396,0.0
826,1708977600000.0,0.0,0.0,70.0,0.4201,0.0,0.0,0.4252,0.9516370391141176,1.0,1418.971352979997,1000.0,1419.328352979997,1000.0,0.020724167502213516,0.0
827,1708981200000.0,0.0,0.0,50.0,0.4202952662721893,0.0,0.0,0.4229,0.9516370391141176,1.0,1419.4987307136066,1000.0,1419.6289673999972,1000.0,0.014804355128267697,0.0
828,1708984800000.0,0.0,0.0,0.0,0.4202952662721893,0.0,0.0,0.4416,0.9516370391141176,1.0,1420.1136405999976,1000.0,1420.1136405999976,1000.0,0.0,0.0
829,1708988400000.0,0.0,0.0,0.0,0.4202952662721893,0.0,0.0,0.4293,0.9516370391141176,1.0,1420.1136405999976,1000.0,1420.1136405999976,1000.0,0.0,0.0
830,1708992000000.0,0.0,0.0,0.0,0.4202952662721893,0.0,0.0,0.4309,0.9516370391141176,1.0,1420.1136405999976,1000.0,1420.1136405999976,1000.0,0.0,0.0
831,1708995600000.0,0.0,0.0,167.0,0.4263,0.0,0.0,0.4253,0.9516370391141176,1.0,1420.0994021799975,1000.0,1419.9324021799976,1000.0,0.05013177238911083,0.0
832,1708999200000.0,0.0,0.0,35.0,0.4263,0.0,0.0,0.4287,0.9516370391141176,1.0,1420.6556343399975,1000.0,1420.7396343399976,1000.0,0.010502545190644816,0.0
833,1709002800000.0,0.0,0.0,63.0,0.4197299401197605,0.0,0.0,0.4328,0.9516370391141176,1.0,1425.5023891275423,1000.0,1426.3258028999974,1000.0,0.01854994171123694,0.0
834,1709006400000.0,0.0,0.0,167.0,0.4264,0.0,0.0,0.4187,0.9516370391141176,1.0,1426.6504389799975,1000.0,1425.3645389799974,1000.0,0.049913278021287165,0.0
835,1709010000000.0,0.0,0.0,167.0,0.4264,0.0,0.0,0.427,0.9516370391141176,1.0,1426.6504389799975,1000.0,1426.7506389799976,1000.0,0.049913278021287165,0.0
836,1709013600000.0,0.0,0.0,167.0,0.4264,0.0,0.0,0.4275,0.9516370391141176,1.0,1426.6504389799975,1000.0,1426.8341389799975,1000.0,0.049913278021287165,0.0
837,1709017200000.0,0.0,0.0,8.0,0.4264,0.0,0.0,0.4385,0.9516370391141176,1.0,1428.2099647799976,1000.0,1428.3067647799976,1000.0,0.002388444335301542,0.0
838,1709020800000.0,0.0,0.0,0.0,0.4264,0.0,0.0,0.4404,0.9516370391141176,1.0,1428.2600723799987,1000.0,1428.2600723799987,1000.0,0.0,0.0
839,1709024400000.0,0.0,0.0,0.0,0.4264,0.0,0.0,0.4478,0.9516370391141176,1.0,1428.2600723799987,1000.0,1428.2600723799987,1000.0,0.0,0.0
840,1709028000000.0,0.0,0.0,0.0,0.4264,0.0,0.0,0.4531,0.9516370391141176,1.0,1428.2600723799987,1000.0,1428.2600723799987,1000.0,0.0,0.0
841,1709031600000.0,0.0,0.0,0.0,0.4264,0.0,0.0,0.4686,0.9516370391141176,1.0,1428.2600723799987,1000.0,1428.2600723799987,1000.0,0.0,0.0
842,1709035200000.0,0.0,0.0,0.0,0.4264,0.0,0.0,0.4666,0.9516370391141176,1.0,1428.2600723799987,1000.0,1428.2600723799987,1000.0,0.0,0.0
843,1709038800000.0,0.0,0.0,0.0,0.4264,0.0,0.0,0.4672,0.9516370391141176,1.0,1428.2600723799987,1000.0,1428.2600723799987,1000.0,0.0,0.0
844,1709042400000.0,0.0,0.0,158.0,0.4516,0.0,0.0,0.4495,0.9516370391141176,1.0,1428.2458018199986,1000.0,1427.9140018199987,1000.0,0.04995834744206906,0.0
845,1709046000000.0,0.0,0.0,474.0,0.44519999999999993,0.0,0.0,0.4474,0.9516370391141176,1.0,1428.2178674199986,1000.0,1429.2606674199985,1000.0,0.14775392803424683,0.0
846,1709049600000.0,0.0,0.0,163.0,0.44386871165644165,0.0,0.0,0.4422,0.9516370391141176,1.0,1429.8782476599986,1000.0,1429.6062476599986,1000.0,0.05059913326075281,0.0
847,1709053200000.0,0.0,0.0,159.0,0.4484404605222597,0.0,0.0,0.446,0.9516370391141176,1.0,1431.4905609630373,1000.0,1431.102527739998,1000.0,0.04980964259734326,0.0
848,1709056800000.0,2.1056138015056397e-05,0.0,3304.0,0.43319858753723944,0.0,0.0,0.4301,0.9516370391141176,1.0,1431.2185637430373,1000.0,1420.980830519998,1000.0,1.0000486085645925,0.0
849,1709060400000.0,0.0,0.0,346.0,0.43319858753723944,0.0,0.0,0.4401,0.9516370391141176,1.0,1447.9420648878831,1000.0,1450.3299535999984,1000.0,0.10351706392305887,0.0
850,1709064000000.0,0.0,0.0,166.0,0.4359091459661885,0.0,0.0,0.4365,0.9516370391141176,1.0,1449.9550061703856,1000.0,1450.0530879399982,1000.0,0.04990563012124536,0.0
851,1709067600000.0,0.0,0.0,498.0,0.42970304865539616,0.0,0.0,0.429,0.9516370391141176,1.0,1449.9266799303855,1000.0,1449.5765616999981,1000.0,0.14758823407585103,0.0
852,1709071200000.0,0.0,0.0,498.0,0.42970304865539616,0.0,0.0,0.431,0.9516370391141176,1.0,1449.9266799303855,1000.0,1450.5725616999982,1000.0,0.14758823407585103,0.0
853,1709074800000.0,0.0,0.0,104.0,0.42970304865539616,0.0,0.0,0.4391,0.9516370391141176,1.0,1452.0224921401593,1000.0,1452.999775079998,1000.0,0.030777152077233454,0.0
854,1709078400000.0,0.0,0.0,1.0,0.42970304865539616,0.0,0.0,0.4434,0.9516370391141176,1.0,1453.0649159486543,1000.0,1453.078612899999,1000.0,0.0002957218524368943,0.0
855,1709082000000.0,0.0,0.0,0.0,0.42970304865539616,0.0,0.0,0.4383,0.9516370391141176,1.0,1453.073325259999,1000.0,1453.073325259999,1000.0,0.0,0.0
856,1709085600000.0,0.0,0.0,415.0,0.4303,0.0,0.0,0.4329,0.9516370391141176,1.0,1453.3884513599987,1000.0,1454.4674513599987,1000.0,0.1228677025972651,0.0
857,1709089200000.0,0.0,0.0,168.0,0.43139285714285713,0.0,0.0,0.4343,0.9516370391141176,1.0,1454.6693174599986,1000.0,1455.1577174599986,1000.0,0.049821632401339855,0.0
858,1709092800000.0,0.0,0.0,168.0,0.43222916666666666,0.0,0.0,0.4288,0.9516370391141176,1.0,1454.9656486599986,1000.0,1454.3895486599986,1000.0,0.04990805113981684,0.0
859,1709096400000.0,0.0,0.0,72.0,0.43222916666666666,0.0,0.0,0.4378,0.9516370391141176,1.0,1455.6556101799986,1000.0,1456.0567101799986,1000.0,0.021379026592802268,0.0
860,1709100000000.0,0.0,0.0,35.0,0.43222916666666666,0.0,0.0,0.4326,0.9516370391141176,1.0,1455.814100173332,1000.0,1455.8270793399986,1000.0,0.01039145096309492,0.0
861,1709103600000.0,0.0,0.0,168.0,0.43252274305555555,0.0,0.0,0.4295,0.9516370391141176,1.0,1455.802593013332,1000.0,1455.2947721799985,1000.0,0.049913237675259375,0.0
862,1709107200000.0,0.0,0.0,168.0,0.43252274305555555,0.0,0.0,0.4307,0.9516370391141176,1.0,1455.802593013332,1000.0,1455.4963721799986,1000.0,0.049913237675259375,0.0
863,1709110800000.0,0.0,0.0,504.0,0.42637424768518517,0.0,0.0,0.4169,0.9516370391141176,1.0,1455.7741472533319,1000.0,1450.9991264199984,1000.0,0.14761398341822454,0.0
864,1709114400000.0,0.0,0.0,333.0,0.41784288772483735,0.0,0.0,0.4314,0.9516370391141176,1.0,1480.1318342123698,1000.0,1484.6463525999989,1000.0,0.09400627592501787,0.0
865,1709118000000.0,0.0,0.0,11.0,0.4203138152490202,0.0,0.0,0.4377,0.9516370391141176,1.0,1484.5242206877388,1000.0,1484.7154687199995,1000.0,0.0031144335022013354,0.0
866,1709121600000.0,0.0,0.0,519.0,0.42243333333333327,0.0,0.0,0.4223,0.9516370391141176,1.0,1484.6916529999996,1000.0,1484.6224529999997,1000.0,0.1476689786441468,0.0
867,1709125200000.0,0.0,0.0,433.0,0.42243333333333327,0.0,0.0,0.4208,0.9516370391141176,1.0,1485.051247093333,1000.0,1484.3440137599996,1000.0,0.12316991328841159,0.0
868,1709128800000.0,0.0,0.0,94.0,0.4238761904761904,0.0,0.0,0.4323,0.9516370391141176,1.0,1487.9763943847613,1000.0,1488.7682324799994,1000.0,0.02677754973474326,0.0
869,1709132400000.0,0.0,0.0,175.0,0.42552277551020407,0.0,0.0,0.423,0.9516370391141176,1.0,1488.2800395142851,1000.0,1487.8385537999993,1000.0,0.050035264692919336,0.0
870,1709136000000.0,0.0,0.0,525.0,0.41950759183673464,0.0,0.0,0.4176,0.9516370391141176,1.0,1488.2508845142852,1000.0,1487.2493987999994,1000.0,0.14798679981041307,0.0
871,1709139600000.0,0.0,0.0,176.0,0.4204036873840445,0.0,0.0,0.4184,0.9516370391141176,1.0,1489.9296332595911,1000.0,1489.5769842799994,1000.0,0.049660767413369736,0.0
872,1709143200000.0,0.0,0.0,446.0,0.39798788825299536,0.0,0.0,0.4064,0.9516370391141176,1.0,1514.9013400608353,1000.0,1518.6531418999994,1000.0,0.11717106155157787,0.0
873,1709146800000.0,0.0,0.0,141.0,0.394653050460841,0.0,0.0,0.4001,0.9516370391141176,1.0,1547.541390594978,1000.0,1548.3094104799995,1000.0,0.03595773299064041,0.0
874,1709150400000.0,0.0,0.0,483.0,0.3905735407858006,0.0,0.0,0.3871,0.9516370391141176,1.0,1547.6370346795413,1000.0,1545.9593144799996,1000.0,0.12189358097042666,0.0
875,1709154000000.0,0.0,0.0,339.0,0.3845911802619335,0.0,0.0,0.3894,0.9516370391141176,1.0,1551.8158524687951,1000.0,1553.4460423599996,1000.0,0.08401538745810508,0.0
876,1709157600000.0,0.0,0.0,196.0,0.3931984874951335,0.0,0.0,0.3906,0.9516370391141176,1.0,1554.1188302890457,1000.0,1553.6095267399996,1000.0,0.04958881010064895,0.0
877,1709161200000.0,0.0,0.0,42.0,0.3944030244226188,0.0,0.0,0.4027,0.9516370391141176,1.0,1555.146569565749,1000.0,1555.4950425399988,1000.0,0.010651682195058628,0.0
878,1709164800000.0,0.0,0.0,3.0,0.3944030244226188,0.0,0.0,0.4057,0.9516370391141176,1.0,1555.6178803732662,1000.0,1555.6517712999982,1000.0,0.0007606039299213691,0.0
879,1709168400000.0,0.0,0.0,10.0,0.39934874896843714,0.0,0.0,0.4152,0.9516370391141176,1.0,1557.2462553696828,1000.0,1557.4047678799984,1000.0,0.002564454707092127,0.0
880,1709172000000.0,0.0,0.0,0.0,0.39934874896843714,0.0,0.0,0.4132,0.9516370391141176,1.0,1557.4275327599985,1000.0,1557.4275327599985,1000.0,0.0,0.0
881,1709175600000.0,0.0,0.0,193.0,0.403,0.0,0.0,0.4014,0.9516370391141176,1.0,1557.4119769599986,1000.0,1557.1031769599986,1000.0,0.0499411852166575,0.0
882,1709179200000.0,0.0,0.0,483.0,0.39726666666666666,0.0,0.0,0.3962,0.9516370391141176,1.0,1557.7610243199986,1000.0,1557.2458243199985,1000.0,0.12317665996538865,0.0
883,1709182800000.0,0.0,0.0,712.0,0.3838131034482758,0.0,0.0,0.3906,0.9516370391141176,1.0,1580.695314635172,1000.0,1585.5275849799998,1000.0,0.1728827352906052,0.0
884,1709186400000.0,0.0,0.0,169.0,0.3891959466553429,0.0,0.0,0.3938,0.9516370391141176,1.0,1585.6789875647523,1000.0,1586.4570725799995,1000.0,0.04148009496283183,0.0
885,1709190000000.0,0.0,0.0,201.0,0.3906299924298674,0.0,0.0,0.387,0.9516370391141176,1.0,1585.7813716984028,1000.0,1585.0517432199995,1000.0,0.04951289621614769,0.0
886,1709193600000.0,0.0,0.0,57.0,0.3906299924298674,0.0,0.0,0.4045,0.9516370391141176,1.0,1586.635829468502,1000.0,1587.4264198999995,1000.0,0.014033409024905968,0.0
887,1709197200000.0,0.0,0.0,0.0,0.3906299924298674,0.0,0.0,0.4137,0.9516370391141176,1.0,1587.6097709999992,1000.0,1587.6097709999992,1000.0,0.0,0.0
888,1709200800000.0,0.0,0.0,0.0,0.3906299924298674,0.0,0.0,0.405,0.9516370391141176,1.0,1587.6097709999992,1000.0,1587.6097709999992,1000.0,0.0,0.0
889,1709204400000.0,0.0,0.0,0.0,0.3906299924298674,0.0,0.0,0.4018,0.9516370391141176,1.0,1587.6097709999992,1000.0,1587.6097709999992,1000.0,0.0,0.0
890,1709208000000.0,0.0,0.0,199.0,0.3995,0.0,0.0,0.3967,0.9516370391141176,1.0,1587.5938708999993,1000.0,1587.0366708999993,1000.0,0.05007609405479221,0.0
891,1709211600000.0,0.0,0.0,597.0,0.3938333333333333,0.0,0.0,0.3922,0.9516370391141176,1.0,1587.5627472999993,1000.0,1586.5876472999994,1000.0,0.14810028794129296,0.0
892,1709215200000.0,0.0,0.0,415.0,0.3938333333333333,0.0,0.0,0.3943,0.9516370391141176,1.0,1588.2702007133328,1000.0,1588.4638673799993,1000.0,0.10290492969012947,0.0
893,1709218800000.0,0.0,0.0,201.0,0.39436948590381427,0.0,0.0,0.3902,0.9516370391141176,1.0,1589.3343287266664,1000.0,1588.4962620599997,1000.0,0.04987513654862936,0.0
894,1709222400000.0,0.0,0.0,203.0,0.3896643136261767,0.0,0.0,0.3892,0.9516370391141176,1.0,1591.064897646114,1000.0,1590.9706419800002,1000.0,0.0497162974201369,0.0
895,1709226000000.0,0.0,0.0,2936.0,0.3764045553977085,0.0,0.0,0.3783,0.9516370391141176,1.0,1595.5642569476722,1000.0,1601.1292823,1000.0,0.6926225439279915,0.0
896,1709229600000.0,0.0,0.0,0.0,0.3764045553977085,0.0,0.0,0.4636,0.9516370391141176,1.0,1622.0365178200002,1000.0,1622.0365178200002,1000.0,0.0,0.0
897,1709233200000.0,0.0,0.0,0.0,0.3764045553977085,0.0,0.0,0.472,0.9516370391141176,1.0,1622.0365178200002,1000.0,1622.0365178200002,1000.0,0.0,0.0
898,1709236800000.0,0.0,0.0,0.0,0.3764045553977085,0.0,0.0,0.4486,0.9516370391141176,1.0,1622.0365178200002,1000.0,1622.0365178200002,1000.0,0.0,0.0
899,1709240400000.0,0.0,0.0,0.0,0.3764045553977085,0.0,0.0,0.438,0.9516370391141176,1.0,1622.0365178200002,1000.0,1622.0365178200002,1000.0,0.0,0.0
900,1709244000000.0,0.0,0.0,27.0,0.4286,0.0,0.0,0.4414,0.9516370391141176,1.0,1623.6121348600002,1000.0,1623.9577348600003,1000.0,0.007127441185944227,0.0
901,1709247600000.0,0.0,0.0,330.0,0.4230433862433862,0.0,0.0,0.4259,0.9516370391141176,1.0,1624.5961740203177,1000.0,1625.53885656,1000.0,0.08593170394759991,0.0
902,1709251200000.0,0.0,0.0,40.0,0.4230433862433862,0.0,0.0,0.4315,0.9516370391141176,1.0,1626.3790939297357,1000.0,1626.7173584800003,1000.0,0.010404545602494396,0.0
903,1709254800000.0,0.0,0.0,0.0,0.4269157282094125,0.0,0.0,0.4495,0.9516370391141176,1.0,1628.28285658,1000.0,1628.28285658,1000.0,0.0,0.0
904,1709258400000.0,0.0,0.0,0.0,0.4269157282094125,0.0,0.0,0.4528,0.9516370391141176,1.0,1628.28285658,1000.0,1628.28285658,1000.0,0.0,0.0
905,1709262000000.0,0.0,0.0,0.0,0.4269157282094125,0.0,0.0,0.469,0.9516370391141176,1.0,1628.28285658,1000.0,1628.28285658,1000.0,0.0,0.0
906,1709265600000.0,0.0,0.0,0.0,0.4269157282094125,0.0,0.0,0.4684,0.9516370391141176,1.0,1628.28285658,1000.0,1628.28285658,1000.0,0.0,0.0
907,1709269200000.0,0.0,0.0,0.0,0.4269157282094125,0.0,0.0,0.4731,0.9516370391141176,1.0,1628.28285658,1000.0,1628.28285658,1000.0,0.0,0.0
908,1709272800000.0,0.0,0.0,0.0,0.4269157282094125,0.0,0.0,0.4683,0.9516370391141176,1.0,1628.28285658,1000.0,1628.28285658,1000.0,0.0,0.0
909,1709276400000.0,0.0,0.0,0.0,0.4269157282094125,0.0,0.0,0.49,0.9516370391141176,1.0,1628.28285658,1000.0,1628.28285658,1000.0,0.0,0.0
910,1709280000000.0,0.0,0.0,0.0,0.4269157282094125,0.0,0.0,0.4871,0.9516370391141176,1.0,1628.28285658,1000.0,1628.28285658,1000.0,0.0,0.0
911,1709283600000.0,0.0,0.0,0.0,0.4269157282094125,0.0,0.0,0.4831,0.9516370391141176,1.0,1628.28285658,1000.0,1628.28285658,1000.0,0.0,0.0
912,1709287200000.0,0.0,0.0,0.0,0.4269157282094125,0.0,0.0,0.4952,0.9516370391141176,1.0,1628.28285658,1000.0,1628.28285658,1000.0,0.0,0.0
913,1709290800000.0,0.0,0.0,171.0,0.4759,0.0,0.0,0.4756,0.9516370391141176,1.0,1628.2665808000002,1000.0,1628.2152808,1000.0,0.04997885540340508,0.0
914,1709294400000.0,0.0,0.0,143.0,0.4759,0.0,0.0,0.4733,0.9516370391141176,1.0,1628.39828888,1000.0,1628.0264888800002,1000.0,0.04179180269638259,0.0
915,1709298000000.0,0.0,0.0,429.0,0.4692333333333333,0.0,0.0,0.4651,0.9516370391141176,1.0,1628.3716394,1000.0,1626.5984394000002,1000.0,0.12362110413208416,0.0
916,1709301600000.0,0.0,0.0,6.0,0.4692333333333333,0.0,0.0,0.4909,0.9516370391141176,1.0,1631.9495186000001,1000.0,1632.0795186000003,1000.0,0.0017251759125584017,0.0
917,1709305200000.0,0.0,0.0,250.0,0.4671666666666666,0.0,0.0,0.4743,0.9516370391141176,1.0,1633.244283586667,1000.0,1635.0276169200004,1000.0,0.07150900072963223,0.0
918,1709308800000.0,0.0,0.0,97.0,0.4698075623419871,0.0,0.0,0.4814,0.9516370391141176,1.0,1634.535380507173,1000.0,1635.65984696,1000.0,0.02788029802880903,0.0
919,1709312400000.0,0.0,0.0,0.0,0.4698075623419871,0.0,0.0,0.4928,0.9516370391141176,1.0,1635.9583462200005,1000.0,1635.9583462200005,1000.0,0.0,0.0
920,1709316000000.0,0.0,0.0,0.0,0.4698075623419871,0.0,0.0,0.5119,0.9516370391141176,1.0,1635.9583462200005,1000.0,1635.9583462200005,1000.0,0.0,0.0
921,1709319600000.0,0.0,0.0,0.0,0.4698075623419871,0.0,0.0,0.5203,0.9516370391141176,1.0,1635.9583462200005,1000.0,1635.9583462200005,1000.0,0.0,0.0
922,1709323200000.0,0.0,0.0,0.0,0.4698075623419871,0.0,0.0,0.5094,0.9516370391141176,1.0,1635.9583462200005,1000.0,1635.9583462200005,1000.0,0.0,0.0
923,1709326800000.0,0.0,0.0,0.0,0.4698075623419871,0.0,0.0,0.5128,0.9516370391141176,1.0,1635.9583462200005,1000.0,1635.9583462200005,1000.0,0.0,0.0
924,1709330400000.0,0.0,0.0,0.0,0.4698075623419871,0.0,0.0,0.5227,0.9516370391141176,1.0,1635.9583462200005,1000.0,1635.9583462200005,1000.0,0.0,0.0
925,1709334000000.0,0.0,0.0,0.0,0.4698075623419871,0.0,0.0,0.5212,0.9516370391141176,1.0,1635.9583462200005,1000.0,1635.9583462200005,1000.0,0.0,0.0
926,1709337600000.0,0.0,0.0,161.0,0.5085,0.0,0.0,0.51,0.9516370391141176,1.0,1635.9419725200005,1000.0,1636.1834725200006,1000.0,0.05004364541970274,0.0
927,1709341200000.0,0.0,0.0,161.0,0.5085,0.0,0.0,0.5034,0.9516370391141176,1.0,1636.1769603600003,1000.0,1635.3558603600004,1000.0,0.05003645814813751,0.0
928,1709344800000.0,0.0,0.0,336.0,0.5013,0.0,0.0,0.506,0.9516370391141176,1.0,1636.8797203200002,1000.0,1638.45892032,1000.0,0.1029011465589369,0.0
929,1709348400000.0,0.0,0.0,336.0,0.5013,0.0,0.0,0.4995,0.9516370391141176,1.0,1636.8797203200002,1000.0,1636.27492032,1000.0,0.1029011465589369,0.0
930,1709352000000.0,0.0,0.0,336.0,0.5013,0.0,0.0,0.4963,0.9516370391141176,1.0,1636.8797203200002,1000.0,1635.19972032,1000.0,0.1029011465589369,0.0
931,1709355600000.0,0.0,0.0,80.0,0.5013,0.0,0.0,0.5089,0.9516370391141176,1.0,1638.90804288,1000.0,1639.51604288,1000.0,0.024469951303385234,0.0
932,1709359200000.0,0.0,0.0,44.0,0.5016564417177913,0.0,0.0,0.5105,0.9516370391141176,1.0,1639.5982115755828,1000.0,1639.98732814,1000.0,0.013462373452073805,0.0
933,1709362800000.0,0.0,0.0,0.0,0.5016564417177913,0.0,0.0,0.5213,0.9516370391141176,1.0,1640.2190884799998,1000.0,1640.2190884799998,1000.0,0.0,0.0
934,1709366400000.0,0.0,0.0,0.0,0.5016564417177913,0.0,0.0,0.5217,0.9516370391141176,1.0,1640.2190884799998,1000.0,1640.2190884799998,1000.0,0.0,0.0
935,1709370000000.0,0.0,0.0,21.0,0.5081,0.0,0.0,0.5136,0.9516370391141176,1.0,1641.2991786799994,1000.0,1641.4146786799995,1000.0,0.006501008553834369,0.0
936,1709373600000.0,0.0,0.0,483.0,0.5017128364389234,0.0,0.0,0.496,0.9516370391141176,1.0,1641.301804639999,1000.0,1638.5425046399992,1000.0,0.14764335195083256,0.0
937,1709377200000.0,0.0,0.0,483.0,0.5017128364389234,0.0,0.0,0.4964,0.9516370391141176,1.0,1641.301804639999,1000.0,1638.735704639999,1000.0,0.14764335195083256,0.0
938,1709380800000.0,0.0001376838095240846,0.0,3339.0,0.49160877508236,0.0,0.0,0.4877,0.9516370391141176,1.0,1641.0219737599991,1000.0,1627.970573759999,1000.0,1.0002801463035547,0.0
939,1709384400000.0,0.0,0.0,3306.0,0.49160877508236,0.0,0.0,0.4936,0.9516370391141176,1.0,1640.978847542281,1000.0,1647.561837119999,1000.0,0.9904202073393308,0.0
940,1709388000000.0,0.0,0.0,3306.0,0.49160877508236,0.0,0.0,0.4814,0.9516370391141176,1.0,1640.978847542281,1000.0,1607.228637119999,1000.0,0.9904202073393308,0.0
941,1709391600000.0,0.0,0.0,3306.0,0.49160877508236,0.0,0.0,0.4811,0.9516370391141176,1.0,1640.978847542281,1000.0,1606.2368371199989,1000.0,0.9904202073393308,0.0
942,1709395200000.0,0.0,0.0,3306.0,0.49160877508236,0.0,0.0,0.4744,0.9516370391141176,1.0,1640.978847542281,1000.0,1584.0866371199988,1000.0,0.9904202073393308,0.0
943,1709398800000.0,0.0,0.0,3306.0,0.49160877508236,0.0,0.0,0.4785,0.9516370391141176,1.0,1640.978847542281,1000.0,1597.6412371199988,1000.0,0.9904202073393308,0.0
944,1709402400000.0,0.0,0.0,3306.0,0.49160877508236,0.0,0.0,0.4786,0.9516370391141176,1.0,1640.978847542281,1000.0,1597.971837119999,1000.0,0.9904202073393308,0.0
945,1709406000000.0,0.0,0.0,3306.0,0.49160877508236,0.0,0.0,0.4812,0.9516370391141176,1.0,1640.978847542281,1000.0,1606.5674371199989,1000.0,0.9904202073393308,0.0
946,1709409600000.0,0.0,0.0,3306.0,0.49160877508236,0.0,0.0,0.4877,0.9516370391141176,1.0,1640.978847542281,1000.0,1628.056437119999,1000.0,0.9904202073393308,0.0
947,1709413200000.0,0.0,0.0,3306.0,0.49160877508236,0.0,0.0,0.485,0.9516370391141176,1.0,1640.978847542281,1000.0,1619.1302371199988,1000.0,0.9904202073393308,0.0
948,1709416800000.0,0.0,0.0,3306.0,0.49160877508236,0.0,0.0,0.4872,0.9516370391141176,1.0,1640.978847542281,1000.0,1626.403437119999,1000.0,0.9904202073393308,0.0
949,1709420400000.0,0.0,0.0,3272.0,0.49160877508236,0.0,0.0,0.4872,0.9516370391141176,1.0,1640.825636229481,1000.0,1626.4001241599992,1000.0,0.9803259265047927,0.0
950,1709424000000.0,0.0,0.0,3272.0,0.49160877508236,0.0,0.0,0.4884,0.9516370391141176,1.0,1640.825636229481,1000.0,1630.326524159999,1000.0,0.9803259265047927,0.0
951,1709427600000.0,0.0,0.0,1580.0,0.49160877508236,0.0,0.0,0.4964,0.9516370391141176,1.0,1649.1027393501276,1000.0,1656.6728747199988,1000.0,0.47100877713430056,0.0
952,1709431200000.0,0.0,0.0,1098.0,0.49160877508236,0.0,0.0,0.4911,0.9516370391141176,1.0,1651.46063752043,1000.0,1650.9020024799988,1000.0,0.32685395145166074,0.0
953,1709434800000.0,0.0,0.0,1098.0,0.49160877508236,0.0,0.0,0.4807,0.9516370391141176,1.0,1651.46063752043,1000.0,1639.4828024799988,1000.0,0.32685395145166074,0.0
954,1709438400000.0,0.0,0.0,1098.0,0.49160877508236,0.0,0.0,0.4842,0.9516370391141176,1.0,1651.46063752043,1000.0,1643.3258024799989,1000.0,0.32685395145166074,0.0
955,1709442000000.0,0.0,0.0,1098.0,0.49160877508236,0.0,0.0,0.4845,0.9516370391141176,1.0,1651.46063752043,1000.0,1643.6552024799987,1000.0,0.32685395145166074,0.0
956,1709445600000.0,0.0,0.0,1098.0,0.49160877508236,0.0,0.0,0.4791,0.9516370391141176,1.0,1651.46063752043,1000.0,1637.726002479999,1000.0,0.32685395145166074,0.0
957,1709449200000.0,0.00010986072429939776,0.0,3424.0,0.48236402892535957,0.0,0.0,0.475,0.9516370391141176,1.0,1651.23827192043,1000.0,1626.0238368799987,1000.0,1.0002278066868955,0.0
958,1709452800000.0,0.0,0.0,128.0,0.48236402892535957,0.0,0.0,0.5017,0.9516370391141176,1.0,1699.2075988224444,1000.0,1701.6826031199985,1000.0,0.03633611087028672,0.0
959,1709456400000.0,0.0,0.0,2.0,0.48236402892535957,0.0,0.0,0.4913,0.9516370391141176,1.0,1700.8689408378493,1000.0,1700.8868127799985,1000.0,0.0005671971747426309,0.0
960,1709460000000.0,0.0,0.0,0.0,0.48236402892535957,0.0,0.0,0.5129,0.9516370391141176,1.0,1700.8924150999985,1000.0,1700.8924150999985,1000.0,0.0,0.0
961,1709463600000.0,0.0,0.0,0.0,0.48236402892535957,0.0,0.0,0.5084,0.9516370391141176,1.0,1700.8924150999985,1000.0,1700.8924150999985,1000.0,0.0,0.0
962,1709467200000.0,0.0,0.0,0.0,0.48236402892535957,0.0,0.0,0.5083,0.9516370391141176,1.0,1700.8924150999985,1000.0,1700.8924150999985,1000.0,0.0,0.0
963,1709470800000.0,0.0,0.0,171.0,0.4977,0.0,0.0,0.501,0.9516370391141176,1.0,1700.8753937599986,1000.0,1701.4396937599986,1000.0,0.05003699877852953,0.0
964,1709474400000.0,0.0,0.0,8.0,0.4977,0.0,0.0,0.5112,0.9516370391141176,1.0,1702.5661272799991,1000.0,1702.674127279999,1000.0,0.002338587580360805,0.0
965,1709478000000.0,0.0,0.0,0.0,0.4977,0.0,0.0,0.5356,0.9516370391141176,1.0,1702.724799059999,1000.0,1702.724799059999,1000.0,0.0,0.0
966,1709481600000.0,0.0,0.0,0.0,0.4977,0.0,0.0,0.5303,0.9516370391141176,1.0,1702.724799059999,1000.0,1702.724799059999,1000.0,0.0,0.0
967,1709485200000.0,0.0,0.0,68.0,0.5126,0.0,0.0,0.5195,0.9516370391141176,1.0,1703.207231859999,1000.0,1703.676431859999,1000.0,0.020465389852727663,0.0
968,1709488800000.0,0.0,0.0,165.0,0.5139409638554218,0.0,0.0,0.5155,0.9516370391141176,1.0,1703.725980876143,1000.0,1703.9832218399984,1000.0,0.049773414262624535,0.0
969,1709492400000.0,0.0,0.0,165.0,0.5139409638554218,0.0,0.0,0.5073,0.9516370391141176,1.0,1703.725980876143,1000.0,1702.6302218399985,1000.0,0.049773414262624535,0.0
970,1709496000000.0,0.0,0.0,165.0,0.5139409638554218,0.0,0.0,0.5107,0.9516370391141176,1.0,1703.725980876143,1000.0,1703.1912218399984,1000.0,0.049773414262624535,0.0
971,1709499600000.0,0.0,0.0,495.0,0.5066469879518072,0.0,0.0,0.502,0.9516370391141176,1.0,1703.692782876143,1000.0,1701.3925238399984,1000.0,0.14720392171455057,0.0
972,1709503200000.0,0.0,0.0,495.0,0.5066469879518072,0.0,0.0,0.5049,0.9516370391141176,1.0,1703.692782876143,1000.0,1702.8280238399984,1000.0,0.14720392171455057,0.0
973,1709506800000.0,0.0,0.0,495.0,0.5066469879518072,0.0,0.0,0.5049,0.9516370391141176,1.0,1703.692782876143,1000.0,1702.8280238399984,1000.0,0.14720392171455057,0.0
974,1709510400000.0,0.0,0.0,495.0,0.5066469879518072,0.0,0.0,0.5061,0.9516370391141176,1.0,1703.692782876143,1000.0,1703.4220238399985,1000.0,0.14720392171455057,0.0
975,1709514000000.0,0.0,0.0,0.0,0.5061342624937619,0.0,0.0,0.539,0.9516370391141176,1.0,1710.1885778799983,1000.0,1710.1885778799983,1000.0,0.0,0.0
976,1709517600000.0,0.0,0.0,0.0,0.5061342624937619,0.0,0.0,0.5169,0.9516370391141176,1.0,1710.1885778799983,1000.0,1710.1885778799983,1000.0,0.0,0.0
977,1709521200000.0,0.0,0.0,167.0,0.5107,0.0,0.0,0.5039,0.9516370391141176,1.0,1710.1715204999982,1000.0,1709.0359204999982,1000.0,0.049870377899326086,0.0
978,1709524800000.0,0.0,0.0,501.0,0.5035000000000001,0.0,0.0,0.5019,0.9516370391141176,1.0,1710.1381271799983,1000.0,1709.3365271799983,1000.0,0.14750475180385791,0.0
979,1709528400000.0,0.0,0.0,291.0,0.5035000000000001,0.0,0.0,0.5124,0.9516370391141176,1.0,1711.1877659799982,1000.0,1713.7776659799981,1000.0,0.08562385900187218,0.0
980,1709532000000.0,0.0,0.0,30.0,0.5035000000000001,0.0,0.0,0.5156,0.9516370391141176,1.0,1713.7112732199985,1000.0,1714.0742732199985,1000.0,0.008814203556949405,0.0
981,1709535600000.0,0.0,0.0,141.0,0.507707100591716,0.0,0.0,0.5071,0.9516370391141176,1.0,1714.0546922834308,1000.0,1713.9690910999989,1000.0,0.04176453733110787,0.0
982,1709539200000.0,0.0,0.0,141.0,0.507707100591716,0.0,0.0,0.5065,0.9516370391141176,1.0,1714.0546922834308,1000.0,1713.8844910999987,1000.0,0.04176453733110787,0.0
983,1709542800000.0,0.0,0.0,141.0,0.507707100591716,0.0,0.0,0.5024,0.9516370391141176,1.0,1714.0546922834308,1000.0,1713.3063910999988,1000.0,0.04176453733110787,0.0
984,1709546400000.0,0.0,0.0,141.0,0.507707100591716,0.0,0.0,0.504,0.9516370391141176,1.0,1714.0546922834308,1000.0,1713.5319910999988,1000.0,0.04176453733110787,0.0
985,1709550000000.0,0.0,0.0,32.0,0.5036771388792203,0.0,0.0,0.5141,0.9516370391141176,1.0,1719.2578058241338,1000.0,1719.5913373799988,1000.0,0.00937478276354777,0.0
986,1709553600000.0,0.0,0.0,170.0,0.505378722057288,0.0,0.0,0.5056,0.9516370391141176,1.0,1719.2684483097378,1000.0,1719.3060655599988,1000.0,0.04997147643476145,0.0
987,1709557200000.0,0.0,0.0,170.0,0.505378722057288,0.0,0.0,0.5065,0.9516370391141176,1.0,1719.2684483097378,1000.0,1719.4590655599989,1000.0,0.04997147643476145,0.0
988,1709560800000.0,0.0,0.0,171.0,0.5046747166663613,0.0,0.0,0.503,0.9516370391141176,1.0,1720.4793247699467,1000.0,1720.192948219999,1000.0,0.050160077664105185,0.0
989,1709564400000.0,0.0,0.0,1619.0,0.48759520310372667,0.0,0.0,0.4912,0.9516370391141176,1.0,1732.6671902249325,1000.0,1738.5033563999991,1000.0,0.4556077695004154,0.0
990,1709568000000.0,0.0,0.0,98.0,0.49165429213021467,0.0,0.0,0.5031,0.9516370391141176,1.0,1740.5450899087598,1000.0,1741.6667692799988,1000.0,0.027682201919449707,0.0
991,1709571600000.0,0.0,0.0,174.0,0.49623491204789505,0.0,0.0,0.4916,0.9516370391141176,1.0,1740.8586593363325,1000.0,1740.0521846399988,1000.0,0.04959901496497768,0.0
992,1709575200000.0,0.00013429225770957725,0.0,3632.0,0.4793544809185941,0.0,0.0,0.4746,0.9516370391141176,1.0,1740.5277252163326,1000.0,1723.2594505199988,1000.0,1.000280230801805,0.0
993,1709578800000.0,0.0,0.0,422.0,0.4793544809185941,0.0,0.0,0.4982,0.9516370391141176,1.0,1766.0867215076455,1000.0,1774.0395305599989,1000.0,0.1145400101162422,0.0
994,1709582400000.0,0.0,0.0,0.0,0.4793544809185941,0.0,0.0,0.5126,0.9516370391141176,1.0,1773.968288319999,1000.0,1773.968288319999,1000.0,0.0,0.0
995,1709586000000.0,0.0,0.0,0.0,0.4793544809185941,0.0,0.0,0.5093,0.9516370391141176,1.0,1773.968288319999,1000.0,1773.968288319999,1000.0,0.0,0.0
996,1709589600000.0,0.0,0.0,179.0,0.496,0.0,0.0,0.4961,0.9516370391141176,1.0,1773.950531519999,1000.0,1773.968431519999,1000.0,0.05004874624318073,0.0
997,1709593200000.0,0.0,0.0,125.0,0.496,0.0,0.0,0.5037,0.9516370391141176,1.0,1774.215120719999,1000.0,1775.1776207199991,1000.0,0.03494502965054182,0.0
998,1709596800000.0,0.0,0.0,179.0,0.49571061452513965,0.0,0.0,0.4922,0.9516370391141176,1.0,1774.305786279999,1000.0,1773.677386279999,1000.0,0.05000953087462759,0.0
999,1709600400000.0,0.0,0.0,540.0,0.4881959755845231,0.0,0.0,0.4848,0.9516370391141176,1.0,1774.5294731356416,1000.0,1772.6956463199992,1000.0,0.1485609739407757,0.0
1000,1709604000000.0,0.0,0.0,540.0,0.4881959755845231,0.0,0.0,0.4868,0.9516370391141176,1.0,1774.5294731356416,1000.0,1773.7756463199992,1000.0,0.1485609739407757,0.0
1001,1709607600000.0,0.0,0.0,540.0,0.4881959755845231,0.0,0.0,0.481,0.9516370391141176,1.0,1774.5294731356416,1000.0,1770.643646319999,1000.0,0.1485609739407757,0.0
1002,1709611200000.0,0.0,0.0,713.0,0.4783732686834616,0.0,0.0,0.4841,0.9516370391141176,1.0,1788.2701556513073,1000.0,1792.3533150799992,1000.0,0.19073188661871004,0.0
1003,1709614800000.0,0.0,0.0,68.0,0.48384293328851147,0.0,0.0,0.4921,0.9516370391141176,1.0,1797.2446456836178,1000.0,1797.806126219999,1000.0,0.01830653358330307,0.0
1004,1709618400000.0,0.0,0.0,6.0,0.4856498349384799,0.0,0.0,0.5013,0.9516370391141176,1.0,1798.6459641096296,1000.0,1798.7398650999987,1000.0,0.0016200514541355698,0.0
1005,1709622000000.0,0.0,0.0,0.0,0.4856498349384799,0.0,0.0,0.5059,0.9516370391141176,1.0,1798.7818550199988,1000.0,1798.7818550199988,1000.0,0.0,0.0
1006,1709625600000.0,0.0,0.0,182.0,0.4937,0.0,0.0,0.4958,0.9516370391141176,1.0,1798.7638843399989,1000.0,1799.1460843399989,1000.0,0.049952859728984916,0.0
1007,1709629200000.0,0.0,0.0,182.0,0.4937,0.0,0.0,0.495,0.9516370391141176,1.0,1798.7638843399989,1000.0,1799.0004843399988,1000.0,0.049952859728984916,0.0
1008,1709632800000.0,0.0,0.0,182.0,0.4934582417582417,0.0,0.0,0.4954,0.9516370391141176,1.0,1799.0279767399988,1000.0,1799.3813767399988,1000.0,0.0499210691335344,0.0
1009,1709636400000.0,0.0,0.0,32.0,0.4934582417582417,0.0,0.0,0.4982,0.9516370391141176,1.0,1799.7542884762624,1000.0,1799.9060247399987,1000.0,0.008773788642911187,0.0
1010,1709640000000.0,0.0,0.0,182.0,0.4935984422171235,0.0,0.0,0.4952,0.9516370391141176,1.0,1799.9105754635154,1000.0,1800.202058979999,1000.0,0.04991076651704325,0.0
1011,1709643600000.0,0.0,0.0,182.0,0.4940016842474033,0.0,0.0,0.4944,0.9516370391141176,1.0,1800.5764252130264,1000.0,1800.648918679999,1000.0,0.049933068807335036,0.0
1012,1709647200000.0,0.0,0.0,182.0,0.4940016842474033,0.0,0.0,0.4946,0.9516370391141176,1.0,1800.5764252130264,1000.0,1800.685318679999,1000.0,0.049933068807335036,0.0
1013,1709650800000.0,0.0,0.0,144.0,0.48700056141580106,0.0,0.0,0.5039,0.9516370391141176,1.0,1803.8010859438743,1000.0,1806.234605099999,1000.0,0.03887794579477119,0.0
1014,1709654400000.0,0.0,0.0,0.0,0.49170235150809694,0.0,0.0,0.5079,0.9516370391141176,1.0,1809.4553255399987,1000.0,1809.4553255399987,1000.0,0.0,0.0
1015,1709658000000.0,0.0,0.0,0.0,0.4867,0.0,0.0,0.5186,0.9516370391141176,1.0,1814.6107935399982,1000.0,1814.6107935399982,1000.0,0.0,0.0
1016,1709661600000.0,0.0,0.0,305.0,0.48993205828779596,0.0,0.0,0.4869,0.9516370391141176,1.0,1818.5329192977763,1000.0,1817.6081415199985,1000.0,0.08217023524406677,0.0
1017,1709665200000.0,0.00010489147319138989,0.0,3842.0,0.47334775579848454,0.0,0.0,0.4635,0.9516370391141176,1.0,1818.1990847377763,1000.0,1780.3640069599987,1000.0,1.0002216440671343,0.0
1018,1709668800000.0,0.00010489147319138989,0.0,3842.0,0.47334775579848454,0.0,0.0,0.448,0.9516370391141176,1.0,1818.1990847377763,1000.0,1720.8130069599988,1000.0,1.0002216440671343,0.0
1019,1709672400000.0,5.1184887742384754e-05,0.0,3875.0,0.46999145442095386,0.0,0.0,0.4549,0.9516370391141176,1.0,1821.0185444411945,1000.0,1762.5391585599984,1000.0,1.000108917858419,0.0
1020,1709676000000.0,0.0,0.0,0.0,0.46999145442095386,0.0,0.0,0.4913,0.9516370391141176,1.0,1848.0064436599978,1000.0,1848.0064436599978,1000.0,0.0,0.0
1021,1709679600000.0,0.0,0.0,0.0,0.46999145442095386,0.0,0.0,0.5068,0.9516370391141176,1.0,1848.0064436599978,1000.0,1848.0064436599978,1000.0,0.0,0.0
1022,1709683200000.0,0.0,0.0,0.0,0.46999145442095386,0.0,0.0,0.5145,0.9516370391141176,1.0,1848.0064436599978,1000.0,1848.0064436599978,1000.0,0.0,0.0
1023,1709686800000.0,0.0,0.0,0.0,0.46999145442095386,0.0,0.0,0.5153,0.9516370391141176,1.0,1848.0064436599978,1000.0,1848.0064436599978,1000.0,0.0,0.0
1024,1709690400000.0,0.0,0.0,186.0,0.4956,0.0,0.0,0.4955,0.9516370391141176,1.0,1847.9880073399977,1000.0,1847.9694073399976,1000.0,0.04988214189370559,0.0
1025,1709694000000.0,0.00010004169430118724,0.0,3860.0,0.47876243523316064,0.0,0.0,0.4805,0.9516370391141176,1.0,1847.6368390599976,1000.0,1854.3438390599974,1000.0,1.0002090026199082,0.0
1026,1709697600000.0,0.0,0.0,1080.0,0.47876243523316064,0.0,0.0,0.4833,0.9516370391141176,1.0,1860.8163875118112,1000.0,1865.7169574599977,1000.0,0.27786912965830246,0.0
1027,1709701200000.0,0.0,0.0,0.0,0.47876243523316064,0.0,0.0,0.5104,0.9516370391141176,1.0,1870.0165836799977,1000.0,1870.0165836799977,1000.0,0.0,0.0
1028,1709704800000.0,0.0,0.0,0.0,0.47876243523316064,0.0,0.0,0.5135,0.9516370391141176,1.0,1870.0165836799977,1000.0,1870.0165836799977,1000.0,0.0,0.0
1029,1709708400000.0,0.0,0.0,0.0,0.47876243523316064,0.0,0.0,0.5326,0.9516370391141176,1.0,1870.0165836799977,1000.0,1870.0165836799977,1000.0,0.0,0.0
1030,1709712000000.0,0.0,0.0,0.0,0.47876243523316064,0.0,0.0,0.5247,0.9516370391141176,1.0,1870.0165836799977,1000.0,1870.0165836799977,1000.0,0.0,0.0
1031,1709715600000.0,0.0,0.0,184.0,0.5078,0.0,0.0,0.5089,0.9516370391141176,1.0,1869.9978966399976,1000.0,1870.2002966399975,1000.0,0.04996540379424163,0.0
1032,1709719200000.0,0.0,0.0,184.0,0.5078,0.0,0.0,0.5055,0.9516370391141176,1.0,1869.9978966399976,1000.0,1869.5746966399977,1000.0,0.04996540379424163,0.0
1033,1709722800000.0,0.0,0.0,184.0,0.5078,0.0,0.0,0.5009,0.9516370391141176,1.0,1869.9978966399976,1000.0,1868.7282966399976,1000.0,0.04996540379424163,0.0
1034,1709726400000.0,0.0,0.0,184.0,0.5078,0.0,0.0,0.5017,0.9516370391141176,1.0,1869.9978966399976,1000.0,1868.8754966399977,1000.0,0.04996540379424163,0.0
1035,1709730000000.0,0.0,0.0,2621.0,0.4905087093389297,0.0,0.0,0.4955,0.9516370391141176,1.0,1875.3856356373324,1000.0,1888.4678084599975,1000.0,0.6855247810088017,0.0
1036,1709733600000.0,0.0,0.0,1821.0,0.4905087093389297,0.0,0.0,0.4935,0.9516370391141176,1.0,1879.2993881661887,1000.0,1884.7465284599978,1000.0,0.47529221013464346,0.0
1037,1709737200000.0,0.0,0.0,296.0,0.4905087093389297,0.0,0.0,0.4909,0.9516370391141176,1.0,1886.7599789243204,1000.0,1886.8758009599972,1000.0,0.07695233076074638,0.0
1038,1709740800000.0,0.0,0.0,247.0,0.4905087093389297,0.0,0.0,0.4942,0.9516370391141176,1.0,1886.9996962667128,1000.0,1887.9114450599973,1000.0,0.06420544287654788,0.0
1039,1709744400000.0,0.0,0.0,134.0,0.4920291671931569,0.0,0.0,0.4965,0.9516370391141176,1.0,1887.9875346238805,1000.0,1888.5866262199975,1000.0,0.034921792223070895,0.0
1040,1709748000000.0,0.0,0.0,10.0,0.4920291671931569,0.0,0.0,0.504,0.9516370391141176,1.0,1888.8923321319292,1000.0,1889.0120404599975,1000.0,0.002604855548531028,0.0
1041,1709751600000.0,0.0,0.0,0.0,0.4920291671931569,0.0,0.0,0.519,0.9516370391141176,1.0,1889.0350276599977,1000.0,1889.0350276599977,1000.0,0.0,0.0
1042,1709755200000.0,0.0,0.0,0.0,0.4920291671931569,0.0,0.0,0.5323,0.9516370391141176,1.0,1889.0350276599977,1000.0,1889.0350276599977,1000.0,0.0,0.0
1043,1709758800000.0,0.0,0.0,0.0,0.4920291671931569,0.0,0.0,0.5277,0.9516370391141176,1.0,1889.0350276599977,1000.0,1889.0350276599977,1000.0,0.0,0.0
1044,1709762400000.0,0.0,0.0,0.0,0.4920291671931569,0.0,0.0,0.5482,0.9516370391141176,1.0,1889.0350276599977,1000.0,1889.0350276599977,1000.0,0.0,0.0
1045,1709766000000.0,0.0,0.0,0.0,0.4920291671931569,0.0,0.0,0.5535,0.9516370391141176,1.0,1889.0350276599977,1000.0,1889.0350276599977,1000.0,0.0,0.0
1046,1709769600000.0,0.0,0.0,0.0,0.4920291671931569,0.0,0.0,0.5798,0.9516370391141176,1.0,1889.0350276599977,1000.0,1889.0350276599977,1000.0,0.0,0.0
1047,1709773200000.0,0.0,0.0,0.0,0.4920291671931569,0.0,0.0,0.5756,0.9516370391141176,1.0,1889.0350276599977,1000.0,1889.0350276599977,1000.0,0.0,0.0
1048,1709776800000.0,0.0,0.0,0.0,0.4920291671931569,0.0,0.0,0.5701,0.9516370391141176,1.0,1889.0350276599977,1000.0,1889.0350276599977,1000.0,0.0,0.0
1049,1709780400000.0,0.0,0.0,0.0,0.4920291671931569,0.0,0.0,0.5726,0.9516370391141176,1.0,1889.0350276599977,1000.0,1889.0350276599977,1000.0,0.0,0.0
1050,1709784000000.0,0.0,0.0,0.0,0.4920291671931569,0.0,0.0,0.5595,0.9516370391141176,1.0,1889.0350276599977,1000.0,1889.0350276599977,1000.0,0.0,0.0
1051,1709787600000.0,0.0,0.0,0.0,0.4920291671931569,0.0,0.0,0.5785,0.9516370391141176,1.0,1889.0350276599977,1000.0,1889.0350276599977,1000.0,0.0,0.0
1052,1709791200000.0,0.0,0.0,0.0,0.4920291671931569,0.0,0.0,0.5662,0.9516370391141176,1.0,1889.0350276599977,1000.0,1889.0350276599977,1000.0,0.0,0.0
1053,1709794800000.0,0.0,0.0,30.0,0.5605,0.0,0.0,0.5669,0.9516370391141176,1.0,1890.1582692599975,1000.0,1890.3502692599975,1000.0,0.008896080435943136,0.0
1054,1709798400000.0,0.0,0.0,5.0,0.5605,0.0,0.0,0.5781,0.9516370391141176,1.0,1890.4844009599976,1000.0,1890.5724009599976,1000.0,0.001482424292195628,0.0
1055,1709802000000.0,0.0,0.0,0.0,0.5605,0.0,0.0,0.5938,0.9516370391141176,1.0,1890.5550262199977,1000.0,1890.5550262199977,1000.0,0.0,0.0
1056,1709805600000.0,0.0,0.0,0.0,0.5605,0.0,0.0,0.5886,0.9516370391141176,1.0,1890.5550262199977,1000.0,1890.5550262199977,1000.0,0.0,0.0
1057,1709809200000.0,0.0,0.0,0.0,0.5605,0.0,0.0,0.5818,0.9516370391141176,1.0,1890.5550262199977,1000.0,1890.5550262199977,1000.0,0.0,0.0
1058,1709812800000.0,0.0,0.0,164.0,0.5754,0.0,0.0,0.5784,0.9516370391141176,1.0,1890.5361530999976,1000.0,1891.0281530999976,1000.0,0.04991472913398903,0.0
1059,1709816400000.0,0.0,0.0,164.0,0.5756542682926828,0.0,0.0,0.575,0.9516370391141176,1.0,1891.4806571799975,1000.0,1891.3733571799976,1000.0,0.04991185061376813,0.0
1060,1709820000000.0,0.0,0.0,25.0,0.5756542682926828,0.0,0.0,0.5831,0.9516370391141176,1.0,1892.2770481873144,1000.0,1892.4631914799975,1000.0,0.007605311664643985,0.0
1061,1709823600000.0,0.0,0.0,176.0,0.5688735536882807,0.0,0.0,0.5814,0.9516370391141176,1.0,1895.0878202291346,1000.0,1897.2924747799973,1000.0,0.0528322457568387,0.0
1062,1709827200000.0,0.0,0.0,0.0,0.5733272525563688,0.0,0.0,0.5978,0.9516370391141176,1.0,1898.4416721599976,1000.0,1898.4416721599976,1000.0,0.0,0.0
1063,1709830800000.0,0.0,0.0,0.0,0.5733272525563688,0.0,0.0,0.6073,0.9516370391141176,1.0,1898.4416721599976,1000.0,1898.4416721599976,1000.0,0.0,0.0
1064,1709834400000.0,0.0,0.0,0.0,0.5733272525563688,0.0,0.0,0.5951,0.9516370391141176,1.0,1898.4416721599976,1000.0,1898.4416721599976,1000.0,0.0,0.0
1065,1709838000000.0,0.0,0.0,161.0,0.5882,0.0,0.0,0.5883,0.9516370391141176,1.0,1898.4227321199976,1000.0,1898.4388321199976,1000.0,0.049883620964782084,0.0
1066,1709841600000.0,0.0,0.0,161.0,0.5882,0.0,0.0,0.5919,0.9516370391141176,1.0,1898.4227321199976,1000.0,1899.0184321199977,1000.0,0.049883620964782084,0.0
1067,1709845200000.0,0.0,0.0,56.0,0.5882,0.0,0.0,0.5921,0.9516370391141176,1.0,1899.0297560199974,1000.0,1899.2481560199974,1000.0,0.017345278501077442,0.0
1068,1709848800000.0,0.0,0.0,135.0,0.5878074074074074,0.0,0.0,0.5901,0.9516370391141176,1.0,1899.1731929199975,1000.0,1899.4826929199976,1000.0,0.04178344570986306,0.0
1069,1709852400000.0,0.0,0.0,24.0,0.5878074074074074,0.0,0.0,0.5907,0.9516370391141176,1.0,1900.1104312777752,1000.0,1900.1798534999975,1000.0,0.0074245041475252205,0.0
1070,1709856000000.0,0.0,0.0,40.0,0.588396756383713,0.0,0.0,0.6087,0.9516370391141176,1.0,1901.503574895346,1000.0,1902.3157046399974,1000.0,0.012377505131245348,0.0
1071,1709859600000.0,0.0,0.0,0.0,0.588396756383713,0.0,0.0,0.6124,0.9516370391141176,1.0,1902.3236324799975,1000.0,1902.3236324799975,1000.0,0.0,0.0
1072,1709863200000.0,0.0,0.0,0.0,0.588396756383713,0.0,0.0,0.6218,0.9516370391141176,1.0,1902.3236324799975,1000.0,1902.3236324799975,1000.0,0.0,0.0
1073,1709866800000.0,0.0,0.0,0.0,0.588396756383713,0.0,0.0,0.6121,0.9516370391141176,1.0,1902.3236324799975,1000.0,1902.3236324799975,1000.0,0.0,0.0
1074,1709870400000.0,0.0,0.0,0.0,0.588396756383713,0.0,0.0,0.635,0.9516370391141176,1.0,1902.3236324799975,1000.0,1902.3236324799975,1000.0,0.0,0.0
1075,1709874000000.0,0.0,0.0,0.0,0.588396756383713,0.0,0.0,0.6325,0.9516370391141176,1.0,1902.3236324799975,1000.0,1902.3236324799975,1000.0,0.0,0.0
1076,1709877600000.0,0.0,0.0,40.0,0.6148,0.0,0.0,0.6204,0.9516370391141176,1.0,1903.3100293199977,1000.0,1903.5340293199977,1000.0,0.01292064856548151,0.0
1077,1709881200000.0,0.0,0.0,39.0,0.6151122580645161,0.0,0.0,0.6287,0.9516370391141176,1.0,1904.2399191845138,1000.0,1904.7698411199976,1000.0,0.012597875836354445,0.0
1078,1709884800000.0,0.0,0.0,0.0,0.6151122580645161,0.0,0.0,0.644,0.9516370391141176,1.0,1905.119366359998,1000.0,1905.119366359998,1000.0,0.0,0.0
1079,1709888400000.0,0.0,0.0,0.0,0.6151122580645161,0.0,0.0,0.6346,0.9516370391141176,1.0,1905.119366359998,1000.0,1905.119366359998,1000.0,0.0,0.0
1080,1709892000000.0,0.0,0.0,0.0,0.6151122580645161,0.0,0.0,0.6346,0.9516370391141176,1.0,1905.119366359998,1000.0,1905.119366359998,1000.0,0.0,0.0
1081,1709895600000.0,0.0,0.0,0.0,0.6151122580645161,0.0,0.0,0.6345,0.9516370391141176,1.0,1905.119366359998,1000.0,1905.119366359998,1000.0,0.0,0.0
1082,1709899200000.0,0.0,0.0,0.0,0.6151122580645161,0.0,0.0,0.637,0.9516370391141176,1.0,1905.119366359998,1000.0,1905.119366359998,1000.0,0.0,0.0
1083,1709902800000.0,0.0,0.0,152.0,0.6286,0.0,0.0,0.6279,0.9516370391141176,1.0,1905.100256919998,1000.0,1904.993856919998,1000.0,0.05015337101180832,0.0
1084,1709906400000.0,0.0,0.0,127.0,0.6282065789473684,0.0,0.0,0.6343,0.9516370391141176,1.0,1905.532607706314,1000.0,1906.306472179998,1000.0,0.04186873276461509,0.0
1085,1709910000000.0,0.0,0.0,456.0,0.6189436086103417,0.0,0.0,0.6218,0.9516370391141176,1.0,1905.721669926314,1000.0,1907.0241843999981,1000.0,0.14810047552076622,0.0
1086,1709913600000.0,0.0,0.0,106.0,0.6123226835496125,0.0,0.0,0.6235,0.9516370391141176,1.0,1947.8949807762565,1000.0,1949.0797763199976,1000.0,0.03332120319463687,0.0
1087,1709917200000.0,0.0,0.0,157.0,0.6207930470212036,0.0,0.0,0.6172,0.9516370391141176,1.0,1952.711180602327,1000.0,1952.147072219998,1000.0,0.04991240350877972,0.0
1088,1709920800000.0,0.0,0.0,157.0,0.6207930470212036,0.0,0.0,0.6194,0.9516370391141176,1.0,1952.711180602327,1000.0,1952.492472219998,1000.0,0.04991240350877972,0.0
1089,1709924400000.0,6.964012899319445e-05,0.0,3256.0,0.5996827114196341,0.0,0.0,0.5975,0.9516370391141176,1.0,1952.340160122327,1000.0,1945.2332517399984,1000.0,1.0001161417793032,0.0
1090,1709928000000.0,6.964012899319445e-05,0.0,3256.0,0.5996827114196341,0.0,0.0,0.5958,0.9516370391141176,1.0,1952.340160122327,1000.0,1939.6980517399982,1000.0,1.0001161417793032,0.0
1091,1709931600000.0,0.0,0.0,3223.0,0.5996827114196341,0.0,0.0,0.6027,0.9516370391141176,1.0,1952.307078565479,1000.0,1962.0317996599983,1000.0,0.9899966045944226,0.0
1092,1709935200000.0,0.0,0.0,463.0,0.5996827114196341,0.0,0.0,0.6061,0.9516370391141176,1.0,1973.8573930472885,1000.0,1976.828597659998,1000.0,0.14066522554531818,0.0
1093,1709938800000.0,0.0,0.0,225.0,0.5996827114196341,0.0,0.0,0.6022,0.9516370391141176,1.0,1975.2606764094155,1000.0,1975.8270663399978,1000.0,0.06830926757205934,0.0
1094,1709942400000.0,0.0,0.0,188.0,0.5996827114196341,0.0,0.0,0.6043,0.9516370391141176,1.0,1975.4788339068891,1000.0,1976.346884159998,1000.0,0.05706988493717521,0.0
1095,1709946000000.0,0.0,0.0,24.0,0.5996827114196341,0.0,0.0,0.6155,0.9516370391141176,1.0,1977.2429428140692,1000.0,1977.622557739998,1000.0,0.007279017040560307,0.0
1096,1709949600000.0,0.0,0.0,3.0,0.5996827114196341,0.0,0.0,0.6166,0.9516370391141176,1.0,1977.5455261742572,1000.0,1977.5962780399984,1000.0,0.0009097379101756134,0.0
1097,1709953200000.0,0.0,0.0,0.0,0.5996827114196341,0.0,0.0,0.625,0.9516370391141176,1.0,1977.6035065599986,1000.0,1977.6035065599986,1000.0,0.0,0.0
1098,1709956800000.0,0.0,0.0,0.0,0.5996827114196341,0.0,0.0,0.6209,0.9516370391141176,1.0,1977.6035065599986,1000.0,1977.6035065599986,1000.0,0.0,0.0
1099,1709960400000.0,0.0,0.0,0.0,0.5996827114196341,0.0,0.0,0.6163,0.9516370391141176,1.0,1977.6035065599986,1000.0,1977.6035065599986,1000.0,0.0,0.0
1100,1709964000000.0,0.0,0.0,0.0,0.5996827114196341,0.0,0.0,0.6195,0.9516370391141176,1.0,1977.6035065599986,1000.0,1977.6035065599986,1000.0,0.0,0.0
1101,1709967600000.0,0.0,0.0,0.0,0.5996827114196341,0.0,0.0,0.6254,0.9516370391141176,1.0,1977.6035065599986,1000.0,1977.6035065599986,1000.0,0.0,0.0
1102,1709971200000.0,0.0,0.0,0.0,0.5996827114196341,0.0,0.0,0.6314,0.9516370391141176,1.0,1977.6035065599986,1000.0,1977.6035065599986,1000.0,0.0,0.0
1103,1709974800000.0,0.0,0.0,0.0,0.5996827114196341,0.0,0.0,0.6289,0.9516370391141176,1.0,1977.6035065599986,1000.0,1977.6035065599986,1000.0,0.0,0.0
1104,1709978400000.0,0.0,0.0,159.0,0.6205,0.0,0.0,0.6229,0.9516370391141176,1.0,1977.5837746599987,1000.0,1977.9653746599986,1000.0,0.04988891053020614,0.0
1105,1709982000000.0,0.0,0.0,133.0,0.6205,0.0,0.0,0.6222,0.9516370391141176,1.0,1977.7443152999988,1000.0,1977.9704152999989,1000.0,0.04172758802114508,0.0
1106,1709985600000.0,0.0,0.0,133.0,0.6205,0.0,0.0,0.6201,0.9516370391141176,1.0,1977.7443152999988,1000.0,1977.6911152999987,1000.0,0.04172758802114508,0.0
1107,1709989200000.0,0.0,0.0,133.0,0.6205,0.0,0.0,0.6172,0.9516370391141176,1.0,1977.7443152999988,1000.0,1977.3054152999987,1000.0,0.04172758802114508,0.0
1108,1709992800000.0,0.0,0.0,160.0,0.6189,0.0,0.0,0.6194,0.9516370391141176,1.0,1979.339478839998,1000.0,1979.419478839998,1000.0,0.05002881065052748,0.0
1109,1709996400000.0,0.0,0.0,160.0,0.6189,0.0,0.0,0.6223,0.9516370391141176,1.0,1979.339478839998,1000.0,1979.8834788399981,1000.0,0.05002881065052748,0.0
1110,1710000000000.0,0.0,0.0,134.0,0.6189,0.0,0.0,0.6214,0.9516370391141176,1.0,1979.497428319998,1000.0,1979.8324283199981,1000.0,0.041895785674440106,0.0
1111,1710003600000.0,0.0,0.0,134.0,0.6189,0.0,0.0,0.6213,0.9516370391141176,1.0,1979.497428319998,1000.0,1979.819028319998,1000.0,0.041895785674440106,0.0
1112,1710007200000.0,0.0,0.0,134.0,0.6189,0.0,0.0,0.6131,0.9516370391141176,1.0,1979.497428319998,1000.0,1978.7202283199981,1000.0,0.041895785674440106,0.0
1113,1710010800000.0,0.0,0.0,134.0,0.6189,0.0,0.0,0.6167,0.9516370391141176,1.0,1979.497428319998,1000.0,1979.2026283199982,1000.0,0.041895785674440106,0.0
1114,1710014400000.0,0.0,0.0,134.0,0.6189,0.0,0.0,0.6146,0.9516370391141176,1.0,1979.497428319998,1000.0,1978.9212283199981,1000.0,0.041895785674440106,0.0
1115,1710018000000.0,0.0,0.0,134.0,0.6189,0.0,0.0,0.6107,0.9516370391141176,1.0,1979.497428319998,1000.0,1978.3986283199981,1000.0,0.041895785674440106,0.0
1116,1710021600000.0,0.0,0.0,402.0,0.6102333333333333,0.0,0.0,0.6145,0.9516370391141176,1.0,1979.464952079998,1000.0,1981.1801520799982,1000.0,0.12392934754526833,0.0
1117,1710025200000.0,0.0,0.0,67.0,0.6102333333333333,0.0,0.0,0.6166,0.9516370391141176,1.0,1981.489486613331,1000.0,1981.9160532799979,1000.0,0.020633787668090604,0.0
1118,1710028800000.0,0.0,0.0,162.0,0.6113238683127572,0.0,0.0,0.6131,0.9516370391141176,1.0,1981.5429915866644,1000.0,1981.8307249199977,1000.0,0.04997845975946635,0.0
1119,1710032400000.0,0.0,0.0,54.0,0.6113238683127572,0.0,0.0,0.6248,0.9516370391141176,1.0,1982.2720607288866,1000.0,1982.9997718399977,1000.0,0.016653359315749263,0.0
1120,1710036000000.0,0.0,0.0,5.0,0.6113238683127572,0.0,0.0,0.62,0.9516370391141176,1.0,1982.917869821562,1000.0,1982.9612504799982,1000.0,0.0015414755134759283,0.0
1121,1710039600000.0,0.0,0.0,161.0,0.6141,0.0,0.0,0.6131,0.9516370391141176,1.0,1982.9399566399982,1000.0,1982.7789566399981,1000.0,0.04986035995135773,0.0
1122,1710043200000.0,0.0,0.0,161.0,0.6141,0.0,0.0,0.6077,0.9516370391141176,1.0,1982.9399566399982,1000.0,1981.909556639998,1000.0,0.04986035995135773,0.0
1123,1710046800000.0,0.0,0.0,161.0,0.6141,0.0,0.0,0.6057,0.9516370391141176,1.0,1982.9399566399982,1000.0,1981.5875566399982,1000.0,0.04986035995135773,0.0
1124,1710050400000.0,0.0,0.0,483.0,0.6054333333333333,0.0,0.0,0.5998,0.9516370391141176,1.0,1982.9012457999982,1000.0,1980.1803457999981,1000.0,0.14747295187765233,0.0
1125,1710054000000.0,0.0,0.0,483.0,0.6054333333333333,0.0,0.0,0.6013,0.9516370391141176,1.0,1982.9012457999982,1000.0,1980.9048457999982,1000.0,0.14747295187765233,0.0
1126,1710057600000.0,0.0,0.0,483.0,0.6054333333333333,0.0,0.0,0.6019,0.9516370391141176,1.0,1982.9012457999982,1000.0,1981.1946457999982,1000.0,0.14747295187765233,0.0
1127,1710061200000.0,0.0,0.0,483.0,0.6054333333333333,0.0,0.0,0.6075,0.9516370391141176,1.0,1982.9012457999982,1000.0,1983.8994457999981,1000.0,0.14747295187765233,0.0
1128,1710064800000.0,0.0,0.0,2757.0,0.5932570616397366,0.0,0.0,0.5921,0.9516370391141176,1.0,1985.707962540752,1000.0,1982.5179435999983,1000.0,0.8236909705735174,0.0
1129,1710068400000.0,0.0,0.0,87.0,0.5932570616397366,0.0,0.0,0.6082,0.9516370391141176,1.0,2016.1182620426553,1000.0,2017.4182976799982,1000.0,0.025600365481717506,0.0
1130,1710072000000.0,0.0,0.0,168.0,0.5984190205465788,0.0,0.0,0.6005,0.9516370391141176,1.0,2016.4619803518233,1000.0,2016.811584899998,1000.0,0.04985682667534572,0.0
1131,1710075600000.0,0.0,0.0,168.0,0.5984190205465788,0.0,0.0,0.5957,0.9516370391141176,1.0,2016.4619803518233,1000.0,2016.005184899998,1000.0,0.04985682667534572,0.0
1132,1710079200000.0,0.0,0.0,504.0,0.5899396735155262,0.0,0.0,0.5905,0.9516370391141176,1.0,2016.4226213118234,1000.0,2016.7050258599982,1000.0,0.14745400706643116,0.0
1133,1710082800000.0,0.0,0.0,504.0,0.5899396735155262,0.0,0.0,0.589,0.9516370391141176,1.0,2016.4226213118234,1000.0,2015.949025859998,1000.0,0.14745400706643116,0.0
1134,1710086400000.0,0.0,0.0,504.0,0.5899396735155262,0.0,0.0,0.586,0.9516370391141176,1.0,2016.4226213118234,1000.0,2014.4370258599981,1000.0,0.14745400706643116,0.0
1135,1710090000000.0,0.0,0.0,504.0,0.5899396735155262,0.0,0.0,0.5892,0.9516370391141176,1.0,2016.4226213118234,1000.0,2016.0498258599982,1000.0,0.14745400706643116,0.0
1136,1710093600000.0,0.0,0.0,504.0,0.5899396735155262,0.0,0.0,0.5946,0.9516370391141176,1.0,2016.4226213118234,1000.0,2018.771425859998,1000.0,0.14745400706643116,0.0
1137,1710097200000.0,0.0,0.0,84.0,0.5899396735155262,0.0,0.0,0.5932,0.9516370391141176,1.0,2018.8759028353027,1000.0,2019.1497702599984,1000.0,0.02454580418029133,0.0
1138,1710100800000.0,0.0,0.0,42.0,0.5899396735155262,0.0,0.0,0.5917,0.9516370391141176,1.0,2019.1212309876505,1000.0,2019.1951646999985,1000.0,0.012271410902619373,0.0
1139,1710104400000.0,0.0,0.0,42.0,0.5899396735155262,0.0,0.0,0.5956,0.9516370391141176,1.0,2019.1212309876505,1000.0,2019.3589646999983,1000.0,0.012271410902619373,0.0
1140,1710108000000.0,0.0,0.0,171.0,0.5899947082031163,0.0,0.0,0.5861,0.9516370391141176,1.0,2019.260533942731,1000.0,2018.594538839998,1000.0,0.04996338679771089,0.0
1141,1710111600000.0,0.0,0.0,2953.0,0.5699785760944772,0.0,0.0,0.5771,0.9516370391141176,1.0,2022.1845324469896,1000.0,2043.2140972399982,1000.0,0.8323408216213888,0.0
1142,1710115200000.0,0.0,0.0,0.0,0.5699785760944772,0.0,0.0,0.6029,0.9516370391141176,1.0,2071.7377879199976,1000.0,2071.7377879199976,1000.0,0.0,0.0
1143,1710118800000.0,0.0,0.0,2440.0,0.5659634426229508,0.0,0.0,0.5785,0.9516370391141176,1.0,2081.4759490799975,1000.0,2112.0651490799974,1000.0,0.6634478772672698,0.0
1144,1710122400000.0,0.0,0.0,127.0,0.578001014047846,0.0,0.0,0.5854,0.9516370391141176,1.0,2125.169262744073,1000.0,2126.1089339599966,1000.0,0.03454130928342741,0.0
1145,1710126000000.0,0.0,0.0,182.0,0.5814815993601196,0.0,0.0,0.5858,0.9516370391141176,1.0,2125.900545603539,1000.0,2126.6864945199973,1000.0,0.04978109220697196,0.0
1146,1710129600000.0,0.0,0.0,75.0,0.5814815993601196,0.0,0.0,0.5886,0.9516370391141176,1.0,2126.510546252006,1000.0,2127.044426299997,1000.0,0.020508301747608995,0.0
1147,1710133200000.0,0.0,0.0,17.0,0.5814815993601196,0.0,0.0,0.5868,0.9516370391141176,1.0,2126.958777289119,1000.0,2127.049190099997,1000.0,0.004647568770336507,0.0
1148,1710136800000.0,0.0,0.0,182.0,0.5838754637046212,0.0,0.0,0.5837,0.9516370391141176,1.0,2126.9841784142372,1000.0,2126.952244019996,1000.0,0.04996056645492618,0.0
1149,1710140400000.0,0.0,0.0,106.0,0.5838754637046212,0.0,0.0,0.5902,0.9516370391141176,1.0,2127.4254782126854,1000.0,2128.0958790599957,1000.0,0.02909187644245296,0.0
1150,1710144000000.0,0.0,0.0,3.0,0.5838754637046212,0.0,0.0,0.6028,0.9516370391141176,1.0,2128.7682066111097,1000.0,2128.8249802199957,1000.0,0.0008228356594550814,0.0
1151,1710147600000.0,0.0,0.0,0.0,0.5838754637046212,0.0,0.0,0.599,0.9516370391141176,1.0,2128.813620739996,1000.0,2128.813620739996,1000.0,0.0,0.0
1152,1710151200000.0,0.0,0.0,0.0,0.5838754637046212,0.0,0.0,0.6067,0.9516370391141176,1.0,2128.813620739996,1000.0,2128.813620739996,1000.0,0.0,0.0
1153,1710154800000.0,0.0,0.0,0.0,0.5838754637046212,0.0,0.0,0.6103,0.9516370391141176,1.0,2128.813620739996,1000.0,2128.813620739996,1000.0,0.0,0.0
1154,1710158400000.0,0.0,0.0,0.0,0.5838754637046212,0.0,0.0,0.6016,0.9516370391141176,1.0,2128.813620739996,1000.0,2128.813620739996,1000.0,0.0,0.0
1155,1710162000000.0,0.0,0.0,0.0,0.5838754637046212,0.0,0.0,0.6125,0.9516370391141176,1.0,2128.813620739996,1000.0,2128.813620739996,1000.0,0.0,0.0
1156,1710165600000.0,0.0,0.0,177.0,0.5997,0.0,0.0,0.5973,0.9516370391141176,1.0,2128.792391359996,1000.0,2128.3675913599964,1000.0,0.0498624950139864,0.0
1157,1710169200000.0,0.0,0.0,531.0,0.5912333333333333,0.0,0.0,0.5948,0.9516370391141176,1.0,2128.7508317599963,1000.0,2130.6447317599964,1000.0,0.14747846263455758,0.0
1158,1710172800000.0,0.0,0.0,34.0,0.5912333333333333,0.0,0.0,0.6017,0.9516370391141176,1.0,2132.175499673328,1000.0,2132.5313663399947,1000.0,0.009427898095824271,0.0
1159,1710176400000.0,0.0,0.0,74.0,0.5953376163873371,0.0,0.0,0.6005,0.9516370391141176,1.0,2132.7716299526573,1000.0,2133.1536463399943,1000.0,0.020656212317321974,0.0
1160,1710180000000.0,0.0,0.0,14.0,0.5953376163873371,0.0,0.0,0.6019,0.9516370391141176,1.0,2133.122157369417,1000.0,2133.214030739994,1000.0,0.003907289885217435,0.0
1161,1710183600000.0,0.0,0.0,3.0,0.5953376163873371,0.0,0.0,0.6062,0.9516370391141176,1.0,2133.2491081891567,1000.0,2133.2816953399947,1000.0,0.0008372265771989926,0.0
1162,1710187200000.0,0.0,0.0,0.0,0.5953376163873371,0.0,0.0,0.6006,0.9516370391141176,1.0,2133.2837311399944,1000.0,2133.2837311399944,1000.0,0.0,0.0
1163,1710190800000.0,0.0,0.0,0.0,0.5953376163873371,0.0,0.0,0.6136,0.9516370391141176,1.0,2133.2837311399944,1000.0,2133.2837311399944,1000.0,0.0,0.0
1164,1710194400000.0,0.0,0.0,0.0,0.5953376163873371,0.0,0.0,0.6251,0.9516370391141176,1.0,2133.2837311399944,1000.0,2133.2837311399944,1000.0,0.0,0.0
1165,1710198000000.0,0.0,0.0,0.0,0.5953376163873371,0.0,0.0,0.6205,0.9516370391141176,1.0,2133.2837311399944,1000.0,2133.2837311399944,1000.0,0.0,0.0
1166,1710201600000.0,0.0,0.0,0.0,0.5953376163873371,0.0,0.0,0.6155,0.9516370391141176,1.0,2133.2837311399944,1000.0,2133.2837311399944,1000.0,0.0,0.0
1167,1710205200000.0,0.0,0.0,0.0,0.5953376163873371,0.0,0.0,0.6126,0.9516370391141176,1.0,2133.2837311399944,1000.0,2133.2837311399944,1000.0,0.0,0.0
1168,1710208800000.0,0.0,0.0,14.0,0.6093,0.0,0.0,0.6186,0.9516370391141176,1.0,2134.496035479994,1000.0,2134.626235479994,1000.0,0.003996353171057436,0.0
1169,1710212400000.0,0.0,0.0,0.0,0.6093,0.0,0.0,0.6375,0.9516370391141176,1.0,2134.7613760199956,1000.0,2134.7613760199956,1000.0,0.0,0.0
1170,1710216000000.0,0.0,0.0,173.0,0.6161,0.0,0.0,0.617,0.9516370391141176,1.0,2134.7400589599956,1000.0,2134.8957589599954,1000.0,0.049928936102846315,0.0
1171,1710219600000.0,0.0,0.0,42.0,0.6161,0.0,0.0,0.6218,0.9516370391141176,1.0,2135.5359546999957,1000.0,2135.7753546999957,1000.0,0.012116958247905098,0.0
1172,1710223200000.0,0.0,0.0,7.0,0.6161,0.0,0.0,0.6308,0.9516370391141176,1.0,2135.7839915199943,1000.0,2135.886891519994,1000.0,0.0020192585098134097,0.0
1173,1710226800000.0,0.0,0.0,121.0,0.6176611881452773,0.0,0.0,0.6202,0.9516370391141176,1.0,2136.3997384455724,1000.0,2136.706934679994,1000.0,0.03498268719128219,0.0
1174,1710230400000.0,0.0,0.0,519.0,0.6087741883729837,0.0,0.0,0.6026,0.9516370391141176,1.0,2136.3514950855724,1000.0,2133.1470913199937,1000.0,0.14789411035234296,0.0
1175,1710234000000.0,9.086302150419308e-05,0.0,3581.0,0.596568780722027,0.0,0.0,0.5953,0.9516370391141176,1.0,2135.9874232855723,1000.0,2131.443919519994,1000.0,1.0001523325823267,0.0
1176,1710237600000.0,0.0,0.0,1577.0,0.596568780722027,0.0,0.0,0.6042,0.9516370391141176,1.0,2152.73048483863,1000.0,2164.7649176399937,1000.0,0.43702124990772295,0.0
1177,1710241200000.0,0.0,0.0,326.0,0.596568780722027,0.0,0.0,0.6009,0.9516370391141176,1.0,2164.5071929753744,1000.0,2165.9191704599934,1000.0,0.08985020846617876,0.0
1178,1710244800000.0,0.0,0.0,978.0,0.587789593574009,0.0,0.0,0.5827,0.9516370391141176,1.0,2164.4311176153747,1000.0,2159.4534950999937,1000.0,0.2655932165439947,0.0
1179,1710248400000.0,0.0,0.0,1070.0,0.576408261655228,0.0,0.0,0.5868,0.9516370391141176,1.0,2187.814189811087,1000.0,2198.9333498399933,1000.0,0.2819054940055716,0.0
1180,1710252000000.0,0.0,0.0,352.0,0.576408261655228,0.0,0.0,0.59,0.9516370391141176,1.0,2195.8372642226327,1000.0,2200.6215561199924,1000.0,0.09240015706467623,0.0
1181,1710255600000.0,0.0,0.0,157.0,0.5804251669730858,0.0,0.0,0.5781,0.9516370391141176,1.0,2198.6939023147675,1000.0,2198.328851099993,1000.0,0.041445856159803306,0.0
1182,1710259200000.0,0.0,0.0,187.0,0.5852937858734051,0.0,0.0,0.589,0.9516370391141176,1.0,2199.446145758319,1000.0,2200.139207799992,1000.0,0.04976249960445879,0.0
1183,1710262800000.0,0.0,0.0,468.0,0.5770312619578016,0.0,0.0,0.5742,0.9516370391141176,1.0,2199.9382435362436,1000.0,2198.6132129399925,1000.0,0.12275373246940062,0.0
1184,1710266400000.0,0.0,0.0,191.0,0.5705455527433219,0.0,0.0,0.5793,0.9516370391141176,1.0,2209.7879295739676,1000.0,2211.460028999993,1000.0,0.04931432519634767,0.0
1185,1710270000000.0,0.0,0.0,57.0,0.5757943041424085,0.0,0.0,0.5907,0.9516370391141176,1.0,2212.1961738361106,1000.0,2213.0457984999935,1000.0,0.014836060076536756,0.0
1186,1710273600000.0,0.0,0.0,2.0,0.5757943041424085,0.0,0.0,0.59,0.9516370391141176,1.0,2213.1139685082803,1000.0,2213.1423798999954,1000.0,0.0005203476299329627,0.0
1187,1710277200000.0,0.0,0.0,190.0,0.5829,0.0,0.0,0.5832,0.9516370391141176,1.0,2213.114194859995,1000.0,2213.171194859995,1000.0,0.050043057089969215,0.0
1188,1710280800000.0,0.0,0.0,190.0,0.5829,0.0,0.0,0.5828,0.9516370391141176,1.0,2213.114194859995,1000.0,2213.0951948599954,1000.0,0.050043057089969215,0.0
1189,1710284400000.0,0.0,0.0,190.0,0.5829,0.0,0.0,0.5856,0.9516370391141176,1.0,2213.114194859995,1000.0,2213.627194859995,1000.0,0.050043057089969215,0.0
1190,1710288000000.0,0.0,0.0,55.0,0.5829,0.0,0.0,0.5884,0.9516370391141176,1.0,2213.8947972599954,1000.0,2214.197297259995,1000.0,0.01448104039978689,0.0
1191,1710291600000.0,0.0,0.0,9.0,0.5829,0.0,0.0,0.5879,0.9516370391141176,1.0,2214.1607802999965,1000.0,2214.2057802999966,1000.0,0.0023693401340480823,0.0
1192,1710295200000.0,0.0,0.0,1.0,0.5829,0.0,0.0,0.5915,0.9516370391141176,1.0,2214.2350326199958,1000.0,2214.243632619996,1000.0,0.0002632511867135816,0.0
1193,1710298800000.0,0.0,0.0,0.0,0.5829,0.0,0.0,0.5918,0.9516370391141176,1.0,2214.2464137399957,1000.0,2214.2464137399957,1000.0,0.0,0.0
1194,1710302400000.0,0.0,0.0,189.0,0.5853,0.0,0.0,0.584,0.9516370391141176,1.0,2214.2242893999955,1000.0,2213.9785893999956,1000.0,0.04995957298886644,0.0
1195,1710306000000.0,0.0,0.0,189.0,0.5853,0.0,0.0,0.581,0.9516370391141176,1.0,2214.2242893999955,1000.0,2213.4115893999956,1000.0,0.04995957298886644,0.0
1196,1710309600000.0,0.0,0.0,189.0,0.5853,0.0,0.0,0.5801,0.9516370391141176,1.0,2214.2242893999955,1000.0,2213.2414893999953,1000.0,0.04995957298886644,0.0
1197,1710313200000.0,0.0,0.0,189.0,0.5853,0.0,0.0,0.5851,0.9516370391141176,1.0,2214.2242893999955,1000.0,2214.1864893999955,1000.0,0.04995957298886644,0.0
1198,1710316800000.0,0.0,0.0,189.0,0.5853,0.0,0.0,0.5856,0.9516370391141176,1.0,2214.2242893999955,1000.0,2214.2809893999956,1000.0,0.04995957298886644,0.0
1199,1710320400000.0,0.0,0.0,189.0,0.5853,0.0,0.0,0.581,0.9516370391141176,1.0,2214.2242893999955,1000.0,2213.4115893999956,1000.0,0.04995957298886644,0.0
1200,1710324000000.0,0.0,0.0,189.0,0.5853,0.0,0.0,0.5819,0.9516370391141176,1.0,2214.2242893999955,1000.0,2213.5816893999954,1000.0,0.04995957298886644,0.0
1201,1710327600000.0,0.0,0.0,189.0,0.5853,0.0,0.0,0.5809,0.9516370391141176,1.0,2214.2242893999955,1000.0,2213.3926893999956,1000.0,0.04995957298886644,0.0
1202,1710331200000.0,0.0,0.0,567.0,0.5770333333333333,0.0,0.0,0.5737,0.9516370391141176,1.0,2214.1809781599954,1000.0,2212.2909781599956,1000.0,0.14776475059048144,0.0
1203,1710334800000.0,0.0,0.0,567.0,0.5770333333333333,0.0,0.0,0.5709,0.9516370391141176,1.0,2214.1809781599954,1000.0,2210.7033781599953,1000.0,0.14776475059048144,0.0
1204,1710338400000.0,0.0,0.0,3877.0,0.5654594994892748,0.0,0.0,0.5678,0.9516370391141176,1.0,2213.8163113599144,1000.0,2222.890431839996,1000.0,0.9902747885045754,0.0
1205,1710342000000.0,0.0,0.0,3877.0,0.5654594994892748,0.0,0.0,0.5643,0.9516370391141176,1.0,2213.8163113599144,1000.0,2209.3209318399963,1000.0,0.9902747885045754,0.0
1206,1710345600000.0,0.0,0.0,3877.0,0.5654594994892748,0.0,0.0,0.5609,0.9516370391141176,1.0,2213.8163113599144,1000.0,2196.139131839996,1000.0,0.9902747885045754,0.0
1207,1710349200000.0,0.0,0.0,3877.0,0.5654594994892748,0.0,0.0,0.5638,0.9516370391141176,1.0,2213.8163113599144,1000.0,2207.382431839996,1000.0,0.9902747885045754,0.0
1208,1710352800000.0,0.0,0.0,3877.0,0.5654594994892748,0.0,0.0,0.567,0.9516370391141176,1.0,2213.8163113599144,1000.0,2219.788831839996,1000.0,0.9902747885045754,0.0
1209,1710356400000.0,0.0,0.0,2245.0,0.5654594994892748,0.0,0.0,0.5706,0.9516370391141176,1.0,2222.9983685134184,1000.0,2234.538792159997,1000.0,0.5710560090074844,0.0
1210,1710360000000.0,0.0,0.0,1560.0,0.5654594994892748,0.0,0.0,0.5695,0.9516370391141176,1.0,2226.8523569632653,1000.0,2233.1555377599966,1000.0,0.3961272135734234,0.0
1211,1710363600000.0,0.0,0.0,1560.0,0.5654594994892748,0.0,0.0,0.5639,0.9516370391141176,1.0,2226.8523569632653,1000.0,2224.4195377599967,1000.0,0.3961272135734234,0.0
1212,1710367200000.0,0.0,0.0,1560.0,0.5654594994892748,0.0,0.0,0.5709,0.9516370391141176,1.0,2226.8523569632653,1000.0,2235.339537759997,1000.0,0.3961272135734234,0.0
1213,1710370800000.0,0.0,0.0,438.0,0.5654594994892748,0.0,0.0,0.5717,0.9516370391141176,1.0,2233.1650212562995,1000.0,2235.8983604799973,1000.0,0.11090593772464306,0.0
1214,1710374400000.0,0.0,0.0,74.0,0.5654594994892748,0.0,0.0,0.5701,0.9516370391141176,1.0,2235.2129800822036,1000.0,2235.5563771199973,1000.0,0.018720365054728454,0.0
1215,1710378000000.0,0.0,0.0,198.0,0.5656550579853695,0.0,0.0,0.5665,0.9516370391141176,1.0,2235.4029361811004,1000.0,2235.5702346999974,1000.0,0.05010269051200242,0.0
1216,1710381600000.0,0.0,0.0,138.0,0.5655171616261667,0.0,0.0,0.5692,0.9516370391141176,1.0,2236.0681094044085,1000.0,2236.5763410999975,1000.0,0.03490115885834884,0.0
1217,1710385200000.0,0.0,0.0,29.0,0.5655171616261667,0.0,0.0,0.5688,0.9516370391141176,1.0,2236.675086627157,1000.0,2236.770288939998,1000.0,0.0073323111547191995,0.0
1218,1710388800000.0,0.0,0.0,198.0,0.5657585741775698,0.0,0.0,0.5571,0.9516370391141176,1.0,2236.655962587157,1000.0,2234.941564899998,1000.0,0.05008378559820359,0.0
1219,1710392400000.0,0.0,0.0,594.0,0.5577195247258566,0.0,0.0,0.5494,0.9516370391141176,1.0,2236.6121095471567,1000.0,2231.670311859998,1000.0,0.14811929000698904,0.0
1220,1710396000000.0,0.0001489858832157488,0.0,4093.0,0.5465039818439186,0.0,0.0,0.5405,0.9516370391141176,1.0,2236.2309984671565,1000.0,2211.6567007799977,1000.0,1.0002726906211479,0.0
1221,1710399600000.0,0.0,0.0,4052.0,0.5465039818439186,0.0,0.0,0.5464,0.9516370391141176,1.0,2236.1361719515558,1000.0,2235.7148375199977,1000.0,0.9902948497536903,0.0
1222,1710403200000.0,0.0,0.0,4052.0,0.5465039818439186,0.0,0.0,0.5438,0.9516370391141176,1.0,2236.1361719515558,1000.0,2225.1796375199974,1000.0,0.9902948497536903,0.0
1223,1710406800000.0,0.0,0.0,4052.0,0.5465039818439186,0.0,0.0,0.5414,0.9516370391141176,1.0,2236.1361719515558,1000.0,2215.4548375199975,1000.0,0.9902948497536903,0.0
1224,1710410400000.0,0.0,0.0,4052.0,0.5465039818439186,0.0,0.0,0.5438,0.9516370391141176,1.0,2236.1361719515558,1000.0,2225.1796375199974,1000.0,0.9902948497536903,0.0
1225,1710414000000.0,0.0,0.0,2815.0,0.5465039818439186,0.0,0.0,0.5521,0.9516370391141176,1.0,2242.798181610628,1000.0,2258.5509727199974,1000.0,0.6859327430816126,0.0
1226,1710417600000.0,0.0,0.0,2346.0,0.5465039818439186,0.0,0.0,0.5437,0.9516370391141176,1.0,2245.3240365258303,1000.0,2238.7458951199974,1000.0,0.5710081576419643,0.0
1227,1710421200000.0,0.0,0.0,2346.0,0.5465039818439186,0.0,0.0,0.5403,0.9516370391141176,1.0,2245.3240365258303,1000.0,2230.7694951199974,1000.0,0.5710081576419643,0.0
1228,1710424800000.0,5.760602542639361e-05,0.0,4169.0,0.5385875609032941,0.0,0.0,0.5298,0.9516370391141176,1.0,2245.1313818858303,1000.0,2208.4960404799976,1000.0,1.000106969027265,0.0
1229,1710428400000.0,5.760602542639361e-05,0.0,4169.0,0.5385875609032941,0.0,0.0,0.5324,0.9516370391141176,1.0,2245.1313818858303,1000.0,2219.335440479997,1000.0,1.000106969027265,0.0
1230,1710432000000.0,0.0,0.0,2781.0,0.5385875609032941,0.0,0.0,0.5463,0.9516370391141176,1.0,2256.1009111920575,1000.0,2277.5492043199965,1000.0,0.6638940658379775,0.0
1231,1710435600000.0,0.0,0.0,12.0,0.5277780065304749,0.0,0.0,0.5528,0.9516370391141176,1.0,2331.495319358363,1000.0,2331.795583279997,1000.0,0.002716426675095646,0.0
1232,1710439200000.0,0.0,0.0,125.0,0.5369489587661005,0.0,0.0,0.5421,0.9516370391141176,1.0,2332.0418260257597,1000.0,2332.6857061799974,1000.0,0.028781053194121047,0.0
1233,1710442800000.0,0.0,0.0,217.0,0.5374854167903145,0.0,0.0,0.5338,0.9516370391141176,1.0,2332.361738683495,1000.0,2331.5620032399966,1000.0,0.05000696654770742,0.0
1234,1710446400000.0,0.0,0.0,1348.0,0.51929675694578,0.0,0.0,0.535,0.9516370391141176,1.0,2365.1542824229077,1000.0,2386.3222540599963,1000.0,0.2959688649341751,0.0
1235,1710450000000.0,0.0,0.0,0.0,0.51929675694578,0.0,0.0,0.5523,0.9516370391141176,1.0,2395.977057859997,1000.0,2395.977057859997,1000.0,0.0,0.0
1236,1710453600000.0,0.0,0.0,0.0,0.51929675694578,0.0,0.0,0.5454,0.9516370391141176,1.0,2395.977057859997,1000.0,2395.977057859997,1000.0,0.0,0.0
1237,1710457200000.0,0.0,0.0,0.0,0.51929675694578,0.0,0.0,0.5562,0.9516370391141176,1.0,2395.977057859997,1000.0,2395.977057859997,1000.0,0.0,0.0
1238,1710460800000.0,0.0,0.0,0.0,0.51929675694578,0.0,0.0,0.5547,0.9516370391141176,1.0,2395.977057859997,1000.0,2395.977057859997,1000.0,0.0,0.0
1239,1710464400000.0,0.0,0.0,0.0,0.51929675694578,0.0,0.0,0.5529,0.9516370391141176,1.0,2395.977057859997,1000.0,2395.977057859997,1000.0,0.0,0.0
1240,1710468000000.0,0.0,0.0,0.0,0.51929675694578,0.0,0.0,0.5472,0.9516370391141176,1.0,2395.977057859997,1000.0,2395.977057859997,1000.0,0.0,0.0
1241,1710471600000.0,0.00010816804046698595,0.0,4547.0,0.5269385748845393,0.0,0.0,0.5229,0.9516370391141176,1.0,2395.4978599199967,1000.0,2377.1344599199965,1000.0,1.0002053185219792,0.0
1242,1710475200000.0,0.0,0.0,2681.0,0.5193110807748509,0.0,0.0,0.5219,0.9516370391141176,1.0,2415.600781197372,1000.0,2422.5416736399966,1000.0,0.5763671788793053,0.0
1243,1710478800000.0,0.0,0.0,2681.0,0.5193110807748509,0.0,0.0,0.5108,0.9516370391141176,1.0,2415.600781197372,1000.0,2392.782573639997,1000.0,0.5763671788793053,0.0
1244,1710482400000.0,0.0,0.0,2681.0,0.5193110807748509,0.0,0.0,0.5071,0.9516370391141176,1.0,2415.600781197372,1000.0,2382.8628736399965,1000.0,0.5763671788793053,0.0
1245,1710486000000.0,0.0,0.0,2235.0,0.5193110807748509,0.0,0.0,0.5225,0.9516370391141176,1.0,2417.912844851788,1000.0,2425.0400793199965,1000.0,0.4800256833090844,0.0
1246,1710489600000.0,0.0,0.0,2235.0,0.5193110807748509,0.0,0.0,0.5102,0.9516370391141176,1.0,2417.912844851788,1000.0,2397.549579319996,1000.0,0.4800256833090844,0.0
1247,1710493200000.0,0.00010471483734760492,0.0,4734.0,0.510806308730839,0.0,0.0,0.486,0.9516370391141176,1.0,2417.6613454917883,1000.0,2300.2282799599966,1000.0,1.0002050411406576,0.0
1248,1710496800000.0,0.00010471483734760492,0.0,4734.0,0.510806308730839,0.0,0.0,0.501,0.9516370391141176,1.0,2417.6613454917883,1000.0,2371.2382799599964,1000.0,1.0002050411406576,0.0
1249,1710500400000.0,0.00010471483734760492,0.0,4734.0,0.510806308730839,0.0,0.0,0.4942,0.9516370391141176,1.0,2417.6613454917883,1000.0,2339.0470799599966,1000.0,1.0002050411406576,0.0
1250,1710504000000.0,0.00010471483734760492,0.0,4734.0,0.510806308730839,0.0,0.0,0.4967,0.9516370391141176,1.0,2417.6613454917883,1000.0,2350.8820799599966,1000.0,1.0002050411406576,0.0
1251,1710507600000.0,0.00010471483734760492,0.0,4734.0,0.510806308730839,0.0,0.0,0.4998,0.9516370391141176,1.0,2417.6613454917883,1000.0,2365.5574799599967,1000.0,1.0002050411406576,0.0
1252,1710511200000.0,0.0,0.0,4685.0,0.510806308730839,0.0,0.0,0.5072,0.9516370391141176,1.0,2416.955470663977,1000.0,2400.0599142599963,1000.0,0.9901413515684464,0.0
1253,1710514800000.0,0.0,0.0,4685.0,0.510806308730839,0.0,0.0,0.508,0.9516370391141176,1.0,2416.955470663977,1000.0,2403.8079142599963,1000.0,0.9901413515684464,0.0
1254,1710518400000.0,0.0,0.0,4685.0,0.510806308730839,0.0,0.0,0.4963,0.9516370391141176,1.0,2416.955470663977,1000.0,2348.9934142599964,1000.0,0.9901413515684464,0.0
1255,1710522000000.0,0.0,0.0,4685.0,0.510806308730839,0.0,0.0,0.4986,0.9516370391141176,1.0,2416.955470663977,1000.0,2359.768914259996,1000.0,0.9901413515684464,0.0
1256,1710525600000.0,0.0,0.0,4685.0,0.510806308730839,0.0,0.0,0.5049,0.9516370391141176,1.0,2416.955470663977,1000.0,2389.2844142599965,1000.0,0.9901413515684464,0.0
1257,1710529200000.0,0.0,0.0,3124.0,0.510806308730839,0.0,0.0,0.5212,0.9516370391141176,1.0,2428.7278621551372,1000.0,2461.1977536799964,1000.0,0.6570348754755672,0.0
1258,1710532800000.0,0.0,0.0,800.0,0.510806308730839,0.0,0.0,0.5099,0.9516370391141176,1.0,2454.221530644668,1000.0,2453.4964836599966,1000.0,0.1665069929026861,0.0
1259,1710536400000.0,0.00012002192535251671,0.0,4903.0,0.5005916473556336,0.0,0.0,0.4944,0.9516370391141176,1.0,2453.812379484668,1000.0,2423.4547324999967,1000.0,1.0002398176425074,0.0
1260,1710540000000.0,0.0,0.0,1971.0,0.5005916473556336,0.0,0.0,0.5067,0.9516370391141176,1.0,2468.2003855979506,1000.0,2480.239948659997,1000.0,0.3997512287475485,0.0
1261,1710543600000.0,0.0,0.0,98.0,0.5005916473556336,0.0,0.0,0.5214,0.9516370391141176,1.0,2488.9765149008485,1000.0,2491.015733459996,1000.0,0.01971010218342955,0.0
1262,1710547200000.0,0.0,0.0,2.0,0.5005916473556336,0.0,0.0,0.5209,0.9516370391141176,1.0,2490.8297327547075,1000.0,2490.8703494599963,1000.0,0.0004019477050340244,0.0
1263,1710550800000.0,0.0,0.0,0.0,0.5005916473556336,0.0,0.0,0.5196,0.9516370391141176,1.0,2490.873140499996,1000.0,2490.873140499996,1000.0,0.0,0.0
1264,1710554400000.0,0.0,0.0,0.0,0.5005916473556336,0.0,0.0,0.5199,0.9516370391141176,1.0,2490.873140499996,1000.0,2490.873140499996,1000.0,0.0,0.0
1265,1710558000000.0,0.0,0.0,0.0,0.5005916473556336,0.0,0.0,0.5176,0.9516370391141176,1.0,2490.873140499996,1000.0,2490.873140499996,1000.0,0.0,0.0
1266,1710561600000.0,0.0,0.0,0.0,0.5005916473556336,0.0,0.0,0.5193,0.9516370391141176,1.0,2490.873140499996,1000.0,2490.873140499996,1000.0,0.0,0.0
1267,1710565200000.0,0.0,0.0,0.0,0.5005916473556336,0.0,0.0,0.5156,0.9516370391141176,1.0,2490.873140499996,1000.0,2490.873140499996,1000.0,0.0,0.0
1268,1710568800000.0,0.0,0.0,324.0,0.5068333333333332,0.0,0.0,0.5149,0.9516370391141176,1.0,2493.7040097399963,1000.0,2496.3176097399964,1000.0,0.06585144000996397,0.0
1269,1710572400000.0,0.0,0.0,16.0,0.5068333333333332,0.0,0.0,0.5287,0.9516370391141176,1.0,2498.03324987333,1000.0,2498.3831165399965,1000.0,0.0032462871876283226,0.0
1270,1710576000000.0,0.0,0.0,0.0,0.5068333333333332,0.0,0.0,0.5358,0.9516370391141176,1.0,2498.414818019997,1000.0,2498.414818019997,1000.0,0.0,0.0
1271,1710579600000.0,0.0,0.0,0.0,0.5068333333333332,0.0,0.0,0.5361,0.9516370391141176,1.0,2498.414818019997,1000.0,2498.414818019997,1000.0,0.0,0.0
1272,1710583200000.0,0.0,0.0,0.0,0.5068333333333332,0.0,0.0,0.5272,0.9516370391141176,1.0,2498.414818019997,1000.0,2498.414818019997,1000.0,0.0,0.0
1273,1710586800000.0,0.0,0.0,0.0,0.5068333333333332,0.0,0.0,0.5252,0.9516370391141176,1.0,2498.414818019997,1000.0,2498.414818019997,1000.0,0.0,0.0
1274,1710590400000.0,0.0,0.0,239.0,0.5237,0.0,0.0,0.5196,0.9516370391141176,1.0,2498.389785159997,1000.0,2497.409885159997,1000.0,0.050097987409112185,0.0
1275,1710594000000.0,0.0,0.0,717.0,0.5163,0.0,0.0,0.5055,0.9516370391141176,1.0,2498.340780599997,1000.0,2490.5971805999966,1000.0,0.14817318072640856,0.0
1276,1710597600000.0,0.00010128899149516797,0.0,4938.0,0.5059569258809234,0.0,0.0,0.4942,0.9516370391141176,1.0,2497.915134959997,1000.0,2439.859434959997,1000.0,1.0002002329995134,0.0
1277,1710601200000.0,0.0,0.0,4888.0,0.5059569258809234,0.0,0.0,0.5002,0.9516370391141176,1.0,2497.6772756659507,1000.0,2469.5374219599967,1000.0,0.9901669354166468,0.0
1278,1710604800000.0,0.0,0.0,2359.0,0.5059569258809234,0.0,0.0,0.5087,0.9516370391141176,1.0,2510.4255957330947,1000.0,2516.8965075799965,1000.0,0.4754382644049473,0.0
1279,1710608400000.0,0.0,0.0,2359.0,0.5059569258809234,0.0,0.0,0.501,0.9516370391141176,1.0,2510.4255957330947,1000.0,2498.732207579996,1000.0,0.4754382644049473,0.0
1280,1710612000000.0,6.659694350913585e-05,0.0,5045.0,0.49762104819684805,0.0,0.0,0.4823,0.9516370391141176,1.0,2510.162206573095,1000.0,2432.8675184199965,1000.0,1.000133848553342,0.0
1281,1710615600000.0,6.659694350913585e-05,0.0,5045.0,0.49762104819684805,0.0,0.0,0.4645,0.9516370391141176,1.0,2510.162206573095,1000.0,2343.0665184199966,1000.0,1.000133848553342,0.0
1282,1710619200000.0,6.659694350913585e-05,0.0,5045.0,0.49762104819684805,0.0,0.0,0.4728,0.9516370391141176,1.0,2510.162206573095,1000.0,2384.9400184199962,1000.0,1.000133848553342,0.0
1283,1710622800000.0,6.659694350913585e-05,0.0,5045.0,0.49762104819684805,0.0,0.0,0.4793,0.9516370391141176,1.0,2510.162206573095,1000.0,2417.7325184199963,1000.0,1.000133848553342,0.0
1284,1710626400000.0,6.659694350913585e-05,0.0,5045.0,0.49762104819684805,0.0,0.0,0.4724,0.9516370391141176,1.0,2510.162206573095,1000.0,2382.922018419996,1000.0,1.000133848553342,0.0
1285,1710630000000.0,6.659694350913585e-05,0.0,5045.0,0.49762104819684805,0.0,0.0,0.4731,0.9516370391141176,1.0,2510.162206573095,1000.0,2386.4535184199967,1000.0,1.000133848553342,0.0
1286,1710633600000.0,6.659694350913585e-05,0.0,5045.0,0.49762104819684805,0.0,0.0,0.4747,0.9516370391141176,1.0,2510.162206573095,1000.0,2394.5255184199964,1000.0,1.000133848553342,0.0
1287,1710637200000.0,6.659694350913585e-05,0.0,5045.0,0.49762104819684805,0.0,0.0,0.466,0.9516370391141176,1.0,2510.162206573095,1000.0,2350.6340184199967,1000.0,1.000133848553342,0.0
1288,1710640800000.0,0.019223054221631508,0.0,5261.0,0.4960604775895581,0.0,0.0,0.4779,0.9516370391141176,1.0,2508.641684338662,1000.0,2413.0994117399964,1000.0,1.0403136441889524,0.0
1289,1710644400000.0,6.248099183258873e-05,0.0,5142.0,0.4903883344733099,0.0,0.0,0.4863,0.9516370391141176,1.0,2521.255538601756,1000.0,2500.2333227399968,1000.0,1.000127427488045,0.0
1290,1710648000000.0,6.248099183258873e-05,0.0,5142.0,0.4903883344733099,0.0,0.0,0.4847,0.9516370391141176,1.0,2521.255538601756,1000.0,2492.006122739997,1000.0,1.000127427488045,0.0
1291,1710651600000.0,6.248099183258873e-05,0.0,5142.0,0.4903883344733099,0.0,0.0,0.4792,0.9516370391141176,1.0,2521.255538601756,1000.0,2463.725122739997,1000.0,1.000127427488045,0.0
1292,1710655200000.0,6.248099183258873e-05,0.0,5142.0,0.4903883344733099,0.0,0.0,0.4758,0.9516370391141176,1.0,2521.255538601756,1000.0,2446.242322739997,1000.0,1.000127427488045,0.0
1293,1710658800000.0,6.248099183258873e-05,0.0,5142.0,0.4903883344733099,0.0,0.0,0.4562,0.9516370391141176,1.0,2521.255538601756,1000.0,2345.459122739997,1000.0,1.000127427488045,0.0
1294,1710662400000.0,6.248099183258873e-05,0.0,5142.0,0.4903883344733099,0.0,0.0,0.4586,0.9516370391141176,1.0,2521.255538601756,1000.0,2357.799922739997,1000.0,1.000127427488045,0.0
1295,1710666000000.0,6.248099183258873e-05,0.0,5142.0,0.4903883344733099,0.0,0.0,0.4761,0.9516370391141176,1.0,2521.255538601756,1000.0,2447.784922739997,1000.0,1.000127427488045,0.0
1296,1710669600000.0,6.248099183258873e-05,0.0,5142.0,0.4903883344733099,0.0,0.0,0.4743,0.9516370391141176,1.0,2521.255538601756,1000.0,2438.5293227399966,1000.0,1.000127427488045,0.0
1297,1710673200000.0,6.248099183258873e-05,0.0,5142.0,0.4903883344733099,0.0,0.0,0.4807,0.9516370391141176,1.0,2521.255538601756,1000.0,2471.4381227399967,1000.0,1.000127427488045,0.0
1298,1710676800000.0,0.0,0.0,5089.0,0.4903883344733099,0.0,0.0,0.4788,0.9516370391141176,1.0,2520.6627762946705,1000.0,2461.6897421599965,1000.0,0.9900516076978536,0.0
1299,1710680400000.0,0.018806760813889056,0.0,5357.0,0.48933833006060745,0.0,0.0,0.4702,0.9516370391141176,1.0,2520.6376164546705,1000.0,2418.1135823199966,1000.0,1.0399691796322978,0.0
1300,1710684000000.0,0.018806760813889056,0.0,5357.0,0.48933833006060745,0.0,0.0,0.4798,0.9516370391141176,1.0,2520.6376164546705,1000.0,2469.540782319996,1000.0,1.0399691796322978,0.0
1301,1710687600000.0,0.018806760813889056,0.0,5357.0,0.48933833006060745,0.0,0.0,0.4846,0.9516370391141176,1.0,2520.6376164546705,1000.0,2495.2543823199962,1000.0,1.0399691796322978,0.0
1302,1710691200000.0,0.0,0.0,3721.0,0.48933833006060745,0.0,0.0,0.4927,0.9516370391141176,1.0,2528.593173515517,1000.0,2541.1019473599968,1000.0,0.7200952471227364,0.0
1303,1710694800000.0,0.0,0.0,1796.0,0.48933833006060745,0.0,0.0,0.4895,0.9516370391141176,1.0,2537.954082648847,1000.0,2538.2444418599957,1000.0,0.3462835071750388,0.0
1304,1710698400000.0,0.0,0.0,1248.0,0.48933833006060745,0.0,0.0,0.4958,0.9516370391141176,1.0,2540.618902495634,1000.0,2548.6830665799957,1000.0,0.24037223186671444,0.0
1305,1710702000000.0,0.0,0.0,350.0,0.48933833006060745,0.0,0.0,0.4923,0.9516370391141176,1.0,2544.9857058212087,1000.0,2546.0222902999963,1000.0,0.0672964155081367,0.0
1306,1710705600000.0,0.0,0.0,142.0,0.48933833006060745,0.0,0.0,0.496,0.9516370391141176,1.0,2545.997170288603,1000.0,2546.9431274199965,1000.0,0.027292270266242927,0.0
1307,1710709200000.0,0.0,0.0,119.0,0.48933833006060745,0.0,0.0,0.4929,0.9516370391141176,1.0,2546.1090149172087,1000.0,2546.5328536399966,1000.0,0.022870686579421963,0.0
1308,1710712800000.0,0.0,0.0,50.0,0.48933833006060745,0.0,0.0,0.4949,0.9516370391141176,1.0,2546.444548803027,1000.0,2546.7226322999963,1000.0,0.009608265970107697,0.0
1309,1710716400000.0,0.0,0.0,40.0,0.48933833006060745,0.0,0.0,0.4931,0.9516370391141176,1.0,2546.540167502421,1000.0,2546.6906342999964,1000.0,0.007686324155499773,0.0
1310,1710720000000.0,0.0,0.0,260.0,0.4896527047002333,0.0,0.0,0.4923,0.9516370391141176,1.0,2546.5472099220574,1000.0,2547.2355066999967,1000.0,0.04999306619018355,0.0
1311,1710723600000.0,0.0,0.0,780.0,0.4826842349000778,0.0,0.0,0.4772,0.9516370391141176,1.0,2546.4973731220575,1000.0,2542.219669899997,1000.0,0.1478476699783404,0.0
1312,1710727200000.0,0.0,0.0,498.0,0.4729492762299518,0.0,0.0,0.4866,0.9516370391141176,1.0,2590.2137461025127,1000.0,2597.0118065399965,1000.0,0.09093023304231762,0.0
1313,1710730800000.0,0.0,0.0,113.0,0.4729492762299518,0.0,0.0,0.4888,0.9516370391141176,1.0,2595.4278073539817,1000.0,2597.218939139997,1000.0,0.02059131371813017,0.0
1314,1710734400000.0,0.0,0.0,268.0,0.4846012762631697,0.0,0.0,0.4843,0.9516370391141176,1.0,2597.210635318527,1000.0,2597.1298932799973,1000.0,0.05000485531378612,0.0
1315,1710738000000.0,0.0,0.0,187.0,0.4846012762631697,0.0,0.0,0.4895,0.9516370391141176,1.0,2597.5995020412097,1000.0,2598.515563379997,1000.0,0.03488622421970848,0.0
1316,1710741600000.0,0.0,0.0,48.0,0.4846012762631697,0.0,0.0,0.4957,0.9516370391141176,1.0,2598.464576980629,1000.0,2598.9973157199965,1000.0,0.008951771544894741,0.0
1317,1710745200000.0,0.0,0.0,15.0,0.4846012762631697,0.0,0.0,0.4942,0.9516370391141176,1.0,2598.8264634639436,1000.0,2598.970444319996,1000.0,0.0027970390659554697,0.0
1318,1710748800000.0,0.0,0.0,7.0,0.4846012762631697,0.0,0.0,0.4898,0.9516370391141176,1.0,2598.8786672938386,1000.0,2598.9150583599962,1000.0,0.0013052586781107517,0.0
1319,1710752400000.0,0.0,0.0,266.0,0.4875210862174518,0.0,0.0,0.4822,0.9516370391141176,1.0,2598.8534096138387,1000.0,2597.4380006799965,1000.0,0.04989916262845749,0.0
1320,1710756000000.0,0.0,0.0,798.0,0.48064036207248395,0.0,0.0,0.4752,0.9516370391141176,1.0,2598.802635533839,1000.0,2594.4612265999967,1000.0,0.1475875865637077,0.0
1321,1710759600000.0,0.0,0.0,798.0,0.48064036207248395,0.0,0.0,0.4791,0.9516370391141176,1.0,2598.802635533839,1000.0,2597.5734265999968,1000.0,0.1475875865637077,0.0
1322,1710763200000.0,0.0,0.0,798.0,0.48064036207248395,0.0,0.0,0.4781,0.9516370391141176,1.0,2598.802635533839,1000.0,2596.7754265999965,1000.0,0.1475875865637077,0.0
1323,1710766800000.0,0.0,0.0,798.0,0.48064036207248395,0.0,0.0,0.4765,0.9516370391141176,1.0,2598.802635533839,1000.0,2595.4986265999964,1000.0,0.1475875865637077,0.0
1324,1710770400000.0,0.0,0.0,5462.0,0.47102584900015265,0.0,0.0,0.4625,0.9516370391141176,1.0,2598.347514218831,1000.0,2551.779326979997,1000.0,0.9901459189581518,0.0
1325,1710774000000.0,0.01813579910608749,0.0,5750.0,0.47001780647631897,0.0,0.0,0.4514,0.9516370391141176,1.0,2598.321542378831,1000.0,2491.269155139997,1000.0,1.0401339261362283,0.0
1326,1710777600000.0,0.01813579910608749,0.0,5750.0,0.47001780647631897,0.0,0.0,0.453,0.9516370391141176,1.0,2598.321542378831,1000.0,2500.469155139997,1000.0,1.0401339261362283,0.0
1327,1710781200000.0,0.01813579910608749,0.0,5750.0,0.47001780647631897,0.0,0.0,0.4478,0.9516370391141176,1.0,2598.321542378831,1000.0,2470.569155139997,1000.0,1.0401339261362283,0.0
1328,1710784800000.0,0.01813579910608749,0.0,5750.0,0.47001780647631897,0.0,0.0,0.446,0.9516370391141176,1.0,2598.321542378831,1000.0,2460.219155139997,1000.0,1.0401339261362283,0.0
1329,1710788400000.0,0.01813579910608749,0.0,5750.0,0.47001780647631897,0.0,0.0,0.4413,0.9516370391141176,1.0,2598.321542378831,1000.0,2433.1941551399973,1000.0,1.0401339261362283,0.0
1330,1710792000000.0,0.01813579910608749,0.0,5750.0,0.47001780647631897,0.0,0.0,0.4446,0.9516370391141176,1.0,2598.321542378831,1000.0,2452.169155139997,1000.0,1.0401339261362283,0.0
1331,1710795600000.0,0.01813579910608749,0.0,5750.0,0.47001780647631897,0.0,0.0,0.4506,0.9516370391141176,1.0,2598.321542378831,1000.0,2486.669155139997,1000.0,1.0401339261362283,0.0
1332,1710799200000.0,0.01813579910608749,0.0,5750.0,0.47001780647631897,0.0,0.0,0.4491,0.9516370391141176,1.0,2598.321542378831,1000.0,2478.044155139997,1000.0,1.0401339261362283,0.0
1333,1710802800000.0,0.01813579910608749,0.0,5750.0,0.47001780647631897,0.0,0.0,0.4448,0.9516370391141176,1.0,2598.321542378831,1000.0,2453.319155139997,1000.0,1.0401339261362283,0.0
1334,1710806400000.0,0.01378772235376834,0.0,5693.0,0.47001780647631897,0.0,0.0,0.444,0.9516370391141176,1.0,2597.317868909681,1000.0,2449.198496639997,1000.0,1.0302209846163164,0.0
1335,1710810000000.0,0.01378772235376834,0.0,5693.0,0.47001780647631897,0.0,0.0,0.4312,0.9516370391141176,1.0,2597.317868909681,1000.0,2376.328096639997,1000.0,1.0302209846163164,0.0
1336,1710813600000.0,0.01378772235376834,0.0,5693.0,0.47001780647631897,0.0,0.0,0.4137,0.9516370391141176,1.0,2597.317868909681,1000.0,2276.700596639997,1000.0,1.0302209846163164,0.0
1337,1710817200000.0,0.01378772235376834,0.0,5693.0,0.47001780647631897,0.0,0.0,0.4153,0.9516370391141176,1.0,2597.317868909681,1000.0,2285.809396639997,1000.0,1.0302209846163164,0.0
1338,1710820800000.0,0.01378772235376834,0.0,5693.0,0.47001780647631897,0.0,0.0,0.4175,0.9516370391141176,1.0,2597.317868909681,1000.0,2298.3339966399967,1000.0,1.0302209846163164,0.0
1339,1710824400000.0,0.01378772235376834,0.0,5693.0,0.47001780647631897,0.0,0.0,0.4082,0.9516370391141176,1.0,2597.317868909681,1000.0,2245.3890966399968,1000.0,1.0302209846163164,0.0
1340,1710828000000.0,0.01378772235376834,0.0,5693.0,0.47001780647631897,0.0,0.0,0.4069,0.9516370391141176,1.0,2597.317868909681,1000.0,2237.9881966399967,1000.0,1.0302209846163164,0.0
1341,1710831600000.0,0.01378772235376834,0.0,5693.0,0.47001780647631897,0.0,0.0,0.4012,0.9516370391141176,1.0,2597.317868909681,1000.0,2205.538096639997,1000.0,1.0302209846163164,0.0
1342,1710835200000.0,0.01378772235376834,0.0,5693.0,0.47001780647631897,0.0,0.0,0.4129,0.9516370391141176,1.0,2597.317868909681,1000.0,2272.146196639997,1000.0,1.0302209846163164,0.0
1343,1710838800000.0,0.01378772235376834,0.0,5693.0,0.47001780647631897,0.0,0.0,0.3997,0.9516370391141176,1.0,2597.317868909681,1000.0,2196.998596639997,1000.0,1.0302209846163164,0.0
1344,1710842400000.0,0.0093122613892349,0.0,5629.0,0.47001780647631897,0.0,0.0,0.4123,0.9516370391141176,1.0,2593.311513295196,1000.0,2268.4179806399966,1000.0,1.0202130438596624,0.0
1345,1710846000000.0,0.0093122613892349,0.0,5629.0,0.47001780647631897,0.0,0.0,0.4088,0.9516370391141176,1.0,2593.311513295196,1000.0,2248.716480639997,1000.0,1.0202130438596624,0.0
1346,1710849600000.0,0.0093122613892349,0.0,5629.0,0.47001780647631897,0.0,0.0,0.4204,0.9516370391141176,1.0,2593.311513295196,1000.0,2314.0128806399966,1000.0,1.0202130438596624,0.0
1347,1710853200000.0,0.0093122613892349,0.0,5629.0,0.47001780647631897,0.0,0.0,0.4271,0.9516370391141176,1.0,2593.311513295196,1000.0,2351.7271806399967,1000.0,1.0202130438596624,0.0
1348,1710856800000.0,0.0093122613892349,0.0,5629.0,0.47001780647631897,0.0,0.0,0.4223,0.9516370391141176,1.0,2593.311513295196,1000.0,2324.707980639997,1000.0,1.0202130438596624,0.0
1349,1710860400000.0,0.0093122613892349,0.0,5629.0,0.47001780647631897,0.0,0.0,0.42,0.9516370391141176,1.0,2593.311513295196,1000.0,2311.7612806399966,1000.0,1.0202130438596624,0.0
1350,1710864000000.0,0.0093122613892349,0.0,5629.0,0.47001780647631897,0.0,0.0,0.4386,0.9516370391141176,1.0,2593.311513295196,1000.0,2416.4606806399966,1000.0,1.0202130438596624,0.0
1351,1710867600000.0,0.0093122613892349,0.0,5629.0,0.47001780647631897,0.0,0.0,0.4385,0.9516370391141176,1.0,2593.311513295196,1000.0,2415.8977806399967,1000.0,1.0202130438596624,0.0
1352,1710871200000.0,0.0093122613892349,0.0,5629.0,0.47001780647631897,0.0,0.0,0.4355,0.9516370391141176,1.0,2593.311513295196,1000.0,2399.0107806399965,1000.0,1.0202130438596624,0.0
1353,1710874800000.0,0.0,0.0,0.0,0.45405720639872915,0.0,0.0,0.4928,0.9516370391141176,1.0,2730.2833199999945,1000.0,2730.2833199999945,1000.0,0.0,0.0
1354,1710878400000.0,0.0,0.0,0.0,0.45405720639872915,0.0,0.0,0.5155,0.9516370391141176,1.0,2730.2833199999945,1000.0,2730.2833199999945,1000.0,0.0,0.0
1355,1710882000000.0,0.0,0.0,0.0,0.45405720639872915,0.0,0.0,0.5073,0.9516370391141176,1.0,2730.2833199999945,1000.0,2730.2833199999945,1000.0,0.0,0.0
1356,1710885600000.0,0.0,0.0,0.0,0.45405720639872915,0.0,0.0,0.5282,0.9516370391141176,1.0,2730.2833199999945,1000.0,2730.2833199999945,1000.0,0.0,0.0
1357,1710889200000.0,0.0,0.0,0.0,0.45405720639872915,0.0,0.0,0.507,0.9516370391141176,1.0,2730.2833199999945,1000.0,2730.2833199999945,1000.0,0.0,0.0
1358,1710892800000.0,0.0,0.0,0.0,0.45405720639872915,0.0,0.0,0.5131,0.9516370391141176,1.0,2730.2833199999945,1000.0,2730.2833199999945,1000.0,0.0,0.0
1359,1710896400000.0,0.0,0.0,0.0,0.45405720639872915,0.0,0.0,0.5323,0.9516370391141176,1.0,2730.2833199999945,1000.0,2730.2833199999945,1000.0,0.0,0.0
1360,1710900000000.0,0.0,0.0,0.0,0.45405720639872915,0.0,0.0,0.5085,0.9516370391141176,1.0,2730.2833199999945,1000.0,2730.2833199999945,1000.0,0.0,0.0
1361,1710903600000.0,0.0,0.0,0.0,0.45405720639872915,0.0,0.0,0.528,0.9516370391141176,1.0,2730.2833199999945,1000.0,2730.2833199999945,1000.0,0.0,0.0
1362,1710907200000.0,0.0,0.0,0.0,0.45405720639872915,0.0,0.0,0.5194,0.9516370391141176,1.0,2730.2833199999945,1000.0,2730.2833199999945,1000.0,0.0,0.0
1363,1710910800000.0,0.0,0.0,602.0,0.49091177422254184,0.0,0.0,0.5005,0.9516370391141176,1.0,2785.4034321419645,1000.0,2791.175544059994,1000.0,0.10609913259664135,0.0
1364,1710914400000.0,0.0,0.0,525.0,0.4838372580741806,0.0,0.0,0.4853,0.9516370391141176,1.0,2790.8720833689385,1000.0,2791.640022879994,1000.0,0.09101619597782384,0.0
1365,1710918000000.0,0.0,0.0,90.0,0.49671424387654095,0.0,0.0,0.5045,0.9516370391141176,1.0,2796.639109288883,1000.0,2797.3398273399944,1000.0,0.015985002069235844,0.0
1366,1710921600000.0,0.0,0.0,0.0,0.49671424387654095,0.0,0.0,0.5419,0.9516370391141176,1.0,2797.8588406999943,1000.0,2797.8588406999943,1000.0,0.0,0.0
1367,1710925200000.0,0.0,0.0,0.0,0.49671424387654095,0.0,0.0,0.5557,0.9516370391141176,1.0,2797.8588406999943,1000.0,2797.8588406999943,1000.0,0.0,0.0
1368,1710928800000.0,0.0,0.0,0.0,0.49671424387654095,0.0,0.0,0.5784,0.9516370391141176,1.0,2797.8588406999943,1000.0,2797.8588406999943,1000.0,0.0,0.0
1369,1710932400000.0,0.0,0.0,0.0,0.49671424387654095,0.0,0.0,0.5839,0.9516370391141176,1.0,2797.8588406999943,1000.0,2797.8588406999943,1000.0,0.0,0.0
1370,1710936000000.0,0.0,0.0,0.0,0.49671424387654095,0.0,0.0,0.5956,0.9516370391141176,1.0,2797.8588406999943,1000.0,2797.8588406999943,1000.0,0.0,0.0
1371,1710939600000.0,0.0,0.0,0.0,0.49671424387654095,0.0,0.0,0.6113,0.9516370391141176,1.0,2797.8588406999943,1000.0,2797.8588406999943,1000.0,0.0,0.0
1372,1710943200000.0,0.0,0.0,0.0,0.49671424387654095,0.0,0.0,0.5973,0.9516370391141176,1.0,2797.8588406999943,1000.0,2797.8588406999943,1000.0,0.0,0.0
1373,1710946800000.0,0.0,0.0,0.0,0.49671424387654095,0.0,0.0,0.5865,0.9516370391141176,1.0,2797.8588406999943,1000.0,2797.8588406999943,1000.0,0.0,0.0
1374,1710950400000.0,0.0,0.0,244.0,0.5736647540983607,0.0,0.0,0.5676,0.9516370391141176,1.0,2799.172718659995,1000.0,2797.692918659995,1000.0,0.05000556023817199,0.0
1375,1710954000000.0,0.0,0.0,1625.0,0.5542209265491982,0.0,0.0,0.5478,0.9516370391141176,1.0,2821.827578742441,1000.0,2811.393573099994,1000.0,0.3191580564407862,0.0
1376,1710957600000.0,0.000126224897096838,0.0,5199.0,0.5433257062897854,0.0,0.0,0.5467,0.9516370391141176,1.0,2824.0941037605876,1000.0,2841.6370567599934,1000.0,1.000232373007377,0.0
1377,1710961200000.0,0.0,0.0,0.0,0.5529464552237858,0.0,0.0,0.5805,0.9516370391141176,1.0,2896.9295584999936,1000.0,2896.9295584999936,1000.0,0.0,0.0
1378,1710964800000.0,0.0,0.0,0.0,0.5633,0.0,0.0,0.5833,0.9516370391141176,1.0,2900.776570119994,1000.0,2900.776570119994,1000.0,0.0,0.0
1379,1710968400000.0,0.0,0.0,0.0,0.5633,0.0,0.0,0.5885,0.9516370391141176,1.0,2900.776570119994,1000.0,2900.776570119994,1000.0,0.0,0.0
1380,1710972000000.0,0.0,0.0,0.0,0.5633,0.0,0.0,0.6083,0.9516370391141176,1.0,2900.776570119994,1000.0,2900.776570119994,1000.0,0.0,0.0
1381,1710975600000.0,0.0,0.0,0.0,0.5633,0.0,0.0,0.6403,0.9516370391141176,1.0,2900.776570119994,1000.0,2900.776570119994,1000.0,0.0,0.0
1382,1710979200000.0,0.0,0.0,0.0,0.5633,0.0,0.0,0.6589,0.9516370391141176,1.0,2900.776570119994,1000.0,2900.776570119994,1000.0,0.0,0.0
1383,1710982800000.0,0.0,0.0,0.0,0.5633,0.0,0.0,0.699,0.9516370391141176,1.0,2900.776570119994,1000.0,2900.776570119994,1000.0,0.0,0.0
1384,1710986400000.0,0.0,0.0,0.0,0.5633,0.0,0.0,0.7263,0.9516370391141176,1.0,2900.776570119994,1000.0,2900.776570119994,1000.0,0.0,0.0
1385,1710990000000.0,0.0,0.0,0.0,0.5633,0.0,0.0,0.7221,0.9516370391141176,1.0,2900.776570119994,1000.0,2900.776570119994,1000.0,0.0,0.0
1386,1710993600000.0,0.0,0.0,0.0,0.5633,0.0,0.0,0.7207,0.9516370391141176,1.0,2900.776570119994,1000.0,2900.776570119994,1000.0,0.0,0.0
1387,1710997200000.0,0.0,0.0,0.0,0.5633,0.0,0.0,0.7199,0.9516370391141176,1.0,2900.776570119994,1000.0,2900.776570119994,1000.0,0.0,0.0
1388,1711000800000.0,0.0,0.0,0.0,0.6873,0.0,0.0,0.7174,0.9516370391141176,1.0,2904.813642819994,1000.0,2904.813642819994,1000.0,0.0,0.0
1389,1711004400000.0,0.0,0.0,209.0,0.6958,0.0,0.0,0.6963,0.9516370391141176,1.0,2904.784558379994,1000.0,2904.889058379994,1000.0,0.05006298989729632,0.0
1390,1711008000000.0,0.0,0.0,0.0,0.6958,0.0,0.0,0.746,0.9516370391141176,1.0,2908.8663515999933,1000.0,2908.8663515999933,1000.0,0.0,0.0
1391,1711011600000.0,0.0,0.0,0.0,0.6958,0.0,0.0,0.7544,0.9516370391141176,1.0,2908.8663515999933,1000.0,2908.8663515999933,1000.0,0.0,0.0
1392,1711015200000.0,0.0,0.0,0.0,0.6958,0.0,0.0,0.7745,0.9516370391141176,1.0,2908.8663515999933,1000.0,2908.8663515999933,1000.0,0.0,0.0
1393,1711018800000.0,0.0,0.0,0.0,0.6958,0.0,0.0,0.7822,0.9516370391141176,1.0,2908.8663515999933,1000.0,2908.8663515999933,1000.0,0.0,0.0
1394,1711022400000.0,0.0,0.0,0.0,0.6958,0.0,0.0,0.8092,0.9516370391141176,1.0,2908.8663515999933,1000.0,2908.8663515999933,1000.0,0.0,0.0
1395,1711026000000.0,0.0,0.0,0.0,0.6958,0.0,0.0,0.799,0.9516370391141176,1.0,2908.8663515999933,1000.0,2908.8663515999933,1000.0,0.0,0.0
1396,1711029600000.0,0.0,0.0,15.0,0.7615,0.0,0.0,0.7792,0.9516370391141176,1.0,2911.0193156399937,1000.0,2911.2848156399937,1000.0,0.0039238832729932395,0.0
1397,1711033200000.0,0.0,0.0,0.0,0.7615,0.0,0.0,0.7928,0.9516370391141176,1.0,2911.336867159992,1000.0,2911.336867159992,1000.0,0.0,0.0
1398,1711036800000.0,0.0,0.0,0.0,0.7615,0.0,0.0,0.7992,0.9516370391141176,1.0,2911.336867159992,1000.0,2911.336867159992,1000.0,0.0,0.0
1399,1711040400000.0,0.0,0.0,176.0,0.7588333333333332,0.0,0.0,0.7765,0.9516370391141176,1.0,2914.901199266659,1000.0,2918.0105325999925,1000.0,0.045817905148986454,0.0
1400,1711044000000.0,0.0,0.0,570.0,0.7568356725146197,0.0,0.0,0.7519,0.9516370391141176,1.0,2919.192730593325,1000.0,2916.379397259992,1000.0,0.14777932570613522,0.0
1401,1711047600000.0,0.0,0.0,837.0,0.7416684281842818,0.0,0.0,0.753,0.9516370391141176,1.0,2947.3168060102357,1000.0,2956.8013316199917,1000.0,0.21062427802954276,0.0
1402,1711051200000.0,0.0,0.0,195.0,0.7506997611916922,0.0,0.0,0.7476,0.9516370391141176,1.0,2954.754373092372,1000.0,2954.149919659992,1000.0,0.04954268103144411,0.0
1403,1711054800000.0,0.0,0.0,166.0,0.7414084879116614,0.0,0.0,0.7458,0.9516370391141176,1.0,2960.547492273327,1000.0,2961.276483279991,1000.0,0.041571300347163366,0.0
1404,1711058400000.0,0.0,0.0,85.0,0.7436408071703077,0.0,0.0,0.7506,0.9516370391141176,1.0,2962.1386807494673,1000.0,2962.730212139991,1000.0,0.021339132100824925,0.0
1405,1711062000000.0,0.0,0.0,2.0,0.7436408071703077,0.0,0.0,0.7529,0.9516370391141176,1.0,2963.2490247343308,1000.0,2963.26754311999,1000.0,0.0005019090876015583,0.0
1406,1711065600000.0,0.0,0.0,197.0,0.7504299492385786,0.0,0.0,0.7543,0.9516370391141176,1.0,2963.6790737399897,1000.0,2964.4414737399898,1000.0,0.04988215536220028,0.0
1407,1711069200000.0,0.0,0.0,741.0,0.7251154052846487,0.0,0.0,0.742,0.9516370391141176,1.0,2999.5925004759147,1000.0,3012.10398515999,1000.0,0.17912783660803097,0.0
1408,1711072800000.0,0.0,0.0,513.0,0.7166526508143551,0.0,0.0,0.7275,0.9516370391141176,1.0,3005.288090307754,1000.0,3010.8527804399896,1000.0,0.12233196912250634,0.0
1409,1711076400000.0,0.0,0.0,206.0,0.7252362065784159,0.0,0.0,0.7253,0.9516370391141176,1.0,3011.3976853751437,1000.0,3011.4108268199902,1000.0,0.0496110690662706,0.0
1410,1711080000000.0,0.0,0.0,615.0,0.7261059854193367,0.0,0.0,0.7241,0.9516370391141176,1.0,3015.1828868128823,1000.0,3013.9492057799903,1000.0,0.14810218742814343,0.0
1411,1711083600000.0,0.0,0.0,948.0,0.7115684165760896,0.0,0.0,0.7152,0.9516370391141176,1.0,3039.611439874124,1000.0,3043.054180959991,1000.0,0.22192535863796725,0.0
1412,1711087200000.0,0.0,0.0,320.0,0.7115684165760896,0.0,0.0,0.7206,0.9516370391141176,1.0,3043.9998055443402,1000.0,3046.8899122399916,1000.0,0.0748035176906426,0.0
1413,1711090800000.0,0.0,0.0,210.0,0.7218936401776608,0.0,0.0,0.721,0.9516370391141176,1.0,3048.2985151972994,1000.0,3048.1108507599906,1000.0,0.049731895902424994,0.0
1414,1711094400000.0,0.0,0.0,210.0,0.7218936401776608,0.0,0.0,0.7155,0.9516370391141176,1.0,3048.2985151972994,1000.0,3046.9558507599904,1000.0,0.049731895902424994,0.0
1415,1711098000000.0,0.0,0.0,212.0,0.7210218615312225,0.0,0.0,0.7217,0.9516370391141176,1.0,3050.08593400461,1000.0,3050.2296993599907,1000.0,0.050115517382792574,0.0
1416,1711101600000.0,0.0,0.0,636.0,0.7106957662176789,0.0,0.0,0.705,0.9516370391141176,1.0,3051.4519238344346,1000.0,3047.829416519991,1000.0,0.1481270289018548,0.0
1417,1711105200000.0,0.0,0.0,941.0,0.6964232102497588,0.0,0.0,0.7075,0.9516370391141176,1.0,3077.998623825015,1000.0,3088.421882979992,1000.0,0.21290920527789,0.0
1418,1711108800000.0,0.0,0.0,181.0,0.7048990030619566,0.0,0.0,0.7145,0.9516370391141176,1.0,3089.745391074207,1000.0,3091.483171519993,1000.0,0.04129360300133218,0.0
1419,1711112400000.0,0.00016085283747943775,0.0,4504.0,0.6864725970871687,0.0,0.0,0.6862,0.9516370391141176,1.0,3091.1480961006005,1000.0,3089.920318819993,1000.0,1.000234372847073,0.0
1420,1711116000000.0,0.00016085283747943775,0.0,4504.0,0.6864725970871687,0.0,0.0,0.6767,0.9516370391141176,1.0,3091.1480961006005,1000.0,3047.1323188199926,1000.0,1.000234372847073,0.0
1421,1711119600000.0,0.0,0.0,444.0,0.6864725970871687,0.0,0.0,0.6973,0.9516370391141176,1.0,3127.3239880466954,1000.0,3132.1313549399924,1000.0,0.09746154676384361,0.0
1422,1711123200000.0,0.0,0.0,0.0,0.6864725970871687,0.0,0.0,0.766,0.9516370391141176,1.0,3137.910866179992,1000.0,3137.910866179992,1000.0,0.0,0.0
1423,1711126800000.0,0.0,0.0,0.0,0.6864725970871687,0.0,0.0,0.7298,0.9516370391141176,1.0,3137.910866179992,1000.0,3137.910866179992,1000.0,0.0,0.0
1424,1711130400000.0,0.0,0.0,0.0,0.6864725970871687,0.0,0.0,0.7869,0.9516370391141176,1.0,3137.910866179992,1000.0,3137.910866179992,1000.0,0.0,0.0
1425,1711134000000.0,0.0,0.0,0.0,0.6864725970871687,0.0,0.0,0.7629,0.9516370391141176,1.0,3137.910866179992,1000.0,3137.910866179992,1000.0,0.0,0.0
1426,1711137600000.0,0.0,0.0,0.0,0.6864725970871687,0.0,0.0,0.7547,0.9516370391141176,1.0,3137.910866179992,1000.0,3137.910866179992,1000.0,0.0,0.0
1427,1711141200000.0,0.0,0.0,212.0,0.739,0.0,0.0,0.7336,0.9516370391141176,1.0,3137.879532579992,1000.0,3136.734732579992,1000.0,0.04992798428790739,0.0
1428,1711144800000.0,0.0,0.0,636.0,0.7285333333333334,0.0,0.0,0.7211,0.9516370391141176,1.0,3137.818196739992,1000.0,3133.0905967399917,1000.0,0.14766540664509833,0.0
1429,1711148400000.0,0.0,0.0,2545.0,0.7138793629124005,0.0,0.0,0.7158,0.9516370391141176,1.0,3150.374737832051,1000.0,3155.2627592199915,1000.0,0.5767005927245077,0.0
1430,1711152000000.0,0.0,0.0,164.0,0.7138793629124005,0.0,0.0,0.7341,0.9516370391141176,1.0,3186.785973677626,1000.0,3190.102158159992,1000.0,0.03673802272404412,0.0
1431,1711155600000.0,0.0,0.0,657.0,0.7120997435886414,0.0,0.0,0.7085,0.9516370391141176,1.0,3187.9707063577293,1000.0,3185.605674819992,1000.0,0.14675465198118384,0.0
1432,1711159200000.0,0.0,0.0,657.0,0.7120997435886414,0.0,0.0,0.7039,0.9516370391141176,1.0,3187.9707063577293,1000.0,3182.583474819992,1000.0,0.14675465198118384,0.0
1433,1711162800000.0,0.0,0.0,657.0,0.7120997435886414,0.0,0.0,0.6995,0.9516370391141176,1.0,3187.9707063577293,1000.0,3179.692674819992,1000.0,0.14675465198118384,0.0
1434,1711166400000.0,0.0,0.0,4523.0,0.6978013419868105,0.0,0.0,0.6908,0.9516370391141176,1.0,3187.443139306336,1000.0,3155.7760694999915,1000.0,0.9901840854463679,0.0
1435,1711170000000.0,0.0,0.0,1265.0,0.6978013419868105,0.0,0.0,0.7098,0.9516370391141176,1.0,3209.7855194333074,1000.0,3224.963821819992,1000.0,0.27500862355724026,0.0
1436,1711173600000.0,0.0,0.0,228.0,0.6996522869641393,0.0,0.0,0.7021,0.9516370391141176,1.0,3218.003373867815,1000.0,3218.561452439991,1000.0,0.04957133442532442,0.0
1437,1711177200000.0,0.0,0.0,229.0,0.7014288377861111,0.0,0.0,0.7007,0.9516370391141176,1.0,3218.7948263530106,1000.0,3218.627922499991,1000.0,0.04990290233410583,0.0
1438,1711180800000.0,0.0,0.0,229.0,0.7020649702406234,0.0,0.0,0.7088,0.9516370391141176,1.0,3219.8131736850937,1000.0,3221.355495499991,1000.0,0.04993236238023628,0.0
1439,1711184400000.0,0.0,0.0,10.0,0.7020649702406234,0.0,0.0,0.7126,0.9516370391141176,1.0,3222.410569022396,1000.0,3222.5159193199897,1000.0,0.0021786949713661517,0.0
1440,1711188000000.0,0.0,0.0,687.0,0.693774744836108,0.0,0.0,0.6949,0.9516370391141176,1.0,3222.3166485023958,1000.0,3223.0896987999895,1000.0,0.1479132256986357,0.0
1441,1711191600000.0,0.0,0.0,135.0,0.6959047210081151,0.0,0.0,0.7051,0.9516370391141176,1.0,3226.7618532560864,1000.0,3228.003215919991,1000.0,0.029114989456471545,0.0
1442,1711195200000.0,0.0,0.0,231.0,0.6975504263886187,0.0,0.0,0.6964,0.9516370391141176,1.0,3227.0170365757617,1000.0,3226.751288079991,1000.0,0.04993284716796938,0.0
1443,1711198800000.0,0.0,0.0,231.0,0.6975504263886187,0.0,0.0,0.6923,0.9516370391141176,1.0,3227.0170365757617,1000.0,3225.8041880799906,1000.0,0.04993284716796938,0.0
1444,1711202400000.0,0.0,0.0,231.0,0.6975504263886187,0.0,0.0,0.6874,0.9516370391141176,1.0,3227.0170365757617,1000.0,3224.6722880799907,1000.0,0.04993284716796938,0.0
1445,1711206000000.0,0.0,0.0,4.0,0.6975504263886187,0.0,0.0,0.7185,0.9516370391141176,1.0,3231.271563585546,1000.0,3231.3553618799915,1000.0,0.00086349960089964,0.0
1446,1711209600000.0,0.0,0.0,0.0,0.6975504263886187,0.0,0.0,0.7432,0.9516370391141176,1.0,3231.3659848399925,1000.0,3231.3659848399925,1000.0,0.0,0.0
1447,1711213200000.0,0.0,0.0,0.0,0.6975504263886187,0.0,0.0,0.7146,0.9516370391141176,1.0,3231.3659848399925,1000.0,3231.3659848399925,1000.0,0.0,0.0
1448,1711216800000.0,0.0,0.0,25.0,0.705,0.0,0.0,0.7286,0.9516370391141176,1.0,3233.563779979993,1000.0,3234.153779979993,1000.0,0.005450642448781094,0.0
1449,1711220400000.0,0.0,0.0,0.0,0.705,0.0,0.0,0.7405,0.9516370391141176,1.0,3234.3323005399925,1000.0,3234.3323005399925,1000.0,0.0,0.0
1450,1711224000000.0,0.0,0.0,226.0,0.7144,0.0,0.0,0.7183,0.9516370391141176,1.0,3234.3000096599926,1000.0,3235.181409659993,1000.0,0.04991942600184854,0.0
1451,1711227600000.0,0.0,0.0,32.0,0.7144,0.0,0.0,0.7262,0.9516370391141176,1.0,3235.7164020599935,1000.0,3236.0940020599933,1000.0,0.007065143281854322,0.0
1452,1711231200000.0,0.0,0.0,7.0,0.7144,0.0,0.0,0.7172,0.9516370391141176,1.0,3236.028766859994,1000.0,3236.048366859994,1000.0,0.0015453509101071468,0.0
1453,1711234800000.0,0.0,0.0,226.0,0.7158601769911503,0.0,0.0,0.7077,0.9516370391141176,1.0,3236.004322939994,1000.0,3234.160122939994,1000.0,0.0499951124456517,0.0
1454,1711238400000.0,0.0,0.0,678.0,0.7057533923303834,0.0,0.0,0.7089,0.9516370391141176,1.0,3235.940979659994,1000.0,3238.074379659994,1000.0,0.1478706821316243,0.0
1455,1711242000000.0,0.0,0.0,190.0,0.707318084665942,0.0,0.0,0.7171,0.9516370391141176,1.0,3241.0407579065227,1000.0,3242.8993218199935,1000.0,0.04146521013618337,0.0
1456,1711245600000.0,0.0,0.0,56.0,0.7094127517452613,0.0,0.0,0.733,0.9516370391141176,1.0,3243.9804112377283,1000.0,3245.3012971399935,1000.0,0.012246409984509403,0.0
1457,1711249200000.0,0.0,0.0,227.0,0.7151,0.0,0.0,0.7135,0.9516370391141176,1.0,3245.7157309599943,1000.0,3245.3525309599945,1000.0,0.05001291346977817,0.0
1458,1711252800000.0,0.0,0.0,111.0,0.7151,0.0,0.0,0.7216,0.9516370391141176,1.0,3246.534173599994,1000.0,3247.255673599994,1000.0,0.02444948851777586,0.0
1459,1711256400000.0,0.0,0.0,228.0,0.7141763157894737,0.0,0.0,0.7169,0.9516370391141176,1.0,3246.517482379994,1000.0,3247.138482379994,1000.0,0.05015595969642804,0.0
1460,1711260000000.0,0.0,0.0,0.0,0.7141763157894737,0.0,0.0,0.7449,0.9516370391141176,1.0,3251.558700979994,1000.0,3251.558700979994,1000.0,0.0,0.0
1461,1711263600000.0,0.0,0.0,0.0,0.7141763157894737,0.0,0.0,0.7268,0.9516370391141176,1.0,3251.558700979994,1000.0,3251.558700979994,1000.0,0.0,0.0
1462,1711267200000.0,0.0,0.0,131.0,0.7226582222222222,0.0,0.0,0.7295,0.9516370391141176,1.0,3252.8520755911054,1000.0,3253.748348479994,1000.0,0.02910314545856134,0.0
1463,1711270800000.0,0.0,0.0,0.0,0.7226582222222222,0.0,0.0,0.7901,0.9516370391141176,1.0,3254.907399899994,1000.0,3254.907399899994,1000.0,0.0,0.0
1464,1711274400000.0,0.0,0.0,0.0,0.7226582222222222,0.0,0.0,0.7764,0.9516370391141176,1.0,3254.907399899994,1000.0,3254.907399899994,1000.0,0.0,0.0
1465,1711278000000.0,0.0,0.0,0.0,0.7226582222222222,0.0,0.0,0.7797,0.9516370391141176,1.0,3254.907399899994,1000.0,3254.907399899994,1000.0,0.0,0.0
1466,1711281600000.0,0.0,0.0,0.0,0.7226582222222222,0.0,0.0,0.7851,0.9516370391141176,1.0,3254.907399899994,1000.0,3254.907399899994,1000.0,0.0,0.0
1467,1711285200000.0,0.0,0.0,0.0,0.7226582222222222,0.0,0.0,0.7824,0.9516370391141176,1.0,3254.907399899994,1000.0,3254.907399899994,1000.0,0.0,0.0
1468,1711288800000.0,0.0,0.0,62.0,0.7615,0.0,0.0,0.7675,0.9516370391141176,1.0,3256.021824019994,1000.0,3256.3938240199936,1000.0,0.014500209934621765,0.0
1469,1711292400000.0,0.0,0.0,62.0,0.7615757009345794,0.0,0.0,0.7718,0.9516370391141176,1.0,3257.208119557938,1000.0,3257.842026099994,1000.0,0.014496369812670188,0.0
1470,1711296000000.0,0.0,0.0,0.0,0.7615757009345794,0.0,0.0,0.8189,0.9516370391141176,1.0,3258.525217199995,1000.0,3258.525217199995,1000.0,0.0,0.0
1471,1711299600000.0,0.0,0.0,0.0,0.7615757009345794,0.0,0.0,0.8189,0.9516370391141176,1.0,3258.525217199995,1000.0,3258.525217199995,1000.0,0.0,0.0
1472,1711303200000.0,0.0,0.0,0.0,0.7615757009345794,0.0,0.0,0.8001,0.9516370391141176,1.0,3258.525217199995,1000.0,3258.525217199995,1000.0,0.0,0.0
1473,1711306800000.0,0.0,0.0,0.0,0.7615757009345794,0.0,0.0,0.8289,0.9516370391141176,1.0,3258.525217199995,1000.0,3258.525217199995,1000.0,0.0,0.0
1474,1711310400000.0,0.0,0.0,0.0,0.7615757009345794,0.0,0.0,0.8423,0.9516370391141176,1.0,3258.525217199995,1000.0,3258.525217199995,1000.0,0.0,0.0
1475,1711314000000.0,0.0,0.0,0.0,0.7615757009345794,0.0,0.0,0.8288,0.9516370391141176,1.0,3258.525217199995,1000.0,3258.525217199995,1000.0,0.0,0.0
1476,1711317600000.0,0.0,0.0,0.0,0.7615757009345794,0.0,0.0,0.8338,0.9516370391141176,1.0,3258.525217199995,1000.0,3258.525217199995,1000.0,0.0,0.0
1477,1711321200000.0,0.0,0.0,0.0,0.7615757009345794,0.0,0.0,0.8606,0.9516370391141176,1.0,3258.525217199995,1000.0,3258.525217199995,1000.0,0.0,0.0
1478,1711324800000.0,0.0,0.0,0.0,0.7615757009345794,0.0,0.0,0.8732,0.9516370391141176,1.0,3258.525217199995,1000.0,3258.525217199995,1000.0,0.0,0.0
1479,1711328400000.0,0.0,0.0,0.0,0.7615757009345794,0.0,0.0,0.8549,0.9516370391141176,1.0,3258.525217199995,1000.0,3258.525217199995,1000.0,0.0,0.0
1480,1711332000000.0,0.0,0.0,0.0,0.7615757009345794,0.0,0.0,0.8963,0.9516370391141176,1.0,3258.525217199995,1000.0,3258.525217199995,1000.0,0.0,0.0
1481,1711335600000.0,0.0,0.0,0.0,0.7615757009345794,0.0,0.0,0.9365,0.9516370391141176,1.0,3258.525217199995,1000.0,3258.525217199995,1000.0,0.0,0.0
1482,1711339200000.0,0.0,0.0,0.0,0.7615757009345794,0.0,0.0,0.9451,0.9516370391141176,1.0,3258.525217199995,1000.0,3258.525217199995,1000.0,0.0,0.0
1483,1711342800000.0,0.0,0.0,0.0,0.7615757009345794,0.0,0.0,0.921,0.9516370391141176,1.0,3258.525217199995,1000.0,3258.525217199995,1000.0,0.0,0.0
1484,1711346400000.0,0.0,0.0,0.0,0.7615757009345794,0.0,0.0,0.9747,0.9516370391141176,1.0,3258.525217199995,1000.0,3258.525217199995,1000.0,0.0,0.0
1485,1711350000000.0,0.0,0.0,0.0,0.7615757009345794,0.0,0.0,0.9587,0.9516370391141176,1.0,3258.525217199995,1000.0,3258.525217199995,1000.0,0.0,0.0
1486,1711353600000.0,0.0,0.0,0.0,0.7615757009345794,0.0,0.0,0.9342,0.9516370391141176,1.0,3258.525217199995,1000.0,3258.525217199995,1000.0,0.0,0.0
1487,1711357200000.0,0.0,0.0,0.0,0.7615757009345794,0.0,0.0,0.9428,0.9516370391141176,1.0,3258.525217199995,1000.0,3258.525217199995,1000.0,0.0,0.0
1488,1711360800000.0,0.0,0.0,531.0,0.9097333333333333,0.0,0.0,0.9042,0.9516370391141176,1.0,3258.428603519995,1000.0,3255.4904035199947,1000.0,0.14825195171628247,0.0
1489,1711364400000.0,0.0,0.0,531.0,0.9097333333333333,0.0,0.0,0.8991,0.9516370391141176,1.0,3258.428603519995,1000.0,3252.782303519995,1000.0,0.14825195171628247,0.0
1490,1711368000000.0,0.0,0.0,531.0,0.9097333333333333,0.0,0.0,0.8946,0.9516370391141176,1.0,3258.428603519995,1000.0,3250.3928035199947,1000.0,0.14825195171628247,0.0
1491,1711371600000.0,0.0001522486456921888,0.0,3655.0,0.8914993160054719,0.0,0.0,0.8784,0.9516370391141176,1.0,3257.873531199995,1000.0,3209.9955311999947,1000.0,1.0001708073670375,0.0
1492,1711375200000.0,0.0,0.0,905.0,0.8914993160054719,0.0,0.0,0.9179,0.9516370391141176,1.0,3316.2833051849475,1000.0,3340.1759241999953,1000.0,0.24328647667813078,0.0
1493,1711378800000.0,0.0,0.0,155.0,0.8993620904471595,0.0,0.0,0.9097,0.9516370391141176,1.0,3335.164427659305,1000.0,3336.7668036399955,1000.0,0.04179737672398498,0.0
1494,1711382400000.0,0.0,0.0,0.0,0.8993620904471595,0.0,0.0,0.9365,0.9516370391141176,1.0,3338.103329939994,1000.0,3338.103329939994,1000.0,0.0,0.0
1495,1711386000000.0,0.0,0.0,0.0,0.8993620904471595,0.0,0.0,0.9258,0.9516370391141176,1.0,3338.103329939994,1000.0,3338.103329939994,1000.0,0.0,0.0
1496,1711389600000.0,0.0,0.0,183.0,0.9113,0.0,0.0,0.9108,0.9516370391141176,1.0,3338.069976359994,1000.0,3337.978476359994,1000.0,0.04995937807806307,0.0
1497,1711393200000.0,0.0,0.0,8.0,0.9113,0.0,0.0,0.929,0.9516370391141176,1.0,3340.039180559995,1000.0,3340.180780559995,1000.0,0.0021827288860658462,0.0
1498,1711396800000.0,0.0,0.0,153.0,0.9124737704918032,0.0,0.0,0.9164,0.9516370391141176,1.0,3340.3369287252403,1000.0,3340.9376418399943,1000.0,0.041794732047741104,0.0
1499,1711400400000.0,0.0,0.0,183.0,0.9121510525844307,0.0,0.0,0.9077,0.9516370391141176,1.0,3340.5504510629453,1000.0,3339.7359084399945,1000.0,0.04996890334939759,0.0
1500,1711404000000.0,0.0,0.0,266.0,0.8992503508614769,0.0,0.0,0.9019,0.9516370391141176,1.0,3342.9947390291477,1000.0,3343.699545699995,1000.0,0.07155278784513434,0.0
1501,1711407600000.0,0.0,0.0,104.0,0.8992503508614769,0.0,0.0,0.9153,0.9516370391141176,1.0,3344.6549085495885,1000.0,3346.324072059995,1000.0,0.02796164000373643,0.0
1502,1711411200000.0,0.0,0.0,0.0,0.8992503508614769,0.0,0.0,0.9247,0.9516370391141176,1.0,3347.8964154799955,1000.0,3347.8964154799955,1000.0,0.0,0.0
1503,1711414800000.0,0.0,0.0,0.0,0.8992503508614769,0.0,0.0,0.9216,0.9516370391141176,1.0,3347.8964154799955,1000.0,3347.8964154799955,1000.0,0.0,0.0
1504,1711418400000.0,0.0,0.0,12.0,0.9137,0.0,0.0,0.9237,0.9516370391141176,1.0,3350.950301679996,1000.0,3351.0703016799957,1000.0,0.0032720270409570106,0.0
1505,1711422000000.0,0.0,0.0,153.0,0.9163262295081966,0.0,0.0,0.9341,0.9516370391141176,1.0,3351.2504458947487,1000.0,3353.9698327799947,1000.0,0.0418345078585503,0.0
1506,1711425600000.0,0.0,0.0,183.0,0.9172128750375091,0.0,0.0,0.9127,0.9516370391141176,1.0,3353.297940071858,1000.0,3352.472083939994,1000.0,0.050055187201250385,0.0
1507,1711429200000.0,0.0,0.0,20.0,0.9172128750375091,0.0,0.0,0.939,0.9516370391141176,1.0,3355.7154507207433,1000.0,3356.1511932199933,1000.0,0.005466571218608594,0.0
1508,1711432800000.0,0.0,0.0,0.0,0.9172128750375091,0.0,0.0,0.9609,0.9516370391141176,1.0,3356.3441978599935,1000.0,3356.3441978599935,1000.0,0.0,0.0
1509,1711436400000.0,0.0,0.0,68.0,0.93,0.0,0.0,0.9506,0.9516370391141176,1.0,3357.6642109399936,1000.0,3359.0650109399935,1000.0,0.018834521866108723,0.0
1510,1711440000000.0,0.0,0.0,150.0,0.9322,0.0,0.0,0.9338,0.9516370391141176,1.0,3359.4317465999948,1000.0,3359.6717465999945,1000.0,0.04162311085543524,0.0
1511,1711443600000.0,0.0,0.0,180.0,0.9321999999999999,0.0,0.0,0.9245,0.9516370391141176,1.0,3359.985718279995,1000.0,3358.599718279995,1000.0,0.04993949798271648,0.0
1512,1711447200000.0,0.0,0.0,125.0,0.9321999999999999,0.0,0.0,0.9374,0.9516370391141176,1.0,3360.4923606799953,1000.0,3361.1423606799954,1000.0,0.0346749783940652,0.0
1513,1711450800000.0,0.0,0.0,378.0,0.917982688766114,0.0,0.0,0.9139,0.9516370391141176,1.0,3361.9062315135866,1000.0,3360.3629751599956,1000.0,0.10321449572297173,0.0
1514,1711454400000.0,0.0,0.0,378.0,0.917982688766114,0.0,0.0,0.911,0.9516370391141176,1.0,3361.9062315135866,1000.0,3359.2667751599956,1000.0,0.10321449572297173,0.0
1515,1711458000000.0,0.0,0.0,1134.0,0.9042608962553713,0.0,0.0,0.8989,0.9516370391141176,1.0,3361.7705446335867,1000.0,3355.6912882799957,1000.0,0.3050273190091732,0.0
1516,1711461600000.0,0.0,0.0,1810.0,0.8871189066896019,0.0,0.0,0.8809,0.9516370391141176,1.0,3378.510148188175,1000.0,3367.2539270799957,1000.0,0.47526428830449874,0.0
1517,1711465200000.0,0.0,0.0,424.0,0.8871189066896019,0.0,0.0,0.893,0.9516370391141176,1.0,3390.5709723163864,1000.0,3393.064555879995,1000.0,0.1109366002090849,0.0
1518,1711468800000.0,0.0,0.0,189.0,0.8948281944976448,0.0,0.0,0.8859,0.9516370391141176,1.0,3396.0761610600493,1000.0,3394.3887322999944,1000.0,0.04979939222189442,0.0
1519,1711472400000.0,7.214512220100631e-05,0.0,3928.0,0.8644893657739448,0.0,0.0,0.8731,0.9516370391141176,1.0,3395.4308427200494,1000.0,3429.2534139599943,1000.0,1.0000834609960068,0.0
1520,1711476000000.0,0.0,0.0,261.0,0.8644893657739448,0.0,0.0,0.8874,0.9516370391141176,1.0,3453.3617066069937,1000.0,3459.341382139994,1000.0,0.06533683512946806,0.0
1521,1711479600000.0,0.0,0.0,195.0,0.8785088720192744,0.0,0.0,0.8743,0.9516370391141176,1.0,3458.314606823752,1000.0,3457.4938767799936,1000.0,0.049535467278118875,0.0
1522,1711483200000.0,0.0,0.0,488.0,0.8661029573397581,0.0,0.0,0.8738,0.9516370391141176,1.0,3459.0741766417955,1000.0,3462.8303334599937,1000.0,0.1221882566254,0.0
1523,1711486800000.0,0.0,0.0,284.0,0.8661029573397581,0.0,0.0,0.8705,0.9516370391141176,1.0,3460.8126815044848,1000.0,3462.0614416199933,1000.0,0.07107383800314837,0.0
1524,1711490400000.0,0.0,0.0,198.0,0.8661029573397581,0.0,0.0,0.8672,0.9516370391141176,1.0,3461.545580613266,1000.0,3461.762795059994,1000.0,0.04954098727276915,0.0
1525,1711494000000.0,0.0,0.0,115.0,0.8661029573397581,0.0,0.0,0.8765,0.9516370391141176,1.0,3462.252913474066,1000.0,3463.448573379994,1000.0,0.028767927295678262,0.0
1526,1711497600000.0,0.0,0.0,20.0,0.8661029573397581,0.0,0.0,0.875,0.9516370391141176,1.0,3463.4525333067886,1000.0,3463.6304741599934,1000.0,0.005001384884075959,0.0
1527,1711501200000.0,0.0,0.0,42.0,0.8706877344060058,0.0,0.0,0.8981,0.9516370391141176,1.0,3465.919125325046,1000.0,3467.070440479994,1000.0,0.010550991965694725,0.0
1528,1711504800000.0,0.0,0.0,0.0,0.8706877344060058,0.0,0.0,0.9296,0.9516370391141176,1.0,3467.3468396399944,1000.0,3467.3468396399944,1000.0,0.0,0.0
1529,1711508400000.0,0.0,0.0,0.0,0.8706877344060058,0.0,0.0,0.9187,0.9516370391141176,1.0,3467.3468396399944,1000.0,3467.3468396399944,1000.0,0.0,0.0
1530,1711512000000.0,0.0,0.0,0.0,0.8706877344060058,0.0,0.0,0.9125,0.9516370391141176,1.0,3467.3468396399944,1000.0,3467.3468396399944,1000.0,0.0,0.0
1531,1711515600000.0,0.0,0.0,0.0,0.8706877344060058,0.0,0.0,0.9068,0.9516370391141176,1.0,3467.3468396399944,1000.0,3467.3468396399944,1000.0,0.0,0.0
1532,1711519200000.0,0.0,0.0,193.0,0.8966,0.0,0.0,0.8956,0.9516370391141176,1.0,3467.3122308799943,1000.0,3467.119230879994,1000.0,0.04990718703059573,0.0
1533,1711522800000.0,0.0,0.0,193.0,0.8966,0.0,0.0,0.8871,0.9516370391141176,1.0,3467.3122308799943,1000.0,3465.478730879994,1000.0,0.04990718703059573,0.0
1534,1711526400000.0,0.0,0.0,579.0,0.8839333333333332,0.0,0.0,0.8808,0.9516370391141176,1.0,3467.2444801599945,1000.0,3465.4302801599947,1000.0,0.14760926232014168,0.0
1535,1711530000000.0,0.00018507099675362404,0.0,4003.0,0.8661989008243816,0.0,0.0,0.8596,0.9516370391141176,1.0,3466.6533607999945,1000.0,3440.237960799995,1000.0,1.000213704435633,0.0
1536,1711533600000.0,0.0,0.0,3303.0,0.8661989008243816,0.0,0.0,0.8748,0.9516370391141176,1.0,3472.217725022928,1000.0,3500.6271555999956,1000.0,0.8239848984136039,0.0
1537,1711537200000.0,0.0,0.0,2753.0,0.8661989008243816,0.0,0.0,0.8472,0.9516370391141176,1.0,3476.907090569518,1000.0,3424.6031165999952,1000.0,0.6858525441871721,0.0
1538,1711540800000.0,0.0,0.0,145.0,0.8666,0.0,0.0,0.8788,0.9516370391141176,1.0,3585.5541618599955,1000.0,3587.3231618599953,1000.0,0.03504534984762741,0.0
1539,1711544400000.0,0.0,0.0,1.0,0.8666,0.0,0.0,0.8848,0.9516370391141176,1.0,3588.706968099995,1000.0,3588.725168099995,1000.0,0.000241479732868469,0.0
1540,1711548000000.0,0.0,0.0,172.0,0.8732082524271845,0.0,0.0,0.8716,0.9516370391141176,1.0,3589.512868397471,1000.0,3589.2362489799953,1000.0,0.04184183896923275,0.0
1541,1711551600000.0,0.0,0.0,172.0,0.8705056469349923,0.0,0.0,0.8809,0.9516370391141176,1.0,3599.008848712814,1000.0,3600.7966774399956,1000.0,0.041602279284856034,0.0
1542,1711555200000.0,0.0,0.0,621.0,0.8582447876950706,0.0,0.0,0.8564,0.9516370391141176,1.0,3599.168643078635,1000.0,3598.023029919996,1000.0,0.14808142268730987,0.0
1543,1711558800000.0,0.0,0.0,0.0,0.8664765871008973,0.0,0.0,0.9138,0.9516370391141176,1.0,3618.9383520199954,1000.0,3618.9383520199954,1000.0,0.0,0.0
1544,1711562400000.0,0.0,0.0,0.0,0.8664765871008973,0.0,0.0,0.8937,0.9516370391141176,1.0,3618.9383520199954,1000.0,3618.9383520199954,1000.0,0.0,0.0
1545,1711566000000.0,0.0,0.0,0.0,0.8664765871008973,0.0,0.0,0.9152,0.9516370391141176,1.0,3618.9383520199954,1000.0,3618.9383520199954,1000.0,0.0,0.0
1546,1711569600000.0,0.0,0.0,615.0,0.8702333333333333,0.0,0.0,0.8766,0.9516370391141176,1.0,3618.8313133199954,1000.0,3622.7468133199955,1000.0,0.14789125373987153,0.0
1547,1711573200000.0,0.0,0.0,298.0,0.8702333333333333,0.0,0.0,0.8724,0.9516370391141176,1.0,3621.5546180533292,1000.0,3622.200284719996,1000.0,0.07160724072490422,0.0
1548,1711576800000.0,0.0,0.0,3.0,0.8702333333333333,0.0,0.0,0.8956,0.9516370391141176,1.0,3625.8599694399973,1000.0,3625.9360694399975,1000.0,0.0007200222904369952,0.0
1549,1711580400000.0,0.0,0.0,206.0,0.8794,0.0,0.0,0.8736,0.9516370391141176,1.0,3625.8828040999974,1000.0,3624.6880040999977,1000.0,0.04996201195338026,0.0
1550,1711584000000.0,0.0,0.0,618.0,0.867,0.0,0.0,0.8612,0.9516370391141176,1.0,3625.8118741799976,1000.0,3622.2274741799974,1000.0,0.14777545515131732,0.0
1551,1711587600000.0,0.0,0.0,208.0,0.8716988304363905,0.0,0.0,0.8718,0.9516370391141176,1.0,3632.829521290767,1000.0,3632.8505645599976,1000.0,0.0499096794022824,0.0
1552,1711591200000.0,0.0,0.0,208.0,0.8716988304363905,0.0,0.0,0.8605,0.9516370391141176,1.0,3632.829521290767,1000.0,3630.5001645599978,1000.0,0.0499096794022824,0.0
1553,1711594800000.0,0.0,0.0,333.0,0.8593662768121302,0.0,0.0,0.875,0.9516370391141176,1.0,3636.753524218437,1000.0,3641.959554039998,1000.0,0.07868802993459365,0.0
1554,1711598400000.0,0.0,0.0,50.0,0.8631064606006973,0.0,0.0,0.8939,0.9516370391141176,1.0,3643.1435344100328,1000.0,3644.683211379998,1000.0,0.011845627991987254,0.0
1555,1711602000000.0,0.0,0.0,0.0,0.8631064606006973,0.0,0.0,0.9164,0.9516370391141176,1.0,3645.0084055399984,1000.0,3645.0084055399984,1000.0,0.0,0.0
1556,1711605600000.0,0.0,0.0,0.0,0.8631064606006973,0.0,0.0,0.9022,0.9516370391141176,1.0,3645.0084055399984,1000.0,3645.0084055399984,1000.0,0.0,0.0
1557,1711609200000.0,0.0,0.0,0.0,0.8631064606006973,0.0,0.0,0.9288,0.9516370391141176,1.0,3645.0084055399984,1000.0,3645.0084055399984,1000.0,0.0,0.0
1558,1711612800000.0,0.0,0.0,0.0,0.8631064606006973,0.0,0.0,0.9331,0.9516370391141176,1.0,3645.0084055399984,1000.0,3645.0084055399984,1000.0,0.0,0.0
1559,1711616400000.0,0.0,0.0,0.0,0.8631064606006973,0.0,0.0,0.918,0.9516370391141176,1.0,3645.0084055399984,1000.0,3645.0084055399984,1000.0,0.0,0.0
1560,1711620000000.0,0.0,0.0,0.0,0.8631064606006973,0.0,0.0,0.9357,0.9516370391141176,1.0,3645.0084055399984,1000.0,3645.0084055399984,1000.0,0.0,0.0
1561,1711623600000.0,0.0,0.0,0.0,0.8631064606006973,0.0,0.0,0.9273,0.9516370391141176,1.0,3645.0084055399984,1000.0,3645.0084055399984,1000.0,0.0,0.0
1562,1711627200000.0,0.0,0.0,594.0,0.9057999999999999,0.0,0.0,0.9035,0.9516370391141176,1.0,3644.9007964999987,1000.0,3643.5345964999988,1000.0,0.14761586941314167,0.0
1563,1711630800000.0,0.0,0.0,1981.0,0.887666926449099,0.0,0.0,0.8912,0.9516370391141176,1.0,3662.8811797556637,1000.0,3669.8801984599986,1000.0,0.4800778663022221,0.0
1564,1711634400000.0,0.0,0.0,205.0,0.8957771063400471,0.0,0.0,0.8996,0.9516370391141176,1.0,3691.535869919709,1000.0,3692.319563119999,1000.0,0.049744689817602585,0.0
1565,1711638000000.0,0.0,0.0,205.0,0.8957771063400471,0.0,0.0,0.8915,0.9516370391141176,1.0,3691.535869919709,1000.0,3690.6590631199992,1000.0,0.049744689817602585,0.0
1566,1711641600000.0,0.0,0.0,205.0,0.8957771063400471,0.0,0.0,0.8911,0.9516370391141176,1.0,3691.535869919709,1000.0,3690.5770631199994,1000.0,0.049744689817602585,0.0
1567,1711645200000.0,0.0,0.0,25.0,0.8957771063400471,0.0,0.0,0.9156,0.9516370391141176,1.0,3693.5917250985012,1000.0,3694.08729744,1000.0,0.006063049011705256,0.0
1568,1711648800000.0,0.0,0.0,47.0,0.8984629663271868,0.0,0.0,0.9243,0.9516370391141176,1.0,3695.8538074773774,1000.0,3697.0681480599997,1000.0,0.01142571151811888,0.0
1569,1711652400000.0,0.0,0.0,0.0,0.8984629663271868,0.0,0.0,0.947,0.9516370391141176,1.0,3697.3799955199997,1000.0,3697.3799955199997,1000.0,0.0,0.0
1570,1711656000000.0,0.0,0.0,0.0,0.8984629663271868,0.0,0.0,0.9344,0.9516370391141176,1.0,3697.3799955199997,1000.0,3697.3799955199997,1000.0,0.0,0.0
1571,1711659600000.0,0.0,0.0,202.0,0.9138,0.0,0.0,0.9139,0.9516370391141176,1.0,3697.343078,1000.0,3697.363278,1000.0,0.04992439059776102,0.0
1572,1711663200000.0,0.0,0.0,169.0,0.9138,0.0,0.0,0.9114,0.9516370391141176,1.0,3697.6405862,1000.0,3697.2349862,1000.0,0.04176506515434677,0.0
1573,1711666800000.0,0.0,0.0,169.0,0.9138,0.0,0.0,0.9203,0.9516370391141176,1.0,3697.6405862,1000.0,3698.7390862,1000.0,0.04176506515434677,0.0
1574,1711670400000.0,0.0,0.0,169.0,0.9138,0.0,0.0,0.9145,0.9516370391141176,1.0,3697.6405862,1000.0,3697.7588862000002,1000.0,0.04176506515434677,0.0
1575,1711674000000.0,0.0,0.0,115.0,0.9009999999999999,0.0,0.0,0.9275,0.9516370391141176,1.0,3705.21173208,1000.0,3708.25923208,1000.0,0.02796466369327658,0.0
1576,1711677600000.0,0.0,0.0,203.0,0.9117832512315271,0.0,0.0,0.9078,0.9516370391141176,1.0,3708.726517919999,1000.0,3707.917917919999,1000.0,0.049907157916784586,0.0
1577,1711681200000.0,0.0,0.0,609.0,0.898927750410509,0.0,0.0,0.8921,0.9516370391141176,1.0,3708.654046919999,1000.0,3704.495946919999,1000.0,0.14761339102379997,0.0
1578,1711684800000.0,0.0,0.0,609.0,0.898927750410509,0.0,0.0,0.8988,0.9516370391141176,1.0,3708.654046919999,1000.0,3708.576246919999,1000.0,0.14761339102379997,0.0
1579,1711688400000.0,0.0,0.0,424.0,0.898927750410509,0.0,0.0,0.8868,0.9516370391141176,1.0,3710.2988170940553,1000.0,3705.1566509199993,1000.0,0.10272632608943688,0.0
1580,1711692000000.0,0.0,0.0,1272.0,0.8855092501368362,0.0,0.0,0.8861,0.9516370391141176,1.0,3710.149772614055,1000.0,3710.9012064399994,1000.0,0.3035909155172602,0.0
1581,1711695600000.0,0.0,0.0,615.0,0.8855092501368362,0.0,0.0,0.8978,0.9516370391141176,1.0,3715.8734711141537,1000.0,3723.4322822799995,1000.0,0.14655724772858506,0.0
1582,1711699200000.0,0.0,0.0,249.0,0.8855092501368362,0.0,0.0,0.8881,0.9516370391141176,1.0,3719.0620154840713,1000.0,3719.707112199999,1000.0,0.059286939116924925,0.0
1583,1711702800000.0,0.0,0.0,174.0,0.8855092501368362,0.0,0.0,0.8888,0.9516370391141176,1.0,3719.7154057238085,1000.0,3720.2879961999993,1000.0,0.04142215000822833,0.0
1584,1711706400000.0,0.0,0.0,174.0,0.8855092501368362,0.0,0.0,0.8803,0.9516370391141176,1.0,3719.7154057238085,1000.0,3718.808996199999,1000.0,0.04142215000822833,0.0
1585,1711710000000.0,0.0,0.0,50.0,0.8855092501368362,0.0,0.0,0.8928,0.9516370391141176,1.0,3720.79567758684,1000.0,3721.160215079998,1000.0,0.011899460852834873,0.0
1586,1711713600000.0,0.0,0.0,210.0,0.88506062501629,0.0,0.0,0.8867,0.9516370391141176,1.0,3720.980729333419,1000.0,3721.324998079998,1000.0,0.049949931153423784,0.0
1587,1711717200000.0,0.0,0.0,210.0,0.88506062501629,0.0,0.0,0.8772,0.9516370391141176,1.0,3720.980729333419,1000.0,3719.329998079998,1000.0,0.049949931153423784,0.0
1588,1711720800000.0,0.0,0.0,210.0,0.88506062501629,0.0,0.0,0.886,0.9516370391141176,1.0,3720.980729333419,1000.0,3721.177998079998,1000.0,0.049949931153423784,0.0
1589,1711724400000.0,0.0,0.0,69.0,0.88506062501629,0.0,0.0,0.8872,0.9516370391141176,1.0,3722.509911606122,1000.0,3722.657528479998,1000.0,0.016405378246467844,0.0
1590,1711728000000.0,0.0,0.0,440.0,0.8709299087987139,0.0,0.0,0.8815,0.9516370391141176,1.0,3725.1589940714325,1000.0,3729.8098341999985,1000.0,0.10287055142647847,0.0
1591,1711731600000.0,0.0,0.0,15.0,0.8709299087987139,0.0,0.0,0.8995,0.9516370391141176,1.0,3733.7324239519794,1000.0,3734.1609753199987,1000.0,0.00349889792535083,0.0
1592,1711735200000.0,0.0,0.0,0.0,0.8709299087987139,0.0,0.0,0.894,0.9516370391141176,1.0,3734.1947695199997,1000.0,3734.1947695199997,1000.0,0.0,0.0
1593,1711738800000.0,0.0,0.0,211.0,0.8853,0.0,0.0,0.8825,0.9516370391141176,1.0,3734.1574098599995,1000.0,3733.5666098599995,1000.0,0.0500242168438752,0.0
1594,1711742400000.0,0.0,0.0,50.0,0.8853,0.0,0.0,0.8947,0.9516370391141176,1.0,3735.5615166199996,1000.0,3736.0315166199994,1000.0,0.011849624160399783,0.0
1595,1711746000000.0,0.0,0.0,12.0,0.8853,0.0,0.0,0.9007,0.9516370391141176,1.0,3735.9439104999997,1000.0,3736.1287104999997,1000.0,0.002843618709087683,0.0
1596,1711749600000.0,0.0,0.0,211.0,0.8848284360189573,0.0,0.0,0.8827,0.9516370391141176,1.0,3735.9086954599998,1000.0,3735.45959546,1000.0,0.04997413352924888,0.0
1597,1711753200000.0,0.0,0.0,211.0,0.8848284360189573,0.0,0.0,0.8794,0.9516370391141176,1.0,3735.9086954599998,1000.0,3734.76329546,1000.0,0.04997413352924888,0.0
1598,1711756800000.0,0.0,0.0,211.0,0.8848284360189573,0.0,0.0,0.879,0.9516370391141176,1.0,3735.9086954599998,1000.0,3734.6788954599997,1000.0,0.04997413352924888,0.0
