timestamp,trade_id,timestamp,pnl,fee_paid,balance,equity,qty,price,psize,pprice,type,pcost,wallet_exposure,mins_since_prev_fill
1672760160000.0,3816,1672760160000.0,0.0,-0.5382144,999.4617856,999.4617856,14016.0,0.0384,14016.0,0.0384,long_ientry_normal,538.2144,0.5385042307314405,
1673279580000.0,12473,1673279580000.0,29.900800000000014,-0.2093056,1029.15328,1088.02048,-4672.0,0.0448,9344.0,0.0384,long_nclose,358.8096,0.3486454418140707,8657.0
1673279640000.0,12474,1673279640000.0,19.929600000000008,-0.13950720000000003,1048.9433728,1088.8153728,-3114.0,0.0448,6230.0,0.0384,long_nclose,239.23199999999997,0.22806950899685402,1.0
1673279700000.0,12475,1673279700000.0,13.286400000000006,-0.0930048,1062.1367679999998,1088.3069679999999,-2076.0,0.0448,4154.0,0.0384,long_nclose,159.5136,0.15018178901796572,1.0
1673280000000.0,12480,1673280000000.0,8.857600000000003,-0.0620032,1070.9323648,1088.6603648,-1384.0,0.0448,2770.0,0.0384,long_nclose,106.368,0.0993227989891449,5.0
1673280060000.0,12481,1673280060000.0,5.907200000000003,-0.0413504,1076.7982144,1088.6190144,-923.0,0.0448,1847.0,0.0384,long_nclose,70.92479999999999,0.06586637965361024,1.0
1673280120000.0,12482,1673280120000.0,3.9360000000000017,-0.027552,1080.7066624,1088.7146624,-615.0,0.0448,1232.0,0.0384,long_nclose,47.3088,0.04377580119191463,1.0
1673280240000.0,12484,1673280240000.0,2.624000000000001,-0.018368,1083.3122944,1088.4086943999998,-410.0,0.0448,822.0,0.0384,long_nclose,31.564799999999998,0.02913730432412602,2.0
1673280360000.0,12486,1673280360000.0,1.7536000000000007,-0.0122752,1085.0536192,1088.6704192,-274.0,0.0448,548.0,0.0384,long_nclose,21.0432,0.019393695968236997,2.0
1673280720000.0,12492,1673280720000.0,1.9180000000000017,-0.0124396,1086.9591795999997,1088.8223795999997,-274.0,0.0454,274.0,0.0384,long_nclose,10.5216,0.009679848330525109,6.0
1673280900000.0,12495,1673280900000.0,0.9590000000000009,-0.0062198,1087.9119597999997,1088.8709597999998,-137.0,0.0454,137.0,0.0384,long_nclose,5.2608,0.00483568541793321,3.0
1673281560000.0,12506,1673281560000.0,0.9590000000000009,-0.0062198,1088.8647399999998,1088.8647399999998,-137.0,0.0454,0.0,0.0384,long_nclose,0.0,0.0,11.0
1673314140000.0,13049,1673314140000.0,0.0,-0.586036,1088.2787039999998,1088.2787039999998,13319.0,0.044,13319.0,0.044,long_ientry_normal,586.036,0.5384980867915614,543.0
1673656440000.0,18754,1673656440000.0,32.404700000000005,-0.2277207,1120.4556833,1186.1676833,-4439.0,0.0513,8880.0,0.044,long_nclose,390.71999999999997,0.34871526453347945,5705.0
1673656680000.0,18758,1673656680000.0,35.52,-0.23088,1155.7448032999998,1192.1528033,-4440.0,0.052,4440.0,0.044,long_nclose,195.35999999999999,0.16903385543433835,4.0
1673656800000.0,18760,1673656800000.0,38.18400000000002,-0.23354400000000003,1193.6952592999999,1193.6952592999999,-4440.0,0.0526,0.0,0.044,long_nclose,0.0,0.0,2.0
1673688060000.0,19281,1673688060000.0,0.0,-0.6424176,1193.0528416999998,1185.4352416999998,12696.0,0.0506,12696.0,0.0506,long_ientry_normal,642.4176,0.5384653366104128,521.0
1674051060000.0,25331,1674051060000.0,35.54879999999999,-0.249688,1228.3519536999997,1296.9103536999999,-4232.0,0.059,8464.0,0.0506,long_nclose,428.2784,0.34866098328736683,6050.0
1674051180000.0,25333,1674051180000.0,23.696399999999993,-0.166439,1251.8819146999997,1299.8474146999997,-2821.0,0.059,5643.0,0.0506,long_nclose,285.5358,0.22808525041151795,2.0
1674051420000.0,25337,1674051420000.0,25.9532,-0.1686958,1277.6664188999996,1302.7822188999996,-2821.0,0.0598,2822.0,0.0506,long_nclose,142.79319999999998,0.11176094001354209,4.0
1674051540000.0,25339,1674051540000.0,12.9812,-0.08437779999999999,1290.5632410999995,1303.6855410999995,-1411.0,0.0598,1411.0,0.0506,long_nclose,71.39659999999999,0.05532204678257051,2.0
1674051780000.0,25343,1674051780000.0,6.486,-0.042159,1297.0070820999995,1303.4316820999995,-705.0,0.0598,706.0,0.0506,long_nclose,35.7236,0.0275431032667605,4.0
1674051840000.0,25344,1674051840000.0,3.2476,-0.0211094,1300.2335726999995,1303.5164726999994,-353.0,0.0598,353.0,0.0506,long_nclose,17.8618,0.013737377941187201,1.0
1674052020000.0,25347,1674052020000.0,1.6192,-0.010524799999999999,1301.8422478999996,1303.4529478999996,-176.0,0.0598,177.0,0.0506,long_nclose,8.956199999999999,0.006879635389347085,3.0
1674052800000.0,25360,1674052800000.0,0.7139999999999999,-0.0050149999999999995,1302.5512328999996,1303.3148328999996,-85.0,0.059,92.0,0.0506,long_nclose,4.6552,0.00357390932687973,13.0
1674054360000.0,25386,1674054360000.0,0.7727999999999998,-0.005428,1303.3186048999996,1303.3186048999996,-92.0,0.059,0.0,0.0506,long_nclose,0.0,0.0,26.0
1674058860000.0,25461,1674058860000.0,0.0,-0.7014252000000001,1302.6171796999997,1296.2751796999996,12684.0,0.0553,12684.0,0.0553,long_ientry_normal,701.4252,0.5384737825748178,75.0
1674237300000.0,28435,1674237300000.0,38.8976,-0.272706,1341.2420736999998,1423.2652736999999,-4228.0,0.0645,8456.0,0.0553,long_nclose,467.6168,0.34864459531157943,2974.0
1674237600000.0,28440,1674237600000.0,42.27999999999998,-0.2760884,1383.2459852999998,1427.2171852999998,-4228.0,0.0653,4228.0,0.0553,long_nclose,233.8084,0.1690287934935097,5.0
1674237660000.0,28441,1674237660000.0,45.66240000000002,-0.2794708,1428.6289144999998,1428.6289144999998,-4228.0,0.0661,0.0,0.0553,long_nclose,0.0,0.0,1.0
1674297000000.0,29430,1674297000000.0,0.0,-0.7688625,1427.8600519999998,1413.7225519999997,10875.0,0.0707,10875.0,0.0707,long_ientry_normal,768.8625,0.5384718894005448,989.0
1674589020000.0,34297,1674589020000.0,0.0,-0.7707549,1427.0892970999998,1388.0038971,11521.0,0.0669,22396.0,0.06874519557063762,long_rentry,1539.6174,1.0788514798118587,4867.0
1675778460000.0,54121,1675778460000.0,2.9397332112877312,-0.05278,1429.9762503112877,1533.0176170999998,-725.0,0.0728,21671.0,0.06874519557063762,unstuck_close_long,1489.7771332112877,1.0418194937761953,19824.0
1676078520000.0,59122,1676078520000.0,82.01575239328453,-0.5785623000000001,1511.4134404045724,1672.5780548,-7223.0,0.0801,14448.0,0.06874519557063762,long_nclose,993.2305856045723,0.6571534690989026,5001.0
1676078640000.0,59124,1676078640000.0,54.68473813180927,-0.38576160000000004,1565.7124169363817,1675.0818932000002,-4816.0,0.0801,9632.0,0.06874519557063762,long_nclose,662.1537237363815,0.42290890496481653,2.0
1676078760000.0,59126,1676078760000.0,36.448922218253266,-0.25712100000000004,1601.904218154635,1675.4669722,-3210.0,0.0801,6422.0,0.06874519557063762,long_nclose,441.48164595463476,0.2755980294896868,2.0
1676078880000.0,59128,1676078880000.0,24.299281478835514,-0.171414,1626.0320856334706,1676.3661582000004,-2140.0,0.0801,4282.0,0.06874519557063762,long_nclose,294.36692743347027,0.1810338984293724,2.0
1676079660000.0,59141,1676079660000.0,16.203305920700128,-0.11430270000000001,1642.1210888541707,1674.8245555000003,-1427.0,0.0801,2855.0,0.06874519557063762,long_nclose,196.26753335417038,0.11952074343745306,13.0
1676079840000.0,59144,1676079840000.0,10.798419012323633,-0.0761751,1652.8433327664943,1674.4628804000004,-951.0,0.0801,1904.0,0.06874519557063762,long_nclose,130.89085236649402,0.07919132429049501,3.0
1676080740000.0,59159,1676080740000.0,7.198946008215755,-0.0507834,1659.99149537471,1674.7930970000002,-634.0,0.0801,1270.0,0.06874519557063762,long_nclose,87.30639837470977,0.05259448534403611,15.0
1676082060000.0,59181,1676082060000.0,4.803082273620291,-0.033882300000000004,1664.7606953483303,1674.4629147000003,-423.0,0.0801,847.0,0.06874519557063762,long_nclose,58.22718064833006,0.034976306691423154,22.0
1676082300000.0,59185,1676082300000.0,5.268382273620286,-0.0343476,1669.9947300219505,1675.3179671000003,-423.0,0.0812,424.0,0.06874519557063762,long_nclose,29.14796292195035,0.017453925092067342,4.0
1676082540000.0,59189,1676082540000.0,5.704837078049649,-0.034852799999999996,1675.6647143000002,1675.6647143000002,-424.0,0.0822,0.0,0.06874519557063762,long_nclose,0.0,0.0,4.0
1676208840000.0,61294,1676208840000.0,0.0,-0.9018314000000001,1674.7628829000002,1679.6323829000003,9739.0,0.0926,9739.0,0.0926,long_ientry_normal,901.8314,0.5384830349466542,2105.0
1676239620000.0,61807,1676239620000.0,0.0,-0.8962063000000001,1673.8666766000003,1616.1665766000003,10219.0,0.0877,19958.0,0.09009107626014631,long_rentry,1798.0377,1.0741821467240265,513.0
1680129780000.0,126643,1680129780000.0,-20.73860800681431,-0.061965000000000006,1653.066103593186,1184.8520116000002,-918.0,0.0675,19040.0,0.09009107626014631,unstuck_close_long,1715.334091993186,1.0376681780992612,64836.0
1687678380000.0,252453,1687678380000.0,-39.56722325884358,-0.061154599999999996,1613.4377257343424,982.7432570000001,-1118.0,0.0547,17922.0,0.09009107626014631,unstuck_close_long,1614.6122687343423,1.0007279754162592,125810.0
1691336160000.0,313416,1691336160000.0,-32.388279937869534,-0.0596848,1580.9897609964728,1045.4105722000002,-1022.0,0.0584,16900.0,0.09009107626014631,unstuck_close_long,1522.5391887964727,0.9630291266635657,60963.0
1691336220000.0,313417,1691336220000.0,0.0,-0.9236544,1580.0661065964728,1077.2029178000003,15816.0,0.0584,32716.0,0.07477055840556525,long_rentry,2446.193588796473,1.5481590159956498,1.0
1691974560000.0,324056,1691974560000.0,-12.959883277314814,-0.058446,1567.047777319158,1120.1527718000002,-955.0,0.0612,31761.0,0.07477055840556525,unstuck_close_long,2374.787705519158,1.5154532873157502,10639.0
1692187200000.0,327600,1692187200000.0,-5.2141218527026405,-0.057967,1561.7756884664554,1355.5487048,-845.0,0.0686,30916.0,0.07477055840556525,unstuck_close_long,2311.606583666455,1.4801143344319032,3544.0
1694650920000.0,368662,1694650920000.0,-24.674725921338467,-0.05779720000000001,1537.043165345117,867.1284076000002,-1103.0,0.0524,29813.0,0.07477055840556525,unstuck_close_long,2229.134657745117,1.4502745973595363,41062.0
1699323720000.0,446542,1699323720000.0,-11.710602057903333,-0.056854,1525.2757092872137,1156.2576536000001,-917.0,0.062,28896.0,0.07477055840556525,unstuck_close_long,2160.5700556872134,1.4165111543649267,77880.0
1702610520000.0,501322,1702610520000.0,118.75718143759549,-0.8389472,1643.1939435248094,1882.6347064000004,-9632.0,0.0871,19264.0,0.07477055840556525,long_nclose,1440.380037124809,0.8765733605584347,54780.0
1702610940000.0,501329,1702610940000.0,130.31558143759557,-0.8505056000000001,1772.659019362405,1899.1218008000005,-9632.0,0.0883,9632.0,0.07477055840556525,long_nclose,720.1900185624045,0.4062766785354154,7.0
1702611120000.0,501332,1702611120000.0,65.15779071879778,-0.42525280000000004,1837.3915572812027,1902.0677480000004,-4816.0,0.0883,4816.0,0.07477055840556525,long_nclose,360.09500928120224,0.19598163921795558,3.0
1702611180000.0,501333,1702611180000.0,32.57889535939889,-0.21262640000000002,1869.7578262406016,1902.0959216000006,-2408.0,0.0883,2408.0,0.07477055840556525,long_nclose,180.04750464060112,0.09629455863950613,1.0
1702611960000.0,501346,1702611960000.0,16.289447679699446,-0.10631320000000001,1885.940960720301,1902.1100084000004,-1204.0,0.0883,1204.0,0.07477055840556525,long_nclose,90.02375232030056,0.047734130704663,13.0
1702612560000.0,501356,1702612560000.0,4.944106079368334,-0.034927099999999996,1890.8501396996694,1900.8309813000005,-401.0,0.0871,803.0,0.07477055840556525,long_nclose,60.040758399668896,0.03175331409881345,10.0
1702613460000.0,501371,1702613460000.0,3.2919609057140775,-0.0232557,1894.1188449053836,1900.7810256000007,-267.0,0.0871,536.0,0.07477055840556525,long_nclose,40.077019305382976,0.021158661407745475,15.0
1702613580000.0,501373,1702613580000.0,2.1946406038093853,-0.0155038,1896.297981709193,1900.7119218000007,-178.0,0.0871,358.0,0.07477055840556525,long_nclose,26.76785990919236,0.01411585107793325,2.0
1702613640000.0,501374,1702613640000.0,1.467203549737735,-0.0103649,1897.7548203589306,1900.6776569000006,-119.0,0.0871,239.0,0.07477055840556525,long_nclose,17.870163458930094,0.009416476389479138,1.0
1702614060000.0,501381,1702614060000.0,0.9740258859603451,-0.0068809,1898.721965344891,1900.6946760000005,-79.0,0.0871,160.0,0.07477055840556525,long_nclose,11.96328934489044,0.006300706245170226,7.0
1702614120000.0,501382,1702614120000.0,0.7151076124772153,-0.0050518,1899.4320211573681,1900.7100242000004,-58.0,0.0871,102.0,0.07477055840556525,long_nclose,7.6265969573676555,0.004015198686984646,1.0
1702614240000.0,501384,1702614240000.0,1.2576030426323443,-0.0088842,1900.6807400000005,1900.6807400000005,-102.0,0.0871,0.0,0.07477055840556525,long_nclose,0.0,0.0,2.0
1702656780000.0,502093,1702656780000.0,0.0,-1.022901,1899.6578390000004,1897.2048390000004,12265.0,0.0834,12265.0,0.0834,long_ientry_normal,1022.9010000000001,0.5384659168613574,709.0
1702791780000.0,504343,1702791780000.0,0.0,-1.0249899,1898.6328491000004,1843.4403491000003,12991.0,0.0789,25256.0,0.08108532229965157,long_rentry,2047.8909,1.0786134354363204,2250.0
1703381220000.0,514167,1703381220000.0,112.9247568815331,-0.795501,2010.7621049815334,2234.9546481,-8418.0,0.0945,16838.0,0.08108532229965157,long_nclose,1365.3146568815332,0.6790035745646161,9824.0
1703381820000.0,514177,1703381820000.0,75.2831712543554,-0.5303340000000001,2085.5149422358886,2234.9855141000003,-5612.0,0.0945,11226.0,0.08108532229965157,long_nclose,910.2638281358885,0.43646957866434233,10.0
1703381940000.0,514179,1703381940000.0,50.19772395470383,-0.353619,2135.3590471905923,2235.7544951,-3742.0,0.0945,7484.0,0.08108532229965157,long_nclose,606.8425520905923,0.28418759500374946,2.0
1703382000000.0,514180,1703382000000.0,33.456206184668986,-0.235683,2168.5795703752615,2235.5188121,-2494.0,0.0945,4990.0,0.08108532229965157,long_nclose,404.6157582752613,0.1865810062045566,1.0
1703382060000.0,514181,1703382060000.0,22.30860901567944,-0.1571535,2190.731025890941,2235.0289586000004,-1663.0,0.0945,3327.0,0.08108532229965157,long_nclose,269.77086729094077,0.12314193942692192,1.0
1703384940000.0,514229,1703384940000.0,14.87687756968641,-0.1048005,2205.5031029606275,2235.2568581000005,-1109.0,0.0945,2218.0,0.08108532229965157,long_nclose,179.84724486062717,0.08154477072337984,48.0
1703385000000.0,514230,1703385000000.0,9.91344682055749,-0.0698355,2215.346714281185,2235.7786226000003,-739.0,0.0945,1479.0,0.08108532229965157,long_nclose,119.92519168118467,0.054133825151652104,1.0
1703414460000.0,514721,1703414460000.0,0.0,-1.0573728000000002,2214.289341481185,2229.2489498000004,11594.0,0.0912,13073.0,0.09005568665808802,long_ientry_partial,1177.2979916811848,0.5316820930428474,491.0
1703612340000.0,518019,1703612340000.0,0.0,-1.1751781000000001,2213.1141633811853,2097.2430717000007,13777.0,0.0853,26850.0,0.08761549689687839,long_rentry,2352.4760916811847,1.062970962187998,3298.0
