timestamp,trade_id,timestamp,pnl,fee_paid,balance,equity,qty,price,psize,pprice,type,pcost,wallet_exposure,mins_since_prev_fill
1672621560000.0,1506,1672621560000.0,0.0,-0.0091031,299.9908969,300.0720969,29.0,0.3139,29.0,0.3139,long_ientry_normal,9.1031,0.03034458743271286,
1672621560000.0,1506,1672621560000.0,0.0,-0.0118482,299.9790487,300.5633487,39.0,0.3038,68.0,0.30810735294117647,long_rentry,20.9513,0.06984254430699513,0.0
1672621620000.0,1507,1672621620000.0,0.14228235294117653,-0.005072,300.1162590529412,300.5838767,-16.0,0.317,52.0,0.30810735294117647,long_nclose,16.021582352941177,0.05338458637162652,1.0
1672621620000.0,1507,1672621620000.0,0.1486823529411767,-0.0050784,300.2598630058824,300.5835983,-16.0,0.3174,36.0,0.30810735294117647,long_nclose,11.091864705882353,0.03694088378926974,0.0
1672621620000.0,1507,1672621620000.0,0.15348235294117618,-0.0050831999999999995,300.40826215882356,300.58811510000004,-16.0,0.3177,20.0,0.30810735294117647,long_nclose,6.162147058823529,0.020512575168673785,0.0
1672621620000.0,1507,1672621620000.0,0.19785294117647068,-0.00636,300.59975510000004,300.59975510000004,-20.0,0.318,0.0,0.30810735294117647,long_nclose,0.0,0.0,0.0
1681892520000.0,156022,1681892520000.0,0.0,-0.0091276,300.59062750000004,300.49752750000005,19.0,0.4804,19.0,0.4804,long_ientry_normal,9.1276,0.030365550901948857,154515.0
1681892700000.0,156025,1681892700000.0,0.26410000000000045,-0.009391700000000001,300.84533580000004,300.84533580000004,-19.0,0.4943,0.0,0.4804,long_nclose,0.0,0.0,3.0
1689297120000.0,279432,1689297120000.0,0.0,-0.0094198,300.83591600000005,300.87491600000004,13.0,0.7246,13.0,0.7246,long_ientry_normal,9.4198,0.03131208575507985,123407.0
1689297360000.0,279436,1689297360000.0,0.2717000000000004,-0.009691500000000002,301.0979245000001,301.0979245000001,-13.0,0.7455,0.0,0.7246,long_nclose,0.0,0.0,4.0
1692308520000.0,329622,1692308520000.0,0.0,-0.009370799999999999,301.0885537000001,300.9157537000001,18.0,0.5206,18.0,0.5206,long_ientry_normal,9.3708,0.031123069558256663,50186.0
1692308580000.0,329623,1692308580000.0,0.0,-0.012091200000000002,301.0764625000001,299.6400625000001,24.0,0.5038,42.0,0.511,long_rentry,21.462,0.07128421737717205,1.0
1692308580000.0,329623,1692308580000.0,0.0,-0.028140900000000003,301.0483216000001,298.6486216000001,57.0,0.4937,99.0,0.501039393939394,long_rentry,49.602900000000005,0.1647672364900505,0.0
1692308580000.0,329623,1692308580000.0,0.0,-0.0641459,300.9841757000001,297.85297570000006,133.0,0.4823,232.0,0.490296551724138,long_rentry,113.74880000000002,0.37792285835444334,0.0
1692308640000.0,329624,1692308640000.0,0.0,-0.18720000000000003,300.7969757000001,271.48177570000007,400.0,0.468,632.0,0.4761848101265823,long_rentry,300.9488,1.0005047401146459,1.0
1692308820000.0,329627,1692308820000.0,1.4400949367088574,-0.051439500000000006,302.18563113670893,308.83383620000006,-105.0,0.4899,527.0,0.4761848101265823,long_nclose,250.94939493670887,0.8304478078349768,3.0
1692308820000.0,329627,1692308820000.0,1.4925949367088573,-0.051491999999999996,303.6267340734178,308.9503442000001,-105.0,0.4904,422.0,0.4761848101265823,long_nclose,200.94998987341773,0.6618323333307911,0.0
1692308820000.0,329627,1692308820000.0,1.5555949367088562,-0.051555000000000004,305.1307740101267,309.1297892000001,-105.0,0.491,317.0,0.4761848101265823,long_nclose,150.9505848101266,0.49470783568070015,0.0
1692308820000.0,329627,1692308820000.0,1.6080949367088562,-0.0516075,306.6872614468356,309.36168170000013,-105.0,0.4915,212.0,0.4761848101265823,long_nclose,100.95117974683545,0.3291665238086043,0.0
1692308820000.0,329627,1692308820000.0,1.6605949367088564,-0.05166,308.2961963835444,309.64602170000006,-105.0,0.492,107.0,0.4761848101265823,long_nclose,50.95177468354431,0.1652689046482959,0.0
1692308820000.0,329627,1692308820000.0,1.7457253164556916,-0.0526975,309.9892242000001,309.9892242000001,-107.0,0.4925,0.0,0.4761848101265823,long_nclose,0.0,0.0,0.0
1692308880000.0,329628,1692308880000.0,0.0,-0.0092872,309.97993700000006,309.97613700000005,19.0,0.4888,19.0,0.4888,long_ientry_normal,9.2872,0.029960648711274494,1.0
1692309000000.0,329630,1692309000000.0,0.0,-0.012298,309.9676390000001,309.9284390000001,26.0,0.473,45.0,0.47967111111111105,long_rentry,21.585199999999997,0.06963694684269925,2.0
1692309120000.0,329632,1692309120000.0,0.0,-0.028273500000000003,309.93936550000006,310.3034655000001,61.0,0.4635,106.0,0.47036509433962265,long_rentry,49.8587,0.1608659807364805,2.0
1692309360000.0,329636,1692309360000.0,0.23179339622641476,-0.008228,310.1629308962265,311.5722375000001,-17.0,0.484,89.0,0.47036509433962265,long_nclose,41.86249339622641,0.13496936360274675,4.0
1692309360000.0,329636,1692309360000.0,0.24029339622641477,-0.008236499999999999,310.3949877924529,311.5351010000001,-17.0,0.4845,72.0,0.47036509433962265,long_nclose,33.86628679245283,0.10910706720270137,0.0
1692309360000.0,329636,1692309360000.0,0.24879339622641478,-0.008244999999999999,310.63553618867934,311.50645600000007,-17.0,0.485,55.0,0.47036509433962265,long_nclose,25.870080188679246,0.08328113552650916,0.0
1692309360000.0,329636,1692309360000.0,0.2572933962264148,-0.008253499999999999,310.88457608490575,311.4863025000001,-17.0,0.4855,38.0,0.47036509433962265,long_nclose,17.87387358490566,0.057493600390210814,0.0
1692309360000.0,329636,1692309360000.0,0.2657933962264148,-0.008262,311.14210748113214,311.4746405000001,-17.0,0.486,21.0,0.47036509433962265,long_nclose,9.877666981132075,0.03174648092827186,0.0
1692309360000.0,329636,1692309360000.0,0.3367330188679244,-0.0102144,311.46862610000005,311.46862610000005,-21.0,0.4864,0.0,0.47036509433962265,long_nclose,0.0,0.0,0.0
1692309420000.0,329637,1692309420000.0,0.0,-0.009678,311.45894810000004,311.45694810000003,20.0,0.4839,20.0,0.4839,long_ientry_normal,9.678,0.03107311592439042,1.0
1692309660000.0,329641,1692309660000.0,0.28000000000000025,-0.009958,311.72899010000003,311.72899010000003,-20.0,0.4979,0.0,0.4839,long_nclose,0.0,0.0,4.0
1699317180000.0,446433,1699317180000.0,0.0,-0.0092386,311.71975150000003,311.8233515,14.0,0.6599,14.0,0.6599,long_ientry_normal,9.2386,0.02963751881471649,116792.0
1699317360000.0,446436,1699317360000.0,0.2674000000000001,-0.009506,311.97764550000005,311.97764550000005,-14.0,0.679,0.0,0.6599,long_nclose,0.0,0.0,3.0
1699546320000.0,450252,1699546320000.0,0.0,-0.009588,311.96805750000004,312.00705750000003,15.0,0.6392,15.0,0.6392,long_ientry_normal,9.588,0.030733915763154686,3816.0
1699546920000.0,450262,1699546920000.0,0.2774999999999994,-0.0098655,312.23569200000003,312.23569200000003,-15.0,0.6577,0.0,0.6392,long_nclose,0.0,0.0,10.0
1701688320000.0,485952,1701688320000.0,0.0,-0.0094496,312.22624240000005,312.22944240000004,16.0,0.5906,16.0,0.5906,long_ientry_normal,9.4496,0.030265233080228746,35690.0
1701688440000.0,485954,1701688440000.0,0.27360000000000007,-0.009723200000000001,312.49011920000004,312.49011920000004,-16.0,0.6077,0.0,0.5906,long_nclose,0.0,0.0,2.0
1702260780000.0,495493,1702260780000.0,0.0,-0.0096528,312.4804664,312.5860664,16.0,0.6033,16.0,0.6033,long_ientry_normal,9.6528,0.030890890912981556,9539.0
1702260900000.0,495495,1702260900000.0,0.2784000000000013,-0.009931200000000001,312.7489352,312.7489352,-16.0,0.6207,0.0,0.6033,long_nclose,0.0,0.0,2.0
