timestamp,trade_id,timestamp,pnl,fee_paid,balance,equity,qty,price,psize,pprice,type,pcost,wallet_exposure,mins_since_prev_fill
1634008740000.0,1404,1634008740000.0,0.0,-0.0080613,999.9919387,999.9789387,1.3,31.005,1.3,31.005,long_ientry_normal,40.3065,0.04030682492540777,
1634011860000.0,1456,1634011860000.0,0.1043999999999997,-0.00250128,1000.09383742,1000.32783742,-0.4,31.266,0.9,31.005,long_nclose,27.9045,0.02790188175940255,52.0
1634011920000.0,1457,1634011920000.0,0.07829999999999977,-0.00187596,1000.17026146,1000.32026146,-0.3,31.266,0.6,31.005,long_nclose,18.602999999999998,0.018599833165249526,1.0
1634012220000.0,1462,1634012220000.0,0.05219999999999985,-0.00125064,1000.22121082,1000.34121082,-0.2,31.266,0.4,31.005,long_nclose,12.402000000000001,0.012399257150158424,5.0
1634012580000.0,1468,1634012580000.0,0.026099999999999925,-0.00062532,1000.2466855,1000.3291855,-0.1,31.266,0.3,31.005,long_nclose,9.301499999999999,0.009299206020713177,6.0
1634013180000.0,1478,1634013180000.0,0.026099999999999925,-0.00062532,1000.27216018,1000.33516018,-0.1,31.266,0.2,31.005,long_nclose,6.2010000000000005,0.006199312793914133,10.0
1634015460000.0,1516,1634015460000.0,0.026099999999999925,-0.00062532,1000.29763486,1000.32013486,-0.1,31.266,0.1,31.005,long_nclose,3.1005000000000003,0.0030995774576973193,38.0
1634015760000.0,1521,1634015760000.0,0.026099999999999925,-0.00062532,1000.32310954,1000.32310954,-0.1,31.266,0.0,31.005,long_nclose,0.0,0.0,5.0
1634016420000.0,1532,1634016420000.0,0.0,-0.00805896,1000.31505058,1000.2877505800001,1.3,30.996,1.3,30.996,long_ientry_normal,40.2948,0.040282109098165,11.0
1634017620000.0,1552,1634017620000.0,0.10440000000000112,-0.00250056,1000.4169500200001,1000.6455500200001,-0.4,31.257,0.9,30.996,long_nclose,27.8964,0.02788477344315518,20.0
1634017680000.0,1553,1634017680000.0,0.07830000000000083,-0.0018754200000000003,1000.4933746,1000.6667746,-0.3,31.257,0.6,30.996,long_nclose,18.5976,0.018588428941306454,1.0
1634018040000.0,1559,1634018040000.0,0.05220000000000056,-0.00125028,1000.54432432,1000.69392432,-0.2,31.257,0.4,30.996,long_nclose,12.3984,0.012391654920861528,6.0
1634022360000.0,1631,1634022360000.0,0.0,-0.005560560000000001,1000.5387637599999,1000.5465637599999,0.9,30.892,1.3,30.924,long_ientry_partial,40.2012,0.04017955271310517,72.0
1634022660000.0,1636,1634022660000.0,0.10400000000000063,-0.00249472,1000.64026904,1000.85266904,-0.4,31.184,0.9,30.924,long_nclose,27.8316,0.027813791690295697,5.0
1634022720000.0,1637,1634022720000.0,0.07800000000000047,-0.00187104,1000.716398,1000.869998,-0.3,31.184,0.6,30.924,long_nclose,18.554399999999998,0.018541117180733955,1.0
1634022780000.0,1638,1634022780000.0,0.05200000000000032,-0.00124736,1000.7671506400001,1000.8735506400001,-0.2,31.184,0.4,30.924,long_nclose,12.3696,0.01236011792762135,1.0
1634023560000.0,1651,1634023560000.0,0.02600000000000016,-0.00062368,1000.79252696,1000.8648269600001,-0.1,31.184,0.3,30.924,long_nclose,9.277199999999999,0.009269853391272167,13.0
1634023740000.0,1654,1634023740000.0,0.02600000000000016,-0.00062368,1000.81790328,1000.86510328,-0.1,31.184,0.2,30.924,long_nclose,6.1848,0.00617974556583214,3.0
1634023800000.0,1655,1634023800000.0,0.02600000000000016,-0.00062368,1000.8432796,1000.8703796,-0.1,31.184,0.1,30.924,long_nclose,3.0924,0.0030897944393810765,1.0
1634026260000.0,1696,1634026260000.0,0.02600000000000016,-0.00062368,1000.8686559199999,1000.8686559199999,-0.1,31.184,0.0,30.924,long_nclose,0.0,0.0,41.0
1634032320000.0,1797,1634032320000.0,0.0,-0.00799344,1000.86066248,1000.84896248,1.3,30.744,1.3,30.744,long_ientry_normal,39.9672,0.039932831310370995,101.0
1634043300000.0,1980,1634043300000.0,0.0,-0.00779272,1000.85286976,999.83106976,1.3,29.972,2.6,30.358,long_rentry,78.9308,0.07886353967184732,183.0
1634044080000.0,1993,1634044080000.0,0.2048000000000002,-0.004898240000000001,1001.05277152,1001.47937152,-0.8,30.614,1.8,30.358,long_nclose,54.644400000000005,0.054586932432171255,13.0
1634044140000.0,1994,1634044140000.0,0.15360000000000013,-0.0036736800000000003,1001.2026978399999,1001.4750978399999,-0.6,30.614,1.2,30.358,long_nclose,36.4296,0.036385838830232296,1.0
1634044200000.0,1995,1634044200000.0,0.1024000000000001,-0.0024491200000000004,1001.3026487199999,1001.5442487199998,-0.4,30.614,0.8,30.358,long_nclose,24.2864,0.024254804509951267,1.0
1634044320000.0,1997,1634044320000.0,0.05120000000000005,-0.0012245600000000002,1001.3526241599999,1001.5758241599999,-0.2,30.614,0.6,30.358,long_nclose,18.2148,0.018190195502088755,2.0
1634045760000.0,2021,1634045760000.0,0.2538,-0.00187224,1001.6045519199998,1001.8691519199998,-0.3,31.204,0.3,30.358,long_nclose,9.1074,0.00909281011407327,24.0
1634046480000.0,2033,1634046480000.0,0.08460000000000001,-0.0006240800000000001,1001.6885278399999,1001.8849278399999,-0.1,31.204,0.2,30.358,long_nclose,6.0716,0.006061365216084235,12.0
1634046900000.0,2040,1634046900000.0,0.2872,-0.0012717600000000003,1001.9744560799999,1001.9744560799999,-0.2,31.794,0.0,30.358,long_nclose,0.0,0.0,7.0
1634104800000.0,3005,1634104800000.0,0.0,-0.0078052799999999995,1001.9666507999999,1002.0482507999999,1.2,32.522,1.2,32.522,long_ientry_normal,39.026399999999995,0.03894979934595644,965.0
1634104980000.0,3008,1634104980000.0,0.10960000000000036,-0.00262368,1002.0736271199999,1002.3080271199999,-0.4,32.796,0.8,32.522,long_nclose,26.0176,0.025963760841382123,3.0
1634105220000.0,3012,1634105220000.0,0.05480000000000018,-0.00131184,1002.1271152799999,1002.2669152799999,-0.2,32.796,0.6,32.522,long_nclose,19.513199999999998,0.0194717812765179,4.0
1634105760000.0,3021,1634105760000.0,0.05480000000000018,-0.00131184,1002.1806034399999,1002.3078034399999,-0.2,32.796,0.4,32.522,long_nclose,13.0088,0.012980494688629076,9.0
1634105940000.0,3024,1634105940000.0,0.02740000000000009,-0.00065592,1002.20734752,1002.2967475199999,-0.1,32.796,0.3,32.522,long_nclose,9.756599999999999,0.00973511122637753,3.0
1634109840000.0,3089,1634109840000.0,0.02740000000000009,-0.00065592,1002.2340916,1002.2846916000001,-0.1,32.796,0.2,32.522,long_nclose,6.5044,0.006489900966765318,65.0
1634109900000.0,3090,1634109900000.0,0.02740000000000009,-0.00065592,1002.2608356800001,1002.2951356800002,-0.1,32.796,0.1,32.522,long_nclose,3.2522,0.0032448638959273433,1.0
1634110320000.0,3097,1634110320000.0,0.02740000000000009,-0.00065592,1002.2875797600002,1002.2875797600002,-0.1,32.796,0.0,32.522,long_nclose,0.0,0.0,7.0
1634115960000.0,3191,1634115960000.0,0.0,-0.00779592,1002.2797838400002,1002.2341838400001,1.2,32.483,1.2,32.483,long_ientry_normal,38.9796,0.038890937070145015,94.0
1634119800000.0,3255,1634119800000.0,0.10960000000000036,-0.00262056,1002.3867632800002,1002.6203632800002,-0.4,32.757,0.8,32.483,long_nclose,25.9864,0.0259245242973556,64.0
1634119920000.0,3257,1634119920000.0,0.05480000000000018,-0.00131028,1002.4402530000002,1002.5824530000002,-0.2,32.757,0.6,32.483,long_nclose,19.4898,0.019442355733095242,2.0
1634121960000.0,3291,1634121960000.0,0.0,-0.00389184,1002.4363611600002,1002.4153611600002,0.6,32.432,1.2,32.457499999999996,long_ientry_partial,38.94899999999999,0.0388543368029158,34.0
1634125500000.0,3350,1634125500000.0,0.10940000000000226,-0.0026184800000000003,1002.5431426800002,1002.7411426800002,-0.4,32.731,0.8,32.457499999999996,long_nclose,25.965999999999998,0.02590013226821106,59.0
1634126820000.0,3372,1634126820000.0,0.05470000000000113,-0.0013092400000000001,1002.5965334400003,1002.7510334400002,-0.2,32.731,0.6,32.457499999999996,long_nclose,19.474499999999995,0.019424064766293582,22.0
1634126940000.0,3374,1634126940000.0,0.05470000000000113,-0.0013092400000000001,1002.6499242000003,1002.7649242000003,-0.2,32.731,0.4,32.457499999999996,long_nclose,12.982999999999999,0.012948686961063648,2.0
1634130120000.0,3427,1634130120000.0,0.027350000000000565,-0.0006546200000000001,1002.6766195800003,1002.7613695800003,-0.1,32.731,0.3,32.457499999999996,long_nclose,9.737249999999998,0.009711256660276692,53.0
1634130720000.0,3437,1634130720000.0,0.027350000000000565,-0.0006546200000000001,1002.7033149600003,1002.7648149600003,-0.1,32.731,0.2,32.457499999999996,long_nclose,6.491499999999999,0.006473998742348785,10.0
1634131320000.0,3447,1634131320000.0,0.027350000000000565,-0.0006546200000000001,1002.7300103400003,1002.7577603400002,-0.1,32.731,0.1,32.457499999999996,long_nclose,3.2457499999999997,0.0032369131935120286,10.0
1634131440000.0,3449,1634131440000.0,0.027350000000000565,-0.0006546200000000001,1002.7567057200002,1002.7567057200002,-0.1,32.731,0.0,32.457499999999996,long_nclose,0.0,0.0,2.0
1634133780000.0,3488,1634133780000.0,0.0,-0.0077291999999999994,1002.7489765200003,1002.7909765200003,1.2,32.205,1.2,32.205,long_ientry_normal,38.645999999999994,0.03854005429566169,39.0
1634135580000.0,3518,1634135580000.0,0.10840000000000033,-0.0025980800000000004,1002.8547784400002,1003.0707784400003,-0.4,32.476,0.8,32.205,long_nclose,25.764,0.02569065886097429,30.0
1634135640000.0,3519,1634135640000.0,0.054200000000000165,-0.0012990400000000002,1002.9076794000002,1003.1746794000003,-0.2,32.476,0.6,32.205,long_nclose,19.322999999999997,0.01926697780553458,1.0
1634136960000.0,3541,1634136960000.0,0.054200000000000165,-0.0012990400000000002,1002.9605803600002,1003.0745803600003,-0.2,32.476,0.4,32.205,long_nclose,12.882,0.012843974381701189,22.0
1634137200000.0,3545,1634137200000.0,0.027100000000000082,-0.0006495200000000001,1002.9870308400002,1003.0800308400002,-0.1,32.476,0.3,32.205,long_nclose,9.661499999999998,0.009632726748130038,4.0
1634137500000.0,3550,1634137500000.0,0.027100000000000082,-0.0006495200000000001,1003.0134813200002,1003.0784813200003,-0.1,32.476,0.2,32.205,long_nclose,6.441,0.006421648482255116,5.0
1634141460000.0,3616,1634141460000.0,0.027100000000000082,-0.0006495200000000001,1003.0399318000002,1003.0674318000002,-0.1,32.476,0.1,32.205,long_nclose,3.2205,0.0032107395706775783,66.0
1634142000000.0,3625,1634142000000.0,0.027100000000000082,-0.0006495200000000001,1003.0663822800002,1003.0663822800002,-0.1,32.476,0.0,32.205,long_nclose,0.0,0.0,9.0
1634147700000.0,3720,1634147700000.0,0.0,-0.007712640000000001,1003.0586696400002,1003.0574696400001,1.2,32.136,1.2,32.136,long_ientry_normal,38.5632,0.038445607587281425,95.0
1634150760000.0,3771,1634150760000.0,0.10839999999999748,-0.0025925600000000003,1003.1644770800001,1003.39567708,-0.4,32.407,0.8,32.136,long_nclose,25.708800000000004,0.025627701725277285,51.0
1634151180000.0,3778,1634151180000.0,0.0,-0.0032028,1003.16127428,1003.05147428,0.5,32.028,1.3,32.094461538461545,long_ientry_partial,41.72280000000001,0.0415913184347609,7.0
1634151720000.0,3787,1634151720000.0,0.10821538461538296,-0.0025892000000000003,1003.2669004646154,1003.46088508,-0.4,32.365,0.9,32.094461538461545,long_nclose,28.88501538461539,0.02879095818992799,9.0
1634152140000.0,3794,1634152140000.0,0.08116153846153722,-0.0019419,1003.3461201030769,1003.50844318,-0.3,32.365,0.6,32.094461538461545,long_nclose,19.256676923076927,0.019192456658026075,7.0
1634152200000.0,3795,1634152200000.0,0.05410769230769148,-0.0012946000000000001,1003.3989331953845,1003.5351485799999,-0.2,32.365,0.4,32.094461538461545,long_nclose,12.837784615384619,0.012794297652382306,1.0
1634152560000.0,3801,1634152560000.0,0.02705384615384574,-0.0006473000000000001,1003.4253397415384,1003.52600128,-0.1,32.365,0.3,32.094461538461545,long_nclose,9.628338461538464,0.009595470714361792,6.0
1634153400000.0,3815,1634153400000.0,0.02705384615384574,-0.0006473000000000001,1003.4517462876923,1003.53385398,-0.1,32.365,0.2,32.094461538461545,long_nclose,6.4188923076923095,0.006396812135151734,14.0
1634157240000.0,3879,1634157240000.0,0.0893538461538455,-0.00065976,1003.5404403738462,1003.6349942200001,-0.1,32.988,0.1,32.094461538461545,long_nclose,3.2094461538461547,0.003198123388680329,64.0
1634158620000.0,3902,1634158620000.0,0.15175384615384574,-0.0006722400000000001,1003.6915219800001,1003.6915219800001,-0.1,33.612,0.0,32.094461538461545,long_nclose,0.0,0.0,23.0
1634236020000.0,5192,1634236020000.0,0.0,-0.00811656,1003.6834054200001,1003.8166054200001,1.2,33.819,1.2,33.819,long_ientry_normal,40.5828,0.04043386568000272,1290.0
1634236560000.0,5201,1634236560000.0,0.11399999999999864,-0.0027283200000000002,1003.7946771000002,1003.9634771000002,-0.4,34.104,0.8,33.819,long_nclose,27.055200000000003,0.02695292236273206,9.0
1634236920000.0,5207,1634236920000.0,0.05699999999999932,-0.0013641600000000001,1003.8503129400002,1004.0279129400002,-0.2,34.104,0.6,33.819,long_nclose,20.2914,0.020213571424381085,6.0
1634237880000.0,5223,1634237880000.0,0.05699999999999932,-0.0013641600000000001,1003.9059487800002,1004.0243487800002,-0.2,34.104,0.4,33.819,long_nclose,13.527600000000001,0.013474967467260712,16.0
1634239020000.0,5242,1634239020000.0,0.0,-0.005408320000000001,1003.9005404600002,1004.1673404600002,0.8,33.802,1.2,33.80766666666667,long_ientry_partial,40.5692,0.04041157302436621,19.0
1634247180000.0,5378,1634247180000.0,0.11373333333333165,-0.0027273600000000003,1004.0115464333336,1004.1494131000003,-0.4,34.092,0.8,33.80766666666667,long_nclose,27.046133333333337,0.026938070014645196,136.0
1634247300000.0,5380,1634247300000.0,0.05686666666666582,-0.0013636800000000001,1004.0670494200002,1004.2064494200002,-0.2,34.092,0.6,33.80766666666667,long_nclose,20.2846,0.02020243569562153,2.0
1634257500000.0,5550,1634257500000.0,0.0,-0.00401172,1004.0630377000002,1003.8538377000002,0.6,33.431,1.2,33.61933333333333,long_ientry_partial,40.343199999999996,0.04017994735909596,170.0
1634267460000.0,5716,1634267460000.0,0.11306666666666843,-0.0027121600000000004,1004.1733922066669,1004.3899255400003,-0.4,33.902,0.8,33.61933333333333,long_nclose,26.895466666666664,0.02678368783260029,166.0
1634269020000.0,5742,1634269020000.0,0.05653333333333421,-0.0013560800000000002,1004.2285694600002,1004.3939694600002,-0.2,33.902,0.6,33.61933333333333,long_nclose,20.171599999999998,0.02008666215386283,26.0
1634269080000.0,5743,1634269080000.0,0.05653333333333421,-0.0013560800000000002,1004.2837467133336,1004.4260133800002,-0.2,33.902,0.4,33.61933333333333,long_nclose,13.447733333333332,0.013390372369704298,1.0
1634270220000.0,5762,1634270220000.0,0.028266666666667106,-0.0006780400000000001,1004.3113353400003,1004.3910353400003,-0.1,33.902,0.3,33.61933333333333,long_nclose,10.085799999999999,0.010042503400188692,19.0
1634270340000.0,5764,1634270340000.0,0.028266666666667106,-0.0006780400000000001,1004.3389239666669,1004.4000573000003,-0.1,33.902,0.2,33.61933333333333,long_nclose,6.723866666666666,0.006694818358837026,2.0
1634274840000.0,5839,1634274840000.0,0.028266666666667106,-0.0006780400000000001,1004.3665125933336,1004.3920792600003,-0.1,33.902,0.1,33.61933333333333,long_nclose,3.361933333333333,0.003347317230492505,75.0
1634274900000.0,5840,1634274900000.0,0.028266666666667106,-0.0006780400000000001,1004.3941012200003,1004.3941012200003,-0.1,33.902,0.0,33.61933333333333,long_nclose,0.0,0.0,1.0
1634286000000.0,6025,1634286000000.0,0.0,-0.00798744,1004.3861137800003,1004.3969137800003,1.2,33.281,1.2,33.281,long_ientry_normal,39.9372,0.03976279585317704,185.0
1634287980000.0,6058,1634287980000.0,0.0,-0.007787280000000001,1004.3783265000003,1003.8047265000002,1.2,32.447,2.4,32.864000000000004,long_rentry,78.87360000000001,0.07852977102249327,33.0
1634296980000.0,6208,1634296980000.0,0.22159999999999513,-0.0053025599999999996,1004.5946239400002,1005.0202239400003,-0.8,33.141,1.6,32.864000000000004,long_nclose,52.58240000000001,0.05234190861361857,150.0
1634297040000.0,6209,1634297040000.0,0.13849999999999696,-0.0033141,1004.7298098400003,1004.9619098400002,-0.5,33.141,1.1,32.864000000000004,long_nclose,36.150400000000005,0.03598022039950903,1.0
1634297580000.0,6218,1634297580000.0,0.08309999999999818,-0.00198846,1004.8109213800002,1005.0357213800002,-0.3,33.141,0.8,32.864000000000004,long_nclose,26.291200000000003,0.0261653206992335,9.0
1634297820000.0,6222,1634297820000.0,0.055399999999998784,-0.0013256399999999999,1004.8649957400002,1005.0545957400002,-0.2,33.141,0.6,32.864000000000004,long_nclose,19.718400000000003,0.019622934507216094,4.0
1634299740000.0,6254,1634299740000.0,0.055399999999998784,-0.0013256399999999999,1004.9190701000001,1005.0494701000001,-0.2,33.141,0.4,32.864000000000004,long_nclose,13.145600000000002,0.01308125240243662,32.0
1634300160000.0,6261,1634300160000.0,0.027699999999999392,-0.0006628199999999999,1004.9461072800001,1005.03190728,-0.1,33.141,0.3,32.864000000000004,long_nclose,9.859200000000001,0.009810675347243284,7.0
1634301960000.0,6291,1634301960000.0,0.027699999999999392,-0.0006628199999999999,1004.9731444600001,1005.02534446,-0.1,33.141,0.2,32.864000000000004,long_nclose,6.572800000000001,0.006540274271241097,30.0
1634304180000.0,6328,1634304180000.0,0.027699999999999392,-0.0006628199999999999,1005.00018164,1005.02828164,-0.1,33.141,0.1,32.864000000000004,long_nclose,3.2864000000000004,0.003270049160227135,37.0
1634310960000.0,6441,1634310960000.0,0.027699999999999392,-0.0006628199999999999,1005.02721882,1005.02721882,-0.1,33.141,0.0,32.864000000000004,long_nclose,0.0,0.0,113.0
1634414580000.0,8168,1634414580000.0,0.0,-0.00794472,1005.0192741000001,1005.0516741000001,1.2,33.103,1.2,33.103,long_ientry_normal,39.7236,0.03952521212647656,1727.0
1634433120000.0,8477,1634433120000.0,0.11159999999999855,-0.00267056,1005.1282035400001,1005.3378035400001,-0.4,33.382,0.8,33.103,long_nclose,26.482400000000002,0.026347285755917115,309.0
1634434320000.0,8497,1634434320000.0,0.055799999999999274,-0.00133528,1005.18266826,1005.35486826,-0.2,33.382,0.6,33.103,long_nclose,19.8618,0.01975939361785987,20.0
1634434920000.0,8507,1634434920000.0,0.055799999999999274,-0.00133528,1005.23713298,1005.3459329799999,-0.2,33.382,0.4,33.103,long_nclose,13.241200000000001,0.01317221535653662,10.0
1634435280000.0,8513,1634435280000.0,0.027899999999999637,-0.00066764,1005.26436534,1005.34596534,-0.1,33.382,0.3,33.103,long_nclose,9.9309,0.009878893893390098,6.0
1634435340000.0,8514,1634435340000.0,0.027899999999999637,-0.00066764,1005.2915977000001,1005.3469977000001,-0.1,33.382,0.2,33.103,long_nclose,6.6206000000000005,0.0065857508559180504,1.0
1634435400000.0,8515,1634435400000.0,0.027899999999999637,-0.00066764,1005.3188300600002,1005.3470300600002,-0.1,33.382,0.1,33.103,long_nclose,3.3103000000000002,0.003292786229620739,1.0
1634435520000.0,8517,1634435520000.0,0.027899999999999637,-0.00066764,1005.3460624200003,1005.3460624200003,-0.1,33.382,0.0,33.103,long_nclose,0.0,0.0,2.0
1634481720000.0,9287,1634481720000.0,0.0,-0.00788424,1005.3381781800003,1005.5769781800003,1.2,32.851,1.2,32.851,long_ientry_normal,39.4212,0.03921187999779896,770.0
1634482500000.0,9300,1634482500000.0,0.11080000000000041,-0.0026502400000000003,1005.4463279400004,1005.6815279400004,-0.4,33.128,0.8,32.851,long_nclose,26.2808,0.02613844147588184,13.0
1634483760000.0,9321,1634483760000.0,0.055400000000000206,-0.0013251200000000002,1005.5004028200003,1005.6768028200004,-0.2,33.128,0.6,32.851,long_nclose,19.7106,0.019602776831038716,21.0
1634483880000.0,9323,1634483880000.0,0.055400000000000206,-0.0013251200000000002,1005.5544777000002,1005.6560777000002,-0.2,33.128,0.4,32.851,long_nclose,13.1404,0.013067815112370611,2.0
1634484900000.0,9340,1634484900000.0,0.0,-0.00524448,1005.5492332200002,1005.5164332200003,0.8,32.778,1.2,32.80233333333334,long_ientry_partial,39.3628,0.03914557209093706,17.0
1634494200000.0,9495,1634494200000.0,0.1106666666666655,-0.00264632,1005.6572535666669,1005.8793869000002,-0.4,33.079,0.8,32.80233333333334,long_nclose,26.24186666666667,0.026094244906599333,155.0
1634494560000.0,9501,1634494560000.0,0.05533333333333275,-0.00132316,1005.7112637400003,1005.8838637400003,-0.2,33.079,0.6,32.80233333333334,long_nclose,19.6814,0.01956963266654643,6.0
1634499420000.0,9582,1634499420000.0,0.0,-0.0038968799999999997,1005.7073668600003,1005.4095668600003,0.6,32.474,1.2,32.63816666666666,long_ientry_partial,39.1658,0.03894353495916281,81.0
1634501100000.0,9610,1634501100000.0,0.0,-0.00827424,1005.6990926200003,1004.7620926200003,1.3,31.824,2.5,32.2148,long_rentry,80.53699999999999,0.08008061316848637,28.0
1634502060000.0,9626,1634502060000.0,0.0,-0.0081107,1005.6909819200004,1003.1224819200004,1.3,31.195,3.8,31.865921052631577,long_rentry,121.09049999999999,0.12040527575261918,16.0
1634508600000.0,9735,1634508600000.0,0.3216947368421074,-0.00771216,1006.0049644968425,1006.7955697600004,-1.2,32.134,2.6,31.865921052631577,long_nclose,82.85139473684211,0.0823568448076999,109.0
1634510760000.0,9771,1634510760000.0,0.2144631578947383,-0.005141440000000001,1006.2142862147373,1006.8156283200004,-0.8,32.134,1.8,31.865921052631577,long_nclose,57.358657894736844,0.05700441613735533,36.0
1634510940000.0,9774,1634510940000.0,0.1608473684210537,-0.00385608,1006.3712775031584,1006.6701722400005,-0.6,32.134,1.2,31.865921052631577,long_nclose,38.23910526315789,0.03799701573163974,3.0
1634511000000.0,9775,1634511000000.0,0.10723157894736915,-0.0025707200000000003,1006.4759383621057,1006.6632015200005,-0.4,32.134,0.8,31.865921052631577,long_nclose,25.492736842105263,0.025328709679429608,1.0
1634511120000.0,9777,1634511120000.0,0.053615789473684575,-0.0012853600000000001,1006.5282687915794,1006.6867161600005,-0.2,32.134,0.6,31.865921052631577,long_nclose,19.119552631578944,0.018995544610519038,2.0
1634511240000.0,9779,1634511240000.0,0.053615789473684575,-0.0012853600000000001,1006.5805992210531,1006.6962308000005,-0.2,32.134,0.4,31.865921052631577,long_nclose,12.746368421052631,0.012663038042772199,2.0
1634511720000.0,9787,1634511720000.0,0.026807894736842287,-0.0006426800000000001,1006.60676443579,1006.6904881200005,-0.1,32.134,0.3,31.865921052631577,long_nclose,9.559776315789472,0.009497031664741288,8.0
1634511960000.0,9791,1634511960000.0,0.026807894736842287,-0.0006426800000000001,1006.6329296505268,1006.6927454400004,-0.1,32.134,0.2,31.865921052631577,long_nclose,6.373184210526316,0.00633118987349132,4.0
1634528580000.0,10068,1634528580000.0,0.026807894736842287,-0.0006426800000000001,1006.6590948652636,1006.6870027600004,-0.1,32.134,0.1,31.865921052631577,long_nclose,3.186592105263158,0.0031655126561884067,277.0
1634528700000.0,10070,1634528700000.0,0.026807894736842287,-0.0006426800000000001,1006.6852600800004,1006.6852600800004,-0.1,32.134,0.0,31.865921052631577,long_nclose,0.0,0.0,2.0
1634550900000.0,10440,1634550900000.0,0.0,-0.00822666,1006.6770334200004,1006.6692334200004,1.3,31.641,1.3,31.641,long_ientry_normal,41.1333,0.04086047325452252,370.0
1634564400000.0,10665,1634564400000.0,0.10680000000000121,-0.0025526400000000006,1006.7812807800004,1007.0323807800004,-0.4,31.908,0.9,31.641,long_nclose,28.4769,0.028285090857010788,225.0
1634565300000.0,10680,1634565300000.0,0.0801000000000009,-0.00191448,1006.8594663000005,1007.0328663000005,-0.3,31.908,0.6,31.641,long_nclose,18.984599999999997,0.01885526295915403,15.0
1634566020000.0,10692,1634566020000.0,0.05340000000000061,-0.0012763200000000003,1006.9115899800005,1007.0291899800005,-0.2,31.908,0.4,31.641,long_nclose,12.6564,0.012569524599723183,12.0
1634566920000.0,10707,1634566920000.0,0.026700000000000303,-0.0006381600000000001,1006.9376518200005,1007.0078518200005,-0.1,31.908,0.3,31.641,long_nclose,9.492299999999998,0.009426899453847054,15.0
1634566980000.0,10708,1634566980000.0,0.026700000000000303,-0.0006381600000000001,1006.9637136600005,1007.0115136600006,-0.1,31.908,0.2,31.641,long_nclose,6.3282,0.006284436980354493,1.0
1634567400000.0,10715,1634567400000.0,0.026700000000000303,-0.0006381600000000001,1006.9897755000005,1007.0106755000005,-0.1,31.908,0.1,31.641,long_nclose,3.1641,0.0031421371666151524,7.0
1634568000000.0,10725,1634568000000.0,0.026700000000000303,-0.0006381600000000001,1007.0158373400005,1007.0158373400005,-0.1,31.908,0.0,31.641,long_nclose,0.0,0.0,10.0
1634817420000.0,14882,1634817420000.0,0.0,-0.00770616,1007.0081311800005,1007.0983311800005,1.1,35.028,1.1,35.028,long_ientry_normal,38.5308,0.038262650327212405,4157.0
1634817600000.0,14885,1634817600000.0,0.08850000000000051,-0.00211938,1007.0945118000005,1007.3641118000005,-0.3,35.323,0.8,35.028,long_nclose,28.0224,0.027824995242914187,3.0
1634817720000.0,14887,1634817720000.0,0.059000000000000344,-0.0014129200000000002,1007.1520988800005,1007.3512988800005,-0.2,35.323,0.6,35.028,long_nclose,21.0168,0.02086755319615741,2.0
1634818080000.0,14893,1634818080000.0,0.0,-0.00420276,1007.1478961200005,1007.1592961200005,0.6,35.023,1.2,35.0255,long_ientry_partial,42.0306,0.04173230184158783,6.0
1634819460000.0,14916,1634819460000.0,0.11779999999999974,-0.0028256,1007.2628705200004,1007.5384705200004,-0.4,35.32,0.8,35.0255,long_nclose,28.020400000000002,0.027818358861509948,23.0
1634820060000.0,14926,1634820060000.0,0.05889999999999987,-0.0014128,1007.3203577200004,1007.5060577200004,-0.2,35.32,0.6,35.0255,long_nclose,21.0153,0.02086257846269152,10.0
1634820600000.0,14935,1634820600000.0,0.05889999999999987,-0.0014128,1007.3778449200004,1007.4896449200004,-0.2,35.32,0.4,35.0255,long_nclose,14.010200000000001,0.013907591943430723,9.0
1634820660000.0,14936,1634820660000.0,0.029449999999999935,-0.0007064,1007.4065885200004,1007.4874385200004,-0.1,35.32,0.3,35.0255,long_nclose,10.50765,0.010430396346163452,1.0
1634820720000.0,14937,1634820720000.0,0.029449999999999935,-0.0007064,1007.4353321200003,1007.4942321200003,-0.1,35.32,0.2,35.0255,long_nclose,7.0051000000000005,0.0069533991678242925,1.0
1634820780000.0,14938,1634820780000.0,0.029449999999999935,-0.0007064,1007.4640757200003,1007.4945257200003,-0.1,35.32,0.1,35.0255,long_nclose,3.5025500000000003,0.003476600391430183,1.0
1634826240000.0,15029,1634826240000.0,0.0,-0.007698900000000001,1007.4563768200003,1007.3213268200003,1.1,34.995,1.2,34.99754166666666,long_ientry_partial,41.997049999999994,0.04168622182189383,91.0
1634830140000.0,15094,1634830140000.0,0.0,-0.00818616,1007.4481906600003,1006.1203406600002,1.2,34.109,2.4,34.55327083333333,long_rentry,82.92784999999999,0.08231475401794333,65.0
1634831100000.0,15110,1634831100000.0,0.2325833333333378,-0.005575040000000001,1007.6751989533335,1008.1019656200002,-0.8,34.844,1.6,34.55327083333333,long_nclose,55.28523333333333,0.05486414014233732,16.0
1634831580000.0,15118,1634831580000.0,0.14536458333333613,-0.0034844000000000003,1007.8170791366668,1008.0939812200002,-0.5,34.844,1.1,34.55327083333333,long_nclose,38.008597916666666,0.03771378626489068,8.0
1634831640000.0,15119,1634831640000.0,0.08721875000000168,-0.0020906400000000004,1007.9022072466669,1008.0875905800002,-0.3,34.844,0.8,34.55327083333333,long_nclose,27.642616666666665,0.027425891587418268,1.0
1634832000000.0,15125,1634832000000.0,0.0,-0.0027765600000000004,1007.8994306866668,1007.9900140200002,0.4,34.707,1.2,34.60451388888889,long_ientry_partial,41.525416666666665,0.04119996043491762,6.0
1634832180000.0,15128,1634832180000.0,0.11659444444444489,-0.0027916800000000004,1008.0132334511113,1008.3136223400002,-0.4,34.896,0.8,34.60451388888889,long_nclose,27.683611111111112,0.027463539358834985,3.0
1634832300000.0,15130,1634832300000.0,0.058297222222222445,-0.0013958400000000002,1008.0701348333336,1008.2444265000003,-0.2,34.896,0.6,34.60451388888889,long_nclose,20.762708333333332,0.020596491866874,2.0
1634832360000.0,15131,1634832360000.0,0.058297222222222445,-0.0013958400000000002,1008.1270362155558,1008.2592306600002,-0.2,34.896,0.4,34.60451388888889,long_nclose,13.841805555555556,0.01373021956391211,1.0
1634832840000.0,15139,1634832840000.0,0.029148611111111222,-0.0006979200000000001,1008.155486906667,1008.2456327400002,-0.1,34.896,0.3,34.60451388888889,long_nclose,10.381354166666666,0.010297374067287849,8.0
1634832960000.0,15141,1634832960000.0,0.029148611111111222,-0.0006979200000000001,1008.1839375977781,1008.2360348200003,-0.1,34.896,0.2,34.60451388888889,long_nclose,6.920902777777778,0.006864722318695499,2.0
1634833020000.0,15142,1634833020000.0,0.029148611111111222,-0.0006979200000000001,1008.2123882888893,1008.2414369000004,-0.1,34.896,0.1,34.60451388888889,long_nclose,3.460451388888889,0.0034322643017329645,1.0
1634833080000.0,15143,1634833080000.0,0.029148611111111222,-0.0006979200000000001,1008.2408389800005,1008.2408389800005,-0.1,34.896,0.0,34.60451388888889,long_nclose,0.0,0.0,1.0
1634835420000.0,15182,1634835420000.0,0.0,-0.008308320000000001,1008.2325306600005,1008.1509306600005,1.2,34.618,1.2,34.618,long_ientry_normal,41.5416,0.04120239997890804,39.0
1634836560000.0,15201,1634836560000.0,0.1167999999999978,-0.0027928,1008.3465378600006,1008.5801378600006,-0.4,34.91,0.8,34.618,long_nclose,27.6944,0.02746516099393313,19.0
1634839860000.0,15256,1634839860000.0,0.0583999999999989,-0.0013964,1008.4035414600006,1008.5757414600006,-0.2,34.91,0.6,34.618,long_nclose,20.7708,0.020597706320950974,55.0
1634839920000.0,15257,1634839920000.0,0.0583999999999989,-0.0013964,1008.4605450600006,1008.5533450600007,-0.2,34.91,0.4,34.618,long_nclose,13.8472,0.013731028018727427,1.0
1634840160000.0,15261,1634840160000.0,0.02919999999999945,-0.0006982,1008.4890468600006,1008.5706468600006,-0.1,34.91,0.3,34.618,long_nclose,10.3854,0.010297979965509444,4.0
1634840220000.0,15262,1634840220000.0,0.02919999999999945,-0.0006982,1008.5175486600006,1008.5889486600006,-0.1,34.91,0.2,34.618,long_nclose,6.9236,0.006865125955616008,1.0
1634841420000.0,15282,1634841420000.0,0.02919999999999945,-0.0006982,1008.5460504600005,1008.5902504600006,-0.1,34.91,0.1,34.618,long_nclose,3.4618,0.0034324659725959604,20.0
1634841600000.0,15285,1634841600000.0,0.02919999999999945,-0.0006982,1008.5745522600005,1008.5745522600005,-0.1,34.91,0.0,34.618,long_nclose,0.0,0.0,3.0
1634846760000.0,15371,1634846760000.0,0.0,-0.00826896,1008.5662833000005,1008.5554833000004,1.2,34.454,1.2,34.454,long_ientry_normal,41.3448,0.04099363689287825,86.0
1634852280000.0,15463,1634852280000.0,0.11599999999999966,-0.00277952,1008.6795037800005,1008.9123037800005,-0.4,34.744,0.8,34.454,long_nclose,27.563200000000002,0.027326023674227165,92.0
1634855400000.0,15515,1634855400000.0,0.05799999999999983,-0.00138976,1008.7361140200004,1008.9017140200004,-0.2,34.744,0.6,34.454,long_nclose,20.6724,0.02049336760395804,52.0
1634864400000.0,15665,1634864400000.0,0.05799999999999983,-0.00138976,1008.7927242600003,1008.8571242600003,-0.2,34.744,0.4,34.454,long_nclose,13.781600000000001,0.013661478387554282,150.0
1634864760000.0,15671,1634864760000.0,0.028999999999999915,-0.00069488,1008.8210293800004,1008.9098293800004,-0.1,34.744,0.3,34.454,long_nclose,10.3362,0.010245821309209232,6.0
1634867340000.0,15714,1634867340000.0,0.028999999999999915,-0.00069488,1008.8493345000004,1008.9055345000004,-0.1,34.744,0.2,34.454,long_nclose,6.8908000000000005,0.0068303558959229285,43.0
1634869680000.0,15753,1634869680000.0,0.028999999999999915,-0.00069488,1008.8776396200004,1008.9042396200005,-0.1,34.744,0.1,34.454,long_nclose,3.4454000000000002,0.0034150821315632788,39.0
1634872020000.0,15792,1634872020000.0,0.028999999999999915,-0.00069488,1008.9059447400005,1008.9059447400005,-0.1,34.744,0.0,34.454,long_nclose,0.0,0.0,39.0
1634911320000.0,16447,1634911320000.0,0.0,-0.00830616,1008.8976385800005,1008.8988385800005,1.2,34.609,1.2,34.609,long_ientry_normal,41.5308,0.041164532864259265,655.0
1634912940000.0,16474,1634912940000.0,0.11639999999999873,-0.002792,1009.0112465800005,1009.3320465800005,-0.4,34.9,0.8,34.609,long_nclose,27.687200000000004,0.02743993200655053,27.0
1634913180000.0,16478,1634913180000.0,0.0,-0.0027672000000000005,1009.0084793800005,1009.0712793800005,0.4,34.59,1.2,34.60266666666667,long_ientry_partial,41.5232,0.04115247874380057,4.0
1634914920000.0,16507,1634914920000.0,0.11653333333333081,-0.00279152,1009.1222211933339,1009.3720878600005,-0.4,34.894,0.8,34.60266666666667,long_nclose,27.68213333333334,0.027431893532775378,29.0
1634915400000.0,16515,1634915400000.0,0.058266666666665405,-0.00139576,1009.1790921000005,1009.3724921000005,-0.2,34.894,0.6,34.60266666666667,long_nclose,20.7616,0.020572760734467056,8.0
1634916240000.0,16529,1634916240000.0,0.0,-0.0041472,1009.1749449000005,1009.1253449000004,0.6,34.56,1.2,34.58133333333333,long_ientry_partial,41.4976,0.04112032329945727,14.0
1634919360000.0,16581,1634919360000.0,0.0,-0.00808968,1009.1668552200005,1008.7248552200004,1.2,33.707,2.4,34.14416666666666,long_rentry,81.94599999999998,0.08120163635589833,52.0
1634920680000.0,16603,1634920680000.0,0.23026666666667098,-0.005509120000000001,1009.3916127666671,1009.8729461000005,-0.8,34.432,1.6,34.14416666666666,long_nclose,54.63066666666666,0.05412237032258281,22.0
1634920860000.0,16606,1634920860000.0,0.14391666666666936,-0.0034432000000000004,1009.5320862333338,1009.8575029000004,-0.5,34.432,1.1,34.14416666666666,long_nclose,37.55858333333333,0.03720395205413252,3.0
1634920980000.0,16608,1634920980000.0,0.0863500000000016,-0.00206592,1009.6163703133338,1009.8370369800006,-0.3,34.432,0.8,34.14416666666666,long_nclose,27.31533333333333,0.027055160887353713,2.0
1634921100000.0,16610,1634921100000.0,0.0,-0.0027496,1009.6136207133338,1009.8062873800005,0.4,34.37,1.2,34.21944444444445,long_ientry_partial,41.06333333333334,0.04067232502699438,2.0
1634935140000.0,16844,1634935140000.0,0.11542222222222165,-0.0027606400000000004,1009.7262822955561,1010.0067267400005,-0.4,34.508,0.8,34.21944444444445,long_nclose,27.37555555555556,0.027111857971369002,234.0
1634935320000.0,16847,1634935320000.0,0.057711111111110824,-0.0013803200000000002,1009.7826130866672,1009.9509464200005,-0.2,34.508,0.6,34.21944444444445,long_nclose,20.53166666666667,0.020332759150908937,3.0
1634935380000.0,16848,1634935380000.0,0.057711111111110824,-0.0013803200000000002,1009.8389438777783,1009.9451661000005,-0.2,34.508,0.4,34.21944444444445,long_nclose,13.68777777777778,0.01355441663322743,1.0
1634935500000.0,16850,1634935500000.0,0.028855555555555412,-0.0006901600000000001,1009.8671092733339,1009.9527759400005,-0.1,34.508,0.3,34.21944444444445,long_nclose,10.265833333333335,0.010165528948378445,2.0
1634939160000.0,16911,1634939160000.0,0.0,-0.006087600000000001,1009.8610216733339,1009.6751883400005,0.9,33.82,1.2,33.91986111111112,long_ientry_partial,40.70383333333334,0.04030637133205451,61.0
1634944080000.0,16993,1634944080000.0,0.11445555555555416,-0.0027364800000000003,1009.9727407488895,1010.2048518600005,-0.4,34.206,0.8,33.91986111111112,long_nclose,27.135888888888896,0.026867941870161543,82.0
1634944200000.0,16995,1634944200000.0,0.05722777777777708,-0.0013682400000000002,1010.0286002866673,1010.1786836200006,-0.2,34.206,0.6,33.91986111111112,long_nclose,20.35191666666667,0.020149841955851913,2.0
1634944920000.0,17007,1634944920000.0,0.05722777777777708,-0.0013682400000000002,1010.084459824445,1010.2105153800006,-0.2,34.206,0.4,33.91986111111112,long_nclose,13.567944444444448,0.013432485088229739,12.0
1634945520000.0,17017,1634945520000.0,0.02861388888888854,-0.0006841200000000001,1010.112389593334,1010.1979312600007,-0.1,34.206,0.3,33.91986111111112,long_nclose,10.175958333333336,0.010074085258403892,10.0
1634945580000.0,17018,1634945580000.0,0.02861388888888854,-0.0006841200000000001,1010.140319362223,1010.2053471400008,-0.1,34.206,0.2,33.91986111111112,long_nclose,6.783972222222224,0.0067158711440262605,1.0
1634946000000.0,17025,1634946000000.0,0.02861388888888854,-0.0006841200000000001,1010.1682491311119,1010.1937630200008,-0.1,34.206,0.1,33.91986111111112,long_nclose,3.391986111111112,0.003357842729692506,7.0
1634946360000.0,17031,1634946360000.0,0.02861388888888854,-0.0006841200000000001,1010.1961789000009,1010.1961789000009,-0.1,34.206,0.0,33.91986111111112,long_nclose,0.0,0.0,6.0
1635058380000.0,18898,1635058380000.0,0.0,-0.00837168,1010.1878072200009,1010.3534072200009,1.2,34.882,1.2,34.882,long_ientry_normal,41.858399999999996,0.04143625541788388,1867.0
1635059580000.0,18918,1635059580000.0,0.11760000000000162,-0.0028140800000000005,1010.3025931400009,1010.5449931400009,-0.4,35.176,0.8,34.882,long_nclose,27.9056,0.027621031747795417,20.0
1635059700000.0,18920,1635059700000.0,0.05880000000000081,-0.0014070400000000002,1010.3599861000009,1010.580786100001,-0.2,35.176,0.6,34.882,long_nclose,20.929199999999998,0.02071459706236676,2.0
1635062700000.0,18970,1635062700000.0,0.05880000000000081,-0.0014070400000000002,1010.4173790600009,1010.5405790600009,-0.2,35.176,0.4,34.882,long_nclose,13.9528,0.01380894696504567,50.0
1635064260000.0,18996,1635064260000.0,0.029400000000000405,-0.0007035200000000001,1010.446075540001,1010.541475540001,-0.1,35.176,0.3,34.882,long_nclose,10.464599999999999,0.010356416095146419,26.0
1635064800000.0,19005,1635064800000.0,0.029400000000000405,-0.0007035200000000001,1010.474772020001,1010.5233720200009,-0.1,35.176,0.2,34.882,long_nclose,6.9764,0.006904081322143005,9.0
1635064980000.0,19008,1635064980000.0,0.029400000000000405,-0.0007035200000000001,1010.503468500001,1010.533268500001,-0.1,35.176,0.1,34.882,long_nclose,3.4882,0.003451942629329032,3.0
1635065460000.0,19016,1635065460000.0,0.029400000000000405,-0.0007035200000000001,1010.532164980001,1010.532164980001,-0.1,35.176,0.0,34.882,long_nclose,0.0,0.0,8.0
1635075240000.0,19179,1635075240000.0,0.0,-0.008325599999999999,1010.5238393800009,1010.4818393800009,1.2,34.69,1.2,34.69,long_ientry_normal,41.62799999999999,0.04119447595174056,163.0
1635099420000.0,19582,1635099420000.0,0.0,-0.00811488,1010.5157245000009,1009.397324500001,1.2,33.812,2.4,34.251,long_rentry,82.2024,0.08134697759470631,403.0
1635123180000.0,19978,1635123180000.0,0.23040000000000305,-0.005526240000000001,1010.740598260001,1011.202998260001,-0.8,34.539,1.6,34.251,long_nclose,54.8016,0.05421925278784828,396.0
1635123360000.0,19981,1635123360000.0,0.1440000000000019,-0.0034539,1010.881144360001,1011.1880443600011,-0.5,34.539,1.1,34.251,long_nclose,37.6761,0.03727055372454604,3.0
1635123420000.0,19982,1635123420000.0,0.08640000000000114,-0.00207234,1010.965472020001,1011.196672020001,-0.3,34.539,0.8,34.251,long_nclose,27.4008,0.027103596273422383,1.0
1635123540000.0,19984,1635123540000.0,0.05760000000000076,-0.0013815600000000002,1011.021690460001,1011.195090460001,-0.2,34.539,0.6,34.251,long_nclose,20.5506,0.020326566871824242,2.0
1635123780000.0,19988,1635123780000.0,0.05760000000000076,-0.0013815600000000002,1011.0779089000009,1011.2075089000009,-0.2,34.539,0.4,34.251,long_nclose,13.7004,0.013550291109520243,4.0
1635124140000.0,19994,1635124140000.0,0.02880000000000038,-0.0006907800000000001,1011.106018120001,1011.198718120001,-0.1,34.539,0.3,34.251,long_nclose,10.2753,0.010162435803819434,6.0
1635125640000.0,20019,1635125640000.0,0.02880000000000038,-0.0006907800000000001,1011.134127340001,1011.193927340001,-0.1,34.539,0.2,34.251,long_nclose,6.8502,0.006774768860804727,25.0
1635125760000.0,20021,1635125760000.0,0.02880000000000038,-0.0006907800000000001,1011.162236560001,1011.192136560001,-0.1,34.539,0.1,34.251,long_nclose,3.4251,0.003387290264767279,2.0
1635128040000.0,20059,1635128040000.0,0.02880000000000038,-0.0006907800000000001,1011.190345780001,1011.190345780001,-0.1,34.539,0.0,34.251,long_nclose,0.0,0.0,38.0
1635319560000.0,23251,1635319560000.0,0.0,-0.0078292,1011.1825165800011,1011.1665165800011,1.0,39.146,1.0,39.146,long_ientry_normal,39.146,0.038713090226677106,3192.0
1635321720000.0,23287,1635321720000.0,0.0,-0.008397620000000001,1011.1741189600011,1010.1865189600011,1.1,38.171,2.1,38.635285714285715,long_rentry,81.1341,0.0802375164461754,36.0
1635321780000.0,23288,1635321780000.0,0.0,-0.008230640000000001,1011.1658883200012,1008.1425883200012,1.1,37.412,3.2,38.21478125,long_rentry,122.28730000000002,0.12093693172657745,1.0
1635322080000.0,23293,1635322080000.0,0.0,-0.011760320000000001,1011.1541280000012,1002.6012280000011,1.6,36.751,4.8,37.72685416666667,long_rentry,181.0889,0.17909129279646258,5.0
1635322140000.0,23294,1635322140000.0,0.0,-0.01724352,1011.1368844800012,995.8303844800012,2.4,35.924,7.2,37.125902777777775,long_rentry,267.30649999999997,0.26436232729999565,1.0
1635322560000.0,23301,1635322560000.0,0.7514333333333411,-0.017970720000000003,1011.8703470933345,1013.6900137600012,-2.4,37.439,4.8,37.125902777777775,long_nclose,178.20433333333332,0.17611380138299065,7.0
1635322680000.0,23303,1635322680000.0,0.5009555555555608,-0.01198048,1012.3593221688901,1013.4604332800012,-1.6,37.439,3.2,37.125902777777775,long_nclose,118.80288888888889,0.11735249163742004,2.0
1635323220000.0,23312,1635323220000.0,0.31309722222222547,-0.0074878,1012.6649315911123,1013.7189454800013,-1.0,37.439,2.2,37.125902777777775,long_nclose,81.6769861111111,0.08065548984971678,9.0
1635323400000.0,23315,1635323400000.0,1.1375069444444443,-0.0083952,1013.7940433355568,1014.7170502800012,-1.1,38.16,1.1,37.125902777777775,long_nclose,40.83849305555555,0.040282829953498134,3.0
1635323640000.0,23319,1635323640000.0,0.517048611111111,-0.003816,1014.3072759466679,1014.9187342800012,-0.5,38.16,0.6,37.125902777777775,long_nclose,22.275541666666665,0.021961334789673645,4.0
1635323700000.0,23320,1635323700000.0,0.3102291666666666,-0.0022895999999999997,1014.6152155133345,1014.9944446800012,-0.3,38.16,0.3,37.125902777777775,long_nclose,11.137770833333333,0.010977334720629325,1.0
1635323760000.0,23321,1635323760000.0,0.0,-0.006142400000000001,1014.6090731133345,1014.8618022800011,0.8,38.39,1.1,38.045246212121214,long_ientry_partial,41.84977083333334,0.04124718765318848,1.0
1635324060000.0,23326,1635324060000.0,0.0,-0.008158040000000002,1014.6009150733345,1013.4819442400011,1.1,37.082,2.2,37.563623106060604,long_rentry,82.63997083333334,0.08145071584856613,5.0
1635324780000.0,23338,1635324780000.0,0.22146382575757925,-0.005303200000000001,1014.8170756990921,1015.4116410400012,-0.7,37.88,1.5,37.563623106060604,long_nclose,56.345434659090905,0.05552274987122718,12.0
1635324900000.0,23340,1635324900000.0,0.15818844696969947,-0.0037880000000000006,1014.9714761460618,1015.3928530400012,-0.5,37.88,1.0,37.563623106060604,long_nclose,37.563623106060604,0.03700953572478023,2.0
1635325440000.0,23349,1635325440000.0,0.09491306818181967,-0.0022728,1015.0641164142436,1015.3135802400012,-0.3,37.88,0.7,37.563623106060604,long_nclose,26.29453617424242,0.025904310623381083,9.0
1635325500000.0,23350,1635325500000.0,0.0,-0.0030336000000000004,1015.0610828142436,1015.1565466400012,0.4,37.92,1.1,37.693214703856746,long_ientry_partial,41.46253617424242,0.040847331137243564,1.0
1635326580000.0,23368,1635326580000.0,0.0,-0.00808324,1015.0529995742436,1014.3432634000012,1.1,36.742,2.2,37.21760735192837,long_rentry,81.87873617424242,0.08066449358662636,18.0
1635327420000.0,23382,1635327420000.0,0.21937485365013884,-0.00525434,1015.2671200878938,1015.6307090600012,-0.7,37.531,1.5,37.21760735192837,long_nclose,55.82641102789256,0.054986919130267466,14.0
1635327480000.0,23383,1635327480000.0,0.15669632403581346,-0.0037531,1015.4200633119295,1015.7124559600012,-0.5,37.531,1.0,37.21760735192837,long_nclose,37.21760735192837,0.036652424643391544,1.0
1635327540000.0,23384,1635327540000.0,0.09401779442148807,-0.00225186,1015.511829246351,1015.8950041000012,-0.3,37.531,0.7,37.21760735192837,long_nclose,26.052325146349858,0.025654378802937486,1.0
1635327600000.0,23385,1635327600000.0,0.0,-0.0030212000000000004,1015.508808046351,1015.8699829000011,0.4,37.765,1.1,37.41665922395441,long_ientry_partial,41.15832514634985,0.04052975692601896,1.0
1635327900000.0,23390,1635327900000.0,0.09460223281367632,-0.00226392,1015.6011463591647,1015.8478189800011,-0.3,37.732,0.8,37.41665922395441,long_nclose,29.93332737916353,0.029473506884539973,5.0
1635327960000.0,23391,1635327960000.0,0.0,-0.0022635000000000003,1015.5988828591646,1015.7080554800011,0.3,37.725,1.1,37.50075216287594,long_ientry_partial,41.25082737916354,0.040617243751816814,1.0
1635331800000.0,23455,1635331800000.0,0.09487435113721787,-0.00226902,1015.6914881903019,1015.9708864600012,-0.3,37.817,0.8,37.50075216287594,long_nclose,30.000601730300755,0.029537120355073592,64.0
1635331980000.0,23458,1635331980000.0,0.0,-0.002271,1015.689217190302,1015.8916154600013,0.3,37.85,1.1,37.596001573000684,long_ientry_partial,41.355601730300755,0.040716787212433575,3.0
1635332460000.0,23466,1635332460000.0,0.09509952809979368,-0.00227478,1015.7820419384018,1016.0772406800013,-0.3,37.913,0.8,37.596001573000684,long_nclose,30.07680125840055,0.02960950284276087,8.0
1635332520000.0,23467,1635332520000.0,0.0,-0.0022779000000000002,1015.7797640384018,1016.0144627800013,0.3,37.965,1.1,37.696637507636865,long_ientry_partial,41.466301258400556,0.04082213756015808,1.0
1635332580000.0,23468,1635332580000.0,0.09520874770894139,-0.0022808400000000006,1015.8726919461108,1016.1513819400013,-0.3,38.014,0.8,37.696637507636865,long_nclose,30.157310006109494,0.029686111503142223,1.0
1635333780000.0,23488,1635333780000.0,0.0,-0.00227826,1015.8704136861107,1016.0833036800012,0.3,37.971,1.1,37.77146364191772,long_ientry_partial,41.54861000610949,0.04089951774001306,20.0
1635333960000.0,23491,1635333960000.0,0.09556090742468512,-0.0022854000000000004,1015.9636891935354,1016.1945182800013,-0.3,38.09,0.8,37.77146364191772,long_nclose,30.217170913534176,0.02974237291641825,3.0
1635334080000.0,23493,1635334080000.0,0.0,-0.00227706,1015.9614121335354,1016.1259412200012,0.3,37.951,1.1,37.82042810321288,long_ientry_partial,41.60247091353418,0.04094886913683888,2.0
1635340800000.0,23605,1635340800000.0,0.09557156903613588,-0.0022883400000000003,1016.0546953625716,1016.3223528800013,-0.3,38.139,0.8,37.82042810321288,long_nclose,30.256342482570307,0.029778261564721725,112.0
1635342180000.0,23628,1635342180000.0,0.06371437935742393,-0.0015255600000000002,1016.116884181929,1016.3206273200012,-0.2,38.139,0.6,37.82042810321288,long_nclose,22.692256861927728,0.022332329297133132,23.0
1635343080000.0,23643,1635343080000.0,0.0,-0.0037463,1016.113137881929,1015.8733810200013,0.5,37.463,1.1,37.65796078357066,long_ientry_partial,41.42375686192773,0.040766874590633544,15.0
1635344460000.0,23666,1635344460000.0,0.0,-0.00807576,1016.105062121929,1015.0315052600013,1.1,36.708,2.2,37.18298039178533,long_rentry,81.80255686192773,0.08050600268745803,23.0
1635345480000.0,23683,1635345480000.0,0.21911372575027172,-0.00524944,1016.3189264076793,1016.6369558200014,-0.7,37.496,1.5,37.18298039178533,long_nclose,55.774470587677996,0.05487890576319446,17.0
1635345540000.0,23684,1635345540000.0,0.15650980410733695,-0.0037496000000000005,1016.4716866117867,1016.8737062200014,-0.5,37.496,1.0,37.18298039178533,long_nclose,37.18298039178533,0.03658043886665221,1.0
1635346800000.0,23705,1635346800000.0,0.5180098041073364,-0.0038219000000000005,1016.985874515894,1017.5368843200014,-0.5,38.219,0.5,37.18298039178533,long_nclose,18.591490195892664,0.018280971901151126,21.0
1635347400000.0,23715,1635347400000.0,0.20720392164293458,-0.00152876,1017.191549677537,1017.5506555600014,-0.2,38.219,0.3,37.18298039178533,long_nclose,11.154894117535598,0.01096636530363612,10.0
1635348660000.0,23736,1635348660000.0,0.03130196082146739,-0.0007499200000000002,1017.2221017183584,1017.3135056400014,-0.1,37.496,0.2,37.18298039178533,long_nclose,7.436596078357066,0.007310690620853282,21.0
1635349260000.0,23746,1635349260000.0,0.03130196082146739,-0.0007499200000000002,1017.2526537591799,1017.2893557200014,-0.1,37.496,0.1,37.18298039178533,long_nclose,3.718298039178533,0.0036552355262361273,10.0
1635350340000.0,23764,1635350340000.0,0.03130196082146739,-0.0007499200000000002,1017.2832058000014,1017.2832058000014,-0.1,37.496,0.0,37.18298039178533,long_nclose,0.0,0.0,18.0
1635351180000.0,23778,1635351180000.0,0.0,-0.00819566,1017.2750101400014,1017.3377101400014,1.1,37.253,1.1,37.253,long_ientry_normal,40.978300000000004,0.04028242077268802,14.0
1635351420000.0,23782,1635351420000.0,0.09420000000000002,-0.00225402,1017.3669561200014,1017.6245561200014,-0.3,37.567,0.8,37.253,long_nclose,29.802400000000002,0.029293658321338994,4.0
1635351600000.0,23785,1635351600000.0,0.06280000000000001,-0.0015026800000000002,1017.4282534400014,1017.6454534400015,-0.2,37.567,0.6,37.253,long_nclose,22.3518,0.021968920092819207,3.0
1635352080000.0,23793,1635352080000.0,0.0,-0.0037226,1017.4245308400015,1017.3797308400015,0.5,37.226,1.1,37.24072727272727,long_ientry_partial,40.9648,0.04026323207105968,8.0
1635352560000.0,23801,1635352560000.0,0.09398181818181968,-0.00225324,1017.5162594181834,1017.9116776000016,-0.3,37.554,0.8,37.24072727272727,long_nclose,29.792581818181816,0.029279710807979854,8.0
1635352920000.0,23807,1635352920000.0,0.06265454545454645,-0.0015021600000000002,1017.5774118036379,1017.8409754400016,-0.2,37.554,0.6,37.24072727272727,long_nclose,22.344436363636362,0.021958463409708796,6.0
1635354780000.0,23838,1635354780000.0,0.31118181818181867,-0.00229668,1017.8862969418198,1018.1995787600016,-0.3,38.278,0.3,37.24072727272727,long_nclose,11.172218181818181,0.010975899975649994,31.0
1635355020000.0,23842,1635355020000.0,0.10372727272727289,-0.00076556,1017.989258654547,1018.2041132000015,-0.1,38.278,0.2,37.24072727272727,long_nclose,7.448145454545454,0.007316526565702173,4.0
1635359700000.0,23920,1635359700000.0,0.10372727272727289,-0.00076556,1018.0922203672743,1018.2051476400015,-0.1,38.278,0.1,37.24072727272727,long_nclose,3.724072727272727,0.003657893315331765,78.0
1635361080000.0,23943,1635361080000.0,0.10372727272727289,-0.00076556,1018.1951820800016,1018.1951820800016,-0.1,38.278,0.0,37.24072727272727,long_nclose,0.0,0.0,23.0
1635361980000.0,23958,1635361980000.0,0.0,-0.008211060000000001,1018.1869710200016,1018.1891710200016,1.1,37.323,1.1,37.323,long_ientry_normal,41.0553,0.04032196558051763,15.0
1635364020000.0,23992,1635364020000.0,0.09420000000000002,-0.00225822,1018.2789128000015,1018.5565128000015,-0.3,37.637,0.8,37.323,long_nclose,29.858400000000003,0.029322418076887388,34.0
1635364740000.0,24004,1635364740000.0,0.4159999999999997,-0.0030690400000000003,1018.6918437600016,1019.0566437600015,-0.4,38.363,0.4,37.323,long_nclose,14.929200000000002,0.014655266056608619,12.0
1635364980000.0,24008,1635364980000.0,0.20799999999999985,-0.0015345200000000002,1018.8983092400016,1019.1137092400016,-0.2,38.363,0.2,37.323,long_nclose,7.464600000000001,0.0073261481860421,4.0
1635366540000.0,24034,1635366540000.0,0.10399999999999993,-0.0007672600000000001,1019.0015419800017,1019.1097419800017,-0.1,38.363,0.1,37.323,long_nclose,3.7323000000000004,0.0036627029952750047,26.0
1635367020000.0,24042,1635367020000.0,0.10399999999999993,-0.0007672600000000001,1019.1047747200017,1019.1047747200017,-0.1,38.363,0.0,37.323,long_nclose,0.0,0.0,8.0
1635373260000.0,24146,1635373260000.0,0.0,-0.008225580000000001,1019.0965491400017,1019.0371491400017,1.1,37.389,1.1,37.389,long_ientry_normal,41.127900000000004,0.04035721643322916,104.0
1635375660000.0,24186,1635375660000.0,0.09449999999999932,-0.00226224,1019.1887869000017,1019.4175869000017,-0.3,37.704,0.8,37.389,long_nclose,29.911200000000004,0.029348046588089826,40.0
1635376740000.0,24204,1635376740000.0,0.0,-0.00223542,1019.1865514800016,1019.0567514800016,0.3,37.257,1.1,37.353,long_ientry_partial,41.088300000000004,0.04031479805177378,18.0
1635382380000.0,24298,1635382380000.0,0.0,-0.00801086,1019.1785406200016,1018.2589406200017,1.1,36.413,2.2,36.882999999999996,long_rentry,81.1426,0.07961568730699348,94.0
1635384480000.0,24333,1635384480000.0,0.21770000000000492,-0.005207160000000001,1019.3910334600016,1019.7990334600016,-0.7,37.194,1.5,36.882999999999996,long_nclose,55.32449999999999,0.05427210774281427,35.0
1635384720000.0,24337,1635384720000.0,0.15550000000000352,-0.0037194000000000003,1019.5428140600015,1019.8598140600016,-0.5,37.194,1.0,36.882999999999996,long_nclose,36.882999999999996,0.036176018791329916,4.0
1635385200000.0,24345,1635385200000.0,0.09330000000000212,-0.0022316400000000004,1019.6338824200016,1019.8662824200015,-0.3,37.194,0.7,36.882999999999996,long_nclose,25.818099999999994,0.02532095141711381,8.0
1635387780000.0,24388,1635387780000.0,0.062200000000001414,-0.00148776,1019.6945946600015,1019.8555946600015,-0.2,37.194,0.5,36.882999999999996,long_nclose,18.441499999999998,0.018085317012148112,43.0
1635388200000.0,24395,1635388200000.0,0.031100000000000707,-0.00074388,1019.7249507800016,1019.8557507800016,-0.1,37.194,0.4,36.882999999999996,long_nclose,14.7532,0.014467822905299193,7.0
1635389100000.0,24410,1635389100000.0,0.20540000000000022,-0.0015164,1019.9288343800016,1020.1332343800016,-0.2,37.91,0.2,36.882999999999996,long_nclose,7.3766,0.007232465394984265,15.0
1635389160000.0,24411,1635389160000.0,0.10270000000000011,-0.0007582,1020.0307761800017,1020.1424761800017,-0.1,37.91,0.1,36.882999999999996,long_nclose,3.6883,0.0036158712914649716,1.0
1635389640000.0,24419,1635389640000.0,0.10270000000000011,-0.0007582,1020.1327179800018,1020.1327179800018,-0.1,37.91,0.0,36.882999999999996,long_nclose,0.0,0.0,8.0
1635446340000.0,25364,1635446340000.0,0.0,-0.008419840000000001,1020.1242981400018,1019.7370981400018,1.1,38.272,1.1,38.272,long_ientry_normal,42.0992,0.04126869644881482,945.0
1635451920000.0,25457,1635451920000.0,0.09660000000000081,-0.0023156400000000003,1020.2185825000017,1020.4889825000017,-0.3,38.594,0.8,38.272,long_nclose,30.6176,0.030010823685423262,93.0
1635452340000.0,25464,1635452340000.0,0.06440000000000055,-0.0015437600000000001,1020.2814387400017,1020.5142387400017,-0.2,38.594,0.6,38.272,long_nclose,22.963199999999997,0.022506731111719958,7.0
1635455040000.0,25509,1635455040000.0,0.0,-0.0038189,1020.2776198400016,1020.1024198400016,0.5,38.189,1.1,38.234272727272725,long_ientry_partial,42.0577,0.04122181961277894,45.0
1635466020000.0,25692,1635466020000.0,0.09651818181818185,-0.00231336,1020.3718246618198,1020.6764064800017,-0.3,38.556,0.8,38.234272727272725,long_nclose,30.58741818181818,0.029976737344698554,183.0
1635473340000.0,25814,1635473340000.0,0.06434545454545458,-0.00154224,1020.4346278763652,1020.6810642400015,-0.2,38.556,0.6,38.234272727272725,long_nclose,22.940563636363635,0.02248116930734253,122.0
1635477480000.0,25883,1635477480000.0,0.06434545454545458,-0.00154224,1020.4974310909106,1020.6277220000015,-0.2,38.556,0.4,38.234272727272725,long_nclose,15.29370909090909,0.014986523850981313,69.0
1635478980000.0,25908,1635478980000.0,0.03217272727272729,-0.00077112,1020.5288326981834,1020.6265508800016,-0.1,38.556,0.3,38.234272727272725,long_nclose,11.470281818181817,0.011239547037446711,25.0
1635479160000.0,25911,1635479160000.0,0.03217272727272729,-0.00077112,1020.5602343054561,1020.6243797600016,-0.1,38.556,0.2,38.234272727272725,long_nclose,7.646854545454545,0.007492800805293598,3.0
1635479640000.0,25919,1635479640000.0,0.03217272727272729,-0.00077112,1020.5916359127289,1020.6282086400016,-0.1,38.556,0.1,38.234272727272725,long_nclose,3.8234272727272725,0.0037462851332383594,8.0
1635481620000.0,25952,1635481620000.0,0.1064727272727275,-0.00078598,1020.6973226600015,1020.6973226600015,-0.1,39.299,0.0,38.234272727272725,long_nclose,0.0,0.0,33.0
1635558720000.0,27237,1635558720000.0,0.0,-0.008504320000000001,1020.6888183400015,1020.6602183400015,1.1,38.656,1.1,38.656,long_ientry_normal,42.5216,0.041659709831205025,1285.0
1635597180000.0,27878,1635597180000.0,0.0,-0.0082885,1020.6805298400014,1019.6564298400015,1.1,37.675,2.2,38.165499999999994,long_rentry,83.96409999999999,0.08226286045954255,641.0
1635632580000.0,28468,1635632580000.0,0.0,-0.008127680000000002,1020.6724021600014,1018.2359021600014,1.1,36.944,3.3,37.75833333333333,long_rentry,124.60249999999999,0.12207883718253724,590.0
1635633420000.0,28482,1635633420000.0,0.0,-0.0116176,1020.6607845600014,1016.1832845600014,1.6,36.305,4.9,37.28377551020407,long_rentry,182.69049999999996,0.17899237705968724,14.0
1635640020000.0,28592,1635640020000.0,0.5027591836734814,-0.012031360000000001,1021.1515123836748,1022.0960532000013,-1.6,37.598,3.3,37.28377551020407,long_nclose,123.03645918367343,0.12048795667595823,110.0
1635640080000.0,28593,1635640080000.0,0.3456469387755185,-0.00827156,1021.4888877624503,1022.2285816400014,-1.1,37.598,2.2,37.28377551020407,long_nclose,82.02430612244896,0.08029877476408134,1.0
1635675060000.0,29176,1635675060000.0,0.0,-0.00794266,1021.4809451024503,1018.7248389800013,1.1,36.103,3.3,36.89018367346939,long_rentry,121.73760612244897,0.1191775595091881,583.0
1635687240000.0,29379,1635687240000.0,0.0,-0.01135616,1021.4695889424503,1016.8521828200013,1.6,35.488,4.9,36.432327780091626,long_rentry,178.518406122449,0.17476624664594567,203.0
1635693360000.0,29481,1635693360000.0,0.4906755518533942,-0.01175648,1021.9485080143037,1022.9473263400013,-1.6,36.739,3.3,36.432327780091626,long_nclose,120.22668167430236,0.11764455912549716,102.0
1635693420000.0,29482,1635693420000.0,0.3373394418992085,-0.00808258,1022.2777648762029,1023.0426437600014,-1.1,36.739,2.2,36.432327780091626,long_nclose,80.15112111620158,0.07840444531815462,1.0
1635693540000.0,29484,1635693540000.0,0.21467055393585993,-0.00514346,1022.4872919701388,1022.9563003000014,-0.7,36.739,1.5,36.432327780091626,long_nclose,54.64849167013744,0.05344662187912397,2.0
1635693660000.0,29486,1635693660000.0,0.15333610995418567,-0.0036739,1022.6369541800931,1022.9796264000015,-0.5,36.739,1.0,36.432327780091626,long_nclose,36.432327780091626,0.035625866668686466,2.0
1635705060000.0,29676,1635705060000.0,0.0920016659725114,-0.00220434,1022.7267515060655,1022.9631220600014,-0.3,36.739,0.7,36.432327780091626,long_nclose,25.502629446064137,0.024935917055566418,190.0
1635705240000.0,29679,1635705240000.0,0.06133444398167427,-0.00146956,1022.7866163900471,1022.9104525000013,-0.2,36.739,0.5,36.432327780091626,long_nclose,18.216163890045813,0.01781032680535091,3.0
1635705300000.0,29680,1635705300000.0,0.030667221990837136,-0.00073478,1022.8165488320379,1022.9476177200013,-0.1,36.739,0.4,36.432327780091626,long_nclose,14.57293111203665,0.014247844472870128,1.0
1635705720000.0,29687,1635705720000.0,0.030667221990837136,-0.00073478,1022.8464812740287,1022.9312829400012,-0.1,36.739,0.3,36.432327780091626,long_nclose,10.929698334027487,0.010685570644397938,7.0
1635706080000.0,29693,1635706080000.0,0.030667221990837136,-0.00073478,1022.8764137160196,1022.9349481600012,-0.1,36.739,0.2,36.432327780091626,long_nclose,7.286465556018325,0.007123505301629979,6.0
1635706140000.0,29694,1635706140000.0,0.030667221990837136,-0.00073478,1022.9063461580104,1022.9381133800013,-0.1,36.739,0.1,36.432327780091626,long_nclose,3.6432327780091627,0.003561648426264026,1.0
1635706260000.0,29696,1635706260000.0,0.030667221990837136,-0.00073478,1022.9362786000012,1022.9362786000012,-0.1,36.739,0.0,36.432327780091626,long_nclose,0.0,0.0,2.0
1635733200000.0,30145,1635733200000.0,0.0,-0.00800382,1022.9282747800012,1022.8941747800012,1.1,36.381,1.1,36.381,long_ientry_normal,40.0191,0.0391220977918582,449.0
1635738960000.0,30241,1635738960000.0,0.0,-0.00851352,1022.9197612600012,1021.7645612600012,1.2,35.473,2.3,35.90726086956522,long_rentry,82.58670000000001,0.08073624454988751,96.0
1635739320000.0,30247,1635739320000.0,0.0,-0.008344080000000002,1022.9114171800012,1020.3868171800012,1.2,34.767,3.5,35.51631428571429,long_rentry,124.3071,0.12152283952670533,6.0
1635750180000.0,30428,1635750180000.0,0.3285542857142815,-0.0078793,1023.2320921657155,1023.8889378800012,-1.1,35.815,2.4,35.51631428571429,long_nclose,85.23915428571429,0.08330383198332052,181.0
1635750360000.0,30431,1635750360000.0,0.23894857142856837,-0.0057304,1023.465310337144,1023.9432074800012,-0.8,35.815,1.6,35.51631428571429,long_nclose,56.826102857142864,0.05552323296470452,3.0
1635750420000.0,30432,1635750420000.0,0.14934285714285522,-0.0035815,1023.6110716942869,1023.9506259800012,-0.5,35.815,1.1,35.51631428571429,long_nclose,39.06794571428572,0.038166786970778105,1.0
1635750540000.0,30434,1635750540000.0,0.08960571428571314,-0.0021489,1023.6985285085727,1023.9454770800013,-0.3,35.815,0.8,35.51631428571429,long_nclose,28.413051428571432,0.02775529185332173,2.0
1635755880000.0,30523,1635755880000.0,0.3958742857142852,-0.0029204800000000005,1024.091482314287,1024.4829566000014,-0.4,36.506,0.4,35.51631428571429,long_nclose,14.206525714285716,0.013872320939708612,89.0
1635756300000.0,30530,1635756300000.0,0.1979371428571426,-0.0014602400000000002,1024.2879592171444,1024.4856963600016,-0.2,36.506,0.2,35.51631428571429,long_nclose,7.103262857142858,0.006934829989187639,7.0
1635756360000.0,30531,1635756360000.0,0.0989685714285713,-0.0007301200000000001,1024.3861976685728,1024.4805662400013,-0.1,36.506,0.1,35.51631428571429,long_nclose,3.551631428571429,0.0034670824701217955,1.0
1635756600000.0,30535,1635756600000.0,0.0989685714285713,-0.0007301200000000001,1024.4844361200012,1024.4844361200012,-0.1,36.506,0.0,35.51631428571429,long_nclose,0.0,0.0,4.0
1635895500000.0,32850,1635895500000.0,0.0,-0.00808962,1024.4763465000012,1024.4752465000013,1.1,36.771,1.1,36.771,long_ientry_normal,40.448100000000004,0.03948173146035632,2315.0
1635897420000.0,32882,1635897420000.0,0.09300000000000068,-0.00222486,1024.5671216400012,1024.8263216400012,-0.3,37.081,0.8,36.771,long_nclose,29.416800000000002,0.02871144249965117,32.0
1635897660000.0,32886,1635897660000.0,0.06200000000000046,-0.0014832400000000003,1024.6276384000012,1024.8130384000012,-0.2,37.081,0.6,36.771,long_nclose,22.0626,0.021532310054071614,4.0
1635898920000.0,32907,1635898920000.0,0.0,-0.0036734000000000003,1024.6239650000011,1024.5313650000012,0.5,36.734,1.1,36.75418181818182,long_ientry_partial,40.42960000000001,0.03945798788729284,21.0
1635915480000.0,33183,1635915480000.0,0.0,-0.0078837,1024.616081300001,1023.7699813000011,1.1,35.835,2.2,36.294590909090914,long_rentry,79.84810000000002,0.07792977433917612,276.0
1635923760000.0,33321,1635923760000.0,0.21378636363636117,-0.005124,1024.8247436636375,1025.282857300001,-0.7,36.6,1.5,36.294590909090914,long_nclose,54.44188636363637,0.053123118562704214,138.0
1635923820000.0,33322,1635923820000.0,0.1527045454545437,-0.0036600000000000005,1024.973788209092,1025.334197300001,-0.5,36.6,1.0,36.294590909090914,long_nclose,36.294590909090914,0.03541026251267112,1.0
1635925320000.0,33347,1635925320000.0,0.09162272727272622,-0.002196,1025.0632149363648,1025.2840013000011,-0.3,36.6,0.7,36.294590909090914,long_nclose,25.40621363636364,0.02478502131982254,25.0
1635926340000.0,33364,1635926340000.0,0.06108181818181749,-0.001464,1025.1228327545466,1025.2905373000012,-0.2,36.6,0.5,36.294590909090914,long_nclose,18.147295454545457,0.017702557073851276,17.0
1635927780000.0,33388,1635927780000.0,0.030540909090908744,-0.000732,1025.1526416636375,1025.2648053000012,-0.1,36.6,0.4,36.294590909090914,long_nclose,14.517836363636366,0.014161633861740375,24.0
1635933360000.0,33481,1635933360000.0,0.030540909090908744,-0.000732,1025.1824505727284,1025.2830733000012,-0.1,36.6,0.3,36.294590909090914,long_nclose,10.888377272727274,0.01062091656626035,93.0
1635933720000.0,33487,1635933720000.0,0.030540909090908744,-0.000732,1025.2122594818193,1025.264341300001,-0.1,36.6,0.2,36.294590909090914,long_nclose,7.258918181818183,0.007080405169449605,6.0
1635933780000.0,33488,1635933780000.0,0.030540909090908744,-0.000732,1025.2420683909102,1025.278609300001,-0.1,36.6,0.1,36.294590909090914,long_nclose,3.6294590909090916,0.0035400996533486283,1.0
1635938640000.0,33569,1635938640000.0,0.030540909090908744,-0.000732,1025.271877300001,1025.271877300001,-0.1,36.6,0.0,36.294590909090914,long_nclose,0.0,0.0,81.0
1635943620000.0,33652,1635943620000.0,0.0,-0.00791758,1025.2639597200011,1025.3035597200012,1.1,35.989,1.1,35.989,long_ientry_normal,39.5879,0.03861239793390516,83.0
1635948780000.0,33738,1635948780000.0,0.09090000000000131,-0.00217752,1025.352682200001,1025.641482200001,-0.3,36.292,0.8,35.989,long_nclose,28.7912,0.028079314073890634,86.0
1635949140000.0,33744,1635949140000.0,0.060600000000000875,-0.0014516800000000003,1025.411830520001,1025.646430520001,-0.2,36.292,0.6,35.989,long_nclose,21.5934,0.02105827079159958,6.0
1635949740000.0,33754,1635949740000.0,0.060600000000000875,-0.0014516800000000003,1025.4709788400012,1025.5993788400012,-0.2,36.292,0.4,35.989,long_nclose,14.3956,0.014038037445276225,10.0
1635949920000.0,33757,1635949920000.0,0.030300000000000438,-0.0007258400000000002,1025.500553000001,1025.599853000001,-0.1,36.292,0.3,35.989,long_nclose,10.7967,0.010528224454307036,3.0
1635950100000.0,33760,1635950100000.0,0.030300000000000438,-0.0007258400000000002,1025.5301271600008,1025.5853271600008,-0.1,36.292,0.2,35.989,long_nclose,7.1978,0.007018613894779335,3.0
1635951060000.0,33776,1635951060000.0,0.030300000000000438,-0.0007258400000000002,1025.5597013200006,1025.5943013200006,-0.1,36.292,0.1,35.989,long_nclose,3.5989,0.003509205749180517,16.0
1635952080000.0,33793,1635952080000.0,0.030300000000000438,-0.0007258400000000002,1025.5892754800004,1025.5892754800004,-0.1,36.292,0.0,35.989,long_nclose,0.0,0.0,17.0
1636016400000.0,34865,1636016400000.0,0.0,-0.00820336,1025.5810721200005,1025.6382721200005,1.1,37.288,1.1,37.288,long_ientry_normal,41.016799999999996,0.03999371782009714,1072.0
1636017240000.0,34879,1636017240000.0,0.09420000000000002,-0.00225612,1025.6730160000004,1025.9346160000005,-0.3,37.602,0.8,37.288,long_nclose,29.830399999999997,0.029083732860921814,14.0
1636017720000.0,34887,1636017720000.0,0.06280000000000001,-0.0015040799999999999,1025.7343119200004,1025.8975119200004,-0.2,37.602,0.6,37.288,long_nclose,22.372799999999998,0.02181149615451775,8.0
1636017780000.0,34888,1636017780000.0,0.06280000000000001,-0.0015040799999999999,1025.7956078400005,1025.9144078400004,-0.2,37.602,0.4,37.288,long_nclose,14.915199999999999,0.01454012854608207,1.0
1636017840000.0,34889,1636017840000.0,0.031400000000000004,-0.0007520399999999999,1025.8262558000006,1025.9168558000006,-0.1,37.602,0.3,37.288,long_nclose,11.186399999999999,0.010904770604917083,1.0
1636017960000.0,34891,1636017960000.0,0.031400000000000004,-0.0007520399999999999,1025.8569037600007,1025.9413037600007,-0.1,37.602,0.2,37.288,long_nclose,7.457599999999999,0.0072696298798265,2.0
1636018320000.0,34897,1636018320000.0,0.031400000000000004,-0.0007520399999999999,1025.8875517200008,1025.9102517200008,-0.1,37.602,0.1,37.288,long_nclose,3.7287999999999997,0.0036347063513426027,6.0
1636019100000.0,34910,1636019100000.0,0.031400000000000004,-0.0007520399999999999,1025.918199680001,1025.918199680001,-0.1,37.602,0.0,37.288,long_nclose,0.0,0.0,13.0
1636026000000.0,35025,1636026000000.0,0.0,-0.008194340000000001,1025.910005340001,1025.918805340001,1.1,37.247,1.1,37.247,long_ientry_normal,40.971700000000006,0.0399369338311711,115.0
1636027380000.0,35048,1636027380000.0,0.09420000000000002,-0.00225366,1026.001951680001,1026.264351680001,-0.3,37.561,0.8,37.247,long_nclose,29.797600000000003,0.029042439881531098,23.0
1636027680000.0,35053,1636027680000.0,0.06280000000000001,-0.00150244,1026.063249240001,1026.2600492400009,-0.2,37.561,0.6,37.247,long_nclose,22.3482,0.021780528653134377,5.0
1636027800000.0,35055,1636027800000.0,0.06280000000000001,-0.00150244,1026.1245468000009,1026.2517468000008,-0.2,37.561,0.4,37.247,long_nclose,14.898800000000001,0.014519485033724551,2.0
1636028040000.0,35059,1636028040000.0,0.031400000000000004,-0.00075122,1026.155195580001,1026.268595580001,-0.1,37.561,0.3,37.247,long_nclose,11.1741,0.010889288528802119,4.0
1636028700000.0,35070,1636028700000.0,0.031400000000000004,-0.00075122,1026.185844360001,1026.268444360001,-0.1,37.561,0.2,37.247,long_nclose,7.449400000000001,0.007259308867825935,11.0
1636029120000.0,35077,1636029120000.0,0.031400000000000004,-0.00075122,1026.2164931400011,1026.246793140001,-0.1,37.561,0.1,37.247,long_nclose,3.7247000000000003,0.00362954603136734,7.0
1636029840000.0,35089,1636029840000.0,0.031400000000000004,-0.00075122,1026.2471419200012,1026.2471419200012,-0.1,37.561,0.0,37.247,long_nclose,0.0,0.0,12.0
1636038480000.0,35233,1636038480000.0,0.0,-0.008155180000000001,1026.2389867400013,1026.2290867400013,1.1,37.069,1.1,37.069,long_ientry_normal,40.77590000000001,0.03973333748460545,144.0
1636039320000.0,35247,1636039320000.0,0.0,-0.007950800000000001,1026.2310359400014,1025.6601359400015,1.1,36.14,2.2,36.6045,long_rentry,80.52990000000001,0.07847151097533966,14.0
1636039740000.0,35254,1636039740000.0,0.21594999999999656,-0.005167819999999999,1026.4418181200015,1026.8700681200014,-0.7,36.913,1.5,36.6045,long_nclose,54.90675,0.05349231591184143,7.0
1636039920000.0,35257,1636039920000.0,0.15424999999999756,-0.0036913,1026.5923768200016,1026.9378768200015,-0.5,36.913,1.0,36.6045,long_nclose,36.6045,0.03565631386567181,3.0
1636040940000.0,35274,1636040940000.0,0.09254999999999854,-0.00221478,1026.6827120400017,1026.8580620400016,-0.3,36.913,0.7,36.6045,long_nclose,25.62315,0.024957223589639706,17.0
1636041000000.0,35275,1636041000000.0,0.0,-0.0029484,1026.6797636400017,1026.8166136400018,0.4,36.855,1.1,36.6955909090909,long_ientry_partial,40.36515,0.039316202996822446,1.0
1636042440000.0,35299,1636042440000.0,0.09282272727272982,-0.0022203,1026.7703660672744,1026.9858933400017,-0.3,37.005,0.8,36.6955909090909,long_nclose,29.356472727272724,0.028591079074198052,24.0
1636042560000.0,35301,1636042560000.0,0.061881818181819884,-0.0014802000000000003,1026.830767685456,1027.0764131400015,-0.2,37.005,0.6,36.6955909090909,long_nclose,22.01735454545454,0.021442047938515812,2.0
1636043100000.0,35310,1636043100000.0,0.061881818181819884,-0.0014802000000000003,1026.8911693036378,1027.0169329400014,-0.2,37.005,0.4,36.6955909090909,long_nclose,14.678236363636362,0.014293857813180013,9.0
1636043220000.0,35312,1636043220000.0,0.030940909090909942,-0.0007401000000000002,1026.9213701127287,1027.0216928400014,-0.1,37.005,0.3,36.6955909090909,long_nclose,11.00867727272727,0.010720078083017018,2.0
1636043460000.0,35316,1636043460000.0,0.0,-0.005888640000000001,1026.9154814727287,1026.9436042000016,0.8,36.804,1.1,36.77443388429752,long_ientry_partial,40.45187727272728,0.0393916325175214,4.0
1636044540000.0,35334,1636044540000.0,0.09286983471074421,-0.00222504,1027.0061262674394,1027.2505791600015,-0.3,37.084,0.8,36.77443388429752,long_nclose,29.41954710743802,0.02864593146523935,18.0
1636044600000.0,35335,1636044600000.0,0.061913223140496146,-0.0014833600000000004,1027.0665561305798,1027.2468958000013,-0.2,37.084,0.6,36.77443388429752,long_nclose,22.064660330578512,0.02148318451114403,1.0
1636044660000.0,35336,1636044660000.0,0.061913223140496146,-0.0014833600000000004,1027.1269859937202,1027.2472124400012,-0.2,37.084,0.4,36.77443388429752,long_nclose,14.70977355371901,0.014321280381400616,1.0
1636044780000.0,35338,1636044780000.0,0.030956611570248073,-0.0007416800000000002,1027.1572009252905,1027.2608707600011,-0.1,37.084,0.3,36.77443388429752,long_nclose,11.032330165289256,0.010740644329174775,2.0
1636044960000.0,35341,1636044960000.0,0.030956611570248073,-0.0007416800000000002,1027.1874158568608,1027.2505290800013,-0.1,37.084,0.2,36.77443388429752,long_nclose,7.354886776859505,0.007160218927257977,3.0
1636045380000.0,35348,1636045380000.0,0.030956611570248073,-0.0007416800000000002,1027.217630788431,1027.2526874000014,-0.1,37.084,0.1,36.77443388429752,long_nclose,3.6774433884297526,0.003580004157061796,7.0
1636045740000.0,35354,1636045740000.0,0.030956611570248073,-0.0007416800000000002,1027.2478457200014,1027.2478457200014,-0.1,37.084,0.0,36.77443388429752,long_nclose,0.0,0.0,6.0
1636048140000.0,35394,1636048140000.0,0.0,-0.008062560000000002,1027.2397831600013,1027.2309831600012,1.1,36.648,1.1,36.648,long_ientry_normal,40.31280000000001,0.03924380720145936,40.0
1636051620000.0,35452,1636051620000.0,0.09269999999999924,-0.00221742,1027.330265740001,1027.6278657400012,-0.3,36.957,0.8,36.648,long_nclose,29.318400000000004,0.028538436934768516,58.0
1636051800000.0,35455,1636051800000.0,0.0617999999999995,-0.0014782800000000002,1027.3905874600011,1027.583787460001,-0.2,36.957,0.6,36.648,long_nclose,21.9888,0.021402571006964848,3.0
1636052280000.0,35463,1636052280000.0,0.0,-0.0036516,1027.3869358600011,1027.290135860001,0.5,36.516,1.1,36.588,long_ientry_partial,40.24680000000001,0.03917394566275107,8.0
1636054380000.0,35498,1636054380000.0,0.09239999999999994,-0.00221376,1027.4771221000012,1027.7347221000011,-0.3,36.896,0.8,36.588,long_nclose,29.270400000000002,0.028487641593591805,35.0
1636055640000.0,35519,1636055640000.0,0.06159999999999997,-0.0014758400000000002,1027.5372462600012,1027.7394462600012,-0.2,36.896,0.6,36.588,long_nclose,21.9528,0.02136448102480288,21.0
1636055760000.0,35521,1636055760000.0,0.06159999999999997,-0.0014758400000000002,1027.5973704200012,1027.728170420001,-0.2,36.896,0.4,36.588,long_nclose,14.635200000000001,0.01424215400047032,2.0
1636055880000.0,35523,1636055880000.0,0.030799999999999984,-0.0007379200000000001,1027.6274325000013,1027.7465325000012,-0.1,36.896,0.3,36.588,long_nclose,10.9764,0.010681303021754419,2.0
1636057140000.0,35544,1636057140000.0,0.030799999999999984,-0.0007379200000000001,1027.6574945800014,1027.7258945800015,-0.1,36.896,0.2,36.588,long_nclose,7.3176000000000005,0.007120660374291989,21.0
1636057920000.0,35557,1636057920000.0,0.030799999999999984,-0.0007379200000000001,1027.6875566600015,1027.7177566600014,-0.1,36.896,0.1,36.588,long_nclose,3.6588000000000003,0.0035602260398006082,13.0
1636058100000.0,35560,1636058100000.0,0.030799999999999984,-0.0007379200000000001,1027.7176187400016,1027.7176187400016,-0.1,36.896,0.0,36.588,long_nclose,0.0,0.0,3.0
1636124100000.0,36660,1636124100000.0,0.0,-0.008171900000000001,1027.7094468400016,1027.6434468400016,1.1,37.145,1.1,37.145,long_ientry_normal,40.859500000000004,0.0397578324551114,1100.0
1636183740000.0,37654,1636183740000.0,0.0,-0.00796708,1027.7014797600016,1026.9435797600015,1.1,36.214,2.2,36.679500000000004,long_rentry,80.69490000000002,0.07851978574444074,994.0
1636196580000.0,37868,1636196580000.0,0.0,-0.00852672,1027.6929530400016,1024.5204530400015,1.2,35.528,3.4,36.273088235294125,long_rentry,123.32850000000002,0.12000520158787117,214.0
1636196700000.0,37870,1636196700000.0,0.0,-0.011862260000000001,1027.6810907800016,1022.3937907800015,1.7,34.889,5.1,35.81172549019609,long_rentry,182.63980000000004,0.17772030802024189,2.0
1636196760000.0,37871,1636196760000.0,0.0,-0.017054,1027.6640367800017,1024.0062367800017,2.5,34.108,7.6,35.25128947368422,long_rentry,267.9098,0.26069784522133,1.0
1636197960000.0,37891,1636197960000.0,0.7417763157894619,-0.017774,1028.388039095791,1029.8859627800016,-2.5,35.548,5.1,35.25128947368422,long_nclose,179.7815763157895,0.17481881301717805,20.0
1636198320000.0,37897,1636198320000.0,0.5044078947368341,-0.012086320000000001,1028.880360670528,1029.6239764600016,-1.7,35.548,3.4,35.25128947368422,long_nclose,119.85438421052633,0.1164901078803919,6.0
1636198440000.0,37899,1636198440000.0,0.32638157894736325,-0.00782056,1029.1989216894754,1029.8629559000017,-1.1,35.548,2.3,35.25128947368422,long_nclose,81.0779657894737,0.07877774070767646,2.0
1636214520000.0,38167,1636214520000.0,0.20769736842104933,-0.0049767200000000004,1029.4016423378964,1029.8075791800018,-0.7,35.548,1.6,35.25128947368422,long_nclose,56.40206315789475,0.05479111440875381,268.0
1636215120000.0,38177,1636215120000.0,0.14835526315789238,-0.0035548000000000003,1029.5464428010541,1029.9465243800014,-0.5,35.548,1.1,35.25128947368422,long_nclose,38.77641842105264,0.03766359321834465,10.0
1636215300000.0,38180,1636215300000.0,0.08901315789473542,-0.00213288,1029.6333230789487,1029.8482915000013,-0.3,35.548,0.8,35.25128947368422,long_nclose,28.201031578947376,0.027389392851638522,3.0
1636215360000.0,38181,1636215360000.0,0.059342105263156954,-0.0014219200000000001,1029.6912432642118,1029.8734695800013,-0.2,35.548,0.6,35.25128947368422,long_nclose,21.15077368421053,0.02054088914766403,1.0
1636217940000.0,38224,1636217940000.0,0.059342105263156954,-0.0014219200000000001,1029.749163449475,1029.8726476600013,-0.2,35.548,0.4,35.25128947368422,long_nclose,14.100515789473688,0.013693155857723146,43.0
1636218360000.0,38231,1636218360000.0,0.029671052631578477,-0.0007109600000000001,1029.7781235421064,1029.8722367000012,-0.1,35.548,0.3,35.25128947368422,long_nclose,10.575386842105265,0.010269578077391397,7.0
1636218600000.0,38235,1636218600000.0,0.029671052631578477,-0.0007109600000000001,1029.8070836347379,1029.872825740001,-0.1,35.548,0.2,35.25128947368422,long_nclose,7.050257894736844,0.006846192851823011,4.0
1636219260000.0,38246,1636219260000.0,0.029671052631578477,-0.0007109600000000001,1029.8360437273693,1029.866414780001,-0.1,35.548,0.1,35.25128947368422,long_nclose,3.525128947368422,0.003423000164773449,11.0
1636224420000.0,38332,1636224420000.0,0.029671052631578477,-0.0007109600000000001,1029.8650038200008,1029.8650038200008,-0.1,35.548,0.0,35.25128947368422,long_nclose,0.0,0.0,86.0
1636331160000.0,40111,1636331160000.0,0.0,-0.00844032,1029.8565635000007,1030.0689635000006,1.2,35.168,1.2,35.168,long_ientry_normal,42.2016,0.04097813374765172,1779.0
1636332480000.0,40133,1636332480000.0,0.11839999999999976,-0.0028371200000000003,1029.9721263800006,1030.2217263800007,-0.4,35.464,0.8,35.168,long_nclose,28.1344,0.027315690667166676,22.0
1636332960000.0,40141,1636332960000.0,0.05919999999999988,-0.0014185600000000001,1030.0299078200005,1030.2141078200004,-0.2,35.464,0.6,35.168,long_nclose,21.1008,0.020485618757088944,8.0
1636333320000.0,40147,1636333320000.0,0.05919999999999988,-0.0014185600000000001,1030.0876892600004,1030.1984892600003,-0.2,35.464,0.4,35.168,long_nclose,14.0672,0.013656313095155682,6.0
1636333380000.0,40148,1636333380000.0,0.02959999999999994,-0.0007092800000000001,1030.1165799800006,1030.2041799800006,-0.1,35.464,0.3,35.168,long_nclose,10.5504,0.010241947566949008,1.0
1636333440000.0,40149,1636333440000.0,0.02959999999999994,-0.0007092800000000001,1030.1454707000007,1030.2068707000008,-0.1,35.464,0.2,35.168,long_nclose,7.0336,0.006827773552429011,1.0
1636335540000.0,40184,1636335540000.0,0.02959999999999994,-0.0007092800000000001,1030.1743614200009,1030.204061420001,-0.1,35.464,0.1,35.168,long_nclose,3.5168,0.0034137910354829775,35.0
1636336080000.0,40193,1636336080000.0,0.02959999999999994,-0.0007092800000000001,1030.203252140001,1030.203252140001,-0.1,35.464,0.0,35.168,long_nclose,0.0,0.0,9.0
1636457880000.0,42223,1636457880000.0,0.0,-0.007980060000000002,1030.1952720800011,1030.0929720800011,1.1,36.273,1.1,36.273,long_ientry_normal,39.90030000000001,0.03873081257637678,2030.0
1636458060000.0,42226,1636458060000.0,0.09149999999999991,-0.00219468,1030.2845774000011,1030.5821774000012,-0.3,36.578,0.8,36.273,long_nclose,29.018400000000003,0.0281654220945732,3.0
1636458660000.0,42236,1636458660000.0,0.06099999999999994,-0.0014631200000000003,1030.3441142800011,1030.564314280001,-0.2,36.578,0.6,36.273,long_nclose,21.7638,0.021122845948616326,10.0
1636459740000.0,42254,1636459740000.0,0.06099999999999994,-0.0014631200000000003,1030.4036511600011,1030.534451160001,-0.2,36.578,0.4,36.273,long_nclose,14.509200000000002,0.014081083644905498,18.0
1636460700000.0,42270,1636460700000.0,0.03049999999999997,-0.0007315600000000001,1030.4334196000011,1030.527019600001,-0.1,36.578,0.3,36.273,long_nclose,10.8819,0.010560507639808685,16.0
1636461060000.0,42276,1636461060000.0,0.03049999999999997,-0.0007315600000000001,1030.4631880400011,1030.536588040001,-0.1,36.578,0.2,36.273,long_nclose,7.254600000000001,0.0070401350423770674,6.0
1636462920000.0,42307,1636462920000.0,0.03049999999999997,-0.0007315600000000001,1030.492956480001,1030.5261564800012,-0.1,36.578,0.1,36.273,long_nclose,3.6273000000000004,0.00351996583498278,31.0
1636469820000.0,42422,1636469820000.0,0.03049999999999997,-0.0007315600000000001,1030.522724920001,1030.522724920001,-0.1,36.578,0.0,36.273,long_nclose,0.0,0.0,115.0
1636470060000.0,42426,1636470060000.0,0.0,-0.007969720000000001,1030.5147552000012,1030.4861552000011,1.1,36.226,1.1,36.226,long_ientry_normal,39.848600000000005,0.038668636037400776,4.0
1636516980000.0,43208,1636516980000.0,0.0,-0.008477759999999999,1030.5062774400012,1029.5738774400013,1.2,35.324,2.3,35.755391304347825,long_rentry,82.2374,0.07980291027852382,782.0
1636536720000.0,43537,1636536720000.0,0.21112608695652424,-0.00504798,1030.7123555469577,1031.2077294600012,-0.7,36.057,1.6,35.755391304347825,long_nclose,57.20862608695652,0.0555039684729482,329.0
1636537020000.0,43542,1636537020000.0,0.15080434782608876,-0.0036057000000000003,1030.8595541947839,1031.1781237600012,-0.5,36.057,1.1,35.755391304347825,long_nclose,39.33093043478261,0.03815352952275293,5.0
1636537140000.0,43544,1636537140000.0,0.09048260869565325,-0.00216342,1030.9478733834796,1031.2275603400014,-0.3,36.057,0.8,35.755391304347825,long_nclose,28.60431304347826,0.027745644355035563,2.0
1636537500000.0,43550,1636537500000.0,0.06032173913043551,-0.0014422800000000002,1031.00675284261,1031.1865180600014,-0.2,36.057,0.6,35.755391304347825,long_nclose,21.453234782608693,0.020808044877940454,6.0
1636537800000.0,43555,1636537800000.0,0.06032173913043551,-0.0014422800000000002,1031.0656323017404,1031.1914757800012,-0.2,36.057,0.4,35.755391304347825,long_nclose,14.30215652173913,0.013871237750220752,5.0
1636538880000.0,43573,1636538880000.0,0.030160869565217754,-0.0007211400000000001,1031.0950720313056,1031.186454640001,-0.1,36.057,0.3,35.755391304347825,long_nclose,10.726617391304346,0.010403131274958387,18.0
1636539180000.0,43578,1636539180000.0,0.030160869565217754,-0.0007211400000000001,1031.1245117608707,1031.1874335000011,-0.1,36.057,0.2,35.755391304347825,long_nclose,7.151078260869565,0.00693522283614181,5.0
1636544280000.0,43663,1636544280000.0,0.030160869565217754,-0.0007211400000000001,1031.153951490436,1031.1874123600012,-0.1,36.057,0.1,35.755391304347825,long_nclose,3.5755391304347826,0.00346751241680903,85.0
1636545240000.0,43679,1636545240000.0,0.030160869565217754,-0.0007211400000000001,1031.183391220001,1031.183391220001,-0.1,36.057,0.0,35.755391304347825,long_nclose,0.0,0.0,16.0
1636573200000.0,44145,1636573200000.0,0.0,-0.00855,1031.174841220001,1031.1448412200011,1.2,35.625,1.2,35.625,long_ientry_normal,42.75,0.041457566933481155,466.0
1636574220000.0,44162,1636574220000.0,0.0,-0.00833328,1031.166507940001,1030.9181079400012,1.2,34.722,2.4,35.173500000000004,long_rentry,84.41640000000001,0.0818649552230335,17.0
1636574400000.0,44165,1636574400000.0,0.0,-0.008171999999999999,1031.158335940001,1027.9759359400011,1.2,34.05,3.6,34.799,long_rentry,125.2764,0.12149094434250815,3.0
1636574460000.0,44166,1636574460000.0,0.0,-0.01204668,1031.1462892600011,1024.052489260001,1.8,33.463,5.4,34.35366666666667,long_rentry,185.5098,0.1799063837325454,1.0
1636574460000.0,44166,1636574460000.0,0.0,-0.01700764,1031.1292816200012,1024.901281620001,2.6,32.707,8.0,33.8185,long_rentry,270.548,0.26238029005920926,0.0
1636574820000.0,44172,1636574820000.0,0.7397000000000035,-0.017733560000000002,1031.8512480600014,1033.3443480600013,-2.6,34.103,5.4,33.8185,long_nclose,182.6199,0.176982777646823,6.0
1636574880000.0,44173,1636574880000.0,0.5121000000000023,-0.012277080000000001,1032.3510709800012,1033.4544709800011,-1.8,34.103,3.6,33.8185,long_nclose,121.7466,0.11793139313007842,1.0
1636575480000.0,44183,1636575480000.0,0.34140000000000154,-0.008184720000000001,1032.6842862600013,1033.0238862600013,-1.2,34.103,2.4,33.8185,long_nclose,81.1644,0.07859556021128906,10.0
1636575660000.0,44186,1636575660000.0,0.22760000000000105,-0.0054564800000000005,1032.9064297800012,1033.444829780001,-0.8,34.103,1.6,33.8185,long_nclose,54.1096,0.05238577129539682,3.0
1636576380000.0,44198,1636576380000.0,0.14225000000000065,-0.0034103000000000002,1033.0452694800013,1033.3549194800012,-0.5,34.103,1.1,33.8185,long_nclose,37.20035,0.036010377375548464,12.0
1636576440000.0,44199,1636576440000.0,0.08535000000000038,-0.0020461800000000003,1033.1285733000013,1033.3457733000014,-0.3,34.103,0.8,33.8185,long_nclose,27.0548,0.026187253647996615,1.0
1636576500000.0,44200,1636576500000.0,0.0,-0.002727200000000001,1033.1258461000014,1033.2710461000013,0.4,34.09,1.2,33.909000000000006,long_ientry_partial,40.6908,0.03938610204517266,1.0
1636577400000.0,44215,1636577400000.0,0.0,-0.007934640000000001,1033.1179114600013,1031.2579114600014,1.2,33.061,2.4,33.485,long_rentry,80.36399999999999,0.07778782954835199,15.0
1636577400000.0,44215,1636577400000.0,0.0,-0.008433880000000001,1033.1094775800013,1031.6030775800014,1.3,32.438,3.7,33.117135135135136,long_rentry,122.53340000000001,0.11860640392829166,0.0
1636577880000.0,44223,1636577880000.0,0.3346378378378375,-0.008015040000000001,1033.4361003778392,1033.6432625400014,-1.2,33.396,2.5,33.117135135135136,long_nclose,82.79283783783784,0.08011413362429237,8.0
1636578060000.0,44226,1636578060000.0,0.2230918918918917,-0.005343360000000001,1033.653848909731,1034.3132191800014,-0.8,33.396,1.7,33.117135135135136,long_nclose,56.29912972972973,0.05446613466308132,3.0
1636578720000.0,44237,1636578720000.0,0.1394324324324323,-0.0033396000000000003,1033.7899417421636,1034.1233795800015,-0.5,33.396,1.2,33.117135135135136,long_nclose,39.74056216216216,0.03844162199449394,11.0
1636578780000.0,44238,1636578780000.0,0.11154594594594586,-0.0026716800000000005,1033.8988160081094,1034.0771079000012,-0.4,33.396,0.8,33.117135135135136,long_nclose,26.49370810810811,0.02562504927745299,1.0
1636578840000.0,44239,1636578840000.0,0.0,-0.0026672000000000006,1033.8961488081095,1034.0564407000013,0.4,33.34,1.2,33.19142342342343,long_ientry_partial,39.829708108108115,0.038523896383620714,1.0
1636579200000.0,44245,1636579200000.0,0.0,-0.008415160000000001,1033.8877336481096,1029.6447255400014,1.3,32.366,2.5,32.76220324324325,long_rentry,81.90550810810812,0.07922089163308053,6.0
1636579200000.0,44245,1636579200000.0,0.0,-0.008249800000000002,1033.8794838481097,1028.7719757400016,1.3,31.73,3.8,32.409081081081084,long_rentry,123.15450810810812,0.11911882383982109,0.0
1636579200000.0,44245,1636579200000.0,0.0,-0.01184726,1033.8676365881097,1028.5473284800016,1.9,31.177,5.7,31.99838738738739,long_rentry,182.39080810810813,0.17641601463609038,0.0
1636579320000.0,44247,1636579320000.0,0.0,-0.017070480000000002,1033.8505661081097,1024.5923580000015,2.8,30.483,8.5,31.499200953895077,long_rentry,267.74320810810815,0.2589767001976089,2.0
1636579440000.0,44249,1636579440000.0,0.0,-0.02484972,1033.8257163881096,996.7989082800015,4.2,29.583,12.7,30.86549670142584,long_rentry,391.99180810810816,0.37916623846194797,2.0
1636579440000.0,44249,1636579440000.0,0.0,-0.035194920000000005,1033.7905214681095,994.0791133600013,6.2,28.383,18.9,30.05113270413271,long_rentry,567.9664081081081,0.5494018336534233,0.0
1636579620000.0,44252,1636579620000.0,1.5930639639639266,-0.03818304,1035.3454023920735,1039.3631303200013,-6.3,30.304,12.6,30.05113270413271,long_nclose,378.6442720720721,0.36571782826991667,3.0
1636579740000.0,44254,1636579740000.0,5.272263963963947,-0.03891888,1040.5787474760375,1045.8321114400014,-6.3,30.888,6.3,30.05113270413271,long_nclose,189.32213603603606,0.18193926840735883,2.0
1636579800000.0,44255,1636579800000.0,2.594288617188609,-0.019150560000000004,1043.153885533226,1045.5502608800014,-3.1,30.888,3.2,30.05113270413271,long_nclose,96.16362465322467,0.09218546370468532,1.0
1636579860000.0,44256,1636579860000.0,1.338987673387669,-0.009884160000000001,1044.4829890466137,1045.9211767200013,-1.6,30.888,1.6,30.05113270413271,long_nclose,48.08181232661234,0.04603407889916962,1.0
1636579980000.0,44258,1636579980000.0,2.2733876733876683,-0.010071040000000002,1046.7463056800013,1046.7463056800013,-1.6,31.472,0.0,30.05113270413271,long_nclose,0.0,0.0,2.0
1636580040000.0,44259,1636580040000.0,0.0,-0.0081939,1046.7381117800014,1046.9006117800013,1.3,31.515,1.3,31.515,long_ientry_normal,40.969500000000004,0.03914016270061139,1.0
1636580100000.0,44260,1636580100000.0,0.10600000000000023,-0.0025424,1046.8415693800014,1046.9990693800014,-0.4,31.78,0.9,31.515,long_nclose,28.363500000000002,0.027094357761125655,1.0
1636580160000.0,44261,1636580160000.0,0.07950000000000017,-0.0019068000000000002,1046.9191625800015,1047.0301625800016,-0.3,31.78,0.6,31.515,long_nclose,18.909,0.018061566428301045,1.0
1636580220000.0,44262,1636580220000.0,0.0,-0.004438,1046.9147245800016,1047.0582245800015,0.7,31.7,1.3,31.614615384615384,long_ientry_partial,41.099,0.03925725661800008,1.0
1636580280000.0,44263,1636580280000.0,0.10655384615384662,-0.0025504800000000004,1047.0187279461554,1047.4330741000015,-0.4,31.881,0.9,31.614615384615384,long_nclose,28.453153846153846,0.027175401057025882,1.0
1636580340000.0,44264,1636580340000.0,0.0,-0.0025660000000000006,1047.0161619461555,1047.1445081000018,0.4,32.075,1.3,31.756272189349115,long_ientry_partial,41.28315384615385,0.039429337718548896,1.0
1636580460000.0,44266,1636580460000.0,0.10709112426035433,-0.0025619200000000005,1047.1206911504157,1047.2365461800016,-0.4,32.024,0.9,31.756272189349115,long_nclose,28.580644970414205,0.027294508848845468,2.0
1636580520000.0,44267,1636580520000.0,0.0,-0.0025508,1047.1181403504156,1047.0454953800015,0.4,31.885,1.3,31.795880746472466,long_ientry_partial,41.33464497041421,0.039474671842263824,1.0
1636581360000.0,44281,1636581360000.0,0.0,-0.00868,1047.1094603504157,1046.1558153800015,1.4,31.0,2.7,31.38320184089415,long_rentry,84.73464497041421,0.08092243282957039,14.0
1636581960000.0,44291,1636581960000.0,0.23831834319526593,-0.00569664,1047.342082053611,1047.9033187400014,-0.9,31.648,1.8,31.38320184089415,long_nclose,56.489763313609465,0.05393630627621233,10.0
1636585020000.0,44342,1636585020000.0,0.7864183431952644,-0.00580626,1048.122694136806,1048.9208124800014,-0.9,32.257,0.9,31.38320184089415,long_nclose,28.244881656804733,0.02694806802181317,51.0
1636585080000.0,44343,1636585080000.0,0.0,-0.0025816000000000003,1048.1201125368061,1048.8987308800013,0.4,32.27,1.3,31.65606281292672,long_ientry_partial,41.15288165680474,0.03926351680934813,1.0
1636585560000.0,44351,1636585560000.0,0.10677487482931128,-0.00255384,1048.2243335716355,1048.4978770400014,-0.4,31.923,0.9,31.65606281292672,long_nclose,28.49045653163405,0.02717973206609119,8.0
1636585620000.0,44352,1636585620000.0,0.0,-0.0025568,1048.2217767716354,1048.4433202400014,0.4,31.96,1.3,31.749581947410803,long_ientry_partial,41.274456531634044,0.03937569076150386,1.0
1636585740000.0,44354,1636585740000.0,0.10696722103567993,-0.002561360000000001,1048.326182632671,1048.6010588800011,-0.4,32.017,0.9,31.749581947410803,long_nclose,28.574623752669723,0.027257378691916304,2.0
1636585800000.0,44355,1636585800000.0,0.0,-0.0025644,1048.323618232671,1048.4879944800011,0.4,32.055,1.3,31.84355673282286,long_ientry_partial,41.39662375266972,0.039488401322540764,1.0
1636591680000.0,44453,1636591680000.0,0.10737730687085617,-0.0025689600000000003,1048.4284265795418,1048.6772255200012,-0.4,32.112,0.9,31.84355673282286,long_nclose,28.659201059540575,0.027335391079618222,98.0
1636591740000.0,44454,1636591740000.0,0.0,-0.0025696,1048.4258569795418,1048.6876559200011,0.4,32.12,1.3,31.928616199646598,long_ientry_partial,41.50720105954058,0.03959002039411788,1.0
1636591860000.0,44456,1636591860000.0,0.10775352014136104,-0.0025758400000000002,1048.5310346596832,1048.8112800800013,-0.4,32.198,0.9,31.928616199646598,long_nclose,28.735754579681938,0.02740572632550506,2.0
1636591920000.0,44457,1636591920000.0,0.0,-0.0025792,1048.5284554596833,1048.8932008800014,0.4,32.239999999999995,1.3,32.02442659975533,long_ientry_partial,41.63175457968193,0.03970493539102879,1.0
1636593780000.0,44488,1636593780000.0,0.10782936009786681,-0.00258352,1048.6337012997813,1048.9132173600015,-0.4,32.294,0.9,32.02442659975533,long_nclose,28.8219839397798,0.027485273364812667,31.0
1636593840000.0,44489,1636593840000.0,0.0,-0.0025868,1048.6311144997812,1048.8846305600014,0.4,32.335,1.3,32.11998764598446,long_ientry_partial,41.755983939779796,0.03981951647476936,1.0
1636595580000.0,44518,1636595580000.0,0.10840494160621575,-0.00259128,1048.7369281613876,1049.0024392800017,-0.4,32.391,0.9,32.11998764598446,long_nclose,28.907988881386014,0.02756457611544831,29.0
1636596000000.0,44525,1636596000000.0,0.0,-0.00258688,1048.7343412813875,1048.9014524000015,0.4,32.336,1.3,32.18645298568155,long_ientry_partial,41.842388881386015,0.03989798677733889,7.0
1636600740000.0,44604,1636600740000.0,0.10861880572738017,-0.0025966400000000003,1048.840363447115,1049.1000557600014,-0.4,32.458,0.9,32.18645298568155,long_nclose,28.967807687113392,0.027618891012077283,79.0
1636601520000.0,44617,1636601520000.0,0.08146410429553512,-0.00194748,1048.9198800714105,1049.1230082800016,-0.3,32.458,0.6,32.18645298568155,long_nclose,19.31187179140893,0.018411198184263775,13.0
1636608120000.0,44727,1636608120000.0,0.26896410429553513,-0.00198498,1049.186859195706,1049.4549233000014,-0.3,33.083,0.3,32.18645298568155,long_nclose,9.655935895704465,0.009203256608748026,110.0
1636608180000.0,44728,1636608180000.0,0.08965470143184505,-0.00066166,1049.2758522371375,1049.4535616400012,-0.1,33.083,0.2,32.18645298568155,long_nclose,6.43729059713631,0.006134984030568803,1.0
1636608240000.0,44729,1636608240000.0,0.08965470143184505,-0.00066166,1049.3648452785692,1049.457699980001,-0.1,33.083,0.1,32.18645298568155,long_nclose,3.218645298568155,0.0030672318717840396,1.0
1636608480000.0,44733,1636608480000.0,0.08965470143184505,-0.00066166,1049.4538383200008,1049.4538383200008,-0.1,33.083,0.0,32.18645298568155,long_nclose,0.0,0.0,4.0
1636639920000.0,45257,1636639920000.0,0.0,-0.008521500000000001,1049.445316820001,1049.445316820001,1.3,32.775,1.3,32.775,long_ientry_normal,42.6075,0.040600019188334675,524.0
1636641180000.0,45278,1636641180000.0,0.11040000000000134,-0.0026440800000000005,1049.553072740001,1049.832072740001,-0.4,33.051,0.9,32.775,long_nclose,29.4975,0.028104819819156704,21.0
1636645020000.0,45342,1636645020000.0,0.082800000000001,-0.00198306,1049.633889680001,1049.843889680001,-0.3,33.051,0.6,32.775,long_nclose,19.665,0.01873510391894379,64.0
1636656120000.0,45527,1636656120000.0,0.05520000000000067,-0.0013220400000000002,1049.6877676400009,1049.8077676400007,-0.2,33.051,0.4,32.775,long_nclose,13.11,0.01248942819394289,185.0
1636656300000.0,45530,1636656300000.0,0.027600000000000336,-0.0006610200000000001,1049.7147066200007,1049.8107066200007,-0.1,33.051,0.3,32.775,long_nclose,9.8325,0.009366830756958603,3.0
1636663080000.0,45643,1636663080000.0,0.027600000000000336,-0.0006610200000000001,1049.7416456000005,1049.7966456000006,-0.1,33.051,0.2,32.775,long_nclose,6.555,0.006244393587198648,113.0
1636663140000.0,45644,1636663140000.0,0.027600000000000336,-0.0006610200000000001,1049.7685845800004,1049.7960845800003,-0.1,33.051,0.1,32.775,long_nclose,3.2775,0.003122116672324775,1.0
1636663560000.0,45651,1636663560000.0,0.027600000000000336,-0.0006610200000000001,1049.7955235600002,1049.7955235600002,-0.1,33.051,0.0,32.775,long_nclose,0.0,0.0,7.0
1636678020000.0,45892,1636678020000.0,0.0,-0.008471840000000001,1049.7870517200001,1049.7948517200002,1.3,32.584,1.3,32.584,long_ientry_normal,42.35920000000001,0.04035027859278462,241.0
1636683180000.0,45978,1636683180000.0,0.10959999999999753,-0.0026286400000000002,1049.8940230800001,1050.16042308,-0.4,32.858,0.9,32.584,long_nclose,29.325600000000005,0.027931962041244467,86.0
1636683720000.0,45987,1636683720000.0,0.08219999999999814,-0.00197148,1049.9742516000001,1050.1578516000002,-0.3,32.858,0.6,32.584,long_nclose,19.5504,0.018619885173572763,9.0
1636683840000.0,45989,1636683840000.0,0.054799999999998766,-0.0013143200000000001,1050.02773728,1050.16013728,-0.2,32.858,0.4,32.584,long_nclose,13.033600000000002,0.012412624483389685,2.0
1636689180000.0,46078,1636689180000.0,0.027399999999999383,-0.0006571600000000001,1050.05448012,1050.13878012,-0.1,32.858,0.3,32.584,long_nclose,9.7752,0.009309231268536554,89.0
1636689420000.0,46082,1636689420000.0,0.027399999999999383,-0.0006571600000000001,1050.08122296,1050.1334229600002,-0.1,32.858,0.2,32.584,long_nclose,6.516800000000001,0.006205996124404788,4.0
1636689540000.0,46084,1636689540000.0,0.027399999999999383,-0.0006571600000000001,1050.1079658,1050.1345658,-0.1,32.858,0.1,32.584,long_nclose,3.2584000000000004,0.003102919038917741,2.0
1636689600000.0,46085,1636689600000.0,0.027399999999999383,-0.0006571600000000001,1050.13470864,1050.13470864,-0.1,32.858,0.0,32.584,long_nclose,0.0,0.0,1.0
1636700880000.0,46273,1636700880000.0,0.0,-0.00836602,1050.12634262,1050.0262426200002,1.3,32.177,1.3,32.177,long_ientry_normal,41.8301,0.03983339747066672,188.0
1636704960000.0,46341,1636704960000.0,0.10840000000000033,-0.0025958400000000003,1050.2321467800002,1050.5228467800002,-0.4,32.448,0.9,32.177,long_nclose,28.9593,0.027574189276903093,68.0
1636705260000.0,46346,1636705260000.0,0.08130000000000023,-0.00194688,1050.3114999000002,1050.5022999000003,-0.3,32.448,0.6,32.177,long_nclose,19.3062,0.018381403994755973,5.0
1636705680000.0,46353,1636705680000.0,0.054200000000000165,-0.0012979200000000001,1050.3644019800001,1050.4736019800002,-0.2,32.448,0.4,32.177,long_nclose,12.870800000000001,0.012253652137998745,7.0
1636705800000.0,46355,1636705800000.0,0.027100000000000082,-0.0006489600000000001,1050.3908530200001,1050.48625302,-0.1,32.448,0.3,32.177,long_nclose,9.6531,0.009190007674044548,2.0
1636709400000.0,46415,1636709400000.0,0.0,-0.0064048,1050.3844482200002,1050.1383482200001,1.0,32.024,1.3,32.05930769230769,long_ientry_partial,41.6771,0.03967794846032493,60.0
1636711620000.0,46452,1636711620000.0,0.0,-0.008126560000000001,1050.3763216600003,1049.3554216600003,1.3,31.256,2.6,31.657653846153845,long_rentry,82.3099,0.07836229578168571,37.0
1636713300000.0,46480,1636713300000.0,0.21307692307692322,-0.005107840000000001,1050.5842907430772,1051.0385138200002,-0.8,31.924,1.8,31.657653846153845,long_nclose,56.983776923076924,0.054240080900859806,28.0
1636715640000.0,46519,1636715640000.0,0.1598076923076924,-0.00383088,1050.740267555385,1051.0790829400003,-0.6,31.924,1.2,31.657653846153845,long_nclose,37.989184615384616,0.03615468616594366,39.0
1636716480000.0,46533,1636716480000.0,0.10653846153846161,-0.0025539200000000003,1050.8442520969234,1051.0701290200002,-0.4,31.924,0.8,31.657653846153845,long_nclose,25.32612307692308,0.02410073902615509,14.0
1636717140000.0,46544,1636717140000.0,0.053269230769230805,-0.0012769600000000002,1050.8962443676926,1051.0836520600003,-0.2,31.924,0.6,31.657653846153845,long_nclose,18.994592307692308,0.018074659995688774,11.0
1636717500000.0,46550,1636717500000.0,0.0,-0.00443114,1050.8918132276926,1050.8150209200003,0.7,31.651,1.3,31.654071005917157,long_ientry_partial,41.150292307692304,0.03915749631858292,6.0
1636718940000.0,46574,1636718940000.0,0.10677159763313711,-0.00255368,1050.9960311453258,1051.2398672400004,-0.4,31.921,0.9,31.654071005917157,long_nclose,28.488663905325442,0.02710634775117071,24.0
1636719240000.0,46579,1636719240000.0,0.08007869822485282,-0.00191526,1051.0741945835507,1051.2457519800005,-0.3,31.921,0.6,31.654071005917157,long_nclose,18.992442603550295,0.018069554653156857,5.0
1636720680000.0,46603,1636720680000.0,0.053385798816568554,-0.00127684,1051.1263035423674,1051.2346751400005,-0.2,31.921,0.4,31.654071005917157,long_nclose,12.661628402366864,0.012045772577183457,24.0
1636720920000.0,46607,1636720920000.0,0.026692899408284277,-0.00063842,1051.1523580217756,1051.2441367200004,-0.1,31.921,0.3,31.654071005917157,long_nclose,9.496221301775147,0.00903410550269481,4.0
1636721340000.0,46614,1636721340000.0,0.026692899408284277,-0.00063842,1051.1784125011839,1051.2315983000003,-0.1,31.921,0.2,31.654071005917157,long_nclose,6.330814201183432,0.006022587722401788,7.0
1636721400000.0,46615,1636721400000.0,0.026692899408284277,-0.00063842,1051.204466980592,1051.2375598800004,-0.1,31.921,0.1,31.654071005917157,long_nclose,3.165407100591716,0.0030112192252034612,1.0
1636722060000.0,46626,1636722060000.0,0.026692899408284277,-0.00063842,1051.2305214600003,1051.2305214600003,-0.1,31.921,0.0,31.654071005917157,long_nclose,0.0,0.0,11.0
1636730580000.0,46768,1636730580000.0,0.0,-0.00816946,1051.2223520000002,1051.4550520000003,1.3,31.421,1.3,31.421,long_ientry_normal,40.8473,0.0388569553551502,142.0
1636735380000.0,46848,1636735380000.0,0.0,-0.00857864,1051.2137733600002,1050.2822733600003,1.4,30.638,2.7,31.015,long_rentry,83.74050000000001,0.07966077131232766,80.0
1636736220000.0,46862,1636736220000.0,0.2348999999999993,-0.00562968,1051.44304368,1052.09104368,-0.9,31.276,1.8,31.015,long_nclose,55.827000000000005,0.053095600694268885,14.0
1636739880000.0,46923,1636739880000.0,0.7776000000000007,-0.0057382200000000005,1052.21490546,1053.02490546,-0.9,31.879,0.9,31.015,long_nclose,27.913500000000003,0.026528325967590218,61.0
1636743540000.0,46984,1636743540000.0,0.34560000000000035,-0.0025503200000000005,1052.55795514,1053.01295514,-0.4,31.879,0.5,31.015,long_nclose,15.5075,0.01473315547545062,61.0
1636745040000.0,47009,1636745040000.0,0.17280000000000018,-0.0012751600000000002,1052.7294799800002,1052.9904799800001,-0.2,31.879,0.3,31.015,long_nclose,9.304499999999999,0.008838452971010907,25.0
1636745460000.0,47016,1636745460000.0,0.08640000000000009,-0.0006375800000000001,1052.8152424,1052.9882424,-0.1,31.879,0.2,31.015,long_nclose,6.203,0.005891821993248908,7.0
1636771200000.0,47445,1636771200000.0,0.29339999999999977,-0.00129928,1053.10734312,1053.10734312,-0.2,32.482,0.0,31.015,long_nclose,0.0,0.0,429.0
1636908240000.0,49729,1636908240000.0,0.0,-0.00819156,1053.09915156,1053.0978515600002,1.3,31.506,1.3,31.506,long_ientry_normal,40.9578,0.038892634125977106,2284.0
1636933680000.0,50153,1636933680000.0,0.10600000000000023,-0.00254168,1053.2026098800002,1053.4627098800001,-0.4,31.771,0.9,31.506,long_nclose,28.3554,0.02692302481402962,424.0
1636934580000.0,50168,1636934580000.0,0.35120000000000007,-0.0025907200000000003,1053.5512191600003,1054.0232191600003,-0.4,32.384,0.5,31.506,long_nclose,15.753,0.014952286811988047,15.0
1636934760000.0,50171,1636934760000.0,0.745000000000001,-0.0032996,1054.2929195600002,1054.2929195600002,-0.5,32.996,0.0,31.506,long_nclose,0.0,0.0,3.0
1637000280000.0,51263,1637000280000.0,0.0,-0.008347560000000002,1054.2845720000003,1054.3352720000003,1.3,32.106,1.3,32.106,long_ientry_normal,41.73780000000001,0.03958874208016012,1092.0
1637010180000.0,51428,1637010180000.0,0.0,-0.00813852,1054.2764334800002,1053.40803348,1.3,31.302,2.6,31.704,long_rentry,82.4304,0.07818670453242539,165.0
1637021460000.0,51616,1637021460000.0,0.0,-0.0085988,1054.26783468,1051.00343468,1.4,30.71,4.0,31.3561,long_rentry,125.4244,0.1189682506419916,188.0
1637021520000.0,51617,1637021520000.0,0.0,-0.012066,1054.25576868,1047.1213686800002,2.0,30.165,6.0,30.959066666666665,long_rentry,185.75439999999998,0.17619481488119065,1.0
1637024700000.0,51670,1637024700000.0,0.0,-0.01710652,1054.23866216,1041.63016216,2.9,29.494,8.9,30.481685393258424,long_rentry,271.287,0.2573297771532754,53.0
1637057100000.0,52210,1637057100000.0,0.0,-0.025199680000000002,1054.21346248,1035.9115624800002,4.4,28.636,13.3,29.871082706766913,long_rentry,397.2854,0.3768547966228775,540.0
1637057580000.0,52218,1637057580000.0,0.0,-0.035724000000000006,1054.17773848,1022.8713384800001,6.5,27.48,19.8,29.08613131313131,long_rentry,575.9054,0.5463076851066763,8.0
1637060580000.0,52268,1637060580000.0,1.6161333333333436,-0.03871692,1055.7551548933334,1058.31422156,-6.6,29.331,13.2,29.08613131313131,long_nclose,383.9369333333333,0.36366096017037564,50.0
1637060640000.0,52269,1637060640000.0,1.0774222222222294,-0.02581128,1056.8067658355556,1059.39281028,-4.4,29.331,8.8,29.08613131313131,long_nclose,255.95795555555557,0.24219939144048205,1.0
1637063040000.0,52309,1637063040000.0,0.7101191919191965,-0.01701198,1057.4998730474747,1059.2041983,-2.9,29.331,5.9,29.08613131313131,long_nclose,171.60817474747475,0.1622772532850892,40.0
1637064480000.0,52333,1637064480000.0,0.465250505050508,-0.01114578,1057.9539777725251,1058.8494525199999,-1.9,29.331,4.0,29.08613131313131,long_nclose,116.34452525252524,0.10997125366217106,24.0
1637064540000.0,52334,1637064540000.0,0.318329292929295,-0.00762606,1058.2646810054546,1059.15262646,-1.3,29.331,2.7,29.08613131313131,long_nclose,78.53255454545454,0.07420880234880461,1.0
1637065380000.0,52348,1637065380000.0,0.22038181818181962,-0.00527958,1058.4797832436363,1058.93674688,-0.9,29.331,1.8,29.08613131313131,long_nclose,52.35503636363636,0.049462481185231576,14.0
1637065560000.0,52351,1637065560000.0,0.14692121212121306,-0.0035197199999999996,1058.6231847357576,1058.92782716,-0.6,29.331,1.2,29.08613131313131,long_nclose,34.903357575757575,0.032970520652700216,3.0
1637065920000.0,52357,1637065920000.0,0.0979474747474754,-0.00234648,1058.7187857305053,1058.9098806800002,-0.4,29.331,0.8,29.08613131313131,long_nclose,23.26890505050505,0.021978362303687417,6.0
1637066040000.0,52359,1637066040000.0,0.0489737373737377,-0.00117324,1058.7665862278789,1058.92490744,-0.2,29.331,0.6,29.08613131313131,long_nclose,17.451678787878787,0.016483027529282695,2.0
1637066580000.0,52368,1637066580000.0,0.0489737373737377,-0.00117324,1058.8143867252525,1058.9159342,-0.2,29.331,0.4,29.08613131313131,long_nclose,11.634452525252525,0.010988188931995975,9.0
1637070060000.0,52426,1637070060000.0,0.02448686868686885,-0.00058662,1058.8382869739394,1058.91444758,-0.1,29.331,0.3,29.08613131313131,long_nclose,8.725839393939394,0.008240955678772276,58.0
1637070540000.0,52434,1637070540000.0,0.02448686868686885,-0.00058662,1058.8621872226263,1058.91396096,-0.1,29.331,0.2,29.08613131313131,long_nclose,5.817226262626263,0.005493846444630086,8.0
1637070780000.0,52438,1637070780000.0,0.02448686868686885,-0.00058662,1058.8860874713132,1058.9129743400001,-0.1,29.331,0.1,29.08613131313131,long_nclose,2.9086131313131314,0.002746861221171659,4.0
1637076480000.0,52533,1637076480000.0,0.02448686868686885,-0.00058662,1058.9099877200001,1058.9099877200001,-0.1,29.331,0.0,29.08613131313131,long_nclose,0.0,0.0,95.0
1637088120000.0,52727,1637088120000.0,0.0,-0.0086364,1058.9013513200002,1058.8968513200002,1.5,28.788,1.5,28.788,long_ientry_normal,43.182,0.04078000273223789,194.0
1637089500000.0,52750,1637089500000.0,0.12149999999999928,-0.0029031,1059.0199482200003,1059.2619482200002,-0.5,29.031,1.0,28.788,long_nclose,28.788,0.027183623923597324,23.0
1637089560000.0,52751,1637089560000.0,0.07289999999999956,-0.0017418599999999998,1059.0911063600001,1059.28150636,-0.3,29.031,0.7,28.788,long_nclose,20.1516,0.01902725825850735,1.0
1637090340000.0,52764,1637090340000.0,0.04859999999999971,-0.0011612400000000002,1059.1385451200001,1059.29454512,-0.2,29.031,0.5,28.788,long_nclose,14.394,0.01359029002043275,13.0
1637092020000.0,52792,1637092020000.0,0.0,-0.0057428,1059.13280232,1059.02230232,1.0,28.714,1.5,28.738666666666663,long_ientry_partial,43.108,0.04070122264703081,28.0
1637095380000.0,52848,1637095380000.0,0.0,-0.0084042,1059.12439812,1058.08539812,1.5,28.014,3.0,28.37633333333333,long_rentry,85.12899999999999,0.08037677174759482,56.0
1637096700000.0,52870,1637096700000.0,0.23866666666666703,-0.005723,1059.3573417866667,1059.94467512,-1.0,28.615,2.0,28.37633333333333,long_nclose,56.75266666666666,0.05357273171954428,22.0
1637098260000.0,52896,1637098260000.0,0.14320000000000022,-0.0034337999999999994,1059.4971079866666,1059.92224132,-0.6,28.615,1.4,28.37633333333333,long_nclose,39.72686666666666,0.03749596517744021,26.0
1637106240000.0,53029,1637106240000.0,0.09546666666666681,-0.0022892,1059.5902854533333,1059.82395212,-0.4,28.615,1.0,28.37633333333333,long_nclose,28.37633333333333,0.026780477060709223,133.0
1637107140000.0,53044,1637107140000.0,0.0,-0.0028366,1059.5874488533334,1059.44811552,0.5,28.366,1.5,28.372888888888884,long_ientry_partial,42.55933333333333,0.040165947019653994,15.0
1637114580000.0,53168,1637114580000.0,0.0,-0.008298000000000002,1059.5791508533334,1058.43481752,1.5,27.66,3.0,28.016444444444442,long_rentry,84.04933333333332,0.07932331743753554,124.0
1637118780000.0,53238,1637118780000.0,0.0,-0.00868256,1059.5704682933335,1057.2053349600003,1.6,27.133,4.6,27.709159420289854,long_rentry,127.46213333333331,0.12029604179006474,70.0
1637134860000.0,53506,1637134860000.0,0.3507608695652209,-0.0083829,1059.9128462628987,1060.7369520600002,-1.5,27.943,3.1,27.709159420289854,long_nclose,85.89839420289854,0.08104288433314495,268.0
1637136000000.0,53525,1637136000000.0,0.23384057971014727,-0.005588600000000001,1060.141098242609,1060.6678634600003,-1.0,27.943,2.1,27.709159420289854,long_nclose,58.18923478260869,0.05488819825876831,19.0
1637136180000.0,53528,1637136180000.0,0.1636884057971031,-0.0039120199999999996,1060.300874628406,1060.6520514400004,-0.7,27.943,1.4,27.709159420289854,long_nclose,38.79282318840579,0.03658661811629756,3.0
1637136720000.0,53537,1637136720000.0,0.0935362318840589,-0.0022354400000000004,1060.3921754202902,1060.6680160000003,-0.4,27.943,1.0,27.709159420289854,long_nclose,27.709159420289854,0.026131048552208744,9.0
1637138160000.0,53561,1637138160000.0,0.07015217391304418,-0.00167658,1060.4606510142032,1060.6572394200002,-0.3,27.943,0.7,27.709159420289854,long_nclose,19.396411594202895,0.018290552860827564,24.0
1637145360000.0,53681,1637145360000.0,0.0,-0.00491436,1060.4557366542033,1060.2395250600005,0.9,27.302,1.6,27.48013224637681,long_ientry_partial,43.9682115942029,0.04146161888182627,120.0
1637145540000.0,53684,1637145540000.0,0.11593387681159406,-0.0027712,1060.5688993310148,1060.9427538600003,-0.5,27.712,1.1,27.48013224637681,long_nclose,30.228145471014496,0.02850182151304059,3.0
1637146380000.0,53698,1637146380000.0,0.3829338768115935,-0.0028246,1060.9490086078265,1061.4139292600005,-0.5,28.246,0.6,27.48013224637681,long_nclose,16.488079347826087,0.015540878226995741,14.0
1637147100000.0,53710,1637147100000.0,0.2297603260869561,-0.0016947599999999998,1061.1770741739135,1061.3975345000006,-0.3,28.246,0.3,27.48013224637681,long_nclose,8.244039673913043,0.007768769109840333,12.0
1637147220000.0,53712,1637147220000.0,0.07658677536231871,-0.0005649200000000001,1061.2530960292759,1061.4350695800006,-0.1,28.246,0.2,27.48013224637681,long_nclose,5.496026449275362,0.005178808400973323,2.0
1637150340000.0,53764,1637150340000.0,0.2599735507246379,-0.0011512,1061.5119183800005,1061.5119183800005,-0.2,28.78,0.0,27.48013224637681,long_nclose,0.0,0.0,52.0
1637220360000.0,54931,1637220360000.0,0.0,-0.0085263,1061.5033920800004,1061.4943920800004,1.5,28.421,1.5,28.421,long_ientry_normal,42.6315,0.040161435486762036,1167.0
1637222340000.0,54964,1637222340000.0,0.11950000000000038,-0.002866,1061.6200260800003,1061.9340260800004,-0.5,28.66,1.0,28.421,long_nclose,28.421,0.026771348789400365,33.0
1637225580000.0,55018,1637225580000.0,0.0,-0.0028343,1061.6171917800004,1061.5421917800004,0.5,28.343,1.5,28.395,long_ientry_partial,42.5925,0.040120393989273744,54.0
1637241540000.0,55284,1637241540000.0,0.0,-0.0083043,1061.6088874800005,1060.6398874800004,1.5,27.681,3.0,28.038,long_rentry,84.114,0.07923256953854826,266.0
1637248320000.0,55397,1637248320000.0,0.0,-0.008689600000000002,1061.6001978800005,1058.9971978800004,1.6,27.155,4.6,27.730869565217393,long_rentry,127.562,0.12016011324671885,113.0
1637249040000.0,55409,1637249040000.0,0.0,-0.01226912,1061.5879287600005,1057.0483287600005,2.3,26.672,6.9,27.37791304347826,long_rentry,188.9076,0.17794814247808527,12.0
1637253240000.0,55479,1637253240000.0,0.0,-0.01773032,1061.5701984400005,1052.5319984400005,3.4,26.074,10.3,26.947495145631066,long_rentry,277.5592,0.261460994673625,70.0
1637255520000.0,55517,1637255520000.0,0.0,-0.025297,1061.5449014400006,1047.7272014400005,5.0,25.297,15.3,26.408117647058823,long_rentry,404.0442,0.3806190387725553,38.0
1637257440000.0,55549,1637257440000.0,1.1367000000000025,-0.02716362,1062.6544378200006,1064.3566378200005,-5.1,26.631,10.2,26.408117647058823,long_nclose,269.3628,0.25348108511416806,32.0
1637263980000.0,55658,1637263980000.0,0.7578000000000017,-0.01810908,1063.3941287400007,1064.9369287400007,-3.4,26.631,6.8,26.408117647058823,long_nclose,179.5752,0.1688698434067676,109.0
1637264340000.0,55664,1637264340000.0,2.5019999999999953,-0.01845792,1065.8776708200007,1068.9440708200007,-3.4,27.144,3.4,26.408117647058823,long_nclose,89.7876,0.0842381846041719,6.0
1637265840000.0,55689,1637265840000.0,0.2451705882352947,-0.005858820000000001,1066.1169825882362,1066.6043120000008,-1.1,26.631,2.3,26.408117647058823,long_nclose,60.73867058823529,0.05697186291956315,25.0
1637265900000.0,55690,1637265900000.0,0.15601764705882387,-0.00372834,1066.269271895295,1066.688283660001,-0.7,26.631,1.6,26.408117647058823,long_nclose,42.25298823529412,0.039626939788098156,1.0
1637266260000.0,55696,1637266260000.0,0.11144117647058849,-0.0026631000000000003,1066.3780499717657,1066.655120560001,-0.5,26.631,1.1,26.408117647058823,long_nclose,29.048929411764707,0.027240742073164233,6.0
1637266740000.0,55704,1637266740000.0,0.06686470588235309,-0.00159786,1066.443316817648,1066.6488227000011,-0.3,26.631,0.8,26.408117647058823,long_nclose,21.12649411764706,0.01981023631025248,8.0
1637267760000.0,55721,1637267760000.0,0.0445764705882354,-0.00106524,1066.4868280482365,1066.613957460001,-0.2,26.631,0.6,26.408117647058823,long_nclose,15.844870588235294,0.014857071059408004,17.0
1637267820000.0,55722,1637267820000.0,0.0445764705882354,-0.00106524,1066.5303392788248,1066.6370922200013,-0.2,26.631,0.4,26.408117647058823,long_nclose,10.56324705882353,0.009904309957057829,1.0
1637272500000.0,55800,1637272500000.0,0.0222882352941177,-0.00053262,1066.552094894119,1066.6066596000012,-0.1,26.631,0.3,26.408117647058823,long_nclose,7.922435294117647,0.007428080946110879,78.0
1637272560000.0,55801,1637272560000.0,0.0222882352941177,-0.00053262,1066.573850509413,1066.6202269800012,-0.1,26.631,0.2,26.408117647058823,long_nclose,5.281623529411765,0.004951952953739842,1.0
1637272680000.0,55803,1637272680000.0,0.0222882352941177,-0.00053262,1066.595606124707,1066.6162943600011,-0.1,26.631,0.1,26.408117647058823,long_nclose,2.6408117647058824,0.0024759259737632154,2.0
1637272860000.0,55806,1637272860000.0,0.0222882352941177,-0.00053262,1066.6173617400011,1066.6173617400011,-0.1,26.631,0.0,26.408117647058823,long_nclose,0.0,0.0,3.0
1637273340000.0,55814,1637273340000.0,0.0,-0.008436480000000001,1066.6089252600011,1066.642525260001,1.6,26.364,1.6,26.364,long_ientry_normal,42.1824,0.03954814084245305,8.0
1637274720000.0,55837,1637274720000.0,0.11099999999999888,-0.0026586,1066.7172666600013,1066.9768666600014,-0.5,26.586,1.1,26.364,long_nclose,29.000400000000003,0.027186585336527985,23.0
1637275380000.0,55848,1637275380000.0,0.0,-0.0026318,1066.7146348600013,1066.6672348600014,0.5,26.318,1.6,26.349625000000003,long_ientry_partial,42.159400000000005,0.039522660158809134,11.0
1637277900000.0,55890,1637277900000.0,0.111187499999998,-0.0026572,1066.8231651600013,1067.1315776600013,-0.5,26.572,1.1,26.349625000000003,long_nclose,28.984587500000007,0.02716906460842826,42.0
1637278140000.0,55894,1637278140000.0,0.0667124999999988,-0.00159432,1066.8882833400012,1067.0965833400012,-0.3,26.572,0.8,26.349625000000003,long_nclose,21.079700000000003,0.019758113693036237,4.0
1637278740000.0,55904,1637278740000.0,0.0444749999999992,-0.00106288,1066.931695460001,1067.087920460001,-0.2,26.572,0.6,26.349625000000003,long_nclose,15.809775000000002,0.014817982320024447,10.0
1637279160000.0,55911,1637279160000.0,0.0,-0.0052462,1066.926449260001,1067.005674260001,1.0,26.231,1.6,26.275484374999998,long_ientry_partial,42.040775,0.03940362995889608,7.0
1637279340000.0,55914,1637279340000.0,0.11075781250000105,-0.0026497,1067.034557372501,1067.320024560001,-0.5,26.497,1.1,26.275484374999998,long_nclose,28.9030328125,0.027087250935594557,3.0
1637279760000.0,55921,1637279760000.0,0.06645468750000062,-0.00158982,1067.099422240001,1067.283034740001,-0.3,26.497,0.8,26.275484374999998,long_nclose,21.0203875,0.01969862138607016,7.0
1637280360000.0,55931,1637280360000.0,0.0,-0.004194880000000001,1067.0952273600012,1067.1004398600012,0.8,26.218,1.6,26.246742187499997,long_ientry_partial,41.9947875,0.03935430168111173,10.0
1637280600000.0,55935,1637280600000.0,0.11062890625000144,-0.0026468,1067.203209466251,1067.4597930600012,-0.5,26.468,1.1,26.246742187499997,long_nclose,28.87141640625,0.027053344808332887,4.0
1637282220000.0,55962,1637282220000.0,0.3656289062500022,-0.0026978,1067.5661405725011,1068.015095260001,-0.5,26.978,0.6,26.246742187499997,long_nclose,15.748045312499997,0.014751353301683801,27.0
1637282460000.0,55966,1637282460000.0,0.2193773437500013,-0.0016186800000000002,1067.783899236251,1068.020376580001,-0.3,26.978,0.3,26.246742187499997,long_nclose,7.874022656249998,0.007374172491158571,4.0
1637283060000.0,55976,1637283060000.0,0.07312578125000045,-0.0005395600000000001,1067.8564854575009,1068.0241370200008,-0.1,26.978,0.2,26.246742187499997,long_nclose,5.2493484375,0.004915780827281323,10.0
1637284440000.0,55999,1637284440000.0,0.07312578125000045,-0.0005395600000000001,1067.9290716787507,1068.0038974600006,-0.1,26.978,0.1,26.246742187499997,long_nclose,2.62467421875,0.0024577233529414974,23.0
1637287080000.0,56043,1637287080000.0,0.02212578125000029,-0.0005293600000000001,1067.9506681000007,1067.9506681000007,-0.1,26.468,0.0,26.246742187499997,long_nclose,0.0,0.0,44.0
1637289960000.0,56091,1637289960000.0,0.0,-0.008397120000000001,1067.9422709800008,1067.9646709800008,1.6,26.241,1.6,26.241,long_ientry_normal,41.985600000000005,0.03931448463171308,48.0
1637291520000.0,56117,1637291520000.0,0.11050000000000004,-0.0026462,1068.0501247800007,1068.2800247800008,-0.5,26.462,1.1,26.241,long_nclose,28.8651,0.027025978772246946,26.0
1637291580000.0,56118,1637291580000.0,0.06630000000000003,-0.00158772,1068.1148370600006,1068.3060370600006,-0.3,26.462,0.8,26.241,long_nclose,20.992800000000003,0.01965406646515926,1.0
1637293260000.0,56146,1637293260000.0,0.0,-0.00418448,1068.1106525800005,1068.0274525800005,0.8,26.153,1.6,26.197,long_ientry_partial,41.9152,0.03924237615152948,28.0
1637294340000.0,56164,1637294340000.0,0.11050000000000004,-0.0026418,1068.2185107800005,1068.4858107800005,-0.5,26.418,1.1,26.197,long_nclose,28.8167,0.026976409516587002,18.0
1637294520000.0,56167,1637294520000.0,0.06630000000000003,-0.00158508,1068.2832257000005,1068.5096257000005,-0.3,26.418,0.8,26.197,long_nclose,20.9576,0.019618018420412223,3.0
1637297820000.0,56222,1637297820000.0,0.2920000000000002,-0.0021541600000000004,1068.5730715400005,1068.8642715400003,-0.4,26.927,0.4,26.197,long_nclose,10.4788,0.00980634855873564,55.0
1637298120000.0,56227,1637298120000.0,0.1460000000000001,-0.0010770800000000002,1068.7179944600005,1068.8635944600005,-0.2,26.927,0.2,26.197,long_nclose,5.2394,0.004902509387097344,5.0
1637298180000.0,56228,1637298180000.0,0.07300000000000005,-0.0005385400000000001,1068.7904559200006,1068.8632559200005,-0.1,26.927,0.1,26.197,long_nclose,2.6197,0.002451088504289643,1.0
1637298240000.0,56229,1637298240000.0,0.07300000000000005,-0.0005385400000000001,1068.8629173800007,1068.8629173800007,-0.1,26.927,0.0,26.197,long_nclose,0.0,0.0,1.0
1637423040000.0,58309,1637423040000.0,0.0,-0.008403,1068.8545143800006,1068.9895143800006,1.5,28.01,1.5,28.01,long_ientry_normal,42.015,0.03930843668127389,2080.0
1637425620000.0,58352,1637425620000.0,0.11799999999999855,-0.0028246,1068.9696897800006,1069.1496897800007,-0.5,28.246,1.0,28.01,long_nclose,28.01,0.026202800947297766,43.0
1637425800000.0,58355,1637425800000.0,0.07079999999999913,-0.0016947599999999998,1069.0387950200006,1069.1997950200007,-0.3,28.246,0.7,28.01,long_nclose,19.607,0.018340774994637283,3.0
1637425860000.0,58356,1637425860000.0,0.04719999999999942,-0.0011298400000000002,1069.0848651800006,1069.2048651800005,-0.2,28.246,0.5,28.01,long_nclose,14.005,0.013099989024390496,1.0
1637425980000.0,58358,1637425980000.0,0.02359999999999971,-0.0005649200000000001,1069.1079002600006,1069.2219002600007,-0.1,28.246,0.4,28.01,long_nclose,11.204,0.0104797654168258,2.0
1637429100000.0,58410,1637429100000.0,0.02359999999999971,-0.0005649200000000001,1069.1309353400006,1069.1984353400007,-0.1,28.246,0.3,28.01,long_nclose,8.403,0.007859654717901987,52.0
1637429220000.0,58412,1637429220000.0,0.02359999999999971,-0.0005649200000000001,1069.1539704200006,1069.1969704200005,-0.1,28.246,0.2,28.01,long_nclose,5.602,0.005239656920321159,2.0
1637429340000.0,58414,1637429340000.0,0.02359999999999971,-0.0005649200000000001,1069.1770055000006,1069.2020055000007,-0.1,28.246,0.1,28.01,long_nclose,2.801,0.002619772016786044,2.0
1637430360000.0,58431,1637430360000.0,0.02359999999999971,-0.0005649200000000001,1069.2000405800006,1069.2000405800006,-0.1,28.246,0.0,28.01,long_nclose,0.0,0.0,17.0
1637556720000.0,60537,1637556720000.0,0.0,-0.0088266,1069.1912139800006,1069.2857139800005,1.5,29.422,1.5,29.422,long_ientry_normal,44.133,0.041276994631968156,2106.0
1637564640000.0,60669,1637564640000.0,0.12400000000000055,-0.0029670000000000005,1069.3122469800007,1069.5602469800008,-0.5,29.67,1.0,29.422,long_nclose,29.422,0.02751488172242946,132.0
1637564760000.0,60671,1637564760000.0,0.07440000000000033,-0.0017802,1069.3848667800007,1069.5689667800007,-0.3,29.67,0.7,29.422,long_nclose,20.595399999999998,0.019259109269064482,2.0
1637565060000.0,60676,1637565060000.0,0.04960000000000023,-0.0011868000000000002,1069.4332799800009,1069.5422799800008,-0.2,29.67,0.5,29.422,long_nclose,14.711,0.013755883864279131,5.0
1637565780000.0,60688,1637565780000.0,0.024800000000000114,-0.0005934000000000001,1069.4574865800007,1069.6026865800006,-0.1,29.67,0.4,29.422,long_nclose,11.7688,0.011004458005745735,12.0
1637566380000.0,60698,1637566380000.0,0.024800000000000114,-0.0005934000000000001,1069.4816931800005,1069.5515931800005,-0.1,29.67,0.3,29.422,long_nclose,8.8266,0.008253156698507813,10.0
1637566440000.0,60699,1637566440000.0,0.024800000000000114,-0.0005934000000000001,1069.5058997800004,1069.5564997800004,-0.1,29.67,0.2,29.422,long_nclose,5.8844,0.005501979934108296,1.0
1637567040000.0,60709,1637567040000.0,0.024800000000000114,-0.0005934000000000001,1069.5301063800002,1069.5604063800001,-0.1,29.67,0.1,29.422,long_nclose,2.9422,0.002750927704090872,10.0
1637569140000.0,60744,1637569140000.0,0.024800000000000114,-0.0005934000000000001,1069.55431298,1069.55431298,-0.1,29.67,0.0,29.422,long_nclose,0.0,0.0,35.0
1637646180000.0,62028,1637646180000.0,0.0,-0.00876596,1069.5455470200002,1069.47974702,1.4,31.307,1.4,31.307,long_ientry_normal,43.8298,0.04097983496085782,1284.0
1637657880000.0,62223,1637657880000.0,0.10560000000000117,-0.00252568,1069.6486213400003,1069.8216213400003,-0.4,31.571,1.0,31.307,long_nclose,31.307,0.029268490021312057,195.0
1637658240000.0,62229,1637658240000.0,0.07920000000000087,-0.00189426,1069.7259270800002,1069.9205270800003,-0.3,31.571,0.7,31.307,long_nclose,21.9149,0.020486462415490354,6.0
1637659980000.0,62258,1637659980000.0,0.0,-0.00435008,1069.7215770000003,1069.5052770000002,0.7,31.072,1.4,31.1895,long_ientry_partial,43.665299999999995,0.0408193131173982,29.0
1637660400000.0,62265,1637660400000.0,0.10500000000000115,-0.0025161600000000004,1069.8240608400004,1070.0245608400003,-0.4,31.452,1.0,31.1895,long_nclose,31.1895,0.029153859164011274,7.0
1637660460000.0,62266,1637660460000.0,0.07875000000000085,-0.0018871200000000002,1069.9009237200003,1070.1147737200004,-0.3,31.452,0.7,31.1895,long_nclose,21.832649999999997,0.020406235302694007,1.0
1637661300000.0,62280,1637661300000.0,0.052500000000000574,-0.0012580800000000002,1069.9521656400002,1070.0999156400003,-0.2,31.452,0.5,31.1895,long_nclose,15.59475,0.014575184294030452,14.0
1637661420000.0,62282,1637661420000.0,0.026250000000000287,-0.0006290400000000001,1069.9777866000002,1070.0839866000001,-0.1,31.452,0.4,31.1895,long_nclose,12.4758,0.011659868229268152,2.0
1637661540000.0,62284,1637661540000.0,0.026250000000000287,-0.0006290400000000001,1070.0034075600001,1070.0890575600001,-0.1,31.452,0.3,31.1895,long_nclose,9.35685,0.008744691777512229,2.0
1637662260000.0,62296,1637662260000.0,0.026250000000000287,-0.0006290400000000001,1070.02902852,1070.0831285200002,-0.1,31.452,0.2,31.1895,long_nclose,6.2379,0.005829654928733932,12.0
1637663040000.0,62309,1637663040000.0,0.0868500000000001,-0.00064116,1070.11523736,1070.19478736,-0.1,32.058,0.1,31.1895,long_nclose,3.11895,0.0029145926448954453,13.0
1637663100000.0,62310,1637663100000.0,0.0868500000000001,-0.00064116,1070.2014462,1070.2014462,-0.1,32.058,0.0,31.1895,long_nclose,0.0,0.0,1.0
1637665620000.0,62352,1637665620000.0,0.0,-0.00869344,1070.19275276,1070.1815527600002,1.4,31.048,1.4,31.048,long_ientry_normal,43.4672,0.04061623468099479,42.0
1637665920000.0,62357,1637665920000.0,0.10480000000000018,-0.0025048,1070.2950479600001,1070.56704796,-0.4,31.31,1.0,31.048,long_nclose,31.048,0.02900882336994644,5.0
1637666760000.0,62371,1637666760000.0,0.0,-0.0024816000000000005,1070.2925663600001,1070.3275663600002,0.4,31.02,1.4,31.040000000000003,long_ientry_partial,43.456,0.04060198245400434,14.0
1637669400000.0,62415,1637669400000.0,0.10439999999999827,-0.00250408,1070.39446228,1070.65946228,-0.4,31.301,1.0,31.040000000000003,long_nclose,31.040000000000003,0.028998655256383774,44.0
1637669820000.0,62422,1637669820000.0,0.0782999999999987,-0.00187806,1070.4708842199998,1070.6388842199997,-0.3,31.301,0.7,31.040000000000003,long_nclose,21.728,0.02029760951025972,7.0
1637670060000.0,62426,1637670060000.0,0.052199999999999136,-0.00125204,1070.5218321799998,1070.65183218,-0.2,31.301,0.5,31.040000000000003,long_nclose,15.520000000000001,0.014497602508857975,4.0
1637670180000.0,62428,1637670180000.0,0.026099999999999568,-0.00062602,1070.5473061599998,1070.6553061599998,-0.1,31.301,0.4,31.040000000000003,long_nclose,12.416000000000002,0.011597806027400676,2.0
1637670480000.0,62433,1637670480000.0,0.026099999999999568,-0.00062602,1070.5727801399998,1070.6582801399998,-0.1,31.301,0.3,31.040000000000003,long_nclose,9.312000000000001,0.008698147545636517,5.0
1637671140000.0,62444,1637671140000.0,0.026099999999999568,-0.00062602,1070.5982541199999,1070.63525412,-0.1,31.301,0.2,31.040000000000003,long_nclose,6.208000000000001,0.005798627053714742,11.0
1637671440000.0,62449,1637671440000.0,0.026099999999999568,-0.00062602,1070.6237280999999,1070.6552281,-0.1,31.301,0.1,31.040000000000003,long_nclose,3.1040000000000005,0.0028992445417855305,5.0
1637671620000.0,62452,1637671620000.0,0.026099999999999568,-0.00062602,1070.64920208,1070.64920208,-0.1,31.301,0.0,31.040000000000003,long_nclose,0.0,0.0,3.0
1637717340000.0,63214,1637717340000.0,0.0,-0.00882756,1070.6403745199998,1070.67257452,1.4,31.527,1.4,31.527,long_ientry_normal,44.1378,0.04122560763672704,762.0
1637721780000.0,63288,1637721780000.0,0.0,-0.00860412,1070.6317703999998,1069.4473703999997,1.4,30.729,2.8,31.128,long_rentry,87.1584,0.08140838186357637,74.0
1637734440000.0,63499,1637734440000.0,0.0,-0.00843808,1070.62333232,1068.40853232,1.4,30.136,4.2,30.79733333333333,long_rentry,129.34879999999998,0.1208163469777051,211.0
1637761920000.0,63957,1637761920000.0,0.0,-0.01243956,1070.6108927599998,1066.0482927599999,2.1,29.618,6.3,30.404222222222224,long_rentry,191.5466,0.1789133674011098,458.0
1637841420000.0,65282,1637841420000.0,0.5371333333333308,-0.012877200000000002,1071.135148893333,1072.2094155599998,-2.1,30.66,4.2,30.404222222222224,long_nclose,127.69773333333335,0.11921720005665679,1325.0
1637842680000.0,65303,1637842680000.0,0.3580888888888871,-0.0085848,1071.4846529822219,1072.2288307599997,-1.4,30.66,2.8,30.404222222222224,long_nclose,85.13182222222223,0.07945220865765842,21.0
1637842920000.0,65307,1637842920000.0,0.2301999999999989,-0.005518800000000001,1071.709334182222,1072.2523119599998,-0.9,30.66,1.9,30.404222222222224,long_nclose,57.76802222222222,0.05390269579605991,4.0
1637843040000.0,65309,1637843040000.0,0.15346666666666592,-0.0036792000000000005,1071.8591216488885,1072.2046327599996,-0.6,30.66,1.3,30.404222222222224,long_nclose,39.525488888888894,0.03687563793652759,2.0
1637843400000.0,65315,1637843400000.0,0.10231111111111063,-0.0024528,1071.9589799599996,1072.1621799599995,-0.4,30.66,0.9,30.404222222222224,long_nclose,27.3638,0.025526909622065098,6.0
1637843760000.0,65321,1637843760000.0,0.07673333333333296,-0.0018396000000000003,1072.033873693333,1072.1843403599996,-0.3,30.66,0.6,30.404222222222224,long_nclose,18.242533333333334,0.017016750851803597,6.0
1637843820000.0,65322,1637843820000.0,0.051155555555555315,-0.0012264,1072.0838028488886,1072.2181139599998,-0.2,30.66,0.4,30.404222222222224,long_nclose,12.16168888888889,0.011343972231061766,1.0
1637845860000.0,65356,1637845860000.0,0.025577777777777658,-0.0006132,1072.1087674266662,1072.1900007599995,-0.1,30.66,0.3,30.404222222222224,long_nclose,9.121266666666667,0.008507781060833993,34.0
1637846040000.0,65359,1637846040000.0,0.025577777777777658,-0.0006132,1072.1337320044438,1072.2018875599992,-0.1,30.66,0.2,30.404222222222224,long_nclose,6.080844444444445,0.0056717219717318254,3.0
1637847780000.0,65388,1637847780000.0,0.025577777777777658,-0.0006132,1072.1586965822214,1072.1837743599992,-0.1,30.66,0.1,30.404222222222224,long_nclose,3.0404222222222224,0.002835794954528972,29.0
1637847840000.0,65389,1637847840000.0,0.025577777777777658,-0.0006132,1072.183661159999,1072.183661159999,-0.1,30.66,0.0,30.404222222222224,long_nclose,0.0,0.0,1.0
1637873640000.0,65819,1637873640000.0,0.0,-0.00834848,1072.175312679999,1072.166912679999,1.4,29.816,1.4,29.816,long_ientry_normal,41.742399999999996,0.038932439038967516,430.0
1637885460000.0,66016,1637885460000.0,0.10040000000000049,-0.0024053600000000005,1072.273307319999,1072.5773073199991,-0.4,30.067,1.0,29.816,long_nclose,29.816,0.027806343584660356,197.0
1637886600000.0,66035,1637886600000.0,0.07530000000000037,-0.00180402,1072.346803299999,1072.535103299999,-0.3,30.067,0.7,29.816,long_nclose,20.871199999999998,0.01946310646497175,19.0
1637892360000.0,66131,1637892360000.0,0.0,-0.00470256,1072.342100739999,1072.1406007399992,0.8,29.391,1.5,29.58933333333333,long_ientry_partial,44.38399999999999,0.0413897766108144,96.0
1637903760000.0,66321,1637903760000.0,0.0,-0.008652,1072.333448739999,1071.239448739999,1.5,28.84,3.0,29.214666666666666,long_rentry,87.644,0.08173203969621805,190.0
1637912640000.0,66469,1637912640000.0,0.0,-0.0084846,1072.324964139999,1069.652964139999,1.5,28.282,4.5,28.903777777777776,long_rentry,130.067,0.12129438775522053,148.0
1637914020000.0,66492,1637914020000.0,0.0,-0.012229800000000002,1072.3127343399992,1068.0602343399992,2.2,27.795,6.7,28.53970149253731,long_rentry,191.21599999999998,0.17832111274673246,23.0
1637914620000.0,66502,1637914620000.0,0.0,-0.017938139999999998,1072.2947961999992,1064.938096199999,3.3,27.179,10.0,28.09067,long_rentry,280.9067,0.26196779187540387,10.0
1637914860000.0,66506,1637914860000.0,0.0,-0.02584064,1072.268955559999,1053.060555559999,4.9,26.368,14.9,27.52415436241611,long_rentry,410.10990000000004,0.3824692469864686,4.0
1637915220000.0,66512,1637915220000.0,0.0,-0.03693216,1072.232023399999,1046.2253233999988,7.3,25.296,22.2,26.791472972972976,long_rentry,594.7707,0.5547033543299791,6.0
1637936400000.0,66865,1637936400000.0,1.6688999999999758,-0.039985160000000006,1073.8609382399989,1078.723138239999,-7.4,27.017,14.8,26.791472972972976,long_nclose,396.51380000000006,0.36924129175409354,353.0
1637937600000.0,66885,1637937600000.0,5.524299999999982,-0.040756240000000006,1079.3444819999988,1084.9575819999989,-7.4,27.538,7.4,26.791472972972976,long_nclose,198.25690000000003,0.1836826919545045,20.0
1637937840000.0,66889,1637937840000.0,2.762149999999991,-0.020378120000000003,1082.0862538799988,1085.0593038799989,-3.7,27.538,3.7,26.791472972972976,long_nclose,99.12845000000002,0.091608639925476,4.0
1637939280000.0,66913,1637939280000.0,1.3437486486486443,-0.009913680000000001,1083.4200888486475,1084.8422901999988,-1.8,27.538,1.9,26.791472972972976,long_nclose,50.90379864864865,0.046984359227402,24.0
1637939400000.0,66915,1637939400000.0,0.6718743243243221,-0.0049568400000000006,1084.087006332972,1084.7405333599988,-0.9,27.538,1.0,26.791472972972976,long_nclose,26.791472972972976,0.024713397371671945,2.0
1637939640000.0,66919,1637939640000.0,0.3732635135135123,-0.0027538000000000003,1084.4575160464856,1084.834279559999,-0.5,27.538,0.5,26.791472972972976,long_nclose,13.395736486486488,0.012352476965001066,4.0
1637940060000.0,66926,1637940060000.0,0.1493054054054049,-0.0011015200000000001,1084.605719931891,1084.828778039999,-0.2,27.538,0.3,26.791472972972976,long_nclose,8.037441891891893,0.007410473450570235,7.0
1637940120000.0,66927,1637940120000.0,0.07465270270270245,-0.0005507600000000001,1084.6798218745937,1084.8475272799992,-0.1,27.538,0.2,26.791472972972976,long_nclose,5.358294594594596,0.004939978126756468,1.0
1637940300000.0,66930,1637940300000.0,0.07465270270270245,-0.0005507600000000001,1084.7539238172965,1084.8277765199991,-0.1,27.538,0.1,26.791472972972976,long_nclose,2.679147297297298,0.0024698203329555717,3.0
1637944080000.0,66993,1637944080000.0,0.022552702702702376,-0.00054034,1084.7759361799992,1084.7759361799992,-0.1,27.017,0.0,26.791472972972976,long_nclose,0.0,0.0,63.0
1637969520000.0,67417,1637969520000.0,0.0,-0.008596480000000002,1084.7673396999992,1084.8089396999992,1.6,26.864,1.6,26.864,long_ientry_normal,42.982400000000005,0.03962361183540714,424.0
1637969760000.0,67421,1637969760000.0,0.11299999999999955,-0.002709,1084.8776306999991,1085.1372306999992,-0.5,27.09,1.1,26.864,long_nclose,29.550400000000003,0.02723846373432283,4.0
1637970000000.0,67425,1637970000000.0,0.06779999999999972,-0.0016254,1084.9438052999992,1085.132605299999,-0.3,27.09,0.8,26.864,long_nclose,21.491200000000003,0.01980858353678276,4.0
1637971140000.0,67444,1637971140000.0,0.045199999999999824,-0.0010836,1084.9879216999993,1085.1265216999993,-0.2,27.09,0.6,26.864,long_nclose,16.1184,0.01485583357899975,19.0
1637971860000.0,67456,1637971860000.0,0.22439999999999927,-0.00165672,1085.2106649799994,1085.4824649799993,-0.3,27.612,0.3,26.864,long_nclose,8.0592,0.00742639218363057,12.0
1637972580000.0,67468,1637972580000.0,0.07479999999999976,-0.0005522400000000001,1085.2849127399995,1085.4441127399996,-0.1,27.612,0.2,26.864,long_nclose,5.372800000000001,0.004950589413829948,12.0
1637974260000.0,67496,1637974260000.0,0.07479999999999976,-0.0005522400000000001,1085.3591604999997,1085.4307604999997,-0.1,27.612,0.1,26.864,long_nclose,2.6864000000000003,0.0024751253757902946,28.0
1637974380000.0,67498,1637974380000.0,0.07479999999999976,-0.0005522400000000001,1085.4334082599999,1085.4334082599999,-0.1,27.612,0.0,26.864,long_nclose,0.0,0.0,2.0
1638045660000.0,68686,1638045660000.0,0.0,-0.008651200000000001,1085.4247570599998,1085.4007570599997,1.6,27.035,1.6,27.035,long_ientry_normal,43.256,0.03985167992405475,1188.0
1638060060000.0,68926,1638060060000.0,0.0,-0.00843424,1085.4163228199998,1084.1491228199998,1.6,26.357,3.2,26.695999999999998,long_rentry,85.4272,0.07870454700557035,240.0
1638064200000.0,68995,1638064200000.0,0.0,-0.00879138,1085.4075314399997,1082.6394314399997,1.7,25.857,4.9,26.404918367346937,long_rentry,129.3841,0.11920324509665724,69.0
1638067020000.0,69042,1638067020000.0,0.0,-0.01219248,1085.3953389599997,1081.1258389599996,2.4,25.401,7.3,26.07486301369863,long_rentry,190.3465,0.17537066280603852,47.0
1638111840000.0,69789,1638111840000.0,0.5283287671232955,-0.012621600000000002,1085.9110461271227,1087.1367173599995,-2.4,26.295,4.9,26.07486301369863,long_nclose,127.76682876712329,0.11765865097587946,747.0
1638112500000.0,69800,1638112500000.0,0.35221917808219705,-0.0084144,1086.2548509052049,1087.1298029599993,-1.6,26.295,3.3,26.07486301369863,long_nclose,86.04704794520546,0.07921441996185351,11.0
1638114060000.0,69826,1638114060000.0,0.24215068493151046,-0.005784900000000002,1086.4912166901363,1087.0195180599994,-1.1,26.295,2.2,26.07486301369863,long_nclose,57.364698630136985,0.05279812459496137,26.0
1638114600000.0,69835,1638114600000.0,0.15409589041096117,-0.0036813000000000006,1086.6416312805472,1087.0393367599993,-0.7,26.295,1.5,26.07486301369863,long_nclose,39.11229452054794,0.03599373831688765,9.0
1638115440000.0,69849,1638115440000.0,0.11006849315068656,-0.0026295000000000003,1086.749070273698,1086.9342072599993,-0.5,26.295,1.0,26.07486301369863,long_nclose,26.07486301369863,0.023993453251477517,14.0
1638121020000.0,69942,1638121020000.0,0.0,-0.00358554,1086.745484733698,1086.2204217199994,0.7,25.611,1.7,25.88386059629331,long_ientry_partial,44.00256301369863,0.040490219312465096,93.0
1638123600000.0,69985,1638123600000.0,0.0,-0.00857888,1086.736905853698,1085.5879428399994,1.7,25.232,3.4,25.557930298146655,long_rentry,86.89696301369862,0.07996136189507226,43.0
1638124980000.0,70008,1638124980000.0,0.0,-0.008910000000000001,1086.727995853698,1085.6710328399995,1.8,24.75,5.2,25.278262118018965,long_rentry,131.44696301369862,0.12095663635723139,23.0
1638126420000.0,70032,1638126420000.0,0.36165439936775884,-0.00866694,1087.0809833130659,1087.9445658999996,-1.7,25.491,3.5,25.278262118018965,long_nclose,88.47391741306637,0.08138668486631688,24.0
1638127680000.0,70053,1638127680000.0,0.23401167017913807,-0.005608020000000001,1087.309386963245,1087.7575578799995,-1.1,25.491,2.4,25.278262118018965,long_nclose,60.667829083245515,0.05579628927207662,21.0
1638127740000.0,70054,1638127740000.0,0.1701903055848277,-0.00407856,1087.47549870883,1087.8462793199997,-0.8,25.491,1.6,25.278262118018965,long_nclose,40.445219388830346,0.037191844263940975,1.0
1638129660000.0,70086,1638129660000.0,0.5629903055848274,-0.00415712,1088.034331894415,1088.6157221999997,-0.8,25.982,0.8,25.278262118018965,long_nclose,20.222609694415173,0.01858637094585506,32.0
1638132780000.0,70138,1638132780000.0,0.9565903055848282,-0.00423584,1088.9866863599996,1088.9866863599996,-0.8,26.474,0.0,25.278262118018965,long_nclose,0.0,0.0,52.0
1638253020000.0,72142,1638253020000.0,0.0,-0.008676480000000002,1088.9780098799995,1088.8436098799996,1.6,27.114,1.6,27.114,long_ientry_normal,43.382400000000004,0.03983771904152642,2004.0
1638253800000.0,72155,1638253800000.0,0.11399999999999899,-0.0027342,1089.0892756799994,1089.3598756799995,-0.5,27.342,1.1,27.114,long_nclose,29.825400000000002,0.0273856337272055,13.0
1638254100000.0,72160,1638254100000.0,0.06839999999999939,-0.0016405199999999997,1089.1560351599996,1089.3528351599996,-0.3,27.342,0.8,27.114,long_nclose,21.691200000000002,0.019915603733319544,5.0
1638254280000.0,72163,1638254280000.0,0.0455999999999996,-0.00109368,1089.2005414799996,1089.3571414799997,-0.2,27.342,0.6,27.114,long_nclose,16.2684,0.014936092464565422,3.0
1638254640000.0,72169,1638254640000.0,0.0455999999999996,-0.00109368,1089.2450477999996,1089.3394477999996,-0.2,27.342,0.4,27.114,long_nclose,10.845600000000001,0.009956988119345025,6.0
1638256080000.0,72193,1638256080000.0,0.1509999999999998,-0.00111476,1089.3949330399996,1089.5471330399996,-0.2,27.869,0.2,27.114,long_nclose,5.4228000000000005,0.004977809089737055,24.0
1638256440000.0,72199,1638256440000.0,0.0754999999999999,-0.00055738,1089.4698756599996,1089.5519756599997,-0.1,27.869,0.1,27.114,long_nclose,2.7114000000000003,0.0024887333377230252,6.0
1638256980000.0,72208,1638256980000.0,0.1282,-0.0005679200000000001,1089.5975077399996,1089.5975077399996,-0.1,28.396,0.0,27.114,long_nclose,0.0,0.0,9.0
1638291360000.0,72781,1638291360000.0,0.0,-0.008851520000000002,1089.5886562199996,1089.5630562199997,1.6,27.661,1.6,27.661,long_ientry_normal,44.257600000000004,0.04061863139575851,573.0
1638293220000.0,72812,1638293220000.0,0.1164999999999985,-0.0027894,1089.7023668199997,1089.9487668199997,-0.5,27.894,1.1,27.661,long_nclose,30.427100000000003,0.027922395074531432,31.0
1638293280000.0,72813,1638293280000.0,0.06989999999999909,-0.0016736400000000001,1089.7705931799997,1089.9377931799997,-0.3,27.894,0.8,27.661,long_nclose,22.128800000000002,0.020305925062106114,1.0
1638293340000.0,72814,1638293340000.0,0.0465999999999994,-0.0011157600000000001,1089.8160774199996,1089.9564774199996,-0.2,27.894,0.6,27.661,long_nclose,16.5966,0.015228808185038278,1.0
1638293880000.0,72823,1638293880000.0,0.0465999999999994,-0.0011157600000000001,1089.8615616599996,1089.9511616599996,-0.2,27.894,0.4,27.661,long_nclose,11.064400000000001,0.010152115084366765,9.0
1638293940000.0,72824,1638293940000.0,0.0232999999999997,-0.0005578800000000001,1089.8843037799995,1089.9590037799994,-0.1,27.894,0.3,27.661,long_nclose,8.2983,0.007613927433599472,1.0
1638294180000.0,72828,1638294180000.0,0.0232999999999997,-0.0005578800000000001,1089.9070458999995,1089.9498458999994,-0.1,27.894,0.2,27.661,long_nclose,5.5322000000000005,0.005075845707036183,4.0
1638294240000.0,72829,1638294240000.0,0.0232999999999997,-0.0005578800000000001,1089.9297880199995,1089.9611880199996,-0.1,27.894,0.1,27.661,long_nclose,2.7661000000000002,0.0025378698980463537,1.0
1638296040000.0,72859,1638296040000.0,0.0232999999999997,-0.0005578800000000001,1089.9525301399995,1089.9525301399995,-0.1,27.894,0.0,27.661,long_nclose,0.0,0.0,30.0
1638316140000.0,73194,1638316140000.0,0.0,-0.008825920000000001,1089.9437042199995,1089.9661042199996,1.6,27.581,1.6,27.581,long_ientry_normal,44.1296,0.04048796266187035,335.0
1638318000000.0,73225,1638318000000.0,0.11599999999999966,-0.0027813,1090.0569229199996,1090.3968229199995,-0.5,27.813,1.1,27.581,long_nclose,30.339100000000002,0.027832583200085432,31.0
1638318840000.0,73239,1638318840000.0,0.06959999999999979,-0.00166878,1090.1248541399996,1090.3080541399995,-0.3,27.813,0.8,27.581,long_nclose,22.0648,0.020240617316634745,14.0
1638318900000.0,73240,1638318900000.0,0.046399999999999865,-0.00111252,1090.1701416199994,1090.3015416199994,-0.2,27.813,0.6,27.581,long_nclose,16.5486,0.015179832365807305,1.0
1638319200000.0,73245,1638319200000.0,0.046399999999999865,-0.00111252,1090.2154290999993,1090.3170290999992,-0.2,27.813,0.4,27.581,long_nclose,11.0324,0.01011946786435368,5.0
1638320280000.0,73263,1638320280000.0,0.023199999999999932,-0.00055626,1090.2380728399994,1090.3157728399995,-0.1,27.813,0.3,27.581,long_nclose,8.2743,0.007589443265768536,18.0
1638322860000.0,73306,1638322860000.0,0.0,-0.007134400000000001,1090.2309384399994,1090.1566384399994,1.3,27.44,1.6,27.4664375,long_ientry_partial,43.94630000000001,0.04030916611381652,43.0
1638330900000.0,73440,1638330900000.0,0.1157812499999995,-0.0027698,1090.3439498899995,1090.6118686399996,-0.5,27.698,1.1,27.4664375,long_nclose,30.213081250000005,0.02770967936589925,134.0
1638337500000.0,73550,1638337500000.0,0.0694687499999997,-0.0016618800000000001,1090.4117567599994,1090.5826067599994,-0.3,27.698,0.8,27.4664375,long_nclose,21.973150000000004,0.020151240908562868,110.0
1638337560000.0,73551,1638337560000.0,0.046312499999999805,-0.00110792,1090.4569613399995,1090.5910988399994,-0.2,27.698,0.6,27.4664375,long_nclose,16.4798625,0.015112804158495948,1.0
1638341160000.0,73611,1638341160000.0,0.046312499999999805,-0.00110792,1090.5021659199995,1090.5955909199995,-0.2,27.698,0.4,27.4664375,long_nclose,10.986575000000002,0.01007478512500817,60.0
1638341400000.0,73615,1638341400000.0,0.023156249999999903,-0.00055396,1090.5247682099996,1090.5948369599996,-0.1,27.698,0.3,27.4664375,long_nclose,8.23993125,0.007555932235748411,4.0
1638341820000.0,73622,1638341820000.0,0.023156249999999903,-0.00055396,1090.5473704999997,1090.5910829999998,-0.1,27.698,0.2,27.4664375,long_nclose,5.493287500000001,0.005037183756154866,7.0
1638341940000.0,73624,1638341940000.0,0.023156249999999903,-0.00055396,1090.5699727899998,1090.5943290399998,-0.1,27.698,0.1,27.4664375,long_nclose,2.7466437500000005,0.0025185396797357948,2.0
1638342540000.0,73634,1638342540000.0,0.023156249999999903,-0.00055396,1090.59257508,1090.59257508,-0.1,27.698,0.0,27.4664375,long_nclose,0.0,0.0,10.0
1638385920000.0,74357,1638385920000.0,0.0,-0.008718720000000001,1090.58385636,1090.57425636,1.6,27.246,1.6,27.246,long_ientry_normal,43.5936,0.039972717132913275,723.0
1638392280000.0,74463,1638392280000.0,0.0,-0.008499840000000002,1090.57535652,1089.49055652,1.6,26.562,3.2,26.904,long_rentry,86.09280000000001,0.07894255035683191,106.0
1638414420000.0,74832,1638414420000.0,0.0,-0.00885972,1090.5664968,1087.9425968,1.7,26.058,4.9,26.610489795918365,long_rentry,130.3914,0.11956299811391748,369.0
1638475200000.0,75845,1638475200000.0,0.35921632653061697,-0.008587200000000001,1090.9171259265308,1091.6085096000002,-1.6,26.835,3.3,26.610489795918365,long_nclose,87.8146163265306,0.08049613874376428,1013.0
1638475560000.0,75851,1638475560000.0,0.24696122448979915,-0.005903700000000001,1091.1581834510205,1091.6631059000001,-1.1,26.835,2.2,26.610489795918365,long_nclose,58.54307755102041,0.053652237080663634,6.0
1638476040000.0,75859,1638476040000.0,0.15715714285714488,-0.0037568999999999996,1091.3115836938775,1091.700849,-0.7,26.835,1.5,26.610489795918365,long_nclose,39.915734693877546,0.03657592871759919,8.0
1638478200000.0,75895,1638478200000.0,0.5190571428571445,-0.00382928,1091.8268115567346,1092.4264197199998,-0.7,27.352,0.8,26.610489795918365,long_nclose,21.288391836734693,0.019497956646055935,36.0
1638478500000.0,75900,1638478500000.0,0.296604081632654,-0.00218816,1092.1212274783672,1092.4390315599999,-0.4,27.352,0.4,26.610489795918365,long_nclose,10.644195918367346,0.009746350176659474,5.0
1638479760000.0,75921,1638479760000.0,0.5034040816326538,-0.00222952,1092.62240204,1092.62240204,-0.4,27.869,0.0,26.610489795918365,long_nclose,0.0,0.0,21.0
1638562740000.0,77304,1638562740000.0,0.0,-0.008897400000000001,1092.61350464,1092.25650464,1.5,29.658,1.5,29.658,long_ientry_normal,44.487,0.040716135953909716,1383.0
1638562800000.0,77305,1638562800000.0,0.125,-0.0029908,1092.73551384,1092.93251384,-0.5,29.908,1.0,29.658,long_nclose,29.658,0.02714105986706548,1.0
1638562860000.0,77306,1638562860000.0,0.0,-0.0029657,1092.73254814,1093.43354814,0.5,29.657,1.5,29.657666666666664,long_ientry_partial,44.48649999999999,0.04071124272423559,1.0
1638562860000.0,77306,1638562860000.0,0.07510000000000118,-0.0017944800000000002,1092.8058536600001,1093.36665366,-0.3,29.908,1.2,29.657666666666664,long_nclose,35.5892,0.03256680944817917,0.0
1638562920000.0,77307,1638562920000.0,0.4958000000000027,-0.0036580800000000006,1093.2979955800001,1093.8303955800002,-0.6,30.484,0.6,29.657666666666664,long_nclose,17.7946,0.016276074841388394,1.0
1638563040000.0,77309,1638563040000.0,0.24790000000000134,-0.0018290400000000003,1093.5440665400001,1093.7922665400001,-0.3,30.484,0.3,29.657666666666664,long_nclose,8.8973,0.008136206187054969,2.0
1638563160000.0,77311,1638563160000.0,0.08263333333333378,-0.0006096800000000001,1093.6260901933335,1093.8315568600003,-0.1,30.484,0.2,29.657666666666664,long_nclose,5.931533333333333,0.005423730639312696,2.0
1638563280000.0,77313,1638563280000.0,0.08263333333333378,-0.0006096800000000001,1093.708113846667,1093.8063471800003,-0.1,30.484,0.1,29.657666666666664,long_nclose,2.9657666666666667,0.00271166194080412,2.0
1638563760000.0,77321,1638563760000.0,0.1402333333333335,-0.0006212,1093.8477259800002,1093.8477259800002,-0.1,31.06,0.0,29.657666666666664,long_nclose,0.0,0.0,8.0
1638587640000.0,77719,1638587640000.0,0.0,-0.00849268,1093.8392333000002,1093.8098333000003,1.4,30.331,1.4,30.331,long_ientry_normal,42.4634,0.038820512838886115,398.0
1638588360000.0,77731,1638588360000.0,0.0,-0.0088725,1093.8303608,1092.5689608,1.5,29.575,2.9,29.939965517241376,long_rentry,86.82589999999999,0.07937784789270039,12.0
1638590160000.0,77761,1638590160000.0,0.0,-0.0086988,1093.821662,1091.695762,1.5,28.996,4.4,29.618159090909085,long_rentry,130.3199,0.11914181673977488,30.0
1638591300000.0,77780,1638591300000.0,0.3497772727272789,-0.00836304,1094.1630762327275,1094.9635989600001,-1.4,29.868,3.0,29.618159090909085,long_nclose,88.85447727272725,0.08120770952960579,19.0
1638591420000.0,77782,1638591420000.0,0.2498409090909135,-0.0059736,1094.4069435418182,1094.96062536,-1.0,29.868,2.0,29.618159090909085,long_nclose,59.23631818181817,0.05412640931362539,2.0
1638591720000.0,77787,1638591720000.0,0.1499045454545481,-0.0035841600000000003,1094.5532639272728,1094.8918412,-0.6,29.868,1.4,29.618159090909085,long_nclose,41.46542272727272,0.03788342156917443,5.0
1638592980000.0,77808,1638592980000.0,0.0,-0.008665500000000001,1094.5445984272728,1093.5616757,1.5,28.885,2.9,29.23893887147335,long_rentry,84.79292272727271,0.07746867770313773,21.0
1638593580000.0,77818,1638593580000.0,0.0,-0.008497800000000002,1094.5361006272728,1091.8621779000002,1.5,28.326,4.4,28.927709710743798,long_rentry,127.28192272727273,0.11628846472430478,10.0
1638593640000.0,77819,1638593640000.0,0.0,-0.012250040000000002,1094.5238505872728,1088.58072786,2.2,27.841,6.6,28.565473140495868,long_rentry,188.5321227272727,0.17225035582926287,1.0
1638593700000.0,77820,1638593700000.0,0.0,-0.017428480000000003,1094.5064221072728,1082.1578993800001,3.2,27.232,9.8,28.13005333951762,long_rentry,275.6745227272727,0.2518710874226865,1.0
1638594180000.0,77828,1638594180000.0,0.0,-0.02539392,1094.4810281872728,1075.7439054600002,4.8,26.452,14.6,27.578364570361146,long_rentry,402.6441227272727,0.3678858859656521,8.0
1638595260000.0,77846,1638595260000.0,0.0,-0.03659184,1094.4444363472728,1052.09711362,7.2,25.411,21.8,26.862537739783154,long_rentry,585.6033227272727,0.5350690298008494,18.0
1638595500000.0,77850,1638595500000.0,0.0,-0.051400659999999994,1094.393035687273,990.5114129600001,10.7,24.019,32.5,25.926357622377623,long_rentry,842.6066227272727,0.7699305416340851,4.0
1638595620000.0,77852,1638595620000.0,0.0,-0.05014714000000001,1094.3428885472729,958.0305658200001,11.3,22.189,43.8,24.962153486924038,long_rentry,1093.3423227272729,0.9990856925827624,2.0
1638596340000.0,77864,1638596340000.0,3.078359090909023,-0.07350515999999999,1097.347742478182,1092.46686066,-14.6,25.173,29.2,24.962153486924038,long_nclose,728.8948818181818,0.6642332722825773,12.0
1638596400000.0,77865,1638596400000.0,2.0452111768368164,-0.048835619999999996,1099.3441180350187,1109.83212504,-9.7,25.173,19.5,24.962153486924038,long_nclose,486.7619929950187,0.4427749100664341,1.0
1638596520000.0,77867,1638596520000.0,1.370502334993743,-0.0327249,1100.6818954700125,1095.4539001399999,-6.5,25.173,13.0,24.962153486924038,long_nclose,324.5079953300125,0.29482450530490584,2.0
1638596580000.0,77868,1638596580000.0,0.90664000622663,-0.021648779999999996,1101.566886696239,1104.7671513599998,-4.3,25.173,8.7,24.962153486924038,long_nclose,217.17073533623912,0.1971471164929132,1.0
1638596700000.0,77870,1638596700000.0,0.6114548879202854,-0.01460034,1102.1637412441592,1103.4562510199996,-2.9,25.173,5.8,24.962153486924038,long_nclose,144.78049022415942,0.13136023696508686,2.0
1638596880000.0,77873,1638596880000.0,2.0179548879202938,-0.014881640000000002,1104.1668144920793,1106.3645693799997,-2.9,25.658,2.9,24.962153486924038,long_nclose,72.39024511207971,0.06556096792800233,3.0
1638597300000.0,77880,1638597300000.0,0.9741851183063488,-0.00718424,1105.1338153703857,1106.3680851399997,-1.4,25.658,1.5,24.962153486924038,long_nclose,37.44323023038606,0.03388117322049091,7.0
1638597600000.0,77885,1638597600000.0,1.7712697696139443,-0.0078429,1106.8972422399997,1106.8972422399997,-1.5,26.143,0.0,24.962153486924038,long_nclose,0.0,0.0,5.0
1638597660000.0,77886,1638597660000.0,0.0,-0.0088417,1106.8884005399998,1106.7184005399997,1.7,26.005,1.7,26.005,long_ientry_normal,44.208499999999994,0.039939437416123165,1.0
1638597840000.0,77889,1638597840000.0,0.0,-0.00861968,1106.8797808599998,1106.0518808599998,1.7,25.352,3.4,25.6785,long_rentry,87.3069,0.07887658760210269,3.0
1638597900000.0,77890,1638597900000.0,0.23814999999999992,-0.0056969,1107.1122339599997,1107.3686839599998,-1.1,25.895,2.3,25.6785,long_nclose,59.06054999999999,0.0533464884483734,1.0
1638598680000.0,77903,1638598680000.0,0.15154999999999993,-0.0036253,1107.2601586599997,1107.7585586599996,-0.7,25.895,1.6,25.6785,long_nclose,41.0856,0.03710564285968852,13.0
1638598920000.0,77907,1638598920000.0,0.572399999999999,-0.004223040000000001,1107.8283356199997,1108.3895356199998,-0.8,26.394,0.8,25.6785,long_nclose,20.5428,0.018543306159887266,4.0
1638598980000.0,77908,1638598980000.0,0.0,-0.004748400000000001,1107.8235872199998,1108.1977872199998,0.9,26.38,1.7,26.049882352941175,long_ientry_partial,44.2848,0.03997459569454499,1.0
1638599580000.0,77918,1638599580000.0,0.5808941176470598,-0.00428416,1108.4001971776468,1109.0528030599996,-0.8,26.776,0.9,26.049882352941175,long_nclose,23.44489411764706,0.021152011861190128,10.0
1638599640000.0,77919,1638599640000.0,0.0,-0.0042840000000000005,1108.3959131776467,1108.9890190599997,0.8,26.775,1.7,26.391114186851212,long_ientry_partial,44.86489411764706,0.04047731824364495,1.0
1638599640000.0,77919,1638599640000.0,0.15395432525951522,-0.00214208,1108.547725422906,1109.0012769799996,-0.4,26.776,1.3,26.391114186851212,long_nclose,34.308448442906574,0.030949004410088028,0.0
1638599700000.0,77920,1638599700000.0,0.0,-0.0021392,1108.545586222906,1108.9566377799995,0.4,26.74,1.7,26.473204966415636,long_ientry_partial,45.00444844290658,0.04059774266590883,1.0
1638600420000.0,77932,1638600420000.0,0.11139751679218257,-0.0026696000000000003,1108.6543141396983,1108.9504681799995,-0.5,26.696,1.2,26.473204966415636,long_nclose,31.76784595969876,0.028654419645992364,12.0
1638600480000.0,77933,1638600480000.0,0.0,-0.002672,1108.6516421396982,1109.2027961799995,0.5,26.72,1.7,26.545791740999274,long_ientry_partial,45.12784595969877,0.040705163140878055,1.0
1638600960000.0,77941,1638600960000.0,0.0,-0.008797840000000001,1108.6428442996983,1108.9457983399996,1.7,25.876,3.4,26.210895870499638,long_rentry,89.11704595969877,0.0803839094059113,8.0
1638601020000.0,77942,1638601020000.0,0.2432145424503972,-0.0058150400000000005,1108.8802438021487,1108.9356832999995,-1.1,26.432,2.3,26.210895870499638,long_nclose,60.285060502149165,0.05436570886630882,1.0
1638601260000.0,77946,1638601260000.0,0.15477289065025274,-0.00370048,1109.031316212799,1109.1898828199996,-0.7,26.432,1.6,26.210895870499638,long_nclose,41.93743339279942,0.03781447176443171,4.0
1638601680000.0,77953,1638601680000.0,0.0,-0.00869108,1109.022625132799,1107.9282917399996,1.7,25.562,3.3,25.87661617963619,long_rentry,85.39283339279943,0.07699827889676654,7.0
1638602460000.0,77966,1638602460000.0,0.24022220240018904,-0.0057409,1109.2571064351991,1109.7045508399995,-1.1,26.095,2.2,25.87661617963619,long_nclose,56.928555595199626,0.051321335031289515,13.0
1638602520000.0,77967,1638602520000.0,0.15286867425466574,-0.0036532999999999995,1109.4063218094539,1110.1913975399996,-0.7,26.095,1.5,25.87661617963619,long_nclose,38.81492426945429,0.03498711293275012,1.0
1638602580000.0,77968,1638602580000.0,0.5049686742546659,-0.00372372,1109.9075667637087,1110.3982738199998,-0.7,26.598,0.8,25.87661617963619,long_nclose,20.701292943708953,0.018651366621519852,1.0
1638602640000.0,77969,1638602640000.0,0.0,-0.004768199999999999,1109.9027985637088,1110.3510056199998,0.9,26.489999999999995,1.7,26.20134879041703,long_ientry_partial,44.54229294370895,0.040131706128995956,1.0
1638602640000.0,77969,1638602640000.0,0.15866048383318798,-0.00212784,1110.059331207542,1110.40207778,-0.4,26.598,1.3,26.20134879041703,long_nclose,34.061753427542136,0.03068462420877014,0.0
1638602700000.0,77970,1638602700000.0,0.0,-0.0021172,1110.0572140075421,1110.39146058,0.4,26.465,1.7,26.263384369142436,long_ientry_partial,44.64775342754214,0.04022112812217514,1.0
1638602760000.0,77971,1638602760000.0,0.11080781542878171,-0.0026485000000000002,1110.165373322971,1110.49731208,-0.5,26.485,1.2,26.263384369142436,long_nclose,31.51606124297092,0.028388618489006163,1.0
1638602820000.0,77972,1638602820000.0,0.0,-0.002654,1110.162719322971,1110.68165808,0.5,26.54,1.7,26.344741907629956,long_ientry_partial,44.78606124297092,0.040341889043331906,1.0
1638603300000.0,77980,1638603300000.0,0.11112904618502206,-0.0026567,1110.271191669156,1110.75150138,-0.5,26.567,1.2,26.344741907629956,long_nclose,31.613690289155947,0.028473845422962527,8.0
1638603360000.0,77981,1638603360000.0,0.0,-0.0026745000000000002,1110.268517169156,1110.59582688,0.5,26.745,1.7,26.46246487597409,long_ientry_partial,44.98619028915595,0.04051829768519145,1.0
1638605220000.0,78012,1638605220000.0,0.11126756201295507,-0.0026685,1110.3771162311689,1110.74615838,-0.5,26.685,1.2,26.46246487597409,long_nclose,31.754957851168903,0.028598354006926285,31.0
1638605280000.0,78013,1638605280000.0,0.0,-0.002677,1110.374439231169,1110.8029813800001,0.5,26.77,1.7,26.552916383040536,long_ientry_partial,45.13995785116891,0.04065291513953089,1.0
1638605820000.0,78022,1638605820000.0,0.11204180847973255,-0.0026777000000000003,1110.4838033396486,1110.88230368,-0.5,26.777,1.2,26.552916383040536,long_nclose,31.863499659648642,0.02869334929858764,9.0
1638605880000.0,78023,1638605880000.0,0.0,-0.0026885000000000004,1110.4811148396486,1110.8456151799999,0.5,26.885,1.7,26.650588035087438,long_ientry_partial,45.30599965964864,0.040798532324604855,1.0
1638605940000.0,78024,1638605940000.0,0.1122059824562811,-0.0026875000000000002,1110.5906333221048,1110.8479276799999,-0.5,26.875,1.2,26.650588035087438,long_nclose,31.980705642104923,0.028796124046572568,1.0
1638606000000.0,78025,1638606000000.0,0.0,-0.0026865,1110.5879468221049,1110.68374118,0.5,26.865,1.7,26.71365037770878,long_ientry_partial,45.41320564210493,0.04089113858299352,1.0
1638606360000.0,78031,1638606360000.0,0.11267481114560951,-0.0026939,1110.6979277332505,1111.07154728,-0.5,26.939,1.2,26.71365037770878,long_nclose,32.05638045325053,0.02886147498147608,6.0
1638606420000.0,78032,1638606420000.0,0.0,-0.0021620000000000003,1110.6957657332505,1111.34138528,0.4,27.025,1.6,26.791487783281582,long_ientry_partial,42.866380453250535,0.03859416932678351,1.0
1638606720000.0,78037,1638606720000.0,0.1127561083592088,-0.0027017,1110.8058201416097,1111.10118358,-0.5,27.017,1.1,26.791487783281582,long_nclose,29.47063656160974,0.026530862574930255,5.0
1638606780000.0,78038,1638606780000.0,0.0,-0.002706,1110.8031141416097,1110.89047758,0.5,27.06,1.6,26.875397851006085,long_ientry_partial,43.00063656160974,0.038711303573216164,1.0
1638607080000.0,78043,1638607080000.0,0.11330107449695781,-0.0027102000000000003,1110.9137050161069,1111.1662673800001,-0.5,27.102,1.1,26.875397851006085,long_nclose,29.562937636106696,0.02661137179478587,5.0
1638607140000.0,78044,1638607140000.0,0.0,-0.0027105000000000002,1110.910994516107,1110.6595568800003,0.5,27.105,1.6,26.947148522566685,long_ientry_partial,43.1154376361067,0.038810883904238445,1.0
1638607440000.0,78049,1638607440000.0,0.0,-0.00893384,1110.9020606761069,1110.0229230400003,1.7,26.276,3.3,26.60140534427476,long_rentry,87.78463763610671,0.07902104131725171,5.0
1638608100000.0,78060,1638608100000.0,0.0,-0.00875976,1110.893300916107,1108.1848632800002,1.7,25.764,5.0,26.31668752722134,long_rentry,131.5834376361067,0.11844831319767199,11.0
1638616800000.0,78205,1638616800000.0,0.0,-0.0126595,1110.880641416107,1103.5372037800003,2.5,25.319,7.5,25.98412501814756,long_rentry,194.8809376361067,0.17542923188190598,145.0
1638617460000.0,78216,1638617460000.0,0.0,-0.01832092,1110.862320496107,1101.8567828600003,3.7,24.758,11.2,25.579065860366672,long_rentry,286.4855376361067,0.25789472948201475,11.0
1638620160000.0,78261,1638620160000.0,0.7989563166433197,-0.019088300000000002,1111.6421885127504,1112.5491945600004,-3.7,25.795,7.5,25.579065860366672,long_nclose,191.84299395275005,0.17257620836558385,45.0
1638620400000.0,78265,1638620400000.0,0.5398353490833241,-0.012897500000000003,1112.1691263618338,1113.8487970600004,-2.5,25.795,5.0,25.579065860366672,long_nclose,127.89532930183336,0.11499629532084656,4.0
1638622140000.0,78294,1638622140000.0,0.34549462341332743,-0.008254400000000002,1112.5063665852472,1113.4785426600006,-1.6,25.795,3.4,25.579065860366672,long_nclose,86.96882392524668,0.07817377638223394,29.0
1638622560000.0,78301,1638622560000.0,0.2375275535966626,-0.005674900000000001,1112.7382192388438,1113.0968677600006,-1.1,25.795,2.3,25.579065860366672,long_nclose,58.83185147884334,0.052871241826389866,7.0
1638622800000.0,78305,1638622800000.0,0.15115389774333074,-0.0036113,1112.885761836587,1113.0792564600004,-0.7,25.795,1.6,25.579065860366672,long_nclose,40.926505376586675,0.036775118147837536,4.0
1638622980000.0,78308,1638622980000.0,0.10796706981666482,-0.0025795,1112.9911494064038,1113.2231769600005,-0.5,25.795,1.1,25.579065860366672,long_nclose,28.13697244640334,0.025280499724916725,3.0
1638623040000.0,78309,1638623040000.0,0.0,-0.0030948,1112.9880546064037,1113.0160821600005,0.6,25.79,1.7,25.65351320376667,long_ientry_partial,43.61097244640334,0.039183684196705856,1.0
1638623040000.0,78309,1638623040000.0,0.04244603886999911,-0.0015477000000000002,1113.0289529452737,1113.0520344600004,-0.3,25.795,1.4,25.65351320376667,long_nclose,35.91491848527334,0.032267730673345055,0.0
1638624000000.0,78325,1638624000000.0,0.0,-0.0020264,1113.0269265452737,1112.1600080600003,0.4,25.33,1.8,25.581621380707407,long_ientry_partial,46.04691848527333,0.041370893540013845,16.0
1638627600000.0,78385,1638627600000.0,0.1292271715755561,-0.00309564,1113.1530580768492,1113.4151124200002,-0.6,25.797,1.2,25.581621380707407,long_nclose,30.697945656848887,0.027577470532115792,60.0
1638627960000.0,78391,1638627960000.0,0.0,-0.002558,1113.1505000768493,1113.1230544200005,0.5,25.58,1.7,25.58114450402876,long_ientry_partial,43.48794565684889,0.039067444747001044,6.0
1638628980000.0,78408,1638628980000.0,0.10792774798562021,-0.0025797000000000003,1113.2558481248348,1113.5004747200003,-0.5,25.797,1.2,25.58114450402876,long_nclose,30.69737340483451,0.02757441019199772,17.0
1638629100000.0,78410,1638629100000.0,0.08634219838849617,-0.0020637600000000004,1113.3401265632233,1113.5232109600004,-0.4,25.797,0.8,25.58114450402876,long_nclose,20.46491560322301,0.0183815485626987,2.0
1638630600000.0,78435,1638630600000.0,0.28514219838849614,-0.00210352,1113.6231652416118,1113.9127074400003,-0.4,26.294,0.4,25.58114450402876,long_nclose,10.232457801611504,0.009188438352385989,25.0
1638631080000.0,78443,1638631080000.0,0.14257109919424807,-0.00105176,1113.764684580806,1113.9104556800003,-0.2,26.294,0.2,25.58114450402876,long_nclose,5.116228900805752,0.004593635416561422,8.0
1638631260000.0,78446,1638631260000.0,0.07128554959712403,-0.00052588,1113.8354442504033,1113.9138298000005,-0.1,26.294,0.1,25.58114450402876,long_nclose,2.558114450402876,0.0022966717961866025,3.0
1638631980000.0,78458,1638631980000.0,0.07128554959712403,-0.00052588,1113.9062039200005,1113.9062039200005,-0.1,26.294,0.0,25.58114450402876,long_nclose,0.0,0.0,12.0
1638678240000.0,79229,1638678240000.0,0.0,-0.00916028,1113.8970436400004,1113.8766436400003,1.7,26.942,1.7,26.942,long_ientry_normal,45.8014,0.04111816281541593,771.0
1638679380000.0,79248,1638679380000.0,0.11350000000000016,-0.0027169000000000004,1114.0078267400004,1114.2934267400003,-0.5,27.169,1.2,26.942,long_nclose,32.3304,0.029021699151441982,19.0
1638679680000.0,79253,1638679680000.0,0.09080000000000013,-0.0021735200000000004,1114.0964532200003,1114.3388532200004,-0.4,27.169,0.8,26.942,long_nclose,21.553600000000003,0.01934626031498892,5.0
1638679800000.0,79255,1638679800000.0,0.045400000000000065,-0.0010867600000000002,1114.1407664600003,1114.2955664600004,-0.2,27.169,0.6,26.942,long_nclose,16.1652,0.014509118135370157,2.0
1638680160000.0,79261,1638680160000.0,0.045400000000000065,-0.0010867600000000002,1114.1850797000004,1114.2622797000004,-0.2,27.169,0.4,26.942,long_nclose,10.776800000000001,0.00967236072026894,6.0
1638680400000.0,79265,1638680400000.0,0.022700000000000033,-0.0005433800000000001,1114.2072363200004,1114.2741363200005,-0.1,27.169,0.3,26.942,long_nclose,8.0826,0.007254126285066305,4.0
1638680460000.0,79266,1638680460000.0,0.022700000000000033,-0.0005433800000000001,1114.2293929400005,1114.2869929400006,-0.1,27.169,0.2,26.942,long_nclose,5.388400000000001,0.004835988023778653,1.0
1638680700000.0,79270,1638680700000.0,0.022700000000000033,-0.0005433800000000001,1114.2515495600005,1114.2718495600004,-0.1,27.169,0.1,26.942,long_nclose,2.6942000000000004,0.0024179459306687932,4.0
1638680760000.0,79271,1638680760000.0,0.022700000000000033,-0.0005433800000000001,1114.2737061800005,1114.2737061800005,-0.1,27.169,0.0,26.942,long_nclose,0.0,0.0,1.0
1638695280000.0,79513,1638695280000.0,0.0,-0.0091307,1114.2645754800005,1114.3835754800004,1.7,26.855,1.7,26.855,long_ientry_normal,45.6535,0.04097186700953271,242.0
1638709560000.0,79751,1638709560000.0,0.11299999999999955,-0.0027081,1114.3748673800005,1114.7348673800004,-0.5,27.081,1.2,26.855,long_nclose,32.226,0.028918455488651084,238.0
1638712920000.0,79807,1638712920000.0,0.0,-0.0026421,1114.3722252800005,1113.8327252800004,0.5,26.421,1.7,26.72735294117647,long_ientry_partial,45.436499999999995,0.04077318060272319,56.0
1638713340000.0,79814,1638713340000.0,0.0,-0.008858020000000001,1114.3633672600006,1113.5127672600006,1.7,26.053,3.4,26.390176470588237,long_rentry,89.7266,0.08051826059270056,7.0
1638713460000.0,79816,1638713460000.0,0.0,-0.008688020000000001,1114.3546792400007,1111.6969792400007,1.7,25.553,5.1,26.111117647058826,long_rentry,133.1667,0.11950118080073106,2.0
1638716820000.0,79872,1638716820000.0,0.0,-0.012558500000000002,1114.3421207400006,1109.0289207400006,2.5,25.117,7.6,25.784105263157898,long_rentry,195.9592,0.17585191868173258,56.0
1638718260000.0,79896,1638718260000.0,0.0,-0.018178100000000003,1114.3239426400007,1103.9287426400008,3.7,24.565,11.3,25.384929203539826,long_rentry,286.84970000000004,0.257420386499468,24.0
1638738780000.0,80238,1638738780000.0,0.0,-0.026231700000000004,1114.2977109400008,1096.3815109400007,5.5,23.847,16.8,24.88144047619048,long_rentry,418.0082000000001,0.37513152535095506,342.0
1638774000000.0,80825,1638774000000.0,0.0,-0.03755108,1114.2601598600008,1080.2465598600006,8.2,22.897,25.0,24.230544000000005,long_rentry,605.7636000000001,0.5436464676939631,587.0
1638828600000.0,81735,1638828600000.0,1.6969847999999446,-0.040562100000000004,1115.9165825600007,1119.6649977600007,-8.3,24.435,16.7,24.230544000000005,long_nclose,404.65008480000006,0.36261678616846144,910.0
1638832800000.0,81805,1638832800000.0,1.1245079999999632,-0.0268785,1117.0142120600005,1119.6401192600006,-5.5,24.435,11.2,24.230544000000005,long_nclose,271.38209280000007,0.24295312438282812,70.0
1638834000000.0,81825,1638834000000.0,0.7564871999999753,-0.018081899999999998,1117.7526173600006,1119.3985373600005,-3.7,24.435,7.5,24.230544000000005,long_nclose,181.72908000000004,0.16258434753588197,20.0
1638834180000.0,81828,1638834180000.0,0.5111399999999833,-0.012217500000000001,1118.2515398600008,1118.9488198600006,-2.5,24.435,5.0,24.230544000000005,long_nclose,121.15272000000003,0.10834120560671681,3.0
1638834240000.0,81829,1638834240000.0,0.3271295999999893,-0.007819200000000002,1118.5708502600007,1119.0960006600008,-1.6,24.435,3.4,24.230544000000005,long_nclose,82.38384960000002,0.07365098918933093,1.0
1638835260000.0,81846,1638835260000.0,0.22490159999999265,-0.005375700000000001,1118.7903761600007,1119.3641249600007,-1.1,24.435,2.3,24.230544000000005,long_nclose,55.730251200000005,0.04981295190550503,17.0
1638836040000.0,81859,1638836040000.0,0.1431191999999953,-0.0034208999999999997,1118.9300744600007,1119.2492040600007,-0.7,24.435,1.6,24.230544000000005,long_nclose,38.76887040000001,0.034648161922638455,13.0
1638836100000.0,81860,1638836100000.0,0.10222799999999665,-0.0024435,1119.0298589600006,1119.2657605600007,-0.5,24.435,1.1,24.230544000000005,long_nclose,26.653598400000007,0.023818487224971117,1.0
1638836460000.0,81866,1638836460000.0,0.06133679999999799,-0.0014661,1119.0897296600006,1119.2612944600005,-0.3,24.435,0.8,24.230544000000005,long_nclose,19.384435200000006,0.017321609417226394,6.0
1638836580000.0,81868,1638836580000.0,0.04089119999999866,-0.0009774000000000002,1119.1296434600006,1119.2523170600007,-0.2,24.435,0.6,24.230544000000005,long_nclose,14.538326400000003,0.012990743731040866,2.0
1638836640000.0,81869,1638836640000.0,0.04089119999999866,-0.0009774000000000002,1119.1695572600006,1119.2873396600005,-0.2,24.435,0.4,24.230544000000005,long_nclose,9.692217600000003,0.00866018695480684,1.0
1638836880000.0,81873,1638836880000.0,0.02044559999999933,-0.0004887000000000001,1119.1895141600005,1119.2643509600005,-0.1,24.435,0.3,24.230544000000005,long_nclose,7.269163200000001,0.006495024397593484,4.0
1638845520000.0,82017,1638845520000.0,0.02044559999999933,-0.0004887000000000001,1119.2094710600004,1119.2543622600003,-0.1,24.435,0.2,24.230544000000005,long_nclose,4.846108800000001,0.004329939055474811,144.0
1638846660000.0,82036,1638846660000.0,0.02044559999999933,-0.0004887000000000001,1119.2294279600003,1119.2513735600003,-0.1,24.435,0.1,24.230544000000005,long_nclose,2.4230544000000007,0.0021649309243203683,19.0
1638847560000.0,82051,1638847560000.0,0.02044559999999933,-0.0004887000000000001,1119.2493848600002,1119.2493848600002,-0.1,24.435,0.0,24.230544000000005,long_nclose,0.0,0.0,15.0
1638908640000.0,83069,1638908640000.0,0.0,-0.009181940000000001,1119.2402029200002,1119.1015029200003,1.9,24.163,1.9,24.163,long_ientry_normal,45.9097,0.04101863021023154,1018.0
1638913500000.0,83150,1638913500000.0,0.12240000000000037,-0.00292404,1119.3596788800003,1119.5442788800003,-0.6,24.367,1.3,24.163,long_nclose,31.411900000000003,0.028062382979016955,81.0
1638913860000.0,83156,1638913860000.0,0.0,-0.0028932,1119.3567856800003,1119.2973856800002,0.6,24.11,1.9,24.146263157894737,long_ientry_partial,45.8779,0.04098594888325043,6.0
1638923760000.0,83321,1638923760000.0,0.12224210526315886,-0.002922,1119.4761057852636,1119.7084636800005,-0.6,24.35,1.3,24.146263157894737,long_nclose,31.39014210526316,0.02804002867327333,165.0
1638923820000.0,83322,1638923820000.0,0.08149473684210591,-0.0019480000000000005,1119.5556525221057,1119.7480156800004,-0.4,24.35,0.9,24.146263157894737,long_nclose,21.731636842105264,0.019410948257148987,1.0
1638923940000.0,83324,1638923940000.0,0.06112105263157943,-0.001461,1119.6153125747371,1119.7435546800002,-0.3,24.35,0.6,24.146263157894737,long_nclose,14.487757894736841,0.012939942614235858,2.0
1638924180000.0,83328,1638924180000.0,0.040747368421052955,-0.0009740000000000003,1119.6550859431582,1119.7305806800002,-0.2,24.35,0.4,24.146263157894737,long_nclose,9.658505263157895,0.008626321966842055,4.0
1638924240000.0,83329,1638924240000.0,0.020373684210526478,-0.00048700000000000013,1119.6749726273686,1119.74509368,-0.1,24.35,0.3,24.146263157894737,long_nclose,7.243878947368421,0.006469626565261459,1.0
1638924480000.0,83333,1638924480000.0,0.020373684210526478,-0.00048700000000000013,1119.694859311579,1119.75060668,-0.1,24.35,0.2,24.146263157894737,long_nclose,4.829252631578948,0.004313007772982108,4.0
1638924780000.0,83338,1638924780000.0,0.020373684210526478,-0.00048700000000000013,1119.7147459957894,1119.73461968,-0.1,24.35,0.1,24.146263157894737,long_nclose,2.414626315789474,0.0021564655859221435,5.0
1638924840000.0,83339,1638924840000.0,0.020373684210526478,-0.00048700000000000013,1119.7346326799998,1119.7346326799998,-0.1,24.35,0.0,24.146263157894737,long_nclose,0.0,0.0,1.0
1638935160000.0,83511,1638935160000.0,0.0,-0.009042860000000002,1119.7255898199999,1119.6077898199999,1.9,23.797,1.9,23.797,long_ientry_normal,45.2143,0.04037980413332196,172.0
1638941280000.0,83613,1638941280000.0,0.1206000000000003,-0.00287976,1119.8433100599998,1120.0812100599999,-0.6,23.998,1.3,23.797,long_nclose,30.936100000000003,0.027625382696033148,102.0
1638941340000.0,83614,1638941340000.0,0.08040000000000021,-0.0019198400000000003,1119.9217902199998,1120.10449022,-0.4,23.998,0.9,23.797,long_nclose,21.4173,0.019123924712450446,1.0
1638942240000.0,83629,1638942240000.0,0.06030000000000015,-0.00143988,1119.98065034,1120.11145034,-0.3,23.998,0.6,23.797,long_nclose,14.2782,0.01274861310832957,15.0
1638943920000.0,83657,1638943920000.0,0.040200000000000104,-0.0009599200000000002,1120.01989042,1120.1070904199998,-0.2,23.998,0.4,23.797,long_nclose,9.5188,0.008498777639056494,28.0
1638944040000.0,83659,1638944040000.0,0.020100000000000052,-0.0004799600000000001,1120.03951046,1120.10191046,-0.1,23.998,0.3,23.797,long_nclose,7.1391,0.006373971572724227,2.0
1638955920000.0,83857,1638955920000.0,0.020100000000000052,-0.0004799600000000001,1120.0591305,1120.0947305,-0.1,23.998,0.2,23.797,long_nclose,4.7594,0.004249239946711903,198.0
1638958080000.0,83893,1638958080000.0,0.020100000000000052,-0.0004799600000000001,1120.07875054,1120.1000505400002,-0.1,23.998,0.1,23.797,long_nclose,2.3797,0.002124582757107681,36.0
1638958320000.0,83897,1638958320000.0,0.020100000000000052,-0.0004799600000000001,1120.0983705800002,1120.0983705800002,-0.1,23.998,0.0,23.797,long_nclose,0.0,0.0,4.0
1638959820000.0,83922,1638959820000.0,0.0,-0.008990040000000001,1120.08938054,1120.05518054,1.9,23.658,1.9,23.658,long_ientry_normal,44.9502,0.04013090453400184,25.0
1638961140000.0,83944,1638961140000.0,0.0,-0.00876394,1120.0806166,1118.8247165999999,1.9,23.063,3.8,23.360500000000002,long_rentry,88.7699,0.07925313471583917,22.0
1638965040000.0,84009,1638965040000.0,0.23579999999999612,-0.0056536799999999995,1120.31076292,1120.9724629199998,-1.2,23.557,2.6,23.360500000000002,long_nclose,60.737300000000005,0.054214689361452816,65.0
1638966000000.0,84025,1638966000000.0,0.15719999999999745,-0.0037691200000000004,1120.4641938,1120.9672937999999,-0.8,23.557,1.8,23.360500000000002,long_nclose,42.0489,0.03752810686202582,16.0
1638966420000.0,84032,1638966420000.0,0.11789999999999806,-0.0028268399999999997,1120.57926696,1120.9566669600001,-0.6,23.557,1.2,23.360500000000002,long_nclose,28.032600000000002,0.025016168714283957,7.0
1638968040000.0,84059,1638968040000.0,0.3902999999999984,-0.00288132,1120.9666856400002,1121.3593856400003,-0.6,24.011,0.6,23.360500000000002,long_nclose,14.016300000000001,0.012503761422666716,27.0
1638968340000.0,84064,1638968340000.0,0.1951499999999992,-0.00144066,1121.16039498,1121.3597449800002,-0.3,24.011,0.3,23.360500000000002,long_nclose,7.0081500000000005,0.006250800537888262,5.0
1638968460000.0,84066,1638968460000.0,0.06504999999999975,-0.00048022,1121.22496476,1121.36186476,-0.1,24.011,0.2,23.360500000000002,long_nclose,4.6721,0.0041669603753427585,2.0
1638968700000.0,84070,1638968700000.0,0.22089999999999962,-0.0009786000000000003,1121.44488616,1121.44488616,-0.2,24.465,0.0,23.360500000000002,long_nclose,0.0,0.0,4.0
1639016820000.0,84872,1639016820000.0,0.0,-0.00875772,1121.43612844,1121.49552844,1.8,24.327,1.8,24.327,long_ientry_normal,43.7886,0.03904689610893236,802.0
1639017240000.0,84879,1639017240000.0,0.12299999999999897,-0.00294384,1121.5561846,1121.8057846000002,-0.6,24.532,1.2,24.327,long_nclose,29.1924,0.026028477575032398,7.0
1639017540000.0,84884,1639017540000.0,0.08199999999999932,-0.0019625600000000003,1121.6362220400001,1121.8106220400002,-0.4,24.532,0.8,24.327,long_nclose,19.461600000000004,0.017351080160913312,5.0
1639017840000.0,84889,1639017840000.0,0.04099999999999966,-0.0009812800000000002,1121.6762407600002,1121.7800407600002,-0.2,24.532,0.6,24.327,long_nclose,14.5962,0.013012845836968281,5.0
1639017900000.0,84890,1639017900000.0,0.04099999999999966,-0.0009812800000000002,1121.7162594800002,1121.8094594800002,-0.2,24.532,0.4,24.327,long_nclose,9.730800000000002,0.00867492105758631,1.0
1639018440000.0,84899,1639018440000.0,0.02049999999999983,-0.0004906400000000001,1121.7362688400003,1121.7836688400002,-0.1,24.532,0.3,24.327,long_nclose,7.2981,0.006506074736753448,9.0
1639018680000.0,84903,1639018680000.0,0.02049999999999983,-0.0004906400000000001,1121.7562782000005,1121.7988782000004,-0.1,24.532,0.2,24.327,long_nclose,4.865400000000001,0.004337305789638325,4.0
1639018980000.0,84908,1639018980000.0,0.02049999999999983,-0.0004906400000000001,1121.7762875600006,1121.7945875600005,-0.1,24.532,0.1,24.327,long_nclose,2.4327000000000005,0.002168614212100541,5.0
1639019040000.0,84909,1639019040000.0,0.02049999999999983,-0.0004906400000000001,1121.7962969200007,1121.7962969200007,-0.1,24.532,0.0,24.327,long_nclose,0.0,0.0,1.0
1639021320000.0,84947,1639021320000.0,0.0,-0.008749080000000001,1121.7875478400008,1121.8181478400008,1.8,24.303,1.8,24.303,long_ientry_normal,43.745400000000004,0.03899615402598439,38.0
1639022640000.0,84969,1639022640000.0,0.12299999999999897,-0.00294096,1121.907606880001,1122.144006880001,-0.6,24.508,1.2,24.303,long_nclose,29.1636,0.02599465394579443,22.0
1639022880000.0,84973,1639022880000.0,0.08199999999999932,-0.00196064,1121.987646240001,1122.1772462400008,-0.4,24.508,0.8,24.303,long_nclose,19.442400000000003,0.017328533041478016,4.0
1639023300000.0,84980,1639023300000.0,0.04099999999999966,-0.00098032,1122.0276659200008,1122.1548659200007,-0.2,24.508,0.6,24.303,long_nclose,14.5818,0.012995936234819778,7.0
1639023660000.0,84986,1639023660000.0,0.04099999999999966,-0.00098032,1122.0676856000007,1122.1564856000007,-0.2,24.508,0.4,24.303,long_nclose,9.721200000000001,0.008663648481064497,6.0
1639023840000.0,84989,1639023840000.0,0.02049999999999983,-0.00049016,1122.0876954400007,1122.1587954400006,-0.1,24.508,0.3,24.303,long_nclose,7.2909,0.006497620488691877,3.0
1639024260000.0,84996,1639024260000.0,0.02049999999999983,-0.00049016,1122.1077052800008,1122.1471052800007,-0.1,24.508,0.2,24.303,long_nclose,4.860600000000001,0.004331669747145288,7.0
1639026000000.0,85025,1639026000000.0,0.02049999999999983,-0.00049016,1122.1277151200009,1122.149915120001,-0.1,24.508,0.1,24.303,long_nclose,2.4303000000000003,0.0021657962522921045,29.0
1639026360000.0,85031,1639026360000.0,0.02049999999999983,-0.00049016,1122.147724960001,1122.147724960001,-0.1,24.508,0.0,24.303,long_nclose,0.0,0.0,6.0
1639033620000.0,85152,1639033620000.0,0.0,-0.00921956,1122.138505400001,1122.3342054000009,1.9,24.262,1.9,24.262,long_ientry_normal,46.0978,0.041080312081054414,121.0
1639034340000.0,85164,1639034340000.0,0.12240000000000037,-0.0029359200000000003,1122.2579694800008,1122.5998694800007,-0.6,24.466,1.3,24.262,long_nclose,31.5406,0.028104589905130605,12.0
1639034580000.0,85168,1639034580000.0,0.08160000000000026,-0.00195728,1122.3376122000009,1122.520312200001,-0.4,24.466,0.9,24.262,long_nclose,21.835800000000003,0.0194556430815836,4.0
1639034640000.0,85169,1639034640000.0,0.061200000000000185,-0.0014679600000000001,1122.397344240001,1122.573144240001,-0.3,24.466,0.6,24.262,long_nclose,14.5572,0.01296973845733481,1.0
1639035660000.0,85186,1639035660000.0,0.2027999999999995,-0.0014962799999999998,1122.598647960001,1122.8065479600011,-0.3,24.938,0.3,24.262,long_nclose,7.2786,0.0064837063657850955,17.0
1639038060000.0,85226,1639038060000.0,0.020400000000000064,-0.00048932,1122.618558640001,1122.6581586400011,-0.1,24.466,0.2,24.262,long_nclose,4.8524,0.004322394247497968,40.0
1639038120000.0,85227,1639038120000.0,0.020400000000000064,-0.00048932,1122.6384693200011,1122.6597693200013,-0.1,24.466,0.1,24.262,long_nclose,2.4262,0.0021611587935959345,1.0
1639039260000.0,85246,1639039260000.0,0.020400000000000064,-0.00048932,1122.6583800000012,1122.6583800000012,-0.1,24.466,0.0,24.262,long_nclose,0.0,0.0,19.0
1639041360000.0,85281,1639041360000.0,0.0,-0.0092017,1122.6491783000013,1122.6491783000013,1.9,24.215,1.9,24.215,long_ientry_normal,46.0085,0.04098208139222039,35.0
1639047180000.0,85378,1639047180000.0,0.12240000000000037,-0.00293028,1122.7686480200011,1123.0221480200012,-0.6,24.419,1.3,24.215,long_nclose,31.4795,0.02803738780514935,97.0
1639047480000.0,85383,1639047480000.0,0.08160000000000026,-0.0019535200000000003,1122.8482945000012,1123.0327945000013,-0.4,24.419,0.9,24.215,long_nclose,21.7935,0.01940912241373136,5.0
1639047660000.0,85386,1639047660000.0,0.061200000000000185,-0.00146514,1122.9080293600014,1123.0580293600015,-0.3,24.419,0.6,24.215,long_nclose,14.529,0.012938726609943975,3.0
1639047900000.0,85390,1639047900000.0,0.04080000000000013,-0.0009767600000000001,1122.9478526000014,1123.0218526000015,-0.2,24.419,0.4,24.215,long_nclose,9.686,0.00862551184151041,4.0
1639048260000.0,85396,1639048260000.0,0.020400000000000064,-0.0004883800000000001,1122.9677642200015,1123.0262642200016,-0.1,24.419,0.3,24.215,long_nclose,7.2645,0.006469019175315175,6.0
1639048320000.0,85397,1639048320000.0,0.020400000000000064,-0.0004883800000000001,1122.9876758400017,1123.0256758400017,-0.1,24.419,0.2,24.215,long_nclose,4.843,0.004312602982376816,1.0
1639051020000.0,85442,1639051020000.0,0.020400000000000064,-0.0004883800000000001,1123.0075874600018,1123.0310874600018,-0.1,24.419,0.1,24.215,long_nclose,2.4215,0.0021562632586275797,45.0
1639051440000.0,85449,1639051440000.0,0.0,-0.00865116,1122.9989363000018,1122.997636300002,1.8,24.031,1.9,24.040684210526315,long_ientry_partial,45.677299999999995,0.04067439293441824,7.0
1639052100000.0,85460,1639052100000.0,0.12138947368420999,-0.0029091599999999996,1123.1174166136861,1123.435027140002,-0.6,24.243,1.3,24.040684210526315,long_nclose,31.25288947368421,0.02782691196074126,11.0
1639052520000.0,85467,1639052520000.0,0.08092631578947335,-0.0019394400000000002,1123.1964034894756,1123.3802877000019,-0.4,24.243,0.9,24.040684210526315,long_nclose,21.636615789473684,0.01926343044035256,7.0
1639052760000.0,85471,1639052760000.0,0.060694736842104996,-0.0014545799999999998,1123.2556436463178,1123.381233120002,-0.3,24.243,0.6,24.040684210526315,long_nclose,14.42441052631579,0.012841609661974365,4.0
1639053360000.0,85481,1639053360000.0,0.04046315789473667,-0.0009697200000000001,1123.2951370842125,1123.3968634000018,-0.2,24.243,0.4,24.040684210526315,long_nclose,9.616273684210526,0.008560772112992422,10.0
1639053720000.0,85487,1639053720000.0,0.020231578947368337,-0.00048486000000000004,1123.31488380316,1123.3881785400022,-0.1,24.243,0.3,24.040684210526315,long_nclose,7.212205263157895,0.0064204662175754625,6.0
1639054920000.0,85507,1639054920000.0,0.020231578947368337,-0.00048486000000000004,1123.3346305221075,1123.3704936800023,-0.1,24.243,0.2,24.040684210526315,long_nclose,4.808136842105263,0.004280235569583143,20.0
1639056360000.0,85531,1639056360000.0,0.0,-0.00814606,1123.3264844621076,1123.3310476200024,1.7,23.959,1.9,23.96759833795014,long_ientry_partial,45.53843684210526,0.040538914974403754,24.0
1639057140000.0,85544,1639057140000.0,0.12144099722991725,-0.0029004000000000005,1123.4450250593375,1123.7276472200024,-0.6,24.17,1.3,23.96759833795014,long_nclose,31.157877839335182,0.027734225657984023,13.0
1639057320000.0,85547,1639057320000.0,0.08096066481994485,-0.0019336000000000004,1123.5240521241574,1123.7872136200021,-0.4,24.17,0.9,23.96759833795014,long_nclose,21.570838504155127,0.0191992672194003,3.0
1639057560000.0,85551,1639057560000.0,0.06072049861495862,-0.0014502000000000002,1123.5833224227724,1123.6897634200022,-0.3,24.17,0.6,23.96759833795014,long_nclose,14.380559002770083,0.012798836290807001,4.0
1639057680000.0,85553,1639057680000.0,0.040480332409972425,-0.0009668000000000002,1123.6228359551824,1123.6917966200024,-0.2,24.17,0.4,23.96759833795014,long_nclose,9.587039335180057,0.0085322574696786,2.0
1639057860000.0,85556,1639057860000.0,0.020240166204986212,-0.0004834000000000001,1123.6425927213875,1123.6973132200023,-0.1,24.17,0.3,23.96759833795014,long_nclose,7.190279501385041,0.006399080586622,3.0
1639057920000.0,85557,1639057920000.0,0.020240166204986212,-0.0004834000000000001,1123.6623494875926,1123.7028298200025,-0.1,24.17,0.2,23.96759833795014,long_nclose,4.7935196675900285,0.004265978716627773,1.0
1639057980000.0,85558,1639057980000.0,0.020240166204986212,-0.0004834000000000001,1123.6821062537977,1123.7053464200026,-0.1,24.17,0.1,23.96759833795014,long_nclose,2.3967598337950142,0.0021329518557392387,1.0
1639058340000.0,85564,1639058340000.0,0.020240166204986212,-0.0004834000000000001,1123.7018630200027,1123.7018630200027,-0.1,24.17,0.0,23.96759833795014,long_nclose,0.0,0.0,6.0
1639059660000.0,85586,1639059660000.0,0.0,-0.00908314,1123.6927798800027,1123.4685798800026,1.9,23.903,1.9,23.903,long_ientry_normal,45.415699999999994,0.0404164739804147,22.0
1639061340000.0,85614,1639061340000.0,0.0,-0.00885438,1123.6839255000027,1122.8023255000028,1.9,23.301,3.8,23.601999999999997,long_rentry,89.68759999999999,0.07981568300898487,28.0
1639074360000.0,85831,1639074360000.0,0.0,-0.009142400000000002,1123.6747831000027,1120.3121831000028,2.0,22.856,5.8,23.344758620689653,long_rentry,135.3996,0.12049714208808578,217.0
1639094220000.0,86162,1639094220000.0,0.0,-0.01257312,1123.6622099800027,1118.6390099800028,2.8,22.452,8.6,23.05409302325581,long_rentry,198.26519999999996,0.17644555297764122,331.0
1639130580000.0,86768,1639130580000.0,0.542939534883736,-0.01301888,1124.1921306348866,1125.0673911000029,-2.8,23.248,5.8,23.05409302325581,long_nclose,133.7137395348837,0.11894207039091172,606.0
1639136280000.0,86863,1639136280000.0,0.36842325581396373,-0.00883424,1124.5517196507005,1125.3742568600028,-1.9,23.248,3.9,23.05409302325581,long_nclose,89.91096279069765,0.07995271468583508,95.0
1639136460000.0,86866,1639136460000.0,0.25207906976744887,-0.006044480000000001,1124.797754240468,1125.333112380003,-1.3,23.248,2.6,23.05409302325581,long_nclose,59.94064186046511,0.0532901507266439,3.0
1639140360000.0,86931,1639140360000.0,0.8344790697674495,-0.006160960000000001,1125.6260723502355,1126.537251420003,-1.3,23.696,1.3,23.05409302325581,long_nclose,29.970320930232553,0.026625467965268816,65.0
1639140480000.0,86933,1639140480000.0,0.38514418604651507,-0.0028435200000000004,1126.0083730162821,1126.429007900003,-0.6,23.696,0.7,23.05409302325581,long_nclose,16.137865116279066,0.014331922837349728,2.0
1639140540000.0,86934,1639140540000.0,0.19257209302325753,-0.0014217600000000002,1126.1995233493053,1126.441886140003,-0.3,23.696,0.4,23.05409302325581,long_nclose,9.221637209302324,0.008188280156501287,1.0
1639143060000.0,86976,1639143060000.0,0.12838139534883838,-0.0009478400000000001,1126.3269569046543,1126.443138300003,-0.2,23.696,0.2,23.05409302325581,long_nclose,4.610818604651162,0.004093676863885516,42.0
1639143300000.0,86980,1639143300000.0,0.06419069767441919,-0.00047392000000000007,1126.3906736823285,1126.4557643800028,-0.1,23.696,0.1,23.05409302325581,long_nclose,2.305409302325581,0.002046722648003535,4.0
1639146060000.0,87026,1639146060000.0,0.06419069767441919,-0.00047392000000000007,1126.4543904600027,1126.4543904600027,-0.1,23.696,0.0,23.05409302325581,long_nclose,0.0,0.0,46.0
1639148160000.0,87061,1639148160000.0,0.0,-0.0091372,1126.4452532600028,1126.3792532600028,2.0,22.843,2.0,22.843,long_ientry_normal,45.686,0.040557674567655966,35.0
1639152300000.0,87130,1639152300000.0,0.0,-0.0089068,1126.4363464600028,1125.2963464600027,2.0,22.267,4.0,22.555,long_rentry,90.22,0.08009329624663661,69.0
1639161540000.0,87284,1639161540000.0,0.24700000000000166,-0.005913700000000001,1126.6774327600028,1127.446932760003,-1.3,22.745,2.7,22.555,long_nclose,60.898500000000006,0.05405140657767323,154.0
1639161960000.0,87291,1639161960000.0,0.17100000000000115,-0.004094100000000001,1126.844338660003,1127.2223386600028,-0.9,22.745,1.8,22.555,long_nclose,40.599000000000004,0.036028933728573964,7.0
1639162080000.0,87293,1639162080000.0,0.11400000000000077,-0.0027294000000000003,1126.955609260003,1127.231609260003,-0.6,22.745,1.2,22.555,long_nclose,27.066,0.024016917594271922,2.0
1639163460000.0,87316,1639163460000.0,0.07600000000000051,-0.0018196000000000002,1127.029789660003,1127.1977896600029,-0.4,22.745,0.8,22.555,long_nclose,18.044,0.016010224543792608,23.0
1639164180000.0,87328,1639164180000.0,0.25120000000000003,-0.0018546400000000003,1127.279135020003,1127.531135020003,-0.4,23.183,0.4,22.555,long_nclose,9.022,0.00800334160344404,12.0
1639164720000.0,87337,1639164720000.0,0.42680000000000007,-0.00188976,1127.7040452600029,1127.7040452600029,-0.4,23.622,0.0,22.555,long_nclose,0.0,0.0,9.0
1639180320000.0,87597,1639180320000.0,0.0,-0.0090972,1127.6949480600028,1127.6789480600028,2.0,22.743,2.0,22.743,long_ientry_normal,45.486,0.04033537622763187,260.0
1639181400000.0,87615,1639181400000.0,0.0,-0.0088684,1127.6860796600029,1126.4980796600028,2.0,22.171,4.0,22.457,long_rentry,89.828,0.07965692014845402,18.0
1639182540000.0,87634,1639182540000.0,0.24570000000000008,-0.00588796,1127.9258917000027,1128.5684917000026,-1.3,22.646,2.7,22.457,long_nclose,60.633900000000004,0.0537569892190461,19.0
1639184460000.0,87666,1639184460000.0,0.17010000000000006,-0.004076280000000001,1128.0919154200028,1128.5023154200028,-0.9,22.646,1.8,22.457,long_nclose,40.4226,0.03583271845800806,32.0
1639186140000.0,87694,1639186140000.0,0.5633999999999979,-0.00415494,1128.6511604800028,1129.2388604800028,-0.9,23.083,0.9,22.457,long_nclose,20.2113,0.017907481698246214,28.0
1639186800000.0,87705,1639186800000.0,0.9557999999999979,-0.00423342,1129.6027270600027,1129.6027270600027,-0.9,23.519,0.0,22.457,long_nclose,0.0,0.0,11.0
1639205340000.0,88014,1639205340000.0,0.0,-0.009120000000000001,1129.5936070600028,1129.5136070600029,2.0,22.8,2.0,22.8,long_ientry_normal,45.6,0.04036850041908725,309.0
1639209240000.0,88079,1639209240000.0,0.1152000000000001,-0.00275904,1129.7060480200028,1129.9650480200028,-0.6,22.992,1.4,22.8,long_nclose,31.919999999999998,0.028255137746624526,65.0
1639209300000.0,88080,1639209300000.0,0.07680000000000008,-0.0018393600000000004,1129.7810086600027,1130.0110086600027,-0.4,22.992,1.0,22.8,long_nclose,22.8,0.020180902161775895,1.0
1639209480000.0,88083,1639209480000.0,0.05760000000000005,-0.00137952,1129.8372291400028,1129.977229140003,-0.3,22.992,0.7,22.8,long_nclose,15.959999999999999,0.014125928574816267,3.0
1639209960000.0,88091,1639209960000.0,0.03840000000000004,-0.0009196800000000002,1129.8747094600028,1129.9847094600027,-0.2,22.992,0.5,22.8,long_nclose,11.4,0.01008961427718686,8.0
1639210140000.0,88094,1639210140000.0,0.01920000000000002,-0.0004598400000000001,1129.8934496200027,1129.9494496200027,-0.1,22.992,0.4,22.8,long_nclose,9.120000000000001,0.008071557546481194,3.0
1639210260000.0,88096,1639210260000.0,0.01920000000000002,-0.0004598400000000001,1129.9121897800026,1129.9931897800025,-0.1,22.992,0.3,22.8,long_nclose,6.84,0.006053567756740256,2.0
1639211460000.0,88116,1639211460000.0,0.0634999999999998,-0.00046870000000000006,1129.9752210800025,1130.1052210800026,-0.1,23.435,0.2,22.8,long_nclose,4.5600000000000005,0.004035486721241254,20.0
1639211580000.0,88118,1639211580000.0,0.0634999999999998,-0.00046870000000000006,1130.0382523800024,1130.1097523800024,-0.1,23.435,0.1,22.8,long_nclose,2.2800000000000002,0.0020176308148843938,2.0
1639211880000.0,88123,1639211880000.0,0.0634999999999998,-0.00046870000000000006,1130.1012836800023,1130.1012836800023,-0.1,23.435,0.0,22.8,long_nclose,0.0,0.0,5.0
1639303620000.0,89652,1639303620000.0,0.0,-0.00900372,1130.0922799600023,1130.0561799600023,1.9,23.694,1.9,23.694,long_ientry_normal,45.0186,0.03983621585450823,1529.0
1639307880000.0,89723,1639307880000.0,0.11999999999999957,-0.00286728,1130.2094126800023,1130.4577126800023,-0.6,23.894,1.3,23.694,long_nclose,30.8022,0.027253533419935395,71.0
1639308000000.0,89725,1639308000000.0,0.07999999999999972,-0.0019115199999999999,1130.2875011600022,1130.4594011600022,-0.4,23.894,0.9,23.694,long_nclose,21.3246,0.018866527302226016,2.0
1639308060000.0,89726,1639308060000.0,0.05999999999999978,-0.00143364,1130.3460675200022,1130.4816675200022,-0.3,23.894,0.6,23.694,long_nclose,14.216399999999998,0.012577033183466558,1.0
1639308360000.0,89731,1639308360000.0,0.03999999999999986,-0.0009557599999999999,1130.3851117600022,1130.4795117600022,-0.2,23.894,0.4,23.694,long_nclose,9.4776,0.008384399176351004,5.0
1639314540000.0,89834,1639314540000.0,0.13200000000000003,-0.0009741600000000001,1130.5161376000024,1130.6503376000023,-0.2,24.354,0.2,23.694,long_nclose,4.7388,0.004191713715878575,103.0
1639314720000.0,89837,1639314720000.0,0.06600000000000002,-0.00048708000000000003,1130.5816505200023,1130.6472505200022,-0.1,24.354,0.1,23.694,long_nclose,2.3694,0.002095735410980899,3.0
1639314840000.0,89839,1639314840000.0,0.06600000000000002,-0.00048708000000000003,1130.6471634400023,1130.6471634400023,-0.1,24.354,0.0,23.694,long_nclose,0.0,0.0,2.0
1639359600000.0,90585,1639359600000.0,0.0,-0.009108980000000001,1130.6380544600022,1130.6361544600022,1.9,23.971,1.9,23.971,long_ientry_normal,45.5449,0.040282475740437064,746.0
1639379400000.0,90915,1639379400000.0,0.0,-0.00887984,1130.6291746200022,1129.3580746200023,1.9,23.368,3.8,23.6695,long_rentry,89.94409999999999,0.07955225463753814,330.0
1639394400000.0,91165,1639394400000.0,0.23940000000000053,-0.00572856,1130.862846060002,1130.864146060002,-1.2,23.869,2.6,23.6695,long_nclose,61.5407,0.05441924298283537,250.0
1639401660000.0,91286,1639401660000.0,0.0,-0.0092076,1130.853638460002,1129.258938460002,2.0,23.019,4.6,23.38667391304348,long_rentry,107.5787,0.09513052471273012,121.0
1639408380000.0,91398,1639408380000.0,0.0,-0.01039094,1130.843247520002,1127.111847520002,2.3,22.589,6.9,23.120782608695652,long_rentry,159.5334,0.14107472485675185,112.0
1639409700000.0,91420,1639409700000.0,0.0,-0.015068119999999999,1130.828179400002,1123.9961794000021,3.4,22.159,10.3,22.803300970873785,long_rentry,234.874,0.2077008729342243,22.0
1639423080000.0,91643,1639423080000.0,0.0,-0.021607,1130.806572400002,1117.995072400002,5.0,21.607,15.3,22.412352941176472,long_rentry,342.90900000000005,0.3032428430905001,223.0
1639578840000.0,94239,1639578840000.0,0.0,-0.031330500000000004,1130.7752419000021,1112.1797419000022,7.5,20.887,22.8,21.910592105263156,long_rentry,499.56149999999997,0.44178673310940575,2596.0
1639595160000.0,94511,1639595160000.0,1.401500000000007,-0.0335844,1132.143157500002,1134.110157500002,-7.6,22.095,15.2,21.910592105263156,long_nclose,333.04099999999994,0.29416862858176074,272.0
1639595280000.0,94513,1639595280000.0,0.9220394736842152,-0.022095,1133.0431019736861,1135.842062500002,-5.0,22.095,10.2,21.910592105263156,long_nclose,223.48803947368418,0.19724584094319342,2.0
1639597020000.0,94542,1639597020000.0,0.6269868421052663,-0.015024599999999999,1133.6550642157913,1135.249037900002,-3.4,22.095,6.8,21.910592105263156,long_nclose,148.99202631578945,0.13142624332459985,29.0
1639597560000.0,94551,1639597560000.0,2.075386842105273,-0.01531428,1135.7151367778965,1137.4981236200017,-3.4,22.521,3.4,21.910592105263156,long_nclose,74.49601315789472,0.06559392469598066,9.0
1639597800000.0,94555,1639597800000.0,1.0376934210526365,-0.00765714,1136.7451730589491,1137.6026664800017,-1.7,22.521,1.7,21.910592105263156,long_nclose,37.24800657894736,0.032767244112164584,4.0
1639598700000.0,94570,1639598700000.0,0.488326315789476,-0.0036033600000000003,1137.2298960147386,1137.841363120002,-0.8,22.521,0.9,21.910592105263156,long_nclose,19.71953289473684,0.0173399705405575,15.0
1639598940000.0,94574,1639598940000.0,0.244163157894738,-0.0018016800000000002,1137.4722574926334,1137.8019614400018,-0.4,22.521,0.5,21.910592105263156,long_nclose,10.955296052631578,0.009631264393894483,4.0
1639599120000.0,94577,1639599120000.0,0.122081578947369,-0.0009008400000000001,1137.5934382315809,1137.776260600002,-0.2,22.521,0.3,21.910592105263156,long_nclose,6.573177631578947,0.0057781430611951535,3.0
1639599240000.0,94579,1639599240000.0,0.0610407894736845,-0.00045042000000000004,1137.6540286010545,1137.7669101800018,-0.1,22.521,0.2,21.910592105263156,long_nclose,4.382118421052631,0.003851890215201203,2.0
1639599300000.0,94580,1639599300000.0,0.0610407894736845,-0.00045042000000000004,1137.7146189705281,1137.7795597600018,-0.1,22.521,0.1,21.910592105263156,long_nclose,2.1910592105263156,0.0019258425390621388,1.0
1639599540000.0,94584,1639599540000.0,0.0610407894736845,-0.00045042000000000004,1137.7752093400018,1137.7752093400018,-0.1,22.521,0.0,21.910592105263156,long_nclose,0.0,0.0,4.0
1639682580000.0,95968,1639682580000.0,0.0,-0.00931728,1137.7658920600018,1137.8519920600017,2.1,22.184,2.1,22.184,long_ientry_normal,46.586400000000005,0.04094550585942789,1384.0
1639686120000.0,96027,1639686120000.0,0.13089999999999832,-0.0031319399999999997,1137.8936601200019,1138.1610601200018,-0.7,22.371,1.4,22.184,long_nclose,31.0576,0.027293938870109072,59.0
1639686360000.0,96031,1639686360000.0,0.07479999999999905,-0.0017896799999999999,1137.966670440002,1138.177670440002,-0.4,22.371,1.0,22.184,long_nclose,22.184,0.01949441980706027,4.0
1639687620000.0,96052,1639687620000.0,0.05609999999999928,-0.00134226,1138.021428180002,1138.186628180002,-0.3,22.371,0.7,22.184,long_nclose,15.5288,0.013645437261084503,21.0
1639687800000.0,96055,1639687800000.0,0.037399999999999524,-0.0008948399999999999,1138.057933340002,1138.158433340002,-0.2,22.371,0.5,22.184,long_nclose,11.092,0.009746428257344432,3.0
1639688100000.0,96060,1639688100000.0,0.018699999999999762,-0.00044741999999999997,1138.076185920002,1138.166585920002,-0.1,22.371,0.4,22.184,long_nclose,8.873600000000001,0.007797017554520508,5.0
1639688520000.0,96067,1639688520000.0,0.018699999999999762,-0.00044741999999999997,1138.094438500002,1138.160738500002,-0.1,22.371,0.3,22.184,long_nclose,6.6552,0.005847669380382433,7.0
1639689360000.0,96081,1639689360000.0,0.018699999999999762,-0.00044741999999999997,1138.1126910800022,1138.1448910800023,-0.1,22.371,0.2,22.184,long_nclose,4.436800000000001,0.003898383731921782,14.0
1639689480000.0,96083,1639689480000.0,0.018699999999999762,-0.00044741999999999997,1138.1309436600022,1138.1485436600021,-0.1,22.371,0.1,22.184,long_nclose,2.2184000000000004,0.0019491606061303177,2.0
1639689540000.0,96084,1639689540000.0,0.018699999999999762,-0.00044741999999999997,1138.1491962400023,1138.1491962400023,-0.1,22.371,0.0,22.184,long_nclose,0.0,0.0,1.0
1639692240000.0,96129,1639692240000.0,0.0,-0.009295860000000001,1138.1399003800022,1138.1126003800023,2.1,22.133,2.1,22.133,long_ientry_normal,46.4793,0.04083794969711675,45.0
1639721580000.0,96618,1639721580000.0,0.0,-0.009061080000000001,1138.1308393000022,1136.940139300002,2.1,21.574,4.2,21.8535,long_rentry,91.7847,0.08064512165969548,489.0
1639749180000.0,97078,1639749180000.0,0.0,-0.009310400000000002,1138.1215289000022,1135.2728289000022,2.2,21.16,6.4,21.615109375,long_rentry,138.3367,0.12154826746288055,460.0
1639750020000.0,97092,1639750020000.0,0.0,-0.012886700000000003,1138.1086422000021,1133.080942200002,3.1,20.785,9.5,21.34423157894737,long_rentry,202.77020000000002,0.17816418616068008,14.0
1639756260000.0,97196,1639756260000.0,0.5572821052631592,-0.013344880000000002,1138.6525794252652,1139.937497320002,-3.1,21.524,6.4,21.34423157894737,long_nclose,136.60308210526316,0.11996906218243808,104.0
1639758720000.0,97237,1639758720000.0,1.9032589473684198,-0.014040960000000002,1140.5417974126335,1142.400256360002,-3.2,21.939,3.2,21.34423157894737,long_nclose,68.30154105263158,0.05988517142254362,41.0
1639758780000.0,97238,1639758780000.0,0.9516294736842099,-0.007020480000000001,1141.4864064063179,1142.4636358800021,-1.6,21.939,1.6,21.34423157894737,long_nclose,34.15077052631579,0.029917807461090035,1.0
1639759200000.0,97245,1639759200000.0,0.47581473684210496,-0.0035102400000000004,1141.95871090316,1142.4193256400022,-0.8,21.939,0.8,21.34423157894737,long_nclose,17.075385263157894,0.014952716854056133,7.0
1639763400000.0,97315,1639763400000.0,0.03595368421052641,-0.00086096,1141.9938036273704,1142.114264680002,-0.2,21.524,0.6,21.34423157894737,long_nclose,12.806538947368422,0.011214193025120093,70.0
1639763640000.0,97319,1639763640000.0,0.03595368421052641,-0.00086096,1142.028896351581,1142.1012037200019,-0.2,21.524,0.4,21.34423157894737,long_nclose,8.537692631578947,0.007475898953918031,4.0
1639763760000.0,97321,1639763760000.0,0.017976842105263204,-0.00043048,1142.0464427136862,1142.102173240002,-0.1,21.524,0.3,21.34423157894737,long_nclose,6.403269473684211,0.005606838070848512,2.0
1639764060000.0,97326,1639764060000.0,0.017976842105263204,-0.00043048,1142.0639890757916,1142.104142760002,-0.1,21.524,0.2,21.34423157894737,long_nclose,4.268846315789474,0.003737834619270337,5.0
1639764540000.0,97334,1639764540000.0,0.017976842105263204,-0.00043048,1142.081535437897,1142.1016122800022,-0.1,21.524,0.1,21.34423157894737,long_nclose,2.134423157894737,0.0018688885965364602,8.0
1639764660000.0,97336,1639764660000.0,0.017976842105263204,-0.00043048,1142.0990818000023,1142.0990818000023,-0.1,21.524,0.0,21.34423157894737,long_nclose,0.0,0.0,2.0
1639773180000.0,97478,1639773180000.0,0.0,-0.009293240000000001,1142.0897885600023,1142.0655885600022,2.2,21.121,2.2,21.121,long_ientry_normal,46.4662,0.04068524249620221,142.0
1639775760000.0,97521,1639775760000.0,0.12460000000000057,-0.00298186,1142.2114067000023,1142.5324067000022,-0.7,21.299,1.5,21.121,long_nclose,31.6815,0.02773698442701775,43.0
1639777080000.0,97543,1639777080000.0,0.41160000000000063,-0.00303926,1142.6199674400023,1143.1071674400023,-0.7,21.709,0.8,21.121,long_nclose,16.8968,0.0147877688833468,22.0
1639777440000.0,97549,1639777440000.0,0.2352000000000004,-0.0017367200000000002,1142.8534307200023,1143.0950307200023,-0.4,21.709,0.4,21.121,long_nclose,8.4484,0.007392374011317858,6.0
1639779360000.0,97581,1639779360000.0,0.0,-0.00759528,1142.8458354400022,1142.8080354400022,1.8,21.098,2.2,21.102181818181815,long_ientry_partial,46.4248,0.04062210191467004,32.0
1639780500000.0,97600,1639780500000.0,0.12447272727272994,-0.0029792,1142.9673289672749,1143.2490562400021,-0.7,21.28,1.5,21.102181818181815,long_nclose,31.65327272727272,0.02769394358443557,19.0
1639781040000.0,97609,1639781040000.0,0.08890909090909282,-0.002128,1143.0541100581838,1143.271928240002,-0.5,21.28,1.0,21.102181818181815,long_nclose,21.102181818181815,0.01846122736666217,9.0
1639782960000.0,97641,1639782960000.0,0.053345454545455695,-0.0012768,1143.1061787127294,1143.2446514400021,-0.3,21.28,0.7,21.102181818181815,long_nclose,14.771527272727269,0.012922270518528496,32.0
1639783200000.0,97645,1639783200000.0,0.03556363636363713,-0.0008512000000000001,1143.140891149093,1143.219800240002,-0.2,21.28,0.5,21.102181818181815,long_nclose,10.551090909090908,0.009229912944925695,4.0
1639783320000.0,97647,1639783320000.0,0.017781818181818565,-0.00042560000000000005,1143.158247367275,1143.2393746400023,-0.1,21.28,0.4,21.102181818181815,long_nclose,8.440872727272726,0.007383818248009223,2.0
1639784400000.0,97665,1639784400000.0,0.017781818181818565,-0.00042560000000000005,1143.1756035854569,1143.2364490400023,-0.1,21.28,0.3,21.102181818181815,long_nclose,6.330654545454545,0.005537779607611529,18.0
1639784520000.0,97667,1639784520000.0,0.017781818181818565,-0.00042560000000000005,1143.1929598036388,1143.2325234400025,-0.1,21.28,0.2,21.102181818181815,long_nclose,4.220436363636363,0.0036917970211794242,2.0
1639784940000.0,97674,1639784940000.0,0.017781818181818565,-0.00042560000000000005,1143.2103160218207,1143.2290978400026,-0.1,21.28,0.1,21.102181818181815,long_nclose,2.1102181818181815,0.0018458704861598742,7.0
1639786140000.0,97694,1639786140000.0,0.0,-0.008828400000000002,1143.2014876218207,1143.1822694400025,2.1,21.02,2.2,21.02373553719008,long_ientry_partial,46.25221818181818,0.04045850069530241,20.0
1639787760000.0,97721,1639787760000.0,0.12408512396694354,-0.00296814,1143.3226046057878,1143.6620013000027,-0.7,21.201,1.5,21.02373553719008,long_nclose,31.535603305785123,0.027582419151643073,27.0
1639788000000.0,97725,1639788000000.0,0.08863223140495968,-0.0021201,1143.4091167371928,1143.6403812000026,-0.5,21.201,1.0,21.02373553719008,long_nclose,21.02373553719008,0.01838688814829722,4.0
1639790100000.0,97760,1639790100000.0,0.05317933884297581,-0.00127206,1143.4610240160357,1143.6369091400027,-0.3,21.201,0.7,21.02373553719008,long_nclose,14.716614876033056,0.012870237434368968,35.0
1639790700000.0,97770,1639790700000.0,0.0,-0.0062922,1143.4547318160357,1143.5321169400027,1.5,20.974,2.2,20.989824943651385,long_ientry_partial,46.177614876033054,0.04038429645806243,10.0
1639791480000.0,97783,1639791480000.0,0.12402253944403156,-0.0029633800000000003,1143.5757909754798,1143.8460535600027,-0.7,21.167,1.5,20.989824943651385,long_nclose,31.484737415477078,0.027531832751216543,13.0
1639791600000.0,97785,1639791600000.0,0.08858752817430826,-0.0021167000000000004,1143.662261803654,1143.8574368600027,-0.5,21.167,1.0,20.989824943651385,long_nclose,20.989824943651385,0.018353167403240726,2.0
1639793100000.0,97810,1639793100000.0,0.0,-0.005024880000000001,1143.657236923654,1143.6440119800025,1.2,20.937,2.2,20.961011338023358,long_ientry_partial,46.114224943651394,0.040321718304074175,25.0
1639793520000.0,97817,1639793520000.0,0.1238920633836507,-0.00295932,1143.7781696670377,1144.1591526600027,-0.7,21.138,1.5,20.961011338023358,long_nclose,31.44151700703504,0.027489173898281254,7.0
1639796100000.0,97860,1639796100000.0,0.08849433098832193,-0.0021138000000000003,1143.864550198026,1144.0485388600027,-0.5,21.138,1.0,20.961011338023358,long_nclose,20.961011338023358,0.018324732009917244,43.0
1639796340000.0,97864,1639796340000.0,0.053096598592993156,-0.00126828,1143.916378516619,1144.0451705800026,-0.3,21.138,0.7,20.961011338023358,long_nclose,14.67270793661635,0.012826731229815312,4.0
1639798620000.0,97902,1639798620000.0,0.17519659859299316,-0.0012927000000000001,1144.090282415212,1144.3298778800026,-0.3,21.545,0.4,20.961011338023358,long_nclose,8.384404535209343,0.007328446595586488,38.0
1639799040000.0,97909,1639799040000.0,0.11679773239532878,-0.0008618,1144.2062183476073,1144.3250160800026,-0.2,21.545,0.2,20.961011338023358,long_nclose,4.192202267604672,0.0036638520228100087,7.0
1639805160000.0,98011,1639805160000.0,0.05839886619766439,-0.0004309,1144.2641863138049,1144.3225851800025,-0.1,21.545,0.1,20.961011338023358,long_nclose,2.096101133802336,0.0018318332067656774,102.0
1639805220000.0,98012,1639805220000.0,0.05839886619766439,-0.0004309,1144.3221542800025,1144.3221542800025,-0.1,21.545,0.0,20.961011338023358,long_nclose,0.0,0.0,1.0
1639933860000.0,100156,1639933860000.0,0.0,-0.008988800000000002,1144.3131654800025,1144.2991654800026,2.0,22.472,2.0,22.472,long_ientry_normal,44.944,0.03927596164739348,2144.0
1639958520000.0,100567,1639958520000.0,0.0,-0.0092022,1144.3039632800026,1143.2209632800025,2.1,21.91,4.1,22.184146341463418,long_rentry,90.955,0.07948499954442961,411.0
1639962780000.0,100638,1639962780000.0,0.24290975609755527,-0.00581646,1144.5410565761001,1145.0894468200026,-1.3,22.371,2.8,22.184146341463418,long_nclose,62.11560975609756,0.0542711940294363,71.0
1639976460000.0,100866,1639976460000.0,0.16816829268292288,-0.004026780000000001,1144.705198088783,1145.1438200400025,-0.9,22.371,1.9,22.184146341463418,long_nclose,42.149878048780494,0.03682160098438844,228.0
1639977060000.0,100876,1639977060000.0,0.11211219512194859,-0.00268452,1144.8146257639048,1145.0822355200023,-0.6,22.371,1.3,22.184146341463418,long_nclose,28.839390243902443,0.02519131883439965,10.0
1639979760000.0,100921,1639979760000.0,0.0,-0.0034859200000000004,1144.8111398439048,1144.3221496000024,0.8,21.787,2.1,22.0328524970964,long_ientry_partial,46.268990243902444,0.04041626486112917,45.0
1639991220000.0,101112,1639991220000.0,0.0,-0.009020760000000001,1144.8021190839047,1143.0783288400023,2.1,21.478,4.2,21.7554262485482,long_rentry,91.37279024390244,0.07981535736238933,191.0
1640003220000.0,101312,1640003220000.0,0.0,-0.009269920000000003,1144.7928491639047,1142.0464589200024,2.2,21.068,6.4,21.519123475609756,long_rentry,137.72239024390245,0.12030332854060671,200.0
1640033460000.0,101816,1640033460000.0,0.3819407012195125,-0.009114420000000002,1145.1656754451242,1145.8789445000023,-2.1,21.701,4.3,21.519123475609756,long_nclose,92.53223094512195,0.08080248380580811,504.0
1640033640000.0,101819,1640033640000.0,0.25462713414634164,-0.00607628,1145.4142262992707,1145.8952682200024,-1.4,21.701,2.9,21.519123475609756,long_nclose,62.40545807926829,0.054482873222986464,3.0
1640033700000.0,101820,1640033700000.0,0.16368887195121964,-0.003906180000000001,1145.574008991222,1145.9857620400023,-0.9,21.701,2.0,21.519123475609756,long_nclose,43.03824695121951,0.037569154514179706,1.0
1640034060000.0,101826,1640034060000.0,0.10912591463414642,-0.00260412,1145.6805307858563,1145.9897579200026,-0.6,21.701,1.4,21.519123475609756,long_nclose,30.126772865853656,0.0262959630161375,6.0
1640035260000.0,101846,1640035260000.0,0.07275060975609762,-0.00173608,1145.7515453156122,1145.9774218400025,-0.4,21.701,1.0,21.519123475609756,long_nclose,21.519123475609756,0.018781666552046442,20.0
1640046480000.0,102033,1640046480000.0,0.05456295731707321,-0.00130206,1145.8048062129294,1145.9314197800027,-0.3,21.701,0.7,21.519123475609756,long_nclose,15.063386432926828,0.01314655546149589,187.0
1640046540000.0,102034,1640046540000.0,0.03637530487804881,-0.00086804,1145.8403134778075,1145.9482517400027,-0.2,21.701,0.5,21.519123475609756,long_nclose,10.759561737804878,0.00939010576888144,1.0
1640051400000.0,102115,1640051400000.0,0.018187652439024406,-0.00043402,1145.8580671102466,1145.9384177200027,-0.1,21.701,0.4,21.519123475609756,long_nclose,8.607649390243903,0.007511968224783405,81.0
1640051520000.0,102117,1640051520000.0,0.018187652439024406,-0.00043402,1145.8758207426856,1145.9315837000026,-0.1,21.701,0.3,21.519123475609756,long_nclose,6.455737042682927,0.005633888878551184,2.0
1640051880000.0,102123,1640051880000.0,0.018187652439024406,-0.00043402,1145.8935743751247,1145.9277496800028,-0.1,21.701,0.2,21.519123475609756,long_nclose,4.303824695121952,0.003755867727479754,6.0
1640052000000.0,102125,1640052000000.0,0.018187652439024406,-0.00043402,1145.9113280075637,1145.9264156600027,-0.1,21.701,0.1,21.519123475609756,long_nclose,2.151912347560976,0.0018779047688642554,2.0
1640055180000.0,102178,1640055180000.0,0.018187652439024406,-0.00043402,1145.9290816400028,1145.9290816400028,-0.1,21.701,0.0,21.519123475609756,long_nclose,0.0,0.0,53.0
1640376000000.0,107525,1640376000000.0,0.0,-0.00892704,1145.920154600003,1146.084954600003,1.6,27.897,1.6,27.897,long_ientry_normal,44.6352,0.03895140496554094,5347.0
1640376780000.0,107538,1640376780000.0,0.11750000000000149,-0.0028132,1146.034841400003,1146.302141400003,-0.5,28.132,1.1,27.897,long_nclose,30.686700000000002,0.02677641105789851,13.0
1640377080000.0,107543,1640377080000.0,0.0705000000000009,-0.00168792,1146.103653480003,1146.294053480003,-0.3,28.132,0.8,27.897,long_nclose,22.3176,0.019472584292210698,5.0
1640377500000.0,107550,1640377500000.0,0.0470000000000006,-0.0011252800000000002,1146.149528200003,1146.295328200003,-0.2,28.132,0.6,27.897,long_nclose,16.7382,0.014603853675433511,7.0
1640378100000.0,107560,1640378100000.0,0.0470000000000006,-0.0011252800000000002,1146.195402920003,1146.292602920003,-0.2,28.132,0.4,27.897,long_nclose,11.1588,0.009735512785666625,10.0
1640381880000.0,107623,1640381880000.0,0.0,-0.006686879999999999,1146.188716040003,1146.219516040003,1.2,27.862,1.6,27.870749999999994,long_ientry_partial,44.593199999999996,0.038905635150611316,63.0
1640385780000.0,107688,1640385780000.0,0.0,-0.00923984,1146.1794762000031,1145.1305762000031,1.7,27.176,3.3,27.512848484848483,long_rentry,90.79239999999999,0.07921307429182856,65.0
1640390520000.0,107767,1640390520000.0,0.0,-0.00905964,1146.170416560003,1143.504816560003,1.7,26.646,5.0,27.21812,long_rentry,136.0906,0.11873504850042126,79.0
1640433600000.0,108485,1640433600000.0,0.3662080000000003,-0.00878304,1146.527841520003,1147.299233520003,-1.6,27.447,3.4,27.21812,long_nclose,92.541608,0.08071466269612211,718.0
1640434620000.0,108502,1640434620000.0,0.2517680000000002,-0.0060383400000000005,1146.773571180003,1147.145895180003,-1.1,27.447,2.3,27.21812,long_nclose,62.60167599999999,0.05458939547724695,17.0
1640434740000.0,108504,1640434740000.0,0.16021600000000014,-0.0038425799999999995,1146.929944600003,1147.260952600003,-0.7,27.447,1.6,27.21812,long_nclose,43.548992,0.03797005406044038,2.0
1640434800000.0,108505,1640434800000.0,0.1144400000000001,-0.0027447,1147.041639900003,1147.285707900003,-0.5,27.447,1.1,27.21812,long_nclose,29.939932000000002,0.02610187020116385,1.0
1640434860000.0,108506,1640434860000.0,0.06866400000000006,-0.00164682,1147.108657080003,1147.306161080003,-0.3,27.447,0.8,27.21812,long_nclose,21.774496,0.0189820692796684,1.0
1640448120000.0,108727,1640448120000.0,0.3031520000000001,-0.0022380800000000004,1147.4095710000029,1147.7363230000028,-0.4,27.976,0.4,27.21812,long_nclose,10.887248,0.009488545568354835,221.0
1640448420000.0,108732,1640448420000.0,0.15157600000000004,-0.0011190400000000002,1147.5600279600028,1147.7124039600028,-0.2,27.976,0.2,27.21812,long_nclose,5.443624,0.0047436507610647905,5.0
1640448660000.0,108736,1640448660000.0,0.07578800000000002,-0.0005595200000000001,1147.6352564400029,1147.711944440003,-0.1,27.976,0.1,27.21812,long_nclose,2.721812,0.0023716699053348517,4.0
1640448780000.0,108738,1640448780000.0,0.07578800000000002,-0.0005595200000000001,1147.710484920003,1147.710484920003,-0.1,27.976,0.0,27.21812,long_nclose,0.0,0.0,2.0
1640607480000.0,111383,1640607480000.0,0.0,-0.0092091,1147.701275820003,1147.638275820003,1.5,30.697,1.5,30.697,long_ientry_normal,46.0455,0.040119760228637606,2645.0
1640608200000.0,111395,1640608200000.0,0.12950000000000017,-0.0030956,1147.827680220003,1148.205680220003,-0.5,30.956,1.0,30.697,long_nclose,30.697,0.026743561362901038,12.0
1640610780000.0,111438,1640610780000.0,0.0777000000000001,-0.00185736,1147.903522860003,1148.073622860003,-0.3,30.956,0.7,30.697,long_nclose,21.4879,0.018719256080391558,43.0
1640611200000.0,111445,1640611200000.0,0.05180000000000007,-0.00123824,1147.954084620003,1148.100584620003,-0.2,30.956,0.5,30.697,long_nclose,15.3485,0.013370308277687497,7.0
1640611500000.0,111450,1640611500000.0,0.025900000000000034,-0.00061912,1147.979365500003,1148.104565500003,-0.1,30.956,0.4,30.697,long_nclose,12.2788,0.010696011068676275,5.0
1640611680000.0,111453,1640611680000.0,0.025900000000000034,-0.00061912,1148.0046463800031,1148.086546380003,-0.1,30.956,0.3,30.697,long_nclose,9.2091,0.008021831644182804,3.0
1640613420000.0,111482,1640613420000.0,0.025900000000000034,-0.00061912,1148.0299272600032,1148.0855272600031,-0.1,30.956,0.2,30.697,long_nclose,6.1394,0.005347769996425854,29.0
1640613960000.0,111491,1640613960000.0,0.025900000000000034,-0.00061912,1148.0552081400033,1148.0815081400033,-0.1,30.956,0.1,30.697,long_nclose,3.0697,0.0026738261176248728,9.0
1640614080000.0,111493,1640614080000.0,0.025900000000000034,-0.00061912,1148.0804890200034,1148.0804890200034,-0.1,30.956,0.0,30.697,long_nclose,0.0,0.0,2.0
1640641980000.0,111958,1640641980000.0,0.0,-0.009207000000000002,1148.0712820200033,1148.1237820200033,1.5,30.69,1.5,30.69,long_ientry_normal,46.035000000000004,0.040097684456493456,465.0
1640645100000.0,112010,1640645100000.0,0.0,-0.008975700000000001,1148.0623063200032,1146.9688063200033,1.5,29.919,3.0,30.3045,long_rentry,90.9135,0.07918864638228039,52.0
1640650020000.0,112092,1640650020000.0,0.0,-0.009392000000000003,1148.0529143200033,1145.1204143200032,1.6,29.35,4.6,29.972500000000004,long_rentry,137.8735,0.12009333218030553,82.0
1640651700000.0,112120,1640651700000.0,0.0,-0.013260879999999997,1148.0396534400033,1142.6507534400034,2.3,28.828,6.9,29.591,long_rentry,204.17790000000002,0.17784917044302284,28.0
1640658000000.0,112225,1640658000000.0,0.0,-0.01916444,1148.0204890000034,1139.2013890000035,3.4,28.183,10.3,29.126223300970874,long_rentry,300.00010000000003,0.2613194650047741,105.0
1640694780000.0,112838,1640694780000.0,0.8356407766990266,-0.01997296,1148.8361568167024,1150.4837160400034,-3.4,29.372,6.9,29.126223300970874,long_nclose,200.97094077669905,0.1749343799672594,613.0
1640694840000.0,112839,1640694840000.0,0.5652864077669886,-0.01351112,1149.3879321044694,1150.5783049200033,-2.3,29.372,4.6,29.126223300970874,long_nclose,133.98062718446602,0.11656693396732856,1.0
1640694960000.0,112841,1640694960000.0,0.3686650485436882,-0.008811600000000001,1149.7477855530133,1150.5034933200036,-1.5,29.372,3.1,29.126223300970874,long_nclose,90.29129223300971,0.07853139042105726,2.0
1640702280000.0,112963,1640702280000.0,0.0,-0.00902784,1149.7387577130132,1146.4252654800034,1.6,28.212,4.7,28.814998347448874,long_rentry,135.43049223300972,0.11779240399132007,122.0
1640707560000.0,113051,1640707560000.0,0.0,-0.01275396,1149.7260037530132,1145.4057115200035,2.3,27.726,7.0,28.45718460471567,long_rentry,199.2002922330097,0.1732589256768714,88.0
1640711940000.0,113124,1640711940000.0,0.0,-0.01844432,1149.707559433013,1140.4896672000034,3.4,27.124,10.4,28.021335791635543,long_rentry,291.42189223300966,0.2534747987364078,73.0
1640718360000.0,113231,1640718360000.0,0.0,-0.026868839999999995,1149.6806905930132,1132.6495983600037,5.1,26.342,15.5,27.46878014406514,long_rentry,425.76609223300966,0.37033421167871977,107.0
1640784120000.0,114327,1640784120000.0,0.0,-0.03845448,1149.6422361130133,1119.9607438800037,7.6,25.299,23.1,26.75491308368007,long_rentry,618.0384922330096,0.5375920202119772,1096.0
1640789700000.0,114420,1640789700000.0,1.73316925566347,-0.0415492,1151.3338561686767,1153.7221946800037,-7.7,26.98,15.4,26.75491308368007,long_nclose,412.02566148867305,0.3578681016640833,93.0
1640789760000.0,114421,1640789760000.0,1.1479432732316488,-0.027519599999999998,1152.4542798419084,1155.8026750800036,-5.1,26.98,10.3,26.75491308368007,long_nclose,275.57560476190474,0.23912063982243853,1.0
1640790360000.0,114431,1640790360000.0,0.765295515487766,-0.018346400000000002,1153.2012289573963,1154.5818286800038,-3.4,26.98,6.9,26.75491308368007,long_nclose,184.60890027739248,0.16008385669541517,10.0
1640790420000.0,114432,1640790420000.0,0.5176999075358416,-0.0124108,1153.7065180649322,1154.695917880004,-2.3,26.98,4.6,26.75491308368007,long_nclose,123.0726001849283,0.1066758298213945,1.0
1640790480000.0,114433,1640790480000.0,0.33763037447989674,-0.008094,1154.036054439412,1154.7958238800038,-1.5,26.98,3.1,26.75491308368007,long_nclose,82.94023055940822,0.07186970479851906,1.0
1640790780000.0,114438,1640790780000.0,0.22508691631993116,-0.005396000000000001,1154.255745355732,1154.7494278800039,-1.0,26.98,2.1,26.75491308368007,long_nclose,56.18531747572815,0.04867666260427606,5.0
1640791080000.0,114443,1640791080000.0,0.1575608414239518,-0.0037772,1154.4095289971558,1154.7246506800036,-0.7,26.98,1.4,26.75491308368007,long_nclose,37.456878317152096,0.032446785457229524,5.0
1640791260000.0,114446,1640791260000.0,0.09003476652797247,-0.0021584000000000004,1154.4974053636836,1154.6824922800035,-0.4,26.98,1.0,26.75491308368007,long_nclose,26.75491308368007,0.023174511228331328,3.0
1640791380000.0,114448,1640791380000.0,0.06752607489597935,-0.0016187999999999999,1154.5633126385796,1154.7033734800036,-0.3,26.98,0.7,26.75491308368007,long_nclose,18.728439158576048,0.01622123183160483,2.0
1640791560000.0,114451,1640791560000.0,0.04501738326398624,-0.0010792000000000002,1154.6072508218435,1154.7522942800035,-0.2,26.98,0.5,26.75491308368007,long_nclose,13.377456541840035,0.011586153241561604,3.0
1640791680000.0,114453,1640791680000.0,0.02250869163199312,-0.0005396000000000001,1154.6292199134757,1154.7112546800038,-0.1,26.98,0.4,26.75491308368007,long_nclose,10.701965233472029,0.009268746233768447,2.0
1640792100000.0,114460,1640792100000.0,0.02250869163199312,-0.0005396000000000001,1154.6511890051079,1154.7382150800038,-0.1,26.98,0.3,26.75491308368007,long_nclose,8.026473925104021,0.006951427410748991,7.0
1640792400000.0,114465,1640792400000.0,0.02250869163199312,-0.0005396000000000001,1154.67315809674,1154.713175480004,-0.1,26.98,0.2,26.75491308368007,long_nclose,5.350982616736014,0.004634196767469762,5.0
1640792520000.0,114467,1640792520000.0,0.02250869163199312,-0.0005396000000000001,1154.6951271883722,1154.7201358800041,-0.1,26.98,0.1,26.75491308368007,long_nclose,2.675491308368007,0.0023170542988976677,2.0
1640793600000.0,114485,1640793600000.0,0.07450869163199307,-0.00055,1154.7690858800042,1154.7690858800042,-0.1,27.5,0.0,26.75491308368007,long_nclose,0.0,0.0,18.0
1640823420000.0,114982,1640823420000.0,0.0,-0.0090508,1154.7600350800042,1154.8620350800043,1.7,26.62,1.7,26.62,long_ientry_normal,45.254,0.03918909437913194,497.0
1640823840000.0,114989,1640823840000.0,0.1120000000000001,-0.0026844000000000004,1154.8693506800043,1155.3493506800044,-0.5,26.844,1.2,26.62,long_nclose,31.944,0.02766027168457704,7.0
1640824260000.0,114996,1640824260000.0,0.4451999999999984,-0.00328344,1155.3112672400043,1155.7942672400043,-0.6,27.362,0.6,26.62,long_nclose,15.972,0.013824845695616312,7.0
1640824680000.0,115003,1640824680000.0,0.7554000000000002,-0.00334548,1156.0633217600043,1156.0633217600043,-0.6,27.879,0.0,26.62,long_nclose,0.0,0.0,7.0
1640980800000.0,117605,1640980800000.0,0.0,-0.009171300000000002,1156.0541504600044,1156.4576504600043,1.5,30.571,1.5,30.571,long_ientry_normal,45.856500000000004,0.039666394503884865,2602.0
1640981100000.0,117610,1640981100000.0,0.5963999999999977,-0.00439922,1156.6461512400042,1157.3493512400041,-0.7,31.423,0.8,30.571,long_nclose,24.4568,0.021144582527491775,5.0
1640981400000.0,117615,1640981400000.0,0.3407999999999987,-0.0025138400000000003,1156.9844374000043,1157.3500374000043,-0.4,31.423,0.4,30.571,long_nclose,12.2284,0.010569200072802947,5.0
1640982480000.0,117633,1640982480000.0,0.17039999999999936,-0.0012569200000000001,1157.1535804800042,1157.3263804800042,-0.2,31.423,0.2,30.571,long_nclose,6.1142,0.005283827577549163,18.0
1640982600000.0,117635,1640982600000.0,0.08519999999999968,-0.0006284600000000001,1157.2381520200042,1157.3270520200042,-0.1,31.423,0.1,30.571,long_nclose,3.0571,0.0026417207164002613,2.0
1640983560000.0,117651,1640983560000.0,0.025799999999999913,-0.0006165800000000001,1157.263335440004,1157.263335440004,-0.1,30.829,0.0,30.571,long_nclose,0.0,0.0,16.0
1640984880000.0,117673,1640984880000.0,0.0,-0.009171300000000002,1157.2541641400041,1157.3726641400042,1.5,30.571,1.5,30.571,long_ientry_normal,45.856500000000004,0.039625262471254585,22.0
1640985420000.0,117682,1640985420000.0,0.12899999999999956,-0.0030829000000000004,1157.380081240004,1157.689081240004,-0.5,30.829,1.0,30.571,long_nclose,30.571,0.026413967628721044,9.0
1640986620000.0,117702,1640986620000.0,0.4259999999999984,-0.0031422999999999998,1157.802938940004,1158.202438940004,-0.5,31.423,0.5,30.571,long_nclose,15.2855,0.013202160303716483,20.0
1640987640000.0,117719,1640987640000.0,0.17039999999999936,-0.0012569200000000001,1157.9720820200039,1158.225282020004,-0.2,31.423,0.3,30.571,long_nclose,9.1713,0.007920139131507634,17.0
1640987700000.0,117720,1640987700000.0,0.08519999999999968,-0.0006284600000000001,1158.056653560004,1158.237453560004,-0.1,31.423,0.2,30.571,long_nclose,6.1142,0.005279707155262415,1.0
1640987820000.0,117722,1640987820000.0,0.08519999999999968,-0.0006284600000000001,1158.141225100004,1158.227625100004,-0.1,31.423,0.1,30.571,long_nclose,3.0571,0.0026396608062510024,2.0
1640988720000.0,117737,1640988720000.0,0.14460000000000015,-0.0006403400000000002,1158.285184760004,1158.285184760004,-0.1,32.017,0.0,30.571,long_nclose,0.0,0.0,15.0
1641124260000.0,119996,1641124260000.0,0.0,-0.00902642,1158.276158340004,1158.4360583400041,1.3,34.717,1.3,34.717,long_ientry_normal,45.1321,0.03896488732417799,2259.0
1641124860000.0,120006,1641124860000.0,0.11680000000000064,-0.00280072,1158.390157620004,1158.563857620004,-0.4,35.009,0.9,34.717,long_nclose,31.2453,0.026973036497647495,10.0
1641125040000.0,120009,1641125040000.0,0.0,-0.00277688,1158.387380740004,1158.270180740004,0.4,34.711,1.3,34.71515384615385,long_ientry_partial,45.1297,0.03895907427027574,3.0
1641126900000.0,120040,1641126900000.0,0.11713846153846248,-0.0028006400000000005,1158.5017185615422,1158.8345801000037,-0.4,35.008,0.9,34.71515384615385,long_nclose,31.243638461538463,0.026969004845614073,31.0
1641127980000.0,120058,1641127980000.0,0.08785384615384685,-0.00210048,1158.587471927696,1158.7493796200038,-0.3,35.008,0.6,34.71515384615385,long_nclose,20.829092307692306,0.017978005815164025,18.0
1641128100000.0,120060,1641128100000.0,0.05856923076923124,-0.0014003200000000003,1158.6446408384654,1158.766579300004,-0.2,35.008,0.4,34.71515384615385,long_nclose,13.88606153846154,0.01198474583925296,2.0
1641130140000.0,120094,1641130140000.0,0.02928461538461562,-0.0007001600000000001,1158.67322529385,1158.757179140004,-0.1,35.008,0.3,34.71515384615385,long_nclose,10.414546153846153,0.008988337631781324,34.0
1641134460000.0,120166,1641134460000.0,0.02928461538461562,-0.0007001600000000001,1158.7018097492346,1158.7607789800038,-0.1,35.008,0.2,34.71515384615385,long_nclose,6.94303076923077,0.005992077263375791,72.0
1641135540000.0,120184,1641135540000.0,0.02928461538461562,-0.0007001600000000001,1158.7303942046192,1158.7593788200038,-0.1,35.008,0.1,34.71515384615385,long_nclose,3.471515384615385,0.0029959647230953304,18.0
1641135600000.0,120185,1641135600000.0,0.02928461538461562,-0.0007001600000000001,1158.7589786600038,1158.7589786600038,-0.1,35.008,0.0,34.71515384615385,long_nclose,0.0,0.0,1.0
1641147780000.0,120388,1641147780000.0,0.0,-0.00899132,1158.7499873400038,1158.7083873400038,1.3,34.582,1.3,34.582,long_ientry_normal,44.9566,0.03879749772701288,203.0
1641149400000.0,120415,1641149400000.0,0.11639999999999873,-0.00278984,1158.8635975000038,1159.0957975000038,-0.4,34.873,0.9,34.582,long_nclose,31.123800000000003,0.026857172895190455,27.0
1641149940000.0,120424,1641149940000.0,0.08729999999999905,-0.0020923799999999996,1158.9488051200037,1159.1306051200038,-0.3,34.873,0.6,34.582,long_nclose,20.7492,0.017903465544236455,9.0
1641150180000.0,120428,1641150180000.0,0.05819999999999936,-0.00139492,1159.0056102000037,1159.1468102000038,-0.2,34.873,0.4,34.582,long_nclose,13.8328,0.011935058707449176,4.0
1641152160000.0,120461,1641152160000.0,0.02909999999999968,-0.00069746,1159.0340127400036,1159.1294127400035,-0.1,34.873,0.3,34.582,long_nclose,10.3746,0.008951074675948485,33.0
1641154260000.0,120496,1641154260000.0,0.02909999999999968,-0.00069746,1159.0624152800035,1159.1370152800034,-0.1,34.873,0.2,34.582,long_nclose,6.9164,0.005967236888040368,35.0
1641157500000.0,120550,1641157500000.0,0.02909999999999968,-0.00069746,1159.0908178200034,1159.1226178200034,-0.1,34.873,0.1,34.582,long_nclose,3.4582,0.002983545332974097,54.0
1641161520000.0,120617,1641161520000.0,0.02909999999999968,-0.00069746,1159.1192203600033,1159.1192203600033,-0.1,34.873,0.0,34.582,long_nclose,0.0,0.0,67.0
1641170220000.0,120762,1641170220000.0,0.0,-0.008985080000000001,1159.1102352800033,1159.1648352800032,1.3,34.558,1.3,34.558,long_ientry_normal,44.9254,0.03875852238432481,145.0
1641170700000.0,120770,1641170700000.0,0.11639999999999873,-0.0027879199999999997,1159.2238473600032,1159.4866473600032,-0.4,34.849,0.9,34.558,long_nclose,31.1022,0.026830193383988454,8.0
1641170940000.0,120774,1641170940000.0,0.08729999999999905,-0.00209094,1159.3090564200031,1159.4992564200031,-0.3,34.849,0.6,34.558,long_nclose,20.7348,0.017885480912251273,4.0
1641171840000.0,120789,1641171840000.0,0.05819999999999936,-0.0013939599999999999,1159.365862460003,1159.488662460003,-0.2,34.849,0.4,34.558,long_nclose,13.8232,0.011923069712152136,15.0
1641174000000.0,120825,1641174000000.0,0.02909999999999968,-0.0006969799999999999,1159.394265480003,1159.465365480003,-0.1,34.849,0.3,34.558,long_nclose,10.3674,0.008942083214209941,36.0
1641174480000.0,120833,1641174480000.0,0.02909999999999968,-0.0006969799999999999,1159.422668500003,1159.479068500003,-0.1,34.849,0.2,34.558,long_nclose,6.9116,0.005961242770026091,8.0
1641174540000.0,120834,1641174540000.0,0.02909999999999968,-0.0006969799999999999,1159.451071520003,1159.4797715200032,-0.1,34.849,0.1,34.558,long_nclose,3.4558,0.002980548368866965,1.0
1641174600000.0,120835,1641174600000.0,0.02909999999999968,-0.0006969799999999999,1159.4794745400031,1159.4794745400031,-0.1,34.849,0.0,34.558,long_nclose,0.0,0.0,1.0
1641181080000.0,120943,1641181080000.0,0.0,-0.00961352,1159.4698610200032,1159.4642610200033,1.4,34.334,1.4,34.334,long_ientry_normal,48.0676,0.04145653252057298,108.0
1641182820000.0,120972,1641182820000.0,0.11559999999999776,-0.00276984,1159.5826911800034,1159.8736911800033,-0.4,34.623,1.0,34.334,long_nclose,34.334,0.029608927643669264,29.0
1641183300000.0,120980,1641183300000.0,0.0866999999999983,-0.0020773799999999998,1159.6673138000035,1159.9235138000035,-0.3,34.623,0.7,34.334,long_nclose,24.0338,0.020724736925839468,8.0
1641183780000.0,120988,1641183780000.0,0.05779999999999888,-0.00138492,1159.7237288800036,1159.8667288800036,-0.2,34.623,0.5,34.334,long_nclose,17.167,0.014802663403790946,8.0
1641183840000.0,120989,1641183840000.0,0.02889999999999944,-0.00069246,1159.7519364200036,1159.8863364200035,-0.1,34.623,0.4,34.334,long_nclose,13.733600000000003,0.011841842698184024,1.0
1641185880000.0,121023,1641185880000.0,0.02889999999999944,-0.00069246,1159.7801439600037,1159.8674439600036,-0.1,34.623,0.3,34.334,long_nclose,10.3002,0.00888116601550924,34.0
1641186000000.0,121025,1641186000000.0,0.02889999999999944,-0.00069246,1159.8083515000037,1159.8685515000036,-0.1,34.623,0.2,34.334,long_nclose,6.866800000000001,0.005920633345258317,2.0
1641190980000.0,121108,1641190980000.0,0.02889999999999944,-0.00069246,1159.8365590400037,1159.8681590400038,-0.1,34.623,0.1,34.334,long_nclose,3.4334000000000007,0.0029602446769239833,83.0
1641191760000.0,121121,1641191760000.0,0.02889999999999944,-0.00069246,1159.8647665800038,1159.8647665800038,-0.1,34.623,0.0,34.334,long_nclose,0.0,0.0,13.0
1641378900000.0,124240,1641378900000.0,0.0,-0.008915280000000001,1159.8558513000037,1159.7524513000037,1.1,40.524,1.1,40.524,long_ientry_normal,44.57640000000001,0.03843270691787893,3119.0
1641386820000.0,124372,1641386820000.0,0.0,-0.00948408,1159.8463672200037,1158.8950672200037,1.2,39.517,2.3,39.99860869565218,long_rentry,91.99680000000001,0.0793180912576413,132.0
1641388980000.0,124408,1641388980000.0,0.2354739130434744,-0.0056469,1160.076194233047,1160.7504203200035,-0.7,40.335,1.6,39.99860869565218,long_nclose,63.99777391304349,0.05516687113414467,36.0
1641396720000.0,124537,1641396720000.0,0.1681956521739103,-0.004033500000000001,1160.2403563852208,1160.5278868200035,-0.5,40.335,1.1,39.99860869565218,long_nclose,43.9984695652174,0.03792185759017773,129.0
1641396780000.0,124538,1641396780000.0,0.10091739130434618,-0.0024201,1160.338853676525,1160.5599667200033,-0.3,40.335,0.8,39.99860869565218,long_nclose,31.998886956521744,0.027577191658396602,1.0
1641397740000.0,124554,1641397740000.0,0.06727826086956412,-0.0016134,1160.4045185373948,1160.6123533200034,-0.2,40.335,0.6,39.99860869565218,long_nclose,23.999165217391308,0.020681723342167356,16.0
1641399120000.0,124577,1641399120000.0,0.06727826086956412,-0.0016134,1160.4701833982645,1160.6207399200036,-0.2,40.335,0.4,39.99860869565218,long_nclose,15.999443478260872,0.013787035381993943,23.0
1641400080000.0,124593,1641400080000.0,0.03363913043478206,-0.0008067,1160.503015828699,1160.5784332200035,-0.1,40.335,0.3,39.99860869565218,long_nclose,11.999582608695654,0.010339983994032896,16.0
1641401760000.0,124621,1641401760000.0,0.0,-0.007134660000000001,1160.495881168699,1160.4329985600034,0.9,39.637,1.2,39.72740217391305,long_ientry_partial,47.67288260869566,0.04107975166674938,28.0
1641402300000.0,124630,1641402300000.0,0.13383913043477946,-0.0032049599999999998,1160.626515339134,1160.8445936000035,-0.4,40.062,0.8,39.72740217391305,long_nclose,31.78192173913044,0.027383418627002325,9.0
1641402600000.0,124635,1641402600000.0,0.06691956521738973,-0.0016024799999999999,1160.6918324243513,1160.8793911200034,-0.2,40.062,0.6,39.72740217391305,long_nclose,23.83644130434783,0.020536408233837882,5.0
1641402720000.0,124637,1641402720000.0,0.06691956521738973,-0.0016024799999999999,1160.7571495095688,1160.8921886400035,-0.2,40.062,0.4,39.72740217391305,long_nclose,15.89096086956522,0.013690168418328767,2.0
1641404040000.0,124659,1641404040000.0,0.0,-0.006330240000000001,1160.7508192695689,1160.4466584000036,0.8,39.564,1.2,39.61846739130435,long_ientry_partial,47.542160869565215,0.04095811097465543,22.0
1641405480000.0,124683,1641405480000.0,0.0,-0.00926832,1160.7415509495688,1159.7737900800037,1.2,38.618,2.4,39.11823369565218,long_rentry,93.88376086956522,0.08088257096746615,24.0
1641407400000.0,124715,1641407400000.0,0.2638130434782568,-0.006311680000000001,1160.999052313047,1161.4738784000035,-0.8,39.448,1.6,39.11823369565218,long_nclose,62.58917391304349,0.05390975452421575,32.0
1641407460000.0,124716,1641407460000.0,0.16488315217391047,-0.0039448,1161.159990665221,1161.5469336000035,-0.5,39.448,1.1,39.11823369565218,long_nclose,43.0300570652174,0.03705781925931306,1.0
1641407760000.0,124721,1641407760000.0,0.09892989130434628,-0.00236688,1161.2565536765253,1161.4259667200035,-0.3,39.448,0.8,39.11823369565218,long_nclose,31.294586956521744,0.026948900186994366,5.0
1641407880000.0,124723,1641407880000.0,0.0,-0.0031396,1161.2534140765254,1161.4148271200036,0.4,39.245,1.2,39.16048913043479,long_ientry_partial,46.99258695652175,0.04046712490735031,2.0
1641411300000.0,124780,1641411300000.0,0.0,-0.00916176,1161.2442523165253,1160.3628653600035,1.2,38.174,2.4,38.667244565217395,long_rentry,92.80138695652174,0.07991547581087745,57.0
1641411960000.0,124791,1641411960000.0,0.0,-0.0089868,1161.2352655165253,1158.6798785600035,1.2,37.445,3.6,38.25982971014493,long_rentry,137.73538695652175,0.11861109548309845,11.0
1641420180000.0,124928,1641420180000.0,0.0,-0.01325124,1161.2220142765252,1156.3824273200034,1.8,36.809,5.4,37.77621980676328,long_rentry,203.99158695652173,0.1756697551790855,137.0
1641421260000.0,124946,1641421260000.0,0.0,-0.01871584,1161.2032984365253,1152.2325114800037,2.6,35.992,8.0,37.196348369565214,long_rentry,297.5707869565217,0.2562607145167249,18.0
1641421920000.0,124957,1641421920000.0,0.0,-0.027261000000000004,1161.1760374365253,1141.5987504800037,3.9,34.95,11.9,36.46015016441359,long_rentry,433.8757869565217,0.3736520329117101,11.0
1641422280000.0,124963,1641422280000.0,1.1967143587870075,-0.02867826,1162.3440735353122,1164.1428722200035,-3.9,36.767,8.0,36.46015016441359,long_nclose,291.6812013153087,0.25094221922442433,6.0
1641422340000.0,124964,1641422340000.0,0.7978095725246718,-0.019118840000000005,1163.122764267837,1167.4419533800037,-2.6,36.767,5.4,36.46015016441359,long_nclose,196.8848108878334,0.1692725969573543,1.0
1641422340000.0,124964,1641422340000.0,2.641209572524662,-0.01948752,1165.7444863203618,1167.9840658600037,-2.6,37.476,2.8,36.46015016441359,long_nclose,102.08842046035805,0.08757358208280885,0.0
1641422520000.0,124967,1641422520000.0,1.4221897698209716,-0.010493279999999999,1167.1561828101828,1169.0109725800037,-1.4,37.476,1.4,36.46015016441359,long_nclose,51.044210230179026,0.0437338301265551,3.0
1641422820000.0,124972,1641422820000.0,2.413389769820969,-0.01069152,1169.5588810600038,1169.5588810600038,-1.4,38.184,0.0,36.46015016441359,long_nclose,0.0,0.0,5.0
1641422940000.0,124974,1641422940000.0,0.0,-0.009029760000000001,1169.5498513000039,1169.467051300004,1.2,37.624,1.2,37.624,long_ientry_normal,45.1488,0.038603570382070684,2.0
1641423540000.0,124984,1641423540000.0,0.12680000000000008,-0.0030352800000000004,1169.673616020004,1170.066416020004,-0.4,37.941,0.8,37.624,long_nclose,30.099200000000003,0.02573299045798537,10.0
1641423780000.0,124988,1641423780000.0,0.06340000000000004,-0.0015176400000000002,1169.735498380004,1169.871098380004,-0.2,37.941,0.6,37.624,long_nclose,22.5744,0.019298721831784924,4.0
1641423840000.0,124989,1641423840000.0,0.06340000000000004,-0.0015176400000000002,1169.797380740004,1169.865780740004,-0.2,37.941,0.4,37.624,long_nclose,15.049600000000002,0.012865133952069334,1.0
1641423900000.0,124990,1641423900000.0,0.0,-0.006013120000000001,1169.791367620004,1169.712167620004,0.8,37.582,1.2,37.596000000000004,long_ientry_partial,45.1152,0.03856687717895287,1.0
1641424260000.0,124996,1641424260000.0,0.12679999999999722,-0.00303304,1169.915134580004,1170.246334580004,-0.4,37.913,0.8,37.596000000000004,long_nclose,30.076800000000006,0.02570853142334763,6.0
1641424440000.0,124999,1641424440000.0,0.41879999999999884,-0.00309144,1170.330843140004,1170.720443140004,-0.4,38.643,0.4,37.596000000000004,long_nclose,15.038400000000003,0.01284969979911996,3.0
1641424740000.0,125004,1641424740000.0,0.20939999999999942,-0.00154572,1170.538697420004,1170.7464974200038,-0.2,38.643,0.2,37.596000000000004,long_nclose,7.519200000000001,0.006423709029503378,5.0
1641424800000.0,125005,1641424800000.0,0.10469999999999971,-0.00077286,1170.642624560004,1170.773024560004,-0.1,38.643,0.1,37.596000000000004,long_nclose,3.7596000000000007,0.0032115693732005348,1.0
1641425160000.0,125011,1641425160000.0,0.17779999999999987,-0.0007874800000000001,1170.8196370800038,1170.8196370800038,-0.1,39.374,0.0,37.596000000000004,long_nclose,0.0,0.0,6.0
1641432180000.0,125128,1641432180000.0,0.0,-0.00909648,1170.8105406000038,1170.6161406000037,1.2,37.902,1.2,37.902,long_ientry_normal,45.4824,0.0388469341732196,117.0
1641433920000.0,125157,1641433920000.0,0.0,-0.00960908,1170.8009315200038,1169.635631520004,1.3,36.958,2.5,37.41112,long_rentry,93.52779999999998,0.07988360572841072,29.0
1641440880000.0,125273,1641440880000.0,0.0,-0.00941928,1170.7915122400038,1168.4303122400038,1.3,36.228,3.8,37.00636842105263,long_rentry,140.62419999999997,0.12011036852406992,116.0
1641445620000.0,125352,1641445620000.0,0.3739578947368443,-0.00895632,1171.1565138147407,1171.9849559200038,-1.2,37.318,2.6,37.00636842105263,long_nclose,96.21655789473684,0.08215516607710799,79.0
1641445800000.0,125355,1641445800000.0,0.24930526315789622,-0.00597088,1171.3998481978986,1171.964385040004,-0.8,37.318,1.8,37.00636842105263,long_nclose,66.61146315789473,0.056864838475411225,3.0
1641446160000.0,125361,1641446160000.0,0.18697894736842216,-0.00447816,1171.5823489852671,1172.126706880004,-0.6,37.318,1.2,37.00636842105263,long_nclose,44.40764210526315,0.03790398698284041,6.0
1641446580000.0,125368,1641446580000.0,0.12465263157894811,-0.00298544,1171.7040161768462,1171.950921440004,-0.4,37.318,0.8,37.00636842105263,long_nclose,29.605094736842105,0.025266700743623454,7.0
1641446640000.0,125369,1641446640000.0,0.062326315789474056,-0.00149272,1171.7648497726357,1171.977028720004,-0.2,37.318,0.6,37.00636842105263,long_nclose,22.203821052631575,0.01894904174411778,1.0
1641446760000.0,125371,1641446760000.0,0.062326315789474056,-0.00149272,1171.8256833684252,1171.9611360000042,-0.2,37.318,0.4,37.00636842105263,long_nclose,14.802547368421052,0.012632038688442955,2.0
1641447120000.0,125377,1641447120000.0,0.031163157894737028,-0.00074636,1171.85610016632,1171.950189640004,-0.1,37.318,0.3,37.00636842105263,long_nclose,11.101910526315788,0.009473783107618853,6.0
1641447660000.0,125386,1641447660000.0,0.0,-0.007344400000000001,1171.84875576632,1171.7803452400042,1.0,36.722,1.3,36.787623481781374,long_ientry_partial,47.823910526315785,0.04081065094022459,9.0
1641448080000.0,125393,1641448080000.0,0.12375060728745098,-0.0029677600000000003,1171.9695386136075,1172.2461774800042,-0.4,37.097,0.9,36.787623481781374,long_nclose,33.108861133603234,0.028250615773486466,7.0
1641448200000.0,125395,1641448200000.0,0.09281295546558822,-0.00222582,1172.0601257490732,1172.3105516600044,-0.3,37.097,0.6,36.787623481781374,long_nclose,22.072574089068823,0.018832288211291258,2.0
1641449040000.0,125409,1641449040000.0,0.06187530364372549,-0.0014838800000000001,1172.120517172717,1172.2654677800044,-0.2,37.097,0.4,36.787623481781374,long_nclose,14.715049392712551,0.012554211940771125,14.0
1641449520000.0,125417,1641449520000.0,0.030937651821862745,-0.0007419400000000001,1172.150712884539,1172.2654258400046,-0.1,37.097,0.3,36.787623481781374,long_nclose,11.036287044534411,0.009415416399291585,8.0
1641451560000.0,125451,1641451560000.0,0.030937651821862745,-0.0007419400000000001,1172.180908596361,1172.2303839000047,-0.1,37.097,0.2,36.787623481781374,long_nclose,7.3575246963562755,0.006276782570334312,34.0
1641452040000.0,125459,1641452040000.0,0.030937651821862745,-0.0007419400000000001,1172.211104308183,1172.236341960005,-0.1,37.097,0.1,36.787623481781374,long_nclose,3.6787623481781377,0.0031383104414023397,8.0
1641452100000.0,125460,1641452100000.0,0.030937651821862745,-0.0007419400000000001,1172.241300020005,1172.241300020005,-0.1,37.097,0.0,36.787623481781374,long_nclose,0.0,0.0,1.0
1641457620000.0,125552,1641457620000.0,0.0,-0.00950768,1172.2317923400049,1172.260392340005,1.3,36.568,1.3,36.568,long_ientry_normal,47.538399999999996,0.040553754223901416,92.0
1641461760000.0,125621,1641461760000.0,0.0,-0.00926822,1172.222524120005,1171.150024120005,1.3,35.647,2.6,36.1075,long_rentry,93.87950000000001,0.08008675662539069,69.0
1641465060000.0,125676,1641465060000.0,0.24359999999999787,-0.00582592,1172.460298200005,1173.049798200005,-0.8,36.412,1.8,36.1075,long_nclose,64.99350000000001,0.05543343352417129,55.0
1641465240000.0,125679,1641465240000.0,0.1826999999999984,-0.00436944,1172.638628760005,1172.9056287600051,-0.6,36.412,1.2,36.1075,long_nclose,43.329,0.03695000227462898,3.0
1641466020000.0,125692,1641466020000.0,0.12179999999999894,-0.00291296,1172.757515800005,1173.099515800005,-0.4,36.412,0.8,36.1075,long_nclose,28.886000000000003,0.024630837671754516,13.0
1641466440000.0,125699,1641466440000.0,0.06089999999999947,-0.00145648,1172.816959320005,1173.013459320005,-0.2,36.412,0.6,36.1075,long_nclose,21.6645,0.018472191954455534,7.0
1641466680000.0,125703,1641466680000.0,0.06089999999999947,-0.00145648,1172.876402840005,1172.9974028400052,-0.2,36.412,0.4,36.1075,long_nclose,14.443000000000001,0.012314170500001274,4.0
1641466740000.0,125704,1641466740000.0,0.030449999999999734,-0.00072824,1172.9061246000051,1173.0103746000052,-0.1,36.412,0.3,36.1075,long_nclose,10.83225,0.009235393841680305,1.0
1641467040000.0,125709,1641467040000.0,0.030449999999999734,-0.00072824,1172.9358463600051,1173.001346360005,-0.1,36.412,0.2,36.1075,long_nclose,7.221500000000001,0.006156773213480194,5.0
1641467340000.0,125714,1641467340000.0,0.030449999999999734,-0.00072824,1172.9655681200052,1172.9903181200052,-0.1,36.412,0.1,36.1075,long_nclose,3.6107500000000003,0.0030783086035400037,5.0
1641467460000.0,125716,1641467460000.0,0.030449999999999734,-0.00072824,1172.9952898800052,1172.9952898800052,-0.1,36.412,0.0,36.1075,long_nclose,0.0,0.0,2.0
1641468660000.0,125736,1641468660000.0,0.0,-0.0093626,1172.9859272800052,1173.0314272800051,1.3,36.01,1.3,36.01,long_ientry_normal,46.813,0.03990925970318585,20.0
1641470040000.0,125759,1641470040000.0,0.12120000000000175,-0.0029050400000000007,1173.1042222400051,1173.4012222400052,-0.4,36.313,0.9,36.01,long_nclose,32.409,0.02762670134978804,23.0
1641470280000.0,125763,1641470280000.0,0.09090000000000131,-0.0021787800000000004,1173.1929434600052,1173.3669434600051,-0.3,36.313,0.6,36.01,long_nclose,21.605999999999998,0.018416408077156627,4.0
1641470340000.0,125764,1641470340000.0,0.060600000000000875,-0.0014525200000000003,1173.2520909400052,1173.3440909400053,-0.2,36.313,0.4,36.01,long_nclose,14.404,0.012276986430477673,1.0
1641470400000.0,125765,1641470400000.0,0.030300000000000438,-0.0007262600000000002,1173.2816646800052,1173.4001646800052,-0.1,36.313,0.3,36.01,long_nclose,10.802999999999999,0.009207507732549757,1.0
1641471180000.0,125778,1641471180000.0,0.0,-0.007186400000000001,1173.2744782800053,1173.3004782800053,1.0,35.932,1.3,35.95,long_ientry_partial,46.73500000000001,0.03983296395274232,13.0
1641473160000.0,125811,1641473160000.0,0.12119999999999892,-0.00290024,1173.3927780400054,1173.7662780400053,-0.4,36.253,0.9,35.95,long_nclose,32.355000000000004,0.027573887112246145,33.0
1641474900000.0,125840,1641474900000.0,0.4003999999999991,-0.0029560800000000003,1173.7902219600053,1174.3602219600052,-0.4,36.951,0.5,35.95,long_nclose,17.975,0.015313639237840291,29.0
1641476940000.0,125874,1641476940000.0,0.8499999999999979,-0.003765,1174.6364569600053,1174.6364569600053,-0.5,37.65,0.0,35.95,long_nclose,0.0,0.0,34.0
1641526860000.0,126706,1641526860000.0,0.0,-0.00920448,1174.6272524800052,1174.450852480005,1.2,38.352,1.2,38.352,long_ientry_normal,46.0224,0.039180429283274615,832.0
1641527100000.0,126710,1641527100000.0,0.12920000000000018,-0.003094,1174.7533584800053,1174.9517584800053,-0.4,38.675,0.8,38.352,long_nclose,30.6816,0.026117482260019614,4.0
1641527160000.0,126711,1641527160000.0,0.06460000000000009,-0.001547,1174.8164114800052,1175.0702114800051,-0.2,38.675,0.6,38.352,long_nclose,23.0112,0.01958706039100275,1.0
1641527280000.0,126713,1641527280000.0,0.06460000000000009,-0.001547,1174.879464480005,1174.994664480005,-0.2,38.675,0.4,38.352,long_nclose,15.3408,0.013057339466555193,2.0
1641527340000.0,126714,1641527340000.0,0.032300000000000044,-0.0007735,1174.9109909800052,1174.9913909800052,-0.1,38.675,0.3,38.352,long_nclose,11.5056,0.009792741823278937,1.0
1641527400000.0,126715,1641527400000.0,0.032300000000000044,-0.0007735,1174.9425174800053,1174.9981174800052,-0.1,38.675,0.2,38.352,long_nclose,7.6704,0.006528319373828883,1.0
1641527460000.0,126716,1641527460000.0,0.032300000000000044,-0.0007735,1174.9740439800055,1175.0153439800056,-0.1,38.675,0.1,38.352,long_nclose,3.8352,0.0032640721041028065,1.0
1641527580000.0,126718,1641527580000.0,0.032300000000000044,-0.0007735,1175.0055704800056,1175.0055704800056,-0.1,38.675,0.0,38.352,long_nclose,0.0,0.0,2.0
1641527700000.0,126720,1641527700000.0,0.0,-0.00920232,1174.9963681600057,1175.1007681600056,1.2,38.343,1.2,38.343,long_ientry_normal,46.0116,0.03915892954805657,2.0
1641528060000.0,126726,1641528060000.0,0.12919999999999732,-0.0030932800000000003,1175.1224748800057,1175.4240748800057,-0.4,38.666,0.8,38.343,long_nclose,30.674400000000006,0.026103151506086407,6.0
1641528300000.0,126730,1641528300000.0,0.06459999999999866,-0.0015466400000000002,1175.1855282400056,1175.3607282400055,-0.2,38.666,0.6,38.343,long_nclose,23.0058,0.01957631322643515,4.0
1641528420000.0,126732,1641528420000.0,0.06459999999999866,-0.0015466400000000002,1175.2485816000055,1175.4353816000055,-0.2,38.666,0.4,38.343,long_nclose,15.337200000000003,0.013050175290677356,2.0
1641529080000.0,126743,1641529080000.0,0.03229999999999933,-0.0007733200000000001,1175.2801082800056,1175.3347082800055,-0.1,38.666,0.3,38.343,long_nclose,11.5029,0.009787368916533626,11.0
1641529140000.0,126744,1641529140000.0,0.0,-0.006899939999999999,1175.2732083400056,1175.0866083400056,0.9,38.333,1.2,38.335499999999996,long_ientry_partial,46.002599999999994,0.03914204771584607,1.0
1641529320000.0,126747,1641529320000.0,0.12900000000000206,-0.0030926400000000002,1175.3991157000055,1175.7227157000054,-0.4,38.658,0.8,38.335499999999996,long_nclose,30.6684,0.026091903244061507,3.0
1641529500000.0,126750,1641529500000.0,0.06450000000000103,-0.0015463200000000001,1175.4620693800055,1175.7437693800055,-0.2,38.658,0.6,38.335499999999996,long_nclose,23.001299999999997,0.019567879389023567,3.0
1641530040000.0,126759,1641530040000.0,0.06450000000000103,-0.0015463200000000001,1175.5250230600054,1175.6208230600055,-0.2,38.658,0.4,38.335499999999996,long_nclose,15.3342,0.013044554304836142,9.0
1641530100000.0,126760,1641530100000.0,0.0,-0.006132160000000001,1175.5188909000053,1175.6938909000053,0.8,38.326,1.2,38.329166666666666,long_ientry_partial,45.995,0.03912740182744756,1.0
1641530160000.0,126761,1641530160000.0,0.12913333333333413,-0.0030921600000000005,1175.6449320733386,1176.2295987400053,-0.4,38.652,0.8,38.329166666666666,long_nclose,30.663333333333334,0.026082137979582178,1.0
1641530220000.0,126762,1641530220000.0,0.42713333333333314,-0.0031517600000000004,1176.068913646672,1176.4572469800053,-0.4,39.397,0.4,38.329166666666666,long_nclose,15.331666666666667,0.013036367587616367,1.0
1641530280000.0,126763,1641530280000.0,0.21356666666666657,-0.0015758800000000002,1176.2809044333385,1176.746071100005,-0.2,39.397,0.2,38.329166666666666,long_nclose,7.6658333333333335,0.006517009078733852,1.0
1641530280000.0,126763,1641530280000.0,0.3625666666666675,-0.0016056800000000004,1176.6418654200052,1176.6418654200052,-0.2,40.142,0.0,38.329166666666666,long_nclose,0.0,0.0,0.0
1641581100000.0,127610,1641581100000.0,0.0,-0.00977568,1176.632089740005,1176.665689740005,1.2,40.732,1.2,40.732,long_ientry_normal,48.8784,0.04154093741468536,847.0
1641583560000.0,127651,1641583560000.0,0.1372000000000014,-0.0032860000000000007,1176.766003740005,1177.148403740005,-0.4,41.075,0.8,40.732,long_nclose,32.5856,0.027690806750395782,41.0
1641584040000.0,127659,1641584040000.0,0.0686000000000007,-0.0016430000000000004,1176.832960740005,1176.939760740005,-0.2,41.075,0.6,40.732,long_nclose,24.4392,0.020766923442246527,8.0
1641584460000.0,127666,1641584460000.0,0.0,-0.00488316,1176.8280775800051,1176.6990775800052,0.6,40.693,1.2,40.7125,long_ientry_partial,48.855,0.041514135268138734,7.0
1641585180000.0,127678,1641585180000.0,0.13700000000000045,-0.0032844000000000003,1176.961793180005,1177.195793180005,-0.4,41.055,0.8,40.7125,long_nclose,32.57,0.027672945875328623,12.0
1641585240000.0,127679,1641585240000.0,0.06850000000000023,-0.0016422000000000001,1177.028650980005,1177.237150980005,-0.2,41.055,0.6,40.7125,long_nclose,24.4275,0.020753530493638733,1.0
1641585660000.0,127686,1641585660000.0,0.06850000000000023,-0.0016422000000000001,1177.095508780005,1177.260508780005,-0.2,41.055,0.4,40.7125,long_nclose,16.285,0.013834901143135368,7.0
1641586140000.0,127694,1641586140000.0,0.034250000000000114,-0.0008211000000000001,1177.128937680005,1177.234687680005,-0.1,41.055,0.3,40.7125,long_nclose,12.21375,0.010375881187724423,8.0
1641586560000.0,127701,1641586560000.0,0.0,-0.00732132,1177.121616360005,1177.237266360005,0.9,40.674,1.2,40.683625,long_ientry_partial,48.82035,0.04147434667877939,7.0
1641589380000.0,127748,1641589380000.0,0.13695000000000165,-0.0032820800000000006,1177.255284280005,1177.560384280005,-0.4,41.026,0.8,40.683625,long_nclose,32.5469,0.027646425065660493,47.0
1641589800000.0,127755,1641589800000.0,0.06847500000000083,-0.0016410400000000003,1177.322118240005,1177.538943240005,-0.2,41.026,0.6,40.683625,long_nclose,24.410175,0.020733641729666224,7.0
1641589920000.0,127757,1641589920000.0,0.06847500000000083,-0.0016410400000000003,1177.388952200005,1177.521502200005,-0.2,41.026,0.4,40.683625,long_nclose,16.27345,0.013821643195812494,2.0
1641590100000.0,127760,1641590100000.0,0.03423750000000041,-0.0008205200000000001,1177.422369180005,1177.530781680005,-0.1,41.026,0.3,40.683625,long_nclose,12.2050875,0.010365938187924879,3.0
1641590400000.0,127765,1641590400000.0,0.03423750000000041,-0.0008205200000000001,1177.4557861600051,1177.528061160005,-0.1,41.026,0.2,40.683625,long_nclose,8.136725,0.0069104293304600535,5.0
1641590940000.0,127774,1641590940000.0,0.03423750000000041,-0.0008205200000000001,1177.4892031400052,1177.5258406400053,-0.1,41.026,0.1,40.683625,long_nclose,4.0683625,0.0034551166067178503,9.0
1641591360000.0,127781,1641591360000.0,0.03423750000000041,-0.0008205200000000001,1177.5226201200053,1177.5226201200053,-0.1,41.026,0.0,40.683625,long_nclose,0.0,0.0,7.0
1641591660000.0,127786,1641591660000.0,0.0,-0.00974832,1177.5128718000053,1177.3352718000053,1.2,40.618,1.2,40.618,long_ientry_normal,48.7416,0.04139368763374208,5.0
1641595020000.0,127842,1641595020000.0,0.0,-0.00950136,1177.5033704400053,1176.2109704400052,1.2,39.589,2.4,40.1035,long_rentry,96.24839999999999,0.08173938386608119,56.0
1641597480000.0,127883,1641597480000.0,0.0,-0.00931776,1177.4940526800053,1174.8408526800054,1.2,38.824,3.6,39.67699999999999,long_rentry,142.83719999999997,0.12130609040011625,41.0
1641601380000.0,127948,1641601380000.0,0.4008000000000123,-0.00960264,1177.8852500400055,1178.6844500400055,-1.2,40.011,2.4,39.67699999999999,long_nclose,95.22479999999997,0.08084386827729252,65.0
1641601440000.0,127949,1641601440000.0,0.26720000000000826,-0.00640176,1178.1460482800055,1178.2148482800055,-0.8,40.011,1.6,39.67699999999999,long_nclose,63.48319999999999,0.05388398161049739,1.0
1641603900000.0,127990,1641603900000.0,0.16700000000000514,-0.0040011000000000005,1178.3090471800053,1178.6698471800053,-0.5,40.011,1.1,39.67699999999999,long_nclose,43.64469999999999,0.03704011278234086,41.0
1641603960000.0,127991,1641603960000.0,0.10020000000000308,-0.00240066,1178.4068465200055,1178.8172465200055,-0.3,40.011,0.8,39.67699999999999,long_nclose,31.741599999999995,0.02693602815847279,1.0
1641604980000.0,128008,1641604980000.0,0.06680000000000207,-0.00160044,1178.4720460800056,1178.6778460800056,-0.2,40.011,0.6,39.67699999999999,long_nclose,23.806199999999993,0.020200903431852643,17.0
1641605460000.0,128016,1641605460000.0,0.0,-0.00474048,1178.4673056000056,1178.4787056000057,0.6,39.504,1.2,39.59049999999999,long_ientry_partial,47.50859999999999,0.04031388887433871,8.0
1641606240000.0,128029,1641606240000.0,0.13340000000000315,-0.0031939200000000003,1178.5975116800055,1178.9251116800056,-0.4,39.924,0.8,39.59049999999999,long_nclose,31.672399999999996,0.026872956786454846,13.0
1641606840000.0,128039,1641606840000.0,0.0,-0.00315736,1178.5943543200056,1178.4931543200055,0.4,39.467,1.2,39.54933333333333,long_ientry_partial,47.459199999999996,0.0402676288292436,10.0
1641612180000.0,128128,1641612180000.0,0.0,-0.0092532,1178.5851011200054,1177.2599011200055,1.2,38.555,2.4,39.052166666666665,long_rentry,93.72519999999999,0.07952348957316129,89.0
1641615360000.0,128181,1641615360000.0,0.26306666666666845,-0.006300960000000001,1178.841866826672,1179.3264001600053,-0.8,39.381,1.6,39.052166666666665,long_nclose,62.483466666666665,0.05300411227747289,53.0
1641615420000.0,128182,1641615420000.0,0.16441666666666777,-0.0039381,1179.0023453933388,1179.3079620600056,-0.5,39.381,1.1,39.052166666666665,long_nclose,42.95738333333333,0.03643536715696854,1.0
1641617340000.0,128214,1641617340000.0,0.09865000000000065,-0.00236286,1179.0986325333388,1179.3408992000054,-0.3,39.381,0.8,39.052166666666665,long_nclose,31.241733333333332,0.02649628493437336,32.0
1641617520000.0,128217,1641617520000.0,0.06576666666666711,-0.0015752400000000003,1179.1628239600054,1179.3415239600054,-0.2,39.381,0.6,39.052166666666665,long_nclose,23.431299999999997,0.019871131894499697,3.0
1641621840000.0,128289,1641621840000.0,0.0,-0.0046431599999999995,1179.1581808000055,1178.9510808000055,0.6,38.693,1.2,38.87258333333333,long_ientry_partial,46.647099999999995,0.03955966278277614,72.0
1641624720000.0,128337,1641624720000.0,0.13096666666666865,-0.0031360000000000003,1179.286011466672,1179.4639448000055,-0.4,39.2,0.8,38.87258333333333,long_nclose,31.098066666666668,0.026370249764932054,48.0
1641625080000.0,128343,1641625080000.0,0.06548333333333432,-0.0015680000000000002,1179.3499268000055,1179.5553768000054,-0.2,39.2,0.6,38.87258333333333,long_nclose,23.323549999999997,0.019776615464152405,6.0
1641625260000.0,128346,1641625260000.0,0.06548333333333432,-0.0015680000000000002,1179.413842133339,1179.5408088000056,-0.2,39.2,0.4,38.87258333333333,long_nclose,15.549033333333334,0.01318369581385279,3.0
1641625320000.0,128347,1641625320000.0,0.03274166666666716,-0.0007840000000000001,1179.4457998000055,1179.5500248000055,-0.1,39.2,0.3,38.87258333333333,long_nclose,11.661774999999999,0.009887503946325846,1.0
1641625860000.0,128356,1641625860000.0,0.03274166666666716,-0.0007840000000000001,1179.477757466672,1179.5572408000055,-0.1,39.2,0.2,38.87258333333333,long_nclose,7.774516666666667,0.006591490697853493,9.0
1641626340000.0,128364,1641626340000.0,0.03274166666666716,-0.0007840000000000001,1179.5097151333387,1179.5419568000054,-0.1,39.2,0.1,38.87258333333333,long_nclose,3.8872583333333335,0.003295656053917195,8.0
1641629160000.0,128411,1641629160000.0,0.03274166666666716,-0.0007840000000000001,1179.5416728000052,1179.5416728000052,-0.1,39.2,0.0,38.87258333333333,long_nclose,0.0,0.0,47.0
1641638880000.0,128573,1641638880000.0,0.0,-0.00926112,1179.5324116800052,1179.6668116800051,1.2,38.588,1.2,38.588,long_ientry_normal,46.3056,0.03925759016155143,162.0
1641645660000.0,128686,1641645660000.0,0.0,-0.009782240000000003,1179.5226294400052,1178.5808294400051,1.3,37.624,2.5,38.08672,long_rentry,95.2168,0.08072486073896311,113.0
1641654240000.0,128829,1641654240000.0,0.0,-0.009588280000000001,1179.5130411600053,1176.0998411600053,1.3,36.878,3.8,37.67321052631579,long_rentry,143.1582,0.12137059532568581,143.0
1641659100000.0,128910,1641659100000.0,0.0,-0.013766259999999997,1179.4992749000053,1174.0207749000053,1.9,36.227,5.7,37.19114035087719,long_rentry,211.9895,0.17972838518105225,81.0
1641664200000.0,128995,1641664200000.0,0.0,-0.019829599999999996,1179.4794453000052,1169.369445300005,2.8,35.41,8.5,36.60441176470589,long_rentry,311.13750000000005,0.263792218880814,85.0
1641665100000.0,129010,1641665100000.0,0.0,-0.02885316,1179.4505921400053,1159.9112921400053,4.2,34.349,12.7,35.85852755905512,long_rentry,455.4033,0.386114774993425,15.0
1641677640000.0,129219,1641677640000.0,1.2703842519685054,-0.030375240000000005,1180.6906011519739,1182.3606169000054,-4.2,36.161,8.5,35.85852755905512,long_nclose,304.7974842519685,0.25815186802925705,209.0
1641677700000.0,129220,1641677700000.0,0.8469228346456702,-0.02025016,1181.5172738266197,1183.4066667400054,-2.8,36.161,5.7,35.85852755905512,long_nclose,204.3936070866142,0.17299248315230953,1.0
1641678000000.0,129225,1641678000000.0,0.5746976377952763,-0.01374118,1182.078230284415,1183.2998255600055,-1.9,36.161,3.8,35.85852755905512,long_nclose,136.26240472440944,0.11527359292593004,5.0
1641679380000.0,129248,1641679380000.0,0.3629669291338587,-0.00867864,1182.4325185735488,1183.3853469200055,-1.2,36.161,2.6,35.85852755905512,long_nclose,93.23217165354332,0.07884777371144683,23.0
1641679980000.0,129258,1641679980000.0,1.2980141732283443,-0.00958282,1183.720949926777,1184.8668641000054,-1.3,36.857,1.3,35.85852755905512,long_nclose,46.61608582677166,0.03938097558352351,10.0
1641680220000.0,129262,1641680220000.0,0.5990834645669281,-0.00442284,1184.315610551344,1185.0271412600055,-0.6,36.857,0.7,35.85852755905512,long_nclose,25.100969291338583,0.021194493315555576,4.0
1641681360000.0,129281,1641681360000.0,0.29954173228346404,-0.00221142,1184.6129408636273,1184.9795298400052,-0.3,36.857,0.4,35.85852755905512,long_nclose,14.343411023622048,0.012108099218606512,19.0
1641681480000.0,129283,1641681480000.0,0.19969448818897606,-0.0014742800000000001,1184.8111610718163,1185.0254555600052,-0.2,36.857,0.2,35.85852755905512,long_nclose,7.171705511811024,0.006053036760156176,2.0
1641681900000.0,129290,1641681900000.0,0.09984724409448803,-0.0007371400000000001,1184.9102711759108,1185.0229184200052,-0.1,36.857,0.1,35.85852755905512,long_nclose,3.585852755905512,0.0030262652313300434,7.0
1641684360000.0,129331,1641684360000.0,0.030247244094488226,-0.0007232200000000001,1184.9397952000052,1184.9397952000052,-0.1,36.161,0.0,35.85852755905512,long_nclose,0.0,0.0,41.0
1641686400000.0,129365,1641686400000.0,0.0,-0.009235460000000001,1184.9305597400053,1184.9617597400052,1.3,35.521,1.3,35.521,long_ientry_normal,46.1773,0.03897046929917321,34.0
1641686880000.0,129373,1641686880000.0,0.1195999999999998,-0.0028656000000000003,1185.0472941400053,1185.3883941400054,-0.4,35.82,0.9,35.521,long_nclose,31.9689,0.026976898017559706,8.0
1641687060000.0,129376,1641687060000.0,0.08969999999999985,-0.0021492,1185.1348449400052,1185.3082449400051,-0.3,35.82,0.6,35.521,long_nclose,21.3126,0.017983270081877393,3.0
1641687120000.0,129377,1641687120000.0,0.0597999999999999,-0.0014328000000000001,1185.1932121400052,1185.4128121400051,-0.2,35.82,0.4,35.521,long_nclose,14.208400000000001,0.011988256306619467,1.0
1641688680000.0,129403,1641688680000.0,0.19779999999999945,-0.0014604,1185.3895517400051,1185.5913517400052,-0.2,36.51,0.2,35.521,long_nclose,7.1042000000000005,0.005993135328020999,26.0
1641688860000.0,129406,1641688860000.0,0.09889999999999972,-0.0007302,1185.4877215400052,1185.5851215400053,-0.1,36.51,0.1,35.521,long_nclose,3.5521000000000003,0.002996319519349937,3.0
1641688920000.0,129407,1641688920000.0,0.09889999999999972,-0.0007302,1185.5858913400052,1185.5858913400052,-0.1,36.51,0.0,35.521,long_nclose,0.0,0.0,1.0
1641714120000.0,129827,1641714120000.0,0.0,-0.009464,1185.5764273400052,1185.5959273400053,1.3,36.4,1.3,36.4,long_ientry_normal,47.32,0.039913074272376156,420.0
1641720000000.0,129925,1641720000000.0,0.0,-0.009226620000000001,1185.5672007200053,1184.3361007200053,1.3,35.487,2.6,35.9435,long_rentry,93.4531,0.07882564560089476,98.0
1641721800000.0,129955,1641721800000.0,0.0,-0.00974764,1185.5574530800054,1182.7861530800053,1.4,34.813,4.0,35.547825,long_rentry,142.1913,0.11993623727858634,30.0
1641741360000.0,130281,1641741360000.0,0.0,-0.013676800000000001,1185.5437762800054,1180.4084762800055,2.0,34.192,6.0,35.09588333333333,long_rentry,210.5753,0.1776191686997357,326.0
1641745800000.0,130355,1641745800000.0,0.5902333333333303,-0.0141564,1186.1198532133387,1186.9363198800054,-2.0,35.391,4.0,35.09588333333333,long_nclose,140.38353333333333,0.11835526819066199,74.0
1641745980000.0,130358,1641745980000.0,0.38365166666666467,-0.00920166,1186.4943032200056,1187.6259182200056,-1.3,35.391,2.7,35.09588333333333,long_nclose,94.758885,0.07986459331733459,3.0
1641746220000.0,130362,1641746220000.0,0.26560499999999865,-0.00637038,1186.7535378400057,1187.2019478400057,-0.9,35.391,1.8,35.09588333333333,long_nclose,63.17259,0.05323143178909716,4.0
1641746340000.0,130364,1641746340000.0,0.1770699999999991,-0.0042469199999999995,1186.9263609200057,1187.3033009200058,-0.6,35.391,1.2,35.09588333333333,long_nclose,42.11506,0.03548245399769868,2.0
1641746700000.0,130370,1641746700000.0,0.11804666666666606,-0.0028312800000000003,1187.0415763066724,1187.2688696400057,-0.4,35.391,0.8,35.09588333333333,long_nclose,28.076706666666666,0.023652673357932197,6.0
1641746760000.0,130371,1641746760000.0,0.05902333333333303,-0.0014156400000000001,1187.0991840000056,1187.3386540000056,-0.2,35.391,0.6,35.09588333333333,long_nclose,21.05753,0.017738644153595762,1.0
1641747420000.0,130382,1641747420000.0,0.2931350000000002,-0.00216438,1187.3901546200054,1187.7348896200053,-0.3,36.073,0.3,35.09588333333333,long_nclose,10.528765,0.008867148644473534,11.0
1641747540000.0,130384,1641747540000.0,0.09771166666666674,-0.0007214600000000002,1187.487144826672,1187.7299681600052,-0.1,36.073,0.2,35.09588333333333,long_nclose,7.019176666666667,0.005910949602482812,2.0
1641748200000.0,130395,1641748200000.0,0.09771166666666674,-0.0007214600000000002,1187.5841350333385,1187.674546700005,-0.1,36.073,0.1,35.09588333333333,long_nclose,3.5095883333333333,0.0029552334270908816,11.0
1641748260000.0,130396,1641748260000.0,0.09771166666666674,-0.0007214600000000002,1187.681125240005,1187.681125240005,-0.1,36.073,0.0,35.09588333333333,long_nclose,0.0,0.0,1.0
1641765600000.0,130685,1641765600000.0,0.0,-0.00924014,1187.671885100005,1187.5691851000051,1.3,35.539,1.3,35.539,long_ientry_normal,46.200700000000005,0.0389002220054319,289.0
1641773160000.0,130811,1641773160000.0,0.0,-0.009702839999999999,1187.662182260005,1186.3537822600051,1.4,34.653,2.7,35.07959259259259,long_rentry,94.7149,0.07974902410361068,126.0
1641774300000.0,130830,1641774300000.0,0.265866666666669,-0.006367500000000001,1187.9216814266717,1188.453414760005,-0.9,35.375,1.8,35.07959259259259,long_nclose,63.14326666666666,0.053154402056903936,19.0
1641774360000.0,130831,1641774360000.0,0.177244444444446,-0.004245,1188.094680871116,1188.4251697600048,-0.6,35.375,1.2,35.07959259259259,long_nclose,42.09551111111111,0.03543110813377811,1.0
1641774420000.0,130832,1641774420000.0,0.11816296296296401,-0.00283,1188.210013834079,1188.438339760005,-0.4,35.375,0.8,35.07959259259259,long_nclose,28.063674074074072,0.023618446021607814,1.0
1641774480000.0,130833,1641774480000.0,0.059081481481482005,-0.001415,1188.2676803155605,1188.438924760005,-0.2,35.375,0.6,35.07959259259259,long_nclose,21.047755555555554,0.017712974866038636,1.0
1641774660000.0,130836,1641774660000.0,0.0,-0.00561376,1188.2620665555605,1188.222511000005,0.8,35.086,1.4,35.08325396825397,long_ientry_partial,49.11655555555556,0.0413347837467628,3.0
1641779760000.0,130921,1641779760000.0,0.11829841269841097,-0.0028303200000000003,1188.377534648259,1188.639280680005,-0.4,35.379,1.0,35.08325396825397,long_nclose,35.08325396825397,0.029521976766952316,85.0
1641779820000.0,130922,1641779820000.0,0.08872380952380822,-0.00212274,1188.4641357177827,1188.6438579400049,-0.3,35.379,0.7,35.08325396825397,long_nclose,24.55827777777778,0.02066387789055629,1.0
1641780060000.0,130926,1641780060000.0,0.05914920634920549,-0.0014151600000000002,1188.521869764132,1188.6702427800049,-0.2,35.379,0.5,35.08325396825397,long_nclose,17.541626984126985,0.014759195796378747,4.0
1641781500000.0,130950,1641781500000.0,0.029574603174602743,-0.0007075800000000001,1188.5507367873065,1188.6754352000048,-0.1,35.379,0.4,35.08325396825397,long_nclose,14.033301587301588,0.011807069864963514,24.0
1641781680000.0,130953,1641781680000.0,0.029574603174602743,-0.0007075800000000001,1188.579603810481,1188.667127620005,-0.1,35.379,0.3,35.08325396825397,long_nclose,10.52497619047619,0.00885508733006527,3.0
1641781740000.0,130954,1641781740000.0,0.029574603174602743,-0.0007075800000000001,1188.6084708336557,1188.668820040005,-0.1,35.379,0.2,35.08325396825397,long_nclose,7.016650793650794,0.005903248181236264,1.0
1641781920000.0,130957,1641781920000.0,0.029574603174602743,-0.0007075800000000001,1188.6373378568303,1188.672012460005,-0.1,35.379,0.1,35.08325396825397,long_nclose,3.508325396825397,0.0029515524080297485,3.0
1641786120000.0,131027,1641786120000.0,0.09767460317460319,-0.0007212000000000001,1188.734291260005,1188.734291260005,-0.1,36.06,0.0,35.08325396825397,long_nclose,0.0,0.0,70.0
1641813300000.0,131480,1641813300000.0,0.0,-0.009253400000000002,1188.725037860005,1188.7380378600049,1.3,35.59,1.3,35.59,long_ientry_normal,46.267,0.038921532336268355,453.0
1641813420000.0,131482,1641813420000.0,0.11999999999999887,-0.0028712000000000004,1188.8421666600048,1189.1706666600048,-0.4,35.89,0.9,35.59,long_nclose,32.031000000000006,0.0269430214525361,2.0
1641813660000.0,131486,1641813660000.0,0.08999999999999915,-0.0021534,1188.9300132600047,1189.1400132600047,-0.3,35.89,0.6,35.59,long_nclose,21.354000000000003,0.017960687140404573,4.0
1641814080000.0,131493,1641814080000.0,0.059999999999999436,-0.0014356000000000002,1188.9885776600047,1189.1085776600046,-0.2,35.89,0.4,35.59,long_nclose,14.236000000000002,0.011973201650109405,7.0
1641814140000.0,131494,1641814140000.0,0.029999999999999718,-0.0007178000000000001,1189.0178598600046,1189.1108598600047,-0.1,35.89,0.3,35.59,long_nclose,10.677000000000001,0.008979680087612069,1.0
1641814680000.0,131503,1641814680000.0,0.029999999999999718,-0.0007178000000000001,1189.0471420600045,1189.1091420600044,-0.1,35.89,0.2,35.59,long_nclose,7.118000000000001,0.005986305965689623,9.0
1641815160000.0,131511,1641815160000.0,0.029999999999999718,-0.0007178000000000001,1189.0764242600044,1189.1074242600043,-0.1,35.89,0.1,35.59,long_nclose,3.5590000000000006,0.002993079273449447,8.0
1641815400000.0,131515,1641815400000.0,0.029999999999999718,-0.0007178000000000001,1189.1057064600043,1189.1057064600043,-0.1,35.89,0.0,35.59,long_nclose,0.0,0.0,4.0
1641815580000.0,131518,1641815580000.0,0.0,-0.00924898,1189.0964574800043,1189.1445574800043,1.3,35.573,1.3,35.573,long_ientry_normal,46.2449,0.03889078948061507,3.0
1641816000000.0,131525,1641816000000.0,0.11999999999999887,-0.0028698400000000002,1189.2135876400043,1189.5213876400044,-0.4,35.873,0.9,35.573,long_nclose,32.0157,0.026921740831716525,7.0
1641816180000.0,131528,1641816180000.0,0.0,-0.0028453600000000003,1189.2107422800043,1189.2612422800044,0.4,35.567,1.3,35.57115384615385,long_ientry_partial,46.24250000000001,0.038885033876621365,3.0
1641818880000.0,131573,1641818880000.0,0.0,-0.0097118,1189.2010304800042,1188.0355304800041,1.4,34.685,2.7,35.111666666666665,long_rentry,94.8015,0.07971864938742504,45.0
1641823620000.0,131652,1641823620000.0,0.0,-0.009520840000000001,1189.1915096400041,1184.8328096400041,1.4,34.003,4.1,34.733097560975615,long_rentry,142.4057,0.1197500140604851,79.0
1641824160000.0,131661,1641824160000.0,0.0,-0.0133636,1189.178146040004,1183.785946040004,2.0,33.409,6.1,34.29896721311476,long_rentry,209.2237,0.17593974519017244,9.0
1641825780000.0,131688,1641825780000.0,0.5780655737704876,-0.0138352,1189.7423764137748,1190.7306108400041,-2.0,34.588,4.1,34.29896721311476,long_nclose,140.62576557377048,0.11819850108866167,27.0
1641825840000.0,131689,1641825840000.0,0.37574262295081695,-0.008992880000000002,1190.1091261567256,1190.6720179600043,-1.3,34.588,2.8,34.29896721311476,long_nclose,96.03710819672132,0.08069605222410015,1.0
1641825960000.0,131691,1641825960000.0,0.26012950819671943,-0.006225840000000001,1190.3630298249223,1190.9824921200043,-0.9,34.588,1.9,34.29896721311476,long_nclose,65.16803770491804,0.05474635558406321,2.0
1641826200000.0,131695,1641826200000.0,0.8595295081967166,-0.00634572,1191.2162136131192,1192.6272464000044,-0.9,35.254,1.0,34.29896721311476,long_nclose,34.29896721311476,0.02879323402514928,4.0
1641826500000.0,131700,1641826500000.0,0.4775163934426203,-0.0035254,1191.6902046065618,1192.1282210000045,-0.5,35.254,0.5,34.29896721311476,long_nclose,17.14948360655738,0.014390890803889174,5.0
1641826560000.0,131701,1641826560000.0,0.19100655737704814,-0.00141016,1191.8798010039388,1192.1501108400043,-0.2,35.254,0.3,34.29896721311476,long_nclose,10.289690163934427,0.008633160957394581,1.0
1641826620000.0,131702,1641826620000.0,0.09550327868852407,-0.00070508,1191.9745992026274,1192.1678057600045,-0.1,35.254,0.2,34.29896721311476,long_nclose,6.859793442622951,0.005754982905853713,1.0
1641826800000.0,131705,1641826800000.0,0.09550327868852407,-0.00070508,1192.0693974013159,1192.1520006800044,-0.1,35.254,0.1,34.29896721311476,long_nclose,3.4298967213114757,0.002877262623122926,3.0
1641826920000.0,131707,1641826920000.0,0.0,-0.009009260000000002,1192.0603881413158,1192.0661914200043,1.3,34.651,1.4,34.62585480093678,long_ientry_partial,48.47619672131149,0.040665890087075655,2.0
1641827220000.0,131712,1641827220000.0,0.1164580796252892,-0.0027933600000000004,1192.1740528609412,1192.4831980600045,-0.4,34.917,1.0,34.62585480093678,long_nclose,34.62585480093678,0.029044294931468068,5.0
1641827460000.0,131716,1641827460000.0,0.0,-0.00277072,1192.1712821409412,1192.2018273400045,0.4,34.634,1.4,34.62818200066913,long_ientry_partial,48.47945480093678,0.0406648403020376,4.0
1641828780000.0,131738,1641828780000.0,0.11672719973234963,-0.0027936000000000007,1192.2852157406737,1192.7420337400047,-0.4,34.92,1.0,34.62818200066913,long_nclose,34.62818200066913,0.029043538864278663,22.0
1641829080000.0,131743,1641829080000.0,0.48240899966543793,-0.0035593000000000005,1192.7640654403392,1193.2774744400047,-0.5,35.593,0.5,34.62818200066913,long_nclose,17.314091000334564,0.014515939490466312,5.0
1641830280000.0,131763,1641830280000.0,0.8189089996654353,-0.0036266,1193.5793478400046,1193.5793478400046,-0.5,36.266,0.0,34.62818200066913,long_nclose,0.0,0.0,20.0
1641898680000.0,132903,1641898680000.0,0.0,-0.0095966,1193.5697512400047,1193.5827512400047,1.3,36.91,1.3,36.91,long_ientry_normal,47.983,0.04020125338309743,1140.0
1641899220000.0,132912,1641899220000.0,0.12439999999999998,-0.00297768,1193.6911735600047,1193.9836735600047,-0.4,37.221,0.9,36.91,long_nclose,33.219,0.0278288059221627,9.0
1641899640000.0,132919,1641899640000.0,0.09329999999999998,-0.0022332599999999995,1193.7822403000048,1193.9952403000048,-0.3,37.221,0.6,36.91,long_nclose,22.145999999999997,0.01855112201571584,7.0
1641900180000.0,132928,1641900180000.0,0.06219999999999999,-0.00148884,1193.8429514600048,1193.9809514600047,-0.2,37.221,0.4,36.91,long_nclose,14.764,0.012366785750122688,9.0
1641901320000.0,132947,1641901320000.0,0.031099999999999996,-0.00074442,1193.8733070400046,1193.9558070400046,-0.1,37.221,0.3,36.91,long_nclose,11.072999999999999,0.009274853482949144,19.0
1641901440000.0,132949,1641901440000.0,0.031099999999999996,-0.00074442,1193.9036626200045,1193.9656626200044,-0.1,37.221,0.2,36.91,long_nclose,7.382,0.0061830784435322915,2.0
1641901500000.0,132950,1641901500000.0,0.031099999999999996,-0.00074442,1193.9340182000044,1193.9670182000043,-0.1,37.221,0.1,36.91,long_nclose,3.691,0.003091460619879661,1.0
1641902160000.0,132961,1641902160000.0,0.0,-0.00885312,1193.9251650800045,1193.9385650800045,1.2,36.888,1.3,36.8896923076923,long_ientry_partial,47.956599999999995,0.040167174126685266,11.0
1641902880000.0,132973,1641902880000.0,0.12412307692308105,-0.0029760000000000008,1194.0463121569276,1194.3435890800044,-0.4,37.2,0.9,36.8896923076923,long_nclose,33.20072307692307,0.02780522224213332,12.0
1641903060000.0,132976,1641903060000.0,0.09309230769231078,-0.002232,1194.1371724646199,1194.4283570800044,-0.3,37.2,0.6,36.8896923076923,long_nclose,22.133815384615378,0.01853540438652676,3.0
1641904440000.0,132999,1641904440000.0,0.06206153846154053,-0.0014880000000000004,1194.1977460030814,1194.3358690800046,-0.2,37.2,0.4,36.8896923076923,long_nclose,14.75587692307692,0.012356309474259253,23.0
1641906420000.0,133032,1641906420000.0,0.20546153846154028,-0.0015166800000000003,1194.401690861543,1194.5817524000047,-0.2,37.917,0.2,36.8896923076923,long_nclose,7.37793846153846,0.006177099813226673,33.0
1641908220000.0,133062,1641908220000.0,0.0,-0.0081125,1194.3935783615432,1194.4491399000046,1.1,36.875,1.3,36.877260355029584,long_ientry_partial,47.94043846153846,0.0401378903320149,30.0
1641908700000.0,133070,1641908700000.0,0.12429585798816732,-0.0029750400000000004,1194.5148991795315,1194.724364860005,-0.4,37.188,0.9,36.877260355029584,long_nclose,33.18953431952663,0.02778494796701431,8.0
1641908760000.0,133071,1641908760000.0,0.09322189349112549,-0.00223128,1194.6058897930227,1194.7815335800049,-0.3,37.188,0.6,36.877260355029584,long_nclose,22.12635621301775,0.01852188776404858,1.0
1641908820000.0,133072,1641908820000.0,0.06214792899408366,-0.0014875200000000002,1194.6665502020169,1194.791646060005,-0.2,37.188,0.4,36.877260355029584,long_nclose,14.750904142011834,0.012347298197574437,1.0
1641909180000.0,133078,1641909180000.0,0.0,-0.006635160000000001,1194.6599150420168,1194.722710900005,0.9,36.862,1.3,36.86669549385526,long_ientry_partial,47.92670414201184,0.04011744559147298,6.0
1641910020000.0,133092,1641910020000.0,0.12412180245789557,-0.0029741600000000004,1194.7810626844748,1195.117036740005,-0.4,37.177,0.9,36.86669549385526,long_nclose,33.18002594446973,0.027770800007425395,14.0
1641910440000.0,133099,1641910440000.0,0.09309135184342167,-0.00223062,1194.8719234163182,1195.071906120005,-0.3,37.177,0.6,36.86669549385526,long_nclose,22.120017296313154,0.018512458835812883,7.0
1641910800000.0,133105,1641910800000.0,0.0,-0.00515858,1194.8667648363182,1194.780847540005,0.7,36.847,1.3,36.856090227933194,long_ientry_partial,47.912917296313154,0.040098962249466054,6.0
1641913500000.0,133150,1641913500000.0,0.12396390882672109,-0.00297328,1194.9877554651448,1195.3377742600048,-0.4,37.166,0.9,36.856090227933194,long_nclose,33.17048120513988,0.027758009279541435,45.0
1641913980000.0,133158,1641913980000.0,0.0,-0.0029408800000000003,1194.9848145851447,1194.8329333800048,0.4,36.761,1.3,36.82683169626144,long_ientry_partial,47.87488120513988,0.04006317119750204,8.0
1641917220000.0,133212,1641917220000.0,0.1240673214954228,-0.0029709600000000004,1195.10591094664,1195.3787624200047,-0.4,37.137,0.9,36.82683169626144,long_nclose,33.1441485266353,0.027733231191520016,54.0
1641917280000.0,133213,1641917280000.0,0.09305049112156709,-0.00222822,1195.1967332177617,1195.3456342000047,-0.3,37.137,0.6,36.82683169626144,long_nclose,22.096099017756867,0.018487415840125976,1.0
1641917340000.0,133214,1641917340000.0,0.0620336607477114,-0.0014854800000000002,1195.2572813985093,1195.3885487200048,-0.2,37.137,0.4,36.82683169626144,long_nclose,14.730732678504578,0.0123243195483979,1.0
1641917520000.0,133217,1641917520000.0,0.0310168303738557,-0.0007427400000000001,1195.287555488883,1195.3995059800047,-0.1,37.137,0.3,36.82683169626144,long_nclose,11.048049508878433,0.009243005549706142,3.0
1641917820000.0,133222,1641917820000.0,0.10261683037385581,-0.0007570600000000002,1195.3894152592568,1195.5990489200044,-0.1,37.853,0.2,36.82683169626144,long_nclose,7.365366339252289,0.006161478632178522,5.0
1641918600000.0,133235,1641918600000.0,0.10261683037385581,-0.0007570600000000002,1195.4912750296305,1195.5945918600044,-0.1,37.853,0.1,36.82683169626144,long_nclose,3.6826831696261446,0.003080476827013956,13.0
1641918900000.0,133240,1641918900000.0,0.10261683037385581,-0.0007570600000000002,1195.5931348000042,1195.5931348000042,-0.1,37.853,0.0,36.82683169626144,long_nclose,0.0,0.0,5.0
1642035300000.0,135180,1642035300000.0,0.0,-0.00957216,1195.5835626400042,1195.0387626400043,1.2,39.884,1.2,39.884,long_ientry_normal,47.8608,0.04003132988405856,1940.0
1642053720000.0,135487,1642053720000.0,0.1343999999999994,-0.0032176,1195.7147450400041,1196.035545040004,-0.4,40.22,0.8,39.884,long_nclose,31.907200000000003,0.026684625352623302,307.0
1642054260000.0,135496,1642054260000.0,0.0671999999999997,-0.0016088,1195.780336240004,1195.990936240004,-0.2,40.22,0.6,39.884,long_nclose,23.9304,0.020012371231363808,9.0
1642054680000.0,135503,1642054680000.0,0.0671999999999997,-0.0016088,1195.845927440004,1196.000327440004,-0.2,40.22,0.4,39.884,long_nclose,15.953600000000002,0.01334084904579014,7.0
1642054920000.0,135507,1642054920000.0,0.03359999999999985,-0.0008044,1195.878723040004,1195.9660230400038,-0.1,40.22,0.3,39.884,long_nclose,11.9652,0.010005362391249556,4.0
1642055100000.0,135510,1642055100000.0,0.03359999999999985,-0.0008044,1195.9115186400038,1195.9747186400039,-0.1,40.22,0.2,39.884,long_nclose,7.976800000000001,0.006670058675470619,3.0
1642055160000.0,135511,1642055160000.0,0.03359999999999985,-0.0008044,1195.9443142400037,1195.9789142400036,-0.1,40.22,0.1,39.884,long_nclose,3.9884000000000004,0.0033349378834034936,1.0
1642055340000.0,135514,1642055340000.0,0.03359999999999985,-0.0008044,1195.9771098400035,1195.9771098400035,-0.1,40.22,0.0,39.884,long_nclose,0.0,0.0,3.0
1642087080000.0,136043,1642087080000.0,0.0,-0.00953976,1195.9675700800035,1195.9747700800035,1.2,39.749,1.2,39.749,long_ientry_normal,47.6988,0.03988302124012377,529.0
1642094400000.0,136165,1642094400000.0,0.0,-0.009300480000000002,1195.9582696000034,1194.5890696000033,1.2,38.752,2.4,39.2505,long_rentry,94.2012,0.0787662934355613,122.0
1642098000000.0,136225,1642098000000.0,0.2644000000000006,-0.006332960000000001,1196.2163366400034,1196.7275366400033,-0.8,39.581,1.6,39.2505,long_nclose,62.80080000000001,0.05249953380205312,60.0
1642098060000.0,136226,1642098060000.0,0.16525000000000034,-0.003958100000000001,1196.3776285400033,1196.7785785400033,-0.5,39.581,1.1,39.2505,long_nclose,43.17555000000001,0.03608856348533464,1.0
1642098840000.0,136239,1642098840000.0,0.0991500000000002,-0.00237486,1196.4744036800034,1196.7260036800035,-0.3,39.581,0.8,39.2505,long_nclose,31.400400000000005,0.026244105100302697,13.0
1642098900000.0,136240,1642098900000.0,0.06610000000000014,-0.0015832400000000003,1196.5389204400035,1196.6766204400035,-0.2,39.581,0.6,39.2505,long_nclose,23.5503,0.019682017523792575,1.0
1642099200000.0,136245,1642099200000.0,0.0,-0.0047004,1196.5342200400034,1196.4739200400033,0.6,39.17,1.2,39.21025,long_ientry_partial,47.0523,0.03932382309837065,5.0
1642104300000.0,136330,1642104300000.0,0.0,-0.0099398,1196.5242802400035,1195.5604802400035,1.3,38.23,2.5,38.70052,long_rentry,96.75129999999999,0.08086028975575259,85.0
1642108440000.0,136399,1642108440000.0,0.2603840000000048,-0.006244160000000001,1196.7784200800033,1197.2365360800034,-0.8,39.026,1.7,38.70052,long_nclose,65.79088399999999,0.05497332078865689,69.0
1642108620000.0,136402,1642108620000.0,0.162740000000003,-0.0039026000000000004,1196.9372574800034,1197.3326334800033,-0.5,39.026,1.2,38.70052,long_nclose,46.44062399999999,0.03879954751995499,3.0
1642108860000.0,136406,1642108860000.0,0.1301920000000024,-0.0031220800000000006,1197.0643274000035,1197.2999114000036,-0.4,39.026,0.8,38.70052,long_nclose,30.960416,0.02586361926534501,4.0
1642109580000.0,136418,1642109580000.0,0.0650960000000012,-0.0015610400000000003,1197.1278623600035,1197.3525503600035,-0.2,39.026,0.6,38.70052,long_nclose,23.220311999999996,0.01939668495746457,12.0
1642109760000.0,136421,1642109760000.0,0.0650960000000012,-0.0015610400000000003,1197.1913973200035,1197.3191893200035,-0.2,39.026,0.4,38.70052,long_nclose,15.480208,0.012930437050127093,3.0
1642110000000.0,136425,1642110000000.0,0.0325480000000006,-0.0007805200000000002,1197.2231648000034,1197.3490088000033,-0.1,39.026,0.3,38.70052,long_nclose,11.610155999999998,0.009697570462512291,4.0
1642111500000.0,136450,1642111500000.0,0.0325480000000006,-0.0007805200000000002,1197.2549322800032,1197.2978282800032,-0.1,39.026,0.2,38.70052,long_nclose,7.740104,0.0064648754340565235,25.0
1642113360000.0,136481,1642113360000.0,0.0,-0.0076988000000000004,1197.2472334800032,1197.039129480003,1.0,38.494,1.2,38.52842,long_ientry_partial,46.234103999999995,0.03861700633511818,31.0
1642118040000.0,136559,1642118040000.0,0.0,-0.009768200000000001,1197.237465280003,1196.087361280003,1.3,37.57,2.5,38.0300416,long_rentry,95.075104,0.0794120688311106,78.0
1642133340000.0,136814,1642133340000.0,0.25596672000000353,-0.006136000000000001,1197.4872960000032,1198.0822252800033,-0.8,38.35,1.7,38.0300416,long_nclose,64.65107071999999,0.0539889407895646,255.0
1642133760000.0,136821,1642133760000.0,0.1599792000000022,-0.0038350000000000003,1197.6434402000032,1198.0633902800032,-0.5,38.35,1.2,38.0300416,long_nclose,45.63604992,0.03810487194116715,7.0
1642134120000.0,136827,1642134120000.0,0.12798336000000177,-0.0030680000000000004,1197.768355560003,1198.0643222800031,-0.4,38.35,0.8,38.0300416,long_nclose,30.42403328,0.025400598653965597,6.0
1642135380000.0,136848,1642135380000.0,0.06399168000000088,-0.0015340000000000002,1197.8308132400032,1198.016788280003,-0.2,38.35,0.6,38.0300416,long_nclose,22.81802496,0.019049455655828138,21.0
1642135440000.0,136849,1642135440000.0,0.06399168000000088,-0.0015340000000000002,1197.8932709200033,1198.0252542800033,-0.2,38.35,0.4,38.0300416,long_nclose,15.21201664,0.012698974949844155,1.0
1642136340000.0,136864,1642136340000.0,0.03199584000000044,-0.0007670000000000001,1197.9244997600033,1198.0234872800033,-0.1,38.35,0.3,38.0300416,long_nclose,11.40901248,0.009523982924037135,15.0
1642137060000.0,136876,1642137060000.0,0.03199584000000044,-0.0007670000000000001,1197.9557286000033,1198.0157202800033,-0.1,38.35,0.2,38.0300416,long_nclose,7.60600832,0.006349156432424091,12.0
1642137120000.0,136877,1642137120000.0,0.03199584000000044,-0.0007670000000000001,1197.9869574400034,1198.0209532800034,-0.1,38.35,0.1,38.0300416,long_nclose,3.80300416,0.003174495462059702,1.0
1642137480000.0,136883,1642137480000.0,0.03199584000000044,-0.0007670000000000001,1198.0181862800034,1198.0181862800034,-0.1,38.35,0.0,38.0300416,long_nclose,0.0,0.0,6.0
1642146120000.0,137027,1642146120000.0,0.0,-0.00980694,1198.0083793400033,1198.0291793400033,1.3,37.719,1.3,37.719,long_ientry_normal,49.0347,0.040930181162016396,144.0
1642150980000.0,137108,1642150980000.0,0.12719999999999915,-0.0030429600000000004,1198.1325363800033,1198.4709363800034,-0.4,38.037,0.9,37.719,long_nclose,33.9471,0.028333342905924753,81.0
1642154100000.0,137160,1642154100000.0,0.09539999999999935,-0.00228222,1198.2256541600032,1198.415254160003,-0.3,38.037,0.6,37.719,long_nclose,22.6314,0.01888742735679898,52.0
1642154160000.0,137161,1642154160000.0,0.06359999999999957,-0.0015214800000000002,1198.287732680003,1198.4241326800031,-0.2,38.037,0.4,37.719,long_nclose,15.087600000000002,0.012590965916221285,1.0
1642154400000.0,137165,1642154400000.0,0.03179999999999979,-0.0007607400000000001,1198.318771940003,1198.412071940003,-0.1,38.037,0.3,37.719,long_nclose,11.3157,0.009442979835557938,4.0
1642154460000.0,137166,1642154460000.0,0.03179999999999979,-0.0007607400000000001,1198.349811200003,1198.4100112000028,-0.1,38.037,0.2,37.719,long_nclose,7.543800000000001,0.006295156831080729,1.0
1642154520000.0,137167,1642154520000.0,0.03179999999999979,-0.0007607400000000001,1198.3808504600029,1198.407950460003,-0.1,38.037,0.1,37.719,long_nclose,3.7719000000000005,0.003147496890118148,1.0
1642154880000.0,137173,1642154880000.0,0.03179999999999979,-0.0007607400000000001,1198.4118897200028,1198.4118897200028,-0.1,38.037,0.0,37.719,long_nclose,0.0,0.0,6.0
1642156200000.0,137195,1642156200000.0,0.0,-0.0097422,1198.402147520003,1198.4151475200028,1.3,37.47,1.3,37.47,long_ientry_normal,48.711,0.040646622755811566,22.0
1642171500000.0,137450,1642171500000.0,0.126400000000001,-0.0030228800000000004,1198.5255246400031,1198.7955246400031,-0.4,37.786,0.9,37.47,long_nclose,33.723,0.028137072850517104,255.0
1642171560000.0,137451,1642171560000.0,0.09480000000000074,-0.0022671600000000003,1198.6180574800032,1198.8190574800033,-0.3,37.786,0.6,37.47,long_nclose,22.482,0.018756600453080585,1.0
1642173540000.0,137484,1642173540000.0,0.3132000000000012,-0.00231084,1198.9289466400032,1199.2319466400033,-0.3,38.514,0.3,37.47,long_nclose,11.241,0.00937586837944224,33.0
1642173600000.0,137485,1642173600000.0,0.10440000000000041,-0.0007702800000000001,1199.032576360003,1199.229576360003,-0.1,38.514,0.2,37.47,long_nclose,7.494,0.006250038695987828,1.0
1642173660000.0,137486,1642173660000.0,0.10440000000000041,-0.0007702800000000001,1199.136206080003,1199.234706080003,-0.1,38.514,0.1,37.47,long_nclose,3.747,0.0031247492828600414,1.0
1642173780000.0,137488,1642173780000.0,0.10440000000000041,-0.0007702800000000001,1199.2398358000028,1199.2398358000028,-0.1,38.514,0.0,37.47,long_nclose,0.0,0.0,2.0
1642291140000.0,139444,1642291140000.0,0.0,-0.00939504,1199.2304407600027,1199.2172407600026,1.2,39.146,1.2,39.146,long_ientry_normal,46.9752,0.03917112041471349,1956.0
1642294980000.0,139508,1642294980000.0,0.1319999999999993,-0.00315808,1199.3592826800027,1199.6224826800028,-0.4,39.476,0.8,39.146,long_nclose,31.3168,0.02611127495509245,64.0
1642295040000.0,139509,1642295040000.0,0.06599999999999966,-0.00157904,1199.4237036400027,1199.6211036400027,-0.2,39.476,0.6,39.146,long_nclose,23.4876,0.019582404390308443,1.0
1642295100000.0,139510,1642295100000.0,0.06599999999999966,-0.00157904,1199.4881246000027,1199.6237246000028,-0.2,39.476,0.4,39.146,long_nclose,15.6584,0.01305423511818565,1.0
1642299540000.0,139584,1642299540000.0,0.03299999999999983,-0.00078952,1199.5203350800027,1199.6385350800026,-0.1,39.476,0.3,39.146,long_nclose,11.7438,0.009790413431562827,74.0
1642301100000.0,139610,1642301100000.0,0.03299999999999983,-0.00078952,1199.5525455600027,1199.6223455600027,-0.1,39.476,0.2,39.146,long_nclose,7.8292,0.006526767025737078,26.0
1642303080000.0,139643,1642303080000.0,0.03299999999999983,-0.00078952,1199.5847560400027,1199.6201560400027,-0.1,39.476,0.1,39.146,long_nclose,3.9146,0.003263295886588825,33.0
1642303920000.0,139657,1642303920000.0,0.10899999999999964,-0.0008047200000000001,1199.6929513200027,1199.6929513200027,-0.1,40.236,0.0,39.146,long_nclose,0.0,0.0,14.0
1642392000000.0,141125,1642392000000.0,0.0,-0.009187200000000001,1199.6837641200027,1199.6122641200027,1.1,41.76,1.1,41.76,long_ientry_normal,45.936,0.038290090583742435,1468.0
1642392420000.0,141132,1642392420000.0,0.10560000000000115,-0.00252672,1199.7868374000027,1200.1468374000026,-0.3,42.112,0.8,41.76,long_nclose,33.408,0.027844946250949697,7.0
1642394340000.0,141164,1642394340000.0,0.0,-0.00250476,1199.7843326400027,1199.7335326400027,0.3,41.746,1.1,41.756181818181815,long_ientry_partial,45.9318,0.038283380396318206,32.0
1642399320000.0,141247,1642399320000.0,0.10554545454545447,-0.00252648,1199.8873516145484,1200.186406160003,-0.3,42.108,0.8,41.756181818181815,long_nclose,33.404945454545455,0.027840067994379904,83.0
1642402260000.0,141296,1642402260000.0,0.07036363636363632,-0.00168432,1199.956030930912,1200.201321840003,-0.2,42.108,0.6,41.756181818181815,long_nclose,25.053709090909088,0.020878855928973258,49.0
1642402440000.0,141299,1642402440000.0,0.07036363636363632,-0.00168432,1200.0247102472756,1200.1662375200028,-0.2,42.108,0.4,41.756181818181815,long_nclose,16.702472727272728,0.013918440665968484,3.0
1642402680000.0,141303,1642402680000.0,0.03518181818181816,-0.00084216,1200.0590499054574,1200.159195360003,-0.1,42.108,0.3,41.756181818181815,long_nclose,12.526854545454544,0.010438531792615896,4.0
1642402740000.0,141304,1642402740000.0,0.03518181818181816,-0.00084216,1200.0933895636392,1200.1631532000029,-0.1,42.108,0.2,41.756181818181815,long_nclose,8.351236363636364,0.006958822068566614,1.0
1642402860000.0,141306,1642402860000.0,0.03518181818181816,-0.00084216,1200.127729221821,1200.173611040003,-0.1,42.108,0.1,41.756181818181815,long_nclose,4.175618181818182,0.0034793114767256556,2.0
1642406400000.0,141365,1642406400000.0,0.03518181818181816,-0.00084216,1200.1620688800028,1200.1620688800028,-0.1,42.108,0.0,41.756181818181815,long_nclose,0.0,0.0,59.0
1642412640000.0,141469,1642412640000.0,0.0,-0.00999624,1200.1520726400029,1200.306872640003,1.2,41.651,1.2,41.651,long_ientry_normal,49.9812,0.041645722354213974,104.0
1642413420000.0,141482,1642413420000.0,0.14039999999999964,-0.0033601600000000005,1200.2891124800028,1200.6843124800027,-0.4,42.002,0.8,41.651,long_nclose,33.320800000000006,0.027760645042554394,13.0
1642414320000.0,141497,1642414320000.0,0.07019999999999982,-0.0016800800000000002,1200.3576324000028,1200.5250324000028,-0.2,42.002,0.6,41.651,long_nclose,24.9906,0.02081929528788319,15.0
1642414380000.0,141498,1642414380000.0,0.07019999999999982,-0.0016800800000000002,1200.426152320003,1200.547752320003,-0.2,42.002,0.4,41.651,long_nclose,16.660400000000003,0.013878737953018841,1.0
1642414560000.0,141501,1642414560000.0,0.03509999999999991,-0.0008400400000000001,1200.460412280003,1200.575612280003,-0.1,42.002,0.3,41.651,long_nclose,12.4953,0.010408756400611332,3.0
1642415520000.0,141517,1642415520000.0,0.0,-0.007485120000000001,1200.4529271600031,1200.368027160003,0.9,41.584,1.2,41.600750000000005,long_ientry_partial,49.9209,0.041585054166264915,16.0
1642434900000.0,141840,1642434900000.0,0.0,-0.00973104,1200.4431961200032,1199.0550961200033,1.2,40.546,2.4,41.073375,long_rentry,98.5761,0.08211642193367537,323.0
1642440300000.0,141930,1642440300000.0,0.0,-0.0095424,1200.4336537200031,1197.2995537200031,1.2,39.76,3.6,40.63558333333333,long_rentry,146.2881,0.12186271148486243,90.0
1642454820000.0,142172,1642454820000.0,0.0,-0.01406628,1200.4195874400032,1193.9680874400033,1.8,39.073,5.4,40.11472222222222,long_rentry,216.6195,0.18045315343609103,242.0
1642457580000.0,142218,1642457580000.0,0.0,-0.019858280000000002,1200.399729160003,1189.8088291600031,2.6,38.189,8.0,39.488862499999996,long_rentry,315.91089999999997,0.2631714189248136,46.0
1642465080000.0,142343,1642465080000.0,0.8635575000000045,-0.02070692,1201.242579740003,1203.246722240003,-2.6,39.821,5.4,39.488862499999996,long_nclose,213.2398575,0.17751606636034634,125.0
1642465320000.0,142347,1642465320000.0,0.5978475000000032,-0.014335560000000002,1201.826091680003,1203.000186680003,-1.8,39.821,3.6,39.488862499999996,long_nclose,142.15990499999998,0.11828658570831839,4.0
1642466820000.0,142372,1642466820000.0,0.3985650000000021,-0.00955704,1202.215099640003,1202.997829640003,-1.2,39.821,2.4,39.488862499999996,long_nclose,94.77326999999998,0.07883220733825365,25.0
1642467000000.0,142375,1642467000000.0,0.2657100000000014,-0.00637136,1202.474438280003,1203.004258280003,-0.8,39.821,1.6,39.488862499999996,long_nclose,63.182179999999995,0.05254347035465853,3.0
1642467060000.0,142376,1642467060000.0,0.16606875000000088,-0.0039821,1202.636524930003,1203.000776180003,-0.5,39.821,1.1,39.488862499999996,long_nclose,43.43774875,0.036118767266384334,1.0
1642467300000.0,142380,1642467300000.0,0.09964125000000053,-0.00238926,1202.733776920003,1203.022686920003,-0.3,39.821,0.8,39.488862499999996,long_nclose,31.591089999999998,0.02626607035257579,4.0
1642467480000.0,142383,1642467480000.0,0.06642750000000035,-0.00159284,1202.798611580003,1203.060294080003,-0.2,39.821,0.6,39.488862499999996,long_nclose,23.693317499999996,0.019698490896058088,3.0
1642468200000.0,142395,1642468200000.0,0.06642750000000035,-0.00159284,1202.8634462400028,1203.0079012400029,-0.2,39.821,0.4,39.488862499999996,long_nclose,15.795544999999999,0.013131619428102875,12.0
1642469760000.0,142421,1642469760000.0,0.033213750000000174,-0.00079642,1202.8958635700028,1203.0027048200027,-0.1,39.821,0.3,39.488862499999996,long_nclose,11.846658749999998,0.00984844915406144,26.0
1642472040000.0,142459,1642472040000.0,0.0,-0.007009920000000001,1202.8888536500028,1202.708594900003,0.9,38.944,1.2,39.080215625,long_ientry_partial,46.89625875,0.03898636071628702,38.0
1642477560000.0,142551,1642477560000.0,0.0,-0.009907560000000001,1202.8789460900027,1201.6573873400027,1.3,38.106,2.5,38.5736235,long_rentry,96.43405874999999,0.0801693795235689,92.0
1642487400000.0,142715,1642487400000.0,0.25950120000000537,-0.006223680000000001,1203.1322236100027,1203.5595636600028,-0.8,38.898,1.7,38.5736235,long_nclose,65.57515994999999,0.05450370180697303,164.0
1642488120000.0,142727,1642488120000.0,0.16218825000000336,-0.0038898000000000005,1203.2905220600028,1203.7601738600029,-0.5,38.898,1.2,38.5736235,long_nclose,46.288348199999994,0.03846813994741313,12.0
1642488360000.0,142731,1642488360000.0,0.12975060000000269,-0.0031118400000000007,1203.417160820003,1203.7582620200028,-0.4,38.898,0.8,38.5736235,long_nclose,30.8588988,0.025642727895763832,4.0
1642488900000.0,142740,1642488900000.0,0.06487530000000134,-0.0015559200000000003,1203.4804802000028,1203.7093061000028,-0.2,38.898,0.6,38.5736235,long_nclose,23.144174099999997,0.01923103405561986,9.0
1642489200000.0,142745,1642489200000.0,0.06487530000000134,-0.0015559200000000003,1203.5437995800028,1203.6743501800029,-0.2,38.898,0.4,38.5736235,long_nclose,15.4294494,0.012820014863924662,5.0
1642491780000.0,142788,1642491780000.0,0.0,-0.006859980000000001,1203.5369396000028,1203.4155902000027,0.9,38.111,1.3,38.25334569230769,long_ientry_partial,49.7293494,0.04131933783148161,43.0
1642497480000.0,142883,1642497480000.0,0.0,-0.009694099999999999,1203.527245500003,1202.1383961000029,1.3,37.285,2.6,37.76917284615384,long_rentry,98.19984939999999,0.08159337461380284,95.0
1642507260000.0,143046,1642507260000.0,0.2542617230769281,-0.006093920000000001,1203.7754133030799,1204.370902180003,-0.8,38.087,1.8,37.76917284615384,long_nclose,67.98451112307691,0.05647607549694999,163.0
1642507440000.0,143049,1642507440000.0,0.19069629230769605,-0.00457044,1203.9615391553875,1204.298531740003,-0.6,38.087,1.2,37.76917284615384,long_nclose,45.32300741538461,0.03764489640356781,3.0
1642515660000.0,143186,1642515660000.0,0.0,-0.0095771,1203.9519620553876,1202.9184546400031,1.3,36.835,2.5,37.283402966153844,long_rentry,93.20850741538462,0.07741879273676251,137.0
1642532280000.0,143463,1642532280000.0,0.25087762707692607,-0.006015520000000001,1204.1968241624647,1204.7520391200032,-0.8,37.597,1.7,37.283402966153844,long_nclose,63.38178504246153,0.05263407423993534,277.0
1642532700000.0,143470,1642532700000.0,0.15679851692307878,-0.0037597000000000004,1204.3498629793878,1204.7657794200031,-0.5,37.597,1.2,37.283402966153844,long_nclose,44.74008355938461,0.03714874301451249,7.0
1642532940000.0,143474,1642532940000.0,0.12543881353846303,-0.0030077600000000004,1204.4722940329264,1204.7495716600033,-0.4,37.597,0.8,37.283402966153844,long_nclose,29.826722372923076,0.02476331130295614,4.0
1642535220000.0,143512,1642535220000.0,0.4154388135384636,-0.0030657600000000003,1204.8846670864648,1205.2533059000032,-0.4,38.322,0.4,37.283402966153844,long_nclose,14.913361186461538,0.012377418016716555,38.0
1642540260000.0,143596,1642540260000.0,0.2077194067692318,-0.0015328800000000001,1205.090853613234,1205.3121730200032,-0.2,38.322,0.2,37.283402966153844,long_nclose,7.456680593230769,0.006187650143450464,84.0
1642541700000.0,143620,1642541700000.0,0.35251940676923116,-0.00156184,1205.4418111800032,1205.4418111800032,-0.2,39.046,0.0,37.283402966153844,long_nclose,0.0,0.0,24.0
1642563300000.0,143980,1642563300000.0,0.0,-0.00975962,1205.4320515600032,1205.3189515600031,1.3,37.537,1.3,37.537,long_ientry_normal,48.7981,0.04048183382617727,360.0
1642575180000.0,144178,1642575180000.0,0.0,-0.00951392,1205.4225376400032,1204.2148376400032,1.3,36.592,2.6,37.064499999999995,long_rentry,96.36769999999999,0.07994516195845344,198.0
1642576140000.0,144194,1642576140000.0,0.0,-0.009331920000000002,1205.4132057200031,1202.3569057200032,1.3,35.892,3.9,36.67366666666667,long_rentry,143.0273,0.11865416715305406,16.0
1642598460000.0,144566,1642598460000.0,0.402133333333326,-0.00961558,1205.8057234733365,1206.5891901400032,-1.3,36.983,2.6,36.67366666666667,long_nclose,95.35153333333335,0.07907702831155274,372.0
1642598520000.0,144567,1642598520000.0,0.24746666666666217,-0.00591728,1206.0472728600032,1206.6166728600033,-0.8,36.983,1.8,36.67366666666667,long_nclose,66.0126,0.05473467042751871,1.0
1642599360000.0,144581,1642599360000.0,0.1855999999999966,-0.0044379599999999995,1206.2284349000033,1206.6560349000033,-0.6,36.983,1.2,36.67366666666667,long_nclose,44.0084,0.036484299927524354,14.0
1642599720000.0,144587,1642599720000.0,0.12373333333333109,-0.00295864,1206.3492095933366,1206.6102762600033,-0.4,36.983,0.8,36.67366666666667,long_nclose,29.338933333333337,0.024320431513544547,6.0
1642599840000.0,144589,1642599840000.0,0.06186666666666554,-0.00147932,1206.4095969400032,1206.5873969400031,-0.2,36.983,0.6,36.67366666666667,long_nclose,22.0042,0.01823941060798301,2.0
1642599960000.0,144591,1642599960000.0,0.06186666666666554,-0.00147932,1206.4699842866698,1206.5965176200032,-0.2,36.983,0.4,36.67366666666667,long_nclose,14.669466666666668,0.012158998448137977,2.0
1642600560000.0,144601,1642600560000.0,0.03093333333333277,-0.00073966,1206.5001779600032,1206.596577960003,-0.1,36.983,0.3,36.67366666666667,long_nclose,11.0021,0.009119020619294706,10.0
1642602420000.0,144632,1642602420000.0,0.03093333333333277,-0.00073966,1206.5303716333365,1206.6086383000031,-0.1,36.983,0.2,36.67366666666667,long_nclose,7.334733333333334,0.0060791949426055175,31.0
1642603260000.0,144646,1642603260000.0,0.1021333333333331,-0.0007539000000000001,1206.6317510666697,1206.7298844000031,-0.1,37.695,0.1,36.67366666666667,long_nclose,3.667366666666667,0.0030393420887728944,14.0
1642603320000.0,144647,1642603320000.0,0.1021333333333331,-0.0007539000000000001,1206.733130500003,1206.733130500003,-0.1,37.695,0.0,36.67366666666667,long_nclose,0.0,0.0,1.0
1642629960000.0,145091,1642629960000.0,0.0,-0.00946634,1206.723664160003,1206.679464160003,1.3,36.409,1.3,36.409,long_ientry_normal,47.3317,0.03922331301337947,444.0
1642631220000.0,145112,1642631220000.0,0.12280000000000087,-0.0029372800000000004,1206.843526880003,1207.0334268800032,-0.4,36.716,0.9,36.409,long_nclose,32.7681,0.027151904343982236,21.0
1642631820000.0,145122,1642631820000.0,0.09210000000000064,-0.00220296,1206.9334239200032,1207.1320239200031,-0.3,36.716,0.6,36.409,long_nclose,21.845399999999998,0.0180999213105295,10.0
1642634520000.0,145167,1642634520000.0,0.06140000000000043,-0.0014686400000000002,1206.9933552800032,1207.1357552800032,-0.2,36.716,0.4,36.409,long_nclose,14.563600000000001,0.01206601505823657,45.0
1642635120000.0,145177,1642635120000.0,0.030700000000000217,-0.0007343200000000001,1207.0233209600033,1207.1271209600034,-0.1,36.716,0.3,36.409,long_nclose,10.922699999999999,0.009049286629617606,10.0
1642637220000.0,145212,1642637220000.0,0.1014000000000003,-0.00074846,1207.1239725000032,1207.3331725000032,-0.1,37.423,0.2,36.409,long_nclose,7.2818000000000005,0.00603235472568662,35.0
1642637340000.0,145214,1642637340000.0,0.1014000000000003,-0.00074846,1207.2246240400032,1207.3297240400032,-0.1,37.423,0.1,36.409,long_nclose,3.6409000000000002,0.0030159258910869876,2.0
1642638420000.0,145232,1642638420000.0,0.17220000000000013,-0.0007626200000000001,1207.3960614200032,1207.3960614200032,-0.1,38.131,0.0,36.409,long_nclose,0.0,0.0,18.0
1642715520000.0,146517,1642715520000.0,0.0,-0.009368640000000001,1207.3866927800032,1207.391492780003,1.2,39.036,1.2,39.036,long_ientry_normal,46.8432,0.03879718095297516,1285.0
1642716000000.0,146525,1642716000000.0,0.0,-0.009896640000000002,1207.376796140003,1206.162896140003,1.3,38.064,2.5,38.530559999999994,long_rentry,96.32639999999998,0.07978155643537009,8.0
1642716120000.0,146527,1642716120000.0,0.25955200000000217,-0.006216800000000001,1207.6301313400031,1208.334679340003,-0.8,38.855,1.7,38.530559999999994,long_nclose,65.50195199999999,0.05424007757020613,2.0
1642716780000.0,146538,1642716780000.0,0.16222000000000136,-0.0038855,1207.788465840003,1208.213793840003,-0.5,38.855,1.2,38.530559999999994,long_nclose,46.23667199999999,0.03828209434658156,11.0
1642716900000.0,146540,1642716900000.0,0.12977600000000108,-0.0031084000000000003,1207.915133440003,1208.234685440003,-0.4,38.855,0.8,38.530559999999994,long_nclose,30.824447999999997,0.025518719938722453,2.0
1642716960000.0,146541,1642716960000.0,0.0,-0.0031144000000000002,1207.912019040003,1207.9855710400032,0.4,38.93,1.2,38.66370666666667,long_ientry_partial,46.396448,0.038410453136209305,1.0
1642717560000.0,146551,1642717560000.0,0.13011733333333098,-0.00311912,1208.0390172533364,1208.348051920003,-0.4,38.989,0.8,38.66370666666667,long_nclose,30.930965333333337,0.025604276758924287,10.0
1642718040000.0,146559,1642718040000.0,0.0,-0.0031192800000000003,1208.0358979733364,1208.2545326400032,0.4,38.991,1.2,38.77280444444445,long_ientry_partial,46.52736533333334,0.038514886363385445,8.0
1642718220000.0,146562,1642718220000.0,0.13047822222221725,-0.00312792,1208.1632482755585,1208.605004720003,-0.4,39.099,0.8,38.77280444444445,long_nclose,31.018243555555564,0.025673884385929362,3.0
1642718280000.0,146563,1642718280000.0,0.0,-0.0031189600000000005,1208.1601293155586,1208.659085760003,0.4,38.987,1.2,38.844202962962974,long_ientry_partial,46.61304355555557,0.03858184227778033,1.0
1642718520000.0,146567,1642718520000.0,0.13071881481481,-0.0031336800000000002,1208.2877144503734,1208.5443520800031,-0.4,39.171,0.8,38.844202962962974,long_nclose,31.07536237037038,0.025718512237382102,4.0
1642718640000.0,146569,1642718640000.0,0.0,-0.0031187200000000006,1208.2845957303734,1208.4336333600031,0.4,38.984,1.2,38.890801975308655,long_ientry_partial,46.66896237037039,0.03862414743619266,2.0
1642719120000.0,146577,1642719120000.0,0.13087920987653945,-0.0031374400000000005,1208.41233750025,1208.715695920003,-0.4,39.218,0.8,38.890801975308655,long_nclose,31.112641580246926,0.025746709641021426,8.0
1642719240000.0,146579,1642719240000.0,0.06543960493826972,-0.0015687200000000002,1208.4762083851883,1208.7817272000032,-0.2,39.218,0.6,38.890801975308655,long_nclose,23.334481185185194,0.01930901164894724,2.0
1642719660000.0,146586,1642719660000.0,0.06543960493826972,-0.0015687200000000002,1208.5400792701266,1208.661758480003,-0.2,39.218,0.4,38.890801975308655,long_nclose,15.556320790123463,0.012871994116668757,7.0
1642719720000.0,146587,1642719720000.0,0.03271980246913486,-0.0007843600000000001,1208.5720147125958,1208.6977741200033,-0.1,39.218,0.3,38.890801975308655,long_nclose,11.667240592592597,0.009653740489239379,1.0
1642720620000.0,146602,1642720620000.0,0.0,-0.0070146,1208.5650001125957,1208.5407595200031,0.9,38.97,1.2,38.95020049382716,long_ientry_partial,46.74024059259259,0.03867416364716672,15.0
1642721160000.0,146611,1642721160000.0,0.13111980246913504,-0.00314224,1208.6929776750649,1208.9368172800032,-0.4,39.278,0.8,38.95020049382716,long_nclose,31.16016039506173,0.025780045859949204,9.0
1642721220000.0,146612,1642721220000.0,0.06555990123456752,-0.00157112,1208.7569664562993,1209.002846160003,-0.2,39.278,0.6,38.95020049382716,long_nclose,23.370120296296296,0.019334010843230335,1.0
1642721460000.0,146616,1642721460000.0,0.06555990123456752,-0.00157112,1208.8209552375338,1208.978875040003,-0.2,39.278,0.4,38.95020049382716,long_nclose,15.580080197530865,0.012888658266574617,4.0
1642721700000.0,146620,1642721700000.0,0.0,-0.006233120000000001,1208.8147221175338,1208.827041920003,0.8,38.957,1.2,38.95473349794239,long_ientry_partial,46.74568019753087,0.038670674125844864,4.0
1642721880000.0,146623,1642721880000.0,0.1313066008230436,-0.0031426400000000004,1208.9428860783569,1209.211099280003,-0.4,39.283,0.8,38.95473349794239,long_nclose,31.163786798353915,0.025777716348077385,3.0
1642722240000.0,146629,1642722240000.0,0.0656533004115218,-0.0015713200000000002,1209.0069680587683,1209.2921279600027,-0.2,39.283,0.6,38.95473349794239,long_nclose,23.372840098765433,0.019332262523096815,6.0
1642722660000.0,146636,1642722660000.0,0.0,-0.00467376,1209.0022942987682,1208.8746542000029,0.6,38.948,1.2,38.951366748971196,long_ientry_partial,46.74164009876544,0.038661332835498045,7.0
1642723260000.0,146646,1642723260000.0,0.13105330041152286,-0.0031423200000000005,1209.1302052791798,1209.1891118800029,-0.4,39.279,0.8,38.951366748971196,long_nclose,31.16109339917696,0.025771495297300988,10.0
1642723320000.0,146647,1642723320000.0,0.0,-0.0031150400000000008,1209.1270902391798,1208.7887968400028,0.4,38.938,1.2,38.9469111659808,long_ientry_partial,46.73629339917696,0.0386529205874727,1.0
1642723980000.0,146658,1642723980000.0,0.13123553360767914,-0.0031420000000000003,1209.2551837727874,1209.5456548400027,-0.4,39.275,0.8,38.9469111659808,long_nclose,31.157528932784643,0.025765884116845744,11.0
1642724160000.0,146661,1642724160000.0,0.06561776680383957,-0.0015710000000000001,1209.3192305395912,1209.5850838400027,-0.2,39.275,0.6,38.9469111659808,long_nclose,23.36814669958848,0.019323389647216433,3.0
1642724640000.0,146669,1642724640000.0,0.3255266502057587,-0.00240192,1209.642355269797,1209.9582819200027,-0.3,40.032,0.3,38.9469111659808,long_nclose,11.68407334979424,0.009659113951237462,8.0
1642724700000.0,146670,1642724700000.0,0.10850888340191958,-0.0008006399999999999,1209.750063513199,1209.9336812800027,-0.1,40.032,0.2,38.9469111659808,long_nclose,7.789382233196161,0.006438835977883935,1.0
1642724820000.0,146672,1642724820000.0,0.10850888340191958,-0.0008006399999999999,1209.8577717566009,1209.9910806400028,-0.1,40.032,0.1,38.9469111659808,long_nclose,3.8946911165980804,0.003219131378511832,2.0
1642725480000.0,146683,1642725480000.0,0.1841088834019196,-0.0008157600000000001,1210.0410648800028,1210.0410648800028,-0.1,40.788,0.0,38.9469111659808,long_nclose,0.0,0.0,11.0
1642729020000.0,146742,1642729020000.0,0.0,-0.00935376,1210.0317111200027,1210.1589111200026,1.2,38.974,1.2,38.974,long_ientry_normal,46.76879999999999,0.0386508878818646,59.0
1642730520000.0,146767,1642730520000.0,0.13120000000000118,-0.0031441600000000004,1210.1597669600028,1210.2485669600028,-0.4,39.302,0.8,38.974,long_nclose,31.179199999999998,0.02576453196615857,25.0
1642730580000.0,146768,1642730580000.0,0.06560000000000059,-0.0015720800000000002,1210.2237948800027,1210.5453948800027,-0.2,39.302,0.6,38.974,long_nclose,23.384399999999996,0.019322376653748266,1.0
1642730700000.0,146770,1642730700000.0,0.06560000000000059,-0.0015720800000000002,1210.2878228000027,1210.3722228000026,-0.2,39.302,0.4,38.974,long_nclose,15.589599999999999,0.012880902960696933,2.0
1642730760000.0,146771,1642730760000.0,0.0,-0.006231040000000001,1210.2815917600026,1210.3007917600025,0.8,38.944,1.2,38.95400000000001,long_ientry_partial,46.744800000000005,0.03862307773517673,1.0
1642730940000.0,146774,1642730940000.0,0.13119999999999551,-0.00314256,1210.4096492000026,1210.5144492000027,-0.4,39.282,0.8,38.95400000000001,long_nclose,31.163200000000007,0.02574599435868405,3.0
1642731000000.0,146775,1642731000000.0,0.06559999999999776,-0.00157128,1210.4736779200025,1210.6572779200026,-0.2,39.282,0.6,38.95400000000001,long_nclose,23.372400000000003,0.019308474381831732,1.0
1642731180000.0,146778,1642731180000.0,0.0,-0.00467292,1210.4690050000024,1210.4120050000024,0.6,38.941,1.2,38.947500000000005,long_ientry_partial,46.737,0.0386106540580111,3.0
1642731360000.0,146781,1642731360000.0,0.1309999999999974,-0.0031420000000000003,1210.5968630000025,1210.8788630000024,-0.4,39.275,0.8,38.947500000000005,long_nclose,31.158000000000005,0.02573771744524993,3.0
1642731480000.0,146783,1642731480000.0,0.0654999999999987,-0.0015710000000000001,1210.6607920000024,1210.6982920000023,-0.2,39.275,0.6,38.947500000000005,long_nclose,23.3685,0.01930226877290328,2.0
1642731540000.0,146784,1642731540000.0,0.0,-0.0046722000000000005,1210.6561198000024,1210.6246198000024,0.6,38.935,1.2,38.941250000000004,long_ientry_partial,46.7295,0.03859849154169361,1.0
1642731720000.0,146787,1642731720000.0,0.13109999999999786,-0.00314152,1210.7840782800024,1211.1470782800025,-0.4,39.269,0.8,38.941250000000004,long_nclose,31.153000000000006,0.025729608242168883,3.0
1642731840000.0,146789,1642731840000.0,0.4338999999999999,-0.0032020800000000004,1211.2147762000025,1211.6762762000023,-0.4,40.026,0.4,38.941250000000004,long_nclose,15.576500000000003,0.012860229503531028,2.0
1642732140000.0,146794,1642732140000.0,0.21694999999999995,-0.0016010400000000002,1211.4301251600025,1211.6978751600025,-0.2,40.026,0.2,38.941250000000004,long_nclose,7.7882500000000014,0.0064289717072797325,5.0
1642732380000.0,146798,1642732380000.0,0.10847499999999997,-0.0008005200000000001,1211.5377996400025,1211.6291746400025,-0.1,40.026,0.1,38.941250000000004,long_nclose,3.8941250000000007,0.0032142001687088134,4.0
1642732440000.0,146799,1642732440000.0,0.10847499999999997,-0.0008005200000000001,1211.6454741200025,1211.6454741200025,-0.1,40.026,0.0,38.941250000000004,long_nclose,0.0,0.0,1.0
1642734360000.0,146831,1642734360000.0,0.0,-0.009345599999999999,1211.6361285200026,1211.5521285200025,1.2,38.94,1.2,38.94,long_ientry_normal,46.727999999999994,0.03856603389424977,32.0
1642735740000.0,146854,1642735740000.0,0.0,-0.00987246,1211.6262560600026,1210.6984560600026,1.3,37.971,2.5,38.43612,long_rentry,96.09030000000001,0.07930688157292738,23.0
1642736160000.0,146861,1642736160000.0,0.2591039999999964,-0.0062016,1211.8791584600026,1212.1662544600026,-0.8,38.76,1.7,38.43612,long_nclose,65.341404,0.053917425300912585,7.0
1642736280000.0,146863,1642736280000.0,0.16193999999999775,-0.003876,1212.0372224600026,1212.3058784600025,-0.5,38.76,1.2,38.43612,long_nclose,46.123344,0.03805439564503316,2.0
1642736340000.0,146864,1642736340000.0,0.1295519999999982,-0.0031008,1212.1636736600026,1212.4307776600026,-0.4,38.76,0.8,38.43612,long_nclose,30.748896000000002,0.025366950576201395,1.0
1642736400000.0,146865,1642736400000.0,0.0,-0.0038770000000000007,1212.1597966600025,1212.3294006600024,0.5,38.77,1.3,38.56453538461539,long_ientry_partial,50.13389600000001,0.04135914764549976,1.0
1642736520000.0,146867,1642736520000.0,0.12978584615384534,-0.0031111200000000006,1212.2864713861563,1212.6423895400026,-0.4,38.889,0.9,38.56453538461539,long_nclose,34.70808184615385,0.02863026410454604,2.0
1642736700000.0,146870,1642736700000.0,0.0,-0.00233256,1212.2841388261563,1212.7432569800026,0.3,38.876,1.2,38.64240153846154,long_ientry_partial,46.37088184615385,0.03825083605486611,3.0
1642737960000.0,146891,1642737960000.0,0.13023938461538478,-0.003117440000000001,1212.4112607707716,1212.7773395400025,-0.4,38.968,0.8,38.64240153846154,long_nclose,30.913921230769233,0.025497883623347567,21.0
1642738140000.0,146894,1642738140000.0,0.0,-0.0038783000000000003,1212.4073824707716,1212.5419612400024,0.5,38.783,1.3,38.69647786982249,long_ientry_partial,50.305421230769234,0.041492176605071096,3.0
1642738260000.0,146896,1642738260000.0,0.13020885207100436,-0.0031217600000000003,1212.5344695628426,1212.8526394800024,-0.4,39.022,0.9,38.69647786982249,long_nclose,34.82683008284024,0.02872234229794426,2.0
1642738440000.0,146899,1642738440000.0,0.0,-0.0031017600000000003,1212.5313678028426,1212.4797377200023,0.4,38.772,1.3,38.71971544833865,long_ientry_partial,50.33563008284024,0.04151284776578646,3.0
1642738740000.0,146904,1642738740000.0,0.13051382066454095,-0.00312368,1212.6587579435072,1212.9020140400025,-0.4,39.046,0.9,38.71971544833865,long_nclose,34.847743903504785,0.02873664472815212,5.0
1642738800000.0,146905,1642738800000.0,0.09788536549840572,-0.0023427599999999997,1212.7543005490056,1212.9854712800025,-0.3,39.046,0.6,38.71971544833865,long_nclose,23.23182926900319,0.019156253874743054,1.0
1642739460000.0,146916,1642739460000.0,0.06525691033227048,-0.00156184,1212.8179956193378,1212.9301094400023,-0.2,39.046,0.4,38.71971544833865,long_nclose,15.48788617933546,0.012770165214630093,11.0
1642739580000.0,146918,1642739580000.0,0.0,-0.0069703199999999995,1212.8110252993379,1212.7555391200024,0.9,38.724,1.3,38.72268167641189,long_ientry_partial,50.33948617933546,0.04150645494578267,2.0
1642739820000.0,146922,1642739820000.0,0.13052732943524462,-0.00312392,1212.938428708773,1213.3185152000024,-0.4,39.049,0.9,38.72268167641189,long_nclose,34.8504135087707,0.028732219776291958,4.0
1642740180000.0,146928,1642740180000.0,0.0,-0.0030960000000000007,1212.935332708773,1212.8824192000025,0.4,38.7,1.3,38.71570269905438,long_ientry_partial,50.3304135087707,0.04149472123659793,6.0
1642741560000.0,146951,1642741560000.0,0.0,-0.009810840000000001,1212.925521868773,1211.3659083600023,1.3,37.734,2.6,38.22485134952719,long_rentry,99.3846135087707,0.08193793577337484,23.0
1642742280000.0,146963,1642742280000.0,0.0,-0.009621039999999999,1212.9159008287731,1209.8235873200024,1.3,37.004,3.9,37.8179008996848,long_rentry,147.4898135087707,0.12159937338441389,12.0
1642747380000.0,147048,1642747380000.0,0.0,-0.013818700000000001,1212.9020821287731,1208.0767686200024,1.9,36.365,5.8,37.34195060496047,long_rentry,216.58331350877074,0.17856619812923713,85.0
1642752540000.0,147134,1642752540000.0,0.5966938505750982,-0.014309279999999999,1213.4844666993483,1214.7053593400026,-1.9,37.656,3.9,37.34195060496047,long_nclose,145.63360735934583,0.12001274952902044,86.0
1642752600000.0,147135,1642752600000.0,0.4082642135513829,-0.009790560000000002,1213.8829403528996,1214.8398687800025,-1.3,37.656,2.6,37.34195060496047,long_nclose,97.08907157289724,0.0799822358032905,1.0
1642753560000.0,147151,1642753560000.0,0.25123951603162026,-0.00602496,1214.128154908931,1214.7186438200022,-0.8,37.656,1.8,37.34195060496047,long_nclose,67.21551108892885,0.055361133680299615,16.0
1642753860000.0,147156,1642753860000.0,0.1884296370237152,-0.0045187199999999995,1214.3120658259547,1214.6397251000021,-0.6,37.656,1.2,37.34195060496047,long_nclose,44.810340725952564,0.03690183272244217,5.0
1642753920000.0,147157,1642753920000.0,0.12561975801581013,-0.00301248,1214.4346731039705,1214.733112620002,-0.4,37.656,0.8,37.34195060496047,long_nclose,29.87356048396838,0.024598738117065304,1.0
1642754100000.0,147160,1642754100000.0,0.06280987900790506,-0.00150624,1214.4959767429784,1214.722806380002,-0.2,37.656,0.6,37.34195060496047,long_nclose,22.405170362976282,0.01844812234212765,3.0
1642756020000.0,147192,1642756020000.0,0.0,-0.00520548,1214.4907712629783,1214.1257009000021,0.7,37.182,1.3,37.2558233561356,long_ientry_partial,48.432570362976286,0.03987891181141713,32.0
1642761360000.0,147281,1642761360000.0,0.12567065754575993,-0.0030056,1214.613436320524,1214.8781953000018,-0.4,37.57,0.9,37.2558233561356,long_nclose,33.53024102052204,0.027605689199434937,89.0
1642763340000.0,147314,1642763340000.0,0.0,-0.00295392,1214.610482400524,1214.365141380002,0.4,36.924,1.3,37.15372386194003,long_ientry_partial,48.29984102052204,0.03976570408404801,33.0
1642766940000.0,147374,1642766940000.0,0.0,-0.009417720000000001,1214.601064680524,1213.215623660002,1.3,36.222,2.6,36.687861930970016,long_rentry,95.38844102052204,0.07853479121197052,60.0
1642768500000.0,147400,1642768500000.0,0.0,-0.00995008,1214.591114600524,1212.5122735800019,1.4,35.536,4.0,36.284710255130506,long_rentry,145.13884102052202,0.11949605037927338,26.0
1642775580000.0,147518,1642775580000.0,0.3968766683303471,-0.009513400000000002,1214.9784778688543,1215.951260180002,-1.3,36.59,2.7,36.284710255130506,long_nclose,97.96871768885237,0.08063411778346512,118.0
1642775760000.0,147521,1642775760000.0,0.27476077038254804,-0.006586200000000001,1215.2466524392369,1215.607173980002,-0.9,36.59,1.8,36.284710255130506,long_nclose,65.31247845923491,0.05374421589900292,3.0
1642779240000.0,147579,1642779240000.0,0.18317384692169866,-0.0043908,1215.4254354861584,1215.893783180002,-0.6,36.59,1.2,36.284710255130506,long_nclose,43.54165230615661,0.03582420692779098,58.0
1642780140000.0,147594,1642780140000.0,0.6061738469216976,-0.0044754,1216.02713393308,1216.7443077800017,-0.6,37.295,0.6,36.284710255130506,long_nclose,21.770826153078303,0.017903240434005305,15.0
1642780980000.0,147608,1642780980000.0,0.3030869234608488,-0.0022377,1216.3279831565408,1216.6355700800016,-0.3,37.295,0.3,36.284710255130506,long_nclose,10.885413076539152,0.008949406103681005,14.0
1642781100000.0,147610,1642781100000.0,0.10102897448694961,-0.0007459000000000001,1216.4282662310277,1216.6513241800017,-0.1,37.295,0.2,36.284710255130506,long_nclose,7.256942051026101,0.00596577887285615,2.0
1642781640000.0,147619,1642781640000.0,0.10102897448694961,-0.0007459000000000001,1216.5285493055146,1216.6335782800015,-0.1,37.295,0.1,36.284710255130506,long_nclose,3.6284710255130506,0.0029826435455086136,9.0
1642781820000.0,147622,1642781820000.0,0.10102897448694961,-0.0007459000000000001,1216.6288323800015,1216.6288323800015,-0.1,37.295,0.0,36.284710255130506,long_nclose,0.0,0.0,3.0
1642789380000.0,147748,1642789380000.0,0.0,-0.00939042,1216.6194419600015,1216.6818419600015,1.3,36.117,1.3,36.117,long_ientry_normal,46.9521,0.0385922650753954,126.0
1642789800000.0,147755,1642789800000.0,0.12160000000000082,-0.00291368,1216.7381282800015,1216.9208282800016,-0.4,36.421,0.9,36.117,long_nclose,32.5053,0.026715115803882923,7.0
1642789860000.0,147756,1642789860000.0,0.0,-0.00288792,1216.7352403600016,1216.7853403600016,0.4,36.099,1.3,36.11146153846153,long_ientry_partial,46.9449,0.038582674720681366,1.0
1642789920000.0,147757,1642789920000.0,0.12181538461538538,-0.0029132800000000003,1216.8541424646169,1217.1633270800014,-0.4,36.416,0.9,36.11146153846153,long_nclose,32.500315384615384,0.026708472486923727,1.0
1642790100000.0,147760,1642790100000.0,0.09136153846153902,-0.00218496,1216.9433190430784,1217.1284421200014,-0.3,36.416,0.6,36.11146153846153,long_nclose,21.66687692307692,0.017804343541747106,3.0
1642790640000.0,147769,1642790640000.0,0.06090769230769269,-0.0014566400000000001,1217.002770095386,1217.0981854800013,-0.2,36.416,0.4,36.11146153846153,long_nclose,14.444584615384613,0.011868982528488803,9.0
1642791120000.0,147777,1642791120000.0,0.030453846153846345,-0.0007283200000000001,1217.03249562154,1217.1340571600015,-0.1,36.416,0.3,36.11146153846153,long_nclose,10.83343846153846,0.008901519475045578,8.0
1642791240000.0,147779,1642791240000.0,0.030453846153846345,-0.0007283200000000001,1217.062221147694,1217.1289288400017,-0.1,36.416,0.2,36.11146153846153,long_nclose,7.222292307692307,0.005934201376230099,2.0
1642791900000.0,147790,1642791900000.0,0.030453846153846345,-0.0007283200000000001,1217.0919466738478,1217.1218005200017,-0.1,36.416,0.1,36.11146153846153,long_nclose,3.6111461538461533,0.0029670282214215127,11.0
1642791960000.0,147791,1642791960000.0,0.030453846153846345,-0.0007283200000000001,1217.1216722000017,1217.1216722000017,-0.1,36.416,0.0,36.11146153846153,long_nclose,0.0,0.0,1.0
1642795020000.0,147842,1642795020000.0,0.0,-0.01008196,1217.1115902400018,1217.0877902400018,1.4,36.007,1.4,36.007,long_ientry_normal,50.4098,0.04141756631375083,51.0
1642797000000.0,147875,1642797000000.0,0.0,-0.0098266,1217.1017636400018,1216.0209636400018,1.4,35.095,2.8,35.551,long_rentry,99.5428,0.08178675191653333,33.0
1642800240000.0,147929,1642800240000.0,0.0,-0.00963648,1217.0921271600018,1214.0779271600018,1.4,34.416,4.2,35.172666666666665,long_rentry,147.7252,0.1213755283625951,54.0
1642800840000.0,147939,1642800840000.0,0.0,-0.01420566,1217.0779215000018,1210.0044215000019,2.1,33.823,6.3,34.72277777777778,long_rentry,218.7535,0.17973664309873827,10.0
1642801620000.0,147952,1642801620000.0,0.0,-0.0204972,1217.057424300002,1202.821924300002,3.1,33.06,9.4,34.17441489361702,long_rentry,321.23949999999996,0.26394769349914843,13.0
1642807200000.0,148045,1642807200000.0,0.891513829787251,-0.021366440000000004,1217.9275716897891,1218.907757860002,-3.1,34.462,6.3,34.17441489361702,long_nclose,215.2988138297872,0.17677472686744022,93.0
1642807260000.0,148046,1642807260000.0,0.6039287234042668,-0.014474040000000002,1218.5170263731934,1219.716483820002,-2.1,34.462,4.2,34.17441489361702,long_nclose,143.5325425531915,0.11779280834540591,1.0
1642807320000.0,148047,1642807320000.0,0.40261914893617784,-0.009649360000000001,1218.9099961621296,1219.961634460002,-1.4,34.462,2.8,34.17441489361702,long_nclose,95.68836170212765,0.07850322173369063,1.0
1642807920000.0,148057,1642807920000.0,0.25882659574468575,-0.006203160000000001,1219.1626195978743,1219.942731300002,-0.9,34.462,1.9,34.17441489361702,long_nclose,64.93138829787233,0.05325900520087234,10.0
1642808040000.0,148059,1642808040000.0,0.1725510638297905,-0.004135440000000001,1219.331035221704,1219.695795860002,-0.6,34.462,1.3,34.17441489361702,long_nclose,44.426739361702126,0.036435338786914635,2.0
1642808100000.0,148060,1642808100000.0,0.11503404255319367,-0.0027569600000000006,1219.4433123042572,1219.6283389000018,-0.4,34.462,0.9,34.17441489361702,long_nclose,30.75697340425532,0.025222142836748198,1.0
1642808160000.0,148061,1642808160000.0,0.0,-0.0034364,1219.4398759042572,1219.6259025000018,0.5,34.364,1.4,34.242123860182375,long_ientry_partial,47.93897340425532,0.03931228947938651,1.0
1642809480000.0,148083,1642809480000.0,0.11555045592704971,-0.0027624800000000003,1219.5526638801841,1219.8855400200018,-0.4,34.531,1.0,34.242123860182375,long_nclose,34.242123860182375,0.028077609827226385,22.0
1642809960000.0,148091,1642809960000.0,0.0,-0.00274352,1219.5499203601842,1219.4701965000017,0.4,34.294,1.4,34.25694561441598,long_ientry_partial,47.95972386018237,0.03932575703503622,8.0
1642811460000.0,148116,1642811460000.0,0.1152217542336075,-0.0027636000000000006,1219.6623785144177,1219.8954329000017,-0.4,34.545,1.0,34.25694561441598,long_nclose,34.25694561441598,0.028087236449927958,25.0
1642811520000.0,148117,1642811520000.0,0.08641631567520562,-0.0020727000000000002,1219.7467221300928,1220.0358602000017,-0.3,34.545,0.7,34.25694561441598,long_nclose,23.979861930091186,0.01965970598241427,1.0
1642811700000.0,148120,1642811700000.0,0.05761087711680375,-0.0013818000000000003,1219.8029512072096,1219.9894784000016,-0.2,34.545,0.5,34.25694561441598,long_nclose,17.12847280720799,0.014041999808457878,3.0
1642812360000.0,148131,1642812360000.0,0.028805438558401876,-0.0006909000000000002,1219.831065745768,1219.9602875000016,-0.1,34.545,0.4,34.25694561441598,long_nclose,13.702778245766394,0.011233340935934377,11.0
1642812960000.0,148141,1642812960000.0,0.028805438558401876,-0.0006909000000000002,1219.8591802843264,1219.9095966000016,-0.1,34.545,0.3,34.25694561441598,long_nclose,10.277083684324795,0.008424811527777656,10.0
1642813080000.0,148143,1642813080000.0,0.028805438558401876,-0.0006909000000000002,1219.8872948228848,1219.9339057000016,-0.1,34.545,0.2,34.25694561441598,long_nclose,6.851389122883197,0.005616411575036486,2.0
1642813140000.0,148144,1642813140000.0,0.028805438558401876,-0.0006909000000000002,1219.9154093614432,1219.9202148000015,-0.1,34.545,0.1,34.25694561441598,long_nclose,3.4256945614415986,0.0028081410687604614,1.0
1642813260000.0,148146,1642813260000.0,0.0,-0.008885760000000001,1219.906523601443,1219.7920290400014,1.3,34.176,1.4,34.18178182960115,long_ientry_partial,47.854494561441605,0.03922800119157015,2.0
1642814640000.0,148169,1642814640000.0,0.11528726815953974,-0.0027576000000000002,1220.0190532696026,1220.3522714400015,-0.4,34.47,1.0,34.18178182960115,long_nclose,34.18178182960115,0.028017416398535194,23.0
1642814880000.0,148173,1642814880000.0,0.0,-0.0027292,1220.0163240696027,1219.8725422400016,0.4,34.115,1.4,34.16270130685797,long_ientry_partial,47.82778182960115,0.03920257531478124,4.0
1642815540000.0,148184,1642815540000.0,0.11491947725681372,-0.002756,1220.1284875468593,1220.4457862400013,-0.4,34.45,1.0,34.16270130685797,long_nclose,34.16270130685797,0.02799926536880071,11.0
1642815660000.0,148186,1642815660000.0,0.08618960794261028,-0.0020670000000000003,1220.212610154802,1220.3332192400014,-0.3,34.45,0.7,34.16270130685797,long_nclose,23.913890914800575,0.01959813455113101,2.0
1642816140000.0,148194,1642816140000.0,0.05745973862840686,-0.001378,1220.2686918934305,1220.4198412400015,-0.2,34.45,0.5,34.16270130685797,long_nclose,17.081350653428984,0.013998024178531287,8.0
1642816920000.0,148207,1642816920000.0,0.0,-0.006130800000000001,1220.2625610934306,1220.1552104400016,0.9,34.06,1.4,34.096679038163565,long_ientry_partial,47.73535065342899,0.03911891766199495,13.0
1642820520000.0,148267,1642820520000.0,0.11492838473457426,-0.0027507200000000003,1220.3747387581652,1220.6180597200016,-0.4,34.384,1.0,34.096679038163565,long_nclose,34.096679038163565,0.027939515589170443,60.0
1642820640000.0,148269,1642820640000.0,0.08619628855093069,-0.00206304,1220.4588720067163,1220.6851966800018,-0.3,34.384,0.7,34.096679038163565,long_nclose,23.867675326714494,0.019556312690382202,2.0
1642820880000.0,148273,1642820880000.0,0.05746419236728713,-0.0013753600000000002,1220.5149608390834,1220.6991213200017,-0.2,34.384,0.5,34.096679038163565,long_nclose,17.048339519081782,0.013968152842109643,4.0
1642821360000.0,148281,1642821360000.0,0.028732096183643564,-0.0006876800000000001,1220.543005255267,1220.6263336400016,-0.1,34.384,0.4,34.096679038163565,long_nclose,13.638671615265427,0.011174265516693536,8.0
1642821540000.0,148284,1642821540000.0,0.028732096183643564,-0.0006876800000000001,1220.5710496714505,1220.6890459600015,-0.1,34.384,0.3,34.096679038163565,long_nclose,10.229003711449069,0.008380506578623572,3.0
1642822800000.0,148305,1642822800000.0,0.0,-0.007458880000000003,1220.5635907914505,1220.6191870800014,1.1,33.904,1.4,33.94528836532077,long_ientry_partial,47.52340371144908,0.03893562291222653,21.0
1642823220000.0,148312,1642823220000.0,0.1142846538716924,-0.00273848,1220.675136965322,1220.9248486000013,-0.4,34.231,1.0,33.94528836532077,long_nclose,33.94528836532077,0.02780861781924302,7.0
1642823280000.0,148313,1642823280000.0,0.0857134904037693,-0.00205386,1220.758796595726,1220.9965947400015,-0.3,34.231,0.7,33.94528836532077,long_nclose,23.76170185572454,0.019464698449839318,1.0
1642823520000.0,148317,1642823520000.0,0.0571423269358462,-0.00136924,1220.8145696826618,1220.9844255000014,-0.2,34.231,0.5,33.94528836532077,long_nclose,16.972644182660385,0.013902720858805158,4.0
1642824480000.0,148333,1642824480000.0,0.0285711634679231,-0.00068462,1220.8424562261298,1220.9723408800014,-0.1,34.231,0.4,33.94528836532077,long_nclose,13.578115346128309,0.011121922633736871,16.0
1642824840000.0,148339,1642824840000.0,0.0285711634679231,-0.00068462,1220.8703427695978,1221.0007562600015,-0.1,34.231,0.3,33.94528836532077,long_nclose,10.18358650959623,0.00834125144402666,6.0
1642825440000.0,148349,1642825440000.0,0.0285711634679231,-0.00068462,1220.8982293130657,1220.9451716400015,-0.1,34.231,0.2,33.94528836532077,long_nclose,6.789057673064154,0.00556070728096968,10.0
1642825860000.0,148356,1642825860000.0,0.0,-0.00812472,1220.8901045930656,1220.8744469200014,1.2,33.853,1.4,33.866184052188686,long_ientry_partial,47.41265767306416,0.038834500742282,7.0
1642828740000.0,148404,1642828740000.0,0.0,-0.009906600000000002,1220.8801979930656,1219.7215403200014,1.5,33.022,2.9,33.42953712864281,long_rentry,96.94565767306413,0.0794063642218356,48.0
1642830060000.0,148426,1642830060000.0,0.0,-0.0097125,1220.8704854930656,1217.6363278200015,1.5,32.375,4.4,33.070035834787305,long_rentry,145.50815767306415,0.11918394244275521,22.0
1642830900000.0,148440,1642830900000.0,0.0,-0.013997720000000002,1220.8564877730657,1215.3057301000015,2.2,31.813,6.6,32.65102388985821,long_rentry,215.49675767306417,0.17651276774237937,14.0
1642833360000.0,148481,1642833360000.0,0.0,-0.019906560000000004,1220.8365812130658,1210.0480235400016,3.2,31.104,9.8,32.145873231945316,long_rentry,315.0295576730641,0.2580440023840372,41.0
1642836300000.0,148530,1642836300000.0,0.0,-0.02898816,1220.8075930530658,1201.6112353800017,4.8,30.196,14.6,31.504819018703017,long_rentry,459.97035767306403,0.37677547247453114,49.0
1642844220000.0,148662,1642844220000.0,0.0,-0.041735520000000005,1220.7658575330659,1184.8628998600018,7.2,28.983,21.8,30.67192466390202,long_rentry,668.6479576730641,0.5477282589015666,132.0
1642846200000.0,148695,1642846200000.0,0.0,-0.05855468,1220.7073028530658,1148.4859451800019,10.7,27.362,32.5,29.582195620709662,long_rentry,961.421357673064,0.7875936806685824,33.0
1642847520000.0,148717,1642847520000.0,2.6870872963356462,-0.06443496,1223.3299551894015,1230.551810220002,-10.8,29.831,21.7,29.582195620709662,long_nclose,641.9336449693997,0.5247428481958595,22.0
1642847580000.0,148718,1642847580000.0,8.89708729633564,-0.06567696,1232.1613655257372,1238.1324332600018,-10.8,30.406,10.9,29.582195620709662,long_nclose,322.44593226573534,0.26169131843226917,1.0
1642847640000.0,148719,1642847640000.0,4.44854364816782,-0.03283848,1236.577070693905,1240.2499947800018,-5.4,30.406,5.5,29.582195620709662,long_nclose,162.70207591390314,0.13157455347494265,1.0
1642847820000.0,148722,1642847820000.0,0.4478478827226077,-0.01073916,1237.0141794166275,1237.7830556200017,-1.8,29.831,3.7,29.582195620709662,long_nclose,109.45412379662575,0.08848251347308243,3.0
1642847880000.0,148723,1642847880000.0,0.2985652551484051,-0.0071594399999999996,1237.305585231776,1238.0625961800017,-1.2,29.831,2.5,29.582195620709662,long_nclose,73.95548905177415,0.05977140161209293,1.0
1642848060000.0,148726,1642848060000.0,0.1990435034322701,-0.004772960000000001,1237.499855775208,1237.4961232200017,-0.8,29.831,1.7,29.582195620709662,long_nclose,50.28973255520643,0.04063817245756638,3.0
1642848180000.0,148728,1642848180000.0,0.1244021896451688,-0.0029831000000000002,1237.6212748648534,1237.9246401200019,-0.5,29.831,1.2,29.582195620709662,long_nclose,35.49863474485159,0.028682954523974225,2.0
1642848240000.0,148729,1642848240000.0,0.0,-0.0029835,1237.6182913648533,1237.9301566200018,0.5,29.835,1.7,29.656549849912707,long_ientry_partial,50.416134744851604,0.04073641695231602,1.0
1642849080000.0,148743,1642849080000.0,0.12472507504364572,-0.0029906,1237.740025839897,1238.0441660200017,-0.5,29.906,1.2,29.656549849912707,long_nclose,35.58785981989525,0.02875228971911633,14.0
1642849140000.0,148744,1642849140000.0,0.0,-0.002991,1237.737034839897,1238.0496750200018,0.5,29.91,1.7,29.73109401170309,long_ientry_partial,50.54285981989525,0.04083489335554465,1.0
1642849200000.0,148745,1642849200000.0,0.12545299414845523,-0.0029982,1237.8594896340453,1237.9001768200017,-0.5,29.982,1.2,29.73109401170309,long_nclose,35.6773128140437,0.02882177913794656,1.0
1642849260000.0,148746,1642849260000.0,0.0,-0.0029765000000000004,1237.8565131340454,1237.7017003200017,0.5,29.765,1.7,29.741066361202186,long_ientry_partial,50.55981281404372,0.04084464740265795,1.0
1642849320000.0,148747,1642849320000.0,0.12546681939890725,-0.0029992,1237.9789807534444,1238.1397011200017,-0.5,29.992,1.2,29.741066361202186,long_nclose,35.689279633442624,0.02882866364315962,1.0
1642849380000.0,148748,1642849380000.0,0.0,-0.0029875,1237.9759932534444,1238.6042136200017,0.5,29.875,1.7,29.780458607907427,long_ientry_partial,50.626779633442624,0.04089479917974311,1.0
1642849380000.0,148748,1642849380000.0,0.08461655683702958,-0.00239936,1238.0582104502814,1238.5386142600019,-0.4,29.992,1.3,29.780458607907427,long_nclose,38.71459619027966,0.031270416740905235,0.0
1642849740000.0,148754,1642849740000.0,0.0,-0.0023892,1238.0558212502815,1238.208225060002,0.4,29.865,1.7,29.800350700164504,long_ientry_partial,50.660596190279655,0.04091947658637782,6.0
1642851000000.0,148775,1642851000000.0,0.12532464991774717,-0.0030051,1238.1781408001991,1238.4717199600018,-0.5,30.051,1.2,29.800350700164504,long_nclose,35.760420840197405,0.028881482931920013,21.0
1642851060000.0,148776,1642851060000.0,0.0,-0.0024028000000000005,1238.175738000199,1238.1693171600016,0.4,30.035,1.6,29.859013025123375,long_ientry_partial,47.7744208401974,0.03858452348400782,1.0
1642851780000.0,148788,1642851780000.0,0.0,-0.00989944,1238.165838560199,1237.0232177200016,1.7,29.116,3.3,29.47624873945376,long_rentry,97.2716208401974,0.07856106008651449,12.0
1642852560000.0,148801,1642852560000.0,0.273626386600867,-0.006539500000000001,1238.4329254468,1238.9471782200017,-1.1,29.725,2.2,29.47624873945376,long_nclose,64.84774722679828,0.05236274479976588,13.0
1642852620000.0,148802,1642852620000.0,0.17412588238236992,-0.0041615,1238.6028898291825,1238.908516720002,-0.7,29.725,1.5,29.47624873945376,long_nclose,44.21437310918064,0.03569697234864219,1.0
1642852680000.0,148803,1642852680000.0,0.12437563027312137,-0.0029725000000000003,1238.7242929594556,1238.8880442200018,-0.5,29.725,1.0,29.47624873945376,long_nclose,29.47624873945376,0.02379564920700117,1.0
1642852740000.0,148804,1642852740000.0,0.0,-0.0041496,1238.7201433594557,1238.917894620002,0.7,29.64,1.7,29.543675729090445,long_ientry_partial,50.224248739453756,0.040545274902242,1.0
1642853040000.0,148809,1642853040000.0,0.124662135454777,-0.0029793000000000003,1238.8418261949105,1239.263415320002,-0.5,29.793,1.2,29.543675729090445,long_nclose,35.45241087490853,0.028617382885594227,5.0
1642853100000.0,148810,1642853100000.0,0.0,-0.0029875,1238.8388386949105,1239.142927820002,0.5,29.875,1.7,29.641124044063844,long_ientry_partial,50.38991087490853,0.040675113905851705,1.0
1642853460000.0,148816,1642853460000.0,0.12493797796807726,-0.0029891,1238.9607875728786,1239.283438720002,-0.5,29.891,1.2,29.641124044063844,long_nclose,35.56934885287661,0.028709019050196804,6.0
1642853520000.0,148817,1642853520000.0,0.0,-0.0029852000000000004,1238.9578023728786,1239.198953520002,0.5,29.852,1.7,29.70314638404507,long_ientry_partial,50.49534885287662,0.040756310470111926,1.0
1642853640000.0,148819,1642853640000.0,0.1249268079774648,-0.0029953000000000002,1239.079733880856,1239.369958220002,-0.5,29.953,1.2,29.70314638404507,long_nclose,35.64377566085408,0.02876632930571473,2.0
1642853700000.0,148820,1642853700000.0,0.09994144638197185,-0.0023962400000000004,1239.177279087238,1239.406761980002,-0.4,29.953,0.8,29.70314638404507,long_nclose,23.762517107236057,0.019176043257296663,1.0
1642854780000.0,148838,1642854780000.0,0.3311414463819716,-0.0024424800000000003,1239.50597805362,1239.814719500002,-0.4,30.531,0.4,29.70314638404507,long_nclose,11.881258553618029,0.0095854790246958,18.0
1642854840000.0,148839,1642854840000.0,0.1655707231909858,-0.0012212400000000002,1239.670327536811,1239.857698260002,-0.2,30.531,0.2,29.70314638404507,long_nclose,5.940629276809014,0.004792104114174348,1.0
1642854960000.0,148841,1642854960000.0,0.28097072319098615,-0.0012443200000000001,1239.950053940002,1239.950053940002,-0.2,31.108,0.0,29.70314638404507,long_nclose,0.0,0.0,2.0
1642863000000.0,148975,1642863000000.0,0.0,-0.00963744,1239.940416500002,1240.065216500002,1.6,30.117,1.6,30.117,long_ientry_normal,48.187200000000004,0.03886251255202949,134.0
1642864740000.0,149004,1642864740000.0,0.0,-0.009984439999999999,1239.930432060002,1238.676032060002,1.7,29.366,3.3,29.73012121212121,long_rentry,98.1094,0.07912492303056269,29.0
1642867260000.0,149046,1642867260000.0,0.0,-0.00978996,1239.920642100002,1236.736442100002,1.7,28.794,5.0,29.411839999999998,long_rentry,147.05919999999998,0.11860371946944277,42.0
1642867740000.0,149054,1642867740000.0,0.39705600000000346,-0.009491200000000002,1240.308206900002,1241.287950900002,-1.6,29.66,3.4,29.411839999999998,long_nclose,100.000256,0.08062532799806134,8.0
1642867860000.0,149056,1642867860000.0,0.2729760000000024,-0.006525200000000001,1240.574657700002,1241.6054257000021,-1.1,29.66,2.3,29.411839999999998,long_nclose,67.64723199999999,0.05452894880620603,2.0
1642867980000.0,149058,1642867980000.0,0.9010760000000041,-0.006650820000000001,1241.4690828800021,1242.270874880002,-1.1,30.231,1.2,29.411839999999998,long_nclose,35.294208,0.028429389411875883,2.0
1642868040000.0,149059,1642868040000.0,0.49149600000000215,-0.00362772,1241.9569511600023,1242.3338471600023,-0.6,30.231,0.6,29.411839999999998,long_nclose,17.647104,0.014209110858083606,1.0
1642868100000.0,149060,1642868100000.0,0.24574800000000108,-0.00181386,1242.2008853000023,1242.4823333000022,-0.3,30.231,0.3,29.411839999999998,long_nclose,8.823552,0.007103160289463999,1.0
1642868640000.0,149069,1642868640000.0,0.08191600000000038,-0.00060462,1242.2821966800022,1242.4518286800023,-0.1,30.231,0.2,29.411839999999998,long_nclose,5.882368,0.004735130243128833,9.0
1642868940000.0,149074,1642868940000.0,0.08191600000000038,-0.00060462,1242.3635080600022,1242.4338240600023,-0.1,30.231,0.1,29.411839999999998,long_nclose,2.941184,0.0023674101669267237,5.0
1642869000000.0,149075,1642869000000.0,0.08191600000000038,-0.00060462,1242.4448194400022,1242.4448194400022,-0.1,30.231,0.0,29.411839999999998,long_nclose,0.0,0.0,1.0
1642869960000.0,149091,1642869960000.0,0.0,-0.0101014,1242.4347180400023,1242.3837180400023,1.7,29.71,1.7,29.71,long_ientry_normal,50.507,0.04065163285172609,16.0
1642870980000.0,149108,1642870980000.0,0.125,-0.0029960000000000004,1242.5567220400023,1242.8267220400023,-0.5,29.96,1.2,29.71,long_nclose,35.652,0.02869245272076379,17.0
1642871220000.0,149112,1642871220000.0,0.0,-0.0029655000000000003,1242.5537565400023,1242.5047565400023,0.5,29.655,1.7,29.693823529411766,long_ientry_partial,50.4795,0.040625606525519276,4.0
1642873980000.0,149158,1642873980000.0,0.0,-0.0098413,1242.5439152400022,1241.2709152400023,1.7,28.945,3.4,29.319411764705883,long_rentry,99.686,0.08022734551055707,46.0
1642876020000.0,149192,1642876020000.0,0.0,-0.01022076,1242.5336944800022,1239.3978944800022,1.8,28.391,5.2,28.998038461538464,long_rentry,150.7898,0.12135670901311472,34.0
1642879320000.0,149247,1642879320000.0,0.0,-0.013942500000000002,1242.5197519800022,1236.7704519800022,2.5,27.885,7.7,28.636662337662337,long_rentry,220.5023,0.17746381870277816,55.0
1642882320000.0,149297,1642882320000.0,0.6033441558441588,-0.014438999999999999,1243.1086571358462,1246.4800129800021,-2.5,28.878,5.2,28.636662337662337,long_nclose,148.91064415584415,0.11978892054290576,50.0
1642882320000.0,149297,1642882320000.0,1.9933441558441611,-0.014717000000000003,1245.0872842916904,1246.837795980002,-2.5,29.434,2.7,28.636662337662337,long_nclose,77.31898831168832,0.06209925142370546,0.0
1642882320000.0,149297,1642882320000.0,3.6567116883116904,-0.01619514,1248.727800840002,1248.727800840002,-2.7,29.991,0.0,28.636662337662337,long_nclose,0.0,0.0,0.0
1642891140000.0,149444,1642891140000.0,0.0,-0.0098005,1248.718000340002,1248.6585003400019,1.7,28.825,1.7,28.825,long_ientry_normal,49.0025,0.03924224683768277,147.0
1642893120000.0,149477,1642893120000.0,0.12150000000000105,-0.0029068,1248.836593540002,1249.088593540002,-0.5,29.068,1.2,28.825,long_nclose,34.589999999999996,0.027697779020031597,33.0
1642893660000.0,149486,1642893660000.0,0.09720000000000084,-0.0023254400000000007,1248.931468100002,1249.2034681000018,-0.4,29.068,0.8,28.825,long_nclose,23.060000000000002,0.018463783313171823,9.0
1642895040000.0,149509,1642895040000.0,0.04860000000000042,-0.0011627200000000003,1248.978905380002,1249.125905380002,-0.2,29.068,0.6,28.825,long_nclose,17.294999999999998,0.013847311532245608,23.0
1642895280000.0,149513,1642895280000.0,0.04860000000000042,-0.0011627200000000003,1249.0263426600022,1249.1463426600021,-0.2,29.068,0.4,28.825,long_nclose,11.530000000000001,0.00923119041304206,4.0
1642895580000.0,149518,1642895580000.0,0.02430000000000021,-0.0005813600000000002,1249.0500613000022,1249.1205613000022,-0.1,29.068,0.3,28.825,long_nclose,8.647499999999999,0.006923261339100968,5.0
1642895640000.0,149519,1642895640000.0,0.02430000000000021,-0.0005813600000000002,1249.0737799400022,1249.1237799400021,-0.1,29.068,0.2,28.825,long_nclose,5.765000000000001,0.004615419915608921,1.0
1642895880000.0,149523,1642895880000.0,0.02430000000000021,-0.0005813600000000002,1249.0974985800021,1249.1369985800022,-0.1,29.068,0.1,28.825,long_nclose,2.8825000000000003,0.002307666137572833,4.0
1642896480000.0,149533,1642896480000.0,0.0803000000000001,-0.00059256,1249.1772060200021,1249.1772060200021,-0.1,29.628,0.0,28.825,long_nclose,0.0,0.0,10.0
1642907640000.0,149719,1642907640000.0,0.0,-0.009989880000000001,1249.1672161400022,1249.0873161400023,1.7,29.382,1.7,29.382,long_ientry_normal,49.949400000000004,0.039986159862845656,186.0
1642909200000.0,149745,1642909200000.0,0.12399999999999878,-0.002963,1249.2882531400023,1249.6098531400023,-0.5,29.63,1.2,29.382,long_nclose,35.2584,0.028222789985722172,26.0
1642911000000.0,149775,1642911000000.0,0.4907999999999987,-0.0036239999999999996,1249.7754291400024,1250.2542291400025,-0.6,30.2,0.6,29.382,long_nclose,17.6292,0.0141058942182365,30.0
1642911120000.0,149777,1642911120000.0,0.24539999999999934,-0.0018119999999999998,1250.0190171400025,1250.2899171400024,-0.3,30.2,0.3,29.382,long_nclose,8.8146,0.007051572719403486,2.0
1642911780000.0,149788,1642911780000.0,0.08179999999999979,-0.000604,1250.1002131400023,1250.2608131400023,-0.1,30.2,0.2,29.382,long_nclose,5.8764,0.004700743139015756,11.0
1642911840000.0,149789,1642911840000.0,0.08179999999999979,-0.000604,1250.1814091400022,1250.2647091400022,-0.1,30.2,0.1,29.382,long_nclose,2.9382,0.002350218919045663,1.0
1642911960000.0,149791,1642911960000.0,0.08179999999999979,-0.000604,1250.262605140002,1250.262605140002,-0.1,30.2,0.0,29.382,long_nclose,0.0,0.0,2.0
1642966800000.0,150705,1642966800000.0,0.0,-0.01007296,1250.2525321800022,1250.3437321800022,1.6,31.478,1.6,31.478,long_ientry_normal,50.3648,0.04028370165520197,914.0
1642966980000.0,150708,1642966980000.0,0.1324999999999985,-0.0031743,1250.3818578800021,1250.5655578800022,-0.5,31.743,1.1,31.478,long_nclose,34.625800000000005,0.027692180418154314,3.0
1642967340000.0,150714,1642967340000.0,0.0794999999999991,-0.0019045800000000001,1250.4594533000022,1250.6650533000022,-0.3,31.743,0.8,31.478,long_nclose,25.1824,0.0201385178332195,6.0
1642967700000.0,150720,1642967700000.0,0.0,-0.005035200000000001,1250.4544181000022,1250.7440181000022,0.8,31.47,1.6,31.474,long_ientry_partial,50.3584,0.04027207971044388,6.0
1642968000000.0,150725,1642968000000.0,0.13250000000000028,-0.0031739000000000003,1250.583744200002,1250.953344200002,-0.5,31.739,1.1,31.474,long_nclose,34.6214,0.02768419161097228,5.0
1642968120000.0,150727,1642968120000.0,0.0,-0.0031467,1250.580597500002,1250.505697500002,0.5,31.467,1.6,31.4718125,long_ientry_partial,50.3549,0.040265217692216686,2.0
1642968600000.0,150735,1642968600000.0,0.13259374999999984,-0.0031737,1250.7100175500022,1251.0655238000022,-0.5,31.737,1.1,31.4718125,long_nclose,34.61899375,0.027679472670903083,8.0
1642969860000.0,150756,1642969860000.0,0.0795562499999999,-0.0019042199999999999,1250.7876695800023,1250.9782195800024,-0.3,31.737,0.8,31.4718125,long_nclose,25.17745,0.020129275825411876,21.0
1642969920000.0,150757,1642969920000.0,0.05303749999999994,-0.0012694800000000001,1250.8394376000024,1251.0183501000024,-0.2,31.737,0.6,31.4718125,long_nclose,18.8830875,0.015096332056999385,1.0
1642970100000.0,150760,1642970100000.0,0.05303749999999994,-0.0012694800000000001,1250.8912056200024,1251.0024806200024,-0.2,31.737,0.4,31.4718125,long_nclose,12.588725,0.010063804864436966,3.0
1642971240000.0,150779,1642971240000.0,0.17523750000000007,-0.00129392,1251.0651492000025,1251.2377867000025,-0.2,32.348,0.2,31.4718125,long_nclose,6.2943625,0.005031202814677517,19.0
1642971300000.0,150780,1642971300000.0,0.08761875000000004,-0.00064696,1251.1521209900025,1251.2359397400026,-0.1,32.348,0.1,31.4718125,long_nclose,3.14718125,0.0025154265394280928,1.0
1642972860000.0,150806,1642972860000.0,0.08761875000000004,-0.00064696,1251.2390927800025,1251.2390927800025,-0.1,32.348,0.0,31.4718125,long_nclose,0.0,0.0,26.0
1643008680000.0,151403,1643008680000.0,0.0,-0.010298560000000002,1251.2287942200026,1251.3039942200026,1.6,32.183,1.6,32.183,long_ientry_normal,51.4928,0.0411537843741039,597.0
1643008980000.0,151408,1643008980000.0,0.1355000000000004,-0.0032454000000000003,1251.3610488200027,1251.6162488200027,-0.5,32.454,1.1,32.183,long_nclose,35.401300000000006,0.028290236485610933,5.0
1643009160000.0,151411,1643009160000.0,0.08130000000000023,-0.00194724,1251.4404015800028,1251.6020015800027,-0.3,32.454,0.8,32.183,long_nclose,25.7464,0.020573412818935644,3.0
1643009460000.0,151416,1643009460000.0,0.054200000000000165,-0.00129816,1251.4933034200028,1251.6085034200028,-0.2,32.454,0.6,32.183,long_nclose,19.3098,0.015429407370563936,5.0
1643009640000.0,151419,1643009640000.0,0.0,-0.0064352,1251.4868682200029,1251.4570682200028,1.0,32.176,1.6,32.178625,long_ientry_partial,51.4858,0.041139704544585876,3.0
1643013900000.0,151490,1643013900000.0,0.0,-0.0100368,1251.4768314200028,1250.7830314200028,1.6,31.365,3.2,31.771812499999996,long_rentry,101.6698,0.08123985794018988,71.0
1643014020000.0,151492,1643014020000.0,0.2671875000000057,-0.006407800000000001,1251.7376111200028,1253.1086236200028,-1.0,32.039,2.2,31.771812499999996,long_nclose,69.8979875,0.0558407663707238,2.0
1643014200000.0,151495,1643014200000.0,0.18703125000000398,-0.00448546,1251.9201569100028,1252.0824381600028,-0.7,32.039,1.5,31.771812499999996,long_nclose,47.657718749999994,0.03806769823694594,3.0
1643014260000.0,151496,1643014260000.0,0.13359375000000284,-0.0032039000000000004,1252.0505467600028,1252.3287342600029,-0.5,32.039,1.0,31.771812499999996,long_nclose,31.771812499999996,0.02537582255142781,1.0
1643014320000.0,151497,1643014320000.0,0.0,-0.0038459999999999996,1252.0467007600028,1252.1328882600028,0.6,32.05,1.6,31.876132812499996,long_ientry_partial,51.0018125,0.04073475252084565,1.0
1643015760000.0,151521,1643015760000.0,0.0,-0.00994304,1252.0367577200027,1250.9997452200028,1.6,31.072,3.2,31.474066406249996,long_rentry,100.7170125,0.08044253643432063,24.0
1643018760000.0,151571,1643018760000.0,0.0,-0.00975232,1252.0270054000027,1248.3483929000026,1.6,30.476,4.8,31.141377604166664,long_rentry,149.47861249999997,0.119389287815117,50.0
1643021460000.0,151616,1643021460000.0,0.0,-0.014378879999999998,1252.0126265200026,1250.0596140200028,2.4,29.956,7.2,30.74625173611111,long_rentry,221.3730125,0.17681372201118392,45.0
1643022600000.0,151635,1643022600000.0,0.6209958333333361,-0.014882399999999999,1252.618739953336,1254.3647316200027,-2.4,31.005,4.8,30.74625173611111,long_nclose,147.5820083333333,0.1178187772752236,19.0
1643022840000.0,151639,1643022840000.0,2.056195833333342,-0.015169440000000001,1254.6597663466694,1256.5647621800026,-2.4,31.603,2.4,30.74625173611111,long_nclose,73.79100416666665,0.05881355738498894,4.0
1643023260000.0,151646,1643023260000.0,0.20699861111111206,-0.0049608000000000005,1254.8618041577806,1255.1878013800028,-0.8,31.005,1.6,30.74625173611111,long_nclose,49.194002777777776,0.03920272544337667,7.0
1643023320000.0,151647,1643023320000.0,0.12937413194444503,-0.0031005,1254.988077789725,1255.3442008800027,-0.5,31.005,1.1,30.74625173611111,long_nclose,33.82087690972222,0.026949161914977936,1.0
1643023380000.0,151648,1643023380000.0,0.0,-0.0031070000000000004,1254.984970789725,1255.1490938800027,0.5,31.07,1.6,30.84742306857639,long_ientry_partial,49.35587690972223,0.03932786292943734,1.0
1643023800000.0,151655,1643023800000.0,0.1297884657118047,-0.0031107,1255.1116485554367,1255.1749831800025,-0.5,31.107,1.1,30.84742306857639,long_nclose,33.93216537543403,0.027035176842225995,7.0
1643023860000.0,151656,1643023860000.0,0.0,-0.0030905000000000004,1255.1085580554366,1255.3878926800026,0.5,30.905,1.6,30.86541585964627,long_ientry_partial,49.38466537543403,0.03934692744980293,1.0
1643023920000.0,151657,1643023920000.0,0.12979207017686534,-0.0031125000000000002,1255.2352376256133,1255.5097801800025,-0.5,31.125,1.1,30.86541585964627,long_nclose,33.9519574456109,0.02704828260703865,1.0
1643023980000.0,151658,1643023980000.0,0.0,-0.0031096,1255.2321280256133,1255.3961705800025,0.5,31.096,1.6,30.937473403506807,long_ientry_partial,49.499957445610896,0.039434903186768046,1.0
1643023980000.0,151658,1643023980000.0,0.05625797894795781,-0.0018675000000000002,1255.2865185045614,1255.4198030800026,-0.3,31.125,1.3,30.937473403506807,long_nclose,40.21871542455885,0.03203947053655281,0.0
1643024460000.0,151666,1643024460000.0,0.10421063859727725,-0.00249584,1255.3882333031588,1255.7505072400027,-0.4,31.198,0.9,30.937473403506807,long_nclose,27.843726063156126,0.022179374734056675,8.0
1643024580000.0,151668,1643024580000.0,0.0,-0.00434994,1255.3838833631587,1255.5824573000025,0.7,31.071,1.6,30.99589128947258,long_ientry_partial,49.59342606315613,0.03950459036505704,2.0
1643024700000.0,151670,1643024700000.0,0.13055435526371006,-0.0031257000000000004,1255.5113120184224,1255.8403316000026,-0.5,31.257,1.1,30.99589128947258,long_nclose,34.09548041841984,0.0271566493205117,2.0
1643025000000.0,151675,1643025000000.0,0.07833261315822604,-0.0018754200000000003,1255.5877692115805,1255.8110561800024,-0.3,31.257,0.8,30.99589128947258,long_nclose,24.796713031578065,0.019749087749674904,5.0
1643025120000.0,151677,1643025120000.0,0.0,-0.0049691200000000005,1255.5828000915806,1255.6444870600026,0.8,31.057,1.6,31.02644564473629,long_ientry_partial,49.64231303157807,0.03953726749678096,2.0
1643028060000.0,151726,1643028060000.0,0.0,-0.010285,1255.5725150915805,1254.4127020600024,1.7,30.25,3.3,30.626458494417598,long_rentry,101.06731303157807,0.0804950027312491,49.0
1643028900000.0,151740,1643028900000.0,0.28329565614064267,-0.00679448,1255.849016267721,1256.2748075800023,-1.1,30.884,2.2,30.626458494417598,long_nclose,67.37820868771873,0.05365152005928321,14.0
1643028960000.0,151741,1643028960000.0,0.18027905390768167,-0.00432376,1256.0249715616287,1256.2177838200023,-0.7,30.884,1.5,30.626458494417598,long_nclose,45.9396877416264,0.03657545732113042,1.0
1643029260000.0,151746,1643029260000.0,0.1287707527912012,-0.0030884000000000003,1256.15065391442,1256.1041954200025,-0.5,30.884,1.0,30.626458494417598,long_nclose,30.626458494417598,0.02438119854412315,5.0
1643029320000.0,151747,1643029320000.0,0.0,-0.0036696,1256.14698431442,1256.3405258200025,0.6,30.58,1.6,30.609036559010995,long_ientry_partial,48.9744584944176,0.03898784067944635,1.0
1643029800000.0,151755,1643029800000.0,0.12898172049450274,-0.0030867000000000004,1256.2728793349145,1256.5434391200024,-0.5,30.867,1.1,30.609036559010995,long_nclose,33.669940214912096,0.0268014543406663,8.0
1643029860000.0,151756,1643029860000.0,0.07738903229670165,-0.00185202,1256.3484163472112,1256.4451871000024,-0.3,30.867,0.8,30.609036559010995,long_nclose,24.4872292472088,0.01949079485323391,1.0
1643029920000.0,151757,1643029920000.0,0.0,-0.004916320000000001,1256.3435000272113,1256.5946707800026,0.8,30.727,1.6,30.668018279505496,long_ientry_partial,49.0688292472088,0.03905685765568573,1.0
1643029920000.0,151757,1643029920000.0,0.03979634409890096,-0.0012346800000000002,1256.3820616913104,1256.6018361000026,-0.2,30.867,1.4,30.668018279505496,long_nclose,42.93522559130769,0.03417370153590808,0.0
1643030100000.0,151760,1643030100000.0,0.10319268819780092,-0.00247408,1256.4827802995082,1256.7597620200027,-0.4,30.926,1.0,30.668018279505496,long_nclose,30.668018279505496,0.024407830143279123,3.0
1643030220000.0,151762,1643030220000.0,0.0,-0.00368628,1256.4790940195082,1256.4596757400027,0.6,30.719,1.6,30.687136424690934,long_ientry_partial,49.0994182795055,0.03907698784102744,2.0
1643030580000.0,151768,1643030580000.0,0.1294317876545339,-0.0030946000000000003,1256.6054312071628,1256.8560811400027,-0.5,30.946,1.1,30.687136424690934,long_nclose,33.75585006716003,0.026862728131560234,6.0
1643031000000.0,151775,1643031000000.0,0.07765907259272033,-0.00185676,1256.6812335197556,1256.9315243800029,-0.3,30.946,0.8,30.687136424690934,long_nclose,24.54970913975275,0.019535351117636324,7.0
1643031300000.0,151780,1643031300000.0,0.05177271506181356,-0.0012378400000000003,1256.7317683948174,1256.8474865400028,-0.2,30.946,0.6,30.687136424690934,long_nclose,18.41228185481456,0.014650924181165538,5.0
1643031420000.0,151782,1643031420000.0,0.0,-0.0061368,1256.7256315948175,1256.7653497400029,1.0,30.684,1.6,30.6851761592591,long_ientry_partial,49.09628185481456,0.039066826219268005,2.0
1643032080000.0,151793,1643032080000.0,0.12941192037044935,-0.0030944,1256.851949115188,1257.1542553400031,-0.5,30.944,1.1,30.6851761592591,long_nclose,33.75369377518501,0.026855743668892183,11.0
1643032200000.0,151795,1643032200000.0,0.0,-0.0030659,1256.8488832151882,1256.8136894400031,0.5,30.659,1.6,30.67699610949063,long_ientry_partial,49.08319377518501,0.03905258176275227,2.0
1643032440000.0,151799,1643032440000.0,0.129001945254684,-0.0030935,1256.9747916604429,1257.236595940003,-0.5,30.935,1.1,30.67699610949063,long_nclose,33.744695720439694,0.026845960590715992,4.0
1643032500000.0,151800,1643032500000.0,0.0774011671528104,-0.0018561,1257.0503367275958,1257.2687398400033,-0.3,30.935,0.8,30.67699610949063,long_nclose,24.541596887592505,0.019523161619351043,1.0
1643032680000.0,151803,1643032680000.0,0.05160077810187361,-0.0012374,1257.1007001056976,1257.3035024400033,-0.2,30.935,0.6,30.67699610949063,long_nclose,18.40619766569438,0.014641784595416086,3.0
1643032860000.0,151806,1643032860000.0,0.0,-0.0061288,1257.0945713056976,1257.2043736400033,1.0,30.644,1.6,30.656373541058983,long_ientry_partial,49.05019766569438,0.03901870136528213,3.0
1643032980000.0,151808,1643032980000.0,0.12931322947050816,-0.0030915,1257.220793035168,1257.4557821400033,-0.5,30.915,1.1,30.656373541058983,long_nclose,33.722010895164885,0.026822663991862235,2.0
1643033160000.0,151811,1643033160000.0,0.0,-0.0030636,1257.2177294351682,1257.1217185400033,0.5,30.636,1.6,30.65000680947805,long_ientry_partial,49.04001089516488,0.03900677642940746,3.0
1643033760000.0,151821,1643033760000.0,0.1289965952609755,-0.0030908000000000003,1257.343635230429,1257.5031277400033,-0.5,30.908,1.1,30.65000680947805,long_nclose,33.715007490425855,0.026814473422969227,10.0
1643034120000.0,151827,1643034120000.0,0.0773979571565853,-0.00185448,1257.4191787075856,1257.6311732600032,-0.3,30.908,0.8,30.65000680947805,long_nclose,24.52000544758244,0.01950026360563775,6.0
1643034360000.0,151831,1643034360000.0,0.34159727620878044,-0.0025203200000000004,1257.7582556637944,1258.1462529400033,-0.4,31.504,0.4,30.65000680947805,long_nclose,12.26000272379122,0.009747503281002821,4.0
1643034660000.0,151836,1643034660000.0,0.17079863810439022,-0.0012601600000000002,1257.9277941418989,1258.1877927800033,-0.2,31.504,0.2,30.65000680947805,long_nclose,6.13000136189561,0.004873094775743642,5.0
1643034720000.0,151837,1643034720000.0,0.2897986381043893,-0.00128396,1258.2163088200034,1258.2163088200034,-0.2,32.099,0.0,30.65000680947805,long_nclose,0.0,0.0,1.0
1643158020000.0,153892,1643158020000.0,0.0,-0.0097818,1258.2065270200035,1258.0665270200034,1.4,34.935,1.4,34.935,long_ientry_normal,48.909,0.038871996726831816,2055.0
1643159520000.0,153917,1643159520000.0,0.0,-0.010219200000000001,1258.1963078200035,1257.0523078200035,1.5,34.064,2.9,34.48448275862069,long_rentry,100.00500000000001,0.0794828274240228,25.0
1643167200000.0,154045,1643167200000.0,0.26146551724137485,-0.0062595,1258.4515138372449,1258.9625483200034,-0.9,34.775,2.0,34.48448275862069,long_nclose,68.96896551724139,0.054804626764636016,128.0
1643167980000.0,154058,1643167980000.0,0.1743103448275832,-0.004173,1258.6216511820724,1258.9933753200035,-0.6,34.775,1.4,34.48448275862069,long_nclose,48.278275862068966,0.03835805288803587,13.0
1643168040000.0,154059,1643168040000.0,0.11620689655172214,-0.002782,1258.7350760786242,1259.0055933200035,-0.4,34.775,1.0,34.48448275862069,long_nclose,34.48448275862069,0.027396140310994792,1.0
1643168160000.0,154061,1643168160000.0,0.0871551724137916,-0.0020865,1258.820144751038,1259.0270068200036,-0.3,34.775,0.7,34.48448275862069,long_nclose,24.139137931034483,0.019176002252338103,2.0
1643168460000.0,154066,1643168460000.0,0.05810344827586107,-0.001391,1258.876857199314,1259.0446158200036,-0.2,34.775,0.5,34.48448275862069,long_nclose,17.242241379310347,0.013696527409098632,5.0
1643168820000.0,154072,1643168820000.0,0.029051724137930536,-0.0006955,1258.9052134234519,1259.0254203200036,-0.1,34.775,0.4,34.48448275862069,long_nclose,13.793793103448278,0.010956975121214726,6.0
1643169600000.0,154085,1643169600000.0,0.029051724137930536,-0.0006955,1258.9335696475898,1259.0027248200036,-0.1,34.775,0.3,34.48448275862069,long_nclose,10.345344827586208,0.008217546244701501,13.0
1643172480000.0,154133,1643172480000.0,0.029051724137930536,-0.0006955,1258.9619258717278,1259.0690293200037,-0.1,34.775,0.2,34.48448275862069,long_nclose,6.896896551724139,0.005478240771219991,48.0
1643177160000.0,154211,1643177160000.0,0.029051724137930536,-0.0006955,1258.9902820958657,1259.0223338200037,-0.1,34.775,0.1,34.48448275862069,long_nclose,3.4484482758620696,0.0027390586924319785,78.0
1643177400000.0,154215,1643177400000.0,0.029051724137930536,-0.0006955,1259.0186383200037,1259.0186383200037,-0.1,34.775,0.0,34.48448275862069,long_nclose,0.0,0.0,4.0
1643180820000.0,154272,1643180820000.0,0.0,-0.0102813,1259.0083570200036,1258.8418570200035,1.5,34.271,1.5,34.271,long_ientry_normal,51.4065,0.04083094422159045,57.0
1643182680000.0,154303,1643182680000.0,0.14450000000000074,-0.0034560000000000003,1259.1494010200038,1259.4584010200037,-0.5,34.56,1.0,34.271,long_nclose,34.271,0.027217580354037388,31.0
1643182860000.0,154306,1643182860000.0,0.08670000000000044,-0.0020736,1259.234027420004,1259.453827420004,-0.3,34.56,0.7,34.271,long_nclose,23.9897,0.019051025843981974,3.0
1643184120000.0,154327,1643184120000.0,0.057800000000000296,-0.0013824000000000002,1259.290445020004,1259.4249450200039,-0.2,34.56,0.5,34.271,long_nclose,17.1355,0.013607265955017867,21.0
1643184180000.0,154328,1643184180000.0,0.028900000000000148,-0.0006912000000000001,1259.318653820004,1259.442253820004,-0.1,34.56,0.4,34.271,long_nclose,13.708400000000001,0.010885568921271105,1.0
1643185020000.0,154342,1643185020000.0,0.028900000000000148,-0.0006912000000000001,1259.3468626200042,1259.4545626200043,-0.1,34.56,0.3,34.271,long_nclose,10.2813,0.008163993817088886,14.0
1643187000000.0,154375,1643187000000.0,0.028900000000000148,-0.0006912000000000001,1259.3750714200044,1259.4418714200044,-0.1,34.56,0.2,34.271,long_nclose,6.8542000000000005,0.005442540634277896,33.0
1643191020000.0,154442,1643191020000.0,0.028900000000000148,-0.0006912000000000001,1259.4032802200045,1259.4321802200045,-0.1,34.56,0.1,34.271,long_nclose,3.4271000000000003,0.0027212093646455503,67.0
1643191440000.0,154449,1643191440000.0,0.028900000000000148,-0.0006912000000000001,1259.4314890200046,1259.4314890200046,-0.1,34.56,0.0,34.271,long_nclose,0.0,0.0,7.0
1643212140000.0,154794,1643212140000.0,0.0,-0.010258500000000002,1259.4212305200047,1259.3687305200046,1.5,34.195,1.5,34.195,long_ientry_normal,51.292500000000004,0.04072704092722159,345.0
1643213280000.0,154813,1643213280000.0,0.14399999999999835,-0.0034483,1259.5617822200047,1259.7867822200046,-0.5,34.483,1.0,34.195,long_nclose,34.195,0.027148330858158126,19.0
1643213520000.0,154817,1643213520000.0,0.086399999999999,-0.0020689799999999998,1259.6461132400045,1259.8141132400044,-0.3,34.483,0.7,34.195,long_nclose,23.9365,0.019002559328692423,4.0
1643214840000.0,154839,1643214840000.0,0.0,-0.005454880000000001,1259.6406583600046,1259.4297583600046,0.8,34.093,1.5,34.1406,long_ientry_partial,51.210899999999995,0.04065516594762373,22.0
1643216460000.0,154866,1643216460000.0,0.14369999999999905,-0.0034427999999999998,1259.7809155600048,1260.2003155600048,-0.5,34.428,1.0,34.1406,long_nclose,34.1406,0.027100426414082984,27.0
1643216580000.0,154868,1643216580000.0,0.08621999999999942,-0.00206568,1259.8650698800047,1260.0361498800048,-0.3,34.428,0.7,34.1406,long_nclose,23.898419999999998,0.018969031344186874,2.0
1643216640000.0,154869,1643216640000.0,0.05747999999999962,-0.0013771200000000001,1259.9211727600048,1260.0558727600048,-0.2,34.428,0.5,34.1406,long_nclose,17.0703,0.013548704767462165,1.0
1643216940000.0,154874,1643216940000.0,0.02873999999999981,-0.0006885600000000001,1259.9492242000047,1260.0649842000046,-0.1,34.428,0.4,34.1406,long_nclose,13.65624,0.010838722495877504,5.0
1643217360000.0,154881,1643217360000.0,0.02873999999999981,-0.0006885600000000001,1259.9772756400046,1260.0685956400046,-0.1,34.428,0.3,34.1406,long_nclose,10.24218,0.008128860891397817,7.0
1643218080000.0,154893,1643218080000.0,0.02873999999999981,-0.0006885600000000001,1260.0053270800045,1260.0702070800044,-0.1,34.428,0.2,34.1406,long_nclose,6.82812,0.0054191199459638845,12.0
1643218920000.0,154907,1643218920000.0,0.02873999999999981,-0.0006885600000000001,1260.0333785200044,1260.0608185200044,-0.1,34.428,0.1,34.1406,long_nclose,3.41406,0.0027094996515172063,14.0
1643218980000.0,154908,1643218980000.0,0.02873999999999981,-0.0006885600000000001,1260.0614299600043,1260.0614299600043,-0.1,34.428,0.0,34.1406,long_nclose,0.0,0.0,1.0
1643220060000.0,154926,1643220060000.0,0.0,-0.0101919,1260.0512380600042,1259.469238060004,1.5,33.973,1.5,33.973,long_ientry_normal,50.9595,0.040442403023592984,18.0
1643220300000.0,154930,1643220300000.0,0.0,-0.009935400000000002,1260.0413026600042,1259.0648026600043,1.5,33.118,3.0,33.545500000000004,long_rentry,100.63650000000001,0.07986762004352699,4.0
1643223180000.0,154978,1643223180000.0,0.28249999999999886,-0.006765600000000001,1260.3170370600042,1261.3160370600042,-1.0,33.828,2.0,33.545500000000004,long_nclose,67.09100000000001,0.053233430975832934,48.0
1643223480000.0,154983,1643223480000.0,0.16949999999999932,-0.004059360000000001,1260.4824777000042,1260.9227777000042,-0.6,33.828,1.4,33.545500000000004,long_nclose,46.9637,0.0372585107931801,5.0
1643223720000.0,154987,1643223720000.0,0.6541499999999949,-0.004827199999999999,1261.1318005000044,1262.1849505000043,-0.7,34.48,0.7,33.545500000000004,long_nclose,23.48185,0.01861966369469875,4.0
1643223900000.0,154990,1643223900000.0,1.1105499999999955,-0.004918479999999999,1262.2374320200045,1262.2374320200045,-0.7,35.132,0.0,33.545500000000004,long_nclose,0.0,0.0,3.0
1643224620000.0,155002,1643224620000.0,0.0,-0.0101367,1262.2272953200045,1262.3037953200044,1.5,33.789,1.5,33.789,long_ientry_normal,50.6835,0.04015401995181109,12.0
1643224680000.0,155003,1643224680000.0,0.1424999999999983,-0.0034074,1262.3663879200044,1263.0173879200045,-0.5,34.074,1.0,33.789,long_nclose,33.789,0.026766397080386455,1.0
1643225100000.0,155010,1643225100000.0,0.4704999999999977,-0.003473,1262.8334149200043,1263.3989149200042,-0.5,34.73,0.5,33.789,long_nclose,16.8945,0.013378249102689607,7.0
1643225460000.0,155016,1643225460000.0,0.1881999999999991,-0.0013892,1263.0202257200044,1263.1975257200045,-0.2,34.73,0.3,33.789,long_nclose,10.1367,0.008025762211544487,6.0
1643225940000.0,155024,1643225940000.0,0.09409999999999955,-0.0006946,1263.1136311200044,1263.2988311200043,-0.1,34.73,0.2,33.789,long_nclose,6.7578000000000005,0.0053501124788019674,8.0
1643226000000.0,155025,1643226000000.0,0.09409999999999955,-0.0006946,1263.2070365200043,1263.2846365200044,-0.1,34.73,0.1,33.789,long_nclose,3.3789000000000002,0.002674858437543616,1.0
1643226600000.0,155035,1643226600000.0,0.0,-0.0094654,1263.1975711200043,1263.3866711200044,1.4,33.805,1.5,33.803933333333326,long_ientry_partial,50.705899999999986,0.04014090998848422,10.0
1643226660000.0,155036,1643226660000.0,0.1425333333333363,-0.0034089,1263.3366955533377,1263.6127622200042,-0.5,34.089,1.0,33.803933333333326,long_nclose,33.803933333333326,0.026757659658201653,1.0
1643226720000.0,155037,1643226720000.0,0.08552000000000178,-0.00204534,1263.4201702133378,1263.5329168800044,-0.3,34.089,0.7,33.803933333333326,long_nclose,23.662753333333328,0.018729124238484888,1.0
1643226900000.0,155040,1643226900000.0,0.0,-0.005406720000000001,1263.4147634933377,1263.4184101600044,0.8,33.792,1.5,33.79756888888888,long_ientry_partial,50.69635333333332,0.04012645316345526,3.0
1643227440000.0,155049,1643227440000.0,0.0,-0.0098844,1263.4048790933377,1262.3465257600044,1.5,32.948,3.0,33.37278444444444,long_rentry,100.11835333333332,0.0792448683633244,9.0
1643228220000.0,155062,1643228220000.0,0.0,-0.01034272,1263.3945363733378,1260.0275830400044,1.6,32.321,4.6,33.00694637681159,long_rentry,151.8319533333333,0.12017778212748768,13.0
1643233500000.0,155150,1643233500000.0,0.0,-0.01460362,1263.379932753338,1257.9153794200047,2.3,31.747,6.9,32.586964251207725,long_rentry,224.8500533333333,0.177975007758203,88.0
1643244420000.0,155332,1643244420000.0,0.6302822222222261,-0.015116059999999999,1263.99509891556,1264.9060633600045,-2.3,32.861,4.6,32.586964251207725,long_nclose,149.90003555555552,0.11859226011569325,182.0
1643245020000.0,155342,1643245020000.0,0.4110536231884083,-0.0098583,1264.3962942387484,1265.4597050600044,-1.5,32.861,3.1,32.586964251207725,long_nclose,101.01958917874396,0.07989551190480557,10.0
1643248440000.0,155399,1643248440000.0,0.0,-0.01009824,1264.3861959987485,1261.1134068200045,1.6,31.557,4.7,32.23633812313701,long_rentry,151.51078917874395,0.11982951859029464,57.0
1643250300000.0,155430,1643250300000.0,0.0,-0.014263219999999998,1264.3719327787485,1258.1600436000044,2.3,31.007,7.0,31.83241273982057,long_rentry,222.82688917874398,0.1762352385417403,31.0
1643254980000.0,155508,1643254980000.0,0.0,-0.020621680000000003,1264.3513110987485,1252.0800219200046,3.4,30.326,10.4,31.339931651802303,long_rentry,325.935289178744,0.2577885484181601,78.0
1643283360000.0,155981,1643283360000.0,0.8978323838721678,-0.02149072,1265.2276527626207,1266.3481312000044,-3.4,31.604,7.0,31.339931651802303,long_nclose,219.3795215626161,0.17339134272287016,473.0
1643284860000.0,156006,1643284860000.0,0.6073572008547017,-0.01453784,1265.8204721234754,1266.9722933600046,-2.3,31.604,4.7,31.339931651802303,long_nclose,147.29767876347083,0.11636537882530198,25.0
1643285520000.0,156017,1643285520000.0,0.39610252229654463,-0.0094812,1266.207093445772,1267.1353121600046,-1.5,31.604,3.2,31.339931651802303,long_nclose,100.28778128576738,0.07920330079090843,11.0
1643285820000.0,156022,1643285820000.0,0.2640683481976964,-0.0063208000000000005,1266.4648409939698,1266.9709913600047,-1.0,31.604,2.2,31.339931651802303,long_nclose,68.94784963396508,0.05444118731306601,5.0
1643286120000.0,156027,1643286120000.0,0.18484784373838747,-0.00442456,1266.6452642777083,1266.9828668000048,-0.7,31.604,1.5,31.339931651802303,long_nclose,47.009897477703454,0.03711370405234205,5.0
1643287920000.0,156057,1643287920000.0,0.1320341740988482,-0.0031604000000000003,1266.774138051807,1267.0592064000048,-0.5,31.604,1.0,31.339931651802303,long_nclose,31.339931651802303,0.024739952222264737,30.0
1643288580000.0,156068,1643288580000.0,0.07922050445930892,-0.00189624,1266.8514623162664,1267.0440101600047,-0.3,31.604,0.7,31.339931651802303,long_nclose,21.93795215626161,0.017316909526355232,11.0
1643288700000.0,156070,1643288700000.0,0.05281366963953929,-0.00126416,1266.903011825906,1267.038046000005,-0.2,31.604,0.5,31.339931651802303,long_nclose,15.669965825901151,0.012368717794203546,2.0
1643289240000.0,156079,1643289240000.0,0.026406834819769645,-0.00063208,1266.9287865807257,1267.020813920005,-0.1,31.604,0.4,31.339931651802303,long_nclose,12.535972660720923,0.009894772929229799,9.0
1643289300000.0,156080,1643289300000.0,0.026406834819769645,-0.00063208,1266.9545613355453,1267.0340818400045,-0.1,31.604,0.3,31.339931651802303,long_nclose,9.40197949554069,0.007420928723465586,1.0
1643289480000.0,156083,1643289480000.0,0.026406834819769645,-0.00063208,1266.980336090365,1267.0363497600044,-0.1,31.604,0.2,31.339931651802303,long_nclose,6.267986330360461,0.0049471851707676455,3.0
1643289600000.0,156085,1643289600000.0,0.026406834819769645,-0.00063208,1267.0061108451846,1267.0336176800045,-0.1,31.604,0.1,31.339931651802303,long_nclose,3.1339931651802306,0.0024735422649932058,2.0
1643289840000.0,156089,1643289840000.0,0.026406834819769645,-0.00063208,1267.0318856000042,1267.0318856000042,-0.1,31.604,0.0,31.339931651802303,long_nclose,0.0,0.0,4.0
1643299680000.0,156253,1643299680000.0,0.0,-0.009945920000000002,1267.0219396800042,1267.0523396800043,1.6,31.081,1.6,31.081,long_ientry_normal,49.729600000000005,0.03924920196138008,164.0
1643301180000.0,156278,1643301180000.0,0.13100000000000023,-0.0031343,1267.1498053800042,1267.5117053800043,-0.5,31.343,1.1,31.081,long_nclose,34.1891,0.02698110346135994,25.0
1643301480000.0,156283,1643301480000.0,0.07860000000000013,-0.00188058,1267.2265248000042,1267.3977248000042,-0.3,31.343,0.8,31.081,long_nclose,24.864800000000002,0.019621432722081167,5.0
1643301600000.0,156285,1643301600000.0,0.05240000000000009,-0.00125372,1267.2776710800042,1267.4960710800042,-0.2,31.343,0.6,31.081,long_nclose,18.6486,0.01471548061294824,2.0
1643303340000.0,156314,1643303340000.0,0.0,-0.0061982,1267.2714728800042,1267.1438728800042,1.0,30.991,1.6,31.024749999999997,long_ientry_partial,49.6396,0.03917045484121009,29.0
1643312040000.0,156459,1643312040000.0,0.0,-0.010285,1267.2611878800042,1265.790587880004,1.7,30.25,3.3,30.625636363636364,long_rentry,101.0646,0.07975041054407303,145.0
1643315640000.0,156519,1643315640000.0,0.0,-0.010083720000000001,1267.2511041600042,1263.9429041600042,1.7,29.658,5.0,30.296639999999996,long_rentry,151.48319999999998,0.11953684593584192,60.0
1643317380000.0,156548,1643317380000.0,0.0,-0.014571500000000001,1267.236532660004,1262.120832660004,2.5,29.143,7.5,29.912093333333328,long_rentry,224.34069999999997,0.17703143353127268,29.0
1643327640000.0,156719,1643327640000.0,0.6297666666666846,-0.015082,1267.8512173266708,1268.9407506600041,-2.5,30.164,5.0,29.912093333333328,long_nclose,149.56046666666663,0.11796373629866644,171.0
1643327700000.0,156720,1643327700000.0,0.40305066666667816,-0.009652480000000001,1268.2446155133375,1269.1384981800043,-1.6,30.164,3.4,29.912093333333328,long_nclose,101.70111733333331,0.0801904585986896,1.0
1643328300000.0,156730,1643328300000.0,0.27709733333334124,-0.006636080000000002,1268.515076766671,1269.0852621000042,-1.1,30.164,2.3,29.912093333333328,long_nclose,68.79781466666665,0.05423492075634292,10.0
1643328360000.0,156731,1643328360000.0,0.17633466666667166,-0.0042229599999999996,1268.6871884733375,1269.179839140004,-0.7,30.164,1.6,29.912093333333328,long_nclose,47.85934933333333,0.03772352221111684,1.0
1643328600000.0,156735,1643328600000.0,0.12595333333333691,-0.0030164000000000002,1268.810125406671,1268.9893227400044,-0.5,30.164,1.1,29.912093333333328,long_nclose,32.90330266666666,0.02593240864634549,4.0
1643330940000.0,156774,1643330940000.0,0.0,-0.0035331600000000005,1268.806592246671,1268.1749895800044,0.6,29.443,1.7,29.746530980392155,long_ientry_partial,50.56910266666666,0.039855643070961774,39.0
1643332020000.0,156792,1643332020000.0,0.12523450980392248,-0.0029997,1268.928827056475,1269.2749898800043,-0.5,29.997,1.2,29.746530980392155,long_nclose,35.69583717647058,0.028130685043442474,18.0
1643333460000.0,156816,1643333460000.0,0.0,-0.0029416000000000004,1268.925885456475,1268.3915482800044,0.5,29.416,1.7,29.64931598615917,long_ientry_partial,50.40383717647059,0.03972165573589717,24.0
1643351700000.0,157120,1643351700000.0,0.12484200692041547,-0.0029899,1269.0477375633955,1269.2885583800044,-0.5,29.899,1.2,29.64931598615917,long_nclose,35.579179183391005,0.02803612356750578,304.0
1643351760000.0,157121,1643351760000.0,0.09987360553633239,-0.0023919200000000005,1269.1452192489317,1269.3257664600044,-0.4,29.899,0.8,29.64931598615917,long_nclose,23.719452788927338,0.018689313428580136,1.0
1643357040000.0,157209,1643357040000.0,0.0,-0.0057904,1269.1394288489316,1268.6139760600042,1.0,28.952,1.8,29.261918216070747,long_ientry_partial,52.67145278892735,0.04150170705570045,88.0
1643364480000.0,157333,1643364480000.0,0.0,-0.0102672,1269.1291616489316,1267.9557088600043,1.8,28.52,3.6,28.890959108035375,long_rentry,104.00745278892735,0.08195182644278254,124.0
1643368920000.0,157407,1643368920000.0,0.0,-0.01006848,1269.1190931689316,1266.4822403800042,1.8,27.968,5.4,28.583306072023582,long_rentry,154.34985278892736,0.1216196758993854,74.0
1643378280000.0,157563,1643378280000.0,0.43324907035755517,-0.010376640000000001,1269.5419655992891,1270.2680637400042,-1.8,28.824,3.6,28.583306072023582,long_nclose,102.8999018592849,0.0810527770231769,156.0
1643378700000.0,157570,1643378700000.0,0.2888327135717034,-0.00691776,1269.8238805528608,1270.3679459800042,-1.2,28.824,2.4,28.583306072023582,long_nclose,68.5999345728566,0.05402318827315587,7.0
1643378760000.0,157571,1643378760000.0,0.19255514238113564,-0.004611840000000001,1270.0118238552418,1270.3985341400041,-0.8,28.824,1.6,28.583306072023582,long_nclose,45.73328971523773,0.03601012908400331,1.0
1643380200000.0,157595,1643380200000.0,0.12034696398820977,-0.0028824000000000002,1270.1292884192299,1270.411651740004,-0.5,28.824,1.1,28.583306072023582,long_nclose,31.441636679225944,0.02475467416262591,24.0
1643382600000.0,157635,1643382600000.0,0.07220817839292586,-0.00172944,1270.1997671576228,1270.409122300004,-0.3,28.824,0.8,28.583306072023582,long_nclose,22.866644857618866,0.018002400448229084,40.0
1643382900000.0,157640,1643382900000.0,0.04813878559528391,-0.0011529600000000002,1270.2467529832181,1270.415769340004,-0.2,28.824,0.6,28.583306072023582,long_nclose,17.14998364321415,0.013501300910974047,5.0
1643384280000.0,157663,1643384280000.0,0.04813878559528391,-0.0011529600000000002,1270.2937388088135,1270.3904163800041,-0.2,28.824,0.4,28.583306072023582,long_nclose,11.433322428809433,0.00900053434848128,23.0
1643384460000.0,157666,1643384460000.0,0.024069392797641954,-0.0005764800000000001,1270.317231721611,1270.388239900004,-0.1,28.824,0.3,28.583306072023582,long_nclose,8.574991821607075,0.006750275921224594,3.0
1643384520000.0,157667,1643384520000.0,0.024069392797641954,-0.0005764800000000001,1270.3407246344086,1270.372063420004,-0.1,28.824,0.2,28.583306072023582,long_nclose,5.716661214404716,0.004500100723803776,1.0
1643384700000.0,157670,1643384700000.0,0.024069392797641954,-0.0005764800000000001,1270.3642175472062,1270.3873869400038,-0.1,28.824,0.1,28.583306072023582,long_nclose,2.858330607202358,0.002250008751601305,3.0
1643384760000.0,157671,1643384760000.0,0.024069392797641954,-0.0005764800000000001,1270.3877104600037,1270.3877104600037,-0.1,28.824,0.0,28.583306072023582,long_nclose,0.0,0.0,1.0
1643392200000.0,157795,1643392200000.0,0.0,-0.01018044,1270.3775300200036,1270.2893300200037,1.8,28.279,1.8,28.279,long_ientry_normal,50.9022,0.04006856135057622,124.0
1643394780000.0,157838,1643394780000.0,0.14279999999999973,-0.00342204,1270.5169079800037,1270.7641079800037,-0.6,28.517,1.2,28.279,long_nclose,33.934799999999996,0.026709443838849004,43.0
1643394840000.0,157839,1643394840000.0,0.09519999999999983,-0.00228136,1270.6098266200036,1270.8066266200035,-0.4,28.517,0.8,28.279,long_nclose,22.6232,0.01780499373295484,1.0
1643395980000.0,157858,1643395980000.0,0.04759999999999991,-0.00114068,1270.6562859400037,1270.8038859400037,-0.2,28.517,0.6,28.279,long_nclose,16.967399999999998,0.013353257043424521,19.0
1643396100000.0,157860,1643396100000.0,0.04759999999999991,-0.00114068,1270.702745260004,1270.7991452600038,-0.2,28.517,0.4,28.279,long_nclose,11.3116,0.008901845881890722,2.0
1643396220000.0,157862,1643396220000.0,0.023799999999999957,-0.00057034,1270.7259749200039,1270.7997749200038,-0.1,28.517,0.3,28.279,long_nclose,8.483699999999999,0.006676262362964662,2.0
1643397240000.0,157879,1643397240000.0,0.0,-0.0084432,1270.7175317200038,1270.5438317200037,1.5,28.144,1.8,28.166499999999996,long_ientry_partial,50.69969999999999,0.03989848155425577,17.0
1643400060000.0,157926,1643400060000.0,0.14250000000000254,-0.00340848,1270.8566232400037,1271.2388232400037,-0.6,28.404,1.2,28.166499999999996,long_nclose,33.79979999999999,0.026596076521857047,47.0
1643400420000.0,157932,1643400420000.0,0.09500000000000171,-0.0022723200000000004,1270.9493509200038,1271.0921509200039,-0.4,28.404,0.8,28.166499999999996,long_nclose,22.533199999999997,0.017729424059022385,6.0
1643400900000.0,157940,1643400900000.0,0.047500000000000854,-0.0011361600000000002,1270.9957147600037,1271.1268147600038,-0.2,28.404,0.6,28.166499999999996,long_nclose,16.899899999999995,0.013296582989023788,8.0
1643401200000.0,157945,1643401200000.0,0.047500000000000854,-0.0011361600000000002,1271.0420786000036,1271.1634786000036,-0.2,28.404,0.4,28.166499999999996,long_nclose,11.266599999999999,0.008864065312778361,5.0
1643401740000.0,157954,1643401740000.0,0.023750000000000427,-0.0005680800000000001,1271.0652605200037,1271.1473105200037,-0.1,28.404,0.3,28.166499999999996,long_nclose,8.449949999999998,0.006647927736254117,9.0
1643401860000.0,157956,1643401860000.0,0.023750000000000427,-0.0005680800000000001,1271.0884424400037,1271.1301424400037,-0.1,28.404,0.2,28.166499999999996,long_nclose,5.633299999999999,0.0044318709948980555,2.0
1643401980000.0,157958,1643401980000.0,0.023750000000000427,-0.0005680800000000001,1271.1116243600038,1271.1449743600037,-0.1,28.404,0.1,28.166499999999996,long_nclose,2.8166499999999997,0.002215895084287475,2.0
1643402340000.0,157964,1643402340000.0,0.07845000000000049,-0.0005790200000000001,1271.1894953400038,1271.1894953400038,-0.1,28.951,0.0,28.166499999999996,long_nclose,0.0,0.0,6.0
1643468160000.0,159061,1643468160000.0,0.0,-0.01045296,1271.1790423800037,1271.2942423800037,1.8,29.036,1.8,29.036,long_ientry_normal,52.2648,0.041115215290322624,1097.0
1643471520000.0,159117,1643471520000.0,0.0,-0.010188720000000002,1271.1688536600036,1270.2364536600037,1.8,28.302,3.6,28.669,long_rentry,103.2084,0.08119173129741022,56.0
1643475780000.0,159188,1643475780000.0,0.29040000000000105,-0.006938639999999999,1271.4523150200037,1272.0187150200036,-1.2,28.911,2.4,28.669,long_nclose,68.8056,0.05411575344759782,71.0
1643475840000.0,159189,1643475840000.0,0.19360000000000072,-0.0046257600000000005,1271.6412892600038,1272.0428892600037,-0.8,28.911,1.6,28.669,long_nclose,45.870400000000004,0.0360718076610213,1.0
1643476260000.0,159196,1643476260000.0,0.12100000000000044,-0.0028911,1271.759398160004,1272.029998160004,-0.5,28.911,1.1,28.669,long_nclose,31.5359,0.024797064637876082,7.0
1643476560000.0,159201,1643476560000.0,0.0,-0.004029479999999999,1271.7553686800038,1271.8670686800037,0.7,28.782,1.8,28.712944444444442,long_ientry_partial,51.683299999999996,0.040639340924224894,5.0
1643484480000.0,159333,1643484480000.0,0.14523333333333355,-0.0034745999999999996,1271.8971274133373,1272.199594080004,-0.6,28.955,1.2,28.712944444444442,long_nclose,34.45553333333333,0.027089874322938124,132.0
1643484780000.0,159338,1643484780000.0,0.09682222222222236,-0.0023164,1271.9916332355597,1272.213277680004,-0.4,28.955,0.8,28.712944444444442,long_nclose,22.970355555555557,0.018058574408328427,5.0
1643488140000.0,159394,1643488140000.0,0.04841111111111118,-0.0011582,1272.0388861466708,1272.1781194800042,-0.2,28.955,0.6,28.712944444444442,long_nclose,17.227766666666664,0.013543427684710134,56.0
1643488200000.0,159395,1643488200000.0,0.04841111111111118,-0.0011582,1272.086139057782,1272.2589612800043,-0.2,28.955,0.4,28.712944444444442,long_nclose,11.485177777777778,0.009028616400367905,1.0
1643489280000.0,159413,1643489280000.0,0.02420555555555559,-0.0005791,1272.1097655133374,1272.177882180004,-0.1,28.955,0.3,28.712944444444442,long_nclose,8.613883333333332,0.006771336536244065,18.0
1643489340000.0,159414,1643489340000.0,0.02420555555555559,-0.0005791,1272.1333919688927,1272.180803080004,-0.1,28.955,0.2,28.712944444444442,long_nclose,5.742588888888889,0.004514140517922441,1.0
1643489400000.0,159415,1643489400000.0,0.02420555555555559,-0.0005791,1272.157018424448,1272.1832239800037,-0.1,28.955,0.1,28.712944444444442,long_nclose,2.8712944444444446,0.0022570283407314846,1.0
1643489760000.0,159421,1643489760000.0,0.02420555555555559,-0.0005791,1272.1806448800035,1272.1806448800035,-0.1,28.955,0.0,28.712944444444442,long_nclose,0.0,0.0,6.0
1643503200000.0,159645,1643503200000.0,0.0,-0.01025244,1272.1703924400035,1272.2171924400036,1.8,28.479,1.8,28.479,long_ientry_normal,51.2622,0.040295073918266464,224.0
1643505900000.0,159690,1643505900000.0,0.14400000000000118,-0.0034462800000000004,1272.3109461600036,1272.6181461600036,-0.6,28.719,1.2,28.479,long_nclose,34.1748,0.026860414982000976,45.0
1643517060000.0,159876,1643517060000.0,0.0960000000000008,-0.0022975200000000004,1272.4046486400036,1272.5854486400037,-0.4,28.719,0.8,28.479,long_nclose,22.7832,0.01790562461741364,186.0
1643517120000.0,159877,1643517120000.0,0.0480000000000004,-0.0011487600000000002,1272.4514998800037,1272.5930998800036,-0.2,28.719,0.6,28.479,long_nclose,17.0874,0.013428724003713616,1.0
1643517240000.0,159879,1643517240000.0,0.0480000000000004,-0.0011487600000000002,1272.4983511200037,1272.6027511200036,-0.2,28.719,0.4,28.479,long_nclose,11.3916,0.008952153053851547,2.0
1643517900000.0,159890,1643517900000.0,0.0240000000000002,-0.0005743800000000001,1272.5217767400036,1272.5940767400036,-0.1,28.719,0.3,28.479,long_nclose,8.5437,0.006713991191480893,11.0
1643518200000.0,159895,1643518200000.0,0.0240000000000002,-0.0005743800000000001,1272.5452023600035,1272.5934023600034,-0.1,28.719,0.2,28.479,long_nclose,5.6958,0.004475911731415774,5.0
1643518500000.0,159900,1643518500000.0,0.0240000000000002,-0.0005743800000000001,1272.5686279800034,1272.5947279800034,-0.1,28.719,0.1,28.479,long_nclose,2.8479,0.0022379146691055714,5.0
1643521140000.0,159944,1643521140000.0,0.0240000000000002,-0.0005743800000000001,1272.5920536000033,1272.5920536000033,-0.1,28.719,0.0,28.479,long_nclose,0.0,0.0,44.0
1643533080000.0,160143,1643533080000.0,0.0,-0.010144080000000001,1272.5819095200034,1272.5675095200033,1.8,28.178,1.8,28.178,long_ientry_normal,50.720400000000005,0.03985629500197036,199.0
1643540280000.0,160263,1643540280000.0,0.142199999999999,-0.0034098,1272.7206997200033,1272.9990997200032,-0.6,28.415,1.2,28.178,long_nclose,33.8136,0.026567965781839602,120.0
1643547180000.0,160378,1643547180000.0,0.0,-0.0033481200000000004,1272.7173516000032,1272.3651516000032,0.6,27.901,1.8,28.08566666666667,long_ientry_partial,50.5542,0.03972146677849998,115.0
1643569680000.0,160753,1643569680000.0,0.0,-0.010405160000000002,1272.7069464400033,1270.2304464400033,1.9,27.382,3.7,27.724324324324325,long_rentry,102.58000000000001,0.08059985866104938,375.0
1643569860000.0,160756,1643569860000.0,0.0,-0.0102011,1272.6967453400034,1270.0872453400034,1.9,26.845,5.6,27.425982142857144,long_rentry,153.5855,0.12067721596865508,3.0
1643577600000.0,160885,1643577600000.0,0.0,-0.014243040000000002,1272.6825023000033,1267.0433023000032,2.7,26.376,8.3,27.084421686746985,long_rentry,224.8007,0.17663533488811087,129.0
1643583780000.0,160988,1643583780000.0,0.6171614457831365,-0.014749020000000002,1273.2849147257864,1274.1561532800033,-2.7,27.313,5.6,27.084421686746985,long_nclose,151.6727614457831,0.11911926363978577,103.0
1643583900000.0,160990,1643583900000.0,0.4114409638554243,-0.00983268,1273.6865230096419,1274.6767206000034,-1.8,27.313,3.8,27.084421686746985,long_nclose,102.92080240963854,0.08080544195948866,2.0
1643584080000.0,160993,1643584080000.0,0.27429397590361615,-0.006555119999999999,1273.9542618655455,1274.5797654800033,-1.2,27.313,2.6,27.084421686746985,long_nclose,70.41949638554216,0.05527631445921903,3.0
1643584680000.0,161003,1643584680000.0,0.1828626506024108,-0.00437008,1274.132754436148,1274.5747954000033,-0.8,27.313,1.8,27.084421686746985,long_nclose,48.75195903614458,0.038262856728551155,10.0
1643585280000.0,161013,1643585280000.0,0.13714698795180807,-0.0032775599999999997,1274.2666238640998,1274.5073178400035,-0.6,27.313,1.2,27.084421686746985,long_nclose,32.50130602409638,0.025505891322444803,10.0
1643585460000.0,161016,1643585460000.0,0.0914313253012054,-0.00218504,1274.355870149401,1274.5163328000033,-0.4,27.313,0.8,27.084421686746985,long_nclose,21.66753734939759,0.01700273672130326,3.0
1643589720000.0,161087,1643589720000.0,0.0,-0.0058676200000000005,1274.350002529401,1273.7703651800034,1.1,26.671,1.9,26.845072289156626,long_ientry_partial,51.00563734939759,0.04002482618445384,71.0
1643589900000.0,161090,1643589900000.0,0.0,-0.00994498,1274.340057549401,1273.2835202000035,1.9,26.171,3.8,26.508036144578313,long_rentry,100.73053734939758,0.07904525699608454,3.0
1643594460000.0,161166,1643594460000.0,0.0,-0.0102696,1274.3297879494012,1271.4272506000036,2.0,25.674,5.8,26.220437474034064,long_rentry,152.07853734939758,0.11934001605197982,76.0
1643635560000.0,161851,1643635560000.0,0.4190687993352764,-0.01004758,1274.7388091687365,1275.6536030200036,-1.9,26.441,3.9,26.220437474034064,long_nclose,102.25970614873285,0.080220124635114,685.0
1643635680000.0,161853,1643635680000.0,0.28673128375571544,-0.00687466,1275.0186657924921,1275.6025283600036,-1.3,26.441,2.6,26.220437474034064,long_nclose,68.17313743248857,0.053468344630166906,2.0
1643636400000.0,161865,1643636400000.0,0.9497312837557175,-0.007007260000000001,1275.961389816248,1277.1048211000036,-1.3,26.951,1.3,26.220437474034064,long_nclose,34.08656871624429,0.02671442019194101,12.0
1643638020000.0,161892,1643638020000.0,0.4383375155795619,-0.00323412,1276.3964932118276,1276.9211869800038,-0.6,26.951,0.7,26.220437474034064,long_nclose,18.354306231823845,0.014379784282890386,27.0
1643638200000.0,161895,1643638200000.0,0.21916875778978095,-0.00161706,1276.6140449096174,1276.9098699200038,-0.3,26.951,0.4,26.220437474034064,long_nclose,10.488174989613626,0.008215619302822393,3.0
1643639400000.0,161915,1643639400000.0,0.1461125051931873,-0.0010780400000000002,1276.7590793748107,1276.9059918800037,-0.2,26.951,0.2,26.220437474034064,long_nclose,5.244087494806813,0.004107343021499937,20.0
1643639640000.0,161919,1643639640000.0,0.07305625259659365,-0.0005390200000000001,1276.8315966074074,1276.914552860004,-0.1,26.951,0.1,26.220437474034064,long_nclose,2.6220437474034064,0.0020535548731487234,4.0
1643639940000.0,161924,1643639940000.0,0.07305625259659365,-0.0005390200000000001,1276.9041138400041,1276.9041138400041,-0.1,26.951,0.0,26.220437474034064,long_nclose,0.0,0.0,5.0
1643774040000.0,164159,1643774040000.0,0.0,-0.010165680000000002,1276.8939481600041,1276.8975481600041,1.8,28.238,1.8,28.238,long_ientry_normal,50.8284,0.03980628154220904,2235.0
1643801460000.0,164616,1643801460000.0,0.14279999999999973,-0.00341712,1277.0333310400042,1277.2637310400041,-0.6,28.476,1.2,28.238,long_nclose,33.8856,0.026534624568024294,457.0
1643801520000.0,164617,1643801520000.0,0.09519999999999983,-0.00227808,1277.1262529600042,1277.3278529600043,-0.4,28.476,0.8,28.238,long_nclose,22.590400000000002,0.017688462630567715,1.0
1643801640000.0,164619,1643801640000.0,0.04759999999999991,-0.00113904,1277.1727139200043,1277.3179139200042,-0.2,28.476,0.6,28.238,long_nclose,16.9428,0.013265864370056696,2.0
1643805240000.0,164679,1643805240000.0,0.04759999999999991,-0.00113904,1277.2191748800044,1277.3159748800044,-0.2,28.476,0.4,28.238,long_nclose,11.295200000000001,0.008843587868199046,60.0
1643810460000.0,164766,1643810460000.0,0.023799999999999957,-0.00056952,1277.2424053600043,1277.2850053600043,-0.1,28.476,0.3,28.238,long_nclose,8.4714,0.006632570265792456,87.0
1643812380000.0,164798,1643812380000.0,0.0,-0.0083979,1277.2340074600042,1276.8491074600042,1.5,27.993,1.8,28.03383333333333,long_ientry_partial,50.460899999999995,0.039507952110005295,32.0
1643813340000.0,164814,1643813340000.0,0.0,-0.01038616,1277.2236213000042,1275.4534213000043,1.9,27.332,3.7,27.673432432432428,long_rentry,102.39169999999999,0.08016740239722628,16.0
1643818500000.0,164900,1643818500000.0,0.0,-0.01018286,1277.2134384400042,1273.5394384400042,1.9,26.797,5.6,27.37607142857143,long_rentry,153.30599999999998,0.12003162148626373,86.0
1643821800000.0,164955,1643821800000.0,0.4156714285714273,-0.009938520000000001,1277.6191713485755,1278.242099920004,-1.8,27.607,3.8,27.37607142857143,long_nclose,104.02907142857143,0.08142416281900716,55.0
1643828580000.0,165068,1643828580000.0,0.2771142857142848,-0.00662568,1277.8896599542898,1278.549874240004,-1.2,27.607,2.6,27.37607142857143,long_nclose,71.17778571428572,0.05569947699305412,113.0
1643828760000.0,165071,1643828760000.0,0.18474285714285657,-0.00441712,1278.0699856914327,1278.4190571200043,-0.8,27.607,1.8,27.37607142857143,long_nclose,49.27692857142857,0.03855573569765811,3.0
1643828940000.0,165074,1643828940000.0,0.1385571428571424,-0.00331284,1278.2052299942898,1278.497944280004,-0.6,27.607,1.2,27.37607142857143,long_nclose,32.851285714285716,0.025701104128976592,3.0
1643829180000.0,165078,1643829180000.0,0.09237142857142829,-0.00220856,1278.295392862861,1278.486535720004,-0.4,27.607,0.8,27.37607142857143,long_nclose,21.900857142857145,0.01713286089047708,4.0
1643829660000.0,165086,1643829660000.0,0.04618571428571414,-0.00110428,1278.3404742971468,1278.4808314400038,-0.2,27.607,0.6,27.37607142857143,long_nclose,16.425642857142858,0.012849192517489486,8.0
1643830440000.0,165099,1643830440000.0,0.04618571428571414,-0.00110428,1278.3855557314325,1278.499127160004,-0.2,27.607,0.4,27.37607142857143,long_nclose,10.950428571428573,0.008565826266054179,13.0
1643832000000.0,165125,1643832000000.0,0.02309285714285707,-0.00055214,1278.4080964485754,1278.463275020004,-0.1,27.607,0.3,27.37607142857143,long_nclose,8.212821428571429,0.00642425642593057,26.0
1643836200000.0,165195,1643836200000.0,0.0,-0.008684800000000001,1278.3994116485753,1278.3095902200039,1.6,27.14,1.9,27.177274436090226,long_ientry_partial,51.63682142857143,0.04039177502591506,70.0
1643837640000.0,165219,1643837640000.0,0.0,-0.01006734,1278.3893443085753,1276.583822880004,1.9,26.493,3.8,26.835137218045112,long_rentry,101.97352142857142,0.07976718664197284,24.0
1643846820000.0,165372,1643846820000.0,0.0,-0.0103948,1278.3789495085753,1275.579428080004,2.0,25.987,5.8,26.542676108374383,long_rentry,153.9475214285714,0.12042401158729245,153.0
1643872020000.0,165792,1643872020000.0,0.42431539408866814,-0.010171079999999999,1278.7930938226639,1279.6211570000037,-1.9,26.766,3.9,26.542676108374383,long_nclose,103.5164368226601,0.08094854227998763,420.0
1643872140000.0,165794,1643872140000.0,0.2903210591132993,-0.006959160000000001,1279.0764557217772,1279.8234978400037,-1.3,26.766,2.6,26.542676108374383,long_nclose,69.0109578817734,0.05395373949153869,2.0
1643872260000.0,165796,1643872260000.0,0.1786591133004919,-0.00428256,1279.2508322750775,1279.6960152800036,-0.8,26.766,1.8,26.542676108374383,long_nclose,47.776816995073894,0.03734749729269704,2.0
1643875920000.0,165857,1643875920000.0,0.1339943349753689,-0.00321192,1279.3816146900529,1279.6544033600037,-0.6,26.766,1.2,26.542676108374383,long_nclose,31.85121133004926,0.024895786342658707,61.0
1643877180000.0,165878,1643877180000.0,0.08932955665024594,-0.00214128,1279.4688029667032,1279.6506620800037,-0.4,26.766,0.8,26.542676108374383,long_nclose,21.234140886699507,0.016596059894124753,21.0
1643882460000.0,165966,1643882460000.0,0.0,-0.00624336,1279.462559606703,1279.0116187200035,1.2,26.014,2.0,26.225470443349753,long_ientry_partial,52.450940886699506,0.040994510150279447,88.0
1643888160000.0,166061,1643888160000.0,0.13231773399014912,-0.00317352,1279.5917038206933,1279.7590452000036,-0.6,26.446,1.4,26.225470443349753,long_nclose,36.71565862068965,0.028693260913666058,95.0
1643888700000.0,166070,1643888700000.0,0.08821182266009941,-0.0021156800000000004,1279.6777999633532,1279.9173295200035,-0.4,26.446,1.0,26.225470443349753,long_nclose,26.225470443349753,0.020493807460050324,9.0
1643888940000.0,166074,1643888940000.0,0.06615886699507456,-0.00158676,1279.7423720703482,1279.9030427600035,-0.3,26.446,0.7,26.225470443349753,long_nclose,18.357829310344826,0.014344941381167056,4.0
1643889060000.0,166076,1643889060000.0,0.04410591133004971,-0.0010578400000000002,1279.7854201416783,1279.9026849200034,-0.2,26.446,0.5,26.225470443349753,long_nclose,13.112735221674876,0.010246042043691382,2.0
1643890680000.0,166103,1643890680000.0,0.022052955665024854,-0.0005289200000000001,1279.8069441773432,1279.9007560000034,-0.1,26.446,0.4,26.225470443349753,long_nclose,10.490188177339903,0.008196695779052028,27.0
1643890860000.0,166106,1643890860000.0,0.022052955665024854,-0.0005289200000000001,1279.8284682130081,1279.8838270800031,-0.1,26.446,0.3,26.225470443349753,long_nclose,7.867641133004925,0.006147418445840881,3.0
1643890920000.0,166107,1643890920000.0,0.022052955665024854,-0.0005289200000000001,1279.849992248673,1279.8928981600031,-0.1,26.446,0.2,26.225470443349753,long_nclose,5.245094088669951,0.00409821004058016,1.0
1643892000000.0,166125,1643892000000.0,0.022052955665024854,-0.0005289200000000001,1279.871516284338,1279.893469240003,-0.1,26.446,0.1,26.225470443349753,long_nclose,2.6225470443349757,0.002049070559792306,18.0
1643892720000.0,166137,1643892720000.0,0.022052955665024854,-0.0005289200000000001,1279.893040320003,1279.893040320003,-0.1,26.446,0.0,26.225470443349753,long_nclose,0.0,0.0,12.0
1644079920000.0,169257,1644079920000.0,0.0,-0.0103598,1279.8826805200029,1279.899680520003,1.7,30.47,1.7,30.47,long_ientry_normal,51.799,0.04047167821581476,3120.0
1644083220000.0,169312,1644083220000.0,0.12850000000000072,-0.0030727000000000003,1280.0081078200028,1280.3141078200028,-0.5,30.727,1.2,30.47,long_nclose,36.564,0.028565444059782237,55.0
1644083280000.0,169313,1644083280000.0,0.10280000000000059,-0.0024581600000000005,1280.1084496600026,1280.3684496600026,-0.4,30.727,0.8,30.47,long_nclose,24.376,0.01904213663027869,1.0
1644085380000.0,169348,1644085380000.0,0.05140000000000029,-0.0012290800000000002,1280.1586205800027,1280.2846205800026,-0.2,30.727,0.6,30.47,long_nclose,18.282,0.014281042759933107,35.0
1644085800000.0,169355,1644085800000.0,0.05140000000000029,-0.0012290800000000002,1280.2087915000027,1280.2887915000026,-0.2,30.727,0.4,30.47,long_nclose,12.188,0.00952032206068472,7.0
1644086880000.0,169373,1644086880000.0,0.0,-0.00790322,1280.2008882800028,1280.1597882800029,1.3,30.397,1.7,30.414176470588238,long_ientry_partial,51.704100000000004,0.04038748955210176,18.0
1644094740000.0,169504,1644094740000.0,0.12791176470588184,-0.0030670000000000003,1280.3257330447086,1280.5967212800028,-0.5,30.67,1.2,30.414176470588238,long_nclose,36.49701176470588,0.028506036255253032,131.0
1644095340000.0,169514,1644095340000.0,0.10232941176470547,-0.0024536000000000002,1280.4256088564732,1280.6502676800026,-0.4,30.67,0.8,30.414176470588238,long_nclose,24.33134117647059,0.019002541817482475,10.0
1644095880000.0,169523,1644095880000.0,0.05116470588235274,-0.0012268000000000001,1280.4755467623556,1280.6320408800027,-0.2,30.67,0.6,30.414176470588238,long_nclose,18.24850588235294,0.014251350545891911,9.0
1644110280000.0,169763,1644110280000.0,0.25404705882352835,-0.00187566,1280.7277181611792,1280.9754652200027,-0.3,31.261,0.3,30.414176470588238,long_nclose,9.12425294117647,0.007124272249121563,240.0
1644110340000.0,169764,1644110340000.0,0.08468235294117613,-0.00062522,1280.8117752941203,1280.9809400000026,-0.1,31.261,0.2,30.414176470588238,long_nclose,6.082835294117648,0.004749203131522437,1.0
1644110400000.0,169765,1644110400000.0,0.08468235294117613,-0.00062522,1280.8958324270614,1280.9824147800025,-0.1,31.261,0.1,30.414176470588238,long_nclose,3.041417647058824,0.0023744457356035726,1.0
1644114600000.0,169835,1644114600000.0,0.08468235294117613,-0.00062522,1280.9798895600024,1280.9798895600024,-0.1,31.261,0.0,30.414176470588238,long_nclose,0.0,0.0,70.0
1644158580000.0,170568,1644158580000.0,0.0,-0.01040434,1280.9694852200025,1280.9932852200025,1.7,30.601,1.7,30.601,long_ientry_normal,52.021699999999996,0.04061119378738786,733.0
1644189600000.0,171085,1644189600000.0,0.12900000000000134,-0.0030859000000000004,1281.0953993200023,1281.3941993200024,-0.5,30.859,1.2,30.601,long_nclose,36.721199999999996,0.028663907480653967,517.0
1644189660000.0,171086,1644189660000.0,0.10320000000000107,-0.0024687200000000006,1281.1961306000023,1281.3913306000022,-0.4,30.859,0.8,30.601,long_nclose,24.480800000000002,0.019107769228537474,1.0
1644189720000.0,171087,1644189720000.0,0.051600000000000534,-0.0012343600000000003,1281.2464962400024,1281.4318962400025,-0.2,30.859,0.6,30.601,long_nclose,18.360599999999998,0.014330263578383826,1.0
1644193020000.0,171142,1644193020000.0,0.051600000000000534,-0.0012343600000000003,1281.2968618800026,1281.3924618800027,-0.2,30.859,0.4,30.601,long_nclose,12.240400000000001,0.009553133519768468,55.0
1644193440000.0,171149,1644193440000.0,0.025800000000000267,-0.0006171800000000002,1281.3220447000024,1281.3742447000025,-0.1,30.859,0.3,30.601,long_nclose,9.180299999999999,0.00716470932344678,7.0
1644196560000.0,171201,1644196560000.0,0.025800000000000267,-0.0006171800000000002,1281.3472275200022,1281.3880275200022,-0.1,30.859,0.2,30.601,long_nclose,6.1202000000000005,0.004776379008401501,52.0
1644197160000.0,171211,1644197160000.0,0.025800000000000267,-0.0006171800000000002,1281.372410340002,1281.3983103400021,-0.1,30.859,0.1,30.601,long_nclose,3.0601000000000003,0.002388142569097478,10.0
1644197400000.0,171215,1644197400000.0,0.025800000000000267,-0.0006171800000000002,1281.3975931600019,1281.3975931600019,-0.1,30.859,0.0,30.601,long_nclose,0.0,0.0,4.0
1644267240000.0,172379,1644267240000.0,0.0,-0.01005632,1281.3875368400018,1281.4739368400017,1.6,31.426,1.6,31.426,long_ientry_normal,50.2816,0.03923996336346318,1164.0
1644268320000.0,172397,1644268320000.0,0.13250000000000028,-0.0031691,1281.5168677400018,1281.7852677400017,-0.5,31.691,1.1,31.426,long_nclose,34.5686,0.026974752241039866,18.0
1644268380000.0,172398,1644268380000.0,0.07950000000000017,-0.0019014599999999998,1281.5944662800018,1281.7976662800017,-0.3,31.691,0.8,31.426,long_nclose,25.1408,0.019616813790538992,1.0
1644268440000.0,172399,1644268440000.0,0.053000000000000116,-0.0012676400000000002,1281.646198640002,1281.807598640002,-0.2,31.691,0.6,31.426,long_nclose,18.8556,0.014712016483182575,1.0
1644269280000.0,172413,1644269280000.0,0.0,-0.006282200000000001,1281.639916440002,1281.509316440002,1.0,31.411,1.6,31.416624999999996,long_ientry_partial,50.2666,0.039220532503095734,14.0
1644271920000.0,172457,1644271920000.0,0.13218750000000234,-0.0031681,1281.768935840002,1282.0971483400021,-0.5,31.681,1.1,31.416624999999996,long_nclose,34.5582875,0.026961401960761643,44.0
1644275580000.0,172518,1644275580000.0,0.07931250000000141,-0.0019008600000000003,1281.8463474800021,1282.0850474800022,-0.3,31.681,0.8,31.416624999999996,long_nclose,25.1333,0.0196071081759603,61.0
1644276540000.0,172534,1644276540000.0,0.05287500000000094,-0.0012672400000000002,1281.8979552400021,1282.0739802400021,-0.2,31.681,0.6,31.416624999999996,long_nclose,18.849974999999997,0.014704739111991818,16.0
1644277440000.0,172549,1644277440000.0,0.05287500000000094,-0.0012672400000000002,1281.9495630000022,1282.0629130000023,-0.2,31.681,0.4,31.416624999999996,long_nclose,12.56665,0.009802764759786402,15.0
1644278400000.0,172565,1644278400000.0,0.02643750000000047,-0.0006336200000000001,1281.9753668800022,1282.0558793800021,-0.1,31.681,0.3,31.416624999999996,long_nclose,9.424987499999999,0.007351925585698258,16.0
1644279000000.0,172575,1644279000000.0,0.0,-0.00815646,1281.9672104200022,1281.9359229200022,1.3,31.371,1.6,31.379554687499997,long_ientry_partial,50.2072875,0.039164252480023205,10.0
1644283680000.0,172653,1644283680000.0,0.13222265625000063,-0.0031644,1282.096268676252,1282.3882585200022,-0.5,31.644,1.1,31.379554687499997,long_nclose,34.51751015625,0.02692271321551297,78.0
1644283860000.0,172656,1644283860000.0,0.07933359375000038,-0.00189864,1282.1737036300021,1282.4060598800022,-0.3,31.644,0.8,31.379554687499997,long_nclose,25.10364375,0.019578972551790984,3.0
1644284160000.0,172661,1644284160000.0,0.05288906250000025,-0.00126576,1282.2253269325022,1282.3695941200021,-0.2,31.644,0.6,31.379554687499997,long_nclose,18.8277328125,0.014683638216335991,5.0
1644284340000.0,172664,1644284340000.0,0.05288906250000025,-0.00126576,1282.2769502350022,1282.3771283600022,-0.2,31.644,0.4,31.379554687499997,long_nclose,12.551821875,0.009788698044287262,3.0
1644284400000.0,172665,1644284400000.0,0.026444531250000125,-0.00063288,1282.3027618862523,1282.4033954800022,-0.1,31.644,0.3,31.379554687499997,long_nclose,9.41386640625,0.007341375754663674,1.0
1644293760000.0,172821,1644293760000.0,0.08744453125000007,-0.00064508,1282.3895613375023,1282.5706504000023,-0.1,32.254,0.2,31.379554687499997,long_nclose,6.2759109375,0.004893919232276323,156.0
1644295200000.0,172845,1644295200000.0,0.08744453125000007,-0.00064508,1282.4763607887523,1282.5564053200023,-0.1,32.254,0.1,31.379554687499997,long_nclose,3.13795546875,0.0024467940031425496,24.0
1644296880000.0,172873,1644296880000.0,0.08744453125000007,-0.00064508,1282.5631602400024,1282.5631602400024,-0.1,32.254,0.0,31.379554687499997,long_nclose,0.0,0.0,28.0
1644307740000.0,173054,1644307740000.0,0.0,-0.0100416,1282.5531186400024,1282.5931186400023,1.6,31.38,1.6,31.38,long_ientry_normal,50.208,0.03914691662302432,181.0
1644311400000.0,173115,1644311400000.0,0.0,-0.01040264,1282.5427160000024,1280.9385160000024,1.7,30.596,3.3,30.976121212121214,long_rentry,102.2212,0.07970198475635006,61.0
1644333120000.0,173477,1644333120000.0,0.0,-0.010199320000000001,1282.5325166800023,1279.4397166800024,1.7,29.998,5.0,30.643559999999997,long_rentry,153.21779999999998,0.11946504124248143,362.0
1644402060000.0,174626,1644402060000.0,0.4135040000000061,-0.00988864,1282.9361320400023,1283.8250280400023,-1.6,30.902,3.4,30.643559999999997,long_nclose,104.18810399999998,0.08121067089624331,1149.0
1644402600000.0,174635,1644402600000.0,0.2842840000000042,-0.006798440000000001,1283.2136176000024,1283.6769296000025,-1.1,30.902,2.3,30.643559999999997,long_nclose,70.48018799999998,0.05492475066763962,9.0
1644403860000.0,174656,1644403860000.0,0.18090800000000262,-0.00432628,1283.3901993200025,1283.8885033200024,-0.7,30.902,1.6,30.643559999999997,long_nclose,49.029696,0.03820326509114541,21.0
1644403980000.0,174658,1644403980000.0,0.1292200000000019,-0.0030902000000000004,1283.5163291200024,1283.8369131200025,-0.5,30.902,1.1,30.643559999999997,long_nclose,33.707916,0.026262163741314175,2.0
1644404160000.0,174661,1644404160000.0,0.07753200000000113,-0.0018541200000000001,1283.5920070000025,1283.8251590000025,-0.3,30.902,0.8,30.643559999999997,long_nclose,24.514848,0.01909862936689349,3.0
1644406080000.0,174693,1644406080000.0,0.05168800000000076,-0.00123608,1283.6424589200026,1283.8233229200025,-0.2,30.902,0.6,30.643559999999997,long_nclose,18.386135999999997,0.01432340903982659,32.0
1644414360000.0,174831,1644414360000.0,0.25603200000000076,-0.00188982,1283.8966011000025,1284.1250331000026,-0.3,31.497,0.3,30.643559999999997,long_nclose,9.193067999999998,0.0071602868892430005,138.0
1644428220000.0,175062,1644428220000.0,0.02584400000000038,-0.00061804,1283.9218270600024,1283.9761150600025,-0.1,30.902,0.2,30.643559999999997,long_nclose,6.128712,0.0047734308046104915,231.0
1644428940000.0,175074,1644428940000.0,0.02584400000000038,-0.00061804,1283.9470530200024,1283.9721970200023,-0.1,30.902,0.1,30.643559999999997,long_nclose,3.064356,0.0023866685100388334,12.0
1644429540000.0,175084,1644429540000.0,0.02584400000000038,-0.00061804,1283.9722789800023,1283.9722789800023,-0.1,30.902,0.0,30.643559999999997,long_nclose,0.0,0.0,10.0
1644456540000.0,175534,1644456540000.0,0.0,-0.010293499999999999,1283.9619854800023,1283.9279854800022,1.7,30.275,1.7,30.275,long_ientry_normal,51.467499999999994,0.04008490950825086,450.0
1644487140000.0,176044,1644487140000.0,0.12750000000000128,-0.003053,1284.0864324800025,1284.3684324800024,-0.5,30.53,1.2,30.275,long_nclose,36.33,0.028292488014093068,510.0
1644487200000.0,176045,1644487200000.0,0.10200000000000103,-0.0024424000000000004,1284.1859900800025,1284.3539900800024,-0.4,30.53,0.8,30.275,long_nclose,24.22,0.018860196410094097,1.0
1644487740000.0,176054,1644487740000.0,0.05100000000000052,-0.0012212000000000002,1284.2357688800025,1284.4097688800025,-0.2,30.53,0.6,30.275,long_nclose,18.165,0.014144599021597034,9.0
1644487860000.0,176056,1644487860000.0,0.05100000000000052,-0.0012212000000000002,1284.2855476800025,1284.4015476800025,-0.2,30.53,0.4,30.275,long_nclose,12.11,0.009429367185417687,2.0
1644488280000.0,176063,1644488280000.0,0.02550000000000026,-0.0006106000000000001,1284.3104370800024,1284.4019370800024,-0.1,30.53,0.3,30.275,long_nclose,9.0825,0.007071888336164188,7.0
1644491040000.0,176109,1644491040000.0,0.02550000000000026,-0.0006106000000000001,1284.3353264800023,1284.3863264800023,-0.1,30.53,0.2,30.275,long_nclose,6.055,0.004714500859051375,46.0
1644491160000.0,176111,1644491160000.0,0.02550000000000026,-0.0006106000000000001,1284.3602158800022,1284.3872158800023,-0.1,30.53,0.1,30.275,long_nclose,3.0275,0.002357204748767194,2.0
1644496140000.0,176194,1644496140000.0,0.02550000000000026,-0.0006106000000000001,1284.385105280002,1284.385105280002,-0.1,30.53,0.0,30.275,long_nclose,0.0,0.0,83.0
1644499800000.0,176255,1644499800000.0,0.0,-0.010199320000000001,1284.374905960002,1284.199805960002,1.7,29.998,1.7,29.998,long_ientry_normal,50.9966,0.039705384902302146,61.0
1644500160000.0,176261,1644500160000.0,0.0,-0.010528560000000001,1284.364377400002,1283.064977400002,1.8,29.246,3.5,29.611257142857145,long_rentry,103.63940000000001,0.08069314426938719,6.0
1644505320000.0,176347,1644505320000.0,0.2747171428571413,-0.006569420000000001,1284.632525122859,1285.409507980002,-1.1,29.861,2.4,29.611257142857145,long_nclose,71.06701714285714,0.05532089196952293,86.0
1644506700000.0,176370,1644506700000.0,0.1997942857142846,-0.004777760000000001,1284.8275416485733,1285.2415302200018,-0.8,29.861,1.6,29.611257142857145,long_nclose,47.37801142857143,0.03687499675464639,23.0
1644507840000.0,176389,1644507840000.0,0.659794285714284,-0.004869760000000001,1285.4824661742875,1286.193460460002,-0.8,30.436,0.8,29.611257142857145,long_nclose,23.689005714285717,0.018428104884842457,19.0
1644507960000.0,176391,1644507960000.0,0.329897142857142,-0.0024348800000000004,1285.8099284371447,1286.1414255800019,-0.4,30.436,0.4,29.611257142857145,long_nclose,11.844502857142858,0.009211705863509253,2.0
1644512880000.0,176473,1644512880000.0,0.164948571428571,-0.0012174400000000002,1285.9736595685733,1286.1424081400019,-0.2,30.436,0.2,29.611257142857145,long_nclose,5.922251428571429,0.004605266511102773,82.0
1644513180000.0,176478,1644513180000.0,0.0824742857142855,-0.0006087200000000001,1286.0555251342878,1286.1408994200021,-0.1,30.436,0.1,29.611257142857145,long_nclose,2.9611257142857146,0.00230248667838546,5.0
1644514800000.0,176505,1644514800000.0,0.14007428571428557,-0.0006202400000000001,1286.194979180002,1286.194979180002,-0.1,31.012,0.0,29.611257142857145,long_nclose,0.0,0.0,27.0
1644520260000.0,176596,1644520260000.0,0.0,-0.0101201,1286.184859080002,1286.167859080002,1.7,29.765,1.7,29.765,long_ientry_normal,50.6005,0.03934154537956087,91.0
1644536700000.0,176870,1644536700000.0,0.0,-0.01044756,1286.174411520002,1284.923611520002,1.8,29.021,3.5,29.38237142857143,long_rentry,102.8383,0.07995672987963244,274.0
1644539220000.0,176912,1644539220000.0,0.0,-0.010243080000000002,1286.164168440002,1282.762968440002,1.8,28.453,5.3,29.06673584905661,long_rentry,154.05370000000002,0.11977763319814211,42.0
1644588420000.0,177732,1644588420000.0,0.4169490566037659,-0.00996608,1286.5711514166057,1287.536902360002,-1.7,29.312,3.6,29.06673584905661,long_nclose,104.64024905660379,0.08133265613906195,820.0
1644606060000.0,178026,1644606060000.0,0.0,-0.010130759999999999,1286.5610206566057,1283.222971600002,1.8,28.141,5.4,28.758157232704406,long_rentry,155.2940490566038,0.12070476764277248,294.0
1644609120000.0,178077,1644609120000.0,0.0,-0.014381640000000003,1286.5466390166057,1280.624389960002,2.6,27.657,8.0,28.400281132075477,long_rentry,227.20224905660382,0.17659853297682998,51.0
1644618360000.0,178231,1644618360000.0,0.0,-0.021102120000000002,1286.5255368966057,1274.7556878400019,3.9,27.054,11.9,27.95906294593309,long_rentry,332.7128490566038,0.2586134822159717,154.0
1644620940000.0,178274,1644620940000.0,0.0,-0.0304616,1286.4950752966056,1266.1877262400017,5.8,26.26,17.7,27.4023078563053,long_rentry,485.02084905660377,0.3770094875371215,43.0
1644650880000.0,178773,1644650880000.0,1.3610836477987303,-0.03260694000000001,1287.8235520044043,1291.8083193000018,-5.9,27.633,11.8,27.4023078563053,long_nclose,323.34723270440253,0.2510803845768591,499.0
1644652380000.0,178798,1644652380000.0,0.8996993604093301,-0.021553740000000002,1288.7016976248137,1290.1449655600018,-3.9,27.633,7.9,27.4023078563053,long_nclose,216.47823206481186,0.16798164576317356,25.0
1644652440000.0,178799,1644652440000.0,0.5997995736062202,-0.01436916,1289.2871280384202,1290.281896400002,-2.6,27.633,5.3,27.4023078563053,long_nclose,145.23223163841809,0.1126453747036015,1.0
1644652800000.0,178805,1644652800000.0,0.39217664428099,-0.00939522,1289.669909462701,1290.651601180002,-1.7,27.633,3.6,27.4023078563053,long_nclose,98.64830828269908,0.07649112967503265,6.0
1644657660000.0,178886,1644657660000.0,0.27683057243364,-0.0066319199999999995,1289.9401081151348,1290.582569260002,-1.2,27.633,2.4,27.4023078563053,long_nclose,65.76553885513272,0.05098340492042655,81.0
1644658620000.0,178902,1644658620000.0,0.18455371495576003,-0.0044212800000000005,1290.1202405500903,1290.5565479800018,-0.8,27.633,1.6,27.4023078563053,long_nclose,43.84369257008848,0.033984190924246024,16.0
1644658860000.0,178906,1644658860000.0,0.11534607184735002,-0.0027633000000000002,1290.2328233219378,1290.455784680002,-0.5,27.633,1.1,27.4023078563053,long_nclose,30.142538641935833,0.023362092559642385,4.0
1644659100000.0,178910,1644659100000.0,0.06920764310841,-0.0016579799999999999,1290.3003729850464,1290.4625267000022,-0.3,27.633,0.8,27.4023078563053,long_nclose,21.92184628504424,0.01698972327995932,4.0
1644659160000.0,178911,1644659160000.0,0.04613842873894001,-0.0011053200000000001,1290.3454060937852,1290.497021380002,-0.2,27.633,0.6,27.4023078563053,long_nclose,16.44138471378318,0.01274184775342873,1.0
1644659280000.0,178913,1644659280000.0,0.04613842873894001,-0.0011053200000000001,1290.390439202524,1290.489516060002,-0.2,27.633,0.4,27.4023078563053,long_nclose,10.96092314252212,0.008494268718618293,2.0
1644659460000.0,178916,1644659460000.0,0.023069214369470004,-0.0005526600000000001,1290.4129557568936,1290.500763400002,-0.1,27.633,0.3,27.4023078563053,long_nclose,8.22069235689159,0.006370590375907789,3.0
1644661980000.0,178958,1644661980000.0,0.023069214369470004,-0.0005526600000000001,1290.435472311263,1290.468010740002,-0.1,27.633,0.2,27.4023078563053,long_nclose,5.48046157126106,0.004246986144487455,42.0
1644662760000.0,178971,1644662760000.0,0.023069214369470004,-0.0005526600000000001,1290.4579888656326,1290.4792580800022,-0.1,27.633,0.1,27.4023078563053,long_nclose,2.74023078563053,0.0021234560204778995,13.0
1644663000000.0,178975,1644663000000.0,0.023069214369470004,-0.0005526600000000001,1290.4805054200021,1290.4805054200021,-0.1,27.633,0.0,27.4023078563053,long_nclose,0.0,0.0,4.0
1644701520000.0,179617,1644701520000.0,0.0,-0.01029838,1290.4702070400022,1290.515807040002,1.9,27.101,1.9,27.101,long_ientry_normal,51.491899999999994,0.03990165733318928,642.0
1644712740000.0,179804,1644712740000.0,0.13680000000000092,-0.0032794800000000004,1290.6037275600022,1290.8364275600022,-0.6,27.329,1.3,27.101,long_nclose,35.2313,0.027298309502489824,187.0
1644712860000.0,179806,1644712860000.0,0.09120000000000061,-0.0021863200000000003,1290.6927412400023,1290.9348412400022,-0.4,27.329,0.9,27.101,long_nclose,24.3909,0.018897526282333488,2.0
1644713880000.0,179823,1644713880000.0,0.06840000000000046,-0.0016397400000000002,1290.7595015000024,1290.8969015000025,-0.3,27.329,0.6,27.101,long_nclose,16.2606,0.012597699246918904,17.0
1644754740000.0,180504,1644754740000.0,0.04560000000000031,-0.0010931600000000001,1290.8040083400024,1290.8896083400025,-0.2,27.329,0.4,27.101,long_nclose,10.8404,0.00839817658603412,681.0
1644754800000.0,180505,1644754800000.0,0.022800000000000153,-0.0005465800000000001,1290.8262617600024,1290.9039617600024,-0.1,27.329,0.3,27.101,long_nclose,8.1303,0.0062985238531749295,1.0
1644757380000.0,180548,1644757380000.0,0.022800000000000153,-0.0005465800000000001,1290.8485151800023,1290.9023151800022,-0.1,27.329,0.2,27.101,long_nclose,5.4202,0.004198943513712127,43.0
1644760020000.0,180592,1644760020000.0,0.022800000000000153,-0.0005465800000000001,1290.8707686000023,1290.8926686000023,-0.1,27.329,0.1,27.101,long_nclose,2.7101,0.002099435563901726,44.0
1644760080000.0,180593,1644760080000.0,0.022800000000000153,-0.0005465800000000001,1290.8930220200023,1290.8930220200023,-0.1,27.329,0.0,27.101,long_nclose,0.0,0.0,1.0
1644768240000.0,180729,1644768240000.0,0.0,-0.0101688,1290.8828532200023,1290.8828532200023,1.9,26.76,1.9,26.76,long_ientry_normal,50.844,0.03938699772266227,136.0
1644780360000.0,180931,1644780360000.0,0.0,-0.0104364,1290.8724168200024,1289.6949168200024,2.0,26.091,3.9,26.41692307692308,long_rentry,103.02600000000001,0.07981114063448598,202.0
1644806700000.0,181370,1644806700000.0,0.0,-0.0102328,1290.8621840200024,1287.7121840200023,2.0,25.582,5.9,26.133898305084745,long_rentry,154.19,0.11944729802202554,439.0
1644843660000.0,181986,1644843660000.0,0.4181932203389824,-0.010014519999999999,1291.2703627203414,1292.1747695000024,-1.9,26.354,4.0,26.133898305084745,long_nclose,104.53559322033898,0.08095562032424569,616.0
1644854760000.0,182171,1644854760000.0,1.456203389830506,-0.0107448,1292.7158213101718,1294.2780247000023,-2.0,26.862,2.0,26.133898305084745,long_nclose,52.26779661016949,0.04043254963584796,185.0
1644858000000.0,182225,1644858000000.0,0.728101694915253,-0.0053724,1293.4385506050871,1294.1546523000025,-1.0,26.862,1.0,26.133898305084745,long_nclose,26.133898305084745,0.020204978653882686,54.0
1644858060000.0,182226,1644858060000.0,0.3640508474576265,-0.0026862,1293.7999152525447,1294.1679661000023,-0.5,26.862,0.5,26.133898305084745,long_nclose,13.066949152542373,0.01009966765223644,1.0
1644866820000.0,182372,1644866820000.0,0.0,-0.007818600000000002,1293.7920966525446,1293.7721475000023,1.5,26.062,2.0,26.079974576271187,long_ientry_partial,52.159949152542374,0.040315557103414765,146.0
1644866940000.0,182374,1644866940000.0,0.1320152542372881,-0.003156,1293.920955906782,1294.1309915000022,-0.6,26.3,1.4,26.079974576271187,long_nclose,36.51196440677966,0.028218079504858173,2.0
1644867120000.0,182377,1644867120000.0,0.0,-0.0031273200000000003,1293.917828586782,1293.8492641800024,0.6,26.061,2.0,26.07428220338983,long_ientry_partial,52.14856440677966,0.040302840918218404,3.0
1644868680000.0,182403,1644868680000.0,0.13183067796610146,-0.00315528,1294.046503984748,1294.3135089000023,-0.6,26.294,1.4,26.07428220338983,long_nclose,36.50399508474576,0.028209183342591843,26.0
1644868740000.0,182404,1644868740000.0,0.08788711864406765,-0.00210352,1294.132287583392,1294.3580053800022,-0.4,26.294,1.0,26.07428220338983,long_nclose,26.07428220338983,0.02014808103743385,1.0
1644870660000.0,182436,1644870660000.0,0.3633588983050835,-0.0026801,1294.4929663816972,1294.9133252800023,-0.5,26.801,0.5,26.07428220338983,long_nclose,13.037141101694916,0.010071233633764491,32.0
1644871740000.0,182454,1644871740000.0,0.6163588983050836,-0.0027307,1295.1065945800024,1295.1065945800024,-0.5,27.307,0.0,26.07428220338983,long_nclose,0.0,0.0,18.0
1645018500000.0,184900,1645018500000.0,0.0,-0.01062594,1295.0959686400024,1295.0902686400025,1.9,27.963,1.9,27.963,long_ientry_normal,53.1297,0.04102375521699153,2446.0
1645038000000.0,185225,1645038000000.0,0.1416000000000004,-0.00338388,1295.2341847600023,1295.6072847600024,-0.6,28.199,1.3,27.963,long_nclose,36.3519,0.02806588988132347,325.0
1645038300000.0,185230,1645038300000.0,0.09440000000000026,-0.0022559200000000007,1295.3263288400024,1295.5621288400023,-0.4,28.199,0.9,27.963,long_nclose,25.166700000000002,0.01942884927116198,5.0
1645038420000.0,185232,1645038420000.0,0.0708000000000002,-0.00169194,1295.3954369000023,1295.5616369000022,-0.3,28.199,0.6,27.963,long_nclose,16.7778,0.012951875174233114,2.0
1645038780000.0,185238,1645038780000.0,0.04720000000000013,-0.0011279600000000003,1295.4415089400022,1295.5543089400023,-0.2,28.199,0.4,27.963,long_nclose,11.185200000000002,0.00863427636277636,6.0
1645041780000.0,185288,1645041780000.0,0.1558,-0.0011496800000000001,1295.5961592600022,1295.7565592600022,-0.2,28.742,0.2,27.963,long_nclose,5.592600000000001,0.004316622861242729,50.0
1645042740000.0,185304,1645042740000.0,0.0779,-0.0005748400000000001,1295.6734844200023,1295.7516844200022,-0.1,28.742,0.1,27.963,long_nclose,2.7963000000000005,0.002158182623650542,16.0
1645043100000.0,185310,1645043100000.0,0.0779,-0.0005748400000000001,1295.7508095800024,1295.7508095800024,-0.1,28.742,0.0,27.963,long_nclose,0.0,0.0,6.0
1645120320000.0,186597,1645120320000.0,0.0,-0.010406880000000002,1295.7404027000025,1295.7800027000026,1.8,28.908,1.8,28.908,long_ientry_normal,52.034400000000005,0.04015804391957925,1287.0
1645123800000.0,186655,1645123800000.0,0.14639999999999986,-0.00349824,1295.8833044600026,1296.1797044600025,-0.6,29.152,1.2,28.908,long_nclose,34.6896,0.02676907703078653,58.0
1645124040000.0,186659,1645124040000.0,0.09759999999999991,-0.0023321600000000007,1295.9785723000027,1296.1841723000027,-0.4,29.152,0.8,28.908,long_nclose,23.126400000000004,0.017844739484355096,4.0
1645124220000.0,186662,1645124220000.0,0.048799999999999955,-0.0011660800000000003,1296.0262062200027,1296.2074062200027,-0.2,29.152,0.6,28.908,long_nclose,17.3448,0.013383062716446098,3.0
1645124580000.0,186668,1645124580000.0,0.048799999999999955,-0.0011660800000000003,1296.0738401400026,1296.1966401400027,-0.2,29.152,0.4,28.908,long_nclose,11.563200000000002,0.008921713903855153,6.0
1645125120000.0,186677,1645125120000.0,0.0,-0.008078,1296.0657621400026,1295.8985621400025,1.4,28.85,1.8,28.862888888888886,long_ientry_partial,51.953199999999995,0.04008531165441584,9.0
1645128600000.0,186735,1645128600000.0,0.0,-0.01012968,1296.0556324600025,1294.4340324600025,1.8,28.138,3.6,28.500444444444444,long_rentry,102.6016,0.07916450299687763,58.0
1645132140000.0,186794,1645132140000.0,0.0,-0.010489140000000001,1296.0451433200026,1292.9353433200026,1.9,27.603,5.5,28.19041818181818,long_rentry,155.0473,0.11963109525863,59.0
1645134720000.0,186837,1645134720000.0,0.42764727272727543,-0.010234080000000001,1296.4625565127299,1297.3675092400026,-1.8,28.428,3.7,28.19041818181818,long_nclose,104.30454727272728,0.08045318914052503,43.0
1645135080000.0,186843,1645135080000.0,0.2850981818181836,-0.00682272,1296.7408319745482,1297.3147865200028,-1.2,28.428,2.5,28.19041818181818,long_nclose,70.47604545454546,0.054348597435026035,6.0
1645135200000.0,186845,1645135200000.0,0.19006545454545576,-0.004548480000000001,1296.9263489490936,1297.3931380400027,-0.8,28.428,1.7,28.19041818181818,long_nclose,47.92371090909091,0.03695175978799702,2.0
1645135620000.0,186852,1645135620000.0,0.11879090909090984,-0.0028428000000000004,1297.0422970581844,1297.3357952400027,-0.5,28.428,1.2,28.19041818181818,long_nclose,33.82850181818181,0.02608126342133027,7.0
1645135740000.0,186854,1645135740000.0,0.09503272727272788,-0.0022742400000000003,1297.1350555454574,1297.382721000003,-0.4,28.428,0.8,28.19041818181818,long_nclose,22.552334545454546,0.0173862655619704,2.0
1645135860000.0,186856,1645135860000.0,0.04751636363636394,-0.0011371200000000001,1297.1814347890936,1297.3401838800028,-0.2,28.428,0.6,28.19041818181818,long_nclose,16.914250909090907,0.013039232951896945,2.0
1645136280000.0,186863,1645136280000.0,0.0,-0.0067668,1297.1746679890937,1297.1774170800027,1.2,28.195,1.8,28.193472727272727,long_ientry_partial,50.74825090909091,0.039122141498308685,7.0
1645137900000.0,186890,1645137900000.0,0.14251636363636422,-0.00341172,1297.31377263273,1297.6156053600027,-0.6,28.431,1.2,28.193472727272727,long_nclose,33.83216727272727,0.0260786310809522,27.0
1645138620000.0,186902,1645138620000.0,0.09501090909090948,-0.00227448,1297.4065090618208,1297.6237308800025,-0.4,28.431,0.8,28.193472727272727,long_nclose,22.554778181818183,0.017384511349590785,12.0
1645140660000.0,186936,1645140660000.0,0.0,-0.0056176,1297.4008914618207,1297.3111132800025,1.0,28.088,1.8,28.134876767676772,long_ientry_partial,50.642778181818194,0.03903402449859384,34.0
1645148160000.0,187061,1645148160000.0,0.14227393939393665,-0.00340464,1297.5397607612147,1297.9239086400025,-0.6,28.372,1.2,28.134876767676772,long_nclose,33.76185212121212,0.02601989791927871,125.0
1645149120000.0,187077,1645149120000.0,0.0948492929292911,-0.0022697600000000004,1297.632340294144,1297.8564388800025,-0.4,28.372,0.8,28.134876767676772,long_nclose,22.50790141414142,0.017345361020394565,16.0
1645149480000.0,187083,1645149480000.0,0.04742464646464555,-0.0011348800000000002,1297.6786300606084,1297.8107040000023,-0.2,28.372,0.6,28.134876767676772,long_nclose,16.88092606060606,0.013008556717788928,6.0
1645149660000.0,187086,1645149660000.0,0.04742464646464555,-0.0011348800000000002,1297.7249198270729,1297.8309691200022,-0.2,28.372,0.4,28.134876767676772,long_nclose,11.25395070707071,0.008672061802258019,3.0
1645149780000.0,187088,1645149780000.0,0.023712323232322776,-0.0005674400000000001,1297.7480647103052,1297.8246016800022,-0.1,28.372,0.3,28.134876767676772,long_nclose,8.44046303030303,0.006503930354299688,2.0
1645150260000.0,187096,1645150260000.0,0.023712323232322776,-0.0005674400000000001,1297.7712095935376,1297.8232342400022,-0.1,28.372,0.2,28.134876767676772,long_nclose,5.626975353535355,0.004335876240695558,8.0
1645150380000.0,187098,1645150380000.0,0.023712323232322776,-0.0005674400000000001,1297.79435447677,1297.8228668000022,-0.1,28.372,0.1,28.134876767676772,long_nclose,2.8134876767676773,0.002167899457308078,2.0
1645151460000.0,187116,1645151460000.0,0.023712323232322776,-0.0005674400000000001,1297.8174993600023,1297.8174993600023,-0.1,28.372,0.0,28.134876767676772,long_nclose,0.0,0.0,18.0
1645182480000.0,187633,1645182480000.0,0.0,-0.01010952,1297.8073898400023,1297.8037898400023,1.8,28.082,1.8,28.082,long_ientry_normal,50.5476,0.03894846060803496,517.0
1645184880000.0,187673,1645184880000.0,0.142199999999999,-0.00339828,1297.9461915600023,1298.2317915600022,-0.6,28.319,1.2,28.082,long_nclose,33.6984,0.02596286365268954,40.0
1645185900000.0,187690,1645185900000.0,0.09479999999999933,-0.00226552,1298.0387260400023,1298.2531260400024,-0.4,28.319,0.8,28.082,long_nclose,22.465600000000002,0.01730734187610645,17.0
1645188000000.0,187725,1645188000000.0,0.047399999999999665,-0.00113276,1298.0849932800022,1298.2307932800022,-0.2,28.319,0.6,28.082,long_nclose,16.8492,0.01298004374692402,35.0
1645188120000.0,187727,1645188120000.0,0.047399999999999665,-0.00113276,1298.1312605200021,1298.228460520002,-0.2,28.319,0.4,28.082,long_nclose,11.232800000000001,0.008653054079831954,2.0
1645188480000.0,187733,1645188480000.0,0.023699999999999832,-0.00056638,1298.154394140002,1298.237794140002,-0.1,28.319,0.3,28.082,long_nclose,8.4246,0.00648967490926309,6.0
1645189920000.0,187757,1645189920000.0,0.023699999999999832,-0.00056638,1298.177527760002,1298.224127760002,-0.1,28.319,0.2,28.082,long_nclose,5.6164000000000005,0.004326372841849347,24.0
1645189980000.0,187758,1645189980000.0,0.023699999999999832,-0.00056638,1298.200661380002,1298.227461380002,-0.1,28.319,0.1,28.082,long_nclose,2.8082000000000003,0.0021631478734688457,1.0
1645190340000.0,187764,1645190340000.0,0.023699999999999832,-0.00056638,1298.223795000002,1298.223795000002,-0.1,28.319,0.0,28.082,long_nclose,0.0,0.0,6.0
1645194900000.0,187840,1645194900000.0,0.0,-0.01060732,1298.213187680002,1298.063087680002,1.9,27.914,1.9,27.914,long_ientry_normal,53.0366,0.04085353661734104,76.0
1645196280000.0,187863,1645196280000.0,0.14099999999999965,-0.0033778799999999998,1298.350809800002,1298.521109800002,-0.6,28.149,1.3,27.914,long_nclose,36.2882,0.02794945690031944,23.0
1645196340000.0,187864,1645196340000.0,0.09399999999999978,-0.00225192,1298.4425578800021,1298.659457880002,-0.4,28.149,0.9,27.914,long_nclose,25.122600000000002,0.01934825676156076,1.0
1645196640000.0,187869,1645196640000.0,0.07049999999999983,-0.0016889399999999999,1298.5113689400023,1298.6259689400024,-0.3,28.149,0.6,27.914,long_nclose,16.7484,0.01289815430239322,5.0
1645197840000.0,187889,1645197840000.0,0.0,-0.0072334600000000015,1298.5041354800023,1298.3514354800022,1.3,27.821,1.9,27.850368421052632,long_ientry_partial,52.9157,0.040751275682644854,20.0
1645199280000.0,187913,1645199280000.0,0.0,-0.010316239999999999,1298.4938192400023,1296.9959192400022,1.9,27.148,3.8,27.499184210526316,long_rentry,104.4969,0.080475469695467,24.0
1645270320000.0,189097,1645270320000.0,0.0,-0.0106508,1298.4831684400024,1294.2582684400024,2.0,26.627,5.8,27.19843103448276,long_rentry,157.7509,0.12148859826155615,1184.0
1645275840000.0,189189,1645275840000.0,0.0,-0.014646240000000001,1298.4685222000023,1292.5484222000023,2.8,26.154,8.6,26.85838372093023,long_rentry,230.98209999999997,0.17788810129077734,92.0
1645337400000.0,190215,1645337400000.0,0.0,-0.021487199999999998,1298.4470350000024,1287.1969350000024,4.2,25.58,12.8,26.438914062499997,long_rentry,338.4181,0.26063296451672313,1026.0
1645397940000.0,191224,1645397940000.0,0.9369609375000096,-0.022396080000000002,1299.3615998575026,1301.3059389200025,-4.2,26.662,8.6,26.438914062499997,long_nclose,227.37466093749995,0.17498951867011886,1009.0
1645398600000.0,191235,1645398600000.0,0.6246406250000063,-0.01493072,1299.9713097625026,1301.0796082000027,-2.8,26.662,5.8,26.438914062499997,long_nclose,153.34570156249998,0.11796083529760004,11.0
1645405560000.0,191351,1645405560000.0,0.4238632812500043,-0.01013156,1300.3850414837527,1300.9937766400028,-1.9,26.662,3.9,26.438914062499997,long_nclose,103.11176484374998,0.07929325665427403,116.0
1645405680000.0,191353,1645405680000.0,0.290011718750003,-0.006932120000000001,1300.6681210825027,1301.2949445200027,-1.3,26.662,2.6,26.438914062499997,long_nclose,68.74117656249999,0.05285066609096946,2.0
1645419360000.0,191581,1645419360000.0,0.9569117187500051,-0.007065500000000001,1301.6179673012527,1302.5683790200028,-1.3,27.175,1.3,26.438914062499997,long_nclose,34.370588281249994,0.026406049351418562,228.0
1645430220000.0,191762,1645430220000.0,0.44165156250000237,-0.003261,1302.0563578637527,1302.5751180200027,-0.6,27.175,0.7,26.438914062499997,long_nclose,18.507239843749996,0.014213854670710494,181.0
1645430940000.0,191774,1645430940000.0,0.22082578125000119,-0.0016305,1302.2755531450027,1302.5659875200026,-0.3,27.175,0.4,26.438914062499997,long_nclose,10.575565625,0.008120835563149404,12.0
1645431000000.0,191775,1645431000000.0,0.1472171875000008,-0.001087,1302.4216833325027,1302.5729005200026,-0.2,27.175,0.2,26.438914062499997,long_nclose,5.2877828125,0.004059962207455088,1.0
1645431240000.0,191779,1645431240000.0,0.0736085937500004,-0.0005435,1302.4947484262525,1302.5693570200026,-0.1,27.175,0.1,26.438914062499997,long_nclose,2.64389140625,0.002029867229364647,4.0
1645437720000.0,191887,1645437720000.0,0.02230859375000023,-0.00053324,1302.5165237800024,1302.5165237800024,-0.1,26.662,0.0,26.438914062499997,long_nclose,0.0,0.0,108.0
1645439880000.0,191923,1645439880000.0,0.0,-0.0104576,1302.5060661800023,1302.4580661800023,2.0,26.144,2.0,26.144,long_ientry_normal,52.288,0.0401441508471055,36.0
1645444140000.0,191994,1645444140000.0,0.0,-0.0101948,1302.4958713800024,1301.1538713800023,2.0,25.487,4.0,25.8155,long_rentry,103.262,0.07928009774848137,71.0
1645445940000.0,192024,1645445940000.0,0.0,-0.01050084,1302.4853705400024,1299.8901705400024,2.1,25.002,6.1,25.53544262295082,long_rentry,155.7662,0.1195915159764292,30.0
1645453080000.0,192143,1645453080000.0,0.43111475409835975,-0.010300400000000001,1302.9061848941008,1304.1138701400023,-2.0,25.751,4.1,25.53544262295082,long_nclose,104.69531475409836,0.08035522124918604,119.0
1645455900000.0,192190,1645455900000.0,1.423114754098357,-0.0104988,1304.318800848199,1305.8508713400024,-2.0,26.247,2.1,25.53544262295082,long_nclose,53.62442950819673,0.0411129774970082,47.0
1645456140000.0,192194,1645456140000.0,0.7115573770491785,-0.0052494,1305.0251088252483,1305.9046219400022,-1.0,26.247,1.1,25.53544262295082,long_nclose,28.088986885245905,0.021523713754849457,4.0
1645457880000.0,192223,1645457880000.0,0.35577868852458927,-0.0026247,1305.3782628137728,1305.8399972400023,-0.5,26.247,0.6,25.53544262295082,long_nclose,15.321265573770493,0.011737031334308534,29.0
1645459680000.0,192253,1645459680000.0,0.21346721311475356,-0.00157482,1305.5901552068874,1305.809022420002,-0.3,26.247,0.3,25.53544262295082,long_nclose,7.660632786885246,0.005867563229037463,30.0
1645460100000.0,192260,1645460100000.0,0.07115573770491786,-0.0005249400000000001,1305.6607860045922,1305.810697480002,-0.1,26.247,0.2,25.53544262295082,long_nclose,5.107088524590164,0.00391149721224162,7.0
1645465740000.0,192354,1645465740000.0,0.02155573770491799,-0.0005150200000000001,1305.681826722297,1305.706782460002,-0.1,25.751,0.1,25.53544262295082,long_nclose,2.553544262295082,0.0019557170897486886,94.0
1645466640000.0,192369,1645466640000.0,0.0,-0.00971812,1305.6721086022972,1305.497964340002,1.9,25.574,2.0,25.572072131147543,long_ientry_partial,51.144144262295086,0.039170741203198516,15.0
1645480440000.0,192599,1645480440000.0,0.0,-0.010471860000000001,1305.661636742297,1304.289192480002,2.1,24.933,4.1,25.244742502998804,long_rentry,103.50344426229509,0.07927279269730425,230.0
1645482480000.0,192633,1645482480000.0,0.0,-0.010268580000000001,1305.651368162297,1301.837023900002,2.1,24.449,6.2,24.97521681649921,long_rentry,154.8463442622951,0.11859700685661684,34.0
1645486080000.0,192693,1645486080000.0,0.0,-0.014416800000000002,1305.6369513622972,1300.426607100002,3.0,24.028,9.2,24.666341767640773,long_rentry,226.9303442622951,0.17380815089946464,60.0
1645499160000.0,192911,1645499160000.0,0.0,-0.021158100000000003,1305.615793262297,1293.474949000002,4.5,23.509,13.7,24.28619301184636,long_rentry,332.72084426229515,0.2548382502565606,218.0
1645538340000.0,193564,1645538340000.0,0.9216314466913733,-0.0220419,1306.5153828089885,1307.746407100002,-4.5,24.491,9.2,24.28619301184636,long_nclose,223.4329757089865,0.1710144240541653,653.0
1645540620000.0,193602,1645540620000.0,0.6144209644609155,-0.0146946,1307.1151091734494,1308.4407125000018,-3.0,24.491,6.2,24.28619301184636,long_nclose,150.57439667344744,0.11519597288463963,38.0
1645540740000.0,193604,1645540740000.0,0.40961397630727703,-0.0097964,1307.5149267497568,1307.971916100002,-2.0,24.491,4.2,24.28619301184636,long_nclose,102.00201064975472,0.07801211945114316,2.0
1645540860000.0,193606,1645540860000.0,0.2867297834150939,-0.00685748,1307.7947990531718,1308.365458620002,-1.4,24.491,2.8,24.28619301184636,long_nclose,68.0013404331698,0.051996949737376216,2.0
1645540920000.0,193607,1645540920000.0,0.18432628933827466,-0.004408380000000001,1307.97471696251,1308.437950240002,-0.9,24.491,1.9,24.28619301184636,long_nclose,46.14376672250808,0.03527879103784747,1.0
1645559580000.0,193918,1645559580000.0,0.12288419289218311,-0.00293892,1308.0946622354022,1308.366111320002,-0.6,24.491,1.3,24.28619301184636,long_nclose,31.572050915400272,0.024135906847480605,311.0
1645559820000.0,193922,1645559820000.0,0.0819227952614554,-0.0019592800000000003,1308.1746257506638,1308.3670520400021,-0.4,24.491,0.9,24.28619301184636,long_nclose,21.857573710661725,0.016708452587604117,4.0
1645560060000.0,193926,1645560060000.0,0.061442096446091554,-0.00146946,1308.23459838711,1308.3418825800022,-0.3,24.491,0.6,24.28619301184636,long_nclose,14.571715807107816,0.011138457754498255,4.0
1645560120000.0,193927,1645560120000.0,0.0409613976307277,-0.0009796400000000002,1308.2745801447409,1308.3821029400024,-0.2,24.491,0.4,24.28619301184636,long_nclose,9.714477204738545,0.007425411570454716,1.0
1645560600000.0,193935,1645560600000.0,0.02048069881536385,-0.0004898200000000001,1308.2945710235563,1308.3677131200025,-0.1,24.491,0.3,24.28619301184636,long_nclose,7.285857903553908,0.005568973582037989,8.0
1645560900000.0,193940,1645560900000.0,0.02048069881536385,-0.0004898200000000001,1308.3145619023717,1308.3563233000025,-0.1,24.491,0.2,24.28619301184636,long_nclose,4.857238602369272,0.003712592325890298,5.0
1645561020000.0,193942,1645561020000.0,0.02048069881536385,-0.0004898200000000001,1308.334552781187,1308.3544334800024,-0.1,24.491,0.1,24.28619301184636,long_nclose,2.428619301184636,0.0018562677994110972,2.0
1645563600000.0,193985,1645563600000.0,0.02048069881536385,-0.0004898200000000001,1308.3545436600025,1308.3545436600025,-0.1,24.491,0.0,24.28619301184636,long_nclose,0.0,0.0,43.0
1645658280000.0,195563,1645658280000.0,0.0,-0.010623480000000001,1308.3439201800024,1308.4300201800024,2.1,25.294,2.1,25.294,long_ientry_normal,53.1174,0.04059895810322724,1578.0
1645658580000.0,195568,1645658580000.0,0.14910000000000068,-0.0035709800000000005,1308.4894492000026,1308.7428492000026,-0.7,25.507,1.4,25.294,long_nclose,35.4116,0.027062961815741273,5.0
1645658700000.0,195570,1645658700000.0,0.08520000000000039,-0.0020405600000000003,1308.5726086400025,1308.6386086400025,-0.4,25.507,1.0,25.294,long_nclose,25.294,0.019329458551243874,2.0
1645659180000.0,195578,1645659180000.0,0.0,-0.005563360000000001,1308.5670452800025,1308.4392452800025,1.1,25.288,2.1,25.290857142857142,long_ientry_partial,53.1108,0.04058699184850367,8.0
1645661580000.0,195618,1645661580000.0,0.1492000000000015,-0.00357056,1308.7126747200025,1309.0194747200026,-0.7,25.504,1.4,25.290857142857142,long_nclose,35.407199999999996,0.027054983636935682,40.0
1645662000000.0,195625,1645662000000.0,0.0,-0.0035365399999999995,1308.7091381800026,1308.7072381800026,0.7,25.261,2.1,25.280904761904758,long_ientry_partial,53.08989999999999,0.040566615186802414,7.0
1645662480000.0,195633,1645662480000.0,0.14916666666666956,-0.0035691599999999996,1308.854735686669,1309.0704690200025,-0.7,25.494,1.4,25.280904761904758,long_nclose,35.393266666666655,0.027041401693900097,8.0
1645662600000.0,195635,1645662600000.0,0.0,-0.00353598,1308.8511997066691,1308.7925330400026,0.7,25.257,2.1,25.272936507936503,long_ientry_partial,53.07316666666666,0.04054942737460229,2.0
1645666020000.0,195692,1645666020000.0,0.0,-0.01034712,1308.8408525866691,1307.4150859200024,2.1,24.636,4.2,24.95446825396825,long_rentry,104.80876666666666,0.08007754835855906,57.0
1645669380000.0,195748,1645669380000.0,0.29474444444444714,-0.007046199999999999,1309.1285508311134,1309.6760397200023,-1.4,25.165,2.8,24.95446825396825,long_nclose,69.8725111111111,0.053373300174953654,56.0
1645669440000.0,195749,1645669440000.0,0.18947857142857316,-0.0045297,1309.313499702542,1309.7135100200023,-0.9,25.165,1.9,24.95446825396825,long_nclose,47.41348968253968,0.036212480581091826,1.0
1645669500000.0,195750,1645669500000.0,0.12631904761904877,-0.0030198,1309.4367989501611,1309.6909902200023,-0.6,25.165,1.3,24.95446825396825,long_nclose,32.44080873015873,0.024774627348313486,1.0
1645669620000.0,195752,1645669620000.0,0.08421269841269918,-0.0020132,1309.518998448574,1309.6949770200026,-0.4,25.165,0.9,24.95446825396825,long_nclose,22.459021428571425,0.017150588464298185,2.0
1645670820000.0,195772,1645670820000.0,0.06315952380952439,-0.0015099,1309.5806480723834,1309.6949671200025,-0.3,25.165,0.6,24.95446825396825,long_nclose,14.97268095238095,0.011433187390497677,20.0
1645670940000.0,195774,1645670940000.0,0.04210634920634959,-0.0010066,1309.6217478215897,1309.6919605200023,-0.2,25.165,0.4,24.95446825396825,long_nclose,9.981787301587302,0.007621885722492694,2.0
1645671060000.0,195776,1645671060000.0,0.0,-0.00849966,1309.6132481615896,1309.4336608600022,1.7,24.999,2.1,24.990517762660616,long_ientry_partial,52.4800873015873,0.04007296610297571,2.0
1645671480000.0,195783,1645671480000.0,0.0,-0.010719720000000002,1309.6025284415896,1308.4868411400023,2.2,24.363,4.3,24.669462163159835,long_rentry,106.07868730158728,0.08100067386691714,7.0
1645672980000.0,195808,1645672980000.0,0.0,-0.010509400000000002,1309.5920190415895,1305.8938317400023,2.2,23.885,6.5,24.40395189255189,long_rentry,158.6256873015873,0.1211260339060983,25.0
1645673640000.0,195819,1645673640000.0,0.0,-0.015019520000000001,1309.5769995215896,1302.3972122200023,3.2,23.468,9.7,24.0951842578956,long_rentry,233.7232873015873,0.17847235205487752,11.0
1645674180000.0,195828,1645674180000.0,0.0,-0.02202816,1309.5549713615897,1297.6683840600024,4.8,22.946,14.5,23.71476464148878,long_rentry,343.86408730158735,0.26258087275562014,9.0
1645681020000.0,195942,1645681020000.0,0.0,-0.03160636,1309.5233650015896,1285.4194777000023,7.1,22.258,21.6,23.23592070840682,long_rentry,501.8958873015873,0.3832660804039782,114.0
1645716000000.0,196525,1645716000000.0,1.4117708994708893,-0.03374208,1310.9013938210605,1313.4801356200023,-7.2,23.432,14.4,23.23592070840682,long_nclose,334.5972582010582,0.2552421255924998,583.0
1645716060000.0,196526,1645716060000.0,0.9411805996472594,-0.02249472,1311.8200797007078,1312.6272409000023,-4.8,23.432,9.6,23.23592070840682,long_nclose,223.06483880070547,0.17004225065040765,1.0
1645718220000.0,196562,1645718220000.0,0.627453733098173,-0.01499648,1312.432536953806,1313.2266444200022,-3.2,23.432,6.4,23.23592070840682,long_nclose,148.70989253380364,0.11330859937301128,36.0
1645718820000.0,196572,1645718820000.0,0.411766512345676,-0.00984144,1312.8344620261516,1313.6690029800022,-2.1,23.432,4.3,23.23592070840682,long_nclose,99.91445904614932,0.07610590819801243,10.0
1645718880000.0,196573,1645718880000.0,0.27451100823045066,-0.006560959999999999,1313.1024120743823,1313.9407420200025,-1.4,23.432,2.9,23.23592070840682,long_nclose,67.38417005437978,0.05131676663964785,1.0
1645720320000.0,196597,1645720320000.0,0.17647136243386116,-0.00421776,1313.274665676816,1313.4528242600024,-0.9,23.432,2.0,23.23592070840682,long_nclose,46.47184141681364,0.03538623155641525,24.0
1645720440000.0,196599,1645720440000.0,0.11764757495590743,-0.00281184,1313.389501411772,1313.6752124200025,-0.6,23.432,1.4,23.23592070840682,long_nclose,32.530288991769545,0.024768196301860567,2.0
1645720560000.0,196601,1645720560000.0,0.07843171663727162,-0.00187456,1313.4660585684092,1313.6651378600022,-0.4,23.432,1.0,23.23592070840682,long_nclose,23.23592070840682,0.017690537609881166,2.0
1645720740000.0,196604,1645720740000.0,0.058823787477953714,-0.00140592,1313.523476435887,1313.6803319400021,-0.3,23.432,0.7,23.23592070840682,long_nclose,16.265144495884773,0.01238283501412445,3.0
1645728480000.0,196733,1645728480000.0,0.03921585831863581,-0.00093728,1313.5617550142056,1313.6837946600021,-0.2,23.432,0.5,23.23592070840682,long_nclose,11.61796035420341,0.00884462440372875,129.0
1645731000000.0,196775,1645731000000.0,0.12941585831863592,-0.0009553200000000001,1313.6902155525243,1313.880439340002,-0.2,23.883,0.3,23.23592070840682,long_nclose,6.970776212522046,0.005306255713863417,42.0
1645731120000.0,196777,1645731120000.0,0.06470792915931796,-0.00047766000000000003,1313.7544458216837,1313.8872616800024,-0.1,23.883,0.2,23.23592070840682,long_nclose,4.647184141681364,0.0035373308584883962,2.0
1645732800000.0,196805,1645732800000.0,0.21981585831863626,-0.0009734000000000002,1313.9732882800024,1313.9732882800024,-0.2,24.335,0.0,23.23592070840682,long_nclose,0.0,0.0,28.0
1645927200000.0,200045,1645927200000.0,0.0,-0.01072436,1313.9625639200024,1313.9682639200023,1.9,28.222,1.9,28.222,long_ientry_normal,53.6218,0.04080922963286543,3240.0
1645930920000.0,200107,1645930920000.0,0.14279999999999973,-0.0034152,1314.1019487200024,1314.4698487200023,-0.6,28.46,1.3,28.222,long_nclose,36.6886,0.02791914283038423,62.0
1645934460000.0,200166,1645934460000.0,0.09519999999999983,-0.0022768000000000003,1314.1948719200025,1314.3865719200026,-0.4,28.46,0.9,28.222,long_nclose,25.399800000000003,0.01932727066792735,59.0
1645934700000.0,200170,1645934700000.0,0.07139999999999987,-0.0017076,1314.2645643200026,1314.4433643200025,-0.3,28.46,0.6,28.222,long_nclose,16.9332,0.012884163858409434,4.0
1645935000000.0,200175,1645935000000.0,0.04759999999999991,-0.0011384000000000001,1314.3110259200027,1314.4442259200027,-0.2,28.46,0.4,28.222,long_nclose,11.288800000000002,0.0085891389308691,5.0
1645935660000.0,200186,1645935660000.0,0.023799999999999957,-0.0005692000000000001,1314.3342567200027,1314.4146567200028,-0.1,28.46,0.3,28.222,long_nclose,8.4666,0.006441740338663082,11.0
1645935900000.0,200190,1645935900000.0,0.023799999999999957,-0.0005692000000000001,1314.3574875200027,1314.4140875200026,-0.1,28.46,0.2,28.222,long_nclose,5.644400000000001,0.0042944176554661284,4.0
1645936620000.0,200202,1645936620000.0,0.023799999999999957,-0.0005692000000000001,1314.3807183200026,1314.4060183200027,-0.1,28.46,0.1,28.222,long_nclose,2.8222000000000005,0.0021471708772533137,12.0
1645937460000.0,200216,1645937460000.0,0.0,-0.01014012,1314.3705782000027,1314.3612782000027,1.8,28.167,1.9,28.169894736842107,long_ientry_partial,53.5228,0.04072124017968975,14.0
1645939440000.0,200249,1645939440000.0,0.142263157894736,-0.0034088400000000002,1314.5094325178975,1314.8605693600027,-0.6,28.407,1.3,28.169894736842107,long_nclose,36.62086315789474,0.027858958066013066,33.0
1645940040000.0,200259,1645940040000.0,0.09484210526315735,-0.0022725600000000003,1314.6020020631606,1314.7910968000028,-0.4,28.407,0.9,28.169894736842107,long_nclose,25.352905263157897,0.019285612849644668,10.0
1645940160000.0,200261,1645940160000.0,0.071131578947368,-0.0017044200000000001,1314.6714292221081,1314.8424923800028,-0.3,28.407,0.6,28.169894736842107,long_nclose,16.901936842105265,0.012856396257204852,2.0
1645949340000.0,200414,1645949340000.0,0.047421052631578677,-0.0011362800000000001,1314.7177139947396,1314.7977561000027,-0.2,28.407,0.4,28.169894736842107,long_nclose,11.267957894736844,0.008570629097632992,153.0
1645949580000.0,200418,1645949580000.0,0.023710526315789338,-0.0005681400000000001,1314.7408563810554,1314.8113879600028,-0.1,28.407,0.3,28.169894736842107,long_nclose,8.450968421052632,0.006427858676511124,4.0
1645949640000.0,200419,1645949640000.0,0.023710526315789338,-0.0005681400000000001,1314.7639987673713,1314.8180198200027,-0.1,28.407,0.2,28.169894736842107,long_nclose,5.633978947368422,0.004285163689187138,1.0
1645950420000.0,200432,1645950420000.0,0.023710526315789338,-0.0005681400000000001,1314.7871411536871,1314.816651680003,-0.1,28.407,0.1,28.169894736842107,long_nclose,2.816989473684211,0.00214254413167776,13.0
1645953180000.0,200478,1645953180000.0,0.07851052631578917,-0.0005791,1314.8650725800028,1314.8650725800028,-0.1,28.955,0.0,28.169894736842107,long_nclose,0.0,0.0,46.0
1645969500000.0,200750,1645969500000.0,0.0,-0.01075514,1314.854317440003,1314.829617440003,1.9,28.303,1.9,28.303,long_ientry_normal,53.7757,0.040898599401263176,272.0
1645969620000.0,200752,1645969620000.0,0.14279999999999973,-0.00342492,1314.993692520003,1315.3472925200028,-0.6,28.541,1.3,28.303,long_nclose,36.7939,0.02798028630045335,2.0
1645969800000.0,200755,1645969800000.0,0.09519999999999983,-0.0022832800000000004,1315.0866092400029,1315.3629092400029,-0.4,28.541,0.9,28.303,long_nclose,25.4727,0.019369598793740922,3.0
1645970460000.0,200766,1645970460000.0,0.31520000000000015,-0.0023272800000000006,1315.399481960003,1315.687981960003,-0.4,29.091,0.5,28.303,long_nclose,14.1515,0.010758328700961358,11.0
1645972500000.0,200800,1645972500000.0,0.023799999999999957,-0.0005708200000000001,1315.422711140003,1315.495511140003,-0.1,28.541,0.4,28.303,long_nclose,11.321200000000001,0.008606510974855035,34.0
1645972560000.0,200801,1645972560000.0,0.023799999999999957,-0.0005708200000000001,1315.445940320003,1315.517040320003,-0.1,28.541,0.3,28.303,long_nclose,8.4909,0.006454769245731569,1.0
1645972620000.0,200802,1645972620000.0,0.023799999999999957,-0.0005708200000000001,1315.469169500003,1315.5195695000032,-0.1,28.541,0.2,28.303,long_nclose,5.6606000000000005,0.004303103509564986,1.0
1645972800000.0,200805,1645972800000.0,0.023799999999999957,-0.0005708200000000001,1315.4923986800031,1315.5150986800031,-0.1,28.541,0.1,28.303,long_nclose,2.8303000000000003,0.0021515137623295973,3.0
1645972920000.0,200807,1645972920000.0,0.023799999999999957,-0.0005708200000000001,1315.5156278600032,1315.5156278600032,-0.1,28.541,0.0,28.303,long_nclose,0.0,0.0,2.0
1645989300000.0,201080,1645989300000.0,0.0,-0.010722839999999999,1315.5049050200032,1315.4897050200032,1.9,28.218,1.9,28.218,long_ientry_normal,53.6142,0.040755606304018116,273.0
1645991280000.0,201113,1645991280000.0,0.0,-0.01045228,1315.4944527400032,1314.0808527400031,1.9,27.506,3.8,27.862000000000002,long_rentry,105.8756,0.08048350168218114,33.0
1645996500000.0,201200,1645996500000.0,0.0,-0.0107912,1315.4836615400031,1312.368061540003,2.0,26.978,5.8,27.557172413793104,long_rentry,159.8316,0.12150025475260501,87.0
1646004120000.0,201327,1646004120000.0,0.0,-0.014839439999999999,1315.468822100003,1309.3400221000031,2.8,26.499,8.6,27.2126511627907,long_rentry,234.02880000000002,0.17790524265440094,127.0
1646020140000.0,201594,1646020140000.0,0.6421767441860424,-0.015367519999999999,1316.0956313241893,1317.8782545800032,-2.8,27.442,5.8,27.2126511627907,long_nclose,157.83337674418604,0.11992546209228126,267.0
1646020200000.0,201595,1646020200000.0,2.199211627906972,-0.01622318,1318.2786197720964,1321.0404314000034,-2.9,27.971,2.9,27.2126511627907,long_nclose,78.91668837209302,0.05986343644542769,1.0
1646022240000.0,201629,1646022240000.0,0.2064139534883708,-0.004939560000000001,1318.480094165585,1318.9147918400035,-0.9,27.442,2.0,27.2126511627907,long_nclose,54.4253023255814,0.041278819882392744,34.0
1646024760000.0,201671,1646024760000.0,0.13760930232558052,-0.00329304,1318.6144104279103,1318.9256988000034,-0.6,27.442,1.4,27.2126511627907,long_nclose,38.097711627906975,0.028892230607083756,42.0
1646024880000.0,201673,1646024880000.0,0.09173953488372036,-0.0021953600000000004,1318.703954602794,1318.9263034400033,-0.4,27.442,1.0,27.2126511627907,long_nclose,27.2126511627907,0.02063590623794512,2.0
1646024940000.0,201674,1646024940000.0,0.06880465116279026,-0.00164652,1318.771112733957,1318.9337569200034,-0.3,27.442,0.7,27.2126511627907,long_nclose,19.048855813953487,0.014444398751245865,1.0
1646025660000.0,201686,1646025660000.0,0.04586976744186018,-0.0010976800000000002,1318.8158848213989,1318.9320592400036,-0.2,27.442,0.5,27.2126511627907,long_nclose,13.60632558139535,0.01031707741618383,12.0
1646025840000.0,201689,1646025840000.0,0.02293488372093009,-0.0005488400000000001,1318.8382708651197,1318.9532104000034,-0.1,27.442,0.4,27.2126511627907,long_nclose,10.88506046511628,0.008253521834770534,3.0
1646026140000.0,201694,1646026140000.0,0.02293488372093009,-0.0005488400000000001,1318.8606569088406,1318.9378615600035,-0.1,27.442,0.3,27.2126511627907,long_nclose,8.16379534883721,0.0061900363060124934,5.0
1646028120000.0,201727,1646028120000.0,0.02293488372093009,-0.0005488400000000001,1318.8830429525615,1318.9295127200032,-0.1,27.442,0.2,27.2126511627907,long_nclose,5.44253023255814,0.004126620826342599,33.0
1646028900000.0,201740,1646028900000.0,0.02293488372093009,-0.0005488400000000001,1318.9054289962824,1318.9276638800034,-0.1,27.442,0.1,27.2126511627907,long_nclose,2.72126511627907,0.002063275392193977,13.0
1646028960000.0,201741,1646028960000.0,0.02293488372093009,-0.0005488400000000001,1318.9278150400032,1318.9278150400032,-0.1,27.442,0.0,27.2126511627907,long_nclose,0.0,0.0,1.0
1646050140000.0,202094,1646050140000.0,0.0,-0.01031928,1318.9174957600032,1318.8680957600031,1.9,27.156,1.9,27.156,long_ientry_normal,51.596399999999996,0.03912026352358641,353.0
1646050740000.0,202104,1646050740000.0,0.13740000000000166,-0.0032862000000000004,1319.0516095600033,1319.4338095600033,-0.6,27.385,1.3,27.156,long_nclose,35.3028,0.02676377462726873,10.0
1646053620000.0,202152,1646053620000.0,0.09160000000000111,-0.0021908,1319.1410187600031,1319.3471187600032,-0.4,27.385,0.9,27.156,long_nclose,24.4404,0.01852751120041287,48.0
1646053740000.0,202154,1646053740000.0,0.06870000000000083,-0.0016431000000000002,1319.2080756600033,1319.3424756600032,-0.3,27.385,0.6,27.156,long_nclose,16.293599999999998,0.012351046283466895,2.0
1646053800000.0,202155,1646053800000.0,0.045800000000000556,-0.0010954,1319.2527802600034,1319.3643802600034,-0.2,27.385,0.4,27.156,long_nclose,10.862400000000001,0.008233751834776652,1.0
1646055060000.0,202176,1646055060000.0,0.022900000000000278,-0.0005477,1319.2751325600034,1319.3333325600033,-0.1,27.385,0.3,27.156,long_nclose,8.146799999999999,0.006175209248575346,21.0
1646057160000.0,202211,1646057160000.0,0.022900000000000278,-0.0005477,1319.2974848600034,1319.3442848600034,-0.1,27.385,0.2,27.156,long_nclose,5.4312000000000005,0.004116736416409018,35.0
1646057280000.0,202213,1646057280000.0,0.022900000000000278,-0.0005477,1319.3198371600033,1319.3492371600032,-0.1,27.385,0.1,27.156,long_nclose,2.7156000000000002,0.0020583333347322817,2.0
1646058480000.0,202233,1646058480000.0,0.07570000000000016,-0.0005582600000000001,1319.3949789000035,1319.3949789000035,-0.1,27.913,0.0,27.156,long_nclose,0.0,0.0,20.0
1646169420000.0,204082,1646169420000.0,0.0,-0.01035334,1319.3846255600035,1319.4764255600035,1.7,30.451,1.7,30.451,long_ientry_normal,51.7667,0.039235488270168366,1849.0
1646175060000.0,204176,1646175060000.0,0.12849999999999895,-0.0030708,1319.5100547600036,1319.8088547600037,-0.5,30.708,1.2,30.451,long_nclose,36.541199999999996,0.027693006103425424,94.0
1646175120000.0,204177,1646175120000.0,0.10279999999999917,-0.0024566400000000004,1319.6103981200035,1319.8615981200035,-0.4,30.708,0.8,30.451,long_nclose,24.3608,0.018460600215568067,1.0
1646179440000.0,204249,1646179440000.0,0.3391999999999996,-0.00250392,1319.9470942000034,1320.3006942000034,-0.4,31.299,0.4,30.451,long_nclose,12.1804,0.009227945615034159,72.0
1646179800000.0,204255,1646179800000.0,0.1695999999999998,-0.00125196,1320.1154422400034,1320.2832422400033,-0.2,31.299,0.2,30.451,long_nclose,6.0902,0.004613384409522552,6.0
1646179860000.0,204256,1646179860000.0,0.0847999999999999,-0.00062598,1320.1996162600035,1320.2870162600034,-0.1,31.299,0.1,30.451,long_nclose,3.0451,0.0023065451333991985,1.0
1646180040000.0,204259,1646180040000.0,0.0847999999999999,-0.00062598,1320.2837902800036,1320.2837902800036,-0.1,31.299,0.0,30.451,long_nclose,0.0,0.0,3.0
1646204100000.0,204660,1646204100000.0,0.0,-0.01034824,1320.2734420400036,1320.2632420400037,1.7,30.436,1.7,30.436,long_ientry_normal,51.7412,0.03918976050904481,401.0
1646208960000.0,204741,1646208960000.0,0.1280000000000001,-0.0030692000000000002,1320.3983728400035,1320.6671728400036,-0.5,30.692,1.2,30.436,long_nclose,36.523199999999996,0.027660742963082716,81.0
1646209020000.0,204742,1646209020000.0,0.1024000000000001,-0.0024553600000000006,1320.4983174800034,1320.7055174800034,-0.4,30.692,0.8,30.436,long_nclose,24.3488,0.018439099601782506,1.0
1646211420000.0,204782,1646211420000.0,0.05120000000000005,-0.0012276800000000003,1320.5482898000034,1320.7306898000033,-0.2,30.692,0.6,30.436,long_nclose,18.261599999999998,0.013828801370653178,40.0
1646211600000.0,204785,1646211600000.0,0.05120000000000005,-0.0012276800000000003,1320.5982621200035,1320.6598621200035,-0.2,30.692,0.4,30.436,long_nclose,12.1744,0.009218852053050564,3.0
1646211720000.0,204787,1646211720000.0,0.025600000000000026,-0.0006138400000000002,1320.6232482800035,1320.7114482800034,-0.1,30.692,0.3,30.436,long_nclose,9.130799999999999,0.006914008224444079,2.0
1646212440000.0,204799,1646212440000.0,0.025600000000000026,-0.0006138400000000002,1320.6482344400035,1320.6720344400035,-0.1,30.692,0.2,30.436,long_nclose,6.0872,0.004609251609366793,12.0
1646212680000.0,204803,1646212680000.0,0.025600000000000026,-0.0006138400000000002,1320.6732206000036,1320.7146206000036,-0.1,30.692,0.1,30.436,long_nclose,3.0436,0.002304582202868657,4.0
1646213400000.0,204815,1646213400000.0,0.025600000000000026,-0.0006138400000000002,1320.6982067600036,1320.6982067600036,-0.1,30.692,0.0,30.436,long_nclose,0.0,0.0,12.0
1646227020000.0,205042,1646227020000.0,0.0,-0.01031424,1320.6878925200035,1320.7711925200035,1.7,30.336,1.7,30.336,long_ientry_normal,51.5712,0.03904874141126336,227.0
1646232120000.0,205127,1646232120000.0,0.1280000000000001,-0.0030592,1320.8128333200034,1321.1116333200034,-0.5,30.592,1.2,30.336,long_nclose,36.4032,0.027561210098554757,85.0
1646232180000.0,205128,1646232180000.0,0.1024000000000001,-0.0024473600000000004,1320.9127859600035,1321.2039859600034,-0.4,30.592,0.8,30.336,long_nclose,24.2688,0.018372749706076996,1.0
1646232360000.0,205131,1646232360000.0,0.05120000000000005,-0.0012236800000000002,1320.9627622800035,1321.1511622800035,-0.2,30.592,0.6,30.336,long_nclose,18.2016,0.013779040953874989,3.0
1646234820000.0,205172,1646234820000.0,0.0,-0.007230960000000001,1320.9555313200035,1320.8331313200035,1.2,30.129,1.8,30.197999999999997,long_ientry_partial,54.356399999999994,0.04114930344830213,41.0
1646234940000.0,205174,1646234940000.0,0.15240000000000292,-0.0036542400000000004,1321.1042770800034,1321.4486770800033,-0.6,30.452,1.2,30.197999999999997,long_nclose,36.23759999999999,0.027429780244217255,2.0
1646235300000.0,205180,1646235300000.0,0.10160000000000197,-0.0024361600000000006,1321.2034409200035,1321.4330409200034,-0.4,30.452,0.8,30.197999999999997,long_nclose,24.1584,0.018285147655366082,6.0
1646240100000.0,205260,1646240100000.0,0.33640000000000186,-0.0024831200000000006,1321.5373578000033,1321.8841578000033,-0.4,31.039,0.4,30.197999999999997,long_nclose,12.0792,0.00914026374563376,80.0
1646240520000.0,205267,1646240520000.0,0.5712000000000018,-0.0025300800000000005,1322.1060277200033,1322.1060277200033,-0.4,31.626,0.0,30.197999999999997,long_nclose,0.0,0.0,7.0
1646321820000.0,206622,1646321820000.0,0.0,-0.0107848,1322.0952429200033,1322.1462429200033,1.7,31.72,1.7,31.72,long_ientry_normal,53.924,0.04078677409117855,1355.0
1646324520000.0,206667,1646324520000.0,0.13349999999999973,-0.0031987,1322.2255442200033,1322.4475442200032,-0.5,31.987,1.2,31.72,long_nclose,38.064,0.02878782683211162,45.0
1646325120000.0,206677,1646325120000.0,0.10679999999999978,-0.0025589600000000003,1322.3297852600033,1322.5217852600033,-0.4,31.987,0.8,31.72,long_nclose,25.376,0.019190371632603315,10.0
1646325300000.0,206680,1646325300000.0,0.05339999999999989,-0.0012794800000000002,1322.3819057800033,1322.6069057800032,-0.2,31.987,0.6,31.72,long_nclose,19.032,0.014392211445735131,3.0
1646325540000.0,206684,1646325540000.0,0.05339999999999989,-0.0012794800000000002,1322.4340263000033,1322.5260263000034,-0.2,31.987,0.4,31.72,long_nclose,12.688,0.009594429474489066,4.0
1646325600000.0,206685,1646325600000.0,0.026699999999999946,-0.0006397400000000001,1322.4600865600032,1322.5590865600032,-0.1,31.987,0.3,31.72,long_nclose,9.516,0.007195680305749807,1.0
1646325720000.0,206687,1646325720000.0,0.026699999999999946,-0.0006397400000000001,1322.4861468200031,1322.5511468200032,-0.1,31.987,0.2,31.72,long_nclose,6.344,0.004797025674147535,2.0
1646325960000.0,206691,1646325960000.0,0.026699999999999946,-0.0006397400000000001,1322.512207080003,1322.544207080003,-0.1,31.987,0.1,31.72,long_nclose,3.172,0.0023984655740936505,4.0
1646326560000.0,206701,1646326560000.0,0.0,-0.010133760000000002,1322.502073320003,1322.4917733200032,1.6,31.668,1.7,31.671058823529414,long_ientry_partial,53.8408,0.040711316137931115,10.0
1646328840000.0,206739,1646328840000.0,0.13347058823529245,-0.0031938,1322.6323501082384,1322.895079520003,-0.5,31.938,1.2,31.671058823529414,long_nclose,38.0052705882353,0.028734569047192227,38.0
1646328900000.0,206740,1646328900000.0,0.10677647058823397,-0.00255504,1322.7365715388266,1322.9477244800032,-0.4,31.938,0.8,31.671058823529414,long_nclose,25.336847058823533,0.019154869989984103,1.0
1646328960000.0,206741,1646328960000.0,0.05338823529411699,-0.00127752,1322.7886822541207,1323.004046960003,-0.2,31.938,0.6,31.671058823529414,long_nclose,19.00263529411765,0.014365586543827911,1.0
1646329440000.0,206749,1646329440000.0,0.05338823529411699,-0.00127752,1322.8407929694147,1322.970369440003,-0.2,31.938,0.4,31.671058823529414,long_nclose,12.668423529411767,0.00957668042650441,8.0
1646329560000.0,206751,1646329560000.0,0.026694117647058493,-0.00063876,1322.866848327062,1322.965530680003,-0.1,31.938,0.3,31.671058823529414,long_nclose,9.501317647058825,0.007182368852220073,2.0
1646330160000.0,206761,1646330160000.0,0.026694117647058493,-0.00063876,1322.8929036847092,1322.9446919200034,-0.1,31.938,0.2,31.671058823529414,long_nclose,6.334211764705883,0.004788151593422973,10.0
1646330220000.0,206762,1646330220000.0,0.026694117647058493,-0.00063876,1322.9189590423564,1322.9448531600035,-0.1,31.938,0.1,31.671058823529414,long_nclose,3.1671058823529417,0.002394028644540379,1.0
1646330280000.0,206763,1646330280000.0,0.026694117647058493,-0.00063876,1322.9450144000036,1322.9450144000036,-0.1,31.938,0.0,31.671058823529414,long_nclose,0.0,0.0,1.0
1646409600000.0,208085,1646409600000.0,0.0,-0.010534400000000001,1322.9344800000035,1323.1104800000035,1.6,32.92,1.6,32.92,long_ientry_normal,52.672000000000004,0.03981451900777419,1322.0
1646415660000.0,208186,1646415660000.0,0.0,-0.010270080000000003,1322.9242099200035,1321.7178099200034,1.6,32.094,3.2,32.507000000000005,long_rentry,104.02240000000002,0.07863065716084386,101.0
1646420580000.0,208268,1646420580000.0,0.0,-0.010705240000000001,1322.9135046800034,1319.6414046800035,1.7,31.486,4.9,32.15277551020408,long_rentry,157.5486,0.1190921397677538,82.0
1646424900000.0,208340,1646424900000.0,0.0,-0.01484688,1322.8986578000033,1316.5761578000033,2.4,30.931,7.3,31.75109589041096,long_rentry,231.783,0.17520843235675962,72.0
1646438520000.0,208567,1646438520000.0,0.0,-0.02178288,1322.8768749200033,1310.5964749200032,3.6,30.254,10.9,31.25664220183486,long_rentry,340.6974,0.25754278909789136,227.0
1646511120000.0,209777,1646511120000.0,0.9480880733944986,-0.0226944,1323.8022685933977,1326.1627805200033,-3.6,31.52,7.3,31.25664220183486,long_nclose,228.17348807339448,0.1723622126103769,1210.0
1646511360000.0,209781,1646511360000.0,0.6320587155963323,-0.0151296,1324.419197708994,1325.9056509200032,-2.4,31.52,4.9,31.25664220183486,long_nclose,153.15754678899083,0.11564129171030268,4.0
1646530980000.0,210108,1646530980000.0,0.0,-0.014441279999999999,1324.404756428994,1318.770809640003,2.4,30.086,7.3,30.871773532738466,long_rentry,225.3639467889908,0.1701624414251138,327.0
1646537880000.0,210223,1646537880000.0,0.0,-0.02119752,1324.383558908994,1312.1840121200032,3.6,29.441,10.9,30.3992244760542,long_rentry,331.3515467889908,0.25019303853481306,115.0
1646560920000.0,210607,1646560920000.0,0.0,-0.030309640000000002,1324.353249268994,1304.7735024800031,5.3,28.594,16.2,29.808626344999432,long_rentry,482.8997467889908,0.36463062030884735,384.0
1646612580000.0,211468,1646612580000.0,0.0,-0.043421560000000005,1324.309827708994,1291.872280920003,7.9,27.482,24.1,29.04595629829837,long_rentry,700.0075467889908,0.5285829132597901,861.0
1646668080000.0,212393,1646668080000.0,1.9603496136130332,-0.0468656,1326.223311722607,1329.749915320003,-8.0,29.291,16.1,29.04595629829837,long_nclose,467.6398964026038,0.35261022202602893,925.0
1646668200000.0,212395,1646668200000.0,1.2987316190186344,-0.03104846,1327.4909948816255,1330.558666860003,-5.3,29.291,10.8,29.04595629829837,long_nclose,313.69632802162243,0.23630768813583947,2.0
1646669220000.0,212412,1646669220000.0,0.882157326125865,-0.021089520000000004,1328.3520626877514,1330.4691773400032,-3.6,29.291,7.2,29.04595629829837,long_nclose,209.1308853477483,0.1574363387704601,17.0
1646669820000.0,212422,1646669820000.0,0.5881048840839099,-0.014059680000000001,1328.9261078918353,1330.2415176600032,-2.4,29.291,4.8,29.04595629829837,long_nclose,139.42059023183216,0.1049122215327716,10.0
1646670360000.0,212431,1646670360000.0,0.39206992272260666,-0.00937312,1329.308804694558,1330.041744540003,-1.6,29.291,3.2,29.04595629829837,long_nclose,92.94706015455479,0.06992134545886176,9.0
1646670480000.0,212433,1646670480000.0,0.24504370170162915,-0.0058582,1329.5479901962597,1330.0298863400033,-1.0,29.291,2.2,29.04595629829837,long_nclose,63.90110385625642,0.0480622770501302,2.0
1646672760000.0,212471,1646672760000.0,0.1715305911911404,-0.00410074,1329.7154200474508,1329.9839856000033,-0.7,29.291,1.5,29.04595629829837,long_nclose,43.56893444744756,0.032765608182458175,38.0
1646672820000.0,212472,1646672820000.0,0.12252185085081457,-0.0029291,1329.8350127983015,1330.1740565000032,-0.5,29.291,1.0,29.04595629829837,long_nclose,29.04595629829837,0.021841774369572735,1.0
1646673300000.0,212480,1646673300000.0,0.07351311051048874,-0.0017574600000000002,1329.906768448812,1330.0985990400031,-0.3,29.291,0.7,29.04595629829837,long_nclose,20.33216940880886,0.01528841712154309,8.0
1646673720000.0,212487,1646673720000.0,0.04900874034032583,-0.00117164,1329.9546055491523,1330.0791274000032,-0.2,29.291,0.5,29.04595629829837,long_nclose,14.522978149149186,0.010919905152065318,7.0
1646673960000.0,212491,1646673960000.0,0.024504370170162916,-0.00058582,1329.9785240993226,1330.0441415800033,-0.1,29.291,0.4,29.04595629829837,long_nclose,11.618382519319349,0.00873576701337148,4.0
1646681760000.0,212621,1646681760000.0,0.0,-0.008394,1329.9701300993227,1329.4107475800033,1.5,27.98,1.9,28.204411852273346,long_ientry_partial,53.58838251931935,0.04029292185330309,130.0
1646683020000.0,212642,1646683020000.0,0.0,-0.0104481,1329.9596819993226,1328.4407994800033,1.9,27.495,3.8,27.84970592613667,long_rentry,105.82888251931935,0.07957300055910511,21.0
1646684580000.0,212668,1646684580000.0,0.28115288863599375,-0.00674016,1330.2340947279586,1330.7938593200033,-1.2,28.084,2.6,27.84970592613667,long_nclose,72.40923540795535,0.0544334532507705,26.0
1646684640000.0,212669,1646684640000.0,0.1874352590906625,-0.0044934400000000005,1330.4170365470493,1330.9305658800033,-0.8,28.084,1.8,27.84970592613667,long_nclose,50.12947066704601,0.037679516489920725,1.0
1646684760000.0,212671,1646684760000.0,0.14057644431799687,-0.00337008,1330.5542429113673,1330.8905958000032,-0.6,28.084,1.2,27.84970592613667,long_nclose,33.41964711136401,0.025117087326134813,2.0
1646685000000.0,212675,1646685000000.0,0.0,-0.0039090800000000005,1330.5503338313672,1330.747286720003,0.7,27.922,1.9,27.87634058492842,long_ientry_partial,52.965047111364,0.03980687221268004,4.0
1646685060000.0,212676,1646685060000.0,0.1407956490429477,-0.00337332,1330.6877561604101,1330.7965134000033,-0.6,28.111,1.3,27.87634058492842,long_nclose,36.239242760406945,0.02723346825176501,1.0
1646685120000.0,212677,1646685120000.0,0.0,-0.00335004,1330.6844061204101,1330.6479633600031,0.6,27.917,1.9,27.889180400214187,long_ientry_partial,52.98944276040695,0.03982119465493464,1.0
1646687700000.0,212720,1646687700000.0,0.1408917598714872,-0.00337488,1330.8219230002817,1331.1739884800033,-0.6,28.124,1.3,27.889180400214187,long_nclose,36.255934520278444,0.027243265153418104,43.0
1646688420000.0,212732,1646688420000.0,0.0,-0.0033429600000000003,1330.8185800402816,1330.7818455200031,0.6,27.858,1.9,27.879333958041286,long_ientry_partial,52.97073452027844,0.03980312216461173,12.0
1646688900000.0,212740,1646688900000.0,0.14079962517522873,-0.0033736800000000004,1330.9560059854568,1331.210371840003,-0.6,28.114,1.3,27.879333958041286,long_nclose,36.24313414545367,0.02723090318723104,8.0
1646688960000.0,212741,1646688960000.0,0.09386641678348583,-0.0022491200000000003,1331.0476232822402,1331.241722720003,-0.4,28.114,0.9,27.879333958041286,long_nclose,25.09140056223716,0.01885086613232071,1.0
1646689020000.0,212742,1646689020000.0,0.07039981258761437,-0.0016868400000000002,1331.1163362548277,1331.2967358800029,-0.3,28.114,0.6,27.879333958041286,long_nclose,16.72760037482477,0.01256659536001852,1.0
1646689260000.0,212746,1646689260000.0,0.04693320839174291,-0.0011245600000000001,1331.1621449032193,1331.3404113200029,-0.2,28.114,0.4,27.879333958041286,long_nclose,11.151733583216515,0.00837744194117486,4.0
1646690520000.0,212767,1646690520000.0,0.15533320839174253,-0.0011462400000000002,1331.316331871611,1331.479465080003,-0.2,28.656,0.2,27.879333958041286,long_nclose,5.575866791608258,0.00418823585208296,21.0
1646690820000.0,212772,1646690820000.0,0.07766660419587126,-0.0005731200000000001,1331.393425355807,1331.467991960003,-0.1,28.656,0.1,27.879333958041286,long_nclose,2.787933395804129,0.0020939966674832196,5.0
1646690880000.0,212773,1646690880000.0,0.07766660419587126,-0.0005731200000000001,1331.470518840003,1331.470518840003,-0.1,28.656,0.0,27.879333958041286,long_nclose,0.0,0.0,1.0
1646721060000.0,213276,1646721060000.0,0.0,-0.01066394,1331.459854900003,1331.435154900003,1.9,28.063,1.9,28.063,long_ientry_normal,53.3197,0.04004604404990077,503.0
1646727240000.0,213379,1646727240000.0,0.1416000000000004,-0.00339588,1331.598059020003,1331.9451590200028,-0.6,28.299,1.3,28.063,long_nclose,36.4819,0.027397081088304576,103.0
1646730780000.0,213438,1646730780000.0,0.09440000000000026,-0.0022639200000000004,1331.690195100003,1331.7954951000029,-0.4,28.299,0.9,28.063,long_nclose,25.2567,0.01896589769372249,59.0
1646731080000.0,213443,1646731080000.0,0.0708000000000002,-0.00169794,1331.759297160003,1331.898497160003,-0.3,28.299,0.6,28.063,long_nclose,16.837799999999998,0.01264327573001132,5.0
1646731140000.0,213444,1646731140000.0,0.04720000000000013,-0.0011319600000000002,1331.8053652000028,1331.8861652000028,-0.2,28.299,0.4,28.063,long_nclose,11.225200000000001,0.008428558927087867,1.0
1646731200000.0,213445,1646731200000.0,0.023600000000000065,-0.0005659800000000001,1331.828399220003,1331.8994992200028,-0.1,28.299,0.3,28.063,long_nclose,8.418899999999999,0.006321309866143868,1.0
1646731320000.0,213447,1646731320000.0,0.023600000000000065,-0.0005659800000000001,1331.851433240003,1331.8998332400029,-0.1,28.299,0.2,28.063,long_nclose,5.6126000000000005,0.004214133693835651,2.0
1646731500000.0,213450,1646731500000.0,0.023600000000000065,-0.0005659800000000001,1331.874467260003,1331.899167260003,-0.1,28.299,0.1,28.063,long_nclose,2.8063000000000002,0.0021070304063815094,3.0
1646732160000.0,213461,1646732160000.0,0.023600000000000065,-0.0005659800000000001,1331.897501280003,1331.897501280003,-0.1,28.299,0.0,28.063,long_nclose,0.0,0.0,11.0
1646750460000.0,213766,1646750460000.0,0.0,-0.01057502,1331.886926260003,1332.021826260003,1.9,27.829,1.9,27.829,long_ientry_normal,52.875099999999996,0.03969939111008139,305.0
1646750580000.0,213768,1646750580000.0,0.14039999999999891,-0.00336756,1332.023958700003,1332.467258700003,-0.6,28.063,1.3,27.829,long_nclose,36.1777,0.027159946909144073,2.0
1646751120000.0,213777,1646751120000.0,0.0935999999999993,-0.0022450400000000002,1332.115313660003,1332.359213660003,-0.4,28.063,0.9,27.829,long_nclose,25.046100000000003,0.018801750676662923,9.0
1646751960000.0,213791,1646751960000.0,0.0,-0.0055608,1332.109752860003,1332.079652860003,1.0,27.804,1.9,27.815842105263158,long_ientry_partial,52.8501,0.0396739832333877,14.0
1646752620000.0,213802,1646752620000.0,0.14049473684210553,-0.0033659999999999996,1332.2468815968452,1332.518786860003,-0.6,28.05,1.3,27.815842105263158,long_nclose,36.16059473684211,0.027142562866050497,11.0
1646752800000.0,213805,1646752800000.0,0.09366315789473703,-0.0022440000000000003,1332.33830075474,1332.558042860003,-0.4,28.05,0.9,27.815842105263158,long_nclose,25.034257894736843,0.018789715705504747,3.0
1646753580000.0,213818,1646753580000.0,0.0,-0.0055520000000000005,1332.33274875474,1332.234990860003,1.0,27.76,1.9,27.786451523545708,long_ientry_partial,52.794257894736845,0.03962542986658611,13.0
1646755500000.0,213850,1646755500000.0,0.14072908587257585,-0.00336252,1332.4701153206124,1332.676228340003,-0.6,28.021,1.3,27.786451523545708,long_nclose,36.12238698060942,0.027109341189177686,32.0
1646756520000.0,213867,1646756520000.0,0.0,-0.00331956,1332.4667957606125,1332.3006087800031,0.6,27.663,1.9,27.747466831899693,long_ientry_partial,52.72018698060941,0.03956585420990932,17.0
1646759880000.0,213923,1646759880000.0,0.140119900860185,-0.00335772,1332.6035579414727,1332.938351060003,-0.6,27.981,1.3,27.747466831899693,long_nclose,36.0717068814696,0.027068595657354425,56.0
1646760600000.0,213935,1646760600000.0,0.09341326724012333,-0.00223848,1332.6947327287128,1332.854512580003,-0.4,27.981,0.9,27.747466831899693,long_nclose,24.972720148709726,0.01873851493175613,12.0
1646760840000.0,213939,1646760840000.0,0.0700599504300925,-0.00167886,1332.7631138191427,1332.959633720003,-0.3,27.981,0.6,27.747466831899693,long_nclose,16.648480099139814,0.012491702333681954,4.0
1646762580000.0,213968,1646762580000.0,0.23175995043009187,-0.0017112,1332.9931625695729,1333.2354225200029,-0.3,28.52,0.3,27.747466831899693,long_nclose,8.324240049569907,0.00624477325414296,29.0
1646764320000.0,213997,1646764320000.0,0.07725331681003063,-0.0005704000000000001,1333.069845486383,1333.223352120003,-0.1,28.52,0.2,27.747466831899693,long_nclose,5.549493366379939,0.00416294268838941,29.0
1646764380000.0,213998,1646764380000.0,0.07725331681003063,-0.0005704000000000001,1333.146528403193,1333.2247817200032,-0.1,28.52,0.1,27.747466831899693,long_nclose,2.7747466831899694,0.0020813516174500984,1.0
1646764500000.0,214000,1646764500000.0,0.07725331681003063,-0.0005704000000000001,1333.2232113200032,1333.2232113200032,-0.1,28.52,0.0,27.747466831899693,long_nclose,0.0,0.0,2.0
1646772240000.0,214129,1646772240000.0,0.0,-0.01051916,1333.2126921600031,1333.256392160003,1.9,27.682,1.9,27.682,long_ientry_normal,52.5958,0.039450419508673416,129.0
1646782260000.0,214296,1646782260000.0,0.1398000000000003,-0.0033498,1333.349142360003,1333.639042360003,-0.6,27.915,1.3,27.682,long_nclose,35.9866,0.02698962999016476,167.0
1646784120000.0,214327,1646784120000.0,0.09320000000000023,-0.0022332000000000003,1333.440109160003,1333.645309160003,-0.4,27.915,0.9,27.682,long_nclose,24.9138,0.018683853762051887,31.0
1646784180000.0,214328,1646784180000.0,0.06990000000000016,-0.0016749,1333.508334260003,1333.624134260003,-0.3,27.915,0.6,27.682,long_nclose,16.609199999999998,0.012455265237781102,1.0
1646784540000.0,214334,1646784540000.0,0.046600000000000114,-0.0011166000000000001,1333.553817660003,1333.633017660003,-0.2,27.915,0.4,27.682,long_nclose,11.0728,0.008303226951447319,6.0
1646784900000.0,214340,1646784900000.0,0.023300000000000057,-0.0005583000000000001,1333.576559360003,1333.6404593600032,-0.1,27.915,0.3,27.682,long_nclose,8.304599999999999,0.00622731401636623,6.0
1646784960000.0,214341,1646784960000.0,0.023300000000000057,-0.0005583000000000001,1333.5993010600032,1333.654901060003,-0.1,27.915,0.2,27.682,long_nclose,5.5364,0.004151471881845939,1.0
1646787240000.0,214379,1646787240000.0,0.07710000000000009,-0.00056906,1333.675832000003,1333.749132000003,-0.1,28.453,0.1,27.682,long_nclose,2.7682,0.002075616828002919,38.0
1646787600000.0,214385,1646787600000.0,0.07710000000000009,-0.00056906,1333.752362940003,1333.752362940003,-0.1,28.453,0.0,27.682,long_nclose,0.0,0.0,6.0
1646877600000.0,215885,1646877600000.0,0.0,-0.01060632,1333.741756620003,1333.8191566200028,1.8,29.462,1.8,29.462,long_ientry_normal,53.0316,0.03976152035188118,1500.0
1646879520000.0,215917,1646879520000.0,0.14880000000000065,-0.0035652,1333.886991420003,1334.118591420003,-0.6,29.71,1.2,29.462,long_nclose,35.3544,0.026504794054827023,32.0
1646879580000.0,215918,1646879580000.0,0.09920000000000045,-0.0023768,1333.983814620003,1334.190214620003,-0.4,29.71,0.8,29.462,long_nclose,23.5696,0.01766858018941857,1.0
1646879700000.0,215920,1646879700000.0,0.04960000000000023,-0.0011884,1334.032226220003,1334.169026220003,-0.2,29.71,0.6,29.462,long_nclose,17.6772,0.0132509542517489,2.0
1646880780000.0,215938,1646880780000.0,0.04960000000000023,-0.0011884,1334.080637820003,1334.167837820003,-0.2,29.71,0.4,29.462,long_nclose,11.7848,0.008833648930890212,18.0
1646881080000.0,215943,1646881080000.0,0.0,-0.008241799999999999,1334.072396020003,1334.043596020003,1.4,29.435,1.8,29.440999999999995,long_ientry_partial,52.99379999999999,0.039723331475936936,5.0
1646886540000.0,216034,1646886540000.0,0.0,-0.010907140000000001,1334.061488880003,1332.721988880003,1.9,28.703,3.7,29.06202702702702,long_rentry,107.52949999999998,0.08060310630080118,91.0
1646889840000.0,216089,1646889840000.0,0.0,-0.0106932,1334.050795680003,1330.6952956800028,1.9,28.14,5.6,28.74919642857143,long_rentry,160.9955,0.12068168657546213,55.0
1646891580000.0,216118,1646891580000.0,0.0,-0.014930460000000003,1334.035865220003,1327.883065220003,2.7,27.649,8.3,28.39130120481928,long_rentry,235.64780000000002,0.1766427771123965,29.0
1646975100000.0,217510,1646975100000.0,0.0,-0.022177719999999998,1334.013687500003,1323.021287500003,4.1,27.046,12.4,27.946483870967747,long_rentry,346.53640000000007,0.25976974842696227,1392.0
1646998740000.0,217904,1646998740000.0,0.9656161290322334,-0.02310924,1334.9561943890353,1336.8943782600031,-4.1,28.182,8.3,27.946483870967747,long_nclose,231.9558161290323,0.1737553764715034,394.0
1646998800000.0,217905,1646998800000.0,0.6358935483870806,-0.015218280000000002,1335.5768696574223,1336.8285599800029,-2.7,28.182,5.6,27.946483870967747,long_nclose,156.50030967741938,0.11717806232864902,1.0
1646999220000.0,217912,1646999220000.0,0.42392903225805373,-0.01014552,1335.9906531696804,1337.2390144600029,-1.8,28.182,3.8,27.946483870967747,long_nclose,106.19663870967743,0.07948905814402407,7.0
1646999700000.0,217920,1646999700000.0,0.28261935483870243,-0.006763679999999999,1336.2665088445192,1336.8346507800031,-1.2,28.182,2.6,27.946483870967747,long_nclose,72.66085806451615,0.05437602273467633,8.0
1646999760000.0,217921,1646999760000.0,0.18841290322580165,-0.00450912,1336.450412627745,1336.8347416600031,-0.8,28.182,1.8,27.946483870967747,long_nclose,50.303670967741944,0.037639758641575226,1.0
1646999820000.0,217922,1646999820000.0,0.14130967741935122,-0.0033818399999999997,1336.5883404651643,1336.904559820003,-0.6,28.182,1.2,27.946483870967747,long_nclose,33.535780645161296,0.025090582964003752,1.0
1646999940000.0,217924,1646999940000.0,0.09420645161290082,-0.00225456,1336.6802923567773,1336.8591052600032,-0.4,28.182,0.8,27.946483870967747,long_nclose,22.357187096774197,0.016725904634499373,2.0
1647000000000.0,217925,1647000000000.0,0.04710322580645041,-0.00112728,1336.7262683025838,1336.848377980003,-0.2,28.182,0.6,27.946483870967747,long_nclose,16.767890322580648,0.01254399701733477,1.0
1647000120000.0,217927,1647000120000.0,0.04710322580645041,-0.00112728,1336.7722442483903,1336.8836507000033,-0.2,28.182,0.4,27.946483870967747,long_nclose,11.178593548387099,0.008362377058982356,2.0
1647000300000.0,217930,1647000300000.0,0.023551612903225206,-0.00056364,1336.7952322212934,1336.8622870600032,-0.1,28.182,0.3,27.946483870967747,long_nclose,8.383945161290324,0.0062716749425857045,3.0
1647000360000.0,217931,1647000360000.0,0.023551612903225206,-0.00056364,1336.8182201941966,1336.868923420003,-0.1,28.182,0.2,27.946483870967747,long_nclose,5.589296774193549,0.004181044729762589,1.0
1647000780000.0,217938,1647000780000.0,0.023551612903225206,-0.00056364,1336.8412081670997,1336.8695597800029,-0.1,28.182,0.1,27.946483870967747,long_nclose,2.7946483870967747,0.002090486416803704,7.0
1647003120000.0,217977,1647003120000.0,0.023551612903225206,-0.00056364,1336.8641961400028,1336.8641961400028,-0.1,28.182,0.0,27.946483870967747,long_nclose,0.0,0.0,39.0
1647014760000.0,218171,1647014760000.0,0.0,-0.0109356,1336.8532605400028,1336.7752605400028,2.0,27.339,2.0,27.339,long_ientry_normal,54.678,0.04090052484736702,194.0
1647019860000.0,218256,1647019860000.0,0.13800000000000026,-0.0033082800000000002,1336.9879522600027,1337.4093522600026,-0.6,27.569,1.4,27.339,long_nclose,38.27459999999999,0.028627483093846735,85.0
1647020400000.0,218265,1647020400000.0,0.09200000000000018,-0.00220552,1337.0777467400028,1337.303746740003,-0.4,27.569,1.0,27.339,long_nclose,27.339,0.020446828964625734,9.0
1647020460000.0,218266,1647020460000.0,0.06900000000000013,-0.0016541400000000001,1337.1450926000027,1337.3242926000028,-0.3,27.569,0.7,27.339,long_nclose,19.137299999999996,0.014312059406199968,1.0
1647022020000.0,218292,1647022020000.0,0.04600000000000009,-0.00110276,1337.1899898400027,1337.2954898400026,-0.2,27.569,0.5,27.339,long_nclose,13.6695,0.010222556333700629,26.0
1647022080000.0,218293,1647022080000.0,0.023000000000000045,-0.00055138,1337.2124384600027,1337.3088384600026,-0.1,27.569,0.4,27.339,long_nclose,10.9356,0.008177907777012572,1.0
1647022800000.0,218305,1647022800000.0,0.023000000000000045,-0.00055138,1337.2348870800026,1337.3101870800026,-0.1,27.569,0.3,27.339,long_nclose,8.201699999999999,0.006133327868755578,12.0
1647023160000.0,218311,1647023160000.0,0.023000000000000045,-0.00055138,1337.2573357000026,1337.2995357000027,-0.1,27.569,0.2,27.339,long_nclose,5.4678,0.004088816605472437,6.0
1647023280000.0,218313,1647023280000.0,0.023000000000000045,-0.00055138,1337.2797843200026,1337.3048843200027,-0.1,27.569,0.1,27.339,long_nclose,2.7339,0.0020443739837061616,2.0
1647023400000.0,218315,1647023400000.0,0.023000000000000045,-0.00055138,1337.3022329400026,1337.3022329400026,-0.1,27.569,0.0,27.339,long_nclose,0.0,0.0,2.0
1647073380000.0,219148,1647073380000.0,0.0,-0.0109068,1337.2913261400026,1337.2973261400027,2.0,27.267,2.0,27.267,long_ientry_normal,54.534,0.04077944643326788,833.0
1647076200000.0,219195,1647076200000.0,0.13800000000000026,-0.0032996400000000004,1337.4260265000025,1337.7732265000025,-0.6,27.497,1.4,27.267,long_nclose,38.1738,0.02854273749995692,47.0
1647076380000.0,219198,1647076380000.0,0.09200000000000018,-0.0021997600000000003,1337.5158267400027,1337.7738267400027,-0.4,27.497,1.0,27.267,long_nclose,27.267,0.020386300823414766,3.0
1647077280000.0,219213,1647077280000.0,0.06900000000000013,-0.0016498200000000002,1337.5831769200026,1337.7532769200027,-0.3,27.497,0.7,27.267,long_nclose,19.0869,0.01426969203062991,15.0
1647091860000.0,219456,1647091860000.0,0.04600000000000009,-0.0010998800000000001,1337.6280770400026,1337.7520770400026,-0.2,27.497,0.5,27.267,long_nclose,13.6335,0.010192295028801404,243.0
1647092160000.0,219461,1647092160000.0,0.023000000000000045,-0.0005499400000000001,1337.6505271000026,1337.7437271000026,-0.1,27.497,0.4,27.267,long_nclose,10.9068,0.008153699175557989,5.0
1647092700000.0,219470,1647092700000.0,0.023000000000000045,-0.0005499400000000001,1337.6729771600026,1337.7398771600026,-0.1,27.497,0.3,27.267,long_nclose,8.1801,0.006115171749501191,9.0
1647093780000.0,219488,1647093780000.0,0.023000000000000045,-0.0005499400000000001,1337.6954272200026,1337.7420272200025,-0.1,27.497,0.2,27.267,long_nclose,5.4534,0.004076712747185846,18.0
1647099780000.0,219588,1647099780000.0,0.023000000000000045,-0.0005499400000000001,1337.7178772800025,1337.7416772800025,-0.1,27.497,0.1,27.267,long_nclose,2.7267,0.0020383221651670167,100.0
1647100440000.0,219599,1647100440000.0,0.023000000000000045,-0.0005499400000000001,1337.7403273400025,1337.7403273400025,-0.1,27.497,0.0,27.267,long_nclose,0.0,0.0,11.0
1647174180000.0,220828,1647174180000.0,0.0,-0.0107232,1337.7296041400025,1337.6936041400024,2.0,26.808,2.0,26.808,long_ientry_normal,53.616,0.04007984859875219,1229.0
1647180900000.0,220940,1647180900000.0,0.13559999999999944,-0.00324408,1337.8619600600025,1338.1797600600025,-0.6,27.034,1.4,26.808,long_nclose,37.5312,0.028053118423605333,112.0
1647181560000.0,220951,1647181560000.0,0.09039999999999965,-0.0021627200000000004,1337.9501973400027,1338.1871973400027,-0.4,27.034,1.0,26.808,long_nclose,26.808,0.02003662023690968,11.0
1647181860000.0,220956,1647181860000.0,0.06779999999999972,-0.00162204,1338.0163753000027,1338.1787753000026,-0.3,27.034,0.7,26.808,long_nclose,18.7656,0.014024940461429315,5.0
1647182100000.0,220960,1647182100000.0,0.045199999999999824,-0.0010813600000000002,1338.0604939400027,1338.1814939400028,-0.2,27.034,0.5,26.808,long_nclose,13.404,0.010017484307104146,4.0
1647202080000.0,221293,1647202080000.0,0.0,-0.0080268,1338.0524671400028,1338.0244671400028,1.5,26.756,2.0,26.769,long_ientry_partial,53.538,0.04001188392442777,333.0
1647211800000.0,221455,1647211800000.0,0.0,-0.010960740000000002,1338.0415064000028,1336.8123064000029,2.1,26.097,4.1,26.424804878048782,long_rentry,108.3417,0.08097035815540062,162.0
1647231360000.0,221781,1647231360000.0,0.2888536585365813,-0.0069282200000000006,1338.3234318385394,1339.1079781800029,-1.3,26.647,2.8,26.424804878048782,long_nclose,73.98945365853659,0.05528518136822323,326.0
1647231720000.0,221787,1647231720000.0,0.19997560975609474,-0.00479646,1338.5186109882954,1338.9464817200028,-0.9,26.647,1.9,26.424804878048782,long_nclose,50.20712926829268,0.03750947417251243,6.0
1647235320000.0,221847,1647235320000.0,0.13331707317072983,-0.00319764,1338.648730421466,1338.9609840800026,-0.6,26.647,1.3,26.424804878048782,long_nclose,34.35224634146342,0.025661882434720427,60.0
1647235800000.0,221855,1647235800000.0,0.08887804878048655,-0.00213176,1338.7354767102465,1338.9651523200025,-0.4,26.647,0.9,26.424804878048782,long_nclose,23.782324390243904,0.017764767427158656,8.0
1647236820000.0,221872,1647236820000.0,0.06665853658536491,-0.00159882,1338.800536426832,1338.9296535000026,-0.3,26.647,0.6,26.424804878048782,long_nclose,15.85488292682927,0.011842602759291446,17.0
1647238860000.0,221906,1647238860000.0,0.044439024390243276,-0.00106588,1338.8439095712222,1338.9359876200026,-0.2,26.647,0.4,26.424804878048782,long_nclose,10.569921951219513,0.007894812737807974,34.0
1647261660000.0,222286,1647261660000.0,0.022219512195121638,-0.00053294,1338.8655961434172,1338.9376546800027,-0.1,26.647,0.3,26.424804878048782,long_nclose,7.927441463414635,0.005921013644871833,380.0
1647262380000.0,222298,1647262380000.0,0.022219512195121638,-0.00053294,1338.8872827156122,1338.9243217400024,-0.1,26.647,0.2,26.424804878048782,long_nclose,5.284960975609756,0.003947278492996423,12.0
1647262560000.0,222301,1647262560000.0,0.022219512195121638,-0.00053294,1338.9089692878072,1338.9309888000023,-0.1,26.647,0.1,26.424804878048782,long_nclose,2.642480487804878,0.0019736072790747434,3.0
1647262620000.0,222302,1647262620000.0,0.022219512195121638,-0.00053294,1338.9306558600022,1338.9306558600022,-0.1,26.647,0.0,26.424804878048782,long_nclose,0.0,0.0,1.0
1647277080000.0,222543,1647277080000.0,0.0,-0.010522,1338.9201338600021,1338.970133860002,2.0,26.305,2.0,26.305,long_ientry_normal,52.61,0.03929285897608357,241.0
1647298140000.0,222894,1647298140000.0,0.1332000000000008,-0.00318324,1339.0501506200021,1339.358150620002,-0.6,26.527,1.4,26.305,long_nclose,36.827,0.027502330650535003,351.0
1647298200000.0,222895,1647298200000.0,0.08880000000000053,-0.0021221600000000005,1339.136828460002,1339.4118284600022,-0.4,26.527,1.0,26.305,long_nclose,26.305,0.019643250369157993,1.0
1647298440000.0,222899,1647298440000.0,0.0666000000000004,-0.00159162,1339.2018368400022,1339.3068368400022,-0.3,26.527,0.7,26.305,long_nclose,18.4135,0.013749607783878738,4.0
1647298860000.0,222906,1647298860000.0,0.044400000000000266,-0.0010610800000000003,1339.2451757600022,1339.3576757600022,-0.2,26.527,0.5,26.305,long_nclose,13.1525,0.009820830597755296,7.0
1647307500000.0,223050,1647307500000.0,0.022200000000000133,-0.0005305400000000001,1339.2668452200023,1339.3568452200022,-0.1,26.527,0.4,26.305,long_nclose,10.522,0.007856537356654673,144.0
1647311700000.0,223120,1647311700000.0,0.022200000000000133,-0.0005305400000000001,1339.2885146800024,1339.3665146800024,-0.1,26.527,0.3,26.305,long_nclose,7.8915,0.005892307679414038,70.0
1647313560000.0,223151,1647313560000.0,0.022200000000000133,-0.0005305400000000001,1339.3101841400025,1339.3551841400026,-0.1,26.527,0.2,26.305,long_nclose,5.261,0.003928141562948087,31.0
1647324900000.0,223340,1647324900000.0,0.022200000000000133,-0.0005305400000000001,1339.3318536000027,1339.3563536000026,-0.1,26.527,0.1,26.305,long_nclose,2.6305,0.00196403900417171,189.0
1647326580000.0,223368,1647326580000.0,0.07330000000000006,-0.00054076,1339.4046128400028,1339.4046128400028,-0.1,27.038,0.0,26.305,long_nclose,0.0,0.0,28.0
1647404280000.0,224663,1647404280000.0,0.0,-0.01063,1339.3939828400028,1339.5139828400029,2.0,26.575,2.0,26.575,long_ientry_normal,53.15,0.039682125409659263,1295.0
1647409440000.0,224749,1647409440000.0,0.1344000000000001,-0.00321588,1339.5251669600027,1339.8191669600028,-0.6,26.799,1.4,26.575,long_nclose,37.205,0.027774767445717514,86.0
1647409500000.0,224750,1647409500000.0,0.08960000000000008,-0.00214392,1339.6126230400027,1339.8476230400026,-0.4,26.799,1.0,26.575,long_nclose,26.575,0.019837824415011078,1.0
1647410220000.0,224762,1647410220000.0,0.06720000000000005,-0.00160794,1339.6782151000027,1339.8322151000027,-0.3,26.799,0.7,26.575,long_nclose,18.6025,0.01388579719392644,12.0
1647410400000.0,224765,1647410400000.0,0.04480000000000004,-0.00107196,1339.7219431400026,1339.8344431400026,-0.2,26.799,0.5,26.575,long_nclose,13.2875,0.009918102833232044,3.0
1647410880000.0,224773,1647410880000.0,0.02240000000000002,-0.00053598,1339.7438071600027,1339.8318071600027,-0.1,26.799,0.4,26.575,long_nclose,10.63,0.007934352779382158,8.0
1647411060000.0,224776,1647411060000.0,0.02240000000000002,-0.00053598,1339.7656711800028,1339.8346711800027,-0.1,26.799,0.3,26.575,long_nclose,7.972499999999999,0.005950667472303717,3.0
1647415920000.0,224857,1647415920000.0,0.02240000000000002,-0.00053598,1339.7875352000028,1339.8425352000029,-0.1,26.799,0.2,26.575,long_nclose,5.315,0.003967046908826913,81.0
1647421500000.0,224950,1647421500000.0,0.0740000000000002,-0.0005463000000000001,1339.860988900003,1339.934988900003,-0.1,27.315,0.1,26.575,long_nclose,2.6575,0.001983414713926219,93.0
1647421560000.0,224951,1647421560000.0,0.0740000000000002,-0.0005463000000000001,1339.934442600003,1339.934442600003,-0.1,27.315,0.0,26.575,long_nclose,0.0,0.0,1.0
1647564780000.0,227338,1647564780000.0,0.0,-0.01055526,1339.923887340003,1339.9105873400028,1.9,27.777,1.9,27.777,long_ientry_normal,52.7763,0.0393875357388924,2387.0
1647579960000.0,227591,1647579960000.0,0.14039999999999891,-0.00336132,1340.0609260200029,1340.3508260200028,-0.6,28.011,1.3,27.777,long_nclose,36.1101,0.02694661063452349,253.0
1647580380000.0,227598,1647580380000.0,0.0935999999999993,-0.00224088,1340.1522851400027,1340.3439851400028,-0.4,28.011,0.9,27.777,long_nclose,24.9993,0.018654074075908755,7.0
1647580680000.0,227603,1647580680000.0,0.07019999999999946,-0.00168066,1340.2208044800027,1340.3666044800027,-0.3,28.011,0.6,27.777,long_nclose,16.6662,0.012435413585798185,5.0
1647582720000.0,227637,1647582720000.0,0.04679999999999965,-0.00112044,1340.2664840400028,1340.3596840400028,-0.2,28.011,0.4,27.777,long_nclose,11.110800000000001,0.008289993170991194,34.0
1647582780000.0,227638,1647582780000.0,0.023399999999999824,-0.00056022,1340.289323820003,1340.353223820003,-0.1,28.011,0.3,27.777,long_nclose,8.3331,0.0062173889263323805,1.0
1647583200000.0,227645,1647583200000.0,0.023399999999999824,-0.00056022,1340.312163600003,1340.364763600003,-0.1,28.011,0.2,27.777,long_nclose,5.555400000000001,0.004144855318688229,7.0
1647584340000.0,227664,1647584340000.0,0.023399999999999824,-0.00056022,1340.3350033800032,1340.3593033800032,-0.1,28.011,0.1,27.777,long_nclose,2.7777000000000003,0.0020723923444476997,19.0
1647585180000.0,227678,1647585180000.0,0.023399999999999824,-0.00056022,1340.3578431600033,1340.3578431600033,-0.1,28.011,0.0,27.777,long_nclose,0.0,0.0,14.0
1647597300000.0,227880,1647597300000.0,0.0,-0.01096,1340.3468831600032,1340.3268831600033,2.0,27.4,2.0,27.4,long_ientry_normal,54.8,0.04088493858455765,202.0
1647612600000.0,228135,1647612600000.0,0.13860000000000097,-0.00331572,1340.4821674400032,1340.832167440003,-0.6,27.631,1.4,27.4,long_nclose,38.35999999999999,0.028616568673388857,255.0
1647613140000.0,228144,1647613140000.0,0.09240000000000066,-0.0022104800000000003,1340.5723569600032,1340.817356960003,-0.4,27.631,1.0,27.4,long_nclose,27.4,0.020439031028608248,9.0
1647613740000.0,228154,1647613740000.0,0.06930000000000049,-0.00165786,1340.6399991000033,1340.8079991000031,-0.3,27.631,0.7,27.4,long_nclose,19.179999999999996,0.014306599842519908,10.0
1647615600000.0,228185,1647615600000.0,0.04620000000000033,-0.0011052400000000002,1340.6850938600032,1340.8050938600031,-0.2,27.631,0.5,27.4,long_nclose,13.7,0.010218656165226655,31.0
1647615780000.0,228188,1647615780000.0,0.023100000000000166,-0.0005526200000000001,1340.7076412400033,1340.8016412400034,-0.1,27.631,0.4,27.4,long_nclose,10.96,0.008174787450202966,3.0
1647615960000.0,228191,1647615960000.0,0.023100000000000166,-0.0005526200000000001,1340.7301886200034,1340.8021886200033,-0.1,27.631,0.3,27.4,long_nclose,8.219999999999999,0.006130987479636555,3.0
1647618120000.0,228227,1647618120000.0,0.023100000000000166,-0.0005526200000000001,1340.7527360000036,1340.7787360000036,-0.1,27.631,0.2,27.4,long_nclose,5.48,0.00408725625005921,36.0
1647618240000.0,228229,1647618240000.0,0.023100000000000166,-0.0005526200000000001,1340.7752833800037,1340.7997833800036,-0.1,27.631,0.1,27.4,long_nclose,2.74,0.0020435937580029415,2.0
1647619380000.0,228248,1647619380000.0,0.023100000000000166,-0.0005526200000000001,1340.7978307600038,1340.7978307600038,-0.1,27.631,0.0,27.4,long_nclose,0.0,0.0,19.0
1647739140000.0,230244,1647739140000.0,0.0,-0.01072094,1340.7871098200037,1340.9429098200037,1.9,28.213,1.9,28.213,long_ientry_normal,53.6047,0.03998002338133774,1996.0
1647740700000.0,230270,1647740700000.0,0.14279999999999973,-0.00341412,1340.926495700004,1341.254095700004,-0.6,28.451,1.3,28.213,long_nclose,36.6769,0.027351909383260833,26.0
1647741060000.0,230276,1647741060000.0,0.09519999999999983,-0.0022760800000000006,1341.0194196200039,1341.2372196200038,-0.4,28.451,0.9,28.213,long_nclose,25.3917,0.018934625128094778,6.0
1647741780000.0,230288,1647741780000.0,0.07139999999999987,-0.00170706,1341.089112560004,1341.219312560004,-0.3,28.451,0.6,28.213,long_nclose,16.9278,0.012622427429663147,12.0
1647741900000.0,230290,1647741900000.0,0.04759999999999991,-0.0011380400000000003,1341.1355745200042,1341.2503745200042,-0.2,28.451,0.4,28.213,long_nclose,11.285200000000001,0.008414660094330137,2.0
1647743160000.0,230311,1647743160000.0,0.023799999999999957,-0.0005690200000000002,1341.158805500004,1341.226905500004,-0.1,28.451,0.3,28.213,long_nclose,8.4639,0.006310885754386508,21.0
1647745800000.0,230355,1647745800000.0,0.023799999999999957,-0.0005690200000000002,1341.182036480004,1341.228436480004,-0.1,28.451,0.2,28.213,long_nclose,5.642600000000001,0.0042071842945416065,44.0
1647747060000.0,230376,1647747060000.0,0.023799999999999957,-0.0005690200000000002,1341.2052674600038,1341.2299674600038,-0.1,28.451,0.1,28.213,long_nclose,2.8213000000000004,0.0021035557110083707,21.0
1647747240000.0,230379,1647747240000.0,0.023799999999999957,-0.0005690200000000002,1341.2284984400037,1341.2284984400037,-0.1,28.451,0.0,28.213,long_nclose,0.0,0.0,3.0
1647777960000.0,230891,1647777960000.0,0.0,-0.0106229,1341.2178755400037,1341.1703755400038,1.9,27.955,1.9,27.955,long_ientry_normal,53.11449999999999,0.03960169407868571,512.0
1647842340000.0,231964,1647842340000.0,0.1416000000000004,-0.00338292,1341.3560926200037,1341.6355926200038,-0.6,28.191,1.3,27.955,long_nclose,36.341499999999996,0.027093103911740517,1073.0
1647842400000.0,231965,1647842400000.0,0.09440000000000026,-0.00225528,1341.4482373400035,1341.6462373400036,-0.4,28.191,0.9,27.955,long_nclose,25.159499999999998,0.01875547583549664,1.0
1647842460000.0,231966,1647842460000.0,0.0708000000000002,-0.00169146,1341.5173458800034,1341.6613458800034,-0.3,28.191,0.6,27.955,long_nclose,16.773,0.012503006428886174,1.0
1647843540000.0,231984,1647843540000.0,0.04720000000000013,-0.00112764,1341.5634182400033,1341.6534182400032,-0.2,28.191,0.4,27.955,long_nclose,11.182,0.008335051364675449,18.0
1647845460000.0,232016,1647845460000.0,0.023600000000000065,-0.00056382,1341.5864544200033,1341.6539544200034,-0.1,28.191,0.3,27.955,long_nclose,8.3865,0.006251181183567976,32.0
1647849000000.0,232075,1647849000000.0,0.023600000000000065,-0.00056382,1341.6094906000033,1341.6614906000032,-0.1,28.191,0.2,27.955,long_nclose,5.591,0.004167382564877024,59.0
1647853200000.0,232145,1647853200000.0,0.023600000000000065,-0.00056382,1341.6325267800032,1341.6585267800033,-0.1,28.191,0.1,27.955,long_nclose,2.7955,0.0020836555049163603,70.0
1647854580000.0,232168,1647854580000.0,0.023600000000000065,-0.00056382,1341.6555629600032,1341.6555629600032,-0.1,28.191,0.0,27.955,long_nclose,0.0,0.0,23.0
1648025160000.0,235011,1648025160000.0,0.0,-0.0109648,1341.6445981600032,1341.580598160003,2.0,27.412,2.0,27.412,long_ientry_normal,54.824,0.0408632808384488,2843.0
1648039320000.0,235247,1648039320000.0,0.13860000000000097,-0.00331716,1341.7798810000031,1342.022081000003,-0.6,27.643,1.4,27.412,long_nclose,38.376799999999996,0.02860141260383074,236.0
1648040040000.0,235259,1648040040000.0,0.09240000000000066,-0.0022114400000000003,1341.870069560003,1342.113069560003,-0.4,27.643,1.0,27.412,long_nclose,27.412,0.0204282073367866,12.0
1648040220000.0,235262,1648040220000.0,0.06930000000000049,-0.00165858,1341.9377109800032,1342.1253109800032,-0.3,27.643,0.7,27.412,long_nclose,19.188399999999998,0.014299024345911635,3.0
1648041060000.0,235276,1648041060000.0,0.04620000000000033,-0.0011057200000000001,1341.9828052600033,1342.0968052600033,-0.2,27.643,0.5,27.412,long_nclose,13.706,0.010213245614085585,14.0
1648041120000.0,235277,1648041120000.0,0.023100000000000166,-0.0005528600000000001,1342.0053524000034,1342.0845524000033,-0.1,27.643,0.4,27.412,long_nclose,10.9648,0.008170459216418825,1.0
1648041360000.0,235281,1648041360000.0,0.023100000000000166,-0.0005528600000000001,1342.0278995400035,1342.1022995400035,-0.1,27.643,0.3,27.412,long_nclose,8.2236,0.006127741459636375,4.0
1648041660000.0,235286,1648041660000.0,0.023100000000000166,-0.0005528600000000001,1342.0504466800037,1342.0930466800037,-0.1,27.643,0.2,27.412,long_nclose,5.4824,0.004085092340278633,5.0
1648042200000.0,235295,1648042200000.0,0.023100000000000166,-0.0005528600000000001,1342.0729938200038,1342.0957938200038,-0.1,27.643,0.1,27.412,long_nclose,2.7412,0.002042511854886221,9.0
1648044240000.0,235329,1648044240000.0,0.023100000000000166,-0.0005528600000000001,1342.095540960004,1342.095540960004,-0.1,27.643,0.0,27.412,long_nclose,0.0,0.0,34.0
1648223160000.0,238311,1648223160000.0,0.0,-0.01090486,1342.084636100004,1342.280336100004,1.9,28.697,1.9,28.697,long_ientry_normal,54.5243,0.04062657341674328,2982.0
1648228080000.0,238393,1648228080000.0,0.0,-0.01062974,1342.074006360004,1340.668006360004,1.9,27.973,3.8,28.335,long_rentry,107.673,0.08022880965561098,82.0
1648274580000.0,239168,1648274580000.0,0.2868000000000009,-0.006857760000000001,1342.353948600004,1342.834948600004,-1.2,28.574,2.6,28.335,long_nclose,73.671,0.05488194829451242,775.0
1648280220000.0,239262,1648280220000.0,0.19120000000000062,-0.004571840000000001,1342.5405767600041,1342.954576760004,-0.8,28.574,1.8,28.335,long_nclose,51.003,0.03798991321594701,94.0
1648280340000.0,239264,1648280340000.0,0.14340000000000044,-0.0034288800000000005,1342.680547880004,1342.962547880004,-0.6,28.574,1.2,28.335,long_nclose,34.002,0.025323968574421304,2.0
1648280520000.0,239267,1648280520000.0,0.09560000000000031,-0.0022859200000000003,1342.773861960004,1342.969861960004,-0.4,28.574,0.8,28.335,long_nclose,22.668000000000003,0.01688147248183119,3.0
1648280640000.0,239269,1648280640000.0,0.047800000000000155,-0.0011429600000000002,1342.8205190000042,1342.949519000004,-0.2,28.574,0.6,28.335,long_nclose,17.001,0.012660664444315024,2.0
1648280820000.0,239272,1648280820000.0,0.047800000000000155,-0.0011429600000000002,1342.8671760400043,1342.9711760400044,-0.2,28.574,0.4,28.335,long_nclose,11.334000000000001,0.008440149705217278,3.0
1648282380000.0,239298,1648282380000.0,0.023900000000000077,-0.0005714800000000001,1342.8905045600043,1342.9865045600043,-0.1,28.574,0.3,28.335,long_nclose,8.5005,0.00633000231302192,26.0
1648284480000.0,239333,1648284480000.0,0.023900000000000077,-0.0005714800000000001,1342.9138330800042,1342.9638330800042,-0.1,28.574,0.2,28.335,long_nclose,5.667000000000001,0.004219928233967629,35.0
1648284600000.0,239335,1648284600000.0,0.023900000000000077,-0.0005714800000000001,1342.9371616000042,1342.9616616000042,-0.1,28.574,0.1,28.335,long_nclose,2.8335000000000004,0.0021099274642337753,2.0
1648284840000.0,239339,1648284840000.0,0.023900000000000077,-0.0005714800000000001,1342.9604901200041,1342.9604901200041,-0.1,28.574,0.0,28.335,long_nclose,0.0,0.0,4.0
1648383600000.0,240985,1648383600000.0,0.0,-0.01075134,1342.949738780004,1343.0580387800042,1.9,28.293,1.9,28.293,long_ientry_normal,53.756699999999995,0.04002882494235041,1646.0
1648391280000.0,241113,1648391280000.0,0.14279999999999973,-0.0034237199999999995,1343.0891150600041,1343.410215060004,-0.6,28.531,1.3,28.293,long_nclose,36.7809,0.027385301233981613,128.0
1648391460000.0,241116,1648391460000.0,0.09519999999999983,-0.00228248,1343.182032580004,1343.422332580004,-0.4,28.531,0.9,28.293,long_nclose,25.4637,0.018957743166865437,3.0
1648392600000.0,241135,1648392600000.0,0.07139999999999987,-0.0017118599999999997,1343.2517207200042,1343.3969207200041,-0.3,28.531,0.6,28.293,long_nclose,16.9758,0.0126378397571683,19.0
1648392720000.0,241137,1648392720000.0,0.04759999999999991,-0.00114124,1343.2981794800044,1343.4049794800044,-0.2,28.531,0.4,28.293,long_nclose,11.3172,0.008424935113349836,2.0
1648393020000.0,241142,1648393020000.0,0.023799999999999957,-0.00057062,1343.3214088600043,1343.3925088600042,-0.1,28.531,0.3,28.293,long_nclose,8.4879,0.006318592068895237,5.0
1648394580000.0,241168,1648394580000.0,0.023799999999999957,-0.00057062,1343.3446382400043,1343.4000382400043,-0.1,28.531,0.2,28.293,long_nclose,5.6586,0.004212321871037999,26.0
1648397580000.0,241218,1648397580000.0,0.023799999999999957,-0.00057062,1343.3678676200043,1343.3930676200043,-0.1,28.531,0.1,28.293,long_nclose,2.8293,0.002106124515999156,50.0
1648413420000.0,241482,1648413420000.0,0.07880000000000004,-0.00058162,1343.4460860000042,1343.4460860000042,-0.1,29.081,0.0,28.293,long_nclose,0.0,0.0,264.0
1648509120000.0,243077,1648509120000.0,0.0,-0.010780920000000001,1343.4353050800044,1343.4047050800043,1.8,29.947,1.8,29.947,long_ientry_normal,53.9046,0.040124447970190776,1595.0
1648511580000.0,243118,1648511580000.0,0.0,-0.01050984,1343.4247952400044,1342.0549952400045,1.8,29.194,3.6,29.5705,long_rentry,106.4538,0.07924060980352972,41.0
1648512720000.0,243137,1648512720000.0,0.2994000000000014,-0.0071568000000000005,1343.7170384400044,1344.2678384400044,-1.2,29.82,2.4,29.5705,long_nclose,70.9692,0.052815583913702606,19.0
1648512960000.0,243141,1648512960000.0,0.19960000000000094,-0.004771200000000001,1343.9118672400043,1344.3510672400043,-0.8,29.82,1.6,29.5705,long_nclose,47.3128,0.03520528477597749,4.0
1648513440000.0,243149,1648513440000.0,0.12475000000000058,-0.0029820000000000003,1344.0336352400043,1344.3190852400044,-0.5,29.82,1.1,29.5705,long_nclose,32.527550000000005,0.02420144046037327,8.0
1648513500000.0,243150,1648513500000.0,0.0,-0.0041762,1344.0294590400042,1344.3149090400043,0.7,29.83,1.8,29.671416666666666,long_ientry_partial,53.40855,0.039737633457936225,1.0
1648514700000.0,243170,1648514700000.0,0.14975000000000022,-0.0035905200000000003,1344.1756185200043,1344.4559185200042,-0.6,29.921,1.2,29.671416666666666,long_nclose,35.6057,0.026488875046850963,20.0
1648514880000.0,243173,1648514880000.0,0.0998333333333335,-0.0023936800000000005,1344.2730581733376,1344.4679248400043,-0.4,29.921,0.8,29.671416666666666,long_nclose,23.737133333333333,0.01765797000022338,3.0
1648514940000.0,243174,1648514940000.0,0.04991666666666675,-0.0011968400000000002,1344.3217780000043,1344.4739280000042,-0.2,29.921,0.6,29.671416666666666,long_nclose,17.80285,0.013242997540727145,1.0
1648515060000.0,243176,1648515060000.0,0.04991666666666675,-0.0011968400000000002,1344.370497826671,1344.4719311600043,-0.2,29.921,0.4,29.671416666666666,long_nclose,11.868566666666666,0.008828345077382733,2.0
1648515180000.0,243178,1648515180000.0,0.0,-0.008358560000000001,1344.362139266671,1344.5117726000044,1.4,29.852,1.8,29.811870370370368,long_ientry_partial,53.661366666666666,0.03991585682109296,2.0
1648517820000.0,243222,1648517820000.0,0.1506777777777785,-0.0036075599999999997,1344.5092094844485,1344.8069650400041,-0.6,30.063,1.2,29.811870370370368,long_nclose,35.77424444444444,0.026607660395395923,44.0
1648517880000.0,243223,1648517880000.0,0.10045185185185233,-0.00240504,1344.6072562963004,1344.845760000004,-0.4,30.063,0.8,29.811870370370368,long_nclose,23.849496296296294,0.01773714680224868,1.0
1648520100000.0,243260,1648520100000.0,0.05022592592592617,-0.00120252,1344.6562797022261,1344.817157480004,-0.2,30.063,0.6,29.811870370370368,long_nclose,17.88712222222222,0.013302375106732347,37.0
1648520220000.0,243262,1648520220000.0,0.05022592592592617,-0.00120252,1344.7053031081518,1344.8205549600036,-0.2,30.063,0.4,29.811870370370368,long_nclose,11.924748148148147,0.008867926764760491,2.0
1648523100000.0,243310,1648523100000.0,0.025112962962963083,-0.00060126,1344.729814811115,1344.8147537000038,-0.1,30.063,0.3,29.811870370370368,long_nclose,8.94356111111111,0.006650823840302337,48.0
1648523400000.0,243315,1648523400000.0,0.025112962962963083,-0.00060126,1344.754326514078,1344.792952440004,-0.1,30.063,0.2,29.811870370370368,long_nclose,5.962374074074074,0.004433801740969267,5.0
1648524060000.0,243326,1648524060000.0,0.025112962962963083,-0.00060126,1344.778838217041,1344.806151180004,-0.1,30.063,0.1,29.811870370370368,long_nclose,2.981187037037037,0.0022168604623416053,11.0
1648524180000.0,243328,1648524180000.0,0.025112962962963083,-0.00060126,1344.8033499200042,1344.8033499200042,-0.1,30.063,0.0,29.811870370370368,long_nclose,0.0,0.0,2.0
1648570080000.0,244093,1648570080000.0,0.0,-0.010869120000000001,1344.7924808000041,1344.878880800004,1.8,30.192,1.8,30.192,long_ientry_normal,54.345600000000005,0.04041188568192345,765.0
1648570920000.0,244107,1648570920000.0,0.15240000000000078,-0.0036535200000000004,1344.9412272800041,1345.1848272800041,-0.6,30.446,1.2,30.192,long_nclose,36.230399999999996,0.026938277498766247,14.0
1648571940000.0,244124,1648571940000.0,0.10160000000000054,-0.0024356800000000004,1345.040391600004,1345.286791600004,-0.4,30.446,0.8,30.192,long_nclose,24.1536,0.01795752763325411,17.0
1648573860000.0,244156,1648573860000.0,0.05080000000000027,-0.0012178400000000002,1345.089973760004,1345.2447737600041,-0.2,30.446,0.6,30.192,long_nclose,18.115199999999998,0.013467649267626003,32.0
1648574280000.0,244163,1648574280000.0,0.0,-0.00723984,1345.082733920004,1344.8133339200042,1.2,30.166,1.8,30.174666666666667,long_ientry_partial,54.3144,0.04037996967049778,7.0
1648577220000.0,244212,1648577220000.0,0.1525999999999989,-0.0036514799999999995,1345.231682440004,1345.6100824400041,-0.6,30.429,1.2,30.174666666666667,long_nclose,36.2096,0.0269169991107572,49.0
1648580580000.0,244268,1648580580000.0,0.10173333333333262,-0.0024343200000000002,1345.3309814533375,1345.5032481200042,-0.4,30.429,0.8,30.174666666666667,long_nclose,24.139733333333336,0.017943341576253307,56.0
1648580640000.0,244269,1648580640000.0,0.05086666666666631,-0.0012171600000000001,1345.3806309600043,1345.5458309600042,-0.2,30.429,0.6,30.174666666666667,long_nclose,18.1048,0.013457009550584369,1.0
1648583640000.0,244319,1648583640000.0,0.05086666666666631,-0.0012171600000000001,1345.430280466671,1345.5384138000045,-0.2,30.429,0.4,30.174666666666667,long_nclose,12.069866666666668,0.00897100863708832,50.0
1648583940000.0,244324,1648583940000.0,0.025433333333333155,-0.0006085800000000001,1345.4551052200043,1345.5407052200044,-0.1,30.429,0.3,30.174666666666667,long_nclose,9.0524,0.006728132335950208,5.0
1648584240000.0,244329,1648584240000.0,0.025433333333333155,-0.0006085800000000001,1345.4799299733374,1345.531996640004,-0.1,30.429,0.2,30.174666666666667,long_nclose,6.034933333333334,0.004485338799110087,5.0
1648585380000.0,244348,1648585380000.0,0.025433333333333155,-0.0006085800000000001,1345.5047547266706,1345.532788060004,-0.1,30.429,0.1,30.174666666666667,long_nclose,3.017466666666667,0.0022426280219869183,19.0
1648586280000.0,244363,1648586280000.0,0.025433333333333155,-0.0006085800000000001,1345.5295794800038,1345.5295794800038,-0.1,30.429,0.0,30.174666666666667,long_nclose,0.0,0.0,15.0
1648587120000.0,244377,1648587120000.0,0.0,-0.01082376,1345.5187557200038,1345.4809557200037,1.8,30.066,1.8,30.066,long_ientry_normal,54.1188,0.04022151290714662,14.0
1648604580000.0,244668,1648604580000.0,0.0,-0.0105516,1345.5082041200037,1344.2374041200037,1.8,29.31,3.6,29.688,long_rentry,106.8768,0.07943229158524538,291.0
1648609560000.0,244751,1648609560000.0,0.3,-0.00718512,1345.8010190000036,1346.3938190000035,-1.2,29.938,2.4,29.688,long_nclose,71.2512,0.052943339315453294,83.0
1648609620000.0,244752,1648609620000.0,0.2,-0.00479008,1345.9962289200037,1346.4314289200036,-0.8,29.938,1.6,29.688,long_nclose,47.5008,0.035290440626355654,1.0
1648609980000.0,244758,1648609980000.0,0.125,-0.0029938,1346.1182351200036,1346.3899351200037,-0.5,29.938,1.1,29.688,long_nclose,32.656800000000004,0.024259978914176673,6.0
1648610040000.0,244759,1648610040000.0,0.075,-0.00179628,1346.1914388400037,1346.3850388400037,-0.3,29.938,0.8,29.688,long_nclose,23.7504,0.017642661596827137,1.0
1648610100000.0,244760,1648610100000.0,0.05,-0.00119752,1346.2402413200036,1346.3884413200037,-0.2,29.938,0.6,29.688,long_nclose,17.8128,0.01323151652526324,1.0
1648610160000.0,244761,1648610160000.0,0.05,-0.00119752,1346.2890438000036,1346.3898438000035,-0.2,29.938,0.4,29.688,long_nclose,11.8752,0.008820691258454678,1.0
1648610280000.0,244763,1648610280000.0,0.025,-0.00059876,1346.3134450400037,1346.3860450400036,-0.1,29.938,0.3,29.688,long_nclose,8.9064,0.0066153985409655915,2.0
1648610340000.0,244764,1648610340000.0,0.025,-0.00059876,1346.3378462800038,1346.3942462800037,-0.1,29.938,0.2,29.688,long_nclose,5.9376,0.0044101857616243014,1.0
1648610580000.0,244768,1648610580000.0,0.025,-0.00059876,1346.3622475200038,1346.3859475200038,-0.1,29.938,0.1,29.688,long_nclose,2.9688,0.002205052916084451,4.0
1648610640000.0,244769,1648610640000.0,0.025,-0.00059876,1346.386648760004,1346.386648760004,-0.1,29.938,0.0,29.688,long_nclose,0.0,0.0,1.0
1648647480000.0,245383,1648647480000.0,0.0,-0.010692,1346.3759567600039,1346.4929567600038,1.8,29.7,1.8,29.7,long_ientry_normal,53.46,0.039706591410507065,614.0
1648647900000.0,245390,1648647900000.0,0.15,-0.003594,1346.522362760004,1346.768362760004,-0.6,29.95,1.2,29.7,long_nclose,35.64,0.02646818276894244,7.0
1648648200000.0,245395,1648648200000.0,0.1,-0.002396,1346.6199667600038,1346.8279667600038,-0.4,29.95,0.8,29.7,long_nclose,23.76,0.017644176223799105,5.0
1648648380000.0,245398,1648648380000.0,0.05,-0.001198,1346.6687687600038,1346.8007687600038,-0.2,29.95,0.6,29.7,long_nclose,17.82,0.013232652611680034,3.0
1648649160000.0,245411,1648649160000.0,0.0,-0.007118640000000001,1346.6616501200037,1346.6454501200037,1.2,29.661,1.8,29.674,long_ientry_partial,53.4132,0.03966341507923705,13.0
1648649700000.0,245420,1648649700000.0,0.15,-0.0035908800000000003,1346.8080592400038,1347.1212592400038,-0.6,29.924,1.2,29.674,long_nclose,35.608799999999995,0.026439402226397308,9.0
1648650840000.0,245439,1648650840000.0,0.1,-0.00239392,1346.9056653200037,1347.1544653200037,-0.4,29.924,0.8,29.674,long_nclose,23.7392,0.017624990829895975,19.0
1648652760000.0,245471,1648652760000.0,0.05,-0.00119696,1346.9544683600036,1347.0720683600036,-0.2,29.924,0.6,29.674,long_nclose,17.804399999999998,0.01321826417909872,32.0
1648653360000.0,245481,1648653360000.0,0.05,-0.00119696,1347.0032714000035,1347.1136714000036,-0.2,29.924,0.4,29.674,long_nclose,11.8696,0.008811856846986993,10.0
1648653480000.0,245483,1648653480000.0,0.025,-0.00059848,1347.0276729200036,1347.1044729200037,-0.1,29.924,0.3,29.674,long_nclose,8.902199999999999,0.006608772914592287,2.0
1648653600000.0,245485,1648653600000.0,0.025,-0.00059848,1347.0520744400037,1347.1012744400036,-0.1,29.924,0.2,29.674,long_nclose,5.9348,0.004405768798854502,2.0
1648654380000.0,245498,1648654380000.0,0.025,-0.00059848,1347.0764759600038,1347.1015759600039,-0.1,29.924,0.1,29.674,long_nclose,2.9674,0.002202844495436134,13.0
1648655940000.0,245524,1648655940000.0,0.08270000000000018,-0.0006100200000000001,1347.1585659400037,1347.1585659400037,-0.1,30.501,0.0,29.674,long_nclose,0.0,0.0,26.0
1648684680000.0,246003,1648684680000.0,0.0,-0.01075068,1347.1478152600037,1347.3224152600037,1.8,29.863,1.8,29.863,long_ientry_normal,53.7534,0.03990163469153192,479.0
1648685580000.0,246018,1648685580000.0,0.15119999999999933,-0.0036138,1347.2954014600036,1347.5738014600036,-0.6,30.115,1.2,29.863,long_nclose,35.8356,0.026598175842630033,15.0
1648685760000.0,246021,1648685760000.0,0.10079999999999956,-0.0024092,1347.3937922600035,1347.6113922600034,-0.4,30.115,0.8,29.863,long_nclose,23.8904,0.017730822375193134,3.0
1648685940000.0,246024,1648685940000.0,0.05039999999999978,-0.0012046,1347.4429876600036,1347.5971876600036,-0.2,30.115,0.6,29.863,long_nclose,17.9178,0.013297631264619521,3.0
1648691280000.0,246113,1648691280000.0,0.2496000000000002,-0.0018417,1347.6907459600036,1347.9463459600036,-0.3,30.695,0.3,29.863,long_nclose,8.9589,0.006647593319800001,89.0
1648693380000.0,246148,1648693380000.0,0.08320000000000008,-0.0006139,1347.7733320600037,1347.9417320600037,-0.1,30.695,0.2,29.863,long_nclose,5.9726,0.004431457321440825,35.0
1648695300000.0,246180,1648695300000.0,0.08320000000000008,-0.0006139,1347.8559181600037,1347.9416181600038,-0.1,30.695,0.1,29.863,long_nclose,2.9863,0.0022155928981464745,32.0
1648695480000.0,246183,1648695480000.0,0.08320000000000008,-0.0006139,1347.9385042600038,1347.9385042600038,-0.1,30.695,0.0,29.863,long_nclose,0.0,0.0,3.0
1648735200000.0,246845,1648735200000.0,0.0,-0.010827,1347.9276772600037,1347.8286772600038,1.8,30.075,1.8,30.075,long_ientry_normal,54.135,0.04016165029717527,662.0
1648735440000.0,246849,1648735440000.0,0.0,-0.010554840000000001,1347.9171224200038,1346.4519224200037,1.8,29.319,3.6,29.697,long_rentry,106.9092,0.07931437194599837,4.0
1648744200000.0,246995,1648744200000.0,0.0,-0.01092918,1347.9061932400039,1345.3010932400039,1.9,28.761,5.5,29.373654545454546,long_rentry,161.5551,0.11985633778539515,146.0
1648779900000.0,247590,1648779900000.0,0.0,-0.015256620000000002,1347.890936620004,1341.7437366200038,2.7,28.253,8.2,29.004658536585367,long_rentry,237.8382,0.17645211013615644,595.0
1648825260000.0,248346,1648825260000.0,0.659721951219505,-0.015794460000000003,1348.5348641112234,1349.856742160004,-2.7,29.249,5.5,29.004658536585367,long_nclose,159.52562195121953,0.1182955118156013,756.0
1648825320000.0,248347,1648825320000.0,0.43981463414633665,-0.01052964,1348.9641491053699,1349.779412520004,-1.8,29.249,3.7,29.004658536585367,long_nclose,107.31723658536586,0.07955529185600553,1.0
1648825680000.0,248353,1648825680000.0,0.2932097560975578,-0.00701976,1349.2503391014675,1349.901192760004,-1.2,29.249,2.5,29.004658536585367,long_nclose,72.51164634146342,0.05374217388728063,6.0
1648827120000.0,248377,1648827120000.0,0.1954731707317052,-0.00467984,1349.441132432199,1349.832712920004,-0.8,29.249,1.7,29.004658536585367,long_nclose,49.30791951219512,0.036539511303708194,24.0
1648827180000.0,248378,1648827180000.0,0.12217073170731574,-0.0029249,1349.5603782639064,1349.794788020004,-0.5,29.249,1.2,29.004658536585367,long_nclose,34.80559024390244,0.025790317205871768,1.0
1648827540000.0,248384,1648827540000.0,0.0977365853658526,-0.00233992,1349.6557749292724,1349.856048100004,-0.4,29.249,0.8,29.004658536585367,long_nclose,23.203726829268295,0.017192329526011376,6.0
1648827660000.0,248386,1648827660000.0,0.0488682926829263,-0.00116996,1349.7034732619554,1349.8356781400041,-0.2,29.249,0.6,29.004658536585367,long_nclose,17.40279512195122,0.012893791463611075,2.0
1648827780000.0,248388,1648827780000.0,0.0488682926829263,-0.00116996,1349.7511715946384,1349.8553081800044,-0.2,29.249,0.4,29.004658536585367,long_nclose,11.601863414634147,0.008595557209946586,2.0
1648827960000.0,248391,1648827960000.0,0.02443414634146315,-0.00058498,1349.77502076098,1349.8531232000043,-0.1,29.249,0.3,29.004658536585367,long_nclose,8.70139756097561,0.00644655400132528,3.0
1648828260000.0,248396,1648828260000.0,0.02443414634146315,-0.00058498,1349.7988699273214,1349.8509382200043,-0.1,29.249,0.2,29.004658536585367,long_nclose,5.800931707317074,0.004297626732810511,5.0
1648829220000.0,248412,1648829220000.0,0.02443414634146315,-0.00058498,1349.822719093663,1349.8482532400044,-0.1,29.249,0.1,29.004658536585367,long_nclose,2.900465853658537,0.0021487754003770595,16.0
1648829880000.0,248423,1648829880000.0,0.02443414634146315,-0.00058498,1349.8465682600045,1349.8465682600045,-0.1,29.249,0.0,29.004658536585367,long_nclose,0.0,0.0,11.0
1649032020000.0,251792,1649032020000.0,0.0,-0.01072802,1349.8358402400045,1349.9667402400046,1.7,31.553,1.7,31.553,long_ientry_normal,53.6401,0.03973823957027444,3369.0
1649032140000.0,251794,1649032140000.0,0.13299999999999912,-0.0031819,1349.9656583400044,1350.2320583400044,-0.5,31.819,1.2,31.553,long_nclose,37.8636,0.02804782459915259,2.0
1649032200000.0,251795,1649032200000.0,0.1063999999999993,-0.0025455200000000003,1350.0695128200043,1350.2111128200042,-0.4,31.819,0.8,31.553,long_nclose,25.242400000000004,0.01869711134152942,1.0
1649032380000.0,251798,1649032380000.0,0.05319999999999965,-0.0012727600000000002,1350.1214400600045,1350.3296400600045,-0.2,31.819,0.6,31.553,long_nclose,18.9318,0.014022294171669919,3.0
1649032560000.0,251801,1649032560000.0,0.05319999999999965,-0.0012727600000000002,1350.1733673000047,1350.2701673000047,-0.2,31.819,0.4,31.553,long_nclose,12.621200000000002,0.009347836585785363,3.0
1649032620000.0,251802,1649032620000.0,0.026599999999999825,-0.0006363800000000001,1350.1993309200045,1350.2944309200045,-0.1,31.819,0.3,31.553,long_nclose,9.4659,0.007010742623868792,1.0
1649033520000.0,251817,1649033520000.0,0.026599999999999825,-0.0006363800000000001,1350.2252945400044,1350.2796945400044,-0.1,31.819,0.2,31.553,long_nclose,6.310600000000001,0.004673738542388883,15.0
1649034000000.0,251825,1649034000000.0,0.0,-0.0094629,1350.2158316400044,1350.2342316400043,1.5,31.543,1.7,31.544176470588237,long_ientry_partial,53.6251,0.039715946697844354,8.0
1649036580000.0,251868,1649036580000.0,0.13291176470588084,-0.0031810000000000002,1350.34556240471,1350.6705506400042,-0.5,31.81,1.2,31.544176470588237,long_nclose,37.85301176470588,0.028032092538814158,43.0
1649039580000.0,251918,1649039580000.0,0.10632941176470467,-0.0025448000000000003,1350.4493470164748,1350.6940058400041,-0.4,31.81,0.8,31.544176470588237,long_nclose,25.23534117647059,0.018686625479306284,50.0
1649045100000.0,252010,1649045100000.0,0.05316470588235234,-0.0012724000000000001,1350.5012393223572,1350.6697334400042,-0.2,31.81,0.6,31.544176470588237,long_nclose,18.92650588235294,0.01401443059159999,92.0
1649045460000.0,252016,1649045460000.0,0.05316470588235234,-0.0012724000000000001,1350.5531316282395,1350.6694610400043,-0.2,31.81,0.4,31.544176470588237,long_nclose,12.617670588235296,0.009342594743402145,6.0
1649045580000.0,252018,1649045580000.0,0.02658235294117617,-0.0006362000000000001,1350.5790777811808,1350.6708248400043,-0.1,31.81,0.3,31.544176470588237,long_nclose,9.46325294117647,0.007006811446185971,2.0
1649049060000.0,252076,1649049060000.0,0.02658235294117617,-0.0006362000000000001,1350.605023934122,1350.6591886400045,-0.1,31.81,0.2,31.544176470588237,long_nclose,6.308835294117648,0.004671117893328206,58.0
1649052540000.0,252134,1649052540000.0,0.08788235294117648,-0.0006484600000000001,1350.6922578270633,1350.7808401800044,-0.1,32.423,0.1,31.544176470588237,long_nclose,3.154417647058824,0.002335408105569153,58.0
1649052780000.0,252138,1649052780000.0,0.08788235294117648,-0.0006484600000000001,1350.7794917200044,1350.7794917200044,-0.1,32.423,0.0,31.544176470588237,long_nclose,0.0,0.0,4.0
1649066040000.0,252359,1649066040000.0,0.0,-0.01072598,1350.7687657400045,1350.8588657400044,1.7,31.547,1.7,31.547,long_ientry_normal,53.6299,0.03970324259801745,221.0
1649079060000.0,252576,1649079060000.0,0.0,-0.011072160000000001,1350.7576935800046,1349.2344935800045,1.8,30.756,3.5,31.1402,long_rentry,108.9907,0.08068856503133036,217.0
1649094180000.0,252828,1649094180000.0,0.0,-0.010854720000000002,1350.7468388600046,1347.2245388600045,1.8,30.152,5.3,30.80458490566038,long_rentry,163.26430000000002,0.12086965173858254,252.0
1649103540000.0,252984,1649103540000.0,0.44100566037735295,-0.01056176,1351.177282760382,1352.1147771000046,-1.7,31.064,3.6,30.80458490566038,long_nclose,110.89650566037737,0.08207398620099786,156.0
1649104320000.0,252997,1649104320000.0,0.31129811320754325,-0.00745536,1351.4811255135896,1352.1541217400047,-1.2,31.064,2.4,30.80458490566038,long_nclose,73.9310037735849,0.05470368943960624,13.0
1649104680000.0,253003,1649104680000.0,0.20753207547169553,-0.004970240000000001,1351.6836873490613,1352.1083515000048,-0.8,31.064,1.6,30.80458490566038,long_nclose,49.28733584905661,0.03646366106978737,6.0
1649106720000.0,253037,1649106720000.0,0.1297075471698097,-0.0031064,1351.8102884962311,1352.2232451000048,-0.5,31.064,1.1,30.80458490566038,long_nclose,33.88504339622642,0.025066419219164637,34.0
1649109360000.0,253081,1649109360000.0,0.07782452830188581,-0.00186384,1351.886249184533,1352.1625812600046,-0.3,31.064,0.8,30.80458490566038,long_nclose,24.643667924528305,0.018229098742141608,44.0
1649110080000.0,253093,1649110080000.0,0.05188301886792388,-0.0012425600000000002,1351.936889643401,1352.0931387000048,-0.2,31.064,0.6,30.80458490566038,long_nclose,18.482750943396226,0.013671311941396468,12.0
1649112060000.0,253126,1649112060000.0,0.05188301886792388,-0.0012425600000000002,1351.987530102269,1352.0836961400048,-0.2,31.064,0.4,30.80458490566038,long_nclose,12.321833962264153,0.009113866576367083,33.0
1649112300000.0,253130,1649112300000.0,0.02594150943396194,-0.0006212800000000001,1352.012850331703,1352.102974860005,-0.1,31.064,0.3,30.80458490566038,long_nclose,9.241375471698113,0.006835271920256404,4.0
1649113860000.0,253156,1649113860000.0,0.02594150943396194,-0.0006212800000000001,1352.0381705611371,1352.090253580005,-0.1,31.064,0.2,30.80458490566038,long_nclose,6.160916981132076,0.004556762608688117,26.0
1649113980000.0,253158,1649113980000.0,0.02594150943396194,-0.0006212800000000001,1352.0634907905712,1352.0885323000052,-0.1,31.064,0.1,30.80458490566038,long_nclose,3.080458490566038,0.0022783386368674515,2.0
1649114580000.0,253168,1649114580000.0,0.02594150943396194,-0.0006212800000000001,1352.0888110200053,1352.0888110200053,-0.1,31.064,0.0,30.80458490566038,long_nclose,0.0,0.0,10.0
1649118960000.0,253241,1649118960000.0,0.0,-0.0109566,1352.0778544200052,1351.9608544200053,1.8,30.435,1.8,30.435,long_ientry_normal,54.783,0.04051763722104599,73.0
1649124840000.0,253339,1649124840000.0,0.15360000000000013,-0.00368292,1352.2277715000052,1352.5457715000052,-0.6,30.691,1.2,30.435,long_nclose,36.522,0.02700876344189168,98.0
1649127180000.0,253378,1649127180000.0,0.1024000000000001,-0.0024552800000000002,1352.3277162200052,1352.523716220005,-0.4,30.691,0.8,30.435,long_nclose,24.348,0.018004511560302083,39.0
1649127240000.0,253379,1649127240000.0,0.05120000000000005,-0.0012276400000000001,1352.3776885800053,1352.5396885800053,-0.2,30.691,0.6,30.435,long_nclose,18.261,0.013502884700186103,1.0
1649128680000.0,253403,1649128680000.0,0.05120000000000005,-0.0012276400000000001,1352.4276609400054,1352.5216609400054,-0.2,30.691,0.4,30.435,long_nclose,12.174,0.00900159051134643,24.0
1649128860000.0,253406,1649128860000.0,0.025600000000000026,-0.0006138200000000001,1352.4526471200054,1352.5321471200054,-0.1,30.691,0.3,30.435,long_nclose,9.1305,0.006751068157131445,3.0
1649140980000.0,253608,1649140980000.0,0.025600000000000026,-0.0006138200000000001,1352.4776333000054,1352.5306333000055,-0.1,30.691,0.2,30.435,long_nclose,6.087,0.004500628956907701,202.0
1649141280000.0,253613,1649141280000.0,0.025600000000000026,-0.0006138200000000001,1352.5026194800055,1352.5291194800054,-0.1,30.691,0.1,30.435,long_nclose,3.0435,0.002250272906066629,5.0
1649143380000.0,253648,1649143380000.0,0.025600000000000026,-0.0006138200000000001,1352.5276056600055,1352.5276056600055,-0.1,30.691,0.0,30.435,long_nclose,0.0,0.0,35.0
1649167560000.0,254051,1649167560000.0,0.0,-0.010855440000000001,1352.5167502200056,1352.3745502200056,1.8,30.154,1.8,30.154,long_ientry_normal,54.2772,0.04013051963398683,403.0
1649192520000.0,254467,1649192520000.0,0.0,-0.010582560000000001,1352.5061676600055,1351.0301676600054,1.8,29.396,3.6,29.775,long_rentry,107.19,0.07925287334212404,416.0
1649203980000.0,254658,1649203980000.0,0.0,-0.01095806,1352.4952096000056,1348.8324096000056,1.9,28.837,5.5,29.450963636363635,long_rentry,161.9803,0.11976404711104666,191.0
1649204400000.0,254665,1649204400000.0,0.0,-0.015297120000000003,1352.4799124800056,1345.0900124800055,2.7,28.328,8.2,29.081207317073172,long_rentry,238.4659,0.1763175170289454,7.0
1649228280000.0,255063,1649228280000.0,0.6609402439024366,-0.015836040000000003,1353.125016683908,1354.4933764400055,-2.7,29.326,5.5,29.081207317073172,long_nclose,159.94664024390244,0.1182053677759076,398.0
1649228400000.0,255065,1649228400000.0,0.440626829268291,-0.01055736,1353.5550861531763,1354.4201190800056,-1.8,29.326,3.7,29.081207317073172,long_nclose,107.60046707317075,0.07949470854486823,2.0
1649228460000.0,255066,1649228460000.0,0.29375121951219396,-0.007038240000000001,1353.8417991326885,1354.4387808400056,-1.2,29.326,2.5,29.081207317073172,long_nclose,72.70301829268293,0.05370126578988672,1.0
1649243580000.0,255318,1649243580000.0,0.0,-0.01074868,1353.8310504526885,1351.8386321600055,1.9,28.286,4.4,28.73782233924612,long_rentry,126.44641829268294,0.09339896455351818,252.0
1649252940000.0,255474,1649252940000.0,0.0,-0.01221704,1353.8188334126885,1349.1072151200055,2.2,27.766,6.6,28.41388155949742,long_rentry,187.53161829268296,0.1385204679269794,156.0
1649263080000.0,255643,1649263080000.0,0.0,-0.017436160000000003,1353.8013972526885,1346.5799789600055,3.2,27.244,9.8,28.031879417620708,long_rentry,274.71241829268297,0.20291928997131004,169.0
1649292720000.0,256137,1649292720000.0,0.0,-0.02551968,1353.7758775726886,1337.9270592800058,4.8,26.583,14.6,27.55553549949883,long_rentry,402.31081829268294,0.2971768259115561,494.0
1649372520000.0,257467,1649372520000.0,1.1158296024056142,-0.02667648,1354.8650306950942,1357.0647828000058,-4.8,27.788,9.8,27.55553549949883,long_nclose,270.0442478950886,0.1993145012802834,1330.0
1649373240000.0,257479,1649373240000.0,0.7438864016037429,-0.017784320000000003,1355.591132776698,1357.1385984800058,-3.2,27.788,6.6,27.55553549949883,long_nclose,181.86653429669227,0.13416031567288994,12.0
1649373360000.0,257481,1649373360000.0,0.5114219011025732,-0.012226720000000002,1356.0903279578006,1357.0999717600057,-2.2,27.788,4.4,27.55553549949883,long_nclose,121.24435619779486,0.08940728629809075,2.0
1649373420000.0,257482,1649373420000.0,0.32545030070163744,-0.00778064,1356.4079976185023,1357.186391120006,-1.4,27.788,3.0,27.55553549949883,long_nclose,82.66660649849649,0.06094523671611892,1.0
1649376840000.0,257539,1649376840000.0,0.23246450050116962,-0.0055576,1356.6349045190036,1357.123833520006,-1.0,27.788,2.0,27.55553549949883,long_nclose,55.11107099899766,0.040623362125963694,57.0
1649377140000.0,257544,1649377140000.0,0.13947870030070178,-0.00333456,1356.7710486593044,1357.099298960006,-0.6,27.788,1.4,27.55553549949883,long_nclose,38.57774969929836,0.02843350006430269,5.0
1649384760000.0,257671,1649384760000.0,0.09298580020046786,-0.0022230400000000003,1356.8618114195049,1357.091275920006,-0.4,27.788,1.0,27.55553549949883,long_nclose,27.55553549949883,0.020308284357027574,127.0
1649384820000.0,257672,1649384820000.0,0.06973935015035089,-0.00166728,1356.9298834896551,1357.094008640006,-0.3,27.788,0.7,27.55553549949883,long_nclose,19.28887484964918,0.014215085896732874,1.0
1649385540000.0,257684,1649385540000.0,0.04649290010023393,-0.0011115200000000002,1356.9752648697554,1357.097497120006,-0.2,27.788,0.5,27.55553549949883,long_nclose,13.777767749749415,0.010153293215018054,12.0
1649387040000.0,257709,1649387040000.0,0.023246450050116964,-0.0005557600000000001,1356.9979555598054,1357.089741360006,-0.1,27.788,0.4,27.55553549949883,long_nclose,11.022214199799533,0.008122498751483022,25.0
1649387400000.0,257715,1649387400000.0,0.023246450050116964,-0.0005557600000000001,1357.0206462498554,1357.0954856000058,-0.1,27.788,0.3,27.55553549949883,long_nclose,8.26666064984965,0.006091772201620275,6.0
1649388060000.0,257726,1649388060000.0,0.023246450050116964,-0.0005557600000000001,1357.0433369399054,1357.0902298400056,-0.1,27.788,0.2,27.55553549949883,long_nclose,5.511107099899767,0.004061113562023125,11.0
1649389140000.0,257744,1649389140000.0,0.023246450050116964,-0.0005557600000000001,1357.0660276299554,1357.0899740800055,-0.1,27.788,0.1,27.55553549949883,long_nclose,2.7555535499498833,0.0020305228292851105,18.0
1649389920000.0,257757,1649389920000.0,0.023246450050116964,-0.0005557600000000001,1357.0887183200055,1357.0887183200055,-0.1,27.788,0.0,27.55553549949883,long_nclose,0.0,0.0,13.0
1649417700000.0,258220,1649417700000.0,0.0,-0.0108812,1357.0778371200054,1357.1218371200055,2.0,27.203,2.0,27.203,long_ientry_normal,54.406,0.04009055229688267,463.0
1649426160000.0,258361,1649426160000.0,0.13739999999999952,-0.00329184,1357.2119452800055,1357.5367452800056,-0.6,27.432,1.4,27.203,long_nclose,38.084199999999996,0.028060613622246648,141.0
1649426880000.0,258373,1649426880000.0,0.5305999999999993,-0.003914539999999999,1357.7386307400054,1358.3280307400055,-0.7,27.961,0.7,27.203,long_nclose,19.042099999999998,0.014024864262440203,12.0
1649427420000.0,258382,1649427420000.0,0.9002000000000009,-0.00398846,1358.6348422800054,1358.6348422800054,-0.7,28.489,0.0,27.203,long_nclose,0.0,0.0,9.0
1649454240000.0,258829,1649454240000.0,0.0,-0.010936000000000001,1358.6239062800055,1358.6239062800055,2.0,27.34,2.0,27.34,long_ientry_normal,54.68,0.04024660522109989,447.0
1649459460000.0,258916,1649459460000.0,0.0,-0.010660800000000002,1358.6132454800054,1357.4492454800054,2.0,26.652,4.0,26.996000000000002,long_rentry,107.98400000000001,0.07948104463080564,87.0
1649510580000.0,259768,1649510580000.0,0.2950999999999958,-0.00707798,1358.9012675000054,1359.5465675000053,-1.3,27.223,2.7,26.996000000000002,long_nclose,72.88920000000002,0.05363833395644377,852.0
1649511000000.0,259775,1649511000000.0,0.2042999999999971,-0.00490014,1359.1006673600054,1359.5128673600054,-0.9,27.223,1.8,26.996000000000002,long_nclose,48.592800000000004,0.03575364295449095,7.0
1649511300000.0,259780,1649511300000.0,0.13619999999999804,-0.00326676,1359.2336006000053,1359.5264006000052,-0.6,27.223,1.2,26.996000000000002,long_nclose,32.3952,0.023833430828740416,5.0
1649512800000.0,259805,1649512800000.0,0.09079999999999872,-0.0021778400000000003,1359.3222227600052,1359.525422760005,-0.4,27.223,0.8,26.996000000000002,long_nclose,21.5968,0.015887917992063183,25.0
1649547120000.0,260377,1649547120000.0,0.04539999999999936,-0.0010889200000000002,1359.366533840005,1359.4949338400052,-0.2,27.223,0.6,26.996000000000002,long_nclose,16.1976,0.01191555007187372,572.0
1649547180000.0,260378,1649547180000.0,0.04539999999999936,-0.0010889200000000002,1359.410844920005,1359.502444920005,-0.2,27.223,0.4,26.996000000000002,long_nclose,10.7984,0.007943441116681275,1.0
1649547420000.0,260382,1649547420000.0,0.02269999999999968,-0.0005444600000000001,1359.4330004600051,1359.5062004600052,-0.1,27.223,0.3,26.996000000000002,long_nclose,8.0988,0.005957483743045467,4.0
1649547720000.0,260387,1649547720000.0,0.02269999999999968,-0.0005444600000000001,1359.4551560000052,1359.5019560000053,-0.1,27.223,0.2,26.996000000000002,long_nclose,5.3992,0.003971591101163163,5.0
1649547900000.0,260390,1649547900000.0,0.02269999999999968,-0.0005444600000000001,1359.4773115400053,1359.5022115400052,-0.1,27.223,0.1,26.996000000000002,long_nclose,2.6996,0.0019857631878695456,3.0
1649548080000.0,260393,1649548080000.0,0.02269999999999968,-0.0005444600000000001,1359.4994670800054,1359.4994670800054,-0.1,27.223,0.0,26.996000000000002,long_nclose,0.0,0.0,3.0
1649597460000.0,261216,1649597460000.0,0.0,-0.01111572,1359.4883513600055,1359.5702513600054,2.1,26.466,2.1,26.466,long_ientry_normal,55.5786,0.04088199795489256,823.0
1649601540000.0,261284,1649601540000.0,0.15609999999999927,-0.0037364599999999996,1359.6407149000054,1359.9473149000053,-0.7,26.689,1.4,26.466,long_nclose,37.0524,0.02725161110133791,68.0
1649601660000.0,261286,1649601660000.0,0.0891999999999996,-0.0021351200000000003,1359.7277797800052,1359.9567797800053,-0.4,26.689,1.0,26.466,long_nclose,26.466,0.01946419010743608,2.0
1649602020000.0,261292,1649602020000.0,0.0668999999999997,-0.0016013400000000001,1359.7930784400053,1359.9393784400054,-0.3,26.689,0.7,26.466,long_nclose,18.5262,0.01362427879192752,6.0
1649602200000.0,261295,1649602200000.0,0.0445999999999998,-0.0010675600000000002,1359.8366108800053,1359.9511108800052,-0.2,26.689,0.5,26.466,long_nclose,13.233,0.009731316169989268,3.0
1649602800000.0,261305,1649602800000.0,0.0222999999999999,-0.0005337800000000001,1359.8583771000053,1359.9579771000053,-0.1,26.689,0.4,26.466,long_nclose,10.586400000000001,0.007784928326563132,10.0
1649604480000.0,261333,1649604480000.0,0.0222999999999999,-0.0005337800000000001,1359.8801433200053,1359.9488433200054,-0.1,26.689,0.3,26.466,long_nclose,7.9398,0.005838602790842881,28.0
1649604660000.0,261336,1649604660000.0,0.0222999999999999,-0.0005337800000000001,1359.9019095400054,1359.9467095400053,-0.1,26.689,0.2,26.466,long_nclose,5.293200000000001,0.003892339559836677,3.0
1649604780000.0,261338,1649604780000.0,0.0222999999999999,-0.0005337800000000001,1359.9236757600054,1359.9465757600053,-0.1,26.689,0.1,26.466,long_nclose,2.6466000000000003,0.0019461386305528686,2.0
1649605620000.0,261352,1649605620000.0,0.0222999999999999,-0.0005337800000000001,1359.9454419800054,1359.9454419800054,-0.1,26.689,0.0,26.466,long_nclose,0.0,0.0,14.0
1649629860000.0,261756,1649629860000.0,0.0,-0.0106292,1359.9348127800054,1359.8988127800053,2.0,26.573,2.0,26.573,long_ientry_normal,53.146,0.03907981434151091,404.0
1649632500000.0,261800,1649632500000.0,0.1344000000000001,-0.00321564,1360.0659971400053,1360.3557971400053,-0.6,26.797,1.4,26.573,long_nclose,37.2022,0.02735323144481966,44.0
1649632800000.0,261805,1649632800000.0,0.08960000000000008,-0.0021437600000000006,1360.1534533800052,1360.4054533800052,-0.4,26.797,1.0,26.573,long_nclose,26.573,0.01953676618911317,5.0
1649633040000.0,261809,1649633040000.0,0.06720000000000005,-0.00160782,1360.2190455600053,1360.3814455600052,-0.3,26.797,0.7,26.573,long_nclose,18.6011,0.01367507686406632,4.0
1649633340000.0,261814,1649633340000.0,0.04480000000000004,-0.0010718800000000003,1360.2627736800052,1360.3837736800053,-0.2,26.797,0.5,26.573,long_nclose,13.2865,0.009767598038469574,5.0
1649633760000.0,261821,1649633760000.0,0.02240000000000002,-0.0005359400000000002,1360.2846377400053,1360.3774377400052,-0.1,26.797,0.4,26.573,long_nclose,10.6292,0.007813952833915328,7.0
1649634120000.0,261827,1649634120000.0,0.02240000000000002,-0.0005359400000000002,1360.3065018000054,1360.3626018000055,-0.1,26.797,0.3,26.573,long_nclose,7.9719,0.005860370430819305,6.0
1649635080000.0,261843,1649635080000.0,0.0,-0.009529920000000002,1360.2969718800055,1360.2099718800055,1.8,26.472,2.1,26.486428571428572,long_ientry_partial,55.621500000000005,0.04088923312321134,16.0
1649645400000.0,262015,1649645400000.0,0.0,-0.010843140000000001,1360.2861287400056,1358.8719287400056,2.1,25.817,4.2,26.151714285714284,long_rentry,109.8372,0.08074565907816694,172.0
1649664000000.0,262325,1649664000000.0,0.30840000000000173,-0.007384160000000001,1360.5871445800055,1361.3243445800056,-1.4,26.372,2.8,26.151714285714284,long_nclose,73.22479999999999,0.053818529957229216,310.0
1649665080000.0,262343,1649665080000.0,0.198257142857144,-0.004746960000000001,1360.7806547628627,1361.1953976200055,-0.9,26.372,1.9,26.151714285714284,long_nclose,49.68825714285714,0.036514523460444176,18.0
1649665380000.0,262348,1649665380000.0,0.1321714285714293,-0.0031646400000000002,1360.909661551434,1361.1999329800055,-0.6,26.372,1.3,26.151714285714284,long_nclose,33.99722857142857,0.024981253004458654,5.0
1649667300000.0,262380,1649667300000.0,0.08811428571428621,-0.00210976,1360.9956660771484,1361.1831232200054,-0.4,26.372,0.9,26.151714285714284,long_nclose,23.536542857142855,0.017293620724732478,32.0
1649667360000.0,262381,1649667360000.0,0.06608571428571465,-0.0015823200000000001,1361.0601694714342,1361.1971409000057,-0.3,26.372,0.6,26.151714285714284,long_nclose,15.69102857142857,0.011528534096712388,1.0
1649668860000.0,262406,1649668860000.0,0.0,-0.0077571,1361.0524123714342,1360.8398838000057,1.5,25.857,2.1,25.94120408163265,long_ientry_partial,54.476528571428574,0.04002529812684525,25.0
1649671080000.0,262443,1649671080000.0,0.0,-0.011127600000000001,1361.0412847714342,1359.9317562000056,2.2,25.29,4.3,25.608029900332227,long_rentry,110.11452857142856,0.08090462045750552,37.0
1649692560000.0,262801,1649692560000.0,0.0,-0.010909360000000002,1361.0303754114343,1357.2765468400057,2.2,24.794,6.5,25.332512087912086,long_rentry,164.66132857142856,0.12098284619228433,358.0
1649707560000.0,263051,1649707560000.0,0.0,-0.01559168,1361.0147837314344,1353.7655551600058,3.2,24.362,9.7,25.01234315169367,long_rentry,242.6197285714286,0.17826384508935955,250.0
1649709840000.0,263089,1649709840000.0,0.0,-0.0228672,1360.9919165314343,1350.4411879600057,4.8,23.82,14.5,24.61763645320197,long_rentry,356.9557285714286,0.2622761562619348,38.0
1649762820000.0,263972,1649762820000.0,0.9953450246305351,-0.023832,1361.9634295560647,1364.2658559600056,-4.8,24.825,9.7,24.61763645320197,long_nclose,238.7910735960591,0.17532855024888122,883.0
1649766600000.0,264035,1649766600000.0,0.6635633497536901,-0.015888,1362.6111049058186,1364.7064679600057,-3.2,24.825,6.5,24.61763645320197,long_nclose,160.0146369458128,0.11743235936483341,63.0
1649766720000.0,264037,1649766720000.0,0.43546344827585914,-0.0104265,1363.0361418540945,1364.4765414600058,-2.1,24.825,4.4,24.61763645320197,long_nclose,108.31760039408869,0.0794678857500783,2.0
1649772060000.0,264126,1649772060000.0,1.5077998029556654,-0.011133320000000002,1364.53280833705,1366.1550081400057,-2.2,25.303,2.2,24.61763645320197,long_nclose,54.15880019704434,0.03969036132084462,89.0
1649772180000.0,264128,1649772180000.0,0.7538999014778327,-0.005566660000000001,1365.2811415785277,1365.9437414800054,-1.1,25.303,1.1,24.61763645320197,long_nclose,27.07940009852217,0.019834303187703285,2.0
1649772240000.0,264129,1649772240000.0,0.34268177339901484,-0.0025303,1365.6212930519266,1366.0817111800054,-0.5,25.303,0.6,24.61763645320197,long_nclose,14.770581871921182,0.010816016085185298,1.0
1649773080000.0,264143,1649773080000.0,0.04147270935960563,-0.000993,1365.661772761286,1365.7367181800053,-0.2,24.825,0.4,24.61763645320197,long_nclose,9.847054581280789,0.007210463657755196,14.0
1649787300000.0,264380,1649787300000.0,0.0,-0.00920854,1365.6525642212862,1365.3998096400053,1.9,24.233,2.3,24.299893296209042,long_ientry_partial,55.88975458128079,0.04092531002799376,237.0
1649798160000.0,264561,1649798160000.0,0.1435746926536698,-0.0034306999999999996,1365.7927082139397,1366.1208789400052,-0.7,24.505,1.6,24.299893296209042,long_nclose,38.87982927393447,0.02846685960476242,181.0
1649798220000.0,264562,1649798220000.0,0.10255335189547843,-0.0024505,1365.8928110658353,1366.1404284400053,-0.5,24.505,1.1,24.299893296209042,long_nclose,26.729882625829948,0.01956953167135571,1.0
1649798340000.0,264564,1649798340000.0,0.061532011137287054,-0.0014703,1365.9528727769728,1366.1049581400055,-0.3,24.505,0.8,24.299893296209042,long_nclose,19.439914636967234,0.01423176086408166,2.0
1649798940000.0,264574,1649798940000.0,0.041021340758191374,-0.0009802,1365.992913917731,1366.1219779400055,-0.2,24.505,0.6,24.299893296209042,long_nclose,14.579935977725425,0.010673507767993827,10.0
1649799600000.0,264585,1649799600000.0,0.041021340758191374,-0.0009802,1366.032955058489,1366.1209977400054,-0.2,24.505,0.4,24.299893296209042,long_nclose,9.719957318483617,0.00711546327084579,11.0
1649799840000.0,264589,1649799840000.0,0.020510670379095687,-0.0004901,1366.0529756288681,1366.1265076400055,-0.1,24.505,0.3,24.299893296209042,long_nclose,7.2899679888627125,0.005336519241141981,4.0
1649804220000.0,264662,1649804220000.0,0.020510670379095687,-0.0004901,1366.0729961992472,1366.1130175400053,-0.1,24.505,0.2,24.299893296209042,long_nclose,4.859978659241809,0.0035576273542947344,73.0
1649804460000.0,264666,1649804460000.0,0.020510670379095687,-0.0004901,1366.0930167696263,1366.1175274400055,-0.1,24.505,0.1,24.299893296209042,long_nclose,2.4299893296209043,0.0017787876080115343,4.0
1649811120000.0,264777,1649811120000.0,0.020510670379095687,-0.0004901,1366.1130373400053,1366.1130373400053,-0.1,24.505,0.0,24.299893296209042,long_nclose,0.0,0.0,111.0
1649943900000.0,266990,1649943900000.0,0.0,-0.010709600000000001,1366.1023277400054,1366.1133277400054,2.2,24.34,2.2,24.34,long_ientry_normal,53.548,0.039197649336112673,2213.0
1649954940000.0,267174,1649954940000.0,0.0,-0.01091672,1366.0914110200054,1364.7898110200053,2.3,23.732,4.5,24.029244444444444,long_rentry,108.13159999999999,0.07915400033096064,184.0
1649991900000.0,267790,1649991900000.0,0.3041333333333327,-0.0072696,1366.3882747533387,1366.9755414200054,-1.5,24.232,3.0,24.029244444444444,long_nclose,72.08773333333333,0.052757868802955486,616.0
1649991960000.0,267791,1649991960000.0,0.20275555555555513,-0.0048464,1366.5861839088943,1367.0276950200055,-1.0,24.232,2.0,24.029244444444444,long_nclose,48.05848888888889,0.03516681893521381,1.0
1649992320000.0,267797,1649992320000.0,0.12165333333333307,-0.00290784,1366.7049294022277,1366.9999871800055,-0.6,24.232,1.4,24.029244444444444,long_nclose,33.64094222222222,0.024614634438273497,6.0
1649992920000.0,267807,1649992920000.0,0.08110222222222206,-0.0019385600000000002,1366.7840930644497,1366.9998486200052,-0.4,24.232,1.0,24.029244444444444,long_nclose,24.029244444444444,0.017580863405110878,10.0
1649993100000.0,267810,1649993100000.0,0.060826666666666536,-0.00145392,1366.8434658111164,1367.0049947000052,-0.3,24.232,0.7,24.029244444444444,long_nclose,16.82047111111111,0.012306069811095345,3.0
1650000900000.0,267940,1650000900000.0,0.04055111111111103,-0.0009692800000000001,1366.8830476422277,1366.9834254200055,-0.2,24.232,0.5,24.029244444444444,long_nclose,12.014622222222222,0.00878979532517179,130.0
1650001020000.0,267942,1650001020000.0,0.020275555555555515,-0.00048464000000000005,1366.9028385577833,1366.9851407800056,-0.1,24.232,0.4,24.029244444444444,long_nclose,9.611697777777778,0.007031734448601381,2.0
1650001320000.0,267947,1650001320000.0,0.020275555555555515,-0.00048464000000000005,1366.922629473339,1366.9828561400057,-0.1,24.232,0.3,24.029244444444444,long_nclose,7.208773333333333,0.005273724480010108,5.0
1650034200000.0,268495,1650034200000.0,0.020275555555555515,-0.00048464000000000005,1366.9424203888946,1366.9705715000057,-0.1,24.232,0.2,24.029244444444444,long_nclose,4.805848888888889,0.0035157654171867948,548.0
1650072240000.0,269129,1650072240000.0,0.020275555555555515,-0.00048464000000000005,1366.9622113044502,1366.9792868600057,-0.1,24.232,0.1,24.029244444444444,long_nclose,2.4029244444444444,0.001757857257920398,634.0
1650073440000.0,269149,1650073440000.0,0.020275555555555515,-0.00048464000000000005,1366.9820022200058,1366.9820022200058,-0.1,24.232,0.0,24.029244444444444,long_nclose,0.0,0.0,20.0
1650236520000.0,271867,1650236520000.0,0.0,-0.0108813,1366.971120920006,1366.9941209200058,2.3,23.655,2.3,23.655,long_ientry_normal,54.4065,0.03980076767341146,2718.0
1650239220000.0,271912,1650239220000.0,0.0,-0.011069760000000001,1366.9600511600058,1365.727751160006,2.4,23.062,4.7,23.3521914893617,long_rentry,109.75529999999999,0.08029151979010751,45.0
1650255840000.0,272189,1650255840000.0,0.0,-0.010853759999999999,1366.949197400006,1363.2075974000059,2.4,22.612,7.1,23.101985915492953,long_rentry,164.02409999999995,0.11999282805241086,277.0
1650288660000.0,272736,1650288660000.0,0.44853239436620845,-0.01071662,1367.387013174372,1368.3374807800058,-2.3,23.297,4.8,23.101985915492953,long_nclose,110.88953239436617,0.08109593796487616,547.0
1650288780000.0,272738,1650288780000.0,0.3120225352112755,-0.007455040000000001,1367.6915806695833,1368.0212257400058,-1.6,23.297,3.2,23.101985915492953,long_nclose,73.92635492957746,0.05405191928825444,2.0
1650293100000.0,272810,1650293100000.0,0.19501408450704716,-0.0046594,1367.8819353540903,1368.2185663400057,-1.0,23.297,2.2,23.101985915492953,long_nclose,50.8243690140845,0.037155523222059436,72.0
1650293400000.0,272815,1650293400000.0,0.136509859154933,-0.00326158,1368.0151836332452,1368.3347047600057,-0.7,23.297,1.5,23.101985915492953,long_nclose,34.652978873239434,0.025330843756577515,5.0
1650299760000.0,272921,1650299760000.0,0.09750704225352358,-0.0023297,1368.1103609754987,1368.3183750600058,-0.5,23.297,1.0,23.101985915492953,long_nclose,23.101985915492953,0.016886054352384723,106.0
1650300000000.0,272925,1650300000000.0,0.05850422535211414,-0.00139782,1368.167467380851,1368.3060772400058,-0.3,23.297,0.7,23.101985915492953,long_nclose,16.171390140845066,0.011819744677749676,4.0
1650300120000.0,272927,1650300120000.0,0.039002816901409436,-0.0009318800000000002,1368.2055383177521,1368.3170453600057,-0.2,23.297,0.5,23.101985915492953,long_nclose,11.550992957746477,0.008442439848583535,2.0
1650301200000.0,272945,1650301200000.0,0.019501408450704718,-0.0004659400000000001,1368.2245737862029,1368.3037794200056,-0.1,23.297,0.4,23.101985915492953,long_nclose,9.240794366197182,0.006753857914293782,18.0
1650301620000.0,272952,1650301620000.0,0.019501408450704718,-0.0004659400000000001,1368.2436092546536,1368.3075134800058,-0.1,23.297,0.3,23.101985915492953,long_nclose,6.930595774647886,0.005065322964251451,7.0
1650302280000.0,272963,1650302280000.0,0.06440140845070452,-0.00047492000000000004,1368.3075357431044,1368.4171385600057,-0.1,23.746,0.2,23.101985915492953,long_nclose,4.620397183098591,0.0033767242103138256,11.0
1650302340000.0,272964,1650302340000.0,0.06440140845070452,-0.00047492000000000004,1368.3714622315551,1368.4397636400058,-0.1,23.746,0.1,23.101985915492953,long_nclose,2.3101985915492955,0.0016882832296003882,1.0
1650304980000.0,273008,1650304980000.0,0.06440140845070452,-0.00047492000000000004,1368.435388720006,1368.435388720006,-0.1,23.746,0.0,23.101985915492953,long_nclose,0.0,0.0,44.0
1650467820000.0,275722,1650467820000.0,0.0,-0.01112234,1368.424266380006,1368.576066380006,2.3,24.179,2.3,24.179,long_ientry_normal,55.61169999999999,0.04063922378920811,2714.0
1650472680000.0,275803,1650472680000.0,0.14280000000000043,-0.0034136199999999996,1368.563652760006,1368.933252760006,-0.7,24.383,1.6,24.179,long_nclose,38.6864,0.02826788503551184,81.0
1650472920000.0,275807,1650472920000.0,0.10200000000000031,-0.0024383,1368.6632144600062,1368.8898144600062,-0.5,24.383,1.1,24.179,long_nclose,26.5969,0.01943275724736532,4.0
1650473340000.0,275814,1650473340000.0,0.061200000000000185,-0.00146298,1368.7229514800063,1368.8837514800064,-0.3,24.383,0.8,24.179,long_nclose,19.3432,0.014132297539895937,7.0
1650473400000.0,275815,1650473400000.0,0.04080000000000013,-0.00097532,1368.7627761600063,1368.8923761600063,-0.2,24.383,0.6,24.179,long_nclose,14.507399999999999,0.01059891476644314,1.0
1650473520000.0,275817,1650473520000.0,0.04080000000000013,-0.00097532,1368.8026008400063,1368.8910008400064,-0.2,24.383,0.4,24.179,long_nclose,9.6716,0.007065737597272781,2.0
1650474120000.0,275827,1650474120000.0,0.020400000000000064,-0.00048766,1368.8225131800064,1368.8813131800064,-0.1,24.383,0.3,24.179,long_nclose,7.253699999999999,0.005299226108685506,10.0
1650474180000.0,275828,1650474180000.0,0.020400000000000064,-0.00048766,1368.8424255200064,1368.8826255200063,-0.1,24.383,0.2,24.179,long_nclose,4.8358,0.003532766014439492,1.0
1650474240000.0,275829,1650474240000.0,0.020400000000000064,-0.00048766,1368.8623378600064,1368.8864378600065,-0.1,24.383,0.1,24.179,long_nclose,2.4179,0.0017663573122918945,1.0
1650474540000.0,275834,1650474540000.0,0.020400000000000064,-0.00048766,1368.8822502000064,1368.8822502000064,-0.1,24.383,0.0,24.179,long_nclose,0.0,0.0,5.0
1650480000000.0,275925,1650480000000.0,0.0,-0.01107404,1368.8711761600064,1368.6894761600063,2.3,24.074,2.3,24.074,long_ientry_normal,55.3702,0.040449533136730914,91.0
1650487920000.0,276057,1650487920000.0,0.14209999999999956,-0.00339878,1369.0098773800064,1369.3394773800064,-0.7,24.277,1.6,24.074,long_nclose,38.51840000000001,0.028135954777562328,132.0
1650488160000.0,276061,1650488160000.0,0.1014999999999997,-0.0024277,1369.1089496800064,1369.3355496800064,-0.5,24.277,1.1,24.074,long_nclose,26.481400000000004,0.019342069165634586,4.0
1650490080000.0,276093,1650490080000.0,0.060899999999999815,-0.00145662,1369.1683930600063,1369.3691930600064,-0.3,24.277,0.8,24.074,long_nclose,19.259200000000003,0.014066348666548522,32.0
1650492120000.0,276127,1650492120000.0,0.040599999999999886,-0.0009710800000000001,1369.2080219800064,1369.3376219800064,-0.2,24.277,0.6,24.074,long_nclose,14.4444,0.010549456158686545,34.0
1650492360000.0,276131,1650492360000.0,0.040599999999999886,-0.0009710800000000001,1369.2476509000064,1369.3320509000064,-0.2,24.277,0.4,24.074,long_nclose,9.629600000000002,0.007032767223424094,4.0
1650497520000.0,276217,1650497520000.0,0.020299999999999943,-0.00048554000000000007,1369.2674653600063,1369.3322653600064,-0.1,24.277,0.3,24.074,long_nclose,7.2222,0.005274499089994187,86.0
1650498480000.0,276233,1650498480000.0,0.020299999999999943,-0.00048554000000000007,1369.2872798200062,1369.3284798200061,-0.1,24.277,0.2,24.074,long_nclose,4.814800000000001,0.0035162818430862146,16.0
1650499320000.0,276247,1650499320000.0,0.020299999999999943,-0.00048554000000000007,1369.3070942800061,1369.3296942800062,-0.1,24.277,0.1,24.074,long_nclose,2.4074000000000004,0.0017581154804911258,14.0
1650499500000.0,276250,1650499500000.0,0.020299999999999943,-0.00048554000000000007,1369.326908740006,1369.326908740006,-0.1,24.277,0.0,24.074,long_nclose,0.0,0.0,3.0
1650567780000.0,277388,1650567780000.0,0.0,-0.011039539999999999,1369.315869200006,1369.2376692000062,2.3,23.999,2.3,23.999,long_ientry_normal,55.19769999999999,0.04031042160655604,1138.0
1650573600000.0,277485,1650573600000.0,0.0,-0.010761699999999999,1369.305107500006,1368.214907500006,2.3,23.395,4.6,23.697,long_rentry,109.00619999999999,0.07960694764296679,97.0
1650580260000.0,277596,1650580260000.0,0.0,-0.01101552,1369.294091980006,1366.280291980006,2.4,22.949,7.0,23.44054285714286,long_rentry,164.0838,0.11983094133031277,111.0
1650600300000.0,277930,1650600300000.0,0.4541514285714289,-0.01087348,1369.7373699285772,1370.5808185000058,-2.3,23.638,4.7,23.44054285714286,long_nclose,110.17055142857144,0.08043187975101834,334.0
1650600420000.0,277932,1650600420000.0,0.2961857142857145,-0.0070914,1370.0264642428629,1370.7767271000057,-1.5,23.638,3.2,23.44054285714286,long_nclose,75.00973714285715,0.05475057533601064,2.0
1650601260000.0,277946,1650601260000.0,0.197457142857143,-0.0047276,1370.2191937857199,1370.7019995000055,-1.0,23.638,2.2,23.44054285714286,long_nclose,51.569194285714296,0.03763572610834328,14.0
1650613320000.0,278147,1650613320000.0,0.1382200000000001,-0.0033093200000000006,1370.35410446572,1370.7132901800057,-0.7,23.638,1.5,23.44054285714286,long_nclose,35.16081428571429,0.025658196061245753,201.0
1650613800000.0,278155,1650613800000.0,0.0987285714285715,-0.0023638,1370.4504692371486,1370.6499263800058,-0.5,23.638,1.0,23.44054285714286,long_nclose,23.44054285714286,0.01710426125082132,8.0
1650614760000.0,278171,1650614760000.0,0.0592371428571429,-0.00141828,1370.5082881000058,1370.6269081000057,-0.3,23.638,0.7,23.44054285714286,long_nclose,16.40838,0.011972477760603433,16.0
1650625980000.0,278358,1650625980000.0,0.0394914285714286,-0.0009455200000000001,1370.5468340085772,1370.6990625800058,-0.2,23.638,0.5,23.44054285714286,long_nclose,11.72027142857143,0.00855152931497566,187.0
1650627720000.0,278387,1650627720000.0,0.0197457142857143,-0.0004727600000000001,1370.566106962863,1370.6498898200057,-0.1,23.638,0.4,23.44054285714286,long_nclose,9.376217142857143,0.006841127250428354,29.0
1650627840000.0,278389,1650627840000.0,0.0197457142857143,-0.0004727600000000001,1370.5853799171487,1370.6362170600057,-0.1,23.638,0.3,23.44054285714286,long_nclose,7.032162857142858,0.00513077328868629,2.0
1650628020000.0,278392,1650628020000.0,0.0197457142857143,-0.0004727600000000001,1370.6046528714344,1370.644544300006,-0.1,23.638,0.2,23.44054285714286,long_nclose,4.688108571428572,0.0034204674277202576,3.0
1650628200000.0,278395,1650628200000.0,0.0197457142857143,-0.0004727600000000001,1370.62392582572,1370.6438715400059,-0.1,23.638,0.1,23.44054285714286,long_nclose,2.344054285714286,0.0017102096655011558,3.0
1650628560000.0,278401,1650628560000.0,0.0197457142857143,-0.0004727600000000001,1370.6431987800058,1370.6431987800058,-0.1,23.638,0.0,23.44054285714286,long_nclose,0.0,0.0,6.0
1650642180000.0,278628,1650642180000.0,0.0,-0.011068320000000001,1370.6321304600058,1370.5865304600059,2.4,23.059,2.4,23.059,long_ientry_normal,55.3416,0.04037669829133984,227.0
1650651300000.0,278780,1650651300000.0,0.15519999999999926,-0.00372048,1370.7836099800056,1371.1052099800056,-0.8,23.253,1.6,23.059,long_nclose,36.894400000000005,0.026914824288377763,152.0
1650652200000.0,278795,1650652200000.0,0.09699999999999953,-0.0023253,1370.8782846800057,1371.0828846800057,-0.5,23.253,1.1,23.059,long_nclose,25.364900000000002,0.018502663791133543,15.0
1650652800000.0,278805,1650652800000.0,0.05819999999999972,-0.0013951800000000002,1370.9350895000057,1371.0958895000058,-0.3,23.253,0.8,23.059,long_nclose,18.447200000000002,0.013455925186602298,10.0
1650653040000.0,278809,1650653040000.0,0.038799999999999814,-0.00093012,1370.9729593800057,1371.0935593800057,-0.2,23.253,0.6,23.059,long_nclose,13.8354,0.010091665123910814,4.0
1650653220000.0,278812,1650653220000.0,0.038799999999999814,-0.00093012,1371.0108292600057,1371.1092292600058,-0.2,23.253,0.4,23.059,long_nclose,9.223600000000001,0.006727590915513323,3.0
1650654840000.0,278839,1650654840000.0,0.019399999999999907,-0.00046506,1371.0297642000057,1371.0945642000058,-0.1,23.253,0.3,23.059,long_nclose,6.9177,0.005045623501862099,27.0
1650655860000.0,278856,1650655860000.0,0.019399999999999907,-0.00046506,1371.0486991400057,1371.0868991400057,-0.1,23.253,0.2,23.059,long_nclose,4.611800000000001,0.0033637025460093177,17.0
1650655920000.0,278857,1650655920000.0,0.019399999999999907,-0.00046506,1371.0676340800057,1371.0902340800058,-0.1,23.253,0.1,23.059,long_nclose,2.3059000000000003,0.0016818280460301818,1.0
1650656220000.0,278862,1650656220000.0,0.019399999999999907,-0.00046506,1371.0865690200058,1371.0865690200058,-0.1,23.253,0.0,23.059,long_nclose,0.0,0.0,5.0
1650819180000.0,281578,1650819180000.0,0.0,-0.01077648,1371.0757925400058,1371.0733925400057,2.4,22.451,2.4,22.451,long_ientry_normal,53.8824,0.039299359155177994,2716.0
1650827520000.0,281717,1650827520000.0,0.15120000000000006,-0.0036224000000000004,1371.2233701400057,1371.5177701400057,-0.8,22.64,1.6,22.451,long_nclose,35.921600000000005,0.026196753047121935,139.0
1650828000000.0,281725,1650828000000.0,0.09450000000000003,-0.002264,1371.3156061400057,1371.5290061400058,-0.5,22.64,1.1,22.451,long_nclose,24.6961,0.0180090563320539,8.0
1650828360000.0,281731,1650828360000.0,0.056700000000000014,-0.0013584,1371.3709477400057,1371.5261477400056,-0.3,22.64,0.8,22.451,long_nclose,17.960800000000003,0.013096966965501984,6.0
1650828900000.0,281740,1650828900000.0,0.037800000000000014,-0.0009056000000000001,1371.4078421400059,1371.524242140006,-0.2,22.64,0.6,22.451,long_nclose,13.4706,0.009822460967541118,9.0
1650829380000.0,281748,1650829380000.0,0.037800000000000014,-0.0009056000000000001,1371.444736540006,1371.522336540006,-0.2,22.64,0.4,22.451,long_nclose,8.980400000000001,0.006548131150115823,8.0
1650829500000.0,281750,1650829500000.0,0.018900000000000007,-0.00045280000000000006,1371.4631837400061,1371.5243837400062,-0.1,22.64,0.3,22.451,long_nclose,6.7353,0.004911032304660712,2.0
1650830400000.0,281765,1650830400000.0,0.018900000000000007,-0.00045280000000000006,1371.4816309400062,1371.5194309400063,-0.1,22.64,0.2,22.451,long_nclose,4.490200000000001,0.0032739774990077275,15.0
1650845340000.0,282014,1650845340000.0,0.0,-0.0101683,1371.4714626400062,1371.414762640006,2.3,22.105,2.5,22.132679999999997,long_ientry_partial,55.33169999999999,0.040344769473722446,249.0
1650848040000.0,282059,1650848040000.0,0.0,-0.010788,1371.4606746400061,1369.9639746400062,2.5,21.576,5.0,21.85434,long_rentry,109.27170000000001,0.07967541616071687,45.0
1650869520000.0,282417,1650869520000.0,0.0,-0.011005280000000001,1371.449669360006,1367.967569360006,2.6,21.164,7.6,21.61817105263158,long_rentry,164.2981,0.11979885494206327,358.0
1650870300000.0,282430,1650870300000.0,0.0,-0.015387560000000003,1371.4342818000061,1365.803381800006,3.7,20.794,11.3,21.348309734513276,long_rentry,241.23590000000002,0.1759004446668623,13.0
1650889440000.0,282749,1650889440000.0,0.6648539823008758,-0.01593072,1372.0832050623071,1373.388051080006,-3.7,21.528,7.6,21.348309734513276,long_nclose,162.2471539823009,0.11824877192847291,319.0
1650889500000.0,282750,1650889500000.0,0.44922566371680794,-0.010764,1372.5216667260238,1373.397287080006,-2.5,21.528,5.1,21.348309734513276,long_nclose,108.8763796460177,0.07932580030283126,1.0
1650889560000.0,282751,1650889560000.0,0.30547345132742937,-0.00731952,1372.819820657351,1373.420567560006,-1.7,21.528,3.4,21.348309734513276,long_nclose,72.58425309734514,0.052872381360715946,1.0
1650889620000.0,282752,1650889620000.0,0.1976592920353955,-0.0047361600000000005,1373.0127437893866,1373.419131400006,-1.1,21.528,2.3,21.348309734513276,long_nclose,49.10111238938053,0.03576158532503206,1.0
1650889680000.0,282753,1650889680000.0,0.12578318584070622,-0.00301392,1373.1355130552272,1373.426217480006,-0.7,21.528,1.6,21.348309734513276,long_nclose,34.15729557522124,0.024875400315895437,1.0
1650897300000.0,282880,1650897300000.0,0.08984513274336159,-0.0021528,1373.2232053879707,1373.412064680006,-0.5,21.528,1.1,21.348309734513276,long_nclose,23.483140707964605,0.0171007456150073,127.0
1650897360000.0,282881,1650897360000.0,0.05390707964601695,-0.00129168,1373.2758207876168,1373.4251730000062,-0.3,21.528,0.8,21.348309734513276,long_nclose,17.07864778761062,0.012436429396838488,1.0
1650900360000.0,282931,1650900360000.0,0.03593805309734464,-0.00086112,1373.3108977207141,1373.4229118800063,-0.2,21.528,0.6,21.348309734513276,long_nclose,12.808985840707965,0.009327083810349903,50.0
1650900900000.0,282940,1650900900000.0,0.03593805309734464,-0.00086112,1373.3459746538115,1373.420650760006,-0.2,21.528,0.4,21.348309734513276,long_nclose,8.53932389380531,0.006217897056827122,9.0
1650903300000.0,282980,1650903300000.0,0.01796902654867232,-0.00043056,1373.36351312036,1373.4315202000062,-0.1,21.528,0.3,21.348309734513276,long_nclose,6.404492920353983,0.004663363238624718,40.0
1650903660000.0,282986,1650903660000.0,0.01796902654867232,-0.00043056,1373.3810515869086,1373.4193896400059,-0.1,21.528,0.2,21.348309734513276,long_nclose,4.269661946902655,0.0031088691241000915,6.0
1650912480000.0,283133,1650912480000.0,0.05946902654867259,-0.00043886000000000006,1373.4400817534572,1373.4997507800058,-0.1,21.943,0.1,21.348309734513276,long_nclose,2.1348309734513276,0.001554367752778709,147.0
1650912660000.0,283136,1650912660000.0,0.05946902654867259,-0.00043886000000000006,1373.4991119200058,1373.4991119200058,-0.1,21.943,0.0,21.348309734513276,long_nclose,0.0,0.0,3.0
1650977580000.0,284218,1650977580000.0,0.0,-0.010806,1373.4883059200058,1373.6458059200058,2.5,21.612,2.5,21.612,long_ientry_normal,54.029999999999994,0.039337793971102646,1082.0
1650984900000.0,284340,1650984900000.0,0.0,-0.01095744,1373.4773484800057,1372.0661484800057,2.6,21.072,5.1,21.33670588235294,long_rentry,108.81719999999999,0.07922751701760888,122.0
1650993360000.0,284481,1650993360000.0,0.0,-0.011158560000000001,1373.4661899200057,1370.0431899200057,2.7,20.664,7.8,21.103846153846156,long_rentry,164.61,0.11985005616307697,141.0
1651001640000.0,284619,1651001640000.0,0.0,-0.015427239999999998,1373.4507626800057,1367.7645626800056,3.8,20.299,11.6,20.840189655172416,long_rentry,241.74620000000002,0.1760137360354165,138.0
1651045380000.0,285348,1651045380000.0,0.6680793103448109,-0.01597216,1374.1028698303505,1375.4663905200057,-3.8,21.016,7.8,20.840189655172416,long_nclose,162.55347931034484,0.1182978966708759,729.0
1651045500000.0,285350,1651045500000.0,0.4571068965517128,-0.01092832,1374.5490484069023,1375.3540622000057,-2.6,21.016,5.2,20.840189655172416,long_nclose,108.36898620689657,0.07883966478496773,2.0
1651045920000.0,285357,1651045920000.0,0.29887758620688915,-0.007145439999999999,1374.8407805531092,1375.4701167600058,-1.7,21.016,3.5,20.840189655172416,long_nclose,72.94066379310345,0.05305389891312277,7.0
1651050240000.0,285429,1651050240000.0,0.19339137931034003,-0.00462352,1375.0295484124194,1375.4610932400055,-1.1,21.016,2.4,20.840189655172416,long_nclose,50.0164551724138,0.03637482207575958,72.0
1651050600000.0,285435,1651050600000.0,0.6969724137930996,-0.0051410399999999995,1375.7213797862125,1376.4111522000057,-1.2,21.421,1.2,20.840189655172416,long_nclose,25.0082275862069,0.018178264838839085,6.0
1651050660000.0,285436,1651050660000.0,0.3484862068965498,-0.0025705199999999997,1376.067295473109,1376.4481816800055,-0.6,21.421,0.6,20.840189655172416,long_nclose,12.50411379310345,0.009086847594037457,1.0
1651050840000.0,285439,1651050840000.0,0.1742431034482749,-0.0012852599999999999,1376.2402533165573,1376.3901964200056,-0.3,21.421,0.3,20.840189655172416,long_nclose,6.252056896551725,0.004542852806030846,3.0
1651051920000.0,285457,1651051920000.0,0.017581034482758186,-0.00042032,1376.2574140310398,1376.2933761000054,-0.1,21.016,0.2,20.840189655172416,long_nclose,4.168037931034483,0.00302853077377898,18.0
1651052040000.0,285459,1651052040000.0,0.017581034482758186,-0.00042032,1376.2745747455224,1376.293055780005,-0.1,21.016,0.1,20.840189655172416,long_nclose,2.0840189655172416,0.001514246505572904,2.0
1651052280000.0,285463,1651052280000.0,0.017581034482758186,-0.00042032,1376.291735460005,1376.291735460005,-0.1,21.016,0.0,20.840189655172416,long_nclose,0.0,0.0,4.0
1651150800000.0,287105,1651150800000.0,0.0,-0.010858640000000001,1376.280876820005,1376.262676820005,2.6,20.882,2.6,20.882,long_ientry_normal,54.293200000000006,0.03944921484737063,1642.0
1651152960000.0,287141,1651152960000.0,0.1407999999999987,-0.00336928,1376.418307540005,1377.0807075400048,-0.8,21.058,1.8,20.882,long_nclose,37.5876,0.027308267983719433,36.0
1651153500000.0,287150,1651153500000.0,0.0,-0.00333056,1376.414976980005,1376.358576980005,0.8,20.816,2.6,20.86169230769231,long_ientry_partial,54.2404,0.039407010899437454,9.0
1651168860000.0,287406,1651168860000.0,0.1410461538461533,-0.0033660800000000005,1376.5526570538511,1376.846610900005,-0.8,21.038,1.8,20.86169230769231,long_nclose,37.55104615384616,0.027279048107185594,256.0
1651170180000.0,287428,1651170180000.0,0.10578461538461496,-0.00252456,1376.6559171092358,1376.809886340005,-0.6,21.038,1.2,20.86169230769231,long_nclose,25.03403076923077,0.018184667975566733,22.0
1651170240000.0,287429,1651170240000.0,0.07052307692307665,-0.0016830400000000002,1376.724757146159,1376.871403300005,-0.4,21.038,0.8,20.86169230769231,long_nclose,16.689353846153846,0.012122505794658296,1.0
1651171080000.0,287443,1651171080000.0,0.03526153846153832,-0.0008415200000000001,1376.7591771646205,1376.8721617800052,-0.2,21.038,0.6,20.86169230769231,long_nclose,12.517015384615386,0.009091652042148481,14.0
1651171200000.0,287445,1651171200000.0,0.03526153846153832,-0.0008415200000000001,1376.793597183082,1376.858920260005,-0.2,21.038,0.4,20.86169230769231,long_nclose,8.344676923076923,0.006060949833112328,2.0
1651171380000.0,287448,1651171380000.0,0.01763076923076916,-0.00042076000000000006,1376.8108071923127,1376.867299500005,-0.1,21.038,0.3,20.86169230769231,long_nclose,6.258507692307693,0.004545655553845101,3.0
1651172640000.0,287469,1651172640000.0,0.01763076923076916,-0.00042076000000000006,1376.8280172015434,1376.8626787400049,-0.1,21.038,0.2,20.86169230769231,long_nclose,4.1723384615384616,0.003030399156184301,21.0
1651172700000.0,287470,1651172700000.0,0.01763076923076916,-0.00042076000000000006,1376.845227210774,1376.8650579800048,-0.1,21.038,0.1,20.86169230769231,long_nclose,2.0861692307692308,0.0015151806387094153,1.0
1651173360000.0,287481,1651173360000.0,0.01763076923076916,-0.00042076000000000006,1376.8624372200047,1376.8624372200047,-0.1,21.038,0.0,20.86169230769231,long_nclose,0.0,0.0,11.0
1651200900000.0,287940,1651200900000.0,0.0,-0.011018700000000001,1376.8514185200047,1376.7839185200046,2.7,20.405,2.7,20.405,long_ientry_normal,55.093500000000006,0.040014121537689754,459.0
1651214160000.0,288161,1651214160000.0,0.15480000000000055,-0.0037038600000000002,1377.0025146600046,1377.4795146600047,-0.9,20.577,1.8,20.405,long_nclose,36.729000000000006,0.026673153904202385,221.0
1651222980000.0,288308,1651222980000.0,0.10320000000000036,-0.0024692400000000006,1377.1032454200047,1377.3132454200047,-0.6,20.577,1.2,20.405,long_nclose,24.486,0.017780801898068275,147.0
1651229220000.0,288412,1651229220000.0,0.0,-0.0060711,1377.0971743200046,1376.6066743200047,1.5,20.237,2.7,20.311666666666664,long_ientry_partial,54.841499999999996,0.03982398702334142,104.0
1651250760000.0,288771,1651250760000.0,0.0,-0.011089120000000001,1377.0860852000046,1375.6989852000047,2.8,19.802,5.5,20.0522,long_rentry,110.2871,0.08008729532982113,359.0
1651258140000.0,288894,1651258140000.0,0.0,-0.010873520000000001,1377.0752116800047,1373.7725116800048,2.8,19.417,8.3,19.8379156626506,long_rentry,164.65470000000002,0.11956841471216705,123.0
1651305840000.0,289689,1651305840000.0,0.0,-0.01564724,1377.0595644400048,1371.5666644400048,4.1,19.082,12.4,19.587975806451617,long_rentry,242.89090000000004,0.17638372825127147,795.0
1651326540000.0,290034,1651326540000.0,0.0,-0.0227652,1377.0367992400047,1365.5298992400046,6.1,18.66,18.5,19.281994594594597,long_rentry,356.71690000000007,0.25904674457274807,345.0
1651359720000.0,290587,1651359720000.0,0.0,-0.03295838,1377.0038408600046,1353.2610408600046,9.1,18.109,27.6,18.895246376811595,long_rentry,521.5088000000001,0.37872719343636174,553.0
1651360140000.0,290594,1651360140000.0,0.0,-0.0469179,1376.9569229600047,1332.9161229600047,13.5,17.377,41.1,18.39655231143552,long_rentry,756.0982999999999,0.5491081728066243,7.0
1651382100000.0,290960,1651382100000.0,2.1296333333333606,-0.05083248,1379.035723813338,1383.5141904800048,-13.7,18.552,27.4,18.39655231143552,long_nclose,504.06553333333324,0.36552028684179466,366.0
1651383000000.0,290975,1651383000000.0,1.4145739659367578,-0.03376464,1380.4165331392749,1384.0481258400048,-9.1,18.552,18.3,18.39655231143552,long_nclose,336.65690729927,0.24388066878166229,15.0
1651384920000.0,291007,1651384920000.0,0.9482309002433211,-0.02263344,1381.3421305995182,1383.3971924000048,-6.1,18.552,12.2,18.39655231143552,long_nclose,224.43793819951333,0.16247816759350175,32.0
1651385040000.0,291009,1651385040000.0,0.6217907542579155,-0.0148416,1381.9490797537762,1383.289350800005,-4.0,18.552,8.2,18.39655231143552,long_nclose,150.85172895377124,0.1091586739076151,2.0
1651415700000.0,291520,1651415700000.0,0.0,-0.0141816,1381.9348981537762,1376.420169200005,4.0,17.727,12.2,18.177026963423877,long_rentry,221.7597289537713,0.16047046011359556,511.0
1651421400000.0,291615,1651421400000.0,0.6118921463044842,-0.014664,1382.5321263000806,1383.7865052000047,-4.0,18.33,8.2,18.177026963423877,long_nclose,149.05162110007578,0.10781060220203803,95.0
1651421460000.0,291616,1651421460000.0,0.41302719875552685,-0.009898200000000001,1382.9352552988362,1384.024107000005,-2.7,18.33,5.5,18.177026963423877,long_nclose,99.97364829883132,0.07229091016066995,1.0
1651428420000.0,291732,1651428420000.0,0.2753514658370179,-0.0065988,1383.2040079646733,1383.770008200005,-1.8,18.33,3.7,18.177026963423877,long_nclose,67.25499976466836,0.04862261776094133,116.0
1651428540000.0,291734,1651428540000.0,0.18356764389134525,-0.0043992,1383.3831764085646,1383.815609000005,-1.2,18.33,2.5,18.177026963423877,long_nclose,45.4425674085597,0.032848865147062346,2.0
1651432560000.0,291801,1651432560000.0,0.0,-0.011000040000000003,1383.3721763685646,1382.357408960005,3.1,17.742,5.6,17.936208465814232,long_rentry,100.44276740855969,0.07260719069269414,67.0
1651443060000.0,291976,1651443060000.0,0.27322476153438374,-0.0065116800000000015,1383.6388894500992,1384.318297280005,-1.8,18.088,3.8,17.936208465814232,long_nclose,68.15759217009408,0.04925966788717684,175.0
1651447620000.0,292052,1651447620000.0,0.18214984102292248,-0.00434112,1383.8166981711222,1384.2295561600051,-1.2,18.088,2.6,17.936208465814232,long_nclose,46.63414201111701,0.03369965261493777,76.0
1651447800000.0,292055,1651447800000.0,0.121433227348615,-0.0028940800000000003,1383.9352373184709,1384.1670620800053,-0.8,18.088,1.8,17.936208465814232,long_nclose,32.28517523846562,0.023328530387752646,3.0
1651449900000.0,292090,1651449900000.0,0.09107492051146124,-0.00217056,1384.0241416789825,1384.2446915200053,-0.6,18.088,1.2,17.936208465814232,long_nclose,21.523450158977077,0.015551354568762527,35.0
1651460640000.0,292269,1651460640000.0,0.0607166136743075,-0.0014470400000000001,1384.0834112526568,1384.1944444800054,-0.4,18.088,0.8,17.936208465814232,long_nclose,14.348966772651387,0.010367125749787678,179.0
1651460700000.0,292270,1651460700000.0,0.03035830683715375,-0.0007235200000000001,1384.1130460394938,1384.2053209600053,-0.2,18.088,0.6,17.936208465814232,long_nclose,10.761725079488539,0.007775177837014237,1.0
1651467000000.0,292375,1651467000000.0,0.03035830683715375,-0.0007235200000000001,1384.142680826331,1384.2101974400052,-0.2,18.088,0.4,17.936208465814232,long_nclose,7.174483386325694,0.005183340912544175,105.0
1651478580000.0,292568,1651478580000.0,0.015179153418576875,-0.00036176000000000003,1384.1574982197494,1384.2051356800052,-0.1,18.088,0.3,17.936208465814232,long_nclose,5.380862539744269,0.003887464068695166,193.0
1651486620000.0,292702,1651486620000.0,0.0,-0.009929919999999998,1384.1475682997493,1384.064605760005,2.8,17.732,3.1,17.751762109594925,long_ientry_partial,55.03046253974427,0.03975765575872972,134.0
1651492560000.0,292801,1651492560000.0,0.0,-0.01107648,1384.1364918197494,1382.839629280005,3.2,17.307,6.3,17.525851196784807,long_rentry,110.41286253974428,0.07977021283109333,99.0
1651497960000.0,292891,1651497960000.0,0.3111124867519052,-0.00742308,1384.4401812265012,1385.2556062000049,-2.1,17.674,4.2,17.525851196784807,long_nclose,73.6085750264962,0.05316847634491871,90.0
1651498200000.0,292895,1651498200000.0,0.20740832450127014,-0.004948719999999999,1384.6426408310026,1385.2282574800051,-1.4,17.674,2.8,17.525851196784807,long_nclose,49.072383350997455,0.035440468106302386,4.0
1651498980000.0,292908,1651498980000.0,0.13333392289367368,-0.00318132,1384.7727934338961,1385.170176160005,-0.9,17.674,1.9,17.525851196784807,long_nclose,33.29911727389113,0.02404662875511693,13.0
1651499160000.0,292911,1651499160000.0,0.08888928192911578,-0.00212088,1384.8595618358254,1385.144455280005,-0.6,17.674,1.3,17.525851196784807,long_nclose,22.78360655582025,0.01645192565635853,3.0
1651501440000.0,292949,1651501440000.0,0.05925952128607719,-0.0014139200000000002,1384.9174074371115,1385.051641360005,-0.4,17.674,0.9,17.525851196784807,long_nclose,15.773266077106326,0.011389318953175612,38.0
1651508460000.0,293066,1651508460000.0,0.19525952128607715,-0.0014411200000000002,1385.1112258383976,1385.3608002400051,-0.4,18.014,0.5,17.525851196784807,long_nclose,8.762925598392403,0.006326514026401215,117.0
1651508760000.0,293071,1651508760000.0,0.09762976064303858,-0.0007205600000000001,1385.2081350390406,1385.3608796800052,-0.2,18.014,0.3,17.525851196784807,long_nclose,5.257755359035442,0.003795642853979671,5.0
1651508880000.0,293073,1651508880000.0,0.04881488032151929,-0.00036028000000000004,1385.2565896393621,1385.356419400005,-0.1,18.014,0.2,17.525851196784807,long_nclose,3.5051702393569615,0.002530340057988461,2.0
1651509000000.0,293075,1651509000000.0,0.04881488032151929,-0.00036028000000000004,1385.3050442396836,1385.354959120005,-0.1,18.014,0.1,17.525851196784807,long_nclose,1.7525851196784807,0.0012651257764244818,2.0
1651509420000.0,293082,1651509420000.0,0.04881488032151929,-0.00036028000000000004,1385.3534988400052,1385.3534988400052,-0.1,18.014,0.0,17.525851196784807,long_nclose,0.0,0.0,7.0
1651513080000.0,293143,1651513080000.0,0.0,-0.01118848,1385.342310360005,1385.3999103600052,3.2,17.482,3.2,17.482,long_ientry_normal,55.9424,0.04038164400354047,61.0
1651518720000.0,293237,1651518720000.0,0.14700000000000202,-0.0035258000000000004,1385.485784560005,1385.8113845600049,-1.0,17.629,2.2,17.482,long_nclose,38.4604,0.02775950531474709,94.0
1651518840000.0,293239,1651518840000.0,0.10290000000000141,-0.0024680600000000002,1385.586216500005,1385.7932165000052,-0.7,17.629,1.5,17.482,long_nclose,26.223,0.01892556355405972,2.0
1651518960000.0,293241,1651518960000.0,0.07350000000000101,-0.0017629000000000002,1385.6579536000052,1385.8009536000052,-0.5,17.629,1.0,17.482,long_nclose,17.482,0.012616389170632574,2.0
1651519140000.0,293244,1651519140000.0,0.044100000000000604,-0.0010577400000000002,1385.7009958600052,1385.804595860005,-0.3,17.629,0.7,17.482,long_nclose,12.2374,0.008831198098695977,3.0
1651524480000.0,293333,1651524480000.0,0.029400000000000405,-0.0007051600000000001,1385.729690700005,1385.798690700005,-0.2,17.629,0.5,17.482,long_nclose,8.741,0.0063078680197610985,89.0
1651524540000.0,293334,1651524540000.0,0.014700000000000202,-0.00035258000000000007,1385.744038120005,1385.805238120005,-0.1,17.629,0.4,17.482,long_nclose,6.9928,0.005046242168565928,1.0
1651524780000.0,293338,1651524780000.0,0.014700000000000202,-0.00035258000000000007,1385.7583855400048,1385.8072855400048,-0.1,17.629,0.3,17.482,long_nclose,5.244599999999999,0.003784642441803644,4.0
1651525380000.0,293348,1651525380000.0,0.014700000000000202,-0.00035258000000000007,1385.7727329600048,1385.8003329600047,-0.1,17.629,0.2,17.482,long_nclose,3.4964,0.002523068838662819,10.0
1651525500000.0,293350,1651525500000.0,0.014700000000000202,-0.00035258000000000007,1385.7870803800047,1385.8023803800047,-0.1,17.629,0.1,17.482,long_nclose,1.7482,0.0012615213583320576,2.0
1651526040000.0,293359,1651526040000.0,0.014700000000000202,-0.00035258000000000007,1385.8014278000046,1385.8014278000046,-0.1,17.629,0.0,17.482,long_nclose,0.0,0.0,9.0
1651600920000.0,294607,1651600920000.0,0.0,-0.011133340000000002,1385.7902944600046,1385.7995944600045,3.1,17.957,3.1,17.957,long_ientry_normal,55.666700000000006,0.04016964198879126,1248.0
1651608780000.0,294738,1651608780000.0,0.0,-0.0112032,1385.7790912600046,1384.3463912600046,3.2,17.505,6.3,17.7274126984127,long_rentry,111.6827,0.08059199384979442,131.0
1651630260000.0,295096,1651630260000.0,0.31413333333332893,-0.0075083400000000005,1386.085716253338,1386.7265829200046,-2.1,17.877,4.2,17.7274126984127,long_nclose,74.45513333333334,0.05371611038211219,358.0
1651630440000.0,295099,1651630440000.0,0.2094222222222193,-0.005005559999999999,1386.2901329155602,1386.6753773600046,-1.4,17.877,2.8,17.7274126984127,long_nclose,49.63675555555555,0.03580545974972972,3.0
1651630920000.0,295107,1651630920000.0,0.13462857142856954,-0.00321786,1386.4215436269888,1386.7304595000046,-0.9,17.877,1.9,17.7274126984127,long_nclose,33.68208412698413,0.024294259045390426,8.0
1651631460000.0,295116,1651631460000.0,0.0897523809523797,-0.0021452399999999996,1386.5091507679413,1386.7075142600047,-0.6,17.877,1.3,17.7274126984127,long_nclose,23.04563650793651,0.016621337475610818,9.0
1651632720000.0,295137,1651632720000.0,0.0598349206349198,-0.0014301600000000002,1386.5675555285763,1386.7003841000048,-0.4,17.877,0.9,17.7274126984127,long_nclose,15.95467142857143,0.011506595091567188,21.0
1651632780000.0,295138,1651632780000.0,0.04487619047618985,-0.0010726199999999998,1386.6113590990524,1386.7029114800048,-0.3,17.877,0.6,17.7274126984127,long_nclose,10.636447619047619,0.007670821062621777,1.0
1651638780000.0,295238,1651638780000.0,0.0299174603174599,-0.0007150800000000001,1386.6405614793698,1386.6995964000048,-0.2,17.877,0.4,17.7274126984127,long_nclose,7.0909650793650805,0.005113773011082208,100.0
1651638840000.0,295239,1651638840000.0,0.01495873015872995,-0.00035754000000000005,1386.6551626695284,1386.7039388600047,-0.1,17.877,0.3,17.7274126984127,long_nclose,5.3182238095238095,0.0038352893730878236,1.0
1651639320000.0,295247,1651639320000.0,0.01495873015872995,-0.00035754000000000005,1386.669763859687,1386.7032813200044,-0.1,17.877,0.2,17.7274126984127,long_nclose,3.5454825396825402,0.002556832659142986,8.0
1651639680000.0,295253,1651639680000.0,0.01495873015872995,-0.00035754000000000005,1386.6843650498456,1386.7001237800043,-0.1,17.877,0.1,17.7274126984127,long_nclose,1.7727412698412701,0.0012784028683971982,6.0
1651639920000.0,295257,1651639920000.0,0.01495873015872995,-0.00035754000000000005,1386.6989662400042,1386.6989662400042,-0.1,17.877,0.0,17.7274126984127,long_nclose,0.0,0.0,4.0
1651759500000.0,297250,1651759500000.0,0.0,-0.01118298,1386.6877832600042,1386.6558832600042,2.9,19.281,2.9,19.281,long_ientry_normal,55.914899999999996,0.040322631146679645,1993.0
1651761540000.0,297284,1651761540000.0,0.0,-0.0112776,1386.676505660004,1385.647605660004,3.0,18.796,5.9,19.034389830508474,long_rentry,112.3029,0.08098709363114809,34.0
1651763160000.0,297311,1651763160000.0,0.0,-0.011057399999999998,1386.665448260004,1382.657548260004,3.0,18.429,8.9,18.83032584269663,long_rentry,167.58990000000003,0.12085820715464773,27.0
1651763280000.0,297313,1651763280000.0,0.0,-0.015935920000000003,1386.649512340004,1381.506512340004,4.4,18.109,13.3,18.59169172932331,long_rentry,247.26950000000002,0.17832155696123014,2.0
1651765620000.0,297352,1651765620000.0,0.0,-0.0230165,1386.626495840004,1376.120495840004,6.5,17.705,19.8,18.30060606060606,long_rentry,362.35200000000003,0.26131910870525443,39.0
1651775040000.0,297509,1651775040000.0,0.0,-0.033329199999999996,1386.593166640004,1367.945166640004,9.7,17.18,29.5,17.93213559322034,long_rentry,528.998,0.38150916413490576,157.0
1651785660000.0,297686,1651785660000.0,1.4784711864406426,-0.035442680000000004,1388.0361951464447,1390.456623960004,-9.8,18.083,19.7,17.93213559322034,long_nclose,353.2630711864407,0.254505662331932,177.0
1651786080000.0,297693,1651786080000.0,0.9806186440677731,-0.023507899999999998,1388.9933058905126,1391.011116060004,-6.5,18.083,13.2,17.93213559322034,long_nclose,236.70418983050848,0.1704142048969433,7.0
1651786860000.0,297706,1651786860000.0,0.6638033898304926,-0.015913040000000003,1389.641196240343,1391.030403020004,-4.4,18.083,8.8,17.93213559322034,long_nclose,157.80279322033903,0.1135565019569602,13.0
1651836360000.0,298531,1651836360000.0,0.0,-0.01484962,1389.6263466203432,1383.7469534000043,4.3,17.267,13.1,17.71380864277397,long_rentry,232.050893220339,0.16698797758455072,825.0
1651840560000.0,298601,1651840560000.0,0.6415228360719297,-0.015362179999999998,1390.2525072764151,1391.6709912200042,-4.3,17.863,8.8,17.71380864277397,long_nclose,155.88151605641093,0.11212460703400695,70.0
1651840680000.0,298603,1651840680000.0,0.4326549359554875,-0.01036054,1390.6748016723707,1391.5373306800043,-2.9,17.863,5.9,17.71380864277397,long_nclose,104.51147099236643,0.07515162485628205,2.0
1651844160000.0,298661,1651844160000.0,0.0,-0.010986880000000003,1390.6638147923707,1387.0554438000042,3.2,17.167,9.1,17.521524284875433,long_rentry,159.44587099236642,0.11465450477416216,58.0
1651850160000.0,298761,1651850160000.0,0.44242714537370276,-0.010601400000000002,1391.0956405377444,1391.6353424000042,-3.0,17.669,6.1,17.521524284875433,long_nclose,106.88129813774013,0.07683245854787088,100.0
1651850280000.0,298763,1651850280000.0,0.29495143024913517,-0.0070676,1391.3835243679935,1391.9307748000042,-2.0,17.669,4.1,17.521524284875433,long_nclose,71.83824956798927,0.05163080366401512,2.0
1651850340000.0,298764,1651850340000.0,0.19171842966193786,-0.004593940000000001,1391.5706488576554,1391.9863808600041,-1.3,17.669,2.8,17.521524284875433,long_nclose,49.06026799765121,0.035255319618824194,1.0
1651851360000.0,298781,1651851360000.0,0.13272814361211083,-0.00318042,1391.7001965812676,1392.0108004400042,-0.9,17.669,1.9,17.521524284875433,long_nclose,33.29089614126332,0.0239210256799869,17.0
1651851660000.0,298786,1651851660000.0,0.08848542907474055,-0.00212028,1391.7865617303423,1391.9795801600042,-0.6,17.669,1.3,17.521524284875433,long_nclose,22.777981570338063,0.016366001940713724,5.0
1651851840000.0,298789,1651851840000.0,0.058990286049827034,-0.0014135200000000001,1391.8441384963921,1391.9822666400044,-0.4,17.669,0.9,17.521524284875433,long_nclose,15.76937185638789,0.011329840332139149,3.0
1651851960000.0,298791,1651851960000.0,0.044242714537370276,-0.00106014,1391.8873210709296,1391.9554065000043,-0.3,17.669,0.6,17.521524284875433,long_nclose,10.51291457092526,0.007552992553187809,2.0
1651852140000.0,298794,1651852140000.0,0.029495143024913517,-0.0007067600000000001,1391.9161094539545,1391.9734997400044,-0.2,17.669,0.4,17.521524284875433,long_nclose,7.0086097139501735,0.005035224225330387,3.0
1651852200000.0,298795,1651852200000.0,0.014747571512456759,-0.00035338000000000004,1391.930503645467,1391.9720463600045,-0.1,17.669,0.3,17.521524284875433,long_nclose,5.25645728546263,0.003776379116411318,1.0
1651852260000.0,298796,1651852260000.0,0.014747571512456759,-0.00035338000000000004,1391.9448978369796,1391.9905929800045,-0.1,17.669,0.2,17.521524284875433,long_nclose,3.5043048569750868,0.0025175600430883583,1.0
1651853100000.0,298810,1651853100000.0,0.014747571512456759,-0.00035338000000000004,1391.9592920284922,1391.9736396000046,-0.1,17.669,0.1,17.521524284875433,long_nclose,1.7521524284875434,0.0012587670045538072,14.0
1651853160000.0,298811,1651853160000.0,0.014747571512456759,-0.00035338000000000004,1391.9736862200048,1391.9736862200048,-0.1,17.669,0.0,17.521524284875433,long_nclose,0.0,0.0,1.0
1651885260000.0,299346,1651885260000.0,0.0,-0.01111232,1391.9625739000048,1391.9209739000048,3.2,17.363,3.2,17.363,long_ientry_normal,55.5616,0.03991601573333063,535.0
1651894080000.0,299493,1651894080000.0,0.0,-0.01117182,1391.9514020800048,1390.7057020800048,3.3,16.927,6.5,17.141646153846153,long_rentry,111.4207,0.08004640092570983,147.0
1651899600000.0,299585,1651899600000.0,0.0,-0.01128732,1391.9401147600047,1388.4723147600048,3.4,16.599,9.9,16.955282828282826,long_rentry,167.85729999999998,0.12059232880786798,92.0
1651912980000.0,299808,1651912980000.0,0.4709666666666713,-0.01128468,1392.3997967466714,1393.3549300800048,-3.3,17.098,6.6,16.955282828282826,long_nclose,111.90486666666665,0.08036834458618228,223.0
1651945320000.0,300347,1651945320000.0,0.3139777777777809,-0.00752312,1392.7062514044492,1393.2990069600048,-2.2,17.098,4.4,16.955282828282826,long_nclose,74.60324444444444,0.05356710675292235,539.0
1651945380000.0,300348,1651945380000.0,0.19980404040404237,-0.00478744,1392.9012680048531,1393.3354195200047,-1.4,17.098,3.0,16.955282828282826,long_nclose,50.86584848484848,0.0365179138344149,1.0
1651945680000.0,300353,1651945680000.0,0.14271717171717313,-0.0034196,1393.0405655765703,1393.3399999200046,-1.0,17.098,2.0,16.955282828282826,long_nclose,33.91056565656565,0.024342841475352366,5.0
1651945920000.0,300357,1651945920000.0,0.08563030303030388,-0.0020517599999999997,1393.1241441196005,1393.3337481600045,-0.6,17.098,1.4,16.955282828282826,long_nclose,23.737395959595954,0.017038966742333687,4.0
1651948620000.0,300402,1651948620000.0,0.057086868686869255,-0.0013678400000000002,1393.1798631482873,1393.3545803200045,-0.4,17.098,1.0,16.955282828282826,long_nclose,16.955282828282826,0.012170203773953154,45.0
1651949400000.0,300415,1651949400000.0,0.04281515151515194,-0.0010258799999999998,1393.2216524198025,1393.3264544400045,-0.3,17.098,0.7,16.955282828282826,long_nclose,11.868697979797977,0.008518887112602616,13.0
1651950060000.0,300426,1651950060000.0,0.028543434343434627,-0.0006839200000000001,1393.2495119341459,1393.3168705200044,-0.2,17.098,0.5,16.955282828282826,long_nclose,8.477641414141413,0.006084797691672992,11.0
1651950240000.0,300429,1651950240000.0,0.014271717171717314,-0.00034196000000000004,1393.2634416913177,1393.3253285600044,-0.1,17.098,0.4,16.955282828282826,long_nclose,6.782113131313131,0.004867789485009492,3.0
1651950540000.0,300434,1651950540000.0,0.014271717171717314,-0.00034196000000000004,1393.2773714484895,1393.3237866000047,-0.1,17.098,0.3,16.955282828282826,long_nclose,5.086584848484848,0.003650805613240309,5.0
1651950720000.0,300437,1651950720000.0,0.014271717171717314,-0.00034196000000000004,1393.2913012056613,1393.3202446400048,-0.1,17.098,0.2,16.955282828282826,long_nclose,3.3910565656565654,0.002433846075635563,3.0
1651950900000.0,300440,1651950900000.0,0.014271717171717314,-0.00034196000000000004,1393.305230962833,1393.3197026800049,-0.1,17.098,0.1,16.955282828282826,long_nclose,1.6955282828282827,0.0012169108714654008,3.0
1651957920000.0,300557,1651957920000.0,0.0,-0.010687360000000002,1393.294543602833,1393.2887153200047,3.2,16.699,3.3,16.706766146311605,long_ientry_partial,55.13232828282829,0.039569758265373706,117.0
1651960740000.0,300604,1651960740000.0,0.0,-0.01107584,1393.283467762833,1391.8144394800047,3.4,16.288,6.7,16.494257952660938,long_rentry,110.51152828282828,0.07931733264607985,47.0
1651966140000.0,300694,1651966140000.0,0.3052325041459348,-0.007318520000000001,1393.581381746979,1394.012220960005,-2.2,16.633,4.5,16.494257952660938,long_nclose,74.22416078697422,0.053261446915950895,90.0
1651966200000.0,300695,1651966200000.0,0.2081130710085919,-0.0049899,1393.7845049179875,1394.1767310600046,-1.5,16.633,3.0,16.494257952660938,long_nclose,49.482773857982814,0.035502456573008365,1.0
1651972680000.0,300803,1651972680000.0,0.0,-0.011264399999999999,1393.7732405179875,1392.5859666600047,3.5,16.092,6.5,16.27765751661274,long_rentry,105.80477385798282,0.07591247326477664,108.0
1651975500000.0,300850,1651975500000.0,0.0,-0.0110411,1393.7621994179874,1391.0519255600045,3.5,15.773,10.0,16.101027385798282,long_rentry,161.01027385798284,0.1155220552869192,47.0
1651984140000.0,300994,1651984140000.0,0.4487096268656625,-0.010716419999999999,1394.200192624853,1394.9638091400043,-3.3,16.237,6.7,16.101027385798282,long_nclose,107.87688348484849,0.07737546161268942,144.0
1651984200000.0,300995,1651984200000.0,0.299139751243775,-0.007144280000000001,1394.4921880960967,1395.1175648600044,-2.2,16.237,4.5,16.101027385798282,long_nclose,72.45462323609227,0.051957711814086774,1.0
1651992720000.0,301137,1651992720000.0,0.20395892130257387,-0.0048711,1394.6912759173993,1395.1381937600045,-1.5,16.237,3.0,16.101027385798282,long_nclose,48.30308215739485,0.0346335300087269,142.0
1651993080000.0,301143,1651993080000.0,0.1359726142017159,-0.0032473999999999997,1394.824001131601,1395.1119463600046,-1.0,16.237,2.0,16.101027385798282,long_nclose,32.202054771596565,0.023086822957929812,6.0
1651993200000.0,301145,1651993200000.0,0.08158356852102955,-0.0019484399999999999,1394.903636260122,1395.0771979200044,-0.6,16.237,1.4,16.101027385798282,long_nclose,22.541438340117594,0.016159853450919,2.0
1651993320000.0,301147,1651993320000.0,0.054389045680686365,-0.00129896,1394.9567263458027,1395.1056989600045,-0.4,16.237,1.0,16.101027385798282,long_nclose,16.101027385798282,0.011542313164062208,2.0
1651994160000.0,301161,1651994160000.0,0.040791784260514774,-0.0009742199999999999,1394.9965439100633,1395.1218247400045,-0.3,16.237,0.7,16.101027385798282,long_nclose,11.270719170058797,0.008079388597241879,14.0
1651997940000.0,301224,1651997940000.0,0.027194522840343183,-0.00064948,1395.0230889529037,1395.0950752600045,-0.2,16.237,0.5,16.101027385798282,long_nclose,8.050513692899141,0.005770882042491362,63.0
1652008020000.0,301392,1652008020000.0,0.013597261420171591,-0.00032474,1395.036361474324,1395.1059505200046,-0.1,16.237,0.4,16.101027385798282,long_nclose,6.440410954319313,0.004616661710174249,168.0
1652008500000.0,301400,1652008500000.0,0.013597261420171591,-0.00032474,1395.0496339957442,1395.0913257800048,-0.1,16.237,0.3,16.101027385798282,long_nclose,4.8303082157394845,0.003462463340393393,8.0
1652009040000.0,301409,1652009040000.0,0.013597261420171591,-0.00032474,1395.0629065171645,1395.089701040005,-0.1,16.237,0.2,16.101027385798282,long_nclose,3.2202054771596567,0.0023082869325219465,9.0
1652009220000.0,301412,1652009220000.0,0.013597261420171591,-0.00032474,1395.0761790385848,1395.091076300005,-0.1,16.237,0.1,16.101027385798282,long_nclose,1.6101027385798283,0.0011541324859330828,3.0
1652011620000.0,301452,1652011620000.0,0.013597261420171591,-0.00032474,1395.089451560005,1395.089451560005,-0.1,16.237,0.0,16.101027385798282,long_nclose,0.0,0.0,40.0
1652015520000.0,301517,1652015520000.0,0.0,-0.0111055,1395.078346060005,1395.095846060005,3.5,15.865,3.5,15.865,long_ientry_normal,55.5275,0.03980242411246748,65.0
1652016360000.0,301531,1652016360000.0,0.1474000000000004,-0.00351978,1395.222226280005,1395.4982262800052,-1.1,15.999,2.4,15.865,long_nclose,38.076,0.027290276260520656,14.0
1652017500000.0,301550,1652017500000.0,0.10720000000000028,-0.0025598400000000003,1395.326866440005,1395.574866440005,-0.8,15.999,1.6,15.865,long_nclose,25.384,0.018192153115179365,19.0
1652018100000.0,301560,1652018100000.0,0.0,-0.00601578,1395.320850660005,1395.245450660005,1.9,15.831,3.5,15.846542857142857,long_ientry_partial,55.462900000000005,0.03974920891762302,10.0
1652020380000.0,301598,1652020380000.0,0.14680285714285723,-0.0035156000000000007,1395.4641379171478,1395.856435060005,-1.1,15.98,2.4,15.846542857142857,long_nclose,38.031702857142854,0.027253801673404875,38.0
1652021100000.0,301610,1652021100000.0,0.10676571428571435,-0.0025568,1395.5683468314335,1395.8378782600048,-0.8,15.98,1.6,15.846542857142857,long_nclose,25.354468571428573,0.01816784439758511,12.0
1652021220000.0,301612,1652021220000.0,0.06672857142857147,-0.001598,1395.633477402862,1395.7967802600047,-0.5,15.98,1.1,15.846542857142857,long_nclose,17.431197142857144,0.0124898101293005,2.0
1652022120000.0,301627,1652022120000.0,0.04003714285714288,-0.0009588,1395.672555745719,1395.7833214600046,-0.3,15.98,0.8,15.846542857142857,long_nclose,12.677234285714286,0.00908324394108383,15.0
1652025240000.0,301679,1652025240000.0,0.026691428571428588,-0.0006392,1395.6986079742903,1395.7846822600045,-0.2,15.98,0.6,15.846542857142857,long_nclose,9.507925714285713,0.006812305794361626,52.0
1652025600000.0,301685,1652025600000.0,0.026691428571428588,-0.0006392,1395.7246602028617,1395.7800430600046,-0.2,15.98,0.4,15.846542857142857,long_nclose,6.338617142857143,0.004541452425105003,6.0
1652025720000.0,301687,1652025720000.0,0.013345714285714294,-0.0003196,1395.7376863171473,1395.7822234600044,-0.1,15.98,0.3,15.846542857142857,long_nclose,4.753962857142857,0.003406057530542766,2.0
1652029440000.0,301749,1652029440000.0,0.0,-0.010106880000000002,1395.7275794371474,1395.7567165800044,3.2,15.792,3.5,15.796675102040817,long_ientry_partial,55.28836285714286,0.03961257459671242,62.0
1652034060000.0,301826,1652034060000.0,0.14665738775510084,-0.0035046,1395.8707322249024,1396.2387119800044,-1.1,15.93,2.4,15.796675102040817,long_nclose,37.91202024489796,0.02716012261713471,77.0
1652040720000.0,301937,1652040720000.0,0.10665991836734606,-0.0025488,1395.9748433432696,1396.2201631800044,-0.8,15.93,1.6,15.796675102040817,long_nclose,25.27468016326531,0.018105398019017362,111.0
1652041140000.0,301944,1652041140000.0,0.06666244897959128,-0.001593,1396.0399127922492,1396.1920701800043,-0.5,15.93,1.1,15.796675102040817,long_nclose,17.3763426122449,0.012446880961655393,7.0
1652042580000.0,301968,1652042580000.0,0.03999746938775477,-0.0009558,1396.078954461637,1396.1776143800043,-0.3,15.93,0.8,15.796675102040817,long_nclose,12.637340081632654,0.009052023914009884,24.0
1652043420000.0,301982,1652043420000.0,0.026664979591836516,-0.0006372,1396.104982241229,1396.1909771800044,-0.2,15.93,0.6,15.796675102040817,long_nclose,9.47800506122449,0.006788891366900668,14.0
1652047560000.0,302051,1652047560000.0,0.026664979591836516,-0.0006372,1396.131010020821,1396.1923399800046,-0.2,15.93,0.4,15.796675102040817,long_nclose,6.318670040816327,0.0045258432020087395,69.0
1652048280000.0,302063,1652048280000.0,0.013332489795918258,-0.0003186,1396.1440239106169,1396.1915213800046,-0.1,15.93,0.3,15.796675102040817,long_nclose,4.739002530612245,0.00339435076141947,12.0
1652048400000.0,302065,1652048400000.0,0.013332489795918258,-0.0003186,1396.1570378004128,1396.1787027800046,-0.1,15.93,0.2,15.796675102040817,long_nclose,3.1593350204081636,0.002262879414614823,2.0
1652052540000.0,302134,1652052540000.0,0.0,-0.01067396,1396.1463638404127,1396.0652288200047,3.4,15.697,3.6,15.702537505668932,long_ientry_partial,56.529135020408155,0.040489404610066906,69.0
1652056200000.0,302195,1652056200000.0,0.1589549931972826,-0.0038004,1396.30151843361,1396.6674284200046,-1.2,15.835,2.4,15.702537505668932,long_nclose,37.68609001360544,0.02698993699862348,61.0
1652058900000.0,302240,1652058900000.0,0.10596999546485507,-0.0025336000000000004,1396.4049548290748,1396.6648948200045,-0.8,15.835,1.6,15.702537505668932,long_nclose,25.12406000907029,0.017991958509016873,45.0
1652061720000.0,302287,1652061720000.0,0.0,-0.0062452,1396.3987096290748,1396.2446496200046,2.0,15.613,3.6,15.65279444696397,long_ientry_partial,56.35006000907029,0.04035384709288262,47.0
1652063280000.0,302313,1652063280000.0,0.0,-0.01129166,1396.3874179690747,1394.7580579600044,3.7,15.259,7.3,15.453200001242507,long_rentry,112.8083600090703,0.0807858611137734,26.0
1652084460000.0,302666,1652084460000.0,0.0,-0.011071880000000001,1396.3763460890748,1392.9335860800045,3.7,14.962,11.0,15.287978182642753,long_rentry,168.1677600090703,0.1204315444615408,353.0
1652091780000.0,302788,1652091780000.0,0.0,-0.015879240000000003,1396.3604668490748,1389.7945068400045,5.4,14.703,16.4,15.095363415187215,long_rentry,247.5639600090703,0.17729230086820283,122.0
1652110320000.0,303097,1652110320000.0,0.0,-0.023004800000000002,1396.3374620490747,1384.6215020400043,8.0,14.378,24.4,14.860162295453701,long_rentry,362.5879600090703,0.25967072420801884,309.0
1652114640000.0,303169,1652114640000.0,0.0,-0.0334896,1396.3039724490748,1374.9580124400045,12.0,13.954,36.4,14.561427472776657,long_rentry,530.0359600090703,0.3795992638188971,72.0
1652117580000.0,303218,1652117580000.0,1.4831275794024408,-0.035535279999999995,1397.7515647484772,1399.6608771600045,-12.1,14.684,24.3,14.561427472776657,long_nclose,353.84268758847276,0.2531513442820907,49.0
1652117640000.0,303219,1652117640000.0,0.9928374705090719,-0.023788079999999996,1398.7206141389863,1400.8844890800044,-8.1,14.684,16.2,14.561427472776657,long_nclose,235.89512505898185,0.16865063878692627,1.0
1652117760000.0,303221,1652117760000.0,0.6618916470060481,-0.01585872,1399.3666470659923,1400.6472303600044,-5.4,14.684,10.8,14.561427472776657,long_nclose,157.2634167059879,0.11238185291590101,2.0
1652117820000.0,303222,1652117820000.0,0.441261098004032,-0.01057248,1399.7973356839964,1400.5790578800045,-3.6,14.684,7.2,14.561427472776657,long_nclose,104.84227780399193,0.07489818356652454,1.0
1652117880000.0,303223,1652117880000.0,0.2941740653360213,-0.00704832,1400.0844614293324,1400.4136095600045,-2.4,14.684,4.8,14.561427472776657,long_nclose,69.89485186932795,0.04992188242555952,1.0
1652118240000.0,303229,1652118240000.0,0.19611604355734757,-0.00469888,1400.2758785928897,1400.6873106800044,-1.6,14.684,3.2,14.561427472776657,long_nclose,46.596567912885305,0.033276705415870834,6.0
1652119920000.0,303257,1652119920000.0,0.0,-0.01108458,1400.2647940128898,1399.2073261000044,3.9,14.211,7.1,14.368939142659904,long_rentry,102.01946791288532,0.07285726838887174,28.0
1652121120000.0,303277,1652121120000.0,0.0,-0.0111448,1400.2536492128897,1397.1886813000044,4.0,13.931,11.1,14.211123235395075,long_rentry,157.74346791288534,0.11265349531604939,20.0
1652121720000.0,303287,1652121720000.0,0.0,-0.014780880000000003,1400.2388683328898,1394.3110004200043,5.4,13.686,16.5,14.03926472199305,long_rentry,231.64786791288532,0.16543453631499527,10.0
1652122560000.0,303301,1652122560000.0,0.6530440290382247,-0.0155738,1400.876338561928,1401.7644266200043,-5.5,14.158,11.0,14.03926472199305,long_nclose,154.43191194192354,0.11023950343858038,14.0
1652125800000.0,303355,1652125800000.0,0.0,-0.014608080000000002,1400.861730481928,1395.6914185400044,5.4,13.526,16.4,13.87026292328802,long_rentry,227.47231194192352,0.16238027422140222,54.0
1652126400000.0,303365,1652126400000.0,0.6303802142446895,-0.015105960000000002,1401.4770047361726,1403.5641125800043,-5.4,13.987,11.0,13.87026292328802,long_nclose,152.57289215616822,0.10886578348453887,10.0
1652126820000.0,303372,1652126820000.0,2.127053921915885,-0.0156827,1403.5883759580884,1405.5119298800043,-5.5,14.257,5.5,13.87026292328802,long_nclose,76.28644607808411,0.05435101015709897,7.0
1652126940000.0,303374,1652126940000.0,1.0441901071223436,-0.007698780000000001,1404.6248672852107,1405.7441311000043,-2.7,14.257,2.8,13.87026292328802,long_nclose,38.836736185206455,0.02764918740209133,2.0
1652127420000.0,303382,1652127420000.0,0.5414319073967707,-0.00399196,1405.1623072326076,1405.6939391400044,-1.4,14.257,1.4,13.87026292328802,long_nclose,19.418368092603227,0.013819306134710281,8.0
1652127480000.0,303383,1652127480000.0,0.27071595369838536,-0.00199598,1405.431027206306,1405.6618431600043,-0.7,14.257,0.7,13.87026292328802,long_nclose,9.709184046301614,0.006908331934012713,1.0
1652127600000.0,303385,1652127600000.0,0.11602112301359373,-0.0008554200000000001,1405.5461929093194,1405.7100877400042,-0.3,14.257,0.4,13.87026292328802,long_nclose,5.548105169315209,0.003947294793514589,2.0
1652127840000.0,303389,1652127840000.0,0.07734741534239582,-0.00057028,1405.622970044662,1405.7059174600045,-0.2,14.257,0.2,13.87026292328802,long_nclose,2.7740525846576043,0.001973539593316024,4.0
1652128680000.0,303403,1652128680000.0,0.0,-0.01066888,1405.612301164662,1405.5938485800045,3.8,14.038,4.0,14.029613146164401,long_ientry_partial,56.118452584657604,0.03992455995025014,14.0
1652129580000.0,303418,1652129580000.0,0.1539029099862784,-0.00367848,1405.7625255946484,1406.0200701000044,-1.3,14.148,2.7,14.029613146164401,long_nclose,37.87995549464389,0.026946198098871908,15.0
1652129640000.0,303419,1652129640000.0,0.10654816845203889,-0.00254664,1405.8665271231005,1406.1012234600046,-0.9,14.148,1.8,14.029613146164401,long_nclose,25.253303663095924,0.017962803136634245,1.0
1652129940000.0,303424,1652129940000.0,0.07103211230135927,-0.00169776,1405.9358614754017,1405.9723257000044,-0.6,14.148,1.2,14.029613146164401,long_nclose,16.83553577539728,0.01197461152867238,5.0
1652130000000.0,303425,1652130000000.0,0.04735474153423951,-0.00113184,1405.982084376936,1406.0783938600046,-0.4,14.148,0.8,14.029613146164401,long_nclose,11.223690516931521,0.00798281190183538,1.0
1652130120000.0,303427,1652130120000.0,0.023677370767119756,-0.00056592,1406.005195827703,1406.0264279400042,-0.2,14.148,0.6,14.029613146164401,long_nclose,8.41776788769864,0.0059870105122500445,2.0
1652130180000.0,303428,1652130180000.0,0.0,-0.00952816,1405.995667667703,1405.9570997800042,3.4,14.012,4.0,14.014641971924659,long_ientry_partial,56.058567887698636,0.03987108152380714,1.0
1652130480000.0,303433,1652130480000.0,0.15386543649794202,-0.0036745799999999998,1406.1458585242008,1406.5248252000042,-1.3,14.133,2.7,14.014641971924659,long_nclose,37.83953332419658,0.026910105445185104,5.0
1652130660000.0,303436,1652130660000.0,0.10652222526780601,-0.00254394,1406.2498368094687,1406.5024812600043,-0.9,14.133,1.8,14.014641971924659,long_nclose,25.226355549464387,0.017938743805793793,3.0
1652131080000.0,303443,1652131080000.0,0.07101481684520401,-0.0016959599999999998,1406.319155666314,1406.4455853000043,-0.6,14.133,1.2,14.014641971924659,long_nclose,16.81757036630959,0.0119585730582909,7.0
1652131140000.0,303444,1652131140000.0,0.04734321123013601,-0.00113064,1406.365368237544,1406.4296546600044,-0.4,14.133,0.8,14.014641971924659,long_nclose,11.211713577539728,0.007972120069758427,1.0
1652131500000.0,303450,1652131500000.0,0.023671605615068005,-0.00056532,1406.3884745231592,1406.4546893400043,-0.2,14.133,0.6,14.014641971924659,long_nclose,8.408785183154794,0.0059789918187475345,6.0
1652131560000.0,303451,1652131560000.0,0.023671605615068005,-0.00056532,1406.4115808087743,1406.4717240200043,-0.2,14.133,0.4,14.014641971924659,long_nclose,5.605856788769864,0.003985929058936038,1.0
1652132280000.0,303463,1652132280000.0,0.0,-0.01007352,1406.4015072887742,1406.3880505000043,3.6,13.991,4.0,13.993364197192466,long_ientry_partial,55.973456788769866,0.03979905915820163,12.0
1652133480000.0,303483,1652133480000.0,0.0,-0.011186439999999999,1406.390320848774,1405.6976640600042,4.1,13.642,8.1,13.81551318379875,long_rentry,111.90565678876987,0.07956941620675646,20.0
1652137920000.0,303557,1652137920000.0,0.0,-0.011238360000000001,1406.379082488774,1402.609625700004,4.2,13.379,12.3,13.666459901526004,long_rentry,168.09745678876985,0.11952499783436707,74.0
1652138520000.0,303567,1652138520000.0,0.0,-0.015775200000000003,1406.363307288774,1399.851850500004,6.0,13.146,18.3,13.495817310861739,long_rentry,246.97345678876982,0.17561141954484868,10.0
1652139840000.0,303589,1652139840000.0,0.0,-0.023144400000000002,1406.3401628887739,1395.268706100004,9.0,12.858,27.3,13.285547867720508,long_rentry,362.6954567887699,0.2579002337839477,22.0
1652140680000.0,303603,1652140680000.0,0.0,-0.0334464,1406.3067164887739,1384.518759700004,13.4,12.48,40.7,13.020330633630708,long_rentry,529.9274567887699,0.376822104719714,14.0
1652141460000.0,303616,1652141460000.0,0.0,-0.047912,1406.2588044887739,1375.186847700004,20.0,11.978,60.7,12.676893851544808,long_rentry,769.4874567887699,0.5471876544577486,13.0
1652143560000.0,303651,1652143560000.0,2.1635441987948973,-0.05164736,1408.3707013275687,1416.1915003400038,-20.2,12.784,40.5,12.676893851544808,long_nclose,513.4142009875648,0.364544789595244,35.0
1652144220000.0,303662,1652144220000.0,1.4459330041451048,-0.0345168,1409.782117531714,1412.1609835400043,-13.5,12.784,27.0,12.676893851544808,long_nclose,342.2761339917098,0.24278654817311518,11.0
1652144280000.0,303663,1652144280000.0,0.9639553360967366,-0.023011200000000002,1410.7230616678107,1411.4989723400042,-9.0,12.784,18.0,12.676893851544808,long_nclose,228.18408932780653,0.16174974063161524,1.0
1652144580000.0,303668,1652144580000.0,0.6426368907311577,-0.015340800000000002,1411.3503577585418,1413.007631540004,-6.0,12.784,12.0,12.676893851544808,long_nclose,152.1227262185377,0.10778523233602591,5.0
1652145060000.0,303676,1652145060000.0,0.4284245938207718,-0.0102272,1411.7685551523628,1412.3534043400043,-4.0,12.784,8.0,12.676893851544808,long_nclose,101.41515081235846,0.07183553596107217,8.0
1652145960000.0,303691,1652145960000.0,0.2784759859835017,-0.006647680000000001,1412.0403834583462,1412.5701566600044,-2.6,12.784,5.4,12.676893851544808,long_nclose,68.45522679834197,0.04847965228209872,15.0
1652146020000.0,303692,1652146020000.0,0.19279106721934733,-0.0046022400000000005,1412.2285722855656,1412.3117544200043,-1.8,12.784,3.6,12.676893851544808,long_nclose,45.63681786556131,0.03231546136451708,1.0
1652146200000.0,303695,1652146200000.0,0.12852737814623152,-0.00306816,1412.3540315037117,1412.601486260004,-1.2,12.784,2.4,12.676893851544808,long_nclose,30.424545243707538,0.021541727190961455,3.0
1652146260000.0,303696,1652146260000.0,0.0,-0.005112,1412.3489195037116,1412.354374260004,2.0,12.78,4.4,12.723760282660804,long_ientry_partial,55.984545243707544,0.03963931608584377,1.0
1652149680000.0,303753,1652149680000.0,0.15013560427487427,-0.0035926799999999996,1412.4954624279865,1412.919181580004,-1.4,12.831,3.0,12.723760282660804,long_nclose,38.17128084798241,0.027024002457585596,57.0
1652149740000.0,303754,1652149740000.0,0.0,-0.0036022,1412.4918602279865,1412.783579380004,1.4,12.865,4.4,12.768700192723273,long_ientry_partial,56.182280847982405,0.03977529529898613,1.0
1652150460000.0,303766,1652150460000.0,0.15161973018741895,-0.00360556,1412.6398743981738,1413.048773820004,-1.4,12.877,3.0,12.768700192723273,long_nclose,38.30610057816982,0.027116677981703828,12.0
1652150520000.0,303767,1652150520000.0,0.0,-0.0036133999999999997,1412.6362609981738,1412.9571604200041,1.4,12.905,4.4,12.812068313220411,long_ientry_partial,56.37310057816981,0.03990631002090827,1.0
1652153940000.0,303824,1652153940000.0,0.15110436149142392,-0.0036175999999999995,1412.7837477596652,1413.407542820004,-1.4,12.92,3.0,12.812068313220411,long_nclose,38.43620493966124,0.027206007289234325,57.0
1652153940000.0,303824,1652153940000.0,0.49970436149142466,-0.00368732,1413.2797648011567,1413.612455500004,-1.4,13.169,1.6,12.812068313220411,long_nclose,20.49930930115266,0.014504778043034416,0.0
1652154240000.0,303829,1652154240000.0,0.0,-0.00718816,1413.2725766411568,1413.504467340004,2.8,12.836,4.4,12.827297568443786,long_ientry_partial,56.44010930115266,0.03993575636717625,5.0
1652155860000.0,303856,1652155860000.0,0.15218340417869952,-0.0036220799999999997,1413.4211379653354,1413.624245260004,-1.4,12.936,3.0,12.827297568443786,long_nclose,38.48189270533136,0.027226062828469698,27.0
1652155980000.0,303858,1652155980000.0,0.0,-0.00358372,1413.4175542453354,1413.337061540004,1.4,12.799,4.4,12.818293796666214,long_ientry_partial,56.400492705331345,0.03990363112155148,2.0
1652156160000.0,303861,1652156160000.0,0.15218868466729915,-0.00361956,1413.5661233700027,1413.9312419800042,-1.4,12.927,3.0,12.818293796666214,long_nclose,38.45488138999865,0.027204161697311015,3.0
1652157420000.0,303882,1652157420000.0,0.5365593050006785,-0.0039528,1414.0987298750035,1414.701289180004,-1.5,13.176,1.5,12.818293796666214,long_nclose,19.227440694999324,0.013596957757467823,21.0
1652158200000.0,303895,1652158200000.0,0.25039434233364993,-0.00184464,1414.3472795773373,1414.6406445400044,-0.7,13.176,0.8,12.818293796666214,long_nclose,10.254635037332973,0.007250436427747407,13.0
1652158920000.0,303907,1652158920000.0,0.485364962667029,-0.0021480000000000006,1414.8304965400043,1414.8304965400043,-0.8,13.425,0.0,12.818293796666214,long_nclose,0.0,0.0,12.0
1652194200000.0,304495,1652194200000.0,0.0,-0.011232,1414.8192645400043,1414.8192645400043,4.0,14.04,4.0,14.04,long_ientry_normal,56.16,0.03969411599598138,588.0
1652194440000.0,304499,1652194440000.0,0.15470000000000203,-0.0036813400000000004,1414.9702832000044,1415.3482832000043,-1.3,14.159,2.7,14.04,long_nclose,37.908,0.026790668645188608,4.0
1652194560000.0,304501,1652194560000.0,0.1071000000000014,-0.00254862,1415.0748345800043,1415.2728345800044,-0.9,14.159,1.8,14.04,long_nclose,25.272,0.01785912616239886,2.0
1652194620000.0,304502,1652194620000.0,0.07140000000000092,-0.0016990800000000002,1415.1445355000044,1415.3305355000043,-0.6,14.159,1.2,14.04,long_nclose,16.848,0.011905497691122553,1.0
1652194800000.0,304505,1652194800000.0,0.04760000000000062,-0.0011327200000000003,1415.1910027800045,1415.2870027800045,-0.4,14.159,0.8,14.04,long_nclose,11.232,0.00793673785230109,3.0
1652194920000.0,304507,1652194920000.0,0.02380000000000031,-0.0005663600000000001,1415.2142364200045,1415.3162364200045,-0.2,14.159,0.6,14.04,long_nclose,8.424,0.005952455665871313,2.0
1652195040000.0,304509,1652195040000.0,0.0,-0.00954584,1415.2046905800044,1415.4314905800043,3.4,14.038,4.0,14.0383,long_ientry_partial,56.1532,0.039678500483902646,2.0
1652196000000.0,304525,1652196000000.0,0.1543100000000006,-0.00368082,1415.3553197600042,1415.6299097600042,-1.3,14.157,2.7,14.0383,long_nclose,37.90341,0.026780137447342284,16.0
1652196180000.0,304528,1652196180000.0,0.0,-0.0036480600000000003,1415.3516717000043,1415.3479617000044,1.3,14.031,4.0,14.0359275,long_ientry_partial,56.14371,0.03966767491259948,3.0
1652196720000.0,304537,1652196720000.0,0.15349425000000033,-0.0036800400000000003,1415.5014859100042,1415.9174816600043,-1.3,14.154,2.7,14.0359275,long_nclose,37.89700425,0.026772846674644496,9.0
1652196900000.0,304540,1652196900000.0,0.5083942499999999,-0.00375102,1416.0061291400043,1416.5438306400042,-1.3,14.427,1.4,14.0359275,long_nclose,19.650298499999998,0.013877269381548787,3.0
1652196960000.0,304541,1652196960000.0,0.27375074999999993,-0.0020197799999999997,1416.2778601100044,1416.5957108600044,-0.7,14.427,0.7,14.0359275,long_nclose,9.825149249999999,0.006937303425216903,1.0
1652197920000.0,304557,1652197920000.0,0.11732174999999997,-0.0008656200000000001,1416.3943162400044,1416.5519452400044,-0.3,14.427,0.4,14.0359275,long_nclose,5.614371,0.003963847450972586,16.0
1652198220000.0,304562,1652198220000.0,0.07821449999999999,-0.0005770800000000001,1416.4719536600044,1416.5517681600045,-0.2,14.427,0.2,14.0359275,long_nclose,2.8071855,0.0019818150954182667,5.0
1652198760000.0,304571,1652198760000.0,0.039107249999999996,-0.00028854000000000005,1416.5107723700044,1416.5451796200043,-0.1,14.427,0.1,14.0359275,long_nclose,1.40359275,0.0009908803924248378,9.0
1652199240000.0,304579,1652199240000.0,0.039107249999999996,-0.00028854000000000005,1416.5495910800043,1416.5495910800043,-0.1,14.427,0.0,14.0359275,long_nclose,0.0,0.0,8.0
1652211420000.0,304782,1652211420000.0,0.0,-0.0112488,1416.5383422800044,1416.4143422800043,4.0,14.061,4.0,14.061,long_ientry_normal,56.244,0.039705243636026025,203.0
1652212380000.0,304798,1652212380000.0,0.1546999999999997,-0.0036868000000000005,1416.6893554800045,1417.0916554800044,-1.3,14.18,2.7,14.061,long_nclose,37.9647,0.02679818257485019,16.0
1652212920000.0,304807,1652212920000.0,0.10709999999999979,-0.0025524000000000002,1416.7939030800044,1417.0441030800043,-0.9,14.18,1.8,14.061,long_nclose,25.3098,0.01786413672798731,9.0
1652213040000.0,304809,1652213040000.0,0.07139999999999987,-0.0017016,1416.8636014800045,1417.0124014800044,-0.6,14.18,1.2,14.061,long_nclose,16.8732,0.011908838636531326,2.0
1652213820000.0,304822,1652213820000.0,0.04759999999999991,-0.0011344000000000003,1416.9100670800046,1416.9812670800047,-0.4,14.18,0.8,14.061,long_nclose,11.248800000000001,0.00793896540179275,13.0
1652213940000.0,304824,1652213940000.0,0.0,-0.008993920000000002,1416.9010731600047,1416.7826731600046,3.2,14.053,4.0,14.054600000000002,long_ientry_partial,56.21840000000001,0.03967701137710374,2.0
1652214420000.0,304832,1652214420000.0,0.15391999999999692,-0.0036849800000000005,1417.0513081800048,1417.3493881800048,-1.3,14.173,2.7,14.054600000000002,long_nclose,37.94742000000001,0.026779143268099388,8.0
1652214480000.0,304833,1652214480000.0,0.10655999999999786,-0.0025511400000000004,1417.1553170400048,1417.3630370400049,-0.9,14.173,1.8,14.054600000000002,long_nclose,25.298280000000005,0.01785145191625165,1.0
1652214540000.0,304834,1652214540000.0,0.07103999999999856,-0.0017007600000000002,1417.2246562800049,1417.363136280005,-0.6,14.173,1.2,14.054600000000002,long_nclose,16.865520000000004,0.011900385676516086,1.0
1652214720000.0,304837,1652214720000.0,0.0,-0.007868,1417.216788280005,1417.1512682800048,2.8,14.05,4.0,14.05138,long_ientry_partial,56.20552,0.03965908424512345,3.0
1652217660000.0,304886,1652217660000.0,0.0,-0.011233179999999999,1417.2055551000049,1415.6016351000048,4.1,13.699,8.1,13.873014814814816,long_rentry,112.37142,0.07929084076450048,49.0
1652218320000.0,304897,1652218320000.0,0.0,-0.011285400000000003,1417.194269700005,1413.584849700005,4.2,13.435,12.3,13.723448780487804,long_rentry,168.79842,0.119107467204007,11.0
1652218740000.0,304904,1652218740000.0,0.0,-0.015842400000000003,1417.1784273000048,1410.636507300005,6.0,13.202,18.3,13.552481967213115,long_rentry,248.01042,0.1750029602641547,7.0
1652222100000.0,304960,1652222100000.0,0.0,-0.0232434,1417.1551839000049,1404.961263900005,9.0,12.913,27.3,13.341663736263737,long_rentry,364.22742,0.2570130809511261,56.0
1652223420000.0,304982,1652223420000.0,1.0222600000000017,-0.02448628,1418.1529576200048,1420.2156776200047,-9.1,13.454,18.2,13.341663736263737,long_nclose,242.81828,0.17122150237412073,22.0
1652223720000.0,304987,1652223720000.0,0.6740175824175836,-0.0161448,1418.8108304024224,1420.437532820005,-6.0,13.454,12.2,13.341663736263737,long_nclose,162.76829758241757,0.11472163455099298,5.0
1652224560000.0,305001,1652224560000.0,2.2712512087912087,-0.016731080000000002,1421.0653505312137,1423.0987017400048,-6.1,13.714,6.1,13.341663736263737,long_nclose,81.38414879120879,0.057269814340900144,14.0
1652224620000.0,305002,1652224620000.0,1.1170087912087912,-0.0082284,1422.1741309224224,1423.0524733400048,-3.0,13.714,3.1,13.341663736263737,long_nclose,41.35915758241759,0.02908164104742366,1.0
1652224680000.0,305003,1652224680000.0,0.0,-0.0029911200000000003,1422.1711398024224,1422.892382220005,1.1,13.596,4.2,13.408275614861331,long_ientry_partial,56.31475758241759,0.03959773616995295,1.0
1652226360000.0,305031,1652226360000.0,0.15921413919413643,-0.00378616,1422.3265677816166,1422.681396060005,-1.4,13.522,2.8,13.408275614861331,long_nclose,37.54317172161173,0.02639560602468904,28.0
1652226420000.0,305032,1652226420000.0,0.0,-0.0037898,1422.3227779816166,1422.7406062600048,1.4,13.535,4.2,13.45051707657422,long_ientry_partial,56.492171721611726,0.039718250031668886,1.0
1652226480000.0,305033,1652226480000.0,0.15887609279609158,-0.00379792,1422.4778561544128,1422.644408340005,-1.4,13.564,2.8,13.45051707657422,long_nclose,37.661447814407815,0.026475946638792238,1.0
1652226540000.0,305034,1652226540000.0,0.0,-0.0037828,1422.474073354413,1422.241625540005,1.4,13.51,4.2,13.470344717716145,long_ientry_partial,56.57544781440781,0.03977256870558926,1.0
1652226840000.0,305039,1652226840000.0,0.1591173951973964,-0.00380352,1422.6293872296103,1422.936422020005,-1.4,13.584,2.8,13.470344717716145,long_nclose,37.716965209605206,0.02651215105506445,5.0
1652226900000.0,305040,1652226900000.0,0.10228975405546913,-0.0024451200000000003,1422.7292318636657,1422.8900769000052,-0.9,13.584,1.9,13.470344717716145,long_nclose,25.593654963660676,0.017989125682147514,1.0
1652226960000.0,305041,1652226960000.0,0.06819316937031274,-0.00163008,1422.795794953036,1422.905846820005,-0.6,13.584,1.3,13.470344717716145,long_nclose,17.51144813303099,0.012307773325692892,1.0
1652227020000.0,305042,1652227020000.0,0.04546211291354183,-0.00108672,1422.8401703459494,1422.9523601000049,-0.4,13.584,0.9,13.470344717716145,long_nclose,12.12331024594453,0.008520500403778218,1.0
1652227140000.0,305044,1652227140000.0,0.0,-0.008941020000000001,1422.8312293259494,1423.0178190800048,3.3,13.547,4.2,13.53057386808203,long_ientry_partial,56.828410245944525,0.03994037316208357,2.0
1652227260000.0,305046,1652227260000.0,0.1601965846851577,-0.0038206,1422.9876053106345,1423.3219984800048,-1.4,13.645,2.8,13.53057386808203,long_nclose,37.88560683062968,0.026623989337109757,2.0
1652227380000.0,305048,1652227380000.0,0.0,-0.0037923200000000005,1422.9838129906345,1423.0256061600048,1.4,13.544,4.2,13.53504924538802,long_ientry_partial,56.84720683062969,0.03994929971209998,2.0
1652228100000.0,305060,1652228100000.0,0.15953105645677076,-0.00382172,1423.1395223270913,1423.4893844400049,-1.4,13.649,2.8,13.53504924538802,long_nclose,37.898137887086456,0.026629952504668077,12.0
1652228700000.0,305070,1652228700000.0,0.5277310564567731,-0.0038953600000000005,1423.6633580235482,1424.195289080005,-1.4,13.912,1.4,13.53504924538802,long_nclose,18.949068943543228,0.01331007701838302,10.0
1652228820000.0,305072,1652228820000.0,0.26386552822838655,-0.0019476800000000002,1423.9252758717764,1424.222741400005,-0.7,13.912,0.7,13.53504924538802,long_nclose,9.474534471771614,0.006653814376580243,2.0
1652228940000.0,305074,1652228940000.0,0.11308522638359424,-0.0008347200000000002,1424.03752637816,1424.2055066800049,-0.3,13.912,0.4,13.53504924538802,long_nclose,5.414019698155208,0.00380187993495158,2.0
1652229060000.0,305076,1652229060000.0,0.07539015092239616,-0.0005564800000000001,1424.1123600490826,1424.191350200005,-0.2,13.912,0.2,13.53504924538802,long_nclose,2.707009849077604,0.0019008400776637498,2.0
1652229240000.0,305079,1652229240000.0,0.03769507546119808,-0.0002782400000000001,1424.1497768845438,1424.1907719600051,-0.1,13.912,0.1,13.53504924538802,long_nclose,1.353504924538802,0.0009503950683471764,3.0
1652229840000.0,305089,1652229840000.0,0.03769507546119808,-0.0002782400000000001,1424.187193720005,1424.187193720005,-0.1,13.912,0.0,13.53504924538802,long_nclose,0.0,0.0,10.0
1652231280000.0,305113,1652231280000.0,0.0,-0.01137192,1424.175821800005,1424.142221800005,4.2,13.538,4.2,13.538,long_ientry_normal,56.8596,0.03992456488141723,24.0
1652234460000.0,305166,1652234460000.0,0.0,-0.011350279999999999,1424.164471520005,1422.710971520005,4.3,13.198,8.5,13.366,long_rentry,113.61099999999999,0.07977379177191762,53.0
1652235660000.0,305186,1652235660000.0,0.3163999999999987,-0.007548239999999999,1424.473323280005,1425.4366232800048,-2.8,13.479,5.7,13.366,long_nclose,76.1862,0.05348376747735295,20.0
1652235900000.0,305190,1652235900000.0,1.044400000000003,-0.00769384,1425.510029440005,1426.5221294400048,-2.8,13.739,2.9,13.366,long_nclose,38.761399999999995,0.02719125028901197,4.0
1652235960000.0,305191,1652235960000.0,0.5222000000000016,-0.00384692,1426.0283825200052,1426.6493825200052,-1.4,13.739,1.5,13.366,long_nclose,20.049,0.014059327462031592,1.0
1652236200000.0,305195,1652236200000.0,0.2611000000000008,-0.00192346,1426.2875590600052,1426.6187590600052,-0.7,13.739,0.8,13.366,long_nclose,10.6928,0.007496945431569977,4.0
1652236440000.0,305199,1652236440000.0,0.14920000000000044,-0.00109912,1426.4356599400053,1426.6012599400053,-0.4,13.739,0.4,13.366,long_nclose,5.3464,0.00374808352745813,4.0
1652236560000.0,305201,1652236560000.0,0.07460000000000022,-0.00054956,1426.5097103800051,1426.572510380005,-0.2,13.739,0.2,13.366,long_nclose,2.6732,0.0018739444817994905,2.0
1652236740000.0,305204,1652236740000.0,0.03730000000000011,-0.00027478,1426.5467356000051,1426.5901356000052,-0.1,13.739,0.1,13.366,long_nclose,1.3366,0.000936947922311025,3.0
1652237520000.0,305217,1652237520000.0,0.03730000000000011,-0.00027478,1426.5837608200052,1426.5837608200052,-0.1,13.739,0.0,13.366,long_nclose,0.0,0.0,13.0
1652242380000.0,305298,1652242380000.0,0.0,-0.01129548,1426.5724653400052,1426.5220653400052,4.2,13.447,4.2,13.447,long_ientry_normal,56.477399999999996,0.03958957667568561,81.0
1652242560000.0,305301,1652242560000.0,0.15960000000000107,-0.00379708,1426.7282682600053,1426.9606682600054,-1.4,13.561,2.8,13.447,long_nclose,37.651599999999995,0.02639016891837347,3.0
1652242680000.0,305303,1652242680000.0,0.0,-0.00376404,1426.7245042200052,1426.5747042200053,1.4,13.443,4.2,13.445666666666666,long_ientry_partial,56.4718,0.03958143273839213,2.0
1652245260000.0,305346,1652245260000.0,0.0,-0.011535920000000002,1426.7129683000053,1425.4795683000052,4.4,13.109,8.6,13.273418604651162,long_rentry,114.1514,0.08001006687141611,43.0
1652245860000.0,305356,1652245860000.0,0.3152279069767431,-0.007496159999999999,1427.020700046982,1428.0738721400053,-2.8,13.386,5.8,13.273418604651162,long_nclose,76.98582790697674,0.05394864132275175,10.0
1652246220000.0,305362,1652246220000.0,1.071786046511631,-0.00791294,1428.0845731534935,1429.0751592000051,-2.9,13.643,2.9,13.273418604651162,long_nclose,38.49291395348837,0.0269542257350266,6.0
1652246280000.0,305363,1652246280000.0,0.5174139534883736,-0.0038200400000000002,1428.598167066982,1429.2905391600052,-1.4,13.643,1.5,13.273418604651162,long_nclose,19.910127906976744,0.01393682868000154,1.0
1652246760000.0,305371,1652246760000.0,0.2587069767441868,-0.0019100200000000001,1428.854964023726,1429.1882291400052,-0.7,13.643,0.8,13.273418604651162,long_nclose,10.618734883720931,0.00743163942533261,8.0
1652247180000.0,305378,1652247180000.0,0.1478325581395353,-0.0010914400000000002,1429.0017051418656,1429.144337700005,-0.4,13.643,0.4,13.273418604651162,long_nclose,5.3093674418604655,0.0037154381431150026,7.0
1652247780000.0,305388,1652247780000.0,0.0,-0.010419240000000001,1428.9912859018657,1429.2702184600053,3.9,13.358,4.3,13.350131963223365,long_ientry_partial,57.40556744186047,0.040172090626592334,10.0
1652247780000.0,305388,1652247780000.0,0.003586803677663397,-0.00026772,1428.9946049855434,1429.2670507400053,-0.1,13.386,4.2,13.350131963223365,long_nclose,56.07055424553813,0.03923776482424535,0.0
1652249820000.0,305422,1652249820000.0,0.0,-0.01145408,1428.9831509055434,1427.8291966600052,4.4,13.016,8.6,13.179180726225365,long_rentry,113.34095424553813,0.079315808708951,34.0
1652251140000.0,305444,1652251140000.0,0.0,-0.0114867,1428.9716642055434,1424.8292099600053,4.5,12.763,13.1,13.03621788133879,long_rentry,170.77445424553812,0.1195086358416229,22.0
1652251680000.0,305453,1652251680000.0,0.0,-0.0160512,1428.9556130055435,1422.2601587600054,6.4,12.54,19.5,12.873356627976314,long_rentry,251.03045424553812,0.1756740741005538,9.0
1652252160000.0,305461,1652252160000.0,0.0,-0.0235488,1428.9320642055434,1416.4871099600052,9.6,12.265,29.1,12.672661657922273,long_rentry,368.77445424553815,0.2580769677462372,8.0
1652254560000.0,305501,1652254560000.0,0.0,-0.03404258,1428.8980216255434,1403.5496673800053,14.3,11.903,43.4,12.419063461878759,long_rentry,538.9873542455381,0.37720491321863203,40.0
1652261460000.0,305616,1652261460000.0,1.5110861489458614,-0.03606912,1430.3730386544892,1432.4301982600052,-14.4,12.524,29.0,12.419063461878759,long_nclose,360.15284039448403,0.2517894497880563,115.0
1652261520000.0,305617,1652261520000.0,1.0073907659639076,-0.024046079999999997,1431.356383340453,1433.7025521800051,-9.6,12.524,19.4,12.419063461878759,long_nclose,240.9298311604479,0.16832274195625108,1.0
1652262120000.0,305627,1652262120000.0,0.6715938439759385,-0.016030720000000002,1432.011946464429,1433.3241214600052,-6.4,12.524,13.0,12.419063461878759,long_nclose,161.44782500442386,0.11274195400606192,10.0
1652262180000.0,305628,1652262180000.0,0.4512271139213336,-0.01077064,1432.4524029383504,1433.243550820005,-4.3,12.524,8.7,12.419063461878759,long_nclose,108.0458521183452,0.0754271848032882,1.0
1652262540000.0,305634,1652262540000.0,0.3043159605515971,-0.007263919999999999,1432.749454978902,1433.3058869000051,-2.9,12.524,5.8,12.419063461878759,long_nclose,72.03056807889679,0.05027436432000421,6.0
1652262600000.0,305635,1652262600000.0,0.1993794224303567,-0.0047591199999999995,1432.9440752813323,1433.4157277800052,-1.9,12.524,3.9,12.419063461878759,long_nclose,48.43434750132716,0.033800584640274925,1.0
1652262960000.0,305641,1652262960000.0,0.13641749955761248,-0.0032562399999999997,1433.07723654089,1433.5346715400053,-1.3,12.524,2.6,12.419063461878759,long_nclose,32.28956500088477,0.022531629264326433,6.0
1652263080000.0,305643,1652263080000.0,0.44971749955761436,-0.0033189,1433.5236351404476,1433.9018526400052,-1.3,12.765,1.3,12.419063461878759,long_nclose,16.144782500442385,0.011262306462676928,2.0
1652263860000.0,305656,1652263860000.0,0.20756192287274508,-0.0015318,1433.7296652633204,1433.9648208400054,-0.6,12.765,0.7,12.419063461878759,long_nclose,8.69334442331513,0.006063447408489313,13.0
1652263920000.0,305657,1652263920000.0,0.10378096143637254,-0.0007659,1433.8326803247567,1433.9810549400052,-0.3,12.765,0.4,12.419063461878759,long_nclose,4.9676253847515035,0.003464578156794668,1.0
1652264040000.0,305659,1652264040000.0,0.06918730762424836,-0.0005106,1433.901357032381,1433.9775443400051,-0.2,12.765,0.2,12.419063461878759,long_nclose,2.4838126923757518,0.0017322061104093518,2.0
1652264160000.0,305661,1652264160000.0,0.03459365381212418,-0.0002553,1433.9356953861932,1433.9687890400053,-0.1,12.765,0.1,12.419063461878759,long_nclose,1.2419063461878759,0.0008660823146978016,2.0
1652264220000.0,305662,1652264220000.0,0.03459365381212418,-0.0002553,1433.9700337400054,1433.9700337400054,-0.1,12.765,0.0,12.419063461878759,long_nclose,0.0,0.0,1.0
1652266260000.0,305696,1652266260000.0,0.0,-0.01147608,1433.9585576600055,1433.9401576600055,4.6,12.474,4.6,12.474,long_ientry_normal,57.380399999999995,0.040015382378717955,34.0
1652269140000.0,305744,1652269140000.0,0.0,-0.0114304,1433.9471272600053,1432.0842272600053,4.7,12.16,9.3,12.31531182795699,long_rentry,114.53240000000001,0.07987212207666904,48.0
1652269920000.0,305757,1652269920000.0,0.0,-0.01144896,1433.9356783000053,1430.7944783000053,4.8,11.926,14.1,12.182780141843972,long_rentry,171.7772,0.11979421573752146,13.0
1652270520000.0,305767,1652270520000.0,0.0,-0.016170840000000002,1433.9195074600052,1427.6181074600051,6.9,11.718,21.0,12.030066666666666,long_rentry,252.63139999999999,0.17618241378660257,10.0
1652272260000.0,305796,1652272260000.0,0.0,-0.023607600000000003,1433.895899860005,1414.7254998600051,10.3,11.46,31.3,11.84247284345048,long_rentry,370.66940000000005,0.2585050979197231,29.0
1652272320000.0,305797,1652272320000.0,0.0,-0.03403638,1433.861863480005,1407.940563480005,15.3,11.123,46.6,11.606251072961374,long_rentry,540.8513,0.37719902716942727,1.0
1652272800000.0,305805,1652272800000.0,0.0,-0.04868256,1433.813180920005,1394.2110809200049,22.8,10.676,69.4,11.30063544668588,long_rentry,784.2641000000001,0.5469778841737093,8.0
1652273100000.0,305810,1652273100000.0,0.0,-0.06855760000000001,1433.7446233200048,1349.481523320005,34.0,10.082,103.4,10.899923597678917,long_rentry,1127.0521,0.7860898528708536,5.0
1652273460000.0,305816,1652273460000.0,0.0,-0.06138000000000001,1433.6832433200047,1250.5191433200048,33.0,9.3,136.4,10.512845307917889,long_rentry,1433.9521000000002,1.0001875286478015,6.0
1652275200000.0,305845,1652275200000.0,4.047623020527856,-0.09626616,1437.6346001805327,1456.9406771600047,-45.4,10.602,91.0,10.512845307917889,long_nclose,956.6689230205279,0.6654465069916883,29.0
1652275260000.0,305846,1652275260000.0,13.338538489736013,-0.0983346,1450.8748040702687,1463.9403425600049,-45.5,10.806,45.5,10.512845307917889,long_nclose,478.33446151026396,0.3296869310627971,1.0
1652275320000.0,305847,1652275320000.0,6.654611510263901,-0.04905924,1457.4803563405328,1461.177483320005,-22.7,10.806,22.8,10.512845307917889,long_nclose,239.69287302052788,0.16445701787868547,1.0
1652275380000.0,305848,1652275380000.0,3.3419634897360564,-0.02463768,1460.7976821502689,1463.729245640005,-11.4,10.806,11.4,10.512845307917889,long_nclose,119.84643651026394,0.08204177619850277,1.0
1652275440000.0,305849,1652275440000.0,1.6709817448680282,-0.01231884,1462.4563450551368,1463.7511268000048,-5.7,10.806,5.7,10.512845307917889,long_nclose,59.92321825513197,0.04097436375297259,1.0
1652275560000.0,305851,1652275560000.0,0.8208331378299085,-0.0060513599999999996,1463.2711268329667,1463.871875440005,-2.8,10.806,2.9,10.512845307917889,long_nclose,30.487251392961877,0.020834998267851432,2.0
1652275620000.0,305852,1652275620000.0,0.0,-0.005574400000000001,1463.2655524329668,1464.608801040005,2.6,10.72,5.5,10.610772980538524,long_ientry_partial,58.35925139296188,0.03988288475453286,1.0
1652275620000.0,305852,1652275620000.0,0.2733178272460652,-0.0030256799999999998,1463.5358445802128,1464.5371753600048,-1.4,10.806,4.1,10.610772980538524,long_nclose,43.50416922020794,0.029725386898662724,0.0
1652275680000.0,305853,1652275680000.0,0.0,-0.0028223000000000002,1463.533022280213,1466.397353060005,1.3,10.855,5.4,10.669568374112583,long_ientry_partial,57.61566922020795,0.039367522524665424,1.0
1652275680000.0,305853,1652275680000.0,0.4748632517748348,-0.0043628,1464.0035227319877,1465.8069902600048,-2.0,10.907,3.4,10.669568374112583,long_nclose,36.27653247198278,0.024778992610814815,0.0
1652275680000.0,305853,1652275680000.0,0.9312064143635755,-0.00466746,1464.930061686351,1465.6196228000047,-2.1,11.113,1.3,10.669568374112583,long_nclose,13.870438886346358,0.009468328385847604,0.0
1652275740000.0,305854,1652275740000.0,0.0,-0.008736,1464.921325686351,1465.2988868000048,3.9,11.2,5.2,11.067392093528145,long_ientry_partial,57.550438886346356,0.03928568577522932,1.0
1652275800000.0,305855,1652275800000.0,0.15913344100215257,-0.0037947399999999996,1465.076664387353,1465.2607920600046,-1.7,11.161,3.5,11.067392093528145,long_nclose,38.73587232734851,0.026439484887670762,1.0
1652275860000.0,305856,1652275860000.0,0.0,-0.0040032,1465.072661187353,1466.1047888600046,1.8,11.12,5.3,11.085258929688399,long_ientry_partial,58.75187232734851,0.040101678151398756,1.0
1652275860000.0,305856,1652275860000.0,0.08331517734276091,-0.0024554200000000003,1465.1535209446959,1465.9714334400046,-1.1,11.161,4.2,11.085258929688399,long_nclose,46.55808750469128,0.03177693452538116,0.0
1652276040000.0,305859,1652276040000.0,0.0,-0.01168668,1465.141834264696,1464.7903467600047,5.4,10.821,9.6,10.936613281738676,long_rentry,104.99148750469129,0.07165960663281647,3.0
1652276100000.0,305860,1652276100000.0,0.29563749843623555,-0.00705856,1465.4304132031323,1466.6040882000048,-3.2,11.029,6.4,10.936613281738676,long_nclose,69.99432500312753,0.04776366340734951,1.0
1652276280000.0,305863,1652276280000.0,0.9772374984362386,-0.007194880000000001,1466.4004558215684,1467.3392933200046,-3.2,11.242,3.2,10.936613281738676,long_nclose,34.997162501563764,0.023866033567178747,3.0
1652276340000.0,305864,1652276340000.0,0.0,-0.004492,1466.3959638215683,1468.1668013200047,2.0,11.23,5.2,11.0494543272238,long_ientry_partial,57.457162501563765,0.03918257000095997,1.0
1652276340000.0,305864,1652276340000.0,0.3080730764419201,-0.0035974400000000004,1466.7004394580101,1467.9264038800045,-1.6,11.242,3.6,11.0494543272238,long_nclose,39.778035578005685,0.02712076338690187,0.0
1652276400000.0,305865,1652276400000.0,0.0,-0.0036448,1466.69679465801,1467.5847590800045,1.6,11.39,5.2,11.15423761115494,long_ientry_partial,58.00203557800569,0.039546030092422774,1.0
1652276460000.0,305866,1652276460000.0,0.8079822109971552,-0.005961800000000001,1467.4988150690072,1468.6447972800042,-2.6,11.465,2.6,11.15423761115494,long_nclose,29.001017789002844,0.019762208658164478,1.0
1652276520000.0,305867,1652276520000.0,0.0,-0.005797500000000001,1467.4930175690072,1468.1544997800042,2.5,11.595,5.1,11.370297605686833,long_ientry_partial,57.98851778900284,0.03951536197771108,1.0
1652276580000.0,305868,1652276580000.0,0.791755985782916,-0.0058435,1468.27893005479,1469.396156280004,-2.5,11.687,2.6,11.370297605686833,long_nclose,29.562773774785768,0.02013430361878353,1.0
1652276640000.0,305869,1652276640000.0,1.3980262252142328,-0.00619216,1469.6707641200042,1469.6707641200042,-2.6,11.908,0.0,11.370297605686833,long_nclose,0.0,0.0,1.0
1652281620000.0,305952,1652281620000.0,0.0,-0.011766,1469.658998120004,1469.5789981200041,5.0,11.766,5.0,11.766,long_ientry_normal,58.83,0.04002969401422756,83.0
1652282640000.0,305969,1652282640000.0,0.0,-0.0116994,1469.647298720004,1469.0762987200042,5.1,11.47,10.1,11.616534653465347,long_rentry,117.327,0.07983344037864491,17.0
1652282940000.0,305974,1652282940000.0,0.3249356435643534,-0.007731899999999999,1469.9645024635686,1470.8040668200042,-3.3,11.715,6.8,11.616534653465347,long_nclose,78.99243564356436,0.053737648433807746,5.0
1652283060000.0,305976,1652283060000.0,0.21662376237623562,-0.0051546000000000005,1470.1759716259448,1470.0539122200043,-2.2,11.715,4.6,11.616534653465347,long_nclose,53.4360594059406,0.03634670980701912,2.0
1652283300000.0,305980,1652283300000.0,0.14769801980197883,-0.0035145,1470.3201551457469,1470.1138977200044,-1.5,11.715,3.1,11.616534653465347,long_nclose,36.01125742574258,0.02449211982826484,4.0
1652283360000.0,305981,1652283360000.0,0.0,-0.004620000000000001,1470.315535145747,1470.0327777200043,2.0,11.55,5.1,11.590442632498547,long_ientry_partial,59.111257425742586,0.0402031101574963,1.0
1652283420000.0,305982,1652283420000.0,0.16584752475247075,-0.003973920000000001,1470.4774087504995,1470.7819038000046,-1.7,11.688,3.4,11.590442632498547,long_nclose,39.40750495049506,0.02679912300317526,1.0
1652283480000.0,305983,1652283480000.0,0.0,-0.0037375999999999998,1470.4736711504995,1471.1531662000045,1.6,11.68,5.0,11.619100990099012,long_ientry_partial,58.09550495049506,0.039508021184113486,1.0
1652283480000.0,305983,1652283480000.0,0.07578891089108737,-0.0025713600000000004,1470.5468887013906,1471.0768948400043,-1.1,11.688,3.9,11.619100990099012,long_nclose,45.31449386138615,0.030814722202705442,0.0
1652283540000.0,305984,1652283540000.0,0.0,-0.00257884,1470.5443098613905,1470.5356160000044,1.1,11.722,5.0,11.641738772277229,long_ientry_partial,58.208693861386145,0.03958309414482909,1.0
1652283600000.0,305985,1652283600000.0,0.15721796435643398,-0.0037568000000000007,1470.697771025747,1471.1508592000043,-1.6,11.74,3.4,11.641738772277229,long_nclose,39.58191182574258,0.026913695393810205,1.0
1652283660000.0,305986,1652283660000.0,0.0,-0.0037504000000000005,1470.694020625747,1471.4351088000044,1.6,11.72,5.0,11.666782365148515,long_ientry_partial,58.333911825742575,0.0396642068354387,1.0
1652283840000.0,305989,1652283840000.0,0.15714821576237625,-0.0037648000000000004,1470.8474040415094,1470.7563440000044,-1.6,11.765,3.4,11.666782365148515,long_nclose,39.66706004150495,0.026968847980089642,3.0
1652283900000.0,305990,1652283900000.0,0.0,-0.0039576,1470.8434464415095,1470.5483864000046,1.7,11.64,5.1,11.657854910099012,long_ientry_partial,59.45506004150496,0.04042242577573281,1.0
1652284560000.0,306001,1652284560000.0,0.0,-0.01181856,1470.8316278815096,1469.6007678400047,5.2,11.364,10.3,11.509500974903395,long_rentry,118.54786004150498,0.08059920509885528,11.0
1652284800000.0,306005,1652284800000.0,0.3314966853284563,-0.00789276,1471.155231806838,1471.1241750800045,-3.4,11.607,6.9,11.509500974903395,long_nclose,79.41555672683343,0.05398176549275301,4.0
1652284860000.0,306006,1652284860000.0,0.22424775772219102,-0.0053392199999999996,1471.3741403445601,1471.9744358600046,-2.3,11.607,4.6,11.509500974903395,long_nclose,52.94370448455561,0.03598248945177022,1.0
1652285100000.0,306010,1652285100000.0,0.1462485376449072,-0.0034821,1471.516906782205,1471.7819537600046,-1.5,11.607,3.1,11.509500974903395,long_nclose,35.679453022200526,0.02424671633588056,4.0
1652285160000.0,306011,1652285160000.0,0.0,-0.004638000000000001,1471.512268782205,1471.0123157600044,2.0,11.595,5.1,11.543030004353046,long_ientry_partial,58.86945302220053,0.04000609051728787,1.0
1652285160000.0,306011,1652285160000.0,0.06396999564695349,-0.0023214,1471.5739173778518,1471.1719943600042,-1.0,11.607,4.1,11.543030004353046,long_nclose,47.32642301784748,0.032160411691841376,0.0
1652285340000.0,306014,1652285340000.0,0.0,-0.01171872,1471.5621986578517,1469.2441756400042,5.2,11.268,9.3,11.38924978686532,long_rentry,105.9200230178475,0.07197794501275759,3.0
1652286780000.0,306038,1652286780000.0,0.0,-0.01170664,1471.5504920178516,1469.2302690000042,5.3,11.044,14.6,11.263919384784076,long_rentry,164.4532230178475,0.11175506644854731,24.0
1652287380000.0,306048,1652287380000.0,0.4563869530364343,-0.01090464,1471.995974330888,1472.202564360004,-4.8,11.359,9.8,11.263919384784076,long_nclose,110.38640997088396,0.0749909727307925,10.0
1652287500000.0,306050,1652287500000.0,0.3042579686909562,-0.007269760000000001,1472.2929625395789,1472.300094600004,-3.2,11.359,6.6,11.263919384784076,long_nclose,74.3418679395749,0.050493936893742646,2.0
1652287920000.0,306057,1652287920000.0,0.0,-0.011837880000000002,1472.2811246595788,1470.329856720004,5.4,10.961,12.0,11.127605661631241,long_rentry,133.5312679395749,0.09069685517461892,7.0
1652288880000.0,306073,1652288880000.0,0.37757735347503285,-0.0089776,1472.649724413054,1473.668879120004,-4.0,11.222,8.0,11.127605661631241,long_nclose,89.02084529304993,0.060449436018147826,16.0
1652290080000.0,306093,1652290080000.0,0.0,-0.011675880000000001,1472.638048533054,1469.756803240004,5.4,10.811,13.4,11.000018305451487,long_rentry,147.40024529304992,0.1000926503561961,20.0
1652290560000.0,306101,1652290560000.0,0.0,-0.014013119999999999,1472.624035413054,1467.458190120004,6.6,10.616,20.0,10.873292264652495,long_rentry,217.46584529304988,0.14767234546192454,8.0
1652291460000.0,306116,1652291460000.0,0.6052710532935336,-0.0144738,1473.2148326663475,1474.5107163200041,-6.6,10.965,13.4,10.873292264652495,long_nclose,145.70211634634344,0.09890079377129238,15.0
1652291700000.0,306120,1652291700000.0,0.40351403552902243,-0.0096492,1473.6086975018766,1473.849067120004,-4.4,10.965,9.0,10.873292264652495,long_nclose,97.85963038187245,0.0664081520065457,4.0
1652292000000.0,306125,1652292000000.0,0.2751232060425153,-0.006579,1473.877241707919,1474.307488120004,-3.0,10.965,6.0,10.873292264652495,long_nclose,65.23975358791498,0.04426403484751253,5.0
1652292060000.0,306126,1652292060000.0,0.18341547069501019,-0.004386,1474.056271178614,1474.423102120004,-2.0,10.965,4.0,10.873292264652495,long_nclose,43.49316905860998,0.029505772546820117,1.0
1652292120000.0,306127,1652292120000.0,0.0,-0.0030702,1474.053200978614,1474.3930319200042,1.4,10.965,5.4,10.897068344187034,long_ientry_partial,58.844169058609985,0.039919976442874476,1.0
1652292120000.0,306127,1652292120000.0,0.08831115255685625,-0.0028509,1474.1386612311708,1474.3966810200038,-1.3,10.965,4.1,10.897068344187034,long_nclose,44.67798021116683,0.030307854604296646,0.0
1652292180000.0,306128,1652292180000.0,0.0,-0.0028496000000000003,1474.1358116311708,1474.474831420004,1.3,10.96,5.4,10.912218557623488,long_ientry_partial,58.92598021116684,0.039973237028929964,1.0
1652292240000.0,306129,1652292240000.0,0.16520659627772077,-0.00396144,1474.2970567874486,1474.541069980004,-1.8,11.004,3.6,10.912218557623488,long_nclose,39.283986807444556,0.02664591008073089,1.0
1652292300000.0,306130,1652292300000.0,0.0,-0.003952800000000001,1474.2931039874486,1474.456117180004,1.8,10.98,5.4,10.934812371748992,long_ientry_partial,59.04798680744456,0.04005172828099131,1.0
1652293560000.0,306151,1652293560000.0,0.16593773085181382,-0.0039697199999999995,1474.4550719983004,1474.6717474600039,-1.8,11.027,3.6,10.934812371748992,long_nclose,39.36532453829637,0.02669821908167423,21.0
1652293620000.0,306152,1652293620000.0,0.0,-0.0039582,1474.4511137983004,1474.478789260004,1.8,10.995,5.4,10.954874914499326,long_ientry_partial,59.15632453829637,0.04012091278218448,1.0
1652294700000.0,306170,1652294700000.0,0.1658251539012138,-0.003976920000000001,1474.6129620322017,1474.6674123400041,-1.8,11.047,3.6,10.954874914499326,long_nclose,39.43754969219758,0.026744339503056914,18.0
1652294760000.0,306171,1652294760000.0,0.0,-0.003949200000000001,1474.6090128322016,1474.609463140004,1.8,10.97,5.4,10.959916609666218,long_ientry_partial,59.18354969219758,0.040135079317416444,1.0
1652295540000.0,306184,1652295540000.0,0.16755010260080958,-0.00397908,1474.7725838548026,1474.9708840600042,-1.8,11.053,3.6,10.959916609666218,long_nclose,39.455699794798385,0.02675375188469259,13.0
1652295600000.0,306185,1652295600000.0,0.0,-0.003965400000000001,1474.7686184548027,1474.1839186600043,1.8,11.015,5.4,10.978277739777479,long_ientry_partial,59.28269979479839,0.04019796668640277,1.0
1652296800000.0,306205,1652296800000.0,0.0,-0.0117722,1474.7568462548027,1472.9706464600042,5.5,10.702,10.9,10.83887154080719,long_rentry,118.14369979479838,0.08011062982675991,20.0
1652297580000.0,306218,1652297580000.0,0.0,-0.011754399999999998,1474.7450918548027,1471.3268920600044,5.6,10.495,16.5,10.722163623927173,long_rentry,176.91569979479834,0.11996357931409662,13.0
1652298540000.0,306234,1652298540000.0,0.0,-0.016707060000000003,1474.7283847948027,1468.2723850000043,8.1,10.313,24.6,10.587439016048712,long_rentry,260.45099979479835,0.17660947092371734,16.0
1652298840000.0,306239,1652298840000.0,0.7344000684005549,-0.01751028,1475.4452745832034,1477.6192747200046,-8.2,10.677,16.4,10.587439016048712,long_nclose,173.63399986319888,0.11768243990767364,5.0
1652299200000.0,306245,1652299200000.0,0.4836293133369509,-0.01153116,1475.9173727365403,1478.5305435600044,-5.4,10.677,11.0,10.587439016048712,long_nclose,116.46182917653584,0.07890809562096329,6.0
1652299260000.0,306246,1652299260000.0,1.625585411732077,-0.0119713,1477.5309868482725,1478.5075722600045,-5.5,10.883,5.5,10.587439016048712,long_nclose,58.23091458826792,0.039410959977550473,1.0
1652300160000.0,306261,1652300160000.0,0.16120977111231696,-0.0038437199999999997,1477.6883528993847,1477.4018285400043,-1.8,10.677,3.7,10.587439016048712,long_nclose,39.17352435938024,0.026510004144322814,15.0
1652300220000.0,306262,1652300220000.0,0.0,-0.0039938,1477.6843590993847,1477.5098347400044,1.9,10.51,5.6,10.561165064175043,long_ientry_partial,59.14252435938024,0.040023787214900394,1.0
1652300460000.0,306266,1652300460000.0,0.1599028844849233,-0.0038340000000000006,1477.8404279838694,1478.1780007400043,-1.8,10.65,3.8,10.561165064175043,long_nclose,40.13242724386516,0.027156130312807496,4.0
1652300520000.0,306267,1652300520000.0,0.0,-0.0038340000000000006,1477.8365939838693,1478.1461667400042,1.8,10.65,5.6,10.58971915069021,long_ientry_partial,59.30242724386517,0.04012786493803148,1.0
1652300520000.0,306267,1652300520000.0,0.07233701917174926,-0.002556,1477.9063750030411,1478.1496107400042,-1.2,10.65,4.4,10.58971915069021,long_nclose,46.59476426303692,0.03152754805793503,0.0
1652300580000.0,306268,1652300580000.0,0.0,-0.0025548,1477.903820203041,1477.7270559400042,1.2,10.645,5.6,10.60156504697088,long_ientry_partial,59.36876426303692,0.040170925503718216,1.0
1652301060000.0,306276,1652301060000.0,0.0,-0.011781900000000001,1477.892038303041,1476.3992740400042,5.7,10.335,11.3,10.467103032127161,long_rentry,118.27826426303693,0.08003173519958028,8.0
1652302380000.0,306298,1652302380000.0,0.0,-0.011757759999999999,1477.8802805430412,1474.6347162800043,5.8,10.136,17.1,10.35479907970976,long_rentry,177.0670642630369,0.11981150746390251,22.0
1652302440000.0,306299,1652302440000.0,0.0,-0.016732800000000003,1477.8635477430412,1471.2399834800042,8.4,9.96,25.5,10.224747618158311,long_rentry,260.73106426303696,0.17642431512788806,1.0
1652302860000.0,306306,1652302860000.0,0.7331452456543559,-0.0175287,1478.5791642886957,1483.0034547800044,-8.5,10.311,17.0,10.224747618158311,long_nclose,173.8207095086913,0.11755928509401911,7.0
1652302920000.0,306307,1652302920000.0,2.4246452456543546,-0.017867,1480.98594253435,1484.9405877800043,-8.5,10.51,8.5,10.224747618158311,long_nclose,86.91035475434565,0.05868411863897881,1.0
1652302920000.0,306307,1652302920000.0,4.116145245654353,-0.0182053,1485.0838824800041,1485.0838824800041,-8.5,10.709,0.0,10.224747618158311,long_nclose,0.0,0.0,0.0
1652302980000.0,306308,1652302980000.0,0.0,-0.011972799999999999,1485.0719096800042,1484.7079096800041,5.6,10.69,5.6,10.69,long_ientry_normal,59.86399999999999,0.04031050591543354,1.0
1652303160000.0,306311,1652303160000.0,0.0,-0.01187994,1485.0600297400042,1483.0903297400043,5.7,10.421,11.3,10.554309734513273,long_rentry,119.2637,0.08030900947544861,3.0
1652304180000.0,306328,1652304180000.0,0.0,-0.011855200000000002,1485.0481745400043,1481.2704745400042,5.8,10.22,17.1,10.440918128654971,long_rentry,178.5397,0.12022485402219556,17.0
1652304300000.0,306330,1652304300000.0,0.0,-0.01687056,1485.0313039800044,1477.7763039800043,8.4,10.042,25.5,10.30950980392157,long_rentry,262.89250000000004,0.17702825475491782,2.0
1652305740000.0,306354,1652305740000.0,0.7436666666666607,-0.0176749,1485.7572957466712,1487.3806290800044,-8.5,10.397,17.0,10.30950980392157,long_nclose,175.26166666666668,0.11796116846835908,24.0
1652305980000.0,306358,1652305980000.0,0.4899450980392117,-0.01164464,1486.2355962047104,1486.8111844400046,-5.6,10.397,11.4,10.30950980392157,long_nclose,117.5284117647059,0.07907791474301214,4.0
1652306040000.0,306359,1652306040000.0,0.3324627450980365,-0.007901720000000001,1486.5601572298083,1486.4878827200043,-3.8,10.397,7.6,10.30950980392157,long_nclose,78.35227450980392,0.05270709976232155,1.0
1652306760000.0,306371,1652306760000.0,0.21872549019607668,-0.0051985,1486.7736842200043,1487.1841842200042,-2.5,10.397,5.1,10.30950980392157,long_nclose,52.5785,0.03536415835042432,12.0
1652306820000.0,306372,1652306820000.0,0.14873333333333214,-0.0035349800000000005,1486.9188825733377,1487.2095492400044,-1.7,10.397,3.4,10.30950980392157,long_nclose,35.05233333333334,0.02357380334875429,1.0
1652306880000.0,306373,1652306880000.0,0.0,-0.0047817,1486.9141008733377,1487.6322675400045,2.3,10.395,5.7,10.344005847953216,long_ientry_partial,58.96083333333333,0.03965315366819289,1.0
1652306880000.0,306373,1652306880000.0,0.058293567251462446,-0.0022873400000000006,1486.970107100589,1487.5496802000043,-1.1,10.397,4.6,10.344005847953216,long_nclose,47.58242690058479,0.031999585380613156,0.0
1652307000000.0,306375,1652307000000.0,0.6623865497076019,-0.0048907199999999994,1487.6276029302967,1488.2163894800042,-2.3,10.632,2.3,10.344005847953216,long_nclose,23.791213450292396,0.01599272116450984,2.0
1652307060000.0,306376,1652307060000.0,0.0,-0.006996,1487.6206069302966,1488.0693934800042,3.3,10.6,5.6,10.494859544695071,long_ientry_partial,58.77121345029239,0.039506856235049556,1.0
1652307060000.0,306376,1652307060000.0,0.15085450083542132,-0.00233904,1487.7691223911322,1488.1297544400045,-1.1,10.632,4.5,10.494859544695071,long_nclose,47.22686795112782,0.031743411824023564,0.0
1652307180000.0,306378,1652307180000.0,0.13371068295739263,-0.0031752,1487.8996578740896,1488.0200792400044,-1.5,10.584,3.0,10.494859544695071,long_nclose,31.484578634085214,0.02116041795390313,2.0
1652307240000.0,306379,1652307240000.0,0.0,-0.005478200000000001,1487.8941796740896,1487.7066010400044,2.6,10.535,5.6,10.513496184658074,long_ientry_partial,58.87557863408521,0.03956973515884133,1.0
1652308260000.0,306396,1652308260000.0,0.0,-0.01189,1487.8822896740896,1485.8937110400045,5.8,10.25,11.4,10.379436722288176,long_rentry,118.3255786340852,0.07952616914339615,17.0
1652309460000.0,306416,1652309460000.0,0.332740455304933,-0.00795492,1488.2070752093946,1488.9713561200044,-3.8,10.467,7.6,10.379436722288176,long_nclose,78.88371908939014,0.05300587559583467,20.0
1652309700000.0,306420,1652309700000.0,1.1003404553049327,-0.008108440000000001,1489.2993072246995,1490.4984476800046,-3.8,10.669,3.8,10.379436722288176,long_nclose,39.44185954469507,0.02648350090096714,4.0
1652309880000.0,306423,1652309880000.0,0.5501702276524664,-0.004054220000000001,1489.845423232352,1490.4449934600045,-1.9,10.669,1.9,10.379436722288176,long_nclose,19.720929772347535,0.013236896569820798,3.0
1652310000000.0,306425,1652310000000.0,0.260606949940642,-0.0019204200000000002,1490.1041097622926,1490.4046730400044,-0.9,10.669,1.0,10.379436722288176,long_nclose,10.379436722288176,0.006965578213151795,2.0
1652310780000.0,306438,1652310780000.0,0.4915632777118244,-0.0021742000000000003,1490.5934988400045,1490.5934988400045,-1.0,10.871,0.0,10.379436722288176,long_nclose,0.0,0.0,13.0
1652311440000.0,306449,1652311440000.0,0.0,-0.011998500000000002,1490.5815003400046,1490.4960003400047,5.7,10.525,5.7,10.525,long_ientry_normal,59.99250000000001,0.040247715395847594,11.0
1652311560000.0,306451,1652311560000.0,0.16910000000000078,-0.00403332,1490.7465670200047,1490.8795670200047,-1.9,10.614,3.8,10.525,long_nclose,39.995,0.02682883924391643,2.0
1652311620000.0,306452,1652311620000.0,0.10680000000000049,-0.0025473600000000002,1490.8508196600046,1490.9678196600046,-1.2,10.614,2.6,10.525,long_nclose,27.365000000000002,0.01835529057578056,1.0
1652311680000.0,306453,1652311680000.0,0.0,-0.006523640000000001,1490.8442960200045,1490.8535960200045,3.1,10.522,5.7,10.52336842105263,long_ientry_partial,59.9832,0.04023438273207514,1.0
1652311980000.0,306458,1652311980000.0,0.16840000000000205,-0.00403256,1491.0086634600045,1491.4898634600045,-1.9,10.612,3.8,10.52336842105263,long_nclose,39.9888,0.026819964886859074,5.0
1652312700000.0,306470,1652312700000.0,0.5579000000000022,-0.00411046,1491.5624530000046,1492.2495530000047,-1.9,10.817,1.9,10.52336842105263,long_nclose,19.9944,0.013405003565076961,12.0
1652313600000.0,306485,1652313600000.0,0.26426842105263265,-0.0019470600000000002,1491.824774361057,1492.0714059400045,-0.9,10.817,1.0,10.52336842105263,long_nclose,10.52336842105263,0.00705402444168401,15.0
1652313660000.0,306486,1652313660000.0,0.1468157894736848,-0.0010817000000000001,1491.9705084505308,1492.1238242400045,-0.5,10.817,0.5,10.52336842105263,long_nclose,5.261684210526315,0.0035266677060465344,1.0
1652314020000.0,306492,1652314020000.0,0.0,-0.01094704,1491.9595614105308,1491.8411772000045,5.2,10.526,5.7,10.525769159741458,long_ientry_partial,59.99688421052631,0.04021347881158653,6.0
1652314080000.0,306493,1652314080000.0,0.16953859649123063,-0.0040336999999999994,1492.125066307022,1492.6731435000045,-1.9,10.615,3.8,10.525769159741458,long_nclose,39.99792280701754,0.026806012250710023,1.0
1652314320000.0,306497,1652314320000.0,0.5571385964912318,-0.0041112200000000005,1492.6780936835135,1493.3891322800048,-1.9,10.819,1.9,10.525769159741458,long_nclose,19.99896140350877,0.01339804040009518,4.0
1652314620000.0,306502,1652314620000.0,0.26390775623268875,-0.0019474200000000005,1492.940054019746,1493.2142848600045,-0.9,10.819,1.0,10.525769159741458,long_nclose,10.525769159741458,0.007050362893942587,5.0
1652314920000.0,306507,1652314920000.0,0.14661542012927153,-0.0010819000000000002,1493.0855875398754,1493.2427029600046,-0.5,10.819,0.5,10.525769159741458,long_nclose,5.262884579870729,0.0035248378417089064,5.0
1652315160000.0,306511,1652315160000.0,0.24911542012927068,-0.0011024,1493.3336005600047,1493.3336005600047,-0.5,11.024,0.0,10.525769159741458,long_nclose,0.0,0.0,4.0
1652320800000.0,306605,1652320800000.0,0.0,-0.01194816,1493.3216524000047,1493.1648524000047,5.6,10.668,5.6,10.668,long_ientry_normal,59.74079999999999,0.0400053129237007,94.0
1652320920000.0,306607,1652320920000.0,0.16199999999999976,-0.00387288,1493.4797795200047,1493.7533795200047,-1.8,10.758,3.8,10.668,long_nclose,40.538399999999996,0.027143588119437942,2.0
1652320980000.0,306608,1652320980000.0,0.10799999999999983,-0.00258192,1493.5851976000047,1493.9413976000046,-1.2,10.758,2.6,10.668,long_nclose,27.7368,0.018570617896166482,1.0
1652321400000.0,306615,1652321400000.0,0.0,-0.006399,1493.5787986000046,1493.6829986000046,3.0,10.665,5.6,10.666392857142856,long_ientry_partial,59.73179999999999,0.039992399501110464,7.0
1652321460000.0,306616,1652321460000.0,0.163092857142858,-0.0038725200000000004,1493.7380189371474,1494.0937260800047,-1.8,10.757,3.8,10.666392857142856,long_nclose,40.53229285714285,0.02713480700316053,1.0
1652321820000.0,306622,1652321820000.0,0.0,-0.0038383200000000005,1493.7341806171473,1493.5382877600046,1.8,10.662,5.6,10.664980867346939,long_ientry_partial,59.72389285714286,0.039982945849486744,6.0
1652323020000.0,306642,1652323020000.0,0.0,-0.011852580000000001,1493.7223280371472,1491.3515351800045,5.7,10.397,11.3,10.529804677623261,long_rentry,118.98679285714286,0.07965790604034124,20.0
1652324100000.0,306660,1652324100000.0,0.0,-0.012032460000000002,1493.7102955771472,1490.0872027200044,5.9,10.197,17.2,10.415644933554818,long_rentry,179.14909285714285,0.11993563503418334,18.0
1652324700000.0,306670,1652324700000.0,0.0,-0.01683024,1493.6934653371472,1485.8811724800044,8.4,10.018,25.6,10.285167689732143,long_rentry,263.3002928571429,0.17627465003183393,10.0
1652325180000.0,306678,1652325180000.0,0.0,-0.024690959999999998,1493.6687743771472,1481.8466815200043,12.6,9.798,38.2,10.124478870605834,long_rentry,386.7550928571429,0.25892962314782136,8.0
1652328840000.0,306739,1652328840000.0,0.0,-0.035559919999999995,1493.6332144571472,1471.9045216000043,18.7,9.508,56.9,9.921875094150138,long_rentry,564.5546928571429,0.3779741153267853,61.0
1652331720000.0,306787,1652331720000.0,0.0,-0.0509175,1493.5822969571473,1447.8161041000042,27.9,9.125,84.8,9.659695670485176,long_rentry,819.1421928571428,0.5484412841033058,48.0
1652339520000.0,306917,1652339520000.0,0.0,-0.07168512,1493.5106118371473,1405.5108189800044,41.6,8.616,126.4,9.316200892857143,long_rentry,1177.5677928571429,0.7884562610563796,130.0
1652340780000.0,306938,1652340780000.0,3.3174424107142557,-0.0791059,1496.7489483478614,1500.4412130800042,-42.1,9.395,84.3,9.316200892857143,long_nclose,785.3557352678571,0.524707724788948,21.0
1652340840000.0,306939,1652340840000.0,2.2142549107142657,-0.052799900000000004,1498.9104033585756,1500.2479131800042,-28.1,9.395,56.2,9.316200892857143,long_nclose,523.5704901785715,0.3493007247167133,1.0
1652340900000.0,306940,1652340900000.0,1.4735433035714152,-0.0351373,1500.348809362147,1506.3037758800042,-18.7,9.395,37.5,9.316200892857143,long_nclose,349.35753348214286,0.23285087527790788,1.0
1652341320000.0,306947,1652341320000.0,0.9849888392857054,-0.0234875,1501.3103107014326,1509.155288380004,-12.5,9.395,25.0,9.316200892857143,long_nclose,232.9050223214286,0.15513449861848494,7.0
1652341320000.0,306947,1652341320000.0,3.247488839285717,-0.023940000000000003,1504.5338595407184,1508.456348380004,-12.5,9.576,12.5,9.316200892857143,long_nclose,116.4525111607143,0.07740105709303424,0.0
1652341440000.0,306949,1652341440000.0,5.509988839285707,-0.0243925,1510.019455880004,1510.019455880004,-12.5,9.757,0.0,9.316200892857143,long_nclose,0.0,0.0,2.0
1652343840000.0,306989,1652343840000.0,0.0,-0.012172800000000001,1510.007283080004,1510.327283080004,6.4,9.51,6.4,9.51,long_ientry_normal,60.864000000000004,0.040307090357772316,40.0
1652345640000.0,307019,1652345640000.0,0.16800000000000015,-0.0040278,1510.171255280004,1510.343255280004,-2.1,9.59,4.3,9.51,long_nclose,40.893,0.02707838588307519,30.0
1652345700000.0,307020,1652345700000.0,0.11200000000000009,-0.0026852,1510.280570080004,1510.527070080004,-1.4,9.59,2.9,9.51,long_nclose,27.578999999999997,0.018260845399433998,1.0
1652345940000.0,307024,1652345940000.0,0.07200000000000006,-0.0017262000000000002,1510.350843880004,1510.400843880004,-0.9,9.59,2.0,9.51,long_nclose,19.02,0.012593100521689861,4.0
1652346000000.0,307025,1652346000000.0,0.04800000000000004,-0.0011508,1510.397693080004,1510.600693080004,-0.6,9.59,1.4,9.51,long_nclose,13.313999999999998,0.008814896938070714,1.0
1652346360000.0,307031,1652346360000.0,0.0,-0.009480000000000002,1510.388213080004,1510.3462130800042,5.0,9.48,6.4,9.4865625,long_ientry_partial,60.714,0.040197612424550895,6.0
1652346420000.0,307032,1652346420000.0,0.1689187500000008,-0.004018140000000001,1510.5531136900042,1510.8903949400042,-2.1,9.567,4.3,9.4865625,long_nclose,40.792218749999996,0.02700482252514252,1.0
1652346480000.0,307033,1652346480000.0,0.11261250000000053,-0.00267876,1510.6630474300043,1510.7020161800044,-1.4,9.567,2.9,9.4865625,long_nclose,27.51103125,0.01821122936501477,1.0
1652346540000.0,307034,1652346540000.0,0.0,-0.006634600000000001,1510.6564128300042,1510.4523815800042,3.5,9.478,6.4,9.4818798828125,long_ientry_partial,60.684031250000004,0.040170637568285254,1.0
1652347260000.0,307046,1652347260000.0,0.1682522460937493,-0.004016039999999999,1510.820649036098,1511.2425655400043,-2.1,9.562,4.3,9.4818798828125,long_nclose,40.77208349609375,0.02698671316288025,12.0
1652347860000.0,307056,1652347860000.0,0.0,-0.00397572,1510.816673316098,1510.0379898200044,2.1,9.466,6.4,9.476669296264646,long_ientry_partial,60.650683496093734,0.040144303784370665,10.0
1652349000000.0,307075,1652349000000.0,0.0,-0.0120094,1510.8046639160982,1509.1739804200045,6.5,9.238,12.9,9.3564095733406,long_rentry,120.69768349609373,0.0798896683196873,19.0
1652350260000.0,307096,1652350260000.0,0.0,-0.0121404,1510.7925235160983,1506.7728400200047,6.7,9.06,19.6,9.255085892657844,long_rentry,181.39968349609376,0.12006922239323674,21.0
1652352000000.0,307125,1652352000000.0,0.506441697724016,-0.012132900000000002,1511.2868323138223,1512.1372071200046,-6.5,9.333,13.1,9.255085892657844,long_nclose,121.24162519381775,0.08022409949022942,29.0
1652352060000.0,307126,1652352060000.0,0.33503066157127215,-0.008026380000000001,1511.6138365953934,1511.5690807400044,-4.3,9.333,8.8,9.255085892657844,long_nclose,81.44475585538903,0.053879340003149874,1.0
1652352180000.0,307128,1652352180000.0,0.2259509112922533,-0.00541314,1511.8343743666858,1512.5418676000045,-2.9,9.333,5.9,9.255085892657844,long_nclose,54.605006766681285,0.03611837889951111,2.0
1652352720000.0,307137,1652352720000.0,0.7479509112922524,-0.00551754,1512.576807737978,1513.3865500600045,-2.9,9.513,3.0,9.255085892657844,long_nclose,27.76525767797353,0.018356262991692834,9.0
1652353380000.0,307148,1652353380000.0,0.38687116101323404,-0.0028539000000000004,1512.9608249989913,1513.3431961600045,-1.5,9.513,1.5,9.255085892657844,long_nclose,13.882628838986765,0.009175801917406566,11.0
1652353440000.0,307149,1652353440000.0,0.1805398751395092,-0.00133182,1513.1400330541308,1513.4199643400045,-0.7,9.513,0.8,9.255085892657844,long_nclose,7.404068714126275,0.004893181432244482,1.0
1652354040000.0,307159,1652354040000.0,0.10316564293686242,-0.00076104,1513.2424376570675,1513.3564033000043,-0.4,9.513,0.4,9.255085892657844,long_nclose,3.7020343570631375,0.002446425149690453,10.0
1652354220000.0,307162,1652354220000.0,0.05158282146843121,-0.00038052,1513.293639958536,1513.3406227800044,-0.2,9.513,0.2,9.255085892657844,long_nclose,1.8510171785315688,0.0012231711874387354,3.0
1652354400000.0,307165,1652354400000.0,0.025791410734215606,-0.00019026,1513.3192411092703,1513.3497325200044,-0.1,9.513,0.1,9.255085892657844,long_nclose,0.9255085892657844,0.0006115752473928648,3.0
1652354700000.0,307170,1652354700000.0,0.04379141073421558,-0.00019386000000000002,1513.3628386600044,1513.3628386600044,-0.1,9.693,0.0,9.255085892657844,long_nclose,0.0,0.0,5.0
1652355420000.0,307182,1652355420000.0,0.0,-0.012145900000000001,1513.3506927600044,1513.4936927600045,6.5,9.343,6.5,9.343,long_ientry_normal,60.7295,0.04012916522953667,12.0
1652357520000.0,307217,1652357520000.0,0.0,-0.01202256,1513.3386702000043,1511.7063702000044,6.6,9.108,13.1,9.224603053435114,long_rentry,120.8423,0.0798514584868365,35.0
1652359080000.0,307243,1652359080000.0,0.33710687022901237,-0.008000580000000002,1513.6677764902333,1514.1112696200044,-4.3,9.303,8.8,9.224603053435114,long_nclose,81.176506870229,0.05362901168343183,26.0
1652359140000.0,307244,1652359140000.0,0.22735114503817114,-0.00539574,1513.8897318952716,1514.4820738800045,-2.9,9.303,5.9,9.224603053435114,long_nclose,54.42515801526718,0.03595054307365645,1.0
1652359620000.0,307252,1652359620000.0,0.14895419847328453,-0.00353514,1514.035150953745,1514.4767387400045,-1.9,9.303,4.0,9.224603053435114,long_nclose,36.89841221374046,0.024370908555522524,8.0
1652359800000.0,307255,1652359800000.0,0.0,-0.004628,1514.030522953745,1514.1496107400046,2.5,9.256,6.5,9.236678802113918,long_ientry_partial,60.038412213740465,0.039654690776385816,3.0
1652360040000.0,307259,1652360040000.0,0.1644745155607714,-0.0039123,1514.191085169306,1514.9756984400049,-2.1,9.315,4.4,9.236678802113918,long_nclose,40.64138672930124,0.026840328890694144,4.0
1652360220000.0,307262,1652360220000.0,0.5661066353493802,-0.004177360000000001,1514.7530144446553,1515.2443210800047,-2.2,9.494,2.2,9.236678802113918,long_nclose,20.32069336465062,0.013415185954985984,3.0
1652361420000.0,307282,1652361420000.0,0.0,-0.00795672,1514.7450577246552,1514.8957643600047,4.3,9.252,6.5,9.246814363792403,long_ientry_partial,60.104293364650616,0.03967947811292754,20.0
1652361660000.0,307286,1652361660000.0,0.1641898360359523,-0.0039165,1514.9053310606912,1515.4913478600047,-2.1,9.325,4.4,9.246814363792403,long_nclose,40.68598320068658,0.026857112696408215,4.0
1652361840000.0,307289,1652361840000.0,0.5680083996567152,-0.004182200000000001,1515.4691572603479,1516.0481656600045,-2.2,9.505,2.2,9.246814363792403,long_nclose,20.34299160034329,0.013423560290147492,3.0
1652362380000.0,307298,1652362380000.0,0.0,-0.008143520000000001,1515.4610137403479,1515.7474221400046,4.4,9.254,6.6,9.251604787930802,long_ientry_partial,61.06059160034329,0.04029176009591833,9.0
1652364120000.0,307327,1652364120000.0,0.0,-0.012085460000000001,1515.448928280348,1512.6635366800047,6.7,9.019,13.3,9.134427939875437,long_rentry,121.48789160034332,0.08016627240497073,29.0
1652364720000.0,307337,1652364720000.0,0.3413170645480776,-0.00810656,1515.782138784896,1517.0332301200046,-4.4,9.212,8.9,9.134427939875437,long_nclose,81.29640866489139,0.053633306914449744,10.0
1652364900000.0,307340,1652364900000.0,0.22495897436123294,-0.00534296,1516.0017547992572,1516.6351871600045,-2.9,9.212,6.0,9.134427939875437,long_nclose,54.80656763925262,0.0361520476251097,3.0
1652365320000.0,307347,1652365320000.0,0.15514412024912616,-0.0036848000000000002,1516.1532141195064,1516.4155023600047,-2.0,9.212,4.0,9.134427939875437,long_nclose,36.53771175950175,0.024098957426753685,7.0
1652365380000.0,307348,1652365380000.0,0.0,-0.0047834800000000005,1516.1484306395064,1516.7763188800047,2.6,9.199,6.6,9.159865418106326,long_ientry_partial,60.45511175950175,0.03987413800507776,1.0
1652365380000.0,307348,1652365380000.0,0.06777495646177538,-0.00239512,1516.213810475968,1516.7180237600046,-1.3,9.212,5.3,9.159865418106326,long_nclose,48.54728671596353,0.03201876040208579,0.0
1652365800000.0,307355,1652365800000.0,0.13112878921924534,-0.00314058,1516.3417986851873,1516.6842831800045,-1.7,9.237,3.6,9.159865418106326,long_nclose,32.97551550518278,0.021746756261533967,7.0
1652365860000.0,307356,1652365860000.0,0.0,-0.0055182,1516.3362804851872,1516.3577649800045,3.0,9.197,6.6,9.176744773512542,long_ientry_partial,60.56651550518278,0.039942667259668226,1.0
1652366040000.0,307359,1652366040000.0,0.1699614982724061,-0.004071760000000001,1516.5021702234596,1516.8244932200046,-2.2,9.254,4.4,9.176744773512542,long_nclose,40.37767700345519,0.026625531961820707,3.0
1652366100000.0,307360,1652366100000.0,0.10815731708244022,-0.0025911199999999997,1516.607736420542,1516.7825021000044,-1.4,9.254,3.0,9.176744773512542,long_nclose,27.530234320537627,0.01815250816635933,1.0
1652366160000.0,307361,1652366160000.0,0.0772552264874573,-0.0018508,1516.6831408470296,1516.8896513000045,-1.0,9.254,2.0,9.176744773512542,long_nclose,18.353489547025085,0.012101070456137016,1.0
1652367180000.0,307378,1652367180000.0,0.2562552264874576,-0.0018866,1516.937509473517,1517.1957647000045,-1.0,9.433,1.0,9.176744773512542,long_nclose,9.176744773512542,0.00604952064023884,17.0
1652367300000.0,307380,1652367300000.0,0.4342552264874584,-0.0019222000000000002,1517.3698425000043,1517.3698425000043,-1.0,9.611,0.0,9.176744773512542,long_nclose,0.0,0.0,2.0
1652384760000.0,307671,1652384760000.0,0.0,-0.012199680000000001,1517.3576428200042,1517.3192428200043,6.4,9.531,6.4,9.531,long_ientry_normal,60.998400000000004,0.040200410423105445,291.0
1652385000000.0,307675,1652385000000.0,0.170099999999999,-0.00403704,1517.5237057800043,1517.9064057800042,-2.1,9.612,4.3,9.531,long_nclose,40.9833,0.02700669508087497,4.0
1652385180000.0,307678,1652385180000.0,0.11339999999999932,-0.00269136,1517.6344144200043,1517.8345144200043,-1.4,9.612,2.9,9.531,long_nclose,27.6399,0.01821248894817871,3.0
1652385360000.0,307681,1652385360000.0,0.07289999999999956,-0.0017301600000000001,1517.7055842600041,1517.9035842600042,-0.9,9.612,2.0,9.531,long_nclose,19.062,0.012559748213151738,3.0
1652385720000.0,307687,1652385720000.0,0.0,-0.00838024,1517.6972040200042,1517.6300040200042,4.4,9.523,6.4,9.525500000000001,long_ientry_partial,60.96320000000001,0.04016822317292513,6.0
1652386800000.0,307705,1652386800000.0,0.0,-0.012071799999999999,1517.685132220004,1516.2039322200042,6.5,9.286,12.9,9.404821705426357,long_rentry,121.32220000000001,0.0799389790572272,18.0
1652388660000.0,307736,1652388660000.0,0.0,-0.01220338,1517.672928840004,1514.085828840004,6.7,9.107,19.6,9.30301530612245,long_rentry,182.33910000000003,0.1201438706160269,31.0
1652390940000.0,307774,1652390940000.0,0.0,-0.017178239999999997,1517.655750600004,1510.473450600004,9.6,8.947,29.2,9.185969178082193,long_rentry,268.2303,0.17673988313486466,38.0
1652392980000.0,307808,1652392980000.0,0.7568989726027254,-0.017972159999999997,1518.3946774126068,1519.448278440004,-9.7,9.264,19.5,9.185969178082193,long_nclose,179.12639897260274,0.11797090811582656,34.0
1652394360000.0,307831,1652394360000.0,0.5072003424657439,-0.012043199999999999,1518.8898345550724,1517.512235240004,-6.5,9.264,13.0,9.185969178082193,long_nclose,119.4175993150685,0.07862163311537959,23.0
1652394900000.0,307840,1652394900000.0,0.335532534246569,-0.00796704,1519.217400049319,1519.9049682000039,-4.3,9.264,8.7,9.185969178082193,long_nclose,79.91793184931507,0.052604671225277344,9.0
1652396220000.0,307862,1652396220000.0,0.22628938356163955,-0.0053731199999999995,1519.4383163128805,1519.9256950800038,-2.9,9.264,5.8,9.185969178082193,long_nclose,53.278621232876716,0.035064681903089284,22.0
1652396760000.0,307871,1652396760000.0,0.742489383561642,-0.0054763599999999996,1520.175329336442,1520.8830187200037,-2.9,9.442,2.9,9.185969178082193,long_nclose,26.639310616438358,0.017523840903316358,9.0
1652396880000.0,307873,1652396880000.0,0.3584431506849306,-0.00264376,1520.531128727127,1520.9721749600037,-1.4,9.442,1.5,9.185969178082193,long_nclose,13.778953767123289,0.00906193467979704,2.0
1652397900000.0,307890,1652397900000.0,0.6525462328767118,-0.0028863,1521.1807886600036,1521.1807886600036,-1.5,9.621,0.0,9.185969178082193,long_nclose,0.0,0.0,17.0
1652403360000.0,307981,1652403360000.0,0.0,-0.012104300000000002,1521.1686843600037,1521.3246843600036,6.5,9.311,6.5,9.311,long_ientry_normal,60.5215,0.039786185859764144,91.0
1652403420000.0,307982,1652403420000.0,0.16590000000000132,-0.003943800000000001,1521.3306405600038,1521.7442405600038,-2.1,9.39,4.4,9.311,long_nclose,40.9684,0.026929320233055637,1.0
1652403540000.0,307984,1652403540000.0,0.11060000000000086,-0.0026292000000000004,1521.4386113600037,1521.6156113600036,-1.4,9.39,3.0,9.311,long_nclose,27.933,0.018359597154584423,2.0
1652403600000.0,307985,1652403600000.0,0.07900000000000063,-0.0018780000000000001,1521.5157333600037,1521.7037333600038,-1.0,9.39,2.0,9.311,long_nclose,18.622,0.0122391110336247,1.0
1652403780000.0,307988,1652403780000.0,0.2599999999999998,-0.0019142,1521.7738191600035,1522.0978191600036,-1.0,9.571,1.0,9.311,long_nclose,9.311,0.006118517668505779,3.0
1652404500000.0,308000,1652404500000.0,0.4410000000000007,-0.0019504000000000001,1522.2128687600036,1522.2128687600036,-1.0,9.752,0.0,9.311,long_nclose,0.0,0.0,12.0
1652405760000.0,308021,1652405760000.0,0.0,-0.0121225,1522.2007462600036,1521.5182462600037,6.5,9.325,6.5,9.325,long_ientry_normal,60.6125,0.03981899243507986,21.0
1652406720000.0,308037,1652406720000.0,0.0,-0.012181939999999999,1522.1885643200037,1521.0503643200036,6.7,9.091,13.2,9.206227272727272,long_rentry,121.52219999999998,0.07983386739887033,16.0
1652407740000.0,308054,1652407740000.0,0.3422000000000061,-0.008169920000000002,1522.5225944000038,1523.2597944000038,-4.4,9.284,8.8,9.206227272727272,long_nclose,81.0148,0.05321090162995337,17.0
1652407980000.0,308058,1652407980000.0,0.2255409090909131,-0.00538472,1522.7427505890948,1523.5025096800039,-2.9,9.284,5.9,9.206227272727272,long_nclose,54.31674090909091,0.03567033294893553,4.0
1652408460000.0,308066,1652408460000.0,0.14776818181818444,-0.0035279200000000004,1522.8869908509132,1523.4820817600041,-1.9,9.284,4.0,9.206227272727272,long_nclose,36.82490909090909,0.024180986056183438,8.0
1652408700000.0,308070,1652408700000.0,0.5135454545454543,-0.0037852,1523.3967511054586,1523.9442965600042,-2.0,9.463,2.0,9.206227272727272,long_nclose,18.412454545454544,0.01208644729752343,4.0
1652409000000.0,308075,1652409000000.0,0.8715454545454548,-0.0038568,1524.264439760004,1524.264439760004,-2.0,9.642,0.0,9.206227272727272,long_nclose,0.0,0.0,5.0
1652463960000.0,308991,1652463960000.0,0.0,-0.012133600000000001,1524.252306160004,1524.513306160004,5.8,10.46,5.8,10.46,long_ientry_normal,60.668000000000006,0.03980180955267097,916.0
1652464080000.0,308993,1652464080000.0,0.16719999999999846,-0.004008240000000001,1524.415497920004,1524.7079979200041,-1.9,10.548,3.9,10.46,long_nclose,40.794000000000004,0.02676042066986433,2.0
1652464140000.0,308994,1652464140000.0,0.11439999999999895,-0.0027424800000000003,1524.527155440004,1524.787155440004,-1.3,10.548,2.6,10.46,long_nclose,27.196,0.017838973810965525,1.0
1652464800000.0,309005,1652464800000.0,0.07039999999999935,-0.00168768,1524.595867760004,1524.703867760004,-0.8,10.548,1.8,10.46,long_nclose,18.828000000000003,0.012349502184905459,11.0
1652465100000.0,309010,1652465100000.0,0.052799999999999514,-0.00126576,1524.647402000004,1524.8034020000039,-0.6,10.548,1.2,10.46,long_nclose,12.552000000000001,0.008232723174902291,5.0
1652465400000.0,309015,1652465400000.0,0.17519999999999988,-0.00129024,1524.821311760004,1525.004311760004,-0.6,10.752,0.6,10.46,long_nclose,6.276000000000001,0.004115892105912407,5.0
1652465640000.0,309019,1652465640000.0,0.08759999999999994,-0.00064512,1524.908266640004,1525.0057666400041,-0.3,10.752,0.3,10.46,long_nclose,3.1380000000000003,0.002057828702649961,4.0
1652465880000.0,309023,1652465880000.0,0.029199999999999983,-0.00021504000000000003,1524.937251600004,1524.9892516000039,-0.1,10.752,0.2,10.46,long_nclose,2.092,0.0013718597259034882,4.0
1652466600000.0,309035,1652466600000.0,0.029199999999999983,-0.00021504000000000003,1524.9662365600038,1524.9987365600039,-0.1,10.752,0.1,10.46,long_nclose,1.046,0.0006859168255157907,12.0
1652467860000.0,309056,1652467860000.0,0.049499999999999926,-0.00021910000000000004,1525.0155174600038,1525.0155174600038,-0.1,10.955,0.0,10.46,long_nclose,0.0,0.0,21.0
1652471760000.0,309121,1652471760000.0,0.0,-0.012155639999999999,1525.0033618200039,1525.0961618200038,5.8,10.479,5.8,10.479,long_ientry_normal,60.77819999999999,0.039854469518981715,65.0
1652478240000.0,309229,1652478240000.0,0.16910000000000078,-0.00401584,1525.168445980004,1525.523345980004,-1.9,10.568,3.9,10.479,long_nclose,40.8681,0.02679579433191067,108.0
1652478420000.0,309232,1652478420000.0,0.11570000000000054,-0.00274768,1525.281398300004,1525.660998300004,-1.3,10.568,2.6,10.479,long_nclose,27.2454,0.017862540007611873,3.0
1652479800000.0,309255,1652479800000.0,0.3796000000000021,-0.0028004600000000003,1525.658197840004,1526.0754978400041,-1.3,10.771,1.3,10.479,long_nclose,13.6227,0.008929064202772773,23.0
1652481060000.0,309276,1652481060000.0,0.035600000000000166,-0.00084544,1525.692952400004,1525.765852400004,-0.4,10.568,0.9,10.479,long_nclose,9.431099999999999,0.0061815190174171865,21.0
1652481120000.0,309277,1652481120000.0,0.026700000000000123,-0.00063408,1525.719018320004,1525.776618320004,-0.3,10.568,0.6,10.479,long_nclose,6.287399999999999,0.004120942273448991,1.0
1652481780000.0,309288,1652481780000.0,0.0,-0.010861760000000002,1525.708156560004,1525.315956560004,5.2,10.444,5.8,10.447620689655174,long_ientry_partial,60.59620000000001,0.03971677003852791,11.0
1652483280000.0,309313,1652483280000.0,0.0,-0.012222,1525.695934560004,1524.290734560004,6.0,10.185,11.8,10.314084745762713,long_rentry,121.70620000000002,0.07977094075111298,25.0
1652486700000.0,309370,1652486700000.0,0.33896949152541783,-0.00811278,1526.0267912715294,1526.982021780004,-3.9,10.401,7.9,10.314084745762713,long_nclose,81.48126949152544,0.05339438990034565,57.0
1652486880000.0,309373,1652486880000.0,0.22597966101694525,-0.00540852,1526.2473624125464,1527.391713260004,-2.6,10.401,5.3,10.314084745762713,long_nclose,54.66464915254238,0.03581637583709479,3.0
1652486940000.0,309374,1652486940000.0,0.7485796610169466,-0.00551304,1526.9904290335633,1527.789400220004,-2.6,10.602,2.7,10.314084745762713,long_nclose,27.848028813559328,0.018237199319700012,1.0
1652490900000.0,309440,1652490900000.0,0.3742898305084733,-0.00275652,1527.3619623440716,1527.7692437000037,-1.3,10.602,1.4,10.314084745762713,long_nclose,14.439718644067797,0.009454025306422378,66.0
1652491260000.0,309446,1652491260000.0,0.683081355932201,-0.00302456,1528.0420191400037,1528.0420191400037,-1.4,10.802,0.0,10.314084745762713,long_nclose,0.0,0.0,6.0
1652503500000.0,309650,1652503500000.0,0.0,-0.01232628,1528.0296928600037,1527.7287928600038,5.9,10.446,5.9,10.446,long_ientry_normal,61.6314,0.04033390207532217,204.0
1652503680000.0,309653,1652503680000.0,0.0,-0.0122196,1528.0174732600037,1528.6315732600037,6.0,10.183,11.9,10.313394957983192,long_rentry,122.72939999999998,0.08031936947563731,3.0
1652505300000.0,309680,1652505300000.0,0.3416596638655502,-0.00811278,1528.3510201438694,1529.2038604800039,-3.9,10.401,8.0,10.313394957983192,long_nclose,82.50715966386554,0.053984430655268464,27.0
1652505660000.0,309686,1652505660000.0,0.22777310924370014,-0.00540852,1528.5733847331132,1529.122051960004,-2.6,10.401,5.4,10.313394957983192,long_nclose,55.69233277310924,0.0364341897676264,6.0
1652505780000.0,309688,1652505780000.0,0.15768907563025394,-0.0037443600000000004,1528.7273294487436,1529.075107600004,-1.8,10.401,3.6,10.313394957983192,long_nclose,37.12822184873949,0.024287013866709548,2.0
1652505840000.0,309689,1652505840000.0,0.0,-0.0047886,1528.7225408487436,1528.9228190000042,2.3,10.41,5.9,10.351054550633812,long_ientry_partial,61.07122184873949,0.03994918647227696,1.0
1652509320000.0,309747,1652509320000.0,0.16709635379575757,-0.00396682,1528.8856703825395,1529.2414521800042,-1.9,10.439,4.0,10.351054550633812,long_nclose,41.40421820253525,0.027081304380448264,58.0
1652509500000.0,309750,1652509500000.0,0.11432908417604466,-0.0027141400000000003,1528.9972853267154,1529.264438040004,-1.3,10.439,2.7,10.351054550633812,long_nclose,27.947847286711294,0.018278546047738344,3.0
1652509620000.0,309752,1652509620000.0,0.07915090442956939,-0.0018790200000000003,1529.074557211145,1529.2796590200041,-0.9,10.439,1.8,10.351054550633812,long_nclose,18.631898191140863,0.01218508156013222,2.0
1652509920000.0,309757,1652509920000.0,0.05276726961971292,-0.00125268,1529.1260718007645,1529.2448063400038,-0.6,10.439,1.2,10.351054550633812,long_nclose,12.421265460760575,0.008123114038682735,5.0
1652512320000.0,309797,1652512320000.0,0.03517817974647528,-0.0008351200000000001,1529.160414860511,1529.227571220004,-0.4,10.439,0.8,10.351054550633812,long_nclose,8.28084364050705,0.00541528773569673,40.0
1652512860000.0,309806,1652512860000.0,0.01758908987323764,-0.00041756000000000003,1529.1775863903842,1529.221953660004,-0.2,10.439,0.6,10.351054550633812,long_nclose,6.210632730380287,0.0040614201945245966,9.0
1652512920000.0,309807,1652512920000.0,0.01758908987323764,-0.00041756000000000003,1529.1947579202574,1529.234336100004,-0.2,10.439,0.4,10.351054550633812,long_nclose,4.140421820253525,0.0027075830588672695,1.0
1652513760000.0,309821,1652513760000.0,0.00879454493661882,-0.00020878000000000002,1529.2033436851939,1529.2360273200038,-0.1,10.439,0.3,10.351054550633812,long_nclose,3.1053163651901436,0.002030675892786573,14.0
1652514360000.0,309831,1652514360000.0,0.00879454493661882,-0.00020878000000000002,1529.2119294501304,1529.2297185400037,-0.1,10.439,0.2,10.351054550633812,long_nclose,2.0702109101267623,0.0013537763277004795,10.0
1652514900000.0,309840,1652514900000.0,0.00879454493661882,-0.00020878000000000002,1529.2205152150668,1529.2289097600035,-0.1,10.439,0.1,10.351054550633812,long_nclose,1.0351054550633811,0.0006768843634809632,9.0
1652514960000.0,309841,1652514960000.0,0.00879454493661882,-0.00020878000000000002,1529.2291009800033,1529.2291009800033,-0.1,10.439,0.0,10.351054550633812,long_nclose,0.0,0.0,1.0
1652525700000.0,310020,1652525700000.0,0.0,-0.01216698,1529.2169340000032,1529.0045340000033,5.9,10.311,5.9,10.311,long_ientry_normal,60.834900000000005,0.03978173315206034,179.0
1652526660000.0,310036,1652526660000.0,0.0,-0.012263439999999999,1529.2046705600033,1527.5325705600033,6.1,10.052,12.0,10.179341666666666,long_rentry,122.15209999999999,0.07987949706906611,16.0
1652527560000.0,310051,1652527560000.0,0.0,-0.01222268,1529.1924478800033,1525.2879478800035,6.2,9.857,18.2,10.069532967032966,long_rentry,183.26549999999997,0.11984462796299458,15.0
1652536740000.0,310204,1652536740000.0,0.0,-0.017239300000000003,1529.1752085800033,1521.0927085800033,8.9,9.685,27.1,9.943247232472324,long_rentry,269.462,0.176213947550342,153.0
1652547000000.0,310375,1652547000000.0,0.7537749077490812,-0.0180486,1529.9109348877525,1532.5671599800035,-9.0,10.027,18.1,9.943247232472324,long_nclose,179.97277490774908,0.11763611253680818,171.0
1652547900000.0,310390,1652547900000.0,0.5025166051660541,-0.012032399999999999,1530.4014190929186,1531.9956275800034,-6.0,10.027,12.1,9.943247232472324,long_nclose,120.31329151291511,0.07861551225182853,15.0
1652551380000.0,310448,1652551380000.0,1.6665166051660592,-0.0122652,1532.0556704980845,1533.8353623800033,-6.0,10.221,6.1,9.943247232472324,long_nclose,60.65380811808117,0.039589819930213176,58.0
1652551500000.0,310450,1652551500000.0,0.8332583025830296,-0.0061326,1532.8827962006676,1533.5857297800035,-3.0,10.221,3.1,9.943247232472324,long_nclose,30.824066420664202,0.02010856048294319,2.0
1652551740000.0,310454,1652551740000.0,0.4166291512915148,-0.0030663,1533.2963590519591,1533.7471634800033,-1.5,10.221,1.6,9.943247232472324,long_nclose,15.909195571955719,0.010375812528370193,4.0
1652553060000.0,310476,1652553060000.0,0.7532044280442819,-0.0033324800000000005,1534.0462310000034,1534.0462310000034,-1.6,10.414,0.0,9.943247232472324,long_nclose,0.0,0.0,22.0
1652682840000.0,312639,1652682840000.0,0.0,-0.0123444,1534.0338866000034,1533.8718866000033,5.4,11.43,5.4,11.43,long_ientry_normal,61.722,0.04023509554720411,2163.0
1652683500000.0,312650,1652683500000.0,0.17459999999999917,-0.00414972,1534.2043368800034,1534.3123368800034,-1.8,11.527,3.6,11.43,long_nclose,41.148,0.02682041694894411,11.0
1652683920000.0,312657,1652683920000.0,0.0,-0.00411336,1534.2002235200034,1534.0994235200035,1.8,11.426,5.4,11.428666666666665,long_ientry_partial,61.7148,0.04022604028723461,7.0
1652686500000.0,312700,1652686500000.0,0.17340000000000408,-0.004149000000000001,1534.3694745200032,1534.7882745200031,-1.8,11.525,3.6,11.428666666666665,long_nclose,41.14319999999999,0.026814402061062132,43.0
1652687880000.0,312723,1652687880000.0,0.5730000000000033,-0.004228920000000001,1534.9382456000033,1535.5076456000033,-1.8,11.747,1.8,11.428666666666665,long_nclose,20.571599999999997,0.013402232994695245,23.0
1652687940000.0,312724,1652687940000.0,0.28650000000000164,-0.0021144600000000003,1535.2226311400032,1535.5388311400031,-0.9,11.747,0.9,11.428666666666665,long_nclose,10.285799999999998,0.00669987517860007,1.0
1652688840000.0,312739,1652688840000.0,0.12733333333333405,-0.0009397600000000001,1535.3490247133366,1535.4921913800033,-0.4,11.747,0.5,11.428666666666665,long_nclose,5.714333333333332,0.0037218464605468125,15.0
1652689020000.0,312742,1652689020000.0,0.06366666666666702,-0.00046988000000000005,1535.4122215000032,1535.5071215000032,-0.2,11.747,0.3,11.428666666666665,long_nclose,3.4285999999999994,0.0022330159627428708,3.0
1652689080000.0,312743,1652689080000.0,0.03183333333333351,-0.00023494000000000002,1535.4438198933365,1535.5070865600032,-0.1,11.747,0.2,11.428666666666665,long_nclose,2.285733333333333,0.0014886466725250276,1.0
1652689140000.0,312744,1652689140000.0,0.03183333333333351,-0.00023494000000000002,1535.4754182866698,1535.5010516200032,-0.1,11.747,0.1,11.428666666666665,long_nclose,1.1428666666666665,0.0007443080189078584,1.0
1652689980000.0,312758,1652689980000.0,0.03183333333333351,-0.00023494000000000002,1535.507016680003,1535.507016680003,-0.1,11.747,0.0,11.428666666666665,long_nclose,0.0,0.0,14.0
1652693760000.0,312821,1652693760000.0,0.0,-0.012346560000000001,1535.494670120003,1535.456870120003,5.4,11.432,5.4,11.432,long_ientry_normal,61.732800000000005,0.04020385169762616,63.0
1652694600000.0,312835,1652694600000.0,0.17459999999999917,-0.004150440000000001,1535.665119680003,1535.9999196800031,-1.8,11.529,3.6,11.432,long_nclose,41.1552,0.02679959287515483,14.0
1652694840000.0,312839,1652694840000.0,0.0,-0.004114080000000001,1535.6610056000031,1535.468405600003,1.8,11.428,5.4,11.430666666666667,long_ientry_partial,61.72560000000001,0.04019480847329518,4.0
1652696580000.0,312868,1652696580000.0,0.1733999999999977,-0.00414972,1535.830255880003,1536.133855880003,-1.8,11.527,3.6,11.430666666666667,long_nclose,41.150400000000005,0.026793585972443006,29.0
1652696640000.0,312869,1652696640000.0,0.11559999999999845,-0.0027664799999999995,1535.9430894000031,1536.1694894000032,-1.2,11.527,2.4,11.430666666666667,long_nclose,27.433600000000002,0.017861078440553804,1.0
1652696760000.0,312871,1652696760000.0,0.07706666666666565,-0.0018443200000000002,1536.01831174667,1536.2412450800032,-0.8,11.527,1.6,11.430666666666667,long_nclose,18.289066666666667,0.01190680249499722,2.0
1652696880000.0,312873,1652696880000.0,0.048166666666666025,-0.0011527,1536.0653257133367,1536.2130923800034,-0.5,11.527,1.1,11.430666666666667,long_nclose,12.573733333333335,0.008185676170702044,2.0
1652699820000.0,312922,1652699820000.0,0.028899999999999613,-0.0006916199999999999,1536.0935340933368,1536.1890007600034,-0.3,11.527,0.8,11.430666666666667,long_nclose,9.144533333333333,0.005953109710035202,49.0
1652701140000.0,312944,1652701140000.0,0.01926666666666641,-0.00046108000000000005,1536.1123396800035,1536.1749396800035,-0.2,11.527,0.6,11.430666666666667,long_nclose,6.8584000000000005,0.004464777622598041,22.0
1652702580000.0,312968,1652702580000.0,0.0,-0.01096032,1536.1013793600034,1536.0553793600034,4.8,11.417,5.4,11.418518518518518,long_ientry_partial,61.66,0.04014057980059222,24.0
1652703900000.0,312990,1652703900000.0,0.1736666666666693,-0.0041454000000000005,1536.27090062667,1536.6542339600035,-1.8,11.515,3.6,11.418518518518518,long_nclose,41.10666666666666,0.02675743363354639,22.0
1652704200000.0,312995,1652704200000.0,0.5732666666666685,-0.00422532,1536.8399419733369,1537.5536086400036,-1.8,11.737,1.8,11.418518518518518,long_nclose,20.55333333333333,0.013373763117415071,5.0
1652704800000.0,313005,1652704800000.0,0.28663333333333424,-0.00211266,1537.1244626466703,1537.3777959800036,-0.9,11.737,0.9,11.418518518518518,long_nclose,10.276666666666666,0.006685643821562745,10.0
1652705340000.0,313014,1652705340000.0,0.028944444444444883,-0.0006909,1537.1527161911147,1537.2136050800036,-0.3,11.515,0.6,11.418518518518518,long_nclose,6.85111111111111,0.004457013957655011,9.0
1652705520000.0,313017,1652705520000.0,0.01929629629629659,-0.0004606000000000001,1537.171551887411,1537.2161444800035,-0.2,11.515,0.4,11.418518518518518,long_nclose,4.567407407407408,0.002971306229157918,3.0
1652705880000.0,313023,1652705880000.0,0.009648148148148294,-0.00023030000000000004,1537.180969735559,1537.2069141800034,-0.1,11.515,0.3,11.418518518518518,long_nclose,3.425555555555555,0.0022284660186398563,6.0
1652705940000.0,313024,1652705940000.0,0.009648148148148294,-0.00023030000000000004,1537.1903875837072,1537.2066838800035,-0.1,11.515,0.2,11.418518518518518,long_nclose,2.283703703703704,0.0014856349103857154,1.0
1652706120000.0,313027,1652706120000.0,0.009648148148148294,-0.00023030000000000004,1537.1998054318553,1537.2129535800034,-0.1,11.515,0.1,11.418518518518518,long_nclose,1.141851851851852,0.0007428129042281944,3.0
1652706900000.0,313040,1652706900000.0,0.009648148148148294,-0.00023030000000000004,1537.2092232800035,1537.2092232800035,-0.1,11.515,0.0,11.418518518518518,long_nclose,0.0,0.0,13.0
1652707200000.0,313045,1652707200000.0,0.0,-0.01232388,1537.1968994000035,1537.3804994000036,5.4,11.411,5.4,11.411,long_ientry_normal,61.6194,0.04008556094801596,5.0
1652708760000.0,313071,1652708760000.0,0.0,-0.012236400000000001,1537.1846630000036,1535.7002630000036,5.5,11.124,10.9,11.266183486238532,long_rentry,122.8014,0.07988721391504003,26.0
1652710140000.0,313094,1652710140000.0,0.34133944954128737,-0.008179920000000002,1537.517822529545,1538.2026830800037,-3.6,11.361,7.3,11.266183486238532,long_nclose,82.24313944954127,0.053490852752674935,23.0
1652710260000.0,313096,1652710260000.0,0.2275596330275249,-0.0054532800000000005,1537.7399288825725,1538.1261298000036,-2.4,11.361,4.9,11.266183486238532,long_nclose,55.20429908256881,0.035899632991050735,2.0
1652710320000.0,313097,1652710320000.0,0.15170642201834994,-0.0036355200000000006,1537.8879997845909,1538.1480942800038,-1.6,11.361,3.3,11.266183486238532,long_nclose,37.178405504587154,0.024174976012423962,1.0
1652710380000.0,313098,1652710380000.0,0.0,-0.004764900000000001,1537.8832348845908,1537.9003293800038,2.1,11.345,5.4,11.296834352701325,long_ientry_partial,61.002905504587154,0.039666799221701035,1.0
1652710560000.0,313101,1652710560000.0,0.1712981651376147,-0.004101120000000001,1538.0504319297283,1538.3858282600036,-1.8,11.392,3.6,11.296834352701325,long_nclose,40.66860366972477,0.026441658105254423,3.0
1652710620000.0,313102,1652710620000.0,0.0,-0.004086360000000001,1538.0463455697284,1538.2629419000036,1.8,11.351,5.4,11.31488956846755,long_ientry_partial,61.10040366972477,0.03972598345018775,1.0
1652710860000.0,313106,1652710860000.0,0.17299877675841024,-0.00410796,1538.2152363864868,1538.4136339400036,-1.8,11.411,3.6,11.31488956846755,long_nclose,40.73360244648318,0.026481081114612358,4.0
1652711040000.0,313109,1652711040000.0,0.0,-0.00408492,1538.2111514664869,1538.2619490200036,1.8,11.347,5.4,11.325593045645032,long_ientry_partial,61.15820244648318,0.03975930247819143,3.0
1652724360000.0,313331,1652724360000.0,0.1717325178389409,-0.00411156,1538.378772424326,1538.7006374600037,-1.8,11.421,3.6,11.325593045645032,long_nclose,40.77213496432212,0.02650331355006248,222.0
1652724660000.0,313336,1652724660000.0,0.11448834522596057,-0.00274104,1538.4905197295518,1538.7170964200038,-1.2,11.421,2.4,11.325593045645032,long_nclose,27.181423309548077,0.017667592332207705,5.0
1652724720000.0,313337,1652724720000.0,0.07632556348397374,-0.0018273599999999999,1538.5650179330357,1538.7400690600036,-0.8,11.421,1.6,11.325593045645032,long_nclose,18.120948873032052,0.011777824571480505,1.0
1652725440000.0,313349,1652725440000.0,0.04770347717748358,-0.0011421,1538.6115793102133,1538.7484269600038,-0.5,11.421,1.1,11.325593045645032,long_nclose,12.458152350209536,0.008097009354235294,12.0
1652729700000.0,313420,1652729700000.0,0.0,-0.009794400000000002,1538.6017849102134,1538.3316325600038,4.4,11.13,5.5,11.169118609129008,long_ientry_partial,61.43015235020954,0.03992595936952872,71.0
1652735160000.0,313511,1652735160000.0,0.17078650356778483,-0.00405504,1538.7685163737813,1539.160277520004,-1.8,11.264,3.7,11.169118609129008,long_nclose,41.32573885377733,0.026856371451610152,91.0
1652735700000.0,313520,1652735700000.0,0.11385766904518987,-0.0027033599999999997,1538.8796706828266,1539.056874160004,-1.2,11.264,2.5,11.169118609129008,long_nclose,27.92279652282252,0.018144886214808927,9.0
1652737560000.0,313551,1652737560000.0,0.07590511269679326,-0.00180224,1538.9537735555234,1539.125271920004,-0.8,11.264,1.7,11.169118609129008,long_nclose,18.987501635519312,0.01233792850817833,31.0
1652738340000.0,313564,1652738340000.0,0.04744069543549578,-0.0011264,1539.0000878509588,1539.127145520004,-0.5,11.264,1.2,11.169118609129008,long_nclose,13.40294233095481,0.008708863915446891,13.0
1652740020000.0,313592,1652740020000.0,0.03795255634839663,-0.00090112,1539.0371392873074,1539.1018444000042,-0.4,11.264,0.8,11.169118609129008,long_nclose,8.935294887303206,0.005805769503028975,28.0
1652740080000.0,313593,1652740080000.0,0.018976278174198315,-0.00045056,1539.0556650054816,1539.1011938400043,-0.2,11.264,0.6,11.169118609129008,long_nclose,6.701471165477405,0.004354274713938652,1.0
1652741100000.0,313610,1652741100000.0,0.018976278174198315,-0.00045056,1539.0741907236559,1539.1125432800043,-0.2,11.264,0.4,11.169118609129008,long_nclose,4.467647443651603,0.0029028148679115747,17.0
1652742960000.0,313641,1652742960000.0,0.0,-0.011503440000000002,1539.0626872836558,1539.0138398400043,5.2,11.061,5.6,11.068722757794932,long_ientry_partial,61.98484744365162,0.04027441374272466,31.0
1652746260000.0,313696,1652746260000.0,0.16789903596912412,-0.004018320000000001,1539.226567999625,1539.6874215200044,-1.8,11.162,3.8,11.068722757794932,long_nclose,42.06114647962074,0.02732615675565118,55.0
1652746560000.0,313701,1652746560000.0,0.11193269064608273,-0.0026788800000000002,1539.335821810271,1539.6251426400042,-1.2,11.162,2.6,11.068722757794932,long_nclose,28.778679170266823,0.01869551709413406,5.0
1652747340000.0,313714,1652747340000.0,0.07462179376405516,-0.0017859200000000003,1539.408657684035,1539.644956720004,-0.8,11.162,1.8,11.068722757794932,long_nclose,19.92370096403088,0.012942437905997691,13.0
1652750100000.0,313760,1652750100000.0,0.055966345323041365,-0.0013394400000000001,1539.463284589358,1539.584817280004,-0.6,11.162,1.2,11.068722757794932,long_nclose,13.282467309353917,0.00862798576771315,46.0
1652750280000.0,313763,1652750280000.0,0.03731089688202758,-0.0008929600000000002,1539.4997025262398,1539.572724320004,-0.4,11.162,0.8,11.068722757794932,long_nclose,8.854978206235947,0.005751854444470098,3.0
1652750340000.0,313764,1652750340000.0,0.01865544844101379,-0.0004464800000000001,1539.517911494681,1539.575677840004,-0.2,11.162,0.6,11.068722757794932,long_nclose,6.641233654676959,0.004313839809911107,1.0
1652751000000.0,313775,1652751000000.0,0.09248317266152063,-0.00068262,1539.6097120473426,1539.698595220004,-0.3,11.377,0.3,11.068722757794932,long_nclose,3.3206168273384793,0.0021567912967519467,11.0
1652751600000.0,313785,1652751600000.0,0.03082772422050688,-0.00022754000000000003,1539.640312231563,1539.704567680004,-0.1,11.377,0.2,11.068722757794932,long_nclose,2.2137445515589866,0.0014378322871725626,10.0
1652751720000.0,313787,1652751720000.0,0.03082772422050688,-0.00022754000000000003,1539.6709124157835,1539.701540140004,-0.1,11.377,0.1,11.068722757794932,long_nclose,1.1068722757794933,0.0007189018554898736,2.0
1652753400000.0,313815,1652753400000.0,0.03082772422050688,-0.00022754000000000003,1539.701512600004,1539.701512600004,-0.1,11.377,0.0,11.068722757794932,long_nclose,0.0,0.0,28.0
1652799540000.0,314584,1652799540000.0,0.0,-0.01220616,1539.689306440004,1539.867506440004,5.4,11.302,5.4,11.302,long_ientry_normal,61.0308,0.03963838661782519,769.0
1652811420000.0,314782,1652811420000.0,0.0,-0.01234128,1539.6769651600039,1537.829765160004,5.6,11.019,11.0,11.157927272727273,long_rentry,122.7372,0.07971620201984714,198.0
1652811660000.0,314786,1652811660000.0,0.0,-0.012317700000000001,1539.6646474600038,1535.6989474600039,5.7,10.805,16.7,11.037467065868263,long_rentry,184.32569999999998,0.11971808296312023,4.0
1652814480000.0,314833,1652814480000.0,0.5144311377245536,-0.0122441,1540.1668344977284,1541.4832033600037,-5.5,11.131,11.2,11.037467065868263,long_nclose,123.61963113772454,0.08026379244689992,47.0
1652814660000.0,314836,1652814660000.0,0.346071856287427,-0.00823694,1540.5046694140158,1541.1986664200037,-3.7,11.131,7.5,11.037467065868263,long_nclose,82.78100299401197,0.05373628826811709,3.0
1652814720000.0,314837,1652814720000.0,0.23383233532934256,-0.0055655,1540.7329362493451,1541.195600920004,-2.5,11.131,5.0,11.037467065868263,long_nclose,55.187335329341316,0.03581888465608166,1.0
1652814780000.0,314838,1652814780000.0,0.14965269461077924,-0.00356192,1540.8790270239558,1541.2956390000038,-1.6,11.131,3.4,11.037467065868263,long_nclose,37.52738802395209,0.024354532293448278,1.0
1652814900000.0,314840,1652814900000.0,0.10288622754491074,-0.0024488200000000004,1540.979464431501,1541.2152901800039,-1.1,11.131,2.3,11.037467065868263,long_nclose,25.386174251497003,0.016474050976962556,2.0
1652815020000.0,314842,1652815020000.0,0.06547305389221592,-0.00155834,1541.0433791453931,1541.223431840004,-0.7,11.131,1.6,11.037467065868263,long_nclose,17.65994730538922,0.011459734063542577,2.0
1652815200000.0,314845,1652815200000.0,0.04676646706586851,-0.0011131000000000001,1541.089032512459,1541.207318740004,-0.5,11.131,1.1,11.037467065868263,long_nclose,12.14121377245509,0.007878333773267531,3.0
1652816760000.0,314871,1652816760000.0,0.028059880239521107,-0.00066786,1541.1164245326984,1541.2064508800038,-0.3,11.131,0.8,11.037467065868263,long_nclose,8.82997365269461,0.005729595449203041,26.0
1652817060000.0,314876,1652817060000.0,0.018706586826347404,-0.00044524,1541.1346858795246,1541.1962056400037,-0.2,11.131,0.6,11.037467065868263,long_nclose,6.622480239520958,0.004297145668187666,5.0
1652817360000.0,314881,1652817360000.0,0.018706586826347404,-0.00044524,1541.1529472263508,1541.1939604000036,-0.2,11.131,0.4,11.037467065868263,long_nclose,4.414986826347305,0.0028647298337864916,5.0
1652817540000.0,314884,1652817540000.0,0.0,-0.011500320000000001,1541.1414469063507,1541.3568600800033,5.2,11.058,5.6,11.056533361847736,long_ientry_partial,61.91658682634731,0.04017579758862312,3.0
1652818080000.0,314893,1652818080000.0,0.16823994867407635,-0.004014,1541.3056728550246,1541.5848460800032,-1.8,11.15,3.8,11.056533361847736,long_nclose,42.01482677502139,0.027259243584820902,9.0
1652818680000.0,314903,1652818680000.0,0.11215996578271756,-0.0026760000000000004,1541.4151568208072,1541.671170080003,-1.2,11.15,2.6,11.056533361847736,long_nclose,28.746986740804115,0.018649736648558214,10.0
1652823720000.0,314987,1652823720000.0,0.40100662959794386,-0.0029549000000000003,1541.813208550405,1542.2792151800031,-1.3,11.365,1.3,11.056533361847736,long_nclose,14.373493370402057,0.00932246091205552,84.0
1652825400000.0,315015,1652825400000.0,0.6805066295979437,-0.0030108,1542.4907043800029,1542.4907043800029,-1.3,11.58,0.0,11.056533361847736,long_nclose,0.0,0.0,28.0
1652846040000.0,315359,1652846040000.0,0.0,-0.012337599999999999,1542.478366780003,1542.417866780003,5.5,11.216,5.5,11.216,long_ientry_normal,61.687999999999995,0.03999278131127157,344.0
1652847900000.0,315390,1652847900000.0,0.17100000000000115,-0.00407196,1542.645294820003,1542.993094820003,-1.8,11.311,3.7,11.216,long_nclose,41.4992,0.026901323421105794,31.0
1652848200000.0,315395,1652848200000.0,0.11400000000000077,-0.00271464,1542.756580180003,1542.991580180003,-1.2,11.311,2.5,11.216,long_nclose,28.04,0.01817525872858594,5.0
1652849100000.0,315410,1652849100000.0,0.07600000000000051,-0.00180976,1542.830770420003,1542.9990704200031,-0.8,11.311,1.7,11.216,long_nclose,19.0672,0.012358581618649826,15.0
1652849220000.0,315412,1652849220000.0,0.04750000000000032,-0.0011311000000000001,1542.877139320003,1542.995939320003,-0.5,11.311,1.2,11.216,long_nclose,13.4592,0.008723442493892881,2.0
1652849520000.0,315417,1652849520000.0,0.038000000000000256,-0.00090488,1542.914234440003,1542.9934344400028,-0.4,11.311,0.8,11.216,long_nclose,8.9728,0.0058154885085084825,5.0
1652849640000.0,315419,1652849640000.0,0.019000000000000128,-0.00045244,1542.932782000003,1542.9921820000031,-0.2,11.311,0.6,11.216,long_nclose,6.7296,0.004361563950489702,2.0
1652849760000.0,315421,1652849760000.0,0.019000000000000128,-0.00045244,1542.9513295600032,1542.9929295600032,-0.2,11.311,0.4,11.216,long_nclose,4.4864,0.0029076743472390455,2.0
1652855100000.0,315510,1652855100000.0,0.0,-0.01137708,1542.939952480003,1542.8381524800031,5.1,11.154,5.5,11.158509090909092,long_ientry_partial,61.37180000000001,0.03977588363134657,89.0
1652865420000.0,315682,1652865420000.0,0.0,-0.012400920000000001,1542.9275515600032,1541.463151560003,5.7,10.878,11.2,11.015750000000002,long_rentry,123.37640000000002,0.07996253607323182,172.0
1652878260000.0,315896,1652878260000.0,0.0,-0.01237372,1542.9151778400033,1538.5501778400032,5.8,10.667,17.0,10.896764705882354,long_rentry,185.24500000000003,0.12006168755130978,214.0
1652881320000.0,315947,1652881320000.0,0.0,-0.01739846,1542.8977793800032,1536.5634793800032,8.3,10.481,25.3,10.760367588932807,long_rentry,272.2373,0.1764454545455342,51.0
1652887260000.0,316046,1652887260000.0,0.0,-0.02542,1542.8723593800032,1528.2635593800032,12.4,10.25,37.7,10.592501326259946,long_rentry,399.33729999999997,0.25882717878261297,99.0
1652925360000.0,316681,1652925360000.0,0.0,-0.0368076,1542.8355517800032,1518.0882517800032,18.5,9.948,56.2,10.380343416370106,long_rentry,583.3753,0.3781189118483478,635.0
1652961360000.0,317281,1652961360000.0,1.6391781138790122,-0.03915032,1544.4355795738823,1546.4852014600033,-18.7,10.468,37.5,10.380343416370106,long_nclose,389.26287811387897,0.2520421591305729,600.0
1652961420000.0,317282,1652961420000.0,1.0957072953736713,-0.02617,1545.5051168692557,1548.871531460003,-12.5,10.468,25.0,10.380343416370106,long_nclose,259.50858540925265,0.1679118254457427,1.0
1652961840000.0,317289,1652961840000.0,0.7275496441281178,-0.017376880000000004,1546.215289633384,1547.879554580003,-8.3,10.468,16.7,10.380343416370106,long_nclose,173.35173505338076,0.1121135822518502,7.0
1652962260000.0,317296,1652962260000.0,0.48211120996441537,-0.0115148,1546.6858860433483,1547.9700397800032,-5.5,10.468,11.2,10.380343416370106,long_nclose,116.25984626334518,0.07516706999942638,7.0
1652963160000.0,317311,1652963160000.0,0.3243293594306067,-0.00774632,1547.0024690827788,1547.637393460003,-3.7,10.468,7.5,10.380343416370106,long_nclose,77.8525756227758,0.05032479079941919,15.0
1652963220000.0,317312,1652963220000.0,0.21914145907473426,-0.005234000000000001,1547.2163765418536,1547.764659460003,-2.5,10.468,5.0,10.380343416370106,long_nclose,51.901717081850535,0.03354522216075222,1.0
1652965800000.0,317355,1652965800000.0,0.14025053380782992,-0.00334976,1547.3532773156614,1547.726109700003,-1.6,10.468,3.4,10.380343416370106,long_nclose,35.29316761565836,0.0228087329073841,43.0
1652967420000.0,317382,1652967420000.0,0.4924161921708192,-0.0036278,1547.8420657078323,1548.3514819000031,-1.7,10.67,1.7,10.380343416370106,long_nclose,17.64658380782918,0.011400765103098133,27.0
1652967540000.0,317384,1652967540000.0,0.23172526690391493,-0.0017072,1548.072083774736,1548.323774700003,-0.8,10.67,0.9,10.380343416370106,long_nclose,9.342309074733096,0.006034802366536648,2.0
1652968560000.0,317401,1652968560000.0,0.02629697508896811,-0.00062808,1548.097752669825,1548.166546620003,-0.3,10.468,0.6,10.380343416370106,long_nclose,6.228206049822064,0.004023134869281348,17.0
1652968680000.0,317403,1652968680000.0,0.01753131672597874,-0.00041872,1548.114865266551,1548.136727900003,-0.2,10.468,0.4,10.380343416370106,long_nclose,4.152137366548042,0.0026820602654914344,2.0
1652968800000.0,317405,1652968800000.0,0.00876565836298937,-0.00020936,1548.123421564914,1548.165318540003,-0.1,10.468,0.3,10.380343416370106,long_nclose,3.114103024911032,0.002011534081541867,2.0
1652969880000.0,317423,1652969880000.0,0.028965658362989366,-0.0002134,1548.152173823277,1548.208105140003,-0.1,10.67,0.2,10.380343416370106,long_nclose,2.076068683274021,0.0013409978155745602,18.0
1652970000000.0,317425,1652970000000.0,0.028965658362989366,-0.0002134,1548.18092608164,1548.212391740003,-0.1,10.67,0.1,10.380343416370106,long_nclose,1.0380343416370106,0.0006704864555231396,2.0
1652970360000.0,317431,1652970360000.0,0.028965658362989366,-0.0002134,1548.2096783400032,1548.2096783400032,-0.1,10.67,0.0,10.380343416370106,long_nclose,0.0,0.0,6.0
1653060840000.0,318939,1653060840000.0,0.0,-0.012446559999999999,1548.1972317800032,1548.2084317800031,5.6,11.113,5.6,11.113,long_ientry_normal,62.23279999999999,0.04019694566205192,1508.0
1653063660000.0,318986,1653063660000.0,0.16920000000000215,-0.004034520000000001,1548.3623972600033,1548.8069972600033,-1.8,11.207,3.8,11.113,long_nclose,42.2294,0.027273589228677696,47.0
1653063960000.0,318991,1653063960000.0,0.0,-0.003996,1548.3584012600033,1548.3650012600033,1.8,11.1,5.6,11.108821428571428,long_ientry_partial,62.209399999999995,0.040177648759729026,5.0
1653064320000.0,318997,1653064320000.0,0.1695214285714286,-0.00403308,1548.5238896085748,1548.9273681800034,-1.8,11.203,3.8,11.108821428571428,long_nclose,42.213521428571426,0.02726049091773577,6.0
1653064680000.0,319003,1653064680000.0,0.11301428571428573,-0.00268872,1548.6342151742892,1548.9232794600034,-1.2,11.203,2.6,11.108821428571428,long_nclose,28.882935714285715,0.01865058606562888,6.0
1653064800000.0,319005,1653064800000.0,0.07534285714285716,-0.0017924800000000002,1548.7077655514322,1548.8808869800037,-0.8,11.203,1.8,11.108821428571428,long_nclose,19.99587857142857,0.012911330992331433,2.0
1653064980000.0,319008,1653064980000.0,0.05650714285714287,-0.00134436,1548.7629283342892,1548.8663426200035,-0.6,11.203,1.2,11.108821428571428,long_nclose,13.330585714285712,0.008607247416893492,3.0
1653065040000.0,319009,1653065040000.0,0.03767142857142858,-0.0008962400000000001,1548.7997035228607,1548.8726463800035,-0.4,11.203,0.8,11.108821428571428,long_nclose,8.887057142857143,0.005738028695797699,1.0
1653065220000.0,319012,1653065220000.0,0.01883571428571429,-0.00044812000000000004,1548.8180911171462,1548.8907982600033,-0.2,11.203,0.6,11.108821428571428,long_nclose,6.665292857142856,0.004303470430368779,3.0
1653065280000.0,319013,1653065280000.0,0.09305357142857175,-0.00068514,1548.9104595485746,1549.008313120003,-0.3,11.419,0.3,11.108821428571428,long_nclose,3.332646428571428,0.0021516068976270702,1.0
1653066000000.0,319025,1653066000000.0,0.0,-0.0117607,1548.8986988485747,1548.6145524200033,5.3,11.095,5.6,11.09574043367347,long_ientry_partial,62.13614642857143,0.04011633974175483,12.0
1653074940000.0,319174,1653074940000.0,0.1696672193877536,-0.0040284,1549.0643376679625,1549.4225240200033,-1.8,11.19,3.8,11.09574043367347,long_nclose,42.16381364795918,0.027218891186556304,149.0
1653075420000.0,319182,1653075420000.0,0.1131114795918357,-0.0026856,1549.1747635475544,1549.4198384200033,-1.2,11.19,2.6,11.09574043367347,long_nclose,28.848925127551023,0.018622124376392515,8.0
1653075480000.0,319183,1653075480000.0,0.07540765306122382,-0.0017904000000000002,1549.2483808006157,1549.4270480200034,-0.8,11.19,1.8,11.09574043367347,long_nclose,19.972332780612245,0.012891627338858992,1.0
1653080100000.0,319260,1653080100000.0,0.05655573979591785,-0.0013428,1549.3035937404115,1549.4107052200034,-0.6,11.19,1.2,11.09574043367347,long_nclose,13.314888520408163,0.008594111944362465,77.0
1653080400000.0,319265,1653080400000.0,0.03770382653061191,-0.0008952000000000001,1549.340402366942,1549.4358100200034,-0.4,11.19,0.8,11.09574043367347,long_nclose,8.876592346938777,0.005729271845862873,5.0
1653083400000.0,319315,1653083400000.0,0.018851913265305956,-0.00044760000000000004,1549.3588066802074,1549.4393624200034,-0.2,11.19,0.6,11.09574043367347,long_nclose,6.657444260204081,0.004296902842324114,50.0
1653084300000.0,319330,1653084300000.0,0.018851913265305956,-0.00044760000000000004,1549.3772109934728,1549.4109148200034,-0.2,11.19,0.4,11.09574043367347,long_nclose,4.438296173469388,0.0028645678676424563,15.0
1653084540000.0,319334,1653084540000.0,0.009425956632652978,-0.00022380000000000002,1549.3864131501055,1549.4161910200035,-0.1,11.19,0.3,11.09574043367347,long_nclose,3.3287221301020407,0.0021484131407440914,4.0
1653084720000.0,319337,1653084720000.0,0.009425956632652978,-0.00022380000000000002,1549.3956153067381,1549.4154672200034,-0.1,11.19,0.2,11.09574043367347,long_nclose,2.219148086734694,0.0014322669206052732,3.0
1653084840000.0,319339,1653084840000.0,0.009425956632652978,-0.00022380000000000002,1549.4048174633708,1549.4152434200034,-0.1,11.19,0.1,11.09574043367347,long_nclose,1.109574043367347,0.0007161292070744309,2.0
1653087660000.0,319386,1653087660000.0,0.009425956632652978,-0.00022380000000000002,1549.4140196200035,1549.4140196200035,-0.1,11.19,0.0,11.09574043367347,long_nclose,0.0,0.0,47.0
1653093600000.0,319485,1653093600000.0,0.0,-0.01236928,1549.4016503400035,1549.3792503400034,5.6,11.044,5.6,11.044,long_ientry_normal,61.846399999999996,0.039916312201183156,99.0
1653093720000.0,319487,1653093720000.0,0.16739999999999997,-0.00400932,1549.5650410200035,1549.9108410200035,-1.8,11.137,3.8,11.044,long_nclose,41.9672,0.0270832129591508,2.0
1653093780000.0,319488,1653093780000.0,0.11159999999999996,-0.0026728800000000003,1549.6739681400034,1549.9365681400034,-1.2,11.137,2.6,11.044,long_nclose,28.7144,0.018529316869447365,1.0
1653094020000.0,319492,1653094020000.0,0.07439999999999998,-0.0017819200000000002,1549.7465862200033,1549.9103862200034,-0.8,11.137,1.8,11.044,long_nclose,19.8792,0.012827387507584375,4.0
1653094080000.0,319493,1653094080000.0,0.05579999999999998,-0.0013364400000000002,1549.8010497800035,1549.8862497800035,-0.6,11.137,1.2,11.044,long_nclose,13.2528,0.008551291149197024,1.0
1653094380000.0,319498,1653094380000.0,0.03719999999999999,-0.0008909600000000001,1549.8373588200034,1549.8981588200033,-0.4,11.137,0.8,11.044,long_nclose,8.8352,0.0057007272083871045,5.0
1653094500000.0,319500,1653094500000.0,0.018599999999999995,-0.00044548000000000005,1549.8555133400034,1549.9131133400035,-0.2,11.137,0.6,11.044,long_nclose,6.6264,0.004275495323896246,2.0
1653094620000.0,319502,1653094620000.0,0.018599999999999995,-0.00044548000000000005,1549.8736678600035,1549.9120678600034,-0.2,11.137,0.4,11.044,long_nclose,4.4176,0.0028502968284502992,2.0
1653095100000.0,319510,1653095100000.0,0.0,-0.011474320000000001,1549.8621935400035,1549.8409935400036,5.2,11.033,5.6,11.033785714285715,long_ientry_partial,61.7892,0.03986754451947031,8.0
1653100440000.0,319599,1653100440000.0,0.16778571428571426,-0.00400572,1550.0259735342893,1550.3915878200035,-1.8,11.127,3.8,11.033785714285715,long_nclose,41.92838571428572,0.02705011814652549,89.0
1653100620000.0,319602,1653100620000.0,0.11185714285714284,-0.0026704800000000002,1550.1351601971464,1550.3723173400035,-1.2,11.127,2.6,11.033785714285715,long_nclose,28.68784285714286,0.018506671930139523,3.0
1653100680000.0,319603,1653100680000.0,0.07457142857142855,-0.0017803200000000002,1550.2079513057179,1550.3901370200035,-0.8,11.127,1.8,11.033785714285715,long_nclose,19.860814285714287,0.012811709725128044,1.0
1653101760000.0,319621,1653101760000.0,0.05592857142857142,-0.0013352400000000001,1550.2625446371464,1550.3780017800036,-0.6,11.127,1.2,11.033785714285715,long_nclose,13.240542857142858,0.008540839035907903,18.0
1653102240000.0,319629,1653102240000.0,0.037285714285714276,-0.0008901600000000001,1550.2989401914322,1550.3759116200035,-0.4,11.127,0.8,11.033785714285715,long_nclose,8.827028571428572,0.005693759018075961,8.0
1653102600000.0,319635,1653102600000.0,0.018642857142857138,-0.00044508000000000004,1550.317137968575,1550.3688665400036,-0.2,11.127,0.6,11.033785714285715,long_nclose,6.620271428571429,0.004270269138123675,6.0
1653104460000.0,319666,1653104460000.0,0.018642857142857138,-0.00044508000000000004,1550.3353357457179,1550.3738214600037,-0.2,11.127,0.4,11.033785714285715,long_nclose,4.413514285714286,0.002846812675911413,31.0
1653104580000.0,319668,1653104580000.0,0.009321428571428569,-0.00022254000000000002,1550.3444346342892,1550.3687989200034,-0.1,11.127,0.3,11.033785714285715,long_nclose,3.3101357142857144,0.0021350969760900534,2.0
1653104640000.0,319669,1653104640000.0,0.009321428571428569,-0.00022254000000000002,1550.3535335228605,1550.3767763800033,-0.1,11.127,0.2,11.033785714285715,long_nclose,2.206757142857143,0.0014233896302624214,1.0
1653109800000.0,319755,1653109800000.0,0.009321428571428569,-0.00022254000000000002,1550.3626324114318,1550.3737538400032,-0.1,11.127,0.1,11.033785714285715,long_nclose,1.1033785714285715,0.000711690638281431,86.0
1653111240000.0,319779,1653111240000.0,0.009321428571428569,-0.00022254000000000002,1550.3717313000031,1550.3717313000031,-0.1,11.127,0.0,11.033785714285715,long_nclose,0.0,0.0,24.0
1653132900000.0,320140,1653132900000.0,0.0,-0.01236216,1550.359369140003,1550.251069140003,5.7,10.844,5.7,10.844,long_ientry_normal,61.8108,0.039868691885473595,361.0
1653133620000.0,320152,1653133620000.0,0.17480000000000098,-0.00415568,1550.5300134600031,1550.8378134600032,-1.9,10.936,3.8,10.844,long_nclose,41.20719999999999,0.02657620274505119,12.0
1653133800000.0,320155,1653133800000.0,0.11040000000000062,-0.0026246399999999997,1550.6377888200032,1550.8613888200032,-1.2,10.936,2.6,10.844,long_nclose,28.194399999999998,0.018182453828534152,3.0
1653133860000.0,320156,1653133860000.0,0.07360000000000043,-0.0017497600000000004,1550.7096390600032,1550.8284390600031,-0.8,10.936,1.8,10.844,long_nclose,19.519199999999998,0.012587269407722255,1.0
1653135000000.0,320175,1653135000000.0,0.05520000000000031,-0.0013123199999999998,1550.7635267400033,1550.8847267400033,-0.6,10.936,1.2,10.844,long_nclose,13.012799999999999,0.008391221340725851,19.0
1653136500000.0,320200,1653136500000.0,0.0,-0.009731700000000001,1550.7537950400033,1550.6994950400033,4.5,10.813,5.7,10.819526315789474,long_ientry_partial,61.6713,0.03976859524526208,25.0
1653139800000.0,320255,1653139800000.0,0.17379999999999798,-0.00414618,1550.9234488600034,1551.3052488600033,-1.9,10.911,3.8,10.819526315789474,long_nclose,41.114200000000004,0.0265094966680791,55.0
1653140220000.0,320262,1653140220000.0,0.10976842105263031,-0.00261864,1551.030598641056,1551.3048302200034,-1.2,10.911,2.6,10.819526315789474,long_nclose,28.130768421052633,0.018136823635652038,7.0
1653141960000.0,320291,1653141960000.0,0.07317894736842022,-0.00174576,1551.1020318284245,1551.2918844600035,-0.8,10.911,1.8,10.819526315789474,long_nclose,19.475147368421055,0.012555684261121065,29.0
1653142440000.0,320299,1653142440000.0,0.054884210526315154,-0.00130932,1551.1556067189508,1551.2761751400035,-0.6,10.911,1.2,10.819526315789474,long_nclose,12.98343157894737,0.00837016706944721,8.0
1653142620000.0,320302,1653142620000.0,0.03658947368421011,-0.00087288,1551.191323312635,1551.2677022600033,-0.4,10.911,0.8,10.819526315789474,long_nclose,8.655621052631579,0.005579982896079597,3.0
1653142920000.0,320307,1653142920000.0,0.018294736842105055,-0.00043644,1551.2091816094771,1551.2664658200035,-0.2,10.911,0.6,10.819526315789474,long_nclose,6.491715789473685,0.004184938992391807,5.0
1653143640000.0,320319,1653143640000.0,0.018294736842105055,-0.00043644,1551.2270399063193,1551.2652293800036,-0.2,10.911,0.4,10.819526315789474,long_nclose,4.3278105263157896,0.0027899272092221598,12.0
1653148320000.0,320397,1653148320000.0,0.06029473684210523,-0.00044484000000000006,1551.2868898031613,1551.3499845400033,-0.2,11.121,0.2,10.819526315789474,long_nclose,2.1639052631578948,0.0013949097857924055,78.0
1653150840000.0,320439,1653150840000.0,0.10229473684210505,-0.00045324000000000004,1551.3887313000034,1551.3887313000034,-0.2,11.331,0.0,10.819526315789474,long_nclose,0.0,0.0,42.0
1653165540000.0,320684,1653165540000.0,0.0,-0.012461340000000001,1551.3762699600034,1551.3990699600033,5.7,10.931,5.7,10.931,long_ientry_normal,62.3067,0.040162210294480236,245.0
1653173940000.0,320824,1653173940000.0,0.17480000000000098,-0.00418874,1551.5468812200033,1551.9230812200033,-1.9,11.023,3.8,10.931,long_nclose,41.5378,0.026771862650607266,140.0
1653178560000.0,320901,1653178560000.0,0.11040000000000062,-0.0026455199999999997,1551.6546357000034,1551.9120357000033,-1.2,11.023,2.6,10.931,long_nclose,28.4206,0.018316318171651975,77.0
1653185160000.0,321011,1653185160000.0,0.07360000000000043,-0.0017636800000000001,1551.7264720200033,1551.9136720200033,-0.8,11.023,1.8,10.931,long_nclose,19.6758,0.012679940926951176,110.0
1653185340000.0,321014,1653185340000.0,0.05520000000000031,-0.0013227599999999999,1551.7803492600033,1551.8991492600032,-0.6,11.023,1.2,10.931,long_nclose,13.117199999999999,0.008453000456060157,3.0
1653186300000.0,321030,1653186300000.0,0.036800000000000214,-0.0008818400000000001,1551.8162674200034,1551.8834674200034,-0.4,11.023,0.8,10.931,long_nclose,8.7448,0.005635203202592279,16.0
1653186360000.0,321031,1653186360000.0,0.018400000000000107,-0.00044092000000000003,1551.8342265000033,1551.8906265000032,-0.2,11.023,0.6,10.931,long_nclose,6.558599999999999,0.004226353490599458,1.0
1653188880000.0,321073,1653188880000.0,0.018400000000000107,-0.00044092000000000003,1551.8521855800032,1551.8897855800033,-0.2,11.023,0.4,10.931,long_nclose,4.3724,0.0028175363869245187,42.0
1653190740000.0,321104,1653190740000.0,0.009200000000000054,-0.00022046000000000001,1551.861165120003,1551.889365120003,-0.1,11.023,0.3,10.931,long_nclose,3.2792999999999997,0.0021131400628524757,31.0
1653191700000.0,321120,1653191700000.0,0.009200000000000054,-0.00022046000000000001,1551.870144660003,1551.890944660003,-0.1,11.023,0.2,10.931,long_nclose,2.1862,0.0014087518904353762,16.0
1653192300000.0,321130,1653192300000.0,0.009200000000000054,-0.00022046000000000001,1551.879124200003,1551.8885242000028,-0.1,11.023,0.1,10.931,long_nclose,1.0931,0.0007043718695317172,10.0
1653192480000.0,321133,1653192480000.0,0.009200000000000054,-0.00022046000000000001,1551.8881037400029,1551.8881037400029,-0.1,11.023,0.0,10.931,long_nclose,0.0,0.0,3.0
1653333180000.0,323478,1653333180000.0,0.0,-0.012510720000000001,1551.875593020003,1551.772993020003,5.4,11.584,5.4,11.584,long_ientry_normal,62.5536,0.04030838572457252,2345.0
1653335040000.0,323509,1653335040000.0,0.0,-0.0124212,1551.863171820003,1550.809571820003,5.5,11.292,10.9,11.436660550458715,long_rentry,124.6596,0.08032898921997163,31.0
1653338040000.0,323559,1653338040000.0,0.34682201834862453,-0.00830376,1552.2016900783515,1553.2480680600029,-3.6,11.533,7.3,11.436660550458715,long_nclose,83.48762201834862,0.053786581055799754,50.0
1653340080000.0,323593,1653340080000.0,0.231214678899083,-0.00553584,1552.4273689172505,1552.860232220003,-2.4,11.533,4.9,11.436660550458715,long_nclose,56.03963669724771,0.03609807313325897,34.0
1653340140000.0,323594,1653340140000.0,0.15414311926605537,-0.0036905600000000003,1552.5778214765166,1552.9683416600028,-1.6,11.533,3.3,11.436660550458715,long_nclose,37.74097981651376,0.02430859135976947,1.0
1653342000000.0,323625,1653342000000.0,0.0,-0.004843440000000001,1552.5729780365166,1552.8227982200028,2.1,11.532,5.4,11.473737003058103,long_ientry_partial,61.95817981651376,0.039906774556175806,31.0
1653344580000.0,323668,1653344580000.0,0.0,-0.0125272,1552.5604508365166,1551.1662710200028,5.6,11.185,11.0,11.326743619683068,long_rentry,124.59417981651374,0.08025077525927099,43.0
1653347880000.0,323723,1653347880000.0,0.0,-0.01250352,1552.5479473165165,1548.8856675000027,5.7,10.968,16.7,11.204298192605613,long_rentry,187.11177981651372,0.12051916344350261,55.0
1653352740000.0,323804,1653352740000.0,0.5208599406691263,-0.0124289,1553.0563783571856,1554.1282386000028,-5.5,11.299,11.2,11.204298192605613,long_nclose,125.48813975718285,0.08080076261617979,81.0
1653357600000.0,323885,1653357600000.0,0.35039668735923046,-0.00836126,1553.398413784545,1553.966177340003,-3.7,11.299,7.5,11.204298192605613,long_nclose,84.0322364445421,0.054095739830076386,81.0
1653359220000.0,323912,1653359220000.0,0.23675451848596651,-0.0056495,1553.629518803031,1554.108027840003,-2.5,11.299,5.0,11.204298192605613,long_nclose,56.021490963028064,0.03605846199819177,27.0
1653360480000.0,323933,1653360480000.0,0.15152289183101858,-0.00361568,1553.7774260148622,1554.1028121600032,-1.6,11.299,3.4,11.204298192605613,long_nclose,38.094613854859084,0.024517420073841837,21.0
1653360900000.0,323940,1653360900000.0,0.10417198813382528,-0.0024857800000000004,1553.8791122229961,1554.0992263800033,-1.1,11.299,2.3,11.204298192605613,long_nclose,25.769885842992906,0.016584228232610857,7.0
1653361200000.0,323945,1653361200000.0,0.06629126517607062,-0.0015818599999999998,1553.9438216281721,1554.0889445200032,-0.7,11.299,1.6,11.204298192605613,long_nclose,17.92687710816898,0.011536374004425577,5.0
1653361680000.0,323953,1653361680000.0,0.0473509036971933,-0.0011299,1553.9900426318693,1554.0953146200031,-0.5,11.299,1.1,11.204298192605613,long_nclose,12.324728011866176,0.007931021225202168,8.0
1653362220000.0,323962,1653362220000.0,0.02841054221831598,-0.00067794,1554.0177752340876,1554.1023366800032,-0.3,11.299,0.8,11.204298192605613,long_nclose,8.96343855408449,0.00576791250198814,9.0
1653362520000.0,323967,1653362520000.0,0.018940361478877323,-0.00045196,1554.0362636355665,1554.0876847200032,-0.2,11.299,0.6,11.204298192605613,long_nclose,6.722578915563368,0.004325882910760611,5.0
1653362580000.0,323968,1653362580000.0,0.018940361478877323,-0.00045196,1554.0547520370453,1554.095032760003,-0.2,11.299,0.4,11.204298192605613,long_nclose,4.481719277042245,0.0028838876308364524,1.0
1653365280000.0,324013,1653365280000.0,0.009470180739438661,-0.00022598,1554.0639962377847,1554.085206780003,-0.1,11.299,0.3,11.204298192605613,long_nclose,3.361289457781684,0.002162902857230455,45.0
1653366300000.0,324030,1653366300000.0,0.009470180739438661,-0.00022598,1554.0732404385242,1554.091380800003,-0.1,11.299,0.2,11.204298192605613,long_nclose,2.2408596385211226,0.0014419266609910887,17.0
1653366360000.0,324031,1653366360000.0,0.009470180739438661,-0.00022598,1554.0824846392636,1554.094054820003,-0.1,11.299,0.1,11.204298192605613,long_nclose,1.1204298192605613,0.0007209590419652902,1.0
1653366780000.0,324038,1653366780000.0,0.009470180739438661,-0.00022598,1554.091728840003,1554.091728840003,-0.1,11.299,0.0,11.204298192605613,long_nclose,0.0,0.0,7.0
1653374760000.0,324171,1653374760000.0,0.0,-0.01244208,1554.079286760003,1553.944886760003,5.6,11.109,5.6,11.109,long_ientry_normal,62.21039999999999,0.04003039003865648,133.0
1653378420000.0,324232,1653378420000.0,0.16919999999999896,-0.00403308,1554.244453680003,1554.6282536800031,-1.8,11.203,3.8,11.109,long_nclose,42.2142,0.02716059233799994,61.0
1653378600000.0,324235,1653378600000.0,0.11279999999999929,-0.00268872,1554.3545649600032,1554.6301649600032,-1.2,11.203,2.6,11.109,long_nclose,28.8834,0.018582246709420016,3.0
1653379440000.0,324249,1653379440000.0,0.07519999999999954,-0.0017924800000000002,1554.4279724800033,1554.6097724800034,-0.8,11.203,1.8,11.109,long_nclose,19.9962,0.012864024807850812,14.0
1653379740000.0,324254,1653379740000.0,0.056399999999999645,-0.00134436,1554.4830281200032,1554.610228120003,-0.6,11.203,1.2,11.109,long_nclose,13.3308,0.008575712798950473,5.0
1653380640000.0,324269,1653380640000.0,0.03759999999999977,-0.0008962400000000001,1554.5197318800033,1554.5925318800032,-0.4,11.203,0.8,11.109,long_nclose,8.8872,0.005717006878550206,15.0
1653380700000.0,324270,1653380700000.0,0.018799999999999886,-0.00044812000000000004,1554.5380837600032,1554.5986837600033,-0.2,11.203,0.6,11.109,long_nclose,6.6654,0.004287704540424135,1.0
1653382260000.0,324296,1653382260000.0,0.0,-0.011051000000000002,1554.5270327600033,1554.4026327600034,5.0,11.051,5.6,11.057214285714288,long_ientry_partial,61.92040000000001,0.03983230828097129,26.0
1653400080000.0,324593,1653400080000.0,0.0,-0.0125048,1554.5145279600033,1551.4801279600033,5.8,10.78,11.4,10.91617543859649,long_rentry,124.44439999999999,0.08005354582520946,297.0
1653400740000.0,324604,1653400740000.0,0.0,-0.012472600000000002,1554.5020553600034,1550.6421553600035,5.9,10.57,17.3,10.798115606936415,long_rentry,186.8074,0.12017185783439684,11.0
1653407100000.0,324710,1653407100000.0,0.5180410404624306,-0.01241346,1555.0076829404657,1556.3055419000032,-5.7,10.889,11.6,10.798115606936415,long_nclose,125.2581410404624,0.08055146120153156,106.0
1653415740000.0,324854,1653415740000.0,0.34536069364162036,-0.008275639999999999,1555.3447679941073,1555.9054662600033,-3.8,10.889,7.8,10.798115606936415,long_nclose,84.22530173410404,0.05415217478934107,144.0
1653415800000.0,324855,1653415800000.0,0.23629942196531922,-0.0056622800000000004,1555.5754051360725,1556.0532039800032,-2.6,10.889,5.2,10.798115606936415,long_nclose,56.15020115606936,0.036096097283794266,1.0
1653416700000.0,324870,1653416700000.0,0.15450346820809333,-0.0037022599999999998,1555.7262063442806,1556.030301720003,-1.7,10.889,3.5,10.798115606936415,long_nclose,37.79340462427745,0.024293095063999848,15.0
1653416820000.0,324872,1653416820000.0,0.09997283236994275,-0.00239558,1555.8237835966506,1556.0683061400032,-1.1,10.889,2.4,10.798115606936415,long_nclose,25.915477456647395,0.016657077575159385,2.0
1653417120000.0,324877,1653417120000.0,0.07270751445086746,-0.0017422400000000002,1555.8947488711015,1556.0497639000032,-0.8,10.889,1.6,10.798115606936415,long_nclose,17.276984971098265,0.011104211890703914,5.0
1653420960000.0,324941,1653420960000.0,0.045442196531792156,-0.0010889,1555.9391021676333,1556.0071750000034,-0.5,10.889,1.1,10.798115606936415,long_nclose,11.877927167630057,0.007633928057391513,64.0
1653421080000.0,324943,1653421080000.0,0.027265317919075292,-0.00065334,1555.9657141455523,1556.047221660003,-0.3,10.889,0.8,10.798115606936415,long_nclose,8.638492485549133,0.005551852722084497,2.0
1653421500000.0,324950,1653421500000.0,0.018176878612716864,-0.00043556000000000004,1555.983455464165,1556.0475861000032,-0.2,10.889,0.6,10.798115606936415,long_nclose,6.478869364161849,0.004163842064907521,7.0
1653421620000.0,324952,1653421620000.0,0.018176878612716864,-0.00043556000000000004,1556.0011967827777,1556.0359505400031,-0.2,10.889,0.4,10.798115606936415,long_nclose,4.319246242774566,0.0027758630595562106,2.0
1653421680000.0,324953,1653421680000.0,0.009088439306358432,-0.00021778000000000002,1556.0100674420842,1556.0361327600033,-0.1,10.889,0.3,10.798115606936415,long_nclose,3.2394346820809243,0.002081885425976846,1.0
1653421800000.0,324955,1653421800000.0,0.009088439306358432,-0.00021778000000000002,1556.0189381013906,1556.0363149800035,-0.1,10.889,0.2,10.798115606936415,long_nclose,2.159623121387283,0.0013879157049479056,2.0
1653423960000.0,324991,1653423960000.0,0.009088439306358432,-0.00021778000000000002,1556.027808760697,1556.0374972000034,-0.1,10.889,0.1,10.798115606936415,long_nclose,1.0798115606936416,0.000693953896334064,36.0
1653424080000.0,324993,1653424080000.0,0.009088439306358432,-0.00021778000000000002,1556.0366794200036,1556.0366794200036,-0.1,10.889,0.0,10.798115606936415,long_nclose,0.0,0.0,2.0
1653458880000.0,325573,1653458880000.0,0.0,-0.01239066,1556.0242887600036,1556.0869887600036,5.7,10.869,5.7,10.869,long_ientry_normal,61.9533,0.039815123997434906,580.0
1653542640000.0,326969,1653542640000.0,0.0,-0.012503280000000002,1556.0117854800037,1554.4440854800037,5.9,10.596,11.6,10.73014655172414,long_rentry,124.46970000000002,0.07999277458017658,1396.0
1653543420000.0,326982,1653543420000.0,0.0,-0.012468000000000002,1555.9993174800038,1552.3176174800037,6.0,10.39,17.6,10.6141875,long_rentry,186.80970000000002,0.12005770047672319,13.0
1653547680000.0,327053,1653547680000.0,0.0,-0.01755948,1555.9817580000038,1548.6146580000038,8.6,10.209,26.2,10.481187022900764,long_rentry,274.6071,0.17648478112813412,71.0
1653553260000.0,327146,1653553260000.0,0.0,-0.02555904,1555.9561989600038,1541.4088989600039,12.8,9.984,39.0,10.318007692307692,long_rentry,402.40229999999997,0.25862058345149075,93.0
1653554640000.0,327169,1653554640000.0,0.0,-0.03701962,1555.919179340004,1531.117279340004,19.1,9.691,58.1,10.11188296041308,long_rentry,587.5004,0.3775905637008783,23.0
1653570960000.0,327441,1653570960000.0,0.0,-0.053015700000000006,1555.8661636400038,1506.502263640004,28.5,9.301,86.6,9.84502193995381,long_rentry,852.5788999999999,0.5479770175124584,272.0
1653577260000.0,327546,1653577260000.0,2.389768129330298,-0.05718528000000001,1558.198746489334,1563.110478360004,-28.8,9.928,57.8,9.84502193995381,long_nclose,569.0422681293302,0.3651923539352079,105.0
1653577500000.0,327550,1653577500000.0,1.5931787528868653,-0.03812352,1559.753801722221,1563.8059548400038,-19.2,9.928,38.6,9.84502193995381,long_nclose,380.0178468822171,0.24363963496201504,4.0
1653581460000.0,327616,1653581460000.0,1.0621191685912437,-0.025415680000000003,1560.7905052108122,1562.982939160004,-12.8,9.928,25.8,9.84502193995381,long_nclose,254.0015660508083,0.1627390512710102,66.0
1653583080000.0,327643,1653583080000.0,0.7136113163972417,-0.017076160000000003,1561.4870403672094,1563.0346630000038,-8.6,9.928,17.2,9.84502193995381,long_nclose,169.33437736720552,0.10844430532537994,27.0
1653583740000.0,327654,1653583740000.0,0.4729749422632882,-0.011317920000000002,1561.9486973894727,1563.040945080004,-5.7,9.928,11.5,9.84502193995381,long_nclose,113.2177523094688,0.0724849366043153,11.0
1653583920000.0,327657,1653583920000.0,0.3153166281755254,-0.00754528,1562.2564687376482,1562.9877998000038,-3.8,9.928,7.7,9.84502193995381,long_nclose,75.80666893764433,0.0485238310447826,3.0
1653584340000.0,327664,1653584340000.0,0.20744515011547726,-0.0049640000000000005,1562.4589498877638,1562.900835800004,-2.5,9.928,5.2,9.84502193995381,long_nclose,51.194114087759814,0.03276509382306476,7.0
1653584460000.0,327666,1653584460000.0,0.14106270207852453,-0.0033755200000000003,1562.5966370698422,1562.824060280004,-1.7,9.928,3.5,9.84502193995381,long_nclose,34.457576789838335,0.022051485311303794,2.0
1653584520000.0,327667,1653584520000.0,0.09127586605081,-0.0021841600000000005,1562.685728775893,1562.937676120004,-1.1,9.928,2.4,9.84502193995381,long_nclose,23.628052655889142,0.01512015642095729,1.0
1653586320000.0,327697,1653586320000.0,0.06638244803695273,-0.0015884800000000002,1562.7505227439299,1562.8944876400037,-0.8,9.928,1.6,9.84502193995381,long_nclose,15.752035103926097,0.01007968634447688,30.0
1653586620000.0,327702,1653586620000.0,0.04148903002309545,-0.0009928,1562.791018973953,1562.8844948400038,-0.5,9.928,1.1,9.84502193995381,long_nclose,10.829524133949192,0.006929604791982547,5.0
1653587040000.0,327709,1653587040000.0,0.02489341801385727,-0.00059568,1562.8153167119667,1562.8832991600036,-0.3,9.928,0.8,9.84502193995381,long_nclose,7.876017551963049,0.005039634221485322,7.0
1653587220000.0,327712,1653587220000.0,0.016595612009238182,-0.00039712000000000005,1562.831515203976,1562.888502040004,-0.2,9.928,0.6,9.84502193995381,long_nclose,5.907013163972286,0.003779686489878162,3.0
1653587940000.0,327724,1653587940000.0,0.016595612009238182,-0.00039712000000000005,1562.8477136959855,1562.887704920004,-0.2,9.928,0.4,9.84502193995381,long_nclose,3.9380087759815243,0.002519764876302957,12.0
1653591720000.0,327787,1653591720000.0,0.0,-0.011779099999999999,1562.8359345959855,1562.6949258200038,6.1,9.655,6.5,9.666693657843311,long_ientry_partial,62.83350877598152,0.0402048016589949,63.0
1653599340000.0,327914,1653599340000.0,0.17074331852904567,-0.00409416,1563.0025837545145,1563.435131660004,-2.1,9.748,4.4,9.666693657843311,long_nclose,42.53345209451057,0.027212656291546403,127.0
1653599580000.0,327918,1653599580000.0,0.11382887901936377,-0.0027294399999999996,1563.113683193534,1563.363602220004,-1.4,9.748,3.0,9.666693657843311,long_nclose,29.000080973529933,0.018552765090176327,4.0
1653603240000.0,327979,1653603240000.0,0.08130634215668842,-0.0019496,1563.1930399356906,1563.409652620004,-1.0,9.748,2.0,9.666693657843311,long_nclose,19.333387315686622,0.012367882162833832,61.0
1653604080000.0,327993,1653604080000.0,0.04878380529401305,-0.00116976,1563.2406539809847,1563.385282860004,-0.6,9.748,1.4,9.666693657843311,long_nclose,13.533371120980634,0.008657253818544342,14.0
1653604200000.0,327995,1653604200000.0,0.032522536862675366,-0.0007798400000000001,1563.2723966778474,1563.385703020004,-0.4,9.748,1.0,9.666693657843311,long_nclose,9.666693657843311,0.006183627164649145,2.0
1653606360000.0,328031,1653606360000.0,0.024391902647006525,-0.00058488,1563.2962037004945,1563.3545181400043,-0.3,9.748,0.7,9.666693657843311,long_nclose,6.766685560490317,0.004328473097083474,36.0
1653610260000.0,328096,1653610260000.0,0.0,-0.011258380000000002,1563.2849453204944,1563.1243597600042,5.9,9.541,6.6,9.554331145528838,long_ientry_partial,63.05858556049033,0.04033723074558392,65.0
1653610560000.0,328101,1653610560000.0,0.17747147983655545,-0.004239400000000001,1563.4581774003311,1563.8131203600042,-2.2,9.635,4.4,9.554331145528838,long_nclose,42.03905704032689,0.026888507571227842,5.0
1653610620000.0,328102,1653610620000.0,0.11293639625962619,-0.0026977999999999998,1563.5684159965906,1563.795422560004,-1.4,9.635,3.0,9.554331145528838,long_nclose,28.662993436586515,0.018331780780003307,1.0
1653611100000.0,328110,1653611100000.0,0.08066885447116157,-0.0019270000000000001,1563.6471578510618,1563.838495560004,-1.0,9.635,2.0,9.554331145528838,long_nclose,19.108662291057676,0.012220571754384109,8.0
1653611280000.0,328113,1653611280000.0,0.048401312682696936,-0.0011562,1563.6944029637446,1563.8003393600043,-0.6,9.635,1.4,9.554331145528838,long_nclose,13.376063603740374,0.008554141767335153,3.0
1653611340000.0,328114,1653611340000.0,0.03226754178846463,-0.0007708000000000001,1563.725899705533,1563.8065685600043,-0.4,9.635,1.0,9.554331145528838,long_nclose,9.554331145528838,0.006109978192039938,1.0
1653611400000.0,328115,1653611400000.0,0.024200656341348468,-0.0005781,1563.7495222618743,1563.8164904600042,-0.3,9.635,0.7,9.554331145528838,long_nclose,6.688031801870187,0.004276920124775693,1.0
1653612060000.0,328126,1653612060000.0,0.0,-0.011241860000000001,1563.7382804018744,1563.7059486000041,5.9,9.527,6.6,9.529898757859119,long_ientry_partial,62.89733180187018,0.040222416110262275,11.0
1653614880000.0,328173,1653614880000.0,0.0,-0.012448599999999999,1563.7258318018744,1562.0095000000042,6.7,9.29,13.3,9.409047503900013,long_rentry,125.14033180187018,0.08002702856016104,47.0
1653616740000.0,328204,1653616740000.0,0.0,-0.012573180000000003,1563.7132586218745,1560.7390268200043,6.9,9.111,20.2,9.307239198112384,long_rentry,188.00623180187014,0.12023063100939813,31.0
1653622140000.0,328294,1653622140000.0,0.52769737264702,-0.01257724,1564.2283787545216,1565.4806495800044,-6.7,9.386,13.5,9.307239198112384,long_nclose,125.6477291745172,0.08032569340965487,90.0
1653624420000.0,328332,1653624420000.0,0.35442360849426713,-0.008447399999999999,1564.5743549630158,1565.1842021800044,-4.5,9.386,9.0,9.307239198112384,long_nclose,83.76515278301146,0.05353862059498703,38.0
1653624600000.0,328335,1653624600000.0,0.23628240566284475,-0.0056316,1564.8050057686787,1565.3015705800044,-3.0,9.386,6.0,9.307239198112384,long_nclose,55.843435188674306,0.035687152701331215,3.0
1653630000000.0,328425,1653630000000.0,0.0,-0.0125304,1564.7924753686787,1563.3000401800043,6.9,9.08,12.9,9.185692650284832,long_rentry,118.49543518867434,0.07572597456461809,90.0
1653633240000.0,328479,1653633240000.0,0.3324216037752231,-0.00796618,1565.1169307924538,1565.8419740000043,-4.3,9.263,8.6,9.185692650284832,long_nclose,78.99695679244955,0.05047351749779591,54.0
1653635820000.0,328522,1653635820000.0,1.1021216037752242,-0.00812012,1566.210932276229,1567.5194538800042,-4.3,9.442,4.3,9.185692650284832,long_nclose,39.498478396224776,0.025219130822194083,43.0
1653638280000.0,328563,1653638280000.0,0.5382454344018538,-0.00396564,1566.745212070631,1567.2826882400043,-2.1,9.442,2.2,9.185692650284832,long_nclose,20.208523830626632,0.012898411097691362,41.0
1653638940000.0,328574,1653638940000.0,0.2819380846866853,-0.00207724,1567.0250729153177,1567.3103110000043,-1.1,9.442,1.1,9.185692650284832,long_nclose,10.104261915313316,0.006448053761204465,11.0
1653640980000.0,328608,1653640980000.0,0.12815367485758422,-0.0009442000000000001,1567.1522823901753,1567.3018668000043,-0.5,9.442,0.6,9.185692650284832,long_nclose,5.511415590170899,0.0035168347403770153,34.0
1653641040000.0,328609,1653641040000.0,0.07689220491455052,-0.0005665199999999999,1567.22860807509,1567.3079002800046,-0.3,9.442,0.3,9.185692650284832,long_nclose,2.7557077950854496,0.0017583317334093844,1.0
1653641160000.0,328611,1653641160000.0,0.025630734971516845,-0.00018884000000000001,1567.2540499700617,1567.3069114400048,-0.1,9.442,0.2,9.185692650284832,long_nclose,1.8371385300569665,0.001172202126446609,2.0
1653644340000.0,328664,1653644340000.0,0.025630734971516845,-0.00018884000000000001,1567.2794918650334,1567.306422600005,-0.1,9.442,0.1,9.185692650284832,long_nclose,0.9185692650284832,0.0005860915489523844,53.0
1653644700000.0,328670,1653644700000.0,0.025630734971516845,-0.00018884000000000001,1567.304933760005,1567.304933760005,-0.1,9.442,0.0,9.185692650284832,long_nclose,0.0,0.0,6.0
1653671880000.0,329123,1653671880000.0,0.0,-0.012629500000000002,1567.292304260005,1567.057804260005,6.7,9.425,6.7,9.425,long_ientry_normal,63.14750000000001,0.04029082502884809,453.0
1653676860000.0,329206,1653676860000.0,0.0,-0.01249568,1567.279808580005,1565.583908580005,6.8,9.188,13.5,9.305622222222222,long_rentry,125.6259,0.08015537449807397,83.0
1653681000000.0,329275,1653681000000.0,0.35270000000000046,-0.008445600000000001,1567.624062980005,1568.113462980005,-4.5,9.384,9.0,9.305622222222222,long_nclose,83.7506,0.0534251814435616,69.0
1653681060000.0,329276,1653681060000.0,0.23513333333333364,-0.005630400000000001,1567.8535659133383,1568.359832580005,-3.0,9.384,6.0,9.305622222222222,long_nclose,55.833733333333335,0.03561157403166534,1.0
1653681180000.0,329278,1653681180000.0,0.15675555555555576,-0.0037536,1568.0065678688939,1568.384078980005,-2.0,9.384,4.0,9.305622222222222,long_nclose,37.22248888888889,0.023738732765308915,2.0
1653681540000.0,329284,1653681540000.0,0.10189111111111125,-0.0024398400000000004,1568.106019140005,1568.293339140005,-1.3,9.384,2.7,9.305622222222222,long_nclose,25.125180000000004,0.01602262837673398,6.0
1653681660000.0,329286,1653681660000.0,0.07054000000000009,-0.0016891200000000001,1568.1748700200048,1568.317750020005,-0.9,9.384,1.8,9.305622222222222,long_nclose,16.750120000000003,0.010681283267717665,2.0
1653681780000.0,329288,1653681780000.0,0.047026666666666724,-0.00112608,1568.2207706066715,1568.3400239400048,-0.6,9.384,1.2,9.305622222222222,long_nclose,11.166746666666667,0.007120647089980049,2.0
1653683040000.0,329309,1653683040000.0,0.15562666666666622,-0.0011478,1568.3752494733383,1568.530876140005,-0.6,9.565,0.6,9.305622222222222,long_nclose,5.583373333333333,0.00355997286695785,21.0
1653688980000.0,329408,1653688980000.0,0.015675555555555578,-0.0003753600000000001,1568.390549668894,1568.424300780005,-0.2,9.384,0.4,9.305622222222222,long_nclose,3.722248888888889,0.002373292092122527,99.0
1653689100000.0,329410,1653689100000.0,0.007837777777777789,-0.00018768000000000005,1568.3981997666717,1568.4250131000051,-0.1,9.384,0.3,9.305622222222222,long_nclose,2.7916866666666666,0.0017799603870254262,2.0
1653693000000.0,329475,1653693000000.0,0.0,-0.012061400000000002,1568.3861383666717,1568.357451700005,6.5,9.278,6.8,9.27921862745098,long_ientry_partial,63.098686666666666,0.040231601850535405,65.0
1653696900000.0,329540,1653696900000.0,0.17331901960784465,-0.00411752,1568.5553398662796,1568.9959341800052,-2.2,9.358,4.6,9.27921862745098,long_nclose,42.68440568627451,0.027212559609094432,65.0
1653697320000.0,329547,1653697320000.0,0.11817205882353043,-0.0028074000000000003,1568.6707045251032,1568.8436267800053,-1.5,9.358,3.1,9.27921862745098,long_nclose,28.76557774509804,0.018337550170420554,7.0
1653697560000.0,329551,1653697560000.0,0.07878137254902029,-0.0018716000000000002,1568.7476142976523,1568.9382551800052,-1.0,9.358,2.1,9.27921862745098,long_nclose,19.48635911764706,0.01242160239164497,4.0
1653697680000.0,329553,1653697680000.0,0.0551469607843142,-0.0013101200000000001,1568.8014511384365,1568.9145450600051,-0.7,9.358,1.4,9.27921862745098,long_nclose,12.990906078431372,0.00828078407819181,2.0
1653697860000.0,329556,1653697860000.0,0.031512549019608115,-0.0007486400000000001,1568.8322150474562,1568.9079964200052,-0.4,9.358,1.0,9.27921862745098,long_nclose,9.27921862745098,0.005914729783369657,3.0
1653697920000.0,329557,1653697920000.0,0.023634411764706088,-0.00056148,1568.855287979221,1568.9223349400054,-0.3,9.358,0.7,9.27921862745098,long_nclose,6.495453039215686,0.004140249957395508,1.0
1653699660000.0,329586,1653699660000.0,0.077634411764706,-0.0005722800000000001,1568.9323501109857,1569.0426626600054,-0.3,9.538,0.4,9.27921862745098,long_nclose,3.711687450980392,0.002365740913378342,29.0
1653702300000.0,329630,1653702300000.0,0.007878137254902029,-0.00018716000000000002,1568.9400410882406,1568.9642755000052,-0.1,9.358,0.3,9.27921862745098,long_nclose,2.783765588235294,0.0017742969873497728,44.0
1653702420000.0,329632,1653702420000.0,0.007878137254902029,-0.00018716000000000002,1568.9477320654955,1568.9658883400052,-0.1,9.358,0.2,9.27921862745098,long_nclose,1.855843725490196,0.0011828588598340407,2.0
1653703680000.0,329653,1653703680000.0,0.007878137254902029,-0.00018716000000000002,1568.9554230427505,1568.9635011800053,-0.1,9.358,0.1,9.27921862745098,long_nclose,0.927921862745098,0.0005914265307458734,21.0
1653704160000.0,329661,1653704160000.0,0.007878137254902029,-0.00018716000000000002,1568.9631140200054,1568.9631140200054,-0.1,9.358,0.0,9.27921862745098,long_nclose,0.0,0.0,8.0
1653705240000.0,329679,1653705240000.0,0.0,-0.012569120000000001,1568.9505449000053,1568.8689449000053,6.8,9.242,6.8,9.242,long_ientry_normal,62.845600000000005,0.04005581960775276,18.0
1653707760000.0,329721,1653707760000.0,0.1715999999999987,-0.004100800000000001,1569.1180441000051,1569.499844100005,-2.2,9.32,4.6,9.242,long_nclose,42.5132,0.027093691363662943,42.0
1653708180000.0,329728,1653708180000.0,0.1169999999999991,-0.0027960000000000003,1569.232248100005,1569.489548100005,-1.5,9.32,3.1,9.242,long_nclose,28.650200000000005,0.01825746318601921,7.0
1653708840000.0,329739,1653708840000.0,0.0779999999999994,-0.0018640000000000002,1569.308384100005,1569.461684100005,-1.0,9.32,2.1,9.242,long_nclose,19.408200000000004,0.012367358893026347,11.0
1653708960000.0,329741,1653708960000.0,0.05459999999999958,-0.0013048,1569.3616793000049,1569.4848793000049,-0.7,9.32,1.4,9.242,long_nclose,12.9388,0.008244625933373878,2.0
1653709380000.0,329748,1653709380000.0,0.031199999999999763,-0.0007456000000000001,1569.3921337000047,1569.4951337000048,-0.4,9.32,1.0,9.242,long_nclose,9.242,0.0058889042461370235,7.0
1653716160000.0,329861,1653716160000.0,0.12899999999999956,-0.00095,1569.5201837000045,1569.6541837000045,-0.5,9.5,0.5,9.242,long_nclose,4.621,0.0029442118986366924,113.0
1653716280000.0,329863,1653716280000.0,0.05159999999999983,-0.00038,1569.5714037000046,1569.6533037000045,-0.2,9.5,0.3,9.242,long_nclose,2.7726,0.001766469491903366,2.0
1653719940000.0,329924,1653719940000.0,0.025799999999999913,-0.00019,1569.5970137000045,1569.6516137000044,-0.1,9.5,0.2,9.242,long_nclose,1.8484000000000003,0.0011776271131166175,61.0
1653720540000.0,329934,1653720540000.0,0.025799999999999913,-0.00019,1569.6226237000044,1569.6494237000045,-0.1,9.5,0.1,9.242,long_nclose,0.9242000000000001,0.0005888039494623382,10.0
1653720780000.0,329938,1653720780000.0,0.025799999999999913,-0.00019,1569.6482337000043,1569.6482337000043,-0.1,9.5,0.0,9.242,long_nclose,0.0,0.0,4.0
1653787800000.0,331055,1653787800000.0,0.0,-0.012614,1569.6356197000043,1569.7036197000043,6.8,9.275,6.8,9.275,long_ientry_normal,63.07,0.040181300174657236,1117.0
1653812220000.0,331462,1653812220000.0,0.1715999999999987,-0.0041153200000000004,1569.8031043800042,1570.1021043800042,-2.2,9.353,4.6,9.275,long_nclose,42.665,0.027178567733085607,407.0
1653812280000.0,331463,1653812280000.0,0.1169999999999991,-0.0028059,1569.917298480004,1570.1652984800041,-1.5,9.353,3.1,9.275,long_nclose,28.7525,0.018314659012827115,1.0
1653812400000.0,331465,1653812400000.0,0.0779999999999994,-0.0018706,1569.993427880004,1570.140427880004,-1.0,9.353,2.1,9.275,long_nclose,19.477500000000003,0.012406102888150871,2.0
1653812460000.0,331466,1653812460000.0,0.05459999999999958,-0.00130942,1570.0467184600038,1570.1797184600039,-0.7,9.353,1.4,9.275,long_nclose,12.985,0.008270454533185145,1.0
1653813660000.0,331486,1653813660000.0,0.031199999999999763,-0.0007482400000000001,1570.0771702200038,1570.1571702200038,-0.4,9.353,1.0,9.275,long_nclose,9.275,0.00590735294794482,20.0
1653814860000.0,331506,1653814860000.0,0.02339999999999982,-0.00056118,1570.100009040004,1570.156009040004,-0.3,9.353,0.7,9.275,long_nclose,6.4925,0.004135086913329596,20.0
1653819060000.0,331576,1653819060000.0,0.015599999999999881,-0.00037412000000000003,1570.1152349200038,1570.1552349200037,-0.2,9.353,0.5,9.275,long_nclose,4.6375,0.0029536048672480254,70.0
1653819240000.0,331579,1653819240000.0,0.007799999999999941,-0.00018706000000000001,1570.122847860004,1570.156847860004,-0.1,9.353,0.4,9.275,long_nclose,3.7100000000000004,0.0023628724370558254,3.0
1653825960000.0,331691,1653825960000.0,0.05180000000000007,-0.0003813600000000001,1570.174266500004,1570.220266500004,-0.2,9.534,0.2,9.275,long_nclose,1.8550000000000002,0.001181397529928246,112.0
1653826260000.0,331696,1653826260000.0,0.025900000000000034,-0.00019068000000000004,1570.199975820004,1570.227475820004,-0.1,9.534,0.1,9.275,long_nclose,0.9275000000000001,0.0005906890932893007,5.0
1653826800000.0,331705,1653826800000.0,0.025900000000000034,-0.00019068000000000004,1570.225685140004,1570.225685140004,-0.1,9.534,0.0,9.275,long_nclose,0.0,0.0,9.0
1654004400000.0,334665,1654004400000.0,0.0,-0.012479379999999998,1570.213205760004,1570.036305760004,6.1,10.229,6.1,10.229,long_ientry_normal,62.39689999999999,0.03973785201341436,2960.0
1654008360000.0,334731,1654008360000.0,0.17400000000000304,-0.0041264000000000006,1570.383079360004,1570.838179360004,-2.0,10.316,4.1,10.229,long_nclose,41.93889999999999,0.026706158867358543,66.0
1654009140000.0,334744,1654009140000.0,0.11310000000000198,-0.0026821600000000007,1570.4934972000042,1570.7482972000041,-1.3,10.316,2.8,10.229,long_nclose,28.641199999999994,0.018237070099980494,13.0
1654009260000.0,334746,1654009260000.0,0.07830000000000137,-0.0018568800000000004,1570.569940320004,1570.761840320004,-0.9,10.316,1.9,10.229,long_nclose,19.4351,0.01237455238449304,2.0
1654009500000.0,334750,1654009500000.0,0.05220000000000091,-0.0012379200000000002,1570.620902400004,1570.693702400004,-0.6,10.316,1.3,10.229,long_nclose,13.297699999999999,0.00846652427691514,4.0
1654009680000.0,334753,1654009680000.0,0.0,-0.010007760000000001,1570.610894640004,1570.607394640004,4.9,10.212,6.2,10.215564516129033,long_ientry_partial,63.33650000000001,0.04032602869122286,3.0
1654010760000.0,334771,1654010760000.0,0.17287096774193245,-0.0041208,1570.779644807746,1571.1342738400042,-2.0,10.302,4.2,10.215564516129033,long_nclose,42.905370967741945,0.027314697583182206,18.0
1654010880000.0,334773,1654010880000.0,0.1210096774193527,-0.00288456,1570.8977699251654,1571.120189280004,-1.4,10.302,2.8,10.215564516129033,long_nclose,28.60358064516129,0.018208429086078535,2.0
1654010940000.0,334774,1654010940000.0,0.0777919354838696,-0.0018543600000000002,1570.9737075006494,1571.1151349200043,-0.9,10.302,1.9,10.215564516129033,long_nclose,19.40957258064516,0.012355122487393467,1.0
1654011540000.0,334784,1654011540000.0,0.05186129032257973,-0.00123624,1571.024332550972,1571.1470986800043,-0.6,10.302,1.3,10.215564516129033,long_nclose,13.280233870967743,0.008453232452105807,10.0
1654012380000.0,334798,1654012380000.0,0.17066129032257996,-0.00126,1571.1937338412947,1571.4033386800045,-0.6,10.5,0.7,10.215564516129033,long_nclose,7.150895161290323,0.004551249796425569,14.0
1654012560000.0,334801,1654012560000.0,0.08533064516128998,-0.00063,1571.278434486456,1571.4102086800044,-0.3,10.5,0.4,10.215564516129033,long_nclose,4.086225806451614,0.002600573976430296,3.0
1654012800000.0,334805,1654012800000.0,0.056887096774193326,-0.00042,1571.3349015832302,1571.3877886800044,-0.2,10.5,0.2,10.215564516129033,long_nclose,2.043112903225807,0.0013002402614281825,4.0
1654012920000.0,334807,1654012920000.0,0.028443548387096663,-0.00021,1571.3631351316174,1571.3925786800044,-0.1,10.5,0.1,10.215564516129033,long_nclose,1.0215564516129034,0.0006501084496470244,2.0
1654013340000.0,334814,1654013340000.0,0.028443548387096663,-0.00021,1571.3913686800045,1571.3913686800045,-0.1,10.5,0.0,10.215564516129033,long_nclose,0.0,0.0,7.0
1654022580000.0,334968,1654022580000.0,0.0,-0.012656680000000002,1571.3787120000045,1571.2113120000045,6.2,10.207,6.2,10.207,long_ientry_normal,63.28340000000001,0.04027253234164969,154.0
1654037580000.0,335218,1654037580000.0,0.17199999999999704,-0.0041172,1571.5465948000044,1571.8951948000044,-2.0,10.293,4.2,10.207,long_nclose,42.869400000000006,0.027278478501272553,250.0
1654037700000.0,335220,1654037700000.0,0.12039999999999793,-0.0028820399999999998,1571.6641127600044,1571.9665127600044,-1.4,10.293,2.8,10.207,long_nclose,28.5796,0.01818429253933353,2.0
1654039140000.0,335244,1654039140000.0,0.07739999999999868,-0.00185274,1571.7396600200043,1571.9068600200044,-0.9,10.293,1.9,10.207,long_nclose,19.3933,0.012338748263025424,24.0
1654039320000.0,335247,1654039320000.0,0.05159999999999911,-0.00123516,1571.7900248600042,1571.9239248600043,-0.6,10.293,1.3,10.207,long_nclose,13.269100000000002,0.008442030926606657,3.0
1654041300000.0,335280,1654041300000.0,0.03439999999999941,-0.0008234399999999999,1571.8236014200043,1571.8803014200043,-0.4,10.293,0.9,10.207,long_nclose,9.186300000000001,0.0058443581020802765,33.0
1654041480000.0,335283,1654041480000.0,0.025799999999999556,-0.00061758,1571.8487838400042,1571.8985838400042,-0.3,10.293,0.6,10.207,long_nclose,6.1242,0.003896176313499233,3.0
1654041540000.0,335284,1654041540000.0,0.017199999999999705,-0.00041171999999999997,1571.8655721200041,1571.9107721200041,-0.2,10.293,0.4,10.207,long_nclose,4.082800000000001,0.0025974231336420538,1.0
1654042500000.0,335300,1654042500000.0,0.008599999999999853,-0.00020585999999999998,1571.873966260004,1571.897366260004,-0.1,10.293,0.3,10.207,long_nclose,3.0621,0.0019480569471391688,16.0
1654042560000.0,335301,1654042560000.0,0.008599999999999853,-0.00020585999999999998,1571.8823604000038,1571.9089604000037,-0.1,10.293,0.2,10.207,long_nclose,2.0414000000000003,0.001298697696105271,1.0
1654043520000.0,335317,1654043520000.0,0.008599999999999853,-0.00020585999999999998,1571.8907545400036,1571.8990545400036,-0.1,10.293,0.1,10.207,long_nclose,1.0207000000000002,0.0006493453804292505,16.0
1654043580000.0,335318,1654043580000.0,0.008599999999999853,-0.00020585999999999998,1571.8991486800035,1571.8991486800035,-0.1,10.293,0.0,10.207,long_nclose,0.0,0.0,1.0
1654053480000.0,335483,1654053480000.0,0.0,-0.01252896,1571.8866197200034,1572.0788197200034,6.2,10.104,6.2,10.104,long_ientry_normal,62.6448,0.03985325608990728,165.0
1654053720000.0,335487,1654053720000.0,0.1700000000000017,-0.0040756,1572.0525441200034,1572.4347441200034,-2.0,10.189,4.2,10.104,long_nclose,42.4368,0.026994517555235457,4.0
1654054260000.0,335496,1654054260000.0,0.0,-0.00404,1572.0485041200034,1572.0007041200033,2.0,10.1,6.2,10.102709677419355,long_ientry_partial,62.6368,0.0398440632307733,9.0
1654064100000.0,335660,1654064100000.0,0.1705806451612908,-0.0040752,1572.2150095651646,1572.5606289200032,-2.0,10.188,4.2,10.102709677419355,long_nclose,42.43138064516129,0.02698828111105284,164.0
1654064400000.0,335665,1654064400000.0,0.11940645161290354,-0.00285264,1572.3315633767775,1572.5759762800033,-1.4,10.188,2.8,10.102709677419355,long_nclose,28.287587096774192,0.01799085368230037,5.0
1654064580000.0,335668,1654064580000.0,0.07676129032258086,-0.00183384,1572.4064908271,1572.5818424400031,-0.9,10.188,1.9,10.102709677419355,long_nclose,19.195148387096776,0.012207497551730376,3.0
1654065240000.0,335679,1654065240000.0,0.05117419354838724,-0.0012225600000000001,1572.4564424606483,1572.5699198800032,-0.6,10.188,1.3,10.102709677419355,long_nclose,13.133522580645161,0.008352232994189177,11.0
1654065420000.0,335682,1654065420000.0,0.034116129032258156,-0.0008150400000000002,1572.4897435496807,1572.5683048400033,-0.4,10.188,0.9,10.102709677419355,long_nclose,9.09243870967742,0.00578219269599335,3.0
1654065960000.0,335691,1654065960000.0,0.02558709677419362,-0.0006112800000000001,1572.514719366455,1572.5700935600034,-0.3,10.188,0.6,10.102709677419355,long_nclose,6.061625806451613,0.0038547339060163205,9.0
1654066140000.0,335694,1654066140000.0,0.017058064516129078,-0.0004075200000000001,1572.531369910971,1572.5742860400032,-0.2,10.188,0.4,10.102709677419355,long_nclose,4.041083870967742,0.0025697953937774405,3.0
1654066800000.0,335705,1654066800000.0,0.008529032258064539,-0.00020376000000000004,1572.5396951832292,1572.5733822800034,-0.1,10.188,0.3,10.102709677419355,long_nclose,3.0308129032258067,0.0019273363416576026,11.0
1654066980000.0,335708,1654066980000.0,0.008529032258064539,-0.00020376000000000004,1572.5480204554874,1572.5714785200034,-0.1,10.188,0.2,10.102709677419355,long_nclose,2.020541935483871,0.0012848840920601091,3.0
1654067280000.0,335713,1654067280000.0,0.008529032258064539,-0.00020376000000000004,1572.5563457277456,1572.5645747600036,-0.1,10.188,0.1,10.102709677419355,long_nclose,1.0102709677419355,0.0006424386448769208,5.0
1654067340000.0,335714,1654067340000.0,0.008529032258064539,-0.00020376000000000004,1572.5646710000037,1572.5646710000037,-0.1,10.188,0.0,10.102709677419355,long_nclose,0.0,0.0,1.0
1654093920000.0,336157,1654093920000.0,0.0,-0.012547560000000001,1572.5521234400037,1572.5273234400038,6.2,10.119,6.2,10.119,long_ientry_normal,62.7378,0.03989552973465785,443.0
1654099320000.0,336247,1654099320000.0,0.0,-0.012627200000000002,1572.5394962400037,1571.7836962400038,6.4,9.865,12.6,9.989984126984128,long_rentry,125.8738,0.08004492116157884,90.0
1654103280000.0,336313,1654103280000.0,0.0,-0.012576200000000001,1572.5269200400037,1568.8511200400037,6.5,9.674,19.1,9.882450261780104,long_rentry,188.7548,0.12003279409372415,66.0
1654110180000.0,336428,1654110180000.0,0.0,-0.017869400000000004,1572.5090506400036,1564.4447506400036,9.4,9.505,28.5,9.757957894736844,long_rentry,278.1018,0.17685227305166476,115.0
1654115220000.0,336512,1654115220000.0,0.0,-0.026026,1572.4830246400036,1559.7137246400034,14.0,9.295,42.5,9.60545411764706,long_rentry,408.2318000000001,0.25960967056764167,84.0
1654207680000.0,338053,1654207680000.0,1.1497969411764448,-0.027317339999999996,1573.60550424118,1575.1546073000034,-14.1,9.687,28.4,9.60545411764706,long_nclose,272.7948969411765,0.1733565980837891,1541.0
1654212240000.0,338129,1654212240000.0,0.76653129411763,-0.01821156,1574.3538239752975,1575.8651957400034,-9.4,9.687,19.0,9.60545411764706,long_nclose,182.50362823529414,0.11592287925116238,76.0
1654212540000.0,338134,1654212540000.0,0.5137390588235179,-0.01220562,1574.855357414121,1575.9925901200033,-6.3,9.687,12.7,9.60545411764706,long_nclose,121.98926729411765,0.07746061676065377,5.0
1654247760000.0,338721,1654247760000.0,0.0,-0.012654799999999999,1574.842702614121,1570.5394353200033,6.8,9.305,19.5,9.500680374057316,long_rentry,185.26326729411767,0.11763922008629465,587.0
1654252620000.0,338802,1654252620000.0,0.0,-0.01755072,1574.825151894121,1567.6367846000035,9.6,9.141,29.1,9.382022931069335,long_rentry,273.0168672941177,0.1733632885947666,81.0
1654267200000.0,339045,1654267200000.0,0.0,-0.025574120000000002,1574.799577774121,1561.4741104800032,14.3,8.942,43.4,9.237038416915153,long_rentry,400.88746729411764,0.2545641191120629,243.0
1654291200000.0,339445,1654291200000.0,1.1226467964217874,-0.0268272,1575.8953973705427,1577.5762832800033,-14.4,9.315,29.0,9.237038416915153,long_nclose,267.8741140905394,0.16998216667013577,400.0
1654291800000.0,339455,1654291800000.0,0.7484311976145249,-0.0178848,1576.6259437681572,1578.2353984800031,-9.6,9.315,19.4,9.237038416915153,long_nclose,179.19854528815395,0.11365951828743032,10.0
1654293060000.0,339476,1654293060000.0,0.49895413174301667,-0.0119232,1577.1129746999002,1577.996475280003,-6.4,9.315,13.0,9.237038416915153,long_nclose,120.08149941989699,0.07614007451986539,21.0
1654293120000.0,339477,1654293120000.0,0.3352348072648393,-0.0080109,1577.440198607165,1578.0749643800032,-4.3,9.315,8.7,9.237038416915153,long_nclose,80.36223422716182,0.05094471048608967,1.0
1654293180000.0,339478,1654293180000.0,0.2260885909460544,-0.0054027,1577.660884498111,1578.113061680003,-2.9,9.315,5.8,9.237038416915153,long_nclose,53.57482281810789,0.03395838950215922,1.0
1654293240000.0,339479,1654293240000.0,0.14812700786120805,-0.0035397000000000002,1577.8054718059723,1578.1095219800031,-1.9,9.315,3.9,9.237038416915153,long_nclose,36.0244498259691,0.022831997017183078,1.0
1654293300000.0,339480,1654293300000.0,0.10135005801030027,-0.0024219000000000003,1577.9043999639825,1578.120100080003,-1.3,9.315,2.6,9.237038416915153,long_nclose,24.0162998839794,0.015220377029513068,1.0
1654293840000.0,339489,1654293840000.0,0.062369266467877084,-0.0014904,1577.9652788304504,1578.141609680003,-0.8,9.315,1.8,9.237038416915153,long_nclose,16.626669150447277,0.010536777566341993,9.0
1654293960000.0,339491,1654293960000.0,0.04677694985090781,-0.0011178,1578.0109379803014,1578.1044918800033,-0.6,9.315,1.2,9.237038416915153,long_nclose,11.084446100298184,0.0070243151257780145,2.0
1654294140000.0,339494,1654294140000.0,0.031184633233938542,-0.0007452,1578.0413774135354,1578.0917466800033,-0.4,9.315,0.8,9.237038416915153,long_nclose,7.3896307335321225,0.004682786420748982,3.0
1654294200000.0,339495,1654294200000.0,0.015592316616969271,-0.0003726,1578.0565971301523,1578.1123740800033,-0.2,9.315,0.6,9.237038416915153,long_nclose,5.542223050149092,0.0035120559428781944,1.0
1654294320000.0,339497,1654294320000.0,0.015592316616969271,-0.0003726,1578.0718168467693,1578.101001480003,-0.2,9.315,0.4,9.237038416915153,long_nclose,3.6948153667660613,0.002341348047232015,2.0
1654294440000.0,339499,1654294440000.0,0.0077961583084846355,-0.0001863,1578.0794267050778,1578.1028151800033,-0.1,9.315,0.3,9.237038416915153,long_nclose,2.771111525074546,0.0017560025675389722,2.0
1654294500000.0,339500,1654294500000.0,0.0077961583084846355,-0.0001863,1578.0870365633864,1578.1036288800033,-0.1,9.315,0.2,9.237038416915153,long_nclose,1.8474076833830306,0.0011706627331570672,1.0
1654304640000.0,339669,1654304640000.0,0.0,-0.01228216,1578.0747544033864,1578.0965467200033,6.8,9.031,7.0,9.036886811911861,long_ientry_partial,63.25820768338303,0.04008568510894067,169.0
1654315500000.0,339850,1654315500000.0,0.17506033260271803,-0.00419198,1578.245622755989,1578.5657547400033,-2.3,9.113,4.7,9.036886811911861,long_nclose,42.47336801598575,0.026911760377207466,181.0
1654315560000.0,339851,1654315560000.0,0.11416978213220741,-0.0027339,1578.357058638121,1578.6390208400032,-1.5,9.113,3.2,9.036886811911861,long_nclose,28.918037798117957,0.018321607040595596,1.0
1654315860000.0,339856,1654315860000.0,0.07611318808813827,-0.0018226,1578.4313492262092,1578.625198240003,-1.0,9.113,2.2,9.036886811911861,long_nclose,19.881150986206098,0.012595511991036156,5.0
1654344120000.0,340327,1654344120000.0,0.05327923166169679,-0.00127582,1578.483352637871,1578.6080224200032,-0.7,9.113,1.5,9.036886811911861,long_nclose,13.555330217867791,0.008587566156598928,471.0
1654347120000.0,340377,1654347120000.0,0.0,-0.0098945,1578.473458137871,1578.445627920003,5.5,8.995,7.0,9.003975745409683,long_ientry_partial,63.02783021786778,0.03992961040486665,50.0
1654349340000.0,340414,1654349340000.0,0.1748557855577294,-0.0041768,1578.6441371234287,1579.1424511200032,-2.3,9.08,4.7,9.003975745409683,long_nclose,42.31868600342551,0.02680698265572234,37.0
1654350000000.0,340425,1654350000000.0,0.11403638188547571,-0.0027240000000000003,1578.7554495053141,1579.014727120003,-1.5,9.08,3.2,9.003975745409683,long_nclose,28.812722385310988,0.018250275807022008,11.0
1654350180000.0,340428,1654350180000.0,0.07602425459031714,-0.0018160000000000001,1578.8296577599044,1579.0079111200032,-1.0,9.08,2.2,9.003975745409683,long_nclose,19.808746639901305,0.012546474879377809,3.0
1654350420000.0,340432,1654350420000.0,0.053216978213221994,-0.0012712,1578.8816035381176,1579.018139920003,-0.7,9.08,1.5,9.003975745409683,long_nclose,13.505963618114524,0.008554133247134551,4.0
1654350720000.0,340437,1654350720000.0,0.03801212729515857,-0.0009080000000000001,1578.9187076654127,1578.9897319200031,-0.5,9.08,1.0,9.003975745409683,long_nclose,9.003975745409683,0.005702621485005362,5.0
1654350780000.0,340438,1654350780000.0,0.02280727637709514,-0.0005448,1578.9409701417899,1578.994187120003,-0.3,9.08,0.7,9.003975745409683,long_nclose,6.3027830217867775,0.003991778756124609,1.0
1654350960000.0,340441,1654350960000.0,0.01520485091806343,-0.00036320000000000005,1578.955811792708,1579.003823920003,-0.2,9.08,0.5,9.003975745409683,long_nclose,4.5019878727048415,0.002851243739109706,3.0
1654352280000.0,340463,1654352280000.0,0.007602425459031715,-0.00018160000000000002,1578.963232618167,1578.995642320003,-0.1,9.08,0.4,9.003975745409683,long_nclose,3.6015902981638734,0.0022809842710471958,22.0
1654353000000.0,340475,1654353000000.0,0.05020485091806357,-0.00037020000000000005,1579.0130672690852,1579.0652721200033,-0.2,9.255,0.2,9.003975745409683,long_nclose,1.8007951490819367,0.0011404561408705916,12.0
1654363560000.0,340651,1654363560000.0,0.007602425459031715,-0.00018160000000000002,1579.0204880945444,1579.0285905200035,-0.1,9.08,0.1,9.003975745409683,long_nclose,0.9003975745409684,0.0005702253905695091,176.0
1654363980000.0,340658,1654363980000.0,0.007602425459031715,-0.00018160000000000002,1579.0279089200035,1579.0279089200035,-0.1,9.08,0.0,9.003975745409683,long_nclose,0.0,0.0,7.0
1654533060000.0,343476,1654533060000.0,0.0,-0.01265072,1579.0152582000035,1579.0696582000035,6.8,9.302,6.8,9.302,long_ientry_normal,63.2536,0.04005889092680831,2818.0
1654545240000.0,343679,1654545240000.0,0.1738000000000014,-0.00412764,1579.1849305600035,1579.5437305600035,-2.2,9.381,4.6,9.302,long_nclose,42.789199999999994,0.027095749947934393,203.0
1654545300000.0,343680,1654545300000.0,0.11850000000000094,-0.0028143,1579.3006162600036,1579.5424162600036,-1.5,9.381,3.1,9.302,long_nclose,28.836199999999998,0.018258841732290334,1.0
1654546740000.0,343704,1654546740000.0,0.07900000000000063,-0.0018762000000000002,1579.3777400600036,1579.5520400600035,-1.0,9.381,2.1,9.302,long_nclose,19.5342,0.012368288791545116,24.0
1654549260000.0,343746,1654549260000.0,0.05530000000000043,-0.00131334,1579.4317267200036,1579.5409267200037,-0.7,9.381,1.4,9.302,long_nclose,13.022799999999998,0.008245244020166905,42.0
1654549320000.0,343747,1654549320000.0,0.03160000000000025,-0.0007504800000000001,1579.4625762400035,1579.5505762400035,-0.4,9.381,1.0,9.302,long_nclose,9.302,0.005889344983496802,1.0
1654549440000.0,343749,1654549440000.0,0.023700000000000186,-0.00056286,1579.4857133800035,1579.5473133800035,-0.3,9.381,0.7,9.302,long_nclose,6.511399999999999,0.004122481099285158,2.0
1654549740000.0,343754,1654549740000.0,0.015800000000000126,-0.00037524000000000005,1579.5011381400034,1579.5426381400034,-0.2,9.381,0.5,9.302,long_nclose,4.651,0.0029446006005902263,5.0
1654550220000.0,343762,1654550220000.0,0.007900000000000063,-0.00018762000000000002,1579.5088505200035,1579.5420505200036,-0.1,9.381,0.4,9.302,long_nclose,3.7208,0.00235566897822386,8.0
1654550340000.0,343764,1654550340000.0,0.007900000000000063,-0.00018762000000000002,1579.5165629000037,1579.5429629000037,-0.1,9.381,0.3,9.302,long_nclose,2.7906,0.0017667431070658977,2.0
1654555860000.0,343856,1654555860000.0,0.007900000000000063,-0.00018762000000000002,1579.5242752800038,1579.543875280004,-0.1,9.381,0.2,9.302,long_nclose,1.8604,0.0011778229870320956,92.0
1654560300000.0,343930,1654560300000.0,0.007900000000000063,-0.00018762000000000002,1579.531987660004,1579.540287660004,-0.1,9.381,0.1,9.302,long_nclose,0.9302,0.0005889086180382101,74.0
1654561320000.0,343947,1654561320000.0,0.0,-0.012401700000000002,1579.519585960004,1579.582885960004,6.7,9.255,6.8,9.25569117647059,long_ientry_partial,62.93870000000001,0.03984673603255574,17.0
1654562040000.0,343959,1654562040000.0,0.0,-0.012632200000000001,1579.5069537600039,1578.0902537600039,7.0,9.023,13.8,9.137659420289854,long_rentry,126.09969999999998,0.07983484953948486,12.0
1654566060000.0,344026,1654566060000.0,0.0,-0.012564160000000001,1579.4943896000038,1575.9568896000037,7.1,8.848,20.9,9.039258373205742,long_rentry,188.9205,0.11960821212403472,67.0
1654599720000.0,344587,1654599720000.0,0.0,-0.017737799999999998,1579.4766518000038,1571.6596518000038,10.2,8.695,31.1,8.926350482315112,long_rentry,277.60949999999997,0.1757604328520023,561.0
1654630620000.0,345102,1654630620000.0,0.7791900321543571,-0.018544120000000004,1580.2372977121581,1581.7692076800038,-10.3,9.002,20.8,8.926350482315112,long_nclose,185.66809003215434,0.11749380317814392,515.0
1654630680000.0,345103,1654630680000.0,0.5219816720257343,-0.012422760000000001,1580.746856624184,1581.979084920004,-6.9,9.002,13.9,8.926350482315112,long_nclose,124.07627170418006,0.0784921830995478,1.0
1654631880000.0,345123,1654631880000.0,0.3479877813504895,-0.00828184,1581.0865625655342,1582.0040030800037,-4.6,9.002,9.3,8.926350482315112,long_nclose,83.01505948553054,0.05250506926757191,20.0
1654633620000.0,345152,1654633620000.0,1.1437877813504898,-0.008441,1582.2219093468848,1583.2495620800037,-4.6,9.175,4.7,8.926350482315112,long_nclose,41.95384726688103,0.026515779499096233,29.0
1654637880000.0,345223,1654637880000.0,0.5718938906752449,-0.0042205,1582.78958273756,1583.3983415800037,-2.3,9.175,2.4,8.926350482315112,long_nclose,21.423241157556266,0.01353511634850608,71.0
1654639020000.0,345242,1654639020000.0,0.2983794212218669,-0.002202,1583.085760158782,1583.402139580004,-1.2,9.175,1.2,8.926350482315112,long_nclose,10.711620578778133,0.006766292040744379,19.0
1654639620000.0,345252,1654639620000.0,0.14918971061093345,-0.001101,1583.233848869393,1583.3770385800037,-0.6,9.175,0.6,8.926350482315112,long_nclose,5.3558102893890664,0.0033828295758164327,10.0
1654639680000.0,345253,1654639680000.0,0.07459485530546672,-0.0005505,1583.3078932246985,1583.383988080004,-0.3,9.175,0.3,8.926350482315112,long_nclose,2.6779051446945332,0.0016913356878683183,1.0
1654639920000.0,345257,1654639920000.0,0.12679485530546655,-0.00056094,1583.434127140004,1583.434127140004,-0.3,9.349,0.0,8.926350482315112,long_nclose,0.0,0.0,4.0
1654664040000.0,345659,1654664040000.0,0.0,-0.01264652,1583.4214806200039,1583.343380620004,7.1,8.906,7.1,8.906,long_ientry_normal,63.2326,0.039934155734227296,402.0
1654666320000.0,345697,1654666320000.0,0.17249999999999835,-0.0041312599999999994,1583.5898493600039,1583.9450493600038,-2.3,8.981,4.8,8.906,long_nclose,42.7488,0.026994868663294737,38.0
1654666740000.0,345704,1654666740000.0,0.11999999999999887,-0.0028739200000000003,1583.7069754400038,1583.9917754400037,-1.6,8.981,3.2,8.906,long_nclose,28.499200000000002,0.017995248137416344,7.0
1654669140000.0,345744,1654669140000.0,0.0,-0.006939660000000001,1583.7000357800039,1583.6215357800038,3.9,8.897,7.1,8.90105633802817,long_ientry_partial,63.1975,0.039904968473953445,40.0
1654670640000.0,345769,1654670640000.0,0.0,-0.01266842,1583.687367360004,1581.851767360004,7.3,8.677,14.4,8.787472222222222,long_rentry,126.53960000000001,0.07990188127277965,25.0
1654675440000.0,345849,1654675440000.0,0.35773333333333424,-0.00850752,1584.0365931733372,1584.7808598400038,-4.8,8.862,9.6,8.787472222222222,long_nclose,84.35973333333332,0.053256177096473206,80.0
1654676640000.0,345869,1654676640000.0,0.23848888888888953,-0.005671680000000001,1584.2694103822262,1584.797588160004,-3.2,8.862,6.4,8.787472222222222,long_nclose,56.23982222222222,0.03549890053652782,20.0
1654676880000.0,345873,1654676880000.0,0.15650833333333375,-0.0037220400000000007,1584.4221966755595,1584.755566120004,-2.1,8.862,4.3,8.787472222222222,long_nclose,37.78613055555555,0.02384852385610259,4.0
1654677000000.0,345875,1654677000000.0,0.10433888888888915,-0.0024813599999999997,1584.5240542044482,1584.7488847600039,-1.4,8.862,2.9,8.787472222222222,long_nclose,25.483669444444445,0.01608285426581245,2.0
1654677240000.0,345879,1654677240000.0,0.06707500000000018,-0.0015951600000000002,1584.589534044448,1584.7245896000036,-0.9,8.862,2.0,8.787472222222222,long_nclose,17.574944444444444,0.011091165293504622,4.0
1654677300000.0,345880,1654677300000.0,0.04471666666666678,-0.00106344,1584.6331872711148,1584.7417261600037,-0.6,8.862,1.4,8.787472222222222,long_nclose,12.30246111111111,0.0077636018290750865,1.0
1654677720000.0,345887,1654677720000.0,0.02981111111111119,-0.0007089600000000001,1584.6622894222257,1584.7498172000035,-0.4,8.862,1.0,8.787472222222222,long_nclose,8.787472222222222,0.005545328036692392,7.0
1654678140000.0,345894,1654678140000.0,0.02235833333333339,-0.00053172,1584.684116035559,1584.7348854800036,-0.3,8.862,0.7,8.787472222222222,long_nclose,6.151230555555555,0.0038816761607633394,7.0
1654678200000.0,345895,1654678200000.0,0.014905555555555595,-0.00035448000000000006,1584.6986671111147,1584.7324310000035,-0.2,8.862,0.5,8.787472222222222,long_nclose,4.393736111111111,0.0027726003702147587,1.0
1654678440000.0,345899,1654678440000.0,0.007452777777777798,-0.00017724000000000003,1584.7059426488925,1584.7369537600036,-0.1,8.862,0.4,8.787472222222222,long_nclose,3.514988888888889,0.002218070112751303,4.0
1654678620000.0,345902,1654678620000.0,0.007452777777777798,-0.00017724000000000003,1584.7132181866702,1584.7364765200036,-0.1,8.862,0.3,8.787472222222222,long_nclose,2.6362416666666664,0.0016635449470682284,3.0
1654678740000.0,345904,1654678740000.0,0.007452777777777798,-0.00017724000000000003,1584.720493724448,1584.7369992800036,-0.1,8.862,0.2,8.787472222222222,long_nclose,1.7574944444444445,0.0011090248730954056,2.0
1654678980000.0,345908,1654678980000.0,0.007452777777777798,-0.00017724000000000003,1584.7277692622258,1584.7340220400035,-0.1,8.862,0.1,8.787472222222222,long_nclose,0.8787472222222222,0.0005545098907627051,4.0
1654680000000.0,345925,1654680000000.0,0.007452777777777798,-0.00017724000000000003,1584.7350448000036,1584.7350448000036,-0.1,8.862,0.0,8.787472222222222,long_nclose,0.0,0.0,17.0
1654691100000.0,346110,1654691100000.0,0.0,-0.0127385,1584.7223063000035,1584.6858063000036,7.3,8.725,7.3,8.725,long_ientry_normal,63.692499999999995,0.04019158419540943,185.0
1654691280000.0,346113,1654691280000.0,0.17759999999999962,-0.00422352,1584.8956827800034,1585.2386827800035,-2.4,8.799,4.9,8.725,long_nclose,42.752500000000005,0.026974961484537277,3.0
1654691460000.0,346116,1654691460000.0,0.11839999999999976,-0.00281568,1585.0112671000036,1585.2422671000036,-1.6,8.799,3.3,8.725,long_nclose,28.792499999999997,0.01816548601113722,3.0
1654691580000.0,346118,1654691580000.0,0.08139999999999983,-0.0019357800000000002,1585.0907313200037,1585.2447313200037,-1.1,8.799,2.2,8.725,long_nclose,19.195,0.012109716889212474,2.0
1654691640000.0,346119,1654691640000.0,0.05179999999999989,-0.00123186,1585.1412994600037,1585.2687994600037,-0.7,8.799,1.5,8.725,long_nclose,13.087499999999999,0.008256361754285504,1.0
1654692060000.0,346126,1654692060000.0,0.03699999999999992,-0.0008799,1585.1774195600037,1585.2274195600037,-0.5,8.799,1.0,8.725,long_nclose,8.725,0.005504115749025614,7.0
1654692120000.0,346127,1654692120000.0,0.022199999999999952,-0.00052794,1585.1990916200039,1585.255091620004,-0.3,8.799,0.7,8.725,long_nclose,6.107499999999999,0.0038528283496291954,1.0
1654693320000.0,346147,1654693320000.0,0.01479999999999997,-0.00035196,1585.2135396600038,1585.2635396600037,-0.2,8.799,0.5,8.725,long_nclose,4.3625,0.002751995167121565,20.0
1654696080000.0,346193,1654696080000.0,0.04860000000000007,-0.00035872000000000003,1585.261780940004,1585.335280940004,-0.2,8.968,0.3,8.725,long_nclose,2.6174999999999997,0.0016511468525078016,46.0
1654696920000.0,346207,1654696920000.0,0.024300000000000033,-0.00017936000000000002,1585.285901580004,1585.335901580004,-0.1,8.968,0.2,8.725,long_nclose,1.745,0.001100747819848025,14.0
1654701120000.0,346277,1654701120000.0,0.024300000000000033,-0.00017936000000000002,1585.3100222200042,1585.3345222200041,-0.1,8.968,0.1,8.725,long_nclose,0.8725,0.0005503655359335875,70.0
1654701300000.0,346280,1654701300000.0,0.024300000000000033,-0.00017936000000000002,1585.3341428600042,1585.3341428600042,-0.1,8.968,0.0,8.725,long_nclose,0.0,0.0,3.0
1654713240000.0,346479,1654713240000.0,0.0,-0.012763320000000002,1585.3213795400043,1585.1242795400042,7.3,8.742,7.3,8.742,long_ientry_normal,63.81660000000001,0.04025467695295763,199.0
1654713960000.0,346491,1654713960000.0,0.17759999999999962,-0.004231680000000001,1585.4947478600043,1585.8769478600043,-2.4,8.816,4.9,8.742,long_nclose,42.835800000000006,0.027017308040797317,12.0
1654714080000.0,346493,1654714080000.0,0.11839999999999976,-0.0028211200000000007,1585.6103267400044,1585.8182267400045,-1.6,8.816,3.3,8.742,long_nclose,28.8486,0.018194003604474734,2.0
1654714320000.0,346497,1654714320000.0,0.08139999999999983,-0.0019395200000000003,1585.6897872200045,1585.8723872200046,-1.1,8.816,2.2,8.742,long_nclose,19.232400000000002,0.012128727923333485,4.0
1654714500000.0,346500,1654714500000.0,0.05179999999999989,-0.00123424,1585.7403529800044,1585.8348529800044,-0.7,8.816,1.5,8.742,long_nclose,13.113000000000001,0.008269323521569833,3.0
1654714860000.0,346506,1654714860000.0,0.0,-0.01012448,1585.7302285000044,1585.7238285000044,5.8,8.728,7.3,8.730876712328767,long_ientry_partial,63.7354,0.04019309139379241,6.0
1654719420000.0,346582,1654719420000.0,0.17789589041095866,-0.0042264,1585.9038979904153,1586.2916021000044,-2.4,8.805,4.9,8.730876712328767,long_nclose,42.78129589041096,0.02697596994661622,76.0
1654720320000.0,346597,1654720320000.0,0.11859726027397244,-0.0028176000000000004,1586.0196776506891,1586.2807845000043,-1.6,8.805,3.3,8.730876712328767,long_nclose,28.81189315068493,0.018166163734716644,15.0
1654720740000.0,346604,1654720740000.0,0.08153561643835605,-0.0019371000000000004,1586.0992761671273,1586.317347400004,-1.1,8.805,2.2,8.730876712328767,long_nclose,19.20792876712329,0.01211016804291092,7.0
1654721220000.0,346612,1654721220000.0,0.05188630136986294,-0.0012327,1586.1499297684973,1586.268614700004,-0.7,8.805,1.5,8.730876712328767,long_nclose,13.096315068493151,0.008256669071885653,8.0
1654721340000.0,346614,1654721340000.0,0.03706164383561639,-0.0008805,1586.1861109123329,1586.2652342000042,-0.5,8.805,1.0,8.730876712328767,long_nclose,8.730876712328767,0.005504320490681257,2.0
1654721820000.0,346622,1654721820000.0,0.022236986301369832,-0.0005283,1586.2078195986342,1586.263205900004,-0.3,8.805,0.7,8.730876712328767,long_nclose,6.111613698630136,0.003852971611359593,8.0
1654722180000.0,346628,1654722180000.0,0.014824657534246555,-0.00035220000000000005,1586.2222920561685,1586.2643537000042,-0.2,8.805,0.5,8.730876712328767,long_nclose,4.3654383561643835,0.0027520974695832874,6.0
1654722480000.0,346633,1654722480000.0,0.007412328767123277,-0.00017610000000000002,1586.2295282849354,1586.2651776000039,-0.1,8.805,0.4,8.730876712328767,long_nclose,3.492350684931507,0.002201667931820378,5.0
1654722960000.0,346641,1654722960000.0,0.007412328767123277,-0.00017610000000000002,1586.2367645137024,1586.2635015000037,-0.1,8.805,0.3,8.730876712328767,long_nclose,2.61926301369863,0.001651243416049322,8.0
1654729380000.0,346748,1654729380000.0,0.007412328767123277,-0.00017610000000000002,1586.2440007424693,1586.2598254000036,-0.1,8.805,0.2,8.730876712328767,long_nclose,1.7461753424657536,0.0011008239222013924,107.0
1654729800000.0,346755,1654729800000.0,0.007412328767123277,-0.00017610000000000002,1586.2512369712363,1586.2601493000034,-0.1,8.805,0.1,8.730876712328767,long_nclose,0.8730876712328768,0.0005504094502078605,7.0
1654730100000.0,346760,1654730100000.0,0.007412328767123277,-0.00017610000000000002,1586.2584732000032,1586.2584732000032,-0.1,8.805,0.0,8.730876712328767,long_nclose,0.0,0.0,5.0
1654733280000.0,346813,1654733280000.0,0.0,-0.01266842,1586.2458047800033,1586.2312047800033,7.3,8.677,7.3,8.677,long_ientry_normal,63.342099999999995,0.03993208354539032,53.0
1654735500000.0,346850,1654735500000.0,0.17520000000000094,-0.004200000000000001,1586.416804780003,1586.872504780003,-2.4,8.75,4.9,8.677,long_nclose,42.5173,0.026800838135281918,37.0
1654735680000.0,346853,1654735680000.0,0.11680000000000064,-0.0028,1586.530804780003,1586.7717047800031,-1.6,8.75,3.3,8.677,long_nclose,28.634099999999997,0.018048247102249334,3.0
1654735800000.0,346855,1654735800000.0,0.08030000000000044,-0.001925,1586.6091797800032,1586.8027797800032,-1.1,8.75,2.2,8.677,long_nclose,19.0894,0.012031570372388056,2.0
1654736160000.0,346861,1654736160000.0,0.05110000000000028,-0.001225,1586.659054780003,1586.7685547800031,-0.7,8.75,1.5,8.677,long_nclose,13.0155,0.008203085572032143,6.0
1654736640000.0,346869,1654736640000.0,0.0365000000000002,-0.000875,1586.694679780003,1586.782679780003,-0.5,8.75,1.0,8.677,long_nclose,8.677,0.005468600929072929,8.0
1654738500000.0,346900,1654738500000.0,0.12100000000000044,-0.0008919,1586.8147878800032,1586.9387878800032,-0.5,8.919,0.5,8.677,long_nclose,4.3385,0.0027340935017351768,31.0
1654739040000.0,346909,1654739040000.0,0.04840000000000018,-0.0003567600000000001,1586.8628311200032,1586.9312311200033,-0.2,8.919,0.3,8.677,long_nclose,2.6031,0.0016404064352321742,9.0
1654743720000.0,346987,1654743720000.0,0.02420000000000009,-0.00017838000000000004,1586.8868527400032,1586.9354527400033,-0.1,8.919,0.2,8.677,long_nclose,1.7354,0.0010935877356369587,78.0
1654744140000.0,346994,1654744140000.0,0.02420000000000009,-0.00017838000000000004,1586.9108743600032,1586.9351743600032,-0.1,8.919,0.1,8.677,long_nclose,0.8677,0.0005467855908101588,7.0
1654744260000.0,346996,1654744260000.0,0.02420000000000009,-0.00017838000000000004,1586.9348959800031,1586.9348959800031,-0.1,8.919,0.0,8.677,long_nclose,0.0,0.0,2.0
1654776840000.0,347539,1654776840000.0,0.0,-0.01263312,1586.9222628600032,1586.7926628600032,7.2,8.773,7.2,8.773,long_ientry_normal,63.1656,0.03980384009873356,543.0
1654781640000.0,347619,1654781640000.0,0.17759999999999962,-0.00424656,1587.0956163000033,1587.5372163000034,-2.4,8.847,4.8,8.773,long_nclose,42.1104,0.026532994967355523,80.0
1654782180000.0,347628,1654782180000.0,0.0,-0.0042038399999999995,1587.0914124600033,1586.8898124600032,2.4,8.758,7.2,8.767999999999999,long_ientry_partial,63.129599999999996,0.03977691486727198,9.0
1654782720000.0,347637,1654782720000.0,0.1776000000000039,-0.00424416,1587.2647683000032,1587.6583683000033,-2.4,8.842,4.8,8.767999999999999,long_nclose,42.08639999999999,0.026515047042262197,9.0
1654783800000.0,347655,1654783800000.0,0.1184000000000026,-0.0028294400000000003,1587.3803388600033,1587.6427388600034,-1.6,8.842,3.2,8.767999999999999,long_nclose,28.057599999999997,0.017675411061314962,18.0
1654783920000.0,347657,1654783920000.0,0.07400000000000162,-0.0017684000000000003,1587.4525704600035,1587.6109704600035,-1.0,8.842,2.2,8.767999999999999,long_nclose,19.2896,0.012151292176502864,2.0
1654783980000.0,347658,1654783980000.0,0.05180000000000113,-0.00123788,1587.5031325800035,1587.6336325800035,-0.7,8.842,1.5,8.767999999999999,long_nclose,13.151999999999997,0.008284708061410514,1.0
1654787400000.0,347715,1654787400000.0,0.03700000000000081,-0.0008842000000000001,1587.5392483800035,1587.6162483800035,-0.5,8.842,1.0,8.767999999999999,long_nclose,8.767999999999999,0.005523013058699028,57.0
1654789260000.0,347746,1654789260000.0,0.022200000000000487,-0.00053052,1587.5609178600037,1587.6183178600036,-0.3,8.842,0.7,8.767999999999999,long_nclose,6.137599999999999,0.0038660563704688232,31.0
1654789620000.0,347752,1654789620000.0,0.014800000000000325,-0.00035368000000000004,1587.5753641800036,1587.6138641800037,-0.2,8.842,0.5,8.767999999999999,long_nclose,4.3839999999999995,0.002761443707753914,6.0
1654790100000.0,347760,1654790100000.0,0.0074000000000001625,-0.00017684000000000002,1587.5825873400036,1587.6113873400036,-0.1,8.842,0.4,8.767999999999999,long_nclose,3.5071999999999997,0.002209144915022227,8.0
1654790160000.0,347761,1654790160000.0,0.0074000000000001625,-0.00017684000000000002,1587.5898105000035,1587.6129105000036,-0.1,8.842,0.3,8.767999999999999,long_nclose,2.6303999999999994,0.001656851147949588,1.0
1654790340000.0,347764,1654790340000.0,0.0074000000000001625,-0.00017684000000000002,1587.5970336600035,1587.6124336600035,-0.1,8.842,0.2,8.767999999999999,long_nclose,1.7535999999999998,0.0011045624064674004,3.0
1654790640000.0,347769,1654790640000.0,0.0074000000000001625,-0.00017684000000000002,1587.6042568200035,1587.6119568200036,-0.1,8.842,0.1,8.767999999999999,long_nclose,0.8767999999999999,0.000552278690507069,5.0
1654792140000.0,347794,1654792140000.0,0.0074000000000001625,-0.00017684000000000002,1587.6114799800034,1587.6114799800034,-0.1,8.842,0.0,8.767999999999999,long_nclose,0.0,0.0,25.0
1654804740000.0,348004,1654804740000.0,0.0,-0.012744339999999998,1587.5987356400035,1587.6425356400034,7.3,8.729,7.3,8.729,long_ientry_normal,63.72169999999999,0.04013715718557313,210.0
1654805940000.0,348024,1654805940000.0,0.1776000000000039,-0.0042254400000000004,1587.7721102000035,1588.1445102000034,-2.4,8.803,4.9,8.729,long_nclose,42.7721,0.026938437654388716,20.0
1654806180000.0,348028,1654806180000.0,0.1184000000000026,-0.0028169600000000003,1587.8876932400035,1588.1219932400036,-1.6,8.803,3.3,8.729,long_nclose,28.805699999999995,0.018140892534549116,4.0
1654806420000.0,348032,1654806420000.0,0.08140000000000179,-0.0019366600000000002,1587.9671565800036,1588.1343565800037,-1.1,8.803,2.2,8.729,long_nclose,19.2038,0.012093323165045253,4.0
1654806720000.0,348037,1654806720000.0,0.05180000000000113,-0.0012324200000000001,1588.0177241600036,1588.1392241600036,-0.7,8.803,1.5,8.729,long_nclose,13.093499999999999,0.008245185051020716,5.0
1654807260000.0,348046,1654807260000.0,0.03700000000000081,-0.0008803000000000001,1588.0538438600036,1588.1298438600036,-0.5,8.803,1.0,8.729,long_nclose,8.729,0.005496665011548257,9.0
1654812240000.0,348129,1654812240000.0,0.022200000000000487,-0.0005281800000000001,1588.0755156800037,1588.1322156800038,-0.3,8.803,0.7,8.729,long_nclose,6.110299999999999,0.0038476130005591124,83.0
1654818000000.0,348225,1654818000000.0,0.014800000000000325,-0.00035212000000000004,1588.0899635600038,1588.1279635600038,-0.2,8.803,0.5,8.729,long_nclose,4.3645,0.0027482699973848763,96.0
1654819440000.0,348249,1654819440000.0,0.0074000000000001625,-0.00017606000000000002,1588.0971875000037,1588.1335875000036,-0.1,8.803,0.4,8.729,long_nclose,3.4916,0.002198605996838586,24.0
1654819680000.0,348253,1654819680000.0,0.0074000000000001625,-0.00017606000000000002,1588.1044114400036,1588.1287114400036,-0.1,8.803,0.3,8.729,long_nclose,2.6186999999999996,0.0016489469968951915,4.0
1654820160000.0,348261,1654820160000.0,0.0,-0.012132400000000002,1588.0922790400036,1587.9930790400035,7.0,8.666,7.3,8.668589041095892,long_ientry_partial,63.28070000000001,0.03984699178705974,8.0
1654821900000.0,348290,1654821900000.0,0.17618630136986155,-0.004196160000000001,1588.2642691813735,1588.6631828800037,-2.4,8.742,4.9,8.668589041095892,long_nclose,42.476086301369875,0.026743714585522337,29.0
1654823820000.0,348322,1654823820000.0,0.11745753424657437,-0.0027974400000000004,1588.37892927562,1588.6145854400036,-1.6,8.742,3.3,8.668589041095892,long_nclose,28.606343835616443,0.018009772925319755,32.0
1654823880000.0,348323,1654823880000.0,0.08075205479451988,-0.0019232400000000003,1588.4577580904147,1588.6808622000037,-1.1,8.742,2.2,8.668589041095892,long_nclose,19.070895890410963,0.012005919448142763,1.0
1654826460000.0,348366,1654826460000.0,0.051387671232876284,-0.00122388,1588.5079218816477,1588.6450383200038,-0.7,8.742,1.5,8.668589041095892,long_nclose,13.002883561643838,0.008185595666555714,43.0
1654830180000.0,348428,1654830180000.0,0.16898767123287575,-0.0012474,1588.6756621528805,1588.8607909200039,-0.7,8.91,0.8,8.668589041095892,long_nclose,6.934871232876714,0.004365190075033302,62.0
1654830240000.0,348429,1654830240000.0,0.0965643835616433,-0.0007128000000000001,1588.771513736442,1588.8680781200037,-0.4,8.91,0.4,8.668589041095892,long_nclose,3.467435616438357,0.002182463360186833,1.0
1654830360000.0,348431,1654830360000.0,0.04828219178082165,-0.00035640000000000004,1588.8194395282228,1588.8647217200037,-0.2,8.91,0.2,8.668589041095892,long_nclose,1.7337178082191784,0.0010911987637399383,2.0
1654830540000.0,348434,1654830540000.0,0.024141095890410826,-0.00017820000000000002,1588.8434024241133,1588.8680435200038,-0.1,8.91,0.1,8.668589041095892,long_nclose,0.8668589041095892,0.0005455911531539322,3.0
1654830720000.0,348437,1654830720000.0,0.024141095890410826,-0.00017820000000000002,1588.8673653200037,1588.8673653200037,-0.1,8.91,0.0,8.668589041095892,long_nclose,0.0,0.0,3.0
1654852680000.0,348803,1654852680000.0,0.0,-0.012671340000000001,1588.8546939800037,1588.7524939800037,7.3,8.679,7.3,8.679,long_ientry_normal,63.356700000000004,0.039875704329698364,366.0
1654853280000.0,348813,1654853280000.0,0.17520000000000094,-0.00420096,1589.0256930200037,1589.3490930200037,-2.4,8.752,4.9,8.679,long_nclose,42.527100000000004,0.0267630033842786,10.0
1654853460000.0,348816,1654853460000.0,0.11680000000000064,-0.0028006400000000005,1589.1396923800037,1589.3904923800037,-1.6,8.752,3.3,8.679,long_nclose,28.6407,0.018022770520007426,3.0
1654856520000.0,348867,1654856520000.0,0.08030000000000044,-0.0019254400000000005,1589.2180669400038,1589.3632669400038,-1.1,8.752,2.2,8.679,long_nclose,19.0938,0.012014587800882855,51.0
1654856940000.0,348874,1654856940000.0,0.05110000000000028,-0.00122528,1589.2679416600038,1589.3819416600038,-0.7,8.752,1.5,8.679,long_nclose,13.0185,0.00819150733412647,7.0
1654864260000.0,348996,1654864260000.0,0.0,-0.01003516,1589.2579065000039,1589.3911065000038,5.8,8.651,7.3,8.656753424657534,long_ientry_partial,63.1943,0.03976340135955136,122.0
1654864380000.0,348998,1654864380000.0,0.0,-0.012658500000000001,1589.2452480000038,1587.0784480000038,7.5,8.439,14.8,8.546405405405405,long_rentry,126.4868,0.07958922649551928,2.0
1654864380000.0,348998,1654864380000.0,0.0,-0.012745040000000001,1589.2325029600038,1588.0205029600038,7.7,8.276,22.5,8.453866666666666,long_rentry,190.212,0.11968796236279032,0.0
1654864620000.0,349002,1654864620000.0,0.5335000000000045,-0.0127875,1589.7532154600037,1590.5952154600038,-7.5,8.525,15.0,8.453866666666666,long_nclose,126.80799999999999,0.07976583960756915,4.0
1654864860000.0,349006,1654864860000.0,0.3556666666666697,-0.008525,1590.1003571266704,1590.9616904600036,-5.0,8.525,10.0,8.453866666666666,long_nclose,84.53866666666667,0.05316561705540964,4.0
1654867500000.0,349050,1654867500000.0,0.0,-0.012663420000000003,1590.0876937066703,1588.2569270400036,7.7,8.223,17.7,8.353433145009417,long_rentry,147.85576666666668,0.09298591974006071,44.0
1654878480000.0,349233,1654878480000.0,0.0,-0.01404354,1590.0736501666702,1585.5761835000035,8.7,8.071,26.4,8.260358585858587,long_rentry,218.07346666666666,0.13714677093341454,183.0
1654921380000.0,349948,1654921380000.0,0.6128444444444384,-0.014660800000000002,1590.6718338111145,1591.9855227000035,-8.8,8.33,17.6,8.260358585858587,long_nclose,145.38231111111114,0.09139679726571097,715.0
1654922640000.0,349969,1654922640000.0,0.403920202020198,-0.009662800000000001,1591.0660912131348,1591.7698599000034,-5.8,8.33,11.8,8.260358585858587,long_nclose,97.47223131313133,0.06126221396548776,21.0
1654923300000.0,349980,1654923300000.0,0.27160151515151243,-0.0064974,1591.3311953282864,1591.9208625000035,-3.9,8.33,7.9,8.260358585858587,long_nclose,65.25683282828284,0.0410077003579513,11.0
1654923480000.0,349983,1654923480000.0,0.18106767676767496,-0.0043316000000000006,1591.5079314050543,1591.8505309000038,-2.6,8.33,5.3,8.260358585858587,long_nclose,43.779900505050506,0.02750844004050904,3.0
1654924140000.0,349994,1654924140000.0,0.11839040404040287,-0.0028322,1591.6234896090946,1591.8921987000037,-1.7,8.33,3.6,8.260358585858587,long_nclose,29.737290909090913,0.018683621536896546,11.0
1654933260000.0,350146,1654933260000.0,0.08356969696969614,-0.0019992,1591.7050601060644,1591.8841995000037,-1.2,8.33,2.4,8.260358585858587,long_nclose,19.824860606060607,0.012455109368528089,152.0
1654933980000.0,350158,1654933980000.0,0.05571313131313076,-0.0013328,1591.7594404373774,1591.8788667000038,-0.8,8.33,1.6,8.260358585858587,long_nclose,13.21657373737374,0.008303122570921986,12.0
1654934460000.0,350166,1654934460000.0,0.034820707070706725,-0.0008330000000000001,1591.793428144448,1591.8755337000034,-0.5,8.33,1.1,8.260358585858587,long_nclose,9.086394444444446,0.005708274882775742,8.0
1654936680000.0,350203,1654936680000.0,0.0,-0.010902239999999999,1591.782525904448,1591.8329314600035,6.7,8.136,7.8,8.15353774928775,long_ientry_partial,63.59759444444445,0.03995369556422816,37.0
1654938060000.0,350226,1654938060000.0,0.0,-0.012716800000000002,1591.769809104448,1591.1462146600036,8.0,7.948,15.8,8.04946800281294,long_rentry,127.18159444444446,0.07989948905740246,23.0
1654938960000.0,350241,1654938960000.0,0.3563663853727128,-0.008442720000000003,1592.1177327698208,1592.6533719400036,-5.2,8.118,10.6,8.04946800281294,long_nclose,85.32436082981717,0.053591740782497066,15.0
1654939080000.0,350243,1654939080000.0,0.23986199015471055,-0.0056826,1592.3519121599754,1592.9236893400036,-3.5,8.118,7.1,8.04946800281294,long_nclose,57.15122281997187,0.035891075574147446,2.0
1654939440000.0,350249,1654939440000.0,0.15762359353023836,-0.00373428,1592.5058014735057,1592.7723550600035,-2.3,8.118,4.8,8.04946800281294,long_nclose,38.63744641350211,0.02426204436916453,6.0
1654939560000.0,350251,1654939560000.0,0.10965119549929625,-0.00259776,1592.612854909005,1592.8065573000035,-1.6,8.118,3.2,8.04946800281294,long_nclose,25.75829760900141,0.016173609003346346,2.0
1654939860000.0,350256,1654939860000.0,0.06853199718706016,-0.0016236000000000002,1592.6797633061922,1592.8349337000036,-1.0,8.118,2.2,8.04946800281294,long_nclose,17.70882960618847,0.011118889066203294,5.0
1654941840000.0,350289,1654941840000.0,0.04797239803094211,-0.00113652,1592.726599184223,1592.8398971800036,-0.7,8.118,1.5,8.04946800281294,long_nclose,12.07420200421941,0.007580837797525127,33.0
1654943040000.0,350309,1654943040000.0,0.0,-0.010336,1592.716263184223,1592.8335611800035,6.4,8.075,7.9,8.070152152432836,long_ientry_partial,63.75420200421941,0.04002859986923184,20.0
1654945320000.0,350347,1654945320000.0,0.0,-0.01274454,1592.7035186442229,1591.5466166400035,8.1,7.867,16.0,7.967306375263712,long_rentry,127.4769020042194,0.08003806139182336,38.0
1654947540000.0,350384,1654947540000.0,0.0,-0.012806900000000003,1592.6907117442229,1589.1398097400036,8.3,7.715,24.3,7.881127654494626,long_rentry,191.5114020042194,0.1202439372516257,37.0
1654959240000.0,350579,1654959240000.0,0.0,-0.0180404,1592.6726713442229,1583.7262693400035,11.9,7.58,36.2,7.782138176912138,long_rentry,281.7134020042194,0.17688091663332933,195.0
1654961820000.0,350622,1654961820000.0,0.0,-0.026242020000000005,1592.646429324223,1578.8524273200035,17.7,7.413,53.9,7.660918404530973,long_rentry,412.9235020042194,0.25926878332903264,43.0
1654972680000.0,350803,1654972680000.0,1.1649605588955858,-0.027659080000000003,1593.7837308031185,1598.2506682400035,-17.9,7.726,36.0,7.660918404530973,long_nclose,275.79306256311503,0.17304296513564046,181.0
1654972980000.0,350808,1654972980000.0,0.7809791456283257,-0.0185424,1594.546167548747,1596.2041258400036,-12.0,7.726,24.0,7.660918404530973,long_nclose,183.86204170874333,0.11530681610265918,5.0
1654986420000.0,351032,1654986420000.0,0.5206527637522171,-0.0123616,1595.0544587124991,1595.9997642400035,-8.0,7.726,16.0,7.660918404530973,long_nclose,122.57469447249557,0.07684671441966676,224.0
1654986480000.0,351033,1654986480000.0,0.3449324559858438,-0.00818956,1595.391201608485,1596.0768746800036,-5.3,7.726,10.7,7.660918404530973,long_nclose,81.9718269284814,0.05138039300068648,1.0
1654986540000.0,351034,1654986540000.0,0.227785584141595,-0.0054082,1595.6135789926268,1596.0749664800037,-3.5,7.726,7.2,7.660918404530973,long_nclose,55.15861251262301,0.03456890392437422,1.0
1654986780000.0,351038,1654986780000.0,0.15619582912566513,-0.00370848,1595.7660663417525,1596.0976580000038,-2.4,7.726,4.8,7.660918404530973,long_nclose,36.772408341748665,0.02304373373852243,4.0
1654987080000.0,351043,1654987080000.0,0.10413055275044343,-0.0024723200000000005,1595.867724574503,1596.1207856800038,-1.6,7.726,3.2,7.660918404530973,long_nclose,24.514938894499114,0.015361510554413519,5.0
1654987800000.0,351055,1654987800000.0,0.06508159546902714,-0.0015452,1595.931260969972,1596.094240480004,-1.0,7.726,2.2,7.660918404530973,long_nclose,16.854020489968143,0.010560618055519909,12.0
1654987920000.0,351057,1654987920000.0,0.045557116828319,-0.00108164,1595.9757364468005,1596.079358840004,-0.7,7.726,1.5,7.660918404530973,long_nclose,11.491377606796458,0.007200220745448348,2.0
1654988220000.0,351062,1654988220000.0,0.03254079773451357,-0.0007726,1596.0075046445352,1596.0715862400043,-0.5,7.726,1.0,7.660918404530973,long_nclose,7.660918404530973,0.004800051617700396,5.0
1654988280000.0,351063,1654988280000.0,0.01952447864070814,-0.00046356,1596.0265655631758,1596.0784226800042,-0.3,7.726,0.7,7.660918404530973,long_nclose,5.362642883171681,0.0033599960043769147,1.0
1654990680000.0,351103,1654990680000.0,0.0,-0.011707799999999999,1596.0148577631758,1595.735714880004,7.8,7.505,8.5,7.517840339196668,long_ientry_partial,63.901642883171675,0.04003825062927685,40.0
1654992480000.0,351133,1654992480000.0,0.17964705024932995,-0.004245919999999999,1596.1902588934252,1596.573068960004,-2.8,7.582,5.7,7.517840339196668,long_nclose,42.85168993342101,0.02684622944831675,30.0
1654992600000.0,351135,1654992600000.0,0.12190335552633104,-0.00288116,1596.3092810889514,1596.564487800004,-1.9,7.582,3.8,7.517840339196668,long_nclose,28.567793288947335,0.01789615184687725,2.0
1654993620000.0,351152,1654993620000.0,0.07699159296399856,-0.00181968,1596.3844530019155,1596.5720681200041,-1.2,7.582,2.6,7.517840339196668,long_nclose,19.546384881911337,0.012244158883629445,17.0
1654993800000.0,351155,1654993800000.0,0.05132772864266571,-0.00121312,1596.4345676105581,1596.4924550000042,-0.8,7.582,1.8,7.517840339196668,long_nclose,13.532112610554002,0.008476459283143693,3.0
1654993980000.0,351158,1654993980000.0,0.03849579648199928,-0.00090984,1596.47215356704,1596.546745160004,-0.6,7.582,1.2,7.517840339196668,long_nclose,9.021408407036,0.005650839813822765,3.0
1654994100000.0,351160,1654994100000.0,0.025663864321332854,-0.00060656,1596.4972108713614,1596.546938600004,-0.4,7.582,0.8,7.517840339196668,long_nclose,6.014272271357335,0.0037671674152658058,2.0
1654994160000.0,351161,1654994160000.0,0.012831932160666427,-0.00030328,1596.509739523522,1596.550035320004,-0.2,7.582,0.6,7.517840339196668,long_nclose,4.510704203518,0.002825353389240343,1.0
1654994280000.0,351163,1654994280000.0,0.012831932160666427,-0.00030328,1596.5222681756827,1596.549132040004,-0.2,7.582,0.4,7.517840339196668,long_nclose,3.0071361356786674,0.0018835541449195494,2.0
1654994700000.0,351170,1654994700000.0,0.0064159660803332135,-0.00015164,1596.528532501763,1596.551680400004,-0.1,7.582,0.3,7.517840339196668,long_nclose,2.255352101759,0.001412660065789654,7.0
1654995000000.0,351175,1654995000000.0,0.0064159660803332135,-0.00015164,1596.5347968278434,1596.5472287600041,-0.1,7.582,0.2,7.517840339196668,long_nclose,1.5035680678393337,0.0009417696819554292,5.0
1654995060000.0,351176,1654995060000.0,0.0064159660803332135,-0.00015164,1596.5410611539237,1596.547777120004,-0.1,7.582,0.1,7.517840339196668,long_nclose,0.7517840339196669,0.0004708829933733767,1.0
1654996200000.0,351195,1654996200000.0,0.0,-0.012564720000000001,1596.5284964339237,1596.320612400004,8.4,7.479,8.5,7.47945694516702,long_ientry_partial,63.57538403391967,0.039821014266844874,19.0
1654998960000.0,351241,1654998960000.0,0.0,-0.012832160000000002,1596.5156642739237,1595.155980240004,8.8,7.291,17.3,7.383594452827726,long_rentry,127.73618403391967,0.08000935217382447,46.0
1655000820000.0,351272,1655000820000.0,0.0,-0.012727000000000002,1596.5029372739236,1591.282753240004,8.9,7.15,26.2,7.304243665416781,long_rentry,191.37118403391966,0.1198689833672913,31.0
1655001720000.0,351287,1655001720000.0,0.0,-0.017984000000000003,1596.4849532739236,1589.168769240004,12.8,7.025,39.0,7.212594462408196,long_rentry,281.29118403391965,0.17619407151760105,15.0
1655020740000.0,351604,1655020740000.0,0.7982719886934477,-0.0189124,1597.2643128626169,1598.4968568400038,-13.0,7.274,26.0,7.212594462408196,long_nclose,187.5274560226131,0.1174054002912808,317.0
1655022420000.0,351632,1655022420000.0,0.5280876232895115,-0.01251128,1597.7798892059066,1599.561745560004,-8.6,7.274,17.4,7.212594462408196,long_nclose,125.4991436459026,0.07854595272711527,28.0
1655023860000.0,351656,1655023860000.0,0.3561521180324613,-0.00843784,1598.127603483939,1598.851507720004,-5.8,7.274,11.6,7.212594462408196,long_nclose,83.66609576393508,0.05235257533975503,24.0
1655025000000.0,351675,1655025000000.0,0.23334104284885393,-0.00552824,1598.3554162867879,1598.959179480004,-3.8,7.274,7.8,7.212594462408196,long_nclose,56.25823680678393,0.03519757635475093,19.0
1655025420000.0,351682,1655025420000.0,0.15965439773868956,-0.0037824800000000004,1598.5112882045266,1599.017797000004,-2.6,7.274,5.2,7.212594462408196,long_nclose,37.50549120452262,0.02346276281017032,7.0
1655026140000.0,351694,1655026140000.0,0.10438941390606624,-0.0024731600000000003,1598.6132044584328,1598.831623840004,-1.7,7.274,3.5,7.212594462408196,long_nclose,25.244080618428686,0.01579123739752963,12.0
1655029620000.0,351752,1655029620000.0,0.06754609135098405,-0.0016002800000000001,1598.6791502697838,1598.8529235600042,-1.1,7.274,2.4,7.212594462408196,long_nclose,17.31022670977967,0.01082783040415489,58.0
1655031000000.0,351775,1655031000000.0,0.04912443007344294,-0.0011638400000000002,1598.7271108598572,1598.8189597200042,-0.8,7.274,1.6,7.212594462408196,long_nclose,11.540151139853116,0.00721833705168506,23.0
1655034720000.0,351837,1655034720000.0,0.030702768795901836,-0.0007274,1598.7570862286532,1598.836732320004,-0.5,7.274,1.1,7.212594462408196,long_nclose,7.9338539086490165,0.004962513678275151,62.0
1655035260000.0,351846,1655035260000.0,0.0184216612775411,-0.00043644,1598.7750714499307,1598.8209958800041,-0.3,7.274,0.8,7.212594462408196,long_nclose,5.770075569926558,0.0036090602567962677,9.0
1655035320000.0,351847,1655035320000.0,0.012281107518360736,-0.00029096000000000005,1598.787061597449,1598.8455049200043,-0.2,7.274,0.6,7.212594462408196,long_nclose,4.3275566774449175,0.0027067748929122445,1.0
1655037780000.0,351888,1655037780000.0,0.012281107518360736,-0.00029096000000000005,1598.7990517449675,1598.8240139600043,-0.2,7.274,0.4,7.212594462408196,long_nclose,2.885037784963279,0.001804503062354509,41.0
1655037900000.0,351890,1655037900000.0,0.006140553759180368,-0.00014548000000000002,1598.8050468187269,1598.8252684800043,-0.1,7.274,0.3,7.212594462408196,long_nclose,2.1637783387224587,0.0013533722219778487,2.0
1655038200000.0,351895,1655038200000.0,0.006140553759180368,-0.00014548000000000002,1598.8110418924862,1598.8225230000046,-0.1,7.274,0.2,7.212594462408196,long_nclose,1.4425188924816394,0.0009022447648185828,5.0
1655038320000.0,351897,1655038320000.0,0.006140553759180368,-0.00014548000000000002,1598.8170369662455,1598.8227775200046,-0.1,7.274,0.1,7.212594462408196,long_nclose,0.7212594462408197,0.0004511206908386523,2.0
1655039520000.0,351917,1655039520000.0,0.006140553759180368,-0.00014548000000000002,1598.8230320400048,1598.8230320400048,-0.1,7.274,0.0,7.212594462408196,long_nclose,0.0,0.0,20.0
1655041980000.0,351958,1655041980000.0,0.0,-0.0128142,1598.8102178400047,1598.7742178400047,9.0,7.119,9.0,7.119,long_ientry_normal,64.071,0.04007417471134255,41.0
1655042940000.0,351974,1655042940000.0,0.1800000000000015,-0.0043074,1598.9859104400048,1599.4119104400047,-3.0,7.179,6.0,7.119,long_nclose,42.714,0.026713180973712315,16.0
1655043180000.0,351978,1655043180000.0,0.120000000000001,-0.0028716,1599.1030388400047,1599.3070388400047,-2.0,7.179,4.0,7.119,long_nclose,28.476,0.01780748288781728,4.0
1655043300000.0,351980,1655043300000.0,0.07800000000000065,-0.0018665400000000003,1599.1791723000047,1599.2223723000047,-1.3,7.179,2.7,7.119,long_nclose,19.2213,0.012019478700660629,2.0
1655043360000.0,351981,1655043360000.0,0.0,-0.00895734,1599.1702149600046,1598.9722149600045,6.3,7.109,9.0,7.112,long_ientry_partial,64.008,0.04002575798449375,1.0
1655043840000.0,351989,1655043840000.0,0.17999999999999883,-0.0043032,1599.3459117600046,1600.2639117600045,-3.0,7.172,6.0,7.112,long_nclose,42.672,0.02668090729230769,8.0
1655043900000.0,351990,1655043900000.0,0.5939999999999985,-0.004386,1599.9355257600046,1600.5745257600045,-3.0,7.31,3.0,7.112,long_nclose,21.336,0.013335537374148205,1.0
1655044200000.0,351995,1655044200000.0,1.0109999999999992,-0.0044694,1600.9420563600045,1600.9420563600045,-3.0,7.449,0.0,7.112,long_nclose,0.0,0.0,5.0
1655071320000.0,352447,1655071320000.0,0.0,-0.012853280000000002,1600.9292030800045,1600.9028030800046,8.8,7.303,8.8,7.303,long_ientry_normal,64.2664,0.040143186767009315,452.0
1655071920000.0,352457,1655071920000.0,0.1798000000000008,-0.0042717,1601.1047313800048,1601.4115313800048,-2.9,7.365,5.9,7.303,long_nclose,43.087700000000005,0.026911231448839938,10.0
1655072160000.0,352461,1655072160000.0,0.11780000000000052,-0.0027987,1601.2197326800047,1601.4277326800047,-1.9,7.365,4.0,7.303,long_nclose,29.212,0.018243592308912586,4.0
1655072880000.0,352473,1655072880000.0,0.0,-0.0070060800000000005,1601.2127266000045,1601.2103266000045,4.8,7.298,8.8,7.300272727272727,long_ientry_partial,64.2424,0.04012109005429374,12.0
1655077260000.0,352546,1655077260000.0,0.0,-0.0128088,1601.1999178000046,1600.0945178000047,9.0,7.116,17.8,7.207101123595505,long_rentry,128.2864,0.08011891492991158,73.0
1655081220000.0,352612,1655081220000.0,0.0,-0.012841360000000001,1601.1870764400046,1597.2888764400045,9.2,6.979,27.0,7.129377777777778,long_rentry,192.4932,0.1202190567438124,66.0
1655081880000.0,352623,1655081880000.0,0.0,-0.01810248,1601.1689739600047,1593.9353739600047,13.2,6.857,40.2,7.039940298507462,long_rentry,283.0056,0.17674936537152083,11.0
1655085180000.0,352678,1655085180000.0,0.0,-0.026421640000000003,1601.1425523200046,1587.6582523200045,19.7,6.706,59.9,6.930113522537564,long_rentry,415.1138000000001,0.25926098797294056,55.0
1655090700000.0,352770,1655090700000.0,0.0,-0.03826704,1601.1042852800047,1580.4632852800046,29.4,6.508,89.3,6.791142217245241,long_rentry,606.4490000000001,0.37876920671281755,92.0
1655105820000.0,353022,1655105820000.0,0.0,-0.0547062,1601.0495790800046,1550.9480790800046,43.8,6.245,133.1,6.611419984973704,long_rentry,879.98,0.5496269519059206,252.0
1655111280000.0,353113,1655111280000.0,0.0,-0.0769887,1600.9725903800047,1505.6170903800048,65.3,5.895,198.4,6.375622479838709,long_rentry,1264.9234999999999,0.7900969120900185,91.0
1655136480000.0,353533,1655136480000.0,3.5943540826613085,-0.0850046,1604.481939862666,1612.9990857800049,-66.1,6.43,132.3,6.375622479838709,long_nclose,843.4948540826613,0.5257116537907927,420.0
1655136600000.0,353535,1655136600000.0,2.3980486391129157,-0.0567126,1606.8232759017787,1616.4703731800046,-44.1,6.43,88.2,6.375622479838709,long_nclose,562.3299027217741,0.34996375217815057,2.0
1655136660000.0,353536,1655136660000.0,7.8664486391129405,-0.05780628000000001,1614.6319182608916,1621.6604669000044,-44.1,6.554,44.1,6.375622479838709,long_nclose,281.1649513608871,0.17413563313162286,1.0
1655137860000.0,353556,1655137860000.0,3.9243054435484055,-0.028837600000000005,1618.5273861044398,1622.4916293000042,-22.0,6.554,22.1,6.375622479838709,long_nclose,140.9012568044355,0.0870552194631469,20.0
1655138040000.0,353559,1655138040000.0,1.9621527217742027,-0.014418800000000002,1620.475120026214,1622.3552105000042,-11.0,6.554,11.1,6.375622479838709,long_nclose,70.76940952620967,0.04367201239415811,3.0
1655138100000.0,353560,1655138100000.0,0.9810763608871014,-0.007209400000000001,1621.448986987101,1622.6495011000043,-5.5,6.554,5.6,6.375622479838709,long_nclose,35.70348588709677,0.022019493782187545,1.0
1655138220000.0,353562,1655138220000.0,0.4994570564516152,-0.00367024,1621.9447738035526,1622.3770308600042,-2.8,6.554,2.8,6.375622479838709,long_nclose,17.851742943548384,0.011006381494534511,2.0
1655138700000.0,353570,1655138700000.0,0.2497285282258076,-0.00183512,1622.1926672117786,1622.3947957400044,-1.4,6.554,1.4,6.375622479838709,long_nclose,8.925871471774192,0.005502349783836689,8.0
1655138760000.0,353571,1655138760000.0,0.1248642641129038,-0.00091756,1622.3166139158914,1622.4456781800043,-0.7,6.554,0.7,6.375622479838709,long_nclose,4.462935735887096,0.0027509646992485747,1.0
1655138880000.0,353573,1655138880000.0,0.053513256048387345,-0.00039324,1622.3697339319397,1622.4294849400042,-0.3,6.554,0.4,6.375622479838709,long_nclose,2.550248991935484,0.0015719283580042857,2.0
1655139900000.0,353590,1655139900000.0,0.0054377520161290605,-0.0001286,1622.375043083956,1622.3883563400043,-0.1,6.43,0.3,6.375622479838709,long_nclose,1.9126867439516126,0.0011789424104526448,17.0
1655139960000.0,353591,1655139960000.0,0.0054377520161290605,-0.0001286,1622.3803522359722,1622.3932277400045,-0.1,6.43,0.2,6.375622479838709,long_nclose,1.275124495967742,0.0007859590349515509,1.0
1655140260000.0,353596,1655140260000.0,0.0054377520161290605,-0.0001286,1622.3856613879884,1622.3920991400046,-0.1,6.43,0.1,6.375622479838709,long_nclose,0.637562247983871,0.0003929782314757526,5.0
1655143080000.0,353643,1655143080000.0,0.0054377520161290605,-0.0001286,1622.3909705400047,1622.3909705400047,-0.1,6.43,0.0,6.375622479838709,long_nclose,0.0,0.0,47.0
1655158260000.0,353896,1655158260000.0,0.0,-0.01303156,1622.3779389800047,1622.3676389800048,10.3,6.326,10.3,6.326,long_ientry_normal,65.1578,0.040161911990103216,253.0
1655159940000.0,353924,1655159940000.0,0.0,-0.0129507,1622.3649882800048,1621.3096882800048,10.5,6.167,20.8,6.245735576923076,long_rentry,129.91129999999998,0.08007526107779794,28.0
1655162460000.0,353966,1655162460000.0,0.36752451923077656,-0.008692620000000002,1622.7238201792356,1623.0610956600049,-6.9,6.299,13.9,6.245735576923076,long_nclose,86.81572451923076,0.05350000008605386,42.0
1655162640000.0,353969,1655162640000.0,0.245016346153851,-0.00579508,1622.9630414453893,1623.4212005800048,-4.6,6.299,9.3,6.245735576923076,long_nclose,58.085340865384616,0.03578968798553452,3.0
1655163900000.0,353990,1655163900000.0,0.16511971153846483,-0.0039053800000000004,1623.1242557769276,1623.8636952000045,-3.1,6.299,6.2,6.245735576923076,long_nclose,38.72356057692308,0.02385742215304865,21.0
1655163960000.0,353991,1655163960000.0,0.5402197115384635,-0.0039804,1623.660495088466,1624.3402148000043,-3.1,6.42,3.1,6.245735576923076,long_nclose,19.36178028846154,0.011924771432839845,1.0
1655164140000.0,353994,1655164140000.0,0.26139663461538554,-0.001926,1623.9199657230815,1624.2067888000047,-1.5,6.42,1.6,6.245735576923076,long_nclose,9.993176923076923,0.006153737335588007,3.0
1655164260000.0,353996,1655164260000.0,0.13941153846153895,-0.0010272,1624.058350061543,1624.2017616000046,-0.8,6.42,0.8,6.245735576923076,long_nclose,4.996588461538462,0.003076606490985449,2.0
1655164380000.0,353998,1655164380000.0,0.06970576923076947,-0.0005136,1624.1275422307738,1624.2012480000046,-0.4,6.42,0.4,6.245735576923076,long_nclose,2.498294230769231,0.0015382377096676597,2.0
1655165340000.0,354014,1655165340000.0,0.11810576923076965,-0.0005232800000000001,1624.2451247200047,1624.2451247200047,-0.4,6.541,0.0,6.245735576923076,long_nclose,0.0,0.0,16.0
1655168580000.0,354068,1655168580000.0,0.0,-0.012959460000000003,1624.2321652600046,1624.3248652600046,10.3,6.291,10.3,6.291,long_ientry_normal,64.7973,0.03989411205240315,54.0
1655170200000.0,354095,1655170200000.0,0.0,-0.01300196,1624.2191633000045,1622.8425633000045,10.6,6.133,20.9,6.210866028708135,long_rentry,129.80710000000002,0.07991969491128566,27.0
1655171520000.0,354117,1655171520000.0,0.0,-0.01299024,1624.2061730600046,1619.8063730600047,10.8,6.014,31.7,6.143794952681389,long_rentry,194.75830000000002,0.11990983856013511,22.0
1655175000000.0,354175,1655175000000.0,0.5481529968454164,-0.0130116,1624.74131445685,1625.9328614600045,-10.5,6.196,21.2,6.143794952681389,long_nclose,130.24845299684543,0.0801656558111144,58.0
1655175780000.0,354188,1655175780000.0,1.8147735015772846,-0.013387800000000002,1626.5427001584274,1628.5164736600045,-10.6,6.315,10.6,6.143794952681389,long_nclose,65.12422649842271,0.04003843642843163,13.0
1655175900000.0,354190,1655175900000.0,0.9073867507886423,-0.006693900000000001,1627.443393009216,1628.3772797600045,-5.3,6.315,5.3,6.143794952681389,long_nclose,32.56211324921136,0.020008138770960596,2.0
1655176260000.0,354196,1655176260000.0,1.543386750788638,-0.0068211,1628.9799586600045,1628.9799586600045,-5.3,6.435,0.0,6.143794952681389,long_nclose,0.0,0.0,6.0
1655205060000.0,354676,1655205060000.0,0.0,-0.0130356,1628.9669230600045,1628.9159230600046,10.2,6.39,10.2,6.39,long_ientry_normal,65.178,0.0400118621669515,480.0
1655205180000.0,354678,1655205180000.0,0.1836000000000009,-0.00438192,1629.1461411400046,1629.5541411400045,-3.4,6.444,6.8,6.39,long_nclose,43.452,0.026671640378188664,2.0
1655205960000.0,354691,1655205960000.0,0.0,-0.004343840000000001,1629.1417973000046,1629.3015973000045,3.4,6.388,10.2,6.389333333333335,long_ientry_partial,65.17120000000001,0.040003393263869966,13.0
1655208120000.0,354727,1655208120000.0,0.1858666666666613,-0.00438192,1629.3232820466712,1629.8718153800046,-3.4,6.444,6.8,6.389333333333335,long_nclose,43.44746666666668,0.026665958281827426,36.0
1655208900000.0,354740,1655208900000.0,0.0,-0.004335,1629.3189470466712,1629.1704803800044,3.4,6.375,10.2,6.384555555555558,long_ientry_partial,65.12246666666668,0.03996913359702143,13.0
1655210220000.0,354762,1655210220000.0,0.18511111111110382,-0.0043785199999999995,1629.4996796377823,1629.7747018600044,-3.4,6.439,6.8,6.384555555555558,long_nclose,43.41497777777779,0.026643133668751876,22.0
1655210280000.0,354763,1655210280000.0,0.11977777777777306,-0.0028331600000000004,1629.61662425556,1629.8486687000045,-2.2,6.439,4.6,6.384555555555558,long_nclose,29.368955555555562,0.018022002916773056,1.0
1655210400000.0,354765,1655210400000.0,0.08166666666666345,-0.0019317000000000002,1629.6963592222269,1629.8527370000047,-1.5,6.439,3.1,6.384555555555558,long_nclose,19.79212222222223,0.01214466861278872,2.0
1655210460000.0,354766,1655210460000.0,0.0544444444444423,-0.0012878,1629.7495158666713,1629.9814492000046,-1.0,6.439,2.1,6.384555555555558,long_nclose,13.407566666666671,0.008226765239771689,1.0
1655210700000.0,354770,1655210700000.0,0.038111111111109604,-0.00090146,1629.7867255177825,1629.8993477400047,-0.7,6.439,1.4,6.384555555555558,long_nclose,8.93837777777778,0.005484384943028703,4.0
1655210940000.0,354774,1655210940000.0,0.02177777777777692,-0.0005151200000000001,1629.8079881755602,1629.8434326200047,-0.4,6.439,1.0,6.384555555555558,long_nclose,6.384555555555558,0.003917366709376948,4.0
1655211180000.0,354778,1655211180000.0,0.01633333333333269,-0.00038634,1629.8239351688935,1629.8627462800046,-0.3,6.439,0.7,6.384555555555558,long_nclose,4.46918888888889,0.0027421298659635663,4.0
1655211300000.0,354780,1655211300000.0,0.01088888888888846,-0.00025756000000000005,1629.8345664977826,1629.8622887200047,-0.2,6.439,0.5,6.384555555555558,long_nclose,3.192277777777779,0.001958651413705995,2.0
1655211600000.0,354785,1655211600000.0,0.00544444444444423,-0.00012878000000000002,1629.839882162227,1629.8700599400047,-0.1,6.439,0.4,6.384555555555558,long_nclose,2.553822222222223,0.0015669160205076065,5.0
1655211780000.0,354788,1655211780000.0,0.00544444444444423,-0.00012878000000000002,1629.8451978266714,1629.8603311600048,-0.1,6.439,0.3,6.384555555555558,long_nclose,1.9153666666666673,0.0011751831825628143,3.0
1655211840000.0,354789,1655211840000.0,0.00544444444444423,-0.00012878000000000002,1629.8505134911159,1629.8696023800048,-0.1,6.439,0.2,6.384555555555558,long_nclose,1.2769111111111116,0.0007834528998466164,1.0
1655212620000.0,354802,1655212620000.0,0.017844444444444198,-0.00013126000000000001,1629.8682266755602,1629.8882711200047,-0.1,6.563,0.1,6.384555555555558,long_nclose,0.6384555555555558,0.0003917221926939533,13.0
1655212740000.0,354804,1655212740000.0,0.017844444444444198,-0.00013126000000000001,1629.8859398600046,1629.8859398600046,-0.1,6.563,0.0,6.384555555555558,long_nclose,0.0,0.0,2.0
1655216460000.0,354866,1655216460000.0,0.0,-0.01298868,1629.8729511800045,1630.0565511800046,10.2,6.367,10.2,6.367,long_ientry_normal,64.9434,0.039845682421431626,62.0
1655217660000.0,354886,1655217660000.0,0.1836000000000009,-0.00436628,1630.0521849000045,1630.4465849000044,-3.4,6.421,6.8,6.367,long_nclose,43.2956,0.02656086743790719,20.0
1655217780000.0,354888,1655217780000.0,0.0,-0.0044527,1630.0477322000045,1629.9451322000045,3.5,6.361,10.3,6.364961165048543,long_ientry_partial,65.5591,0.04021912898925833,2.0
1655217960000.0,354891,1655217960000.0,0.18373203883495268,-0.0043649199999999996,1630.2270993188395,1630.6758672800045,-3.4,6.419,6.9,6.364961165048543,long_nclose,43.91823203883495,0.026939947236299396,3.0
1655220900000.0,354940,1655220900000.0,0.6053320388349546,-0.00444924,1630.8279821176745,1631.4056180400046,-3.4,6.543,3.5,6.364961165048543,long_nclose,22.2773640776699,0.013660155652187263,49.0
1655220960000.0,354941,1655220960000.0,0.3026660194174773,-0.00222462,1631.128423517092,1631.4434934200046,-1.7,6.543,1.8,6.364961165048543,long_nclose,11.456930097087378,0.007023928914428193,1.0
1655221020000.0,354942,1655221020000.0,0.1602349514563115,-0.00117774,1631.2874807285482,1631.4450156800044,-0.9,6.543,0.9,6.364961165048543,long_nclose,5.728465048543689,0.0035116220262937977,1.0
1655221140000.0,354944,1655221140000.0,0.07121553398058289,-0.0005234400000000001,1631.3581728225288,1631.4356922400045,-0.4,6.543,0.5,6.364961165048543,long_nclose,3.1824805825242715,0.0019508165867818197,2.0
1655221200000.0,354945,1655221200000.0,0.035607766990291445,-0.00026172000000000006,1631.393518869519,1631.4475305200044,-0.2,6.543,0.3,6.364961165048543,long_nclose,1.9094883495145627,0.001170464592036476,1.0
1655221740000.0,354954,1655221740000.0,0.017803883495145723,-0.00013086000000000003,1631.4111918930143,1631.4451996600046,-0.1,6.543,0.2,6.364961165048543,long_nclose,1.2729922330097088,0.0007803012749548366,9.0
1655222520000.0,354967,1655222520000.0,0.017803883495145723,-0.00013086000000000003,1631.4288649165096,1631.4463688000048,-0.1,6.543,0.1,6.364961165048543,long_nclose,0.6364961165048544,0.0003901464110342487,13.0
1655225040000.0,355009,1655225040000.0,0.0,-0.012986639999999997,1631.4158782765096,1631.3541821600047,10.2,6.366,10.3,6.365989914223771,long_ientry_partial,65.56969611650484,0.04019189526693536,42.0
1655227020000.0,355042,1655227020000.0,0.1836342916391775,-0.0043656,1631.5951469681488,1632.0713165600048,-3.4,6.42,6.9,6.365989914223771,long_nclose,43.92533040814402,0.02692170940184925,33.0
1655227200000.0,355045,1655227200000.0,0.12422319728532595,-0.0029531999999999996,1631.716416965434,1631.9418633600046,-2.3,6.42,4.6,6.365989914223771,long_nclose,29.283553605429347,0.01794647237777328,3.0
1655227320000.0,355047,1655227320000.0,0.08101512866434302,-0.001926,1631.7955060940985,1632.0249373600047,-1.5,6.42,3.1,6.365989914223771,long_nclose,19.734568734093692,0.012093775635729496,2.0
1655228580000.0,355068,1655228580000.0,0.0,-0.009139680000000002,1631.7863664140984,1631.7068976800047,7.2,6.347,10.3,6.3527154110770585,long_ientry_partial,65.4329687340937,0.040098979916031965,21.0
1655231220000.0,355112,1655231220000.0,0.18456760233800118,-0.00435676,1631.9665772564363,1632.2238409200045,-3.4,6.407,6.9,6.3527154110770585,long_nclose,43.833736336431706,0.026859457140428904,44.0
1655231640000.0,355119,1655231640000.0,0.12485455452276549,-0.00294722,1632.088484590959,1632.3749937000046,-2.3,6.407,4.6,6.3527154110770585,long_nclose,29.222490890954468,0.017904967265471722,7.0
1655231760000.0,355121,1655231760000.0,0.08142688338441229,-0.0019221000000000002,1632.1679893743435,1632.3145716000047,-1.5,6.407,3.1,6.3527154110770585,long_nclose,19.693417774338883,0.01206580321544471,2.0
1655231820000.0,355122,1655231820000.0,0.054284588922941523,-0.0012814,1632.2209925632665,1632.3832902000047,-1.0,6.407,2.1,6.3527154110770585,long_nclose,13.340702363261823,0.008173343207840604,1.0
1655232240000.0,355129,1655232240000.0,0.037999212246059066,-0.00089698,1632.2580947955123,1632.3592932200045,-0.7,6.407,1.4,6.3527154110770585,long_nclose,8.893801575507881,0.005448771615142204,7.0
1655233920000.0,355157,1655233920000.0,0.0,-0.011244260000000002,1632.2468505355123,1632.1247489600044,8.9,6.317,10.3,6.321854521893969,long_ientry_partial,65.11510157550788,0.03989292523624397,28.0
1655243160000.0,355311,1655243160000.0,0.0,-0.01306556,1632.2337849755122,1630.3258834000044,10.6,6.163,20.9,6.241287156722866,long_rentry,130.44290157550788,0.0799168003849797,154.0
1655247960000.0,355391,1655247960000.0,0.36371861861222454,-0.008685720000000001,1632.5888178741245,1632.9207976800044,-6.9,6.294,14.0,6.241287156722866,long_nclose,87.37802019412013,0.05352114337515763,80.0
1655248080000.0,355393,1655248080000.0,0.24247907907481633,-0.00579048,1632.8255064731993,1633.4244072000045,-4.6,6.294,9.4,6.241287156722866,long_nclose,58.66809927319494,0.03593041573677665,2.0
1655248200000.0,355395,1655248200000.0,0.16340981415911537,-0.0039022799999999997,1632.9850140073586,1633.2919049200045,-3.1,6.294,6.3,6.241287156722866,long_nclose,39.320109087354055,0.024078671114600242,2.0
1655248980000.0,355408,1655248980000.0,0.11069697088198138,-0.00264348,1633.0930674982405,1633.4026614400045,-2.1,6.294,4.2,6.241287156722866,long_nclose,26.213406058236036,0.016051385300650832,13.0
1655252040000.0,355459,1655252040000.0,0.07379798058798759,-0.0017623199999999997,1633.1651031588287,1633.3154991200047,-1.4,6.294,2.8,6.241287156722866,long_nclose,17.475604038824024,0.010700451537338833,51.0
1655255640000.0,355519,1655255640000.0,0.04744155894942059,-0.0011329200000000002,1633.2114117977783,1633.3229662000049,-0.9,6.294,1.9,6.241287156722866,long_nclose,11.858445597773445,0.007260814804569673,60.0
1655255820000.0,355522,1655255820000.0,0.031627705966280395,-0.00075528,1633.2422842237445,1633.3056109200047,-0.6,6.294,1.3,6.241287156722866,long_nclose,8.113673303739725,0.004967832012502684,3.0
1655256060000.0,355526,1655256060000.0,0.021085137310853597,-0.00050352,1633.2628658410554,1633.3157074000048,-0.4,6.294,0.9,6.241287156722866,long_nclose,5.617158441050579,0.00343922497629186,4.0
1655256240000.0,355529,1655256240000.0,0.015813852983140197,-0.00037764,1633.2783020540387,1633.310529760005,-0.3,6.294,0.6,6.241287156722866,long_nclose,3.7447722940337194,0.0022927949813110414,3.0
1655257500000.0,355550,1655257500000.0,0.05241385298314043,-0.00038496000000000005,1633.3303309470218,1633.380944800005,-0.3,6.416,0.3,6.241287156722866,long_nclose,1.8723861470168597,0.001146360972756338,21.0
1655257560000.0,355551,1655257560000.0,0.017471284327713478,-0.00012832000000000002,1633.3476739113496,1633.3804164800051,-0.1,6.416,0.2,6.241287156722866,long_nclose,1.2482574313445731,0.0007642325337601837,1.0
1655257800000.0,355555,1655257800000.0,0.017471284327713478,-0.00012832000000000002,1633.3650168756774,1633.3893881600052,-0.1,6.416,0.1,6.241287156722866,long_nclose,0.6241287156722866,0.00038211220959423286,4.0
1655266800000.0,355705,1655266800000.0,0.0,-0.01293268,1633.3520841956774,1633.4285554800051,10.3,6.278,10.4,6.277646991891566,long_ientry_partial,65.2875287156723,0.039971497478954315,150.0
1655268600000.0,355735,1655268600000.0,0.1814002275686768,-0.00430508,1633.5291793432461,1633.930650400005,-3.4,6.331,7.0,6.277646991891566,long_nclose,43.94352894324096,0.0269009758129379,30.0
1655268780000.0,355738,1655268780000.0,0.122711918649399,-0.00291226,1633.6489790018957,1633.8715381400052,-2.3,6.331,4.7,6.277646991891566,long_nclose,29.50494086189036,0.018060759221308904,3.0
1655268840000.0,355739,1655268840000.0,0.08002951216265153,-0.0018993000000000003,1633.7271092140581,1633.8946388400052,-1.5,6.331,3.2,6.277646991891566,long_nclose,20.088470374053014,0.012296099061315712,1.0
1655268900000.0,355740,1655268900000.0,0.05335300810843435,-0.0012662,1633.7791960221666,1633.8613726400051,-1.0,6.331,2.2,6.277646991891566,long_nclose,13.810823382161447,0.008453298594930858,1.0
1655269020000.0,355742,1655269020000.0,0.037347105675904047,-0.0008863400000000001,1633.8156567878425,1633.8791863000051,-0.7,6.331,1.5,6.277646991891566,long_nclose,9.41647048783735,0.005763484055692407,2.0
1655269260000.0,355746,1655269260000.0,0.026676504054217176,-0.0006331,1633.8417001918967,1633.9140532000051,-0.5,6.331,1.0,6.277646991891566,long_nclose,6.277646991891566,0.0038422614572478156,4.0
1655269560000.0,355751,1655269560000.0,0.016005902432530306,-0.00037986000000000004,1633.857326234329,1633.900973340005,-0.3,6.331,0.7,6.277646991891566,long_nclose,4.394352894324096,0.002689557297179726,5.0
1655270280000.0,355763,1655270280000.0,0.01067060162168687,-0.00025324000000000006,1633.867743595951,1633.916420100005,-0.2,6.331,0.5,6.277646991891566,long_nclose,3.138823495945783,0.0019211001063265997,12.0
1655270460000.0,355766,1655270460000.0,0.005335300810843435,-0.00012662000000000003,1633.872952276762,1633.8938934800053,-0.1,6.331,0.4,6.277646991891566,long_nclose,2.5110587967566267,0.0015368751855874276,3.0
1655270520000.0,355767,1655270520000.0,0.005335300810843435,-0.00012662000000000003,1633.8781609575728,1633.8863668600054,-0.1,6.331,0.3,6.277646991891566,long_nclose,1.8832940975674697,0.00115265271460861,1.0
1655271060000.0,355776,1655271060000.0,0.005335300810843435,-0.00012662000000000003,1633.8833696383838,1633.9048402400056,-0.1,6.331,0.2,6.277646991891566,long_nclose,1.2555293983783133,0.0007684326933667187,9.0
1655271300000.0,355780,1655271300000.0,0.017535300810843424,-0.00012906000000000001,1633.9007758791945,1633.9185111800055,-0.1,6.453,0.1,6.277646991891566,long_nclose,0.6277646991891567,0.0003842122535570493,4.0
1655272320000.0,355797,1655272320000.0,0.005335300810843435,-0.00012662000000000003,1633.9059845600054,1633.9059845600054,-0.1,6.331,0.0,6.277646991891566,long_nclose,0.0,0.0,17.0
1655279760000.0,355921,1655279760000.0,0.0,-0.01302288,1633.8929616800053,1634.0385616800054,10.4,6.261,10.4,6.261,long_ientry_normal,65.1144,0.039852304604487625,124.0
1655280480000.0,355933,1655280480000.0,0.0,-0.013062559999999999,1633.8798991200053,1632.6901991200054,10.7,6.104,21.1,6.181383886255924,long_rentry,130.4272,0.07982667518600789,12.0
1655282880000.0,355973,1655282880000.0,0.0,-0.01304948,1633.8668496400053,1629.8722496400053,10.9,5.986,32.0,6.11483125,long_rentry,195.6746,0.11976165624702745,40.0
1655288280000.0,356063,1655288280000.0,0.5529887499999987,-0.01307404,1634.4067643500052,1636.5503756000053,-10.6,6.167,21.4,6.11483125,long_nclose,130.85738874999998,0.08006415024967256,90.0
1655288760000.0,356071,1655288760000.0,0.3703981249999991,-0.00875714,1634.7684053350054,1635.9863184600054,-7.1,6.167,14.3,6.11483125,long_nclose,87.442086875,0.053488975312733,8.0
1655289000000.0,356075,1655289000000.0,1.2152981249999975,-0.00892612,1635.9747773400052,1637.3079923400053,-7.1,6.286,7.2,6.11483125,long_nclose,44.026785000000004,0.02691165267937985,4.0
1655289600000.0,356085,1655289600000.0,2.0820149999999997,-0.00922176,1638.0475705800052,1638.0475705800052,-7.2,6.404,0.0,6.11483125,long_nclose,0.0,0.0,10.0
1655370360000.0,357431,1655370360000.0,0.0,-0.013057919999999999,1638.0345126600052,1638.2169126600052,9.6,6.801,9.6,6.801,long_ientry_normal,65.2896,0.03985850084072781,1346.0
1655372820000.0,357472,1655372820000.0,0.0,-0.013127400000000001,1638.0213852600052,1636.1847852600051,9.9,6.63,19.5,6.714184615384615,long_rentry,130.92659999999998,0.0799297256911074,41.0
1655376660000.0,357536,1655376660000.0,0.0,-0.013132020000000001,1638.0082532400052,1633.5255532400051,10.1,6.501,29.6,6.641442567567567,long_rentry,196.58669999999998,0.12001569565424869,64.0
1655388240000.0,357729,1655388240000.0,0.0,-0.018525200000000002,1637.989728040005,1629.6940280400052,14.5,6.388,44.1,6.558111111111111,long_rentry,289.2127,0.17656563716432322,193.0
1655393220000.0,357812,1655393220000.0,0.8215666666666697,-0.01944516,1638.7918495466718,1640.611382880005,-14.7,6.614,29.4,6.558111111111111,long_nclose,192.80846666666665,0.11765281034318177,83.0
1655393400000.0,357815,1655393400000.0,0.5477111111111133,-0.012963440000000001,1639.3265972177828,1640.147619440005,-9.8,6.614,19.6,6.558111111111111,long_nclose,128.53897777777777,0.07840962136277808,3.0
1655393940000.0,357824,1655393940000.0,0.36327777777777914,-0.0085982,1639.6812767955605,1640.426521240005,-6.5,6.614,13.1,6.558111111111111,long_nclose,85.91125555555556,0.05239509456584908,9.0
1655397000000.0,357875,1655397000000.0,0.2403222222222231,-0.00568804,1639.9159109777827,1640.416533200005,-4.3,6.614,8.8,6.558111111111111,long_nclose,57.71137777777778,0.035191668909028376,51.0
1655397420000.0,357882,1655397420000.0,0.16207777777777838,-0.0038361199999999997,1640.0741526355605,1640.380297080005,-2.9,6.614,5.9,6.558111111111111,long_nclose,38.69285555555555,0.02359213788801991,7.0
1655397540000.0,357884,1655397540000.0,0.10618888888888928,-0.00251332,1640.1778282044495,1640.405383760005,-1.9,6.614,4.0,6.558111111111111,long_nclose,26.232444444444443,0.01599365873221312,2.0
1655397660000.0,357886,1655397660000.0,0.07265555555555583,-0.0017196400000000001,1640.248764120005,1640.361864120005,-1.3,6.614,2.7,6.558111111111111,long_nclose,17.7069,0.010795252761247938,2.0
1655397840000.0,357889,1655397840000.0,0.05030000000000019,-0.00119052,1640.2978736000052,1640.4182736000053,-0.9,6.614,1.8,6.558111111111111,long_nclose,11.804599999999999,0.00719661970547589,3.0
1655398080000.0,357893,1655398080000.0,0.03353333333333346,-0.0007936800000000001,1640.3306132533385,1640.428879920005,-0.6,6.614,1.2,6.558111111111111,long_nclose,7.869733333333333,0.004797650711233725,4.0
1655398680000.0,357903,1655398680000.0,0.022355555555555642,-0.00052912,1640.352439688894,1640.385950800005,-0.4,6.614,0.8,6.558111111111111,long_nclose,5.246488888888889,0.0031983912493122072,10.0
1655399580000.0,357918,1655399580000.0,0.011177777777777821,-0.00026456,1640.3633529066717,1640.388486240005,-0.2,6.614,0.6,6.558111111111111,long_nclose,3.9348666666666663,0.00239877747798633,15.0
1655399880000.0,357923,1655399880000.0,0.011177777777777821,-0.00026456,1640.3742661244494,1640.401021680005,-0.2,6.614,0.4,6.558111111111111,long_nclose,2.6232444444444445,0.0015991743461339014,5.0
1655400540000.0,357934,1655400540000.0,0.005588888888888911,-0.00013228,1640.3797227333384,1640.3952894000051,-0.1,6.614,0.3,6.558111111111111,long_nclose,1.9674333333333331,0.0011993767699438704,11.0
1655400600000.0,357935,1655400600000.0,0.005588888888888911,-0.00013228,1640.3851793422275,1640.3995571200053,-0.1,6.614,0.2,6.558111111111111,long_nclose,1.3116222222222222,0.0007995818535425717,1.0
1655400900000.0,357940,1655400900000.0,0.005588888888888911,-0.00013228,1640.3906359511166,1640.3963248400055,-0.1,6.614,0.1,6.558111111111111,long_nclose,0.6558111111111111,0.0003997895969034623,5.0
1655401800000.0,357955,1655401800000.0,0.0,-0.012986000000000003,1640.3776499511166,1640.1893388400056,10.0,6.493,10.1,6.493644664466447,long_ientry_partial,65.58581111111111,0.039982141376448024,15.0
1655408160000.0,358061,1655408160000.0,0.0,-0.013166400000000002,1640.3644835511166,1638.7116724400055,10.4,6.33,20.5,6.410624932249323,long_rentry,131.41781111111112,0.08011500640797428,106.0
1655410500000.0,358100,1655410500000.0,0.36975046070459994,-0.008792399999999999,1640.7254416118212,1641.4703800400055,-6.8,6.465,13.7,6.410624932249323,long_nclose,87.82556157181573,0.05352849376525628,39.0
1655410560000.0,358101,1655410560000.0,0.2446878048780441,-0.005818500000000001,1640.9643109166993,1641.5105615400055,-4.5,6.465,9.2,6.410624932249323,long_nclose,58.97774937669377,0.0359409092472869,1.0
1655411940000.0,358124,1655411940000.0,0.1631252032520294,-0.003879,1641.1235571199513,1641.2126825400055,-3.0,6.465,6.2,6.410624932249323,long_nclose,39.745874579945806,0.024218697250130778,23.0
1655412000000.0,358125,1655412000000.0,0.0,-0.005128000000000001,1641.1184291199513,1641.2165545400055,4.0,6.41,10.2,6.410379860779001,long_ientry_partial,65.3858745799458,0.03984226453115205,1.0
1655412660000.0,358136,1655412660000.0,0.1857084733513968,-0.004396199999999999,1641.2997413933028,1641.7391583400056,-3.4,6.465,6.8,6.410379860779001,long_nclose,43.5905830532972,0.02655857547159123,11.0
1655412780000.0,358138,1655412780000.0,0.12016430628619795,-0.0028446,1641.417061099589,1641.6453137400056,-2.2,6.465,4.6,6.410379860779001,long_nclose,29.487747359583402,0.01796481105163455,2.0
1655412900000.0,358140,1655412900000.0,0.0819302088314986,-0.0019395,1641.4970518084206,1641.6663742400056,-1.5,6.465,3.1,6.410379860779001,long_nclose,19.8721775684149,0.012106130526717624,2.0
1655413500000.0,358150,1655413500000.0,0.054620139220999064,-0.001293,1641.5503789476415,1641.6860812400057,-1.0,6.465,2.1,6.410379860779001,long_nclose,13.461797707635903,0.008200660717014325,10.0
1655413620000.0,358152,1655413620000.0,0.03823409745469934,-0.0009050999999999998,1641.5877079450963,1641.6711761400056,-0.7,6.465,1.4,6.410379860779001,long_nclose,8.974531805090601,0.005466982825014403,2.0
1655414160000.0,358161,1655414160000.0,0.021848055688399627,-0.0005172000000000001,1641.6090388007847,1641.6686589400056,-0.4,6.465,1.0,6.410379860779001,long_nclose,6.410379860779001,0.0039049369912472344,9.0
1655414280000.0,358163,1655414280000.0,0.01638604176629972,-0.0003879,1641.6250369425509,1641.6632710400056,-0.3,6.465,0.7,6.410379860779001,long_nclose,4.4872659025453006,0.0027334292555032066,2.0
1655414340000.0,358164,1655414340000.0,0.010924027844199814,-0.00025860000000000005,1641.635702370395,1641.6705124400055,-0.2,6.465,0.5,6.410379860779001,long_nclose,3.2051899303895004,0.0019524367834845783,1.0
1655415780000.0,358188,1655415780000.0,0.005462013922099907,-0.00012930000000000003,1641.641035084317,1641.6648831400055,-0.1,6.465,0.4,6.410379860779001,long_nclose,2.5641519443116003,0.0015619443529443096,24.0
1655415900000.0,358190,1655415900000.0,0.005462013922099907,-0.00012930000000000003,1641.6463677982392,1641.6627538400055,-0.1,6.465,0.3,6.410379860779001,long_nclose,1.9231139582337002,0.0011714544593504402,2.0
1655416860000.0,358206,1655416860000.0,0.0,-0.012782,1641.6335857982392,1641.7204718400055,10.0,6.391,10.3,6.391564461964436,long_ientry_partial,65.8331139582337,0.04010219730380488,16.0
1655420820000.0,358272,1655420820000.0,0.0,-0.0130851,1641.6205006982393,1640.0498867400056,10.5,6.231,20.8,6.3105102864535425,long_rentry,131.2586139582337,0.07995673415530859,66.0
1655423100000.0,358310,1655423100000.0,0.3690790234705559,-0.00878232,1641.9807974017099,1643.2247044200055,-6.9,6.364,13.9,6.3105102864535425,long_nclose,87.71609298170425,0.05342090061010899,38.0
1655424480000.0,358333,1655424480000.0,0.2460526823137039,-0.00585488,1642.2209952040237,1642.7277495400058,-4.6,6.364,9.3,6.3105102864535425,long_nclose,58.68774566401795,0.03573681364165412,23.0
1655427720000.0,358387,1655427720000.0,0.16581811199401786,-0.00394568,1642.3828676360176,1642.6587038600057,-3.1,6.364,6.2,6.3105102864535425,long_nclose,39.125163776011966,0.023822194292812623,54.0
1655427780000.0,358388,1655427780000.0,0.10697942709291475,-0.0025456,1642.4873014631105,1642.6531582600055,-2.0,6.364,4.2,6.3105102864535425,long_nclose,26.50414320310488,0.016136589415026385,1.0
1655427960000.0,358391,1655427960000.0,0.07488559896504032,-0.00178192,1642.5604051420755,1642.7549763400057,-1.4,6.364,2.8,6.3105102864535425,long_nclose,17.669428802069916,0.010757247494068003,3.0
1655429520000.0,358417,1655429520000.0,0.048140742191811636,-0.00114552,1642.6074003642675,1642.6824308200057,-0.9,6.364,1.9,6.3105102864535425,long_nclose,11.98996954426173,0.007299351958114162,26.0
1655429700000.0,358420,1655429700000.0,0.032093828127874424,-0.00076368,1642.6387305123953,1642.7485671400057,-0.6,6.364,1.3,6.3105102864535425,long_nclose,8.203663372389606,0.004994198188563715,3.0
1655430120000.0,358427,1655430120000.0,0.10589382812787455,-0.00077844,1642.7438459005232,1642.8694887000056,-0.6,6.487,0.7,6.3105102864535425,long_nclose,4.417357200517479,0.0026890115653399158,7.0
1655430780000.0,358438,1655430780000.0,0.05294691406393728,-0.00038922,1642.7964035945872,1642.8701994800058,-0.3,6.487,0.4,6.3105102864535425,long_nclose,2.5242041145814174,0.0015365288778683896,11.0
1655433960000.0,358491,1655433960000.0,0.03529794270929152,-0.00025948000000000003,1642.8314420572965,1642.8643400000058,-0.2,6.487,0.2,6.3105102864535425,long_nclose,1.2621020572907087,0.0007682480533183579,53.0
1655438040000.0,358559,1655438040000.0,0.0,-0.01285404,1642.8185880172964,1642.8582859600058,10.2,6.301,10.4,6.301182890124105,long_ientry_partial,65.53230205729069,0.039890163488094606,68.0
1655439780000.0,358588,1655439780000.0,0.1829781735780447,-0.0043214,1642.9972447908744,1643.4089645600056,-3.4,6.355,7.0,6.301182890124105,long_nclose,44.108280230868736,0.026846228970081425,29.0
1655440620000.0,358602,1655440620000.0,0.12377935271455963,-0.0029233,1643.118100843589,1643.3945412600058,-2.3,6.355,4.7,6.301182890124105,long_nclose,29.615559583583295,0.01802399935122037,14.0
1655443980000.0,358658,1655443980000.0,0.4043793527145593,-0.00297942,1643.5195007763036,1643.9486618400058,-2.3,6.477,2.4,6.301182890124105,long_nclose,15.122838936297851,0.009201496501352553,56.0
1655444220000.0,358662,1655444220000.0,0.21098053185107446,-0.00155448,1643.7289268281545,1643.9315073600055,-1.2,6.477,1.2,6.301182890124105,long_nclose,7.561419468148926,0.004600162073402169,4.0
1655444280000.0,358663,1655444280000.0,0.10549026592553723,-0.00077724,1643.83363985408,1643.9349301200057,-0.6,6.477,0.6,6.301182890124105,long_nclose,3.780709734074463,0.0022999345203873972,1.0
1655444340000.0,358664,1655444340000.0,0.052745132962768615,-0.00038862,1643.885996367043,1643.9411415000056,-0.3,6.477,0.3,6.301182890124105,long_nclose,1.8903548670372314,0.001149930634615101,1.0
1655444460000.0,358666,1655444460000.0,0.01758171098758954,-0.00012954,1643.9034485380305,1643.9382119600057,-0.1,6.477,0.2,6.301182890124105,long_nclose,1.260236578024821,0.000766612284404893,2.0
1655444520000.0,358667,1655444520000.0,0.01758171098758954,-0.00012954,1643.920900709018,1643.9377824200055,-0.1,6.477,0.1,6.301182890124105,long_nclose,0.6301182890124105,0.00038330207295292763,1.0
1655444580000.0,358668,1655444580000.0,0.01758171098758954,-0.00012954,1643.9383528800056,1643.9383528800056,-0.1,6.477,0.0,6.301182890124105,long_nclose,0.0,0.0,1.0
1655470260000.0,359096,1655470260000.0,0.0,-0.01311808,1643.9252348000057,1644.0488348000056,10.3,6.368,10.3,6.368,long_ientry_normal,65.5904,0.039898651478502,428.0
1655472660000.0,359136,1655472660000.0,0.1835999999999979,-0.00436696,1644.1044678400058,1644.3597678400058,-3.4,6.422,6.9,6.368,long_nclose,43.93920000000001,0.026725309041782802,40.0
1655472780000.0,359138,1655472780000.0,0.12419999999999858,-0.0029541199999999997,1644.2257137200058,1644.5109137200059,-2.3,6.422,4.6,6.368,long_nclose,29.2928,0.01781555887100562,2.0
1655473860000.0,359156,1655473860000.0,0.4093999999999998,-0.00301116,1644.632102560006,1645.062202560006,-2.3,6.546,2.3,6.368,long_nclose,14.6464,0.008905578321864,18.0
1655475540000.0,359184,1655475540000.0,0.03779999999999956,-0.0008990799999999999,1644.669003480006,1644.760203480006,-0.7,6.422,1.6,6.368,long_nclose,10.1888,0.006195045920146366,28.0
1655475900000.0,359190,1655475900000.0,0.02699999999999969,-0.0006422,1644.6953612800062,1644.7525612800061,-0.5,6.422,1.1,6.368,long_nclose,7.004800000000001,0.004259025814086581,6.0
1655475960000.0,359191,1655475960000.0,0.016199999999999815,-0.00038532,1644.7111759600061,1644.7527759600061,-0.3,6.422,0.8,6.368,long_nclose,5.0944,0.003097443535656913,1.0
1655476020000.0,359192,1655476020000.0,0.010799999999999877,-0.00025688,1644.721719080006,1644.752919080006,-0.2,6.422,0.6,6.368,long_nclose,3.8208,0.0023230677601419458,1.0
1655476200000.0,359195,1655476200000.0,0.010799999999999877,-0.00025688,1644.732262200006,1644.7590622000062,-0.2,6.422,0.4,6.368,long_nclose,2.5472,0.0015487019124880827,3.0
1655476680000.0,359203,1655476680000.0,0.005399999999999939,-0.00012844,1644.737533760006,1644.759133760006,-0.1,6.422,0.3,6.368,long_nclose,1.9104,0.001161522711549403,8.0
1655477340000.0,359214,1655477340000.0,0.005399999999999939,-0.00012844,1644.742805320006,1644.756205320006,-0.1,6.422,0.2,6.368,long_nclose,1.2736,0.0007743459925044053,11.0
1655483700000.0,359320,1655483700000.0,0.005399999999999939,-0.00012844,1644.748076880006,1644.753776880006,-0.1,6.422,0.1,6.368,long_nclose,0.6368,0.0003871717553292256,106.0
1655484240000.0,359329,1655484240000.0,0.005399999999999939,-0.00012844,1644.753348440006,1644.753348440006,-0.1,6.422,0.0,6.368,long_nclose,0.0,0.0,9.0
1655516160000.0,359861,1655516160000.0,0.0,-0.013151840000000001,1644.740196600006,1644.708996600006,10.4,6.323,10.4,6.323,long_ientry_normal,65.7592,0.03998151205639463,532.0
1655517840000.0,359889,1655517840000.0,0.0,-0.013190959999999998,1644.727005640006,1642.9890056400059,10.7,6.164,21.1,6.242369668246445,long_rentry,131.714,0.08008259093961108,28.0
1655535060000.0,360176,1655535060000.0,0.0,-0.01317592,1644.7138297200058,1640.7202297200058,10.9,6.044,32.0,6.174799999999999,long_rentry,197.59359999999998,0.12013858972271066,287.0
1655535300000.0,360180,1655535300000.0,0.0,-0.018648460000000002,1644.695181260006,1638.389781260006,15.7,5.939,47.7,6.097188679245281,long_rentry,290.8358999999999,0.17683270633600912,4.0
1655540160000.0,360261,1655540160000.0,0.0,-0.027181439999999998,1644.667999820006,1628.527399820006,23.4,5.808,71.1,6.002012658227848,long_rentry,426.74309999999997,0.2594706652325595,81.0
1655548020000.0,360392,1655548020000.0,1.208400000000003,-0.02869122,1645.847708600006,1648.122308600006,-23.7,6.053,47.4,6.002012658227848,long_nclose,284.49539999999996,0.1728564547700455,131.0
1655581260000.0,360946,1655581260000.0,0.0,-0.026545440000000003,1645.8211631600059,1631.371563160006,23.2,5.721,70.6,5.909668555240794,long_rentry,417.2226,0.25350421378646343,554.0
1655583000000.0,360975,1655583000000.0,0.0,-0.038440600000000005,1645.7827225600058,1620.7431225600058,34.6,5.555,105.2,5.793019011406844,long_rentry,609.4255999999999,0.370295295755713,29.0
1655587260000.0,361046,1655587260000.0,1.714334600760461,-0.040894,1647.4561631607662,1650.7542285600057,-35.0,5.842,70.2,5.793019011406844,long_nclose,406.6699346007604,0.24684719611630462,71.0
1655587320000.0,361047,1655587320000.0,1.146155133079851,-0.02734056,1648.574977733846,1651.2416880000058,-23.4,5.842,46.8,5.793019011406844,long_nclose,271.11328973384025,0.1644531145962899,1.0
1655588340000.0,361064,1655588340000.0,3.790355133079861,-0.0278694,1652.3374634669258,1656.3618186000056,-23.4,5.955,23.4,5.793019011406844,long_nclose,135.55664486692012,0.08203932178750936,17.0
1655588700000.0,361070,1655588700000.0,6.4111551330798635,-0.028393559999999998,1658.7202250400055,1658.7202250400055,-23.4,6.067,0.0,5.793019011406844,long_nclose,0.0,0.0,6.0
1655617080000.0,361543,1655617080000.0,0.0,-0.013291060000000002,1658.7069339800055,1658.6956339800056,11.3,5.881,11.3,5.881,long_ientry_normal,66.45530000000001,0.04006452172991343,473.0
1655618160000.0,361561,1655618160000.0,0.18499999999999936,-0.00438894,1658.8875450400055,1659.2219450400055,-3.7,5.931,7.6,5.881,long_nclose,44.6956,0.026943116267065664,18.0
1655618280000.0,361563,1655618280000.0,0.12499999999999956,-0.0029655000000000003,1659.0095795400055,1659.2849795400055,-2.5,5.931,5.1,5.881,long_nclose,29.9931,0.018078919115292996,2.0
1655618400000.0,361565,1655618400000.0,0.0849999999999997,-0.00201654,1659.0925630000054,1659.2761630000055,-1.7,5.931,3.4,5.881,long_nclose,19.9954,0.01205200990344017,2.0
1655618700000.0,361570,1655618700000.0,0.054999999999999806,-0.0013048200000000002,1659.1462581800054,1659.3049581800053,-1.1,5.931,2.3,5.881,long_nclose,13.526299999999999,0.008152566377624614,5.0
1655619300000.0,361580,1655619300000.0,0.1803999999999997,-0.0013299000000000002,1659.3253282800054,1659.5401282800053,-1.1,6.045,1.2,5.881,long_nclose,7.0572,0.00425305386455785,10.0
1655621340000.0,361614,1655621340000.0,0.09839999999999982,-0.0007254,1659.4230028800055,1659.5274028800054,-0.6,6.045,0.6,5.881,long_nclose,3.5286,0.002126401763670837,34.0
1655623020000.0,361642,1655623020000.0,0.16679999999999975,-0.00073908,1659.5890638000055,1659.5890638000055,-0.6,6.159,0.0,5.881,long_nclose,0.0,0.0,28.0
1655841060000.0,365276,1655841060000.0,0.0,-0.01322886,1659.5758349400055,1659.7310349400054,9.7,6.819,9.7,6.819,long_ientry_normal,66.1443,0.039856147943002046,3634.0
1655846880000.0,365373,1655846880000.0,0.18559999999999946,-0.0044012800000000005,1659.7570336600056,1660.1535336600057,-3.2,6.877,6.5,6.819,long_nclose,44.3235,0.02670481227138423,97.0
1655847060000.0,365376,1655847060000.0,0.12179999999999964,-0.0028883400000000005,1659.8759453200055,1660.1223453200055,-2.1,6.877,4.4,6.819,long_nclose,30.003600000000002,0.01807580866786743,3.0
1655847180000.0,365378,1655847180000.0,0.08119999999999976,-0.0019255599999999998,1659.9552197600055,1660.1532197600056,-1.4,6.877,3.0,6.819,long_nclose,20.457,0.012323826424039107,2.0
1655847480000.0,365383,1655847480000.0,0.05799999999999983,-0.0013754,1660.0118443600056,1660.1338443600057,-1.0,6.877,2.0,6.819,long_nclose,13.638,0.008215604030980839,5.0
1655848560000.0,365401,1655848560000.0,0.034799999999999894,-0.00082524,1660.0458191200055,1660.1452191200055,-0.6,6.877,1.4,6.819,long_nclose,9.5466,0.005750805122391548,18.0
1655848680000.0,365403,1655848680000.0,0.023199999999999932,-0.0005501600000000001,1660.0684689600055,1660.1144689600055,-0.4,6.877,1.0,6.819,long_nclose,6.819,0.0041076618991938004,2.0
1655849460000.0,365416,1655849460000.0,0.0,-0.011973280000000001,1660.0564956800056,1660.2070956800055,8.8,6.803,9.8,6.8046326530612244,long_ientry_partial,66.6854,0.04017056056437633,13.0
1655850960000.0,365441,1655850960000.0,0.1835755102040821,-0.00439168,1660.2356795102096,1660.6341040000054,-3.2,6.862,6.6,6.8046326530612244,long_nclose,44.910575510204076,0.027050723017501502,25.0
1655851200000.0,365445,1655851200000.0,0.12620816326530646,-0.0030192800000000005,1660.358868393475,1660.6244847200055,-2.2,6.862,4.4,6.8046326530612244,long_nclose,29.94038367346939,0.018032477341744207,4.0
1655853360000.0,365481,1655853360000.0,0.4188081632653065,-0.0030778000000000003,1660.7745987567403,1661.1934069200056,-2.2,6.995,2.2,6.8046326530612244,long_nclose,14.970191836734696,0.009013981697420839,36.0
1655853420000.0,365482,1655853420000.0,0.20940408163265326,-0.0015389000000000002,1660.9824639383728,1661.1698680200054,-1.1,6.995,1.1,6.8046326530612244,long_nclose,7.485095918367348,0.004506426817185871,1.0
1655854020000.0,365492,1655854020000.0,0.017210204081632697,-0.00041171999999999997,1660.9992624224544,1661.0475563000055,-0.3,6.862,0.8,6.8046326530612244,long_nclose,5.44370612244898,0.003277368175654518,10.0
1655854200000.0,365495,1655854200000.0,0.011473469387755132,-0.00027448,1661.0104614118422,1661.0526818200055,-0.2,6.862,0.6,6.8046326530612244,long_nclose,4.082779591836735,0.002458009559052634,3.0
1655854380000.0,365498,1655854380000.0,0.011473469387755132,-0.00027448,1661.02166040123,1661.0478073400056,-0.2,6.862,0.4,6.8046326530612244,long_nclose,2.72185306122449,0.001638661991058569,3.0
1655854980000.0,365508,1655854980000.0,0.005736734693877566,-0.00013724,1661.027259895924,1661.0468701000057,-0.1,6.862,0.3,6.8046326530612244,long_nclose,2.0413897959183673,0.001228992350219632,10.0
1655856600000.0,365535,1655856600000.0,0.005736734693877566,-0.00013724,1661.0328593906181,1661.0389328600058,-0.1,6.862,0.2,6.8046326530612244,long_nclose,1.360926530612245,0.0008193254714488472,27.0
1655856720000.0,365537,1655856720000.0,0.0,-0.01305024,1661.0198091506181,1661.194682620006,9.6,6.797,9.8,6.79715576842982,long_ientry_partial,66.61212653061224,0.04010314998270558,2.0
1655857860000.0,365556,1655857860000.0,0.1851015410245765,-0.004387200000000001,1661.2005234916426,1661.6152954200059,-3.2,6.855,6.6,6.79715576842982,long_nclose,44.86122807163681,0.027005305763655753,19.0
1655858100000.0,365560,1655858100000.0,0.12725730945439634,-0.0030162000000000006,1661.3247646010968,1661.6892792200056,-2.2,6.855,4.4,6.79715576842982,long_nclose,29.907485381091213,0.018002190792763113,4.0
1655859540000.0,365584,1655859540000.0,0.0809819241982522,-0.0019194,1661.4038271252953,1661.562359820006,-1.4,6.855,3.0,6.79715576842982,long_nclose,20.39146730528946,0.012273636892104998,24.0
1655859960000.0,365591,1655859960000.0,0.05784423157018015,-0.0013710000000000003,1661.4603003568654,1661.595988820006,-1.0,6.855,2.0,6.79715576842982,long_nclose,13.59431153685964,0.008182146473159615,7.0
1655862660000.0,365636,1655862660000.0,0.0,-0.01057524,1661.4497251168655,1661.2762135800058,7.8,6.779,9.8,6.782705258863228,long_ientry_partial,66.47051153685963,0.040007537111713766,45.0
1655879940000.0,365924,1655879940000.0,0.0,-0.01335624,1661.4363688768656,1659.922657340006,10.1,6.612,19.9,6.696065906374857,long_rentry,133.25171153685963,0.08020271737938303,288.0
1655889360000.0,366081,1655889360000.0,0.3757650179259453,-0.00891396,1661.8032199347915,1662.5205433800058,-6.6,6.753,13.3,6.696065906374857,long_nclose,89.0576765547856,0.053590988082379686,157.0
1655890260000.0,366096,1655890260000.0,0.2505100119506303,-0.005942640000000001,1662.047787306742,1662.6613007400058,-4.4,6.753,8.9,6.696065906374857,long_nclose,59.59498656673623,0.035856361665332535,15.0
1655897220000.0,366212,1655897220000.0,0.8225100119506298,-0.0060570400000000005,1662.8642402786927,1663.6694437000058,-4.4,6.883,4.5,6.696065906374857,long_nclose,30.132296578686855,0.01812071956856607,116.0
1655897280000.0,366213,1655897280000.0,0.4112550059753149,-0.0030285200000000003,1663.272466764668,1663.810515180006,-2.2,6.883,2.3,6.696065906374857,long_nclose,15.40095158466217,0.009259427960482923,1.0
1655899500000.0,366250,1655899500000.0,0.20562750298765745,-0.0015142600000000001,1663.4765800076557,1663.6853009200058,-1.1,6.883,1.2,6.696065906374857,long_nclose,8.035279087649828,0.004830413114450248,37.0
1655899680000.0,366253,1655899680000.0,0.11216045617508587,-0.0008259599999999999,1663.587914503831,1663.704274960006,-0.6,6.883,0.6,6.696065906374857,long_nclose,4.017639543824914,0.0024150449211595678,3.0
1655900340000.0,366264,1655900340000.0,0.056080228087542934,-0.00041297999999999997,1663.6435817519184,1663.704761980006,-0.3,6.883,0.3,6.696065906374857,long_nclose,2.008819771912457,0.0012074820556197783,11.0
1655904480000.0,366333,1655904480000.0,0.018693409362514315,-0.00013766,1663.6621375012808,1663.7039243200059,-0.1,6.883,0.2,6.696065906374857,long_nclose,1.3392131812749715,0.0008049790586004368,69.0
1655906100000.0,366360,1655906100000.0,0.0633868187250286,-0.00028052000000000003,1663.725243800006,1663.725243800006,-0.2,7.013,0.0,6.696065906374857,long_nclose,0.0,0.0,27.0
1656088500000.0,369400,1656088500000.0,0.0,-0.013231860000000002,1663.712011940006,1663.828211940006,8.3,7.971,8.3,7.971,long_ientry_normal,66.1593,0.03976607701645044,3040.0
1656089400000.0,369415,1656089400000.0,0.183599999999999,-0.004341060000000001,1663.8912708800062,1664.3896708800062,-2.7,8.039,5.6,7.971,long_nclose,44.6376,0.02682723371485197,15.0
1656093180000.0,369478,1656093180000.0,0.0,-0.00446152,1663.8868093600063,1663.8476093600063,2.8,7.967,8.4,7.969666666666667,long_ientry_partial,66.9452,0.040234227246353164,63.0
1656094320000.0,369497,1656094320000.0,0.18853333333333494,-0.004500720000000001,1664.0708419733396,1664.5207086400062,-2.8,8.037,5.6,7.969666666666667,long_nclose,44.63013333333333,0.026819851780113313,19.0
1656095460000.0,369516,1656095460000.0,0.12120000000000104,-0.0028933200000000004,1664.1891486533395,1664.4184153200063,-1.8,8.037,3.8,7.969666666666667,long_nclose,30.28473333333333,0.01819789136219264,19.0
1656095520000.0,369517,1656095520000.0,0.08080000000000069,-0.0019288800000000002,1664.2680197733396,1664.4508864400063,-1.2,8.037,2.6,7.969666666666667,long_nclose,20.721133333333334,0.012450598754012826,1.0
1656100980000.0,369608,1656100980000.0,0.28903333333333325,-0.0021299200000000004,1664.5549231866728,1664.8413565200062,-1.3,8.192,1.3,7.969666666666667,long_nclose,10.360566666666667,0.006224226381687722,91.0
1656101100000.0,369610,1656101100000.0,0.13339999999999996,-0.00098304,1664.6873401466728,1664.852073480006,-0.6,8.192,0.7,7.969666666666667,long_nclose,5.578766666666667,0.0033512399188277186,2.0
1656101880000.0,369623,1656101880000.0,0.06669999999999998,-0.00049152,1664.753548626673,1664.8436819600063,-0.3,8.192,0.4,7.969666666666667,long_nclose,3.187866666666667,0.0019149180785927597,13.0
1656104100000.0,369660,1656104100000.0,0.044466666666666654,-0.00032768,1664.7976876133396,1664.8387542800062,-0.2,8.192,0.2,7.969666666666667,long_nclose,1.5939333333333334,0.0009574336540666406,37.0
1656104880000.0,369673,1656104880000.0,0.022233333333333327,-0.00016384,1664.819757106673,1664.8412904400063,-0.1,8.192,0.1,7.969666666666667,long_nclose,0.7969666666666667,0.0004787104809782728,13.0
1656104940000.0,369674,1656104940000.0,0.022233333333333327,-0.00016384,1664.8418266000065,1664.8418266000065,-0.1,8.192,0.0,7.969666666666667,long_nclose,0.0,0.0,1.0
1656160200000.0,370595,1656160200000.0,0.0,-0.013349600000000001,1664.8284770000064,1664.7054770000063,8.2,8.14,8.2,8.14,long_ientry_normal,66.748,0.04009301914409754,921.0
1656160980000.0,370608,1656160980000.0,0.18629999999999747,-0.00443286,1665.0103441400065,1665.3403441400064,-2.7,8.209,5.5,8.14,long_nclose,44.77,0.026888721837415447,13.0
1656161100000.0,370610,1656161100000.0,0.12419999999999831,-0.00295524,1665.1315889000066,1665.4645889000067,-1.8,8.209,3.7,8.14,long_nclose,30.118000000000002,0.018087459394062717,2.0
1656161400000.0,370615,1656161400000.0,0.08279999999999887,-0.00197016,1665.2124187400066,1665.2999187400067,-1.2,8.209,2.5,8.14,long_nclose,20.35,0.01222066312440665,5.0
1656162180000.0,370628,1656162180000.0,0.0,-0.009273900000000002,1665.2031448400066,1665.1906448400066,5.7,8.135,8.2,8.136524390243903,long_ientry_partial,66.7195,0.04006688325490187,13.0
1656164340000.0,370664,1656164340000.0,0.18488414634146313,-0.0044307,1665.3835982863482,1665.7327141400067,-2.7,8.205,5.5,8.136524390243903,long_nclose,44.75088414634146,0.026871217053169836,36.0
1656164400000.0,370665,1656164400000.0,0.12325609756097543,-0.0029538000000000003,1665.5039005839092,1665.8127603400067,-1.8,8.205,3.7,8.136524390243903,long_nclose,30.10514024390244,0.01807569482926331,1.0
1656164940000.0,370674,1656164940000.0,0.08217073170731694,-0.0019692,1665.5841021156164,1665.7427911400066,-1.2,8.205,2.5,8.136524390243903,long_nclose,20.34131097560976,0.012212719219505236,9.0
1656165120000.0,370677,1656165120000.0,0.054780487804877966,-0.0013128,1665.6375698034212,1665.7709783400066,-0.8,8.205,1.7,8.136524390243903,long_nclose,13.832091463414635,0.008304382486429566,3.0
1656165360000.0,370681,1656165360000.0,0.03423780487804873,-0.0008205,1665.6709871082994,1665.7111578400068,-0.5,8.205,1.2,8.136524390243903,long_nclose,9.763829268292683,0.005861799445305373,4.0
1656166200000.0,370695,1656166200000.0,0.0,-0.0113778,1665.6596093082994,1665.7547800400068,7.0,8.127,8.2,8.128393813206426,long_ientry_partial,66.65282926829269,0.04001587653072268,14.0
1656166440000.0,370699,1656166440000.0,0.1852367043426483,-0.00442638,1665.8404196326421,1666.261753660007,-2.7,8.197,5.5,8.128393813206426,long_nclose,44.70616597263534,0.026837003980545823,4.0
1656166680000.0,370703,1656166680000.0,0.1234911362284322,-0.0029509199999999997,1665.9609598488705,1666.2259027400066,-1.8,8.197,3.7,8.128393813206426,long_nclose,30.075057108863778,0.018052678204171165,4.0
1656167400000.0,370715,1656167400000.0,0.0,-0.0073116000000000006,1665.9536482488704,1665.9045911400067,4.5,8.124,8.2,8.125982574251681,long_ientry_partial,66.63305710886378,0.03999694540055398,12.0
1656171600000.0,370785,1656171600000.0,0.1863470495204611,-0.004425300000000001,1666.1355699983908,1666.5426658400065,-2.7,8.195,5.5,8.125982574251681,long_nclose,44.692904158384245,0.026824290269745223,70.0
1656172020000.0,370792,1656172020000.0,0.0,-0.004379940000000001,1666.1311900583908,1666.0405859000066,2.7,8.111,8.2,8.121049287607836,long_ientry_partial,66.59260415838425,0.03996840378220785,7.0
1656178200000.0,370895,1656178200000.0,0.18616692345884278,-0.0044226000000000005,1666.3129343818496,1666.6921633000065,-2.7,8.19,5.5,8.121049287607836,long_nclose,44.6657710818431,0.02680515175765152,103.0
1656178260000.0,370896,1656178260000.0,0.12411128230589519,-0.0029484,1666.4340972641555,1666.7632149000065,-1.8,8.19,3.7,8.121049287607836,long_nclose,30.047882364148993,0.018031245528088796,1.0
1656179340000.0,370914,1656179340000.0,0.08274085487059679,-0.0019656,1666.514872519026,1666.6997493000065,-1.2,8.19,2.5,8.121049287607836,long_nclose,20.302623219019587,0.012182683487445323,18.0
1656179520000.0,370917,1656179520000.0,0.055160569913731194,-0.0013104,1666.56872268894,1666.7114389000067,-0.8,8.19,1.7,8.121049287607836,long_nclose,13.80578378893332,0.008283957091585312,3.0
1656179820000.0,370922,1656179820000.0,0.034475356196081997,-0.000819,1666.6023790451359,1666.6971199000066,-0.5,8.19,1.2,8.121049287607836,long_nclose,9.745259145129403,0.00584738103560902,5.0
1656181440000.0,370949,1656181440000.0,0.027580284956865597,-0.0006552,1666.6293041300928,1666.6684647000066,-0.4,8.19,0.8,8.121049287607836,long_nclose,6.496839430086268,0.003898191045835074,27.0
1656181800000.0,370955,1656181800000.0,0.013790142478432799,-0.0003276,1666.6427666725713,1666.6781371000066,-0.2,8.19,0.6,8.121049287607836,long_nclose,4.872629572564701,0.0029236196682345056,6.0
1656182400000.0,370965,1656182400000.0,0.013790142478432799,-0.0003276,1666.6562292150497,1666.6878095000066,-0.2,8.19,0.4,8.121049287607836,long_nclose,3.248419715043134,0.0019490640349828186,10.0
1656183600000.0,370985,1656183600000.0,0.04539014247843305,-0.00033392000000000003,1666.7012854375282,1666.7460755800066,-0.2,8.348,0.2,8.121049287607836,long_nclose,1.624209857521567,0.0009745056727997863,20.0
1656183660000.0,370986,1656183660000.0,0.022695071239216526,-0.00016696000000000001,1666.7238135487676,1666.7447086200068,-0.1,8.348,0.1,8.121049287607836,long_nclose,0.8121049287607836,0.0004872462504940515,1.0
1656183780000.0,370988,1656183780000.0,0.022695071239216526,-0.00016696000000000001,1666.746341660007,1666.746341660007,-0.1,8.348,0.0,8.121049287607836,long_nclose,0.0,0.0,2.0
1656282000000.0,372625,1656282000000.0,0.0,-0.013270400000000002,1666.733071260007,1666.741071260007,8.0,8.294,8.0,8.294,long_ientry_normal,66.352,0.03980961387526775,1637.0
1656285480000.0,372683,1656285480000.0,0.0,-0.01326104,1666.7198102200068,1665.0396102200068,8.2,8.086,16.2,8.188716049382716,long_rentry,132.6572,0.07959178212592868,58.0
1656300000000.0,372925,1656300000000.0,0.37413333333332877,-0.00891864,1667.08502491334,1667.8548915800068,-5.4,8.258,10.8,8.188716049382716,long_nclose,88.43813333333334,0.05304956376650952,242.0
1656302160000.0,372961,1656302160000.0,0.24942222222221916,-0.00594576,1667.3285013755622,1667.8417458200065,-3.6,8.258,7.2,8.188716049382716,long_nclose,58.958755555555555,0.03536121136711452,36.0
1656302400000.0,372965,1656302400000.0,0.16628148148147942,-0.00396384,1667.4908190170436,1667.8089819800066,-2.4,8.258,4.8,8.188716049382716,long_nclose,39.30583703703704,0.023571846146779468,4.0
1656303660000.0,372986,1656303660000.0,0.11085432098765297,-0.00264256,1667.5990307780314,1667.8111394200068,-1.6,8.258,3.2,8.188716049382716,long_nclose,26.20389135802469,0.015713544367916225,21.0
1656303720000.0,372987,1656303720000.0,0.0692839506172831,-0.0016515999999999998,1667.6666631286487,1667.8454878200066,-1.0,8.258,2.2,8.188716049382716,long_nclose,18.015175308641975,0.01080262363393675,1.0
1656304020000.0,372992,1656304020000.0,0.04849876543209816,-0.0011561199999999998,1667.7140057740808,1667.7984317000066,-0.7,8.258,1.5,8.188716049382716,long_nclose,12.283074074074074,0.007365216117120035,5.0
1656304080000.0,372993,1656304080000.0,0.03464197530864155,-0.0008257999999999999,1667.7478219493894,1667.8191059000067,-0.5,8.258,1.0,8.188716049382716,long_nclose,8.188716049382716,0.004910044517288667,1.0
1656307080000.0,373043,1656307080000.0,0.020785185185184928,-0.00049548,1667.7681116545746,1667.8145104200066,-0.3,8.258,0.7,8.188716049382716,long_nclose,5.732101234567901,0.0034369893479262808,50.0
1656307140000.0,373044,1656307140000.0,0.01385679012345662,-0.00033032,1667.781638124698,1667.8197801000067,-0.2,8.258,0.5,8.188716049382716,long_nclose,4.094358024691358,0.0024549724802673646,1.0
1656307260000.0,373046,1656307260000.0,0.00692839506172831,-0.00016516,1667.7884013597597,1667.8169149400067,-0.1,8.258,0.4,8.188716049382716,long_nclose,3.2754864197530864,0.001963970019867364,2.0
1656307440000.0,373049,1656307440000.0,0.00692839506172831,-0.00016516,1667.7951645948215,1667.8135497800067,-0.1,8.258,0.3,8.188716049382716,long_nclose,2.456614814814815,0.0014729715416890727,3.0
1656307500000.0,373050,1656307500000.0,0.00692839506172831,-0.00016516,1667.8019278298832,1667.8161846200067,-0.1,8.258,0.2,8.188716049382716,long_nclose,1.6377432098765432,0.0009819770456840449,1.0
1656307620000.0,373052,1656307620000.0,0.00692839506172831,-0.00016516,1667.808691064945,1667.8163194600068,-0.1,8.258,0.1,8.188716049382716,long_nclose,0.8188716049382716,0.0004909865318038353,2.0
1656312300000.0,373130,1656312300000.0,0.00692839506172831,-0.00016516,1667.8154543000066,1667.8154543000066,-0.1,8.258,0.0,8.188716049382716,long_nclose,0.0,0.0,78.0
1656337500000.0,373550,1656337500000.0,0.0,-0.013330979999999997,1667.8021233200066,1667.8102233200066,8.1,8.229,8.1,8.229,long_ientry_normal,66.65489999999998,0.03996571239957025,420.0
1656350820000.0,373772,1656350820000.0,0.0,-0.013316520000000004,1667.7888068000066,1665.9973068000065,8.3,8.022,16.4,8.12423780487805,long_rentry,133.2375,0.07988871220190245,222.0
1656353220000.0,373812,1656353220000.0,0.0,-0.013373900000000001,1667.7754329000065,1663.2579329000066,8.5,7.867,24.9,8.036425702811245,long_rentry,200.107,0.11998437922307352,40.0
1656354720000.0,373837,1656354720000.0,0.5608666666666589,-0.01345264,1668.3228469266733,1669.7101802600066,-8.3,8.104,16.6,8.036425702811245,long_nclose,133.40466666666669,0.07996333977708221,25.0
1656354840000.0,373839,1656354840000.0,0.3716586345381474,-0.0089144,1668.6855911612113,1669.3912658600063,-5.5,8.104,11.1,8.036425702811245,long_nclose,89.20432530120482,0.053457838776643944,2.0
1656354900000.0,373840,1656354900000.0,0.2500248995983901,-0.00599696,1668.9296191008098,1669.3630689000065,-3.7,8.104,7.4,8.036425702811245,long_nclose,59.46955020080322,0.03563334817728526,1.0
1656355020000.0,373842,1656355020000.0,0.16217831325300977,-0.0038899199999999994,1669.0879074940628,1669.4307789800066,-2.4,8.104,5.0,8.036425702811245,long_nclose,40.182128514056224,0.024074303296813718,2.0
1656355140000.0,373844,1656355140000.0,0.10811887550200652,-0.0025932800000000003,1669.193433089565,1669.4435857000067,-1.6,8.104,3.4,8.036425702811245,long_nclose,27.32384738955823,0.016369491305141086,2.0
1656355260000.0,373846,1656355260000.0,0.07433172690762949,-0.0017828800000000001,1669.2659819364724,1669.4122028200065,-1.1,8.104,2.3,8.036425702811245,long_nclose,18.48377911646586,0.011072998141987717,2.0
1656355320000.0,373847,1656355320000.0,0.04730200803212785,-0.0011345599999999997,1669.3121493845044,1669.4218682600065,-0.7,8.104,1.6,8.036425702811245,long_nclose,12.858281124497992,0.007702742191889633,1.0
1656356580000.0,373868,1656356580000.0,0.0,-0.010741440000000001,1669.3014079445045,1669.3434268200065,6.7,8.016,8.3,8.019937484879275,long_ientry_partial,66.56548112449799,0.039876250512759975,21.0
1656372780000.0,374138,1656372780000.0,0.0,-0.013290600000000001,1669.2881173445046,1667.5616362200067,8.5,7.818,16.8,7.91776673360107,long_rentry,133.01848112449798,0.07968575331147934,270.0
1656379680000.0,374253,1656379680000.0,0.0,-0.013340580000000001,1669.2747767645046,1665.0108956400068,8.7,7.667,25.5,7.832211024490116,long_rentry,199.72138112449795,0.1196455993372228,115.0
1656381480000.0,374283,1656381480000.0,0.0,-0.018832500000000002,1669.2559442645047,1661.5120631400068,12.5,7.533,38.0,7.7337863453815245,long_rentry,293.8838811244979,0.17605681269805923,30.0
1656397500000.0,374550,1656397500000.0,0.8216920481927955,-0.01965348,1670.0579828326975,1671.7398096600068,-12.6,7.799,25.4,7.7337863453815245,long_nclose,196.4381731726907,0.11762356468575944,267.0
1656398040000.0,374559,1656398040000.0,0.547794698795197,-0.01310232,1670.5926752114926,1671.7183073400067,-8.4,7.799,17.0,7.7337863453815245,long_nclose,131.47436787148592,0.07869923639814931,9.0
1656399420000.0,374582,1656399420000.0,0.36519646586346466,-0.00873488,1670.949136797356,1671.6469724600067,-5.6,7.799,11.4,7.7337863453815245,long_nclose,88.16516433734938,0.0527635236739355,23.0
1656399720000.0,374587,1656399720000.0,0.24781188755020817,-0.00592724,1671.1910214449063,1671.6942452200067,-3.8,7.799,7.6,7.7337863453815245,long_nclose,58.776776224899585,0.03517059119554231,5.0
1656405480000.0,374683,1656405480000.0,0.1630341365461896,-0.0038995000000000006,1671.3501560814525,1671.7643457200068,-2.5,7.799,5.1,7.7337863453815245,long_nclose,39.44231036144577,0.023599070618403415,96.0
1656406740000.0,374704,1656406740000.0,0.5405341365461891,-0.003975,1671.8867152179987,1672.4228707200068,-2.5,7.95,2.6,7.7337863453815245,long_nclose,20.107844497991966,0.012027037666466586,21.0
1656406800000.0,374705,1656406800000.0,0.28107775100401833,-0.0020670000000000003,1672.1657259690028,1672.4468037200068,-1.3,7.95,1.3,7.7337863453815245,long_nclose,10.053922248995983,0.00601251544201448,1.0
1656406860000.0,374706,1656406860000.0,0.12972819277108538,-0.000954,1672.2945001617738,1672.4528497200067,-0.6,7.95,0.7,7.7337863453815245,long_nclose,5.413650441767067,0.0032372590122393893,1.0
1656407520000.0,374717,1656407520000.0,0.06486409638554269,-0.000477,1672.3588872581593,1672.4493727200067,-0.3,7.95,0.4,7.7337863453815245,long_nclose,3.09351453815261,0.0018497910715949508,11.0
1656407700000.0,374720,1656407700000.0,0.04324273092369513,-0.00031800000000000003,1672.401811989083,1672.4470547200067,-0.2,7.95,0.2,7.7337863453815245,long_nclose,1.546757269076305,0.0009248717969497165,3.0
1656407880000.0,374723,1656407880000.0,0.021621365461847564,-0.00015900000000000002,1672.423274354545,1672.4453957200067,-0.1,7.95,0.1,7.7337863453815245,long_nclose,0.7733786345381525,0.0004624299639914006,3.0
1656408000000.0,374725,1656408000000.0,0.021621365461847564,-0.00015900000000000002,1672.4447367200069,1672.4447367200069,-0.1,7.95,0.0,7.7337863453815245,long_nclose,0.0,0.0,2.0
1656426540000.0,375034,1656426540000.0,0.0,-0.01345368,1672.4312830400067,1672.4573830400068,8.7,7.732,8.7,7.732,long_ientry_normal,67.2684,0.04022192163119855,309.0
1656431280000.0,375113,1656431280000.0,0.19139999999999951,-0.00452284,1672.6181602000067,1673.1575602000066,-2.9,7.798,5.8,7.732,long_nclose,44.8456,0.026811618495543234,79.0
1656432780000.0,375138,1656432780000.0,0.12539999999999968,-0.0029632400000000002,1672.7405969600065,1672.9472969600065,-1.9,7.798,3.9,7.732,long_nclose,30.1548,0.018027182490101882,25.0
1656432840000.0,375139,1656432840000.0,0.0857999999999998,-0.00202748,1672.8243694800067,1672.9101694800067,-1.3,7.798,2.6,7.732,long_nclose,20.1032,0.012017519810671475,1.0
1656433920000.0,375157,1656433920000.0,0.0,-0.009367160000000001,1672.8150023200067,1672.7355023200066,6.1,7.678,8.7,7.694137931034483,long_ientry_partial,66.939,0.04001578172551245,18.0
1656439740000.0,375254,1656439740000.0,0.0,-0.013351780000000002,1672.8016505400067,1671.4557505400066,8.9,7.501,17.6,7.59647159090909,long_rentry,133.6979,0.07992453854695816,97.0
1656455520000.0,375517,1656455520000.0,0.0,-0.013387920000000001,1672.7882626200067,1668.6627626200068,9.1,7.356,26.7,7.514513108614231,long_rentry,200.63749999999996,0.1199419582761486,263.0
1656480780000.0,375938,1656480780000.0,0.0,-0.01893474,1672.7693278800066,1663.6201278800065,13.1,7.227,39.8,7.419879396984925,long_rentry,295.3112,0.1765403006129149,421.0
1656484800000.0,376005,1656484800000.0,0.0,-0.0275652,1672.7417626800066,1660.0415626800066,19.5,7.068,59.3,7.304168634064082,long_rentry,433.13720000000006,0.2589384743440872,67.0
1656532260000.0,376796,1656532260000.0,1.2180779089375797,-0.02902204,1673.9308185489442,1676.5377406400066,-19.7,7.366,39.6,7.304168634064082,long_nclose,289.2450779089377,0.17279392595189286,791.0
1656533460000.0,376816,1656533460000.0,4.0358610455311785,-0.02973168,1677.9369479144755,1681.6164089600065,-19.8,7.508,19.8,7.304168634064082,long_nclose,144.62253895446884,0.08619068739991788,20.0
1656533520000.0,376817,1656533520000.0,2.0179305227655893,-0.01486584,1679.9400125972409,1681.8292431200064,-9.9,7.508,9.9,7.304168634064082,long_nclose,72.31126947723442,0.04304395926937825,1.0
1656535680000.0,376853,1656535680000.0,0.2040435075885286,-0.00486156,1680.1391945448293,1680.5736815600062,-3.3,7.366,6.6,7.304168634064082,long_nclose,48.20751298482294,0.02869257091397297,36.0
1656536160000.0,376861,1656536160000.0,0.13602900505901908,-0.0032410400000000006,1680.2719825098884,1680.5616405200064,-2.2,7.366,4.4,7.304168634064082,long_nclose,32.138341989881965,0.019126868938132063,8.0
1656536760000.0,376871,1656536760000.0,0.08656391231028486,-0.0020624799999999998,1680.3564839421988,1680.5389780400064,-1.4,7.366,3.0,7.304168634064082,long_nclose,21.912505902192244,0.013040391197696592,10.0
1656536820000.0,376872,1656536820000.0,0.06183136593591776,-0.0014732,1680.4168421081347,1680.5385048400065,-1.0,7.366,2.0,7.304168634064082,long_nclose,14.608337268128164,0.008693281870349238,1.0
1656536880000.0,376873,1656536880000.0,0.03709881956155065,-0.0008839200000000001,1680.4530570076963,1680.5452209200066,-0.6,7.366,1.4,7.304168634064082,long_nclose,10.225836087689714,0.006085166166973078,1.0
1656539580000.0,376918,1656539580000.0,0.024732546374367104,-0.0005892800000000001,1680.4772002740708,1680.5430316400068,-0.4,7.366,1.0,7.304168634064082,long_nclose,7.304168634064082,0.0043464848156659535,45.0
1656540420000.0,376932,1656540420000.0,0.018549409780775326,-0.00044196000000000003,1680.4953077238515,1680.5413896800067,-0.3,7.366,0.7,7.304168634064082,long_nclose,5.112918043844857,0.003042506587400148,14.0
1656542460000.0,376966,1656542460000.0,0.012366273187183552,-0.00029464000000000004,1680.5073793570386,1680.5402950400066,-0.2,7.366,0.5,7.304168634064082,long_nclose,3.652084317032041,0.002173203380058543,34.0
1656542580000.0,376968,1656542580000.0,0.006183136593591776,-0.00014732000000000002,1680.5134151736322,1680.5417477200065,-0.1,7.366,0.4,7.304168634064082,long_nclose,2.921667453625633,0.0017385564597374925,2.0
1656542880000.0,376973,1656542880000.0,0.006183136593591776,-0.00014732000000000002,1680.5194509902258,1680.5392004000066,-0.1,7.366,0.3,7.304168634064082,long_nclose,2.1912505902192243,0.0013039126616047534,5.0
1656545760000.0,377021,1656545760000.0,0.006183136593591776,-0.00014732000000000002,1680.5254868068193,1680.5426530800066,-0.1,7.366,0.2,7.304168634064082,long_nclose,1.4608337268128164,0.0008692719856266856,48.0
1656546420000.0,377032,1656546420000.0,0.006183136593591776,-0.00014732000000000002,1680.531522623413,1680.5376057600065,-0.1,7.366,0.1,7.304168634064082,long_nclose,0.7304168634064082,0.00043463443176964785,11.0
1656546960000.0,377041,1656546960000.0,0.006183136593591776,-0.00014732000000000002,1680.5375584400065,1680.5375584400065,-0.1,7.366,0.0,7.304168634064082,long_nclose,0.0,0.0,9.0
1656551880000.0,377123,1656551880000.0,0.0,-0.013505920000000001,1680.5240525200065,1680.3454525200066,9.4,7.184,9.4,7.184,long_ientry_normal,67.5296,0.04018365574639466,82.0
1656552540000.0,377134,1656552540000.0,0.18909999999999982,-0.004491900000000001,1680.7086606200066,1681.1244606200066,-3.1,7.245,6.3,7.184,long_nclose,45.2592,0.026928640912282836,11.0
1656552900000.0,377140,1656552900000.0,0.12809999999999988,-0.0030429000000000003,1680.8337177200065,1681.3839177200064,-2.1,7.245,4.2,7.184,long_nclose,30.172800000000002,0.017951091581461357,6.0
1656553440000.0,377149,1656553440000.0,0.4200000000000004,-0.0031012800000000005,1681.2506164400065,1681.6832164400066,-2.1,7.384,2.1,7.184,long_nclose,15.086400000000001,0.008973320129954785,9.0
1656556140000.0,377194,1656556140000.0,0.20000000000000018,-0.0014768000000000001,1681.4491396400065,1681.7197396400065,-1.0,7.384,1.1,7.184,long_nclose,7.902400000000001,0.004699755593970498,45.0
1656556740000.0,377204,1656556740000.0,0.3739999999999999,-0.0016552800000000003,1681.8214843600065,1681.8214843600065,-1.1,7.524,0.0,7.184,long_nclose,0.0,0.0,10.0
1656570660000.0,377436,1656570660000.0,0.0,-0.013466400000000002,1681.8080179600065,1681.9940179600064,9.3,7.24,9.3,7.24,long_ientry_normal,67.33200000000001,0.04003548519269883,232.0
1656570720000.0,377437,1656570720000.0,0.18909999999999982,-0.00452662,1681.9925913400066,1682.1165913400066,-3.1,7.301,6.2,7.24,long_nclose,44.888000000000005,0.026687394600376165,1.0
1656570780000.0,377438,1656570780000.0,0.0,-0.0044881800000000005,1681.9881031600066,1682.1307031600065,3.1,7.239,9.3,7.2396666666666665,long_ientry_partial,67.3289,0.040029355661616736,1.0
1656570840000.0,377439,1656570840000.0,0.19013333333333443,-0.00452662,1682.17370987334,1682.5167765400065,-3.1,7.301,6.2,7.2396666666666665,long_nclose,44.885933333333334,0.026683292617094248,1.0
1656570900000.0,377440,1656570900000.0,0.12266666666666737,-0.0029204,1682.2934561400066,1682.4418561400066,-2.0,7.301,4.2,7.2396666666666665,long_nclose,30.4066,0.018074492229059384,1.0
1656571020000.0,377442,1656571020000.0,0.08586666666666715,-0.00204428,1682.377278526673,1682.6442118600064,-1.4,7.301,2.8,7.2396666666666665,long_nclose,20.271066666666666,0.012049061126419201,2.0
1656571200000.0,377445,1656571200000.0,0.05520000000000032,-0.00131418,1682.431164346673,1682.5362976800063,-0.9,7.301,1.9,7.2396666666666665,long_nclose,13.755366666666665,0.00817588675136566,3.0
1656571260000.0,377446,1656571260000.0,0.03680000000000021,-0.0008761200000000001,1682.4670882266732,1682.5520215600066,-0.6,7.301,1.3,7.2396666666666665,long_nclose,9.411566666666667,0.0055939083340919874,1.0
1656571380000.0,377448,1656571380000.0,0.024533333333333476,-0.0005840800000000001,1682.4910374800065,1682.5543374800066,-0.4,7.301,0.9,7.2396666666666665,long_nclose,6.5157,0.0038726506441062857,2.0
1656571620000.0,377452,1656571620000.0,0.018400000000000104,-0.00043806000000000004,1682.5089994200064,1682.5601994200065,-0.3,7.301,0.6,7.2396666666666665,long_nclose,4.3438,0.0025817395339325926,4.0
1656572100000.0,377460,1656572100000.0,0.012266666666666738,-0.00029204000000000003,1682.520974046673,1682.5511073800064,-0.2,7.301,0.4,7.2396666666666665,long_nclose,2.8958666666666666,0.0017211474396671238,8.0
1656572400000.0,377465,1656572400000.0,0.006133333333333369,-0.00014602000000000001,1682.5269613600062,1682.5615613600062,-0.1,7.301,0.3,7.2396666666666665,long_nclose,2.1719,0.0012908559861914057,5.0
1656573360000.0,377481,1656573360000.0,0.006133333333333369,-0.00014602000000000001,1682.5329486733394,1682.548015340006,-0.1,7.301,0.2,7.2396666666666665,long_nclose,1.4479333333333333,0.0008605675951101073,16.0
1656574020000.0,377492,1656574020000.0,0.02023333333333337,-0.00014884000000000002,1682.5530331666728,1682.575566500006,-0.1,7.442,0.1,7.2396666666666665,long_nclose,0.7239666666666666,0.00043027866129373345,11.0
1656574200000.0,377495,1656574200000.0,0.02023333333333337,-0.00014884000000000002,1682.5731176600061,1682.5731176600061,-0.1,7.442,0.0,7.2396666666666665,long_nclose,0.0,0.0,3.0
1656576540000.0,377534,1656576540000.0,0.0,-0.013458960000000002,1682.5596587000061,1682.503858700006,9.3,7.236,9.3,7.236,long_ientry_normal,67.29480000000001,0.03999549118632376,39.0
1656580920000.0,377607,1656580920000.0,0.0,-0.013402600000000002,1682.546256100006,1680.778456100006,9.5,7.054,18.8,7.144031914893617,long_rentry,134.30780000000001,0.07982413530271296,73.0
1656589620000.0,377752,1656589620000.0,0.0,-0.01342092,1682.532835180006,1678.055435180006,9.7,6.918,28.5,7.067101754385964,long_rentry,201.4124,0.11970785698125877,145.0
1656594180000.0,377828,1656594180000.0,0.5690333333333357,-0.0135413,1683.0883272133394,1684.3783938800061,-9.5,7.127,19.0,7.067101754385964,long_nclose,134.27493333333334,0.07977889880304145,76.0
1656594540000.0,377834,1656594540000.0,0.3773589473684226,-0.00898002,1683.4567061407079,1684.065013860006,-6.3,7.127,12.7,7.067101754385964,long_nclose,89.75219228070175,0.05331422658706616,6.0
1656601260000.0,377946,1656601260000.0,0.25157263157894844,-0.00598668,1683.7022920922868,1684.0669271800061,-4.2,7.127,8.5,7.067101754385964,long_nclose,60.070364912280695,0.03567754536797182,112.0
1656601320000.0,377947,1656601320000.0,0.16771508771929894,-0.00399112,1683.8660160600061,1684.1390360600062,-2.8,7.127,5.7,7.067101754385964,long_nclose,40.28248,0.023922615942006453,1.0
1656602640000.0,377969,1656602640000.0,0.11380666666666714,-0.00270826,1683.977114466673,1684.2921278000063,-1.9,7.127,3.8,7.067101754385964,long_nclose,26.854986666666665,0.01594735845039784,22.0
1656604740000.0,378004,1656604740000.0,0.0718778947368424,-0.00171048,1684.0472818814098,1684.2498173200063,-1.2,7.127,2.6,7.067101754385964,long_nclose,18.374464561403506,0.010910895887005998,35.0
1656606060000.0,378026,1656606060000.0,0.047918596491228274,-0.00114032,1684.094060157901,1684.2072770000061,-0.8,7.127,1.8,7.067101754385964,long_nclose,12.720783157894736,0.007553487337103982,22.0
1656608280000.0,378063,1656608280000.0,0.0359389473684212,-0.00085524,1684.1291438652693,1684.1866217600061,-0.6,7.127,1.2,7.067101754385964,long_nclose,8.480522105263157,0.005035553322116015,37.0
1656608460000.0,378066,1656608460000.0,0.023959298245614137,-0.00057016,1684.152533003515,1684.2028516000062,-0.4,7.127,0.8,7.067101754385964,long_nclose,5.653681403508772,0.003356988926309427,3.0
1656608640000.0,378069,1656608640000.0,0.011979649122807069,-0.00028508,1684.1642275726379,1684.2079665200063,-0.2,7.127,0.6,7.067101754385964,long_nclose,4.2402610526315785,0.0025177242119333023,3.0
1656608820000.0,378072,1656608820000.0,0.011979649122807069,-0.00028508,1684.1759221417608,1684.2010814400064,-0.2,7.127,0.4,7.067101754385964,long_nclose,2.826840701754386,0.001678471152918219,3.0
1656608940000.0,378074,1656608940000.0,0.005989824561403534,-0.00014254,1684.181769426322,1684.2021389000063,-0.1,7.127,0.3,7.067101754385964,long_nclose,2.1201305263157892,0.0012588489940951939,2.0
1656609060000.0,378076,1656609060000.0,0.005989824561403534,-0.00014254,1684.1876167108833,1684.200196360006,-0.1,7.127,0.2,7.067101754385964,long_nclose,1.413420350877193,0.0008392297490213813,2.0
1656609300000.0,378080,1656609300000.0,0.005989824561403534,-0.00014254,1684.1934639954445,1684.1992538200059,-0.1,7.127,0.1,7.067101754385964,long_nclose,0.7067101754385965,0.0004196134176664327,4.0
1656609420000.0,378082,1656609420000.0,0.005989824561403534,-0.00014254,1684.1993112800058,1684.1993112800058,-0.1,7.127,0.0,7.067101754385964,long_nclose,0.0,0.0,2.0
1656672000000.0,379125,1656672000000.0,0.0,-0.013542660000000002,1684.1857686200058,1684.3624686200058,9.3,7.281,9.3,7.281,long_ientry_normal,67.7133,0.04020536288908508,1043.0
1656676860000.0,379206,1656676860000.0,0.19220000000000087,-0.00455266,1684.3734159600058,1684.7702159600058,-3.1,7.343,6.2,7.281,long_nclose,45.1422,0.026800589211550388,81.0
1656677760000.0,379221,1656677760000.0,0.12400000000000055,-0.0029372,1684.494478760006,1684.784278760006,-2.0,7.343,4.2,7.281,long_nclose,30.5802,0.018153933055637422,15.0
1656678420000.0,379232,1656678420000.0,0.08680000000000038,-0.00205604,1684.5792227200059,1684.8004227200058,-1.4,7.343,2.8,7.281,long_nclose,20.386799999999997,0.012102013206052992,11.0
1656678600000.0,379235,1656678600000.0,0.05580000000000025,-0.00132174,1684.6337009800059,1684.7553009800058,-0.9,7.343,1.9,7.281,long_nclose,13.833899999999998,0.008211814824761235,3.0
1656679080000.0,379243,1656679080000.0,0.037200000000000163,-0.0008811600000000001,1684.6700198200058,1684.740219820006,-0.6,7.343,1.3,7.281,long_nclose,9.4653,0.005618489014846536,8.0
1656680460000.0,379266,1656680460000.0,0.024800000000000114,-0.00058744,1684.6942323800058,1684.7968323800058,-0.4,7.343,0.9,7.281,long_nclose,6.5529,0.003889667260712687,23.0
1656680880000.0,379273,1656680880000.0,0.018600000000000082,-0.00044058000000000004,1684.712391800006,1684.7507918000058,-0.3,7.343,0.6,7.281,long_nclose,4.3686,0.0025930835561388814,7.0
1656681180000.0,379278,1656681180000.0,0.060900000000000086,-0.00044904000000000005,1684.772842760006,1684.8265427600059,-0.3,7.484,0.3,7.281,long_nclose,2.1843,0.0012964952571420047,5.0
1656681300000.0,379280,1656681300000.0,0.02030000000000003,-0.00014968000000000002,1684.7929930800058,1684.8357930800057,-0.1,7.484,0.2,7.281,long_nclose,1.4562,0.0008643198339387024,2.0
1656681480000.0,379283,1656681480000.0,0.02030000000000003,-0.00014968000000000002,1684.8131434000056,1684.8405434000056,-0.1,7.484,0.1,7.281,long_nclose,0.7281,0.00043215474834833694,3.0
1656681540000.0,379284,1656681540000.0,0.034500000000000065,-0.00015252,1684.8474908800056,1684.8474908800056,-0.1,7.626,0.0,7.281,long_nclose,0.0,0.0,1.0
1656812580000.0,381468,1656812580000.0,0.0,-0.013486099999999999,1684.8340047800057,1683.6610047800057,8.5,7.933,8.5,7.933,long_ientry_normal,67.4305,0.0400220436011467,2184.0
1656824280000.0,381663,1656824280000.0,0.18760000000000046,-0.00448,1685.0171247800056,1685.4275247800056,-2.8,8.0,5.7,7.933,long_nclose,45.2181,0.026835394925676874,195.0
1656824400000.0,381665,1656824400000.0,0.6188000000000002,-0.00456624,1685.6313585400055,1686.2316585400056,-2.8,8.154,2.9,7.933,long_nclose,23.005699999999997,0.013648120559364877,2.0
1656825480000.0,381683,1656825480000.0,0.06030000000000015,-0.00144,1685.6902185400056,1685.8542185400056,-0.9,8.0,2.0,7.933,long_nclose,15.866,0.009412168277123725,18.0
1656827100000.0,381710,1656827100000.0,0.040200000000000104,-0.00096,1685.7294585400055,1685.8512585400053,-0.6,8.0,1.4,7.933,long_nclose,11.1062,0.00658836442807316,27.0
1656827280000.0,381713,1656827280000.0,0.02680000000000007,-0.00064,1685.7556185400056,1685.8326185400056,-0.4,8.0,1.0,7.933,long_nclose,7.933,0.004705901562926772,3.0
1656828480000.0,381733,1656828480000.0,0.020100000000000052,-0.00048,1685.7752385400056,1685.8291385400057,-0.3,8.0,0.7,7.933,long_nclose,5.5531,0.003294092755099047,20.0
1656828780000.0,381738,1656828780000.0,0.013400000000000035,-0.00032,1685.7883185400055,1685.8318185400055,-0.2,8.0,0.5,7.933,long_nclose,3.9665,0.0023529051402107403,5.0
1656830940000.0,381774,1656830940000.0,0.006700000000000018,-0.00016,1685.7948585400054,1685.8216585400055,-0.1,8.0,0.4,7.933,long_nclose,3.1732,0.0018823168097381506,36.0
1656831000000.0,381775,1656831000000.0,0.006700000000000018,-0.00016,1685.8013985400053,1685.8184985400053,-0.1,8.0,0.3,7.933,long_nclose,2.3798999999999997,0.0014117321305232757,1.0
1656831240000.0,381779,1656831240000.0,0.006700000000000018,-0.00016,1685.8079385400051,1685.8233385400051,-0.1,8.0,0.2,7.933,long_nclose,1.5866,0.0009411511025236219,4.0
1656831720000.0,381787,1656831720000.0,0.006700000000000018,-0.00016,1685.814478540005,1685.819178540005,-0.1,8.0,0.1,7.933,long_nclose,0.7933,0.00047057372569669426,8.0
1656832980000.0,381808,1656832980000.0,0.006700000000000018,-0.00016,1685.8210185400048,1685.8210185400048,-0.1,8.0,0.0,7.933,long_nclose,0.0,0.0,21.0
1656854280000.0,382163,1656854280000.0,0.0,-0.0134266,1685.8075919400048,1686.377091940005,8.5,7.898,8.5,7.898,long_ientry_normal,67.133,0.03982245679813569,355.0
1656854460000.0,382166,1656854460000.0,0.18760000000000046,-0.0044604,1685.9907315400048,1686.4866315400047,-2.8,7.965,5.7,7.898,long_nclose,45.0186,0.02670157027427989,3.0
1656855480000.0,382183,1656855480000.0,0.12730000000000033,-0.0030267000000000002,1686.115004840005,1686.293604840005,-1.9,7.965,3.8,7.898,long_nclose,30.012399999999996,0.017799734842433163,17.0
1656855720000.0,382187,1656855720000.0,0.08040000000000021,-0.0019116,1686.193493240005,1686.380693240005,-1.2,7.965,2.6,7.898,long_nclose,20.5348,0.012178199051487605,4.0
1656856440000.0,382199,1656856440000.0,0.05360000000000014,-0.0012744,1686.2458188400049,1686.3574188400048,-0.8,7.965,1.8,7.898,long_nclose,14.2164,0.008430799259018882,12.0
1656856560000.0,382201,1656856560000.0,0.040200000000000104,-0.0009558,1686.2850630400048,1686.401463040005,-0.6,7.965,1.2,7.898,long_nclose,9.477599999999999,0.005620402035059214,2.0
1656856980000.0,382208,1656856980000.0,0.02680000000000007,-0.0006372,1686.311225840005,1686.3848258400049,-0.4,7.965,0.8,7.898,long_nclose,6.3184000000000005,0.003746876557055834,7.0
1656861660000.0,382286,1656861660000.0,0.013400000000000035,-0.0003186,1686.324307240005,1686.370507240005,-0.2,7.965,0.6,7.898,long_nclose,4.7387999999999995,0.002810135618430336,78.0
1656862080000.0,382293,1656862080000.0,0.013400000000000035,-0.0003186,1686.3373886400052,1686.3681886400052,-0.2,7.965,0.4,7.898,long_nclose,3.1592000000000002,0.0018734092129380035,7.0
1656862260000.0,382296,1656862260000.0,0.006700000000000018,-0.0001593,1686.3439293400052,1686.3655293400052,-0.1,7.965,0.3,7.898,long_nclose,2.3693999999999997,0.0014050514600110824,3.0
1656862440000.0,382299,1656862440000.0,0.006700000000000018,-0.0001593,1686.3504700400051,1686.366870040005,-0.1,7.965,0.2,7.898,long_nclose,1.5796000000000001,0.0009366973402406247,3.0
1656866340000.0,382364,1656866340000.0,0.022000000000000065,-0.00016236,1686.372307680005,1686.3935076800049,-0.1,8.118,0.1,7.898,long_nclose,0.7898000000000001,0.00046834260524981734,65.0
1656866400000.0,382365,1656866400000.0,0.022000000000000065,-0.00016236,1686.3941453200048,1686.3941453200048,-0.1,8.118,0.0,7.898,long_nclose,0.0,0.0,1.0
1656901380000.0,382948,1656901380000.0,0.0,-0.0135048,1686.3806405200048,1686.3891405200047,8.5,7.944,8.5,7.944,long_ientry_normal,67.524,0.040040782239517764,583.0
1656913500000.0,383150,1656913500000.0,0.187599999999998,-0.0044861599999999995,1686.5637543600049,1687.025454360005,-2.8,8.011,5.7,7.944,long_nclose,45.2808,0.026847962244500246,202.0
1656913920000.0,383157,1656913920000.0,0.12729999999999864,-0.00304418,1686.688010180005,1686.957810180005,-1.9,8.011,3.8,7.944,long_nclose,30.187199999999997,0.01789732292979209,7.0
1656919920000.0,383257,1656919920000.0,0.08039999999999914,-0.00192264,1686.766487540005,1686.964087540005,-1.2,8.011,2.6,7.944,long_nclose,20.6544,0.01224496701385297,100.0
1656920220000.0,383262,1656920220000.0,0.053599999999999426,-0.0012817599999999998,1686.818805780005,1686.955605780005,-0.8,8.011,1.8,7.944,long_nclose,14.2992,0.00847702192494106,5.0
1656920400000.0,383265,1656920400000.0,0.04019999999999957,-0.00096132,1686.858044460005,1686.943244460005,-0.6,8.011,1.2,7.944,long_nclose,9.5328,0.005651216491694551,3.0
1656921420000.0,383282,1656921420000.0,0.026799999999999713,-0.0006408799999999999,1686.884203580005,1686.9490035800052,-0.4,8.011,0.8,7.944,long_nclose,6.3552,0.0037674192374987092,17.0
1656921660000.0,383286,1656921660000.0,0.013399999999999856,-0.00032043999999999996,1686.8972831400051,1686.9458831400052,-0.2,8.011,0.6,7.944,long_nclose,4.7664,0.002825542519772029,4.0
1656922440000.0,383299,1656922440000.0,0.013399999999999856,-0.00032043999999999996,1686.9103627000052,1686.938762700005,-0.2,8.011,0.4,7.944,long_nclose,3.1776,0.001883680407839841,13.0
1656922740000.0,383304,1656922740000.0,0.006699999999999928,-0.00016021999999999998,1686.916902480005,1686.9382024800052,-0.1,8.011,0.3,7.944,long_nclose,2.3832,0.0014127548289405132,5.0
1656922920000.0,383307,1656922920000.0,0.006699999999999928,-0.00016021999999999998,1686.923442260005,1686.937642260005,-0.1,8.011,0.2,7.944,long_nclose,1.5888,0.0009418329013624073,3.0
1656923340000.0,383314,1656923340000.0,0.006699999999999928,-0.00016021999999999998,1686.929982040005,1686.937082040005,-0.1,8.011,0.1,7.944,long_nclose,0.7944,0.00047091462506305796,7.0
1656923880000.0,383323,1656923880000.0,0.006699999999999928,-0.00016021999999999998,1686.9365218200048,1686.9365218200048,-0.1,8.011,0.0,7.944,long_nclose,0.0,0.0,9.0
1657023480000.0,384983,1657023480000.0,0.0,-0.013559560000000002,1686.9229622600049,1686.788662260005,7.9,8.582,7.9,8.582,long_ientry_normal,67.79780000000001,0.040190217050083854,1660.0
1657035780000.0,385188,1657035780000.0,0.18979999999999642,-0.0045006,1687.108261660005,1687.654161660005,-2.6,8.655,5.3,8.582,long_nclose,45.4846,0.026960095587017105,205.0
1657036140000.0,385194,1657036140000.0,0.12409999999999766,-0.0029427,1687.229418960005,1687.456218960005,-1.7,8.655,3.6,8.582,long_nclose,30.895200000000003,0.018311202764022195,6.0
1657036200000.0,385195,1657036200000.0,0.08759999999999835,-0.0020772,1687.314941760005,1687.490141760005,-1.2,8.655,2.4,8.582,long_nclose,20.5968,0.01220684976481977,1.0
1657036260000.0,385196,1657036260000.0,0.0583999999999989,-0.0013848,1687.3719569600048,1687.5287569600048,-0.8,8.655,1.6,8.582,long_nclose,13.731200000000001,0.008137624868874994,1.0
1657036860000.0,385206,1657036860000.0,0.1911999999999992,-0.00141136,1687.5617456000048,1687.7641456000047,-0.8,8.821,0.8,8.582,long_nclose,6.865600000000001,0.004068354842660271,10.0
1657040700000.0,385270,1657040700000.0,0.0955999999999996,-0.00070568,1687.6566399200049,1687.749839920005,-0.4,8.821,0.4,8.582,long_nclose,3.4328000000000003,0.002034063042683087,64.0
1657040940000.0,385274,1657040940000.0,0.0477999999999998,-0.00035284,1687.704087080005,1687.752687080005,-0.2,8.821,0.2,8.582,long_nclose,1.7164000000000001,0.001017002929091464,4.0
1657041060000.0,385276,1657041060000.0,0.0238999999999999,-0.00017642,1687.727810660005,1687.7516106600049,-0.1,8.821,0.1,8.582,long_nclose,0.8582000000000001,0.0005084943167846427,2.0
1657041120000.0,385277,1657041120000.0,0.0238999999999999,-0.00017642,1687.751534240005,1687.751534240005,-0.1,8.821,0.0,8.582,long_nclose,0.0,0.0,1.0
1657106100000.0,386360,1657106100000.0,0.0,-0.01341704,1687.738117200005,1687.722917200005,7.6,8.827,7.6,8.827,long_ientry_normal,67.0852,0.03974858380949281,1083.0
1657110060000.0,386426,1657110060000.0,0.18749999999999822,-0.004451,1687.921166200005,1688.293466200005,-2.5,8.902,5.1,8.827,long_nclose,45.0177,0.026670499133172054,66.0
1657110240000.0,386429,1657110240000.0,0.12749999999999878,-0.00302668,1688.0456395200051,1688.259839520005,-1.7,8.902,3.4,8.827,long_nclose,30.011799999999997,0.017779021667052697,3.0
1657110300000.0,386430,1657110300000.0,0.08249999999999923,-0.00195844,1688.1261810800052,1688.2480810800052,-1.1,8.902,2.3,8.827,long_nclose,20.3021,0.012026411430341903,1.0
1657110420000.0,386432,1657110420000.0,0.0,-0.00951912,1688.116661960005,1688.055961960005,5.4,8.814,7.7,8.817883116883117,long_ientry_partial,67.8977,0.04022097615052664,2.0
1657113600000.0,386485,1657113600000.0,0.18779220779221006,-0.004446500000000001,1688.3000076677972,1688.935015460005,-2.5,8.893,5.2,8.817883116883117,long_nclose,45.852992207792205,0.027159267902351743,53.0
1657114320000.0,386497,1657114320000.0,0.6399038961038969,-0.00471328,1688.9351982839012,1689.5127021800051,-2.6,9.064,2.6,8.817883116883117,long_nclose,22.926496103896103,0.013574526794865387,12.0
1657114320000.0,386497,1657114320000.0,1.0845038961038953,-0.0048022,1690.0148999800049,1690.0148999800049,-2.6,9.235,0.0,8.817883116883117,long_nclose,0.0,0.0,0.0
1657143840000.0,386989,1657143840000.0,0.0,-0.013570480000000001,1690.0013295000049,1689.9859295000049,7.7,8.812,7.7,8.812,long_ientry_normal,67.8524,0.04014931752750423,492.0
1657144920000.0,387007,1657144920000.0,0.18750000000000266,-0.0044435,1690.184386000005,1690.589986000005,-2.5,8.887,5.2,8.812,long_nclose,45.8224,0.027110888243645076,18.0
1657145040000.0,387009,1657145040000.0,0.1275000000000018,-0.0030215800000000003,1690.308864420005,1690.599364420005,-1.7,8.887,3.5,8.812,long_nclose,30.842,0.01824636943531785,2.0
1657147740000.0,387054,1657147740000.0,0.08250000000000118,-0.00195514,1690.3894092800049,1690.6006092800048,-1.1,8.887,2.4,8.812,long_nclose,21.148799999999998,0.012511200013379166,45.0
1657151100000.0,387110,1657151100000.0,0.06000000000000086,-0.0014219200000000001,1690.4479873600048,1690.5967873600048,-0.8,8.887,1.6,8.812,long_nclose,14.0992,0.008340510980180413,56.0
1657152000000.0,387125,1657152000000.0,0.03750000000000053,-0.0008887000000000001,1690.4845986600048,1690.564898660005,-0.5,8.887,1.1,8.812,long_nclose,9.693200000000001,0.005733977113830852,15.0
1657152060000.0,387126,1657152060000.0,0.02250000000000032,-0.00053322,1690.5065654400048,1690.5889654400048,-0.3,8.887,0.8,8.812,long_nclose,7.0496,0.004170110985735883,1.0
1657152600000.0,387135,1657152600000.0,0.015000000000000215,-0.00035548000000000003,1690.5212099600049,1690.5740099600048,-0.2,8.887,0.6,8.812,long_nclose,5.2871999999999995,0.0031275561459090397,9.0
1657153200000.0,387145,1657153200000.0,0.015000000000000215,-0.00035548000000000003,1690.535854480005,1690.5670544800048,-0.2,8.887,0.4,8.812,long_nclose,3.5248,0.0020850193686570463,10.0
1657154280000.0,387163,1657154280000.0,0.007500000000000107,-0.00017774000000000002,1690.5431767400048,1690.5695767400048,-0.1,8.887,0.3,8.812,long_nclose,2.6435999999999997,0.0015637577533499278,18.0
1657155060000.0,387176,1657155060000.0,0.007500000000000107,-0.00017774000000000002,1690.5504990000047,1690.5640990000047,-0.1,8.887,0.2,8.812,long_nclose,1.7624,0.001042500653510496,13.0
1657155180000.0,387178,1657155180000.0,0.007500000000000107,-0.00017774000000000002,1690.5578212600046,1690.5671212600046,-0.1,8.887,0.1,8.812,long_nclose,0.8812,0.0005212480690800774,2.0
1657155540000.0,387184,1657155540000.0,0.007500000000000107,-0.00017774000000000002,1690.5651435200045,1690.5651435200045,-0.1,8.887,0.0,8.812,long_nclose,0.0,0.0,6.0
1657160460000.0,387266,1657160460000.0,0.0,-0.01348886,1690.5516546600045,1690.4053546600044,7.7,8.759,7.7,8.759,long_ientry_normal,67.4443,0.039894847231724526,82.0
1657170780000.0,387438,1657170780000.0,0.1849999999999996,-0.0044165,1690.7322381600045,1691.1274381600044,-2.5,8.833,5.2,8.759,long_nclose,45.546800000000005,0.026939097139099814,172.0
1657179180000.0,387578,1657179180000.0,0.12579999999999972,-0.00300322,1690.8550349400045,1691.1035349400045,-1.7,8.833,3.5,8.759,long_nclose,30.6565,0.018130767787013606,140.0
1657179240000.0,387579,1657179240000.0,0.08139999999999983,-0.0019432600000000003,1690.9344916800046,1691.1408916800046,-1.1,8.833,2.4,8.759,long_nclose,21.0216,0.012431942280102335,1.0
1657179840000.0,387589,1657179840000.0,0.05919999999999988,-0.0014132800000000003,1690.9922784000046,1691.1298784000046,-0.8,8.833,1.6,8.759,long_nclose,14.014400000000002,0.008287678293398389,10.0
1657196160000.0,387861,1657196160000.0,0.19519999999999982,-0.0014404800000000003,1691.1860379200048,1691.3708379200048,-0.8,9.003,0.8,8.759,long_nclose,7.007200000000001,0.004143364386225763,272.0
1657196220000.0,387862,1657196220000.0,0.09759999999999991,-0.0007202400000000001,1691.2829176800049,1691.381317680005,-0.4,9.003,0.4,8.759,long_nclose,3.5036000000000005,0.002071563523390881,1.0
1657199220000.0,387912,1657199220000.0,0.007399999999999985,-0.00017666000000000003,1691.2901410200047,1691.3099410200048,-0.1,8.833,0.3,8.759,long_nclose,2.6277,0.0015536660069544622,50.0
1657199280000.0,387913,1657199280000.0,0.007399999999999985,-0.00017666000000000003,1691.2973643600046,1691.3115643600047,-0.1,8.833,0.2,8.759,long_nclose,1.7518000000000002,0.001035772914281629,1.0
1657199340000.0,387914,1657199340000.0,0.007399999999999985,-0.00017666000000000003,1691.3045877000045,1691.3121877000044,-0.1,8.833,0.1,8.759,long_nclose,0.8759000000000001,0.0005178842453157013,1.0
1657199580000.0,387918,1657199580000.0,0.007399999999999985,-0.00017666000000000003,1691.3118110400044,1691.3118110400044,-0.1,8.833,0.0,8.759,long_nclose,0.0,0.0,4.0
1657270080000.0,389093,1657270080000.0,0.0,-0.013607999999999999,1691.2982030400044,1691.2832030400043,7.5,9.072,7.5,9.072,long_ientry_normal,68.03999999999999,0.040229452072793714,1175.0
1657275900000.0,389190,1657275900000.0,0.1924999999999999,-0.0045745,1691.4861285400045,1691.8511285400045,-2.5,9.149,5.0,9.072,long_nclose,45.36,0.026816655031721835,97.0
1657276140000.0,389194,1657276140000.0,0.12319999999999993,-0.0029276799999999998,1691.6064008600044,1691.8206008600043,-1.6,9.149,3.4,9.072,long_nclose,30.844799999999996,0.018234028899582463,4.0
1657282260000.0,389296,1657282260000.0,0.08469999999999996,-0.00201278,1691.6890880800045,1691.8339880800045,-1.1,9.149,2.3,9.072,long_nclose,20.865599999999997,0.01233418134988479,102.0
1657283400000.0,389315,1657283400000.0,0.0,-0.00934336,1691.6797447200045,1691.9348447200045,5.2,8.984,7.5,9.010986666666668,long_ientry_partial,67.5824,0.039949878344843454,19.0
1657287720000.0,389387,1657287720000.0,0.1900333333333304,-0.004543500000000001,1691.8652345533378,1692.3353012200046,-2.5,9.087,5.0,9.010986666666668,long_nclose,45.05493333333334,0.02663033225883863,72.0
1657290480000.0,389433,1657290480000.0,0.12162133333333146,-0.0029078400000000005,1691.983948046671,1692.2355933800043,-1.6,9.087,3.4,9.010986666666668,long_nclose,30.63735466666667,0.018107355393079404,46.0
1657290540000.0,389434,1657290540000.0,0.08361466666666538,-0.0019991400000000004,1692.0655635733376,1692.2587942400044,-1.1,9.087,2.3,9.010986666666668,long_nclose,20.725269333333333,0.012248502528214864,1.0
1657300320000.0,389597,1657300320000.0,0.053209333333332505,-0.00127218,1692.117500726671,1692.2439220600045,-0.7,9.087,1.6,9.010986666666668,long_nclose,14.41757866666667,0.008520435880176829,163.0
1657302120000.0,389627,1657302120000.0,0.03800666666666608,-0.0009087,1692.1545986933377,1692.2415133600043,-0.5,9.087,1.1,9.010986666666668,long_nclose,9.912085333333335,0.005857671244097516,30.0
1657302780000.0,389638,1657302780000.0,0.022803999999999647,-0.00054522,1692.1768574733376,1692.2480681400043,-0.3,9.087,0.8,9.010986666666668,long_nclose,7.208789333333335,0.00426006850377158,11.0
1657303200000.0,389645,1657303200000.0,0.015202666666666432,-0.00036348000000000006,1692.1916966600043,1692.2391046600042,-0.2,9.087,0.6,9.010986666666668,long_nclose,5.406592000000001,0.003195023359747814,7.0
1657303380000.0,389648,1657303380000.0,0.015202666666666432,-0.00036348000000000006,1692.206535846671,1692.2361411800043,-0.2,9.087,0.4,9.010986666666668,long_nclose,3.6043946666666673,0.0021299968947722215,3.0
1657303440000.0,389649,1657303440000.0,0.007601333333333216,-0.00018174000000000003,1692.2139554400042,1692.2421594400041,-0.1,9.087,0.3,9.010986666666668,long_nclose,2.7032960000000004,0.0015974906667739293,1.0
1657317900000.0,389890,1657317900000.0,0.007601333333333216,-0.00018174000000000003,1692.2213750333374,1692.2381777000041,-0.1,9.087,0.2,9.010986666666668,long_nclose,1.8021973333333337,0.001064989108353409,241.0
1657318140000.0,389894,1657318140000.0,0.007601333333333216,-0.00018174000000000003,1692.2287946266706,1692.236695960004,-0.1,9.087,0.1,9.010986666666668,long_nclose,0.9010986666666668,0.0005324922194492393,4.0
1657318380000.0,389898,1657318380000.0,0.007601333333333216,-0.00018174000000000003,1692.2362142200038,1692.2362142200038,-0.1,9.087,0.0,9.010986666666668,long_nclose,0.0,0.0,4.0
1657324620000.0,390002,1657324620000.0,0.0,-0.0134715,1692.222742720004,1691.9902427200038,7.5,8.981,7.5,8.981,long_ientry_normal,67.3575,0.03980415715943667,104.0
1657325100000.0,390010,1657325100000.0,0.19000000000000128,-0.0045285,1692.4082142200039,1692.9282142200038,-2.5,9.057,5.0,8.981,long_nclose,44.905,0.026533196673649916,8.0
1657325520000.0,390017,1657325520000.0,0.12160000000000082,-0.0028982400000000003,1692.5269159800039,1692.710515980004,-1.6,9.057,3.4,8.981,long_nclose,30.5354,0.018041308360711918,7.0
1657325580000.0,390018,1657325580000.0,0.08360000000000056,-0.0019925400000000005,1692.6085234400039,1692.790223440004,-1.1,9.057,2.3,8.981,long_nclose,20.656299999999998,0.012203826055429988,1.0
1657325760000.0,390021,1657325760000.0,0.05320000000000036,-0.0012679800000000001,1692.660455460004,1692.810855460004,-0.7,9.057,1.6,8.981,long_nclose,14.3696,0.008489357658027677,3.0
1657330800000.0,390105,1657330800000.0,0.20079999999999956,-0.0014771200000000002,1692.8597783400041,1693.0469783400042,-0.8,9.232,0.8,8.981,long_nclose,7.1848,0.0042441790465630415,84.0
1657331280000.0,390113,1657331280000.0,0.10039999999999978,-0.0007385600000000001,1692.9594397800042,1693.0570397800043,-0.4,9.232,0.4,8.981,long_nclose,3.5924,0.0021219645997347836,8.0
1657331340000.0,390114,1657331340000.0,0.05019999999999989,-0.00036928000000000004,1693.009270500004,1693.059070500004,-0.2,9.232,0.2,8.981,long_nclose,1.7962,0.0010609510717383846,1.0
1657333560000.0,390151,1657333560000.0,0.025099999999999945,-0.00018464000000000002,1693.034185860004,1693.059085860004,-0.1,9.232,0.1,8.981,long_nclose,0.8981,0.0005304677291816146,37.0
1657333620000.0,390152,1657333620000.0,0.025099999999999945,-0.00018464000000000002,1693.059101220004,1693.059101220004,-0.1,9.232,0.0,8.981,long_nclose,0.0,0.0,1.0
1657367700000.0,390720,1657367700000.0,0.0,-0.013564499999999998,1693.045536720004,1693.135536720004,7.5,9.043,7.5,9.043,long_ientry_normal,67.82249999999999,0.040059465932260084,568.0
1657375680000.0,390853,1657375680000.0,0.1924999999999999,-0.00456,1693.233476720004,1693.668476720004,-2.5,9.12,5.0,9.043,long_nclose,45.214999999999996,0.02670334636165289,133.0
1657376280000.0,390863,1657376280000.0,0.12319999999999993,-0.0029184,1693.353758320004,1693.6495583200042,-1.6,9.12,3.4,9.043,long_nclose,30.746199999999998,0.018156985714847713,10.0
1657376760000.0,390871,1657376760000.0,0.08469999999999996,-0.0020064,1693.4364519200042,1693.5905519200041,-1.1,9.12,2.3,9.043,long_nclose,20.798899999999996,0.01228206702201218,8.0
1657376940000.0,390874,1657376940000.0,0.05389999999999997,-0.0012768,1693.4890751200044,1693.6122751200044,-0.7,9.12,1.6,9.043,long_nclose,14.4688,0.008543781127713923,3.0
1657377660000.0,390886,1657377660000.0,0.03849999999999998,-0.0009119999999999999,1693.5266631200045,1693.6223631200046,-0.5,9.12,1.1,9.043,long_nclose,9.9473,0.005873719154603666,12.0
1657378080000.0,390893,1657378080000.0,0.023099999999999985,-0.0005472,1693.5492159200046,1693.6188159200046,-0.3,9.12,0.8,9.043,long_nclose,7.2344,0.004271738861790314,7.0
1657378260000.0,390896,1657378260000.0,0.015399999999999992,-0.0003648,1693.5642511200047,1693.6134511200046,-0.2,9.12,0.6,9.043,long_nclose,5.4258,0.0032037757034678524,3.0
1657378560000.0,390901,1657378560000.0,0.015399999999999992,-0.0003648,1693.5792863200047,1693.6080863200048,-0.2,9.12,0.4,9.043,long_nclose,3.6172,0.0021358315073986586,5.0
1657378620000.0,390902,1657378620000.0,0.007699999999999996,-0.0001824,1693.5868039200047,1693.6084039200048,-0.1,9.12,0.3,9.043,long_nclose,2.7129,0.0016018665200512165,1.0
1657380540000.0,390934,1657380540000.0,0.007699999999999996,-0.0001824,1693.5943215200048,1693.6117215200047,-0.1,9.12,0.2,9.043,long_nclose,1.8086,0.0010679062730777093,32.0
1657381200000.0,390945,1657381200000.0,0.007699999999999996,-0.0001824,1693.6018391200048,1693.6100391200048,-0.1,9.12,0.1,9.043,long_nclose,0.9043,0.0005339507664150118,11.0
1657382400000.0,390965,1657382400000.0,0.007699999999999996,-0.0001824,1693.6093567200048,1693.6093567200048,-0.1,9.12,0.0,9.043,long_nclose,0.0,0.0,20.0
1657407240000.0,391379,1657407240000.0,0.0,-0.013459500000000001,1693.5958972200049,1693.610897220005,7.5,8.973,7.5,8.973,long_ientry_normal,67.2975,0.03973645667804649,414.0
1657408140000.0,391394,1657408140000.0,0.18999999999999684,-0.0045245,1693.781372720005,1694.1913727200051,-2.5,9.049,5.0,8.973,long_nclose,44.865,0.026488070256642578,15.0
1657408440000.0,391399,1657408440000.0,0.12159999999999799,-0.0028956800000000003,1693.900077040005,1694.161877040005,-1.6,9.049,3.4,8.973,long_nclose,30.508200000000002,0.018010625546054263,5.0
1657408560000.0,391401,1657408560000.0,0.08359999999999862,-0.00199078,1693.981686260005,1694.181786260005,-1.1,9.049,2.3,8.973,long_nclose,20.637900000000002,0.012183071497995133,2.0
1657410360000.0,391431,1657410360000.0,0.0,-0.009491240000000001,1693.972195020005,1693.898095020005,5.3,8.954,7.6,8.959750000000001,long_ientry_partial,68.09410000000001,0.04019788530188705,30.0
1657419960000.0,391591,1657419960000.0,0.0,-0.01362504,1693.958569980005,1692.104269980005,7.8,8.734,15.4,8.84540909090909,long_rentry,136.2193,0.0804147766149959,160.0
1657464840000.0,392339,1657464840000.0,0.0,-0.0135327,1693.945037280005,1689.743237280005,7.9,8.565,23.3,8.750334763948498,long_rentry,203.8828,0.12035974929114461,748.0
1657500900000.0,392940,1657500900000.0,0.5672223175965654,-0.01358896,1694.4986706376014,1695.5854483200048,-7.7,8.824,15.6,8.750334763948498,long_nclose,136.50522231759658,0.08055788103169934,601.0
1657500960000.0,392941,1657500960000.0,0.38305922746781035,-0.00917696,1694.8725529050691,1695.7530713600047,-5.2,8.824,10.4,8.750334763948498,long_nclose,91.00348154506437,0.05369340685179031,1.0
1657501200000.0,392945,1657501200000.0,0.25046180257510675,-0.00600032,1695.117014387644,1695.4646710400045,-3.4,8.824,7.0,8.750334763948498,long_nclose,61.25234334763948,0.03613458116917475,4.0
1657503060000.0,392976,1657503060000.0,0.0,-0.01348688,1695.103527507644,1693.7372841600045,7.9,8.536,14.9,8.636694184405336,long_rentry,128.6867433476395,0.07591674564966014,31.0
1657507920000.0,393057,1657507920000.0,0.359198496413859,-0.008535800000000001,1695.454190204058,1696.1872483600046,-4.9,8.71,10.0,8.636694184405336,long_nclose,86.36694184405336,0.0509402980883008,81.0
1657507980000.0,393058,1657507980000.0,0.24190919146239478,-0.0057486,1695.6903507955203,1696.0139997600045,-3.3,8.71,6.7,8.636694184405336,long_nclose,57.86585103551575,0.03412524639794549,1.0
1657508820000.0,393072,1657508820000.0,0.16127279430826322,-0.0038324000000000006,1695.8477911898285,1696.2226673600046,-2.2,8.71,4.5,8.636694184405336,long_nclose,38.865123829824014,0.022917813751761145,14.0
1657511760000.0,393121,1657511760000.0,0.10995872339199764,-0.0026130000000000003,1695.9551369132205,1696.1600543600046,-1.5,8.71,3.0,8.636694184405336,long_nclose,25.910082553216007,0.015277575443637332,49.0
1657511880000.0,393123,1657511880000.0,0.07330581559466509,-0.0017420000000000003,1696.0267007288153,1696.2033123600047,-1.0,8.71,2.0,8.636694184405336,long_nclose,17.27338836881067,0.01018462053774741,2.0
1657512720000.0,393137,1657512720000.0,0.043983489356799056,-0.0010452,1696.0696390181722,1696.1722671600048,-0.6,8.71,1.4,8.636694184405336,long_nclose,12.09137185816747,0.007129053890244137,14.0
1657512840000.0,393139,1657512840000.0,0.02932232623786604,-0.0006968000000000001,1696.09826454441,1696.1815703600048,-0.4,8.71,1.0,8.636694184405336,long_nclose,8.636694184405336,0.005092095408001165,2.0
1657514700000.0,393170,1657514700000.0,0.021991744678399528,-0.0005226,1696.1197336890884,1696.1745477600048,-0.3,8.71,0.7,8.636694184405336,long_nclose,6.045685929083735,0.0035644216672924786,31.0
1657515960000.0,393191,1657515960000.0,0.01466116311893302,-0.00034840000000000007,1696.1340464522075,1696.1806993600048,-0.2,8.71,0.5,8.636694184405336,long_nclose,4.318347092202668,0.0025459939921820014,21.0
1657516860000.0,393206,1657516860000.0,0.00733058155946651,-0.00017420000000000003,1696.141202833767,1696.1745251600048,-0.1,8.71,0.4,8.636694184405336,long_nclose,3.4546776737621343,0.0020367866000721847,15.0
1657518600000.0,393235,1657518600000.0,0.00733058155946651,-0.00017420000000000003,1696.1483592153265,1696.165850960005,-0.1,8.71,0.3,8.636694184405336,long_nclose,2.5910082553216007,0.001527583504853464,29.0
1657521600000.0,393285,1657521600000.0,0.0,-0.01299144,1696.1353677753266,1696.0926595200049,7.6,8.547,7.9,8.550406108268557,long_ientry_partial,67.54820825532161,0.039824774330317,50.0
1657523100000.0,393310,1657523100000.0,0.18874411850174902,-0.0044839599999999995,1696.3196279338283,1696.767975560005,-2.6,8.623,5.3,8.550406108268557,long_nclose,45.317152373823355,0.026714984385944468,25.0
1657523820000.0,393322,1657523820000.0,0.12340961594345128,-0.00293182,1696.4401057297719,1696.7446437400051,-1.7,8.623,3.6,8.550406108268557,long_nclose,30.781461989766807,0.0181447384353869,12.0
1657524360000.0,393331,1657524360000.0,0.08711267007773031,-0.0020695199999999996,1696.5251488798494,1696.6801742200048,-1.2,8.623,2.4,8.550406108268557,long_nclose,20.520974659844537,0.012095885919164683,9.0
1657524420000.0,393332,1657524420000.0,0.058075113385153546,-0.00137968,1696.5818443132348,1696.709194540005,-0.8,8.623,1.6,8.550406108268557,long_nclose,13.680649773229693,0.008063654470360981,1.0
1657524720000.0,393337,1657524720000.0,0.036296945865720964,-0.0008623,1696.6172789591003,1696.7103322400048,-0.5,8.623,1.1,8.550406108268557,long_nclose,9.405446719095414,0.005543646664300033,5.0
1657527120000.0,393377,1657527120000.0,0.021778167519432578,-0.0005173799999999999,1696.6385397466197,1696.7182148600048,-0.3,8.623,0.8,8.550406108268557,long_nclose,6.840324886614846,0.004031692506310977,40.0
1657531080000.0,393443,1657531080000.0,0.09543755669257692,-0.00070312,1696.7332741833122,1696.8251117400048,-0.4,8.789,0.4,8.550406108268557,long_nclose,3.420162443307423,0.002015733701546961,66.0
1657531140000.0,393444,1657531140000.0,0.04771877834628846,-0.00035156,1696.7806414016586,1696.8275601800049,-0.2,8.789,0.2,8.550406108268557,long_nclose,1.7100812216537116,0.0010078387152278362,1.0
1657531200000.0,393445,1657531200000.0,0.02385938917314423,-0.00017578,1696.8043250108317,1696.828784400005,-0.1,8.789,0.1,8.550406108268557,long_nclose,0.8550406108268558,0.0005039123240220393,1.0
1657531560000.0,393451,1657531560000.0,0.02385938917314423,-0.00017578,1696.8280086200048,1696.8280086200048,-0.1,8.789,0.0,8.550406108268557,long_nclose,0.0,0.0,6.0
1657573380000.0,394148,1657573380000.0,0.0,-0.0135642,1696.8144444200047,1696.7754444200048,7.8,8.695,7.8,8.695,long_ientry_normal,67.821,0.0399696031720087,697.0
1657578060000.0,394226,1657578060000.0,0.0,-0.013561600000000002,1696.8008828200047,1694.8398828200047,8.0,8.476,15.8,8.584113924050634,long_rentry,135.62900000000002,0.07993218377785782,78.0
1657580640000.0,394269,1657580640000.0,0.0,-0.013631679999999998,1696.7872511400049,1692.0798511400048,8.2,8.312,24.0,8.491141666666667,long_rentry,203.78740000000002,0.12010191605522923,43.0
1657583400000.0,394315,1657583400000.0,0.0,-0.019274120000000002,1696.7679770200048,1689.4539770200047,11.8,8.167,35.8,8.384301675977655,long_rentry,300.158,0.17689984963481026,46.0
1657618440000.0,394899,1657618440000.0,0.0,-0.028110720000000006,1696.7398663000047,1682.4272663000045,17.6,7.986,53.4,8.253026217228467,long_rentry,440.7116000000001,0.2597402281594513,584.0
1657663140000.0,395644,1657663140000.0,0.0,-0.04061,1696.6992563000047,1668.6436563000045,26.2,7.75,79.6,8.087457286432162,long_rentry,643.7616,0.379419981242788,745.0
1657716120000.0,396527,1657716120000.0,0.0,-0.058000800000000005,1696.6412555000047,1647.6316555000046,39.0,7.436,118.6,7.873234401349073,long_rentry,933.7656000000001,0.5503612487159619,883.0
1657749720000.0,397087,1657749720000.0,2.637241146711626,-0.062726,1699.2157706467162,1704.1014295000045,-39.5,7.94,79.1,7.873234401349073,long_nclose,622.7728411467117,0.36650603878852084,560.0
1657749780000.0,397088,1657749780000.0,1.7559352445193863,-0.0417644,1700.9299414912357,1704.9831651000047,-26.3,7.94,52.8,7.873234401349073,long_nclose,415.706776391231,0.24439970527344204,1.0
1657749900000.0,397090,1657749900000.0,1.1750745362563195,-0.027948800000000006,1702.0770672274919,1704.9552163000044,-17.6,7.94,35.2,7.873234401349073,long_nclose,277.1378509274874,0.16282332701827446,2.0
1657750860000.0,397106,1657750860000.0,0.7811575042158486,-0.0185796,1702.8396451317076,1704.5261367000044,-11.7,7.94,23.5,7.873234401349073,long_nclose,185.02100843170322,0.10865439324287791,16.0
1657752780000.0,397138,1657752780000.0,0.5207716694772324,-0.0123864,1703.3480304011848,1704.5532503000043,-7.8,7.94,15.7,7.873234401349073,long_nclose,123.60978010118045,0.07256871637211273,32.0
1657752960000.0,397141,1657752960000.0,0.3471811129848216,-0.0082576,1703.6869539141696,1704.4929927000044,-5.2,7.94,10.5,7.873234401349073,long_nclose,82.66896121416526,0.04852356298452354,3.0
1657753260000.0,397146,1657753260000.0,0.23367959527824533,-0.0055580000000000004,1703.915075509448,1704.4174347000044,-3.5,7.94,7.0,7.873234401349073,long_nclose,55.11264080944351,0.032344711072507866,5.0
1657754100000.0,397160,1657754100000.0,0.7691795952782439,-0.0056651,1704.6785900047262,1705.5947696000044,-3.5,8.093,3.5,7.873234401349073,long_nclose,27.556320404721756,0.016165112042995363,14.0
1657754760000.0,397171,1657754760000.0,0.37360151770657557,-0.0027516199999999998,1705.0494399024328,1705.4306179800044,-1.7,8.093,1.8,7.873234401349073,long_nclose,14.171821922428332,0.008311678002274983,11.0
1657755000000.0,397175,1657755000000.0,0.19778903878583415,-0.0014567400000000002,1705.2457722012186,1705.4498612400046,-0.9,8.093,0.9,7.873234401349073,long_nclose,7.085910961214166,0.004155360521473282,4.0
1657756080000.0,397193,1657756080000.0,0.08790623946037074,-0.00064744,1705.333031000679,1705.4464138000046,-0.4,8.093,0.5,7.873234401349073,long_nclose,3.9366172006745366,0.002308415499560548,18.0
1657756980000.0,397208,1657756980000.0,0.18638279932546364,-0.0008246000000000001,1705.5185892000045,1705.5185892000045,-0.5,8.246,0.0,7.873234401349073,long_nclose,0.0,0.0,15.0
1657932120000.0,400127,1657932120000.0,0.0,-0.01357512,1705.5050140800045,1705.6114140800046,7.6,8.931,7.6,8.931,long_ientry_normal,67.87559999999999,0.0397979480796859,2919.0
1657932600000.0,400135,1657932600000.0,0.19000000000000128,-0.0045035,1705.6905105800045,1706.0679105800045,-2.5,9.007,5.1,8.931,long_nclose,45.54809999999999,0.02670361341490478,8.0
1657932660000.0,400136,1657932660000.0,0.12920000000000087,-0.00306238,1705.8166482000045,1706.0342482000044,-1.7,9.007,3.4,8.931,long_nclose,30.365399999999998,0.01780109253362129,1.0
1657937580000.0,400218,1657937580000.0,0.0,-0.007669479999999999,1705.8089787200045,1705.7416787200045,4.3,8.918,7.7,8.923740259740258,long_ientry_partial,68.71279999999999,0.0402816498548157,82.0
1657949760000.0,400421,1657949760000.0,0.1881493506493559,-0.004499500000000001,1705.9926285706538,1706.4151792200043,-2.5,8.999,5.2,8.923740259740258,long_nclose,46.403449350649346,0.02720026369019422,203.0
1657949880000.0,400423,1657949880000.0,0.127941558441562,-0.0030596600000000005,1706.1175104690954,1706.4019195600044,-1.7,8.999,3.5,8.923740259740258,long_nclose,31.233090909090905,0.018306529718755068,2.0
1657950420000.0,400432,1657950420000.0,0.0827857142857166,-0.0019797800000000004,1706.198316403381,1706.3813397800045,-1.1,8.999,2.4,8.923740259740258,long_nclose,21.41697662337662,0.012552454434794552,9.0
1657950660000.0,400436,1657950660000.0,0.06020779220779389,-0.0014398400000000004,1706.2570843555889,1706.3710999400043,-0.8,8.999,1.6,8.923740259740258,long_nclose,14.277984415584413,0.008368014730310618,4.0
1657950780000.0,400438,1657950780000.0,0.03762987012987118,-0.0008999000000000001,1706.2938143257188,1706.3777000400046,-0.5,8.999,1.1,8.923740259740258,long_nclose,9.816114285714285,0.005752886286816522,2.0
1657950900000.0,400440,1657950900000.0,0.022577922077922707,-0.00053994,1706.3158523077968,1706.3768601000047,-0.3,8.999,0.8,8.923740259740258,long_nclose,7.138992207792207,0.004183863261972688,2.0
1657977480000.0,400883,1657977480000.0,0.015051948051948472,-0.0003599600000000001,1706.3305442958488,1706.3763001400046,-0.2,8.999,0.6,8.923740259740258,long_nclose,5.354244155844155,0.003137870428295996,443.0
1657978080000.0,400893,1657978080000.0,0.015051948051948472,-0.0003599600000000001,1706.3452362839007,1706.3757401800046,-0.2,8.999,0.4,8.923740259740258,long_nclose,3.5694961038961033,0.0020918956070518266,10.0
1657979100000.0,400910,1657979100000.0,0.007525974025974236,-0.00017998000000000005,1706.3525822779268,1706.3754602000047,-0.1,8.999,0.3,8.923740259740258,long_nclose,2.6771220779220775,0.0015689149509465412,17.0
1657984140000.0,400994,1657984140000.0,0.007525974025974236,-0.00017998000000000005,1706.3599282719529,1706.377180220005,-0.1,8.999,0.2,8.923740259740258,long_nclose,1.7847480519480516,0.001045938797774912,84.0
1657984380000.0,400998,1657984380000.0,0.007525974025974236,-0.00017998000000000005,1706.367274265979,1706.3754002400049,-0.1,8.999,0.1,8.923740259740258,long_nclose,0.8923740259740258,0.0005229671474787834,4.0
1657985040000.0,401009,1657985040000.0,0.007525974025974236,-0.00017998000000000005,1706.374620260005,1706.374620260005,-0.1,8.999,0.0,8.923740259740258,long_nclose,0.0,0.0,11.0
1658062980000.0,402308,1658062980000.0,0.0,-0.0136648,1706.360955460005,1706.284955460005,7.6,8.99,7.6,8.99,long_ientry_normal,68.324,0.04004076615875276,1299.0
1658064300000.0,402330,1658064300000.0,0.19000000000000128,-0.004533000000000001,1706.546422460005,1706.928922460005,-2.5,9.066,5.1,8.99,long_nclose,45.849,0.026866541335516775,22.0
1658064420000.0,402332,1658064420000.0,0.12920000000000087,-0.00308244,1706.672540020005,1707.046540020005,-1.7,9.066,3.4,8.99,long_nclose,30.566,0.01790970399022282,2.0
1658067360000.0,402381,1658067360000.0,0.08360000000000056,-0.0019945200000000005,1706.754145500005,1706.926645500005,-1.1,9.066,2.3,8.99,long_nclose,20.677,0.012114808717187873,49.0
1658067420000.0,402382,1658067420000.0,0.05320000000000036,-0.0012692400000000003,1706.806076260005,1706.902076260005,-0.7,9.066,1.6,8.99,long_nclose,14.384,0.008427436602240468,1.0
1658067540000.0,402384,1658067540000.0,0.038000000000000256,-0.0009066000000000001,1706.843169660005,1706.953169660005,-0.5,9.066,1.1,8.99,long_nclose,9.889000000000001,0.005793736750852067,2.0
1658067900000.0,402390,1658067900000.0,0.022800000000000153,-0.00054396,1706.865425700005,1706.933425700005,-0.3,9.066,0.8,8.99,long_nclose,7.192,0.004213571785866175,6.0
1658068320000.0,402397,1658068320000.0,0.015200000000000102,-0.00036264000000000007,1706.880263060005,1706.9252630600051,-0.2,9.066,0.6,8.99,long_nclose,5.394,0.003160151368983505,7.0
1658068380000.0,402398,1658068380000.0,0.015200000000000102,-0.00036264000000000007,1706.895100420005,1706.9291004200052,-0.2,9.066,0.4,8.99,long_nclose,3.596,0.0021067492660299713,1.0
1658071080000.0,402443,1658071080000.0,0.007600000000000051,-0.00018132000000000003,1706.902519100005,1706.926519100005,-0.1,9.066,0.3,8.99,long_nclose,2.697,0.0015800550821273858,45.0
1658071380000.0,402448,1658071380000.0,0.007600000000000051,-0.00018132000000000003,1706.909937780005,1706.9259377800051,-0.1,9.066,0.2,8.99,long_nclose,1.798,0.0010533654765279919,5.0
1658074680000.0,402503,1658074680000.0,0.0,-0.013235640000000002,1706.8967021400051,1706.826502140005,7.4,8.943,7.6,8.944236842105264,long_ientry_partial,67.9762,0.039824436894614366,55.0
1658077860000.0,402556,1658077860000.0,0.1894078947368394,-0.004509999999999999,1707.081600034742,1707.4934921400052,-2.5,9.02,5.1,8.944236842105264,long_nclose,45.61560789473684,0.026721398610241295,53.0
1658080620000.0,402602,1658080620000.0,0.0,-0.0046332000000000005,1707.076966834742,1706.8253589400051,2.6,8.91,7.7,8.932676349965822,long_ientry_partial,68.78160789473684,0.04029203675700196,46.0
1658082000000.0,402625,1658082000000.0,0.18830912508544184,-0.004503999999999999,1707.2607719598275,1707.6628549400052,-2.5,9.008,5.2,8.932676349965822,long_nclose,46.44991701982228,0.027207277167448012,23.0
1658083260000.0,402646,1658083260000.0,0.12805020505810044,-0.0030627199999999997,1707.3857594448857,1707.6213922200054,-1.7,9.008,3.5,8.932676349965822,long_nclose,31.264367224880377,0.01831124984610696,21.0
1658083380000.0,402648,1658083380000.0,0.08285601503759442,-0.00198176,1707.4666336999232,1707.7002104600053,-1.1,9.008,2.4,8.932676349965822,long_nclose,21.438423239917974,0.012555690879571028,2.0
1658084640000.0,402669,1658084640000.0,0.060258920027341394,-0.0014412799999999999,1707.5254513399505,1707.6491691800052,-0.8,9.008,1.6,8.932676349965822,long_nclose,14.292282159945316,0.00837017225642505,21.0
1658085660000.0,402686,1658085660000.0,0.03766182501708837,-0.0009008,1707.5622123649675,1707.6472683800052,-0.5,9.008,1.1,8.932676349965822,long_nclose,9.825943984962406,0.005754369541449098,17.0
1658085900000.0,402690,1658085900000.0,0.02259709501025302,-0.0005404799999999999,1707.5842689799779,1707.6461279000052,-0.3,9.008,0.8,8.932676349965822,long_nclose,7.146141079972658,0.004184941973166215,4.0
1658087640000.0,402719,1658087640000.0,0.015064730006835348,-0.00036031999999999997,1707.5989733899846,1707.648367580005,-0.2,9.008,0.6,8.932676349965822,long_nclose,5.359605809979493,0.003138679451967237,29.0
1658088240000.0,402729,1658088240000.0,0.015064730006835348,-0.00036031999999999997,1707.6136777999914,1707.646607260005,-0.2,9.008,0.4,8.932676349965822,long_nclose,3.573070539986329,0.002092434949683528,10.0
1658089440000.0,402749,1658089440000.0,0.007532365003417674,-0.00018015999999999998,1707.621030004995,1707.6472271000052,-0.1,9.008,0.3,8.932676349965822,long_nclose,2.6798029049897467,0.001569319455489435,20.0
1658091240000.0,402779,1658091240000.0,0.007532365003417674,-0.00018015999999999998,1707.6283822099986,1707.6418469400055,-0.1,9.008,0.2,8.932676349965822,long_nclose,1.7865352699931645,0.0010462084658496044,30.0
1658091900000.0,402790,1658091900000.0,0.007532365003417674,-0.00018015999999999998,1707.6357344150022,1707.6429667800055,-0.1,9.008,0.1,8.932676349965822,long_nclose,0.8932676349965822,0.0005231019807058534,11.0
1658092140000.0,402794,1658092140000.0,0.007532365003417674,-0.00018015999999999998,1707.6430866200058,1707.6430866200058,-0.1,9.008,0.0,8.932676349965822,long_nclose,0.0,0.0,4.0
1658170680000.0,404103,1658170680000.0,0.0,-0.013743280000000002,1707.6293433400058,1707.6589433400059,7.4,9.286,7.4,9.286,long_ientry_normal,68.71640000000001,0.04024081705318758,1309.0
1658184840000.0,404339,1658184840000.0,0.1896000000000015,-0.0044952,1707.8144481400057,1708.2594481400056,-2.4,9.365,5.0,9.286,long_nclose,46.43,0.02718679423901542,236.0
1658185200000.0,404345,1658185200000.0,0.126400000000001,-0.0029968000000000004,1707.9378513400059,1708.2404513400058,-1.6,9.365,3.4,9.286,long_nclose,31.5724,0.018485684344561527,6.0
1658185320000.0,404347,1658185320000.0,0.0869000000000007,-0.0020603,1708.0226910400058,1708.1928910400059,-1.1,9.365,2.3,9.286,long_nclose,21.357799999999997,0.012504400621864893,2.0
1658185380000.0,404348,1658185380000.0,0.05530000000000043,-0.0013111,1708.0766799400058,1708.2190799400057,-0.7,9.365,1.6,9.286,long_nclose,14.8576,0.008698438527081732,1.0
1658186580000.0,404368,1658186580000.0,0.20720000000000027,-0.0015272,1708.2823527400058,1708.4975527400059,-0.8,9.545,0.8,9.286,long_nclose,7.4288,0.004348695628731719,20.0
1658186880000.0,404373,1658186880000.0,0.10360000000000014,-0.0007636,1708.3851891400057,1708.4787891400056,-0.4,9.545,0.4,9.286,long_nclose,3.7144,0.0021742169293037564,5.0
1658187060000.0,404376,1658187060000.0,0.05180000000000007,-0.0003818,1708.4366073400056,1708.4924073400057,-0.2,9.545,0.2,9.286,long_nclose,1.8572,0.0010870757463407527,3.0
1658187540000.0,404384,1658187540000.0,0.025900000000000034,-0.0001909,1708.4623164400057,1708.4902164400057,-0.1,9.545,0.1,9.286,long_nclose,0.9286,0.000543529693961856,8.0
1658187900000.0,404390,1658187900000.0,0.025900000000000034,-0.0001909,1708.4880255400058,1708.4880255400058,-0.1,9.545,0.0,9.286,long_nclose,0.0,0.0,6.0
1658203500000.0,404650,1658203500000.0,0.0,-0.013731440000000001,1708.4742941000059,1708.378094100006,7.4,9.278,7.4,9.278,long_ientry_normal,68.6572,0.0401862645736601,260.0
1658204580000.0,404668,1658204580000.0,0.18959999999999724,-0.00449136,1708.6594027400058,1709.069402740006,-2.4,9.357,5.0,9.278,long_nclose,46.39,0.027149939845008905,18.0
1658209680000.0,404753,1658209680000.0,0.6475000000000009,-0.0047685,1709.302134240006,1709.969634240006,-2.5,9.537,2.5,9.278,long_nclose,23.195,0.01356986546460554,85.0
1658209800000.0,404755,1658209800000.0,0.3108000000000004,-0.00228888,1709.610645360006,1709.938245360006,-1.2,9.537,1.3,9.278,long_nclose,12.0614,0.007055056677808729,2.0
1658211660000.0,404786,1658211660000.0,0.1554000000000002,-0.00114444,1709.764900920006,1709.955300920006,-0.6,9.537,0.7,9.278,long_nclose,6.4946,0.003798533936744944,31.0
1658214780000.0,404838,1658214780000.0,0.0777000000000001,-0.00057222,1709.842028700006,1709.950828700006,-0.3,9.537,0.4,9.278,long_nclose,3.7112000000000003,0.0021704929096997504,52.0
1658214900000.0,404840,1658214900000.0,0.05180000000000007,-0.00038148000000000007,1709.893447220006,1709.944847220006,-0.2,9.537,0.2,9.278,long_nclose,1.8556000000000001,0.0010852138202043454,2.0
1658218740000.0,404904,1658218740000.0,0.025900000000000034,-0.00019074000000000003,1709.919156480006,1709.945356480006,-0.1,9.537,0.1,9.278,long_nclose,0.9278000000000001,0.0005425987518087957,64.0
1658219640000.0,404919,1658219640000.0,0.025900000000000034,-0.00019074000000000003,1709.944865740006,1709.944865740006,-0.1,9.537,0.0,9.278,long_nclose,0.0,0.0,15.0
1658307240000.0,406379,1658307240000.0,0.0,-0.013704720000000002,1709.931161020006,1709.951561020006,6.8,10.077,6.8,10.077,long_ientry_normal,68.5236,0.04007389394501963,1460.0
1658308680000.0,406403,1658308680000.0,0.1870000000000019,-0.004471280000000001,1710.1136897400058,1710.5184897400059,-2.2,10.162,4.6,10.077,long_nclose,46.3542,0.027105917155161408,24.0
1658309040000.0,406409,1658309040000.0,0.12750000000000128,-0.0030486000000000007,1710.2381411400058,1710.4644411400059,-1.5,10.162,3.1,10.077,long_nclose,31.2387,0.01826570186253535,6.0
1658309220000.0,406412,1658309220000.0,0.08500000000000085,-0.0020324,1710.321108740006,1710.505908740006,-1.0,10.162,2.1,10.077,long_nclose,21.1617,0.01237293973152786,3.0
1658309460000.0,406416,1658309460000.0,0.059500000000000594,-0.0014226800000000002,1710.379186060006,1710.5093860600061,-0.7,10.162,1.4,10.077,long_nclose,14.1078,0.008248346398846465,4.0
1658309700000.0,406420,1658309700000.0,0.03400000000000034,-0.0008129600000000002,1710.412373100006,1710.500373100006,-0.4,10.162,1.0,10.077,long_nclose,10.077,0.005891561683301041,4.0
1658309880000.0,406423,1658309880000.0,0.025500000000000255,-0.00060972,1710.437263380006,1710.502363380006,-0.3,10.162,0.7,10.077,long_nclose,7.0539,0.004124033164514168,3.0
1658312640000.0,406469,1658312640000.0,0.08430000000000017,-0.0006214800000000001,1710.520941900006,1710.632141900006,-0.3,10.358,0.4,10.077,long_nclose,4.0308,0.0023564750955476074,46.0
1658312700000.0,406470,1658312700000.0,0.05620000000000012,-0.00041432000000000003,1710.576727580006,1710.627327580006,-0.2,10.358,0.2,10.077,long_nclose,2.0154,0.001178199122848605,1.0
1658312820000.0,406472,1658312820000.0,0.02810000000000006,-0.00020716000000000002,1710.604620420006,1710.636420420006,-0.1,10.358,0.1,10.077,long_nclose,1.0077,0.0005890899556629157,2.0
1658313060000.0,406476,1658313060000.0,0.02810000000000006,-0.00020716000000000002,1710.6325132600061,1710.6325132600061,-0.1,10.358,0.0,10.077,long_nclose,0.0,0.0,4.0
1658334360000.0,406831,1658334360000.0,0.0,-0.013695200000000001,1710.618818060006,1710.7208180600062,6.8,10.07,6.8,10.07,long_ientry_normal,68.476,0.04002995832681057,355.0
1658347560000.0,407051,1658347560000.0,0.0,-0.013743799999999999,1710.6050742600062,1707.8220742600063,7.0,9.817,13.8,9.941666666666666,long_rentry,137.195,0.08020261489014315,220.0
1658348040000.0,407059,1658348040000.0,0.0,-0.013670340000000003,1710.591403920006,1705.8937039200061,7.1,9.627,20.9,9.834770334928232,long_rentry,205.54670000000002,0.12016119076067343,8.0
1658353560000.0,407151,1658353560000.0,0.5742846889951968,-0.013686840000000002,1711.1520017690013,1712.4152170800062,-6.9,9.918,14.0,9.834770334928232,long_nclose,137.68678468899523,0.08046437987195389,92.0
1658353740000.0,407154,1658353740000.0,0.3828564593301312,-0.009124559999999999,1711.5257336683317,1712.1858925200063,-4.6,9.918,9.4,9.834770334928232,long_nclose,92.44684114832538,0.05401428639356947,3.0
1658353860000.0,407156,1658353860000.0,0.25801196172247975,-0.00614916,1711.7775964700543,1712.2515433600065,-3.1,9.918,6.3,9.834770334928232,long_nclose,61.959053110047854,0.03619573783289187,2.0
1658365020000.0,407342,1658365020000.0,0.17478229665071207,-0.0041655600000000004,1711.9482132067048,1712.3691778000064,-2.1,9.918,4.2,9.834770334928232,long_nclose,41.30603540669858,0.02412808698770562,186.0
1658365920000.0,407357,1658365920000.0,0.5758822966507137,-0.00424578,1712.5198497233555,1713.0873320200062,-2.1,10.109,2.1,9.834770334928232,long_nclose,20.65301770334929,0.012060016534515279,15.0
1658365980000.0,407358,1658365980000.0,0.2742296650717684,-0.0020218000000000002,1712.7920575884273,1713.1168102200063,-1.0,10.109,1.1,9.834770334928232,long_nclose,10.818247368421055,0.006316147555969464,1.0
1658366400000.0,407365,1658366400000.0,0.1371148325358842,-0.0010109000000000001,1712.9281615209632,1713.0782993200062,-0.5,10.109,0.6,9.834770334928232,long_nclose,5.900862200956939,0.003444897651584744,7.0
1658368980000.0,407408,1658368980000.0,0.01664593301435353,-0.00039672000000000004,1712.9444107339775,1712.9785026000063,-0.2,9.918,0.4,9.834770334928232,long_nclose,3.933908133971293,0.0022965766485589906,43.0
1658369100000.0,407410,1658369100000.0,0.008322966507176765,-0.00019836000000000002,1712.9525353404847,1712.9751042400062,-0.1,9.918,0.3,9.834770334928232,long_nclose,2.9504311004784696,0.0017224243168489257,2.0
1658369220000.0,407412,1658369220000.0,0.008322966507176765,-0.00019836000000000002,1712.9606599469919,1712.9767058800062,-0.1,9.918,0.2,9.834770334928232,long_nclose,1.9669540669856465,0.001148277431570737,2.0
1658369280000.0,407413,1658369280000.0,0.008322966507176765,-0.00019836000000000002,1712.968784553499,1712.9753075200063,-0.1,9.918,0.1,9.834770334928232,long_nclose,0.9834770334928232,0.000574135992646927,1.0
1658369580000.0,407418,1658369580000.0,0.008322966507176765,-0.00019836000000000002,1712.9769091600062,1712.9769091600062,-0.1,9.918,0.0,9.834770334928232,long_nclose,0.0,0.0,5.0
1658372460000.0,407466,1658372460000.0,0.0,-0.0136206,1712.9632885600063,1713.1452885600063,7.0,9.729,7.0,9.729,long_ientry_normal,68.103,0.039757419470005356,48.0
1658373420000.0,407482,1658373420000.0,0.18860000000000168,-0.004513059999999999,1713.1473755000063,1713.5750755000063,-2.3,9.811,4.7,9.729,long_nclose,45.726299999999995,0.026691398915200816,16.0
1658374680000.0,407503,1658374680000.0,0.12300000000000111,-0.0029433000000000003,1713.2674322000064,1713.5266322000064,-1.5,9.811,3.2,9.729,long_nclose,31.1328,0.01817159388830638,21.0
1658374740000.0,407504,1658374740000.0,0.08200000000000074,-0.0019622,1713.3474700000065,1713.5476700000065,-1.0,9.811,2.2,9.729,long_nclose,21.4038,0.012492387198026983,1.0
1658375760000.0,407521,1658375760000.0,0.0,-0.009512860000000003,1713.3379571400064,1713.2753571400065,4.9,9.707,7.1,9.713816901408453,long_ientry_partial,68.96810000000002,0.0402536462304992,17.0
1658377860000.0,407556,1658377860000.0,0.18902112676055613,-0.0045061599999999995,1713.522472106767,1713.8401509800065,-2.3,9.796,4.8,9.713816901408453,long_nclose,46.62632112676057,0.027210802242607156,35.0
1658378880000.0,407573,1658378880000.0,0.13149295774647385,-0.00313472,1713.6508303445137,1713.9746162600065,-1.6,9.796,3.2,9.713816901408453,long_nclose,31.084214084507053,0.018139176041047908,17.0
1658379300000.0,407580,1658379300000.0,0.08218309859154616,-0.0019592,1713.731054243105,1713.9536570600064,-1.0,9.796,2.2,9.713816901408453,long_nclose,21.3703971830986,0.012470099745340238,7.0
1658379660000.0,407586,1658379660000.0,0.0575281690140823,-0.0013714399999999998,1713.7872109721193,1713.8939856200066,-0.7,9.796,1.5,9.713816901408453,long_nclose,14.57072535211268,0.008502062133984335,6.0
1658379720000.0,407587,1658379720000.0,0.04109154929577308,-0.0009796,1713.827322921415,1713.9235060200067,-0.5,9.796,1.0,9.713816901408453,long_nclose,9.713816901408453,0.005667908762739375,1.0
1658379960000.0,407591,1658379960000.0,0.024654929577463847,-0.00058776,1713.8513900909927,1713.915218260007,-0.3,9.796,0.7,9.713816901408453,long_nclose,6.7996718309859165,0.003967480418838943,4.0
1658380080000.0,407593,1658380080000.0,0.01643661971830923,-0.00039184,1713.867434870711,1713.9130264200066,-0.2,9.796,0.5,9.713816901408453,long_nclose,4.856908450704227,0.002833888054516082,2.0
1658380260000.0,407596,1658380260000.0,0.008218309859154616,-0.00019592,1713.87545726057,1713.9119305000067,-0.1,9.796,0.4,9.713816901408453,long_nclose,3.8855267605633816,0.002267099831614336,3.0
1658384100000.0,407660,1658384100000.0,0.054236619718309245,-0.0003994,1713.9292944802883,1713.9845311000065,-0.2,9.985,0.2,9.713816901408453,long_nclose,1.9427633802816908,0.0011335143092182174,64.0
1658384460000.0,407666,1658384460000.0,0.027118309859154623,-0.0001997,1713.9562130901475,1713.9823314000066,-0.1,9.985,0.1,9.713816901408453,long_nclose,0.9713816901408454,0.0005667482533812866,6.0
1658387880000.0,407723,1658387880000.0,0.027118309859154623,-0.0001997,1713.9831317000067,1713.9831317000067,-0.1,9.985,0.0,9.713816901408453,long_nclose,0.0,0.0,57.0
1658503560000.0,409651,1658503560000.0,0.0,-0.01361024,1713.9695214600067,1713.7583214600068,6.4,10.633,6.4,10.633,long_ientry_normal,68.0512,0.03970385654351199,1928.0
1658518920000.0,409907,1658518920000.0,0.0,-0.01368312,1713.9558383400067,1712.2990383400067,6.6,10.366,13.0,10.497446153846154,long_rentry,136.4668,0.07962095460532417,256.0
1658525640000.0,410019,1658525640000.0,0.38078153846154056,-0.00910396,1714.3275159184684,1715.132734380007,-4.3,10.586,8.7,10.497446153846154,long_nclose,91.32778153846152,0.053273240200856095,112.0
1658525760000.0,410021,1658525760000.0,0.2568061538461553,-0.00613988,1714.5781821923144,1715.0859945000068,-2.9,10.586,5.8,10.497446153846154,long_nclose,60.88518769230769,0.03551030120682974,2.0
1658526600000.0,410035,1658526600000.0,0.16825230769230862,-0.00402268,1714.7424118200067,1715.1033718200067,-1.9,10.586,3.9,10.497446153846154,long_nclose,40.940039999999996,0.02387532944761466,14.0
1658527080000.0,410043,1658527080000.0,0.11512000000000065,-0.00275236,1714.8547794600067,1715.0954194600067,-1.3,10.586,2.6,10.497446153846154,long_nclose,27.29336,0.01591584332790818,8.0
1658527380000.0,410048,1658527380000.0,0.07084307692307733,-0.00169376,1714.9239287769296,1715.0815257000065,-0.8,10.586,1.8,10.497446153846154,long_nclose,18.895403076923078,0.01101821647004432,5.0
1658527440000.0,410049,1658527440000.0,0.053132307692307985,-0.0012703200000000001,1714.975790764622,1715.0868553800065,-0.6,10.586,1.2,10.497446153846154,long_nclose,12.596935384615383,0.0073452555146560055,1.0
1658527980000.0,410058,1658527980000.0,0.035421538461538664,-0.00084688,1715.0103654230836,1715.0884085000066,-0.4,10.586,0.8,10.497446153846154,long_nclose,8.397956923076924,0.004896738289395233,9.0
1658528100000.0,410060,1658528100000.0,0.017710769230769332,-0.00042344,1715.0276527523142,1715.0861850600065,-0.2,10.586,0.6,10.497446153846154,long_nclose,6.298467692307692,0.0036725166980251145,2.0
1658528460000.0,410066,1658528460000.0,0.017710769230769332,-0.00042344,1715.0449400815448,1715.0819616200063,-0.2,10.586,0.4,10.497446153846154,long_nclose,4.198978461538462,0.0024483197865000634,6.0
1658529120000.0,410077,1658529120000.0,0.008855384615384666,-0.00021172,1715.0535837461603,1715.0768499000064,-0.1,10.586,0.3,10.497446153846154,long_nclose,3.149233846153846,0.0018362305854462179,11.0
1658529240000.0,410079,1658529240000.0,0.008855384615384666,-0.00021172,1715.0622274107757,1715.0917381800064,-0.1,10.586,0.2,10.497446153846154,long_nclose,2.099489230769231,0.0012241475540737804,2.0
1658534640000.0,410169,1658534640000.0,0.008855384615384666,-0.00021172,1715.070871075391,1715.0806264600064,-0.1,10.586,0.1,10.497446153846154,long_nclose,1.0497446153846155,0.000612070692289468,90.0
1658535120000.0,410177,1658535120000.0,0.008855384615384666,-0.00021172,1715.0795147400065,1715.0795147400065,-0.1,10.586,0.0,10.497446153846154,long_nclose,0.0,0.0,8.0
1658572620000.0,410802,1658572620000.0,0.0,-0.013617920000000002,1715.0658968200066,1714.6562968200067,6.4,10.639,6.4,10.639,long_ientry_normal,68.0896,0.03970086521237959,625.0
1658573160000.0,410811,1658573160000.0,0.0,-0.013691039999999998,1715.0522057800067,1714.1624057800068,6.6,10.372,13.0,10.503446153846154,long_rentry,136.5448,0.07961553563198932,9.0
1658574780000.0,410838,1658574780000.0,0.0,-0.01363048,1715.0385753000066,1709.4098753000067,6.7,10.172,19.7,10.390720812182742,long_rentry,204.6972,0.11935428330770516,27.0
1658577300000.0,410880,1658577300000.0,0.0,-0.019390299999999996,1715.0191850000067,1707.3704850000067,9.7,9.995,29.4,10.260159863945578,long_rentry,301.64869999999996,0.17588648724066536,42.0
1658599500000.0,411250,1658599500000.0,0.0,-0.028152000000000007,1714.9910330000066,1701.3843330000066,14.4,9.775,43.8,10.100655251141553,long_rentry,442.4087,0.2579656053513595,370.0
1658620980000.0,411608,1658620980000.0,1.2460333333333182,-0.02974312,1716.20732321334,1718.8161898800067,-14.6,10.186,29.2,10.100655251141553,long_nclose,294.93913333333336,0.1718551886733033,358.0
1658621400000.0,411615,1658621400000.0,0.8278440639269306,-0.01976084,1717.015406437267,1718.855129040007,-9.7,10.186,19.5,10.100655251141553,long_nclose,196.96277739726028,0.11471229475217672,7.0
1658640000000.0,411925,1658640000000.0,0.5547408675799019,-0.013241800000000001,1717.556905504847,1718.5233872400067,-6.5,10.186,13.0,10.100655251141553,long_nclose,131.3085182648402,0.07645075271974425,310.0
1658640060000.0,411926,1658640060000.0,0.3669824200913197,-0.00875996,1717.9151279649384,1718.866427280007,-4.3,10.186,8.7,10.100655251141553,long_nclose,87.8757006849315,0.05115252741794645,1.0
1658643240000.0,411979,1658643240000.0,0.2474997716894947,-0.005907880000000001,1718.156719856628,1718.761919400007,-2.9,10.186,5.8,10.100655251141553,long_nclose,58.583800456621006,0.03409688987015663,53.0
1658644920000.0,412007,1658644920000.0,0.16215502283104824,-0.0038706800000000005,1718.3150041994588,1718.6439487200068,-1.9,10.186,3.9,10.100655251141553,long_nclose,39.39255547945206,0.02292510708640675,28.0
1658644980000.0,412008,1658644980000.0,0.1109481735159804,-0.00264836,1718.4233040129748,1718.6426003600068,-1.3,10.186,2.6,10.100655251141553,long_nclose,26.26170365296804,0.015282441521620423,1.0
1658645100000.0,412010,1658645100000.0,0.06827579908675717,-0.00162976,1718.4899500520614,1718.6507706000066,-0.8,10.186,1.8,10.100655251141553,long_nclose,18.181179452054796,0.010579741505909884,2.0
1658645340000.0,412014,1658645340000.0,0.051206849315067866,-0.00122232,1718.5399345813767,1718.6591482800068,-0.6,10.186,1.2,10.100655251141553,long_nclose,12.120786301369863,0.007052955859488011,4.0
1658646240000.0,412029,1658646240000.0,0.034137899543378585,-0.00081488,1718.57325760092,1718.6527334000068,-0.4,10.186,0.8,10.100655251141553,long_nclose,8.080524200913244,0.004701879402099756,15.0
1658647200000.0,412045,1658647200000.0,0.017068949771689292,-0.00040744,1718.5899191106919,1718.649525960007,-0.2,10.186,0.6,10.100655251141553,long_nclose,6.060393150684932,0.003526375363484598,16.0
1658647500000.0,412050,1658647500000.0,0.017068949771689292,-0.00040744,1718.6065806204638,1718.6443185200071,-0.2,10.186,0.4,10.100655251141553,long_nclose,4.040262100456622,0.0023508941173715145,5.0
1658647740000.0,412054,1658647740000.0,0.008534474885844646,-0.00020372,1718.6149113753497,1718.6387148000072,-0.1,10.186,0.3,10.100655251141553,long_nclose,3.030196575342466,0.001763162041296093,4.0
1658647800000.0,412055,1658647800000.0,0.008534474885844646,-0.00020372,1718.6232421302357,1718.6421110800075,-0.1,10.186,0.2,10.100655251141553,long_nclose,2.020131050228311,0.001175435663097606,1.0
1658647980000.0,412058,1658647980000.0,0.008534474885844646,-0.00020372,1718.6315728851216,1718.6405073600074,-0.1,10.186,0.1,10.100655251141553,long_nclose,1.0100655251141555,0.0005877149826931937,3.0
1658648220000.0,412062,1658648220000.0,0.008534474885844646,-0.00020372,1718.6399036400076,1718.6399036400076,-0.1,10.186,0.0,10.100655251141553,long_nclose,0.0,0.0,4.0
1658667840000.0,412389,1658667840000.0,0.0,-0.0137655,1718.6261381400075,1718.6951381400074,6.9,9.975,6.9,9.975,long_ientry_normal,68.8275,0.04004797696984228,327.0
1658671620000.0,412452,1658671620000.0,0.19319999999999912,-0.004627139999999999,1718.8147110000075,1719.2517110000074,-2.3,10.059,4.6,9.975,long_nclose,45.885,0.026695722177816406,63.0
1658671860000.0,412456,1658671860000.0,0.12599999999999945,-0.0030177,1718.9376933000074,1719.2321933000073,-1.5,10.059,3.1,9.975,long_nclose,30.9225,0.017989308234107746,4.0
1658672100000.0,412460,1658672100000.0,0.08399999999999963,-0.0020118,1719.0196815000074,1719.1981815000074,-1.0,10.059,2.1,9.975,long_nclose,20.9475,0.012185724355244917,4.0
1658679000000.0,412575,1658679000000.0,0.058799999999999734,-0.0014082599999999997,1719.0770732400074,1719.1960732400073,-0.7,10.059,1.4,9.975,long_nclose,13.964999999999998,0.008123545021561861,115.0
1658679120000.0,412577,1658679120000.0,0.03359999999999985,-0.0008047200000000001,1719.1098685200075,1719.1848685200075,-0.4,10.059,1.0,9.975,long_nclose,9.975,0.005802421463956542,2.0
1658679840000.0,412589,1658679840000.0,0.02519999999999989,-0.00060354,1719.1344649800076,1719.1974649800077,-0.3,10.059,0.7,9.975,long_nclose,6.982499999999999,0.004061636912201165,12.0
1658680080000.0,412593,1658680080000.0,0.016799999999999926,-0.00040236000000000004,1719.1508626200077,1719.1908626200077,-0.2,10.059,0.5,9.975,long_nclose,4.9875,0.002901141551009076,4.0
1658680140000.0,412594,1658680140000.0,0.008399999999999963,-0.00020118000000000002,1719.1590614400077,1719.1890614400077,-0.1,10.059,0.4,9.975,long_nclose,3.99,0.0023209021721689225,1.0
1658680680000.0,412603,1658680680000.0,0.008399999999999963,-0.00020118000000000002,1719.1672602600077,1719.1927602600076,-0.1,10.059,0.3,9.975,long_nclose,2.9924999999999997,0.0017406683277271186,9.0
1658680860000.0,412606,1658680860000.0,0.008399999999999963,-0.00020118000000000002,1719.1754590800076,1719.1914590800077,-0.1,10.059,0.2,9.975,long_nclose,1.995,0.0011604400176044836,3.0
1658680920000.0,412607,1658680920000.0,0.008399999999999963,-0.00020118000000000002,1719.1836579000076,1719.1916579000076,-0.1,10.059,0.1,9.975,long_nclose,0.9975,0.0005802172417218366,1.0
1658680980000.0,412608,1658680980000.0,0.008399999999999963,-0.00020118000000000002,1719.1918567200075,1719.1918567200075,-0.1,10.059,0.0,9.975,long_nclose,0.0,0.0,1.0
1658708460000.0,413066,1658708460000.0,0.0,-0.013685460000000002,1719.1781712600075,1719.0953712600076,6.9,9.917,6.9,9.917,long_ientry_normal,68.4273,0.03980233180243835,458.0
1658709660000.0,413086,1658709660000.0,0.0,-0.013728559999999999,1719.1644427000076,1717.0543427000075,7.1,9.668,14.0,9.790721428571429,long_rentry,137.0701,0.07973065088801315,20.0
1658711700000.0,413120,1658711700000.0,0.0,-0.01384226,1719.1506004400076,1715.0062004400077,7.3,9.481,21.3,9.68457276995305,long_rentry,206.28139999999996,0.11999030215689267,34.0
1658713740000.0,413154,1658713740000.0,0.0,-0.019375200000000002,1719.1312252400076,1711.5763252400075,10.4,9.315,31.7,9.563324921135646,long_rentry,303.15739999999994,0.17634337364657907,34.0
1658759160000.0,413911,1658759160000.0,0.0,-0.028241,1719.1029842400076,1706.3845842400076,15.5,9.11,47.2,9.414457627118644,long_rentry,444.36240000000004,0.25848503787947685,757.0
1658795700000.0,414520,1658795700000.0,0.0,-0.04085004000000001,1719.0621342000077,1691.9015342000075,23.1,8.842,70.3,9.22635277382646,long_rentry,648.6126,0.3773060828321031,609.0
1658819520000.0,414917,1658819520000.0,1.81694509246086,-0.04354272,1720.8355365724685,1723.5860914800076,-23.4,9.304,46.9,9.22635277382646,long_nclose,432.7159450924609,0.25145688585344844,397.0
1658819700000.0,414920,1658819700000.0,1.21129672830724,-0.029028480000000002,1722.0178048207756,1724.6359630000075,-15.6,9.304,31.3,9.22635277382646,long_nclose,288.7848418207682,0.16770142620611542,3.0
1658819880000.0,414923,1658819880000.0,0.8075311522048267,-0.019352320000000003,1722.8059836529803,1724.3452106800073,-10.4,9.304,20.9,9.22635277382646,long_nclose,192.830772972973,0.1119283162484153,3.0
1658819940000.0,414924,1658819940000.0,0.5357658605974331,-0.012839520000000002,1723.3289099935778,1724.8499711600073,-6.9,9.304,14.0,9.22635277382646,long_nclose,129.16893883357042,0.0749531549575477,1.0
1658825760000.0,415021,1658825760000.0,1.8035305832147852,-0.013277600000000002,1725.1191629767925,1726.8946935600072,-7.0,9.484,7.0,9.22635277382646,long_nclose,64.58446941678521,0.03743768593083216,97.0
1658825820000.0,415022,1658825820000.0,0.9017652916073926,-0.006638800000000001,1726.0142894684,1727.0070547600073,-3.5,9.484,3.5,9.22635277382646,long_nclose,32.292234708392606,0.018709135205559845,1.0
1658827980000.0,415058,1658827980000.0,1.5282652916073936,-0.006764100000000001,1727.5357906600073,1727.5357906600073,-3.5,9.663,0.0,9.22635277382646,long_nclose,0.0,0.0,36.0
1658841120000.0,415277,1658841120000.0,0.0,-0.013731,1727.5220596600072,1727.5295596600072,7.5,9.154,7.5,9.154,long_ientry_normal,68.655,0.039741894823335545,219.0
1658841300000.0,415280,1658841300000.0,0.1924999999999999,-0.004615500000000001,1727.7099441600074,1727.9899441600073,-2.5,9.231,5.0,9.154,long_nclose,45.769999999999996,0.02649171532218786,3.0
1658841360000.0,415281,1658841360000.0,0.12319999999999993,-0.00295392,1727.8301902400074,1728.3265902400074,-1.6,9.231,3.4,9.154,long_nclose,31.1236,0.01801311273284137,1.0
1658841960000.0,415291,1658841960000.0,0.43350000000000133,-0.00319906,1728.2604911800074,1728.7041911800075,-1.7,9.409,1.7,9.154,long_nclose,15.5618,0.009004313921088853,10.0
1658842140000.0,415294,1658842140000.0,0.20400000000000063,-0.0015054400000000003,1728.4629857400073,1728.6843857400072,-0.8,9.409,0.9,9.154,long_nclose,8.2386,0.004766431255959355,3.0
1658842200000.0,415295,1658842200000.0,0.10200000000000031,-0.0007527200000000001,1728.5642330200074,1728.6897330200075,-0.4,9.409,0.5,9.154,long_nclose,4.577,0.002647862261967226,1.0
1658842620000.0,415302,1658842620000.0,0.051000000000000156,-0.00037636000000000006,1728.6148566600073,1728.6961566600073,-0.2,9.409,0.3,9.154,long_nclose,2.7462,0.0015886708305319955,7.0
1658843400000.0,415315,1658843400000.0,0.025500000000000078,-0.00018818000000000003,1728.6401684800073,1728.6933684800074,-0.1,9.409,0.2,9.154,long_nclose,1.8308,0.0010590983788198222,13.0
1658843640000.0,415319,1658843640000.0,0.025500000000000078,-0.00018818000000000003,1728.6654803000074,1728.6885803000075,-0.1,9.409,0.1,9.154,long_nclose,0.9154,0.0005295414355362344,4.0
1658843760000.0,415321,1658843760000.0,0.025500000000000078,-0.00018818000000000003,1728.6907921200075,1728.6907921200075,-0.1,9.409,0.0,9.154,long_nclose,0.0,0.0,2.0
1658852460000.0,415466,1658852460000.0,0.0,-0.0137415,1728.6770506200075,1728.4070506200076,7.5,9.161,7.5,9.161,long_ientry_normal,68.7075,0.0397457118872246,145.0
1658855040000.0,415509,1658855040000.0,0.19500000000000295,-0.004619500000000001,1728.8674311200075,1729.2624311200075,-2.5,9.239,5.0,9.161,long_nclose,45.805,0.026494223429454202,43.0
1658855820000.0,415522,1658855820000.0,0.0,-0.00475592,1728.8626752000075,1728.4380752000075,2.6,9.146,7.6,9.15586842105263,long_ientry_partial,69.5846,0.04024877221202658,13.0
1658859780000.0,415588,1658859780000.0,0.0,-0.013744500000000003,1728.8489307000075,1727.0943307000075,7.7,8.925,15.3,9.039679738562091,long_rentry,138.3071,0.0799995289027363,66.0
1658862420000.0,415632,1658862420000.0,0.0,-0.013829740000000002,1728.8351009600076,1723.5673009600075,7.9,8.753,23.2,8.942060344827587,long_rentry,207.4558,0.11999744792594826,44.0
1658864580000.0,415668,1658864580000.0,0.0,-0.019610280000000004,1728.8154906800075,1720.6952906800075,11.4,8.601,34.6,8.829687861271676,long_rentry,305.5072,0.17671475160130168,36.0
1658869620000.0,415752,1658869620000.0,0.8545895953757245,-0.0204792,1729.6496010753833,1731.6203114800076,-11.5,8.904,23.1,8.829687861271676,long_nclose,203.96578959537572,0.1179231848280502,84.0
1658869800000.0,415755,1658869800000.0,0.5722034682080939,-0.013712160000000001,1730.2080923835913,1731.2908993200074,-7.7,8.904,15.4,8.829687861271676,long_nclose,135.97719306358383,0.07859008038521956,3.0
1658869860000.0,415756,1658869860000.0,0.3789919075144517,-0.00908208,1730.5780022111057,1731.3537172400074,-5.1,8.904,10.3,8.829687861271676,long_nclose,90.94578497109826,0.052552259912526135,1.0
1658870040000.0,415759,1658870040000.0,0.25266127167630115,-0.0060547199999999995,1730.824608762782,1731.4477625200075,-3.4,8.904,6.9,8.829687861271676,long_nclose,60.92484624277457,0.03519989601160369,3.0
1658870580000.0,415768,1658870580000.0,0.8374612716763031,-0.006171680000000001,1731.6558983544583,1732.4269908400074,-3.4,9.076,3.5,8.829687861271676,long_nclose,30.903907514450864,0.017846448329496604,9.0
1658871480000.0,415783,1658871480000.0,0.0,-0.0077563200000000014,1731.6481420344583,1731.6801345200074,4.4,8.814,7.9,8.82095031828492,long_ientry_partial,69.68550751445088,0.04024230201441477,15.0
1658871720000.0,415787,1658871720000.0,0.19512917245920997,-0.004625920000000001,1731.8386452869174,1732.3636086000074,-2.6,8.896,5.3,8.82095031828492,long_nclose,46.751036686910076,0.02699503028999837,4.0
1658872440000.0,415799,1658872440000.0,0.12758445891563727,-0.0030246400000000003,1731.9632051058331,1732.2477839600074,-1.7,8.896,3.6,8.82095031828492,long_nclose,31.755421145825714,0.018334928278043453,12.0
1658872860000.0,415806,1658872860000.0,0.0900596180580969,-0.00213504,1732.0511296838913,1732.2288489200075,-1.2,8.896,2.4,8.82095031828492,long_nclose,21.170280763883806,0.012222665024760266,7.0
1658872920000.0,415807,1658872920000.0,0.06003974537206461,-0.0014233600000000003,1732.1097460692633,1732.3082255600075,-0.8,8.896,1.6,8.82095031828492,long_nclose,14.113520509255872,0.008148167598089078,1.0
1658873880000.0,415823,1658873880000.0,0.1968397453720641,-0.0014507200000000002,1732.3051350946353,1732.5163748400073,-0.8,9.067,0.8,8.82095031828492,long_nclose,7.056760254627936,0.004073624277655003,16.0
1658874000000.0,415825,1658874000000.0,0.09841987268603206,-0.0007253600000000001,1732.4028296073213,1732.5104494800073,-0.4,9.067,0.4,8.82095031828492,long_nclose,3.528380127313968,0.0020366972779152846,2.0
1658874120000.0,415827,1658874120000.0,0.04920993634301603,-0.00036268000000000004,1732.4516768636643,1732.5034868000073,-0.2,9.067,0.2,8.82095031828492,long_nclose,1.764190063656984,0.0010183199261585047,2.0
1658874240000.0,415829,1658874240000.0,0.024604968171508014,-0.00018134000000000002,1732.476100491836,1732.5060054600074,-0.1,9.067,0.1,8.82095031828492,long_nclose,0.882095031828492,0.0005091527851830524,2.0
1658874900000.0,415840,1658874900000.0,0.041704968171507956,-0.00018476,1732.5176207000075,1732.5176207000075,-0.1,9.238,0.0,8.82095031828492,long_nclose,0.0,0.0,11.0
1659093900000.0,419490,1659093900000.0,0.0,-0.01391676,1732.5037039400074,1732.2529039400074,6.6,10.543,6.6,10.543,long_ientry_normal,69.5838,0.040163723657129634,3650.0
1659102480000.0,419633,1659102480000.0,0.19580000000000092,-0.00467808,1732.6948258600073,1733.0776258600074,-2.2,10.632,4.4,10.543,long_nclose,46.3892,0.026772862311154617,143.0
1659102540000.0,419634,1659102540000.0,0.12460000000000057,-0.00297696,1732.8164489000073,1733.0624489000074,-1.4,10.632,3.0,10.543,long_nclose,31.628999999999998,0.018252943074310093,1.0
1659102600000.0,419635,1659102600000.0,0.08900000000000041,-0.0021264,1732.9033225000073,1733.1073225000073,-1.0,10.632,2.0,10.543,long_nclose,21.086,0.012168018680684312,1.0
1659102840000.0,419639,1659102840000.0,0.053400000000000246,-0.00127584,1732.9554466600073,1733.0982466600074,-0.6,10.632,1.4,10.543,long_nclose,14.760199999999998,0.008517356882110217,4.0
1659104760000.0,419671,1659104760000.0,0.20580000000000032,-0.00151718,1733.1597294800072,1733.3606294800072,-0.7,10.837,0.7,10.543,long_nclose,7.380099999999999,0.004258176482218531,32.0
1659104820000.0,419672,1659104820000.0,0.08820000000000014,-0.00065022,1733.2472792600072,1733.3720792600072,-0.3,10.837,0.4,10.543,long_nclose,4.2172,0.002433120796128116,1.0
1659105600000.0,419685,1659105600000.0,0.0588000000000001,-0.0004334800000000001,1733.3056457800071,1733.363045780007,-0.2,10.837,0.2,10.543,long_nclose,2.1086,0.00121651943218076,13.0
1659105660000.0,419686,1659105660000.0,0.02940000000000005,-0.00021674000000000004,1733.334829040007,1733.365029040007,-0.1,10.837,0.1,10.543,long_nclose,1.0543,0.0006082494751368466,1.0
1659110820000.0,419772,1659110820000.0,0.0,-0.0136552,1733.321173840007,1733.389873840007,6.5,10.504,6.6,10.504590909090908,long_ientry_partial,69.3303,0.03999853059338412,86.0
1659113460000.0,419816,1659113460000.0,0.1945000000000029,-0.004660920000000001,1733.511012920007,1733.908812920007,-2.2,10.593,4.4,10.504590909090908,long_nclose,46.2202,0.026662766867655795,44.0
1659114240000.0,419829,1659114240000.0,0.12377272727272909,-0.00296604,1733.6318196072798,1733.888046880007,-1.4,10.593,3.0,10.504590909090908,long_nclose,31.513772727272723,0.018177892428400136,13.0
1659114300000.0,419830,1659114300000.0,0.08840909090909221,-0.0021186,1733.718110098189,1733.8789282800074,-1.0,10.593,2.0,10.504590909090908,long_nclose,21.009181818181816,0.012117991786445584,1.0
1659114360000.0,419831,1659114360000.0,0.053045454545455326,-0.00127116,1733.7698843927346,1733.8964571200074,-0.6,10.593,1.4,10.504590909090908,long_nclose,14.70642727272727,0.008482340941040339,1.0
1659115620000.0,419852,1659115620000.0,0.0,-0.010876320000000002,1733.7590080727346,1733.6409808000074,5.2,10.458,6.6,10.467882920110194,long_ientry_partial,69.08802727272727,0.03984869116817238,21.0
1659116280000.0,419863,1659116280000.0,0.19385757575757198,-0.00464464,1733.9482210084923,1734.3535361600075,-2.2,10.556,4.4,10.467882920110194,long_nclose,46.05868484848486,0.02656289518362687,11.0
1659116460000.0,419866,1659116460000.0,0.1233639118457276,-0.0029556799999999996,1734.068629240338,1734.3749804800073,-1.4,10.556,3.0,10.467882920110194,long_nclose,31.403648760330583,0.01810980732295925,3.0
1659116580000.0,419868,1659116580000.0,0.08811707988980544,-0.0021112,1734.1546351202278,1734.3888692800074,-1.0,10.556,2.0,10.467882920110194,long_nclose,20.935765840220387,0.012072606108029647,2.0
1659118320000.0,419897,1659118320000.0,0.29211707988980606,-0.0021520000000000003,1734.4446002001175,1734.7367172800073,-1.0,10.76,1.0,10.467882920110194,long_nclose,10.467882920110194,0.006035293902672029,29.0
1659118380000.0,419898,1659118380000.0,0.14605853994490303,-0.0010760000000000001,1734.5895827400625,1734.7456412800075,-0.5,10.76,0.5,10.467882920110194,long_nclose,5.233941460055097,0.0030173947267613855,1.0
1659119100000.0,419910,1659119100000.0,0.05842341597796122,-0.00043040000000000005,1734.6475757560406,1734.7367108800076,-0.2,10.76,0.3,10.467882920110194,long_nclose,3.140364876033058,0.0018103763092421467,12.0
1659124140000.0,419994,1659124140000.0,0.02921170798898061,-0.00021520000000000003,1734.6765722640296,1734.7349956800076,-0.1,10.76,0.2,10.467882920110194,long_nclose,2.093576584022039,0.001206897364901624,84.0
1659124200000.0,419995,1659124200000.0,0.02921170798898061,-0.00021520000000000003,1734.7055687720185,1734.7327804800075,-0.1,10.76,0.1,10.467882920110194,long_nclose,1.0467882920110194,0.0006034385954914706,1.0
1659124980000.0,420008,1659124980000.0,0.02921170798898061,-0.00021520000000000003,1734.7345652800075,1734.7345652800075,-0.1,10.76,0.0,10.467882920110194,long_nclose,0.0,0.0,13.0
1659175620000.0,420852,1659175620000.0,0.0,-0.013813800000000001,1734.7207514800075,1734.5842514800074,6.5,10.626,6.5,10.626,long_ientry_normal,69.069,0.039815630233899356,844.0
1659179340000.0,420914,1659179340000.0,0.1889999999999997,-0.00450072,1734.9052507600077,1735.2968507600076,-2.1,10.716,4.4,10.626,long_nclose,46.754400000000004,0.026949252692340612,62.0
1659179520000.0,420917,1659179520000.0,0.1259999999999998,-0.00300048,1735.0282502800076,1735.3102502800075,-1.4,10.716,3.0,10.626,long_nclose,31.878,0.0183731878687597,3.0
1659179700000.0,420920,1659179700000.0,0.08999999999999986,-0.0021432,1735.1161070800074,1735.2941070800075,-1.0,10.716,2.0,10.626,long_nclose,21.252,0.012248171700604273,3.0
1659180120000.0,420927,1659180120000.0,0.053999999999999916,-0.00128592,1735.1688211600074,1735.3004211600073,-0.6,10.716,1.4,10.626,long_nclose,14.876399999999999,0.00857345972252701,7.0
1659186360000.0,421031,1659186360000.0,0.2072000000000008,-0.00152908,1735.3744920800075,1735.5767920800074,-0.7,10.922,0.7,10.626,long_nclose,7.438199999999999,0.004286221812033566,104.0
1659186420000.0,421032,1659186420000.0,0.08880000000000034,-0.00065532,1735.4626367600074,1735.5962367600073,-0.3,10.922,0.4,10.626,long_nclose,4.2504,0.002449145207721217,1.0
1659186780000.0,421038,1659186780000.0,0.05920000000000023,-0.00043688000000000006,1735.5213998800073,1735.5821998800072,-0.2,10.922,0.2,10.626,long_nclose,2.1252,0.0012245311409856052,6.0
1659187140000.0,421044,1659187140000.0,0.029600000000000116,-0.00021844000000000003,1735.5507814400073,1735.5841814400073,-0.1,10.922,0.1,10.626,long_nclose,1.0626,0.000612255205300503,6.0
1659187740000.0,421054,1659187740000.0,0.029600000000000116,-0.00021844000000000003,1735.5801630000074,1735.5801630000074,-0.1,10.922,0.0,10.626,long_nclose,0.0,0.0,10.0
1659212160000.0,421461,1659212160000.0,0.0,-0.0139334,1735.5662296000073,1735.5792296000072,6.5,10.718,6.5,10.718,long_ientry_normal,69.667,0.04014079025728452,407.0
1659212580000.0,421468,1659212580000.0,0.19109999999999855,-0.00453978,1735.7527898200074,1736.1795898200073,-2.1,10.809,4.4,10.718,long_nclose,47.159200000000006,0.027169306756459417,7.0
1659212940000.0,421474,1659212940000.0,0.12739999999999901,-0.00302652,1735.8771633000074,1736.1381633000074,-1.4,10.809,3.0,10.718,long_nclose,32.153999999999996,0.018523200074176505,6.0
1659213480000.0,421483,1659213480000.0,0.0909999999999993,-0.0021617999999999997,1735.9660015000072,1736.1400015000072,-1.0,10.809,2.0,10.718,long_nclose,21.436,0.012348168098613485,9.0
1659213540000.0,421484,1659213540000.0,0.05459999999999958,-0.00129708,1736.019304420007,1736.176104420007,-0.6,10.809,1.4,10.718,long_nclose,15.005199999999999,0.008643452271409585,1.0
1659215220000.0,421512,1659215220000.0,0.0,-0.0109242,1736.008380220007,1736.094680220007,5.1,10.71,6.5,10.711723076923079,long_ientry_partial,69.62620000000001,0.040107064455055325,28.0
1659226800000.0,421705,1659226800000.0,0.18958153846153394,-0.00453684,1736.1934249184685,1736.471843380007,-2.1,10.802,4.4,10.711723076923079,long_nclose,47.13158153846155,0.027146503875669758,193.0
1659227520000.0,421717,1659227520000.0,0.1263876923076893,-0.00302456,1736.316788050776,1736.6716188200069,-1.4,10.802,3.0,10.711723076923079,long_nclose,32.135169230769236,0.018507664875396856,12.0
1659228000000.0,421725,1659228000000.0,0.09027692307692092,-0.0021604,1736.404904573853,1736.5814584200068,-1.0,10.802,2.0,10.711723076923079,long_nclose,21.423446153846157,0.012337817117087608,8.0
1659231000000.0,421775,1659231000000.0,0.05416615384615255,-0.00129624,1736.457774487699,1736.5883621800067,-0.6,10.802,1.4,10.711723076923079,long_nclose,14.996412307692308,0.008636209027378536,50.0
1659231540000.0,421784,1659231540000.0,0.03611076923076837,-0.0008641600000000001,1736.4930210969299,1736.5962980200068,-0.4,10.802,1.0,10.711723076923079,long_nclose,10.711723076923079,0.006168595523727796,9.0
1659231900000.0,421790,1659231900000.0,0.027083076923076276,-0.00064812,1736.5194560538528,1736.5812499000067,-0.3,10.802,0.7,10.711723076923079,long_nclose,7.498206153846154,0.004317951133634532,6.0
1659232140000.0,421794,1659232140000.0,0.018055384615384185,-0.00043208000000000005,1736.537079358468,1736.5837178200063,-0.2,10.802,0.5,10.711723076923079,long_nclose,5.355861538461539,0.0030842195091164795,4.0
1659232920000.0,421807,1659232920000.0,0.009027692307692093,-0.00021604000000000003,1736.5458910107757,1736.5812017800065,-0.1,10.802,0.4,10.711723076923079,long_nclose,4.2846892307692315,0.002467363087234787,13.0
1659232980000.0,421808,1659232980000.0,0.009027692307692093,-0.00021604000000000003,1736.5547026630834,1736.5871857400064,-0.1,10.802,0.3,10.711723076923079,long_nclose,3.2135169230769236,0.001850512925477587,1.0
1659241020000.0,421942,1659241020000.0,0.009027692307692093,-0.00021604000000000003,1736.563514315391,1736.5831697000065,-0.1,10.802,0.2,10.711723076923079,long_nclose,2.1423446153846157,0.0012336690237495843,134.0
1659241440000.0,421949,1659241440000.0,0.009027692307692093,-0.00021604000000000003,1736.5723259676988,1736.5816536600064,-0.1,10.802,0.1,10.711723076923079,long_nclose,1.0711723076923079,0.0006168313819554857,7.0
1659245040000.0,422009,1659245040000.0,0.009027692307692093,-0.00021604000000000003,1736.5811376200065,1736.5811376200065,-0.1,10.802,0.0,10.711723076923079,long_nclose,0.0,0.0,60.0
1659256560000.0,422201,1659256560000.0,0.0,-0.013800799999999998,1736.5673368200066,1736.6258368200067,6.5,10.616,6.5,10.616,long_ientry_normal,69.00399999999999,0.03973586197144521,192.0
1659260040000.0,422259,1659260040000.0,0.1889999999999997,-0.00449652,1736.7518403000067,1737.1654403000068,-2.1,10.706,4.4,10.616,long_nclose,46.7104,0.026895264433363857,58.0
1659265080000.0,422343,1659265080000.0,0.6512000000000026,-0.004801280000000001,1737.3982390200067,1738.0670390200066,-2.2,10.912,2.2,10.616,long_nclose,23.3552,0.013442629027397707,84.0
1659265380000.0,422348,1659265380000.0,0.3256000000000013,-0.0024006400000000003,1737.7214383800067,1738.0558383800067,-1.1,10.912,1.1,10.616,long_nclose,11.6776,0.006720064414286365,5.0
1659265800000.0,422355,1659265800000.0,0.14800000000000058,-0.0010912,1737.8683471800066,1738.0447471800067,-0.5,10.912,0.6,10.616,long_nclose,6.369599999999999,0.0036651798223586857,7.0
1659265860000.0,422356,1659265860000.0,0.08880000000000034,-0.00065472,1737.9564924600065,1738.0491924600065,-0.3,10.912,0.3,10.616,long_nclose,3.1847999999999996,0.0018324969663032502,1.0
1659266040000.0,422359,1659266040000.0,0.029600000000000116,-0.00021824000000000005,1737.9858742200065,1738.0456742200065,-0.1,10.912,0.2,10.616,long_nclose,2.1232,0.001221643991181962,3.0
1659266280000.0,422363,1659266280000.0,0.029600000000000116,-0.00021824000000000005,1738.0152559800065,1738.0451559800065,-0.1,10.912,0.1,10.616,long_nclose,1.0616,0.000610811669430025,4.0
1659273780000.0,422488,1659273780000.0,0.008999999999999985,-0.00021412000000000002,1738.0240418600065,1738.0240418600065,-0.1,10.706,0.0,10.616,long_nclose,0.0,0.0,125.0
1659292260000.0,422796,1659292260000.0,0.0,-0.0138203,1738.0102215600066,1738.0687215600067,6.5,10.631,6.5,10.631,long_ientry_normal,69.1015,0.03975897215263541,308.0
1659293760000.0,422821,1659293760000.0,0.1889999999999997,-0.004502820000000001,1738.1947187400067,1738.5643187400067,-2.1,10.721,4.4,10.631,long_nclose,46.7764,0.026910909057362438,25.0
1659293820000.0,422822,1659293820000.0,0.1259999999999998,-0.00300188,1738.3177168600066,1738.5997168600065,-1.4,10.721,3.0,10.631,long_nclose,31.893,0.018347048810852376,1.0
1659297720000.0,422887,1659297720000.0,0.08999999999999986,-0.0021442,1738.4055726600066,1738.6335726600066,-1.0,10.721,2.0,10.631,long_nclose,21.262,0.012230747723309544,65.0
1659298020000.0,422892,1659298020000.0,0.053999999999999916,-0.00128652,1738.4582861400067,1738.5758861400068,-0.6,10.721,1.4,10.631,long_nclose,14.8834,0.008561263804060793,5.0
1659300420000.0,422932,1659300420000.0,0.03599999999999994,-0.0008576800000000001,1738.4934284600067,1738.5874284600068,-0.4,10.721,1.0,10.631,long_nclose,10.631,0.00611506481759736,40.0
1659304920000.0,423007,1659304920000.0,0.0,-0.011857439999999999,1738.4815710200066,1738.4573710200066,5.6,10.587,6.6,10.593666666666667,long_ientry_partial,69.9182,0.040217970190490664,75.0
1659307560000.0,423051,1659307560000.0,0.0,-0.01383818,1738.4677328400066,1736.8806328400067,6.7,10.327,13.3,10.45933082706767,long_rentry,139.10910000000004,0.08001822373357931,44.0
1659313860000.0,423156,1659313860000.0,0.39014436090224863,-0.00928224,1738.848594960909,1739.7445506000067,-4.4,10.548,8.9,10.45933082706767,long_nclose,93.08804436090227,0.053534301163808334,105.0
1659314580000.0,423168,1659314580000.0,0.2571406015037548,-0.00611784,1739.0996177224129,1739.6736327600067,-2.9,10.548,6.0,10.45933082706767,long_nclose,62.755984962406025,0.03608533077857467,12.0
1659316320000.0,423197,1659316320000.0,0.17733834586465846,-0.0042192,1739.2727368682774,1739.6954135600067,-2.0,10.548,4.0,10.45933082706767,long_nclose,41.83732330827068,0.02405449267468119,29.0
1659316440000.0,423199,1659316440000.0,0.11526992481202801,-0.0027424800000000003,1739.3852643130895,1739.6570710800067,-1.3,10.548,2.7,10.45933082706767,long_nclose,28.240193233082714,0.01623573213622412,2.0
1659316680000.0,423203,1659316680000.0,0.0798022556390963,-0.00189864,1739.4631679287286,1739.6713724400067,-0.9,10.548,1.8,10.45933082706767,long_nclose,18.826795488721807,0.010823336668369859,4.0
1659318660000.0,423236,1659318660000.0,0.053201503759397535,-0.00126576,1739.515103672488,1739.6479066800068,-0.6,10.548,1.2,10.45933082706767,long_nclose,12.551196992481204,0.007215342347981311,33.0
1659319020000.0,423242,1659319020000.0,0.0354676691729317,-0.00084384,1739.549727501661,1739.622262840007,-0.4,10.548,0.8,10.45933082706767,long_nclose,8.367464661654138,0.004810132489671036,6.0
1659320160000.0,423261,1659320160000.0,0.01773383458646585,-0.00042192,1739.5670394162476,1739.618440920007,-0.2,10.548,0.6,10.45933082706767,long_nclose,6.275598496240602,0.003607563464956502,19.0
1659321000000.0,423275,1659321000000.0,0.01773383458646585,-0.00042192,1739.5843513308341,1739.620619000007,-0.2,10.548,0.4,10.45933082706767,long_nclose,4.183732330827069,0.002405018375582873,14.0
1659322740000.0,423304,1659322740000.0,0.008866917293232924,-0.00021096,1739.5930072881274,1739.6217080400072,-0.1,10.548,0.3,10.45933082706767,long_nclose,3.137799248120301,0.001803754806425587,29.0
1659323100000.0,423310,1659323100000.0,0.008866917293232924,-0.00021096,1739.6016632454207,1739.6197970800072,-0.1,10.548,0.2,10.45933082706767,long_nclose,2.0918661654135344,0.0012024972208355591,6.0
1659325560000.0,423351,1659325560000.0,0.008866917293232924,-0.00021096,1739.610319202714,1739.6193861200072,-0.1,10.548,0.1,10.45933082706767,long_nclose,1.0459330827067672,0.000601245618723469,41.0
1659325740000.0,423354,1659325740000.0,0.008866917293232924,-0.00021096,1739.6189751600073,1739.6189751600073,-0.1,10.548,0.0,10.45933082706767,long_nclose,0.0,0.0,3.0
1659338160000.0,423561,1659338160000.0,0.0,-0.013875700000000001,1739.6050994600073,1739.5380994600073,6.7,10.355,6.7,10.355,long_ientry_normal,69.3785,0.03988175248597274,207.0
1659340680000.0,423603,1659340680000.0,0.19359999999999825,-0.004594920000000001,1739.7941045400073,1740.1766045400072,-2.2,10.443,4.5,10.355,long_nclose,46.597500000000004,0.0267833417060119,42.0
1659340740000.0,423604,1659340740000.0,0.13199999999999878,-0.0031329,1739.9229716400073,1740.1629716400073,-1.5,10.443,3.0,10.355,long_nclose,31.065,0.017854238668231916,1.0
1659340800000.0,423605,1659340800000.0,0.08799999999999919,-0.0020886,1740.0088830400073,1740.1888830400073,-1.0,10.443,2.0,10.355,long_nclose,20.71,0.011902238087323503,1.0
1659341040000.0,423609,1659341040000.0,0.052799999999999514,-0.00125316,1740.0604298800072,1740.179429880007,-0.6,10.443,1.4,10.355,long_nclose,14.497,0.008331319850196063,4.0
1659341100000.0,423610,1659341100000.0,0.035199999999999676,-0.00083544,1740.0947944400073,1740.1847944400072,-0.4,10.443,1.0,10.355,long_nclose,10.355,0.00595082522692818,1.0
1659341460000.0,423616,1659341460000.0,0.026399999999999757,-0.00062658,1740.1205678600072,1740.1800678600073,-0.3,10.443,0.7,10.355,long_nclose,7.2485,0.004165515961295816,6.0
1659341880000.0,423623,1659341880000.0,0.017599999999999838,-0.00041772,1740.137750140007,1740.187750140007,-0.2,10.443,0.5,10.355,long_nclose,5.1775,0.0029753391647203975,7.0
1659342000000.0,423625,1659342000000.0,0.008799999999999919,-0.00020886,1740.1463412800072,1740.1843412800072,-0.1,10.443,0.4,10.355,long_nclose,4.142,0.0023802595803254405,2.0
1659345840000.0,423689,1659345840000.0,0.008799999999999919,-0.00020886,1740.1549324200073,1740.1804324200073,-0.1,10.443,0.3,10.355,long_nclose,3.1065,0.0017851858717429473,64.0
1659345900000.0,423690,1659345900000.0,0.008799999999999919,-0.00020886,1740.1635235600074,1740.1795235600075,-0.1,10.443,0.2,10.355,long_nclose,2.071,0.0011901180388858923,1.0
1659346200000.0,423695,1659346200000.0,0.008799999999999919,-0.00020886,1740.1721147000076,1740.1811147000076,-0.1,10.443,0.1,10.355,long_nclose,1.0355,0.0005950560816672507,5.0
1659346860000.0,423706,1659346860000.0,0.008799999999999919,-0.00020886,1740.1807058400077,1740.1807058400077,-0.1,10.443,0.0,10.355,long_nclose,0.0,0.0,11.0
1659350280000.0,423763,1659350280000.0,0.0,-0.0139672,1740.1667386400077,1740.5067386400076,6.8,10.27,6.8,10.27,long_ientry_normal,69.836,0.0401317864830464,57.0
1659362760000.0,423971,1659362760000.0,0.19139999999999946,-0.00455708,1740.3535815600076,1740.7215815600075,-2.2,10.357,4.6,10.27,long_nclose,47.242,0.02714505862518667,208.0
1659362880000.0,423973,1659362880000.0,0.13049999999999962,-0.0031071,1740.4809744600075,1740.7754744600074,-1.5,10.357,3.1,10.27,long_nclose,31.837,0.018292070104286882,2.0
1659363300000.0,423980,1659363300000.0,0.08699999999999974,-0.0020714,1740.5659030600075,1740.7339030600074,-1.0,10.357,2.1,10.27,long_nclose,21.567,0.01239079770670221,7.0
1659363360000.0,423981,1659363360000.0,0.060899999999999815,-0.00144998,1740.6253530800075,1740.7723530800074,-0.7,10.357,1.4,10.27,long_nclose,14.377999999999998,0.008260249670934855,1.0
1659365160000.0,424011,1659365160000.0,0.0347999999999999,-0.0008285600000000001,1740.6593245200074,1740.7543245200075,-0.4,10.357,1.0,10.27,long_nclose,10.27,0.005900063186018313,30.0
1659365280000.0,424013,1659365280000.0,0.026099999999999922,-0.0006214199999999999,1740.6848031000075,1740.7443031000075,-0.3,10.357,0.7,10.27,long_nclose,7.188999999999999,0.0041299837783365595,2.0
1659365340000.0,424014,1659365340000.0,0.01739999999999995,-0.00041428000000000005,1740.7017888200073,1740.7592888200072,-0.2,10.357,0.5,10.27,long_nclose,5.135,0.002949959627192048,1.0
1659366300000.0,424030,1659366300000.0,0.008699999999999975,-0.00020714000000000003,1740.7102816800075,1740.7402816800075,-0.1,10.357,0.4,10.27,long_nclose,4.108,0.0023599561875599744,16.0
1659366420000.0,424032,1659366420000.0,0.008699999999999975,-0.00020714000000000003,1740.7187745400076,1740.7487745400076,-0.1,10.357,0.3,10.27,long_nclose,3.081,0.0017699585051089985,2.0
1659367620000.0,424052,1659367620000.0,0.008699999999999975,-0.00020714000000000003,1740.7272674000078,1740.7482674000078,-0.1,10.357,0.2,10.27,long_nclose,2.054,0.0011799665797548537,20.0
1659367800000.0,424055,1659367800000.0,0.008699999999999975,-0.00020714000000000003,1740.735760260008,1740.741760260008,-0.1,10.357,0.1,10.27,long_nclose,1.027,0.0005899804114132752,3.0
1659374340000.0,424164,1659374340000.0,0.0,-0.013765920000000001,1740.721994340008,1740.865894340008,6.8,10.122,6.9,10.12414492753623,long_ientry_partial,69.85659999999999,0.04013081941122138,109.0
1659385080000.0,424343,1659385080000.0,0.19746666666667226,-0.0046966,1740.9147644066747,1741.3326977400081,-2.3,10.21,4.6,10.12414492753623,long_nclose,46.57106666666665,0.026750917172293984,179.0
1659386280000.0,424363,1659386280000.0,0.12878260869565583,-0.0030630000000000006,1741.0404840153703,1741.337634740008,-1.5,10.21,3.1,10.12414492753623,long_nclose,31.384849275362313,0.0180264902301291,20.0
1659386460000.0,424366,1659386460000.0,0.08585507246377055,-0.0020420000000000004,1741.124297087834,1741.325592740008,-1.0,10.21,2.1,10.12414492753623,long_nclose,21.260704347826085,0.012210905553030458,3.0
1659386700000.0,424370,1659386700000.0,0.060098550724639384,-0.0014294000000000002,1741.1829662385587,1741.310163340008,-0.7,10.21,1.4,10.12414492753623,long_nclose,14.173802898550722,0.008140329404422152,4.0
1659387540000.0,424384,1659387540000.0,0.03434202898550822,-0.0008168000000000001,1741.2164914675443,1741.327346540008,-0.4,10.21,1.0,10.12414492753623,long_nclose,10.12414492753623,0.005814409050883344,14.0
1659388440000.0,424399,1659388440000.0,0.025756521739131167,-0.0006126,1741.2416353892834,1741.305233940008,-0.3,10.21,0.7,10.12414492753623,long_nclose,7.086901449275361,0.004070027562654144,15.0
1659393360000.0,424481,1659393360000.0,0.01717101449275411,-0.00040840000000000006,1741.2583980037762,1741.3038255400081,-0.2,10.21,0.5,10.12414492753623,long_nclose,5.062072463768115,0.002907134558300713,82.0
1659398160000.0,424561,1659398160000.0,0.05637101449275406,-0.0004162400000000001,1741.3143527782688,1741.406109300008,-0.2,10.406,0.3,10.12414492753623,long_nclose,3.037243478260869,0.0017442246848852672,80.0
1659398460000.0,424566,1659398460000.0,0.02818550724637703,-0.00020812000000000006,1741.3423301655152,1741.404501180008,-0.1,10.406,0.2,10.12414492753623,long_nclose,2.0248289855072463,0.0011627977741256572,5.0
1659398640000.0,424569,1659398640000.0,0.02818550724637703,-0.00020812000000000006,1741.3703075527617,1741.397893060008,-0.1,10.406,0.1,10.12414492753623,long_nclose,1.0124144927536232,0.0005813895461307261,3.0
1659398700000.0,424570,1659398700000.0,0.02818550724637703,-0.00020812000000000006,1741.3982849400081,1741.3982849400081,-0.1,10.406,0.0,10.12414492753623,long_nclose,0.0,0.0,1.0
1659405180000.0,424678,1659405180000.0,0.0,-0.013921439999999998,1741.384363500008,1741.225663500008,6.9,10.088,6.9,10.088,long_ientry_normal,69.60719999999999,0.039972335492950276,108.0
1659406680000.0,424703,1659406680000.0,0.19550000000000195,-0.00467958,1741.5751839200082,1741.952383920008,-2.3,10.173,4.6,10.088,long_nclose,46.404799999999994,0.02664530387689045,25.0
1659407520000.0,424717,1659407520000.0,0.0,-0.004630360000000001,1741.5705535600082,1741.4279535600083,2.3,10.066,6.9,10.080666666666666,long_ientry_partial,69.5566,0.03993900784427987,14.0
1659412500000.0,424800,1659412500000.0,0.0,-0.013954339999999999,1741.5565992200081,1739.3582992200081,7.1,9.827,14.0,9.952021428571427,long_rentry,139.32829999999998,0.08000216591433262,83.0
1659450540000.0,425434,1659450540000.0,0.38630142857143174,-0.00923312,1741.9336675285795,1743.371666100008,-4.6,10.036,9.4,9.952021428571427,long_nclose,93.54900142857142,0.05370411237374892,634.0
1659451140000.0,425444,1659451140000.0,0.2603335714285736,-0.00622232,1742.187778780008,1742.616043780008,-3.1,10.036,6.3,9.952021428571427,long_nclose,62.697734999999994,0.03598793181978637,10.0
1659451320000.0,425447,1659451320000.0,0.17635500000000146,-0.00421512,1742.3599186600081,1742.7924286600082,-2.1,10.036,4.2,9.952021428571427,long_nclose,41.798489999999994,0.023989584214119113,3.0
1659453420000.0,425482,1659453420000.0,0.11757000000000097,-0.0028100799999999995,1742.4746785800082,1742.7490185800082,-1.4,10.036,2.8,9.952021428571427,long_nclose,27.865659999999995,0.015992002835133596,35.0
1659457620000.0,425552,1659457620000.0,0.3891700000000021,-0.0028644,1742.8609841800082,1743.2711541800084,-1.4,10.23,1.4,9.952021428571427,long_nclose,13.932829999999997,0.007994229101729073,70.0
1659458340000.0,425564,1659458340000.0,0.19458500000000106,-0.0014322,1743.0541369800083,1743.2627219800083,-0.7,10.23,0.7,9.952021428571427,long_nclose,6.966414999999999,0.0039966716192016355,12.0
1659468480000.0,425733,1659468480000.0,0.016795714285714424,-0.00040144000000000003,1743.070531254294,1743.1170205400083,-0.2,10.036,0.5,9.952021428571427,long_nclose,4.976010714285714,0.0028547385920781026,169.0
1659468780000.0,425738,1659468780000.0,0.008397857142857212,-0.00020072000000000002,1743.078728391437,1743.1219198200083,-0.1,10.036,0.4,9.952021428571427,long_nclose,3.9808085714285713,0.0022837801337304915,5.0
1659469260000.0,425746,1659469260000.0,0.008397857142857212,-0.00020072000000000002,1743.0869255285797,1743.1133191000083,-0.1,10.036,0.3,9.952021428571427,long_nclose,2.9856064285714283,0.001712827045424635,8.0
1659469920000.0,425757,1659469920000.0,0.008397857142857212,-0.00020072000000000002,1743.0951226657226,1743.1117183800084,-0.1,10.036,0.2,9.952021428571427,long_nclose,1.9904042857142856,0.0011418793270847733,11.0
1659469980000.0,425758,1659469980000.0,0.008397857142857212,-0.00020072000000000002,1743.1033198028654,1743.1126176600083,-0.1,10.036,0.1,9.952021428571427,long_nclose,0.9952021428571428,0.0005709369786351473,1.0
1659470700000.0,425770,1659470700000.0,0.008397857142857212,-0.00020072000000000002,1743.1115169400082,1743.1115169400082,-0.1,10.036,0.0,9.952021428571427,long_nclose,0.0,0.0,12.0
1659485700000.0,426020,1659485700000.0,0.0,-0.014016820000000003,1743.0975001200081,1743.0194001200082,7.1,9.871,7.1,9.871,long_ientry_normal,70.0841,0.040206643630189866,250.0
1659491580000.0,426118,1659491580000.0,0.1909000000000004,-0.004578840000000001,1743.2838212800082,1743.7830212800081,-2.3,9.954,4.8,9.871,long_nclose,47.3808,0.027179051065368456,98.0
1659496200000.0,426195,1659496200000.0,0.1328000000000003,-0.0031852800000000004,1743.4134360000082,1743.6662360000082,-1.6,9.954,3.2,9.871,long_nclose,31.587200000000003,0.018118020285808934,77.0
1659496260000.0,426196,1659496260000.0,0.08300000000000018,-0.0019908,1743.4944452000084,1743.7012452000083,-1.0,9.954,2.2,9.871,long_nclose,21.716200000000004,0.01245556018821086,1.0
1659498180000.0,426228,1659498180000.0,0.058100000000000124,-0.00139356,1743.5511516400084,1743.6771516400083,-0.7,9.954,1.5,9.871,long_nclose,14.8065,0.008492151197326676,32.0
1659499080000.0,426243,1659499080000.0,0.04150000000000009,-0.0009954,1743.5916562400084,1743.7006562400084,-0.5,9.954,1.0,9.871,long_nclose,9.871,0.005661302613300209,15.0
1659506940000.0,426374,1659506940000.0,0.13750000000000018,-0.0010146,1743.7281416400085,1743.8676416400085,-0.5,10.146,0.5,9.871,long_nclose,4.9355,0.00283042974540634,131.0
1659507240000.0,426379,1659507240000.0,0.05500000000000008,-0.0004058400000000001,1743.7827358000086,1743.8649358000087,-0.2,10.146,0.3,9.871,long_nclose,2.9613,0.0016982046783720576,5.0
1659512340000.0,426464,1659512340000.0,0.02750000000000004,-0.00020292000000000004,1743.8100328800085,1743.8658328800086,-0.1,10.146,0.2,9.871,long_nclose,1.9742000000000002,0.001132118730123079,85.0
1659512580000.0,426468,1659512580000.0,0.02750000000000004,-0.00020292000000000004,1743.8373299600084,1743.8637299600084,-0.1,10.146,0.1,9.871,long_nclose,0.9871000000000001,0.0005660505042764725,4.0
1659513660000.0,426486,1659513660000.0,0.02750000000000004,-0.00020292000000000004,1743.8646270400084,1743.8646270400084,-0.1,10.146,0.0,9.871,long_nclose,0.0,0.0,18.0
1659569100000.0,427410,1659569100000.0,0.0,-0.013921439999999998,1743.8507056000083,1743.8645056000082,6.9,10.088,6.9,10.088,long_ientry_normal,69.60719999999999,0.03991580229687735,924.0
1659569340000.0,427414,1659569340000.0,0.19550000000000195,-0.00467958,1744.0415260200084,1744.4647260200084,-2.3,10.173,4.6,10.088,long_nclose,46.404799999999994,0.026607623332168078,4.0
1659569940000.0,427424,1659569940000.0,0.0,-0.00463956,1744.0368864600084,1744.0207864600084,2.3,10.086,6.9,10.087333333333333,long_ientry_partial,69.60260000000001,0.03990890361343056,10.0
1659571560000.0,427451,1659571560000.0,0.19703333333333306,-0.00467958,1744.2292402133419,1744.6325068800086,-2.3,10.173,4.6,10.087333333333333,long_nclose,46.40173333333333,0.026603001637363788,27.0
1659574620000.0,427502,1659574620000.0,0.6478333333333324,-0.00476974,1744.8723038066753,1745.5109371400085,-2.3,10.369,2.3,10.087333333333333,long_nclose,23.200866666666666,0.013296598619882288,51.0
1659574680000.0,427503,1659574680000.0,0.30983333333333296,-0.0022811800000000003,1745.1798559600086,1745.5190559600085,-1.1,10.369,1.2,10.087333333333333,long_nclose,12.1048,0.006936133235013334,1.0
1659574800000.0,427505,1659574800000.0,0.16899999999999976,-0.0012442800000000002,1745.3476116800086,1745.5382116800085,-0.6,10.369,0.6,10.087333333333333,long_nclose,6.0524,0.0034677332810363077,2.0
1659592620000.0,427802,1659592620000.0,0.2865999999999996,-0.0012678,1745.6329438800085,1745.6329438800085,-0.6,10.565,0.0,10.087333333333333,long_nclose,0.0,0.0,297.0
1659615840000.0,428189,1659615840000.0,0.0,-0.014018039999999999,1745.6189258400084,1745.8052258400085,6.9,10.158,6.9,10.158,long_ientry_normal,70.0902,0.0401520623788333,387.0
1659616200000.0,428195,1659616200000.0,0.19780000000000067,-0.0047122399999999995,1745.8120136000084,1746.1892136000083,-2.3,10.244,4.6,10.158,long_nclose,46.7268,0.026765081025903515,6.0
1659616260000.0,428196,1659616260000.0,0.12900000000000045,-0.0030732,1745.9379404000083,1746.1766404000084,-1.5,10.244,3.1,10.158,long_nclose,31.4898,0.01803603625956226,1.0
1659616440000.0,428199,1659616440000.0,0.0860000000000003,-0.0020488,1746.0218916000083,1746.2045916000084,-1.0,10.244,2.1,10.158,long_nclose,21.3318,0.012217372590014952,3.0
1659616620000.0,428202,1659616620000.0,0.060200000000000205,-0.0014341599999999999,1746.0806574400083,1746.1954574400083,-0.7,10.244,1.4,10.158,long_nclose,14.221199999999998,0.00814464093591771,3.0
1659616680000.0,428203,1659616680000.0,0.03440000000000012,-0.00081952,1746.1142379200082,1746.2162379200083,-0.4,10.244,1.0,10.158,long_nclose,10.158,0.005817488787045416,1.0
1659616980000.0,428208,1659616980000.0,0.02580000000000009,-0.0006146400000000001,1746.139423280008,1746.200323280008,-0.3,10.244,0.7,10.158,long_nclose,7.110599999999999,0.004072183415138297,5.0
1659617280000.0,428213,1659617280000.0,0.01720000000000006,-0.00040976,1746.1562135200081,1746.207213520008,-0.2,10.244,0.5,10.158,long_nclose,5.079,0.002908674470631377,5.0
1659617520000.0,428217,1659617520000.0,0.00860000000000003,-0.00020488,1746.164608640008,1746.203408640008,-0.1,10.244,0.4,10.158,long_nclose,4.0632,0.0023269283891652138,4.0
1659617760000.0,428221,1659617760000.0,0.00860000000000003,-0.00020488,1746.173003760008,1746.2006037600079,-0.1,10.244,0.3,10.158,long_nclose,3.0473999999999997,0.0017451879014496725,4.0
1659618000000.0,428225,1659618000000.0,0.00860000000000003,-0.00020488,1746.181398880008,1746.1987988800079,-0.1,10.244,0.2,10.158,long_nclose,2.0316,0.001163453007404075,4.0
1659618180000.0,428228,1659618180000.0,0.00860000000000003,-0.00020488,1746.1897940000079,1746.1979940000078,-0.1,10.244,0.1,10.158,long_nclose,1.0158,0.0005817237069477429,3.0
1659618360000.0,428231,1659618360000.0,0.00860000000000003,-0.00020488,1746.1981891200078,1746.1981891200078,-0.1,10.244,0.0,10.158,long_nclose,0.0,0.0,3.0
1659631860000.0,428456,1659631860000.0,0.0,-0.01403184,1746.1841572800079,1746.1979572800078,6.9,10.168,6.9,10.168,long_ientry_normal,70.1592,0.040178580081315945,225.0
1659632820000.0,428472,1659632820000.0,0.19780000000000067,-0.004716839999999999,1746.3772404400079,1746.8004404400078,-2.3,10.254,4.6,10.168,long_nclose,46.77279999999999,0.026782758568369435,16.0
1659633360000.0,428481,1659633360000.0,0.12900000000000045,-0.0030762000000000003,1746.503164240008,1746.8193642400079,-1.5,10.254,3.1,10.168,long_nclose,31.520799999999998,0.018047948979076883,9.0
1659633720000.0,428487,1659633720000.0,0.0860000000000003,-0.0020508,1746.587113440008,1746.769813440008,-1.0,10.254,2.1,10.168,long_nclose,21.3528,0.012225442313005723,6.0
1659636720000.0,428537,1659636720000.0,0.060200000000000205,-0.00143556,1746.645877880008,1746.7676778800078,-0.7,10.254,1.4,10.168,long_nclose,14.235199999999997,0.008150020665481417,50.0
1659636900000.0,428540,1659636900000.0,0.03440000000000012,-0.0008203200000000001,1746.679457560008,1746.766457560008,-0.4,10.254,1.0,10.168,long_nclose,10.168,0.00582133141601379,3.0
1659642240000.0,428629,1659642240000.0,0.02580000000000009,-0.00061524,1746.704642320008,1746.7620423200078,-0.3,10.254,0.7,10.168,long_nclose,7.117599999999999,0.0040748732370380954,89.0
1659642300000.0,428630,1659642300000.0,0.01720000000000006,-0.00041016000000000007,1746.721432160008,1746.767432160008,-0.2,10.254,0.5,10.168,long_nclose,5.084,0.0029105957632368945,1.0
1659642600000.0,428635,1659642600000.0,0.00860000000000003,-0.00020508000000000004,1746.729827080008,1746.7646270800078,-0.1,10.254,0.4,10.168,long_nclose,4.0672,0.002328465419749029,5.0
1659650760000.0,428771,1659650760000.0,0.00860000000000003,-0.00020508000000000004,1746.738222000008,1746.764322000008,-0.1,10.254,0.3,10.168,long_nclose,3.0504,0.0017463406717620827,136.0
1659651300000.0,428780,1659651300000.0,0.00860000000000003,-0.00020508000000000004,1746.746616920008,1746.7640169200079,-0.1,10.254,0.2,10.168,long_nclose,2.0336,0.0011642215191953788,9.0
1659664020000.0,428992,1659664020000.0,0.02840000000000007,-0.00020904000000000005,1746.7748078800078,1746.8035078800078,-0.1,10.452,0.1,10.168,long_nclose,1.0168,0.0005821013649916616,212.0
1659668760000.0,429071,1659668760000.0,0.04809999999999999,-0.00021298,1746.8226949000077,1746.8226949000077,-0.1,10.649,0.0,10.168,long_nclose,0.0,0.0,79.0
1659805500000.0,431350,1659805500000.0,0.0,-0.014026319999999998,1746.8086685800076,1746.8020685800077,6.6,10.626,6.6,10.626,long_ientry_normal,70.13159999999999,0.040148415371106694,2279.0
1659806220000.0,431362,1659806220000.0,0.1979999999999997,-0.00471504,1747.0019535400077,1747.4375535400077,-2.2,10.716,4.4,10.626,long_nclose,46.754400000000004,0.026762648951399293,12.0
1659809580000.0,431418,1659809580000.0,0.1259999999999998,-0.00300048,1747.1249530600076,1747.4219530600076,-1.4,10.716,3.0,10.626,long_nclose,31.878,0.01824597602144436,56.0
1659809880000.0,431423,1659809880000.0,0.08999999999999986,-0.0021432,1747.2128098600074,1747.4308098600075,-1.0,10.716,2.0,10.626,long_nclose,21.252,0.01216337236086472,5.0
1659813120000.0,431477,1659813120000.0,0.053999999999999916,-0.00128592,1747.2655239400074,1747.4041239400074,-0.6,10.716,1.4,10.626,long_nclose,14.876399999999999,0.008514103778831718,54.0
1659813420000.0,431482,1659813420000.0,0.03599999999999994,-0.00085728,1747.3006666600074,1747.3946666600075,-0.4,10.716,1.0,10.626,long_nclose,10.626,0.006081380384471417,5.0
1659813780000.0,431488,1659813780000.0,0.026999999999999958,-0.00064296,1747.3270237000074,1747.4033237000074,-0.3,10.716,0.7,10.626,long_nclose,7.438199999999999,0.004256902056175741,6.0
1659815220000.0,431512,1659815220000.0,0.01799999999999997,-0.00042864,1747.3445950600074,1747.3915950600074,-0.2,10.716,0.5,10.626,long_nclose,5.313,0.0030406137490112763,24.0
1659815340000.0,431514,1659815340000.0,0.008999999999999985,-0.00021432,1747.3533807400074,1747.3909807400075,-0.1,10.716,0.4,10.626,long_nclose,4.2504,0.0024324787686620937,2.0
1659816540000.0,431534,1659816540000.0,0.008999999999999985,-0.00021432,1747.3621664200075,1747.3903664200075,-0.1,10.716,0.3,10.626,long_nclose,3.1877999999999997,0.0018243499036786168,20.0
1659817320000.0,431547,1659817320000.0,0.008999999999999985,-0.00021432,1747.3709521000076,1747.3907521000076,-0.1,10.716,0.2,10.626,long_nclose,2.1252,0.001216227153968603,13.0
1659817500000.0,431550,1659817500000.0,0.008999999999999985,-0.00021432,1747.3797377800076,1747.3891377800076,-0.1,10.716,0.1,10.626,long_nclose,1.0626,0.0006081105194398103,3.0
1659819300000.0,431580,1659819300000.0,0.008999999999999985,-0.00021432,1747.3885234600077,1747.3885234600077,-0.1,10.716,0.0,10.626,long_nclose,0.0,0.0,30.0
1659833760000.0,431821,1659833760000.0,0.0,-0.013893,1747.3746304600077,1747.2756304600077,6.6,10.525,6.6,10.525,long_ientry_normal,69.465,0.03975392499644618,241.0
1659837960000.0,431891,1659837960000.0,0.19580000000000092,-0.0046701600000000005,1747.5657603000077,1747.9397603000077,-2.2,10.614,4.4,10.525,long_nclose,46.31,0.026499718094757065,70.0
1659838020000.0,431892,1659838020000.0,0.12460000000000057,-0.0029719200000000003,1747.6873883800079,1747.9573883800078,-1.4,10.614,3.0,10.525,long_nclose,31.575000000000003,0.018066732191314813,1.0
1659838140000.0,431894,1659838140000.0,0.08900000000000041,-0.0021228,1747.7742655800078,1747.9542655800078,-1.0,10.614,2.0,10.525,long_nclose,21.05,0.012043889428143315,2.0
1659838260000.0,431896,1659838260000.0,0.053400000000000246,-0.0012736800000000001,1747.8263919000078,1747.9453919000077,-0.6,10.614,1.4,10.525,long_nclose,14.735,0.00843047116595032,2.0
1659838980000.0,431908,1659838980000.0,0.035600000000000166,-0.0008491200000000002,1747.8611427800076,1747.9511427800076,-0.4,10.614,1.0,10.525,long_nclose,10.525,0.006021645394129982,12.0
1659839760000.0,431921,1659839760000.0,0.026700000000000123,-0.0006368400000000001,1747.8872059400076,1747.9467059400076,-0.3,10.614,0.7,10.525,long_nclose,7.3675,0.004215088922764776,13.0
1659839940000.0,431924,1659839940000.0,0.017800000000000083,-0.0004245600000000001,1747.9045813800076,1747.9495813800077,-0.2,10.614,0.5,10.525,long_nclose,5.2625,0.003010747872658555,3.0
1659840180000.0,431928,1659840180000.0,0.008900000000000042,-0.00021228000000000005,1747.9132691000077,1747.9512691000077,-0.1,10.614,0.4,10.525,long_nclose,4.21,0.0024085863265788407,4.0
1659847680000.0,432053,1659847680000.0,0.008900000000000042,-0.00021228000000000005,1747.9219568200078,1747.9519568200078,-0.1,10.614,0.3,10.525,long_nclose,3.1575,0.0018064307663623815,125.0
1659848220000.0,432062,1659848220000.0,0.008900000000000042,-0.00021228000000000005,1747.930644540008,1747.949644540008,-0.1,10.614,0.2,10.525,long_nclose,2.105,0.001204281191919923,9.0
1659848700000.0,432070,1659848700000.0,0.008900000000000042,-0.00021228000000000005,1747.939332260008,1747.949332260008,-0.1,10.614,0.1,10.525,long_nclose,1.0525,0.0006021376031622128,8.0
1659858000000.0,432225,1659858000000.0,0.02940000000000005,-0.00021638000000000004,1747.968515880008,1747.968515880008,-0.1,10.819,0.0,10.525,long_nclose,0.0,0.0,155.0
1660035600000.0,435185,1660035600000.0,0.0,-0.013880400000000001,1747.954635480008,1747.972635480008,6.0,11.567,6.0,11.567,long_ientry_normal,69.402,0.0397046917530222,2960.0
1660036020000.0,435192,1660036020000.0,0.19599999999999795,-0.004666,1748.1459694800078,1748.5179694800079,-2.0,11.665,4.0,11.567,long_nclose,46.268,0.026466897391733586,7.0
1660037040000.0,435209,1660037040000.0,0.0,-0.0046252,1748.1413442800078,1748.1973442800079,2.0,11.563,6.0,11.565666666666667,long_ientry_partial,69.394,0.03969587483704341,17.0
1660053360000.0,435481,1660053360000.0,0.0,-0.01398224,1748.127362040008,1746.6821620400078,6.2,11.276,12.2,11.418459016393443,long_rentry,139.3052,0.07968824413195807,272.0
1660080360000.0,435931,1660080360000.0,0.38616393442622865,-0.009212000000000001,1748.5043139744341,1749.3369500400079,-4.0,11.515,8.2,11.418459016393443,long_nclose,93.63136393442623,0.053549404016966735,450.0
1660080540000.0,435934,1660080540000.0,0.26066065573770436,-0.006218100000000001,1748.7587565301717,1749.2622319400077,-2.7,11.515,5.5,11.418459016393443,long_nclose,62.801524590163936,0.03591205725526865,3.0
1660080600000.0,435935,1660080600000.0,0.1737737704918029,-0.0041454000000000005,1748.9283849006636,1749.3040865400078,-1.8,11.515,3.7,11.418459016393443,long_nclose,42.248298360655745,0.024156677154653982,1.0
1660081740000.0,435954,1660081740000.0,0.11584918032786859,-0.0027636,1749.0414704809914,1749.3078229400078,-1.2,11.515,2.5,11.418459016393443,long_nclose,28.546147540983608,0.01632102384235254,19.0
1660083060000.0,435976,1660083060000.0,0.07723278688524574,-0.0018424000000000003,1749.1168608678765,1749.2894805400076,-0.8,11.515,1.7,11.418459016393443,long_nclose,19.411380327868855,0.011097817854341259,22.0
1660083180000.0,435978,1660083180000.0,0.04827049180327858,-0.0011515000000000002,1749.1639798596798,1749.2978290400076,-0.5,11.515,1.2,11.418459016393443,long_nclose,13.702150819672132,0.007833542753819648,2.0
1660086360000.0,436031,1660086360000.0,0.03861639344262287,-0.0009212000000000002,1749.2016750531225,1749.2829078400077,-0.4,11.515,0.8,11.418459016393443,long_nclose,9.134767213114754,0.0052222492942886846,53.0
1660091760000.0,436121,1660091760000.0,0.0,-0.012092760000000001,1749.1895822931224,1749.0000150800076,5.4,11.197,6.2,11.225575356953993,long_ientry_partial,69.59856721311476,0.03978903597280384,90.0
1660092060000.0,436126,1660092060000.0,0.0,-0.014008320000000001,1749.1755739731225,1747.4424067600078,6.4,10.944,12.6,11.082552953421807,long_rentry,139.64016721311475,0.07983199016204673,5.0
1660098360000.0,436231,1660098360000.0,0.0,-0.0139516,1749.1616223731226,1745.4704551600078,6.5,10.732,19.1,10.963254827911767,long_rentry,209.39816721311476,0.119713447022134,105.0
1660134600000.0,436835,1660134600000.0,0.5842945841558641,-0.01393056,1749.7319863972784,1752.5063246000077,-6.3,11.056,12.8,10.963254827911767,long_nclose,140.32966179727063,0.08020066095163024,604.0
1660134660000.0,436836,1660134660000.0,1.9567691013646937,-0.014424320000000001,1751.6743311786431,1754.0215002800078,-6.4,11.269,6.4,10.963254827911767,long_nclose,70.16483089863532,0.04005586520835967,1.0
1660135560000.0,436851,1660135560000.0,3.3199691013646886,-0.014696959999999998,1754.9796033200078,1754.9796033200078,-6.4,11.482,0.0,10.963254827911767,long_nclose,0.0,0.0,15.0
1660261140000.0,438944,1660261140000.0,0.0,-0.0140124,1754.9655909200078,1754.8635909200077,6.0,11.677,6.0,11.677,long_ientry_normal,70.062,0.03992215024755631,2093.0
1660272720000.0,439137,1660272720000.0,0.1980000000000004,-0.0047104,1755.1588805200079,1755.550880520008,-2.0,11.776,4.0,11.677,long_nclose,46.708,0.026611835839135903,193.0
1660296480000.0,439533,1660296480000.0,0.12870000000000026,-0.00306176,1755.2845187600078,1755.5356187600078,-1.3,11.776,2.7,11.677,long_nclose,31.527900000000002,0.017961703452083297,396.0
1660297020000.0,439542,1660297020000.0,0.08910000000000018,-0.00211968,1755.3714990800077,1755.6018990800076,-0.9,11.776,1.8,11.677,long_nclose,21.0186,0.011973875621779135,9.0
1660297620000.0,439552,1660297620000.0,0.05940000000000012,-0.0014131200000000001,1755.4294859600077,1755.5590859600077,-0.6,11.776,1.2,11.677,long_nclose,14.0124,0.007982320060174283,10.0
1660298460000.0,439566,1660298460000.0,0.03960000000000008,-0.00094208,1755.4681438800078,1755.546543880008,-0.4,11.776,0.8,11.677,long_nclose,9.3416,0.005321429518711067,14.0
1660298520000.0,439567,1660298520000.0,0.01980000000000004,-0.00047104,1755.4874728400077,1755.5372728400077,-0.2,11.776,0.6,11.677,long_nclose,7.0062,0.003991028194957978,1.0
1660301880000.0,439623,1660301880000.0,0.0,-0.012653300000000001,1755.4748195400077,1755.4741195400077,5.5,11.503,6.1,11.52011475409836,long_ientry_partial,70.27269999999999,0.04003059412633087,56.0
1660307700000.0,439720,1660307700000.0,0.19377049180328143,-0.0046468,1755.663943231811,1756.0734727400077,-2.0,11.617,4.1,11.52011475409836,long_nclose,47.23247049180327,0.026902910818375723,97.0
1660307940000.0,439724,1660307940000.0,0.12595081967213292,-0.0030204200000000007,1755.786873631483,1756.0945523200078,-1.3,11.617,2.8,11.52011475409836,long_nclose,32.2563213114754,0.01837143322797479,4.0
1660308060000.0,439726,1660308060000.0,0.08719672131147664,-0.0020910600000000005,1755.8719792927945,1756.0617612600076,-0.9,11.617,1.9,11.52011475409836,long_nclose,21.888218032786884,0.0124657254577311,2.0
1660308360000.0,439731,1660308360000.0,0.058131147540984425,-0.00139404,1755.9287164003356,1756.0650672200077,-0.6,11.617,1.3,11.52011475409836,long_nclose,14.97614918032787,0.008528904983699489,5.0
1660311360000.0,439781,1660311360000.0,0.03875409836065629,-0.0009293600000000002,1755.9665411386961,1756.0609378600077,-0.4,11.617,0.9,11.52011475409836,long_nclose,10.368103278688524,0.005904499337421938,50.0
1660318200000.0,439895,1660318200000.0,0.12835409836065567,-0.00094728,1756.0939479570568,1756.2613905800076,-0.4,11.841,0.5,11.52011475409836,long_nclose,5.76005737704918,0.0032800394214387643,114.0
1660320240000.0,439929,1660320240000.0,0.06417704918032784,-0.00047364,1756.157651366237,1756.2536169400073,-0.2,11.841,0.3,11.52011475409836,long_nclose,3.456034426229508,0.0019679522641608055,34.0
1660329720000.0,440087,1660329720000.0,0.03208852459016392,-0.00023682,1756.189503070827,1756.2554801200072,-0.1,11.841,0.2,11.52011475409836,long_nclose,2.304022950819672,0.001311944381167817,158.0
1660330680000.0,440103,1660330680000.0,0.03208852459016392,-0.00023682,1756.221354775417,1756.2528433000073,-0.1,11.841,0.1,11.52011475409836,long_nclose,1.152011475409836,0.000655960293545772,16.0
1660331160000.0,440111,1660331160000.0,0.03208852459016392,-0.00023682,1756.253206480007,1756.253206480007,-0.1,11.841,0.0,11.52011475409836,long_nclose,0.0,0.0,8.0
1660483860000.0,442656,1660483860000.0,0.0,-0.014113200000000001,1756.239093280007,1756.173093280007,6.0,11.761,6.0,11.761,long_ientry_normal,70.566,0.04018017835385314,2545.0
1660496400000.0,442865,1660496400000.0,0.0,-0.0139873,1756.225105980007,1754.4491059800068,6.1,11.465,12.1,11.611776859504133,long_rentry,140.5025,0.0800025574862722,209.0
1660512480000.0,443133,1660512480000.0,0.3928925619834729,-0.009368000000000001,1756.6086305419904,1757.444737980007,-4.0,11.71,8.1,11.611776859504133,long_nclose,94.05539256198347,0.05354373815922974,268.0
1660527360000.0,443381,1660527360000.0,0.2652024793388442,-0.006323400000000002,1756.8675096213292,1757.262914580007,-2.7,11.71,5.4,11.611776859504133,long_nclose,62.70359504132232,0.035690565565093355,248.0
1660528560000.0,443401,1660528560000.0,0.1768016528925628,-0.004215600000000001,1757.040095674222,1757.429698980007,-1.8,11.71,3.6,11.611776859504133,long_nclose,41.80239669421488,0.023791373228835858,20.0
1660529220000.0,443412,1660529220000.0,0.11786776859504186,-0.0028104000000000002,1757.155153042817,1757.438888580007,-1.2,11.71,2.4,11.611776859504133,long_nclose,27.86826446280992,0.01585987692353246,11.0
1660533360000.0,443481,1660533360000.0,0.3890677685950408,-0.0028646400000000003,1757.5413561714117,1757.9052239400069,-1.2,11.936,1.2,11.611776859504133,long_nclose,13.93413223140496,0.007928195932617345,69.0
1660537800000.0,443555,1660537800000.0,0.03928925619834729,-0.0009368000000000001,1757.57970862761,1757.6662871400067,-0.4,11.71,0.8,11.611776859504133,long_nclose,9.289421487603306,0.0052853486200388974,74.0
1660541820000.0,443622,1660541820000.0,0.019644628099173646,-0.00046840000000000006,1757.5988848557092,1757.6638187400067,-0.2,11.71,0.6,11.611776859504133,long_nclose,6.96706611570248,0.003963968215805078,67.0
1660544580000.0,443668,1660544580000.0,0.0,-0.0126764,1757.5862084557093,1757.4176423400068,5.5,11.524,6.1,11.532633789459421,long_ientry_partial,70.34906611570247,0.04002595478802384,46.0
1660568100000.0,444060,1660568100000.0,0.0,-0.01416618,1757.5720422757092,1755.5820761600069,6.3,11.243,12.4,11.385481138363101,long_rentry,141.17996611570246,0.08032670224595871,392.0
1660571940000.0,444124,1660571940000.0,0.3957273327112833,-0.009415239999999998,1757.9583543684205,1758.6598609200068,-4.1,11.482,8.3,11.385481138363101,long_nclose,94.49949344841374,0.05375525149022342,64.0
1660578600000.0,444235,1660578600000.0,0.2606009264196256,-0.006200280000000001,1758.21275501484,1758.7420606400067,-2.7,11.482,5.6,11.385481138363101,long_nclose,63.75869437483336,0.03626335561096257,111.0
1660579020000.0,444242,1660579020000.0,0.17373395094641708,-0.00413352,1758.3823554457863,1758.7415271200066,-1.8,11.482,3.8,11.385481138363101,long_nclose,43.26482832577978,0.024604903587542682,7.0
1660579140000.0,444244,1660579140000.0,0.11582263396427805,-0.00275568,1758.4954223997504,1758.7541714400063,-1.2,11.482,2.6,11.385481138363101,long_nclose,29.60225095974406,0.016833851588505713,2.0
1660579440000.0,444249,1660579440000.0,0.0772150893095187,-0.0018371199999999998,1758.57080036906,1758.7679343200064,-0.8,11.482,1.8,11.385481138363101,long_nclose,20.493866049053583,0.011653705409388503,5.0
1660579860000.0,444256,1660579860000.0,0.05791131698213903,-0.00137784,1758.6273338460421,1758.7467564800063,-0.6,11.482,1.2,11.385481138363101,long_nclose,13.662577366035721,0.007768887190076964,7.0
1660580220000.0,444262,1660580220000.0,0.03860754465475935,-0.0009185599999999999,1758.665022830697,1758.7446379200064,-0.4,11.482,0.8,11.385481138363101,long_nclose,9.10838491069048,0.005179147132880305,6.0
1660580400000.0,444265,1660580400000.0,0.019303772327379676,-0.00045927999999999995,1758.6838673230243,1758.7435786400065,-0.2,11.482,0.6,11.385481138363101,long_nclose,6.831288683017861,0.003884318728309078,3.0
1660580940000.0,444274,1660580940000.0,0.019303772327379676,-0.00045927999999999995,1758.7027118153517,1758.7585193600064,-0.2,11.482,0.4,11.385481138363101,long_nclose,4.55419245534524,0.0025895180718999143,9.0
1660581480000.0,444283,1660581480000.0,0.009651886163689838,-0.00022963999999999998,1758.7121340615154,1758.7464897200064,-0.1,11.482,0.3,11.385481138363101,long_nclose,3.4156443415089304,0.0019421281489773697,9.0
1660584720000.0,444337,1660584720000.0,0.009651886163689838,-0.00022963999999999998,1758.721556307679,1758.7364600800065,-0.1,11.482,0.2,11.385481138363101,long_nclose,2.27709622767262,0.0012947451627608607,54.0
1660584840000.0,444339,1660584840000.0,0.009651886163689838,-0.00022963999999999998,1758.7309785538428,1758.7409304400064,-0.1,11.482,0.1,11.385481138363101,long_nclose,1.13854811383631,0.0006473691131388995,2.0
1660584960000.0,444341,1660584960000.0,0.009651886163689838,-0.00022963999999999998,1758.7404008000065,1758.7404008000065,-0.1,11.482,0.0,11.385481138363101,long_nclose,0.0,0.0,2.0
1660604460000.0,444666,1660604460000.0,0.0,-0.01413972,1758.7262610800065,1758.7451610800065,6.3,11.222,6.3,11.222,long_ientry_normal,70.6986,0.04019875154225825,325.0
1660606500000.0,444700,1660606500000.0,0.19950000000000134,-0.00475314,1758.9210079400063,1759.3326079400063,-2.1,11.317,4.2,11.222,long_nclose,47.1324,0.026796200504308035,34.0
1660609080000.0,444743,1660609080000.0,0.1330000000000009,-0.00316876,1759.0508391800063,1759.3672391800062,-1.4,11.317,2.8,11.222,long_nclose,31.421599999999998,0.0178628151615262,43.0
1660609440000.0,444749,1660609440000.0,0.08550000000000058,-0.0020370600000000003,1759.1343021200062,1759.2825021200063,-0.9,11.317,1.9,11.222,long_nclose,21.3218,0.012120620906717701,6.0
1660609980000.0,444758,1660609980000.0,0.057000000000000384,-0.00135804,1759.1899440800062,1759.3238440800062,-0.6,11.317,1.3,11.222,long_nclose,14.5886,0.008292794106226726,9.0
1660610520000.0,444767,1660610520000.0,0.038000000000000256,-0.0009053600000000001,1759.2270387200062,1759.3197387200062,-0.4,11.317,0.9,11.222,long_nclose,10.0998,0.005741044093631314,9.0
1660610640000.0,444769,1660610640000.0,0.028500000000000192,-0.00067902,1759.2548597000061,1759.316659700006,-0.3,11.317,0.6,11.222,long_nclose,6.733199999999999,0.00382730220290434,2.0
1660619400000.0,444915,1660619400000.0,0.0,-0.01276458,1759.242095120006,1759.119995120006,5.7,11.197,6.3,11.199380952380952,long_ientry_partial,70.5561,0.0401059639237356,146.0
1660620720000.0,444937,1660620720000.0,0.1987000000000009,-0.0047434800000000004,1759.436051640006,1759.8586516400062,-2.1,11.294,4.2,11.199380952380952,long_nclose,47.037400000000005,0.026734361817899257,22.0
1660626360000.0,445031,1660626360000.0,0.13246666666666726,-0.00316232,1759.5653559866728,1759.847089320006,-1.4,11.294,2.8,11.199380952380952,long_nclose,31.358266666666665,0.017821598135002253,94.0
1660627680000.0,445053,1660627680000.0,0.08515714285714325,-0.00203292,1759.64848020953,1759.839656400006,-0.9,11.294,1.9,11.199380952380952,long_nclose,21.278823809523807,0.012092656032635584,22.0
1660628460000.0,445066,1660628460000.0,0.05677142857142883,-0.00135528,1759.7038963581012,1759.834701120006,-0.6,11.294,1.3,11.199380952380952,long_nclose,14.559195238095239,0.008273661988376042,13.0
1660629120000.0,445077,1660629120000.0,0.03784761904761922,-0.0009035200000000002,1759.7408404571488,1759.8223976000058,-0.4,11.294,0.9,11.199380952380952,long_nclose,10.079442857142858,0.005727799585832424,11.0
1660629180000.0,445078,1660629180000.0,0.028385714285714413,-0.00067764,1759.7685485314344,1759.834919960006,-0.3,11.294,0.6,11.199380952380952,long_nclose,6.719628571428571,0.003818472933293557,1.0
1660636800000.0,445205,1660636800000.0,0.0937857142857144,-0.00069072,1759.8616435257202,1759.9503292400059,-0.3,11.512,0.3,11.199380952380952,long_nclose,3.3598142857142856,0.0019091354698675107,127.0
1660636860000.0,445206,1660636860000.0,0.0312619047619048,-0.00023024000000000002,1759.8926751904821,1759.953799000006,-0.1,11.512,0.2,11.199380952380952,long_nclose,2.2398761904761906,0.0012727345377659223,1.0
1660636920000.0,445207,1660636920000.0,0.0312619047619048,-0.00023024000000000002,1759.923706855244,1759.956768760006,-0.1,11.512,0.1,11.199380952380952,long_nclose,1.1199380952380953,0.000636356048205794,1.0
1660638660000.0,445236,1660638660000.0,0.0312619047619048,-0.00023024000000000002,1759.954738520006,1759.954738520006,-0.1,11.512,0.0,11.199380952380952,long_nclose,0.0,0.0,29.0
1660659180000.0,445578,1660659180000.0,0.0,-0.013979759999999999,1759.940758760006,1759.977958760006,6.2,11.274,6.2,11.274,long_ientry_normal,69.8988,0.03971656412415171,342.0
1660662720000.0,445637,1660662720000.0,0.19000000000000128,-0.0045476,1760.126211160006,1760.550411160006,-2.0,11.369,4.2,11.274,long_nclose,47.3508,0.02690193447479746,59.0
1660668300000.0,445730,1660668300000.0,0.1330000000000009,-0.00318332,1760.256027840006,1760.552827840006,-1.4,11.369,2.8,11.274,long_nclose,31.567199999999996,0.01793330032718923,93.0
1660668540000.0,445734,1660668540000.0,0.08550000000000058,-0.00204642,1760.339481420006,1760.521881420006,-0.9,11.369,1.9,11.274,long_nclose,21.420599999999997,0.012168448316980727,4.0
1660673880000.0,445823,1660673880000.0,0.2826000000000001,-0.0020858400000000003,1760.619995580006,1760.925995580006,-0.9,11.588,1.0,11.274,long_nclose,11.274,0.00640342608189337,89.0
1660673940000.0,445824,1660673940000.0,0.15700000000000003,-0.0011588,1760.7758367800059,1760.9238367800058,-0.5,11.588,0.5,11.274,long_nclose,5.637,0.0032014296665432347,1.0
1660674000000.0,445825,1660674000000.0,0.06280000000000001,-0.00046352000000000003,1760.8381732600058,1760.9329732600058,-0.2,11.588,0.3,11.274,long_nclose,3.3821999999999997,0.001920789798495914,1.0
1660675380000.0,445848,1660675380000.0,0.009500000000000064,-0.00022738,1760.8474458800056,1760.8666458800055,-0.1,11.369,0.2,11.274,long_nclose,2.2548,0.0012805197890798175,23.0
1660676040000.0,445859,1660676040000.0,0.009500000000000064,-0.00022738,1760.8567185000054,1760.8658185000054,-0.1,11.369,0.1,11.274,long_nclose,1.1274,0.0006402565229500224,11.0
1660676100000.0,445860,1660676100000.0,0.009500000000000064,-0.00022738,1760.8659911200052,1760.8659911200052,-0.1,11.369,0.0,11.274,long_nclose,0.0,0.0,1.0
1660739520000.0,446917,1660739520000.0,0.0,-0.01413228,1760.8518588400052,1760.9324588400052,6.2,11.397,6.2,11.397,long_ientry_normal,70.6614,0.04012909981339915,1057.0
1660739880000.0,446923,1660739880000.0,0.19200000000000017,-0.0045972,1761.0392616400052,1761.4298616400051,-2.0,11.493,4.2,11.397,long_nclose,47.8674,0.027181336068238745,6.0
1660740000000.0,446925,1660740000000.0,0.1344000000000001,-0.00321804,1761.170443600005,1761.570843600005,-1.4,11.493,2.8,11.397,long_nclose,31.9116,0.018119540965478367,2.0
1660741440000.0,446949,1660741440000.0,0.08640000000000007,-0.0020687400000000003,1761.254774860005,1761.412474860005,-0.9,11.493,1.9,11.397,long_nclose,21.6543,0.012294814077492685,24.0
1660741680000.0,446953,1660741680000.0,0.05760000000000005,-0.0013791600000000002,1761.3109957000052,1761.4383957000052,-0.6,11.493,1.3,11.397,long_nclose,14.8161,0.008411972693165171,4.0
1660742640000.0,446969,1660742640000.0,0.03840000000000004,-0.00091944,1761.348476260005,1761.441176260005,-0.4,11.493,0.9,11.397,long_nclose,10.2573,0.0058235494782838465,16.0
1660743000000.0,446975,1660743000000.0,0.028800000000000023,-0.0006895800000000001,1761.3765866800052,1761.4323866800053,-0.3,11.493,0.6,11.397,long_nclose,6.8382,0.003882304358824952,6.0
1660743660000.0,446986,1660743660000.0,0.0,-0.01275344,1761.363833240005,1761.1904332400052,5.6,11.387,6.2,11.387967741935483,long_ientry_partial,70.6054,0.040085641971041454,11.0
1660759380000.0,447248,1660759380000.0,0.19206451612903308,-0.004593600000000001,1761.5513041561342,1761.8748396400051,-2.0,11.484,4.2,11.387967741935483,long_nclose,47.82946451612903,0.027151899807449316,262.0
1660759440000.0,447249,1660759440000.0,0.13444516129032313,-0.0032155200000000004,1761.6825337974246,1761.8562241200052,-1.4,11.484,2.8,11.387967741935483,long_nclose,31.88630967741935,0.01809991815533658,1.0
1660759860000.0,447256,1660759860000.0,0.08642903225806489,-0.00206712,1761.7668957096828,1761.9322570000054,-0.9,11.484,1.9,11.387967741935483,long_nclose,21.63713870967742,0.012281499194001741,7.0
1660759920000.0,447257,1660759920000.0,0.05761935483870992,-0.00137808,1761.8231369845214,1761.9622789200052,-0.6,11.484,1.3,11.387967741935483,long_nclose,14.804358064516128,0.008402862781025104,1.0
1660765440000.0,447349,1660765440000.0,0.19081935483870963,-0.00140472,1762.0125516193602,1762.2449742000053,-0.6,11.706,0.7,11.387967741935483,long_nclose,7.971577419354838,0.0045241320284742795,92.0
1660770360000.0,447431,1660770360000.0,0.09540967741935481,-0.00070236,1762.1072589367795,1762.2440718400053,-0.3,11.706,0.4,11.387967741935483,long_nclose,4.555187096774193,0.002585079355227617,82.0
1660770540000.0,447434,1660770540000.0,0.06360645161290322,-0.00046824000000000003,1762.1703971483926,1762.2348036000055,-0.2,11.706,0.2,11.387967741935483,long_nclose,2.2775935483870966,0.0012924933661766084,3.0
1660770780000.0,447438,1660770780000.0,0.03180322580645161,-0.00023412000000000001,1762.201966254199,1762.2316694800056,-0.1,11.706,0.1,11.387967741935483,long_nclose,1.1387967741935483,0.0006462351058512415,4.0
1660773120000.0,447477,1660773120000.0,0.03180322580645161,-0.00023412000000000001,1762.2335353600056,1762.2335353600056,-0.1,11.706,0.0,11.387967741935483,long_nclose,0.0,0.0,39.0
1660840260000.0,448596,1660840260000.0,0.0,-0.0141642,1762.2193711600055,1762.1583711600056,6.1,11.61,6.1,11.61,long_ientry_normal,70.821,0.04018852655863219,1119.0
1660842300000.0,448630,1660842300000.0,0.1960000000000015,-0.0046832,1762.4106879600054,1762.8001879600054,-2.0,11.708,4.1,11.61,long_nclose,47.60099999999999,0.027009028216401856,34.0
1660842360000.0,448631,1660842360000.0,0.12740000000000098,-0.0030440800000000007,1762.5350438800053,1762.8010438800054,-1.3,11.708,2.8,11.61,long_nclose,32.507999999999996,0.0184438885983439,1.0
1660842420000.0,448632,1660842420000.0,0.08820000000000068,-0.0021074400000000004,1762.6211364400053,1762.8396364400053,-0.9,11.708,1.9,11.61,long_nclose,22.058999999999997,0.012514884534150611,1.0
1660845300000.0,448680,1660845300000.0,0.05880000000000045,-0.00140496,1762.6785314800054,1762.7890314800054,-0.6,11.708,1.3,11.61,long_nclose,15.093,0.00856253691779374,48.0
1660845540000.0,448684,1660845540000.0,0.039200000000000304,-0.0009366400000000001,1762.7167948400054,1762.8247948400053,-0.4,11.708,0.9,11.61,long_nclose,10.449,0.005927781496487309,4.0
1660848480000.0,448733,1660848480000.0,0.029400000000000225,-0.00070248,1762.7454923600053,1762.8084923600054,-0.3,11.708,0.6,11.61,long_nclose,6.965999999999999,0.0039517899947506055,49.0
1660849740000.0,448754,1660849740000.0,0.09719999999999995,-0.0007160399999999999,1762.8419763200052,1762.9409763200051,-0.3,11.934,0.3,11.61,long_nclose,3.4829999999999997,0.001975786852586121,21.0
1660850040000.0,448759,1660850040000.0,0.032399999999999984,-0.00023868,1762.8741376400053,1762.9371376400054,-0.1,11.934,0.2,11.61,long_nclose,2.322,0.0013171672046357818,5.0
1660850100000.0,448760,1660850100000.0,0.032399999999999984,-0.00023868,1762.9062989600054,1762.9367989600055,-0.1,11.934,0.1,11.61,long_nclose,1.161,0.0006585715875454702,1.0
1660850220000.0,448762,1660850220000.0,0.032399999999999984,-0.00023868,1762.9384602800055,1762.9384602800055,-0.1,11.934,0.0,11.61,long_nclose,0.0,0.0,2.0
1660864680000.0,449003,1660864680000.0,0.0,-0.01417274,1762.9242875400055,1762.8510875400054,6.1,11.617,6.1,11.617,long_ientry_normal,70.8637,0.04019667804275565,241.0
1660867740000.0,449054,1660867740000.0,0.0,-0.014043000000000002,1762.9102445400056,1761.1905445400057,6.2,11.325,12.3,11.46981300813008,long_rentry,141.0787,0.08002602539575775,51.0
1660868400000.0,449065,1660868400000.0,0.0,-0.01399482,1762.8962497200055,1759.6054497200055,6.3,11.107,18.6,11.346924731182794,long_rentry,211.0528,0.11971935389477444,11.0
1660871160000.0,449111,1660871160000.0,0.0,-0.01986348,1762.8763862400056,1754.7131862400056,9.1,10.914,27.7,11.204700361010831,long_rentry,310.3702,0.17605896954691233,46.0
1660890660000.0,449436,1660890660000.0,0.0,-0.029033279999999998,1762.8473529600055,1748.6012529600057,13.6,10.674,41.3,11.029941888619854,long_rentry,455.53659999999996,0.2584095549935769,325.0
1660891080000.0,449443,1660891080000.0,0.0,-0.0418544,1762.8054985600056,1722.5293985600056,20.2,10.36,61.5,10.809895934959348,long_rentry,664.8086,0.3771309997291627,7.0
1660926420000.0,450032,1660926420000.0,1.867633333333358,-0.0446941,1764.628437793339,1768.7327044600056,-20.5,10.901,41.0,10.809895934959348,long_nclose,443.2057333333333,0.2511609378162127,589.0
1660928880000.0,450073,1660928880000.0,1.2390152845528617,-0.029650720000000002,1765.8378023578916,1768.4436537400054,-13.6,10.901,27.4,10.809895934959348,long_nclose,296.19114861788614,0.16773406267687066,41.0
1660929600000.0,450085,1660929600000.0,0.8290469918699296,-0.01983982,1766.6470095297616,1768.1129139200054,-9.1,10.901,18.3,10.809895934959348,long_nclose,197.82109560975607,0.11197545097727883,12.0
1660936560000.0,450201,1660936560000.0,0.5557347967479748,-0.01329922,1767.1894451065098,1768.2887147000058,-6.1,10.901,12.2,10.809895934959348,long_nclose,131.88073040650403,0.0746273868778995,116.0
1660936620000.0,450202,1660936620000.0,0.3644162601626064,-0.0087208,1767.5451405666724,1768.0789939000058,-4.0,10.901,8.2,10.809895934959348,long_nclose,88.64114666666664,0.05014929725542874,1.0
1660936800000.0,450205,1660936800000.0,0.24598097560975934,-0.00588654,1767.7852350022822,1768.1983073600059,-2.7,10.901,5.5,10.809895934959348,long_nclose,59.454427642276414,0.03363215534617793,3.0
1660936920000.0,450207,1660936920000.0,0.1639873170731729,-0.00392436,1767.9452979593555,1768.408183000006,-1.8,10.901,3.7,10.809895934959348,long_nclose,39.99661495934959,0.022623219737350212,2.0
1660938300000.0,450230,1660938300000.0,0.10932487804878192,-0.00261624,1768.0520065974042,1768.3147667600058,-1.2,10.901,2.5,10.809895934959348,long_nclose,27.02473983739837,0.01528503671642961,23.0
1660938600000.0,450235,1660938600000.0,0.07288325203252129,-0.0017441600000000002,1768.1231456894368,1768.3018226000058,-0.8,10.901,1.7,10.809895934959348,long_nclose,18.376823089430893,0.010393406779517778,5.0
1660938720000.0,450237,1660938720000.0,0.0455520325203258,-0.0010901,1768.1676076219571,1768.263732500006,-0.5,10.901,1.2,10.809895934959348,long_nclose,12.971875121951218,0.007336337950109461,2.0
1660938840000.0,450239,1660938840000.0,0.03644162601626064,-0.0008720800000000001,1768.2031771679735,1768.2952604200061,-0.4,10.901,0.8,10.809895934959348,long_nclose,8.647916747967479,0.004890793580530906,2.0
1660939200000.0,450245,1660939200000.0,0.01822081300813032,-0.00043604000000000006,1768.2209619409816,1768.284024380006,-0.2,10.901,0.6,10.809895934959348,long_nclose,6.485937560975609,0.0036680582916831703,6.0
1660939440000.0,450249,1660939440000.0,0.01822081300813032,-0.00043604000000000006,1768.2387467139897,1768.276788340006,-0.2,10.901,0.4,10.809895934959348,long_nclose,4.323958373983739,0.0024453475991402045,4.0
1660946160000.0,450361,1660946160000.0,0.0,-0.013395060000000002,1768.2253516539897,1767.376593280006,6.3,10.631,6.7,10.641680354325931,long_ientry_partial,71.29925837398375,0.04032249526752388,112.0
1660946700000.0,450370,1660946700000.0,0.19870322048294967,-0.004722080000000001,1768.4193327944727,1768.929271200006,-2.2,10.732,4.5,10.641680354325931,long_nclose,47.88756159446669,0.02707930223698376,9.0
1660947180000.0,450378,1660947180000.0,0.6519032204829526,-0.004812720000000001,1769.0664232949557,1769.752558480006,-2.2,10.938,2.3,10.641680354325931,long_nclose,24.47586481494964,0.013835469653741085,8.0
1660947720000.0,450387,1660947720000.0,0.3259516102414763,-0.0024063600000000006,1769.3899685451972,1769.771952120006,-1.1,10.938,1.2,10.641680354325931,long_nclose,12.770016425191118,0.0072171859523374035,9.0
1660949340000.0,450414,1660949340000.0,0.1777917874044416,-0.0013125600000000002,1769.5664477726016,1769.730439560006,-0.6,10.938,0.6,10.641680354325931,long_nclose,6.385008212595559,0.003608233090445703,27.0
1660949520000.0,450417,1660949520000.0,0.0888958937022208,-0.0006562800000000001,1769.654687386304,1769.7441832800062,-0.3,10.938,0.3,10.641680354325931,long_nclose,3.1925041062977795,0.0018040265872507346,3.0
1660950720000.0,450437,1660950720000.0,0.009031964567406804,-0.00021464,1769.6635047108714,1769.688168640006,-0.1,10.732,0.2,10.641680354325931,long_nclose,2.128336070865186,0.0012026783991417142,20.0
1660953000000.0,450475,1660953000000.0,0.009031964567406804,-0.00021464,1769.6723220354388,1769.6811540000062,-0.1,10.732,0.1,10.641680354325931,long_nclose,1.064168035432593,0.0006013362034213261,38.0
1660953060000.0,450476,1660953060000.0,0.009031964567406804,-0.00021464,1769.6811393600062,1769.6811393600062,-0.1,10.732,0.0,10.641680354325931,long_nclose,0.0,0.0,1.0
1660975980000.0,450858,1660975980000.0,0.0,-0.014221420000000002,1769.6669179400062,1769.7473179400063,6.7,10.613,6.7,10.613,long_ientry_normal,71.1071,0.04018106417606131,382.0
1660978140000.0,450894,1660978140000.0,0.1979999999999997,-0.00470932,1769.8602086200062,1770.2517086200062,-2.2,10.703,4.5,10.613,long_nclose,47.7585,0.02698433456348409,36.0
1660978200000.0,450895,1660978200000.0,0.1349999999999998,-0.0032108999999999996,1769.991997720006,1770.282997720006,-1.5,10.703,3.0,10.613,long_nclose,31.839,0.01798821691906688,1.0
1660985220000.0,451012,1660985220000.0,0.08999999999999986,-0.0021406,1770.079857120006,1770.263857120006,-1.0,10.703,2.0,10.613,long_nclose,21.226,0.011991549372543897,117.0
1660985760000.0,451021,1660985760000.0,0.053999999999999916,-0.00128436,1770.132572760006,1770.261372760006,-0.6,10.703,1.4,10.613,long_nclose,14.858199999999998,0.008393834579764252,9.0
1660985880000.0,451023,1660985880000.0,0.03599999999999994,-0.0008562400000000001,1770.167716520006,1770.2597165200061,-0.4,10.703,1.0,10.613,long_nclose,10.613,0.00599547709573205,2.0
1660986480000.0,451033,1660986480000.0,0.026999999999999958,-0.00064218,1770.194074340006,1770.2514743400059,-0.3,10.703,0.7,10.613,long_nclose,7.429099999999999,0.004196771477031321,10.0
1660986720000.0,451037,1660986720000.0,0.01799999999999997,-0.00042812000000000004,1770.211646220006,1770.2501462200062,-0.2,10.703,0.5,10.613,long_nclose,5.3065,0.0029976641557698212,4.0
1660986960000.0,451041,1660986960000.0,0.008999999999999985,-0.00021406000000000002,1770.220432160006,1770.253232160006,-0.1,10.703,0.4,10.613,long_nclose,4.2452,0.0023981194222349174,4.0
1660987620000.0,451052,1660987620000.0,0.008999999999999985,-0.00021406000000000002,1770.2292181000062,1770.256818100006,-0.1,10.703,0.3,10.613,long_nclose,3.1839,0.0017985806399790937,11.0
1660987920000.0,451057,1660987920000.0,0.008999999999999985,-0.00021406000000000002,1770.2380040400062,1770.2574040400061,-0.1,10.703,0.2,10.613,long_nclose,2.1226,0.001199047808913739,5.0
1660992780000.0,451138,1660992780000.0,0.008999999999999985,-0.00021406000000000002,1770.2467899800063,1770.2569899800062,-0.1,10.703,0.1,10.613,long_nclose,1.0613,0.0005995209289502434,81.0
1660993020000.0,451142,1660993020000.0,0.008999999999999985,-0.00021406000000000002,1770.2555759200063,1770.2555759200063,-0.1,10.703,0.0,10.613,long_nclose,0.0,0.0,4.0
1661014380000.0,451498,1661014380000.0,0.0,-0.01409278,1770.2414831400063,1770.0940831400062,6.7,10.517,6.7,10.517,long_ientry_normal,70.4639,0.039804682395654316,356.0
1661020200000.0,451595,1661020200000.0,0.0,-0.014149140000000001,1770.2273340000063,1768.1457340000063,6.9,10.253,13.6,10.383058823529414,long_rentry,141.20960000000002,0.07976918968984778,97.0
1661028840000.0,451739,1661028840000.0,0.0,-0.014077,1770.2132570000063,1764.5156570000063,7.0,10.055,20.6,10.271582524271846,long_rentry,211.59460000000004,0.11953057020858097,144.0
1661046720000.0,452037,1661046720000.0,0.5876388349514513,-0.01408688,1770.7868089549577,1771.8689701200062,-6.8,10.358,13.8,10.271582524271846,long_nclose,141.7478388349515,0.08004794146767163,298.0
1661046780000.0,452038,1661046780000.0,0.3975203883495112,-0.00952936,1771.1747999833071,1772.0342407600062,-4.6,10.358,9.2,10.271582524271846,long_nclose,94.49855922330097,0.053353604186436934,1.0
1661047260000.0,452046,1661047260000.0,0.25925242718446384,-0.0062148,1771.4278376104917,1771.8830259600063,-3.0,10.358,6.2,10.271582524271846,long_nclose,63.683811650485445,0.03595055372754534,8.0
1661047380000.0,452048,1661047380000.0,0.17283495145630923,-0.0041432000000000005,1771.596529361948,1771.925882760006,-2.0,10.358,4.2,10.271582524271846,long_nclose,43.140646601941754,0.024351281957793822,2.0
1661050080000.0,452093,1661050080000.0,0.12098446601941645,-0.00290024,1771.7146135879673,1771.9761825200062,-1.4,10.358,2.8,10.271582524271846,long_nclose,28.760431067961168,0.016233105968301135,45.0
1661050500000.0,452100,1661050500000.0,0.07777572815533916,-0.0018644400000000002,1771.7905248761226,1771.9585180800061,-0.9,10.358,1.9,10.271582524271846,long_nclose,19.516006796116507,0.011014849962289418,7.0
1661056320000.0,452197,1661056320000.0,0.05185048543689277,-0.0012429600000000002,1771.8411324015597,1771.9560751200063,-0.6,10.358,1.3,10.271582524271846,long_nclose,13.3530572815534,0.007536261032305204,97.0
1661059860000.0,452256,1661059860000.0,0.03456699029126185,-0.0008286400000000001,1771.874870751851,1771.9544464800063,-0.4,10.358,0.9,10.271582524271846,long_nclose,9.244424271844661,0.005217312138933388,59.0
1661060280000.0,452263,1661060280000.0,0.025925242718446383,-0.0006214800000000001,1771.9001745145692,1771.956225000006,-0.3,10.358,0.6,10.271582524271846,long_nclose,6.162949514563107,0.0034781584217923067,7.0
1661060400000.0,452265,1661060400000.0,0.017283495145630923,-0.00041432000000000003,1771.917043689715,1771.9504106800064,-0.2,10.358,0.4,10.271582524271846,long_nclose,4.108633009708739,0.0023187502057958713,2.0
1661060460000.0,452266,1661060460000.0,0.008641747572815462,-0.00020716000000000002,1771.9254782772878,1771.9535035200063,-0.1,10.358,0.3,10.271582524271846,long_nclose,3.0814747572815535,0.0017390543761904953,1.0
1661060700000.0,452270,1661060700000.0,0.008641747572815462,-0.00020716000000000002,1771.9339128648605,1771.951596360006,-0.1,10.358,0.2,10.271582524271846,long_nclose,2.0543165048543695,0.0011593640654085982,4.0
1661061000000.0,452275,1661061000000.0,0.008641747572815462,-0.00020716000000000002,1771.9423474524333,1771.951689200006,-0.1,10.358,0.1,10.271582524271846,long_nclose,1.0271582524271847,0.0005796792733713692,5.0
1661061120000.0,452277,1661061120000.0,0.008641747572815462,-0.00020716000000000002,1771.950782040006,1771.950782040006,-0.1,10.358,0.0,10.271582524271846,long_nclose,0.0,0.0,2.0
1661150520000.0,453767,1661150520000.0,0.0,-0.014138560000000001,1771.936643480006,1772.0658434800062,6.8,10.396,6.8,10.396,long_ientry_normal,70.6928,0.03989578310269742,1490.0
1661156160000.0,453861,1661156160000.0,0.0,-0.014188999999999998,1771.922454480006,1770.1476544800062,7.0,10.135,13.8,10.263608695652174,long_rentry,141.6378,0.07993453643633941,94.0
1661167380000.0,454048,1661167380000.0,0.39739999999999925,-0.009522,1772.310332480006,1773.197132480006,-4.6,10.35,9.2,10.263608695652174,long_nclose,94.42519999999999,0.05327802827164595,187.0
1661177100000.0,454210,1661177100000.0,0.2591739130434778,-0.006209999999999999,1772.5632963930495,1773.098922480006,-3.0,10.35,6.2,10.263608695652174,long_nclose,63.634373913043476,0.03589963418656568,162.0
1661177220000.0,454212,1661177220000.0,0.17278260869565187,-0.0041400000000000005,1772.731939001745,1773.031782480006,-2.0,10.35,4.2,10.263608695652174,long_nclose,43.10715652173913,0.024316793517024062,2.0
1661182920000.0,454307,1661182920000.0,0.1209478260869563,-0.002898,1772.849988827832,1773.133884480006,-1.4,10.35,2.8,10.263608695652174,long_nclose,28.738104347826084,0.016210116213401148,95.0
1661184060000.0,454326,1661184060000.0,0.4009478260869578,-0.002954,1773.2479826539188,1773.6909304800058,-1.4,10.55,1.4,10.263608695652174,long_nclose,14.369052173913042,0.008103238979811331,19.0
1661184300000.0,454330,1661184300000.0,0.6795478260869575,-0.00300972,1773.9245207600059,1773.9245207600059,-1.4,10.749,0.0,10.263608695652174,long_nclose,0.0,0.0,4.0
1661497740000.0,459554,1661497740000.0,0.0,-0.01428078,1773.9102399800058,1773.727839980006,5.7,12.527,5.7,12.527,long_ientry_normal,71.4039,0.040252262144224844,5224.0
1661512080000.0,459793,1661512080000.0,0.0,-0.01416592,1773.8960740600057,1771.8475740600056,5.8,12.212,11.5,12.368130434782609,long_rentry,142.2335,0.0801814165327414,239.0
1661517000000.0,459875,1661517000000.0,0.3985043478260891,-0.00947948,1774.2850989278318,1776.1089945800056,-3.8,12.473,7.7,12.368130434782609,long_nclose,95.23460434782609,0.05367491639611618,82.0
1661518020000.0,459892,1661518020000.0,1.3105043478260832,-0.00966188,1775.5859413956578,1776.9582327000055,-3.8,12.713,3.9,12.368130434782609,long_nclose,48.23570869565217,0.027166079416993817,17.0
1661518800000.0,459905,1661518800000.0,2.280991304347823,-0.010103339999999999,1777.8568293600058,1777.8568293600058,-3.9,12.953,0.0,12.368130434782609,long_nclose,0.0,0.0,13.0
1661526240000.0,460029,1661526240000.0,0.0,-0.01416222,1777.842667140006,1777.7115671400059,5.7,12.423,5.7,12.423,long_ientry_normal,70.8111,0.039829789952061934,124.0
1661528040000.0,460059,1661528040000.0,0.1995000000000008,-0.00476064,1778.0374065000058,1778.5770065000058,-1.9,12.528,3.8,12.423,long_nclose,47.2074,0.026550285065670157,30.0
1661528280000.0,460063,1661528280000.0,0.1260000000000005,-0.00300672,1778.1603997800057,1778.2565997800057,-1.2,12.528,2.6,12.423,long_nclose,32.299800000000005,0.018164727998664316,4.0
1661528460000.0,460066,1661528460000.0,0.0,-0.00767808,1778.1527217000057,1777.9715217000057,3.1,12.384,5.7,12.401789473684211,long_ientry_partial,70.6902,0.03975485296471977,3.0
1661529180000.0,460078,1661529180000.0,0.19989999999999863,-0.00475266,1778.347869040006,1778.911069040006,-1.9,12.507,3.8,12.401789473684211,long_nclose,47.126799999999996,0.02650032697227014,12.0
1661529360000.0,460081,1661529360000.0,0.1262526315789465,-0.0030016799999999996,1778.4711199915848,1778.7524673600058,-1.2,12.507,2.6,12.401789473684211,long_nclose,32.24465263157895,0.01813054610171658,3.0
1661529780000.0,460088,1661529780000.0,0.0,-0.007914880000000001,1778.4632051115848,1778.3901524800058,3.2,12.367,5.8,12.382595281306717,long_ientry_partial,71.81905263157896,0.04038264745942431,7.0
1661529840000.0,460089,1661529840000.0,0.1983689655172382,-0.004745060000000001,1778.656829017102,1779.0562074200056,-1.9,12.487,3.9,12.382595281306717,long_nclose,48.29212159709619,0.02715089319606568,1.0
1661529900000.0,460090,1661529900000.0,0.13572613430126826,-0.0032466200000000004,1778.789308531403,1779.0815608000057,-1.3,12.487,2.6,12.382595281306717,long_nclose,32.19474773139746,0.0180992473796562,1.0
1661530020000.0,460092,1661530020000.0,0.08352377495462662,-0.0019979200000000003,1778.8708343863577,1779.0641628800056,-0.8,12.487,1.8,12.382595281306717,long_nclose,22.28867150635209,0.01252967392320018,2.0
1661530260000.0,460096,1661530260000.0,0.0,-0.0098904,1778.8609439863578,1779.0112724800058,4.0,12.363,5.8,12.369081294198637,long_ientry_partial,71.74067150635209,0.04032955569061179,4.0
1661531940000.0,460124,1661531940000.0,0.0,-0.014228440000000002,1778.846715546358,1777.0073440400058,5.9,12.058,11.7,12.212211239859155,long_rentry,142.8828715063521,0.08032331861852797,28.0
1661537820000.0,460222,1661537820000.0,0.0,-0.014189999999999998,1778.8325255463578,1774.3906540400058,6.0,11.825,17.7,12.080953192449272,long_rentry,213.8328715063521,0.12020967035144278,98.0
1661553420000.0,460482,1661553420000.0,0.0,-0.02021706,1778.8123084863578,1770.5301369800056,8.7,11.619,26.4,11.928718617664853,long_rentry,314.9181715063521,0.1770384486344852,260.0
1661557560000.0,460551,1661557560000.0,0.0,-0.029313960000000003,1778.7829945263577,1763.5465230200055,12.9,11.362,39.3,11.742696475988605,long_rentry,461.48797150635215,0.2594402875035547,69.0
1661567520000.0,460717,1661567520000.0,0.0,-0.04256422,1778.7404303063577,1751.0823588000055,19.3,11.027,58.6,11.506980742429219,long_rentry,674.3090715063522,0.3790935765654205,166.0
1661729100000.0,463410,1661729100000.0,0.0,-0.060734939999999994,1778.6796953663577,1723.0204238600054,28.7,10.581,87.3,11.202563247495444,long_rentry,977.9837715063522,0.5498369234517603,2693.0
1661783220000.0,464312,1661783220000.0,2.7481094978825915,-0.06574854000000001,1781.3620563242403,1788.1968753200053,-29.1,11.297,58.2,11.202563247495444,long_nclose,651.9891810042349,0.3660059888945793,902.0
1661789580000.0,464418,1661789580000.0,1.8320729985883941,-0.04383236,1783.1502969628289,1787.7068429600056,-19.4,11.297,38.8,11.202563247495444,long_nclose,434.6594540028232,0.24375929204799052,106.0
1661790780000.0,464438,1661790780000.0,1.2182341073087777,-0.029146260000000004,1784.3393848101375,1786.7334967000056,-12.9,11.297,25.9,11.202563247495444,long_nclose,290.14638811013197,0.16260717584340323,20.0
1661791680000.0,464453,1661791680000.0,0.8121560715391851,-0.01943084,1785.1321100416767,1786.8177658600055,-8.6,11.297,17.3,11.202563247495444,long_nclose,193.80434418167118,0.10856582719647932,15.0
1661815500000.0,464850,1661815500000.0,0.5382894892759715,-0.012878580000000002,1785.6575209509526,1786.7877872800054,-5.7,11.297,11.6,11.202563247495444,long_nclose,129.94973367094715,0.0727741642203273,397.0
1661816700000.0,464870,1661816700000.0,1.812133164526427,-0.013357400000000002,1787.456296715479,1790.1094298800056,-5.8,11.515,5.8,11.202563247495444,long_nclose,64.97486683547358,0.03635046459869673,20.0
1661816700000.0,464870,1661816700000.0,3.0765331645264267,-0.01361028,1790.5192196000055,1790.5192196000055,-5.8,11.733,0.0,11.202563247495444,long_nclose,0.0,0.0,0.0
1661870280000.0,465763,1661870280000.0,0.0,-0.01442816,1790.5047914400054,1790.6839914400055,6.4,11.272,6.4,11.272,long_ientry_normal,72.1408,0.04029076065302293,893.0
1661874840000.0,465839,1661874840000.0,0.19950000000000134,-0.0047741400000000005,1790.6995173000053,1791.2499173000053,-2.1,11.367,4.3,11.272,long_nclose,48.4696,0.027067411104841232,76.0
1661875140000.0,465844,1661875140000.0,0.1330000000000009,-0.00318276,1790.8293345400052,1791.0700345400053,-1.4,11.367,2.9,11.272,long_nclose,32.6888,0.01825344234066642,5.0
1661875200000.0,465845,1661875200000.0,0.08550000000000058,-0.0020460600000000006,1790.912788480005,1791.098788480005,-0.9,11.367,2.0,11.272,long_nclose,22.544,0.0125879943149737,1.0
1661875260000.0,465846,1661875260000.0,0.057000000000000384,-0.0013640400000000002,1790.968424440005,1791.133624440005,-0.6,11.367,1.4,11.272,long_nclose,15.7808,0.008811322290583819,1.0
1661877600000.0,465885,1661877600000.0,0.0,-0.011250999999999999,1790.9571734400051,1790.825373440005,5.0,11.251,6.4,11.25559375,long_ientry_partial,72.0358,0.04022195564935607,39.0
1661883000000.0,465975,1661883000000.0,0.20035312500000357,-0.0047674200000000005,1791.1527591450051,1791.580206020005,-2.1,11.351,4.3,11.25559375,long_nclose,48.399053124999995,0.027021175540662964,90.0
1661883120000.0,465977,1661883120000.0,0.13356875000000235,-0.0031782800000000003,1791.2831496150052,1791.5569277400052,-1.4,11.351,2.9,11.25559375,long_nclose,32.641221875,0.018222256979314226,2.0
1661883180000.0,465978,1661883180000.0,0.08586562500000153,-0.0020431800000000003,1791.366972060005,1791.585784560005,-0.9,11.351,2.0,11.25559375,long_nclose,22.5111875,0.012566485734697326,1.0
1661883300000.0,465980,1661883300000.0,0.05724375000000101,-0.00136212,1791.422853690005,1791.562022440005,-0.6,11.351,1.4,11.25559375,long_nclose,15.757831249999997,0.008796265615090114,2.0
1661883960000.0,465991,1661883960000.0,0.03816250000000068,-0.0009080800000000002,1791.460108110005,1791.554514360005,-0.4,11.351,1.0,11.25559375,long_nclose,11.25559375,0.006282916208429938,11.0
1661884020000.0,465992,1661884020000.0,0.028621875000000505,-0.00068106,1791.488048925005,1791.540133300005,-0.3,11.351,0.7,11.25559375,long_nclose,7.8789156249999985,0.004397972752164212,1.0
1661884200000.0,465995,1661884200000.0,0.01908125000000034,-0.0004540400000000001,1791.506676135005,1791.561379260005,-0.2,11.351,0.5,11.25559375,long_nclose,5.627796875,0.003141376445853612,3.0
1661884320000.0,465997,1661884320000.0,0.00954062500000017,-0.00022702000000000006,1791.515989740005,1791.5697522400048,-0.1,11.351,0.4,11.25559375,long_nclose,4.5022375,0.0025130880917526113,2.0
1661886240000.0,466029,1661886240000.0,0.06268125000000034,-0.00046276000000000005,1791.578208230005,1791.6420894800049,-0.2,11.569,0.2,11.25559375,long_nclose,2.25111875,0.001256500408220526,32.0
1661886420000.0,466032,1661886420000.0,0.03134062500000017,-0.00023138000000000002,1791.609317475005,1791.6397581000049,-0.1,11.569,0.1,11.25559375,long_nclose,1.125559375,0.0006282392952646067,3.0
1661886480000.0,466033,1661886480000.0,0.03134062500000017,-0.00023138000000000002,1791.6404267200048,1791.6404267200048,-0.1,11.569,0.0,11.25559375,long_nclose,0.0,0.0,1.0
1661958300000.0,467230,1661958300000.0,0.0,-0.01424106,1791.626185660005,1791.790885660005,6.1,11.673,6.1,11.673,long_ientry_normal,71.2053,0.03974339098742808,1197.0
1661960100000.0,467260,1661960100000.0,0.1980000000000004,-0.0047088,1791.8194768600051,1792.4016768600052,-2.0,11.772,4.1,11.673,long_nclose,47.8593,0.026709889371148546,30.0
1661960580000.0,467268,1661960580000.0,0.12870000000000026,-0.0030607200000000003,1791.9451161400052,1792.2587161400052,-1.3,11.772,2.8,11.673,long_nclose,32.6844,0.01823962112768545,8.0
1661960760000.0,467271,1661960760000.0,0.08910000000000018,-0.0021189600000000005,1792.0320971800052,1792.2258971800052,-0.9,11.772,1.9,11.673,long_nclose,22.1787,0.012376285020174058,3.0
1661962020000.0,467292,1661962020000.0,0.05940000000000012,-0.0014126400000000002,1792.0900845400054,1792.2226845400053,-0.6,11.772,1.3,11.673,long_nclose,15.174900000000001,0.00846771048560045,21.0
1661962140000.0,467294,1661962140000.0,0.03960000000000008,-0.00094176,1792.1287427800055,1792.2115427800054,-0.4,11.772,0.9,11.673,long_nclose,10.505700000000001,0.005862134649826125,2.0
1661962620000.0,467302,1661962620000.0,0.02970000000000006,-0.0007063200000000001,1792.1577364600055,1792.2159364600054,-0.3,11.772,0.6,11.673,long_nclose,7.0038,0.003908026541142741,8.0
1661966280000.0,467363,1661966280000.0,0.01980000000000004,-0.00047088,1792.1770655800055,1792.2158655800056,-0.2,11.772,0.4,11.673,long_nclose,4.6692,0.0026053229280048277,61.0
1661966340000.0,467364,1661966340000.0,0.00990000000000002,-0.00023544,1792.1867301400055,1792.2173301400055,-0.1,11.772,0.3,11.673,long_nclose,3.5019,0.0019539816588902163,1.0
1661967660000.0,467386,1661967660000.0,0.0,-0.013744640000000002,1792.1729855000056,1791.7438855000055,5.9,11.648,6.2,11.649209677419355,long_ientry_partial,72.2251,0.04030029499627215,22.0
1661972460000.0,467466,1661972460000.0,0.19758064516128826,-0.0046992,1792.3658669451668,1792.7471863000055,-2.0,11.748,4.2,11.649209677419355,long_nclose,48.92668064516129,0.02729726198622041,80.0
1661972520000.0,467467,1661972520000.0,0.13830645161290178,-0.00328944,1792.5008839567797,1792.8530968600055,-1.4,11.748,2.8,11.649209677419355,long_nclose,32.617787096774194,0.018196803911623993,1.0
1661974020000.0,467492,1661974020000.0,0.45470645161290296,-0.00335272,1792.9522376883926,1793.3943441400056,-1.4,11.974,1.4,11.649209677419355,long_nclose,16.308893548387097,0.009096111544730124,25.0
1661974080000.0,467493,1661974080000.0,0.22735322580645148,-0.00167636,1793.177914554199,1793.4129677800056,-0.7,11.974,0.7,11.649209677419355,long_nclose,8.154446774193548,0.004547483385785967,1.0
1661975160000.0,467511,1661975160000.0,0.38555322580645085,-0.0017079999999999999,1793.5617597800056,1793.5617597800056,-0.7,12.2,0.0,11.649209677419355,long_nclose,0.0,0.0,18.0
1661992860000.0,467806,1661992860000.0,0.0,-0.014250819999999999,1793.5475089600056,1793.6329089600056,6.1,11.681,6.1,11.681,long_ientry_normal,71.2541,0.039728024846867264,295.0
1661998860000.0,467906,1661998860000.0,0.1980000000000004,-0.004712,1793.7407969600058,1794.2081969600058,-2.0,11.78,4.1,11.681,long_nclose,47.89209999999999,0.02669956555661025,100.0
1661999700000.0,467920,1661999700000.0,0.12870000000000026,-0.0030628,1793.8664341600058,1794.101634160006,-1.3,11.78,2.8,11.681,long_nclose,32.706799999999994,0.01823257260249437,14.0
1662005280000.0,468013,1662005280000.0,0.08910000000000018,-0.0021204,1793.9534137600058,1794.1795137600059,-0.9,11.78,1.9,11.681,long_nclose,22.193899999999996,0.012371502977595763,93.0
1662005820000.0,468022,1662005820000.0,0.05940000000000012,-0.0014135999999999999,1794.011400160006,1794.159600160006,-0.6,11.78,1.3,11.681,long_nclose,15.1853,0.008464438965463452,9.0
1662007440000.0,468049,1662007440000.0,0.03960000000000008,-0.0009424,1794.050057760006,1794.148157760006,-0.4,11.78,0.9,11.681,long_nclose,10.5129,0.0058598699375903,27.0
1662007920000.0,468057,1662007920000.0,0.02970000000000006,-0.0007067999999999999,1794.079050960006,1794.1384509600061,-0.3,11.78,0.6,11.681,long_nclose,7.0085999999999995,0.003906516826139695,8.0
1662009300000.0,468080,1662009300000.0,0.01980000000000004,-0.0004712,1794.098379760006,1794.1459797600062,-0.2,11.78,0.4,11.681,long_nclose,4.6724,0.002604316492736045,23.0
1662011580000.0,468118,1662011580000.0,0.00990000000000002,-0.0002356,1794.108044160006,1794.139244160006,-0.1,11.78,0.3,11.681,long_nclose,3.5042999999999997,0.001953226847963161,38.0
1662015720000.0,468187,1662015720000.0,0.0,-0.013640800000000002,1794.094403360006,1793.8721033600061,5.9,11.56,6.2,11.56585483870968,long_ientry_partial,71.70830000000001,0.03996907847530412,69.0
1662022560000.0,468301,1662022560000.0,0.19629032258064072,-0.0046656,1794.2860280825867,1794.765437760006,-2.0,11.664,4.2,11.56585483870968,long_nclose,48.57659032258066,0.027072935731707538,114.0
1662028200000.0,468395,1662028200000.0,0.6765048387096732,-0.00499296,1794.9575399612963,1795.669744800006,-2.1,11.888,2.1,11.56585483870968,long_nclose,24.28829516129033,0.013531403735496743,94.0
1662031080000.0,468443,1662031080000.0,1.1490048387096725,-0.00508746,1796.1014573400062,1796.1014573400062,-2.1,12.113,0.0,11.56585483870968,long_nclose,0.0,0.0,48.0
1662189000000.0,471075,1662189000000.0,0.0,-0.014491580000000002,1796.0869657600063,1796.0810657600061,5.9,12.281,5.9,12.281,long_ientry_normal,72.45790000000001,0.040342088875044965,2632.0
1662221280000.0,471613,1662221280000.0,0.19759999999999847,-0.0047063,1796.2798594600063,1796.6958594600062,-1.9,12.385,4.0,12.281,long_nclose,49.124,0.027347631685169342,538.0
1662221340000.0,471614,1662221340000.0,0.13519999999999896,-0.0032201,1796.4118393600063,1796.6251393600062,-1.3,12.385,2.7,12.281,long_nclose,33.1587,0.01845829518236375,1.0
1662221760000.0,471621,1662221760000.0,0.09359999999999928,-0.0022293,1796.5032100600063,1796.7174100600062,-0.9,12.385,1.8,12.281,long_nclose,22.105800000000002,0.012304904258568863,7.0
1662221940000.0,471624,1662221940000.0,0.06239999999999952,-0.0014861999999999998,1796.5641238600062,1796.6769238600064,-0.6,12.385,1.2,12.281,long_nclose,14.7372,0.008202991367954294,3.0
1662222600000.0,471635,1662222600000.0,0.041599999999999686,-0.0009908000000000002,1796.6047330600063,1796.6999330600063,-0.4,12.385,0.8,12.281,long_nclose,9.824800000000002,0.005468537302173441,11.0
1662222960000.0,471641,1662222960000.0,0.020799999999999843,-0.0004954000000000001,1796.6250376600062,1796.6904376600062,-0.2,12.385,0.6,12.281,long_nclose,7.3686,0.0041013566245281475,6.0
1662223260000.0,471646,1662223260000.0,0.020799999999999843,-0.0004954000000000001,1796.6453422600061,1796.6889422600061,-0.2,12.385,0.4,12.281,long_nclose,4.912400000000001,0.0027342068489826024,5.0
1662223620000.0,471652,1662223620000.0,0.010399999999999921,-0.00024770000000000006,1796.655494560006,1796.688194560006,-0.1,12.385,0.3,12.281,long_nclose,3.6843,0.002050643549169826,6.0
1662225120000.0,471677,1662225120000.0,0.010399999999999921,-0.00024770000000000006,1796.6656468600058,1796.6864468600058,-0.1,12.385,0.2,12.281,long_nclose,2.4562000000000004,0.0013670879744891035,25.0
1662225180000.0,471678,1662225180000.0,0.010399999999999921,-0.00024770000000000006,1796.6757991600057,1796.6871991600058,-0.1,12.385,0.1,12.281,long_nclose,1.2281000000000002,0.0006835401248094787,1.0
1662225480000.0,471683,1662225480000.0,0.010399999999999921,-0.00024770000000000006,1796.6859514600055,1796.6859514600055,-0.1,12.385,0.0,12.281,long_nclose,0.0,0.0,5.0
1662355440000.0,473849,1662355440000.0,0.0,-0.014352600000000002,1796.6715988600056,1796.6430988600057,5.7,12.59,5.7,12.59,long_ientry_normal,71.763,0.03994219090763937,2166.0
1662374940000.0,474174,1662374940000.0,0.20139999999999975,-0.00482448,1796.8681743800055,1797.4001743800054,-1.9,12.696,3.8,12.59,long_nclose,47.842,0.026625214182174207,325.0
1662378300000.0,474230,1662378300000.0,0.12719999999999984,-0.00304704,1796.9923273400054,1797.2783273400055,-1.2,12.696,2.6,12.59,long_nclose,32.734,0.018215993191498178,56.0
1662379380000.0,474248,1662379380000.0,0.0847999999999999,-0.0020313600000000003,1797.0750959800055,1797.2820959800056,-0.8,12.696,1.8,12.59,long_nclose,22.662,0.012610491376066646,18.0
1662379800000.0,474255,1662379800000.0,0.06359999999999992,-0.00152352,1797.1371724600053,1797.2691724600054,-0.6,12.696,1.2,12.59,long_nclose,15.107999999999999,0.008406703857401972,7.0
1662379920000.0,474257,1662379920000.0,0.04239999999999995,-0.0010156800000000001,1797.1785567800055,1797.2665567800054,-0.4,12.696,0.8,12.59,long_nclose,10.072000000000001,0.0056043401820050345,2.0
1662380040000.0,474259,1662380040000.0,0.021199999999999976,-0.0005078400000000001,1797.1992489400054,1797.2562489400054,-0.2,12.696,0.6,12.59,long_nclose,7.553999999999999,0.004203206742076804,2.0
1662380340000.0,474264,1662380340000.0,0.021199999999999976,-0.0005078400000000001,1797.2199411000054,1797.2679411000054,-0.2,12.696,0.4,12.59,long_nclose,5.0360000000000005,0.0028021055658428036,5.0
1662394860000.0,474506,1662394860000.0,0.010599999999999988,-0.00025392000000000004,1797.2302871800055,1797.2617871800055,-0.1,12.696,0.3,12.59,long_nclose,3.7769999999999997,0.002101567076262891,242.0
1662394920000.0,474507,1662394920000.0,0.010599999999999988,-0.00025392000000000004,1797.2406332600056,1797.2666332600056,-0.1,12.696,0.2,12.59,long_nclose,2.5180000000000002,0.001401036652188646,1.0
1662395400000.0,474515,1662395400000.0,0.010599999999999988,-0.00025392000000000004,1797.2509793400056,1797.2629793400056,-0.1,12.696,0.1,12.59,long_nclose,1.2590000000000001,0.0007005142934807778,8.0
1662395760000.0,474521,1662395760000.0,0.010599999999999988,-0.00025392000000000004,1797.2613254200057,1797.2613254200057,-0.1,12.696,0.0,12.59,long_nclose,0.0,0.0,6.0
1662429660000.0,475086,1662429660000.0,0.0,-0.01448492,1797.2468405000056,1797.2352405000056,5.8,12.487,5.8,12.487,long_ientry_normal,72.4246,0.040297525285870585,565.0
1662432840000.0,475139,1662432840000.0,0.1995000000000008,-0.00478496,1797.4415555400055,1797.8627555400055,-1.9,12.592,3.9,12.487,long_nclose,48.6993,0.027093676481385935,53.0
1662443880000.0,475323,1662443880000.0,0.13650000000000057,-0.0032739200000000005,1797.5747816200055,1797.7905816200055,-1.3,12.592,2.6,12.487,long_nclose,32.4662,0.018061112300841748,184.0
1662446100000.0,475360,1662446100000.0,0.08400000000000035,-0.0020147200000000002,1797.6567669000056,1797.8601669000057,-0.8,12.592,1.8,12.487,long_nclose,22.4766,0.01250327671770184,37.0
1662447600000.0,475385,1662447600000.0,0.06300000000000025,-0.0015110400000000002,1797.7182558600057,1797.8418558600056,-0.6,12.592,1.2,12.487,long_nclose,14.984399999999999,0.008335232704655186,25.0
1662447660000.0,475386,1662447660000.0,0.042000000000000176,-0.0010073600000000001,1797.7592485000057,1797.8416485000057,-0.4,12.592,0.8,12.487,long_nclose,9.989600000000001,0.005556695096039702,1.0
1662447840000.0,475389,1662447840000.0,0.021000000000000088,-0.0005036800000000001,1797.7797448200056,1797.8415448200055,-0.2,12.592,0.6,12.487,long_nclose,7.4921999999999995,0.004167473808506014,3.0
1662447900000.0,475390,1662447900000.0,0.021000000000000088,-0.0005036800000000001,1797.8002411400055,1797.8454411400055,-0.2,12.592,0.4,12.487,long_nclose,4.994800000000001,0.002778284197377091,1.0
1662448440000.0,475399,1662448440000.0,0.010500000000000044,-0.00025184000000000003,1797.8104893000057,1797.8458893000056,-0.1,12.592,0.3,12.487,long_nclose,3.7460999999999998,0.0020837012701258512,9.0
1662448800000.0,475405,1662448800000.0,0.010500000000000044,-0.00025184000000000003,1797.8207374600058,1797.8423374600059,-0.1,12.592,0.2,12.487,long_nclose,2.4974000000000003,0.001389126261569534,6.0
1662448980000.0,475408,1662448980000.0,0.010500000000000044,-0.00025184000000000003,1797.830985620006,1797.840785620006,-0.1,12.592,0.1,12.487,long_nclose,1.2487000000000001,0.0006945591715727212,3.0
1662449100000.0,475410,1662449100000.0,0.010500000000000044,-0.00025184000000000003,1797.8412337800062,1797.8412337800062,-0.1,12.592,0.0,12.487,long_nclose,0.0,0.0,2.0
1662472560000.0,475801,1662472560000.0,0.0,-0.01447388,1797.8267599000062,1797.8208599000063,5.9,12.266,5.9,12.266,long_ientry_normal,72.3694,0.04025382290117049,391.0
1662472740000.0,475804,1662472740000.0,0.19759999999999847,-0.004700599999999999,1798.0196593000062,1798.475659300006,-1.9,12.37,4.0,12.266,long_nclose,49.064,0.027287799522226187,3.0
1662473640000.0,475819,1662473640000.0,0.13519999999999896,-0.0032162000000000002,1798.1516431000061,1798.4459431000062,-1.3,12.37,2.7,12.266,long_nclose,33.1182,0.018417912708910557,15.0
1662473880000.0,475823,1662473880000.0,0.09359999999999928,-0.0022266,1798.243016500006,1798.448216500006,-0.9,12.37,1.8,12.266,long_nclose,22.0788,0.012277984564607332,4.0
1662474240000.0,475829,1662474240000.0,0.06239999999999952,-0.0014843999999999999,1798.303932100006,1798.458732100006,-0.6,12.37,1.2,12.266,long_nclose,14.719199999999999,0.008185045774109693,6.0
1662475140000.0,475844,1662475140000.0,0.041599999999999686,-0.0009896000000000002,1798.3445425000061,1798.431742500006,-0.4,12.37,0.8,12.266,long_nclose,9.812800000000001,0.005456573959047098,15.0
1662475680000.0,475853,1662475680000.0,0.020799999999999843,-0.0004948000000000001,1798.364847700006,1798.430247700006,-0.2,12.37,0.6,12.266,long_nclose,7.3595999999999995,0.004092384261965784,9.0
1662478080000.0,475893,1662478080000.0,0.020799999999999843,-0.0004948000000000001,1798.385152900006,1798.428752900006,-0.2,12.37,0.4,12.266,long_nclose,4.9064000000000005,0.0027282253704597873,40.0
1662478320000.0,475897,1662478320000.0,0.010399999999999921,-0.00024740000000000005,1798.3953055000059,1798.429505500006,-0.1,12.37,0.3,12.266,long_nclose,3.6797999999999997,0.002046157476471453,4.0
1662478680000.0,475903,1662478680000.0,0.010399999999999921,-0.00024740000000000005,1798.4054581000057,1798.4292581000057,-0.1,12.37,0.2,12.266,long_nclose,2.4532000000000003,0.001364097283485659,6.0
1662480120000.0,475927,1662480120000.0,0.010399999999999921,-0.00024740000000000005,1798.4156107000056,1798.4285107000055,-0.1,12.37,0.1,12.266,long_nclose,1.2266000000000001,0.0006820447913719815,24.0
1662483900000.0,475990,1662483900000.0,0.0,-0.01415432,1798.4014563800056,1797.7342563800055,5.8,12.202,5.9,12.20308474576271,long_ientry_partial,71.9982,0.04003455387815625,63.0
1662484260000.0,475996,1662484260000.0,0.0,-0.014275200000000002,1798.3871811800057,1796.2659811800056,6.0,11.896,11.9,12.048252100840337,long_rentry,143.3742,0.07972376666181834,6.0
1662493680000.0,476153,1662493680000.0,0.3968168067226882,-0.009477,1798.7745209867282,1799.5485041800055,-3.9,12.15,8.0,12.048252100840337,long_nclose,96.3860168067227,0.05358426844619168,157.0
1662493740000.0,476154,1662493740000.0,0.2645445378151255,-0.006318000000000001,1799.0327475245433,1799.6631861800056,-2.6,12.15,5.4,12.048252100840337,long_nclose,65.06056134453782,0.03616418958135181,1.0
1662494040000.0,476159,1662494040000.0,0.18314621848739457,-0.004374,1799.2115197430305,1799.6138121800052,-1.8,12.15,3.6,12.048252100840337,long_nclose,43.373707563025214,0.02410706417065404,5.0
1662494280000.0,476163,1662494280000.0,0.12209747899159637,-0.002916,1799.3307012220223,1799.6108961800055,-1.2,12.15,2.4,12.048252100840337,long_nclose,28.915805042016807,0.01607031160107396,4.0
1662494940000.0,476174,1662494940000.0,0.0,-0.008618400000000002,1799.3220828220224,1798.9242777800055,3.6,11.97,6.0,12.001300840336135,long_ientry_partial,72.00780504201681,0.040019408270186484,11.0
1662508860000.0,476406,1662508860000.0,0.0,-0.014507999999999998,1799.3075748220224,1797.2557697800055,6.2,11.7,12.2,11.84818074114892,long_rentry,144.54780504201682,0.08033523954697668,232.0
1662540780000.0,476938,1662540780000.0,0.39927703540432447,-0.009558400000000002,1799.6972934574267,1800.4912113800056,-4.0,11.948,8.2,11.84818074114892,long_nclose,97.15508207742113,0.05398412412499381,532.0
1662540840000.0,476939,1662540840000.0,0.26951199889791905,-0.006451920000000002,1799.9603535363246,1800.4928594600055,-2.7,11.948,5.5,11.84818074114892,long_nclose,65.16499407631906,0.03620357189995406,1.0
1662540900000.0,476940,1662540900000.0,0.179674665931946,-0.004301280000000001,1800.1357269222567,1800.5309581800057,-1.8,11.948,3.7,11.84818074114892,long_nclose,43.838268742251,0.024352757454129605,1.0
1662541200000.0,476945,1662541200000.0,0.11978311062129733,-0.00286752,1800.2526425128779,1800.5196906600056,-1.2,11.948,2.5,11.84818074114892,long_nclose,29.6204518528723,0.016453497222215806,5.0
1662555720000.0,477187,1662555720000.0,0.0798554070808649,-0.0019116800000000002,1800.3305862399588,1800.5801789800057,-0.8,11.948,1.7,11.84818074114892,long_nclose,20.14190725995316,0.011187893720130647,242.0
1662556320000.0,477197,1662556320000.0,0.04990962942554056,-0.0011948000000000002,1800.3793010693844,1800.4954841800056,-0.5,11.948,1.2,11.84818074114892,long_nclose,14.217816889378703,0.007897123056754565,10.0
1662556380000.0,477198,1662556380000.0,0.03992770354043245,-0.0009558400000000001,1800.4182729329248,1800.5197283400057,-0.4,11.948,0.8,11.84818074114892,long_nclose,9.478544592919135,0.0052646347437245,1.0
1662559080000.0,477243,1662559080000.0,0.019963851770216225,-0.00047792000000000006,1800.4377588646948,1800.4988504200055,-0.2,11.948,0.6,11.84818074114892,long_nclose,7.108908444689352,0.003948433323888979,45.0
1662559260000.0,477246,1662559260000.0,0.019963851770216225,-0.00047792000000000006,1800.457244796465,1800.5019725000054,-0.2,11.948,0.4,11.84818074114892,long_nclose,4.739272296459568,0.002632260393939721,3.0
1662573300000.0,477480,1662573300000.0,0.0661638517702162,-0.0004871600000000001,1800.5229214882352,1800.5852853400054,-0.2,12.179,0.2,11.84818074114892,long_nclose,2.369636148229784,0.001316082189207091,234.0
1662573660000.0,477486,1662573660000.0,0.0330819258851081,-0.00024358000000000005,1800.5557598341204,1800.5914417600054,-0.1,12.179,0.1,11.84818074114892,long_nclose,1.184818074114892,0.0006580290933195235,6.0
1662576480000.0,477533,1662576480000.0,0.0330819258851081,-0.00024358000000000005,1800.5885981800056,1800.5885981800056,-0.1,12.179,0.0,11.84818074114892,long_nclose,0.0,0.0,47.0
1662827220000.0,481712,1662827220000.0,0.0,-0.01427104,1800.5743271400056,1800.6111271400057,4.6,15.512,4.6,15.512,long_ientry_normal,71.3552,0.039629133285121916,4179.0
1662828060000.0,481726,1662828060000.0,0.19650000000000034,-0.004692900000000001,1800.7661342400056,1801.2559342400057,-1.5,15.643,3.1,15.512,long_nclose,48.0872,0.02670374519248425,14.0
1662832860000.0,481806,1662832860000.0,0.6480000000000006,-0.0047832000000000005,1801.4093510400055,1802.0861510400055,-1.5,15.944,1.6,15.512,long_nclose,24.819200000000002,0.01377765691383314,80.0
1662832920000.0,481807,1662832920000.0,0.34560000000000035,-0.0025510400000000005,1801.7524000000055,1802.1228000000056,-0.8,15.944,0.8,15.512,long_nclose,12.409600000000001,0.006887516841936752,1.0
1662833340000.0,481814,1662833340000.0,0.5871999999999986,-0.00259936,1802.3370006400055,1802.3370006400055,-0.8,16.246,0.0,15.512,long_nclose,0.0,0.0,7.0
1662877800000.0,482555,1662877800000.0,0.0,-0.014335440000000001,1802.3226652000055,1802.3134652000056,4.6,15.582,4.6,15.582,long_ientry_normal,71.6772,0.03976934950881612,741.0
1662878820000.0,482572,1662878820000.0,0.1979999999999995,-0.004714200000000001,1802.5159510000055,1803.0212510000056,-1.5,15.714,3.1,15.582,long_nclose,48.3042,0.026798209454513645,17.0
1662879660000.0,482586,1662879660000.0,0.6509999999999962,-0.0048048,1803.1621462000055,1803.8549462000055,-1.5,16.016,1.6,15.582,long_nclose,24.931200000000004,0.013826377207696024,14.0
1662879720000.0,482587,1662879720000.0,0.347199999999998,-0.00256256,1803.5067836400056,1803.8531836400055,-0.8,16.016,0.8,15.582,long_nclose,12.465600000000002,0.006911867542211716,1.0
1662879780000.0,482588,1662879780000.0,0.173599999999999,-0.00128128,1803.6791023600056,1803.8783023600056,-0.4,16.016,0.4,15.582,long_nclose,6.232800000000001,0.0034556036003548286,1.0
1662880860000.0,482606,1662880860000.0,0.0867999999999995,-0.00064064,1803.7652617200056,1803.8518617200057,-0.2,16.016,0.2,15.582,long_nclose,3.1164000000000005,0.0017277192693179563,18.0
1662882180000.0,482628,1662882180000.0,0.04339999999999975,-0.00032032,1803.8083414000057,1803.8531414000056,-0.1,16.016,0.1,15.582,long_nclose,1.5582000000000003,0.0008638390034224039,22.0
1662882420000.0,482632,1662882420000.0,0.04339999999999975,-0.00032032,1803.8514210800058,1803.8514210800058,-0.1,16.016,0.0,15.582,long_nclose,0.0,0.0,4.0
1662933000000.0,483475,1662933000000.0,0.0,-0.014538980000000002,1803.8368821000058,1803.1224821000058,4.7,15.467,4.7,15.467,long_ientry_normal,72.6949,0.04030015170516386,843.0
1662934380000.0,483498,1662934380000.0,0.19650000000000034,-0.0046794,1804.0287027000059,1804.4063027000059,-1.5,15.598,3.2,15.467,long_nclose,49.494400000000006,0.027435483662717804,23.0
1662934500000.0,483500,1662934500000.0,0.13100000000000023,-0.0031196,1804.156583100006,1804.3941831000059,-1.0,15.598,2.2,15.467,long_nclose,34.02740000000001,0.01886055806837573,2.0
1662934620000.0,483502,1662934620000.0,0.09170000000000016,-0.00218372,1804.246099380006,1804.445599380006,-0.7,15.598,1.5,15.467,long_nclose,23.2005,0.012858833397490731,2.0
1662934920000.0,483507,1662934920000.0,0.06550000000000011,-0.0015598,1804.3100395800059,1804.4480395800058,-0.5,15.598,1.0,15.467,long_nclose,15.467,0.008572251808564062,5.0
1662935040000.0,483509,1662935040000.0,0.039300000000000064,-0.00093588,1804.3484037000057,1804.4485037000059,-0.3,15.598,0.7,15.467,long_nclose,10.8269,0.006000448681528637,2.0
1662935220000.0,483512,1662935220000.0,0.026200000000000046,-0.00062392,1804.3739797800058,1804.4454797800058,-0.2,15.598,0.5,15.467,long_nclose,7.7335,0.0042859740201656475,3.0
1662935400000.0,483515,1662935400000.0,0.013100000000000023,-0.00031196,1804.3867678200056,1804.4419678200056,-0.1,15.598,0.4,15.467,long_nclose,6.186800000000001,0.003428754915707272,3.0
1662936060000.0,483526,1662936060000.0,0.013100000000000023,-0.00031196,1804.3995558600054,1804.4499558600055,-0.1,15.598,0.3,15.467,long_nclose,4.6401,0.0025715479617198504,11.0
1662936660000.0,483536,1662936660000.0,0.013100000000000023,-0.00031196,1804.4123439000052,1804.4399439000051,-0.1,15.598,0.2,15.467,long_nclose,3.0934000000000004,0.0017143531579450482,10.0
1662937380000.0,483548,1662937380000.0,0.013100000000000023,-0.00031196,1804.425131940005,1804.435931940005,-0.1,15.598,0.1,15.467,long_nclose,1.5467000000000002,0.000857170504124538,12.0
1662938340000.0,483564,1662938340000.0,0.013100000000000023,-0.00031196,1804.4379199800048,1804.4379199800048,-0.1,15.598,0.0,15.467,long_nclose,0.0,0.0,16.0
1662943140000.0,483644,1662943140000.0,0.0,-0.01446566,1804.4234543200048,1804.5691543200048,4.7,15.389,4.7,15.389,long_ientry_normal,72.3283,0.040083883761784095,80.0
1662943440000.0,483649,1662943440000.0,0.19500000000000117,-0.0046557000000000005,1804.6137986200047,1804.9049986200048,-1.5,15.519,3.2,15.389,long_nclose,49.2448,0.027288276326856025,5.0
1662944040000.0,483659,1662944040000.0,0.0,-0.0046137,1804.6091849200047,1804.5583849200048,1.5,15.379,4.7,15.385808510638297,long_ientry_partial,72.3133,0.040071446274504874,10.0
1662946140000.0,483694,1662946140000.0,0.19528723404255466,-0.004654800000000001,1804.7998173540473,1805.3892301200046,-1.5,15.516,3.2,15.385808510638297,long_nclose,49.23458723404255,0.027279805084545954,35.0
1662946380000.0,483698,1662946380000.0,0.1301914893617031,-0.0031032,1804.926905643409,1805.2441269200049,-1.0,15.516,2.2,15.385808510638297,long_nclose,33.84877872340426,0.018753545430327583,4.0
1662946500000.0,483700,1662946500000.0,0.09113404255319217,-0.00217224,1805.0158674459624,1805.232154680005,-0.7,15.516,1.5,15.385808510638297,long_nclose,23.078712765957444,0.012785878053589113,2.0
1662947100000.0,483710,1662947100000.0,0.3004340425531918,-0.0022141,1805.3140873885156,1805.761440580005,-0.7,15.815,0.8,15.385808510638297,long_nclose,12.308646808510638,0.006818008508600162,10.0
1662947640000.0,483719,1662947640000.0,0.5825531914893631,-0.0025782400000000003,1805.894062340005,1805.894062340005,-0.8,16.114,0.0,15.385808510638297,long_nclose,0.0,0.0,9.0
1662953880000.0,483823,1662953880000.0,0.0,-0.014398920000000003,1805.8796634200048,1805.771563420005,4.7,15.318,4.7,15.318,long_ientry_normal,71.9946,0.03986677598642173,104.0
1662961380000.0,483948,1662961380000.0,0.19349999999999934,-0.0046340999999999995,1806.068529320005,1806.458929320005,-1.5,15.447,3.2,15.318,long_nclose,49.0176,0.027140498383223258,125.0
1662961440000.0,483949,1662961440000.0,0.12899999999999956,-0.0030894,1806.194439920005,1806.4628399200049,-1.0,15.447,2.2,15.318,long_nclose,33.699600000000004,0.018657791905002507,1.0
1662961500000.0,483950,1662961500000.0,0.09029999999999969,-0.00216258,1806.282577340005,1806.413077340005,-0.7,15.447,1.5,15.318,long_nclose,22.977,0.012720601022369786,1.0
1662967560000.0,484051,1662967560000.0,0.06449999999999978,-0.0015447,1806.3455326400049,1806.4625326400048,-0.5,15.447,1.0,15.318,long_nclose,15.318,0.008480105120094316,101.0
1662967860000.0,484056,1662967860000.0,0.038699999999999866,-0.0009268199999999999,1806.383305820005,1806.468705820005,-0.3,15.447,0.7,15.318,long_nclose,10.7226,0.005935949455164219,5.0
1662967920000.0,484057,1662967920000.0,0.025799999999999913,-0.00061788,1806.408487940005,1806.444487940005,-0.2,15.447,0.5,15.318,long_nclose,7.659,0.0042399047896050255,1.0
1662968400000.0,484065,1662968400000.0,0.012899999999999957,-0.00030894,1806.421079000005,1806.469879000005,-0.1,15.447,0.4,15.318,long_nclose,6.1272,0.0033919001894020654,8.0
1662968520000.0,484067,1662968520000.0,0.012899999999999957,-0.00030894,1806.433670060005,1806.4747700600049,-0.1,15.447,0.3,15.318,long_nclose,4.5954,0.0025439074105872666,2.0
1662968640000.0,484069,1662968640000.0,0.012899999999999957,-0.00030894,1806.446261120005,1806.476661120005,-0.1,15.447,0.2,15.318,long_nclose,3.0636,0.0016959264529134424,2.0
1662971100000.0,484110,1662971100000.0,0.04269999999999996,-0.0003149,1806.488646220005,1806.527346220005,-0.1,15.745,0.1,15.318,long_nclose,1.5318,0.0008479433309504721,41.0
1662971400000.0,484115,1662971400000.0,0.04269999999999996,-0.0003149,1806.531031320005,1806.531031320005,-0.1,15.745,0.0,15.318,long_nclose,0.0,0.0,5.0
1662997320000.0,484547,1662997320000.0,0.0,-0.014299560000000001,1806.516731760005,1806.571931760005,4.6,15.543,4.6,15.543,long_ientry_normal,71.4978,0.039577712590761906,432.0
1662998580000.0,484568,1662998580000.0,0.0,-0.01454784,1806.502183920005,1805.004183920005,4.8,15.154,9.4,15.344361702127657,long_rentry,144.23699999999997,0.0798432469575066,21.0
1663005540000.0,484684,1663005540000.0,0.40187872340426517,-0.00959388,1806.8944687634093,1807.6544900400052,-3.1,15.474,6.3,15.344361702127657,long_nclose,96.66947872340424,0.053500345700633126,116.0
1663009800000.0,484755,1663009800000.0,0.27224042553192157,-0.006499080000000001,1807.1602101089413,1807.7928909600053,-2.1,15.474,4.2,15.344361702127657,long_nclose,64.44631914893615,0.035661652347387135,71.0
1663009920000.0,484757,1663009920000.0,0.18149361702128103,-0.00433272,1807.3373710059625,1807.787158240005,-1.4,15.474,2.8,15.344361702127657,long_nclose,42.964212765957434,0.023772104453328263,2.0
1663010460000.0,484766,1663010460000.0,0.11667446808510924,-0.0027853200000000004,1807.4512601540478,1807.7754729200053,-0.9,15.474,1.9,15.344361702127657,long_nclose,29.154287234042545,0.01613005444559415,9.0
1663013280000.0,484813,1663013280000.0,0.07778297872340616,-0.00185688,1807.5271862527711,1807.697016040005,-0.6,15.474,1.3,15.344361702127657,long_nclose,19.947670212765953,0.011035889454099971,47.0
1663013820000.0,484822,1663013820000.0,0.05185531914893744,-0.0012379200000000002,1807.57780365192,1807.6953781200052,-0.4,15.474,0.9,15.344361702127657,long_nclose,13.80992553191489,0.007640017211991737,9.0
1663014000000.0,484825,1663014000000.0,0.03889148936170308,-0.00092844,1807.6157667012817,1807.694149680005,-0.3,15.474,0.6,15.344361702127657,long_nclose,9.206617021276594,0.005093237838967156,3.0
1663014240000.0,484829,1663014240000.0,0.02592765957446872,-0.0006189600000000001,1807.6410754008562,1807.689330720005,-0.2,15.474,0.4,15.344361702127657,long_nclose,6.137744680851063,0.0033954443525189195,4.0
1663014360000.0,484831,1663014360000.0,0.01296382978723436,-0.00030948000000000005,1807.6537297506434,1807.694421240005,-0.1,15.474,0.3,15.344361702127657,long_nclose,4.603308510638297,0.0025465654372163965,2.0
1663014480000.0,484833,1663014480000.0,0.01296382978723436,-0.00030948000000000005,1807.6663841004306,1807.6925117600051,-0.1,15.474,0.2,15.344361702127657,long_nclose,3.0688723404255316,0.001697698406862132,2.0
1663017840000.0,484889,1663017840000.0,0.01296382978723436,-0.00030948000000000005,1807.6790384502178,1807.691102280005,-0.1,15.474,0.1,15.344361702127657,long_nclose,1.5344361702127658,0.0008488432612065292,56.0
1663018200000.0,484895,1663018200000.0,0.01296382978723436,-0.00030948000000000005,1807.691692800005,1807.691692800005,-0.1,15.474,0.0,15.344361702127657,long_nclose,0.0,0.0,6.0
1663028520000.0,485067,1663028520000.0,0.0,-0.01432842,1807.677364380005,1807.616264380005,4.7,15.243,4.7,15.243,long_ientry_normal,71.6421,0.039632127619505665,172.0
1663030020000.0,485092,1663030020000.0,0.19349999999999934,-0.0046116,1807.866252780005,1808.224652780005,-1.5,15.372,3.2,15.243,long_nclose,48.77760000000001,0.02698075696971132,25.0
1663031580000.0,485118,1663031580000.0,0.12899999999999956,-0.0030744,1807.9921783800048,1808.2715783800047,-1.0,15.372,2.2,15.243,long_nclose,33.534600000000005,0.018547978470818186,26.0
1663036200000.0,485195,1663036200000.0,0.09029999999999969,-0.00215208,1808.0803263000048,1808.2708263000047,-0.7,15.372,1.5,15.243,long_nclose,22.8645,0.01264573241985833,77.0
1663036320000.0,485197,1663036320000.0,0.06449999999999978,-0.0015372,1808.1432891000047,1808.2802891000047,-0.5,15.372,1.0,15.243,long_nclose,15.243,0.008430194715147346,2.0
1663040760000.0,485271,1663040760000.0,0.21249999999999947,-0.0015668,1808.3542223000047,1808.5477223000048,-0.5,15.668,0.5,15.243,long_nclose,7.6215,0.004214605692852802,74.0
1663040880000.0,485273,1663040880000.0,0.0849999999999998,-0.00062672,1808.4385955800049,1808.5666955800048,-0.2,15.668,0.3,15.243,long_nclose,4.5729,0.0025286454354472416,2.0
1663042380000.0,485298,1663042380000.0,0.0424999999999999,-0.00031336,1808.4807822200048,1808.5661822200047,-0.1,15.668,0.2,15.243,long_nclose,3.0486000000000004,0.0016857242996288213,25.0
1663042560000.0,485301,1663042560000.0,0.0424999999999999,-0.00031336,1808.5229688600048,1808.5671688600048,-0.1,15.668,0.1,15.243,long_nclose,1.5243000000000002,0.000842842488730368,3.0
1663042680000.0,485303,1663042680000.0,0.0424999999999999,-0.00031336,1808.5651555000047,1808.5651555000047,-0.1,15.668,0.0,15.243,long_nclose,0.0,0.0,2.0
1663072200000.0,485795,1663072200000.0,0.0,-0.01451924,1808.5506362600047,1807.4884362600046,4.7,15.446,4.7,15.446,long_ientry_normal,72.5962,0.04014054046621853,492.0
1663072260000.0,485796,1663072260000.0,0.0,-0.014455679999999999,1808.5361805800046,1807.1590805800047,4.8,15.058,9.5,15.249957894736843,long_rentry,144.87460000000002,0.08010600039725949,1.0
1663072440000.0,485799,1663072440000.0,0.40003052631578523,-0.00953498,1808.9266761263204,1809.5989456000048,-3.1,15.379,6.4,15.249957894736843,long_nclose,97.5997305263158,0.053954497887840444,3.0
1663072500000.0,485800,1663072500000.0,0.2709884210526287,-0.006459180000000001,1809.191205367373,1809.1268864200044,-2.1,15.379,4.3,15.249957894736843,long_nclose,65.57481894736843,0.036245377908551604,1.0
1663072800000.0,485805,1663072800000.0,0.18065894736841911,-0.00430612,1809.3675581947414,1809.7011803000046,-1.4,15.379,2.9,15.249957894736843,long_nclose,44.22487789473684,0.02444217466729717,5.0
1663072860000.0,485806,1663072860000.0,0.0,-0.0055314000000000006,1809.3620267947413,1809.4841489000044,1.8,15.365,4.7,15.294016573348266,long_ientry_partial,71.88187789473685,0.03972774758740491,1.0
1663073640000.0,485819,1663073640000.0,0.0,-0.014611800000000003,1809.3474149947413,1807.4465371000044,4.9,14.91,9.6,15.098008114035089,long_rentry,144.94087789473684,0.08010671510267038,13.0
1663077420000.0,485882,1663077420000.0,0.0,-0.01462,1809.3327949947413,1804.8169171000045,5.0,14.62,14.6,14.934306705118962,long_rentry,218.04087789473684,0.12050899563525048,63.0
1663080660000.0,485936,1663080660000.0,0.0,-0.02068272,1809.3121122747414,1801.6686343800045,7.2,14.363,21.8,14.745618252052148,long_rentry,321.45447789473684,0.17766668100761845,54.0
1663095000000.0,486175,1663095000000.0,0.0,-0.030054160000000003,1809.2820581147414,1796.4567802200045,10.7,14.044,32.5,14.514623935222673,long_rentry,471.72527789473685,0.26072511788807057,239.0
1663178640000.0,487569,1663178640000.0,0.0,-0.04333386000000001,1809.2387242547413,1781.0201463600044,15.9,13.627,48.4,14.223028468899523,long_rentry,688.3945778947369,0.38048852739336503,1394.0
1663227060000.0,488376,1663227060000.0,1.9315416507176795,-0.046184460000000004,1811.124081445459,1814.7407619000046,-16.1,14.343,32.3,14.223028468899523,long_nclose,459.40381954545455,0.25365673409786704,807.0
1663227120000.0,488377,1663227120000.0,1.2836953827751036,-0.030694020000000002,1812.377082808234,1814.1476678800043,-10.7,14.343,21.6,14.223028468899523,long_nclose,307.21741492822974,0.169510759015008,1.0
1663227180000.0,488378,1663227180000.0,0.8637950239234343,-0.02065392,1813.2202239121573,1814.9766139600042,-7.2,14.343,14.4,14.223028468899523,long_nclose,204.81160995215313,0.11295462473403085,1.0
1663227660000.0,488386,1663227660000.0,0.5758633492822894,-0.013769280000000002,1813.7823179814397,1814.8092446800042,-4.8,14.343,9.6,14.223028468899523,long_nclose,136.5410733014354,0.07527974660894925,8.0
1663227720000.0,488387,1663227720000.0,0.38390889952152635,-0.009179520000000002,1814.157047360961,1814.777665160004,-3.2,14.343,6.4,14.223028468899523,long_nclose,91.02738220095695,0.050176131296556556,1.0
1663228260000.0,488396,1663228260000.0,0.2519402153110017,-0.00602406,1814.402963516272,1814.905941100004,-2.1,14.343,4.3,14.223028468899523,long_nclose,61.159022416267945,0.03370751902749494,9.0
1663228320000.0,488397,1663228320000.0,0.16796014354066777,-0.004016039999999999,1814.5669076198128,1814.9061250600041,-1.4,14.343,2.9,14.223028468899523,long_nclose,41.246782559808615,0.022730924049481575,1.0
1663228380000.0,488398,1663228380000.0,0.10797437799042929,-0.00258174,1814.672300257803,1814.986243320004,-0.9,14.343,2.0,14.223028468899523,long_nclose,28.446056937799046,0.015675588883876077,1.0
1663228920000.0,488407,1663228920000.0,0.3959715311004768,-0.0029238000000000003,1815.0653479889036,1815.462319520004,-1.0,14.619,1.0,14.223028468899523,long_nclose,14.223028468899523,0.007836097187717606,9.0
1663230180000.0,488428,1663230180000.0,0.1979857655502384,-0.0014619000000000001,1815.2618718544536,1815.462857620004,-0.5,14.619,0.5,14.223028468899523,long_nclose,7.1115142344497615,0.0039176244181147865,21.0
1663230300000.0,488430,1663230300000.0,0.07919430622009536,-0.00058476,1815.3404814006738,1815.4805728600038,-0.2,14.619,0.3,14.223028468899523,long_nclose,4.266908540669856,0.0023504728641194684,2.0
1663230660000.0,488436,1663230660000.0,0.03959715311004768,-0.00029238,1815.3797861737837,1815.4601804800038,-0.1,14.619,0.2,14.223028468899523,long_nclose,2.8446056937799047,0.0015669479827002959,6.0
1663232280000.0,488463,1663232280000.0,0.011997153110047698,-0.00028686000000000006,1815.3914964668938,1815.4021936200038,-0.1,14.343,0.1,14.223028468899523,long_nclose,1.4223028468899523,0.0007834689375035805,27.0
1663232340000.0,488464,1663232340000.0,0.011997153110047698,-0.00028686000000000006,1815.403206760004,1815.403206760004,-0.1,14.343,0.0,14.223028468899523,long_nclose,0.0,0.0,1.0
1663311180000.0,489778,1663311180000.0,0.0,-0.014587000000000001,1815.388619760004,1815.4036197600042,5.0,14.587,5.0,14.587,long_ientry_normal,72.935,0.04017597070187764,1314.0
1663311720000.0,489787,1663311720000.0,0.19680000000000178,-0.004707200000000001,1815.580712560004,1816.066912560004,-1.6,14.71,3.4,14.587,long_nclose,49.5958,0.027316769591625017,9.0
1663312080000.0,489793,1663312080000.0,0.6919000000000001,-0.00509796,1816.267514600004,1816.731614600004,-1.7,14.994,1.7,14.587,long_nclose,24.7979,0.0136532200243978,6.0
1663316400000.0,489865,1663316400000.0,0.061500000000000554,-0.001471,1816.327543600004,1816.529143600004,-0.5,14.71,1.2,14.587,long_nclose,17.5044,0.009637248557771616,72.0
1663317540000.0,489884,1663317540000.0,0.049200000000000445,-0.0011768000000000002,1816.375566800004,1816.437966800004,-0.4,14.71,0.8,14.587,long_nclose,11.6696,0.0064246625055405775,19.0
1663317720000.0,489887,1663317720000.0,0.024600000000000222,-0.0005884000000000001,1816.399578400004,1816.470378400004,-0.2,14.71,0.6,14.587,long_nclose,8.7522,0.0048184331818164556,3.0
1663317780000.0,489888,1663317780000.0,0.024600000000000222,-0.0005884000000000001,1816.423590000004,1816.478790000004,-0.2,14.71,0.4,14.587,long_nclose,5.8348,0.0032122463241076866,1.0
1663318860000.0,489906,1663318860000.0,0.012300000000000111,-0.00029420000000000005,1816.435595800004,1816.475495800004,-0.1,14.71,0.3,14.587,long_nclose,4.3761,0.0024091688194827826,18.0
1663319040000.0,489909,1663319040000.0,0.012300000000000111,-0.00029420000000000005,1816.447601600004,1816.469201600004,-0.1,14.71,0.2,14.587,long_nclose,2.9174,0.001606101930730196,3.0
1663319100000.0,489910,1663319100000.0,0.012300000000000111,-0.00029420000000000005,1816.459607400004,1816.474907400004,-0.1,14.71,0.1,14.587,long_nclose,1.4587,0.0008030456576394317,1.0
1663321020000.0,489942,1663321020000.0,0.04070000000000001,-0.00029988000000000004,1816.500007520004,1816.500007520004,-0.1,14.994,0.0,14.587,long_nclose,0.0,0.0,32.0
1663460640000.0,492269,1663460640000.0,0.0,-0.014481,1816.485526520004,1816.4180265200039,4.5,16.09,4.5,16.09,long_ientry_normal,72.405,0.03985993774401959,2327.0
1663461960000.0,492291,1663461960000.0,0.0,-0.014431119999999999,1816.471095400004,1814.689495400004,4.6,15.686,9.1,15.88578021978022,long_rentry,144.5606,0.07958320964538464,22.0
1663475460000.0,492516,1663475460000.0,0.4026593406593406,-0.009612,1816.8641427406633,1817.835383400004,-3.0,16.02,6.1,15.88578021978022,long_nclose,96.90325934065933,0.05333544598138463,225.0
1663478220000.0,492562,1663478220000.0,0.2684395604395604,-0.0064080000000000005,1817.1261743011028,1817.7174754000039,-2.0,16.02,4.1,15.88578021978022,long_nclose,65.1316989010989,0.03584324513191806,46.0
1663481880000.0,492623,1663481880000.0,0.17448571428571427,-0.0041652,1817.2964948153885,1817.6583102000038,-1.3,16.02,2.8,15.88578021978022,long_nclose,44.48018461538461,0.02447601959409665,61.0
1663481940000.0,492624,1663481940000.0,0.12079780219780219,-0.0028836,1817.4144090175864,1817.678926600004,-0.9,16.02,1.9,15.88578021978022,long_nclose,30.182982417582416,0.0166076500042156,1.0
1663483020000.0,492642,1663483020000.0,0.08053186813186812,-0.0019224,1817.4930184857183,1817.6545042000039,-0.6,16.02,1.3,15.88578021978022,long_nclose,20.651514285714285,0.01136263747682537,18.0
1663494360000.0,492831,1663494360000.0,0.0,-0.01035738,1817.4826611057183,1817.287246820004,3.3,15.693,4.6,15.747481366459628,long_ientry_partial,72.43841428571429,0.039856454114200066,189.0
1663495860000.0,492856,1663495860000.0,0.19877795031055978,-0.004764,1817.676675056029,1818.1339828200041,-1.5,15.88,3.1,15.747481366459628,long_nclose,48.817192236024844,0.026856917352763018,25.0
1663496340000.0,492864,1663496340000.0,0.1325186335403732,-0.0031760000000000004,1817.8060176895694,1818.0843068200043,-1.0,15.88,2.1,15.747481366459628,long_nclose,33.06971086956522,0.01819210110856427,8.0
1663496580000.0,492868,1663496580000.0,0.09276304347826123,-0.0022232,1817.8965575330478,1818.0890836200044,-0.7,15.88,1.4,15.747481366459628,long_nclose,22.046473913043478,0.012127463370611885,4.0
1663502820000.0,492972,1663502820000.0,0.0,-0.01029336,1817.8862641730477,1817.6694902600043,3.3,15.596,4.7,15.641122109158186,long_ientry_partial,73.51327391304348,0.04043887418142988,104.0
1663505520000.0,493017,1663505520000.0,0.19781683626272084,-0.004731900000000001,1818.0793491093104,1818.4917583600043,-1.5,15.773,3.2,15.641122109158186,long_nclose,50.0515907493062,0.027529926443434286,45.0
1663505580000.0,493018,1663505580000.0,0.1318778908418139,-0.0031546,1818.2080724001523,1818.5026037600044,-1.0,15.773,2.2,15.641122109158186,long_nclose,34.41046864014801,0.018925484471490638,1.0
1663511040000.0,493109,1663511040000.0,0.0,-0.00775,1818.2003224001523,1817.9133537600044,2.5,15.5,4.7,15.5660571574783,long_ientry_partial,73.16046864014801,0.0402378482386204,91.0
1663520880000.0,493273,1663520880000.0,0.0,-0.014567040000000002,1818.1857553601524,1816.4475867200044,4.8,15.174,9.5,15.36796512001558,long_rentry,145.995668640148,0.08029744387213544,164.0
1663521420000.0,493282,1663521420000.0,0.40310812795170126,-0.00960876,1818.5792547281042,1819.1682779600044,-3.1,15.498,6.4,15.36796512001558,long_nclose,98.35497676809972,0.05408341512330997,9.0
1663533600000.0,493485,1663533600000.0,0.0,-0.014648060000000001,1818.5646066681043,1815.6218299000045,4.9,14.947,11.3,15.185422722840682,long_rentry,171.59527676809972,0.09435753678418343,203.0
1663535460000.0,493516,1663535460000.0,0.0,-0.0161359,1818.5484707681042,1813.4856940000045,5.5,14.669,16.8,15.016355760005936,long_rentry,252.27477676809974,0.1387231524610097,31.0
1663547040000.0,493709,1663547040000.0,0.7092077439667605,-0.01696016,1819.2407183520709,1820.1215338400043,-5.6,15.143,11.2,15.016355760005936,long_nclose,168.18318451206648,0.09244691085433292,193.0
1663547160000.0,493711,1663547160000.0,0.46858368797803823,-0.011205820000000002,1819.698096220049,1820.7004280200044,-3.7,15.143,7.5,15.016355760005936,long_nclose,112.62266820004453,0.06189085345200335,2.0
1663547580000.0,493718,1663547580000.0,0.31661059998516095,-0.007571500000000001,1820.007135320034,1820.6503565200044,-2.5,15.143,5.0,15.016355760005936,long_nclose,75.08177880002968,0.041253562880580213,7.0
1663548180000.0,493728,1663548180000.0,0.20263078399050302,-0.004845760000000001,1820.2049203440245,1820.7103107600042,-1.6,15.143,3.4,15.016355760005936,long_nclose,51.05560958402018,0.02804937455853625,10.0
1663549980000.0,493758,1663549980000.0,0.13930866399347083,-0.003331460000000001,1820.340897548018,1820.6252793000042,-1.1,15.143,2.3,15.016355760005936,long_nclose,34.53761824801365,0.018973159529918543,30.0
1663550040000.0,493759,1663550040000.0,0.08865096799584506,-0.00212002,1820.4274284960138,1820.6892592800043,-0.7,15.143,1.6,15.016355760005936,long_nclose,24.0261692160095,0.013198092294104385,1.0
1663550460000.0,493766,1663550460000.0,0.06332211999703219,-0.0015143,1820.4892363160109,1820.6307449800042,-0.5,15.143,1.1,15.016355760005936,long_nclose,16.51799133600653,0.009073380389456608,7.0
1663551720000.0,493787,1663551720000.0,0.037993271998219315,-0.0009085800000000001,1820.526321008009,1820.6292364000044,-0.3,15.143,0.8,15.016355760005936,long_nclose,12.01308460800475,0.006598687681347673,21.0
1663551840000.0,493789,1663551840000.0,0.025328847998812878,-0.0006057200000000001,1820.5510441360077,1820.6282306800042,-0.2,15.143,0.6,15.016355760005936,long_nclose,9.009813456003561,0.004948948553254883,2.0
1663553040000.0,493809,1663553040000.0,0.12559327199821926,-0.0009261,1820.675711308006,1820.7923045800042,-0.3,15.435,0.3,15.016355760005936,long_nclose,4.504906728001781,0.0024743048418904732,20.0
1663553160000.0,493811,1663553160000.0,0.041864423999406424,-0.0003087,1820.7172670320053,1820.8019958800041,-0.1,15.435,0.2,15.016355760005936,long_nclose,3.0032711520011874,0.00164949891253401,2.0
1663553280000.0,493813,1663553280000.0,0.041864423999406424,-0.0003087,1820.7588227560047,1820.7961871800042,-0.1,15.435,0.1,15.016355760005936,long_nclose,1.5016355760005937,0.0008247306327631203,2.0
1663553820000.0,493822,1663553820000.0,0.0,-0.01424064,1820.7445821160047,1820.9517465400043,4.8,14.834,4.9,14.837721546122568,long_ientry_partial,72.70483557600059,0.03993137548788178,9.0
1663553880000.0,493823,1663553880000.0,0.20044552620389028,-0.0047881600000000005,1820.9402394822084,1821.1292583800039,-1.6,14.963,3.3,14.837721546122568,long_nclose,48.96448110220447,0.02688966943589962,1.0
1663553940000.0,493824,1663553940000.0,0.13780629926517457,-0.0032918599999999998,1821.0747539214735,1821.277766520004,-1.1,14.963,2.2,14.837721546122568,long_nclose,32.642987401469654,0.017925122146236316,1.0
1663554000000.0,493825,1663554000000.0,0.08769491771420199,-0.00209482,1821.1603540191877,1821.4787717000038,-0.7,14.963,1.5,14.837721546122568,long_nclose,22.256582319183853,0.01222109973460874,1.0
1663554180000.0,493828,1663554180000.0,0.2892949177142021,-0.0021351399999999998,1821.4475137969018,1821.7493365600037,-0.7,15.251,0.8,14.837721546122568,long_nclose,11.870177236898055,0.006516892277699539,3.0
1663554900000.0,493840,1663554900000.0,0.025055690775486285,-0.0005985200000000001,1821.4719709676772,1821.5753380400035,-0.2,14.963,0.6,14.837721546122568,long_nclose,8.90263292767354,0.004887603580824754,12.0
1663555380000.0,493848,1663555380000.0,0.0,-0.012753800000000001,1821.4592171676773,1821.3075842400037,4.3,14.83,4.9,14.830945495443578,long_ientry_partial,72.67163292767354,0.03989748013171334,8.0
1663555860000.0,493856,1663555860000.0,0.20008720729027518,-0.00478592,1821.6545184549677,1822.245398320004,-1.6,14.956,3.3,14.830945495443578,long_nclose,48.9421201349638,0.02686685078819114,8.0
1663556100000.0,493860,1663556100000.0,0.1375599550120642,-0.00329032,1821.7887880899798,1822.105708000004,-1.1,14.956,2.2,14.830945495443578,long_nclose,32.628080089975875,0.017909913763485268,4.0
1663556760000.0,493871,1663556760000.0,0.08753815318949537,-0.00209384,1821.8742324031693,1822.075314160004,-0.7,14.956,1.5,14.830945495443578,long_nclose,22.246418243165365,0.012210732139188833,11.0
1663557000000.0,493875,1663557000000.0,0.06252725227821099,-0.0014956,1821.9352640554475,1822.069318560004,-0.5,14.956,1.0,14.830945495443578,long_nclose,14.830945495443578,0.008140215400645663,4.0
1663557300000.0,493880,1663557300000.0,0.03751635136692659,-0.0008973599999999999,1821.9718830468146,1822.097221200004,-0.3,14.956,0.7,14.830945495443578,long_nclose,10.381661846810504,0.0056980362558886714,5.0
1663558920000.0,493907,1663558920000.0,0.025010900911284398,-0.00059824,1821.9962957077257,1822.068322960004,-0.2,14.956,0.5,14.830945495443578,long_nclose,7.415472747721789,0.00406997136338379,27.0
1663559160000.0,493911,1663559160000.0,0.012505450455642199,-0.00029912,1822.0085020381814,1822.086123840004,-0.1,14.956,0.4,14.830945495443578,long_nclose,5.932378198177432,0.0032559552776736246,4.0
1663560960000.0,493941,1663560960000.0,0.08261090091128445,-0.00060976,1822.0905031790926,1822.169314080004,-0.2,15.244,0.2,14.830945495443578,long_nclose,2.966189099088716,0.0016279043735278006,30.0
1663561020000.0,493942,1663561020000.0,0.041305450455642226,-0.00030488,1822.1315037495483,1822.168909200004,-0.1,15.244,0.1,14.830945495443578,long_nclose,1.483094549544358,0.0008139338716730782,1.0
1663561140000.0,493944,1663561140000.0,0.041305450455642226,-0.00030488,1822.172504320004,1822.172504320004,-0.1,15.244,0.0,14.830945495443578,long_nclose,0.0,0.0,2.0
1663569660000.0,494086,1663569660000.0,0.0,-0.014548100000000003,1822.157956220004,1822.157956220004,4.9,14.845,4.9,14.845,long_ientry_normal,72.74050000000001,0.03991997496797553,142.0
1663573380000.0,494148,1663573380000.0,0.2,-0.0047904,1822.353165820004,1822.716165820004,-1.6,14.97,3.3,14.845,long_nclose,48.9885,0.02688200120526948,62.0
1663573560000.0,494151,1663573560000.0,0.1375,-0.0032934000000000006,1822.487372420004,1822.806372420004,-1.1,14.97,2.2,14.845,long_nclose,32.659000000000006,0.01792001442327334,3.0
1663573680000.0,494153,1663573680000.0,0.0875,-0.0020958,1822.572776620004,1822.7752766200042,-0.7,14.97,1.5,14.845,long_nclose,22.267500000000002,0.012217619118231045,2.0
1663574520000.0,494167,1663574520000.0,0.0625,-0.001497,1822.6337796200041,1822.7737796200042,-0.5,14.97,1.0,14.845,long_nclose,14.845,0.00814480679881561,14.0
1663574700000.0,494170,1663574700000.0,0.0375,-0.0008981999999999999,1822.670381420004,1822.761381420004,-0.3,14.97,0.7,14.845,long_nclose,10.3915,0.005701250267700187,3.0
1663577400000.0,494215,1663577400000.0,0.025,-0.0005988,1822.6947826200042,1822.7447826200041,-0.2,14.97,0.5,14.845,long_nclose,7.4225,0.004072267101862575,45.0
1663577520000.0,494217,1663577520000.0,0.0125,-0.0002994,1822.7069832200043,1822.7529832200044,-0.1,14.97,0.4,14.845,long_nclose,5.938000000000001,0.003257791874758661,2.0
1663581120000.0,494277,1663581120000.0,0.0125,-0.0002994,1822.7191838200044,1822.7566838200044,-0.1,14.97,0.3,14.845,long_nclose,4.4535,0.0024433275512393948,60.0
1663581180000.0,494278,1663581180000.0,0.0125,-0.0002994,1822.7313844200046,1822.7673844200046,-0.1,14.97,0.2,14.845,long_nclose,2.9690000000000003,0.0016288741310858264,1.0
1663582140000.0,494294,1663582140000.0,0.0125,-0.0002994,1822.7435850200047,1822.7545850200047,-0.1,14.97,0.1,14.845,long_nclose,1.4845000000000002,0.000814431614079008,16.0
1663582500000.0,494300,1663582500000.0,0.0125,-0.0002994,1822.7557856200049,1822.7557856200049,-0.1,14.97,0.0,14.845,long_nclose,0.0,0.0,6.0
1663643880000.0,495323,1663643880000.0,0.0,-0.014590080000000002,1822.7411955400048,1822.7747955400048,4.8,15.198,4.8,15.198,long_ientry_normal,72.9504,0.04002235763283319,1023.0
1663645800000.0,495355,1663645800000.0,0.2048000000000002,-0.004904320000000001,1822.9410912200049,1823.3634912200048,-1.6,15.326,3.2,15.198,long_nclose,48.6336,0.02667864597174225,32.0
1663647360000.0,495381,1663647360000.0,0.1280000000000001,-0.0030652,1823.0660260200048,1823.3674260200048,-1.0,15.326,2.2,15.198,long_nclose,33.4356,0.018340312156984437,26.0
1663647480000.0,495383,1663647480000.0,0.08960000000000007,-0.00214564,1823.1534803800048,1823.3439803800047,-0.7,15.326,1.5,15.198,long_nclose,22.797,0.012504158451458712,2.0
1663647540000.0,495384,1663647540000.0,0.06400000000000006,-0.0015326,1823.2159477800049,1823.3729477800048,-0.5,15.326,1.0,15.198,long_nclose,15.198,0.008335820020939088,1.0
1663648500000.0,495400,1663648500000.0,0.03840000000000003,-0.0009195600000000001,1823.2534282200047,1823.3423282200047,-0.3,15.326,0.7,15.198,long_nclose,10.6386,0.005834954063619225,16.0
1663649460000.0,495416,1663649460000.0,0.025600000000000026,-0.0006130400000000001,1823.2784151800047,1823.3469151800048,-0.2,15.326,0.5,15.198,long_nclose,7.599,0.004167767213571594,16.0
1663649640000.0,495419,1663649640000.0,0.012800000000000013,-0.00030652000000000007,1823.2909086600046,1823.3377086600046,-0.1,15.326,0.4,15.198,long_nclose,6.0792,0.003334190924292932,3.0
1663650060000.0,495426,1663650060000.0,0.012800000000000013,-0.00030652000000000007,1823.3034021400044,1823.3475021400045,-0.1,15.326,0.3,15.198,long_nclose,4.5594,0.002500626058531262,7.0
1663650180000.0,495428,1663650180000.0,0.012800000000000013,-0.00030652000000000007,1823.3158956200043,1823.3402956200043,-0.1,15.326,0.2,15.198,long_nclose,3.0396,0.001667072616051761,2.0
1663650240000.0,495429,1663650240000.0,0.012800000000000013,-0.00030652000000000007,1823.3283891000042,1823.3455891000042,-0.1,15.326,0.1,15.198,long_nclose,1.5198,0.0008335305966196107,1.0
1663653240000.0,495479,1663653240000.0,0.012800000000000013,-0.00030652000000000007,1823.340882580004,1823.340882580004,-0.1,15.326,0.0,15.198,long_nclose,0.0,0.0,50.0
1663665840000.0,495689,1663665840000.0,0.0,-0.014563200000000002,1823.326319380004,1823.3023193800038,4.8,15.17,4.8,15.17,long_ientry_normal,72.816,0.03993580261856805,210.0
1663676760000.0,495871,1663676760000.0,0.0,-0.01449322,1823.3118261600039,1821.5412261600038,4.9,14.789,9.7,14.977536082474227,long_rentry,145.28209999999999,0.07968033658070006,182.0
1663680120000.0,495927,1663680120000.0,0.0,-0.014504,1823.297322160004,1818.498222160004,5.0,14.504,14.7,14.816469387755102,long_rentry,217.8021,0.11945506492708309,56.0
1663684680000.0,496003,1663684680000.0,0.0,-0.02052288,1823.2767992800038,1814.4972992800037,7.2,14.252,21.9,14.630890410958905,long_rentry,320.4165,0.1757366188866823,76.0
1663707720000.0,496387,1663707720000.0,0.0,-0.029829460000000002,1823.2469698200039,1808.290169820004,10.7,13.939,32.6,14.403797546012267,long_rentry,469.56379999999996,0.25754261916933646,384.0
1663783200000.0,497645,1663783200000.0,1.3089865030675165,-0.031374,1824.5245823230714,1809.944795820004,-10.8,14.525,21.8,14.403797546012267,long_nclose,314.00278650306745,0.17210115421041036,1258.0
1663783260000.0,497646,1663783260000.0,0.0,-0.029386479999999996,1824.4951958430713,1820.997509340004,10.7,13.732,32.5,14.182621123171305,long_rentry,460.9351865030674,0.25263710617230556,1.0
1663784760000.0,497671,1663784760000.0,1.2892918697498985,-0.03089232,1825.7535953928211,1829.3857170200038,-10.8,14.302,21.7,14.182621123171305,long_nclose,307.76287837281734,0.1685675871867038,25.0
1663785120000.0,497677,1663785120000.0,0.859527913166599,-0.020594880000000003,1826.5925284259877,1828.3670221400037,-7.2,14.302,14.5,14.182621123171305,long_nclose,205.64800628598394,0.11258559480870922,6.0
1663785420000.0,497682,1663785420000.0,2.8467279131665975,-0.020992320000000002,1829.4182640191543,1832.1731298200039,-7.2,14.578,7.3,14.182621123171305,long_nclose,103.53313419915052,0.05659347358416146,5.0
1663785480000.0,497683,1663785480000.0,1.4233639565832987,-0.010496160000000001,1830.8311318157375,1832.4309336600038,-3.6,14.578,3.7,14.182621123171305,long_nclose,52.47569815573383,0.02866222735883388,1.0
1663785660000.0,497686,1663785660000.0,0.7116819782916494,-0.0052480800000000005,1831.5375657140291,1832.3685855800036,-1.8,14.578,1.9,14.182621123171305,long_nclose,26.94698013402548,0.014712764094205263,3.0
1663785840000.0,497689,1663785840000.0,1.2756198659745184,-0.005644519999999999,1832.8075410600036,1832.8075410600036,-1.9,14.854,0.0,14.182621123171305,long_nclose,0.0,0.0,3.0
1663791960000.0,497791,1663791960000.0,0.0,-0.014531920000000004,1832.7930091400035,1832.7774091400036,5.2,13.973,5.2,13.973,long_ientry_normal,72.65960000000001,0.039644193118181896,102.0
1663792680000.0,497803,1663792680000.0,0.20059999999999753,-0.00479094,1832.9888182000034,1833.4333182000034,-1.7,14.091,3.5,13.973,long_nclose,48.9055,0.026680741046759493,12.0
1663792800000.0,497805,1663792800000.0,0.12979999999999842,-0.00310002,1833.1155181800034,1833.3843181800034,-1.1,14.091,2.4,13.973,long_nclose,33.5352,0.018294100763106957,2.0
1663792980000.0,497808,1663792980000.0,0.09439999999999885,-0.00225456,1833.2076636200034,1833.3948636200034,-0.8,14.091,1.6,13.973,long_nclose,22.356800000000003,0.012195454145032548,3.0
1663793040000.0,497809,1663793040000.0,0.058999999999999275,-0.0014091,1833.2652545200033,1833.3939545200033,-0.5,14.091,1.1,13.973,long_nclose,15.370300000000002,0.008384111334736636,1.0
1663793100000.0,497810,1663793100000.0,0.035399999999999564,-0.0008454599999999999,1833.2998090600033,1833.3854090600034,-0.3,14.091,0.8,13.973,long_nclose,11.178400000000002,0.006097420588142404,1.0
1663793220000.0,497812,1663793220000.0,0.02359999999999971,-0.00056364,1833.3228454200032,1833.3990454200032,-0.2,14.091,0.6,13.973,long_nclose,8.3838,0.004573007978897095,2.0
1663794420000.0,497832,1663794420000.0,0.0,-0.01312522,1833.3097202000033,1833.5263202000033,4.7,13.963,5.3,13.964132075471698,long_ientry_partial,74.00989999999999,0.04036955631911772,20.0
1663794540000.0,497834,1663794540000.0,0.20037547169811543,-0.0047878800000000004,1833.5053077917014,1833.9044323200033,-1.7,14.082,3.6,13.964132075471698,long_nclose,50.27087547169811,0.027417905613943947,2.0
1663794720000.0,497837,1663794720000.0,0.0,-0.00474674,1833.5005610517014,1833.3249855800034,1.7,13.961,5.3,13.96312744749021,long_ientry_partial,74.00457547169812,0.040362450409750006,3.0
1663795500000.0,497850,1663795500000.0,0.0,-0.014699880000000002,1833.4858611717013,1831.3948857000032,5.4,13.611,10.7,13.785418268383003,long_rentry,147.5039754716981,0.08045002069306098,13.0
1663795740000.0,497854,1663795740000.0,0.0,-0.014682800000000001,1833.4711783717014,1828.0942029000032,5.5,13.348,16.2,13.636912066154204,long_rentry,220.9179754716981,0.12049165434271757,4.0
1663796940000.0,497874,1663796940000.0,0.0,-0.020721700000000003,1833.4504566717014,1824.9954812000033,7.9,13.115,24.1,13.465828857746809,long_rentry,324.5264754716981,0.17700313324027167,20.0
1663806720000.0,498037,1663806720000.0,0.91336913802553,-0.021728,1834.342097809727,1836.2607532000034,-8.0,13.58,16.1,13.465828857746809,long_nclose,216.79984460972364,0.11818942871593623,163.0
1663806900000.0,498040,1663806900000.0,0.6051070539419136,-0.014394800000000001,1834.932810063669,1836.1658584000033,-5.3,13.58,10.8,13.465828857746809,long_nclose,145.43095166366555,0.07925682666201786,3.0
1663814520000.0,498167,1663814520000.0,0.41101611211148853,-0.009777600000000001,1835.3340485757803,1836.0480808000034,-3.6,13.58,7.2,13.465828857746809,long_nclose,96.95396777577703,0.052826333086891365,127.0
1663814820000.0,498172,1663814820000.0,0.27401074140765896,-0.0065184,1835.601540917188,1836.1735624000032,-2.4,13.58,4.8,13.465828857746809,long_nclose,64.63597851718468,0.035212423326300035,5.0
1663815000000.0,498175,1663815000000.0,0.182673827605106,-0.004345600000000001,1835.779869144793,1836.1132168000033,-1.6,13.58,3.2,13.465828857746809,long_nclose,43.09065234478979,0.02347266852036229,3.0
1663815060000.0,498176,1663815060000.0,0.11417114225319125,-0.002716,1835.8913242870462,1836.1205008000034,-1.0,13.58,2.2,13.465828857746809,long_nclose,29.62482348704298,0.016136479918574455,1.0
1663815120000.0,498177,1663815120000.0,0.07991979957723387,-0.0019012000000000002,1835.9693428866235,1836.1405996000033,-0.7,13.58,1.5,13.465828857746809,long_nclose,20.198743286620214,0.011001677868358364,1.0
1663815180000.0,498178,1663815180000.0,0.057085571126595624,-0.001358,1836.0250704577502,1836.1442416000034,-0.5,13.58,1.0,13.465828857746809,long_nclose,13.465828857746809,0.007334229294804544,1.0
1663817100000.0,498210,1663817100000.0,0.03425134267595737,-0.0008148,1836.0585070004263,1836.1419268000036,-0.3,13.58,0.7,13.465828857746809,long_nclose,9.426080200422765,0.005133867011581334,32.0
1663819620000.0,498252,1663819620000.0,0.02283422845063825,-0.0005432000000000001,1836.0807980288769,1836.1403836000034,-0.2,13.58,0.5,13.465828857746809,long_nclose,6.732914428873404,0.0036670033454418343,42.0
1663823040000.0,498309,1663823040000.0,0.011417114225319125,-0.00027160000000000004,1836.0919435431024,1836.1396120000036,-0.1,13.58,0.4,13.465828857746809,long_nclose,5.3863315430987235,0.002933584868688401,57.0
1663823700000.0,498320,1663823700000.0,0.011417114225319125,-0.00027160000000000004,1836.103089057328,1836.137340400004,-0.1,13.58,0.3,13.465828857746809,long_nclose,4.039748657324043,0.0022001752959296453,11.0
1663823760000.0,498321,1663823760000.0,0.011417114225319125,-0.00027160000000000004,1836.1142345715534,1836.130068800004,-0.1,13.58,0.2,13.465828857746809,long_nclose,2.6931657715493618,0.0014667746270034209,1.0
1663824420000.0,498332,1663824420000.0,0.011417114225319125,-0.00027160000000000004,1836.125380085779,1836.1367972000044,-0.1,13.58,0.1,13.465828857746809,long_nclose,1.3465828857746809,0.000733382861747585,11.0
1663824480000.0,498333,1663824480000.0,0.011417114225319125,-0.00027160000000000004,1836.1365256000045,1836.1365256000045,-0.1,13.58,0.0,13.465828857746809,long_nclose,0.0,0.0,1.0
1663921440000.0,499949,1663921440000.0,0.0,-0.014599260000000001,1836.1219263400044,1836.2341263400044,5.1,14.313,5.1,14.313,long_ientry_normal,72.9963,0.03975569321014845,1616.0
1663931100000.0,500110,1663931100000.0,0.0,-0.01479124,1836.1071351000044,1834.3386351000045,5.3,13.954,10.4,14.130048076923076,long_rentry,146.9525,0.0800348177896472,161.0
1663933560000.0,500151,1663933560000.0,0.0,-0.01477764,1836.0923574600045,1830.6846574600045,5.4,13.683,15.8,13.977259493670886,long_rentry,220.8407,0.12027755526715685,41.0
1663939380000.0,500248,1663939380000.0,0.6122506329113983,-0.014658800000000003,1836.6899492929158,1837.8319986600045,-5.2,14.095,10.6,13.977259493670886,long_nclose,148.15895063291137,0.08066628267332177,97.0
1663939440000.0,500249,1663939440000.0,0.4120917721519026,-0.0098665,1837.0921745650676,1837.9991321600044,-3.5,14.095,7.1,13.977259493670886,long_nclose,99.23854240506328,0.054019359387102096,1.0
1663941780000.0,500288,1663941780000.0,0.0,-0.014681520000000002,1837.0774930450675,1833.5563506400042,5.4,13.594,12.5,13.811691392405063,long_rentry,172.64614240506327,0.09397869336414971,39.0
1663947240000.0,500379,1663947240000.0,0.47686529113924575,-0.01142096,1837.542937376207,1838.2427296800045,-4.1,13.928,8.4,13.811691392405063,long_nclose,116.01820769620254,0.06313768529505098,91.0
1663947360000.0,500381,1663947360000.0,0.32566410126582634,-0.00779968,1837.8608017974727,1838.5233300000043,-2.8,13.928,5.6,13.811691392405063,long_nclose,77.34547179746835,0.042084510275110384,2.0
1663950540000.0,500434,1663950540000.0,0.0,-0.014806000000000001,1837.8459957974728,1835.8765240000046,5.5,13.46,11.1,13.637429891663814,long_rentry,151.37547179746832,0.08236569992459239,53.0
1663953600000.0,500485,1663953600000.0,0.42760940084388893,-0.010177220000000002,1838.2634279783167,1839.0224467800044,-3.7,13.753,7.4,13.637429891663814,long_nclose,100.91698119831223,0.0548979975678995,51.0
1663956420000.0,500532,1663956420000.0,0.27736826000684683,-0.00660144,1838.5341947983236,1839.1720453400046,-2.4,13.753,5.0,13.637429891663814,long_nclose,68.18714945831907,0.037087778759425684,47.0
1663962000000.0,500625,1663962000000.0,0.18491217333789792,-0.004400960000000001,1838.7147060116613,1839.0974443800044,-1.6,13.753,3.4,13.637429891663814,long_nclose,46.367261631656966,0.02521721367652068,93.0
1663962060000.0,500626,1663962060000.0,0.12712711916980482,-0.0030256600000000003,1838.838807470831,1839.120718720004,-1.1,13.753,2.3,13.637429891663814,long_nclose,31.36608875082677,0.017057552093958796,1.0
1663963080000.0,500643,1663963080000.0,0.4186271191698055,-0.0030839600000000006,1839.2543506300008,1839.6354347600043,-1.1,14.018,1.2,13.637429891663814,long_nclose,16.364915869996576,0.008897581709887538,17.0
1663963440000.0,500649,1663963440000.0,0.22834206500171206,-0.00168216,1839.4810105350025,1839.7105526000041,-0.6,14.018,0.6,13.637429891663814,long_nclose,8.182457934998288,0.00444824267722039,6.0
1663969980000.0,500758,1663969980000.0,0.3873420650017113,-0.0017139599999999998,1839.8666386400043,1839.8666386400043,-0.6,14.283,0.0,13.637429891663814,long_nclose,0.0,0.0,109.0
1663980180000.0,500928,1663980180000.0,0.0,-0.014677820000000001,1839.8519608200043,1839.9738608200043,5.3,13.847,5.3,13.847,long_ientry_normal,73.3891,0.03988858971419156,170.0
1663980660000.0,500936,1663980660000.0,0.1989000000000015,-0.00474776,1840.0461130600042,1840.4709130600042,-1.7,13.964,3.6,13.847,long_nclose,49.849199999999996,0.027091277575158466,8.0
1663982520000.0,500967,1663982520000.0,0.14040000000000105,-0.00335136,1840.1831617000043,1840.4303617000044,-1.2,13.964,2.4,13.847,long_nclose,33.2328,0.0180595066250355,31.0
1663982700000.0,500970,1663982700000.0,0.09360000000000071,-0.00223424,1840.2745274600043,1840.4793274600042,-0.8,13.964,1.6,13.847,long_nclose,22.1552,0.01203907333900839,3.0
1663983000000.0,500975,1663983000000.0,0.05850000000000044,-0.0013964000000000001,1840.3316310600044,1840.4779310600045,-0.5,13.964,1.1,13.847,long_nclose,15.2317,0.008276606098014389,5.0
1663983660000.0,500986,1663983660000.0,0.03510000000000026,-0.00083784,1840.3658932200044,1840.4602932200044,-0.3,13.964,0.8,13.847,long_nclose,11.0776,0.006019237827005166,11.0
1663991160000.0,501111,1663991160000.0,0.023400000000000178,-0.00055856,1840.3887346600045,1840.4655346600046,-0.2,13.964,0.6,13.847,long_nclose,8.3082,0.0045143723407624885,125.0
1663991400000.0,501115,1663991400000.0,0.023400000000000178,-0.00055856,1840.4115761000046,1840.4547761000047,-0.2,13.964,0.4,13.847,long_nclose,5.5388,0.0030095442084412494,4.0
1663991460000.0,501116,1663991460000.0,0.011700000000000089,-0.00027928,1840.4229968200045,1840.4613968200044,-0.1,13.964,0.3,13.847,long_nclose,4.1541,0.002257144149566544,1.0
1663991700000.0,501120,1663991700000.0,0.011700000000000089,-0.00027928,1840.4344175400045,1840.4650175400045,-0.1,13.964,0.2,13.847,long_nclose,2.7694,0.001504753428650659,4.0
1663998660000.0,501236,1663998660000.0,0.038600000000000106,-0.00028466000000000006,1840.4727328800045,1840.5120328800044,-0.1,14.233,0.1,13.847,long_nclose,1.3847,0.0007523610511921016,116.0
1663999380000.0,501248,1663999380000.0,0.038600000000000106,-0.00028466000000000006,1840.5110482200046,1840.5110482200046,-0.1,14.233,0.0,13.847,long_nclose,0.0,0.0,12.0
1664006640000.0,501369,1664006640000.0,0.0,-0.014668279999999999,1840.4963799400045,1840.2684799400045,5.3,13.838,5.3,13.838,long_ientry_normal,73.3414,0.03984870646819242,121.0
1664008320000.0,501397,1664008320000.0,0.1989000000000015,-0.0047447,1840.6905352400047,1841.1837352400048,-1.7,13.955,3.6,13.838,long_nclose,49.8168,0.027064190881768438,28.0
1664008440000.0,501399,1664008440000.0,0.14040000000000105,-0.0033492,1840.8275860400047,1841.1323860400048,-1.2,13.955,2.4,13.838,long_nclose,33.2112,0.018041450623544848,2.0
1664011260000.0,501446,1664011260000.0,0.09360000000000071,-0.0022328000000000005,1840.9189532400046,1841.1301532400046,-0.8,13.955,1.6,13.838,long_nclose,22.1408,0.012027036801936524,47.0
1664011500000.0,501450,1664011500000.0,0.05850000000000044,-0.0013955,1840.9760577400048,1841.1102577400047,-0.5,13.955,1.1,13.838,long_nclose,15.2218,0.008268331321313537,4.0
1664011740000.0,501454,1664011740000.0,0.03510000000000026,-0.0008373,1841.0103204400048,1841.1039204400047,-0.3,13.955,0.8,13.838,long_nclose,11.0704,0.006013219957047364,4.0
1664011800000.0,501455,1664011800000.0,0.023400000000000178,-0.0005582000000000001,1841.033162240005,1841.1003622400049,-0.2,13.955,0.6,13.838,long_nclose,8.3028,0.004509859013021739,1.0
1664011860000.0,501456,1664011860000.0,0.023400000000000178,-0.0005582000000000001,1841.056004040005,1841.100804040005,-0.2,13.955,0.4,13.838,long_nclose,5.5352,0.0030065353730976034,1.0
1664011920000.0,501457,1664011920000.0,0.011700000000000089,-0.00027910000000000006,1841.0674249400051,1841.1010249400051,-0.1,13.955,0.3,13.838,long_nclose,4.1514,0.0022548875417396958,1.0
1664012160000.0,501461,1664012160000.0,0.011700000000000089,-0.00027910000000000006,1841.0788458400052,1841.1032458400052,-0.1,13.955,0.2,13.838,long_nclose,2.7676,0.00150324903588649,4.0
1664014500000.0,501500,1664014500000.0,0.011700000000000089,-0.00027910000000000006,1841.0902667400053,1841.1019667400053,-0.1,13.955,0.1,13.838,long_nclose,1.3838,0.0007516198553644394,39.0
1664014560000.0,501501,1664014560000.0,0.011700000000000089,-0.00027910000000000006,1841.1016876400054,1841.1016876400054,-0.1,13.955,0.0,13.838,long_nclose,0.0,0.0,1.0
1664054280000.0,502163,1664054280000.0,0.0,-0.014811120000000004,1841.0868765200053,1840.8762765200054,5.4,13.714,5.4,13.714,long_ientry_normal,74.05560000000001,0.04022384871917549,662.0
1664075880000.0,502523,1664075880000.0,0.2087999999999994,-0.0049788,1841.2906977200055,1841.7262977200055,-1.8,13.83,3.6,13.714,long_nclose,49.370400000000004,0.026812930767061028,360.0
1664076060000.0,502526,1664076060000.0,0.13919999999999957,-0.0033192,1841.4265785200055,1841.7049785200054,-1.2,13.83,2.4,13.714,long_nclose,32.9136,0.017873968141837823,3.0
1664076120000.0,502527,1664076120000.0,0.09279999999999973,-0.0022128,1841.5171657200053,1841.7587657200054,-0.8,13.83,1.6,13.714,long_nclose,21.942400000000003,0.011915392595007854,1.0
1664076840000.0,502539,1664076840000.0,0.05799999999999983,-0.0013830000000000001,1841.5737827200053,1841.7178827200053,-0.5,13.83,1.1,13.714,long_nclose,15.085400000000002,0.008191580560904195,12.0
1664077020000.0,502542,1664077020000.0,0.034799999999999894,-0.0008298,1841.6077529200052,1841.7045529200052,-0.3,13.83,0.8,13.714,long_nclose,10.971200000000001,0.00595740324322829,3.0
1664077200000.0,502545,1664077200000.0,0.023199999999999932,-0.0005532,1841.6303997200052,1841.6999997200053,-0.2,13.83,0.6,13.714,long_nclose,8.2284,0.004467997488123033,3.0
1664077260000.0,502546,1664077260000.0,0.023199999999999932,-0.0005532,1841.6530465200053,1841.7014465200052,-0.2,13.83,0.4,13.714,long_nclose,5.485600000000001,0.002978628363450766,1.0
1664089920000.0,502757,1664089920000.0,0.011599999999999966,-0.0002766,1841.6643699200054,1841.7111699200054,-0.1,13.83,0.3,13.714,long_nclose,4.1142,0.002233957537104714,211.0
1664090100000.0,502760,1664090100000.0,0.011599999999999966,-0.0002766,1841.6756933200054,1841.7038933200054,-0.1,13.83,0.2,13.714,long_nclose,2.7428000000000003,0.0014892958678601714,3.0
1664091900000.0,502790,1664091900000.0,0.011599999999999966,-0.0002766,1841.6870167200054,1841.6991167200053,-0.1,13.83,0.1,13.714,long_nclose,1.3714000000000002,0.0007446433555482333,30.0
1664092020000.0,502792,1664092020000.0,0.011599999999999966,-0.0002766,1841.6983401200055,1841.6983401200055,-0.1,13.83,0.0,13.714,long_nclose,0.0,0.0,2.0
1664141280000.0,503613,1664141280000.0,0.0,-0.01472552,1841.6836146000055,1841.6200146000056,5.3,13.892,5.3,13.892,long_ientry_normal,73.6276,0.03997841942900228,821.0
1664144880000.0,503673,1664144880000.0,0.1989000000000015,-0.00476306,1841.8777515400056,1842.4285515400056,-1.7,14.009,3.6,13.892,long_nclose,50.0112,0.027152290621994497,60.0
1664146620000.0,503702,1664146620000.0,0.14040000000000105,-0.0033621600000000003,1842.0147893800056,1842.2019893800057,-1.2,14.009,2.4,13.892,long_nclose,33.340799999999994,0.01810018040692388,29.0
1664146680000.0,503703,1664146680000.0,0.09360000000000071,-0.0022414400000000004,1842.1061479400055,1842.2869479400056,-0.8,14.009,1.6,13.892,long_nclose,22.2272,0.012066188490199808,1.0
1664146740000.0,503704,1664146740000.0,0.05850000000000044,-0.0014009,1842.1632470400057,1842.2765470400057,-0.5,14.009,1.1,13.892,long_nclose,15.2812,0.008295247462218066,1.0
1664147040000.0,503709,1664147040000.0,0.03510000000000026,-0.0008405400000000001,1842.1975065000058,1842.3079065000059,-0.3,14.009,0.8,13.892,long_nclose,11.1136,0.006032795050903498,5.0
1664147280000.0,503713,1664147280000.0,0.023400000000000178,-0.0005603600000000001,1842.2203461400059,1842.3031461400058,-0.2,14.009,0.6,13.892,long_nclose,8.335199999999999,0.0045245401927433366,4.0
1664148540000.0,503734,1664148540000.0,0.11610000000000013,-0.0008567399999999999,1842.3355894000058,1842.4504894000058,-0.3,14.279,0.3,13.892,long_nclose,4.167599999999999,0.002262128585030083,21.0
1664148600000.0,503735,1664148600000.0,0.03870000000000005,-0.00028558000000000007,1842.3740038200058,1842.4486038200057,-0.1,14.279,0.2,13.892,long_nclose,2.7784,0.001508054279011332,1.0
1664149800000.0,503755,1664149800000.0,0.011700000000000089,-0.00028018000000000004,1842.385423640006,1842.396223640006,-0.1,14.009,0.1,13.892,long_nclose,1.3892,0.0007540224657527706,20.0
1664149860000.0,503756,1664149860000.0,0.011700000000000089,-0.00028018000000000004,1842.396843460006,1842.396843460006,-0.1,14.009,0.0,13.892,long_nclose,0.0,0.0,1.0
1664150700000.0,503770,1664150700000.0,0.0,-0.014697960000000001,1842.3821455000061,1842.376845500006,5.3,13.866,5.3,13.866,long_ientry_normal,73.4898,0.03988846731906182,14.0
1664150940000.0,503774,1664150940000.0,0.1989000000000015,-0.00475422,1842.5762912800062,1843.1846912800063,-1.7,13.983,3.6,13.866,long_nclose,49.9176,0.02709119846827243,4.0
1664151480000.0,503783,1664151480000.0,0.6966000000000009,-0.0051310800000000005,1843.2677602000063,1843.9949602000063,-1.8,14.253,1.8,13.866,long_nclose,24.9588,0.013540517844945008,9.0
1664152680000.0,503803,1664152680000.0,0.34830000000000044,-0.0025655400000000003,1843.6134946600064,1843.9815946600063,-0.9,14.253,0.9,13.866,long_nclose,12.4794,0.006768989289862739,20.0
1664153520000.0,503817,1664153520000.0,0.1548000000000002,-0.00114024,1843.7671544200064,1843.9566544200063,-0.4,14.253,0.5,13.866,long_nclose,6.933,0.0037602362008563456,14.0
1664153640000.0,503819,1664153640000.0,0.0774000000000001,-0.00057012,1843.8439843000062,1843.9531843000063,-0.2,14.253,0.3,13.866,long_nclose,4.1598,0.0022560477108800607,2.0
1664157300000.0,503880,1664157300000.0,0.03870000000000005,-0.00028506,1843.8823992400064,1843.9521992400064,-0.1,14.253,0.2,13.866,long_nclose,2.7732,0.0015040004726673626,61.0
1664158800000.0,503905,1664158800000.0,0.03870000000000005,-0.00028506,1843.9208141800066,1843.9597141800066,-0.1,14.253,0.1,13.866,long_nclose,1.3866,0.0007519845696934781,25.0
1664159760000.0,503921,1664159760000.0,0.03870000000000005,-0.00028506,1843.9592291200067,1843.9592291200067,-0.1,14.253,0.0,13.866,long_nclose,0.0,0.0,16.0
1664169840000.0,504089,1664169840000.0,0.0,-0.01471598,1843.9445131400068,1843.955113140007,5.3,13.883,5.3,13.883,long_ientry_normal,73.5799,0.039903532603973335,168.0
1664170560000.0,504101,1664170560000.0,0.1989000000000015,-0.00476,1844.138653140007,1844.487853140007,-1.7,14.0,3.6,13.883,long_nclose,49.9788,0.02710143291823601,12.0
1664172060000.0,504126,1664172060000.0,0.0,-0.0047175,1844.133935640007,1843.972635640007,1.7,13.875,5.3,13.880433962264153,long_ientry_partial,73.56630000000001,0.03989205912772752,25.0
1664172360000.0,504131,1664172360000.0,0.19986226415093905,-0.00475932,1844.3290385841578,1844.7594763200068,-1.7,13.998,3.6,13.880433962264153,long_nclose,49.96956226415095,0.02709362658113937,5.0
1664172600000.0,504135,1664172600000.0,0.0,-0.0047154599999999994,1844.324323124158,1844.182460860007,1.7,13.869,5.3,13.876766464934143,long_ientry_partial,73.54686226415096,0.03987740189836442,4.0
1664173260000.0,504146,1664173260000.0,0.19929700961195707,-0.00475796,1844.5188621737698,1845.088502900007,-1.7,13.994,3.6,13.876766464934143,long_nclose,49.956359273762914,0.027083680356019362,11.0
1664174220000.0,504162,1664174220000.0,0.14068024207902852,-0.00335856,1844.656183855849,1844.879944340007,-1.2,13.994,2.4,13.876766464934143,long_nclose,33.30423951584194,0.018054442777638235,16.0
1664174340000.0,504164,1664174340000.0,0.09378682805268568,-0.00223904,1844.7477316439017,1845.0409053000071,-0.8,13.994,1.6,13.876766464934143,long_nclose,22.20282634389463,0.012035697869707705,2.0
1664174640000.0,504169,1664174640000.0,0.05861676753292855,-0.0013994,1844.8049490114345,1844.929505900007,-0.5,13.994,1.1,13.876766464934143,long_nclose,15.264443111427559,0.008274285647166781,5.0
1664174760000.0,504171,1664174760000.0,0.03517006051975713,-0.00083964,1844.839279431954,1844.9138662600067,-0.3,13.994,0.8,13.876766464934143,long_nclose,11.101413171947314,0.006017550306802639,2.0
1664175060000.0,504176,1664175060000.0,0.02344670701317142,-0.00055976,1844.8621663789672,1844.9331065000067,-0.2,13.994,0.6,13.876766464934143,long_nclose,8.326059878960486,0.0045131067408155446,5.0
1664175720000.0,504187,1664175720000.0,0.02344670701317142,-0.00055976,1844.8850533259804,1844.9243467400067,-0.2,13.994,0.4,13.876766464934143,long_nclose,5.550706585973657,0.003008700501945516,11.0
1664175780000.0,504188,1664175780000.0,0.01172335350658571,-0.00027988,1844.8964967994868,1844.9274668600067,-0.1,13.994,0.3,13.876766464934143,long_nclose,4.163029939480243,0.0022565113797452796,1.0
1664175900000.0,504190,1664175900000.0,0.01172335350658571,-0.00027988,1844.9079402729933,1844.9295869800064,-0.1,13.994,0.2,13.876766464934143,long_nclose,2.7753532929868285,0.001504331588803372,2.0
1664175960000.0,504191,1664175960000.0,0.01172335350658571,-0.00027988,1844.9193837464998,1844.9337071000064,-0.1,13.994,0.1,13.876766464934143,long_nclose,1.3876766464934143,0.0007521611289461564,1.0
1664181060000.0,504276,1664181060000.0,0.03872335350658567,-0.00028528000000000006,1844.9578218200063,1844.9578218200063,-0.1,14.264,0.0,13.876766464934143,long_nclose,0.0,0.0,85.0
1664209980000.0,504758,1664209980000.0,0.0,-0.01484424,1844.9429775800063,1844.9217775800064,5.3,14.004,5.3,14.004,long_ientry_normal,74.2212,0.040229536035501334,482.0
1664216340000.0,504864,1664216340000.0,0.20060000000000056,-0.00480148,1845.1387761000062,1845.5383761000062,-1.7,14.122,3.6,14.004,long_nclose,50.4144,0.027322822897125842,106.0
1664216520000.0,504867,1664216520000.0,0.1416000000000004,-0.00338928,1845.2769868200062,1845.555386820006,-1.2,14.122,2.4,14.004,long_nclose,33.6096,0.018213850950322602,3.0
1664216580000.0,504868,1664216580000.0,0.09440000000000026,-0.00225952,1845.369127300006,1845.506727300006,-0.8,14.122,1.6,14.004,long_nclose,22.4064,0.012141961013937207,1.0
1664218560000.0,504901,1664218560000.0,0.05900000000000016,-0.0014122,1845.426715100006,1845.543315100006,-0.5,14.122,1.1,14.004,long_nclose,15.4044,0.008347337704583525,33.0
1664221140000.0,504944,1664221140000.0,0.0,-0.011707920000000002,1845.4150071800061,1845.3795071800062,4.2,13.938,5.3,13.951698113207549,long_ientry_partial,73.944,0.04006903580620298,43.0
1664222040000.0,504959,1664222040000.0,0.1994132075471688,-0.004783460000000001,1845.6096369275533,1846.0175237200062,-1.7,14.069,3.6,13.951698113207549,long_nclose,50.22611320754718,0.027213833414502665,15.0
1664222460000.0,504966,1664222460000.0,0.0,-0.00473212,1845.6049048075533,1845.414691600006,1.7,13.918,5.3,13.940889284442864,long_ientry_partial,73.88671320754717,0.040033873455300316,7.0
1664240460000.0,505266,1664240460000.0,0.20078821644712955,-0.00478006,1845.8009129640004,1846.247711540006,-1.7,14.059,3.6,13.940889284442864,long_nclose,50.18720142399431,0.027189932062284733,300.0
1664241300000.0,505280,1664241300000.0,0.14173285866856203,-0.00337416,1845.939271662669,1846.201137380006,-1.2,14.059,2.4,13.940889284442864,long_nclose,33.458134282662876,0.018125262730082428,14.0
1664241360000.0,505281,1664241360000.0,0.09448857244570803,-0.00224944,1846.0315107951146,1846.2380879400062,-0.8,14.059,1.6,13.940889284442864,long_nclose,22.305422855108585,0.012082904720029016,1.0
1664241480000.0,505283,1664241480000.0,0.05905535777856752,-0.0014059,1846.0891602528932,1846.231182040006,-0.5,14.059,1.1,13.940889284442864,long_nclose,15.334978212887151,0.00830673758508307,2.0
1664246400000.0,505365,1664246400000.0,0.03543321466714051,-0.00084354,1846.1237499275603,1846.227038500006,-0.3,14.059,0.8,13.940889284442864,long_nclose,11.152711427554292,0.00604115050683461,82.0
1664247540000.0,505384,1664247540000.0,0.023622143111427008,-0.00056236,1846.1468097106717,1846.260276140006,-0.2,14.059,0.6,13.940889284442864,long_nclose,8.364533570665719,0.004530806286189455,19.0
1664248260000.0,505396,1664248260000.0,0.1164332146671409,-0.0008597400000000001,1846.2623831853389,1846.365616400006,-0.3,14.329,0.3,13.940889284442864,long_nclose,4.1822667853328594,0.0022652613319875123,12.0
1664249160000.0,505411,1664249160000.0,0.038811071555713644,-0.00028658000000000004,1846.3009076768947,1846.3757298200062,-0.1,14.329,0.2,13.940889284442864,long_nclose,2.788177856888573,0.0015101427103758475,15.0
1664249220000.0,505412,1664249220000.0,0.038811071555713644,-0.00028658000000000004,1846.3394321684505,1846.3808432400062,-0.1,14.329,0.1,13.940889284442864,long_nclose,1.3940889284442866,0.0007550556003708299,1.0
1664251200000.0,505445,1664251200000.0,0.038811071555713644,-0.00028658000000000004,1846.3779566600062,1846.3779566600062,-0.1,14.329,0.0,13.940889284442864,long_nclose,0.0,0.0,33.0
1664292540000.0,506134,1664292540000.0,0.0,-0.014882399999999999,1846.3630742600062,1846.2305742600063,5.3,14.04,5.3,14.04,long_ientry_normal,74.41199999999999,0.04030193250578474,689.0
1664295480000.0,506183,1664295480000.0,0.0,-0.014780880000000003,1846.3482933800062,1844.4613933800063,5.4,13.686,10.7,13.861345794392523,long_rentry,148.3164,0.08032958923935499,49.0
1664297340000.0,506214,1664297340000.0,0.0,-0.0147642,1846.3335291800063,1841.2761291800064,5.5,13.422,16.2,13.712185185185184,long_rentry,222.13739999999999,0.12031271516726215,31.0
1664297520000.0,506217,1664297520000.0,0.0,-0.02083704,1846.3126921400062,1837.1460921400062,7.9,13.188,24.1,13.540356846473028,long_rentry,326.32259999999997,0.17674286776513956,3.0
1664332860000.0,506806,1664332860000.0,0.0,-0.030439280000000003,1846.282252860006,1830.514252860006,11.8,12.898,35.9,13.329220055710307,long_rentry,478.519,0.2591797647725554,589.0
1664458980000.0,508908,1664458980000.0,0.0,-0.04406336000000001,1846.238189500006,1817.222389500006,17.6,12.518,53.5,13.062351401869158,long_rentry,698.8358,0.3785187653329049,2102.0
1664545500000.0,510350,1664545500000.0,1.9695450467289886,-0.04689588,1848.1608386667351,1851.8253936200063,-17.8,13.173,35.7,13.062351401869158,long_nclose,466.325945046729,0.25231891905205445,1442.0
1664545620000.0,510352,1664545620000.0,1.3167183177570203,-0.03135174,1849.4462052444921,1852.1272418800063,-11.9,13.173,23.8,13.062351401869158,long_nclose,310.88396336448596,0.16809570480228586,2.0
1664548500000.0,510400,1664548500000.0,0.8741239252336522,-0.020813340000000003,1850.2995158297258,1851.6931285400062,-7.9,13.173,15.9,13.062351401869158,long_nclose,207.69138728971961,0.11224744184002286,48.0
1664548560000.0,510401,1664548560000.0,0.5864375700934629,-0.013963380000000001,1850.8719900198193,1851.8010651600064,-5.3,13.173,10.6,13.062351401869158,long_nclose,138.46092485981308,0.07480848249172026,1.0
1664548620000.0,510402,1664548620000.0,0.38727009345794716,-0.0092211,1851.2500390132773,1852.0143440600064,-3.5,13.173,7.1,13.062351401869158,long_nclose,92.74269495327101,0.05009733585350966,1.0
1664548680000.0,510403,1664548680000.0,0.2544917757009367,-0.00605958,1851.4984712089781,1851.9191844800062,-2.3,13.173,4.8,13.062351401869158,long_nclose,62.699286728971956,0.03386407696466043,1.0
1664548800000.0,510405,1664548800000.0,0.1770377570093473,-0.0042153600000000005,1851.6712936059876,1851.9517691200062,-1.6,13.173,3.2,13.062351401869158,long_nclose,41.79952448598131,0.022573944214785525,2.0
1664549280000.0,510413,1664549280000.0,0.11064859813084205,-0.0026346,1851.7793076041185,1852.0271345200063,-1.0,13.173,2.2,13.062351401869158,long_nclose,28.73717308411215,0.015518681392596979,8.0
1664549760000.0,510421,1664549760000.0,0.07745401869158942,-0.0018442200000000001,1851.85491740281,1852.0238903000063,-0.7,13.173,1.5,13.062351401869158,long_nclose,19.593527102803737,0.010580487120601905,8.0
1664550180000.0,510428,1664550180000.0,0.05532429906542102,-0.0013173,1851.9089244018755,1852.0415730000063,-0.5,13.173,1.0,13.062351401869158,long_nclose,13.062351401869158,0.0070534523754120365,7.0
1664550900000.0,510440,1664550900000.0,0.033194579439252615,-0.00079038,1851.9413286013148,1852.0341826200065,-0.3,13.173,0.7,13.062351401869158,long_nclose,9.14364598130841,0.004937330270724171,12.0
1664644860000.0,512006,1664644860000.0,0.0,-0.01309672,1851.9282318813148,1851.6114859000063,5.2,12.593,5.9,12.648685759543797,long_ientry_partial,74.6272459813084,0.040297050769347025,1566.0
1664675880000.0,512523,1664675880000.0,0.20389705686678583,-0.00484728,1852.1272816581816,1852.5925386200063,-1.9,12.756,4.0,12.648685759543797,long_nclose,50.59474303817519,0.027317098311342016,517.0
1664676060000.0,512526,1664676060000.0,0.13950851259306402,-0.0033165600000000005,1852.2634736107746,1852.5640220600062,-1.3,12.756,2.7,12.648685759543797,long_nclose,34.15145155076826,0.01843768558702609,3.0
1664676180000.0,512528,1664676180000.0,0.09658281641058278,-0.0022960800000000003,1852.3577603471851,1852.5491259800062,-0.9,12.756,1.8,12.648685759543797,long_nclose,22.767634367178836,0.01229116472776378,2.0
1664676240000.0,512529,1664676240000.0,0.06438854427372184,-0.0015307200000000002,1852.420618171459,1852.5481952600064,-0.6,12.756,1.2,12.648685759543797,long_nclose,15.178422911452556,0.008193831769393343,1.0
1664676300000.0,512530,1664676300000.0,0.04292569618248124,-0.00102048,1852.4625233876413,1852.5395747800062,-0.4,12.756,0.8,12.648685759543797,long_nclose,10.118948607635039,0.005462430942532798,1.0
1664678040000.0,512559,1664678040000.0,0.02146284809124062,-0.00051024,1852.4834759957325,1852.5502645400063,-0.2,12.756,0.6,12.648685759543797,long_nclose,7.589211455726278,0.004096776869573416,29.0
1664678340000.0,512564,1664678340000.0,0.02146284809124062,-0.00051024,1852.5044286038237,1852.5509543000062,-0.2,12.756,0.4,12.648685759543797,long_nclose,5.059474303817519,0.0027311536888636164,5.0
1664689380000.0,512748,1664689380000.0,0.01073142404562031,-0.00025512,1852.5149049078693,1852.5422991800062,-0.1,12.756,0.3,12.648685759543797,long_nclose,3.794605727863139,0.002048353682774744,184.0
1664689500000.0,512750,1664689500000.0,0.01073142404562031,-0.00025512,1852.525381211915,1852.5486440600062,-0.1,12.756,0.2,12.648685759543797,long_nclose,2.5297371519087597,0.0013655613993551956,2.0
1664690040000.0,512759,1664690040000.0,0.01073142404562031,-0.00025512,1852.5358575159605,1852.5474889400061,-0.1,12.756,0.1,12.648685759543797,long_nclose,1.2648685759543798,0.0006827768384739523,9.0
1664705700000.0,513020,1664705700000.0,0.0,-0.014534799999999999,1852.5213227159604,1852.3324541400061,5.8,12.53,5.9,12.532011623043115,long_ientry_partial,73.93886857595439,0.039912560071132384,261.0
1664751900000.0,513790,1664751900000.0,0.0,-0.014904740000000001,1852.5064179759604,1851.103849400006,6.1,12.217,12.0,12.371880714662865,long_rentry,148.46256857595438,0.0801414597732751,770.0
1664754780000.0,513838,1664754780000.0,0.0,-0.014855200000000002,1852.4915627759603,1847.9709942000059,6.2,11.98,18.2,12.238382888788703,long_rentry,222.7385685759544,0.12023729179213126,48.0
1664761080000.0,513943,1664761080000.0,0.6217026672677868,-0.014810400000000001,1853.0984550432281,1854.094183800006,-6.0,12.342,12.2,12.238382888788703,long_nclose,149.30827124322215,0.08057222800919078,105.0
1664763120000.0,513977,1664763120000.0,0.4144684448451912,-0.009873600000000001,1853.5030498880733,1854.172310200006,-4.0,12.342,8.2,12.238382888788703,long_nclose,100.35473968806735,0.054143282739204254,34.0
1664782500000.0,514300,1664782500000.0,0.2797662002705041,-0.006664680000000002,1853.7761514083438,1854.417545520006,-2.7,12.342,5.5,12.238382888788703,long_nclose,67.31110588833786,0.036310266391765,323.0
1664798340000.0,514564,1664798340000.0,0.18651080018033603,-0.004443120000000001,1853.9582190885242,1854.334202400006,-1.8,12.342,3.7,12.238382888788703,long_nclose,45.282016688518205,0.024424507641159547,264.0
1664798400000.0,514565,1664798400000.0,0.12434053345355735,-0.00296208,1854.0795975419776,1854.2961403200059,-1.2,12.342,2.5,12.238382888788703,long_nclose,30.59595722197176,0.016501965321517997,1.0
1664798460000.0,514566,1664798460000.0,0.08289368896903825,-0.0019747200000000006,1854.1605165109468,1854.341765600006,-0.8,12.342,1.7,12.238382888788703,long_nclose,20.805250910940796,0.011220846698909827,1.0
1664798640000.0,514569,1664798640000.0,0.0518085556056489,-0.0012342000000000002,1854.2110908665525,1854.345031400006,-0.5,12.342,1.2,12.238382888788703,long_nclose,14.686059466546443,0.007920381632321602,3.0
1664800380000.0,514598,1664800380000.0,0.04144684448451912,-0.0009873600000000003,1854.251550351037,1854.332844040006,-0.4,12.342,0.8,12.238382888788703,long_nclose,9.790706311030963,0.005280139207205969,29.0
1664801100000.0,514610,1664801100000.0,0.02072342224225956,-0.0004936800000000001,1854.2717800932792,1854.3477503600059,-0.2,12.342,0.6,12.238382888788703,long_nclose,7.343029733273221,0.003960061201440401,12.0
1664806080000.0,514693,1664806080000.0,0.1024851333633892,-0.0007548,1854.3735104266425,1854.466995560006,-0.3,12.58,0.3,12.238382888788703,long_nclose,3.6715148666366106,0.001979921976879346,83.0
1664807220000.0,514712,1664807220000.0,0.034161711121129736,-0.0002516,1854.4074205377638,1854.476743960006,-0.1,12.58,0.2,12.238382888788703,long_nclose,2.4476765777577407,0.0013199238477205476,19.0
1664807400000.0,514715,1664807400000.0,0.034161711121129736,-0.0002516,1854.441330648885,1854.476992360006,-0.1,12.58,0.1,12.238382888788703,long_nclose,1.2238382888788704,0.0006599498558687963,3.0
1664807580000.0,514718,1664807580000.0,0.034161711121129736,-0.0002516,1854.4752407600063,1854.4752407600063,-0.1,12.58,0.0,12.238382888788703,long_nclose,0.0,0.0,3.0
1664958120000.0,517227,1664958120000.0,0.0,-0.01479696,1854.4604438000063,1854.5706438000063,5.8,12.756,5.8,12.756,long_ientry_normal,73.98479999999999,0.03989559348507671,2509.0
1664959080000.0,517243,1664959080000.0,0.20520000000000102,-0.004888320000000001,1854.6607554800064,1855.0663554800065,-1.9,12.864,3.9,12.756,long_nclose,49.7484,0.026823449977580707,16.0
1664959740000.0,517254,1664959740000.0,0.14040000000000072,-0.0033446400000000007,1854.7978108400064,1855.0812108400064,-1.3,12.864,2.6,12.756,long_nclose,33.165600000000005,0.01788097861997145,11.0
1664959920000.0,517257,1664959920000.0,0.08640000000000043,-0.0020582400000000002,1854.8821526000063,1855.0783526000064,-0.8,12.864,1.8,12.756,long_nclose,22.960800000000003,0.012378576163351201,3.0
1664960160000.0,517261,1664960160000.0,0.06480000000000032,-0.00154368,1854.9454089200065,1855.0642089200064,-0.6,12.864,1.2,12.756,long_nclose,15.3072,0.00825210269067283,4.0
1664961000000.0,517275,1664961000000.0,0.04320000000000022,-0.0010291200000000001,1854.9875798000064,1855.0787798000065,-0.4,12.864,0.8,12.756,long_nclose,10.2048,0.0055012767261224576,14.0
1664961240000.0,517279,1664961240000.0,0.02160000000000011,-0.0005145600000000001,1855.0086652400064,1855.0710652400064,-0.2,12.864,0.6,12.756,long_nclose,7.6536,0.004125910645818873,4.0
1664961360000.0,517281,1664961360000.0,0.02160000000000011,-0.0005145600000000001,1855.0297506800064,1855.0713506800064,-0.2,12.864,0.4,12.756,long_nclose,5.1024,0.00275057583207471,2.0
1664961420000.0,517282,1664961420000.0,0.010800000000000054,-0.00025728000000000003,1855.0402934000065,1855.0729934000065,-0.1,12.864,0.3,12.756,long_nclose,3.8268,0.00206292014982923,1.0
1664962020000.0,517292,1664962020000.0,0.010800000000000054,-0.00025728000000000003,1855.0508361200066,1855.0706361200066,-0.1,12.864,0.2,12.756,long_nclose,2.5512,0.001375272283823794,10.0
1664962140000.0,517294,1664962140000.0,0.010800000000000054,-0.00025728000000000003,1855.0613788400067,1855.0717788400066,-0.1,12.864,0.1,12.756,long_nclose,1.2756,0.0006876322339251378,2.0
1664962200000.0,517295,1664962200000.0,0.010800000000000054,-0.00025728000000000003,1855.0719215600068,1855.0719215600068,-0.1,12.864,0.0,12.756,long_nclose,0.0,0.0,1.0
1664970360000.0,517431,1664970360000.0,0.0,-0.014958860000000003,1855.0569627000068,1855.1336627000069,5.9,12.677,5.9,12.677,long_ientry_normal,74.7943,0.04031913925227291,136.0
1664971200000.0,517445,1664971200000.0,0.20330000000000206,-0.00485792,1855.2554047800068,1855.6874047800068,-1.9,12.784,4.0,12.677,long_nclose,50.708,0.02733208585155038,14.0
1664971440000.0,517449,1664971440000.0,0.13910000000000142,-0.0033238400000000006,1855.391180940007,1855.669280940007,-1.3,12.784,2.7,12.677,long_nclose,34.2279,0.018447807854006792,4.0
1664971500000.0,517450,1664971500000.0,0.09630000000000098,-0.0023011200000000002,1855.4851798200068,1855.688579820007,-0.9,12.784,1.8,12.677,long_nclose,22.8186,0.012297915525368703,1.0
1664971740000.0,517454,1664971740000.0,0.06420000000000066,-0.00153408,1855.5478457400068,1855.6774457400068,-0.6,12.784,1.2,12.677,long_nclose,15.212399999999999,0.008198333465194576,4.0
1664973240000.0,517479,1664973240000.0,0.04280000000000044,-0.0010227200000000002,1855.5896230200067,1855.6800230200067,-0.4,12.784,0.8,12.677,long_nclose,10.1416,0.005465432590366806,25.0
1664974680000.0,517503,1664974680000.0,0.02140000000000022,-0.0005113600000000001,1855.6105116600068,1855.6813116600067,-0.2,12.784,0.6,12.677,long_nclose,7.606199999999999,0.004099028299422374,24.0
1664975340000.0,517514,1664975340000.0,0.02140000000000022,-0.0005113600000000001,1855.6314003000068,1855.6706003000068,-0.2,12.784,0.4,12.677,long_nclose,5.0708,0.002732654771405671,11.0
1664976780000.0,517538,1664976780000.0,0.01070000000000011,-0.00025568000000000005,1855.6418446200069,1855.669744620007,-0.1,12.784,0.3,12.677,long_nclose,3.8030999999999997,0.002049479543170567,24.0
1664977260000.0,517546,1664977260000.0,0.0,-0.014138880000000001,1855.6277057400068,1855.9422057400068,5.6,12.624,5.9,12.626694915254237,long_ientry_partial,74.4975,0.04014679225232364,8.0
1664977680000.0,517553,1664977680000.0,0.20197966101695,-0.00483854,1855.8248468610238,1856.1780672000068,-1.9,12.733,4.0,12.626694915254237,long_nclose,50.50677966101695,0.027215272899511526,7.0
1664978160000.0,517561,1664978160000.0,0.1381966101694921,-0.0033105800000000005,1855.9597328911932,1856.2251566200068,-1.3,12.733,2.7,12.626694915254237,long_nclose,34.09207627118644,0.01836897410380676,8.0
1664978280000.0,517563,1664978280000.0,0.09567457627118685,-0.0022919400000000006,1856.0531155274643,1856.2390646800068,-0.9,12.733,1.8,12.626694915254237,long_nclose,22.728050847457627,0.012245366610102984,2.0
1664978340000.0,517564,1664978340000.0,0.0637830508474579,-0.00152796,1856.1153706183118,1856.2453367200067,-0.6,12.733,1.2,12.626694915254237,long_nclose,15.152033898305085,0.00816330392935522,1.0
1664981040000.0,517609,1664981040000.0,0.04252203389830527,-0.0010186400000000001,1856.15687401221,1856.2435180800067,-0.4,12.733,0.8,12.626694915254237,long_nclose,10.10135593220339,0.005442080932722361,45.0
1664981220000.0,517612,1664981220000.0,0.021261016949152636,-0.0005093200000000001,1856.1776257091592,1856.2396087600066,-0.2,12.733,0.6,12.626694915254237,long_nclose,7.576016949152542,0.00408151506850434,3.0
1664984160000.0,517661,1664984160000.0,0.021261016949152636,-0.0005093200000000001,1856.1983774061084,1856.2376994400067,-0.2,12.733,0.4,12.626694915254237,long_nclose,5.050677966101695,0.0027209796256581265,49.0
1664984220000.0,517662,1664984220000.0,0.010630508474576318,-0.00025466000000000003,1856.208753254583,1856.2442447800067,-0.1,12.733,0.3,12.626694915254237,long_nclose,3.788008474576271,0.002040723311930605,1.0
1665008640000.0,518069,1665008640000.0,0.035230508474576185,-0.00025958000000000003,1856.2437241830576,1856.3153852000066,-0.1,12.979,0.2,12.626694915254237,long_nclose,2.5253389830508475,0.0013604565769843948,407.0
1665008880000.0,518073,1665008880000.0,0.035230508474576185,-0.00025958000000000003,1856.2786951115322,1856.3140256200068,-0.1,12.979,0.1,12.626694915254237,long_nclose,1.2626694915254237,0.0006802154734903952,4.0
1665009000000.0,518075,1665009000000.0,0.035230508474576185,-0.00025958000000000003,1856.3136660400069,1856.3136660400069,-0.1,12.979,0.0,12.626694915254237,long_nclose,0.0,0.0,2.0
1665093360000.0,519481,1665093360000.0,0.0,-0.01492688,1856.2987391600068,1856.5713391600068,5.8,12.868,5.8,12.868,long_ientry_normal,74.6344,0.040206028493976566,1406.0
1665093900000.0,519490,1665093900000.0,0.20709999999999995,-0.00493126,1856.500907900007,1856.781707900007,-1.9,12.977,3.9,12.868,long_nclose,50.1852,0.027032144065454466,9.0
1665094740000.0,519504,1665094740000.0,0.1417,-0.00337402,1856.639233880007,1856.943433880007,-1.3,12.977,2.6,12.868,long_nclose,33.4568,0.018020086718776238,14.0
1665094860000.0,519506,1665094860000.0,0.0872,-0.0020763200000000004,1856.7243575600069,1856.907957560007,-0.8,12.977,1.8,12.868,long_nclose,23.1624,0.012474872700242164,2.0
1665095880000.0,519523,1665095880000.0,0.06539999999999999,-0.00155724,1856.7882003200068,1856.9286003200068,-0.6,12.977,1.2,12.868,long_nclose,15.4416,0.008316295847495546,17.0
1665096060000.0,519526,1665096060000.0,0.0436,-0.0010381600000000002,1856.8307621600068,1856.9203621600068,-0.4,12.977,0.8,12.868,long_nclose,10.294400000000001,0.005544070148872788,3.0
1665098220000.0,519562,1665098220000.0,0.0218,-0.0005190800000000001,1856.8520430800068,1856.9132430800069,-0.2,12.977,0.6,12.868,long_nclose,7.7208,0.0041580049572465215,36.0
1665099000000.0,519575,1665099000000.0,0.0218,-0.0005190800000000001,1856.8733240000067,1856.9161240000067,-0.2,12.977,0.4,12.868,long_nclose,5.147200000000001,0.0027719715359538345,13.0
1665099060000.0,519576,1665099060000.0,0.0109,-0.00025954000000000005,1856.8839644600068,1856.9160644600067,-0.1,12.977,0.3,12.868,long_nclose,3.8604,0.002078966738841233,1.0
1665099120000.0,519577,1665099120000.0,0.0109,-0.00025954000000000005,1856.894604920007,1856.916004920007,-0.1,12.977,0.2,12.868,long_nclose,2.5736000000000003,0.0013859698839024136,1.0
1665099240000.0,519579,1665099240000.0,0.0109,-0.00025954000000000005,1856.905245380007,1856.9184453800071,-0.1,12.977,0.1,12.868,long_nclose,1.2868000000000002,0.0006929809710008453,2.0
1665100380000.0,519598,1665100380000.0,0.0109,-0.00025954000000000005,1856.9158858400071,1856.9158858400071,-0.1,12.977,0.0,12.868,long_nclose,0.0,0.0,19.0
1665145800000.0,520355,1665145800000.0,0.0,-0.014764480000000002,1856.9011213600072,1857.3767213600072,5.8,12.728,5.8,12.728,long_ientry_normal,73.8224,0.039755697894097865,757.0
1665145920000.0,520357,1665145920000.0,0.20520000000000102,-0.0048776800000000006,1857.1014436800074,1857.5577436800074,-1.9,12.836,3.9,12.728,long_nclose,49.639199999999995,0.02672939605368871,2.0
1665146040000.0,520359,1665146040000.0,0.14040000000000072,-0.0033373600000000006,1857.2385063200074,1857.4647063200075,-1.3,12.836,2.6,12.728,long_nclose,33.092800000000004,0.017818282297824607,2.0
1665146160000.0,520361,1665146160000.0,0.08640000000000043,-0.0020537600000000004,1857.3228525600073,1857.4254525600072,-0.8,12.836,1.8,12.728,long_nclose,22.9104,0.012335173698219383,2.0
1665146820000.0,520372,1665146820000.0,0.0,-0.0101728,1857.3126797600073,1857.3142797600074,4.0,12.716,5.8,12.719724137931035,long_ientry_partial,73.7744,0.03972104471366273,11.0
1665148380000.0,520398,1665148380000.0,0.2038241379310337,-0.00487426,1857.5116296379383,1857.9612055000073,-1.9,12.827,3.9,12.719724137931035,long_nclose,49.60692413793103,0.026706117661077736,26.0
1665149400000.0,520415,1665149400000.0,0.13945862068965464,-0.00333502,1857.6477532386282,1857.9084704800075,-1.3,12.827,2.6,12.719724137931035,long_nclose,33.07128275862069,0.01780277380411013,17.0
1665149580000.0,520418,1665149580000.0,0.08582068965517209,-0.0020523200000000003,1857.7315216082832,1857.9570181600072,-0.8,12.827,1.8,12.719724137931035,long_nclose,22.895503448275864,0.012324441493275988,3.0
1665151680000.0,520453,1665151680000.0,0.06436551724137907,-0.0015392399999999999,1857.7943478855245,1857.9206789200073,-0.6,12.827,1.2,12.719724137931035,long_nclose,15.26366896551724,0.008216016472915748,35.0
1665151740000.0,520454,1665151740000.0,0.042910344827586044,-0.0010261600000000001,1857.836232070352,1857.9324527600072,-0.4,12.827,0.8,12.719724137931035,long_nclose,10.17577931034483,0.00547722083071071,1.0
1665153060000.0,520476,1665153060000.0,0.021455172413793022,-0.0005130800000000001,1857.857174162766,1857.9263396800072,-0.2,12.827,0.6,12.719724137931035,long_nclose,7.63183448275862,0.004107869317886543,22.0
1665153240000.0,520479,1665153240000.0,0.021455172413793022,-0.0005130800000000001,1857.8781162551797,1857.9182266000073,-0.2,12.827,0.4,12.719724137931035,long_nclose,5.087889655172415,0.0027385486758559744,3.0
1665153600000.0,520485,1665153600000.0,0.010727586206896511,-0.00025654000000000003,1857.8885873013867,1857.9216700600073,-0.1,12.827,0.3,12.719724137931035,long_nclose,3.81591724137931,0.002053899931062062,6.0
1665153780000.0,520488,1665153780000.0,0.010727586206896511,-0.00025654000000000003,1857.8990583475936,1857.9191135200074,-0.1,12.827,0.2,12.719724137931035,long_nclose,2.5439448275862073,0.001369258903575084,3.0
1665153840000.0,520489,1665153840000.0,0.010727586206896511,-0.00025654000000000003,1857.9095293938005,1857.9215569800074,-0.1,12.827,0.1,12.719724137931035,long_nclose,1.2719724137931037,0.0006846255932645565,1.0
1665156000000.0,520525,1665156000000.0,0.010727586206896511,-0.00025654000000000003,1857.9200004400075,1857.9200004400075,-0.1,12.827,0.0,12.719724137931035,long_nclose,0.0,0.0,36.0
1665389760000.0,524421,1665389760000.0,0.0,-0.014965160000000002,1857.9050352800075,1857.9572352800076,5.8,12.901,5.8,12.901,long_ientry_normal,74.8258,0.040274286671881966,3896.0
1665439560000.0,525251,1665439560000.0,0.0,-0.014839680000000003,1857.8901956000075,1855.3499956000076,5.9,12.576,11.7,12.737111111111112,long_rentry,149.0242,0.08021152183962761,830.0
1665439620000.0,525252,1665439620000.0,0.0,-0.014799600000000001,1857.8753960000074,1854.7756960000074,6.0,12.333,17.7,12.600124293785312,long_rentry,223.0222,0.12004152726289676,1.0
1665447120000.0,525377,1665447120000.0,0.0,-0.021087059999999998,1857.8543089400075,1848.7048089400075,8.7,12.119,26.4,12.44157196969697,long_rentry,328.4575,0.17679400285558466,125.0
1665594240000.0,527829,1665594240000.0,0.0,-0.030575580000000005,1857.8237333600075,1843.1758333600076,12.9,11.851,39.3,12.247720101781171,long_rentry,481.3354,0.2590856125674907,2452.0
1665626880000.0,528373,1665626880000.0,0.0,-0.04439772000000001,1857.7793356400075,1826.3043356400074,19.3,11.502,58.6,12.002116040955633,long_rentry,703.3240000000001,0.37858317535742425,544.0
1665646440000.0,528699,1665646440000.0,0.0,-0.06335812,1857.7159775200075,1805.7583775200073,28.7,11.038,87.3,11.685161512027493,long_rentry,1020.1146000000001,0.5491230157592879,326.0
1665711420000.0,529782,1665711420000.0,2.8761999999999683,-0.06858288000000001,1860.5235946400076,1865.7521946400075,-29.1,11.784,58.2,11.685161512027493,long_nclose,680.0764000000001,0.36552957563087934,1083.0
1665711480000.0,529783,1665711480000.0,1.9174666666666453,-0.04572192,1862.395339386674,1865.1050727200075,-19.4,11.784,38.8,11.685161512027493,long_nclose,453.3842666666667,0.24344147404061678,1.0
1665711540000.0,529784,1665711540000.0,1.2750164948453466,-0.030402720000000008,1863.6399531615195,1866.3552700000075,-12.9,11.784,25.9,11.685161512027493,long_nclose,302.64568316151207,0.16239493183653705,1.0
1665711840000.0,529789,1665711840000.0,0.8500109965635644,-0.020268480000000002,1864.469695678083,1867.1484015200074,-8.6,11.784,17.3,11.685161512027493,long_nclose,202.15329415807565,0.10842401709541069,5.0
1665718440000.0,529899,1665718440000.0,2.8022109965635518,-0.020658919999999997,1867.2512477546468,1870.3383426000075,-8.6,12.011,8.7,11.685161512027493,long_nclose,101.66090515463918,0.054444149000776154,110.0
1665718800000.0,529905,1665718800000.0,1.4011054982817759,-0.010329459999999999,1868.6420237929285,1870.1153131400076,-4.3,12.011,4.4,11.685161512027493,long_nclose,51.414710652920974,0.0275144784277946,6.0
1665721320000.0,529947,1665721320000.0,0.7168446735395133,-0.00528484,1869.353583626468,1870.0352283000075,-2.2,12.011,2.2,11.685161512027493,long_nclose,25.707355326460487,0.013752002591499725,42.0
1665721380000.0,529948,1665721380000.0,0.35842233676975666,-0.00264242,1869.7093635432377,1870.0721858800075,-1.1,12.011,1.1,11.685161512027493,long_nclose,12.853677663230243,0.0068746928874932585,1.0
1665725700000.0,530020,1665725700000.0,0.16291924398625302,-0.0012011,1869.871081687224,1870.0629847800076,-0.5,12.011,0.6,11.685161512027493,long_nclose,7.011096907216496,0.0037495081751252263,72.0
1665725760000.0,530021,1665725760000.0,0.0977515463917518,-0.0007206599999999999,1869.9681125736156,1870.0745641200074,-0.3,12.011,0.3,11.685161512027493,long_nclose,3.505548453608248,0.0018746568083364812,1.0
1665732480000.0,530133,1665732480000.0,0.032583848797250604,-0.00024022000000000003,1870.0004562024128,1870.0644239000073,-0.1,12.011,0.2,11.685161512027493,long_nclose,2.3370323024054986,0.001249749589447444,112.0
1665735120000.0,530177,1665735120000.0,0.032583848797250604,-0.00024022000000000003,1870.03279983121,1870.0657836800074,-0.1,12.011,0.1,11.685161512027493,long_nclose,1.1685161512027493,0.000624863987042484,44.0
1665740760000.0,530271,1665740760000.0,0.032583848797250604,-0.00024022000000000003,1870.0651434600072,1870.0651434600072,-0.1,12.011,0.0,11.685161512027493,long_nclose,0.0,0.0,94.0
1665774960000.0,530841,1665774960000.0,0.0,-0.01489664,1870.0502468200073,1870.0310468200073,6.4,11.638,6.4,11.638,long_ientry_normal,74.4832,0.03982951801784876,570.0
1665792360000.0,531131,1665792360000.0,0.2058000000000016,-0.00492912,1870.2511177000072,1870.6897177000071,-2.1,11.736,4.3,11.638,long_nclose,50.0434,0.026757583260552865,290.0
1665792480000.0,531133,1665792480000.0,0.13720000000000104,-0.00328608,1870.385031620007,1870.6808316200072,-1.4,11.736,2.9,11.638,long_nclose,33.7502,0.018044519940778048,2.0
1665801180000.0,531278,1665801180000.0,0.08820000000000068,-0.0021124800000000003,1870.471119140007,1870.665119140007,-0.9,11.736,2.0,11.638,long_nclose,23.276,0.012443923759005531,145.0
1665801240000.0,531279,1665801240000.0,0.05880000000000045,-0.00140832,1870.5285108200069,1870.6783108200068,-0.6,11.736,1.4,11.638,long_nclose,16.2932,0.008710479367597206,1.0
1665801540000.0,531284,1665801540000.0,0.039200000000000304,-0.0009388800000000002,1870.566771940007,1870.658771940007,-0.4,11.736,1.0,11.638,long_nclose,11.638,0.006221643714931367,5.0
1665806520000.0,531367,1665806520000.0,0.029400000000000225,-0.00070416,1870.5954677800069,1870.666867780007,-0.3,11.736,0.7,11.638,long_nclose,8.1466,0.00435508379033349,83.0
1665824040000.0,531659,1665824040000.0,0.0,-0.013292439999999999,1870.5821753400069,1870.528375340007,5.8,11.459,6.5,11.478276923076923,long_ientry_partial,74.6088,0.03988533675963138,292.0
1665834720000.0,531837,1665834720000.0,0.20311846153846105,-0.0048615,1870.7804323015453,1871.2060138400068,-2.1,11.575,4.4,11.478276923076923,long_nclose,50.504418461538464,0.026996443617600237,178.0
1665834780000.0,531838,1665834780000.0,0.13541230769230736,-0.003241,1870.9126036092377,1871.157772840007,-1.4,11.575,3.0,11.478276923076923,long_nclose,34.43483076923077,0.01840536575722534,1.0
1665836880000.0,531873,1665836880000.0,0.09672307692307669,-0.002315,1871.007011686161,1871.2204578400072,-1.0,11.575,2.0,11.478276923076923,long_nclose,22.956553846153845,0.012269624700906537,35.0
1665838140000.0,531894,1665838140000.0,0.05803384615384601,-0.001389,1871.0636565323148,1871.1990688400072,-0.6,11.575,1.4,11.478276923076923,long_nclose,16.069587692307692,0.008588477273985337,21.0
1665838200000.0,531895,1665838200000.0,0.03868923076923068,-0.0009260000000000001,1871.101419763084,1871.203142840007,-0.4,11.575,1.0,11.478276923076923,long_nclose,11.478276923076923,0.0061345028130705415,1.0
1665842220000.0,531962,1665842220000.0,0.029016923076923006,-0.0006945,1871.129742186161,1871.207948340007,-0.3,11.575,0.7,11.478276923076923,long_nclose,8.034793846153846,0.004294086970562651,67.0
1665844500000.0,532000,1665844500000.0,0.01934461538461534,-0.00046300000000000003,1871.1486238015455,1871.204485340007,-0.2,11.575,0.5,11.478276923076923,long_nclose,5.739138461538461,0.0030671740280461845,38.0
1665845280000.0,532013,1665845280000.0,0.00967230769230767,-0.00023150000000000002,1871.1580646092377,1871.202753840007,-0.1,11.575,0.4,11.478276923076923,long_nclose,4.591310769230769,0.002453726842253486,13.0
1665845460000.0,532016,1665845460000.0,0.00967230769230767,-0.00023150000000000002,1871.16750541693,1871.199522340007,-0.1,11.575,0.3,11.478276923076923,long_nclose,3.443483076923077,0.0018402858466462127,3.0
1665845580000.0,532018,1665845580000.0,0.00967230769230767,-0.00023150000000000002,1871.1769462246223,1871.196290840007,-0.1,11.575,0.2,11.478276923076923,long_nclose,2.2956553846153844,0.0012268510411306693,2.0
1665845640000.0,532019,1665845640000.0,0.00967230769230767,-0.00023150000000000002,1871.1863870323145,1871.1965593400068,-0.1,11.575,0.1,11.478276923076923,long_nclose,1.1478276923076922,0.0006134224256131625,1.0
1665846120000.0,532027,1665846120000.0,0.00967230769230767,-0.00023150000000000002,1871.1958278400068,1871.1958278400068,-0.1,11.575,0.0,11.478276923076923,long_nclose,0.0,0.0,8.0
1666119000000.0,536575,1666119000000.0,0.0,-0.01508956,1871.1807382800068,1871.0939382800068,6.2,12.169,6.2,12.169,long_ientry_normal,75.4478,0.04032095802212659,4548.0
1666121460000.0,536616,1666121460000.0,0.20599999999999952,-0.0049088000000000005,1871.3818294800067,1871.8060294800066,-2.0,12.272,4.2,12.169,long_nclose,51.10980000000001,0.02731126229552078,41.0
1666121520000.0,536617,1666121520000.0,0.14419999999999966,-0.0034361599999999997,1871.5225933200065,1871.8053933200065,-1.4,12.272,2.8,12.169,long_nclose,34.0732,0.018206138745862268,1.0
1666121580000.0,536618,1666121580000.0,0.09269999999999978,-0.0022089600000000003,1871.6130843600065,1871.8144843600064,-0.9,12.272,1.9,12.169,long_nclose,23.1211,0.012353568263232249,1.0
1666121760000.0,536621,1666121760000.0,0.061799999999999855,-0.00147264,1871.6734117200065,1871.8047117200065,-0.6,12.272,1.3,12.169,long_nclose,15.819700000000001,0.008452169006056573,3.0
1666121820000.0,536622,1666121820000.0,0.0411999999999999,-0.0009817600000000001,1871.7136299600063,1871.8090299600062,-0.4,12.272,0.9,12.169,long_nclose,10.952100000000002,0.005851375886082541,1.0
1666124940000.0,536674,1666124940000.0,0.13559999999999947,-0.00100064,1871.8482293200063,1872.0187293200063,-0.4,12.508,0.5,12.169,long_nclose,6.0845,0.0032505306278011333,52.0
1666125420000.0,536682,1666125420000.0,0.06779999999999974,-0.00050032,1871.9155290000065,1872.0148290000066,-0.2,12.508,0.3,12.169,long_nclose,3.6507,0.0019502482582375049,8.0
1666125600000.0,536685,1666125600000.0,0.03389999999999987,-0.00025016,1871.9491788400064,1872.0193788400065,-0.1,12.508,0.2,12.169,long_nclose,2.4338,0.0013001421339377155,3.0
1666125960000.0,536691,1666125960000.0,0.11519999999999975,-0.0005098,1872.0638690400065,1872.0638690400065,-0.2,12.745,0.0,12.169,long_nclose,0.0,0.0,6.0
1666214880000.0,538173,1666214880000.0,0.0,-0.014906040000000002,1872.0489630000066,1871.9497630000064,6.2,12.021,6.2,12.021,long_ientry_normal,74.53020000000001,0.03981209972230825,1482.0
1666223280000.0,538313,1666223280000.0,0.0,-0.01500032,1872.0339626800067,1870.0481626800067,6.4,11.719,12.6,11.867603174603175,long_rentry,149.5318,0.07987664913190466,140.0
1666263240000.0,538979,1666263240000.0,0.4216666666666633,-0.01005312,1872.4455762266732,1873.3477095600065,-4.2,11.968,8.4,11.867603174603175,long_nclose,99.68786666666668,0.05323939340739415,666.0
1666263840000.0,538989,1666263840000.0,0.28111111111110887,-0.00670208,1872.7199852577844,1873.3214074800067,-2.8,11.968,5.6,11.867603174603175,long_nclose,66.45857777777778,0.0354877281712939,10.0
1666268580000.0,539068,1666268580000.0,0.18071428571428427,-0.00430848,1872.8963910634986,1873.1904990000066,-1.8,11.968,3.8,11.867603174603175,long_nclose,45.096892063492064,0.02407869024611896,79.0
1666269060000.0,539076,1666269060000.0,0.12047619047618952,-0.00287232,1873.0139949339748,1873.2542266800065,-1.2,11.968,2.6,11.867603174603175,long_nclose,30.855768253968257,0.01647385889129779,8.0
1666269120000.0,539077,1666269120000.0,0.08031746031745968,-0.0019148800000000003,1873.0923975142923,1873.2137118000066,-0.8,11.968,1.8,11.867603174603175,long_nclose,21.361685714285716,0.01140450185086116,1.0
1666281660000.0,539286,1666281660000.0,0.0,-0.01074468,1873.0816528342923,1872.8765671200065,4.6,11.679,6.4,11.732044642857142,long_ientry_partial,75.08508571428571,0.040086392176587264,209.0
1666289340000.0,539414,1666289340000.0,0.0,-0.015096839999999999,1873.0665559942922,1871.2822702800065,6.6,11.437,13.0,11.582252747252745,long_rentry,150.56928571428568,0.08038651121735393,128.0
1666311780000.0,539788,1666311780000.0,0.0,-0.0150281,1873.0515278942921,1868.0802421800065,6.7,11.215,19.7,11.457349528643944,long_rentry,225.7097857142857,0.1205037781144395,374.0
1666341540000.0,540284,1666341540000.0,0.0,-0.02137686,1873.0301510342922,1865.0120653200065,9.7,11.019,29.4,11.312724003887269,long_rentry,332.59408571428565,0.17757006502571585,496.0
1666367880000.0,540723,1666367880000.0,0.9337047619047635,-0.02235968,1873.941496116197,1876.3381056400065,-9.8,11.408,19.6,11.312724003887269,long_nclose,221.72939047619047,0.118322472145332,439.0
1666368780000.0,540738,1666368780000.0,0.6192939747327513,-0.0148304,1874.5459596909297,1875.5582752400067,-6.5,11.408,13.1,11.312724003887269,long_nclose,148.19668445092321,0.07905737583268296,15.0
1666368840000.0,540739,1666368840000.0,0.4096867832847431,-0.00981088,1874.9458355942145,1875.7138643600065,-4.3,11.408,8.8,11.312724003887269,long_nclose,99.55197123420797,0.05309591847631033,1.0
1666368900000.0,540740,1666368900000.0,0.2763003887269198,-0.00661664,1875.2155193429414,1875.7599477200065,-2.9,11.408,5.9,11.312724003887269,long_nclose,66.74507162293489,0.03559328031069291,1.0
1666368960000.0,540741,1666368960000.0,0.18102439261418882,-0.004335039999999999,1875.3922086955558,1875.7813126800067,-1.9,11.408,4.0,11.312724003887269,long_nclose,45.250896015549074,0.024128764002396972,1.0
1666369440000.0,540749,1666369440000.0,0.12385879494655026,-0.00296608,1875.5131014105023,1875.7757466000066,-1.3,11.408,2.7,11.312724003887269,long_nclose,30.544354810495626,0.01628586587186428,8.0
1666369680000.0,540753,1666369680000.0,0.08574839650145787,-0.0020534399999999997,1875.5967963670037,1875.7628931600066,-0.9,11.408,1.8,11.312724003887269,long_nclose,20.362903206997085,0.010856759430619445,4.0
1666369740000.0,540754,1666369740000.0,0.057165597667638575,-0.00136896,1875.6525930046712,1875.7453242000065,-0.6,11.408,1.2,11.312724003887269,long_nclose,13.575268804664722,0.007237624310223697,1.0
1666369800000.0,540755,1666369800000.0,0.03811039844509239,-0.00091264,1875.6897907631162,1875.7676115600063,-0.4,11.408,0.8,11.312724003887269,long_nclose,9.050179203109815,0.0048249871848093755,1.0
1666369920000.0,540757,1666369920000.0,0.019055199222546195,-0.00045632,1875.7083896423387,1875.7637552400063,-0.2,11.408,0.6,11.312724003887269,long_nclose,6.787634402332361,0.003618704506422041,2.0
1666369980000.0,540758,1666369980000.0,0.019055199222546195,-0.00045632,1875.7269885215612,1875.7638989200063,-0.2,11.408,0.4,11.312724003887269,long_nclose,4.525089601554908,0.0024124457499657566,1.0
1666370040000.0,540759,1666370040000.0,0.009527599611273098,-0.00022816,1875.7362879611726,1875.7654707600063,-0.1,11.408,0.3,11.312724003887269,long_nclose,3.3938172011661805,0.001809325342239384,1.0
1666370220000.0,540762,1666370220000.0,0.009527599611273098,-0.00022816,1875.745587400784,1875.7690426000065,-0.1,11.408,0.2,11.312724003887269,long_nclose,2.262544800777454,0.00120621091472893,3.0
1666370880000.0,540773,1666370880000.0,0.009527599611273098,-0.00022816,1875.7548868403953,1875.7636144400067,-0.1,11.408,0.1,11.312724003887269,long_nclose,1.131272400388727,0.0006031024673454496,11.0
1666370940000.0,540774,1666370940000.0,0.009527599611273098,-0.00022816,1875.7641862800067,1875.7641862800067,-0.1,11.408,0.0,11.312724003887269,long_nclose,0.0,0.0,1.0
1666523460000.0,543316,1666523460000.0,0.0,-0.01510212,1875.7490841600068,1875.9734841600068,6.6,11.441,6.6,11.441,long_ientry_normal,75.5106,0.0402562371682111,2542.0
1666526700000.0,543370,1666526700000.0,0.21339999999999898,-0.005076720000000001,1875.9574074400068,1876.3490074400067,-2.2,11.538,4.4,11.441,long_nclose,50.34040000000001,0.026834511167658212,54.0
1666528200000.0,543395,1666528200000.0,0.13579999999999934,-0.00323064,1876.0899768000068,1876.4319768000069,-1.4,11.538,3.0,11.441,long_nclose,34.323,0.01829496475352625,25.0
1666529280000.0,543413,1666529280000.0,0.09699999999999953,-0.0023076000000000004,1876.1846692000067,1876.3826692000068,-1.0,11.538,2.0,11.441,long_nclose,22.882,0.012196027595597368,18.0
1666529400000.0,543415,1666529400000.0,0.05819999999999972,-0.00138456,1876.2414846400068,1876.3940846400067,-0.6,11.538,1.4,11.441,long_nclose,16.0174,0.008536960796959057,2.0
1666530480000.0,543433,1666530480000.0,0.038799999999999814,-0.0009230400000000002,1876.2793616000067,1876.3833616000068,-0.4,11.538,1.0,11.441,long_nclose,11.441,0.006097706042155487,18.0
1666530780000.0,543438,1666530780000.0,0.02909999999999986,-0.00069228,1876.3077693200066,1876.3770693200067,-0.3,11.538,0.7,11.441,long_nclose,8.0087,0.004268329605063905,5.0
1666531560000.0,543451,1666531560000.0,0.019399999999999907,-0.0004615200000000001,1876.3267078000065,1876.3687078000064,-0.2,11.538,0.5,11.441,long_nclose,5.7205,0.0030487760879912475,13.0
1666531620000.0,543452,1666531620000.0,0.009699999999999953,-0.00023076000000000005,1876.3361770400065,1876.3757770400066,-0.1,11.538,0.4,11.441,long_nclose,4.5764000000000005,0.002439008561471884,1.0
1666531860000.0,543456,1666531860000.0,0.009699999999999953,-0.00023076000000000005,1876.3456462800066,1876.3738462800065,-0.1,11.538,0.3,11.441,long_nclose,3.4323,0.0018292471895062553,4.0
1666531920000.0,543457,1666531920000.0,0.009699999999999953,-0.00023076000000000005,1876.3551155200066,1876.3709155200065,-0.1,11.538,0.2,11.441,long_nclose,2.2882000000000002,0.001219491972001183,1.0
1666532700000.0,543470,1666532700000.0,0.009699999999999953,-0.00023076000000000005,1876.3645847600067,1876.3754847600067,-0.1,11.538,0.1,11.441,long_nclose,1.1441000000000001,0.0006097429088634895,13.0
1666533060000.0,543476,1666533060000.0,0.009699999999999953,-0.00023076000000000005,1876.3740540000067,1876.3740540000067,-0.1,11.538,0.0,11.441,long_nclose,0.0,0.0,6.0
1666621440000.0,544949,1666621440000.0,0.0,-0.015085199999999998,1876.3589688000068,1876.3654688000067,6.5,11.604,6.5,11.604,long_ientry_normal,75.42599999999999,0.04019806511130298,1473.0
1666623060000.0,544976,1666623060000.0,0.2058000000000016,-0.00491484,1876.5598539600066,1876.9602539600066,-2.1,11.702,4.4,11.604,long_nclose,51.0576,0.027208084992469492,27.0
1666623120000.0,544977,1666623120000.0,0.13720000000000104,-0.00327656,1876.6937774000066,1876.9817774000066,-1.4,11.702,3.0,11.604,long_nclose,34.812,0.018549643217887653,1.0
1666623180000.0,544978,1666623180000.0,0.09800000000000075,-0.0023404000000000003,1876.7894370000065,1876.9814370000065,-1.0,11.702,2.0,11.604,long_nclose,23.208,0.012365798497404863,1.0
1666623240000.0,544979,1666623240000.0,0.05880000000000045,-0.00140424,1876.8468327600065,1876.9952327600065,-0.6,11.702,1.4,11.604,long_nclose,16.2456,0.008655794237673594,1.0
1666623420000.0,544982,1666623420000.0,0.039200000000000304,-0.0009361600000000001,1876.8850966000064,1876.9810966000064,-0.4,11.702,1.0,11.604,long_nclose,11.604,0.006182584123567684,3.0
1666623480000.0,544983,1666623480000.0,0.029400000000000225,-0.00070212,1876.9137944800063,1876.9844944800063,-0.3,11.702,0.7,11.604,long_nclose,8.1228,0.004327742714603682,1.0
1666624080000.0,544993,1666624080000.0,0.019600000000000152,-0.00046808000000000006,1876.9329264000064,1876.9809264000064,-0.2,11.702,0.5,11.604,long_nclose,5.802,0.0030912132865228955,10.0
1666624260000.0,544996,1666624260000.0,0.009800000000000076,-0.00023404000000000003,1876.9424923600066,1876.9828923600066,-0.1,11.702,0.4,11.604,long_nclose,4.6415999999999995,0.0024729580255619887,3.0
1666624380000.0,544998,1666624380000.0,0.009800000000000076,-0.00023404000000000003,1876.9520583200067,1876.9808583200067,-0.1,11.702,0.3,11.604,long_nclose,3.4812,0.0018547090665255981,2.0
1666624440000.0,544999,1666624440000.0,0.009800000000000076,-0.00023404000000000003,1876.9616242800068,1876.984824280007,-0.1,11.702,0.2,11.604,long_nclose,2.3207999999999998,0.0012364664093173707,1.0
1666624860000.0,545006,1666624860000.0,0.009800000000000076,-0.00023404000000000003,1876.971190240007,1876.980290240007,-0.1,11.702,0.1,11.604,long_nclose,1.1603999999999999,0.0006182300538409545,7.0
1666625100000.0,545010,1666625100000.0,0.009800000000000076,-0.00023404000000000003,1876.9807562000071,1876.9807562000071,-0.1,11.702,0.0,11.604,long_nclose,0.0,0.0,4.0
1666902120000.0,549627,1666902120000.0,0.0,-0.0150912,1876.9656650000072,1877.0496650000073,6.0,12.576,6.0,12.576,long_ientry_normal,75.456,0.04020105503634757,4617.0
1666902600000.0,549635,1666902600000.0,0.21199999999999974,-0.005072800000000001,1877.172592200007,1877.288592200007,-2.0,12.682,4.0,12.576,long_nclose,50.304,0.02679774902372976,8.0
1666902720000.0,549637,1666902720000.0,0.13779999999999984,-0.0032973200000000007,1877.307094880007,1877.6283948800071,-1.3,12.682,2.7,12.576,long_nclose,33.955200000000005,0.01808718461279258,2.0
1666903320000.0,549647,1666903320000.0,0.09539999999999989,-0.00228276,1877.400212120007,1877.542412120007,-0.9,12.682,1.8,12.576,long_nclose,22.6368,0.012057525003919097,10.0
1666903380000.0,549648,1666903380000.0,0.06359999999999992,-0.00152184,1877.462290280007,1877.581090280007,-0.6,12.682,1.2,12.576,long_nclose,15.0912,0.00803808421512918,1.0
1666903440000.0,549649,1666903440000.0,0.04239999999999995,-0.0010145600000000003,1877.503675720007,1877.578875720007,-0.4,12.682,0.8,12.576,long_nclose,10.0608,0.005358604688825318,1.0
1666903500000.0,549650,1666903500000.0,0.021199999999999976,-0.0005072800000000001,1877.524368440007,1877.5927684400071,-0.2,12.682,0.6,12.576,long_nclose,7.5456,0.004018909222610767,1.0
1666904460000.0,549666,1666904460000.0,0.021199999999999976,-0.0005072800000000001,1877.545061160007,1877.582661160007,-0.2,12.682,0.4,12.576,long_nclose,5.0304,0.0026792432863859254,16.0
1666904700000.0,549670,1666904700000.0,0.010599999999999988,-0.00025364000000000007,1877.555407520007,1877.586607520007,-0.1,12.682,0.3,12.576,long_nclose,3.7728,0.002009421391714533,4.0
1666904760000.0,549671,1666904760000.0,0.010599999999999988,-0.00025364000000000007,1877.5657538800072,1877.589553880007,-0.1,12.682,0.2,12.576,long_nclose,2.5152,0.0013396068791744395,1.0
1666906500000.0,549700,1666906500000.0,0.010599999999999988,-0.00025364000000000007,1877.5761002400072,1877.5865002400071,-0.1,12.682,0.1,12.576,long_nclose,1.2576,0.0006697997486436066,29.0
1666908120000.0,549727,1666908120000.0,0.010599999999999988,-0.00025364000000000007,1877.5864466000073,1877.5864466000073,-0.1,12.682,0.0,12.576,long_nclose,0.0,0.0,27.0
1666910340000.0,549764,1666910340000.0,0.0,-0.0150648,1877.5713818000074,1877.6073818000075,6.0,12.554,6.0,12.554,long_ientry_normal,75.324,0.04011778232782164,37.0
1666910640000.0,549769,1666910640000.0,0.21199999999999974,-0.005064,1877.7783178000075,1878.2023178000074,-2.0,12.66,4.0,12.554,long_nclose,50.216,0.02674224083002126,5.0
1666910700000.0,549770,1666910700000.0,0.13779999999999984,-0.0032916000000000004,1877.9128262000074,1878.2260262000075,-1.3,12.66,2.7,12.554,long_nclose,33.8958,0.0180497196286735,1.0
1666910820000.0,549772,1666910820000.0,0.09539999999999989,-0.0022788,1878.0059474000072,1878.2057474000073,-0.9,12.66,1.8,12.554,long_nclose,22.5972,0.01203254975378781,2.0
1666911000000.0,549775,1666911000000.0,0.06359999999999992,-0.0015192,1878.0680282000071,1878.243228200007,-0.6,12.66,1.2,12.554,long_nclose,15.0648,0.008021434673183019,3.0
1666912140000.0,549794,1666912140000.0,0.04239999999999995,-0.0010128000000000001,1878.1094154000073,1878.1902154000072,-0.4,12.66,0.8,12.554,long_nclose,10.0432,0.0053475052718698814,19.0
1666912200000.0,549795,1666912200000.0,0.021199999999999976,-0.0005064000000000001,1878.1301090000072,1878.1877090000073,-0.2,12.66,0.6,12.554,long_nclose,7.5324,0.004010584764018588,1.0
1666912800000.0,549805,1666912800000.0,0.021199999999999976,-0.0005064000000000001,1878.1508026000072,1878.1952026000072,-0.2,12.66,0.4,12.554,long_nclose,5.0216,0.002673693716739027,10.0
1666913940000.0,549824,1666913940000.0,0.010599999999999988,-0.00025320000000000003,1878.1611494000072,1878.1944494000072,-0.1,12.66,0.3,12.554,long_nclose,3.7662,0.002005259240509336,19.0
1666915080000.0,549843,1666915080000.0,0.010599999999999988,-0.00025320000000000003,1878.1714962000071,1878.191696200007,-0.1,12.66,0.2,12.554,long_nclose,2.5108,0.0013368321290574117,19.0
1666915380000.0,549848,1666915380000.0,0.010599999999999988,-0.00025320000000000003,1878.1818430000071,1878.1944430000071,-0.1,12.66,0.1,12.554,long_nclose,1.2554,0.0006684123822615377,5.0
1666916280000.0,549863,1666916280000.0,0.010599999999999988,-0.00025320000000000003,1878.192189800007,1878.192189800007,-0.1,12.66,0.0,12.554,long_nclose,0.0,0.0,15.0
1667297040000.0,556209,1667297040000.0,0.0,-0.015039000000000002,1878.1771508000072,1878.1501508000072,5.4,13.925,5.4,13.925,long_ientry_normal,75.19500000000001,0.040036159511348965,6346.0
1667299200000.0,556245,1667299200000.0,0.2123999999999974,-0.00505548,1878.384495320007,1878.780495320007,-1.8,14.043,3.6,13.925,long_nclose,50.13,0.026687826760122244,36.0
1667299320000.0,556247,1667299320000.0,0.14159999999999826,-0.0033703199999999996,1878.522725000007,1878.834725000007,-1.2,14.043,2.4,13.925,long_nclose,33.42,0.01779057530432584,2.0
1667299800000.0,556255,1667299800000.0,0.09439999999999885,-0.00224688,1878.614878120007,1878.806878120007,-0.8,14.043,1.6,13.925,long_nclose,22.28,0.011859801739830969,8.0
1667300460000.0,556266,1667300460000.0,0.058999999999999275,-0.0014043,1878.6724738200069,1878.787973820007,-0.5,14.043,1.1,13.925,long_nclose,15.317500000000003,0.008153363725425805,11.0
1667305320000.0,556347,1667305320000.0,0.035399999999999564,-0.0008425799999999999,1878.707031240007,1878.803031240007,-0.3,14.043,0.8,13.925,long_nclose,11.14,0.0059296100002602554,81.0
1667306940000.0,556374,1667306940000.0,0.02359999999999971,-0.00056172,1878.730069520007,1878.8020695200069,-0.2,14.043,0.6,13.925,long_nclose,8.355,0.004447152965478752,27.0
1667307420000.0,556382,1667307420000.0,0.02359999999999971,-0.00056172,1878.753107800007,1878.797107800007,-0.2,14.043,0.4,13.925,long_nclose,5.57,0.00296473228806652,8.0
1667307480000.0,556383,1667307480000.0,0.011799999999999856,-0.00028086,1878.764626940007,1878.800626940007,-0.1,14.043,0.3,13.925,long_nclose,4.1775,0.002223535582955915,1.0
1667313000000.0,556475,1667313000000.0,0.011799999999999856,-0.00028086,1878.776146080007,1878.798146080007,-0.1,14.043,0.2,13.925,long_nclose,2.785,0.0014823479666860758,92.0
1667313060000.0,556476,1667313060000.0,0.011799999999999856,-0.00028086,1878.787665220007,1878.7991652200071,-0.1,14.043,0.1,13.925,long_nclose,1.3925,0.0007411694390898279,1.0
1667313120000.0,556477,1667313120000.0,0.011799999999999856,-0.00028086,1878.799184360007,1878.799184360007,-0.1,14.043,0.0,13.925,long_nclose,0.0,0.0,1.0
1667373420000.0,557482,1667373420000.0,0.0,-0.015063400000000003,1878.7841209600072,1878.734620960007,5.5,13.694,5.5,13.694,long_ientry_normal,75.31700000000001,0.04008816082686237,1005.0
1667379060000.0,557576,1667379060000.0,0.2087999999999994,-0.0049716000000000005,1878.9879493600072,1879.4911493600073,-1.8,13.81,3.7,13.694,long_nclose,50.66780000000001,0.026965473630236807,94.0
1667379180000.0,557578,1667379180000.0,0.13919999999999957,-0.0033144,1879.1238349600073,1879.3263349600074,-1.2,13.81,2.5,13.694,long_nclose,34.235,0.018218597073315614,2.0
1667379360000.0,557581,1667379360000.0,0.09279999999999973,-0.0022096000000000004,1879.2144253600072,1879.4456253600072,-0.8,13.81,1.7,13.694,long_nclose,23.2798,0.012388048796262414,3.0
1667381580000.0,557618,1667381580000.0,0.0,-0.01034968,1879.2040756800072,1879.0583756800072,3.8,13.618,5.5,13.64149090909091,long_ientry_partial,75.02820000000001,0.03992552004914653,37.0
1667412120000.0,558127,1667412120000.0,0.207916363636361,-0.00495252,1879.4070395236436,1879.549523160007,-1.8,13.757,3.7,13.64149090909091,long_nclose,50.47351636363637,0.02685608561753043,509.0
1667412180000.0,558128,1667412180000.0,0.13861090909090734,-0.00330168,1879.5423487527344,1879.776121480007,-1.2,13.757,2.5,13.64149090909091,long_nclose,34.103727272727276,0.018144697455398404,1.0
1667412240000.0,558129,1667412240000.0,0.09240727272727156,-0.0022011200000000004,1879.6325549054616,1879.842520360007,-0.8,13.757,1.7,13.64149090909091,long_nclose,23.190534545454547,0.012337802133152,1.0
1667413680000.0,558153,1667413680000.0,0.304407272727272,-0.00224352,1879.9347186581888,1880.234876840007,-0.8,14.022,0.9,13.64149090909091,long_nclose,12.277341818181819,0.006530727740878589,24.0
1667413800000.0,558155,1667413800000.0,0.152203636363636,-0.00112176,1880.0858005345524,1880.2800550800068,-0.4,14.022,0.5,13.64149090909091,long_nclose,6.820745454545455,0.0036278905210635373,2.0
1667414400000.0,558165,1667414400000.0,0.011550909090908945,-0.00027514000000000005,1880.0970763036432,1880.136479940007,-0.1,13.757,0.4,13.64149090909091,long_nclose,5.456596363636365,0.0029022950104067406,10.0
1667414520000.0,558167,1667414520000.0,0.011550909090908945,-0.00027514000000000005,1880.108352072734,1880.1484048000068,-0.1,13.757,0.3,13.64149090909091,long_nclose,4.092447272727273,0.002176708203128578,2.0
1667414820000.0,558172,1667414820000.0,0.011550909090908945,-0.00027514000000000005,1880.119627841825,1880.1353296600068,-0.1,13.757,0.2,13.64149090909091,long_nclose,2.7282981818181824,0.0014511300990724591,5.0
1667416080000.0,558193,1667416080000.0,0.011550909090908945,-0.00027514000000000005,1880.1309036109158,1880.1432545200066,-0.1,13.757,0.1,13.64149090909091,long_nclose,1.3641490909090912,0.0007255606980817945,21.0
1667417100000.0,558210,1667417100000.0,0.0,-0.0147301,1880.1161735109158,1880.0015244200067,5.5,13.391,5.6,13.395473051948052,long_ientry_partial,75.01464909090909,0.039898943558805335,17.0
1667421060000.0,558276,1667421060000.0,0.0,-0.01514844,1880.1010250709157,1878.1141759800066,5.8,13.059,11.4,13.22428500797448,long_rentry,150.75684909090907,0.08018550443863656,66.0
1667434620000.0,558502,1667434620000.0,0.42451696969697783,-0.010135360000000001,1880.5154066806126,1881.4328406200066,-3.8,13.336,7.6,13.22428500797448,long_nclose,100.50456606060604,0.0534452234230888,226.0
1667436960000.0,558541,1667436960000.0,1.4011169696969765,-0.01033068,1881.9061929703096,1883.2959099400066,-3.8,13.593,3.8,13.22428500797448,long_nclose,50.25228303030302,0.02670286288339763,39.0
1667437380000.0,558548,1667437380000.0,0.7005584848484883,-0.00516534,1882.601586115158,1883.2964446000065,-1.9,13.593,1.9,13.22428500797448,long_nclose,25.12614151515151,0.013346499705761192,7.0
1667437440000.0,558549,1667437440000.0,0.33184349282296816,-0.00244674,1882.930982867981,1883.3116978600065,-0.9,13.593,1.0,13.22428500797448,long_nclose,13.22428500797448,0.007023244679861791,1.0
1667437620000.0,558552,1667437620000.0,0.18435749601276008,-0.0013593000000000001,1883.1139810639936,1883.2943385600063,-0.5,13.593,0.5,13.22428500797448,long_nclose,6.61214250398724,0.003511281085731868,3.0
1667437680000.0,558553,1667437680000.0,0.07374299840510404,-0.0005437200000000001,1883.1871803423987,1883.2983948400065,-0.2,13.593,0.3,13.22428500797448,long_nclose,3.9672855023923437,0.002106686761573545,1.0
1667437800000.0,558555,1667437800000.0,0.03687149920255202,-0.00027186000000000007,1883.2237799816012,1883.2959229800063,-0.1,13.593,0.2,13.22428500797448,long_nclose,2.6448570015948962,0.001404430546018666,2.0
1667438040000.0,558559,1667438040000.0,0.03687149920255202,-0.00027186000000000007,1883.2603796208036,1883.2964511200062,-0.1,13.593,0.1,13.22428500797448,long_nclose,1.3224285007974481,0.0007022016260246076,4.0
1667438100000.0,558560,1667438100000.0,0.03687149920255202,-0.00027186000000000007,1883.296979260006,1883.296979260006,-0.1,13.593,0.0,13.22428500797448,long_nclose,0.0,0.0,1.0
1667476020000.0,559192,1667476020000.0,0.0,-0.014974399999999997,1883.282004860006,1883.282004860006,5.6,13.37,5.6,13.37,long_ientry_normal,74.87199999999999,0.039756127763545215,632.0
1667476380000.0,559198,1667476380000.0,0.20340000000000238,-0.0048538800000000005,1883.4805509800062,1883.9365509800061,-1.8,13.483,3.8,13.37,long_nclose,50.806,0.026974528605333774,6.0
1667476740000.0,559204,1667476740000.0,0.13560000000000158,-0.00323592,1883.6129150600063,1883.8989150600064,-1.2,13.483,2.6,13.37,long_nclose,34.762,0.01845495946755737,6.0
1667476800000.0,559205,1667476800000.0,0.09040000000000106,-0.00215728,1883.7011577800065,1883.9081577800066,-0.8,13.483,1.8,13.37,long_nclose,24.066,0.012775911879972745,1.0
1667477040000.0,559209,1667477040000.0,0.06780000000000079,-0.00161796,1883.7673398200066,1883.9053398200065,-0.6,13.483,1.2,13.37,long_nclose,16.043999999999997,0.008516975350858878,4.0
1667477700000.0,559220,1667477700000.0,0.04520000000000053,-0.00107864,1883.8114611800065,1883.8914611800064,-0.4,13.483,0.8,13.37,long_nclose,10.696,0.0056778505813422,11.0
1667479800000.0,559255,1667479800000.0,0.0,-0.012812160000000001,1883.7986490200065,1884.0258490200065,4.8,13.346,5.6,13.349428571428572,long_ientry_partial,74.7568,0.03968407135172866,35.0
1667480520000.0,559267,1667480520000.0,0.20262857142857058,-0.00484632,1883.9964312714349,1884.4166027000063,-1.8,13.462,3.8,13.349428571428572,long_nclose,50.72782857142857,0.026925650032783955,12.0
1667480580000.0,559268,1667480580000.0,0.13508571428571373,-0.0032308799999999998,1884.1282861057205,1884.4287718200062,-1.2,13.462,2.6,13.349428571428572,long_nclose,34.70851428571429,0.018421523917276805,1.0
1667481660000.0,559286,1667481660000.0,0.09005714285714249,-0.00215392,1884.2161893285777,1884.4242179000062,-0.8,13.462,1.8,13.349428571428572,long_nclose,24.02897142857143,0.01275276773687733,18.0
1667482260000.0,559296,1667482260000.0,0.06754285714285686,-0.0016154399999999999,1884.2821167457205,1884.4148024600063,-0.6,13.462,1.2,13.349428571428572,long_nclose,16.019314285714284,0.008501547694662992,10.0
1667482320000.0,559297,1667482320000.0,0.045028571428571244,-0.00107696,1884.3260683571489,1884.390525500006,-0.4,13.462,0.8,13.349428571428572,long_nclose,10.679542857142858,0.005667566264926657,1.0
1667482380000.0,559298,1667482380000.0,0.022514285714285622,-0.00053848,1884.3480441628633,1884.4263870200061,-0.2,13.462,0.6,13.349428571428572,long_nclose,8.009657142857142,0.004250625126111188,1.0
1667482620000.0,559302,1667482620000.0,0.022514285714285622,-0.00053848,1884.3700199685777,1884.4222485400062,-0.2,13.462,0.4,13.349428571428572,long_nclose,5.339771428571429,0.0028337170364557546,4.0
1667483160000.0,559311,1667483160000.0,0.011257142857142811,-0.00026924,1884.3810078714348,1884.4201793000063,-0.1,13.462,0.3,13.349428571428572,long_nclose,4.004828571428571,0.002125275384701716,9.0
1667484240000.0,559329,1667484240000.0,0.011257142857142811,-0.00026924,1884.391995774292,1884.4181100600063,-0.1,13.462,0.2,13.349428571428572,long_nclose,2.6698857142857144,0.0014168419948040933,18.0
1667484360000.0,559331,1667484360000.0,0.011257142857142811,-0.00026924,1884.402983677149,1884.416540820006,-0.1,13.462,0.1,13.349428571428572,long_nclose,1.3349428571428572,0.0007084168666183614,2.0
1667485740000.0,559354,1667485740000.0,0.03725714285714279,-0.00027444000000000004,1884.4399663800061,1884.4399663800061,-0.1,13.722,0.0,13.349428571428572,long_nclose,0.0,0.0,23.0
1667518080000.0,559893,1667518080000.0,0.0,-0.01502592,1884.4249404600062,1884.4753404600062,5.6,13.416,5.6,13.416,long_ientry_normal,75.1296,0.039868714527658576,539.0
1667521320000.0,559947,1667521320000.0,0.2033999999999992,-0.00487044,1884.6234700200062,1885.075670020006,-1.8,13.529,3.8,13.416,long_nclose,50.9808,0.027050920680436404,54.0
1667528100000.0,560060,1667528100000.0,0.7105999999999977,-0.0052401999999999995,1885.3288298200061,1886.0299298200061,-1.9,13.79,1.9,13.416,long_nclose,25.4904,0.013520400047366586,113.0
1667528220000.0,560062,1667528220000.0,0.3365999999999989,-0.0024822,1885.6629476200062,1886.0569476200062,-0.9,13.79,1.0,13.416,long_nclose,13.416,0.007114739151518587,2.0
1667528340000.0,560064,1667528340000.0,0.1869999999999994,-0.001379,1885.848568620006,1886.0330686200061,-0.5,13.79,0.5,13.416,long_nclose,6.708,0.0035570194296717394,2.0
1667528700000.0,560070,1667528700000.0,0.07479999999999976,-0.0005516000000000001,1885.922817020006,1886.0365170200062,-0.2,13.79,0.3,13.416,long_nclose,4.0248,0.0021341276343215822,6.0
1667529120000.0,560077,1667529120000.0,0.03739999999999988,-0.00027580000000000004,1885.959941220006,1886.035741220006,-0.1,13.79,0.2,13.416,long_nclose,2.6832000000000003,0.001422723750041196,7.0
1667530800000.0,560105,1667530800000.0,0.03739999999999988,-0.00027580000000000004,1885.9970654200058,1886.0334654200058,-0.1,13.79,0.1,13.416,long_nclose,1.3416000000000001,0.0007113478724852787,28.0
1667530920000.0,560107,1667530920000.0,0.03739999999999988,-0.00027580000000000004,1886.0341896200057,1886.0341896200057,-0.1,13.79,0.0,13.416,long_nclose,0.0,0.0,2.0
1667713560000.0,563151,1667713560000.0,0.0,-0.015037000000000002,1886.0191526200058,1886.1091526200057,5.0,15.037,5.0,15.037,long_ientry_normal,75.185,0.03986438838415563,3044.0
1667727780000.0,563388,1667727780000.0,0.20319999999999824,-0.00485248,1886.2175001400058,1886.6527001400057,-1.6,15.164,3.4,15.037,long_nclose,51.1258,0.027104933548864407,237.0
1667747520000.0,563717,1667747520000.0,0.1396999999999988,-0.003336080000000001,1886.3538640600057,1886.6022640600056,-1.1,15.164,2.3,15.037,long_nclose,34.5851,0.01833436486066425,329.0
1667747640000.0,563719,1667747640000.0,0.08889999999999922,-0.0021229599999999997,1886.4406411000057,1886.6214411000058,-0.7,15.164,1.6,15.037,long_nclose,24.059200000000004,0.012753754067751002,2.0
1667747700000.0,563720,1667747700000.0,0.06349999999999945,-0.0015164,1886.5026247000058,1886.6049247000058,-0.5,15.164,1.1,15.037,long_nclose,16.5407,0.008767917830292087,1.0
1667761860000.0,563956,1667761860000.0,0.0,-0.011788,1886.4908367000057,1886.1841367000056,4.0,14.735,5.1,14.800137254901962,long_ientry_partial,75.4807,0.04001116704708549,236.0
1667770440000.0,564099,1667770440000.0,0.21226666666666566,-0.005074500000000001,1886.6980288666723,1887.1905622000056,-1.7,14.925,3.4,14.800137254901962,long_nclose,50.32046666666667,0.026671182084657106,143.0
1667770980000.0,564108,1667770980000.0,0.13734901960784252,-0.0032835000000000004,1886.8320943862802,1887.1767787000058,-1.1,14.925,2.3,14.800137254901962,long_nclose,34.04031568627451,0.018040988272115765,9.0
1667772480000.0,564133,1667772480000.0,0.08740392156862703,-0.0020895,1886.917408807849,1887.1251892000057,-0.7,14.925,1.6,14.800137254901962,long_nclose,23.680219607843142,0.012549685268315089,25.0
1667776140000.0,564194,1667776140000.0,0.0,-0.010522080000000001,1886.9068867278488,1886.4582671200058,3.6,14.614,5.2,14.671273001508297,long_ientry_partial,76.29061960784314,0.0404315762184436,61.0
1667806740000.0,564704,1667806740000.0,0.0,-0.01516012,1886.8917266078488,1884.9505070000057,5.3,14.302,10.5,14.484878057889823,long_rentry,152.09121960784313,0.08060410539891678,510.0
1667807580000.0,564718,1667807580000.0,0.0,-0.015147000000000004,1886.8765796078487,1881.9683600000055,5.4,14.025,15.9,14.328693057097052,long_rentry,227.82621960784314,0.12074251282253579,14.0
1667836200000.0,565195,1667836200000.0,0.6429267973856213,-0.015316999999999999,1887.5041894052342,1888.8960430000054,-5.3,14.45,10.6,14.328693057097052,long_nclose,151.88414640522873,0.08046824333305903,477.0
1667838360000.0,565231,1667838360000.0,0.42457430016031594,-0.010114999999999999,1887.9186487053944,1888.8864280000053,-3.5,14.45,7.1,14.328693057097052,long_nclose,101.73372070538906,0.053886707870146364,36.0
1667839560000.0,565251,1667839560000.0,0.279005968676779,-0.006646999999999998,1888.1910076740712,1888.7252810000055,-2.3,14.45,4.8,14.328693057097052,long_nclose,68.77772667406585,0.03642519554141308,20.0
1667839620000.0,565252,1667839620000.0,0.19409110864471588,-0.0046240000000000005,1888.380474782716,1888.7366570000054,-1.6,14.45,3.2,14.328693057097052,long_nclose,45.85181778271057,0.024281027258548863,1.0
1667839680000.0,565253,1667839680000.0,0.12130694290294741,-0.00289,1888.498891725619,1888.7547670000054,-1.0,14.45,2.2,14.328693057097052,long_nclose,31.523124725613517,0.016692159504954333,1.0
1667839740000.0,565254,1667839740000.0,0.08491486003206318,-0.0020229999999999996,1888.581783585651,1888.7937440000055,-0.7,14.45,1.5,14.328693057097052,long_nclose,21.493039585645576,0.01138051831932796,1.0
1667840580000.0,565268,1667840580000.0,0.060653471451473706,-0.001445,1888.6409920571023,1888.7672990000053,-0.5,14.45,1.0,14.328693057097052,long_nclose,14.328693057097052,0.0075867743617543115,14.0
1667843160000.0,565311,1667843160000.0,0.036392082870884225,-0.000867,1888.6765171399732,1888.7299320000052,-0.3,14.45,0.7,14.328693057097052,long_nclose,10.030085139967936,0.005310642160763726,43.0
1667843760000.0,565321,1667843760000.0,0.024261388580589485,-0.0005780000000000001,1888.7002005285538,1888.7658540000052,-0.2,14.45,0.5,14.328693057097052,long_nclose,7.164346528548526,0.003793268262768003,10.0
1667847240000.0,565379,1667847240000.0,0.012130694290294742,-0.00028900000000000003,1888.712042222844,1888.7625650000052,-0.1,14.45,0.4,14.328693057097052,long_nclose,5.731477222838821,0.003034595584032698,58.0
1667847720000.0,565387,1667847720000.0,0.012130694290294742,-0.00028900000000000003,1888.7238839171343,1888.7617760000053,-0.1,14.45,0.3,14.328693057097052,long_nclose,4.298607917129115,0.002275932418567177,8.0
1667856600000.0,565535,1667856600000.0,0.012130694290294742,-0.00028900000000000003,1888.7357256114246,1888.7619870000053,-0.1,14.45,0.2,14.328693057097052,long_nclose,2.8657386114194106,0.0015172787661925063,148.0
1667857260000.0,565546,1667857260000.0,0.0,-0.014490119999999999,1888.7212354914247,1888.7178968800054,5.1,14.206,5.3,14.210629926682907,long_ientry_partial,75.31633861141941,0.039876895116193745,11.0
1667859960000.0,565591,1667859960000.0,0.0,-0.015239400000000002,1888.7059960914248,1887.2586574800055,5.5,13.854,10.8,14.029012834390684,long_rentry,151.5133386114194,0.08022071138915643,45.0
1667862900000.0,565640,1667862900000.0,0.4247537961935372,-0.010185840000000002,1889.1205640476182,1889.9556716400052,-3.6,14.147,7.2,14.029012834390684,long_nclose,101.00889240761293,0.053468737956666935,49.0
1667862960000.0,565641,1667862960000.0,0.2831691974623581,-0.006790559999999999,1889.3969426850806,1890.0976810800053,-2.4,14.147,4.8,14.029012834390684,long_nclose,67.33926160507528,0.03564061107740408,1.0
1667870580000.0,565768,1667870580000.0,0.9383691974623574,-0.0069216,1890.328390282543,1891.2787594800054,-2.4,14.42,2.4,14.029012834390684,long_nclose,33.66963080253764,0.017811524693603694,127.0
1667876040000.0,565859,1667876040000.0,0.0,-0.008442,1890.319948282543,1890.2293174800054,3.0,14.07,5.4,14.051783481951414,long_ientry_partial,75.87963080253765,0.04014115751752943,91.0
1667877540000.0,565884,1667877540000.0,0.0,-0.015067800000000001,1890.304880482543,1888.8522496800053,5.5,13.698,10.9,13.873268880966755,long_rentry,151.21863080253763,0.07999695306501863,25.0
1667880480000.0,565933,1667880480000.0,0.0,-0.015046079999999998,1890.289834402543,1885.3533036000053,5.6,13.434,16.5,13.72418368500228,long_rentry,226.44903080253764,0.11979593112191209,49.0
1667880780000.0,565938,1667880780000.0,0.0,-0.02138562,1890.268448782543,1882.3493179800053,8.1,13.201,24.6,13.551915886282016,long_rentry,333.37713080253764,0.17636496605403026,5.0
1667884260000.0,565996,1667884260000.0,0.0,-0.031242199999999998,1890.237206582543,1875.1800757800054,12.1,12.91,36.7,13.340276043665874,long_rentry,489.5881308025376,0.2590088318532726,58.0
1667923500000.0,566650,1667923500000.0,1.375232267276332,-0.03282532,1891.5796135298192,1893.1653504600054,-12.2,13.453,24.5,13.340276043665874,long_nclose,326.8367630698139,0.17278509491858698,654.0
1667923560000.0,566651,1667923560000.0,0.9130640463064171,-0.021793859999999998,1892.4708837161256,1893.7783566000053,-8.1,13.453,16.4,13.340276043665874,long_nclose,218.7805271161203,0.11560575594511383,1.0
1667923620000.0,566652,1667923620000.0,0.6087093642042781,-0.014529240000000002,1893.06506384033,1894.7120273600053,-5.4,13.453,11.0,13.340276043665874,long_nclose,146.7430364803246,0.07751610828559541,1.0
1667923740000.0,566654,1667923740000.0,2.0444817598376925,-0.0150832,1895.0944624001677,1897.3754441600054,-5.5,13.712,5.5,13.340276043665874,long_nclose,73.3715182401623,0.038716549330863485,2.0
1667923920000.0,566657,1667923920000.0,1.00365468210214,-0.0074044800000000015,1896.0907126022698,1897.1399396800055,-2.7,13.712,2.8,13.340276043665874,long_nclose,37.35277292226444,0.019699887075022914,3.0
1667924520000.0,566667,1667924520000.0,0.5204135388677763,-0.00383936,1896.6072867811376,1897.1529003200055,-1.4,13.712,1.4,13.340276043665874,long_nclose,18.67638646113222,0.009847260733047798,10.0
1667926620000.0,566702,1667926620000.0,0.26020676943388815,-0.00191968,1896.8655738705716,1897.0963806400055,-0.7,13.712,0.7,13.340276043665874,long_nclose,9.33819323056611,0.004922959939386449,35.0
1667926800000.0,566705,1667926800000.0,0.11151718690023778,-0.00082272,1896.9762683374718,1897.1301579200053,-0.3,13.712,0.4,13.340276043665874,long_nclose,5.33611041746635,0.002812955811061869,3.0
1667926920000.0,566707,1667926920000.0,0.07434479126682518,-0.0005484800000000001,1897.0500646487387,1897.1130094400055,-0.2,13.712,0.2,13.340276043665874,long_nclose,2.668055208733175,0.0014064231927517405,2.0
1667927280000.0,566713,1667927280000.0,0.03717239563341259,-0.00027424000000000003,1897.0869628043722,1897.1244352000056,-0.1,13.712,0.1,13.340276043665874,long_nclose,1.3340276043665875,0.0007031979189791905,6.0
1667928180000.0,566728,1667928180000.0,0.011272395633412558,-0.00026906,1897.0979661400056,1897.0979661400056,-0.1,13.453,0.0,13.340276043665874,long_nclose,0.0,0.0,15.0
1667929980000.0,566758,1667929980000.0,0.0,-0.015179759999999999,1897.0827863800057,1896.7289863800056,5.8,13.086,5.8,13.086,long_ientry_normal,75.8988,0.04000816440110625,30.0
1667930700000.0,566770,1667930700000.0,0.0,-0.01505326,1897.0677331200056,1894.2586331200057,5.9,12.757,11.7,12.92009401709402,long_rentry,151.16510000000002,0.07968355444609607,12.0
1667930940000.0,566774,1667930940000.0,0.0,-0.015264640000000001,1897.0524684800057,1892.8651684800057,6.1,12.512,17.8,12.78024157303371,long_rentry,227.48830000000004,0.11991671489311667,4.0
1667931600000.0,566785,1667931600000.0,0.0,-0.021388079999999997,1897.0310804000057,1888.4198804000057,8.7,12.292,26.5,12.61995094339623,long_rentry,334.4287000000001,0.17629057502288412,11.0
1667935260000.0,566846,1667935260000.0,0.0,-0.0312572,1896.9998232000057,1879.1001232000056,13.0,12.022,39.5,12.42315696202532,long_rentry,490.71470000000016,0.258679359902219,61.0
1667935560000.0,566851,1667935560000.0,0.0,-0.045271839999999994,1896.9545513600058,1866.0656513600056,19.4,11.668,58.9,12.174429541595929,long_rentry,717.0739000000002,0.3780132209735336,5.0
1667935860000.0,566856,1667935860000.0,0.0,-0.06471866,1896.8898327000059,1843.5336327000055,28.9,11.197,87.8,11.852701594533032,long_rentry,1040.6672,0.5486176276872807,5.0
1667936280000.0,566863,1667936280000.0,2.9287134396354397,-0.06980552,1899.7487406196412,1913.6544271800055,-29.2,11.953,58.6,11.852701594533032,long_nclose,694.5683134396357,0.3656106192301453,7.0
1667936340000.0,566864,1667936340000.0,9.677743280182149,-0.07139238,1909.3550915198234,1918.5054348000056,-29.3,12.183,29.3,11.852701594533032,long_nclose,347.2841567198179,0.1818855792001392,1.0
1667936460000.0,566866,1667936460000.0,4.8223567198177255,-0.03557436,1914.141873879641,1919.6146604400055,-14.6,12.183,14.7,11.852701594533032,long_nclose,174.23471343963556,0.09102497354936985,2.0
1667936700000.0,566870,1667936700000.0,2.4111783599088628,-0.01778718,1916.53526505955,1918.9942732600057,-7.3,12.183,7.4,11.852701594533032,long_nclose,87.70999179954444,0.04576487237077745,4.0
1667936880000.0,566873,1667936880000.0,1.22210410022778,-0.009015420000000001,1917.748353739778,1918.7743578400057,-3.7,12.183,3.7,11.852701594533032,long_nclose,43.85499589977222,0.02286796169802525,3.0
1667936940000.0,566874,1667936940000.0,0.5945371298405416,-0.004385880000000001,1918.3385049896185,1919.0743719600057,-1.8,12.183,1.9,11.852701594533032,long_nclose,22.52013302961276,0.011739394778886865,1.0
1667937000000.0,566875,1667937000000.0,0.0,-0.010771200000000002,1918.3277337896186,1918.8116007600058,4.4,12.24,6.3,12.123195718986153,long_ientry_partial,76.37613302961276,0.03981391275552964,1.0
1667937360000.0,566881,1667937360000.0,0.21588899012908006,-0.00513492,1918.5384878597476,1918.9450658400058,-2.1,12.226,4.2,12.123195718986153,long_nclose,50.91742201974185,0.026539692761933326,6.0
1667937420000.0,566882,1667937420000.0,0.0,-0.0051324000000000005,1918.5333554597476,1919.1289334400058,2.1,12.22,6.3,12.155463812657437,long_ientry_partial,76.57942201974186,0.0399156062634057,1.0
1667937420000.0,566882,1667937420000.0,0.09875066227958874,-0.00342328,1918.628682842027,1919.0919101600057,-1.4,12.226,4.9,12.155463812657437,long_nclose,59.56177268202145,0.03104392903883505,0.0
1667937480000.0,566883,1667937480000.0,0.0,-0.00343,1918.625252842027,1918.9939801600055,1.4,12.25,6.3,12.176471854289119,long_ientry_partial,76.71177268202145,0.03998267643375881,1.0
1667937480000.0,566883,1667937480000.0,0.1304450331374085,-0.00392256,1918.7517753151644,1919.0268576000055,-1.6,12.258,4.7,12.176471854289119,long_nclose,57.22941771515886,0.029826379030064295,0.0
1667937540000.0,566884,1667937540000.0,0.0,-0.003915200000000001,1918.7478601151645,1918.7394424000056,1.6,12.235,6.3,12.19133614526331,long_ientry_partial,76.80541771515885,0.04002892683906313,1.0
1667937540000.0,566884,1667937540000.0,0.1314957821050342,-0.0036837000000000007,1918.8756721972695,1918.8692587000057,-1.5,12.279,4.8,12.19133614526331,long_nclose,58.518413497263886,0.030496198552694934,0.0
1667937600000.0,566885,1667937600000.0,0.0,-0.003657,1918.8720151972695,1918.8656017000058,1.5,12.19,6.3,12.191018015438711,long_ientry_partial,76.80341349726388,0.040025292405636605,1.0
1667937720000.0,566887,1667937720000.0,0.21626216757870723,-0.005163480000000001,1919.0831138848482,1919.4358382200057,-2.1,12.294,4.2,12.191018015438711,long_nclose,51.20227566484259,0.026680593088640406,2.0
1667937780000.0,566888,1667937780000.0,0.0,-0.005155500000000001,1919.0779583848482,1919.2416827200057,2.1,12.275,6.3,12.219012010292477,long_ientry_partial,76.9797756648426,0.04011289657541115,1.0
1667938080000.0,566893,1667938080000.0,0.0,-0.015247360000000001,1919.062711024848,1917.7381353600056,6.4,11.912,12.7,12.064297296444302,long_rentry,153.21657566484262,0.07983927507143292,5.0
1667938440000.0,566899,1667938440000.0,0.4271513549339339,-0.010219440000000002,1919.4796429397823,1920.0381159200058,-4.2,12.166,8.5,12.064297296444302,long_nclose,102.54652701977656,0.053424128459482516,6.0
1667938500000.0,566900,1667938500000.0,0.2847675699559559,-0.00681296,1919.7575975497382,1920.1606029600057,-2.8,12.166,5.7,12.064297296444302,long_nclose,68.76649458973252,0.03582040497065978,1.0
1667938560000.0,566901,1667938560000.0,0.19323513675582724,-0.004623080000000001,1919.946209606494,1920.3478798800056,-1.9,12.166,3.8,12.064297296444302,long_nclose,45.84432972648835,0.023877924025738437,1.0
1667938620000.0,566902,1667938620000.0,0.0,-0.006085,1919.940124606494,1920.1212948800057,2.5,12.17,6.3,12.10624281372831,long_ientry_partial,76.26932972648835,0.039724848055936283,1.0
1667938740000.0,566904,1667938740000.0,0.21579009117054915,-0.00512778,1920.1507869176644,1920.5655671000054,-2.1,12.209,4.2,12.10624281372831,long_nclose,50.846219817658906,0.02648032652648085,2.0
1667938800000.0,566905,1667938800000.0,0.0,-0.005126100000000001,1920.1456608176643,1920.3714410000055,2.1,12.205,6.3,12.139161875818875,long_ientry_partial,76.4767198176589,0.039828603307674314,1.0
1667938800000.0,566905,1667938800000.0,0.0977733738535747,-0.0034185199999999995,1920.240015671518,1920.4156224800056,-1.4,12.209,4.9,12.139161875818875,long_nclose,59.48189319151249,0.03097628041602464,0.0
1667938860000.0,566906,1667938860000.0,0.0,-0.0034089999999999997,1920.236606671518,1920.2862134800055,1.4,12.175,6.3,12.147125903414683,long_ientry_partial,76.5268931915125,0.03985284569913599,1.0
1667940180000.0,566928,1667940180000.0,0.21603560282916662,-0.005145,1920.4474972743471,1920.8795684800054,-2.1,12.25,4.2,12.147125903414683,long_nclose,51.01792879434167,0.02656564621878515,22.0
1667940240000.0,566929,1667940240000.0,0.0,-0.005145,1920.442352274347,1920.9059234800054,2.1,12.25,6.3,12.181417268943123,long_ientry_partial,76.74292879434168,0.03996106871078756,1.0
1667940240000.0,566929,1667940240000.0,0.09601582347962712,-0.00343,1920.5349380978266,1920.8954934800054,-1.4,12.25,4.9,12.181417268943123,long_nclose,59.688944617821306,0.031079332863863225,0.0
1667940300000.0,566930,1667940300000.0,0.0,-0.0034314000000000002,1920.5315066978267,1920.8920620800054,1.4,12.255,6.3,12.197768986955763,long_ientry_partial,76.8459446178213,0.040012852874228906,1.0
1667940480000.0,566933,1667940480000.0,0.21678512739289746,-0.0051664200000000006,1920.7431254052196,1921.0254956600054,-2.1,12.301,4.2,12.197768986955763,long_nclose,51.23062974521421,0.026672296293865985,3.0
1667940540000.0,566934,1667940540000.0,0.0,-0.005151300000000001,1920.7379741052196,1920.7683443600054,2.1,12.265,6.3,12.220179324637176,long_ientry_partial,76.9871297452142,0.04008205740873054,1.0
1667947800000.0,567055,1667947800000.0,0.0,-0.01524864,1920.7227254652196,1918.5588957200052,6.4,11.913,12.7,12.065380294898759,long_rentry,153.23032974521422,0.07977743362624097,121.0
1667950560000.0,567101,1667950560000.0,0.4268027614252116,-0.01022028,1921.1393079466447,1921.8585754400053,-4.2,12.167,8.5,12.065380294898759,long_nclose,102.55573250663946,0.05338276723735003,46.0
1667950620000.0,567102,1667950620000.0,0.28453517428347436,-0.00681352,1921.4170296009283,1922.2128619200055,-2.8,12.167,5.7,12.065380294898759,long_nclose,68.77266768092292,0.03579268145406558,1.0
1667951580000.0,567118,1667951580000.0,0.1930774396923576,-0.00462346,1921.6054835806208,1921.8700384600054,-1.9,12.167,3.8,12.065380294898759,long_nclose,45.84844512061528,0.02385944748408172,16.0
1667951640000.0,567119,1667951640000.0,0.0,-0.006064,1921.5994195806209,1921.7869744600055,2.5,12.128,6.3,12.09022938422465,long_ientry_partial,76.16844512061529,0.039638045445100446,1.0
1667953020000.0,567142,1667953020000.0,0.21371829312823679,-0.00512064,1921.808017233749,1922.3740538200054,-2.1,12.192,4.2,12.09022938422465,long_nclose,50.77896341374353,0.02642249535769696,23.0
1667954280000.0,567163,1667954280000.0,0.14247886208549118,-0.00341376,1921.9470823358345,1922.0864400600055,-1.4,12.192,2.8,12.09022938422465,long_nclose,33.85264227582901,0.017613722348008808,21.0
1667954580000.0,567168,1667954580000.0,0.0,-0.00870912,1921.9383732158344,1922.0761309400054,3.6,12.096,6.4,12.093475355598283,long_ientry_partial,77.39824227582902,0.04027092822249258,5.0
1667962500000.0,567300,1667962500000.0,0.0,-0.015325700000000001,1921.9230475158345,1920.1808052400054,6.5,11.789,12.9,11.940057540761938,long_rentry,154.026742275829,0.08014199240438631,132.0
1667972580000.0,567468,1667972580000.0,0.434052574723669,-0.01035526,1922.346744830558,1923.4642499800054,-4.3,12.041,8.6,11.940057540761938,long_nclose,102.68449485055267,0.05341621907009478,168.0
1667973240000.0,567479,1667973240000.0,0.28263888586657515,-0.00674296,1922.6226407564245,1923.0863070200053,-2.8,12.041,5.8,11.940057540761938,long_nclose,69.25233373641923,0.03601972236692949,11.0
1667973960000.0,567491,1667973960000.0,0.19179067255231885,-0.00457558,1922.809855848977,1923.2386314400053,-1.9,12.041,3.9,11.940057540761938,long_nclose,46.56622440897156,0.024217799938627424,12.0
1667974320000.0,567497,1667974320000.0,0.13122519700948132,-0.0031306600000000004,1922.9379503859864,1923.2368007800053,-1.3,12.041,2.6,11.940057540761938,long_nclose,31.04414960598104,0.016144124463168263,6.0
1667974500000.0,567500,1667974500000.0,0.08075396739045004,-0.0019265600000000003,1923.0167777933768,1923.1966742200054,-0.8,12.041,1.8,11.940057540761938,long_nclose,21.492103573371487,0.011176243401283916,3.0
1667974560000.0,567501,1667974560000.0,0.06056547554283753,-0.00144492,1923.0758983489197,1923.2318293000053,-0.6,12.041,1.2,11.940057540761938,long_nclose,14.328069048914324,0.007450599875551383,1.0
1667974800000.0,567505,1667974800000.0,0.04037698369522502,-0.0009632800000000002,1923.115312052615,1923.1872660200056,-0.4,12.041,0.8,11.940057540761938,long_nclose,9.552046032609551,0.00496696478507796,4.0
1667975340000.0,567514,1667975340000.0,0.02018849184761251,-0.0004816400000000001,1923.1350189044626,1923.1919843800056,-0.2,12.041,0.6,11.940057540761938,long_nclose,7.164034524457162,0.0037251854154984093,9.0
1667975400000.0,567515,1667975400000.0,0.02018849184761251,-0.0004816400000000001,1923.1547257563102,1923.1787027400055,-0.2,12.041,0.4,11.940057540761938,long_nclose,4.776023016304776,0.0024834314953137903,1.0
1667975580000.0,567518,1667975580000.0,0.010094245923806255,-0.00024082000000000004,1923.1645791822339,1923.1915619200054,-0.1,12.041,0.3,11.940057540761938,long_nclose,3.582017262228581,0.0018625640785000952,3.0
1667975640000.0,567519,1667975640000.0,0.010094245923806255,-0.00024082000000000004,1923.1744326081575,1923.1944211000052,-0.1,12.041,0.2,11.940057540761938,long_nclose,2.388011508152388,0.0012417030237417573,1.0
1667976240000.0,567529,1667976240000.0,0.010094245923806255,-0.00024082000000000004,1923.1842860340812,1923.194780280005,-0.1,12.041,0.1,11.940057540761938,long_nclose,1.194005754076194,0.0006208483309409874,10.0
1667976840000.0,567539,1667976840000.0,0.010094245923806255,-0.00024082000000000004,1923.1941394600049,1923.1941394600049,-0.1,12.041,0.0,11.940057540761938,long_nclose,0.0,0.0,10.0
1667981160000.0,567611,1667981160000.0,0.0,-0.015340000000000001,1923.178799460005,1923.178799460005,6.5,11.8,6.5,11.8,long_ientry_normal,76.7,0.03988188722834093,72.0
1667981280000.0,567613,1667981280000.0,0.20999999999999927,-0.004998000000000001,1923.383801460005,1923.955801460005,-2.1,11.9,4.4,11.8,long_nclose,51.92000000000001,0.026994092370221948,2.0
1667981460000.0,567616,1667981460000.0,0.13999999999999949,-0.0033320000000000003,1923.5204694600052,1923.7004694600053,-1.4,11.9,3.0,11.8,long_nclose,35.400000000000006,0.018403755282072946,3.0
1667981760000.0,567621,1667981760000.0,0.09999999999999964,-0.00238,1923.6180894600052,1923.8380894600052,-1.0,11.9,2.0,11.8,long_nclose,23.6,0.012268547550738074,5.0
1667981940000.0,567624,1667981940000.0,0.05999999999999978,-0.001428,1923.676661460005,1923.802661460005,-0.6,11.9,1.4,11.8,long_nclose,16.52,0.008587721799079209,3.0
1667982000000.0,567625,1667982000000.0,0.03999999999999986,-0.0009520000000000002,1923.715709460005,1923.850709460005,-0.4,11.9,1.0,11.8,long_nclose,11.8,0.006133962488309829,1.0
1667982360000.0,567631,1667982360000.0,0.0,-0.012967900000000001,1923.702741560005,1923.665741560005,5.5,11.789,6.5,11.790692307692307,long_ientry_partial,76.6395,0.039839575181896375,6.0
1667982540000.0,567634,1667982540000.0,0.2085461538461562,-0.0049938000000000005,1923.9062939138512,1924.079247760005,-2.1,11.89,4.4,11.790692307692307,long_nclose,51.879046153846154,0.02696547452334973,3.0
1667982660000.0,567636,1667982660000.0,0.0,-0.00495012,1923.901343793851,1923.8091976400049,2.1,11.786,6.5,11.789176331360947,long_ientry_partial,76.62964615384615,0.03983034078178654,2.0
1667983380000.0,567648,1667983380000.0,0.20962970414200993,-0.00499338,1924.105980117993,1924.439604260005,-2.1,11.889,4.4,11.789176331360947,long_nclose,51.87237585798817,0.026959209312788043,12.0
1667983440000.0,567649,1667983440000.0,0.13975313609467327,-0.0033289199999999995,1924.2424043340877,1924.4998753400048,-1.4,11.889,3.0,11.789176331360947,long_nclose,35.36752899408284,0.01837997588787276,1.0
1667983500000.0,567650,1667983500000.0,0.09982366863905234,-0.0023778,1924.339850202727,1924.481497540005,-1.0,11.889,2.0,11.789176331360947,long_nclose,23.578352662721894,0.01225269676779699,1.0
1667984100000.0,567660,1667984100000.0,0.0,-0.0105885,1924.3292617027269,1924.215909040005,4.5,11.765,6.5,11.772438871187983,long_ientry_partial,76.5208526627219,0.039764947810965075,10.0
1667985480000.0,567683,1667985480000.0,0.0,-0.015379180000000001,1924.3138825227268,1921.9711298600048,6.7,11.477,13.2,11.622481262327415,long_rentry,153.41675266272188,0.07972543047997784,23.0
1667988660000.0,567736,1667988660000.0,0.0,-0.015306800000000002,1924.2985757227268,1919.8478230600049,6.8,11.255,20.0,11.497537633136094,long_rentry,229.95075266272187,0.11949847885552642,53.0
1667992500000.0,567800,1667992500000.0,0.643251621301783,-0.0153054,1924.9265219440285,1926.2995176600048,-6.6,11.595,13.4,11.497537633136094,long_nclose,154.06700428402365,0.08003786249899439,64.0
1667992680000.0,567803,1667992680000.0,0.42883441420118873,-0.010203600000000002,1925.3451527582297,1926.2673140600048,-4.4,11.595,9.0,11.497537633136094,long_nclose,103.47783869822484,0.05374508490074289,3.0
1667993220000.0,567812,1667993220000.0,0.2923871005917196,-0.006957000000000001,1925.6305828588213,1926.2453570600048,-3.0,11.595,6.0,11.497537633136094,long_nclose,68.98522579881657,0.03582474562509286,9.0
1667993400000.0,567815,1667993400000.0,0.19492473372781305,-0.004638000000000001,1925.820869592549,1926.0707190600044,-2.0,11.595,4.0,11.497537633136094,long_nclose,45.99015053254438,0.023880803899624704,3.0
1667993640000.0,567819,1667993640000.0,0.1267010769230785,-0.0030147000000000004,1925.944555969472,1926.2617043600046,-1.3,11.595,2.7,11.497537633136094,long_nclose,31.043351609467457,0.01611850741665874,4.0
1667993760000.0,567821,1667993760000.0,0.08771613017751588,-0.0020871,1926.0301849996497,1926.1606172600048,-0.9,11.595,1.8,11.497537633136094,long_nclose,20.69556773964497,0.010745193871221045,2.0
1667993880000.0,567823,1667993880000.0,0.05847742011834391,-0.0013914,1926.087271019768,1926.2402258600046,-0.6,11.595,1.2,11.497537633136094,long_nclose,13.797045159763313,0.007163250267709032,2.0
1667994000000.0,567825,1667994000000.0,0.03898494674556261,-0.0009276000000000002,1926.1253283665135,1926.1752982600046,-0.4,11.595,0.8,11.497537633136094,long_nclose,9.198030106508876,0.004775405821753788,2.0
1667994120000.0,567827,1667994120000.0,0.019492473372781306,-0.0004638000000000001,1926.1443570398862,1926.1968344600045,-0.2,11.595,0.6,11.497537633136094,long_nclose,6.898522579881656,0.0035815189835944382,2.0
1667994180000.0,567828,1667994180000.0,0.019492473372781306,-0.0004638000000000001,1926.163385713259,1926.2063706600045,-0.2,11.595,0.4,11.497537633136094,long_nclose,4.599015053254438,0.0023876557343817544,1.0
1667994480000.0,567833,1667994480000.0,0.009746236686390653,-0.00023190000000000005,1926.1729000499454,1926.2051387600045,-0.1,11.595,0.3,11.497537633136094,long_nclose,3.449261289940828,0.0017907329554119411,5.0
1667995380000.0,567848,1667995380000.0,0.032046236686390554,-0.00023636,1926.204709926632,1926.2682024000048,-0.1,11.818,0.2,11.497537633136094,long_nclose,2.299507526627219,0.0011938022551688215,15.0
1667995440000.0,567849,1667995440000.0,0.032046236686390554,-0.00023636,1926.2365198033185,1926.268766040005,-0.1,11.818,0.1,11.497537633136094,long_nclose,1.1497537633136095,0.0005968912703570831,1.0
1667996940000.0,567874,1667996940000.0,0.009746236686390653,-0.00023190000000000005,1926.246034140005,1926.246034140005,-0.1,11.595,0.0,11.497537633136094,long_nclose,0.0,0.0,25.0
1667998620000.0,567902,1667998620000.0,0.0,-0.015400620000000002,1926.2306335200049,1926.780033520005,6.7,11.493,6.7,11.493,long_ientry_normal,77.0031,0.03997605409238254,28.0
1667998680000.0,567903,1667998680000.0,0.21339999999999898,-0.0050996,1926.438933920005,1926.717933920005,-2.2,11.59,4.5,11.493,long_nclose,51.7185,0.026846685399345028,1.0
1667998740000.0,567904,1667998740000.0,0.1454999999999993,-0.0034769999999999996,1926.580956920005,1926.946956920005,-1.5,11.59,3.0,11.493,long_nclose,34.479,0.017896470883383503,1.0
1667999340000.0,567914,1667999340000.0,0.0,-0.0085026,1926.5724543200051,1926.429454320005,3.7,11.49,6.7,11.49134328358209,long_ientry_partial,76.992,0.03996319984091892,10.0
1667999580000.0,567918,1667999580000.0,0.21264477611940047,-0.00509872,1926.7800003761245,1927.178955600005,-2.2,11.588,4.5,11.49134328358209,long_nclose,51.71104477611941,0.02683806390248236,4.0
1667999640000.0,567919,1667999640000.0,0.14498507462686394,-0.0034763999999999997,1926.9215090507514,1927.187479200005,-1.5,11.588,3.0,11.49134328358209,long_nclose,34.47402985074627,0.01789072865128223,1.0
1667999700000.0,567920,1667999700000.0,0.0966567164179093,-0.0023176,1927.0158481671695,1927.1631616000052,-1.0,11.588,2.0,11.49134328358209,long_nclose,22.98268656716418,0.0119265685277179,1.0
1668000000000.0,567925,1668000000000.0,0.057994029850745574,-0.0013905599999999999,1927.0724516370203,1927.2175710400054,-0.6,11.588,1.4,11.49134328358209,long_nclose,16.087880597014927,0.008348352747894094,5.0
1668000300000.0,567930,1668000300000.0,0.03866268656716372,-0.0009270400000000001,1927.1101872835875,1927.1988440000055,-0.4,11.588,1.0,11.49134328358209,long_nclose,11.49134328358209,0.005962992339208189,5.0
1668000360000.0,567931,1668000360000.0,0.028997014925372787,-0.0006952799999999999,1927.138489018513,1927.1725487200054,-0.3,11.588,0.7,11.49134328358209,long_nclose,8.043940298507463,0.004174033337170399,1.0
1668000960000.0,567941,1668000960000.0,0.0,-0.013767600000000003,1927.124721418513,1926.9577811200056,6.0,11.473,6.7,11.474916462463801,long_ientry_partial,76.88194029850747,0.03989463652457139,10.0
1668001380000.0,567948,1668001380000.0,0.21358378257963617,-0.00509168,1927.3332135210926,1927.9635894400055,-2.2,11.572,4.5,11.474916462463801,long_nclose,51.6371240810871,0.026792006550206214,7.0
1668002040000.0,567959,1668002040000.0,0.14562530630429737,-0.0034715999999999996,1927.4753672273969,1927.7606178400056,-1.5,11.572,3.0,11.474916462463801,long_nclose,34.4247493873914,0.017860020404260806,11.0
1668002100000.0,567960,1668002100000.0,0.09708353753619825,-0.0023144,1927.5701363649332,1927.7903034400056,-1.0,11.572,2.0,11.474916462463801,long_nclose,22.949832924927602,0.011906094876634191,1.0
1668002700000.0,567970,1668002700000.0,0.0,-0.01076958,1927.5593667849332,1927.6106338600057,4.7,11.457,6.7,11.462348197750389,long_ientry_partial,76.7977329249276,0.03984195467505738,10.0
1668003060000.0,567976,1668003060000.0,0.21263396494914277,-0.0050859600000000005,1927.7669147898823,1928.2288479000056,-2.2,11.559,4.5,11.462348197750389,long_nclose,51.58056688987675,0.026756640802448252,6.0
1668003600000.0,567985,1668003600000.0,0.0,-0.00503668,1927.7618781098822,1927.6459112200055,2.2,11.447,6.7,11.45730849102638,long_ientry_partial,76.76396688987674,0.03982025361199782,9.0
1668004980000.0,568008,1668004980000.0,0.21272131974196498,-0.0050837600000000005,1927.9695156696243,1928.5666274600055,-2.2,11.554,4.5,11.45730849102638,long_nclose,51.55788820961871,0.02674206609107695,23.0
1668005100000.0,568010,1668005100000.0,0.7033213197419628,-0.005181880000000001,1928.6676551093663,1929.4098455800056,-2.2,11.777,2.3,11.45730849102638,long_nclose,26.351809529360672,0.013663219507803886,2.0
1668005280000.0,568013,1668005280000.0,0.3516606598709814,-0.0025909400000000003,1929.0167248292373,1929.3739546400056,-1.1,11.777,1.2,11.45730849102638,long_nclose,13.748770189231655,0.007127346285941995,3.0
1668005340000.0,568014,1668005340000.0,0.19181490538417165,-0.0014132399999999999,1929.2071264946217,1929.3797414000057,-0.6,11.777,0.6,11.45730849102638,long_nclose,6.874385094615827,0.0035633214288953085,1.0
1668007800000.0,568055,1668007800000.0,0.01933830179472409,-0.00046216000000000003,1929.2260026364163,1929.2650792400057,-0.2,11.554,0.4,11.45730849102638,long_nclose,4.5829233964105525,0.002375524376173492,41.0
1668007980000.0,568058,1668007980000.0,0.0,-0.014625280000000001,1929.2113773564163,1929.4300539600058,6.4,11.426,6.8,11.42784167594273,long_ientry_partial,77.70932339641057,0.04028035720113524,3.0
1668008220000.0,568062,1668008220000.0,0.0,-0.015373200000000004,1929.1960041564162,1927.9236807600055,6.9,11.14,13.7,11.282870320905882,long_rentry,154.57532339641057,0.08012421913759979,4.0
1668008580000.0,568068,1668008580000.0,0.0,-0.0155135,1929.1804906564162,1924.3816672600055,7.1,10.925,20.8,11.160712663288969,long_rentry,232.14282339641056,0.12033235071614397,6.0
1668010980000.0,568108,1668010980000.0,0.0,-0.021897359999999998,1929.1585932964163,1917.5239699000058,10.2,10.734,31.0,11.020310432142276,long_rentry,341.6296233964106,0.17708737093131202,40.0
1668017280000.0,568213,1668017280000.0,0.0,-0.031910879999999996,1929.1266824164163,1913.0426590200059,15.2,10.497,46.2,10.84813903455434,long_rentry,501.1840233964105,0.25979839891521767,105.0
1668027720000.0,568387,1668027720000.0,0.0,-0.046248979999999995,1929.0804334364163,1903.221010040006,22.7,10.187,68.9,10.630318191529904,long_rentry,732.4289233964105,0.3796777525194632,174.0
1668028980000.0,568408,1668028980000.0,0.0,-0.06607223999999999,1929.0143611964163,1875.251737800006,33.8,9.774,102.7,10.348491951279556,long_rentry,1062.7901233964103,0.5509498243119585,21.0
1668050400000.0,568765,1668050400000.0,2.992775266239194,-0.07138224,1931.9357542226555,1937.5190555600059,-34.2,10.436,68.5,10.348491951279556,long_nclose,708.8716986626496,0.36692301859068555,357.0
1668050460000.0,568766,1668050460000.0,1.9951835108261293,-0.047588160000000004,1933.8833495734816,1938.065267400006,-22.8,10.436,45.7,10.348491951279556,long_nclose,472.9260821734757,0.24454736749131206,1.0
1668050640000.0,568769,1668050640000.0,1.3301223405507527,-0.03172544,1935.1817464740325,1938.125241960006,-15.2,10.436,30.5,10.348491951279556,long_nclose,315.62900451402646,0.16310044526262887,3.0
1668050760000.0,568771,1668050760000.0,0.883831292076487,-0.02108072,1936.044497046109,1937.503261240006,-10.1,10.436,20.4,10.348491951279556,long_nclose,211.10923580610293,0.10904152054779717,2.0
1668050820000.0,568772,1668050820000.0,0.595054731299021,-0.01419296,1936.6253588174081,1937.8698682800061,-6.8,10.436,13.6,10.348491951279556,long_nclose,140.73949053740196,0.07267254345122483,1.0
1668051240000.0,568779,1668051240000.0,0.3937862192419992,-0.0093924,1937.00975263665,1937.842475880006,-4.5,10.436,9.1,10.348491951279556,long_nclose,94.17127675664395,0.048616831499406946,7.0
1668051360000.0,568781,1668051360000.0,0.2625241461613328,-0.0062616,1937.2660151828113,1937.7327142800061,-3.0,10.436,6.1,10.348491951279556,long_nclose,63.12580090280529,0.03258499370147077,2.0
1668051420000.0,568782,1668051420000.0,0.17501609744088853,-0.0041744,1937.4368568802522,1937.750539880006,-2.0,10.436,4.1,10.348491951279556,long_nclose,42.42881700024618,0.021899457961467174,1.0
1668051480000.0,568783,1668051480000.0,0.11376046333657755,-0.00271336,1937.5479039835889,1938.0421265200061,-1.3,10.436,2.8,10.348491951279556,long_nclose,28.975777463582755,0.014954870227470867,1.0
1668051780000.0,568788,1668051780000.0,0.40391126820862266,-0.00297836,1937.9488368917976,1938.3219481600063,-1.4,10.637,1.4,10.348491951279556,long_nclose,14.487888731791378,0.0074758881431709785,5.0
1668051840000.0,568789,1668051840000.0,0.20195563410431133,-0.00148918,1938.149303345902,1938.3743589800063,-0.7,10.637,0.7,10.348491951279556,long_nclose,7.243944365895689,0.0037375574489489473,1.0
1668052140000.0,568794,1668052140000.0,0.08655241461613343,-0.00063822,1938.235217540518,1938.3438207600063,-0.3,10.637,0.4,10.348491951279556,long_nclose,4.139396780511823,0.0021356524445801895,5.0
1668052200000.0,568795,1668052200000.0,0.05770160974408896,-0.00042548000000000005,1938.292493670262,1938.335795280006,-0.2,10.637,0.2,10.348491951279556,long_nclose,2.0696983902559114,0.0010677946682529967,1.0
1668053100000.0,568810,1668053100000.0,0.008750804872044427,-0.00020872000000000002,1938.301035755134,1938.309186560006,-0.1,10.436,0.1,10.348491951279556,long_nclose,1.0348491951279557,0.0005338949812430933,15.0
1668053340000.0,568814,1668053340000.0,0.008750804872044427,-0.00020872000000000002,1938.309577840006,1938.309577840006,-0.1,10.436,0.0,10.348491951279556,long_nclose,0.0,0.0,4.0
1668176040000.0,570859,1668176040000.0,0.0,-0.015447959999999998,1938.294129880006,1938.3073298800061,6.6,11.703,6.6,11.703,long_ientry_normal,77.23979999999999,0.03984937002558104,2045.0
1668176340000.0,570864,1668176340000.0,0.0,-0.015516240000000002,1938.2786136400061,1936.3516136400062,6.8,11.409,13.4,11.553805970149254,long_rentry,154.821,0.07987551372155556,5.0
1668176640000.0,570869,1668176640000.0,0.0,-0.015439440000000002,1938.2631742000062,1935.0259742000062,6.9,11.188,20.3,11.429467980295566,long_rentry,232.0182,0.11970417799211534,5.0
1668177900000.0,570890,1668177900000.0,0.6467645320197043,-0.01544484,1938.8944938920258,1940.873729360006,-6.7,11.526,13.6,11.429467980295566,long_nclose,155.4407645320197,0.08016979006423233,21.0
1668178020000.0,570892,1668178020000.0,2.1660177339901443,-0.01597728,1941.044534346016,1943.5641520800061,-6.8,11.748,6.8,11.429467980295566,long_nclose,77.72038226600985,0.04004049412096343,2.0
1668178140000.0,570894,1668178140000.0,1.0830088669950722,-0.00798864,1942.119554573011,1943.0053634400062,-3.4,11.748,3.4,11.429467980295566,long_nclose,38.860191133004925,0.020009165265600044,2.0
1668178200000.0,570895,1668178200000.0,0.0,-0.0077088,1942.111845773011,1943.3321546400061,3.3,11.68,6.7,11.552864348209692,long_ientry_partial,77.40419113300494,0.039855681484809675,1.0
1668178680000.0,570903,1668178680000.0,0.2136984339386789,-0.005126,1942.3204182069496,1942.712528640006,-2.2,11.65,4.5,11.552864348209692,long_nclose,51.987889566943615,0.026765866784707007,8.0
1668178740000.0,570904,1668178740000.0,0.0,-0.005121600000000001,1942.3152966069497,1942.539907040006,2.2,11.64,6.7,11.581476054767704,long_ientry_partial,77.59588956694361,0.039950202576531556,1.0
1668178740000.0,570904,1668178740000.0,0.10278591784844515,-0.0034950000000000003,1942.4145875247982,1942.588912040006,-1.5,11.65,5.2,11.581476054767704,long_nclose,60.22367548479206,0.031004542424454586,0.0
1668178800000.0,570905,1668178800000.0,0.0,-0.0034845,1942.4111030247982,1942.9874275400061,1.5,11.615,6.7,11.588981415640607,long_ientry_partial,77.64617548479207,0.039974120495850966,1.0
1668178800000.0,570905,1668178800000.0,0.1530315934109689,-0.00397086,1942.5601637582092,1942.9902566800063,-1.7,11.679,5.0,11.588981415640607,long_nclose,57.94490707820303,0.029829144115721424,0.0
1668178860000.0,570906,1668178860000.0,0.0,-0.0039695,1942.5561942582092,1942.8187871800062,1.7,11.675,6.7,11.610807026597467,long_ientry_partial,77.79240707820303,0.04004641271544224,1.0
1668178860000.0,570906,1668178860000.0,0.12190875744405219,-0.0037398400000000004,1942.6743631756533,1942.8742473400061,-1.6,11.687,5.1,11.610807026597467,long_nclose,59.215115835647076,0.03048123605175354,0.0
1668178920000.0,570907,1668178920000.0,0.0,-0.0037280000000000004,1942.6706351756534,1942.8370193400062,1.6,11.65,6.7,11.620166542633893,long_ientry_partial,77.85511583564708,0.04007633328364359,1.0
1668183360000.0,570981,1668183360000.0,0.0,-0.01563264,1942.6550025356535,1940.8606867000065,6.9,11.328,13.6,11.471934987915226,long_rentry,156.01831583564706,0.08031190079144465,74.0
1668189600000.0,571085,1668189600000.0,0.4367925543814861,-0.010412100000000002,1943.081382990035,1944.0647746000066,-4.5,11.569,9.1,11.471934987915226,long_nclose,104.39460839002855,0.05372631805538941,104.0
1668191580000.0,571118,1668191580000.0,1.4402925543814815,-0.0106128,1944.5110627444167,1945.8591618000066,-4.5,11.792,4.6,11.471934987915226,long_nclose,52.77090094441004,0.027138390701635293,33.0
1668197520000.0,571217,1668197520000.0,0.14559751812716204,-0.0034707,1944.653189562544,1945.0191911000068,-1.5,11.569,3.1,11.471934987915226,long_nclose,35.5629984625372,0.018287578810151344,99.0
1668197640000.0,571219,1668197640000.0,0.0970650120847747,-0.0023138000000000004,1944.747940774629,1944.922377300007,-1.0,11.569,2.1,11.471934987915226,long_nclose,24.091063474621976,0.012387756258544262,2.0
1668198780000.0,571238,1668198780000.0,0.0,-0.010768640000000001,1944.737172134629,1944.696908660007,4.7,11.456,6.8,11.460921099209115,long_ientry_partial,77.93426347462197,0.04007444532418635,19.0
1668202260000.0,571296,1668202260000.0,0.21357358173994748,-0.0050855200000000005,1944.9456601963689,1945.470423140007,-2.2,11.558,4.6,11.460921099209115,long_nclose,52.720237056361924,0.027106277638131594,58.0
1668204900000.0,571340,1668204900000.0,0.14561835118632782,-0.0034674000000000003,1945.0878111475552,1945.3329557400068,-1.5,11.558,3.1,11.460921099209115,long_nclose,35.52885540754826,0.018265939051146016,44.0
1668205620000.0,571352,1668205620000.0,0.09707890079088521,-0.0023116,1945.182578448346,1945.3906441400068,-1.0,11.558,2.1,11.460921099209115,long_nclose,24.06793430833914,0.012373097813541959,12.0
1668205740000.0,571354,1668205740000.0,0.06795523055361964,-0.00161812,1945.2489155588996,1945.3876260200068,-0.7,11.558,1.4,11.460921099209115,long_nclose,16.04528953889276,0.008248450576456281,2.0
1668206220000.0,571362,1668206220000.0,0.03883156031635409,-0.00092464,1945.286822479216,1945.3859013800068,-0.4,11.558,1.0,11.460921099209115,long_nclose,11.460921099209115,0.0058916356018915905,8.0
1668206760000.0,571371,1668206760000.0,0.029123670237265562,-0.00069348,1945.3152526694532,1945.3846079000068,-0.3,11.558,0.7,11.460921099209115,long_nclose,8.02264476944638,0.004124084648201534,9.0
1668207300000.0,571380,1668207300000.0,0.019415780158177045,-0.00046232,1945.3342061296114,1945.383745580007,-0.2,11.558,0.5,11.460921099209115,long_nclose,5.730460549604557,0.0029457460479275378,9.0
1668207540000.0,571384,1668207540000.0,0.009707890079088522,-0.00023116,1945.3436828596905,1945.381314420007,-0.1,11.558,0.4,11.460921099209115,long_nclose,4.584368439683646,0.0023565853581946723,4.0
1668207660000.0,571386,1668207660000.0,0.009707890079088522,-0.00023116,1945.3531595897696,1945.3918832600068,-0.1,11.558,0.3,11.460921099209115,long_nclose,3.438276329762734,0.0017674304086193727,2.0
1668208920000.0,571407,1668208920000.0,0.009707890079088522,-0.00023116,1945.3626363198487,1945.384452100007,-0.1,11.558,0.2,11.460921099209115,long_nclose,2.292184219841823,0.0011782811991177522,21.0
1668209400000.0,571415,1668209400000.0,0.009707890079088522,-0.00023116,1945.3721130499277,1945.3840209400068,-0.1,11.558,0.1,11.460921099209115,long_nclose,1.1460921099209116,0.0005891377296059231,8.0
1668212160000.0,571461,1668212160000.0,0.009707890079088522,-0.00023116,1945.3815897800068,1945.3815897800068,-0.1,11.558,0.0,11.460921099209115,long_nclose,0.0,0.0,46.0
1668216900000.0,571540,1668216900000.0,0.0,-0.015668520000000002,1945.3659212600069,1945.5108212600069,6.9,11.354,6.9,11.354,long_ientry_normal,78.3426,0.040271395290639084,79.0
1668217680000.0,571553,1668217680000.0,0.2208000000000002,-0.005267,1945.581454260007,1946.023054260007,-2.3,11.45,4.6,11.354,long_nclose,52.22839999999999,0.026844622663133283,13.0
1668217740000.0,571554,1668217740000.0,0.14400000000000013,-0.0034349999999999997,1945.7220192600068,1946.050619260007,-1.5,11.45,3.1,11.354,long_nclose,35.1974,0.018089634414162722,1.0
1668218040000.0,571559,1668218040000.0,0.09600000000000009,-0.00229,1945.815729260007,1946.0488292600069,-1.0,11.45,2.1,11.354,long_nclose,23.8434,0.01225367831159821,5.0
1668219480000.0,571583,1668219480000.0,0.06720000000000005,-0.0016029999999999998,1945.881326260007,1946.008726260007,-0.7,11.45,1.4,11.354,long_nclose,15.895599999999998,0.008168843487773952,24.0
1668219540000.0,571584,1668219540000.0,0.03840000000000004,-0.000916,1945.918810260007,1946.014810260007,-0.4,11.45,1.0,11.354,long_nclose,11.354,0.0058347758088031,1.0
1668219600000.0,571585,1668219600000.0,0.028800000000000023,-0.000687,1945.946923260007,1946.017623260007,-0.3,11.45,0.7,11.354,long_nclose,7.947799999999999,0.004084284059857709,1.0
1668220980000.0,571608,1668220980000.0,0.01920000000000002,-0.000458,1945.965665260007,1946.016165260007,-0.2,11.45,0.5,11.354,long_nclose,5.677,0.002917317659477551,23.0
1668221100000.0,571610,1668221100000.0,0.00960000000000001,-0.000229,1945.975036260007,1946.023436260007,-0.1,11.45,0.4,11.354,long_nclose,4.5416,0.0023338428887189405,2.0
1668223380000.0,571648,1668223380000.0,0.0,-0.014697799999999999,1945.960338460007,1945.7272384600071,6.5,11.306,6.9,11.308782608695651,long_ientry_partial,78.03059999999999,0.04009876175675389,38.0
1668229200000.0,571745,1668229200000.0,0.0,-0.01565408,1945.944684380007,1943.923684380007,7.1,11.024,14.0,11.164357142857142,long_rentry,156.301,0.08032139929496439,97.0
1668321060000.0,573276,1668321060000.0,0.0,-0.015566400000000003,1945.929117980007,1941.286117980007,7.2,10.81,21.2,11.044009433962264,long_rentry,234.13299999999998,0.12031938770875904,1531.0
1668322860000.0,573306,1668322860000.0,0.0,-0.02209376,1945.907024220007,1935.791224220007,10.4,10.622,31.6,10.905120253164556,long_rentry,344.60179999999997,0.17709057817812718,30.0
1668334860000.0,573506,1668334860000.0,0.0,-0.032199700000000005,1945.874824520007,1930.114524520007,15.5,10.387,47.1,10.734613588110403,long_rentry,505.60029999999995,0.25983187285683573,200.0
1668381300000.0,574280,1668381300000.0,0.0,-0.0465696,1945.8282549200069,1913.240954920007,23.1,10.08,70.2,10.519206552706551,long_rentry,738.4482999999999,0.379503328792169,774.0
1668391800000.0,574455,1668391800000.0,0.0,-0.06654336000000001,1945.761711560007,1885.5556115600068,34.4,9.672,104.6,10.240584130019121,long_rentry,1071.1651,0.5505119633283345,175.0
1668410940000.0,574774,1668410940000.0,3.0072722753345897,-0.07187592,1948.6971079153416,1955.636335640007,-34.8,10.327,69.8,10.240584130019121,long_nclose,714.7927722753346,0.36680547703998945,319.0
1668411060000.0,574776,1668411060000.0,2.004848183556393,-0.04791728,1950.6540388188978,1955.0538183600067,-23.2,10.327,46.6,10.240584130019121,long_nclose,477.21122045889103,0.2446416488840009,2.0
1668411180000.0,574778,1668411180000.0,1.3394459847036249,-0.0320137,1951.9614711036013,1955.0533046600067,-15.5,10.327,31.1,10.240584130019121,long_nclose,318.4821664435947,0.16316006804352087,2.0
1668412260000.0,574796,1668412260000.0,4.423945984703622,-0.0326306,1956.352786488305,1960.7896740600065,-15.5,10.526,15.6,10.240584130019121,long_nclose,159.7531124282983,0.08165864231218672,18.0
1668412320000.0,574797,1668412320000.0,2.2262437858508553,-0.01642056,1958.5626097141558,1960.7810535000067,-7.8,10.526,7.8,10.240584130019121,long_nclose,79.87655621414915,0.040783253911809744,1.0
1668412680000.0,574803,1668412680000.0,1.1131218929254276,-0.00821028,1959.6675213270812,1960.7182432200066,-3.9,10.526,3.9,10.240584130019121,long_nclose,39.938278107074574,0.020380129625268518,6.0
1668412740000.0,574804,1668412740000.0,0.5422901529636698,-0.00399988,1960.2058116000449,1960.7646433400066,-1.9,10.526,2.0,10.240584130019121,long_nclose,20.481168260038242,0.010448478490796947,1.0
1668412800000.0,574805,1668412800000.0,0.28541586998087887,-0.0021052,1960.4891222700257,1960.7835381400066,-1.0,10.526,1.0,10.240584130019121,long_nclose,10.240584130019121,0.005223484289554067,1.0
1668412980000.0,574808,1668412980000.0,0.14270793499043943,-0.0010526,1960.6307776050162,1960.7829855400066,-0.5,10.526,0.5,10.240584130019121,long_nclose,5.1202920650095605,0.0026115534467250324,3.0
1668413520000.0,574817,1668413520000.0,0.057083173996175775,-0.00042104,1960.6874397390125,1960.7772645000068,-0.2,10.526,0.3,10.240584130019121,long_nclose,3.072175239005736,0.001566886785083233,9.0
1668413820000.0,574822,1668413820000.0,0.028541586998087887,-0.00021052,1960.7157708060104,1960.7716539800065,-0.1,10.526,0.2,10.240584130019121,long_nclose,2.0481168260038243,0.0010445760963925358,5.0
1668413880000.0,574823,1668413880000.0,0.028541586998087887,-0.00021052,1960.7441018730083,1960.7730434600064,-0.1,10.526,0.1,10.240584130019121,long_nclose,1.0240584130019121,0.000522280501582882,1.0
1668414000000.0,574825,1668414000000.0,0.028541586998087887,-0.00021052,1960.7724329400062,1960.7724329400062,-0.1,10.526,0.0,10.240584130019121,long_nclose,0.0,0.0,2.0
1668439680000.0,575253,1668439680000.0,0.0,-0.01565256,1960.7567803800061,1960.687480380006,7.7,10.164,7.7,10.164,long_ientry_normal,78.2628,0.039914588480898794,428.0
1668447600000.0,575385,1668447600000.0,0.21500000000000075,-0.005125,1960.9666553800062,1961.3878553800062,-2.5,10.25,5.2,10.164,long_nclose,52.8528,0.026952421579936513,132.0
1668447780000.0,575388,1668447780000.0,0.1462000000000005,-0.0034850000000000003,1961.109370380006,1961.410370380006,-1.7,10.25,3.5,10.164,long_nclose,35.574,0.018139732815160018,3.0
1668447840000.0,575389,1668447840000.0,0.09460000000000034,-0.002255,1961.201715380006,1961.4201153800059,-1.1,10.25,2.4,10.164,long_nclose,24.3936,0.01243808824390787,1.0
1668448020000.0,575392,1668448020000.0,0.06880000000000024,-0.0016400000000000004,1961.268875380006,1961.406475380006,-0.8,10.25,1.6,10.164,long_nclose,16.2624,0.008291774883160309,3.0
1668448140000.0,575394,1668448140000.0,0.04300000000000015,-0.001025,1961.3108503800058,1961.410950380006,-0.5,10.25,1.1,10.164,long_nclose,11.1804,0.005700473230866891,2.0
1668448620000.0,575402,1668448620000.0,0.02580000000000009,-0.000615,1961.3360353800058,1961.4168353800058,-0.3,10.25,0.8,10.164,long_nclose,8.1312,0.004145745478247226,8.0
1668455040000.0,575509,1668455040000.0,0.01720000000000006,-0.0004100000000000001,1961.3528253800057,1961.3834253800057,-0.2,10.25,0.6,10.164,long_nclose,6.0984,0.0031092824916998064,107.0
1668455700000.0,575520,1668455700000.0,0.0,-0.01455408,1961.3382713000058,1961.2494713000058,7.2,10.107,7.8,10.111384615384615,long_ientry_partial,78.8688,0.040211727448587704,11.0
1668467160000.0,575711,1668467160000.0,0.22259999999999777,-0.00530244,1961.555568860006,1962.198368860006,-2.6,10.197,5.2,10.111384615384615,long_nclose,52.5792,0.02680484857768132,191.0
1668468900000.0,575740,1668468900000.0,0.7322000000000017,-0.00540436,1962.2823645000058,1962.9027645000058,-2.6,10.393,2.6,10.111384615384615,long_nclose,26.2896,0.013397460261382237,29.0
1668472200000.0,575795,1668472200000.0,0.36610000000000087,-0.00270218,1962.6457623200058,1962.994962320006,-1.3,10.393,1.3,10.111384615384615,long_nclose,13.1448,0.006697489813170251,55.0
1668476880000.0,575873,1668476880000.0,0.16896923076923115,-0.0012471600000000002,1962.813484390775,1963.022515160006,-0.6,10.393,0.7,10.111384615384615,long_nclose,7.07796923076923,0.0036060325074473974,78.0
1668477000000.0,575875,1668477000000.0,0.08448461538461557,-0.0006235800000000001,1962.8973454261597,1963.0027915800058,-0.3,10.393,0.4,10.111384615384615,long_nclose,4.044553846153846,0.002060501969488243,2.0
1668477240000.0,575879,1668477240000.0,0.05632307692307706,-0.00041572000000000007,1962.9532527830827,1963.0119758600058,-0.2,10.393,0.2,10.111384615384615,long_nclose,2.022276923076923,0.0010302216419111007,4.0
1668477840000.0,575889,1668477840000.0,0.02816153846153853,-0.00020786000000000003,1962.9812064615442,1963.0105680000056,-0.1,10.393,0.1,10.111384615384615,long_nclose,1.0111384615384615,0.0005151034855606858,10.0
1668478140000.0,575894,1668478140000.0,0.02816153846153853,-0.00020786000000000003,1963.0091601400056,1963.0091601400056,-0.1,10.393,0.0,10.111384615384615,long_nclose,0.0,0.0,5.0
1668587100000.0,577710,1668587100000.0,0.0,-0.0157472,1962.9934129400056,1962.8794129400055,7.6,10.36,7.6,10.36,long_ientry_normal,78.73599999999999,0.040110170253743166,1816.0
1668607380000.0,578048,1668607380000.0,0.0,-0.01575444,1962.9776585000056,1959.9314585000056,7.8,10.099,15.4,10.227805194805192,long_rentry,157.50819999999996,0.08023942571020326,338.0
1668657840000.0,578889,1668657840000.0,0.0,-0.01564832,1962.9620101800056,1958.3482101800055,7.9,9.904,23.3,10.118017167381973,long_rentry,235.7498,0.12009901301063973,841.0
1668732900000.0,580140,1668732900000.0,0.6620678111588111,-0.01571416,1963.6083638311643,1964.8092960200056,-7.7,10.204,15.6,10.118017167381973,long_nclose,157.84106781115878,0.08038317147070898,1251.0
1668733140000.0,580144,1668733140000.0,0.4471107296137426,-0.010612160000000002,1964.0448624007781,1964.8454838600055,-5.2,10.204,10.4,10.118017167381973,long_nclose,105.22737854077252,0.05357687115769155,4.0
1668733200000.0,580145,1668733200000.0,0.2923416309012932,-0.006938720000000001,1964.3302653116793,1964.8691451400055,-3.4,10.204,7.0,10.118017167381973,long_nclose,70.82612017167381,0.03605611613403302,1.0
1668733260000.0,580146,1668733260000.0,0.19776051502146305,-0.00469384,1964.5233319867007,1964.9556513000055,-2.3,10.204,4.7,10.118017167381973,long_nclose,47.55468068669528,0.024206727358439543,1.0
1668739260000.0,580246,1668739260000.0,0.12897424892704112,-0.0030612000000000005,1964.6492450356277,1964.9275901000053,-1.5,10.204,3.2,10.118017167381973,long_nclose,32.37765493562232,0.016480119806339868,100.0
1668739380000.0,580248,1668739380000.0,0.08598283261802742,-0.0020408,1964.7331870682458,1964.9245493000055,-1.0,10.204,2.2,10.118017167381973,long_nclose,22.259637768240342,0.011329598295968085,2.0
1668740460000.0,580266,1668740460000.0,0.06018798283261919,-0.0014285600000000002,1964.7919464910783,1964.9224207400052,-0.7,10.204,1.5,10.118017167381973,long_nclose,15.17702575107296,0.007724495093833018,18.0
1668741000000.0,580275,1668741000000.0,0.04299141630901371,-0.0010204,1964.8339175073872,1964.9159003400052,-0.5,10.204,1.0,10.118017167381973,long_nclose,10.118017167381973,0.005149553393407324,9.0
1668741180000.0,580278,1668741180000.0,0.025794849785408223,-0.00061224,1964.8591001171726,1964.9129881000051,-0.3,10.204,0.7,10.118017167381973,long_nclose,7.0826120171673805,0.003604641175921986,3.0
1668741960000.0,580291,1668741960000.0,0.017196566523605485,-0.0004081600000000001,1964.8758885236962,1964.924379940005,-0.2,10.204,0.5,10.118017167381973,long_nclose,5.059008583690987,0.0025747216978127094,13.0
1668742200000.0,580295,1668742200000.0,0.008598283261802743,-0.00020408000000000004,1964.884282726958,1964.9150758600051,-0.1,10.204,0.4,10.118017167381973,long_nclose,4.04720686695279,0.002059768558653178,4.0
1668742260000.0,580296,1668742260000.0,0.008598283261802743,-0.00020408000000000004,1964.8926769302197,1964.9202717800051,-0.1,10.204,0.3,10.118017167381973,long_nclose,3.035405150214592,0.00154481981934853,1.0
1668742980000.0,580308,1668742980000.0,0.008598283261802743,-0.00020408000000000004,1964.9010711334815,1964.919467700005,-0.1,10.204,0.2,10.118017167381973,long_nclose,2.023603433476395,0.001029875479842377,12.0
1668754260000.0,580496,1668754260000.0,0.008598283261802743,-0.00020408000000000004,1964.9094653367433,1964.9176636200052,-0.1,10.204,0.1,10.118017167381973,long_nclose,1.0118017167381974,0.0005149355400783294,188.0
1668766260000.0,580696,1668766260000.0,0.008598283261802743,-0.00020408000000000004,1964.917859540005,1964.917859540005,-0.1,10.204,0.0,10.118017167381973,long_nclose,0.0,0.0,200.0
1668791100000.0,581110,1668791100000.0,0.0,-0.015662540000000003,1964.9021970000051,1964.957497000005,7.9,9.913,7.9,9.913,long_ientry_normal,78.3127,0.039855775070925734,414.0
1668814500000.0,581500,1668814500000.0,0.21839999999999904,-0.00519844,1965.1153985600051,1965.5764985600051,-2.6,9.997,5.3,9.913,long_nclose,52.5389,0.026735783577137195,390.0
1668815100000.0,581510,1668815100000.0,0.14279999999999937,-0.00339898,1965.2547995800053,1965.5499995800053,-1.7,9.997,3.6,9.913,long_nclose,35.686800000000005,0.018158866732001688,10.0
1668815160000.0,581511,1668815160000.0,0.10079999999999956,-0.00239928,1965.3532003000053,1965.5740003000053,-1.2,9.997,2.4,9.913,long_nclose,23.7912,0.012105305039505543,1.0
1668816000000.0,581525,1668816000000.0,0.0671999999999997,-0.00159952,1965.4188007800053,1965.5580007800054,-0.8,9.997,1.6,9.913,long_nclose,15.860800000000001,0.008069933997632164,14.0
1668835020000.0,581842,1668835020000.0,0.0,-0.01250816,1965.4062926200054,1965.2846926200054,6.4,9.772,8.0,9.8002,long_ientry_partial,78.4016,0.03989078507298658,317.0
1668847920000.0,582057,1668847920000.0,0.21527999999999708,-0.00513916,1965.6164334600053,1966.0743534600053,-2.6,9.883,5.4,9.8002,long_nclose,52.92108,0.02692340127969163,215.0
1668848040000.0,582059,1668848040000.0,0.14903999999999798,-0.0035578800000000002,1965.7619155800053,1966.0671955800053,-1.8,9.883,3.6,9.8002,long_nclose,35.28072,0.01794760582162886,2.0
1668848160000.0,582061,1668848160000.0,0.09935999999999864,-0.00237192,1965.8589036600051,1966.0624236600052,-1.2,9.883,2.4,9.8002,long_nclose,23.52048,0.011964480236201051,2.0
1668848400000.0,582065,1668848400000.0,0.0662399999999991,-0.00158128,1965.9235623800053,1966.0432423800053,-0.8,9.883,1.6,9.8002,long_nclose,15.680320000000002,0.007976057818350243,4.0
1668851160000.0,582111,1668851160000.0,0.04139999999999944,-0.0009883,1965.9639740800053,1966.0517540800054,-0.5,9.883,1.1,9.8002,long_nclose,10.780220000000002,0.005483427032300897,46.0
1668859080000.0,582243,1668859080000.0,0.02483999999999966,-0.00059298,1965.9882211000054,1966.0520611000054,-0.3,9.883,0.8,9.8002,long_nclose,7.840160000000001,0.00398789774824454,132.0
1668859140000.0,582244,1668859140000.0,0.016559999999999776,-0.00039532,1966.0043857800054,1966.0522657800054,-0.2,9.883,0.6,9.8002,long_nclose,5.88012,0.0029908987195199376,1.0
1668859200000.0,582245,1668859200000.0,0.016559999999999776,-0.00039532,1966.0205504600053,1966.0564704600054,-0.2,9.883,0.4,9.8002,long_nclose,3.9200800000000005,0.0019939160855072385,1.0
1668859320000.0,582247,1668859320000.0,0.008279999999999888,-0.00019766,1966.0286328000054,1966.0525728000055,-0.1,9.883,0.3,9.8002,long_nclose,2.94006,0.0014954309163914797,2.0
1668859380000.0,582248,1668859380000.0,0.008279999999999888,-0.00019766,1966.0367151400055,1966.0536751400055,-0.1,9.883,0.2,9.8002,long_nclose,1.9600400000000002,0.0009969498458020515,1.0
1668859680000.0,582253,1668859680000.0,0.008279999999999888,-0.00019766,1966.0447974800056,1966.0527774800057,-0.1,9.883,0.1,9.8002,long_nclose,0.9800200000000001,0.0004984728736884068,5.0
1668859740000.0,582254,1668859740000.0,0.008279999999999888,-0.00019766,1966.0528798200057,1966.0528798200057,-0.1,9.883,0.0,9.8002,long_nclose,0.0,0.0,1.0
1668933720000.0,583487,1668933720000.0,0.0,-0.0156736,1966.0372062200058,1966.389206220006,8.0,9.796,8.0,9.796,long_ientry_normal,78.368,0.039860893655554945,1233.0
1668934380000.0,583498,1668934380000.0,0.2158000000000005,-0.0051370800000000005,1966.2478691400058,1966.6744691400058,-2.6,9.879,5.4,9.796,long_nclose,52.8984,0.02690322050959761,11.0
1668934440000.0,583499,1668934440000.0,0.14940000000000034,-0.00355644,1966.3937127000058,1966.6601127000058,-1.8,9.879,3.6,9.796,long_nclose,35.2656,0.017934150100377248,1.0
1668934980000.0,583508,1668934980000.0,0.09960000000000022,-0.00237096,1966.4909417400058,1966.6805417400058,-1.2,9.879,2.4,9.796,long_nclose,23.510399999999997,0.011955508922506066,9.0
1668935100000.0,583510,1668935100000.0,0.06640000000000015,-0.0015806400000000001,1966.5557611000058,1966.6661611000059,-0.8,9.879,1.6,9.796,long_nclose,15.6736,0.007970076572470475,2.0
1668935160000.0,583511,1668935160000.0,0.04150000000000009,-0.0009879,1966.596273200006,1966.688673200006,-0.5,9.879,1.1,9.796,long_nclose,10.7756,0.005479314766760013,1.0
1668943920000.0,583657,1668943920000.0,0.0,-0.0136724,1966.582600800006,1966.420000800006,7.0,9.766,8.1,9.770074074074076,long_ientry_partial,79.1376,0.040241177750584604,146.0
1668980340000.0,584264,1668980340000.0,0.0,-0.015809840000000002,1966.566790960006,1964.507990960006,8.3,9.524,16.4,9.645536585365855,long_rentry,158.1868,0.08043805108840417,607.0
1668981480000.0,584283,1668981480000.0,0.0,-0.015689520000000002,1966.551101440006,1962.292701440006,8.4,9.339,24.8,9.541709677419355,long_rentry,236.63440000000003,0.12032964707946038,19.0
1668989100000.0,584410,1668989100000.0,0.0,-0.02239188,1966.528709560006,1957.409909560006,12.2,9.177,37.0,9.421454054054054,long_rentry,348.5938,0.177263519370635,127.0
1668996720000.0,584537,1668996720000.0,0.0,-0.03248588,1966.496223680006,1949.4445236800061,18.1,8.974,55.1,9.274468239564428,long_rentry,511.0232,0.25986482651041953,127.0
1669123980000.0,586658,1669123980000.0,1.4371312159709713,-0.03423198,1967.8991229159772,1969.3906917000063,-18.3,9.353,36.8,9.274468239564428,long_nclose,341.3004312159709,0.1734339058550123,2121.0
1669125240000.0,586679,1669125240000.0,0.9580874773139807,-0.02282132,1968.834389073291,1970.2004703800062,-12.2,9.353,24.6,9.274468239564428,long_nclose,228.15191869328493,0.11588172167221925,21.0
1669125300000.0,586680,1669125300000.0,0.6439604355716919,-0.015338919999999999,1969.4630105888627,1970.783731460006,-8.2,9.353,16.4,9.274468239564428,long_nclose,152.1012791288566,0.07722982270348851,1.0
1669125420000.0,586682,1669125420000.0,0.4240715063520899,-0.010101240000000001,1969.8769808552147,1970.817830220006,-5.4,9.353,11.0,9.274468239564428,long_nclose,102.0191506352087,0.05178960494828336,2.0
1669125540000.0,586684,1669125540000.0,0.2827143375680599,-0.00673416,1970.1529610327827,1970.711896060006,-3.6,9.353,7.4,9.274468239564428,long_nclose,68.63106497277677,0.034835399245751644,2.0
1669125600000.0,586685,1669125600000.0,0.18847622504537326,-0.00448944,1970.336947817828,1970.639606620006,-2.4,9.353,5.0,9.274468239564428,long_nclose,46.37234119782214,0.023535234036584484,1.0
1669130280000.0,586763,1669130280000.0,0.12565081669691552,-0.0029929600000000002,1970.459605674525,1970.7164136600059,-1.6,9.353,3.4,9.274468239564428,long_nclose,31.533192014519052,0.016002962924847503,78.0
1669132140000.0,586794,1669132140000.0,0.08638493647912943,-0.0020576600000000002,1970.543932951004,1970.717656000006,-1.1,9.353,2.3,9.274468239564428,long_nclose,21.33127695099818,0.010825070476380271,31.0
1669132200000.0,586795,1669132200000.0,0.05497223230490053,-0.00130942,1970.5975957633088,1970.7344465800059,-0.7,9.353,1.6,9.274468239564428,long_nclose,14.839149183303086,0.007530278741436887,1.0
1669132320000.0,586797,1669132320000.0,0.0392658802177861,-0.0009353,1970.6359263435265,1970.7245112800056,-0.5,9.353,1.1,9.274468239564428,long_nclose,10.201915063520872,0.005176965936295656,2.0
1669132440000.0,586799,1669132440000.0,0.023559528130671657,-0.00056118,1970.6589246916571,1970.7113501000056,-0.3,9.353,0.8,9.274468239564428,long_nclose,7.419574591651543,0.0037650221957168262,2.0
1669132500000.0,586800,1669132500000.0,0.01570635208711444,-0.00037412000000000003,1970.6742569237442,1970.7315759800056,-0.2,9.353,0.6,9.274468239564428,long_nclose,5.564680943738656,0.002823744677329483,1.0
1669132620000.0,586802,1669132620000.0,0.01570635208711444,-0.00037412000000000003,1970.6895891558313,1970.7238018600056,-0.2,9.353,0.4,9.274468239564428,long_nclose,3.7097872958257714,0.0018824818054754648,2.0
1669132800000.0,586805,1669132800000.0,0.00785317604355722,-0.00018706000000000001,1970.6972552718748,1970.7169148000055,-0.1,9.353,0.3,9.274468239564428,long_nclose,2.782340471869328,0.0014118558618916228,3.0
1669132860000.0,586806,1669132860000.0,0.00785317604355722,-0.00018706000000000001,1970.7049213879184,1970.7220277400054,-0.1,9.353,0.2,9.274468239564428,long_nclose,1.8548936479128857,0.000941233579812918,1.0
1669144980000.0,587008,1669144980000.0,0.00785317604355722,-0.00018706000000000001,1970.712587503962,1970.7186406800054,-0.1,9.353,0.1,9.274468239564428,long_nclose,0.9274468239564428,0.0004706149591966202,202.0
1669145160000.0,587011,1669145160000.0,0.00785317604355722,-0.00018706000000000001,1970.7202536200055,1970.7202536200055,-0.1,9.353,0.0,9.274468239564428,long_nclose,0.0,0.0,3.0
1669351620000.0,590452,1669351620000.0,0.0,-0.015721600000000002,1970.7045320200054,1970.7765320200056,8.0,9.826,8.0,9.826,long_ientry_normal,78.608,0.039888272809433016,3441.0
1669358880000.0,590573,1669358880000.0,0.2158000000000005,-0.0051526800000000015,1970.9151793400054,1971.2877793400053,-2.6,9.909,5.4,9.826,long_nclose,53.06040000000001,0.026921706502746705,121.0
1669359120000.0,590577,1669359120000.0,0.14940000000000034,-0.0035672400000000006,1971.0610121000054,1971.3634121000055,-1.8,9.909,3.6,9.826,long_nclose,35.3736,0.017946476432158895,4.0
1669359540000.0,590584,1669359540000.0,0.09960000000000022,-0.0023781600000000003,1971.1582339400054,1971.3598339400055,-1.2,9.909,2.4,9.826,long_nclose,23.5824,0.011963727515097989,7.0
1669360560000.0,590601,1669360560000.0,0.06640000000000015,-0.0015854400000000002,1971.2230485000052,1971.3494485000053,-0.8,9.909,1.6,9.826,long_nclose,15.721600000000002,0.007975556095472451,17.0
1669360620000.0,590602,1669360620000.0,0.04150000000000009,-0.0009909,1971.2635576000052,1971.3504576000053,-0.5,9.909,1.1,9.826,long_nclose,10.808600000000002,0.005483082137002203,1.0
1669360680000.0,590603,1669360680000.0,0.024900000000000054,-0.0005945400000000001,1971.287863060005,1971.3590630600052,-0.3,9.909,0.8,9.826,long_nclose,7.860800000000001,0.003987646932395648,1.0
1669364700000.0,590670,1669364700000.0,0.01660000000000004,-0.00039636000000000006,1971.304066700005,1971.360466700005,-0.2,9.909,0.6,9.826,long_nclose,5.8956,0.002990710616180755,67.0
1669366380000.0,590698,1669366380000.0,0.01660000000000004,-0.00039636000000000006,1971.320270340005,1971.353870340005,-0.2,9.909,0.4,9.826,long_nclose,3.9304000000000006,0.001993790688979271,28.0
1669366800000.0,590705,1669366800000.0,0.00830000000000002,-0.00019818000000000003,1971.3283721600048,1971.3565721600048,-0.1,9.909,0.3,9.826,long_nclose,2.9478,0.0014953368711322634,7.0
1669367400000.0,590715,1669367400000.0,0.00830000000000002,-0.00019818000000000003,1971.3364739800047,1971.3542739800048,-0.1,9.909,0.2,9.826,long_nclose,1.9652000000000003,0.0009968871503870593,10.0
1669371120000.0,590777,1669371120000.0,0.00830000000000002,-0.00019818000000000003,1971.3445758000046,1971.3534758000046,-0.1,9.909,0.1,9.826,long_nclose,0.9826000000000001,0.0004984415266931427,62.0
1669371480000.0,590783,1669371480000.0,0.00830000000000002,-0.00019818000000000003,1971.3526776200044,1971.3526776200044,-0.1,9.909,0.0,9.826,long_nclose,0.0,0.0,6.0
1669502760000.0,592971,1669502760000.0,0.0,-0.01580632,1971.3368713000045,1971.4237713000045,7.9,10.004,7.9,10.004,long_ientry_normal,79.0316,0.04009035753888292,2188.0
1669504140000.0,592994,1669504140000.0,0.22100000000000222,-0.005246280000000001,1971.5526250200046,1972.0084250200046,-2.6,10.089,5.3,10.004,long_nclose,53.02119999999999,0.026893119324908715,23.0
1669505580000.0,593018,1669505580000.0,0.14450000000000143,-0.00343026,1971.6936947600047,1972.0032947600048,-1.7,10.089,3.6,10.004,long_nclose,36.0144,0.01826571748731168,24.0
1669510680000.0,593103,1669510680000.0,0.10200000000000102,-0.00242136,1971.7932734000049,1971.999673400005,-1.2,10.089,2.4,10.004,long_nclose,24.0096,0.012176530026699876,85.0
1669510800000.0,593105,1669510800000.0,0.06800000000000068,-0.0016142400000000003,1971.8596591600049,1972.005259160005,-0.8,10.089,1.6,10.004,long_nclose,16.0064,0.008117413389763543,2.0
1669510980000.0,593108,1669510980000.0,0.042500000000000426,-0.0010089,1971.901150260005,1972.006750260005,-0.5,10.089,1.1,10.004,long_nclose,11.0044,0.005580604280569041,3.0
1669518000000.0,593225,1669518000000.0,0.13949999999999996,-0.0010283,1972.039621960005,1972.208221960005,-0.5,10.283,0.6,10.004,long_nclose,6.0024,0.0030437522315267837,117.0
1669518420000.0,593232,1669518420000.0,0.08369999999999997,-0.0006169799999999999,1972.122704980005,1972.207004980005,-0.3,10.283,0.3,10.004,long_nclose,3.0012,0.0015218120010592488,7.0
1669519800000.0,593255,1669519800000.0,0.027899999999999994,-0.00020566,1972.1503993200051,1972.2055993200051,-0.1,10.283,0.2,10.004,long_nclose,2.0008,0.0010145270871277734,23.0
1669543200000.0,593645,1669543200000.0,0.008500000000000086,-0.00020178000000000004,1972.158697540005,1972.167797540005,-0.1,10.089,0.1,10.004,long_nclose,1.0004,0.0005072614091593443,390.0
1669543620000.0,593652,1669543620000.0,0.008500000000000086,-0.00020178000000000004,1972.166995760005,1972.166995760005,-0.1,10.089,0.0,10.004,long_nclose,0.0,0.0,7.0
1669591320000.0,594447,1669591320000.0,0.0,-0.01580158,1972.151194180005,1971.866794180005,7.9,10.001,7.9,10.001,long_ientry_normal,79.00789999999999,0.040061786455906315,795.0
1669598280000.0,594563,1669598280000.0,0.0,-0.01579338,1972.1354008000048,1970.1606008000049,8.1,9.749,16.0,9.873425,long_rentry,157.9748,0.0801034249149003,116.0
1669599420000.0,594582,1669599420000.0,0.0,-0.01587126,1972.1195295400048,1967.096429540005,8.3,9.561,24.3,9.766711934156378,long_rentry,237.3311,0.12034316198641229,19.0
1669654440000.0,595499,1669654440000.0,0.6665333333333402,-0.01595538,1972.7701074933382,1973.795374160005,-8.1,9.849,16.2,9.766711934156378,long_nclose,158.22073333333333,0.08020231690066179,917.0
1669654560000.0,595501,1669654560000.0,0.44435555555556017,-0.010636920000000001,1973.2038261288938,1974.373337240005,-5.4,9.849,10.8,9.766711934156378,long_nclose,105.48048888888889,0.05345645872571843,2.0
1669654740000.0,595504,1669654740000.0,0.29623703703704013,-0.007091280000000001,1973.492971885931,1974.128645960005,-3.6,9.849,7.2,9.766711934156378,long_nclose,70.32032592592593,0.03563241771199502,3.0
1669654920000.0,595507,1669654920000.0,0.1974913580246934,-0.00472752,1973.6857357239558,1974.1815184400052,-2.4,9.849,4.8,9.766711934156378,long_nclose,46.880217283950614,0.023752625068628144,3.0
1669655940000.0,595524,1669655940000.0,0.1316609053497956,-0.0031516800000000005,1973.8142449493055,1974.064766760005,-1.6,9.849,3.2,9.766711934156378,long_nclose,31.25347818930041,0.01583405240349915,17.0
1669656000000.0,595525,1669656000000.0,0.08228806584362225,-0.0019698000000000003,1973.894563215149,1974.077796960005,-1.0,9.849,2.2,9.766711934156378,long_nclose,21.486766255144033,0.010885468076950185,1.0
1669656240000.0,595529,1669656240000.0,0.05760164609053557,-0.00137886,1973.9507860012395,1974.075718100005,-0.7,9.849,1.5,9.766711934156378,long_nclose,14.650067901234568,0.007421698658917512,4.0
1669667760000.0,595721,1669667760000.0,0.041144032921811124,-0.0009849000000000001,1973.9909451341614,1974.069233200005,-0.5,9.849,1.0,9.766711934156378,long_nclose,9.766711934156378,0.004947698447265465,192.0
1669667820000.0,595722,1669667820000.0,0.024686419753086674,-0.00059094,1974.0150406139146,1974.0768422600052,-0.3,9.849,0.7,9.766711934156378,long_nclose,6.836698353909465,0.0034633466378165313,1.0
1669668000000.0,595725,1669668000000.0,0.01645761316872445,-0.00039396000000000006,1974.0311042670833,1974.070248300005,-0.2,9.849,0.5,9.766711934156378,long_nclose,4.883355967078189,0.002473798896340733,3.0
1669668060000.0,595726,1669668060000.0,0.008228806584362225,-0.00019698000000000003,1974.0391360936676,1974.072451320005,-0.1,9.849,0.4,9.766711934156378,long_nclose,3.906684773662551,0.0019790310649024437,1.0
1669668360000.0,595731,1669668360000.0,0.008228806584362225,-0.00019698000000000003,1974.047167920252,1974.070654340005,-0.1,9.849,0.3,9.766711934156378,long_nclose,2.9300135802469134,0.001484267259598369,5.0
1669668840000.0,595739,1669668840000.0,0.008228806584362225,-0.00019698000000000003,1974.0551997468363,1974.071857360005,-0.1,9.849,0.2,9.766711934156378,long_nclose,1.9533423868312756,0.0009895074803793647,8.0
1669669080000.0,595743,1669669080000.0,0.008228806584362225,-0.00019698000000000003,1974.0632315734206,1974.072560380005,-0.1,9.849,0.1,9.766711934156378,long_nclose,0.9766711934156378,0.0004947517271962891,4.0
1669671060000.0,595776,1669671060000.0,0.008228806584362225,-0.00019698000000000003,1974.071263400005,1974.071263400005,-0.1,9.849,0.0,9.766711934156378,long_nclose,0.0,0.0,33.0
1669907520000.0,599717,1669907520000.0,0.0,-0.01573418,1974.055529220005,1974.117129220005,7.7,10.217,7.7,10.217,long_ientry_normal,78.6709,0.03985242503846115,3941.0
1669941300000.0,600280,1669941300000.0,0.21500000000000075,-0.005151500000000001,1974.2653777200048,1974.6969777200047,-2.5,10.303,5.2,10.217,long_nclose,53.128400000000006,0.026910465330327444,563.0
1669941360000.0,600281,1669941360000.0,0.1462000000000005,-0.0035030200000000004,1974.4080747000048,1974.7860747000047,-1.7,10.303,3.5,10.217,long_nclose,35.7595,0.01811150413038772,1.0
1669945080000.0,600343,1669945080000.0,0.09460000000000034,-0.00226666,1974.5004080400047,1974.6996080400047,-1.1,10.303,2.4,10.217,long_nclose,24.5208,0.012418736354853766,62.0
1669973760000.0,600821,1669973760000.0,0.06880000000000024,-0.0016484800000000003,1974.5675595600046,1974.7003595600047,-0.8,10.303,1.6,10.217,long_nclose,16.3472,0.008278876010523878,478.0
1669973820000.0,600822,1669973820000.0,0.04300000000000015,-0.0010303,1974.6095292600046,1974.7063292600046,-0.5,10.303,1.1,10.217,long_nclose,11.238700000000001,0.005691606281375419,1.0
1669973940000.0,600824,1669973940000.0,0.02580000000000009,-0.0006181800000000001,1974.6347110800045,1974.7051110800046,-0.3,10.303,0.8,10.217,long_nclose,8.1736,0.004139297235147629,2.0
1669974060000.0,600826,1669974060000.0,0.01720000000000006,-0.0004121200000000001,1974.6514989600046,1974.7012989600046,-0.2,10.303,0.6,10.217,long_nclose,6.1302,0.0031044465330862738,2.0
1669974300000.0,600830,1669974300000.0,0.01720000000000006,-0.0004121200000000001,1974.6682868400046,1974.7034868400046,-0.2,10.303,0.4,10.217,long_nclose,4.0868,0.002069613426840398,4.0
1669974720000.0,600837,1669974720000.0,0.00860000000000003,-0.00020606000000000004,1974.6766807800045,1974.7030807800045,-0.1,10.303,0.3,10.217,long_nclose,3.0651,0.0015522034720080223,7.0
1669975080000.0,600843,1669975080000.0,0.00860000000000003,-0.00020606000000000004,1974.6850747200044,1974.7016747200043,-0.1,10.303,0.2,10.217,long_nclose,2.0434,0.0010347979159612268,6.0
1669975140000.0,600844,1669975140000.0,0.00860000000000003,-0.00020606000000000004,1974.6934686600043,1974.7032686600044,-0.1,10.303,0.1,10.217,long_nclose,1.0217,0.0005173967586439173,1.0
1669976220000.0,600862,1669976220000.0,0.00860000000000003,-0.00020606000000000004,1974.7018626000042,1974.7018626000042,-0.1,10.303,0.0,10.217,long_nclose,0.0,0.0,18.0
1670106000000.0,603025,1670106000000.0,0.0,-0.015871100000000003,1974.6859915000043,1975.1599915000043,7.9,10.045,7.9,10.045,long_ientry_normal,79.3555,0.04018638930016425,2163.0
1670117700000.0,603220,1670117700000.0,0.22100000000000222,-0.005267600000000001,1974.9017239000043,1975.3522239000042,-2.6,10.13,5.3,10.045,long_nclose,53.238499999999995,0.02695754394039692,195.0
1670121600000.0,603285,1670121600000.0,0.14450000000000143,-0.0034442,1975.0427797000043,1975.3847797000044,-1.7,10.13,3.6,10.045,long_nclose,36.162,0.01830947682332874,65.0
1670123400000.0,603315,1670123400000.0,0.10200000000000102,-0.0024312,1975.1423485000043,1975.3583485000042,-1.2,10.13,2.4,10.045,long_nclose,24.108,0.012205702550152145,30.0
1670129400000.0,603415,1670129400000.0,0.06800000000000068,-0.0016208000000000004,1975.2087277000044,1975.3527277000044,-0.8,10.13,1.6,10.045,long_nclose,16.072,0.008136861575492704,100.0
1670129580000.0,603418,1670129580000.0,0.042500000000000426,-0.0010130000000000002,1975.2502147000043,1975.3492147000043,-0.5,10.13,1.1,10.045,long_nclose,11.0495,0.00559397483810838,3.0
1670137500000.0,603550,1670137500000.0,0.025500000000000255,-0.0006078,1975.2751069000044,1975.3591069000045,-0.3,10.13,0.8,10.045,long_nclose,8.036,0.004068294067964889,132.0
1670137680000.0,603553,1670137680000.0,0.01700000000000017,-0.0004052000000000001,1975.2917017000045,1975.3337017000044,-0.2,10.13,0.6,10.045,long_nclose,6.027,0.003051194917091463,3.0
1670138400000.0,603565,1670138400000.0,0.01700000000000017,-0.0004052000000000001,1975.3082965000046,1975.3442965000047,-0.2,10.13,0.4,10.045,long_nclose,4.018,0.002034112855759977,12.0
1670138640000.0,603569,1670138640000.0,0.008500000000000086,-0.00020260000000000005,1975.3165939000046,1975.3435939000046,-0.1,10.13,0.3,10.045,long_nclose,3.0135,0.0015255782335378645,4.0
1670138820000.0,603572,1670138820000.0,0.008500000000000086,-0.00020260000000000005,1975.3248913000045,1975.3418913000046,-0.1,10.13,0.2,10.045,long_nclose,2.009,0.0010170478835397215,3.0
1670138940000.0,603574,1670138940000.0,0.008500000000000086,-0.00020260000000000005,1975.3331887000045,1975.3416887000044,-0.1,10.13,0.1,10.045,long_nclose,1.0045,0.0005085218057117118,2.0
1670139900000.0,603590,1670139900000.0,0.008500000000000086,-0.00020260000000000005,1975.3414861000044,1975.3414861000044,-0.1,10.13,0.0,10.045,long_nclose,0.0,0.0,16.0
1670268000000.0,605725,1670268000000.0,0.0,-0.01570338,1975.3257827200043,1975.3873827200043,7.7,10.197,7.7,10.197,long_ientry_normal,78.51689999999999,0.039748835704398584,2135.0
1670277540000.0,605884,1670277540000.0,0.21500000000000075,-0.0051415,1975.5356412200042,1975.967241220004,-2.5,10.283,5.2,10.197,long_nclose,53.0244,0.026840518031481554,159.0
1670284920000.0,606007,1670284920000.0,0.1462000000000005,-0.0034962199999999995,1975.6783450000041,1975.9688450000042,-1.7,10.283,3.5,10.197,long_nclose,35.689499999999995,0.018064428397629635,123.0
1670284980000.0,606008,1670284980000.0,0.09460000000000034,-0.0022622600000000003,1975.770682740004,1976.0058827400042,-1.1,10.283,2.4,10.197,long_nclose,24.472799999999996,0.012386457706752209,1.0
1670286240000.0,606029,1670286240000.0,0.06880000000000024,-0.00164528,1975.837837460004,1975.9706374600041,-0.8,10.283,1.6,10.197,long_nclose,16.3152,0.008257357810787578,21.0
1670286600000.0,606035,1670286600000.0,0.04300000000000015,-0.0010283,1975.879809160004,1975.982109160004,-0.5,10.283,1.1,10.197,long_nclose,11.2167,0.005676812905319631,6.0
1670286780000.0,606038,1670286780000.0,0.02580000000000009,-0.0006169799999999999,1975.904992180004,1975.979392180004,-0.3,10.283,0.8,10.197,long_nclose,8.1576,0.00412853858474226,3.0
1670287320000.0,606047,1670287320000.0,0.01720000000000006,-0.00041132,1975.921780860004,1975.971580860004,-0.2,10.283,0.6,10.197,long_nclose,6.118199999999999,0.00309637762955227,9.0
1670287800000.0,606055,1670287800000.0,0.01720000000000006,-0.00041132,1975.938569540004,1975.973769540004,-0.2,10.283,0.4,10.197,long_nclose,4.0788,0.002064234213996612,8.0
1670300520000.0,606267,1670300520000.0,0.00860000000000003,-0.00020566,1975.946963880004,1975.9718638800039,-0.1,10.283,0.3,10.197,long_nclose,3.0590999999999995,0.0015481690834419448,212.0
1670300580000.0,606268,1670300580000.0,0.00860000000000003,-0.00020566,1975.955358220004,1975.971958220004,-0.1,10.283,0.2,10.197,long_nclose,2.0394,0.0010321083376282087,1.0
1670300640000.0,606269,1670300640000.0,0.00860000000000003,-0.00020566,1975.963752560004,1975.972052560004,-0.1,10.283,0.1,10.197,long_nclose,1.0197,0.0005160519764995208,1.0
1670395860000.0,607856,1670395860000.0,0.0,-0.01567992,1975.948072640004,1975.6887726400041,7.9,9.924,8.0,9.927412499999999,long_ientry_partial,79.41929999999999,0.04019300967453577,1587.0
1670397180000.0,607878,1670397180000.0,0.0,-0.015870279999999997,1975.932202360004,1973.8965023600042,8.2,9.677,16.2,9.800660493827161,long_rentry,158.7707,0.08035230146579334,22.0
1670443260000.0,608646,1670443260000.0,0.0,-0.015753400000000004,1975.9164489600041,1971.3737489600041,8.3,9.49,24.5,9.695416326530612,long_rentry,237.5377,0.12021646974244515,768.0
1670524560000.0,610001,1670524560000.0,0.6608277551020355,-0.01583874,1976.5614379751062,1978.1126102200042,-8.1,9.777,16.4,9.695416326530612,long_nclose,159.004827755102,0.08044517347155924,1355.0
1670524680000.0,610003,1670524680000.0,0.4405518367346904,-0.01055916,1976.9914306518408,1977.976851060004,-5.4,9.777,11.0,9.695416326530612,long_nclose,106.64957959183673,0.05394539295330831,2.0
1670524860000.0,610006,1670524860000.0,0.2937012244897936,-0.007039439999999999,1977.2780924363306,1977.867011620004,-3.6,9.777,7.4,9.695416326530612,long_nclose,71.74608081632654,0.03628527574890774,3.0
1670524920000.0,610007,1670524920000.0,0.19580081632652904,-0.0046929599999999995,1977.469200292657,1977.892118660004,-2.4,9.777,5.0,9.695416326530612,long_nclose,48.47708163265306,0.024514708813405874,1.0
1670525040000.0,610009,1670525040000.0,0.1305338775510194,-0.0031286400000000002,1977.5966055302079,1977.8841900200039,-1.6,9.777,3.4,9.695416326530612,long_nclose,32.96441551020408,0.016668928040239065,2.0
1670532840000.0,610139,1670532840000.0,0.08974204081632582,-0.00215094,1977.6841966310242,1977.8672390800039,-1.1,9.777,2.3,9.695416326530612,long_nclose,22.299457551020406,0.011275540143875058,130.0
1670532900000.0,610140,1670532900000.0,0.057108571428570974,-0.0013687799999999998,1977.739936422453,1977.883270300004,-0.7,9.777,1.6,9.695416326530612,long_nclose,15.51266612244898,0.007843632945244533,1.0
1670533380000.0,610148,1670533380000.0,0.040791836734693554,-0.0009777,1977.7797505591877,1977.867292600004,-0.5,9.777,1.1,9.695416326530612,long_nclose,10.664957959183674,0.005392389094978,8.0
1670533500000.0,610150,1670533500000.0,0.02447510204081613,-0.0005866199999999999,1977.8036390412287,1977.8673059800042,-0.3,9.777,0.8,9.695416326530612,long_nclose,7.75633306122449,0.003921690155744932,2.0
1670533680000.0,610153,1670533680000.0,0.016316734693877424,-0.00039108000000000003,1977.8195646959225,1977.8673149000042,-0.2,9.777,0.6,9.695416326530612,long_nclose,5.817249795918367,0.0029412439333477486,3.0
1670533740000.0,610154,1670533740000.0,0.016316734693877424,-0.00039108000000000003,1977.8354903506163,1977.867323820004,-0.2,9.777,0.4,9.695416326530612,long_nclose,3.878166530612245,0.0019608135001788,1.0
1670533800000.0,610155,1670533800000.0,0.008158367346938712,-0.00019554000000000002,1977.8434531779633,1977.8673282800041,-0.1,9.777,0.3,9.695416326530612,long_nclose,2.9086248979591836,0.001470604204435724,1.0
1670533860000.0,610156,1670533860000.0,0.008158367346938712,-0.00019554000000000002,1977.8514160053103,1977.8683327400042,-0.1,9.777,0.2,9.695416326530612,long_nclose,1.9390832653061225,0.000980398855856681,1.0
1670534460000.0,610166,1670534460000.0,0.008158367346938712,-0.00019554000000000002,1977.8593788326573,1977.8678372000043,-0.1,9.777,0.1,9.695416326530612,long_nclose,0.9695416326530613,0.0004901974543939973,10.0
1670534820000.0,610172,1670534820000.0,0.008158367346938712,-0.00019554000000000002,1977.8673416600043,1977.8673416600043,-0.1,9.777,0.0,9.695416326530612,long_nclose,0.0,0.0,6.0
1670789760000.0,614421,1670789760000.0,0.0,-0.01584404,1977.8514976200042,1978.1302976200043,8.2,9.661,8.2,9.661,long_ientry_normal,79.22019999999999,0.0400536643399808,4249.0
1670813640000.0,614819,1670813640000.0,0.0,-0.01582224,1977.8356753800042,1975.8762753800042,8.4,9.418,16.6,9.53803614457831,long_rentry,158.33139999999997,0.0800528587743163,398.0
1670839920000.0,615257,1670839920000.0,0.4453012048192928,-0.0105809,1978.2703956848236,1979.1801944800043,-5.5,9.619,11.1,9.53803614457831,long_nclose,105.87220120481923,0.053517558285134804,438.0
1670840820000.0,615272,1670840820000.0,0.2995662650602515,-0.00711806,1978.5628438898839,1979.1693764200045,-3.7,9.619,7.4,9.53803614457831,long_nclose,70.5814674698795,0.035673098627039455,15.0
1670880600000.0,615935,1670880600000.0,0.19431325301205504,-0.00461712,1978.752540022896,1979.1373593000044,-2.4,9.619,5.0,9.53803614457831,long_nclose,47.690180722891554,0.024101134304716918,663.0
1670880660000.0,615936,1670880660000.0,0.12954216867470336,-0.00307808,1978.8790041115708,1979.1066812200045,-1.6,9.619,3.4,9.53803614457831,long_nclose,32.42932289156625,0.01638772397109018,1.0
1670881080000.0,615943,1670881080000.0,0.08906024096385858,-0.00211618,1978.9659481725346,1979.1429650400044,-1.1,9.619,2.3,9.53803614457831,long_nclose,21.93748313253011,0.011085326229482707,7.0
1670881140000.0,615944,1670881140000.0,0.056674698795182714,-0.00134666,1979.0212762113297,1979.1444183800045,-0.7,9.619,1.6,9.53803614457831,long_nclose,15.260857831325296,0.007711315696686662,1.0
1670881200000.0,615945,1670881200000.0,0.0404819277108448,-0.0009619,1979.0607962390404,1979.1509564800042,-0.5,9.619,1.1,9.53803614457831,long_nclose,10.491839759036141,0.0053014236747929025,1.0
1670881920000.0,615957,1670881920000.0,0.02428915662650688,-0.00057714,1979.084508255667,1979.1580793400044,-0.3,9.619,0.8,9.53803614457831,long_nclose,7.630428915662648,0.003855534659501723,12.0
1670889000000.0,616075,1670889000000.0,0.01619277108433792,-0.00038476,1979.1003162667514,1979.1494945800043,-0.2,9.619,0.6,9.53803614457831,long_nclose,5.722821686746986,0.00289162789764096,118.0
1670889420000.0,616082,1670889420000.0,0.01619277108433792,-0.00038476,1979.1161242778358,1979.1509098200045,-0.2,9.619,0.4,9.53803614457831,long_nclose,3.815214457831324,0.001927736534016399,7.0
1670914860000.0,616506,1670914860000.0,0.0,-0.0149968,1979.1011274778357,1978.8839130200045,8.0,9.373,8.4,9.380858864027537,long_ientry_partial,78.79921445783131,0.03981565841370266,424.0
1670916000000.0,616525,1670916000000.0,0.0,-0.0159123,1979.0852151778356,1977.5315007200043,8.7,9.145,17.1,9.260860494610018,long_rentry,158.3607144578313,0.08001712773322972,19.0
1670925540000.0,616684,1670925540000.0,0.4453951807229002,-0.010646460000000002,1979.5199638985584,1980.6501542600042,-5.7,9.339,11.4,9.260860494610018,long_nclose,105.57380963855421,0.05333303607134744,159.0
1670938200000.0,616895,1670938200000.0,1.4713951807228987,-0.01085166,1980.9805074192814,1982.9706026000042,-5.7,9.519,5.7,9.260860494610018,long_nclose,52.786904819277105,0.026646857261632094,211.0
1670939400000.0,616915,1670939400000.0,2.497395180722897,-0.011056860000000002,1983.4668457400041,1983.4668457400041,-5.7,9.699,0.0,9.260860494610018,long_nclose,0.0,0.0,20.0
1671044520000.0,618667,1671044520000.0,0.0,-0.01582764,1983.4510181000041,1983.032818100004,8.2,9.651,8.2,9.651,long_ientry_normal,79.1382,0.03989924594952105,1752.0
1671044640000.0,618669,1671044640000.0,0.221400000000002,-0.005255820000000001,1983.667162280004,1984.074162280004,-2.7,9.733,5.5,9.651,long_nclose,53.0805,0.026758773351367015,2.0
1671045120000.0,618677,1671045120000.0,0.14760000000000134,-0.0035038800000000004,1983.8112584000041,1984.085058400004,-1.8,9.733,3.7,9.651,long_nclose,35.7087,0.01800004907160372,8.0
1671045180000.0,618678,1671045180000.0,0.09840000000000089,-0.0023359200000000004,1983.9073224800043,1984.1298224800043,-1.2,9.733,2.5,9.651,long_nclose,24.127499999999998,0.012161606405000391,1.0
1671045720000.0,618687,1671045720000.0,0.0,-0.01099986,1983.8963226200042,1983.9815226200042,5.7,9.649,8.2,9.649609756097561,long_ientry_partial,79.1268,0.0398845439138182,9.0
1671068700000.0,619070,1671068700000.0,0.0,-0.01580376,1983.8805188600043,1982.4389188600044,8.4,9.407,16.6,9.526843373493975,long_rentry,158.1456,0.07971528451263542,383.0
1671093540000.0,619484,1671093540000.0,0.4408614457831348,-0.0105677,1984.3108126057875,1984.9563511600045,-5.5,9.607,11.1,9.526843373493975,long_nclose,105.74796144578312,0.05329203508542868,414.0
1671096960000.0,619541,1671096960000.0,0.2965795180722907,-0.00710918,1984.6002829438598,1985.2156419800044,-3.7,9.607,7.4,9.526843373493975,long_nclose,70.49864096385542,0.03552284133472013,57.0
1671097140000.0,619544,1671097140000.0,0.1923759036144588,-0.00461136,1984.7880474874744,1985.2038306200045,-2.4,9.607,5.0,9.526843373493975,long_nclose,47.634216867469874,0.023999649195675883,3.0
1671097440000.0,619549,1671097440000.0,0.12825060240963923,-0.0030742400000000002,1984.9132238498842,1985.2129563800047,-1.6,9.607,3.4,9.526843373493975,long_nclose,32.391267469879516,0.01631873226530996,5.0
1671097740000.0,619554,1671097740000.0,0.08817228915662696,-0.00211354,1984.9992825990407,1985.1905428400046,-1.1,9.607,2.3,9.526843373493975,long_nclose,21.91173975903614,0.011038663817725015,5.0
1671098580000.0,619568,1671098580000.0,0.056109638554217155,-0.00134498,1985.054047257595,1985.1790978600045,-0.7,9.607,1.6,9.526843373493975,long_nclose,15.24294939759036,0.007678858627879126,14.0
1671098640000.0,619569,1671098640000.0,0.040078313253012254,-0.0009607,1985.0931648708479,1985.1846371600045,-0.5,9.607,1.1,9.526843373493975,long_nclose,10.479527710843373,0.005279111276132564,1.0
1671101100000.0,619610,1671101100000.0,0.02404698795180735,-0.00057642,1985.1166354387997,1985.1831607400045,-0.3,9.607,0.8,9.526843373493975,long_nclose,7.62147469879518,0.003839308261658133,41.0
1671101280000.0,619613,1671101280000.0,0.016031325301204904,-0.00038428000000000003,1985.1322824841009,1985.1851764600044,-0.2,9.607,0.6,9.526843373493975,long_nclose,5.716106024096384,0.0028794584998353455,3.0
1671102900000.0,619640,1671102900000.0,0.016031325301204904,-0.00038428000000000003,1985.147929529402,1985.1811921800045,-0.2,9.607,0.4,9.526843373493975,long_nclose,3.81073734939759,0.0019196238691899202,27.0
1671111000000.0,619775,1671111000000.0,0.008015662650602452,-0.00019214000000000001,1985.1557530520527,1985.1807000400045,-0.1,9.607,0.3,9.526843373493975,long_nclose,2.858053012048192,0.0014397122279469078,135.0
1671117420000.0,619882,1671117420000.0,0.008015662650602452,-0.00019214000000000001,1985.1635765747033,1985.1802079000045,-0.1,9.607,0.2,9.526843373493975,long_nclose,1.905368674698795,0.0009598043693640651,107.0
1671117780000.0,619888,1671117780000.0,0.008015662650602452,-0.00019214000000000001,1985.1714000973539,1985.1817157600044,-0.1,9.607,0.1,9.526843373493975,long_nclose,0.9526843373493975,0.0004799002933966696,6.0
1671118980000.0,619908,1671118980000.0,0.008015662650602452,-0.00019214000000000001,1985.1792236200044,1985.1792236200044,-0.1,9.607,0.0,9.526843373493975,long_nclose,0.0,0.0,20.0
1671180840000.0,620939,1671180840000.0,0.0,-0.0158321,1985.1633915200046,1985.0103915200045,8.5,9.313,8.5,9.313,long_ientry_normal,79.1605,0.03987606276548763,1031.0
1671181320000.0,620947,1671181320000.0,0.0,-0.015797460000000003,1985.1475940600046,1984.9817940600046,8.7,9.079,17.2,9.194639534883722,long_rentry,158.14780000000002,0.07966551226377967,8.0
1671229980000.0,621758,1671229980000.0,0.0,-0.01584912,1985.1317449400046,1979.5063449400047,8.9,8.904,26.1,9.095532567049808,long_rentry,237.3934,0.11958571545949188,811.0
1671230220000.0,621762,1671230220000.0,0.0,-0.022397440000000005,1985.1093475000046,1975.5202475000044,12.8,8.749,38.9,8.98150642673522,long_rentry,349.3806,0.17600068250144554,4.0
1671230340000.0,621764,1671230340000.0,0.0,-0.032683920000000005,1985.0766635800046,1966.7264635800047,19.1,8.556,58.0,8.84138275862069,long_rentry,512.8002,0.2583276552529643,2.0
1671386580000.0,624368,1671386580000.0,1.440112758620705,-0.034415760000000004,1986.4823605786253,1988.9443478200046,-19.3,8.916,38.7,8.84138275862069,long_nclose,342.1615127586207,0.17224492879914394,2604.0
1671393660000.0,624486,1671393660000.0,0.9625624137931137,-0.02300328,1987.4219197124185,1989.5792445400048,-12.9,8.916,25.8,8.84138275862069,long_nclose,228.1076751724138,0.11477566635947195,118.0
1671393840000.0,624489,1671393840000.0,0.6417082758620758,-0.01533552,1988.0482924682806,1989.2285090200048,-8.6,8.916,17.2,8.84138275862069,long_nclose,152.07178344827585,0.07649300272251922,3.0
1671402960000.0,624641,1671402960000.0,0.4253182758620735,-0.010164240000000001,1988.4634465041427,1989.3100447800048,-5.7,8.916,11.5,8.84138275862069,long_nclose,101.67590172413793,0.05113289957775752,152.0
1671404700000.0,624670,1671404700000.0,0.2835455172413823,-0.006776160000000001,1988.740215861384,1989.3455686200048,-3.8,8.916,7.7,8.84138275862069,long_nclose,68.07864724137931,0.03423204634693445,29.0
1671404940000.0,624674,1671404940000.0,0.18654310344827785,-0.004458,1988.9223009648322,1989.3311106200047,-2.5,8.916,5.2,8.84138275862069,long_nclose,45.97519034482759,0.02311562916385667,4.0
1671405060000.0,624676,1671405060000.0,0.12684931034482894,-0.0030314400000000003,1989.046118835177,1989.3212791800045,-1.7,8.916,3.5,8.84138275862069,long_nclose,30.944839655172412,0.015557628031920293,2.0
1671405600000.0,624685,1671405600000.0,0.08207896551724225,-0.0019615200000000005,1989.1262362806942,1989.3149176600045,-1.1,8.916,2.4,8.84138275862069,long_nclose,21.219318620689652,0.010667658107192802,9.0
1671405780000.0,624688,1671405780000.0,0.05969379310344891,-0.0014265600000000001,1989.1845035137976,1989.3102911000044,-0.8,8.916,1.6,8.84138275862069,long_nclose,14.146212413793103,0.0071115637532891025,3.0
1671409800000.0,624755,1671409800000.0,0.03730862068965557,-0.0008916000000000001,1989.2209205344873,1989.3183995000045,-0.5,8.916,1.1,8.84138275862069,long_nclose,9.725521034482759,0.0048891105729320355,67.0
1671409920000.0,624757,1671409920000.0,0.02238517241379334,-0.00053496,1989.242770746901,1989.3056645400045,-0.3,8.916,0.8,8.84138275862069,long_nclose,7.073106206896552,0.00355567772366005,2.0
1671410220000.0,624762,1671410220000.0,0.014923448275862228,-0.00035664000000000003,1989.2573375551767,1989.3015079000043,-0.2,8.916,0.6,8.84138275862069,long_nclose,5.304829655172413,0.0026667387647754605,5.0
1671412860000.0,624806,1671412860000.0,0.014923448275862228,-0.00035664000000000003,1989.2719043634524,1989.303351260004,-0.2,8.916,0.4,8.84138275862069,long_nclose,3.536553103448276,0.001777812824727919,44.0
1671421500000.0,624950,1671421500000.0,0.0,-0.015134520000000002,1989.2567698434525,1989.3996167400041,8.7,8.698,9.1,8.70430253884047,long_ientry_partial,79.20915310344827,0.03981846602421353,144.0
1671423720000.0,624987,1671423720000.0,0.2210923834785934,-0.005266800000000001,1989.472595426931,1989.9343499400043,-3.0,8.778,6.1,8.70430253884047,long_nclose,53.09624548692686,0.026688603607295563,37.0
1671423960000.0,624991,1671423960000.0,0.14739492231906226,-0.0035112000000000003,1989.6164791492502,1989.9268387400043,-2.0,8.778,4.1,8.70430253884047,long_nclose,35.68764040924592,0.017936944523351442,4.0
1671424200000.0,624995,1671424200000.0,0.09580669950739047,-0.0022822800000000002,1989.7100035687577,1989.9499564600044,-1.3,8.778,2.8,8.70430253884047,long_nclose,24.372047108753314,0.01224904486836747,4.0
1671436440000.0,625199,1671436440000.0,0.06632771504357803,-0.0015800400000000002,1989.7747512438013,1989.9090764200046,-0.9,8.778,1.9,8.70430253884047,long_nclose,16.53817482379689,0.00831158140561334,204.0
1671436620000.0,625202,1671436620000.0,0.04421847669571868,-0.00105336,1989.817916360497,1989.9098230600046,-0.6,8.778,1.3,8.70430253884047,long_nclose,11.31559330049261,0.0056867481227576575,3.0
1671436680000.0,625203,1671436680000.0,0.029478984463812453,-0.0007022400000000001,1989.8466931049609,1989.9103208200045,-0.4,8.778,0.9,8.70430253884047,long_nclose,7.833872284956422,0.003936922533832208,1.0
1671436740000.0,625204,1671436740000.0,0.02210923834785934,-0.00052668,1989.8682756633089,1989.9136941400045,-0.3,8.778,0.6,8.70430253884047,long_nclose,5.222581523304282,0.0026245865553906427,1.0
1671437460000.0,625216,1671437460000.0,0.014739492231906227,-0.00035112000000000007,1989.8826640355408,1989.9129430200046,-0.2,8.778,0.4,8.70430253884047,long_nclose,3.4817210155361877,0.0017497117184161778,12.0
1671437580000.0,625218,1671437580000.0,0.007369746115953113,-0.00017556000000000003,1989.8898582216568,1989.9125674600048,-0.1,8.778,0.3,8.70430253884047,long_nclose,2.611290761652141,0.001312279044421998,2.0
1671467880000.0,625723,1671467880000.0,0.007369746115953113,-0.00017556000000000003,1989.897052407773,1989.9121919000047,-0.1,8.778,0.2,8.70430253884047,long_nclose,1.7408605077680939,0.0008748495333774453,505.0
1671468000000.0,625725,1671468000000.0,0.007369746115953113,-0.00017556000000000003,1989.904246593889,1989.9108163400049,-0.1,8.778,0.1,8.70430253884047,long_nclose,0.8704302538840469,0.00043742318524821427,2.0
1671468120000.0,625727,1671468120000.0,0.007369746115953113,-0.00017556000000000003,1989.911440780005,1989.911440780005,-0.1,8.778,0.0,8.70430253884047,long_nclose,0.0,0.0,2.0
1671471180000.0,625778,1671471180000.0,0.0,-0.0158431,1989.895597680005,1989.8045976800051,9.1,8.705,9.1,8.705,long_ientry_normal,79.21549999999999,0.039808872431476496,51.0
1671474360000.0,625831,1671474360000.0,0.22199999999999953,-0.0052674,1990.112330280005,1990.6308302800048,-3.0,8.779,6.1,8.705,long_nclose,53.1005,0.026682162203642473,53.0
1671476040000.0,625859,1671476040000.0,0.0,-0.0053785000000000005,1990.106951780005,1989.693951780005,3.1,8.675,9.2,8.694891304347827,long_ientry_partial,79.99300000000001,0.04019532715488086,28.0
1671485160000.0,626011,1671485160000.0,0.21932608695652078,-0.0052608,1990.3210170669613,1990.7556909800048,-3.0,8.768,6.2,8.694891304347827,long_nclose,53.90832608695653,0.02708524184023268,152.0
1671485220000.0,626012,1671485220000.0,0.1462173913043472,-0.0035072000000000002,1990.4637272582656,1990.7791837800048,-2.0,8.768,4.2,8.694891304347827,long_nclose,36.518543478260874,0.018346751552495152,1.0
1671486300000.0,626030,1671486300000.0,0.10235217391304302,-0.00245504,1990.5636243921786,1990.7879287400046,-1.4,8.768,2.8,8.694891304347827,long_nclose,24.345695652173916,0.012230553876220816,18.0
1671489060000.0,626076,1671489060000.0,0.0,-0.01103744,1990.5525869521784,1990.2316913000045,6.4,8.623,9.2,8.644879962192817,long_ientry_partial,79.53289565217392,0.039955184391260015,46.0
1671490920000.0,626107,1671490920000.0,0.2193601134215477,-0.0052308,1990.7667162656,1991.2634605000046,-3.0,8.718,6.2,8.644879962192817,long_nclose,53.59825576559547,0.02692342368780321,31.0
1671494940000.0,626174,1671494940000.0,0.0,-0.005318980000000001,1990.7613972856,1990.3157415200044,3.1,8.579,9.3,8.622919974795211,long_ientry_partial,80.19315576559546,0.040282655608521796,67.0
1671499320000.0,626247,1671499320000.0,0.2265480781348444,-0.00539152,1990.9825538437346,1991.4604500000044,-3.1,8.696,6.2,8.622919974795211,long_nclose,53.46210384373031,0.026852120698153726,73.0
1671499500000.0,626250,1671499500000.0,0.14616005040957702,-0.0034784,1991.1252354941444,1991.4699716000046,-2.0,8.696,4.2,8.622919974795211,long_nclose,36.216263894139885,0.018188842795291062,3.0
1671504180000.0,626328,1671504180000.0,0.5041680529300555,-0.0037224600000000004,1991.6256810870743,1992.0815491400044,-2.1,8.863,2.1,8.622919974795211,long_nclose,18.108131947069943,0.009092136197594176,78.0
1671504240000.0,626329,1671504240000.0,0.24008002520478833,-0.0017726,1991.863988512279,1992.1247765400044,-1.0,8.863,1.1,8.622919974795211,long_nclose,9.485211972274733,0.004761977738931476,1.0
1671504300000.0,626330,1671504300000.0,0.12004001260239416,-0.0008863,1991.9831422248815,1992.1193902400043,-0.5,8.863,0.6,8.622919974795211,long_nclose,5.173751984877127,0.0025972870328101628,1.0
1671504540000.0,626334,1671504540000.0,0.0720240075614365,-0.0005317799999999999,1992.0546344524428,1992.1257584600041,-0.3,8.863,0.3,8.622919974795211,long_nclose,2.5868759924385634,0.001298596909792898,4.0
1671504600000.0,626335,1671504600000.0,0.024008002520478834,-0.00017726,1992.0784651949632,1992.1278812000041,-0.1,8.863,0.2,8.622919974795211,long_nclose,1.7245839949590422,0.0008657209166659298,1.0
1671505680000.0,626353,1671505680000.0,0.024008002520478834,-0.00017726,1992.1022959374836,1992.126003940004,-0.1,8.863,0.1,8.622919974795211,long_nclose,0.8622919974795211,0.0004328552801921883,18.0
1671509520000.0,626417,1671509520000.0,0.024008002520478834,-0.00017726,1992.126126680004,1992.126126680004,-0.1,8.863,0.0,8.622919974795211,long_nclose,0.0,0.0,64.0
1671661440000.0,628949,1671661440000.0,0.0,-0.015945019999999997,1992.1101816600042,1992.1465816600041,9.1,8.761,9.1,8.761,long_ientry_normal,79.72509999999998,0.040020426949259356,2532.0
1671666600000.0,629035,1671666600000.0,0.22200000000000486,-0.005301000000000001,1992.3268806600042,1992.8087806600042,-3.0,8.835,6.1,8.761,long_nclose,53.44209999999999,0.026823961729761966,86.0
1671691380000.0,629448,1671691380000.0,0.14800000000000324,-0.0035340000000000007,1992.4713466600042,1992.7747466600042,-2.0,8.835,4.1,8.761,long_nclose,35.92009999999999,0.01802791295353539,413.0
1671691440000.0,629449,1671691440000.0,0.0962000000000021,-0.0022971000000000003,1992.565249560004,1992.786449560004,-1.3,8.835,2.8,8.761,long_nclose,24.530799999999996,0.01231116522052006,1.0
1671691740000.0,629454,1671691740000.0,0.06660000000000146,-0.0015903000000000002,1992.630259260004,1992.770859260004,-0.9,8.835,1.9,8.761,long_nclose,16.645899999999997,0.008353732421077318,5.0
1671693300000.0,629480,1671693300000.0,0.04440000000000097,-0.0010602,1992.673599060004,1992.776299060004,-0.6,8.835,1.3,8.761,long_nclose,11.389299999999999,0.005715587342238401,26.0
1671693480000.0,629483,1671693480000.0,0.02960000000000065,-0.0007068000000000002,1992.7024922600042,1992.773592260004,-0.4,8.835,0.9,8.761,long_nclose,7.884899999999999,0.003956887709342611,3.0
1671694920000.0,629507,1671694920000.0,0.022200000000000487,-0.0005301,1992.7241621600042,1992.7685621600042,-0.3,8.835,0.6,8.761,long_nclose,5.2566,0.0026378964534168807,24.0
1671694980000.0,629508,1671694980000.0,0.014800000000000325,-0.0003534000000000001,1992.7386087600041,1992.7702087600042,-0.2,8.835,0.4,8.761,long_nclose,3.5044,0.001758584886444609,1.0
1671695100000.0,629510,1671695100000.0,0.0074000000000001625,-0.00017670000000000004,1992.745832060004,1992.769532060004,-0.1,8.835,0.3,8.761,long_nclose,2.6283,0.0013189338839479548,2.0
1671695280000.0,629513,1671695280000.0,0.0074000000000001625,-0.00017670000000000004,1992.7530553600038,1992.7688553600037,-0.1,8.835,0.2,8.761,long_nclose,1.7522,0.0008792860687314082,3.0
1671695580000.0,629518,1671695580000.0,0.0074000000000001625,-0.00017670000000000004,1992.7602786600037,1992.7681786600037,-0.1,8.835,0.1,8.761,long_nclose,0.8761,0.00043964144076030954,5.0
1671695820000.0,629522,1671695820000.0,0.0074000000000001625,-0.00017670000000000004,1992.7675019600035,1992.7675019600035,-0.1,8.835,0.0,8.761,long_nclose,0.0,0.0,4.0
1671721500000.0,629950,1671721500000.0,0.0,-0.0158886,1992.7516133600036,1992.7061133600037,9.1,8.73,9.1,8.73,long_ientry_normal,79.443,0.0398659820257529,428.0
1671739080000.0,630243,1671739080000.0,0.22199999999999953,-0.0052824000000000005,1992.9683309600036,1993.4868309600035,-3.0,8.804,6.1,8.73,long_nclose,53.253,0.026720444661731416,293.0
1671740520000.0,630267,1671740520000.0,0.7319999999999993,-0.0053844,1993.6949465600037,1994.3924465600037,-3.0,8.974,3.1,8.73,long_nclose,27.063000000000002,0.013574293322403973,24.0
1671740580000.0,630268,1671740580000.0,0.36599999999999966,-0.0026922,1994.0582543600037,1994.4262543600037,-1.5,8.974,1.6,8.73,long_nclose,13.968000000000002,0.007004810400829065,1.0
1671740640000.0,630269,1671740640000.0,0.19519999999999982,-0.0014358400000000003,1994.2520185200037,1994.4320185200038,-0.8,8.974,0.8,8.73,long_nclose,6.984000000000001,0.0035020649020995067,1.0
1671746520000.0,630367,1671746520000.0,0.09759999999999991,-0.0007179200000000001,1994.3489006000038,1994.4489006000038,-0.4,8.974,0.4,8.73,long_nclose,3.4920000000000004,0.0017509473888693324,98.0
1671746760000.0,630371,1671746760000.0,0.048799999999999955,-0.0003589600000000001,1994.3973416400038,1994.4453416400038,-0.2,8.974,0.2,8.73,long_nclose,1.7460000000000002,0.0008754524304390894,4.0
1671746820000.0,630372,1671746820000.0,0.024399999999999977,-0.00017948000000000004,1994.4215621600038,1994.4455621600036,-0.1,8.974,0.1,8.73,long_nclose,0.8730000000000001,0.0004377208994143251,1.0
1671746880000.0,630373,1671746880000.0,0.024399999999999977,-0.00017948000000000004,1994.4457826800037,1994.4457826800037,-0.1,8.974,0.0,8.73,long_nclose,0.0,0.0,1.0
1672197240000.0,637879,1672197240000.0,0.0,-0.015868160000000003,1994.4299145200036,1994.5091145200035,8.8,9.016,8.8,9.016,long_ientry_normal,79.3408,0.039781192320861684,7506.0
1672211940000.0,638124,1672211940000.0,0.22040000000000148,-0.00527336,1994.6450411600035,1995.1111411600036,-2.9,9.092,5.9,9.016,long_nclose,53.1944,0.026668604640083894,245.0
1672215360000.0,638181,1672215360000.0,0.14440000000000097,-0.00345496,1994.7859862000034,1995.1019862000035,-1.9,9.092,4.0,9.016,long_nclose,36.064,0.018079132422972672,57.0
1672215720000.0,638187,1672215720000.0,0.09880000000000067,-0.0023639200000000003,1994.8824222800033,1995.0957222800032,-1.3,9.092,2.7,9.016,long_nclose,24.343200000000003,0.012202824451266418,6.0
1672216200000.0,638195,1672216200000.0,0.06840000000000046,-0.0016365600000000002,1994.9491857200035,1995.0913857200035,-0.9,9.092,1.8,9.016,long_nclose,16.2288,0.008134944045776691,8.0
1672216620000.0,638202,1672216620000.0,0.04560000000000031,-0.0010910400000000002,1994.9936946800035,1995.1004946800035,-0.6,9.092,1.2,9.016,long_nclose,10.8192,0.005423175035014533,7.0
1672217460000.0,638216,1672217460000.0,0.030400000000000205,-0.0007273600000000001,1995.0233673200037,1995.0825673200036,-0.4,9.092,0.8,9.016,long_nclose,7.2128000000000005,0.003615396249563357,14.0
1672217520000.0,638217,1672217520000.0,0.015200000000000102,-0.00036368000000000007,1995.0382036400038,1995.0886036400038,-0.2,9.092,0.6,9.016,long_nclose,5.4096,0.0027115270224550244,1.0
1672218060000.0,638226,1672218060000.0,0.015200000000000102,-0.00036368000000000007,1995.0530399600038,1995.0846399600039,-0.2,9.092,0.4,9.016,long_nclose,3.6064000000000003,0.001807671238691629,9.0
1672219920000.0,638257,1672219920000.0,0.007600000000000051,-0.00018184000000000003,1995.0604581200037,1995.0841581200036,-0.1,9.092,0.3,9.016,long_nclose,2.7048,0.001355748387970559,31.0
1672220100000.0,638260,1672220100000.0,0.007600000000000051,-0.00018184000000000003,1995.0678762800035,1995.0846762800036,-0.1,9.092,0.2,9.016,long_nclose,1.8032000000000001,0.0009038288979732562,3.0
1672220760000.0,638271,1672220760000.0,0.007600000000000051,-0.00018184000000000003,1995.0752944400033,1995.0831944400034,-0.1,9.092,0.1,9.016,long_nclose,0.9016000000000001,0.00045191276866223223,11.0
1672236300000.0,638530,1672236300000.0,0.007600000000000051,-0.00018184000000000003,1995.082712600003,1995.082712600003,-0.1,9.092,0.0,9.016,long_nclose,0.0,0.0,259.0
1672865040000.0,649009,1672865040000.0,0.0,-0.016054400000000003,1995.066658200003,1995.3146582000031,8.0,10.034,8.0,10.034,long_ientry_normal,80.272,0.0402352471132084,10479.0
1672867380000.0,649048,1672867380000.0,0.22099999999999762,-0.00526188,1995.282396320003,1995.719796320003,-2.6,10.119,5.4,10.034,long_nclose,54.183600000000006,0.02715585528140451,39.0
1672867500000.0,649050,1672867500000.0,0.15299999999999833,-0.0036428400000000005,1995.431753480003,1995.741353480003,-1.8,10.119,3.6,10.034,long_nclose,36.122400000000006,0.018102548451984432,2.0
1672867860000.0,649056,1672867860000.0,0.10199999999999888,-0.00242856,1995.531324920003,1995.749724920003,-1.2,10.119,2.4,10.034,long_nclose,24.0816,0.01206776345691561,6.0
1672867980000.0,649058,1672867980000.0,0.06799999999999927,-0.0016190400000000002,1995.597705880003,1995.7433058800032,-0.8,10.119,1.6,10.034,long_nclose,16.0544,0.008044908025648615,2.0
1672868400000.0,649065,1672868400000.0,0.04249999999999954,-0.0010119,1995.639193980003,1995.728293980003,-0.5,10.119,1.1,10.034,long_nclose,11.037400000000002,0.005530759284190828,7.0
1672868460000.0,649066,1672868460000.0,0.02549999999999972,-0.00060714,1995.664086840003,1995.728886840003,-0.3,10.119,0.8,10.034,long_nclose,8.0272,0.004022320215578224,1.0
1672868820000.0,649072,1672868820000.0,0.016999999999999817,-0.00040476000000000005,1995.680682080003,1995.732282080003,-0.2,10.119,0.6,10.034,long_nclose,6.0204,0.0030167150757430916,6.0
1672869360000.0,649081,1672869360000.0,0.016999999999999817,-0.00040476000000000005,1995.697277320003,1995.731677320003,-0.2,10.119,0.4,10.034,long_nclose,4.0136,0.00201112666014648,9.0
1672881360000.0,649281,1672881360000.0,0.008499999999999909,-0.00020238000000000002,1995.7055749400029,1995.7313749400028,-0.1,10.119,0.3,10.034,long_nclose,3.0102,0.001508338723807241,200.0
1672890360000.0,649431,1672890360000.0,0.008499999999999909,-0.00020238000000000002,1995.7138725600028,1995.7300725600028,-0.1,10.119,0.2,10.034,long_nclose,2.0068,0.0010055549683711806,150.0
1672890420000.0,649432,1672890420000.0,0.008499999999999909,-0.00020238000000000002,1995.7221701800026,1995.7312701800026,-0.1,10.119,0.1,10.034,long_nclose,1.0034,0.0005027753937861496,1.0
1672890720000.0,649437,1672890720000.0,0.008499999999999909,-0.00020238000000000002,1995.7304678000025,1995.7304678000025,-0.1,10.119,0.0,10.034,long_nclose,0.0,0.0,5.0
1673318400000.0,656565,1673318400000.0,0.0,-0.0158848,1995.7145830000024,1995.6050830000024,7.3,10.88,7.3,10.88,long_ientry_normal,79.424,0.039797273957184846,7128.0
1673318760000.0,656571,1673318760000.0,0.220799999999997,-0.00526656,1995.9301164400024,1996.3956164400024,-2.4,10.972,4.9,10.88,long_nclose,53.312000000000005,0.026710354015344384,6.0
1673320320000.0,656597,1673320320000.0,0.147199999999998,-0.00351104,1996.0738054000026,1996.4203054000027,-1.6,10.972,3.3,10.88,long_nclose,35.904,0.017987310841346887,26.0
1673338620000.0,656902,1673338620000.0,0.10119999999999864,-0.00241384,1996.1725915600027,1996.3925915600028,-1.1,10.972,2.2,10.88,long_nclose,23.936000000000003,0.011990947126117032,305.0
1673342460000.0,656966,1673342460000.0,0.333299999999999,-0.0024602600000000006,1996.5034313000028,1996.8389313000027,-1.1,11.183,1.1,10.88,long_nclose,11.968000000000002,0.005994480055667703,64.0
1673342640000.0,656969,1673342640000.0,0.15149999999999952,-0.0011183,1996.6538130000029,1996.8368130000028,-0.5,11.183,0.6,10.88,long_nclose,6.5280000000000005,0.0032694701292216403,3.0
1673342940000.0,656974,1673342940000.0,0.09089999999999972,-0.00067098,1996.7440420200028,1996.8370420200029,-0.3,11.183,0.3,10.88,long_nclose,3.2640000000000002,0.001634661194079728,5.0
1673344080000.0,656993,1673344080000.0,0.030299999999999907,-0.00022366000000000004,1996.7741183600026,1996.8351183600025,-0.1,11.183,0.2,10.88,long_nclose,2.176,0.0010897577147019513,19.0
1673344500000.0,657000,1673344500000.0,0.030299999999999907,-0.00022366000000000004,1996.8041947000024,1996.8336947000025,-0.1,11.183,0.1,10.88,long_nclose,1.088,0.0005448706502559506,7.0
1673344800000.0,657005,1673344800000.0,0.030299999999999907,-0.00022366000000000004,1996.8342710400022,1996.8342710400022,-0.1,11.183,0.0,10.88,long_nclose,0.0,0.0,5.0
1673688000000.0,662725,1673688000000.0,0.0,-0.016056300000000003,1996.8182147400023,1997.0717147400023,6.5,12.351,6.5,12.351,long_ientry_normal,80.28150000000001,0.04020471137902412,5720.0
1673688060000.0,662726,1673688060000.0,0.0,-0.0158928,1996.8023219400022,1995.8288219400022,6.6,12.04,13.1,12.194312977099235,long_rentry,159.7455,0.08000065817471533,1.0
1673688180000.0,662728,1673688180000.0,0.4415541984732906,-0.01057542,1997.2333007184757,1998.6473465200024,-4.3,12.297,8.8,12.194312977099235,long_nclose,107.30995419847328,0.053729303511948295,2.0
1673688360000.0,662731,1673688360000.0,1.4946229007633678,-0.011029920000000002,1998.7168936992389,2000.2159166000022,-4.4,12.534,4.4,12.194312977099235,long_nclose,53.65497709923664,0.026844710858440608,3.0
1673688540000.0,662734,1673688540000.0,0.7473114503816839,-0.005514960000000001,1999.4586901896205,2000.1532016400022,-2.2,12.534,2.2,12.194312977099235,long_nclose,26.82748854961832,0.013417375753371584,3.0
1673688960000.0,662741,1673688960000.0,0.37365572519084195,-0.0027574800000000005,1999.8295884348115,2000.2043441600024,-1.1,12.534,1.1,12.194312977099235,long_nclose,13.41374427480916,0.006707443650390018,7.0
1673689440000.0,662749,1673689440000.0,0.0,-0.013335840000000002,1999.8162525948114,1999.9658083200022,5.4,12.348,6.5,12.321991426893717,long_ientry_partial,80.09294427480916,0.04005015169313009,8.0
1673689500000.0,662750,1673689500000.0,0.2184180035231938,-0.00521892,2000.0294516783345,2000.5926894000022,-2.1,12.426,4.4,12.321991426893717,long_nclose,54.21676227833236,0.027107981951383815,1.0
1673691300000.0,662780,1673691300000.0,0.14561200234879584,-0.00347928,2000.1715844006833,2000.5406101200022,-1.4,12.426,3.0,12.321991426893717,long_nclose,36.96597428068115,0.01848140158023361,30.0
1673691420000.0,662782,1673691420000.0,0.10400857310628275,-0.0024852000000000003,2000.2731077737897,2000.4491249200023,-1.0,12.426,2.0,12.321991426893717,long_nclose,24.643982853787435,0.01232030904080645,2.0
1673691600000.0,662785,1673691600000.0,0.0,-0.011109599999999999,2000.2619981737896,2000.2800153200021,4.5,12.344,6.5,12.337228131351912,long_ientry_partial,80.19198285378742,0.040090739576616234,3.0
1673692980000.0,662808,1673692980000.0,0.21792092416098613,-0.00522522,2000.4746938779506,2000.9048901000021,-2.1,12.441,4.4,12.337228131351912,long_nclose,54.28380377794842,0.027135461370280292,23.0
1673693040000.0,662809,1673693040000.0,0.14528061610732407,-0.00348348,2000.6164910140578,2000.954806620002,-1.4,12.441,3.0,12.337228131351912,long_nclose,37.011684394055735,0.018500139612113026,1.0
1673693280000.0,662813,1673693280000.0,0.10377186864808863,-0.0024882000000000003,2000.7177746827058,2000.953318420002,-1.0,12.441,2.0,12.337228131351912,long_nclose,24.674456262703824,0.012332802044814618,4.0
1673696460000.0,662866,1673696460000.0,0.062263121188853174,-0.00149292,2000.7785448838947,2000.936425500002,-0.6,12.441,1.4,12.337228131351912,long_nclose,17.272119383892676,0.008632699220040356,53.0
1673698560000.0,662901,1673698560000.0,0.041508747459235454,-0.0009952800000000003,2000.8190583513538,2000.9368302200019,-0.4,12.441,1.0,12.337228131351912,long_nclose,12.337228131351912,0.006166088872382899,35.0
1673706600000.0,663035,1673706600000.0,0.17188593432404353,-0.0012680999999999999,2000.9896761856778,2001.1510621200018,-0.5,12.681,0.5,12.337228131351912,long_nclose,6.168614065675956,0.003082781555092617,134.0
1673706660000.0,663036,1673706660000.0,0.06875437372961742,-0.0005072400000000001,2001.0579233194076,2001.169754880002,-0.2,12.681,0.3,12.337228131351912,long_nclose,3.7011684394055733,0.0018496058491230367,1.0
1673707320000.0,663047,1673707320000.0,0.0,-0.01530036,2001.0426229594075,2001.342154520002,6.2,12.339,6.5,12.338918221447011,long_ientry_partial,80.20296843940558,0.04008058974815378,11.0
1673707440000.0,663049,1673707440000.0,0.21857173496127516,-0.00522606,2001.2559686343686,2001.8107284600019,-2.1,12.443,4.4,12.338918221447011,long_nclose,54.291240174366855,0.027128583762033448,2.0
1673715600000.0,663185,1673715600000.0,0.7569799128165745,-0.005580520000000001,2002.0073680271853,2002.8237479400018,-2.2,12.683,2.2,12.338918221447011,long_nclose,27.145620087183428,0.013559200890420908,136.0
1673739000000.0,663575,1673739000000.0,1.284979912816575,-0.00568612,2003.2866618200019,2003.2866618200019,-2.2,12.923,0.0,12.338918221447011,long_nclose,0.0,0.0,390.0
1673742780000.0,663638,1673742780000.0,0.0,-0.015936000000000002,2003.2707258200019,2003.2067258200018,6.4,12.45,6.4,12.45,long_ientry_normal,79.68,0.03977495351627248,63.0
1673743560000.0,663651,1673743560000.0,0.22050000000000092,-0.0052731,2003.4859527200017,2004.0234527200016,-2.1,12.555,4.3,12.45,long_nclose,53.535,0.026720926057564334,13.0
1673745480000.0,663683,1673745480000.0,0.14700000000000057,-0.0035153999999999997,2003.6294373200017,2003.9484373200016,-1.4,12.555,2.9,12.45,long_nclose,36.105,0.018019799134261587,32.0
1673746260000.0,663696,1673746260000.0,0.09450000000000039,-0.0022599,2003.7216774200017,2003.9516774200017,-0.9,12.555,2.0,12.45,long_nclose,24.9,0.012426875588859885,13.0
1673746500000.0,663700,1673746500000.0,0.06300000000000025,-0.0015065999999999999,2003.7831708200017,2003.9581708200017,-0.6,12.555,1.4,12.45,long_nclose,17.429999999999996,0.008698545957378798,4.0
1673751840000.0,663789,1673751840000.0,0.042000000000000176,-0.0010044000000000001,2003.8241664200016,2003.9391664200016,-0.4,12.555,1.0,12.45,long_nclose,12.45,0.006213119997570924,89.0
1673752500000.0,663800,1673752500000.0,0.031500000000000125,-0.0007532999999999999,2003.8549131200016,2003.9354131200016,-0.3,12.555,0.7,12.45,long_nclose,8.714999999999998,0.0043491172653965975,11.0
1673754120000.0,663827,1673754120000.0,0.021000000000000088,-0.0005022000000000001,2003.8754109200015,2003.9304109200016,-0.2,12.555,0.5,12.45,long_nclose,6.225,0.0031064805556659,27.0
1673766240000.0,664029,1673766240000.0,0.010500000000000044,-0.00025110000000000003,2003.8856598200016,2003.9356598200015,-0.1,12.555,0.4,12.45,long_nclose,4.98,0.0024851717340236504,202.0
1673766660000.0,664036,1673766660000.0,0.010500000000000044,-0.00025110000000000003,2003.8959087200017,2003.9214087200016,-0.1,12.555,0.3,12.45,long_nclose,3.7349999999999994,0.0018638692677334467,7.0
1673767260000.0,664046,1673767260000.0,0.010500000000000044,-0.00025110000000000003,2003.9061576200017,2003.9281576200017,-0.1,12.555,0.2,12.45,long_nclose,2.49,0.0012425731566977779,10.0
1673768040000.0,664059,1673768040000.0,0.010500000000000044,-0.00025110000000000003,2003.9164065200018,2003.927906520002,-0.1,12.555,0.1,12.45,long_nclose,1.245,0.0006212834008191316,13.0
1673768160000.0,664061,1673768160000.0,0.010500000000000044,-0.00025110000000000003,2003.926655420002,2003.926655420002,-0.1,12.555,0.0,12.45,long_nclose,0.0,0.0,2.0
1673773020000.0,664142,1673773020000.0,0.0,-0.0161187,2003.9105367200018,2003.8845367200017,6.5,12.399,6.5,12.399,long_ientry_normal,80.59349999999999,0.04021811279654995,81.0
1673775720000.0,664187,1673775720000.0,0.22050000000000092,-0.005251680000000001,2004.1257850400018,2004.5261850400018,-2.1,12.504,4.4,12.399,long_nclose,54.5556,0.02722164467282231,45.0
1673775840000.0,664189,1673775840000.0,0.14700000000000057,-0.0035011199999999995,2004.2692839200017,2004.6322839200018,-1.4,12.504,3.0,12.399,long_nclose,37.196999999999996,0.018558883428702325,2.0
1673776260000.0,664196,1673776260000.0,0.10500000000000043,-0.0025008,2004.3717831200017,2004.6137831200017,-1.0,12.504,2.0,12.399,long_nclose,24.798,0.012371956245262779,7.0
1673788800000.0,664405,1673788800000.0,0.3460000000000001,-0.002549,2004.7152341200017,2005.0662341200018,-1.0,12.745,1.0,12.399,long_nclose,12.399,0.006184918331028056,209.0
1673789220000.0,664412,1673789220000.0,0.17300000000000004,-0.0012745,2004.8869596200018,2005.0624596200018,-0.5,12.745,0.5,12.399,long_nclose,6.1995,0.003092194285694306,7.0
1673789400000.0,664415,1673789400000.0,0.06920000000000003,-0.0005098,2004.9556498200018,2005.0609498200017,-0.2,12.745,0.3,12.399,long_nclose,3.7196999999999996,0.0018552530078827139,3.0
1673789640000.0,664419,1673789640000.0,0.03460000000000001,-0.0002549,2004.9899949200017,2005.0611949200018,-0.1,12.745,0.2,12.399,long_nclose,2.4798,0.0012368141518326844,4.0
1673789760000.0,664421,1673789760000.0,0.03460000000000001,-0.0002549,2005.0243400200015,2005.0584400200016,-0.1,12.745,0.1,12.399,long_nclose,1.2399,0.0006183964829013653,2.0
1673789880000.0,664423,1673789880000.0,0.03460000000000001,-0.0002549,2005.0586851200014,2005.0586851200014,-0.1,12.745,0.0,12.399,long_nclose,0.0,0.0,2.0
1673856540000.0,665534,1673856540000.0,0.0,-0.016116480000000002,2005.0425686400015,2004.3001686400014,6.4,12.591,6.4,12.591,long_ientry_normal,80.5824,0.0401898699111701,1111.0
1673881440000.0,665949,1673881440000.0,0.0,-0.0159562,2005.0266124400016,2003.0752124400017,6.5,12.274,12.9,12.431271317829456,long_rentry,160.36339999999998,0.07998068404929896,415.0
1673882040000.0,665959,1673882040000.0,0.0,-0.01613092,2005.0104815200016,2000.3684815200015,6.7,12.038,19.6,12.296836734693876,long_rentry,241.018,0.12020785039352207,10.0
1673899680000.0,666253,1673899680000.0,0.6770612244898029,-0.0161213,2005.6714214444914,2007.0883602200017,-6.5,12.401,13.1,12.296836734693876,long_nclose,161.08856122448978,0.080316526177789,294.0
1673900940000.0,666274,1673900940000.0,0.4479020408163311,-0.01066486,2006.108658625308,2007.016495360002,-4.3,12.401,8.8,12.296836734693876,long_nclose,108.21216326530612,0.053941327056261666,21.0
1673901060000.0,666276,1673901060000.0,0.3020734693877582,-0.00719258,2006.4035395146957,2007.0417027800017,-2.9,12.401,5.9,12.296836734693876,long_nclose,72.55133673469388,0.03615989271641857,2.0
1673901180000.0,666278,1673901180000.0,0.19791020408163468,-0.0047123799999999995,2006.5967373387773,2006.9893904000019,-1.9,12.401,4.0,12.296836734693876,long_nclose,49.187346938775505,0.024512821148114483,2.0
1673901240000.0,666279,1673901240000.0,0.13541224489796058,-0.0032242600000000005,2006.7289253236752,2007.0479661400018,-1.3,12.401,2.7,12.296836734693876,long_nclose,33.20145918367347,0.016545064340625002,1.0
1673914680000.0,666503,1673914680000.0,0.09374693877551117,-0.0022321800000000003,2006.8204400824507,2007.0241339600018,-0.9,12.401,1.8,12.296836734693876,long_nclose,22.13430612244898,0.011029539903201099,224.0
1673915160000.0,666511,1673915160000.0,0.06249795918367411,-0.0014881200000000001,2006.8814499216344,2007.0052458400016,-0.6,12.401,1.2,12.296836734693876,long_nclose,14.756204081632651,0.007352803067769079,8.0
1673917980000.0,666558,1673917980000.0,0.0,-0.013093920000000004,2006.8683560016343,2006.6675519200016,5.4,12.124,6.6,12.155424860853433,long_ientry_partial,80.22580408163266,0.03997561865067712,47.0
1673921940000.0,666624,1673921940000.0,0.2256653061224455,-0.005393520000000001,2007.0886277877566,2007.6587584000015,-2.2,12.258,4.4,12.155424860853433,long_nclose,53.48386938775511,0.026647487633222174,66.0
1673927820000.0,666722,1673927820000.0,0.744865306122447,-0.005497360000000001,2007.827995733879,2008.5530610400015,-2.2,12.494,2.2,12.155424860853433,long_nclose,26.741934693877553,0.013318837445586635,98.0
1673927880000.0,666723,1673927880000.0,0.3724326530612235,-0.0027486800000000003,2008.1976797069403,2008.5657123600015,-1.1,12.494,1.1,12.155424860853433,long_nclose,13.370967346938777,0.006658192807438172,1.0
1673929260000.0,666746,1673929260000.0,0.1692875695732834,-0.0012494000000000001,2008.3657178765136,2008.5604629600016,-0.5,12.494,0.6,12.155424860853433,long_nclose,7.293254916512059,0.0036314376667529297,23.0
1673929320000.0,666747,1673929320000.0,0.10157254174397003,-0.00074964,2008.4665407782575,2008.5624133200015,-0.3,12.494,0.3,12.155424860853433,long_nclose,3.6466274582560296,0.0018156276862063153,1.0
1673929500000.0,666750,1673929500000.0,0.03385751391465668,-0.00024988,2008.5001484121722,2008.5690634400014,-0.1,12.494,0.2,12.155424860853433,long_nclose,2.431084972170687,0.0012103982038998557,3.0
1673929620000.0,666752,1673929620000.0,0.03385751391465668,-0.00024988,2008.5337560460869,2008.5672135600016,-0.1,12.494,0.1,12.155424860853433,long_nclose,1.2155424860853434,0.0006051889755033084,2.0
1673929680000.0,666753,1673929680000.0,0.03385751391465668,-0.00024988,2008.5673636800016,2008.5673636800016,-0.1,12.494,0.0,12.155424860853433,long_nclose,0.0,0.0,1.0
1673966280000.0,667363,1673966280000.0,0.0,-0.0159588,2008.5514048800017,2008.7724048800017,6.5,12.276,6.5,12.276,long_ientry_normal,79.794,0.039727138576653546,610.0
1673966460000.0,667366,1673966460000.0,0.21840000000000206,-0.0051996,2008.7646052800017,2009.3102052800016,-2.1,12.38,4.4,12.276,long_nclose,54.0144,0.026889362674961576,3.0
1673971140000.0,667444,1673971140000.0,0.14560000000000137,-0.0034664,2008.9067388800017,2009.2337388800017,-1.4,12.38,3.0,12.276,long_nclose,36.828,0.01833235923163472,78.0
1673971440000.0,667449,1673971440000.0,0.10400000000000098,-0.0024760000000000003,2009.008262880002,2009.246262880002,-1.0,12.38,2.0,12.276,long_nclose,24.552,0.012220955211405465,5.0
1673972880000.0,667473,1673972880000.0,0.06240000000000059,-0.0014856000000000001,2009.069177280002,2009.2287772800019,-0.6,12.38,1.4,12.276,long_nclose,17.1864,0.008554409272889238,24.0
1673973000000.0,667475,1673973000000.0,0.041600000000000394,-0.0009904000000000002,2009.1097868800018,2009.2337868800018,-0.4,12.38,1.0,12.276,long_nclose,12.276,0.006110168832069509,2.0
1673973240000.0,667479,1673973240000.0,0.0,-0.01373792,2009.0960489600018,2009.1124489600018,5.6,12.266,6.6,12.267515151515152,long_ientry_partial,80.9656,0.04029951681101131,4.0
1673980800000.0,667605,1673980800000.0,0.22766666666666674,-0.005443240000000001,2009.3182723866685,2009.7912057200017,-2.2,12.371,4.4,12.267515151515152,long_nclose,53.97706666666667,0.026863373218894142,126.0
1673980920000.0,667607,1673980920000.0,0.1448787878787879,-0.00346388,2009.4596872945472,2009.7371418400016,-1.4,12.371,3.0,12.267515151515152,long_nclose,36.80254545454545,0.01831464730904598,2.0
1673980980000.0,667608,1673980980000.0,0.10348484848484851,-0.0024742,2009.560697943032,2009.7656676400018,-1.0,12.371,2.0,12.267515151515152,long_nclose,24.535030303030304,0.01220915114837991,1.0
1673981160000.0,667611,1673981160000.0,0.062090909090909106,-0.00148452,2009.621304332123,2009.7787831200017,-0.6,12.371,1.4,12.267515151515152,long_nclose,17.17452121212121,0.008546148060382444,3.0
1673983080000.0,667643,1673983080000.0,0.041393939393939407,-0.0009896800000000002,2009.6617085915168,2009.7691934400016,-0.4,12.371,1.0,12.267515151515152,long_nclose,12.267515151515152,0.006104268742878578,32.0
1673983560000.0,667651,1673983560000.0,0.031045454545454553,-0.00074226,2009.6920117860623,2009.7707511800018,-0.3,12.371,0.7,12.267515151515152,long_nclose,8.587260606060605,0.0042729236896497875,8.0
1673988180000.0,667728,1673988180000.0,0.020696969696969703,-0.0004948400000000001,2009.712213915759,2009.7659563400016,-0.2,12.371,0.5,12.267515151515152,long_nclose,6.133757575757576,0.0030520576693945914,77.0
1673989080000.0,667743,1673989080000.0,0.010348484848484852,-0.00024742000000000004,2009.7223149806075,2009.7673089200014,-0.1,12.371,0.4,12.267515151515152,long_nclose,4.9070060606060615,0.0024416338635586134,15.0
1673989200000.0,667745,1673989200000.0,0.010348484848484852,-0.00024742000000000004,2009.732416045456,2009.7601615000015,-0.1,12.371,0.3,12.267515151515152,long_nclose,3.6802545454545452,0.0018312161937936843,2.0
1674009840000.0,668089,1674009840000.0,0.010348484848484852,-0.00024742000000000004,2009.7425171103043,2009.7600140800014,-0.1,12.371,0.2,12.267515151515152,long_nclose,2.4535030303030307,0.0012208046600072852,344.0
1674009900000.0,668090,1674009900000.0,0.010348484848484852,-0.00024742000000000004,2009.7526181751527,2009.7628666600012,-0.1,12.371,0.1,12.267515151515152,long_nclose,1.2267515151515154,0.0006103992621068959,1.0
1674009960000.0,668091,1674009960000.0,0.010348484848484852,-0.00024742000000000004,2009.7627192400012,2009.7627192400012,-0.1,12.371,0.0,12.267515151515152,long_nclose,0.0,0.0,1.0
1674039480000.0,668583,1674039480000.0,0.0,-0.016151020000000002,2009.746568220001,2009.7599682200012,6.7,12.053,6.7,12.053,long_ientry_normal,80.75510000000001,0.040181732999063385,492.0
1674043860000.0,668656,1674043860000.0,0.2243999999999968,-0.0053482,2009.965620020001,2010.4246200200012,-2.2,12.155,4.5,12.053,long_nclose,54.2385,0.026984789918675464,73.0
1674043920000.0,668657,1674043920000.0,0.1529999999999978,-0.0036465,2010.114973520001,2010.420973520001,-1.5,12.155,3.0,12.053,long_nclose,36.159000000000006,0.01798852328167099,1.0
1674043980000.0,668658,1674043980000.0,0.10199999999999854,-0.002431,2010.2145425200013,2010.4385425200012,-1.0,12.155,2.0,12.053,long_nclose,24.106,0.01199175485507172,1.0
1674048840000.0,668739,1674048840000.0,0.061199999999999116,-0.0014586,2010.2742839200014,2010.4100839200014,-0.6,12.155,1.4,12.053,long_nclose,16.8742,0.00839397893858324,81.0
1674048900000.0,668740,1674048900000.0,0.04079999999999942,-0.0009724000000000001,2010.3141115200015,2010.4511115200014,-0.4,12.155,1.0,12.053,long_nclose,12.053,0.005995580457268297,1.0
1674050760000.0,668771,1674050760000.0,0.16799999999999926,-0.0012389,2010.4808726200013,2010.6418726200013,-0.5,12.389,0.5,12.053,long_nclose,6.0265,0.002997541574293337,31.0
1674050880000.0,668773,1674050880000.0,0.0671999999999997,-0.00049556,2010.5475770600012,2010.6471770600012,-0.2,12.389,0.3,12.053,long_nclose,3.6159,0.0017984652744639277,2.0
1674050940000.0,668774,1674050940000.0,0.03359999999999985,-0.00024778,2010.580929280001,2010.6503292800012,-0.1,12.389,0.2,12.053,long_nclose,2.4106000000000005,0.0011989569605950893,1.0
1674051120000.0,668777,1674051120000.0,0.03359999999999985,-0.00024778,2010.614281500001,2010.647981500001,-0.1,12.389,0.1,12.053,long_nclose,1.2053000000000003,0.0005994685361037011,3.0
1674051900000.0,668790,1674051900000.0,0.03359999999999985,-0.00024778,2010.6476337200008,2010.6476337200008,-0.1,12.389,0.0,12.053,long_nclose,0.0,0.0,13.0
1674057060000.0,668876,1674057060000.0,0.0,-0.016187200000000002,2010.6314465200007,2010.9329465200008,6.7,12.08,6.7,12.08,long_ientry_normal,80.936,0.040254020765508255,86.0
1674057240000.0,668879,1674057240000.0,0.0,-0.01601536,2010.6154311600008,2006.1351311600008,6.8,11.776,13.5,11.926874074074075,long_rentry,161.0128,0.08008135096581129,3.0
1674057300000.0,668880,1674057300000.0,0.0,-0.016168599999999998,2010.5992625600009,2010.2334625600008,7.0,11.549,20.5,11.797843902439025,long_rentry,241.85580000000002,0.12029040520588696,1.0
1674061980000.0,668958,1674061980000.0,0.6810614634146269,-0.01618128,2011.2641427434155,2012.3896812800008,-6.8,11.898,13.7,11.797843902439025,long_nclose,161.63046146341463,0.08036262270501505,78.0
1674062040000.0,668959,1674062040000.0,0.45070243902438545,-0.0107082,2011.7041369824399,2012.827973080001,-4.5,11.898,9.2,11.797843902439025,long_nclose,108.54016390243902,0.053954337472929534,1.0
1674062160000.0,668961,1674062160000.0,0.30046829268292363,-0.007138800000000001,2011.997466475123,2012.351834280001,-3.0,11.898,6.2,11.797843902439025,long_nclose,73.14663219512195,0.03635523076640333,2.0
1674140760000.0,670271,1674140760000.0,0.2003121951219491,-0.0047592,2012.193019470245,2012.601075080001,-2.0,11.898,4.2,11.797843902439025,long_nclose,49.550944390243906,0.024625343548448104,1310.0
1674140820000.0,670272,1674140820000.0,0.14021853658536435,-0.00333144,2012.3299065668302,2012.615943640001,-1.4,11.898,2.8,11.797843902439025,long_nclose,33.03396292682927,0.016415778953058163,1.0
1674141060000.0,670276,1674141060000.0,0.09014048780487709,-0.00214164,2012.417905414635,2012.6025020000009,-0.9,11.898,1.9,11.797843902439025,long_nclose,22.415903414634148,0.011138791477814651,4.0
1674141300000.0,670280,1674141300000.0,0.06009365853658472,-0.00142776,2012.4765713131715,2012.6093742400008,-0.6,11.898,1.3,11.797843902439025,long_nclose,15.337197073170733,0.007621056210936647,4.0
1674141420000.0,670282,1674141420000.0,0.04006243902438982,-0.00095184,2012.515681912196,2012.6301224000008,-0.4,11.898,0.9,11.797843902439025,long_nclose,10.618059512195122,0.005276013303959128,2.0
1674141600000.0,670285,1674141600000.0,0.03004682926829236,-0.00071388,2012.5450148614643,2012.6033085200008,-0.3,11.898,0.6,11.797843902439025,long_nclose,7.078706341463415,0.003517290937192123,3.0
1674141660000.0,670286,1674141660000.0,0.02003121951219491,-0.00047592,2012.5645701609765,2012.6014326000009,-0.2,11.898,0.4,11.797843902439025,long_nclose,4.71913756097561,0.00234483784070498,1.0
1674141720000.0,670287,1674141720000.0,0.010015609756097455,-0.00023796,2012.5743478107324,2012.6004946400008,-0.1,11.898,0.3,11.797843902439025,long_nclose,3.5393531707317076,0.0017586198366195997,1.0
1674142020000.0,670292,1674142020000.0,0.010015609756097455,-0.00023796,2012.5841254604884,2012.6035566800006,-0.1,11.898,0.2,11.797843902439025,long_nclose,2.359568780487805,0.0011724075285289876,5.0
1674142140000.0,670294,1674142140000.0,0.010015609756097455,-0.00023796,2012.5939031102444,2012.6036187200004,-0.1,11.898,0.1,11.797843902439025,long_nclose,1.1797843902439025,0.0005862009163501262,2.0
1674142200000.0,670295,1674142200000.0,0.010015609756097455,-0.00023796,2012.6036807600003,2012.6036807600003,-0.1,11.898,0.0,11.797843902439025,long_nclose,0.0,0.0,1.0
1674349860000.0,673756,1674349860000.0,0.0,-0.01605924,2012.5876215200003,2012.6434215200004,6.2,12.951,6.2,12.951,long_ientry_normal,80.2962,0.03989699585817613,3461.0
1674367500000.0,674050,1674367500000.0,0.21799999999999997,-0.005224,2012.8003975200004,2013.3001975200004,-2.0,13.06,4.2,12.951,long_nclose,54.394200000000005,0.02702414013183814,294.0
1674374220000.0,674162,1674374220000.0,0.15259999999999996,-0.0036568,2012.9493407200002,2013.2685407200001,-1.4,13.06,2.8,12.951,long_nclose,36.2628,0.018014760365022087,112.0
1674374340000.0,674164,1674374340000.0,0.09809999999999999,-0.0023508000000000005,2013.0450899200002,2013.2331899200003,-0.9,13.06,1.9,12.951,long_nclose,24.6069,0.012223720235187526,2.0
1674374640000.0,674169,1674374640000.0,0.06539999999999999,-0.0015672000000000001,2013.1089227200002,2013.2896227200001,-0.6,13.06,1.3,12.951,long_nclose,16.8363,0.008363332857941802,5.0
1674376200000.0,674195,1674376200000.0,0.0436,-0.0010448,2013.1514779200002,2013.2630779200001,-0.4,13.06,0.9,12.951,long_nclose,11.6559,0.005789877278406762,26.0
1674376440000.0,674199,1674376440000.0,0.03269999999999999,-0.0007836000000000001,2013.1833943200002,2013.2637943200002,-0.3,13.06,0.6,12.951,long_nclose,7.7706,0.0038598569916302645,4.0
1674378300000.0,674230,1674378300000.0,0.0218,-0.0005224,2013.2046719200002,2013.2362719200003,-0.2,13.06,0.4,12.951,long_nclose,5.180400000000001,0.002573210797816913,31.0
1674378600000.0,674235,1674378600000.0,0.0109,-0.0002612,2013.2153107200002,2013.2495107200002,-0.1,13.06,0.3,12.951,long_nclose,3.8853,0.0019298978997981458,5.0
1674379860000.0,674256,1674379860000.0,0.0109,-0.0002612,2013.22594952,2013.24874952,-0.1,13.06,0.2,12.951,long_nclose,2.5902000000000003,0.0012865918008942634,21.0
1674380280000.0,674263,1674380280000.0,0.0109,-0.0002612,2013.23658832,2013.24798832,-0.1,13.06,0.1,12.951,long_nclose,1.2951000000000001,0.0006432925009974766,7.0
1674380520000.0,674267,1674380520000.0,0.0109,-0.0002612,2013.24722712,2013.24722712,-0.1,13.06,0.0,12.951,long_nclose,0.0,0.0,4.0
1674421980000.0,674958,1674421980000.0,0.0,-0.016110080000000002,2013.2311170399998,2013.3117170399998,6.2,12.992,6.2,12.992,long_ientry_normal,80.55040000000001,0.04001050814197186,691.0
1674422160000.0,674961,1674422160000.0,0.21999999999999886,-0.0052408,2013.44587624,2013.9834762399998,-2.0,13.102,4.2,12.992,long_nclose,54.56640000000001,0.027101001642964338,3.0
1674422700000.0,674970,1674422700000.0,0.1539999999999992,-0.0036685600000000004,2013.59620768,2013.8846076799998,-1.4,13.102,2.8,12.992,long_nclose,36.3776,0.018065985554230404,9.0
1674422940000.0,674974,1674422940000.0,0.09899999999999949,-0.0023583600000000003,2013.6928493199998,2013.91704932,-0.9,13.102,1.9,12.992,long_nclose,24.6848,0.012258473286199414,4.0
1674430860000.0,675106,1674430860000.0,0.3257999999999985,-0.00240372,2014.0162455999998,2014.3742455999998,-0.9,13.354,1.0,12.992,long_nclose,12.992,0.006450792057106534,132.0
1674431880000.0,675123,1674431880000.0,0.18099999999999916,-0.0013354,2014.1959101999998,2014.3774101999998,-0.5,13.354,0.5,12.992,long_nclose,6.496,0.0032251083259100546,17.0
1674432000000.0,675125,1674432000000.0,0.07239999999999967,-0.00053416,2014.26777604,2014.36917604,-0.2,13.354,0.3,12.992,long_nclose,3.8976,0.0019349959555340671,2.0
1674432240000.0,675129,1674432240000.0,0.036199999999999836,-0.00026708,2014.30370896,2014.38030896,-0.1,13.354,0.2,12.992,long_nclose,2.5984000000000003,0.0012899742915836528,4.0
1674435600000.0,675185,1674435600000.0,0.036199999999999836,-0.00026708,2014.33964188,2014.37694188,-0.1,13.354,0.1,12.992,long_nclose,1.2992000000000001,0.0006449756401494665,56.0
1674454980000.0,675508,1674454980000.0,0.036199999999999836,-0.00026708,2014.3755748,2014.3755748,-0.1,13.354,0.0,12.992,long_nclose,0.0,0.0,323.0
1674481680000.0,675953,1674481680000.0,0.0,-0.016221680000000002,2014.3593531200002,2014.50195312,6.2,13.082,6.2,13.082,long_ientry_normal,81.1084,0.04026510953687228,445.0
1674485520000.0,676017,1674485520000.0,0.21999999999999886,-0.0052768,2014.5740763200001,2015.0486763200001,-2.0,13.192,4.2,13.082,long_nclose,54.94440000000001,0.02727345727607412,64.0
1674485700000.0,676020,1674485700000.0,0.1539999999999992,-0.00369376,2014.72438256,2015.1107825600002,-1.4,13.192,2.8,13.082,long_nclose,36.629599999999996,0.018180948380371893,3.0
1674485880000.0,676023,1674485880000.0,0.0,-0.00884952,2014.71553304,2014.6863330400001,3.4,13.014,6.2,13.044709677419354,long_ientry_partial,80.87719999999999,0.04014323544622925,3.0
1674499140000.0,676244,1674499140000.0,0.2205806451612915,-0.005262,2014.9308516851615,2015.3730710400002,-2.0,13.155,4.2,13.044709677419354,long_nclose,54.787780645161284,0.027190898684855726,221.0
1674499200000.0,676245,1674499200000.0,0.15440645161290403,-0.0036834,2015.0815747367744,2015.4043876400003,-1.4,13.155,2.8,13.044709677419354,long_nclose,36.52518709677419,0.018125909915853104,1.0
1674499380000.0,676248,1674499380000.0,0.09926129032258117,-0.0023679,2015.178468127097,2015.3975197400002,-0.9,13.155,1.9,13.044709677419354,long_nclose,24.784948387096772,0.012299133192968192,3.0
1674499560000.0,676251,1674499560000.0,0.06617419354838745,-0.0015785999999999999,2015.2430637206455,2015.3994411400004,-0.6,13.155,1.3,13.044709677419354,long_nclose,16.95812258064516,0.008414926658691086,3.0
1674499740000.0,676254,1674499740000.0,0.044116129032258304,-0.0010524000000000002,2015.286127449678,2015.3853887400005,-0.4,13.155,0.9,13.044709677419354,long_nclose,11.740238709677419,0.005825593968899374,3.0
1674509700000.0,676420,1674509700000.0,0.033087096774193726,-0.0007892999999999999,2015.318425246452,2015.3815994400004,-0.3,13.155,0.6,13.044709677419354,long_nclose,7.826825806451612,0.003883667071368374,166.0
1674509760000.0,676421,1674509760000.0,0.022058064516129152,-0.0005262000000000001,2015.3399571109683,2015.3860732400005,-0.2,13.155,0.4,13.044709677419354,long_nclose,5.217883870967742,0.0025890837188816953,1.0
1674509880000.0,676423,1674509880000.0,0.011029032258064576,-0.00026310000000000005,2015.3507230432263,2015.3868101400005,-0.1,13.155,0.3,13.044709677419354,long_nclose,3.913412903225806,0.001941802416066054,2.0
1674511320000.0,676447,1674511320000.0,0.011029032258064576,-0.00026310000000000005,2015.3614889754842,2015.3855470400003,-0.1,13.155,0.2,13.044709677419354,long_nclose,2.608941935483871,0.0012945280287211083,24.0
1674512100000.0,676460,1674512100000.0,0.011029032258064576,-0.00026310000000000005,2015.3722549077422,2015.3837839400003,-0.1,13.155,0.1,13.044709677419354,long_nclose,1.3044709677419355,0.0006472605567360311,13.0
1674512460000.0,676466,1674512460000.0,0.011029032258064576,-0.00026310000000000005,2015.3830208400002,2015.3830208400002,-0.1,13.155,0.0,13.044709677419354,long_nclose,0.0,0.0,6.0
1674560940000.0,677274,1674560940000.0,0.0,-0.016079080000000003,2015.3669417600001,2015.7265417600001,6.2,12.967,6.2,12.967,long_ientry_normal,80.39540000000001,0.039891197148342376,808.0
1674561480000.0,677283,1674561480000.0,0.21999999999999886,-0.0052308,2015.5817109600002,2016.0983109600002,-2.0,13.077,4.2,12.967,long_nclose,54.461400000000005,0.027020189607724024,9.0
1674561900000.0,677290,1674561900000.0,0.1539999999999992,-0.0036615600000000003,2015.7320494000003,2016.0624494000003,-1.4,13.077,2.8,12.967,long_nclose,36.3076,0.018012116248688544,7.0
1674563280000.0,677313,1674563280000.0,0.09899999999999949,-0.00235386,2015.8286955400001,2016.07189554,-0.9,13.077,1.9,12.967,long_nclose,24.6373,0.012221921463123215,23.0
1674565320000.0,677347,1674565320000.0,0.06599999999999966,-0.00156924,2015.8931263000002,2016.0335263000002,-0.6,13.077,1.3,12.967,long_nclose,16.857100000000003,0.00836210004393426,34.0
1674565380000.0,677348,1674565380000.0,0.043999999999999775,-0.0010461600000000002,2015.9360801400003,2016.0467801400002,-0.4,13.077,0.9,12.967,long_nclose,11.670300000000001,0.005789022834091811,1.0
1674567300000.0,677380,1674567300000.0,0.03299999999999983,-0.00078462,2015.96829552,2016.03909552,-0.3,13.077,0.6,12.967,long_nclose,7.7802,0.003859286883275697,32.0
1674567720000.0,677387,1674567720000.0,0.0,-0.014481599999999997,2015.9538139200001,2016.3966139200002,5.6,12.93,6.2,12.933580645161287,long_ientry_partial,80.18819999999998,0.03977680413425489,7.0
1674569220000.0,677412,1674569220000.0,0.21883870967742425,-0.0052172,2016.1674354296774,2016.61439672,-2.0,13.043,4.2,12.933580645161287,long_nclose,54.32103870967741,0.02694272199575564,25.0
1674569280000.0,677413,1674569280000.0,0.15318709677419695,-0.0036520399999999996,2016.3169704864517,2016.6149446800002,-1.4,13.043,2.8,12.933580645161287,long_nclose,36.2140258064516,0.01796048257120739,1.0
1674569340000.0,677414,1674569340000.0,0.09847741935484092,-0.00234774,2016.4131001658066,2016.61529694,-0.9,13.043,1.9,12.933580645161287,long_nclose,24.573803225806444,0.012186889295544538,1.0
1674569400000.0,677415,1674569400000.0,0.06565161290322727,-0.00156516,2016.4771866187098,2016.6025317800002,-0.6,13.043,1.3,12.933580645161287,long_nclose,16.813654838709674,0.008338132933159199,1.0
1674569640000.0,677419,1674569640000.0,0.043767741935484855,-0.00104344,2016.519910920645,2016.62468834,-0.4,13.043,0.9,12.933580645161287,long_nclose,11.640222580645158,0.005772431265174465,4.0
1674570660000.0,677436,1674570660000.0,0.0,-0.013930920000000001,2016.5059800006452,2016.63865742,5.4,12.899,6.3,12.903940092165898,long_ientry_partial,81.29482258064516,0.04031469451958637,17.0
1674571560000.0,677451,1674571560000.0,0.22902580645161308,-0.00546546,2016.7295403470966,2017.2379919599998,-2.1,13.013,4.2,12.903940092165898,long_nclose,54.196548387096776,0.02687348367881252,15.0
1674571680000.0,677453,1674571680000.0,0.15268387096774205,-0.00364364,2016.8785805780644,2017.2175483199999,-1.4,13.013,2.8,12.903940092165898,long_nclose,36.131032258064515,0.017914331881946445,2.0
1674573300000.0,677480,1674573300000.0,0.09815391705069132,-0.00234234,2016.974392155115,2017.17590598,-0.9,13.013,1.9,12.903940092165898,long_nclose,24.517486175115206,0.012155576327827614,27.0
1674573960000.0,677491,1674573960000.0,0.06543594470046088,-0.00156156,2017.0382665398156,2017.17614442,-0.6,13.013,1.3,12.903940092165898,long_nclose,16.77512211981567,0.008316709899903397,11.0
1674574080000.0,677493,1674574080000.0,0.043623963133640586,-0.0010410400000000002,2017.0808494629491,2017.1853033799998,-0.4,13.013,0.9,12.903940092165898,long_nclose,11.61354608294931,0.005757600686180444,2.0
1674574680000.0,677503,1674574680000.0,0.03271797235023044,-0.00078078,2017.1127866552993,2017.1764225999998,-0.3,13.013,0.6,12.903940092165898,long_nclose,7.7423640552995385,0.0038383396835918312,10.0
1674574860000.0,677506,1674574860000.0,0.021811981566820293,-0.0005205200000000001,2017.134078116866,2017.1725020799997,-0.2,13.013,0.4,12.903940092165898,long_nclose,5.16157603686636,0.002558866112502074,3.0
1674574980000.0,677508,1674574980000.0,0.010905990783410147,-0.00026026000000000006,2017.1447238476494,2017.1795418199997,-0.1,13.013,0.3,12.903940092165898,long_nclose,3.8711820276497693,0.0019191394558272414,2.0
1674580200000.0,677595,1674580200000.0,0.010905990783410147,-0.00026026000000000006,2017.1553695784328,2017.1805815599996,-0.1,13.013,0.2,12.903940092165898,long_nclose,2.58078801843318,0.0012794195515898913,87.0
1674581460000.0,677616,1674581460000.0,0.010905990783410147,-0.00026026000000000006,2017.1660153092162,2017.1761212999995,-0.1,13.013,0.1,12.903940092165898,long_nclose,1.29039400921659,0.0006397063996831131,21.0
1674581520000.0,677617,1674581520000.0,0.010905990783410147,-0.00026026000000000006,2017.1766610399995,2017.1766610399995,-0.1,13.013,0.0,12.903940092165898,long_nclose,0.0,0.0,1.0
1674592980000.0,677808,1674592980000.0,0.0,-0.0161469,2017.1605141399996,2017.2235141399997,6.3,12.815,6.3,12.815,long_ientry_normal,80.7345,0.04002383520501367,191.0
1674594060000.0,677826,1674594060000.0,0.22680000000000114,-0.005427660000000001,2017.3818864799996,2017.9488864799996,-2.1,12.923,4.2,12.815,long_nclose,53.823,0.026679628859914224,18.0
1674597180000.0,677878,1674597180000.0,0.0,-0.00537138,2017.3765150999996,2016.6121150999995,2.1,12.789,6.3,12.806333333333335,long_ientry_partial,80.6799,0.03999248499033943,52.0
1674599220000.0,677912,1674599220000.0,0.0,-0.016229200000000003,2017.3602858999996,2014.1903858999995,6.5,12.484,12.8,12.6426484375,long_rentry,161.82590000000002,0.08021665794209142,34.0
1674606120000.0,678027,1674606120000.0,0.0,-0.01615944,2017.3441264599996,2012.0800264599995,6.6,12.242,19.4,12.506345360824746,long_rentry,242.62310000000005,0.12026857332752189,115.0
1674618960000.0,678241,1674618960000.0,0.6761896907216283,-0.016143360000000002,2018.0041727907214,2019.4166830999998,-6.4,12.612,13.0,12.506345360824746,long_nclose,162.5824896907217,0.08056598290670751,214.0
1674619260000.0,678246,1674619260000.0,0.454314948453594,-0.010846320000000001,2018.4476414191752,2019.43643678,-4.3,12.612,8.7,12.506345360824746,long_nclose,108.80520463917527,0.0539053886791307,5.0
1674640560000.0,678601,1674640560000.0,0.3063984536082378,-0.00731496,2018.7467249127833,2019.2899218199998,-2.9,12.612,5.8,12.506345360824746,long_nclose,72.53680309278353,0.03593160162076169,355.0
1674640620000.0,678602,1674640620000.0,0.2007438144329834,-0.0047925599999999995,2018.9426761672164,2019.36642926,-1.9,12.612,3.9,12.506345360824746,long_nclose,48.77474690721651,0.024158559568323672,1.0
1674640800000.0,678605,1674640800000.0,0.13735103092783074,-0.0032791200000000004,2019.0767480781444,2019.3852501400002,-1.3,12.612,2.6,12.506345360824746,long_nclose,32.51649793814434,0.0161046369183812,3.0
1674641340000.0,678614,1674641340000.0,0.08452371134020353,-0.0020179200000000003,2019.1592538694845,2019.34583222,-0.8,12.612,1.8,12.506345360824746,long_nclose,22.511421649484543,0.01114890844114649,9.0
1674641400000.0,678615,1674641400000.0,0.06339278350515265,-0.00151344,2019.2211332129896,2019.3635187799998,-0.6,12.612,1.2,12.506345360824746,long_nclose,15.007614432989694,0.00743237785408354,1.0
1674641520000.0,678617,1674641520000.0,0.04226185567010177,-0.0010089600000000002,2019.2623861086597,2019.34930982,-0.4,12.612,0.8,12.506345360824746,long_nclose,10.005076288659797,0.004954817341960535,2.0
1674641940000.0,678624,1674641940000.0,0.021130927835050883,-0.0005044800000000001,2019.2830125564947,2019.3572053399998,-0.2,12.612,0.6,12.506345360824746,long_nclose,7.503807216494847,0.00371607504734798,7.0
1674648300000.0,678730,1674648300000.0,0.10459639175257641,-0.0007713,2019.3868376482471,2019.4824340399998,-0.3,12.855,0.3,12.506345360824746,long_nclose,3.7519036082474235,0.001857941994222783,106.0
1674648720000.0,678737,1674648720000.0,0.03486546391752548,-0.0002571,2019.4214460121646,2019.4971769399997,-0.1,12.855,0.2,12.506345360824746,long_nclose,2.5012690721649493,0.0012386067688368416,7.0
1674649080000.0,678743,1674649080000.0,0.03486546391752548,-0.0002571,2019.456054376082,2019.4919198399996,-0.1,12.855,0.1,12.506345360824746,long_nclose,1.2506345360824747,0.0006192927711263629,6.0
1674650040000.0,678759,1674650040000.0,0.03486546391752548,-0.0002571,2019.4906627399994,2019.4906627399994,-0.1,12.855,0.0,12.506345360824746,long_nclose,0.0,0.0,16.0
1674749160000.0,680411,1674749160000.0,0.0,-0.01616588,2019.4744968599994,2019.5240968599994,6.2,13.037,6.2,13.037,long_ientry_normal,80.8294,0.04002496695337249,1652.0
1674750720000.0,680437,1674750720000.0,0.21999999999999886,-0.0052588,2019.6892380599993,2020.2898380599993,-2.0,13.147,4.2,13.037,long_nclose,54.75540000000001,0.027110804458509167,26.0
1674751020000.0,680442,1674751020000.0,0.1539999999999992,-0.00368116,2019.8395568999993,2020.1419568999993,-1.4,13.147,2.8,13.037,long_nclose,36.5036,0.018072524560329355,5.0
1674751320000.0,680447,1674751320000.0,0.09899999999999949,-0.00236646,2019.936190439999,2020.150890439999,-0.9,13.147,1.9,13.037,long_nclose,24.7703,0.012262912124270782,5.0
1674751560000.0,680451,1674751560000.0,0.06599999999999966,-0.00157764,2020.000612799999,2020.1670127999992,-0.6,13.147,1.3,13.037,long_nclose,16.9481,0.008390145969563643,4.0
1674751980000.0,680458,1674751980000.0,0.043999999999999775,-0.00105176,2020.043561039999,2020.118261039999,-0.4,13.147,0.9,13.037,long_nclose,11.733300000000002,0.0058084390981941155,7.0
1674752340000.0,680464,1674752340000.0,0.03299999999999983,-0.00078882,2020.075772219999,2020.137572219999,-0.3,13.147,0.6,13.037,long_nclose,7.8222000000000005,0.003872230986367235,6.0
1674752460000.0,680466,1674752460000.0,0.021999999999999888,-0.00052588,2020.097246339999,2020.140446339999,-0.2,13.147,0.4,13.037,long_nclose,5.2148,0.002581459882413159,2.0
1674752520000.0,680467,1674752520000.0,0.010999999999999944,-0.00026294,2020.1079833999988,2020.144883399999,-0.1,13.147,0.3,13.037,long_nclose,3.9111000000000002,0.0019360846212870832,1.0
1674753720000.0,680487,1674753720000.0,0.010999999999999944,-0.00026294,2020.1187204599987,2020.1403204599987,-0.1,13.147,0.2,13.037,long_nclose,2.6074,0.0012907162205824578,20.0
1674753780000.0,680488,1674753780000.0,0.010999999999999944,-0.00026294,2020.1294575199986,2020.1387575199985,-0.1,13.147,0.1,13.037,long_nclose,1.3037,0.0006453546801898927,1.0
1674755280000.0,680513,1674755280000.0,0.0,-0.01588196,2020.1135755599987,2020.1550755599987,6.1,13.018,6.2,13.018306451612903,long_ientry_partial,80.7135,0.03995493173081879,25.0
1674777360000.0,680881,1674777360000.0,0.2193870967741951,-0.0052512,2020.327711456773,2020.7758243599988,-2.0,13.128,4.2,13.018306451612903,long_nclose,54.676887096774195,0.027063375306251185,368.0
1674777420000.0,680882,1674777420000.0,0.15357096774193657,-0.0036758399999999997,2020.477606584515,2020.7763485199987,-1.4,13.128,2.8,13.018306451612903,long_nclose,36.451258064516125,0.01804091168628916,1.0
1674777600000.0,680885,1674777600000.0,0.0987241935483878,-0.0023630400000000003,2020.5739677380632,2020.7956854799986,-0.9,13.128,1.9,13.018306451612903,long_nclose,24.734782258064513,0.012241463392579451,3.0
1674777840000.0,680889,1674777840000.0,0.06581612903225853,-0.00157536,2020.6382085070954,2020.7899101199987,-0.6,13.128,1.3,13.018306451612903,long_nclose,16.923798387096774,0.00837547182659708,4.0
1674777960000.0,680891,1674777960000.0,0.04387741935483902,-0.0010502400000000002,2020.6810356864503,2020.7950598799987,-0.4,13.128,0.9,13.018306451612903,long_nclose,11.716475806451612,0.0057982806784106725,2.0
1674782700000.0,680970,1674782700000.0,0.0,-0.01385316,2020.6671825264502,2020.8289067199987,5.4,12.827,6.3,12.854329493087558,long_ientry_partial,80.98227580645161,0.040076998580834605,79.0
1674798840000.0,681239,1674798840000.0,0.22820806451612602,-0.005444460000000001,2020.8899461309663,2021.4177622599987,-2.1,12.963,4.2,12.854329493087558,long_nclose,53.988183870967745,0.02671505391687914,269.0
1674799800000.0,681255,1674799800000.0,0.15213870967741733,-0.00362964,2021.0384552006437,2021.3483326199985,-1.4,12.963,2.8,12.854329493087558,long_nclose,35.99212258064516,0.0178087272352628,16.0
1674800700000.0,681270,1674800700000.0,0.09780345622119686,-0.0023333399999999997,2021.133925316865,2021.3916992799986,-0.9,12.963,1.9,12.854329493087558,long_nclose,24.42322603686636,0.012083922658928891,15.0
1674803400000.0,681315,1674803400000.0,0.06520230414746457,-0.0015555599999999999,2021.1975720610126,2021.3479437199987,-0.6,12.963,1.3,12.854329493087558,long_nclose,16.710628341013827,0.008267686727910534,45.0
1674804300000.0,681330,1674804300000.0,0.043468202764976385,-0.0010370400000000001,2021.2400032237774,2021.3216066799987,-0.4,12.963,0.9,12.854329493087558,long_nclose,11.568896543778802,0.005723662962006979,15.0
1674804480000.0,681333,1674804480000.0,0.032601152073732285,-0.0007777799999999999,2021.2718265958513,2021.3382288999987,-0.3,12.963,0.6,12.854329493087558,long_nclose,7.712597695852534,0.0038157152315538858,3.0
1674804660000.0,681336,1674804660000.0,0.021734101382488193,-0.0005185200000000001,2021.2930421772337,2021.3393103799988,-0.2,12.963,0.4,12.854329493087558,long_nclose,5.141731797235024,0.0025437834544251004,3.0
1674807840000.0,681389,1674807840000.0,0.010867050691244096,-0.00025926000000000004,2021.3036499679251,2021.3383511199988,-0.1,12.963,0.3,12.854329493087558,long_nclose,3.856298847926267,0.001907827578497402,53.0
1674809820000.0,681422,1674809820000.0,0.010867050691244096,-0.00025926000000000004,2021.3142577586166,2021.3373918599991,-0.1,12.963,0.2,12.854329493087558,long_nclose,2.570865898617512,0.0012718783775207121,33.0
1674809940000.0,681424,1674809940000.0,0.010867050691244096,-0.00025926000000000004,2021.324865549308,2021.3364325999992,-0.1,12.963,0.1,12.854329493087558,long_nclose,1.285432949308756,0.0006359358513899403,2.0
1674810900000.0,681440,1674810900000.0,0.010867050691244096,-0.00025926000000000004,2021.3354733399995,2021.3354733399995,-0.1,12.963,0.0,12.854329493087558,long_nclose,0.0,0.0,16.0
1674912060000.0,683126,1674912060000.0,0.0,-0.01605154,2021.3194217999994,2021.3377217999994,6.1,13.157,6.1,13.157,long_ientry_normal,80.2577,0.0397055997851789,1686.0
1674918780000.0,683238,1674918780000.0,0.2220000000000013,-0.005307200000000001,2021.5361145999993,2021.9994145999992,-2.0,13.268,4.1,13.157,long_nclose,53.94369999999999,0.026684509670841974,112.0
1674918900000.0,683240,1674918900000.0,0.14430000000000084,-0.00344968,2021.6769649199994,2021.9513649199994,-1.3,13.268,2.8,13.157,long_nclose,36.8396,0.018222297943360003,2.0
1674918960000.0,683241,1674918960000.0,0.09990000000000059,-0.0023882400000000002,2021.7744766799992,2021.9986766799993,-0.9,13.268,1.9,13.157,long_nclose,24.9983,0.012364534367379226,1.0
1674919260000.0,683246,1674919260000.0,0.0666000000000004,-0.00159216,2021.8394845199994,2021.9928845199993,-0.6,13.268,1.3,13.157,long_nclose,17.1041,0.008459672556083575,5.0
1674919500000.0,683250,1674919500000.0,0.044400000000000266,-0.0010614400000000003,2021.8828230799993,2021.9755230799992,-0.4,13.268,0.9,13.157,long_nclose,11.8413,0.005856570848137364,4.0
1674920040000.0,683259,1674920040000.0,0.0333000000000002,-0.00079608,2021.9153269999993,2021.9741269999993,-0.3,13.268,0.6,13.157,long_nclose,7.8942,0.0039043177993575806,9.0
1674920100000.0,683260,1674920100000.0,0.022200000000000133,-0.0005307200000000001,2021.9369962799994,2021.9841962799994,-0.2,13.268,0.4,13.157,long_nclose,5.2628,0.00260285063762254,1.0
1674926640000.0,683369,1674926640000.0,0.011100000000000066,-0.0002653600000000001,2021.9478309199994,2021.9817309199993,-0.1,13.268,0.3,13.157,long_nclose,3.9471,0.0019521275176541245,109.0
1674927360000.0,683381,1674927360000.0,0.011100000000000066,-0.0002653600000000001,2021.9586655599994,2021.9802655599995,-0.1,13.268,0.2,13.157,long_nclose,2.6314,0.0013014113714689664,12.0
1674927420000.0,683382,1674927420000.0,0.011100000000000066,-0.0002653600000000001,2021.9695001999994,2021.9808001999993,-0.1,13.268,0.1,13.157,long_nclose,1.3157,0.0006507021989549596,1.0
1674927900000.0,683390,1674927900000.0,0.011100000000000066,-0.0002653600000000001,2021.9803348399994,2021.9803348399994,-0.1,13.268,0.0,13.157,long_nclose,0.0,0.0,8.0
1675069380000.0,685748,1675069380000.0,0.0,-0.016116000000000002,2021.9642188399994,2021.9342188399994,6.0,13.43,6.0,13.43,long_ientry_normal,80.58,0.03985233727144229,2358.0
1675105740000.0,686354,1675105740000.0,0.0,-0.01623532,2021.9479835199993,2017.6933835199993,6.2,13.093,12.2,13.258737704918033,long_rentry,161.7566,0.0800003765271937,606.0
1675105800000.0,686355,1675105800000.0,0.0,-0.01617714,2021.9318063799992,2014.7945063799993,6.3,12.839,18.5,13.115799999999998,long_rentry,242.64229999999998,0.1200051847616062,1.0
1675124280000.0,686663,1675124280000.0,0.6783200000000119,-0.01613694,2022.5939894399992,2023.9480694399992,-6.1,13.227,12.4,13.115799999999998,long_nclose,162.63591999999997,0.08040957347303766,308.0
1675124340000.0,686664,1675124340000.0,0.455920000000008,-0.01084614,2023.0390632999993,2023.9869232999993,-4.1,13.227,8.3,13.115799999999998,long_nclose,108.86113999999999,0.053810695984498065,1.0
1675124580000.0,686668,1675124580000.0,0.30024000000000534,-0.007142580000000002,2023.3321607199994,2023.9156807199993,-2.7,13.227,5.6,13.115799999999998,long_nclose,73.44847999999999,0.036300752504158026,4.0
1675124760000.0,686671,1675124760000.0,0.20016000000000353,-0.0047617200000000005,2023.5275589999994,2023.9805189999995,-1.8,13.227,3.8,13.115799999999998,long_nclose,49.840039999999995,0.024630274877318836,3.0
1675126200000.0,686695,1675126200000.0,0.13344000000000236,-0.00317448,2023.6578245199994,2023.9417445199995,-1.2,13.227,2.6,13.115799999999998,long_nclose,34.101079999999996,0.01685120853279066,24.0
1675126260000.0,686696,1675126260000.0,0.08896000000000158,-0.0021163200000000005,2023.7446681999995,2023.9232281999996,-0.8,13.227,1.8,13.115799999999998,long_nclose,23.608439999999998,0.011665720666727341,1.0
1675126320000.0,686697,1675126320000.0,0.06672000000000118,-0.00158724,2023.8098009599996,2023.9348409599995,-0.6,13.227,1.2,13.115799999999998,long_nclose,15.738959999999997,0.007776896817346264,1.0
1675126500000.0,686700,1675126500000.0,0.04448000000000079,-0.0010581600000000003,2023.8532227999997,2023.9405827999997,-0.4,13.227,0.8,13.115799999999998,long_nclose,10.49264,0.005184486642506337,3.0
1675126560000.0,686701,1675126560000.0,0.022240000000000395,-0.0005290800000000001,2023.8749337199997,2023.9344537199997,-0.2,13.227,0.6,13.115799999999998,long_nclose,7.8694799999999985,0.0038883232698254913,1.0
1675129740000.0,686754,1675129740000.0,0.022240000000000395,-0.0005290800000000001,2023.8966446399997,2023.9323246399997,-0.2,13.227,0.4,13.115799999999998,long_nclose,5.24632,0.00259218770577743,53.0
1675130880000.0,686773,1675130880000.0,0.011120000000000197,-0.00026454000000000007,2023.9075000999997,2023.9417600999996,-0.1,13.227,0.3,13.115799999999998,long_nclose,3.9347399999999992,0.0019441303517110278,19.0
1675131780000.0,686788,1675131780000.0,0.011120000000000197,-0.00026454000000000007,2023.9183555599996,2023.9401955599997,-0.1,13.227,0.2,13.115799999999998,long_nclose,2.62316,0.0012960799494672283,15.0
1675131960000.0,686791,1675131960000.0,0.011120000000000197,-0.00026454000000000007,2023.9292110199995,2023.9406310199995,-0.1,13.227,0.1,13.115799999999998,long_nclose,1.31158,0.0006480364989341713,3.0
1675132140000.0,686794,1675132140000.0,0.011120000000000197,-0.00026454000000000007,2023.9400664799994,2023.9400664799994,-0.1,13.227,0.0,13.115799999999998,long_nclose,0.0,0.0,3.0
1675373400000.0,690815,1675373400000.0,0.0,-0.016158239999999997,2023.9239082399993,2023.6887082399992,5.6,14.427,5.6,14.427,long_ientry_normal,80.79119999999999,0.039918101501284144,4021.0
1675384140000.0,690994,1675384140000.0,0.2195999999999998,-0.00523764,2024.1382705999993,2024.6436705999993,-1.8,14.549,3.8,14.427,long_nclose,54.822599999999994,0.027084414536438443,179.0
1675384860000.0,691006,1675384860000.0,0.14639999999999986,-0.00349176,2024.2811788399993,2024.6399788399992,-1.2,14.549,2.6,14.427,long_nclose,37.5102,0.01853013326019015,12.0
1675385100000.0,691010,1675385100000.0,0.09759999999999991,-0.0023278400000000003,2024.3764509999994,2024.6248509999994,-0.8,14.549,1.8,14.427,long_nclose,25.9686,0.012827950052062725,4.0
1675385220000.0,691012,1675385220000.0,0.07319999999999993,-0.00174588,2024.4479051199994,2024.5955051199994,-0.6,14.549,1.2,14.427,long_nclose,17.3124,0.00855166485450946,2.0
1675386420000.0,691032,1675386420000.0,0.048799999999999955,-0.0011639200000000001,2024.4955411999995,2024.5939411999996,-0.4,14.549,0.8,14.427,long_nclose,11.5416,0.005700975756735346,20.0
1675387920000.0,691057,1675387920000.0,0.024399999999999977,-0.0005819600000000001,2024.5193592399994,2024.5931592399993,-0.2,14.549,0.6,14.427,long_nclose,8.6562,0.004275681514475377,25.0
1675388100000.0,691060,1675388100000.0,0.024399999999999977,-0.0005819600000000001,2024.5431772799993,2024.5943772799994,-0.2,14.549,0.4,14.427,long_nclose,5.7708,0.0028504208083885603,3.0
1675396140000.0,691194,1675396140000.0,0.012199999999999989,-0.00029098000000000004,2024.5550862999992,2024.5949862999992,-0.1,14.549,0.3,14.427,long_nclose,4.3281,0.002137803031040204,134.0
1675396380000.0,691198,1675396380000.0,0.012199999999999989,-0.00029098000000000004,2024.566995319999,2024.591595319999,-0.1,14.549,0.2,14.427,long_nclose,2.8854,0.0014251936372912863,4.0
1675397220000.0,691212,1675397220000.0,0.012199999999999989,-0.00029098000000000004,2024.5789043399989,2024.591204339999,-0.1,14.549,0.1,14.427,long_nclose,1.4427,0.0007125926269938647,14.0
1675397400000.0,691215,1675397400000.0,0.012199999999999989,-0.00029098000000000004,2024.5908133599987,2024.5908133599987,-0.1,14.549,0.0,14.427,long_nclose,0.0,0.0,3.0
1675554240000.0,693829,1675554240000.0,0.0,-0.016082,2024.5747313599986,2024.8222313599986,5.5,14.62,5.5,14.62,long_ientry_normal,80.41,0.03971698290731158,2614.0
1675601700000.0,694620,1675601700000.0,0.0,-0.016248420000000003,2024.5584829399986,2021.4983829399987,5.7,14.253,11.2,14.433223214285714,long_rentry,161.6521,0.07984560651725606,791.0
1675609380000.0,694748,1675609380000.0,0.4505741071428556,-0.010770700000000001,2024.9982863471414,2026.0616122399986,-3.7,14.555,7.5,14.433223214285714,long_nclose,108.24917410714286,0.053456427512544535,128.0
1675616640000.0,694869,1675616640000.0,0.30444196428571324,-0.007277500000000001,2025.295450811427,2025.8543347399984,-2.5,14.555,5.0,14.433223214285714,long_nclose,72.16611607142858,0.03563238935954529,121.0
1675616880000.0,694873,1675616880000.0,0.19484285714285648,-0.0046576000000000005,2025.4856360685699,2025.8656771399985,-1.6,14.555,3.4,14.433223214285714,long_nclose,49.07295892857143,0.024227749659000857,4.0
1675616940000.0,694874,1675616940000.0,0.13395446428571384,-0.0032021000000000003,2025.6163884328557,2025.8734750399985,-1.1,14.555,2.3,14.433223214285714,long_nclose,33.19641339285714,0.016388302139745212,1.0
1675617840000.0,694889,1675617840000.0,0.0852437499999997,-0.0020377,2025.6995944828557,2025.8464373399986,-0.7,14.555,1.6,14.433223214285714,long_nclose,23.093157142857144,0.011400089729865713,15.0
1675617900000.0,694890,1675617900000.0,0.06088839285714265,-0.0014555,2025.7590273757128,2025.8874818399986,-0.5,14.555,1.1,14.433223214285714,long_nclose,15.876545535714287,0.00783733174635371,1.0
1675618020000.0,694892,1675618020000.0,0.03653303571428559,-0.0008732999999999999,2025.794687111427,2025.9241085399985,-0.3,14.555,0.8,14.433223214285714,long_nclose,11.546578571428572,0.005699777299689139,2.0
1675618380000.0,694898,1675618380000.0,0.02435535714285706,-0.0005822000000000001,2025.8184602685699,2025.8705263399984,-0.2,14.555,0.6,14.433223214285714,long_nclose,8.659933928571428,0.004274782809227314,6.0
1675618680000.0,694903,1675618680000.0,0.02435535714285706,-0.0005822000000000001,2025.8422334257127,2025.8909441399985,-0.2,14.555,0.4,14.433223214285714,long_nclose,5.773289285714286,0.0028498217632434365,5.0
1675618740000.0,694904,1675618740000.0,0.01217767857142853,-0.00029110000000000003,2025.8541200042841,2025.8741530399984,-0.1,14.555,0.3,14.433223214285714,long_nclose,4.329966964285714,0.0021373537815627896,1.0
1675621260000.0,694946,1675621260000.0,0.01217767857142853,-0.00029110000000000003,2025.8660065828556,2025.8923619399984,-0.1,14.555,0.2,14.433223214285714,long_nclose,2.886644642857143,0.0014248941605601113,42.0
1675621440000.0,694949,1675621440000.0,0.01217767857142853,-0.00029110000000000003,2025.877893161427,2025.8885708399985,-0.1,14.555,0.1,14.433223214285714,long_nclose,1.4433223214285715,0.0007124429000882355,3.0
1675622940000.0,694974,1675622940000.0,0.01217767857142853,-0.00029110000000000003,2025.8897797399984,2025.8897797399984,-0.1,14.555,0.0,14.433223214285714,long_nclose,0.0,0.0,25.0
1675661220000.0,695612,1675661220000.0,0.0,-0.01631454,2025.8734651999985,2025.8107651999985,5.7,14.311,5.7,14.311,long_ientry_normal,81.5727,0.040265446683239406,638.0
1675669680000.0,695753,1675669680000.0,0.22990000000000083,-0.00548416,2026.0978810399986,2026.5690810399985,-1.9,14.432,3.8,14.311,long_nclose,54.3818,0.026840657852169388,141.0
1675670520000.0,695767,1675670520000.0,0.14520000000000052,-0.0034636800000000002,2026.2396173599984,2026.6010173599984,-1.2,14.432,2.6,14.311,long_nclose,37.208600000000004,0.018363376019900027,14.0
1675672620000.0,695802,1675672620000.0,0.09680000000000036,-0.00230912,2026.3341082399984,2026.5393082399985,-0.8,14.432,1.8,14.311,long_nclose,25.759800000000002,0.012712513644837201,35.0
1675672920000.0,695807,1675672920000.0,0.07260000000000026,-0.0017318400000000001,2026.4049763999983,2026.5357763999982,-0.6,14.432,1.2,14.311,long_nclose,17.173199999999998,0.008474712705507158,5.0
1675672980000.0,695808,1675672980000.0,0.04840000000000018,-0.00115456,2026.4522218399982,2026.5514218399983,-0.4,14.432,0.8,14.311,long_nclose,11.4488,0.005649676748660082,1.0
1675688940000.0,696074,1675688940000.0,0.02420000000000009,-0.00057728,2026.4758445599982,2026.5502445599982,-0.2,14.432,0.6,14.311,long_nclose,8.586599999999999,0.004237208167593223,266.0
1675698720000.0,696237,1675698720000.0,0.02420000000000009,-0.00057728,2026.4994672799983,2026.5510672799983,-0.2,14.432,0.4,14.311,long_nclose,5.7244,0.002824772516561964,163.0
1675701600000.0,696285,1675701600000.0,0.012100000000000045,-0.00028864,2026.5112786399982,2026.546978639998,-0.1,14.432,0.3,14.311,long_nclose,4.2932999999999995,0.0021185670394498145,48.0
1675701660000.0,696286,1675701660000.0,0.012100000000000045,-0.00028864,2026.523089999998,2026.545889999998,-0.1,14.432,0.2,14.311,long_nclose,2.8622,0.0014123697944147297,1.0
1675701720000.0,696287,1675701720000.0,0.012100000000000045,-0.00028864,2026.534901359998,2026.548301359998,-0.1,14.432,0.1,14.311,long_nclose,1.4311,0.0007061807813127697,1.0
1675701840000.0,696289,1675701840000.0,0.012100000000000045,-0.00028864,2026.546712719998,2026.546712719998,-0.1,14.432,0.0,14.311,long_nclose,0.0,0.0,2.0
1675724760000.0,696671,1675724760000.0,0.0,-0.01616748,2026.530545239998,2026.690145239998,5.7,14.182,5.7,14.182,long_ientry_normal,80.8374,0.03988955418899279,382.0
1675738320000.0,696897,1675738320000.0,0.2279999999999985,-0.005434759999999999,2026.753110479998,2027.220510479998,-1.9,14.302,3.8,14.182,long_nclose,53.8916,0.026590115846540772,226.0
1675739100000.0,696910,1675739100000.0,0.14399999999999905,-0.00343248,2026.893677999998,2027.174477999998,-1.2,14.302,2.6,14.182,long_nclose,36.873200000000004,0.01819197543523052,13.0
1675739160000.0,696911,1675739160000.0,0.09599999999999938,-0.0022883200000000004,2026.9873896799982,2027.226789679998,-0.8,14.302,1.8,14.182,long_nclose,25.5276,0.01259386226572927,1.0
1675754520000.0,697167,1675754520000.0,0.35549999999999965,-0.0026238600000000004,2027.340265819998,2027.689465819998,-0.9,14.577,0.9,14.182,long_nclose,12.7638,0.0062958350974385785,256.0
1675754580000.0,697168,1675754580000.0,0.15799999999999984,-0.00116616,2027.497099659998,2027.693599659998,-0.4,14.577,0.5,14.182,long_nclose,7.091,0.003497415607247541,1.0
1675763280000.0,697313,1675763280000.0,0.07899999999999992,-0.00058308,2027.5755165799978,2027.699416579998,-0.2,14.577,0.3,14.182,long_nclose,4.2546,0.0020983682063671905,145.0
1675780200000.0,697595,1675780200000.0,0.03949999999999996,-0.00029154,2027.614725039998,2027.694325039998,-0.1,14.577,0.2,14.182,long_nclose,2.8364000000000003,0.0013988850864870533,282.0
1675780440000.0,697599,1675780440000.0,0.03949999999999996,-0.00029154,2027.653933499998,2027.6932334999979,-0.1,14.577,0.1,14.182,long_nclose,1.4182000000000001,0.0006994290182210729,4.0
1675780680000.0,697603,1675780680000.0,0.03949999999999996,-0.00029154,2027.693141959998,2027.693141959998,-0.1,14.577,0.0,14.182,long_nclose,0.0,0.0,4.0
1675794600000.0,697835,1675794600000.0,0.0,-0.01627122,2027.676870739998,2027.6312707399982,5.7,14.273,5.7,14.273,long_ientry_normal,81.3561,0.04012281304481675,232.0
1675795020000.0,697842,1675795020000.0,0.22990000000000083,-0.00546972,2027.901301019998,2028.4219010199981,-1.9,14.394,3.8,14.273,long_nclose,54.237399999999994,0.02674558173650737,7.0
1675795620000.0,697852,1675795620000.0,0.14520000000000052,-0.00345456,2028.043046459998,2028.321246459998,-1.2,14.394,2.6,14.273,long_nclose,37.1098,0.01829832954718398,10.0
1675795860000.0,697856,1675795860000.0,0.09680000000000036,-0.00230304,2028.137543419998,2028.384143419998,-0.8,14.394,1.8,14.273,long_nclose,25.6914,0.012667484058638956,4.0
1675796280000.0,697863,1675796280000.0,0.07260000000000026,-0.00172728,2028.208416139998,2028.348816139998,-0.6,14.394,1.2,14.273,long_nclose,17.127599999999997,0.008444694274859846,7.0
1675796340000.0,697864,1675796340000.0,0.04840000000000018,-0.00115152,2028.255664619998,2028.353264619998,-0.4,14.394,0.8,14.273,long_nclose,11.4184,0.005629665036404217,1.0
1675801740000.0,697954,1675801740000.0,0.1591999999999999,-0.00117368,2028.413690939998,2028.572490939998,-0.4,14.671,0.4,14.273,long_nclose,5.7092,0.002814613224856646,90.0
1675801800000.0,697955,1675801800000.0,0.07959999999999995,-0.00058684,2028.492704099998,2028.573104099998,-0.2,14.671,0.2,14.273,long_nclose,2.8546,0.0014072517954983375,1.0
1675802160000.0,697961,1675802160000.0,0.039799999999999974,-0.00029342,2028.5322106799981,2028.572410679998,-0.1,14.671,0.1,14.273,long_nclose,1.4273,0.0007036121943173606,6.0
1675802280000.0,697963,1675802280000.0,0.039799999999999974,-0.00029342,2028.5717172599982,2028.5717172599982,-0.1,14.671,0.0,14.273,long_nclose,0.0,0.0,2.0
1675873200000.0,699145,1675873200000.0,0.0,-0.0161425,2028.5555747599983,2028.7480747599984,5.5,14.675,5.5,14.675,long_ientry_normal,80.7125,0.039788163067481765,1182.0
1675874400000.0,699165,1675874400000.0,0.22319999999999782,-0.005327640000000001,2028.7734471199983,2029.2359471199984,-1.8,14.799,3.7,14.675,long_nclose,54.29750000000001,0.02676370793253408,20.0
1675876680000.0,699203,1675876680000.0,0.7361999999999981,-0.00543024,2029.5042168799985,2030.3022168799985,-1.8,15.084,1.9,14.675,long_nclose,27.8825,0.013738577021960753,38.0
1675883760000.0,699321,1675883760000.0,0.36809999999999904,-0.00271512,2029.8696017599984,2030.2746017599984,-0.9,15.084,1.0,14.675,long_nclose,14.675,0.007229528432405728,118.0
1675883820000.0,699322,1675883820000.0,0.20449999999999946,-0.0015084,2030.0725933599986,2030.2700933599986,-0.5,15.084,0.5,14.675,long_nclose,7.3375,0.003614402767664388,1.0
1675892160000.0,699461,1675892160000.0,0.08179999999999979,-0.00060336,2030.1537899999985,2030.2722899999985,-0.2,15.084,0.3,14.675,long_nclose,4.4025,0.002168554925092647,139.0
1675892400000.0,699465,1675892400000.0,0.040899999999999895,-0.00030168,2030.1943883199986,2030.2843883199985,-0.1,15.084,0.2,14.675,long_nclose,2.9350000000000005,0.0014456743732942417,4.0
1675894080000.0,699493,1675894080000.0,0.040899999999999895,-0.00030168,2030.2349866399986,2030.2769866399985,-0.1,15.084,0.1,14.675,long_nclose,1.4675000000000002,0.0007228227321748039,28.0
1675894260000.0,699496,1675894260000.0,0.040899999999999895,-0.00030168,2030.2755849599987,2030.2755849599987,-0.1,15.084,0.0,14.675,long_nclose,0.0,0.0,3.0
1675911540000.0,699784,1675911540000.0,0.0,-0.0162327,2030.2593522599986,2030.2758522599986,5.5,14.757,5.5,14.757,long_ientry_normal,81.1635,0.03997691226475683,288.0
1675911960000.0,699791,1675911960000.0,0.0,-0.016112319999999996,2030.2432399399986,2028.8576399399985,5.6,14.386,11.1,14.569828828828827,long_rentry,161.72509999999997,0.07965799211565387,7.0
1675912680000.0,699803,1675912680000.0,0.4557333333333382,-0.01087282,2030.6881004533318,2031.7623671199985,-3.7,14.693,7.4,14.569828828828827,long_nclose,107.81673333333333,0.05309369435378297,12.0
1675921020000.0,699942,1675921020000.0,0.295610810810814,-0.00705264,2030.9766586241426,2031.6025144799985,-2.4,14.693,5.0,14.569828828828827,long_nclose,72.84914414414413,0.035869020864816234,139.0
1675923180000.0,699978,1675923180000.0,0.19707387387387598,-0.00470176,2031.1690307380165,2031.6116127199984,-1.6,14.693,3.4,14.569828828828827,long_nclose,49.53741801801801,0.024388624121557623,36.0
1675923360000.0,699981,1675923360000.0,0.13548828828828974,-0.0032324600000000004,2031.301286566305,2031.6006802599986,-1.1,14.693,2.3,14.569828828828827,long_nclose,33.5106063063063,0.016497112726666145,3.0
1675923840000.0,699989,1675923840000.0,0.08621981981982074,-0.00205702,2031.385449366125,2031.569723239999,-0.7,14.693,1.6,14.569828828828827,long_nclose,23.311726126126125,0.011475776856332378,8.0
1675925100000.0,700010,1675925100000.0,0.061585585585586244,-0.0014693,2031.4455656517105,2031.5832539399987,-0.5,14.693,1.1,14.569828828828827,long_nclose,16.026811711711712,0.007889363112995908,21.0
1675939860000.0,700256,1675939860000.0,0.03695135135135175,-0.00088158,2031.4816354230618,2031.5817723599987,-0.3,14.693,0.8,14.569828828828827,long_nclose,11.655863063063062,0.005737616752137509,246.0
1675943280000.0,700313,1675943280000.0,0.024634234234234498,-0.00058772,2031.505681937296,2031.5867846399988,-0.2,14.693,0.6,14.569828828828827,long_nclose,8.741897297297296,0.004303161627862541,57.0
1675943400000.0,700315,1675943400000.0,0.024634234234234498,-0.00058772,2031.5297284515302,2031.5917969199986,-0.2,14.693,0.4,14.569828828828827,long_nclose,5.827931531531531,0.002868740461885187,2.0
1675946280000.0,700363,1675946280000.0,0.0,-0.015044640000000001,2031.5146838115302,2031.6075522799986,5.2,14.466,5.6,14.473416344916346,long_ientry_partial,81.05113153153154,0.03989689672312056,48.0
1675946580000.0,700368,1675946580000.0,0.2206505791505766,-0.00525456,2031.7300798306808,2032.1350977199986,-1.8,14.596,3.8,14.473416344916346,long_nclose,54.998982110682114,0.027070024043383552,5.0
1675946700000.0,700370,1675946700000.0,0.14710038610038437,-0.0035030400000000002,2031.8736771767813,2032.2027946799988,-1.2,14.596,2.6,14.473416344916346,long_nclose,37.630882496782505,0.018520286432899373,2.0
1675946880000.0,700373,1675946880000.0,0.09806692406692293,-0.0023353600000000003,2031.9694087408482,2032.2512593199988,-0.8,14.596,1.8,14.473416344916346,long_nclose,26.052149420849425,0.012821132694607433,3.0
1675947540000.0,700384,1675947540000.0,0.07355019305019218,-0.0017515200000000001,2032.0412074138983,2032.1931077999986,-0.6,14.596,1.2,14.473416344916346,long_nclose,17.368099613899616,0.008547119787990588,11.0
1675947960000.0,700391,1675947960000.0,0.04903346203346146,-0.0011676800000000002,2032.0890731959319,2032.1863401199987,-0.4,14.596,0.8,14.473416344916346,long_nclose,11.578733075933078,0.005697945640602669,7.0
1675948020000.0,700392,1675948020000.0,0.02451673101673073,-0.0005838400000000001,2032.1130060869486,2032.1889562799988,-0.2,14.596,0.6,14.473416344916346,long_nclose,8.684049806949808,0.004273408900458679,1.0
1675948500000.0,700400,1675948500000.0,0.02451673101673073,-0.0005838400000000001,2032.1369389779654,2032.1855724399989,-0.2,14.596,0.4,14.473416344916346,long_nclose,5.789366537966539,0.0028489057144338997,8.0
1675948560000.0,700401,1675948560000.0,0.012258365508365366,-0.00029192000000000004,2032.1489054234737,2032.1838805199989,-0.1,14.596,0.3,14.473416344916346,long_nclose,4.342024903474904,0.002136666703845741,1.0
1675949580000.0,700418,1675949580000.0,0.012258365508365366,-0.00029192000000000004,2032.160871868982,2032.1861885999988,-0.1,14.596,0.2,14.473416344916346,long_nclose,2.8946832689832696,0.001424436081342824,17.0
1675949880000.0,700423,1675949880000.0,0.012258365508365366,-0.00029192000000000004,2032.1728383144903,2032.1874966799987,-0.1,14.596,0.1,14.473416344916346,long_nclose,1.4473416344916348,0.0007122138467769691,5.0
1675950000000.0,700425,1675950000000.0,0.012258365508365366,-0.00029192000000000004,2032.1848047599985,2032.1848047599985,-0.1,14.596,0.0,14.473416344916346,long_nclose,0.0,0.0,2.0
1675960380000.0,700598,1675960380000.0,0.0,-0.01614144,2032.1686633199986,2032.1574633199987,5.6,14.412,5.6,14.412,long_ientry_normal,80.7072,0.039714813763610975,173.0
1675970340000.0,700764,1675970340000.0,0.0,-0.01629916,2032.1523641599986,2030.7463641599986,5.8,14.051,11.4,14.228333333333332,long_rentry,162.20299999999997,0.0798183260569871,166.0
1675971060000.0,700776,1675971060000.0,0.0,-0.016258040000000005,2032.1361061199987,2025.1339061199988,5.9,13.778,17.3,14.074751445086704,long_rentry,243.4932,0.11982130491490889,12.0
1675983000000.0,700975,1675983000000.0,0.0,-0.023014600000000003,2032.1130915199988,2022.7498915199988,8.5,13.538,25.8,13.897914728682169,long_rentry,358.5662,0.17644992372535542,199.0
1675983180000.0,700978,1675983180000.0,0.0,-0.03336228,2032.0797292399989,2018.190129239999,12.6,13.239,38.4,13.681708333333333,long_rentry,525.3775999999999,0.25854182414215215,3.0
1676011440000.0,701449,1676011440000.0,1.4757333333333464,-0.03532032,2033.5201422533323,2036.420408919999,-12.8,13.797,25.6,13.681708333333333,long_nclose,350.25173333333333,0.17223912665316476,471.0
1676012040000.0,701459,1676012040000.0,0.9799791666666753,-0.0234549,2034.476666519999,2036.584954019999,-8.5,13.797,17.1,13.681708333333333,long_nclose,233.95721250000003,0.11499626235585544,10.0
1676012520000.0,701467,1676012520000.0,0.6571625000000058,-0.015728580000000002,2035.118100439999,2036.466625439999,-5.7,13.797,11.4,13.681708333333333,long_nclose,155.971475,0.07664001168594514,8.0
1676013600000.0,701485,1676013600000.0,0.43810833333333715,-0.01048572,2035.5457230533323,2036.368739719999,-3.8,13.797,7.6,13.681708333333333,long_nclose,103.98098333333333,0.05108260755615018,18.0
1676014440000.0,701499,1676014440000.0,0.2882291666666692,-0.0068985,2035.827053719999,2036.532341219999,-2.5,13.797,5.1,13.681708333333333,long_nclose,69.77671249999999,0.034274381201732894,14.0
1676027520000.0,701717,1676027520000.0,0.19599583333333506,-0.004690980000000001,2036.0183585733323,2036.471550239999,-1.7,13.797,3.4,13.681708333333333,long_nclose,46.51780833333333,0.022847440514204908,218.0
1676028900000.0,701740,1676028900000.0,0.12682083333333447,-0.0030353400000000005,2036.1421440666657,2036.437214899999,-1.1,13.797,2.3,13.681708333333333,long_nclose,31.467929166666664,0.015454681913227158,23.0
1676029320000.0,701747,1676029320000.0,0.08070416666666737,-0.00193158,2036.2209166533323,2036.394183319999,-0.7,13.797,1.6,13.681708333333333,long_nclose,21.890733333333333,0.01075066715713354,7.0
1676029380000.0,701748,1676029380000.0,0.05764583333333384,-0.0013797000000000002,2036.2771827866657,2036.423803619999,-0.5,13.797,1.1,13.681708333333333,long_nclose,15.049879166666667,0.00739087944111359,1.0
1676030700000.0,701770,1676030700000.0,0.034587500000000306,-0.00082782,2036.3109424666657,2036.409575799999,-0.3,13.797,0.8,13.681708333333333,long_nclose,10.945366666666667,0.005375095933732057,22.0
1676034060000.0,701826,1676034060000.0,0.023058333333333538,-0.00055188,2036.333448919999,2036.422423919999,-0.2,13.797,0.6,13.681708333333333,long_nclose,8.209024999999999,0.004031277394354929,56.0
1676040060000.0,701926,1676040060000.0,0.023058333333333538,-0.00055188,2036.3559553733323,2036.403272039999,-0.2,13.797,0.4,13.681708333333333,long_nclose,5.472683333333333,0.0026874885595971395,100.0
1676040300000.0,701930,1676040300000.0,0.011529166666666769,-0.00027594,2036.367208599999,2036.405696099999,-0.1,13.797,0.3,13.681708333333333,long_nclose,4.104512499999999,0.0020156052811427113,4.0
1676040480000.0,701933,1676040480000.0,0.011529166666666769,-0.00027594,2036.3784618266657,2036.398120159999,-0.1,13.797,0.2,13.681708333333333,long_nclose,2.7363416666666667,0.001343729428473783,3.0
1676040540000.0,701934,1676040540000.0,0.011529166666666769,-0.00027594,2036.3897150533323,2036.402044219999,-0.1,13.797,0.1,13.681708333333333,long_nclose,1.3681708333333333,0.0006718610014672468,1.0
1676041860000.0,701956,1676041860000.0,0.011529166666666769,-0.00027594,2036.400968279999,2036.400968279999,-0.1,13.797,0.0,13.681708333333333,long_nclose,0.0,0.0,22.0
1676043900000.0,701990,1676043900000.0,0.0,-0.0163272,2036.384641079999,2036.468641079999,6.0,13.606,6.0,13.606,long_ientry_normal,81.636,0.04008869363535577,34.0
1676044080000.0,701993,1676044080000.0,0.23000000000000043,-0.0054884,2036.609152679999,2037.0851526799988,-2.0,13.721,4.0,13.606,long_nclose,54.424,0.026722849560202943,3.0
1676044440000.0,701999,1676044440000.0,0.14950000000000027,-0.00356746,2036.7550852199988,2037.1573852199988,-1.3,13.721,2.7,13.606,long_nclose,36.736200000000004,0.018036631044439966,6.0
1676044560000.0,702001,1676044560000.0,0.10350000000000019,-0.0024697800000000004,2036.8561154399988,2037.1063154399988,-0.9,13.721,1.8,13.606,long_nclose,24.4908,0.012023824272295017,2.0
1676045940000.0,702024,1676045940000.0,0.06900000000000013,-0.00164652,2036.9234689199989,2037.0422689199988,-0.6,13.721,1.2,13.606,long_nclose,16.327199999999998,0.008015617792776904,23.0
1676046000000.0,702025,1676046000000.0,0.04600000000000009,-0.0010976800000000002,2036.968371239999,2037.063571239999,-0.4,13.721,0.8,13.606,long_nclose,10.8848,0.0053436273992678186,1.0
1676048520000.0,702067,1676048520000.0,0.0,-0.01410448,2036.954266759999,2037.087066759999,5.2,13.562,6.0,13.567866666666667,long_ientry_partial,81.4072,0.03996515843700662,42.0
1676050620000.0,702102,1676050620000.0,0.2282666666666664,-0.005472800000000001,2037.1770606266657,2037.6255939599992,-2.0,13.682,4.0,13.567866666666667,long_nclose,54.27146666666667,0.02664052512449358,35.0
1676050680000.0,702103,1676050680000.0,0.14837333333333316,-0.00355732,2037.3218766399991,2037.6246366399992,-1.3,13.682,2.7,13.567866666666667,long_nclose,36.63324,0.017981076245259995,1.0
1676050740000.0,702104,1676050740000.0,0.10271999999999988,-0.00246276,2037.4221338799991,2037.614973879999,-0.9,13.682,1.8,13.567866666666667,long_nclose,24.42216,0.011986794289650349,1.0
1676050800000.0,702105,1676050800000.0,0.06847999999999992,-0.0016418399999999999,2037.488972039999,2037.629532039999,-0.6,13.682,1.2,13.567866666666667,long_nclose,16.28144,0.007990934048442236,1.0
1676050920000.0,702107,1676050920000.0,0.04565333333333328,-0.00109456,2037.5335308133324,2037.6272374799992,-0.4,13.682,0.8,13.567866666666667,long_nclose,10.854293333333334,0.005327172863261088,2.0
1676051160000.0,702111,1676051160000.0,0.02282666666666664,-0.00054728,2037.5558101999989,2037.6260901999988,-0.2,13.682,0.6,13.567866666666667,long_nclose,8.14072,0.003995335960491279,4.0
1676051460000.0,702116,1676051460000.0,0.02282666666666664,-0.00054728,2037.5780895866653,2037.6249429199986,-0.2,13.682,0.4,13.567866666666667,long_nclose,5.427146666666667,0.0026635281829947414,5.0
1676063760000.0,702321,1676063760000.0,0.01141333333333332,-0.00027364,2037.5892292799988,2037.627369279999,-0.1,13.682,0.3,13.567866666666667,long_nclose,4.07036,0.00199763521592539,205.0
1676065620000.0,702352,1676065620000.0,0.01141333333333332,-0.00027364,2037.6003689733323,2037.621795639999,-0.1,13.682,0.2,13.567866666666667,long_nclose,2.7135733333333336,0.0013317495298160935,31.0
1676065680000.0,702353,1676065680000.0,0.01141333333333332,-0.00027364,2037.6115086666657,2037.624221999999,-0.1,13.682,0.1,13.567866666666667,long_nclose,1.3567866666666668,0.0006658711245474343,1.0
1676066160000.0,702361,1676066160000.0,0.01141333333333332,-0.00027364,2037.6226483599992,2037.6226483599992,-0.1,13.682,0.0,13.567866666666667,long_nclose,0.0,0.0,8.0
1676238780000.0,705238,1676238780000.0,0.0,-0.016269600000000002,2037.6063787599992,2037.5283787599992,6.0,13.558,6.0,13.558,long_ientry_normal,81.348,0.03992331435942252,2877.0
1676251980000.0,705458,1676251980000.0,0.0,-0.016389080000000004,2037.5899896799992,2035.7635896799993,6.2,13.217,12.2,13.384704918032789,long_rentry,163.29340000000002,0.08014046045919426,220.0
1676273160000.0,705811,1676273160000.0,0.4531803278688429,-0.0107984,2038.032371607868,2038.9367912799992,-4.0,13.498,8.2,13.384704918032789,long_nclose,109.75458032786885,0.05385320756278272,353.0
1676273280000.0,705813,1676273280000.0,0.30589672131146894,-0.007288920000000001,2038.3309794091795,2038.882602359999,-2.7,13.498,5.5,13.384704918032789,long_nclose,73.61587704918034,0.03611576225492009,2.0
1676279280000.0,705913,1676279280000.0,0.0,-0.016190680000000002,2038.3147887291796,2036.3135116799992,6.2,13.057,11.7,13.211049320442765,long_rentry,154.56927704918033,0.07583189696894121,100.0
1676279940000.0,705924,1676279940000.0,0.0,-0.01638656,2038.2984021691796,2033.1143251199992,6.4,12.802,18.1,13.066413096639796,long_rentry,236.50207704918031,0.1160291725674181,11.0
1676355420000.0,707182,1676355420000.0,0.6635214201612243,-0.0158124,2038.9461111893409,2040.2600127199994,-6.0,13.177,12.1,13.066413096639796,long_nclose,158.10359846934153,0.0775418230043941,1258.0
1676359200000.0,707245,1676359200000.0,0.4423476134408162,-0.0105416,2039.3779172027819,2040.2979711199996,-4.0,13.177,8.1,13.066413096639796,long_nclose,105.83794608278234,0.051897171774788094,63.0
1676360040000.0,707259,1676360040000.0,0.29858463907255095,-0.007115580000000001,2039.6693862618545,2040.2827555399995,-2.7,13.177,5.4,13.066413096639796,long_nclose,70.5586307218549,0.03459317044080815,14.0
1676362140000.0,707294,1676362140000.0,0.1990564260483673,-0.00474372,2039.8636989679028,2040.2906118199996,-1.8,13.177,3.6,13.066413096639796,long_nclose,47.03908714790327,0.023059916783510263,35.0
1676367060000.0,707376,1676367060000.0,0.13270428403224485,-0.0031624799999999996,2039.9932407719352,2040.2418493399998,-1.2,13.177,2.4,13.066413096639796,long_nclose,31.359391431935506,0.01537230163570007,82.0
1676367120000.0,707377,1676367120000.0,0.08846952268816324,-0.0021083200000000003,2040.0796019746235,2040.2453410199998,-0.8,13.177,1.6,13.066413096639796,long_nclose,20.906260954623676,0.010247767260840309,1.0
1676367300000.0,707380,1676367300000.0,0.055293451680102024,-0.0013177,2040.1335777263037,2040.2530233199998,-0.5,13.177,1.1,13.066413096639796,long_nclose,14.373054406303776,0.0070451535934829895,3.0
1676367360000.0,707381,1676367360000.0,0.03317607100806121,-0.0007906199999999999,2040.1659631773116,2040.2608326999998,-0.3,13.177,0.8,13.066413096639796,long_nclose,10.453130477311838,0.0051236667339711675,1.0
1676369820000.0,707422,1676369820000.0,0.02211738067204081,-0.0005270800000000001,2040.1875534779836,2040.2557056199996,-0.2,13.177,0.6,13.066413096639796,long_nclose,7.839847857983877,0.003842709384546042,41.0
1676370000000.0,707425,1676370000000.0,0.02211738067204081,-0.0005270800000000001,2040.2091437786555,2040.2505785399997,-0.2,13.177,0.4,13.066413096639796,long_nclose,5.226565238655919,0.0025617791463162635,3.0
1676370060000.0,707426,1676370060000.0,0.011058690336020405,-0.00026354000000000004,2040.2199389289915,2040.2585149999995,-0.1,13.177,0.3,13.066413096639796,long_nclose,3.9199239289919383,0.0019213241936306598,1.0
1676381340000.0,707614,1676381340000.0,0.011058690336020405,-0.00026354000000000004,2040.2307340793275,2040.2434514599995,-0.1,13.177,0.2,13.066413096639796,long_nclose,2.6132826193279595,0.0012808760184211355,188.0
1676381400000.0,707615,1676381400000.0,0.0,-0.01572214,2040.2150119393275,2040.2610293199996,6.1,12.887,6.3,12.892695653861582,long_ientry_partial,81.22398261932796,0.03981148170364674,1.0
1676381520000.0,707617,1676381520000.0,0.22953912689068012,-0.005460840000000001,2040.439090226218,2041.2677684799994,-2.1,13.002,4.2,12.892695653861582,long_nclose,54.14932174621865,0.02653807310671315,2.0
1676382060000.0,707626,1676382060000.0,0.15302608459378675,-0.00364056,2040.588475750812,2040.8749279199997,-1.4,13.002,2.8,12.892695653861582,long_nclose,36.099547830812426,0.017690753554574494,9.0
1676382120000.0,707627,1676382120000.0,0.0983739115245772,-0.00234036,2040.6845093023364,2040.9358875599994,-0.9,13.002,1.9,12.892695653861582,long_nclose,24.496121742337003,0.012003874989334666,1.0
1676382780000.0,707638,1676382780000.0,0.32337391152457723,-0.00238536,2041.005497853861,2041.3378021999995,-0.9,13.252,1.0,12.892695653861582,long_nclose,12.892695653861582,0.0063168353379833555,11.0
1676383020000.0,707642,1676383020000.0,0.17965217306920955,-0.0013252000000000001,2041.18382482693,2041.3524769999992,-0.5,13.252,0.5,12.892695653861582,long_nclose,6.446347826930791,0.0031581417354595047,4.0
1676383860000.0,707656,1676383860000.0,0.01093043461384191,-0.00026004000000000006,2041.1944952215438,2041.247416959999,-0.1,13.002,0.4,12.892695653861582,long_nclose,5.157078261544633,0.0025265001809564955,14.0
1676385180000.0,707678,1676385180000.0,0.01093043461384191,-0.00026004000000000006,2041.2051656161575,2041.232856919999,-0.1,13.002,0.3,12.892695653861582,long_nclose,3.867808696158474,0.0018948652302626025,22.0
1676385240000.0,707679,1676385240000.0,0.01093043461384191,-0.00026004000000000006,2041.2158360107712,2041.2412968799988,-0.1,13.002,0.2,12.892695653861582,long_nclose,2.5785391307723167,0.0012632368832742635,1.0
1676386200000.0,707695,1676386200000.0,0.03593043461384191,-0.00026504,2041.2515014053852,2041.290231839999,-0.1,13.252,0.1,12.892695653861582,long_nclose,1.2892695653861583,0.0006316074057990926,16.0
1676386320000.0,707697,1676386320000.0,0.03593043461384191,-0.00026504,2041.287166799999,2041.287166799999,-0.1,13.252,0.0,12.892695653861582,long_nclose,0.0,0.0,2.0
1676563740000.0,710654,1676563740000.0,0.0,-0.01619668,2041.2709701199992,2042.3860701199992,5.9,13.726,5.9,13.726,long_ientry_normal,80.9834,0.039673027826991177,2957.0
1676564280000.0,710663,1676564280000.0,1.1106999999999974,-0.00818322,2042.373486899999,2043.6604868999991,-2.9,14.109,3.0,13.726,long_nclose,41.178000000000004,0.020161836345859403,9.0
1676565000000.0,710675,1676565000000.0,1.9469999999999974,-0.008625,2044.311861899999,2044.311861899999,-3.0,14.375,0.0,13.726,long_nclose,0.0,0.0,12.0
1676583060000.0,710976,1676583060000.0,0.0,-0.016269840000000004,2044.295592059999,2044.307392059999,5.9,13.788,5.9,13.788,long_ientry_normal,81.34920000000001,0.0397932668426027,301.0
1676583420000.0,710982,1676583420000.0,0.22039999999999935,-0.00528352,2044.510708539999,2045.038708539999,-1.9,13.904,4.0,13.788,long_nclose,55.152,0.026975647410222896,6.0
1676584200000.0,710995,1676584200000.0,0.15079999999999957,-0.00361504,2044.6578934999989,2044.973793499999,-1.3,13.904,2.7,13.788,long_nclose,37.2276,0.018207251256235655,13.0
1676586060000.0,711026,1676586060000.0,0.0,-0.00881728,2044.649076219999,2044.607576219999,3.2,13.777,5.9,13.782033898305084,long_ientry_partial,81.314,0.03976917161272853,31.0
1676587020000.0,711042,1676587020000.0,0.0,-0.01639192,2044.632684299999,2043.659084299999,6.1,13.436,12.0,13.606133333333332,long_rentry,163.2736,0.07985473442429018,16.0
1676597400000.0,711215,1676597400000.0,0.45946666666667113,-0.0109768,2045.0811741666657,2046.032107499999,-4.0,13.721,8.0,13.606133333333332,long_nclose,108.84906666666666,0.05322481476121393,173.0
1676597580000.0,711218,1676597580000.0,0.29865333333333627,-0.00713492,2045.372692579999,2046.014572579999,-2.6,13.721,5.4,13.606133333333332,long_nclose,73.47312,0.03592162947444176,3.0
1676597700000.0,711220,1676597700000.0,0.20676000000000203,-0.004939560000000001,2045.5745130199991,2045.930433019999,-1.8,13.721,3.6,13.606133333333332,long_nclose,48.982079999999996,0.02394539025013806,2.0
1676597880000.0,711223,1676597880000.0,0.13784000000000132,-0.00329304,2045.7090599799992,2046.0303399799993,-1.2,13.721,2.4,13.606133333333332,long_nclose,32.65472,0.01596254356927923,3.0
1676598780000.0,711238,1676598780000.0,0.09189333333333423,-0.0021953600000000004,2045.7987579533324,2045.988944619999,-0.8,13.721,1.6,13.606133333333332,long_nclose,21.76981333333333,0.010641229128085105,15.0
1676599740000.0,711254,1676599740000.0,0.05743333333333389,-0.0013721,2045.8548191866657,2045.985572519999,-0.5,13.721,1.1,13.606133333333332,long_nclose,14.966746666666667,0.007315644554199956,16.0
1676599860000.0,711256,1676599860000.0,0.03446000000000033,-0.00082326,2045.8884559266658,2045.967549259999,-0.3,13.721,0.8,13.606133333333332,long_nclose,10.884906666666666,0.0053203812921151904,2.0
1676599980000.0,711258,1676599980000.0,0.022973333333333557,-0.0005488400000000001,2045.910880419999,2045.9882004199992,-0.2,13.721,0.6,13.606133333333332,long_nclose,8.16368,0.003990242232997022,2.0
1676602860000.0,711306,1676602860000.0,0.022973333333333557,-0.0005488400000000001,2045.9333049133324,2045.982851579999,-0.2,13.721,0.4,13.606133333333332,long_nclose,5.442453333333333,0.002660132331910927,48.0
1676602980000.0,711308,1676602980000.0,0.011486666666666779,-0.00027442000000000005,2045.9445171599991,2045.9801771599991,-0.1,13.721,0.3,13.606133333333332,long_nclose,4.08184,0.0019950883153302965,2.0
1676603280000.0,711313,1676603280000.0,0.011486666666666779,-0.00027442000000000005,2045.9557294066658,2045.982502739999,-0.1,13.721,0.2,13.606133333333332,long_nclose,2.7212266666666665,0.0013300515878981562,5.0
1676608860000.0,711406,1676608860000.0,0.011486666666666779,-0.00027442000000000005,2045.9669416533325,2045.9778283199992,-0.1,13.721,0.1,13.606133333333332,long_nclose,1.3606133333333332,0.0006650221494946691,93.0
1676608920000.0,711407,1676608920000.0,0.011486666666666779,-0.00027442000000000005,2045.9781538999991,2045.9781538999991,-0.1,13.721,0.0,13.606133333333332,long_nclose,0.0,0.0,1.0
1676825460000.0,715016,1676825460000.0,0.0,-0.01624158,2045.961912319999,2046.0930123199992,5.7,14.247,5.7,14.247,long_ientry_normal,81.2079,0.03969179460819731,3609.0
1676825820000.0,715022,1676825820000.0,0.22800000000000187,-0.00545946,2046.184452859999,2046.575852859999,-1.9,14.367,3.8,14.247,long_nclose,54.1386,0.026458318517829236,6.0
1676825880000.0,715023,1676825880000.0,0.14400000000000118,-0.0034480800000000005,2046.325004779999,2046.6318047799991,-1.2,14.367,2.6,14.247,long_nclose,37.0422,0.018101816629065928,1.0
1676825940000.0,715024,1676825940000.0,0.0960000000000008,-0.00229872,2046.418706059999,2046.577106059999,-0.8,14.367,1.8,14.247,long_nclose,25.6446,0.012531453081453666,1.0
1676826060000.0,715026,1676826060000.0,0.07200000000000059,-0.0017240400000000003,2046.488982019999,2046.648582019999,-0.6,14.367,1.2,14.247,long_nclose,17.0964,0.008354015169495268,2.0
1676826480000.0,715033,1676826480000.0,0.0,-0.012818700000000002,2046.476163319999,2046.083763319999,4.5,14.243,5.7,14.243842105263159,long_ientry_partial,81.18990000000001,0.03967302500522928,7.0
1676855700000.0,715520,1676855700000.0,0.0,-0.01638666,2046.4597766599989,2044.4605766599989,5.9,13.887,11.6,14.062344827586209,long_rentry,163.12320000000003,0.07970994683620479,487.0
1676865240000.0,715679,1676865240000.0,0.45088965517240315,-0.010777559999999999,2046.8998887551713,2047.778599099999,-3.8,14.181,7.8,14.062344827586209,long_nclose,109.68628965517243,0.05358654336626033,159.0
1676865600000.0,715685,1676865600000.0,0.3085034482758548,-0.00737412,2047.2010180834473,2047.786824979999,-2.6,14.181,5.2,14.062344827586209,long_nclose,73.12419310344829,0.03571910743377113,6.0
1676865780000.0,715688,1676865780000.0,0.20171379310344353,-0.00482154,2047.3979103365507,2047.827203439999,-1.7,14.181,3.5,14.062344827586209,long_nclose,49.218206896551735,0.024039394906123186,3.0
1676866080000.0,715693,1676866080000.0,0.13052068965516936,-0.00311982,2047.525311206206,2047.7956836199992,-1.1,14.181,2.4,14.062344827586209,long_nclose,33.7496275862069,0.01648313083188449,5.0
1676866200000.0,715695,1676866200000.0,0.09492413793103226,-0.00226896,2047.617966384137,2047.8062146599991,-0.8,14.181,1.6,14.062344827586209,long_nclose,22.499751724137937,0.010988256644314354,2.0
1676866320000.0,715697,1676866320000.0,0.059327586206895155,-0.0014181,2047.6758758703438,2047.805296559999,-0.5,14.181,1.1,14.062344827586209,long_nclose,15.46857931034483,0.007554212799313303,2.0
1676866380000.0,715698,1676866380000.0,0.035596551724137095,-0.0008508599999999999,2047.7106215620681,2047.8087456999992,-0.3,14.181,0.8,14.062344827586209,long_nclose,11.249875862068969,0.0054938797228522235,1.0
1676867280000.0,715713,1676867280000.0,0.023731034482758064,-0.00056724,2047.733785356551,2047.8073784599992,-0.2,14.181,0.6,14.062344827586209,long_nclose,8.437406896551725,0.004120363182405864,15.0
1676867400000.0,715715,1676867400000.0,0.023731034482758064,-0.00056724,2047.7569491510337,2047.8080112199993,-0.2,14.181,0.4,14.062344827586209,long_nclose,5.624937931034484,0.0027468777158180277,2.0
1676887920000.0,716057,1676887920000.0,0.07833103448275835,-0.0005781600000000001,2047.8347020255164,2047.9122330599992,-0.2,14.454,0.2,14.062344827586209,long_nclose,2.812468965517242,0.001373386710722025,342.0
1676887980000.0,716058,1676887980000.0,0.03916551724137918,-0.00028908000000000004,2047.873578462758,2047.9128439799993,-0.1,14.454,0.1,14.062344827586209,long_nclose,1.406234482758621,0.0006866803193067293,1.0
1676890140000.0,716094,1676890140000.0,0.03916551724137918,-0.00028908000000000004,2047.9124548999994,2047.9124548999994,-0.1,14.454,0.0,14.062344827586209,long_nclose,0.0,0.0,36.0
1676969100000.0,717410,1676969100000.0,0.0,-0.01638848,2047.8960664199994,2047.9076664199995,5.8,14.128,5.8,14.128,long_ientry_normal,81.94239999999999,0.040012968110850686,1316.0
1676987820000.0,717722,1676987820000.0,0.0,-0.01625214,2047.8798142799994,2046.3122142799994,5.9,13.773,11.7,13.948982905982907,long_rentry,163.2031,0.07969369045096014,312.0
1677049380000.0,718748,1677049380000.0,0.0,-0.01647976,2047.8633345199994,2042.7394345199993,6.1,13.508,17.8,13.797859550561796,long_rentry,245.60189999999997,0.11993080585993637,1026.0
1677079140000.0,719244,1677079140000.0,0.0,-0.02309154,2047.8402429799994,2038.8331429799994,8.7,13.271,26.5,13.624890566037736,long_rentry,361.0596,0.17631238629952364,496.0
1677120180000.0,719928,1677120180000.0,1.0129630188679215,-0.024182400000000003,2048.8290235988675,2050.9549605799994,-8.8,13.74,17.7,13.624890566037736,long_nclose,241.16056301886792,0.11770653394750222,684.0
1677121860000.0,719956,1677121860000.0,0.6791456603773565,-0.0162132,2049.491956059245,2050.9092473799997,-5.9,13.74,11.8,13.624890566037736,long_nclose,160.7737086792453,0.07844564024948912,28.0
1677121980000.0,719958,1677121980000.0,0.44892679245282885,-0.0107172,2049.9301656516977,2050.8790301799995,-3.9,13.74,7.9,13.624890566037736,long_nclose,107.63663547169813,0.052507464534763376,2.0
1677125040000.0,720009,1677125040000.0,0.2992845283018859,-0.0071448000000000015,2050.22230538,2050.80588538,-2.6,13.74,5.3,13.624890566037736,long_nclose,72.21192,0.03522150735093863,51.0
1677125160000.0,720011,1677125160000.0,0.19568603773584847,-0.004671600000000001,2050.4133198177356,2050.8457137799996,-1.7,13.74,3.6,13.624890566037736,long_nclose,49.04960603773585,0.023921813989238008,2.0
1677125520000.0,720017,1677125520000.0,0.13813132075471657,-0.0032976,2050.54815353849,2050.8364161799996,-1.2,13.74,2.4,13.624890566037736,long_nclose,32.699737358490566,0.01594682734080781,6.0
1677125880000.0,720023,1677125880000.0,0.09208754716981105,-0.0021984,2050.63804268566,2050.8302177799997,-0.8,13.74,1.6,13.624890566037736,long_nclose,21.79982490566038,0.010630752210716717,6.0
1677126060000.0,720026,1677126060000.0,0.057554716981131904,-0.001374,2050.694223402641,2050.8373437799996,-0.5,13.74,1.1,13.624890566037736,long_nclose,14.98737962264151,0.007308441917670937,3.0
1677131160000.0,720111,1677131160000.0,0.03453283018867914,-0.0008244,2050.7279318328297,2050.8200193799994,-0.3,13.74,0.8,13.624890566037736,long_nclose,10.89991245283019,0.00531514311754092,85.0
1677131220000.0,720112,1677131220000.0,0.02302188679245276,-0.0005496,2050.750404119622,2050.8224697799997,-0.2,13.74,0.6,13.624890566037736,long_nclose,8.174934339622641,0.003986313655333451,1.0
1677131940000.0,720124,1677131940000.0,0.02302188679245276,-0.0005496,2050.7728764064145,2050.8209201799996,-0.2,13.74,0.4,13.624890566037736,long_nclose,5.449956226415095,0.0026575133156457073,12.0
1677133260000.0,720146,1677133260000.0,0.01151094339622638,-0.0002748,2050.7841125498107,2050.8186453799995,-0.1,13.74,0.3,13.624890566037736,long_nclose,4.087467169811321,0.001993124066447556,22.0
1677133320000.0,720147,1677133320000.0,0.01151094339622638,-0.0002748,2050.795348693207,2050.8193705799995,-0.1,13.74,0.2,13.624890566037736,long_nclose,2.7249781132075475,0.0013287420975203296,1.0
1677133860000.0,720156,1677133860000.0,0.01151094339622638,-0.0002748,2050.806584836603,2050.8180957799996,-0.1,13.74,0.1,13.624890566037736,long_nclose,1.3624890566037737,0.0006643674087443644,9.0
1677135720000.0,720187,1677135720000.0,0.01151094339622638,-0.0002748,2050.8178209799994,2050.8178209799994,-0.1,13.74,0.0,13.624890566037736,long_nclose,0.0,0.0,31.0
1677247740000.0,722054,1677247740000.0,0.0,-0.01635288,2050.8014680999995,2050.8197680999997,6.1,13.404,6.1,13.404,long_ientry_normal,81.7644,0.039869485794620595,1867.0
1677249540000.0,722084,1677249540000.0,0.2259999999999991,-0.0054068,2051.0220612999997,2051.4812612999995,-2.0,13.517,4.1,13.404,long_nclose,54.956399999999995,0.026794641089899818,30.0
1677249600000.0,722085,1677249600000.0,0.14689999999999942,-0.00351442,2051.1654468799998,2051.40064688,-1.3,13.517,2.8,13.404,long_nclose,37.5312,0.01829750011491672,1.0
1677251700000.0,722120,1677251700000.0,0.0,-0.00881694,2051.1566299399997,2051.10992994,3.3,13.359,6.1,13.379655737704919,long_ientry_partial,81.6159,0.03979018413741881,35.0
1677254580000.0,722168,1677254580000.0,0.0,-0.01643544,2051.1401945,2049.2414944999996,6.3,13.044,12.4,13.209120967741935,long_rentry,163.7931,0.07985465861339008,48.0
1677353280000.0,723813,1677353280000.0,0.0,-0.016372480000000002,2051.12382202,2045.9203220199997,6.4,12.791,18.8,13.066781914893616,long_rentry,245.6555,0.1197662946345541,1645.0
1677357840000.0,723889,1677357840000.0,0.0,-0.02312512,2051.1006969,2041.4715969000001,9.2,12.568,28.0,12.902896428571427,long_rentry,361.2811,0.1761401088430394,76.0
1677437280000.0,725213,1677437280000.0,1.0146632142857297,-0.024202320000000003,2052.0911577942857,2054.26229458,-9.3,13.012,18.7,12.902896428571427,long_nclose,241.28416321428568,0.11757965151686185,1324.0
1677437520000.0,725217,1677437520000.0,0.6764421428571531,-0.01613488,2052.7514650571425,2054.2277596999998,-6.2,13.012,12.5,12.902896428571427,long_nclose,161.28620535714285,0.07857074180807033,4.0
1677437820000.0,725222,1677437820000.0,0.44732464285714957,-0.01066984,2053.1881198599995,2054.1297898599996,-4.1,13.012,8.4,12.902896428571427,long_nclose,108.38432999999999,0.05278830953268441,5.0
1677439080000.0,725243,1677439080000.0,0.3054900000000046,-0.00728672,2053.4863231399995,2054.0973031399994,-2.8,13.012,5.6,12.902896428571427,long_nclose,72.25621999999998,0.0351870958115331,21.0
1677439140000.0,725244,1677439140000.0,0.19638642857143154,-0.0046843200000000005,2053.678025248571,2054.1154188199994,-1.8,13.012,3.8,12.902896428571427,long_nclose,49.03100642857142,0.023874729059652308,1.0
1677439920000.0,725257,1677439920000.0,0.13092428571428769,-0.00312288,2053.8058266542853,2054.0868959399995,-1.2,13.012,2.6,12.902896428571427,long_nclose,33.54753071428571,0.01633432444241124,13.0
1677440040000.0,725259,1677440040000.0,0.08728285714285847,-0.00208192,2053.891027591428,2054.1126140199995,-0.8,13.012,1.8,12.902896428571427,long_nclose,23.22521357142857,0.011307909358104787,2.0
1677440220000.0,725262,1677440220000.0,0.06546214285714384,-0.00156144,2053.9549282942853,2054.08825258,-0.6,13.012,1.2,12.902896428571427,long_nclose,15.483475714285712,0.007538371704750125,3.0
1677447240000.0,725379,1677447240000.0,0.04364142857142923,-0.00104096,2053.9975287628567,2054.0888116199994,-0.4,13.012,0.8,12.902896428571427,long_nclose,10.322317142857143,0.005025476904577572,117.0
1677448380000.0,725398,1677448380000.0,0.021820714285714617,-0.00052048,2054.0188289971425,2054.0860911399996,-0.2,13.012,0.6,12.902896428571427,long_nclose,7.741737857142856,0.003769068592678235,19.0
1677448500000.0,725400,1677448500000.0,0.021820714285714617,-0.00052048,2054.040129231428,2054.0821706599995,-0.2,13.012,0.4,12.902896428571427,long_nclose,5.1611585714285715,0.002512686338489283,2.0
1677449340000.0,725414,1677449340000.0,0.010910357142857308,-0.00026024,2054.0507793485713,2054.0865104199997,-0.1,13.012,0.3,12.902896428571427,long_nclose,3.870868928571428,0.001884504982782874,14.0
1677450060000.0,725426,1677450060000.0,0.010910357142857308,-0.00026024,2054.0614294657144,2054.08385018,-0.1,13.012,0.2,12.902896428571427,long_nclose,2.5805792857142857,0.0012563301412000735,12.0
1677508020000.0,726392,1677508020000.0,0.010910357142857308,-0.00026024,2054.0720795828574,2054.0839899400003,-0.1,13.012,0.1,12.902896428571427,long_nclose,1.2902896428571429,0.0006281618136395564,966.0
1677508320000.0,726397,1677508320000.0,0.010910357142857308,-0.00026024,2054.0827297000005,2054.0827297000005,-0.1,13.012,0.0,12.902896428571427,long_nclose,0.0,0.0,5.0
1677522240000.0,726629,1677522240000.0,0.0,-0.0164216,2054.0663081000007,2054.124808100001,6.5,12.632,6.5,12.632,long_ientry_normal,82.108,0.039973393106257325,232.0
1677536460000.0,726866,1677536460000.0,0.22470000000000231,-0.005350380000000001,2054.285657720001,2054.725657720001,-2.1,12.739,4.4,12.632,long_nclose,55.5808,0.027056022998129536,237.0
1677536520000.0,726867,1677536520000.0,0.14980000000000152,-0.00356692,2054.431890800001,2054.737890800001,-1.4,12.739,3.0,12.632,long_nclose,37.896,0.01844597534223595,1.0
1677538320000.0,726897,1677538320000.0,0.1070000000000011,-0.0025478000000000002,2054.536343000001,2054.748343000001,-1.0,12.739,2.0,12.632,long_nclose,25.264,0.012296691701792878,30.0
1677538380000.0,726898,1677538380000.0,0.06420000000000066,-0.00152868,2054.599014320001,2054.761414320001,-0.6,12.739,1.4,12.632,long_nclose,17.6848,0.008607421631540614,1.0
1677545520000.0,727017,1677545520000.0,0.04280000000000044,-0.0010191200000000003,2054.6407952000013,2054.755795200001,-0.4,12.739,1.0,12.632,long_nclose,12.632,0.006148033286163962,119.0
1677546000000.0,727025,1677546000000.0,0.03210000000000033,-0.00076434,2054.6721308600013,2054.755430860001,-0.3,12.739,0.7,12.632,long_nclose,8.8424,0.004303557666058834,8.0
1677546120000.0,727027,1677546120000.0,0.02140000000000022,-0.0005095600000000002,2054.6930213000014,2054.7475213000016,-0.2,12.739,0.5,12.632,long_nclose,6.316,0.0030739385078574293,2.0
1677546300000.0,727030,1677546300000.0,0.01070000000000011,-0.0002547800000000001,2054.7034665200013,2054.7506665200012,-0.1,12.739,0.4,12.632,long_nclose,5.0528,0.002459138305031333,3.0
1677549300000.0,727080,1677549300000.0,0.01070000000000011,-0.0002547800000000001,2054.713911740001,2054.746311740001,-0.1,12.739,0.3,12.632,long_nclose,3.7895999999999996,0.0018443443529278674,50.0
1677550740000.0,727104,1677550740000.0,0.01070000000000011,-0.0002547800000000001,2054.724356960001,2054.7467569600008,-0.1,12.739,0.2,12.632,long_nclose,2.5264,0.0012295566514517067,24.0
1677550860000.0,727106,1677550860000.0,0.01070000000000011,-0.0002547800000000001,2054.7348021800008,2054.746102180001,-0.1,12.739,0.1,12.632,long_nclose,1.2632,0.0006147752005075252,2.0
1677552000000.0,727125,1677552000000.0,0.01070000000000011,-0.0002547800000000001,2054.7452474000006,2054.7452474000006,-0.1,12.739,0.0,12.632,long_nclose,0.0,0.0,19.0
1677571200000.0,727445,1677571200000.0,0.0,-0.01647624,2054.7287711600006,2054.6231711600008,6.6,12.482,6.6,12.482,long_ientry_normal,82.38119999999999,0.040093466912176225,320.0
1677595560000.0,727851,1677595560000.0,0.23100000000000095,-0.0055382800000000005,2054.9542328800007,2055.425032880001,-2.2,12.587,4.4,12.482,long_nclose,54.9208,0.02672604534020642,406.0
1677598920000.0,727907,1677598920000.0,0.14700000000000057,-0.0035243599999999994,2055.0977085200007,2055.3677085200006,-1.4,12.587,3.0,12.482,long_nclose,37.446,0.018221031459845827,56.0
1677599040000.0,727909,1677599040000.0,0.10500000000000043,-0.0025174,2055.2001911200005,2055.4081911200005,-1.0,12.587,2.0,12.482,long_nclose,24.964,0.012146748578490369,2.0
1677599100000.0,727910,1677599100000.0,0.06300000000000025,-0.0015104399999999998,2055.2616806800006,2055.4128806800004,-0.6,12.587,1.4,12.482,long_nclose,17.4748,0.008502469619449293,1.0
1677618240000.0,728229,1677618240000.0,0.0,-0.01299878,2055.2486819000005,2055.0492819000006,5.3,12.263,6.7,12.30876119402985,long_ientry_partial,82.4687,0.040125898498940174,319.0
1677634380000.0,728498,1677634380000.0,0.22932537313432955,-0.005461720000000001,2055.472545553135,2055.946120180001,-2.2,12.413,4.5,12.30876119402985,long_nclose,55.38942537313433,0.026947295157488386,269.0
1677638040000.0,728559,1677638040000.0,0.15635820895522468,-0.0037239000000000005,2055.6251798620906,2055.859896280001,-1.5,12.413,3.0,12.30876119402985,long_nclose,36.92628358208955,0.01796352951103999,61.0
1677640560000.0,728601,1677640560000.0,0.10423880597014978,-0.0024826,2055.7269360680607,2055.937413680001,-1.0,12.413,2.0,12.30876119402985,long_nclose,24.6175223880597,0.011975093557486308,42.0
1677658860000.0,728906,1677658860000.0,0.3432388059701488,-0.0025304,2056.0676444740307,2056.411883280001,-1.0,12.652,1.0,12.30876119402985,long_nclose,12.30876119402985,0.005986554589831403,305.0
1677659760000.0,728921,1677659760000.0,0.1716194029850744,-0.0012652,2056.2379986770156,2056.406118080001,-0.5,12.652,0.5,12.30876119402985,long_nclose,6.154380597014925,0.0029930293093380516,15.0
1677659820000.0,728922,1677659820000.0,0.06864776119402975,-0.0005060800000000001,2056.3061403582096,2056.4097120000006,-0.2,12.652,0.3,12.30876119402985,long_nclose,3.692628358208955,0.001795758075967082,1.0
1677659940000.0,728924,1677659940000.0,0.034323880597014876,-0.00025304000000000006,2056.3402111988066,2056.4084589600006,-0.1,12.652,0.2,12.30876119402985,long_nclose,2.4617522388059703,0.0011971522150854678,2.0
1677660120000.0,728927,1677660120000.0,0.034323880597014876,-0.00025304000000000006,2056.3742820394036,2056.4079059200008,-0.1,12.652,0.1,12.30876119402985,long_nclose,1.2308761194029851,0.0005985661900917507,3.0
1677660300000.0,728930,1677660300000.0,0.034323880597014876,-0.00025304000000000006,2056.4083528800006,2056.4083528800006,-0.1,12.652,0.0,12.30876119402985,long_nclose,0.0,0.0,3.0
1677737460000.0,730216,1677737460000.0,0.0,-0.01639572,2056.3919571600004,2056.3523571600003,6.6,12.421,6.6,12.421,long_ientry_normal,81.97859999999999,0.03986525998342131,1286.0
1677806460000.0,731366,1677806460000.0,0.0,-0.016468240000000002,2056.3754889200004,2054.2894889200006,6.8,12.109,13.4,12.262671641791044,long_rentry,164.3198,0.0799074881437631,1150.0
1677807000000.0,731375,1677807000000.0,0.0,-0.0163875,2056.3591014200006,2050.1290014200003,6.9,11.875,20.3,12.130901477832513,long_rentry,246.25730000000001,0.11975403509530472,9.0
1677807060000.0,731376,1677807060000.0,0.0,-0.023336,2056.3357654200004,2046.9085654200005,10.0,11.668,30.3,11.978128712871285,long_rentry,362.93729999999994,0.17649710037790015,1.0
1677979920000.0,734257,1677979920000.0,1.0188000000000232,-0.02439958,2057.33016584,2059.52936584,-10.1,12.079,20.2,11.978128712871285,long_nclose,241.95819999999995,0.11760786091483247,2881.0
1677980100000.0,734260,1677980100000.0,0.6758376237623918,-0.016185860000000003,2057.9898176037627,2059.5540799800006,-6.7,12.079,13.5,11.978128712871285,long_nclose,161.70473762376236,0.07857411938609327,3.0
1677984420000.0,734332,1677984420000.0,0.4539207920792183,-0.010871100000000002,2058.4328672958422,2059.4667088800006,-4.5,12.079,9.0,11.978128712871285,long_nclose,107.80315841584157,0.052371471583361515,72.0
1677984780000.0,734338,1677984780000.0,0.30261386138614554,-0.007247400000000001,2058.7282337572287,2059.339461480001,-3.0,12.079,6.0,11.978128712871285,long_nclose,71.86877227722772,0.034909305219983054,6.0
1677984960000.0,734341,1677984960000.0,0.20174257425743036,-0.0048316,2058.925144731486,2059.3726298800007,-2.0,12.079,4.0,11.978128712871285,long_nclose,47.91251485148514,0.023270644381650718,3.0
1678007400000.0,734715,1678007400000.0,0.13113267326732975,-0.0031405400000000007,2059.0531368647535,2059.325489340001,-1.3,12.079,2.7,11.978128712871285,long_nclose,32.34094752475247,0.015706708557311384,374.0
1678007460000.0,734716,1678007460000.0,0.09078415841584367,-0.00217422,2059.141746803169,2059.3269151200006,-0.9,12.079,1.8,11.978128712871285,long_nclose,21.560631683168314,0.01047068843931766,1.0
1678068180000.0,735728,1678068180000.0,0.0,-0.012325040000000002,2059.129421763169,2058.9565900800008,5.2,11.851,7.0,11.883690240452617,long_ientry_partial,83.18583168316832,0.04039854455187127,1012.0
1678076280000.0,735863,1678076280000.0,0.2307124469589798,-0.00551264,2059.354621570128,2059.844877440001,-2.3,11.984,4.7,11.883690240452617,long_nclose,55.853344130127304,0.027121770842722877,135.0
1678076580000.0,735868,1678076580000.0,0.1504646393210738,-0.0035952,2059.501491009449,2059.8096822400007,-1.5,11.984,3.2,11.883690240452617,long_nclose,38.02780876944838,0.018464569671571025,5.0
1678086900000.0,736040,1678086900000.0,0.10030975954738253,-0.0023968,2059.5994039689967,2059.820085440001,-1.0,11.984,2.2,11.883690240452617,long_nclose,26.14411852899576,0.012693788160267554,172.0
1678087080000.0,736043,1678087080000.0,0.07021683168316777,-0.0016777600000000001,2059.66794304068,2059.830407680001,-0.7,11.984,1.5,11.883690240452617,long_nclose,17.825535360678927,0.00865456755828474,3.0
1678087260000.0,736046,1678087260000.0,0.05015487977369126,-0.0011984,2059.716899520454,2059.8122092800013,-0.5,11.984,1.0,11.883690240452617,long_nclose,11.883690240452617,0.005769574567854153,3.0
1678087380000.0,736048,1678087380000.0,0.030092927864214757,-0.00071904,2059.746273408318,2059.817190240001,-0.3,11.984,0.7,11.883690240452617,long_nclose,8.318583168316831,0.00403864460186732,2.0
1678088220000.0,736062,1678088220000.0,0.020061951909476506,-0.00047936000000000007,2059.7658560002274,2059.820510880001,-0.2,11.984,0.5,11.883690240452617,long_nclose,5.941845120226309,0.0028847187183520594,14.0
1678089780000.0,736088,1678089780000.0,0.010030975954738253,-0.00023968000000000004,2059.775647296182,2059.817771200001,-0.1,11.984,0.4,11.883690240452617,long_nclose,4.753476096181047,0.0023077640045025393,26.0
1678089960000.0,736091,1678089960000.0,0.010030975954738253,-0.00023968000000000004,2059.7854385921364,2059.8158315200008,-0.1,11.984,0.3,11.883690240452617,long_nclose,3.565107072135785,0.0017308147758207943,3.0
1678091760000.0,736121,1678091760000.0,0.010030975954738253,-0.00023968000000000004,2059.795229888091,2059.8172918400005,-0.1,11.984,0.2,11.883690240452617,long_nclose,2.3767380480905236,0.0011538710322286027,30.0
1678099140000.0,736244,1678099140000.0,0.010030975954738253,-0.00023968000000000004,2059.8050211840455,2059.81525216,-0.1,11.984,0.1,11.883690240452617,long_nclose,1.1883690240452618,0.0005769327736477441,123.0
1678099260000.0,736246,1678099260000.0,0.010030975954738253,-0.00023968000000000004,2059.81481248,2059.81481248,-0.1,11.984,0.0,11.883690240452617,long_nclose,0.0,0.0,2.0
1678197480000.0,737883,1678197480000.0,0.0,-0.0165075,2059.79830498,2059.88350498,7.1,11.625,7.1,11.625,long_ientry_normal,82.5375,0.04007067090037313,1637.0
1678202580000.0,737968,1678202580000.0,0.2254000000000017,-0.00539258,2060.0183124,2060.3159124,-2.3,11.723,4.8,11.625,long_nclose,55.8,0.027087137849270315,85.0
1678203300000.0,737980,1678203300000.0,0.15680000000000122,-0.0037513600000000005,2060.17136104,2060.4657610400004,-1.6,11.723,3.2,11.625,long_nclose,37.2,0.018056750376930285,12.0
1678203360000.0,737981,1678203360000.0,0.09800000000000075,-0.0023446,2060.26701644,2060.47601644,-1.0,11.723,2.2,11.625,long_nclose,25.575000000000003,0.012413439518238683,1.0
1678203420000.0,737982,1678203420000.0,0.06860000000000052,-0.0016412199999999999,2060.3339752200004,2060.5184752200003,-0.7,11.723,1.5,11.625,long_nclose,17.4375,0.008463433700421331,1.0
1678204020000.0,737992,1678204020000.0,0.04900000000000038,-0.0011723,2060.3818029200006,2060.4758029200007,-0.5,11.723,1.0,11.625,long_nclose,11.625,0.005642158158999897,10.0
1678204080000.0,737993,1678204080000.0,0.029400000000000225,-0.0007033800000000001,2060.4104995400007,2060.4937995400005,-0.3,11.723,0.7,11.625,long_nclose,8.1375,0.003949455704004977,1.0
1678204500000.0,738000,1678204500000.0,0.019600000000000152,-0.00046892000000000006,2060.429630620001,2060.472130620001,-0.2,11.723,0.5,11.625,long_nclose,5.8125,0.0028210135952330337,7.0
1678204680000.0,738003,1678204680000.0,0.009800000000000076,-0.00023446000000000003,2060.439196160001,2060.475196160001,-0.1,11.723,0.4,11.625,long_nclose,4.65,0.0022568003989955694,3.0
1678204920000.0,738007,1678204920000.0,0.009800000000000076,-0.00023446000000000003,2060.448761700001,2060.480561700001,-0.1,11.723,0.3,11.625,long_nclose,3.4875,0.0016925924414264936,4.0
1678205100000.0,738010,1678205100000.0,0.009800000000000076,-0.00023446000000000003,2060.458327240001,2060.474327240001,-0.1,11.723,0.2,11.625,long_nclose,2.325,0.001128389722452846,3.0
1678210020000.0,738092,1678210020000.0,0.009800000000000076,-0.00023446000000000003,2060.467892780001,2060.479392780001,-0.1,11.723,0.1,11.625,long_nclose,1.1625,0.0005641922420016674,82.0
1678210140000.0,738094,1678210140000.0,0.009800000000000076,-0.00023446000000000003,2060.477458320001,2060.477458320001,-0.1,11.723,0.0,11.625,long_nclose,0.0,0.0,2.0
1678254000000.0,738825,1678254000000.0,0.0,-0.016587360000000002,2060.460870960001,2060.403270960001,7.2,11.519,7.2,11.519,long_ientry_normal,82.9368,0.04025157728977326,731.0
1678283160000.0,739311,1678283160000.0,0.0,-0.01639434,2060.4444766200013,2058.5159766200013,7.3,11.229,14.5,11.373000000000001,long_rentry,164.9085,0.08003540103663437,486.0
1678314900000.0,739840,1678314900000.0,0.0,-0.0165195,2060.4279571200013,2055.779957120001,7.5,11.013,22.0,11.250272727272726,long_rentry,247.50599999999997,0.12012358847331685,529.0
1678348320000.0,740397,1678348320000.0,0.0,-0.0233712,2060.4045859200014,2050.7417859200013,10.8,10.82,32.8,11.10859756097561,long_rentry,364.36199999999997,0.176840025735677,557.0
1678393440000.0,741149,1678393440000.0,0.0,-0.03407082,2060.3705151000013,2042.2829151000012,16.1,10.581,48.9,10.934889570552148,long_rentry,534.7161,0.25952424385865724,752.0
1678405680000.0,741353,1678405680000.0,1.501399999999978,-0.03594802,2061.8359670800014,2065.132167080001,-16.3,11.027,32.6,10.934889570552148,long_nclose,356.47740000000005,0.17289319116149085,204.0
1678406400000.0,741365,1678406400000.0,0.9947926380367954,-0.02381832,2062.8069413980384,2065.0547487600015,-10.8,11.027,21.8,10.934889570552148,long_nclose,238.38059263803683,0.11556127132114348,12.0
1678411920000.0,741457,1678411920000.0,0.6631950920245302,-0.015878879999999998,2063.454257610063,2064.7406698800014,-7.2,11.027,14.6,10.934889570552148,long_nclose,159.64938773006136,0.07736996695772201,92.0
1678411980000.0,741458,1678411980000.0,0.4421300613496868,-0.010585919999999999,2063.885801751413,2065.072683960002,-4.8,11.027,9.8,10.934889570552148,long_nclose,107.16191779141106,0.051922406608191925,1.0
1678412580000.0,741468,1678412580000.0,0.29475337423312453,-0.007057280000000001,2064.173497845646,2064.702226680002,-3.2,11.027,6.6,10.934889570552148,long_nclose,72.17027116564417,0.034963277670683905,10.0
1678412700000.0,741470,1678412700000.0,0.20264294478527314,-0.00485188,2064.3712889104313,2064.758974800002,-2.2,11.027,4.4,10.934889570552148,long_nclose,48.113514110429456,0.023306618518136635,2.0
1678412760000.0,741471,1678412760000.0,0.12895460122699198,-0.0030875599999999996,2064.4971559516584,2064.833487240002,-1.4,11.027,3.0,10.934889570552148,long_nclose,32.80466871165645,0.015889907436823125,1.0
1678415400000.0,741515,1678415400000.0,0.09211042944785142,-0.0022054,2064.5870609811063,2064.795281840002,-1.0,11.027,2.0,10.934889570552148,long_nclose,21.869779141104296,0.010592810327267875,44.0
1678421820000.0,741622,1678421820000.0,0.05526625766871085,-0.0013232399999999998,2064.641003998775,2064.778358600002,-0.6,11.027,1.4,10.934889570552148,long_nclose,15.308845398773006,0.007414773497728174,107.0
1678422660000.0,741636,1678422660000.0,0.036844171779140567,-0.0008821600000000001,2064.676966010554,2064.7560764400023,-0.4,11.027,1.0,10.934889570552148,long_nclose,10.934889570552148,0.005296174535080395,14.0
1678422780000.0,741638,1678422780000.0,0.027633128834355425,-0.0006616199999999999,2064.7039375193885,2064.757914820002,-0.3,11.027,0.7,10.934889570552148,long_nclose,7.654422699386503,0.0037072737453016187,2.0
1678426560000.0,741701,1678426560000.0,0.018422085889570283,-0.00044108000000000005,2064.721918525278,2064.7834737400017,-0.2,11.027,0.5,10.934889570552148,long_nclose,5.467444785276074,0.0026480296141676947,63.0
1678428000000.0,741725,1678428000000.0,0.009211042944785142,-0.00022054000000000003,2064.7309090282224,2064.7741532000014,-0.1,11.027,0.4,10.934889570552148,long_nclose,4.3739558282208595,0.0021184144670355555,24.0
1678428300000.0,741730,1678428300000.0,0.009211042944785142,-0.00022054000000000003,2064.739899531167,2064.767832660001,-0.1,11.027,0.3,10.934889570552148,long_nclose,3.280466871165644,0.001588803932112964,5.0
1678430940000.0,741774,1678430940000.0,0.0,-0.01590408,2064.723995451167,2065.2910285800012,7.4,10.746,7.7,10.753359333917617,long_ientry_partial,82.80086687116565,0.04010263214530651,44.0
1678433400000.0,741815,1678433400000.0,0.2266016652059566,-0.005422,2064.945175116373,2065.4321065800013,-2.5,10.844,5.2,10.753359333917617,long_nclose,55.91746853637161,0.02707939620393084,41.0
1678434300000.0,741830,1678434300000.0,0.15408913234005048,-0.00368696,2065.0955772887132,2065.4233196200016,-1.7,10.844,3.5,10.753359333917617,long_nclose,37.63675766871166,0.01822518922737967,15.0
1678434480000.0,741833,1678434480000.0,0.09970473269062091,-0.0023856800000000003,2065.192896341404,2065.3768339400017,-1.1,10.844,2.4,10.753359333917617,long_nclose,25.808062401402278,0.012496683698226251,3.0
1678434900000.0,741840,1678434900000.0,0.07251253286590612,-0.0017350400000000002,2065.26367383427,2065.4134989000017,-0.8,10.844,1.6,10.753359333917617,long_nclose,17.20537493426819,0.008330836954259459,7.0
1678435320000.0,741847,1678435320000.0,0.04532033304119132,-0.0010844,2065.3079097673112,2065.414214500002,-0.5,10.844,1.1,10.753359333917617,long_nclose,11.82869526730938,0.00572732773228088,7.0
1678436100000.0,741860,1678436100000.0,0.02719219982471479,-0.00065064,2065.334451327136,2065.4053638600017,-0.3,10.844,0.8,10.753359333917617,long_nclose,8.602687467134094,0.004165275731301634,13.0
1678436400000.0,741865,1678436400000.0,0.01812813321647653,-0.00043376000000000005,2065.3521457003526,2065.395130100002,-0.2,10.844,0.6,10.753359333917617,long_nclose,6.4520156003505695,0.003123930034779961,5.0
1678436520000.0,741867,1678436520000.0,0.01812813321647653,-0.00043376000000000005,2065.3698400735693,2065.404096340002,-0.2,10.844,0.4,10.753359333917617,long_nclose,4.301343733567047,0.002082602181028184,2.0
1678436760000.0,741871,1678436760000.0,0.009064066608238264,-0.00021688000000000002,2065.3786872601772,2065.403179460002,-0.1,10.844,0.3,10.753359333917617,long_nclose,3.2260078001752848,0.0015619449450476983,4.0
1678437840000.0,741889,1678437840000.0,0.0,-0.01586412,2065.362823140177,2065.3063153400017,7.4,10.719,7.7,10.720338675347438,long_ientry_partial,82.54660780017528,0.039967121938735896,18.0
1678438500000.0,741900,1678438500000.0,0.226653311631404,-0.005405500000000001,2065.5840709518084,2066.0035098400017,-2.5,10.811,5.2,10.720338675347438,long_nclose,55.74576111180668,0.026987892623571298,11.0
1678438680000.0,741903,1678438680000.0,0.15412425190935472,-0.00367574,2065.734519463718,2066.030834100002,-1.7,10.811,3.5,10.720338675347438,long_nclose,37.521185363716036,0.018163604766336022,3.0
1678438800000.0,741905,1678438800000.0,0.09972745711781777,-0.0023784200000000004,2065.8318685008358,2066.0494556800018,-1.1,10.811,2.4,10.720338675347438,long_nclose,25.728812820833852,0.012454456344264418,2.0
1678438860000.0,741906,1678438860000.0,0.07252905972204929,-0.00172976,2065.9026678005575,2066.0269259200018,-0.8,10.811,1.6,10.720338675347438,long_nclose,17.1525418805559,0.008302686350086949,1.0
1678440660000.0,741936,1678440660000.0,0.0,-0.01304546,2065.8896223405577,2065.7765804600017,6.1,10.693,7.7,10.698680763708557,long_ientry_partial,82.37984188055589,0.039876206835882805,30.0
1678442520000.0,741967,1678442520000.0,0.0,-0.0164794,2065.8731429405575,2063.5391010600015,7.9,10.43,15.6,10.562618069266405,long_rentry,164.7768418805559,0.07976135535893218,31.0
1678450740000.0,742104,1678450740000.0,0.4647860398146918,-0.01107808,2066.326850900372,2067.1004229800014,-5.2,10.652,10.4,10.562618069266405,long_nclose,109.85122792037062,0.053162561321072964,137.0
1678450800000.0,742105,1678450800000.0,0.30389856449422153,-0.00724336,2066.6235061048665,2067.2071796200016,-3.4,10.652,7.0,10.562618069266405,long_nclose,73.93832648486483,0.03577735676887873,1.0
1678451100000.0,742110,1678451100000.0,0.2055784406872675,-0.0048999199999999994,2066.8241846255537,2067.483979700002,-2.3,10.652,4.7,10.562618069266405,long_nclose,49.644304925552106,0.024019607131966166,5.0
1678451280000.0,742113,1678451280000.0,0.13407289610039186,-0.0031956,2066.9550619216543,2067.292284100002,-1.5,10.652,3.2,10.562618069266405,long_nclose,33.800377821652496,0.016352739565720496,3.0
1678451520000.0,742117,1678451520000.0,0.08938193073359457,-0.0021303999999999997,2067.0423134523876,2067.2521537000016,-1.0,10.652,2.2,10.562618069266405,long_nclose,23.237759752386093,0.011242033896042619,4.0
1678451640000.0,742119,1678451640000.0,0.0625673515135162,-0.0014912799999999998,2067.103389523901,2067.2539624200017,-0.7,10.652,1.5,10.562618069266405,long_nclose,15.843927103899606,0.007664796634845056,2.0
1678454640000.0,742169,1678454640000.0,0.20606735151351624,-0.0015199799999999998,2067.3079368954145,2067.5410424400015,-0.7,10.857,0.8,10.562618069266405,long_nclose,8.450094455413124,0.0040874870669258285,50.0
1678454700000.0,742170,1678454700000.0,0.11775277229343786,-0.00086856,2067.424821107708,2067.5497738800013,-0.4,10.857,0.4,10.562618069266405,long_nclose,4.225047227706562,0.0020436279880991365,1.0
1678455000000.0,742175,1678455000000.0,0.1997527722934379,-0.0008849600000000001,2067.6236889200013,2067.6236889200013,-0.4,11.062,0.0,10.562618069266405,long_nclose,0.0,0.0,5.0
1678520580000.0,743268,1678520580000.0,0.0,-0.01650416,2067.6071847600015,2067.9643847600014,7.6,10.858,7.6,10.858,long_ientry_normal,82.5208,0.0399112561652172,1093.0
1678520940000.0,743274,1678520940000.0,0.22999999999999687,-0.005475,2067.8317097600016,2068.341709760002,-2.5,10.95,5.1,10.858,long_nclose,55.3758,0.026779645431797287,6.0
1678521300000.0,743280,1678521300000.0,0.0,-0.005427500000000001,2067.8262822600013,2067.780582260001,2.5,10.855,7.6,10.857013157894738,long_ientry_partial,82.5133,0.039903400352286005,6.0
1678549860000.0,743756,1678549860000.0,0.0,-0.01651104,2067.8097712200015,2065.7964712200014,7.8,10.584,15.4,10.718733766233765,long_rentry,165.06849999999997,0.07982770093141114,476.0
1678556820000.0,743872,1678556820000.0,0.46035779220779616,-0.011025179999999999,2068.2591038322093,2068.7974460400014,-5.1,10.809,10.3,10.718733766233765,long_nclose,110.40295779220779,0.05337965518326295,116.0
1678563240000.0,743979,1678563240000.0,0.30690519480519746,-0.00735012,2068.5586589070144,2069.2021959200015,-3.4,10.809,6.9,10.718733766233765,long_nclose,73.95926298701298,0.035754008071538855,107.0
1678564800000.0,744005,1678564800000.0,0.20761233766233944,-0.00497214,2068.7612991046767,2069.2179237800015,-2.3,10.809,4.6,10.718733766233765,long_nclose,49.306175324675316,0.023833670586362068,26.0
1678565820000.0,744022,1678565820000.0,0.13539935064935182,-0.0032427000000000003,2068.893455755326,2069.1639810800016,-1.5,10.809,3.1,10.718733766233765,long_nclose,33.22807467532467,0.016060795486055386,17.0
1678565880000.0,744023,1678565880000.0,0.09026623376623455,-0.0021617999999999997,2068.9815601890923,2069.1732192800014,-1.0,10.809,2.1,10.718733766233765,long_nclose,22.509340909090906,0.01087943041262953,1.0
1678577760000.0,744221,1678577760000.0,0.29926623376623596,-0.0022036000000000004,2069.2786228228583,2069.589115680001,-1.0,11.018,1.1,10.718733766233765,long_nclose,11.790607142857143,0.005697931159590626,198.0
1678577940000.0,744224,1678577940000.0,0.14963311688311798,-0.0011018000000000002,2069.4271541397416,2069.6061138800014,-0.5,11.018,0.6,10.718733766233765,long_nclose,6.4312402597402585,0.003107739379409911,3.0
1678578240000.0,744229,1678578240000.0,0.08977987012987078,-0.0006610800000000001,2069.5162729298713,2069.6045528000013,-0.3,11.018,0.3,10.718733766233765,long_nclose,3.2156201298701292,0.0015538027760070169,5.0
1678578660000.0,744236,1678578660000.0,0.029926623376623596,-0.00022036000000000004,2069.5459791932476,2069.604032440001,-0.1,11.018,0.2,10.718733766233765,long_nclose,2.143746753246753,0.0010358536484811178,7.0
1678578720000.0,744237,1678578720000.0,0.029926623376623596,-0.00022036000000000004,2069.575685456624,2069.6062120800007,-0.1,11.018,0.1,10.718733766233765,long_nclose,1.0718733766233766,0.0005179193900255366,1.0
1678583160000.0,744311,1678583160000.0,0.029926623376623596,-0.00022036000000000004,2069.60539172,2069.60539172,-0.1,11.018,0.0,10.718733766233765,long_nclose,0.0,0.0,74.0
1678711440000.0,746449,1678711440000.0,0.0,-0.01650384,2069.58888788,2069.55238788,7.3,11.304,7.3,11.304,long_ientry_normal,82.5192,0.03987226665317536,2138.0
1678712520000.0,746467,1678712520000.0,0.2304000000000002,-0.005472,2069.81381588,2070.3577158800003,-2.4,11.4,4.9,11.304,long_nclose,55.38960000000001,0.026760667831589778,18.0
1678714800000.0,746505,1678714800000.0,0.15360000000000015,-0.0036480000000000006,2069.9637678800004,2070.2574678800006,-1.6,11.4,3.3,11.304,long_nclose,37.3032,0.01802118499794076,38.0
1678714980000.0,746508,1678714980000.0,0.1056000000000001,-0.0025080000000000002,2070.0668598800003,2070.27365988,-1.1,11.4,2.2,11.304,long_nclose,24.868800000000004,0.012013525013120408,3.0
1678715100000.0,746510,1678715100000.0,0.06720000000000005,-0.001596,2070.13246388,2070.31546388,-0.7,11.4,1.5,11.304,long_nclose,16.956,0.008190780201678386,2.0
1678716480000.0,746533,1678716480000.0,0.22049999999999964,-0.00162666,2070.35133722,2070.63293722,-0.7,11.619,0.8,11.304,long_nclose,9.0432,0.004367954287479976,23.0
1678716720000.0,746537,1678716720000.0,0.1259999999999998,-0.00092952,2070.4764077,2070.6124077,-0.4,11.619,0.4,11.304,long_nclose,4.5216,0.0021838452170642427,4.0
1678718700000.0,746570,1678718700000.0,0.21400000000000008,-0.0009471200000000002,2070.68946058,2070.68946058,-0.4,11.839,0.0,11.304,long_nclose,0.0,0.0,33.0
1678878120000.0,749227,1678878120000.0,0.0,-0.0164567,2070.6730038799997,2070.6990038799995,6.5,12.659,6.5,12.659,long_ientry_normal,82.2835,0.039737563509940135,2657.0
1678883400000.0,749315,1678883400000.0,0.22469999999999857,-0.00536172,2070.8923421599998,2070.94954216,-2.1,12.766,4.4,12.659,long_nclose,55.69960000000001,0.026896424727662925,88.0
1678883820000.0,749322,1678883820000.0,0.0,-0.00555544,2070.8867867199997,2070.3587867199994,2.2,12.626,6.6,12.648000000000003,long_ientry_partial,83.47680000000001,0.040309687876378696,7.0
1678886520000.0,749367,1678886520000.0,0.2353999999999946,-0.005612200000000001,2071.1165745199996,2071.5257745199997,-2.2,12.755,4.4,12.648000000000003,long_nclose,55.65120000000002,0.026870143711199692,45.0
1678886580000.0,749368,1678886580000.0,0.14979999999999655,-0.0035714,2071.2628031199997,2071.4518031199996,-1.4,12.755,3.0,12.648000000000003,long_nclose,37.94400000000001,0.018319259121944317,1.0
1678888320000.0,749397,1678888320000.0,0.0,-0.0090468,2071.25375632,2070.8067563199997,3.6,12.565,6.6,12.602727272727275,long_ientry_partial,83.17800000000001,0.04015828565003185,29.0
1678891200000.0,749445,1678891200000.0,0.0,-0.01646324,2071.2372930799997,2069.33309308,6.7,12.286,13.3,12.443172932330828,long_rentry,165.49420000000003,0.07990112989608476,48.0
1678894560000.0,749501,1678894560000.0,0.0,-0.01662762,2071.22066546,2066.09936546,6.9,12.049,20.2,12.308529702970297,long_rentry,248.6323,0.12004143457345282,56.0
1678896120000.0,749527,1678896120000.0,0.0,-0.02343924,2071.19722622,2063.10722622,9.9,11.838,30.1,12.153770764119601,long_rentry,365.8285,0.176626588414107,26.0
1678899480000.0,749583,1678899480000.0,0.0,-0.03426792000000001,2071.1629583000004,2054.1164583000004,14.8,11.577,44.9,11.963654788418708,long_rentry,537.1681,0.2593557874561955,56.0
1678905060000.0,749676,1678905060000.0,1.5100436525612417,-0.0359537,2072.6370482525617,2075.2274046000007,-14.9,12.065,30.0,11.963654788418708,long_nclose,358.9096436525613,0.17316569920196961,93.0
1678905120000.0,749677,1678905120000.0,1.013452115812914,-0.02413,2073.626370368375,2075.8732746000005,-10.0,12.065,20.0,11.963654788418708,long_nclose,239.27309576837416,0.11538872151103473,1.0
1678905420000.0,749682,1678905420000.0,0.6688783964365231,-0.0159258,2074.2793229648114,2075.6105488000007,-6.6,12.065,13.4,11.963654788418708,long_nclose,160.3129741648107,0.07728610722285559,5.0
1678905480000.0,749683,1678905480000.0,0.44591893095768215,-0.010617200000000002,2074.714624695769,2075.680731600001,-4.4,12.065,9.0,11.963654788418708,long_nclose,107.67289309576837,0.05189768839247338,1.0
1678906200000.0,749695,1678906200000.0,0.3040356347438742,-0.007239000000000001,2075.011421330513,2075.3314926000007,-3.0,12.065,6.0,11.963654788418708,long_nclose,71.78192873051225,0.03459351018149343,12.0
1678906440000.0,749699,1678906440000.0,0.2026904231625828,-0.004826,2075.2092857536754,2075.6626666000006,-2.0,12.065,4.0,11.963654788418708,long_nclose,47.85461915367483,0.023060141202237813,4.0
1678907460000.0,749716,1678907460000.0,0.1317487750556788,-0.0031369,2075.3378976287313,2075.6142297000006,-1.3,12.065,2.7,11.963654788418708,long_nclose,32.301867928730516,0.015564630687676662,17.0
1678909440000.0,749749,1678909440000.0,0.09121069042316225,-0.0021717,2075.4269366191543,2075.6093580000006,-0.9,12.065,1.8,11.963654788418708,long_nclose,21.534578619153674,0.01037597529414032,33.0
1678909500000.0,749750,1678909500000.0,0.06080712694877483,-0.0014478,2075.4862959461034,2075.5935102000008,-0.6,12.065,1.2,11.963654788418708,long_nclose,14.356385746102449,0.006917119026101851,1.0
1678909560000.0,749751,1678909560000.0,0.04053808463251656,-0.0009652000000000002,2075.525868830736,2075.6133450000007,-0.4,12.065,0.8,11.963654788418708,long_nclose,9.570923830734968,0.004611324760855341,1.0
1678909740000.0,749754,1678909740000.0,0.02026904231625828,-0.0004826000000000001,2075.545655273052,2075.6094624000007,-0.2,12.065,0.6,11.963654788418708,long_nclose,7.178192873051224,0.0034584606003797516,3.0
1678909920000.0,749757,1678909920000.0,0.02026904231625828,-0.0004826000000000001,2075.5654417153683,2075.608379800001,-0.2,12.065,0.4,11.963654788418708,long_nclose,4.785461915367484,0.002305618420497741,3.0
1678912020000.0,749792,1678912020000.0,0.0666690423162585,-0.0004918800000000001,2075.6316188776846,2075.6990879200007,-0.2,12.297,0.2,11.963654788418708,long_nclose,2.392730957683742,0.0011527724553442274,35.0
1678912260000.0,749796,1678912260000.0,0.03333452115812925,-0.00024594000000000005,2075.6647074588427,2075.6944419800006,-0.1,12.297,0.1,11.963654788418708,long_nclose,1.196365478841871,0.0005763770393853908,4.0
1678912320000.0,749797,1678912320000.0,0.03333452115812925,-0.00024594000000000005,2075.697796040001,2075.697796040001,-0.1,12.297,0.0,11.963654788418708,long_nclose,0.0,0.0,1.0
1678972800000.0,750805,1678972800000.0,0.0,-0.016726639999999997,2075.681069400001,2075.694669400001,6.8,12.299,6.8,12.299,long_ientry_normal,83.63319999999999,0.040291931758174734,1008.0
1678973760000.0,750821,1678973760000.0,0.22880000000000217,-0.005457320000000001,2075.904412080001,2076.424212080001,-2.2,12.403,4.6,12.299,long_nclose,56.575399999999995,0.027253374322429882,16.0
1678974600000.0,750835,1678974600000.0,0.15600000000000147,-0.0037209000000000005,2076.0566911800006,2076.3697911800004,-1.5,12.403,3.1,12.299,long_nclose,38.1269,0.018365057255892766,14.0
1678974660000.0,750836,1678974660000.0,0.10400000000000098,-0.0024806000000000003,2076.1582105800003,2076.36611058,-1.0,12.403,2.1,12.299,long_nclose,25.8279,0.012440236908912957,1.0
1678974720000.0,750837,1678974720000.0,0.07280000000000068,-0.00173642,2076.2292741600004,2076.4168741600006,-0.7,12.403,1.4,12.299,long_nclose,17.2186,0.00829320740936296,1.0
1678977540000.0,750884,1678977540000.0,0.24009999999999995,-0.00176988,2076.46760428,2076.71330428,-0.7,12.642,0.7,12.299,long_nclose,8.6093,0.004146127771150665,47.0
1678978620000.0,750902,1678978620000.0,0.10289999999999999,-0.0007585199999999999,2076.56974576,2076.70214576,-0.3,12.642,0.4,12.299,long_nclose,4.9196,0.002369099333188775,18.0
1678982040000.0,750959,1678982040000.0,0.0686,-0.00050568,2076.63784008,2076.70544008,-0.2,12.642,0.2,12.299,long_nclose,2.4598,0.001184510824432073,57.0
1678982100000.0,750960,1678982100000.0,0.0343,-0.00025284,2076.6718872399997,2076.7032872399996,-0.1,12.642,0.1,12.299,long_nclose,1.2299,0.0005922457021530726,1.0
1678982160000.0,750961,1678982160000.0,0.0343,-0.00025284,2076.7059343999995,2076.7059343999995,-0.1,12.642,0.0,12.299,long_nclose,0.0,0.0,1.0
1679063940000.0,752324,1679063940000.0,0.0,-0.0165009,2076.6894334999993,2076.7609334999993,6.5,12.693,6.5,12.693,long_ientry_normal,82.5045,0.03972885818605482,1363.0
1679066160000.0,752361,1679066160000.0,0.22470000000000231,-0.005376000000000001,2076.9087574999994,2077.4103574999995,-2.1,12.8,4.4,12.693,long_nclose,55.8492,0.026890540953386114,37.0
1679067780000.0,752388,1679067780000.0,0.0,-0.005578320000000001,2076.9031791799994,2076.8305791799994,2.2,12.678,6.6,12.688000000000002,long_ientry_partial,83.74080000000001,0.04032003072625776,27.0
1679069580000.0,752418,1679069580000.0,0.2353999999999946,-0.005629800000000001,2077.1329493799994,2077.6125493799996,-2.2,12.795,4.4,12.688000000000002,long_nclose,55.82720000000001,0.026877047045382338,30.0
1679069700000.0,752420,1679069700000.0,0.14979999999999655,-0.0035826,2077.2791667799997,2077.56116678,-1.4,12.795,3.0,12.688000000000002,long_nclose,38.06400000000001,0.018323969454237195,2.0
1679069820000.0,752422,1679069820000.0,0.10699999999999754,-0.002559,2077.3836077799997,2077.56960778,-1.0,12.795,2.0,12.688000000000002,long_nclose,25.376000000000005,0.012215365474611653,2.0
1679071140000.0,752444,1679071140000.0,0.0,-0.01165364,2077.3719541399996,2077.2903541399996,4.6,12.667,6.6,12.673363636363636,long_ientry_partial,83.6442,0.04026443114017462,22.0
1679073240000.0,752479,1679073240000.0,0.23460000000000003,-0.0056232,2077.600930939999,2078.0789309399993,-2.2,12.78,4.4,12.673363636363636,long_nclose,55.7628,0.026839995674612267,35.0
1679073360000.0,752481,1679073360000.0,0.14929090909090909,-0.0035784000000000002,2077.74664344909,2078.123552539999,-1.4,12.78,3.0,12.673363636363636,long_nclose,38.02009090909091,0.018298713670872307,2.0
1679077320000.0,752547,1679077320000.0,0.0,-0.0090864,2077.73755704909,2077.557666139999,3.6,12.62,6.6,12.644256198347108,long_ientry_partial,83.45209090909091,0.0401648854187407,66.0
1679078940000.0,752574,1679078940000.0,0.23483636363636118,-0.00561044,2077.9667829727264,2078.392455699999,-2.2,12.751,4.4,12.644256198347108,long_nclose,55.63472727272728,0.026773636483802012,27.0
1679079000000.0,752575,1679079000000.0,0.149441322314048,-0.00357028,2078.1126540150403,2078.462885419999,-1.4,12.751,3.0,12.644256198347108,long_nclose,37.932768595041324,0.01825347077395102,1.0
1679079300000.0,752580,1679079300000.0,0.10674380165289143,-0.0025502,2078.2168476166935,2078.4563352199993,-1.0,12.751,2.0,12.644256198347108,long_nclose,25.288512396694216,0.012168370411247109,5.0
1679080620000.0,752602,1679080620000.0,0.06404628099173486,-0.0015301199999999998,2078.279363777685,2078.455405099999,-0.6,12.751,1.4,12.644256198347108,long_nclose,17.70195867768595,0.008517603064445163,22.0
1679080860000.0,752606,1679080860000.0,0.04269752066115658,-0.0010200800000000002,2078.3210412183457,2078.4387850199987,-0.4,12.751,1.0,12.644256198347108,long_nclose,12.644256198347108,0.006083880183850152,4.0
1679083620000.0,752652,1679083620000.0,0.03202314049586743,-0.0007650599999999999,2078.3522992988414,2078.4270199599987,-0.3,12.751,0.7,12.644256198347108,long_nclose,8.850979338842976,0.0042586520782972965,46.0
1679083740000.0,752654,1679083740000.0,0.02134876033057829,-0.0005100400000000001,2078.373138019172,2078.4325099199987,-0.2,12.751,0.5,12.644256198347108,long_nclose,6.322128099173554,0.0030418638422160145,2.0
1679086200000.0,752695,1679086200000.0,0.010674380165289144,-0.00025502000000000006,2078.383557379337,2078.429854899998,-0.1,12.751,0.4,12.644256198347108,long_nclose,5.057702479338843,0.0024334788741863273,41.0
1679086320000.0,752697,1679086320000.0,0.010674380165289144,-0.00025502000000000006,2078.3939767395022,2078.429599879998,-0.1,12.751,0.3,12.644256198347108,long_nclose,3.7932768595041324,0.0018251000060416202,2.0
1679089440000.0,752749,1679089440000.0,0.035274380165289186,-0.00025994,2078.4289911796677,2078.5001399399985,-0.1,12.997,0.2,12.644256198347108,long_nclose,2.5288512396694216,0.001216712839553929,52.0
1679090160000.0,752761,1679090160000.0,0.035274380165289186,-0.00025994,2078.464005619833,2078.4998799999985,-0.1,12.997,0.1,12.644256198347108,long_nclose,1.2644256198347108,0.0006083461712187013,12.0
1679090340000.0,752764,1679090340000.0,0.035274380165289186,-0.00025994,2078.4990200599987,2078.4990200599987,-0.1,12.997,0.0,12.644256198347108,long_nclose,0.0,0.0,3.0
1679152080000.0,753793,1679152080000.0,0.0,-0.0167271,2078.4822929599986,2079.0802929599986,6.5,12.867,6.5,12.867,long_ientry_normal,83.63550000000001,0.0402387358714966,1029.0
1679152380000.0,753798,1679152380000.0,0.2289,-0.005449920000000001,2078.7057430399987,2079.2469430399988,-2.1,12.976,4.4,12.867,long_nclose,56.61480000000001,0.02723560089712545,5.0
1679152500000.0,753800,1679152500000.0,0.15259999999999996,-0.00363328,2078.8547097599985,2079.2507097599987,-1.4,12.976,3.0,12.867,long_nclose,38.601,0.018568397213510144,2.0
1679152920000.0,753807,1679152920000.0,0.10899999999999999,-0.0025952,2078.9611145599984,2079.2251145599985,-1.0,12.976,2.0,12.867,long_nclose,25.734,0.012378297900702426,7.0
1679153220000.0,753812,1679153220000.0,0.06539999999999999,-0.0015571200000000002,2079.024957439998,2079.155157439998,-0.6,12.976,1.4,12.867,long_nclose,18.0138,0.008664542450794455,5.0
1679153340000.0,753814,1679153340000.0,0.0,-0.0131223,2079.0118351399983,2079.1000351399985,5.1,12.865,6.5,12.86543076923077,long_ientry_partial,83.62530000000001,0.040223580542709504,2.0
1679153580000.0,753818,1679153580000.0,0.0,-0.01655544,2078.9952796999983,2076.9191796999985,6.6,12.542,13.1,12.702480916030535,long_rentry,166.4025,0.08003986426751873,4.0
1679153880000.0,753823,1679153880000.0,0.0,-0.016728,2078.978551699998,2076.173651699998,6.8,12.3,19.9,12.564949748743722,long_rentry,250.04250000000005,0.1202718035717772,5.0
1679157060000.0,753876,1679157060000.0,0.0,-0.023686600000000006,2078.954865099998,2069.849365099998,9.8,12.085,29.7,12.406582491582494,long_rentry,368.47550000000007,0.17724074061717368,53.0
1679157960000.0,753891,1679157960000.0,1.0337333333333014,-0.02477178,2079.9638266533316,2081.853093319998,-9.9,12.511,19.8,12.406582491582494,long_nclose,245.65033333333338,0.11810317573098641,15.0
1679158020000.0,753892,1679158020000.0,0.6891555555555342,-0.01651452,2080.636467688887,2082.146778799998,-6.6,12.511,13.2,12.406582491582494,long_nclose,163.7668888888889,0.07870999640355078,1.0
1679158200000.0,753895,1679158200000.0,0.4594370370370229,-0.01100968,2081.084895045924,2082.179769119998,-4.4,12.511,8.8,12.406582491582494,long_nclose,109.17792592592596,0.052462024103786836,3.0
1679158320000.0,753897,1679158320000.0,0.30281077441076504,-0.007256379999999999,2081.380449440335,2081.978812739998,-2.9,12.511,5.9,12.406582491582494,long_nclose,73.19883670033671,0.035168407928506895,2.0
1679158380000.0,753898,1679158380000.0,0.19839326599325985,-0.004754179999999999,2081.574088526328,2082.007758559998,-1.9,12.511,4.0,12.406582491582494,long_nclose,49.626329966329976,0.02384077042458933,1.0
1679158440000.0,753899,1679158440000.0,0.0,-0.0067581,2081.567330426328,2082.0479004599983,2.7,12.515,6.7,12.450273129302982,long_ientry_partial,83.41682996632998,0.04007404840911165,1.0
1679158920000.0,753907,1679158920000.0,0.23039911553343942,-0.005524200000000001,2081.792205341862,2082.2949762599987,-2.2,12.555,4.5,12.450273129302982,long_nclose,56.02622908186342,0.026912498249393273,8.0
1679158980000.0,753908,1679158980000.0,0.0,-0.00527604,2081.786929301862,2082.2831002199987,2.1,12.562,6.6,12.485822588161124,long_ientry_partial,82.40642908186341,0.039584468478481044,1.0
1679172360000.0,754131,1679172360000.0,0.23139030604552568,-0.00554004,2082.0127795679073,2082.510760179998,-2.2,12.591,4.4,12.485822588161124,long_nclose,54.93761938790895,0.026386782985698333,223.0
1679172600000.0,754135,1679172600000.0,0.1472483765744254,-0.0035254799999999997,2082.1565024644815,2082.430034699998,-1.4,12.591,3.0,12.485822588161124,long_nclose,37.45746776448337,0.01798974655370428,4.0
1679175960000.0,754191,1679175960000.0,0.0,-0.0091686,2082.1473338644814,2081.839766099998,3.7,12.39,6.7,12.432905636490057,long_ientry_partial,83.30046776448339,0.04000699970154229,56.0
1679181960000.0,754291,1679181960000.0,0.0,-0.0167256,2082.1306082644815,2080.945340499998,6.9,12.12,13.6,12.274152041506131,long_rentry,166.92846776448337,0.08017194843680978,100.0
1679185860000.0,754356,1679185860000.0,0.46731581322241134,-0.011140200000000001,2082.5867838777035,2083.795700299998,-4.5,12.378,9.1,12.274152041506131,long_nclose,111.69478357770579,0.053632715064931905,65.0
1679189460000.0,754416,1679189460000.0,0.31154387548160756,-0.007426800000000001,2082.8909009531853,2083.530473499998,-3.0,12.378,6.1,12.274152041506131,long_nclose,74.8723274531874,0.03594635101575597,60.0
1679189760000.0,754421,1679189760000.0,0.20769591698773837,-0.0049512,2083.093645670173,2083.5358222999976,-2.0,12.378,4.1,12.274152041506131,long_nclose,50.324023370175134,0.02415831063321442,5.0
1679189880000.0,754423,1679189880000.0,0.13500234604202996,-0.00321828,2083.225429736215,2083.530204019998,-1.3,12.378,2.8,12.274152041506131,long_nclose,34.36762571621716,0.016497314801196962,2.0
1679191200000.0,754445,1679191200000.0,0.09346316264448228,-0.00222804,2083.31666485886,2083.506375979998,-0.9,12.378,1.9,12.274152041506131,long_nclose,23.32088887886165,0.011194116224497052,22.0
1679191440000.0,754449,1679191440000.0,0.06230877509632151,-0.00148536,2083.3774882739563,2083.5436906199984,-0.6,12.378,1.3,12.274152041506131,long_nclose,15.956397653957971,0.0076589085481467796,4.0
1679192040000.0,754459,1679192040000.0,0.041539183397547676,-0.00099024,2083.4180372173537,2083.5088003799983,-0.4,12.378,0.9,12.274152041506131,long_nclose,11.046736837355517,0.005302218105066286,10.0
1679192100000.0,754460,1679192100000.0,0.031154387548160755,-0.00074268,2083.448448924902,2083.5089576999985,-0.3,12.378,0.6,12.274152041506131,long_nclose,7.364491224903678,0.0035347604730531688,1.0
1679192340000.0,754464,1679192340000.0,0.020769591698773838,-0.00049512,2083.468723396601,2083.5118625799987,-0.2,12.378,0.4,12.274152041506131,long_nclose,4.909660816602453,0.0023564840505973217,4.0
1679192520000.0,754467,1679192520000.0,0.010384795849386919,-0.00024756,2083.4788606324505,2083.5118150199987,-0.1,12.378,0.3,12.274152041506131,long_nclose,3.682245612451839,0.0017673544387842143,3.0
1679193900000.0,754490,1679193900000.0,0.010384795849386919,-0.00024756,2083.4889978683,2083.5099674599987,-0.1,12.378,0.2,12.274152041506131,long_nclose,2.4548304083012265,0.0011782305598027447,23.0
1679197740000.0,754554,1679197740000.0,0.010384795849386919,-0.00024756,2083.4991351041494,2083.509519899999,-0.1,12.378,0.1,12.274152041506131,long_nclose,1.2274152041506132,0.0005891124135692322,64.0
1679197800000.0,754555,1679197800000.0,0.010384795849386919,-0.00024756,2083.509272339999,2083.509272339999,-0.1,12.378,0.0,12.274152041506131,long_nclose,0.0,0.0,1.0
1679209620000.0,754752,1679209620000.0,0.0,-0.016722840000000003,2083.492549499999,2083.2786494999987,6.9,12.118,6.9,12.118,long_ientry_normal,83.61420000000001,0.04013174898084754,197.0
1679215740000.0,754854,1679215740000.0,0.2346000000000007,-0.0056212,2083.721528299999,2084.1953282999993,-2.3,12.22,4.6,12.118,long_nclose,55.742799999999995,0.026751559286080646,102.0
1679215860000.0,754856,1679215860000.0,0.15300000000000047,-0.0036660000000000004,2083.870862299999,2084.1839622999987,-1.5,12.22,3.1,12.118,long_nclose,37.5658,0.01802693280069096,2.0
1679215920000.0,754857,1679215920000.0,0.10200000000000031,-0.0024440000000000004,2083.9704182999985,2084.1699182999987,-1.0,12.22,2.1,12.118,long_nclose,25.4478,0.012211209802468826,1.0
1679218800000.0,754905,1679218800000.0,0.07140000000000021,-0.0017108000000000002,2084.040107499998,2084.216507499998,-0.7,12.22,1.4,12.118,long_nclose,16.9652,0.008140534310710244,48.0
1679221080000.0,754943,1679221080000.0,0.04080000000000013,-0.0009776000000000001,2084.079929899998,2084.1919298999983,-0.4,12.22,1.0,12.118,long_nclose,12.118,0.005814556258685081,38.0
1679224440000.0,754999,1679224440000.0,0.030600000000000092,-0.0007332,2084.1097966999982,2084.194496699998,-0.3,12.22,0.7,12.118,long_nclose,8.4826,0.0040701310523233655,56.0
1679224560000.0,755001,1679224560000.0,0.020400000000000064,-0.0004888000000000001,2084.1297078999983,2084.1842078999985,-0.2,12.22,0.5,12.118,long_nclose,6.059,0.0029072086910104764,2.0
1679224800000.0,755005,1679224800000.0,0.010200000000000032,-0.00024440000000000003,2084.1396634999983,2084.191263499998,-0.1,12.22,0.4,12.118,long_nclose,4.847200000000001,0.002325755842993679,4.0
1679238180000.0,755228,1679238180000.0,0.06759999999999984,-0.0004982400000000001,2084.206765259998,2084.274365259998,-0.2,12.456,0.2,12.118,long_nclose,2.4236000000000004,0.0011628404822386536,223.0
1679238240000.0,755229,1679238240000.0,0.03379999999999992,-0.00024912000000000003,2084.2403161399984,2084.2769161399983,-0.1,12.456,0.1,12.118,long_nclose,1.2118000000000002,0.0005814108817567866,1.0
1679239020000.0,755242,1679239020000.0,0.03379999999999992,-0.00024912000000000003,2084.2738670199988,2084.2738670199988,-0.1,12.456,0.0,12.118,long_nclose,0.0,0.0,13.0
1679258340000.0,755564,1679258340000.0,0.0,-0.016779679999999998,2084.2570873399986,2084.046287339999,6.8,12.338,6.8,12.338,long_ientry_normal,83.8984,0.04025338357230875,322.0
1679260080000.0,755593,1679260080000.0,0.22880000000000217,-0.005474480000000001,2084.4804128599985,2084.9542128599987,-2.2,12.442,4.6,12.338,long_nclose,56.75479999999999,0.027227312691381886,29.0
1679260140000.0,755594,1679260140000.0,0.15600000000000147,-0.0037326000000000004,2084.6326802599983,2084.930280259998,-1.5,12.442,3.1,12.338,long_nclose,38.2478,0.018347500910918118,1.0
1679260740000.0,755604,1679260740000.0,0.10400000000000098,-0.0024884,2084.734191859998,2084.9399918599984,-1.0,12.442,2.1,12.338,long_nclose,25.9098,0.012428347029164085,10.0
1679264460000.0,755666,1679264460000.0,0.0,-0.011577040000000002,2084.7226148199984,2084.6968148199985,4.7,12.316,6.8,12.32279411764706,long_ientry_partial,83.795,0.04019479589481746,62.0
1679268000000.0,755725,1679268000000.0,0.22925294117646688,-0.0054678800000000005,2084.946399881175,2085.375146939998,-2.2,12.427,4.6,12.32279411764706,long_nclose,56.68485294117647,0.027187678754910464,59.0
1679268120000.0,755727,1679268120000.0,0.15630882352940922,-0.0037281000000000003,2085.098980604704,2085.409618839998,-1.5,12.427,3.1,12.32279411764706,long_nclose,38.200661764705885,0.01832079058118729,2.0
1679268240000.0,755729,1679268240000.0,0.10420588235293948,-0.0024854,2085.200701087057,2085.398533439998,-1.0,12.427,2.1,12.32279411764706,long_nclose,25.877867647058828,0.012410252707841588,2.0
1679268360000.0,755731,1679268360000.0,0.07294411764705763,-0.0017397799999999998,2085.271905424704,2085.4401936599984,-0.7,12.427,1.4,12.32279411764706,long_nclose,17.251911764705884,0.008273219295683271,2.0
1679270040000.0,755759,1679270040000.0,0.0,-0.01327644,2085.258628984704,2084.9925172199983,5.4,12.293,6.8,12.299134083044983,long_ientry_partial,83.63411176470588,0.04010730880199099,28.0
1679277960000.0,755891,1679277960000.0,0.22850501730103867,-0.005457320000000001,2085.481676682005,2085.982459899998,-2.2,12.403,4.6,12.299134083044983,long_nclose,56.57601678200692,0.027128513002338716,132.0
1679278200000.0,755895,1679278200000.0,0.15579887543252635,-0.0037209000000000005,2085.6337546574373,2085.961938999998,-1.5,12.403,3.1,12.299134083044983,long_nclose,38.127315657439446,0.018280925676570577,4.0
1679278320000.0,755897,1679278320000.0,0.10386591695501757,-0.0024806000000000003,2085.735139974392,2085.9469583999976,-1.0,12.403,2.1,12.299134083044983,long_nclose,25.828181574394467,0.012383250912055678,2.0
1679278380000.0,755898,1679278380000.0,0.07270614186851229,-0.00173642,2085.8061096962606,2085.945921979998,-0.7,12.403,1.4,12.299134083044983,long_nclose,17.218787716262973,0.00825521971396009,1.0
1679278440000.0,755899,1679278440000.0,0.04154636678200703,-0.0009922400000000001,2085.8466638230425,2085.9675297399976,-0.4,12.403,1.0,12.299134083044983,long_nclose,12.299134083044983,0.00589647086545783,1.0
1679279460000.0,755916,1679279460000.0,0.03115977508650527,-0.00074418,2085.877079418129,2085.947685559998,-0.3,12.403,0.7,12.299134083044983,long_nclose,8.609393858131487,0.004127469419498651,17.0
1679279520000.0,755917,1679279520000.0,0.020773183391003515,-0.0004961200000000001,2085.89735648152,2085.9482894399976,-0.2,12.403,0.5,12.299134083044983,long_nclose,6.1495670415224915,0.0029481637830423,1.0
1679279580000.0,755918,1679279580000.0,0.010386591695501757,-0.00024806000000000003,2085.9074950132153,2085.9406413799975,-0.1,12.403,0.4,12.299134083044983,long_nclose,4.919653633217994,0.002358519562818305,1.0
1679280240000.0,755929,1679280240000.0,0.0,-0.015608320000000004,2085.8918866932154,2085.761433059997,6.4,12.194,6.8,12.200184357826178,long_ientry_partial,82.961253633218,0.0397725568436518,11.0
1679281080000.0,755943,1679281080000.0,0.22619441278241084,-0.005413320000000001,2086.1126677859975,2086.590219739997,-2.2,12.303,4.6,12.200184357826178,long_nclose,56.12084804600041,0.026902117470750882,14.0
1679282460000.0,755966,1679282460000.0,0.0,-0.00559958,2086.1070682059976,2085.899220159997,2.3,12.173,6.9,12.191122905217451,long_ientry_partial,84.11874804600042,0.04032331289608282,23.0
1679284860000.0,756006,1679284860000.0,0.0,-0.016637600000000002,2086.0904306059974,2084.541182559997,7.0,11.884,13.9,12.036456693956865,long_rentry,167.30674804600042,0.08020110038920929,40.0
1679298180000.0,756228,1679298180000.0,0.46709920779842196,-0.01116696,2086.546362853796,2087.407015599997,-4.6,12.138,9.3,12.036456693956865,long_nclose,111.93904725379885,0.05364800382422291,222.0
1679298240000.0,756229,1679298240000.0,0.3147842487337192,-0.007525560000000001,2086.8536215425297,2087.563790039997,-3.1,12.138,6.2,12.036456693956865,long_nclose,74.62603150253257,0.03576006995994841,1.0
1679298420000.0,756232,1679298420000.0,0.20308661208627043,-0.0048552000000000005,2087.051852954616,2087.5287348399975,-2.0,12.138,4.2,12.036456693956865,long_nclose,50.55311811461883,0.024222262634755024,3.0
1679298600000.0,756235,1679298600000.0,0.1421606284603893,-0.0033986399999999996,2087.1906149430765,2087.5281361999973,-1.4,12.138,2.8,12.036456693956865,long_nclose,33.70207874307922,0.01614710151616812,3.0
1679301360000.0,756281,1679301360000.0,0.0913889754388217,-0.0021848400000000004,2087.279819078515,2087.484151359997,-0.9,12.138,1.9,12.036456693956865,long_nclose,22.869267718518042,0.010956493475136594,46.0
1679302440000.0,756299,1679302440000.0,0.06092598362588113,-0.00145656,2087.3392885021412,2087.4595947999974,-0.6,12.138,1.3,12.036456693956865,long_nclose,15.647393702143924,0.007496334586492824,18.0
1679302500000.0,756300,1679302500000.0,0.04061732241725409,-0.00097104,2087.3789347845586,2087.4748237599974,-0.4,12.138,0.9,12.036456693956865,long_nclose,10.83281102456118,0.005189671527311475,1.0
1679302620000.0,756302,1679302620000.0,0.030462991812940564,-0.00072828,2087.408669496371,2087.471995479997,-0.3,12.138,0.6,12.036456693956865,long_nclose,7.221874016374119,0.003459731734330939,2.0
1679302800000.0,756305,1679302800000.0,0.020308661208627045,-0.00048552,2087.42849263758,2087.466709959997,-0.2,12.138,0.4,12.036456693956865,long_nclose,4.814582677582746,0.002306465919462112,3.0
1679302920000.0,756307,1679302920000.0,0.010154330604313522,-0.00024276,2087.438404208184,2087.4706671999966,-0.1,12.138,0.3,12.036456693956865,long_nclose,3.6109370081870593,0.0017298412259291434,2.0
1679304660000.0,756336,1679304660000.0,0.010154330604313522,-0.00024276,2087.4483157787877,2087.4698244399965,-0.1,12.138,0.2,12.036456693956865,long_nclose,2.407291338791373,0.0011532220082264685,29.0
1679304900000.0,756340,1679304900000.0,0.010154330604313522,-0.00024276,2087.4582273493916,2087.466981679996,-0.1,12.138,0.1,12.036456693956865,long_nclose,1.2036456693956865,0.000576608266276087,4.0
1679331240000.0,756779,1679331240000.0,0.0,-0.016542400000000002,2087.4416849493914,2087.0362392799957,7.0,11.816,7.1,11.819105023858548,long_ientry_partial,83.91564566939569,0.040200234705684804,439.0
1679340180000.0,756928,1679340180000.0,0.0,-0.01659168,2087.4250932693913,2085.2012475999954,7.2,11.522,14.3,11.669513683174522,long_rentry,166.87404566939566,0.07994253121103964,149.0
1679382660000.0,757636,1679382660000.0,0.0,-0.016724000000000003,2087.408369269391,2082.8621235999954,7.4,11.3,21.7,11.543504408727912,long_rentry,250.4940456693957,0.12000241512736222,708.0
1679394300000.0,757830,1679394300000.0,0.7019682571590309,-0.016763040000000003,2088.09357448655,2089.2317605599956,-7.2,11.641,14.5,11.543504408727912,long_nclose,167.38081392655474,0.08015963267724374,194.0
1679398740000.0,757904,1679398740000.0,0.4679788381060206,-0.01117536,2088.550377964656,2089.4863851999953,-4.8,11.641,9.7,11.543504408727912,long_nclose,111.97199276466074,0.05361230159733098,74.0
1679398800000.0,757905,1679398800000.0,0.3119858920706804,-0.007450240000000001,2088.854913616727,2089.521134959996,-3.2,11.641,6.5,11.543504408727912,long_nclose,75.03277865673144,0.03592053146803608,1.0
1679401500000.0,757950,1679401500000.0,0.204740741671384,-0.0048892200000000005,2089.054765138398,2089.571745739995,-2.1,11.641,4.4,11.543504408727912,long_nclose,50.791419398402816,0.02431311052539014,45.0
1679403180000.0,757978,1679403180000.0,0.7072903007985932,-0.005220600000000001,2089.7568348391965,2090.448725139995,-2.2,11.865,2.2,11.543504408727912,long_nclose,25.395709699201408,0.01215247117550668,28.0
1679403300000.0,757980,1679403300000.0,0.3536451503992966,-0.0026103000000000003,2090.1078696895956,2090.4538148399947,-1.1,11.865,1.1,11.543504408727912,long_nclose,12.697854849600704,0.006075215080399882,2.0
1679403360000.0,757981,1679403360000.0,0.1607477956360439,-0.0011865,2090.2674309852314,2090.4429283399945,-0.5,11.865,0.6,11.543504408727912,long_nclose,6.926102645236747,0.003313500723671603,1.0
1679403480000.0,757983,1679403480000.0,0.09644867738162634,-0.0007119,2090.3631677626126,2090.459616439994,-0.3,11.865,0.3,11.543504408727912,long_nclose,3.4630513226183735,0.0016566744841399956,2.0
1679403540000.0,757984,1679403540000.0,0.032149559127208786,-0.00023730000000000002,2090.3950800217394,2090.460579139994,-0.1,11.865,0.2,11.543504408727912,long_nclose,2.3087008817455827,0.0011044327954128044,1.0
1679403720000.0,757987,1679403720000.0,0.032149559127208786,-0.00023730000000000002,2090.426992280866,2090.4563418399935,-0.1,11.865,0.1,11.543504408727912,long_nclose,1.1543504408727914,0.0005522079676235327,3.0
1679403780000.0,757988,1679403780000.0,0.032149559127208786,-0.00023730000000000002,2090.458904539993,2090.458904539993,-0.1,11.865,0.0,11.543504408727912,long_nclose,0.0,0.0,1.0
1679505420000.0,759682,1679505420000.0,0.0,-0.016692480000000003,2090.442212059993,2090.406212059993,7.2,11.592,7.2,11.592,long_ientry_normal,83.4624,0.039925715008286844,1694.0
1679507580000.0,759718,1679507580000.0,0.23519999999999752,-0.005611199999999999,2090.671800859993,2091.0942008599927,-2.4,11.69,4.8,11.592,long_nclose,55.641600000000004,0.026614220355921942,36.0
1679507880000.0,759723,1679507880000.0,0.15679999999999839,-0.0037408000000000003,2090.824860059993,2091.138460059993,-1.6,11.69,3.2,11.592,long_nclose,37.0944,0.017741514704840287,5.0
1679507940000.0,759724,1679507940000.0,0.09799999999999898,-0.002338,2090.9205220599933,2091.1053220599933,-1.0,11.69,2.2,11.592,long_nclose,25.5024,0.012196733319578695,1.0
1679508000000.0,759725,1679508000000.0,0.06859999999999927,-0.0016366,2090.9874854599934,2091.2439854599934,-0.7,11.69,1.5,11.592,long_nclose,17.388,0.008315688219518369,1.0
1679508120000.0,759727,1679508120000.0,0.04899999999999949,-0.001169,2091.0353164599933,2091.175316459993,-0.5,11.69,1.0,11.592,long_nclose,11.592,0.005543665335899067,2.0
1679510100000.0,759760,1679510100000.0,0.0,-0.014341840000000003,2091.0209746199935,2091.4485746199935,6.2,11.566,7.2,11.569611111111112,long_ientry_partial,83.30120000000001,0.03983757265521382,33.0
1679510160000.0,759761,1679510160000.0,0.0,-0.01669292,2091.0042816999935,2089.3644816999936,7.4,11.279,14.6,11.422315068493152,long_rentry,166.7658,0.07975392564209331,1.0
1679510160000.0,759761,1679510160000.0,0.0,-0.01681272,2090.9874689799935,2091.2400689799933,7.6,11.061,22.2,11.298621621621622,long_rentry,250.82940000000002,0.11995739033403072,0.0
1679510220000.0,759762,1679510220000.0,0.7057999999999951,-0.016863120000000002,2091.676405859994,2094.257205859994,-7.4,11.394,14.8,11.298621621621622,long_nclose,167.2196,0.07994525325787552,1.0
1679510760000.0,759771,1679510760000.0,2.3337999999999997,-0.01718872,2093.9930171399938,2096.4304171399936,-7.4,11.614,7.4,11.298621621621622,long_nclose,83.6098,0.039928404400409845,9.0
1679511240000.0,759779,1679511240000.0,1.1668999999999998,-0.00859436,2095.1513227799937,2096.2627227799935,-3.7,11.614,3.7,11.298621621621622,long_nclose,41.8049,0.019953164979286713,8.0
1679511300000.0,759780,1679511300000.0,0.0,-0.00831456,2095.1430082199936,2096.007308219994,3.6,11.548,7.3,11.421602739726028,long_ientry_partial,83.3777,0.03979570829908963,1.0
1679511420000.0,759782,1679511420000.0,0.2313534246575344,-0.0055286400000000005,2095.368833004651,2095.8852795799935,-2.4,11.518,4.9,11.421602739726028,long_nclose,55.96585342465754,0.026709308902149405,2.0
1679511480000.0,759783,1679511480000.0,0.0,-0.005532959999999999,2095.363300044651,2095.4782466199936,2.4,11.527,7.3,11.456253893788704,long_ientry_partial,83.63065342465754,0.039912245013967465,1.0
1679511960000.0,759791,1679511960000.0,0.0,-0.016752,2095.346548044651,2093.9526946199935,7.5,11.168,14.8,11.31017928544983,long_rentry,167.3906534246575,0.0798868586109845,8.0
1679514420000.0,759832,1679514420000.0,0.0,-0.01686608,2095.329681964651,2090.0736285399935,7.7,10.952,22.5,11.187602374429222,long_rentry,251.7210534246575,0.12013434238598454,41.0
1679520660000.0,759936,1679520660000.0,0.707982191780836,-0.016923,2096.020741156432,2097.3767055399935,-7.5,11.282,15.0,11.187602374429222,long_nclose,167.81403561643833,0.08006315601812734,104.0
1679520720000.0,759937,1679520720000.0,0.47198812785389066,-0.011282,2096.481447284286,2097.375423539994,-5.0,11.282,10.0,11.187602374429222,long_nclose,111.87602374429221,0.05336370798282655,1.0
1679520780000.0,759938,1679520780000.0,0.3115121643835678,-0.00744612,2096.7855133286694,2097.4246774199937,-3.3,11.282,6.7,11.187602374429222,long_nclose,74.95693590867579,0.03574849951613832,1.0
1679520900000.0,759940,1679520900000.0,0.2076747762557119,-0.004964080000000001,2096.9882240249253,2097.390513339994,-2.2,11.282,4.5,11.187602374429222,long_nclose,50.3442106849315,0.024007865236506495,2.0
1679521020000.0,759942,1679521020000.0,0.0,-0.00675,2096.9814740249253,2097.209763339994,3.0,11.25,7.5,11.212561424657533,long_ientry_partial,84.0942106849315,0.04010250530421802,2.0
1679527800000.0,760055,1679527800000.0,0.23609643835616811,-0.0056535000000000005,2097.2119169632815,2097.7091098399937,-2.5,11.307,5.0,11.212561424657533,long_nclose,56.06280712328767,0.026732065877474807,113.0
1679528520000.0,760067,1679528520000.0,0.1511017205479476,-0.0036182400000000004,2097.3594004438296,2097.711091599994,-1.6,11.307,3.4,11.212561424657533,long_nclose,38.12270884383561,0.018176526557998753,12.0
1679528700000.0,760070,1679528700000.0,0.10388243287671398,-0.0024875400000000003,2097.4607953367063,2097.671104059994,-1.1,11.307,2.3,11.212561424657533,long_nclose,25.788891276712324,0.012295291208326219,3.0
1679528880000.0,760073,1679528880000.0,0.06610700273972707,-0.0015829799999999999,2097.525319359446,2097.681221079994,-0.7,11.307,1.6,11.212561424657533,long_nclose,17.940098279452055,0.008552982943219347,3.0
1679530260000.0,760096,1679530260000.0,0.04721928767123362,-0.0011307,2097.571407947117,2097.675290379994,-0.5,11.307,1.1,11.212561424657533,long_nclose,12.333817567123287,0.005880046572142368,23.0
1679530320000.0,760097,1679530320000.0,0.028331572602740173,-0.0006784200000000001,2097.59906109972,2097.664211959994,-0.3,11.307,0.8,11.212561424657533,long_nclose,8.970049139726028,0.004276341130236418,1.0
1679530440000.0,760099,1679530440000.0,0.01888771506849345,-0.00045228000000000005,2097.6174965347886,2097.6885596799943,-0.2,11.307,0.6,11.212561424657533,long_nclose,6.727536854794519,0.0032072276599085588,2.0
1679533740000.0,760154,1679533740000.0,0.01888771506849345,-0.00045228000000000005,2097.635931969857,2097.674507399994,-0.2,11.307,0.4,11.212561424657533,long_nclose,4.485024569863014,0.0021381329817568473,55.0
1679534460000.0,760166,1679534460000.0,0.009443857534246725,-0.00022614000000000003,2097.6451496873915,2097.6689812599943,-0.1,11.307,0.3,11.212561424657533,long_nclose,3.3637684273972597,0.0016035926895922108,12.0
1679537940000.0,760224,1679537940000.0,0.009443857534246725,-0.00022614000000000003,2097.654367404926,2097.6730551199944,-0.1,11.307,0.2,11.212561424657533,long_nclose,2.242512284931507,0.0010690570952858118,58.0
1679538000000.0,760225,1679538000000.0,0.009443857534246725,-0.00022614000000000003,2097.66358512246,2097.673128979994,-0.1,11.307,0.1,11.212561424657533,long_nclose,1.1212561424657534,0.000534526198775718,1.0
1679538240000.0,760229,1679538240000.0,0.009443857534246725,-0.00022614000000000003,2097.6728028399943,2097.6728028399943,-0.1,11.307,0.0,11.212561424657533,long_nclose,0.0,0.0,4.0
1679647860000.0,762056,1679647860000.0,0.0,-0.016835,2097.6559678399944,2097.7151678399946,7.4,11.375,7.4,11.375,long_ientry_normal,84.175,0.04012812457834874,1827.0
1679680140000.0,762594,1679680140000.0,0.0,-0.01685528,2097.6391125599944,2095.6277125599945,7.6,11.089,15.0,11.230093333333333,long_rentry,168.45139999999998,0.08030523410407762,538.0
1679706060000.0,763026,1679706060000.0,0.4745333333333335,-0.011325,2098.102320893328,2098.9313875599946,-5.0,11.325,10.0,11.230093333333333,long_nclose,112.30093333333332,0.05352500314928298,432.0
1679773860000.0,764156,1679773860000.0,0.0,-0.01682142,2098.085499473328,2095.067666139995,7.7,10.923,17.7,11.096499058380415,long_rentry,196.40803333333332,0.09361297877643053,1130.0
1679791680000.0,764453,1679791680000.0,0.5516555555555496,-0.013204200000000001,2098.6239508288836,2099.6328619399947,-5.9,11.19,11.8,11.096499058380415,long_nclose,130.9386888888889,0.062392640109331,297.0
1679792700000.0,764470,1679792700000.0,0.3646536723163802,-0.0087282,2098.9798763012,2099.742233739995,-3.9,11.19,7.9,11.096499058380415,long_nclose,87.66234256120528,0.04176426060629172,17.0
1679793480000.0,764483,1679793480000.0,0.24310244821092014,-0.005818800000000001,2099.217159949411,2099.7233149399945,-2.6,11.19,5.3,11.096499058380415,long_nclose,58.8114450094162,0.028015893796730158,13.0
1679796000000.0,764525,1679796000000.0,0.15895160075329393,-0.0038046,2099.3723069501643,2099.730510339995,-1.7,11.19,3.6,11.096499058380415,long_nclose,39.94739661016949,0.019028257388134528,42.0
1679800200000.0,764595,1679800200000.0,0.11220112994350159,-0.0026856,2099.481822480108,2099.720624739995,-1.2,11.19,2.4,11.096499058380415,long_nclose,26.631597740112994,0.012684843209860809,70.0
1679809860000.0,764756,1679809860000.0,0.07480075329566774,-0.0017904000000000002,2099.5548328334035,2099.710834339995,-0.8,11.19,1.6,11.096499058380415,long_nclose,17.754398493408665,0.008456268069669154,161.0
1679810040000.0,764759,1679810040000.0,0.04675047080979233,-0.001119,2099.6004643042133,2099.707715339995,-0.5,11.19,1.1,11.096499058380415,long_nclose,12.206148964218457,0.005813557946732238,3.0
1679810400000.0,764765,1679810400000.0,0.028050282485875398,-0.0006714,2099.627843186699,2099.7098439399947,-0.3,11.19,0.8,11.096499058380415,long_nclose,8.877199246704333,0.004227987009941253,6.0
1679810520000.0,764767,1679810520000.0,0.018700188323916934,-0.00044760000000000004,2099.646095775023,2099.7039963399943,-0.2,11.19,0.6,11.096499058380415,long_nclose,6.6578994350282485,0.003170962691486672,2.0
1679811120000.0,764777,1679811120000.0,0.018700188323916934,-0.00044760000000000004,2099.6643483633466,2099.7029487399946,-0.2,11.19,0.4,11.096499058380415,long_nclose,4.438599623352166,0.0021139567506644483,10.0
1679813520000.0,764817,1679813520000.0,0.009350094161958467,-0.00022380000000000002,2099.6734746575085,2099.7021249399945,-0.1,11.19,0.3,11.096499058380415,long_nclose,3.3289497175141243,0.0015854606717156966,40.0
1679813760000.0,764821,1679813760000.0,0.009350094161958467,-0.00022380000000000002,2099.6826009516703,2099.7021011399943,-0.1,11.19,0.2,11.096499058380415,long_nclose,2.219299811676083,0.0010569691869953093,4.0
1679814300000.0,764830,1679814300000.0,0.009350094161958467,-0.00022380000000000002,2099.691727245832,2099.701377339994,-0.1,11.19,0.1,11.096499058380415,long_nclose,1.1096499058380416,0.0005284822964433786,9.0
1679814660000.0,764836,1679814660000.0,0.009350094161958467,-0.00022380000000000002,2099.700853539994,2099.700853539994,-0.1,11.19,0.0,11.096499058380415,long_nclose,0.0,0.0,6.0
1679927100000.0,766710,1679927100000.0,0.0,-0.016824500000000003,2099.684029039994,2099.614729039994,7.7,10.925,7.7,10.925,long_ientry_normal,84.1225,0.04006436151179472,1874.0
1679929320000.0,766747,1679929320000.0,0.0,-0.016827,2099.667202039994,2097.518502039994,7.9,10.65,15.6,10.785737179487182,long_rentry,168.25750000000002,0.08013531850977357,37.0
1679933940000.0,766824,1679933940000.0,0.4745666666666587,-0.011312080000000002,2100.130456626661,2100.861189959994,-5.2,10.877,10.4,10.785737179487182,long_nclose,112.1716666666667,0.05341176130879159,77.0
1679934240000.0,766829,1679934240000.0,0.3102935897435845,-0.00739636,2100.4333538564047,2101.0791935999946,-3.4,10.877,7.0,10.785737179487182,long_nclose,75.50016025641027,0.03594503968325948,5.0
1679934540000.0,766834,1679934540000.0,0.20990448717948362,-0.00500342,2100.638254923584,2101.0859901799945,-2.3,10.877,4.7,10.785737179487182,long_nclose,50.692964743589755,0.024132172507461944,5.0
1679941140000.0,766944,1679941140000.0,0.13689423076922846,-0.0032631,2100.771886054353,2101.0543270799944,-1.5,10.877,3.2,10.785737179487182,long_nclose,34.514358974358984,0.01642937017744629,110.0
1679941200000.0,766945,1679941200000.0,0.09126282051281898,-0.0021754,2100.860973474866,2101.035351679994,-1.0,10.877,2.2,10.785737179487182,long_nclose,23.728621794871803,0.01129471302216833,1.0
1679941560000.0,766951,1679941560000.0,0.06388397435897328,-0.00152278,2100.923334669225,2101.0662288999943,-0.7,10.877,1.5,10.785737179487182,long_nclose,16.17860576923077,0.007700712111790587,6.0
1679941680000.0,766953,1679941680000.0,0.04563141025640949,-0.0010877,2100.967878379481,2101.052141199994,-0.5,10.877,1.0,10.785737179487182,long_nclose,10.785737179487182,0.005133699229997956,2.0
1679967540000.0,767384,1679967540000.0,0.02737884615384569,-0.00065262,2100.994604605635,2101.050788579994,-0.3,10.877,0.7,10.785737179487182,long_nclose,7.5500160256410265,0.0035935437478470797,431.0
1679967600000.0,767385,1679967600000.0,0.018252564102563797,-0.00043508000000000007,2101.0124220897374,2101.0520534999937,-0.2,10.877,0.5,10.785737179487182,long_nclose,5.392868589743591,0.002566795195042047,1.0
1679967660000.0,767386,1679967660000.0,0.009126282051281898,-0.00021754000000000003,2101.0213308317884,2101.0494359599934,-0.1,10.877,0.4,10.785737179487182,long_nclose,4.314294871794873,0.00205342744906205,1.0
1679985420000.0,767682,1679985420000.0,0.009126282051281898,-0.00021754000000000003,2101.0302395738395,2101.064818419993,-0.1,10.877,0.3,10.785737179487182,long_nclose,3.2357211538461543,0.0015400640566232255,296.0
1679985720000.0,767687,1679985720000.0,0.009126282051281898,-0.00021754000000000003,2101.0391483158905,2101.056400879993,-0.1,10.877,0.2,10.785737179487182,long_nclose,2.1571474358974365,0.0010267050176701945,5.0
1679985900000.0,767690,1679985900000.0,0.009126282051281898,-0.00021754000000000003,2101.0480570579416,2101.057583339993,-0.1,10.877,0.1,10.785737179487182,long_nclose,1.0785737179487183,0.0005133503321475782,3.0
1679990700000.0,767770,1679990700000.0,0.009126282051281898,-0.00021754000000000003,2101.0569657999927,2101.0569657999927,-0.1,10.877,0.0,10.785737179487182,long_nclose,0.0,0.0,80.0
1680145800000.0,770355,1680145800000.0,0.0,-0.0167265,2101.0402392999927,2101.0177392999926,7.5,11.151,7.5,11.151,long_ientry_normal,83.6325,0.03980528237187118,2585.0
1680208560000.0,771401,1680208560000.0,0.23499999999999854,-0.0056225,2101.269616799993,2101.709616799993,-2.5,11.245,5.0,11.151,long_nclose,55.754999999999995,0.026533958114765326,1046.0
1680208620000.0,771402,1680208620000.0,0.1503999999999991,-0.0035984000000000003,2101.416418399993,2101.705418399993,-1.6,11.245,3.4,11.151,long_nclose,37.913399999999996,0.01804183105643909,1.0
1680248400000.0,772065,1680248400000.0,0.0,-0.00943764,2101.4069807599926,2101.2209807599925,4.3,10.974,7.7,11.052155844155845,long_ientry_partial,85.1016,0.040497438515799664,663.0
1680253920000.0,772157,1680253920000.0,0.23461038961039016,-0.005573000000000001,2101.636018149603,2102.1292077599924,-2.5,11.146,5.2,11.052155844155845,long_nclose,57.47121038961039,0.02734593901764742,92.0
1680268620000.0,772402,1680268620000.0,0.1595350649350653,-0.0037896400000000004,2101.791763574538,2102.1587181199925,-1.7,11.146,3.5,11.052155844155845,long_nclose,38.682545454545455,0.01840455659068607,245.0
1680275100000.0,772510,1680275100000.0,0.523335064935063,-0.0038623999999999998,2102.311236239473,2102.881555719993,-1.7,11.36,1.8,11.052155844155845,long_nclose,19.893880519480522,0.009462861719307493,108.0
1680275580000.0,772518,1680275580000.0,0.27705974025973923,-0.0020448000000000003,2102.5862511797327,2102.8777109199923,-0.9,11.36,0.9,11.052155844155845,long_nclose,9.946940259740261,0.004730811996016414,8.0
1680276600000.0,772535,1680276600000.0,0.12313766233766188,-0.0009088,2102.7084800420703,2102.8634021199923,-0.4,11.36,0.5,11.052155844155845,long_nclose,5.526077922077922,0.0026280761097074944,17.0
1680276720000.0,772537,1680276720000.0,0.06156883116883094,-0.0004544,2102.769594473239,2102.8601477199923,-0.2,11.36,0.3,11.052155844155845,long_nclose,3.3156467532467535,0.0015767998367302576,2.0
1680285420000.0,772682,1680285420000.0,0.009384415584415606,-0.00022292000000000001,2102.7787559688236,2102.7957247999925,-0.1,11.146,0.2,11.052155844155845,long_nclose,2.210431168831169,0.0010511953112312788,145.0
1680285540000.0,772684,1680285540000.0,0.009384415584415606,-0.00022292000000000001,2102.787917464408,2102.7970018799924,-0.1,11.146,0.1,11.052155844155845,long_nclose,1.1052155844155844,0.0005255953656744803,2.0
1680285600000.0,772685,1680285600000.0,0.009384415584415606,-0.00022292000000000001,2102.7970789599926,2102.7970789599926,-0.1,11.146,0.0,11.052155844155845,long_nclose,0.0,0.0,1.0
1680447720000.0,775387,1680447720000.0,0.0,-0.016746,2102.780332959993,2102.6678329599927,7.5,11.164,7.5,11.164,long_ientry_normal,83.73,0.03981870987072478,2702.0
1680486180000.0,776028,1680486180000.0,0.0,-0.016761360000000003,2102.7635715999927,2100.1011715999925,7.7,10.884,15.2,11.022157894736843,long_rentry,167.5368,0.07967457790441046,641.0
1680486300000.0,776030,1680486300000.0,0.0,-0.016864920000000002,2102.7467066799927,2099.3027066799928,7.9,10.674,23.1,10.903090909090908,long_rentry,251.8614,0.11977733656644819,2.0
1680505200000.0,776345,1680505200000.0,0.707700000000002,-0.016932299999999997,2103.4374743799926,2104.7912743799925,-7.7,10.995,15.4,10.903090909090908,long_nclose,167.90759999999997,0.07982533450369961,315.0
1680505260000.0,776346,1680505260000.0,0.4687363636363649,-0.0112149,2103.8949958436287,2104.8931594799924,-5.1,10.995,10.3,10.903090909090908,long_nclose,112.30183636363635,0.053378061445792394,1.0
1680505860000.0,776356,1680505860000.0,0.31249090909090993,-0.007476599999999999,2104.2000101527196,2104.8410828799924,-3.4,10.995,6.9,10.903090909090908,long_nclose,75.23132727272727,0.035752935514560276,10.0
1680505980000.0,776358,1680505980000.0,0.21139090909090966,-0.005057699999999999,2104.4063433618103,2104.838325179992,-2.3,10.995,4.6,10.903090909090908,long_nclose,50.15421818181817,0.02383295333623463,2.0
1680512400000.0,776465,1680512400000.0,0.6989909090909131,-0.00515522,2105.1001790509013,2105.822169959992,-2.3,11.207,2.3,10.903090909090908,long_nclose,25.077109090909087,0.01191254902757895,107.0
1680513000000.0,776475,1680513000000.0,0.334300000000002,-0.0024655400000000004,2105.4320135109015,2105.8099044199926,-1.1,11.207,1.2,10.903090909090908,long_nclose,13.083709090909089,0.006214263394376446,10.0
1680513300000.0,776480,1680513300000.0,0.18234545454545562,-0.0013448400000000001,2105.613014125447,2105.7947595799924,-0.6,11.207,0.6,10.903090909090908,long_nclose,6.5418545454545445,0.00310686460501939,5.0
1680513360000.0,776481,1680513360000.0,0.09117272727272781,-0.0006724200000000001,2105.70351443272,2105.795587159993,-0.3,11.207,0.3,10.903090909090908,long_nclose,3.2709272727272722,0.0015533655380769336,1.0
1680514740000.0,776504,1680514740000.0,0.03039090909090927,-0.00022414,2105.733681201811,2105.794063019993,-0.1,11.207,0.2,10.903090909090908,long_nclose,2.180618181818182,0.0010355621896942027,23.0
1680514800000.0,776505,1680514800000.0,0.03039090909090927,-0.00022414,2105.763847970902,2105.794138879993,-0.1,11.207,0.1,10.903090909090908,long_nclose,1.090309090909091,0.0005177736772144247,1.0
1680514860000.0,776506,1680514860000.0,0.03039090909090927,-0.00022414,2105.794014739993,2105.794014739993,-0.1,11.207,0.0,10.903090909090908,long_nclose,0.0,0.0,1.0
1680552840000.0,777139,1680552840000.0,0.0,-0.016793699999999998,2105.777221039993,2105.715621039993,7.7,10.905,7.7,10.905,long_ientry_normal,83.96849999999999,0.039875300749302414,633.0
1680560340000.0,777264,1680560340000.0,0.23000000000000131,-0.0054985,2106.001722539993,2106.5061225399927,-2.5,10.997,5.2,10.905,long_nclose,56.705999999999996,0.026925903902684557,125.0
1680560760000.0,777271,1680560760000.0,0.1564000000000009,-0.0037389800000000003,2106.1543835599928,2106.469383559993,-1.7,10.997,3.5,10.905,long_nclose,38.1675,0.018121890920211745,7.0
1680560880000.0,777273,1680560880000.0,0.10120000000000058,-0.0024193400000000003,2106.253164219993,2106.5219642199927,-1.1,10.997,2.4,10.905,long_nclose,26.171999999999997,0.012425856703551709,2.0
1680564300000.0,777330,1680564300000.0,0.3648000000000003,-0.00269016,2106.6152740599928,2106.9800740599926,-1.2,11.209,1.2,10.905,long_nclose,13.085999999999999,0.006211860400489687,57.0
1680564360000.0,777331,1680564360000.0,0.18240000000000015,-0.00134508,2106.7963289799927,2106.9631289799927,-0.6,11.209,0.6,10.905,long_nclose,6.542999999999999,0.0031056632812569017,1.0
1680564660000.0,777336,1680564660000.0,0.09120000000000007,-0.00067254,2106.8868564399927,2106.976856439993,-0.3,11.209,0.3,10.905,long_nclose,3.2714999999999996,0.0015527649194830774,5.0
1680564720000.0,777337,1680564720000.0,0.030400000000000028,-0.00022418,2106.917032259993,2106.978832259993,-0.1,11.209,0.2,10.905,long_nclose,2.181,0.0010351617869169445,1.0
1680565680000.0,777353,1680565680000.0,0.030400000000000028,-0.00022418,2106.9472080799933,2106.9782080799932,-0.1,11.209,0.1,10.905,long_nclose,1.0905,0.0005175734806349251,16.0
1680565800000.0,777355,1680565800000.0,0.030400000000000028,-0.00022418,2106.9773838999936,2106.9773838999936,-0.1,11.209,0.0,10.905,long_nclose,0.0,0.0,2.0
1680703860000.0,779656,1680703860000.0,0.0,-0.016815,2106.9605688999936,2107.1105688999937,7.5,11.21,7.5,11.21,long_ientry_normal,84.075,0.03990345203465011,2301.0
1680704640000.0,779669,1680704640000.0,0.23749999999999716,-0.0056525,2107.192416399994,2107.6824163999936,-2.5,11.305,5.0,11.21,long_nclose,56.050000000000004,0.026599374392091785,13.0
1680705060000.0,779676,1680705060000.0,0.1519999999999982,-0.0036176000000000003,2107.340798799994,2107.711398799994,-1.6,11.305,3.4,11.21,long_nclose,38.114000000000004,0.01808630100157681,7.0
1680706860000.0,779706,1680706860000.0,0.0,-0.009186459999999999,2107.331612339994,2107.382812339994,4.1,11.203,7.5,11.206173333333332,long_ientry_partial,84.04629999999999,0.03988280700951212,30.0
1680709680000.0,779753,1680709680000.0,0.23706666666666987,-0.0056505,2107.563028506661,2107.9721618399944,-2.5,11.301,5.0,11.206173333333332,long_nclose,56.03086666666666,0.026585618512376355,47.0
1680709800000.0,779755,1680709800000.0,0.15172266666666873,-0.0036163200000000006,2107.711134853327,2108.019945519994,-1.6,11.301,3.4,11.206173333333332,long_nclose,38.10098933333333,0.018076950253424897,2.0
1680709920000.0,779757,1680709920000.0,0.10430933333333475,-0.0024862200000000004,2107.8129579666606,2108.037959299994,-1.1,11.301,2.3,11.206173333333332,long_nclose,25.774198666666663,0.012227934442309437,2.0
1680710160000.0,779761,1680710160000.0,0.06637866666666756,-0.00158214,2107.8777544933273,2108.024677159994,-0.7,11.301,1.6,11.206173333333332,long_nclose,17.929877333333334,0.008506127689384508,4.0
1680710220000.0,779762,1680710220000.0,0.047413333333333973,-0.0011301,2107.9240377266606,2108.028347059994,-0.5,11.301,1.1,11.206173333333332,long_nclose,12.326790666666666,0.005847834383994586,1.0
1680710280000.0,779763,1680710280000.0,0.028448000000000383,-0.00067806,2107.9518076666604,2108.028468999994,-0.3,11.301,0.8,11.206173333333332,long_nclose,8.964938666666667,0.004252914432892164,1.0
1680713040000.0,779809,1680713040000.0,0.01896533333333359,-0.00045204000000000007,2107.970320959994,2108.033816959994,-0.2,11.301,0.6,11.206173333333332,long_nclose,6.723703999999999,0.003189657811186804,46.0
1680713880000.0,779823,1680713880000.0,0.01896533333333359,-0.00045204000000000007,2107.9888342533272,2108.030764919994,-0.2,11.301,0.4,11.206173333333332,long_nclose,4.482469333333333,0.00212641986546436,14.0
1680714180000.0,779828,1680714180000.0,0.009482666666666795,-0.00022602000000000003,2107.998090899994,2108.029838899994,-0.1,11.301,0.3,11.206173333333332,long_nclose,3.3618519999999994,0.0015948078959429615,5.0
1680719820000.0,779922,1680719820000.0,0.009482666666666795,-0.00022602000000000003,2108.007347546661,2108.0311128799945,-0.1,11.301,0.2,11.206173333333332,long_nclose,2.2412346666666667,0.001063200595232772,94.0
1680735180000.0,780178,1680735180000.0,0.03128266666666679,-0.00023038000000000003,2108.0383998333277,2108.0690824999942,-0.1,11.519,0.1,11.206173333333332,long_nclose,1.1206173333333334,0.0005315924669218241,256.0
1680735300000.0,780180,1680735300000.0,0.03128266666666679,-0.00023038000000000003,2108.0694521199944,2108.0694521199944,-0.1,11.519,0.0,11.206173333333332,long_nclose,0.0,0.0,2.0
1680834780000.0,781838,1680834780000.0,0.0,-0.01694952,2108.0525025999946,2108.2881025999945,7.6,11.151,7.6,11.151,long_ientry_normal,84.74759999999999,0.04020184501831686,1658.0
1680916980000.0,783208,1680916980000.0,0.0,-0.0169572,2108.0355453999946,2106.2541453999947,7.8,10.87,15.4,11.008675324675323,long_rentry,169.53359999999998,0.08042255282172264,1370.0
1680932100000.0,783460,1680932100000.0,0.47595584415585285,-0.01132404,2108.5001772041505,2109.4408213599945,-5.1,11.102,10.3,11.008675324675323,long_nclose,113.38935584415584,0.053777256966849755,252.0
1680932160000.0,783461,1680932160000.0,0.3173038961039019,-0.007549360000000001,2108.8099317402543,2109.4814719999945,-3.4,11.102,6.9,11.008675324675323,long_nclose,75.95985974025973,0.03602024942929557,1.0
1680932940000.0,783474,1680932940000.0,0.21464675324675717,-0.00510692,2109.019471573501,2109.4625650799944,-2.3,11.102,4.6,11.008675324675323,long_nclose,50.63990649350648,0.02401111377872911,13.0
1680939300000.0,783580,1680939300000.0,0.13998701298701555,-0.0033306,2109.156127986488,2109.4485344799946,-1.5,11.102,3.1,11.008675324675323,long_nclose,34.1268935064935,0.016180354338714998,106.0
1680939600000.0,783585,1680939600000.0,0.09332467532467703,-0.0022204,2109.2472322618128,2109.4516140799947,-1.0,11.102,2.1,11.008675324675323,long_nclose,23.11821818181818,0.010960411765968174,5.0
1680939720000.0,783587,1680939720000.0,0.06532727272727391,-0.0015542800000000001,2109.31100525454,2109.4430597999944,-0.7,11.102,1.4,11.008675324675323,long_nclose,15.41214545454545,0.007306720258962286,2.0
1680941400000.0,783615,1680941400000.0,0.03732987012987082,-0.0008881600000000001,2109.3474469646694,2109.441771639994,-0.4,11.102,1.0,11.008675324675323,long_nclose,11.008675324675323,0.00521899573278774,28.0
1680941640000.0,783619,1680941640000.0,0.027997402597403107,-0.0006661200000000001,2109.374778247267,2109.445005519994,-0.3,11.102,0.7,11.008675324675323,long_nclose,7.706072727272725,0.0036532496769852802,4.0
1680943440000.0,783649,1680943440000.0,0.01866493506493541,-0.00044408000000000007,2109.392999102332,2109.441161439994,-0.2,11.102,0.5,11.008675324675323,long_nclose,5.504337662337662,0.0026094415145399997,30.0
1680945900000.0,783690,1680945900000.0,0.009332467532467704,-0.00022204000000000004,2109.4021095298644,2109.4382393999945,-0.1,11.102,0.4,11.008675324675323,long_nclose,4.403470129870129,0.002087544195569027,41.0
1680946920000.0,783707,1680946920000.0,0.009332467532467704,-0.00022204000000000004,2109.411219957397,2109.4398173599943,-0.1,11.102,0.3,11.008675324675323,long_nclose,3.302602597402597,0.0015656513846879503,17.0
1680947100000.0,783710,1680947100000.0,0.009332467532467704,-0.00022204000000000004,2109.4203303849295,2109.4383953199945,-0.1,11.102,0.2,11.008675324675323,long_nclose,2.2017350649350647,0.0010437630818383595,3.0
1680947460000.0,783716,1680947460000.0,0.009332467532467704,-0.00022204000000000004,2109.429440812462,2109.4391732799945,-0.1,11.102,0.1,11.008675324675323,long_nclose,1.1008675324675323,0.0005218792869618456,6.0
1680947700000.0,783720,1680947700000.0,0.009332467532467704,-0.00022204000000000004,2109.4385512399945,2109.4385512399945,-0.1,11.102,0.0,11.008675324675323,long_nclose,0.0,0.0,4.0
1681265640000.0,789019,1681265640000.0,0.0,-0.016814239999999998,2109.4217369999947,2109.208936999995,7.6,11.062,7.6,11.062,long_ientry_normal,84.07119999999999,0.0398550932349666,5299.0
1681302600000.0,789635,1681302600000.0,0.23500000000000298,-0.0055780000000000005,2109.651158999995,2110.268258999995,-2.5,11.156,5.1,11.062,long_nclose,56.416199999999996,0.026741956725557455,616.0
1681312440000.0,789799,1681312440000.0,0.15980000000000202,-0.00379304,2109.807165959995,2110.208365959995,-1.7,11.156,3.4,11.062,long_nclose,37.6108,0.017826652884121046,164.0
1681327800000.0,790055,1681327800000.0,0.10340000000000132,-0.0024543200000000003,2109.908111639995,2110.170311639995,-1.1,11.156,2.3,11.062,long_nclose,25.442599999999995,0.012058629406483444,256.0
1681374660000.0,790836,1681374660000.0,0.3387999999999998,-0.0025014,2110.244410239995,2110.623610239995,-1.1,11.37,1.2,11.062,long_nclose,13.274399999999998,0.006290456183930998,781.0
1681374960000.0,790841,1681374960000.0,0.18479999999999988,-0.0013644,2110.427845839995,2110.614445839995,-0.6,11.37,0.6,11.062,long_nclose,6.637199999999999,0.003144954712895315,5.0
1681384920000.0,791007,1681384920000.0,0.31380000000000086,-0.0013902,2110.7402556399948,2110.7402556399948,-0.6,11.585,0.0,11.062,long_nclose,0.0,0.0,166.0
1681691880000.0,796123,1681691880000.0,0.0,-0.01694152,2110.723314119995,2110.777714119995,6.8,12.457,6.8,12.457,long_ientry_normal,84.7076,0.04013202461608114,5116.0
1681693500000.0,796150,1681693500000.0,0.23099999999999704,-0.005527280000000001,2110.948786839995,2111.496186839995,-2.2,12.562,4.6,12.457,long_nclose,57.3022,0.027145234577565982,27.0
1681696020000.0,796192,1681696020000.0,0.7980999999999988,-0.0058898399999999995,2111.7409969999953,2112.525296999995,-2.3,12.804,2.3,12.457,long_nclose,28.6511,0.01356752558230514,42.0
1681696080000.0,796193,1681696080000.0,0.38169999999999954,-0.0028168800000000008,2112.1198801199953,2112.5086801199955,-1.1,12.804,1.2,12.457,long_nclose,14.9484,0.007077439183589683,1.0
1681698900000.0,796240,1681698900000.0,0.20819999999999972,-0.00153648,2112.326543639995,2112.542543639995,-0.6,12.804,0.6,12.457,long_nclose,7.4742,0.00353837337437437,47.0
1681704960000.0,796341,1681704960000.0,0.10409999999999986,-0.00076824,2112.429875399995,2112.535475399995,-0.3,12.804,0.3,12.457,long_nclose,3.7371,0.0017691001455337628,101.0
1681705140000.0,796344,1681705140000.0,0.03469999999999995,-0.00025608000000000006,2112.4643193199954,2112.5331193199954,-0.1,12.804,0.2,12.457,long_nclose,2.4914000000000005,0.0011793808667982543,3.0
1681706640000.0,796369,1681706640000.0,0.03469999999999995,-0.00025608000000000006,2112.4987632399957,2112.5333632399957,-0.1,12.804,0.1,12.457,long_nclose,1.2457000000000003,0.0005896808186005453,25.0
1681706820000.0,796372,1681706820000.0,0.03469999999999995,-0.00025608000000000006,2112.533207159996,2112.533207159996,-0.1,12.804,0.0,12.457,long_nclose,0.0,0.0,3.0
1681777200000.0,797545,1681777200000.0,0.0,-0.01688154,2112.5163256199958,2112.9855256199958,6.9,12.233,6.9,12.233,long_ientry_normal,84.4077,0.039955998908187115,1173.0
1681784100000.0,797660,1681784100000.0,0.23689999999999942,-0.0056745599999999995,2112.7475510599957,2113.239751059996,-2.3,12.336,4.6,12.233,long_nclose,56.2718,0.026634417335742566,115.0
1681784280000.0,797663,1681784280000.0,0.15449999999999964,-0.0037008000000000006,2112.898350259996,2113.2238502599957,-1.5,12.336,3.1,12.233,long_nclose,37.9223,0.017948000193825506,3.0
1681788360000.0,797731,1681788360000.0,0.511499999999999,-0.0037722000000000003,2113.4060780599957,2113.9628780599955,-1.5,12.574,1.6,12.233,long_nclose,19.5728,0.009261258497925246,68.0
1681788600000.0,797735,1681788600000.0,0.27279999999999943,-0.0020118400000000004,2113.676866219996,2113.9568662199963,-0.8,12.574,0.8,12.233,long_nclose,9.7864,0.004630036008059053,4.0
1681794780000.0,797838,1681794780000.0,0.13639999999999972,-0.0010059200000000002,2113.812260299996,2113.942660299996,-0.4,12.574,0.4,12.233,long_nclose,4.8932,0.0023148697223023713,103.0
1681796340000.0,797864,1681796340000.0,0.06819999999999986,-0.0005029600000000001,2113.879957339996,2113.947357339996,-0.2,12.574,0.2,12.233,long_nclose,2.4466,0.0011573977942809406,26.0
1681796400000.0,797865,1681796400000.0,0.03409999999999993,-0.00025148000000000005,2113.913805859996,2113.947805859996,-0.1,12.574,0.1,12.233,long_nclose,1.2233,0.000578689630868052,1.0
1681796700000.0,797870,1681796700000.0,0.03409999999999993,-0.00025148000000000005,2113.947654379996,2113.947654379996,-0.1,12.574,0.0,12.233,long_nclose,0.0,0.0,5.0
1681840860000.0,798606,1681840860000.0,0.0,-0.016823199999999996,2113.930831179996,2113.951231179996,6.8,12.37,6.8,12.37,long_ientry_normal,84.11599999999999,0.03979127356454064,736.0
1681842420000.0,798632,1681842420000.0,0.23100000000000095,-0.005489,2114.156342179996,2114.694542179996,-2.2,12.475,4.6,12.37,long_nclose,56.901999999999994,0.026914755008764363,26.0
1681844640000.0,798669,1681844640000.0,0.15750000000000064,-0.0037424999999999997,2114.310099679996,2114.6634996799958,-1.5,12.475,3.1,12.37,long_nclose,38.347,0.01813688541042484,37.0
1681844820000.0,798672,1681844820000.0,0.10500000000000043,-0.0024950000000000003,2114.4126046799956,2114.631004679996,-1.0,12.475,2.1,12.37,long_nclose,25.977,0.012285681584806609,3.0
1681844880000.0,798673,1681844880000.0,0.07350000000000029,-0.0017465,2114.4843581799955,2114.6355581799953,-0.7,12.475,1.4,12.37,long_nclose,17.317999999999998,0.008190176452715005,1.0
1681845000000.0,798675,1681845000000.0,0.042000000000000176,-0.0009980000000000002,2114.5253601799955,2114.6223601799957,-0.4,12.475,1.0,12.37,long_nclose,12.37,0.005850012599965707,2.0
1681848780000.0,798738,1681848780000.0,0.031500000000000125,-0.0007484999999999999,2114.5561116799954,2114.6261116799956,-0.3,12.475,0.7,12.37,long_nclose,8.658999999999999,0.0040949492672107445,63.0
1681848900000.0,798740,1681848900000.0,0.021000000000000088,-0.0004990000000000001,2114.5766126799954,2114.6296126799953,-0.2,12.475,0.5,12.37,long_nclose,6.185,0.0029249354045210907,2.0
1681849080000.0,798743,1681849080000.0,0.010500000000000044,-0.00024950000000000005,2114.5868631799954,2114.6312631799956,-0.1,12.475,0.4,12.37,long_nclose,4.948,0.002339936980672911,3.0
1681864680000.0,799003,1681864680000.0,0.010500000000000044,-0.00024950000000000005,2114.5971136799953,2114.6301136799952,-0.1,12.475,0.3,12.37,long_nclose,3.7109999999999994,0.0017549442283791889,260.0
1681864800000.0,799005,1681864800000.0,0.010500000000000044,-0.00024950000000000005,2114.6073641799953,2114.6305641799954,-0.1,12.475,0.2,12.37,long_nclose,2.474,0.0011699571475574477,2.0
1681865160000.0,799011,1681865160000.0,0.010500000000000044,-0.00024950000000000005,2114.6176146799953,2114.6286146799953,-0.1,12.475,0.1,12.37,long_nclose,1.237,0.0005849757381252094,6.0
1681866840000.0,799039,1681866840000.0,0.010500000000000044,-0.00024950000000000005,2114.6278651799953,2114.6278651799953,-0.1,12.475,0.0,12.37,long_nclose,0.0,0.0,28.0
1681891320000.0,799447,1681891320000.0,0.0,-0.016841520000000002,2114.611023659995,2114.749023659995,6.9,12.204,6.9,12.204,long_ientry_normal,84.20760000000001,0.039821791836804316,408.0
1681891980000.0,799458,1681891980000.0,0.0,-0.01689516,2114.5941284999953,2112.5107284999954,7.1,11.898,14.0,12.048814285714286,long_rentry,168.6834,0.07977105285904532,11.0
1681892520000.0,799467,1681892520000.0,0.0,-0.016801919999999998,2114.5773265799953,2105.8963265799953,7.2,11.668,21.2,11.919481132075472,long_rentry,252.69299999999998,0.11950047738792895,9.0
1681892520000.0,799467,1681892520000.0,0.0,-0.023847200000000002,2114.553479379995,2106.3404793799955,10.4,11.465,31.6,11.769905063291137,long_rentry,371.929,0.17589008914972096,0.0
1681911360000.0,799781,1681911360000.0,1.0404968354430562,-0.0249249,2115.5690513154386,2117.280154479996,-10.5,11.869,21.1,11.769905063291137,long_nclose,248.34499683544303,0.117389218130708,314.0
1681912560000.0,799801,1681912560000.0,0.6936645569620374,-0.016616600000000002,2116.246099272401,2117.516437879996,-7.0,11.869,14.1,11.769905063291137,long_nclose,165.95566139240503,0.07841983096836574,20.0
1681912620000.0,799802,1681912620000.0,0.4657462025316537,-0.011156860000000001,2116.7006886149325,2117.6415810199956,-4.7,11.869,9.4,11.769905063291137,long_nclose,110.6371075949367,0.05226865951809763,1.0
1681912740000.0,799804,1681912740000.0,0.30719430379747376,-0.0073587800000000005,2117.0005241387303,2117.631122239996,-3.1,11.869,6.3,11.769905063291137,long_nclose,74.15040189873416,0.035026161332152306,2.0
1681918500000.0,799900,1681918500000.0,0.20809936708861124,-0.004984980000000001,2117.2036385258193,2117.6450372599966,-2.1,11.869,4.2,11.769905063291137,long_nclose,49.43360126582278,0.02334853405988039,96.0
1681918620000.0,799902,1681918620000.0,0.13873291139240748,-0.00332332,2117.3390481172114,2117.5913139399963,-1.4,11.869,2.8,11.769905063291137,long_nclose,32.955734177215184,0.015564693905078742,2.0
1681918800000.0,799905,1681918800000.0,0.08918544303797625,-0.00213642,2117.426097140249,2117.604877519996,-0.9,11.869,1.9,11.769905063291137,long_nclose,22.36281962025316,0.010561322376472034,3.0
1681919100000.0,799910,1681919100000.0,0.05945696202531749,-0.00142428,2117.4841298222746,2117.601253239996,-0.6,11.869,1.3,11.769905063291137,long_nclose,15.300876582278478,0.007225969898325858,5.0
1681920000000.0,799925,1681920000000.0,0.039637974683545,-0.0009495200000000001,2117.522818276958,2117.628203719996,-0.4,11.869,0.9,11.769905063291137,long_nclose,10.592914556962024,0.005002503144491046,15.0
1681920240000.0,799929,1681920240000.0,0.029728481012658747,-0.00071214,2117.5518346179706,2117.611291579996,-0.3,11.869,0.6,11.769905063291137,long_nclose,7.061943037974682,0.003334956397536655,4.0
1681920300000.0,799930,1681920300000.0,0.0198189873417725,-0.00047476000000000007,2117.5711788453123,2117.617616819996,-0.2,11.869,0.4,11.769905063291137,long_nclose,4.707962025316455,0.0022232839549146365,1.0
1681924680000.0,800003,1681924680000.0,0.00990949367088625,-0.00023738000000000003,2117.5808509589833,2117.612379439996,-0.1,11.869,0.3,11.769905063291137,long_nclose,3.530971518987341,0.001667455349999165,73.0
1681924800000.0,800005,1681924800000.0,0.00990949367088625,-0.00023738000000000003,2117.5905230726544,2117.6097420599963,-0.1,11.869,0.2,11.769905063291137,long_nclose,2.3539810126582275,0.0011116318225879512,2.0
1681924860000.0,800006,1681924860000.0,0.00990949367088625,-0.00023738000000000003,2117.6001951863254,2117.609604679996,-0.1,11.869,0.1,11.769905063291137,long_nclose,1.1769905063291137,0.0005558133726114204,1.0
1681924920000.0,800007,1681924920000.0,0.00990949367088625,-0.00023738000000000003,2117.6098672999965,2117.6098672999965,-0.1,11.869,0.0,11.769905063291137,long_nclose,0.0,0.0,1.0
1681939320000.0,800247,1681939320000.0,0.0,-0.01703528,2117.5928320199964,2117.7169320199964,7.3,11.668,7.3,11.668,long_ientry_normal,85.17639999999999,0.0402232188889444,240.0
1681940400000.0,800265,1681940400000.0,0.23760000000000048,-0.005648159999999999,2117.8247838599964,2118.3490838599964,-2.4,11.767,4.9,11.668,long_nclose,57.1732,0.02699618988110754,18.0
1681940520000.0,800267,1681940520000.0,0.15840000000000032,-0.0037654400000000005,2117.9794184199964,2118.2731184199965,-1.6,11.767,3.3,11.668,long_nclose,38.5044,0.0181797800607166,2.0
1681940640000.0,800269,1681940640000.0,0.10890000000000023,-0.00258874,2118.0857296799963,2118.314529679996,-1.1,11.767,2.2,11.668,long_nclose,25.6696,0.012119245052407865,2.0
1681945980000.0,800358,1681945980000.0,0.06930000000000014,-0.0016473799999999997,2118.1533822999963,2118.2958822999963,-0.7,11.767,1.5,11.668,long_nclose,17.502,0.008262857707214506,89.0
1681946040000.0,800359,1681946040000.0,0.0495000000000001,-0.0011767,2118.2017055999963,2118.285705599996,-0.5,11.767,1.0,11.668,long_nclose,11.668,0.005508446135772963,1.0
1681946100000.0,800360,1681946100000.0,0.02970000000000006,-0.0007060199999999999,2118.2306995799963,2118.296499579996,-0.3,11.767,0.7,11.668,long_nclose,8.167599999999998,0.003855859515972209,1.0
1681946160000.0,800361,1681946160000.0,0.01980000000000004,-0.00047068000000000007,2118.2500288999963,2118.303028899996,-0.2,11.767,0.5,11.668,long_nclose,5.834,0.0027541602362349954,1.0
1681946400000.0,800365,1681946400000.0,0.0,-0.015867120000000002,2118.234161779996,2117.9781617799963,6.8,11.667,7.3,11.667068493150683,long_ientry_partial,85.16959999999999,0.040207830435720196,4.0
1681950120000.0,800427,1681950120000.0,0.23743561643835986,-0.00564768,2118.4659497164344,2118.970314099996,-2.4,11.766,4.9,11.667068493150683,long_nclose,57.16863561643835,0.026985864759398476,62.0
1681950300000.0,800430,1681950300000.0,0.1582904109589066,-0.0037651200000000003,2118.6204750073935,2118.9568489799963,-1.6,11.766,3.3,11.667068493150683,long_nclose,38.501326027397255,0.018172828253848954,3.0
1681950420000.0,800432,1681950420000.0,0.10882465753424829,-0.0025885200000000004,2118.726711144928,2118.9553604599964,-1.1,11.766,2.2,11.667068493150683,long_nclose,25.667550684931506,0.012114611360641766,2.0
1681959660000.0,800586,1681959660000.0,0.06925205479452162,-0.0016472400000000001,2118.7943159597226,2118.8797132199966,-0.7,11.766,1.5,11.667068493150683,long_nclose,17.500602739726027,0.008259698738996762,154.0
1681960260000.0,800596,1681960260000.0,0.04946575342465831,-0.0011766,2118.8426051131473,2118.9375366199965,-0.5,11.766,1.0,11.667068493150683,long_nclose,11.667068493150683,0.005506340331743355,10.0
1681960320000.0,800597,1681960320000.0,0.029679452054794983,-0.00070596,2118.8715786052026,2118.939430659997,-0.3,11.766,0.7,11.667068493150683,long_nclose,8.166947945205479,0.003854385526555397,1.0
1681960380000.0,800598,1681960380000.0,0.019786301369863327,-0.00047064000000000003,2118.8908942665726,2118.9433600199973,-0.2,11.766,0.5,11.667068493150683,long_nclose,5.833534246575342,0.0027531074216044266,1.0
1681966620000.0,800702,1681966620000.0,0.0649863013698635,-0.00047968,2118.9554008879427,2119.0435803399973,-0.2,11.992,0.3,11.667068493150683,long_nclose,3.500120547945205,0.0016518141658283553,104.0
1681966800000.0,800705,1681966800000.0,0.03249315068493175,-0.00023984,2118.9876541986273,2119.052240499997,-0.1,11.992,0.2,11.667068493150683,long_nclose,2.3334136986301366,0.0011011926822728953,3.0
1681966860000.0,800706,1681966860000.0,0.03249315068493175,-0.00023984,2119.019907509312,2119.052900659997,-0.1,11.992,0.1,11.667068493150683,long_nclose,1.1667068493150683,0.0005505879605852364,1.0
1681968240000.0,800729,1681968240000.0,0.03249315068493175,-0.00023984,2119.0521608199965,2119.0521608199965,-0.1,11.992,0.0,11.667068493150683,long_nclose,0.0,0.0,23.0
1682005380000.0,801348,1682005380000.0,0.0,-0.01698272,2119.0351780999963,2119.108178099996,7.3,11.632,7.3,11.632,long_ientry_normal,84.9136,0.040071821778879864,619.0
1682006580000.0,801368,1682006580000.0,0.0,-0.017008500000000003,2119.0181695999963,2117.4268695999963,7.5,11.339,14.8,11.483520270270269,long_rentry,169.9561,0.0802051168971724,20.0
1682089020000.0,802742,1682089020000.0,0.0,-0.016902399999999998,2119.001267199996,2113.5539671999964,7.6,11.12,22.4,11.360183035714286,long_rentry,254.4681,0.12008869647173397,1374.0
1682103840000.0,802989,1682103840000.0,0.0,-0.0240372,2118.9772299999963,2109.6857299999965,11.0,10.926,33.4,11.21718862275449,long_rentry,374.65409999999997,0.17680893154288432,247.0
1682107440000.0,803049,1682107440000.0,0.0,-0.035046799999999996,2118.942183199996,2100.121283199996,16.4,10.685,49.8,11.041929718875501,long_rentry,549.8880999999999,0.25951066733192635,60.0
1682505000000.0,809675,1682505000000.0,1.54496666666668,-0.03696820000000001,2120.450181666663,2123.1085149999963,-16.6,11.135,33.2,11.041929718875501,long_nclose,366.59206666666665,0.17288407425753674,6626.0
1682505300000.0,809680,1682505300000.0,1.0237730923694865,-0.024497,2121.4494577590326,2123.6044179999963,-11.0,11.135,22.2,11.041929718875501,long_nclose,245.13083975903612,0.11554875317085193,5.0
1682512380000.0,809798,1682512380000.0,3.419580120481935,-0.025196999999999997,2124.8438408795146,2128.4299209999967,-11.1,11.35,11.1,11.041929718875501,long_nclose,122.56541987951806,0.05768208351197508,118.0
1682512500000.0,809800,1682512500000.0,1.6943865461847425,-0.012485,2126.5257424256993,2128.3293359999966,-5.5,11.35,5.6,11.041929718875501,long_nclose,61.8348064257028,0.02907785463963802,2.0
1682513040000.0,809809,1682513040000.0,0.8625967871485961,-0.006356,2127.381983212848,2128.2249799999963,-2.8,11.35,2.8,11.041929718875501,long_nclose,30.9174032128514,0.014533075609749613,9.0
1682513100000.0,809810,1682513100000.0,0.43129839357429806,-0.003178,2127.810103606422,2128.2456019999963,-1.4,11.35,1.4,11.041929718875501,long_nclose,15.4587016064257,0.007265075760390822,1.0
1682513820000.0,809822,1682513820000.0,0.21564919678714903,-0.001589,2128.0241638032094,2128.2622129999963,-0.7,11.35,0.7,11.041929718875501,long_nclose,7.72935080321285,0.0036321724793758627,12.0
1682514720000.0,809837,1682514720000.0,0.0924210843373496,-0.000681,2128.1159038875467,2128.2403319999967,-0.3,11.35,0.4,11.041929718875501,long_nclose,4.4167718875502,0.002075437658015637,15.0
1682515200000.0,809845,1682515200000.0,0.06161405622489973,-0.00045400000000000003,2128.1770639437714,2128.238677999996,-0.2,11.35,0.2,11.041929718875501,long_nclose,2.2083859437751,0.0010376890067984718,8.0
1682515260000.0,809846,1682515260000.0,0.030807028112449866,-0.00022700000000000002,2128.207643971884,2128.2386509999965,-0.1,11.35,0.1,11.041929718875501,long_nclose,1.10419297188755,0.0005188370481682838,1.0
1682515500000.0,809850,1682515500000.0,0.030807028112449866,-0.00022700000000000002,2128.2382239999965,2128.2382239999965,-0.1,11.35,0.0,11.041929718875501,long_nclose,0.0,0.0,4.0
1682537520000.0,810217,1682537520000.0,0.0,-0.01705392,2128.2211700799967,2128.057370079997,7.8,10.932,7.8,10.932,long_ientry_normal,85.2696,0.04006613654575893,367.0
1682537940000.0,810224,1682537940000.0,0.0,-0.017051200000000002,2128.2041188799967,2126.4383188799966,8.0,10.657,15.8,10.792759493670886,long_rentry,170.5256,0.08012652474789024,7.0
1682538480000.0,810233,1682538480000.0,0.0,-0.01693062,2128.1871882599967,2123.8867882599966,8.1,10.451,23.9,10.676933054393306,long_rentry,255.1787,0.11990425532475543,9.0
1682539260000.0,810246,1682539260000.0,0.0,-0.02402946,2128.163158799997,2118.840758799997,11.7,10.269,35.6,10.542865168539326,long_rentry,375.326,0.17636147794778778,13.0
1682543640000.0,810319,1682543640000.0,1.0517910112359548,-0.025091520000000003,2129.1898582912327,2130.9780672799966,-11.8,10.632,23.8,10.542865168539326,long_nclose,250.92019101123594,0.11784772975229663,73.0
1682544000000.0,810325,1682544000000.0,0.7041651685393256,-0.01679856,2129.877224899772,2131.4375687199968,-7.9,10.632,15.9,10.542865168539326,long_nclose,167.6315561797753,0.07870479773202124,6.0
1682544420000.0,810332,1682544420000.0,0.47241460674157293,-0.01126992,2130.3383695865136,2131.4951987999966,-5.3,10.632,10.6,10.542865168539326,long_nclose,111.75437078651684,0.05245850724089794,7.0
1682546280000.0,810363,1682546280000.0,1.5589146067415733,-0.01148722,2131.885796973255,2133.4129115799965,-5.3,10.837,5.3,10.542865168539326,long_nclose,55.87718539325842,0.026210215140318523,31.0
1682546340000.0,810364,1682546340000.0,0.7647505617977529,-0.0056352400000000006,2132.6449122950526,2133.4606763399966,-2.6,10.837,2.7,10.542865168539326,long_nclose,28.465735955056182,0.013347620971004821,1.0
1682546820000.0,810372,1682546820000.0,0.38237528089887646,-0.0028176200000000003,2133.0244699559516,2133.4516587199964,-1.3,10.837,1.4,10.542865168539326,long_nclose,14.760011235955055,0.006919757107268375,8.0
1682548080000.0,810393,1682548080000.0,0.20589438202247193,-0.00151718,2133.228847157974,2133.4382415399964,-0.7,10.837,0.7,10.542865168539326,long_nclose,7.3800056179775275,0.003459547074759302,21.0
1682550600000.0,810435,1682550600000.0,0.08824044943820226,-0.00065022,2133.3164373874124,2133.4344913199966,-0.3,10.837,0.4,10.542865168539326,long_nclose,4.21714606741573,0.001976802875329785,42.0
1682551380000.0,810448,1682551380000.0,0.058826966292134845,-0.0004334800000000001,2133.3748308737045,2133.4350578399967,-0.2,10.837,0.2,10.542865168539326,long_nclose,2.108573033707865,0.0009883743837196758,13.0
1682551500000.0,810450,1682551500000.0,0.029413483146067423,-0.00021674000000000004,2133.4040276168507,2133.433741099997,-0.1,10.837,0.1,10.542865168539326,long_nclose,1.0542865168539326,0.0004941804286512191,2.0
1682551620000.0,810452,1682551620000.0,0.029413483146067423,-0.00021674000000000004,2133.433224359997,2133.433224359997,-0.1,10.837,0.0,10.542865168539326,long_nclose,0.0,0.0,2.0
1682884860000.0,816006,1682884860000.0,0.0,-0.017126560000000002,2133.416097799997,2133.5122977999968,7.4,11.572,7.4,11.572,long_ientry_normal,85.6328,0.04013881778069713,5554.0
1682905140000.0,816344,1682905140000.0,0.0,-0.017147120000000002,2133.3989506799967,2131.695550679997,7.6,11.281,15.0,11.42456,long_rentry,171.3684,0.0803264668079912,338.0
1682949600000.0,817085,1682949600000.0,0.0,-0.01703548,2133.381915199997,2130.031915199997,7.7,11.062,22.7,11.301577092511014,long_rentry,256.5458,0.12025310525609745,741.0
1682968320000.0,817397,1682968320000.0,0.0,-0.024131399999999997,2133.357783799997,2124.338383799997,11.1,10.87,33.8,11.159846153846154,long_rentry,377.20279999999997,0.17681178603249367,312.0
1683302580000.0,822968,1683302580000.0,1.0545230769230756,-0.02520896,2134.38709791692,2136.718374839997,-11.2,11.254,22.6,11.159846153846154,long_nclose,252.21252307692308,0.11816625171838455,5571.0
1683302760000.0,822971,1683302760000.0,0.7061538461538452,-0.016881,2135.076370763074,2136.377293839997,-7.5,11.254,15.1,11.159846153846154,long_nclose,168.5136769230769,0.07892629941984243,3.0
1683303000000.0,822975,1683303000000.0,0.47076923076923016,-0.011254,2135.5358859938433,2136.476739839997,-5.0,11.254,10.1,11.159846153846154,long_nclose,112.71444615384614,0.052780403688412234,4.0
1683303180000.0,822978,1683303180000.0,0.3107076923076919,-0.00742764,2135.839166046151,2136.4386121999974,-3.3,11.254,6.8,11.159846153846154,long_nclose,75.88695384615384,0.03553027543110148,3.0
1683303240000.0,822979,1683303240000.0,0.2071384615384613,-0.00495176,2136.0413527476894,2136.492860439997,-2.2,11.254,4.6,11.159846153846154,long_nclose,51.3352923076923,0.024032911273771607,1.0
1683304440000.0,822999,1683304440000.0,0.14123076923076905,-0.0033762,2136.1792073169204,2136.4400842399973,-1.5,11.254,3.1,11.159846153846154,long_nclose,34.59552307692308,0.01619504719380528,20.0
1683305940000.0,823024,1683305940000.0,0.09415384615384603,-0.0022508,2136.271110363074,2136.487733439997,-1.0,11.254,2.1,11.159846153846154,long_nclose,23.435676923076922,0.010970366452736361,25.0
1683306900000.0,823040,1683306900000.0,0.06590769230769222,-0.00157556,2136.3354424953814,2136.468657879997,-0.7,11.254,1.4,11.159846153846154,long_nclose,15.623784615384613,0.0073133573991240805,16.0
1683307200000.0,823045,1683307200000.0,0.03766153846153841,-0.00090032,2136.372203713843,2136.472357559997,-0.4,11.254,1.0,11.159846153846154,long_nclose,11.159846153846154,0.005223736825655199,5.0
1683307320000.0,823047,1683307320000.0,0.02824615384615381,-0.00067524,2136.3997746276896,2136.4691823199973,-0.3,11.254,0.7,11.159846153846154,long_nclose,7.811892307692307,0.0036565685881771288,2.0
1683307500000.0,823050,1683307500000.0,0.018830769230769207,-0.00045016,2136.41815523692,2136.467232159997,-0.2,11.254,0.5,11.159846153846154,long_nclose,5.579923076923077,0.002611812234999607,3.0
1683307800000.0,823055,1683307800000.0,0.009415384615384603,-0.00022508,2136.4273455415355,2136.466607079997,-0.1,11.254,0.4,11.159846153846154,long_nclose,4.463938461538461,0.002089440799779201,5.0
1683316620000.0,823202,1683316620000.0,0.009415384615384603,-0.00022508,2136.436535846151,2136.464481999997,-0.1,11.254,0.3,11.159846153846154,long_nclose,3.347953846153846,0.0015670738587270346,147.0
1683316740000.0,823204,1683316740000.0,0.009415384615384603,-0.00022508,2136.4457261507664,2136.4649569199973,-0.1,11.254,0.2,11.159846153846154,long_nclose,2.2319692307692307,0.0010447114117851095,2.0
1683316860000.0,823206,1683316860000.0,0.009415384615384603,-0.00022508,2136.454916455382,2136.463831839997,-0.1,11.254,0.1,11.159846153846154,long_nclose,1.1159846153846154,0.0005223534588954298,2.0
1683317700000.0,823220,1683317700000.0,0.009415384615384603,-0.00022508,2136.4641067599973,2136.4641067599973,-0.1,11.254,0.0,11.159846153846154,long_nclose,0.0,0.0,14.0
1683381960000.0,824291,1683381960000.0,0.0,-0.017114560000000004,2136.446992199997,2136.281092199997,7.9,10.832,7.9,10.832,long_ientry_normal,85.57280000000002,0.040053790387694944,1071.0
1683398520000.0,824567,1683398520000.0,0.23919999999999675,-0.00568048,2136.680511719997,2137.1840117199968,-2.6,10.924,5.3,10.832,long_nclose,57.409600000000005,0.026868593449090854,276.0
1683398820000.0,824572,1683398820000.0,0.15639999999999787,-0.0037141599999999998,2136.8331975599967,2137.167997559997,-1.7,10.924,3.6,10.832,long_nclose,38.995200000000004,0.018249061295251202,5.0
1683399840000.0,824589,1683399840000.0,0.1103999999999985,-0.00262176,2136.940975799997,2137.178575799997,-1.2,10.924,2.4,10.832,long_nclose,25.9968,0.012165427259996123,17.0
1683400380000.0,824598,1683400380000.0,0.073599999999999,-0.00174784,2137.012827959997,2137.160027959997,-0.8,10.924,1.6,10.832,long_nclose,17.331200000000003,0.008110012150252019,9.0
1683400440000.0,824599,1683400440000.0,0.045999999999999375,-0.0010924,2137.057735559997,2137.162235559997,-0.5,10.924,1.1,10.832,long_nclose,11.915200000000002,0.0055755161883250335,1.0
1683401400000.0,824615,1683401400000.0,0.027599999999999625,-0.00065544,2137.084680119997,2137.1614801199967,-0.3,10.924,0.8,10.832,long_nclose,8.665600000000001,0.00405486973942157,16.0
1683401580000.0,824618,1683401580000.0,0.01839999999999975,-0.00043696,2137.1026431599967,2137.1518431599966,-0.2,10.924,0.6,10.832,long_nclose,6.4992,0.0030411267426959194,3.0
1683465360000.0,825681,1683465360000.0,0.01839999999999975,-0.00043696,2137.1206061999965,2137.1578061999967,-0.2,10.924,0.4,10.832,long_nclose,4.332800000000001,0.0020274007875035797,1063.0
1683465540000.0,825684,1683465540000.0,0.009199999999999875,-0.00021848,2137.1295877199964,2137.1568877199966,-0.1,10.924,0.3,10.832,long_nclose,3.2496,0.0015205442003481157,3.0
1683465600000.0,825685,1683465600000.0,0.009199999999999875,-0.00021848,2137.1385692399963,2137.1565692399963,-0.1,10.924,0.2,10.832,long_nclose,2.1664000000000003,0.0010136918734148389,1.0
1683466440000.0,825699,1683466440000.0,0.009199999999999875,-0.00021848,2137.147550759996,2137.156950759996,-0.1,10.924,0.1,10.832,long_nclose,1.0832000000000002,0.0005068438066500372,14.0
1683466800000.0,825705,1683466800000.0,0.009199999999999875,-0.00021848,2137.156532279996,2137.156532279996,-0.1,10.924,0.0,10.832,long_nclose,0.0,0.0,6.0
1683510240000.0,826429,1683510240000.0,0.0,-0.017019760000000002,2137.139512519996,2136.8235125199963,7.9,10.772,7.9,10.772,long_ientry_normal,85.09880000000001,0.03981901953591052,724.0
1683536940000.0,826874,1683536940000.0,0.2365999999999982,-0.00564876,2137.3704637599963,2137.858063759996,-2.6,10.863,5.3,10.772,long_nclose,57.0916,0.02671113920960909,445.0
1683537060000.0,826876,1683537060000.0,0.1546999999999988,-0.0036934199999999998,2137.521470339996,2137.827470339996,-1.7,10.863,3.6,10.772,long_nclose,38.7792,0.018142133558935316,2.0
1683537120000.0,826877,1683537120000.0,0.10919999999999916,-0.0026071199999999997,2137.628063219996,2137.899263219996,-1.2,10.863,2.4,10.772,long_nclose,25.8528,0.012094152600643199,1.0
1683543720000.0,826987,1683543720000.0,0.3599999999999987,-0.0026572799999999997,2137.985405939996,2138.329805939996,-1.2,11.072,1.2,10.772,long_nclose,12.9264,0.006046065592443426,110.0
1683547740000.0,827054,1683547740000.0,0.17999999999999935,-0.0013286399999999999,2138.164077299996,2138.3440772999957,-0.6,11.072,0.6,10.772,long_nclose,6.4632,0.0030227801825954905,67.0
1683547800000.0,827055,1683547800000.0,0.08999999999999968,-0.0006643199999999999,2138.253412979996,2138.343712979996,-0.3,11.072,0.3,10.772,long_nclose,3.2316,0.001511326945806789,1.0
1683548280000.0,827063,1683548280000.0,0.029999999999999895,-0.00022144,2138.283191539996,2138.345591539996,-0.1,11.072,0.2,10.772,long_nclose,2.1544000000000003,0.0010075372656548813,8.0
1683548460000.0,827066,1683548460000.0,0.029999999999999895,-0.00022144,2138.312970099996,2138.3433700999963,-0.1,11.072,0.1,10.772,long_nclose,1.0772000000000002,0.0005037616172480242,3.0
1683568080000.0,827393,1683568080000.0,0.009099999999999931,-0.00021726000000000002,2138.321852839996,2138.321852839996,-0.1,10.863,0.0,10.772,long_nclose,0.0,0.0,327.0
1683568740000.0,827404,1683568740000.0,0.0,-0.0171888,2138.304664039996,2138.352664039996,8.0,10.743,8.0,10.743,long_ientry_normal,85.944,0.04019258875749824,11.0
1683569820000.0,827422,1683569820000.0,0.2365999999999982,-0.00563368,2138.5356303599965,2138.8272303599965,-2.6,10.834,5.4,10.743,long_nclose,58.01220000000001,0.02712706731485898,18.0
1683570000000.0,827425,1683570000000.0,0.16379999999999875,-0.00390024,2138.6955301199964,2138.9115301199963,-1.8,10.834,3.6,10.743,long_nclose,38.674800000000005,0.01808335943818523,3.0
1683570480000.0,827433,1683570480000.0,0.0,-0.009447680000000002,2138.6860824399964,2138.6368824399965,4.4,10.736,8.0,10.739150000000002,long_ientry_partial,85.91320000000002,0.04017101934940488,8.0
1683573540000.0,827484,1683573540000.0,0.0,-0.017169159999999996,2138.6689132799966,2136.9289132799963,8.2,10.469,16.2,10.602407407407409,long_rentry,171.75900000000001,0.08031116875242726,51.0
1683579060000.0,827576,1683579060000.0,0.48379999999999446,-0.011547360000000001,2139.1411659199966,2140.1951659199967,-5.4,10.692,10.8,10.602407407407409,long_nclose,114.50600000000001,0.05352895910950952,92.0
1683581820000.0,827622,1683581820000.0,0.3225333333333296,-0.00769824,2139.45600101333,2140.1802676799966,-3.6,10.692,7.2,10.602407407407409,long_nclose,76.33733333333335,0.035680721312883745,46.0
1683582060000.0,827626,1683582060000.0,0.21502222222221973,-0.00513216,2139.6658910755523,2140.119935519997,-2.4,10.692,4.8,10.602407407407409,long_nclose,50.89155555555556,0.023784814146835677,4.0
1683584280000.0,827663,1683584280000.0,0.1433481481481465,-0.003421440000000001,2139.8058177837006,2140.1853140799967,-1.6,10.692,3.2,10.602407407407409,long_nclose,33.927703703703706,0.015855505869614026,37.0
1683586740000.0,827704,1683586740000.0,0.08959259259259156,-0.0021384,2139.893271976293,2140.0947756799965,-1.0,10.692,2.2,10.602407407407409,long_nclose,23.3252962962963,0.010900214791906086,41.0
1683594300000.0,827830,1683594300000.0,0.06271481481481408,-0.0014968800000000001,2139.9544899111074,2140.0903787999964,-0.7,10.692,1.5,10.602407407407409,long_nclose,15.903611111111113,0.0074317520237412804,126.0
1683647520000.0,828717,1683647520000.0,0.0,-0.013956099999999999,2139.9405338111073,2138.8394226999962,6.7,10.415,8.2,10.44928184281843,long_ientry_partial,85.68411111111111,0.04004041689818024,887.0
1683647580000.0,828718,1683647580000.0,0.0,-0.017114160000000003,2139.9234196511075,2139.5157085399965,8.4,10.187,16.6,10.316560910307897,long_rentry,171.2549111111111,0.08002852323520646,1.0
1683647640000.0,828719,1683647640000.0,0.4809149933065635,-0.0114444,2140.392890244414,2141.3745641399964,-5.5,10.404,11.1,10.316560910307897,long_nclose,114.51382610441766,0.053501311196815456,1.0
1683651360000.0,828781,1683651360000.0,0.3235246318607791,-0.007698960000000001,2140.7087159162747,2141.5481651799964,-3.7,10.404,7.4,10.316560910307897,long_nclose,76.34255073627844,0.03566227865036836,62.0
1683652440000.0,828799,1683652440000.0,0.20985381526104588,-0.00499392,2140.913575811536,2141.370771259996,-2.4,10.404,5.0,10.316560910307897,long_nclose,51.58280455153949,0.02409382851056306,18.0
1683652860000.0,828806,1683652860000.0,0.13990254350736395,-0.00332928,2141.0501490750435,2141.347441979997,-1.6,10.404,3.4,10.316560910307897,long_nclose,35.07630709504685,0.016382758297464536,7.0
1683652980000.0,828808,1683652980000.0,0.0961829986613127,-0.0022888800000000005,2141.144043193705,2141.335953099997,-1.1,10.404,2.3,10.316560910307897,long_nclose,23.72809009370816,0.01108196815115513,2.0
1683653040000.0,828809,1683653040000.0,0.06120736278447172,-0.00145656,2141.2037939964894,2141.3468965399966,-0.7,10.404,1.6,10.316560910307897,long_nclose,16.506497456492635,0.007708980108653636,1.0
1683653400000.0,828815,1683653400000.0,0.04371954484605123,-0.0010404000000000001,2141.2464731413356,2141.3481561399967,-0.5,10.404,1.1,10.316560910307897,long_nclose,11.348217001338687,0.005299818187062874,6.0
1683655440000.0,828849,1683655440000.0,0.0,-0.01485792,2141.2316152213357,2141.233198219997,7.2,10.318,8.3,10.31780927726972,long_ientry_partial,85.63781700133869,0.039994653727586794,34.0
1683662460000.0,828966,1683662460000.0,0.23541495137175286,-0.0056187,2141.4614114727074,2142.100879519997,-2.7,10.405,5.6,10.31780927726972,long_nclose,57.77973195271043,0.026981449043704527,117.0
1683680400000.0,829265,1683680400000.0,0.1569433009145019,-0.0037458,2141.6146089736217,2142.0409337199967,-1.8,10.405,3.8,10.31780927726972,long_nclose,39.207675253624934,0.01830753072440769,299.0
1683683880000.0,829323,1683683880000.0,0.1046288672763346,-0.0024971999999999998,2141.716740640898,2141.9512365199967,-1.2,10.405,2.6,10.31780927726972,long_nclose,26.826304120901273,0.012525607897556815,58.0
1683684000000.0,829325,1683684000000.0,0.06975257818422308,-0.0016648000000000001,2141.7848284190823,2141.9345717199967,-0.8,10.405,1.8,10.31780927726972,long_nclose,18.572056699085497,0.00867129902717357,2.0
1683720960000.0,829941,1683720960000.0,0.0523144336381673,-0.0012485999999999999,2141.83589425272,2141.9453231199964,-0.6,10.405,1.2,10.31780927726972,long_nclose,12.381371132723665,0.005780728190216219,616.0
1683721140000.0,829944,1683721140000.0,0.03487628909211154,-0.0008324000000000001,2141.8699381418123,2141.9420907199965,-0.4,10.405,0.8,10.31780927726972,long_nclose,8.254247421815776,0.0038537575390673725,3.0
1683721740000.0,829954,1683721740000.0,0.01743814454605577,-0.00041620000000000003,2141.886960086358,2141.9368745199963,-0.2,10.405,0.6,10.31780927726972,long_nclose,6.190685566361832,0.002890295184444389,10.0
1683721800000.0,829955,1683721800000.0,0.01743814454605577,-0.00041620000000000003,2141.903982030904,2141.966458319996,-0.2,10.405,0.4,10.31780927726972,long_nclose,4.127123710907888,0.0019268481433022244,1.0
1683722700000.0,829970,1683722700000.0,0.05763814454605587,-0.00042424,2141.96119593545,2142.020034079996,-0.2,10.606,0.2,10.31780927726972,long_nclose,2.063561855453944,0.0009633983376401611,15.0
1683723720000.0,829987,1683723720000.0,0.09763814454605574,-0.00043224,2142.0584018399963,2142.0584018399963,-0.2,10.806,0.0,10.31780927726972,long_nclose,0.0,0.0,17.0
1683739260000.0,830246,1683739260000.0,0.0,-0.01722914,2142.0411726999964,2142.9624726999964,8.3,10.379,8.3,10.379,long_ientry_normal,86.1457,0.040216640603324735,259.0
1683739740000.0,830254,1683739740000.0,1.1848999999999987,-0.008747759999999999,2143.2173249399966,2144.4353249399965,-4.1,10.668,4.2,10.379,long_nclose,43.5918,0.020339421248948907,8.0
1683739860000.0,830256,1683739860000.0,0.6068999999999994,-0.00448056,2143.819744379997,2144.5568443799966,-2.1,10.668,2.1,10.379,long_nclose,21.7959,0.010166852906890957,2.0
1683740100000.0,830260,1683740100000.0,0.2889999999999997,-0.0021336,2144.106610779997,2144.445410779997,-1.0,10.668,1.1,10.379,long_nclose,11.4169,0.005324781866069004,4.0
1683742800000.0,830305,1683742800000.0,0.5400999999999997,-0.0023914,2144.6443193799973,2144.6443193799973,-1.1,10.87,0.0,10.379,long_nclose,0.0,0.0,45.0
1683825480000.0,831683,1683825480000.0,0.0,-0.01723518,2144.627084199997,2144.570384199997,8.1,10.639,8.1,10.639,long_ientry_normal,86.17589999999998,0.04018223057746465,1378.0
1683831240000.0,831779,1683831240000.0,0.24299999999999963,-0.00579366,2144.864290539997,2145.328690539997,-2.7,10.729,5.4,10.639,long_nclose,57.4506,0.026785191143974933,96.0
1683831300000.0,831780,1683831300000.0,0.16199999999999976,-0.0038624400000000004,2145.022428099997,2145.350028099997,-1.8,10.729,3.6,10.639,long_nclose,38.300399999999996,0.017855477638956653,1.0
1683831480000.0,831783,1683831480000.0,0.10799999999999983,-0.00257496,2145.127853139997,2145.3534531399973,-1.2,10.729,2.4,10.639,long_nclose,25.533599999999996,0.011903066739180325,3.0
1683834540000.0,831834,1683834540000.0,0.3564000000000007,-0.0026246399999999997,2145.4816284999974,2145.8572284999973,-1.2,10.936,1.2,10.639,long_nclose,12.766799999999998,0.005950552002128231,51.0
1683834840000.0,831839,1683834840000.0,0.17820000000000036,-0.0013123199999999998,2145.658516179997,2145.836116179997,-0.6,10.936,0.6,10.639,long_nclose,6.383399999999999,0.0029750307198764436,5.0
1683834900000.0,831840,1683834900000.0,0.08910000000000018,-0.0006561599999999999,2145.7469600199975,2145.8402600199975,-0.3,10.936,0.3,10.639,long_nclose,3.1916999999999995,0.0014874540472238414,1.0
1683838320000.0,831897,1683838320000.0,0.02970000000000006,-0.00021872000000000005,2145.7764412999977,2145.8386412999976,-0.1,10.936,0.2,10.639,long_nclose,2.1278,0.0009916224071837107,57.0
1683841620000.0,831952,1683841620000.0,0.02970000000000006,-0.00021872000000000005,2145.805922579998,2145.840122579998,-0.1,10.936,0.1,10.639,long_nclose,1.0639,0.0004958043916296148,55.0
1683859620000.0,832252,1683859620000.0,0.02970000000000006,-0.00021872000000000005,2145.835403859998,2145.835403859998,-0.1,10.936,0.0,10.639,long_nclose,0.0,0.0,300.0
1683919560000.0,833251,1683919560000.0,0.0,-0.017263999999999998,2145.818139859998,2145.826139859998,8.0,10.79,8.0,10.79,long_ientry_normal,86.32,0.04022708094248465,999.0
1683919860000.0,833256,1683919860000.0,0.2366000000000028,-0.005658120000000001,2146.049081739998,2146.6592817399983,-2.6,10.881,5.4,10.79,long_nclose,58.266,0.02715035760168096,5.0
1683920340000.0,833264,1683920340000.0,0.16380000000000194,-0.003917160000000001,2146.208964579998,2146.554564579998,-1.8,10.881,3.6,10.79,long_nclose,38.844,0.018098890015400514,8.0
1683920520000.0,833267,1683920520000.0,0.1092000000000013,-0.00261144,2146.315553139998,2146.605953139998,-1.2,10.881,2.4,10.79,long_nclose,25.895999999999997,0.01206532746879409,3.0
1683921060000.0,833276,1683921060000.0,0.07280000000000086,-0.0017409600000000002,2146.386612179998,2146.541812179998,-0.8,10.881,1.6,10.79,long_nclose,17.264,0.008043285353175798,9.0
1683921180000.0,833278,1683921180000.0,0.04550000000000054,-0.0010881,2146.431024079998,2146.5520240799983,-0.5,10.881,1.1,10.79,long_nclose,11.869,0.005529644263825008,2.0
1683925860000.0,833356,1683925860000.0,0.15050000000000008,-0.0011091,2146.5804149799983,2146.7664149799984,-0.5,11.091,0.6,10.79,long_nclose,6.473999999999999,0.0030159596886382306,78.0
1683926400000.0,833365,1683926400000.0,0.09030000000000005,-0.00066546,2146.670049519998,2146.761549519998,-0.3,11.091,0.3,10.79,long_nclose,3.2369999999999997,0.0015079168783874368,9.0
1683927060000.0,833376,1683927060000.0,0.030100000000000016,-0.00022182000000000001,2146.6999276999977,2146.758927699998,-0.1,11.091,0.2,10.79,long_nclose,2.158,0.0010052639272746934,11.0
1683927660000.0,833386,1683927660000.0,0.030100000000000016,-0.00022182000000000001,2146.7298058799975,2146.7600058799976,-0.1,11.091,0.1,10.79,long_nclose,1.079,0.0005026249680069501,10.0
1683928500000.0,833400,1683928500000.0,0.030100000000000016,-0.00022182000000000001,2146.759684059997,2146.759684059997,-0.1,11.091,0.0,10.79,long_nclose,0.0,0.0,14.0
1684111920000.0,836457,1684111920000.0,0.0,-0.0171472,2146.742536859997,2146.790536859997,8.0,10.717,8.0,10.717,long_ientry_normal,85.736,0.039937718905688875,3057.0
1684113480000.0,836483,1684113480000.0,0.2365999999999982,-0.00562016,2146.973516699997,2147.486516699997,-2.6,10.808,5.4,10.717,long_nclose,57.87180000000001,0.02695506001813743,26.0
1684132200000.0,836795,1684132200000.0,0.8072999999999987,-0.005948640000000001,2147.774868059997,2148.587568059997,-2.7,11.016,2.7,10.717,long_nclose,28.935900000000004,0.013472501438727,312.0
1684132440000.0,836799,1684132440000.0,0.3886999999999993,-0.00286416,2148.160703899997,2148.5779038999967,-1.3,11.016,1.4,10.717,long_nclose,15.0038,0.0069844867624477645,4.0
1684132500000.0,836800,1684132500000.0,0.20929999999999963,-0.00154224,2148.3684616599967,2148.5840616599967,-0.7,11.016,0.7,10.717,long_nclose,7.5019,0.0034919056641724523,1.0
1684138200000.0,836895,1684138200000.0,0.08969999999999985,-0.0006609599999999999,2148.4575006999967,2148.5775006999966,-0.3,11.016,0.4,10.717,long_nclose,4.2868,0.0019952919704501033,95.0
1684138500000.0,836900,1684138500000.0,0.0597999999999999,-0.00044064000000000006,2148.516860059997,2148.576260059997,-0.2,11.016,0.2,10.717,long_nclose,2.1434,0.0009976184221985329,5.0
1684138620000.0,836902,1684138620000.0,0.02989999999999995,-0.00022032000000000003,2148.5465397399967,2148.5768397399966,-0.1,11.016,0.1,10.717,long_nclose,1.0717,0.0004988023206282003,2.0
1684138800000.0,836905,1684138800000.0,0.02989999999999995,-0.00022032000000000003,2148.5762194199965,2148.5762194199965,-0.1,11.016,0.0,10.717,long_nclose,0.0,0.0,3.0
1684432500000.0,841800,1684432500000.0,0.0,-0.0171168,2148.5591026199963,2148.2551026199963,8.0,10.698,8.0,10.698,long_ientry_normal,85.584,0.03983320723904553,4895.0
1684447680000.0,842053,1684447680000.0,0.23399999999999962,-0.00560976,2148.7874928599963,2149.262692859996,-2.6,10.788,5.4,10.698,long_nclose,57.769200000000005,0.026884557077866397,253.0
1684447740000.0,842054,1684447740000.0,0.16199999999999976,-0.0038836800000000005,2148.945609179996,2149.3020091799963,-1.8,10.788,3.6,10.698,long_nclose,38.512800000000006,0.017921719300608954,1.0
1684448040000.0,842059,1684448040000.0,0.10799999999999983,-0.0025891200000000003,2149.0510200599965,2149.3030200599965,-1.2,10.788,2.4,10.698,long_nclose,25.6752,0.011947226827254761,5.0
1684449060000.0,842076,1684449060000.0,0.07199999999999988,-0.00172608,2149.1212939799966,2149.3084939799965,-0.8,10.788,1.6,10.698,long_nclose,17.1168,0.0079645574439873,17.0
1684449180000.0,842078,1684449180000.0,0.04499999999999993,-0.0010788,2149.1652151799967,2149.273015179997,-0.5,10.788,1.1,10.698,long_nclose,11.767800000000001,0.0054755213405100756,2.0
1684451700000.0,842120,1684451700000.0,0.026999999999999958,-0.0006472800000000001,2149.1915678999967,2149.2619678999968,-0.3,10.788,0.8,10.698,long_nclose,8.5584,0.003982148510084899,42.0
1684899360000.0,849581,1684899360000.0,0.0,-0.015491999999999999,2149.1760758999967,2148.9630758999965,7.5,10.328,8.3,10.363662650602409,long_ientry_partial,86.0184,0.04002389611748243,7461.0
1684994880000.0,851173,1684994880000.0,0.23581084337349714,-0.005643540000000001,2149.40624320337,2149.9065323599966,-2.7,10.451,5.6,10.363662650602409,long_nclose,58.036510843373485,0.02700118278100779,1592.0
1684995000000.0,851175,1684995000000.0,0.15720722891566474,-0.0037623600000000006,2149.5596880722856,2149.9067699999964,-1.8,10.451,3.8,10.363662650602409,long_nclose,39.38191807228915,0.018320923252708867,2.0
1684995360000.0,851181,1684995360000.0,0.10480481927710983,-0.00250824,2149.6619846515623,2149.907261759996,-1.2,10.451,2.6,10.363662650602409,long_nclose,26.945522891566263,0.012534772017161503,6.0
1685002860000.0,851306,1685002860000.0,0.06986987951807322,-0.0016721600000000002,2149.7301823710804,2149.896389599996,-0.8,10.451,1.8,10.363662650602409,long_nclose,18.654592771084335,0.008677643791793881,125.0
1685022660000.0,851636,1685022660000.0,0.052402409638554914,-0.00125412,2149.781330660719,2149.887335479996,-0.6,10.451,1.2,10.363662650602409,long_nclose,12.43639518072289,0.005784958220332418,330.0
1685023980000.0,851658,1685023980000.0,0.03493493975903661,-0.0008360800000000001,2149.8154295204777,2149.8948993999957,-0.4,10.451,0.8,10.363662650602409,long_nclose,8.290930120481928,0.00385657764226357,22.0
1685024460000.0,851666,1685024460000.0,0.017467469879518305,-0.00041804000000000006,2149.832478950357,2149.8854813599955,-0.2,10.451,0.6,10.363662650602409,long_nclose,6.218197590361445,0.0028924102930091757,8.0
1685028060000.0,851726,1685028060000.0,0.017467469879518305,-0.00041804000000000006,2149.8495283802367,2149.8820633199957,-0.2,10.451,0.4,10.363662650602409,long_nclose,4.145465060240964,0.0019282582364563373,60.0
1685031720000.0,851787,1685031720000.0,0.008733734939759152,-0.00020902000000000003,2149.8580530951763,2149.8848542999954,-0.1,10.451,0.3,10.363662650602409,long_nclose,3.1090987951807225,0.0014461879428293025,61.0
1685035560000.0,851851,1685035560000.0,0.008733734939759152,-0.00020902000000000003,2149.866577810116,2149.8844452799954,-0.1,10.451,0.2,10.363662650602409,long_nclose,2.072732530120482,0.0009641214722412198,64.0
1685040180000.0,851928,1685040180000.0,0.008733734939759152,-0.00020902000000000003,2149.8751025250554,2149.884336259995,-0.1,10.451,0.1,10.363662650602409,long_nclose,1.036366265060241,0.00048205882464661125,77.0
1685049420000.0,852082,1685049420000.0,0.008733734939759152,-0.00020902000000000003,2149.883627239995,2149.883627239995,-0.1,10.451,0.0,10.363662650602409,long_nclose,0.0,0.0,154.0
1685508480000.0,859733,1685508480000.0,0.0,-0.0172287,2149.866398539995,2150.0445985399947,8.1,10.635,8.1,10.635,long_ientry_normal,86.14349999999999,0.040069234096826334,7651.0
1685587740000.0,861054,1685587740000.0,0.0,-0.01741824,2149.8489802999948,2147.2407802999946,8.4,10.368,16.5,10.499072727272727,long_rentry,173.2347,0.08057993914336552,1321.0
1685684280000.0,862663,1685684280000.0,0.4890999999999952,-0.011646799999999999,2150.3264334999944,2151.3266334999944,-5.5,10.588,11.0,10.499072727272727,long_nclose,115.4898,0.053708031581057296,1609.0
1685687220000.0,862712,1685687220000.0,0.3201381818181787,-0.00762336,2150.6389483218127,2151.3118101399946,-3.6,10.588,7.4,10.499072727272727,long_nclose,77.69313818181818,0.03612560734215463,49.0
1685687940000.0,862724,1685687940000.0,0.21342545454545245,-0.00508224,2150.847291536358,2151.3219278999945,-2.4,10.588,5.0,10.499072727272727,long_nclose,52.495363636363635,0.024406829737719783,12.0
1685688600000.0,862735,1685688600000.0,0.14228363636363497,-0.00338816,2150.9861870127215,2151.3021397399943,-1.6,10.588,3.4,10.499072727272727,long_nclose,35.696847272727275,0.016595572527735695,11.0
1685696400000.0,862865,1685696400000.0,0.09781999999999905,-0.0023293600000000004,2151.0816776527213,2151.288510379994,-1.1,10.588,2.3,10.499072727272727,long_nclose,24.14786727272727,0.011225918347776375,130.0
1685697240000.0,862879,1685697240000.0,0.062249090909090296,-0.0014823199999999999,2151.1424444236304,2151.287928059994,-0.7,10.588,1.6,10.499072727272727,long_nclose,16.798516363636363,0.007809113900003632,14.0
1685707680000.0,863053,1685707680000.0,0.04446363636363593,-0.0010588,2151.185849259994,2151.2880692599942,-0.5,10.588,1.1,10.499072727272727,long_nclose,11.54898,0.005368657479767654,174.0
1685708340000.0,863064,1685708340000.0,0.026678181818181556,-0.00063528,2151.211892161812,2151.286233979994,-0.3,10.588,0.8,10.499072727272727,long_nclose,8.399258181818182,0.0039044308988909204,11.0
1685709660000.0,863086,1685709660000.0,0.017785454545454372,-0.00042352,2151.2292540963576,2151.283210459994,-0.2,10.588,0.6,10.499072727272727,long_nclose,6.299443636363637,0.002928299540538636,22.0
1685709900000.0,863090,1685709900000.0,0.017785454545454372,-0.00042352,2151.246616030903,2151.280186939994,-0.2,10.588,0.4,10.499072727272727,long_nclose,4.199629090909091,0.0019521839381937056,4.0
1685712900000.0,863140,1685712900000.0,0.008892727272727186,-0.00021176,2151.2552969981757,2151.2798751799937,-0.1,10.588,0.3,10.499072727272727,long_nclose,3.1497218181818183,0.0014641320454047856,50.0
1685718900000.0,863240,1685718900000.0,0.008892727272727186,-0.00021176,2151.2639779654482,2151.2815634199937,-0.1,10.588,0.2,10.499072727272727,long_nclose,2.0998145454545454,0.0009760840914746497,100.0
1685718960000.0,863241,1685718960000.0,0.008892727272727186,-0.00021176,2151.272658932721,2151.2817516599935,-0.1,10.588,0.1,10.499072727272727,long_nclose,1.0499072727272727,0.0004880400763556153,1.0
1685719260000.0,863246,1685719260000.0,0.008892727272727186,-0.00021176,2151.2813398999933,2151.2813398999933,-0.1,10.588,0.0,10.499072727272727,long_nclose,0.0,0.0,5.0
1685978760000.0,867571,1685978760000.0,0.0,-0.01711832,2151.2642215799933,2151.4528215799933,8.2,10.438,8.2,10.438,long_ientry_normal,85.5916,0.039786651561163115,4325.0
1685980800000.0,867605,1685980800000.0,0.0,-0.0172992,2151.2469223799935,2148.7311223799934,8.5,10.176,16.7,10.304646706586826,long_rentry,172.08759999999998,0.07999435035082535,34.0
1685980980000.0,867608,1685980980000.0,0.0,-0.01716216,2151.2297602199933,2145.6482602199935,8.6,9.978,25.3,10.193612648221343,long_rentry,257.8984,0.11988417265742282,3.0
1686057480000.0,868883,1686057480000.0,0.0,-0.0243164,2151.2054438199934,2142.1275438199937,12.4,9.805,37.7,10.065793103448273,long_rentry,379.4803999999999,0.17640360714508946,1275.0
1686072420000.0,869132,1686072420000.0,1.0650862068965816,-0.0253775,2152.24515252689,2154.467966319993,-12.5,10.151,25.2,10.065793103448273,long_nclose,253.65798620689648,0.11785738530254504,249.0
1686072960000.0,869141,1686072960000.0,0.7157379310345029,-0.01705368,2152.9438367779244,2154.5265126399936,-8.4,10.151,16.8,10.065793103448273,long_nclose,169.105324137931,0.07854609175082451,9.0
1686073140000.0,869144,1686073140000.0,0.4771586206896685,-0.01136912,2153.4096262786143,2154.3975435199936,-5.6,10.151,11.2,10.065793103448273,long_nclose,112.73688275862065,0.05235273465060401,3.0
1686073440000.0,869149,1686073440000.0,0.3152655172413882,-0.007511740000000001,2153.7173800558553,2154.3339317799932,-3.7,10.151,7.5,10.065793103448273,long_nclose,75.49344827586205,0.035052625277093775,5.0
1686073500000.0,869150,1686073500000.0,0.21301724137931632,-0.0050755,2153.9253217972346,2154.356356279993,-2.5,10.151,5.0,10.065793103448273,long_nclose,50.328965517241365,0.023366160845004084,1.0
1686074400000.0,869165,1686074400000.0,0.13633103448276246,-0.0032483200000000007,2154.0584045117175,2154.3379079599936,-1.6,10.151,3.4,10.065793103448273,long_nclose,34.22369655172413,0.015888007716059104,15.0
1686075180000.0,869178,1686075180000.0,0.0937275862068992,-0.00223322,2154.1498988779244,2154.336674739993,-1.1,10.151,2.3,10.065793103448273,long_nclose,23.151324137931027,0.010747313429761932,13.0
1686075300000.0,869180,1686075300000.0,0.059644827586208565,-0.00142114,2154.2081225655106,2154.3508535999936,-0.7,10.151,1.6,10.065793103448273,long_nclose,16.105268965517237,0.007476189880083171,2.0
1686075600000.0,869185,1686075600000.0,0.042603448275863265,-0.0010151000000000001,2154.249710913786,2154.340138499993,-0.5,10.151,1.1,10.065793103448273,long_nclose,11.0723724137931,0.005139781315832898,5.0
1686075660000.0,869186,1686075660000.0,0.025562068965517958,-0.0006090599999999999,2154.2746639227516,2154.346029439993,-0.3,10.151,0.8,10.065793103448273,long_nclose,8.052634482758618,0.0037379794775543864,1.0
1686076500000.0,869200,1686076500000.0,0.017041379310345307,-0.0004060400000000001,2154.291299262062,2154.3424233999926,-0.2,10.151,0.6,10.065793103448273,long_nclose,6.039475862068964,0.0028034629597853116,14.0
1686076560000.0,869201,1686076560000.0,0.017041379310345307,-0.0004060400000000001,2154.307934601372,2154.3424173599924,-0.2,10.151,0.4,10.065793103448273,long_nclose,4.026317241379309,0.0018689608744927775,1.0
1686091920000.0,869457,1686091920000.0,0.008520689655172654,-0.00020302000000000005,2154.316252271027,2154.342414339993,-0.1,10.151,0.3,10.065793103448273,long_nclose,3.019737931034482,0.001401715243920733,256.0
1686093060000.0,869476,1686093060000.0,0.008520689655172654,-0.00020302000000000005,2154.3245699406825,2154.341411319993,-0.1,10.151,0.2,10.065793103448273,long_nclose,2.0131586206896546,0.0009344732213424485,19.0
1686093120000.0,869477,1686093120000.0,0.008520689655172654,-0.00020302000000000005,2154.332887610338,2154.341808299993,-0.1,10.151,0.1,10.065793103448273,long_nclose,1.0065793103448273,0.0004672348067161341,1.0
1686093240000.0,869479,1686093240000.0,0.008520689655172654,-0.00020302000000000005,2154.341205279993,2154.341205279993,-0.1,10.151,0.0,10.065793103448273,long_nclose,0.0,0.0,2.0
1686131820000.0,870122,1686131820000.0,0.0,-0.017184239999999996,2154.324021039993,2154.393621039993,8.7,9.876,8.7,9.876,long_ientry_normal,85.92119999999998,0.039883136965869134,643.0
1686134460000.0,870166,1686134460000.0,0.24360000000000406,-0.0057768,2154.5618442399928,2155.0838442399927,-2.9,9.96,5.8,9.876,long_nclose,57.28079999999999,0.02658582307726953,44.0
1686135120000.0,870177,1686135120000.0,0.15960000000000266,-0.0037848,2154.7176594399925,2155.0608594399923,-1.9,9.96,3.9,9.876,long_nclose,38.5164,0.01787538141308516,11.0
1686135360000.0,870181,1686135360000.0,0.10920000000000184,-0.0025896000000000005,2154.824269839992,2155.045269839992,-1.3,9.96,2.6,9.876,long_nclose,25.677599999999998,0.011916331349798052,4.0
1686136080000.0,870193,1686136080000.0,0.06720000000000113,-0.0015936000000000004,2154.889876239992,2155.042876239992,-0.8,9.96,1.8,9.876,long_nclose,17.776799999999998,0.008249516690392663,12.0
1686136920000.0,870207,1686136920000.0,0.05040000000000084,-0.0011952,2154.9390810399923,2155.066281039992,-0.6,9.96,1.2,9.876,long_nclose,11.851199999999999,0.005499552216706055,14.0
1686139200000.0,870245,1686139200000.0,0.03360000000000057,-0.0007968000000000002,2154.9718842399925,2155.0278842399925,-0.4,9.96,0.8,9.876,long_nclose,7.9008,0.0036663123346439507,38.0
1686147300000.0,870380,1686147300000.0,0.0,-0.0156624,2154.9562218399924,2154.7986218399924,8.0,9.789,8.8,9.79690909090909,long_ientry_partial,86.21279999999999,0.04000675240000368,135.0
1686154380000.0,870498,1686154380000.0,0.0,-0.0171918,2154.9390300399923,2152.7216300399923,9.0,9.551,17.8,9.672573033707865,long_rentry,172.1718,0.07989636718251131,118.0
1686174960000.0,870841,1686174960000.0,0.0,-0.01723344,2154.9217965999924,2150.0047965999925,9.2,9.366,27.0,9.568111111111111,long_rentry,258.339,0.11988323678734139,343.0
1686338700000.0,873570,1686338700000.0,0.0,-0.02429592,2154.8975006799924,2145.039500679992,13.2,9.203,40.2,9.448223880597014,long_rentry,379.8186,0.17625831385490293,2729.0
1686361800000.0,873955,1686361800000.0,0.0,-0.03546394,2154.862036739992,2139.040036739992,19.7,9.001,59.9,9.301140233722872,long_rentry,557.1383000000001,0.25854940618048716,385.0
1686370800000.0,874105,1686370800000.0,0.0,-0.05136768,2154.810669059992,2123.191269059992,29.4,8.736,89.3,9.115080627099665,long_rentry,813.9767,0.3777485937337997,150.0
1686370860000.0,874106,1686370860000.0,0.0,-0.07344384000000001,2154.737225219992,2088.653125219992,43.8,8.384,133.1,8.874499624342599,long_rentry,1181.1959,0.548185591344858,1.0
1686370920000.0,874107,1686370920000.0,0.0,-0.10338296000000001,2154.633842259992,2019.319942259992,65.3,7.916,198.4,8.55902570564516,long_rentry,1698.1106999999997,0.7881203138528884,1.0
1686371160000.0,874111,1686371160000.0,0.0,-0.0912375,2154.542604759992,1865.9403047599924,62.5,7.299,260.9,8.257179762361057,long_rentry,2154.2981999999997,0.9998865630415233,4.0
1686503340000.0,876314,1686503340000.0,6.067378650824163,-0.14472326000000002,2160.4652601508164,2172.2659814999924,-86.9,8.327,174.0,8.257179762361057,long_nclose,1436.749278650824,0.6650184592880369,2203.0
1686503460000.0,876316,1686503460000.0,4.049573783058705,-0.0965932,2164.4182407338753,2172.981388299993,-58.0,8.327,116.0,8.257179762361057,long_nclose,957.8328524338826,0.44253593617336934,2.0
1686503580000.0,876318,1686503580000.0,2.695061172863207,-0.06428444000000001,2167.0490174667384,2172.607903859993,-38.6,8.327,77.4,8.257179762361057,long_nclose,639.1057136067459,0.29491982343521467,2.0
1686504480000.0,876333,1686504480000.0,1.801362131084734,-0.04296732,2168.807412277823,2172.3069365399924,-25.8,8.327,51.6,8.257179762361057,long_nclose,426.0704757378305,0.19645380835836573,15.0
1686504540000.0,876334,1686504540000.0,1.2009080873898228,-0.02864488,2169.979675485213,2172.6566916599927,-17.2,8.327,34.4,8.257179762361057,long_nclose,284.04698382522037,0.1308984535819243,1.0
1686504720000.0,876337,1686504720000.0,0.7959507090839523,-0.018985560000000002,2170.756640634297,2172.339506099993,-11.4,8.327,23.0,8.257179762361057,long_nclose,189.91513453430431,0.08748798966189547,3.0
1686504780000.0,876338,1686504780000.0,0.5306338060559682,-0.01265704,2171.2746174003532,2172.411449059993,-7.6,8.327,15.4,8.257179762361057,long_nclose,127.16056834036027,0.05856494029880404,1.0
1686518460000.0,876566,1686518460000.0,1.7773158298198595,-0.013071520000000001,2173.0388617101735,2174.8161775399935,-7.7,8.488,7.7,8.257179762361057,long_nclose,63.580284170180136,0.02925869633097251,228.0
1686518520000.0,876567,1686518520000.0,0.8771169030279825,-0.00645088,2173.9095277332012,2174.813626659993,-3.8,8.488,3.9,8.257179762361057,long_nclose,32.20300107320812,0.014813404450546352,1.0
1686518640000.0,876569,1686518640000.0,0.43855845151399125,-0.00322544,2174.3448607447153,2174.8025012199932,-1.9,8.488,2.0,8.257179762361057,long_nclose,16.514359524722114,0.00759509672217586,2.0
1686518700000.0,876570,1686518700000.0,0.23082023763894277,-0.0016976,2174.573983382354,2174.812803619993,-1.0,8.488,1.0,8.257179762361057,long_nclose,8.257179762361057,0.003797148234762635,1.0
1686536940000.0,876874,1686536940000.0,0.020946071291682956,-0.00049962,2174.594429833646,2174.6419039999932,-0.3,8.327,0.7,8.257179762361057,long_nclose,5.780025833652739,0.0026579787726647057,304.0
1686537000000.0,876875,1686537000000.0,0.013964047527788638,-0.00033308000000000003,2174.6080608011735,2174.661970919993,-0.2,8.327,0.5,8.257179762361057,long_nclose,4.128589881180528,0.0018985443655807406,1.0
1686538320000.0,876897,1686538320000.0,0.006982023763894319,-0.00016654000000000001,2174.6148762849375,2174.6468043799932,-0.1,8.327,0.4,8.257179762361057,long_nclose,3.302871904944423,0.001518830732266016,22.0
1686538440000.0,876899,1686538440000.0,0.006982023763894319,-0.00016654000000000001,2174.6216917687016,2174.6429378399935,-0.1,8.327,0.3,8.257179762361057,long_nclose,2.477153928708317,0.0011391194790729576,2.0
1686538740000.0,876904,1686538740000.0,0.006982023763894319,-0.00016654000000000001,2174.6285072524656,2174.6408712999933,-0.1,8.327,0.2,8.257179762361057,long_nclose,1.6514359524722115,0.0007594106059791878,5.0
1686538860000.0,876906,1686538860000.0,0.006982023763894319,-0.00016654000000000001,2174.6353227362297,2174.6391047599936,-0.1,8.327,0.1,8.257179762361057,long_nclose,0.8257179762361058,0.00037970411296232794,2.0
1686539040000.0,876909,1686539040000.0,0.006982023763894319,-0.00016654000000000001,2174.6421382199937,2174.6421382199937,-0.1,8.327,0.0,8.257179762361057,long_nclose,0.0,0.0,3.0
1686669840000.0,879089,1686669840000.0,0.0,-0.01746648,2174.6246717399936,2174.6756717399935,10.2,8.562,10.2,8.562,long_ientry_normal,87.33239999999999,0.04015975774344649,2180.0
1686674820000.0,879172,1686674820000.0,0.24480000000000324,-0.0058711200000000005,2174.8636006199936,2175.3532006199935,-3.4,8.634,6.8,8.562,long_nclose,58.221599999999995,0.02677023054843652,83.0
1686674880000.0,879173,1686674880000.0,0.1584000000000021,-0.0037989600000000005,2175.0182016599933,2175.3494016599934,-2.2,8.634,4.6,8.562,long_nclose,39.3852,0.018107986392914256,1.0
1686674940000.0,879174,1686674940000.0,0.10800000000000143,-0.0025902000000000004,2175.1236114599933,2175.349911459993,-1.5,8.634,3.1,8.562,long_nclose,26.542199999999998,0.012202616835272299,1.0
1686675060000.0,879176,1686675060000.0,0.07200000000000095,-0.0017268000000000001,2175.1938846599933,2175.340884659993,-1.0,8.634,2.1,8.562,long_nclose,17.9802,0.008266021767898866,2.0
1686675120000.0,879177,1686675120000.0,0.050400000000000666,-0.0012087600000000001,2175.2430758999935,2175.3466758999934,-0.7,8.634,1.4,8.562,long_nclose,11.986799999999999,0.005510556559312588,1.0
1686677580000.0,879218,1686677580000.0,0.02880000000000038,-0.00069072,2175.2711851799936,2175.3541851799937,-0.4,8.634,1.0,8.562,long_nclose,8.562,0.003936060964873,41.0
1686686340000.0,879364,1686686340000.0,0.021600000000000286,-0.00051804,2175.292267139994,2175.3468671399937,-0.3,8.634,0.7,8.562,long_nclose,5.993399999999999,0.0027552159728310597,146.0
1686688320000.0,879397,1686688320000.0,0.01440000000000019,-0.00034536,2175.3063217799936,2175.3368217799934,-0.2,8.634,0.5,8.562,long_nclose,4.281,0.001967998693856125,33.0
1686688440000.0,879399,1686688440000.0,0.007200000000000095,-0.00017268,2175.3133490999935,2175.3445490999934,-0.1,8.634,0.4,8.562,long_nclose,3.4248,0.0015743938690106253,2.0
1686689160000.0,879411,1686689160000.0,0.007200000000000095,-0.00017268,2175.3203764199934,2175.3434764199933,-0.1,8.634,0.3,8.562,long_nclose,2.5685999999999996,0.0011807915872269082,12.0
1686690600000.0,879435,1686690600000.0,0.007200000000000095,-0.00017268,2175.3274037399933,2175.3432037399934,-0.1,8.634,0.2,8.562,long_nclose,1.7124,0.0007871918484803289,24.0
1686692880000.0,879473,1686692880000.0,0.007200000000000095,-0.00017268,2175.334431059993,2175.341531059993,-0.1,8.634,0.1,8.562,long_nclose,0.8562,0.0003935946527462411,38.0
1686693060000.0,879476,1686693060000.0,0.007200000000000095,-0.00017268,2175.341458379993,2175.341458379993,-0.1,8.634,0.0,8.562,long_nclose,0.0,0.0,3.0
1686773160000.0,880811,1686773160000.0,0.0,-0.01747464,2175.3239837399933,2175.425983739993,10.2,8.566,10.2,8.566,long_ientry_normal,87.3732,0.04016560321731061,1335.0
1686773280000.0,880813,1686773280000.0,0.2481999999999953,-0.00587452,2175.5663092199934,2176.0695092199935,-3.4,8.639,6.8,8.566,long_nclose,58.2488,0.02677408624740285,2.0
1686773520000.0,880817,1686773520000.0,0.16059999999999697,-0.0038011600000000005,2175.7231080599936,2176.0497080599935,-2.2,8.639,4.6,8.566,long_nclose,39.4036,0.018110576595904537,4.0
1686773580000.0,880818,1686773580000.0,0.10949999999999793,-0.0025916999999999997,2175.830016359994,2176.003616359994,-1.5,8.639,3.1,8.566,long_nclose,26.554600000000004,0.012204354108701895,1.0
1686774660000.0,880836,1686774660000.0,0.0,-0.01215946,2175.817856899994,2175.4311568999938,7.1,8.563,10.2,8.563911764705882,long_ientry_partial,87.35189999999999,0.040146696895141304,18.0
1686789540000.0,881084,1686789540000.0,0.24509999999999935,-0.005872479999999999,2176.0570844199938,2176.5540844199936,-3.4,8.636,6.8,8.563911764705882,long_nclose,58.23459999999999,0.026761522212328286,248.0
1686791820000.0,881122,1686791820000.0,0.1585941176470584,-0.0037998399999999996,2176.211878697641,2176.589484579994,-2.2,8.636,4.6,8.563911764705882,long_nclose,39.393994117647054,0.018102094976718202,38.0
1686792060000.0,881126,1686792060000.0,0.10813235294117618,-0.0025908,2176.3174202505825,2176.547093779994,-1.5,8.636,3.1,8.563911764705882,long_nclose,26.548126470588233,0.012198646311222132,4.0
1686801060000.0,881276,1686801060000.0,0.07208823529411745,-0.0017272,2176.3877812858764,2176.541266579994,-1.0,8.636,2.1,8.563911764705882,long_nclose,17.98421470588235,0.008263331957899859,150.0
1686801360000.0,881281,1686801360000.0,0.05046176470588221,-0.00120904,2176.437034010582,2176.5365575399937,-0.7,8.636,1.4,8.563911764705882,long_nclose,11.989476470588233,0.005508763305913282,5.0
1686801420000.0,881282,1686801420000.0,0.028835294117646983,-0.0006908799999999999,2176.4651784246994,2176.5342666599936,-0.4,8.636,1.0,8.563911764705882,long_nclose,8.563911764705882,0.0039347800505149105,1.0
1686805740000.0,881354,1686805740000.0,0.021626470588235237,-0.0005181599999999999,2176.4862867352876,2176.5374484999934,-0.3,8.636,0.7,8.563911764705882,long_nclose,5.9947382352941165,0.0027543193227677885,72.0
1686806040000.0,881359,1686806040000.0,0.014417647058823492,-0.00034543999999999997,2176.500358942347,2176.538403059994,-0.2,8.636,0.5,8.563911764705882,long_nclose,4.281955882352941,0.001967358224757529,5.0
1686818280000.0,881563,1686818280000.0,0.007208823529411746,-0.00017271999999999999,2176.507395045876,2176.5362303399934,-0.1,8.636,0.4,8.563911764705882,long_nclose,3.425564705882353,0.0015738814918247268,204.0
1686835200000.0,881845,1686835200000.0,0.007208823529411746,-0.00017271999999999999,2176.514431149405,2176.5324576199932,-0.1,8.636,0.3,8.563911764705882,long_nclose,2.5691735294117644,0.0011804073029072443,282.0
1686836640000.0,881869,1686836640000.0,0.007208823529411746,-0.00017271999999999999,2176.521467252934,2176.536484899993,-0.1,8.636,0.2,8.563911764705882,long_nclose,1.7127823529411765,0.0007869356579804106,24.0
1686850080000.0,882093,1686850080000.0,0.0,-0.01699426,2176.504472992934,2176.453690639993,10.1,8.413,10.3,8.415930325528269,long_ientry_partial,86.68408235294118,0.039827201564966684,224.0
1686851880000.0,882123,1686851880000.0,0.24163689320388676,-0.00577116,2176.740338726138,2177.306619479993,-3.4,8.487,6.9,8.415930325528269,long_nclose,58.069919246145055,0.026677467318002877,30.0
1686852720000.0,882137,1686852720000.0,0.1634602512849822,-0.0039040200000000002,2176.899894957423,2177.180815459993,-2.3,8.487,4.6,8.415930325528269,long_nclose,38.71327949743003,0.017783674659135947,14.0
1686854640000.0,882169,1686854640000.0,0.1066045117075971,-0.0025461,2177.0039533691306,2177.227369359993,-1.5,8.487,3.1,8.415930325528269,long_nclose,26.089384009137635,0.011984077460567635,32.0
1686858000000.0,882225,1686858000000.0,0.35260451170759666,-0.0025953,2177.3539625808385,2177.734874059993,-1.5,8.651,1.6,8.415930325528269,long_nclose,13.46548852084523,0.006184336011625991,56.0
1686858120000.0,882227,1686858120000.0,0.1880557395773849,-0.00138416,2177.540634160416,2177.7294898999935,-0.8,8.651,0.8,8.415930325528269,long_nclose,6.732744260422615,0.00309190292700027,2.0
1686858360000.0,882231,1686858360000.0,0.09402786978869244,-0.00069208,2177.6339699502046,2177.7267978199934,-0.4,8.651,0.4,8.415930325528269,long_nclose,3.3663721302113077,0.0015458852023181313,4.0
1686858720000.0,882237,1686858720000.0,0.04701393489434622,-0.00034604,2177.680637845099,2177.7284517799935,-0.2,8.651,0.2,8.415930325528269,long_nclose,1.6831860651056538,0.000772926036928552,6.0
1686860220000.0,882262,1686860220000.0,0.02350696744717311,-0.00017302,2177.7039717925463,2177.7270787599937,-0.1,8.651,0.1,8.415930325528269,long_nclose,0.8415930325528269,0.0003864588775397611,25.0
1686860280000.0,882263,1686860280000.0,0.02350696744717311,-0.00017302,2177.7273057399934,2177.7273057399934,-0.1,8.651,0.0,8.415930325528269,long_nclose,0.0,0.0,1.0
1687119780000.0,886588,1687119780000.0,0.0,-0.0175032,2177.7098025399932,2177.454802539993,10.2,8.58,10.2,8.58,long_ientry_normal,87.51599999999999,0.04018717273436748,4325.0
1687192440000.0,887799,1687192440000.0,0.0,-0.017397120000000002,2177.692405419993,2175.448005419993,10.4,8.364,20.6,8.47095145631068,long_rentry,174.5016,0.08013142699386204,1211.0
1687198020000.0,887892,1687198020000.0,0.4899300970873753,-0.011618479999999999,2178.1707170370805,2179.123586939993,-6.8,8.543,13.8,8.47095145631068,long_nclose,116.89913009708738,0.05366848850860634,93.0
1687198080000.0,887893,1687198080000.0,0.3314233009708715,-0.00785956,2178.4942807780517,2179.1939273799935,-4.6,8.543,9.2,8.47095145631068,long_nclose,77.93275339805824,0.03577367821696758,1.0
1687198200000.0,887895,1687198200000.0,0.2161456310679597,-0.0051258,2178.7053006091196,2179.1768015799935,-3.0,8.543,6.2,8.47095145631068,long_nclose,52.519899029126215,0.02410601333481989,2.0
1687199580000.0,887918,1687199580000.0,0.1440970873786398,-0.0034172,2178.845980496498,2179.152784379993,-2.0,8.543,4.2,8.47095145631068,long_nclose,35.577996116504856,0.016328825642094088,23.0
1687199700000.0,887920,1687199700000.0,0.10086796116504786,-0.00239204,2178.9444564176633,2179.1629923399933,-1.4,8.543,2.8,8.47095145631068,long_nclose,23.7186640776699,0.010885391781241196,2.0
1687204680000.0,888003,1687204680000.0,0.0648436893203879,-0.0015377400000000001,2179.0077623669836,2179.1484545999933,-0.9,8.543,1.9,8.47095145631068,long_nclose,16.09480776699029,0.007386301253698627,83.0
1687209480000.0,888083,1687209480000.0,0.043229126213591935,-0.0010251599999999998,2179.049966333197,2179.150129439993,-0.6,8.543,1.3,8.47095145631068,long_nclose,11.012236893203884,0.005053687186317604,80.0
1687210380000.0,888098,1687210380000.0,0.02881941747572796,-0.00068344,2179.078102310673,2179.149245999993,-0.4,8.543,0.9,8.47095145631068,long_nclose,7.623856310679612,0.003498661338753921,15.0
1687210560000.0,888101,1687210560000.0,0.021614563106795968,-0.0005125799999999999,2179.0992042937796,2179.1418334199934,-0.3,8.543,0.6,8.47095145631068,long_nclose,5.082570873786407,0.002332418305587702,3.0
1687210620000.0,888102,1687210620000.0,0.01440970873786398,-0.00034172,2179.1132722825173,2179.142491699993,-0.2,8.543,0.4,8.47095145631068,long_nclose,3.388380582524272,0.0015549354985916382,1.0
1687211100000.0,888110,1687211100000.0,0.00720485436893199,-0.00017086,2179.1203062768864,2179.1425208399933,-0.1,8.543,0.3,8.47095145631068,long_nclose,2.5412854368932036,0.0011661978595551206,8.0
1687253760000.0,888821,1687253760000.0,0.00720485436893199,-0.00017086,2179.1273402712554,2179.1431499799933,-0.1,8.543,0.2,8.47095145631068,long_nclose,1.694190291262136,0.00077746273012721,711.0
1687269360000.0,889081,1687269360000.0,0.0,-0.017074799999999998,2179.1102654712554,2179.0380751799935,10.2,8.37,10.4,8.371941374159817,long_ientry_partial,87.0681902912621,0.03995584421352478,260.0
1687280760000.0,889271,1687280760000.0,0.24159932785661944,-0.00574124,2179.3461235591117,2179.857533939993,-3.4,8.443,7.0,8.371941374159817,long_nclose,58.60358961911872,0.026890446168969535,190.0
1687281300000.0,889280,1687281300000.0,0.16343483943241902,-0.0038837799999999994,2179.505674618544,2179.881950159993,-2.3,8.443,4.7,8.371941374159817,long_nclose,39.34812445855114,0.01805369213614818,9.0
1687281660000.0,889286,1687281660000.0,0.10658793876027328,-0.0025329000000000003,2179.6097296573043,2179.846717259993,-1.5,8.443,3.2,8.371941374159817,long_nclose,26.790212397311418,0.012291288680163668,6.0
1687282200000.0,889295,1687282200000.0,0.07105862584018219,-0.0016886,2179.6790996831446,2179.833228659993,-1.0,8.443,2.2,8.371941374159817,long_nclose,18.4182710231516,0.008449992031317374,9.0
1687282260000.0,889296,1687282260000.0,0.04974103808812753,-0.0011820199999999998,2179.7276587012325,2179.835746639993,-0.7,8.443,1.5,8.371941374159817,long_nclose,12.557912061239726,0.005761229854156287,1.0
1687283040000.0,889309,1687283040000.0,0.035529312920091094,-0.0008443,2179.7623437141524,2179.8354023399925,-0.5,8.443,1.0,8.371941374159817,long_nclose,8.371941374159817,0.003840758786526541,13.0
1687285140000.0,889344,1687285140000.0,0.11702931292009122,-0.0008606,2179.8785124270726,2179.9920417399926,-0.5,8.606,0.5,8.371941374159817,long_nclose,4.185970687079909,0.001920277053613991,35.0
1687285200000.0,889345,1687285200000.0,0.04681172516803649,-0.00034424000000000005,2179.924979912241,2179.998497499993,-0.2,8.606,0.3,8.371941374159817,long_nclose,2.5115824122479453,0.001152141672485012,1.0
1687288140000.0,889394,1687288140000.0,0.023405862584018246,-0.00017212000000000003,2179.948213654825,2179.995425379993,-0.1,8.606,0.2,8.371941374159817,long_nclose,1.6743882748319636,0.0007680862620239693,49.0
1687288260000.0,889396,1687288260000.0,0.023405862584018246,-0.00017212000000000003,2179.971447397409,2179.994353259993,-0.1,8.606,0.1,8.371941374159817,long_nclose,0.8371941374159818,0.0003840390379495467,2.0
1687288320000.0,889397,1687288320000.0,0.023405862584018246,-0.00017212000000000003,2179.994681139993,2179.994681139993,-0.1,8.606,0.0,8.371941374159817,long_nclose,0.0,0.0,1.0
1687444860000.0,892006,1687444860000.0,0.0,-0.017413440000000002,2179.9772676999933,2180.4525676999933,9.7,8.976,9.7,8.976,long_ientry_normal,87.0672,0.03993949904434605,2609.0
1687445160000.0,892011,1687445160000.0,0.24319999999999597,-0.0057932800000000005,2180.214674419993,2180.747674419993,-3.2,9.052,6.5,8.976,long_nclose,58.34400000000001,0.026760667508818312,5.0
1687445580000.0,892018,1687445580000.0,0.15959999999999736,-0.0038018400000000003,2180.370472579993,2180.687272579993,-2.1,9.052,4.4,8.976,long_nclose,39.494400000000006,0.0181136189912107,7.0
1687445640000.0,892019,1687445640000.0,0.10639999999999822,-0.00253456,2180.474338019993,2180.675338019993,-1.4,9.052,3.0,8.976,long_nclose,26.928000000000004,0.012349606473448484,1.0
1687445700000.0,892020,1687445700000.0,0.07599999999999874,-0.0018104,2180.548527619993,2180.704527619993,-1.0,9.052,2.0,8.976,long_nclose,17.952,0.008232790865514057,1.0
1687445880000.0,892023,1687445880000.0,0.04559999999999924,-0.00108624,2180.593041379993,2180.703641379993,-0.6,9.052,1.4,8.976,long_nclose,12.5664,0.005762835963214542,3.0
1687446180000.0,892028,1687446180000.0,0.030399999999999497,-0.0007241600000000001,2180.622717219993,2180.7087172199926,-0.4,9.052,1.0,8.976,long_nclose,8.976,0.004116255383894753,5.0
1687456800000.0,892205,1687456800000.0,0.125,-0.0009226000000000001,2180.7467946199927,2180.8672946199927,-0.5,9.226,0.5,8.976,long_nclose,4.488,0.002058010591175515,177.0
1687479120000.0,892577,1687479120000.0,0.007599999999999874,-0.00018104000000000001,2180.7542135799927,2180.7830135799927,-0.1,9.052,0.4,8.976,long_nclose,3.5904000000000007,0.0016464028718329933,372.0
1687479240000.0,892579,1687479240000.0,0.007599999999999874,-0.00018104000000000001,2180.7616325399927,2180.7838325399925,-0.1,9.052,0.3,8.976,long_nclose,2.6928,0.001234797953072763,2.0
1687479300000.0,892580,1687479300000.0,0.007599999999999874,-0.00018104000000000001,2180.7690514999927,2180.784451499993,-0.1,9.052,0.2,8.976,long_nclose,1.7952000000000004,0.0008231958348662425,1.0
1687479420000.0,892582,1687479420000.0,0.007599999999999874,-0.00018104000000000001,2180.7764704599927,2180.783970459993,-0.1,9.052,0.1,8.976,long_nclose,0.8976000000000002,0.00041159651718484873,2.0
1687479480000.0,892583,1687479480000.0,0.007599999999999874,-0.00018104000000000001,2180.7838894199926,2180.7838894199926,-0.1,9.052,0.0,8.976,long_nclose,0.0,0.0,1.0
1687620720000.0,894937,1687620720000.0,0.0,-0.0174154,2180.7664740199925,2180.6429740199924,9.5,9.166,9.5,9.166,long_ientry_normal,87.077,0.03992953901179687,2354.0
1687626120000.0,895027,1687626120000.0,0.24179999999999816,-0.005731280000000001,2181.0025427399924,2181.5529427399924,-3.1,9.244,6.4,9.166,long_nclose,58.662400000000005,0.02689698835761212,90.0
1687627680000.0,895053,1687627680000.0,0.16379999999999875,-0.0038824800000000007,2181.1624602599923,2181.5021602599923,-2.1,9.244,4.3,9.166,long_nclose,39.4138,0.018070089100699963,26.0
1687629360000.0,895081,1687629360000.0,0.10919999999999916,-0.00258832,2181.269071939992,2181.498171939992,-1.4,9.244,2.9,9.166,long_nclose,26.5814,0.012186208635122145,28.0
1687629540000.0,895084,1687629540000.0,0.07019999999999947,-0.00166392,2181.3376080199923,2181.519608019992,-0.9,9.244,2.0,9.166,long_nclose,18.332,0.008404017760753696,3.0
1687642560000.0,895301,1687642560000.0,0.04679999999999964,-0.0011092799999999998,2181.3832987399924,2181.4966987399926,-0.6,9.244,1.4,9.166,long_nclose,12.8324,0.0058826892125800325,217.0
1687642860000.0,895306,1687642860000.0,0.031199999999999763,-0.00073952,2181.4137592199922,2181.5007592199922,-0.4,9.244,1.0,9.166,long_nclose,9.166,0.004201862192011426,5.0
1687654920000.0,895507,1687654920000.0,0.1280000000000001,-0.0009422000000000001,2181.5408170199926,2181.6703170199926,-0.5,9.422,0.5,9.166,long_nclose,4.583,0.002100808733095549,201.0
1687655040000.0,895509,1687655040000.0,0.05120000000000005,-0.00037688000000000006,2181.5916401399923,2181.666940139992,-0.2,9.422,0.3,9.166,long_nclose,2.7498,0.0012604558751534022,2.0
1687655580000.0,895518,1687655580000.0,0.025600000000000026,-0.00018844000000000003,2181.6170516999923,2181.670251699992,-0.1,9.422,0.2,9.166,long_nclose,1.8332000000000002,0.0008402941288763335,9.0
1687660980000.0,895608,1687660980000.0,0.08679999999999986,-0.000384,2181.7034676999924,2181.7034676999924,-0.2,9.6,0.0,9.166,long_nclose,0.0,0.0,90.0
1687741320000.0,896947,1687741320000.0,0.0,-0.017510320000000003,2181.6859573799925,2181.8457573799924,9.4,9.314,9.4,9.314,long_ientry_normal,87.55160000000001,0.04013024867480999,1339.0
1687765980000.0,897358,1687765980000.0,0.24490000000000195,-0.0058236600000000005,2181.925033719993,2182.510933719993,-3.1,9.393,6.3,9.314,long_nclose,58.6782,0.026892857954866928,411.0
1687766100000.0,897360,1687766100000.0,0.16590000000000132,-0.00394506,2182.0869886599926,2182.3935886599925,-2.1,9.393,4.2,9.314,long_nclose,39.1188,0.017927241307654117,2.0
1687766820000.0,897372,1687766820000.0,0.11060000000000086,-0.00263004,2182.1949586199926,2182.3937586199927,-1.4,9.393,2.8,9.314,long_nclose,26.0792,0.011950902872808549,12.0
1687767180000.0,897378,1687767180000.0,0.07110000000000057,-0.0016907400000000003,2182.2643678799927,2182.416367879993,-0.9,9.393,1.9,9.314,long_nclose,17.6966,0.008109283302458786,6.0
1687768380000.0,897398,1687768380000.0,0.04740000000000037,-0.00112716,2182.3106407199925,2182.4185407199925,-0.6,9.393,1.3,9.314,long_nclose,12.1082,0.005548339349161235,20.0
1687768500000.0,897400,1687768500000.0,0.03160000000000025,-0.0007514400000000001,2182.3414892799924,2182.4098892799925,-0.4,9.393,0.9,9.314,long_nclose,8.3826,0.0038411037141422005,2.0
1687768620000.0,897402,1687768620000.0,0.023700000000000186,-0.00056358,2182.3646256999928,2182.4126256999925,-0.3,9.393,0.6,9.314,long_nclose,5.5884,0.0025607086616919127,2.0
1687769220000.0,897412,1687769220000.0,0.015800000000000126,-0.00037572000000000007,2182.3800499799927,2182.4116499799925,-0.2,9.393,0.4,9.314,long_nclose,3.7256,0.0017071270423472552,10.0
1687769280000.0,897413,1687769280000.0,0.007900000000000063,-0.00018786000000000003,2182.3877621199927,2182.4093621199927,-0.1,9.393,0.3,9.314,long_nclose,2.7942,0.0012803407572656506,1.0
1687769340000.0,897414,1687769340000.0,0.007900000000000063,-0.00018786000000000003,2182.3954742599926,2182.4114742599927,-0.1,9.393,0.2,9.314,long_nclose,1.8628,0.0008535574885352248,1.0
1687773960000.0,897491,1687773960000.0,0.007900000000000063,-0.00018786000000000003,2182.4031863999926,2182.411386399993,-0.1,9.393,0.1,9.314,long_nclose,0.9314,0.00042677723612400016,77.0
1687775040000.0,897509,1687775040000.0,0.007900000000000063,-0.00018786000000000003,2182.4108985399926,2182.4108985399926,-0.1,9.393,0.0,9.314,long_nclose,0.0,0.0,18.0
1687797960000.0,897891,1687797960000.0,0.0,-0.01736744,2182.3935310999927,2182.5533310999926,9.4,9.238,9.4,9.238,long_ientry_normal,86.8372,0.03978989066936585,382.0
1687849800000.0,898755,1687849800000.0,0.24180000000000365,-0.005775920000000001,2182.6295551799926,2182.9949551799928,-3.1,9.316,6.3,9.238,long_nclose,58.1994,0.026664808905330035,864.0
1687850340000.0,898764,1687850340000.0,0.16380000000000247,-0.003912720000000001,2182.7894424599926,2183.1212424599926,-2.1,9.316,4.2,9.238,long_nclose,38.7996,0.017775237155386387,9.0
1687850820000.0,898772,1687850820000.0,0.10920000000000164,-0.0026084800000000003,2182.8960339799924,2183.134033979992,-1.4,9.316,2.8,9.238,long_nclose,25.8664,0.011849579456534521,8.0
1687857000000.0,898875,1687857000000.0,0.07020000000000107,-0.0016768800000000004,2182.9645570999924,2183.114657099992,-0.9,9.316,1.9,9.238,long_nclose,17.5522,0.008040533660023143,103.0
1687857360000.0,898881,1687857360000.0,0.04680000000000071,-0.0011179200000000001,2183.0102391799924,2183.114239179992,-0.6,9.316,1.3,9.238,long_nclose,12.0094,0.00550130264368852,6.0
1687857600000.0,898885,1687857600000.0,0.031200000000000474,-0.0007452800000000001,2183.040693899992,2183.1090938999923,-0.4,9.316,0.9,9.238,long_nclose,8.3142,0.0038085410057779176,4.0
1687857660000.0,898886,1687857660000.0,0.023400000000000355,-0.0005589600000000001,2183.063534939992,2183.1121349399923,-0.3,9.316,0.6,9.238,long_nclose,5.5428,0.0025390007717536996,1.0
1687858440000.0,898899,1687858440000.0,0.015600000000000237,-0.00037264000000000004,2183.0787622999924,2183.1119622999922,-0.2,9.316,0.4,9.238,long_nclose,3.6952,0.0016926553745165408,13.0
1687858620000.0,898902,1687858620000.0,0.0078000000000001185,-0.00018632000000000002,2183.086375979992,2183.111275979992,-0.1,9.316,0.3,9.238,long_nclose,2.7714,0.0012694871034390073,3.0
1687859100000.0,898910,1687859100000.0,0.0078000000000001185,-0.00018632000000000002,2183.093989659992,2183.110389659992,-0.1,9.316,0.2,9.238,long_nclose,1.8476,0.0008463217840143273,8.0
1687860180000.0,898928,1687860180000.0,0.0078000000000001185,-0.00018632000000000002,2183.101603339992,2183.109903339992,-0.1,9.316,0.1,9.238,long_nclose,0.9238,0.00042315941621161876,18.0
1687865640000.0,899019,1687865640000.0,0.0078000000000001185,-0.00018632000000000002,2183.109217019992,2183.109217019992,-0.1,9.316,0.0,9.238,long_nclose,0.0,0.0,91.0
1687937640000.0,900219,1687937640000.0,0.0,-0.017404,2183.0918130199916,2183.1583130199915,9.5,9.16,9.5,9.16,long_ientry_normal,87.02,0.039860897961785866,1200.0
1687942860000.0,900306,1687942860000.0,0.24179999999999816,-0.00572756,2183.327885459991,2183.833485459991,-3.1,9.238,6.4,9.16,long_nclose,58.624,0.026850754021148268,87.0
1687943040000.0,900309,1687943040000.0,0.16379999999999875,-0.00387996,2183.487805499991,2183.844705499991,-2.1,9.238,4.3,9.16,long_nclose,39.388,0.01803902907118854,3.0
1687943400000.0,900315,1687943400000.0,0.10919999999999916,-0.00258664,2183.5944188599906,2183.8467188599907,-1.4,9.238,2.9,9.16,long_nclose,26.564,0.012165262821045547,6.0
1687955100000.0,900510,1687955100000.0,0.07019999999999947,-0.00166284,2183.662956019991,2183.8249560199906,-0.9,9.238,2.0,9.16,long_nclose,18.32,0.008389573102156102,195.0
1687955940000.0,900524,1687955940000.0,0.04679999999999964,-0.00110856,2183.708647459991,2183.794047459991,-0.6,9.238,1.4,9.16,long_nclose,12.824,0.005872578292400134,14.0
1687956300000.0,900530,1687956300000.0,0.031199999999999763,-0.00073904,2183.7391084199908,2183.8121084199906,-0.4,9.238,1.0,9.16,long_nclose,9.16,0.00419464026846484,6.0
1687958520000.0,900567,1687958520000.0,0.02339999999999982,-0.00055428,2183.761954139991,2183.817954139991,-0.3,9.238,0.7,9.16,long_nclose,6.412,0.0029362174699692364,37.0
1687960080000.0,900593,1687960080000.0,0.015599999999999881,-0.00036952,2183.777184619991,2183.814684619991,-0.2,9.238,0.5,9.16,long_nclose,4.58,0.0020972835654920474,26.0
1687960680000.0,900603,1687960680000.0,0.007799999999999941,-0.00018476,2183.784799859991,2183.819599859991,-0.1,9.238,0.4,9.16,long_nclose,3.664,0.0016778210015175993,10.0
1687960860000.0,900606,1687960860000.0,0.007799999999999941,-0.00018476,2183.7924150999906,2183.8182150999905,-0.1,9.238,0.3,9.16,long_nclose,2.7479999999999998,0.0012583613630117749,3.0
1687961940000.0,900624,1687961940000.0,0.007799999999999941,-0.00018476,2183.8000303399904,2183.8162303399904,-0.1,9.238,0.2,9.16,long_nclose,1.832,0.0008389046499439698,18.0
1687962360000.0,900631,1687962360000.0,0.007799999999999941,-0.00018476,2183.80764557999,2183.8158455799903,-0.1,9.238,0.1,9.16,long_nclose,0.916,0.0004194508622835793,7.0
1687967220000.0,900712,1687967220000.0,0.007799999999999941,-0.00018476,2183.81526081999,2183.81526081999,-0.1,9.238,0.0,9.16,long_nclose,0.0,0.0,81.0
1687980540000.0,900934,1687980540000.0,0.0,-0.01744128,2183.7978195399896,2183.7018195399896,9.6,9.084,9.6,9.084,long_ientry_normal,87.20639999999999,0.03993336710005954,222.0
1687994040000.0,901159,1687994040000.0,0.24639999999999987,-0.005863040000000001,2184.0383564999897,2184.53755649999,-3.2,9.161,6.4,9.084,long_nclose,58.1376,0.026619312718100734,225.0
1687994160000.0,901161,1687994160000.0,0.16169999999999993,-0.00384762,2184.1962088799896,2184.5445088799897,-2.1,9.161,4.3,9.084,long_nclose,39.0612,0.01788355819005371,2.0
1687994400000.0,901165,1687994400000.0,0.10779999999999994,-0.00256508,2184.30144379999,2184.53634379999,-1.4,9.161,2.9,9.084,long_nclose,26.3436,0.012060423287625773,4.0
1687994520000.0,901167,1687994520000.0,0.06929999999999996,-0.00164898,2184.36909481999,2184.52709481999,-0.9,9.161,2.0,9.084,long_nclose,18.168,0.008317275703581217,2.0
1687995060000.0,901176,1687995060000.0,0.04619999999999997,-0.00109932,2184.4141954999905,2184.5261954999905,-0.6,9.161,1.4,9.084,long_nclose,12.7176,0.005821972786204619,9.0
1688001300000.0,901280,1688001300000.0,0.030799999999999984,-0.0007328800000000001,2184.4442626199902,2184.5092626199903,-0.4,9.161,1.0,9.084,long_nclose,9.084,0.004158494751019549,104.0
1688001360000.0,901281,1688001360000.0,0.023099999999999985,-0.00054966,2184.46681295999,2184.52001295999,-0.3,9.161,0.7,9.084,long_nclose,6.3588,0.0029109162758960464,1.0
1688001420000.0,901282,1688001420000.0,0.015399999999999992,-0.00036644000000000005,2184.48184651999,2184.52484651999,-0.2,9.161,0.5,9.084,long_nclose,4.542,0.0020792116021635413,1.0
1688003400000.0,901315,1688003400000.0,0.007699999999999996,-0.00018322000000000002,2184.48936329999,2184.51856329999,-0.1,9.161,0.4,9.084,long_nclose,3.6336,0.0016633635581136071,33.0
1688003700000.0,901320,1688003700000.0,0.007699999999999996,-0.00018322000000000002,2184.49688007999,2184.5214800799904,-0.1,9.161,0.3,9.084,long_nclose,2.7251999999999996,0.0012475183759018279,5.0
1688004540000.0,901334,1688004540000.0,0.007699999999999996,-0.00018322000000000002,2184.5043968599903,2184.5205968599903,-0.1,9.161,0.2,9.084,long_nclose,1.8168,0.0008316760554986618,14.0
1688006760000.0,901371,1688006760000.0,0.007699999999999996,-0.00018322000000000002,2184.5119136399903,2184.5200136399903,-0.1,9.161,0.1,9.084,long_nclose,0.9084,0.00041583659687456626,37.0
1688007360000.0,901381,1688007360000.0,0.007699999999999996,-0.00018322000000000002,2184.5194304199904,2184.5194304199904,-0.1,9.161,0.0,9.084,long_nclose,0.0,0.0,10.0
1688083560000.0,902651,1688083560000.0,0.0,-0.017524360000000003,2184.5019060599902,2184.5019060599902,9.8,8.941,9.8,8.941,long_ientry_normal,87.62180000000001,0.040110653946755476,1270.0
1688091960000.0,902791,1688091960000.0,0.24319999999999597,-0.00577088,2184.73933517999,2185.25413517999,-3.2,9.017,6.6,8.941,long_nclose,59.010600000000004,0.02701036185405542,140.0
1688095740000.0,902854,1688095740000.0,0.8216999999999959,-0.0060654,2185.55496977999,2186.4129697799904,-3.3,9.19,3.3,8.941,long_nclose,29.505300000000002,0.013500140883196439,63.0
1688098740000.0,902904,1688098740000.0,0.3983999999999981,-0.0029408000000000004,2185.95042897999,2186.37882897999,-1.6,9.19,1.7,8.941,long_nclose,15.1997,0.006953359874264164,50.0
1688100420000.0,902932,1688100420000.0,0.7191000000000001,-0.0031837600000000003,2186.66634521999,2186.66634521999,-1.7,9.364,0.0,8.941,long_nclose,0.0,0.0,28.0
1688132280000.0,903463,1688132280000.0,0.0,-0.0174336,2186.64891161999,2186.66811161999,9.6,9.08,9.6,9.08,long_ientry_normal,87.16799999999999,0.03986373831518345,531.0
1688132400000.0,903465,1688132400000.0,0.24639999999999987,-0.00586048,2186.88945113999,2187.2414511399897,-3.2,9.157,6.4,9.08,long_nclose,58.112,0.026572902425272188,2.0
1688132460000.0,903466,1688132460000.0,0.0,-0.005811200000000001,2186.8836399399897,2185.3860399399896,3.2,9.08,9.6,9.08,long_ientry_partial,87.16799999999999,0.03985945955606123,1.0
1688132820000.0,903472,1688132820000.0,0.0,-0.017526960000000005,2186.86611297999,2182.47381297999,9.9,8.852,19.5,8.964246153846155,long_rentry,174.80280000000002,0.0799330141714988,6.0
1688134440000.0,903499,1688134440000.0,0.4923999999999893,-0.011751999999999999,2187.34676097999,2188.26656097999,-6.5,9.04,13.0,8.964246153846155,long_nclose,116.5352,0.05327696645034421,27.0
1688134500000.0,903500,1688134500000.0,0.32574153846153137,-0.007774399999999999,2187.6647281184514,2188.24548657999,-4.3,9.04,8.7,8.964246153846155,long_nclose,77.98894153846155,0.03564940300771665,1.0
1688134980000.0,903508,1688134980000.0,0.21968615384614906,-0.0052432,2187.879171072297,2188.3243433799894,-2.9,9.04,5.8,8.964246153846155,long_nclose,51.99262769230769,0.023763939242963626,8.0
1688135040000.0,903509,1688135040000.0,0.0,-0.007051980000000001,2187.872119092297,2188.113591399989,3.9,9.041,9.7,8.995105947660587,long_ientry_partial,87.2525276923077,0.039880085737601045,1.0
1688135640000.0,903519,1688135640000.0,0.24286096748612068,-0.00580544,2188.109174619783,2188.5894859599894,-3.2,9.071,6.5,8.995105947660587,long_nclose,58.46818865979382,0.026720873591672384,10.0
1688135700000.0,903520,1688135700000.0,0.1593775099127667,-0.0038098200000000002,2188.264742309696,2188.6470761399896,-2.1,9.071,4.4,8.995105947660587,long_nclose,39.57846616970659,0.018086690062890577,1.0
1688135760000.0,903521,1688135760000.0,0.0,-0.009604660000000001,2188.255137649696,2188.612971479989,5.3,9.061,9.7,9.031109914402741,long_ientry_partial,87.60176616970658,0.04003270215729762,1.0
1688136300000.0,903530,1688136300000.0,0.24604827391123082,-0.005829120000000001,2188.495356803607,2189.0406423599893,-3.2,9.108,6.5,9.031109914402741,long_nclose,58.70221444361782,0.026823092980811696,9.0
1688136480000.0,903533,1688136480000.0,0.0,-0.005798400000000001,2188.489558403607,2188.5027439599894,3.2,9.06,9.7,9.040640664290498,long_ientry_partial,87.69421444361782,0.040070657000340605,3.0
1688136840000.0,903539,1688136840000.0,0.24434987427040938,-0.0058348800000000015,2188.728073397878,2189.2439090799894,-3.2,9.117,6.5,9.040640664290498,long_nclose,58.76416431788824,0.02684854506693477,6.0
1688136960000.0,903541,1688136960000.0,0.16035460498995616,-0.0038291400000000004,2188.8845988628677,2189.1457799399896,-2.1,9.117,4.4,9.040640664290498,long_nclose,39.778818922878195,0.018173100100180434,2.0
1688137140000.0,903544,1688137140000.0,0.0,-0.009601479999999999,2188.8749973828676,2189.048378459989,5.3,9.058,9.7,9.050125662152391,long_ientry_partial,87.78621892287819,0.040105633728668814,3.0
1688142660000.0,903636,1688142660000.0,0.24599788111235057,-0.005841280000000001,2189.1151539839802,2189.6083371799896,-3.2,9.127,6.5,9.050125662152391,long_nclose,58.82581680399054,0.026871960891108528,92.0
1688142720000.0,903637,1688142720000.0,0.16143610947998008,-0.0038333400000000006,2189.2727567534603,2189.66820383999,-2.1,9.127,4.4,9.050125662152391,long_nclose,39.82055291347052,0.018188940957965256,1.0
1688145420000.0,903682,1688145420000.0,0.5563235432647414,-0.004093320000000001,2189.824986976725,2190.3703105199897,-2.2,9.303,2.2,9.050125662152391,long_nclose,19.91027645673526,0.009092177034760852,45.0
1688145480000.0,903683,1688145480000.0,0.2781617716323707,-0.0020466600000000005,2190.1011020883575,2190.38366385999,-1.1,9.303,1.1,9.050125662152391,long_nclose,9.95513822836763,0.004545515373182986,1.0
1688146200000.0,903695,1688146200000.0,0.12643716892380485,-0.0009303000000000001,2190.2266089572813,2190.37773355999,-0.5,9.303,0.6,9.050125662152391,long_nclose,5.430075397291435,0.0024792299459262686,12.0
1688146260000.0,903696,1688146260000.0,0.07586230135428292,-0.00055818,2190.3019130786356,2190.38137537999,-0.3,9.303,0.3,9.050125662152391,long_nclose,2.7150376986457174,0.0012395723541278954,1.0
1688162820000.0,903972,1688162820000.0,0.025287433784760973,-0.00018606000000000004,2190.3270144524204,2190.37778931999,-0.1,9.303,0.2,9.050125662152391,long_nclose,1.8100251324304784,0.0008263720990004695,276.0
1688163060000.0,903976,1688163060000.0,0.025287433784760973,-0.00018606000000000004,2190.352115826205,2190.3775032599897,-0.1,9.303,0.1,9.050125662152391,long_nclose,0.9050125662152392,0.00041318131439970173,4.0
1688163600000.0,903985,1688163600000.0,0.025287433784760973,-0.00018606000000000004,2190.37721719999,2190.37721719999,-0.1,9.303,0.0,9.050125662152391,long_nclose,0.0,0.0,9.0
1688553480000.0,910483,1688553480000.0,0.0,-0.01753206,2190.35968513999,2190.00478513999,9.1,9.633,9.1,9.633,long_ientry_normal,87.66029999999999,0.040020961212312245,6498.0
1688570040000.0,910759,1688570040000.0,0.0,-0.017467260000000002,2190.3422178799897,2187.93761787999,9.3,9.391,18.4,9.510684782608696,long_rentry,174.99659999999997,0.07989463864207368,276.0
1688633340000.0,911814,1688633340000.0,0.4899228260869529,-0.01170102,2190.8204396860765,2192.0420168599894,-6.1,9.591,12.3,9.510684782608696,long_nclose,116.98142282608696,0.05339617099923044,1055.0
1688633760000.0,911821,1688633760000.0,0.3292923913043454,-0.00786462,2191.141867457381,2191.9890522399896,-4.1,9.591,8.2,9.510684782608696,long_nclose,77.9876152173913,0.0355922253942821,7.0
1688634300000.0,911830,1688634300000.0,0.21685108695652017,-0.0051791400000000005,2191.3535394043374,2191.8887730999895,-2.7,9.591,5.5,9.510684782608696,long_nclose,52.30876630434783,0.023870528129644752,9.0
1688645340000.0,912014,1688645340000.0,0.0,-0.00727116,2191.3462682443374,2190.4401019399897,3.9,9.322,9.4,9.4324006706753,long_ientry_partial,88.66456630434782,0.04046123042680246,184.0
1688652600000.0,912135,1688652600000.0,0.0,-0.0174686,2191.3287996443373,2188.6531333399894,9.5,9.194,18.9,9.31256964573269,long_rentry,176.00756630434785,0.08032001693808555,121.0
1688666520000.0,912367,1688666520000.0,0.49411123188405115,-0.01183266,2191.811078216221,2192.8623006799894,-6.3,9.391,12.6,9.31256964573269,long_nclose,117.33837753623189,0.053534895731855825,232.0
1688673780000.0,912488,1688673780000.0,0.3294074879227008,-0.00788844,2192.132597264144,2192.850212239989,-4.2,9.391,8.4,9.31256964573269,long_nclose,78.2255850241546,0.0356846958627333,121.0
1688673900000.0,912490,1688673900000.0,0.21960499194846717,-0.00525896,2192.3469432960924,2192.7861532799893,-2.8,9.391,5.6,9.31256964573269,long_nclose,52.15039001610306,0.023787471310401882,2.0
1688673960000.0,912491,1688673960000.0,0.14117463768115748,-0.0033807600000000004,2192.4847371737737,2192.8397725199893,-1.8,9.391,3.8,9.31256964573269,long_nclose,35.387764653784224,0.01614048392391588,1.0
1688674200000.0,912495,1688674200000.0,0.09411642512077165,-0.00225384,2192.5765997588946,2192.7623186799897,-1.2,9.391,2.6,9.31256964573269,long_nclose,24.212681078904996,0.011043026310491286,4.0
1688674380000.0,912498,1688674380000.0,0.06274428341384777,-0.0015025600000000002,2192.6378414823084,2192.7880161199896,-0.8,9.391,1.8,9.31256964573269,long_nclose,16.762625362318843,0.007644958526751804,3.0
1688676900000.0,912540,1688676900000.0,0.04705821256038582,-0.00112692,2192.683772774869,2192.7802891999895,-0.6,9.391,1.2,9.31256964573269,long_nclose,11.175083574879228,0.005096532255874279,42.0
1688677800000.0,912555,1688677800000.0,0.03137214170692389,-0.0007512800000000001,2192.714393636576,2192.77713791999,-0.4,9.391,0.8,9.31256964573269,long_nclose,7.450055716586153,0.0033976407224793077,15.0
1688677860000.0,912556,1688677860000.0,0.015686070853461943,-0.00037564000000000006,2192.7297040674293,2192.77076227999,-0.2,9.391,0.6,9.31256964573269,long_nclose,5.587541787439614,0.0025482127491933634,1.0
1688687820000.0,912722,1688687820000.0,0.0,-0.0165222,2192.7131818674293,2192.5562400799895,9.0,9.179,9.6,9.187348102858293,long_ientry_partial,88.19854178743961,0.040223474057981955,166.0
1688694540000.0,912834,1688694540000.0,0.24848607085346544,-0.005929600000000001,2192.955738338283,2193.45911047999,-3.2,9.265,6.4,9.187348102858293,long_nclose,58.79902785829307,0.02681268337082269,112.0
1688694660000.0,912836,1688694660000.0,0.1630689839975867,-0.0038913000000000007,2193.114916022281,2193.45311917999,-2.1,9.265,4.3,9.187348102858293,long_nclose,39.50559684229066,0.018013464116118073,2.0
1688696520000.0,912867,1688696520000.0,0.10871265599839113,-0.0025942,2193.221034478279,2193.44042497999,-1.4,9.265,2.9,9.187348102858293,long_nclose,26.64330949828905,0.012148027526385151,31.0
1688696580000.0,912868,1688696580000.0,0.06988670742753715,-0.0016677000000000005,2193.2892534857065,2193.44655727999,-0.9,9.265,2.0,9.187348102858293,long_nclose,18.374696205716585,0.008377689434494068,1.0
1688699280000.0,912913,1688699280000.0,0.046591138285024765,-0.0011118,2193.334732823991,2193.4476454799897,-0.6,9.265,1.4,9.187348102858293,long_nclose,12.86228734400161,0.005864261004721787,45.0
1688703420000.0,912982,1688703420000.0,0.03106075885668318,-0.0007412000000000001,2193.365052382848,2193.4517042799894,-0.4,9.265,1.0,9.187348102858293,long_nclose,9.187348102858293,0.004188699958028992,69.0
1688704020000.0,912992,1688704020000.0,0.023295569142512382,-0.0005559,2193.3877920519903,2193.4463483799896,-0.3,9.265,0.7,9.187348102858293,long_nclose,6.431143672000805,0.0029320595725502085,10.0
1688704920000.0,913007,1688704920000.0,0.01553037942834159,-0.00037060000000000006,2193.4029518314182,2193.441277779989,-0.2,9.265,0.5,9.187348102858293,long_nclose,4.593674051429146,0.002094313791085939,15.0
1688707320000.0,913047,1688707320000.0,0.007765189714170795,-0.00018530000000000003,2193.4105317211324,2193.443192479989,-0.1,9.265,0.4,9.187348102858293,long_nclose,3.674939241143317,0.0016754452429202362,40.0
1688716560000.0,913201,1688716560000.0,0.007765189714170795,-0.00018530000000000003,2193.4181116108466,2193.442907179989,-0.1,9.265,0.3,9.187348102858293,long_nclose,2.756204430857488,0.0012565795897588037,154.0
1688716980000.0,913208,1688716980000.0,0.007765189714170795,-0.00018530000000000003,2193.425691500561,2193.442821879989,-0.1,9.265,0.2,9.187348102858293,long_nclose,1.8374696205716585,0.0008377168315716287,7.0
1688718120000.0,913227,1688718120000.0,0.007765189714170795,-0.00018530000000000003,2193.433271390275,2193.441336579989,-0.1,9.265,0.1,9.187348102858293,long_nclose,0.9187348102858293,0.0004188569683286982,19.0
1688718240000.0,913229,1688718240000.0,0.007765189714170795,-0.00018530000000000003,2193.440851279989,2193.440851279989,-0.1,9.265,0.0,9.187348102858293,long_nclose,0.0,0.0,2.0
1688947800000.0,917055,1688947800000.0,0.0,-0.0175503,2193.423300979989,2193.9173009799892,9.5,9.237,9.5,9.237,long_ientry_normal,87.75150000000001,0.040006641654984666,3826.0
1688956020000.0,917192,1688956020000.0,0.24179999999999816,-0.005775300000000001,2193.659325679989,2194.171325679989,-3.1,9.315,6.4,9.237,long_nclose,59.116800000000005,0.02694894294111736,137.0
1688961360000.0,917281,1688961360000.0,0.16379999999999875,-0.0039123,2193.8192133799885,2194.1503133799883,-2.1,9.315,4.3,9.237,long_nclose,39.7191,0.018105001432093988,89.0
1688961420000.0,917282,1688961420000.0,0.10919999999999916,-0.0026081999999999998,2193.9258051799884,2194.1520051799885,-1.4,9.315,2.9,9.237,long_nclose,26.7873,0.012209756563669382,1.0
1688961600000.0,917285,1688961600000.0,0.07019999999999947,-0.0016767,2193.9943284799883,2194.1463284799884,-0.9,9.315,2.0,9.237,long_nclose,18.474,0.008420258776511464,3.0
1688961660000.0,917286,1688961660000.0,0.04679999999999964,-0.0011178,2194.0400106799884,2194.1478106799887,-0.6,9.315,1.4,9.237,long_nclose,12.931799999999999,0.005894058420562762,1.0
1688963700000.0,917320,1688963700000.0,0.031199999999999763,-0.0007452,2194.0704654799883,2194.1574654799883,-0.4,9.315,1.0,9.237,long_nclose,9.237,0.004209983291479773,34.0
1688965320000.0,917347,1688965320000.0,0.02339999999999982,-0.0005589,2194.093306579988,2194.148606579988,-0.3,9.315,0.7,9.237,long_nclose,6.4658999999999995,0.0029469576250969153,27.0
1688967000000.0,917375,1688967000000.0,0.015599999999999881,-0.0003726,2194.1085339799884,2194.1445339799884,-0.2,9.315,0.5,9.237,long_nclose,4.6185,0.002104955123447017,28.0
1688967060000.0,917376,1688967060000.0,0.007799999999999941,-0.0001863,2194.116147679988,2194.146947679988,-0.1,9.315,0.4,9.237,long_nclose,3.6948000000000003,0.0016839582553124198,1.0
1688967180000.0,917378,1688967180000.0,0.007799999999999941,-0.0001863,2194.1237613799876,2194.1480613799877,-0.1,9.315,0.3,9.237,long_nclose,2.7711,0.0012629643089308348,2.0
1688967420000.0,917382,1688967420000.0,0.007799999999999941,-0.0001863,2194.1313750799873,2194.1475750799873,-0.1,9.315,0.2,9.237,long_nclose,1.8474000000000002,0.0008419732842718467,4.0
1688967540000.0,917384,1688967540000.0,0.007799999999999941,-0.0001863,2194.138988779987,2194.1469887799867,-0.1,9.315,0.1,9.237,long_nclose,0.9237000000000001,0.00042098518130504007,2.0
1688982300000.0,917630,1688982300000.0,0.007799999999999941,-0.0001863,2194.1466024799865,2194.1466024799865,-0.1,9.315,0.0,9.237,long_nclose,0.0,0.0,246.0
1689178020000.0,920892,1689178020000.0,0.0,-0.01756282,2194.1290396599866,2194.1969396599866,9.7,9.053,9.7,9.053,long_ientry_normal,87.8141,0.040022304254998656,3262.0
1689241620000.0,921952,1689241620000.0,0.24639999999999987,-0.0058432000000000015,2194.3695964599865,2194.8635964599866,-3.2,9.13,6.5,9.053,long_nclose,58.844500000000004,0.026816129832882056,1060.0
1689241680000.0,921953,1689241680000.0,0.16169999999999993,-0.0038346000000000005,2194.5274618599865,2194.8882618599864,-2.1,9.13,4.4,9.053,long_nclose,39.833200000000005,0.018151151303542636,1.0
1689241920000.0,921957,1689241920000.0,0.10779999999999994,-0.0025564000000000003,2194.632705459987,2194.860705459987,-1.4,9.13,3.0,9.053,long_nclose,27.159000000000002,0.012375191498983688,4.0
1689242040000.0,921959,1689242040000.0,0.07699999999999996,-0.0018260000000000001,2194.707879459987,2194.865879459987,-1.0,9.13,2.0,9.053,long_nclose,18.106,0.008249845079362009,2.0
1689242340000.0,921964,1689242340000.0,0.04619999999999997,-0.0010956000000000002,2194.752983859987,2194.862183859987,-0.6,9.13,1.4,9.053,long_nclose,12.6742,0.005774772875674351,5.0
1689242820000.0,921972,1689242820000.0,0.030799999999999984,-0.0007304000000000002,2194.783053459987,2194.866053459987,-0.4,9.13,1.0,9.053,long_nclose,9.053,0.004124781256046383,8.0
1689242940000.0,921974,1689242940000.0,0.023099999999999985,-0.0005478000000000001,2194.805605659987,2194.8574056599873,-0.3,9.13,0.7,9.053,long_nclose,6.3371,0.002887317210990268,2.0
1689243180000.0,921978,1689243180000.0,0.015399999999999992,-0.0003652000000000001,2194.8206404599873,2194.860140459987,-0.2,9.13,0.5,9.053,long_nclose,4.5265,0.0020623553089291814,4.0
1689244440000.0,921999,1689244440000.0,0.007699999999999996,-0.00018260000000000005,2194.8281578599876,2194.8593578599875,-0.1,9.13,0.4,9.053,long_nclose,3.6212000000000004,0.0016498785962044342,21.0
1689245520000.0,922017,1689245520000.0,0.007699999999999996,-0.00018260000000000005,2194.835675259988,2194.864775259988,-0.1,9.13,0.3,9.053,long_nclose,2.7159,0.0012374047089781742,18.0
1689245880000.0,922023,1689245880000.0,0.007699999999999996,-0.00018260000000000005,2194.8431926599883,2194.860392659988,-0.1,9.13,0.2,9.053,long_nclose,1.8106000000000002,0.00082493364722137,6.0
1689251700000.0,922120,1689251700000.0,0.007699999999999996,-0.00018260000000000005,2194.8507100599886,2194.8586100599887,-0.1,9.13,0.1,9.053,long_nclose,0.9053000000000001,0.000412465410904989,97.0
1689252000000.0,922125,1689252000000.0,0.007699999999999996,-0.00018260000000000005,2194.858227459989,2194.858227459989,-0.1,9.13,0.0,9.053,long_nclose,0.0,0.0,5.0
1689357600000.0,923885,1689357600000.0,0.0,-0.0175284,2194.8406990599888,2194.957699059989,9.0,9.738,9.0,9.738,long_ientry_normal,87.642,0.039930916187919926,1760.0
1689358260000.0,923896,1689358260000.0,0.24600000000000222,-0.0058920000000000005,2195.0808070599887,2195.4828070599888,-3.0,9.82,6.0,9.738,long_nclose,58.428,0.026617698907520554,11.0
1689358320000.0,923897,1689358320000.0,0.16400000000000148,-0.003928,2195.240879059989,2195.548879059989,-2.0,9.82,4.0,9.738,long_nclose,38.952,0.017743838670077703,1.0
1689358740000.0,923904,1689358740000.0,0.0,-0.009735,2195.2311440599888,2195.2551440599887,5.0,9.735,9.0,9.736333333333333,long_ientry_partial,87.627,0.03991698106010718,7.0
1689359460000.0,923916,1689359460000.0,0.0,-0.017655120000000003,2195.2134889399886,2193.3255889399884,9.3,9.492,18.3,9.61216393442623,long_rentry,175.9026,0.08013006520151204,12.0
1689376740000.0,924204,1689376740000.0,0.4930999999999976,-0.01182546,2195.6947634799885,2196.7053634799886,-6.1,9.693,12.2,9.61216393442623,long_nclose,117.2684,0.05340833432336452,288.0
1689383700000.0,924320,1689383700000.0,0.3233442622950804,-0.0077544,2196.0103533422835,2196.6486090799885,-4.0,9.693,8.2,9.61216393442623,long_nclose,78.81974426229507,0.03589224620108599,116.0
1689384180000.0,924328,1689384180000.0,0.21825737704917927,-0.00523422,2196.2233764993325,2196.7064748599882,-2.7,9.693,5.5,9.61216393442623,long_nclose,52.86690163934426,0.024071732504555795,8.0
1689384300000.0,924330,1689384300000.0,0.14550491803278617,-0.0034894799999999997,2196.365391937365,2196.682985379988,-1.8,9.693,3.7,9.61216393442623,long_nclose,35.56500655737705,0.016192663883674633,2.0
1689384720000.0,924337,1689384720000.0,0.09700327868852411,-0.0023263199999999998,2196.4600688960536,2196.654659059988,-1.2,9.693,2.5,9.61216393442623,long_nclose,24.030409836065573,0.010940517506490941,7.0
1689384840000.0,924339,1689384840000.0,0.06466885245901609,-0.0015508800000000001,2196.5231868685123,2196.670808179988,-0.8,9.693,1.7,9.61216393442623,long_nclose,16.34067868852459,0.0074393381259137935,2.0
1689387420000.0,924382,1689387420000.0,0.04041803278688505,-0.0009693,2196.562635601299,2196.6584388799874,-0.5,9.693,1.2,9.61216393442623,long_nclose,11.534596721311475,0.0052512031910048095,43.0
1689387480000.0,924383,1689387480000.0,0.032334426229508044,-0.0007754400000000001,2196.594194587529,2196.656463439988,-0.4,9.693,0.8,9.61216393442623,long_nclose,7.689731147540984,0.003500751830487717,1.0
1689388260000.0,924396,1689388260000.0,0.016167213114754022,-0.00038772000000000004,2196.6099740806435,2196.6596757199877,-0.2,9.693,0.6,9.61216393442623,long_nclose,5.7672983606557375,0.002625545011953954,13.0
1689388440000.0,924399,1689388440000.0,0.016167213114754022,-0.00038772000000000004,2196.625753573758,2196.6604879999877,-0.2,9.693,0.4,9.61216393442623,long_nclose,3.844865573770492,0.0017503507675420639,3.0
1689390420000.0,924432,1689390420000.0,0.008083606557377011,-0.00019386000000000002,2196.6336433203155,2196.6596941399876,-0.1,9.693,0.3,9.61216393442623,long_nclose,2.8836491803278688,0.0013127583605471401,33.0
1689390600000.0,924435,1689390600000.0,0.008083606557377011,-0.00019386000000000002,2196.641533066873,2196.6575002799877,-0.1,9.693,0.2,9.61216393442623,long_nclose,1.922432786885246,0.000875169096981069,3.0
1689395400000.0,924515,1689395400000.0,0.008083606557377011,-0.00019386000000000002,2196.64942281343,2196.6582064199874,-0.1,9.693,0.1,9.61216393442623,long_nclose,0.961216393442623,0.000437582976809979,80.0
1689395880000.0,924523,1689395880000.0,0.008083606557377011,-0.00019386000000000002,2196.6573125599875,2196.6573125599875,-0.1,9.693,0.0,9.61216393442623,long_nclose,0.0,0.0,8.0
1689474060000.0,925826,1689474060000.0,0.0,-0.0175168,2196.6397957599875,2196.2257957599872,9.2,9.52,9.2,9.52,long_ientry_normal,87.58399999999999,0.03987180791728209,1303.0
1689502680000.0,926303,1689502680000.0,0.24300000000000388,-0.005760600000000001,2196.8770351599874,2197.3606351599874,-3.0,9.601,6.2,9.52,long_nclose,59.024,0.02686722973354837,477.0
1689502920000.0,926307,1689502920000.0,0.1620000000000026,-0.0038404000000000003,2197.035194759987,2197.396394759987,-2.0,9.601,4.2,9.52,long_nclose,39.984,0.018199071228063787,4.0
1689507720000.0,926387,1689507720000.0,0.1134000000000018,-0.00268828,2197.1459064799874,2197.3699064799875,-1.4,9.601,2.8,9.52,long_nclose,26.656,0.012132102798172905,80.0
1689507900000.0,926390,1689507900000.0,0.07290000000000117,-0.0017281800000000002,2197.2170782999874,2197.3804782999873,-0.9,9.601,1.9,9.52,long_nclose,18.087999999999997,0.008232231661877894,3.0
1689508080000.0,926393,1689508080000.0,0.048600000000000775,-0.0011521200000000002,2197.2645261799876,2197.3724261799875,-0.6,9.601,1.3,9.52,long_nclose,12.376,0.005632457927819942,3.0
1689508860000.0,926406,1689508860000.0,0.03240000000000052,-0.0007680800000000002,2197.2961580999877,2197.371758099988,-0.4,9.601,0.9,9.52,long_nclose,8.568,0.0038993378149847534,13.0
1689509460000.0,926416,1689509460000.0,0.024300000000000387,-0.0005760600000000001,2197.3198820399875,2197.3702820399876,-0.3,9.601,0.6,9.52,long_nclose,5.712,0.00259953047650804,10.0
1689509700000.0,926420,1689509700000.0,0.01620000000000026,-0.0003840400000000001,2197.3356979999876,2197.369297999988,-0.2,9.601,0.4,9.52,long_nclose,3.808,0.0017330078437564351,4.0
1689517380000.0,926548,1689517380000.0,0.00810000000000013,-0.00019202000000000005,2197.3436059799874,2197.3700059799876,-0.1,9.601,0.3,9.52,long_nclose,2.856,0.0012997512051494832,128.0
1689518940000.0,926574,1689518940000.0,0.00810000000000013,-0.00019202000000000005,2197.351513959987,2197.368513959987,-0.1,9.601,0.2,9.52,long_nclose,1.904,0.0008664976850102058,26.0
1689522660000.0,926636,1689522660000.0,0.00810000000000013,-0.00019202000000000005,2197.359421939987,2197.366921939987,-0.1,9.601,0.1,9.52,long_nclose,0.952,0.0004332472833049342,62.0
1689522720000.0,926637,1689522720000.0,0.00810000000000013,-0.00019202000000000005,2197.367329919987,2197.367329919987,-0.1,9.601,0.0,9.52,long_nclose,0.0,0.0,1.0
1689550320000.0,927097,1689550320000.0,0.0,-0.01756108,2197.3497688399866,2197.4437688399867,9.4,9.341,9.4,9.341,long_ientry_normal,87.80539999999999,0.03995968290763002,460.0
1689553020000.0,927142,1689553020000.0,0.24490000000000195,-0.005840400000000001,2197.5888284399866,2198.1621284399866,-3.1,9.42,6.3,9.341,long_nclose,58.848299999999995,0.02677857624611922,45.0
1689553380000.0,927148,1689553380000.0,0.16590000000000132,-0.0039564000000000005,2197.7507720399867,2198.078372039987,-2.1,9.42,4.2,9.341,long_nclose,39.2322,0.017851068692190268,6.0
1689553440000.0,927149,1689553440000.0,0.11060000000000086,-0.0026376,2197.8587344399866,2198.0967344399864,-1.4,9.42,2.8,9.341,long_nclose,26.154799999999998,0.011900127879085108,1.0
1689556980000.0,927208,1689556980000.0,0.07110000000000057,-0.0016956,2197.928138839987,2198.0820388399866,-0.9,9.42,1.9,9.341,long_nclose,17.747899999999998,0.008074831786523698,59.0
1689589200000.0,927745,1689589200000.0,0.04740000000000037,-0.0011304000000000002,2197.9744084399867,2198.068008439987,-0.6,9.42,1.3,9.341,long_nclose,12.1433,0.005524768602114304,537.0
1689589380000.0,927748,1689589380000.0,0.0,-0.01515834,2197.9592500999865,2197.8766500999864,8.1,9.357,9.4,9.354787234042552,long_ientry_partial,87.935,0.04000756610751532,3.0
1689601500000.0,927950,1689601500000.0,0.24555957446808527,-0.00584908,2198.1989605944545,2198.6854010199863,-3.1,9.434,6.3,9.354787234042552,long_nclose,58.93515957446808,0.02681065755691667,202.0
1689601800000.0,927955,1689601800000.0,0.1663468085106384,-0.00396228,2198.3613451229653,2198.7990387399864,-2.1,9.434,4.2,9.354787234042552,long_nclose,39.29010638297872,0.01787245143758704,5.0
1689607200000.0,928045,1689607200000.0,0.1108978723404256,-0.0026415199999999996,2198.469601475306,2198.6885972199866,-1.4,9.434,2.8,9.354787234042552,long_nclose,26.193404255319145,0.011914380911949744,90.0
1689607260000.0,928046,1689607260000.0,0.07129148936170218,-0.0016981199999999998,2198.5391948446672,2198.6744990999864,-0.9,9.434,1.9,9.354787234042552,long_nclose,17.77409574468085,0.00808450255804361,1.0
1689609960000.0,928091,1689609960000.0,0.04752765957446812,-0.00113208,2198.5855904242417,2198.7028670199866,-0.6,9.434,1.3,9.354787234042552,long_nclose,12.161223404255319,0.00553138502190796,45.0
1689611460000.0,928116,1689611460000.0,0.031685106382978744,-0.0007547200000000001,2198.616520810625,2198.6896122999865,-0.4,9.434,0.9,9.354787234042552,long_nclose,8.419308510638297,0.003829366527062262,25.0
1689614400000.0,928165,1689614400000.0,0.0,-0.01593752,2198.600583290625,2198.4351747799865,8.6,9.266,9.5,9.274411422172452,long_ientry_partial,88.10690851063829,0.040074085843627635,49.0
1689615000000.0,928175,1689615000000.0,0.24362459126539715,-0.00579886,2198.83840902189,2199.3733759199863,-3.1,9.353,6.4,9.274411422172452,long_nclose,59.3562331019037,0.02699435886619206,10.0
1689615120000.0,928177,1689615120000.0,0.16503601343784968,-0.00392826,2198.9995167753277,2199.3159476599863,-2.1,9.353,4.3,9.274411422172452,long_nclose,39.879969115341545,0.018135506084067998,2.0
1689618780000.0,928238,1689618780000.0,0.0,-0.00959712,2198.989919655328,2198.9043505399864,5.2,9.228,9.5,9.24900727529911,long_ientry_partial,87.86556911534154,0.039957240517552575,61.0
1689625080000.0,928343,1689625080000.0,0.2417774465727577,-0.005782740000000001,2199.2259143619003,2199.661067799986,-3.1,9.327,6.4,9.24900727529911,long_nclose,59.193646561914306,0.026915673453715733,105.0
1689629280000.0,928413,1689629280000.0,0.16378472187186813,-0.00391734,2199.385781743772,2199.721150459986,-2.1,9.327,4.3,9.24900727529911,long_nclose,39.770731283786176,0.018082653627165924,70.0
1689629400000.0,928415,1689629400000.0,0.10918981458124541,-0.0026115599999999997,2199.4923599983535,2199.7272388999863,-1.4,9.327,2.9,9.24900727529911,long_nclose,26.82212109836742,0.012194687095156583,2.0
1689629580000.0,928418,1689629580000.0,0.07019345223080063,-0.00167886,2199.5608745905843,2199.710860039986,-0.9,9.327,2.0,9.24900727529911,long_nclose,18.49801455059822,0.008409867062234117,3.0
1689630120000.0,928427,1689630120000.0,0.04679563482053375,-0.00111924,2199.6065509854047,2199.726940799986,-0.6,9.327,1.4,9.24900727529911,long_nclose,12.948610185418755,0.005886784697753282,9.0
1689645720000.0,928687,1689645720000.0,0.1805949072906225,-0.00133098,2199.785814912695,2199.9678098199856,-0.7,9.507,0.7,9.24900727529911,long_nclose,6.474305092709377,0.00294315248730992,260.0
1689646140000.0,928694,1689646140000.0,0.07739781741026679,-0.00057042,2199.8626423101055,2199.9626393999856,-0.3,9.507,0.4,9.24900727529911,long_nclose,3.699602910119644,0.00168174268655003,7.0
1689662580000.0,928968,1689662580000.0,0.0,-0.0168168,2199.8458255101054,2199.975222599986,9.1,9.24,9.5,9.240379253696805,long_ientry_partial,87.78360291011964,0.03990443416177321,274.0
1689664380000.0,928998,1689664380000.0,0.24372431353990773,-0.005777780000000001,2200.0837720436457,2200.586944819986,-3.1,9.319,6.4,9.240379253696805,long_nclose,59.138427223659555,0.026880079738384778,30.0
1689664440000.0,928999,1689664440000.0,0.16510356723671168,-0.003913980000000001,2200.2449616308822,2200.561530839986,-2.1,9.319,4.3,9.240379253696805,long_nclose,39.73363079089626,0.018058730497646315,1.0
1689665040000.0,929009,1689665040000.0,0.11006904482447445,-0.00260932,2200.3524213557066,2200.557221519986,-1.4,9.319,2.9,9.240379253696805,long_nclose,26.797099835720733,0.012178549024983096,10.0
1689666300000.0,929030,1689666300000.0,0.07075867167287644,-0.0016774200000000002,2200.42150260738,2200.576744099986,-0.9,9.319,2.0,9.240379253696805,long_nclose,18.48075850739361,0.008398735644736663,21.0
1689666360000.0,929031,1689666360000.0,0.04717244778191763,-0.0011182800000000001,2200.467556775162,2200.5748258199865,-0.6,9.319,1.4,9.240379253696805,long_nclose,12.936530955175526,0.00587899190576312,1.0
1689668820000.0,929072,1689668820000.0,0.031448298521278416,-0.0007455200000000002,2200.4982595536835,2200.5818802999866,-0.4,9.319,1.0,9.240379253696805,long_nclose,9.240379253696805,0.004199221341611507,41.0
1689671160000.0,929111,1689671160000.0,0.023586223890958814,-0.0005591400000000001,2200.5212866375746,2200.5791211599867,-0.3,9.319,0.7,9.240379253696805,long_nclose,6.468265477587763,0.0029394241795639964,39.0
1689671640000.0,929119,1689671640000.0,0.015724149260639208,-0.0003727600000000001,2200.536638026835,2200.576448399987,-0.2,9.319,0.5,9.240379253696805,long_nclose,4.620189626848402,0.0020995740525325715,8.0
1689672060000.0,929126,1689672060000.0,0.007862074630319604,-0.00018638000000000004,2200.5443137214656,2200.580162019987,-0.1,9.319,0.4,9.240379253696805,long_nclose,3.696151701478722,0.0016796533832249667,7.0
1689674220000.0,929162,1689674220000.0,0.007862074630319604,-0.00018638000000000004,2200.551989416096,2200.5758756399873,-0.1,9.319,0.3,9.240379253696805,long_nclose,2.7721137761090415,0.001259735643348561,36.0
1689674340000.0,929164,1689674340000.0,0.007862074630319604,-0.00018638000000000004,2200.5596651107267,2200.5757892599872,-0.1,9.319,0.2,9.240379253696805,long_nclose,1.848075850739361,0.0008398208328727004,2.0
1689674520000.0,929167,1689674520000.0,0.007862074630319604,-0.00018638000000000004,2200.567340805357,2200.5755028799877,-0.1,9.319,0.1,9.240379253696805,long_nclose,0.9240379253696805,0.00041990895176673116,3.0
1689677160000.0,929211,1689677160000.0,0.007862074630319604,-0.00018638000000000004,2200.5750164999877,2200.5750164999877,-0.1,9.319,0.0,9.240379253696805,long_nclose,0.0,0.0,44.0
1689682500000.0,929300,1689682500000.0,0.0,-0.0175872,2200.5574292999877,2200.4902292999877,9.6,9.16,9.6,9.16,long_ientry_normal,87.93599999999999,0.03996078394917102,89.0
1689686340000.0,929364,1689686340000.0,0.2495999999999981,-0.00591232,2200.801116979988,2201.325916979988,-3.2,9.238,6.4,9.16,long_nclose,58.624,0.0266375728127791,64.0
1689686520000.0,929367,1689686520000.0,0.16379999999999875,-0.00387996,2200.9610370199875,2201.3136370199877,-2.1,9.238,4.3,9.16,long_nclose,39.388,0.017895818843449297,3.0
1689686880000.0,929373,1689686880000.0,0.10919999999999916,-0.00258664,2201.0676503799873,2201.2967503799873,-1.4,9.238,2.9,9.16,long_nclose,26.564,0.01206868857275425,6.0
1689687240000.0,929379,1689687240000.0,0.07019999999999947,-0.00166284,2201.1361875399875,2201.2961875399874,-0.9,9.238,2.0,9.16,long_nclose,18.32,0.008322974336483296,6.0
1689687600000.0,929385,1689687600000.0,0.04679999999999964,-0.00110856,2201.1818789799877,2201.300878979988,-0.6,9.238,1.4,9.16,long_nclose,12.824,0.005825961099562818,6.0
1689688080000.0,929393,1689688080000.0,0.031199999999999763,-0.00073904,2201.2123399399875,2201.2953399399876,-0.4,9.238,1.0,9.16,long_nclose,9.16,0.004161343198834572,8.0
1689688860000.0,929406,1689688860000.0,0.02339999999999982,-0.00055428,2201.2351856599876,2201.2946856599874,-0.3,9.238,0.7,9.16,long_nclose,6.412,0.0029129100069684357,13.0
1689689580000.0,929418,1689689580000.0,0.015599999999999881,-0.00036952,2201.250416139988,2201.290416139988,-0.2,9.238,0.5,9.16,long_nclose,4.58,0.0020806356089332527,12.0
1689689820000.0,929422,1689689820000.0,0.007799999999999941,-0.00018476,2201.2580313799876,2201.2896313799874,-0.1,9.238,0.4,9.16,long_nclose,3.664,0.0016645027287886859,4.0
1689689940000.0,929424,1689689940000.0,0.007799999999999941,-0.00018476,2201.2656466199874,2201.2905466199873,-0.1,9.238,0.3,9.16,long_nclose,2.7479999999999998,0.0012483727278529582,2.0
1689690060000.0,929426,1689690060000.0,0.007799999999999941,-0.00018476,2201.273261859987,2201.290061859987,-0.1,9.238,0.2,9.16,long_nclose,1.832,0.0008322456060961891,2.0
1689690780000.0,929438,1689690780000.0,0.007799999999999941,-0.00018476,2201.280877099987,2201.2882770999868,-0.1,9.238,0.1,9.16,long_nclose,0.916,0.0004161213634884965,12.0
1689690840000.0,929439,1689690840000.0,0.007799999999999941,-0.00018476,2201.2884923399865,2201.2884923399865,-0.1,9.238,0.0,9.16,long_nclose,0.0,0.0,1.0
1689698880000.0,929573,1689698880000.0,0.0,-0.01765788,2201.2708344599864,2201.4163344599865,9.7,9.102,9.7,9.102,long_ientry_normal,88.2894,0.040108376769394244,134.0
1689699120000.0,929577,1689699120000.0,0.24639999999999987,-0.005874560000000001,2201.5113598999865,2202.0443598999864,-3.2,9.179,6.5,9.102,long_nclose,59.163000000000004,0.02687381090901468,4.0
1689699480000.0,929583,1689699480000.0,0.16169999999999993,-0.00385518,2201.6692047199867,2202.003604719987,-2.1,9.179,4.4,9.102,long_nclose,40.04880000000001,0.01819019856122914,6.0
1689699540000.0,929584,1689699540000.0,0.10779999999999994,-0.00257012,2201.7744345999868,2201.996434599987,-1.4,9.179,3.0,9.102,long_nclose,27.306,0.012401815358965639,1.0
1689699600000.0,929585,1689699600000.0,0.07699999999999996,-0.0018358,2201.849598799987,2202.0095987999866,-1.0,9.179,2.0,9.102,long_nclose,18.204,0.008267594666738919,1.0
1689700140000.0,929594,1689700140000.0,0.04619999999999997,-0.00110148,2201.894697319987,2202.0038973199867,-0.6,9.179,1.4,9.102,long_nclose,12.742799999999999,0.005787197732711634,9.0
1689700500000.0,929600,1689700500000.0,0.030799999999999984,-0.0007343200000000001,2201.924762999987,2202.003762999987,-0.4,9.179,1.0,9.102,long_nclose,9.102,0.004133656223384802,6.0
1689700980000.0,929608,1689700980000.0,0.023099999999999985,-0.00055074,2201.9473122599866,2202.0005122599864,-0.3,9.179,0.7,9.102,long_nclose,6.3713999999999995,0.0028935297245875793,8.0
1689702240000.0,929629,1689702240000.0,0.015399999999999992,-0.00036716000000000006,2201.9623450999866,2202.0028450999866,-0.2,9.179,0.5,9.102,long_nclose,4.551,0.0020667928360025376,21.0
1689702420000.0,929632,1689702420000.0,0.007699999999999996,-0.00018358000000000003,2201.969861519987,2202.001861519987,-0.1,9.179,0.4,9.102,long_nclose,3.6408000000000005,0.001653428624807249,3.0
1689702840000.0,929639,1689702840000.0,0.007699999999999996,-0.00018358000000000003,2201.977377939987,2202.0028779399872,-0.1,9.179,0.3,9.102,long_nclose,2.7306,0.0012400672356382492,7.0
1689703380000.0,929648,1689703380000.0,0.007699999999999996,-0.00018358000000000003,2201.9848943599873,2202.0002943599875,-0.1,9.179,0.2,9.102,long_nclose,1.8204000000000002,0.0008267086684666401,9.0
1689703440000.0,929649,1689703440000.0,0.007699999999999996,-0.00018358000000000003,2201.9924107799875,2202.0006107799877,-0.1,9.179,0.1,9.102,long_nclose,0.9102000000000001,0.00041335292326352295,1.0
1689703560000.0,929651,1689703560000.0,0.007699999999999996,-0.00018358000000000003,2201.9999271999877,2201.9999271999877,-0.1,9.179,0.0,9.102,long_nclose,0.0,0.0,2.0
1690020060000.0,934926,1690020060000.0,0.0,-0.0176985,2201.982228699988,2201.649728699988,9.5,9.315,9.5,9.315,long_ientry_normal,88.49249999999999,0.04018765403581137,5275.0
1690034880000.0,935173,1690034880000.0,0.24490000000000195,-0.00582428,2202.221304419988,2202.746104419988,-3.1,9.394,6.4,9.315,long_nclose,59.616,0.027070848819937928,247.0
1690035000000.0,935175,1690035000000.0,0.16590000000000132,-0.00394548,2202.383258939988,2202.727258939988,-2.1,9.394,4.3,9.315,long_nclose,40.0545,0.01818688906093407,2.0
1690035180000.0,935178,1690035180000.0,0.11060000000000086,-0.0026303200000000002,2202.491228619988,2202.714528619988,-1.4,9.394,2.9,9.315,long_nclose,27.013499999999997,0.012264975065042965,3.0
1690035600000.0,935185,1690035600000.0,0.07110000000000057,-0.0016909200000000003,2202.560637699988,2202.728637699988,-0.9,9.394,2.0,9.315,long_nclose,18.63,0.008458336937980638,7.0
1690035840000.0,935189,1690035840000.0,0.04740000000000037,-0.00112728,2202.606910419988,2202.724510419988,-0.6,9.394,1.4,9.315,long_nclose,13.040999999999999,0.005920711470715114,4.0
1690038960000.0,935241,1690038960000.0,0.03160000000000025,-0.0007515200000000001,2202.6377588999876,2202.7177588999875,-0.4,9.394,1.0,9.315,long_nclose,9.315,0.00422902039264594,52.0
1690039560000.0,935251,1690039560000.0,0.023700000000000186,-0.00056364,2202.6608952599877,2202.7168952599877,-0.3,9.394,0.7,9.315,long_nclose,6.520499999999999,0.0029602831802352228,10.0
1690039740000.0,935254,1690039740000.0,0.015800000000000126,-0.00037576000000000005,2202.6763194999876,2202.7163194999875,-0.2,9.394,0.5,9.315,long_nclose,4.6575,0.0021144731791810714,3.0
1690040580000.0,935268,1690040580000.0,0.007900000000000063,-0.00018788000000000002,2202.6840316199878,2202.716031619988,-0.1,9.394,0.4,9.315,long_nclose,3.726,0.0016915726207265747,14.0
1690042860000.0,935306,1690042860000.0,0.007900000000000063,-0.00018788000000000002,2202.691743739988,2202.716643739988,-0.1,9.394,0.3,9.315,long_nclose,2.7944999999999998,0.0012686750236123238,38.0
1690043340000.0,935314,1690043340000.0,0.007900000000000063,-0.00018788000000000002,2202.699455859988,2202.716655859988,-0.1,9.394,0.2,9.315,long_nclose,1.863,0.000845780387807214,8.0
1690067880000.0,935723,1690067880000.0,0.0,-0.01730728,2202.6821485799883,2202.765948579988,9.4,9.206,9.6,9.208270833333334,long_ientry_partial,88.3994,0.04013261743506152,409.0
1690075020000.0,935842,1690075020000.0,0.24873333333333109,-0.00594304,2202.9249388733215,2203.428805539988,-3.2,9.286,6.4,9.208270833333334,long_nclose,58.93293333333334,0.02675212954077064,119.0
1690078080000.0,935893,1690078080000.0,0.16323124999999852,-0.00390012,2203.0842700033218,2203.4314054199886,-2.1,9.286,4.3,9.208270833333334,long_nclose,39.595564583333335,0.01797278711597974,51.0
1690078260000.0,935896,1690078260000.0,0.10882083333333234,-0.00260008,2203.1904907566554,2203.424605339989,-1.4,9.286,2.9,9.208270833333334,long_nclose,26.703985416666665,0.012120597619089917,3.0
1690086600000.0,936035,1690086600000.0,0.06995624999999937,-0.0016714800000000001,2203.2587755266554,2203.4162338599886,-0.9,9.286,2.0,9.208270833333334,long_nclose,18.416541666666667,0.008358773772392884,139.0
1690086720000.0,936037,1690086720000.0,0.046637499999999575,-0.0011143199999999998,2203.3042987066556,2203.4145195399888,-0.6,9.286,1.4,9.208270833333334,long_nclose,12.891579166666666,0.005851020748352396,2.0
1690086840000.0,936039,1690086840000.0,0.031091666666666386,-0.00074288,2203.3346474933223,2203.421376659989,-0.4,9.286,1.0,9.208270833333334,long_nclose,9.208270833333334,0.004179242968747098,2.0
1690096560000.0,936201,1690096560000.0,0.023318749999999788,-0.0005571599999999999,2203.357409083322,2203.413919499989,-0.3,9.286,0.7,9.208270833333334,long_nclose,6.445789583333333,0.0029254398568115277,162.0
1690096680000.0,936203,1690096680000.0,0.015545833333333193,-0.00037144,2203.3725834766556,2203.410448059989,-0.2,9.286,0.5,9.208270833333334,long_nclose,4.604135416666667,0.002089585506869609,2.0
1690096740000.0,936204,1690096740000.0,0.007772916666666596,-0.00018572,2203.380170673322,2203.4112623399888,-0.1,9.286,0.4,9.208270833333334,long_nclose,3.6833083333333336,0.0016716626492139877,1.0
1690096800000.0,936205,1690096800000.0,0.007772916666666596,-0.00018572,2203.3877578699885,2203.4113766199885,-0.1,9.286,0.3,9.208270833333334,long_nclose,2.76248125,0.0012537426697289478,1.0
1690101780000.0,936288,1690101780000.0,0.007772916666666596,-0.00018572,2203.395345066655,2203.411490899988,-0.1,9.286,0.2,9.208270833333334,long_nclose,1.8416541666666668,0.000835825568384758,83.0
1690101900000.0,936290,1690101900000.0,0.007772916666666596,-0.00018572,2203.4029322633214,2203.410205179988,-0.1,9.286,0.1,9.208270833333334,long_nclose,0.9208270833333334,0.00041791134515168575,2.0
1690101960000.0,936291,1690101960000.0,0.007772916666666596,-0.00018572,2203.410519459988,2203.410519459988,-0.1,9.286,0.0,9.208270833333334,long_nclose,0.0,0.0,1.0
1690192200000.0,937795,1690192200000.0,0.0,-0.01756282,2203.392956639988,2202.277456639988,9.7,9.053,9.7,9.053,long_ientry_normal,87.8141,0.03985403499424362,1504.0
1690192260000.0,937796,1690192260000.0,0.0,-0.017652,2203.375304639988,2202.256904639988,10.0,8.826,19.7,8.93777157360406,long_rentry,176.0741,0.07991107989147993,1.0
1690193040000.0,937809,1690193040000.0,0.48898477157360976,-0.0117169,2203.8525725115614,2204.871987739988,-6.5,9.013,13.2,8.93777157360406,long_nclose,117.97858477157358,0.05353288429684861,13.0
1690193760000.0,937821,1690193760000.0,0.33100507614213587,-0.007931440000000001,2204.1756461477034,2204.890456299988,-4.4,9.013,8.8,8.93777157360406,long_nclose,78.65238984771574,0.035683358531421315,12.0
1690194360000.0,937831,1690194360000.0,0.2181624365482259,-0.00522754,2204.3885810442516,2204.8501287599875,-2.9,9.013,5.9,8.93777157360406,long_nclose,52.732852284263956,0.023921758957435545,10.0
1690194600000.0,937835,1690194600000.0,0.0,-0.00703248,2204.3815485642517,2204.8332962799877,3.9,9.016,9.8,8.968903294312648,long_ientry_partial,87.89525228426396,0.039872975865503646,4.0
1690196340000.0,937864,1690196340000.0,0.24350945819952585,-0.005788800000000001,2204.6192692224513,2205.101707479988,-3.2,9.045,6.6,8.968903294312648,long_nclose,59.19476174246348,0.026850333102341483,29.0
1690196460000.0,937866,1690196460000.0,0.16741275251217402,-0.0039798,2204.7827021749636,2205.104327679988,-2.2,9.045,4.4,8.968903294312648,long_nclose,39.463174494975654,0.017898895186381047,2.0
1690196640000.0,937869,1690196640000.0,0.10653538796229256,-0.0025326,2204.8867049629257,2205.1239950799877,-1.4,9.045,3.0,8.968903294312648,long_nclose,26.906709882937946,0.012203216529164193,3.0
1690196760000.0,937871,1690196760000.0,0.07609670568735183,-0.001809,2204.960992668613,2205.109186079988,-1.0,9.045,2.0,8.968903294312648,long_nclose,17.937806588625296,0.008135203592384456,2.0
1690196820000.0,937872,1690196820000.0,0.0456580234124111,-0.0010854,2205.005565292025,2205.1149006799874,-0.6,9.045,1.4,8.968903294312648,long_nclose,12.556464612037706,0.005694527401510101,1.0
1690197000000.0,937875,1690197000000.0,0.03043868227494073,-0.0007236000000000001,2205.0352803743,2205.111377079987,-0.4,9.045,1.0,8.968903294312648,long_nclose,8.968903294312648,0.004067464758563952,3.0
1690197240000.0,937879,1690197240000.0,0.02282901170620555,-0.0005427,2205.057566686006,2205.109434379987,-0.3,9.045,0.7,8.968903294312648,long_nclose,6.278232306018853,0.0028471965543532024,4.0
1690197300000.0,937880,1690197300000.0,0.015219341137470366,-0.00036180000000000007,2205.072424227143,2205.105972579987,-0.2,9.045,0.5,8.968903294312648,long_nclose,4.484451647156324,0.0020336981216061787,1.0
1690197420000.0,937882,1690197420000.0,0.007609670568735183,-0.00018090000000000003,2205.079852997712,2205.1126916799867,-0.1,9.045,0.4,8.968903294312648,long_nclose,3.5875613177250596,0.001626953016167611,2.0
1690197600000.0,937885,1690197600000.0,0.007609670568735183,-0.00018090000000000003,2205.0872817682807,2205.110710779987,-0.1,9.045,0.3,8.968903294312648,long_nclose,2.6906709882937943,0.001220210651315407,3.0
1690197960000.0,937891,1690197960000.0,0.007609670568735183,-0.00018090000000000003,2205.0947105388495,2205.110129879987,-0.1,9.045,0.2,8.968903294312648,long_nclose,1.7937806588625298,0.0008134710270218694,6.0
1690198140000.0,937894,1690198140000.0,0.007609670568735183,-0.00018090000000000003,2205.1021393094184,2205.109948979987,-0.1,9.045,0.1,8.968903294312648,long_nclose,0.8968903294312649,0.00040673414325929956,3.0
1690198980000.0,937908,1690198980000.0,0.007609670568735183,-0.00018090000000000003,2205.109568079987,2205.109568079987,-0.1,9.045,0.0,8.968903294312648,long_nclose,0.0,0.0,14.0
1690211340000.0,938114,1690211340000.0,0.0,-0.017639820000000004,2205.091928259987,2205.1909282599872,9.9,8.909,9.9,8.909,long_ientry_normal,88.19910000000002,0.039997924290438504,206.0
1690212060000.0,938126,1690212060000.0,0.24749999999999764,-0.00592944,2205.333498819987,2205.868098819987,-3.3,8.984,6.6,8.909,long_nclose,58.7994,0.026662361965417897,12.0
1690214580000.0,938168,1690214580000.0,0.16499999999999845,-0.00395296,2205.4945458599873,2205.815745859987,-2.2,8.984,4.4,8.909,long_nclose,39.199600000000004,0.017773610038430147,42.0
1690214640000.0,938169,1690214640000.0,0.104999999999999,-0.00251552,2205.597030339987,2205.8250303399873,-1.4,8.984,3.0,8.909,long_nclose,26.727000000000004,0.012117807392894479,1.0
1690225200000.0,938345,1690225200000.0,0.07499999999999929,-0.0017968,2205.670233539987,2205.816233539987,-1.0,8.984,2.0,8.909,long_nclose,17.818,0.008078270146214482,176.0
1690225260000.0,938346,1690225260000.0,0.044999999999999575,-0.00107808,2205.714155459987,2205.824755459987,-0.6,8.984,1.4,8.909,long_nclose,12.4726,0.005654676499729368,1.0
1690227060000.0,938376,1690227060000.0,0.029999999999999718,-0.0007187200000000001,2205.7434367399874,2205.8224367399876,-0.4,8.984,1.0,8.909,long_nclose,8.909,0.004039001024147756,30.0
1690229400000.0,938415,1690229400000.0,0.022499999999999788,-0.00053904,2205.7653976999873,2205.818597699987,-0.3,8.984,0.7,8.909,long_nclose,6.2363,0.002827272567836436,39.0
1690232040000.0,938459,1690232040000.0,0.014999999999999859,-0.00035936000000000003,2205.780038339987,2205.818038339987,-0.2,8.984,0.5,8.909,long_nclose,4.4545,0.0020194670015022628,44.0
1690232280000.0,938463,1690232280000.0,0.0074999999999999295,-0.00017968000000000001,2205.787358659987,2205.818158659987,-0.1,8.984,0.4,8.909,long_nclose,3.5636000000000005,0.0016155682396171147,4.0
1690232400000.0,938465,1690232400000.0,0.0074999999999999295,-0.00017968000000000001,2205.794678979987,2205.819878979987,-0.1,8.984,0.3,8.909,long_nclose,2.6727000000000003,0.0012116721585510041,2.0
1690232640000.0,938469,1690232640000.0,0.0074999999999999295,-0.00017968000000000001,2205.801999299987,2205.818599299987,-0.1,8.984,0.2,8.909,long_nclose,1.7818000000000003,0.0008077787582772414,4.0
1690233720000.0,938487,1690233720000.0,0.0074999999999999295,-0.00017968000000000001,2205.809319619987,2205.817019619987,-0.1,8.984,0.1,8.909,long_nclose,0.8909000000000001,0.0004038880387691366,18.0
1690235580000.0,938518,1690235580000.0,0.0074999999999999295,-0.00017968000000000001,2205.816639939987,2205.816639939987,-0.1,8.984,0.0,8.909,long_nclose,0.0,0.0,31.0
1690747260000.0,947046,1690747260000.0,0.0,-0.017612100000000002,2205.799027839987,2205.828727839987,9.9,8.895,9.9,8.895,long_ientry_normal,88.0605,0.03992226802558373,8528.0
1690749780000.0,947088,1690749780000.0,0.2475000000000035,-0.0059202000000000005,2206.040607639987,2206.5752076399867,-3.3,8.97,6.6,8.895,long_nclose,58.706999999999994,0.02661193080339736,42.0
1690750140000.0,947094,1690750140000.0,0.16500000000000237,-0.0039468,2206.2016608399867,2206.5404608399867,-2.2,8.97,4.4,8.895,long_nclose,39.138,0.01773999208444918,6.0
1690750260000.0,947096,1690750260000.0,0.10500000000000148,-0.0025116,2206.3041492399866,2206.5201492399865,-1.4,8.97,3.0,8.895,long_nclose,26.685,0.01209488728432672,2.0
1690750500000.0,947100,1690750500000.0,0.07500000000000107,-0.0017940000000000002,2206.3773552399866,2206.5453552399867,-1.0,8.97,2.0,8.895,long_nclose,17.79,0.00806299065649402,4.0
1690753140000.0,947144,1690753140000.0,0.04500000000000064,-0.0010764000000000001,2206.421278839987,2206.527678839987,-0.6,8.97,1.4,8.895,long_nclose,12.453,0.0056439811016267445,44.0
1690754400000.0,947165,1690754400000.0,0.03000000000000043,-0.0007176000000000001,2206.450561239987,2206.517561239987,-0.4,8.97,1.0,8.895,long_nclose,8.895,0.004031361570594703,21.0
1690754460000.0,947166,1690754460000.0,0.02250000000000032,-0.0005382000000000001,2206.472523039987,2206.5299230399874,-0.3,8.97,0.7,8.895,long_nclose,6.2265,0.002821925011520825,1.0
1690758540000.0,947234,1690758540000.0,0.015000000000000215,-0.00035880000000000005,2206.487164239987,2206.524664239987,-0.2,8.97,0.5,8.895,long_nclose,4.4475,0.002015647347548436,68.0
1690758660000.0,947236,1690758660000.0,0.007500000000000107,-0.00017940000000000002,2206.4944848399873,2206.5248848399874,-0.1,8.97,0.4,8.895,long_nclose,3.558,0.0016125125281054224,2.0
1690790640000.0,947769,1690790640000.0,0.007500000000000107,-0.00017940000000000002,2206.5018054399875,2206.5249054399874,-0.1,8.97,0.3,8.895,long_nclose,2.6685,0.001209380383655697,533.0
1690805640000.0,948019,1690805640000.0,0.007500000000000107,-0.00017940000000000002,2206.5091260399877,2206.524526039988,-0.1,8.97,0.2,8.895,long_nclose,1.779,0.0008062509141726341,250.0
1690805880000.0,948023,1690805880000.0,0.007500000000000107,-0.00017940000000000002,2206.516446639988,2206.524346639988,-0.1,8.97,0.1,8.895,long_nclose,0.8895,0.0004031241196296098,4.0
1690812720000.0,948137,1690812720000.0,0.007500000000000107,-0.00017940000000000002,2206.523767239988,2206.523767239988,-0.1,8.97,0.0,8.895,long_nclose,0.0,0.0,114.0
1690833840000.0,948489,1690833840000.0,0.0,-0.01771944,2206.506047799988,2206.4959477999882,10.1,8.772,10.1,8.772,long_ientry_normal,88.5972,0.04015271115541987,352.0
1690834920000.0,948507,1690834920000.0,0.24419999999999947,-0.00583836,2206.7444094399884,2207.3088094399886,-3.3,8.846,6.8,8.772,long_nclose,59.6496,0.02703058847451094,18.0
1690837860000.0,948556,1690837860000.0,0.16279999999999967,-0.0038922400000000004,2206.9033171999886,2207.2483171999884,-2.2,8.846,4.6,8.772,long_nclose,40.3512,0.01828408144820573,49.0
1690838040000.0,948559,1690838040000.0,0.11099999999999977,-0.0026538,2207.0116633999883,2207.2596633999883,-1.5,8.846,3.1,8.772,long_nclose,27.1932,0.012321276072509652,3.0
1690839300000.0,948580,1690839300000.0,0.07399999999999984,-0.0017692,2207.083894199988,2207.243494199988,-1.0,8.846,2.1,8.772,long_nclose,18.421200000000002,0.008346397727974549,21.0
1690840260000.0,948596,1690840260000.0,0.05179999999999989,-0.00123844,2207.134455759988,2207.243655759988,-0.7,8.846,1.4,8.772,long_nclose,12.2808,0.005564137684476191,16.0
1690840560000.0,948601,1690840560000.0,0.02959999999999994,-0.00070768,2207.1633480799883,2207.2443480799884,-0.4,8.846,1.0,8.772,long_nclose,8.772,0.003974332034659222,5.0
1690841640000.0,948619,1690841640000.0,0.022199999999999952,-0.00053076,2207.185017319988,2207.2361173199884,-0.3,8.846,0.7,8.772,long_nclose,6.1404,0.0027820051114046643,18.0
1690841700000.0,948620,1690841700000.0,0.01479999999999997,-0.00035384,2207.199463479988,2207.237963479988,-0.2,8.846,0.5,8.772,long_nclose,4.386,0.001987133502236721,1.0
1690843680000.0,948653,1690843680000.0,0.007399999999999985,-0.00017692,2207.206686559988,2207.2370865599883,-0.1,8.846,0.4,8.772,long_nclose,3.5088000000000004,0.0015897015994766636,33.0
1690844820000.0,948672,1690844820000.0,0.007399999999999985,-0.00017692,2207.2139096399883,2207.2373096399883,-0.1,8.846,0.3,8.772,long_nclose,2.6316,0.0011922722978984996,19.0
1690848240000.0,948729,1690848240000.0,0.007399999999999985,-0.00017692,2207.2211327199884,2207.2361327199883,-0.1,8.846,0.2,8.772,long_nclose,1.7544000000000002,0.000794845597476692,57.0
1690848600000.0,948735,1690848600000.0,0.007399999999999985,-0.00017692,2207.2283557999885,2207.2355557999886,-0.1,8.846,0.1,8.772,long_nclose,0.8772000000000001,0.00039742149818570424,6.0
1690848720000.0,948737,1690848720000.0,0.007399999999999985,-0.00017692,2207.2355788799887,2207.2355788799887,-0.1,8.846,0.0,8.772,long_nclose,0.0,0.0,2.0
1690855800000.0,948855,1690855800000.0,0.0,-0.01762046,2207.2179584199885,2206.1776584199883,10.1,8.723,10.1,8.723,long_ientry_normal,88.1023,0.03991554149145607,118.0
1690871760000.0,949121,1690871760000.0,0.24419999999999947,-0.00580602,2207.4563523999886,2207.9527523999886,-3.3,8.797,6.8,8.723,long_nclose,59.3164,0.02687092767905018,266.0
1690871820000.0,949122,1690871820000.0,0.16279999999999967,-0.003870680000000001,2207.6152817199886,2207.9602817199884,-2.2,8.797,4.6,8.723,long_nclose,40.1258,0.018176083637515564,1.0
1690873380000.0,949148,1690873380000.0,0.11099999999999977,-0.0026391,2207.7236426199884,2207.9561426199884,-1.5,8.797,3.1,8.723,long_nclose,27.041300000000003,0.0122484986245421,26.0
1690874040000.0,949159,1690874040000.0,0.07399999999999984,-0.0017594000000000002,2207.7958832199884,2207.953383219988,-1.0,8.797,2.1,8.723,long_nclose,18.3183,0.00829709854032495,11.0
1690874160000.0,949161,1690874160000.0,0.05179999999999989,-0.00123158,2207.8464516399886,2207.9500516399885,-0.7,8.797,1.4,8.723,long_nclose,12.212200000000001,0.005531272335958317,2.0
1690874700000.0,949170,1690874700000.0,0.02959999999999994,-0.0007037600000000001,2207.8753478799886,2207.952347879989,-0.4,8.797,1.0,8.723,long_nclose,8.723,0.0039508571026783115,9.0
1690874880000.0,949173,1690874880000.0,0.022199999999999952,-0.00052782,2207.8970200599883,2207.9488200599885,-0.3,8.797,0.7,8.723,long_nclose,6.1061000000000005,0.0027655728254183244,3.0
1690875000000.0,949175,1690875000000.0,0.01479999999999997,-0.00035188000000000005,2207.9114681799883,2207.948468179988,-0.2,8.797,0.5,8.723,long_nclose,4.3615,0.0019753962343405213,2.0
1690875120000.0,949177,1690875120000.0,0.007399999999999985,-0.00017594000000000003,2207.918692239988,2207.947892239988,-0.1,8.797,0.4,8.723,long_nclose,3.4892000000000003,0.0015803118168541436,2.0
1690875180000.0,949178,1690875180000.0,0.007399999999999985,-0.00017594000000000003,2207.925916299988,2207.9472162999878,-0.1,8.797,0.3,8.723,long_nclose,2.6169000000000002,0.001185229984702279,1.0
1690875240000.0,949179,1690875240000.0,0.007399999999999985,-0.00017594000000000003,2207.9331403599876,2207.9477403599876,-0.1,8.797,0.2,8.723,long_nclose,1.7446000000000002,0.0007901507378595511,1.0
1690875300000.0,949180,1690875300000.0,0.007399999999999985,-0.00017594000000000003,2207.9403644199874,2207.9479644199873,-0.1,8.797,0.1,8.723,long_nclose,0.8723000000000001,0.0003950740763005834,1.0
1690875660000.0,949186,1690875660000.0,0.007399999999999985,-0.00017594000000000003,2207.947588479987,2207.947588479987,-0.1,8.797,0.0,8.723,long_nclose,0.0,0.0,6.0
1690903800000.0,949655,1690903800000.0,0.0,-0.0176052,2207.929983279987,2208.256383279987,10.2,8.63,10.2,8.63,long_ientry_normal,88.026,0.039868112062699156,469.0
1690903920000.0,949657,1690903920000.0,0.2481999999999953,-0.005918039999999999,2208.172265239987,2208.6482652399873,-3.4,8.703,6.8,8.63,long_nclose,58.684000000000005,0.026575825139992938,2.0
1690903980000.0,949658,1690903980000.0,0.16059999999999697,-0.00382932,2208.3290359199873,2208.7016359199874,-2.2,8.703,4.6,8.63,long_nclose,39.698,0.017976487812406933,1.0
1690931280000.0,950113,1690931280000.0,0.5542999999999991,-0.00408066,2208.879255259987,2209.456555259987,-2.3,8.871,2.3,8.63,long_nclose,19.849,0.008986004985439439,455.0
1690969740000.0,950754,1690969740000.0,0.26509999999999967,-0.0019516200000000003,2209.142403639987,2209.432803639987,-1.1,8.871,1.2,8.63,long_nclose,10.356,0.004687791960779213,641.0
1690969980000.0,950758,1690969980000.0,0.14459999999999978,-0.0010645200000000002,2209.2859391199872,2209.429939119987,-0.6,8.871,0.6,8.63,long_nclose,5.178,0.0023437436994065714,4.0
1690970040000.0,950759,1690970040000.0,0.07229999999999989,-0.0005322600000000001,2209.357706859987,2209.430306859987,-0.3,8.871,0.3,8.63,long_nclose,2.589,0.001171833783167495,1.0
1690970520000.0,950767,1690970520000.0,0.02409999999999997,-0.00017742000000000002,2209.381629439987,2209.430429439987,-0.1,8.871,0.2,8.63,long_nclose,1.7260000000000002,0.0007812140632478645,8.0
1690971660000.0,950786,1690971660000.0,0.02409999999999997,-0.00017742000000000002,2209.405552019987,2209.4301520199874,-0.1,8.871,0.1,8.63,long_nclose,0.8630000000000001,0.0003906028022836221,19.0
1690987020000.0,951042,1690987020000.0,0.02409999999999997,-0.00017742000000000002,2209.4294745999873,2209.4294745999873,-0.1,8.871,0.0,8.63,long_nclose,0.0,0.0,256.0
1690995120000.0,951177,1690995120000.0,0.0,-0.01763258,2209.4118420199875,2209.7047420199874,10.1,8.729,10.1,8.729,long_ientry_normal,88.1629,0.03990333459939988,135.0
1691174580000.0,954168,1691174580000.0,0.0,-0.017700800000000003,2209.3941412199874,2206.6697412199874,10.4,8.51,20.5,8.61789756097561,long_rentry,176.6669,0.07996169479405234,2991.0
1691424840000.0,958339,1691424840000.0,0.0,-0.017691400000000003,2209.3764498199876,2203.5643498199875,10.6,8.345,31.1,8.52488424437299,long_rentry,265.1239,0.11999942337649222,4171.0
1691495940000.0,959524,1691495940000.0,0.7427922829582031,-0.01770982,2210.1015322829458,2211.6015399999874,-10.3,8.597,20.8,8.52488424437299,long_nclose,177.3175922829582,0.0802305186856263,1185.0
1691496000000.0,959525,1691496000000.0,0.49759871382636905,-0.01186386,2210.587267136772,2211.5340761399875,-6.9,8.597,13.9,8.52488424437299,long_nclose,118.49589099678455,0.05360380599236169,1.0
1691496060000.0,959526,1691496060000.0,0.331732475884246,-0.007909239999999998,2210.911090372656,2211.5445668999873,-4.6,8.597,9.3,8.52488424437299,long_nclose,79.2814234726688,0.035859164042325045,1.0
1691498580000.0,959568,1691498580000.0,0.223558842443731,-0.005330140000000001,2211.1293190751,2211.5888367599873,-3.1,8.597,6.2,8.52488424437299,long_nclose,52.854282315112535,0.023903749934093006,42.0
1691498940000.0,959574,1691498940000.0,0.14423151125402,-0.0034388,2211.270111786354,2211.577197959987,-2.0,8.597,4.2,8.52488424437299,long_nclose,35.80451382636656,0.016191831850629147,6.0
1691500320000.0,959597,1691500320000.0,0.100962057877814,-0.0024071599999999998,2211.368666684232,2211.5705907999873,-1.4,8.597,2.8,8.52488424437299,long_nclose,23.86967588424437,0.010794073482118662,23.0
1691500380000.0,959598,1691500380000.0,0.06490418006430901,-0.0015474599999999999,2211.432023404296,2211.5747433399874,-0.9,8.597,1.9,8.52488424437299,long_nclose,16.19728006430868,0.007324340017186898,1.0
1691500500000.0,959600,1691500500000.0,0.043269453376206,-0.0010316400000000001,2211.4742612176724,2211.5641116999873,-0.6,8.597,1.3,8.52488424437299,long_nclose,11.082349517684888,0.005011294823563885,2.0
1691500620000.0,959602,1691500620000.0,0.028846302250804003,-0.00068776,2211.502419759923,2211.5655239399875,-0.4,8.597,0.9,8.52488424437299,long_nclose,7.672395819935691,0.00346931378025288,2.0
1691518500000.0,959900,1691518500000.0,0.021634726688103,-0.0005158200000000001,2211.5235386666113,2211.5668081199874,-0.3,8.597,0.6,8.52488424437299,long_nclose,5.1149305466237935,0.0023128537667330127,298.0
1691518560000.0,959901,1691518560000.0,0.014423151125402002,-0.00034388,2211.5376179377367,2211.5660642399876,-0.2,8.597,0.4,8.52488424437299,long_nclose,3.409953697749196,0.0015418926949698395,1.0
1691518740000.0,959904,1691518740000.0,0.007211575562701001,-0.00017194,2211.5446575732994,2211.5677922999876,-0.1,8.597,0.3,8.52488424437299,long_nclose,2.5574652733118968,0.001156415840192968,3.0
1691521740000.0,959954,1691521740000.0,0.007211575562701001,-0.00017194,2211.551697208862,2211.5663203599875,-0.1,8.597,0.2,8.52488424437299,long_nclose,1.704976848874598,0.0007709414394546606,50.0
1691522100000.0,959960,1691522100000.0,0.007211575562701001,-0.00017194,2211.558736844425,2211.5658484199876,-0.1,8.597,0.1,8.52488424437299,long_nclose,0.852488424437299,0.00038546949273148267,6.0
1691522160000.0,959961,1691522160000.0,0.007211575562701001,-0.00017194,2211.5657764799876,2211.5657764799876,-0.1,8.597,0.0,8.52488424437299,long_nclose,0.0,0.0,1.0
1692126420000.0,970032,1692126420000.0,0.0,-0.017762,2211.5480144799876,2209.8574144799877,10.7,8.3,10.7,8.3,long_ientry_normal,88.81,0.040157391753885274,10071.0
1692126480000.0,970033,1692126480000.0,0.0,-0.01763838,2211.5303760999877,2205.8812760999876,10.9,8.091,21.6,8.194532407407408,long_rentry,177.00190000000003,0.08003593435245558,1.0
1692126480000.0,970033,1692126480000.0,0.0,-0.017615699999999998,2211.5127603999877,2205.8414603999877,11.1,7.935,32.7,8.106434250764526,long_rentry,265.0804,0.11986383472282382,0.0
1692126540000.0,970034,1692126540000.0,0.0,-0.0249504,2211.487809999988,2206.969809999988,16.0,7.797,48.7,8.00477207392197,long_rentry,389.83239999999995,0.17627607904381898,1.0
1692126780000.0,970038,1692126780000.0,1.1052924024640944,-0.026156520000000003,2212.566945882452,2214.6218534799877,-16.2,8.073,32.5,8.00477207392197,long_nclose,260.155092402464,0.11758066479597738,4.0
1692126840000.0,970039,1692126840000.0,0.7368616016427296,-0.017437680000000004,2213.2863698040946,2213.768715799988,-10.8,8.073,21.7,8.00477207392197,long_nclose,173.70355400410673,0.07848218665869335,1.0
1692126900000.0,970040,1692126900000.0,0.49124106776181975,-0.011625120000000001,2213.765985751856,2214.7117906799876,-7.2,8.073,14.5,8.00477207392197,long_nclose,116.06919507186856,0.052430652480392255,1.0
1692126960000.0,970041,1692126960000.0,0.3274940451745465,-0.00775008,2214.085729717031,2214.815440599988,-4.8,8.073,9.7,8.00477207392197,long_nclose,77.6462891170431,0.035069233352118936,1.0
1692136020000.0,970192,1692136020000.0,0.21832936344969767,-0.005166720000000001,2214.2988923604807,2214.761873879988,-3.2,8.073,6.5,8.00477207392197,long_nclose,52.031018480492804,0.02349773946959204,151.0
1692136740000.0,970204,1692136740000.0,0.0,-0.0072738,2214.291618560481,2214.7716000799883,4.5,8.082,11.0,8.036365316408437,long_ientry_partial,88.4000184804928,0.03992248254001972,12.0
1692138060000.0,970226,1692138060000.0,0.24348486092962318,-0.00583488,2214.5292685414106,2215.0667651999884,-3.6,8.104,7.4,8.036365316408437,long_nclose,59.46910334142244,0.026854060673847623,22.0
1692140820000.0,970272,1692140820000.0,0.1623232406197488,-0.0038899199999999994,2214.6877018620303,2215.025875279988,-2.4,8.104,5.0,8.036365316408437,long_nclose,40.181826582042184,0.018143337567756726,46.0
1692140880000.0,970273,1692140880000.0,0.10821549374649919,-0.0025932800000000003,2214.793324075777,2215.0300819999884,-1.6,8.104,3.4,8.036365316408437,long_nclose,27.323642075788687,0.012336881179281464,1.0
1692141720000.0,970287,1692141720000.0,0.0743981519507182,-0.0017828800000000001,2214.865939347728,2215.0237991199883,-1.1,8.104,2.3,8.036365316408437,long_nclose,18.483640227739404,0.008345263656536607,14.0
1692142860000.0,970306,1692142860000.0,0.047344278514093396,-0.0011345599999999997,2214.912149066242,2215.0299645599885,-0.7,8.104,1.6,8.036365316408437,long_nclose,12.858184506253501,0.0058052796864535815,19.0
1692143760000.0,970321,1692143760000.0,0.033817341795781,-0.0008104,2214.945156008038,2215.0217541599886,-0.5,8.104,1.1,8.036365316408437,long_nclose,8.840001848049281,0.00399107030892877,15.0
1692144420000.0,970332,1692144420000.0,0.0202904050774686,-0.0004862399999999999,2214.9649601731153,2215.0214679199885,-0.3,8.104,0.8,8.036365316408437,long_nclose,6.4290922531267505,0.0029025706359816507,11.0
1692144660000.0,970336,1692144660000.0,0.013526936718312399,-0.00032416000000000004,2214.9781629498334,2215.0187437599884,-0.2,8.104,0.6,8.036365316408437,long_nclose,4.821819189845062,0.0021769150010145137,4.0
1692144720000.0,970337,1692144720000.0,0.013526936718312399,-0.00032416000000000004,2214.9913657265515,2215.019219599988,-0.2,8.104,0.4,8.036365316408437,long_nclose,3.2145461265633752,0.0014512680167983202,1.0
1692152340000.0,970464,1692152340000.0,0.0067634683591561995,-0.00016208000000000002,2214.997967114911,2215.0185575199885,-0.1,8.104,0.3,8.036365316408437,long_nclose,2.410909594922531,0.0010884477686734855,127.0
1692178560000.0,970901,1692178560000.0,0.0,-0.017208920000000003,2214.980758194911,2215.117248599988,10.9,7.894,11.2,7.897813356689513,long_ientry_partial,88.45550959492253,0.0399351142296193,437.0
1692181920000.0,970957,1692181920000.0,0.24859058024880218,-0.0058941,2215.2234546751592,2215.749854499988,-3.7,7.965,7.5,7.897813356689513,long_nclose,59.23360017517135,0.026739334151667953,56.0
1692182160000.0,970961,1692182160000.0,0.16796660827621768,-0.003982500000000001,2215.3874387834358,2215.743371999988,-2.5,7.965,5.0,7.897813356689513,long_nclose,39.48906678344756,0.0178249032616763,4.0
1692182460000.0,970966,1692182460000.0,0.10749862929677932,-0.0025488,2215.4923886127326,2215.727623199988,-1.6,7.965,3.4,7.897813356689513,long_nclose,26.852565412744344,0.012120360038591026,5.0
1692182640000.0,970969,1692182640000.0,0.07390530764153579,-0.0017523,2215.564541620374,2215.728270899988,-1.1,7.965,2.3,7.897813356689513,long_nclose,18.164970720385877,0.008198800070658631,3.0
1692183240000.0,970979,1692183240000.0,0.047030650317340945,-0.0011151,2215.6104571706915,2215.719555799988,-0.7,7.965,1.6,7.897813356689513,long_nclose,12.636501370703222,0.005703394894985234,10.0
1692183600000.0,970985,1692183600000.0,0.033593321655243535,-0.0007965,2215.6432539923467,2215.7193592999884,-0.5,7.965,1.1,7.897813356689513,long_nclose,8.687594692358465,0.0039210259488770905,6.0
1692185760000.0,971021,1692185760000.0,0.020155992993146122,-0.0004779,2215.66293208534,2215.7182813999884,-0.3,7.965,0.8,7.897813356689513,long_nclose,6.318250685351611,0.0028516299089794282,36.0
1692187140000.0,971044,1692187140000.0,0.013437328662097415,-0.0003186,2215.676050814002,2215.713962799988,-0.2,7.965,0.6,7.897813356689513,long_nclose,4.738688014013707,0.002138709768638242,23.0
1692210180000.0,971428,1692210180000.0,0.013437328662097415,-0.0003186,2215.689169542664,2215.718044199988,-0.2,7.965,0.4,7.897813356689513,long_nclose,3.1591253426758055,0.0014257980704612436,384.0
1692211500000.0,971450,1692211500000.0,0.006718664331048708,-0.0001593,2215.6957289069946,2215.7161848999876,-0.1,7.965,0.3,7.897813356689513,long_nclose,2.3693440070068537,0.001069345387137454,22.0
1692217680000.0,971553,1692217680000.0,0.0,-0.01731378,2215.6784151269944,2215.6601711199874,11.1,7.799,11.4,7.801600351491829,long_ientry_partial,88.93824400700686,0.040140411803356965,103.0
1692220380000.0,971598,1692220380000.0,0.0,-0.0177957,2215.6606194269943,2213.1421754199873,11.7,7.605,23.1,7.702023550086876,long_rentry,177.91674400700686,0.08029963724905623,45.0
1692227580000.0,971718,1692227580000.0,0.5003186643310567,-0.01196118,2216.1489769113255,2217.1650142399876,-7.7,7.767,15.4,7.702023550086876,long_nclose,118.6111626713379,0.0535212947807542,120.0
1692227700000.0,971720,1692227700000.0,0.33137989455693356,-0.00792234,2216.4724344658825,2217.1725918999878,-5.1,7.767,10.3,7.702023550086876,long_nclose,79.33084256589483,0.0357914862067805,2.0
1692227880000.0,971723,1692227880000.0,0.2209199297046224,-0.00528156,2216.688072835587,2217.212310339987,-3.4,7.767,6.9,7.702023550086876,long_nclose,53.143962495599446,0.02397448840315079,3.0
1692228600000.0,971735,1692228600000.0,0.14944583480018572,-0.0035728200000000004,2216.833945850387,2217.169637519987,-2.3,7.767,4.6,7.702023550086876,long_nclose,35.42930833039963,0.015981940549367038,12.0
1692229020000.0,971742,1692229020000.0,0.09746467486968635,-0.0023301000000000003,2216.9290804252564,2217.139807419987,-1.5,7.767,3.1,7.702023550086876,long_nclose,23.876273005269315,0.010769976006940787,7.0
1692230520000.0,971767,1692230520000.0,0.06497644991312423,-0.0015534000000000001,2216.9925034751695,2217.139454019987,-1.0,7.767,2.1,7.702023550086876,long_nclose,16.17424945518244,0.007295581482494442,25.0
1692231780000.0,971788,1692231780000.0,0.04548351493918696,-0.00108738,2217.036899610109,2217.127866639987,-0.7,7.767,1.4,7.702023550086876,long_nclose,10.782832970121627,0.004863623592380403,21.0
1692231840000.0,971789,1692231840000.0,0.025990579965249696,-0.0006213600000000001,2217.062268830074,2217.134245279987,-0.4,7.767,1.0,7.702023550086876,long_nclose,7.702023550086876,0.0034739770995025647,1.0
1692232980000.0,971808,1692232980000.0,0.01949293497393727,-0.00046602,2217.081295745048,2217.122579259987,-0.3,7.767,0.7,7.702023550086876,long_nclose,5.391416485060813,0.002431763100165902,19.0
1692233100000.0,971810,1692233100000.0,0.0,-0.01673586,2217.064559885048,2217.429843399987,10.9,7.677,11.6,7.678510041815588,long_ientry_partial,89.07071648506081,0.04017506666097221,2.0
1692233220000.0,971812,1692233220000.0,0.24886184110076623,-0.0058854400000000005,2217.3075362861487,2217.880757959987,-3.8,7.744,7.8,7.678510041815588,long_nclose,59.892378326161584,0.027011308691295737,2.0
1692233340000.0,971814,1692233340000.0,0.17027389127947165,-0.00402688,2217.4737832974283,2217.746731079987,-2.6,7.744,5.2,7.678510041815588,long_nclose,39.928252217441056,0.018006189077945687,2.0
1692233400000.0,971815,1692233400000.0,0.11133292891350068,-0.00263296,2217.582483266342,2217.8186981199874,-1.7,7.744,3.5,7.678510041815588,long_nclose,26.874785146354558,0.012118956272945439,1.0
1692233580000.0,971818,1692233580000.0,0.07203895400285339,-0.00170368,2217.652818540345,2217.8867944399876,-1.1,7.744,2.4,7.678510041815588,long_nclose,18.42842410035741,0.008309877879120397,3.0
1692264120000.0,972327,1692264120000.0,0.2573879498212946,-0.00189432,2217.9083121701665,2218.166900119988,-1.2,7.893,1.2,7.678510041815588,long_nclose,9.214212050178705,0.004154460308218438,509.0
1692264840000.0,972339,1692264840000.0,0.1286939749106473,-0.00094716,2218.036058985077,2218.171352959988,-0.6,7.893,0.6,7.678510041815588,long_nclose,4.607106025089353,0.002077110516948701,12.0
1692267120000.0,972377,1692267120000.0,0.21809397491064733,-0.00096504,2218.2531879199873,2218.2531879199873,-0.6,8.042,0.0,7.678510041815588,long_nclose,0.0,0.0,38.0
1692308100000.0,973060,1692308100000.0,0.0,-0.017720660000000003,2218.235467259987,2218.269367259987,11.3,7.841,11.3,7.841,long_ientry_normal,88.6033,0.039943144588452884,683.0
1692308460000.0,973066,1692308460000.0,0.0,-0.01773408,2218.217733179987,2211.686433179987,11.6,7.644,22.9,7.741209606986901,long_rentry,177.27370000000002,0.07991717735745645,6.0
1692308460000.0,973066,1692308460000.0,0.0,-0.017690560000000004,2218.200042619987,2211.196742619987,11.8,7.496,34.7,7.657824207492796,long_rentry,265.72650000000004,0.11979374938887026,0.0
1692308520000.0,973067,1692308520000.0,0.0,-0.0250444,2218.174998219987,2199.518198219987,17.0,7.366,51.7,7.561866537717602,long_rentry,390.9485000000001,0.17624781647693416,1.0
1692308520000.0,973067,1692308520000.0,0.0,-0.036452240000000004,2218.138545979987,2199.405845979987,25.3,7.204,77.0,7.444281818181819,long_rentry,573.2097000000001,0.25841925024874973,0.0
1692308580000.0,973068,1692308580000.0,0.0,-0.05285952,2218.0856864599873,2184.178386459987,37.8,6.992,114.8,7.295359756097563,long_rentry,837.5073000000002,0.37758113003138405,1.0
1692308820000.0,973072,1692308820000.0,2.3546573170731127,-0.05620748000000001,2220.38413629706,2220.739578979987,-38.2,7.357,76.6,7.295359756097563,long_nclose,558.8245573170733,0.25167922441070323,4.0
1692308880000.0,973073,1692308880000.0,1.5718262195121562,-0.037520700000000004,2221.9184418165723,2227.776558279987,-25.5,7.357,51.1,7.295359756097563,long_nclose,372.79288353658546,0.1677797332794094,1.0
1692309660000.0,973086,1692309660000.0,1.0478841463414375,-0.025013800000000003,2222.9413121629136,2226.1003444799867,-17.0,7.357,34.1,7.295359756097563,long_nclose,248.7717676829269,0.11191108209729249,13.0
1692310260000.0,973096,1692310260000.0,0.6965347560975438,-0.01662682,2223.621220099011,2225.1862176599866,-11.3,7.357,22.8,7.295359756097563,long_nclose,166.33420243902444,0.07480329875230192,10.0
1692310500000.0,973100,1692310500000.0,0.46846585365852494,-0.01118264,2224.07850331267,2225.760235019987,-7.6,7.357,15.2,7.295359756097563,long_nclose,110.88946829268295,0.04985861251188653,4.0
1692311100000.0,973110,1692311100000.0,1.5476658536585208,-0.011398479999999999,2225.6147706863285,2227.185236539987,-7.6,7.499,7.6,7.295359756097563,long_nclose,55.444734146341474,0.02491209839034434,10.0
1692311460000.0,973116,1692311460000.0,0.0,-0.00633192,2225.6084387663286,2226.8861046199872,4.2,7.538,11.8,7.381723232740803,long_ientry_partial,87.10433414634147,0.03913731302826298,6.0
1692312180000.0,973128,1692312180000.0,0.2428793923108694,-0.005806319999999999,2225.8455118386396,2226.1478982999874,-3.9,7.444,7.9,7.381723232740803,long_nclose,58.31561353865234,0.026199308635072905,12.0
1692312240000.0,973129,1692312240000.0,0.0,-0.006084399999999999,2225.8394274386396,2226.369813899987,4.1,7.42,12.0,7.394801128221028,long_ientry_partial,88.73761353865234,0.039867032834783676,1.0
1692312240000.0,973129,1692312240000.0,0.12791706662532773,-0.0038708800000000006,2225.963473625265,2226.3789430199877,-2.6,7.444,9.4,7.394801128221028,long_nclose,69.51113060527766,0.031227435413425687,0.0
1692312300000.0,973130,1692312300000.0,0.0,-0.0038682800000000004,2225.959605345265,2226.3270747399874,2.6,7.439,12.0,7.404377550439805,long_ientry_partial,88.85253060527766,0.039916506297739344,1.0
1692312420000.0,973132,1692312420000.0,0.2504897982407783,-0.0059736,2226.204121543506,2226.6091011399876,-4.0,7.467,8.0,7.404377550439805,long_nclose,59.23502040351844,0.02660808136607379,2.0
1692312480000.0,973133,1692312480000.0,0.0,-0.0058149000000000005,2226.198306643506,2226.6151862399875,3.9,7.455,11.9,7.420968101136003,long_ientry_partial,88.30952040351843,0.03966830813768108,1.0
1692312480000.0,973133,1692312480000.0,0.11968293704639148,-0.0038828400000000002,2226.3141067405522,2226.6399033999874,-2.6,7.467,9.3,7.420968101136003,long_nclose,69.01500334056483,0.030999670321276738,0.0
1692312540000.0,973134,1692312540000.0,0.0,-0.0038771200000000004,2226.310229620552,2226.9097262799874,2.6,7.456,11.9,7.42862212945923,long_ientry_partial,88.40060334056484,0.03970722595818628,1.0
1692312900000.0,973140,1692312900000.0,0.24717369510900358,-0.00584376,2226.551559555661,2227.074582519987,-3.9,7.492,8.0,7.42862212945923,long_nclose,59.42897703567384,0.026691040133619774,6.0
1692312960000.0,973141,1692312960000.0,0.0,-0.00584532,2226.545714235661,2227.390037199987,3.9,7.494,11.9,7.45004849039276,long_ientry_partial,88.65557703567384,0.039817541795277245,1.0
1692313620000.0,973152,1692313620000.0,1.2269139066827184,-0.009036440000000001,2227.7635917023435,2228.765300759987,-5.9,7.658,6.0,7.45004849039276,long_nclose,44.70029094235656,0.02006509627361262,11.0
1692313680000.0,973153,1692313680000.0,0.0,-0.00868338,2227.7549083223435,2228.686417379987,5.7,7.617,11.7,7.531383841227058,long_ientry_partial,88.11719094235657,0.03955425734364784,1.0
1692313920000.0,973157,1692313920000.0,0.2481030192144739,-0.0059241,2227.997087241558,2228.649293279987,-3.9,7.595,7.8,7.531383841227058,long_nclose,58.74479396157105,0.026366638582235265,4.0
1692313980000.0,973158,1692313980000.0,0.0,-0.0059397,2227.991147541558,2228.959253579987,3.9,7.615,11.7,7.559255894151372,long_ientry_partial,88.44329396157104,0.039696429700433244,1.0
1692316800000.0,973205,1692316800000.0,0.0,-0.01783298,2227.973314561558,2225.6045205999867,12.1,7.369,23.8,7.462529158049203,long_rentry,177.60819396157103,0.07971737937827253,47.0
1692320220000.0,973262,1692320220000.0,0.5014196514112945,-0.011891080000000002,2228.462843132969,2229.4879295199867,-7.9,7.526,15.9,7.462529158049203,long_nclose,118.65421361298233,0.05324486965471132,57.0
1692320340000.0,973264,1692320340000.0,0.3363954623392229,-0.00797756,2228.791261035308,2229.5594519599863,-5.3,7.526,10.6,7.462529158049203,long_nclose,79.10280907532155,0.035491349261023694,2.0
1692321720000.0,973287,1692321720000.0,0.2221479468277887,-0.005268200000000001,2229.0081407821353,2229.572383759986,-3.5,7.526,7.1,7.462529158049203,long_nclose,52.98395702214934,0.023770194488189636,23.0
1692324720000.0,973337,1692324720000.0,0.7296479468277903,-0.005369700000000001,2229.7324190289632,2230.500914059986,-3.5,7.671,3.6,7.462529158049203,long_nclose,26.865104968977132,0.012048577999631339,50.0
1692326640000.0,973369,1692326640000.0,0.0,-0.012463280000000002,2229.7199557489635,2229.7289507799865,8.3,7.508,11.9,7.494244115040095,long_ientry_partial,89.18150496897714,0.039996729068615726,32.0
1692339180000.0,973578,1692339180000.0,0.2486479513436292,-0.00589524,2229.962708460307,2230.480755539986,-3.9,7.558,8.0,7.494244115040095,long_nclose,59.95395292032076,0.026885630281107423,209.0
1692339900000.0,973590,1692339900000.0,0.16576530089575278,-0.00393016,2230.1245436012027,2230.4688253799864,-2.6,7.558,5.4,7.494244115040095,long_nclose,40.46891822121651,0.01814648349453495,12.0
1692339960000.0,973591,1692339960000.0,0.11476059292782885,-0.00272088,2230.2365833141303,2230.4697044999857,-1.8,7.558,3.6,7.494244115040095,long_nclose,26.979278814144344,0.012097047916796859,1.0
1692340080000.0,973593,1692340080000.0,0.0765070619518859,-0.00181392,2230.311276456082,2230.4762905799857,-1.2,7.558,2.4,7.494244115040095,long_nclose,17.986185876096226,0.008064428524378848,2.0
1692342360000.0,973631,1692342360000.0,0.05100470796792394,-0.00120928,2230.36107188405,2230.490281299986,-0.8,7.558,1.6,7.494244115040095,long_nclose,11.990790584064152,0.00537616565103299,38.0
1692342960000.0,973641,1692342960000.0,0.03187794247995246,-0.0007558,2230.39219402653,2230.464525499986,-0.5,7.558,1.1,7.494244115040095,long_nclose,8.243668526544106,0.003696062310755222,10.0
1692343080000.0,973643,1692343080000.0,0.019126765487971476,-0.00045348,2230.410867312018,2230.465872019986,-0.3,7.558,0.8,7.494244115040095,long_nclose,5.995395292032076,0.002688022812253167,2.0
1692343380000.0,973648,1692343380000.0,0.012751176991980985,-0.00030232,2230.42331616901,2230.460969699986,-0.2,7.558,0.6,7.494244115040095,long_nclose,4.496546469024056,0.0020160058570170233,5.0
1692343440000.0,973649,1692343440000.0,0.012751176991980985,-0.00030232,2230.4357650260017,2230.4616673799856,-0.2,7.558,0.4,7.494244115040095,long_nclose,2.997697646016038,0.0013439964033131848,1.0
1692372780000.0,974138,1692372780000.0,0.006375588495990492,-0.00015116,2230.441989454498,2230.4575162199862,-0.1,7.558,0.3,7.494244115040095,long_nclose,2.248273234512028,0.0010079944894966272,489.0
1692374640000.0,974169,1692374640000.0,0.006375588495990492,-0.00015116,2230.4482138829944,2230.4609650599864,-0.1,7.558,0.2,7.494244115040095,long_nclose,1.498848823008019,0.0006719944510160441,31.0
1692374700000.0,974170,1692374700000.0,0.006375588495990492,-0.00015116,2230.454438311491,2230.4600138999867,-0.1,7.558,0.1,7.494244115040095,long_nclose,0.7494244115040095,0.00033599628785573504,1.0
1692374760000.0,974171,1692374760000.0,0.006375588495990492,-0.00015116,2230.460662739987,2230.460662739987,-0.1,7.558,0.0,7.494244115040095,long_nclose,0.0,0.0,1.0
1692612600000.0,978135,1692612600000.0,0.0,-0.017791019999999998,2230.442871719987,2230.641771719987,11.7,7.603,11.7,7.603,long_ientry_normal,88.95509999999999,0.03988225886790053,3964.0
1692631680000.0,978453,1692631680000.0,0.0,-0.0177888,2230.4250829199873,2228.403682919987,12.0,7.412,23.7,7.506291139240506,long_rentry,177.8991,0.07976017726948323,318.0
1692643620000.0,978652,1692643620000.0,0.5033000000000026,-0.011960600000000002,2230.9164223199873,2231.9546223199873,-7.9,7.57,15.8,7.506291139240506,long_nclose,118.5994,0.053161740535607085,199.0
1692645180000.0,978678,1692645180000.0,0.3312860759493688,-0.007872800000000001,2231.2398355959367,2231.9045495199875,-5.2,7.57,10.6,7.506291139240506,long_nclose,79.56668607594936,0.035660301867413584,26.0
1692645900000.0,978690,1692645900000.0,0.222981012658229,-0.005299000000000001,2231.457517608595,2231.9524505199875,-3.5,7.57,7.1,7.506291139240506,long_nclose,53.29466708860759,0.023883343809172015,12.0
1692646800000.0,978705,1692646800000.0,0.1465303797468362,-0.0034821999999999995,2231.600565788342,2231.9255683199876,-2.3,7.57,4.8,7.506291139240506,long_nclose,36.03019746835443,0.01614545094705436,15.0
1692647220000.0,978712,1692647220000.0,0.10193417721519041,-0.0024224000000000003,2231.7000775655574,2231.929545919988,-1.6,7.57,3.2,7.506291139240506,long_nclose,24.02013164556962,0.010763154012958543,7.0
1692647640000.0,978719,1692647640000.0,0.063708860759494,-0.0015140000000000002,2231.762272426317,2231.893631919988,-1.0,7.57,2.2,7.506291139240506,long_nclose,16.513840506329114,0.007399462169586581,7.0
1692648120000.0,978727,1692648120000.0,0.0445962025316458,-0.0010597999999999998,2231.8058088288485,2231.908872119988,-0.7,7.57,1.5,7.506291139240506,long_nclose,11.25943670886076,0.005044989427090526,8.0
1692649140000.0,978744,1692649140000.0,0.031854430379747,-0.0007570000000000001,2231.8369062592283,2231.9016151199876,-0.5,7.57,1.0,7.506291139240506,long_nclose,7.506291139240506,0.003363279421623046,17.0
1692649980000.0,978758,1692649980000.0,0.0191126582278482,-0.0004542,2231.8555647174558,2231.9008609199873,-0.3,7.57,0.7,7.506291139240506,long_nclose,5.254403797468354,0.0023542759130712573,14.0
1692653760000.0,978821,1692653760000.0,0.012741772151898801,-0.00030280000000000004,2231.8680036896076,2231.8983581199873,-0.2,7.57,0.5,7.506291139240506,long_nclose,3.753145569620253,0.001681616279912499,63.0
1692654000000.0,978825,1692654000000.0,0.0063708860759494005,-0.00015140000000000002,2231.8742231756833,2231.9009067199872,-0.1,7.57,0.4,7.506291139240506,long_nclose,3.0025164556962025,0.0013452892750488376,4.0
1692654720000.0,978837,1692654720000.0,0.0063708860759494005,-0.00015140000000000002,2231.880442661759,2231.900155319987,-0.1,7.57,0.3,7.506291139240506,long_nclose,2.251887341772152,0.0010089641446414273,12.0
1692654900000.0,978840,1692654900000.0,0.0063708860759494005,-0.00015140000000000002,2231.8866621478346,2231.9000039199864,-0.1,7.57,0.2,7.506291139240506,long_nclose,1.5012582278481013,0.0006726408886745977,3.0
1692655200000.0,978845,1692655200000.0,0.0063708860759494005,-0.00015140000000000002,2231.8928816339103,2231.899252519986,-0.1,7.57,0.1,7.506291139240506,long_nclose,0.7506291139240506,0.00033631950713267864,5.0
1692655320000.0,978847,1692655320000.0,0.0063708860759494005,-0.00015140000000000002,2231.899101119986,2231.899101119986,-0.1,7.57,0.0,7.506291139240506,long_nclose,0.0,0.0,2.0
1692721260000.0,979946,1692721260000.0,0.0,-0.01784484,2231.881256279986,2231.918156279986,12.3,7.254,12.3,7.254,long_ientry_normal,89.2242,0.03997712680678876,1099.0
1692722220000.0,979962,1692722220000.0,0.2501000000000034,-0.0059983,2232.125357979986,2232.699357979986,-4.1,7.315,8.2,7.254,long_nclose,59.48279999999999,0.026648503314271894,16.0
1692722400000.0,979965,1692722400000.0,0.16470000000000226,-0.003950100000000001,2232.2861078799856,2232.6766078799856,-2.7,7.315,5.5,7.254,long_nclose,39.897,0.01787270899512536,3.0
1692723060000.0,979976,1692723060000.0,0.1098000000000015,-0.0026334000000000006,2232.393274479986,2232.630074479986,-1.8,7.315,3.7,7.254,long_nclose,26.8398,0.012022881589379484,11.0
1692723720000.0,979987,1692723720000.0,0.073200000000001,-0.0017556000000000002,2232.464718879986,2232.619718879986,-1.2,7.315,2.5,7.254,long_nclose,18.134999999999998,0.008123308667156997,11.0
1692724320000.0,979997,1692724320000.0,0.04880000000000067,-0.0011704,2232.512348479986,2232.617748479986,-0.8,7.315,1.7,7.254,long_nclose,12.3318,0.005523732044929628,10.0
1692725820000.0,980022,1692725820000.0,0.0,-0.015331840000000001,2232.497016639986,2232.361216639986,10.6,7.232,12.3,7.2350406504065035,long_ientry_partial,88.991,0.03986164341394537,25.0
1692729120000.0,980077,1692729120000.0,0.24993333333333687,-0.00598272,2232.74096725332,2233.3064339199864,-4.1,7.296,8.2,7.2350406504065035,long_nclose,59.32733333333332,0.0265715254046316,55.0
1692729900000.0,980090,1692729900000.0,0.16459024390244137,-0.00393984,2232.9016176572222,2233.2533940799863,-2.7,7.296,5.5,7.2350406504065035,long_nclose,39.79272357723577,0.017821082336348795,13.0
1692732060000.0,980126,1692732060000.0,0.10972682926829425,-0.0026265600000000004,2233.0087179264906,2233.2342675199866,-1.8,7.296,3.7,7.2350406504065035,long_nclose,26.769650406504063,0.011988153110016341,36.0
1692736020000.0,980192,1692736020000.0,0.07315121951219616,-0.0017510400000000001,2233.080118106003,2233.2350164799864,-1.2,7.296,2.5,7.2350406504065035,long_nclose,18.08760162601626,0.008099844461181867,66.0
1692737460000.0,980216,1692737460000.0,0.04876747967479744,-0.00116736,2233.1277182256777,2233.2279491199865,-0.8,7.296,1.7,7.2350406504065035,long_nclose,12.299569105691056,0.00550777683036581,24.0
1692737520000.0,980217,1692737520000.0,0.0304796747967484,-0.0007296000000000001,2233.1574683004746,2233.235419519987,-0.5,7.296,1.2,7.2350406504065035,long_nclose,8.682048780487804,0.003887790674741447,1.0
1692738720000.0,980237,1692738720000.0,0.02438373983739872,-0.00058368,2233.181268360312,2233.229235839987,-0.4,7.296,0.8,7.2350406504065035,long_nclose,5.788032520325203,0.002591832827155585,20.0
1692738780000.0,980238,1692738780000.0,0.01219186991869936,-0.00029184,2233.1931683902308,2233.2309439999867,-0.2,7.296,0.6,7.2350406504065035,long_nclose,4.341024390243902,0.0019438642620302636,1.0
1692739560000.0,980251,1692739560000.0,0.0,-0.016954240000000002,2233.176214150231,2233.133189759987,11.8,7.184,12.4,7.1864697088906375,long_ientry_partial,89.11222439024391,0.03990380330293502,13.0
1692740460000.0,980266,1692740460000.0,0.24817419354838569,-0.00594254,2233.4184458037794,2233.920847219987,-4.1,7.247,8.3,7.1864697088906375,long_nclose,59.6476985837923,0.026706906937148465,15.0
1692740580000.0,980268,1692740580000.0,0.1634317859952784,-0.00391338,2233.5779642097746,2233.933733839987,-2.7,7.247,5.6,7.1864697088906375,long_nclose,40.244230369787566,0.018017831038204084,2.0
1692741360000.0,980281,1692741360000.0,0.10895452399685226,-0.0026089200000000002,2233.6843098137715,2233.906724919987,-1.8,7.247,3.8,7.1864697088906375,long_nclose,27.30858489378442,0.012225803249726552,13.0
1692741540000.0,980284,1692741540000.0,0.07263634933123483,-0.00173928,2233.755206883103,2233.9125856399874,-1.2,7.247,2.6,7.1864697088906375,long_nclose,18.684821243115657,0.008364757778981408,3.0
1692741600000.0,980285,1692741600000.0,0.0484242328874899,-0.00115952,2233.8024715959905,2233.9114261199875,-0.8,7.247,1.8,7.1864697088906375,long_nclose,12.935645476003147,0.0057908636240164,1.0
1692741720000.0,980287,1692741720000.0,0.03631817466561742,-0.00086964,2233.837920130656,2233.9165564799873,-0.6,7.247,1.2,7.1864697088906375,long_nclose,8.623763650668765,0.003860514486281245,2.0
1692745920000.0,980357,1692745920000.0,0.12031817466561723,-0.0008864400000000001,2233.9573518653215,2234.082470039987,-0.6,7.387,0.6,7.1864697088906375,long_nclose,4.311881825334383,0.0019301540478084888,70.0
1692746160000.0,980361,1692746160000.0,0.060159087332808614,-0.00044322000000000003,2234.0170677326546,2234.0736268199876,-0.3,7.387,0.3,7.1864697088906375,long_nclose,2.1559409126671913,0.0009650512271400396,4.0
1692747660000.0,980386,1692747660000.0,0.020053029110936205,-0.00014774000000000002,2234.0369730217653,2234.074879079987,-0.1,7.387,0.2,7.1864697088906375,long_nclose,1.4372939417781276,0.0006433617523500694,25.0
1692748320000.0,980397,1692748320000.0,0.020053029110936205,-0.00014774000000000002,2234.056878310876,2234.077131339987,-0.1,7.387,0.1,7.1864697088906375,long_nclose,0.7186469708890638,0.00032167801002113154,11.0
1692748560000.0,980401,1692748560000.0,0.020053029110936205,-0.00014774000000000002,2234.076783599987,2234.076783599987,-0.1,7.387,0.0,7.1864697088906375,long_nclose,0.0,0.0,4.0
1692888060000.0,982726,1692888060000.0,0.0,-0.0178104,2234.0589731999867,2234.1204731999865,12.3,7.24,12.3,7.24,long_ientry_normal,89.052,0.03986107845328948,2325.0
1692934020000.0,983492,1692934020000.0,0.0,-0.017927319999999997,2234.0410458799865,2231.9524458799865,12.7,7.058,25.0,7.147544,long_rentry,178.6886,0.0799844749180133,766.0
1692955140000.0,983844,1692955140000.0,0.5017848000000025,-0.011965280000000002,2234.530865399987,2235.540480599987,-8.3,7.208,16.7,7.147544,long_nclose,119.3639848,0.05341791722292166,352.0
1692955200000.0,983845,1692955200000.0,0.3325080000000016,-0.0079288,2234.8554445999866,2235.6109517999867,-5.5,7.208,11.2,7.147544,long_nclose,80.0524928,0.03581998692283584,1.0
1692956100000.0,983860,1692956100000.0,0.22368720000000109,-0.005333920000000001,2235.0737978799866,2235.5422178799868,-3.7,7.208,7.5,7.147544,long_nclose,53.60658,0.02398425503929532,15.0
1692956940000.0,983874,1692956940000.0,0.15114000000000072,-0.003604,2235.2213338799866,2235.5286138799866,-2.5,7.208,5.0,7.147544,long_nclose,35.737719999999996,0.015988447970816846,14.0
1692957180000.0,983878,1692957180000.0,0.09672960000000047,-0.0023065600000000005,2235.3157569199866,2235.5281073199867,-1.6,7.208,3.4,7.147544,long_nclose,24.301649599999998,0.010871685364704328,4.0
1692957300000.0,983880,1692957300000.0,0.06650160000000033,-0.0015857600000000003,2235.3806727599863,2235.5266215599863,-1.1,7.208,2.3,7.147544,long_nclose,16.439351199999997,0.0073541618214416305,2.0
1692957420000.0,983882,1692957420000.0,0.042319200000000196,-0.0010091199999999999,2235.421982839986,2235.526712439986,-0.7,7.208,1.6,7.147544,long_nclose,11.4360704,0.005115844117033812,2.0
1692960900000.0,983940,1692960900000.0,0.030228000000000144,-0.0007208000000000001,2235.451490039986,2235.524591639986,-0.5,7.208,1.1,7.147544,long_nclose,7.8622984,0.0035170964053706064,58.0
1692972180000.0,984128,1692972180000.0,0.018136800000000085,-0.00043248,2235.4691943599855,2235.5231591599854,-0.3,7.208,0.8,7.147544,long_nclose,5.7180352,0.0025578680370216744,188.0
1692972900000.0,984140,1692972900000.0,0.012091200000000059,-0.00028832000000000006,2235.4809972399858,2235.5346708399857,-0.2,7.208,0.6,7.147544,long_nclose,4.288526399999999,0.0019183908990032953,12.0
1692973800000.0,984155,1692973800000.0,0.012091200000000059,-0.00028832000000000006,2235.492800119986,2235.517782519986,-0.2,7.208,0.4,7.147544,long_nclose,2.8590176,0.0012789205135648604,15.0
1692973920000.0,984157,1692973920000.0,0.006045600000000029,-0.00014416000000000003,2235.498701559986,2235.5150383599857,-0.1,7.208,0.3,7.147544,long_nclose,2.1442631999999997,0.0009591878530296977,2.0
1692973980000.0,984158,1692973980000.0,0.006045600000000029,-0.00014416000000000003,2235.5046029999858,2235.5176941999857,-0.1,7.208,0.2,7.147544,long_nclose,1.4295088,0.000639456880599413,1.0
1692974100000.0,984160,1692974100000.0,0.006045600000000029,-0.00014416000000000003,2235.5105044399857,2235.5167500399857,-0.1,7.208,0.1,7.147544,long_nclose,0.7147544,0.0003197275962606367,2.0
1692976260000.0,984196,1692976260000.0,0.006045600000000029,-0.00014416000000000003,2235.5164058799855,2235.5164058799855,-0.1,7.208,0.0,7.147544,long_nclose,0.0,0.0,36.0
1693407000000.0,991375,1693407000000.0,0.0,-0.01783368,2235.4985721999856,2235.4985721999856,12.4,7.191,12.4,7.191,long_ientry_normal,89.1684,0.039887477947368195,7179.0
1693429980000.0,991758,1693429980000.0,0.25009999999999977,-0.0059466399999999996,2235.742725559986,2236.290525559986,-4.1,7.252,8.3,7.191,long_nclose,59.685300000000005,0.026695960728241055,383.0
1693482120000.0,992627,1693482120000.0,0.16469999999999985,-0.003916080000000001,2235.9035094799856,2236.2395094799854,-2.7,7.252,5.6,7.191,long_nclose,40.2696,0.018010437315054657,869.0
1693482180000.0,992628,1693482180000.0,0.1097999999999999,-0.00261072,2236.0106987599856,2236.2348987599858,-1.8,7.252,3.8,7.191,long_nclose,27.325799999999997,0.012220782313409298,1.0
1693482240000.0,992629,1693482240000.0,0.07319999999999993,-0.00174048,2236.0821582799854,2236.2563582799853,-1.2,7.252,2.6,7.191,long_nclose,18.6966,0.008361320683485796,1.0
1693496460000.0,992866,1693496460000.0,0.0,-0.01426928,2236.0678889999854,2235.6741889999853,10.1,7.064,12.7,7.090000000000001,long_ientry_partial,90.043,0.04026845537336036,237.0
1693501140000.0,992944,1693501140000.0,0.0,-0.01783038,2236.0500586199855,2233.3415586199853,12.9,6.911,25.6,6.999800781249999,long_rentry,179.1949,0.08013903772377665,78.0
1693587600000.0,994385,1693587600000.0,0.0,-0.017893919999999997,2236.0321646999855,2230.1988646999857,13.2,6.778,38.8,6.924342783505154,long_rentry,268.6645,0.12015234138460948,1441.0
1693588500000.0,994400,1693588500000.0,0.0,-0.025308000000000004,2236.0068566999853,2228.1201566999853,19.0,6.66,57.8,6.837448096885813,long_rentry,395.2045,0.17674565657784397,15.0
1693796940000.0,997874,1693796940000.0,1.1049965397923756,-0.026476799999999998,2237.0853764397775,2239.4226798999853,-19.2,6.895,38.6,6.837448096885813,long_nclose,263.9254965397924,0.11797739117128295,3474.0
1694022900000.0,1001640,1694022900000.0,0.7366643598615839,-0.017651200000000002,2237.8043895996393,2239.340828699985,-12.8,6.895,25.8,6.837448096885813,long_nclose,176.406160899654,0.07883001826232651,3766.0
1694023200000.0,1001645,1694023200000.0,0.49494636678200155,-0.0118594,2238.2874765664214,2239.3633692999856,-8.6,6.895,17.2,6.837448096885813,long_nclose,117.60410726643599,0.05254200298115552,5.0
1694038260000.0,1001896,1694038260000.0,0.32804584775086154,-0.0078603,2238.607662114172,2239.315508999985,-5.7,6.895,11.5,6.837448096885813,long_nclose,78.63065311418686,0.03512480299470028,251.0
1694044920000.0,1002007,1694044920000.0,0.21869723183390766,-0.0052401999999999995,2238.821119146006,2239.271968799985,-3.8,6.895,7.7,6.837448096885813,long_nclose,52.64835034602076,0.023516104031617933,111.0
1694046600000.0,1002035,1694046600000.0,0.14387975778546558,-0.0034474999999999996,2238.961551403791,2239.266021299985,-2.5,6.895,5.2,6.837448096885813,long_nclose,35.55473010380623,0.01588000923084812,28.0
1694047740000.0,1002054,1694047740000.0,0.09783823529411659,-0.0023442999999999997,2239.057045339085,2239.265476999985,-1.7,6.895,3.5,6.837448096885813,long_nclose,23.931068339100346,0.010688011897203004,19.0
1694048280000.0,1002063,1694048280000.0,0.06330709342560487,-0.0015169,2239.1188355325107,2239.2617600999847,-1.1,6.895,2.4,6.837448096885813,long_nclose,16.40987543252595,0.007328720196587211,9.0
1694120400000.0,1003265,1694120400000.0,0.04604152249134899,-0.0011032000000000001,2239.1637738550016,2239.2462568999845,-0.8,6.895,1.6,6.837448096885813,long_nclose,10.939916955017303,0.004885715409812504,1202.0
1694120760000.0,1003271,1694120760000.0,0.028775951557093116,-0.0006895,2239.1918603065587,2239.2639673999843,-0.5,6.895,1.1,6.837448096885813,long_nclose,7.521192906574395,0.0033588872127932345,6.0
1694167560000.0,1004051,1694167560000.0,0.0,-0.01645358,2239.175406726559,2238.8031138199844,12.1,6.799,13.2,6.802204008073819,long_ientry_partial,89.7890929065744,0.04009917786558611,780.0
1694180040000.0,1004259,1694180040000.0,0.2543023644751994,-0.006036800000000001,2239.423672291034,2240.0554770199847,-4.4,6.86,8.8,6.802204008073819,long_nclose,59.85939527104961,0.026729821610669443,208.0
1694180700000.0,1004270,1694180700000.0,0.16760837658592687,-0.0039788,2239.58730186762,2239.9164982199845,-2.9,6.86,5.9,6.802204008073819,long_nclose,40.13300364763553,0.017919821037638548,11.0
1694180880000.0,1004273,1694180880000.0,0.10981238465974519,-0.0026068000000000003,2239.6945074522796,2239.9376914199843,-1.9,6.86,4.0,6.802204008073819,long_nclose,27.208816032295275,0.0121484496844376,3.0
1694181060000.0,1004276,1694181060000.0,0.07513478950403618,-0.0017836000000000002,2239.7678586417833,2239.942807819984,-1.3,6.86,2.7,6.802204008073819,long_nclose,18.365950821799313,0.008199934984751769,3.0
1694181660000.0,1004286,1694181660000.0,0.05201639273356351,-0.0012348,2239.818640234517,2239.924473019984,-0.9,6.86,1.8,6.802204008073819,long_nclose,12.243967214532875,0.0054664993828477506,10.0
1694181840000.0,1004289,1694181840000.0,0.03467759515570901,-0.0008232,2239.8524946296725,2239.923049819984,-0.6,6.86,1.2,6.802204008073819,long_nclose,8.162644809688581,0.00364427783939324,3.0
1694183160000.0,1004311,1694183160000.0,0.02311839677047267,-0.0005488000000000001,2239.8750642264426,2239.9221010199835,-0.4,6.86,0.8,6.802204008073819,long_nclose,5.441763206459055,0.0024294940790987414,22.0
1694242560000.0,1005301,1694242560000.0,0.011559198385236336,-0.00027440000000000006,2239.886349024828,2239.921026619984,-0.2,6.86,0.6,6.802204008073819,long_nclose,4.081322404844291,0.0018221113792765255,990.0
1694242680000.0,1005303,1694242680000.0,0.011559198385236336,-0.00027440000000000006,2239.8976338232137,2239.920752219984,-0.2,6.86,0.4,6.802204008073819,long_nclose,2.7208816032295275,0.0012147347995476636,2.0
1694242740000.0,1005304,1694242740000.0,0.005779599192618168,-0.00013720000000000003,2239.903276222406,2239.920915019984,-0.1,6.86,0.3,6.802204008073819,long_nclose,2.0406612024221453,0.0009110488046893336,1.0
1694264640000.0,1005669,1694264640000.0,0.005779599192618168,-0.00013720000000000003,2239.9089186215983,2239.9206778199837,-0.1,6.86,0.2,6.802204008073819,long_nclose,1.3604408016147638,0.0006073643398196547,365.0
1694264820000.0,1005672,1694264820000.0,0.005779599192618168,-0.00013720000000000003,2239.9145610207906,2239.920540619983,-0.1,6.86,0.1,6.802204008073819,long_nclose,0.6802204008073819,0.00030368140492706414,3.0
1694271840000.0,1005789,1694271840000.0,0.005779599192618168,-0.00013720000000000003,2239.920203419983,2239.920203419983,-0.1,6.86,0.0,6.802204008073819,long_nclose,0.0,0.0,117.0
1694319720000.0,1006587,1694319720000.0,0.0,-0.0179158,2239.902287619983,2237.476887619983,13.4,6.685,13.4,6.685,long_ientry_normal,89.579,0.03999236953107563,798.0
1694319720000.0,1006587,1694319720000.0,0.0,-0.01785658,2239.8844310399827,2237.2809310399825,13.7,6.517,27.1,6.600070110701106,long_rentry,178.86189999999996,0.07985318238805474,0.0
1694320440000.0,1006599,1694320440000.0,0.5033690036900458,-0.0119808,2240.3758192436726,2241.4424502399825,-9.0,6.656,18.1,6.600070110701106,long_nclose,119.46126900369002,0.05332197749037431,12.0
1694320560000.0,1006601,1694320560000.0,0.33557933579336385,-0.0079872,2240.7034113794657,2241.3317630399824,-6.0,6.656,12.1,6.600070110701106,long_nclose,79.86084833948338,0.03564097235444377,2.0
1694322900000.0,1006640,1694322900000.0,0.2237195571955759,-0.0053248,2240.9218061366614,2241.4801382399824,-4.0,6.656,8.1,6.600070110701106,long_nclose,53.46056789667895,0.023856507509668407,39.0
1694350740000.0,1007104,1694350740000.0,0.7357195571955764,-0.0054272,2241.6520984938566,2242.393911039982,-4.0,6.784,4.1,6.600070110701106,long_nclose,27.06028745387453,0.012071582147852498,464.0
1694351640000.0,1007119,1694351640000.0,0.3678597785977882,-0.0027136,2242.0172446724546,2242.4034974399824,-2.0,6.784,2.1,6.600070110701106,long_nclose,13.860147232472322,0.006181998495063854,15.0
1694352300000.0,1007130,1694352300000.0,0.1839298892988941,-0.0013568,2242.1998177617534,2242.4054406399823,-1.0,6.784,1.1,6.600070110701106,long_nclose,7.260077121771217,0.0032379260154514213,11.0
1694353020000.0,1007142,1694353020000.0,0.09196494464944704,-0.0006784,2242.2911043064028,2242.404462239982,-0.5,6.784,0.6,6.600070110701106,long_nclose,3.9600420664206633,0.0017660695610910004,12.0
1694355720000.0,1007187,1694355720000.0,0.05517896678966822,-0.00040703999999999995,2242.3458762331925,2242.401355199982,-0.3,6.784,0.3,6.600070110701106,long_nclose,1.9800210332103316,0.0008830132113857798,45.0
1694357640000.0,1007219,1694357640000.0,0.0,-0.01753224,2242.3283439931924,2242.556622959982,13.2,6.641,13.5,6.640090446904469,long_ientry_partial,89.64122103321033,0.03997684873999099,32.0
1694359020000.0,1007242,1694359020000.0,0.2515929889298891,-0.0060263999999999995,2242.5739105821226,2243.0950965599823,-4.5,6.696,9.0,6.640090446904469,long_nclose,59.76081402214022,0.026648314126970125,23.0
1694359920000.0,1007257,1694359920000.0,0.16772865928659275,-0.0040176000000000005,2242.737621641409,2243.1150789599824,-3.0,6.696,6.0,6.640090446904469,long_nclose,39.84054268142681,0.017764245936298342,15.0
1694361000000.0,1007275,1694361000000.0,0.11181910619106183,-0.0026784,2242.8467623476,2243.074400559982,-2.0,6.696,4.0,6.640090446904469,long_nclose,26.560361787617875,0.01184225433208687,18.0
1694361300000.0,1007280,1694361300000.0,0.07268241902419019,-0.0017409600000000002,2242.917703806624,2243.087559599982,-1.3,6.696,2.7,6.640090446904469,long_nclose,17.928244206642066,0.007993268846295472,5.0
1694364540000.0,1007334,1694364540000.0,0.0,-0.014407620000000001,2242.903296186624,2242.764951979982,10.9,6.609,13.6,6.615172368135447,long_ientry_partial,89.96634420664208,0.04011155735497046,54.0
1694373480000.0,1007483,1694373480000.0,0.2512243433904904,-0.0060039,2243.1485166300145,2243.683848079982,-4.5,6.671,9.1,6.615172368135447,long_nclose,60.198068550032566,0.02683641680599504,149.0
1694375100000.0,1007510,1694375100000.0,0.16748289559366025,-0.0040026,2243.311996925608,2243.634245479982,-3.0,6.671,6.1,6.615172368135447,long_nclose,40.352551445626226,0.017987935472608442,27.0
1694375820000.0,1007522,1694375820000.0,0.11165526372910684,-0.0026684,2243.4209837893372,2243.6662770799817,-2.0,6.671,4.1,6.615172368135447,long_nclose,27.12220670935533,0.012089664358734629,12.0
1694376420000.0,1007532,1694376420000.0,0.07257592142391944,-0.0017344600000000002,2243.491825250761,2243.6537426199816,-1.3,6.671,2.8,6.615172368135447,long_nclose,18.52248263077925,0.008256095441180823,10.0
1694389080000.0,1007743,1694389080000.0,0.050244868678098076,-0.0012007800000000002,2243.540869339439,2243.6621418399814,-0.9,6.671,1.9,6.615172368135447,long_nclose,12.568827499457349,0.005602228009850324,211.0
1694391180000.0,1007778,1694391180000.0,0.03349657911873205,-0.0008005200000000001,2243.5735653985575,2243.6526413199813,-0.6,6.671,1.3,6.615172368135447,long_nclose,8.599724078576081,0.0038330475145567115,35.0
1694392440000.0,1007799,1694392440000.0,0.022331052745821367,-0.00053368,2243.5953627713034,2243.6456076399813,-0.4,6.671,0.9,6.615172368135447,long_nclose,5.953655131321902,0.0026536224981174453,21.0
1694424240000.0,1008329,1694424240000.0,0.0,-0.0167442,2243.578618571303,2243.1071634399814,12.9,6.49,13.8,6.498163415313181,long_ientry_partial,89.6746551313219,0.03996947305034764,530.0
1694460120000.0,1008927,1694460120000.0,0.0,-0.0179914,2243.560627171303,2241.8969720399814,14.2,6.335,28.0,6.415416254690068,long_rentry,179.6316551313219,0.0800654339159993,598.0
1694488920000.0,1009407,1694488920000.0,0.507628831382368,-0.0120342,2244.0562218026857,2245.1330378399816,-9.3,6.47,18.7,6.415416254690068,long_nclose,119.96828396270426,0.053460462709054524,480.0
1694490900000.0,1009440,1694490900000.0,0.33841922092157867,-0.0080228,2244.386618223607,2245.1564150399813,-6.2,6.47,12.5,6.415416254690068,long_nclose,80.19270318362585,0.03573034277271577,33.0
1694491200000.0,1009445,1694491200000.0,0.22379335577072135,-0.0053054,2244.605106179378,2245.0720096399814,-4.1,6.47,8.4,6.415416254690068,long_nclose,53.88949653939657,0.024008453153313812,5.0
1694491620000.0,1009452,1694491620000.0,0.1528344868678097,-0.0036232,2244.7543174662455,2245.115986439981,-2.8,6.47,5.6,6.415416254690068,long_nclose,35.92633102626438,0.016004571523362092,7.0
1694491800000.0,1009455,1694491800000.0,0.09825074155787768,-0.0023292,2244.8502390078033,2245.0690572399812,-1.8,6.47,3.8,6.415416254690068,long_nclose,24.378581767822258,0.010859780908412534,3.0
1694513820000.0,1009822,1694513820000.0,0.06550049437191845,-0.0015528,2244.9141867021754,2245.071704439981,-1.2,6.47,2.6,6.415416254690068,long_nclose,16.680082262194176,0.0074301647523986455,367.0
1694521140000.0,1009944,1694521140000.0,0.043666996247945636,-0.0010352,2244.956818498423,2245.060469239981,-0.8,6.47,1.8,6.415416254690068,long_nclose,11.547749258442122,0.00514386252924278,122.0
1694521260000.0,1009946,1694521260000.0,0.03275024718595922,-0.0007764,2244.988792345609,2245.057892839981,-0.6,6.47,1.2,6.415416254690068,long_nclose,7.698499505628081,0.0034291928458068314,2.0
1694522940000.0,1009974,1694522940000.0,0.021833498123972818,-0.0005176,2245.010108243733,2245.052175239981,-0.4,6.47,0.8,6.415416254690068,long_nclose,5.132333003752055,0.0022861068575620214,28.0
1694523000000.0,1009975,1694523000000.0,0.010916749061986409,-0.0002588,2245.020766192795,2245.054716439981,-0.2,6.47,0.6,6.415416254690068,long_nclose,3.8492497528140404,0.0017145720034214952,1.0
1694523600000.0,1009985,1694523600000.0,0.010916749061986409,-0.0002588,2245.0314241418564,2245.0496576399805,-0.2,6.47,0.4,6.415416254690068,long_nclose,2.5661665018760274,0.0011430425758325062,10.0
1694526120000.0,1010027,1694526120000.0,0.0054583745309932045,-0.0001294,2245.0367531163874,2245.0534282399803,-0.1,6.47,0.3,6.415416254690068,long_nclose,1.9246248764070202,0.0008572798969706861,42.0
1694526300000.0,1010030,1694526300000.0,0.0054583745309932045,-0.0001294,2245.0420820909185,2245.0515988399807,-0.1,6.47,0.2,6.415416254690068,long_nclose,1.2830832509380137,0.0005715185747177687,3.0
1694526360000.0,1010031,1694526360000.0,0.0054583745309932045,-0.0001294,2245.0474110654495,2245.0530694399804,-0.1,6.47,0.1,6.415416254690068,long_nclose,0.6415416254690068,0.00028575860906409343,1.0
1694527620000.0,1010052,1694527620000.0,0.0054583745309932045,-0.0001294,2245.0527400399806,2245.0527400399806,-0.1,6.47,0.0,6.415416254690068,long_nclose,0.0,0.0,21.0
1694912820000.0,1016472,1694912820000.0,0.0,-0.017931000000000002,2245.0348090399807,2245.0735090399808,12.9,6.95,12.9,6.95,long_ientry_normal,89.655,0.03993479283216022,6420.0
1694913600000.0,1016485,1694913600000.0,0.2537000000000007,-0.00602774,2245.282481299981,2245.729681299981,-4.3,7.009,8.6,6.95,long_nclose,59.769999999999996,0.026620258474289685,13.0
1694913840000.0,1016489,1694913840000.0,0.16520000000000046,-0.00392504,2245.443756259981,2245.733756259981,-2.8,7.009,5.8,6.95,long_nclose,40.31,0.017951908119551604,4.0
1694913960000.0,1016491,1694913960000.0,0.11210000000000031,-0.00266342,2245.553192839981,2245.787192839981,-1.9,7.009,3.9,6.95,long_nclose,27.105,0.01207052234898072,2.0
1694914260000.0,1016496,1694914260000.0,0.07670000000000021,-0.0018223400000000002,2245.628070499981,2245.8152704999807,-1.3,7.009,2.6,6.95,long_nclose,18.07,0.008046746581670927,5.0
1694915040000.0,1016509,1694915040000.0,0.04720000000000013,-0.0011214400000000002,2245.6741490599807,2245.782149059981,-0.8,7.009,1.8,6.95,long_nclose,12.51,0.005570710249853735,13.0
1694915160000.0,1016511,1694915160000.0,0.0354000000000001,-0.00084108,2245.7087079799808,2245.7795079799807,-0.6,7.009,1.2,6.95,long_nclose,8.34,0.0037137496819442117,2.0
1694915220000.0,1016512,1694915220000.0,0.023600000000000065,-0.0005607200000000001,2245.7317472599807,2245.7805472599807,-0.4,7.009,0.8,6.95,long_nclose,5.5600000000000005,0.002475807721373562,1.0
1694915400000.0,1016515,1694915400000.0,0.011800000000000033,-0.00028036000000000006,2245.743266899981,2245.789466899981,-0.2,7.009,0.6,6.95,long_nclose,4.17,0.00185684626620578,3.0
1694916060000.0,1016526,1694916060000.0,0.011800000000000033,-0.00028036000000000006,2245.754786539981,2245.778786539981,-0.2,7.009,0.4,6.95,long_nclose,2.7800000000000002,0.0012378911609860696,11.0
1694918280000.0,1016563,1694918280000.0,0.005900000000000016,-0.00014018000000000003,2245.760546359981,2245.778246359981,-0.1,7.009,0.3,6.95,long_nclose,2.085,0.0009284159895762047,37.0
1694918760000.0,1016571,1694918760000.0,0.005900000000000016,-0.00014018000000000003,2245.7663061799813,2245.7787061799813,-0.1,7.009,0.2,6.95,long_nclose,1.3900000000000001,0.0006189424056167143,8.0
1694923800000.0,1016655,1694923800000.0,0.005900000000000016,-0.00014018000000000003,2245.7720659999814,2245.778065999981,-0.1,7.009,0.1,6.95,long_nclose,0.6950000000000001,0.00030947040909538404,84.0
1694924520000.0,1016667,1694924520000.0,0.005900000000000016,-0.00014018000000000003,2245.7778258199814,2245.7778258199814,-0.1,7.009,0.0,6.95,long_nclose,0.0,0.0,12.0
1694983260000.0,1017646,1694983260000.0,0.0,-0.0179868,2245.7598390199814,2245.6558390199816,13.0,6.918,13.0,6.918,long_ientry_normal,89.934,0.04004613424703772,979.0
1694999640000.0,1017919,1694999640000.0,0.2537000000000007,-0.0060002200000000006,2246.007538799982,2246.355538799982,-4.3,6.977,8.7,6.918,long_nclose,60.1866,0.02679714959111716,273.0
1695003780000.0,1017988,1695003780000.0,0.17110000000000047,-0.0040466600000000005,2246.174592139982,2246.522592139982,-2.9,6.977,5.8,6.918,long_nclose,40.1244,0.01786343774896526,69.0
1695004860000.0,1018006,1695004860000.0,0.11210000000000031,-0.00265126,2246.2840408799816,2246.5258408799814,-1.9,6.977,3.9,6.918,long_nclose,26.9802,0.01201103667612334,18.0
1695007440000.0,1018049,1695007440000.0,0.07670000000000021,-0.0018140200000000002,2246.3589268599817,2246.5149268599816,-1.3,6.977,2.6,6.918,long_nclose,17.986800000000002,0.008007090845959516,43.0
1695009120000.0,1018077,1695009120000.0,0.2508999999999995,-0.0018488600000000003,2246.607977999982,2246.8185779999817,-1.3,7.111,1.3,6.918,long_nclose,8.993400000000001,0.004003101603870506,28.0
1695017220000.0,1018212,1695017220000.0,0.11579999999999976,-0.00085332,2246.722924679982,2246.860824679982,-0.6,7.111,0.7,6.918,long_nclose,4.8426,0.002155405967867519,135.0
1695023820000.0,1018322,1695023820000.0,0.05789999999999988,-0.00042666,2246.780398019982,2246.858398019982,-0.3,7.111,0.4,6.918,long_nclose,2.7672000000000003,0.0012316290468078893,110.0
1695024120000.0,1018327,1695024120000.0,0.038599999999999926,-0.00028444000000000006,2246.8187135799817,2246.8585135799817,-0.2,7.111,0.2,6.918,long_nclose,1.3836000000000002,0.0006158040217652598,5.0
1695029700000.0,1018420,1695029700000.0,0.06560000000000006,-0.0002898400000000001,2246.884023739982,2246.884023739982,-0.2,7.246,0.0,6.918,long_nclose,0.0,0.0,93.0
1695237540000.0,1021884,1695237540000.0,0.0,-0.017907500000000003,2246.8661162399817,2247.228616239982,12.5,7.163,12.5,7.163,long_ientry_normal,89.53750000000001,0.03984994893680472,3464.0
1695237660000.0,1021886,1695237660000.0,0.25009999999999977,-0.00592368,2247.110292559982,2247.622692559982,-4.1,7.224,8.4,7.163,long_nclose,60.169200000000004,0.026776255798042412,2.0
1695237780000.0,1021888,1695237780000.0,0.17079999999999984,-0.00404544,2247.277047119982,2247.618647119982,-2.8,7.224,5.6,7.163,long_nclose,40.1128,0.017849512614124242,2.0
1695237840000.0,1021889,1695237840000.0,0.1097999999999999,-0.0026006400000000004,2247.3842464799823,2247.623646479982,-1.8,7.224,3.8,7.163,long_nclose,27.2194,0.012111591528076704,1.0
1695238440000.0,1021899,1695238440000.0,0.07319999999999993,-0.00173376,2247.455712719982,2247.622112719982,-1.2,7.224,2.6,7.163,long_nclose,18.623800000000003,0.008286614901728391,10.0
1695238560000.0,1021901,1695238560000.0,0.048799999999999955,-0.0011558400000000002,2247.5033568799818,2247.614956879982,-0.8,7.224,1.8,7.163,long_nclose,12.893400000000002,0.0057367656250795615,2.0
1695239280000.0,1021913,1695239280000.0,0.036599999999999966,-0.00086688,2247.5390899999816,2247.6158899999814,-0.6,7.224,1.2,7.163,long_nclose,8.5956,0.0038244496116862066,12.0
1695255900000.0,1022190,1695255900000.0,0.1200000000000001,-0.00088356,2247.6582064399813,2247.7926064399812,-0.6,7.363,0.6,7.163,long_nclose,4.2978,0.001912123465963802,277.0
1695266760000.0,1022371,1695266760000.0,0.06000000000000005,-0.00044178,2247.717764659981,2247.777464659981,-0.3,7.363,0.3,7.163,long_nclose,2.1489,0.0009560364000259926,181.0
1695266880000.0,1022373,1695266880000.0,0.020000000000000018,-0.00014726000000000002,2247.737617399981,2247.777617399981,-0.1,7.363,0.2,7.163,long_nclose,1.4326,0.000637351970670459,2.0
1695267480000.0,1022383,1695267480000.0,0.020000000000000018,-0.00014726000000000002,2247.757470139981,2247.777970139981,-0.1,7.363,0.1,7.163,long_nclose,0.7163,0.0003186731707115145,10.0
1695268080000.0,1022393,1695268080000.0,0.020000000000000018,-0.00014726000000000002,2247.7773228799806,2247.7773228799806,-0.1,7.363,0.0,7.163,long_nclose,0.0,0.0,10.0
1695328080000.0,1023393,1695328080000.0,0.0,-0.0179775,2247.7593453799805,2247.8843453799805,12.5,7.191,12.5,7.191,long_ientry_normal,89.8875,0.03998982372590454,1000.0
1695598020000.0,1027892,1695598020000.0,0.0,-0.018085800000000003,2247.7412595799806,2244.6659595799806,12.9,7.01,25.4,7.099074803149607,long_rentry,180.31650000000002,0.08022119949593064,4499.0
1695763260000.0,1030646,1695763260000.0,0.0,-0.01800988,2247.7232496999804,2242.9688496999806,13.1,6.874,38.5,7.02249090909091,long_rentry,270.3659,0.12028433662199635,2754.0
1695815280000.0,1031513,1695815280000.0,0.7617163636363558,-0.01812992,2248.466836143617,2250.0219197799806,-12.8,7.082,25.7,7.02249090909091,long_nclose,180.47801636363636,0.08026714624493961,867.0
1695817920000.0,1031557,1695817920000.0,0.5058272727272675,-0.0120394,2248.9606240163444,2250.3109803799807,-8.5,7.082,17.2,7.02249090909091,long_nclose,120.78684363636364,0.0537078516833498,44.0
1695821040000.0,1031609,1695821040000.0,0.33920181818181466,-0.008073480000000001,2249.291752354526,2249.953106899981,-5.7,7.082,11.5,7.02249090909091,long_nclose,80.75864545454546,0.035904033067301507,52.0
1695821160000.0,1031611,1695821160000.0,0.2261345454545431,-0.0053823199999999995,2249.5125045799805,2249.9938245799804,-3.8,7.082,7.7,7.02249090909091,long_nclose,54.07318000000001,0.024037732570904878,2.0
1695897360000.0,1032881,1695897360000.0,0.14877272727272572,-0.003541,2249.6577363072533,2249.9515835799807,-2.5,7.082,5.2,7.02249090909091,long_nclose,36.51695272727273,0.016232225968388518,1270.0
1695897420000.0,1032882,1695897420000.0,0.10116545454545349,-0.00240788,2249.7564938817986,2249.9822756999806,-1.7,7.082,3.5,7.02249090909091,long_nclose,24.578718181818182,0.010925057111140642,1.0
1695898620000.0,1032902,1695898620000.0,0.06545999999999932,-0.0015580400000000001,2249.8203958417985,2249.9824176599805,-1.1,7.082,2.4,7.02249090909091,long_nclose,16.85397818181818,0.007491254952158994,20.0
1695904440000.0,1032999,1695904440000.0,0.047607272727272235,-0.00113312,2249.866869994526,2249.9684845399806,-0.8,7.082,1.6,7.02249090909091,long_nclose,11.235985454545457,0.004994066806527443,97.0
1695907080000.0,1033043,1695907080000.0,0.029754545454545145,-0.0007082,2249.8959163399804,2249.9547763399805,-0.5,7.082,1.1,7.02249090909091,long_nclose,7.7247400000000015,0.0034333766037347307,44.0
1695909900000.0,1033090,1695909900000.0,0.017852727272727086,-0.00042492,2249.913344147253,2249.9609514199806,-0.3,7.082,0.8,7.02249090909091,long_nclose,5.617992727272728,0.002496981824605348,47.0
1695909960000.0,1033091,1695909960000.0,0.011901818181818059,-0.00028328,2249.924962685435,2249.96006813998,-0.2,7.082,0.6,7.02249090909091,long_nclose,4.213494545454545,0.0018727266977052691,1.0
1695910020000.0,1033092,1695910020000.0,0.011901818181818059,-0.00028328,2249.9365812236165,2249.95958485998,-0.2,7.082,0.4,7.02249090909091,long_nclose,2.808996363636364,0.0012484780180376043,1.0
1695910080000.0,1033093,1695910080000.0,0.005950909090909029,-0.00014164,2249.9423904927075,2249.9611432199804,-0.1,7.082,0.3,7.02249090909091,long_nclose,2.1067472727272727,0.0009363560958847142,1.0
1695910200000.0,1033095,1695910200000.0,0.005950909090909029,-0.00014164,2249.9481997617986,2249.9599015799804,-0.1,7.082,0.2,7.02249090909091,long_nclose,1.404498181818182,0.0006242357855024733,2.0
1695910260000.0,1033096,1695910260000.0,0.005950909090909029,-0.00014164,2249.9540090308897,2249.9600599399805,-0.1,7.082,0.1,7.02249090909091,long_nclose,0.702249090909091,0.00031211708687839667,1.0
1695910800000.0,1033105,1695910800000.0,0.005950909090909029,-0.00014164,2249.9598182999807,2249.9598182999807,-0.1,7.082,0.0,7.02249090909091,long_nclose,0.0,0.0,9.0
1696261560000.0,1038951,1696261560000.0,0.0,-0.018019500000000004,2249.941798799981,2249.929498799981,12.3,7.325,12.3,7.325,long_ientry_normal,90.09750000000001,0.04004436916903985,5846.0
1696271940000.0,1039124,1696271940000.0,0.0,-0.01799532,2249.923803479981,2247.212403479981,12.6,7.141,24.9,7.231891566265061,long_rentry,180.0741,0.08003564375001387,173.0
1696373160000.0,1040811,1696373160000.0,0.0,-0.018067740000000002,2249.905735739981,2245.9829357399813,12.9,7.003,37.8,7.153777777777778,long_rentry,270.4128,0.12018850199120133,1687.0
1696380000000.0,1040925,1696380000000.0,0.0,-0.025456000000000003,2249.8802797399812,2238.236579739981,18.5,6.88,56.3,7.063815275310835,long_rentry,397.69280000000003,0.17676176087287693,114.0
1696845000000.0,1048675,1696845000000.0,0.0,-0.03713856,2249.843141179981,2229.007041179981,27.6,6.728,83.9,6.953344457687724,long_rentry,583.3856000000001,0.25930056603591944,7750.0
1696924140000.0,1049994,1696924140000.0,1.636489630512497,-0.039126959999999995,2251.4405038504938,2253.4932142199814,-27.9,7.012,56.0,6.953344457687724,long_nclose,389.38728963051256,0.17295029069814127,1319.0
1696924200000.0,1049995,1696924200000.0,1.0909930870083313,-0.026084640000000003,2252.505412297502,2255.596729579981,-18.6,7.012,37.4,6.953344457687724,long_nclose,260.05508271752086,0.11545147962697716,1.0
1696924380000.0,1049998,1696924380000.0,3.6213586412395715,-0.02672978,2256.1000411587415,2259.6652997999813,-18.7,7.147,18.7,6.953344457687724,long_nclose,130.02754135876043,0.05763376578459606,3.0
1696924440000.0,1049999,1696924440000.0,1.8009965435041722,-0.01329342,2257.8877442822454,2259.980706379981,-9.3,7.147,9.4,6.953344457687724,long_nclose,65.36143790226461,0.028948045830791382,1.0
1696924620000.0,1050002,1696924620000.0,3.098762097735401,-0.01369204,2260.9728143399807,2260.9728143399807,-9.4,7.283,0.0,6.953344457687724,long_nclose,0.0,0.0,3.0
1696951260000.0,1050446,1696951260000.0,0.0,-0.01812752,2260.954686819981,2260.914486819981,13.4,6.764,13.4,6.764,long_ientry_normal,90.6376,0.04008819837405996,444.0
1696952460000.0,1050466,1696952460000.0,0.2507999999999978,-0.00600248,2261.1994843399807,2261.7394843399807,-4.4,6.821,9.0,6.764,long_nclose,60.876000000000005,0.026921994464265075,20.0
1696954620000.0,1050502,1696954620000.0,0.1709999999999985,-0.0040926,2261.3663917399804,2261.7323917399804,-3.0,6.821,6.0,6.764,long_nclose,40.584,0.01794667160007324,36.0
1696956420000.0,1050532,1696956420000.0,0.0,-0.0099974,2261.3563943399804,2261.2621943399804,7.4,6.755,13.4,6.759029850746269,long_ientry_partial,90.57100000000001,0.04005162575288575,30.0
1696970760000.0,1050771,1696970760000.0,0.0,-0.01805386,2261.3383404799806,2259.4122404799805,13.7,6.589,27.1,6.673073800738007,long_rentry,180.8403,0.07997047445877371,239.0
1697045700000.0,1052020,1697045700000.0,0.5123357933579404,-0.012114000000000002,2261.8385622733385,2262.9232264799807,-9.0,6.73,18.1,6.673073800738007,long_nclose,120.78263579335794,0.053400201857006634,1249.0
1697046240000.0,1052029,1697046240000.0,0.3415571955719603,-0.008076000000000002,2262.1720434689105,2262.8487504799805,-6.0,6.73,12.1,6.673073800738007,long_nclose,80.74419298892988,0.035693214944480224,9.0
1697048040000.0,1052059,1697048040000.0,0.22770479704797353,-0.005384000000000001,2262.3943642659583,2262.7825664799802,-4.0,6.73,8.1,6.673073800738007,long_nclose,54.05189778597786,0.02389145705086442,30.0
1697048280000.0,1052063,1697048280000.0,0.15370073800738215,-0.0036342000000000006,2262.544430803966,2262.824832279981,-2.7,6.73,5.4,6.673073800738007,long_nclose,36.03459852398524,0.015926581610236405,4.0
1697048340000.0,1052064,1697048340000.0,0.1024671586715881,-0.0024228,2262.6444751626373,2262.8566094799803,-1.8,6.73,3.6,6.673073800738007,long_nclose,24.023065682656824,0.010617251603758943,1.0
1697048520000.0,1052067,1697048520000.0,0.06831143911439205,-0.0016152000000000002,2262.711171401752,2262.8621942799805,-1.2,6.73,2.4,6.673073800738007,long_nclose,16.015377121771216,0.007077959098000861,3.0
1697048880000.0,1052073,1697048880000.0,0.04554095940959471,-0.0010768000000000002,2262.7556355611614,2262.8547174799805,-0.8,6.73,1.6,6.673073800738007,long_nclose,10.676918081180812,0.004718546675294412,6.0
1697049000000.0,1052075,1697049000000.0,0.02846309963099669,-0.0006730000000000001,2262.7834256607925,2262.8581444799806,-0.5,6.73,1.1,6.673073800738007,long_nclose,7.340381180811808,0.0032439609984628655,2.0
1697050320000.0,1052097,1697050320000.0,0.017077859778598013,-0.00040380000000000006,2262.800099720571,2262.8480406799804,-0.3,6.73,0.8,6.673073800738007,long_nclose,5.338459040590406,0.002359226977782811,22.0
1697050980000.0,1052108,1697050980000.0,0.011385239852398678,-0.00026920000000000004,2262.8112157604232,2262.8465714799804,-0.2,6.73,0.6,6.673073800738007,long_nclose,4.003844280442804,0.0017694115410760425,11.0
1697102340000.0,1052964,1697102340000.0,0.0,-0.01728936,2262.793926400423,2262.7470821199804,13.2,6.549,13.8,6.554394513075565,long_ientry_partial,90.4506442804428,0.039972992337101006,856.0
1697127960000.0,1053391,1697127960000.0,0.0,-0.01814476,2262.7757816404232,2261.0813373599804,14.2,6.389,28.0,6.470515867158671,long_rentry,181.1744442804428,0.08006734284079109,427.0
1697135100000.0,1053510,1697135100000.0,0.5067024354243641,-0.012136500000000001,2263.2703475758476,2264.3079008599802,-9.3,6.525,18.7,6.470515867158671,long_nclose,120.99864671586714,0.05346186187852761,119.0
1697135460000.0,1053516,1697135460000.0,0.3378016236162427,-0.008091000000000001,2263.6000581994635,2264.2936098599803,-6.2,6.525,12.5,6.470515867158671,long_nclose,80.88144833948338,0.03573133338926442,6.0
1697136660000.0,1053536,1697136660000.0,0.2233849446494508,-0.0053505,2263.8180926441128,2264.35135935998,-4.1,6.525,8.4,6.470515867158671,long_nclose,54.35233328413284,0.024009143429298226,20.0
1697137740000.0,1053554,1697137740000.0,0.1525555719557225,-0.003654,2263.9669942160685,2264.35610535998,-2.8,6.525,5.6,6.470515867158671,long_nclose,36.23488885608855,0.016005042895351665,18.0
1697229360000.0,1055081,1697229360000.0,0.09807143911439305,-0.0023490000000000004,2264.062716655183,2264.2773563599803,-1.8,6.525,3.8,6.470515867158671,long_nclose,24.587960295202947,0.01086010564739479,1527.0
1697255040000.0,1055509,1697255040000.0,0.3429198523985249,-0.00252738,2264.4031091275815,2264.74602897998,-1.9,6.651,1.9,6.470515867158671,long_nclose,12.293980147601474,0.005429236560418803,428.0
1697255100000.0,1055510,1697255100000.0,0.16243571955719602,-0.0011971800000000002,2264.564347667139,2264.7478317999803,-0.9,6.651,1.0,6.470515867158671,long_nclose,6.470515867158671,0.002857289471073909,1.0
1697378160000.0,1057561,1697378160000.0,0.01634523985239884,-0.00039150000000000003,2264.580301406991,2264.62124029998,-0.3,6.525,0.7,6.470515867158671,long_nclose,4.529361107011069,0.0020000885392304096,2051.0
1697391240000.0,1057779,1697391240000.0,0.05414523985239867,-0.00039905999999999996,2264.6340475868437,2264.7054412399802,-0.3,6.651,0.4,6.470515867158671,long_nclose,2.5882063468634686,0.0011428806122655527,218.0
1697391660000.0,1057786,1697391660000.0,0.03609682656826579,-0.00026604000000000005,2264.669878373412,2264.70557519998,-0.2,6.651,0.2,6.470515867158671,long_nclose,1.2941031734317343,0.0005714312650112243,7.0
1697391780000.0,1057788,1697391780000.0,0.018048413284132894,-0.00013302000000000002,2264.6877937666964,2264.7063421799803,-0.1,6.651,0.1,6.470515867158671,long_nclose,0.6470515867158672,0.0002857133722788657,2.0
1697392560000.0,1057801,1697392560000.0,0.018048413284132894,-0.00013302000000000002,2264.705709159981,2264.705709159981,-0.1,6.651,0.0,6.470515867158671,long_nclose,0.0,0.0,13.0
1697550480000.0,1060433,1697550480000.0,0.0,-0.01809876,2264.6876103999807,2264.5043103999806,14.1,6.418,14.1,6.418,long_ientry_normal,90.4938,0.03995862369027458,2632.0
1697605020000.0,1061342,1697605020000.0,0.2538000000000013,-0.006083680000000001,2264.935326719981,2265.264326719981,-4.7,6.472,9.4,6.418,long_nclose,60.3292,0.026636168939696458,909.0
1697679840000.0,1062589,1697679840000.0,0.0,-0.006442800000000001,2264.9288839199808,2262.584483919981,5.2,6.195,14.6,6.338575342465754,long_ientry_partial,92.54320000000001,0.040859207835184964,1247.0
1697679840000.0,1062589,1697679840000.0,0.0,-0.01816332,2264.910720599981,2262.566320599981,14.7,6.178,29.3,6.258013651877132,long_rentry,183.35979999999998,0.08095674515215659,0.0
1697769240000.0,1064079,1697769240000.0,0.5139675767918201,-0.01224334,2265.4124448367725,2266.450977259981,-9.7,6.311,19.6,6.258013651877132,long_nclose,122.65706757679179,0.05414337148908418,1490.0
1697769360000.0,1064081,1697769360000.0,0.3444112627986424,-0.008204300000000001,2265.748651799571,2266.53447295998,-6.5,6.311,13.1,6.258013651877132,long_nclose,81.97997883959043,0.03618229178884332,2.0
1697769780000.0,1064088,1697769780000.0,0.22784129692833266,-0.00542746,2265.971065636499,2266.4373454999804,-4.3,6.311,8.8,6.258013651877132,long_nclose,55.070520136518766,0.024303275964845453,7.0
1697769840000.0,1064089,1697769840000.0,0.15366040955631738,-0.00366038,2266.1210656660555,2266.4631851199806,-2.9,6.311,5.9,6.258013651877132,long_nclose,36.92228054607508,0.01629316328482341,1.0
1697790720000.0,1064437,1697790720000.0,0.507460409556317,-0.00373114,2266.6247949356116,2267.12275397998,-2.9,6.433,3.0,6.258013651877132,long_nclose,18.774040955631396,0.008282818134513838,348.0
1697791140000.0,1064444,1697791140000.0,0.2624795221843019,-0.0019299,2266.8853445577956,2267.14482407998,-1.5,6.433,1.5,6.258013651877132,long_nclose,9.387020477815698,0.004140933064987826,7.0
1697791200000.0,1064445,1697791200000.0,0.12249044368600756,-0.00090062,2267.0069343814816,2267.15172345998,-0.7,6.433,0.8,6.258013651877132,long_nclose,5.006410921501706,0.0022083791829545633,1.0
1697791560000.0,1064451,1697791560000.0,0.06999453924914718,-0.00051464,2267.076414280731,2267.1484088199804,-0.4,6.433,0.4,6.258013651877132,long_nclose,2.503205460750853,0.0011041557509851461,6.0
1697791860000.0,1064456,1697791860000.0,0.03499726962457359,-0.00025732,2267.1111542303556,2267.14655149998,-0.2,6.433,0.2,6.258013651877132,long_nclose,1.2516027303754265,0.0005520694157584539,5.0
1697791980000.0,1064458,1697791980000.0,0.017498634812286796,-0.00012866,2267.128524205168,2267.1458228399806,-0.1,6.433,0.1,6.258013651877132,long_nclose,0.6258013651877132,0.0002760325929943088,2.0
1697792040000.0,1064459,1697792040000.0,0.017498634812286796,-0.00012866,2267.1458941799806,2267.1458941799806,-0.1,6.433,0.0,6.258013651877132,long_nclose,0.0,0.0,1.0
1698161160000.0,1070611,1698161160000.0,0.0,-0.01813826,2267.1277559199807,2267.0753559199807,13.1,6.923,13.1,6.923,long_ientry_normal,90.6913,0.04000273022249611,6152.0
1698161940000.0,1070624,1698161940000.0,0.0,-0.01808732,2267.1096685999805,2264.7772685999807,13.4,6.749,26.5,6.835015094339623,long_rentry,181.1279,0.07989375304982614,13.0
1698162420000.0,1070632,1698162420000.0,0.5102671698113191,-0.01213168,2267.607804089792,2268.6341369199804,-8.8,6.893,17.7,6.835015094339623,long_nclose,120.97976716981131,0.05335127483315929,8.0
1698162480000.0,1070633,1698162480000.0,0.34211094339622533,-0.00813374,2267.941781293188,2268.5552031799803,-5.9,6.893,11.8,6.835015094339623,long_nclose,80.65317811320755,0.03556227888143532,1.0
1698162540000.0,1070634,1698162540000.0,0.22614113207547096,-0.00537654,2268.1625458852636,2268.6759266399804,-3.9,6.893,7.9,6.835015094339623,long_nclose,53.99661924528302,0.02380632699505588,1.0
1698162600000.0,1070635,1698162600000.0,0.0,-0.007176000000000001,2268.1553698852636,2268.7473506399806,5.2,6.9,13.1,6.860810629410918,long_ientry_partial,89.87661924528302,0.03962542444780998,1.0
1698164220000.0,1070662,1698164220000.0,0.25021429353305125,-0.005950339999999999,2268.399633838797,2268.955700299981,-4.3,6.919,8.8,6.860810629410918,long_nclose,60.37513353881608,0.026615739413007954,27.0
1698164820000.0,1070672,1698164820000.0,0.0,-0.00594346,2268.393690378797,2268.809156839981,4.3,6.911,13.1,6.87728500296306,long_ientry_partial,90.09243353881608,0.03971640104666824,10.0
1698165120000.0,1070677,1698165120000.0,0.2524744872588432,-0.00596496,2268.6401999060563,2269.3768918799815,-4.3,6.936,8.8,6.87728500296306,long_nclose,60.52010802607493,0.026676820779505294,5.0
1698166140000.0,1070694,1698166140000.0,0.1702734914071268,-0.00402288,2268.8064505174634,2269.1823689999815,-2.9,6.936,5.9,6.87728500296306,long_nclose,40.575981517482056,0.01788428515276285,17.0
1698166800000.0,1070705,1698166800000.0,0.11155849437018651,-0.00263568,2268.9153733318335,2269.1702333199814,-1.9,6.936,4.0,6.87728500296306,long_nclose,27.50914001185224,0.012124357010043923,11.0
1698166920000.0,1070707,1698166920000.0,0.07632949614802235,-0.0018033600000000002,2268.9898994679816,2269.197029959981,-1.3,6.936,2.7,6.87728500296306,long_nclose,18.568669508000262,0.008183672176043677,2.0
1698169380000.0,1070748,1698169380000.0,0.052843497333246246,-0.00124848,2269.041494485315,2269.1543814799816,-0.9,6.936,1.8,6.87728500296306,long_nclose,12.379113005333508,0.005455657393405868,41.0
1698169560000.0,1070751,1698169560000.0,0.035228998222164166,-0.00083232,2269.075891163537,2269.1439491599813,-0.6,6.936,1.2,6.87728500296306,long_nclose,8.252742003555671,0.0036370497944534716,3.0
1698170700000.0,1070770,1698170700000.0,0.0,-0.016560000000000002,2269.059331163537,2268.9413891599816,12.0,6.9,13.2,6.89793500026937,long_ientry_partial,91.05274200355568,0.040127968781171225,19.0
1698174240000.0,1070829,1698174240000.0,0.25548599881477474,-0.0061212800000000015,2269.308695882352,2269.8196678799814,-4.4,6.956,8.8,6.89793500026937,long_nclose,60.70182800237046,0.026749039525787565,59.0
1698174300000.0,1070830,1698174300000.0,0.16838849921882879,-0.00403448,2269.473049901571,2269.7566333999816,-2.9,6.956,5.9,6.89793500026937,long_nclose,40.69781650158929,0.017932716364864692,1.0
1698175800000.0,1070855,1698175800000.0,0.11032349948819817,-0.00264328,2269.580730121059,2269.8169901199813,-1.9,6.956,4.0,6.89793500026937,long_nclose,27.59174000107748,0.01215719698131458,25.0
1698176340000.0,1070864,1698176340000.0,0.0754844996498198,-0.0018085600000000003,2269.654406060709,2269.8219815599814,-1.3,6.956,2.7,6.89793500026937,long_nclose,18.6244245007273,0.008205841581429351,9.0
1698176940000.0,1070874,1698176940000.0,0.05225849975756756,-0.0012520800000000003,2269.7054124804663,2269.8117294799813,-0.9,6.956,1.8,6.89793500026937,long_nclose,12.416283000484865,0.005470438115982474,10.0
1698177660000.0,1070886,1698177660000.0,0.03483899983837837,-0.0008347200000000002,2269.7394167603047,2269.8066947599814,-0.6,6.956,1.2,6.89793500026937,long_nclose,8.277522000323243,0.0036469041067886555,12.0
1698178200000.0,1070895,1698178200000.0,0.02322599989225225,-0.0005564800000000001,2269.7620862801973,2269.8269382799817,-0.4,6.956,0.8,6.89793500026937,long_nclose,5.5183480002154965,0.00243124512193225,9.0
1698180480000.0,1070933,1698180480000.0,0.011612999946126124,-0.0002782400000000001,2269.773421040143,2269.8100600399816,-0.2,6.956,0.6,6.89793500026937,long_nclose,4.1387610001616215,0.001823424735613037,38.0
1698180660000.0,1070936,1698180660000.0,0.011612999946126124,-0.0002782400000000001,2269.784755800089,2269.807581799981,-0.2,6.956,0.4,6.89793500026937,long_nclose,2.7591740001077483,0.001215610419911888,3.0
1698184380000.0,1070998,1698184380000.0,0.005806499973063062,-0.00013912000000000004,2269.790423180062,2269.809642679981,-0.1,6.956,0.3,6.89793500026937,long_nclose,2.0693805000808108,0.0009117055385146663,62.0
1698190980000.0,1071108,1698190980000.0,0.005806499973063062,-0.00013912000000000004,2269.7960905600353,2269.8077035599813,-0.1,6.956,0.2,6.89793500026937,long_nclose,1.3795870000538741,0.0006078021747378565,110.0
1698191040000.0,1071109,1698191040000.0,0.005806499973063062,-0.00013912000000000004,2269.8017579400084,2269.8089644399815,-0.1,6.956,0.1,6.89793500026937,long_nclose,0.6897935000269371,0.00030390032857009026,1.0
1698192900000.0,1071140,1698192900000.0,0.005806499973063062,-0.00013912000000000004,2269.8074253199816,2269.8074253199816,-0.1,6.956,0.0,6.89793500026937,long_nclose,0.0,0.0,31.0
1698219960000.0,1071591,1698219960000.0,0.0,-0.01819488,2269.7892304399816,2269.2744304399816,13.2,6.892,13.2,6.892,long_ientry_normal,90.9744,0.04008054967392955,451.0
1698222300000.0,1071630,1698222300000.0,0.25519999999999926,-0.006116000000000001,2270.0383144399816,2270.5487144399817,-4.4,6.95,8.8,6.892,long_nclose,60.64960000000001,0.026717434509453318,39.0
1698222360000.0,1071631,1698222360000.0,0.1681999999999995,-0.004031000000000001,2270.2024834399817,2270.5151834399817,-2.9,6.95,5.9,6.892,long_nclose,40.662800000000004,0.01791153004924242,1.0
1698222600000.0,1071635,1698222600000.0,0.11019999999999967,-0.002641,2270.3100424399818,2270.538042439982,-1.9,6.95,4.0,6.892,long_nclose,27.568,0.012142834892441256,4.0
1698222660000.0,1071636,1698222660000.0,0.07539999999999979,-0.001807,2270.383635439982,2270.5537354399817,-1.3,6.95,2.7,6.892,long_nclose,18.608400000000003,0.008196147871015573,1.0
1698224040000.0,1071659,1698224040000.0,0.05219999999999985,-0.001251,2270.434584439982,2270.531784439982,-0.9,6.95,1.8,6.892,long_nclose,12.405600000000002,0.005463975965226907,23.0
1698224100000.0,1071660,1698224100000.0,0.034799999999999894,-0.000834,2270.4685504399818,2270.544150439982,-0.6,6.95,1.2,6.892,long_nclose,8.2704,0.003642596149767115,1.0
1698224460000.0,1071666,1698224460000.0,0.023199999999999932,-0.0005560000000000001,2270.491194439982,2270.538394439982,-0.4,6.95,0.8,6.892,long_nclose,5.5136,0.0024283732143519426,6.0
1698224580000.0,1071668,1698224580000.0,0.011599999999999966,-0.00027800000000000004,2270.5025164399817,2270.5409164399816,-0.2,6.95,0.6,6.892,long_nclose,4.1352,0.0018212708288400216,2.0
1698240060000.0,1071926,1698240060000.0,0.05759999999999978,-0.00042504,2270.5596913999816,2270.6163913999817,-0.3,7.084,0.3,6.892,long_nclose,2.0676,0.0009106124837110798,258.0
1698240120000.0,1071927,1698240120000.0,0.01919999999999993,-0.00014168,2270.5787497199817,2270.6167497199817,-0.1,7.084,0.2,6.892,long_nclose,1.3784,0.0006070698935987095,1.0
1698240180000.0,1071928,1698240180000.0,0.01919999999999993,-0.00014168,2270.597808039982,2270.617908039982,-0.1,7.084,0.1,6.892,long_nclose,0.6892,0.0003035323990711191,1.0
1698243660000.0,1071986,1698243660000.0,0.01919999999999993,-0.00014168,2270.616866359982,2270.616866359982,-0.1,7.084,0.0,6.892,long_nclose,0.0,0.0,58.0
1698330720000.0,1073437,1698330720000.0,0.0,-0.01819416,2270.598672199982,2270.792172199982,12.9,7.052,12.9,7.052,long_ientry_normal,90.9708,0.04006467594374942,1451.0
1698358200000.0,1073895,1698358200000.0,0.2580000000000021,-0.00611632,2270.850555879982,2271.280555879982,-4.3,7.112,8.6,7.052,long_nclose,60.64719999999999,0.02670682130224922,458.0
1698358320000.0,1073897,1698358320000.0,0.16800000000000137,-0.00398272,2271.0145731599823,2271.397373159982,-2.8,7.112,5.8,7.052,long_nclose,40.901599999999995,0.018010276324685947,2.0
1698358800000.0,1073905,1698358800000.0,0.11400000000000093,-0.00270256,2271.125870599982,2271.340370599982,-1.9,7.112,3.9,7.052,long_nclose,27.502799999999997,0.012109764745330629,8.0
1698359100000.0,1073910,1698359100000.0,0.07800000000000065,-0.00184912,2271.2020214799822,2271.371021479982,-1.3,7.112,2.6,7.052,long_nclose,18.3352,0.008072905812250133,5.0
1698365880000.0,1074023,1698365880000.0,0.0480000000000004,-0.0011379200000000002,2271.248883559982,2271.353283559982,-0.8,7.112,1.8,7.052,long_nclose,12.6936,0.005588819478076706,113.0
1698365940000.0,1074024,1698365940000.0,0.036000000000000296,-0.00085344,2271.284030119982,2271.3632301199823,-0.6,7.112,1.2,7.052,long_nclose,8.462399999999999,0.0037258219966231905,1.0
1698367140000.0,1074044,1698367140000.0,0.0240000000000002,-0.0005689600000000001,2271.3074611599823,2271.3562611599823,-0.4,7.112,0.8,7.052,long_nclose,5.6416,0.0024838557071083507,20.0
1698371460000.0,1074116,1698371460000.0,0.0,-0.01700192,2271.2904592399823,2271.3012592399823,12.2,6.968,13.0,6.973169230769231,long_ientry_partial,90.6512,0.03991176013231423,72.0
1698373260000.0,1074146,1698373260000.0,0.2529723076923077,-0.006047520000000001,2271.5373840276748,2272.0666117199826,-4.3,7.032,8.7,6.973169230769231,long_nclose,60.666572307692306,0.026707274436366127,30.0
1698381960000.0,1074291,1698381960000.0,0.1706092307692308,-0.00407856,2271.703914698444,2272.0857331599823,-2.9,7.032,5.8,6.973169230769231,long_nclose,40.444381538461535,0.017803544412974392,145.0
1698382980000.0,1074308,1698382980000.0,0.11177846153846155,-0.00267216,2271.813020999982,2272.0190609999822,-1.9,7.032,3.9,6.973169230769231,long_nclose,27.19536,0.011970773892311543,17.0
1698383100000.0,1074310,1698383100000.0,0.07648000000000002,-0.0018283200000000002,2271.887672679982,2272.051032679982,-1.3,7.032,2.6,6.973169230769231,long_nclose,18.13024,0.007980253697407963,2.0
1698387120000.0,1074377,1698387120000.0,0.0470646153846154,-0.00112512,2271.9336121753668,2272.0521075599822,-0.8,7.032,1.8,6.973169230769231,long_nclose,12.551704615384615,0.005524679307581709,67.0
1698396060000.0,1074526,1698396060000.0,0.03529846153846154,-0.00084384,2271.968066796905,2272.037463719982,-0.6,7.032,1.2,6.973169230769231,long_nclose,8.367803076923076,0.0036830636835139497,149.0
1698396120000.0,1074527,1698396120000.0,0.0235323076923077,-0.00056256,2271.991036544597,2272.0413011599817,-0.4,7.032,0.8,6.973169230769231,long_nclose,5.578535384615385,0.002455350965248354,1.0
1698407520000.0,1074717,1698407520000.0,0.01176615384615385,-0.00028128,2272.0025214184434,2272.038419879982,-0.2,7.032,0.6,6.973169230769231,long_nclose,4.183901538461538,0.0018415039151670788,190.0
1698407820000.0,1074722,1698407820000.0,0.01176615384615385,-0.00028128,2272.0140062922897,2272.041938599982,-0.2,7.032,0.4,6.973169230769231,long_nclose,2.7892676923076927,0.0012276630709946686,5.0
1698408480000.0,1074733,1698408480000.0,0.005883076923076925,-0.00014064,2272.0197487292126,2272.0391979599817,-0.1,7.032,0.3,6.973169230769231,long_nclose,2.091950769230769,0.0009207449760948778,11.0
1698417240000.0,1074879,1698417240000.0,0.005883076923076925,-0.00014064,2272.0254911661355,2272.0364573199818,-0.1,7.032,0.2,6.973169230769231,long_nclose,1.3946338461538463,0.000613828432637012,146.0
1698417300000.0,1074880,1698417300000.0,0.005883076923076925,-0.00014064,2272.0312336030584,2272.0384166799813,-0.1,7.032,0.1,6.973169230769231,long_nclose,0.6973169230769232,0.0003069134406093072,1.0
1698419040000.0,1074909,1698419040000.0,0.005883076923076925,-0.00014064,2272.0369760399813,2272.0369760399813,-0.1,7.032,0.0,6.973169230769231,long_nclose,0.0,0.0,29.0
1698426420000.0,1075032,1698426420000.0,0.0,-0.01821162,2272.0187644199814,2272.1235644199814,13.1,6.951,13.1,6.951,long_ientry_normal,91.0581,0.040078058080319605,123.0
1698427020000.0,1075042,1698427020000.0,0.2537000000000007,-0.006028599999999999,2272.266435819982,2272.776835819982,-4.3,7.01,8.8,6.951,long_nclose,61.168800000000005,0.026919730466346617,10.0
1698427080000.0,1075043,1698427080000.0,0.17110000000000047,-0.0040658,2272.433470019982,2272.840570019982,-2.9,7.01,5.9,6.951,long_nclose,41.0109,0.018047129009959258,1.0
1698427440000.0,1075049,1698427440000.0,0.11210000000000031,-0.0026638,2272.542906219982,2272.786906219982,-1.9,7.01,4.0,6.951,long_nclose,27.804,0.01223475249857772,6.0
1698427560000.0,1075051,1698427560000.0,0.07670000000000021,-0.0018226,2272.6177836199818,2272.7932836199816,-1.3,7.01,2.7,6.951,long_nclose,18.7677,0.008258185839813996,2.0
1698427860000.0,1075056,1698427860000.0,0.05310000000000015,-0.0012618,2272.669621819982,2272.786621819982,-0.9,7.01,1.8,6.951,long_nclose,12.5118,0.005505331650440417,5.0
1698427980000.0,1075058,1698427980000.0,0.0354000000000001,-0.0008412,2272.704180619982,2272.7713806199818,-0.6,7.01,1.2,6.951,long_nclose,8.341199999999999,0.0036701652908142945,2.0
1698428040000.0,1075059,1698428040000.0,0.023600000000000065,-0.0005608000000000001,2272.7272198199817,2272.7800198199816,-0.4,7.01,0.8,6.951,long_nclose,5.5608,0.0024467520569584505,1.0
1698428460000.0,1075066,1698428460000.0,0.011800000000000033,-0.00028040000000000004,2272.738739419982,2272.777739419982,-0.2,7.01,0.6,6.951,long_nclose,4.170599999999999,0.0018350547415161165,7.0
1698428700000.0,1075070,1698428700000.0,0.011800000000000033,-0.00028040000000000004,2272.750259019982,2272.778659019982,-0.2,7.01,0.4,6.951,long_nclose,2.7804,0.001223363626938456,4.0
1698429300000.0,1075080,1698429300000.0,0.005900000000000016,-0.00014020000000000002,2272.7560188199823,2272.7734188199825,-0.1,7.01,0.3,6.951,long_nclose,2.0852999999999997,0.000917520394944412,10.0
1698429360000.0,1075081,1698429360000.0,0.005900000000000016,-0.00014020000000000002,2272.7617786199826,2272.7745786199825,-0.1,7.01,0.2,6.951,long_nclose,1.3902,0.0006116787131311788,1.0
1698429720000.0,1075087,1698429720000.0,0.005900000000000016,-0.00014020000000000002,2272.767538419983,2272.773338419983,-0.1,7.01,0.1,6.951,long_nclose,0.6951,0.00030583858148696997,6.0
1698429780000.0,1075088,1698429780000.0,0.005900000000000016,-0.00014020000000000002,2272.773298219983,2272.773298219983,-0.1,7.01,0.0,6.951,long_nclose,0.0,0.0,1.0
1698431280000.0,1075113,1698431280000.0,0.0,-0.01815922,2272.755138999983,2272.7289389999833,13.1,6.931,13.1,6.931,long_ientry_normal,90.7961,0.03994979416918202,25.0
1698432000000.0,1075125,1698432000000.0,0.2537000000000007,-0.0060114,2273.0028275999834,2273.4868275999834,-4.3,6.99,8.8,6.931,long_nclose,60.9928,0.02683357858573411,12.0
1698432060000.0,1075126,1698432060000.0,0.17110000000000047,-0.0040542,2273.1698733999833,2273.5356733999834,-2.9,6.99,5.9,6.931,long_nclose,40.892900000000004,0.01798937267228359,1.0
1698432600000.0,1075135,1698432600000.0,0.11210000000000031,-0.0026562,2273.2793171999833,2273.5073171999834,-1.9,6.99,4.0,6.931,long_nclose,27.724,0.012195597694588571,9.0
1698433260000.0,1075146,1698433260000.0,0.07670000000000021,-0.0018174,2273.3541997999832,2273.516199799983,-1.3,6.99,2.7,6.931,long_nclose,18.713700000000003,0.008231757286940368,11.0
1698433380000.0,1075148,1698433380000.0,0.05310000000000015,-0.0012582000000000001,2273.4060415999834,2273.5068415999835,-0.9,6.99,1.8,6.931,long_nclose,12.4758,0.005487713048928008,2.0
1698433560000.0,1075151,1698433560000.0,0.0354000000000001,-0.0008388,2273.4406027999835,2273.5018027999836,-0.6,6.99,1.2,6.931,long_nclose,8.3172,0.0036584197492366788,3.0
1698433620000.0,1075152,1698433620000.0,0.023600000000000065,-0.0005592,2273.4636435999832,2273.513243599983,-0.4,6.99,0.8,6.931,long_nclose,5.5448,0.00243892178157726,1.0
1698433920000.0,1075157,1698433920000.0,0.011800000000000033,-0.0002796,2273.4751639999836,2273.512363999984,-0.2,6.99,0.6,6.931,long_nclose,4.1586,0.0018291820671061572,5.0
1698434340000.0,1075164,1698434340000.0,0.011800000000000033,-0.0002796,2273.486684399984,2273.508684399984,-0.2,6.99,0.4,6.931,long_nclose,2.7724,0.0012194485320822053,7.0
1698434460000.0,1075166,1698434460000.0,0.005900000000000016,-0.0001398,2273.492444599984,2273.510144599984,-0.1,6.99,0.3,6.931,long_nclose,2.0793,0.0009145840818335546,2.0
1698434520000.0,1075167,1698434520000.0,0.005900000000000016,-0.0001398,2273.4982047999843,2273.5108047999843,-0.1,6.99,0.2,6.931,long_nclose,1.3862,0.000609721176411465,1.0
1698434700000.0,1075170,1698434700000.0,0.005900000000000016,-0.0001398,2273.5039649999844,2273.5099649999843,-0.1,6.99,0.1,6.931,long_nclose,0.6931,0.00030485981580419404,3.0
1698434820000.0,1075172,1698434820000.0,0.005900000000000016,-0.0001398,2273.5097251999846,2273.5097251999846,-0.1,6.99,0.0,6.931,long_nclose,0.0,0.0,2.0
1698765120000.0,1080677,1698765120000.0,0.0,-0.018264040000000002,2273.4914611599847,2274.152261159985,11.8,7.739,11.8,7.739,long_ientry_normal,91.3202,0.040167382002572576,5505.0
1698765180000.0,1080678,1698765180000.0,0.25739999999999935,-0.0060879,2273.742773259985,2274.485373259985,-3.9,7.805,7.9,7.739,long_nclose,61.1381,0.026888749562617886,1.0
1698765420000.0,1080682,1698765420000.0,0.0,-0.00603642,2273.736736839985,2273.854736839985,3.9,7.739,11.8,7.739,long_ientry_partial,91.3202,0.04016304901108113,4.0
1698765600000.0,1080685,1698765600000.0,0.25739999999999935,-0.0060879,2273.988048939985,2274.477848939985,-3.9,7.805,7.9,7.739,long_nclose,61.1381,0.026885849302725844,3.0
1698765660000.0,1080686,1698765660000.0,0.1715999999999996,-0.0040586,2274.1555903399853,2274.5795903399853,-2.6,7.805,5.3,7.739,long_nclose,41.0167,0.018036013091728708,1.0
1698766680000.0,1080703,1698766680000.0,0.5616000000000005,-0.0041366,2274.7130537399853,2275.0802537399854,-2.6,7.955,2.7,7.739,long_nclose,20.895300000000002,0.009185905873114348,17.0
1698767160000.0,1080711,1698767160000.0,0.28080000000000027,-0.0020683,2274.9917854399855,2275.2843854399857,-1.3,7.955,1.4,7.739,long_nclose,10.8346,0.004762478734798851,8.0
1698767220000.0,1080712,1698767220000.0,0.1512000000000001,-0.0011137,2275.141871739985,2275.283971739985,-0.7,7.955,0.7,7.739,long_nclose,5.4173,0.0023810822820719097,1.0
1698767280000.0,1080713,1698767280000.0,0.06480000000000005,-0.0004773,2275.206194439985,2275.2889944399853,-0.3,7.955,0.4,7.739,long_nclose,3.0956,0.0013605799806474003,1.0
1698767400000.0,1080715,1698767400000.0,0.043200000000000044,-0.00031820000000000004,2275.2490762399852,2275.2906762399853,-0.2,7.955,0.2,7.739,long_nclose,1.5478,0.0006802771688442359,2.0
1698767460000.0,1080716,1698767460000.0,0.021600000000000022,-0.00015910000000000002,2275.2705171399853,2275.2930171399853,-0.1,7.955,0.1,7.739,long_nclose,0.7739,0.0003401353791428688,1.0
1698767640000.0,1080719,1698767640000.0,0.021600000000000022,-0.00015910000000000002,2275.2919580399853,2275.2919580399853,-0.1,7.955,0.0,7.739,long_nclose,0.0,0.0,3.0
1698811500000.0,1081450,1698811500000.0,0.0,-0.018125640000000002,2275.273832399985,2275.3791323999853,11.7,7.746,11.7,7.746,long_ientry_normal,90.6282,0.03983177704127346,731.0
1698844740000.0,1082004,1698844740000.0,0.25739999999999935,-0.00609336,2275.5251390399853,2276.0399390399853,-3.9,7.812,7.8,7.746,long_nclose,60.418800000000005,0.02655158537404246,554.0
1698844800000.0,1082005,1698844800000.0,0.1715999999999996,-0.004062240000000001,2275.6926767999853,2276.1346767999853,-2.6,7.812,5.2,7.746,long_nclose,40.2792,0.017699753754377535,1.0
1698850320000.0,1082097,1698850320000.0,0.0,-0.010276160000000001,2275.682400639985,2274.6944006399854,6.8,7.556,12.0,7.638333333333334,long_ientry_partial,91.66,0.04027802824076974,92.0
1698856500000.0,1082200,1698856500000.0,0.2586666666666666,-0.0061624,2275.934904906652,2276.5402382399852,-4.0,7.703,8.0,7.638333333333334,long_nclose,61.10666666666667,0.026849039722062252,103.0
1698861780000.0,1082288,1698861780000.0,0.1681333333333333,-0.004005560000000001,2276.0990326799847,2276.453632679985,-2.6,7.703,5.4,7.638333333333334,long_nclose,41.24700000000001,0.018121794969278588,88.0
1698862140000.0,1082294,1698862140000.0,0.11639999999999998,-0.0027730800000000002,2276.2126595999844,2276.485059599984,-1.8,7.703,3.6,7.638333333333334,long_nclose,27.498,0.012080593561426035,6.0
1698863700000.0,1082320,1698863700000.0,0.3827999999999994,-0.00282636,2276.592633239984,2276.977233239984,-1.8,7.851,1.8,7.638333333333334,long_nclose,13.749,0.006039288627773868,26.0
1698863940000.0,1082324,1698863940000.0,0.1913999999999997,-0.00141318,2276.7826200599843,2276.9722200599845,-0.9,7.851,0.9,7.638333333333334,long_nclose,6.8745,0.0030193923387463683,4.0
1698864000000.0,1082325,1698864000000.0,0.08506666666666654,-0.00062808,2276.867058646651,2276.959891979984,-0.4,7.851,0.5,7.638333333333334,long_nclose,3.819166666666667,0.0016773779796070943,1.0
1698864960000.0,1082341,1698864960000.0,0.04253333333333327,-0.00031404,2276.9092779399843,2276.9748779399843,-0.2,7.851,0.3,7.638333333333334,long_nclose,2.2915,0.0010064081262268019,16.0
1698866820000.0,1082372,1698866820000.0,0.1084999999999999,-0.00048,2277.017297939984,2277.017297939984,-0.3,8.0,0.0,7.638333333333334,long_nclose,0.0,0.0,31.0
1698930840000.0,1083439,1698930840000.0,0.0,-0.01813968,2276.999158259984,2277.490558259984,11.7,7.752,11.7,7.752,long_ientry_normal,90.69839999999999,0.039832425792071455,1067.0
1698930960000.0,1083441,1698930960000.0,0.25739999999999935,-0.00609804,2277.2504602199842,2277.8822602199843,-3.9,7.818,7.8,7.752,long_nclose,60.465599999999995,0.02655202010329552,2.0
1698931860000.0,1083456,1698931860000.0,0.1715999999999996,-0.00406536,2277.4179948599844,2277.8547948599844,-2.6,7.818,5.2,7.752,long_nclose,40.3104,0.0177000445640539,15.0
1698932640000.0,1083469,1698932640000.0,0.0,-0.01023,2277.4077648599846,2277.8575648599844,6.6,7.75,11.8,7.7508813559322025,long_ientry_partial,91.46039999999999,0.0401598700993377,13.0
1698932880000.0,1083473,1698932880000.0,0.25786271186441084,-0.00609726,2277.6595303118493,2278.094967599985,-3.9,7.817,7.9,7.7508813559322025,long_nclose,61.231962711864405,0.02688372072163074,4.0
1698932940000.0,1083474,1698932940000.0,0.17190847457627392,-0.00406484,2277.8273739464257,2278.220202759985,-2.6,7.817,5.3,7.7508813559322025,long_nclose,41.07967118644067,0.018034584910299203,1.0
1698933600000.0,1083485,1698933600000.0,0.11240169491525602,-0.00265778,2277.937117861341,2278.171544979985,-1.7,7.817,3.6,7.7508813559322025,long_nclose,27.90317288135593,0.012249316569174235,11.0
1698933660000.0,1083486,1698933660000.0,0.07934237288135719,-0.00187608,2278.0145841542226,2278.2044688999854,-1.2,7.817,2.4,7.7508813559322025,long_nclose,18.602115254237287,0.008165933345481127,1.0
1698933840000.0,1083489,1698933840000.0,0.05289491525423813,-0.00125072,2278.066228349477,2278.1592181799856,-0.8,7.817,1.6,7.7508813559322025,long_nclose,12.401410169491525,0.0054438321481446545,3.0
1698933900000.0,1083490,1698933900000.0,0.03305932203389883,-0.0007817000000000001,2278.098505971511,2278.1602364799855,-0.5,7.817,1.1,7.7508813559322025,long_nclose,8.525969491525423,0.0037425815737012935,1.0
1698934260000.0,1083496,1698934260000.0,0.0,-0.01657858,2278.081927391511,2278.3608578999856,10.7,7.747,11.8,7.747361821315713,long_ientry_partial,91.41886949152541,0.04012975494529446,6.0
1698942660000.0,1083636,1698942660000.0,0.0,-0.01827584,2278.0636515515107,2276.4992820599855,12.1,7.552,23.9,7.648454790440395,long_rentry,182.79806949152544,0.0802427400863132,140.0
1698945660000.0,1083686,1698945660000.0,0.5099071555208802,-0.012186540000000001,2278.5613721670315,2280.010095519985,-7.9,7.713,16.0,7.648454790440395,long_nclose,122.37527664704632,0.05370725499952674,50.0
1698945840000.0,1083689,1698945840000.0,0.3420896106659069,-0.00817578,2278.8952859976976,2279.4896197399853,-5.3,7.713,10.7,7.648454790440395,long_nclose,81.83846625771223,0.03591146410304827,3.0
1698946080000.0,1083693,1698946080000.0,0.22590823345861777,-0.0053991,2279.115795131156,2279.681320639985,-3.5,7.713,7.2,7.648454790440395,long_nclose,55.068874491170845,0.024162385521970288,4.0
1698946500000.0,1083700,1698946500000.0,0.7687627544145784,-0.005660640000000001,2279.878897245571,2280.5252599999853,-3.6,7.862,3.6,7.648454790440395,long_nclose,27.534437245585423,0.012077149044561565,7.0
1698946800000.0,1083705,1698946800000.0,0.3843813772072892,-0.0028303200000000003,2280.260448302778,2280.6124296799853,-1.8,7.862,1.8,7.648454790440395,long_nclose,13.767218622792711,0.006037564100644642,5.0
1698946920000.0,1083707,1698946920000.0,0.1921906886036446,-0.0014151600000000002,2280.451223831382,2280.6227145199855,-0.9,7.862,0.9,7.648454790440395,long_nclose,6.883609311396356,0.0030185295083098584,2.0
1698946980000.0,1083708,1698946980000.0,0.08541808382384204,-0.00062896,2280.5360129552055,2280.6362855599855,-0.4,7.862,0.5,7.648454790440395,long_nclose,3.8242273952201975,0.001676898489432148,1.0
1698947040000.0,1083709,1698947040000.0,0.04270904191192102,-0.00031448,2280.5784075171177,2280.6289710799856,-0.2,7.862,0.3,7.648454790440395,long_nclose,2.2945364371321184,0.0010061203901470753,1.0
1698972240000.0,1084129,1698972240000.0,0.006454520955960508,-0.00015426000000000003,2280.584707778074,2280.596416819986,-0.1,7.713,0.2,7.648454790440395,long_nclose,1.529690958088079,0.0006707450737834794,420.0
1698972300000.0,1084130,1698972300000.0,0.006454520955960508,-0.00015426000000000003,2280.5910080390304,2280.5983625599865,-0.1,7.713,0.1,7.648454790440395,long_nclose,0.7648454790440395,0.0003353716104062399,1.0
1698972480000.0,1084133,1698972480000.0,0.0,-0.018070520000000003,2280.5729375190303,2280.6332920399864,11.8,7.657,11.9,7.656928191516306,long_ientry_partial,91.11744547904404,0.03995375196294668,3.0
1698981720000.0,1084287,1698981720000.0,0.25378005308640955,-0.0060231600000000005,2280.8206944121166,2281.325268879986,-3.9,7.722,8.0,7.656928191516306,long_nclose,61.255425532130445,0.026856747521715678,154.0
1698982200000.0,1084295,1698982200000.0,0.1691867020576064,-0.00401544,2280.9858656741744,2281.2994534399863,-2.6,7.722,5.4,7.656928191516306,long_nclose,41.347412234188056,0.018126991866285545,8.0
1698982260000.0,1084296,1698982260000.0,0.11712925527065057,-0.0027799200000000004,2281.100215009445,2281.3560735199862,-1.8,7.722,3.6,7.656928191516306,long_nclose,27.5649414894587,0.012084055451875254,1.0
1698982440000.0,1084299,1698982440000.0,0.0780861701804337,-0.0018532800000000003,2281.1764478996256,2281.3350202399865,-1.2,7.722,2.4,7.656928191516306,long_nclose,18.376627659639134,0.0080557677493818,3.0
1698984540000.0,1084334,1698984540000.0,0.05205744678695581,-0.0012355200000000002,2281.2272698264123,2281.332984719986,-0.8,7.722,1.6,7.656928191516306,long_nclose,12.251085106426089,0.005370392186903115,35.0
1698984840000.0,1084339,1698984840000.0,0.03253590424184738,-0.0007722000000000001,2281.259033530654,2281.328412519986,-0.5,7.722,1.1,7.656928191516306,long_nclose,8.422621010667937,0.003692093219958644,5.0
1698984900000.0,1084340,1698984900000.0,0.019521542545108427,-0.0004633200000000001,2281.278091753199,2281.335749199986,-0.3,7.722,0.8,7.656928191516306,long_nclose,6.1255425532130445,0.0026851362731079693,1.0
1698999600000.0,1084585,1698999600000.0,0.013014361696738953,-0.00030888000000000004,2281.2907972348958,2281.332840319986,-0.2,7.722,0.6,7.656928191516306,long_nclose,4.594156914909783,0.002013840988828896,245.0
1698999720000.0,1084587,1698999720000.0,0.013014361696738953,-0.00030888000000000004,2281.3035027165924,2281.333531439986,-0.2,7.722,0.4,7.656928191516306,long_nclose,3.0627712766065223,0.001342553181967832,2.0
1698999840000.0,1084589,1698999840000.0,0.006507180848369477,-0.00015444000000000002,2281.309855457441,2281.329676999986,-0.1,7.722,0.3,7.656928191516306,long_nclose,2.2970784574548917,0.0010069120825300117,2.0
1698999960000.0,1084591,1698999960000.0,0.006507180848369477,-0.00015444000000000002,2281.316208198289,2281.331622559986,-0.1,7.722,0.2,7.656928191516306,long_nclose,1.5313856383032611,0.0006712728523998436,2.0
1699001760000.0,1084621,1699001760000.0,0.006507180848369477,-0.00015444000000000002,2281.3225609391375,2281.3293681199857,-0.1,7.722,0.1,7.656928191516306,long_nclose,0.7656928191516306,0.0003356354915617118,30.0
1699002420000.0,1084632,1699002420000.0,0.006507180848369477,-0.00015444000000000002,2281.328913679986,2281.328913679986,-0.1,7.722,0.0,7.656928191516306,long_nclose,0.0,0.0,11.0
1699349880000.0,1090423,1699349880000.0,0.0,-0.018303280000000005,2281.3106103999858,2281.0817103999857,10.9,8.396,10.9,8.396,long_ientry_normal,91.51640000000002,0.040115712250141294,5791.0
1699350420000.0,1090432,1699350420000.0,0.25559999999999905,-0.00609624,2281.560114159986,2282.093014159986,-3.6,8.467,7.3,8.396,long_nclose,61.290800000000004,0.02686354815707574,9.0
1699350540000.0,1090434,1699350540000.0,0.17039999999999936,-0.004064160000000001,2281.726449999986,2282.167449999986,-2.4,8.467,4.9,8.396,long_nclose,41.14040000000001,0.01803038221343328,2.0
1699351200000.0,1090445,1699351200000.0,0.0,-0.010064400000000001,2281.716385599986,2281.650485599986,6.0,8.387,10.9,8.391045871559633,long_ientry_partial,91.4624,0.04008491176958858,11.0
1699376640000.0,1090869,1699376640000.0,0.0,-0.018323199999999998,2281.698062399986,2279.640762399986,11.2,8.18,22.1,8.284090497737555,long_rentry,183.0784,0.08023778562858155,424.0
1699379460000.0,1090916,1699379460000.0,0.5103393665158418,-0.012196839999999999,2282.196204926502,2283.1272655599864,-7.3,8.354,14.8,8.284090497737555,long_nclose,122.60453936651582,0.05372217301117819,47.0
1699379520000.0,1090917,1699379520000.0,0.342556561085976,-0.00818692,2282.5305745675882,2283.3612786399863,-4.9,8.354,9.9,8.284090497737555,long_nclose,82.0124959276018,0.03593051363315849,1.0
1699381500000.0,1090950,1699381500000.0,1.1314565610859828,-0.008344700000000002,2283.653686428674,2284.8232339399865,-4.9,8.515,5.0,8.284090497737555,long_nclose,41.42045248868777,0.018137799411023555,33.0
1699381680000.0,1090953,1699381680000.0,0.5772737556561136,-0.004257500000000001,2284.22670268433,2284.731476439986,-2.5,8.515,2.5,8.284090497737555,long_nclose,20.710226244343886,0.009066624700607024,3.0
1699382820000.0,1090972,1699382820000.0,0.27709140271493454,-0.0020436,2284.5017504870452,2284.8084328399864,-1.2,8.515,1.3,8.284090497737555,long_nclose,10.769317647058822,0.004714077213888259,19.0
1699383060000.0,1090976,1699383060000.0,0.13854570135746727,-0.0010218,2284.6392743884026,2284.805111039986,-0.6,8.515,0.7,8.284090497737555,long_nclose,5.798863348416289,0.002538196473037803,4.0
1699383180000.0,1090978,1699383180000.0,0.06927285067873364,-0.0005109,2284.7080363390814,2284.7948001399864,-0.3,8.515,0.4,8.284090497737555,long_nclose,3.313636199095022,0.001450354332540735,2.0
1699389840000.0,1091089,1699389840000.0,0.04618190045248909,-0.0003406000000000001,2284.753877639534,2284.8000595399867,-0.2,8.515,0.2,8.284090497737555,long_nclose,1.656818099547511,0.0007251626163161315,111.0
1699389900000.0,1091090,1699389900000.0,0.023090950226244546,-0.00017030000000000005,2284.7767982897603,2284.7994892399865,-0.1,8.515,0.1,8.284090497737555,long_nclose,0.8284090497737555,0.00036257767077897945,1.0
1699389960000.0,1091091,1699389960000.0,0.023090950226244546,-0.00017030000000000005,2284.7997189399866,2284.7997189399866,-0.1,8.515,0.0,8.284090497737555,long_nclose,0.0,0.0,1.0
1699546260000.0,1093696,1699546260000.0,0.0,-0.018285,2284.7814339399865,2284.0818339399866,10.6,8.625,10.6,8.625,long_ientry_normal,91.425,0.04001476843338242,2605.0
1699546260000.0,1093696,1699546260000.0,0.0,-0.01832944,2284.7631044999866,2285.7094044999867,10.9,8.408,21.5,8.514986046511627,long_rentry,183.07219999999998,0.08012743187222676,0.0
1699546320000.0,1093697,1699546320000.0,0.0,-0.018303899999999998,2284.744800599987,2273.3655005999867,11.1,8.245,32.6,8.423058282208588,long_rentry,274.5917,0.12018484512051004,1.0
1699546320000.0,1093697,1699546320000.0,0.0,-0.025923200000000004,2284.718877399987,2272.907577399987,16.0,8.101,48.6,8.31703086419753,long_rentry,404.2077,0.17691791493401976,0.0
1699546320000.0,1093697,1699546320000.0,0.0,-0.03770872,2284.681168679987,2276.487468679987,23.8,7.922,72.4,8.1871726519337,long_rentry,592.7512999999999,0.2594459603930083,0.0
1699546440000.0,1093699,1699546440000.0,1.6828390883978162,-0.03979874,2286.3242090283848,2294.285369939987,-24.1,8.257,48.3,8.1871726519337,long_nclose,395.4404390883977,0.1729590394603079,2.0
1699546500000.0,1093700,1699546500000.0,5.5147390883978336,-0.04056512,2291.7983829967825,2296.731004819987,-24.1,8.416,24.2,8.1871726519337,long_nclose,198.12957817679555,0.0864515742949949,1.0
1699546680000.0,1093703,1699546680000.0,2.7688109116022313,-0.02036672,2294.5468271883847,2297.860138099987,-12.1,8.416,12.1,8.1871726519337,long_nclose,99.06478908839777,0.04317401062142911,3.0
1699546800000.0,1093705,1699546800000.0,1.3729640883978007,-0.010099200000000001,2295.909692076783,2297.4824388999873,-6.0,8.416,6.1,8.1871726519337,long_nclose,49.941753176795565,0.021752490243473106,2.0
1699546860000.0,1093706,1699546860000.0,0.0,-0.0081072,2295.901584876783,2297.8558316999874,4.8,8.445,10.9,8.300711300623448,long_ientry_partial,90.47775317679559,0.03940837611367012,1.0
1699547760000.0,1093721,1699547760000.0,0.2530393177555901,-0.006027120000000001,2296.148597074539,2295.581304579988,-3.6,8.371,7.3,8.300711300623448,long_nclose,60.59519249455116,0.026389926406223826,15.0
1699548120000.0,1093727,1699548120000.0,0.0,-0.00617012,2296.1424269545387,2296.4366344599875,3.7,8.338,11.0,8.313253863141014,long_ientry_partial,91.44579249455116,0.03982583633361072,6.0
1699548300000.0,1093730,1699548300000.0,0.25468609269235004,-0.00603648,2296.391076567231,2297.1365979799875,-3.6,8.384,7.4,8.313253863141014,long_nclose,61.51807858724351,0.026789025273170827,3.0
1699548360000.0,1093731,1699548360000.0,0.0,-0.0058898,2296.3851867672306,2297.359608179987,3.5,8.414,10.9,8.345603540114084,long_ientry_partial,90.96707858724352,0.03961316207378247,1.0
1699551480000.0,1093783,1699551480000.0,1.2549408833839444,-0.00926424,2297.6308634106144,2298.870543939987,-5.4,8.578,5.5,8.345603540114084,long_nclose,45.90081947062746,0.019977455996779248,52.0
1699551540000.0,1093784,1699551540000.0,0.0,-0.008913840000000001,2297.6219495706146,2298.861630099987,5.2,8.571,10.7,8.455142006600699,long_ientry_partial,90.47001947062748,0.039375502783447355,1.0
1699551540000.0,1093784,1699551540000.0,0.331716582178111,-0.00463212,2297.9490340327925,2298.875897979987,-2.7,8.578,8.0,8.455142006600699,long_nclose,67.64113605280559,0.029435437884407115,0.0
1699551600000.0,1093785,1699551600000.0,0.0,-0.00462834,2297.9444056927923,2299.063869639987,2.7,8.571,10.7,8.484377201196786,long_ientry_partial,90.7828360528056,0.03950610633917233,1.0
1699553940000.0,1093824,1699553940000.0,0.250679795811247,-0.0059892,2298.1890962886037,2298.7191804399868,-3.5,8.556,7.2,8.484377201196786,long_nclose,61.08751584861686,0.026580717812676267,39.0
1699554060000.0,1093826,1699554060000.0,0.0,-0.0059906000000000004,2298.1831056886035,2298.7773898399864,3.5,8.558,10.7,8.50845942510438,long_ientry_partial,91.04051584861686,0.03961412631711886,2.0
1699555080000.0,1093843,1699555080000.0,0.250392012134669,-0.006006000000000001,2298.4274917007383,2298.892183839987,-3.5,8.58,7.2,8.50845942510438,long_nclose,61.26090786075154,0.026653400240797275,17.0
1699555140000.0,1093844,1699555140000.0,0.17169737974948732,-0.0041184,2298.5950706804874,2298.9432654399866,-2.4,8.58,4.8,8.50845942510438,long_nclose,40.84060524050103,0.017767638050494198,1.0
1699555380000.0,1093848,1699555380000.0,0.11446491983299155,-0.0027456000000000004,2298.706790000321,2298.986919839987,-1.6,8.58,3.2,8.50845942510438,long_nclose,27.22707016033402,0.011844516351008916,4.0
1699556100000.0,1093860,1699556100000.0,0.07154057489561971,-0.001716,2298.776614575216,2298.9098038399866,-1.0,8.58,2.2,8.50845942510438,long_nclose,18.71861073522964,0.008142857647213621,12.0
1699556220000.0,1093862,1699556220000.0,0.050078402426933795,-0.0012012,2298.825491777643,2298.9343026399865,-0.7,8.58,1.5,8.50845942510438,long_nclose,12.76268913765657,0.005551830351327537,2.0
1699556340000.0,1093864,1699556340000.0,0.0,-0.01587696,2298.8096148176433,2298.8617256799866,9.3,8.536,10.8,8.532174920153386,long_ientry_partial,92.14748913765658,0.0400848719892649,2.0
1699558320000.0,1093897,1699558320000.0,0.2585702874478081,-0.00619488,2299.061990225091,2299.5719307999866,-3.6,8.604,7.2,8.532174920153386,long_nclose,61.43165942510438,0.026720314496213246,33.0
1699558380000.0,1093898,1699558380000.0,0.17238019163187204,-0.00412992,2299.2302404967227,2299.5126008799866,-2.4,8.604,4.8,8.532174920153386,long_nclose,40.95443961673625,0.017812239459710878,1.0
1699558980000.0,1093908,1699558980000.0,0.0,-0.0102168,2299.220023696723,2299.1759840799864,6.0,8.514,10.8,8.522077742290392,long_ientry_partial,92.03843961673624,0.04003028795337097,10.0
1699559700000.0,1093920,1699559700000.0,0.2589201277545861,-0.00618768,2299.4727561444774,2299.997796399987,-3.6,8.594,7.2,8.522077742290392,long_nclose,61.358959744490825,0.026683925513156025,12.0
1699561080000.0,1093943,1699561080000.0,0.1726134185030574,-0.00412512,2299.6412444429807,2300.029671279987,-2.4,8.594,4.8,8.522077742290392,long_nclose,40.90597316299388,0.017787980304250512,23.0
1699562340000.0,1093964,1699562340000.0,0.11507561233537161,-0.00275008,2299.7535699753157,2299.9997211999867,-1.6,8.594,3.2,8.522077742290392,long_nclose,27.270648775329256,0.01185807433081709,21.0
1699562460000.0,1093966,1699562460000.0,0.07192225770960725,-0.0017188,2299.823773433025,2299.9842023999863,-1.0,8.594,2.2,8.522077742290392,long_nclose,18.748571033038864,0.00815217724489048,2.0
1699564320000.0,1093997,1699564320000.0,0.2617144834805684,-0.0019272000000000002,2300.083560716506,2300.3386751999865,-1.1,8.76,1.1,8.522077742290392,long_nclose,9.374285516519432,0.004075628240914526,31.0
1699564380000.0,1093998,1699564380000.0,0.11896112885480381,-0.000876,2300.2016458453604,2300.338999199986,-0.5,8.76,0.6,8.522077742290392,long_nclose,5.113246645374235,0.002222955824159945,1.0
1699564980000.0,1094008,1699564980000.0,0.07137667731288229,-0.0005256,2300.2724969226733,2300.343873599986,-0.3,8.76,0.3,8.522077742290392,long_nclose,2.5566233226871176,0.0011114436772631908,10.0
1699565040000.0,1094009,1699565040000.0,0.023792225770960764,-0.0001752,2300.2961139484446,2300.3450983999865,-0.1,8.76,0.2,8.522077742290392,long_nclose,1.7044155484580785,0.0007409548440841642,1.0
1699566180000.0,1094028,1699566180000.0,0.023792225770960764,-0.0001752,2300.319730974216,2300.343423199987,-0.1,8.76,0.1,8.522077742290392,long_nclose,0.8522077742290393,0.0003704736184078715,19.0
1699566240000.0,1094029,1699566240000.0,0.023792225770960764,-0.0001752,2300.343347999987,2300.343347999987,-0.1,8.76,0.0,8.522077742290392,long_nclose,0.0,0.0,1.0
1699675380000.0,1095848,1699675380000.0,0.0,-0.01838448,2300.3249635199873,2300.1617635199873,10.2,9.012,10.2,9.012,long_ientry_normal,91.9224,0.03996061489474911,1819.0
1699697940000.0,1096224,1699697940000.0,0.2583999999999957,-0.00617984,2300.5771836799872,2301.121183679987,-3.4,9.088,6.8,9.012,long_nclose,61.281600000000005,0.02663748925040384,376.0
1699698060000.0,1096226,1699698060000.0,0.16719999999999724,-0.003998720000000001,2300.7403849599873,2301.1129849599874,-2.2,9.088,4.6,9.012,long_nclose,41.4552,0.018018199824280025,2.0
1699698600000.0,1096235,1699698600000.0,0.1139999999999981,-0.0027264,2300.8516585599873,2301.077958559987,-1.5,9.088,3.1,9.012,long_nclose,27.9372,0.012142112637320042,9.0
1699698780000.0,1096238,1699698780000.0,0.07599999999999874,-0.0018176,2300.9258409599875,2301.1043409599874,-1.0,9.088,2.1,9.012,long_nclose,18.9252,0.008225036923442985,3.0
1699701600000.0,1096285,1699701600000.0,0.05319999999999911,-0.00127232,2300.977768639987,2301.110768639987,-0.7,9.088,1.4,9.012,long_nclose,12.6168,0.005483234202413555,47.0
1699702380000.0,1096298,1699702380000.0,0.030399999999999497,-0.00072704,2301.007441599987,2301.039441599987,-0.4,9.088,1.0,9.012,long_nclose,9.012,0.003916545351862738,13.0
1699705080000.0,1096343,1699705080000.0,0.02279999999999962,-0.0005452799999999999,2301.029696319987,2301.082196319987,-0.3,9.088,0.7,9.012,long_nclose,6.3084,0.0027415552307251657,45.0
1699705140000.0,1096344,1699705140000.0,0.015199999999999748,-0.00036352,2301.044532799987,2301.082532799987,-0.2,9.088,0.5,9.012,long_nclose,4.506,0.001958241109969719,1.0
1699705200000.0,1096345,1699705200000.0,0.007599999999999874,-0.00018176,2301.0519510399868,2301.083951039987,-0.1,9.088,0.4,9.012,long_nclose,3.6048000000000004,0.0015665878375196048,1.0
1699705980000.0,1096358,1699705980000.0,0.007599999999999874,-0.00018176,2301.0593692799866,2301.078569279987,-0.1,9.088,0.3,9.012,long_nclose,2.7036000000000002,0.0011749370903219984,13.0
1699706100000.0,1096360,1699706100000.0,0.007599999999999874,-0.00018176,2301.0667875199865,2301.0817875199864,-0.1,9.088,0.2,9.012,long_nclose,1.8024000000000002,0.0007832888683524771,2.0
1699706160000.0,1096361,1699706160000.0,0.007599999999999874,-0.00018176,2301.0742057599864,2301.0819057599865,-0.1,9.088,0.1,9.012,long_nclose,0.9012000000000001,0.00039164317158661845,1.0
1699706820000.0,1096372,1699706820000.0,0.007599999999999874,-0.00018176,2301.0816239999863,2301.0816239999863,-0.1,9.088,0.0,9.012,long_nclose,0.0,0.0,11.0
1699749000000.0,1097075,1699749000000.0,0.0,-0.018494640000000003,2301.0631293599863,2300.7367293599864,10.2,9.066,10.2,9.066,long_ientry_normal,92.4732,0.04018716341160111,703.0
1699750140000.0,1097094,1699750140000.0,0.0,-0.01838304,2301.044746319986,2300.161146319986,10.4,8.838,20.6,8.950893203883496,long_rentry,184.38840000000002,0.0801324703897604,19.0
1699752360000.0,1097131,1699752360000.0,0.5175262135922246,-0.01227672,2301.5499958135783,2302.7382695999863,-6.8,9.027,13.8,8.950893203883496,long_nclose,123.52232621359225,0.05366919095317248,37.0
1699755960000.0,1097191,1699755960000.0,0.3500912621359166,-0.008304839999999999,2301.891782235714,2302.6379647599856,-4.6,9.027,9.2,8.950893203883496,long_nclose,82.34821747572815,0.035774148077346794,60.0
1699756620000.0,1097202,1699756620000.0,0.22832038834951085,-0.0054161999999999995,2302.114686424063,2302.6113485599853,-3.0,9.027,6.2,8.950893203883496,long_nclose,55.495537864077676,0.024106330666905387,11.0
1699757700000.0,1097220,1699757700000.0,0.0,-0.0072008,2302.107485624063,2302.6119477599855,4.0,9.001,10.2,8.970542927850754,long_ientry_partial,91.4995378640777,0.03974598859326227,18.0
1699758660000.0,1097236,1699758660000.0,0.2565540453074327,-0.006151279999999999,2302.3578883893706,2302.8641964799854,-3.4,9.046,6.8,8.970542927850754,long_nclose,60.99969190938513,0.026494443899014265,16.0
1699758720000.0,1097237,1699758720000.0,0.1660055587283388,-0.00398024,2302.519913708099,2302.9130162399856,-2.2,9.046,4.6,8.970542927850754,long_nclose,41.26449746811347,0.017921450851497284,1.0
1699759560000.0,1097251,1699759560000.0,0.11318560822386736,-0.0027138,2302.630385516323,2302.8426024399855,-1.5,9.046,3.1,8.970542927850754,long_nclose,27.80868307633734,0.012076920052499763,14.0
1699759620000.0,1097252,1699759620000.0,0.07545707214924491,-0.0018092,2302.704033388472,2302.8666932399856,-1.0,9.046,2.1,8.970542927850754,long_nclose,18.838140148486584,0.008180877731284428,1.0
1699759980000.0,1097258,1699759980000.0,0.052819950504471434,-0.00126644,2302.755586898976,2302.848626799985,-0.7,9.046,1.4,8.970542927850754,long_nclose,12.558760098991055,0.005453796386573274,6.0
1699760040000.0,1097259,1699760040000.0,0.030182828859697964,-0.00072368,2302.7850460478357,2302.865503119985,-0.4,9.046,1.0,8.970542927850754,long_nclose,8.970542927850754,0.003895519012183306,1.0
1699770000000.0,1097425,1699770000000.0,0.1252285360746228,-0.0009221,2302.9093524839104,2303.055081019985,-0.5,9.221,0.5,8.970542927850754,long_nclose,4.485271463925377,0.001947654369933223,166.0
1699772040000.0,1097459,1699772040000.0,0.21222853607462255,-0.0009395,2303.120641519985,2303.120641519985,-0.5,9.395,0.0,8.970542927850754,long_nclose,0.0,0.0,34.0
1699906380000.0,1099698,1699906380000.0,0.0,-0.01849728,2303.102144239985,2303.4477442399852,9.6,9.634,9.6,9.634,long_ientry_normal,92.4864,0.040157315745333634,2239.0
1699909980000.0,1099758,1699909980000.0,0.0,-0.018408320000000002,2303.083735919985,2301.051535919985,9.8,9.392,19.4,9.511752577319587,long_rentry,184.528,0.08012214107633774,60.0
1699918860000.0,1099906,1699918860000.0,0.0,-0.018420000000000002,2303.065315919985,2296.976115919985,10.0,9.21,29.4,9.409115646258503,long_rentry,276.628,0.12011296340047475,148.0
1699920600000.0,1099935,1699920600000.0,0.0,-0.026064000000000007,2303.039251919985,2292.087051919985,14.4,9.05,43.8,9.291050228310503,long_rentry,406.94800000000004,0.1767004186579703,29.0
1699941960000.0,1100291,1699941960000.0,1.1526666666666419,-0.0273604,2304.164558186652,2306.440691519985,-14.6,9.37,29.2,9.291050228310503,long_nclose,271.2986666666667,0.11774274788783978,356.0
1699942020000.0,1100292,1699942020000.0,0.7658127853881113,-0.018177799999999997,2304.91219317204,2306.9197137199853,-9.7,9.37,19.5,9.291050228310503,long_nclose,181.17547945205482,0.07860407003301915,1.0
1699943040000.0,1100309,1699943040000.0,0.5131735159817241,-0.012180999999999999,2305.4131856880217,2306.439532719985,-6.5,9.37,13.0,9.291050228310503,long_nclose,120.78365296803653,0.05239132564950181,17.0
1699943100000.0,1100310,1699943100000.0,0.3394840182648329,-0.0080582,2305.7446115062867,2306.4836745199855,-4.3,9.37,8.7,9.291050228310503,long_nclose,80.83213698630136,0.03505684739885208,1.0
1699948020000.0,1100392,1699948020000.0,0.22895433789953845,-0.0054345999999999995,2305.968131244186,2306.2114399199854,-2.9,9.37,5.8,9.291050228310503,long_nclose,53.888091324200914,0.02336896620298285,82.0
1699955220000.0,1100512,1699955220000.0,0.0,-0.007872440000000001,2305.960258804186,2305.124967479985,4.3,9.154,10.1,9.23270211130702,long_ientry_partial,93.2502913242009,0.04043881110620622,120.0
1699960380000.0,1100598,1699960380000.0,0.0,-0.01836,2305.941898804186,2303.7743074799855,10.2,9.0,20.3,9.115777897743886,long_rentry,185.05029132420088,0.08024932953434956,86.0
1699968660000.0,1100736,1699968660000.0,0.5173880851159618,-0.01231862,2306.4469682693025,2307.7555888599854,-6.7,9.193,13.6,9.115777897743886,long_nclose,123.97457940931685,0.053751324489521704,138.0
1699968900000.0,1100740,1699968900000.0,1.7287102953415705,-0.0127432,2308.162935364644,2309.5380456599855,-6.8,9.37,6.8,9.115777897743886,long_nclose,61.98728970465842,0.026855681960279664,4.0
1699970220000.0,1100762,1699970220000.0,0.16988862496345014,-0.0040449200000000005,2308.328779069607,2308.6518007399854,-2.2,9.193,4.6,9.115777897743886,long_nclose,41.93257832962187,0.018165773744987564,22.0
1699970280000.0,1100763,1699970280000.0,0.11583315338417055,-0.0027579,2308.4418543229917,2308.6316428399855,-1.5,9.193,3.1,9.115777897743886,long_nclose,28.25891148300605,0.012241552209810233,1.0
1699970340000.0,1100764,1699970340000.0,0.0772221022561137,-0.0018386,2308.517237825248,2308.6668042399856,-1.0,9.193,2.1,9.115777897743886,long_nclose,19.143133585262163,0.008292393607290567,1.0
1699970940000.0,1100774,1699970940000.0,0.05405547157927959,-0.0012870199999999998,2308.5700062768274,2308.685117219986,-0.7,9.193,1.4,9.115777897743886,long_nclose,12.76208905684144,0.005528136041853738,10.0
1699971060000.0,1100776,1699971060000.0,0.03088884090244548,-0.0007354400000000001,2308.60015967773,2308.699381779986,-0.4,9.193,1.0,9.115777897743886,long_nclose,9.115777897743886,0.003948617026439263,2.0
1699973220000.0,1100812,1699973220000.0,0.12711105112805665,-0.000937,2308.726333728858,2308.8499447799863,-0.5,9.37,0.5,9.115777897743886,long_nclose,4.557888948871943,0.001974200615414833,36.0
1699973460000.0,1100816,1699973460000.0,0.050844420451222665,-0.0003748,2308.7768033493094,2308.8557699799862,-0.2,9.37,0.3,9.115777897743886,long_nclose,2.7347333693231657,0.0011844944757570014,4.0
1699973640000.0,1100819,1699973640000.0,0.025422210225611332,-0.0001874,2308.802038159535,2308.847682579986,-0.1,9.37,0.2,9.115777897743886,long_nclose,1.8231555795487773,0.0007896543529570462,3.0
1699975680000.0,1100853,1699975680000.0,0.00772221022561137,-0.00018386000000000002,2308.8095765097605,2308.8178987199863,-0.1,9.193,0.1,9.115777897743886,long_nclose,0.9115777897743886,0.0003948258873529213,34.0
1699976460000.0,1100866,1699976460000.0,0.00772221022561137,-0.00018386000000000002,2308.817114859986,2308.817114859986,-0.1,9.193,0.0,9.115777897743886,long_nclose,0.0,0.0,13.0
1699985580000.0,1101018,1699985580000.0,0.0,-0.018510959999999996,2308.7986038999857,2308.972003899986,10.2,9.074,10.2,9.074,long_ientry_normal,92.55479999999999,0.040087862078423776,152.0
1699987860000.0,1101056,1699987860000.0,0.0,-0.01839968,2308.7802042199855,2305.1980042199857,10.4,8.846,20.6,8.958893203883495,long_rentry,184.5532,0.07993537005500735,38.0
1699987980000.0,1101058,1699987980000.0,0.0,-0.018391,2308.7618132199855,2302.1960132199856,10.6,8.675,31.2,8.862442307692309,long_rentry,276.50820000000004,0.11976471475607066,2.0
1699988760000.0,1101071,1699988760000.0,0.7753999999999834,-0.01858896,2309.5186242599852,2311.693424259985,-10.4,8.937,20.8,8.862442307692309,long_nclose,184.33880000000002,0.07981697920235034,13.0
1699989300000.0,1101080,1699989300000.0,0.5144480769230659,-0.012333060000000002,2310.0207392769084,2311.001491199985,-6.9,8.937,13.9,8.862442307692309,long_nclose,123.18794807692309,0.05332763727285143,9.0
1699989360000.0,1101081,1699989360000.0,0.3429653846153773,-0.008222039999999998,2310.355482621524,2311.253469159986,-4.6,8.937,9.3,8.862442307692309,long_nclose,82.42071346153848,0.035674472643498566,1.0
1699989660000.0,1101086,1699989660000.0,0.23112884615384122,-0.00554094,2310.5810705276776,2310.9751282199854,-3.1,8.937,6.2,8.862442307692309,long_nclose,54.94714230769232,0.023780659769338366,5.0
1699989720000.0,1101087,1699989720000.0,0.0,-0.007497840000000001,2310.573572687678,2311.0196303799853,4.2,8.926,10.4,8.888109837278106,long_ientry_partial,92.43634230769231,0.0400057991662086,1.0
1699990620000.0,1101102,1699990620000.0,0.25462655325443534,-0.00609484,2310.8221044009324,2311.3533355399854,-3.4,8.963,7.0,8.888109837278106,long_nclose,62.21676886094674,0.026924084178723957,15.0
1699990680000.0,1101103,1699990680000.0,0.0,-0.00591624,2310.8161881609326,2311.460719299986,3.3,8.964,10.3,8.912424161256965,long_ientry_partial,91.79796886094674,0.03972534437453648,1.0
1699990740000.0,1101104,1699990740000.0,0.25695785172631813,-0.0061118399999999995,2311.067034172659,2311.602307459986,-3.4,8.988,6.9,8.912424161256965,long_nclose,61.49572671267306,0.02660923538926597,1.0
1699990800000.0,1101105,1699990800000.0,0.0,-0.0061132,2311.060920972659,2311.575594259986,3.4,8.99,10.3,8.938031719676996,long_ientry_partial,92.06172671267306,0.039835266079410375,1.0
1699992180000.0,1101128,1699992180000.0,0.2582921530982119,-0.006129519999999999,2311.3130836057576,2311.989064739986,-3.4,9.014,6.9,8.938031719676996,long_nclose,61.67241886577128,0.026682849373897626,23.0
1699995420000.0,1101182,1699995420000.0,0.0,-0.0060941599999999995,2311.3069894457576,2311.4723705799865,3.4,8.962,10.3,8.945943579201094,long_ientry_partial,92.14321886577127,0.03986628314046108,54.0
1699997640000.0,1101219,1699997640000.0,0.2585918307162814,-0.006134960000000001,2311.559446316474,2312.118735619986,-3.4,9.022,6.9,8.945943579201094,long_nclose,61.727010696487554,0.026703622437593392,37.0
1699998000000.0,1101225,1699998000000.0,0.17492976783748446,-0.00415012,2311.7302259643116,2312.1076854999865,-2.3,9.022,4.6,8.945943579201094,long_nclose,41.15134046432503,0.017801099800544083,6.0
1699998540000.0,1101234,1699998540000.0,0.11408463119835943,-0.0027066000000000004,2311.84160399551,2312.1021788999865,-1.5,9.022,3.1,8.945943579201094,long_nclose,27.732425095523393,0.01199581539132871,9.0
1700000580000.0,1101268,1700000580000.0,0.07605642079890629,-0.0018044,2311.915856016309,2312.0482744999867,-1.0,9.022,2.1,8.945943579201094,long_nclose,18.786481516322297,0.008125936533301657,34.0
1700001000000.0,1101275,1700001000000.0,0.0532394945592344,-0.00126308,2311.9678324308684,2312.0799114199867,-0.7,9.022,1.4,8.945943579201094,long_nclose,12.52432101088153,0.005417169233584494,7.0
1700001180000.0,1101278,1700001180000.0,0.030422568319562516,-0.0007217600000000001,2311.9975332391878,2312.060589659987,-0.4,9.022,1.0,8.945943579201094,long_nclose,8.945943579201094,0.0038693568875341837,3.0
1700001300000.0,1101280,1700001300000.0,0.022816926239671884,-0.00054132,2312.019808845427,2312.0751483399863,-0.3,9.022,0.7,8.945943579201094,long_nclose,6.262160505440765,0.002708523725221867,2.0
1700007420000.0,1101382,1700007420000.0,0.0747169262396719,-0.0005517,2312.0939740716667,2312.1903966399864,-0.3,9.195,0.4,8.945943579201094,long_nclose,3.5783774316804378,0.0015476781963921682,102.0
1700007600000.0,1101385,1700007600000.0,0.04981128415978127,-0.00036780000000000005,2312.1434175558265,2312.1910288399863,-0.2,9.195,0.2,8.945943579201094,long_nclose,1.7891887158402189,0.0007738225502168786,3.0
1700007660000.0,1101386,1700007660000.0,0.024905642079890634,-0.00018390000000000002,2312.1681392979062,2312.192644939986,-0.1,9.195,0.1,8.945943579201094,long_nclose,0.8945943579201094,0.0003869071382463364,1.0
1700007720000.0,1101387,1700007720000.0,0.024905642079890634,-0.00018390000000000002,2312.192861039986,2312.192861039986,-0.1,9.195,0.0,8.945943579201094,long_nclose,0.0,0.0,1.0
1700140560000.0,1103601,1700140560000.0,0.0,-0.018460800000000003,2312.174400239986,2312.289600239986,9.6,9.615,9.6,9.615,long_ientry_normal,92.304,0.03992086409676517,2214.0
1700141280000.0,1103613,1700141280000.0,0.2591999999999985,-0.0062054400000000004,2312.427394799986,2313.028994799986,-3.2,9.696,6.4,9.615,long_nclose,61.536,0.02661099766348451,12.0
1700141400000.0,1103615,1700141400000.0,0.170099999999999,-0.00407232,2312.5934224799857,2312.9245224799856,-2.1,9.696,4.3,9.615,long_nclose,41.3445,0.017877980451774727,2.0
1700141460000.0,1103616,1700141460000.0,0.11339999999999932,-0.00271488,2312.704107599986,2312.878107599986,-1.4,9.696,2.9,9.615,long_nclose,27.8835,0.012056665575319174,1.0
1700141640000.0,1103619,1700141640000.0,0.07289999999999956,-0.00174528,2312.7752623199863,2312.935262319986,-0.9,9.696,2.0,9.615,long_nclose,19.23,0.008314685959028307,3.0
1700141700000.0,1103620,1700141700000.0,0.048599999999999706,-0.00116352,2312.8226987999865,2312.9780987999866,-0.6,9.696,1.4,9.615,long_nclose,13.461,0.005820160796149342,1.0
1700142480000.0,1103633,1700142480000.0,0.03239999999999981,-0.0007756800000000001,2312.8543231199865,2312.9553231199866,-0.4,9.696,1.0,9.615,long_nclose,9.615,0.004157200868159128,13.0
1700143380000.0,1103648,1700143380000.0,0.13399999999999945,-0.0009883,2312.9873348199867,2313.1233348199867,-0.5,9.883,0.5,9.615,long_nclose,4.8075,0.0020784809011391127,15.0
1700146080000.0,1103693,1700146080000.0,0.05359999999999979,-0.00039532,2313.040539499987,2313.124539499987,-0.2,9.883,0.3,9.615,long_nclose,2.8845,0.0012470598550873414,45.0
1700146500000.0,1103700,1700146500000.0,0.026799999999999893,-0.00019766,2313.067141839987,2313.120541839987,-0.1,9.883,0.2,9.615,long_nclose,1.923,0.0008313636751894291,7.0
1700146560000.0,1103701,1700146560000.0,0.026799999999999893,-0.00019766,2313.093744179987,2313.122844179987,-0.1,9.883,0.1,9.615,long_nclose,0.9615,0.00041567705693694684,1.0
1700147880000.0,1103723,1700147880000.0,0.026799999999999893,-0.00019766,2313.120346519987,2313.120346519987,-0.1,9.883,0.0,9.615,long_nclose,0.0,0.0,22.0
1700149560000.0,1103751,1700149560000.0,0.0,-0.018474240000000003,2313.1018722799868,2313.149872279987,9.6,9.622,9.6,9.622,long_ientry_normal,92.3712,0.03993390914034894,28.0
1700150280000.0,1103763,1700150280000.0,0.2591999999999985,-0.00620992,2313.354862359987,2313.7516623599868,-3.2,9.703,6.4,9.622,long_nclose,61.5808,0.02661969462703957,12.0
1700150400000.0,1103765,1700150400000.0,0.170099999999999,-0.004075260000000001,2313.520887099987,2313.968087099987,-2.1,9.703,4.3,9.622,long_nclose,41.3746,0.017883823842136704,2.0
1700154300000.0,1103830,1700154300000.0,0.5628000000000014,-0.004153800000000001,2314.079533299987,2314.7703332999868,-2.1,9.89,2.2,9.622,long_nclose,21.168400000000002,0.009147654475735699,65.0
1700154780000.0,1103838,1700154780000.0,0.2948000000000008,-0.0021758000000000003,2314.372157499987,2314.710957499987,-1.1,9.89,1.1,9.622,long_nclose,10.584200000000001,0.004573248933064068,8.0
1700155620000.0,1103852,1700155620000.0,0.5005000000000002,-0.0022169400000000006,2314.8704405599874,2314.8704405599874,-1.1,10.077,0.0,9.622,long_nclose,0.0,0.0,14.0
1700161920000.0,1103957,1700161920000.0,0.0,-0.018503040000000002,2314.8519375199876,2315.0247375199874,9.6,9.637,9.6,9.637,long_ientry_normal,92.51520000000001,0.039965925466108214,105.0
1700164320000.0,1103997,1700164320000.0,0.2623999999999967,-0.006220160000000001,2315.108117359988,2315.6649173599876,-3.2,9.719,6.4,9.637,long_nclose,61.67680000000001,0.026641002006563986,40.0
1700165760000.0,1104021,1700165760000.0,0.17219999999999783,-0.004081980000000001,2315.2762353799876,2315.7191353799876,-2.1,9.719,4.3,9.637,long_nclose,41.4391,0.01789812350110307,24.0
1700166360000.0,1104031,1700166360000.0,0.11479999999999854,-0.0027213199999999997,2315.3883140599874,2315.6493140599873,-1.4,9.719,2.9,9.637,long_nclose,27.947300000000002,0.012070243177048332,10.0
1700166540000.0,1104034,1700166540000.0,0.07379999999999907,-0.00174942,2315.4603646399873,2315.6943646399873,-0.9,9.719,2.0,9.637,long_nclose,19.274,0.008324046610487657,3.0
1700167260000.0,1104046,1700167260000.0,0.049199999999999376,-0.00116628,2315.5083983599875,2315.6231983599873,-0.6,9.719,1.4,9.637,long_nclose,13.4918,0.0058267117534775,12.0
1700167320000.0,1104047,1700167320000.0,0.032799999999999586,-0.0007775200000000001,2315.5404208399873,2315.620420839987,-0.4,9.719,1.0,9.637,long_nclose,9.637,0.0041618794097768655,1.0
1700167380000.0,1104048,1700167380000.0,0.024599999999999688,-0.00058314,2315.5644376999876,2315.6337376999877,-0.3,9.719,0.7,9.637,long_nclose,6.7459,0.002913285370153893,1.0
1700167500000.0,1104050,1700167500000.0,0.016399999999999793,-0.00038876000000000004,2315.5804489399875,2315.6184489399875,-0.2,9.719,0.5,9.637,long_nclose,4.8185,0.00208090373288727,2.0
1700168340000.0,1104064,1700168340000.0,0.0,-0.01751204,2315.5629368999876,2315.6130368999875,9.1,9.622,9.6,9.62278125,long_ientry_partial,92.3787,0.039894704880565277,14.0
1700169720000.0,1104087,1700169720000.0,0.2599000000000046,-0.006210560000000001,2315.8166263399876,2316.3428263399874,-3.2,9.704,6.4,9.62278125,long_nclose,61.5858,0.026593556372091837,23.0
1700170860000.0,1104106,1700170860000.0,0.0,-0.006145920000000001,2315.8104804199875,2315.7606804199877,3.2,9.603,9.6,9.6161875,long_ientry_partial,92.3154,0.03986310657997281,19.0
1700172300000.0,1104130,1700172300000.0,0.26179999999999953,-0.006206720000000001,2316.0660736999876,2316.6152736999875,-3.2,9.698,6.4,9.6161875,long_nclose,61.543600000000005,0.026572471614198033,24.0
1700175900000.0,1104190,1700175900000.0,0.1718062499999997,-0.00407316,2316.2338067899873,2316.5168005399873,-2.1,9.698,4.3,9.6161875,long_nclose,41.34960625,0.01785208649005319,60.0
1700176020000.0,1104192,1700176020000.0,0.11453749999999978,-0.00271544,2316.3456288499874,2316.5799850999874,-1.4,9.698,2.9,9.6161875,long_nclose,27.88694375,0.012039198037922014,2.0
1700176080000.0,1104193,1700176080000.0,0.07363124999999986,-0.0017456400000000003,2316.417514459987,2316.577139459987,-0.9,9.698,2.0,9.6161875,long_nclose,19.232375,0.008302637534012745,1.0
1700176560000.0,1104201,1700176560000.0,0.0,-0.014767060000000002,2316.402747399987,2315.9118723999873,7.7,9.589,9.7,9.594605670103094,long_ientry_partial,93.06767500000001,0.04017767424272937,8.0
1700180520000.0,1104267,1700180520000.0,0.26046185567009844,-0.00619264,2316.6570166156575,2317.2380797599876,-3.2,9.676,6.5,9.594605670103094,long_nclose,62.364936855670116,0.026920228764280952,66.0
1700185440000.0,1104349,1700185440000.0,0.8556618556700983,-0.006311680000000001,2317.5063667913273,2318.401968079987,-3.2,9.862,3.3,9.594605670103094,long_nclose,31.66219871134021,0.013662184132498279,82.0
1700185620000.0,1104352,1700185620000.0,0.42783092783504917,-0.0031558400000000005,2317.9310418791624,2318.397512239987,-1.6,9.862,1.7,9.594605670103094,long_nclose,16.31082963917526,0.007036805385699464,3.0
1700187960000.0,1104391,1700187960000.0,0.7724703608247386,-0.0034166599999999997,2318.700095579987,2318.700095579987,-1.7,10.049,0.0,9.594605670103094,long_nclose,0.0,0.0,39.0
1700207640000.0,1104719,1700207640000.0,0.0,-0.01858944,2318.681506139987,2318.844706139987,9.6,9.682,9.6,9.682,long_ientry_normal,92.9472,0.040086229934499874,328.0
1700208240000.0,1104729,1700208240000.0,0.2623999999999967,-0.00624896,2318.937657179987,2319.411257179987,-3.2,9.764,6.4,9.682,long_nclose,61.964800000000004,0.026721201326021907,10.0
1700208360000.0,1104731,1700208360000.0,0.17219999999999783,-0.00410088,2319.105756299987,2319.4927562999874,-2.1,9.764,4.3,9.682,long_nclose,41.6326,0.01795200580521289,2.0
1700208660000.0,1104736,1700208660000.0,0.11479999999999854,-0.00273392,2319.217822379987,2319.4324223799867,-1.4,9.764,2.9,9.682,long_nclose,28.0778,0.012106581679846911,5.0
1700209140000.0,1104744,1700209140000.0,0.07379999999999907,-0.00175752,2319.289864859987,2319.4758648599873,-0.9,9.764,2.0,9.682,long_nclose,19.364,0.008349107325215249,8.0
1700209260000.0,1104746,1700209260000.0,0.049199999999999376,-0.00117168,2319.337893179987,2319.456893179987,-0.6,9.764,1.4,9.682,long_nclose,13.5548,0.005844254103663761,2.0
1700209560000.0,1104751,1700209560000.0,0.032799999999999586,-0.00078112,2319.369912059987,2319.464912059987,-0.4,9.764,1.0,9.682,long_nclose,9.682,0.004174409588421698,5.0
1700212560000.0,1104801,1700212560000.0,0.024599999999999688,-0.00058584,2319.3939262199874,2319.4625262199875,-0.3,9.764,0.7,9.682,long_nclose,6.7774,0.002922056457673583,50.0
1700213700000.0,1104820,1700213700000.0,0.0,-0.01721794,2319.3767082799873,2319.3704082799873,8.9,9.673,9.6,9.67365625,long_ientry_partial,92.86710000000001,0.04003967948305766,19.0
1700223600000.0,1104985,1700223600000.0,0.0,-0.0184828,2319.358225479987,2317.348925479987,9.8,9.43,19.4,9.550572164948456,long_rentry,185.28110000000004,0.07988464134799894,165.0
1700232300000.0,1105130,1700232300000.0,0.0,-0.018496,2319.339729479987,2313.646229479987,10.0,9.248,29.4,9.447656462585035,long_rentry,277.76110000000006,0.11975869531725572,145.0
1700235900000.0,1105190,1700235900000.0,0.0,-0.026170560000000002,2319.313558919987,2309.542458919987,14.4,9.087,43.8,9.329084474885846,long_rentry,408.61390000000006,0.17617880878093753,60.0
1700262660000.0,1105636,1700262660000.0,1.1521666666666388,-0.02747136,2320.4382542266535,2322.6549875599867,-14.6,9.408,29.2,9.329084474885846,long_nclose,272.4092666666667,0.11739561101032366,446.0
1700262840000.0,1105639,1700262840000.0,0.7654805936072874,-0.018251519999999997,2321.185483300261,2322.880336039987,-9.7,9.408,19.5,9.329084474885846,long_nclose,181.917147260274,0.07837251635816034,3.0
1700264640000.0,1105669,1700264640000.0,0.5129509132419967,-0.012230399999999999,2321.6862038135027,2322.7381056399868,-6.5,9.408,13.0,9.329084474885846,long_nclose,121.278098173516,0.05223707578324313,30.0
1700265480000.0,1105683,1700265480000.0,0.33933675799085933,-0.008090879999999998,2322.0174496914938,2322.617014759987,-4.3,9.408,8.7,9.329084474885846,long_nclose,81.16303493150686,0.03495367140427402,14.0
1700266440000.0,1105699,1700266440000.0,0.22885502283104467,-0.00545664,2322.2408480743247,2322.733358119987,-2.9,9.408,5.8,9.329084474885846,long_nclose,54.108689954337905,0.023300205919298395,16.0
1700266800000.0,1105705,1700266800000.0,0.14993949771689133,-0.0035750400000000002,2322.3872125320413,2322.6598830799867,-1.9,9.408,3.9,9.329084474885846,long_nclose,36.3834294520548,0.015666392432632646,6.0
1700289480000.0,1106083,1700289480000.0,0.0,-0.011599360000000001,2322.375613172041,2321.3030837199863,6.4,9.062,10.3,9.163129073015028,long_ientry_partial,94.38022945205479,0.040639519686974566,378.0
1700290200000.0,1106095,1700290200000.0,0.0,-0.01857856,2322.357034612041,2320.100605159986,10.4,8.932,20.7,9.047006253722454,long_rentry,187.2730294520548,0.08063920691821597,12.0
1700297040000.0,1106209,1700297040000.0,0.5312568493150694,-0.01259112,2322.875700341356,2323.9520140399864,-6.9,9.124,13.8,9.047006253722454,long_nclose,124.84868630136988,0.05374746753906068,114.0
1700297580000.0,1106218,1700297580000.0,0.3541712328767129,-0.00839408,2323.2214774942327,2323.9022199599863,-4.6,9.124,9.2,9.047006253722454,long_nclose,83.23245753424658,0.03582631201568392,9.0
1700297640000.0,1106219,1700297640000.0,0.23098123883263888,-0.0054744,2323.4469843330653,2323.942945559986,-3.0,9.124,6.2,9.047006253722454,long_nclose,56.09143877307922,0.024141475639987545,1.0
1700297760000.0,1106221,1700297760000.0,0.1539874925550926,-0.0036496000000000002,2323.5973222256207,2323.941695959986,-2.0,9.124,4.2,9.047006253722454,long_nclose,37.99742626563431,0.016352844747315805,2.0
1700298240000.0,1106229,1700298240000.0,0.1077912447885648,-0.0025547200000000003,2323.7025587504095,2323.9237412399866,-1.4,9.124,2.8,9.047006253722454,long_nclose,25.33161751042287,0.010901402769916111,8.0
1700298480000.0,1106233,1700298480000.0,0.06929437164979167,-0.0016423200000000003,2323.7702108020594,2323.9297989199868,-0.9,9.124,1.9,9.047006253722454,long_nclose,17.189311882072662,0.007397165090665181,4.0
1700308500000.0,1106400,1700308500000.0,0.046196247766527775,-0.0010948800000000001,2323.815312169826,2323.9102040399866,-0.6,9.124,1.3,9.047006253722454,long_nclose,11.76110812983919,0.005061119990149923,167.0
1700308560000.0,1106401,1700308560000.0,0.03079749851101852,-0.0007299200000000001,2323.845379748337,2323.924574119987,-0.4,9.124,0.9,9.047006253722454,long_nclose,8.14230562835021,0.003503806965518501,1.0
1700308680000.0,1106403,1700308680000.0,0.023098123883263887,-0.0005474400000000001,2323.8679304322204,2323.909926679987,-0.3,9.124,0.6,9.047006253722454,long_nclose,5.428203752233473,0.002335848643181659,2.0
1700308800000.0,1106405,1700308800000.0,0.01539874925550926,-0.00036496000000000006,2323.882964221476,2323.911361719987,-0.2,9.124,0.4,9.047006253722454,long_nclose,3.618802501488982,0.0015572223546555912,2.0
1700308860000.0,1106406,1700308860000.0,0.00769937462775463,-0.00018248000000000003,2323.8904811161037,2323.913279239987,-0.1,9.124,0.3,9.047006253722454,long_nclose,2.7141018761167364,0.0011679129882287845,1.0
1700308920000.0,1106407,1700308920000.0,0.00769937462775463,-0.00018248000000000003,2323.8979980107315,2323.912796759987,-0.1,9.124,0.2,9.047006253722454,long_nclose,1.809401250744491,0.0007786061403268765,1.0
1700308980000.0,1106408,1700308980000.0,0.00769937462775463,-0.00018248000000000003,2323.9055149053593,2323.9148142799872,-0.1,9.124,0.1,9.047006253722454,long_nclose,0.9047006253722455,0.000389301810925428,1.0
1700309400000.0,1106415,1700309400000.0,0.00769937462775463,-0.00018248000000000003,2323.913031799987,2323.913031799987,-0.1,9.124,0.0,9.047006253722454,long_nclose,0.0,0.0,7.0
1700313780000.0,1106488,1700313780000.0,0.0,-0.0185091,2323.894522699987,2323.853322699987,10.3,8.985,10.3,8.985,long_ientry_normal,92.5455,0.03982345114892615,73.0
1700314140000.0,1106494,1700314140000.0,0.25840000000000174,-0.0061614799999999996,2324.146761219987,2324.6573612199873,-3.4,9.061,6.9,8.985,long_nclose,61.9965,0.02667495058163061,6.0
1700314200000.0,1106495,1700314200000.0,0.17480000000000118,-0.00416806,2324.3173931599868,2324.827993159987,-2.3,9.061,4.6,8.985,long_nclose,41.330999999999996,0.017781994886597277,1.0
1700316060000.0,1106526,1700316060000.0,0.11400000000000077,-0.0027183000000000003,2324.4286748599866,2324.685974859987,-1.5,9.061,3.1,8.985,long_nclose,27.8535,0.011982944583867592,31.0
1700316360000.0,1106531,1700316360000.0,0.07600000000000051,-0.0018122000000000001,2324.5028626599865,2324.6498626599864,-1.0,9.061,2.1,8.985,long_nclose,18.8685,0.008117219515233596,5.0
1700316480000.0,1106533,1700316480000.0,0.05320000000000036,-0.00126854,2324.554794119986,2324.670994119986,-0.7,9.061,1.4,8.985,long_nclose,12.578999999999999,0.005411358782257516,2.0
1700316600000.0,1106535,1700316600000.0,0.030400000000000205,-0.00072488,2324.5844692399864,2324.6644692399864,-0.4,9.061,1.0,8.985,long_nclose,8.985,0.0038652069300530124,2.0
1700322660000.0,1106636,1700322660000.0,0.1255000000000006,-0.0009236000000000001,2324.7090456399865,2324.8355456399863,-0.5,9.236,0.5,8.985,long_nclose,4.4925,0.001932499900762087,101.0
1700339040000.0,1106909,1700339040000.0,0.050200000000000244,-0.00036944000000000007,2324.7588761999864,2324.833876199986,-0.2,9.236,0.3,8.985,long_nclose,2.6954999999999996,0.0011594750868984833,273.0
1700339100000.0,1106910,1700339100000.0,0.025100000000000122,-0.00018472000000000003,2324.783791479986,2324.834991479986,-0.1,9.236,0.2,8.985,long_nclose,1.797,0.0007729751070124279,1.0
1700345520000.0,1107017,1700345520000.0,0.025100000000000122,-0.00018472000000000003,2324.808706759986,2324.8318067599857,-0.1,9.236,0.1,8.985,long_nclose,0.8985,0.0003864834114683834,107.0
1700345580000.0,1107018,1700345580000.0,0.025100000000000122,-0.00018472000000000003,2324.8336220399856,2324.8336220399856,-0.1,9.236,0.0,8.985,long_nclose,0.0,0.0,1.0
1700355480000.0,1107183,1700355480000.0,0.0,-0.018657420000000004,2324.8149646199854,2324.9797646199854,10.3,9.057,10.3,9.057,long_ientry_normal,93.28710000000001,0.04012667735698645,165.0
1700365920000.0,1107357,1700365920000.0,0.26179999999999987,-0.0062111200000000005,2325.0705534999856,2325.663953499986,-3.4,9.134,6.9,9.057,long_nclose,62.493300000000005,0.026878023080171613,174.0
1700368440000.0,1107399,1700368440000.0,0.1770999999999999,-0.0042016399999999995,2325.2434518599857,2325.6390518599856,-2.3,9.134,4.6,9.057,long_nclose,41.6622,0.017917349672213454,42.0
1700369340000.0,1107414,1700369340000.0,0.11549999999999994,-0.0027402000000000004,2325.3562116599855,2325.5949116599854,-1.5,9.134,3.1,9.057,long_nclose,28.076700000000002,0.01207415012771617,15.0
1700369400000.0,1107415,1700369400000.0,0.07699999999999996,-0.0018268000000000002,2325.431384859986,2325.6014848599857,-1.0,9.134,2.1,9.057,long_nclose,19.0197,0.008178998582297528,1.0
1700370300000.0,1107430,1700370300000.0,0.05389999999999997,-0.00127876,2325.484006099986,2325.5862060999857,-0.7,9.134,1.4,9.057,long_nclose,12.6798,0.005452542338171137,15.0
1700370360000.0,1107431,1700370360000.0,0.030799999999999984,-0.0007307200000000001,2325.514075379986,2325.590075379986,-0.4,9.134,1.0,9.057,long_nclose,9.057,0.003894622739929062,1.0
1700370420000.0,1107432,1700370420000.0,0.023099999999999985,-0.0005480400000000001,2325.536627339986,2325.591927339986,-0.3,9.134,0.7,9.057,long_nclose,6.3399,0.00272620948019716,1.0
1700371500000.0,1107450,1700371500000.0,0.015399999999999992,-0.00036536000000000007,2325.551661979986,2325.591161979986,-0.2,9.134,0.5,9.057,long_nclose,4.5285,0.0019472798966523124,18.0
1700371620000.0,1107452,1700371620000.0,0.007699999999999996,-0.00018268000000000003,2325.559179299986,2325.5915792999863,-0.1,9.134,0.4,9.057,long_nclose,3.6228000000000002,0.001557818881689562,2.0
1700371980000.0,1107458,1700371980000.0,0.007699999999999996,-0.00018268000000000003,2325.5666966199865,2325.5930966199867,-0.1,9.134,0.3,9.057,long_nclose,2.7171,0.0011683603845673719,6.0
1700372160000.0,1107461,1700372160000.0,0.007699999999999996,-0.00018268000000000003,2325.5742139399867,2325.588213939987,-0.1,9.134,0.2,9.057,long_nclose,1.8114000000000001,0.0007789044052613256,3.0
1700372280000.0,1107463,1700372280000.0,0.007699999999999996,-0.00018268000000000003,2325.581731259987,2325.589331259987,-0.1,9.134,0.1,9.057,long_nclose,0.9057000000000001,0.0003894509437470069,2.0
1700372400000.0,1107465,1700372400000.0,0.007699999999999996,-0.00018268000000000003,2325.5892485799873,2325.5892485799873,-0.1,9.134,0.0,9.057,long_nclose,0.0,0.0,2.0
1700489460000.0,1109416,1700489460000.0,0.0,-0.018581979999999998,2325.5706665999874,2325.762566599987,10.1,9.199,10.1,9.199,long_ientry_normal,92.9099,0.039951441310461404,1951.0
1700489760000.0,1109421,1700489760000.0,0.257399999999998,-0.006122819999999999,2325.821943779987,2326.481543779987,-3.3,9.277,6.8,9.199,long_nclose,62.5532,0.026895094083744384,5.0
1700496900000.0,1109540,1700496900000.0,0.1715999999999987,-0.00408188,2325.9894618999874,2326.3114618999875,-2.2,9.277,4.6,9.199,long_nclose,42.3154,0.01819242979950331,119.0
1700497080000.0,1109543,1700497080000.0,0.1169999999999991,-0.0027830999999999997,2326.1036787999874,2326.3671787999874,-1.5,9.277,3.1,9.199,long_nclose,28.5169,0.012259513735308467,3.0
1700498400000.0,1109565,1700498400000.0,0.0,-0.012871600000000002,2326.0908071999875,2326.1157071999874,7.0,9.194,10.1,9.195534653465348,long_ientry_partial,92.87490000000001,0.03992746100561629,22.0
1700501940000.0,1109624,1700501940000.0,0.2556356435643508,-0.006120179999999999,2326.340322663552,2326.8806870199874,-3.3,9.273,6.8,9.195534653465348,long_nclose,62.52963564356436,0.026878971676839968,59.0
1700502180000.0,1109628,1700502180000.0,0.17042376237623388,-0.0040801200000000004,2326.5066663059283,2326.8124068999878,-2.2,9.273,4.6,9.195534653465348,long_nclose,42.299459405940596,0.018181533721158206,4.0
1700502300000.0,1109630,1700502300000.0,0.11619801980197764,-0.0027819,2326.6200824257303,2326.9036249999876,-1.5,9.273,3.1,9.195534653465348,long_nclose,28.50615742574258,0.012252175437264388,2.0
1700503920000.0,1109657,1700503920000.0,0.07746534653465176,-0.0018546,2326.695693172265,2326.8478703999876,-1.0,9.273,2.1,9.195534653465348,long_nclose,19.31062277227723,0.00829959105909064,27.0
1700505600000.0,1109685,1700505600000.0,0.0,-0.01481976,2326.6808734122646,2326.5300506399876,8.1,9.148,10.2,9.15778654630169,long_ientry_partial,93.40942277227722,0.04014707123770042,28.0
1700515080000.0,1109843,1700515080000.0,0.0,-0.01856816,2326.6623052522646,2323.8550824799872,10.4,8.927,20.6,9.041272950110546,long_rentry,186.25022277227725,0.0800503890710016,158.0
1700576040000.0,1110859,1700576040000.0,0.0,-0.018560600000000003,2326.6437446522646,2321.152121879987,10.6,8.755,31.2,8.944013550393503,long_rentry,279.0532227722773,0.11993809684601457,1016.0
1700579520000.0,1110917,1700579520000.0,0.0,-0.02632212,2326.6174225322648,2314.0865997599876,15.3,8.602,46.5,8.831480059618865,long_rentry,410.66382277227723,0.17650681147453767,58.0
1700589840000.0,1111089,1700589840000.0,0.0,-0.03836328000000001,2326.579059252265,2309.0601364799877,22.8,8.413,69.3,8.69379830840227,long_rentry,602.4802227722773,0.2589554050941675,172.0
1700676060000.0,1112526,1700676060000.0,1.6909590759075488,-0.04050354,2328.2295147881723,2331.4728329399873,-23.1,8.767,46.2,8.69379830840227,long_nclose,401.6534818481849,0.17251455636010538,1437.0
1700676960000.0,1112541,1700676960000.0,1.1273060506050325,-0.02700236,2329.3298184787773,2332.1388305799874,-15.4,8.767,30.8,8.69379830840227,long_nclose,267.76898789878993,0.11495537719671775,15.0
1700728980000.0,1113408,1700728980000.0,3.72990605060504,-0.02752288,2333.0322016493824,2336.7775076999874,-15.4,8.936,15.4,8.69379830840227,long_nclose,133.88449394939497,0.057386474929382765,867.0
1700729100000.0,1113410,1700729100000.0,1.86495302530252,-0.01376144,2334.8833932346847,2336.7329462599873,-7.7,8.936,7.7,8.69379830840227,long_nclose,66.94224697469748,0.028670488285908572,2.0
1700729160000.0,1113411,1700729160000.0,0.9203664280713735,-0.006791360000000001,2335.796968302756,2336.710354899987,-3.8,8.936,3.9,8.69379830840227,long_nclose,33.90581340276885,0.014515736539980869,1.0
1700729280000.0,1113413,1700729280000.0,0.46018321403568674,-0.0033956800000000003,2336.2537558367917,2336.740159219987,-1.9,8.936,2.0,8.69379830840227,long_nclose,17.38759661680454,0.0074425120016882364,2.0
1700729580000.0,1113418,1700729580000.0,0.24220169159772986,-0.0017872,2336.4941703283894,2336.8163720199873,-1.0,8.936,1.0,8.69379830840227,long_nclose,8.69379830840227,0.00372087310073638,5.0
1700737620000.0,1113552,1700737620000.0,0.12110084579886493,-0.0008936,2336.6143775741884,2336.7324784199873,-0.5,8.936,0.5,8.69379830840227,long_nclose,4.346899154201135,0.0018603408401149922,134.0
1700737680000.0,1113553,1700737680000.0,0.04844033831954597,-0.00035744000000000005,2336.662460472508,2336.7393209799875,-0.2,8.936,0.3,8.69379830840227,long_nclose,2.608139492520681,0.001116181535262597,1.0
1700737800000.0,1113555,1700737800000.0,0.024220169159772986,-0.00017872000000000002,2336.686501921668,2336.7353422599876,-0.1,8.936,0.2,8.69379830840227,long_nclose,1.7387596616804541,0.0007441133674759174,2.0
1700747400000.0,1113715,1700747400000.0,0.0073201691597729384,-0.00017534,2336.6936467508276,2336.7005669199875,-0.1,8.767,0.1,8.69379830840227,long_nclose,0.8693798308402271,0.00037205554611281614,160.0
1700747640000.0,1113719,1700747640000.0,0.0073201691597729384,-0.00017534,2336.7007915799873,2336.7007915799873,-0.1,8.767,0.0,8.69379830840227,long_nclose,0.0,0.0,4.0
1700752800000.0,1113805,1700752800000.0,0.0,-0.018761760000000002,2336.6820298199873,2336.638829819987,10.8,8.686,10.8,8.686,long_ientry_normal,93.8088,0.04014615544727188,86.0
1700759520000.0,1113917,1700759520000.0,0.26639999999999947,-0.006307200000000001,2336.9421226199875,2337.4749226199874,-3.6,8.76,7.2,8.686,long_nclose,62.5392,0.026761124888230518,112.0
1700759580000.0,1113918,1700759580000.0,0.17759999999999962,-0.0042048,2337.1155178199874,2337.4947178199873,-2.4,8.76,4.8,8.686,long_nclose,41.6928,0.017839426285137232,1.0
1700761020000.0,1113942,1700761020000.0,0.11839999999999976,-0.0028032,2337.2311146199872,2337.458314619987,-1.6,8.76,3.2,8.686,long_nclose,27.7952,0.011892362644897979,24.0
1700761080000.0,1113943,1700761080000.0,0.07399999999999984,-0.001752,2337.303362619987,2337.4727626199874,-1.0,8.76,2.2,8.686,long_nclose,19.1092,0.008175746591396527,1.0
1700761260000.0,1113946,1700761260000.0,0.05179999999999989,-0.0012263999999999999,2337.353936219987,2337.473936219987,-0.7,8.76,1.5,8.686,long_nclose,13.029,0.005574252062599789,3.0
1700761440000.0,1113949,1700761440000.0,0.03699999999999992,-0.000876,2337.390060219987,2337.4650602199868,-0.5,8.76,1.0,8.686,long_nclose,8.686,0.00371611060893384,3.0
1700761920000.0,1113957,1700761920000.0,0.022199999999999952,-0.0005256,2337.411734619987,2337.4649346199867,-0.3,8.76,0.7,8.686,long_nclose,6.0802,0.002601253305074431,8.0
1700762040000.0,1113959,1700762040000.0,0.01479999999999997,-0.0003504,2337.4261842199867,2337.4641842199867,-0.2,8.76,0.5,8.686,long_nclose,4.343,0.0018580265889548446,2.0
1700762700000.0,1113970,1700762700000.0,0.007399999999999985,-0.0001752,2337.433409019987,2337.467009019987,-0.1,8.76,0.4,8.686,long_nclose,3.4744,0.0014864166767671503,11.0
1700763240000.0,1113979,1700763240000.0,0.007399999999999985,-0.0001752,2337.440633819987,2337.464633819987,-0.1,8.76,0.3,8.686,long_nclose,2.6058,0.0011148090617991199,9.0
1700763660000.0,1113986,1700763660000.0,0.007399999999999985,-0.0001752,2337.447858619987,2337.463058619987,-0.1,8.76,0.2,8.686,long_nclose,1.7372,0.0007432037440294522,7.0
1700763900000.0,1113990,1700763900000.0,0.007399999999999985,-0.0001752,2337.455083419987,2337.4625834199874,-0.1,8.76,0.1,8.686,long_nclose,0.8686,0.00037160072343684584,4.0
1700765340000.0,1114014,1700765340000.0,0.007399999999999985,-0.0001752,2337.4623082199873,2337.4623082199873,-0.1,8.76,0.0,8.686,long_nclose,0.0,0.0,24.0
1700863920000.0,1115657,1700863920000.0,0.0,-0.018737840000000002,2337.4435703799872,2338.267470379987,10.7,8.756,10.7,8.756,long_ientry_normal,93.6892,0.0400819087943883,1643.0
1700876280000.0,1115863,1700876280000.0,1.2931999999999988,-0.00954,2338.7272303799873,2340.071830379987,-5.3,9.0,5.4,8.756,long_nclose,47.2824,0.020217150331087452,206.0
1700889720000.0,1116087,1700889720000.0,0.6587999999999994,-0.004860000000000001,2339.3811703799875,2340.0426703799876,-2.7,9.0,2.7,8.756,long_nclose,23.6412,0.010105749460298488,224.0
1700889840000.0,1116089,1700889840000.0,0.3171999999999997,-0.0023400000000000005,2339.6960303799874,2340.0418303799875,-1.3,9.0,1.4,8.756,long_nclose,12.2584,0.005239313073506017,2.0
1700893200000.0,1116145,1700893200000.0,0.17079999999999984,-0.00126,2339.8655703799873,2340.037070379987,-0.7,9.0,0.7,8.756,long_nclose,6.1292,0.0026194667238958673,56.0
1700893380000.0,1116148,1700893380000.0,0.07319999999999993,-0.00054,2339.938230379987,2340.036630379987,-0.3,9.0,0.4,8.756,long_nclose,3.5024,0.0014967916479706556,3.0
1700893500000.0,1116150,1700893500000.0,0.048799999999999955,-0.00036,2339.986670379987,2340.035270379987,-0.2,9.0,0.2,8.756,long_nclose,1.7512,0.0007483803314638648,2.0
1700893620000.0,1116152,1700893620000.0,0.024399999999999977,-0.00018,2340.010890379987,2340.035390379987,-0.1,9.0,0.1,8.756,long_nclose,0.8756,0.0003741862927218318,2.0
1700893860000.0,1116156,1700893860000.0,0.024399999999999977,-0.00018,2340.0351103799867,2340.0351103799867,-0.1,9.0,0.0,8.756,long_nclose,0.0,0.0,4.0
1701015780000.0,1118188,1701015780000.0,0.0,-0.018782,2340.0163283799866,2339.8263283799865,10.0,9.391,10.0,9.391,long_ientry_normal,93.91,0.04013219859239815,2032.0
1701020040000.0,1118259,1701020040000.0,0.26070000000000204,-0.006250200000000001,2340.2707781799863,2340.7397781799864,-3.3,9.47,6.7,9.391,long_nclose,62.9197,0.026885649552455742,71.0
1701021900000.0,1118290,1701021900000.0,0.1738000000000014,-0.004166800000000001,2340.4404113799865,2340.8094113799866,-2.2,9.47,4.5,9.391,long_nclose,42.2595,0.018056217024163698,31.0
1701024540000.0,1118334,1701024540000.0,0.576400000000001,-0.004247320000000001,2341.0125640599863,2341.5852640599865,-2.2,9.653,2.3,9.391,long_nclose,21.5993,0.009226477606997813,44.0
1701024600000.0,1118335,1701024600000.0,0.2882000000000005,-0.0021236600000000003,2341.298640399986,2341.586640399986,-1.1,9.653,1.2,9.391,long_nclose,11.2692,0.004813226217939791,1.0
1701025020000.0,1118342,1701025020000.0,0.15720000000000026,-0.0011583600000000002,2341.4546820399864,2341.6154820399865,-0.6,9.653,0.6,9.391,long_nclose,5.6346,0.0024064527249747446,7.0
1701027240000.0,1118379,1701027240000.0,0.26640000000000047,-0.0011802000000000002,2341.7199018399865,2341.7199018399865,-0.6,9.835,0.0,9.391,long_nclose,0.0,0.0,37.0
1701067740000.0,1119054,1701067740000.0,0.0,-0.018813960000000005,2341.7010878799865,2341.6911878799865,9.9,9.502,9.9,9.502,long_ientry_normal,94.06980000000001,0.040171566083681616,675.0
1701083280000.0,1119313,1701083280000.0,0.0,-0.01871126,2341.6823766199864,2339.276276619986,10.1,9.263,20.0,9.381305000000001,long_rentry,187.6261,0.08012448736571262,259.0
1701100560000.0,1119601,1701100560000.0,0.0,-0.01871304,2341.6636635799864,2335.3842635799865,10.3,9.084,30.3,9.28024092409241,long_rentry,281.19130000000007,0.12008184794997788,288.0
1701132300000.0,1120130,1701132300000.0,0.7954666666666524,-0.01890518,2342.440225066653,2343.6271583999865,-10.1,9.359,20.2,9.28024092409241,long_nclose,187.46086666666667,0.08002802575734139,529.0
1701148200000.0,1120395,1701148200000.0,0.0,-0.018690880000000003,2342.421534186653,2336.080067519986,10.4,8.986,30.6,9.180237472766885,long_rentry,280.9152666666667,0.11992515547130482,265.0
1701156240000.0,1120529,1701156240000.0,0.0,-0.02649,2342.3950441866527,2331.267377519986,15.0,8.83,45.6,9.065027777777779,long_rentry,413.36526666666674,0.17647120100111,134.0
1701179640000.0,1120919,1701179640000.0,1.169977777777754,-0.02779168,2343.5372302844303,2346.272385839986,-15.2,9.142,30.4,9.065027777777779,long_nclose,275.5768444444445,0.1175901286667412,390.0
1701179880000.0,1120923,1701179880000.0,0.7774194444444287,-0.01846684,2344.2961828888747,2346.224118999986,-10.1,9.142,20.3,9.065027777777779,long_nclose,184.02006388888893,0.07849693448808209,4.0
1701180120000.0,1120927,1701180120000.0,0.5157138888888785,-0.01225028,2344.7996464977637,2345.724068719986,-6.7,9.142,13.6,9.065027777777779,long_nclose,123.28437777777779,0.0525777875998564,4.0
1701181500000.0,1120950,1701181500000.0,0.346374999999993,-0.0082278,2345.1377936977638,2345.901940919986,-4.5,9.142,9.1,9.065027777777779,long_nclose,82.49175277777779,0.03517565279083518,23.0
1701181740000.0,1120954,1701181740000.0,0.230916666666662,-0.0054852,2345.363225164431,2345.8693557199863,-3.0,9.142,6.1,9.065027777777779,long_nclose,55.29666944444445,0.023577017346883514,4.0
1701182520000.0,1120967,1701182520000.0,0.15394444444444133,-0.0036568,2345.513512808875,2345.870098919986,-2.0,9.142,4.1,9.065027777777779,long_nclose,37.16661388888889,0.01584583234584734,13.0
1701183900000.0,1120990,1701183900000.0,0.10006388888888687,-0.00237692,2345.611199777764,2345.812721999986,-1.3,9.142,2.8,9.065027777777779,long_nclose,25.38207777777778,0.01082109335945472,23.0
1701187260000.0,1121046,1701187260000.0,0.0692749999999986,-0.0016455600000000001,2345.678829217764,2345.821276439986,-0.9,9.142,1.9,9.065027777777779,long_nclose,17.22355277777778,0.0073426730732448495,56.0
1701187320000.0,1121047,1701187320000.0,0.046183333333332396,-0.00109704,2345.7239155110974,2345.8187793999864,-0.6,9.142,1.3,9.065027777777779,long_nclose,11.784536111111112,0.00502383764482507,1.0
1701187380000.0,1121048,1701187380000.0,0.03078888888888827,-0.00073136,2345.7539730399862,2345.825948039986,-0.4,9.142,0.9,9.065027777777779,long_nclose,8.158525000000001,0.0034779968802213894,1.0
1701188820000.0,1121072,1701188820000.0,0.023091666666666198,-0.00054852,2345.7765161866528,2345.816099519986,-0.3,9.142,0.6,9.065027777777779,long_nclose,5.439016666666667,0.002318642304215943,24.0
1701189000000.0,1121075,1701189000000.0,0.015394444444444134,-0.00036568,2345.7915449510974,2345.822333839986,-0.2,9.142,0.4,9.065027777777779,long_nclose,3.6260111111111115,0.0015457516329255518,3.0
1701189060000.0,1121076,1701189060000.0,0.007697222222222067,-0.00018284,2345.7990593333197,2345.8245509999865,-0.1,9.142,0.3,9.065027777777779,long_nclose,2.7195083333333336,0.0011593100110229488,1.0
1701189240000.0,1121079,1701189240000.0,0.007697222222222067,-0.00018284,2345.806573715542,2345.8213681599864,-0.1,9.142,0.2,9.065027777777779,long_nclose,1.8130055555555558,0.0007728708649170173,3.0
1701189300000.0,1121080,1701189300000.0,0.007697222222222067,-0.00018284,2345.8140880977644,2345.8219853199867,-0.1,9.142,0.1,9.065027777777779,long_nclose,0.9065027777777779,0.000386434194583965,1.0
1701200460000.0,1121266,1701200460000.0,0.025297222222222082,-0.00018636,2345.839198959987,2345.839198959987,-0.1,9.318,0.0,9.065027777777779,long_nclose,0.0,0.0,186.0
1701270540000.0,1122434,1701270540000.0,0.0,-0.01880112,2345.820397839987,2345.820397839987,10.4,9.039,10.4,9.039,long_ientry_normal,94.0056,0.04007365614458789,1168.0
1701273120000.0,1122477,1701273120000.0,0.25840000000000174,-0.0061982,2346.072599639987,2346.590599639987,-3.4,9.115,7.0,9.039,long_nclose,63.272999999999996,0.026969753625573845,43.0
1701273180000.0,1122478,1701273180000.0,0.17480000000000118,-0.004192899999999999,2346.243206739987,2346.581606739987,-2.3,9.115,4.7,9.039,long_nclose,42.4833,0.01810694640605007,1.0
1701273240000.0,1122479,1701273240000.0,0.11400000000000077,-0.0027345,2346.354472239987,2346.610472239987,-1.5,9.115,3.2,9.039,long_nclose,28.9248,0.012327549115963904,1.0
1701273360000.0,1122481,1701273360000.0,0.07600000000000051,-0.0018230000000000002,2346.428649239987,2346.591449239987,-1.0,9.115,2.2,9.039,long_nclose,19.8858,0.008474922093386923,2.0
1701273480000.0,1122483,1701273480000.0,0.05320000000000036,-0.0012761,2346.480573139987,2346.597573139987,-0.7,9.115,1.5,9.039,long_nclose,13.558499999999999,0.00577822810689476,2.0
1701273660000.0,1122486,1701273660000.0,0.038000000000000256,-0.0009115000000000001,2346.517661639987,2346.5966616399874,-0.5,9.115,1.0,9.039,long_nclose,9.039,0.003852091185063836,3.0
1701274080000.0,1122493,1701274080000.0,0.022800000000000153,-0.0005469,2346.5399147399876,2346.5896147399876,-0.3,9.115,0.7,9.039,long_nclose,6.327299999999999,0.002696438257987658,7.0
1701274200000.0,1122495,1701274200000.0,0.015200000000000102,-0.0003646,2346.5547501399874,2346.5897501399872,-0.2,9.115,0.5,9.039,long_nclose,4.5195,0.0019260151503945869,2.0
1701274320000.0,1122497,1701274320000.0,0.007600000000000051,-0.0001823,2346.5621678399875,2346.5905678399877,-0.1,9.115,0.4,9.039,long_nclose,3.6156,0.0015408072496660777,2.0
1701274380000.0,1122498,1701274380000.0,0.007600000000000051,-0.0001823,2346.5695855399877,2346.5875855399877,-0.1,9.115,0.3,9.039,long_nclose,2.7117,0.001155601784285459,1.0
1701274920000.0,1122507,1701274920000.0,0.007600000000000051,-0.0001823,2346.577003239988,2346.5960032399876,-0.1,9.115,0.2,9.039,long_nclose,1.8078,0.0007703987542296364,9.0
1701275220000.0,1122512,1701275220000.0,0.007600000000000051,-0.0001823,2346.584420939988,2346.591920939988,-0.1,9.115,0.1,9.039,long_nclose,0.9039,0.00038519815947551483,5.0
1701275280000.0,1122513,1701275280000.0,0.007600000000000051,-0.0001823,2346.591838639988,2346.591838639988,-0.1,9.115,0.0,9.039,long_nclose,0.0,0.0,1.0
1701607620000.0,1128052,1701607620000.0,0.0,-0.018736000000000003,2346.573102639988,2347.053102639988,10.0,9.368,10.0,9.368,long_ientry_normal,93.68,0.03992204627872291,5539.0
1701608940000.0,1128074,1701608940000.0,0.2606999999999962,-0.00623502,2346.827567619988,2347.363567619988,-3.3,9.447,6.7,9.368,long_nclose,62.765600000000006,0.026744870763408122,22.0
1701609720000.0,1128087,1701609720000.0,0.17379999999999748,-0.00415668,2346.997210939988,2347.352710939988,-2.2,9.447,4.5,9.368,long_nclose,42.156,0.017961674519040544,13.0
1701609780000.0,1128088,1701609780000.0,0.11849999999999827,-0.0028341,2347.1128768399876,2347.3828768399876,-1.5,9.447,3.0,9.368,long_nclose,28.104,0.011973859577574958,1.0
1701611040000.0,1128109,1701611040000.0,0.07899999999999885,-0.0018893999999999998,2347.189987439988,2347.361987439988,-1.0,9.447,2.0,9.368,long_nclose,18.736,0.007982310805796686,21.0
1701611460000.0,1128116,1701611460000.0,0.04739999999999931,-0.00113364,2347.236253799988,2347.344053799988,-0.6,9.447,1.4,9.368,long_nclose,13.1152,0.005587507426560722,7.0
1701611520000.0,1128117,1701611520000.0,0.03159999999999954,-0.0007557600000000001,2347.2670980399876,2347.3510980399874,-0.4,9.447,1.0,9.368,long_nclose,9.368,0.003991024288553466,1.0
1701611760000.0,1128121,1701611760000.0,0.023699999999999655,-0.00056682,2347.2902312199876,2347.3448312199876,-0.3,9.447,0.7,9.368,long_nclose,6.5576,0.002793689469150874,4.0
1701611820000.0,1128122,1701611820000.0,0.01579999999999977,-0.00037788000000000003,2347.3056533399877,2347.3476533399876,-0.2,9.447,0.5,9.368,long_nclose,4.684,0.0019954793673057124,1.0
1701612060000.0,1128126,1701612060000.0,0.007899999999999885,-0.00018894000000000002,2347.3133643999877,2347.343764399988,-0.1,9.447,0.4,9.368,long_nclose,3.7472000000000003,0.0015963782496325738,4.0
1701632580000.0,1128468,1701632580000.0,0.007899999999999885,-0.00018894000000000002,2347.3210754599877,2347.343875459988,-0.1,9.447,0.3,9.368,long_nclose,2.8104,0.0011972797540912745,342.0
1701632640000.0,1128469,1701632640000.0,0.007899999999999885,-0.00018894000000000002,2347.3287865199877,2347.344786519988,-0.1,9.447,0.2,9.368,long_nclose,1.8736000000000002,0.0007981838806559731,1.0
1701632760000.0,1128471,1701632760000.0,0.007899999999999885,-0.00018894000000000002,2347.3364975799877,2347.3447975799877,-0.1,9.447,0.1,9.368,long_nclose,0.9368000000000001,0.0003990906293008285,2.0
1701633180000.0,1128478,1701633180000.0,0.007899999999999885,-0.00018894000000000002,2347.3442086399878,2347.3442086399878,-0.1,9.447,0.0,9.368,long_nclose,0.0,0.0,7.0
1701688320000.0,1129397,1701688320000.0,0.0,-0.01874862,2347.3254600199875,2345.6028600199875,9.9,9.469,9.9,9.469,long_ientry_normal,93.7431,0.03993613224780588,919.0
1701688320000.0,1129397,1701688320000.0,0.0,-0.01883124,2347.3066287799875,2346.2368287799873,10.2,9.231,20.1,9.348223880597015,long_rentry,187.8993,0.08004889420759684,0.0
1701688500000.0,1129400,1701688500000.0,0.5277999999999982,-0.01263218,2347.8217965999875,2348.9577965999874,-6.7,9.427,13.4,9.348223880597015,long_nclose,125.2662,0.053354219720340365,3.0
1701688920000.0,1129407,1701688920000.0,0.3466149253731331,-0.008295760000000001,2348.160115765361,2349.0761008399877,-4.4,9.427,9.0,9.348223880597015,long_nclose,84.13401492537314,0.035829760654098514,7.0
1701690600000.0,1129435,1701690600000.0,0.23632835820895437,-0.0056562,2348.39078792357,2348.761444639988,-3.0,9.427,6.0,9.348223880597015,long_nclose,56.08934328358209,0.023884160835588985,28.0
1701690660000.0,1129436,1701690660000.0,0.0,-0.007528000000000001,2348.3832599235698,2348.9639166399875,4.0,9.41,10.0,9.372934328358209,long_ientry_partial,93.7293432835821,0.03991228556391285,1.0
1701690660000.0,1129436,1701690660000.0,0.10813134328358132,-0.0037708,2348.4876204668535,2348.9521458399877,-2.0,9.427,8.0,9.372934328358209,long_nclose,74.98347462686567,0.03192840957448172,0.0
1701690720000.0,1129437,1701690720000.0,0.20557074626865665,-0.004915040000000001,2348.688276173122,2349.0882307999877,-2.6,9.452,5.4,9.372934328358209,long_nclose,50.61384537313433,0.021549835236374118,1.0
1701690780000.0,1129438,1701690780000.0,0.0,-0.0085023,2348.679773873122,2348.8124284999876,4.5,9.447,9.9,9.406600542740842,long_ientry_partial,93.12534537313434,0.039650081892417685,1.0
1701690960000.0,1129441,1701690960000.0,0.2620182089552246,-0.00626076,2348.9355313220776,2349.512367739988,-3.3,9.486,6.6,9.406600542740842,long_nclose,62.08356358208955,0.026430509800814486,3.0
1701691560000.0,1129451,1701691560000.0,0.17467880597014976,-0.004173840000000001,2349.1060362880476,2349.442193899988,-2.2,9.486,4.4,9.406600542740842,long_nclose,41.38904238805971,0.017619060931562215,10.0
1701691620000.0,1129452,1701691620000.0,0.11115924016282257,-0.0026560800000000003,2349.2145394482104,2349.485737819988,-1.4,9.486,3.0,9.406600542740842,long_nclose,28.219801628222527,0.012012441245511304,1.0
1701691980000.0,1129458,1701691980000.0,0.07939945725915898,-0.0018972000000000001,2349.2920417054697,2349.430840619988,-1.0,9.486,2.0,9.406600542740842,long_nclose,18.813201085481683,0.00800802997307403,6.0
1701692100000.0,1129460,1701692100000.0,0.0,-0.01494048,2349.27710122547,2349.405600139988,7.9,9.456,9.9,9.446020311664816,long_ientry_partial,93.51560108548168,0.039806117820967345,2.0
1701692100000.0,1129460,1701692100000.0,0.023987813001111035,-0.0011383200000000002,2349.299950718471,2349.4206618199883,-0.6,9.486,9.3,9.446020311664816,long_nclose,87.8479888984828,0.03739326213820284,0.0
1701692280000.0,1129463,1701692280000.0,0.24793703383907104,-0.00590612,2349.54198163231,2350.0130556999884,-3.1,9.526,6.2,9.446020311664816,long_nclose,58.565325932321855,0.024926273456767283,3.0
1701692340000.0,1129464,1701692340000.0,0.15995937667036841,-0.0038104000000000002,2349.6981306089806,2350.0592452999886,-2.0,9.526,4.2,9.446020311664816,long_nclose,39.67328530899223,0.016884417956578083,1.0
1701692460000.0,1129466,1701692460000.0,0.11197156366925788,-0.00266728,2349.80743489265,2350.0593780199883,-1.4,9.526,2.8,9.446020311664816,long_nclose,26.448856872661484,0.011255755037590897,2.0
1701693840000.0,1129489,1701693840000.0,0.36817156366925763,-0.00271852,2350.172887936319,2350.5564594999883,-1.4,9.709,1.4,9.446020311664816,long_nclose,13.224428436330742,0.0056270023810644325,23.0
1701694620000.0,1129502,1701694620000.0,0.18408578183462881,-0.00135926,2350.355614458154,2350.5327002399886,-0.7,9.709,0.7,9.446020311664816,long_nclose,6.612214218165371,0.002813282457127126,13.0
1701694740000.0,1129504,1701694740000.0,0.07889390650055521,-0.00058254,2350.4339258246546,2350.5379176999886,-0.3,9.709,0.4,9.446020311664816,long_nclose,3.7784081246659262,0.0016075364140858647,2.0
1701694800000.0,1129505,1701694800000.0,0.05259593766703681,-0.00038836000000000003,2350.4861334023212,2350.5337293399884,-0.2,9.709,0.2,9.446020311664816,long_nclose,1.8892040623329631,0.0008037503542292105,1.0
1701698160000.0,1129561,1701698160000.0,0.00799796883351842,-0.00019052,2350.4939408511545,2350.502238819988,-0.1,9.526,0.1,9.446020311664816,long_nclose,0.9446020311664816,0.00040187384223778295,56.0
1701698400000.0,1129565,1701698400000.0,0.00799796883351842,-0.00019052,2350.501748299988,2350.501748299988,-0.1,9.526,0.0,9.446020311664816,long_nclose,0.0,0.0,4.0
1701698700000.0,1129570,1701698700000.0,0.0,-0.018720900000000002,2350.483027399988,2350.611727399988,9.9,9.455,9.9,9.455,long_ientry_normal,93.6045,0.03982351665969766,5.0
1701709320000.0,1129747,1701709320000.0,0.26400000000000023,-0.0062931,2350.7407342999877,2351.262134299988,-3.3,9.535,6.6,9.455,long_nclose,62.403,0.02654610059266387,177.0
1701709380000.0,1129748,1701709380000.0,0.17600000000000018,-0.0041954,2350.912538899988,2351.198538899988,-2.2,9.535,4.4,9.455,long_nclose,41.602000000000004,0.017696107069753407,1.0
1701709620000.0,1129752,1701709620000.0,0.11200000000000009,-0.0026698,2351.0218690999877,2351.276869099988,-1.4,9.535,3.0,9.455,long_nclose,28.365000000000002,0.012064966461098305,4.0
1701709800000.0,1129755,1701709800000.0,0.08000000000000007,-0.001907,2351.099962099988,2351.2439620999876,-1.0,9.535,2.0,9.455,long_nclose,18.91,0.00804304381133574,3.0
1701714360000.0,1129831,1701714360000.0,0.04800000000000004,-0.0011442000000000002,2351.1468178999876,2351.2630178999875,-0.6,9.535,1.4,9.455,long_nclose,13.237,0.0056300184655516785,76.0
1701714660000.0,1129836,1701714660000.0,0.03200000000000003,-0.0007628,2351.178055099988,2351.255055099988,-0.4,9.535,1.0,9.455,long_nclose,9.455,0.004021388333176625,5.0
1701715020000.0,1129842,1701715020000.0,0.02400000000000002,-0.0005721000000000001,2351.2014829999875,2351.2637829999876,-0.3,9.535,0.7,9.455,long_nclose,6.6185,0.0028149437842116378,6.0
1701733500000.0,1130150,1701733500000.0,0.0791999999999998,-0.00058314,2351.280099859988,2351.386099859988,-0.3,9.719,0.4,9.455,long_nclose,3.782,0.0016084855225139735,308.0
1701733800000.0,1130155,1701733800000.0,0.052799999999999875,-0.00038876000000000004,2351.3325110999876,2351.3865110999877,-0.2,9.719,0.2,9.455,long_nclose,1.891,0.0008042248346727289,5.0
1701734940000.0,1130174,1701734940000.0,0.026399999999999937,-0.00019438000000000002,2351.358716719988,2351.385116719988,-0.1,9.719,0.1,9.455,long_nclose,0.9455,0.00040210793584014216,19.0
1701735000000.0,1130175,1701735000000.0,0.026399999999999937,-0.00019438000000000002,2351.3849223399884,2351.3849223399884,-0.1,9.719,0.0,9.455,long_nclose,0.0,0.0,1.0
1701903120000.0,1132977,1701903120000.0,0.0,-0.01880064,2351.3661216999885,2351.4717216999884,9.6,9.792,9.6,9.792,long_ientry_normal,94.00319999999999,0.039978121285526406,2802.0
1701923700000.0,1133320,1701923700000.0,0.2656000000000006,-0.006320000000000001,2351.6254016999887,2352.1950016999886,-3.2,9.875,6.4,9.792,long_nclose,62.668800000000005,0.026649142314374034,343.0
1701924540000.0,1133334,1701924540000.0,0.1743000000000004,-0.0041475,2351.795554199989,2352.165354199989,-2.1,9.875,4.3,9.792,long_nclose,42.105599999999995,0.017903597072800433,14.0
1701932100000.0,1133460,1701932100000.0,0.11620000000000025,-0.002765,2351.908989199989,2352.169989199989,-1.4,9.875,2.9,9.792,long_nclose,28.3968,0.012073936589552848,126.0
1701933720000.0,1133487,1701933720000.0,0.07470000000000017,-0.0017775000000000002,2351.981911699989,2352.133911699989,-0.9,9.875,2.0,9.792,long_nclose,19.584,0.008326594648784897,27.0
1701933900000.0,1133490,1701933900000.0,0.04980000000000011,-0.001185,2352.0305266999885,2352.1453266999883,-0.6,9.875,1.4,9.792,long_nclose,13.708799999999998,0.005828495780296738,3.0
1701933960000.0,1133491,1701933960000.0,0.03320000000000008,-0.0007900000000000001,2352.0629366999883,2352.1509366999885,-0.4,9.875,1.0,9.792,long_nclose,9.792,0.004163153905115505,1.0
1701934140000.0,1133494,1701934140000.0,0.024900000000000054,-0.0005925,2352.087244199988,2352.146744199988,-0.3,9.875,0.7,9.792,long_nclose,6.854399999999999,0.0029141776168814587,3.0
1701934260000.0,1133496,1701934260000.0,0.01660000000000004,-0.00039500000000000006,2352.103449199988,2352.140449199988,-0.2,9.875,0.5,9.792,long_nclose,4.896,0.002081541099591201,2.0
1701934500000.0,1133500,1701934500000.0,0.00830000000000002,-0.00019750000000000003,2352.111551699988,2352.144351699988,-0.1,9.875,0.4,9.792,long_nclose,3.9168000000000003,0.001665227143316878,4.0
1701934560000.0,1133501,1701934560000.0,0.00830000000000002,-0.00019750000000000003,2352.119654199988,2352.145754199988,-0.1,9.875,0.3,9.792,long_nclose,2.9375999999999998,0.0012489160552502368,1.0
1701938280000.0,1133563,1701938280000.0,0.00830000000000002,-0.00019750000000000003,2352.127756699988,2352.148956699988,-0.1,9.875,0.2,9.792,long_nclose,1.9584000000000001,0.000832607835361637,62.0
1701938760000.0,1133571,1701938760000.0,0.00830000000000002,-0.00019750000000000003,2352.135859199988,2352.143159199988,-0.1,9.875,0.1,9.792,long_nclose,0.9792000000000001,0.00041630248362143805,8.0
1701940020000.0,1133592,1701940020000.0,0.0,-0.018643200000000002,2352.117215999988,2352.429115999988,9.6,9.71,9.7,9.710845360824743,long_ientry_partial,94.1952,0.04004698378093096,21.0
1701963000000.0,1133975,1701963000000.0,0.26289484536081886,-0.00626752,2352.3738433253484,2352.9273484799874,-3.2,9.793,6.5,9.710845360824743,long_nclose,63.12049484536083,0.026832680113520063,383.0
1701964920000.0,1134007,1701964920000.0,0.17252474226803738,-0.00411306,2352.542255007617,2352.987335419988,-2.1,9.793,4.4,9.710845360824743,long_nclose,42.727719587628876,0.01816236010072879,32.0
1701969600000.0,1134085,1701969600000.0,0.5965402061855631,-0.0043920800000000005,2353.1344031338026,2353.7397433399883,-2.2,9.982,2.2,9.710845360824743,long_nclose,21.363859793814438,0.009078894841434886,78.0
1701972000000.0,1134125,1701972000000.0,0.29827010309278157,-0.0021960400000000002,2353.4304771968955,2353.7276472999883,-1.1,9.982,1.1,9.710845360824743,long_nclose,10.681929896907219,0.004538876334103637,40.0
1701972060000.0,1134126,1701972060000.0,0.13557731958762798,-0.0009982,2353.565056316483,2353.7229490999885,-0.5,9.982,0.6,9.710845360824743,long_nclose,5.8265072164948455,0.0024756091618787857,1.0
1701978360000.0,1134231,1701978360000.0,0.01643092783505118,-0.00039172,2353.5810955243182,2353.612757379988,-0.2,9.793,0.4,9.710845360824743,long_nclose,3.8843381443298974,0.0016503948607152477,105.0
1701978600000.0,1134235,1701978600000.0,0.00821546391752559,-0.00019586,2353.589115128236,2353.6161615199885,-0.1,9.793,0.3,9.710845360824743,long_nclose,2.9132536082474227,0.0012377919278780713,4.0
1701978840000.0,1134239,1701978840000.0,0.00821546391752559,-0.00019586,2353.5971347321533,2353.613165659988,-0.1,9.793,0.2,9.710845360824743,long_nclose,1.9421690721649487,0.0008251918068322995,4.0
1701978900000.0,1134240,1701978900000.0,0.00821546391752559,-0.00019586,2353.605154336071,2353.6152697999883,-0.1,9.793,0.1,9.710845360824743,long_nclose,0.9710845360824744,0.00041259449754918974,1.0
1701981600000.0,1134285,1701981600000.0,0.00821546391752559,-0.00019586,2353.6131739399884,2353.6131739399884,-0.1,9.793,0.0,9.710845360824743,long_nclose,0.0,0.0,45.0
1702141560000.0,1136951,1702141560000.0,0.0,-0.018793240000000003,2353.5943806999885,2354.1283806999886,8.9,10.558,8.9,10.558,long_ientry_normal,93.9662,0.039924551473501255,2666.0
1702145880000.0,1137023,1702145880000.0,0.25810000000000116,-0.00617526,2353.8463054399886,2354.3203054399887,-2.9,10.647,6.0,10.558,long_nclose,63.348,0.02691254728636957,72.0
1702146000000.0,1137025,1702146000000.0,0.17800000000000082,-0.0042588,2354.0200466399883,2354.4000466399884,-2.0,10.647,4.0,10.558,long_nclose,42.232,0.01794037398291483,2.0
1702146540000.0,1137034,1702146540000.0,0.11570000000000054,-0.0027682200000000005,2354.1329784199884,2354.3732784199883,-1.3,10.647,2.7,10.558,long_nclose,28.506600000000002,0.012109171512958726,9.0
1702146600000.0,1137035,1702146600000.0,0.08010000000000038,-0.00191646,2354.2111619599887,2354.4037619599885,-0.9,10.647,1.8,10.558,long_nclose,19.0044,0.008072512910939546,1.0
1702146780000.0,1137038,1702146780000.0,0.053400000000000246,-0.00127764,2354.2632843199885,2354.3748843199887,-0.6,10.647,1.2,10.558,long_nclose,12.669599999999999,0.005381556126021614,3.0
1702153980000.0,1137158,1702153980000.0,0.035600000000000166,-0.00085176,2354.2980325599888,2354.366832559989,-0.4,10.647,0.8,10.558,long_nclose,8.4464,0.00358765113132922,120.0
1702154100000.0,1137160,1702154100000.0,0.017800000000000083,-0.00042588,2354.315406679989,2354.3832066799887,-0.2,10.647,0.6,10.558,long_nclose,6.3347999999999995,0.0026907184916795898,2.0
1702156680000.0,1137203,1702156680000.0,0.017800000000000083,-0.00042588,2354.332780799989,2354.370780799989,-0.2,10.647,0.4,10.558,long_nclose,4.2232,0.0017937990901035583,43.0
1702157160000.0,1137211,1702157160000.0,0.008900000000000042,-0.00021294,2354.341467859989,2354.370267859989,-0.1,10.647,0.3,10.558,long_nclose,3.1673999999999998,0.0013453443535015556,8.0
1702164240000.0,1137329,1702164240000.0,0.008900000000000042,-0.00021294,2354.3501549199887,2354.363754919989,-0.1,10.647,0.2,10.558,long_nclose,2.1116,0.0008968929263080503,118.0
1702164300000.0,1137330,1702164300000.0,0.008900000000000042,-0.00021294,2354.3588419799885,2354.3684419799883,-0.1,10.647,0.1,10.558,long_nclose,1.0558,0.0004484448084864092,1.0
1702164720000.0,1137337,1702164720000.0,0.0,-0.01855568,2354.3402862999883,2354.463386299988,8.8,10.543,8.9,10.543168539325842,long_ientry_partial,93.8342,0.03985583585602532,7.0
1702171800000.0,1137455,1702171800000.0,0.25761123595505636,-0.00616656,2354.5917309759434,2355.1787197399885,-2.9,10.632,6.0,10.543168539325842,long_nclose,63.25901123595506,0.0268662334976158,118.0
1702184040000.0,1137659,1702184040000.0,0.17766292134831474,-0.0042528,2354.7651410972917,2355.1604669399885,-2.0,10.632,4.0,10.543168539325842,long_nclose,42.17267415730337,0.017909503339110677,204.0
1702185480000.0,1137683,1702185480000.0,0.11548089887640459,-0.0027643200000000002,2354.877857676168,2355.120402619988,-1.3,10.632,2.7,10.543168539325842,long_nclose,28.466555056179775,0.012088336116197142,24.0
1702185660000.0,1137686,1702185660000.0,0.07994831460674164,-0.00191376,2354.955892230774,2355.117588859988,-0.9,10.632,1.8,10.543168539325842,long_nclose,18.977703370786518,0.008058623702208514,3.0
1702186260000.0,1137696,1702186260000.0,0.05329887640449442,-0.00127584,2355.0079152671788,2355.1193130199877,-0.6,10.632,1.2,10.543168539325842,long_nclose,12.65180224719101,0.005372297122727779,10.0
1702186440000.0,1137699,1702186440000.0,0.03553258426966295,-0.00085056,2355.0425972914486,2355.122462459988,-0.4,10.632,0.8,10.543168539325842,long_nclose,8.434534831460674,0.0035814786709850994,3.0
1702192740000.0,1137804,1702192740000.0,0.0,-0.017265660000000002,2355.025331631449,2354.975296799988,8.3,10.401,9.1,10.413498333127547,long_ientry_partial,94.76283483146068,0.04023856285478404,105.0
1702202340000.0,1137964,1702202340000.0,0.0,-0.018880860000000003,2355.0064507714487,2352.120915939988,9.3,10.151,18.4,10.28082254518808,long_rentry,189.16713483146066,0.08032552724834092,160.0
1702213440000.0,1138149,1702213440000.0,0.5317824743527131,-0.01264896,2355.5255842858014,2356.573266979988,-6.1,10.368,12.3,10.28082254518808,long_nclose,126.4541173058134,0.05368403474341989,185.0
1702215960000.0,1138191,1702215960000.0,0.3574275647288727,-0.00850176,2355.8745100905303,2356.613965219988,-4.1,10.368,8.2,10.28082254518808,long_nclose,84.30274487054226,0.03578405577608746,42.0
1702216080000.0,1138193,1702216080000.0,0.23537912799218452,-0.0055987200000000015,2356.1042904985225,2356.660766499988,-2.7,10.368,5.5,10.28082254518808,long_nclose,56.544523998534444,0.02399916006543595,2.0
1702217040000.0,1138209,1702217040000.0,0.15691941866145634,-0.0037324800000000007,2356.2574774371838,2356.642934019988,-1.8,10.368,3.7,10.28082254518808,long_nclose,38.0390434171959,0.016143839873802582,16.0
1702218900000.0,1138240,1702218900000.0,0.10461294577430422,-0.00248832,2356.359602062958,2356.587545699988,-1.2,10.368,2.5,10.28082254518808,long_nclose,25.7020563629702,0.010907527162012296,31.0
1702219260000.0,1138246,1702219260000.0,0.06974196384953615,-0.0016588800000000004,2356.4276851468076,2356.5571868199877,-0.8,10.368,1.7,10.28082254518808,long_nclose,17.477398326819735,0.007416904171082542,6.0
1702219380000.0,1138248,1702219380000.0,0.04358872740596009,-0.0010368,2356.470237074214,2356.594050019988,-0.5,10.368,1.2,10.28082254518808,long_nclose,12.336987054225697,0.005235367228547415,2.0
1702225860000.0,1138356,1702225860000.0,0.03487098192476808,-0.0008294400000000002,2356.5042786161384,2356.584420579988,-0.4,10.368,0.8,10.28082254518808,long_nclose,8.224658036150464,0.0034901943997234794,108.0
1702226220000.0,1138362,1702226220000.0,0.01743549096238404,-0.0004147200000000001,2356.5212993871005,2356.5802058599875,-0.2,10.368,0.6,10.28082254518808,long_nclose,6.168493527112848,0.002617626892961753,6.0
1702226760000.0,1138371,1702226760000.0,0.01743549096238404,-0.0004147200000000001,2356.5383201580626,2356.576391139987,-0.2,10.368,0.4,10.28082254518808,long_nclose,4.112329018075232,0.0017450719909360105,9.0
1702228560000.0,1138401,1702228560000.0,0.00871774548119202,-0.00020736000000000005,2356.546830543544,2356.5756837799872,-0.1,10.368,0.3,10.28082254518808,long_nclose,3.084246763556424,0.0013087992666137827,30.0
1702229040000.0,1138409,1702229040000.0,0.00871774548119202,-0.00020736000000000005,2356.555340929025,2356.5739764199875,-0.1,10.368,0.2,10.28082254518808,long_nclose,2.056164509037616,0.0008725296933731308,8.0
1702231260000.0,1138446,1702231260000.0,0.00871774548119202,-0.00020736000000000005,2356.5638513145063,2356.5726690599877,-0.1,10.368,0.1,10.28082254518808,long_nclose,1.028082254518808,0.0004362632711799161,37.0
1702241340000.0,1138614,1702241340000.0,0.02871774548119195,-0.00021136,2356.5923576999876,2356.5923576999876,-0.1,10.568,0.0,10.28082254518808,long_nclose,0.0,0.0,168.0
1702260600000.0,1138935,1702260600000.0,0.0,-0.018804240000000003,2356.5735534599876,2356.5371534599876,9.1,10.332,9.1,10.332,long_ientry_normal,94.02120000000001,0.039897417953263306,321.0
1702260720000.0,1138937,1702260720000.0,0.0,-0.018935360000000002,2356.5546180999877,2343.3846180999876,9.4,10.072,18.5,10.199891891891891,long_rentry,188.69799999999998,0.08007367983354485,2.0
1702260720000.0,1138937,1702260720000.0,0.0,-0.018766300000000003,2356.5358517999875,2339.6703517999877,9.5,9.877,28.0,10.090339285714286,long_rentry,282.5295,0.11989187424591742,0.0
1702260720000.0,1138937,1702260720000.0,0.0,-0.0265917,2356.5092600999874,2336.6708600999873,13.7,9.705,41.7,9.963741007194244,long_rentry,415.488,0.17631502962240458,0.0
1702260720000.0,1138937,1702260720000.0,0.0,-0.03872736,2356.4705327399874,2336.5505327399874,20.4,9.492,62.1,9.808772946859904,long_rentry,609.1248,0.2584903106306786,0.0
1702260780000.0,1138938,1702260780000.0,0.0,-0.05601503999999999,2356.4145176999873,2352.9020176999875,30.4,9.213,92.5,9.612972972972972,long_rentry,889.1999999999999,0.37735296286831427,1.0
1702260840000.0,1138939,1702260840000.0,2.4956324324324735,-0.05971504000000001,2358.85043509242,2365.8859026599876,-30.8,9.694,61.7,9.612972972972972,long_nclose,593.1204324324324,0.25144469679324705,1.0
1702261080000.0,1138943,1702261080000.0,8.255232432432456,-0.06086696000000001,2367.0448005648523,2375.9139356999876,-30.8,9.881,30.9,9.612972972972972,long_nclose,297.04086486486483,0.12549017441240715,4.0
1702261260000.0,1138946,1702261260000.0,4.127616216216228,-0.030433480000000006,2371.1419833010686,2375.9474022199875,-15.4,9.881,15.5,9.612972972972972,long_nclose,149.00108108108108,0.06283937534337104,3.0
1702262520000.0,1138967,1702262520000.0,2.063808108108114,-0.015216740000000003,2373.190574669177,2375.109585479988,-7.7,9.881,7.8,9.612972972972972,long_nclose,74.98118918918918,0.031595098172695874,21.0
1702262640000.0,1138969,1702262640000.0,1.045305405405408,-0.00770718,2374.2281728945823,2375.308578299988,-3.9,9.881,3.9,9.612972972972972,long_nclose,37.49059459459459,0.015790645154752446,2.0
1702262700000.0,1138970,1702262700000.0,0.0,-0.011274600000000001,2374.2168982945823,2375.0381036999875,5.7,9.89,9.6,9.77745777027027,long_ientry_partial,93.8635945945946,0.03953454912313088,1.0
1702263060000.0,1138976,1702263060000.0,0.2641351351351318,-0.0063104,2374.4747230297176,2375.047793299988,-3.2,9.86,6.4,9.77745777027027,long_nclose,62.57572972972974,0.02635350426046484,6.0
1702263120000.0,1138977,1702263120000.0,0.0,-0.006314880000000001,2374.4684081497176,2375.2526784199877,3.2,9.867,9.6,9.807305180180181,long_ientry_partial,94.15012972972974,0.03965103490389049,1.0
1702263180000.0,1138978,1702263180000.0,0.26462342342342143,-0.006329600000000001,2374.726701973141,2375.390348819988,-3.2,9.89,6.4,9.807305180180181,long_nclose,62.76675315315316,0.02643114809843203,1.0
1702263240000.0,1138979,1702263240000.0,0.0,-0.00634304,2374.720358933141,2375.489605779988,3.2,9.911,9.6,9.841870120120122,long_ientry_partial,94.48195315315317,0.03978655962489824,1.0
1702263300000.0,1138980,1702263300000.0,0.266015615615612,-0.006352000000000002,2374.980022548757,2375.4288537799885,-3.2,9.925,6.4,9.841870120120122,long_nclose,62.98796876876878,0.026521473094822917,1.0
1702263360000.0,1138981,1702263360000.0,0.0,-0.006343680000000001,2374.973678868757,2375.144110099988,3.2,9.912,9.6,9.865246746746749,long_ientry_partial,94.70636876876878,0.03987680773535105,1.0
1702264140000.0,1138994,1702264140000.0,0.26801041041040324,-0.006367360000000001,2375.2353219191677,2375.7649427399883,-3.2,9.949,6.4,9.865246746746749,long_nclose,63.1375791791792,0.026581610081549575,13.0
1702264200000.0,1138995,1702264200000.0,0.0,-0.006366720000000001,2375.2289551991676,2375.499376019988,3.2,9.948,9.6,9.892831164497833,long_ientry_partial,94.9711791791792,0.03998401037141941,1.0
1702264560000.0,1139001,1702264560000.0,0.2693402736069345,-0.00638528,2375.4919101927744,2376.120190739988,-3.2,9.977,6.4,9.892831164497833,long_nclose,63.31411945278614,0.026653056228529995,6.0
1702264620000.0,1139002,1702264620000.0,0.0,-0.006194420000000001,2375.4857157727743,2375.885996319988,3.1,9.991,9.5,9.924865205556435,long_ientry_partial,94.28621945278613,0.039691343469987435,1.0
1702265160000.0,1139011,1702265160000.0,0.26081786277505387,-0.0062055800000000005,2375.7403280555495,2376.2979907399886,-3.1,10.009,6.4,9.924865205556435,long_nclose,63.51913731556118,0.026736565678265482,9.0
1702265220000.0,1139012,1702265220000.0,0.0,-0.006207440000000001,2375.7341206155497,2376.3392832999884,3.1,10.012,9.5,9.953298664795915,long_ientry_partial,94.5563373155612,0.039800892067443035,1.0
1702265340000.0,1139014,1702265340000.0,0.25947413913266754,-0.006222940000000001,2375.9873718146823,2376.5422603599886,-3.1,10.037,6.4,9.953298664795915,long_nclose,63.70111145469386,0.026810374587993516,2.0
1702265400000.0,1139015,1702265400000.0,0.0,-0.0062248,2375.9811470146824,2376.4410355599884,3.1,10.04,9.5,9.981590679441458,long_ientry_partial,94.82511145469385,0.03990987536826102,1.0
1702265760000.0,1139021,1702265760000.0,0.2616688937314812,-0.0062409200000000005,2376.236574988414,2376.7767946399886,-3.1,10.066,6.4,9.981590679441458,long_nclose,63.88218034842534,0.02688376276202079,6.0
1702265820000.0,1139022,1702265820000.0,0.0,-0.0060396,2376.230535388414,2376.958755039989,3.0,10.066,9.4,10.008529824300567,long_ientry_partial,94.08018034842533,0.03959219400109559,1.0
1702265820000.0,1139022,1702265820000.0,0.12068736896881145,-0.004227720000000001,2376.346995037383,2376.912527319989,-2.1,10.066,7.3,10.008529824300567,long_nclose,73.06226771739414,0.03074562253322974,0.0
1702265880000.0,1139023,1702265880000.0,0.20272842167863983,-0.00484464,2376.5448788190615,2377.0910826799886,-2.4,10.093,4.9,10.008529824300567,long_nclose,49.04179613907278,0.020635754273423332,1.0
1702265940000.0,1139024,1702265940000.0,0.0,-0.009108,2376.5357708190613,2377.1853746799884,4.5,10.12,9.4,10.061893206284338,long_ientry_partial,94.58179613907278,0.039798179055590494,1.0
1702266180000.0,1139028,1702266180000.0,0.2638310605185515,-0.006291140000000001,2376.7933107395797,2377.1467835399885,-3.1,10.147,6.3,10.061893206284338,long_nclose,63.389927199591334,0.02667035745731987,4.0
1702266240000.0,1139029,1702266240000.0,0.0,-0.006273160000000001,2376.7870375795796,2377.1875103799885,3.1,10.118,9.4,10.080396510594822,long_ientry_partial,94.75572719959133,0.03986715078019215,1.0
1702266900000.0,1139040,1702266900000.0,0.2653708171560533,-0.006302920000000001,2377.0461054767356,2377.5602074599883,-3.1,10.166,6.3,10.080396510594822,long_nclose,63.50649801674738,0.026716561311296332,11.0
1702266960000.0,1139041,1702266960000.0,0.1797673277508748,-0.00426972,2377.2216030844866,2377.5349377399884,-2.1,10.166,4.2,10.080396510594822,long_nclose,42.337665344498255,0.017809725979927322,1.0
1702267020000.0,1139042,1702267020000.0,0.0,-0.0105456,2377.2110574844864,2377.470792139988,5.2,10.14,9.4,10.113368653670026,long_ientry_partial,95.06566534449824,0.039990418623197334,1.0
1702267020000.0,1139042,1702267020000.0,0.07368388486196409,-0.00284648,2377.2818948893487,2377.5029456599887,-1.4,10.166,8.0,10.113368653670026,long_nclose,80.90694922936021,0.03403338468327756,0.0
1702267560000.0,1139051,1702267560000.0,0.22264150045793193,-0.005303480000000001,2377.499232909807,2378.0372421799884,-2.6,10.199,5.4,10.113368653670026,long_nclose,54.612190729818145,0.022970434637313686,9.0
1702268100000.0,1139060,1702268100000.0,0.1541364233939529,-0.0036716400000000003,2377.649697693201,2378.029970539989,-1.8,10.199,3.6,10.113368653670026,long_nclose,36.40812715321209,0.015312653999676787,9.0
1702268460000.0,1139066,1702268460000.0,0.10275761559596859,-0.00244776,2377.750007548797,2377.9051227799887,-1.2,10.199,2.4,10.113368653670026,long_nclose,24.27208476880806,0.010208005337714184,6.0
1702268520000.0,1139067,1702268520000.0,0.06850507706397906,-0.00163184,2377.816880785861,2377.917090939989,-0.8,10.199,1.6,10.113368653670026,long_nclose,16.181389845872044,0.006805145499902476,1.0
1702268640000.0,1139069,1702268640000.0,0.0,-0.01579656,2377.801084225861,2377.868294379989,7.8,10.126,9.4,10.123849983603408,long_ientry_partial,95.16418984587204,0.040021930546328514,2.0
1702276680000.0,1139203,1702276680000.0,0.0,-0.01894848,2377.782135745861,2375.462545899989,9.6,9.869,19.0,9.995083676098528,long_rentry,189.90658984587202,0.07986711103214772,134.0
1702296060000.0,1139526,1702296060000.0,0.5349728405792769,-0.0127008,2378.3044077864406,2379.3828450999895,-6.3,10.08,12.7,9.995083676098528,long_nclose,126.93756268645129,0.053373135192814065,323.0
1702296120000.0,1139527,1702296120000.0,0.3566485603861846,-0.008467200000000001,2378.652589146827,2379.3063778999895,-4.2,10.08,8.5,9.995083676098528,long_nclose,84.95821124683748,0.03571694817245684,1.0
1702296300000.0,1139530,1702296300000.0,0.23776570692412305,-0.005644799999999999,2378.884710053751,2379.2832330999895,-2.8,10.08,5.7,9.995083676098528,long_nclose,56.97197695376161,0.023949028178197978,3.0
1702296360000.0,1139531,1702296360000.0,0.1613410154127978,-0.0038304,2379.0422206691637,2379.3497026999894,-1.9,10.08,3.8,9.995083676098528,long_nclose,37.981317969174405,0.015964961714084767,1.0
1702296600000.0,1139535,1702296600000.0,0.10189958868176703,-0.0024192000000000003,2379.1417010578452,2379.3312834999892,-1.2,10.08,2.6,9.995083676098528,long_nclose,25.987217557856173,0.010922938110958836,4.0
1702296780000.0,1139538,1702296780000.0,0.06793305912117802,-0.0016128000000000002,2379.208021316966,2379.357270699989,-0.8,10.08,1.8,9.995083676098528,long_nclose,17.99115061697735,0.007561823285640524,3.0
1702296900000.0,1139540,1702296900000.0,0.050949794340883515,-0.0012096000000000001,2379.257761511307,2379.3740610999885,-0.6,10.08,1.2,9.995083676098528,long_nclose,11.994100411318232,0.0050411101333129905,2.0
1702297320000.0,1139547,1702297320000.0,0.03396652956058901,-0.0008064000000000001,2379.2909216408675,2379.3628546999885,-0.4,10.08,0.8,9.995083676098528,long_nclose,7.996066940878823,0.003360693250308529,7.0
1702297440000.0,1139549,1702297440000.0,0.016983264780294504,-0.00040320000000000004,2379.3075017056476,2379.3638514999884,-0.2,10.08,0.6,9.995083676098528,long_nclose,5.997050205659116,0.002520502373636038,2.0
1702297680000.0,1139553,1702297680000.0,0.016983264780294504,-0.00040320000000000004,2379.3240817704277,2379.349248299988,-0.2,10.08,0.4,9.995083676098528,long_nclose,3.9980334704394114,0.0016803232065236446,4.0
1702297800000.0,1139555,1702297800000.0,0.008491632390147252,-0.00020160000000000002,2379.332371802818,2379.355146699989,-0.1,10.08,0.3,9.995083676098528,long_nclose,2.998525102829558,0.001260238013975987,2.0
1702297860000.0,1139556,1702297860000.0,0.008491632390147252,-0.00020160000000000002,2379.3406618352087,2379.3530450999892,-0.1,10.08,0.2,9.995083676098528,long_nclose,1.9990167352197057,0.0008401557487265588,1.0
1702302420000.0,1139632,1702302420000.0,0.0,-0.018715000000000002,2379.3219468352086,2379.292930099989,9.5,9.85,9.7,9.852991416002032,long_ientry_partial,95.5740167352197,0.04016859377199665,76.0
1702302840000.0,1139639,1702302840000.0,0.26562746879349675,-0.006359040000000001,2379.581215264002,2380.0752710599886,-3.2,9.936,6.5,9.852991416002032,long_nclose,64.0444442040132,0.026914166153773327,7.0
1702302900000.0,1139640,1702302900000.0,0.17431802639573224,-0.004173120000000001,2379.7513601703977,2380.1341979399886,-2.1,9.936,4.4,9.852991416002032,long_nclose,43.35316223040895,0.018217517575997825,1.0
1702303260000.0,1139646,1702303260000.0,0.11621201759715481,-0.00278208,2379.864790107995,2380.158815859989,-1.4,9.936,3.0,9.852991416002032,long_nclose,29.558974248006095,0.012420442695261167,6.0
1702303500000.0,1139650,1702303500000.0,0.08300858399796773,-0.0019872,2379.945811491993,2380.061828659989,-1.0,9.936,2.0,9.852991416002032,long_nclose,19.705982832004064,0.008280013240994904,4.0
1702303740000.0,1139654,1702303740000.0,0.04980515039878064,-0.00119232,2379.9944243223918,2380.103636339989,-0.6,9.936,1.4,9.852991416002032,long_nclose,13.794187982402844,0.0057958908816898545,4.0
1702303800000.0,1139655,1702303800000.0,0.03320343359918709,-0.0007948800000000001,2380.026832875991,2380.104841459989,-0.4,9.936,1.0,9.852991416002032,long_nclose,9.852991416002032,0.00413986568550398,1.0
1702304340000.0,1139664,1702304340000.0,0.0,-0.01711464,2380.0097182359914,2380.3031268199893,8.7,9.836,9.7,9.837751692371343,long_ientry_partial,95.42619141600203,0.040094874690986444,9.0
1702312680000.0,1139803,1702312680000.0,0.2663945844116995,-0.0063494400000000005,2380.2697633804028,2380.836877379989,-3.2,9.921,6.5,9.837751692371343,long_nclose,63.945386000413734,0.026864764231428966,139.0
1702313100000.0,1139810,1702313100000.0,0.1748214460201778,-0.00416682,2380.440418006423,2380.780310559989,-2.1,9.921,4.4,9.837751692371343,long_nclose,43.28610744643392,0.018184075148028812,7.0
1702313940000.0,1139824,1702313940000.0,0.11654763068011852,-0.00277788,2380.554187757103,2380.8189326799893,-1.4,9.921,3.0,9.837751692371343,long_nclose,29.51325507711403,0.0123976405279481,14.0
1702314120000.0,1139827,1702314120000.0,0.08324830762865609,-0.0019841999999999998,2380.6354518647317,2380.787948479989,-1.0,9.921,2.0,9.837751692371343,long_nclose,19.675503384742687,0.00826481155244959,3.0
1702314180000.0,1139828,1702314180000.0,0.049948984577193656,-0.00119052,2380.684210329309,2380.781157959989,-0.6,9.921,1.4,9.837751692371343,long_nclose,13.77285236931988,0.005785249597389797,1.0
1702316640000.0,1139869,1702316640000.0,0.0,-0.01635816,2380.667852169309,2380.507199799989,8.4,9.737,9.8,9.751393098910192,long_ientry_partial,95.5636523693199,0.040141530991919146,41.0
1702319220000.0,1139912,1702319220000.0,0.0,-0.019012,2380.6488401693086,2379.4319877999887,10.0,9.506,19.8,9.627457190369691,long_rentry,190.6236523693199,0.08007214216262278,43.0
1702328880000.0,1140073,1702328880000.0,0.5381825435600351,-0.01281588,2381.174206832869,2382.184571919989,-6.6,9.709,13.2,9.627457190369691,long_nclose,127.08243491287992,0.05336965038014106,161.0
1702328940000.0,1140074,1702328940000.0,0.3587883623733568,-0.00854392,2381.524451275242,2382.2420279999887,-4.4,9.709,8.8,9.627457190369691,long_nclose,84.7216232752533,0.03557453429877117,1.0
1702329000000.0,1140075,1702329000000.0,0.23647414792789423,-0.00563122,2381.75529420317,2382.2422967799885,-2.9,9.709,5.9,9.627457190369691,long_nclose,56.801997423181184,0.023848796541537497,1.0
1702329120000.0,1140077,1702329120000.0,0.15493133829758587,-0.00368942,2381.9065361214675,2382.2327073599886,-1.9,9.709,4.0,9.627457190369691,long_nclose,38.509828761478765,0.016167648972568636,2.0
1702329240000.0,1140079,1702329240000.0,0.10600565251940086,-0.0025243400000000004,2382.010017433987,2382.2463830199886,-1.3,9.709,2.7,9.627457190369691,long_nclose,25.994134413998168,0.010912688957538589,2.0
1702329660000.0,1140086,1702329660000.0,0.07338852866727752,-0.0017476199999999999,2382.081658342654,2382.2212353999885,-0.9,9.709,1.8,9.627457190369691,long_nclose,17.329422942665445,0.007274907172881086,7.0
1702329720000.0,1140087,1702329720000.0,0.04892568577818501,-0.00116508,2382.129418948432,2382.2428703199885,-0.6,9.709,1.2,9.627457190369691,long_nclose,11.552948628443628,0.00484984087621216,1.0
1702334880000.0,1140173,1702334880000.0,0.1611256857781857,-0.0011875200000000003,2382.2893571142104,2382.4282827999887,-0.6,9.896,0.6,9.627457190369691,long_nclose,5.776474314221814,0.002424757637845956,86.0
1702340280000.0,1140263,1702340280000.0,0.08056284288909285,-0.0005937600000000001,2382.3693261970993,2382.4513890399885,-0.3,9.896,0.3,9.627457190369691,long_nclose,2.888237157110907,0.001212338122956489,90.0
1702341300000.0,1140280,1702341300000.0,0.026854280963030955,-0.00019792000000000003,2382.3959825580623,2382.4520911199884,-0.1,9.896,0.2,9.627457190369691,long_nclose,1.9254914380739383,0.0008082163721609665,17.0
1702346640000.0,1140369,1702346640000.0,0.09110856192606179,-0.00040332000000000003,2382.4866877999884,2382.4866877999884,-0.2,10.083,0.0,9.627457190369691,long_nclose,0.0,0.0,89.0
1702434000000.0,1141825,1702434000000.0,0.0,-0.018961279999999997,2382.4677265199884,2382.9493265199885,8.6,11.024,8.6,11.024,long_ientry_normal,94.80639999999998,0.03979336170840028,1456.0
1702434060000.0,1141826,1702434060000.0,0.2604000000000049,-0.006225520000000001,2382.7219009999885,2383.0583009999887,-2.8,11.117,5.8,11.024,long_nclose,63.93919999999999,0.02683452062666893,1.0
1702434240000.0,1141829,1702434240000.0,0.0,-0.00617344,2382.7157275599884,2382.5007275599883,2.8,11.024,8.6,11.023999999999997,long_ientry_partial,94.80639999999997,0.03978921988192277,3.0
1702434540000.0,1141834,1702434540000.0,0.26040000000000985,-0.006225520000000001,2382.9699020399885,2383.4339020399884,-2.8,11.117,5.8,11.023999999999997,long_nclose,63.939199999999985,0.02683172789772274,5.0
1702434600000.0,1141835,1702434600000.0,0.17670000000000669,-0.00422446,2383.1423775799885,2383.4738775799888,-1.9,11.117,3.9,11.023999999999997,long_nclose,42.99359999999999,0.01804071817297745,1.0
1702434660000.0,1141836,1702434660000.0,0.12090000000000459,-0.0028904200000000003,2383.2603871599886,2383.4969871599887,-1.3,11.117,2.6,11.023999999999997,long_nclose,28.662399999999995,0.012026549912221523,1.0
1702434720000.0,1141837,1702434720000.0,0.07440000000000282,-0.0017787200000000003,2383.3330084399886,2383.5202084399884,-0.8,11.117,1.8,11.023999999999997,long_nclose,19.843199999999996,0.008325819316784593,1.0
1702435740000.0,1141854,1702435740000.0,0.05580000000000211,-0.00133404,2383.3874743999886,2383.520674399989,-0.6,11.117,1.2,11.023999999999997,long_nclose,13.228799999999996,0.005550419368269236,17.0
1702435920000.0,1141857,1702435920000.0,0.03720000000000141,-0.0008893600000000002,2383.4237850399886,2383.5133850399884,-0.4,11.117,0.8,11.023999999999997,long_nclose,8.819199999999999,0.0037002232063619487,3.0
1702436880000.0,1141873,1702436880000.0,0.12280000000000087,-0.0009064800000000001,2383.5456785599886,2383.6672785599885,-0.4,11.331,0.4,11.023999999999997,long_nclose,4.409599999999999,0.0018500169892544476,16.0
1702437300000.0,1141880,1702437300000.0,0.06140000000000043,-0.00045324000000000004,2383.606625319989,2383.667825319989,-0.2,11.331,0.2,11.023999999999997,long_nclose,2.2047999999999996,0.0009249848429599893,7.0
1702437360000.0,1141881,1702437360000.0,0.030700000000000217,-0.00022662000000000002,2383.6370986999887,2383.6691986999886,-0.1,11.331,0.1,11.023999999999997,long_nclose,1.1023999999999998,0.00046248650878996536,1.0
1702437900000.0,1141890,1702437900000.0,0.030700000000000217,-0.00022662000000000002,2383.6675720799885,2383.6675720799885,-0.1,11.331,0.0,11.023999999999997,long_nclose,0.0,0.0,9.0
1702445580000.0,1142018,1702445580000.0,0.0,-0.01900428,2383.6485677999885,2383.5281677999888,8.6,11.049,8.6,11.049,long_ientry_normal,95.02139999999999,0.039863846241269076,128.0
1702446480000.0,1142033,1702446480000.0,0.2603999999999999,-0.00623952,2383.902728279989,2384.378328279989,-2.8,11.142,5.8,11.049,long_nclose,64.0842,0.026882053214577855,15.0
1702446780000.0,1142038,1702446780000.0,0.17669999999999994,-0.00423396,2384.075194319989,2384.391094319989,-1.9,11.142,3.9,11.049,long_nclose,43.0911,0.018074555744996498,5.0
1702446840000.0,1142039,1702446840000.0,0.12089999999999997,-0.0028969200000000003,2384.193197399989,2384.434997399989,-1.3,11.142,2.6,11.049,long_nclose,28.7274,0.01204910744285648,1.0
1702446900000.0,1142040,1702446900000.0,0.07439999999999998,-0.0017827200000000002,2384.265814679989,2384.3972146799892,-0.8,11.142,1.8,11.049,long_nclose,19.8882,0.008341435706349442,1.0
1702447020000.0,1142042,1702447020000.0,0.05579999999999998,-0.0013370399999999998,2384.320277639989,2384.447477639989,-0.6,11.142,1.2,11.049,long_nclose,13.258799999999999,0.005560830113445841,2.0
1702447200000.0,1142045,1702447200000.0,0.03719999999999999,-0.0008913600000000001,2384.356586279989,2384.423786279989,-0.4,11.142,0.8,11.049,long_nclose,8.8392,0.003707163622615143,3.0
1702447260000.0,1142046,1702447260000.0,0.018599999999999995,-0.00044568000000000006,2384.374740599989,2384.429340599989,-0.2,11.142,0.6,11.049,long_nclose,6.6293999999999995,0.00278035154756413,1.0
1702447380000.0,1142048,1702447380000.0,0.018599999999999995,-0.00044568000000000006,2384.3928949199885,2384.4276949199884,-0.2,11.142,0.4,11.049,long_nclose,4.4196,0.0018535535856595083,2.0
1702447440000.0,1142049,1702447440000.0,0.009299999999999998,-0.00022284000000000003,2384.401972079989,2384.4241720799887,-0.1,11.142,0.3,11.049,long_nclose,3.3146999999999998,0.0013901598970363553,1.0
1702448220000.0,1142062,1702448220000.0,0.009299999999999998,-0.00022284000000000003,2384.411049239989,2384.4304492399892,-0.1,11.142,0.2,11.049,long_nclose,2.2098,0.0009267697365789154,13.0
1702448760000.0,1142071,1702448760000.0,0.009299999999999998,-0.00022284000000000003,2384.4201263999894,2384.4278263999895,-0.1,11.142,0.1,11.049,long_nclose,1.1049,0.00046338310424689464,9.0
1702449180000.0,1142078,1702449180000.0,0.009299999999999998,-0.00022284000000000003,2384.4292035599897,2384.4292035599897,-0.1,11.142,0.0,11.049,long_nclose,0.0,0.0,7.0
1702449480000.0,1142083,1702449480000.0,0.0,-0.01898536,2384.4102181999897,2384.5048181999896,8.6,11.038,8.6,11.038,long_ientry_normal,94.9268,0.039811438180994294,5.0
1702450800000.0,1142105,1702450800000.0,0.0,-0.01915458,2384.39106361999,2383.65386361999,8.9,10.761,17.5,10.897125714285714,long_rentry,190.6997,0.07997836550791258,22.0
1702451220000.0,1142112,1702451220000.0,0.5328708571428628,-0.012747240000000002,2384.9111872371327,2385.93931637999,-5.8,10.989,11.7,10.897125714285714,long_nclose,127.49637085714285,0.053459588574803325,7.0
1702451280000.0,1142113,1702451280000.0,0.35830971428571806,-0.008571420000000001,2385.2609255314183,2385.9853449599896,-3.9,10.989,7.8,10.897125714285714,long_nclose,84.99758057142857,0.035634500050551805,1.0
1702451460000.0,1142116,1702451460000.0,0.2388731428571454,-0.005714280000000001,2385.4940843942754,2385.9666306799895,-2.6,10.989,5.2,10.897125714285714,long_nclose,56.66505371428571,0.023754011416328494,3.0
1702451520000.0,1142117,1702451520000.0,0.0,-0.0076916,2385.4863927942756,2385.65443907999,3.5,10.988,8.7,10.93368433497537,long_ientry_partial,95.1230537142857,0.039875747772705535,1.0
1702452300000.0,1142130,1702452300000.0,0.2677154285714275,-0.00639508,2385.7477131428473,2386.25414399999,-2.9,11.026,5.8,10.93368433497537,long_nclose,63.415369142857145,0.0265809200166087,13.0
1702452360000.0,1142131,1702452360000.0,0.0,-0.0063916,2385.7413215428473,2386.4594523999904,2.9,11.02,8.7,10.962456223316915,long_ientry_partial,95.37336914285714,0.0399764082893864,1.0
1702452360000.0,1142131,1702452360000.0,0.12073317569786166,-0.00418988,2385.857864838545,2386.41916251999,-1.9,11.026,6.8,10.962456223316915,long_nclose,74.54470231855503,0.031244402031300213,0.0
1702452480000.0,1142133,1702452480000.0,0.20359630870278703,-0.004864200000000001,2386.0565969472477,2386.42709831999,-2.2,11.055,4.6,10.962456223316915,long_nclose,50.427298627257805,0.02113415863302453,2.0
1702452600000.0,1142135,1702452600000.0,0.1388156650246275,-0.0033165,2386.1920961122723,2386.46658181999,-1.5,11.055,3.1,10.962456223316915,long_nclose,33.98361429228244,0.014241776405030672,2.0
1702452660000.0,1142136,1702452660000.0,0.092543776683085,-0.002211,2386.2824288889556,2386.43057081999,-1.0,11.055,2.1,10.962456223316915,long_nclose,23.021158068965523,0.009647289771849886,1.0
1702452780000.0,1142138,1702452780000.0,0.0,-0.014543760000000001,2386.2678851289556,2386.27142705999,6.6,11.018,8.7,11.004592881490291,long_ientry_partial,95.73995806896552,0.04012121131311779,2.0
1702453860000.0,1142156,1702453860000.0,0.2708806436781579,-0.006436840000000001,2386.532328932634,2386.95229021999,-2.9,11.098,5.8,11.004592881490291,long_nclose,63.826638712643685,0.026744510409037647,18.0
1702453980000.0,1142158,1702453980000.0,0.17747352516844828,-0.004217240000000001,2386.7055852178023,2387.06597297999,-1.9,11.098,3.9,11.004592881490291,long_nclose,42.91791223781213,0.01798207223531326,2.0
1702454040000.0,1142159,1702454040000.0,0.1214292540626225,-0.0028854800000000006,2386.824128991865,2387.11118749999,-1.3,11.098,2.6,11.004592881490291,long_nclose,28.61194149187476,0.011987452759646655,1.0
1702454880000.0,1142173,1702454880000.0,0.0747256948077677,-0.0017756800000000002,2386.8970790066733,2387.052611819991,-0.8,11.098,1.8,11.004592881490291,long_nclose,19.808267186682524,0.008298752116671028,14.0
1702454940000.0,1142174,1702454940000.0,0.05604427110582577,-0.0013317600000000002,2386.951791517779,2387.0902800599906,-0.6,11.098,1.2,11.004592881490291,long_nclose,13.205511457788349,0.0055323745978930845,1.0
1702455540000.0,1142184,1702455540000.0,0.03736284740388385,-0.0008878400000000001,2386.988266525183,2387.088592219991,-0.4,11.098,0.8,11.004592881490291,long_nclose,8.803674305192233,0.0036881933726503105,10.0
1702455780000.0,1142188,1702455780000.0,0.018681423701941924,-0.00044392000000000005,2387.0065040288846,2387.0637482999905,-0.2,11.098,0.6,11.004592881490291,long_nclose,6.6027557288941745,0.002766123895242757,4.0
1702455960000.0,1142191,1702455960000.0,0.018681423701941924,-0.00044392000000000005,2387.024741532586,2387.05650437999,-0.2,11.098,0.4,11.004592881490291,long_nclose,4.401837152596117,0.0018440685075471496,3.0
1702456200000.0,1142195,1702456200000.0,0.009340711850970962,-0.00022196000000000002,2387.033860284437,2387.06638241999,-0.1,11.098,0.3,11.004592881490291,long_nclose,3.3013778644470873,0.0013830460972404043,4.0
1702464180000.0,1142328,1702464180000.0,0.009340711850970962,-0.00022196000000000002,2387.042979036288,2387.06146045999,-0.1,11.098,0.2,11.004592881490291,long_nclose,2.2009185762980583,0.000922027209240542,133.0
1702464240000.0,1142329,1702464240000.0,0.009340711850970962,-0.00022196000000000002,2387.0520977881392,2387.0612384999904,-0.1,11.098,0.1,11.004592881490291,long_nclose,1.1004592881490292,0.00046101184350719583,1.0
1702464300000.0,1142330,1702464300000.0,0.009340711850970962,-0.00022196000000000002,2387.0612165399903,2387.0612165399903,-0.1,11.098,0.0,11.004592881490291,long_nclose,0.0,0.0,1.0
1702467360000.0,1142381,1702467360000.0,0.0,-0.01912434,2387.0420921999903,2387.1290921999903,8.7,10.991,8.7,10.991,long_ientry_normal,95.62169999999999,0.040058656825724986,51.0
1702472940000.0,1142474,1702472940000.0,0.2696999999999999,-0.00642872,2387.3053634799903,2387.7809634799905,-2.9,11.084,5.8,10.991,long_nclose,63.7478,0.02670282611315145,93.0
1702473180000.0,1142478,1702473180000.0,0.17669999999999994,-0.00421192,2387.47785155999,2387.8756515599903,-1.9,11.084,3.9,10.991,long_nclose,42.8649,0.017954051373499383,4.0
1702476540000.0,1142534,1702476540000.0,0.12089999999999997,-0.00288184,2387.59586971999,2387.71546971999,-1.3,11.084,2.6,10.991,long_nclose,28.5766,0.011968775940021784,56.0
1702476780000.0,1142538,1702476780000.0,0.07439999999999998,-0.0017734400000000003,2387.66849627999,2387.85029627999,-0.8,11.084,1.8,10.991,long_nclose,19.7838,0.008285823610280635,4.0
1702476960000.0,1142541,1702476960000.0,0.05579999999999998,-0.00133008,2387.72296619999,2387.88016619999,-0.6,11.084,1.2,10.991,long_nclose,13.1892,0.005523756393309869,3.0
1702477800000.0,1142555,1702477800000.0,0.03719999999999999,-0.0008867200000000001,2387.7592794799903,2387.8352794799903,-0.4,11.084,0.8,10.991,long_nclose,8.7928,0.0036824482583164364,14.0
1702478040000.0,1142559,1702478040000.0,0.018599999999999995,-0.00044336000000000006,2387.77743611999,2387.8416361199897,-0.2,11.084,0.6,10.991,long_nclose,6.5946,0.0027618151927576093,4.0
1702478340000.0,1142564,1702478340000.0,0.018599999999999995,-0.00044336000000000006,2387.7955927599896,2387.8411927599896,-0.2,11.084,0.4,10.991,long_nclose,4.3964,0.0018411961280648474,5.0
1702479300000.0,1142580,1702479300000.0,0.009299999999999998,-0.00022168000000000003,2387.80467107999,2387.82807107999,-0.1,11.084,0.3,10.991,long_nclose,3.2973,0.0013808918459434333,16.0
1702479420000.0,1142582,1702479420000.0,0.009299999999999998,-0.00022168000000000003,2387.8137493999902,2387.83414939999,-0.1,11.084,0.2,10.991,long_nclose,2.1982,0.0009205910639187682,2.0
1702480440000.0,1142599,1702480440000.0,0.030600000000000096,-0.00022594000000000005,2387.8441234599904,2387.8738234599905,-0.1,11.297,0.1,10.991,long_nclose,1.0991,0.00046028967686860653,17.0
1702480500000.0,1142600,1702480500000.0,0.030600000000000096,-0.00022594000000000005,2387.8744975199907,2387.8744975199907,-0.1,11.297,0.0,10.991,long_nclose,0.0,0.0,1.0
1702485480000.0,1142683,1702485480000.0,0.0,-0.019068659999999998,2387.8554288599908,2388.3774288599907,8.7,10.959,8.7,10.959,long_ientry_normal,95.34329999999999,0.039928422318900085,83.0
1702488120000.0,1142727,1702488120000.0,0.2696999999999999,-0.006410159999999999,2388.1187186999905,2388.5479186999905,-2.9,11.052,5.8,10.959,long_nclose,63.5622,0.026616013476332145,44.0
1702488360000.0,1142731,1702488360000.0,0.17669999999999994,-0.00419976,2388.2912189399904,2388.6656189399905,-1.9,11.052,3.9,10.959,long_nclose,42.7401,0.017895681925661308,4.0
1702488540000.0,1142734,1702488540000.0,0.12089999999999997,-0.00287352,2388.4092454199904,2388.6094454199906,-1.3,11.052,2.6,10.959,long_nclose,28.4934,0.011929865057522658,3.0
1702488600000.0,1142735,1702488600000.0,0.07439999999999998,-0.00176832,2388.4818770999905,2388.7356770999904,-0.8,11.052,1.8,10.959,long_nclose,19.7262,0.008258886194251072,1.0
1702491060000.0,1142776,1702491060000.0,0.05579999999999998,-0.00132624,2388.5363508599908,2388.647950859991,-0.6,11.052,1.2,10.959,long_nclose,13.150799999999998,0.005505798559550941,41.0
1702491240000.0,1142779,1702491240000.0,0.03719999999999999,-0.00088416,2388.572666699991,2388.6566666999906,-0.4,11.052,0.8,10.959,long_nclose,8.7672,0.0036704765662886898,3.0
1702492440000.0,1142799,1702492440000.0,0.018599999999999995,-0.00044208,2388.5908246199906,2388.6592246199907,-0.2,11.052,0.6,10.959,long_nclose,6.575399999999999,0.0027528364976643093,20.0
1702493460000.0,1142816,1702493460000.0,0.018599999999999995,-0.00044208,2388.6089825399904,2388.6521825399905,-0.2,11.052,0.4,10.959,long_nclose,4.3836,0.0018352103806201815,17.0
1702494600000.0,1142835,1702494600000.0,0.06120000000000019,-0.00045060000000000006,2388.6697319399905,2388.7339319399903,-0.2,11.265,0.2,10.959,long_nclose,2.1918,0.0009175818534862499,19.0
1702495620000.0,1142852,1702495620000.0,0.030600000000000096,-0.00022530000000000003,2388.7001066399907,2388.7324066399906,-0.1,11.265,0.1,10.959,long_nclose,1.0959,0.0004587850927597279,17.0
1702497120000.0,1142877,1702497120000.0,0.051900000000000016,-0.00022956,2388.7517770799905,2388.7517770799905,-0.1,11.478,0.0,10.959,long_nclose,0.0,0.0,25.0
1702560600000.0,1143935,1702560600000.0,0.0,-0.019089299999999997,2388.7326877799906,2388.3671877799907,8.5,11.229,8.5,11.229,long_ientry_normal,95.44649999999999,0.03995696148349894,1058.0
1702560960000.0,1143941,1702560960000.0,0.2660000000000018,-0.006341439999999999,2388.9923463399905,2389.4996463399907,-2.8,11.324,5.7,11.229,long_nclose,64.00529999999999,0.02679175598785742,6.0
1702561020000.0,1143942,1702561020000.0,0.18050000000000122,-0.00430312,2389.1685432199906,2389.7081432199907,-1.9,11.324,3.8,11.229,long_nclose,42.670199999999994,0.017859853429382355,1.0
1702562340000.0,1143964,1702562340000.0,0.5947000000000011,-0.00438596,2389.7588572599907,2390.349757259991,-1.9,11.542,1.9,11.229,long_nclose,21.335099999999997,0.008927720859862001,22.0
1702563600000.0,1143985,1702563600000.0,0.28170000000000056,-0.00207756,2390.0384796999906,2390.3694796999907,-0.9,11.542,1.0,11.229,long_nclose,11.229,0.0046982507166200595,21.0
1702564080000.0,1143993,1702564080000.0,0.1565000000000003,-0.0011542,2390.1938254999905,2390.3453254999904,-0.5,11.542,0.5,11.229,long_nclose,5.6145,0.002348972681671762,8.0
1702564200000.0,1143995,1702564200000.0,0.06260000000000013,-0.00046168000000000007,2390.2559638199905,2390.3471638199903,-0.2,11.542,0.3,11.229,long_nclose,3.3686999999999996,0.0014093469699438831,2.0
1702564260000.0,1143996,1702564260000.0,0.031300000000000064,-0.00023084000000000003,2390.2870329799907,2390.3530329799905,-0.1,11.542,0.2,11.229,long_nclose,2.2458,0.0009395524340857686,1.0
1702564440000.0,1143999,1702564440000.0,0.031300000000000064,-0.00023084000000000003,2390.318102139991,2390.3497021399908,-0.1,11.542,0.1,11.229,long_nclose,1.1229,0.0004697701109298784,3.0
1702565220000.0,1144012,1702565220000.0,0.031300000000000064,-0.00023084000000000003,2390.349171299991,2390.349171299991,-0.1,11.542,0.0,11.229,long_nclose,0.0,0.0,13.0
1702606140000.0,1144694,1702606140000.0,0.0,-0.019142,2390.330029299991,2390.338529299991,8.5,11.26,8.5,11.26,long_ientry_normal,95.71,0.04004049600967809,682.0
1702654500000.0,1145500,1702654500000.0,0.0,-0.01909998,2390.310929319991,2387.802229319991,8.7,10.977,17.2,11.116854651162791,long_rentry,191.2099,0.07999373539843056,806.0
1702657500000.0,1145550,1702657500000.0,0.5366284883720915,-0.012780540000000002,2390.834777268363,2392.0784487799906,-5.7,11.211,11.5,11.116854651162791,long_nclose,127.8438284883721,0.05347246480764324,50.0
1702658700000.0,1145570,1702658700000.0,0.35775232558139436,-0.00852036,2391.184009233944,2391.8781284199904,-3.8,11.211,7.7,11.116854651162791,long_nclose,85.5997808139535,0.03579807345791712,20.0
1702660080000.0,1145593,1702660080000.0,0.2353633720930226,-0.0056055,2391.413767106037,2391.9501229199905,-2.5,11.211,5.2,11.116854651162791,long_nclose,57.80764418604652,0.024172999662874017,23.0
1702661160000.0,1145611,1702661160000.0,0.8063779069767417,-0.00594204,2392.214202973014,2392.945180879991,-2.6,11.427,2.6,11.116854651162791,long_nclose,28.90382209302326,0.012082455683567948,18.0
1702663020000.0,1145642,1702663020000.0,0.40318895348837086,-0.00297102,2392.6144209065023,2393.0033098599906,-1.3,11.427,1.3,11.116854651162791,long_nclose,14.45191104651163,0.006040217312171912,31.0
1702663380000.0,1145648,1702663380000.0,0.186087209302325,-0.00137124,2392.799136875805,2393.016938619991,-0.6,11.427,0.7,11.116854651162791,long_nclose,7.781798255813953,0.003252173630409437,6.0
1702663500000.0,1145650,1702663500000.0,0.0930436046511625,-0.00068562,2392.891494860456,2393.016352999991,-0.3,11.427,0.4,11.116854651162791,long_nclose,4.446741860465116,0.001858313203927549,2.0
1702663620000.0,1145652,1702663620000.0,0.06202906976744167,-0.00045708000000000006,2392.9530668502234,2393.011695919991,-0.2,11.427,0.2,11.116854651162791,long_nclose,2.223370930232558,0.000929132694256774,2.0
1702664520000.0,1145667,1702664520000.0,0.031014534883720836,-0.00022854000000000003,2392.983852845107,2393.0160673799905,-0.1,11.427,0.1,11.116854651162791,long_nclose,1.111685465116279,0.00046456037043231827,15.0
1702665600000.0,1145685,1702665600000.0,0.031014534883720836,-0.00022854000000000003,2393.0146388399903,2393.0146388399903,-0.1,11.427,0.0,11.116854651162791,long_nclose,0.0,0.0,18.0
1702679160000.0,1145911,1702679160000.0,0.0,-0.019050720000000004,2392.9955881199903,2393.09018811999,8.6,11.076,8.6,11.076,long_ientry_normal,95.2536,0.03980517159032212,226.0
1702686960000.0,1146041,1702686960000.0,0.0,-0.019220440000000002,2392.9763676799903,2389.50056767999,8.9,10.798,17.5,10.934617142857142,long_rentry,191.3558,0.07996560374957692,130.0
1702694700000.0,1146170,1702694700000.0,0.5358205714285699,-0.01279132,2393.499396931419,2394.6036763599905,-5.8,11.027,11.7,10.934617142857142,long_nclose,127.93502057142855,0.053451035222923965,129.0
1702695000000.0,1146175,1702695000000.0,0.3602931428571418,-0.00860106,2393.8510890142766,2394.727675299991,-3.9,11.027,7.8,10.934617142857142,long_nclose,85.2900137142857,0.03562878831757486,5.0
1702706340000.0,1146364,1702706340000.0,1.1909931428571456,-0.0087672,2395.033314957134,2396.259408099991,-3.9,11.24,3.9,10.934617142857142,long_nclose,42.64500685714285,0.01780560069491397,189.0
1702706460000.0,1146366,1702706460000.0,0.5802274285714298,-0.0042712,2395.6092711857054,2396.216036899991,-1.9,11.24,2.0,10.934617142857142,long_nclose,21.869234285714285,0.009128881971178096,2.0
1702706520000.0,1146367,1702706520000.0,0.30538285714285784,-0.002248,2395.9124060428485,2396.2097888999915,-1.0,11.24,1.0,10.934617142857142,long_nclose,10.934617142857142,0.004563863484857963,1.0
1702706760000.0,1146371,1702706760000.0,0.15269142857142892,-0.001124,2396.06397347142,2396.2171648999915,-0.5,11.24,0.5,10.934617142857142,long_nclose,5.467308571428571,0.0022817873946443627,4.0
1702706940000.0,1146374,1702706940000.0,0.06107657142857157,-0.0004496000000000001,2396.1246004428485,2396.2168152999916,-0.2,11.24,0.3,10.934617142857142,long_nclose,3.2803851428571424,0.0013690377963862421,3.0
1702708860000.0,1146406,1702708860000.0,0.030538285714285785,-0.00022480000000000004,2396.1549139285626,2396.215990499991,-0.1,11.24,0.2,10.934617142857142,long_nclose,2.1869234285714287,0.0009126803178956018,32.0
1702708920000.0,1146407,1702708920000.0,0.030538285714285785,-0.00022480000000000004,2396.1852274142766,2396.2146656999907,-0.1,11.24,0.1,10.934617142857142,long_nclose,1.0934617142857144,0.00045633438591292415,1.0
1702708980000.0,1146408,1702708980000.0,0.030538285714285785,-0.00022480000000000004,2396.2155408999906,2396.2155408999906,-0.1,11.24,0.0,10.934617142857142,long_nclose,0.0,0.0,1.0
1702792260000.0,1147796,1702792260000.0,0.0,-0.01907976,2396.196461139991,2396.1628611399906,8.4,11.357,8.4,11.357,long_ientry_normal,95.3988,0.03981259531391429,1388.0
1702793340000.0,1147814,1702793340000.0,0.2688000000000002,-0.00641368,2396.4588474599905,2396.9964474599906,-2.8,11.453,5.6,11.357,long_nclose,63.59919999999999,0.026538824176934588,18.0
1702793400000.0,1147815,1702793400000.0,0.17280000000000015,-0.00412308,2396.62752437999,2396.90872437999,-1.8,11.453,3.8,11.357,long_nclose,43.1566,0.018007220379881374,1.0
1702794180000.0,1147828,1702794180000.0,0.1152000000000001,-0.00274872,2396.7399756599903,2397.00517565999,-1.2,11.453,2.6,11.357,long_nclose,29.5282,0.012320151664290915,13.0
1702794900000.0,1147840,1702794900000.0,0.0,-0.013164840000000002,2396.72681081999,2396.67241081999,5.8,11.349,8.4,11.351476190476191,long_ientry_partial,95.3524,0.03978442581337719,12.0
1702796220000.0,1147862,1702796220000.0,0.2674666666666624,-0.006410319999999999,2396.9878671666565,2397.5564004999896,-2.8,11.447,5.6,11.351476190476191,long_nclose,63.568266666666666,0.026520061923303397,22.0
1702804860000.0,1148006,1702804860000.0,0.8862666666666627,-0.006534079999999999,2397.8675997533232,2398.76226641999,-2.8,11.668,2.8,11.351476190476191,long_nclose,31.784133333333333,0.013255166105335872,144.0
1702805820000.0,1148022,1702805820000.0,0.4431333333333313,-0.0032670399999999997,2398.3074660466564,2398.7575993799896,-1.4,11.668,1.4,11.351476190476191,long_nclose,15.892066666666667,0.006626367507775379,16.0
1702805940000.0,1148024,1702805940000.0,0.22156666666666566,-0.0016335199999999999,2398.527399193323,2398.75876585999,-0.7,11.668,0.7,11.351476190476191,long_nclose,7.946033333333333,0.0033128799512591586,2.0
1702806420000.0,1148032,1702806420000.0,0.09495714285714242,-0.00070008,2398.6216562561804,2398.74146577999,-0.3,11.668,0.4,11.351476190476191,long_nclose,4.540590476190476,0.0018929998669642324,8.0
1702806480000.0,1148033,1702806480000.0,0.06330476190476163,-0.00046672000000000006,2398.684494298085,2398.74599905999,-0.2,11.668,0.2,11.351476190476191,long_nclose,2.270295238095238,0.0009464751381400759,1.0
1702806540000.0,1148034,1702806540000.0,0.031652380952380814,-0.00023336000000000003,2398.7159133190376,2398.74866569999,-0.1,11.668,0.1,11.351476190476191,long_nclose,1.135147619047619,0.00047323137047810984,1.0
1702808940000.0,1148074,1702808940000.0,0.05375238095238082,-0.00023778000000000002,2398.76942791999,2398.76942791999,-0.1,11.889,0.0,11.351476190476191,long_nclose,0.0,0.0,40.0
1702818900000.0,1148240,1702818900000.0,0.0,-0.019138560000000002,2398.75028935999,2398.8342893599897,8.4,11.392,8.4,11.392,long_ientry_normal,95.6928,0.03989277267603031,166.0
1702855260000.0,1148846,1702855260000.0,0.0,-0.019102320000000002,2398.73118703999,2396.34578703999,8.6,11.106,17.0,11.247317647058823,long_rentry,191.2044,0.07971064078920169,606.0
1702863600000.0,1148985,1702863600000.0,0.0,-0.019169920000000003,2398.71201711999,2392.38781711999,8.8,10.892,25.8,11.12612403100775,long_rentry,287.054,0.11967005540942383,139.0
1702885320000.0,1149347,1702885320000.0,0.0,-0.026969040000000003,2398.68504807999,2388.01144807999,12.6,10.702,38.4,10.986958333333332,long_rentry,421.89919999999995,0.1758877016128925,362.0
1702891080000.0,1149443,1702891080000.0,0.0,-0.03935592,2398.6456921599897,2381.8252921599897,18.8,10.467,57.2,10.816062937062934,long_rentry,618.6787999999999,0.2579283810119023,96.0
1702936500000.0,1150200,1702936500000.0,1.746804195804236,-0.0414504,2400.351045955794,2403.9012417599897,-19.0,10.908,38.2,10.816062937062934,long_nclose,413.1736041958041,0.17213049103460734,757.0
1702940520000.0,1150267,1702940520000.0,1.1676006993007262,-0.02770632,2401.4909403350944,2403.8353354399896,-12.7,10.908,25.5,10.816062937062934,long_nclose,275.8096048951048,0.11484932142055862,67.0
1702940580000.0,1150268,1702940580000.0,0.7814650349650529,-0.0185436,2402.2538617700593,2403.7827918399894,-8.5,10.908,17.0,10.816062937062934,long_nclose,183.87306993006987,0.07654189794686653,1.0
1702940700000.0,1150270,1702940700000.0,0.5148475524475643,-0.012216959999999999,2402.756492362507,2403.8159748799894,-5.6,10.908,11.4,10.816062937062934,long_nclose,123.30311748251745,0.05131735898933305,2.0
1702940880000.0,1150273,1702940880000.0,0.3493608391608472,-0.00829008,2403.097563121668,2403.8038847999896,-3.8,10.908,7.6,10.816062937062934,long_nclose,82.2020783216783,0.034206717023547016,3.0
1702943940000.0,1150324,1702943940000.0,0.22984265734266263,-0.0054540000000000005,2403.3219517790103,2403.806130799989,-2.5,10.908,5.1,10.816062937062934,long_nclose,55.16192097902096,0.02295236430482752,51.0
1702944600000.0,1150335,1702944600000.0,0.15629300699301057,-0.0037087199999999996,2403.4745360660036,2403.7293220799897,-1.7,10.908,3.4,10.816062937062934,long_nclose,36.774613986013975,0.015300604784524366,11.0
1702946280000.0,1150363,1702946280000.0,0.10113076923077156,-0.0023997600000000003,2403.573267075234,2403.7778223199894,-1.1,10.908,2.3,10.816062937062934,long_nclose,24.876944755244747,0.010349983957641544,28.0
1702946340000.0,1150364,1702946340000.0,0.06435594405594554,-0.0015271199999999999,2403.63609589929,2403.783195199989,-0.7,10.908,1.6,10.816062937062934,long_nclose,17.305700699300697,0.007199800639050558,1.0
1702946400000.0,1150365,1702946400000.0,0.045968531468532525,-0.0010908,2403.6809736307587,2403.7755043999896,-0.5,10.908,1.1,10.816062937062934,long_nclose,11.897669230769228,0.004949770523331058,1.0
1702946460000.0,1150366,1702946460000.0,0.027581118881119516,-0.00065448,2403.70790026964,2403.7822499199897,-0.3,10.908,0.8,10.816062937062934,long_nclose,8.652850349650349,0.0035997927820929075,1.0
1702949100000.0,1150410,1702949100000.0,0.01838741258741301,-0.00043632,2403.7258513622273,2403.7846135999894,-0.2,10.908,0.6,10.816062937062934,long_nclose,6.48963776223776,0.0026998244240540098,44.0
1702949700000.0,1150420,1702949700000.0,0.01838741258741301,-0.00043632,2403.7438024548146,2403.7817772799895,-0.2,10.908,0.4,10.816062937062934,long_nclose,4.326425174825174,0.001799869507892991,10.0
1702949940000.0,1150424,1702949940000.0,0.009193706293706505,-0.00021816,2403.7527780011087,2403.78095911999,-0.1,10.908,0.3,10.816062937062934,long_nclose,3.24481888111888,0.0013498970904225758,4.0
1702954920000.0,1150507,1702954920000.0,0.009193706293706505,-0.00021816,2403.761753547403,2403.78074095999,-0.1,10.908,0.2,10.816062937062934,long_nclose,2.163212587412587,0.0008999280333087003,83.0
1702955160000.0,1150511,1702955160000.0,0.009193706293706505,-0.00021816,2403.770729093697,2403.7804227999904,-0.1,10.908,0.1,10.816062937062934,long_nclose,1.0816062937062936,0.00044996233651372226,4.0
1702955280000.0,1150513,1702955280000.0,0.009193706293706505,-0.00021816,2403.779704639991,2403.779704639991,-0.1,10.908,0.0,10.816062937062934,long_nclose,0.0,0.0,2.0
1702990320000.0,1151097,1702990320000.0,0.0,-0.01930838,2403.760396259991,2403.742196259991,9.1,10.609,9.1,10.609,long_ientry_normal,96.5419,0.040162863216404374,584.0
1702992960000.0,1151141,1702992960000.0,0.2699999999999996,-0.0064194000000000005,2404.023976859991,2404.6034768599907,-3.0,10.699,6.1,10.609,long_nclose,64.7149,0.02691940705372131,44.0
1702993320000.0,1151147,1702993320000.0,0.17999999999999972,-0.0042796,2404.199697259991,2404.560497259991,-2.0,10.699,4.1,10.609,long_nclose,43.4969,0.018092049528819248,6.0
1702994580000.0,1151168,1702994580000.0,0.11699999999999981,-0.00278174,2404.313915519991,2404.6863155199912,-1.3,10.699,2.8,10.609,long_nclose,29.705199999999998,0.012354959062646165,21.0
1702995000000.0,1151175,1702995000000.0,0.08099999999999988,-0.00192582,2404.392989699991,2404.6095896999914,-0.9,10.699,1.9,10.609,long_nclose,20.1571,0.008383446502443475,7.0
1702995660000.0,1151186,1702995660000.0,0.053999999999999916,-0.00128388,2404.4457058199914,2404.5666058199913,-0.6,10.699,1.3,10.609,long_nclose,13.7917,0.0057359165842742945,11.0
1702995900000.0,1151190,1702995900000.0,0.03599999999999994,-0.0008559200000000001,2404.4808498999914,2404.5618498999916,-0.4,10.699,0.9,10.609,long_nclose,9.5481,0.003970961133001799,4.0
1702995960000.0,1151191,1702995960000.0,0.026999999999999958,-0.00064194,2404.5072079599913,2404.5708079599913,-0.3,10.699,0.6,10.609,long_nclose,6.3654,0.0026472784023801998,1.0
1702997400000.0,1151215,1702997400000.0,0.0,-0.0179503,2404.4892576599914,2404.459257659991,8.5,10.559,9.1,10.562296703296704,long_ientry_partial,96.1169,0.03997393612543703,24.0
1702998360000.0,1151231,1702998360000.0,0.26910989010988473,-0.0063912,2404.7519763501014,2405.2564664599913,-3.0,10.652,6.1,10.562296703296704,long_nclose,64.43000989010989,0.02679278799799589,16.0
1702998420000.0,1151232,1702998420000.0,0.17940659340658982,-0.0042607999999999995,2404.927122143508,2405.2908056599913,-2.0,10.652,4.1,10.562296703296704,long_nclose,43.30541648351648,0.018006955838611206,1.0
1702998480000.0,1151233,1702998480000.0,0.11661428571428338,-0.00276952,2405.040966909222,2405.311736139991,-1.3,10.652,2.8,10.562296703296704,long_nclose,29.57443076923077,0.012296851145632504,1.0
1702999020000.0,1151242,1702999020000.0,0.08073296703296542,-0.0019173600000000001,2405.119782516255,2405.288318779991,-0.9,10.652,1.9,10.562296703296704,long_nclose,20.068363736263738,0.00834401840696186,9.0
1702999140000.0,1151244,1702999140000.0,0.05382197802197695,-0.00127824,2405.172326254277,2405.292840539991,-0.6,10.652,1.3,10.562296703296704,long_nclose,13.730985714285715,0.005708940504762013,2.0
1702999380000.0,1151248,1702999380000.0,0.03588131868131796,-0.00085216,2405.2073554129583,2405.277288379991,-0.4,10.652,0.9,10.562296703296704,long_nclose,9.506067032967033,0.00395228586490619,4.0
1702999560000.0,1151251,1702999560000.0,0.026910989010988474,-0.00063912,2405.2336272819693,2405.291649259991,-0.3,10.652,0.6,10.562296703296704,long_nclose,6.337378021978022,0.0026348284632705583,3.0
1703000760000.0,1151271,1703000760000.0,0.01794065934065898,-0.00042608,2405.25114186131,2405.282223179991,-0.2,10.652,0.4,10.562296703296704,long_nclose,4.224918681318682,0.00175653951796868,20.0
1703001840000.0,1151289,1703001840000.0,0.00897032967032949,-0.00021304,2405.2598991509803,2405.2844101399915,-0.1,10.652,0.3,10.562296703296704,long_nclose,3.168689010989011,0.0013173998419495163,18.0
1703002260000.0,1151296,1703002260000.0,0.00897032967032949,-0.00021304,2405.268656440651,2405.2865970999915,-0.1,10.652,0.2,10.562296703296704,long_nclose,2.112459340659341,0.0008782633636383001,7.0
1703002320000.0,1151297,1703002320000.0,0.00897032967032949,-0.00021304,2405.2774137303213,2405.2892840599916,-0.1,10.652,0.1,10.562296703296704,long_nclose,1.0562296703296705,0.0004391300830001036,1.0
1703005620000.0,1151352,1703005620000.0,0.0,-0.019111819999999998,2405.2583019103213,2405.2337722399916,9.1,10.501,9.2,10.501666268514095,long_ientry_partial,96.61532967032966,0.04016838008358402,55.0
1703037060000.0,1151876,1703037060000.0,0.0,-0.019245560000000002,2405.2390563503213,2403.5481266799916,9.4,10.237,18.6,10.367910197329552,long_rentry,192.8431296703297,0.08017628400020552,524.0
1703045880000.0,1152023,1703045880000.0,0.5461567765567746,-0.012965440000000002,2405.7722476868785,2406.876961239992,-6.2,10.456,12.4,10.367910197329552,long_nclose,128.56208644688644,0.053439009686181795,147.0
1703046120000.0,1152027,1703046120000.0,0.36116819094883484,-0.008573919999999999,2406.1248419578274,2406.930687319992,-4.1,10.456,8.3,10.367910197329552,long_nclose,86.0536546378353,0.035764418012414825,4.0
1703046360000.0,1152031,1703046360000.0,0.23784246721020832,-0.00564624,2406.3570381850377,2406.855941079992,-2.7,10.456,5.6,10.367910197329552,long_nclose,58.060297105045485,0.024127881350822604,4.0
1703046480000.0,1152033,1703046480000.0,0.15856164480680554,-0.00376416,2406.5118356698445,2406.884576919992,-1.8,10.456,3.8,10.367910197329552,long_nclose,39.3980587498523,0.016371437765601505,2.0
1703058720000.0,1152237,1703058720000.0,0.5492706250738513,-0.00404966,2407.0570566349184,2407.604427259992,-1.9,10.657,1.9,10.367910197329552,long_nclose,19.69902937492615,0.008183864740815708,204.0
1703058780000.0,1152238,1703058780000.0,0.26018082240340323,-0.0019182600000000002,2407.315319197322,2407.6074089999925,-0.9,10.657,1.0,10.367910197329552,long_nclose,10.367910197329552,0.004306835134828351,1.0
1703060040000.0,1152259,1703060040000.0,0.14454490133522402,-0.0010657000000000002,2407.4587983986576,2407.6043432999927,-0.5,10.657,0.5,10.367910197329552,long_nclose,5.183955098664776,0.002153289228506394,21.0
1703072640000.0,1152469,1703072640000.0,0.05781796053408961,-0.00042628000000000007,2407.516190079192,2407.602317019993,-0.2,10.657,0.3,10.367910197329552,long_nclose,3.1103730591988654,0.0012919427383358756,210.0
1703072700000.0,1152470,1703072700000.0,0.028908980267044804,-0.00021314000000000004,2407.544885919459,2407.604503879993,-0.1,10.657,0.2,10.367910197329552,long_nclose,2.0735820394659106,0.0008612848930016914,1.0
1703074500000.0,1152500,1703074500000.0,0.028908980267044804,-0.00021314000000000004,2407.573581759726,2407.604990739993,-0.1,10.657,0.1,10.367910197329552,long_nclose,1.0367910197329553,0.0004306373136787585,30.0
1703074680000.0,1152503,1703074680000.0,0.028908980267044804,-0.00021314000000000004,2407.602277599993,2407.602277599993,-0.1,10.657,0.0,10.367910197329552,long_nclose,0.0,0.0,3.0
1703102760000.0,1152971,1703102760000.0,0.0,-0.01932552,2407.582952079993,2407.684152079993,9.2,10.503,9.2,10.503,long_ientry_normal,96.62759999999999,0.040134691897747536,468.0
1703103420000.0,1152982,1703103420000.0,0.26700000000000124,-0.006355200000000001,2407.8435968799927,2408.4139968799927,-3.0,10.592,6.2,10.503,long_nclose,65.1186,0.027044364544432462,11.0
1703103780000.0,1152988,1703103780000.0,0.17800000000000082,-0.004236800000000001,2408.0173600799926,2408.3575600799927,-2.0,10.592,4.2,10.503,long_nclose,44.1126,0.01831905397830463,6.0
1703104260000.0,1152996,1703104260000.0,0.12460000000000057,-0.00296576,2408.138994319993,2408.360194319993,-1.4,10.592,2.8,10.503,long_nclose,29.408399999999997,0.012212085792956608,8.0
1703104320000.0,1152997,1703104320000.0,0.08010000000000038,-0.00190656,2408.217187759993,2408.3748877599933,-0.9,10.592,1.9,10.503,long_nclose,19.9557,0.008286503435581665,1.0
1703104380000.0,1152998,1703104380000.0,0.053400000000000246,-0.00127104,2408.2693167199927,2408.392816719993,-0.6,10.592,1.3,10.503,long_nclose,13.6539,0.005669590151402293,1.0
1703104620000.0,1153002,1703104620000.0,0.035600000000000166,-0.0008473600000000001,2408.304069359993,2408.379669359993,-0.4,10.592,0.9,10.503,long_nclose,9.4527,0.00392504423351826,4.0
1703104920000.0,1153007,1703104920000.0,0.026700000000000123,-0.00063552,2408.330133839993,2408.382933839993,-0.3,10.592,0.6,10.503,long_nclose,6.3018,0.002616667836129266,5.0
1703104980000.0,1153008,1703104980000.0,0.017800000000000083,-0.00042368000000000006,2408.347510159993,2408.378710159993,-0.2,10.592,0.4,10.503,long_nclose,4.2012,0.0017444326378467296,1.0
1703105580000.0,1153018,1703105580000.0,0.0,-0.018472960000000004,2408.329037199993,2408.4366371999927,8.8,10.496,9.2,10.49630434782609,long_ientry_partial,96.56600000000002,0.04009668052346826,10.0
1703106780000.0,1153038,1703106780000.0,0.26608695652173253,-0.006351000000000001,2408.5887731565144,2409.0828861999926,-3.0,10.585,6.2,10.49630434782609,long_nclose,65.07708695652175,0.027018762057599663,20.0
1703107020000.0,1153042,1703107020000.0,0.1773913043478217,-0.004234000000000001,2408.7619304608625,2409.155452199993,-2.0,10.585,4.2,10.49630434782609,long_nclose,44.08447826086958,0.018301716621880938,4.0
1703108640000.0,1153069,1703108640000.0,0.12417391304347518,-0.0029638000000000004,2408.8831405739056,2409.134288399993,-1.4,10.585,2.8,10.49630434782609,long_nclose,29.38965217391305,0.012200530477751236,27.0
1703109720000.0,1153087,1703109720000.0,0.07982608695651976,-0.0019053000000000002,2408.961061360862,2409.1314830999922,-0.9,10.585,1.9,10.49630434782609,long_nclose,19.94297826086957,0.00827866360347205,18.0
1703110020000.0,1153092,1703110020000.0,0.0532173913043465,-0.0012702,2409.0130085521664,2409.1270128999927,-0.6,10.585,1.3,10.49630434782609,long_nclose,13.645195652173918,0.0056642266371051166,5.0
1703110080000.0,1153093,1703110080000.0,0.03547826086956434,-0.0008468000000000002,2409.047640013036,2409.1337660999925,-0.4,10.585,0.9,10.49630434782609,long_nclose,9.446673913043481,0.003921331299613636,1.0
1703113560000.0,1153151,1703113560000.0,0.02660869565217325,-0.0006351,2409.073613608688,2409.127430999992,-0.3,10.585,0.6,10.49630434782609,long_nclose,6.297782608695654,0.0026141926810039845,58.0
1703113800000.0,1153155,1703113800000.0,0.01773913043478217,-0.0004234000000000001,2409.090929339123,2409.1284075999924,-0.2,10.585,0.4,10.49630434782609,long_nclose,4.198521739130436,0.0017427825940477064,4.0
1703120700000.0,1153270,1703120700000.0,0.008869565217391085,-0.00021170000000000005,2409.0995872043404,2409.1246958999927,-0.1,10.585,0.3,10.49630434782609,long_nclose,3.148891304347827,0.001307082248103319,115.0
1703123400000.0,1153315,1703123400000.0,0.008869565217391085,-0.00021170000000000005,2409.108245069558,2409.125184199993,-0.1,10.585,0.2,10.49630434782609,long_nclose,2.099260869565218,0.0008713850338030811,45.0
1703125320000.0,1153347,1703125320000.0,0.008869565217391085,-0.00021170000000000005,2409.1169029347757,2409.127572499993,-0.1,10.585,0.1,10.49630434782609,long_nclose,1.049630434782609,0.00043569095111322905,32.0
1703125740000.0,1153354,1703125740000.0,0.008869565217391085,-0.00021170000000000005,2409.1255607999933,2409.1255607999933,-0.1,10.585,0.0,10.49630434782609,long_nclose,0.0,0.0,7.0
1703236560000.0,1155201,1703236560000.0,0.0,-0.01918176,2409.1063790399935,2408.9671790399934,8.7,11.024,8.7,11.024,long_ientry_normal,95.90879999999999,0.03981094435448664,1847.0
1703237580000.0,1155218,1703237580000.0,0.26970000000000505,-0.006447860000000001,2409.369631179993,2409.949631179993,-2.9,11.117,5.8,11.024,long_nclose,63.93919999999999,0.026537729691847096,17.0
1703241720000.0,1155287,1703241720000.0,0.8903000000000011,-0.00657198,2410.253359199993,2411.155259199993,-2.9,11.331,2.9,11.024,long_nclose,31.969599999999996,0.013263999769140987,69.0
1703241840000.0,1155289,1703241840000.0,0.4298000000000005,-0.0031726799999999998,2410.6799865199932,2411.1764865199934,-1.4,11.331,1.5,11.024,long_nclose,16.535999999999998,0.006859475373117034,2.0
1703243220000.0,1155312,1703243220000.0,0.21490000000000026,-0.0015863399999999999,2410.8933001799933,2411.140500179993,-0.7,11.331,0.8,11.024,long_nclose,8.8192,0.003658063174899351,23.0
1703243400000.0,1155315,1703243400000.0,0.12280000000000016,-0.0009064800000000001,2411.0151936999932,2411.140793699993,-0.4,11.331,0.4,11.024,long_nclose,4.4096,0.0018289391172325786,3.0
1703243640000.0,1155319,1703243640000.0,0.06140000000000008,-0.00045324000000000004,2411.0761404599934,2411.1379404599934,-0.2,11.331,0.2,11.024,long_nclose,2.2048,0.0009144464428150994,4.0
1703245440000.0,1155349,1703245440000.0,0.03070000000000004,-0.00022662000000000002,2411.1066138399933,2411.138213839993,-0.1,11.331,0.1,11.024,long_nclose,1.1024,0.0004572174426763685,30.0
1703246460000.0,1155366,1703246460000.0,0.03070000000000004,-0.00022662000000000002,2411.137087219993,2411.137087219993,-0.1,11.331,0.0,11.024,long_nclose,0.0,0.0,17.0
1703306160000.0,1156361,1703306160000.0,0.0,-0.01929486,2411.117792359993,2411.100392359993,8.7,11.089,8.7,11.089,long_ientry_normal,96.4743,0.04001227161347904,995.0
1703308500000.0,1156400,1703308500000.0,0.2725999999999983,-0.0064861400000000005,2411.3839062199927,2411.9639062199926,-2.9,11.183,5.8,11.089,long_nclose,64.3162,0.026671903977670643,39.0
1703308620000.0,1156402,1703308620000.0,0.17859999999999887,-0.00424954,2411.558256679993,2411.932656679993,-1.9,11.183,3.9,11.089,long_nclose,43.2471,0.017933259493195304,2.0
1703308800000.0,1156405,1703308800000.0,0.12219999999999925,-0.0029075800000000003,2411.677549099993,2411.8777490999933,-1.3,11.183,2.6,11.089,long_nclose,28.831400000000002,0.01195491495567453,3.0
1703309700000.0,1156420,1703309700000.0,0.07519999999999954,-0.0017892800000000003,2411.750959819993,2411.923759819993,-0.8,11.183,1.8,11.089,long_nclose,19.9602,0.008276227658883063,15.0
1703310960000.0,1156441,1703310960000.0,0.056399999999999645,-0.00134196,2411.806017859993,2411.912817859993,-0.6,11.183,1.2,11.089,long_nclose,13.3068,0.005517359149724317,21.0
1703311020000.0,1156442,1703311020000.0,0.03759999999999977,-0.0008946400000000001,2411.8427232199933,2411.925123219993,-0.4,11.183,0.8,11.089,long_nclose,8.8712,0.003678183454747113,1.0
1703311380000.0,1156448,1703311380000.0,0.018799999999999886,-0.0004473200000000001,2411.861075899993,2411.910275899993,-0.2,11.183,0.6,11.089,long_nclose,6.6534,0.0027586165996386276,6.0
1703321520000.0,1156617,1703321520000.0,0.018799999999999886,-0.0004473200000000001,2411.8794285799927,2411.9286285799926,-0.2,11.183,0.4,11.089,long_nclose,4.4356,0.001839063739024253,169.0
1703322300000.0,1156630,1703322300000.0,0.009399999999999943,-0.00022366000000000004,2411.8886049199928,2411.9108049199926,-0.1,11.183,0.3,11.089,long_nclose,3.3267,0.0013792925565525253,13.0
1703322780000.0,1156638,1703322780000.0,0.009399999999999943,-0.00022366000000000004,2411.897781259993,2411.918781259993,-0.1,11.183,0.2,11.089,long_nclose,2.2178,0.0009195248725845278,8.0
1703323020000.0,1156642,1703323020000.0,0.009399999999999943,-0.00022366000000000004,2411.906957599993,2411.917257599993,-0.1,11.183,0.1,11.089,long_nclose,1.1089,0.00045976068708032956,4.0
1703323140000.0,1156644,1703323140000.0,0.009399999999999943,-0.00022366000000000004,2411.916133939993,2411.916133939993,-0.1,11.183,0.0,11.089,long_nclose,0.0,0.0,2.0
1703456040000.0,1158859,1703456040000.0,0.0,-0.0192525,2411.8968814399927,2411.7268814399927,8.5,11.325,8.5,11.325,long_ientry_normal,96.26249999999999,0.039911532180649315,2215.0
1703456160000.0,1158861,1703456160000.0,0.0,-0.019209599999999997,2411.8776718399927,2411.0547718399926,8.7,11.04,17.2,11.180843023255814,long_rentry,192.3105,0.07973476526000119,2.0
1703456160000.0,1158861,1703456160000.0,0.0,-0.019272060000000004,2411.858399779993,2413.758899779993,8.9,10.827,26.1,11.060183908045977,long_rentry,288.6708,0.11968812100508563,0.0
1703456160000.0,1158861,1703456160000.0,0.0,-0.027233280000000002,2411.831166499993,2420.067666499993,12.8,10.638,38.9,10.921264781491004,long_rentry,424.83720000000005,0.17614715569685432,0.0
1703456520000.0,1158867,1703456520000.0,5.911863239074535,-0.043556880000000006,2417.6994728590676,2423.973309619993,-19.4,11.226,19.5,10.921264781491004,long_nclose,212.96466323907458,0.08808566392548024,6.0
1703458620000.0,1158902,1703458620000.0,2.9559316195372674,-0.021778440000000003,2420.6336260386047,2423.6886311799926,-9.7,11.226,9.8,10.921264781491004,long_nclose,107.02839485861185,0.044215032670501676,35.0
1703459460000.0,1158916,1703459460000.0,1.4932025706940837,-0.011001480000000003,2422.115827129299,2423.677629699993,-4.9,11.226,4.9,10.921264781491004,long_nclose,53.51419742930592,0.022093987756453066,14.0
1703459520000.0,1158917,1703459520000.0,0.0,-0.008317600000000001,2422.107509529299,2423.677912099993,3.7,11.24,8.6,11.058395049919294,long_ientry_partial,95.10219742930593,0.03926423457883075,1.0
1703463660000.0,1158986,1703463660000.0,0.2620938602259734,-0.00624512,2422.3633582695247,2422.842466979993,-2.8,11.152,5.8,11.058395049919294,long_nclose,64.1386912895319,0.02647773343770811,69.0
1703463720000.0,1158987,1703463720000.0,0.0,-0.00646178,2422.356896489525,2422.6794051999927,2.9,11.141,8.7,11.085930033279531,long_ientry_partial,96.44759128953191,0.03981559919155744,1.0
1703466360000.0,1159031,1703466360000.0,0.27280290348935804,-0.0064843999999999995,2422.6232149930142,2423.145620799993,-2.9,11.18,5.8,11.085930033279531,long_nclose,64.29839419302128,0.026540814846937183,44.0
1703466480000.0,1159033,1703466480000.0,0.17873293676888977,-0.004248399999999999,2422.797699529783,2423.1762723999927,-1.9,11.18,3.9,11.085930033279531,long_nclose,43.23512712979017,0.01784512472427279,2.0
1703466600000.0,1159035,1703466600000.0,0.1222909567366088,-0.0029068,2422.91708368652,2423.2032655999933,-1.3,11.18,2.6,11.085930033279531,long_nclose,28.823418086526782,0.011896163628790523,2.0
1703471280000.0,1159113,1703471280000.0,0.07525597337637464,-0.0017888000000000003,2422.9905508598963,2423.185076799993,-0.8,11.18,1.8,11.085930033279531,long_nclose,19.95467405990316,0.008235555872399682,78.0
1703471580000.0,1159118,1703471580000.0,0.05644198003228098,-0.0013415999999999999,2423.0456512399282,2423.1465351999927,-0.6,11.18,1.2,11.085930033279531,long_nclose,13.303116039935437,0.005490245729843318,5.0
1703471640000.0,1159119,1703471640000.0,0.03762798668818732,-0.0008944000000000002,2423.0823848266164,2423.1672407999927,-0.4,11.18,0.8,11.085930033279531,long_nclose,8.868744026623625,0.0036601083323290423,1.0
1703472000000.0,1159125,1703472000000.0,0.01881399334409366,-0.0004472000000000001,2423.10075161996,2423.1661935999923,-0.2,11.18,0.6,11.085930033279531,long_nclose,6.651558019967719,0.002745060441882505,6.0
1703472180000.0,1159128,1703472180000.0,0.01881399334409366,-0.0004472000000000001,2423.119118413304,2423.157146399992,-0.2,11.18,0.4,11.085930033279531,long_nclose,4.434372013311813,0.0018300264232224408,3.0
1703484900000.0,1159340,1703484900000.0,0.06181399334409363,-0.0004558,2423.180476606648,2423.242090599992,-0.2,11.395,0.2,11.085930033279531,long_nclose,2.2171860066559064,0.000914990042244311,212.0
1703484960000.0,1159341,1703484960000.0,0.030906996672046817,-0.0002279,2423.21115570332,2423.242962699992,-0.1,11.395,0.1,11.085930033279531,long_nclose,1.1085930033279532,0.00045748922900043016,1.0
1703486940000.0,1159374,1703486940000.0,0.030906996672046817,-0.0002279,2423.241834799992,2423.241834799992,-0.1,11.395,0.0,11.085930033279531,long_nclose,0.0,0.0,33.0
1703583900000.0,1160990,1703583900000.0,0.0,-0.019488400000000003,2423.222346399992,2424.168546399992,8.3,11.74,8.3,11.74,long_ientry_normal,97.44200000000001,0.0402117453830692,1616.0
1703584680000.0,1161003,1703584680000.0,0.26730000000000054,-0.006393060000000001,2423.483253339992,2424.104853339992,-2.7,11.839,5.6,11.74,long_nclose,65.744,0.02712789531736728,13.0
1703584920000.0,1161007,1703584920000.0,0.17820000000000036,-0.004262040000000001,2423.657191299992,2424.063791299992,-1.8,11.839,3.8,11.74,long_nclose,44.612,0.018406893582203012,4.0
1703589720000.0,1161087,1703589720000.0,0.6212999999999999,-0.00458546,2424.273905839992,2424.906605839992,-1.9,12.067,1.9,11.74,long_nclose,22.306,0.009201105512980864,80.0
1703590620000.0,1161102,1703590620000.0,0.29429999999999995,-0.0021720600000000004,2424.5660337799923,2424.9170337799924,-0.9,12.067,1.0,11.74,long_nclose,11.74,0.004842103632746552,15.0
1703592420000.0,1161132,1703592420000.0,0.16349999999999998,-0.0012067,2424.7283270799926,2424.8908270799925,-0.5,12.067,0.5,11.74,long_nclose,5.87,0.002420889769151588,30.0
1703592480000.0,1161133,1703592480000.0,0.0654,-0.0004826800000000001,2424.7932443999925,2424.8925443999924,-0.2,12.067,0.3,11.74,long_nclose,3.522,0.001452494973801986,1.0
1703602560000.0,1161301,1703602560000.0,0.0327,-0.00024134000000000004,2424.825703059993,2424.8881030599928,-0.1,12.067,0.2,11.74,long_nclose,2.3480000000000003,0.0009683170204922181,168.0
1703606040000.0,1161359,1703606040000.0,0.0,-0.018876800000000003,2424.806826259993,2424.908626259993,8.0,11.798,8.2,11.79658536585366,long_ientry_partial,96.73200000000001,0.039892662356612894,58.0
1703612160000.0,1161461,1703612160000.0,0.0,-0.019320000000000004,2424.7875062599933,2421.940506259993,8.4,11.5,16.6,11.646506024096386,long_rentry,193.33200000000002,0.07973152265956551,102.0
1703612340000.0,1161464,1703612340000.0,0.0,-0.01939816,2424.7681080999932,2417.290108099993,8.6,11.278,25.2,11.520746031746032,long_rentry,290.32280000000003,0.11973219172182696,3.0
1703612340000.0,1161464,1703612340000.0,0.0,-0.027480880000000003,2424.7406272199933,2419.0358272199933,12.4,11.081,37.6,11.375723404255318,long_rentry,427.7272,0.17640121801002548,0.0
1703613720000.0,1161487,1703613720000.0,1.2034574468085202,-0.028680000000000004,2425.915404666802,2427.930347219993,-12.5,11.472,25.1,11.375723404255318,long_nclose,285.5306574468085,0.11770017078811781,23.0
1703613780000.0,1161488,1703613780000.0,0.7990957446808574,-0.01904352,2426.6954568914825,2428.413703699993,-8.3,11.472,16.8,11.375723404255318,long_nclose,191.11215319148934,0.07875407383681253,1.0
1703613960000.0,1161491,1703613960000.0,0.539148936170217,-0.012848639999999998,2427.2217571876527,2428.2776550599933,-5.6,11.472,11.2,11.375723404255318,long_nclose,127.40810212765955,0.05249133160180774,3.0
1703614020000.0,1161492,1703614020000.0,0.356223404255322,-0.00848928,2427.5694913119078,2428.381565779993,-3.7,11.472,7.5,11.375723404255318,long_nclose,85.31792553191488,0.03514541018795196,1.0
1703614500000.0,1161500,1703614500000.0,0.24069148936170404,-0.005736000000000001,2427.8044468012695,2428.360829779993,-2.5,11.472,5.0,11.375723404255318,long_nclose,56.87861702127659,0.023428005948426558,8.0
1703614560000.0,1161501,1703614560000.0,0.0,-0.0080409,2427.7964059012693,2428.0127888799925,3.5,11.487,8.5,11.421543178973716,long_ientry_partial,97.08311702127658,0.039988162427992587,1.0
1703618400000.0,1161565,1703618400000.0,0.27007909887359816,-0.00645008,2428.060034920143,2428.644038799993,-2.8,11.518,5.7,11.421543178973716,long_nclose,65.10279612015019,0.026812679745907255,64.0
1703618460000.0,1161566,1703618460000.0,0.0,-0.0062229600000000005,2428.0538119601433,2428.6966158399932,2.7,11.524,8.4,11.454475728589308,long_ientry_partial,96.21759612015019,0.039627456214602876,1.0
1703618760000.0,1161571,1703618760000.0,0.2702679599499369,-0.00646856,2428.3176113600935,2428.8693472799932,-2.8,11.551,5.6,11.454475728589308,long_nclose,64.14506408010013,0.02641543420021266,5.0
1703618820000.0,1161572,1703618820000.0,0.0,-0.006459600000000001,2428.3111517600933,2428.686487679993,2.8,11.535,8.4,11.481317152392872,long_ientry_partial,96.44306408010013,0.0397161064018489,1.0
1703624940000.0,1161674,1703624940000.0,0.27071197329995583,-0.00648368,2428.575380053393,2429.133603999993,-2.8,11.578,5.6,11.481317152392872,long_nclose,64.29537605340008,0.026474523534034393,102.0
1703625120000.0,1161677,1703625120000.0,0.17402912569282877,-0.00416808,2428.745241099086,2429.139235919993,-1.8,11.578,3.8,11.481317152392872,long_nclose,43.629005179092914,0.017963598833177486,3.0
1703625360000.0,1161681,1703625360000.0,0.1160194171285525,-0.00277872,2428.858481796214,2429.1306571999926,-1.2,11.578,2.6,11.481317152392872,long_nclose,29.85142459622147,0.01229031037417439,4.0
1703625600000.0,1161685,1703625600000.0,0.07734627808570167,-0.00185248,2428.9339755943,2429.138604719993,-0.8,11.578,1.8,11.481317152392872,long_nclose,20.66637087430717,0.008508411954363897,4.0
1703633280000.0,1161813,1703633280000.0,0.05800970856427625,-0.00138936,2428.9905959428647,2429.081415359993,-0.6,11.578,1.2,11.481317152392872,long_nclose,13.777580582871446,0.005672142414171588,128.0
1703633400000.0,1161815,1703633400000.0,0.038673139042850836,-0.00092624,2429.0283428419075,2429.095289119993,-0.4,11.578,0.8,11.481317152392872,long_nclose,9.185053721914299,0.0037813695130325224,2.0
1703633460000.0,1161816,1703633460000.0,0.019336569521425418,-0.00046312,2429.047216291429,2429.106425999993,-0.2,11.578,0.6,11.481317152392872,long_nclose,6.888790291435723,0.002836005099132346,1.0
1703633880000.0,1161823,1703633880000.0,0.019336569521425418,-0.00046312,2429.0660897409502,2429.095162879993,-0.2,11.578,0.4,11.481317152392872,long_nclose,4.5925268609571495,0.0018906553758884853,7.0
1703634420000.0,1161832,1703634420000.0,0.009668284760712709,-0.00023156,2429.075526465711,2429.105731319993,-0.1,11.578,0.3,11.481317152392872,long_nclose,3.4443951457178614,0.001417986023155663,9.0
1703635980000.0,1161858,1703635980000.0,0.009668284760712709,-0.00023156,2429.0849631904716,2429.103699759993,-0.1,11.578,0.2,11.481317152392872,long_nclose,2.2962634304785747,0.0009453203429585094,26.0
1703636220000.0,1161862,1703636220000.0,0.009668284760712709,-0.00023156,2429.0943999152323,2429.1039681999932,-0.1,11.578,0.1,11.481317152392872,long_nclose,1.1481317152392874,0.0004726583352542221,4.0
1703636280000.0,1161863,1703636280000.0,0.009668284760712709,-0.00023156,2429.103836639993,2429.103836639993,-0.1,11.578,0.0,11.481317152392872,long_nclose,0.0,0.0,1.0
1703643840000.0,1161989,1703643840000.0,0.0,-0.0193613,2429.084475339993,2428.999475339993,8.5,11.389,8.5,11.389,long_ientry_normal,96.8065,0.03985308085526759,126.0
1703665980000.0,1162358,1703665980000.0,0.2688000000000002,-0.006431599999999999,2429.346843739993,2429.842743739993,-2.8,11.485,5.7,11.389,long_nclose,64.9173,0.026722120872645527,369.0
1703666100000.0,1162360,1703666100000.0,0.18240000000000015,-0.0043643,2429.524879439993,2429.920079439993,-1.9,11.485,3.8,11.389,long_nclose,43.2782,0.017813441782895283,2.0
1703667000000.0,1162375,1703667000000.0,0.1152000000000001,-0.0027564,2429.637323039993,2429.918123039993,-1.2,11.485,2.6,11.389,long_nclose,29.6114,0.012187580310525458,15.0
1703668260000.0,1162396,1703668260000.0,0.07680000000000008,-0.0018376000000000002,2429.712285439993,2429.892285439993,-0.8,11.485,1.8,11.389,long_nclose,20.5002,0.008437295280946257,21.0
1703668620000.0,1162402,1703668620000.0,0.05760000000000005,-0.0013782,2429.768507239993,2429.889707239993,-0.6,11.485,1.2,11.389,long_nclose,13.666799999999999,0.005624733368334048,6.0
1703671320000.0,1162447,1703671320000.0,0.03840000000000004,-0.0009188000000000001,2429.805988439993,2429.9051884399933,-0.4,11.485,0.8,11.389,long_nclose,9.1112,0.003749764402321544,45.0
1703673900000.0,1162490,1703673900000.0,0.12720000000000056,-0.0009365600000000001,2429.932251879993,2430.0586518799932,-0.4,11.707,0.4,11.389,long_nclose,4.5556,0.0018747847790716872,43.0
1703674620000.0,1162502,1703674620000.0,0.06360000000000028,-0.00046828000000000006,2429.995383599993,2430.060583599993,-0.2,11.707,0.2,11.389,long_nclose,2.2778,0.0009373680359118549,12.0
1703675520000.0,1162517,1703675520000.0,0.03180000000000014,-0.00023414000000000003,2430.0269494599934,2430.058349459993,-0.1,11.707,0.1,11.389,long_nclose,1.1389,0.000468677929787194,15.0
1703675580000.0,1162518,1703675580000.0,0.03180000000000014,-0.00023414000000000003,2430.0585153199936,2430.0585153199936,-0.1,11.707,0.0,11.389,long_nclose,0.0,0.0,1.0
1703746080000.0,1163693,1703746080000.0,0.0,-0.019407060000000004,2430.0391082599936,2429.8731082599934,8.3,11.691,8.3,11.691,long_ientry_normal,97.03530000000002,0.03993157956601004,1175.0
1703758920000.0,1163907,1703758920000.0,0.26729999999999576,-0.0063666,2430.3000416599934,2430.7760416599936,-2.7,11.79,5.6,11.691,long_nclose,65.4696,0.026938895970754956,214.0
1703758980000.0,1163908,1703758980000.0,0.17819999999999717,-0.0042444,2430.473997259993,2430.8463972599934,-1.8,11.79,3.8,11.691,long_nclose,44.4258,0.01827865677644922,1.0
1703759040000.0,1163909,1703759040000.0,0.1187999999999981,-0.0028296,2430.5899676599934,2430.8577676599934,-1.2,11.79,2.6,11.691,long_nclose,30.396600000000003,0.012505852654886,1.0
1703759340000.0,1163914,1703759340000.0,0.07919999999999874,-0.0018864,2430.6672812599936,2430.8688812599935,-0.8,11.79,1.8,11.691,long_nclose,21.0438,0.008657622605217878,5.0
1703759760000.0,1163921,1703759760000.0,0.05939999999999905,-0.0014148,2430.7252664599937,2430.8452664599936,-0.6,11.79,1.2,11.691,long_nclose,14.029200000000001,0.00577161071782972,7.0
1703760600000.0,1163935,1703760600000.0,0.19559999999999925,-0.00144204,2430.919424419994,2431.0994244199937,-0.6,12.017,0.6,11.691,long_nclose,7.014600000000001,0.0028855748691356364,14.0
1703761080000.0,1163943,1703761080000.0,0.09779999999999962,-0.00072102,2431.016503399994,2431.1032033999936,-0.3,12.017,0.3,11.691,long_nclose,3.5073000000000003,0.0014427298190262088,8.0
1703766840000.0,1164039,1703766840000.0,0.009899999999999843,-0.0002358,2431.0261675999936,2431.0467675999935,-0.1,11.79,0.2,11.691,long_nclose,2.3382,0.0009618160557721865,96.0
1703767020000.0,1164042,1703767020000.0,0.009899999999999843,-0.0002358,2431.0358317999935,2431.0438317999933,-0.1,11.79,0.1,11.691,long_nclose,1.1691,0.0004809061161119835,3.0
1703767380000.0,1164048,1703767380000.0,0.009899999999999843,-0.0002358,2431.0454959999934,2431.0454959999934,-0.1,11.79,0.0,11.691,long_nclose,0.0,0.0,6.0
1703768400000.0,1164065,1703768400000.0,0.0,-0.019545120000000003,2431.025950879993,2430.8915508799932,8.4,11.634,8.4,11.634,long_ientry_normal,97.7256,0.04019932406094837,17.0
1703768640000.0,1164069,1703768640000.0,0.2743999999999971,-0.006569919999999999,2431.293780959993,2431.904180959993,-2.8,11.732,5.6,11.634,long_nclose,65.1504,0.026796597149306843,4.0
1703768820000.0,1164072,1703768820000.0,0.17639999999999817,-0.00422352,2431.465957439993,2431.925757439993,-1.8,11.732,3.8,11.634,long_nclose,44.2092,0.01818211760881339,3.0
1703769000000.0,1164075,1703769000000.0,0.11759999999999876,-0.0028156799999999997,2431.580741759993,2431.832941759993,-1.2,11.732,2.6,11.634,long_nclose,30.2484,0.012439809001820776,3.0
1703769060000.0,1164076,1703769060000.0,0.07839999999999919,-0.0018771200000000001,2431.657264639993,2431.7922646399934,-0.8,11.732,1.8,11.634,long_nclose,20.941200000000002,0.008611904442503884,1.0
1703769300000.0,1164080,1703769300000.0,0.05879999999999938,-0.0014078399999999998,2431.714656799993,2431.852656799993,-0.6,11.732,1.2,11.634,long_nclose,13.9608,0.005741134125650939,4.0
1703770980000.0,1164108,1703770980000.0,0.039199999999999596,-0.0009385600000000001,2431.752918239993,2431.832918239993,-0.4,11.732,0.8,11.634,long_nclose,9.3072,0.003827362529387313,28.0
1703772240000.0,1164129,1703772240000.0,0.019599999999999798,-0.00046928000000000003,2431.7720489599933,2431.8230489599932,-0.2,11.732,0.6,11.634,long_nclose,6.9804,0.0028704993146809704,21.0
1703772360000.0,1164131,1703772360000.0,0.0,-0.0181194,2431.753929559993,2431.734129559993,7.8,11.615,8.4,11.616357142857142,long_ientry_partial,97.5774,0.04012634617913658,2.0
1703774520000.0,1164167,1703774520000.0,0.0,-0.01947728,2431.734452279993,2429.6016522799932,8.6,11.324,17.0,11.46845882352941,long_rentry,194.96379999999996,0.08017479039177242,36.0
1703813640000.0,1164819,1703813640000.0,0.0,-0.019544800000000005,2431.714907479993,2425.8973074799933,8.8,11.105,25.8,11.344488372093021,long_rentry,292.6878,0.12036271155787535,652.0
1703821140000.0,1164944,1703821140000.0,0.8214000000000116,-0.019676799999999998,2432.516630679993,2434.159430679993,-8.6,11.44,17.2,11.344488372093021,long_nclose,195.12519999999995,0.08021536113627888,125.0
1703821200000.0,1164945,1703821200000.0,0.5444162790697752,-0.0130416,2433.0480053590627,2434.042889079993,-5.7,11.44,11.5,11.344488372093021,long_nclose,130.46161627906974,0.0536206503084663,1.0
1703833380000.0,1165148,1703833380000.0,0.36294418604651674,-0.0086944,2433.4022551451094,2434.099194679993,-3.8,11.44,7.7,11.344488372093021,long_nclose,87.35256046511627,0.03589729576374837,203.0
1703841600000.0,1165285,1703841600000.0,0.23877906976744523,-0.00572,2433.635314214877,2434.1423746799933,-2.5,11.44,5.2,11.344488372093021,long_nclose,58.991339534883714,0.024240008020230058,137.0
1703843400000.0,1165315,1703843400000.0,0.16236976744186274,-0.0038896000000000004,2433.7937943823185,2434.159585079993,-1.7,11.44,3.5,11.344488372093021,long_nclose,39.70570930232557,0.016314327612295777,30.0
1703843700000.0,1165320,1703843700000.0,0.1050627906976759,-0.0025168,2433.896340373016,2434.1255682799924,-1.1,11.44,2.4,11.344488372093021,long_nclose,27.22677209302325,0.01118649617134085,5.0
1703843760000.0,1165321,1703843760000.0,0.07640930232558248,-0.0018304,2433.970919275341,2434.1541378799925,-0.8,11.44,1.6,11.344488372093021,long_nclose,18.151181395348836,0.007457435605168583,1.0
1703847240000.0,1165379,1703847240000.0,0.047755813953489046,-0.001144,2434.017531089295,2434.1214938799926,-0.5,11.44,1.1,11.344488372093021,long_nclose,12.478937209302325,0.005126888795956055,58.0
1703847300000.0,1165380,1703847300000.0,0.028653488372093427,-0.0006864,2434.045498177667,2434.1219074799924,-0.3,11.44,0.8,11.344488372093021,long_nclose,9.075590697674418,0.0037286035550564583,1.0
1703847360000.0,1165381,1703847360000.0,0.01910232558139562,-0.0004576,2434.0641429032485,2434.1238498799926,-0.2,11.44,0.6,11.344488372093021,long_nclose,6.8066930232558125,0.002796431245701306,1.0
1703848140000.0,1165394,1703848140000.0,0.01910232558139562,-0.0004576,2434.08278762883,2434.1225922799927,-0.2,11.44,0.4,11.344488372093021,long_nclose,4.537795348837209,0.0018642732169589506,13.0
1703853240000.0,1165479,1703853240000.0,0.00955116279069781,-0.0002288,2434.0921099916204,2434.1186634799924,-0.1,11.44,0.3,11.344488372093021,long_nclose,3.4033465116279062,0.0013981995577150212,85.0
1703853300000.0,1165480,1703853300000.0,0.00955116279069781,-0.0002288,2434.101432354411,2434.1191346799924,-0.1,11.44,0.2,11.344488372093021,long_nclose,2.2688976744186045,0.0009321294685012319,1.0
1703857260000.0,1165546,1703857260000.0,0.00955116279069781,-0.0002288,2434.1107547172014,2434.120605879992,-0.1,11.44,0.1,11.344488372093021,long_nclose,1.1344488372093022,0.0004660629492765641,66.0
1703860080000.0,1165593,1703860080000.0,0.00955116279069781,-0.0002288,2434.120077079992,2434.120077079992,-0.1,11.44,0.0,11.344488372093021,long_nclose,0.0,0.0,47.0
1703864460000.0,1165666,1703864460000.0,0.0,-0.01955064,2434.100526439992,2434.030926439992,8.7,11.236,8.7,11.236,long_ientry_normal,97.75319999999999,0.04015988614199493,73.0
1703868600000.0,1165735,1703868600000.0,0.0,-0.01949634,2434.081030099992,2431.706930099992,8.9,10.953,17.6,11.092892045454544,long_rentry,195.23489999999998,0.08020887455500186,69.0
1703888400000.0,1166065,1703888400000.0,0.0,-0.01954862,2434.061481479992,2428.0550814799917,9.1,10.741,26.7,10.972958801498127,long_rentry,292.97799999999995,0.12036589964106387,330.0
1704063120000.0,1168977,1704063120000.0,0.0,-0.027648860000000004,2434.0338326199917,2415.7763326199915,13.1,10.553,39.8,10.834731155778895,long_rentry,431.2223,0.17716364260057665,2912.0
1704063120000.0,1168977,1704063120000.0,0.0,-0.040248000000000006,2433.993584619992,2416.828084619992,19.5,10.32,59.3,10.665468802698147,long_rentry,632.4623,0.2598455082200816,0.0
1704073680000.0,1169153,1704073680000.0,1.7834645868465127,-0.04237864,2435.7346705668383,2439.082105979992,-19.7,10.756,39.6,10.665468802698147,long_nclose,422.35256458684665,0.17339842869197153,176.0
1704073920000.0,1169157,1704073920000.0,1.1950118043844653,-0.02839584,2436.901286531223,2439.2121101399916,-13.2,10.756,26.4,10.665468802698147,long_nclose,281.5683763912311,0.11554361185964415,4.0
1704074160000.0,1169161,1704074160000.0,0.7966745362563104,-0.018930560000000003,2437.679030507479,2439.201979579992,-8.8,10.756,17.6,10.665468802698147,long_nclose,187.7122509274874,0.07700449836843747,4.0
1704099420000.0,1169582,1704099420000.0,0.5250809443507499,-0.01247696,2438.19163449183,2439.307102619992,-5.8,10.756,11.8,10.665468802698147,long_nclose,125.85253187183814,0.0516171617076639,421.0
1704101580000.0,1169618,1704101580000.0,0.3530716694772284,-0.00838968,2438.536316481307,2439.322612939992,-3.9,10.756,7.9,10.665468802698147,long_nclose,84.25720354131536,0.034552367734631294,36.0
1704111900000.0,1169790,1704111900000.0,1.1603716694772244,-0.00855114,2439.6881370107844,2440.8862617999916,-3.9,10.963,4.0,10.665468802698147,long_nclose,42.66187521079259,0.017486610097249493,172.0
1704112200000.0,1169795,1704112200000.0,0.5950623946037048,-0.0043852,2440.2788142053882,2440.875876599992,-2.0,10.963,2.0,10.665468802698147,long_nclose,21.330937605396294,0.00874118870402198,5.0
1704112860000.0,1169806,1704112860000.0,0.2975311973018524,-0.0021926,2440.57415280269,2440.872683999992,-1.0,10.963,1.0,10.665468802698147,long_nclose,10.665468802698147,0.004370065457937514,11.0
1704113100000.0,1169810,1704113100000.0,0.1487655986509262,-0.0010963,2440.7218221013413,2440.8705876999925,-0.5,10.963,0.5,10.665468802698147,long_nclose,5.332734401349073,0.0021849005294498707,4.0
1704113160000.0,1169811,1704113160000.0,0.05950623946037048,-0.00043852,2440.780889820802,2440.8680491799923,-0.2,10.963,0.3,10.665468802698147,long_nclose,3.1996406408094438,0.0013109085924727787,1.0
1704114000000.0,1169825,1704114000000.0,0.02975311973018524,-0.00021926,2440.810423680532,2440.8683299199924,-0.1,10.963,0.2,10.665468802698147,long_nclose,2.1330937605396296,0.0008739284869666805,14.0
1704114960000.0,1169841,1704114960000.0,0.02975311973018524,-0.00021926,2440.8399575402623,2440.8700106599927,-0.1,10.963,0.1,10.665468802698147,long_nclose,1.0665468802698148,0.0004369589562703731,16.0
1704115080000.0,1169843,1704115080000.0,0.02975311973018524,-0.00021926,2440.8694913999925,2440.8694913999925,-0.1,10.963,0.0,10.665468802698147,long_nclose,0.0,0.0,2.0
1704207360000.0,1171381,1704207360000.0,0.0,-0.019635180000000002,2440.8498562199925,2441.1613562199923,8.9,11.031,8.9,11.031,long_ientry_normal,98.17590000000001,0.04022201519270814,1538.0
1704207600000.0,1171385,1704207600000.0,0.2696999999999999,-0.00645192,2441.1131042999923,2441.713104299992,-2.9,11.124,6.0,11.031,long_nclose,66.186,0.02711304113005421,4.0
1704207900000.0,1171390,1704207900000.0,0.18599999999999994,-0.004449600000000001,2441.2946546999924,2441.7026546999923,-2.0,11.124,4.0,11.031,long_nclose,44.124,0.01807401655308271,5.0
1704208080000.0,1171393,1704208080000.0,0.12089999999999997,-0.0028922400000000003,2441.412662459992,2441.712362459992,-1.3,11.124,2.7,11.031,long_nclose,29.783700000000003,0.012199371477818766,3.0
1704208560000.0,1171401,1704208560000.0,0.0,-0.013674720000000003,2441.398987739992,2441.497687739992,6.2,11.028,8.9,11.02891011235955,long_ientry_partial,98.1573,0.04020534967570557,8.0
1704213600000.0,1171485,1704213600000.0,0.26996067415730246,-0.00645076,2441.6624976541493,2442.245036979992,-2.9,11.122,6.0,11.02891011235955,long_nclose,66.1734606741573,0.02710180491273224,84.0
1704216900000.0,1171540,1704216900000.0,0.18617977528089824,-0.0044488,2441.8442286294303,2442.200588179992,-2.0,11.122,4.0,11.02891011235955,long_nclose,44.1156404494382,0.018066525264881304,55.0
1704216960000.0,1171541,1704216960000.0,0.12101685393258386,-0.0028917200000000004,2441.9623537633624,2442.229896459992,-1.3,11.122,2.7,11.02891011235955,long_nclose,29.77805730337079,0.012194314649232476,1.0
1704217140000.0,1171544,1704217140000.0,0.0837808988764042,-0.00200196,2442.0441327022386,2442.2098944999916,-0.9,11.122,1.8,11.02891011235955,long_nclose,19.852038202247194,0.008129270858131447,3.0
1704217200000.0,1171545,1704217200000.0,0.05585393258426947,-0.00133464,2442.098651994823,2442.2019598599913,-0.6,11.122,1.2,11.02891011235955,long_nclose,13.23469213483146,0.005419392916015384,1.0
1704217380000.0,1171548,1704217380000.0,0.03723595505617965,-0.0008897600000000001,2442.134998189879,2442.211070099991,-0.4,11.122,0.8,11.02891011235955,long_nclose,8.823128089887641,0.003612874839608532,3.0
1704217500000.0,1171550,1704217500000.0,0.018617977528089826,-0.00044488000000000004,2442.153171287407,2442.2108252199914,-0.2,11.122,0.6,11.02891011235955,long_nclose,6.61734606741573,0.002709635966005902,2.0
1704217800000.0,1171555,1704217800000.0,0.018617977528089826,-0.00044488000000000004,2442.1713443849353,2442.2101803399914,-0.2,11.122,0.4,11.02891011235955,long_nclose,4.4115640449438205,0.001806410535070331,5.0
1704219540000.0,1171584,1704219540000.0,0.009308988764044913,-0.00022244000000000002,2442.1804309336994,2442.2113578999915,-0.1,11.122,0.3,11.02891011235955,long_nclose,3.308673033707865,0.0013548028605089128,29.0
1704221100000.0,1171610,1704221100000.0,0.009308988764044913,-0.00022244000000000002,2442.1895174824635,2442.2109354599916,-0.1,11.122,0.2,11.02891011235955,long_nclose,2.2057820224719102,0.000903198546501725,26.0
1704221700000.0,1171620,1704221700000.0,0.009308988764044913,-0.00022244000000000002,2442.1986040312277,2442.2087130199916,-0.1,11.122,0.1,11.02891011235955,long_nclose,1.1028910112359551,0.0004515975930112573,10.0
1704221820000.0,1171622,1704221820000.0,0.009308988764044913,-0.00022244000000000002,2442.207690579992,2442.207690579992,-0.1,11.122,0.0,11.02891011235955,long_nclose,0.0,0.0,2.0
1704282660000.0,1172636,1704282660000.0,0.0,-0.019567540000000005,2442.1881230399918,2442.1080230399916,8.9,10.993,8.9,10.993,long_ientry_normal,97.83770000000001,0.04006149201897412,1014.0
1704283260000.0,1172646,1704283260000.0,0.0,-0.01950494,2442.168618099992,2436.8682180999917,9.1,10.717,18.0,10.853466666666666,long_rentry,195.36239999999998,0.07999545918004303,10.0
1704283260000.0,1172646,1704283260000.0,0.0,-0.019548600000000003,2442.149069499992,2437.304369499992,9.3,10.51,27.3,10.736461538461539,long_rentry,293.10540000000003,0.12001945485662377,0.0
1704283680000.0,1172653,1704283680000.0,0.0,-0.027673680000000003,2442.121395819992,2414.595095819992,13.4,10.326,40.7,10.601321867321866,long_rentry,431.4738,0.1766799147407346,7.0
1704283680000.0,1172653,1704283680000.0,0.0,-0.040392000000000004,2442.081003819992,2411.094703819992,20.0,10.098,60.7,10.435482701812191,long_rentry,633.4338,0.2593827964793796,0.0
1704283680000.0,1172653,1704283680000.0,0.0,-0.05840800000000001,2442.022595819992,2414.761295819992,29.8,9.8,90.5,10.226229834254145,long_rentry,925.4738000000001,0.3789783933957584,0.0
1704283740000.0,1172654,1704283740000.0,0.0,-0.08350752,2441.9390882999924,2291.173888299992,44.4,9.404,134.9,9.955607116382506,long_rentry,1343.0114,0.549977436552263,1.0
1704283740000.0,1172654,1704283740000.0,0.0,-0.11735393999999999,2441.821734359992,2288.478634359992,66.1,8.877,201.0,9.600900995024876,long_rentry,1929.7811000000002,0.7903038427601681,0.0
1704284160000.0,1172661,1704284160000.0,5.433633333333331,-0.12973880000000002,2447.125628893326,2460.0028955599923,-67.0,9.682,134.0,9.600900995024876,long_nclose,1286.5207333333333,0.5257272933368533,7.0
1704284340000.0,1172664,1704284340000.0,17.96263333333329,-0.1322446,2464.956017626659,2475.7496509599923,-67.0,9.869,67.0,9.600900995024876,long_nclose,643.2603666666666,0.2609622086831468,3.0
1704284580000.0,1172668,1704284580000.0,8.981316666666645,-0.0661223,2473.8712119933257,2485.4990286599923,-33.5,9.869,33.5,9.600900995024876,long_nclose,321.6301833333333,0.13001088406464753,4.0
1704284880000.0,1172673,1704284880000.0,4.477253383084566,-0.03296246,2478.3155029164104,2485.3227661999927,-16.7,9.869,16.8,9.600900995024876,long_nclose,161.29513671641791,0.06508256778711606,5.0
1704285180000.0,1172678,1704285180000.0,2.2520316417910395,-0.01657992,2480.5509546382013,2483.4833862799924,-8.4,9.869,8.4,9.600900995024876,long_nclose,80.64756835820896,0.03251195796136014,5.0
1704285360000.0,1172681,1704285360000.0,3.814431641791039,-0.016892400000000002,2484.3484938799925,2484.3484938799925,-8.4,10.055,0.0,9.600900995024876,long_nclose,0.0,0.0,3.0
1704285420000.0,1172682,1704285420000.0,0.0,-0.01997424,2484.3285196399925,2484.6156196399925,9.9,10.088,9.9,10.088,long_ientry_normal,99.8712,0.04020048041571912,1.0
1704285960000.0,1172691,1704285960000.0,0.2805000000000028,-0.006714180000000001,2484.6023054599923,2485.354705459992,-3.3,10.173,6.6,10.088,long_nclose,66.5808,0.02679736706904223,9.0
1704286020000.0,1172692,1704286020000.0,0.0,-0.00632524,2484.5959802199923,2485.755780219992,3.1,10.202,9.7,10.124432989690721,long_ientry_partial,98.207,0.03952634584529292,1.0
1704286260000.0,1172696,1704286260000.0,0.27381443298969543,-0.006534400000000001,2484.863260252982,2485.5364458199924,-3.2,10.21,6.5,10.124432989690721,long_nclose,65.80881443298969,0.026483877598274662,4.0
1704286320000.0,1172697,1704286320000.0,0.0,-0.00654592,2484.856714332982,2485.8402998999923,3.2,10.228,9.7,10.158599426081413,long_ientry_partial,98.5384144329897,0.03965557203544458,1.0
1704286860000.0,1172706,1704286860000.0,0.2764818365394774,-0.0065568,2485.1266393695214,2485.4542430999923,-3.2,10.245,6.5,10.158599426081413,long_nclose,66.03089626952918,0.026570435173589896,9.0
1704286920000.0,1172707,1704286920000.0,0.0,-0.00653376,2485.1201056095215,2485.748409339992,3.2,10.209,9.7,10.175226419539092,long_ientry_partial,98.69969626952918,0.03971626805752363,1.0
1704286920000.0,1172707,1704286920000.0,0.1465245189679056,-0.0043029,2485.2623272284895,2485.7546064399926,-2.1,10.245,7.6,10.175226419539092,long_nclose,77.3317207884971,0.031116119993150077,0.0
1704286980000.0,1172708,1704286980000.0,0.0,-0.0043008000000000005,2485.2580264284898,2485.4690056399927,2.1,10.24,9.7,10.189249565824444,long_ientry_partial,98.8357207884971,0.039768796534391145,1.0
1704287760000.0,1172721,1704287760000.0,0.2744013893617819,-0.006576000000000001,2485.525851817851,2486.148229639992,-3.2,10.275,6.5,10.189249565824444,long_nclose,66.23012217785889,0.026646321996377485,13.0
1704287820000.0,1172722,1704287820000.0,0.0,-0.0065824,2485.5192694178513,2486.0058472399924,3.2,10.285,9.7,10.220837337923598,long_ientry_partial,99.1421221778589,0.03988789119348875,1.0
1704291300000.0,1172780,1704291300000.0,0.0,-0.019928,2485.499341417851,2482.712519239992,10.0,9.964,19.7,10.090463054713648,long_rentry,198.78212217785887,0.07997673500265896,58.0
1704291360000.0,1172781,1704291360000.0,0.0,-0.019932840000000004,2485.4794085778512,2483.4616863999922,10.2,9.771,29.9,9.981482347085581,long_rentry,298.44632217785886,0.12007595844401894,1.0
1704295500000.0,1172850,1704295500000.0,0.8367247638527519,-0.019930680000000003,2486.296202661704,2488.186555719992,-9.9,10.066,20.0,9.981482347085581,long_nclose,199.62964694171163,0.08029198078973783,69.0
1704295980000.0,1172858,1704295980000.0,0.5578165092351678,-0.013287120000000003,2486.840732050939,2488.093868599992,-6.6,10.066,13.4,9.981482347085581,long_nclose,133.7518634509468,0.05378384780622416,8.0
1704296220000.0,1172862,1704296220000.0,0.37187767282344525,-0.00885808,2487.203751643762,2487.955410519992,-4.4,10.066,9.0,9.981482347085581,long_nclose,89.83334112377023,0.036118207470698965,4.0
1704296280000.0,1172863,1704296280000.0,0.2535529587432581,-0.0060396,2487.4512650025054,2488.0843709199917,-3.0,10.066,6.0,9.981482347085581,long_nclose,59.88889408251349,0.02407640902361686,1.0
1704296340000.0,1172864,1704296340000.0,0.0,-0.00786786,2487.4433971425055,2487.7498030599922,3.9,10.087,9.9,10.023049907324594,long_ientry_partial,99.22819408251348,0.03989163902041092,1.0
1704297180000.0,1172878,1704297180000.0,0.2803353058288401,-0.006671280000000001,2487.7170611683346,2488.469131779992,-3.3,10.108,6.6,10.023049907324594,long_nclose,66.15212938834232,0.02659150046479745,14.0
1704297240000.0,1172879,1704297240000.0,0.0,-0.006487680000000001,2487.7105734883344,2488.541044099992,3.2,10.137,9.8,10.060258100851257,long_ientry_partial,98.59052938834233,0.039631028801753274,1.0
1704297300000.0,1172880,1704297300000.0,0.27117407727597537,-0.0064928,2487.9752547656103,2488.554351299992,-3.2,10.145,6.6,10.060258100851257,long_nclose,66.39770346561829,0.026687445278419198,1.0
1704297360000.0,1172881,1704297360000.0,0.0,-0.00649472,2487.9687600456105,2488.9202565799924,3.2,10.148,9.8,10.088908516899824,long_ientry_partial,98.87130346561828,0.039739768864222286,1.0
1704297480000.0,1172883,1704297480000.0,0.27229274592056074,-0.006511360000000001,2488.234541431531,2488.848945219992,-3.2,10.174,6.6,10.088908516899824,long_nclose,66.58679621153884,0.026760659054765042,2.0
1704297600000.0,1172885,1704297600000.0,0.0,-0.00651648,2488.228024951531,2489.0482287399923,3.2,10.182,9.8,10.11930573587131,long_ientry_partial,99.16919621153885,0.03985534895398929,2.0
1704297660000.0,1172886,1704297660000.0,0.27422164521181003,-0.0065312,2488.4957153967425,2489.147097539992,-3.2,10.205,6.6,10.11930573587131,long_nclose,66.78741785675064,0.026838470102048248,1.0
1704297720000.0,1172887,1704297720000.0,0.0,-0.006335160000000001,2488.4893802367424,2489.4414623799917,3.1,10.218,9.7,10.15084720172687,long_ientry_partial,98.46321785675063,0.03956746556313748,1.0
1704297840000.0,1172889,1704297840000.0,0.27568895447401476,-0.006551680000000001,2488.7585175112163,2489.3380106999916,-3.2,10.237,6.5,10.15084720172687,long_nclose,65.98050681122466,0.02651141376191284,2.0
1704297900000.0,1172890,1704297900000.0,0.0,-0.006551040000000001,2488.7519664712163,2489.1405596599916,3.2,10.236,9.7,10.178938846518008,long_ientry_partial,98.73570681122467,0.03967277902394642,1.0
1704299280000.0,1172913,1704299280000.0,0.27539569114237566,-0.006569600000000002,2489.0207925623586,2489.5671900599914,-3.2,10.265,6.5,10.178938846518008,long_nclose,66.16310250236705,0.026581980632734887,23.0
1704299340000.0,1172914,1704299340000.0,0.18072842231218403,-0.0043113000000000005,2489.1972096846707,2489.5626787599913,-2.1,10.265,4.4,10.178938846518008,long_nclose,44.78733092467924,0.017992680833172257,1.0
1704299400000.0,1172915,1704299400000.0,0.12048561487478934,-0.0028742000000000004,2489.3148210995455,2489.4710045599913,-1.4,10.265,3.0,10.178938846518008,long_nclose,30.536816539554025,0.01226715732406467,1.0
1704299580000.0,1172918,1704299580000.0,0.0,-0.0136881,2489.3011329995456,2489.3899164599916,6.7,10.215,9.7,10.203847065933406,long_ientry_partial,98.97731653955402,0.03976108604437456,3.0
1704306900000.0,1173040,1704306900000.0,0.0,-0.019896,2489.281236999546,2486.8783204599918,10.0,9.948,19.7,10.07397545886061,long_rentry,198.45731653955403,0.0797247468826642,122.0
1704308160000.0,1173061,1704308160000.0,0.0,-0.019900200000000003,2489.261336799546,2486.266520259992,10.2,9.755,29.9,9.965161088279398,long_rentry,297.958316539554,0.11969748299816535,21.0
1704310440000.0,1173099,1704310440000.0,0.8300052260339531,-0.01989702,2490.07144500558,2491.928223239992,-9.9,10.049,20.0,9.965161088279398,long_nclose,199.30322176558798,0.08003915797891549,38.0
1704310620000.0,1173102,1704310620000.0,0.5533368173559686,-0.01326468,2490.611517142936,2491.440158559992,-6.6,10.049,13.4,9.965161088279398,long_nclose,133.53315858294394,0.05361460736202019,3.0
1704313920000.0,1173157,1704313920000.0,0.3688912115706458,-0.008843120000000001,2490.9715652345067,2491.726115439992,-4.4,10.049,9.0,9.965161088279398,long_nclose,89.68644979451459,0.03600460601246216,55.0
1704313980000.0,1173158,1704313980000.0,0.25151673516180395,-0.0060294,2491.2170525696683,2491.738086039992,-3.0,10.049,6.0,9.965161088279398,long_nclose,59.79096652967639,0.024000705385346707,1.0
1704314100000.0,1173160,1704314100000.0,0.16767782344120263,-0.0040196,2491.3807107931098,2491.736066439992,-2.0,10.049,4.0,9.965161088279398,long_nclose,39.86064435311759,0.015999419189702362,2.0
1704314280000.0,1173163,1704314280000.0,0.10899058523678172,-0.00261274,2491.4870886383464,2491.721553699992,-1.3,10.049,2.7,9.965161088279398,long_nclose,26.905934938354378,0.010799146847298765,3.0
1704316500000.0,1173200,1704316500000.0,0.07545502054854118,-0.00180882,2491.560734838895,2491.754844879992,-0.9,10.049,1.8,9.965161088279398,long_nclose,17.937289958902916,0.007199218428870748,37.0
1704317580000.0,1173218,1704317580000.0,0.050303347032360786,-0.00120588,2491.6098323059273,2491.715238999992,-0.6,10.049,1.2,9.965161088279398,long_nclose,11.958193305935277,0.00479938437827894,18.0
1704320940000.0,1173274,1704320940000.0,0.0,-0.01746096,2491.5923713459274,2491.559378039992,8.8,9.921,10.0,9.926299330593528,long_ientry_partial,99.26299330593528,0.03983917852995939,56.0
1704331380000.0,1173448,1704331380000.0,0.0,-0.019934620000000004,2491.572436725927,2490.987643419992,10.3,9.677,20.3,9.799807552016517,long_rentry,198.93609330593532,0.0798435920921284,174.0
1704334320000.0,1173497,1704334320000.0,0.557389401489328,-0.01324322,2492.1165829074166,2493.316000199992,-6.7,9.883,13.6,9.799807552016517,long_nclose,133.27738270742464,0.053479593860708226,49.0
1704334560000.0,1173501,1704334560000.0,0.3743660159256681,-0.008894699999999998,2492.4820542233424,2493.357405499992,-4.5,9.883,9.1,9.799807552016517,long_nclose,89.17824872335031,0.03577889300035031,4.0
1704335700000.0,1173520,1704335700000.0,0.2495773439504454,-0.0059298,2492.725701767293,2493.281975699992,-3.0,9.883,6.1,9.799807552016517,long_nclose,59.778826067300756,0.023981309305279263,19.0
1704346560000.0,1173701,1704346560000.0,0.8195773439504492,-0.0060438,2493.5392353112434,2494.414031899992,-3.0,10.073,3.1,9.799807552016517,long_nclose,30.379403411251204,0.012183246600272262,181.0
1704350640000.0,1173769,1704350640000.0,0.4097886719752246,-0.0030219,2493.9460020832184,2494.384709999992,-1.5,10.073,1.6,9.799807552016517,long_nclose,15.679692083226428,0.006287101673464069,68.0
1704356340000.0,1173864,1704356340000.0,0.0415962239917409,-0.0009883,2493.9866100072104,2494.078121699992,-0.5,9.883,1.1,9.799807552016517,long_nclose,10.779788307218169,0.004322312022030866,95.0
1704356400000.0,1173865,1704356400000.0,0.024957734395044538,-0.00059298,2494.0109747616057,2494.0959287199926,-0.3,9.883,0.8,9.799807552016517,long_nclose,7.839846041613214,0.0031434689425785703,1.0
1704357480000.0,1173883,1704357480000.0,0.016638489596696362,-0.00039532,2494.0272179312024,2494.0741333999927,-0.2,9.883,0.6,9.799807552016517,long_nclose,5.87988453120991,0.0023575863522801808,18.0
1704357660000.0,1173886,1704357660000.0,0.016638489596696362,-0.00039532,2494.043461100799,2494.0759380799923,-0.2,9.883,0.4,9.799807552016517,long_nclose,3.919923020806607,0.0015717139985509578,3.0
1704357780000.0,1173888,1704357780000.0,0.008319244798348181,-0.00019766,2494.051582685597,2494.0771404199922,-0.1,9.883,0.3,9.799807552016517,long_nclose,2.939942265604955,0.0011787816603372823,2.0
1704357900000.0,1173890,1704357900000.0,0.008319244798348181,-0.00019766,2494.0597042703953,2494.075342759992,-0.1,9.883,0.2,9.799807552016517,long_nclose,1.9599615104033035,0.0007858518811908974,2.0
1704358020000.0,1173892,1704358020000.0,0.008319244798348181,-0.00019766,2494.0678258551934,2494.0786450999917,-0.1,9.883,0.1,9.799807552016517,long_nclose,0.9799807552016517,0.0003929246610868031,2.0
1704363840000.0,1173989,1704363840000.0,0.008319244798348181,-0.00019766,2494.0759474399915,2494.0759474399915,-0.1,9.883,0.0,9.799807552016517,long_nclose,0.0,0.0,97.0
1704419280000.0,1174913,1704419280000.0,0.0,-0.020052,2494.0558954399917,2492.6358954399916,10.0,10.026,10.0,10.026,long_ientry_normal,100.25999999999999,0.0401995802031985,924.0
1704420000000.0,1174925,1704420000000.0,0.2805000000000028,-0.006673260000000001,2494.3297221799917,2494.9796221799916,-3.3,10.111,6.7,10.026,long_nclose,67.1742,0.026930761960889102,12.0
1704420120000.0,1174927,1704420120000.0,0.1870000000000019,-0.004448840000000001,2494.5122733399917,2495.0162733399916,-2.2,10.111,4.5,10.026,long_nclose,45.117,0.018086501510610423,2.0
1704420300000.0,1174930,1704420300000.0,0.12750000000000128,-0.0030333000000000005,2494.6367400399918,2494.867740039992,-1.5,10.111,3.0,10.026,long_nclose,30.078,0.012057066071879393,3.0
1704420360000.0,1174931,1704420360000.0,0.08500000000000085,-0.0020222,2494.719717839992,2494.925717839992,-1.0,10.111,2.0,10.026,long_nclose,20.052,0.008037776691548204,1.0
1704421680000.0,1174953,1704421680000.0,0.0,-0.016028800000000003,2494.703689039992,2494.7076890399917,8.0,10.018,10.0,10.0196,long_ientry_partial,100.196,0.040163487327249385,22.0
1704422460000.0,1174966,1704422460000.0,0.2785199999999957,-0.006668639999999999,2494.9755403999916,2495.6884203999916,-3.3,10.104,6.7,10.0196,long_nclose,67.13132,0.02690660445883072,13.0
1704424560000.0,1175001,1704424560000.0,0.18567999999999715,-0.00444576,2495.1567746399915,2495.6670746399914,-2.2,10.104,4.5,10.0196,long_nclose,45.0882,0.018070287389659295,35.0
1704424980000.0,1175008,1704424980000.0,0.12659999999999805,-0.0030312,2495.2803434399916,2495.5425434399917,-1.5,10.104,3.0,10.0196,long_nclose,30.0588,0.012046261687198226,7.0
1704425520000.0,1175017,1704425520000.0,0.0843999999999987,-0.0020208,2495.3627226399917,2495.523522639992,-1.0,10.104,2.0,10.0196,long_nclose,20.0392,0.0080305760033152,9.0
1704425700000.0,1175020,1704425700000.0,0.05063999999999922,-0.00121248,2495.4121501599916,2495.5835101599914,-0.6,10.104,1.4,10.0196,long_nclose,14.02744,0.00562129185717904,3.0
1704431100000.0,1175110,1704431100000.0,0.03375999999999948,-0.00080832,2495.4451018399914,2495.5295018399916,-0.4,10.104,1.0,10.0196,long_nclose,10.0196,0.004015155449667937,90.0
1704431160000.0,1175111,1704431160000.0,0.02531999999999961,-0.00060624,2495.4698155999918,2495.542895599992,-0.3,10.104,0.7,10.0196,long_nclose,7.01372,0.0028105809800443027,1.0
1704435540000.0,1175184,1704435540000.0,0.01687999999999974,-0.00040416,2495.486291439992,2495.526991439992,-0.2,10.104,0.5,10.0196,long_nclose,5.0098,0.0020075445884774434,73.0
1704436800000.0,1175205,1704436800000.0,0.00843999999999987,-0.00020208,2495.494529359992,2495.529089359992,-0.1,10.104,0.4,10.0196,long_nclose,4.007840000000001,0.0016060303690699225,21.0
1704437280000.0,1175213,1704437280000.0,0.00843999999999987,-0.00020208,2495.5027672799924,2495.5349872799925,-0.1,10.104,0.3,10.0196,long_nclose,3.00588,0.0012045188005446695,8.0
1704445260000.0,1175346,1704445260000.0,0.0279399999999999,-0.00020598000000000003,2495.5305012999925,2495.5839812999925,-0.1,10.299,0.2,10.0196,long_nclose,2.0039200000000004,0.0008030036094353892,133.0
1704445320000.0,1175347,1704445320000.0,0.0279399999999999,-0.00020598000000000003,2495.5582353199925,2495.5871753199926,-0.1,10.299,0.1,10.0196,long_nclose,1.0019600000000002,0.0004014973426863445,1.0
1704445500000.0,1175350,1704445500000.0,0.0279399999999999,-0.00020598000000000003,2495.5859693399925,2495.5859693399925,-0.1,10.299,0.0,10.0196,long_nclose,0.0,0.0,3.0
1704466680000.0,1175703,1704466680000.0,0.0,-0.019999980000000004,2495.5659693599923,2495.5659693599923,9.9,10.101,9.9,10.101,long_ientry_normal,99.99990000000001,0.0400710304707536,353.0
1704467040000.0,1175709,1704467040000.0,0.2804999999999969,-0.0067227599999999995,2495.8397465999924,2496.1697465999923,-3.3,10.186,6.6,10.101,long_nclose,66.6666,0.026711089961131484,6.0
1704467160000.0,1175711,1704467160000.0,0.18699999999999797,-0.004481840000000001,2496.022264759992,2496.396264759992,-2.2,10.186,4.4,10.101,long_nclose,44.44440000000001,0.01780609116652796,2.0
1704467460000.0,1175716,1704467460000.0,0.1189999999999987,-0.00285208,2496.138412679992,2496.477412679992,-1.4,10.186,3.0,10.101,long_nclose,30.303000000000004,0.012139951793564616,5.0
1704468000000.0,1175725,1704468000000.0,0.0,-0.013935240000000003,2496.124477439992,2495.640277439992,6.9,10.098,9.9,10.098909090909093,long_ientry_partial,99.97920000000002,0.040053771718363176,9.0
1704473880000.0,1175823,1704473880000.0,0.0,-0.019886900000000002,2496.104590539992,2493.490890539992,10.1,9.845,20.0,9.970685000000001,long_rentry,199.41370000000003,0.07988996164494057,98.0
1704479940000.0,1175924,1704479940000.0,0.5564789999999892,-0.0132726,2496.6477969399916,2497.7508179399915,-6.6,10.055,13.4,9.970685000000001,long_nclose,133.60717900000003,0.05351462836037796,101.0
1704480000000.0,1175925,1704480000000.0,0.3709859999999928,-0.008848400000000001,2497.0099345399917,2497.813769539992,-4.4,10.055,9.0,9.970685000000001,long_nclose,89.73616500000001,0.03593744812894849,1.0
1704480480000.0,1175933,1704480480000.0,0.2529449999999951,-0.006033,2497.256846539992,2497.7687365399916,-3.0,10.055,6.0,9.970685000000001,long_nclose,59.824110000000005,0.023955929916815614,8.0
1704480600000.0,1175935,1704480600000.0,0.16862999999999673,-0.004022,2497.421454539992,2497.702714539992,-2.0,10.055,4.0,9.970685000000001,long_nclose,39.882740000000005,0.01596956730210606,2.0
1704480780000.0,1175938,1704480780000.0,0.10960949999999788,-0.0026143000000000004,2497.5284497399916,2497.7372002399916,-1.3,10.055,2.7,9.970685000000001,long_nclose,26.920849500000006,0.010778996132277346,3.0
1704483960000.0,1175991,1704483960000.0,0.07588349999999854,-0.0018099000000000001,2497.602523339992,2497.7614903399917,-0.9,10.055,1.8,9.970685000000001,long_nclose,17.947233000000004,0.007185784300057297,53.0
1704484140000.0,1175994,1704484140000.0,0.05058899999999902,-0.0012066,2497.651905739992,2497.737483739992,-0.6,10.055,1.2,9.970685000000001,long_nclose,11.964822000000002,0.004790428150737492,3.0
1704485340000.0,1176014,1704485340000.0,0.03372599999999935,-0.0008044,2497.684827339992,2497.7522793399917,-0.4,10.055,0.8,9.970685000000001,long_nclose,7.976548000000001,0.003193576672559981,20.0
1704485400000.0,1176015,1704485400000.0,0.016862999999999673,-0.0004022,2497.701288139992,2497.750077139992,-0.2,10.055,0.6,9.970685000000001,long_nclose,5.982411000000001,0.0023951667192577022,1.0
1704485460000.0,1176016,1704485460000.0,0.016862999999999673,-0.0004022,2497.717748939992,2497.753874939992,-0.2,10.055,0.4,9.970685000000001,long_nclose,3.9882740000000005,0.0015967672895356518,1.0
1704486600000.0,1176035,1704486600000.0,0.008431499999999837,-0.0002011,2497.7259793399917,2497.751273839992,-0.1,10.055,0.3,9.970685000000001,long_nclose,2.9912055000000004,0.0011975715209521934,19.0
1704486660000.0,1176036,1704486660000.0,0.008431499999999837,-0.0002011,2497.7342097399915,2497.7506727399914,-0.1,10.055,0.2,9.970685000000001,long_nclose,1.9941370000000003,0.0007983783831857696,1.0
1704486720000.0,1176037,1704486720000.0,0.008431499999999837,-0.0002011,2497.7424401399912,2497.7509716399913,-0.1,10.055,0.1,9.970685000000001,long_nclose,0.9970685000000001,0.0003991878762103739,1.0
1704494280000.0,1176163,1704494280000.0,0.008431499999999837,-0.0002011,2497.750670539991,2497.750670539991,-0.1,10.055,0.0,9.970685000000001,long_nclose,0.0,0.0,126.0
1704517680000.0,1176553,1704517680000.0,0.0,-0.019892,2497.730778539991,2497.730778539991,10.0,9.946,10.0,9.946,long_ientry_normal,99.46,0.03982014429038575,390.0
1704520320000.0,1176597,1704520320000.0,0.0,-0.019973760000000004,2497.710804779991,2496.0634047799913,10.3,9.696,20.3,9.819152709359606,long_rentry,199.32880000000003,0.07980459531925585,44.0
1704524100000.0,1176660,1704524100000.0,0.0,-0.019968900000000005,2497.690835879991,2492.318735879991,10.5,9.509,30.8,9.71341883116883,long_rentry,299.1733,0.11977995663125965,63.0
1704529440000.0,1176749,1704529440000.0,0.8423279220779221,-0.01998384,2498.513179962069,2500.152552039991,-10.2,9.796,20.6,9.71341883116883,long_nclose,200.09642792207794,0.08008620067600192,89.0
1704529740000.0,1176754,1704529740000.0,0.5615519480519481,-0.013322559999999999,2499.0614093501213,2500.2838294799913,-6.8,9.796,13.8,9.71341883116883,long_nclose,134.04517987012986,0.05363820967688353,5.0
1704531120000.0,1176777,1704531120000.0,0.3798733766233766,-0.009012319999999999,2499.432270406745,2500.2104171599917,-4.6,9.796,9.2,9.71341883116883,long_nclose,89.36345324675324,0.03575350062684863,23.0
1704532020000.0,1176792,1704532020000.0,0.24774350649350652,-0.0058776,2499.6741363132383,2500.2667395599915,-3.0,9.796,6.2,9.71341883116883,long_nclose,60.223196753246754,0.024092419039095137,15.0
1704538800000.0,1176905,1704538800000.0,0.8388016233766253,-0.006190080000000001,2500.5067478566148,2501.3176494799914,-3.1,9.984,3.1,9.71341883116883,long_nclose,30.111598376623377,0.012042198407356607,113.0
1704546360000.0,1177031,1704546360000.0,0.08258116883116884,-0.0019592,2500.587369825446,2500.7439902799915,-1.0,9.796,2.1,9.71341883116883,long_nclose,20.398179545454546,0.008157355264446707,126.0
1704546540000.0,1177034,1704546540000.0,0.05780681818181818,-0.0013714399999999998,2500.6438052036274,2500.765018839991,-0.7,9.796,1.4,9.71341883116883,long_nclose,13.598786363636362,0.005438114110989515,3.0
1704554940000.0,1177174,1704554940000.0,0.1894068181818186,-0.00139776,2500.831814261809,2501.021921079991,-0.7,9.984,0.7,9.71341883116883,long_nclose,6.799393181818181,0.0027188526405664,140.0
1704557520000.0,1177217,1704557520000.0,0.08117435064935083,-0.00059904,2500.9123895724583,2501.021022039991,-0.3,9.984,0.4,9.71341883116883,long_nclose,3.8853675324675323,0.0015535800249011332,43.0
1704557760000.0,1177221,1704557760000.0,0.054116233766233895,-0.00039936,2500.966106446225,2501.021022679991,-0.2,9.984,0.2,9.71341883116883,long_nclose,1.9426837662337662,0.0007767733282056525,4.0
1704558000000.0,1177225,1704558000000.0,0.027058116883116948,-0.00019968,2500.9929648831076,2501.0200229999905,-0.1,9.984,0.1,9.71341883116883,long_nclose,0.9713418831168831,0.00038838249317597824,4.0
1704558060000.0,1177226,1704558060000.0,0.027058116883116948,-0.00019968,2501.0198233199903,2501.0198233199903,-0.1,9.984,0.0,9.71341883116883,long_nclose,0.0,0.0,1.0
1704582960000.0,1177641,1704582960000.0,0.0,-0.020023200000000005,2500.99980011999,2501.17490011999,10.3,9.72,10.3,9.72,long_ientry_normal,100.11600000000001,0.04003039104409235,415.0
1704583860000.0,1177656,1704583860000.0,0.27879999999999644,-0.00666536,2501.27193475999,2501.87913475999,-3.4,9.802,6.9,9.72,long_nclose,67.06800000000001,0.026813557961435943,15.0
1704585720000.0,1177687,1704585720000.0,0.1885999999999976,-0.0045089200000000005,2501.45602583999,2501.75502583999,-2.3,9.802,4.6,9.72,long_nclose,44.711999999999996,0.01787438977064795,31.0
1704586080000.0,1177693,1704586080000.0,0.12299999999999844,-0.0029406,2501.5760852399903,2501.7806852399904,-1.5,9.802,3.1,9.72,long_nclose,30.132,0.012045206291260683,6.0
1704586320000.0,1177697,1704586320000.0,0.08199999999999896,-0.0019604,2501.6561248399903,2501.8241248399904,-1.0,9.802,2.1,9.72,long_nclose,20.412000000000003,0.008159394809430726,4.0
1704586380000.0,1177698,1704586380000.0,0.05739999999999927,-0.00137228,2501.7121525599905,2501.8353525599905,-0.7,9.802,1.4,9.72,long_nclose,13.608,0.0054394747157761525,1.0
1704592440000.0,1177799,1704592440000.0,0.032799999999999586,-0.00078416,2501.7441683999905,2501.8251683999906,-0.4,9.802,1.0,9.72,long_nclose,9.72,0.0038852893604290886,101.0
1704592500000.0,1177800,1704592500000.0,0.024599999999999688,-0.00058812,2501.7681802799907,2501.819280279991,-0.3,9.802,0.7,9.72,long_nclose,6.804,0.002719676448694186,1.0
1704592560000.0,1177801,1704592560000.0,0.016399999999999793,-0.00039208,2501.7841881999907,2501.8261881999906,-0.2,9.802,0.5,9.72,long_nclose,4.86,0.0019426136046917471,1.0
1704592680000.0,1177803,1704592680000.0,0.008199999999999897,-0.00019604,2501.792192159991,2501.821392159991,-0.1,9.802,0.4,9.72,long_nclose,3.8880000000000003,0.001554085911765193,2.0
1704592860000.0,1177806,1704592860000.0,0.008199999999999897,-0.00019604,2501.800196119991,2501.829596119991,-0.1,9.802,0.3,9.72,long_nclose,2.916,0.0011655607048566012,3.0
1704597120000.0,1177877,1704597120000.0,0.008199999999999897,-0.00019604,2501.8082000799914,2501.827000079991,-0.1,9.802,0.2,9.72,long_nclose,1.9440000000000002,0.0007770379839421119,71.0
1704597420000.0,1177882,1704597420000.0,0.008199999999999897,-0.00019604,2501.8162040399916,2501.8256040399915,-0.1,9.802,0.1,9.72,long_nclose,0.9720000000000001,0.0003885177489978647,5.0
1704599400000.0,1177915,1704599400000.0,0.008199999999999897,-0.00019604,2501.824207999992,2501.824207999992,-0.1,9.802,0.0,9.72,long_nclose,0.0,0.0,33.0
1704645960000.0,1178691,1704645960000.0,0.0,-0.020032480000000002,2501.804175519992,2501.897775519992,10.4,9.631,10.4,9.631,long_ientry_normal,100.1624,0.04003606716308305,776.0
1704650520000.0,1178767,1704650520000.0,0.27539999999999837,-0.00660416,2502.072971359992,2502.625971359992,-3.4,9.712,7.0,9.631,long_nclose,67.417,0.02694445796413194,76.0
1704650760000.0,1178771,1704650760000.0,0.18629999999999888,-0.00446752,2502.254803839992,2502.630803839992,-2.3,9.712,4.7,9.631,long_nclose,45.2657,0.018089964271638,4.0
1704650820000.0,1178772,1704650820000.0,0.12149999999999928,-0.0029136,2502.373390239992,2502.629390239992,-1.5,9.712,3.2,9.631,long_nclose,30.819200000000002,0.01231598774195895,1.0
1704650880000.0,1178773,1704650880000.0,0.08099999999999952,-0.0019424,2502.452447839992,2502.6328478399923,-1.0,9.712,2.2,9.631,long_nclose,21.188200000000002,0.008466974075087313,1.0
1704655440000.0,1178849,1704655440000.0,0.05669999999999966,-0.0013596799999999998,2502.5077881599923,2502.651788159992,-0.7,9.712,1.5,9.631,long_nclose,14.4465,0.005772809206968348,76.0
1704663060000.0,1178976,1704663060000.0,0.04049999999999976,-0.0009712,2502.5473169599923,2502.640316959992,-0.5,9.712,1.0,9.631,long_nclose,9.631,0.003848478681993276,127.0
1704665280000.0,1179013,1704665280000.0,0.0,-0.0181868,2502.5291301599923,2502.5541301599924,9.5,9.572,10.5,9.577619047619047,long_ientry_partial,100.565,0.04018534641136051,37.0
1704666960000.0,1179041,1704666960000.0,0.0,-0.01997904,2502.509151119992,2500.1205511199923,10.7,9.336,21.2,9.455669811320753,long_rentry,200.46019999999996,0.0801036831015321,28.0
1704680220000.0,1179262,1704680220000.0,0.0,-0.01996008,2502.489191039992,2496.9065910399922,10.9,9.156,32.1,9.353912772585668,long_rentry,300.26059999999995,0.11998477399025917,221.0
1704682320000.0,1179297,1704682320000.0,0.0,-0.028250579999999997,2502.460940459992,2492.294640459992,15.7,8.997,47.8,9.23668410041841,long_rentry,441.51349999999996,0.1764317248119936,35.0
1704694860000.0,1179506,1704694860000.0,1.2452228033472743,-0.0296217,2503.676541563339,2506.3024187599917,-15.9,9.315,31.9,9.23668410041841,long_nclose,294.6502228033473,0.1176870166380848,209.0
1704696660000.0,1179536,1704696660000.0,0.8301485355648495,-0.0197478,2504.486942298904,2506.091170959992,-10.6,9.315,21.3,9.23668410041841,long_nclose,196.74137133891213,0.07855555883167051,30.0
1704696780000.0,1179538,1704696780000.0,0.556042887029286,-0.0132273,2505.0297578859336,2506.141843659992,-7.1,9.315,14.2,9.23668410041841,long_nclose,131.1609142259414,0.052359024404018205,2.0
1704696840000.0,1179539,1704696840000.0,0.36808472803347103,-0.0087561,2505.389086513967,2506.0855875599923,-4.7,9.315,9.5,9.23668410041841,long_nclose,87.74849895397489,0.03502390084889743,1.0
1704696900000.0,1179540,1704696900000.0,0.2427792887029277,-0.005775300000000001,2505.6260905026697,2506.1913122599917,-3.1,9.315,6.4,9.23668410041841,long_nclose,59.11477824267783,0.023592817167232816,1.0
1704697020000.0,1179542,1704697020000.0,0.16446338912133812,-0.0039123,2505.786641591791,2506.1577999599917,-2.1,9.315,4.3,9.23668410041841,long_nclose,39.717741631799164,0.01585040839972258,2.0
1704697140000.0,1179544,1704697140000.0,0.1096422594142254,-0.0026081999999999998,2505.8936756512053,2506.114991759992,-1.4,9.315,2.9,9.23668410041841,long_nclose,26.786383891213386,0.010689353722979656,2.0
1704697200000.0,1179545,1704697200000.0,0.07048430962343062,-0.0016767,2505.9624832608283,2506.1391150599916,-0.9,9.315,2.0,9.23668410041841,long_nclose,18.47336820083682,0.0073717656685740795,1.0
1704697380000.0,1179548,1704697380000.0,0.04698953974895374,-0.0011178,2506.0083550005775,2506.145997259992,-0.6,9.315,1.4,9.23668410041841,long_nclose,12.931357740585772,0.005160141511412795,3.0
1704701460000.0,1179616,1704701460000.0,0.03132635983263583,-0.0007452,2506.0389361604102,2506.1282520599916,-0.4,9.315,1.0,9.23668410041841,long_nclose,9.23668410041841,0.0036857703873389358,68.0
1704703200000.0,1179645,1704703200000.0,0.02349476987447687,-0.0005589,2506.0618720302846,2506.1117931599915,-0.3,9.315,0.7,9.23668410041841,long_nclose,6.465678870292886,0.0025800156582146635,29.0
1704703260000.0,1179646,1704703260000.0,0.015663179916317917,-0.0003726,2506.077162610201,2506.1213205599915,-0.2,9.315,0.5,9.23668410041841,long_nclose,4.618342050209205,0.0018428570832188494,1.0
1704703740000.0,1179654,1704703740000.0,0.007831589958158958,-0.0001863,2506.084807900159,2506.1109342599916,-0.1,9.315,0.4,9.23668410041841,long_nclose,3.6946736401673643,0.001474281168985307,8.0
1704704820000.0,1179672,1704704820000.0,0.007831589958158958,-0.0001863,2506.092453190117,2506.1141479599914,-0.1,9.315,0.3,9.23668410041841,long_nclose,2.771005230125523,0.0011057075035672314,18.0
1704704880000.0,1179673,1704704880000.0,0.007831589958158958,-0.0001863,2506.100098480075,2506.1135616599913,-0.1,9.315,0.2,9.23668410041841,long_nclose,1.8473368200836822,0.0007371360869440426,1.0
1704704940000.0,1179674,1704704940000.0,0.007831589958158958,-0.0001863,2506.107743770033,2506.1156753599907,-0.1,9.315,0.1,9.23668410041841,long_nclose,0.9236684100418411,0.000368566919095159,1.0
1704705060000.0,1179676,1704705060000.0,0.007831589958158958,-0.0001863,2506.115389059991,2506.115389059991,-0.1,9.315,0.0,9.23668410041841,long_nclose,0.0,0.0,2.0
1704804960000.0,1181341,1704804960000.0,0.0,-0.020065760000000002,2506.095323299991,2505.793723299991,10.4,9.647,10.4,9.647,long_ientry_normal,100.3288,0.0400339121450051,1665.0
1704805020000.0,1181342,1704805020000.0,0.27879999999999644,-0.006615719999999999,2506.367507579991,2506.5425075799913,-3.4,9.729,7.0,9.647,long_nclose,67.529,0.02694297615803448,1.0
1704805080000.0,1181343,1704805080000.0,0.0,-0.00655996,2506.3609476199913,2506.506547619991,3.4,9.647,10.4,9.647,long_ientry_partial,100.3288,0.04002966934801269,1.0
1704805260000.0,1181346,1704805260000.0,0.27879999999999644,-0.006615719999999999,2506.6331318999914,2507.2281318999912,-3.4,9.729,7.0,9.647,long_nclose,67.529,0.02694012104947085,3.0
1704805380000.0,1181348,1704805380000.0,0.1885999999999976,-0.0044753399999999995,2506.817256559991,2507.282556559991,-2.3,9.729,4.7,9.647,long_nclose,45.340900000000005,0.018087038407506247,2.0
1704807360000.0,1181381,1704807360000.0,0.12299999999999844,-0.0029186999999999998,2506.937337859991,2507.276537859991,-1.5,9.729,3.2,9.647,long_nclose,30.870400000000004,0.012313989477835154,33.0
1704807480000.0,1181383,1704807480000.0,0.08199999999999896,-0.0019458,2507.017392059991,2507.182392059991,-1.0,9.729,2.2,9.647,long_nclose,21.2234,0.00846559743351479,2.0
1704807540000.0,1181384,1704807540000.0,0.05739999999999927,-0.0013620599999999998,2507.0734299999913,2507.217429999991,-0.7,9.729,1.5,9.647,long_nclose,14.470500000000001,0.0057718692347994175,1.0
1704807900000.0,1181390,1704807900000.0,0.04099999999999948,-0.0009729,2507.1134570999916,2507.1964570999917,-0.5,9.729,1.0,9.647,long_nclose,9.647,0.0038478513896849334,6.0
1704808260000.0,1181396,1704808260000.0,0.024599999999999688,-0.00058374,2507.137473359992,2507.213773359992,-0.3,9.729,0.7,9.647,long_nclose,6.7528999999999995,0.0026934701713623873,6.0
1704809880000.0,1181423,1704809880000.0,0.016399999999999793,-0.00038916,2507.153484199992,2507.2014841999917,-0.2,9.729,0.5,9.647,long_nclose,4.8235,0.0019238949790659234,27.0
1704811560000.0,1181451,1704811560000.0,0.0,-0.01908522,2507.134398979992,2507.3799989799923,9.9,9.639,10.4,9.639384615384614,long_ientry_partial,100.24959999999999,0.03998573033850349,28.0
1704814920000.0,1181507,1704814920000.0,0.2774923076923123,-0.0066102800000000005,2507.405281007684,2508.018588699992,-3.4,9.721,7.0,9.639384615384614,long_nclose,67.4756923076923,0.02691056480529344,56.0
1704815040000.0,1181509,1704815040000.0,0.18771538461538773,-0.0044716600000000006,2507.5885247322994,2508.0191170399917,-2.3,9.721,4.7,9.639384615384614,long_nclose,45.305107692307686,0.01806720171410271,2.0
1704816180000.0,1181528,1704816180000.0,0.12242307692307897,-0.0029163,2507.7080315092226,2508.0652007399917,-1.5,9.721,3.2,9.639384615384614,long_nclose,30.846030769230765,0.012300487290247498,19.0
1704816420000.0,1181532,1704816420000.0,0.08161538461538598,-0.0019442,2507.787702693838,2508.039856539992,-1.0,9.721,2.2,9.639384615384614,long_nclose,21.20664615384615,0.008456316350489398,4.0
1704817380000.0,1181548,1704817380000.0,0.05713076923077018,-0.00136094,2507.843472523069,2508.0003955999923,-0.7,9.721,1.5,9.639384615384614,long_nclose,14.459076923076921,0.005765542021061649,16.0
1704817860000.0,1181556,1704817860000.0,0.0,-0.017100459999999998,2507.826372063069,2507.673795139992,8.9,9.607,10.4,9.611670857988164,long_ientry_partial,99.96137692307691,0.039859767819908305,8.0
1704818340000.0,1181564,1704818340000.0,0.2765190828402403,-0.006591239999999999,2508.0962999059093,2508.6726038999923,-3.4,9.693,7.0,9.611670857988164,long_nclose,67.28169600591715,0.026825802505446545,8.0
1704818460000.0,1181566,1704818460000.0,0.18705702662722137,-0.00445878,2508.278898152537,2508.6564451199924,-2.3,9.693,4.7,9.611670857988164,long_nclose,45.17485303254438,0.018010299040436748,2.0
1704818640000.0,1181569,1704818640000.0,0.12199371301775308,-0.0029079,2508.3979839655544,2508.6358372199925,-1.5,9.693,3.2,9.611670857988164,long_nclose,30.757346745562128,0.01226174910926116,3.0
1704819300000.0,1181580,1704819300000.0,0.08132914201183539,-0.0019386,2508.4773745075663,2508.6474986199923,-1.0,9.693,2.2,9.611670857988164,long_nclose,21.14567588757396,0.008429685713918398,11.0
1704819360000.0,1181581,1704819360000.0,0.05693039940828477,-0.0013570199999999998,2508.532947886975,2508.6669415999927,-0.7,9.693,1.5,9.611670857988164,long_nclose,14.417506286982245,0.005747385657870915,1.0
1704821520000.0,1181617,1704821520000.0,0.0,-0.0172404,2508.515707486975,2508.5492011999927,9.0,9.578,10.5,9.582810122569736,long_ientry_partial,100.61950628698223,0.040111172509971094,36.0
1704823800000.0,1181655,1704823800000.0,0.2841645710059231,-0.0067648,2508.793107257981,2509.3544363999927,-3.5,9.664,7.0,9.582810122569736,long_nclose,67.07967085798815,0.02673782491825473,38.0
1704823860000.0,1181656,1704823860000.0,0.18673671808960657,-0.004445439999999999,2508.9753985360708,2509.361690959993,-2.3,9.664,4.7,9.582810122569736,long_nclose,45.03920757607776,0.017951235234254227,1.0
1704824100000.0,1181660,1704824100000.0,0.1217848161453956,-0.0028991999999999998,2509.0942841522165,2509.3892917599933,-1.5,9.664,3.2,9.582810122569736,long_nclose,30.664992392223155,0.012221538499333186,4.0
1704826380000.0,1181698,1704826380000.0,0.08118987743026373,-0.0019328,2509.173541229647,2509.3653589599935,-1.0,9.664,2.2,9.582810122569736,long_nclose,21.08218226965342,0.008402042315224586,38.0
1704826620000.0,1181702,1704826620000.0,0.05683291420118461,-0.0013529599999999998,2509.229021183848,2509.3553059999936,-0.7,9.664,1.5,9.582810122569736,long_nclose,14.374215183854604,0.00572853855208198,4.0
1704828480000.0,1181733,1704828480000.0,0.0,-0.0171576,2509.2118635838483,2509.072648399994,9.0,9.532,10.5,9.539258588938532,long_ientry_partial,100.16221518385458,0.039917799145423795,31.0
1704834720000.0,1181837,1704834720000.0,0.2825949387151354,-0.0067339999999999995,2509.4877245225634,2510.1929143999937,-3.5,9.62,7.0,9.539258588938532,long_nclose,66.77481012256972,0.026608940729237397,104.0
1704834960000.0,1181841,1704834960000.0,0.18570524544137468,-0.0044252,2509.669004568005,2509.705389199994,-2.3,9.62,4.7,9.539258588938532,long_nclose,44.834515368011104,0.017864712552294746,4.0
1704835020000.0,1181842,1704835020000.0,0.0,-0.011152180000000001,2509.6578523880053,2509.868437019994,5.9,9.451,10.6,9.490133525284067,long_ientry_partial,100.5954153680111,0.04008331863735606,1.0
1704835140000.0,1181844,1704835140000.0,0.2795326615057663,-0.006699000000000001,2509.930686049511,2510.590038019994,-3.5,9.57,7.1,9.490133525284067,long_nclose,67.37994802951687,0.02684534214590965,2.0
1704835260000.0,1181846,1704835260000.0,0.1836928918466464,-0.0044022,2510.1099767413575,2510.435735819994,-2.3,9.57,4.8,9.490133525284067,long_nclose,45.55264092136352,0.018147667370535008,2.0
1704835320000.0,1181847,1704835320000.0,0.12778635954549317,-0.0030624000000000003,2510.234700700903,2510.554273419994,-1.6,9.57,3.2,9.490133525284067,long_nclose,30.368427280909017,0.012097843788244024,1.0
1704835800000.0,1181855,1704835800000.0,0.07986647471593322,-0.0019140000000000001,2510.312653175619,2510.4355594199938,-1.0,9.57,2.2,9.490133525284067,long_nclose,20.87829375562495,0.008317009329181883,8.0
1704835920000.0,1181857,1704835920000.0,0.0,-0.01587096,2510.296782215619,2509.936888459994,8.4,9.447,10.6,9.455952241096693,long_ientry_partial,100.23309375562494,0.03992878231200933,2.0
1704836160000.0,1181861,1704836160000.0,0.28016715616157395,-0.0066752,2510.5702741717805,2511.174113259994,-3.5,9.536,7.1,9.455952241096693,long_nclose,67.13726091178651,0.026741836945366776,4.0
1704836280000.0,1181863,1704836280000.0,0.18410984547760573,-0.004386559999999999,2510.749997457258,2511.0814266999937,-2.3,9.536,4.8,9.455952241096693,long_nclose,45.38857075726413,0.018077694236077285,2.0
1704836340000.0,1181864,1704836340000.0,0.12807641424529095,-0.0030515200000000003,2510.875022351503,2511.2719751799937,-1.6,9.536,3.2,9.455952241096693,long_nclose,30.25904717150942,0.0120511960580065,1.0
1704836760000.0,1181871,1704836760000.0,0.42247641424529264,-0.0031104000000000006,2511.2943883657485,2511.592064779994,-1.6,9.72,1.6,9.455952241096693,long_nclose,15.12952358575471,0.006024591802476972,7.0
1704837600000.0,1181885,1704837600000.0,0.04002387945165342,-0.0009536,2511.3334586452006,2511.396211179994,-0.5,9.536,1.1,9.455952241096693,long_nclose,10.401547465206363,0.004141842426141898,14.0
1704837660000.0,1181886,1704837660000.0,0.024014327670992052,-0.0005721599999999999,2511.3569008128716,2511.4433390199943,-0.3,9.536,0.8,9.455952241096693,long_nclose,7.564761792877355,0.0030122209194674027,1.0
1704837840000.0,1181889,1704837840000.0,0.01600955178066137,-0.00038144000000000003,2511.372528924652,2511.437357579994,-0.2,9.536,0.6,9.455952241096693,long_nclose,5.673571344658016,0.0022591516309559178,3.0
1704839160000.0,1181911,1704839160000.0,0.07921432767099236,-0.0005832,2511.451160052323,2511.5339743799937,-0.3,9.72,0.3,9.455952241096693,long_nclose,2.836785672329008,0.0011295404495422906,22.0
1704839640000.0,1181919,1704839640000.0,0.02640477589033079,-0.00019440000000000004,2511.477370428213,2511.5295799799937,-0.1,9.72,0.2,9.455952241096693,long_nclose,1.8911904482193387,0.0007530191075927896,8.0
1704839700000.0,1181920,1704839700000.0,0.02640477589033079,-0.00019440000000000004,2511.503580804103,2511.530485579993,-0.1,9.72,0.1,9.455952241096693,long_nclose,0.9455952241096693,0.00037650562449404113,1.0
1704845400000.0,1182015,1704845400000.0,0.02640477589033079,-0.00019440000000000004,2511.529791179993,2511.529791179993,-0.1,9.72,0.0,9.455952241096693,long_nclose,0.0,0.0,95.0
1704876300000.0,1182530,1704876300000.0,0.0,-0.0200928,2511.509698379993,2511.656698379993,10.5,9.568,10.5,9.568,long_ientry_normal,100.464,0.04000143820459965,515.0
1704878220000.0,1182562,1704878220000.0,0.2834999999999983,-0.0067542999999999995,2511.786444079993,2512.381444079993,-3.5,9.649,7.0,9.568,long_nclose,66.976,0.026664687261870983,32.0
1704879240000.0,1182579,1704879240000.0,0.9345000000000043,-0.0068845,2512.714059579993,2513.6415595799926,-3.5,9.835,3.5,9.568,long_nclose,33.488,0.013327421746347696,17.0
1704879300000.0,1182580,1704879300000.0,0.4539000000000021,-0.0033439000000000003,2513.164615679993,2513.661415679993,-1.7,9.835,1.8,9.568,long_nclose,17.2224,0.006852873819942787,1.0
1704880200000.0,1182595,1704880200000.0,0.24030000000000112,-0.0017703000000000005,2513.403145379993,2513.636245379993,-0.9,9.835,0.9,9.568,long_nclose,8.6112,0.0034261117305549094,15.0
1704880680000.0,1182603,1704880680000.0,0.1068000000000005,-0.0007868000000000002,2513.5091585799933,2513.6431585799933,-0.4,9.835,0.5,9.568,long_nclose,4.784,0.0019033151256559256,8.0
1704880860000.0,1182606,1704880860000.0,0.05340000000000025,-0.0003934000000000001,2513.562165179993,2513.6416651799927,-0.2,9.835,0.3,9.568,long_nclose,2.8703999999999996,0.001141964992854853,3.0
1704880920000.0,1182607,1704880920000.0,0.026700000000000126,-0.00019670000000000004,2513.588668479993,2513.642268479993,-0.1,9.835,0.2,9.568,long_nclose,1.9136,0.0007613019679775945,1.0
1704881580000.0,1182618,1704881580000.0,0.026700000000000126,-0.00019670000000000004,2513.615171779993,2513.642871779993,-0.1,9.835,0.1,9.568,long_nclose,0.9568,0.00038064697044394867,11.0
1704881820000.0,1182622,1704881820000.0,0.026700000000000126,-0.00019670000000000004,2513.641675079993,2513.641675079993,-0.1,9.835,0.0,9.568,long_nclose,0.0,0.0,4.0
1704889680000.0,1182753,1704889680000.0,0.0,-0.020109600000000002,2513.621565479993,2513.758065479993,10.5,9.576,10.5,9.576,long_ientry_normal,100.548,0.04000124815160857,131.0
1704891420000.0,1182782,1704891420000.0,0.0,-0.020163600000000004,2513.601401879993,2512.3702018799927,10.8,9.335,21.3,9.453802816901408,long_rentry,201.366,0.08011055366590453,29.0
1704892380000.0,1182798,1704892380000.0,0.5694000000000058,-0.013538280000000001,2514.157263599993,2515.1398635999926,-7.1,9.534,14.2,9.453802816901408,long_nclose,134.244,0.05339522787360468,16.0
1704893280000.0,1182813,1704893280000.0,0.3769267605633841,-0.008961960000000001,2514.5252284005564,2515.315601639993,-4.7,9.534,9.5,9.453802816901408,long_nclose,89.81112676056338,0.035716932065816095,15.0
1704896160000.0,1182861,1704896160000.0,0.24861126760563632,-0.005911080000000001,2514.7679285881622,2515.2683905599933,-3.1,9.534,6.4,9.453802816901408,long_nclose,60.504338028169016,0.024059610964633736,48.0
1704896220000.0,1182862,1704896220000.0,0.16841408450704395,-0.004004280000000001,2514.932338392669,2515.2771862799927,-2.1,9.534,4.3,9.453802816901408,long_nclose,40.65135211267605,0.016163994351695736,1.0
1704896280000.0,1182863,1704896280000.0,0.1122760563380293,-0.0026695200000000003,2515.041944929007,2515.251316759993,-1.4,9.534,2.9,9.453802816901408,long_nclose,27.416028169014083,0.010900823433299824,1.0
1704896520000.0,1182867,1704896520000.0,0.07217746478873313,-0.0017161200000000002,2515.112406273796,2515.276800639993,-0.9,9.534,2.0,9.453802816901408,long_nclose,18.907605633802817,0.007517598651511136,4.0
1704896820000.0,1182872,1704896820000.0,0.04811830985915542,-0.0011440800000000002,2515.159380503655,2515.282856559993,-0.6,9.534,1.4,9.453802816901408,long_nclose,13.235323943661971,0.0052622207746578775,5.0
1704898260000.0,1182896,1704898260000.0,0.0,-0.017426639999999997,2515.141953863655,2515.197829919993,9.2,9.471,10.6,9.468728673930373,long_ientry_partial,100.36852394366196,0.03990570941313275,24.0
1704899400000.0,1182915,1704899400000.0,0.2809496412436916,-0.006684299999999999,2515.416219204899,2516.149445619993,-3.5,9.549,7.1,9.468728673930373,long_nclose,67.22797358490564,0.026726381531465126,19.0
1704899580000.0,1182918,1704899580000.0,0.18462404996014017,-0.0043925399999999995,2515.596450714859,2515.9913530799936,-2.3,9.549,4.8,9.468728673930373,long_nclose,45.44989763486579,0.01806724509487611,3.0
1704899820000.0,1182922,1704899820000.0,0.12843412171140187,-0.00305568,2515.7218291565705,2515.9306973999933,-1.6,9.549,3.2,9.468728673930373,long_nclose,30.299931756577195,0.012044229773502285,4.0
1704900000000.0,1182925,1704900000000.0,0.08027132606962617,-0.0019098,2515.8001906826403,2515.9767875999933,-1.0,9.549,2.2,9.468728673930373,long_nclose,20.831203082646823,0.008280150053170343,3.0
1704900060000.0,1182926,1704900060000.0,0.056189928248738315,-0.00133686,2515.8550437508893,2515.9634507399937,-0.7,9.549,1.5,9.468728673930373,long_nclose,14.20309301089556,0.005645433764625868,1.0
1704900420000.0,1182932,1704900420000.0,0.040135663034813085,-0.0009549,2515.894224513924,2515.977495839994,-0.5,9.549,1.0,9.468728673930373,long_nclose,9.468728673930373,0.003763563897746834,6.0
1704900660000.0,1182936,1704900660000.0,0.02408139782088785,-0.00057294,2515.917732971745,2515.9760228999935,-0.3,9.549,0.7,9.468728673930373,long_nclose,6.628110071751261,0.0026344701119945953,4.0
1704900900000.0,1182940,1704900900000.0,0.016054265213925233,-0.00038196,2515.9334052769586,2515.9755409399936,-0.2,9.549,0.5,9.468728673930373,long_nclose,4.734364336965187,0.0018817526437843132,4.0
1704908220000.0,1183062,1704908220000.0,0.052854265213925444,-0.00038932,2515.9858702221727,2516.0678516199937,-0.2,9.733,0.3,9.468728673930373,long_nclose,2.840618602179112,0.0011290280425653872,122.0
1704908340000.0,1183064,1704908340000.0,0.026427132606962722,-0.00019466,2516.0121026947795,2516.0651569599936,-0.1,9.733,0.2,9.468728673930373,long_nclose,1.8937457347860747,0.0007526775140539963,2.0
1704917520000.0,1183217,1704917520000.0,0.026427132606962722,-0.00019466,2516.0383351673863,2516.0617622999935,-0.1,9.733,0.1,9.468728673930373,long_nclose,0.9468728673930373,0.0003763348332806877,153.0
1704917580000.0,1183218,1704917580000.0,0.026427132606962722,-0.00019466,2516.064567639993,2516.064567639993,-0.1,9.733,0.0,9.468728673930373,long_nclose,0.0,0.0,1.0
1705054200000.0,1185495,1705054200000.0,0.0,-0.02009472,2516.044472919993,2516.198072919993,9.6,10.466,9.6,10.466,long_ientry_normal,100.47359999999999,0.03993315741489873,2277.0
1705058580000.0,1185568,1705058580000.0,0.2816000000000031,-0.0067545600000000015,2516.319318359993,2516.882518359993,-3.2,10.554,6.4,10.466,long_nclose,66.9824,0.026619197138960753,73.0
1705058640000.0,1185569,1705058640000.0,0.18480000000000205,-0.0044326800000000005,2516.499685679993,2516.942585679993,-2.1,10.554,4.3,10.466,long_nclose,45.0038,0.01788349120649278,1.0
1705063440000.0,1185649,1705063440000.0,0.12320000000000135,-0.00295512,2516.619930559993,2516.915730559993,-1.4,10.554,2.9,10.466,long_nclose,30.351399999999998,0.012060382909407488,80.0
1705063620000.0,1185652,1705063620000.0,0.0,-0.013998980000000001,2516.605931579993,2516.694831579993,6.7,10.447,9.6,10.452739583333333,long_ientry_partial,100.3463,0.03987366426375698,3.0
1705064160000.0,1185661,1705064160000.0,0.2824333333333357,-0.006746240000000001,2516.881618673326,2517.4208853399928,-3.2,10.541,6.4,10.452739583333333,long_nclose,66.89753333333333,0.026579531129714278,9.0
1705064520000.0,1185667,1705064520000.0,0.18534687500000155,-0.004427220000000001,2517.0625383283264,2517.480758119993,-2.1,10.541,4.3,10.452739583333333,long_nclose,44.94678020833333,0.017856838884179705,6.0
1705064760000.0,1185671,1705064760000.0,0.12356458333333435,-0.00295148,2517.18315143166,2517.4391066399935,-1.4,10.541,2.9,10.452739583333333,long_nclose,30.312944791666666,0.012042407313280335,4.0
1705064820000.0,1185672,1705064820000.0,0.07943437500000065,-0.0018973800000000002,2517.2606884266597,2517.457209259993,-0.9,10.541,2.0,10.452739583333333,long_nclose,20.905479166666666,0.008304852676872742,1.0
1705065240000.0,1185679,1705065240000.0,0.052956250000000434,-0.00126492,2517.31237975666,2517.4093443399934,-0.6,10.541,1.4,10.452739583333333,long_nclose,14.633835416666665,0.0058132774995852,7.0
1705065600000.0,1185685,1705065600000.0,0.03530416666666696,-0.0008432800000000001,2517.3468406433267,2517.4441010599935,-0.4,10.541,1.0,10.452739583333333,long_nclose,10.452739583333333,0.004152284228208322,6.0
1705066200000.0,1185695,1705066200000.0,0.026478125000000217,-0.00063246,2517.3726863083266,2517.447068599993,-0.3,10.541,0.7,10.452739583333333,long_nclose,7.3169177083333325,0.002906569117925656,10.0
1705066980000.0,1185708,1705066980000.0,0.01765208333333348,-0.00042164000000000004,2517.38991675166,2517.4345469599934,-0.2,10.541,0.5,10.452739583333333,long_nclose,5.2263697916666665,0.002076106588370929,13.0
1705068180000.0,1185728,1705068180000.0,0.00882604166666674,-0.00021082000000000002,2517.3985319733265,2517.4442361399933,-0.1,10.541,0.4,10.452739583333333,long_nclose,4.181095833333333,0.001660879586696142,20.0
1705072860000.0,1185806,1705072860000.0,0.00882604166666674,-0.00021082000000000002,2517.407147194993,2517.436925319993,-0.1,10.541,0.3,10.452739583333333,long_nclose,3.135821875,0.0012456554270508337,78.0
1705073100000.0,1185810,1705073100000.0,0.0,-0.01941282,2517.3877343749928,2517.373412499993,9.3,10.437,9.6,10.437491861979167,long_ientry_partial,100.199921875,0.03980313421995649,4.0
1705073340000.0,1185814,1705073340000.0,0.28322604166666565,-0.00673664,2517.6642237766596,2518.185875859993,-3.2,10.526,6.4,10.437491861979167,long_nclose,66.79994791666667,0.026532508698265733,4.0
1705073640000.0,1185819,1705073640000.0,0.0,-0.00688578,2517.6573379966594,2517.6964900799926,3.3,10.433,9.7,10.435963702749142,long_ientry_partial,101.22884791666667,0.04020755580551565,5.0
1705078380000.0,1185898,1705078380000.0,0.0,-0.02014254,2517.6371954566594,2514.9492475399925,9.9,10.173,19.6,10.303140199829931,long_rentry,201.94154791666668,0.08021074215184436,79.0
1705095660000.0,1186186,1705095660000.0,0.0,-0.02015354,2517.617041916659,2511.1652939999926,10.1,9.977,29.7,10.192230569584737,long_rentry,302.7092479166667,0.12023641518021123,288.0
1705098060000.0,1186226,1705098060000.0,0.0,-0.028624760000000006,2517.588417156659,2502.5285692399925,14.6,9.803,44.3,10.063951420240784,long_rentry,445.8330479166667,0.17708734472975787,40.0
1705153560000.0,1187151,1705153560000.0,1.250214122460465,-0.029838059999999996,2518.8087932191193,2521.089431179992,-14.7,10.149,29.6,10.063951420240784,long_nclose,297.8929620391272,0.1182673980022161,925.0
1705153620000.0,1187152,1705153620000.0,0.8334760816403102,-0.01989204,2519.6223772607595,2521.385539139992,-9.8,10.149,19.8,10.063951420240784,long_nclose,199.26623812076753,0.07908575503977006,1.0
1705154160000.0,1187161,1705154160000.0,0.561320626410821,-0.013396679999999998,2520.1703012071703,2521.174142459992,-6.6,10.149,13.2,10.063951420240784,long_nclose,132.84415874717834,0.05271237371678633,9.0
1705154220000.0,1187162,1705154220000.0,0.37421375094054743,-0.00893112,2520.535583838111,2521.301611339992,-4.4,10.149,8.8,10.063951420240784,long_nclose,88.5627724981189,0.03513648966750993,1.0
1705154340000.0,1187164,1705154340000.0,0.2466408813017244,-0.005886419999999999,2520.7763382994126,2521.289924919992,-2.9,10.149,5.9,10.063951420240784,long_nclose,59.37731337942063,0.023555169285458404,2.0
1705155660000.0,1187186,1705155660000.0,0.1615923015425091,-0.00385662,2520.934073980955,2521.3222682999917,-1.9,10.149,4.0,10.063951420240784,long_nclose,40.255805680963135,0.015968607071660874,22.0
1705155780000.0,1187188,1705155780000.0,0.11056315368697991,-0.00263874,2521.041998394642,2521.277029559992,-1.3,10.149,2.7,10.063951420240784,long_nclose,27.172668834650118,0.010778348338485922,2.0
1705155960000.0,1187191,1705155960000.0,0.07654372178329379,-0.00182682,2521.1167152964254,2521.273402739992,-0.9,10.149,1.8,10.063951420240784,long_nclose,18.115112556433413,0.007185352604472139,3.0
1705156320000.0,1187197,1705156320000.0,0.051029147855529186,-0.00121788,2521.166526564281,2521.288984859992,-0.6,10.149,1.2,10.063951420240784,long_nclose,12.07674170428894,0.004790140427870315,6.0
1705192260000.0,1187796,1705192260000.0,0.03401943190368613,-0.0008119199999999999,2521.1997340761845,2521.281372939992,-0.4,10.149,0.8,10.063951420240784,long_nclose,8.051161136192627,0.003193384890286261,599.0
1705193280000.0,1187813,1705193280000.0,0.017009715951843064,-0.00040595999999999997,2521.216337832136,2521.264366979992,-0.2,10.149,0.6,10.063951420240784,long_nclose,6.03837085214447,0.002395022894916092,17.0
1705193340000.0,1187814,1705193340000.0,0.017009715951843064,-0.00040595999999999997,2521.2329415880877,2521.2705610199914,-0.2,10.149,0.4,10.063951420240784,long_nclose,4.025580568096314,0.0015966714148834894,1.0
1705194060000.0,1187826,1705194060000.0,0.008504857975921532,-0.00020297999999999998,2521.2412434660637,2521.2667580399916,-0.1,10.149,0.3,10.063951420240784,long_nclose,3.019185426072235,0.0011974996180538538,12.0
1705194120000.0,1187827,1705194120000.0,0.008504857975921532,-0.00020297999999999998,2521.2495453440397,2521.2687550599917,-0.1,10.149,0.2,10.063951420240784,long_nclose,2.012790284048157,0.0007983304499807057,1.0
1705194240000.0,1187829,1705194240000.0,0.008504857975921532,-0.00020297999999999998,2521.2578472220157,2521.2658520799914,-0.1,10.149,0.1,10.063951420240784,long_nclose,1.0063951420240784,0.00039916391063807673,2.0
1705194360000.0,1187831,1705194360000.0,0.008504857975921532,-0.00020297999999999998,2521.2661490999917,2521.2661490999917,-0.1,10.149,0.0,10.063951420240784,long_nclose,0.0,0.0,2.0
1705273860000.0,1189156,1705273860000.0,0.0,-0.020152000000000003,2521.2459970999917,2521.3659970999915,10.0,10.076,10.0,10.076,long_ientry_normal,100.76,0.039964366870942784,1325.0
1705282680000.0,1189303,1705282680000.0,0.2804999999999969,-0.0067062599999999995,2521.5197908399914,2521.975390839991,-3.3,10.161,6.7,10.076,long_nclose,67.5092,0.026773218376172542,147.0
1705287720000.0,1189387,1705287720000.0,0.18699999999999797,-0.004470840000000001,2521.7023199999912,2522.1163199999914,-2.2,10.161,4.5,10.076,long_nclose,45.342,0.017980710744637043,84.0
1705288920000.0,1189407,1705288920000.0,0.12749999999999861,-0.0030483,2521.8267716999912,2522.093771699991,-1.5,10.161,3.0,10.076,long_nclose,30.228,0.011986548933185832,20.0
1705289640000.0,1189419,1705289640000.0,0.08499999999999908,-0.0020322,2521.9097394999912,2522.1017394999913,-1.0,10.161,2.0,10.076,long_nclose,20.152,0.00799076972675297,12.0
1705290480000.0,1189433,1705290480000.0,0.05099999999999944,-0.0012193199999999999,2521.959520179991,2522.077120179991,-0.6,10.161,1.4,10.076,long_nclose,14.106399999999999,0.005593428398483268,14.0
1705290540000.0,1189434,1705290540000.0,0.033999999999999635,-0.0008128800000000001,2521.9927072999913,2522.0807072999914,-0.4,10.161,1.0,10.076,long_nclose,10.076,0.003995253424339684,1.0
1705290660000.0,1189436,1705290660000.0,0.02549999999999972,-0.0006096599999999999,2522.0175976399914,2522.0791976399914,-0.3,10.161,0.7,10.076,long_nclose,7.0531999999999995,0.0027966497960205026,2.0
1705291260000.0,1189446,1705291260000.0,0.016999999999999817,-0.00040644000000000005,2522.0341911999913,2522.076191199991,-0.2,10.161,0.5,10.076,long_nclose,5.038,0.0019975938540321317,10.0
1705295040000.0,1189509,1705295040000.0,0.008499999999999909,-0.00020322000000000002,2522.042487979991,2522.078487979991,-0.1,10.161,0.4,10.076,long_nclose,4.0304,0.0015980698260274415,63.0
1705295520000.0,1189517,1705295520000.0,0.008499999999999909,-0.00020322000000000002,2522.050784759991,2522.0789847599913,-0.1,10.161,0.3,10.076,long_nclose,3.0228,0.0011985484266478252,8.0
1705296300000.0,1189530,1705296300000.0,0.008499999999999909,-0.00020322000000000002,2522.059081539991,2522.0780815399908,-0.1,10.161,0.2,10.076,long_nclose,2.0152,0.0007990296558673406,13.0
1705321500000.0,1189950,1705321500000.0,0.008499999999999909,-0.00020322000000000002,2522.067378319991,2522.0771783199907,-0.1,10.161,0.1,10.076,long_nclose,1.0076,0.00039951351366004597,420.0
1705336980000.0,1190208,1705336980000.0,0.008499999999999909,-0.00020322000000000002,2522.075675099991,2522.075675099991,-0.1,10.161,0.0,10.076,long_nclose,0.0,0.0,258.0
1705415820000.0,1191522,1705415820000.0,0.0,-0.0201168,2522.055558299991,2522.154558299991,9.9,10.16,9.9,10.16,long_ientry_normal,100.584,0.039881754257546705,1314.0
1705418340000.0,1191564,1705418340000.0,0.283800000000001,-0.00676236,2522.3325959399913,2522.992595939991,-3.3,10.246,6.6,10.16,long_nclose,67.056,0.02658491592581208,42.0
1705419180000.0,1191578,1705419180000.0,0.18920000000000067,-0.004508240000000001,2522.517287699991,2523.0760876999907,-2.2,10.246,4.4,10.16,long_nclose,44.70400000000001,0.017721979634383683,14.0
1705422000000.0,1191625,1705422000000.0,0.12040000000000041,-0.0028688800000000003,2522.634818819991,2522.9108188199907,-1.4,10.246,3.0,10.16,long_nclose,30.48,0.012082604970249948,47.0
1705424160000.0,1191661,1705424160000.0,0.0860000000000003,-0.0020492,2522.718769619991,2522.8967696199907,-1.0,10.246,2.0,10.16,long_nclose,20.32,0.008054801924298879,36.0
1705434120000.0,1191827,1705434120000.0,0.05160000000000018,-0.00122952,2522.7691400999906,2522.895140099991,-0.6,10.246,1.4,10.16,long_nclose,14.223999999999998,0.005638248769539105,166.0
1705466580000.0,1192368,1705466580000.0,0.03440000000000012,-0.0008196800000000001,2522.8027204199907,2522.890720419991,-0.4,10.246,1.0,10.16,long_nclose,10.16,0.004027266943135603,541.0
1705467060000.0,1192376,1705467060000.0,0.02580000000000009,-0.00061476,2522.8279056599904,2522.8923056599906,-0.3,10.246,0.7,10.16,long_nclose,7.111999999999999,0.0028190587174195094,8.0
1705467900000.0,1192390,1705467900000.0,0.01720000000000006,-0.0004098400000000001,2522.84469581999,2522.8896958199903,-0.2,10.246,0.5,10.16,long_nclose,5.08,0.002013599968486712,14.0
1705470420000.0,1192432,1705470420000.0,0.00860000000000003,-0.00020492000000000004,2522.85309089999,2522.88589089999,-0.1,10.246,0.4,10.16,long_nclose,4.064,0.001610874614403421,42.0
1705561380000.0,1193948,1705561380000.0,0.00860000000000003,-0.00020492000000000004,2522.86148597999,2522.88608597999,-0.1,10.246,0.3,10.16,long_nclose,3.048,0.0012081519405398602,1516.0
1705561620000.0,1193952,1705561620000.0,0.00860000000000003,-0.00020492000000000004,2522.86988105999,2522.88728105999,-0.1,10.246,0.2,10.16,long_nclose,2.032,0.0008054319468692734,4.0
1705561980000.0,1193958,1705561980000.0,0.00860000000000003,-0.00020492000000000004,2522.87827613999,2522.88737613999,-0.1,10.246,0.1,10.16,long_nclose,1.016,0.0004027146333649052,6.0
1705562340000.0,1193964,1705562340000.0,0.00860000000000003,-0.00020492000000000004,2522.8866712199897,2522.8866712199897,-0.1,10.246,0.0,10.16,long_nclose,0.0,0.0,6.0
1705580580000.0,1194268,1705580580000.0,0.0,-0.02028168,2522.8663895399895,2522.8663895399895,10.2,9.942,10.2,9.942,long_ientry_normal,101.4084,0.04019570771581386,304.0
1705590000000.0,1194425,1705590000000.0,0.28559999999999874,-0.0068176800000000004,2523.1451718599897,2523.73677185999,-3.4,10.026,6.8,9.942,long_nclose,67.6056,0.026794177661273094,157.0
1705591080000.0,1194443,1705591080000.0,0.18479999999999921,-0.004411440000000001,2523.32556041999,2523.72576041999,-2.2,10.026,4.6,9.942,long_nclose,45.7332,0.018124177362348767,18.0
1705591320000.0,1194447,1705591320000.0,0.12599999999999945,-0.0030078,2523.44855261999,2523.7213526199903,-1.5,10.026,3.1,9.942,long_nclose,30.8202,0.01221352421391777,4.0
1705595760000.0,1194521,1705595760000.0,0.0,-0.013989840000000002,2523.4345627799903,2523.3187627799903,7.1,9.852,10.2,9.879352941176471,long_ientry_partial,100.76939999999999,0.03993343100166839,74.0
1705607640000.0,1194719,1705607640000.0,0.0,-0.020225100000000003,2523.4143376799902,2520.77763767999,10.5,9.631,20.7,9.753376811594205,long_rentry,201.89490000000004,0.08000862045732086,198.0
1705634820000.0,1195172,1705634820000.0,0.0,-0.02021016,2523.3941275199904,2516.8330275199905,10.7,9.444,31.4,9.647952229299364,long_rentry,302.9457,0.12005484862475176,453.0
1705655700000.0,1195520,1705655700000.0,0.8532968152866233,-0.020238400000000004,2524.2271859352772,2526.0761891199904,-10.4,9.73,21.0,9.647952229299364,long_nclose,202.60699681528664,0.08026496107172566,348.0
1705659180000.0,1195578,1705659180000.0,0.5743343949044579,-0.013622,2524.7878983301816,2526.0205671199906,-7.0,9.73,14.0,9.647952229299364,long_nclose,135.0713312101911,0.05349809039385969,58.0
1705659900000.0,1195590,1705659900000.0,0.3774197452229295,-0.008951599999999999,2525.156366475405,2526.021615519991,-4.6,9.73,9.4,9.647952229299364,long_nclose,90.69075095541402,0.03591490497754779,12.0
1705674780000.0,1195838,1705674780000.0,0.2543480891719742,-0.006032600000000001,2525.404681964577,2526.135782919991,-3.1,9.73,6.3,9.647952229299364,long_nclose,60.78209904458599,0.024068261011261784,248.0
1705675260000.0,1195846,1705675260000.0,0.1723003184713374,-0.004086600000000001,2525.572895683048,2525.8964963199905,-2.1,9.73,4.2,9.647952229299364,long_nclose,40.52139936305733,0.01604443864293935,8.0
1705675320000.0,1195847,1705675320000.0,0.11486687898089158,-0.0027244,2525.6850381620293,2525.925971919991,-1.4,9.73,2.8,9.647952229299364,long_nclose,27.014266242038218,0.010695817504504369,1.0
1705675500000.0,1195850,1705675500000.0,0.07384299363057316,-0.0017514000000000004,2525.7571297556597,2525.8997205199908,-0.9,9.73,1.9,9.647952229299364,long_nclose,18.33110923566879,0.007257669005349747,3.0
1705675800000.0,1195855,1705675800000.0,0.049228662420382104,-0.0011676,2525.80519081808,2525.9378529199907,-0.6,9.73,1.3,9.647952229299364,long_nclose,12.542337898089173,0.004965679041156317,5.0
1705676040000.0,1195859,1705676040000.0,0.03281910828025474,-0.0007784000000000001,2525.8372315263605,2525.917374519991,-0.4,9.73,0.9,9.647952229299364,long_nclose,8.683157006369427,0.0034377341888820784,4.0
1705676160000.0,1195861,1705676160000.0,0.024614331210191052,-0.0005838,2525.8612620575705,2525.902690719991,-0.3,9.73,0.6,9.647952229299364,long_nclose,5.788771337579618,0.002291800988651323,2.0
1705677480000.0,1195883,1705677480000.0,0.01640955414012737,-0.00038920000000000003,2525.8772824117104,2525.910101519991,-0.2,9.73,0.4,9.647952229299364,long_nclose,3.8591808917197454,0.0015278576352826592,22.0
1705677540000.0,1195884,1705677540000.0,0.008204777070063686,-0.00019460000000000001,2525.8852925887804,2525.9054069199906,-0.1,9.73,0.3,9.647952229299364,long_nclose,2.894385668789809,0.001145889592564733,1.0
1705680480000.0,1195933,1705680480000.0,0.0,-0.019703900000000003,2525.8655886887805,2525.8725030199907,10.3,9.565,10.6,9.567347704602813,long_ientry_partial,101.41388566878982,0.040150151347299316,49.0
1705682460000.0,1195966,1705682460000.0,0.0,-0.020146320000000002,2525.8454423687804,2523.2549566999905,10.8,9.327,21.4,9.44605073218644,long_rentry,202.14548566878983,0.08003082147386437,33.0
1705686840000.0,1196039,1705686840000.0,0.5676398014762684,-0.01352692,2526.3995552502565,2527.55712977999,-7.1,9.526,14.3,9.44605073218644,long_nclose,135.0785254702661,0.05346681018430027,73.0
1705687080000.0,1196043,1705687080000.0,0.375761558723727,-0.00895444,2526.7663623689805,2527.5434753399904,-4.7,9.526,9.6,9.44605073218644,long_nclose,90.68208702898983,0.035888591988366685,4.0
1705687200000.0,1196045,1705687200000.0,0.2558376570033886,-0.00609664,2527.0161033859836,2527.5213786999902,-3.2,9.526,6.4,9.44605073218644,long_nclose,60.45472468599323,0.023923363450272087,2.0
1705687260000.0,1196046,1705687260000.0,0.16789346240847378,-0.00400092,2527.1799959283917,2527.42057777999,-2.1,9.526,4.3,9.44605073218644,long_nclose,40.618018148401696,0.016072467419749478,1.0
1705687860000.0,1196056,1705687860000.0,0.1119289749389825,-0.00266728,2527.2892576233307,2527.52691049999,-1.4,9.526,2.9,9.44605073218644,long_nclose,27.393547123340678,0.010839102425933484,10.0
1705687980000.0,1196058,1705687980000.0,0.07195434103220304,-0.00171468,2527.359497284363,2527.50739581999,-0.9,9.526,2.0,9.44605073218644,long_nclose,18.89210146437288,0.00747503530252517,2.0
1705688760000.0,1196071,1705688760000.0,0.047969560688135356,-0.0011431199999999999,2527.406323725051,2527.5378526999903,-0.6,9.526,1.4,9.44605073218644,long_nclose,13.224471025061016,0.005232427766331594,13.0
1705695000000.0,1196175,1705695000000.0,0.18476448746949198,-0.0013594000000000002,2527.5897288125207,2527.7744932999904,-0.7,9.71,0.7,9.44605073218644,long_nclose,6.612235512530508,0.0026160240473983025,104.0
1705695060000.0,1196176,1705695060000.0,0.07918478034406799,-0.0005826000000000001,2527.6683309928644,2527.77831069999,-0.3,9.71,0.4,9.44605073218644,long_nclose,3.7784202928745767,0.0014948243986545571,1.0
1705707480000.0,1196383,1705707480000.0,0.052789853562712,-0.00038840000000000006,2527.7207324464275,2527.7739222999903,-0.2,9.71,0.2,9.44605073218644,long_nclose,1.8892101464372884,0.0007473967049393295,207.0
1705707600000.0,1196385,1705707600000.0,0.026394926781356,-0.00019420000000000003,2527.746933173209,2527.77362809999,-0.1,9.71,0.1,9.44605073218644,long_nclose,0.9446050732186442,0.00037369447899312987,2.0
1705707720000.0,1196387,1705707720000.0,0.026394926781356,-0.00019420000000000003,2527.7731338999906,2527.7731338999906,-0.1,9.71,0.0,9.44605073218644,long_nclose,0.0,0.0,2.0
1705886580000.0,1199368,1705886580000.0,0.0,-0.020193000000000003,2527.752940899991,2527.848340899991,10.6,9.525,10.6,9.525,long_ientry_normal,100.965,0.03994259026123496,2981.0
1705887900000.0,1199390,1705887900000.0,0.2834999999999983,-0.0067242000000000005,2528.029716699991,2528.6403166999908,-3.5,9.606,7.1,9.525,long_nclose,67.6275,0.026751070034207815,22.0
1705889880000.0,1199423,1705889880000.0,0.18629999999999888,-0.00441876,2528.2115979399905,2528.6099979399905,-2.3,9.606,4.8,9.525,long_nclose,45.72,0.01808392938203949,33.0
1705899660000.0,1199586,1705899660000.0,0.0,-0.01113566,2528.2004622799905,2528.1739622799905,5.9,9.437,10.7,9.476476635514018,long_ientry_partial,101.39829999999999,0.04010690667644156,163.0
1705900740000.0,1199604,1705900740000.0,0.28183177570093765,-0.0066899,2528.4756041556916,2529.0193723799907,-3.5,9.557,7.2,9.476476635514018,long_nclose,68.23063177570093,0.026984888311186415,18.0
1705900920000.0,1199607,1705900920000.0,0.19325607476635723,-0.00458736,2528.664272870458,2529.0507850199906,-2.4,9.557,4.8,9.476476635514018,long_nclose,45.48708785046728,0.017988583276352384,3.0
1705900980000.0,1199608,1705900980000.0,0.1288373831775715,-0.0030582400000000007,2528.7900520136354,2529.0413267799904,-1.6,9.557,3.2,9.476476635514018,long_nclose,30.32472523364486,0.011991792363109686,1.0
1705901040000.0,1199609,1705901040000.0,0.08052336448598219,-0.0019114000000000002,2528.8686639781213,2529.0700153799903,-1.0,9.557,2.2,9.476476635514018,long_nclose,20.84824859813084,0.008244100967005067,1.0
1705911480000.0,1199783,1705911480000.0,0.05636635514018753,-0.0013379800000000001,2528.9236923532617,2529.0444773999907,-0.7,9.557,1.5,9.476476635514018,long_nclose,14.214714953271027,0.005620855621801575,174.0
1705911660000.0,1199786,1705911660000.0,0.04026168224299109,-0.0009557000000000001,2528.962998335505,2529.044521699991,-0.5,9.557,1.0,9.476476635514018,long_nclose,9.476476635514018,0.003747178840398685,3.0
1705912980000.0,1199808,1705912980000.0,0.0,-0.01829614,2528.9447021955048,2528.877825559991,9.7,9.431,10.7,9.435250152851777,long_ientry_partial,100.95717663551402,0.03992067384781802,22.0
1705914540000.0,1199834,1705914540000.0,0.2791244650187812,-0.006660500000000001,2529.2171661605234,2529.798565059991,-3.5,9.515,7.2,9.435250152851777,long_nclose,67.9338011005328,0.02685961569826749,26.0
1705914900000.0,1199840,1705914900000.0,0.19139963315573566,-0.0045672,2529.4039985936793,2529.777197859991,-2.4,9.515,4.8,9.435250152851777,long_nclose,45.28920073368853,0.017905087822613085,6.0
1705914960000.0,1199841,1705914960000.0,0.12759975543715713,-0.0030448000000000007,2529.528553549116,2529.8157530599906,-1.6,9.515,3.2,9.435250152851777,long_nclose,30.192800489125688,0.011936137446150963,1.0
1705915500000.0,1199850,1705915500000.0,0.0797498471482232,-0.0019030000000000002,2529.6064003962647,2529.7884500599907,-1.0,9.515,2.2,9.435250152851777,long_nclose,20.757550336273912,0.008205841957476952,9.0
1705917060000.0,1199876,1705917060000.0,0.0,-0.01617144,2529.5902289562646,2529.6358786199908,8.6,9.402,10.8,9.40877317928462,long_ientry_partial,101.6147503362739,0.04017043913796315,26.0
1705949160000.0,1200411,1705949160000.0,0.0,-0.020361840000000003,2529.5698671162645,2527.4288167799905,11.1,9.172,21.9,9.288764855537622,long_rentry,203.4239503362739,0.08041839562556904,535.0
1705998300000.0,1201230,1705998300000.0,0.0,-0.02032644,2529.5495406762643,2523.3265903399906,11.3,8.994,33.2,9.18843826314078,long_rentry,305.0561503362739,0.12059702545091029,819.0
1706001900000.0,1201290,1706001900000.0,0.0,-0.028808620000000004,2529.5207320562645,2518.9914817199906,16.3,8.837,49.5,9.072712128005534,long_rentry,449.09925033627394,0.17754321782972624,60.0
1706031240000.0,1201779,1706031240000.0,1.25874988790867,-0.0301917,2530.749290244173,2533.1347900199903,-16.5,9.149,33.0,9.072712128005534,long_nclose,299.39950022418265,0.11830468603837713,489.0
1706031300000.0,1201780,1706031300000.0,0.8391665919391134,-0.0201278,2531.568329036112,2532.9166622199905,-11.0,9.149,22.0,9.072712128005534,long_nclose,199.59966681612175,0.07884427393358914,1.0
1706033760000.0,1201821,1706033760000.0,0.5569014655595934,-0.013357539999999998,2532.111872961672,2533.380304679991,-7.3,9.149,14.7,9.072712128005534,long_nclose,133.36886828168136,0.05267100150898433,41.0
1706050020000.0,1202092,1706050020000.0,0.37381057277287777,-0.00896602,2532.4767175144448,2533.1459386599904,-4.9,9.149,9.8,9.072712128005534,long_nclose,88.91257885445424,0.0351089422617553,271.0
1706050440000.0,1202099,1706050440000.0,0.24412119038228752,-0.0058553599999999996,2532.714983344827,2533.2316832999904,-3.2,9.149,6.6,9.072712128005534,long_nclose,59.879900044836525,0.023642573459156546,7.0
1706050800000.0,1202105,1706050800000.0,0.16783331838782267,-0.00402556,2532.8787911032146,2533.21005773999,-2.2,9.149,4.4,9.072712128005534,long_nclose,39.91993336322435,0.0157606962889199,6.0
1706050860000.0,1202106,1706050860000.0,0.10680302079225079,-0.00256172,2532.9830324040067,2533.26589601999,-1.4,9.149,3.0,9.072712128005534,long_nclose,27.218136384016603,0.010745487054520211,1.0
1706066820000.0,1202372,1706066820000.0,0.07628787199446485,-0.0018298,2533.057490476001,2533.21406621999,-1.0,9.149,2.0,9.072712128005534,long_nclose,18.14542425601107,0.0071634474638794165,266.0
1706067480000.0,1202383,1706067480000.0,0.04577272319667891,-0.0010978799999999999,2533.1021653191974,2533.22016833999,-0.6,9.149,1.4,9.072712128005534,long_nclose,12.701796979207748,0.00501432478843868,11.0
1706068380000.0,1202398,1706068380000.0,0.03051514879778594,-0.0007319199999999999,2533.1319485479953,2533.21623641999,-0.4,9.149,1.0,9.072712128005534,long_nclose,9.072712128005534,0.0035816184518955127,15.0
1706076840000.0,1202539,1706076840000.0,0.022886361598339455,-0.0005489399999999999,2533.1542859695937,2533.21328747999,-0.3,9.149,0.7,9.072712128005534,long_nclose,6.350898489603874,0.0025071108083623873,141.0
1706092920000.0,1202807,1706092920000.0,0.07598636159833987,-0.0005595600000000001,2533.229712771192,2533.33022791999,-0.3,9.326,0.4,9.072712128005534,long_nclose,3.629084851202214,0.0014325920910000008,268.0
1706092980000.0,1202808,1706092980000.0,0.05065757439889325,-0.00037304000000000005,2533.279997305591,2533.33025487999,-0.2,9.326,0.2,9.072712128005534,long_nclose,1.814542425601107,0.0007162818273270475,1.0
1706093040000.0,1202809,1706093040000.0,0.025328787199446624,-0.00018652000000000002,2533.3051395727907,2533.3304683599904,-0.1,9.326,0.1,9.072712128005534,long_nclose,0.9072712128005535,0.00035813735922611876,1.0
1706093100000.0,1202810,1706093100000.0,0.025328787199446624,-0.00018652000000000002,2533.33028183999,2533.33028183999,-0.1,9.326,0.0,9.072712128005534,long_nclose,0.0,0.0,1.0
1706444580000.0,1208668,1706444580000.0,0.0,-0.02021016,2533.3100716799904,2533.5668716799905,10.7,9.444,10.7,9.444,long_ientry_normal,101.0508,0.03988883995277654,5858.0
1706450460000.0,1208766,1706450460000.0,0.27999999999999403,-0.0066668,2533.5834048799907,2534.2026048799908,-3.5,9.524,7.2,9.444,long_nclose,67.99680000000001,0.026838192841423684,98.0
1706450880000.0,1208773,1706450880000.0,0.1919999999999959,-0.00457152,2533.770833359991,2534.1644333599907,-2.4,9.524,4.8,9.444,long_nclose,45.3312,0.017890805041704212,7.0
1706451000000.0,1208775,1706451000000.0,0.12799999999999728,-0.0030476799999999997,2533.895785679991,2534.154985679991,-1.6,9.524,3.2,9.444,long_nclose,30.220800000000004,0.011926615202878209,2.0
1706452440000.0,1208799,1706452440000.0,0.0799999999999983,-0.0019048,2533.973880879991,2534.1542808799913,-1.0,9.524,2.2,9.444,long_nclose,20.776800000000005,0.008199295247978128,24.0
1706455620000.0,1208852,1706455620000.0,0.0559999999999988,-0.00133336,2534.028547519991,2534.1470475199912,-0.7,9.524,1.5,9.444,long_nclose,14.166,0.00559030797575821,53.0
1706455740000.0,1208854,1706455740000.0,0.03999999999999915,-0.0009524,2534.067595119991,2534.148595119991,-0.5,9.524,1.0,9.444,long_nclose,9.444,0.0037268145562442336,2.0
1706457660000.0,1208886,1706457660000.0,0.023999999999999487,-0.00057144,2534.091023679991,2534.147723679991,-0.3,9.524,0.7,9.444,long_nclose,6.6108,0.002608746070375893,32.0
1706458800000.0,1208905,1706458800000.0,0.01599999999999966,-0.00038095999999999996,2534.106642719991,2534.148642719991,-0.2,9.524,0.5,9.444,long_nclose,4.722,0.001863378565209721,19.0
1706459040000.0,1208909,1706459040000.0,0.00799999999999983,-0.00019047999999999998,2534.114452239991,2534.1476522399907,-0.1,9.524,0.4,9.444,long_nclose,3.7776000000000005,0.0014906982581867406,4.0
1706459760000.0,1208921,1706459760000.0,0.00799999999999983,-0.00019047999999999998,2534.1222617599906,2534.1462617599905,-0.1,9.524,0.3,9.444,long_nclose,2.8332,0.0011180202481755142,12.0
1706459820000.0,1208922,1706459820000.0,0.00799999999999983,-0.00019047999999999998,2534.1300712799903,2534.14727127999,-0.1,9.524,0.2,9.444,long_nclose,1.8888000000000003,0.0007453445351548062,1.0
1706461800000.0,1208955,1706461800000.0,0.00799999999999983,-0.00019047999999999998,2534.13788079999,2534.14728079999,-0.1,9.524,0.1,9.444,long_nclose,0.9444000000000001,0.00037267111910338003,33.0
1706462280000.0,1208963,1706462280000.0,0.00799999999999983,-0.00019047999999999998,2534.1456903199896,2534.1456903199896,-0.1,9.524,0.0,9.444,long_nclose,0.0,0.0,8.0
1706657220000.0,1212212,1706657220000.0,0.0,-0.020256480000000004,2534.1254338399895,2534.1686338399895,10.8,9.378,10.8,9.378,long_ientry_normal,101.28240000000001,0.03996739808042005,3249.0
1706697900000.0,1212890,1706697900000.0,0.0,-0.02029524,2534.1051385999895,2531.3592385999896,11.1,9.142,21.9,9.258383561643836,long_rentry,202.7586,0.08001191304636142,678.0
1706750400000.0,1213765,1706750400000.0,0.0,-0.020260900000000002,2534.0848776999896,2528.2905776999896,11.3,8.965,33.2,9.158527108433734,long_rentry,304.0631,0.11998931159558344,875.0
1706780460000.0,1214266,1706780460000.0,0.8522018072289299,-0.020319200000000003,2534.9167603072187,2536.0816584999898,-11.0,9.236,22.2,9.158527108433734,long_nclose,203.3193018072289,0.08020748649063635,501.0
1706866800000.0,1215705,1706866800000.0,0.5732993975903711,-0.01366928,2535.476390424809,2536.6525892199897,-7.4,9.236,14.8,9.158527108433734,long_nclose,135.54620120481928,0.0534598554010235,1439.0
1706866980000.0,1215708,1706866980000.0,0.3796171686747052,-0.009051280000000002,2535.846956313483,2536.6337379399893,-4.9,9.236,9.9,9.158527108433734,long_nclose,90.66941837349397,0.03575508299022339,3.0
1706867280000.0,1215713,1706867280000.0,0.25566054216867895,-0.00609576,2536.096521095652,2536.6144421799895,-3.3,9.236,6.6,9.158527108433734,long_nclose,60.446278915662646,0.023834376338937,5.0
1706868960000.0,1215741,1706868960000.0,0.170440361445786,-0.004063840000000001,2536.2628976170977,2536.6213783399894,-2.2,9.236,4.4,9.158527108433734,long_nclose,40.297519277108435,0.015888541883796542,28.0
1706869080000.0,1215743,1706869080000.0,0.10846204819277289,-0.00258608,2536.3687735852905,2536.601192259989,-1.4,9.236,3.0,9.158527108433734,long_nclose,27.475581325301203,0.010832644531600594,2.0
1706869140000.0,1215744,1706869140000.0,0.07747289156626636,-0.0018472000000000002,2536.4443992768565,2536.613345059989,-1.0,9.236,2.0,9.158527108433734,long_nclose,18.31705421686747,0.007221547699641941,1.0
1706874060000.0,1215826,1706874060000.0,0.04648373493975981,-0.00110832,2536.489774691796,2536.6024367399887,-0.6,9.236,1.4,9.158527108433734,long_nclose,12.821937951807227,0.005054992959064933,82.0
1706875140000.0,1215844,1706875140000.0,0.030989156626506545,-0.0007388800000000001,2536.5200249684226,2536.596497859989,-0.4,9.236,1.0,9.158527108433734,long_nclose,9.158527108433734,0.0036106661955281625,18.0
1706875200000.0,1215845,1706875200000.0,0.023241867469879905,-0.00055416,2536.5427126758927,2536.590643699989,-0.3,9.236,0.7,9.158527108433734,long_nclose,6.4109689759036135,0.0025274437303444597,1.0
1706876040000.0,1215859,1706876040000.0,0.015494578313253272,-0.00036944000000000007,2536.557837814206,2536.592574259989,-0.2,9.236,0.5,9.158527108433734,long_nclose,4.579263554216867,0.001805306185394493,14.0
1706876220000.0,1215862,1706876220000.0,0.007747289156626636,-0.00018472000000000003,2536.5654003833624,2536.597189539989,-0.1,9.236,0.4,9.158527108433734,long_nclose,3.663410843373494,0.0014442406424134881,3.0
1706877120000.0,1215877,1706877120000.0,0.007747289156626636,-0.00018472000000000003,2536.572962952519,2536.5974048199887,-0.1,9.236,0.3,9.158527108433734,long_nclose,2.7475581325301204,0.0010831772524027927,15.0
1706889480000.0,1216083,1706889480000.0,0.007747289156626636,-0.00018472000000000003,2536.5805255216756,2536.596220099989,-0.1,9.236,0.2,9.158527108433734,long_nclose,1.831705421686747,0.0007221160153431504,206.0
1706889600000.0,1216085,1706889600000.0,0.007747289156626636,-0.00018472000000000003,2536.588088090832,2536.5959353799885,-0.1,9.236,0.1,9.158527108433734,long_nclose,0.9158527108433735,0.00036105693121530496,2.0
1706890140000.0,1216094,1706890140000.0,0.007747289156626636,-0.00018472000000000003,2536.5956506599887,2536.5956506599887,-0.1,9.236,0.0,9.158527108433734,long_nclose,0.0,0.0,9.0
1707086340000.0,1219364,1707086340000.0,0.0,-0.020312520000000004,2536.5753381399886,2537.1909381399887,11.4,8.909,11.4,8.909,long_ientry_normal,101.56260000000002,0.040039260207612636,3270.0
1707086760000.0,1219371,1707086760000.0,0.2849999999999973,-0.006827839999999999,2536.8535102999886,2537.4539102999884,-3.8,8.984,7.6,8.909,long_nclose,67.7084,0.02668991320353903,7.0
1707087300000.0,1219380,1707087300000.0,0.18749999999999822,-0.004492,2537.0365182999885,2537.4292182999884,-2.5,8.984,5.1,8.909,long_nclose,45.435900000000004,0.0179090445376977,9.0
1707087600000.0,1219385,1707087600000.0,0.12749999999999878,-0.00305456,2537.160963739989,2537.4329637399887,-1.7,8.984,3.4,8.909,long_nclose,30.2906,0.011938777410223554,5.0
1707087900000.0,1219390,1707087900000.0,0.08249999999999923,-0.00197648,2537.241487259989,2537.4277872599887,-1.1,8.984,2.3,8.909,long_nclose,20.4907,0.008075975465042653,5.0
1707092940000.0,1219474,1707092940000.0,0.0524999999999995,-0.00125776,2537.2927294999886,2537.4095294999884,-0.7,8.984,1.6,8.909,long_nclose,14.254400000000002,0.005617956428231694,84.0
1707095520000.0,1219517,1707095520000.0,0.0,-0.0175329,2537.2751965999887,2537.154296599989,9.9,8.855,11.5,8.86251304347826,long_ientry_partial,101.9189,0.04016864238320456,43.0
1707101220000.0,1219612,1707101220000.0,0.2868504347826111,-0.00679288,2537.5552541547713,2538.1442037199886,-3.8,8.938,7.7,8.86251304347826,long_nclose,68.2413504347826,0.02689255744206956,95.0
1707102240000.0,1219629,1707102240000.0,0.1887173913043494,-0.004469000000000001,2537.7395025460755,2538.1372347199886,-2.5,8.938,5.2,8.86251304347826,long_nclose,46.085067826086956,0.01815988905868806,17.0
1707127620000.0,1220052,1707127620000.0,0.6434660869565203,-0.0047372000000000004,2538.378231433032,2539.0060975199885,-2.6,9.11,2.6,8.86251304347826,long_nclose,23.042533913043478,0.0090776597544468,423.0
1707129000000.0,1220075,1707129000000.0,0.32173304347826015,-0.0023686000000000002,2538.69759587651,2539.020628919988,-1.3,9.11,1.3,8.86251304347826,long_nclose,11.521266956521739,0.0045382588990650966,23.0
1707129120000.0,1220077,1707129120000.0,0.14849217391304315,-0.0010932,2538.844994850423,2539.023135719988,-0.6,9.11,0.7,8.86251304347826,long_nclose,6.203759130434782,0.0024435359949181454,2.0
1707129360000.0,1220081,1707129360000.0,0.07424608695652157,-0.0005466,2538.9186943373797,2539.0180891199884,-0.3,9.11,0.4,8.86251304347826,long_nclose,3.5450052173913047,0.0013962657509662784,4.0
1707144840000.0,1220339,1707144840000.0,0.049497391304347715,-0.0003644,2538.967827328684,2539.0175247199886,-0.2,9.11,0.2,8.86251304347826,long_nclose,1.7725026086956523,0.0006981193655220711,258.0
1707183900000.0,1220990,1707183900000.0,0.024748695652173858,-0.0001822,2538.9923938243364,2539.0174425199884,-0.1,9.11,0.1,8.86251304347826,long_nclose,0.8862513043478262,0.0003490563053688071,651.0
1707184740000.0,1221004,1707184740000.0,0.024748695652173858,-0.0001822,2539.016960319989,2539.016960319989,-0.1,9.11,0.0,8.86251304347826,long_nclose,0.0,0.0,14.0
1707669120000.0,1229077,1707669120000.0,0.0,-0.02025108,2538.996709239989,2539.057909239989,10.2,9.927,10.2,9.927,long_ientry_normal,101.2554,0.03988008319644861,8073.0
1707689280000.0,1229413,1707689280000.0,0.0,-0.020323800000000003,2538.976385439989,2535.981185439989,10.5,9.678,20.7,9.800695652173914,long_rentry,202.8744,0.07990401216939366,336.0
1707757800000.0,1230555,1707757800000.0,0.5747999999999948,-0.013639920000000002,2539.5375455199887,2540.5905455199886,-6.9,9.884,13.8,9.800695652173914,long_nclose,135.24960000000002,0.05325757055200642,1142.0
1707757980000.0,1230558,1707757980000.0,0.3831999999999965,-0.00909328,2539.911652239989,2540.696452239989,-4.6,9.884,9.2,9.800695652173914,long_nclose,90.16640000000001,0.035499817452501074,3.0
1707783720000.0,1230987,1707783720000.0,0.2499130434782586,-0.005930400000000001,2540.155634883467,2540.7217218399887,-3.0,9.884,6.2,9.800695652173914,long_nclose,60.76431304347827,0.02392149213576274,429.0
1707783900000.0,1230990,1707783900000.0,0.1666086956521724,-0.003953600000000001,2540.318289979119,2540.7143682399887,-2.0,9.884,4.2,9.800695652173914,long_nclose,41.16292173913044,0.01620384418027742,3.0
1707808800000.0,1231405,1707808800000.0,0.57393913043478,-0.00423108,2540.8879980295537,2541.4955371599885,-2.1,10.074,2.1,9.800695652173914,long_nclose,20.58146086956522,0.008100105508596224,415.0
1707808980000.0,1231408,1707808980000.0,0.2733043478260857,-0.0020148,2541.15928757738,2541.4577223599886,-1.0,10.074,1.1,9.800695652173914,long_nclose,10.780765217391306,0.004242459443645964,3.0
1707809160000.0,1231411,1707809160000.0,0.13665217391304285,-0.0010074,2541.294932351293,2541.4601149599885,-0.5,10.074,0.6,9.800695652173914,long_nclose,5.8804173913043485,0.002313945271147094,3.0
1707813600000.0,1231485,1707813600000.0,0.08199130434782571,-0.00060444,2541.3763192156407,2541.4583105199886,-0.3,10.074,0.3,9.800695652173914,long_nclose,2.9402086956521742,0.0011569355838491591,74.0
1707813720000.0,1231487,1707813720000.0,0.027330434782608572,-0.00020148000000000003,2541.403448170423,2541.4581090399884,-0.1,10.074,0.2,9.800695652173914,long_nclose,1.9601391304347828,0.000771282155867815,2.0
1707813780000.0,1231488,1707813780000.0,0.027330434782608572,-0.00020148000000000003,2541.430577125205,2541.458207559988,-0.1,10.074,0.1,9.800695652173914,long_nclose,0.9800695652173914,0.0003856369613393172,1.0
1707814800000.0,1231505,1707814800000.0,0.027330434782608572,-0.00020148000000000003,2541.4577060799875,2541.4577060799875,-0.1,10.074,0.0,9.800695652173914,long_nclose,0.0,0.0,17.0
1708095120000.0,1236177,1708095120000.0,0.0,-0.020316,2541.4373900799874,2541.2773900799875,10.0,10.158,10.0,10.158,long_ientry_normal,101.58,0.039969507175938314,4672.0
1708100280000.0,1236263,1708100280000.0,0.283800000000001,-0.00676104,2541.7144290399874,2542.2772290399876,-3.3,10.244,6.7,10.158,long_nclose,68.0586,0.026776650918138713,86.0
1708100340000.0,1236264,1708100340000.0,0.18920000000000067,-0.004507360000000001,2541.8991216799873,2542.2861216799874,-2.2,10.244,4.5,10.158,long_nclose,45.711,0.017983011052692274,1.0
1708100400000.0,1236265,1708100400000.0,0.12900000000000045,-0.0030732,2542.025048479987,2542.259048479987,-1.5,10.244,3.0,10.158,long_nclose,30.473999999999997,0.01198808014036763,1.0
1708100460000.0,1236266,1708100460000.0,0.0860000000000003,-0.0020488,2542.108999679987,2542.278999679987,-1.0,10.244,2.0,10.158,long_nclose,20.316,0.007991789495476975,1.0
1708100520000.0,1236267,1708100520000.0,0.05160000000000018,-0.0012292800000000001,2542.1593703999865,2542.2797703999863,-0.6,10.244,1.4,10.158,long_nclose,14.221199999999998,0.0055941418014884,1.0
1708100580000.0,1236268,1708100580000.0,0.03440000000000012,-0.00081952,2542.1929508799867,2542.2799508799867,-0.4,10.244,1.0,10.158,long_nclose,10.158,0.003995762790736943,1.0
1708126980000.0,1236708,1708126980000.0,0.02580000000000009,-0.0006146400000000001,2542.2181362399865,2542.2853362399865,-0.3,10.244,0.7,10.158,long_nclose,7.110599999999999,0.0027970062437351582,440.0
1708127580000.0,1236718,1708127580000.0,0.01720000000000006,-0.00040976,2542.2349264799864,2542.2779264799865,-0.2,10.244,0.5,10.158,long_nclose,5.079,0.0019978484077521714,10.0
1708127760000.0,1236721,1708127760000.0,0.00860000000000003,-0.00020488,2542.2433215999863,2542.2793215999864,-0.1,10.244,0.4,10.158,long_nclose,4.0632,0.0015982734482877054,3.0
1708128300000.0,1236730,1708128300000.0,0.00860000000000003,-0.00020488,2542.2517167199862,2542.281116719986,-0.1,10.244,0.3,10.158,long_nclose,3.0473999999999997,0.0011987011278063982,9.0
1708128480000.0,1236733,1708128480000.0,0.00860000000000003,-0.00020488,2542.260111839986,2542.2779118399862,-0.1,10.244,0.2,10.158,long_nclose,2.0316,0.0007991314462821073,3.0
1708135980000.0,1236858,1708135980000.0,0.00860000000000003,-0.00020488,2542.268506959986,2542.277306959986,-0.1,10.244,0.1,10.158,long_nclose,1.0158,0.0003995644036886888,125.0
1708136280000.0,1236863,1708136280000.0,0.00860000000000003,-0.00020488,2542.276902079986,2542.276902079986,-0.1,10.244,0.0,10.158,long_nclose,0.0,0.0,5.0
1708176900000.0,1237540,1708176900000.0,0.0,-0.02026666,2542.256635419986,2542.266735419986,10.1,10.033,10.1,10.033,long_ientry_normal,101.3333,0.03985958718257392,677.0
1708189620000.0,1237752,1708189620000.0,0.2805000000000028,-0.006677880000000001,2542.530457539986,2543.162857539986,-3.3,10.118,6.8,10.033,long_nclose,68.22439999999999,0.026833267541664065,212.0
1708215480000.0,1238183,1708215480000.0,0.9520000000000038,-0.00701284,2543.4754446999864,2544.4070446999863,-3.4,10.313,3.4,10.033,long_nclose,34.112199999999994,0.013411649037572554,431.0
1708215540000.0,1238184,1708215540000.0,0.4760000000000019,-0.00350642,2543.9479382799864,2544.4239382799865,-1.7,10.313,1.7,10.033,long_nclose,17.056099999999997,0.0067045790298412965,1.0
1708215600000.0,1238185,1708215600000.0,0.22400000000000092,-0.0016500800000000002,2544.1702881999863,2544.4258881999863,-0.8,10.313,0.9,10.033,long_nclose,9.0297,0.003549172805719919,1.0
1708217700000.0,1238220,1708217700000.0,0.11200000000000046,-0.0008250400000000001,2544.2814631599863,2544.421463159986,-0.4,10.313,0.5,10.033,long_nclose,5.0165,0.0019716765116739596,35.0
1708217760000.0,1238221,1708217760000.0,0.05600000000000023,-0.00041252000000000004,2544.3370506399865,2544.4219506399863,-0.2,10.313,0.3,10.033,long_nclose,3.0098999999999996,0.0011829800612473526,1.0
1708220100000.0,1238260,1708220100000.0,0.028000000000000115,-0.00020626000000000002,2544.364844379986,2544.4202443799863,-0.1,10.313,0.2,10.033,long_nclose,2.0066,0.0007886447591948909,39.0
1708220160000.0,1238261,1708220160000.0,0.028000000000000115,-0.00020626000000000002,2544.392638119986,2544.420538119986,-0.1,10.313,0.1,10.033,long_nclose,1.0033,0.0003943180722065458,1.0
1708220220000.0,1238262,1708220220000.0,0.028000000000000115,-0.00020626000000000002,2544.4204318599855,2544.4204318599855,-0.1,10.313,0.0,10.033,long_nclose,0.0,0.0,1.0
1708401900000.0,1241290,1708401900000.0,0.0,-0.020272999999999996,2544.4001588599854,2544.5844588599853,9.7,10.45,9.7,10.45,long_ientry_normal,101.36499999999998,0.03983846630689428,3028.0
1708403520000.0,1241317,1708403520000.0,0.2816000000000031,-0.006744320000000001,2544.675014539985,2545.227514539985,-3.2,10.538,6.5,10.45,long_nclose,67.925,0.026692996006124254,27.0
1708403640000.0,1241319,1708403640000.0,0.18480000000000205,-0.0044259600000000005,2544.855388579985,2545.255788579985,-2.1,10.538,4.4,10.45,long_nclose,45.980000000000004,0.01806782428830134,2.0
1708419900000.0,1241590,1708419900000.0,0.12320000000000135,-0.00295064,2544.975637939985,2545.236637939985,-1.4,10.538,3.0,10.45,long_nclose,31.349999999999998,0.012318389037851877,271.0
1708419960000.0,1241591,1708419960000.0,0.08800000000000097,-0.0021076000000000003,2545.0615303399854,2545.2375303399854,-1.0,10.538,2.0,10.45,long_nclose,20.9,0.008211982205871481,1.0
1708422060000.0,1241626,1708422060000.0,0.0,-0.016236479999999998,2545.0452938599856,2544.9710938599856,7.8,10.408,9.8,10.416571428571427,long_ientry_partial,102.08239999999999,0.040110248822006235,35.0
1708425000000.0,1241675,1708425000000.0,0.2829714285714374,-0.006723200000000002,2545.3215420885567,2545.8853706599853,-3.2,10.505,6.6,10.416571428571427,long_nclose,68.74937142857141,0.027010092945726337,49.0
1708425360000.0,1241681,1708425360000.0,0.19454285714286323,-0.004622200000000001,2545.5114627456996,2545.9269484599854,-2.2,10.505,4.4,10.416571428571427,long_nclose,45.83291428571428,0.01800538514812929,6.0
1708426020000.0,1241692,1708426020000.0,0.12380000000000385,-0.0029414000000000003,2545.6323213456994,2545.906607059985,-1.4,10.505,3.0,10.416571428571427,long_nclose,31.24971428571428,0.012275816119900113,11.0
1708426140000.0,1241694,1708426140000.0,0.08842857142857419,-0.0021010000000000004,2545.718648917128,2545.9055060599853,-1.0,10.505,2.0,10.416571428571427,long_nclose,20.833142857142853,0.008183599890743874,2.0
1708426500000.0,1241700,1708426500000.0,0.05305714285714451,-0.0012606,2545.7704454599852,2545.901245459985,-0.6,10.505,1.4,10.416571428571427,long_nclose,14.583199999999996,0.005728403370385194,6.0
1708426620000.0,1241702,1708426620000.0,0.03537142857142968,-0.0008404000000000003,2545.804976488557,2545.9014050599853,-0.4,10.505,1.0,10.416571428571427,long_nclose,10.416571428571427,0.004091661193521219,2.0
1708427580000.0,1241718,1708427580000.0,0.026528571428572255,-0.0006303,2545.8308747599854,2545.8983747599855,-0.3,10.505,0.7,10.416571428571427,long_nclose,7.291599999999998,0.0028641336988606647,16.0
1708427820000.0,1241722,1708427820000.0,0.01768571428571484,-0.00042020000000000013,2545.848140274271,2545.8938545599854,-0.2,10.505,0.5,10.416571428571427,long_nclose,5.208285714285713,0.0020457959105622896,4.0
1708432500000.0,1241800,1708432500000.0,0.00884285714285742,-0.00021010000000000007,2545.856773031414,2545.8901444599855,-0.1,10.505,0.4,10.416571428571427,long_nclose,4.1666285714285705,0.0016366311787710131,78.0
1708432740000.0,1241804,1708432740000.0,0.00884285714285742,-0.00021010000000000007,2545.865405788557,2545.8916343599853,-0.1,10.505,0.3,10.416571428571427,long_nclose,3.124971428571428,0.0012274692218473737,4.0
1708432800000.0,1241805,1708432800000.0,0.00884285714285742,-0.00021010000000000007,2545.8740385457,2545.892324259986,-0.1,10.505,0.2,10.416571428571427,long_nclose,2.0833142857142852,0.000818310039763143,1.0
1708434900000.0,1241840,1708434900000.0,0.00884285714285742,-0.00021010000000000007,2545.882671302843,2545.892814159986,-0.1,10.505,0.1,10.416571428571427,long_nclose,1.0416571428571426,0.00040915363249009414,35.0
1708435200000.0,1241845,1708435200000.0,0.00884285714285742,-0.00021010000000000007,2545.891304059986,2545.891304059986,-0.1,10.505,0.0,10.416571428571427,long_nclose,0.0,0.0,5.0
1708439880000.0,1241923,1708439880000.0,0.0,-0.02029384,2545.871010219986,2545.8612102199863,9.8,10.354,9.8,10.354,long_ientry_normal,101.4692,0.03985637905167558,78.0
1708442940000.0,1241974,1708442940000.0,0.0,-0.02038988,2545.850620339986,2543.461820339986,10.1,10.094,19.9,10.222040201005026,long_rentry,203.4186,0.07990201717838198,51.0
1708458420000.0,1242232,1708458420000.0,0.5673346733668289,-0.01360656,2546.404348453353,2547.560913779986,-6.6,10.308,13.3,10.222040201005026,long_nclose,135.95313467336686,0.05339023818269188,258.0
1708458540000.0,1242234,1708458540000.0,0.37822311557788596,-0.00907104,2546.773500528931,2547.5474427399863,-4.4,10.308,8.9,10.222040201005026,long_nclose,90.97615778894473,0.03572212360857775,2.0
1708458900000.0,1242240,1708458900000.0,0.2492834170854248,-0.00597864,2547.016805306016,2547.526564099986,-2.9,10.308,6.0,10.222040201005026,long_nclose,61.332241206030155,0.02408003004858905,6.0
1708459140000.0,1242244,1708459140000.0,0.17191959798994816,-0.0041232000000000005,2547.184601704006,2547.5564408999862,-2.0,10.308,4.0,10.222040201005026,long_nclose,40.8881608040201,0.01605229584721378,4.0
1708459560000.0,1242251,1708459560000.0,0.11174773869346631,-0.00268008,2547.2936693626993,2547.520360819986,-1.3,10.308,2.7,10.222040201005026,long_nclose,27.599508542713572,0.010834835761052482,7.0
1708459620000.0,1242252,1708459620000.0,0.07736381909547667,-0.0018554400000000003,2547.369177741795,2547.529305379986,-0.9,10.308,1.8,10.222040201005026,long_nclose,18.399672361809046,0.0072230097319934145,1.0
1708460040000.0,1242259,1708460040000.0,0.05157587939698444,-0.00123696,2547.419516661192,2547.521468419986,-0.6,10.308,1.2,10.222040201005026,long_nclose,12.26644824120603,0.004815244666604112,7.0
1708460160000.0,1242261,1708460160000.0,0.034383919597989636,-0.00082464,2547.4530759407903,2547.5234437799863,-0.4,10.308,0.8,10.222040201005026,long_nclose,8.177632160804022,0.0032101208214734126,2.0
1708460280000.0,1242263,1708460280000.0,0.017191959798994818,-0.00041232,2547.4698555805894,2547.5214314599866,-0.2,10.308,0.6,10.222040201005026,long_nclose,6.133224120603015,0.0024075747578199322,2.0
1708460340000.0,1242264,1708460340000.0,0.017191959798994818,-0.00041232,2547.4866352203885,2547.5214191399864,-0.2,10.308,0.4,10.222040201005026,long_nclose,4.088816080402011,0.0016050392664958097,1.0
1708460460000.0,1242266,1708460460000.0,0.008595979899497409,-0.00020616,2547.495025040288,2547.5184129799864,-0.1,10.308,0.3,10.222040201005026,long_nclose,3.0666120603015075,0.0012037754853919723,2.0
1708461300000.0,1242280,1708461300000.0,0.008595979899497409,-0.00020616,2547.5034148601876,2547.5214068199866,-0.1,10.308,0.2,10.222040201005026,long_nclose,2.0444080402010054,0.0008025143472921338,14.0
1708461480000.0,1242283,1708461480000.0,0.008595979899497409,-0.00020616,2547.511804680087,2547.5199006599864,-0.1,10.308,0.1,10.222040201005026,long_nclose,1.0222040201005027,0.00040125585217018044,3.0
1708461720000.0,1242287,1708461720000.0,0.008595979899497409,-0.00020616,2547.5201944999867,2547.5201944999867,-0.1,10.308,0.0,10.222040201005026,long_nclose,0.0,0.0,4.0
1708495620000.0,1242852,1708495620000.0,0.0,-0.02028686,2547.4999076399868,2547.6918076399866,10.1,10.043,10.1,10.043,long_ientry_normal,101.4343,0.03981719477036963,565.0
1708517100000.0,1243210,1708517100000.0,0.0,-0.020365280000000003,2547.4795423599867,2545.4878423599866,10.4,9.791,20.5,9.915156097560976,long_rentry,203.2607,0.07978894300038193,358.0
1708588020000.0,1244392,1708588020000.0,0.5701385365853682,-0.01359864,2548.036082256572,2549.061443719987,-6.8,9.999,13.7,9.915156097560976,long_nclose,135.83763853658536,0.05331072015914542,1182.0
1708589100000.0,1244410,1708589100000.0,0.3772975609756113,-0.008999100000000001,2548.4043807175476,2549.2401446199865,-4.5,9.999,9.2,9.915156097560976,long_nclose,91.21943609756097,0.03579472582443001,18.0
1708591080000.0,1244443,1708591080000.0,0.2515317073170742,-0.0059994,2548.649913024865,2549.095345219987,-3.0,9.999,6.2,9.915156097560976,long_nclose,61.47396780487805,0.024120208699796544,33.0
1708591200000.0,1244445,1708591200000.0,0.16768780487804946,-0.003999600000000001,2548.8136012297427,2549.2287456199865,-2.0,9.999,4.2,9.915156097560976,long_nclose,41.6436556097561,0.016338446871777528,2.0
1708591380000.0,1244448,1708591380000.0,0.11738146341463461,-0.00279972,2548.9281829731576,2549.199345899987,-1.4,9.999,2.8,9.915156097560976,long_nclose,27.76243707317073,0.010891808274012517,3.0
1708594500000.0,1244500,1708594500000.0,0.07545951219512226,-0.0017998200000000002,2549.001842665353,2549.176346079987,-0.9,9.999,1.9,9.915156097560976,long_nclose,18.838796585365852,0.0073906563228166,52.0
1708598040000.0,1244559,1708598040000.0,0.05030634146341484,-0.0011998800000000002,2549.0509491268162,2549.161246199987,-0.6,9.999,1.3,9.915156097560976,long_nclose,12.889702926829269,0.005056667435872425,59.0
1708634580000.0,1245168,1708634580000.0,0.03353756097560989,-0.0007999200000000002,2549.0836867677917,2549.157346279987,-0.4,9.999,0.9,9.915156097560976,long_nclose,8.923640487804878,0.003500724803240944,609.0
1708702740000.0,1246304,1708702740000.0,0.02515317073170742,-0.0005999400000000001,2549.1082399985235,2549.162746339987,-0.3,9.999,0.6,9.915156097560976,long_nclose,5.949093658536586,0.0023337940559715236,1136.0
1708703160000.0,1246311,1708703160000.0,0.016768780487804946,-0.0003999600000000001,2549.1246088190114,2549.146146379987,-0.2,9.999,0.4,9.915156097560976,long_nclose,3.9660624390243906,0.0015558527132425413,7.0
1708703640000.0,1246319,1708703640000.0,0.008384390243902473,-0.00019998000000000005,2549.132793229255,2549.158246399987,-0.1,9.999,0.3,9.915156097560976,long_nclose,2.974546829268293,0.0011668857884410647,8.0
1708710060000.0,1246426,1708710060000.0,0.008384390243902473,-0.00019998000000000005,2549.140977639499,2549.160746419987,-0.1,9.999,0.2,9.915156097560976,long_nclose,1.9830312195121953,0.0007779213613161871,107.0
1708711380000.0,1246448,1708711380000.0,0.008384390243902473,-0.00019998000000000005,2549.1491620497427,2549.1582464399867,-0.1,9.999,0.1,9.915156097560976,long_nclose,0.9915156097560976,0.00038895943184385134,22.0
1708712220000.0,1246462,1708712220000.0,0.008384390243902473,-0.00019998000000000005,2549.1573464599865,2549.1573464599865,-0.1,9.999,0.0,9.915156097560976,long_nclose,0.0,0.0,14.0
1709049300000.0,1252080,1709049300000.0,0.0,-0.020416800000000002,2549.1369296599864,2549.1275296599865,9.4,10.86,9.4,10.86,long_ientry_normal,102.084,0.0400464952714864,5618.0
1709049660000.0,1252086,1709049660000.0,0.2852000000000016,-0.00679024,2549.415339419986,2550.007539419986,-3.1,10.952,6.3,10.86,long_nclose,68.41799999999999,0.02683674132735299,6.0
1709050140000.0,1252094,1709050140000.0,0.0,-0.00673258,2549.408606839986,2549.289506839986,3.1,10.859,9.4,10.859670212765955,long_ientry_partial,102.08089999999999,0.04004101175704829,8.0
1709050740000.0,1252104,1709050740000.0,0.2831223404255397,-0.006789620000000001,2549.6849395604117,2550.241417219986,-3.1,10.951,6.3,10.859670212765955,long_nclose,68.41592234042552,0.026833088778498663,10.0
1709050800000.0,1252105,1709050800000.0,0.19179255319149463,-0.004599420000000001,2549.8721326936034,2550.280917799986,-2.1,10.951,4.2,10.859670212765955,long_nclose,45.61061489361701,0.017887412591719026,1.0
1709050980000.0,1252108,1709050980000.0,0.12786170212766307,-0.0030662800000000002,2549.996928115731,2550.277851519986,-1.4,10.951,2.8,10.859670212765955,long_nclose,30.407076595744673,0.011924358127840323,3.0
1709051400000.0,1252115,1709051400000.0,0.08219680851064055,-0.0019711800000000003,2550.0771537442415,2550.263980339986,-0.9,10.951,1.9,10.859670212765955,long_nclose,20.633373404255316,0.008091274169473512,7.0
1709052300000.0,1252130,1709052300000.0,0.05479787234042703,-0.00131412,2550.1306374965816,2550.2571662199857,-0.6,10.951,1.3,10.859670212765955,long_nclose,14.117571276595742,0.005536018849000894,15.0
1709052480000.0,1252133,1709052480000.0,0.036531914893618025,-0.0008760800000000002,2550.166293331475,2550.2439901399857,-0.4,10.951,0.9,10.859670212765955,long_nclose,9.77370319148936,0.0038325748469999706,3.0
1709053680000.0,1252153,1709053680000.0,0.027398936170213516,-0.00065706,2550.1930352076456,2550.247233079986,-0.3,10.951,0.6,10.859670212765955,long_nclose,6.5158021276595735,0.0025550231051936954,20.0
1709053740000.0,1252154,1709053740000.0,0.018265957446809013,-0.0004380400000000001,2550.210863125092,2550.2477950399857,-0.2,10.951,0.4,10.859670212765955,long_nclose,4.343868085106382,0.001703336829090006,1.0
1709054040000.0,1252159,1709054040000.0,0.009132978723404506,-0.00021902000000000005,2550.2197770838156,2550.248076019986,-0.1,10.951,0.3,10.859670212765955,long_nclose,3.2579010638297867,0.0012774981564746576,5.0
1709056380000.0,1252198,1709056380000.0,0.03023297872340454,-0.00022324000000000004,2550.2497868225387,2550.3180527799855,-0.1,11.162,0.2,10.859670212765955,long_nclose,2.171934042553191,0.0008516554157854839,39.0
1709057700000.0,1252220,1709057700000.0,0.10286595744680903,-0.0004549600000000001,2550.3521978199856,2550.3521978199856,-0.2,11.374,0.0,10.859670212765955,long_nclose,0.0,0.0,22.0
1709141460000.0,1253616,1709141460000.0,0.0,-0.020358519999999998,2550.3318392999854,2546.964839299985,9.1,11.186,9.1,11.186,long_ientry_normal,101.7926,0.039913472604388614,1396.0
1709141460000.0,1253616,1709141460000.0,0.0,-0.0205014,2550.3113378999856,2546.1077378999858,9.4,10.905,18.5,11.043221621621623,long_rentry,204.29960000000003,0.08010770958193182,0.0
1709141460000.0,1253616,1709141460000.0,0.0,-0.0203167,2550.2910211999856,2547.2559211999856,9.5,10.693,28.0,10.924396428571429,long_rentry,305.8831,0.11994046854153656,0.0
1709141580000.0,1253618,1709141580000.0,0.8612132142857073,-0.020491620000000002,2551.1317427942713,2552.4146295799856,-9.3,11.017,18.7,10.924396428571429,long_nclose,204.2862132142857,0.08007670077850612,2.0
1709141640000.0,1253619,1709141640000.0,0.5741421428571382,-0.013661079999999999,2551.6922238571283,2553.3997684999854,-6.2,11.017,12.5,10.924396428571429,long_nclose,136.55495535714286,0.053515449112717405,1.0
1709141880000.0,1253623,1709141880000.0,0.37967464285713975,-0.009033939999999999,2552.0628645599854,2552.7315345599854,-4.1,11.017,8.4,10.924396428571429,long_nclose,91.76493,0.03595715892203215,4.0
1709141940000.0,1253624,1709141940000.0,0.25928999999999786,-0.0061695199999999995,2552.315985039985,2553.220965039985,-2.8,11.017,5.6,10.924396428571429,long_nclose,61.17662,0.023969061965124036,1.0
1709142000000.0,1253625,1709142000000.0,0.0,-0.007981920000000002,2552.308003119985,2553.295783119985,3.6,11.086,9.2,10.987632608695652,long_ientry_partial,101.08621999999998,0.0396058077145981,1.0
1709142120000.0,1253627,1709142120000.0,0.2801021739130434,-0.006648599999999999,2552.581456693898,2553.606734519985,-3.0,11.081,6.2,10.987632608695652,long_nclose,68.12332217391304,0.026688011070230968,2.0
1709142180000.0,1253628,1709142180000.0,0.0,-0.006691800000000001,2552.5747648938977,2554.0048427199845,3.0,11.153,9.2,11.041556758034027,long_ientry_partial,101.58232217391304,0.03979602226387108,1.0
1709142960000.0,1253641,1709142960000.0,1.4142389130434785,-0.01044108,2553.978562726941,2555.4664016399847,-4.6,11.349,4.6,11.041556758034027,long_nclose,50.79116108695652,0.01988707416272345,13.0
1709143140000.0,1253644,1709143140000.0,0.7071194565217392,-0.00522054,2554.680461643463,2555.3622810999846,-2.3,11.349,2.3,11.041556758034027,long_nclose,25.39558054347826,0.009940805092759396,3.0
1709143200000.0,1253645,1709143200000.0,0.338187566162571,-0.0024967800000000005,2555.0161524296254,2555.4078843199845,-1.1,11.349,1.2,11.041556758034027,long_nclose,13.24986810964083,0.005185825575717483,1.0
1709143500000.0,1253650,1709143500000.0,0.0,-0.01765966,2554.9984927696255,2554.9062246599847,7.9,11.177,9.1,11.159139352707783,long_ientry_partial,101.54816810964081,0.03974490333243301,5.0
1709144580000.0,1253668,1709144580000.0,0.0,-0.020452520000000002,2554.9780402496253,2552.1327721399844,9.4,10.879,18.5,11.016798276196802,long_rentry,203.81076810964083,0.07977006647373305,18.0
1709145720000.0,1253687,1709145720000.0,0.5685305151995045,-0.013554199999999997,2555.533016564825,2556.7135179399847,-6.1,11.11,12.4,11.016798276196802,long_nclose,136.60829862484036,0.05345589266088634,19.0
1709145900000.0,1253690,1709145900000.0,0.3821270675931096,-0.009110199999999999,2555.906033432418,2556.6796077399845,-4.1,11.11,8.3,11.016798276196802,long_nclose,91.43942569243346,0.03577573842557747,3.0
1709145960000.0,1253691,1709145960000.0,0.2516446542686332,-0.0059994,2556.151678686687,2556.819208339985,-2.7,11.11,5.6,11.016798276196802,long_nclose,61.694070346702084,0.02413552797398924,1.0
1709146020000.0,1253692,1709146020000.0,0.0,-0.00801792,2556.143660766687,2556.6455904199847,3.6,11.136,9.2,11.063442428989358,long_ientry_partial,101.78367034670208,0.0398192292197588,1.0
1709146800000.0,1253705,1709146800000.0,0.280672713031926,-0.006694200000000001,2556.417639279719,2557.041096219985,-3.0,11.157,6.2,11.063442428989358,long_nclose,68.59334305973402,0.026831822001924722,13.0
1709146980000.0,1253708,1709146980000.0,0.0,-0.006693600000000001,2556.410945679719,2557.058402619985,3.0,11.156,9.2,11.093624245623264,long_ientry_partial,102.06134305973403,0.03992368411354816,3.0
1709153100000.0,1253810,1709153100000.0,0.28012726313020586,-0.006712200000000001,2556.684360742849,2557.232290419985,-3.0,11.187,6.2,11.093624245623264,long_nclose,68.78047032286423,0.026902214203273784,102.0
1709153160000.0,1253811,1709153160000.0,0.18675150875347057,-0.0044748,2556.8666374516024,2557.2798156199847,-2.0,11.187,4.2,11.093624245623264,long_nclose,46.59322183161771,0.01822278141110113,1.0
1709153280000.0,1253813,1709153280000.0,0.1307260561274294,-0.00313236,2556.99423114773,2557.317283259985,-1.4,11.187,2.8,11.093624245623264,long_nclose,31.062147887745137,0.01214791473104052,2.0
1709153520000.0,1253817,1709153520000.0,0.08403817893906176,-0.00201366,2557.0762556666687,2557.2669695999843,-0.9,11.187,1.9,11.093624245623264,long_nclose,21.0778860666842,0.008242963431369736,4.0
1709154060000.0,1253826,1709154060000.0,0.056025452626041174,-0.0013424399999999999,2557.1309386792946,2557.2354271599843,-0.6,11.187,1.3,11.093624245623264,long_nclose,14.421711519310243,0.005639801740758242,9.0
1709154900000.0,1253840,1709154900000.0,0.03735030175069411,-0.0008949600000000001,2557.1673940210453,2557.2604321999843,-0.4,11.187,0.9,11.093624245623264,long_nclose,9.984261821060938,0.00390442246542221,14.0
1709155080000.0,1253843,1709155080000.0,0.028012726313020587,-0.0006712199999999999,2557.1947355273583,2557.252560979984,-0.3,11.187,0.6,11.093624245623264,long_nclose,6.656174547373959,0.0026029204795782936,3.0
1709160180000.0,1253928,1709160180000.0,0.09281272631302091,-0.00068418,2557.2868640736715,2557.3796767999847,-0.3,11.403,0.3,11.093624245623264,long_nclose,3.3280872736869793,0.0013014133535200853,85.0
1709160240000.0,1253929,1709160240000.0,0.03093757543767364,-0.00022806000000000004,2557.317573589109,2557.3808487399842,-0.1,11.403,0.2,11.093624245623264,long_nclose,2.2187248491246527,0.0008675984836762949,1.0
1709160360000.0,1253931,1709160360000.0,0.03093757543767364,-0.00022806000000000004,2557.3482831045467,2557.3792206799844,-0.1,11.403,0.1,11.093624245623264,long_nclose,1.1093624245623264,0.00043379403262804413,2.0
1709160420000.0,1253932,1709160420000.0,0.03093757543767364,-0.00022806000000000004,2557.3789926199843,2557.3789926199843,-0.1,11.403,0.0,11.093624245623264,long_nclose,0.0,0.0,1.0
1709241840000.0,1255289,1709241840000.0,0.0,-0.020503820000000002,2557.358488799984,2557.251688799984,8.9,11.519,8.9,11.519,long_ientry_normal,102.51910000000001,0.04008788773610934,1357.0
1709245080000.0,1255343,1709245080000.0,0.0,-0.020436779999999998,2557.338052019984,2554.757052019984,9.1,11.229,18.0,11.372388888888889,long_rentry,204.703,0.08004534239746275,54.0
1709246340000.0,1255364,1709246340000.0,0.0,-0.020482320000000002,2557.317569699984,2552.495869699984,9.3,11.012,27.3,11.249619047619047,long_rentry,307.1146,0.12009247644438219,21.0
1709253780000.0,1255488,1709253780000.0,0.8679666666666743,-0.020647900000000004,2558.1648884666506,2560.064621799984,-9.1,11.345,18.2,11.249619047619047,long_nclose,204.74306666666666,0.08003513283672206,124.0
1709254020000.0,1255492,1709254020000.0,0.5722857142857194,-0.013614000000000003,2558.723560180936,2559.777407799984,-6.0,11.345,12.2,11.249619047619047,long_nclose,137.24535238095237,0.053638210284524555,4.0
1709254080000.0,1255493,1709254080000.0,0.38152380952381293,-0.009076,2559.0960079904603,2559.935531799984,-4.0,11.345,8.2,11.249619047619047,long_nclose,92.24687619047619,0.03604666487792828,1.0
1709255760000.0,1255521,1709255760000.0,0.25752857142857377,-0.006126300000000001,2559.3474102618893,2559.8885054999846,-2.7,11.345,5.5,11.249619047619047,long_nclose,61.87290476190476,0.024175266129881728,28.0
1709256060000.0,1255526,1709256060000.0,0.17168571428571583,-0.0040842000000000005,2559.515011776175,2559.9049212999844,-1.8,11.345,3.7,11.249619047619047,long_nclose,41.62359047619048,0.016262295897731732,5.0
1709256480000.0,1255533,1709256480000.0,0.11445714285714387,-0.0027228000000000005,2559.6267461190323,2559.870198499985,-1.2,11.345,2.5,11.249619047619047,long_nclose,28.12404761904762,0.010987558112404466,7.0
1709257200000.0,1255545,1709257200000.0,0.0763047619047626,-0.0018152,2559.7012356809373,2559.892283299985,-0.8,11.345,1.7,11.249619047619047,long_nclose,19.12435238095238,0.0074713220880502015,12.0
1709259000000.0,1255575,1709259000000.0,0.047690476190476616,-0.0011345,2559.747791657128,2559.868248799985,-0.5,11.345,1.2,11.249619047619047,long_nclose,13.499542857142856,0.005273778495342907,30.0
1709262360000.0,1255631,1709262360000.0,0.0381523809523813,-0.0009076,2559.78503643808,2559.864541199985,-0.4,11.345,0.8,11.249619047619047,long_nclose,8.999695238095239,0.0035158011747026385,56.0
1709267160000.0,1255711,1709267160000.0,0.01907619047619065,-0.0004538,2559.8036588285563,2559.865087399985,-0.2,11.345,0.6,11.249619047619047,long_nclose,6.749771428571428,0.002636831698123413,80.0
1709267880000.0,1255723,1709267880000.0,0.01907619047619065,-0.0004538,2559.8222812190324,2559.8648335999846,-0.2,11.345,0.4,11.249619047619047,long_nclose,4.499847619047619,0.0017578750103326363,12.0
1709268060000.0,1255726,1709268060000.0,0.009538095238095325,-0.0002269,2559.8315924142703,2559.8566066999847,-0.1,11.345,0.3,11.249619047619047,long_nclose,3.374885714285714,0.001318401462145694,3.0
1709268180000.0,1255728,1709268180000.0,0.009538095238095325,-0.0002269,2559.840903609508,2559.8607797999844,-0.1,11.345,0.2,11.249619047619047,long_nclose,2.2499238095238097,0.0008789311110511988,2.0
1709268360000.0,1255731,1709268360000.0,0.009538095238095325,-0.0002269,2559.850214804746,2559.858352899984,-0.1,11.345,0.1,11.249619047619047,long_nclose,1.1249619047619048,0.000439463957014263,3.0
1709268480000.0,1255733,1709268480000.0,0.009538095238095325,-0.0002269,2559.859525999984,2559.859525999984,-0.1,11.345,0.0,11.249619047619047,long_nclose,0.0,0.0,2.0
1709450520000.0,1258767,1709450520000.0,0.0,-0.02058246,2559.838943539984,2559.865043539984,8.7,11.829,8.7,11.829,long_ientry_normal,102.9123,0.04020264644371856,3034.0
1709450760000.0,1258771,1709450760000.0,0.0,-0.020525180000000004,2559.818418359984,2557.8594183599844,8.9,11.531,17.6,11.678306818181817,long_rentry,205.5382,0.08029405465864392,4.0
1709450820000.0,1258772,1709450820000.0,0.0,-0.02058056,2559.7978377999843,2554.4285377999845,9.1,11.308,26.7,11.552097378277153,long_rentry,308.441,0.1204942810113041,1.0
1709451060000.0,1258776,1709451060000.0,0.8713333333333376,-0.020737000000000002,2560.648434133318,2562.3199007999847,-8.9,11.65,17.8,11.552097378277153,long_nclose,205.62733333333333,0.08030283680974361,4.0
1709451120000.0,1258777,1709451120000.0,0.5776254681647969,-0.013747,2561.2123126014826,2560.4376537999847,-5.9,11.65,11.9,11.552097378277153,long_nclose,137.46995880149814,0.05367378492018365,1.0
1709451300000.0,1258780,1709451300000.0,0.381820224719103,-0.009087000000000001,2561.5850458262016,2562.2882667999843,-3.9,11.65,8.0,11.552097378277153,long_nclose,92.41677902621723,0.03607796632666926,3.0
1709451420000.0,1258782,1709451420000.0,0.25454681647940197,-0.006058000000000001,2561.833534642681,2562.5620087999846,-2.6,11.65,5.4,11.552097378277153,long_nclose,62.38132584269663,0.024350265151555774,2.0
1709451480000.0,1258783,1709451480000.0,0.0,-0.00794716,2561.825587482681,2562.3164616399845,3.4,11.687,8.8,11.604218845760979,long_ientry_partial,102.11712584269662,0.039861076546994625,1.0
1709452140000.0,1258794,1709452140000.0,0.2835653472931609,-0.00678716,2562.102365669974,2562.7146744799843,-2.9,11.702,5.9,11.604218845760979,long_nclose,68.46489118998979,0.026722152911359823,11.0
1709452200000.0,1258795,1709452200000.0,0.0,-0.0067906400000000006,2562.095575029974,2562.6550838399844,2.9,11.708,8.8,11.638419453407927,long_ientry_partial,102.41809118998977,0.03997434451241796,1.0
1709452440000.0,1258799,1709452440000.0,0.28588358511701184,-0.00680746,2562.374651155091,2562.8913763799846,-2.9,11.737,5.9,11.638419453407927,long_nclose,68.66667477510677,0.0267980620024291,4.0
1709452500000.0,1258800,1709452500000.0,0.0,-0.00656656,2562.368084595091,2562.8674098199845,2.8,11.726,8.7,11.666606295989284,long_ientry_partial,101.49947477510676,0.03961159030403153,1.0
1709455260000.0,1258846,1709455260000.0,0.28534174163107673,-0.006823699999999999,2562.646602636722,2563.257886119984,-2.9,11.765,5.8,11.666606295989284,long_nclose,67.66631651673785,0.026404856778580232,46.0
1709455320000.0,1258847,1709455320000.0,0.0,-0.00682544,2562.639777196722,2563.340960679984,2.9,11.768,8.7,11.70040419732619,long_ientry_partial,101.79351651673784,0.03972213239743356,1.0
1709455560000.0,1258851,1709455560000.0,0.2859278277540479,-0.006843419999999999,2562.918861604476,2563.490717259984,-2.9,11.799,5.8,11.70040419732619,long_nclose,67.8623443444919,0.026478537951844374,4.0
1709455620000.0,1258852,1709455620000.0,0.18733202508023827,-0.00448362,2563.1017100095564,2563.474533639984,-1.9,11.799,3.9,11.70040419732619,long_nclose,45.63157636957214,0.01780326398728906,1.0
1709455740000.0,1258854,1709455740000.0,0.0,-0.011292479999999999,2563.0904175295564,2563.3693411599843,4.8,11.763,8.7,11.734939812594499,long_ientry_partial,102.09397636957213,0.03983237410250075,2.0
1709456760000.0,1258871,1709456760000.0,0.2872745434759517,-0.006863719999999999,2563.3708283530323,2563.9511774399843,-2.9,11.834,5.8,11.734939812594499,long_nclose,68.06265091304809,0.026552011187853924,17.0
1709457000000.0,1258875,1709457000000.0,0.18821435607045112,-0.00449692,2563.554545789103,2563.9720805199845,-1.9,11.834,3.9,11.734939812594499,long_nclose,45.76626526911855,0.01785265905275714,4.0
1709460720000.0,1258937,1709460720000.0,0.1287782436271508,-0.00307684,2563.68024719273,2563.9690036799843,-1.3,11.834,2.6,11.734939812594499,long_nclose,30.510843512745698,0.011901189138604766,62.0
1709460900000.0,1258940,1709460900000.0,0.07924814992440049,-0.0018934400000000001,2563.757601902654,2563.959310239984,-0.8,11.834,1.8,11.734939812594499,long_nclose,21.1228916626701,0.008239036189300449,3.0
1709461020000.0,1258942,1709461020000.0,0.059436112443300354,-0.00142008,2563.815617935097,2563.956090159984,-0.6,11.834,1.2,11.734939812594499,long_nclose,14.081927775113398,0.005492566499947845,2.0
1709463240000.0,1258979,1709463240000.0,0.039624074962200245,-0.0009467200000000001,2563.85429529006,2563.919143439984,-0.4,11.834,0.8,11.734939812594499,long_nclose,9.3879518500756,0.0036616557607512174,37.0
1709464320000.0,1258997,1709464320000.0,0.019812037481100123,-0.00047336000000000004,2563.873633967541,2563.9354700799845,-0.2,11.834,0.6,11.734939812594499,long_nclose,7.040963887556699,0.0027462211063268957,18.0
1709467020000.0,1259042,1709467020000.0,0.019812037481100123,-0.00047336000000000004,2563.8929726450224,2563.9345967199847,-0.2,11.834,0.4,11.734939812594499,long_nclose,4.6939759250378,0.001830800261601908,45.0
1709472780000.0,1259138,1709472780000.0,0.009906018740550061,-0.00023668000000000002,2563.902641983763,2563.9371600399845,-0.1,11.834,0.3,11.734939812594499,long_nclose,3.5204819437783494,0.0013730950177790115,96.0
1709473020000.0,1259142,1709473020000.0,0.009906018740550061,-0.00023668000000000002,2563.9123113225032,2563.9343233599843,-0.1,11.834,0.2,11.734939812594499,long_nclose,2.3469879625189,0.0009153932262637678,4.0
1709485500000.0,1259350,1709485500000.0,0.032706018740550034,-0.00024124,2563.944776101244,2563.9786821199846,-0.1,12.062,0.1,11.734939812594499,long_nclose,1.17349398125945,0.0004576908177577346,208.0
1709486520000.0,1259367,1709486520000.0,0.032706018740550034,-0.00024124,2563.9772408799845,2563.9772408799845,-0.1,12.062,0.0,11.734939812594499,long_nclose,0.0,0.0,17.0
1709574420000.0,1260832,1709574420000.0,0.0,-0.020492640000000003,2563.9567482399843,2564.0575482399845,8.4,12.198,8.4,12.198,long_ientry_normal,102.46320000000001,0.03996292061881909,1465.0
1709577960000.0,1260891,1709577960000.0,0.2883999999999993,-0.00688856,2564.2382596799844,2564.8262596799846,-2.8,12.301,5.6,12.198,long_nclose,68.30879999999999,0.02663902222897372,59.0
1709579040000.0,1260909,1709579040000.0,0.18539999999999957,-0.00442836,2564.419231319984,2564.848631319984,-1.8,12.301,3.8,12.198,long_nclose,46.352399999999996,0.01807520370845956,18.0
1709579460000.0,1260916,1709579460000.0,0.12359999999999971,-0.00295224,2564.539879079984,2564.8778790799843,-1.2,12.301,2.6,12.198,long_nclose,31.714800000000004,0.01236666283051817,7.0
1709586960000.0,1261041,1709586960000.0,0.0823999999999998,-0.0019681600000000005,2564.6203109199837,2564.7985109199835,-0.8,12.301,1.8,12.198,long_nclose,21.956400000000002,0.008561267298130294,125.0
1709587080000.0,1261043,1709587080000.0,0.061799999999999855,-0.00147612,2564.6806347999836,2564.7982347999837,-0.6,12.301,1.2,12.198,long_nclose,14.637599999999999,0.005707377285648498,2.0
1709587200000.0,1261045,1709587200000.0,0.0411999999999999,-0.0009840800000000002,2564.720850719984,2564.8192507199838,-0.4,12.301,0.8,12.198,long_nclose,9.758400000000002,0.003804858527687551,2.0
1709595900000.0,1261190,1709595900000.0,0.13599999999999995,-0.00100304,2564.855847679984,2564.9726476799838,-0.4,12.538,0.4,12.198,long_nclose,4.879200000000001,0.0019023291326151662,145.0
1709605140000.0,1261344,1709605140000.0,0.010299999999999976,-0.00024602000000000006,2564.865901659984,2564.897101659984,-0.1,12.301,0.3,12.198,long_nclose,3.6593999999999998,0.0014267412567774526,154.0
1709605380000.0,1261348,1709605380000.0,0.010299999999999976,-0.00024602000000000006,2564.875955639984,2564.896355639984,-0.1,12.301,0.2,12.198,long_nclose,2.4396000000000004,0.0009511571094249176,4.0
1709605440000.0,1261349,1709605440000.0,0.010299999999999976,-0.00024602000000000006,2564.886009619984,2564.897209619984,-0.1,12.301,0.1,12.198,long_nclose,1.2198000000000002,0.00047557669051371485,1.0
1709605800000.0,1261355,1709605800000.0,0.0,-0.02024868,2564.8657609399843,2564.8909609399843,8.3,12.198,8.4,12.198,long_ientry_partial,102.46320000000001,0.03994875738153595,6.0
1709611140000.0,1261444,1709611140000.0,0.2883999999999993,-0.00688856,2565.1472723799843,2565.651272379984,-2.8,12.301,5.6,12.198,long_nclose,68.30879999999999,0.026629582143493074,89.0
1709611200000.0,1261445,1709611200000.0,0.18539999999999957,-0.00442836,2565.328244019984,2565.727244019984,-1.8,12.301,3.8,12.198,long_nclose,46.352399999999996,0.01806879884009062,1.0
1709613480000.0,1261483,1709613480000.0,0.6459999999999997,-0.00476444,2565.969479579984,2566.613579579984,-1.9,12.538,1.9,12.198,long_nclose,23.176199999999998,0.009032141724379996,38.0
1709613540000.0,1261484,1709613540000.0,0.3059999999999999,-0.00225684,2566.2732227399842,2566.6132227399844,-0.9,12.538,1.0,12.198,long_nclose,12.198,0.0047531961491521614,1.0
1709613600000.0,1261485,1709613600000.0,0.16999999999999993,-0.0012538,2566.4419689399842,2566.614968939984,-0.5,12.538,0.5,12.198,long_nclose,6.099,0.00237644181080746,1.0
1709613900000.0,1261490,1709613900000.0,0.06799999999999998,-0.00050152,2566.5094674199845,2566.6060674199844,-0.2,12.538,0.3,12.198,long_nclose,3.6593999999999998,0.0014258275866321495,5.0
1709614020000.0,1261492,1709614020000.0,0.03399999999999999,-0.00025076,2566.5432166599844,2566.602016659984,-0.1,12.538,0.2,12.198,long_nclose,2.4396000000000004,0.0009505392249637691,2.0
1709614980000.0,1261508,1709614980000.0,0.0,-0.019963719999999997,2566.5232529399846,2566.9298529399844,8.2,12.173,8.4,12.173595238095235,long_ientry_partial,102.25819999999997,0.03984308339418391,16.0
1709615100000.0,1261510,1709615100000.0,0.28673333333334194,-0.00687456,2566.803111713318,2567.2869783799842,-2.8,12.276,5.6,12.173595238095235,long_nclose,68.1721333333333,0.026559159532820197,2.0
1709615160000.0,1261511,1709615160000.0,0.184328571428577,-0.004419360000000001,2566.983020924746,2567.383559019984,-1.8,12.276,3.8,12.173595238095235,long_nclose,46.25966190476189,0.018021023718379336,1.0
1709615940000.0,1261524,1709615940000.0,0.6448690476190536,-0.00475494,2567.623135032365,2568.2528040799843,-1.9,12.513,1.9,12.173595238095235,long_nclose,23.129830952380946,0.009008265518720446,13.0
1709616000000.0,1261525,1709616000000.0,0.3054642857142886,-0.00225234,2567.9263469780794,2568.288751739984,-0.9,12.513,1.0,12.173595238095235,long_nclose,12.173595238095235,0.004740632554520518,1.0
1709617380000.0,1261548,1709617380000.0,0.16970238095238255,-0.0012513000000000001,2568.0947980590317,2568.2850004399843,-0.5,12.513,0.5,12.173595238095235,long_nclose,6.086797619047617,0.002370160799222842,23.0
1709619180000.0,1261578,1709619180000.0,0.2882023809523826,-0.001275,2568.381725439984,2568.381725439984,-0.5,12.75,0.0,12.173595238095235,long_nclose,0.0,0.0,30.0
1709652660000.0,1262136,1709652660000.0,0.0,-0.020527560000000004,2568.361197879984,2568.7180978799843,8.3,12.366,8.3,12.366,long_ientry_normal,102.63780000000001,0.03996236981181653,558.0
1709652720000.0,1262137,1709652720000.0,0.28080000000000266,-0.006733800000000001,2568.635264079984,2568.9208640799843,-2.7,12.47,5.6,12.366,long_nclose,69.24959999999999,0.02695968593454755,1.0
1709652780000.0,1262138,1709652780000.0,0.18720000000000178,-0.0044892000000000005,2568.817974879984,2569.091574879984,-1.8,12.47,3.8,12.366,long_nclose,46.99079999999999,0.018292771406738316,1.0
1709652840000.0,1262139,1709652840000.0,0.12480000000000117,-0.0029928000000000003,2568.939782079984,2569.262182079984,-1.2,12.47,2.6,12.366,long_nclose,32.1516,0.012515513296293747,1.0
1709653620000.0,1262152,1709653620000.0,0.44850000000000084,-0.00330486,2569.384977219984,2569.852977219984,-1.3,12.711,1.3,12.366,long_nclose,16.0758,0.006256672371998395,13.0
1709654820000.0,1262172,1709654820000.0,0.0,-0.017319400000000002,2569.3676578199843,2569.4571578199843,7.0,12.371,8.3,12.370216867469878,long_ientry_partial,102.6728,0.03996033797946774,20.0
1709655720000.0,1262187,1709655720000.0,0.2829144578313278,-0.006736500000000001,2569.6438357778156,2570.4882213199844,-2.7,12.475,5.6,12.370216867469878,long_nclose,69.27321445783132,0.02695829417809676,15.0
1709656980000.0,1262208,1709656980000.0,0.9653927710843404,-0.0071204,2570.6021081489,2571.5339009199843,-2.8,12.715,2.8,12.370216867469878,long_nclose,34.63660722891566,0.01347412231520249,21.0
1709657100000.0,1262210,1709657100000.0,0.4826963855421702,-0.0035602,2571.081244334442,2571.568140719984,-1.4,12.715,1.4,12.370216867469878,long_nclose,17.31830361445783,0.006735805666437,2.0
1709658120000.0,1262227,1709658120000.0,0.04191325301204856,-0.0009980000000000002,2571.122159587454,2571.1969427199842,-0.4,12.475,1.0,12.370216867469878,long_nclose,12.370216867469878,0.004811213197841492,17.0
1709658240000.0,1262229,1709658240000.0,0.0,-0.0180529,2571.104106687454,2571.156989819984,7.3,12.365,8.3,12.365628538249382,long_ientry_partial,102.63471686746988,0.03991853795438173,2.0
1709659080000.0,1262243,1709659080000.0,0.2818029467266703,-0.006733800000000001,2571.379175834181,2572.0756560199843,-2.7,12.47,5.6,12.365628538249382,long_nclose,69.24751981419654,0.0269301083500188,14.0
1709659500000.0,1262250,1709659500000.0,0.18786863115111352,-0.0044892000000000005,2571.562555265332,2571.966766819984,-1.8,12.47,3.8,12.365628538249382,long_nclose,46.98938844534765,0.01827269896629029,7.0
1709659800000.0,1262255,1709659800000.0,0.12524575410074235,-0.0029928000000000003,2571.684808219433,2571.9483740199844,-1.2,12.47,2.6,12.365628538249382,long_nclose,32.1506341994484,0.01250177863814837,5.0
1709659860000.0,1262256,1709659860000.0,0.0834971694004949,-0.0019952000000000004,2571.7663101888334,2571.8947788199844,-0.8,12.47,1.8,12.365628538249382,long_nclose,22.25813136884889,0.008654803230241622,1.0
1709659980000.0,1262258,1709659980000.0,0.06262287705037117,-0.0014964000000000002,2571.8274366658834,2571.928682419984,-0.6,12.47,1.2,12.365628538249382,long_nclose,14.838754245899258,0.005769731683528587,2.0
1709660280000.0,1262263,1709660280000.0,0.04174858470024745,-0.0009976000000000002,2571.8681876505834,2571.9516848199837,-0.4,12.47,0.8,12.365628538249382,long_nclose,9.892502830599506,0.003846426841818968,5.0
1709660340000.0,1262264,1709660340000.0,0.020874292350123724,-0.0004988000000000001,2571.8885631429334,2571.961386019984,-0.2,12.47,0.6,12.365628538249382,long_nclose,7.419377122949629,0.002884797276707395,1.0
1709661000000.0,1262275,1709661000000.0,0.10331143852518565,-0.0007626000000000001,2571.9911119814583,2572.1049234199836,-0.3,12.71,0.3,12.365628538249382,long_nclose,3.7096885614748145,0.0014423411279274895,11.0
1709663280000.0,1262313,1709663280000.0,0.03443714617506188,-0.00025420000000000005,2572.0252949276332,2572.0947692199834,-0.1,12.71,0.2,12.365628538249382,long_nclose,2.4731257076498765,0.0009615479725363512,38.0
1709663400000.0,1262315,1709663400000.0,0.03443714617506188,-0.00025420000000000005,2572.059477873808,2572.0979150199832,-0.1,12.71,0.1,12.365628538249382,long_nclose,1.2365628538249382,0.00048076759673036114,2.0
1709664900000.0,1262340,1709664900000.0,0.03443714617506188,-0.00025420000000000005,2572.093660819983,2572.093660819983,-0.1,12.71,0.0,12.365628538249382,long_nclose,0.0,0.0,25.0
1709667180000.0,1262378,1709667180000.0,0.0,-0.020547480000000003,2572.073113339983,2572.089713339983,8.3,12.378,8.3,12.378,long_ientry_normal,102.73740000000001,0.039943421307565265,38.0
1709667480000.0,1262383,1709667480000.0,0.0,-0.0205139,2572.052599439983,2570.227299439983,8.5,12.067,16.8,12.220648809523809,long_rentry,205.30689999999998,0.07982220116521013,5.0
1709668380000.0,1262398,1709668380000.0,0.0,-0.020591159999999997,2572.032008279983,2563.0373082799833,8.7,11.834,25.5,12.088733333333332,long_rentry,308.26269999999994,0.11985181327745104,15.0
1709668380000.0,1262398,1709668380000.0,0.0,-0.029067500000000003,2572.002940779983,2564.370740779983,12.5,11.627,38.0,11.936847368421052,long_rentry,453.6002,0.17636068482193945,0.0
1709668500000.0,1262400,1709668500000.0,0.0,-0.042300120000000004,2571.960640659983,2550.7980406599827,18.6,11.371,56.6,11.750897526501767,long_rentry,665.1008,0.258596803343511,2.0
1709668560000.0,1262401,1709668560000.0,0.0,-0.06114498,2571.899495679983,2518.7635956799827,27.7,11.037,84.3,11.51631909845789,long_rentry,970.8257000000001,0.3774741982066932,1.0
1709668620000.0,1262402,1709668620000.0,0.0,-0.08749818,2571.811997499983,2574.108997499983,41.3,10.593,125.6,11.212711783439492,long_rentry,1408.3166,0.5475970255092526,1.0
1709668680000.0,1262403,1709668680000.0,3.941247452229267,-0.09452652,2575.6587184322125,2575.096270979983,-41.8,11.307,83.8,11.212711783439492,long_nclose,939.6252474522294,0.3648096856652552,1.0
1709668740000.0,1262404,1709668740000.0,2.630641242038195,-0.06309306,2578.2262666142506,2590.149077919983,-27.9,11.307,55.9,11.212711783439492,long_nclose,626.7905886942675,0.243109224667614,1.0
1709668800000.0,1262405,1709668800000.0,8.712841242038193,-0.0643095,2586.874798356289,2596.094868419983,-27.9,11.525,28.0,11.212711783439492,long_nclose,313.9559299363058,0.12136494975937556,1.0
1709668920000.0,1262407,1709668920000.0,4.372035031847123,-0.03227,2591.214563388136,2596.496598419983,-14.0,11.525,14.0,11.212711783439492,long_nclose,156.9779649681529,0.060580843896962645,2.0
1709669580000.0,1262418,1709669580000.0,7.424035031847122,-0.032880400000000004,2598.605718019983,2598.605718019983,-14.0,11.743,0.0,11.212711783439492,long_nclose,0.0,0.0,11.0
1709669640000.0,1262419,1709669640000.0,0.0,-0.020685280000000004,2598.585032739983,2598.6114327399832,8.8,11.753,8.8,11.753,long_ientry_normal,103.42640000000002,0.039801045067571185,1.0
1709670960000.0,1262441,1709670960000.0,0.0,-0.02085356,2598.564179179983,2595.717579179983,9.1,11.458,17.9,11.603027932960895,long_rentry,207.6942,0.0799265231407681,22.0
1709671200000.0,1262445,1709671200000.0,0.0,-0.020898960000000005,2598.543280219983,2591.402280219983,9.3,11.236,27.2,11.477536764705885,long_rentry,312.1890000000001,0.1201400039692898,4.0
1709672700000.0,1262470,1709672700000.0,0.8771691176470284,-0.020835,2599.3996143376303,2601.2462452199834,-9.0,11.575,18.2,11.477536764705885,long_nclose,208.8911691176471,0.08036131419172962,25.0
1709673360000.0,1262481,1709673360000.0,2.9162154411764467,-0.021472360000000003,2602.2943574188066,2605.3106728599832,-9.1,11.798,9.1,11.477536764705885,long_nclose,104.44558455882355,0.040135960891996184,11.0
1709673540000.0,1262484,1709673540000.0,1.4420845588235176,-0.010618200000000001,2603.72582377763,2605.333354659983,-4.5,11.798,4.6,11.477536764705885,long_nclose,52.79666911764707,0.020277353565993646,3.0
1709673600000.0,1262485,1709673600000.0,0.0,-0.009934680000000001,2603.71588909763,2605.2794199799832,4.2,11.827,8.8,11.644326036096256,long_ientry_partial,102.47006911764706,0.039355318891248194,1.0
1709674800000.0,1262505,1709674800000.0,1.4285654411764706,-0.01053272,2605.133921818807,2606.575687259983,-4.4,11.969,4.4,11.644326036096256,long_nclose,51.23503455882353,0.019666948455015758,20.0
1709674860000.0,1262506,1709674860000.0,0.0,-0.01029592,2605.123625898807,2606.7132913399832,4.3,11.972,8.7,11.806279834347531,long_ientry_partial,102.71463455882352,0.03942793099632092,1.0
1709675760000.0,1262521,1709675760000.0,0.2891884803921604,-0.00690548,2605.405908899199,2605.7174858599833,-2.9,11.906,5.8,11.806279834347531,long_nclose,68.47642303921567,0.02628243944842645,15.0
1709675880000.0,1262523,1709675880000.0,0.18946831473969128,-0.00452428,2605.5908529339385,2606.003161579983,-1.9,11.906,3.9,11.806279834347531,long_nclose,46.04449135395537,0.01767142040052394,2.0
1709675940000.0,1262524,1709675940000.0,0.0,-0.011435520000000001,2605.5794174139387,2606.139626059983,4.8,11.912,8.7,11.864608201604067,long_ientry_partial,103.22209135395538,0.03961579166003861,1.0
1709680380000.0,1262598,1709680380000.0,0.2911362153482045,-0.006939699999999999,2605.8636139292867,2606.422686359983,-2.9,11.965,5.8,11.864608201604067,long_nclose,68.81472756930359,0.026407647430764947,74.0
1709680560000.0,1262601,1709680560000.0,0.19074441695227193,-0.0045467,2606.049811646239,2606.3945396599834,-1.9,11.965,3.9,11.864608201604067,long_nclose,46.27197198625586,0.017755597678705114,3.0
1709680680000.0,1262603,1709680680000.0,0.1305093379147124,-0.0031109,2606.1772100841536,2606.464228759983,-1.3,11.965,2.6,11.864608201604067,long_nclose,30.847981324170576,0.011836486484806032,2.0
1709680980000.0,1262608,1709680980000.0,0.08031343871674608,-0.0019144000000000003,2606.2556091228703,2606.416514359983,-0.8,11.965,1.8,11.864608201604067,long_nclose,21.356294762887323,0.008194244144024974,5.0
1709681760000.0,1262621,1709681760000.0,0.06023507903755956,-0.0014357999999999999,2606.314408401908,2606.4300785599835,-0.6,11.965,1.2,11.864608201604067,long_nclose,14.23752984192488,0.005462706186186795,13.0
1709681820000.0,1262622,1709681820000.0,0.04015671935837304,-0.0009572000000000002,2606.3536079212668,2606.4203213599835,-0.4,11.965,0.8,11.864608201604067,long_nclose,9.491686561283254,0.0036417493514448638,1.0
1709681940000.0,1262624,1709681940000.0,0.02007835967918652,-0.0004786000000000001,2606.373207680946,2606.4340427599836,-0.2,11.965,0.6,11.864608201604067,long_nclose,7.11876492096244,0.0027312914742921458,2.0
1709682120000.0,1262627,1709682120000.0,0.02007835967918652,-0.0004786000000000001,2606.3928074406253,2606.436164159984,-0.2,11.965,0.4,11.864608201604067,long_nclose,4.745843280641627,0.0018208472902063668,3.0
1709684400000.0,1262665,1709684400000.0,0.01003917983959326,-0.00023930000000000004,2606.402607320465,2606.4375248599836,-0.1,11.965,0.3,11.864608201604067,long_nclose,3.55938246048122,0.0013656303329670446,38.0
1709686560000.0,1262701,1709686560000.0,0.01003917983959326,-0.00023930000000000004,2606.4124072003046,2606.431885559984,-0.1,11.965,0.2,11.864608201604067,long_nclose,2.3729216403208135,0.0009104167988786177,36.0
1709686800000.0,1262705,1709686800000.0,0.01003917983959326,-0.00023930000000000004,2606.4222070801443,2606.433146259984,-0.1,11.965,0.1,11.864608201604067,long_nclose,1.1864608201604068,0.00045520668790247326,4.0
1709687040000.0,1262709,1709687040000.0,0.01003917983959326,-0.00023930000000000004,2606.432006959984,2606.432006959984,-0.1,11.965,0.0,11.864608201604067,long_nclose,0.0,0.0,4.0
1709688480000.0,1262733,1709688480000.0,0.0,-0.020812,2606.4111949599837,2606.314394959984,8.8,11.825,8.8,11.825,long_ientry_normal,104.06,0.03992462900758744,24.0
1709698320000.0,1262897,1709698320000.0,0.2900000000000041,-0.006916500000000001,2606.6942784599837,2607.3491784599837,-2.9,11.925,5.9,11.825,long_nclose,69.7675,0.026764742062969554,164.0
1709700840000.0,1262939,1709700840000.0,0.9570000000000002,-0.0070499,2607.6442285599837,2608.5952285599838,-2.9,12.155,3.0,11.825,long_nclose,35.474999999999994,0.013604233127918034,42.0
1709700900000.0,1262940,1709700900000.0,0.4950000000000001,-0.0036465,2608.135582059984,2608.674082059984,-1.5,12.155,1.5,11.825,long_nclose,17.737499999999997,0.006800835095386562,1.0
1709702520000.0,1262967,1709702520000.0,0.8385000000000016,-0.0037152,2608.9703668599836,2608.9703668599836,-1.5,12.384,0.0,11.825,long_nclose,0.0,0.0,27.0
1709729160000.0,1263411,1709729160000.0,0.0,-0.0207948,2608.9495720599834,2609.0527720599835,8.6,12.09,8.6,12.09,long_ientry_normal,103.97399999999999,0.03985282088756658,444.0
1709729280000.0,1263413,1709729280000.0,0.28560000000000085,-0.00682752,2609.2283445399835,2609.8721445399833,-2.8,12.192,5.8,12.09,long_nclose,70.122,0.026874612238034216,2.0
1709729400000.0,1263415,1709729400000.0,0.19380000000000058,-0.00463296,2609.4175115799835,2609.9674115799835,-1.9,12.192,3.9,12.09,long_nclose,47.150999999999996,0.01806954992474562,2.0
1709730300000.0,1263430,1709730300000.0,0.1326000000000004,-0.00316992,2609.5469416599835,2609.8459416599835,-1.3,12.192,2.6,12.09,long_nclose,31.434,0.012045769132631208,15.0
1709730480000.0,1263433,1709730480000.0,0.0,-0.014505599999999999,2609.5324360599834,2609.5444360599836,6.0,12.088,8.6,12.088604651162791,long_ientry_partial,103.962,0.039839320854339555,3.0
1709730960000.0,1263441,1709730960000.0,0.28670697674418616,-0.00682696,2609.8123160767273,2610.4062090999832,-2.8,12.191,5.8,12.088604651162791,long_nclose,70.11390697674419,0.026865497777305635,8.0
1709731020000.0,1263442,1709731020000.0,0.19455116279069776,-0.004632580000000001,2610.002234659518,2610.378176519983,-1.9,12.191,3.9,12.088604651162791,long_nclose,47.145558139534884,0.018063416771627844,1.0
1709731080000.0,1263443,1709731080000.0,0.13311395348837216,-0.0031696600000000004,2610.132178953006,2610.427006859983,-1.3,12.191,2.6,12.088604651162791,long_nclose,31.43037209302326,0.012041678328195173,1.0
1709731500000.0,1263450,1709731500000.0,0.08191627906976749,-0.0019505600000000003,2610.212144672076,2610.387456299983,-0.8,12.191,1.8,12.088604651162791,long_nclose,21.759488372093024,0.008336291138828753,7.0
1709731560000.0,1263451,1709731560000.0,0.06143720930232561,-0.0014629200000000001,2610.2721189613785,2610.380593379983,-0.6,12.191,1.2,12.088604651162791,long_nclose,14.506325581395348,0.005557399734694091,1.0
1709731620000.0,1263452,1709731620000.0,0.040958139534883746,-0.0009752800000000001,2610.312101820913,2610.3732180999828,-0.4,12.191,0.8,12.088604651162791,long_nclose,9.670883720930235,0.0037048764069951548,1.0
1709731800000.0,1263455,1709731800000.0,0.020479069767441873,-0.00048764000000000007,2610.332093250681,2610.394130459983,-0.2,12.191,0.6,12.088604651162791,long_nclose,7.253162790697674,0.002778636024684972,3.0
1709732520000.0,1263467,1709732520000.0,0.020479069767441873,-0.00048764000000000007,2610.3520846804486,2610.3898428199836,-0.2,12.191,0.4,12.088604651162791,long_nclose,4.835441860465117,0.0018524098296330235,12.0
1709732760000.0,1263471,1709732760000.0,0.010239534883720936,-0.00024382000000000003,2610.362080395332,2610.394298999983,-0.1,12.191,0.3,12.088604651162791,long_nclose,3.626581395348837,0.0013893020522270233,4.0
1709732880000.0,1263473,1709732880000.0,0.010239534883720936,-0.00024382000000000003,2610.372076110216,2610.393955179983,-0.1,12.191,0.2,12.088604651162791,long_nclose,2.4177209302325586,0.0009261978215133485,2.0
1709733060000.0,1263476,1709733060000.0,0.010239534883720936,-0.00024382000000000003,2610.3820718250995,2610.3947113599834,-0.1,12.191,0.1,12.088604651162791,long_nclose,1.2088604651162793,0.0004630971374512548,3.0
1709736300000.0,1263530,1709736300000.0,0.010239534883720936,-0.00024382000000000003,2610.392067539983,2610.392067539983,-0.1,12.191,0.0,12.088604651162791,long_nclose,0.0,0.0,54.0
1709737380000.0,1263548,1709737380000.0,0.0,-0.020775880000000004,2610.371291659983,2610.199291659983,8.6,12.079,8.6,12.079,long_ientry_normal,103.8794,0.03979487528532433,18.0
1709738760000.0,1263571,1709738760000.0,0.28559999999999586,-0.0068213599999999985,2610.6500702999833,2611.2416702999835,-2.8,12.181,5.8,12.079,long_nclose,70.0582,0.026835538319369544,23.0
1709738820000.0,1263572,1709738820000.0,0.1937999999999972,-0.00462878,2610.8392415199833,2611.2214415199833,-1.9,12.181,3.9,12.079,long_nclose,47.1081,0.018043278671027833,1.0
1709738880000.0,1263573,1709738880000.0,0.1325999999999981,-0.00316706,2610.968674459983,2611.189674459983,-1.3,12.181,2.6,12.079,long_nclose,31.405400000000004,0.012028256143860272,1.0
1709739000000.0,1263575,1709739000000.0,0.08159999999999884,-0.00194896,2611.048325499983,2611.291325499983,-0.8,12.181,1.8,12.079,long_nclose,21.7422,0.008327000227326947,2.0
1709742240000.0,1263629,1709742240000.0,0.3032999999999998,-0.0022348800000000003,2611.3493906199833,2611.6499906199833,-0.9,12.416,0.9,12.079,long_nclose,10.8711,0.004163020099512228,54.0
1709742360000.0,1263631,1709742360000.0,0.1347999999999999,-0.00099328,2611.4831973399832,2611.6596973399833,-0.4,12.416,0.5,12.079,long_nclose,6.0395,0.0023126704418974407,2.0
1709744580000.0,1263668,1709744580000.0,0.06739999999999995,-0.00049664,2611.550100699983,2611.646700699983,-0.2,12.416,0.3,12.079,long_nclose,3.6237,0.001387566717187898,37.0
1709744640000.0,1263669,1709744640000.0,0.03369999999999997,-0.00024832,2611.583552379983,2611.653552379983,-0.1,12.416,0.2,12.079,long_nclose,2.4158000000000004,0.0009250326292637426,1.0
1709744760000.0,1263671,1709744760000.0,0.03369999999999997,-0.00024832,2611.6170040599827,2611.6516040599827,-0.1,12.416,0.1,12.079,long_nclose,1.2079000000000002,0.0004625103903528795,2.0
1709744880000.0,1263673,1709744880000.0,0.03369999999999997,-0.00024832,2611.6504557399826,2611.6504557399826,-0.1,12.416,0.0,12.079,long_nclose,0.0,0.0,2.0
1709884740000.0,1266004,1709884740000.0,0.0,-0.020766899999999998,2611.6296888399825,2611.6450888399827,7.7,13.485,7.7,13.485,long_ientry_normal,103.83449999999999,0.039758508047180514,2331.0
1709886900000.0,1266040,1709886900000.0,0.2850000000000019,-0.006799500000000001,2611.9078893399824,2612.4694893399824,-2.5,13.599,5.2,13.485,long_nclose,70.122,0.02684704169170358,36.0
1709887020000.0,1266042,1709887020000.0,0.1938000000000013,-0.004623660000000001,2612.0970656799823,2612.5240656799824,-1.7,13.599,3.5,13.485,long_nclose,47.1975,0.01806881551995983,2.0
1709887800000.0,1266055,1709887800000.0,0.12540000000000084,-0.0029917800000000003,2612.2194738999824,2612.4954738999822,-1.1,13.599,2.4,13.485,long_nclose,32.364,0.012389464332291078,13.0
1709888820000.0,1266072,1709888820000.0,0.09120000000000061,-0.00217584,2612.3084980599824,2612.4908980599826,-0.8,13.599,1.6,13.485,long_nclose,21.576,0.008259361410041466,17.0
1709888880000.0,1266073,1709888880000.0,0.057000000000000384,-0.0013599,2612.3641381599823,2612.5082381599823,-0.5,13.599,1.1,13.485,long_nclose,14.8335,0.005678190028457507,1.0
1709889780000.0,1266088,1709889780000.0,0.03420000000000023,-0.00081594,2612.3975222199824,2612.4919222199824,-0.3,13.599,0.8,13.485,long_nclose,10.788,0.004129539975536531,15.0
1709889900000.0,1266090,1709889900000.0,0.022800000000000153,-0.00054396,2612.4197782599826,2612.4893782599825,-0.2,13.599,0.6,13.485,long_nclose,8.091,0.0030971285959980966,2.0
1709892060000.0,1266126,1709892060000.0,0.022800000000000153,-0.00054396,2612.442034299983,2612.4880342999827,-0.2,13.599,0.4,13.485,long_nclose,5.394,0.0020647348071955785,36.0
1709892180000.0,1266128,1709892180000.0,0.011400000000000077,-0.00027198,2612.4531623199828,2612.488262319983,-0.1,13.599,0.3,13.485,long_nclose,4.0455,0.0015485445091797945,2.0
1709910180000.0,1266428,1709910180000.0,0.0,-0.02014912,2612.4330131999827,2612.245813199983,7.6,13.256,7.9,13.264696202531644,long_ientry_partial,104.79109999999999,0.04011245435596483,300.0
1709911800000.0,1266455,1709911800000.0,0.2919898734177281,-0.00695604,2612.7180470334,2613.2549571599825,-2.6,13.377,5.3,13.264696202531644,long_nclose,70.30288987341771,0.026907951262955004,27.0
1709911860000.0,1266456,1709911860000.0,0.0,-0.006877,2612.7111700334003,2612.4454801599827,2.6,13.225,7.9,13.251631629546544,long_ientry_partial,104.6878898734177,0.040068680791868545,1.0
1709911860000.0,1266456,1709911860000.0,0.21312622977087567,-0.004548180000000001,2612.9197480831713,2612.7112319799826,-1.7,13.377,6.2,13.251631629546544,long_nclose,82.16011610318857,0.031443796222008324,0.0
1709911920000.0,1266457,1709911920000.0,0.0,-0.004494120000000001,2612.9152539631714,2611.537537859983,1.7,13.218,7.9,13.24439444344159,long_ientry_partial,104.63071610318858,0.04004366997532302,1.0
1709919720000.0,1266587,1709919720000.0,0.2901744470518636,-0.00694512,2613.198483290223,2613.721092739983,-2.6,13.356,5.3,13.24439444344159,long_nclose,70.19529055024043,0.02686182890396409,130.0
1709919900000.0,1266590,1709919900000.0,0.18972944614929546,-0.00454104,2613.3836716963724,2613.796251699983,-1.7,13.356,3.6,13.24439444344159,long_nclose,47.679819996389725,0.018244477652774305,3.0
1709920320000.0,1266597,1709920320000.0,0.13392666787009092,-0.0032054400000000004,2613.5143929242427,2613.758246259983,-1.2,13.356,2.4,13.24439444344159,long_nclose,31.786546664259816,0.012162376740804582,7.0
1709920440000.0,1266599,1709920440000.0,0.08928444524672728,-0.0021369600000000002,2613.6015404094896,2613.770509299983,-0.8,13.356,1.6,13.24439444344159,long_nclose,21.191031109506547,0.008107980800388728,2.0
1709920500000.0,1266600,1709920500000.0,0.055802778279204546,-0.0013356000000000002,2613.6560075877687,2613.777673699983,-0.5,13.356,1.1,13.24439444344159,long_nclose,14.56883388778575,0.005574120636185715,1.0
1709920560000.0,1266601,1709920560000.0,0.03348166696752273,-0.0008013600000000001,2613.688687894736,2613.7883723399827,-0.3,13.356,0.8,13.24439444344159,long_nclose,10.595515554753273,0.004053855229135077,1.0
1709937060000.0,1266876,1709937060000.0,0.02232111131168182,-0.0005342400000000001,2613.710474766048,2613.7774380999826,-0.2,13.356,0.6,13.24439444344159,long_nclose,7.946636666064954,0.003040366078334003,275.0
1709937120000.0,1266877,1709937120000.0,0.02232111131168182,-0.0005342400000000001,2613.7322616373594,2613.7805038599827,-0.2,13.356,0.4,13.24439444344159,long_nclose,5.297757777376637,0.0020268938234928023,1.0
1709937540000.0,1266884,1709937540000.0,0.01116055565584091,-0.00026712000000000003,2613.7431550730153,2613.768236739983,-0.1,13.356,0.3,13.24439444344159,long_nclose,3.973318333032477,0.0015201640319251193,7.0
1709938320000.0,1266897,1709938320000.0,0.01116055565584091,-0.00026712000000000003,2613.754048508671,2613.777369619983,-0.1,13.356,0.2,13.24439444344159,long_nclose,2.6488788886883183,0.0010134384641889654,13.0
1709938440000.0,1266899,1709938440000.0,0.01116055565584091,-0.00026712000000000003,2613.764941944327,2613.777502499983,-0.1,13.356,0.1,13.24439444344159,long_nclose,1.3244394443441592,0.0005067171202315291,2.0
1709947080000.0,1267043,1709947080000.0,0.01116055565584091,-0.00026712000000000003,2613.7758353799827,2613.7758353799827,-0.1,13.356,0.0,13.24439444344159,long_nclose,0.0,0.0,144.0
1710019680000.0,1268253,1710019680000.0,0.0,-0.02081196,2613.7550234199825,2613.9656234199824,7.8,13.341,7.8,13.341,long_ientry_normal,104.0598,0.03981237685536511,1210.0
1710035520000.0,1268517,1710035520000.0,0.29380000000000345,-0.006996080000000001,2614.0418273399823,2614.6554273399825,-2.6,13.454,5.2,13.341,long_nclose,69.3732,0.026538672516420034,264.0
1710035760000.0,1268521,1710035760000.0,0.19210000000000224,-0.00457436,2614.2293529799827,2614.6353529799826,-1.7,13.454,3.5,13.341,long_nclose,46.6935,0.017861286710277993,4.0
1710035880000.0,1268523,1710035880000.0,0.12430000000000146,-0.0029598800000000007,2614.3506930999824,2614.6026930999824,-1.1,13.454,2.4,13.341,long_nclose,32.0184,0.0122471710029208,2.0
1710035940000.0,1268524,1710035940000.0,0.09040000000000106,-0.0021526400000000004,2614.4389404599824,2614.6229404599826,-0.8,13.454,1.6,13.341,long_nclose,21.3456,0.008164505075893825,1.0
1710036180000.0,1268528,1710036180000.0,0.05650000000000066,-0.0013454,2614.4940950599826,2614.6095950599824,-0.5,13.454,1.1,13.341,long_nclose,14.6751,0.005612978827425242,4.0
1710036240000.0,1268529,1710036240000.0,0.033900000000000395,-0.0008072400000000001,2614.5271878199824,2614.6255878199822,-0.3,13.454,0.8,13.341,long_nclose,10.6728,0.004082114750888891,1.0
1710036420000.0,1268532,1710036420000.0,0.022600000000000266,-0.0005381600000000001,2614.5492496599823,2614.614649659982,-0.2,13.454,0.6,13.341,long_nclose,8.0046,0.0030615602291832844,3.0
1710036480000.0,1268533,1710036480000.0,0.022600000000000266,-0.0005381600000000001,2614.571311499982,2614.616511499982,-0.2,13.454,0.4,13.341,long_nclose,5.3364,0.002041022930423918,1.0
1710036540000.0,1268534,1710036540000.0,0.011300000000000133,-0.00026908000000000005,2614.582342419982,2614.615642419982,-0.1,13.454,0.3,13.341,long_nclose,4.0023,0.0015307607395128302,1.0
1710038940000.0,1268574,1710038940000.0,0.011300000000000133,-0.00026908000000000005,2614.593373339982,2614.619373339982,-0.1,13.454,0.2,13.341,long_nclose,2.6682,0.0010205028541748116,40.0
1710039420000.0,1268582,1710039420000.0,0.011300000000000133,-0.00026908000000000005,2614.604404259982,2614.6151042599818,-0.1,13.454,0.1,13.341,long_nclose,1.3341,0.0005102492743553661,8.0
1710039480000.0,1268583,1710039480000.0,0.011300000000000133,-0.00026908000000000005,2614.615435179982,2614.615435179982,-0.1,13.454,0.0,13.341,long_nclose,0.0,0.0,1.0
1710063240000.0,1268979,1710063240000.0,0.0,-0.02088602,2614.594549159982,2615.171249159982,7.9,13.219,7.9,13.219,long_ientry_normal,104.4301,0.03994122149208616,396.0
1710063720000.0,1268987,1710063720000.0,0.2912000000000003,-0.006932120000000001,2614.878817039982,2615.387617039982,-2.6,13.331,5.3,13.219,long_nclose,70.0607,0.026793096316145175,8.0
1710063780000.0,1268988,1710063780000.0,0.19040000000000015,-0.00453254,2615.064684499982,2615.485884499982,-1.7,13.331,3.6,13.219,long_nclose,47.5884,0.018197790778203722,1.0
1710064260000.0,1268996,1710064260000.0,0.1344000000000001,-0.00319944,2615.1958850599817,2615.4574850599815,-1.2,13.331,2.4,13.219,long_nclose,31.725599999999996,0.012131251881069836,8.0
1710064320000.0,1268997,1710064320000.0,0.08960000000000008,-0.00213296,2615.2833520999816,2615.481752099982,-0.8,13.331,1.6,13.219,long_nclose,21.1504,0.008087230771004972,1.0
1710065100000.0,1269010,1710065100000.0,0.05600000000000005,-0.0013331,2615.3380189999816,2615.4304189999816,-0.5,13.331,1.1,13.219,long_nclose,14.5409,0.005559854938200286,13.0
1710065160000.0,1269011,1710065160000.0,0.033600000000000026,-0.00079986,2615.370819139982,2615.454019139982,-0.3,13.331,0.8,13.219,long_nclose,10.5752,0.00404348015302758,1.0
1710065280000.0,1269013,1710065280000.0,0.02240000000000002,-0.00053324,2615.3926858999816,2615.4568858999814,-0.2,13.331,0.6,13.219,long_nclose,7.931399999999999,0.003032584759741625,2.0
1710065340000.0,1269014,1710065340000.0,0.02240000000000002,-0.00053324,2615.4145526599814,2615.4617526599814,-0.2,13.331,0.4,13.219,long_nclose,5.2876,0.0020217062700910262,1.0
1710070500000.0,1269100,1710070500000.0,0.01120000000000001,-0.00026662,2615.4254860399815,2615.4653860399817,-0.1,13.331,0.3,13.219,long_nclose,3.9656999999999996,0.0015162733639964908,86.0
1710071340000.0,1269114,1710071340000.0,0.01120000000000001,-0.00026662,2615.4364194199816,2615.4598194199816,-0.1,13.331,0.2,13.219,long_nclose,2.6438,0.0010108446836518048,14.0
1710071460000.0,1269116,1710071460000.0,0.01120000000000001,-0.00026662,2615.4473527999817,2615.4569527999815,-0.1,13.331,0.1,13.219,long_nclose,1.3219,0.0005054202290039724,2.0
1710071520000.0,1269117,1710071520000.0,0.01120000000000001,-0.00026662,2615.4582861799818,2615.4582861799818,-0.1,13.331,0.0,13.219,long_nclose,0.0,0.0,1.0
1710074220000.0,1269162,1710074220000.0,0.0,-0.020805439999999998,2615.4374807399818,2615.390080739982,7.9,13.168,7.9,13.168,long_ientry_normal,104.0272,0.03977430191547448,45.0
1710075600000.0,1269185,1710075600000.0,0.2886000000000017,-0.00690508,2615.719175659982,2616.2226756599816,-2.6,13.279,5.3,13.168,long_nclose,69.79039999999999,0.02668115165015408,23.0
1710075660000.0,1269186,1710075660000.0,0.18870000000000112,-0.004514860000000001,2615.903360799982,2616.306560799982,-1.7,13.279,3.6,13.168,long_nclose,47.4048,0.018121770364446076,1.0
1710076020000.0,1269192,1710076020000.0,0.1332000000000008,-0.00318696,2616.033373839982,2616.290173839982,-1.2,13.279,2.4,13.168,long_nclose,31.603199999999998,0.01208057982594113,6.0
1710076200000.0,1269195,1710076200000.0,0.08880000000000053,-0.00212464,2616.1200491999816,2616.3120491999816,-0.8,13.279,1.6,13.168,long_nclose,21.0688,0.008053453054053429,3.0
1710076620000.0,1269202,1710076620000.0,0.05550000000000033,-0.0013279000000000001,2616.1742212999816,2616.3062212999816,-0.5,13.279,1.1,13.168,long_nclose,14.4848,0.0055366343273585495,7.0
1710077820000.0,1269222,1710077820000.0,0.0333000000000002,-0.00079674,2616.2067245599815,2616.2907245599813,-0.3,13.279,0.8,13.168,long_nclose,10.5344,0.00402659312091317,20.0
1710077880000.0,1269223,1710077880000.0,0.022200000000000133,-0.00053116,2616.2283933999815,2616.2949933999816,-0.2,13.279,0.6,13.168,long_nclose,7.900799999999999,0.0030199198280744625,1.0
1710077940000.0,1269224,1710077940000.0,0.022200000000000133,-0.00053116,2616.2500622399816,2616.2920622399815,-0.2,13.279,0.4,13.168,long_nclose,5.2672,0.002013263210585584,1.0
1710078960000.0,1269241,1710078960000.0,0.0,-0.01994696,2616.2301152799814,2616.1961152799813,7.6,13.123,8.0,13.12525,long_ientry_partial,105.002,0.04013484876071881,17.0
1710087720000.0,1269387,1710087720000.0,0.2879500000000032,-0.006882720000000001,2616.5111825599815,2617.0660325599815,-2.6,13.236,5.4,13.12525,long_nclose,70.87635,0.027088112778732683,146.0
1710087780000.0,1269388,1710087780000.0,0.19935000000000222,-0.004764960000000001,2616.7057675999813,2617.1116675999815,-1.8,13.236,3.6,13.12525,long_nclose,47.2509,0.01805739895752135,1.0
1710088140000.0,1269394,1710088140000.0,0.1329000000000015,-0.00317664,2616.835490959981,2617.1012909599813,-1.2,13.236,2.4,13.12525,long_nclose,31.5006,0.012037669203440857,6.0
1710088200000.0,1269395,1710088200000.0,0.088600000000001,-0.00211776,2616.921973199981,2617.1167731999813,-0.8,13.236,1.6,13.12525,long_nclose,21.0004,0.008024847593877872,1.0
1710088560000.0,1269401,1710088560000.0,0.05537500000000062,-0.0013236,2616.976024599981,2617.098949599981,-0.5,13.236,1.1,13.12525,long_nclose,14.437775,0.005516968770169338,6.0
1710088740000.0,1269404,1710088740000.0,0.03322500000000037,-0.00079416,2617.008455439981,2617.102655439981,-0.3,13.236,0.8,13.12525,long_nclose,10.5002,0.004012291201495055,3.0
1710088860000.0,1269406,1710088860000.0,0.02215000000000025,-0.00052944,2617.030075999981,2617.0911259999807,-0.2,13.236,0.6,13.12525,long_nclose,7.87515,0.0030091935405025345,2.0
1710088920000.0,1269407,1710088920000.0,0.02215000000000025,-0.00052944,2617.051696559981,2617.097996559981,-0.2,13.236,0.4,13.12525,long_nclose,5.2501,0.0020061124535296973,1.0
1710094140000.0,1269494,1710094140000.0,0.011075000000000125,-0.00026472,2617.062506839981,2617.0951318399807,-0.1,13.236,0.3,13.12525,long_nclose,3.937575,0.001504578125172293,87.0
1710094200000.0,1269495,1710094200000.0,0.011075000000000125,-0.00026472,2617.073317119981,2617.095667119981,-0.1,13.236,0.2,13.12525,long_nclose,2.62505,0.0010030479401657716,1.0
1710094380000.0,1269498,1710094380000.0,0.011075000000000125,-0.00026472,2617.084127399981,2617.0956023999806,-0.1,13.236,0.1,13.12525,long_nclose,1.312525,0.0005015218984587884,3.0
1710094500000.0,1269500,1710094500000.0,0.011075000000000125,-0.00026472,2617.094937679981,2617.094937679981,-0.1,13.236,0.0,13.12525,long_nclose,0.0,0.0,2.0
1710110700000.0,1269770,1710110700000.0,0.0,-0.020993579999999998,2617.073944099981,2617.325044099981,8.1,12.959,8.1,12.959,long_ientry_normal,104.96789999999999,0.04010887817543067,270.0
1710112320000.0,1269797,1710112320000.0,0.2943,-0.007056720000000001,2617.361187379981,2617.949787379981,-2.7,13.068,5.4,12.959,long_nclose,69.9786,0.026736317607754266,27.0
1710112380000.0,1269798,1710112380000.0,0.19619999999999999,-0.0047044800000000005,2617.552682899981,2617.948682899981,-1.8,13.068,3.6,12.959,long_nclose,46.6524,0.01782290775072917,1.0
1710112800000.0,1269805,1710112800000.0,0.13079999999999997,-0.00313632,2617.680346579981,2617.9467465799808,-1.2,13.068,2.4,12.959,long_nclose,31.101599999999998,0.0118813590210258,7.0
1710113040000.0,1269809,1710113040000.0,0.0872,-0.00209088,2617.7654556999805,2617.9526556999804,-0.8,13.068,1.6,12.959,long_nclose,20.7344,0.00792064848852385,4.0
1710117540000.0,1269884,1710117540000.0,0.05449999999999999,-0.0013068,2617.818648899981,2617.9363488999807,-0.5,13.068,1.1,12.959,long_nclose,14.254900000000001,0.0054453351862207774,75.0
1710118200000.0,1269895,1710118200000.0,0.0,-0.018102,2617.800546899981,2617.6147468999807,7.0,12.93,8.1,12.933938271604939,long_ientry_partial,104.7649,0.04002019944722809,11.0
1710119400000.0,1269915,1710119400000.0,0.29446666666666294,-0.00704322,2618.0879703466476,2618.730903679981,-2.7,13.043,5.4,12.933938271604939,long_nclose,69.84326666666668,0.0266772039204699,20.0
1710121020000.0,1269942,1710121020000.0,0.0,-0.006965460000000001,2618.0810048866474,2617.9895382199807,2.7,12.899,8.1,12.922292181069961,long_ientry_partial,104.67056666666669,0.039979880863616944,27.0
1710121740000.0,1269954,1710121740000.0,0.29351111111110595,-0.0070367400000000005,2618.3674792577585,2618.9437014799805,-2.7,13.031,5.4,12.922292181069961,long_nclose,69.7803777777778,0.026650337788933578,12.0
1710121800000.0,1269955,1710121800000.0,0.19567407407407061,-0.004691160000000001,2618.558462171832,2618.9750103199804,-1.8,13.031,3.6,12.922292181069961,long_nclose,46.52025185185186,0.017765596042208644,1.0
1710122400000.0,1269965,1710122400000.0,0.13044938271604706,-0.00312744,2618.6857841145484,2618.9058828799803,-1.2,13.031,2.4,12.922292181069961,long_nclose,31.013501234567904,0.01184315484610707,10.0
1710122460000.0,1269966,1710122460000.0,0.08696625514403139,-0.0020849600000000003,2618.7706654096924,2618.9781979199806,-0.8,13.031,1.6,12.922292181069961,long_nclose,20.67566748971194,0.007895180652055054,1.0
1710123060000.0,1269976,1710123060000.0,0.05435390946501961,-0.0013031000000000002,2618.8237162191576,2618.9454948199805,-0.5,13.031,1.1,12.922292181069961,long_nclose,14.21452139917696,0.005427826741884985,10.0
1710123720000.0,1269987,1710123720000.0,0.032612345679011764,-0.00078186,2618.8555467048363,2618.9473129599805,-0.3,13.031,0.8,12.922292181069961,long_nclose,10.33783374485597,0.00394746237831388,11.0
1710123960000.0,1269991,1710123960000.0,0.021741563786007848,-0.0005212400000000001,2618.876767028622,2618.94619171998,-0.2,13.031,0.6,12.922292181069961,long_nclose,7.753375308641976,0.002960572794511044,4.0
1710124740000.0,1270004,1710124740000.0,0.021741563786007848,-0.0005212400000000001,2618.8979873524077,2618.9358704799797,-0.2,13.031,0.4,12.922292181069961,long_nclose,5.168916872427985,0.001973699203783625,13.0
1710124860000.0,1270006,1710124860000.0,0.010870781893003924,-0.00026062000000000004,2618.9085975143007,2618.93730985998,-0.1,13.031,0.3,12.922292181069961,long_nclose,3.876687654320988,0.0014802684057017073,2.0
1710125100000.0,1270010,1710125100000.0,0.010870781893003924,-0.00026062000000000004,2618.9192076761938,2618.94314923998,-0.1,13.031,0.2,12.922292181069961,long_nclose,2.5844584362139926,0.0009868416057428595,4.0
1710125340000.0,1270014,1710125340000.0,0.010870781893003924,-0.00026062000000000004,2618.929817838087,2618.9418886199796,-0.1,13.031,0.1,12.922292181069961,long_nclose,1.2922292181069963,0.0004934188038584878,4.0
1710130680000.0,1270103,1710130680000.0,0.03607078189300381,-0.00026566000000000003,2618.96562295998,2618.96562295998,-0.1,13.283,0.0,12.922292181069961,long_nclose,0.0,0.0,89.0
1710224760000.0,1271671,1710224760000.0,0.0,-0.020907119999999998,2618.94471583998,2618.93691583998,7.8,13.402,7.8,13.402,long_ientry_normal,104.53559999999999,0.039915161006547656,1568.0
1710226560000.0,1271701,1710226560000.0,0.29380000000000345,-0.007027800000000001,2619.23148803998,2619.80348803998,-2.6,13.515,5.2,13.402,long_nclose,69.6904,0.02660719387279153,30.0
1710226620000.0,1271702,1710226620000.0,0.19210000000000224,-0.0045951,2619.41899293998,2619.8109929399798,-1.7,13.515,3.5,13.402,long_nclose,46.907,0.01790740623261366,1.0
1710226680000.0,1271703,1710226680000.0,0.12430000000000146,-0.0029733000000000003,2619.5403196399798,2619.8235196399796,-1.1,13.515,2.4,13.402,long_nclose,32.1648,0.012278795542425785,1.0
1710226860000.0,1271706,1710226860000.0,0.09040000000000106,-0.0021624000000000005,2619.6285572399797,2619.77095723998,-0.8,13.515,1.6,13.402,long_nclose,21.4432,0.008185587968468473,3.0
1710227460000.0,1271716,1710227460000.0,0.05650000000000066,-0.0013515,2619.68370573998,2619.8113057399796,-0.5,13.515,1.1,13.402,long_nclose,14.7422,0.00562747325858401,10.0
1710227580000.0,1271718,1710227580000.0,0.033900000000000395,-0.0008109,2619.7167948399797,2619.81759483998,-0.3,13.515,0.8,13.402,long_nclose,10.7216,0.0040926561302802615,2.0
1710230760000.0,1271771,1710230760000.0,0.0,-0.0187348,2619.6980600399797,2619.5494600399797,7.0,13.382,7.8,13.384051282051281,long_ientry_partial,104.39559999999999,0.03985024136652099,53.0
1710249120000.0,1272077,1710249120000.0,0.2936666666666682,-0.00701844,2619.984708266646,2620.5928415999792,-2.6,13.497,5.2,13.384051282051281,long_nclose,69.59706666666666,0.026563920944680377,306.0
1710249540000.0,1272084,1710249540000.0,0.19201282051282148,-0.00458898,2620.172132107159,2620.5674526199796,-1.7,13.497,3.5,13.384051282051281,long_nclose,46.84417948717949,0.01787828322924231,7.0
1710249600000.0,1272085,1710249600000.0,0.12424358974359039,-0.00296934,2620.2934063569023,2620.540483279979,-1.1,13.497,2.4,13.384051282051281,long_nclose,32.121723076923075,0.012258826816491203,1.0
1710249840000.0,1272089,1710249840000.0,0.09035897435897483,-0.0021595200000000003,2620.381605811261,2620.567123759979,-0.8,13.497,1.6,13.384051282051281,long_nclose,21.41448205128205,0.008172276130999707,4.0
1710250020000.0,1272092,1710250020000.0,0.05647435897435926,-0.0013497000000000001,2620.4367304702355,2620.5631740599792,-0.5,13.497,1.1,13.384051282051281,long_nclose,14.722456410256411,0.005618321648092025,3.0
1710252240000.0,1272129,1710252240000.0,0.033884615384615555,-0.00080982,2620.46980526562,2620.572964239979,-0.3,13.497,0.8,13.384051282051281,long_nclose,10.707241025641025,0.004086000534761248,37.0
1710255660000.0,1272186,1710255660000.0,0.0,-0.01897488,2620.45083038562,2620.861189359979,7.2,13.177,8.0,13.197705128205127,long_ientry_partial,105.58164102564102,0.040291403220148896,57.0
1710255780000.0,1272188,1710255780000.0,0.2893666666666668,-0.00692068,2620.733276372287,2621.2046686799795,-2.6,13.309,5.4,13.197705128205127,long_nclose,71.26760769230769,0.02719376608632179,2.0
1710256020000.0,1272192,1710256020000.0,0.20033076923076934,-0.00479124,2620.9288159015177,2621.4482774399794,-1.8,13.309,3.6,13.197705128205127,long_nclose,47.51173846153846,0.018127824828083283,4.0
1710260640000.0,1272269,1710260640000.0,0.13355384615384622,-0.0031941599999999997,2621.0591755876717,2621.3238832799793,-1.2,13.309,2.4,13.197705128205127,long_nclose,31.674492307692304,0.012084615487779104,77.0
1710260700000.0,1272270,1710260700000.0,0.08903589743589749,-0.0021294400000000002,2621.1460820451075,2621.1993538399793,-0.8,13.309,1.6,13.197705128205127,long_nclose,21.116328205128205,0.008056143207650803,1.0
1710260760000.0,1272271,1710260760000.0,0.0,-0.01687808,2621.1292039651075,2622.1984757599794,6.4,13.186,8.0,13.188341025641027,long_ientry_partial,105.50672820512821,0.04025239505382762,1.0
1710260760000.0,1272271,1710260760000.0,0.060329487179486385,-0.0013309,2621.188202552287,2622.1906448599793,-0.5,13.309,7.5,13.188341025641027,long_nclose,98.9125576923077,0.037735770974398244,0.0
1710261060000.0,1272276,1710261060000.0,0.2791474358974355,-0.0066500000000000005,2621.4606999881844,2622.2989948599793,-2.5,13.3,5.0,13.188341025641027,long_nclose,65.94170512820513,0.02515456559333594,5.0
1710261660000.0,1272286,1710261660000.0,0.17865435897435875,-0.004256,2621.6350983471584,2622.126938859979,-1.6,13.3,3.4,13.188341025641027,long_nclose,44.84035948717949,0.017103966724983825,10.0
1710262800000.0,1272305,1710262800000.0,0.12282487179487164,-0.0029260000000000006,2621.754997218953,2621.9888128599787,-1.1,13.3,2.3,13.188341025641027,long_nclose,30.333184358974357,0.011569801293847258,19.0
1710262860000.0,1272306,1710262860000.0,0.07816128205128194,-0.0018620000000000002,2621.8312965010045,2621.998750859979,-0.7,13.3,1.6,13.188341025641027,long_nclose,21.101345641025645,0.00804832319653316,1.0
1710263040000.0,1272309,1710263040000.0,0.0558294871794871,-0.0013300000000000002,2621.885795988184,2621.9602208599786,-0.5,13.3,1.1,13.188341025641027,long_nclose,14.50717512820513,0.005533107182014922,3.0
1710263160000.0,1272311,1710263160000.0,0.0,-0.018178740000000002,2621.8676172481837,2621.9947421199786,6.9,13.173,8.0,13.175109391025643,long_ientry_partial,105.40087512820514,0.04020068535681067,2.0
1710264000000.0,1272325,1710264000000.0,0.0,-0.02106416,2621.8465530881836,2619.1814779599786,8.2,12.844,16.2,13.007510810383035,long_rentry,210.72167512820516,0.08037147516509054,14.0
1710265320000.0,1272347,1710265320000.0,0.5912416239316145,-0.014166360000000005,2622.423628352115,2623.552111599978,-5.4,13.117,10.8,13.007510810383035,long_nclose,140.48111675213678,0.05356919272437027,22.0
1710265380000.0,1272348,1710265380000.0,0.3941610826210763,-0.009444240000000001,2622.808345194736,2623.661467359978,-3.6,13.117,7.2,13.007510810383035,long_nclose,93.65407783475786,0.03570755675165595,1.0
1710267540000.0,1272384,1710267540000.0,1.3049610826210702,-0.0096264,2624.103679877357,2625.408640959978,-3.6,13.37,3.6,13.007510810383035,long_nclose,46.82703891737893,0.01784496522620916,36.0
1710267600000.0,1272385,1710267600000.0,0.6524805413105351,-0.0048132,2624.7513472186674,2625.403827759978,-1.8,13.37,1.8,13.007510810383035,long_nclose,23.413519458689464,0.008920280956708425,1.0
1710267660000.0,1272386,1710267660000.0,0.32624027065526756,-0.0024066,2625.075180889323,2625.3996211599783,-0.9,13.37,0.9,13.007510810383035,long_nclose,11.706759729344732,0.0044595902679551895,1.0
1710267960000.0,1272391,1710267960000.0,0.1449956758467856,-0.0010696,2625.21910696517,2625.3978515599783,-0.4,13.37,0.5,13.007510810383035,long_nclose,6.503755405191518,0.0024774143186509293,5.0
1710268020000.0,1272392,1710268020000.0,0.0724978379233928,-0.0005348,2625.2910700030934,2625.4076167599783,-0.2,13.37,0.3,13.007510810383035,long_nclose,3.9022532431149104,0.001486407845477611,1.0
1710268680000.0,1272403,1710268680000.0,0.0362489189616964,-0.0002674,2625.3270515220547,2625.401949359978,-0.1,13.37,0.2,13.007510810383035,long_nclose,2.6015021620766072,0.0009909249823058675,11.0
1710275340000.0,1272514,1710275340000.0,0.0362489189616964,-0.0002674,2625.363033041016,2625.4008819599776,-0.1,13.37,0.1,13.007510810383035,long_nclose,1.3007510810383036,0.0004954557006661342,111.0
1710276120000.0,1272527,1710276120000.0,0.0362489189616964,-0.0002674,2625.3990145599773,2625.3990145599773,-0.1,13.37,0.0,13.007510810383035,long_nclose,0.0,0.0,13.0
1710338160000.0,1273561,1710338160000.0,0.0,-0.021096160000000003,2625.3779183999773,2625.520118399977,7.9,13.352,7.9,13.352,long_ientry_normal,105.4808,0.0401773776113287,1034.0
1710338340000.0,1273564,1710338340000.0,0.29379999999999884,-0.007001800000000001,2625.664716599977,2626.332516599977,-2.6,13.465,5.3,13.352,long_nclose,70.7656,0.026951499006177652,3.0
1710340080000.0,1273593,1710340080000.0,0.19209999999999922,-0.0045781,2625.8522384999774,2626.2266384999775,-1.7,13.465,3.6,13.352,long_nclose,48.0672,0.018305371222052644,29.0
1710340140000.0,1273594,1710340140000.0,0.13559999999999944,-0.0032316,2625.9846068999773,2626.2438068999772,-1.2,13.465,2.4,13.352,long_nclose,32.0448,0.012202965666972996,1.0
1710340200000.0,1273595,1710340200000.0,0.09039999999999965,-0.0021544000000000003,2626.072852499977,2626.216852499977,-0.8,13.465,1.6,13.352,long_nclose,21.363200000000003,0.008135037068626103,1.0
1710341520000.0,1273617,1710341520000.0,0.0,-0.016812180000000003,2626.056040319977,2626.017940319977,6.3,13.343,7.9,13.344822784810127,long_ientry_partial,105.42410000000001,0.04014541136264343,22.0
1710342900000.0,1273640,1710342900000.0,0.2942607594936707,-0.006998160000000001,2626.3433029194707,2626.990842159977,-2.6,13.458,5.3,13.344822784810127,long_nclose,70.72756075949367,0.026930051635242116,23.0
1710349680000.0,1273753,1710349680000.0,0.9676607594936716,-0.0071328400000000005,2627.3038308389646,2628.376209319977,-2.6,13.717,2.7,13.344822784810127,long_nclose,36.031021518987345,0.013714067286797861,113.0
1710350520000.0,1273767,1710350520000.0,0.4838303797468358,-0.0035664200000000003,2627.7840947987115,2628.3037428999774,-1.3,13.717,1.4,13.344822784810127,long_nclose,18.682751898734175,0.007109698219010369,14.0
1710351600000.0,1273785,1710351600000.0,0.26052405063291156,-0.0019203800000000002,2628.0426984693445,2628.3018225199776,-0.7,13.717,0.7,13.344822784810127,long_nclose,9.341375949367087,0.003554499306578162,18.0
1710352980000.0,1273808,1710352980000.0,0.1116531645569621,-0.00082302,2628.1535286139015,2628.3039994999776,-0.3,13.717,0.4,13.344822784810127,long_nclose,5.3379291139240514,0.0020310568069207497,23.0
1710353280000.0,1273813,1710353280000.0,0.07443544303797474,-0.0005486800000000001,2628.2274153769395,2628.3020508199775,-0.2,13.717,0.2,13.344822784810127,long_nclose,2.6689645569620257,0.0010154998541399979,5.0
1710353520000.0,1273817,1710353520000.0,0.03721772151898737,-0.00027434000000000003,2628.2643587584585,2628.3029764799776,-0.1,13.717,0.1,13.344822784810127,long_nclose,1.3344822784810129,0.0005077427900408758,4.0
1710354780000.0,1273838,1710354780000.0,0.03721772151898737,-0.00027434000000000003,2628.3013021399775,2628.3013021399775,-0.1,13.717,0.0,13.344822784810127,long_nclose,0.0,0.0,21.0
1710423540000.0,1274984,1710423540000.0,0.0,-0.020951700000000004,2628.2803504399776,2628.1956504399777,7.7,13.605,7.7,13.605,long_ientry_normal,104.75850000000001,0.039858190920334394,1146.0
1710425760000.0,1275021,1710425760000.0,0.28750000000000053,-0.0068600000000000015,2628.5609904399776,2629.1693904399776,-2.5,13.72,5.2,13.605,long_nclose,70.74600000000001,0.026914346008063635,37.0
1710425940000.0,1275024,1710425940000.0,0.19550000000000037,-0.0046648,2628.7518256399776,2629.1578256399775,-1.7,13.72,3.5,13.605,long_nclose,47.6175,0.018114110101818903,3.0
1710427080000.0,1275043,1710427080000.0,0.0,-0.011415600000000001,2628.7404100399776,2628.6725100399776,4.2,13.59,7.7,13.59681818181818,long_ientry_partial,104.6955,0.03982724943099566,19.0
1710427620000.0,1275052,1710427620000.0,0.28795454545454735,-0.006856000000000001,2629.021508585432,2630.2860540399774,-2.5,13.712,5.2,13.59681818181818,long_nclose,70.70345454545455,0.026893448499589172,9.0
1710427860000.0,1275056,1710427860000.0,0.19580909090909218,-0.00466208,2629.2126555963414,2629.7207919599778,-1.7,13.712,3.5,13.59681818181818,long_nclose,47.588863636363634,0.018100043575809514,4.0
1710428280000.0,1275063,1710428280000.0,0.12670000000000084,-0.0030166400000000006,2629.336338956341,2629.7495753199773,-1.1,13.712,2.4,13.59681818181818,long_nclose,32.632363636363635,0.012410874619911257,7.0
1710428460000.0,1275066,1710428460000.0,0.09214545454545515,-0.0021939200000000002,2629.4262904908865,2629.7273813999773,-0.8,13.712,1.6,13.59681818181818,long_nclose,21.75490909090909,0.008273633366177258,3.0
1710429240000.0,1275079,1710429240000.0,0.05759090909090947,-0.0013712,2629.4825101999772,2629.565210199977,-0.5,13.712,1.1,13.59681818181818,long_nclose,14.9565,0.005688001324208287,13.0
1710429660000.0,1275086,1710429660000.0,0.0,-0.0179256,2629.464584599977,2629.607784599977,6.6,13.58,7.7,13.582402597402597,long_ientry_partial,104.58449999999999,0.03977406678626574,7.0
1710435120000.0,1275177,1710435120000.0,0.2864935064935059,-0.0068485,2629.7442296064705,2630.366136099977,-2.5,13.697,5.2,13.582402597402597,long_nclose,70.62849350649351,0.026857552423287474,91.0
1710436200000.0,1275195,1710436200000.0,0.19481558441558403,-0.00465698,2629.934388210886,2630.289979119977,-1.7,13.697,3.5,13.582402597402597,long_nclose,47.53840909090909,0.018075891666350246,18.0
1710436260000.0,1275196,1710436260000.0,0.12605714285714262,-0.00301334,2630.057432013743,2630.313265779977,-1.1,13.697,2.4,13.582402597402597,long_nclose,32.59776623376623,0.012394317263561527,1.0
1710436320000.0,1275197,1710436320000.0,0.0916779220779219,-0.00219152,2630.146918415821,2630.335074259977,-0.8,13.697,1.6,13.582402597402597,long_nclose,21.731844155844158,0.008262597044933746,1.0
1710436680000.0,1275203,1710436680000.0,0.05729870129870118,-0.0013697,2630.2028474171198,2630.347604559977,-0.5,13.697,1.1,13.582402597402597,long_nclose,14.940642857142858,0.005680414676691073,6.0
1710440400000.0,1275265,1710440400000.0,0.0,-0.01801362,2630.1848337971196,2629.992490939977,6.7,13.443,7.8,13.462659340659341,long_ientry_partial,105.00874285714286,0.0399244728004704,62.0
1710444600000.0,1275335,1710444600000.0,0.0,-0.0209984,2630.16383539712,2627.443292539977,8.0,13.124,15.8,13.291186256781193,long_rentry,210.00074285714285,0.07984321738095662,70.0
1710447180000.0,1275378,1710447180000.0,0.5814314647377969,-0.013939120000000001,2630.7313277418575,2631.969553419977,-5.2,13.403,10.6,13.291186256781193,long_nclose,140.88657432188066,0.053554147790079935,43.0
1710447300000.0,1275380,1710447300000.0,0.39134810126582487,-0.0093821,2631.1132937431234,2631.985271319977,-3.5,13.403,7.1,13.291186256781193,long_nclose,94.36742242314646,0.03586596694545818,2.0
1710447660000.0,1275386,1710447660000.0,0.25717160940325634,-0.00616538,2631.3642999725266,2631.829005939977,-2.3,13.403,4.8,13.291186256781193,long_nclose,63.79769403254973,0.024245101308555346,6.0
1710447720000.0,1275387,1710447720000.0,0.17890198915009137,-0.0042889600000000005,2631.538913001677,2631.896716979977,-1.6,13.403,3.2,13.291186256781193,long_nclose,42.53179602169982,0.016162328366706814,1.0
1710447780000.0,1275388,1710447780000.0,0.1118137432188071,-0.0026806000000000004,2631.6480461448955,2631.927036379977,-1.0,13.403,2.2,13.291186256781193,long_nclose,29.240609764918627,0.011111139959522032,1.0
1710450540000.0,1275434,1710450540000.0,0.07826962025316497,-0.00187642,2631.7244393451488,2631.920659959977,-0.7,13.403,1.5,13.291186256781193,long_nclose,19.93677938517179,0.007575557336896812,46.0
1710454920000.0,1275507,1710454920000.0,0.2595696202531652,-0.00191268,2631.9820962854023,2632.2659472799774,-0.7,13.662,0.8,13.291186256781193,long_nclose,10.632949005424955,0.00403990172289985,73.0
1710459480000.0,1275583,1710459480000.0,0.14832549728752298,-0.00109296,2632.1293288226902,2632.277654319978,-0.4,13.662,0.4,13.291186256781193,long_nclose,5.316474502712477,0.002019837872134669,76.0
1710459540000.0,1275584,1710459540000.0,0.07416274864376149,-0.00054648,2632.2029450913337,2632.2771078399774,-0.2,13.662,0.2,13.291186256781193,long_nclose,2.6582372513562387,0.0010098906911085465,1.0
1710459600000.0,1275585,1710459600000.0,0.037081374321880745,-0.00027324,2632.239753225656,2632.2773345999776,-0.1,13.662,0.1,13.291186256781193,long_nclose,1.3291186256781193,0.0005049382846108004,1.0
1710459780000.0,1275588,1710459780000.0,0.037081374321880745,-0.00027324,2632.276561359978,2632.276561359978,-0.1,13.662,0.0,13.291186256781193,long_nclose,0.0,0.0,3.0
1710469680000.0,1275753,1710469680000.0,0.0,-0.02116252,2632.255398839978,2632.634598839978,7.9,13.394,7.9,13.394,long_ientry_normal,105.8126,0.04019845492448457,165.0
1710470820000.0,1275772,1710470820000.0,0.0,-0.021152340000000002,2632.2342464999783,2630.7879464999783,8.1,13.057,16.0,13.22339375,long_rentry,211.5743,0.08037821872476794,19.0
1710473040000.0,1275809,1710473040000.0,0.0,-0.02099856,2632.2132479399784,2626.107947939978,8.2,12.804,24.2,13.081285123966943,long_rentry,316.5671,0.12026650965599067,37.0
1710473220000.0,1275812,1710473220000.0,0.0,-0.029942780000000002,2632.1833051599783,2619.571005159978,11.9,12.581,36.1,12.916371191135735,long_rentry,466.28100000000006,0.17714609734281425,3.0
1710492660000.0,1276136,1710492660000.0,0.0,-0.04355262000000001,2632.1397525399784,2609.4052525399784,17.7,12.303,53.8,12.71457434944238,long_rentry,684.0441,0.25988137572859,324.0
1710493980000.0,1276158,1710493980000.0,0.0,-0.06303792,2632.0767146199782,2586.1804146199784,26.4,11.939,80.2,12.45927306733167,long_rentry,999.2337,0.37963699707144377,22.0
1710510480000.0,1276433,1710510480000.0,2.822909102244384,-0.0670971,2634.8325266222228,2640.4889175199783,-26.7,12.565,53.5,12.45927306733167,long_nclose,666.5711091022443,0.25298424183216256,275.0
1710510540000.0,1276434,1710510540000.0,1.8819394014962563,-0.044731400000000004,2636.6697346237193,2640.1942861199786,-17.8,12.565,35.7,12.45927306733167,long_nclose,444.7960485037407,0.16869615586011869,1.0
1710510600000.0,1276435,1710510600000.0,1.2581504987531151,-0.029904700000000003,2637.8979804224723,2641.0330814199783,-11.9,12.565,23.8,12.45927306733167,long_nclose,296.53069900249375,0.1124117388933301,1.0
1710514260000.0,1276496,1710514260000.0,0.8352427680797991,-0.0198527,2638.7133704905523,2640.553428719979,-7.9,12.565,15.9,12.45927306733167,long_nclose,198.10244177057356,0.07507539241889889,61.0
1710515340000.0,1276514,1710515340000.0,0.5603527431421437,-0.0133189,2639.2604043336946,2640.222109819979,-5.3,12.565,10.6,12.45927306733167,long_nclose,132.0682945137157,0.050039887802226,18.0
1710515400000.0,1276515,1710515400000.0,0.3700442643391515,-0.0087955,2639.6216530980337,2640.414914319979,-3.5,12.565,7.1,12.45927306733167,long_nclose,88.46083877805485,0.03351269628896679,1.0
1710515760000.0,1276521,1710515760000.0,0.24317194513715668,-0.005779899999999999,2639.8590451431705,2640.3713344199787,-2.3,12.565,4.8,12.45927306733167,long_nclose,59.80451072319202,0.022654433324090062,6.0
1710516000000.0,1276525,1710516000000.0,0.1691630922693264,-0.0040208,2640.0241874354397,2640.3785136199785,-1.6,12.565,3.2,12.45927306733167,long_nclose,39.86967381546135,0.0151020108092992,4.0
1710516120000.0,1276527,1710516120000.0,0.105726932668329,-0.002513,2640.127401368108,2640.3754006199783,-1.0,12.565,2.2,12.45927306733167,long_nclose,27.41040074812968,0.010382226529646134,2.0
1710516480000.0,1276533,1710516480000.0,0.0740088528678303,-0.0017590999999999998,2640.199651120976,2640.3492415199785,-0.7,12.565,1.5,12.45927306733167,long_nclose,18.688909600997505,0.007078597102708717,6.0
1710516540000.0,1276534,1710516540000.0,0.0528634663341645,-0.0012565,2640.25125808731,2640.342985019978,-0.5,12.565,1.0,12.45927306733167,long_nclose,12.45927306733167,0.0047189724952001735,1.0
1710517380000.0,1276548,1710517380000.0,0.0317180798004987,-0.0007539000000000001,2640.2822222671107,2640.3569311199785,-0.3,12.565,0.7,12.45927306733167,long_nclose,8.721491147132168,0.0033032420070773167,14.0
1710520920000.0,1276607,1710520920000.0,0.0211453865336658,-0.0005026,2640.3028650536444,2640.3627285199786,-0.2,12.565,0.5,12.45927306733167,long_nclose,6.229636533665835,0.002359440129433509,59.0
1710521040000.0,1276609,1710521040000.0,0.0105726932668329,-0.0002513,2640.3131864469115,2640.359877219979,-0.1,12.565,0.4,12.45927306733167,long_nclose,4.983709226932668,0.0018875447248132265,2.0
1710526800000.0,1276705,1710526800000.0,0.0105726932668329,-0.0002513,2640.3235078401785,2640.342025919979,-0.1,12.565,0.3,12.45927306733167,long_nclose,3.737781920199501,0.001415653009603001,96.0
1710528060000.0,1276726,1710528060000.0,0.0105726932668329,-0.0002513,2640.3338292334456,2640.357174619979,-0.1,12.565,0.2,12.45927306733167,long_nclose,2.491854613466334,0.0009437649837595655,21.0
1710531600000.0,1276785,1710531600000.0,0.0105726932668329,-0.0002513,2640.3441506267127,2640.3555233199795,-0.1,12.565,0.1,12.45927306733167,long_nclose,1.245927306733167,0.0004718806472396538,59.0
1710533220000.0,1276812,1710533220000.0,0.0,-0.0209525,2640.3231981267127,2640.1635708199797,8.5,12.325,8.6,12.326561314736415,long_ientry_partial,106.00842730673317,0.04014979203377271,27.0
1710541020000.0,1276942,1710541020000.0,0.29242831873803676,-0.00696136,2640.608665085451,2641.2028094599796,-2.8,12.431,5.8,12.326561314736415,long_nclose,71.4940556254712,0.02707483943788302,130.0
1710541080000.0,1276943,1710541080000.0,0.19843350200081067,-0.0047237799999999995,2640.8023748074515,2641.2330856799795,-1.9,12.431,3.9,12.326561314736415,long_nclose,48.07358912747202,0.018204160063653836,1.0
1710542160000.0,1276961,1710542160000.0,0.13577029084265996,-0.00323206,2640.9349130382943,2641.2142536199794,-1.3,12.431,2.6,12.326561314736415,long_nclose,32.04905941831468,0.01213549764520454,18.0
1710546180000.0,1277028,1710546180000.0,0.44647029084266093,-0.0032942,2641.378089129137,2641.8427594199798,-1.3,12.67,1.3,12.326561314736415,long_nclose,16.02452970915734,0.006066730762668145,67.0
1710546600000.0,1277035,1710546600000.0,0.2060632111581512,-0.0015203999999999999,2641.582631940295,2641.8195390199794,-0.6,12.67,0.7,12.326561314736415,long_nclose,8.628592920315489,0.003266448232958594,7.0
1710547500000.0,1277050,1710547500000.0,0.1030316055790756,-0.0007601999999999999,2641.684903345874,2641.825878819979,-0.3,12.67,0.4,12.326561314736415,long_nclose,4.930624525894566,0.0018664695852444757,15.0
1710549300000.0,1277080,1710549300000.0,0.06868773705271707,-0.0005068000000000001,2641.7530842829265,2641.819772019979,-0.2,12.67,0.2,12.326561314736415,long_nclose,2.465312262947283,0.0009332107067896028,30.0
1710549360000.0,1277081,1710549360000.0,0.03434386852635853,-0.00025340000000000003,2641.7871747514528,2641.823018619979,-0.1,12.67,0.1,12.326561314736415,long_nclose,1.2326561314736415,0.0004665993321697511,1.0
1710549780000.0,1277088,1710549780000.0,0.03434386852635853,-0.00025340000000000003,2641.821265219979,2641.821265219979,-0.1,12.67,0.0,12.326561314736415,long_nclose,0.0,0.0,7.0
1710591360000.0,1277781,1710591360000.0,0.0,-0.021243200000000004,2641.800022019979,2641.8340220199793,8.5,12.496,8.5,12.496,long_ientry_normal,106.21600000000001,0.040205919870795095,693.0
1710591660000.0,1277786,1710591660000.0,0.2967999999999996,-0.007057119999999999,2642.0897648999794,2642.6711648999794,-2.8,12.602,5.7,12.496,long_nclose,71.22720000000001,0.02695866012814914,5.0
1710591720000.0,1277787,1710591720000.0,0.20139999999999975,-0.00478876,2642.2863761399794,2642.6739761399795,-1.9,12.602,3.8,12.496,long_nclose,47.4848,0.017971102764935278,1.0
1710592380000.0,1277798,1710592380000.0,0.0,-0.0117406,2642.2746355399795,2642.2263355399796,4.7,12.49,8.5,12.492682352941177,long_ientry_partial,106.18780000000001,0.040188025336851216,11.0
1710597780000.0,1277888,1710597780000.0,0.0,-0.021189720000000002,2642.2534458199793,2639.716245819979,8.7,12.178,17.2,12.333511627906978,long_rentry,212.1364,0.08028616646733788,90.0
1710612420000.0,1278132,1710612420000.0,0.0,-0.02125676,2642.232189059979,2635.0022890599794,8.9,11.942,26.1,12.200007662835247,long_rentry,318.42019999999997,0.12051181622811263,244.0
1710614520000.0,1278167,1710614520000.0,0.0,-0.03003648,2642.202152579979,2630.946852579979,12.8,11.733,38.9,12.046339331619539,long_rentry,468.60260000000005,0.17735304603488908,35.0
1710642420000.0,1278632,1710642420000.0,1.3114226221079477,-0.03134184,2643.482233362087,2645.995410739979,-12.9,12.148,26.0,12.046339331619539,long_nclose,313.204822622108,0.11848190945613488,465.0
1710642480000.0,1278633,1710642480000.0,0.8742817480719651,-0.02089456,2644.3356205501586,2645.878316179979,-8.6,12.148,17.4,12.046339331619539,long_nclose,209.60630437017994,0.0792661501593247,1.0
1710642540000.0,1278634,1710642540000.0,0.5896318766066742,-0.01409168,2644.9111607467653,2646.2064244999788,-5.8,12.148,11.6,12.046339331619539,long_nclose,139.73753624678665,0.05283260107962685,1.0
1710642660000.0,1278636,1710642660000.0,0.38631053984575203,-0.00923248,2645.2882388066114,2645.971992019979,-3.8,12.148,7.8,12.046339331619539,long_nclose,93.9614467866324,0.03552030565448774,2.0
1710642720000.0,1278637,1710642720000.0,0.26431773778919876,-0.006316960000000001,2645.5462395844006,2646.069675059979,-2.6,12.148,5.2,12.046339331619539,long_nclose,62.640964524421605,0.023677894412558867,1.0
1710642780000.0,1278638,1710642780000.0,0.1728231362467838,-0.00413032,2645.7149324006473,2646.091744739979,-1.7,12.148,3.5,12.046339331619539,long_nclose,42.16218766066839,0.01593602815795865,1.0
1710643260000.0,1278646,1710643260000.0,0.11182673521850718,-0.00267256,2645.8240865758657,2646.077672179979,-1.1,12.148,2.4,12.046339331619539,long_nclose,28.91121439588689,0.010927111345978707,8.0
1710643560000.0,1278651,1710643560000.0,0.08132853470436885,-0.0019436800000000004,2645.9034714305703,2646.064528499979,-0.8,12.148,1.6,12.046339331619539,long_nclose,19.274142930591264,0.0072845223337532575,5.0
1710643620000.0,1278652,1710643620000.0,0.05083033419023053,-0.0012148,2645.9530869647606,2646.053913699979,-0.5,12.148,1.1,12.046339331619539,long_nclose,13.250973264781493,0.00500801519500182,1.0
1710643680000.0,1278653,1710643680000.0,0.03049820051413832,-0.00072888,2645.9828562852745,2646.0705848199786,-0.3,12.148,0.8,12.046339331619539,long_nclose,9.637071465295632,0.003642151891651039,1.0
1710644160000.0,1278661,1710644160000.0,0.020332133676092212,-0.0004859200000000001,2646.002702498951,2646.069698899979,-0.2,12.148,0.6,12.046339331619539,long_nclose,7.227803598971723,0.0027315934304018683,8.0
1710644820000.0,1278672,1710644820000.0,0.020332133676092212,-0.0004859200000000001,2646.022548712627,2646.0636129799796,-0.2,12.148,0.4,12.046339331619539,long_nclose,4.818535732647816,0.0018210486282485326,11.0
1710645060000.0,1278676,1710645060000.0,0.010166066838046106,-0.00024296000000000005,2646.032471819465,2646.056370019979,-0.1,12.148,0.3,12.046339331619539,long_nclose,3.6139017994858613,0.0013657813492367573,4.0
1710645420000.0,1278682,1710645420000.0,0.010166066838046106,-0.00024296000000000005,2646.042394926303,2646.063327059979,-0.1,12.148,0.2,12.046339331619539,long_nclose,2.409267866323908,0.0009105174848836881,6.0
1710645720000.0,1278687,1710645720000.0,0.010166066838046106,-0.00024296000000000005,2646.052318033141,2646.061884099979,-0.1,12.148,0.1,12.046339331619539,long_nclose,1.204633933161954,0.0004552570351509075,5.0
1710645780000.0,1278688,1710645780000.0,0.010166066838046106,-0.00024296000000000005,2646.062241139979,2646.062241139979,-0.1,12.148,0.0,12.046339331619539,long_nclose,0.0,0.0,1.0
1710657540000.0,1278884,1710657540000.0,0.0,-0.02116064,2646.041080499979,2646.0766804999794,8.9,11.888,8.9,11.888,long_ientry_normal,105.8032,0.03998547141981942,196.0
1710659940000.0,1278924,1710659940000.0,0.0,-0.021091980000000003,2646.019988519979,2643.538888519979,9.1,11.589,18.0,11.736838888888888,long_rentry,211.26309999999998,0.07984183827657612,40.0
1710661800000.0,1278955,1710661800000.0,0.5949666666666715,-0.014203200000000001,2646.6007519866457,2647.9826853199793,-6.0,11.836,12.0,11.736838888888888,long_nclose,140.84206666666665,0.05321621198850824,31.0
1710661920000.0,1278957,1710661920000.0,0.3966444444444477,-0.009468800000000001,2646.9879276310903,2647.637216519979,-4.0,11.836,8.0,11.736838888888888,long_nclose,93.8947111111111,0.03547228535913337,2.0
1710661980000.0,1278958,1710661980000.0,0.257818888888891,-0.006154720000000001,2647.2395917999793,2647.8722617999792,-2.6,11.836,5.4,11.736838888888888,long_nclose,63.378930000000004,0.023941516361541636,1.0
1710662280000.0,1278963,1710662280000.0,0.17849000000000145,-0.00426096,2647.413820839979,2647.846400839979,-1.8,11.836,3.6,11.736838888888888,long_nclose,42.25262,0.015959960497068784,5.0
1710664260000.0,1278996,1710664260000.0,0.588890000000001,-0.00434304,2647.998367799979,2648.594457799979,-1.8,12.064,1.8,11.736838888888888,long_nclose,21.12631,0.00797821866391566,33.0
1710678600000.0,1279235,1710678600000.0,0.2944450000000005,-0.00217152,2648.290641279979,2648.595886279979,-0.9,12.064,0.9,11.736838888888888,long_nclose,10.563155,0.00398866908161356,239.0
1710678780000.0,1279238,1710678780000.0,0.13086444444444467,-0.0009651200000000002,2648.4205406044234,2648.584621159979,-0.4,12.064,0.5,11.736838888888888,long_nclose,5.868419444444444,0.002215818581102362,3.0
1710678960000.0,1279241,1710678960000.0,0.06543222222222234,-0.0004825600000000001,2648.4854902666457,2648.581538599979,-0.2,12.064,0.3,11.736838888888888,long_nclose,3.5210516666666662,0.001329458545122017,3.0
1710679140000.0,1279244,1710679140000.0,0.03271611111111117,-0.00024128000000000005,2648.517965097757,2648.585197319979,-0.1,12.064,0.2,11.736838888888888,long_nclose,2.347367777777778,0.0008862948293013132,3.0
1710679320000.0,1279247,1710679320000.0,0.03271611111111117,-0.00024128000000000005,2648.5504399288684,2648.5830560399795,-0.1,12.064,0.1,11.736838888888888,long_nclose,1.173683888888889,0.00044314198106055715,3.0
1710679380000.0,1279248,1710679380000.0,0.03271611111111117,-0.00024128000000000005,2648.5829147599798,2648.5829147599798,-0.1,12.064,0.0,11.736838888888888,long_nclose,0.0,0.0,1.0
1710723720000.0,1279987,1710723720000.0,0.0,-0.021135840000000003,2648.5617789199796,2648.5441789199795,8.8,12.009,8.8,12.009,long_ientry_normal,105.67920000000001,0.03990059844595865,739.0
1710724560000.0,1280001,1710724560000.0,0.29289999999999733,-0.0070238,2648.8476551199797,2649.4730551199796,-2.9,12.11,5.9,12.009,long_nclose,70.85310000000001,0.026748650441654306,14.0
1710724800000.0,1280005,1710724800000.0,0.19189999999999827,-0.0046018,2649.0349533199796,2649.54695331998,-1.9,12.11,4.0,12.009,long_nclose,48.036,0.018133396065536052,4.0
1710725400000.0,1280015,1710725400000.0,0.13129999999999883,-0.0031486,2649.16310471998,2649.47360471998,-1.3,12.11,2.7,12.009,long_nclose,32.4243,0.012239450240806254,10.0
1710738840000.0,1280239,1710738840000.0,0.43549999999999883,-0.00320944,2649.59539527998,2650.06579527998,-1.3,12.344,1.4,12.009,long_nclose,16.8126,0.006345346172457184,224.0
1710738960000.0,1280241,1710738960000.0,0.23449999999999935,-0.0017281599999999999,2649.82816711998,2650.0626671199802,-0.7,12.344,0.7,12.009,long_nclose,8.4063,0.0031723943855335186,2.0
1710739020000.0,1280242,1710739020000.0,0.10049999999999971,-0.00074064,2649.92792647998,2650.06232647998,-0.3,12.344,0.4,12.009,long_nclose,4.8036,0.0018127285470668783,1.0
1710739200000.0,1280245,1710739200000.0,0.06699999999999982,-0.00049376,2649.99443271998,2650.0626327199802,-0.2,12.344,0.2,12.009,long_nclose,2.4018,0.0009063415267385182,3.0
1710742320000.0,1280297,1710742320000.0,0.03349999999999991,-0.00024688,2650.02768583998,2650.06108583998,-0.1,12.344,0.1,12.009,long_nclose,1.2009,0.0004531650768846026,52.0
1710742920000.0,1280307,1710742920000.0,0.03349999999999991,-0.00024688,2650.0609389599804,2650.0609389599804,-0.1,12.344,0.0,12.009,long_nclose,0.0,0.0,10.0
1710750420000.0,1280432,1710750420000.0,0.0,-0.021178080000000002,2650.0397608799803,2650.1101608799804,8.8,12.033,8.8,12.033,long_ientry_normal,105.8904,0.03995804197475049,125.0
1710750900000.0,1280440,1710750900000.0,0.2958000000000009,-0.0070383,2650.32852257998,2651.01292257998,-2.9,12.135,5.9,12.033,long_nclose,70.9947,0.026787132008408425,8.0
1710751140000.0,1280444,1710751140000.0,0.19380000000000058,-0.0046113000000000005,2650.51771127998,2650.90971127998,-1.9,12.135,4.0,12.033,long_nclose,48.132,0.018159471183747056,4.0
1710751500000.0,1280450,1710751500000.0,0.1326000000000004,-0.0031551000000000005,2650.64715617998,2650.91715617998,-1.3,12.135,2.7,12.033,long_nclose,32.4891,0.012257044444505453,6.0
1710751560000.0,1280451,1710751560000.0,0.09180000000000028,-0.0021843,2650.73677187998,2650.91677187998,-0.9,12.135,1.8,12.033,long_nclose,21.659399999999998,0.008171086706824728,1.0
1710751680000.0,1280453,1710751680000.0,0.061200000000000185,-0.0014562,2650.79651567998,2650.92011567998,-0.6,12.135,1.2,12.033,long_nclose,14.439599999999999,0.00544726836427728,2.0
1710751800000.0,1280455,1710751800000.0,0.04080000000000013,-0.0009708000000000001,2650.8363448799805,2650.9291448799804,-0.4,12.135,0.8,12.033,long_nclose,9.6264,0.0036314576788541225,2.0
1710753960000.0,1280491,1710753960000.0,0.020400000000000064,-0.00048540000000000003,2650.8562594799805,2650.9192594799806,-0.2,12.135,0.6,12.033,long_nclose,7.219799999999999,0.0027235727981027194,36.0
1710754860000.0,1280506,1710754860000.0,0.0,-0.01971444,2650.8365450399806,2650.7677450399806,8.2,12.021,8.8,12.021818181818182,long_ientry_partial,105.792,0.03990891109372586,15.0
1710759060000.0,1280576,1710759060000.0,0.29342727272727165,-0.007031339999999999,2651.1229409727075,2651.7553136999804,-2.9,12.123,5.9,12.021818181818182,long_nclose,70.92872727272727,0.026754220325483375,70.0
1710764220000.0,1280662,1710764220000.0,0.19224545454545383,-0.00460674,2651.3105796872533,2651.6633069599807,-1.9,12.123,4.0,12.021818181818182,long_nclose,48.087272727272726,0.01813717076214627,86.0
1710764280000.0,1280663,1710764280000.0,0.13153636363636317,-0.00315198,2651.4389640708896,2651.6635549799803,-1.3,12.123,2.7,12.021818181818182,long_nclose,32.458909090909096,0.012241997470337117,1.0
1710764880000.0,1280673,1710764880000.0,0.09106363636363604,-0.00218214,2651.5278455672533,2651.7045728399808,-0.9,12.123,1.8,12.021818181818182,long_nclose,21.639272727272726,0.008161058072027653,10.0
1710764940000.0,1280674,1710764940000.0,0.060709090909090685,-0.00145476,2651.5870998981627,2651.730118079981,-0.6,12.123,1.2,12.021818181818182,long_nclose,14.426181818181817,0.005440583799316218,1.0
1710765180000.0,1280678,1710765180000.0,0.04047272727272713,-0.00096984,2651.6266027854354,2651.7179482399806,-0.4,12.123,0.8,12.021818181818182,long_nclose,9.617454545454546,0.0036270018317631023,4.0
1710766140000.0,1280694,1710766140000.0,0.020236363636363566,-0.00048492,2651.6463542290717,2651.7136633199807,-0.2,12.123,0.6,12.021818181818182,long_nclose,7.2130909090909086,0.002720231111357235,16.0
1710768000000.0,1280725,1710768000000.0,0.0,-0.019851940000000002,2651.6265022890716,2651.553211379981,8.3,11.959,8.9,11.96323493360572,long_ientry_partial,106.47279090909092,0.0401537663080287,31.0
1710774420000.0,1280832,1710774420000.0,0.0,-0.021224840000000002,2651.6052774490718,2649.122286539981,9.1,11.662,18.0,11.81094393939394,long_rentry,212.59699090909092,0.08017671133677029,107.0
1710778680000.0,1280903,1710778680000.0,0.6003363636363552,-0.014293199999999999,2652.1913206127083,2653.451993339981,-6.0,11.911,12.0,11.81094393939394,long_nclose,141.7313272727273,0.05343933002540125,71.0
1710779460000.0,1280916,1710779460000.0,0.4002242424242368,-0.0095288,2652.5820160551325,2653.326464539981,-4.0,11.911,8.0,11.81094393939394,long_nclose,94.48755151515152,0.035620972676151795,13.0
1710779760000.0,1280921,1710779760000.0,0.2601457575757539,-0.00619372,2652.8359680927083,2653.333070819981,-2.6,11.911,5.4,11.81094393939394,long_nclose,63.779097272727284,0.024041854845093236,5.0
1710779880000.0,1280923,1710779880000.0,0.18010090909090656,-0.0042879599999999995,2653.011781041799,2653.393582859981,-1.8,11.911,3.6,11.81094393939394,long_nclose,42.51939818181819,0.016026841073853597,2.0
1710780660000.0,1280936,1710780660000.0,0.0,-0.01269432,2652.9990867217994,2652.911088539981,5.4,11.754,9.0,11.776777575757578,long_ientry_partial,105.9909981818182,0.0399513888686584,13.0
1710809580000.0,1281418,1710809580000.0,0.0,-0.02112504,2652.9779616817996,2650.3705634999815,9.2,11.481,18.2,11.627263636363637,long_rentry,211.6161981818182,0.07976553188088624,482.0
1710811320000.0,1281447,1710811320000.0,0.0,-0.0211688,2652.9567928817996,2646.9901946999817,9.4,11.26,27.6,11.502181093544136,long_rentry,317.46019818181816,0.11966278494757315,29.0
1710819660000.0,1281586,1710819660000.0,0.0,-0.0298728,2652.9269200818,2641.9428218999815,13.5,11.064,41.1,11.358252997124529,long_rentry,466.82419818181813,0.17596572097335578,139.0
1710832440000.0,1281799,1710832440000.0,0.0,-0.04371684,2652.8832032418,2631.0473050599817,20.2,10.821,61.3,11.181213673439121,long_rentry,685.408398181818,0.25836357866952264,213.0
1710851880000.0,1282123,1710851880000.0,1.9336410618419277,-0.04600608,2654.770838223642,2657.625098979982,-20.4,11.276,40.9,11.181213673439121,long_nclose,457.31163924366,0.1722603068631174,324.0
1710851940000.0,1282124,1710851940000.0,1.289094041227952,-0.030670720000000002,2656.0292615448698,2658.507728259982,-13.6,11.276,27.3,11.181213673439121,long_nclose,305.24713328488804,0.11492611836186704,1.0
1710852120000.0,1282127,1710852120000.0,0.8625555717039972,-0.02052232,2656.8712947965737,2658.796605939982,-9.1,11.276,18.2,11.181213673439121,long_nclose,203.498088856592,0.07659313014339035,3.0
1710852780000.0,1282138,1710852780000.0,0.5687179593652729,-0.013531200000000002,2657.4264815559386,2658.5218747399813,-6.0,11.276,12.2,11.181213673439121,long_nclose,136.41080681595727,0.051331921226316655,11.0
1710859800000.0,1282255,1710859800000.0,0.3791453062435153,-0.0090208,2657.796606062182,2658.5410539399813,-4.0,11.276,8.2,11.181213673439121,long_nclose,91.68595212220079,0.03449697840424426,117.0
1710859860000.0,1282256,1710859860000.0,0.25592308171437284,-0.00608904,2658.046440103896,2658.556764899981,-2.7,11.276,5.5,11.181213673439121,long_nclose,61.49667520391517,0.023136042424266832,1.0
1710859920000.0,1282257,1710859920000.0,0.17061538780958188,-0.004059360000000001,2658.2129961317055,2658.4971055399806,-1.8,11.276,3.7,11.181213673439121,long_nclose,41.37049059172475,0.015563271510570473,1.0
1710860040000.0,1282259,1710860040000.0,0.11374359187305458,-0.00270624,2658.3240334835787,2658.573499299981,-1.2,11.276,2.5,11.181213673439121,long_nclose,27.9530341835978,0.01051528475517222,2.0
1710860220000.0,1282262,1710860220000.0,0.07582906124870306,-0.00180416,2658.3980583848274,2658.523495139981,-0.8,11.276,1.7,11.181213673439121,long_nclose,19.008063244846504,0.007150194525945186,3.0
1710860340000.0,1282264,1710860340000.0,0.04739316328043941,-0.0011276,2658.444323948108,2658.543667539981,-0.5,11.276,1.2,11.181213673439121,long_nclose,13.417456408126945,0.005047108298360154,2.0
1710860700000.0,1282270,1710860700000.0,0.03791453062435153,-0.00090208,2658.4813363987323,2658.563565459981,-0.4,11.276,0.8,11.181213673439121,long_nclose,8.944970938751297,0.003364692020320313,6.0
1710861600000.0,1282285,1710861600000.0,0.018957265312175765,-0.00045104,2658.4998426240445,2658.564514419981,-0.2,11.276,0.6,11.181213673439121,long_nclose,6.708728204063473,0.002523501448637173,15.0
1710862140000.0,1282294,1710862140000.0,0.018957265312175765,-0.00045104,2658.5183488493567,2658.554663379981,-0.2,11.276,0.4,11.181213673439121,long_nclose,4.472485469375648,0.0016823225881857846,9.0
1710862200000.0,1282295,1710862200000.0,0.009478632656087883,-0.00022552,2658.527601962013,2658.565037859981,-0.1,11.276,0.3,11.181213673439121,long_nclose,3.3543641020317363,0.0012617375495955698,1.0
1710878880000.0,1282573,1710878880000.0,0.009478632656087883,-0.00022552,2658.536855074669,2658.557012339981,-0.1,11.276,0.2,11.181213673439121,long_nclose,2.236242734687824,0.0008411554387215806,278.0
1710879060000.0,1282576,1710879060000.0,0.009478632656087883,-0.00022552,2658.546108187325,2658.553686819981,-0.1,11.276,0.1,11.181213673439121,long_nclose,1.118121367343912,0.00042057625553324716,3.0
1710879120000.0,1282577,1710879120000.0,0.009478632656087883,-0.00022552,2658.555361299981,2658.555361299981,-0.1,11.276,0.0,11.181213673439121,long_nclose,0.0,0.0,1.0
1710883860000.0,1282656,1710883860000.0,0.0,-0.021283200000000002,2658.534078099981,2658.6396780999808,9.6,11.085,9.6,11.085,long_ientry_normal,106.41600000000001,0.04002807444772501,79.0
1710884760000.0,1282671,1710884760000.0,0.3007999999999982,-0.007154560000000001,2658.827723539981,2659.550923539981,-3.2,11.179,6.4,11.085,long_nclose,70.944,0.026682435786228635,15.0
1710885900000.0,1282690,1710885900000.0,0.1973999999999988,-0.004695180000000001,2659.020428359981,2659.428928359981,-2.1,11.179,4.3,11.085,long_nclose,47.6655,0.01792596231740834,19.0
1710886560000.0,1282701,1710886560000.0,0.0,-0.0117342,2659.008694159981,2658.963394159981,5.3,11.07,9.6,11.076718750000001,long_ientry_partial,106.33650000000002,0.039991031331920196,11.0
1710889980000.0,1282758,1710889980000.0,0.0,-0.02138004,2658.987314119981,2655.824114119981,9.9,10.798,19.5,10.935215384615386,long_rentry,213.23670000000004,0.08019470377600237,57.0
1710894300000.0,1282830,1710894300000.0,0.6030999999999933,-0.014336400000000001,2659.5760777199807,2661.0422777199806,-6.5,11.028,13.0,10.935215384615386,long_nclose,142.1578,0.05345130045005894,72.0
1710894600000.0,1282835,1710894600000.0,0.39897384615384174,-0.00948408,2659.965567486134,2660.4769936399803,-4.3,11.028,8.7,10.935215384615386,long_nclose,95.13637384615384,0.03576601705264358,5.0
1710894960000.0,1282841,1710894960000.0,0.2690753846153816,-0.006396240000000001,2660.2282466307497,2660.8011973999805,-2.9,11.028,5.8,10.935215384615386,long_nclose,63.424249230769234,0.02384165693718114,6.0
1710895380000.0,1282848,1710895380000.0,0.17629076923076728,-0.00419064,2660.4003467599805,2660.7856067599805,-1.9,11.028,3.9,10.935215384615386,long_nclose,42.64734000000001,0.016030421906965575,7.0
1710895500000.0,1282850,1710895500000.0,0.12061999999999866,-0.0028672800000000003,2660.5180994799807,2660.7749394799807,-1.3,11.028,2.6,10.935215384615386,long_nclose,28.431560000000005,0.010686474940936195,2.0
1710895860000.0,1282856,1710895860000.0,0.07422769230769148,-0.0017644800000000001,2660.5905626922886,2660.752174999981,-0.8,11.028,1.8,10.935215384615386,long_nclose,19.683387692307697,0.007398127306138305,6.0
1710895920000.0,1282857,1710895920000.0,0.055670769230768614,-0.0013233600000000002,2660.6449101015196,2660.752651639981,-0.6,11.028,1.2,10.935215384615386,long_nclose,13.122258461538463,0.004931984125998147,1.0
1710895980000.0,1282858,1710895980000.0,0.03711384615384574,-0.0008822400000000001,2660.6811417076733,2660.767369399981,-0.4,11.028,0.8,10.935215384615386,long_nclose,8.74817230769231,0.0032879446434072044,1.0
1710896760000.0,1282871,1710896760000.0,0.01855692307692287,-0.00044112000000000003,2660.6992575107506,2660.7483282799813,-0.2,11.028,0.6,10.935215384615386,long_nclose,6.5611292307692315,0.0024659416926765244,13.0
1710897000000.0,1282875,1710897000000.0,0.01855692307692287,-0.00044112000000000003,2660.717373313828,2660.7472871599816,-0.2,11.028,0.4,10.935215384615386,long_nclose,4.374086153846155,0.0016439499353508515,4.0
1710897240000.0,1282879,1710897240000.0,0.009278461538461435,-0.00022056000000000002,2660.7264312153666,2660.752766599982,-0.1,11.028,0.3,10.935215384615386,long_nclose,3.2805646153846157,0.0012329582541434443,4.0
1710897300000.0,1282880,1710897300000.0,0.009278461538461435,-0.00022056000000000002,2660.7354891169052,2660.750046039982,-0.1,11.028,0.2,10.935215384615386,long_nclose,2.1870430769230773,0.0008219693712015523,1.0
1710897720000.0,1282887,1710897720000.0,0.0,-0.0209088,2660.714580316905,2660.764337239982,9.6,10.89,9.8,10.890922762951332,long_ientry_partial,106.73104307692306,0.04011367617800284,7.0
1710899460000.0,1282916,1710899460000.0,0.29464715855573903,-0.007029120000000001,2661.0021983554607,2661.557108119982,-3.2,10.983,6.6,10.890922762951332,long_nclose,71.88009023547879,0.027012412947235356,29.0
1710900600000.0,1282935,1710900600000.0,0.20256992150707057,-0.004832520000000002,2661.1999357569675,2661.6622755999815,-2.2,10.983,4.4,10.890922762951332,long_nclose,47.92006015698586,0.018006937213965922,19.0
1710907260000.0,1283046,1710907260000.0,0.1289081318681358,-0.00307524,2661.325768648836,2661.635000359982,-1.4,10.983,3.0,10.890922762951332,long_nclose,32.672768288853995,0.012276876688208701,111.0
1710907740000.0,1283054,1710907740000.0,0.09207723704866844,-0.0021966000000000004,2661.4156492858847,2661.697803759982,-1.0,10.983,2.0,10.890922762951332,long_nclose,21.781845525902664,0.008184308051148344,8.0
1710908700000.0,1283070,1710908700000.0,0.05524634222920106,-0.0013179600000000002,2661.4695776681137,2661.615285799982,-0.6,10.983,1.4,10.890922762951332,long_nclose,15.247291868131864,0.005728899550860546,16.0
1710908880000.0,1283073,1710908880000.0,0.03683089481946738,-0.0008786400000000001,2661.5055299229334,2661.583607159982,-0.4,10.983,1.0,10.890922762951332,long_nclose,10.890922762951332,0.004092015831079896,3.0
1710908940000.0,1283074,1710908940000.0,0.02762317111460053,-0.0006589800000000001,2661.532494114048,2661.603248179982,-0.3,10.983,0.7,10.890922762951332,long_nclose,7.623645934065932,0.0028643820621861832,1.0
1710909240000.0,1283079,1710909240000.0,0.0,-0.0197743,2661.512719814048,2661.5533738799822,9.1,10.865,9.8,10.866851625925095,long_ientry_partial,106.49514593406595,0.04001301408076924,5.0
1710910020000.0,1283092,1710910020000.0,0.2948747970396937,-0.007013760000000001,2661.8005808510875,2662.237160119982,-3.2,10.959,6.6,10.866851625925095,long_nclose,71.72122073110563,0.02694462584728019,13.0
1710910500000.0,1283100,1710910500000.0,0.20272642296478943,-0.00482196,2661.9984853140522,2662.381938159982,-2.2,10.959,4.4,10.866851625925095,long_nclose,47.814147154070426,0.017961748444958073,8.0
1710910560000.0,1283101,1710910560000.0,0.129007723704866,-0.00306852,2662.1244245177572,2662.382869639982,-1.4,10.959,3.0,10.866851625925095,long_nclose,32.60055487777529,0.012246067305317956,1.0
1710910620000.0,1283102,1710910620000.0,0.09214837407490428,-0.0021918,2662.214381091832,2662.3826778399816,-1.0,10.959,2.0,10.866851625925095,long_nclose,21.73370325185019,0.008163769006062062,1.0
1710910680000.0,1283103,1710910680000.0,0.05528902444494257,-0.00131508,2662.2683550362767,2662.4043627599817,-0.6,10.959,1.4,10.866851625925095,long_nclose,15.213592276295133,0.005714522447564392,1.0
1710910800000.0,1283105,1710910800000.0,0.036859349629961714,-0.0008767200000000001,2662.3043376659066,2662.4094860399814,-0.4,10.959,1.0,10.866851625925095,long_nclose,10.866851625925095,0.004081746580277247,2.0
1710911340000.0,1283114,1710911340000.0,0.0,-0.019088960000000006,2662.2852487059067,2662.4113970799817,8.8,10.846,9.8,10.848127716931133,long_ientry_partial,106.31165162592511,0.039932479691123055,9.0
1710914100000.0,1283160,1710914100000.0,0.29399130582037286,-0.007001600000000001,2662.572238411727,2663.1389954799815,-3.2,10.94,6.6,10.848127716931133,long_nclose,71.59764293174547,0.02689040391048874,46.0
1710914160000.0,1283161,1710914160000.0,0.20211902275150637,-0.0048136,2662.7695438344786,2663.2661818799816,-2.2,10.94,4.4,10.848127716931133,long_nclose,47.73176195449699,0.017925607593423813,1.0
1710914700000.0,1283170,1710914700000.0,0.12862119629641314,-0.0030632,2662.8951018307753,2663.260718679982,-1.4,10.94,3.0,10.848127716931133,long_nclose,32.5443831507934,0.012221428898351538,9.0
1710914880000.0,1283173,1710914880000.0,0.09187228306886652,-0.002188,2662.984786113844,2663.2285306799818,-1.0,10.94,2.0,10.848127716931133,long_nclose,21.696255433862266,0.008147344869184971,3.0
1710916200000.0,1283195,1710916200000.0,0.3028722830688668,-0.0022302,2663.285428196913,2663.567300479982,-1.0,11.151,1.0,10.848127716931133,long_nclose,10.848127716931133,0.0040732125825039675,22.0
1710916920000.0,1283207,1710916920000.0,0.1514361415344334,-0.0011151,2663.4357492384474,2663.592685379982,-0.5,11.151,0.5,10.848127716931133,long_nclose,5.4240638584655665,0.0020364913476949693,12.0
1710917400000.0,1283215,1710917400000.0,0.060574456613773364,-0.00044604000000000003,2663.495877655061,2663.5867393399817,-0.2,11.151,0.3,10.848127716931133,long_nclose,3.25443831507934,0.0012218672243429728,8.0
1710917460000.0,1283216,1710917460000.0,0.030287228306886682,-0.00022302000000000002,2663.525941863368,2663.587316319982,-0.1,11.151,0.2,10.848127716931133,long_nclose,2.1696255433862266,0.0008145689551153328,1.0
1710917640000.0,1283219,1710917640000.0,0.030287228306886682,-0.00022302000000000002,2663.5560060716753,2663.5872932999823,-0.1,11.151,0.1,10.848127716931133,long_nclose,1.0848127716931133,0.00040727988043812185,3.0
1710918120000.0,1283227,1710918120000.0,0.030287228306886682,-0.00022302000000000002,2663.5860702799823,2663.5860702799823,-0.1,11.151,0.0,10.848127716931133,long_nclose,0.0,0.0,8.0
1710951840000.0,1283789,1710951840000.0,0.0,-0.021336119999999997,2663.5647341599824,2663.6520341599826,9.7,10.998,9.7,10.998,long_ientry_normal,106.68059999999998,0.04005181425922588,562.0
1710954900000.0,1283840,1710954900000.0,0.2975999999999999,-0.0070982400000000005,2663.8552359199825,2664.8692359199827,-3.2,11.091,6.5,10.998,long_nclose,71.487,0.0268359177466006,51.0
1710957120000.0,1283877,1710957120000.0,0.19529999999999995,-0.00465822,2664.0458776999826,2664.4770776999826,-2.1,11.091,4.4,10.998,long_nclose,48.3912,0.01816455204659568,37.0
1710960420000.0,1283932,1710960420000.0,0.6754000000000009,-0.004974200000000001,2664.7163034999826,2665.4027034999826,-2.2,11.305,2.2,10.998,long_nclose,24.1956,0.009079990979985445,55.0
1710965100000.0,1284010,1710965100000.0,1.144000000000003,-0.005067920000000001,2665.8552355799825,2665.8552355799825,-2.2,11.518,0.0,10.998,long_nclose,0.0,0.0,78.0
1711073400000.0,1285815,1711073400000.0,0.0,-0.021321180000000002,2665.8339143999824,2666.1129143999824,9.3,11.463,9.3,11.463,long_ientry_normal,106.6059,0.03998970056767191,1805.0
1711076460000.0,1285866,1711076460000.0,0.3007000000000041,-0.007167200000000001,2666.1274471999823,2666.747447199982,-3.1,11.56,6.2,11.463,long_nclose,71.0706,0.02665686521274131,51.0
1711076580000.0,1285868,1711076580000.0,0.19400000000000261,-0.0046240000000000005,2666.316823199982,2666.728423199982,-2.0,11.56,4.2,11.463,long_nclose,48.1446,0.01805659386802324,2.0
1711076880000.0,1285873,1711076880000.0,0.1358000000000018,-0.0032368,2666.449386399982,2666.740586399982,-1.4,11.56,2.8,11.463,long_nclose,32.096399999999996,0.012037130786620286,5.0
1711077360000.0,1285881,1711077360000.0,0.08730000000000118,-0.0020808000000000003,2666.534605599982,2666.732205599982,-0.9,11.56,1.9,11.463,long_nclose,21.7797,0.008167791992746132,8.0
1711087080000.0,1286043,1711087080000.0,0.28800000000000026,-0.00212094,2666.820484659982,2667.141484659982,-0.9,11.783,1.0,11.463,long_nclose,11.463,0.0042983770620996726,162.0
1711087200000.0,1286045,1711087200000.0,0.16000000000000014,-0.0011783,2666.979306359982,2667.140306359982,-0.5,11.783,0.5,11.463,long_nclose,5.7315,0.0021490605443889323,2.0
1711087500000.0,1286050,1711087500000.0,0.06400000000000006,-0.00047132,2667.0428350399816,2667.1424350399816,-0.2,11.783,0.3,11.463,long_nclose,3.4389,0.0012894056123955906,5.0
1711087680000.0,1286053,1711087680000.0,0.03200000000000003,-0.00023566,2667.074599379982,2667.143599379982,-0.1,11.783,0.2,11.463,long_nclose,2.2925999999999997,0.0008595935038836046,3.0
1711088280000.0,1286063,1711088280000.0,0.03200000000000003,-0.00023566,2667.1063637199823,2667.1376637199824,-0.1,11.783,0.1,11.463,long_nclose,1.1462999999999999,0.00042979163320700214,10.0
1711088460000.0,1286066,1711088460000.0,0.03200000000000003,-0.00023566,2667.1381280599826,2667.1381280599826,-0.1,11.783,0.0,11.463,long_nclose,0.0,0.0,3.0
1711105320000.0,1286347,1711105320000.0,0.0,-0.02137326,2667.1167547999826,2667.0144547999826,9.3,11.491,9.3,11.491,long_ientry_normal,106.86630000000001,0.04006809968392791,281.0
1711115880000.0,1286523,1711115880000.0,0.0,-0.021283800000000002,2667.0954709999824,2664.2761709999822,9.5,11.202,18.8,11.344962765957447,long_rentry,213.2853,0.07996912833421456,176.0
1711156380000.0,1287198,1711156380000.0,0.5954308510638303,-0.014186840000000001,2667.676715011046,2668.899384159982,-6.2,11.441,12.6,11.344962765957447,long_nclose,142.94653085106384,0.05358465291041533,675.0
1711156500000.0,1287200,1711156500000.0,0.4033563829787237,-0.009610440000000001,2668.070460954025,2668.9779737199824,-4.2,11.441,8.4,11.344962765957447,long_nclose,95.29768723404256,0.035717830030608286,2.0
1711156740000.0,1287204,1711156740000.0,0.26890425531914913,-0.00640696,2668.3329582493443,2668.8987667599827,-2.8,11.441,5.6,11.344962765957447,long_nclose,63.5317914893617,0.02380954419235747,4.0
1711176360000.0,1287531,1711176360000.0,0.1728670212765959,-0.004118760000000001,2668.501706510621,2668.8362479999823,-1.8,11.441,3.8,11.344962765957447,long_nclose,43.1108585106383,0.016155454727818333,327.0
1711177560000.0,1287551,1711177560000.0,0.11524468085106392,-0.0027458400000000003,2668.614205351472,2668.8613021599826,-1.2,11.441,2.6,11.344962765957447,long_nclose,29.496903191489363,0.011053266197990748,20.0
1711177620000.0,1287552,1711177620000.0,0.07682978723404262,-0.0018305600000000002,2668.689204578706,2668.8746715999823,-0.8,11.441,1.8,11.344962765957447,long_nclose,20.420932978723407,0.00765204615947295,1.0
1711182900000.0,1287640,1711182900000.0,0.05762234042553196,-0.0013729200000000001,2668.7454539991313,2668.8834986799825,-0.6,11.441,1.2,11.344962765957447,long_nclose,13.613955319148937,0.005101256584343157,88.0
1711187460000.0,1287716,1711187460000.0,0.03841489361702131,-0.0009152800000000001,2668.7829536127483,2668.8613833999825,-0.4,11.441,0.8,11.344962765957447,long_nclose,9.075970212765958,0.003400789937030945,76.0
1711235280000.0,1288513,1711235280000.0,0.019207446808510654,-0.00045764000000000004,2668.801703419557,2668.8587257599825,-0.2,11.441,0.6,11.344962765957447,long_nclose,6.806977659574469,0.0025505745334517115,797.0
1711235820000.0,1288522,1711235820000.0,0.019207446808510654,-0.00045764000000000004,2668.8204532263653,2668.8540681199825,-0.2,11.441,0.4,11.344962765957447,long_nclose,4.537985106382979,0.0017003710762546653,9.0
1711235880000.0,1288523,1711235880000.0,0.009603723404255327,-0.00022882000000000002,2668.82982812977,2668.8589392999825,-0.1,11.441,0.3,11.344962765957447,long_nclose,3.4034888297872343,0.0012752738274707796,1.0
1711236000000.0,1288525,1711236000000.0,0.009603723404255327,-0.00022882000000000002,2668.8392030331743,2668.8594104799827,-0.1,11.441,0.2,11.344962765957447,long_nclose,2.2689925531914894,0.0008501795651880213,2.0
1711240320000.0,1288597,1711240320000.0,0.009603723404255327,-0.00022882000000000002,2668.8485779365787,2668.858381659983,-0.1,11.441,0.1,11.344962765957447,long_nclose,1.1344962765957447,0.00042508828937491873,72.0
1711249560000.0,1288751,1711249560000.0,0.009603723404255327,-0.00022882000000000002,2668.857952839983,2668.857952839983,-0.1,11.441,0.0,11.344962765957447,long_nclose,0.0,0.0,154.0
1711463520000.0,1292317,1711463520000.0,0.0,-0.02136178,2668.836591059983,2668.836591059983,8.9,12.001,8.9,12.001,long_ientry_normal,106.8089,0.040020771731692516,3566.0
1711463700000.0,1292320,1711463700000.0,0.2929000000000025,-0.00701916,2669.1224718999833,2669.8724718999833,-2.9,12.102,6.0,12.001,long_nclose,72.006,0.026977405779639394,3.0
1711466580000.0,1292368,1711466580000.0,0.20200000000000173,-0.0048408,2669.319631099984,2669.683631099984,-2.0,12.102,4.0,12.001,long_nclose,48.004,0.01798360879705452,48.0
1711466760000.0,1292371,1711466760000.0,0.13130000000000114,-0.0031465200000000003,2669.447784579984,2669.750184579984,-1.3,12.102,2.7,12.001,long_nclose,32.4027,0.012138353178201725,3.0
1711467120000.0,1292377,1711467120000.0,0.09090000000000079,-0.0021783600000000003,2669.536506219984,2669.720106219984,-0.9,12.102,1.8,12.001,long_nclose,21.6018,0.008091966507919296,6.0
1711467360000.0,1292381,1711467360000.0,0.060600000000000515,-0.00145224,2669.5956539799836,2669.732453979984,-0.6,12.102,1.2,12.001,long_nclose,14.4012,0.00539452481447139,4.0
1711469760000.0,1292421,1711469760000.0,0.04040000000000035,-0.0009681600000000001,2669.6350858199835,2669.7254858199835,-0.4,12.102,0.8,12.001,long_nclose,9.6008,0.003596296756435195,40.0
1711470780000.0,1292438,1711470780000.0,0.020200000000000176,-0.00048408000000000007,2669.654801739983,2669.705801739983,-0.2,12.102,0.6,12.001,long_nclose,7.2006,0.002697202647813085,17.0
1711471320000.0,1292447,1711471320000.0,0.0,-0.019898420000000003,2669.634903319983,2669.4396033199832,8.3,11.987,8.9,11.98794382022472,long_ientry_partial,106.69270000000002,0.03996527759931366,9.0
1711474020000.0,1292492,1711474020000.0,0.293062921348314,-0.007011620000000001,2669.9209546213315,2670.5092916999834,-2.9,12.089,6.0,11.98794382022472,long_nclose,71.92766292134831,0.02693999715491564,45.0
1711474080000.0,1292493,1711474080000.0,0.2021123595505614,-0.004835600000000001,2670.1182313808818,2670.4864560999827,-2.0,12.089,4.0,11.98794382022472,long_nclose,47.95177528089888,0.017958671161950785,1.0
1711474140000.0,1292494,1711474140000.0,0.1313730337078649,-0.0031431400000000004,2670.24646127459,2670.527412959983,-1.3,12.089,2.7,11.98794382022472,long_nclose,32.36744831460675,0.012121520909780283,1.0
1711474260000.0,1292496,1711474260000.0,0.09095056179775263,-0.0021760200000000003,2670.3352358163875,2670.556736939983,-0.9,12.089,1.8,11.98794382022472,long_nclose,21.578298876404496,0.008080745288824187,2.0
1711474560000.0,1292501,1711474560000.0,0.06063370786516842,-0.00145068,2670.394418844253,2670.524086259983,-0.6,12.089,1.2,11.98794382022472,long_nclose,14.385532584269663,0.005387044132040886,5.0
1711474920000.0,1292507,1711474920000.0,0.04042247191011228,-0.0009671200000000001,2670.433874196163,2670.517119139983,-0.4,12.089,0.8,11.98794382022472,long_nclose,9.590355056179776,0.003591309692724222,6.0
1711480260000.0,1292596,1711480260000.0,0.02021123595505614,-0.00048356000000000007,2670.4536018721183,2670.5430355799836,-0.2,12.089,0.6,11.98794382022472,long_nclose,7.192766292134832,0.002693462371745516,89.0
1711499640000.0,1292919,1711499640000.0,0.10021685393258384,-0.00073932,2670.553079406051,2670.6529962599834,-0.3,12.322,0.3,11.98794382022472,long_nclose,3.596383146067416,0.0013466810204226594,323.0
1711499820000.0,1292922,1711499820000.0,0.033405617977527946,-0.00024644,2670.5862385840287,2670.6528498199837,-0.1,12.322,0.2,11.98794382022472,long_nclose,2.397588764044944,0.0008977761996243077,3.0
1711499880000.0,1292923,1711499880000.0,0.033405617977527946,-0.00024644,2670.6193977620064,2670.6524033799838,-0.1,12.322,0.1,11.98794382022472,long_nclose,1.198794382022472,0.0004488825262884963,1.0
1711499940000.0,1292924,1711499940000.0,0.033405617977527946,-0.00024644,2670.652556939984,2670.652556939984,-0.1,12.322,0.0,11.98794382022472,long_nclose,0.0,0.0,1.0
1711524900000.0,1293340,1711524900000.0,0.0,-0.0213956,2670.6311613399844,2670.5688613399843,8.9,12.02,8.9,12.02,long_ientry_normal,106.978,0.040057197545139096,416.0
1711535700000.0,1293520,1711535700000.0,0.2958000000000009,-0.00703076,2670.9199305799843,2671.5379305799843,-2.9,12.122,6.0,12.02,long_nclose,72.12,0.027001932620398437,180.0
1711535820000.0,1293522,1711535820000.0,0.20400000000000063,-0.0048488,2671.1190817799843,2671.5390817799844,-2.0,12.122,4.0,12.02,long_nclose,48.08,0.01799994628766621,2.0
1711536840000.0,1293539,1711536840000.0,0.1326000000000004,-0.00315172,2671.248530059984,2671.513130059984,-1.3,12.122,2.7,12.02,long_nclose,32.454,0.012149374958859118,17.0
1711536900000.0,1293540,1711536900000.0,0.09180000000000028,-0.00218196,2671.338148099984,2671.527148099984,-0.9,12.122,1.8,12.02,long_nclose,21.636,0.0080993115811223,1.0
1711537080000.0,1293543,1711537080000.0,0.061200000000000185,-0.0014546399999999999,2671.3978934599845,2671.5190934599846,-0.6,12.122,1.2,12.02,long_nclose,14.424,0.005399420294263274,3.0
1711537140000.0,1293544,1711537140000.0,0.04080000000000013,-0.0009697600000000002,2671.437723699985,2671.5217236999847,-0.4,12.122,0.8,12.02,long_nclose,9.616,0.0035995598604790543,1.0
1711537260000.0,1293546,1711537260000.0,0.020400000000000064,-0.0004848800000000001,2671.457638819985,2671.5176388199848,-0.2,12.122,0.6,12.02,long_nclose,7.212,0.0026996497699232195,2.0
1711537740000.0,1293554,1711537740000.0,0.020400000000000064,-0.0004848800000000001,2671.477553939985,2671.517153939985,-0.2,12.122,0.4,12.02,long_nclose,4.808,0.0017997530965248051,8.0
1711537860000.0,1293556,1711537860000.0,0.010200000000000032,-0.00024244000000000004,2671.487511499985,2671.520811499985,-0.1,12.122,0.3,12.02,long_nclose,3.606,0.001349809791165861,2.0
1711538340000.0,1293564,1711538340000.0,0.010200000000000032,-0.00024244000000000004,2671.497469059985,2671.519469059985,-0.1,12.122,0.2,12.02,long_nclose,2.404,0.0008998698399837492,8.0
1711538820000.0,1293572,1711538820000.0,0.010200000000000032,-0.00024244000000000004,2671.5074266199854,2671.517226619985,-0.1,12.122,0.1,12.02,long_nclose,1.202,0.0004499332429409642,8.0
1711538880000.0,1293573,1711538880000.0,0.010200000000000032,-0.00024244000000000004,2671.5173841799856,2671.5173841799856,-0.1,12.122,0.0,12.02,long_nclose,0.0,0.0,1.0
1711627860000.0,1295056,1711627860000.0,0.0,-0.02135676,2671.4960274199857,2671.4438274199856,8.7,12.274,8.7,12.274,long_ientry_normal,106.78379999999999,0.039971536137048694,1483.0
1711636740000.0,1295204,1711636740000.0,0.3016000000000028,-0.007179240000000001,2671.7904481799856,2672.3414481799855,-2.9,12.378,5.8,12.274,long_nclose,71.1892,0.026644754287707646,148.0
1711637460000.0,1295216,1711637460000.0,0.19760000000000186,-0.00470364,2671.9833445399854,2672.3577445399856,-1.9,12.378,3.9,12.274,long_nclose,47.868599999999994,0.017915006879745787,12.0
1711637580000.0,1295218,1711637580000.0,0.1352000000000013,-0.00321828,2672.1153262599855,2672.3415262599856,-1.3,12.378,2.6,12.274,long_nclose,31.912399999999998,0.011942748011803086,2.0
1711637760000.0,1295221,1711637760000.0,0.08320000000000079,-0.00198048,2672.1965457799856,2672.3909457799855,-0.8,12.378,1.8,12.274,long_nclose,22.0932,0.008267805014152217,3.0
1711637880000.0,1295223,1711637880000.0,0.06240000000000059,-0.00148536,2672.2574604199854,2672.3906604199856,-0.6,12.378,1.2,12.274,long_nclose,14.728799999999998,0.0055117443652623,2.0
1711638120000.0,1295227,1711638120000.0,0.041600000000000394,-0.00099024,2672.298070179985,2672.376470179985,-0.4,12.378,0.8,12.274,long_nclose,9.8192,0.003674440403775263,4.0
1711638180000.0,1295228,1711638180000.0,0.020800000000000197,-0.00049512,2672.318375059985,2672.383175059985,-0.2,12.378,0.6,12.274,long_nclose,7.364399999999999,0.0027558093634089133,1.0
1711640580000.0,1295268,1711640580000.0,0.020800000000000197,-0.00049512,2672.338679939985,2672.381479939985,-0.2,12.378,0.4,12.274,long_nclose,4.9096,0.0018371922828697219,40.0
1711640700000.0,1295270,1711640700000.0,0.010400000000000098,-0.00024756,2672.348832379985,2672.3803323799852,-0.1,12.378,0.3,12.274,long_nclose,3.6821999999999995,0.0013778889774358702,2.0
1711712940000.0,1296474,1711712940000.0,0.010400000000000098,-0.00024756,2672.3589848199854,2672.3789848199854,-0.1,12.378,0.2,12.274,long_nclose,2.4548,0.0009185891618394823,1204.0
1711713120000.0,1296477,1711713120000.0,0.010400000000000098,-0.00024756,2672.3691372599856,2672.3797372599856,-0.1,12.378,0.1,12.274,long_nclose,1.2274,0.0004592928360407833,3.0
1711713240000.0,1296479,1711713240000.0,0.010400000000000098,-0.00024756,2672.3792896999857,2672.3792896999857,-0.1,12.378,0.0,12.274,long_nclose,0.0,0.0,2.0
1711950420000.0,1300432,1711950420000.0,0.0,-0.02127312,2672.358016579986,2672.111616579986,8.8,12.087,8.8,12.087,long_ientry_normal,106.3656,0.03980215200960383,3953.0
1711950480000.0,1300433,1711950480000.0,0.0,-0.02144688,2672.336569699986,2670.225069699986,9.1,11.784,17.9,11.932960893854752,long_rentry,213.60000000000002,0.07993005163416979,1.0
1711983180000.0,1300978,1711983180000.0,0.0,-0.021492300000000002,2672.315077399986,2665.331977399986,9.3,11.555,27.2,11.803731617647061,long_rentry,321.0615000000001,0.12014357989267309,545.0
1712025300000.0,1301680,1712025300000.0,0.0,-0.03019898,2672.284878419986,2659.538978419986,13.3,11.353,40.5,11.655713580246914,long_rentry,472.0564,0.1766489807325886,702.0
1712025540000.0,1301684,1712025540000.0,0.0,-0.04418994,2672.240688479986,2652.513388479986,19.9,11.103,60.4,11.473610927152318,long_rentry,693.0061000000001,0.25933520995602877,4.0
1712104500000.0,1303000,1712104500000.0,0.0,-0.063788,2672.176900479986,2633.2208004799863,29.6,10.775,90.0,11.243845555555556,long_rentry,1011.9461,0.3786972710594985,1316.0
1712566800000.0,1310705,1712566800000.0,2.854633333333343,-0.06803400000000001,2674.9634998133197,2680.1927664799864,-30.0,11.339,60.0,11.243845555555556,long_nclose,674.6307333333333,0.2522018462608609,7705.0
1712566860000.0,1310706,1712566860000.0,1.9030888888888953,-0.045356,2676.8212327022084,2681.027410479986,-20.0,11.339,40.0,11.243845555555556,long_nclose,449.7538222222222,0.1680178775958837,1.0
1712567400000.0,1310715,1712567400000.0,1.2655541111111155,-0.030161740000000006,2678.0566250733195,2680.2768487399862,-13.3,11.339,26.7,11.243845555555556,long_nclose,300.2106763333333,0.11210019740531595,9.0
1712567520000.0,1310717,1712567520000.0,0.8468745555555585,-0.02018342,2678.883316208875,2680.701665319986,-8.9,11.339,17.8,11.243845555555556,long_nclose,200.1404508888889,0.07471040253150159,2.0
1712567700000.0,1310720,1712567700000.0,0.5614112222222242,-0.013380020000000003,2679.4313474110972,2680.480385299986,-5.9,11.339,11.9,11.243845555555556,long_nclose,133.80176211111112,0.0499366263817105,3.0
1712567940000.0,1310724,1712567940000.0,0.3711023333333346,-0.00884442,2679.7936053244307,2680.7068408799864,-3.9,11.339,8.0,11.243845555555556,long_nclose,89.95076444444445,0.033566303115927655,4.0
1712568420000.0,1310732,1712568420000.0,0.2474015555555564,-0.00589628,2680.035110599986,2680.597544599986,-2.6,11.339,5.4,11.243845555555556,long_nclose,60.71676600000001,0.02265521289622478,8.0
1712568600000.0,1310735,1712568600000.0,0.17127800000000057,-0.00408204,2680.202306559986,2680.573662559986,-1.8,11.339,3.6,11.243845555555556,long_nclose,40.477844000000005,0.01510253308152433,3.0
1712568720000.0,1310737,1712568720000.0,0.11418533333333371,-0.00272136,2680.3137705333193,2680.537341199986,-1.2,11.339,2.4,11.243845555555556,long_nclose,26.985229333333333,0.010067936683384612,2.0
1712568780000.0,1310738,1712568780000.0,0.07612355555555582,-0.0018142400000000004,2680.388079848875,2680.540326959986,-0.8,11.339,1.6,11.243845555555556,long_nclose,17.99015288888889,0.00671177171102149,1.0
1712568840000.0,1310739,1712568840000.0,0.04757722222222238,-0.0011339000000000002,2680.434523171097,2680.551293059986,-0.5,11.339,1.1,11.243845555555556,long_nclose,12.368230111111112,0.004614263099580898,1.0
1712569740000.0,1310754,1712569740000.0,0.028546333333333427,-0.00068034,2680.4623891644305,2680.5377127199863,-0.3,11.339,0.8,11.243845555555556,long_nclose,8.995076444444445,0.0033557928217185107,15.0
1712569800000.0,1310755,1712569800000.0,0.019030888888888955,-0.0004535600000000001,2680.480966493319,2680.5434591599856,-0.2,11.339,0.6,11.243845555555556,long_nclose,6.746307333333333,0.00251682717305732,1.0
1712577180000.0,1310878,1712577180000.0,0.019030888888888955,-0.0004535600000000001,2680.4995438222077,2680.5372055999856,-0.2,11.339,0.4,11.243845555555556,long_nclose,4.497538222222222,0.0016778731533783598,123.0
1712577240000.0,1310879,1712577240000.0,0.009515444444444477,-0.00022678000000000005,2680.508832486652,2680.5406788199853,-0.1,11.339,0.3,11.243845555555556,long_nclose,3.3731536666666666,0.001258400504331658,1.0
1712577420000.0,1310882,1712577420000.0,0.009515444444444477,-0.00022678000000000005,2680.5181211510962,2680.538152039985,-0.1,11.339,0.2,11.243845555555556,long_nclose,2.248769111111111,0.0008389307624398454,3.0
1712581620000.0,1310952,1712581620000.0,0.009515444444444477,-0.00022678000000000005,2680.5274098155405,2680.5373252599848,-0.1,11.339,0.1,11.243845555555556,long_nclose,1.1243845555555556,0.00041946392767269996,70.0
1712582160000.0,1310961,1712582160000.0,0.009515444444444477,-0.00022678000000000005,2680.536698479985,2680.536698479985,-0.1,11.339,0.0,11.243845555555556,long_nclose,0.0,0.0,9.0
1712648760000.0,1312071,1712648760000.0,0.0,-0.021361339999999996,2680.5153371399847,2680.6996371399846,9.7,11.011,9.7,11.011,long_ientry_normal,106.80669999999998,0.03984558436213201,1110.0
1712654040000.0,1312159,1712654040000.0,0.2975999999999999,-0.0071065600000000005,2680.8058305799846,2681.3843305799846,-3.2,11.104,6.5,11.011,long_nclose,71.5715,0.02669775601932189,88.0
1712659860000.0,1312256,1712659860000.0,0.19529999999999995,-0.00466368,2680.9964668999846,2681.4012668999844,-2.1,11.104,4.4,11.011,long_nclose,48.4484,0.018071042091308873,97.0
1712660280000.0,1312263,1712660280000.0,0.13019999999999995,-0.00310912,2681.123557779985,2681.402557779985,-1.4,11.104,3.0,11.011,long_nclose,33.033,0.012320581013189813,7.0
1712660400000.0,1312265,1712660400000.0,0.09299999999999997,-0.0022207999999999998,2681.2143369799846,2681.4023369799847,-1.0,11.104,2.0,11.011,long_nclose,22.022,0.008213442579456262,2.0
1712661600000.0,1312285,1712661600000.0,0.05579999999999998,-0.0013324799999999998,2681.2688044999845,2681.4018044999843,-0.6,11.104,1.4,11.011,long_nclose,15.415399999999998,0.005749293011625045,20.0
1712661720000.0,1312287,1712661720000.0,0.03719999999999999,-0.0008883200000000001,2681.305116179985,2681.402116179985,-0.4,11.104,1.0,11.011,long_nclose,11.011,0.00410658225114164,2.0
1712663880000.0,1312323,1712663880000.0,0.02789999999999999,-0.0006662399999999999,2681.332349939985,2681.403049939985,-0.3,11.104,0.7,11.011,long_nclose,7.707699999999999,0.0028745783789810753,36.0
1712664600000.0,1312335,1712664600000.0,0.018599999999999995,-0.00044416000000000003,2681.350505779985,2681.3945057799847,-0.2,11.104,0.5,11.011,long_nclose,5.5055,0.0020532563676894195,12.0
1712664720000.0,1312337,1712664720000.0,0.009299999999999998,-0.00022208000000000002,2681.359583699985,2681.3943836999847,-0.1,11.104,0.4,11.011,long_nclose,4.4044,0.0016425995330034797,2.0
1712666340000.0,1312364,1712666340000.0,0.009299999999999998,-0.00022208000000000002,2681.368661619985,2681.3962616199847,-0.1,11.104,0.3,11.011,long_nclose,3.3032999999999997,0.001231945478919809,27.0
1712666400000.0,1312365,1712666400000.0,0.009299999999999998,-0.00022208000000000002,2681.3777395399848,2681.396939539985,-0.1,11.104,0.2,11.011,long_nclose,2.2022,0.0008212942054101664,1.0
1712666760000.0,1312371,1712666760000.0,0.009299999999999998,-0.00022208000000000002,2681.3868174599847,2681.3955174599846,-0.1,11.104,0.1,11.011,long_nclose,1.1011,0.0004106457124463103,6.0
1712666880000.0,1312373,1712666880000.0,0.009299999999999998,-0.00022208000000000002,2681.3958953799847,2681.3958953799847,-0.1,11.104,0.0,11.011,long_nclose,0.0,0.0,2.0
1712673240000.0,1312479,1712673240000.0,0.0,-0.021365960000000003,2681.374529419985,2681.639129419985,9.8,10.901,9.8,10.901,long_ientry_normal,106.8298,0.0398414316343598,106.0
1712693760000.0,1312821,1712693760000.0,0.2944000000000017,-0.007035520000000002,2681.661893899985,2682.262493899985,-3.2,10.993,6.6,10.901,long_nclose,71.94659999999999,0.026829109278711818,342.0
1712693820000.0,1312822,1712693820000.0,0.20240000000000116,-0.004836920000000001,2681.859456979985,2682.2774569799853,-2.2,10.993,4.4,10.901,long_nclose,47.964400000000005,0.01788475524888699,1.0
1712717100000.0,1313210,1712717100000.0,0.0,-0.01196944,2681.847487539985,2680.885887539985,5.6,10.687,10.0,10.78116,long_ientry_partial,107.8116,0.04020049629999423,388.0
1712752620000.0,1313802,1712752620000.0,0.0,-0.0214404,2681.8260471399853,2678.3670471399855,10.2,10.51,20.2,10.644237623762375,long_rentry,215.01359999999997,0.08017432757404222,592.0
1712766840000.0,1314039,1712766840000.0,0.6014079207920843,-0.01438356,2682.4130715007773,2683.6788635799853,-6.7,10.734,13.5,10.644237623762375,long_nclose,143.69720792079207,0.0535701266324337,237.0
1712773080000.0,1314143,1712773080000.0,0.4039306930693103,-0.0096606,2682.8073415938466,2683.5162029799853,-4.5,10.734,9.0,10.644237623762375,long_nclose,95.79813861386138,0.03570816924816824,104.0
1712774820000.0,1314172,1712774820000.0,0.2692871287128735,-0.0064404,2683.0701883225593,2683.650762579985,-3.0,10.734,6.0,10.644237623762375,long_nclose,63.86542574257425,0.023803114067061572,29.0
1712775000000.0,1314175,1712775000000.0,0.17952475247524902,-0.0042936,2683.2454194750344,2683.6204689799847,-2.0,10.734,4.0,10.644237623762375,long_nclose,42.5769504950495,0.015867706392425147,3.0
1712776500000.0,1314200,1712776500000.0,0.11669108910891186,-0.00279084,2683.359319724143,2683.6232781399844,-1.3,10.734,2.7,10.644237623762375,long_nclose,28.739441584158417,0.010710247178940207,25.0
1712776740000.0,1314204,1712776740000.0,0.08078613861386207,-0.0019321200000000003,2683.4381737427566,2683.599746019984,-0.9,10.734,1.8,10.644237623762375,long_nclose,19.159627722772278,0.007139954969057165,4.0
1712776800000.0,1314205,1712776800000.0,0.053857425742574704,-0.00128808,2683.490743088499,2683.6032579399844,-0.6,10.734,1.2,10.644237623762375,long_nclose,12.77308514851485,0.004759876731981559,1.0
1712777040000.0,1314209,1712777040000.0,0.035904950495049805,-0.0008587200000000001,2683.525789318994,2683.601599219984,-0.4,10.734,0.8,10.644237623762375,long_nclose,8.5153900990099,0.0031732097127230795,4.0
1712777640000.0,1314219,1712777640000.0,0.017952475247524902,-0.00042936000000000005,2683.5433124342417,2683.598969859984,-0.2,10.734,0.6,10.644237623762375,long_nclose,6.386542574257425,0.00237989174412251,10.0
1712784420000.0,1314332,1712784420000.0,0.017952475247524902,-0.00042936000000000005,2683.560835549489,2683.596740499984,-0.2,10.734,0.4,10.644237623762375,long_nclose,4.25769504950495,0.0015865841359371082,113.0
1712784660000.0,1314336,1712784660000.0,0.008976237623762451,-0.00021468000000000002,2683.5695971071127,2683.598025819984,-0.1,10.734,0.3,10.644237623762375,long_nclose,3.1932712871287126,0.001189934216936672,4.0
1712784900000.0,1314340,1712784900000.0,0.008976237623762451,-0.00021468000000000002,2683.5783586647362,2683.5965111399837,-0.1,10.734,0.2,10.644237623762375,long_nclose,2.128847524752475,0.0007932868879639209,4.0
1712824440000.0,1314999,1712824440000.0,0.029676237623762525,-0.00021882000000000002,2683.60781608236,2683.6369923199836,-0.1,10.941,0.1,10.644237623762375,long_nclose,1.0644237623762376,0.0003966390901074833,659.0
1712824500000.0,1315000,1712824500000.0,0.029676237623762525,-0.00021882000000000002,2683.6372734999836,2683.6372734999836,-0.1,10.941,0.0,10.644237623762375,long_nclose,0.0,0.0,1.0
1712838540000.0,1315234,1712838540000.0,0.0,-0.021490779999999998,2683.6157827199836,2683.7672827199835,10.1,10.639,10.1,10.639,long_ientry_normal,107.45389999999999,0.04004071696548524,234.0
1712838660000.0,1315236,1712838660000.0,0.29699999999999954,-0.00708114,2683.9057015799835,2684.5109015799835,-3.3,10.729,6.8,10.639,long_nclose,72.34519999999999,0.026955194423340295,2.0
1712838720000.0,1315237,1712838720000.0,0.1979999999999997,-0.00472076,2684.0989808199834,2684.5911808199835,-2.2,10.729,4.6,10.639,long_nclose,48.93939999999999,0.01823308318721136,1.0
1712843820000.0,1315322,1712843820000.0,0.1349999999999998,-0.0032187,2684.2307621199834,2684.4818621199834,-1.5,10.729,3.1,10.639,long_nclose,32.9809,0.012286909331875756,85.0
1712845800000.0,1315355,1712845800000.0,0.0,-0.0148344,2684.2159277199835,2684.2240277199835,7.0,10.596,10.1,10.60919801980198,long_ientry_partial,107.15289999999999,0.03991962751335635,33.0
1712846700000.0,1315370,1712846700000.0,0.29634653465346633,-0.00706134,2684.505212914637,2685.1022663799836,-3.3,10.699,6.8,10.60919801980198,long_nclose,72.14254653465346,0.026873684650560403,15.0
1712846760000.0,1315371,1712846760000.0,0.19756435643564424,-0.00470756,2684.6980697110725,2685.1663588199835,-2.2,10.699,4.6,10.60919801980198,long_nclose,48.8023108910891,0.01817795134643994,1.0
1712847060000.0,1315376,1712847060000.0,0.13470297029703016,-0.0032097000000000002,2684.8295629813697,2685.0924491199835,-1.5,10.699,3.1,10.60919801980198,long_nclose,32.88851386138614,0.01224975853769469,5.0
1712847120000.0,1315377,1712847120000.0,0.0898019801980201,-0.0021398,2684.917225161568,2685.1310093199836,-1.0,10.699,2.1,10.60919801980198,long_nclose,22.279315841584157,0.008297952589671913,1.0
1712847240000.0,1315379,1712847240000.0,0.06286138613861407,-0.00149786,2684.978588687706,2685.1127114599835,-0.7,10.699,1.4,10.60919801980198,long_nclose,14.85287722772277,0.005531841963396129,2.0
1712847420000.0,1315382,1712847420000.0,0.03592079207920804,-0.0008559200000000001,2685.0136535597853,2685.100455539983,-0.4,10.699,1.0,10.60919801980198,long_nclose,10.60919801980198,0.00395126408602665,3.0
1712847480000.0,1315383,1712847480000.0,0.02694059405940603,-0.00064194,2685.0399522138446,2685.101413599983,-0.3,10.699,0.7,10.60919801980198,long_nclose,7.426438613861385,0.002765857769728233,1.0
1712847840000.0,1315389,1712847840000.0,0.01796039603960402,-0.00042796000000000007,2685.0574846498844,2685.103885639983,-0.2,10.699,0.5,10.60919801980198,long_nclose,5.30459900990099,0.001975599792640074,6.0
1712848200000.0,1315395,1712848200000.0,0.00898019801980201,-0.00021398000000000003,2685.0662508679043,2685.1025716599834,-0.1,10.699,0.4,10.60919801980198,long_nclose,4.243679207920792,0.0015804746741534185,6.0
1712848500000.0,1315400,1712848500000.0,0.00898019801980201,-0.00021398000000000003,2685.075017085924,2685.1055576799836,-0.1,10.699,0.3,10.60919801980198,long_nclose,3.182759405940594,0.0011853521356713526,5.0
1712849040000.0,1315409,1712849040000.0,0.00898019801980201,-0.00021398000000000003,2685.083783303944,2685.1043436999835,-0.1,10.699,0.2,10.60919801980198,long_nclose,2.121839603960396,0.000790232177168607,9.0
1712849220000.0,1315412,1712849220000.0,0.00898019801980201,-0.00021398000000000003,2685.092549521964,2685.100729719984,-0.1,10.699,0.1,10.60919801980198,long_nclose,1.060919801980198,0.0003951147986199124,3.0
1712849940000.0,1315424,1712849940000.0,0.00898019801980201,-0.00021398000000000003,2685.101315739984,2685.101315739984,-0.1,10.699,0.0,10.60919801980198,long_nclose,0.0,0.0,12.0
1712929200000.0,1316745,1712929200000.0,0.0,-0.02146856,2685.079847179984,2684.948547179984,10.1,10.628,10.1,10.628,long_ientry_normal,107.3428,0.03997750760102617,1321.0
1712938740000.0,1316904,1712938740000.0,0.0,-0.02155088,2685.058296299984,2682.4230962999836,10.4,10.361,20.5,10.492546341463415,long_rentry,215.09720000000002,0.08010894970005099,159.0
1712942820000.0,1316972,1712942820000.0,0.0,-0.0215392,2685.036757099984,2676.9755570999837,10.6,10.16,31.1,10.379202572347266,long_rentry,322.79319999999996,0.12021928532130705,68.0
1712942880000.0,1316973,1712942880000.0,0.0,-0.03034528,2685.006411819984,2666.727011819984,15.2,9.982,46.3,10.248803455723541,long_rentry,474.5195999999999,0.17672941036977086,1.0
1712942880000.0,1316973,1712942880000.0,0.0,-0.04432402,2684.9620877999837,2668.748387799984,22.7,9.763,69.0,10.088981159420289,long_rentry,696.1397,0.2592735678329097,0.0
1712946720000.0,1317037,1712946720000.0,0.0,-0.06404423999999999,2684.8980435599838,2606.587143559984,33.8,9.474,102.8,9.886779182879378,long_rentry,1016.3609,0.378547298076309,64.0
1712946720000.0,1317037,1712946720000.0,0.0,-0.09164736000000001,2684.8063961999837,2608.1586961999838,50.4,9.092,153.2,9.625311357702351,long_rentry,1474.5977,0.5492380016999041,0.0
1712946900000.0,1317040,1712946900000.0,0.0,-0.12893168,2684.677464519984,2513.505264519984,75.1,8.584,228.3,9.282768725361366,long_rentry,2119.2561,0.7893894622380345,3.0
1712957340000.0,1317214,1712957340000.0,5.953400000000063,-0.14247442000000002,2690.488390099984,2703.460590099984,-76.1,9.361,152.2,9.282768725361366,long_nclose,1412.8374,0.525123024205838,174.0
1712957520000.0,1317217,1712957520000.0,3.9663256241787552,-0.09492054000000003,2694.3597951841625,2702.300269559984,-50.7,9.361,101.5,9.282768725361366,long_nclose,942.2010256241787,0.34969384092957717,3.0
1712957700000.0,1317220,1712957700000.0,2.6442170827858362,-0.06328036,2696.9407319069483,2702.236989199984,-33.8,9.361,67.7,9.282768725361366,long_nclose,628.4434427069646,0.23302085777117015,3.0
1712957760000.0,1317221,1712957760000.0,1.76020367936927,-0.0421245,2698.658811086317,2701.9688646999834,-22.5,9.361,45.2,9.282768725361366,long_nclose,419.5811463863338,0.15547765603516056,1.0
1712958060000.0,1317226,1712958060000.0,1.1734691195795133,-0.028083000000000004,2699.8041972058963,2702.3177816999832,-15.0,9.361,30.2,9.282768725361366,long_nclose,280.3396155059133,0.10383701743854043,5.0
1712961180000.0,1317278,1712961180000.0,0.7823127463863422,-0.018722000000000003,2700.5677879522827,2701.804659699983,-10.0,9.361,20.2,9.282768725361366,long_nclose,187.51192825229958,0.06943426085759592,52.0
1712964180000.0,1317328,1712964180000.0,0.5241495400788493,-0.012543740000000001,2701.0793937523613,2702.149015959983,-6.7,9.361,13.5,9.282768725361366,long_nclose,125.31737779237845,0.04639529592585819,50.0
1712968200000.0,1317395,1712968200000.0,0.352040735873854,-0.0084249,2701.423009588235,2702.1360910599824,-4.5,9.361,9.0,9.282768725361366,long_nclose,83.5449185282523,0.030926263022016183,67.0
1712968320000.0,1317397,1712968320000.0,0.0,-0.004858360000000001,2701.418151228235,2701.7282326999825,2.6,9.343,11.6,9.29626883864244,long_ientry_partial,107.8367185282523,0.03991855850943436,2.0
1712972940000.0,1317474,1712972940000.0,0.0,-0.021569940000000003,2701.3965812882348,2698.5496627599823,11.9,9.063,23.5,9.178145469287333,long_rentry,215.68641852825232,0.07984255996407472,77.0
1712983440000.0,1317649,1712983440000.0,0.6072653395588027,-0.01443936,2701.9894072677935,2703.2274233999824,-7.8,9.256,15.7,9.178145469287333,long_nclose,144.09688386781113,0.05332992182731001,175.0
1712983560000.0,1317651,1712983560000.0,0.4048435597058685,-0.009626240000000001,2702.3846245874993,2703.391097159982,-5.2,9.256,10.5,9.178145469287333,long_nclose,96.370527427517,0.035661292086513155,2.0
1712984280000.0,1317663,1712984280000.0,0.27249085749433455,-0.0064792,2702.6506362449936,2703.2376179599823,-3.5,9.256,7.0,9.178145469287333,long_nclose,64.24701828501134,0.023771854720473527,12.0
1712986500000.0,1317700,1712986500000.0,0.1790654206391341,-0.00425776,2702.8254439056327,2703.1255601999824,-2.3,9.256,4.7,9.178145469287333,long_nclose,43.13728370565047,0.015960070156553024,37.0
1712987160000.0,1317711,1712987160000.0,0.11678179606900052,-0.0027768000000000003,2702.939448901702,2703.1565833999825,-1.5,9.256,3.2,9.178145469287333,long_nclose,29.370065501719466,0.01086597241889882,11.0
1712988600000.0,1317735,1712988600000.0,0.07785453071266701,-0.0018512000000000001,2703.015452232414,2703.202132199982,-1.0,9.256,2.2,9.178145469287333,long_nclose,20.191920032432133,0.007470145986681531,24.0
1712988900000.0,1317740,1712988900000.0,0.054498171498866904,-0.00129584,2703.0686545639132,2703.168936359982,-0.7,9.256,1.5,9.178145469287333,long_nclose,13.767218203931,0.005093181107585323,5.0
1712989800000.0,1317755,1712989800000.0,0.03892726535633351,-0.0009256000000000001,2703.10665622927,2703.1935107599825,-0.5,9.256,1.0,9.178145469287333,long_nclose,9.178145469287333,0.0033954063366816957,15.0
1712990220000.0,1317762,1712990220000.0,0.023356359213800103,-0.0005553600000000001,2703.1294572284837,2703.1895553999825,-0.3,9.256,0.7,9.178145469287333,long_nclose,6.424701828501133,0.0023767643874105736,7.0
1712990880000.0,1317773,1712990880000.0,0.015570906142533404,-0.00037024000000000003,2703.144657894626,2703.1825851599824,-0.2,9.256,0.5,9.178145469287333,long_nclose,4.589072734643667,0.0016976793014909961,11.0
1712990940000.0,1317774,1712990940000.0,0.007785453071266702,-0.00018512000000000002,2703.1522582276975,2703.1838000399825,-0.1,9.256,0.4,9.178145469287333,long_nclose,3.6712581877149333,0.0013581396225612417,1.0
1712991240000.0,1317779,1712991240000.0,0.007785453071266702,-0.00018512000000000002,2703.159858560769,2703.1856149199825,-0.1,9.256,0.3,9.178145469287333,long_nclose,2.7534436407862,0.00101860185296337,5.0
1712998800000.0,1317905,1712998800000.0,0.0,-0.021016879999999998,2703.138841680769,2703.1387980399827,11.6,9.059,11.9,9.062003667292958,long_ientry_partial,107.8378436407862,0.039893564465868996,126.0
1713005340000.0,1318014,1713005340000.0,0.30028569755746287,-0.00712842,2703.431998958327,2704.055969619983,-3.9,9.139,8.0,9.062003667292958,long_nclose,72.49602933834366,0.02681629475654556,109.0
1713005760000.0,1318021,1713005760000.0,0.2001904650383086,-0.00475228,2703.627437143365,2704.043217339983,-2.6,9.139,5.4,9.062003667292958,long_nclose,48.93481980338198,0.018099690486602763,7.0
1713005820000.0,1318022,1713005820000.0,0.13859339887267516,-0.0032900399999999997,2703.7627405022376,2704.047127299983,-1.8,9.139,3.6,9.062003667292958,long_nclose,32.62321320225465,0.01206585648716896,1.0
1713006000000.0,1318025,1713006000000.0,0.0923955992484501,-0.00219336,2703.852942741486,2704.037733939983,-1.2,9.139,2.4,9.062003667292958,long_nclose,21.7488088015031,0.00804363597505846,3.0
1713006060000.0,1318026,1713006060000.0,0.06159706616563341,-0.00146224,2703.9130775676517,2704.045871699983,-0.8,9.139,1.6,9.062003667292958,long_nclose,14.499205867668733,0.005362304723460906,1.0
1713007800000.0,1318055,1713007800000.0,0.03849816635352088,-0.0009138999999999999,2703.9506618340056,2704.054057799983,-0.5,9.139,1.1,9.062003667292958,long_nclose,9.968204034022254,0.003686533254738136,29.0
1713018720000.0,1318237,1713018720000.0,0.0,-0.019679000000000002,2703.9309828340056,2703.838578799983,11.0,8.945,12.1,8.955636697026634,long_ientry_partial,108.36320403402226,0.04007617232909035,182.0
1713022140000.0,1318294,1713022140000.0,0.30145321189346674,-0.007224800000000001,2704.225211245899,2704.9004539999833,-4.0,9.031,8.1,8.955636697026634,long_nclose,72.54065724591572,0.02682493194140978,57.0
1713022320000.0,1318297,1713022320000.0,0.20348091802809007,-0.004876740000000001,2704.4238154239274,2704.8415772599838,-2.7,9.031,5.4,8.955636697026634,long_nclose,48.360438163943826,0.017881974669847804,3.0
1713023940000.0,1318324,1713023940000.0,0.0,-0.01209992,2704.4117155039276,2704.0950773399836,6.8,8.897,12.2,8.922953947864249,long_ientry_partial,108.86003816394383,0.040252760901702926,27.0
1713027120000.0,1318377,1713027120000.0,0.0,-0.021571040000000003,2704.3901444639278,2701.9163062999837,12.4,8.698,24.6,8.809562526989588,long_rentry,216.71523816394387,0.0801346058029293,53.0
1713028560000.0,1318401,1713028560000.0,0.0,-0.0216662,2704.368478263928,2699.505440099984,12.7,8.53,37.3,8.714376358282678,long_rentry,325.0462381639439,0.12019302871500989,24.0
1713029820000.0,1318422,1713029820000.0,0.0,-0.030674460000000008,2704.337803803928,2693.2928656399845,18.3,8.381,55.6,8.604649966977409,long_rentry,478.41853816394394,0.17690783210995284,21.0
1713034860000.0,1318506,1713034860000.0,1.3384756109179339,-0.0321049,2705.6441745148463,2707.5492607399847,-18.5,8.677,37.1,8.604649966977409,long_nclose,319.23251377486184,0.1179876189122703,84.0
1713037980000.0,1318558,1713037980000.0,0.0,-0.03013556,2705.6140389548464,2691.0439251799844,18.2,8.279,55.3,8.497474028478514,long_rentry,469.91031377486183,0.1736797292626349,52.0
1713038040000.0,1318559,1713038040000.0,0.0,-0.04389116000000001,2705.5701477948464,2682.9024340199844,27.1,8.098,82.4,8.366093613772595,long_rentry,689.3661137748619,0.25479513600367165,1.0
1713038160000.0,1318561,1713038160000.0,0.0,-0.06353304000000001,2705.5066147548464,2662.8237009799846,40.4,7.863,122.8,8.20058073106565,long_rentry,1007.0313137748617,0.37221543214231306,2.0
1713038820000.0,1318572,1713038820000.0,0.0,-0.090902,2705.4157127548465,2634.3083989799848,60.2,7.55,183.0,7.986564556146785,long_rentry,1461.5413137748617,0.5402279978209399,11.0
1713038940000.0,1318574,1713038940000.0,0.0,-0.12798396,2705.2877287948463,2575.447615019985,89.7,7.134,272.7,7.70612802997749,long_rentry,2101.4611137748616,0.7767976364979936,2.0
1713046320000.0,1318697,1713046320000.0,5.896862075046118,-0.14127678000000002,2711.043314089892,2714.2924382399847,-90.9,7.771,181.8,7.70612802997749,long_nclose,1400.9740758499079,0.5167656557048482,123.0
1713046560000.0,1318701,1713046560000.0,3.9312413833640787,-0.09418452000000001,2714.8803709532563,2724.3184537199845,-60.6,7.771,121.2,7.70612802997749,long_nclose,933.9827172332718,0.3440235257604847,4.0
1713047040000.0,1318709,1713047040000.0,13.021241383364101,-0.09600252000000001,2727.8056098166203,2740.8268511999845,-60.6,7.921,60.6,7.70612802997749,long_nclose,466.9913586166359,0.17119671465446906,8.0
1713047100000.0,1318710,1713047100000.0,6.510620691682051,-0.048001260000000004,2734.2682292483023,2740.4152499399843,-30.3,7.921,30.3,7.70612802997749,long_nclose,233.49567930831796,0.08539604008510532,1.0
1713047160000.0,1318711,1713047160000.0,3.2445667473398996,-0.023921420000000002,2737.488874575642,2741.119728519984,-15.1,7.921,15.2,7.70612802997749,long_nclose,117.13314605565785,0.04278853775207233,1.0
1713047280000.0,1318713,1713047280000.0,1.6330269721710753,-0.012039919999999999,2739.109861627813,2740.8568885999844,-7.6,7.921,7.6,7.70612802997749,long_nclose,58.56657302782892,0.021381607889587772,2.0
1713047340000.0,1318714,1713047340000.0,0.0,-0.009840640000000001,2739.100020987813,2741.233447959984,6.2,7.936,13.8,7.809403842596298,long_ientry_partial,107.76977302782892,0.0393449571764683,1.0
1713047580000.0,1318718,1713047580000.0,1.5014134860855375,-0.01107726,2740.590357213898,2742.098670699984,-6.9,8.027,6.9,7.809403842596298,long_nclose,53.88488651391446,0.019661780671480646,4.0
1713047640000.0,1318719,1713047640000.0,0.0,-0.0108596,2740.579497613898,2741.791111099984,6.8,7.985,13.7,7.896561059409815,long_ientry_partial,108.18288651391445,0.039474456627915565,1.0
1713049560000.0,1318751,1713049560000.0,1.4989847960132638,-0.011039120000000001,2742.0674432899114,2743.3952719799836,-6.8,8.117,6.9,7.896561059409815,long_nclose,54.48627130992772,0.019870507358694108,32.0
1713051300000.0,1318780,1713051300000.0,0.7494923980066319,-0.005519560000000001,2742.811416127918,2743.600452419984,-3.4,8.117,3.5,7.896561059409815,long_nclose,27.637963707934354,0.01007650892271384,29.0
1713051420000.0,1318782,1713051420000.0,0.37474619900331596,-0.0027597800000000003,2743.1834025469216,2743.572992639984,-1.7,8.117,1.8,7.896561059409815,long_nclose,14.213809906937668,0.005181501861574691,2.0
1713051480000.0,1318783,1713051480000.0,0.1983950465311673,-0.0014610600000000001,2743.3803365334525,2743.5877315799835,-0.9,8.117,0.9,7.896561059409815,long_nclose,7.106904953468834,0.0025905649533265775,1.0
1713051600000.0,1318785,1713051600000.0,0.08817557623607436,-0.0006493600000000001,2743.4678627496887,2743.581582219984,-0.4,8.117,0.5,7.896561059409815,long_nclose,3.9482805297049075,0.0014391568362487302,2.0
1713051960000.0,1318791,1713051960000.0,0.04408778811803718,-0.00032468000000000004,2743.5116258578064,2743.5708575399835,-0.2,8.117,0.3,7.896561059409815,long_nclose,2.3689683178229446,0.0008634803277286079,6.0
1713052020000.0,1318792,1713052020000.0,0.02204389405901859,-0.00016234000000000002,2743.5335074118657,2743.5775951999835,-0.1,8.117,0.2,7.896561059409815,long_nclose,1.5793122118819631,0.000575648960588719,1.0
1713052080000.0,1318793,1713052080000.0,0.02204389405901859,-0.00016234000000000002,2743.555388965925,2743.577332859984,-0.1,8.117,0.1,7.896561059409815,long_nclose,0.7896561059409816,0.00028782218471580095,1.0
1713052140000.0,1318794,1713052140000.0,0.02204389405901859,-0.00016234000000000002,2743.5772705199843,2743.5772705199843,-0.1,8.117,0.0,7.896561059409815,long_nclose,0.0,0.0,1.0
1713053940000.0,1318824,1713053940000.0,0.0,-0.021969600000000002,2743.5553009199843,2743.5553009199843,13.8,7.96,13.8,7.96,long_ientry_normal,109.848,0.040038558713638886,30.0
1713058320000.0,1318897,1713058320000.0,0.3081999999999967,-0.007384839999999998,2743.856116079984,2744.5093160799843,-4.6,8.027,9.2,7.96,long_nclose,73.232,0.02668944613051469,73.0
1713058800000.0,1318905,1713058800000.0,0.20099999999999785,-0.0048162,2744.0522998799843,2744.2878998799843,-3.0,8.027,6.2,7.96,long_nclose,49.352000000000004,0.01798507994988233,8.0
1713059700000.0,1318920,1713059700000.0,0.13399999999999856,-0.0032107999999999998,2744.1830890799843,2744.527489079984,-2.0,8.027,4.2,7.96,long_nclose,33.432,0.012182860587195159,15.0
1713060180000.0,1318928,1713060180000.0,0.093799999999999,-0.0022475599999999996,2744.2746415199845,2744.4566415199843,-1.4,8.027,2.8,7.96,long_nclose,22.288,0.008121636101135723,8.0
1713061800000.0,1318955,1713061800000.0,0.0,-0.017526899999999998,2744.2571146199843,2743.9500146199844,11.1,7.895,13.9,7.908093525179854,long_ientry_partial,109.92249999999997,0.04005546689280304,27.0
1713065040000.0,1319009,1713065040000.0,0.30776978417266854,-0.007337,2744.557547404157,2744.9658776199844,-4.6,7.975,9.3,7.908093525179854,long_nclose,73.54526978417265,0.02679676724349717,54.0
1713065220000.0,1319012,1713065220000.0,0.20741007194245054,-0.0049445,2744.7600129760995,2745.044633119984,-3.1,7.975,6.2,7.908093525179854,long_nclose,49.0301798561151,0.01786319373071617,3.0
1713065400000.0,1319015,1713065400000.0,0.13381294964029067,-0.00319,2744.89063592574,2745.1590431199843,-2.0,7.975,4.2,7.908093525179854,long_nclose,33.21399280575539,0.012100297320061956,3.0
1713065460000.0,1319016,1713065460000.0,0.09366906474820347,-0.0022329999999999997,2744.982071990488,2745.155410119984,-1.4,7.975,2.8,7.908093525179854,long_nclose,22.14266187050359,0.008066596170679953,1.0
1713065520000.0,1319017,1713065520000.0,0.0602158273381308,-0.0014355000000000001,2745.040852317826,2745.1242746199846,-0.9,7.975,1.9,7.908093525179854,long_nclose,15.025377697841723,0.00547364447605753,1.0
1713065700000.0,1319020,1713065700000.0,0.0401438848920872,-0.0009569999999999998,2745.080039202718,2745.177417619984,-0.6,7.975,1.3,7.908093525179854,long_nclose,10.280521582733812,0.0037450717049837606,3.0
1713066480000.0,1319033,1713066480000.0,0.026762589928058134,-0.000638,2745.1061637926464,2745.1762796199846,-0.4,7.975,0.9,7.908093525179854,long_nclose,7.117284172661869,0.002592717275031946,13.0
1713066720000.0,1319037,1713066720000.0,0.0200719424460436,-0.0004784999999999999,2745.1257572350924,2745.1419011199846,-0.3,7.975,0.6,7.908093525179854,long_nclose,4.744856115107912,0.0017284658462740012,4.0
1713066900000.0,1319040,1713066900000.0,0.013381294964029067,-0.000319,2745.138819530056,2745.167982119984,-0.2,7.975,0.4,7.908093525179854,long_nclose,3.163237410071942,0.001152305081100948,3.0
1713067500000.0,1319050,1713067500000.0,0.006690647482014533,-0.0001595,2745.1453506775383,2745.1660226199842,-0.1,7.975,0.3,7.908093525179854,long_nclose,2.372428057553956,0.0008642267546847416,10.0
1713067800000.0,1319055,1713067800000.0,0.006690647482014533,-0.0001595,2745.1518818250206,2745.1682631199847,-0.1,7.975,0.2,7.908093525179854,long_nclose,1.581618705035971,0.0005761497990357042,5.0
1713068700000.0,1319070,1713068700000.0,0.022090647482014527,-0.00016258,2745.1738098925025,2745.1989005399846,-0.1,8.129,0.1,7.908093525179854,long_nclose,0.7908093525179855,0.0002880725984155271,15.0
1713069300000.0,1319080,1713069300000.0,0.022090647482014527,-0.00016258,2745.1957379599844,2745.1957379599844,-0.1,8.129,0.0,7.908093525179854,long_nclose,0.0,0.0,10.0
1713094980000.0,1319508,1713094980000.0,0.0,-0.02189828,2745.173839679984,2745.0666396799843,13.4,8.171,13.4,8.171,long_ientry_normal,109.4914,0.03988505151016733,428.0
1713096060000.0,1319526,1713096060000.0,0.3036000000000037,-0.007251200000000002,2745.4701884799842,2745.956188479984,-4.4,8.24,9.0,8.171,long_nclose,73.53899999999999,0.02678557585821556,18.0
1713096120000.0,1319527,1713096120000.0,0.20700000000000252,-0.004944,2745.6722444799843,2746.0802444799842,-3.0,8.24,6.0,8.171,long_nclose,49.025999999999996,0.017855736458917828,1.0
1713096180000.0,1319528,1713096180000.0,0.13800000000000168,-0.0032960000000000003,2745.8069484799844,2746.0349484799845,-2.0,8.24,4.0,8.171,long_nclose,32.684,0.011903240327253563,1.0
1713096240000.0,1319529,1713096240000.0,0.0897000000000011,-0.0021424000000000005,2745.8945060799842,2746.099706079984,-1.3,8.24,2.7,8.171,long_nclose,22.0617,0.008034431020984523,1.0
1713096360000.0,1319531,1713096360000.0,0.06210000000000076,-0.0014832,2745.955122879984,2746.117122879984,-0.9,8.24,1.8,8.171,long_nclose,14.707799999999999,0.005356169107590628,2.0
1713096660000.0,1319536,1713096660000.0,0.0,-0.019103759999999997,2745.9360191199844,2746.098919119984,11.7,8.164,13.5,8.164933333333332,long_ientry_partial,110.22659999999998,0.040141721887360406,5.0
1713097080000.0,1319543,1713097080000.0,0.31080000000000574,-0.0074106,2746.2394085199844,2746.7170085199846,-4.5,8.234,9.0,8.164933333333332,long_nclose,73.4844,0.026758191500719355,7.0
1713097860000.0,1319556,1713097860000.0,0.0,-0.0073422,2746.2320663199844,2746.6151663199844,4.5,8.158,13.5,8.162622222222222,long_ientry_partial,110.19539999999999,0.04012603353935213,13.0
1713098400000.0,1319565,1713098400000.0,0.3121999999999989,-0.0074088,2746.536857519984,2747.1702575199843,-4.5,8.232,9.0,8.162622222222222,long_nclose,73.4636,0.026747720424307276,9.0
1713099540000.0,1319584,1713099540000.0,0.20813333333333262,-0.0049391999999999995,2746.7400516533176,2747.180318319984,-3.0,8.232,6.0,8.162622222222222,long_nclose,48.97573333333333,0.01783049448157785,19.0
1713099660000.0,1319586,1713099660000.0,0.13875555555555508,-0.0032928,2746.875514408873,2747.0850255199844,-2.0,8.232,4.0,8.162622222222222,long_nclose,32.65048888888889,0.011886410111277017,2.0
1713099900000.0,1319590,1713099900000.0,0.0901911111111108,-0.00214032,2746.9635651999843,2747.1481851999843,-1.3,8.232,2.7,8.162622222222222,long_nclose,22.039080000000002,0.00802306964650094,4.0
1713099960000.0,1319591,1713099960000.0,0.06243999999999979,-0.00148176,2747.0245234399845,2747.1674034399844,-0.9,8.232,1.8,8.162622222222222,long_nclose,14.69272,0.00534859440628543,1.0
1713100740000.0,1319604,1713100740000.0,0.04162666666666652,-0.00098784,2747.065162266651,2747.1364155999845,-0.6,8.232,1.2,8.162622222222222,long_nclose,9.795146666666666,0.003565676854415976,13.0
1713100800000.0,1319605,1713100800000.0,0.027751111111111018,-0.00065856,2747.0922548177623,2747.1437570399844,-0.4,8.232,0.8,8.162622222222222,long_nclose,6.530097777777778,0.002377094459177882,1.0
1713100860000.0,1319606,1713100860000.0,0.013875555555555509,-0.00032928,2747.1058010933175,2747.153427759984,-0.2,8.232,0.6,8.162622222222222,long_nclose,4.897573333333333,0.0017828120531011777,1.0
1713100980000.0,1319608,1713100980000.0,0.013875555555555509,-0.00032928,2747.1193473688727,2747.146698479984,-0.2,8.232,0.4,8.162622222222222,long_nclose,3.265048888888889,0.0011885355079370968,2.0
1713101040000.0,1319609,1713101040000.0,0.0069377777777777545,-0.00016464,2747.1261205066503,2747.1436338399835,-0.1,8.232,0.3,8.162622222222222,long_nclose,2.4487866666666664,0.0008913994331701955,1.0
1713101100000.0,1319610,1713101100000.0,0.0069377777777777545,-0.00016464,2747.132893644428,2747.1471691999836,-0.1,8.232,0.2,8.162622222222222,long_nclose,1.6325244444444444,0.0005942648235989374,1.0
1713101220000.0,1319612,1713101220000.0,0.0069377777777777545,-0.00016464,2747.1396667822055,2747.147004559983,-0.1,8.232,0.1,8.162622222222222,long_nclose,0.8162622222222222,0.00029713167921248466,2.0
1713101340000.0,1319614,1713101340000.0,0.0069377777777777545,-0.00016464,2747.146439919983,2747.146439919983,-0.1,8.232,0.0,8.162622222222222,long_nclose,0.0,0.0,2.0
1713102060000.0,1319626,1713102060000.0,0.0,-0.0219969,2747.124443019983,2747.2594430199833,13.5,8.147,13.5,8.147,long_ientry_normal,109.9845,0.04003622780156667,12.0
1713105600000.0,1319685,1713105600000.0,0.3104999999999958,-0.007394399999999999,2747.427548619983,2747.877548619983,-4.5,8.216,9.0,8.147,long_nclose,73.32300000000001,0.02668787391202717,59.0
1713105900000.0,1319690,1713105900000.0,0.2069999999999972,-0.004929599999999999,2747.629619019983,2748.085619019983,-3.0,8.216,6.0,8.147,long_nclose,48.882000000000005,0.01779060746092667,5.0
1713108300000.0,1319730,1713108300000.0,0.13799999999999812,-0.0032864,2747.7643326199827,2747.932332619983,-2.0,8.216,4.0,8.147,long_nclose,32.588,0.011859823498373846,40.0
1713108540000.0,1319734,1713108540000.0,0.08969999999999878,-0.0021361600000000002,2747.8518964599825,2748.0165964599823,-1.3,8.216,2.7,8.147,long_nclose,21.996900000000004,0.008005125759630019,4.0
1713108600000.0,1319735,1713108600000.0,0.062099999999999156,-0.00147888,2747.9125175799827,2748.0583175799825,-0.9,8.216,1.8,8.147,long_nclose,14.6646,0.005336632773489726,1.0
1713110520000.0,1319767,1713110520000.0,0.04139999999999944,-0.00098592,2747.952931659983,2748.038131659983,-0.6,8.216,1.2,8.147,long_nclose,9.7764,0.0035577028585035753,32.0
1713110700000.0,1319770,1713110700000.0,0.027599999999999625,-0.00065728,2747.979874379983,2748.040674379983,-0.4,8.216,0.8,8.147,long_nclose,6.517600000000001,0.002371778651206659,3.0
1713110820000.0,1319772,1713110820000.0,0.013799999999999812,-0.00032864,2747.993345739983,2748.042545739983,-0.2,8.216,0.6,8.147,long_nclose,4.8882,0.001778825268109847,2.0
1713111180000.0,1319778,1713111180000.0,0.013799999999999812,-0.00032864,2748.006817099983,2748.030817099983,-0.2,8.216,0.4,8.147,long_nclose,3.2588000000000004,0.0011858776986001314,6.0
1713111240000.0,1319779,1713111240000.0,0.006899999999999906,-0.00016432,2748.013552779983,2748.036952779983,-0.1,8.216,0.3,8.147,long_nclose,2.4441,0.0008894060939137168,1.0
1713112620000.0,1319802,1713112620000.0,0.022700000000000033,-0.00016748000000000004,2748.036085299983,2748.080885299983,-0.1,8.374,0.2,8.147,long_nclose,1.6294000000000002,0.0005929325341527058,23.0
1713114900000.0,1319840,1713114900000.0,0.0,-0.02170532,2748.014379979983,2747.787179979983,13.4,8.099,13.6,8.099705882352943,long_ientry_partial,110.15600000000002,0.040085670876584864,38.0
1713115920000.0,1319857,1713115920000.0,0.3073235294117538,-0.0073512000000000004,2748.314352309395,2748.8266287799834,-4.5,8.168,9.1,8.099705882352943,long_nclose,73.70732352941178,0.02681910221349893,17.0
1713116220000.0,1319862,1713116220000.0,0.2048823529411692,-0.004900799999999999,2748.514333862336,2748.937027979983,-3.0,8.168,6.1,8.099705882352943,long_nclose,49.408205882352945,0.017976331894519287,5.0
1713116340000.0,1319864,1713116340000.0,0.1365882352941128,-0.0032672,2748.64765489763,2748.8866607799832,-2.0,8.168,4.1,8.099705882352943,long_nclose,33.20879411764706,0.012081866534793772,2.0
1713116460000.0,1319866,1713116460000.0,0.08878235294117331,-0.00212368,2748.7343135705714,2748.9031370999833,-1.3,8.168,2.8,8.099705882352943,long_nclose,22.67917647058824,0.008250770676023712,2.0
1713116580000.0,1319868,1713116580000.0,0.061464705882350756,-0.00147024,2748.794308036454,2748.9981668599835,-0.9,8.168,1.9,8.099705882352943,long_nclose,15.38944117647059,0.00559861504786938,2.0
1713116700000.0,1319870,1713116700000.0,0.04097647058823384,-0.0009801599999999999,2748.8343043470422,2748.9321866999835,-0.6,8.168,1.3,8.099705882352943,long_nclose,10.529617647058826,0.00383057561178102,2.0
1713116940000.0,1319874,1713116940000.0,0.02731764705882256,-0.00065344,2748.860968554101,2748.8900332599833,-0.4,8.168,0.9,8.099705882352943,long_nclose,7.289735294117649,0.0026519112379670643,4.0
1713117000000.0,1319875,1713117000000.0,0.02048823529411692,-0.0004900799999999999,2748.880966709395,2748.9249431799835,-0.3,8.168,0.6,8.099705882352943,long_nclose,4.8598235294117655,0.001767927963512119,1.0
1713117120000.0,1319877,1713117120000.0,0.01365882352941128,-0.00032672,2748.8942988129247,2748.9180164599834,-0.2,8.168,0.4,8.099705882352943,long_nclose,3.2398823529411773,0.0011786129260554978,2.0
1713117660000.0,1319886,1713117660000.0,0.00682941176470564,-0.00016336,2748.9009648646893,2748.9076530999832,-0.1,8.168,0.3,8.099705882352943,long_nclose,2.4299117647058828,0.00088395755095,9.0
1713117960000.0,1319891,1713117960000.0,0.00682941176470564,-0.00016336,2748.907630916454,2748.9176897399834,-0.1,8.168,0.2,8.099705882352943,long_nclose,1.6199411764705887,0.0005893036049125154,5.0
1713118080000.0,1319893,1713118080000.0,0.00682941176470564,-0.00016336,2748.9142969682184,2748.923926379983,-0.1,8.168,0.1,8.099705882352943,long_nclose,0.8099705882352943,0.0002946510879326475,2.0
1713122760000.0,1319971,1713122760000.0,0.00682941176470564,-0.00016336,2748.920963019983,2748.920963019983,-0.1,8.168,0.0,8.099705882352943,long_nclose,0.0,0.0,78.0
1713127920000.0,1320057,1713127920000.0,0.0,-0.021917759999999998,2748.899045259983,2748.817445259983,13.6,8.058,13.6,8.058,long_ientry_normal,109.58879999999999,0.03986643314128526,86.0
1713129000000.0,1320075,1713129000000.0,0.3059999999999983,-0.0073134,2749.197731859983,2749.707331859983,-4.5,8.126,9.1,8.058,long_nclose,73.3278,0.02667243579834824,18.0
1713129600000.0,1320085,1713129600000.0,0.0,-0.0074023199999999996,2749.190329539983,2749.081129539983,4.6,8.046,13.7,8.053970802919707,long_ientry_partial,110.33939999999998,0.04013523502334699,10.0
1713132060000.0,1320126,1713132060000.0,0.3061313868613169,-0.0073098,2749.4891511268443,2750.170219739983,-4.5,8.122,9.2,8.053970802919707,long_nclose,74.0965313868613,0.026949199401821153,41.0
1713132420000.0,1320132,1713132420000.0,1.0351343065693461,-0.00761668,2750.516668753414,2751.579403059983,-4.6,8.279,4.6,8.053970802919707,long_nclose,37.04826569343065,0.013469565959846237,6.0
1713132540000.0,1320134,1713132540000.0,0.5175671532846731,-0.00380834,2751.0304275666986,2751.5686947199833,-2.3,8.279,2.3,8.053970802919707,long_nclose,18.524132846715325,0.006733525249700717,2.0
1713132720000.0,1320137,1713132720000.0,0.24753211678832196,-0.0018213800000000003,2751.276138303487,2751.5473733399836,-1.1,8.279,1.2,8.053970802919707,long_nclose,9.664764963503648,0.0035128298570070867,3.0
1713136800000.0,1320205,1713136800000.0,0.4572350364963519,-0.0020244,2751.7313489399835,2751.7313489399835,-1.2,8.435,0.0,8.053970802919707,long_nclose,0.0,0.0,68.0
1713192660000.0,1321136,1713192660000.0,0.0,-0.022072680000000004,2751.7092762599837,2752.1082762599835,13.3,8.298,13.3,8.298,long_ientry_normal,110.36340000000001,0.040107216613377725,931.0
1713192780000.0,1321138,1713192780000.0,0.3080000000000013,-0.007363840000000001,2752.0099124199837,2752.2502124199837,-4.4,8.368,8.9,8.298,long_nclose,73.8522,0.02683573182883559,2.0
1713192840000.0,1321139,1713192840000.0,0.0,-0.0073013600000000015,2752.002611059984,2752.2863110599837,4.4,8.297,13.3,8.29766917293233,long_ientry_partial,110.35900000000001,0.04010134276634761,1.0
1713196980000.0,1321208,1713196980000.0,0.30945563909774665,-0.007363840000000001,2752.3047028590818,2752.841647219984,-4.4,8.368,8.9,8.29766917293233,long_nclose,73.84925563909775,0.026831787760411657,69.0
1713197520000.0,1321217,1713197520000.0,0.0,-0.00728904,2752.2974138190816,2752.153558179984,4.4,8.283,13.3,8.292816213465995,long_ientry_partial,110.29445563909775,0.04007359636546452,9.0
1713201900000.0,1321290,1713201900000.0,0.0,-0.021988479999999998,2752.2754253390817,2749.874769699984,13.6,8.084,26.9,8.187243704055678,long_rentry,220.23685563909774,0.08001991865038886,73.0
1713207600000.0,1321385,1713207600000.0,0.0,-0.02203984,2752.2533854990816,2744.830929859984,13.9,7.928,40.8,8.098922932330828,long_rentry,330.43605563909773,0.12006018682003652,95.0
1713210480000.0,1321433,1713210480000.0,0.9394481203007344,-0.022216959999999997,2753.170616659382,2754.9951128999837,-13.6,8.168,27.2,8.098922932330828,long_nclose,220.2907037593985,0.08001345881959647,48.0
1713210540000.0,1321434,1713210540000.0,0.6216936090225449,-0.014702400000000001,2753.777607868405,2755.053010499984,-9.0,8.168,18.2,8.098922932330828,long_nclose,147.40039736842107,0.05352661629147247,1.0
1713210660000.0,1321436,1713210660000.0,0.4144624060150299,-0.009801599999999999,2754.18226867442,2754.939608899984,-6.0,8.168,12.2,8.098922932330828,long_nclose,98.80685977443609,0.03587520727957905,2.0
1713211440000.0,1321449,1713211440000.0,0.2763082706766866,-0.0065344,2754.4520425450964,2754.9938744999836,-4.0,8.168,8.2,8.098922932330828,long_nclose,66.41116804511277,0.02411048260028854,13.0
1713211500000.0,1321450,1713211500000.0,0.18650808270676347,-0.00441072,2754.6341399078033,2755.069063779984,-2.7,8.168,5.5,8.098922932330828,long_nclose,44.54407612781955,0.016170596117461328,1.0
1713211980000.0,1321458,1713211980000.0,0.12433872180450899,-0.00294048,2754.755538149608,2755.011123299984,-1.8,8.168,3.7,8.098922932330828,long_nclose,29.966014849624063,0.010877921628484132,8.0
1713212040000.0,1321459,1713212040000.0,0.08289248120300598,-0.0019603199999999998,2754.8364703108114,2754.9891629799845,-1.2,8.168,2.5,8.098922932330828,long_nclose,20.24730733082707,0.0073497311179936175,1.0
1713212520000.0,1321467,1713212520000.0,0.0,-0.0179376,2754.8185327108113,2754.9208253799843,11.1,8.08,13.6,8.083478480207873,long_ientry_partial,109.93530733082707,0.03990655138458356,8.0
1713220860000.0,1321606,1713220860000.0,0.3083468390645683,-0.0073368,2755.119542749876,2755.806788579984,-4.5,8.152,9.1,8.083478480207873,long_nclose,73.55965416989164,0.026699260423550256,139.0
1713221820000.0,1321622,1713221820000.0,0.20556455937637885,-0.004891199999999999,2755.320216109252,2755.762597379984,-3.0,8.152,6.1,8.083478480207873,long_nclose,49.309218729268025,0.01789600295492945,16.0
1713222120000.0,1321627,1713222120000.0,0.13704303958425257,-0.0032608,2755.453998348836,2755.743136579984,-2.0,8.152,4.1,8.083478480207873,long_nclose,33.14226176885228,0.012027876999112406,5.0
1713228300000.0,1321730,1713228300000.0,0.0,-0.0155103,2755.438488048836,2754.896326279984,9.7,7.995,13.8,8.02128708469944,long_ientry_partial,110.69376176885227,0.0401728299321376,103.0
1713230160000.0,1321761,1713230160000.0,0.3114794103825801,-0.0074418800000000005,2755.7425255792186,2756.448284399984,-4.6,8.089,9.2,8.02128708469944,long_nclose,73.79584117923484,0.026778931810301828,31.0
1713233100000.0,1321810,1713233100000.0,0.20313874590168268,-0.004853400000000001,2755.9408109251203,2756.3916309999836,-3.0,8.089,6.2,8.02128708469944,long_nclose,49.73197992513653,0.01804537300945966,49.0
1713235320000.0,1321847,1713235320000.0,0.1354258306011218,-0.0032356000000000004,2756.073001155721,2756.3447953999835,-2.0,8.089,4.2,8.02128708469944,long_nclose,33.689405755737646,0.012223698625403049,37.0
1713235380000.0,1321848,1713235380000.0,0.09479808142078525,-0.00226492,2756.165534317142,2756.3747304799836,-1.4,8.089,2.8,8.02128708469944,long_nclose,22.45960383715843,0.008148858824882935,1.0
1713235620000.0,1321852,1713235620000.0,0.060941623770504806,-0.0014560200000000001,2756.225019920912,2756.399274459983,-0.9,8.089,1.9,8.02128708469944,long_nclose,15.240445460928933,0.0055294634330568,4.0
1713237480000.0,1321883,1713237480000.0,0.040627749180336535,-0.00097068,2756.264676990092,2756.356603779983,-0.6,8.089,1.3,8.02128708469944,long_nclose,10.427673210109273,0.0037832626515014317,31.0
1713238080000.0,1321893,1713238080000.0,0.02708516612022436,-0.00064712,2756.2911150362124,2756.3484566599827,-0.4,8.089,0.9,8.02128708469944,long_nclose,7.219158376229496,0.002619156712746088,10.0
1713238920000.0,1321907,1713238920000.0,0.0,-0.0205755,2756.2705395362123,2756.090881159983,12.9,7.975,13.8,7.97801872291518,long_ientry_partial,110.09665837622948,0.03994406818815219,14.0
1713240300000.0,1321930,1713240300000.0,0.31271387459017014,-0.0074023199999999996,2756.5758510908026,2757.201278839983,-4.6,8.046,9.2,7.97801872291518,long_nclose,73.39777225081964,0.026626429387667842,23.0
1713240360000.0,1321931,1713240360000.0,0.2039438312544588,-0.0048276,2756.774967322057,2757.221251239983,-3.0,8.046,6.2,7.97801872291518,long_nclose,49.463716082074114,0.01794260201445582,1.0
1713240660000.0,1321936,1713240660000.0,0.0,-0.01210224,2756.762865082057,2756.5669489999827,7.6,7.962,13.8,7.969196817541602,long_ientry_partial,109.9749160820741,0.03989277332303322,5.0
1713247320000.0,1322047,1713247320000.0,0.3118946393086359,-0.00739404,2757.067365681366,2757.6359549599833,-4.6,8.037,9.2,7.969196817541602,long_nclose,73.31661072138273,0.026592244946203436,111.0
1713247380000.0,1322048,1713247380000.0,0.20340954737519734,-0.004822200000000001,2757.265953028741,2757.7545327599832,-3.0,8.037,6.2,7.969196817541602,long_nclose,49.409020268757935,0.01791957000538312,1.0
1713247680000.0,1322053,1713247680000.0,0.13560636491679823,-0.0032148000000000003,2757.398344593658,2757.7167179599833,-2.0,8.037,4.2,7.969196817541602,long_nclose,33.470626633674726,0.01213848071654192,5.0
1713252720000.0,1322137,1713252720000.0,0.4678866831626368,-0.0034406400000000005,2757.8627906368206,2758.3537773199832,-2.1,8.192,2.1,7.969196817541602,long_nclose,16.735313316837363,0.006068218249890886,84.0
1713254100000.0,1322160,1713254100000.0,0.22280318245839847,-0.0016384000000000001,2758.083955419279,2758.3389389199833,-1.0,8.192,1.1,7.969196817541602,long_nclose,8.766116499295762,0.003178335627554584,23.0
1713254580000.0,1322168,1713254580000.0,0.11140159122919924,-0.0008192000000000001,2758.1945378105083,2758.3252197199836,-0.5,8.192,0.6,7.969196817541602,long_nclose,4.781518090524961,0.0017335681094925936,8.0
1713254640000.0,1322169,1713254640000.0,0.06684095473751954,-0.00049152,2758.2608872452456,2758.330428199983,-0.3,8.192,0.3,7.969196817541602,long_nclose,2.3907590452624805,0.0008667632044226971,1.0
1713258360000.0,1322231,1713258360000.0,0.02228031824583985,-0.00016384,2758.2830037234917,2758.3245643599835,-0.1,8.192,0.2,7.969196817541602,long_nclose,1.5938393635083203,0.0005778375030251599,62.0
1713259620000.0,1322252,1713259620000.0,0.02228031824583985,-0.00016384,2758.3051202017377,2758.3271005199836,-0.1,8.192,0.1,7.969196817541602,long_nclose,0.7969196817541602,0.000288916434921411,21.0
1713259680000.0,1322253,1713259680000.0,0.02228031824583985,-0.00016384,2758.327236679984,2758.327236679984,-0.1,8.192,0.0,7.969196817541602,long_nclose,0.0,0.0,1.0
1713262800000.0,1322305,1713262800000.0,0.0,-0.022016520000000005,2758.305220159984,2758.415620159984,13.8,7.977,13.8,7.977,long_ientry_normal,110.08260000000001,0.039909506459047756,52.0
1713265140000.0,1322344,1713265140000.0,0.3127999999999982,-0.0074014,2758.610618759984,2759.190218759984,-4.6,8.045,9.2,7.977,long_nclose,73.3884,0.02660339212099047,39.0
1713265200000.0,1322345,1713265200000.0,0.20399999999999885,-0.004827,2758.809791759984,2759.132191759984,-3.0,8.045,6.2,7.977,long_nclose,49.4574,0.01792707860749205,1.0
1713265320000.0,1322347,1713265320000.0,0.13599999999999923,-0.003218,2758.942573759984,2759.2533737599842,-2.0,8.045,4.2,7.977,long_nclose,33.5034,0.012143565552486432,2.0
1713266040000.0,1322359,1713266040000.0,0.09519999999999945,-0.0022526,2759.0355211599845,2759.2735211599843,-1.4,8.045,2.8,7.977,long_nclose,22.3356,0.008095437637065802,12.0
1713266460000.0,1322366,1713266460000.0,0.06119999999999966,-0.0014481000000000001,2759.0952730599847,2759.232073059985,-0.9,8.045,1.9,7.977,long_nclose,15.1563,0.005493213716824954,7.0
1713267300000.0,1322380,1713267300000.0,0.04079999999999977,-0.0009654,2759.135107659985,2759.206607659985,-0.6,8.045,1.3,7.977,long_nclose,10.3701,0.003758460385361431,14.0
1713267360000.0,1322381,1713267360000.0,0.02719999999999985,-0.0006436,2759.161664059985,2759.228264059985,-0.4,8.045,0.9,7.977,long_nclose,7.1793000000000005,0.0026019859921640027,1.0
1713268140000.0,1322394,1713268140000.0,0.020399999999999884,-0.0004827,2759.181581359985,2759.222981359985,-0.3,8.045,0.6,7.977,long_nclose,4.7862,0.0017346448063925205,13.0
1713272760000.0,1322471,1713272760000.0,0.013599999999999925,-0.0003218,2759.194859559985,2759.2232595599853,-0.2,8.045,0.4,7.977,long_nclose,3.1908000000000003,0.0011564243057878283,77.0
1713272880000.0,1322473,1713272880000.0,0.006799999999999962,-0.0001609,2759.201498659985,2759.2215986599854,-0.1,8.045,0.3,7.977,long_nclose,2.3931,0.0008673161424282411,2.0
1713272940000.0,1322474,1713272940000.0,0.006799999999999962,-0.0001609,2759.208137759985,2759.2219377599854,-0.1,8.045,0.2,7.977,long_nclose,1.5954000000000002,0.000578209370350436,1.0
1713274020000.0,1322492,1713274020000.0,0.006799999999999962,-0.0001609,2759.2147768599852,2759.221676859985,-0.1,8.045,0.1,7.977,long_nclose,0.7977000000000001,0.00028910398954436987,18.0
1713274200000.0,1322495,1713274200000.0,0.006799999999999962,-0.0001609,2759.2214159599853,2759.2214159599853,-0.1,8.045,0.0,7.977,long_nclose,0.0,0.0,3.0
1713274920000.0,1322507,1713274920000.0,0.0,-0.022042620000000002,2759.1993733399854,2759.0047733399856,13.9,7.929,13.9,7.929,long_ientry_normal,110.21310000000001,0.03994386961120105,12.0
1713276420000.0,1322532,1713276420000.0,0.30820000000000075,-0.0073563199999999995,2759.5002170199855,2760.1512170199853,-4.6,7.996,9.3,7.929,long_nclose,73.73970000000001,0.02672212147155847,25.0
1713277860000.0,1322556,1713277860000.0,0.20770000000000052,-0.004957520000000001,2759.7029594999854,2760.0377594999854,-3.1,7.996,6.2,7.929,long_nclose,49.159800000000004,0.017813438881446497,24.0
1713278220000.0,1322562,1713278220000.0,0.0,-0.01234116,2759.6906183399856,2759.4390183399855,7.8,7.911,14.0,7.918971428571429,long_ientry_partial,110.8656,0.040173198859040256,6.0
1713278640000.0,1322569,1713278640000.0,0.30833142857142554,-0.00734712,2759.991602648557,2760.659271219986,-4.6,7.986,9.4,7.918971428571429,long_nclose,74.43833142857143,0.026970491996112792,7.0
1713279660000.0,1322586,1713279660000.0,0.0,-0.00726892,2759.984333728557,2759.5074022999856,4.6,7.901,14.0,7.913066530612245,long_ientry_partial,110.78293142857143,0.04013897110745951,17.0
1713286320000.0,1322697,1713286320000.0,0.30789395918367307,-0.0073416,2760.2848860877407,2760.9234606999858,-4.6,7.98,9.4,7.913066530612245,long_nclose,74.3828253877551,0.026947517541633458,111.0
1713286500000.0,1322700,1713286500000.0,0.20749375510204057,-0.004947600000000001,2760.4874322428427,2760.8083130999858,-3.1,7.98,6.3,7.913066530612245,long_nclose,49.85231914285715,0.01805924510308424,3.0
1713286680000.0,1322703,1713286680000.0,0.14056028571428555,-0.0033516000000000006,2760.6246409285573,2760.867961499986,-2.1,7.98,4.2,7.913066530612245,long_nclose,33.23487942857143,0.012038898347800238,3.0
1713286740000.0,1322704,1713286740000.0,0.09370685714285702,-0.0022344,2760.7161133857003,2760.953927099986,-1.4,7.98,2.8,7.913066530612245,long_nclose,22.156586285714287,0.008025666303856859,1.0
1713286920000.0,1322707,1713286920000.0,0.06024012244897952,-0.0014364000000000002,2760.7749171081496,2760.875490699986,-0.9,7.98,1.9,7.913066530612245,long_nclose,15.034826408163266,0.005445871851049673,3.0
1713286980000.0,1322708,1713286980000.0,0.04016008163265301,-0.0009576000000000001,2760.814119589782,2760.899833099986,-0.6,7.98,1.3,7.913066530612245,long_nclose,10.28698648979592,0.0037260699359667215,1.0
1713287040000.0,1322709,1713287040000.0,0.026773387755102008,-0.0006384,2760.840254577537,2760.904094699986,-0.4,7.98,0.9,7.913066530612245,long_nclose,7.121759877551021,0.0025795624595602654,1.0
1713301740000.0,1322954,1713301740000.0,0.08837338775510198,-0.0006507200000000001,2760.927977245292,2761.038943979986,-0.4,8.134,0.5,7.913066530612245,long_nclose,3.9565332653061227,0.0014330447218886683,245.0
1713312180000.0,1323128,1713312180000.0,0.04418669387755099,-0.00032536000000000007,2760.97183857917,2761.039018619986,-0.2,8.134,0.3,7.913066530612245,long_nclose,2.3739199591836737,0.0008598131737574412,174.0
1713312300000.0,1323130,1713312300000.0,0.022093346938775495,-0.00016268000000000003,2760.9937692461085,2761.037555939986,-0.1,8.134,0.2,7.913066530612245,long_nclose,1.5826133061224492,0.0005732042294882045,2.0
1713312360000.0,1323131,1713312360000.0,0.022093346938775495,-0.00016268000000000003,2761.0156999130472,2761.038193259986,-0.1,8.134,0.1,7.913066530612245,long_nclose,0.7913066530612246,0.0002865998382718886,1.0
1713312780000.0,1323138,1713312780000.0,0.022093346938775495,-0.00016268000000000003,2761.037630579986,2761.037630579986,-0.1,8.134,0.0,7.913066530612245,long_nclose,0.0,0.0,7.0
1713355980000.0,1323858,1713355980000.0,0.0,-0.022013760000000004,2761.015616819986,2761.139816819986,13.8,7.976,13.8,7.976,long_ientry_normal,110.06880000000001,0.039865330470956306,720.0
1713360360000.0,1323931,1713360360000.0,0.3128000000000023,-0.007400480000000001,2761.3210163399863,2761.9190163399862,-4.6,8.044,9.2,7.976,long_nclose,73.3792,0.02657394760181162,73.0
1713360420000.0,1323932,1713360420000.0,0.2040000000000015,-0.004826400000000001,2761.5201899399863,2762.009989939986,-3.0,8.044,6.2,7.976,long_nclose,49.4512,0.017907238259617677,1.0
1713360960000.0,1323941,1713360960000.0,0.136000000000001,-0.0032176,2761.6529723399863,2762.0225723399863,-2.0,8.044,4.2,7.976,long_nclose,33.4992,0.01213012653491205,9.0
1713361860000.0,1323956,1713361860000.0,0.0952000000000007,-0.00225232,2761.7459200199864,2761.9279200199862,-1.4,8.044,2.8,7.976,long_nclose,22.3328,0.008086478860386397,15.0
1713361920000.0,1323957,1713361920000.0,0.061200000000000455,-0.0014479200000000001,2761.8056720999866,2761.9291720999868,-0.9,8.044,1.9,7.976,long_nclose,15.154399999999999,0.005487134794852199,1.0
1713361980000.0,1323958,1713361980000.0,0.0408000000000003,-0.0009652800000000001,2761.845506819987,2761.950806819987,-0.6,8.044,1.3,7.976,long_nclose,10.3688,0.0037543012360379013,1.0
1713362460000.0,1323966,1713362460000.0,0.027200000000000203,-0.0006435200000000001,2761.872063299987,2761.928763299987,-0.4,8.044,0.9,7.976,long_nclose,7.1784,0.002599106633282275,8.0
1713363360000.0,1323981,1713363360000.0,0.0,-0.0206232,2761.851440099987,2761.867440099987,13.0,7.932,13.9,7.934848920863309,long_ientry_partial,110.2944,0.039934950301312014,15.0
1713365160000.0,1324011,1713365160000.0,0.30889496402878236,-0.00736184,2762.1529732240156,2762.8518782599867,-4.6,8.002,9.3,7.934848920863309,long_nclose,73.79409496402877,0.026716150654717535,30.0
1713365400000.0,1324015,1713365400000.0,0.20816834532374467,-0.004961240000000001,2762.3561803293396,2762.679517019987,-3.1,8.002,6.2,7.934848920863309,long_nclose,49.19606330935252,0.01780945689034466,4.0
1713366240000.0,1324029,1713366240000.0,0.0,-0.01233336,2762.3438469693397,2762.2209836599873,7.8,7.906,14.0,7.918775950668037,long_ientry_partial,110.86286330935252,0.04013362182661796,14.0
1713370380000.0,1324098,1713370380000.0,0.30923062692702935,-0.00734712,2762.6457304762666,2763.211836539987,-4.6,7.986,9.4,7.918775950668037,long_nclose,74.43649393627955,0.02694391579605361,69.0
1713370440000.0,1324099,1713370440000.0,0.20839455292908501,-0.00495132,2762.8491737091954,2763.373485219987,-3.1,7.986,6.3,7.918775950668037,long_nclose,49.888288489208634,0.018056826613604946,1.0
1713370560000.0,1324101,1713370560000.0,0.1411705035971221,-0.0033541200000000004,2762.9869900927924,2763.328131099987,-2.1,7.986,4.2,7.918775950668037,long_nclose,33.258858992805756,0.012037283965527753,2.0
1713372360000.0,1324131,1713372360000.0,0.0,-0.015550920000000003,2762.9714391727925,2762.6570801799867,9.9,7.854,14.1,7.873294964028778,long_ientry_partial,111.01345899280577,0.04017901069076637,30.0
1713373500000.0,1324150,1713373500000.0,0.31351366906474454,-0.007463600000000002,2763.2774892418574,2763.716516579987,-4.7,7.94,9.4,7.873294964028778,long_nclose,74.00897266187052,0.026783040411253043,19.0
1713373620000.0,1324152,1713373620000.0,0.20678561151078895,-0.004922800000000001,2763.4793520533685,2763.811393779987,-3.1,7.94,6.3,7.873294964028778,long_nclose,49.6017582733813,0.01794902438352772,2.0
1713374100000.0,1324160,1713374100000.0,0.1400805755395667,-0.0033348000000000006,2763.616097828908,2763.925658979987,-2.1,7.94,4.2,7.873294964028778,long_nclose,33.06783884892087,0.011965424168320233,8.0
1713376620000.0,1324202,1713376620000.0,0.46138057553956585,-0.00339906,2764.0740793444475,2764.552259919987,-2.1,8.093,2.1,7.873294964028778,long_nclose,16.533919424460436,0.0059817208040899425,42.0
1713376740000.0,1324204,1713376740000.0,0.21970503597122182,-0.0016186,2764.292165780419,2764.5239413199874,-1.0,8.093,1.1,7.873294964028778,long_nclose,8.660624460431656,0.0031330351283568375,2.0
1713376920000.0,1324207,1713376920000.0,0.10985251798561091,-0.0008093,2764.4012089984044,2764.537832019987,-0.5,8.093,0.6,7.873294964028778,long_nclose,4.723976978417267,0.0017088608422830397,3.0
1713378180000.0,1324228,1713378180000.0,0.22362302158273337,-0.0009895200000000002,2764.623842499987,2764.623842499987,-0.6,8.246,0.0,7.873294964028778,long_nclose,0.0,0.0,21.0
1713399660000.0,1324586,1713399660000.0,0.0,-0.022092660000000004,2764.601749839987,2764.643449839987,13.9,7.947,13.9,7.947,long_ientry_normal,110.4633,0.03995631559098649,358.0
1713401400000.0,1324615,1713401400000.0,0.3081999999999967,-0.007372879999999999,2764.902576959987,2765.507076959987,-4.6,8.014,9.3,7.947,long_nclose,73.9071,0.026730453584827906,29.0
1713401460000.0,1324616,1713401460000.0,0.20769999999999778,-0.00496868,2765.105308279987,2765.508308279987,-3.1,8.014,6.2,7.947,long_nclose,49.2714,0.017818995845279,1.0
1713401520000.0,1324617,1713401520000.0,0.13399999999999856,-0.0032056,2765.236102679987,2765.5595026799874,-2.0,8.014,4.2,7.947,long_nclose,33.3774,0.012070361719800918,1.0
1713401820000.0,1324622,1713401820000.0,0.093799999999999,-0.0022439199999999995,2765.327658759987,2765.5152587599873,-1.4,8.014,2.8,7.947,long_nclose,22.2516,0.008046641391486295,5.0
1713401880000.0,1324623,1713401880000.0,0.060299999999999354,-0.0014425199999999999,2765.386516239987,2765.513816239987,-0.9,8.014,1.9,7.947,long_nclose,15.0993,0.005460104730867808,1.0
1713401940000.0,1324624,1713401940000.0,0.04019999999999957,-0.00096168,2765.425754559987,2765.518054559987,-0.6,8.014,1.3,7.947,long_nclose,10.331100000000001,0.0037358081239262215,1.0
1713409500000.0,1324750,1713409500000.0,0.13320000000000023,-0.00098028,2765.5579742799873,2765.7140742799875,-0.6,8.169,0.7,7.947,long_nclose,5.5629,0.002011492816905529,126.0
1713410460000.0,1324766,1713410460000.0,0.06660000000000012,-0.00049014,2765.6240841399876,2765.7136841399874,-0.3,8.169,0.4,7.947,long_nclose,3.1788000000000003,0.001149396990801986,16.0
1713410580000.0,1324768,1713410580000.0,0.044400000000000085,-0.00032676000000000005,2765.668157379988,2765.716757379988,-0.2,8.169,0.2,7.947,long_nclose,1.5894000000000001,0.0005746893370988127,2.0
1713410700000.0,1324770,1713410700000.0,0.022200000000000043,-0.00016338000000000002,2765.690193999988,2765.713393999988,-0.1,8.169,0.1,7.947,long_nclose,0.7947000000000001,0.0002873423790285903,2.0
1713411240000.0,1324779,1713411240000.0,0.022200000000000043,-0.00016338000000000002,2765.712230619988,2765.712230619988,-0.1,8.169,0.0,7.947,long_nclose,0.0,0.0,9.0
1713422460000.0,1324966,1713422460000.0,0.0,-0.02212046,2765.690110159988,2765.773510159988,13.9,7.957,13.9,7.957,long_ientry_normal,110.6023,0.03999085059952792,187.0
1713423960000.0,1324991,1713423960000.0,0.3081999999999967,-0.007382079999999999,2765.990928079988,2766.604728079988,-4.6,8.024,9.3,7.957,long_nclose,74.0001,0.026753558462090533,25.0
1713424380000.0,1324998,1713424380000.0,0.20769999999999778,-0.00497488,2766.1936531999877,2766.5780531999876,-3.1,8.024,6.2,7.957,long_nclose,49.3334,0.017834398521929272,7.0
1713424440000.0,1324999,1713424440000.0,0.13399999999999856,-0.0032096,2766.3244435999877,2766.6142435999877,-2.0,8.024,4.2,7.957,long_nclose,33.4194,0.012080795539842495,1.0
1713424920000.0,1325007,1713424920000.0,0.093799999999999,-0.00224672,2766.4159968799877,2766.6315968799877,-1.4,8.024,2.8,7.957,long_nclose,22.2796,0.008053597154270117,8.0
1713425040000.0,1325009,1713425040000.0,0.060299999999999354,-0.00144432,2766.474852559988,2766.605952559988,-0.9,8.024,1.9,7.957,long_nclose,15.1183,0.005464824661612273,2.0
1713425880000.0,1325023,1713425880000.0,0.0,-0.019077600000000004,2766.455774959988,2766.301574959988,12.0,7.949,13.9,7.950093525179856,long_ientry_partial,110.5063,0.03994508099504981,14.0
1713429180000.0,1325078,1713429180000.0,0.3077697841726603,-0.007375639999999999,2766.7561691041606,2767.443499319988,-4.6,8.017,9.3,7.950093525179856,long_nclose,73.93586978417267,0.026722943861045817,55.0
1713433440000.0,1325149,1713433440000.0,0.20741007194244504,-0.00497054,2766.958608636103,2767.4044287799875,-3.1,8.017,6.2,7.950093525179856,long_nclose,49.29057985611511,0.017813992483397344,71.0
1713438960000.0,1325241,1713438960000.0,0.6879100719424486,-0.005066640000000001,2767.641452068045,2768.3448621399875,-3.1,8.172,3.1,7.950093525179856,long_nclose,24.645289928057554,0.008904798672401019,92.0
1713440220000.0,1325262,1713440220000.0,0.33285971223021704,-0.0024516000000000004,2767.9718601802756,2768.3253105399876,-1.5,8.172,1.6,7.950093525179856,long_nclose,12.72014964028777,0.004595476501505806,21.0
1713440280000.0,1325263,1713440280000.0,0.17752517985611577,-0.0013075200000000004,2768.148077840132,2768.319203019988,-0.8,8.172,0.8,7.950093525179856,long_nclose,6.360074820143885,0.0022975919789328544,1.0
1713440340000.0,1325264,1713440340000.0,0.08876258992805788,-0.0006537600000000002,2768.23618667006,2768.327349259988,-0.4,8.172,0.4,7.950093525179856,long_nclose,3.1800374100719426,0.0011487594250031254,1.0
1713441120000.0,1325277,1713441120000.0,0.04438129496402894,-0.0003268800000000001,2768.2802410850236,2768.3254223799877,-0.2,8.172,0.2,7.950093525179856,long_nclose,1.5900187050359713,0.0005743705718221525,13.0
1713441300000.0,1325280,1713441300000.0,0.02219064748201447,-0.00016344000000000005,2768.3022682925057,2768.3250589399877,-0.1,8.172,0.1,7.950093525179856,long_nclose,0.7950093525179857,0.00028718300079577256,3.0
1713441480000.0,1325283,1713441480000.0,0.02219064748201447,-0.00016344000000000005,2768.324295499988,2768.324295499988,-0.1,8.172,0.0,7.950093525179856,long_nclose,0.0,0.0,3.0
1713489120000.0,1326077,1713489120000.0,0.0,-0.022157280000000005,2768.3021382199877,2768.095138219988,13.8,8.028,13.8,8.028,long_ientry_normal,110.78640000000001,0.040019620138441764,794.0
1713490800000.0,1326105,1713490800000.0,0.0,-0.02206932,2768.280068899988,2765.883068899988,14.1,7.826,27.9,7.9259139784946235,long_rentry,221.13299999999998,0.07988100715830752,28.0
1713493260000.0,1326146,1713493260000.0,0.0,-0.022104,2768.2579648999877,2761.5958648999876,14.4,7.675,42.3,7.840496453900711,long_rentry,331.653,0.11980566992136589,41.0
1713496440000.0,1326199,1713496440000.0,0.9376999999999794,-0.02229774,2769.1733671599877,2771.6973671599876,-14.1,7.907,28.2,7.840496453900711,long_nclose,221.10200000000003,0.07984404393819448,53.0
1713496860000.0,1326206,1713496860000.0,0.6251333333333197,-0.01486516,2769.783635333321,2771.3535019999877,-9.4,7.907,18.8,7.840496453900711,long_nclose,147.40133333333335,0.05321763456646129,7.0
1713499800000.0,1326255,1713499800000.0,2.0539333333333127,-0.01515092,2771.822417746654,2774.0079510799874,-9.4,8.059,9.4,7.840496453900711,long_nclose,73.70066666666668,0.026589245470704233,49.0
1713499980000.0,1326258,1713499980000.0,1.0269666666666564,-0.00757546,2772.8418089533207,2773.807675619987,-4.7,8.059,4.7,7.840496453900711,long_nclose,36.85033333333334,0.013289735178669796,3.0
1713500340000.0,1326264,1713500340000.0,0.5025581560283636,-0.00370714,2773.340659969349,2773.843468479987,-2.3,8.059,2.4,7.840496453900711,long_nclose,18.817191489361704,0.006785027083391073,6.0
1713500400000.0,1326265,1713500400000.0,0.26220425531914626,-0.0019341599999999997,2773.600930064668,2773.867934319987,-1.2,8.059,1.2,7.840496453900711,long_nclose,9.408595744680852,0.0033921951938707656,1.0
1713500520000.0,1326267,1713500520000.0,0.13110212765957313,-0.0009670799999999998,2773.7310651123275,2773.855567239987,-0.6,8.059,0.6,7.840496453900711,long_nclose,4.704297872340426,0.0016960180211811257,2.0
1713501120000.0,1326277,1713501120000.0,0.06555106382978657,-0.0004835399999999999,2773.7961326361574,2773.8610836999874,-0.3,8.059,0.3,7.840496453900711,long_nclose,2.352148936170213,0.0008479891180520106,10.0
1713501300000.0,1326280,1713501300000.0,0.02185035460992886,-0.00016118,2773.8178218107673,2773.8653225199873,-0.1,8.059,0.2,7.840496453900711,long_nclose,1.5680992907801423,0.0005653216582754798,3.0
1713502260000.0,1326296,1713502260000.0,0.02185035460992886,-0.00016118,2773.8395109853773,2773.860961339987,-0.1,8.059,0.1,7.840496453900711,long_nclose,0.7840496453900712,0.0002826586189593737,16.0
1713502500000.0,1326300,1713502500000.0,0.02185035460992886,-0.00016118,2773.861200159987,2773.861200159987,-0.1,8.059,0.0,7.840496453900711,long_nclose,0.0,0.0,4.0
1713567780000.0,1327388,1713567780000.0,0.0,-0.02212276,2773.839077399987,2773.5239773999874,13.7,8.074,13.7,8.074,long_ientry_normal,110.6138,0.03987751160520892,1088.0
1713569880000.0,1327423,1713569880000.0,0.3059999999999983,-0.0073278,2774.1377495999873,2774.781749599987,-4.5,8.142,9.2,8.074,long_nclose,74.2808,0.026776175772349736,35.0
1713570000000.0,1327425,1713570000000.0,0.20399999999999885,-0.0048852,2774.3368643999875,2774.6964643999872,-3.0,8.142,6.2,8.074,long_nclose,50.0588,0.01804351902696082,2.0
1713570120000.0,1327427,1713570120000.0,0.13599999999999923,-0.0032568,2774.4696075999873,2774.7846075999873,-2.0,8.142,4.2,8.074,long_nclose,33.9108,0.012222444213160447,2.0
1713571020000.0,1327442,1713571020000.0,0.09519999999999945,-0.0022797599999999996,2774.5625278399875,2774.7473278399875,-1.4,8.142,2.8,8.074,long_nclose,22.6072,0.008148023255255247,15.0
1713571200000.0,1327445,1713571200000.0,0.06119999999999966,-0.00146556,2774.622262279988,2774.7381622799876,-0.9,8.142,1.9,8.074,long_nclose,15.340599999999998,0.005528896746973471,3.0
1713571440000.0,1327449,1713571440000.0,0.04079999999999977,-0.00097704,2774.662085239988,2774.769985239988,-0.6,8.142,1.3,8.074,long_nclose,10.4962,0.003782875059213618,4.0
1713571980000.0,1327458,1713571980000.0,0.02719999999999985,-0.00065136,2774.6886338799877,2774.761533879988,-0.4,8.142,0.9,8.074,long_nclose,7.2666,0.0026188884443724934,9.0
1713572520000.0,1327467,1713572520000.0,0.020399999999999884,-0.00048852,2774.7085453599875,2774.7565453599873,-0.3,8.142,0.6,8.074,long_nclose,4.844399999999999,0.0017459131007114452,9.0
1713573180000.0,1327478,1713573180000.0,0.013599999999999925,-0.00032568,2774.7218196799877,2774.752219679988,-0.2,8.142,0.4,8.074,long_nclose,3.2296,0.0011639364988207986,11.0
1713574500000.0,1327500,1713574500000.0,0.006799999999999962,-0.00016284,2774.7284568399878,2774.747356839988,-0.1,8.142,0.3,8.074,long_nclose,2.4221999999999997,0.0008729502860105213,22.0
1713574620000.0,1327502,1713574620000.0,0.006799999999999962,-0.00016284,2774.735093999988,2774.7500939999877,-0.1,8.142,0.2,8.074,long_nclose,1.6148,0.0005819654652769556,2.0
1713575460000.0,1327516,1713575460000.0,0.006799999999999962,-0.00016284,2774.741731159988,2774.7497311599877,-0.1,8.142,0.1,8.074,long_nclose,0.8074,0.0002909820366101116,14.0
1713594780000.0,1327838,1713594780000.0,0.022499999999999964,-0.00016598,2774.764065179988,2774.764065179988,-0.1,8.299,0.0,8.074,long_nclose,0.0,0.0,322.0
1713968520000.0,1334067,1713968520000.0,0.0,-0.02211584,2774.741949339988,2774.703549339988,12.8,8.639,12.8,8.639,long_ientry_normal,110.5792,0.039852066252972766,6229.0
1713998280000.0,1334563,1713998280000.0,0.0,-0.02223408,2774.719715259988,2772.2021152599877,13.2,8.422,26.0,8.528830769230769,long_rentry,221.7496,0.07991783774788305,496.0
1714039800000.0,1335255,1714039800000.0,0.0,-0.022134120000000004,2774.697581139988,2767.681981139988,13.4,8.259,39.4,8.437060913705583,long_rentry,332.42019999999997,0.11980411928835312,692.0
1714180620000.0,1337602,1714180620000.0,0.0,-0.0313239,2774.6662572399878,2758.220257239988,19.3,8.115,58.7,8.331170357751276,long_rentry,489.0396999999999,0.17625171990466948,2347.0
1714239600000.0,1338585,1714239600000.0,1.3811780238501052,-0.0327678,2776.014667463838,2779.026389439988,-19.5,8.402,39.2,8.331170357751276,long_nclose,326.58187802385004,0.11764414714790201,983.0
1714240020000.0,1338592,1714240020000.0,0.9207853492334035,-0.0218452,2776.9136076130717,2778.9265442399883,-13.0,8.402,26.2,8.331170357751276,long_nclose,218.2766633730834,0.07860405263407011,7.0
1714242840000.0,1338639,1714242840000.0,0.6162178875638931,-0.014619479999999999,2777.5152060206356,2778.4222247599882,-8.7,8.402,17.5,8.331170357751276,long_nclose,145.79548126064734,0.052491335040980566,47.0
1714243560000.0,1338651,1714243560000.0,0.4108119250425954,-0.00974632,2777.9162716256783,2778.721578439988,-5.8,8.402,11.7,8.331170357751276,long_nclose,97.47469318568992,0.035089140080037856,12.0
1714243680000.0,1338653,1714243680000.0,0.276235604770021,-0.006553559999999999,2778.1859536704483,2778.730624879988,-3.9,8.402,7.8,8.331170357751276,long_nclose,64.98312879045994,0.023390489288381278,2.0
1714243740000.0,1338654,1714243740000.0,0.1841570698466807,-0.00436904,2778.365741700295,2778.6716558399885,-2.6,8.402,5.2,8.331170357751276,long_nclose,43.322085860306636,0.015592650459976709,1.0
1714243800000.0,1338655,1714243800000.0,0.12041039182282968,-0.00285668,2778.483295412118,2778.7311991599886,-1.7,8.402,3.5,8.331170357751276,long_nclose,29.159096252129466,0.010494609163307727,1.0
1714243860000.0,1338656,1714243860000.0,0.07791260647359569,-0.0018484400000000002,2778.5593595785917,2778.7269507199885,-1.1,8.402,2.4,8.331170357751276,long_nclose,19.99480885860306,0.0071961064246025535,1.0
1714243920000.0,1338657,1714243920000.0,0.05666371379897868,-0.00134432,2778.6146789723907,2778.7344063999885,-0.8,8.402,1.6,8.331170357751276,long_nclose,13.329872572402042,0.004797308771625651,1.0
1714245480000.0,1338683,1714245480000.0,0.03541482112436167,-0.0008401999999999999,2778.6492535935154,2778.723866199989,-0.5,8.402,1.1,8.331170357751276,long_nclose,9.164287393526404,0.0032981087417473074,26.0
1714245540000.0,1338684,1714245540000.0,0.021248892674617003,-0.0005041199999999999,2778.6699983661897,2778.7250620799887,-0.3,8.402,0.8,8.331170357751276,long_nclose,6.664936286201021,0.002398606631992964,1.0
1714248060000.0,1338726,1714248060000.0,0.01416592844974467,-0.00033608,2778.683828214639,2778.724525999988,-0.2,8.402,0.6,8.331170357751276,long_nclose,4.998702214650765,0.001798946020376321,42.0
1714248120000.0,1338727,1714248120000.0,0.01416592844974467,-0.00033608,2778.6976580630885,2778.729589919988,-0.2,8.402,0.4,8.331170357751276,long_nclose,3.3324681431005105,0.00119929137789803,1.0
1714261920000.0,1338957,1714261920000.0,0.007082964224872335,-0.00016804,2778.7045729873134,2778.727021879988,-0.1,8.402,0.3,8.331170357751276,long_nclose,2.4993511073253827,0.0008994662950579143,230.0
1714262820000.0,1338972,1714262820000.0,0.007082964224872335,-0.00016804,2778.7114879115384,2778.724453839988,-0.1,8.402,0.2,8.331170357751276,long_nclose,1.6662340715502553,0.0005996427044689646,15.0
1714262880000.0,1338973,1714262880000.0,0.007082964224872335,-0.00016804,2778.7184028357633,2778.7263857999883,-0.1,8.402,0.1,8.331170357751276,long_nclose,0.8331170357751276,0.00029982060612003986,1.0
1714263540000.0,1338984,1714263540000.0,0.007082964224872335,-0.00016804,2778.7253177599882,2778.7253177599882,-0.1,8.402,0.0,8.331170357751276,long_nclose,0.0,0.0,11.0
1714345380000.0,1340348,1714345380000.0,0.0,-0.02226592,2778.7030518399883,2778.8118518399883,13.6,8.186,13.6,8.186,long_ientry_normal,111.3296,0.04006531029873102,1364.0
1714372200000.0,1340795,1714372200000.0,0.0,-0.022184400000000003,2778.6808674399886,2776.1542674399884,13.9,7.98,27.5,8.081876363636365,long_rentry,222.25160000000002,0.07998457203354967,447.0
1714410960000.0,1341441,1714410960000.0,0.619925090909083,-0.014833000000000002,2779.2859595308973,2780.7786344399883,-9.1,8.15,18.4,8.081876363636365,long_nclose,148.7065250909091,0.05350529857532493,646.0
1714411260000.0,1341446,1714411260000.0,0.4155541818181765,-0.009943,2779.6915707127155,2780.603291439988,-6.1,8.15,12.3,8.081876363636365,long_nclose,99.40707927272729,0.035761909817656215,5.0
1714429800000.0,1341755,1714429800000.0,0.2793069090909055,-0.006683000000000001,2779.964194621806,2780.514608439988,-4.1,8.15,8.2,8.081876363636365,long_nclose,66.27138618181819,0.02383893515967889,309.0
1714429860000.0,1341756,1714429860000.0,0.18393381818181587,-0.004401,2780.1437274399877,2780.512907439988,-2.7,8.15,5.5,8.081876363636365,long_nclose,44.450320000000005,0.015988497127423968,1.0
1714429920000.0,1341757,1714429920000.0,0.1226225454545439,-0.0029340000000000004,2780.2634159854424,2780.4932734399877,-1.8,8.15,3.7,8.081876363636365,long_nclose,29.90294254545455,0.010755435033070667,1.0
1714429980000.0,1341758,1714429980000.0,0.08174836363636259,-0.001956,2780.343208349079,2780.5060174399878,-1.2,8.15,2.5,8.081876363636365,long_nclose,20.204690909090914,0.0072669772740352155,1.0
1714430040000.0,1341759,1714430040000.0,0.054498909090908404,-0.0013040000000000003,2780.39640325817,2780.507113439988,-0.8,8.15,1.7,8.081876363636365,long_nclose,13.73918981818182,0.004941450004064794,1.0
1714430280000.0,1341763,1714430280000.0,0.03406181818181775,-0.0008150000000000001,2780.4296500763517,2780.504198439988,-0.5,8.15,1.2,8.081876363636365,long_nclose,9.698251636363638,0.0034880406472781356,4.0
1714430400000.0,1341765,1714430400000.0,0.027249454545454202,-0.0006520000000000001,2780.456247530897,2780.509946439988,-0.4,8.15,0.8,8.081876363636365,long_nclose,6.465501090909092,0.0023253381874469674,2.0
1714430460000.0,1341766,1714430460000.0,0.013624727272727101,-0.00032600000000000006,2780.46954625817,2780.515220439988,-0.2,8.15,0.6,8.081876363636365,long_nclose,4.849125818181819,0.0017439952991779944,1.0
1714430700000.0,1341770,1714430700000.0,0.013624727272727101,-0.00032600000000000006,2780.4828449854426,2780.5120944399882,-0.2,8.15,0.4,8.081876363636365,long_nclose,3.232750545454546,0.0011626579719003702,4.0
1714431060000.0,1341776,1714431060000.0,0.0068123636363635505,-0.00016300000000000003,2780.489494349079,2780.5111314399883,-0.1,8.15,0.3,8.081876363636365,long_nclose,2.4245629090909095,0.0008719913936083787,6.0
1714431300000.0,1341780,1714431300000.0,0.0068123636363635505,-0.00016300000000000003,2780.4961437127154,2780.5103684399883,-0.1,8.15,0.2,8.081876363636365,long_nclose,1.616375272727273,0.0005813262055343023,4.0
1714431480000.0,1341783,1714431480000.0,0.0068123636363635505,-0.00016300000000000003,2780.5027930763517,2780.509105439988,-0.1,8.15,0.1,8.081876363636365,long_nclose,0.8081876363636366,0.00029066240766816736,3.0
1714431600000.0,1341785,1714431600000.0,0.0068123636363635505,-0.00016300000000000003,2780.509442439988,2780.509442439988,-0.1,8.15,0.0,8.081876363636365,long_nclose,0.0,0.0,2.0
1714466400000.0,1342365,1714466400000.0,0.0,-0.02220942,2780.4872330199883,2780.667933019988,13.9,7.989,13.9,7.989,long_ientry_normal,111.0471,0.03993800031924179,580.0
1714477080000.0,1342543,1714477080000.0,0.0,-0.022273680000000004,2780.464959339988,2777.6428593399883,14.3,7.788,28.2,7.887074468085107,long_rentry,222.4155,0.0799921967197874,178.0
1714479180000.0,1342578,1714479180000.0,0.0,-0.02230004,2780.442659299988,2775.059759299988,14.6,7.637,42.8,7.801768691588785,long_rentry,333.9157,0.12009443851795439,35.0
1714503600000.0,1342985,1714503600000.0,0.9404845794392521,-0.02234512,2781.3607987594273,2783.455214179988,-14.2,7.868,28.6,7.801768691588785,long_nclose,223.13058457943927,0.08022353111432447,407.0
1714507380000.0,1343048,1714507380000.0,0.6291974299065419,-0.014949200000000003,2781.975046989334,2783.335564979988,-9.5,7.868,19.1,7.801768691588785,long_nclose,149.01378200934582,0.05356402537492535,63.0
1714508280000.0,1343063,1714508280000.0,0.4172572429906541,-0.009913680000000001,2782.3823905523245,2783.255751299988,-6.3,7.868,12.8,7.801768691588785,long_nclose,99.86263925233646,0.03589105494321108,15.0
1714508520000.0,1343067,1714508520000.0,0.2781714953271028,-0.0066091200000000004,2782.6539529276515,2783.386942179988,-4.2,7.868,8.6,7.801768691588785,long_nclose,67.09521074766356,0.024111949197661523,4.0
1714512660000.0,1343136,1714512660000.0,0.9340946261682234,-0.00689634,2783.58115121382,2784.510945839988,-4.3,8.019,4.3,7.801768691588785,long_nclose,33.54760537383178,0.012051958808243429,69.0
1714513920000.0,1343157,1714513920000.0,0.45618574766355097,-0.00336798,2784.0339689814837,2784.5558778599884,-2.1,8.019,2.2,7.801768691588785,long_nclose,17.16389112149533,0.006165115552729624,21.0
1714514880000.0,1343173,1714514880000.0,0.8123088785046708,-0.00359524,2784.8426826199884,2784.8426826199884,-2.2,8.171,0.0,7.801768691588785,long_nclose,0.0,0.0,16.0
1714582800000.0,1344305,1714582800000.0,0.0,-0.02229264,2784.8203899799882,2784.902589979988,13.7,8.136,13.7,8.136,long_ientry_normal,111.46319999999999,0.04002527430532098,1132.0
1714585440000.0,1344349,1714585440000.0,0.3105000000000038,-0.0073845000000000004,2785.123505479988,2785.758305479988,-4.5,8.205,9.2,8.136,long_nclose,74.85119999999999,0.026875361129487914,44.0
1714585500000.0,1344350,1714585500000.0,0.20700000000000252,-0.004923,2785.325582479988,2785.8029824799883,-3.0,8.205,6.2,8.136,long_nclose,50.4432,0.018110342402085203,1.0
1714587300000.0,1344380,1714587300000.0,0.703700000000001,-0.00518506,2786.0240974199883,2786.718497419988,-3.1,8.363,3.1,8.136,long_nclose,25.2216,0.009052900878838983,30.0
1714587360000.0,1344381,1714587360000.0,0.34050000000000047,-0.0025089,2786.362088519988,2786.680488519988,-1.5,8.363,1.6,8.136,long_nclose,13.0176,0.004671898190703013,1.0
1714588680000.0,1344403,1714588680000.0,0.18160000000000026,-0.0013380800000000002,2786.542350439988,2786.7351504399876,-0.8,8.363,0.8,8.136,long_nclose,6.5088,0.002335797982389278,22.0
1714589700000.0,1344420,1714589700000.0,0.3080000000000013,-0.00136336,2786.8489870799876,2786.8489870799876,-0.8,8.521,0.0,8.136,long_nclose,0.0,0.0,17.0
1715119920000.0,1353257,1715119920000.0,0.0,-0.022319580000000002,2786.8266674999877,2786.900467499988,12.3,9.073,12.3,9.073,long_ientry_normal,111.59790000000001,0.04004479406683462,8837.0
1715172420000.0,1354132,1715172420000.0,0.0,-0.0224663,2786.804201199988,2784.274801199988,12.7,8.845,25.0,8.957176,long_rentry,223.92940000000002,0.08035347438602856,875.0
1715176380000.0,1354198,1715176380000.0,0.6293391999999918,-0.014994780000000001,2787.4185456199875,2788.7015064199877,-8.3,9.033,16.7,8.957176,long_nclose,149.5848392,0.053664290723418724,66.0
1715176860000.0,1354206,1715176860000.0,0.4170319999999945,-0.0099363,2787.8256413199874,2788.6860701199876,-5.5,9.033,11.2,8.957176,long_nclose,100.3203712,0.03598516697496908,8.0
1715180400000.0,1354265,1715180400000.0,1.3990144000000013,-0.010311840000000001,2789.214343879987,2790.613358279987,-5.6,9.207,5.6,8.957176,long_nclose,50.1601856,0.017983625285041292,59.0
1715180460000.0,1354266,1715180460000.0,0.6995072000000007,-0.0051559200000000005,2789.908695159987,2790.647402359987,-2.8,9.207,2.8,8.957176,long_nclose,25.0800928,0.008989574764045024,1.0
1715180700000.0,1354270,1715180700000.0,0.34975360000000033,-0.0025779600000000002,2790.255870799987,2790.591624399987,-1.4,9.207,1.4,8.957176,long_nclose,12.5400464,0.004494228121238457,4.0
1715180760000.0,1354271,1715180760000.0,0.17487680000000017,-0.0012889800000000001,2790.429458619987,2790.601535419987,-0.7,9.207,0.7,8.957176,long_nclose,6.2700232,0.0022469742715162037,1.0
1715182620000.0,1354302,1715182620000.0,0.07494720000000007,-0.0005524200000000001,2790.5038533999873,2790.6017829999873,-0.3,9.207,0.4,8.957176,long_nclose,3.5828704000000005,0.0012839510669854777,31.0
1715182680000.0,1354303,1715182680000.0,0.04996480000000006,-0.00036828000000000007,2790.553449919987,2790.600014719987,-0.2,9.207,0.2,8.957176,long_nclose,1.7914352000000002,0.0006419641236584684,1.0
1715182800000.0,1354305,1715182800000.0,0.02498240000000003,-0.00018414000000000004,2790.5782481799874,2790.6033305799874,-0.1,9.207,0.1,8.957176,long_nclose,0.8957176000000001,0.000320979209446711,2.0
1715184360000.0,1354331,1715184360000.0,0.02498240000000003,-0.00018414000000000004,2790.603046439988,2790.603046439988,-0.1,9.207,0.0,8.957176,long_nclose,0.0,0.0,26.0
1715247180000.0,1355378,1715247180000.0,0.0,-0.02229768,2790.5807487599877,2790.5063487599878,12.4,8.991,12.4,8.991,long_ientry_normal,111.4884,0.0399516839100752,1047.0
1715260380000.0,1355598,1715260380000.0,0.3116000000000021,-0.007434939999999999,2790.8849138199876,2791.5157138199875,-4.1,9.067,8.3,8.991,long_nclose,74.62530000000001,0.02673893847448464,220.0
1715279520000.0,1355917,1715279520000.0,0.20520000000000138,-0.004896180000000001,2791.0852176399876,2791.5276176399875,-2.7,9.067,5.6,8.991,long_nclose,50.349599999999995,0.018039434869915324,319.0
1715279700000.0,1355920,1715279700000.0,0.13680000000000092,-0.0032641200000000006,2791.218753519988,2791.5417535199877,-1.8,9.067,3.8,8.991,long_nclose,34.1658,0.012240459461270718,3.0
1715281320000.0,1355947,1715281320000.0,0.09120000000000061,-0.00217608,2791.3077774399876,2791.5001774399875,-1.2,9.067,2.6,8.991,long_nclose,23.3766,0.008374784102611412,27.0
1715281380000.0,1355948,1715281380000.0,0.06080000000000041,-0.0014507200000000002,2791.367126719988,2791.5219267199877,-0.8,9.067,1.8,8.991,long_nclose,16.1838,0.005797804181715383,1.0
1715283060000.0,1355976,1715283060000.0,0.04560000000000031,-0.00108804,2791.411638679988,2791.487238679988,-0.6,9.067,1.2,8.991,long_nclose,10.7892,0.003865141153134273,28.0
1715294280000.0,1356163,1715294280000.0,0.030400000000000205,-0.0007253600000000001,2791.441313319988,2791.5157133199878,-0.4,9.067,0.8,8.991,long_nclose,7.1928,0.0025767333762948706,187.0
1715302380000.0,1356298,1715302380000.0,0.015200000000000102,-0.00036268000000000004,2791.4561506399878,2791.5035506399877,-0.2,9.067,0.6,8.991,long_nclose,5.3946,0.0019325397602119587,135.0
1715302680000.0,1356303,1715302680000.0,0.015200000000000102,-0.00036268000000000004,2791.4709879599877,2791.501387959988,-0.2,9.067,0.4,8.991,long_nclose,3.5964,0.0012883529922079742,5.0
1715302740000.0,1356304,1715302740000.0,0.007600000000000051,-0.00018134000000000002,2791.4784066199877,2791.5027066199877,-0.1,9.067,0.3,8.991,long_nclose,2.6973,0.0009662621762014552,1.0
1715307960000.0,1356391,1715307960000.0,0.007600000000000051,-0.00018134000000000002,2791.4858252799877,2791.5010252799875,-0.1,9.067,0.2,8.991,long_nclose,1.7982,0.0006441730721737193,87.0
1715308020000.0,1356392,1715308020000.0,0.007600000000000051,-0.00018134000000000002,2791.4932439399877,2791.500943939988,-0.1,9.067,0.1,8.991,long_nclose,0.8991,0.0003220856801111173,1.0
1715310660000.0,1356436,1715310660000.0,0.007600000000000051,-0.00018134000000000002,2791.5006625999877,2791.5006625999877,-0.1,9.067,0.0,8.991,long_nclose,0.0,0.0,44.0
1715350740000.0,1357104,1715350740000.0,0.0,-0.0223175,2791.4783450999876,2791.5408450999876,12.5,8.927,12.5,8.927,long_ientry_normal,111.58749999999999,0.03997433839881823,668.0
1715352720000.0,1357137,1715352720000.0,0.0,-0.02227968,2791.4560654199877,2788.7066654199875,12.8,8.703,25.3,8.813671936758892,long_rentry,222.9859,0.07988157247477606,33.0
1715423760000.0,1358321,1715423760000.0,0.0,-0.0225324,2791.433533019988,2784.267633019988,13.2,8.535,38.5,8.718127272727273,long_rentry,335.6479,0.1202421250692902,1184.0
1715563140000.0,1360644,1715563140000.0,0.0,-0.031695299999999996,2791.4018377199877,2778.8060377199877,18.9,8.385,57.4,8.608439024390243,long_rentry,494.1244,0.1770165775929989,2323.0
1715592420000.0,1361132,1715592420000.0,1.3859146341463364,-0.03316142,2792.7545909341343,2795.227276299988,-19.1,8.681,38.3,8.608439024390243,long_nclose,329.7032146341463,0.11805663687902687,488.0
1715667120000.0,1362377,1715667120000.0,0.0,-0.031140320000000003,2792.7234506141344,2781.248635979988,18.8,8.282,57.1,8.50095997607962,long_rentry,485.40481463414636,0.17381055561638348,1245.0
1715733540000.0,1363484,1715733540000.0,0.0,-0.0453712,2792.6780794141346,2770.4080647799883,28.0,8.102,85.1,8.369692298873636,long_rentry,712.2608146341463,0.25504579990242515,1107.0
1715800980000.0,1364608,1715800980000.0,2.018007941876129,-0.04777606000000001,2794.6483112960104,2798.755388719988,-28.3,8.441,56.8,8.369692298873636,long_nclose,475.3985225760225,0.17011032145062924,1124.0
1715801160000.0,1364611,1715801160000.0,1.347715551288298,-0.03190698,2795.964119867299,2798.628781739988,-18.9,8.441,37.9,8.369692298873636,long_nclose,317.2113381273108,0.11345329357887689,3.0
1715801220000.0,1364612,1715801220000.0,0.8984770341921987,-0.02127132,2796.841325581491,2798.721310419988,-12.6,8.441,25.3,8.369692298873636,long_nclose,211.753215161503,0.07571155832999478,1.0
1715801520000.0,1364617,1715801520000.0,0.5989846894614658,-0.014180880000000003,2797.4261293909526,2798.7157295399884,-8.4,8.441,16.9,8.369692298873636,long_nclose,141.44779985096443,0.050563551389205055,5.0
1715802000000.0,1364625,1715802000000.0,0.3993231263076438,-0.009453920000000001,2797.81599859726,2798.6895756199883,-5.6,8.441,11.3,8.369692298873636,long_nclose,94.5775229772721,0.033804053956618445,8.0
1715802120000.0,1364627,1715802120000.0,0.2638384941675504,-0.006246340000000001,2798.0735907514277,2798.668729279988,-3.7,8.441,7.6,8.369692298873636,long_nclose,63.60966147143963,0.0227333768781818,2.0
1715802720000.0,1364637,1715802720000.0,0.17826925281591244,-0.004220500000000001,2798.2476395042436,2798.641908779988,-2.5,8.441,5.1,8.369692298873636,long_nclose,42.68543072425554,0.015254343511862294,10.0
1715811120000.0,1364777,1715811120000.0,0.12122309191482046,-0.00286994,2798.3659926561586,2798.605038839988,-1.7,8.441,3.4,8.369692298873636,long_nclose,28.456953816170362,0.010169132233185671,140.0
1715811240000.0,1364779,1715811240000.0,0.07843847123900148,-0.0018570200000000005,2798.442574107398,2798.5950818199885,-1.1,8.441,2.3,8.369692298873636,long_nclose,19.250292287409362,0.006878930611448945,2.0
1715811480000.0,1364783,1715811480000.0,0.04991539078845548,-0.0011817400000000001,2798.4913077581864,2798.6070000799887,-0.7,8.441,1.6,8.369692298873636,long_nclose,13.391507678197819,0.00478525970085127,4.0
1715811600000.0,1364785,1715811600000.0,0.03565385056318249,-0.0008441000000000001,2798.5261175087494,2798.6122559799883,-0.5,8.441,1.1,8.369692298873636,long_nclose,9.206661528761,0.0032898251230032397,2.0
1715812200000.0,1364795,1715812200000.0,0.021392310337909493,-0.00050646,2798.5470033590873,2798.604049519988,-0.3,8.441,0.8,8.369692298873636,long_nclose,6.695753839098909,0.0023925822332310363,10.0
1715812260000.0,1364796,1715812260000.0,0.014261540225272996,-0.00033764000000000005,2798.5609272593124,2798.6013118799883,-0.2,8.441,0.6,8.369692298873636,long_nclose,5.021815379324181,0.0017944277469213962,1.0
1715812320000.0,1364797,1715812320000.0,0.014261540225272996,-0.00033764000000000005,2798.5748511595375,2798.600574239988,-0.2,8.441,0.4,8.369692298873636,long_nclose,3.3478769195494547,0.0011962792126722372,1.0
1715812440000.0,1364799,1715812440000.0,0.007130770112636498,-0.00016882000000000003,2798.5818131096503,2798.6035054199883,-0.1,8.441,0.3,8.369692298873636,long_nclose,2.5109076896620905,0.0008972071775425746,2.0
1715813160000.0,1364811,1715813160000.0,0.007130770112636498,-0.00016882000000000003,2798.588775059763,2798.602836599988,-0.1,8.441,0.2,8.369692298873636,long_nclose,1.6739384597747273,0.0005981366303947177,12.0
1715813220000.0,1364812,1715813220000.0,0.007130770112636498,-0.00016882000000000003,2798.595737009876,2798.6028677799886,-0.1,8.441,0.1,8.369692298873636,long_nclose,0.8369692298873637,0.000299067571217561,1.0
1715816160000.0,1364861,1715816160000.0,0.007130770112636498,-0.00016882000000000003,2798.6026989599886,2798.6026989599886,-0.1,8.441,0.0,8.369692298873636,long_nclose,0.0,0.0,49.0
1715871480000.0,1365783,1715871480000.0,0.0,-0.02245904,2798.580239919989,2798.702639919989,13.6,8.257,13.6,8.257,long_ientry_normal,112.2952,0.04012577463321563,922.0
1715872980000.0,1365808,1715872980000.0,0.3150000000000013,-0.0074943,2798.887745619989,2799.6430456199887,-4.5,8.327,9.1,8.257,long_nclose,75.1387,0.026845914101980475,25.0
1715888160000.0,1366061,1715888160000.0,1.035000000000002,-0.0076383,2799.9151073199887,2800.986907319989,-4.5,8.487,4.6,8.257,long_nclose,37.9822,0.013565482717922704,253.0
1715888400000.0,1366065,1715888400000.0,0.5290000000000009,-0.0039040200000000002,2800.4402032999888,2800.9646032999885,-2.3,8.487,2.3,8.257,long_nclose,18.9911,0.0067814695623999496,4.0
1715888700000.0,1366070,1715888700000.0,0.2530000000000005,-0.0018671400000000002,2800.691336159989,2800.9769361599892,-1.1,8.487,1.2,8.257,long_nclose,9.908399999999999,0.003537840772409196,5.0
1715895480000.0,1366183,1715895480000.0,0.13800000000000026,-0.00101844,2800.828317719989,2800.966317719989,-0.6,8.487,0.6,8.257,long_nclose,4.954199999999999,0.0017688338726998304,113.0
1715895540000.0,1366184,1715895540000.0,0.06900000000000013,-0.00050922,2800.896808499989,2800.967608499989,-0.3,8.487,0.3,8.257,long_nclose,2.4770999999999996,0.0008843953095603698,1.0
1715899860000.0,1366256,1715899860000.0,0.023000000000000045,-0.00016974,2800.9196387599895,2800.9658387599898,-0.1,8.487,0.2,8.257,long_nclose,1.6514,0.0005895920672437072,72.0
1715900160000.0,1366261,1715900160000.0,0.023000000000000045,-0.00016974,2800.94246901999,2800.96616901999,-0.1,8.487,0.1,8.257,long_nclose,0.8257,0.0002947936307627556,5.0
1715900580000.0,1366268,1715900580000.0,0.023000000000000045,-0.00016974,2800.96529927999,2800.96529927999,-0.1,8.487,0.0,8.257,long_nclose,0.0,0.0,7.0
1716123060000.0,1369976,1716123060000.0,0.0,-0.0224289,2800.9428703799904,2800.9968703799905,13.5,8.307,13.5,8.307,long_ientry_normal,112.14450000000001,0.040038124727901324,3708.0
1716181980000.0,1370958,1716181980000.0,0.3150000000000013,-0.0075393000000000005,2801.2503310799902,2801.79033107999,-4.5,8.377,9.0,8.307,long_nclose,74.763,0.026689153472112568,982.0
1716182160000.0,1370961,1716182160000.0,0.21000000000000085,-0.005026200000000001,2801.4553048799903,2801.88730487999,-3.0,8.377,6.0,8.307,long_nclose,49.842,0.01779146713966052,3.0
1716182400000.0,1370965,1716182400000.0,0.14000000000000057,-0.0033508000000000006,2801.59195407999,2801.85995407999,-2.0,8.377,4.0,8.307,long_nclose,33.228,0.011860399567328029,4.0
1716182460000.0,1370966,1716182460000.0,0.09100000000000037,-0.0021780200000000006,2801.68077605999,2801.8373760599898,-1.3,8.377,2.7,8.307,long_nclose,22.428900000000002,0.008005515900188248,1.0
1716183540000.0,1370984,1716183540000.0,0.06300000000000026,-0.0015078600000000002,2801.74226819999,2801.8592681999903,-0.9,8.377,1.8,8.307,long_nclose,14.9526,0.005336893464367963,18.0
1716183900000.0,1370990,1716183900000.0,0.04200000000000017,-0.0010052400000000001,2801.78326295999,2801.8696629599904,-0.6,8.377,1.2,8.307,long_nclose,9.9684,0.0035578769178129504,6.0
1716184080000.0,1370993,1716184080000.0,0.028000000000000115,-0.0006701600000000002,2801.81059279999,2801.86739279999,-0.4,8.377,0.8,8.307,long_nclose,6.645600000000001,0.0023718948086918035,3.0
1716184320000.0,1370997,1716184320000.0,0.014000000000000058,-0.0003350800000000001,2801.8242577199903,2801.8650577199905,-0.2,8.377,0.6,8.307,long_nclose,4.9842,0.0017789124304519862,4.0
1716184440000.0,1370999,1716184440000.0,0.014000000000000058,-0.0003350800000000001,2801.8379226399907,2801.8667226399907,-0.2,8.377,0.4,8.307,long_nclose,3.3228000000000004,0.0011859358363131658,2.0
1716184680000.0,1371003,1716184680000.0,0.007000000000000029,-0.00016754000000000004,2801.844755099991,2801.8660550999907,-0.1,8.377,0.3,8.307,long_nclose,2.4921,0.0008894497082551825,4.0
1716223140000.0,1371644,1716223140000.0,0.007000000000000029,-0.00016754000000000004,2801.851587559991,2801.864987559991,-0.1,8.377,0.2,8.307,long_nclose,1.6614000000000002,0.0005929650261907128,641.0
1716223200000.0,1371645,1716223200000.0,0.007000000000000029,-0.00016754000000000004,2801.858420019991,2801.866520019991,-0.1,8.377,0.1,8.307,long_nclose,0.8307000000000001,0.000296481790109178,1.0
1716231960000.0,1371791,1716231960000.0,0.007000000000000029,-0.00016754000000000004,2801.8652524799913,2801.8652524799913,-0.1,8.377,0.0,8.307,long_nclose,0.0,0.0,146.0
1716353100000.0,1373810,1716353100000.0,0.0,-0.022411999999999998,2801.8428404799915,2801.4138404799914,13.0,8.62,13.0,8.62,long_ientry_normal,112.05999999999999,0.0399951055002081,2019.0
1716356640000.0,1373869,1716356640000.0,0.3139000000000017,-0.00747598,2802.1492644999917,2802.8104644999917,-4.3,8.693,8.7,8.62,long_nclose,74.99399999999999,0.026763028276219156,59.0
1716365220000.0,1374012,1716365220000.0,0.21170000000000114,-0.00504194,2802.3559225599915,2802.8315225599918,-2.9,8.693,5.8,8.62,long_nclose,49.995999999999995,0.017840703101812974,143.0
1716371160000.0,1374111,1716371160000.0,0.13870000000000074,-0.00330334,2802.4913192199915,2802.8150192199914,-1.9,8.693,3.9,8.62,long_nclose,33.617999999999995,0.011995755265838536,99.0
1716372060000.0,1374126,1716372060000.0,0.09490000000000053,-0.00226018,2802.5839590399914,2802.7737590399915,-1.3,8.693,2.6,8.62,long_nclose,22.412,0.007996905829603442,15.0
1716372120000.0,1374127,1716372120000.0,0.05840000000000032,-0.00139088,2802.640968159991,2802.7723681599914,-0.8,8.693,1.8,8.62,long_nclose,15.515999999999998,0.00553620680503599,1.0
1716372180000.0,1374128,1716372180000.0,0.043800000000000235,-0.00104316,2802.6837249999912,2802.772524999991,-0.6,8.693,1.2,8.62,long_nclose,10.344,0.0036907482309656726,1.0
1716378300000.0,1374230,1716378300000.0,0.02920000000000016,-0.00069544,2802.712229559991,2802.7658295599913,-0.4,8.693,0.8,8.62,long_nclose,6.896,0.0024604737965133973,102.0
1716381240000.0,1374279,1716381240000.0,0.0,-0.02108958,2802.691139979991,2802.561839979991,12.3,8.573,13.1,8.575870229007636,long_ientry_partial,112.34390000000003,0.04008429555345227,49.0
1716392520000.0,1374467,1716392520000.0,0.3101580152671635,-0.00743728,2802.993860715258,2803.804602699991,-4.3,8.648,8.8,8.575870229007636,long_nclose,75.4676580152672,0.02692394695292327,188.0
1716394200000.0,1374495,1716394200000.0,0.20917633587785447,-0.00501584,2803.198021211136,2803.7061868599912,-2.9,8.648,5.9,8.575870229007636,long_nclose,50.597634351145054,0.01804996791817229,28.0
1716394560000.0,1374501,1716394560000.0,0.13704656488549086,-0.0032862399999999997,2803.331781536022,2803.6363006199913,-1.9,8.648,4.0,8.575870229007636,long_nclose,34.303480916030544,0.012236682486878071,6.0
1716394740000.0,1374504,1716394740000.0,0.09376870229007271,-0.00224848,2803.423301758312,2803.6207521399915,-1.3,8.648,2.7,8.575870229007636,long_nclose,23.15484961832062,0.008259491031482066,3.0
1716394980000.0,1374508,1716394980000.0,0.06491679389312725,-0.00155664,2803.486661912205,2803.6344954999913,-0.9,8.648,1.8,8.575870229007636,long_nclose,15.436566412213745,0.0055062029086611584,4.0
1716395340000.0,1374514,1716395340000.0,0.043277862595418166,-0.00103776,2803.5289020148,2803.617857739991,-0.6,8.648,1.2,8.575870229007636,long_nclose,10.291044274809163,0.0036707466320084455,6.0
1716396240000.0,1374529,1716396240000.0,0.028851908396945448,-0.00069184,2803.5570620831973,2803.6163658999913,-0.4,8.648,0.8,8.575870229007636,long_nclose,6.860696183206109,0.0024471398410233296,15.0
1716397560000.0,1374551,1716397560000.0,0.014425954198472724,-0.00034592,2803.5711421173955,2803.616819979991,-0.2,8.648,0.6,8.575870229007636,long_nclose,5.145522137404582,0.0018353456632880124,22.0
1716397740000.0,1374554,1716397740000.0,0.014425954198472724,-0.00034592,2803.585222151594,2803.6148740599906,-0.2,8.648,0.4,8.575870229007636,long_nclose,3.4303480916030544,0.0012235576306007404,3.0
1716397860000.0,1374556,1716397860000.0,0.007212977099236362,-0.00017296,2803.592262168693,2803.614801099991,-0.1,8.648,0.3,8.575870229007636,long_nclose,2.572761068702291,0.0009176659186211889,2.0
1716399480000.0,1374583,1716399480000.0,0.007212977099236362,-0.00017296,2803.5993021857926,2803.611928139991,-0.1,8.648,0.2,8.575870229007636,long_nclose,1.7151740458015272,0.0006117757428689301,27.0
1716399540000.0,1374584,1716399540000.0,0.007212977099236362,-0.00017296,2803.606342202892,2803.6138551799913,-0.1,8.648,0.1,8.575870229007636,long_nclose,0.8575870229007636,0.0003058871033323913,1.0
1716467340000.0,1375714,1716467340000.0,0.007212977099236362,-0.00017296,2803.6133822199913,2803.6133822199913,-0.1,8.648,0.0,8.575870229007636,long_nclose,0.0,0.0,1130.0
1716468960000.0,1375741,1716468960000.0,0.0,-0.02241582,2803.5909663999914,2803.6308663999916,13.3,8.427,13.3,8.427,long_ientry_normal,112.0791,0.0399769800028702,27.0
1716469200000.0,1375745,1716469200000.0,0.31239999999999885,-0.00747824,2803.895888159991,2804.492188159991,-4.4,8.498,8.9,8.427,long_nclose,75.0003,0.026748603725517663,4.0
1716469260000.0,1375746,1716469260000.0,0.0,-0.007413120000000001,2803.888475039991,2803.9548750399913,4.4,8.424,13.3,8.426007518796991,long_ientry_partial,112.06589999999998,0.03996803046825948,1.0
1716469560000.0,1375751,1716469560000.0,0.3123669172932374,-0.007477360000000001,2804.1933645972845,2804.7539976799912,-4.4,8.497,8.9,8.426007518796991,long_nclose,74.99146691729322,0.02674261620616269,5.0
1716469620000.0,1375752,1716469620000.0,0.20587819548872463,-0.004928259999999999,2804.3943145327735,2804.8622694199917,-2.9,8.497,6.0,8.426007518796991,long_nclose,50.556045112781945,0.018027438171156342,1.0
1716469860000.0,1375756,1716469860000.0,0.141984962406017,-0.0033988,2804.5329006951797,2804.888870619992,-2.0,8.497,4.0,8.426007518796991,long_nclose,33.704030075187966,0.012017698229474686,4.0
1716470040000.0,1375759,1716470040000.0,0.09229022556391105,-0.0022092200000000005,2804.6229817007434,2804.8254613999916,-1.3,8.497,2.7,8.426007518796991,long_nclose,22.750220300751877,0.0081116857592588,3.0
1716470160000.0,1375761,1716470160000.0,0.06389323308270765,-0.00152946,2804.685345473826,2804.8185319399918,-0.9,8.497,1.8,8.426007518796991,long_nclose,15.166813533834585,0.005407670260876372,2.0
1716470400000.0,1375765,1716470400000.0,0.042595488721805096,-0.0010196399999999998,2804.726921322548,2804.8253122999918,-0.6,8.497,1.2,8.426007518796991,long_nclose,10.11120902255639,0.003605060066877571,4.0
1716471960000.0,1375791,1716471960000.0,0.0,-0.02034978,2804.7065715425483,2804.832462519992,12.1,8.409,13.3,8.410534512974165,long_ientry_partial,111.8601090225564,0.03988299886965892,26.0
1716472200000.0,1375795,1716472200000.0,0.0,-0.022465259999999997,2804.6841062825483,2804.084697259992,13.7,8.199,27.0,8.303200334168755,long_rentry,224.1864090225564,0.07993285536876484,4.0
1716473040000.0,1375809,1716473040000.0,0.6371969924812078,-0.0150732,2805.3062300750294,2806.292624059992,-9.0,8.374,18.0,8.303200334168755,long_nclose,149.45760601503758,0.053276752610013724,14.0
1716473100000.0,1375810,1716473100000.0,0.42479799498747184,-0.0100488,2805.720979270017,2806.5825752599917,-6.0,8.374,12.0,8.303200334168755,long_nclose,99.63840401002506,0.03551258473176782,1.0
1716473520000.0,1375817,1716473520000.0,0.2831986633249812,-0.006699200000000001,2805.9974787333417,2806.5878760599917,-4.0,8.374,8.0,8.303200334168755,long_nclose,66.42560267335004,0.023672723577547652,7.0
1716473580000.0,1375818,1716473580000.0,0.0,-0.009047160000000002,2805.9884315733416,2806.5788288999915,5.4,8.377,13.4,8.332940498011197,long_ientry_partial,111.66140267335005,0.039793964015290166,1.0
1716473700000.0,1375820,1716473700000.0,0.3126618087507311,-0.007395520000000001,2806.2936978620924,2806.744233379992,-4.4,8.404,9.0,8.332940498011197,long_nclose,74.99646448210078,0.02672438189175817,2.0
1716473760000.0,1375821,1716473760000.0,0.0,-0.00737704,2806.2863208220924,2806.5626563399915,4.4,8.383,13.4,8.349377946425431,long_ientry_partial,111.88166448210077,0.03986822857381331,1.0
1716488580000.0,1376068,1716488580000.0,0.0,-0.0224664,2806.263854422092,2803.3765899399914,13.8,8.14,27.2,8.243149429489002,long_rentry,224.21366448210082,0.07989757061823904,247.0
1716498120000.0,1376227,1716498120000.0,0.6286551345989917,-0.014963400000000002,2806.877546156691,2808.185226539991,-9.0,8.313,18.2,8.243149429489002,long_nclose,150.02531961669982,0.05344918584785487,159.0
1716498300000.0,1376230,1716498300000.0,0.41910342306599446,-0.009975600000000001,2807.2866739797573,2808.4804509399914,-6.0,8.313,12.2,8.243149429489002,long_nclose,100.56642303976581,0.035823353550564735,3.0
1716498420000.0,1376232,1716498420000.0,0.2794022820439963,-0.006650400000000001,2807.559425861801,2808.3290005399913,-4.0,8.313,8.2,8.243149429489002,long_nclose,67.5938253218098,0.024075652575389878,2.0
1716499800000.0,1376255,1716499800000.0,0.18859654037969753,-0.004489020000000001,2807.743533382181,2808.2212115199914,-2.7,8.313,5.5,8.243149429489002,long_nclose,45.33732186218951,0.016147244690677503,23.0
1716506400000.0,1376365,1716506400000.0,0.12573102691979834,-0.0029926800000000006,2807.866271729101,2808.1580188399917,-1.8,8.313,3.7,8.243149429489002,long_nclose,30.499652889109306,0.010862217049363763,110.0
1716523980000.0,1376658,1716523980000.0,0.41373102691979863,-0.0030502800000000007,2808.2769524760206,2808.7307685599917,-1.8,8.473,1.9,8.243149429489002,long_nclose,15.661983916029103,0.005577079533491218,293.0
1716524580000.0,1376668,1716524580000.0,0.20686551345989931,-0.0015251400000000003,2808.4822928494805,2808.7121434199917,-0.9,8.473,1.0,8.243149429489002,long_nclose,8.243149429489002,0.0029350904046916808,10.0
1716524640000.0,1376669,1716524640000.0,0.11492528525549961,-0.0008473000000000002,2808.5963708347363,2808.7102961199917,-0.5,8.473,0.5,8.243149429489002,long_nclose,4.121574714744501,0.0014674855944215072,1.0
1716529260000.0,1376746,1716529260000.0,0.006985057051099908,-0.00016626000000000005,2808.6031896317877,2808.631129859992,-0.1,8.313,0.4,8.243149429489002,long_nclose,3.2972597717956007,0.00117398562529863,77.0
1716529320000.0,1376747,1716529320000.0,0.006985057051099908,-0.00016626000000000005,2808.610008428839,2808.6255635999923,-0.1,8.313,0.3,8.243149429489002,long_nclose,2.4729448288467,0.0008804870813054202,1.0
1716529380000.0,1376748,1716529380000.0,0.006985057051099908,-0.00016626000000000005,2808.6168272258906,2808.6307973399926,-0.1,8.313,0.2,8.243149429489002,long_nclose,1.6486298858978004,0.0005869899624314986,1.0
1716529440000.0,1376749,1716529440000.0,0.006985057051099908,-0.00016626000000000005,2808.623646022942,2808.630131079993,-0.1,8.313,0.1,8.243149429489002,long_nclose,0.8243149429489002,0.00029349426866648505,1.0
1716529500000.0,1376750,1716529500000.0,0.006985057051099908,-0.00016626000000000005,2808.6304648199934,2808.6304648199934,-0.1,8.313,0.0,8.243149429489002,long_nclose,0.0,0.0,1.0
1716532320000.0,1376797,1716532320000.0,0.0,-0.02244,2808.6080248199933,2808.7576248199935,13.6,8.25,13.6,8.25,long_ientry_normal,112.2,0.039948614761645504,47.0
1716536940000.0,1376874,1716536940000.0,0.3150000000000013,-0.007488,2808.915536819993,2809.5707368199933,-4.5,8.32,9.1,8.25,long_nclose,75.075,0.026727396753621617,77.0
1716537240000.0,1376879,1716537240000.0,0.21000000000000085,-0.004992000000000001,2809.120544819993,2809.571944819993,-3.0,8.32,6.1,8.25,long_nclose,50.324999999999996,0.017914859543069126,5.0
1716537360000.0,1376881,1716537360000.0,0.14000000000000057,-0.0033280000000000002,2809.257216819993,2809.552416819993,-2.0,8.32,4.1,8.25,long_nclose,33.824999999999996,0.012040549294481843,2.0
1716537540000.0,1376884,1716537540000.0,0.09100000000000037,-0.0021632,2809.346053619993,2809.5448536199933,-1.3,8.32,2.8,8.25,long_nclose,23.099999999999998,0.008222554131497759,3.0
1716537720000.0,1376887,1716537720000.0,0.06300000000000026,-0.0014976000000000002,2809.407556019993,2809.534856019993,-0.9,8.32,1.9,8.25,long_nclose,15.674999999999999,0.0055794681574097855,3.0
1716537900000.0,1376890,1716537900000.0,0.04200000000000017,-0.0009984,2809.448557619993,2809.5369576199932,-0.6,8.32,1.3,8.25,long_nclose,10.725,0.0038174751308084516,3.0
1716538260000.0,1376896,1716538260000.0,0.028000000000000115,-0.0006656000000000001,2809.475892019993,2809.534392019993,-0.4,8.32,0.9,8.25,long_nclose,7.425,0.00264284168484588,6.0
1716540600000.0,1376935,1716540600000.0,0.021000000000000085,-0.0004992,2809.496392819993,2809.5413928199932,-0.3,8.32,0.6,8.25,long_nclose,4.95,0.0017618816000797588,39.0
1716540720000.0,1376937,1716540720000.0,0.014000000000000058,-0.00033280000000000007,2809.5100600199935,2809.5396600199933,-0.2,8.32,0.4,8.25,long_nclose,3.3000000000000003,0.0011745820194630364,2.0
1716541440000.0,1376949,1716541440000.0,0.007000000000000029,-0.00016640000000000003,2809.5168936199934,2809.5396936199936,-0.1,8.32,0.3,8.25,long_nclose,2.475,0.0008809343718916114,12.0
1716541620000.0,1376952,1716541620000.0,0.007000000000000029,-0.00016640000000000003,2809.5237272199934,2809.5393272199935,-0.1,8.32,0.2,8.25,long_nclose,1.6500000000000001,0.0005872881527975793,3.0
1716541860000.0,1376956,1716541860000.0,0.007000000000000029,-0.00016640000000000003,2809.5305608199933,2809.5375608199934,-0.1,8.32,0.1,8.25,long_nclose,0.8250000000000001,0.0002936433621705167,4.0
1716541980000.0,1376958,1716541980000.0,0.007000000000000029,-0.00016640000000000003,2809.5373944199932,2809.5373944199932,-0.1,8.32,0.0,8.25,long_nclose,0.0,0.0,2.0
1717050660000.0,1385436,1717050660000.0,0.0,-0.0225324,2809.5148620199934,2809.6204620199933,13.2,8.535,13.2,8.535,long_ientry_normal,112.66199999999999,0.04010016160548015,8478.0
1717065960000.0,1385691,1717065960000.0,0.3167999999999964,-0.007574160000000001,2809.8240878599936,2810.4840878599935,-4.4,8.607,8.8,8.535,long_nclose,75.108,0.02673049901042148,255.0
1717066860000.0,1385706,1717066860000.0,0.2087999999999976,-0.0049920599999999996,2810.0278957999935,2810.4762957999937,-2.9,8.607,5.9,8.535,long_nclose,50.356500000000004,0.017920284732854543,15.0
1717066980000.0,1385708,1717066980000.0,0.13679999999999842,-0.0032706599999999995,2810.1614251399938,2810.461425139994,-1.9,8.607,4.0,8.535,long_nclose,34.14,0.012148768285899893,2.0
1717067280000.0,1385713,1717067280000.0,0.09359999999999893,-0.00223782,2810.252787319994,2810.4579873199937,-1.3,8.607,2.7,8.535,long_nclose,23.044500000000003,0.008200151994858962,5.0
1717069200000.0,1385745,1717069200000.0,0.06479999999999926,-0.00154926,2810.316038059994,2810.440238059994,-0.9,8.607,1.8,8.535,long_nclose,15.363000000000001,0.005466644958054371,32.0
1717069380000.0,1385748,1717069380000.0,0.0431999999999995,-0.00103284,2810.358205219994,2810.442205219994,-0.6,8.607,1.2,8.535,long_nclose,10.241999999999999,0.0036443752903015645,3.0
1717069440000.0,1385749,1717069440000.0,0.028799999999999673,-0.0006885600000000001,2810.386316659994,2810.443916659994,-0.4,8.607,0.8,8.535,long_nclose,6.828,0.0024295592244822565,1.0
1717069500000.0,1385750,1717069500000.0,0.014399999999999837,-0.00034428000000000003,2810.400372379994,2810.4399723799943,-0.2,8.607,0.6,8.535,long_nclose,5.1209999999999996,0.001822160305103884,1.0
1717070640000.0,1385769,1717070640000.0,0.014399999999999837,-0.00034428000000000003,2810.4144280999944,2810.4404280999943,-0.2,8.607,0.4,8.535,long_nclose,3.414,0.0012147674612914884,19.0
1717071600000.0,1385785,1717071600000.0,0.007199999999999918,-0.00017214000000000002,2810.4214559599945,2810.4433559599947,-0.1,8.607,0.3,8.535,long_nclose,2.5604999999999998,0.0009110733176940447,16.0
1717071960000.0,1385791,1717071960000.0,0.007199999999999918,-0.00017214000000000002,2810.4284838199947,2810.4428838199947,-0.1,8.607,0.2,8.535,long_nclose,1.707,0.0006073806929539118,6.0
1717072020000.0,1385792,1717072020000.0,0.007199999999999918,-0.00017214000000000002,2810.4355116799948,2810.443011679995,-0.1,8.607,0.1,8.535,long_nclose,0.8535,0.0003036895870596949,1.0
1717072140000.0,1385794,1717072140000.0,0.007199999999999918,-0.00017214000000000002,2810.442539539995,2810.442539539995,-0.1,8.607,0.0,8.535,long_nclose,0.0,0.0,2.0
1717171740000.0,1387454,1717171740000.0,0.0,-0.0224536,2810.420085939995,2810.515285939995,13.6,8.255,13.6,8.255,long_ientry_normal,112.268,0.03994705295541253,1660.0
1717173120000.0,1387477,1717173120000.0,0.3149999999999933,-0.0074925,2810.727593439995,2811.3099934399947,-4.5,8.325,9.1,8.255,long_nclose,75.1205,0.02672635376524037,23.0
1717173180000.0,1387478,1717173180000.0,0.20999999999999552,-0.0049949999999999994,2810.932598439995,2811.3961984399953,-3.0,8.325,6.1,8.255,long_nclose,50.3555,0.017914161310003014,1.0
1717173480000.0,1387483,1717173480000.0,0.13999999999999702,-0.00333,2811.069268439995,2811.384968439995,-2.0,8.325,4.1,8.255,long_nclose,33.8455,0.012040080399293251,5.0
1717173960000.0,1387491,1717173960000.0,0.09099999999999807,-0.0021645,2811.158103939995,2811.3709039399946,-1.3,8.325,2.8,8.255,long_nclose,23.114,0.008222234091922628,8.0
1717174200000.0,1387495,1717174200000.0,0.06299999999999865,-0.0014985,2811.219605439995,2811.379205439995,-0.9,8.325,1.9,8.255,long_nclose,15.6845,0.005579251072968082,4.0
1717175640000.0,1387519,1717175640000.0,0.0419999999999991,-0.0009989999999999999,2811.260606439995,2811.350306439995,-0.6,8.325,1.3,8.255,long_nclose,10.731500000000002,0.003817326638240666,24.0
1717175700000.0,1387520,1717175700000.0,0.027999999999999404,-0.000666,2811.287940439995,2811.359040439995,-0.4,8.325,0.9,8.255,long_nclose,7.429500000000001,0.0026427389002484066,1.0
1717176180000.0,1387528,1717176180000.0,0.02099999999999955,-0.0004994999999999999,2811.3084409399953,2811.3540409399952,-0.3,8.325,0.6,8.255,long_nclose,4.953,0.0017618130859892074,8.0
1717176900000.0,1387540,1717176900000.0,0.013999999999999702,-0.000333,2811.3221079399955,2811.3509079399955,-0.2,8.325,0.4,8.255,long_nclose,3.3020000000000005,0.0011745363473912105,12.0
1717198680000.0,1387903,1717198680000.0,0.006999999999999851,-0.0001665,2811.3289414399956,2811.3505414399956,-0.1,8.325,0.3,8.255,long_nclose,2.4765,0.0008809001193334238,363.0
1717198980000.0,1387908,1717198980000.0,0.006999999999999851,-0.0001665,2811.3357749399956,2811.3505749399956,-0.1,8.325,0.2,8.255,long_nclose,1.6510000000000002,0.0005872653187558995,5.0
1717209180000.0,1388078,1717209180000.0,0.006999999999999851,-0.0001665,2811.3426084399957,2811.3495084399956,-0.1,8.325,0.1,8.255,long_nclose,0.8255000000000001,0.0002936319456482279,170.0
1717209840000.0,1388089,1717209840000.0,0.006999999999999851,-0.0001665,2811.349441939996,2811.349441939996,-0.1,8.325,0.0,8.255,long_nclose,0.0,0.0,11.0
1717351200000.0,1390445,1717351200000.0,0.0,-0.022476219999999998,2811.3269657199958,2811.4228657199956,13.7,8.203,13.7,8.203,long_ientry_normal,112.38109999999999,0.03997439692014571,2356.0
1717354620000.0,1390502,1717354620000.0,0.3105000000000038,-0.007444800000000001,2811.630020919996,2812.2740209199956,-4.5,8.272,9.2,8.203,long_nclose,75.46759999999999,0.026841227131052674,57.0
1717354740000.0,1390504,1717354740000.0,0.20700000000000252,-0.004963200000000001,2811.8320577199956,2812.2784577199955,-3.0,8.272,6.2,8.203,long_nclose,50.858599999999996,0.01808735335396924,2.0
1717355040000.0,1390509,1717355040000.0,0.13800000000000168,-0.0033088,2811.9667489199956,2812.2859489199955,-2.0,8.272,4.2,8.203,long_nclose,34.4526,0.012252136343088822,5.0
1717357740000.0,1390554,1717357740000.0,0.09660000000000117,-0.0023161600000000003,2812.061032759995,2812.2542327599954,-1.4,8.272,2.8,8.203,long_nclose,22.968399999999995,0.008167817032568763,45.0
1717357800000.0,1390555,1717357800000.0,0.06210000000000076,-0.0014889600000000003,2812.121643799995,2812.269843799995,-0.9,8.272,1.9,8.203,long_nclose,15.585699999999997,0.0055423278130099585,1.0
1717358880000.0,1390573,1717358880000.0,0.0414000000000005,-0.00099264,2812.1620511599954,2812.247851159995,-0.6,8.272,1.3,8.203,long_nclose,10.6639,0.003792064541800222,18.0
1717361460000.0,1390616,1717361460000.0,0.027600000000000336,-0.0006617600000000001,2812.188989399995,2812.251989399995,-0.4,8.272,0.9,8.203,long_nclose,7.3827,0.0026252503042390346,43.0
1717361580000.0,1390618,1717361580000.0,0.02070000000000025,-0.00049632,2812.209193079995,2812.2523930799953,-0.3,8.272,0.6,8.203,long_nclose,4.921799999999999,0.0017501542958152172,2.0
1717361760000.0,1390621,1717361760000.0,0.013800000000000168,-0.00033088000000000003,2812.2226621999953,2812.2534621999953,-0.2,8.272,0.4,8.203,long_nclose,3.2812,0.0011667639423092924,3.0
1717362120000.0,1390627,1717362120000.0,0.006900000000000084,-0.00016544000000000002,2812.2293967599953,2812.2512967599955,-0.1,8.272,0.3,8.203,long_nclose,2.4608999999999996,0.0008750708611592046,6.0
1717362240000.0,1390629,1717362240000.0,0.006900000000000084,-0.00016544000000000002,2812.2361313199954,2812.2499313199955,-0.1,8.272,0.2,8.203,long_nclose,1.6406,0.0005833791770643179,2.0
1717362300000.0,1390630,1717362300000.0,0.006900000000000084,-0.00016544000000000002,2812.2428658799954,2812.2498658799955,-0.1,8.272,0.1,8.203,long_nclose,0.8203,0.00029168889001459524,1.0
1717362600000.0,1390635,1717362600000.0,0.006900000000000084,-0.00016544000000000002,2812.2496004399954,2812.2496004399954,-0.1,8.272,0.0,8.203,long_nclose,0.0,0.0,5.0
1717754940000.0,1397174,1717754940000.0,0.0,-0.02243472,2812.2271657199954,2812.8343657199953,13.2,8.498,13.2,8.498,long_ientry_normal,112.17359999999998,0.03988781609371907,6539.0
1717758180000.0,1397228,1717758180000.0,0.3168000000000042,-0.007541600000000002,2812.5364241199954,2813.1700241199956,-4.4,8.57,8.8,8.498,long_nclose,74.7824,0.02658895342960701,54.0
1717758240000.0,1397229,1717758240000.0,0.20880000000000276,-0.0049706,2812.7402535199953,2813.2063535199954,-2.9,8.57,5.9,8.498,long_nclose,50.1382,0.017825392848577006,1.0
1717764960000.0,1397341,1717764960000.0,0.1368000000000018,-0.0032566000000000006,2812.8737969199956,2813.1897969199954,-1.9,8.57,4.0,8.498,long_nclose,33.992,0.012084438355257928,112.0
1717765440000.0,1397349,1717765440000.0,0.09360000000000124,-0.0022282,2812.9651687199957,2813.1730687199956,-1.3,8.57,2.7,8.498,long_nclose,22.9446,0.008156730931169209,8.0
1717779720000.0,1397587,1717779720000.0,0.06480000000000086,-0.0015426,2813.028426119996,2813.149026119996,-0.9,8.57,1.8,8.498,long_nclose,15.296399999999998,0.005437698338903134,238.0
1717781640000.0,1397619,1717781640000.0,0.04320000000000057,-0.0010284,2813.070597719996,2813.152197719996,-0.6,8.57,1.2,8.498,long_nclose,10.1976,0.003625077880471678,32.0
1717783140000.0,1397644,1717783140000.0,0.0,-0.020499820000000002,2813.0500978999958,2812.5787978999956,12.1,8.471,13.3,8.473436090225563,long_ientry_partial,112.69669999999999,0.04006210201664399,25.0
1717783260000.0,1397646,1717783260000.0,0.0,-0.0224672,2813.027630699996,2808.036930699996,13.6,8.26,26.9,8.365527881040892,long_rentry,225.03269999999998,0.07999661913878986,2.0
1717783260000.0,1397646,1717783260000.0,0.0,-0.022520780000000004,2813.005109919996,2809.112509919996,13.9,8.101,40.8,8.275406862745099,long_rentry,337.6366,0.12002701268096973,0.0
1717783320000.0,1397647,1717783320000.0,0.0,-0.031836,2812.973273919996,2809.548673919996,20.0,7.959,60.8,8.171325657894737,long_rentry,496.8166,0.17661618210387947,1.0
1717783440000.0,1397649,1717783440000.0,0.0,-0.04639264,2812.926881279996,2771.9822812799957,29.8,7.784,90.6,8.043927152317881,long_rentry,728.7798,0.25908238313979054,2.0
1717783440000.0,1397649,1717783440000.0,0.0,-0.06707952,2812.859801759996,2773.602401759996,44.4,7.554,135.0,7.882795555555556,long_rentry,1064.1774,0.37832578763226954,0.0
1717785600000.0,1397685,1717785600000.0,3.024199999999988,-0.07155,2815.812451759996,2821.1408517599957,-45.0,7.95,90.0,7.882795555555556,long_nclose,709.4516,0.2519527177872107,36.0
1717785660000.0,1397686,1717785660000.0,2.0161333333333253,-0.0477,2817.7808850933293,2821.513151759996,-30.0,7.95,60.0,7.882795555555556,long_nclose,472.96773333333334,0.16785113982262959,1.0
1717785780000.0,1397688,1717785780000.0,1.3440888888888836,-0.0318,2819.093173982218,2822.101351759996,-20.0,7.95,40.0,7.882795555555556,long_nclose,315.31182222222225,0.11184867003768323,2.0
1717786020000.0,1397692,1717786020000.0,0.8938191111111076,-0.021147000000000003,2819.965846093329,2822.053904759996,-13.3,7.95,26.7,7.882795555555556,long_nclose,210.47064133333333,0.07463588313486533,4.0
1717787100000.0,1397710,1717787100000.0,0.5981195555555532,-0.014151000000000002,2820.549814648885,2821.710453759996,-8.9,7.95,17.8,7.882795555555556,long_nclose,140.3137608888889,0.04974695364717599,18.0
1717787220000.0,1397712,1717787220000.0,0.39650622222222065,-0.009381,2820.9369398711074,2821.736672759996,-5.9,7.95,11.9,7.882795555555556,long_nclose,93.80526711111112,0.03325323079196418,2.0
1717787280000.0,1397713,1717787280000.0,0.2620973333333323,-0.006201,2821.1928362044405,2821.7544717599962,-3.9,7.95,8.0,7.882795555555556,long_nclose,63.06236444444445,0.0223530854166236,1.0
1717787340000.0,1397714,1717787340000.0,0.0,-0.009861720000000001,2821.1829744844404,2821.645210039996,6.2,7.953,14.2,7.91344820031299,long_ientry_partial,112.37096444444445,0.039831150783468695,1.0
1717787760000.0,1397721,1717787760000.0,0.31279345852894896,-0.0075012,2821.4882667429692,2822.101508839996,-4.7,7.98,9.5,7.91344820031299,long_nclose,75.17775790297341,0.026644717537583837,7.0
1717787820000.0,1397722,1717787820000.0,0.0,-0.00733976,2821.4809269829693,2822.221069079996,4.6,7.978,14.1,7.934507652693149,long_ientry_partial,111.8765579029734,0.03965171510927201,1.0
1717787820000.0,1397722,1717787820000.0,0.14102627665123854,-0.004947600000000001,2821.6170056596206,2822.194421479996,-3.1,7.98,11.0,7.934507652693149,long_nclose,87.27958417962463,0.03093247028372688,0.0
1717787880000.0,1397723,1717787880000.0,0.0,-0.004951940000000001,2821.6120537196207,2821.949769539996,3.1,7.987,14.1,7.946048523377634,long_ientry_partial,112.03928417962463,0.03970754378934823,1.0
1717788300000.0,1397730,1717788300000.0,0.31467194012512023,-0.00753222,2821.919193439746,2822.539137319996,-4.7,8.013,9.4,7.946048523377634,long_nclose,74.69285611974976,0.02646881466109728,7.0
1717788360000.0,1397731,1717788360000.0,0.0,-0.007531280000000001,2821.911662159746,2822.517506039996,4.7,8.012,14.1,7.968032348918424,long_ientry_partial,112.34925611974977,0.03981317261850906,1.0
1717788360000.0,1397731,1717788360000.0,0.1393997183528855,-0.00496806,2822.0460938180986,2822.518737979996,-3.1,8.013,11.0,7.968032348918424,long_nclose,87.64835583810266,0.031058442323143795,0.0
1717788420000.0,1397732,1717788420000.0,0.0,-0.00496682,2822.0411269980987,2822.640671159996,3.1,8.011,14.1,7.97747913745409,long_ientry_partial,112.48245583810267,0.039858545916286514,1.0
1717789020000.0,1397742,1717789020000.0,0.3173480539657783,-0.007562300000000001,2822.3509127520647,2823.0420088599963,-4.7,8.045,9.4,7.97747913745409,long_nclose,74.98830389206844,0.02656944731898969,10.0
1717789080000.0,1397743,1717789080000.0,0.0,-0.00740692,2822.3435058320647,2823.076601939996,4.6,8.051,14.0,8.001635992290604,long_ientry_partial,112.02290389206846,0.03969144920190804,1.0
1717793100000.0,1397810,1717793100000.0,0.3098744354632266,-0.007423480000000001,2822.645956787528,2823.3261784599963,-4.6,8.069,9.4,8.001635992290604,long_nclose,75.21537832753168,0.0266471174490246,67.0
1717793160000.0,1397811,1717793160000.0,0.0,-0.00742808,2822.638528707528,2823.2487503799966,4.6,8.074,14.0,8.025412737680835,long_ientry_partial,112.35577832753168,0.03980523088054737,1.0
1717793640000.0,1397819,1717793640000.0,0.3109014066681595,-0.0074455599999999995,2822.941984554196,2823.5773048199962,-4.6,8.093,9.4,8.025412737680835,long_nclose,75.43887973419984,0.026723496319430485,8.0
1717793700000.0,1397820,1717793700000.0,0.0,-0.0074455599999999995,2822.934538994196,2823.5418592599963,4.6,8.093,14.0,8.047619981014275,long_ientry_partial,112.66667973419985,0.03991119105947908,1.0
1717793700000.0,1397820,1717793700000.0,0.14067805885574672,-0.00501766,2823.070199393052,2823.5430415999963,-3.1,8.093,10.9,8.047619981014275,long_nclose,87.7190577930556,0.03107221981653691,0.0
1717793820000.0,1397822,1717793820000.0,0.0,-0.00501642,2823.065182973052,2823.5240251799964,3.1,8.091,14.0,8.057225556646829,long_ientry_partial,112.80115779305561,0.03995697955307622,2.0
1717848240000.0,1398729,1717848240000.0,0.0,-0.022622400000000004,2823.042560573052,2820.0410027799962,14.4,7.855,28.4,7.954688654685056,long_rentry,225.9131577930556,0.08002470842919113,907.0
1718070720000.0,1402437,1718070720000.0,0.0,-0.02264682,2823.019913753052,2812.7256559599964,14.7,7.703,43.1,7.868845888469966,long_rentry,339.1472577930556,0.12013633206794411,3708.0
1718070780000.0,1402438,1718070780000.0,0.0,-0.03193696,2822.987976793052,2818.0465189999964,21.1,7.568,64.2,7.769969747555383,long_rentry,498.8320577930556,0.1767035714972243,1.0
1718120400000.0,1403265,1718120400000.0,0.0,-0.0466263,2822.941350493052,2796.9566926999964,31.5,7.401,95.7,7.648522025005806,long_rentry,731.9635577930557,0.25929109638257686,827.0
1718195400000.0,1404515,1718195400000.0,2.0568474023147867,-0.04920894,2824.948988955367,2828.9988837599967,-31.9,7.713,63.8,7.648522025005806,long_nclose,487.97570519537044,0.1727378820301524,1250.0
1718195460000.0,1404516,1718195460000.0,1.3669330698769115,-0.03270312,2826.2832189052438,2828.3483806399963,-21.2,7.713,42.6,7.648522025005806,long_nclose,325.8270382652473,0.11528463817276455,1.0
1718195520000.0,1404517,1718195520000.0,0.9155872449175539,-0.021904919999999998,2827.176901230161,2829.320475719996,-14.2,7.713,28.4,7.648522025005806,long_nclose,217.2180255101649,0.07683213081418747,1.0
1718204040000.0,1404659,1718204040000.0,3.0313872449175543,-0.02232808,2830.1859603950784,2833.018547639996,-14.2,7.862,14.2,7.648522025005806,long_nclose,108.60901275508245,0.038375221372351526,142.0
1718214780000.0,1404838,1718214780000.0,1.5156936224587771,-0.01116404,2831.6904899775373,2833.213283599996,-7.1,7.862,7.1,7.648522025005806,long_nclose,54.30450637754122,0.019177415953384087,179.0
1718215320000.0,1404847,1718215320000.0,0.7471729124796789,-0.0055034,2832.4321594900166,2832.9882801999956,-3.5,7.862,3.6,7.648522025005806,long_nclose,27.534679290020904,0.00972121404488592,9.0
1718216280000.0,1404863,1718216280000.0,0.38426035498954914,-0.0028303200000000003,2832.813589525006,2833.185249879996,-1.8,7.862,1.8,7.648522025005806,long_nclose,13.767339645010452,0.004859952555974182,16.0
1718216340000.0,1404864,1718216340000.0,0.19213017749477457,-0.0014151600000000002,2833.004304542501,2833.1982347199955,-0.9,7.862,0.9,7.648522025005806,long_nclose,6.883669822505226,0.002429812694413418,1.0
1718219520000.0,1404917,1718219520000.0,0.08539118999767759,-0.00062896,2833.0890667724984,2833.1968057599956,-0.4,7.862,0.5,7.648522025005806,long_nclose,3.824261012502903,0.0013498555542623882,53.0
1718219640000.0,1404919,1718219640000.0,0.04269559499883879,-0.00031448,2833.1314478874974,2833.1951912799955,-0.2,7.862,0.3,7.648522025005806,long_nclose,2.294556607501742,0.0008099012169776521,2.0
1718219700000.0,1404920,1718219700000.0,0.021347797499419396,-0.00015724,2833.1526384449967,2833.1965340399956,-0.1,7.862,0.2,7.648522025005806,long_nclose,1.5297044050011612,0.000539930106215793,1.0
1718221680000.0,1404953,1718221680000.0,0.006447797499419395,-0.00015426000000000003,2833.158931982496,2833.1647797799956,-0.1,7.713,0.1,7.648522025005806,long_nclose,0.7648522025005806,0.00026996445341150596,33.0
1718221740000.0,1404954,1718221740000.0,0.006447797499419395,-0.00015426000000000003,2833.1652255199956,2833.1652255199956,-0.1,7.713,0.0,7.648522025005806,long_nclose,0.0,0.0,1.0
