timestamp,trade_id,timestamp,pnl,fee_paid,balance,equity,qty,price,psize,pprice,type,pcost,wallet_exposure,mins_since_prev_fill
1672621560000.0,1506,1672621560000.0,0.0,-0.0060916,999.9939084,1000.2073084,97.0,0.314,97.0,0.314,long_ientry_normal,30.458,0.030458185539083027,
1672621560000.0,1506,1672621560000.0,0.0,-0.007962180000000001,999.98594622,1001.81064622,131.0,0.3039,228.0,0.30819692982456137,long_rentry,70.26889999999999,0.07026988755754035,0.0
1672621560000.0,1506,1672621560000.0,0.0,-0.01828492,999.9676612999999,1007.4411612999999,307.0,0.2978,535.0,0.30223084112149534,long_rentry,161.6935,0.16169872912669161,0.0
1672621620000.0,1507,1672621620000.0,7.473499999999982,-0.0338334,1007.4073278999998,1007.4073278999998,-535.0,0.3162,0.0,0.30223084112149534,long_nclose,0.0,0.0,1.0
1681892520000.0,156022,1681892520000.0,0.0,-0.0061516800000000005,1007.4011762199998,1006.6587762199998,64.0,0.4806,64.0,0.4806,long_ientry_normal,30.7584,0.03053242414845352,154515.0
1681892520000.0,156022,1681892520000.0,0.0,-0.007999720000000002,1007.3931764999998,1006.9861764999997,86.0,0.4651,150.0,0.4717133333333334,long_rentry,70.757,0.07023772013806173,0.0
1681892640000.0,156024,1681892640000.0,0.3396666666666659,-0.0024265000000000003,1007.7304166666664,1009.6287499999997,-25.0,0.4853,125.0,0.4717133333333334,long_nclose,58.96416666666667,0.05851184571932062,2.0
1681892640000.0,156024,1681892640000.0,0.3521666666666659,-0.002429,1008.0801543333331,1009.5988209999998,-25.0,0.4858,100.0,0.4717133333333334,long_nclose,47.17133333333334,0.04679323675856791,0.0
1681892640000.0,156024,1681892640000.0,0.3646666666666659,-0.0024315,1008.4423894999999,1009.5813894999999,-25.0,0.4863,75.0,0.4717133333333334,long_nclose,35.3785,0.03508232137835972,0.0
1681892640000.0,156024,1681892640000.0,0.37716666666666593,-0.002434,1008.8171221666665,1009.5764554999998,-25.0,0.4868,50.0,0.4717133333333334,long_nclose,23.58566666666667,0.023379526525096075,0.0
1681892640000.0,156024,1681892640000.0,0.38966666666666594,-0.0024365000000000003,1009.2043523333332,1009.5840189999999,-25.0,0.4873,25.0,0.4717133333333334,long_nclose,11.792833333333334,0.011685277918260744,0.0
1681892700000.0,156025,1681892700000.0,0.18703999999999965,-0.00116952,1009.3902228133333,1009.6682494799999,-12.0,0.4873,13.0,0.4717133333333334,long_nclose,6.132273333333334,0.0060752256112028705,1.0
1681892700000.0,156025,1681892700000.0,0.2091266666666663,-0.00126828,1009.5980811999999,1009.5980811999999,-13.0,0.4878,0.0,0.4717133333333334,long_nclose,0.0,0.0,0.0
1689297120000.0,279432,1689297120000.0,0.0,-0.00609084,1009.59199036,1009.7221903599999,42.0,0.7251,42.0,0.7251,long_ientry_normal,30.4542,0.03016485896361029,123407.0
1689297360000.0,279436,1689297360000.0,0.1463000000000002,-0.0010444,1009.73724596,1010.61224596,-7.0,0.746,35.0,0.7251,long_nclose,25.3785,0.02513376633529209,4.0
1689297360000.0,279436,1689297360000.0,0.15190000000000037,-0.00104552,1009.8881004399999,1010.58810044,-7.0,0.7468,28.0,0.7251,long_nclose,20.302799999999998,0.02010400953447638,0.0
1689297360000.0,279436,1689297360000.0,0.15750000000000053,-0.0010466400000000002,1010.0445537999999,1010.5695537999999,-7.0,0.7476,21.0,0.7251,long_nclose,15.2271,0.01507567160548755,0.0
1689297360000.0,279436,1689297360000.0,0.1624,-0.00104762,1010.2059061799999,1010.55590618,-7.0,0.7483,14.0,0.7251,long_nclose,10.151399999999999,0.010048842456669628,0.0
1689297360000.0,279436,1689297360000.0,0.16800000000000015,-0.00104874,1010.37285744,1010.5478574399999,-7.0,0.7491,7.0,0.7251,long_nclose,5.075699999999999,0.0050235910066511414,0.0
1689297360000.0,279436,1689297360000.0,0.1736000000000003,-0.0010498600000000001,1010.54540758,1010.54540758,-7.0,0.7499,0.0,0.7251,long_nclose,0.0,0.0,0.0
1692126540000.0,326589,1692126540000.0,0.0,-0.0061056,1010.53930198,1011.52510198,53.0,0.576,53.0,0.576,long_ientry_normal,30.528,0.03020961177876503,47153.0
1692126600000.0,326590,1692126600000.0,0.49660000000000015,-0.0030945200000000003,1011.03280746,1011.53770746,-26.0,0.5951,27.0,0.576,long_nclose,15.552,0.015382290154432295,1.0
1692126600000.0,326590,1692126600000.0,0.5319000000000014,-0.0032167800000000002,1011.5614906799999,1011.5614906799999,-27.0,0.5957,0.0,0.576,long_nclose,0.0,0.0,0.0
1692308460000.0,329621,1692308460000.0,0.0,-0.006156060000000001,1011.5553346199999,1011.4078346199999,59.0,0.5217,59.0,0.5217,long_ientry_normal,30.780300000000004,0.030428686347210958,3031.0
1692308520000.0,329622,1692308520000.0,0.0,-0.00797742,1011.5473572,1008.6931572,79.0,0.5049,138.0,0.5120826086956521,long_rentry,70.6674,0.06986069361656971,1.0
1692308520000.0,329622,1692308520000.0,0.0,-0.018406560000000002,1011.52895064,1008.04235064,186.0,0.4948,324.0,0.5021611111111111,long_rentry,162.7002,0.16084581652068256,0.0
1692308580000.0,329623,1692308580000.0,0.0,-0.042161199999999996,1011.4867894399999,968.80858944,436.0,0.4835,760.0,0.4914555263157895,long_rentry,373.5062,0.36926453602699855,1.0
1692308580000.0,329623,1692308580000.0,0.0,-0.1276224,1011.35916704,922.5769670400001,1360.0,0.4692,2120.0,0.47717839622641506,long_rentry,1011.6181999999999,1.0002561236091407,0.0
1692308940000.0,329629,1692308940000.0,4.879026132075482,-0.034664600000000004,1016.2035285720755,1016.0650024400001,-353.0,0.491,1767.0,0.47717839622641506,long_nclose,843.1742261320754,0.8297296775940808,6.0
1692308940000.0,329629,1692308940000.0,5.055526132075482,-0.0346999,1021.224354804151,1021.1135025400001,-353.0,0.4915,1414.0,0.47717839622641506,long_nclose,674.7302522641509,0.6607071688899837,0.0
1692308940000.0,329629,1692308940000.0,5.232026132075482,-0.0347352,1026.4216457362265,1026.33846734,-353.0,0.492,1061.0,0.47717839622641506,long_nclose,506.28627839622635,0.49325370377695016,0.0
1692308940000.0,329629,1692308940000.0,5.408526132075482,-0.0347705,1031.795401368302,1031.7398968400003,-353.0,0.4925,708.0,0.47717839622641506,long_nclose,337.84230452830184,0.3274314889175477,0.0
1692308940000.0,329629,1692308940000.0,5.585026132075482,-0.0348058,1037.3456217003775,1037.3177910400002,-353.0,0.493,355.0,0.47717839622641506,long_nclose,169.39833066037735,0.16329979817402232,0.0
1692308940000.0,329629,1692308940000.0,5.794169339622652,-0.0350385,1043.1047525400002,1043.1047525400002,-355.0,0.4935,0.0,0.47717839622641506,long_nclose,0.0,0.0,0.0
1692309000000.0,329630,1692309000000.0,0.0,-0.00639314,1043.0983594000002,1043.0514594,67.0,0.4771,67.0,0.4771,long_ientry_normal,31.965700000000002,0.030644952809998637,1.0
1692309000000.0,329630,1692309000000.0,0.0,-0.0083106,1043.0900488000002,1044.3661488000002,90.0,0.4617,157.0,0.46827197452229297,long_rentry,73.5187,0.07048164258165242,0.0
1692309360000.0,329636,1692309360000.0,0.35172866242038303,-0.00250536,1043.4392721024205,1045.7354434400002,-26.0,0.4818,131.0,0.46827197452229297,long_nclose,61.34362866242038,0.05878984077225636,6.0
1692309360000.0,329636,1692309360000.0,0.36472866242038304,-0.00250796,1043.801492804841,1045.6419354800003,-26.0,0.4823,105.0,0.46827197452229297,long_nclose,49.16855732484076,0.047105275920537294,0.0
1692309360000.0,329636,1692309360000.0,0.37772866242038305,-0.0025105600000000002,1044.1767109072614,1045.5614249200003,-26.0,0.4828,79.0,0.46827197452229297,long_nclose,36.993485987261145,0.035428376826292504,0.0
1692309360000.0,329636,1692309360000.0,0.39072866242038307,-0.00251316,1044.5649264096817,1045.4939117600002,-26.0,0.4833,53.0,0.46827197452229297,long_nclose,24.81841464968153,0.023759571111568865,0.0
1692309360000.0,329636,1692309360000.0,0.4037286624203831,-0.00251576,1044.966139312102,1045.4393960000002,-26.0,0.4838,27.0,0.46827197452229297,long_nclose,12.64334331210191,0.012099285169589307,0.0
1692309360000.0,329636,1692309360000.0,0.43275668789809013,-0.00261522,1045.39628078,1045.39628078,-27.0,0.4843,0.0,0.46827197452229297,long_nclose,0.0,0.0,0.0
1699317180000.0,446433,1699317180000.0,0.0,-0.006340800000000001,1045.38993998,1045.70673998,48.0,0.6605,48.0,0.6605,long_ientry_normal,31.704,0.030327439348236458,116797.0
1699317360000.0,446436,1699317360000.0,0.15280000000000005,-0.00108736,1045.5416526200001,1046.52565262,-8.0,0.6796,40.0,0.6605,long_nclose,26.419999999999998,0.025269198920764843,3.0
1699317360000.0,446436,1699317360000.0,0.15840000000000032,-0.0010884800000000002,1045.6989641400003,1046.4861641400003,-8.0,0.6803,32.0,0.6605,long_nclose,21.136,0.020212318004333672,0.0
1699317360000.0,446436,1699317360000.0,0.1640000000000006,-0.0010896,1045.8618745400004,1046.4522745400004,-8.0,0.681,24.0,0.6605,long_nclose,15.852,0.015156877199460166,0.0
1699317360000.0,446436,1699317360000.0,0.16959999999999997,-0.00109072,1046.0303838200002,1046.4239838200003,-8.0,0.6817,16.0,0.6605,long_nclose,10.568,0.010102957011063772,0.0
1699317360000.0,446436,1699317360000.0,0.17520000000000024,-0.00109184,1046.20449198,1046.40129198,-8.0,0.6824,8.0,0.6605,long_nclose,5.284,0.005050637844232284,0.0
1699317360000.0,446436,1699317360000.0,0.18080000000000052,-0.00109296,1046.38419902,1046.38419902,-8.0,0.6831,0.0,0.6605,long_nclose,0.0,0.0,0.0
1699546320000.0,450252,1699546320000.0,0.0,-0.0064010000000000004,1046.37779802,1046.06279802,50.0,0.6401,50.0,0.6401,long_ientry_normal,32.005,0.0305864670108265,3816.0
1699546320000.0,450252,1699546320000.0,0.0,-0.008301300000000001,1046.36949672,1047.01259672,67.0,0.6195,117.0,0.6283034188034188,long_rentry,73.5115,0.07025386369770208,0.0
1699546320000.0,450252,1699546320000.0,0.0,-0.01906294,1046.35043378,1051.18543378,157.0,0.6071,274.0,0.6161540145985401,long_rentry,168.8262,0.16134766570517473,0.0
1699546320000.0,450252,1699546320000.0,0.0,-0.043778159999999997,1046.30665562,1066.1230556199998,369.0,0.5932,643.0,0.6029813374805599,long_rentry,387.71700000000004,0.3705577116588772,0.0
1699546380000.0,450253,1699546380000.0,19.816399999999984,-0.08150668000000001,1066.0415489399998,1066.0415489399998,-643.0,0.6338,0.0,0.6029813374805599,long_nclose,0.0,0.0,1.0
1699546560000.0,450256,1699546560000.0,0.0,-0.00645966,1066.0350892799997,1066.5501892799998,51.0,0.6333,51.0,0.6333,long_ientry_normal,32.2983,0.030297595571468734,3.0
1699546620000.0,450257,1699546620000.0,0.14639999999999986,-0.0010425599999999999,1066.1804467199997,1066.7437467199998,-8.0,0.6516,43.0,0.6333,long_nclose,27.2319,0.025541548884878057,1.0
1699546620000.0,450257,1699546620000.0,0.15200000000000014,-0.00104368,1066.3314030399997,1066.7899030399997,-8.0,0.6523,35.0,0.6333,long_nclose,22.165499999999998,0.02078668970716652,0.0
1699546620000.0,450257,1699546620000.0,0.1568000000000005,-0.00104464,1066.4871583999998,1066.8408583999997,-8.0,0.6529,27.0,0.6333,long_nclose,17.0991,0.016033104445113966,0.0
1699546620000.0,450257,1699546620000.0,0.16239999999999988,-0.00104576,1066.6485126399998,1066.8974126399999,-8.0,0.6536,19.0,0.6333,long_nclose,12.0327,0.011280848243268594,0.0
1699546620000.0,450257,1699546620000.0,0.16800000000000015,-0.00104688,1066.8154657599996,1066.9595657599996,-8.0,0.6543,11.0,0.6333,long_nclose,6.9662999999999995,0.00652999532120319,0.0
1699546620000.0,450257,1699546620000.0,0.2376000000000007,-0.0014407800000000002,1067.0516249799996,1067.0516249799996,-11.0,0.6549,0.0,0.6333,long_nclose,0.0,0.0,0.0
1699987980000.0,457613,1699987980000.0,0.0,-0.0065109,1067.0451140799996,1066.9956140799995,55.0,0.5919,55.0,0.5919,long_ientry_normal,32.5545,0.030509019319270587,7356.0
1699988100000.0,457615,1699988100000.0,0.15390000000000004,-0.0010962,1067.1979178799997,1068.1087178799999,-9.0,0.609,46.0,0.5919,long_nclose,27.2274,0.025512980810614327,2.0
1699988100000.0,457615,1699988100000.0,0.15930000000000044,-0.0010972800000000002,1067.3561205999997,1068.0887205999998,-9.0,0.6096,37.0,0.5919,long_nclose,21.900299999999998,0.020518268998812733,0.0
1699988100000.0,457615,1699988100000.0,0.16469999999999985,-0.00109836,1067.5197222399997,1068.0741222399997,-9.0,0.6102,28.0,0.5919,long_nclose,16.5732,0.015524959075438995,0.0
1699988100000.0,457615,1699988100000.0,0.17100000000000015,-0.0010996200000000002,1067.6896226199997,1068.0658226199996,-9.0,0.6109,19.0,0.5919,long_nclose,11.2461,0.010533117267172867,0.0
1699988100000.0,457615,1699988100000.0,0.17640000000000056,-0.0011007000000000002,1067.8649219199997,1068.0629219199998,-9.0,0.6115,10.0,0.5919,long_nclose,5.919,0.00554283587605608,0.0
1699988160000.0,457616,1699988160000.0,0.20199999999999996,-0.0012242,1068.0656977199997,1068.0656977199997,-10.0,0.6121,0.0,0.5919,long_nclose,0.0,0.0,1.0
1701688320000.0,485952,1701688320000.0,0.0,-0.0065032,1068.0591945199997,1067.6796945199997,55.0,0.5912,55.0,0.5912,long_ientry_normal,32.516,0.030444005507216414,28336.0
1701688320000.0,485952,1701688320000.0,0.0,-0.008467080000000002,1068.0507274399997,1068.5740274399998,74.0,0.5721,129.0,0.5802434108527131,long_rentry,74.8514,0.0700822517853722,0.0
1701688320000.0,485952,1701688320000.0,0.0,-0.01951236,1068.0312150799998,1072.6609150799998,174.0,0.5607,303.0,0.5690204620462045,long_rentry,172.41319999999996,0.16143086228719028,0.0
1701688380000.0,485953,1701688380000.0,0.8239768976897766,-0.005855000000000001,1068.8493369776895,1076.5606600799997,-50.0,0.5855,253.0,0.5690204620462045,long_nclose,143.96217689768974,0.1346889331519459,1.0
1701688380000.0,485953,1701688380000.0,0.8539768976897733,-0.005861,1069.6974528753792,1075.8847990799998,-50.0,0.5861,203.0,0.5690204620462045,long_nclose,115.51115379537951,0.10798488253373141,0.0
1701688380000.0,485953,1701688380000.0,0.8839768976897755,-0.005867000000000001,1070.575562773069,1075.2389320799996,-50.0,0.5867,153.0,0.5690204620462045,long_nclose,87.06013069306928,0.08132086488837922,0.0
1701688380000.0,485953,1701688380000.0,0.9139768976897777,-0.005873000000000001,1071.4836666707586,1074.6230590799996,-50.0,0.5873,103.0,0.5690204620462045,long_nclose,58.60910759075906,0.05469902100595272,0.0
1701688380000.0,485953,1701688380000.0,0.9439768976897744,-0.0058790000000000005,1072.4217645684482,1074.0371800799994,-50.0,0.5879,53.0,0.5690204620462045,long_nclose,30.15808448844884,0.028121477467948176,0.0
1701688380000.0,485953,1701688380000.0,1.0324155115511633,-0.0062381,1073.4479419799993,1073.4479419799993,-53.0,0.5885,0.0,0.5690204620462045,long_nclose,0.0,0.0,0.0
1702260720000.0,495492,1702260720000.0,0.0,-0.006534000000000001,1073.4414079799992,1073.6682079799991,54.0,0.605,54.0,0.605,long_ientry_normal,32.67,0.030434823696132953,9539.0
1702260780000.0,495493,1702260780000.0,0.0,-0.0085483,1073.4328596799992,1074.0435596799991,73.0,0.5855,127.0,0.5937913385826772,long_rentry,75.4115,0.07025264721491842,1.0
1702260840000.0,495494,1702260840000.0,0.35928188976377906,-0.00256578,1073.789575789763,1075.7938938999991,-21.0,0.6109,106.0,0.5937913385826772,long_nclose,62.941881889763785,0.05861658867704184,1.0
1702260840000.0,495494,1702260840000.0,0.3739818897637798,-0.00256872,1074.1609889595268,1075.7682251799993,-21.0,0.6116,85.0,0.5937913385826772,long_nclose,50.47226377952756,0.04698761572826892,0.0
1702260840000.0,495494,1702260840000.0,0.3865818897637784,-0.00257124,1074.5449996092907,1075.7551539399994,-21.0,0.6122,64.0,0.5937913385826772,long_nclose,38.00264566929134,0.035366267288116614,0.0
1702260840000.0,495494,1702260840000.0,0.39918188976377933,-0.00257376,1074.9416077390545,1075.7546801799992,-21.0,0.6128,43.0,0.5937913385826772,long_nclose,25.533027559055117,0.023752943764786656,0.0
1702260840000.0,495494,1702260840000.0,0.41388188976378004,-0.0025767000000000003,1075.3529129288183,1075.7689034799994,-21.0,0.6135,22.0,0.5937913385826772,long_nclose,13.063409448818899,0.012148020702561314,0.0
1702260840000.0,495494,1702260840000.0,0.44679055118110145,-0.00270204,1075.7970014399993,1075.7970014399993,-22.0,0.6141,0.0,0.5937913385826772,long_nclose,0.0,0.0,0.0
