timestamp,trade_id,timestamp,pnl,fee_paid,balance,equity,qty,price,psize,pprice,type,pcost,wallet_exposure,mins_since_prev_fill
1708644780000.0,3600,1708644780000.0,0.0,-0.008000840000000002,999.99199916,1000.3811991599999,13.9,2.878,13.9,2.878,long_ientry_normal,40.004200000000004,0.04000452006976436,
1708647000000.0,3637,1708647000000.0,0.2209999999999998,-0.00200124,1000.21099792,1000.76749792,-3.4,2.943,10.5,2.878,long_nclose,30.219,0.03021262519892529,37.0
1708649400000.0,3677,1708649400000.0,0.16899999999999987,-0.0015303600000000001,1000.37846756,1000.90776756,-2.6,2.943,7.9,2.878,long_nclose,22.7362,0.022727598341311106,40.0
1708650300000.0,3692,1708650300000.0,0.24179999999999993,-0.0015449200000000002,1000.61872264,1001.12222264,-2.6,2.971,5.3,2.878,long_nclose,15.253400000000001,0.015243968211743954,15.0
1708650660000.0,3698,1708650660000.0,0.15809999999999994,-0.00101014,1000.7758125,1001.0782125000001,-1.7,2.971,3.6,2.878,long_nclose,10.360800000000001,0.010352768193026248,6.0
1708650720000.0,3699,1708650720000.0,0.11159999999999996,-0.0007130400000000001,1000.8866994599999,1001.1434994599999,-1.2,2.971,2.4,2.878,long_nclose,6.9072000000000005,0.0069010808153675985,1.0
1708650900000.0,3702,1708650900000.0,0.14400000000000013,-0.0007195200000000001,1001.02997994,1001.18477994,-1.2,2.998,1.2,2.878,long_nclose,3.4536000000000002,0.003450046521291004,3.0
1708651020000.0,3704,1708651020000.0,0.17639999999999975,-0.000726,1001.2056539399999,1001.2056539399999,-1.2,3.025,0.0,2.878,long_nclose,0.0,0.0,2.0
1709141520000.0,11879,1709141520000.0,0.0,-0.00802368,1001.19763026,1000.18963026,14.4,2.786,14.4,2.786,long_ientry_normal,40.1184,0.04007041046389782,8175.0
1709141520000.0,11879,1709141520000.0,0.0,-0.00801918,1001.18961108,1000.55411108,14.9,2.691,29.3,2.7376894197952217,long_rentry,80.2143,0.08011898956229828,0.0
1709141520000.0,11879,1709141520000.0,0.0,-0.008008020000000001,1001.1816030599999,1002.0608030599999,15.3,2.617,44.6,2.696286995515695,long_rentry,120.2544,0.12011247473231214,0.0
1709141580000.0,11880,1709141580000.0,0.6739143497757873,-0.00612054,1001.8493968697758,1003.95028252,-11.1,2.757,33.5,2.696286995515695,long_nclose,90.32561434977578,0.09015887480892165,1.0
1709141580000.0,11880,1709141580000.0,0.9625143497757851,-0.00617826,1002.8057329595516,1004.2105042600001,-11.1,2.783,22.4,2.696286995515695,long_nclose,60.39682869955156,0.060227845448493945,0.0
1709141640000.0,11881,1709141640000.0,0.6416762331838568,-0.00411884,1003.4432903527354,1004.89398542,-7.4,2.783,15.0,2.696286995515695,long_nclose,40.44430493273543,0.04030552132001226,1.0
1709141640000.0,11881,1709141640000.0,0.8340762331838586,-0.004157320000000001,1004.2732092659193,1005.0082281,-7.4,2.809,7.6,2.696286995515695,long_nclose,20.49178116591928,0.020404588091021462,0.0
1709141700000.0,11882,1709141700000.0,0.0,-0.0037835200000000003,1004.2694257459193,1005.62644458,6.8,2.782,14.4,2.7367625809666167,long_ientry_partial,39.409381165919285,0.03924184103946811,1.0
1709141700000.0,11882,1709141700000.0,0.274502192326857,-0.0021348400000000003,1004.5417930982461,1005.54070974,-3.8,2.809,10.6,2.7367625809666167,long_nclose,29.009683358246136,0.028878523081427368,0.0
1709141700000.0,11882,1709141700000.0,0.36950219232685666,-0.00215384,1004.909141450573,1005.5499559,-3.8,2.834,6.8,2.7367625809666167,long_nclose,18.609985550572993,0.018519072802651318,0.0
1709141760000.0,11883,1709141760000.0,0.38840722471350303,-0.0019386800000000001,1005.2956099952866,1005.7248172200001,-3.4,2.851,3.4,2.7367625809666167,long_nclose,9.304992775286497,0.009255976732386331,1.0
1709141760000.0,11883,1709141760000.0,0.47680722471350234,-0.00195636,1005.7704608600001,1005.7704608600001,-3.4,2.877,0.0,2.7367625809666167,long_nclose,0.0,0.0,0.0
1709450820000.0,17034,1709450820000.0,0.0,-0.008069840000000002,1005.7623910200001,1005.4941910200001,14.9,2.708,14.9,2.708,long_ientry_normal,40.3492,0.04011802425727971,5151.0
1709450880000.0,17035,1709450880000.0,0.2256999999999998,-0.00204906,1005.9860419600001,1007.1060419600001,-3.7,2.769,11.2,2.708,long_nclose,30.3296,0.030149126066309737,1.0
1709450880000.0,17035,1709450880000.0,0.3218999999999991,-0.0020683,1006.3058736600001,1007.0558736600001,-3.7,2.795,7.5,2.708,long_nclose,20.310000000000002,0.02018273025291128,0.0
1709450880000.0,17035,1709450880000.0,0.41809999999999997,-0.0020875400000000006,1006.72188612,1007.10188612,-3.7,2.821,3.8,2.708,long_nclose,10.2904,0.01022169095743032,0.0
1709450940000.0,17036,1709450940000.0,0.21469999999999997,-0.00107198,1006.93551414,1007.16351414,-1.9,2.821,1.9,2.708,long_nclose,5.1452,0.005109761179090395,1.0
1709451060000.0,17038,1709451060000.0,0.2640999999999996,-0.00108186,1007.19853228,1007.19853228,-1.9,2.847,0.0,2.708,long_nclose,0.0,0.0,2.0
1709668560000.0,20663,1709668560000.0,0.0,-0.008046780000000002,1007.1904855,1006.8362855,16.1,2.499,16.1,2.499,long_ientry_normal,40.233900000000006,0.03994666409107973,3625.0
1709668620000.0,20664,1709668620000.0,0.0,-0.00806276,1007.18242274,1008.3067227399999,16.7,2.414,32.8,2.45572256097561,long_rentry,80.5477,0.07997329796609552,1.0
1709668680000.0,20665,1709668680000.0,0.45327499999999776,-0.00411804,1007.6315797,1009.0652047,-8.2,2.511,24.6,2.45572256097561,long_nclose,60.410775000000015,0.05995323709285291,1.0
1709668680000.0,20665,1709668680000.0,0.6500749999999978,-0.0041574,1008.2774972999999,1009.2332472999999,-8.2,2.535,16.4,2.45572256097561,long_nclose,40.27385,0.03994322010344047,0.0
1709668740000.0,20666,1709668740000.0,0.42809817073170603,-0.0027378000000000003,1008.7028576707316,1009.9049094999999,-5.4,2.535,11.0,2.45572256097561,long_nclose,27.01294817073171,0.026779886628961528,1.0
1709668740000.0,20666,1709668740000.0,0.5522981707317043,-0.0027626400000000002,1009.2523932014633,1009.8643468599998,-5.4,2.558,5.6,2.45572256097561,long_nclose,13.752046341463416,0.013625973477100572,0.0
1709668800000.0,20667,1709668800000.0,0.7015536585365829,-0.00289072,1009.9510561399999,1009.9510561399999,-5.6,2.581,0.0,2.45572256097561,long_nclose,0.0,0.0,1.0
1712946900000.0,75302,1712946900000.0,0.0,-0.00809318,1009.9429629599999,1006.9168629599999,13.1,3.089,13.1,3.089,long_ientry_normal,40.4659,0.040067510229884834,54635.0
1712946900000.0,75302,1712946900000.0,0.0,-0.0080568,1009.93490616,1005.20780616,13.5,2.984,26.6,3.035710526315789,long_rentry,80.7499,0.07995554912249672,0.0
1712946900000.0,75302,1712946900000.0,0.0,-0.008067560000000001,1009.9268386,1004.5881386,13.9,2.902,40.5,2.9898197530864197,long_rentry,121.0877,0.11989749689973235,0.0
1712946900000.0,75302,1712946900000.0,0.0,-0.00973176,1009.91710684,1005.07720684,17.2,2.829,57.7,2.9418804159445404,long_rentry,169.7465,0.16807963628929076,0.0
1712948280000.0,75325,1712948280000.0,0.9665220103986165,-0.00866592,1010.8749629303986,1013.69464092,-14.4,3.009,43.3,2.9418804159445404,long_nclose,127.38342201039859,0.12601303492682236,23.0
1712948340000.0,75326,1712948340000.0,0.7248915077989624,-0.00649944,1011.5933549981976,1013.54724148,-10.8,3.009,32.5,2.9418804159445404,long_nclose,95.61111351819757,0.09451536335800459,1.0
1712948400000.0,75327,1712948400000.0,0.5436686308492218,-0.00487458,1012.1321490490468,1013.9406669,-8.1,3.009,24.4,2.9418804159445404,long_nclose,71.78188214904678,0.0709214525163436,1.0
1712948700000.0,75332,1712948700000.0,0.7704686308492219,-0.00491994,1012.897697739896,1014.54594696,-8.1,3.037,16.3,2.9418804159445404,long_nclose,47.95265077989601,0.04734204736262503,5.0
1712948820000.0,75334,1712948820000.0,0.5136457538994814,-0.00327996,1013.4080635337955,1014.499367,-5.4,3.037,10.9,2.9418804159445404,long_nclose,32.066496533795494,0.031642235430788174,2.0
1712949000000.0,75337,1712949000000.0,0.6594457538994821,-0.00330912,1014.0642001676949,1014.8513578799999,-5.4,3.064,5.5,2.9418804159445404,long_nclose,16.180342287694973,0.01595593482643332,3.0
1712949540000.0,75346,1712949540000.0,0.8256577123050282,-0.0034012,1014.8864566799999,1014.8864566799999,-5.5,3.092,0.0,2.9418804159445404,long_nclose,0.0,0.0,9.0
1713038820000.0,76834,1713038820000.0,0.0,-0.00813838,1014.8783182999999,1014.2227182999999,14.9,2.731,14.9,2.731,long_ientry_normal,40.6919,0.04009534864057604,1488.0
1713038820000.0,76834,1713038820000.0,0.0,-0.00812504,1014.87019326,1014.96919326,15.4,2.638,30.3,2.683732673267327,long_rentry,81.3171,0.08012561659613876,0.0
1713038940000.0,76836,1713038940000.0,0.0,-0.00810856,1014.8620847,1012.7699847,15.8,2.566,46.1,2.6433817787418654,long_rentry,121.8599,0.12007533027112999,2.0
1713039240000.0,76841,1713039240000.0,0.6856095444685459,-0.0062169,1015.5414773444685,1017.3620678,-11.5,2.703,34.6,2.6433817787418654,long_nclose,91.46100954446855,0.09006132352528745,5.0
1713039360000.0,76843,1713039360000.0,0.5127167028199561,-0.00464916,1016.0495448872884,1017.9896186399999,-8.6,2.703,26.0,2.6433817787418654,long_nclose,68.72792624728851,0.06764229814690048,2.0
1713039360000.0,76843,1713039360000.0,0.7277167028199591,-0.004692160000000001,1016.7725694301084,1018.07092648,-8.6,2.728,17.4,2.6433817787418654,long_nclose,45.994842950108456,0.04523611703636747,0.0
1713039420000.0,76844,1713039420000.0,0.49078568329718175,-0.0031644800000000003,1017.2601906334056,1018.3461619999999,-5.8,2.728,11.6,2.6433817787418654,long_nclose,30.663228633405637,0.030142955475641803,1.0
1713039480000.0,76845,1713039480000.0,0.6415856832971806,-0.0031946400000000003,1017.8985816767029,1018.4009673600001,-5.8,2.754,5.8,2.6433817787418654,long_nclose,15.331614316702819,0.015062025424427134,1.0
1713039600000.0,76847,1713039600000.0,0.1607746203904561,-0.0010366400000000001,1018.0583196570933,1018.42343072,-1.9,2.728,3.9,2.6433817787418654,long_nclose,10.309188937093275,0.010126324531747513,2.0
1713039600000.0,76847,1713039600000.0,0.2101746203904557,-0.00104652,1018.2674477574838,1018.4546842,-1.9,2.754,2.0,2.6433817787418654,long_nclose,5.286763557483731,0.0051919204224064085,0.0
1713039780000.0,76850,1713039780000.0,0.0,-0.0070478,1018.2603999574837,1018.4744364000001,13.1,2.69,15.1,2.683825401157863,long_ientry_partial,40.52576355748373,0.03979901757858386,3.0
1713040200000.0,76857,1713040200000.0,0.2263460157159071,-0.0020313,1018.4847146731996,1018.9541051,-3.7,2.745,11.4,2.683825401157863,long_nclose,30.59560957319964,0.03004032277795826,7.0
1713040260000.0,76858,1713040260000.0,0.17128887675798374,-0.0015372,1018.6544663499576,1019.1117679,-2.8,2.745,8.6,2.683825401157863,long_nclose,23.080898449957623,0.022658221420911343,1.0
1713040380000.0,76860,1713040380000.0,0.12846665756848782,-0.0011529000000000003,1018.7817801075262,1019.1794150000001,-2.1,2.745,6.5,2.683825401157863,long_nclose,17.44486510752611,0.01712325980710502,2.0
1713040440000.0,76861,1713040440000.0,0.09787935814741928,-0.0008784000000000001,1018.8787810656736,1019.2177366000001,-1.6,2.745,4.9,2.683825401157863,long_nclose,13.15074446567353,0.012907074629544057,1.0
1713040800000.0,76867,1713040800000.0,0.07340951861056445,-0.0006588000000000001,1018.9515317842842,1019.1408778000001,-1.2,2.745,3.7,2.683825401157863,long_nclose,9.930153984284093,0.009745462541182326,6.0
1713040860000.0,76868,1713040860000.0,0.05505713895792335,-0.0004941000000000001,1019.0060948232422,1019.1913837000002,-0.9,2.745,2.8,2.683825401157863,long_nclose,7.514711123242016,0.0073745497317614424,1.0
1713041040000.0,76871,1713041040000.0,0.042822219189495934,-0.0003843,1019.0485327424317,1019.1790994000002,-0.7,2.745,2.1,2.683825401157863,long_nclose,5.636033342431513,0.005530681965915789,3.0
1713041100000.0,76872,1713041100000.0,0.06032221918949587,-0.0003878,1019.1084671616212,1019.2053116000002,-0.7,2.77,1.4,2.683825401157863,long_nclose,3.757355561621008,0.0036869044686537043,1.0
1713042060000.0,76888,1713042060000.0,0.018352379652641113,-0.00016470000000000002,1019.1266548412739,1019.1950469000002,-0.3,2.745,1.1,2.683825401157863,long_nclose,2.9522079412736497,0.0028968018128555846,16.0
1713044940000.0,76936,1713044940000.0,0.01223491976842741,-0.00010980000000000001,1019.1387799610422,1019.2010371000001,-0.2,2.745,0.9,2.683825401157863,long_nclose,2.415442861042077,0.0023700823759590524,48.0
1713045300000.0,76942,1713045300000.0,0.02585237965264109,-0.0001662,1019.1644661406949,1019.2269709000002,-0.3,2.77,0.6,2.683825401157863,long_nclose,1.6102952406947177,0.0015800150949065934,6.0
1713045420000.0,76944,1713045420000.0,0.03365237965264103,-0.00016775999999999998,1019.1979507603476,1019.2322031400003,-0.3,2.796,0.3,2.683825401157863,long_nclose,0.8051476203473589,0.0007899815926304584,2.0
1713046200000.0,76957,1713046200000.0,0.008617459884213696,-5.5400000000000005e-05,1019.2065128202319,1019.2229477400003,-0.1,2.77,0.2,2.683825401157863,long_nclose,0.5367650802315727,0.0005266499708153332,13.0
1713046560000.0,76963,1713046560000.0,0.008617459884213696,-5.5400000000000005e-05,1019.2150748801162,1019.2241923400004,-0.1,2.77,0.1,2.683825401157863,long_nclose,0.2683825401157863,0.0002633227733090138,6.0
1713046800000.0,76967,1713046800000.0,0.011217459884213677,-5.592000000000001e-05,1019.2262364200003,1019.2262364200003,-0.1,2.796,0.0,2.683825401157863,long_nclose,0.0,0.0,4.0
1717783440000.0,155911,1717783440000.0,0.0,-0.008152620000000001,1019.2180838000003,1018.4095838000003,14.7,2.773,14.7,2.773,long_ientry_normal,40.7631,0.0399944826803121,78944.0
1717784580000.0,155930,1717784580000.0,0.226799999999999,-0.00204192,1019.4428418800003,1020.3086418800003,-3.6,2.836,11.1,2.773,long_nclose,30.7803,0.030193257272998913,19.0
1717784640000.0,155931,1717784640000.0,0.32929999999999987,-0.0021178800000000004,1019.7700240000003,1020.4138240000002,-3.7,2.862,7.4,2.773,long_nclose,20.520200000000003,0.020122380063213152,1.0
1717784700000.0,155932,1717784700000.0,0.21359999999999993,-0.0013737600000000001,1019.9822502400003,1020.4022502400003,-2.4,2.862,5.0,2.773,long_nclose,13.865,0.013593373803061363,1.0
1717784760000.0,155933,1717784760000.0,0.14239999999999994,-0.0009158400000000001,1020.1237344000003,1020.4195344000003,-1.6,2.862,3.4,2.773,long_nclose,9.4282,0.00924221217688394,1.0
1717784880000.0,155935,1717784880000.0,0.09789999999999997,-0.0006296400000000001,1020.2210047600003,1020.4165047600003,-1.1,2.862,2.3,2.773,long_nclose,6.3778999999999995,0.006251488618880529,2.0
1717785180000.0,155940,1717785180000.0,0.06229999999999997,-0.00040068000000000005,1020.2829040800003,1020.4221040800003,-0.7,2.862,1.6,2.773,long_nclose,4.436800000000001,0.0043485978077822535,5.0
1717785300000.0,155942,1717785300000.0,0.044499999999999984,-0.0002862,1020.3271178800003,1020.4305178800003,-0.5,2.862,1.1,2.773,long_nclose,3.0503000000000005,0.0029895314419730473,2.0
1717786500000.0,155962,1717786500000.0,0.05799999999999983,-0.0002889,1020.3848289800003,1020.4538289800003,-0.5,2.889,0.6,2.773,long_nclose,1.6638,0.0016305612870226344,20.0
1717786740000.0,155966,1717786740000.0,0.034799999999999894,-0.00017334,1020.4194556400004,1020.4542556400004,-0.3,2.889,0.3,2.773,long_nclose,0.8319,0.000815252977980744,4.0
1717786800000.0,155967,1717786800000.0,0.011599999999999966,-5.778e-05,1020.4309978600004,1020.4531978600004,-0.1,2.889,0.2,2.773,long_nclose,0.5546000000000001,0.0005434958377029715,1.0
1717787520000.0,155979,1717787520000.0,0.011599999999999966,-5.778e-05,1020.4425400800004,1020.4543400800004,-0.1,2.889,0.1,2.773,long_nclose,0.27730000000000005,0.0002717448451122592,12.0
1717788480000.0,155995,1717788480000.0,0.01419999999999999,-5.830000000000001e-05,1020.4566817800004,1020.4566817800004,-0.1,2.915,0.0,2.773,long_nclose,0.0,0.0,16.0
