timestamp,trade_id,timestamp,pnl,fee_paid,balance,equity,qty,price,psize,pprice,type,pcost,wallet_exposure,mins_since_prev_fill
1704282900000.0,3595,1704282900000.0,0.0,-0.008789980000000001,999.99121002,999.67341002,0.001,43949.9,0.001,43949.9,long_ientry_normal,43.9499,0.043950286322137766,
1704283260000.0,3601,1704283260000.0,0.0,-0.00840298,999.98280704,999.21680704,0.001,42014.9,0.002,42982.4,long_rentry,85.96480000000001,0.08596627801477927,6.0
1704283740000.0,3609,1704283740000.0,0.0,-0.008136019999999999,999.97467102,994.9698710199999,0.001,40680.1,0.003,42214.96666666667,long_rentry,126.6449,0.12664810786739122,8.0
1704381300000.0,5235,1704381300000.0,1.6591333333333314,-0.008774820000000001,1001.6250295333333,1005.2546962,-0.001,43874.1,0.002,42214.96666666667,long_nclose,84.42993333333334,0.08429295479234385,1626.0
1704381720000.0,5242,1704381720000.0,1.6591333333333314,-0.008774820000000001,1003.2753880466666,1004.91232138,-0.001,43874.1,0.001,42214.96666666667,long_nclose,42.21496666666667,0.04207714768011739,7.0
1704381900000.0,5245,1704381900000.0,1.6591333333333314,-0.008774820000000001,1004.92574656,1004.92574656,-0.001,43874.1,0.0,42214.96666666667,long_nclose,0.0,0.0,3.0
1704419280000.0,5868,1704419280000.0,0.0,-0.0085535,1004.91719306,1004.6565930600001,0.001,42767.5,0.001,42767.5,long_ientry_normal,42.7675,0.04255823295228118,623.0
1704634200000.0,9450,1704634200000.0,1.6809000000000014,-0.00888968,1006.58920338,1006.58920338,-0.001,44448.4,0.0,42767.5,long_nclose,0.0,0.0,3582.0
1704835500000.0,12805,1704835500000.0,0.0,-0.00908592,1006.58011746,1006.84721746,0.001,45429.6,0.001,45429.6,long_ientry_normal,45.4296,0.04513262204566176,3355.0
1704927900000.0,14345,1704927900000.0,1.7855,-0.00944302,1008.3561744399999,1008.3561744399999,-0.001,47215.1,0.0,45429.6,long_nclose,0.0,0.0,1540.0
1705073160000.0,16766,1705073160000.0,0.0,-0.00894114,1008.3472332999999,1008.5135332999998,0.001,44705.7,0.001,44705.7,long_ientry_normal,44.7057,0.04433562023440324,2421.0
1705096980000.0,17163,1705096980000.0,0.0,-0.00854672,1008.3386865799998,1006.7127865799998,0.001,42733.6,0.002,43719.649999999994,long_rentry,87.43929999999999,0.08671620078028486,397.0
1705098120000.0,17182,1705098120000.0,0.0,-0.008274080000000001,1008.3304124999999,1005.4142124999998,0.001,41370.4,0.003,42936.56666666666,long_rentry,128.80969999999996,0.1277455270645226,19.0
1705949340000.0,31369,1705949340000.0,0.0,-0.0160918,1008.3143206999998,1000.5076206999998,0.002,40229.5,0.005,41853.74,long_rentry,209.2687,0.20754311994172595,14187.0
1706577720000.0,41842,1706577720000.0,1.644959999999999,-0.008699740000000001,1009.9505809599998,1016.4560209599998,-0.001,43498.7,0.004,41853.74,long_nclose,167.41496,0.1657654970017099,10473.0
1706578380000.0,41853,1706578380000.0,1.644959999999999,-0.008699740000000001,1011.5868412199998,1016.6480212199998,-0.001,43498.7,0.003,41853.74,long_nclose,125.56121999999999,0.12412302620363264,11.0
1706578500000.0,41855,1706578500000.0,1.644959999999999,-0.008699740000000001,1013.2231014799997,1016.5546214799997,-0.001,43498.7,0.002,41853.74,long_nclose,83.70748,0.08261505277340178,2.0
1706578800000.0,41860,1706578800000.0,1.644959999999999,-0.008699740000000001,1014.8593617399997,1016.4898217399997,-0.001,43498.7,0.001,41853.74,long_nclose,41.85374,0.041240926159700396,5.0
1706578860000.0,41861,1706578860000.0,1.644959999999999,-0.008699740000000001,1016.4956219999997,1016.4956219999997,-0.001,43498.7,0.0,41853.74,long_nclose,0.0,0.0,1.0
1707834240000.0,62784,1707834240000.0,0.0,-0.00970198,1016.4859200199996,1016.6762200199996,0.001,48509.9,0.001,48509.9,long_ientry_normal,48.5099,0.04772314012873445,20923.0
1707900900000.0,63895,1707900900000.0,1.9065999999999985,-0.0100833,1018.3824367199996,1018.3824367199996,-0.001,50416.5,0.0,48509.9,long_nclose,0.0,0.0,1111.0
1709228520000.0,86022,1709228520000.0,0.0,-0.01214714,1018.3702895799996,1018.5774895799997,0.001,60735.7,0.001,60735.7,long_ientry_normal,60.7357,0.05964009419898617,22127.0
1709326680000.0,87658,1709326680000.0,2.387100000000006,-0.012624560000000002,1020.7447650199997,1020.7447650199997,-0.001,63122.8,0.0,60735.7,long_nclose,0.0,0.0,1636.0
1709614980000.0,92463,1709614980000.0,0.0,-0.01310452,1020.7316604999997,1021.0333604999997,0.001,65522.6,0.001,65522.6,long_ientry_normal,65.5226,0.06419179744841472,4805.0
1709644680000.0,92958,1709644680000.0,2.5752000000000046,-0.013619560000000003,1023.2932409399997,1023.2932409399997,-0.001,68097.8,0.0,65522.6,long_nclose,0.0,0.0,495.0
1709654880000.0,93128,1709654880000.0,0.0,-0.01309604,1023.2801448999996,1023.4283448999996,0.001,65480.2,0.001,65480.2,long_ientry_normal,65.4802,0.06399049207233379,170.0
1709667360000.0,93336,1709667360000.0,0.0,-0.012459900000000001,1023.2676849999997,1019.6607849999997,0.001,62299.5,0.002,63889.85,long_rentry,127.7797,0.12487416721265858,208.0
1709668560000.0,93356,1709668560000.0,0.0,-0.011980680000000002,1023.2557043199997,1015.8357043199998,0.001,59903.4,0.003,62561.033333333326,long_rentry,187.68309999999997,0.1834175946516946,20.0
1709701740000.0,93909,1709701740000.0,2.458766666666677,-0.013003960000000002,1025.7014670266665,1030.64560036,-0.001,65019.8,0.002,62561.033333333326,long_nclose,125.12206666666665,0.12198682627351033,553.0
1709701920000.0,93912,1709701920000.0,2.906366666666676,-0.01309348,1028.5947402133331,1031.3997068799997,-0.001,65467.4,0.001,62561.033333333326,long_nclose,62.56103333333333,0.06082184837962326,3.0
1709702040000.0,93914,1709702040000.0,2.906366666666676,-0.01309348,1031.4880133999998,1031.4880133999998,-0.001,65467.4,0.0,62561.033333333326,long_nclose,0.0,0.0,2.0
1710118320000.0,100852,1710118320000.0,0.0,-0.01346204,1031.4745513599999,1031.5383513599998,0.001,67310.2,0.001,67310.2,long_ientry_normal,67.3102,0.06525628762362722,6938.0
1710140700000.0,101225,1710140700000.0,2.6455,-0.01399114,1034.10606022,1034.10606022,-0.001,69955.7,0.0,67310.2,long_nclose,0.0,0.0,373.0
1710263160000.0,103266,1710263160000.0,0.0,-0.013986779999999999,1034.09207344,1034.4292734399999,0.001,69933.9,0.001,69933.9,long_ientry_normal,69.9339,0.0676283106661466,2041.0
1710311460000.0,104071,1710311460000.0,2.748600000000006,-0.0145365,1036.8261369399997,1036.8261369399997,-0.001,72682.5,0.0,69933.9,long_nclose,0.0,0.0,805.0
1710430080000.0,106048,1710430080000.0,0.0,-0.014168100000000001,1036.8119688399997,1036.9122688399998,0.001,70840.5,0.001,70840.5,long_ientry_normal,70.8405,0.0683253107882786,1977.0
1710473100000.0,106765,1710473100000.0,0.0,-0.013465940000000001,1036.7985028999997,1033.7719028999998,0.001,67329.7,0.002,69085.1,long_rentry,138.17020000000002,0.13326620323382807,717.0
1710660120000.0,109882,1710660120000.0,0.0,-0.012928560000000002,1036.7855743399996,1027.9363743399995,0.001,64642.8,0.003,67604.33333333334,long_rentry,202.81300000000005,0.19561711217780728,3117.0
1710889380000.0,113703,1710889380000.0,0.0,-0.024920160000000004,1036.7606541799996,1020.9153541799996,0.002,62300.4,0.005,65482.76000000001,long_rentry,327.41380000000004,0.31580461573260604,3821.0
1710972900000.0,115095,1710972900000.0,2.573639999999985,-0.01361128,1039.3206828999996,1049.7984428999996,-0.001,68056.4,0.004,65482.76000000001,long_nclose,261.93104000000005,0.2520213869593532,1392.0
1710978060000.0,115181,1710978060000.0,2.573639999999985,-0.01361128,1041.8807116199996,1049.5047316199996,-0.001,68056.4,0.003,65482.76000000001,long_nclose,196.44828000000004,0.1885516046213645,86.0
1710981720000.0,115242,1710981720000.0,2.573639999999985,-0.01361128,1044.4407403399996,1049.6822203399995,-0.001,68056.4,0.002,65482.76000000001,long_nclose,130.96552000000003,0.1253929638529482,61.0
1710982080000.0,115248,1710982080000.0,2.573639999999985,-0.01361128,1047.0007690599996,1049.5660090599995,-0.001,68056.4,0.001,65482.76000000001,long_nclose,65.48276000000001,0.06254318233098399,6.0
1710982140000.0,115249,1710982140000.0,2.573639999999985,-0.01361128,1049.5607977799996,1049.5607977799996,-0.001,68056.4,0.0,65482.76000000001,long_nclose,0.0,0.0,1.0
1711051440000.0,116404,1711051440000.0,0.0,-0.012918780000000001,1049.5478789999995,1049.6777789999994,0.001,64593.9,0.001,64593.9,long_ientry_normal,64.5939,0.061544500534405855,1155.0
1711321380000.0,120903,1711321380000.0,2.5387000000000044,-0.013426520000000003,1052.0731524799996,1052.0731524799996,-0.001,67132.6,0.0,64593.9,long_nclose,0.0,0.0,4499.0
1712025420000.0,132637,1712025420000.0,0.0,-0.0135195,1052.0596329799996,1051.7360329799997,0.001,67597.5,0.001,67597.5,long_ientry_normal,67.5975,0.06425253653020357,11734.0
1712507460000.0,140671,1712507460000.0,2.656699999999997,-0.01405084,1054.7022821399996,1054.7022821399996,-0.001,70254.2,0.0,67597.5,long_nclose,0.0,0.0,8034.0
1712673720000.0,143442,1712673720000.0,0.0,-0.0137802,1054.6885019399997,1054.8276019399998,0.001,68901.0,0.001,68901.0,long_ientry_normal,68.901,0.06532829349448972,2771.0
1712946900000.0,147995,1712946900000.0,0.0,-0.01310664,1054.6753952999998,1051.6813952999998,0.001,65533.2,0.002,67217.1,long_rentry,134.4342,0.12746500069982247,4553.0
1713038820000.0,149527,1713038820000.0,0.0,-0.0125967,1054.6627985999999,1043.0047986,0.001,62983.5,0.003,65805.9,long_rentry,197.4177,0.187185610663484,1532.0
1713038880000.0,149528,1713038880000.0,0.0,-0.024307600000000002,1054.638491,1039.5727909999998,0.002,60769.0,0.005,63791.14,long_rentry,318.9557,0.3024313096116648,1.0
1713162540000.0,151589,1713162540000.0,2.5071600000000034,-0.01325966,1057.1323913400001,1067.18383134,-0.001,66298.3,0.004,63791.14,long_nclose,255.16456,0.2413742707065843,2061.0
1713162720000.0,151592,1713162720000.0,2.5071600000000034,-0.01325966,1059.6262916800003,1067.1255716800003,-0.001,66298.3,0.003,63791.14,long_nclose,191.37342,0.18060463533476898,3.0
1713162780000.0,151593,1713162780000.0,2.5071600000000034,-0.01325966,1062.1201920200006,1067.0293120200006,-0.001,66298.3,0.002,63791.14,long_nclose,127.58228,0.12012037899153086,1.0
1713163260000.0,151601,1713163260000.0,2.5071600000000034,-0.01325966,1064.6140923600008,1067.1632523600008,-0.001,66298.3,0.001,63791.14,long_nclose,63.79114,0.059919496142109056,8.0
1713163500000.0,151605,1713163500000.0,2.5071600000000034,-0.01325966,1067.107992700001,1067.107992700001,-0.001,66298.3,0.0,63791.14,long_nclose,0.0,0.0,4.0
1713193260000.0,152101,1713193260000.0,0.0,-0.01278004,1067.095212660001,1067.037912660001,0.001,63900.2,0.001,63900.2,long_ientry_normal,63.9002,0.05988237904349024,496.0
1713364440000.0,154954,1713364440000.0,0.0,-0.01217116,1067.083041500001,1064.099041500001,0.001,60855.8,0.002,62378.0,long_rentry,124.756,0.11691311280200857,2853.0
1713509640000.0,157374,1713509640000.0,2.4515999999999987,-0.01296592,1069.521675580001,1071.8255755800012,-0.001,64829.6,0.001,62378.0,long_nclose,62.378,0.05832326863891977,2420.0
1713509700000.0,157375,1713509700000.0,2.4515999999999987,-0.01296592,1071.9603096600013,1071.9603096600013,-0.001,64829.6,0.0,62378.0,long_nclose,0.0,0.0,1.0
1713985260000.0,165301,1713985260000.0,0.0,-0.012766760000000002,1071.9475429000013,1071.9938429000013,0.001,63833.8,0.001,63833.8,long_ientry_normal,63.833800000000004,0.05954936920449182,7926.0
1714479120000.0,173532,1714479120000.0,0.0,-0.012159480000000002,1071.9353834200012,1068.8305834200012,0.001,60797.4,0.002,62315.600000000006,long_rentry,124.63120000000002,0.11626745597515885,8231.0
1714547280000.0,174668,1714547280000.0,0.0,-0.011709820000000001,1071.9236736000012,1063.2986736000012,0.001,58549.1,0.003,61060.100000000006,long_rentry,183.18030000000002,0.1708893128414622,1136.0
1714551660000.0,174741,1714551660000.0,0.0,-0.022644960000000002,1071.9010286400012,1058.603428640001,0.002,56612.4,0.005,59281.020000000004,long_rentry,296.4051,0.2765228244776206,73.0
1714743360000.0,177936,1714743360000.0,2.3298799999999975,-0.01232218,1074.2185864600012,1083.2701064600012,-0.001,61610.9,0.004,59281.020000000004,long_nclose,237.12408000000002,0.2207409953512561,3195.0
1714743480000.0,177938,1714743480000.0,2.3298799999999975,-0.01232218,1076.5361442800013,1083.5485842800013,-0.001,61610.9,0.003,59281.020000000004,long_nclose,177.84306,0.16519933951585372,2.0
1714743720000.0,177942,1714743720000.0,2.3298799999999975,-0.01232218,1078.8537021000013,1083.3008621000013,-0.001,61610.9,0.002,59281.020000000004,long_nclose,118.56204000000001,0.10989630917446695,4.0
1714743960000.0,177946,1714743960000.0,2.3298799999999975,-0.01232218,1081.1712599200014,1083.5782399200014,-0.001,61610.9,0.001,59281.020000000004,long_nclose,59.281020000000005,0.054830369801345216,4.0
1714744320000.0,177952,1714744320000.0,2.3298799999999975,-0.01232218,1083.4888177400014,1083.4888177400014,-0.001,61610.9,0.0,59281.020000000004,long_nclose,0.0,0.0,6.0
1715352720000.0,188092,1715352720000.0,0.0,-0.01222022,1083.4765975200014,1083.3610975200013,0.001,61101.1,0.001,61101.1,long_ientry_normal,61.1011,0.05639355768260795,10140.0
1715776200000.0,195150,1715776200000.0,2.4014000000000015,-0.012700500000000002,1085.8652970200014,1085.8652970200014,-0.001,63502.5,0.0,61101.1,long_nclose,0.0,0.0,7058.0
