timestamp,trade_id,timestamp,pnl,fee_paid,balance,equity,qty,price,psize,pprice,type,pcost,wallet_exposure,mins_since_prev_fill
1714443060000.0,845,1714443060000.0,0.0,-0.007987008,999.992012992,999.596252992,20.4,1.9576,20.4,1.9576,long_ientry_normal,39.93504,0.039935358964031525,
1714443060000.0,845,1714443060000.0,0.0,-0.008007173999999999,999.984005818,999.673115818,20.7,1.9341,41.1,1.945764233576642,long_rentry,79.97090999999999,0.07997218908974722,0.0
1714443060000.0,845,1714443060000.0,0.0,-0.008007208,999.97599861,1000.13744861,20.9,1.9156,62.0,1.9355959677419354,long_rentry,120.00695,0.12000983040274332,0.0
1714443060000.0,845,1714443060000.0,0.0,-0.011734584,999.964264026,1001.343174026,30.9,1.8988,92.9,1.9233570505920343,long_rentry,178.67987,0.17868625552738168,0.0
1714443060000.0,845,1714443060000.0,0.0,-0.017416703999999998,999.946847322,1004.1747173220001,46.4,1.8768,139.3,1.9078491744436463,long_rentry,265.76338999999996,0.26577751678676936,0.0
1714443120000.0,846,1714443120000.0,1.442488729361109,-0.013567128,1001.3757689233612,1007.5883801940001,-34.8,1.9493,104.5,1.9078491744436463,long_nclose,199.37023872936103,0.19909632818828427,1.0
1714443300000.0,849,1714443300000.0,1.081866547020832,-0.010175346,1002.447460124382,1006.8261648480002,-26.1,1.9493,78.4,1.9078491744436463,long_nclose,149.5753752763819,0.14921018928794816,3.0
1714443660000.0,855,1714443660000.0,0.8124361809045327,-0.007641256000000002,1003.2522550492865,1005.2662035920001,-19.6,1.9493,58.8,1.9078491744436463,long_nclose,112.1815314572864,0.1118178712210074,6.0
1714444140000.0,863,1714444140000.0,0.6093271356783995,-0.005730942,1003.855851242965,1005.4192326500001,-14.7,1.9493,44.1,1.9078491744436463,long_nclose,84.1361485929648,0.08381297821673123,8.0
1714446180000.0,897,1714446180000.0,0.0,-0.00826144,1003.847589802965,1003.1018912100002,22.0,1.8776,66.1,1.8977813705440971,long_rentry,125.44334859296481,0.12496254398298332,34.0
1714450920000.0,976,1714450920000.0,0.0,-0.01228128,1003.835308522965,1001.5791299300001,33.0,1.8608,99.1,1.8854666861045897,long_rentry,186.84974859296483,0.1861358601421323,79.0
1714451280000.0,982,1714451280000.0,0.0,-0.018202140000000002,1003.817106382965,999.0240177900001,49.5,1.8386,148.6,1.8698549703429665,long_rentry,277.8604485929648,0.27680385881664643,6.0
1714458720000.0,1106,1714458720000.0,1.5079306002759443,-0.014175910000000002,1005.310861073241,1009.8985318800002,-37.1,1.9105,111.5,1.8698549703429665,long_nclose,208.48882919324078,0.20738742339923005,124.0
1714458720000.0,1106,1714458720000.0,2.268480600275943,-0.014328020000000002,1007.5650136535169,1010.6262038600001,-37.1,1.931,74.4,1.8698549703429665,long_nclose,139.11720979351674,0.13807268802344164,0.0
1714459860000.0,1125,1714459860000.0,0.7559975516208238,-0.007107060000000002,1008.3139041451377,1010.5595768000002,-18.6,1.9105,55.8,1.8698549703429665,long_nclose,104.33790734513752,0.10347760446048458,19.0
1714459920000.0,1126,1714459920000.0,0.5649659122327662,-0.005311190000000001,1008.8735588673704,1010.2455756100002,-13.9,1.9105,41.9,1.8698549703429665,long_nclose,78.34692325737029,0.07765782200232092,1.0
1714459980000.0,1127,1714459980000.0,0.4227083084331488,-0.003973840000000001,1009.2922933358036,1010.5600117700002,-10.4,1.9105,31.5,1.8698549703429665,long_nclose,58.900431565803444,0.05835815051270442,1.0
1714460040000.0,1128,1714460040000.0,0.3170312313248616,-0.00298038,1009.6063441871285,1010.5151213900001,-7.8,1.9105,23.7,1.8698549703429665,long_nclose,44.31556279712831,0.04389390285855267,1.0
1714460100000.0,1129,1714460100000.0,0.23980567497649788,-0.00225439,1009.843895472105,1010.6403570000002,-5.9,1.9105,17.8,1.8698549703429665,long_nclose,33.283418472104806,0.032958973779353,1.0
1714460340000.0,1133,1714460340000.0,0.17883813049094757,-0.0016812400000000005,1010.0210523625959,1010.5603357600002,-4.4,1.9105,13.4,1.8698549703429665,long_nclose,25.056056602595753,0.024807459749463388,4.0
1714460400000.0,1134,1714460400000.0,0.13412859786821066,-0.00126093,1010.1539200304642,1010.5664548300002,-3.3,1.9105,10.1,1.8698549703429665,long_nclose,18.885535200463963,0.01869570055214399,1.0
1714461120000.0,1146,1714461120000.0,0.20177859786821054,-0.00127446,1010.3544241683323,1010.8545303700001,-3.3,1.931,6.8,1.8698549703429665,long_nclose,12.715013798332173,0.012584706410127778,12.0
1714461180000.0,1147,1714461180000.0,0.27759310083391375,-0.00132702,1010.6306902491663,1010.8423233500001,-3.4,1.9515,3.4,1.8698549703429665,long_nclose,6.357506899166086,0.006290633126922628,1.0
1714461180000.0,1147,1714461180000.0,0.3469531008339137,-0.001340892,1010.9763024580002,1010.9763024580002,-3.4,1.9719,0.0,1.8698549703429665,long_nclose,0.0,0.0,0.0
1714484400000.0,1534,1714484400000.0,0.0,-0.00807438,1010.9682280780002,1010.5956280780001,23.0,1.7553,23.0,1.7553,long_ientry_normal,40.371900000000004,0.03993389592148998,387.0
1714484400000.0,1534,1714484400000.0,0.0,-0.008081838000000001,1010.9601462400002,1010.6993862400002,23.3,1.7343,46.3,1.7447319654427647,long_rentry,80.78108999999999,0.07990531605073055,0.0
1714484940000.0,1543,1714484940000.0,0.0,-0.00807319,1010.9520730500002,1009.3584730500002,23.5,1.7177,69.8,1.7356309455587393,long_rentry,121.14704,0.11983460267755765,9.0
1714485300000.0,1549,1714485300000.0,0.0,-0.011850096,1010.9402229540002,1010.1513629540002,34.8,1.7026,104.6,1.7246416826003823,long_rentry,180.39752,0.17844528875591928,6.0
1714486560000.0,1570,1714486560000.0,0.0,-0.017569476,1010.9226534780003,1005.8822334780003,52.2,1.6829,156.8,1.7107455357142853,long_rentry,268.2449,0.2653466109173876,21.0
1714487100000.0,1579,1714487100000.0,1.4603750000000149,-0.013704320000000002,1012.3693241580003,1016.9738891580004,-39.2,1.748,117.6,1.7107455357142853,long_nclose,201.18367499999994,0.1987255739572382,9.0
1714487340000.0,1583,1714487340000.0,1.095281250000011,-0.01027824,1013.4543271680002,1016.3785509180002,-29.4,1.748,88.2,1.7107455357142853,long_nclose,150.88775624999997,0.14888461394371977,4.0
1714487700000.0,1589,1714487700000.0,0.8195982142857225,-0.007691200000000001,1014.266234182286,1016.7059997180003,-22.0,1.748,66.2,1.7107455357142853,long_nclose,113.2513544642857,0.11165840944669754,6.0
1714487760000.0,1590,1714487760000.0,0.6146986607142919,-0.0057684,1014.8751644430004,1016.3887513180003,-16.5,1.748,49.7,1.7107455357142853,long_nclose,85.02405312499998,0.08377784392000982,1.0
1714488120000.0,1596,1714488120000.0,0.4619553571428618,-0.00433504,1015.3327847601432,1016.7857862780004,-12.4,1.748,37.3,1.7107455357142853,long_nclose,63.81080848214284,0.06284718610481702,6.0
1714488180000.0,1597,1714488180000.0,0.693835357142861,-0.004381416,1016.0222387012861,1017.5001648620005,-12.4,1.7667,24.9,1.7107455357142853,long_nclose,42.597563839285705,0.04192581836962087,1.0
1714488300000.0,1599,1714488300000.0,0.46442205357143124,-0.002932722,1016.4837280328576,1017.2681521400004,-8.3,1.7667,16.6,1.7107455357142853,long_nclose,28.39837589285714,0.02793785587479583,2.0
1714488360000.0,1600,1714488360000.0,0.3077495535714303,-0.0019433699999999998,1016.7895342164289,1017.4960987700003,-5.5,1.7667,11.1,1.7107455357142853,long_nclose,18.989275446428568,0.018675718826180014,1.0
1714488720000.0,1606,1714488720000.0,0.20703151785714402,-0.001307358,1016.9952583762861,1017.4204214120003,-3.7,1.7667,7.4,1.7107455357142853,long_nclose,12.659516964285713,0.0124479606566678,6.0
1714488840000.0,1608,1714488840000.0,0.13429071428571504,-0.000848016,1017.1287010745718,1017.4544733960004,-2.4,1.7667,5.0,1.7107455357142853,long_nclose,8.553727678571427,0.008409680770520605,2.0
1714489080000.0,1612,1714489080000.0,0.08952714285714336,-0.000565344,1017.2176628734289,1017.3949880520004,-1.6,1.7667,3.4,1.7107455357142853,long_nclose,5.81653482142857,0.005718082799504352,4.0
1714489320000.0,1616,1714489320000.0,0.06154991071428607,-0.00038867400000000004,1017.2788241101432,1017.4162593780004,-1.1,1.7667,2.3,1.7107455357142853,long_nclose,3.934714732142856,0.0038678822746406006,4.0
1714489980000.0,1627,1714489980000.0,0.01862723214285733,-0.00017480000000000002,1017.2972765422861,1017.3679345780004,-0.5,1.748,1.8,1.7107455357142853,long_nclose,3.079341964285714,0.00302698339540646,11.0
1714490160000.0,1630,1714490160000.0,0.014901785714285866,-0.00013984000000000002,1017.3120384880004,1017.3692347380004,-0.4,1.748,1.4,1.7107455357142853,long_nclose,2.3950437499999992,0.0023542862557290475,3.0
1714490220000.0,1631,1714490220000.0,0.02238178571428584,-0.000141336,1017.3342789377148,1017.3985334020005,-0.4,1.7667,1.0,1.7107455357142853,long_nclose,1.7107455357142853,0.0016815962767917545,1.0
1714490340000.0,1633,1714490340000.0,0.01678633928571438,-0.000106002,1017.3509592750004,1017.3924374000004,-0.3,1.7667,0.7,1.7107455357142853,long_nclose,1.1975218749999996,0.0011770980939098887,2.0
1714491180000.0,1647,1714491180000.0,0.0037254464285714664,-3.4960000000000004e-05,1017.354649761429,1017.3774824400003,-0.1,1.748,0.6,1.7107455357142853,long_nclose,1.0264473214285712,0.001008937563384877,14.0
1714491600000.0,1654,1714491600000.0,0.0037254464285714664,-3.4960000000000004e-05,1017.3583402478575,1017.3770174800004,-0.1,1.748,0.5,1.7107455357142853,long_nclose,0.8553727678571427,0.0008407782528708119,7.0
1714491960000.0,1660,1714491960000.0,0.0037254464285714664,-3.4960000000000004e-05,1017.3620307342861,1017.3863725200005,-0.1,1.748,0.4,1.7107455357142853,long_nclose,0.6842982142857141,0.0006726201623544162,6.0
1714491960000.0,1660,1714491960000.0,0.00559544642857146,-3.5334e-05,1017.3675908467146,1017.3858471860003,-0.1,1.7667,0.3,1.7107455357142853,long_nclose,0.5132236607142856,0.0005044623647654727,0.0
1714492920000.0,1676,1714492920000.0,0.0037254464285714664,-3.4960000000000004e-05,1017.3712813331432,1017.3777122260003,-0.1,1.748,0.2,1.7107455357142853,long_nclose,0.34214910714285707,0.00033630702322805066,16.0
1714492980000.0,1677,1714492980000.0,0.0037254464285714664,-3.4960000000000004e-05,1017.3749718195718,1017.3788572660004,-0.1,1.748,0.1,1.7107455357142853,long_nclose,0.17107455357142853,0.00016815290164398506,1.0
1714493460000.0,1685,1714493460000.0,0.0037254464285714664,-3.4960000000000004e-05,1017.3786623060004,1017.3786623060004,-0.1,1.748,0.0,1.7107455357142853,long_nclose,0.0,0.0,8.0
1714551060000.0,2645,1714551060000.0,0.0,-0.008142336,1017.3705199700004,1018.1219599700004,24.8,1.6416,24.8,1.6416,long_ientry_normal,40.71168,0.040016571348264036,960.0
1714551120000.0,2646,1714551120000.0,0.2213400000000004,-0.002079852,1017.5897801180005,1018.2073001180005,-6.2,1.6773,18.6,1.6416,long_nclose,30.53376,0.030005961730923913,1.0
1714551180000.0,2647,1714551180000.0,0.16422000000000028,-0.001543116,1017.7524570020005,1018.1626570020005,-4.6,1.6773,14.0,1.6416,long_nclose,22.9824,0.022581522492904994,1.0
1714551240000.0,2648,1714551240000.0,0.12495000000000023,-0.00117411,1017.8762328920005,1018.1313828920005,-3.5,1.6773,10.5,1.6416,long_nclose,17.2368,0.01693408239921923,1.0
1714551300000.0,2649,1714551300000.0,0.09282000000000017,-0.0008721960000000001,1017.9681806960004,1018.2573206960004,-2.6,1.6773,7.9,1.6416,long_nclose,12.96864,0.012739730225293627,1.0
1714551420000.0,2651,1714551420000.0,0.06783000000000013,-0.000637374,1018.0353733220004,1018.2267733220004,-1.9,1.6773,6.0,1.6416,long_nclose,9.849599999999999,0.009675105853993357,2.0
1714551480000.0,2652,1714551480000.0,0.0535500000000001,-0.00050319,1018.0884201320004,1018.2396201320004,-1.5,1.6773,4.5,1.6416,long_nclose,7.3872,0.007255951304349589,1.0
1714551600000.0,2654,1714551600000.0,0.039270000000000076,-0.00036900600000000006,1018.1273211260003,1018.2238811260003,-1.1,1.6773,3.4,1.6416,long_nclose,5.58144,0.005482064850029948,2.0
1714551660000.0,2655,1714551660000.0,0.028560000000000054,-0.00026836800000000006,1018.1556127580003,1018.2398527580003,-0.8,1.6773,2.6,1.6416,long_nclose,4.26816,0.004192050749922522,1.0
1714551720000.0,2656,1714551720000.0,0.02142000000000004,-0.00020127600000000002,1018.1768314820004,1018.2470314820004,-0.6,1.6773,2.0,1.6416,long_nclose,3.2832,0.003224587221476215,1.0
1714551840000.0,2658,1714551840000.0,0.017850000000000033,-0.00016773000000000002,1018.1945137520003,1018.2435637520002,-0.5,1.6773,1.5,1.6416,long_nclose,2.4623999999999997,0.0024183984167486508,2.0
1714551900000.0,2659,1714551900000.0,0.01071000000000002,-0.00010063800000000001,1018.2051231140002,1018.2492831140003,-0.3,1.6773,1.2,1.6416,long_nclose,1.96992,0.0019346985742669887,1.0
1714552020000.0,2661,1714552020000.0,0.01071000000000002,-0.00010063800000000001,1018.2157324760002,1018.2530824760001,-0.3,1.6773,0.9,1.6416,long_nclose,1.47744,0.0014510088116663667,2.0
1714552620000.0,2671,1714552620000.0,0.016110000000000024,-0.000101718,1018.2317407580002,1018.2608407580002,-0.3,1.6953,0.6,1.6416,long_nclose,0.98496,0.0009673239996101164,10.0
1714552800000.0,2674,1714552800000.0,0.010740000000000017,-6.781200000000001e-05,1018.2424129460003,1018.2628129460003,-0.2,1.6953,0.4,1.6416,long_nclose,0.65664,0.0006448759073983133,3.0
1714552860000.0,2675,1714552860000.0,0.0053700000000000084,-3.3906000000000004e-05,1018.2477490400003,1018.2608890400003,-0.1,1.6953,0.3,1.6416,long_nclose,0.49248,0.00048365439596042127,1.0
1714553940000.0,2693,1714553940000.0,0.0053700000000000084,-3.3906000000000004e-05,1018.2530851340002,1018.2638051340002,-0.1,1.6953,0.2,1.6416,long_nclose,0.32832,0.00032243457426578154,18.0
1714554000000.0,2694,1714554000000.0,0.0053700000000000084,-3.3906000000000004e-05,1018.2584212280002,1018.2637912280002,-0.1,1.6953,0.1,1.6416,long_nclose,0.16416,0.00016121644228782924,1.0
1714554060000.0,2695,1714554060000.0,0.0053700000000000084,-3.3906000000000004e-05,1018.2637573220002,1018.2637573220002,-0.1,1.6953,0.0,1.6416,long_nclose,0.0,0.0,1.0
1716785940000.0,39893,1716785940000.0,0.0,-0.008140294000000001,1018.2556170280002,1018.2715370280002,19.9,2.0453,19.9,2.0453,long_ientry_normal,40.70147,0.03997176084213124,37198.0
1716786540000.0,39903,1716786540000.0,0.21804999999999886,-0.002048004,1018.4716190240001,1019.1301190240001,-4.9,2.0898,15.0,2.0453,long_nclose,30.6795,0.030123077979728213,10.0
1716786600000.0,39904,1716786600000.0,0.16464999999999913,-0.001546452,1018.6347225720002,1019.0980225720002,-3.7,2.0898,11.3,2.0453,long_nclose,23.111890000000002,0.02268908519203397,1.0
1716786660000.0,39905,1716786660000.0,0.12459999999999932,-0.001170288,1018.7581522840002,1019.2596522840001,-2.8,2.0898,8.5,2.0453,long_nclose,17.38505,0.017064943196796675,1.0
1716787020000.0,39911,1716787020000.0,0.0934499999999995,-0.0008777160000000001,1018.8507245680001,1019.0817645680002,-2.1,2.0898,6.4,2.0453,long_nclose,13.089920000000001,0.012847730962305806,6.0
1716787320000.0,39916,1716787320000.0,0.07119999999999962,-0.0006687360000000001,1018.9212558320002,1019.1487758320002,-1.6,2.0898,4.8,2.0453,long_nclose,9.81744,0.00963513121726327,5.0
1716800580000.0,40137,1716800580000.0,0.05339999999999971,-0.0005015519999999999,1018.9741542800002,1019.1307542800002,-1.2,2.0898,3.6,2.0453,long_nclose,7.363080000000001,0.007225973268382553,221.0
1716800640000.0,40138,1716800640000.0,0.04004999999999979,-0.000376164,1019.0138281160001,1019.1231781160001,-0.9,2.0898,2.7,2.0453,long_nclose,5.522310000000001,0.005419268951639158,1.0
1716801840000.0,40158,1716801840000.0,0.026699999999999856,-0.00025077599999999997,1019.0402773400001,1019.1383473400001,-0.6,2.0898,2.1,2.0453,long_nclose,4.29513,0.0042148775622604185,20.0
1716802800000.0,40174,1716802800000.0,0.04682999999999997,-0.000295708,1019.0868116320001,1019.1797716320001,-0.7,2.1122,1.4,2.0453,long_nclose,2.86342,0.002809790066279459,16.0
1716802980000.0,40177,1716802980000.0,0.026759999999999985,-0.00016897600000000002,1019.1134026560001,1019.182802656,-0.4,2.1122,1.0,2.0453,long_nclose,2.0453,0.0020069405374019867,3.0
1716803340000.0,40183,1716803340000.0,0.020069999999999987,-0.000126732,1019.1333459240001,1019.1873159240001,-0.3,2.1122,0.7,2.0453,long_nclose,1.43171,0.001404830884717972,6.0
1716804000000.0,40194,1716804000000.0,0.013379999999999993,-8.448800000000001e-05,1019.1466414360001,1019.1772914360001,-0.2,2.1122,0.5,2.0453,long_nclose,1.02265,0.001003437541195312,11.0
1716805920000.0,40226,1716805920000.0,0.0044499999999999765,-4.1796000000000004e-05,1019.1510496400001,1019.1702496400001,-0.1,2.0898,0.4,2.0453,long_nclose,0.8181200000000001,0.0008027465607664229,32.0
1716806760000.0,40240,1716806760000.0,0.0044499999999999765,-4.1796000000000004e-05,1019.1554578440001,1019.1683878440001,-0.1,2.0898,0.3,2.0453,long_nclose,0.61359,0.0006020573164549749,14.0
1716806940000.0,40243,1716806940000.0,0.0044499999999999765,-4.1796000000000004e-05,1019.1598660480001,1019.1689060480002,-0.1,2.0898,0.2,2.0453,long_nclose,0.40906000000000003,0.00040136980823844004,3.0
1716807600000.0,40254,1716807600000.0,0.0044499999999999765,-4.1796000000000004e-05,1019.1642742520002,1019.1687242520002,-0.1,2.0898,0.1,2.0453,long_nclose,0.20453000000000002,0.00020068403609429074,11.0
1716807840000.0,40258,1716807840000.0,0.0044499999999999765,-4.1796000000000004e-05,1019.1686824560002,1019.1686824560002,-0.1,2.0898,0.0,2.0453,long_nclose,0.0,0.0,4.0
1717784040000.0,56528,1717784040000.0,0.0,-0.008160306,1019.1605221500001,1019.2436821500002,23.1,1.7663,23.1,1.7663,long_ientry_normal,40.80153,0.040034449052172794,16270.0
1717784100000.0,56529,1717784100000.0,0.0,-0.008167068000000001,1019.1523550820001,1017.8395850820001,23.4,1.7451,46.5,1.755631612903226,long_rentry,81.63687,0.08010271437132829,1.0
1717784100000.0,56529,1717784100000.0,0.0,-0.008158048000000001,1019.1441970340001,1017.8078270340001,23.6,1.7284,70.1,1.7464637660485023,long_rentry,122.42711,0.1201273679978729,0.0
1717784100000.0,56529,1717784100000.0,0.0,-0.011992400000000002,1019.132204634,1018.292834634,35.0,1.7132,105.1,1.7353863939105614,long_rentry,182.38911,0.17896511283882077,0.0
1717784160000.0,56530,1717784160000.0,0.0,-0.01777965,1019.114424984,1009.474584984,52.5,1.6933,157.6,1.7213664974619292,long_rentry,271.28736000000004,0.26619911694828496,1.0
1717784160000.0,56530,1717784160000.0,0.0,-0.026229136,1019.088195848,1008.9604158479999,78.7,1.6664,236.3,1.7030598391874738,long_rentry,402.43304000000006,0.39489520302521897,0.0
1717784880000.0,56542,1717784880000.0,2.1853694879390426,-0.020533179999999998,1021.2530321559391,1027.802522668,-59.0,1.7401,177.3,1.7030598391874738,long_nclose,301.95250948793915,0.295668654075372,12.0
1717784940000.0,56543,1717784940000.0,1.640879123994908,-0.015417285999999999,1022.878493993934,1028.190535382,-44.3,1.7401,133.0,1.7030598391874738,long_nclose,226.506958611934,0.22144072824086306,1.0
1717785060000.0,56545,1717785060000.0,2.4692891239949053,-0.015582968,1025.332200149929,1030.498102414,-44.3,1.7588,88.7,1.7030598391874738,long_nclose,151.06140773592892,0.14732923409002469,2.0
1717785240000.0,56548,1717785240000.0,1.6443347439695195,-0.01037692,1026.9661579738984,1030.4021354939998,-29.5,1.7588,59.2,1.7030598391874738,long_nclose,100.82114247989846,0.09817377300806922,3.0
1717785840000.0,56558,1717785840000.0,2.2004687600507773,-0.010522208000000002,1029.156104525949,1031.3861732859998,-29.6,1.7774,29.6,1.7030598391874738,long_nclose,50.41057123994923,0.048982434266538595,10.0
1717786560000.0,56570,1717786560000.0,2.751028760050776,-0.010632320000000002,1031.8965009659998,1031.8965009659998,-29.6,1.796,0.0,1.7030598391874738,long_nclose,0.0,0.0,12.0
