timestamp,trade_id,timestamp,pnl,fee_paid,balance,equity,qty,price,psize,pprice,type,pcost,wallet_exposure,mins_since_prev_fill
1699442040000.0,1394,1699442040000.0,0.0,-0.23597100000000001,999.764029,1002.043669,18.84,12.525,18.84,12.525,long_ientry_normal,235.971,0.2360266954553533,
1699506960000.0,2476,1699506960000.0,2.5418299999999996,-0.02220608,1002.28365292,1033.55962292,-1.57,14.144,17.27,12.525,long_nclose,216.30675,0.2158139059435155,1082.0
1699506960000.0,2476,1699506960000.0,2.5606700000000004,-0.022224920000000002,1004.822098,1033.254798,-1.57,14.156,15.7,12.525,long_nclose,196.64249999999998,0.1956988211061417,0.0
1699506960000.0,2476,1699506960000.0,2.5779399999999995,-0.022242190000000002,1007.37779581,1032.96722581,-1.57,14.167,14.13,12.525,long_nclose,176.97825,0.17568210331427597,0.0
1699506960000.0,2476,1699506960000.0,2.59678,-0.02226103,1009.9523147799999,1032.69847478,-1.57,14.179,12.56,12.525,long_nclose,157.31400000000002,0.155763789733249,0.0
1699506960000.0,2476,1699506960000.0,2.6156200000000007,-0.022279870000000004,1012.5456549099999,1032.44854491,-1.57,14.191,10.99,12.525,long_nclose,137.64975,0.1359442404720358,0.0
1699506960000.0,2476,1699506960000.0,2.6328899999999993,-0.022297140000000003,1015.1562477699999,1032.21586777,-1.57,14.202,9.42,12.525,long_nclose,117.9855,0.1162239805539093,0.0
1699506960000.0,2476,1699506960000.0,2.65173,-0.022315980000000003,1017.78566179,1032.0020117899999,-1.57,14.214,7.85,12.525,long_nclose,98.32124999999999,0.09660309993666097,0.0
1699506960000.0,2476,1699506960000.0,2.670570000000001,-0.022334820000000002,1020.43389697,1031.80697697,-1.57,14.226,6.28,12.525,long_nclose,78.65700000000001,0.07708191606879997,0.0
1699506960000.0,2476,1699506960000.0,2.6878399999999996,-0.02235209,1023.09938488,1031.6291948800001,-1.57,14.237,4.71,12.525,long_nclose,58.99275,0.057660820514440346,0.0
1699506960000.0,2476,1699506960000.0,2.7066800000000004,-0.02237093,1025.78369395,1031.47023395,-1.57,14.249,3.14,12.525,long_nclose,39.328500000000005,0.03833995435095793,0.0
1699506960000.0,2476,1699506960000.0,2.725519999999998,-0.02238977,1028.48682418,1031.33009418,-1.57,14.261,1.57,12.525,long_nclose,19.664250000000003,0.019119593501528878,0.0
1699506960000.0,2476,1699506960000.0,2.744359999999999,-0.02240861,1031.20877557,1031.20877557,-1.57,14.273,0.0,12.525,long_nclose,0.0,0.0,0.0
1699624320000.0,4432,1699624320000.0,0.0,-0.24333249999999998,1030.96544307,1025.67304307,13.1,18.575,13.1,18.575,long_ientry_normal,243.33249999999998,0.23602391490000535,1956.0
1699682640000.0,5404,1699682640000.0,0.0,-0.24341226000000002,1030.72203081,1008.3853708099999,14.17,17.178,27.27,17.849092775944264,long_rentry,486.7447600000001,0.4722366898643744,972.0
1699720740000.0,6039,1699720740000.0,5.236679398606518,-0.04575412,1035.9129560886065,1093.3606366899999,-2.27,20.156,25.0,17.849092775944264,long_nclose,446.2273193986066,0.43075754268338223,635.0
1699720800000.0,6040,1699720800000.0,4.798367026035928,-0.04192447999999999,1040.6693986346424,1098.9757522099999,-2.08,20.156,22.92,17.849092775944264,long_nclose,409.10120642464256,0.39311351612854484,1.0
1699720800000.0,6040,1699720800000.0,4.831647026035932,-0.041957760000000004,1045.4590879006782,1098.47411445,-2.08,20.172,20.84,17.849092775944264,long_nclose,371.97509345067846,0.3558007173648647,0.0
1699720800000.0,6040,1699720800000.0,4.867007026035931,-0.04199312000000001,1050.2841018067143,1098.00780133,-2.08,20.189,18.76,17.849092775944264,long_nclose,334.8489804767144,0.3188175274677606,0.0
1699720800000.0,6040,1699720800000.0,4.90236702603593,-0.04202848,1055.1444403527503,1097.57681285,-2.08,20.206,16.68,17.849092775944264,long_nclose,297.7228675027503,0.28216313910844015,0.0
1699720800000.0,6040,1699720800000.0,4.937727026035929,-0.04206384,1060.040103538786,1097.18114901,-2.08,20.223,14.6,17.849092775944264,long_nclose,260.5967545287863,0.24583669396924024,0.0
1699720800000.0,6040,1699720800000.0,4.971007026035933,-0.04209712,1064.969013444822,1096.8187318899998,-2.08,20.239,12.52,17.849092775944264,long_nclose,223.47064155482218,0.20983769361698956,0.0
1699720800000.0,6040,1699720800000.0,5.006367026035932,-0.04213248,1069.9332479908578,1096.4916394099996,-2.08,20.256,10.44,17.849092775944264,long_nclose,186.3445285808581,0.17416463029892718,0.0
1699720800000.0,6040,1699720800000.0,5.04172702603593,-0.04216784,1074.9328071768937,1096.1998715699997,-2.08,20.273,8.36,17.849092775944264,long_nclose,149.21841560689404,0.13881650519048516,0.0
1699720800000.0,6040,1699720800000.0,5.075007026035934,-0.04220112,1079.9656130829296,1095.9413504499996,-2.08,20.289,6.28,17.849092775944264,long_nclose,112.09230263292999,0.10379247382974083,0.0
1699720800000.0,6040,1699720800000.0,5.110367026035933,-0.04223648,1085.0337436289656,1095.7181539699995,-2.08,20.306,4.2,17.849092775944264,long_nclose,74.96618965896592,0.06909111361664813,0.0
1699720800000.0,6040,1699720800000.0,5.145727026035932,-0.042271840000000005,1090.1371988150015,1095.5302821299997,-2.08,20.323,2.12,17.849092775944264,long_nclose,37.84007668500184,0.034711297556064204,0.0
1699720800000.0,6040,1699720800000.0,5.278603314998158,-0.04311868,1095.3726834499998,1095.3726834499998,-2.12,20.339,0.0,17.849092775944264,long_nclose,0.0,0.0,0.0
1699745280000.0,6448,1699745280000.0,0.0,-0.25860402,1095.11407943,1094.87794943,13.89,18.618,13.89,18.618,long_ientry_normal,258.60402,0.2361434528671221,408.0
1699764960000.0,6776,1699764960000.0,2.7669000000000024,-0.024177599999999997,1097.85680183,1128.76404183,-1.15,21.024,12.74,18.618,long_nclose,237.19331999999997,0.21605123692327288,328.0
1699764960000.0,6776,1699764960000.0,2.786450000000002,-0.024197149999999997,1100.61905468,1128.73639468,-1.15,21.041,11.59,18.618,long_nclose,215.78261999999998,0.19605568255652067,0.0
1699764960000.0,6776,1699764960000.0,2.8071500000000027,-0.02421785,1103.4019868300002,1128.7294268300002,-1.15,21.059,10.44,18.618,long_nclose,194.37192,0.17615694218425096,0.0
1699764960000.0,6776,1699764960000.0,2.826700000000002,-0.0242374,1106.2044494300003,1128.7419894300003,-1.15,21.076,9.29,18.618,long_nclose,172.96121999999997,0.15635556346670146,0.0
1699764960000.0,6776,1699764960000.0,2.847400000000003,-0.024258099999999998,1109.0275913300004,1128.7752313300005,-1.15,21.094,8.14,18.618,long_nclose,151.55052,0.1366517128922403,0.0
1699765020000.0,6777,1699765020000.0,1.9772100000000021,-0.01705779,1110.9877435400003,1127.1210735400005,-0.81,21.059,7.33,18.618,long_nclose,136.46993999999998,0.12283658464598217,1.0
1699765020000.0,6777,1699765020000.0,1.9909800000000017,-0.017071560000000003,1112.9616519800004,1127.3121719800004,-0.81,21.076,6.52,18.618,long_nclose,121.38935999999998,0.10906877140289943,0.0
1699765080000.0,6778,1699765080000.0,1.2992400000000013,-0.011352960000000002,1114.2495390200004,1128.7809390200005,-0.54,21.024,5.98,18.618,long_nclose,111.33564,0.09991984389593861,1.0
1699765080000.0,6778,1699765080000.0,1.308420000000001,-0.01136214,1115.5465968800004,1128.7657968800004,-0.54,21.041,5.44,18.618,long_nclose,101.28192,0.09079129485336498,0.0
1699765080000.0,6778,1699765080000.0,1.3181400000000014,-0.011371860000000003,1116.8533650200004,1128.7603650200003,-0.54,21.059,4.9,18.618,long_nclose,91.2282,0.08168323869299199,0.0
1699765080000.0,6778,1699765080000.0,1.3273200000000012,-0.01138104,1118.1693039800004,1128.7641039800005,-0.54,21.076,4.36,18.618,long_nclose,81.17448,0.0725958758759236,0.0
1699765140000.0,6779,1699765140000.0,1.049630000000001,-0.00905537,1119.2098786100005,1129.5221986100005,-0.43,21.059,3.93,18.618,long_nclose,73.16874,0.06537535220013578,1.0
1699765140000.0,6779,1699765140000.0,1.0569400000000009,-0.00906268,1120.2577559300005,1129.4417559300005,-0.43,21.076,3.5,18.618,long_nclose,65.163,0.058167863293125656,0.0
1699765140000.0,6779,1699765140000.0,1.0646800000000012,-0.009070420000000001,1121.3133655100005,1129.3690455100004,-0.43,21.094,3.07,18.618,long_nclose,57.157259999999994,0.05097349390284266,0.0
1699765140000.0,6779,1699765140000.0,1.0719900000000009,-0.009077730000000001,1122.3762777800005,1129.3036377800004,-0.43,21.111,2.64,18.618,long_nclose,49.15152,0.043792372462842004,0.0
1699765140000.0,6779,1699765140000.0,1.0793000000000006,-0.009085039999999999,1123.4464927400006,1129.2455327400007,-0.43,21.128,2.21,18.618,long_nclose,41.145779999999995,0.03662460140816192,0.0
1699765140000.0,6779,1699765140000.0,1.087040000000001,-0.00909278,1124.5244399600006,1129.1951599600006,-0.43,21.146,1.78,18.618,long_nclose,33.14004,0.029470271007341373,0.0
1699765140000.0,6779,1699765140000.0,1.0943500000000008,-0.00910009,1125.6096898700007,1129.1520898700007,-0.43,21.163,1.35,18.618,long_nclose,25.1343,0.022329498605242835,0.0
1699765140000.0,6779,1699765140000.0,1.102090000000001,-0.00910783,1126.7026720400008,1129.1167520400008,-0.43,21.181,0.92,18.618,long_nclose,17.12856,0.015202378076362539,0.0
1699765140000.0,6779,1699765140000.0,1.1094000000000008,-0.00911514,1127.802956900001,1129.088716900001,-0.43,21.198,0.49,18.618,long_nclose,9.122819999999999,0.00808901940200259,0.0
1699765140000.0,6779,1699765140000.0,1.2730200000000012,-0.01039584,1129.065581060001,1129.065581060001,-0.49,21.216,0.0,18.618,long_nclose,0.0,0.0,0.0
1699875960000.0,8626,1699875960000.0,0.0,-0.26658162,1128.7989994400011,1131.419619440001,12.66,21.057,12.66,21.057,long_ientry_normal,266.58162,0.23616394073014907,1847.0
1699920060000.0,9361,1699920060000.0,0.0,-0.26639063999999996,1128.532608800001,1097.416368800001,13.68,19.473,26.34,20.234330296127563,long_rentry,532.97226,0.4722701460675768,735.0
1699920600000.0,9370,1699920600000.0,0.0,-0.26635230000000004,1128.266256500001,1079.395866500001,14.55,18.306,40.89,19.548167278063097,long_rentry,799.32456,0.7084538382629538,9.0
1699923780000.0,9423,1699923780000.0,-1.6249037270726414,-0.06425242,1126.5771003529283,1109.1615440800008,-3.37,19.066,37.52,19.548167278063097,unstuck_close_long,733.4472362729275,0.6510404268320001,53.0
1699960740000.0,10039,1699960740000.0,0.35588300073367196,-0.06427839,1126.868704963662,1130.9387256900009,-3.27,19.657,34.25,19.548167278063097,unstuck_close_long,669.5247292736611,0.5941461736620428,616.0
1699992540000.0,10569,1699992540000.0,7.198623257520177,-0.0629109,1134.0044173211822,1209.0451647900009,-2.85,22.074,31.4,19.548167278063097,long_nclose,613.8124525311812,0.5412787138705933,530.0
1699992540000.0,10569,1699992540000.0,7.252773257520173,-0.06296505000000001,1141.1942255287024,1209.423949740001,-2.85,22.093,28.55,19.548167278063097,long_nclose,558.1001757887014,0.48904924622286794,0.0
1699992600000.0,10570,1699992600000.0,5.986223550990464,-0.05231538000000001,1147.1281336996929,1216.8410943600009,-2.37,22.074,26.18,19.548167278063097,long_nclose,511.77101933969186,0.4461323929778786,1.0
1699992600000.0,10570,1699992600000.0,6.03125355099046,-0.05236041,1153.1070268406834,1216.509073950001,-2.37,22.093,23.81,19.548167278063097,long_nclose,465.44186289068233,0.403641511201188,0.0
1699992600000.0,10570,1699992600000.0,6.073913550990461,-0.05240307000000001,1159.1285373216738,1216.2196708800009,-2.37,22.111,21.44,19.548167278063097,long_nclose,419.11270644167286,0.36157569497002506,0.0
1699992600000.0,10570,1699992600000.0,6.116573550990463,-0.05244573,1165.1926651426643,1215.972885150001,-2.37,22.129,19.07,19.548167278063097,long_nclose,372.78354999266327,0.31993297000974535,0.0
1699992600000.0,10570,1699992600000.0,6.161603550990459,-0.052490760000000004,1171.3017779336549,1215.771084390001,-2.37,22.148,16.7,19.548167278063097,long_nclose,326.45439354365374,0.2787107470455362,0.0
1699992600000.0,10570,1699992600000.0,6.2042635509904605,-0.05253342000000001,1177.4535080646453,1215.6119009700012,-2.37,22.166,14.33,19.548167278063097,long_nclose,280.1252370946442,0.23790768397733167,0.0
1699992600000.0,10570,1699992600000.0,6.246923550990462,-0.052576080000000004,1183.6478555356357,1215.495334890001,-2.37,22.184,11.96,19.548167278063097,long_nclose,233.79608064563465,0.19752165270458333,0.0
1699992600000.0,10570,1699992600000.0,6.289583550990463,-0.05261874000000001,1189.8848203466262,1215.4213861500011,-2.37,22.202,9.59,19.548167278063097,long_nclose,187.4669241966251,0.15755047966912794,0.0
1699992600000.0,10570,1699992600000.0,6.3346135509904595,-0.05266377,1196.1667701276167,1215.392422380001,-2.37,22.221,7.22,19.548167278063097,long_nclose,141.13776774761556,0.11799171425950734,0.0
1699992600000.0,10570,1699992600000.0,6.377273550990462,-0.052706430000000005,1202.4913372486071,1215.4060759500012,-2.37,22.239,4.85,19.548167278063097,long_nclose,94.80861129860601,0.07884348798348553,0.0
1699992660000.0,10571,1699992660000.0,3.2341275935436524,-0.02688741,1205.6985774321508,1215.4859285400012,-1.21,22.221,3.64,19.548167278063097,long_nclose,71.15532889214968,0.05901585207448241,1.0
1699992660000.0,10571,1699992660000.0,3.255907593543653,-0.02690919,1208.9275758356946,1215.4614393500012,-1.21,22.239,2.43,19.548167278063097,long_nclose,47.50204648569333,0.0392927148285592,0.0
1699992660000.0,10571,1699992660000.0,3.277687593543654,-0.026930970000000002,1212.1783324592384,1215.4587083800013,-1.21,22.257,1.22,19.548167278063097,long_nclose,23.84876407923698,0.019674303228018584,0.0
1699992660000.0,10571,1699992660000.0,3.3267359207630194,-0.0271755,1215.4778928800013,1215.4778928800013,-1.22,22.275,0.0,19.548167278063097,long_nclose,0.0,0.0,0.0
1700162640000.0,13404,1700162640000.0,0.0,-0.286841,1215.1910518800012,1218.5985518800012,11.75,24.412,11.75,24.412,long_ientry_normal,286.841,0.23604601067151806,2833.0
1700223600000.0,14420,1700223600000.0,0.0,-0.28670249999999997,1214.9043493800011,1195.8379493800012,12.7,22.575,24.45,23.457811860940694,long_rentry,573.5435,0.47208942851566454,1016.0
1700271780000.0,15223,1700271780000.0,6.153311922290392,-0.05377267,1221.0038886322916,1286.6762867100012,-2.03,26.489,22.42,23.457811860940694,long_nclose,525.9241419222905,0.43073093117779077,803.0
1700271960000.0,15226,1700271960000.0,5.638009938650311,-0.04926954000000001,1226.592629030942,1286.5494571700012,-1.86,26.489,20.56,23.457811860940694,long_nclose,482.29261186094067,0.3931970569902833,3.0
1700271960000.0,15226,1700271960000.0,5.678929938650308,-0.04931046,1232.2222485095922,1286.754966710001,-1.86,26.511,18.7,23.457811860940694,long_nclose,438.661081799591,0.3559918531986937,0.0
1700271960000.0,15226,1700271960000.0,5.719849938650311,-0.04935138000000001,1237.8927470682424,1287.0013553300012,-1.86,26.533,16.84,23.457811860940694,long_nclose,395.0295517382413,0.31911452157208914,0.0
1700271960000.0,15226,1700271960000.0,5.760769938650308,-0.0493923,1243.604124706893,1287.2886230300012,-1.86,26.555,14.98,23.457811860940694,long_nclose,351.39802167689163,0.28256421372011226,0.0
1700271960000.0,15226,1700271960000.0,5.801689938650312,-0.04943322000000001,1249.356381425543,1287.6167698100012,-1.86,26.577,13.12,23.457811860940694,long_nclose,307.7664916155419,0.24634003250887754,0.0
1700271960000.0,15226,1700271960000.0,5.842609938650309,-0.04947414000000001,1255.1495172241935,1287.9857956700012,-1.86,26.599,11.26,23.457811860940694,long_nclose,264.1349615541922,0.2104410334621614,0.0
1700271960000.0,15226,1700271960000.0,5.883529938650306,-0.04951506,1260.9835321028438,1288.3957006100013,-1.86,26.621,9.4,23.457811860940694,long_nclose,220.50343149284254,0.17486622614739955,0.0
1700271960000.0,15226,1700271960000.0,5.92444993865031,-0.049555980000000006,1266.8584260614941,1288.8464846300012,-1.86,26.643,7.54,23.457811860940694,long_nclose,176.87190143149283,0.1396145755460345,0.0
1700275560000.0,15286,1700275560000.0,1.87933664621677,-0.016423180000000002,1268.721339527711,1288.5000014500015,-0.62,26.489,6.92,23.457811860940694,long_nclose,162.3280580777096,0.12794618725191237,60.0
1700286960000.0,15476,1700286960000.0,0.0,-0.13277447,1268.588565057711,1273.4343669800014,5.51,24.097,12.43,23.741152701344298,long_ientry_partial,295.1025280777096,0.2326227243458439,190.0
1700402640000.0,17404,1700402640000.0,0.0,-0.29934206,1268.289222997711,1244.1677349200013,13.63,21.962,26.06,22.81061351027282,long_rentry,594.4445880777097,0.46869797306381633,1928.0
1700534820000.0,19607,1700534820000.0,0.0,-0.299338,1267.989884997711,1209.1754569200014,14.5,20.644,40.56,22.036059863848855,long_rentry,893.7825880777096,0.7048814810374636,2203.0
1700534880000.0,19608,1700534880000.0,-5.089710122109487,-0.07225685999999999,1262.8279180156017,1212.0301500600015,-3.51,20.586,37.05,22.036059863848855,unstuck_close_long,816.4360179556,0.6465140707678854,1.0
1700571840000.0,20224,1700571840000.0,-4.466097727555533,-0.07199903,1258.2898212580462,1215.8091110300018,-3.47,20.749,33.58,22.036059863848855,unstuck_close_long,739.9708902280445,0.5880766717863273,616.0
1700588280000.0,20498,1700588280000.0,0.0,-0.29696814,1257.9928531180462,1190.2058228900019,15.06,19.719,48.64,21.3186478254121,long_rentry,1036.9390302280447,0.8242805415451286,274.0
1700607300000.0,20815,1700607300000.0,0.0,-0.29689208,1257.6959610380463,1118.870450810002,15.92,18.649,64.56,20.660333181970948,long_rentry,1333.8311102280445,1.0605354167848005,317.0
1700608800000.0,20840,1700608800000.0,-7.034529423309312,-0.07168134000000001,1250.589750274737,1142.981259470002,-3.81,18.814,60.75,20.660333181970948,unstuck_close_long,1255.115240804735,1.00361868512756,25.0
1700645820000.0,21457,1700645820000.0,-1.433812800537737,-0.07129056,1249.0846469141993,1227.489868910002,-3.52,20.253,57.23,20.660333181970948,unstuck_close_long,1182.3908680041973,0.9466058772920108,617.0
1700682780000.0,22073,1700682780000.0,4.571327154053542,-0.0710976,1253.5848764682528,1328.5327613100017,-3.22,22.08,54.01,20.660333181970948,unstuck_close_long,1115.864595158251,0.8901388458849283,616.0
1700704260000.0,22431,1700704260000.0,12.013500681130726,-0.10498499999999998,1265.4933921493837,1399.351936310002,-4.5,23.33,49.51,20.660333181970948,long_nclose,1022.8930958393817,0.8082958806304343,358.0
1700704260000.0,22431,1700704260000.0,12.10350068113074,-0.105075,1277.4918178305145,1399.1838613100022,-4.5,23.35,45.01,20.660333181970948,long_nclose,929.9215965205124,0.7279276340882878,0.0
1700704260000.0,22431,1700704260000.0,12.189000681130732,-0.1051605,1289.5756580116451,1399.101200810002,-4.5,23.369,40.51,20.660333181970948,long_nclose,836.9500972016431,0.6490120156983339,0.0
1700704320000.0,22432,1700704320000.0,10.970100613017658,-0.09464444999999999,1300.4511141746627,1397.750706360002,-4.05,23.369,36.46,20.660333181970948,long_nclose,753.2757478146608,0.5792418796862893,1.0
1700704380000.0,22433,1700704380000.0,8.089090458628021,-0.0706899,1308.469514733291,1398.1844964600023,-3.03,23.33,33.43,20.660333181970948,long_nclose,690.6749382732888,0.5278494687849652,1.0
1700704380000.0,22433,1700704380000.0,8.149690458628031,-0.07075050000000001,1316.548454691919,1398.1319259600023,-3.03,23.35,30.4,20.660333181970948,long_nclose,628.0741287319167,0.4770611567645569,0.0
1700704440000.0,22434,1700704440000.0,7.423480417760186,-0.064446,1323.907489109679,1399.714799960002,-2.76,23.35,27.64,20.660333181970948,long_nclose,571.051609149677,0.4313380004623331,1.0
1700704440000.0,22434,1700704440000.0,7.475920417760182,-0.06449843999999999,1331.3189110874391,1399.556461520002,-2.76,23.369,24.88,20.660333181970948,long_nclose,514.0290895674372,0.38610515128007256,0.0
1700704440000.0,22434,1700704440000.0,7.5283604177601875,-0.06455088,1338.7827206251993,1399.450510640002,-2.76,23.388,22.12,20.660333181970948,long_nclose,457.0065699851974,0.34135977626883285,0.0
1700704440000.0,22434,1700704440000.0,7.583560417760186,-0.06460608,1346.3016749629596,1399.399704560002,-2.76,23.408,19.36,20.660333181970948,long_nclose,399.98405040295756,0.2970983828078222,0.0
1700704440000.0,22434,1700704440000.0,7.636000417760181,-0.06465852,1353.8730168607199,1399.401286040002,-2.76,23.427,16.6,20.660333181970948,long_nclose,342.96153082071777,0.25331883164047136,0.0
1700704440000.0,22434,1700704440000.0,7.688440417760186,-0.06471096,1361.49674631848,1399.4552550800022,-2.76,23.446,13.84,20.660333181970948,long_nclose,285.9390112384779,0.2100181377676178,0.0
1700704440000.0,22434,1700704440000.0,7.740880417760182,-0.06476339999999998,1369.1728633362402,1399.561611680002,-2.76,23.465,11.08,20.660333181970948,long_nclose,228.9164916562381,0.1671932725123117,0.0
1700704500000.0,22435,1700704500000.0,3.791780208880093,-0.03230304,1372.9323405051202,1399.895108640002,-1.38,23.408,9.7,20.660333181970948,long_nclose,200.4052318651182,0.1459687604062021,1.0
1700704500000.0,22435,1700704500000.0,3.8180002088800906,-0.03232926,1376.7180114540001,1399.8448393800018,-1.38,23.427,8.32,20.660333181970948,long_nclose,171.8939720739983,0.12485779269529208,0.0
1700704500000.0,22435,1700704500000.0,3.844220208880093,-0.03235548,1380.5298761828803,1399.820763900002,-1.38,23.446,6.94,20.660333181970948,long_nclose,143.3827122828784,0.10386063696015539,0.0
1700704500000.0,22435,1700704500000.0,3.870440208880091,-0.03238169999999999,1384.3679346917604,1399.822882200002,-1.38,23.465,5.56,20.660333181970948,long_nclose,114.87145249175846,0.08297754492365891,0.0
1700704500000.0,22435,1700704500000.0,3.8980402088800905,-0.032409299999999995,1388.2335656006405,1399.852572900002,-1.38,23.485,4.18,20.660333181970948,long_nclose,86.36019270063856,0.06220869084322529,0.0
1700704560000.0,22436,1700704560000.0,1.9221101044400466,-0.01617774,1390.1394979650804,1399.9940951600017,-0.69,23.446,3.49,20.660333181970948,long_nclose,72.10456280507861,0.0518685807508002,1.0
1700704560000.0,22436,1700704560000.0,1.9352201044400454,-0.016190849999999996,1392.0585272195206,1399.964794310002,-0.69,23.465,2.8,20.660333181970948,long_nclose,57.84893290951865,0.04155639420209246,0.0
1700704620000.0,22437,1700704620000.0,1.9772667726203357,-0.0164395,1394.019354492141,1400.108654810002,-0.7,23.485,2.1,20.660333181970948,long_nclose,43.386699682138996,0.031123455741362587,1.0
1700704620000.0,22437,1700704620000.0,1.990566772620337,-0.0164528,1395.9934684647612,1400.0530020100018,-0.7,23.504,1.4,20.660333181970948,long_nclose,28.924466454759326,0.0207196287863502,0.0
1700704620000.0,22437,1700704620000.0,2.003866772620336,-0.016466099999999997,1397.9808691373817,1400.010635910002,-0.7,23.523,0.7,20.660333181970948,long_nclose,14.462233227379663,0.010345086650794817,0.0
1700704620000.0,22437,1700704620000.0,2.017866772620336,-0.0164801,1399.982255810002,1399.982255810002,-0.7,23.543,0.0,20.660333181970948,long_nclose,0.0,0.0,0.0
1700754720000.0,23272,1700754720000.0,0.0,-0.33033155999999997,1399.651924250002,1399.605904250002,15.34,21.534,15.34,21.534,long_ientry_normal,330.33155999999997,0.23600979234676997,835.0
1701016020000.0,27627,1701016020000.0,0.0,-0.33037326,1399.321550990002,1374.5026809900019,16.59,19.914,31.93,20.692290009395553,long_rentry,660.70482,0.4721608264609088,4355.0
1701069780000.0,28523,1701069780000.0,0.0,-0.3302208,1398.991330190002,1331.1582501900018,17.64,18.72,49.57,19.990430098850112,long_rentry,990.9256200000001,0.7083143394930254,896.0
1701069840000.0,28524,1701069840000.0,-5.85688082307848,-0.07970216000000001,1393.0547472069236,1326.277808030002,-4.28,18.622,45.29,19.990430098850112,unstuck_close_long,905.3665791769215,0.6499145715501724,1.0
1701106860000.0,29141,1701106860000.0,-3.1323163082509655,-0.07942816,1389.8430027386728,1358.173259870002,-4.13,19.232,41.16,19.990430098850112,unstuck_close_long,822.8061028686706,0.5920137031645579,617.0
1701143880000.0,29758,1701143880000.0,-1.0871289973774547,-0.07927439999999998,1388.6765993412953,1378.335705470002,-4.02,19.72,37.14,19.990430098850112,unstuck_close_long,742.4445738712932,0.5346418123726318,617.0
1701180840000.0,30374,1701180840000.0,0.6428297115190594,-0.07920521999999999,1389.2402238328143,1394.9712702500021,-3.93,20.154,33.21,19.990430098850112,unstuck_close_long,663.8821835828122,0.47787428854543873,616.0
1701217860000.0,30991,1701217860000.0,0.2708511095420617,-0.07923305000000001,1389.4318418923563,1392.345257200002,-3.95,20.059,29.26,19.990430098850112,unstuck_close_long,584.9199846923543,0.4209778177357115,617.0
1701477420000.0,35317,1701477420000.0,6.278074859794232,-0.05485482000000001,1395.6550619321506,1466.474722380002,-2.43,22.574,26.83,19.990430098850112,long_nclose,536.3432395521485,0.38429498389783556,4326.0
1701477420000.0,35317,1701477420000.0,6.321814859794225,-0.054898560000000006,1401.9219782319446,1466.3274838200018,-2.43,22.592,24.4,19.990430098850112,long_nclose,487.7664944119427,0.34792699022173607,0.0
1701477420000.0,35317,1701477420000.0,6.3679848597942295,-0.05494473000000001,1408.2350183617389,1466.226369090002,-2.43,22.611,21.97,19.990430098850112,long_nclose,439.18974927173696,0.3118724811875972,0.0
1701477420000.0,35317,1701477420000.0,6.414154859794226,-0.0549909,1414.5941823215333,1466.171378190002,-2.43,22.63,19.54,19.990430098850112,long_nclose,390.61300413153117,0.2761307864920555,0.0
1701477420000.0,35317,1701477420000.0,6.46032485979423,-0.05503707000000001,1420.9994701113274,1466.162511120002,-2.43,22.649,17.11,19.990430098850112,long_nclose,342.0362589913254,0.24070118686569866,0.0
1701477420000.0,35317,1701477420000.0,6.504064859794232,-0.05508081000000001,1427.4484541611216,1466.197340310002,-2.43,22.667,14.68,19.990430098850112,long_nclose,293.45951385111965,0.20558326501784543,0.0
1701477480000.0,35318,1701477480000.0,4.302498938874315,-0.0368869,1431.714066199996,1465.7167534100022,-1.63,22.63,13.05,19.990430098850112,long_nclose,260.875112789994,0.18221174112118582,1.0
1701477540000.0,35319,1701477540000.0,3.4067408714948555,-0.0293943,1435.091412771491,1465.095859110002,-1.3,22.611,11.75,19.990430098850112,long_nclose,234.88755366148882,0.16367427995953723,1.0
1701477540000.0,35319,1701477540000.0,3.431440871494853,-0.029419,1438.493434642986,1465.1782401100022,-1.3,22.63,10.45,19.990430098850112,long_nclose,208.89999453298367,0.14522137501783575,0.0
1701477600000.0,35320,1701477600000.0,2.247705814000404,-0.01963938,1440.7215010769864,1465.7595007300024,-0.87,22.574,9.58,19.990430098850112,long_nclose,191.50832034698408,0.13292528792263136,1.0
1701477600000.0,35320,1701477600000.0,2.2633658140004016,-0.01965504,1442.9652118509869,1465.7294056900023,-0.87,22.592,8.71,19.990430098850112,long_nclose,174.1166461609845,0.12066586549070962,0.0
1701477600000.0,35320,1701477600000.0,2.2798958140004033,-0.01967157,1445.2254360949873,1465.7158241200025,-0.87,22.611,7.84,19.990430098850112,long_nclose,156.72497197498487,0.10844326985999998,0.0
1701477600000.0,35320,1701477600000.0,2.2964258140004015,-0.0196881,1447.502173808988,1465.7187560200025,-0.87,22.63,6.97,19.990430098850112,long_nclose,139.33329778898528,0.09625774683456308,0.0
1701477660000.0,35321,1701477660000.0,1.808193231793423,-0.01560159,1449.2947654507814,1466.2983044300026,-0.69,22.611,6.28,19.990430098850112,long_nclose,125.53990102077871,0.0866213720034595,1.0
1701477660000.0,35321,1701477660000.0,1.821303231793422,-0.015614699999999997,1451.1004539825747,1466.2357697300026,-0.69,22.63,5.59,19.990430098850112,long_nclose,111.74650425257212,0.07700811060039404,0.0
1701477660000.0,35321,1701477660000.0,1.8344132317934232,-0.01562781,1452.919239404368,1466.1863319200024,-0.69,22.649,4.9,19.990430098850112,long_nclose,97.95310748436556,0.06741813641653059,0.0
1701477660000.0,35321,1701477660000.0,1.8468332317934237,-0.01564023,1454.7504324061615,1466.1493016900026,-0.69,22.667,4.21,19.990430098850112,long_nclose,84.15971071615897,0.057851648531190715,0.0
1701477660000.0,35321,1701477660000.0,1.8599432317934226,-0.015653339999999998,1456.594722297955,1466.1253683500026,-0.69,22.686,3.52,19.990430098850112,long_nclose,70.36631394795239,0.048308779972057694,0.0
1701477660000.0,35321,1701477660000.0,1.8730532317934214,-0.01566645,1458.4521090797484,1466.1145319000027,-0.69,22.705,2.83,19.990430098850112,long_nclose,56.572917179745815,0.03878969822015074,0.0
1701477720000.0,35322,1701477720000.0,1.5201591446439364,-0.0127148,1459.9595534243924,1466.0376371000027,-0.56,22.705,2.27,19.990430098850112,long_nclose,45.37827632438975,0.03108187224635999,1.0
1701477780000.0,35323,1701477780000.0,0.9973608634254585,-0.00839382,1460.9485204678178,1465.9067032800026,-0.37,22.686,1.9,19.990430098850112,long_nclose,37.98181718781521,0.025998053083795762,1.0
1701477780000.0,35323,1701477780000.0,1.004390863425458,-0.00840085,1461.9445104812432,1465.9371524300025,-0.37,22.705,1.53,19.990430098850112,long_nclose,30.58535805124067,0.020921011592411654,0.0
1701477840000.0,35324,1701477840000.0,0.6027310772644744,-0.005200530000000001,1462.5420410285078,1465.9344819000028,-0.23,22.611,1.3,19.990430098850112,long_nclose,25.987559128505147,0.01776876041814828,1.0
1701477840000.0,35324,1701477840000.0,0.607101077264474,-0.0052049,1463.143937205772,1465.9361770000025,-0.23,22.63,1.07,19.990430098850112,long_nclose,21.389760205769623,0.01461904031575906,0.0
1701477840000.0,35324,1701477840000.0,0.6114710772644745,-0.00520927,1463.7501990130365,1465.9422377300025,-0.23,22.649,0.84,19.990430098850112,long_nclose,16.791961283034095,0.01147187634499139,0.0
1701477900000.0,35325,1701477900000.0,0.6027310772644744,-0.005200530000000001,1464.347729560301,1465.9163872000026,-0.23,22.611,0.61,19.990430098850112,long_nclose,12.194162360298568,0.008327367956489477,1.0
1701477900000.0,35325,1701477900000.0,0.607101077264474,-0.0052049,1464.9496257375654,1465.9268223000024,-0.23,22.63,0.38,19.990430098850112,long_nclose,7.596363437563043,0.00518540931654115,0.0
1701477960000.0,35326,1701477960000.0,0.9817565624369581,-0.00857812,1465.9228041800022,1465.9228041800022,-0.38,22.574,0.0,19.990430098850112,long_nclose,0.0,0.0,1.0
1701688320000.0,38832,1701688320000.0,0.0,-0.34611787000000005,1465.5766863100023,1480.8823263100023,9.31,37.177,9.31,37.177,long_ientry_normal,346.11787000000004,0.23616496716486957,3506.0
1701695220000.0,38947,1701695220000.0,3.6990800000000017,-0.03232537,1469.2434409400023,1509.3472809400023,-0.77,41.981,8.54,37.177,long_nclose,317.49157999999994,0.21609188181699357,115.0
1701696660000.0,38971,1701696660000.0,3.410840000000001,-0.02980651,1472.6244744300022,1510.3885644300021,-0.71,41.981,7.83,37.177,long_nclose,291.09591,0.19767151439790673,24.0
1701696660000.0,38971,1701696660000.0,3.435689999999999,-0.029831359999999998,1476.0303330700024,1510.3700930700024,-0.71,42.016,7.12,37.177,long_nclose,264.70024,0.17933252052445883,0.0
1701696660000.0,38971,1701696660000.0,3.459829999999998,-0.029855499999999997,1479.4603075700024,1510.3757375700025,-0.71,42.05,6.41,37.177,long_nclose,238.30457,0.16107533860872056,0.0
1701696660000.0,38971,1701696660000.0,3.484680000000001,-0.02988035,1482.9151072200025,1510.4062072200024,-0.71,42.085,5.7,37.177,long_nclose,211.90890000000002,0.14290022332921154,0.0
1701713700000.0,39255,1701713700000.0,2.257880000000001,-0.01973107,1485.1532561500026,1514.9433361500026,-0.47,41.981,5.23,37.177,long_nclose,194.43571,0.1309196267757849,284.0
1701713700000.0,39255,1701713700000.0,2.274329999999999,-0.019747519999999998,1487.4078386300025,1514.5207986300024,-0.47,42.016,4.76,37.177,long_nclose,176.96251999999998,0.1189737712845414,0.0
1701713700000.0,39255,1701713700000.0,2.2903099999999985,-0.019763499999999996,1489.6783851300027,1514.1142251300028,-0.47,42.05,4.29,37.177,long_nclose,159.48933,0.10706292820787726,0.0
1701713700000.0,39255,1701713700000.0,2.3067600000000006,-0.01977995,1491.9653651800027,1513.7240851800027,-0.47,42.085,3.82,37.177,long_nclose,142.01613999999998,0.09518729007684841,0.0
1701713700000.0,39255,1701713700000.0,2.3232099999999987,-0.0197964,1494.2687787800028,1513.3503787800028,-0.47,42.12,3.35,37.177,long_nclose,124.54295,0.08334708706266568,0.0
1701713700000.0,39255,1701713700000.0,2.3396600000000007,-0.01981285,1496.5886259300028,1512.9931059300027,-0.47,42.155,2.88,37.177,long_nclose,107.06975999999999,0.07154254558995143,0.0
1701713700000.0,39255,1701713700000.0,2.356109999999999,-0.019829299999999998,1498.9249066300026,1512.6522666300027,-0.47,42.19,2.41,37.177,long_nclose,89.59657,0.0597738883407027,0.0
1701713700000.0,39255,1701713700000.0,2.3720899999999983,-0.01984528,1501.2771513500027,1512.3273913500027,-0.47,42.224,1.94,37.177,long_nclose,72.12338,0.04804134928393738,0.0
1701713700000.0,39255,1701713700000.0,2.3885400000000003,-0.019861729999999998,1503.6458296200026,1512.0189496200026,-0.47,42.259,1.47,37.177,long_nclose,54.650189999999995,0.036345121253594036,0.0
1701713700000.0,39255,1701713700000.0,2.4049899999999984,-0.01987818,1506.0309414400026,1511.7269414400025,-0.47,42.294,1.0,37.177,long_nclose,37.177,0.02468541580191768,0.0
1701713700000.0,39255,1701713700000.0,2.4214400000000005,-0.01989463,1508.4324868100027,1511.4513668100028,-0.47,42.329,0.53,37.177,long_nclose,19.70381,0.013062440760387727,0.0
1701713700000.0,39255,1701713700000.0,2.74858,-0.022452390000000003,1511.1586144200028,1511.1586144200028,-0.53,42.363,0.0,37.177,long_nclose,0.0,0.0,0.0
1701840060000.0,41361,1701840060000.0,0.0,-0.35681555000000004,1510.8017988700028,1514.4199588700028,6.37,56.015,6.37,56.015,long_ientry_normal,356.81555000000003,0.23617628087739806,2106.0
1701840960000.0,41376,1701840960000.0,0.0,-0.35639087999999997,1510.4454079900029,1485.2452279900028,6.88,51.801,13.25,53.8269003773585,long_rentry,713.2064300000001,0.47218285826634826,15.0
1701842760000.0,41406,1701842760000.0,0.0,-0.35646936,1510.088938630003,1428.8016486300028,7.32,48.698,20.57,52.00173991249393,long_rentry,1069.6757900000002,0.7083528411051349,30.0
1701844260000.0,41431,1701844260000.0,1.0957839426348905,-0.08585861999999998,1511.0988639526379,1517.221410010003,-1.63,52.674,18.94,52.00173991249393,unstuck_close_long,984.9129539426351,0.651785913839126,25.0
1701855900000.0,41625,1701855900000.0,0.0,-0.35661063000000004,1510.742253322638,1392.9067193800026,7.71,46.253,26.65,50.33859602036155,long_rentry,1341.5235839426352,0.8879897156461779,194.0
1701857400000.0,41650,1701857400000.0,0.0,-0.33917100000000006,1510.4030823226378,1353.3188983800023,7.75,43.764,34.4,48.85740069600684,long_rentry,1680.6945839426353,1.1127457323234073,25.0
1701878400000.0,42000,1701878400000.0,18.05689400942043,-0.15778905999999998,1528.3021872720583,1755.1252293200025,-2.86,55.171,31.54,48.85740069600684,long_nclose,1540.9624179520558,1.0082838530137783,350.0
1701878400000.0,42000,1701878400000.0,18.185594009420434,-0.15791776,1546.3298635214787,1752.5849315600026,-2.86,55.216,28.68,48.85740069600684,long_nclose,1401.2302519614761,0.9061651624385206,0.0
1701878400000.0,42000,1701878400000.0,18.317154009420435,-0.15804932,1564.4889682108992,1750.1760622400025,-2.86,55.262,25.82,48.85740069600684,long_nclose,1261.4980859708967,0.8063323625819533,0.0
1701878400000.0,42000,1701878400000.0,18.44871400942043,-0.15818088,1582.7795013403197,1747.8986213600026,-2.86,55.308,22.96,48.85740069600684,long_nclose,1121.7659199803172,0.7087316452041426,0.0
1701878400000.0,42000,1701878400000.0,18.577414009420437,-0.15830958,1601.1986057697402,1745.7497517800027,-2.86,55.353,20.1,48.85740069600684,long_nclose,982.0337539897375,0.6133116469444132,0.0
1701878400000.0,42000,1701878400000.0,18.708974009420434,-0.15844113999999998,1619.7491386391607,1743.7323106400027,-2.86,55.399,17.24,48.85740069600684,long_nclose,842.3015879991578,0.5200197783138327,0.0
1701878400000.0,42000,1701878400000.0,18.840534009420434,-0.1585727,1638.4310999485813,1741.8462979400028,-2.86,55.445,14.38,48.85740069600684,long_nclose,702.5694220085784,0.42880620493020855,0.0
1701878400000.0,42000,1701878400000.0,18.969234009420436,-0.15870140000000002,1657.2416325580018,1740.088856540003,-2.86,55.49,11.52,48.85740069600684,long_nclose,562.8372560179988,0.3396229282203361,0.0
1701878400000.0,42000,1701878400000.0,19.100794009420436,-0.15883296,1676.1835936074224,1738.4628435800032,-2.86,55.536,8.66,48.85740069600684,long_nclose,423.10509002741924,0.2524216867657245,0.0
1701878400000.0,42000,1701878400000.0,19.232354009420433,-0.15896452,1695.256983096843,1736.9682590600032,-2.86,55.582,5.8,48.85740069600684,long_nclose,283.37292403683966,0.1671563231193319,0.0
1701878400000.0,42000,1701878400000.0,19.36105400942044,-0.15909322,1714.4589438862636,1735.6022458400034,-2.86,55.627,2.94,48.85740069600684,long_nclose,143.64075804626012,0.08378197597468347,0.0
1701878400000.0,42000,1701878400000.0,20.037861953739892,-0.16367862,1734.3331272200035,1734.3331272200035,-2.94,55.673,0.0,48.85740069600684,long_nclose,0.0,0.0,0.0
1701902280000.0,42398,1701902280000.0,0.0,-0.40955992,1733.9235673000035,1724.4015273000034,7.48,54.754,7.48,54.754,long_ientry_normal,409.55992000000003,0.23620413709339586,398.0
1701902580000.0,42403,1701902580000.0,0.0,-0.40913079999999996,1733.5144365000035,1701.4750765000035,8.08,50.635,15.56,52.615084832904884,long_rentry,818.69072,0.4722722250026087,5.0
1701941160000.0,43046,1701941160000.0,0.0,-0.40936859999999997,1733.1050679000034,1663.9526279000036,8.6,47.601,24.16,50.83026986754967,long_rentry,1228.05932,0.7085890767649965,643.0
1701942060000.0,43061,1701942060000.0,-0.29107624172185603,-0.09882794999999998,1732.7151637082816,1762.0263699500035,-1.95,50.681,22.21,50.83026986754967,unstuck_close_long,1128.9402937582781,0.6515440722190999,15.0
1701953160000.0,43246,1701953160000.0,12.150300745033123,-0.10618630000000003,1744.7592781533147,1878.5189836500035,-1.85,57.398,20.36,50.83026986754967,long_nclose,1034.9042945033111,0.5931501883736494,185.0
1701953160000.0,43246,1701953160000.0,12.239100745033113,-0.1062751,1756.8921037983478,1878.4978085500034,-1.85,57.446,18.51,50.83026986754967,long_nclose,940.8682952483445,0.535529924241913,0.0
1701953160000.0,43246,1701953160000.0,12.32605074503312,-0.10636205000000001,1769.111792493381,1878.5634965000036,-1.85,57.493,16.66,50.83026986754967,long_nclose,846.8322959933774,0.4786765311195255,0.0
1701953160000.0,43246,1701953160000.0,12.41485074503311,-0.10645085,1781.420192388414,1878.7178956500036,-1.85,57.541,14.81,50.83026986754967,long_nclose,752.7962967384105,0.4225821060943008,0.0
1701953160000.0,43246,1701953160000.0,12.501800745033119,-0.1065378,1793.815455333447,1878.9591578500033,-1.85,57.588,12.96,50.83026986754967,long_nclose,658.7602974834438,0.3672397266534805,0.0
1701953160000.0,43246,1701953160000.0,12.590600745033122,-0.10662660000000002,1806.29942947848,1879.2891312500033,-1.85,57.636,11.11,50.83026986754967,long_nclose,564.7242982284768,0.31264157481992094,0.0
1701953160000.0,43246,1701953160000.0,12.677550745033116,-0.10671355,1818.8702666735132,1879.7059677000034,-1.85,57.683,9.26,50.83026986754967,long_nclose,470.6882989735099,0.2587805780311864,0.0
1701953160000.0,43246,1701953160000.0,12.766350745033119,-0.10680235,1831.5298150685464,1880.2115153500033,-1.85,57.731,7.41,50.83026986754967,long_nclose,376.652299718543,0.20564901352940657,0.0
1701953220000.0,43247,1701953220000.0,4.432539188741722,-0.03848882000000001,1835.923865437288,1876.5372865300033,-0.67,57.446,6.74,50.83026986754967,long_nclose,342.59601890728476,0.186606876982714,1.0
1701953340000.0,43249,1701953340000.0,3.6779288741721885,-0.032142880000000006,1839.5696514314602,1884.5089436500032,-0.56,57.398,6.18,50.83026986754967,long_nclose,314.1310677814569,0.170763345403647,2.0
1701953340000.0,43249,1701953340000.0,3.7048088741721856,-0.032169760000000006,1843.2422905456324,1884.1094138900032,-0.56,57.446,5.62,50.83026986754967,long_nclose,285.66611665562914,0.15498023136777472,0.0
1701953340000.0,43249,1701953340000.0,3.731128874172188,-0.03219608,1846.9412233398045,1883.7361778100033,-0.56,57.493,5.06,50.83026986754967,long_nclose,257.2011655298013,0.13925790505921304,0.0
1701953340000.0,43249,1701953340000.0,3.758008874172185,-0.03222296,1850.6670092539769,1883.3897948500035,-0.56,57.541,4.5,50.83026986754967,long_nclose,228.7362144039735,0.1235966347593668,0.0
1701953340000.0,43249,1701953340000.0,3.7843288741721874,-0.032249280000000005,1854.419088848149,1883.0697055700032,-0.56,57.588,3.94,50.83026986754967,long_nclose,200.27126327814568,0.10799676539273648,0.0
1701953340000.0,43249,1701953340000.0,3.811208874172188,-0.032276160000000005,1858.1980215623212,1882.7764694100033,-0.56,57.636,3.38,50.83026986754967,long_nclose,171.80631215231787,0.09245855939931952,0.0
1701953340000.0,43249,1701953340000.0,3.8375288741721865,-0.03230248,1862.0032479564934,1882.5095269300034,-0.56,57.683,2.82,50.83026986754967,long_nclose,143.34136102649006,0.07698233672997293,0.0
1701953340000.0,43249,1701953340000.0,3.8644088741721876,-0.03232936,1865.8353274706656,1882.2694375700032,-0.56,57.731,2.26,50.83026986754967,long_nclose,114.87640990066224,0.061568353974940114,0.0
1701953340000.0,43249,1701953340000.0,3.8912888741721887,-0.03235624000000001,1869.694260104838,1882.0562013300034,-0.56,57.779,1.7,50.83026986754967,long_nclose,86.41145877483443,0.046216892578998,0.0
1701953340000.0,43249,1701953340000.0,3.917608874172187,-0.032382560000000005,1873.57948641901,1881.8692587700034,-0.56,57.826,1.14,50.83026986754967,long_nclose,57.94650764900661,0.030928235534730536,0.0
1701953340000.0,43249,1701953340000.0,3.944488874172188,-0.032409440000000005,1877.4915658531822,1881.7091693300035,-0.56,57.874,0.58,50.83026986754967,long_nclose,29.481556523178806,0.015702630605310654,0.0
1701953340000.0,43249,1701953340000.0,4.1126234768211924,-0.033594179999999994,1881.5705951500036,1881.5705951500036,-0.58,57.921,0.0,50.83026986754967,long_nclose,0.0,0.0,0.0
1701964680000.0,43438,1701964680000.0,0.0,-0.44429219999999997,1881.1263029500035,1879.1366229500034,8.36,53.145,8.36,53.145,long_ientry_normal,444.2922,0.23618414101342156,189.0
1701988320000.0,43832,1701988320000.0,0.0,-0.44379740999999995,1880.6825055400036,1840.6162455400038,9.03,49.147,17.39,51.06898274870615,long_rentry,888.08961,0.4722166593159228,394.0
1702003680000.0,44088,1702003680000.0,0.0,-0.44401083,1880.2384947100036,1808.5520547100036,9.61,46.203,27.0,49.33705333333333,long_rentry,1332.10044,0.7084741875819615,256.0
1702004640000.0,44104,1702004640000.0,-3.681119999999991,-0.10732725000000001,1876.4500474600036,1832.8639774600038,-2.25,47.701,24.75,49.33705333333333,unstuck_close_long,1221.09207,0.6507458440755681,16.0
1702041600000.0,44720,1702041600000.0,6.323891200000002,-0.10697148000000001,1882.6669671800034,1956.1553159800035,-2.04,52.437,22.71,49.33705333333333,unstuck_close_long,1120.4444812,0.5951368461509068,616.0
1702078560000.0,45336,1702078560000.0,4.000148533333335,-0.10711459,1886.5600011233366,1925.0770613900033,-2.09,51.251,20.62,49.33705333333333,unstuck_close_long,1017.3300397333334,0.5392513565047349,616.0
1702083900000.0,45425,1702083900000.0,10.901158800000012,-0.09526752000000001,1897.3658924033366,2022.3032538700033,-1.71,55.712,18.91,49.33705333333333,long_nclose,932.9636785333332,0.4917152154303649,89.0
1702083900000.0,45425,1702083900000.0,10.979818800000011,-0.09534618,1908.2503650233366,2021.8898476900033,-1.71,55.758,17.2,49.33705333333333,long_nclose,848.5973173333332,0.44469915105870056,0.0
1702083900000.0,45425,1702083900000.0,11.058478800000008,-0.09542484000000001,1919.2134189833366,2021.5550228500033,-1.71,55.804,15.49,49.33705333333333,long_nclose,764.2309561333333,0.398200089981743,0.0
1702083900000.0,45425,1702083900000.0,11.138848800000003,-0.09550521,1930.2567625733366,2021.3004876400032,-1.71,55.851,13.78,49.33705333333333,long_nclose,679.8645949333333,0.3522145903672248,0.0
1702083900000.0,45425,1702083900000.0,11.217508800000003,-0.09558386999999999,1941.3786875033366,2021.1245337700034,-1.71,55.897,12.07,49.33705333333333,long_nclose,595.4982337333333,0.30673986356528904,0.0
1702083900000.0,45425,1702083900000.0,11.296168800000002,-0.09566253,1952.5791937733366,2021.0271612400034,-1.71,55.943,10.36,49.33705333333333,long_nclose,511.13187253333325,0.26177267184004804,0.0
1702083900000.0,45425,1702083900000.0,11.374828800000001,-0.09574118999999999,1963.8582813833366,2021.0083700500034,-1.71,55.989,8.65,49.33705333333333,long_nclose,426.76551133333334,0.217309729209544,0.0
1702083960000.0,45426,1702083960000.0,9.578803200000001,-0.08062415999999999,1973.3564604233366,2015.4696858900031,-1.44,55.989,7.21,49.33705333333333,long_nclose,355.7201545333333,0.18026147919419588,1.0
1702086420000.0,45467,1702086420000.0,3.8249680000000037,-0.0334272,1977.1480012233365,2020.072988690003,-0.6,55.712,6.61,49.33705333333333,long_nclose,326.11792253333334,0.16494360681727002,41.0
1702086420000.0,45467,1702086420000.0,3.8525680000000033,-0.0334548,1980.9671144233364,2019.995733890003,-0.6,55.758,6.01,49.33705333333333,long_nclose,296.5156905333333,0.14968228819873652,0.0
1702086420000.0,45467,1702086420000.0,3.880168000000003,-0.0334824,1984.8138000233364,2019.9460514900031,-0.6,55.804,5.41,49.33705333333333,long_nclose,266.9134585333333,0.1344778328980759,0.0
1702086420000.0,45467,1702086420000.0,3.908368000000001,-0.033510599999999995,1988.6886574233365,2019.9245408900033,-0.6,55.851,4.81,49.33705333333333,long_nclose,237.3112265333333,0.11933050739114079,0.0
1702086420000.0,45467,1702086420000.0,3.935968000000001,-0.0335382,1992.5910872233364,2019.930602690003,-0.6,55.897,4.21,49.33705333333333,long_nclose,207.7089945333333,0.10424065221669467,0.0
1702086420000.0,45467,1702086420000.0,3.9635680000000004,-0.0335658,1996.5210894233364,2019.9642368900031,-0.6,55.943,3.61,49.33705333333333,long_nclose,178.10676253333332,0.08920855556040064,0.0
1702086420000.0,45467,1702086420000.0,3.991168,-0.033593399999999995,2000.4786640233365,2020.0254434900032,-0.6,55.989,3.01,49.33705333333333,long_nclose,148.5045305333333,0.07423449857478756,0.0
1702086480000.0,45468,1702086480000.0,2.149602400000001,-0.018430830000000002,2002.6098355933366,2022.1147326600033,-0.33,55.851,2.68,49.33705333333333,long_nclose,132.22330293333334,0.0660254936250016,1.0
1702086480000.0,45468,1702086480000.0,2.164782400000001,-0.018446010000000002,2004.7561719833366,2021.8593466500033,-0.33,55.897,2.35,49.33705333333333,long_nclose,115.94207533333334,0.057833504619481994,0.0
1702086480000.0,45468,1702086480000.0,2.1799624000000004,-0.01846119,2006.9176731933367,2021.6191254600033,-0.33,55.943,2.02,49.33705333333333,long_nclose,99.66084773333333,0.049658662666892804,0.0
1702086480000.0,45468,1702086480000.0,2.1951424000000004,-0.01847637,2009.0943392233366,2021.3940690900033,-0.33,55.989,1.69,49.33705333333333,long_nclose,83.37962013333332,0.0415010975370951,0.0
1702086480000.0,45468,1702086480000.0,2.2103224,-0.01849155,2011.2861700733367,2021.1841775400035,-0.33,56.035,1.36,49.33705333333333,long_nclose,67.09839253333334,0.033360937658556446,0.0
1702086480000.0,45468,1702086480000.0,2.225502400000002,-0.018506730000000002,2013.493165743337,2020.9894508100035,-0.33,56.081,1.03,49.33705333333333,long_nclose,50.81716493333333,0.025238310115928683,0.0
1702086480000.0,45468,1702086480000.0,2.240682400000002,-0.018521910000000003,2015.715326233337,2020.8098889000037,-0.33,56.127,0.7,49.33705333333333,long_nclose,34.53593733333333,0.017133340647793184,0.0
1702086480000.0,45468,1702086480000.0,2.255862400000002,-0.018537090000000003,2017.952651543337,2020.6454918100037,-0.33,56.173,0.37,49.33705333333333,long_nclose,18.254709733333332,0.009046153644572417,0.0
1702086480000.0,45468,1702086480000.0,2.5466902666666673,-0.0208014,2020.4785404100037,2020.4785404100037,-0.37,56.22,0.0,49.33705333333333,long_nclose,0.0,0.0,0.0
1702132980000.0,46243,1702132980000.0,0.0,-0.4769694,2020.0015710100038,2025.3106610100037,9.43,50.58,9.43,50.58,long_ientry_normal,476.96939999999995,0.23612328170691202,775.0
1702260720000.0,48372,1702260720000.0,0.0,-0.47663724999999996,2019.5249337600037,1952.7422837600038,10.19,46.775,19.62,48.60380479102956,long_rentry,953.6066500000001,0.47219355109647027,2129.0
1702363920000.0,50092,1702363920000.0,10.236718190621817,-0.08946092,2029.6721910306255,2138.281332840004,-1.63,54.884,17.99,48.60380479102956,long_nclose,874.3824481906217,0.4307998365719483,1720.0
1702363920000.0,50092,1702363920000.0,10.311698190621815,-0.0895359,2039.8943533212473,2138.662866940004,-1.63,54.93,16.36,48.60380479102956,long_nclose,795.1582463812435,0.3898036410986722,0.0
1702363980000.0,50093,1702363980000.0,8.5410654841998,-0.07464224,2048.360776565447,2142.2637047000035,-1.36,54.884,15.0,48.60380479102956,long_nclose,729.0570718654434,0.3559221989633472,1.0
1702363980000.0,50093,1702363980000.0,8.603625484199798,-0.0747048,2056.889697249647,2142.2787599000035,-1.36,54.93,13.64,48.60380479102956,long_nclose,662.9558973496432,0.32230989257037423,0.0
1702363980000.0,50093,1702363980000.0,8.6648254841998,-0.07476600000000001,2065.4797567338464,2142.3549539000032,-1.36,54.975,12.28,48.60380479102956,long_nclose,596.854722833843,0.2889666291271972,0.0
1702364040000.0,50094,1702364040000.0,6.405799113149849,-0.055981680000000006,2071.8295741669963,2139.7971322200033,-1.02,54.884,11.26,48.60380479102956,long_nclose,547.2788419469929,0.2641524422524149,1.0
1702364040000.0,50094,1702364040000.0,6.452719113149849,-0.0560286,2078.226264680146,2140.036903620003,-1.02,54.93,10.24,48.60380479102956,long_nclose,497.7029610601427,0.23948449190480361,0.0
1702364040000.0,50094,1702364040000.0,6.49861911314985,-0.0560745,2084.668809293296,2140.3225291200033,-1.02,54.975,9.22,48.60380479102956,long_nclose,448.1270801732926,0.21496320095334853,0.0
1702364040000.0,50094,1702364040000.0,6.545539113149849,-0.05612142,2091.1582269864457,2140.6550277000033,-1.02,55.021,8.2,48.60380479102956,long_nclose,398.55119928644234,0.19058873410109758,0.0
1702364040000.0,50094,1702364040000.0,6.5914391131498515,-0.05616732000000001,2097.6934987795958,2141.0333803800036,-1.02,55.066,7.18,48.60380479102956,long_nclose,348.97531839959225,0.16636144346284168,0.0
1702364040000.0,50094,1702364040000.0,6.637339113149846,-0.05621322,2104.2746246727456,2141.4575871600036,-1.02,55.111,6.16,48.60380479102956,long_nclose,299.3994375127421,0.14228154158314976,0.0
1702364400000.0,50100,1702364400000.0,3.2028995565749243,-0.027990840000000003,2107.4495333893205,2146.9780363200034,-0.51,54.884,5.65,48.60380479102956,long_nclose,274.611497069317,0.1303051355292343,6.0
1702364400000.0,50100,1702364400000.0,3.2263595565749243,-0.0280143,2110.6478786458956,2146.6083220200035,-0.51,54.93,5.14,48.60380479102956,long_nclose,249.8235566258919,0.11836344619746254,0.0
1702364400000.0,50100,1702364400000.0,3.249309556574925,-0.02803725,2113.8691509524706,2146.261534770004,-0.51,54.975,4.63,48.60380479102956,long_nclose,225.03561618246687,0.10645673885778122,0.0
1702364400000.0,50100,1702364400000.0,3.2727695565749246,-0.02806071,2117.1138597990457,2145.938184060004,-0.51,55.021,4.12,48.60380479102956,long_nclose,200.2476757390418,0.09458521789567288,0.0
1702364400000.0,50100,1702364400000.0,3.2957195565749258,-0.028083660000000003,2120.3814956956207,2145.637760400004,-0.51,55.066,3.61,48.60380479102956,long_nclose,175.4597352956167,0.08274913530975457,0.0
1702364400000.0,50100,1702364400000.0,3.318669556574923,-0.02810661,2123.6720586421957,2145.360263790004,-0.51,55.111,3.1,48.60380479102956,long_nclose,150.67179485219165,0.07094871086100088,0.0
1702364400000.0,50100,1702364400000.0,3.3421295565749225,-0.02813007,2126.9860581287708,2145.106203720004,-0.51,55.157,2.59,48.60380479102956,long_nclose,125.88385440876655,0.05918414647226868,0.0
1702364400000.0,50100,1702364400000.0,3.365079556574923,-0.028153019999999997,2130.3229846653458,2144.8750707000045,-0.51,55.202,2.08,48.60380479102956,long_nclose,101.0959139653415,0.047455674417944065,0.0
1702364400000.0,50100,1702364400000.0,3.3885395565749232,-0.02817648,2133.6833477419204,2144.667374220004,-0.51,55.248,1.57,48.60380479102956,long_nclose,76.30797352191641,0.035763494898468993,0.0
1702364400000.0,50100,1702364400000.0,3.411489556574924,-0.02819943,2137.0666378684955,2144.482604790004,-0.51,55.293,1.06,48.60380479102956,long_nclose,51.52003307849134,0.0241078271334942,0.0
1702364400000.0,50100,1702364400000.0,3.4349495565749235,-0.02822289,2140.4733645350702,2144.321271900004,-0.51,55.339,0.55,48.60380479102956,long_nclose,26.73209263506626,0.012488869554736414,0.0
1702364400000.0,50100,1702364400000.0,3.7291073649337423,-0.0304612,2144.172010700004,2144.172010700004,-0.55,55.384,0.0,48.60380479102956,long_nclose,0.0,0.0,0.0
1702430760000.0,51206,1702430760000.0,0.0,-0.5060663500000001,2143.6659443500043,2134.0054743500045,10.31,49.085,10.31,49.085,long_ientry_normal,506.06635000000006,0.2360751922816257,1106.0
1702516380000.0,52633,1702516380000.0,5.391549999999997,-0.0471138,2149.0103805500044,2208.2583605500045,-0.85,55.428,9.46,49.085,long_nclose,464.3441,0.21607345604406,1427.0
1702516380000.0,52633,1702516380000.0,5.429799999999998,-0.047152049999999994,2154.393028500004,2208.3174585000042,-0.85,55.473,8.61,49.085,long_nclose,422.62185,0.19616747938246457,0.0
1702516440000.0,52634,1702516440000.0,4.503529999999997,-0.03935388,2158.8572046200043,2207.4422046200043,-0.71,55.428,7.9,49.085,long_nclose,387.7715,0.17961887389780112,1.0
1702516440000.0,52634,1702516440000.0,4.535479999999999,-0.03938583,2163.3532987900044,2207.5717987900043,-0.71,55.473,7.19,49.085,long_nclose,352.92115,0.163136160051802,0.0
1702516440000.0,52634,1702516440000.0,4.568139999999998,-0.03941849,2167.882020300004,2207.734020300004,-0.71,55.519,6.48,49.085,long_nclose,318.0708,0.14671960790374725,0.0
1702516440000.0,52634,1702516440000.0,4.600799999999998,-0.03945115,2172.4433691500044,2207.928869150004,-0.71,55.565,5.77,49.085,long_nclose,283.22044999999997,0.13036954335468523,0.0
1702520160000.0,52696,1702520160000.0,3.044639999999998,-0.026605439999999998,2175.4614037100046,2212.0311737100046,-0.48,55.428,5.29,49.085,long_nclose,259.65965,0.11935842647319768,62.0
1702520160000.0,52696,1702520160000.0,3.066239999999999,-0.026627039999999998,2178.5010166700044,2211.7525466700044,-0.48,55.473,4.81,49.085,long_nclose,236.09885,0.10837674538288446,0.0
1702520160000.0,52696,1702520160000.0,3.0883199999999986,-0.026649120000000002,2181.5626875500043,2211.495977550004,-0.48,55.519,4.33,49.085,long_nclose,212.53805,0.09742468149686317,0.0
1702520160000.0,52696,1702520160000.0,3.1103999999999985,-0.0266712,2184.6464163500045,2211.2614663500044,-0.48,55.565,3.85,49.085,long_nclose,188.97725,0.08650244203624197,0.0
1702520160000.0,52696,1702520160000.0,3.132479999999998,-0.02669328,2187.7522030700047,2211.0490130700045,-0.48,55.611,3.37,49.085,long_nclose,165.41645,0.07561023125373899,0.0
1702520160000.0,52696,1702520160000.0,3.154559999999998,-0.026715359999999997,2190.880047710005,2210.858617710005,-0.48,55.657,2.89,49.085,long_nclose,141.85565,0.06474825043400854,0.0
1702520160000.0,52696,1702520160000.0,3.176640000000001,-0.02673744,2194.029950270005,2210.690280270005,-0.48,55.703,2.41,49.085,long_nclose,118.29485000000001,0.05391669789441217,0.0
1702520160000.0,52696,1702520160000.0,3.1987200000000007,-0.02675952,2197.201910750005,2210.544000750005,-0.48,55.749,1.93,49.085,long_nclose,94.73405,0.04311576898622983,0.0
1702520160000.0,52696,1702520160000.0,3.2208,-0.026781600000000003,2200.395929150005,2210.419779150005,-0.48,55.795,1.45,49.085,long_nclose,71.17325,0.03234565609630701,0.0
1702520160000.0,52696,1702520160000.0,3.24288,-0.02680368,2203.612005470005,2210.317615470005,-0.48,55.841,0.97,49.085,long_nclose,47.61245,0.02160654864913246,0.0
1702520160000.0,52696,1702520160000.0,3.2644800000000007,-0.02682528,2206.8496601900047,2210.2370301900046,-0.48,55.886,0.49,49.085,long_nclose,24.05165,0.010898635477474803,0.0
1702520160000.0,52696,1702520160000.0,3.3550300000000006,-0.027406680000000003,2210.177283510005,2210.177283510005,-0.49,55.932,0.0,49.085,long_nclose,0.0,0.0,0.0
1702560600000.0,53370,1702560600000.0,0.0,-0.52143488,2209.655848630005,2219.605608630005,9.92,52.564,9.92,52.564,long_ientry_normal,521.43488,0.235980132527557,674.0
1702563480000.0,53418,1702563480000.0,5.569440000000001,-0.04867192,2215.1766167100054,2277.6390167100053,-0.82,59.356,9.1,52.564,long_nclose,478.3324,0.21593420424887944,48.0
1702563480000.0,53418,1702563480000.0,5.6096200000000005,-0.0487121,2220.7375246100055,2277.5714446100055,-0.82,59.405,8.28,52.564,long_nclose,435.22992,0.19598440390943223,0.0
1702563540000.0,53419,1702563540000.0,5.6498,-0.04875228,2226.3385723300057,2282.5571323300055,-0.82,59.454,7.46,52.564,long_nclose,392.12744,0.17613109024545784,1.0
1702563540000.0,53419,1702563540000.0,5.689979999999999,-0.04879246,2231.9797598700056,2282.0187998700058,-0.82,59.503,6.64,52.564,long_nclose,349.02495999999996,0.15637460799390393,0.0
1702563540000.0,53419,1702563540000.0,5.730979999999997,-0.048833459999999995,2237.6619064100055,2281.5214264100055,-0.82,59.553,5.82,52.564,long_nclose,305.92248,0.13671523795603552,0.0
1702563540000.0,53419,1702563540000.0,5.7711599999999965,-0.048873639999999996,2243.3841927700055,2281.0641927700053,-0.82,59.602,5.0,52.564,long_nclose,262.82,0.11715336180357255,0.0
1702563540000.0,53419,1702563540000.0,5.811340000000002,-0.048913820000000004,2249.1466189500056,2280.647098950006,-0.82,59.651,4.18,52.564,long_nclose,219.71751999999998,0.0976892827478598,0.0
1702563540000.0,53419,1702563540000.0,5.851520000000002,-0.048954000000000004,2254.949184950006,2280.270144950006,-0.82,59.7,3.36,52.564,long_nclose,176.61504,0.0783232904664837,0.0
1702563540000.0,53419,1702563540000.0,5.891700000000002,-0.04899418,2260.791890770006,2279.933330770006,-0.82,59.749,2.54,52.564,long_nclose,133.51256,0.05905566122431853,0.0
1702563540000.0,53419,1702563540000.0,5.931880000000001,-0.04903436,2266.674736410006,2279.6366564100063,-0.82,59.798,1.72,52.564,long_nclose,90.41008,0.03988665799628263,0.0
1702563540000.0,53419,1702563540000.0,5.972060000000001,-0.04907454,2272.597721870006,2279.380121870006,-0.82,59.847,0.9,52.564,long_nclose,47.3076,0.020816530591728732,0.0
1702563540000.0,53419,1702563540000.0,6.599699999999999,-0.0539073,2279.143514570006,2279.143514570006,-0.9,59.897,0.0,52.564,long_nclose,0.0,0.0,0.0
1702619760000.0,54356,1702619760000.0,0.0,-0.53816024,2278.6053543300063,2276.8335143300064,9.04,59.531,9.04,59.531,long_ientry_normal,538.1602399999999,0.23617966093924098,937.0
1702647120000.0,54812,1702647120000.0,0.0,-0.53786781,2278.0674865200062,2238.357576520006,9.77,55.053,18.81,57.20510632642211,long_rentry,1076.02805,0.4723424816723708,456.0
1702679340000.0,55349,1702679340000.0,0.0,-0.5377240600000001,2277.529762460006,2185.4772524600066,10.39,51.754,29.2,55.26548321917807,long_rentry,1613.7521099999997,0.7085536868053717,537.0
1702682100000.0,55395,1702682100000.0,-7.428798383561612,-0.1296296,2269.9713344764446,2182.9313828600066,-2.48,52.27,26.72,55.26548321917807,unstuck_close_long,1476.6937116164381,0.650534079082117,46.0
1702687080000.0,55478,1702687080000.0,0.0,-0.5358658000000001,2269.4354686764445,2119.0659570600064,10.9,49.162,37.62,53.49706304137262,long_rentry,2012.559511616438,0.8868106361227275,83.0
1702719120000.0,56012,1702719120000.0,-1.5142544513629241,-0.12955355000000002,2267.791660675082,2244.506903510007,-2.45,52.879,35.17,53.49706304137262,unstuck_close_long,1881.4917071650752,0.8296580941676927,534.0
1702756080000.0,56628,1702756080000.0,-5.874819494672735,-0.12947275,2261.787368430409,2188.116830760007,-2.53,51.175,32.64,53.49706304137262,unstuck_close_long,1746.1441376704024,0.7720195815233318,616.0
1702793040000.0,57244,1702793040000.0,-8.322721385913901,-0.12862976,2253.336017284495,2153.5888410000066,-2.56,50.246,30.08,53.49706304137262,unstuck_close_long,1609.1916562844883,0.714137458391018,616.0
1702830000000.0,57860,1702830000000.0,-6.50427886425901,-0.12830831999999998,2246.703430100236,2172.8133326800066,-2.52,50.916,27.56,53.49706304137262,unstuck_close_long,1474.3790574202294,0.656241067542435,616.0
1702866960000.0,58476,1702866960000.0,-10.826563907568817,-0.1282658,2235.748600392667,2132.4875068800065,-2.6,49.333,24.96,53.49706304137262,unstuck_close_long,1335.2866935126606,0.5972436674132963,616.0
1702890960000.0,58876,1702890960000.0,0.0,-0.52757593,2235.221024462667,2101.929830950007,11.03,47.831,35.99,51.76056192032955,long_rentry,1862.8626235126605,0.8334131627812873,400.0
1702891380000.0,58883,1702891380000.0,0.0,-0.5189028000000001,2234.702121662667,2037.045898150007,11.47,45.24,47.46,50.1846907609073,long_rentry,2381.7654235126606,1.0658089059944038,7.0
1702903920000.0,59092,1702903920000.0,-9.162838869667853,-0.12733952,2225.4119432729995,2076.217878630007,-2.72,46.816,44.74,50.1846907609073,unstuck_close_long,2245.263064642993,1.0089202007879934,209.0
1702940880000.0,59708,1702940880000.0,1.1132730977317529,-0.126575,2226.3986413707316,2251.628983630007,-2.5,50.63,42.24,50.1846907609073,unstuck_close_long,2119.8013377407246,0.9521211962452609,616.0
1702977840000.0,60324,1702977840000.0,7.8264728966497,-0.12676419000000003,2234.0983500773814,2364.7646694400073,-2.37,53.487,39.87,50.1846907609073,unstuck_close_long,2000.863620637374,0.8956022999471223,616.0
1703014800000.0,60940,1703014800000.0,-2.1122221631408387,-0.12736428000000002,2231.8587636342404,2202.672225160007,-2.58,49.366,37.29,50.1846907609073,unstuck_close_long,1871.3871184742331,0.838488146726169,616.0
1703051760000.0,61556,1703051760000.0,2.0251400053408135,-0.12698502,2233.756918619581,2262.999680140007,-2.49,50.998,34.8,50.1846907609073,unstuck_close_long,1746.427238479574,0.7818340589892084,616.0
1703088720000.0,62172,1703088720000.0,4.000720728168038,-0.12745506,2237.6301842877488,2281.7519450800064,-2.46,51.811,32.34,50.1846907609073,unstuck_close_long,1622.9728992077423,0.7253088158195115,616.0
1703123520000.0,62752,1703123520000.0,17.44279185315935,-0.15243961,2254.920536530908,2453.5847054700066,-2.69,56.669,29.65,50.1846907609073,long_nclose,1487.9760810609014,0.6598796085959129,580.0
1703123520000.0,62752,1703123520000.0,17.569221853159362,-0.15256603999999999,2272.3371923440677,2452.977529430007,-2.69,56.716,26.96,50.1846907609073,long_nclose,1352.9792629140609,0.595413069623867,0.0
1703123520000.0,62752,1703123520000.0,17.695651853159355,-0.15269247,2289.880151727227,2452.4966569600065,-2.69,56.763,24.27,50.1846907609073,long_nclose,1217.9824447672202,0.5318979003545281,0.0
1703123520000.0,62752,1703123520000.0,17.822081853159364,-0.1528189,2307.5494146803862,2452.1420880600067,-2.69,56.81,21.58,50.1846907609073,long_nclose,1082.9856266203794,0.46932283214848575,0.0
1703123520000.0,62752,1703123520000.0,17.948511853159356,-0.15294533,2325.3449812035456,2451.913822730007,-2.69,56.857,18.89,50.1846907609073,long_nclose,947.9888084735389,0.4076766312682265,0.0
1703123520000.0,62752,1703123520000.0,18.07494185315937,-0.15307176,2343.266851296705,2451.811860970007,-2.69,56.904,16.2,50.1846907609073,long_nclose,812.9919903266982,0.3469481036173105,0.0
1703123520000.0,62752,1703123520000.0,18.201371853159362,-0.15319819,2361.315024959865,2451.836202780007,-2.69,56.951,13.51,50.1846907609073,long_nclose,677.9951721798576,0.2871260992342102,0.0
1703123520000.0,62752,1703123520000.0,18.327801853159354,-0.15332462,2379.489502193024,2451.986848160007,-2.69,56.998,10.82,50.1846907609073,long_nclose,542.998354033017,0.22819951654864207,0.0
1703123580000.0,62753,1703123580000.0,10.347736228202761,-0.08763216000000001,2389.7496062612267,2449.645596000007,-1.54,56.904,9.28,50.1846907609073,long_nclose,465.71393026121973,0.19487980206839792,1.0
1703123580000.0,62753,1703123580000.0,10.420116228202756,-0.08770454000000001,2400.08201794943,2450.0383714600075,-1.54,56.951,7.74,50.1846907609073,long_nclose,388.4295064894225,0.16184009695688942,0.0
1703123580000.0,62753,1703123580000.0,10.492496228202752,-0.08777692000000001,2410.4867372576323,2450.503454540007,-1.54,56.998,6.2,50.1846907609073,long_nclose,311.14508271762526,0.12907977376868268,0.0
1703123580000.0,62753,1703123580000.0,10.564876228202758,-0.0878493,2420.963764185835,2451.040845240007,-1.54,57.045,4.66,50.1846907609073,long_nclose,233.86065894582802,0.09659816574102045,0.0
1703123580000.0,62753,1703123580000.0,10.637256228202753,-0.08792168,2431.5130987340376,2451.650543560007,-1.54,57.092,3.12,50.1846907609073,long_nclose,156.57623517403078,0.06439456783331823,0.0
1703123580000.0,62753,1703123580000.0,10.709636228202761,-0.08799406000000001,2442.1347409022405,2452.332549500007,-1.54,57.139,1.58,50.1846907609073,long_nclose,79.29181140223353,0.0324682377569959,0.0
1703123580000.0,62753,1703123580000.0,11.060488597766469,-0.09035230000000001,2453.1048772000067,2453.1048772000067,-1.58,57.185,0.0,50.1846907609073,long_nclose,0.0,0.0,0.0
1703150760000.0,63206,1703150760000.0,0.0,-0.579172,2452.5257052000065,2454.3517052000066,11.0,52.652,11.0,52.652,long_ientry_normal,579.172,0.2361532842538618,453.0
1703296620000.0,65637,1703296620000.0,0.0,-0.5789359900000001,2451.9467692100066,2404.3929092100066,11.89,48.691,22.89,50.59449497597204,long_rentry,1158.10799,0.47232183200010136,2431.0
1703409960000.0,67526,1703409960000.0,12.421259545653118,-0.1085508,2464.2594779556593,2601.775568410006,-1.9,57.132,20.99,50.59449497597204,long_nclose,1061.9784495456531,0.4309523648161705,1889.0
1703409960000.0,67526,1703409960000.0,12.510559545653127,-0.1086401,2476.6613974013126,2601.7296283100063,-1.9,57.179,19.09,50.59449497597204,long_nclose,965.8489090913063,0.38998020080772566,0.0
1703409960000.0,67526,1703409960000.0,12.601759545653117,-0.10873129999999999,2489.154425646966,2601.7747970100068,-1.9,57.227,17.19,50.59449497597204,long_nclose,869.7193686369594,0.3494035402849332,0.0
1703410020000.0,67527,1703410020000.0,10.27182783748362,-0.08919924,2499.3370542444495,2603.7846077700065,-1.56,57.179,15.63,50.59449497597204,long_nclose,790.791956474443,0.3164006851862962,1.0
1703410020000.0,67527,1703410020000.0,10.346707837483613,-0.08927412,2509.5944879619333,2603.617333650007,-1.56,57.227,14.07,50.59449497597204,long_nclose,711.8645443119266,0.28365719949043994,0.0
1703410020000.0,67527,1703410020000.0,10.42002783748362,-0.08934744000000001,2519.925168359417,2603.523306210007,-1.56,57.274,12.51,50.59449497597204,long_nclose,632.9371321494102,0.2511729872365537,0.0
1703410080000.0,67528,1703410080000.0,10.493347837483615,-0.08942076,2530.329095436901,2604.685125450007,-1.56,57.321,10.95,50.59449497597204,long_nclose,554.0097199868939,0.21894769379444512,1.0
1703410080000.0,67528,1703410080000.0,10.568227837483617,-0.08949564000000002,2540.807827634384,2604.5706698100066,-1.56,57.369,9.39,50.59449497597204,long_nclose,475.0823078243775,0.186980810849714,0.0
1703410080000.0,67528,1703410080000.0,10.641547837483612,-0.08956896,2551.3598065118676,2604.5294608500067,-1.56,57.416,7.83,50.59449497597204,long_nclose,396.1548956618611,0.15527206105965533,0.0
1703410080000.0,67528,1703410080000.0,10.714867837483618,-0.08964228,2561.9850320693513,2604.5614985700067,-1.56,57.463,6.27,50.59449497597204,long_nclose,317.22748349934466,0.12382097456795661,0.0
1703410080000.0,67528,1703410080000.0,10.789747837483622,-0.08971716,2572.685062746835,2604.6683414100066,-1.56,57.511,4.71,50.59449497597204,long_nclose,238.3000713368283,0.09262698912800359,0.0
1703410140000.0,67529,1703410140000.0,5.320773918741806,-0.04478448,2577.9610521855766,2604.7538469300066,-0.78,57.416,3.93,50.59449497597204,long_nclose,198.83636525557012,0.07712931313954417,1.0
1703410140000.0,67529,1703410140000.0,5.357433918741809,-0.04482114,2583.2736649643184,2604.7488057900064,-0.78,57.463,3.15,50.59449497597204,long_nclose,159.37265917431193,0.06169406723561875,0.0
1703410200000.0,67530,1703410200000.0,3.5471826124945376,-0.029856320000000002,2586.790991256813,2605.6993894700063,-0.52,57.416,2.63,50.59449497597204,long_nclose,133.06352178680646,0.05143961079057125,1.0
1703410200000.0,67530,1703410200000.0,3.5716226124945396,-0.029880760000000003,2590.3327331093074,2605.5025887100064,-0.52,57.463,2.11,50.59449497597204,long_nclose,106.754384399301,0.041212614516575374,0.0
1703410200000.0,67530,1703410200000.0,3.5965826124945406,-0.029905720000000004,2593.8994100018017,2605.330722990006,-0.52,57.511,1.59,50.59449497597204,long_nclose,80.44524701179554,0.03101324850979463,0.0
1703410200000.0,67530,1703410200000.0,3.621022612494539,-0.02993016,2597.4905024542963,2605.1832728300064,-0.52,57.558,1.07,50.59449497597204,long_nclose,54.136109624290086,0.020841696850532613,0.0
1703410200000.0,67530,1703410200000.0,3.6454626124945375,-0.0299546,2601.106010466791,2605.0602382300062,-0.52,57.605,0.55,50.59449497597204,long_nclose,27.826972236784624,0.010698130766223878,0.0
1703410200000.0,67530,1703410200000.0,3.881627763215379,-0.0317086,2604.9559296300063,2604.9559296300063,-0.55,57.652,0.0,50.59449497597204,long_nclose,0.0,0.0,0.0
1703456040000.0,68294,1703456040000.0,0.0,-0.6148483399999999,2604.341081290006,2604.794421290006,11.93,51.538,11.93,51.538,long_ientry_normal,614.8483399999999,0.23608595065261098,764.0
1703489700000.0,68855,1703489700000.0,6.592410000000006,-0.057615030000000005,2610.8758762600064,2684.6552362600064,-0.99,58.197,10.94,51.538,long_nclose,563.8257199999999,0.2159527096353817,561.0
1703489700000.0,68855,1703489700000.0,6.640920000000006,-0.057663540000000006,2617.4591327200064,2684.5619327200066,-0.99,58.246,9.95,51.538,long_nclose,512.8031,0.19591637309236848,0.0
1703489700000.0,68855,1703489700000.0,6.68844,-0.057711059999999995,2624.089861660006,2684.516101660006,-0.99,58.294,8.96,51.538,long_nclose,461.78048,0.1759773881020509,0.0
1703489700000.0,68855,1703489700000.0,6.735960000000002,-0.05775858,2630.768063080006,2684.517743080006,-0.99,58.342,7.97,51.538,long_nclose,410.75785999999994,0.15613609795730143,0.0
1703489700000.0,68855,1703489700000.0,6.7834800000000035,-0.0578061,2637.493736980006,2684.566856980006,-0.99,58.39,6.98,51.538,long_nclose,359.73524,0.13639283193593685,0.0
1703489700000.0,68855,1703489700000.0,6.831000000000006,-0.05785362,2644.266883360006,2684.663443360006,-0.99,58.438,5.99,51.538,long_nclose,308.71262,0.11674790541858103,0.0
1703489760000.0,68856,1703489760000.0,3.98604,-0.03439346,2648.2185299000057,2684.042129900006,-0.59,58.294,5.4,51.538,long_nclose,278.3052,0.10509147823631781,1.0
1703489820000.0,68857,1703489820000.0,2.9965500000000027,-0.026188650000000004,2651.1888912500053,2684.1212412500054,-0.45,58.197,4.95,51.538,long_nclose,255.1131,0.09622592371368797,1.0
1703489820000.0,68857,1703489820000.0,3.0186000000000024,-0.026210700000000003,2654.1812805500053,2684.1197805500055,-0.45,58.246,4.5,51.538,long_nclose,231.921,0.08737948748999572,0.0
1703489880000.0,68858,1703489880000.0,2.4638300000000024,-0.021532890000000002,2656.6235776600056,2683.6379076600056,-0.37,58.197,4.13,51.538,long_nclose,212.85193999999998,0.08012122672926181,1.0
1703489940000.0,68859,1703489940000.0,2.2640600000000024,-0.019786980000000003,2658.8678506800056,2682.2711006800055,-0.34,58.197,3.79,51.538,long_nclose,195.32901999999999,0.07346322982920891,1.0
1703490360000.0,68866,1703490360000.0,2.064290000000002,-0.018041070000000003,2660.9140996100055,2684.9539396100054,-0.31,58.197,3.48,51.538,long_nclose,179.35224,0.06740249150706766,7.0
1703490360000.0,68866,1703490360000.0,2.0794800000000015,-0.01805626,2662.9755233500055,2684.8738833500056,-0.31,58.246,3.17,51.538,long_nclose,163.37545999999998,0.06135071785957489,0.0
1703490360000.0,68866,1703490360000.0,2.09436,-0.01807114,2665.0518122100057,2684.8086922100056,-0.31,58.294,2.86,51.538,long_nclose,147.39867999999998,0.055307997887579154,0.0
1703490360000.0,68866,1703490360000.0,2.1092400000000007,-0.018086019999999998,2667.142966190006,2684.758366190006,-0.31,58.342,2.55,51.538,long_nclose,131.4219,0.04927441148298668,0.0
1703490360000.0,68866,1703490360000.0,2.1241200000000013,-0.0181009,2669.248985290006,2684.722905290006,-0.31,58.39,2.24,51.538,long_nclose,115.44512,0.04325003798304609,0.0
1703490360000.0,68866,1703490360000.0,2.1390000000000016,-0.01811578,2671.3698695100065,2684.7023095100067,-0.31,58.438,1.93,51.538,long_nclose,99.46833999999998,0.03723495616810445,0.0
1703490360000.0,68866,1703490360000.0,2.1541900000000016,-0.018130970000000003,2673.5059285400066,2684.6968885400065,-0.31,58.487,1.62,51.538,long_nclose,83.49156,0.031229240641929112,0.0
1703490360000.0,68866,1703490360000.0,2.16907,-0.018145849999999998,2675.6568526900064,2684.7063326900065,-0.31,58.535,1.31,51.538,long_nclose,67.51478,0.025232974075925747,0.0
1703490360000.0,68866,1703490360000.0,2.1839500000000007,-0.01816073,2677.8226419600064,2684.7306419600063,-0.31,58.583,1.0,51.538,long_nclose,51.538,0.019246233560217138,0.0
1703490360000.0,68866,1703490360000.0,2.198830000000001,-0.01817561,2680.003296350006,2684.7698163500063,-0.31,58.631,0.69,51.538,long_nclose,35.56121999999999,0.01326909561955842,0.0
1703490360000.0,68866,1703490360000.0,2.2137100000000016,-0.01819049,2682.198815860006,2684.823855860006,-0.31,58.679,0.38,51.538,long_nclose,19.58444,0.007301636211378517,0.0
1703490360000.0,68866,1703490360000.0,2.732200000000002,-0.02231664,2684.908699220006,2684.908699220006,-0.38,58.728,0.0,51.538,long_nclose,0.0,0.0,0.0
1703570220000.0,70197,1703570220000.0,0.0,-0.63337458,2684.275324640006,2685.9388046400063,9.14,69.297,9.14,69.297,long_ientry_normal,633.37458,0.23595738268202546,1331.0
1703612340000.0,70899,1703612340000.0,0.0,-0.6338006500000001,2683.641523990006,2604.756583990006,9.89,64.085,19.03,66.5882937467157,long_rentry,1267.17523,0.4721849839750501,702.0
1703676240000.0,71964,1703676240000.0,13.593855880189174,-0.11880336,2697.116576510195,2842.330350630006,-1.58,75.192,17.45,66.5882937467157,long_nclose,1161.965725880189,0.43081776145681433,1065.0
1703676300000.0,71965,1703676300000.0,12.475374067262216,-0.1090284,2709.482922177457,2843.3982222300056,-1.45,75.192,16.0,66.5882937467157,long_nclose,1065.4126999474513,0.39321624477752376,1.0
1703733120000.0,72912,1703733120000.0,11.442929316868103,-0.10000536,2720.8258461343253,2842.758576870006,-1.33,75.192,14.67,66.5882937467157,long_nclose,976.8502692643194,0.3590271206267029,947.0
1703733180000.0,72913,1703733180000.0,10.49652162900683,-0.09173423999999998,2731.2306335233325,2853.285432630006,-1.22,75.192,13.45,66.5882937467157,long_nclose,895.6125508933262,0.3279153872618847,1.0
1703733180000.0,72913,1703733180000.0,10.573381629006832,-0.09181109999999999,2741.712204052339,2852.695861530006,-1.22,75.255,12.23,66.5882937467157,long_nclose,814.3748325223331,0.29703147956910314,0.0
1703733180000.0,72913,1703733180000.0,10.64902162900683,-0.09188674,2752.2693389413457,2852.1818547900057,-1.22,75.317,11.01,66.5882937467157,long_nclose,733.1371141513399,0.2663754974043854,0.0
1703733180000.0,72913,1703733180000.0,10.724661629006844,-0.09196238000000001,2762.9020381903524,2851.7434124100055,-1.22,75.379,9.79,66.5882937467157,long_nclose,651.8993957803467,0.235947343325762,0.0
1703733180000.0,72913,1703733180000.0,10.80030162900684,-0.09203802,2773.610301799359,2851.3805343900053,-1.22,75.441,8.57,66.5882937467157,long_nclose,570.6616774093536,0.20574688413838854,0.0
1703733180000.0,72913,1703733180000.0,10.877161629006844,-0.09211488,2784.395348548366,2851.094439510006,-1.22,75.504,7.35,66.5882937467157,long_nclose,489.4239590383604,0.1757738746739107,0.0
1703733180000.0,72913,1703733180000.0,10.95280162900684,-0.09219052000000001,2795.2559596573733,2850.883908990006,-1.22,75.566,6.13,66.5882937467157,long_nclose,408.18624066736726,0.14602821586235,0.0
1703733180000.0,72913,1703733180000.0,11.028441629006839,-0.09226616,2806.1921351263804,2850.7489428300064,-1.22,75.628,4.91,66.5882937467157,long_nclose,326.9485222963741,0.11650967095367815,0.0
1703733180000.0,72913,1703733180000.0,11.104081629006835,-0.09234179999999999,2817.203874955387,2850.6895410300062,-1.22,75.69,3.69,66.5882937467157,long_nclose,245.71080392538096,0.08721797031081821,0.0
1703733180000.0,72913,1703733180000.0,11.180941629006838,-0.09241866,2828.292397924394,2850.7069223700064,-1.22,75.753,2.47,66.5882937467157,long_nclose,164.4730855543878,0.05815278705804607,0.0
1703733180000.0,72913,1703733180000.0,11.256581629006835,-0.0924943,2839.456485253401,2850.799868070006,-1.22,75.815,1.25,66.5882937467157,long_nclose,83.23536718339463,0.029313837917810698,0.0
1703733180000.0,72913,1703733180000.0,11.610882816605361,-0.09484625,2850.972521820006,2850.972521820006,-1.25,75.877,0.0,66.5882937467157,long_nclose,0.0,0.0,0.0
1703772360000.0,73566,1703772360000.0,0.0,-0.67296176,2850.299560060006,2833.844200060006,9.76,68.951,9.76,68.951,long_ientry_normal,672.9617599999999,0.23610211692480224,653.0
1703842500000.0,74735,1703842500000.0,7.216290000000005,-0.0630666,2857.452783460006,2937.832733460006,-0.81,77.86,8.95,68.951,long_nclose,617.1114499999999,0.21596558080401865,1169.0
1703842500000.0,74735,1703842500000.0,7.268940000000003,-0.06311925,2864.6586042100057,2937.763944210006,-0.81,77.925,8.14,68.951,long_nclose,561.26114,0.19592601337386253,0.0
1703842500000.0,74735,1703842500000.0,7.320780000000009,-0.06317109000000001,2871.9162131200055,2937.7469431200057,-0.81,77.989,7.33,68.951,long_nclose,505.41083,0.17598383535393236,0.0
1703842560000.0,74736,1703842560000.0,6.597740000000008,-0.05693197,2878.457021150006,2934.141221150006,-0.73,77.989,6.6,68.951,long_nclose,455.0765999999999,0.15809741005553976,1.0
1703842560000.0,74736,1703842560000.0,6.645190000000006,-0.056979419999999996,2885.045231730006,2934.5704217300063,-0.73,78.054,5.87,68.951,long_nclose,404.74237,0.1402897831717175,0.0
1703842560000.0,74736,1703842560000.0,6.691910000000001,-0.057026139999999996,2891.680115590006,2935.046295590006,-0.73,78.118,5.14,68.951,long_nclose,354.40813999999995,0.12256132277193046,0.0
1703842560000.0,74736,1703842560000.0,6.739360000000009,-0.05707359000000001,2898.362402000006,2935.5695720000062,-0.73,78.183,4.41,68.951,long_nclose,304.07390999999996,0.10491231524055608,0.0
1703844060000.0,74761,1703844060000.0,3.207240000000002,-0.0280296,2901.541612400006,2938.2346124000064,-0.36,77.86,4.05,68.951,long_nclose,279.25154999999995,0.0962424763465713,25.0
1703844060000.0,74761,1703844060000.0,3.230640000000001,-0.028052999999999998,2904.7441994000064,2938.1755994000064,-0.36,77.925,3.69,68.951,long_nclose,254.42918999999998,0.08759091077711902,0.0
1703844060000.0,74761,1703844060000.0,3.2536800000000037,-0.02807604,2907.969803360006,2938.1396033600063,-0.36,77.989,3.33,68.951,long_nclose,229.60682999999997,0.07895777656793457,0.0
1703844060000.0,74761,1703844060000.0,3.277080000000003,-0.028099440000000003,2911.218783920006,2938.126983920006,-0.36,78.054,2.97,68.951,long_nclose,204.78447,0.070343208532151,0.0
1703844060000.0,74761,1703844060000.0,3.3001200000000006,-0.028122479999999995,2914.490781440006,2938.137381440006,-0.36,78.118,2.61,68.951,long_nclose,179.96210999999997,0.061747359485928244,0.0
1703844120000.0,74762,1703844120000.0,2.6398700000000024,-0.02263566,2917.1080157800056,2938.5308957800057,-0.29,78.054,2.32,68.951,long_nclose,159.96631999999997,0.05483729746538939,1.0
1703844120000.0,74762,1703844120000.0,2.65843,-0.02265422,2919.743791560006,2938.4888115600056,-0.29,78.118,2.03,68.951,long_nclose,139.97052999999997,0.04793931933500725,0.0
1703844120000.0,74762,1703844120000.0,2.6772800000000037,-0.02267307,2922.3983984900055,2938.4655584900056,-0.29,78.183,1.74,68.951,long_nclose,119.97473999999998,0.041053519623467684,0.0
1703844120000.0,74762,1703844120000.0,2.695840000000002,-0.02269163,2925.0715468600056,2938.4608468600054,-0.29,78.247,1.45,68.951,long_nclose,99.97894999999998,0.03418000154810743,0.0
1703844120000.0,74762,1703844120000.0,2.714690000000001,-0.022710479999999998,2927.7635263800053,2938.4749663800053,-0.29,78.312,1.16,68.951,long_nclose,79.98315999999998,0.027318859354359848,0.0
1703844120000.0,74762,1703844120000.0,2.733250000000003,-0.022729040000000002,2930.4740473400057,2938.5076273400055,-0.29,78.376,0.87,68.951,long_nclose,59.98736999999999,0.020470193228447318,0.0
1703844120000.0,74762,1703844120000.0,2.7521000000000027,-0.02274789,2933.2033994500057,2938.5591194500057,-0.29,78.441,0.58,68.951,long_nclose,39.99157999999999,0.01363409711290348,0.0
1703844120000.0,74762,1703844120000.0,2.7706600000000003,-0.022766449999999997,2935.951293000006,2938.6291530000058,-0.29,78.505,0.29,68.951,long_nclose,19.995789999999996,0.006810668163220089,0.0
1703844120000.0,74762,1703844120000.0,2.7892200000000025,-0.02278501,2938.717727990006,2938.717727990006,-0.29,78.569,0.0,68.951,long_nclose,0.0,0.0,0.0
1703869500000.0,75185,1703869500000.0,0.0,-0.6933615,2938.0243664900063,2933.248196490006,9.61,72.15,9.61,72.15,long_ientry_normal,693.3615,0.23599583036417898,423.0
1703899740000.0,75689,1703899740000.0,7.458399999999995,-0.0651784,2945.417588090006,3026.786748090006,-0.8,81.473,8.81,72.15,long_nclose,635.6415000000001,0.21580692074708155,504.0
1703899740000.0,75689,1703899740000.0,7.5120000000000005,-0.06523200000000001,2952.8643560900064,3026.8447160900064,-0.8,81.54,8.01,72.15,long_nclose,577.9215,0.1957155596423151,0.0
1703899740000.0,75689,1703899740000.0,7.566399999999999,-0.06528640000000001,2960.3654696900066,3026.9570296900065,-0.8,81.608,7.21,72.15,long_nclose,520.2015,0.1757220536876728,0.0
1703899740000.0,75689,1703899740000.0,7.619999999999994,-0.06534000000000001,2967.9201296900064,3027.1228896900066,-0.8,81.675,6.41,72.15,long_nclose,462.48150000000004,0.15582680119100958,0.0
1703899740000.0,75689,1703899740000.0,7.6735999999999995,-0.06539360000000001,2975.5283360900066,3027.3422960900066,-0.8,81.742,5.61,72.15,long_nclose,404.76150000000007,0.13603012785684876,0.0
1703899740000.0,75689,1703899740000.0,7.727999999999998,-0.065448,2983.190888090007,3027.6160480900066,-0.8,81.81,4.81,72.15,long_nclose,347.0415,0.1163323142965866,0.0
1703899740000.0,75689,1703899740000.0,7.781599999999992,-0.0655016,2990.9069864900066,3027.9433464900067,-0.8,81.877,4.01,72.15,long_nclose,289.3215,0.09673370028117613,0.0
1703899800000.0,75690,1703899800000.0,3.0765899999999977,-0.02688609,2993.9566904000067,3026.7344504000066,-0.33,81.473,3.68,72.15,long_nclose,265.51200000000006,0.08868264556109073,1.0
1703899860000.0,75691,1703899860000.0,2.7968999999999977,-0.024441900000000003,2996.7291485000064,3028.785068500006,-0.3,81.473,3.38,72.15,long_nclose,243.86700000000002,0.08137772481776209,1.0
1703899860000.0,75691,1703899860000.0,2.817,-0.024462,2999.5216865000066,3028.7324065000066,-0.3,81.54,3.08,72.15,long_nclose,222.22200000000004,0.07408581208135884,0.0
1703899860000.0,75691,1703899860000.0,2.8373999999999993,-0.0244824,3002.3346041000063,3028.700124100006,-0.3,81.608,2.78,72.15,long_nclose,200.577,0.06680701069297566,0.0
1703899860000.0,75691,1703899860000.0,2.8574999999999973,-0.024502499999999997,3005.1676016000065,3028.6879216000066,-0.3,81.675,2.48,72.15,long_nclose,178.93200000000002,0.05954143785682147,0.0
1703899920000.0,75692,1703899920000.0,2.571749999999998,-0.022052250000000002,3007.7172993500067,3029.6846993500067,-0.27,81.675,2.21,72.15,long_nclose,159.4515,0.053014124709944925,1.0
1703899920000.0,75692,1703899920000.0,2.5898399999999997,-0.02207034,3010.2850690100067,3029.568669010007,-0.27,81.742,1.94,72.15,long_nclose,139.971,0.04649758969373366,0.0
1703899920000.0,75692,1703899920000.0,2.608199999999999,-0.022088700000000003,3012.871180310007,3029.470980310007,-0.27,81.81,1.67,72.15,long_nclose,120.4905,0.03999191893348797,0.0
1703899920000.0,75692,1703899920000.0,2.6262899999999973,-0.02210679,3015.475363520007,3029.391363520007,-0.27,81.877,1.4,72.15,long_nclose,101.01,0.03349720618579009,0.0
1703899920000.0,75692,1703899920000.0,2.644649999999997,-0.02212515,3018.097888370007,3029.3300883700067,-0.27,81.945,1.13,72.15,long_nclose,81.5295,0.027013537338920403,0.0
1703899920000.0,75692,1703899920000.0,2.6627399999999986,-0.02214324,3020.738485130007,3029.2868851300072,-0.27,82.012,0.86,72.15,long_nclose,62.04900000000001,0.020541003567652275,0.0
1703899920000.0,75692,1703899920000.0,2.681099999999998,-0.0221616,3023.397423530007,3029.262023530007,-0.27,82.08,0.59,72.15,long_nclose,42.5685,0.014079690506019746,0.0
1703899920000.0,75692,1703899920000.0,2.69919,-0.022179690000000005,3026.074433840007,3029.255233840007,-0.27,82.147,0.32,72.15,long_nclose,23.088,0.007629686745907949,0.0
1703900100000.0,75695,1703900100000.0,0.6573000000000001,-0.005707800000000001,3026.7260260400067,3029.0737760400066,-0.07,81.54,0.25,72.15,long_nclose,18.0375,0.005959409555016522,3.0
1703900100000.0,75695,1703900100000.0,0.66206,-0.005712560000000001,3027.3823734800067,3029.0727534800067,-0.07,81.608,0.18,72.15,long_nclose,12.987,0.004289844624110469,0.0
1703900520000.0,75702,1703900520000.0,0.6526099999999996,-0.005703110000000001,3028.0292803700067,3029.0380903700066,-0.07,81.473,0.11,72.15,long_nclose,7.9365000000000006,0.002621011643265949,7.0
1703900700000.0,75705,1703900700000.0,1.0255299999999992,-0.008962030000000001,3029.0458483400066,3029.0458483400066,-0.11,81.473,0.0,72.15,long_nclose,0.0,0.0,3.0
1703929320000.0,76182,1703929320000.0,0.0,-0.7151874399999999,3028.3306609000065,3032.8512209000064,9.68,73.883,9.68,73.883,long_ientry_normal,715.1874399999999,0.23616557109633773,477.0
1703961060000.0,76711,1703961060000.0,7.63760000000001,-0.06674400000000001,3035.9015169000063,3108.2024769000063,-0.8,83.43,8.88,73.883,long_nclose,656.08104,0.21610748449769604,529.0
1703961060000.0,76711,1703961060000.0,7.6928,-0.0667992,3043.5275177000062,3109.3148777000065,-0.8,83.499,8.08,73.883,long_nclose,596.97464,0.1961456357888079,0.0
1703961060000.0,76711,1703961060000.0,7.748000000000002,-0.0668544,3051.2086633000063,3110.4824233000063,-0.8,83.568,7.28,73.883,long_nclose,537.86824,0.17628038569419688,0.0
1703961060000.0,76711,1703961060000.0,7.803200000000004,-0.0669096,3058.944953700006,3111.705113700006,-0.8,83.637,6.48,73.883,long_nclose,478.76184,0.15651208087968513,0.0
1703961060000.0,76711,1703961060000.0,7.858400000000007,-0.06696480000000002,3066.736388900006,3112.9829489000062,-0.8,83.706,5.68,73.883,long_nclose,419.65543999999994,0.13684105406611888,0.0
1703962440000.0,76734,1703962440000.0,4.487090000000005,-0.0392121,3071.1842668000063,3120.1999468000063,-0.47,83.43,5.21,73.883,long_nclose,384.93043,0.12533615588004912,23.0
1703962500000.0,76735,1703962500000.0,4.105210000000005,-0.0358749,3075.2536019000063,3121.0842419000064,-0.43,83.43,4.78,73.883,long_nclose,353.16074,0.1148395500721645,1.0
1703962500000.0,76735,1703962500000.0,4.13488,-0.035904570000000004,3079.352577330006,3121.0603773300063,-0.43,83.499,4.35,73.883,long_nclose,321.39104999999995,0.10436968223972143,0.0
1703962500000.0,76735,1703962500000.0,4.164550000000001,-0.03593424,3083.481193090006,3121.066153090006,-0.43,83.568,3.92,73.883,long_nclose,289.62136,0.09392674768019771,0.0
1703962500000.0,76735,1703962500000.0,4.194220000000002,-0.03596391,3087.6394491800056,3121.1015691800058,-0.43,83.637,3.49,73.883,long_nclose,257.85167,0.08351093909895423,0.0
1703962500000.0,76735,1703962500000.0,4.2238900000000035,-0.035993580000000004,3091.8273456000056,3121.166625600006,-0.43,83.706,3.06,73.883,long_nclose,226.08198,0.07312244660806766,0.0
1703962500000.0,76735,1703962500000.0,4.253560000000005,-0.03602325000000001,3096.0448823500055,3121.2613223500057,-0.43,83.775,2.63,73.883,long_nclose,194.31229,0.06276145772554506,0.0
1703962500000.0,76735,1703962500000.0,4.28323,-0.03605292,3100.2920594300053,3121.3856594300055,-0.43,83.844,2.2,73.883,long_nclose,162.5426,0.0524281573749164,0.0
1703962500000.0,76735,1703962500000.0,4.312900000000001,-0.03608259,3104.568876840005,3121.539636840005,-0.43,83.913,1.77,73.883,long_nclose,130.77291,0.04212272788520241,0.0
1703962500000.0,76735,1703962500000.0,4.342570000000001,-0.03611226,3108.8753345800046,3121.723254580005,-0.43,83.982,1.34,73.883,long_nclose,99.00322,0.03184534899125342,0.0
1704015420000.0,77617,1704015420000.0,1.0501700000000012,-0.009177300000000001,3109.9163272800047,3121.7587672800046,-0.11,83.43,1.23,73.883,long_nclose,90.87608999999999,0.02922139390145009,882.0
1704015420000.0,77617,1704015420000.0,1.05776,-0.00918489,3110.9649023900047,3121.7482623900046,-0.11,83.499,1.12,73.883,long_nclose,82.74896,0.026599130043681286,0.0
1704015420000.0,77617,1704015420000.0,1.0653500000000002,-0.00919248,3112.0210599100046,3121.7453399100045,-0.11,83.568,1.01,73.883,long_nclose,74.62183,0.023978574875761917,0.0
1704015420000.0,77617,1704015420000.0,1.0729400000000004,-0.009200070000000001,3113.0847998400045,3121.7499998400044,-0.11,83.637,0.9,73.883,long_nclose,66.4947,0.02135974580692998,0.0
1704015540000.0,77619,1704015540000.0,0.6682900000000008,-0.005840100000000002,3113.7472497400045,3121.7708597400047,-0.07,83.43,0.83,73.883,long_nclose,61.322889999999994,0.019694241401616786,2.0
1704015540000.0,77619,1704015540000.0,0.67312,-0.005844930000000001,3114.4145248100044,3121.7614448100044,-0.07,83.499,0.76,73.883,long_nclose,56.15108,0.018029417584810907,0.0
1704015540000.0,77619,1704015540000.0,0.6779500000000003,-0.005849760000000001,3115.0866250500044,3121.7568550500046,-0.07,83.568,0.69,73.883,long_nclose,50.97926999999999,0.016365281655428013,0.0
1704015540000.0,77619,1704015540000.0,0.6827800000000004,-0.005854590000000001,3115.7635504600044,3121.7570904600043,-0.07,83.637,0.62,73.883,long_nclose,45.80746,0.014701840899716889,0.0
1704015600000.0,77620,1704015600000.0,0.5811000000000001,-0.00501408,3116.3396363800043,3121.8696363800045,-0.06,83.568,0.56,73.883,long_nclose,41.37448,0.013276627334516507,1.0
1704015600000.0,77620,1704015600000.0,0.5852400000000003,-0.0050182199999999995,3116.9198581600044,3121.8573581600044,-0.06,83.637,0.5,73.883,long_nclose,36.9415,0.011851924874901176,0.0
1704015600000.0,77620,1704015600000.0,0.5893800000000005,-0.00502236,3117.504215800004,3121.849215800004,-0.06,83.706,0.44,73.883,long_nclose,32.50852,0.010427738905770097,0.0
1704015600000.0,77620,1704015600000.0,0.5935200000000006,-0.005026500000000001,3118.092709300004,3121.845209300004,-0.06,83.775,0.38,73.883,long_nclose,28.07554,0.009004074803889591,0.0
1704015660000.0,77621,1704015660000.0,0.5935200000000006,-0.005026500000000001,3118.681202800004,3121.900722800004,-0.06,83.775,0.32,73.883,long_nclose,23.64256,0.0075809479913411205,1.0
1704015660000.0,77621,1704015660000.0,0.5976599999999999,-0.005030639999999999,3119.273832160004,3121.889692160004,-0.06,83.844,0.26,73.883,long_nclose,19.20958,0.006158349998627064,0.0
1704015660000.0,77621,1704015660000.0,0.6018,-0.00503478,3119.870597380004,3121.882797380004,-0.06,83.913,0.2,73.883,long_nclose,14.7766,0.004736286182000321,0.0
1704015660000.0,77621,1704015660000.0,0.6059400000000003,-0.0050389200000000006,3120.4714984600037,3121.8800384600036,-0.06,83.982,0.14,73.883,long_nclose,10.34362,0.003314761889382653,0.0
1704015720000.0,77622,1704015720000.0,0.6059400000000003,-0.0050389200000000006,3121.0723995400035,3121.8817595400037,-0.06,83.982,0.08,73.883,long_nclose,5.91064,0.0018937849698299643,1.0
1704015720000.0,77622,1704015720000.0,0.8134400000000005,-0.006724080000000001,3121.8791154600035,3121.8791154600035,-0.08,84.051,0.0,73.883,long_nclose,0.0,0.0,0.0
1704063060000.0,78411,1704063060000.0,0.0,-0.7368695999999999,3121.1422458600036,3122.7354258600035,9.54,77.24,9.54,77.24,long_ientry_normal,736.8695999999999,0.23608972035074993,789.0
