timestamp,trade_id,timestamp,pnl,fee_paid,balance,equity,qty,price,psize,pprice,type,pcost,wallet_exposure,mins_since_prev_fill
1699546320000.0,450252,1699546320000.0,0.0,-0.08643404000000002,999.91356596,999.3922059600001,18.62,4.642,18.62,4.642,long_ientry_normal,86.43404000000001,0.08644151148906172,
1699546320000.0,450252,1699546320000.0,0.0,-0.0863868,999.82717916,998.9701191600001,18.65,4.632,37.27,4.6369959753152665,long_rentry,172.82084,0.17285071220527792,0.0
1699546320000.0,450252,1699546320000.0,0.0,-0.1392727,999.68790646,998.43954646,30.1,4.627,67.37,4.632529909455247,long_rentry,312.09354,0.3121909727858528,0.0
1699546320000.0,450252,1699546320000.0,0.0,-0.2513824,999.43652406,997.8073640599999,54.4,4.621,121.77,4.627378993183871,long_rentry,563.47594,0.5637936241423296,0.0
1699546320000.0,450252,1699546320000.0,0.0,-0.43597686,999.0005472,997.3713871999998,94.49,4.614,216.26,4.621533339498752,long_rentry,999.4528000000001,1.0004527052575374,0.0
1699546500000.0,450255,1699546500000.0,1.7937239461758938,-0.042139710000000004,1000.7521314361759,1066.4284574899998,-8.73,4.827,207.53,4.621533339498752,unstuck_close_long,959.106813946176,0.958385981721333,3.0
1699546500000.0,450255,1699546500000.0,11.68086641080177,-0.20347449999999997,1012.2295233469777,1064.7724829899998,-41.5,4.903,166.03,4.621533339498752,long_nclose,767.3131803569778,0.7580426797074895,0.0
1699546680000.0,450258,1699546680000.0,9.344693128641417,-0.1627796,1021.4114368756191,1059.5956333899999,-33.2,4.903,132.83,4.621533339498752,long_nclose,613.8782734856193,0.6010097902990031,3.0
1699546920000.0,450262,1699546920000.0,7.475754502913133,-0.13022367999999998,1028.7569676985322,1057.18064971,-26.56,4.903,106.27,4.621533339498752,long_nclose,491.1303479885324,0.4774017220872458,4.0
1699549380000.0,450303,1699549380000.0,5.981166535651509,-0.10418874999999998,1034.6339454841836,1058.6492609599998,-21.25,4.903,85.02,4.621533339498752,long_nclose,392.9227645241839,0.37976983670326564,41.0
1699549620000.0,450307,1699549620000.0,4.784933228521207,-0.083351,1039.3355277127048,1059.7052499599997,-17.0,4.903,68.02,4.621533339498752,long_nclose,314.3566977527051,0.30245930151595873,4.0
1699549740000.0,450309,1699549740000.0,3.8279465828169656,-0.0666808,1043.0967934955218,1059.6658691599996,-13.6,4.903,54.42,4.621533339498752,long_nclose,251.5038443355221,0.24111266174321902,2.0
1699550040000.0,450314,1699550040000.0,3.0623572662535725,-0.05334464,1046.1058061217755,1058.3173245199998,-10.88,4.903,43.54,4.621533339498752,long_nclose,201.22156160177568,0.1923529727339567,5.0
1699550100000.0,450315,1699550100000.0,2.4487599463608527,-0.042656099999999995,1048.5119099681365,1058.9104884199999,-8.7,4.903,34.84,4.621533339498752,long_nclose,161.01422154813653,0.15356451368590524,1.0
1699551300000.0,450335,1699551300000.0,1.9590079570886825,-0.034124879999999996,1050.4367930452252,1058.14468354,-6.96,4.903,27.88,4.621533339498752,long_nclose,128.8483495052252,0.12266168736501769,20.0
1699551420000.0,450337,1699551420000.0,1.5677692989919485,-0.02730971,1051.9772526342172,1058.3237038299999,-5.57,4.903,22.31,4.621533339498752,long_nclose,103.10640880421715,0.09801201361154172,2.0
1699551540000.0,450339,1699551540000.0,1.2553413058355638,-0.02186738,1053.2107265600528,1058.34200645,-4.46,4.903,17.85,4.621533339498752,long_nclose,82.49437011005273,0.0783265570979247,2.0
1699553220000.0,450367,1699553220000.0,1.0048359779894533,-0.01750371,1054.1980588280421,1058.3744827399998,-3.57,4.903,14.28,4.621533339498752,long_nclose,65.99549608804217,0.0626025589170689,28.0
1699553640000.0,450374,1699553640000.0,0.8021799824285553,-0.01397355,1054.9862652604706,1058.21485919,-2.85,4.903,11.43,4.621533339498752,long_nclose,52.82412607047073,0.050070913536896834,7.0
1699553760000.0,450376,1699553760000.0,0.6417439859428442,-0.011178839999999997,1055.6168304064136,1058.23800035,-2.28,4.903,9.15,4.621533339498752,long_nclose,42.287030056413585,0.0400590714721108,2.0
1699554000000.0,450380,1699554000000.0,0.5150839887172829,-0.00897249,1056.122941905131,1058.18327786,-1.83,4.903,7.32,4.621533339498752,long_nclose,33.82962404513086,0.03203189960451564,4.0
1699554060000.0,450381,1699554060000.0,0.4109413243318213,-0.00715838,1056.5267248494629,1058.1761194800001,-1.46,4.903,5.86,4.621533339498752,long_nclose,27.08218536946269,0.025633223213848606,1.0
1699565040000.0,450564,1699565040000.0,0.3293159927864595,-0.005736509999999999,1056.8503043322494,1058.1656929700002,-1.17,4.903,4.69,4.621533339498752,long_nclose,21.67499136224915,0.020509045863353444,183.0
1699565100000.0,450565,1699565100000.0,0.2870959937112724,-0.00500106,1057.1323992659607,1058.2241019100002,-1.02,4.903,3.67,4.621533339498752,long_nclose,16.96102735596042,0.016044373786800615,1.0
1699565400000.0,450570,1699565400000.0,0.2870959937112724,-0.00500106,1057.414494199672,1058.1815808500003,-1.02,4.903,2.65,4.621533339498752,long_nclose,12.247063349671693,0.01158208386290483,5.0
1699565640000.0,450574,1699565640000.0,0.2870959937112724,-0.00500106,1057.6965891333832,1058.1618997900002,-1.02,4.903,1.63,4.621533339498752,long_nclose,7.533099343382966,0.00712217418565674,4.0
1699567200000.0,450600,1699567200000.0,0.45879065661703333,-0.00799189,1058.1473879000002,1058.1473879000002,-1.63,4.903,0.0,4.621533339498752,long_nclose,0.0,0.0,26.0
1702260720000.0,495492,1702260720000.0,0.0,-0.09146735,1058.0559205500003,1058.6085505500002,14.17,6.455,14.17,6.455,long_ientry_normal,91.46735,0.08644850260131175,44892.0
1702260720000.0,495492,1702260720000.0,0.0,-0.09141198,1057.9645085700004,1059.2550185700004,14.19,6.442,28.36,6.448495416078984,long_rentry,182.87932999999998,0.1728596077832414,0.0
1702260780000.0,495493,1702260780000.0,0.0,-0.1473386,1057.8171699700004,1057.3548199700003,22.9,6.434,51.26,6.442019703472493,long_rentry,330.21792999999997,0.31216919083414474,1.0
1702260780000.0,495493,1702260780000.0,0.0,-0.26597214,1057.5511978300003,1057.3785778300003,41.39,6.426,92.65,6.434863140852671,long_rentry,596.19007,0.5637458226356589,0.0
1702260780000.0,495493,1702260780000.0,0.0,-0.46137456000000004,1057.0898232700004,1058.1396732700005,71.91,6.416,164.56,6.426620260087505,long_rentry,1057.5646299999999,1.0004491640346425,0.0
1702261080000.0,495498,1702261080000.0,1.5703442574137132,-0.04462869999999999,1058.6155388274142,1096.5618845700005,-6.7,6.661,157.86,6.426620260087505,unstuck_close_long,1014.5062742574137,0.958333065261012,5.0
1702265700000.0,495575,1702265700000.0,12.355858389037452,-0.21524426,1070.7561529564516,1120.3097903100006,-31.57,6.818,126.29,6.426620260087505,long_nclose,811.617872646451,0.7579857191625777,77.0
1702265820000.0,495577,1702265820000.0,9.882338432790487,-0.1721545,1080.466336889242,1120.9207058100005,-25.25,6.818,101.04,6.426620260087505,long_nclose,649.3457110792416,0.6009865267517406,2.0
1702268700000.0,495625,1702268700000.0,7.905870746232389,-0.13772359999999997,1088.2344840354745,1121.8137822100005,-20.2,6.818,80.84,6.426620260087505,long_nclose,519.527981825474,0.47740444678698335,48.0
1702268820000.0,495627,1702268820000.0,6.324696596985912,-0.11017887999999999,1094.4490017524604,1119.2460033300006,-16.16,6.818,64.68,6.426620260087505,long_nclose,415.67379842245987,0.37980188913039536,2.0
1702268880000.0,495628,1702268880000.0,5.060540037068554,-0.08815674,1099.421385049529,1119.9340365900005,-12.93,6.818,51.75,6.426620260087505,long_nclose,332.57759845952836,0.3025023916962883,1.0
1702269180000.0,495633,1702269180000.0,4.0507803080943185,-0.0705663,1103.4015990576231,1119.1079202900005,-10.35,6.818,41.4,6.426620260087505,long_nclose,266.0620787676227,0.24112895884404834,5.0
1702269240000.0,495634,1702269240000.0,3.2406242464754547,-0.056453039999999996,1106.5857702640985,1119.4820272500003,-8.28,6.818,33.12,6.426620260087505,long_nclose,212.84966301409816,0.19234809332791195,1.0
1702269300000.0,495635,1702269300000.0,2.5909338782207136,-0.04513516,1109.1315689823193,1119.2646320900005,-6.62,6.818,26.5,6.426620260087505,long_nclose,170.30543689231888,0.15354845327194336,1.0
1702269360000.0,495636,1702269360000.0,2.074312621536221,-0.0361354,1111.1697462038555,1119.5941966900004,-5.3,6.818,21.2,6.426620260087505,long_nclose,136.2443495138551,0.122613444056872,1.0
1702269660000.0,495641,1702269660000.0,1.659450097228977,-0.02890832,1112.8002879810845,1119.6076883700005,-4.24,6.818,16.96,6.426620260087505,long_nclose,108.9954796110841,0.09794702678306354,5.0
1702269900000.0,495645,1702269900000.0,1.3267773183033564,-0.023113019999999998,1114.1039522793878,1119.2928453500003,-3.39,6.818,13.57,6.426620260087505,long_nclose,87.20923692938744,0.07827746840944486,4.0
1702269960000.0,495646,1702269960000.0,1.0606390951628601,-0.018476779999999998,1115.146114594551,1119.3313385700005,-2.71,6.818,10.86,6.426620260087505,long_nclose,69.79309602455031,0.06258650333900499,1.0
1702270140000.0,495649,1702270140000.0,0.8492940356101131,-0.01479506,1115.9806135701608,1119.4772935100004,-2.17,6.818,8.69,6.426620260087505,long_nclose,55.84733006016042,0.05004327976764566,3.0
1702272060000.0,495681,1702272060000.0,0.6770869500486155,-0.01179514,1116.6459053802093,1119.3211883700003,-1.73,6.818,6.96,6.426620260087505,long_nclose,44.72927701020904,0.04005681370853105,32.0
1702344720000.0,496892,1702344720000.0,0.5440178384783674,-0.00947702,1117.1804461986876,1119.3938513500002,-1.39,6.818,5.57,6.426620260087505,long_nclose,35.7962748486874,0.0320416231509311,1211.0
1702346520000.0,496922,1702346520000.0,0.43443151130286894,-0.00756798,1117.6073097299904,1119.3617833700002,-1.11,6.818,4.46,6.426620260087505,long_nclose,28.662726359990273,0.025646509387018124,30.0
1702346820000.0,496927,1702346820000.0,0.3483279685221201,-0.0060680199999999995,1117.9495696785127,1119.3360853500003,-0.89,6.818,3.57,6.426620260087505,long_nclose,22.943034328512393,0.02052242332819189,5.0
1702346940000.0,496929,1702346940000.0,0.28962100753524594,-0.00504532,1118.234145366048,1119.3530700300005,-0.74,6.818,2.83,6.426620260087505,long_nclose,18.18733533604764,0.016264335525270613,2.0
1702350840000.0,496994,1702350840000.0,0.43227341273699643,-0.005059439999999999,1118.6613593387851,1119.9387105900005,-0.72,7.027,2.11,6.426620260087505,long_nclose,13.560168748784635,0.01212178165946461,65.0
1702359900000.0,497145,1702359900000.0,0.43227341273699643,-0.005059439999999999,1119.0885733115222,1119.9189311500006,-0.72,7.027,1.39,6.426620260087505,long_nclose,8.933002161521632,0.007982390647674802,151.0
1702360080000.0,497148,1702360080000.0,0.43227341273699643,-0.005059439999999999,1119.5157872842592,1119.9234017100007,-0.72,7.027,0.67,6.426620260087505,long_nclose,4.305835574258628,0.003846158869008716,3.0
1702592940000.0,501029,1702592940000.0,0.8210044257413718,-0.0051268400000000006,1120.3316648700006,1120.3316648700006,-0.67,7.652,0.0,6.426620260087505,long_nclose,0.0,0.0,3881.0
