timestamp,trade_id,timestamp,pnl,fee_paid,balance,equity,qty,price,psize,pprice,type,pcost,wallet_exposure,mins_since_prev_fill
1704283800000.0,974994,1704283800000.0,0.0,-0.007993976000000002,999.992006024,999.2221760240001,38300.0,0.0010436,38300.0,0.0010436,long_ientry_normal,39.96988,0.03997019952081569,
1704283860000.0,974995,1704283860000.0,0.0,-0.008004048,999.9840019760001,996.7263819760001,40400.0,0.0009906,78700.0,0.0010163928843710292,long_rentry,79.99011999999999,0.07999139970433225,1.0
1704284100000.0,974999,1704284100000.0,0.5175794663278277,-0.004087776,1000.4974936663278,1002.2413642,-19600.0,0.0010428,59100.0,0.0010163928843710292,long_nclose,60.068819466327824,0.060038950468736654,4.0
1704284160000.0,975000,1704284160000.0,0.7645001778907264,-0.004157488,1001.2578363562185,1003.448756712,-19700.0,0.0010552,39400.0,0.0010163928843710292,long_nclose,40.04587964421855,0.039995571759971114,1.0
1704284160000.0,975000,1704284160000.0,1.0107501778907249,-0.004206738,1002.2643797961092,1003.3598399739999,-19700.0,0.0010677,19700.0,0.0010163928843710292,long_nclose,20.022939822109276,0.019977702715707153,0.0
1704284220000.0,975001,1704284220000.0,1.2550301778907267,-0.0042555940000000006,1003.5151543799999,1003.5151543799999,-19700.0,0.0010801,0.0,0.0010163928843710292,long_nclose,0.0,0.0,1.0
1709668560000.0,1064740,1709668560000.0,0.0,-0.008039708000000001,1003.507114672,1003.3892946719999,27400.0,0.0014671,27400.0,0.0014671,long_ientry_normal,40.19854,0.040058051818734786,89739.0
1709668620000.0,1064741,1709668620000.0,0.0,-0.008021376,1003.499093296,1004.262173296,28800.0,0.0013926,56200.0,0.0014289220640569394,long_rentry,80.30542,0.08002540364659053,1.0
1709668680000.0,1064742,1709668680000.0,0.5190911032028488,-0.0041048000000000005,1004.0140795992028,1007.5917084959999,-14000.0,0.001466,42200.0,0.0014289220640569394,long_nclose,60.300511103202844,0.060059427779413706,1.0
1709668680000.0,1064742,1709668680000.0,0.7640911032028479,-0.004153800000000001,1004.7740169024056,1007.1647546959999,-14000.0,0.0014835,28200.0,0.0014289220640569394,long_nclose,40.29560220640569,0.04010414434345353,0.0
1709668680000.0,1064742,1709668680000.0,1.0090911032028471,-0.0042028000000000005,1005.7789052056085,1006.982751896,-14000.0,0.001501,14200.0,0.0014289220640569394,long_nclose,20.29069330960854,0.020174109045825107,0.0
1709668680000.0,1064742,1709668680000.0,1.2720066903914613,-0.004312540000000001,1007.0465993559999,1007.0465993559999,-14200.0,0.0015185,0.0,0.0014289220640569394,long_nclose,0.0,0.0,0.0
1712946960000.0,1119380,1712946960000.0,0.0,-0.008066198,1007.0385331579998,1007.0505731579998,30100.0,0.0013399,30100.0,0.0013399,long_ientry_normal,40.33099,0.04004910306016289,54638.0
1712947020000.0,1119381,1712947020000.0,0.26099999999999984,-0.00206205,1007.2974711079999,1008.2715311079999,-7500.0,0.0013747,22600.0,0.0013399,long_nclose,30.28174,0.030062360790691658,1.0
1712947140000.0,1119383,1712947140000.0,0.1948799999999999,-0.001539664,1007.4908114439999,1008.1980114439998,-5600.0,0.0013747,17000.0,0.0013399,long_nclose,22.7783,0.022608940688354957,2.0
1712947260000.0,1119385,1712947260000.0,0.2867199999999997,-0.001558032,1007.7759734119998,1008.4098134119997,-5600.0,0.0013911,11400.0,0.0013399,long_nclose,15.27486,0.015156999574304516,2.0
1712947500000.0,1119389,1712947500000.0,0.1945599999999998,-0.001057236,1007.9694761759998,1008.2901961759999,-3800.0,0.0013911,7600.0,0.0013399,long_nclose,10.18324,0.010102726561356627,4.0
1712947800000.0,1119394,1712947800000.0,0.06611999999999996,-0.000522386,1008.0350737899998,1008.2436937899998,-1900.0,0.0013747,5700.0,0.0013399,long_nclose,7.63743,0.007576551846836906,5.0
1712948160000.0,1119400,1712948160000.0,0.04871999999999997,-0.000384916,1008.0834088739998,1008.2210088739998,-1400.0,0.0013747,4300.0,0.0013399,long_nclose,5.76157,0.00571537032479833,6.0
1712948220000.0,1119401,1712948220000.0,0.03479999999999998,-0.00027494,1008.1179339339998,1008.2532339339998,-1000.0,0.0013747,3300.0,0.0013399,long_nclose,4.42167,0.004386064220428283,1.0
1712948280000.0,1119402,1712948280000.0,0.05631999999999994,-0.00030604199999999997,1008.1739478919998,1008.2797678919998,-1100.0,0.0013911,2200.0,0.0013399,long_nclose,2.94778,0.0029238803543411734,1.0
1712948700000.0,1119409,1712948700000.0,0.03583999999999996,-0.000194754,1008.2095931379998,1008.2938931379998,-700.0,0.0013911,1500.0,0.0013399,long_nclose,2.00985,0.00199348430492954,7.0
1712949180000.0,1119417,1712949180000.0,0.02559999999999997,-0.00013911000000000001,1008.2350540279999,1008.287954028,-500.0,0.0013911,1000.0,0.0013399,long_nclose,1.3399,0.0013289559757389564,8.0
1712949480000.0,1119422,1712949480000.0,0.015359999999999983,-8.3466e-05,1008.2503305619999,1008.290300562,-300.0,0.0013911,700.0,0.0013399,long_nclose,0.93793,0.0009302550880168785,5.0
1712949960000.0,1119430,1712949960000.0,0.02027999999999997,-8.444999999999999e-05,1008.2705261119999,1008.2964061119999,-300.0,0.0014075,400.0,0.0013399,long_nclose,0.53596,0.0005315636886329701,8.0
1712950260000.0,1119435,1712950260000.0,0.013519999999999982,-5.63e-05,1008.2839898119998,1008.2976298119999,-200.0,0.0014075,200.0,0.0013399,long_nclose,0.26798,0.0002657782953094062,5.0
1712951520000.0,1119456,1712951520000.0,0.005119999999999994,-2.7822e-05,1008.2890819899999,1008.2942419899999,-100.0,0.0013911,100.0,0.0013399,long_nclose,0.13399,0.00013288847652257818,21.0
1712951700000.0,1119459,1712951700000.0,0.005119999999999994,-2.7822e-05,1008.2941741679999,1008.2941741679999,-100.0,0.0013911,0.0,0.0013399,long_nclose,0.0,0.0,3.0
