timestamp,trade_id,timestamp,pnl,fee_paid,balance,equity,qty,price,psize,pprice,type,pcost,wallet_exposure,mins_since_prev_fill
1704282900000.0,3595,1704282900000.0,0.0,-0.00878692,999.99121308,999.68871308,0.001,43934.6,0.001,43934.6,long_ientry_normal,43.934599999999996,0.04393498605320765,
1704283260000.0,3601,1704283260000.0,0.0,-0.00841744,999.98279564,999.15979564,0.001,42087.2,0.002,43010.899999999994,long_rentry,86.02179999999998,0.08602327997547707,6.0
1704283740000.0,3609,1704283740000.0,0.0,-0.00810956,999.97468608,995.04518608,0.001,40547.8,0.003,42189.86666666666,long_rentry,126.56959999999998,0.12657280405383597,8.0
1704297660000.0,3841,1704297660000.0,0.9457333333333372,-0.00862712,1000.9117922933333,1002.97945896,-0.001,43135.6,0.002,42189.86666666666,long_nclose,84.37973333333332,0.08430286662923488,232.0
1704297720000.0,3842,1704297720000.0,1.4151333333333387,-0.008721000000000001,1002.3182046266666,1003.62203796,-0.001,43605.0,0.001,42189.86666666666,long_nclose,42.18986666666666,0.042092288129577694,1.0
1704297840000.0,3844,1704297840000.0,1.4151333333333387,-0.008721000000000001,1003.7246169599998,1003.7246169599998,-0.001,43605.0,0.0,42189.86666666666,long_nclose,0.0,0.0,2.0
1704302160000.0,3916,1704302160000.0,0.0,-0.0085263,1003.7160906599998,1003.7585906599999,0.001,42631.5,0.001,42631.5,long_ientry_normal,42.6315,0.04247366401386212,72.0
1704379860000.0,5211,1704379860000.0,0.9555999999999986,-0.00871742,1004.6629732399998,1004.6629732399998,-0.001,43587.1,0.0,42631.5,long_nclose,0.0,0.0,1295.0
1704419280000.0,5868,1704419280000.0,0.0,-0.00853478,1004.6544384599998,1004.4874384599998,0.001,42673.9,0.001,42673.9,long_ientry_normal,42.6739,0.042476197154330354,657.0
1704420000000.0,5880,1704420000000.0,0.9565999999999986,-0.0087261,1005.6023123599998,1005.6023123599998,-0.001,43630.5,0.0,42673.9,long_nclose,0.0,0.0,12.0
1704835500000.0,12805,1704835500000.0,0.0,-0.00906742,1005.5932449399999,1005.9528449399999,0.001,45337.1,0.001,45337.1,long_ientry_normal,45.3371,0.04508492894928416,6925.0
1704836460000.0,12821,1704836460000.0,1.0163000000000029,-0.00927068,1006.6002742599999,1006.6002742599999,-0.001,46353.4,0.0,45337.1,long_nclose,0.0,0.0,16.0
1704837420000.0,12837,1704837420000.0,0.0,-0.00906058,1006.5912136799999,1006.8260136799998,0.001,45302.9,0.001,45302.9,long_ientry_normal,45.3029,0.04500625416188265,16.0
1704908640000.0,14024,1704908640000.0,1.0155,-0.009263680000000002,1007.5974499999999,1007.5974499999999,-0.001,46318.4,0.0,45302.9,long_nclose,0.0,0.0,1187.0
1705073100000.0,16765,1705073100000.0,0.0,-0.008946720000000002,1007.5885032799998,1007.6087032799999,0.001,44733.6,0.001,44733.6,long_ientry_normal,44.7336,0.044396695530346815,2741.0
1705096980000.0,17163,1705096980000.0,0.0,-0.00856904,1007.5799342399998,1005.8145342399998,0.001,42845.2,0.002,43789.399999999994,long_rentry,87.57879999999999,0.08691995247608733,398.0
1705605120000.0,25632,1705605120000.0,0.0,-0.0082535,1007.5716807399998,1002.7252807399998,0.001,41267.5,0.003,42948.76666666666,long_rentry,128.84629999999999,0.1278780482450343,8469.0
1705951020000.0,31397,1705951020000.0,0.0,-0.00796784,1007.5637128999998,998.9554128999998,0.001,39839.2,0.004,42171.375,long_rentry,168.6855,0.16741918931804756,5765.0
1706546040000.0,41314,1706546040000.0,0.9453249999999971,-0.00862334,1008.5004145599999,1011.3177895599998,-0.001,43116.7,0.003,42171.375,long_nclose,126.514125,0.12544776697508553,9917.0
1706546100000.0,41315,1706546100000.0,0.9453249999999971,-0.00862334,1009.4371162199999,1011.1821662199999,-0.001,43116.7,0.002,42171.375,long_nclose,84.34275,0.08355423893648277,1.0
1706546400000.0,41320,1706546400000.0,0.9453249999999971,-0.00862334,1010.3738178799999,1011.28694288,-0.001,43116.7,0.001,42171.375,long_nclose,42.171375,0.041738388558489554,5.0
1706546580000.0,41323,1706546580000.0,0.9453249999999971,-0.00862334,1011.31051954,1011.31051954,-0.001,43116.7,0.0,42171.375,long_nclose,0.0,0.0,3.0
1707834240000.0,62784,1707834240000.0,0.0,-0.00968482,1011.30083472,1011.57693472,0.001,48424.1,0.001,48424.1,long_ientry_normal,48.4241,0.047882982330779186,21461.0
1707857100000.0,63165,1707857100000.0,1.0855000000000001,-0.00990192,1012.3764328000001,1012.3764328000001,-0.001,49509.6,0.0,48424.1,long_nclose,0.0,0.0,381.0
1709614980000.0,92463,1709614980000.0,0.0,-0.01300856,1012.3634242400001,1013.1449242400001,0.001,65042.8,0.001,65042.8,long_ientry_normal,65.0428,0.06424846892194751,29298.0
1709615100000.0,92465,1709615100000.0,1.458,-0.01330016,1013.8081240800001,1013.8081240800001,-0.001,66500.8,0.0,65042.8,long_nclose,0.0,0.0,2.0
1709654880000.0,93128,1709654880000.0,0.0,-0.013062500000000001,1013.79506158,1014.11096158,0.001,65312.5,0.001,65312.5,long_ientry_normal,65.3125,0.0644237701239247,663.0
1709667360000.0,93336,1709667360000.0,0.0,-0.01241648,1013.7826451000001,1010.5605451000001,0.001,62082.4,0.002,63697.45,long_rentry,127.39489999999999,0.1256629324004986,208.0
1709668620000.0,93357,1709668620000.0,0.0,-0.01182734,1013.7708177600001,1011.2619177600002,0.001,59136.7,0.003,62177.19999999999,long_rentry,186.53159999999997,0.183997799830296,21.0
1709673420000.0,93437,1709673420000.0,1.3938000000000101,-0.0127142,1015.1519035600002,1017.9447035600002,-0.001,63571.0,0.002,62177.19999999999,long_nclose,124.35439999999998,0.1224983173098587,80.0
1709673540000.0,93439,1709673540000.0,1.3938000000000101,-0.0127142,1016.5329893600002,1018.0242893600002,-0.001,63571.0,0.001,62177.19999999999,long_nclose,62.17719999999999,0.06116594409704911,2.0
1709674680000.0,93458,1709674680000.0,1.3938000000000101,-0.0127142,1017.9140751600003,1017.9140751600003,-0.001,63571.0,0.0,62177.19999999999,long_nclose,0.0,0.0,19.0
1709675280000.0,93468,1709675280000.0,0.0,-0.01270652,1017.9013686400002,1017.6485686400002,0.001,63532.6,0.001,63532.6,long_ientry_normal,63.5326,0.06241528104523995,10.0
1709701740000.0,93909,1709701740000.0,1.4240999999999986,-0.01299134,1019.3124773000002,1019.3124773000002,-0.001,64956.7,0.0,63532.6,long_nclose,0.0,0.0,441.0
1710118320000.0,100852,1710118320000.0,0.0,-0.013467320000000001,1019.2990099800002,1019.3364099800002,0.001,67336.6,0.001,67336.6,long_ientry_normal,67.3366,0.06606167507346174,6943.0
1710129960000.0,101046,1710129960000.0,1.5093999999999943,-0.0137692,1020.7946407800002,1020.7946407800002,-0.001,68846.0,0.0,67336.6,long_nclose,0.0,0.0,194.0
1710263160000.0,103266,1710263160000.0,0.0,-0.0139875,1020.7806532800003,1021.1142532800003,0.001,69937.5,0.001,69937.5,long_ientry_normal,69.9375,0.06851373972975969,2220.0
1710269520000.0,103372,1710269520000.0,1.5676999999999972,-0.014301040000000001,1022.3340522400002,1022.3340522400002,-0.001,71505.2,0.0,69937.5,long_nclose,0.0,0.0,106.0
1710430080000.0,106048,1710430080000.0,0.0,-0.0141749,1022.3198773400003,1022.3861773400002,0.001,70874.5,0.001,70874.5,long_ientry_normal,70.8745,0.06932712702839168,2676.0
1710462840000.0,106594,1710462840000.0,1.5886999999999971,-0.014492640000000001,1023.8940847000003,1023.8940847000003,-0.001,72463.2,0.0,70874.5,long_nclose,0.0,0.0,546.0
1710470460000.0,106721,1710470460000.0,0.0,-0.01393134,1023.8801533600003,1023.8641533600004,0.001,69656.7,0.001,69656.7,long_ientry_normal,69.6567,0.06803208341465763,127.0
1710493740000.0,107109,1710493740000.0,0.0,-0.013224179999999999,1023.8669291800004,1020.4271291800004,0.001,66120.9,0.002,67888.79999999999,long_rentry,135.77759999999998,0.13261254576192066,388.0
1710528300000.0,107685,1710528300000.0,1.5218000000000176,-0.013882120000000001,1025.3748470600005,1026.8625470600005,-0.001,69410.6,0.001,67888.79999999999,long_nclose,67.88879999999999,0.06620876277066257,576.0
1710528360000.0,107686,1710528360000.0,1.5218000000000176,-0.013882120000000001,1026.8827649400005,1026.8827649400005,-0.001,69410.6,0.0,67888.79999999999,long_nclose,0.0,0.0,1.0
1710624060000.0,109281,1710624060000.0,0.0,-0.013226260000000002,1026.8695386800005,1026.9659386800004,0.001,66131.3,0.001,66131.3,long_ientry_normal,66.13130000000001,0.06440087811447708,1595.0
1710687420000.0,110337,1710687420000.0,1.4823999999999942,-0.01352274,1028.3384159400005,1028.3384159400005,-0.001,67613.7,0.0,66131.3,long_nclose,0.0,0.0,1056.0
1710813840000.0,112444,1710813840000.0,0.0,-0.01312578,1028.3252901600003,1028.3807901600003,0.001,65628.9,0.001,65628.9,long_ientry_normal,65.6289,0.06382114747930452,2107.0
1710889380000.0,113703,1710889380000.0,0.0,-0.012479480000000001,1028.3128106800004,1024.9139106800005,0.001,62397.4,0.002,64013.149999999994,long_rentry,128.0263,0.12450131776082712,1259.0
1710960900000.0,114895,1710960900000.0,1.4349500000000044,-0.01308962,1029.7346710600004,1031.1965210600004,-0.001,65448.1,0.001,64013.149999999994,long_nclose,64.01315,0.06216470300461514,1192.0
1710961140000.0,114899,1710961140000.0,1.4349500000000044,-0.01308962,1031.1565314400004,1031.1565314400004,-0.001,65448.1,0.0,64013.149999999994,long_nclose,0.0,0.0,4.0
1711051440000.0,116404,1711051440000.0,0.0,-0.012918620000000002,1031.1436128200005,1031.2743128200004,0.001,64593.1,0.001,64593.1,long_ientry_normal,64.5931,0.06264219571059455,1505.0
1711066800000.0,116660,1711066800000.0,1.4479000000000015,-0.0132082,1032.5783046200004,1032.5783046200004,-0.001,66041.0,0.0,64593.1,long_nclose,0.0,0.0,256.0
1711108980000.0,117363,1711108980000.0,0.0,-0.01279238,1032.5655122400003,1032.5375122400003,0.001,63961.9,0.001,63961.9,long_ientry_normal,63.9619,0.06194464103419839,703.0
1711204320000.0,118952,1711204320000.0,1.4337999999999957,-0.013079140000000001,1033.9862331000004,1033.9862331000004,-0.001,65395.7,0.0,63961.9,long_nclose,0.0,0.0,1589.0
1712025420000.0,132637,1712025420000.0,0.0,-0.013525420000000003,1033.9727076800004,1033.6195076800004,0.001,67627.1,0.001,67627.1,long_ientry_normal,67.62710000000001,0.06540511127391345,13685.0
1712253660000.0,136441,1712253660000.0,1.5158999999999943,-0.013828600000000002,1035.4747790800006,1035.4747790800006,-0.001,69143.0,0.0,67627.1,long_nclose,0.0,0.0,3804.0
1712673720000.0,143442,1712673720000.0,0.0,-0.013787460000000001,1035.4609916200006,1035.5637916200008,0.001,68937.3,0.001,68937.3,long_ientry_normal,68.93730000000001,0.06657643364444482,7001.0
1712786640000.0,145324,1712786640000.0,1.545300000000003,-0.014096520000000001,1036.9921951000006,1036.9921951000006,-0.001,70482.6,0.0,68937.3,long_nclose,0.0,0.0,1882.0
1712942580000.0,147923,1712942580000.0,0.0,-0.013647020000000001,1036.9785480800006,1037.1236480800005,0.001,68235.1,0.001,68235.1,long_ientry_normal,68.2351,0.06580184337114736,2599.0
1712946900000.0,147995,1712946900000.0,0.0,-0.012965299999999999,1036.9655827800007,1035.3441827800007,0.001,64826.5,0.002,66530.8,long_rentry,133.0616,0.12831824142444073,72.0
1713038820000.0,149527,1713038820000.0,0.0,-0.012340660000000002,1036.9532421200006,1027.9480421200005,0.001,61703.3,0.003,64921.63333333333,long_rentry,194.7649,0.18782418732961634,1532.0
1713162600000.0,151590,1713162600000.0,1.4552666666666627,-0.01327538,1038.395233406667,1041.0401667400004,-0.001,66376.9,0.002,64921.63333333333,long_nclose,129.84326666666666,0.12504224065117228,2063.0
1713163320000.0,151602,1713163320000.0,1.4552666666666627,-0.01327538,1039.8372246933336,1041.2639913600003,-0.001,66376.9,0.001,64921.63333333333,long_nclose,64.92163333333333,0.06243441934143094,12.0
1713163920000.0,151612,1713163920000.0,1.4552666666666627,-0.01327538,1041.2792159800001,1041.2792159800001,-0.001,66376.9,0.0,64921.63333333333,long_nclose,0.0,0.0,10.0
1713193320000.0,152102,1713193320000.0,0.0,-0.0127544,1041.2664615800002,1041.60656158,0.001,63772.0,0.001,63772.0,long_ientry_normal,63.772,0.06124465000364406,490.0
1713364500000.0,154955,1713364500000.0,0.0,-0.012138280000000001,1041.2543233000001,1039.2103233,0.001,60691.4,0.002,62231.7,long_rentry,124.4634,0.11953218076976985,2853.0
1713449760000.0,156376,1713449760000.0,1.395,-0.01272534,1042.63659796,1043.88809796,-0.001,63626.7,0.001,62231.7,long_nclose,62.2317,0.059686855536973456,1421.0
1713449820000.0,156377,1713449820000.0,1.395,-0.01272534,1044.01887262,1044.01887262,-0.001,63626.7,0.0,62231.7,long_nclose,0.0,0.0,1.0
1713490740000.0,157059,1713490740000.0,0.0,-0.01221824,1044.0066543799999,1044.0274543799999,0.001,61091.2,0.001,61091.2,long_ientry_normal,61.0912,0.05851610211841034,682.0
1713499860000.0,157211,1713499860000.0,1.3694000000000015,-0.01249212,1045.36356226,1045.36356226,-0.001,62460.6,0.0,61091.2,long_nclose,0.0,0.0,152.0
1713969780000.0,165043,1713969780000.0,0.0,-0.012925039999999999,1045.35063722,1045.60743722,0.001,64625.2,0.001,64625.2,long_ientry_normal,64.62519999999999,0.06182155316981861,7832.0
1714471260000.0,173401,1714471260000.0,0.0,-0.012297980000000002,1045.3383392399999,1042.0912392399998,0.001,61489.9,0.002,63057.55,long_rentry,126.11510000000001,0.12064524495647067,8358.0
1714547280000.0,174668,1714547280000.0,0.0,-0.011731400000000001,1045.32660784,1035.10980784,0.001,58657.0,0.003,61590.7,long_rentry,184.7721,0.17676016147891035,1267.0
1714769160000.0,178366,1714769160000.0,1.3806000000000058,-0.012594260000000001,1046.69461358,1049.5318135799998,-0.001,62971.3,0.002,61590.7,long_nclose,123.1814,0.11768609334740321,3698.0
1714769280000.0,178368,1714769280000.0,1.3806000000000058,-0.012594260000000001,1048.0626193199998,1049.4646193199999,-0.001,62971.3,0.001,61590.7,long_nclose,61.5907,0.05876624055150546,2.0
1714775580000.0,178473,1714775580000.0,1.3806000000000058,-0.012594260000000001,1049.4306250599998,1049.4306250599998,-0.001,62971.3,0.0,61590.7,long_nclose,0.0,0.0,105.0
1715352720000.0,188092,1715352720000.0,0.0,-0.012205780000000001,1049.4184192799999,1049.3751192799998,0.001,61028.9,0.001,61028.9,long_ientry_normal,61.0289,0.058154973153483995,9619.0
1715586960000.0,191996,1715586960000.0,1.368,-0.012479380000000002,1050.7739398999997,1050.7739398999997,-0.001,62396.9,0.0,61028.9,long_nclose,0.0,0.0,3904.0
