timestamp,trade_id,timestamp,pnl,fee_paid,balance,equity,qty,price,psize,pprice,type,pcost,wallet_exposure,mins_since_prev_fill
1674058920000.0,25462,1674058920000.0,0.0,-0.42282688,999.57717312,1013.26581312,5432.0,0.07784,5432.0,0.07784,long_ientry_normal,422.82688,0.4230057381965037,
1674244860000.0,28561,1674244860000.0,11.059099999999983,-0.15194950000000002,1010.4843236199999,1032.32498362,-1810.0,0.08395,3622.0,0.07784,long_nclose,281.93648,0.27901123590911275,3099.0
1674244920000.0,28562,1674244920000.0,7.374769999999988,-0.10132764999999999,1017.7577659699999,1032.1028659699998,-1207.0,0.08395,2415.0,0.07784,long_nclose,187.98360000000002,0.18470367535917298,1.0
1674245040000.0,28564,1674245040000.0,4.918549999999993,-0.06757975000000001,1022.6087362199999,1032.3814362199998,-805.0,0.08395,1610.0,0.07784,long_nclose,125.32240000000002,0.12255166180492973,2.0
1674245100000.0,28565,1674245100000.0,3.2749599999999948,-0.0449972,1025.83869902,1033.74333902,-536.0,0.08395,1074.0,0.07784,long_nclose,83.60016,0.08149444944888955,1.0
1674282840000.0,29194,1674282840000.0,5.219639999999996,-0.04701972,1031.0113193,1036.1933692999999,-537.0,0.08756,537.0,0.07784,long_nclose,41.80008,0.04054279445581641,629.0
1674282900000.0,29195,1674282900000.0,2.604959999999998,-0.02346608,1033.59281322,1036.2505332199999,-268.0,0.08756,269.0,0.07784,long_nclose,20.93896,0.020258422593678726,1.0
1674283620000.0,29207,1674283620000.0,1.302479999999999,-0.01173304,1034.88356018,1036.18496018,-134.0,0.08756,135.0,0.07784,long_nclose,10.508400000000002,0.010154185846929726,12.0
1674283800000.0,29210,1674283800000.0,0.6512399999999995,-0.00586652,1035.52893366,1036.18921366,-67.0,0.08756,68.0,0.07784,long_nclose,5.29312,0.005111513380212237,3.0
1674283860000.0,29211,1674283860000.0,0.6609599999999995,-0.0059540800000000005,1036.1839395799998,1036.1839395799998,-68.0,0.08756,0.0,0.07784,long_nclose,0.0,0.0,1.0
1681892520000.0,156022,1681892520000.0,0.0,-0.43814463,1035.74579495,1043.39420495,5203.0,0.08421,5203.0,0.08421,long_ientry_normal,438.14462999999995,0.42302332496667405,126811.0
1681913280000.0,156368,1681913280000.0,11.461740000000008,-0.15748188,1047.0500530699999,1071.19429307,-1734.0,0.09082,3469.0,0.08421,long_nclose,292.12449,0.2789976364009316,346.0
1681919100000.0,156465,1681919100000.0,7.6411600000000055,-0.10498792,1054.5862251499998,1069.8057651499998,-1156.0,0.09082,2313.0,0.08421,long_nclose,194.77773,0.18469587915610755,97.0
1681919940000.0,156479,1681919940000.0,5.0963100000000034,-0.07002222000000001,1059.6125129299996,1069.8822329299996,-771.0,0.09082,1542.0,0.08421,long_nclose,129.85182,0.12254651432997782,14.0
1681920300000.0,156485,1681920300000.0,3.3975400000000024,-0.046681480000000004,1062.9633714499996,1069.5425714499995,-514.0,0.09082,1028.0,0.08421,long_nclose,86.56787999999999,0.08144013455695263,6.0
1681920360000.0,156486,1681920360000.0,2.2606200000000016,-0.03106044,1065.1929310099997,1069.4872910099998,-342.0,0.09082,686.0,0.08421,long_nclose,57.76806,0.054232485325663216,1.0
1681920720000.0,156492,1681920720000.0,1.507080000000001,-0.02070696,1066.6793040499997,1069.6746240499997,-228.0,0.09082,458.0,0.08421,long_nclose,38.56818,0.03615724037539979,6.0
1681921800000.0,156510,1681921800000.0,1.0047200000000007,-0.01380464,1067.6702194099996,1069.6928794099997,-152.0,0.09082,306.0,0.08421,long_nclose,25.768259999999998,0.02413503676653984,18.0
1681921860000.0,156511,1681921860000.0,0.6742200000000005,-0.00926364,1068.3351757699998,1069.7040157699998,-102.0,0.09082,204.0,0.08421,long_nclose,17.178839999999997,0.01608000971007848,1.0
1681922580000.0,156523,1681922580000.0,0.4494800000000003,-0.00617576,1068.7784800099998,1069.67336001,-68.0,0.09082,136.0,0.08421,long_nclose,11.452559999999998,0.010715560066191494,12.0
1681922640000.0,156524,1681922640000.0,0.37016000000000027,-0.00508592,1069.1435540899997,1069.6707540899997,-56.0,0.09082,80.0,0.08421,long_nclose,6.7368,0.006301118286902098,1.0
1681922700000.0,156525,1681922700000.0,0.5288000000000004,-0.0072656000000000005,1069.6650884899998,1069.6650884899998,-80.0,0.09082,0.0,0.08421,long_nclose,0.0,0.0,1.0
1685980980000.0,224163,1685980980000.0,0.0,-0.4522967,1069.2127917899998,1068.86304179,6995.0,0.06466,6995.0,0.06466,long_ientry_normal,452.2967,0.4230184145503882,67638.0
1686074160000.0,225716,1686074160000.0,11.818170000000011,-0.16254063,1080.8684211599998,1104.60818116,-2331.0,0.06973,4664.0,0.06466,long_nclose,301.57424,0.27901105638403906,1553.0
1686100200000.0,226150,1686100200000.0,7.878780000000008,-0.10836042000000001,1088.6388407399998,1104.4687407399997,-1554.0,0.06973,3110.0,0.06466,long_nclose,201.09259999999998,0.1847192957614003,434.0
1686100800000.0,226160,1686100800000.0,5.252520000000005,-0.07224028,1093.8191204599998,1104.3550404599998,-1036.0,0.06973,2074.0,0.06466,long_nclose,134.10484,0.1226023914663358,10.0
1686106620000.0,226257,1686106620000.0,3.5033700000000034,-0.04818343,1097.2743070299996,1104.2722870299997,-691.0,0.06973,1383.0,0.06466,long_nclose,89.42478,0.08149719666912343,97.0
1686106800000.0,226260,1686106800000.0,2.3372700000000024,-0.03214553,1099.5794314999996,1104.2539714999996,-461.0,0.06973,922.0,0.06466,long_nclose,59.616519999999994,0.054217565636594044,3.0
1686106860000.0,226261,1686106860000.0,1.5564900000000015,-0.02140711,1101.1145143899996,1104.2387143899996,-307.0,0.06973,615.0,0.06466,long_nclose,39.765899999999995,0.03611422743076789,1.0
1686113940000.0,226379,1686113940000.0,1.039350000000001,-0.01429465,1102.1395697399996,1104.2182697399996,-205.0,0.06973,410.0,0.06466,long_nclose,26.510599999999997,0.024053759367567196,118.0
1686114060000.0,226381,1686114060000.0,0.6895200000000007,-0.00948328,1102.8196064599995,1104.2060464599995,-136.0,0.06973,274.0,0.06466,long_nclose,17.716839999999998,0.016065039011112836,2.0
1686115020000.0,226397,1686115020000.0,0.46137000000000045,-0.006345430000000001,1103.2746310299995,1104.2042710299995,-91.0,0.06973,183.0,0.06466,long_nclose,11.83278,0.010725144644133716,16.0
1686116160000.0,226416,1686116160000.0,0.36504000000000036,-0.005020559999999999,1103.6346504699993,1104.1985304699992,-72.0,0.06973,111.0,0.06466,long_nclose,7.1772599999999995,0.006503293455803926,19.0
1686116580000.0,226423,1686116580000.0,0.5627700000000005,-0.00774003,1104.1896804399994,1104.1896804399994,-111.0,0.06973,0.0,0.06466,long_nclose,0.0,0.0,7.0
1686370980000.0,230663,1686370980000.0,0.0,-0.4669143,1103.7227661399993,1108.1389161399993,7485.0,0.06238,7485.0,0.06238,long_ientry_normal,466.91429999999997,0.4230358513242584,4240.0
1686371100000.0,230665,1686371100000.0,0.0,-0.6367791100000001,1103.0859870299994,1047.1558970299993,10583.0,0.06017,18068.0,0.06108553298649546,long_rentry,1103.6934099999999,1.0005506578608943,2.0
1687364220000.0,247217,1687364220000.0,28.872280355324307,-0.39672936,1131.5615380253237,1190.0384476699994,-6022.0,0.06588,12046.0,0.06108553298649546,long_nclose,735.8363303553243,0.6502839709799828,16552.0
1687364640000.0,247224,1687364640000.0,19.249785059220706,-0.26450819999999997,1150.5468148845446,1189.3724194699996,-4015.0,0.06588,8031.0,0.06108553298649546,long_nclose,490.57791541454503,0.4263867485164206,7.0
1687364760000.0,247226,1687364760000.0,12.834788195151638,-0.17636075999999998,1163.205242319696,1188.9818987099993,-2677.0,0.06588,5354.0,0.06108553298649546,long_nclose,327.0519436096967,0.2811644340232517,2.0
1687365060000.0,247231,1687365060000.0,8.55332915209209,-0.11752992,1171.6410415517882,1188.0075887899995,-1784.0,0.06588,3570.0,0.06108553298649546,long_nclose,218.0753527617888,0.18612812715484714,5.0
1687365180000.0,247233,1687365180000.0,5.705415746070396,-0.0783972,1177.2680600978588,1188.5360915899996,-1190.0,0.06588,2380.0,0.06108553298649546,long_nclose,145.3835685078592,0.12349232382621031,2.0
1687365240000.0,247234,1687365240000.0,3.8020123417090956,-0.05224283999999999,1181.017829599568,1188.7694787499995,-793.0,0.06588,1587.0,0.06108553298649546,long_nclose,96.9427408495683,0.08208406208603759,1.0
1687365480000.0,247238,1687365480000.0,2.536273050143899,-0.034850519999999996,1183.5192521297117,1188.6975982299996,-529.0,0.06588,1058.0,0.06108553298649546,long_nclose,64.6284938997122,0.05460704908975069,4.0
1687365660000.0,247241,1687365660000.0,1.6876523887535961,-0.02318976,1185.1837147584654,1188.5897884699996,-352.0,0.06588,706.0,0.06108553298649546,long_nclose,43.126386288465795,0.036387933576403166,3.0
1687365960000.0,247246,1687365960000.0,1.1266997481735657,-0.015481799999999999,1186.294932706639,1188.5484166699996,-235.0,0.06588,471.0,0.06108553298649546,long_nclose,28.77128603663936,0.024253063250464262,5.0
1687366080000.0,247248,1687366080000.0,0.7527313211202119,-0.010343159999999999,1187.037320867759,1188.5270835099996,-157.0,0.06588,314.0,0.06108553298649546,long_nclose,19.180857357759574,0.01615859671854109,2.0
1687370820000.0,247327,1687370820000.0,0.4986245694044716,-0.006851519999999999,1187.5290939171634,1188.5422319899994,-104.0,0.06588,210.0,0.06108553298649546,long_nclose,12.827961927164047,0.010802229598308155,79.0
1687373400000.0,247370,1687373400000.0,0.36437949302634465,-0.00500688,1187.8884665301896,1188.5416451099993,-76.0,0.06588,134.0,0.06108553298649546,long_nclose,8.185461420190391,0.006890765969047618,43.0
1687373820000.0,247377,1687373820000.0,0.6424585798096076,-0.00882792,1188.5220971899992,1188.5220971899992,-134.0,0.06588,0.0,0.06108553298649546,long_nclose,0.0,0.0,7.0
1692308520000.0,329622,1692308520000.0,0.0,-0.5025247,1188.019572489999,1184.1578724899991,8395.0,0.05986,8395.0,0.05986,long_ientry_normal,502.5247,0.422993620338044,82245.0
1692308580000.0,329623,1692308580000.0,0.0,-0.68548928,1187.334083209999,1152.5124032099993,11872.0,0.05774,20267.0,0.05861814674100754,long_rentry,1188.01398,1.0005726246720408,1.0
1692358860000.0,330461,1692358860000.0,31.085518764494037,-0.42705109999999996,1217.9925508744932,1278.8215921099993,-6755.0,0.06322,13512.0,0.05861814674100754,long_nclose,792.0483987644939,0.650290018765566,838.0
1692358920000.0,330462,1692358920000.0,20.72674707850202,-0.28474288000000003,1238.4345550729952,1279.4376492299994,-4504.0,0.06322,9008.0,0.05861814674100754,long_nclose,528.0322658429959,0.4263707465848875,1.0
1692359220000.0,330467,1692359220000.0,13.814763483495351,-0.18978644,1252.0595321164906,1279.7583227899993,-3002.0,0.06322,6006.0,0.05861814674100754,long_nclose,352.0605893264913,0.2811851835282668,5.0
1692359400000.0,330470,1692359400000.0,9.212910224502895,-0.12656644,1261.1458759009934,1279.4515763499992,-2002.0,0.06322,4004.0,0.05861814674100754,long_nclose,234.7070595509942,0.1861061944030176,3.0
1692371580000.0,330673,1692371580000.0,6.138872247495936,-0.08433548,1267.2004126684894,1279.6475608699993,-1334.0,0.06322,2670.0,0.05861814674100754,long_nclose,156.51045179849015,0.12350883903904997,203.0
1692371700000.0,330675,1692371700000.0,4.0956494005032855,-0.0562658,1271.239796268993,1279.5556950699995,-890.0,0.06322,1780.0,0.05861814674100754,long_nclose,104.34030119899343,0.08207759189511335,2.0
1692383820000.0,330877,1692383820000.0,2.728898982582526,-0.03748946,1273.9312057915754,1279.3936056099994,-593.0,0.06322,1187.0,0.05861814674100754,long_nclose,69.57974018157596,0.0546181299784878,202.0
1692383880000.0,330878,1692383880000.0,1.8177320373020198,-0.0249719,1275.7239659288773,1279.3844737099994,-395.0,0.06322,792.0,0.05861814674100754,long_nclose,46.425572218877974,0.036391549785673806,1.0
1692384360000.0,330886,1692384360000.0,1.2148892603740082,-0.01669008,1276.9221651092514,1279.3783436299993,-264.0,0.06322,528.0,0.05861814674100754,long_nclose,30.950381479251984,0.024238267863886536,8.0
1692390480000.0,330988,1692390480000.0,0.8099261735826722,-0.01112672,1277.720964562834,1279.3513769099993,-176.0,0.06322,352.0,0.05861814674100754,long_nclose,20.633587652834656,0.01614874313336037,102.0
1692391260000.0,331001,1692391260000.0,0.5384168313021173,-0.00739674,1278.251984654136,1279.3663201699994,-117.0,0.06322,235.0,0.05861814674100754,long_nclose,13.775264484136773,0.010776642359654951,13.0
1692392460000.0,331021,1692392460000.0,0.36814826071939644,-0.0050576,1278.6150753148554,1279.3252625699993,-80.0,0.06322,155.0,0.05861814674100754,long_nclose,9.085812744856169,0.007105979680881529,20.0
1692392520000.0,331022,1692392520000.0,0.36814826071939644,-0.0050576,1278.9781659755747,1279.3248049699991,-80.0,0.06322,75.0,0.05861814674100754,long_nclose,4.3963610055755655,0.0034374011398561476,1.0
1698115380000.0,426403,1698115380000.0,0.7531389944244342,-0.0051494999999999996,1279.7261554699992,1279.7261554699992,-75.0,0.06866,0.0,0.05861814674100754,long_nclose,0.0,0.0,95381.0
1699546380000.0,450253,1699546380000.0,0.0,-0.5411499,1279.1850055699992,1280.3665555699993,7877.0,0.0687,7877.0,0.0687,long_ientry_normal,541.1499,0.42304271676391797,23850.0
1699575420000.0,450737,1699575420000.0,14.148750000000016,-0.19448625000000003,1293.1392693199994,1321.2374693199995,-2625.0,0.07409,5252.0,0.0687,long_nclose,360.81239999999997,0.2790205266828948,484.0
1699575480000.0,450738,1699575480000.0,9.43250000000001,-0.1296575,1302.4421118199996,1320.9676918199996,-1750.0,0.07409,3502.0,0.0687,long_nclose,240.5874,0.18472022504233165,1.0
1699575540000.0,450739,1699575540000.0,6.290130000000007,-0.08646303000000001,1308.6457787899997,1321.2080787899997,-1167.0,0.07409,2335.0,0.0687,long_nclose,160.4145,0.12258053523721484,1.0
1699575600000.0,450740,1699575600000.0,4.193420000000005,-0.05764202,1312.7815567699997,1321.4073367699998,-778.0,0.07409,1557.0,0.0687,long_nclose,106.96589999999999,0.08148034945218269,1.0
1699575900000.0,450745,1699575900000.0,2.797410000000003,-0.03845271,1315.5405140599996,1321.1976140599995,-519.0,0.07409,1038.0,0.0687,long_nclose,71.3106,0.05420631233919386,5.0
1699580820000.0,450827,1699580820000.0,1.864940000000002,-0.02563514,1317.3798189199995,1321.0958589199995,-346.0,0.07409,692.0,0.0687,long_nclose,47.5404,0.036087086895694266,82.0
1699580880000.0,450828,1699580880000.0,1.2397000000000014,-0.017040700000000002,1318.6024782199995,1321.1203782199996,-230.0,0.07409,462.0,0.0687,long_nclose,31.7394,0.024070484110454177,1.0
1699581000000.0,450830,1699581000000.0,0.8300600000000009,-0.01140986,1319.4211283599996,1321.0781683599996,-154.0,0.07409,308.0,0.0687,long_nclose,21.159599999999998,0.016037032866300042,2.0
1699581060000.0,450831,1699581060000.0,0.5497800000000006,-0.007557180000000001,1319.9633511799996,1321.0798711799996,-102.0,0.07409,206.0,0.0687,long_nclose,14.152199999999999,0.010721661315330039,1.0
1699583460000.0,450871,1699583460000.0,0.3665200000000004,-0.00503812,1320.3248330599995,1321.0700330599996,-68.0,0.07409,138.0,0.0687,long_nclose,9.480599999999999,0.007180505707847405,40.0
1699583880000.0,450878,1699583880000.0,0.3665200000000004,-0.00503812,1320.6863149399994,1321.0650149399994,-68.0,0.07409,70.0,0.0687,long_nclose,4.809,0.0036412885827612133,7.0
1699584120000.0,450882,1699584120000.0,0.3773000000000004,-0.0051863000000000005,1321.0584286399994,1321.0584286399994,-70.0,0.07409,0.0,0.0687,long_nclose,0.0,0.0,4.0
