timestamp,trade_id,timestamp,pnl,fee_paid,balance,equity,qty,price,psize,pprice,type,pcost,wallet_exposure,mins_since_prev_fill
1706712540000.0,1699,1706712540000.0,0.0,-0.010007376000000002,999.989992624,1000.374172624,0.114,438.92,0.114,438.92,long_ientry_normal,50.036880000000004,0.05003738074288315,
1706740140000.0,2159,1706740140000.0,3.928439999999998,-0.010793064,1003.90763956,1003.90763956,-0.114,473.38,0.0,438.92,long_nclose,0.0,0.0,460.0
1706764320000.0,2562,1706764320000.0,0.0,-0.010091010000000001,1003.89754855,1003.82872855,0.111,454.55,0.111,454.55,long_ientry_normal,50.45505,0.050259162474174564,403.0
1706869020000.0,4307,1706869020000.0,0.0,-0.010070592000000001,1003.887477958,1000.949487958,0.118,426.72,0.229,440.20965065502185,long_rentry,100.80801000000001,0.10041763864318023,1745.0
1707184500000.0,9565,1707184500000.0,7.914319999999993,-0.021744466,1011.780053492,1011.780053492,-0.229,474.77,0.0,440.20965065502185,long_nclose,0.0,0.0,5258.0
1707237540000.0,10449,1707237540000.0,0.0,-0.01017706,1011.7698764319999,1011.786836432,0.106,480.05,0.106,480.05,long_ientry_normal,50.8853,0.05029335344460609,884.0
1707335220000.0,12077,1707335220000.0,0.0,-0.01018469,1011.759691742,1008.2381417419999,0.113,450.65,0.219,464.88013698630135,long_rentry,101.80874999999999,0.1006254260087299,1628.0
1707351420000.0,12347,1707351420000.0,0.0,-0.01426106,1011.745430682,1004.246830682,0.166,429.55,0.385,449.64688311688315,long_rentry,173.11405000000002,0.1711043556513093,270.0
1707440700000.0,13835,1707440700000.0,4.358097662337661,-0.012922156000000002,1016.0906061883377,1025.230298526,-0.134,482.17,0.251,449.64688311688315,long_nclose,112.86136766233767,0.11107411777549514,1488.0
1707440700000.0,13835,1707440700000.0,8.861082337662328,-0.02434449,1024.927344036,1024.927344036,-0.251,484.95,0.0,449.64688311688315,long_nclose,0.0,0.0,0.0
1707488700000.0,14635,1707488700000.0,0.0,-0.010252532,1024.917091504,1025.2435715039999,0.106,483.61,0.106,483.61,long_ientry_normal,51.26266,0.05001639686267241,800.0
1707513300000.0,15045,1707513300000.0,4.024820000000003,-0.011057496000000002,1028.930854008,1028.930854008,-0.106,521.58,0.0,483.61,long_nclose,0.0,0.0,410.0
1707610620000.0,16667,1707610620000.0,0.0,-0.010306024,1028.920547984,1030.332747984,0.092,560.11,0.092,560.11,long_ientry_normal,51.530120000000004,0.050081728954645494,1622.0
1707787800000.0,19620,1707787800000.0,0.0,-0.010306464000000001,1028.91024152,1025.71180152,0.098,525.84,0.19,542.4338947368421,long_rentry,103.06244000000001,0.100166599418572,2953.0
1707864660000.0,20901,1707864660000.0,8.09135999999999,-0.022230760000000002,1036.97937076,1036.97937076,-0.19,585.02,0.0,542.4338947368421,long_nclose,0.0,0.0,1281.0
1707885240000.0,21244,1707885240000.0,0.0,-0.01042251,1036.96894825,1037.0758982500001,0.093,560.35,0.093,560.35,long_ientry_normal,52.11255,0.050254687074232744,343.0
1707903600000.0,21550,1707903600000.0,4.092,-0.011240910000000002,1041.0497073400002,1041.0497073400002,-0.093,604.35,0.0,560.35,long_nclose,0.0,0.0,306.0
1707927720000.0,21952,1707927720000.0,0.0,-0.010395378,1041.039311962,1041.198621962,0.089,584.01,0.089,584.01,long_ientry_normal,51.97689,0.04992788399320049,402.0
1707957360000.0,22446,1707957360000.0,4.080650000000002,-0.011211508,1045.108750454,1045.108750454,-0.089,629.86,0.0,584.01,long_nclose,0.0,0.0,494.0
1707995880000.0,23088,1707995880000.0,0.0,-0.010531216,1045.0982192380002,1045.3278392380003,0.086,612.28,0.086,612.28,long_ientry_normal,52.656079999999996,0.05038385773768946,642.0
1708026840000.0,23604,1708026840000.0,4.134020000000004,-0.01135802,1049.2208812180002,1049.2208812180002,-0.086,660.35,0.0,612.28,long_nclose,0.0,0.0,516.0
1708069080000.0,24308,1708069080000.0,0.0,-0.010585242,1049.2102959760002,1049.3609559760002,0.081,653.41,0.081,653.41,long_ientry_normal,52.92621,0.050443853060712474,704.0
1708360860000.0,29171,1708360860000.0,0.0,-0.010549792,1049.1997461840003,1043.3170961840003,0.086,613.36,0.167,632.7854491017963,long_rentry,105.67517,0.10071978227629834,4863.0
1708442820000.0,30537,1708442820000.0,0.0,-0.014850872,1049.1848953120004,1040.6661853120004,0.127,584.68,0.294,612.0052040816327,long_rentry,179.92953,0.17149458670627699,1366.0
1708459980000.0,30823,1708459980000.0,4.558243979591835,-0.013518956,1053.7296203355922,1062.0657763560005,-0.103,656.26,0.191,612.0052040816327,long_nclose,116.89299397959184,0.11093262609659175,286.0
1708517280000.0,31778,1708517280000.0,0.0,-0.01634585,1053.7132744855921,1044.3799905060002,0.145,563.65,0.336,591.1376308916423,long_rentry,198.62224397959181,0.1884974297932769,955.0
1708554960000.0,32406,1708554960000.0,5.857074567845005,-0.017368586000000002,1059.5529804674372,1067.8895619200005,-0.137,633.89,0.199,591.1376308916423,long_nclose,117.63638854743682,0.11102454593213434,628.0
1708587780000.0,32953,1708587780000.0,9.236061452563176,-0.025374490000000003,1068.7636674300004,1068.7636674300004,-0.199,637.55,0.0,591.1376308916423,long_nclose,0.0,0.0,547.0
1708607640000.0,33284,1708607640000.0,0.0,-0.010752156,1068.7529152740003,1068.7572652740002,0.087,617.94,0.087,617.94,long_ientry_normal,53.760780000000004,0.050302346998714054,331.0
1708677420000.0,34447,1708677420000.0,0.0,-0.010673656,1068.7422416180002,1065.6086016180002,0.092,580.09,0.179,598.4863687150839,long_rentry,107.12906000000002,0.10023844462048603,1163.0
1708819200000.0,36810,1708819200000.0,0.0,-0.015043776000000003,1068.7271978420001,1059.815107842,0.136,553.08,0.315,578.8823492063493,long_rentry,182.34794000000002,0.17062159582744915,2363.0
1708969380000.0,39313,1708969380000.0,4.563573936507924,-0.01353235,1073.277239428508,1081.257195492,-0.109,620.75,0.206,578.8823492063493,long_nclose,119.24976393650795,0.11110807120069491,2503.0
1709022360000.0,40196,1709022360000.0,9.362216063492049,-0.025722395999999998,1082.613733096,1082.613733096,-0.206,624.33,0.0,578.8823492063493,long_nclose,0.0,0.0,883.0
1709058780000.0,40803,1709058780000.0,0.0,-0.010867648,1082.602865448,1082.860705448,0.088,617.48,0.088,617.48,long_ientry_normal,54.33824,0.05019221889599736,607.0
1709267100000.0,44275,1709267100000.0,4.266240000000002,-0.011720896000000001,1086.857384552,1086.857384552,-0.088,665.96,0.0,617.48,long_nclose,0.0,0.0,3472.0
1709309580000.0,44983,1709309580000.0,0.0,-0.010883808000000002,1086.846500744,1087.2037107439999,0.081,671.84,0.081,671.84,long_ientry_normal,54.41904,0.05007058491033231,708.0
1709446860000.0,47271,1709446860000.0,0.0,-0.010848728,1086.835652016,1084.468472016,0.086,630.74,0.167,650.6747305389222,long_rentry,108.66268000000001,0.09998078347764792,2288.0
1709648520000.0,50632,1709648520000.0,8.531239999999995,-0.023438784,1095.343453232,1095.343453232,-0.167,701.76,0.0,650.6747305389222,long_nclose,0.0,0.0,3361.0
1709658540000.0,50799,1709658540000.0,0.0,-0.010956512000000002,1095.33249672,1095.4710767200002,0.082,668.08,0.082,668.08,long_ientry_normal,54.782560000000004,0.05001454824361344,167.0
1709668440000.0,50964,1709668440000.0,0.0,-0.011039072,1095.3214576480002,1092.5608376480002,0.088,627.22,0.17,646.9289411764706,long_rentry,109.97792000000001,0.10040698028153051,165.0
1709668620000.0,50967,1709668620000.0,0.0,-0.015423497999999999,1095.3060341500002,1087.8438441500002,0.129,597.81,0.299,625.7371571906356,long_rentry,187.09541000000002,0.17081564801676025,3.0
1709674740000.0,51069,1709674740000.0,4.7062956521739014,-0.013956592000000002,1099.998373210174,1108.393677558,-0.104,670.99,0.195,625.7371571906356,long_nclose,122.01874565217393,0.11092629645994952,102.0
1709675400000.0,51080,1709675400000.0,9.580904347826065,-0.026319930000000002,1109.552957628,1109.552957628,-0.195,674.87,0.0,625.7371571906356,long_nclose,0.0,0.0,11.0
1709677260000.0,51111,1709677260000.0,0.0,-0.011072698,1109.5418849300002,1109.4572249300002,0.083,667.03,0.083,667.03,long_ientry_normal,55.36349,0.049897611574612005,31.0
1709708160000.0,51626,1709708160000.0,4.346710000000001,-0.011942040000000001,1113.8766528900003,1113.8766528900003,-0.083,719.4,0.0,667.03,long_nclose,0.0,0.0,515.0
1709716260000.0,51761,1709716260000.0,0.0,-0.011163480000000002,1113.8654894100002,1114.2467894100002,0.082,680.7,0.082,680.7,long_ientry_normal,55.817400000000006,0.05011143673152648,135.0
1709745420000.0,52247,1709745420000.0,4.382079999999996,-0.012039896000000001,1118.2355295140003,1118.2355295140003,-0.082,734.14,0.0,680.7,long_nclose,0.0,0.0,486.0
1709771460000.0,52681,1709771460000.0,0.0,-0.011173444,1118.2243560700003,1118.1903860700004,0.079,707.18,0.079,707.18,long_ientry_normal,55.867219999999996,0.04996065386765975,434.0
1709836740000.0,53769,1709836740000.0,4.386080000000008,-0.012050660000000001,1122.5983854100002,1122.5983854100002,-0.079,762.7,0.0,707.18,long_nclose,0.0,0.0,1088.0
1709846940000.0,53939,1709846940000.0,0.0,-0.011238458,1122.5871469520002,1122.6202569520003,0.077,729.77,0.077,729.77,long_ientry_normal,56.19229,0.050056060371411575,170.0
1709943840000.0,55554,1709943840000.0,0.0,-0.011236132000000001,1122.5759108200002,1119.2658308200002,0.082,685.13,0.159,706.7481132075472,long_rentry,112.37295000000002,0.10010276268792881,1615.0
1710371460000.0,62681,1710371460000.0,0.0,-0.01580623,1122.5601045900003,1113.3772045900002,0.121,653.15,0.28,683.5860714285714,long_rentry,191.4041,0.1705067721695915,7127.0
1710423720000.0,63552,1710423720000.0,0.0,-0.02631189,1122.5337927000003,1103.1941527000004,0.213,617.65,0.493,655.0984787018256,long_rentry,322.96355,0.28770942318198234,871.0
1710473160000.0,64376,1710473160000.0,0.0,-0.042591868000000005,1122.4912008320002,1073.0246708320003,0.374,569.41,0.867,618.1348212226067,long_rentry,535.9228899999999,0.4774406156616366,824.0
1710577440000.0,66114,1710577440000.0,1.9596955478662084,-0.0076859300000000005,1124.4432104498665,1150.8932349020004,-0.059,651.35,0.808,618.1348212226067,long_nclose,499.4529355478662,0.44417799930335783,1738.0
1710577920000.0,66122,1710577920000.0,7.371990576701265,-0.026076164000000002,1131.7891248625679,1153.4544087380004,-0.199,655.18,0.609,618.1348212226067,long_nclose,376.44410612456744,0.3326097572905012,8.0
1710684960000.0,67906,1710684960000.0,8.21591093425606,-0.026492202000000003,1139.9785435948238,1156.4883365360004,-0.201,659.01,0.408,618.1348212226067,long_nclose,252.1990070588235,0.22123136306016403,1784.0
1710685200000.0,67910,1710685200000.0,9.075151291810855,-0.026911304000000004,1149.0267835826348,1158.5275452320004,-0.203,662.84,0.205,618.1348212226067,long_nclose,126.71763835063436,0.11028258014624528,4.0
1710685500000.0,67915,1710685500000.0,9.949711649365625,-0.027333469999999995,1158.9491617620004,1158.9491617620004,-0.205,666.67,0.0,618.1348212226067,long_nclose,0.0,0.0,5.0
1710729180000.0,68643,1710729180000.0,0.0,-0.01168904,1158.9374727220004,1158.9524327220004,0.088,664.15,0.088,664.15,long_ientry_normal,58.44519999999999,0.05042998554764957,728.0
1710761760000.0,69186,1710761760000.0,4.588319999999999,-0.012606704,1163.5131860180004,1163.5131860180004,-0.088,716.29,0.0,664.15,long_nclose,0.0,0.0,543.0
1710772980000.0,69373,1710772980000.0,0.0,-0.011618650000000001,1163.5015673680005,1163.5262173680005,0.085,683.45,0.085,683.45,long_ientry_normal,58.093250000000005,0.049929670598910215,187.0
1710832380000.0,70363,1710832380000.0,0.0,-0.011678394,1163.4898889740005,1160.9840289740005,0.091,641.67,0.176,661.847840909091,long_rentry,116.48522000000001,0.10011708834248667,990.0
1710888780000.0,71303,1710888780000.0,0.0,-0.016392220000000002,1163.4734967540005,1154.7347767540004,0.134,611.65,0.31,640.1494193548388,long_rentry,198.44632000000001,0.1705636789782059,940.0
1710967020000.0,72607,1710967020000.0,4.999382709677421,-0.014827104,1168.4580523596778,1177.4976696500005,-0.108,686.44,0.202,640.1494193548388,long_nclose,129.31018270967743,0.1106673726528206,1304.0
1710972240000.0,72694,1710972240000.0,10.152637290322566,-0.027892564,1178.5827970860005,1178.5827970860005,-0.202,690.41,0.0,640.1494193548388,long_nclose,0.0,0.0,87.0
