timestamp,trade_id,timestamp,pnl,fee_paid,balance,equity,qty,price,psize,pprice,type,pcost,wallet_exposure,mins_since_prev_fill
1674058860000.0,25461,1674058860000.0,0.0,-0.0078432,299.9921568,299.98835679999996,3.8,2.064,3.8,2.064,long_ientry_normal,7.8431999999999995,0.02614468352660612,
1674061200000.0,25500,1674061200000.0,0.16340000000000057,-0.008006600000000001,300.1475502,300.1475502,-3.8,2.107,0.0,2.064,long_nclose,0.0,0.0,39.0
1674599280000.0,34468,1674599280000.0,0.0,-0.0078948,300.13965540000004,300.06485540000006,3.4,2.322,3.4,2.322,long_ientry_normal,7.8948,0.026303755128520078,8968.0
1674600300000.0,34485,1674600300000.0,0.16320000000000015,-0.008058,300.29479740000005,300.29479740000005,-3.4,2.37,0.0,2.322,long_nclose,0.0,0.0,17.0
1674609960000.0,34646,1674609960000.0,0.0,-0.007973,300.28682440000006,300.3148244000001,3.5,2.278,3.5,2.278,long_ientry_normal,7.973,0.026551281482065578,161.0
1674617100000.0,34765,1674617100000.0,0.16450000000000053,-0.0081375,300.44318690000006,300.44318690000006,-3.5,2.325,0.0,2.278,long_nclose,0.0,0.0,119.0
1675873200000.0,55700,1675873200000.0,0.0,-0.00789,300.4352969000001,300.4562969000001,3.0,2.63,3.0,2.63,long_ientry_normal,7.89,0.02626189426279758,20935.0
1675876920000.0,55762,1675876920000.0,0.16500000000000048,-0.008055,300.5922419000001,300.5922419000001,-3.0,2.685,0.0,2.63,long_nclose,0.0,0.0,62.0
1675971120000.0,57332,1675971120000.0,0.0,-0.0079761,300.5842658000001,300.53476580000006,3.3,2.417,3.3,2.417,long_ientry_normal,7.976099999999999,0.026535321064699576,1570.0
1675972440000.0,57354,1675972440000.0,0.16500000000000087,-0.0081411,300.7411247000001,300.7411247000001,-3.3,2.467,0.0,2.417,long_nclose,0.0,0.0,22.0
1675978260000.0,57451,1675978260000.0,0.0,-0.0078804,300.73324430000014,300.75964430000016,3.3,2.388,3.3,2.388,long_ientry_normal,7.880399999999999,0.026203953667785426,97.0
1675980900000.0,57495,1675980900000.0,0.16500000000000087,-0.008045400000000001,300.89019890000014,300.89019890000014,-3.3,2.438,0.0,2.388,long_nclose,0.0,0.0,44.0
1675983060000.0,57531,1675983060000.0,0.0,-0.0080478,300.88215110000016,300.83455110000017,3.4,2.367,3.4,2.367,long_ientry_normal,8.0478,0.026747349321247244,36.0
1676017740000.0,58109,1676017740000.0,0.16659999999999978,-0.0082144,301.0405367000002,301.0405367000002,-3.4,2.416,0.0,2.367,long_nclose,0.0,0.0,578.0
1676590920000.0,67662,1676590920000.0,0.0,-0.008028899999999999,301.0325078000002,301.0160078000002,3.3,2.433,3.3,2.433,long_ientry_normal,8.028899999999998,0.02667120590622138,9553.0
1676594100000.0,67715,1676594100000.0,0.16500000000000087,-0.008193899999999999,301.18931390000023,301.18931390000023,-3.3,2.483,0.0,2.433,long_nclose,0.0,0.0,53.0
1677807060000.0,87931,1677807060000.0,0.0,-0.007962,301.1813519000002,301.0763519000002,3.0,2.654,3.0,2.654,long_ientry_normal,7.962,0.026435899665672474,20216.0
1677835020000.0,88397,1677835020000.0,0.16500000000000048,-0.008127,301.3382249000002,301.3382249000002,-3.0,2.709,0.0,2.654,long_nclose,0.0,0.0,466.0
1678393080000.0,97698,1678393080000.0,0.0,-0.007973000000000001,301.33025190000023,301.33705190000023,3.4,2.345,3.4,2.345,long_ientry_normal,7.973000000000001,0.026459341369567926,9301.0
1678421100000.0,98165,1678421100000.0,0.0,-0.008960000000000001,301.32129190000023,300.96429190000026,4.0,2.24,7.4,2.288243243243243,long_rentry,16.933,0.05619582968474584,467.0
1678441380000.0,98503,1678441380000.0,0.0,-0.0191136,301.3021783000002,300.4743783000002,8.8,2.172,16.2,2.225098765432099,long_rentry,36.046600000000005,0.11963604180819817,338.0
1678494780000.0,99393,1678494780000.0,0.1836049382716034,-0.009084,301.47669923827186,302.02449430000024,-4.0,2.271,12.2,2.225098765432099,long_nclose,27.146204938271605,0.0900441228355649,890.0
1678494840000.0,99394,1678494840000.0,0.13770370370370255,-0.006813,301.60758994197556,302.04828130000027,-3.0,2.271,9.2,2.225098765432099,long_nclose,20.47090864197531,0.06787265746831365,1.0
1678498560000.0,99456,1678498560000.0,0.10557283950617195,-0.005223299999999999,301.70793948148173,302.05915800000025,-2.3,2.271,6.9,2.225098765432099,long_nclose,15.353181481481485,0.050887562017319185,62.0
1678498920000.0,99462,1678498920000.0,0.1561728395061725,-0.005273900000000001,301.85883842098787,302.1757841000002,-2.3,2.293,4.6,2.225098765432099,long_nclose,10.235454320987655,0.03390808224973278,6.0
1678499100000.0,99465,1678499100000.0,0.1493827160493824,-0.005044600000000001,302.00317653703723,302.1517395000002,-2.2,2.293,2.4,2.225098765432099,long_nclose,5.340237037037038,0.01768271810340418,3.0
1678499760000.0,99476,1678499760000.0,0.16296296296296262,-0.005503200000000001,302.1606363000002,302.1606363000002,-2.4,2.293,0.0,2.225098765432099,long_nclose,0.0,0.0,11.0
1678520460000.0,99821,1678520460000.0,0.0,-0.0079638,302.15267250000016,302.1799725000002,3.9,2.042,3.9,2.042,long_ientry_normal,7.963799999999999,0.02635687427189642,345.0
1678525860000.0,99911,1678525860000.0,0.163800000000001,-0.008127599999999999,302.3083449000001,302.3083449000001,-3.9,2.084,0.0,2.042,long_nclose,0.0,0.0,90.0
1678891020000.0,105997,1678891020000.0,0.0,-0.008036,302.3003089000001,302.3031089000001,2.8,2.87,2.8,2.87,long_ientry_normal,8.036,0.026582837540726035,6086.0
1678897440000.0,106104,1678897440000.0,0.0,-0.0090453,302.2912636000001,301.8141636000001,3.3,2.741,6.1,2.800213114754099,long_rentry,17.081300000000002,0.05650609877565776,107.0
1678898520000.0,106122,1678898520000.0,0.0,-0.0191376,302.27212600000007,300.46032600000007,7.2,2.658,13.3,2.723225563909774,long_rentry,36.2189,0.11982216315903368,18.0
1678899420000.0,106137,1678899420000.0,0.0,-0.0400664,302.23205960000007,299.5777596000001,15.7,2.552,29.0,2.630527586206896,long_rentry,76.28529999999999,0.25240637972345664,15.0
1678906740000.0,106259,1678906740000.0,0.39220137931034776,-0.019332000000000002,302.6049289793104,303.81422760000004,-7.2,2.685,21.8,2.630527586206896,long_nclose,57.34550137931034,0.1895061708767842,122.0
1678906860000.0,106261,1678906860000.0,0.29415103448276086,-0.014499000000000001,302.88458101379314,303.77792860000005,-5.4,2.685,16.4,2.630527586206896,long_nclose,43.14065241379309,0.1424326463545812,2.0
1678906920000.0,106262,1678906920000.0,0.2233368965517258,-0.0110085,303.09690941034484,303.8284201,-4.1,2.685,12.3,2.630527586206896,long_nclose,32.35548931034482,0.10674965103831083,1.0
1678907220000.0,106267,1678907220000.0,0.16341724137931157,-0.008055,303.25227165172413,303.8704651,-3.0,2.685,9.3,2.630527586206896,long_nclose,24.463906551724136,0.08067179981365541,5.0
1678908420000.0,106287,1678908420000.0,0.12528655172413886,-0.0061754999999999996,303.37138270344826,303.71768959999997,-2.3,2.685,7.0,2.630527586206896,long_nclose,18.413693103448274,0.06069686909608094,20.0
1678908480000.0,106288,1678908480000.0,0.10349758620689732,-0.0051015,303.46977878965515,303.7424881,-1.9,2.685,5.1,2.630527586206896,long_nclose,13.41569068965517,0.04420766622350895,1.0
1678908540000.0,106289,1678908540000.0,0.10349758620689732,-0.0051015,303.56817487586204,303.7552866,-1.9,2.685,3.2,2.630527586206896,long_nclose,8.417688275862067,0.027729152699568417,1.0
1678916880000.0,106428,1678916880000.0,0.17431172413793236,-0.008592,303.7338945999999,303.7338945999999,-3.2,2.685,0.0,2.630527586206896,long_nclose,0.0,0.0,139.0
1678919640000.0,106474,1678919640000.0,0.0,-0.007947000000000001,303.7259475999999,303.6809475999999,3.0,2.649,3.0,2.649,long_ientry_normal,7.947,0.02616503483747795,46.0
1678939440000.0,106804,1678939440000.0,0.0,-0.008854999999999998,303.71709259999994,303.35359259999996,3.5,2.53,6.5,2.5849230769230767,long_rentry,16.802,0.055321219679027055,330.0
1678944780000.0,106893,1678944780000.0,0.10274615384615395,-0.0050141,303.81482465384613,304.0359785,-1.9,2.639,4.6,2.5849230769230767,long_nclose,11.890646153846152,0.039137807601699014,89.0
1678944960000.0,106896,1678944960000.0,0.10274615384615395,-0.0050141,303.9125567076923,304.0612644,-1.9,2.639,2.7,2.5849230769230767,long_nclose,6.979292307692307,0.022964804032118674,3.0
1678945200000.0,106900,1678945200000.0,0.21350769230769343,-0.007192800000000001,304.11887160000003,304.11887160000003,-2.7,2.664,0.0,2.5849230769230767,long_nclose,0.0,0.0,4.0
1679514480000.0,116388,1679514480000.0,0.0,-0.008013500000000002,304.11085810000003,304.1387581,3.1,2.585,3.1,2.585,long_ientry_normal,8.0135,0.02635058823636261,9488.0
1679515680000.0,116408,1679515680000.0,0.16739999999999947,-0.0081809,304.2700772,304.2700772,-3.1,2.639,0.0,2.585,long_nclose,0.0,0.0,20.0
1682010300000.0,157985,1682010300000.0,0.0,-0.007986,304.2620912,304.2680912,3.0,2.662,3.0,2.662,long_ientry_normal,7.986,0.026247108105066492,41577.0
1682028120000.0,158282,1682028120000.0,0.16500000000000048,-0.008151,304.4189402,304.4189402,-3.0,2.717,0.0,2.662,long_nclose,0.0,0.0,297.0
1682539260000.0,166801,1682539260000.0,0.0,-0.0080885,304.4108517,304.3443517,3.5,2.311,3.5,2.311,long_ientry_normal,8.0885,0.026570997567364314,8519.0
1682540160000.0,166816,1682540160000.0,0.16800000000000015,-0.0082565,304.5705952,304.5705952,-3.5,2.359,0.0,2.311,long_nclose,0.0,0.0,15.0
1685980740000.0,224159,1685980740000.0,0.0,-0.008040100000000001,304.5625551,304.5773551,3.7,2.173,3.7,2.173,long_ientry_normal,8.0401,0.026398846034635205,57343.0
1685982240000.0,224184,1685982240000.0,0.16649999999999973,-0.0082066,304.7208485,304.7208485,-3.7,2.218,0.0,2.173,long_nclose,0.0,0.0,25.0
1686370860000.0,230661,1686370860000.0,0.0,-0.0080711,304.7127774,304.55367739999997,4.3,1.877,4.3,1.877,long_ientry_normal,8.0711,0.026487566648394835,6477.0
1686370920000.0,230662,1686370920000.0,0.0,-0.0091443,304.7036331,304.1638331,5.1,1.793,9.4,1.8314255319148933,long_rentry,17.2154,0.05649883404688554,1.0
1686370980000.0,230663,1686370980000.0,0.0,-0.019291799999999998,304.68434129999997,303.8881413,11.1,1.738,20.5,1.7808390243902439,long_rentry,36.5072,0.11981974473723964,1.0
1686371100000.0,230665,1686371100000.0,0.0,-0.0405324,304.64380889999995,301.52420889999996,24.3,1.668,44.8,1.7196339285714286,long_rentry,77.0396,0.2528841806376194,2.0
1686372000000.0,230680,1686372000000.0,0.3960999999999984,-0.019656,305.02025289999995,306.07415289999994,-11.2,1.755,33.6,1.7196339285714286,long_nclose,57.779700000000005,0.18942906069566115,15.0
1686372420000.0,230687,1686372420000.0,0.2970749999999988,-0.014742,305.30258589999994,306.14341089999994,-8.4,1.755,25.2,1.7196339285714286,long_nclose,43.334775,0.14194041256563103,7.0
1686372480000.0,230688,1686372480000.0,0.22280624999999912,-0.0110565,305.51433564999996,306.23945439999994,-6.3,1.755,18.9,1.7196339285714286,long_nclose,32.50108125,0.10638152602840063,1.0
1686372780000.0,230693,1686372780000.0,0.16622053571428505,-0.0082485,305.67230768571426,306.14610589999995,-4.7,1.755,14.2,1.7196339285714286,long_nclose,24.418801785714287,0.07988555447038133,5.0
1686372960000.0,230696,1686372960000.0,0.12378124999999951,-0.0061425,305.7899464357142,306.1683633999999,-3.5,1.755,10.7,1.7196339285714286,long_nclose,18.400083035714285,0.06017229555839079,3.0
1686373020000.0,230697,1686373020000.0,0.10256160714285674,-0.005089499999999999,305.88741854285706,306.1164738999999,-2.9,1.755,7.8,1.7196339285714286,long_nclose,13.413144642857143,0.04384993899635615,1.0
1686373440000.0,230704,1686373440000.0,0.10256160714285674,-0.005089499999999999,305.9848906499999,306.1238843999999,-2.9,1.755,4.9,1.7196339285714286,long_nclose,8.42620625,0.027537981473857467,7.0
1686373500000.0,230705,1686373500000.0,0.17329374999999933,-0.008599500000000001,306.1495848999999,306.1495848999999,-4.9,1.755,0.0,1.7196339285714286,long_nclose,0.0,0.0,1.0
1686373560000.0,230706,1686373560000.0,0.0,-0.008068399999999998,306.1415164999999,306.07711649999993,4.6,1.754,4.6,1.754,long_ientry_normal,8.068399999999999,0.0263551317450928,1.0
1686397920000.0,231112,1686397920000.0,0.17019999999999963,-0.008238599999999999,306.3034778999999,306.3034778999999,-4.6,1.791,0.0,1.754,long_nclose,0.0,0.0,406.0
1688132880000.0,260028,1688132880000.0,0.0,-0.008029399999999999,306.2954484999999,306.4740484999999,3.8,2.113,3.8,2.113,long_ientry_normal,8.029399999999999,0.026214558653489105,28916.0
1688132940000.0,260029,1688132940000.0,0.24699999999999978,-0.0082764,306.5341720999999,306.5341720999999,-3.8,2.178,0.0,2.113,long_nclose,0.0,0.0,1.0
1692126540000.0,326589,1692126540000.0,0.0,-0.008132400000000001,306.5260396999999,306.6448396999999,3.6,2.259,3.6,2.259,long_ientry_normal,8.1324,0.02653086180854084,66560.0
1692126600000.0,326590,1692126600000.0,0.16920000000000054,-0.008301600000000001,306.6869380999999,306.6869380999999,-3.6,2.306,0.0,2.259,long_nclose,0.0,0.0,1.0
1692308460000.0,329621,1692308460000.0,0.0,-0.008158799999999999,306.6787792999999,306.6319792999999,3.9,2.092,3.9,2.092,long_ientry_normal,8.1588,0.026603731822014597,3031.0
1692308580000.0,329623,1692308580000.0,0.0,-0.009190799999999999,306.6695884999999,306.09048849999994,4.6,1.998,8.5,2.0411294117647056,long_rentry,17.3496,0.05657424358529116,2.0
1692308640000.0,329624,1692308640000.0,0.0,-0.0195637,306.6500247999999,305.4673247999999,10.1,1.937,18.6,1.9845860215053763,long_rentry,36.9133,0.12037598896029833,1.0
1692308820000.0,329627,1692308820000.0,0.19050430107526795,-0.009319599999999997,306.8312095010752,307.35500519999994,-4.6,2.026,14.0,1.9845860215053763,long_nclose,27.78420430107527,0.09055208023412595,3.0
1692308880000.0,329628,1692308880000.0,0.14494892473118215,-0.007090999999999999,306.9690674258064,307.6664141999999,-3.5,2.026,10.5,1.9845860215053763,long_nclose,20.83815322580645,0.06788356038786539,1.0
1692308880000.0,329628,1692308880000.0,0.2149489247311822,-0.007161,307.17685535053755,307.6417531999999,-3.5,2.046,7.0,1.9845860215053763,long_nclose,13.892102150537635,0.04522509397618692,0.0
1692309000000.0,329630,1692309000000.0,0.15353494623655872,-0.005115,307.3252752967741,307.5611381999999,-2.5,2.046,4.5,1.9845860215053763,long_nclose,8.930637096774193,0.029059234025415465,2.0
1692309120000.0,329632,1692309120000.0,0.2763629032258057,-0.009207,307.5924311999999,307.5924311999999,-4.5,2.046,0.0,1.9845860215053763,long_nclose,0.0,0.0,2.0
1692309180000.0,329633,1692309180000.0,0.0,-0.00818,307.5842511999999,307.6042511999999,4.0,2.045,4.0,2.045,long_ientry_normal,8.18,0.02659433949588379,1.0
1692310860000.0,329661,1692310860000.0,0.1720000000000006,-0.008352,307.74789919999995,307.74789919999995,-4.0,2.088,0.0,2.045,long_nclose,0.0,0.0,28.0
1695485460000.0,382571,1695485460000.0,0.0,-0.0081564,307.73974279999993,307.80694279999994,4.2,1.942,4.2,1.942,long_ientry_normal,8.1564,0.026504214001702223,52910.0
1695485760000.0,382576,1695485760000.0,0.16800000000000015,-0.008324400000000001,307.89941839999994,307.89941839999994,-4.2,1.982,0.0,1.942,long_nclose,0.0,0.0,5.0
1699546320000.0,450252,1699546320000.0,0.0,-0.008187299999999998,307.89123109999997,307.65033109999996,3.3,2.481,3.3,2.481,long_ientry_normal,8.187299999999999,0.026591533544977272,67676.0
1699546380000.0,450253,1699546380000.0,0.0,-0.0092391,307.88199199999997,308.181992,3.9,2.369,7.2,2.4203333333333332,long_rentry,17.4264,0.056600907012450415,1.0
1699546440000.0,450254,1699546440000.0,0.10640000000000041,-0.005189100000000001,307.9832029,308.4660029,-2.1,2.471,5.1,2.4203333333333332,long_nclose,12.343699999999998,0.04007913380915099,1.0
1699546440000.0,450254,1699546440000.0,0.15680000000000047,-0.0052395,308.13476339999994,308.41876339999993,-2.1,2.495,3.0,2.4203333333333332,long_nclose,7.260999999999999,0.023564364889833135,0.0
1699546440000.0,450254,1699546440000.0,0.2960000000000007,-0.007557,308.4232063999999,308.4232063999999,-3.0,2.519,0.0,2.4203333333333332,long_nclose,0.0,0.0,0.0
1699547760000.0,450276,1699547760000.0,0.0,-0.0081708,308.4150355999999,308.3853355999999,3.3,2.476,3.3,2.476,long_ientry_normal,8.1708,0.02649287180212949,22.0
1699548360000.0,450286,1699548360000.0,0.1683000000000005,-0.0083391,308.5749964999999,308.5749964999999,-3.3,2.527,0.0,2.476,long_nclose,0.0,0.0,10.0
1702260780000.0,495493,1702260780000.0,0.0,-0.00819,308.56680649999987,308.94480649999986,2.1,3.9,2.1,3.9,long_ientry_normal,8.19,0.026542064238526585,45207.0
1702260840000.0,495494,1702260840000.0,0.41370000000000107,-0.008603700000000002,308.9719027999999,308.9719027999999,-2.1,4.097,0.0,3.9,long_nclose,0.0,0.0,1.0
1702396260000.0,497751,1702396260000.0,0.0,-0.0080807,308.9638220999999,308.9695220999999,1.9,4.253,1.9,4.253,long_ientry_normal,8.0807,0.026154194834450823,2257.0
1702432080000.0,498348,1702432080000.0,0.0,-0.0089364,308.9548856999999,308.6165856999999,2.2,4.062,4.1,4.1505121951219515,long_rentry,17.0171,0.055079562705228985,597.0
1702450800000.0,498660,1702450800000.0,0.0,-0.0193109,308.9355747999999,308.31957479999994,4.9,3.941,9.0,4.036444444444444,long_rentry,36.327999999999996,0.11759086024171278,312.0
1702454160000.0,498716,1702454160000.0,0.18382222222222283,-0.009064000000000003,309.1103330222221,309.6989107999999,-2.2,4.12,6.8,4.036444444444444,long_nclose,27.44782222222222,0.08879619763551864,56.0
1702454760000.0,498726,1702454760000.0,0.1420444444444449,-0.007004,309.24537346666654,309.6664067999999,-1.7,4.12,5.1,4.036444444444444,long_nclose,20.585866666666664,0.06656806676167011,10.0
1702454820000.0,498727,1702454820000.0,0.10862222222222258,-0.0053560000000000005,309.34863968888874,309.68515079999986,-1.3,4.12,3.8,4.036444444444444,long_nclose,15.338488888888888,0.04958317872131189,1.0
1702455300000.0,498735,1702455300000.0,0.10862222222222258,-0.0053560000000000005,309.45190591111094,309.6857947999998,-1.3,4.12,2.5,4.036444444444444,long_nclose,10.091111111111111,0.03260962662808659,8.0
1702455540000.0,498739,1702455540000.0,0.10862222222222258,-0.0053560000000000005,309.55517213333314,309.6458387999998,-1.3,4.12,1.2,4.036444444444444,long_nclose,4.843733333333333,0.015647399137130282,4.0
1702456500000.0,498755,1702456500000.0,0.19626666666666706,-0.00504,309.7463987999998,309.7463987999998,-1.2,4.2,0.0,4.036444444444444,long_nclose,0.0,0.0,16.0
1702895460000.0,506071,1702895460000.0,0.0,-0.008256000000000001,309.73814279999976,309.7573427999998,2.4,3.44,2.4,3.44,long_ientry_normal,8.256,0.026654773368777383,7316.0
1702898040000.0,506114,1702898040000.0,0.1704000000000004,-0.008426399999999999,309.9001163999997,309.9001163999997,-2.4,3.511,0.0,3.44,long_nclose,0.0,0.0,43.0
1703612340000.0,518019,1703612340000.0,0.0,-0.008085,309.8920313999997,309.8524313999997,2.2,3.675,2.2,3.675,long_ientry_normal,8.085,0.026089731844585948,11905.0
1703612700000.0,518025,1703612700000.0,0.16720000000000015,-0.008252200000000001,310.0509791999997,310.0509791999997,-2.2,3.751,0.0,3.675,long_nclose,0.0,0.0,6.0
