timestamp,trade_id,timestamp,pnl,fee_paid,balance,equity,qty,price,psize,pprice,type,pcost,wallet_exposure,mins_since_prev_fill
1704282900000.0,3595,1704282900000.0,0.0,-0.008761139999999999,999.99123886,999.81763886,0.001,43805.7,0.001,43805.7,long_ientry_normal,43.805699999999995,0.04380608379123294,
1704283740000.0,3609,1704283740000.0,0.0,-0.008265560000000002,999.9829732999999,995.9428732999999,0.001,41327.8,0.002,42566.75,long_rentry,85.1335,0.08513494956724581,14.0
1704297720000.0,3842,1704297720000.0,0.8904499999999971,-0.00869144,1000.8647318599999,1001.7916818599999,-0.001,43457.2,0.001,42566.75,long_nclose,42.56675,0.04252997297736154,233.0
1704299340000.0,3869,1704299340000.0,0.8904499999999971,-0.00869144,1001.7464904199999,1001.7464904199999,-0.001,43457.2,0.0,42566.75,long_nclose,0.0,0.0,27.0
1704308160000.0,4016,1704308160000.0,0.0,-0.008396840000000001,1001.7380935799998,1002.0483935799998,0.001,41984.2,0.001,41984.2,long_ientry_normal,41.9842,0.041911354144432464,147.0
1704310440000.0,4054,1704310440000.0,0.8782000000000044,-0.00857248,1002.6077210999998,1002.6077210999998,-0.001,42862.4,0.0,41984.2,long_nclose,0.0,0.0,38.0
1704419280000.0,5868,1704419280000.0,0.0,-0.008533520000000001,1002.5991875799998,1002.4384875799998,0.001,42667.6,0.001,42667.6,long_ientry_normal,42.6676,0.04255698640948225,1814.0
1704420000000.0,5880,1704420000000.0,0.8925000000000001,-0.008712020000000001,1003.4829755599999,1003.4829755599999,-0.001,43560.1,0.0,42667.6,long_nclose,0.0,0.0,12.0
1704835500000.0,12805,1704835500000.0,0.0,-0.009061880000000001,1003.4739136799999,1003.8612136799999,0.001,45309.4,0.001,45309.4,long_ientry_normal,45.309400000000004,0.04515254395985108,6925.0
1704836340000.0,12819,1704836340000.0,0.9477999999999956,-0.00925144,1004.41246224,1004.41246224,-0.001,46257.2,0.0,45309.4,long_nclose,0.0,0.0,14.0
1704891660000.0,13741,1704891660000.0,0.0,-0.00886484,1004.4035974,1004.5763974,0.001,44324.2,0.001,44324.2,long_ientry_normal,44.3242,0.044129869819998314,922.0
1704893280000.0,13768,1704893280000.0,0.9272000000000044,-0.00905028,1005.3217471199999,1005.3217471199999,-0.001,45251.4,0.0,44324.2,long_nclose,0.0,0.0,27.0
1705074480000.0,16788,1705074480000.0,0.0,-0.008883620000000002,1005.3128634999999,1005.4300635,0.001,44418.1,0.001,44418.1,long_ientry_normal,44.4181,0.04418335984019765,3020.0
1705097040000.0,17164,1705097040000.0,0.0,-0.008379560000000001,1005.30448394,1004.02678394,0.001,41897.8,0.002,43157.95,long_rentry,86.3159,0.08586045459750644,376.0
1705949340000.0,31369,1705949340000.0,0.0,-0.007975340000000001,1005.2965085999999,999.9811086,0.001,39876.7,0.003,42064.2,long_rentry,126.1926,0.12552774123898913,14205.0
1706545200000.0,41300,1706545200000.0,0.8799000000000015,-0.00858882,1006.16781978,1008.00421978,-0.001,42944.1,0.002,42064.2,long_nclose,84.1284,0.08361269198451884,9931.0
1706545320000.0,41302,1706545320000.0,0.8799000000000015,-0.00858882,1007.03913096,1007.84523096,-0.001,42944.1,0.001,42064.2,long_nclose,42.0642,0.04177017427306984,2.0
1706545440000.0,41304,1706545440000.0,0.8799000000000015,-0.00858882,1007.91044214,1007.91044214,-0.001,42944.1,0.0,42064.2,long_nclose,0.0,0.0,2.0
1707834240000.0,62784,1707834240000.0,0.0,-0.009676,1007.90076614,1008.22096614,0.001,48380.0,0.001,48380.0,long_ientry_normal,48.38,0.048000757242484225,21480.0
1707856680000.0,63158,1707856680000.0,1.012,-0.0098784,1008.9028877399999,1008.9028877399999,-0.001,49392.0,0.0,48380.0,long_nclose,0.0,0.0,374.0
1709229120000.0,86032,1709229120000.0,0.0,-0.012113260000000002,1008.8907744799999,1008.9693744799999,0.001,60566.3,0.001,60566.3,long_ientry_normal,60.566300000000005,0.06003256401191392,22874.0
1709237220000.0,86167,1709237220000.0,1.2668999999999941,-0.01236664,1010.1453078399999,1010.1453078399999,-0.001,61833.2,0.0,60566.3,long_nclose,0.0,0.0,135.0
1709614980000.0,92463,1709614980000.0,0.0,-0.013084200000000002,1010.1322236399999,1010.53552364,0.001,65421.0,0.001,65421.0,long_ientry_normal,65.421,0.06476478867712604,6296.0
1709615520000.0,92472,1709615520000.0,1.3683999999999943,-0.01335788,1011.4872657599999,1011.4872657599999,-0.001,66789.4,0.0,65421.0,long_nclose,0.0,0.0,9.0
1709654880000.0,93128,1709654880000.0,0.0,-0.01306254,1011.4742032199999,1011.7899032199999,0.001,65312.7,0.001,65312.7,long_ientry_normal,65.31269999999999,0.06457179015745416,656.0
1709668500000.0,93355,1709668500000.0,0.0,-0.012198120000000002,1011.4620050999999,1006.6631050999999,0.001,60990.6,0.002,63151.649999999994,long_rentry,126.3033,0.12487201631218248,227.0
1709700900000.0,93895,1709700900000.0,1.3209500000000043,-0.012894520000000001,1012.77006058,1014.0785105799999,-0.001,64472.6,0.001,63151.649999999994,long_nclose,63.15165,0.062355368170968525,540.0
1709700960000.0,93896,1709700960000.0,1.3209500000000043,-0.012894520000000001,1014.07811606,1014.07811606,-0.001,64472.6,0.0,63151.649999999994,long_nclose,0.0,0.0,1.0
1710118320000.0,100852,1710118320000.0,0.0,-0.01341088,1014.0647051799999,1014.38430518,0.001,67054.4,0.001,67054.4,long_ientry_normal,67.0544,0.06612438008884021,6956.0
1710122460000.0,100921,1710122460000.0,1.4026000000000058,-0.013691400000000003,1015.45361378,1015.45361378,-0.001,68457.0,0.0,67054.4,long_nclose,0.0,0.0,69.0
1710263340000.0,103269,1710263340000.0,0.0,-0.013931300000000002,1015.43968248,1015.60468248,0.001,69656.5,0.001,69656.5,long_ientry_normal,69.65650000000001,0.06859737826069444,2348.0
1710266340000.0,103319,1710266340000.0,1.457,-0.014222700000000001,1016.88245978,1016.88245978,-0.001,71113.5,0.0,69656.5,long_nclose,0.0,0.0,50.0
1710432900000.0,106095,1710432900000.0,0.0,-0.014056540000000001,1016.86840324,1016.88570324,0.001,70282.7,0.001,70282.7,long_ientry_normal,70.2827,0.06911680978193593,2776.0
1710457980000.0,106513,1710457980000.0,1.470100000000006,-0.014350560000000002,1018.32415268,1018.32415268,-0.001,71752.8,0.0,70282.7,long_nclose,0.0,0.0,418.0
1710470700000.0,106725,1710470700000.0,0.0,-0.013862720000000002,1018.31028996,1018.2787899599999,0.001,69313.6,0.001,69313.6,long_ientry_normal,69.31360000000001,0.06806726857559565,212.0
1710660120000.0,109882,1710660120000.0,0.0,-0.01292292,1018.2973670399999,1013.6783670399999,0.001,64614.6,0.002,66964.1,long_rentry,133.9282,0.13152169919608478,3157.0
1710693480000.0,110438,1710693480000.0,1.4006999999999972,-0.013672960000000001,1019.68439408,1021.1101940799999,-0.001,68364.8,0.001,66964.1,long_nclose,66.9641,0.06567139831576778,556.0
1710696360000.0,110486,1710696360000.0,1.4006999999999972,-0.013672960000000001,1021.07142112,1021.07142112,-0.001,68364.8,0.0,66964.1,long_nclose,0.0,0.0,48.0
1710819600000.0,112540,1710819600000.0,0.0,-0.0129832,1021.05843792,1021.15743792,0.001,64916.0,0.001,64916.0,long_ientry_normal,64.916,0.06357716423385179,2054.0
1710965100000.0,114965,1710965100000.0,1.3578999999999941,-0.01325478,1022.4030831399999,1022.4030831399999,-0.001,66273.9,0.0,64916.0,long_nclose,0.0,0.0,2425.0
1711115340000.0,117469,1711115340000.0,0.0,-0.012644200000000001,1022.39043894,1022.5849389399999,0.001,63221.0,0.001,63221.0,long_ientry_normal,63.221000000000004,0.06183645463815824,2504.0
1711177740000.0,118509,1711177740000.0,1.3224000000000016,-0.012908680000000002,1023.69993026,1023.69993026,-0.001,64543.4,0.0,63221.0,long_nclose,0.0,0.0,1040.0
1712025420000.0,132637,1712025420000.0,0.0,-0.013474400000000001,1023.68645586,1023.58835586,0.001,67372.0,0.001,67372.0,long_ientry_normal,67.372,0.06581312042797392,14128.0
1712253240000.0,136434,1712253240000.0,1.4093000000000029,-0.013756260000000001,1025.0819996,1025.0819996,-0.001,68781.3,0.0,67372.0,long_nclose,0.0,0.0,3797.0
1712942880000.0,147928,1712942880000.0,0.0,-0.013563060000000002,1025.06843654,1024.94943654,0.001,67815.3,0.001,67815.3,long_ientry_normal,67.81530000000001,0.06615685117464226,11494.0
1713038160000.0,149516,1713038160000.0,0.0,-0.012655560000000001,1025.05578098,1021.85508098,0.001,63277.8,0.002,65546.55,long_rentry,131.09310000000002,0.12788874755154206,1588.0
1713826380000.0,162653,1713826380000.0,1.371050000000003,-0.013383520000000003,1026.41344746,1027.78319746,-0.001,66917.6,0.001,65546.55,long_nclose,65.54655000000001,0.06385979272017907,13137.0
1713826440000.0,162654,1713826440000.0,1.371050000000003,-0.013383520000000003,1027.77111394,1027.77111394,-0.001,66917.6,0.0,65546.55,long_nclose,0.0,0.0,1.0
1714547280000.0,174668,1714547280000.0,0.0,-0.01167048,1027.75944346,1027.59214346,0.001,58352.4,0.001,58352.4,long_ientry_normal,58.3524,0.05677632092929638,12014.0
1714685820000.0,176977,1714685820000.0,1.2205999999999986,-0.011914600000000001,1028.9681288600002,1028.9681288600002,-0.001,59573.0,0.0,58352.4,long_nclose,0.0,0.0,2309.0
1715352720000.0,188092,1715352720000.0,0.0,-0.01218732,1028.9559415400001,1029.0049415400001,0.001,60936.6,0.001,60936.6,long_ientry_normal,60.9366,0.0592217776679519,11115.0
1715586780000.0,191993,1715586780000.0,1.2745999999999986,-0.01244224,1030.2180993000002,1030.2180993000002,-0.001,62211.2,0.0,60936.6,long_nclose,0.0,0.0,3901.0
