timestamp,trade_id,timestamp,pnl,fee_paid,balance,equity,qty,price,psize,pprice,type,pcost,wallet_exposure,mins_since_prev_fill
1685981100000.0,224165,1685981100000.0,0.0,-0.17831607,999.82168393,1001.48135393,2813.0,0.06339,2813.0,0.06339,long_ientry_normal,178.31607,0.17834787229167992,
1686371100000.0,230665,1686371100000.0,0.0,-0.8214782799999999,999.00020565,963.23161565,13811.0,0.05948,16624.0,0.06014162355630414,long_rentry,999.79435,1.0007949391256463,6500.0
1686405480000.0,231238,1686405480000.0,-0.7985318563522676,-0.09891628000000001,998.1027575136477,991.6430793699999,-1658.0,0.05966,14966.0,0.06014162355630414,unstuck_close_long,900.0795381436477,0.9017904533054457,573.0
1686474420000.0,232387,1686474420000.0,2.6517439334696817,-0.09881820000000001,1000.6556832471174,1022.9568711699999,-1599.0,0.0618,13367.0,0.06014162355630414,unstuck_close_long,803.9130820771175,0.8033863151293238,1149.0
1686543360000.0,233536,1686543360000.0,0.8786303561116402,-0.09902976,1001.4352838432291,1008.33988141,-1632.0,0.06068,11735.0,0.06014162355630414,unstuck_close_long,705.7619524332291,0.7047504355196191,1149.0
1686612300000.0,234685,1686612300000.0,2.2527844507940267,-0.09914094,1003.5889273540231,1017.84733047,-1611.0,0.06154,10124.0,0.06014162355630414,unstuck_close_long,608.8737968840231,0.6066964075513744,1149.0
1688174400000.0,260720,1688174400000.0,10.27490632820019,-0.0656052,1013.7982284822233,1112.91036527,-920.0,0.07131,9204.0,0.06014162355630414,long_nclose,553.5435032122233,0.5460095388418106,26035.0
1688174400000.0,260720,1688174400000.0,10.376106328200189,-0.0657064,1024.1086284104235,1113.31385887,-920.0,0.07142,8284.0,0.06014162355630414,long_nclose,498.2132095404235,0.4864847299585086,0.0
1688174400000.0,260720,1688174400000.0,10.468106328200191,-0.0657984,1034.5109363386239,1113.8092604700003,-920.0,0.07152,7364.0,0.06014162355630414,long_nclose,442.8829158686237,0.428108490990042,0.0
1688174400000.0,260720,1688174400000.0,10.560106328200193,-0.0658904,1045.005152266824,1114.3965700700003,-920.0,0.07162,6444.0,0.06014162355630414,long_nclose,387.5526221968239,0.37086192480117935,0.0
1688174400000.0,260720,1688174400000.0,10.661306328200194,-0.06599160000000001,1055.6004669950244,1115.0849784700004,-920.0,0.07173,5524.0,0.06014162355630414,long_nclose,332.22232852502407,0.3147235520563577,0.0
1688174400000.0,260720,1688174400000.0,10.753306328200196,-0.0660836,1066.2876897232245,1115.8652948700003,-920.0,0.07183,4604.0,0.06014162355630414,long_nclose,276.8920348532243,0.2596785440945088,0.0
1688174400000.0,260720,1688174400000.0,10.854506328200195,-0.06618480000000002,1077.0760112514247,1116.7467100700003,-920.0,0.07194,3684.0,0.06014162355630414,long_nclose,221.56174118142445,0.20570669002645228,0.0
1688174400000.0,260720,1688174400000.0,10.946506328200197,-0.06627680000000001,1087.956240779625,1117.7200332700004,-920.0,0.07204,2764.0,0.06014162355630414,long_nclose,166.23144750962464,0.1527924021930366,0.0
1688174400000.0,260720,1688174400000.0,11.038506328200187,-0.06636879999999999,1098.9283783078251,1118.7852644700004,-920.0,0.07214,1844.0,0.06014162355630414,long_nclose,110.90115383782484,0.100917544789038,0.0
1688174400000.0,260720,1688174400000.0,11.139706328200187,-0.06647,1110.0016146360254,1119.9515944700004,-920.0,0.07225,924.0,0.06014162355630414,long_nclose,55.57086016602503,0.05006376516330291,0.0
1688174400000.0,260720,1688174400000.0,11.280539833974972,-0.0668514,1121.2153030700003,1121.2153030700003,-924.0,0.07235,0.0,0.06014162355630414,long_nclose,0.0,0.0,0.0
1692308580000.0,329623,1692308580000.0,0.0,-0.19991077999999998,1121.0153922900004,1114.6215122900003,3401.0,0.05878,3401.0,0.05878,long_ientry_normal,199.91078,0.17833009374797612,68903.0
1698151440000.0,427004,1698151440000.0,3.3742799999999997,-0.0215373,1124.3681349900003,1158.4728949900002,-309.0,0.0697,3092.0,0.05878,long_nclose,181.74776,0.16164435325412027,97381.0
1698151440000.0,427004,1698151440000.0,3.4051800000000005,-0.021568200000000003,1127.7517467900002,1158.4482367900002,-309.0,0.0698,2783.0,0.05878,long_nclose,163.58474,0.14505385645876662,0.0
1698151500000.0,427005,1698151500000.0,3.4360800000000014,-0.0215991,1131.1662276900001,1158.4297076900002,-309.0,0.0699,2474.0,0.05878,long_nclose,145.42172,0.12855910691125522,1.0
1698151560000.0,427006,1698151560000.0,2.7219400000000005,-0.017240600000000002,1133.8709270900001,1158.18976709,-247.0,0.0698,2227.0,0.05878,long_nclose,130.90306,0.11544793756724453,1.0
1698151620000.0,427007,1698151620000.0,2.20584,-0.0140794,1136.0626876900003,1158.7021876900003,-202.0,0.0697,2025.0,0.05878,long_nclose,119.0295,0.10477370772736778,1.0
1698151620000.0,427007,1698151620000.0,2.2260400000000002,-0.0140996,1138.2746280900003,1158.6557680900003,-202.0,0.0698,1823.0,0.05878,long_nclose,107.15594,0.09413891635255484,0.0
1698151620000.0,427007,1698151620000.0,2.246240000000001,-0.014119800000000002,1140.5067482900004,1158.6295282900003,-202.0,0.0699,1621.0,0.05878,long_nclose,95.28238,0.08354389848447634,0.0
1698151620000.0,427007,1698151620000.0,2.2664400000000016,-0.014140000000000002,1142.7590482900005,1158.6234682900003,-202.0,0.07,1419.0,0.05878,long_nclose,83.40881999999999,0.07298898234480061,0.0
1698151620000.0,427007,1698151620000.0,2.2866399999999993,-0.0141602,1145.0315280900004,1158.6375880900005,-202.0,0.0701,1217.0,0.05878,long_nclose,71.53526,0.06247448934382291,0.0
1698151740000.0,427009,1698151740000.0,1.3334200000000003,-0.0084458,1146.3565022900004,1158.3357822900005,-121.0,0.0698,1096.0,0.05878,long_nclose,64.42287999999999,0.05619794529128301,2.0
1698274020000.0,429047,1698274020000.0,1.0810799999999998,-0.0069003,1147.4306819900003,1158.1185219900003,-99.0,0.0697,997.0,0.05878,long_nclose,58.60366,0.051073812928170176,2038.0
1698284100000.0,429215,1698284100000.0,0.9827999999999999,-0.006273,1148.4072089900003,1158.3569989900002,-90.0,0.0697,907.0,0.05878,long_nclose,53.31346,0.046423829093591336,168.0
1698284160000.0,429216,1698284160000.0,0.9918000000000002,-0.006282,1149.3927269900003,1158.5349569900002,-90.0,0.0698,817.0,0.05878,long_nclose,48.02326,0.04178141976394967,1.0
1698284160000.0,429216,1698284160000.0,1.0008000000000004,-0.006291000000000001,1150.3872359900004,1158.5223659900003,-90.0,0.0699,727.0,0.05878,long_nclose,42.73306,0.03714667432242916,0.0
1698284220000.0,429217,1698284220000.0,1.0098000000000007,-0.006300000000000001,1151.3907359900004,1158.4486959900005,-90.0,0.07,637.0,0.05878,long_nclose,37.442859999999996,0.03251968148571692,1.0
1698284280000.0,429218,1698284280000.0,0.8006400000000004,-0.0050328000000000005,1152.1863431900003,1158.8081431900002,-72.0,0.0699,565.0,0.05878,long_nclose,33.2107,0.02882407016563936,1.0
1698284280000.0,429218,1698284280000.0,0.8078400000000006,-0.005040000000000001,1152.9891431900003,1158.7671031900002,-72.0,0.07,493.0,0.05878,long_nclose,28.97854,0.025133402314461036,0.0
1698284280000.0,429218,1698284280000.0,0.8150399999999998,-0.0050472,1153.7991359900002,1158.73325599,-72.0,0.0701,421.0,0.05878,long_nclose,24.74638,0.02144773663638319,0.0
1698284280000.0,429218,1698284280000.0,0.8229599999999997,-0.00505512,1154.6170408700002,1158.70732087,-72.0,0.07021,349.0,0.05878,long_nclose,20.514219999999998,0.01776712041643054,0.0
1698284280000.0,429218,1698284280000.0,0.8301599999999999,-0.0050623199999999995,1155.4421385500002,1158.68857855,-72.0,0.07031,277.0,0.05878,long_nclose,16.28206,0.014091627314573153,0.0
1698284280000.0,429218,1698284280000.0,0.8373600000000001,-0.00506952,1156.2744290300002,1158.67702903,-72.0,0.07041,205.0,0.05878,long_nclose,12.0499,0.010421314955575618,0.0
1698284280000.0,429218,1698284280000.0,0.8328300000000003,-0.0050062100000000005,1157.1022528200003,1158.6727328200004,-71.0,0.07051,134.0,0.05878,long_nclose,7.87652,0.0068071079982810105,0.0
1698284280000.0,429218,1698284280000.0,1.585220000000001,-0.009461740000000001,1158.6780110800003,1158.6780110800003,-134.0,0.07061,0.0,0.05878,long_nclose,0.0,0.0,0.0
1699546380000.0,450253,1699546380000.0,0.0,-0.20663642999999998,1158.4713746500004,1158.5914946500004,3003.0,0.06881,3003.0,0.06881,long_ientry_normal,206.63643,0.1783699058273489,21035.0
1699700940000.0,452829,1699700940000.0,3.48894,-0.02227407,1161.9380405800002,1196.7728405800003,-273.0,0.08159,2730.0,0.06881,long_nclose,187.85129999999998,0.1616706686926533,2576.0
1699700940000.0,452829,1699700940000.0,3.5217000000000023,-0.022306830000000003,1165.4374337500003,1196.7887537500003,-273.0,0.08171,2457.0,0.06881,long_nclose,169.06617,0.14506670637478994,0.0
1699701000000.0,452830,1699701000000.0,2.84994,-0.01819457,1168.2691791800003,1196.7079991800003,-223.0,0.08159,2234.0,0.06881,long_nclose,153.72154,0.13158058325898492,1.0
1699714020000.0,453047,1699714020000.0,2.59434,-0.01656277,1170.8469564100003,1196.7828264100003,-203.0,0.08159,2031.0,0.06881,long_nclose,139.75311,0.1193606980270973,217.0
1699714080000.0,453048,1699714080000.0,2.35152,-0.01501256,1173.1834638500002,1196.8804738500003,-184.0,0.08159,1847.0,0.06881,long_nclose,127.09206999999999,0.10833094218948999,1.0
1699714080000.0,453048,1699714080000.0,2.3736000000000015,-0.015034640000000002,1175.54202921,1196.87831921,-184.0,0.08171,1663.0,0.06881,long_nclose,114.43102999999999,0.09734320607566972,0.0
1699714080000.0,453048,1699714080000.0,2.3956800000000005,-0.01505672,1177.92265249,1196.89822249,-184.0,0.08183,1479.0,0.06881,long_nclose,101.76998999999999,0.08639785454916699,0.0
1699714140000.0,453049,1699714140000.0,1.8963000000000012,-0.012011370000000002,1179.8069411200001,1196.6700611200001,-147.0,0.08171,1332.0,0.06881,long_nclose,91.65491999999999,0.077686371223576,1.0
1699714200000.0,453050,1699714200000.0,1.5463799999999999,-0.00987239,1181.34344873,1197.1227787300002,-121.0,0.08159,1211.0,0.06881,long_nclose,83.32891,0.07053741237536171,1.0
1699714200000.0,453050,1699714200000.0,1.560900000000001,-0.00988691,1182.89446182,1197.09716182,-121.0,0.08171,1090.0,0.06881,long_nclose,75.0029,0.06340624833478434,0.0
1699714200000.0,453050,1699714200000.0,1.5754200000000005,-0.00990143,1184.45998039,1197.08605039,-121.0,0.08183,969.0,0.06881,long_nclose,66.67689,0.056293071191857155,0.0
1700131920000.0,460012,1700131920000.0,1.1246399999999999,-0.007179919999999999,1185.57744047,1196.79257047,-88.0,0.08159,881.0,0.06881,long_nclose,60.62161,0.05113256032939332,6962.0
1700131920000.0,460012,1700131920000.0,1.1352000000000007,-0.007190480000000001,1186.70544999,1196.80033999,-88.0,0.08171,793.0,0.06881,long_nclose,54.566329999999994,0.04598135957027905,0.0
1700131980000.0,460013,1700131980000.0,0.92016,-0.0058744800000000005,1187.6197355099998,1196.98552551,-72.0,0.08159,721.0,0.06881,long_nclose,49.61201,0.041774322635936244,1.0
1700131980000.0,460013,1700131980000.0,0.9288000000000006,-0.00588312,1188.5426523899998,1196.9731623899997,-72.0,0.08171,649.0,0.06881,long_nclose,44.657689999999995,0.037573485402647835,0.0
1700132040000.0,460014,1700132040000.0,0.9374400000000003,-0.005891759999999999,1189.4742006299998,1197.1425306299998,-72.0,0.08183,577.0,0.06881,long_nclose,39.70337,0.03337892488880489,1.0
1700132040000.0,460014,1700132040000.0,0.9460799999999999,-0.005900399999999999,1190.4143802299998,1197.1258302299998,-72.0,0.08195,505.0,0.06881,long_nclose,34.74905,0.02919071759977071,0.0
1700132040000.0,460014,1700132040000.0,0.9547200000000006,-0.00590904,1191.3631911899997,1197.1177611899998,-72.0,0.08207,433.0,0.06881,long_nclose,29.794729999999998,0.025008939524343847,0.0
1700132100000.0,460015,1700132100000.0,0.9626400000000005,-0.005916960000000001,1192.3199142299998,1197.2186842299998,-72.0,0.08218,361.0,0.06881,long_nclose,24.84041,0.02083367869943021,1.0
1700132100000.0,460015,1700132100000.0,0.9712800000000001,-0.0059256000000000005,1193.2852686299998,1197.2069986299998,-72.0,0.0823,289.0,0.06881,long_nclose,19.88609,0.01666499245635626,0.0
1700132100000.0,460015,1700132100000.0,0.9799199999999998,-0.0059342399999999995,1194.2592543899998,1197.2039443899998,-72.0,0.08242,217.0,0.06881,long_nclose,14.931769999999998,0.012502955237827991,0.0
1700132100000.0,460015,1700132100000.0,0.9885600000000004,-0.005942880000000001,1195.2418715099998,1197.2095215099998,-72.0,0.08254,145.0,0.06881,long_nclose,9.97745,0.00834764095688437,0.0
1700132100000.0,460015,1700132100000.0,0.9972000000000001,-0.005951519999999999,1196.2331199899998,1197.2237299899998,-72.0,0.08266,73.0,0.06881,long_nclose,5.02313,0.004199122993720482,0.0
1700132160000.0,460016,1700132160000.0,0.9935299999999998,-0.00601666,1197.2206333299998,1197.2206333299998,-73.0,0.08242,0.0,0.06881,long_nclose,0.0,0.0,1.0
