timestamp,trade_id,timestamp,pnl,fee_paid,balance,equity,qty,price,psize,pprice,type,pcost,wallet_exposure,mins_since_prev_fill
1706692620000.0,1367,1706692620000.0,0.0,-0.013003528,999.986996472,1000.521906472,0.149,436.36,0.149,436.36,long_ientry_normal,65.01764,0.06501848546969632,
1706742960000.0,2206,1706742960000.0,5.928709999999994,-0.01418927,1005.901517202,1005.901517202,-0.149,476.15,0.0,436.36,long_nclose,0.0,0.0,839.0
1706753100000.0,2375,1706753100000.0,0.0,-0.013131936,1005.888385266,1006.006465266,0.144,455.97,0.144,455.97,long_ientry_normal,65.65968,0.06527531380396322,169.0
1706776440000.0,2764,1706776440000.0,0.0,-0.02860512,1005.859780146,1006.8287001460001,0.332,430.8,0.476,438.41445378151263,long_rentry,208.68528,0.20746955402641654,389.0
1707185940000.0,9589,1707185940000.0,19.028359999999978,-0.045542728,1024.842597418,1024.842597418,-0.476,478.39,0.0,438.41445378151263,long_nclose,0.0,0.0,6825.0
1707236580000.0,10433,1707236580000.0,0.0,-0.013347910000000003,1024.829249508,1024.721019508,0.137,487.15,0.137,487.15,long_ientry_normal,66.73955000000001,0.06512260460173276,844.0
1707333780000.0,12053,1707333780000.0,0.0,-0.029089064000000005,1024.800160444,1020.3475004440002,0.316,460.27,0.453,468.39927152317875,long_rentry,212.18487,0.20704999685799208,1620.0
1707351420000.0,12347,1707351420000.0,0.0,-0.162503352,1024.6376570920002,1003.9528070920002,1.881,431.96,2.334,439.0324035989717,long_rentry,1024.70163,1.0000624346641538,294.0
1707383640000.0,12884,1707383640000.0,1.048038778920311,-0.010482966000000002,1025.6752129049205,1047.0195941260004,-0.117,447.99,2.217,439.0324035989717,unstuck_close_long,973.3348387789204,0.9489698361942845,537.0
1707385920000.0,12922,1707385920000.0,9.41444953727508,-0.04244948400000001,1035.0472129581956,1069.8972946420001,-0.462,459.41,1.755,439.0324035989717,long_nclose,770.5018683161953,0.744412292183347,38.0
1707437880000.0,13788,1707437880000.0,15.483367930591253,-0.0535854,1050.4769954887868,1081.5435592420001,-0.575,465.96,1.18,439.0324035989717,long_nclose,518.0582362467866,0.49316476083870275,866.0
1707438120000.0,13792,1707438120000.0,19.45048350899743,-0.054905662,1069.8725733357842,1090.3928735800002,-0.581,472.51,0.599,439.0324035989717,long_nclose,262.980409755784,0.24580535692753616,4.0
1707440640000.0,13834,1707440640000.0,23.976530244215944,-0.057391387999999995,1093.791712192,1093.791712192,-0.599,479.06,0.0,439.0324035989717,long_nclose,0.0,0.0,42.0
1707488460000.0,14631,1707488460000.0,0.0,-0.014265952,1093.77744624,1093.59640624,0.146,488.56,0.146,488.56,long_ientry_normal,71.32976,0.0652141441069252,797.0
1707513480000.0,15048,1707513480000.0,6.502840000000003,-0.01556652,1100.2647197200001,1100.2647197200001,-0.146,533.1,0.0,488.56,long_nclose,0.0,0.0,417.0
1707610620000.0,16667,1707610620000.0,0.0,-0.014355432,1100.2503642880001,1100.9811642880002,0.126,569.66,0.126,569.66,long_ientry_normal,71.77716,0.06523711541458913,1619.0
1707675180000.0,17743,1707675180000.0,0.0,-0.031324404,1100.219039884,1096.445249884,0.291,538.22,0.417,547.7198561151079,long_rentry,228.39917999999997,0.20759428052079604,1076.0
1707892380000.0,21363,1707892380000.0,20.82504000000001,-0.049844844,1120.99423504,1120.99423504,-0.417,597.66,0.0,547.7198561151079,long_nclose,0.0,0.0,3620.0
1707923340000.0,21879,1707923340000.0,0.0,-0.014603232,1120.979631808,1121.659151808,0.124,588.84,0.124,588.84,long_ientry_normal,73.01616,0.06513602738903834,516.0
1708019040000.0,23474,1708019040000.0,6.657559999999993,-0.015934744,1127.621257064,1127.621257064,-0.124,642.53,0.0,588.84,long_nclose,0.0,0.0,1595.0
1708062780000.0,24203,1708062780000.0,0.0,-0.014629134000000002,1127.60662793,1127.39794793,0.111,658.97,0.111,658.97,long_ientry_normal,73.14567000000001,0.064868073837307,729.0
1708360860000.0,29171,1708360860000.0,0.0,-0.031879168,1127.5747487620001,1114.337758762,0.256,622.64,0.367,633.6280926430518,long_rentry,232.54151,0.20623156935299825,4968.0
1708442820000.0,30537,1708442820000.0,0.0,-0.179063224,1127.3956855380002,1106.7120255380003,1.532,584.41,1.899,593.9218694049499,long_rentry,1127.85763,1.0004097447488274,1366.0
1708454400000.0,30730,1708454400000.0,1.115122406529755,-0.01150754,1128.49930040453,1144.4613279980003,-0.095,605.66,1.804,593.9218694049499,unstuck_close_long,1071.4350524065296,0.9494335105236267,193.0
1708456020000.0,30757,1708456020000.0,10.365617103738835,-0.046736048,1138.818181460269,1177.1573119500006,-0.376,621.49,1.428,593.9218694049499,long_nclose,848.1204295102684,0.7447373455372407,27.0
1708456920000.0,30772,1708456920000.0,17.04836511848345,-0.059000760000000006,1155.8075458187525,1185.5945511900006,-0.468,630.35,0.96,593.9218694049499,long_nclose,570.1649946287519,0.4933044404246882,15.0
1708459080000.0,30808,1708459080000.0,21.421285771458706,-0.06046926600000001,1177.1683623242113,1199.5597119240008,-0.473,639.21,0.487,593.9218694049499,long_nclose,289.2399504002106,0.2457082263314763,36.0
1708459620000.0,30817,1708459620000.0,26.370139599789415,-0.063122018,1203.4753799060006,1203.4753799060006,-0.487,648.07,0.0,593.9218694049499,long_nclose,0.0,0.0,9.0
1708469880000.0,30988,1708469880000.0,0.0,-0.015611904,1203.4597680020006,1203.4635480020006,0.126,619.52,0.126,619.52,long_ientry_normal,78.05951999999999,0.06486259206620211,171.0
1708501320000.0,31512,1708501320000.0,0.0,-0.034067952,1203.4257000500006,1200.9063000500007,0.291,585.36,0.417,595.681726618705,long_rentry,248.39928,0.20641015061393433,524.0
1708819200000.0,36810,1708819200000.0,0.0,-0.19097144,1203.2347286100005,1186.4996986100005,1.738,549.4,2.155,558.355675174014,long_rentry,1203.25648,1.0000180774286864,5298.0
1708826400000.0,36930,1708826400000.0,2.1056184315545208,-0.012258264,1205.3280887775552,1246.1530303460004,-0.106,578.22,2.049,558.355675174014,unstuck_close_long,1144.0707784315546,0.9491778952831608,120.0
1708864080000.0,37558,1708864080000.0,11.117245350347995,-0.050130366,1216.395203761903,1257.9714099800003,-0.429,584.27,1.62,558.355675174014,long_nclose,904.5361937819027,0.7436203225600324,628.0
1708945980000.0,38923,1708945980000.0,18.149492157772602,-0.06281560000000001,1234.4818803196756,1272.1896943800004,-0.53,592.6,1.09,558.355675174014,long_nclose,608.6076859396753,0.49300657680133236,1365.0
1708947660000.0,38951,1708947660000.0,22.862412431554468,-0.064539882,1257.2797528692302,1278.3680344980005,-0.537,600.93,0.553,558.355675174014,long_nclose,308.77068837122977,0.24558630461246683,28.0
1708969080000.0,39308,1708969080000.0,28.150091628770266,-0.06738415600000001,1285.3624603420005,1285.3624603420005,-0.553,609.26,0.0,558.355675174014,long_nclose,0.0,0.0,357.0
1708986420000.0,39597,1708986420000.0,0.0,-0.016744560000000002,1285.3457157820005,1285.1357157820005,0.14,598.02,0.14,598.02,long_ientry_normal,83.7228,0.0651364056938279,289.0
1709264340000.0,44229,1709264340000.0,7.632799999999998,-0.018271120000000002,1292.9602446620006,1292.9602446620006,-0.14,652.54,0.0,598.02,long_nclose,0.0,0.0,4632.0
1709308140000.0,44959,1709308140000.0,0.0,-0.016890784000000002,1292.9433538780006,1293.3178338780006,0.124,681.08,0.124,681.08,long_ientry_normal,84.45392000000001,0.06531911838727693,730.0
1709390100000.0,46325,1709390100000.0,0.0,-0.036807056000000005,1292.9065468220006,1287.9735468220006,0.286,643.48,0.41,654.8517073170732,long_rentry,268.4892,0.20766326898100543,1366.0
1709650680000.0,50668,1709650680000.0,24.480399999999968,-0.058593919999999994,1317.3283529020005,1317.3283529020005,-0.41,714.56,0.0,654.8517073170732,long_nclose,0.0,0.0,4343.0
1709655480000.0,50748,1709655480000.0,0.0,-0.017190144,1317.3111627580004,1317.2817227580003,0.128,671.49,0.128,671.49,long_ientry_normal,85.95072,0.06524709000419347,80.0
1709668440000.0,50964,1709668440000.0,0.0,-0.03743136999999999,1317.2737313880004,1310.9480313880006,0.295,634.43,0.423,645.6443735224586,long_rentry,273.10757,0.20732787991773646,216.0
1709668620000.0,50967,1709668620000.0,0.0,-0.20885930400000002,1317.0648720840004,1307.5588420840002,1.754,595.38,2.177,605.1465732659624,long_rentry,1317.4040900000002,1.0002575559664446,3.0
1709669040000.0,50974,1709669040000.0,15.221217289848397,-0.06864213200000001,1332.217447241849,1379.5726499520006,-0.542,633.23,1.635,605.1465732659624,long_nclose,989.4146472898485,0.7426825473110858,7.0
1709669460000.0,50981,1709669460000.0,19.781456449242043,-0.06846491600000001,1351.930438775091,1393.0167750360004,-0.533,642.26,1.102,605.1465732659624,long_nclose,666.8715237390907,0.49327354767106646,7.0
1709669520000.0,50982,1709669520000.0,25.055880716582404,-0.070730094,1376.9155893976733,1402.1004549420004,-0.543,651.29,0.559,605.1465732659624,long_nclose,338.27693445567303,0.24567732187827943,1.0
1709673000000.0,51040,1709673000000.0,30.841945544327057,-0.07382377600000001,1407.6837111660004,1407.6837111660004,-0.559,660.32,0.0,605.1465732659624,long_nclose,0.0,0.0,58.0
1709673060000.0,51041,1709673060000.0,0.0,-0.01838692,1407.6653242460004,1408.1573842460004,0.139,661.4,0.139,661.4,long_ientry_normal,91.9346,0.06530998413933632,1.0
1709708340000.0,51629,1709708340000.0,8.381700000000011,-0.020063260000000003,1416.0269609860004,1416.0269609860004,-0.139,721.7,0.0,661.4,long_nclose,0.0,0.0,588.0
1709713320000.0,51712,1709713320000.0,0.0,-0.018474480000000005,1416.0084865060005,1416.3851365060004,0.135,684.24,0.135,684.24,long_ientry_normal,92.37240000000001,0.06523435479396654,83.0
1709748180000.0,52293,1709748180000.0,8.4213,-0.02015874,1424.4096277660005,1424.4096277660005,-0.135,746.62,0.0,684.24,long_nclose,0.0,0.0,581.0
1709761740000.0,52519,1709761740000.0,0.0,-0.01848496,1424.3911428060005,1425.3076428060006,0.13,710.96,0.13,710.96,long_ientry_normal,92.4248,0.06488723302359659,226.0
1710094680000.0,58068,1710094680000.0,0.0,-0.0403056,1424.3508372060005,1420.6050372060006,0.3,671.76,0.43,683.6111627906977,long_rentry,293.95279999999997,0.20637668214989527,5549.0
1710411900000.0,63355,1710411900000.0,0.0,-0.2260973,1424.1247399060005,1404.7548199060002,1.793,630.5,2.223,640.7734143049934,long_rentry,1424.4393000000002,1.00022087959375,5287.0
1710434880000.0,63738,1710434880000.0,-0.3161692307692438,-0.014546400000000001,1423.7940242752313,1415.8991635060001,-0.114,638.0,2.109,640.7734143049934,unstuck_close_long,1351.391130769231,0.9491479158701651,383.0
1710685680000.0,67918,1710685680000.0,13.113834291497922,-0.059138982,1436.8487195847292,1484.5811845240003,-0.441,670.51,1.668,640.7734143049934,long_nclose,1068.810055060729,0.7438570536288824,4180.0
1710690660000.0,68001,1710690660000.0,21.45593578947365,-0.07426364400000002,1458.2303917302029,1501.3899008800004,-0.546,680.07,1.122,640.7734143049934,long_nclose,718.9477708502026,0.4930275592440265,83.0
1710691260000.0,68011,1710691260000.0,27.017691889338668,-0.07627307800000001,1485.1718105415416,1511.6283678020004,-0.553,689.63,0.569,640.7734143049934,long_nclose,364.6000727395412,0.2454935315575349,10.0
1710697860000.0,68121,1710697860000.0,33.2390372604588,-0.07956782200000001,1518.3312799800005,1518.3312799800005,-0.569,699.19,0.0,640.7734143049934,long_nclose,0.0,0.0,110.0
1710723480000.0,68548,1710723480000.0,0.0,-0.019734750000000002,1518.3115452300005,1518.3968052300006,0.147,671.25,0.147,671.25,long_ientry_normal,98.67375,0.06498913237536666,427.0
1710762540000.0,69199,1710762540000.0,8.996400000000007,-0.021534030000000003,1527.2864112000004,1527.2864112000004,-0.147,732.45,0.0,671.25,long_nclose,0.0,0.0,651.0
1710772320000.0,69362,1710772320000.0,0.0,-0.019891872,1527.2665193280004,1527.9101993280003,0.144,690.69,0.144,690.69,long_ientry_normal,99.45936,0.06512246470495685,163.0
1710832380000.0,70363,1710832380000.0,0.0,-0.043331312000000004,1527.2231880160004,1519.3696280160004,0.332,652.58,0.476,664.1090756302522,long_rentry,316.11592,0.20698737583382484,1001.0
1710888720000.0,71302,1710888720000.0,0.0,-0.24216273000000002,1526.9810252860004,1505.8990952860001,1.977,612.45,2.453,622.474345699144,long_rentry,1526.9295700000002,0.9999663026028823,939.0
1710896100000.0,71425,1710896100000.0,2.3008941704035757,-0.015524058,1529.266395398404,1572.0018212280002,-0.121,641.49,2.332,622.474345699144,unstuck_close_long,1451.6101741704038,0.9492199518267912,123.0
1710901740000.0,71519,1710901740000.0,14.067313644516874,-0.063442464,1543.2702665789209,1595.8631987640001,-0.487,651.36,1.845,622.474345699144,long_nclose,1148.4651678149207,0.7441763070837921,94.0
1710906180000.0,71593,1710906180000.0,23.09627085201786,-0.07993865,1566.2865987809387,1612.3968101140001,-0.605,660.65,1.24,622.474345699144,long_nclose,771.8681886669385,0.49280137445324096,74.0
1710966180000.0,72593,1710966180000.0,28.954049123522186,-0.08173268,1595.158915224461,1626.5553774340003,-0.61,669.94,0.63,622.474345699144,long_nclose,392.1588377904607,0.2458431157219709,1000.0
1710966300000.0,72595,1710966300000.0,35.75606220953929,-0.08558298,1630.8293944540003,1630.8293944540003,-0.63,679.23,0.0,622.474345699144,long_nclose,0.0,0.0,2.0
