timestamp,trade_id,timestamp,pnl,fee_paid,balance,equity,qty,price,psize,pprice,type,pcost,wallet_exposure,mins_since_prev_fill
1677807120000.0,87932,1677807120000.0,0.0,-0.007635100000000001,299.9923649,299.8834649,121.0,0.0631,121.0,0.0631,long_ientry_normal,7.6351,0.02545098106928521,
1677816540000.0,88089,1677816540000.0,0.24200000000000021,-0.007877100000000001,300.22648780000003,300.22648780000003,-121.0,0.0651,0.0,0.0631,long_nclose,0.0,0.0,157.0
1681892520000.0,156022,1681892520000.0,0.0,-0.0076506,300.21883720000005,300.21883720000005,123.0,0.0622,123.0,0.0622,long_ientry_normal,7.6506,0.025483410939012185,67933.0
1681892580000.0,156023,1681892580000.0,0.0,-0.0101304,300.2087068000001,300.44060680000007,168.0,0.0603,291.0,0.06110309278350515,long_rentry,17.781,0.05922879515898169,1.0
1681892940000.0,156029,1681892940000.0,0.18400000000000075,-0.006111,300.3865958000001,300.71579580000014,-97.0,0.063,194.0,0.06110309278350515,long_nclose,11.854,0.03946247990337255,6.0
1681893180000.0,156033,1681893180000.0,0.15175257731958824,-0.00504,300.5333083773197,300.7495558000001,-80.0,0.063,114.0,0.06110309278350515,long_nclose,6.965752577319587,0.0231779719024491,4.0
1681893240000.0,156034,1681893240000.0,0.21624742268041325,-0.007182000000000001,300.7423738000001,300.7423738000001,-114.0,0.063,0.0,0.06110309278350515,long_nclose,0.0,0.0,1.0
1686370980000.0,230663,1686370980000.0,0.0,-0.007665,300.73470880000013,300.61220880000013,175.0,0.0438,175.0,0.0438,long_ientry_normal,7.665,0.02548758016853157,74629.0
1686371040000.0,230664,1686371040000.0,0.0,-0.010115,300.72459380000015,300.45579380000015,238.0,0.0425,413.0,0.04305084745762712,long_rentry,17.78,0.05912386404892699,1.0
1686371160000.0,230666,1686371160000.0,0.0,-0.0233645,300.70122930000014,299.1823293000001,563.0,0.0415,976.0,0.042156250000000006,long_rentry,41.14450000000001,0.13682850614139472,2.0
1686371220000.0,230667,1686371220000.0,0.0,-0.0534258,300.6478035000001,298.5080035000001,1329.0,0.0402,2305.0,0.04102832971800434,long_rentry,94.5703,0.3145551003501676,1.0
1686371880000.0,230678,1686371880000.0,0.9766427765726657,-0.0324864,301.5919598765728,303.8539171000001,-768.0,0.0423,1537.0,0.04102832971800434,long_nclose,63.06054277657267,0.20909225432395592,11.0
1686372120000.0,230682,1686372120000.0,0.6510951843817772,-0.0216576,302.22139746095456,303.3198595000001,-512.0,0.0423,1025.0,0.04102832971800434,long_nclose,42.054037960954446,0.13914977005024143,4.0
1686372180000.0,230683,1686372180000.0,0.4336395661605196,-0.0144243,302.6406127271151,303.5788352000002,-341.0,0.0423,684.0,0.04102832971800434,long_nclose,28.06337752711497,0.09272839251227377,1.0
1686372360000.0,230686,1686372360000.0,0.5375112364425157,-0.014569200000000001,303.16355476355767,303.7694660000002,-342.0,0.0426,342.0,0.04102832971800434,long_nclose,14.031688763557485,0.04628422032622303,3.0
1686372480000.0,230688,1686372480000.0,0.6059112364425153,-0.014637599999999999,303.7548284000002,303.7548284000002,-342.0,0.0428,0.0,0.04102832971800434,long_nclose,0.0,0.0,2.0
1686372660000.0,230691,1686372660000.0,0.0,-0.0077149,303.7471135000002,303.7650135000002,179.0,0.0431,179.0,0.0431,long_ientry_normal,7.7149,0.02539908910113806,3.0
1686379140000.0,230799,1686379140000.0,0.0,-0.0101992,303.7369143000002,303.5888143000002,244.0,0.0418,423.0,0.042350118203309695,long_rentry,17.9141,0.05897900174987058,108.0
1686386340000.0,230919,1686386340000.0,0.19033333333333347,-0.006161700000000001,303.92108593333353,304.3017526000002,-141.0,0.0437,282.0,0.042350118203309695,long_nclose,11.942733333333333,0.03929550757117598,120.0
1686386400000.0,230920,1686386400000.0,0.15523640661938543,-0.0050255000000000005,304.07129683995294,304.2967271000002,-115.0,0.0437,167.0,0.042350118203309695,long_nclose,7.072469739952719,0.023259248121914294,1.0
1686386460000.0,230921,1686386460000.0,0.22543026004728145,-0.0072979,304.2894292000002,304.2894292000002,-167.0,0.0437,0.0,0.042350118203309695,long_nclose,0.0,0.0,1.0
1692308520000.0,329622,1692308520000.0,0.0,-0.0077542,304.2816750000002,304.1994750000002,137.0,0.0566,137.0,0.0566,long_ientry_normal,7.7542,0.025483624671120912,98701.0
1692308580000.0,329623,1692308580000.0,0.0,-0.010266299999999999,304.27140870000017,303.45530870000016,187.0,0.0549,324.0,0.05561882716049382,long_rentry,18.0205,0.05922508485760328,1.0
1692308580000.0,329623,1692308580000.0,0.0,-0.0236817,304.24772700000017,303.1670270000002,441.0,0.0537,765.0,0.05451267973856208,long_rentry,41.70219999999999,0.13706659507763544,0.0
1692308880000.0,329628,1692308880000.0,0.43026666666666935,-0.014331,304.6636626666668,305.62619600000016,-255.0,0.0562,510.0,0.05451267973856208,long_nclose,27.801466666666663,0.0912529785249917,5.0
1692309240000.0,329634,1692309240000.0,0.28684444444444623,-0.009554,304.9409531111113,305.5146420000002,-170.0,0.0562,340.0,0.05451267973856208,long_nclose,18.53431111111111,0.06077999993775111,6.0
1692309300000.0,329635,1692309300000.0,0.19066718954248485,-0.0063506000000000005,305.12526970065375,305.5309914000002,-113.0,0.0562,227.0,0.05451267973856208,long_nclose,12.374378300653593,0.040555075339363415,1.0
1692309480000.0,329638,1692309480000.0,0.1501715032679748,-0.005001800000000001,305.2704394039217,305.4756896000002,-89.0,0.0562,138.0,0.05451267973856208,long_nclose,7.522749803921567,0.024642902924405866,3.0
1692310800000.0,329660,1692310800000.0,0.23285019607843283,-0.0077556000000000005,305.4955340000002,305.4955340000002,-138.0,0.0562,0.0,0.05451267973856208,long_nclose,0.0,0.0,22.0
1699546320000.0,450252,1699546320000.0,0.0,-0.0077816000000000005,305.4877524000002,305.2959524000002,137.0,0.0568,137.0,0.0568,long_ientry_normal,7.7816,0.02547270697062484,120592.0
1699546380000.0,450253,1699546380000.0,0.0,-0.0103037,305.4774487000002,305.4389487000002,187.0,0.0551,324.0,0.05581882716049383,long_rentry,18.0853,0.05920338825980246,1.0
1699546680000.0,450258,1699546680000.0,0.1923666666666664,-0.006220799999999999,305.66359456666686,306.1347279000002,-108.0,0.0576,216.0,0.05581882716049383,long_nclose,12.056866666666666,0.03944488935216326,5.0
1699546680000.0,450258,1699546680000.0,0.2247666666666666,-0.0062531999999999996,305.8821080333335,306.1176747000002,-108.0,0.0579,108.0,0.05581882716049383,long_nclose,6.028433333333333,0.01970835552328672,0.0
1699546800000.0,450260,1699546800000.0,0.1923666666666664,-0.006220799999999999,306.0682539000002,306.0682539000002,-108.0,0.0576,0.0,0.05581882716049383,long_nclose,0.0,0.0,2.0
1699547760000.0,450276,1699547760000.0,0.0,-0.007797000000000001,306.0604569000002,306.0880569000002,138.0,0.0565,138.0,0.0565,long_ientry_normal,7.797000000000001,0.025475358950233586,16.0
1699548780000.0,450293,1699548780000.0,0.24839999999999945,-0.0080454,306.3008115000002,306.3008115000002,-138.0,0.0583,0.0,0.0565,long_nclose,0.0,0.0,17.0
1702260720000.0,495492,1702260720000.0,0.0,-0.0077616,306.2930499000002,306.2706499000002,112.0,0.0693,112.0,0.0693,long_ientry_normal,7.7616,0.02534043786672286,45199.0
1702260780000.0,495493,1702260780000.0,0.0,-0.0102816,306.2827683000002,306.28606830000024,153.0,0.0672,265.0,0.06808754716981133,long_rentry,18.043200000000002,0.05891026811644496,1.0
1702261260000.0,495501,1702261260000.0,0.18589584905660284,-0.0061776,306.4624865490568,306.8363907000002,-88.0,0.0702,177.0,0.06808754716981133,long_nclose,12.051495849056606,0.039324538493318885,8.0
1702261320000.0,495502,1702261320000.0,0.15209660377358414,-0.0050544000000000006,306.6095287528304,306.8523363000002,-72.0,0.0702,105.0,0.06808754716981133,long_nclose,7.14919245283019,0.023316928478740874,1.0
1702261440000.0,495504,1702261440000.0,0.2638075471698099,-0.0074129999999999995,306.8659233000002,306.8659233000002,-105.0,0.0706,0.0,0.06808754716981133,long_nclose,0.0,0.0,2.0
