timestamp,trade_id,timestamp,pnl,fee_paid,balance,equity,qty,price,psize,pprice,type,pcost,wallet_exposure,mins_since_prev_fill
1704080580000.0,223,1704080580000.0,0.0,-0.00911172,999.99088828,999.95868828,0.02,2277.93,0.02,2277.93,long_ientry_normal,45.5586,0.045559015120989255,
1704101940000.0,579,1704101940000.0,0.21140000000000328,-0.0045981400000000006,1000.1976901400001,1000.4231901400001,-0.01,2299.07,0.01,2277.93,long_nclose,22.7793,0.02277479764706468,356.0
1704102120000.0,582,1704102120000.0,0.21140000000000328,-0.0045981400000000006,1000.4044920000001,1000.4044920000001,-0.01,2299.07,0.0,2277.93,long_nclose,0.0,0.0,3.0
1704195540000.0,2139,1704195540000.0,0.0,-0.009560840000000001,1000.3949311600002,1000.4089311600002,0.02,2390.21,0.02,2390.21,long_ientry_normal,47.8042,0.047785328084948425,1557.0
1704206820000.0,2327,1704206820000.0,0.0,-0.00948792,1000.3854432400002,1000.1520432400002,0.02,2371.98,0.04,2381.0950000000003,long_rentry,95.24380000000001,0.09520710306572332,188.0
1704207000000.0,2330,1704207000000.0,0.0,-0.00943176,1000.3760114800002,999.9238114800002,0.02,2357.94,0.06,2373.376666666667,long_rentry,142.4026,0.14234907511358988,3.0
1704229440000.0,2704,1704229440000.0,0.0,-0.01407216,1000.3619393200003,999.8671393200003,0.03,2345.36,0.09,2364.0377777777776,long_rentry,212.76339999999996,0.21268642042161928,374.0
1704247860000.0,3011,1704247860000.0,0.21942222222222427,-0.0047719600000000004,1000.5765895822225,1002.1783673600003,-0.01,2385.98,0.08,2364.0377777777776,long_nclose,189.1230222222222,0.18901403869661593,307.0
1704274740000.0,3459,1704274740000.0,0.21942222222222427,-0.0047719600000000004,1000.7912398444447,1002.3278954000002,-0.01,2385.98,0.07,2364.0377777777776,long_nclose,165.48264444444445,0.1653518115028323,448.0
1704281040000.0,3564,1704281040000.0,0.0,-0.01866984,1000.7725700044447,999.0778255600002,0.04,2333.73,0.11,2353.016767676768,long_rentry,258.83184444444447,0.2586320330934879,105.0
1704282900000.0,3595,1704282900000.0,0.0,-0.0277578,1000.7448122044447,995.3173677600003,0.06,2313.15,0.17,2338.9461437908494,long_rentry,397.62084444444446,0.39732491200085635,31.0
1704283260000.0,3601,1704283260000.0,0.0,-0.04112982,1000.7036823844446,977.1453379400002,0.09,2284.99,0.26,2320.269017094017,long_rentry,603.2699444444444,0.6028457325219311,6.0
1704283260000.0,3601,1704283260000.0,0.0,-0.08084448,1000.6228379044446,974.1808934600002,0.18,2245.68,0.44,2289.755328282828,long_rentry,1007.4923444444444,1.0068652306141506,0.0
1704297360000.0,3836,1704297360000.0,-0.5080532828282821,-0.0044779,1000.1103067216163,978.5564155600003,-0.01,2238.95,0.43,2289.755328282828,unstuck_close_long,984.5947911616161,0.98448619571689,235.0
1704379440000.0,5204,1704379440000.0,-0.3537532828282792,-0.0045087600000000005,999.752044678788,984.3526068000003,-0.01,2254.38,0.42,2289.755328282828,unstuck_close_long,961.6972378787877,0.9619357549678961,1368.0
1704488040000.0,7014,1704488040000.0,-0.35915328282827885,-0.004507680000000001,999.3883837159598,984.9582991200002,-0.01,2253.84,0.41,2289.755328282828,unstuck_close_long,938.7996845959594,0.9393742211664324,1810.0
1704682260000.0,10251,1704682260000.0,0.0,-0.01309266,999.3752910559598,955.5487064600003,0.03,2182.11,0.44,2282.415874081726,long_rentry,1004.2629845959594,1.0048907488345395,3237.0
1704694860000.0,10461,1704694860000.0,-0.6982587408172595,-0.004425180000000001,998.6726071351426,968.8108812800003,-0.01,2212.59,0.43,2282.415874081726,unstuck_close_long,981.4388258551422,0.9827433123158967,210.0
1704736560000.0,11156,1704736560000.0,1.4828888142791676,-0.032250400000000005,1000.1232455494218,1008.4731308800004,-0.07,2303.6,0.36,2282.415874081726,long_nclose,821.6697146694214,0.8215684600131795,695.0
1704738660000.0,11191,1704738660000.0,2.799588814279164,-0.032513740000000006,1002.890320623701,1014.5930171400004,-0.07,2322.41,0.29,2282.415874081726,long_nclose,661.9006034837005,0.6599930120694177,35.0
1704739080000.0,11198,1704739080000.0,4.116988814279176,-0.03277722000000001,1006.9745322179801,1018.5430399200004,-0.07,2341.23,0.22,2282.415874081726,long_nclose,502.1314922979797,0.49865361658350577,7.0
1704741180000.0,11233,1704741180000.0,2.9407062959136967,-0.023412300000000004,1009.8918262138939,1019.8528276200004,-0.05,2341.23,0.17,2282.415874081726,long_nclose,388.01069859389344,0.38421015847663,35.0
1704741240000.0,11234,1704741240000.0,2.352565036730957,-0.01872984,1012.2256614106249,1020.0313977800005,-0.04,2341.23,0.13,2282.415874081726,long_nclose,296.7140636306244,0.29313035120758296,1.0
1704741360000.0,11236,1704741360000.0,1.7644237775482179,-0.014047379999999998,1013.9760378081731,1019.9474504000005,-0.03,2341.23,0.1,2282.415874081726,long_nclose,228.24158740817262,0.22509564220229827,2.0
1704741600000.0,11240,1704741600000.0,1.1762825183654786,-0.00936492,1015.1429554065386,1019.9416854800005,-0.02,2341.23,0.08,2282.415874081726,long_nclose,182.59326992653808,0.17986951389857617,4.0
1704742140000.0,11249,1704742140000.0,1.1762825183654786,-0.00936492,1016.309873004904,1020.0517205600005,-0.02,2341.23,0.06,2282.415874081726,long_nclose,136.94495244490355,0.13474724203947858,9.0
1704746940000.0,11329,1704746940000.0,0.5881412591827393,-0.00468246,1016.8933318040868,1019.8290381000005,-0.01,2341.23,0.05,2282.415874081726,long_nclose,114.12079370408631,0.11222494054673639,80.0
1704747000000.0,11330,1704747000000.0,0.5881412591827393,-0.00468246,1017.4767906032695,1019.8661556400004,-0.01,2341.23,0.04,2282.415874081726,long_nclose,91.29663496326904,0.08972846929426134,1.0
1704747480000.0,11338,1704747480000.0,0.5881412591827393,-0.00468246,1018.0602494024522,1019.7097731800004,-0.01,2341.23,0.03,2282.415874081726,long_nclose,68.47247622245177,0.06725778387147668,8.0
1704748920000.0,11362,1704748920000.0,0.5881412591827393,-0.00468246,1018.6437082016349,1019.8251907200004,-0.01,2341.23,0.02,2282.415874081726,long_nclose,45.64831748163452,0.04481283996955557,24.0
1704749640000.0,11374,1704749640000.0,0.5881412591827393,-0.00468246,1019.2271670008176,1019.8210082600004,-0.01,2341.23,0.01,2282.415874081726,long_nclose,22.82415874081726,0.02239359338112987,12.0
1704750540000.0,11389,1704750540000.0,0.5881412591827393,-0.00468246,1019.8106258000004,1019.8106258000004,-0.01,2341.23,0.0,2282.415874081726,long_nclose,0.0,0.0,15.0
1704760080000.0,11548,1704760080000.0,0.0,-0.0092684,1019.8013574000004,1019.8257574000004,0.02,2317.1,0.02,2317.1,long_ientry_normal,46.342,0.04544218309156761,159.0
1704760620000.0,11557,1704760620000.0,0.0,-0.00919868,1019.7921587200003,1019.3091587200003,0.02,2299.67,0.04,2308.385,long_rentry,92.3354,0.09054335161381852,9.0
1704792060000.0,12081,1704792060000.0,0.0,-0.00914568,1019.7830130400004,1019.1384130400004,0.02,2286.42,0.06,2301.0633333333335,long_rentry,138.06380000000001,0.1353854675304192,524.0
1704804960000.0,12296,1704804960000.0,0.0,-0.013647659999999999,1019.7693653800004,1015.1473653800003,0.03,2274.61,0.09,2292.2455555555557,long_rentry,206.3021,0.20230270392867203,215.0
1704804960000.0,12296,1704804960000.0,0.0,-0.022591100000000003,1019.7467742800004,1014.2137742800004,0.05,2259.11,0.14,2280.4114285714286,long_rentry,319.2576,0.3130753713101119,0.0
1704804960000.0,12296,1704804960000.0,0.0,-0.03130806,1019.7154662200004,1014.5044662200003,0.07,2236.29,0.21,2265.704285714286,long_rentry,475.7979,0.4665986893027551,0.0
1704834720000.0,12792,1704834720000.0,0.631071428571413,-0.01372044,1020.3328172085718,1024.5260457800002,-0.03,2286.74,0.18,2265.704285714286,long_nclose,407.8267714285715,0.39969974948400133,496.0
1704834900000.0,12795,1704834900000.0,1.1911714285714152,-0.013832459999999998,1021.5101561771432,1021.1615133200004,-0.03,2305.41,0.15,2265.704285714286,long_nclose,339.85564285714287,0.3326992304501449,3.0
1704835320000.0,12802,1704835320000.0,0.4207142857142753,-0.00914696,1021.9217235028576,1024.9748663600005,-0.02,2286.74,0.13,2265.704285714286,long_nclose,294.5415571428572,0.2882232076770541,7.0
1704835380000.0,12803,1704835380000.0,0.7941142857142768,-0.00922164,1022.7066161485719,1028.3843447200004,-0.02,2305.41,0.11,2265.704285714286,long_nclose,249.22747142857148,0.24369400519490272,1.0
1704835380000.0,12803,1704835380000.0,1.1677142857142826,-0.009296360000000002,1023.8650340742862,1028.5104483600005,-0.02,2324.09,0.09,2265.704285714286,long_nclose,203.91338571428574,0.19916041560951564,0.0
1704835440000.0,12804,1704835440000.0,1.1677142857142826,-0.009296360000000002,1025.0234520000004,1027.9344520000004,-0.02,2324.09,0.07,2265.704285714286,long_nclose,158.59930000000003,0.1547274842254048,1.0
1704835620000.0,12807,1704835620000.0,0.21035714285713766,-0.00457348,1025.2292356628575,1026.0665785200003,-0.01,2286.74,0.06,2265.704285714286,long_nclose,135.94225714285716,0.1325969377521353,3.0
1704835680000.0,12808,1704835680000.0,0.21035714285713766,-0.00457348,1025.4350193257146,1026.3638050400004,-0.01,2286.74,0.05,2265.704285714286,long_nclose,113.2852142857143,0.11047527356751105,1.0
1704835740000.0,12809,1704835740000.0,0.21035714285713766,-0.00457348,1025.6408029885717,1026.6274315600003,-0.01,2286.74,0.04,2265.704285714286,long_nclose,90.62817142857145,0.08836248632512847,1.0
1704836160000.0,12816,1704836160000.0,0.21035714285713766,-0.00457348,1025.8465866514289,1026.6192580800002,-0.01,2286.74,0.03,2265.704285714286,long_nclose,67.97112857142858,0.06625857068287386,7.0
1704836340000.0,12819,1704836340000.0,0.3970571428571384,-0.00461082,1026.2390329742861,1027.3731472600005,-0.01,2305.41,0.02,2265.704285714286,long_nclose,45.314085714285724,0.044155488398209396,3.0
1704836460000.0,12821,1704836460000.0,0.5838571428571413,-0.004648180000000001,1026.8182419371433,1027.4673990800004,-0.01,2324.09,0.01,2265.704285714286,long_nclose,22.657042857142862,0.022065290556583055,2.0
1704836580000.0,12823,1704836580000.0,0.770557142857142,-0.00468552,1027.5841135600003,1027.5841135600003,-0.01,2342.76,0.0,2265.704285714286,long_nclose,0.0,0.0,2.0
1704854460000.0,13121,1704854460000.0,0.0,-0.00940584,1027.5747077200003,1027.5841077200002,0.02,2351.46,0.02,2351.46,long_ientry_normal,47.0292,0.04576718329740634,298.0
1704861360000.0,13236,1704861360000.0,0.21829999999999927,-0.00474658,1027.7882611400003,1028.0097611400004,-0.01,2373.29,0.01,2351.46,long_nclose,23.5146,0.022878836905490748,115.0
1704861540000.0,13239,1704861540000.0,0.21829999999999927,-0.00474658,1028.0018145600002,1028.0018145600002,-0.01,2373.29,0.0,2351.46,long_nclose,0.0,0.0,3.0
1704887580000.0,13673,1704887580000.0,0.0,-0.00955332,1027.9922612400003,1028.0736612400003,0.02,2388.33,0.02,2388.33,long_ientry_normal,47.7666,0.04646591399665037,434.0
1704888120000.0,13682,1704888120000.0,0.22170000000000073,-0.004821000000000001,1028.2091402400004,1028.4537402400003,-0.01,2410.5,0.01,2388.33,long_nclose,23.8833,0.023228056496779687,9.0
1704888360000.0,13686,1704888360000.0,0.22170000000000073,-0.004821000000000001,1028.4260192400004,1028.4260192400004,-0.01,2410.5,0.0,2388.33,long_nclose,0.0,0.0,4.0
1704889020000.0,13697,1704889020000.0,0.0,-0.00955328,1028.4164659600003,1028.5868659600003,0.02,2388.32,0.02,2388.32,long_ientry_normal,47.766400000000004,0.046446553104739816,11.0
1704889680000.0,13708,1704889680000.0,0.0,-0.00948096,1028.4069850000003,1028.3377850000004,0.02,2370.24,0.04,2379.2799999999997,long_rentry,95.17119999999998,0.09254235082815969,11.0
1704890880000.0,13728,1704890880000.0,0.0,-0.00942572,1028.3975592800002,1027.7547592800001,0.02,2356.43,0.06,2371.6633333333334,long_rentry,142.2998,0.13837041785632656,20.0
1704890880000.0,13728,1704890880000.0,0.0,-0.01406448,1028.3834948000003,1028.2467948000003,0.03,2344.08,0.09,2362.4688888888886,long_rentry,212.62219999999996,0.20675380446605734,0.0
1704891960000.0,13746,1704891960000.0,0.2193111111111148,-0.0047688,1028.5980371111116,1030.2981260000004,-0.01,2384.4,0.08,2362.4688888888886,long_nclose,188.9975111111111,0.18374282692773128,18.0
1704892260000.0,13751,1704892260000.0,0.2193111111111148,-0.0047688,1028.8125794222228,1030.3337572000007,-0.01,2384.4,0.07,2362.4688888888886,long_nclose,165.37282222222223,0.1607414465276999,5.0
1704892320000.0,13752,1704892320000.0,0.2193111111111148,-0.0047688,1029.027121733334,1030.5385884000007,-0.01,2384.4,0.06,2362.4688888888886,long_nclose,141.7481333333333,0.13774965726322852,1.0
1704893100000.0,13765,1704893100000.0,0.2193111111111148,-0.0047688,1029.2416640444453,1030.4247196000008,-0.01,2384.4,0.05,2362.4688888888886,long_nclose,118.12344444444443,0.1147674531365877,13.0
1704893460000.0,13771,1704893460000.0,0.2193111111111148,-0.0047688,1029.4562063555566,1030.255850800001,-0.01,2384.4,0.04,2362.4688888888886,long_nclose,94.49875555555555,0.09179482815504761,6.0
1704894300000.0,13785,1704894300000.0,0.2193111111111148,-0.0047688,1029.6707486666678,1030.4231820000011,-0.01,2384.4,0.03,2362.4688888888886,long_nclose,70.87406666666665,0.06883177633087302,14.0
1704896160000.0,13816,1704896160000.0,0.2193111111111148,-0.0047688,1029.885290977779,1030.3219132000013,-0.01,2384.4,0.02,2362.4688888888886,long_nclose,47.249377777777774,0.04587829168131816,31.0
1704896220000.0,13817,1704896220000.0,0.2193111111111148,-0.0047688,1030.0998332888903,1030.3454444000015,-0.01,2384.4,0.01,2362.4688888888886,long_nclose,23.624688888888887,0.02293436822862136,1.0
1704898380000.0,13853,1704898380000.0,0.2193111111111148,-0.0047688,1030.3143756000015,1030.3143756000015,-0.01,2384.4,0.0,2362.4688888888886,long_nclose,0.0,0.0,36.0
1704906060000.0,13981,1704906060000.0,0.0,-0.009612800000000001,1030.3047628000015,1030.4053628000015,0.02,2403.2,0.02,2403.2,long_ientry_normal,48.064,0.04665027449681894,128.0
1704907440000.0,14004,1704907440000.0,0.22310000000000402,-0.004851020000000001,1030.5230117800015,1030.7168117800015,-0.01,2425.51,0.01,2403.2,long_nclose,24.032,0.02332019734182356,23.0
1704908160000.0,14016,1704908160000.0,0.22310000000000402,-0.004851020000000001,1030.7412607600015,1030.7412607600015,-0.01,2425.51,0.0,2403.2,long_nclose,0.0,0.0,12.0
1704917460000.0,14171,1704917460000.0,0.0,-0.0097268,1030.7315339600016,1030.7069339600016,0.02,2431.7,0.02,2431.7,long_ientry_normal,48.634,0.04718396439580288,155.0
1704917520000.0,14172,1704917520000.0,0.0,-0.009652879999999999,1030.7218810800016,1031.1678810800015,0.02,2413.22,0.04,2422.46,long_rentry,96.89840000000001,0.09401022892661288,1.0
1704917580000.0,14173,1704917580000.0,0.22489999999999782,-0.0048899,1030.9418911800014,1031.6429911800014,-0.01,2444.95,0.03,2422.46,long_nclose,72.6738,0.07049262487221138,1.0
1704917700000.0,14175,1704917700000.0,0.22489999999999782,-0.0048899,1031.1619012800013,1031.8001012800014,-0.01,2444.95,0.02,2422.46,long_nclose,48.449200000000005,0.046985056313522705,2.0
1704918060000.0,14181,1704918060000.0,0.22489999999999782,-0.0048899,1031.3819113800012,1031.586011380001,-0.01,2444.95,0.01,2422.46,long_nclose,24.224600000000002,0.02348751682835624,6.0
1704918120000.0,14182,1704918120000.0,0.22489999999999782,-0.0048899,1031.601921480001,1031.601921480001,-0.01,2444.95,0.0,2422.46,long_nclose,0.0,0.0,1.0
1704918180000.0,14183,1704918180000.0,0.0,-0.0097254,1031.592196080001,1031.711996080001,0.02,2431.35,0.02,2431.35,long_ientry_normal,48.627,0.04713781296987335,1.0
1704918480000.0,14188,1704918480000.0,0.22570000000000165,-0.00490784,1031.812988240001,1032.037088240001,-0.01,2453.92,0.01,2431.35,long_nclose,24.3135,0.02356386310030113,5.0
1704918540000.0,14189,1704918540000.0,0.22570000000000165,-0.00490784,1032.033780400001,1032.033780400001,-0.01,2453.92,0.0,2431.35,long_nclose,0.0,0.0,1.0
1704951540000.0,14739,1704951540000.0,0.0,-0.01033748,1032.023442920001,1032.126642920001,0.02,2584.37,0.02,2584.37,long_ientry_normal,51.6874,0.050083552224120004,550.0
1704961440000.0,14904,1704961440000.0,0.23990000000000236,-0.00521672,1032.258126200001,1032.484926200001,-0.01,2608.36,0.01,2584.37,long_nclose,25.8437,0.025036082878937545,165.0
1704961500000.0,14905,1704961500000.0,0.23990000000000236,-0.00521672,1032.4928094800011,1032.4928094800011,-0.01,2608.36,0.0,2584.37,long_nclose,0.0,0.0,1.0
1704979920000.0,15212,1704979920000.0,0.0,-0.01050096,1032.4823085200012,1032.6913085200013,0.02,2625.24,0.02,2625.24,long_ientry_normal,52.504799999999996,0.05085297788323593,307.0
1704980100000.0,15215,1704980100000.0,0.24370000000000347,-0.00529922,1032.720709300001,1032.974509300001,-0.01,2649.61,0.01,2625.24,long_nclose,26.252399999999998,0.02542061930547941,3.0
1704981900000.0,15245,1704981900000.0,0.24370000000000347,-0.00529922,1032.959110080001,1032.959110080001,-0.01,2649.61,0.0,2625.24,long_nclose,0.0,0.0,30.0
1704982980000.0,15263,1704982980000.0,0.0,-0.01049496,1032.948615120001,1032.9826151200011,0.02,2623.74,0.02,2623.74,long_ientry_normal,52.474799999999995,0.05080097812407041,18.0
1704984060000.0,15281,1704984060000.0,0.24350000000000363,-0.005296180000000001,1033.186818940001,1033.4194189400012,-0.01,2648.09,0.01,2623.74,long_nclose,26.237399999999997,0.025394632915389185,18.0
1704984120000.0,15282,1704984120000.0,0.24350000000000363,-0.005296180000000001,1033.4250227600012,1033.4250227600012,-0.01,2648.09,0.0,2623.74,long_nclose,0.0,0.0,1.0
1704987360000.0,15336,1704987360000.0,0.0,-0.010533,1033.4144897600013,1033.4268897600014,0.02,2633.25,0.02,2633.25,long_ientry_normal,52.665,0.05096212654443315,54.0
1704987720000.0,15342,1704987720000.0,0.0,-0.010451160000000001,1033.4040386000013,1032.9972386000013,0.02,2612.79,0.04,2623.02,long_rentry,104.9208,0.10152931097708975,6.0
1704988200000.0,15350,1704988200000.0,0.0,-0.010387160000000001,1033.3936514400013,1032.6984514400012,0.02,2596.79,0.06,2614.276666666667,long_rentry,156.85660000000001,0.15178784946223087,8.0
1704989640000.0,15374,1704989640000.0,0.0,-0.01549398,1033.3781574600014,1031.5072574600015,0.03,2582.33,0.09,2603.6277777777777,long_rentry,234.32649999999998,0.22675774430530285,24.0
1705003560000.0,15606,1705003560000.0,0.24162222222222227,-0.00525558,1033.6145241022236,1035.5539018800014,-0.01,2627.79,0.08,2603.6277777777777,long_nclose,208.2902222222222,0.20151634614765,232.0
1705004340000.0,15619,1705004340000.0,0.24162222222222227,-0.00525558,1033.850890744446,1035.5646463000014,-0.01,2627.79,0.07,2603.6277777777777,long_nclose,182.25394444444447,0.17628648974051636,13.0
1705057320000.0,16502,1705057320000.0,0.24162222222222227,-0.00525558,1034.0872573866682,1035.5495907200016,-0.01,2627.79,0.06,2603.6277777777777,long_nclose,156.21766666666664,0.15106816716943006,883.0
1705058460000.0,16521,1705058460000.0,0.24162222222222227,-0.00525558,1034.3236240288904,1035.6417351400016,-0.01,2627.79,0.05,2603.6277777777777,long_nclose,130.1813888888889,0.125861370527154,19.0
1705058820000.0,16527,1705058820000.0,0.45622222222222264,-0.0052985,1034.7745477511128,1036.8578366400018,-0.01,2649.25,0.04,2603.6277777777777,long_nclose,104.1451111111111,0.10064521913246789,6.0
1705060020000.0,16547,1705060020000.0,0.45622222222222264,-0.0052985,1035.2254714733351,1036.5623381400019,-0.01,2649.25,0.03,2603.6277777777777,long_nclose,78.10883333333332,0.07545103505052736,20.0
1705060080000.0,16548,1705060080000.0,0.45622222222222264,-0.0052985,1035.6763951955575,1036.635839640002,-0.01,2649.25,0.02,2603.6277777777777,long_nclose,52.07255555555555,0.050278789588250834,1.0
1705060440000.0,16554,1705060440000.0,0.45622222222222264,-0.0052985,1036.1273189177798,1036.621041140002,-0.01,2649.25,0.01,2603.6277777777777,long_nclose,26.036277777777777,0.02512845410250576,6.0
1705060680000.0,16558,1705060680000.0,0.45622222222222264,-0.0052985,1036.5782426400021,1036.5782426400021,-0.01,2649.25,0.0,2603.6277777777777,long_nclose,0.0,0.0,4.0
1705073100000.0,16765,1705073100000.0,0.0,-0.010641240000000001,1036.567601400002,1036.589601400002,0.02,2660.31,0.02,2660.31,long_ientry_normal,53.2062,0.05132921377065904,207.0
1705074960000.0,16796,1705074960000.0,0.0,-0.0105584,1036.557043000002,1036.126843000002,0.02,2639.6,0.04,2649.955,long_rentry,105.9982,0.10225988112841349,31.0
1705075740000.0,16809,1705075740000.0,0.24595000000000256,-0.005349100000000001,1036.797643900002,1037.548993900002,-0.01,2674.55,0.03,2649.955,long_nclose,79.49865,0.07667711290407558,13.0
1705076640000.0,16824,1705076640000.0,0.24595000000000256,-0.005349100000000001,1037.0382448000018,1037.515144800002,-0.01,2674.55,0.02,2649.955,long_nclose,52.9991,0.051106215480241184,15.0
1705076700000.0,16825,1705076700000.0,0.24595000000000256,-0.005349100000000001,1037.2788457000017,1037.5387957000016,-0.01,2674.55,0.01,2649.955,long_nclose,26.49955,0.025547180596473967,1.0
1705077120000.0,16832,1705077120000.0,0.24595000000000256,-0.005349100000000001,1037.5194466000016,1037.5194466000016,-0.01,2674.55,0.0,2649.955,long_nclose,0.0,0.0,7.0
1705077480000.0,16838,1705077480000.0,0.0,-0.01060492,1037.5088416800015,1037.5164416800014,0.02,2651.23,0.02,2651.23,long_ientry_normal,53.0246,0.05110761264852368,6.0
1705078320000.0,16852,1705078320000.0,0.0,-0.01052248,1037.4983192000016,1037.0809192000015,0.02,2630.62,0.04,2640.925,long_rentry,105.63700000000001,0.10181896013234511,14.0
1705078380000.0,16853,1705078380000.0,0.0,-0.01045792,1037.4878612800017,1036.6826612800016,0.02,2614.48,0.06,2632.1100000000006,long_rentry,157.92660000000004,0.1522201906103826,1.0
1705079880000.0,16878,1705079880000.0,0.0,-0.015599339999999998,1037.4722619400015,1035.1124619400016,0.03,2599.89,0.09,2621.37,long_rentry,235.92329999999998,0.22740203150958435,25.0
1705080060000.0,16881,1705080060000.0,0.0,-0.0258058,1037.4464561400016,1034.2205561400017,0.05,2580.58,0.14,2606.8021428571424,long_rentry,364.9523,0.35177940783360323,3.0
1705093440000.0,17104,1705093440000.0,0.0,-0.03572674,1037.4107294000016,1031.5381294000017,0.07,2551.91,0.21,2588.504761904762,long_rentry,543.586,0.5239833988553302,223.0
1705095660000.0,17141,1705095660000.0,0.0,-0.05531482,1037.3554145800017,1021.3553145800017,0.11,2514.31,0.32,2563.0003125,long_rentry,820.1600999999999,0.7906259402251845,37.0
1705098480000.0,17188,1705098480000.0,0.0,-0.044268300000000003,1037.3111462800016,1005.9757462800018,0.09,2459.35,0.41,2540.2478048780486,long_rentry,1041.5015999999998,1.0040397268794672,47.0
1705114200000.0,17450,1705114200000.0,0.1009219512195159,-0.005100680000000001,1037.4069675512212,1040.5838456000017,-0.01,2550.34,0.4,2540.2478048780486,unstuck_close_long,1016.0991219512194,0.9794604757183205,262.0
1705160040000.0,18214,1705160040000.0,1.4149317073170822,-0.03076596,1038.7911332985382,1046.9314796400017,-0.06,2563.83,0.34,2540.2478048780486,long_nclose,863.6842536585366,0.8314320617235403,764.0
1705160280000.0,18218,1705160280000.0,1.1791097560975687,-0.0256383,1039.9446047546357,1047.0096413400017,-0.05,2563.83,0.29,2540.2478048780486,long_nclose,736.671863414634,0.7083760616157475,4.0
1705160460000.0,18221,1705160460000.0,0.9432878048780549,-0.02051064,1040.8673819195137,1046.4879307000015,-0.04,2563.83,0.25,2540.2478048780486,long_nclose,635.0619512195121,0.6101276322525967,3.0
1705161420000.0,18237,1705161420000.0,0.9432878048780549,-0.02051064,1041.7901590843917,1047.0217200600014,-0.04,2563.83,0.21,2540.2478048780486,long_nclose,533.4520390243902,0.5120532521570662,16.0
1705161840000.0,18244,1705161840000.0,0.7074658536585411,-0.01538298,1042.4822419580503,1045.9170370800016,-0.03,2563.83,0.18,2540.2478048780486,long_nclose,457.24460487804873,0.43861140888042904,7.0
1705162380000.0,18253,1705162380000.0,0.7074658536585411,-0.01538298,1043.1743248317089,1046.4266541000015,-0.03,2563.83,0.15,2540.2478048780486,long_nclose,381.03717073170725,0.36526701401817807,9.0
1705162440000.0,18254,1705162440000.0,0.47164390243902743,-0.01025532,1043.6357134141479,1046.3867987800015,-0.02,2563.83,0.13,2540.2478048780486,long_nclose,330.2322146341463,0.3164247930475906,1.0
1705163040000.0,18264,1705163040000.0,0.47164390243902743,-0.01025532,1044.0971019965868,1046.7769434600016,-0.02,2563.83,0.11,2540.2478048780486,long_nclose,279.4272585365853,0.26762573902585046,10.0
1705163160000.0,18266,1705163160000.0,0.23582195121951371,-0.00512766,1044.3277962878064,1046.6870158000015,-0.01,2563.83,0.1,2540.2478048780486,long_nclose,254.02478048780486,0.24324238174141075,2.0
1705163340000.0,18269,1705163340000.0,0.23582195121951371,-0.00512766,1044.558490579026,1046.7951881400018,-0.01,2563.83,0.09,2540.2478048780486,long_nclose,228.62230243902437,0.21886979475155388,3.0
1705164300000.0,18285,1705164300000.0,0.23582195121951371,-0.00512766,1044.7891848702457,1046.7757604800017,-0.01,2563.83,0.08,2540.2478048780486,long_nclose,203.2198243902439,0.19450797092188712,16.0
1705165980000.0,18313,1705165980000.0,0.23582195121951371,-0.00512766,1045.0198791614653,1046.659432820002,-0.01,2563.83,0.07,2540.2478048780486,long_nclose,177.8173463414634,0.17015690312431747,28.0
1705166040000.0,18314,1705166040000.0,0.23582195121951371,-0.00512766,1045.2505734526849,1046.675705160002,-0.01,2563.83,0.06,2540.2478048780486,long_nclose,152.4148682926829,0.1458165842370449,1.0
1705166280000.0,18318,1705166280000.0,0.23582195121951371,-0.00512766,1045.4812677439045,1046.618377500002,-0.01,2563.83,0.05,2540.2478048780486,long_nclose,127.01239024390243,0.12148700714455528,4.0
1705166400000.0,18320,1705166400000.0,0.23582195121951371,-0.00512766,1045.711962035124,1046.7168498400022,-0.01,2563.83,0.04,2540.2478048780486,long_nclose,101.60991219512195,0.09716816473761349,2.0
1705166640000.0,18324,1705166640000.0,0.23582195121951371,-0.00512766,1045.9426563263437,1046.6747221800022,-0.01,2563.83,0.03,2540.2478048780486,long_nclose,76.20743414634146,0.07286004991325647,4.0
1705166880000.0,18328,1705166880000.0,0.23582195121951371,-0.00512766,1046.1733506175633,1046.5987945200022,-0.01,2563.83,0.02,2540.2478048780486,long_nclose,50.804956097560975,0.048562655574786395,4.0
1705167000000.0,18330,1705167000000.0,0.23582195121951371,-0.00512766,1046.404044908783,1046.6200668600025,-0.01,2563.83,0.01,2540.2478048780486,long_nclose,25.402478048780488,0.024275974631763654,2.0
1705167180000.0,18333,1705167180000.0,0.23582195121951371,-0.00512766,1046.6347392000025,1046.6347392000025,-0.01,2563.83,0.0,2540.2478048780486,long_nclose,0.0,0.0,3.0
1705259640000.0,19874,1705259640000.0,0.0,-0.01006108,1046.6246781200025,1046.6960781200025,0.02,2515.27,0.02,2515.27,long_ientry_normal,50.3054,0.048064412249824814,1541.0
1705262460000.0,19921,1705262460000.0,0.0,-0.009984200000000002,1046.6146939200025,1046.1754939200025,0.02,2496.05,0.04,2505.66,long_rentry,100.2264,0.09576246213839298,47.0
1705262580000.0,19923,1705262580000.0,0.0,-0.009924959999999998,1046.6047689600025,1046.5363689600026,0.02,2481.24,0.06,2497.52,long_rentry,149.8512,0.14317840358104347,2.0
1705264500000.0,19955,1705264500000.0,0.23179999999999837,-0.0050414,1046.8315275600025,1047.9760275600024,-0.01,2520.7,0.05,2497.52,long_nclose,124.876,0.11928949091843466,32.0
1705264560000.0,19956,1705264560000.0,0.23179999999999837,-0.0050414,1047.0582861600026,1047.8686861600027,-0.01,2520.7,0.04,2497.52,long_nclose,99.9008,0.0954109253710963,1.0
1705264800000.0,19960,1705264800000.0,0.23179999999999837,-0.0050414,1047.2850447600026,1047.9774447600025,-0.01,2520.7,0.03,2497.52,long_nclose,74.9256,0.07154270021794311,4.0
1705264860000.0,19961,1705264860000.0,0.23179999999999837,-0.0050414,1047.5118033600027,1047.9216033600026,-0.01,2520.7,0.02,2497.52,long_nclose,49.9504,0.04768480874370954,1.0
1705265160000.0,19966,1705265160000.0,0.23179999999999837,-0.0050414,1047.7385619600027,1047.9693619600027,-0.01,2520.7,0.01,2497.52,long_nclose,24.9752,0.02383724423894348,5.0
1705265220000.0,19967,1705265220000.0,0.23179999999999837,-0.0050414,1047.9653205600027,1047.9653205600027,-0.01,2520.7,0.0,2497.52,long_nclose,0.0,0.0,1.0
1705273560000.0,20106,1705273560000.0,0.0,-0.0099994,1047.9553211600028,1047.9221211600027,0.02,2499.85,0.02,2499.85,long_ientry_normal,49.997,0.047709095025785374,139.0
1705273800000.0,20110,1705273800000.0,0.0,-0.00992316,1047.9453980000028,1047.5765980000028,0.02,2480.79,0.04,2490.3199999999997,long_rentry,99.6128,0.09505533417114136,4.0
1705282680000.0,20258,1705282680000.0,0.23120000000000346,-0.00502688,1048.1715711200027,1048.7229711200027,-0.01,2513.44,0.03,2490.3199999999997,long_nclose,74.7096,0.0712761174396006,148.0
1705282800000.0,20260,1705282800000.0,0.23120000000000346,-0.00502688,1048.3977442400026,1048.8299442400025,-0.01,2513.44,0.02,2490.3199999999997,long_nclose,49.8064,0.04750716059209505,2.0
1705282980000.0,20263,1705282980000.0,0.23120000000000346,-0.00502688,1048.6239173600025,1048.8485173600025,-0.01,2513.44,0.01,2490.3199999999997,long_nclose,24.9032,0.023748456989895736,3.0
1705288980000.0,20363,1705288980000.0,0.23120000000000346,-0.00502688,1048.8500904800023,1048.8500904800023,-0.01,2513.44,0.0,2490.3199999999997,long_nclose,0.0,0.0,100.0
1705328880000.0,21028,1705328880000.0,0.0,-0.01008092,1048.8400095600023,1048.8634095600023,0.02,2520.23,0.02,2520.23,long_ientry_normal,50.4046,0.04805747257977428,665.0
1705343100000.0,21265,1705343100000.0,0.23389999999999872,-0.00508724,1049.0688223200023,1049.2855223200022,-0.01,2543.62,0.01,2520.23,long_nclose,25.2023,0.02402349537398837,237.0
1705343220000.0,21267,1705343220000.0,0.23389999999999872,-0.00508724,1049.2976350800022,1049.2976350800022,-0.01,2543.62,0.0,2520.23,long_nclose,0.0,0.0,2.0
1705356840000.0,21494,1705356840000.0,0.0,-0.01004556,1049.2875895200023,1049.2963895200023,0.02,2511.39,0.02,2511.39,long_ientry_normal,50.2278,0.04786847810043838,227.0
1705377360000.0,21836,1705377360000.0,0.23309999999999945,-0.0050694,1049.5156201200023,1049.7562201200024,-0.01,2534.7,0.01,2511.39,long_nclose,25.1139,0.023929038804709226,342.0
1705379400000.0,21870,1705379400000.0,0.23309999999999945,-0.0050694,1049.7436507200023,1049.7436507200023,-0.01,2534.7,0.0,2511.39,long_nclose,0.0,0.0,34.0
1705415700000.0,22475,1705415700000.0,0.0,-0.010071680000000001,1049.7335790400023,1049.6849790400022,0.02,2517.92,0.02,2517.92,long_ientry_normal,50.3584,0.047972553232081556,605.0
1705417260000.0,22501,1705417260000.0,0.2336999999999989,-0.005082580000000001,1049.9621964600024,1050.1929964600024,-0.01,2541.29,0.01,2517.92,long_nclose,25.1792,0.023981053874980333,26.0
1705417320000.0,22502,1705417320000.0,0.2336999999999989,-0.005082580000000001,1050.1908138800025,1050.1908138800025,-0.01,2541.29,0.0,2517.92,long_nclose,0.0,0.0,1.0
1705478700000.0,23525,1705478700000.0,0.0,-0.010179280000000002,1050.1806346000023,1050.1726346000023,0.02,2544.82,0.02,2544.82,long_ientry_normal,50.89640000000001,0.048464424426742224,1023.0
1705502700000.0,23925,1705502700000.0,0.2361999999999989,-0.00513688,1050.4116977200024,1050.6694977200025,-0.01,2568.44,0.01,2544.82,long_nclose,25.448200000000003,0.024226881760015844,400.0
1705502880000.0,23928,1705502880000.0,0.2361999999999989,-0.00513688,1050.6427608400024,1050.6427608400024,-0.01,2568.44,0.0,2544.82,long_nclose,0.0,0.0,3.0
1705509960000.0,24046,1705509960000.0,0.0,-0.01011108,1050.6326497600026,1050.6292497600025,0.02,2527.77,0.02,2527.77,long_ientry_normal,50.5554,0.048119007163491864,118.0
1705530120000.0,24382,1705530120000.0,0.0,-0.0100338,1050.6226159600026,1050.3378159600027,0.02,2508.45,0.04,2518.1099999999997,long_rentry,100.72439999999999,0.09587115151520266,336.0
1705566300000.0,24985,1705566300000.0,0.23370000000000346,-0.00508296,1050.8512330000026,1051.5547330000027,-0.01,2541.48,0.03,2518.1099999999997,long_nclose,75.54329999999999,0.07188772076170728,603.0
1705566480000.0,24988,1705566480000.0,0.23370000000000346,-0.00508296,1051.0798500400026,1051.5576500400027,-0.01,2541.48,0.02,2518.1099999999997,long_nclose,50.362199999999994,0.04791472312791771,3.0
1705566660000.0,24991,1705566660000.0,0.23370000000000346,-0.00508296,1051.3084670800026,1051.5418670800027,-0.01,2541.48,0.01,2518.1099999999997,long_nclose,25.181099999999997,0.023952151807490163,3.0
1705566780000.0,24993,1705566780000.0,0.23370000000000346,-0.00508296,1051.5370841200026,1051.5370841200026,-0.01,2541.48,0.0,2518.1099999999997,long_nclose,0.0,0.0,2.0
1705575000000.0,25130,1705575000000.0,0.0,-0.01008088,1051.5270032400026,1051.5186032400027,0.02,2520.22,0.02,2520.22,long_ientry_normal,50.404399999999995,0.0479344798989395,137.0
1705595760000.0,25476,1705595760000.0,0.0,-0.010003920000000001,1051.5169993200027,1051.0053993200027,0.02,2500.98,0.04,2510.6,long_rentry,100.42399999999999,0.0955039243920378,346.0
1705596480000.0,25488,1705596480000.0,0.0,-0.00994464,1051.5070546800027,1050.5492546800028,0.02,2486.16,0.06,2502.4533333333334,long_rentry,150.1472,0.14279238482683615,12.0
1705597920000.0,25512,1705597920000.0,0.0,-0.01483716,1051.4922175200027,1049.9686175200027,0.03,2472.86,0.09,2492.5888888888885,long_rentry,224.33299999999997,0.21334727567370934,24.0
1705607400000.0,25670,1705607400000.0,0.0,-0.024553500000000002,1051.4676640200028,1047.498764020003,0.05,2455.35,0.14,2479.289285714285,long_rentry,347.10049999999995,0.33011048449455394,158.0
1705607820000.0,25677,1705607820000.0,0.0,-0.034012440000000005,1051.4336515800028,1045.6587515800027,0.07,2429.46,0.21,2462.6795238095237,long_rentry,517.1627,0.49186432184556106,7.0
1705658640000.0,26524,1705658640000.0,0.6858142857142866,-0.01491324,1052.1045526257171,1056.2374383400029,-0.03,2485.54,0.18,2462.6795238095237,long_nclose,443.2823142857143,0.4213291475447218,847.0
1705658760000.0,26526,1705658760000.0,0.6858142857142866,-0.01491324,1052.7754536714315,1056.4505251000028,-0.03,2485.54,0.15,2462.6795238095237,long_nclose,369.4019285714285,0.3508838729884729,2.0
1705659120000.0,26532,1705659120000.0,0.4572095238095244,-0.00994216,1053.222721035241,1056.1776829400028,-0.02,2485.54,0.13,2462.6795238095237,long_nclose,320.1483380952381,0.3039702160816999,6.0
1705659180000.0,26533,1705659180000.0,0.4572095238095244,-0.00994216,1053.6699883990505,1056.5553407800028,-0.02,2485.54,0.11,2462.6795238095237,long_nclose,270.8947476190476,0.25709638748527514,1.0
1705660860000.0,26561,1705660860000.0,0.2286047619047622,-0.00497108,1053.8936220809553,1056.188669700003,-0.01,2485.54,0.1,2462.6795238095237,long_nclose,246.26795238095238,0.2336743929569347,28.0
1705661040000.0,26564,1705661040000.0,0.2286047619047622,-0.00497108,1054.1172557628602,1056.225998620003,-0.01,2485.54,0.09,2462.6795238095237,long_nclose,221.64115714285714,0.21026233650112897,3.0
1705664760000.0,26626,1705664760000.0,0.2286047619047622,-0.00497108,1054.340889444765,1056.277727540003,-0.01,2485.54,0.08,2462.6795238095237,long_nclose,197.0143619047619,0.18686021179403678,62.0
1705666560000.0,26656,1705666560000.0,0.2286047619047622,-0.00497108,1054.5645231266699,1056.1843564600033,-0.01,2485.54,0.07,2462.6795238095237,long_nclose,172.3875666666667,0.1634680125172011,30.0
1705666800000.0,26660,1705666800000.0,0.2286047619047622,-0.00497108,1054.7881568085747,1056.2209853800034,-0.01,2485.54,0.06,2462.6795238095237,long_nclose,147.76077142857142,0.1400857323575234,4.0
1705667700000.0,26675,1705667700000.0,0.2286047619047622,-0.00497108,1055.0117904904796,1056.1968143000033,-0.01,2485.54,0.05,2462.6795238095237,long_nclose,123.13397619047619,0.11671336500725804,15.0
1705668000000.0,26680,1705668000000.0,0.2286047619047622,-0.00497108,1055.2354241723845,1056.1894432200036,-0.01,2485.54,0.04,2462.6795238095237,long_nclose,98.50718095238095,0.09335090416400645,5.0
1705669020000.0,26697,1705669020000.0,0.2286047619047622,-0.00497108,1055.4590578542893,1056.1766721400036,-0.01,2485.54,0.03,2462.6795238095237,long_nclose,73.88038571428571,0.06999834353071156,17.0
1705669380000.0,26703,1705669380000.0,0.2286047619047622,-0.00497108,1055.6826915361942,1056.1625010600037,-0.01,2485.54,0.02,2462.6795238095237,long_nclose,49.253590476190475,0.04665567681565215,6.0
1705669800000.0,26710,1705669800000.0,0.2286047619047622,-0.00497108,1055.906325218099,1056.1464299800039,-0.01,2485.54,0.01,2462.6795238095237,long_nclose,24.626795238095237,0.02332289773243714,7.0
1705674060000.0,26781,1705674060000.0,0.2286047619047622,-0.00497108,1056.1299589000039,1056.1299589000039,-0.01,2485.54,0.0,2462.6795238095237,long_nclose,0.0,0.0,71.0
1705676760000.0,26826,1705676760000.0,0.0,-0.009867120000000002,1056.1200917800038,1056.123291780004,0.02,2466.78,0.02,2466.78,long_ientry_normal,49.33560000000001,0.0467140057120293,45.0
1705681380000.0,26903,1705681380000.0,0.0,-0.00979232,1056.1102994600037,1055.9210994600037,0.02,2448.08,0.04,2457.4300000000003,long_rentry,98.29720000000002,0.09307474801662292,77.0
1705682280000.0,26918,1705682280000.0,0.0,-0.009735080000000002,1056.1005643800038,1054.9999643800038,0.02,2433.77,0.06,2449.543333333334,long_rentry,146.97260000000003,0.13916534557131122,15.0
1705682460000.0,26921,1705682460000.0,0.0,-0.01452582,1056.0860385600038,1054.5975385600038,0.03,2420.97,0.09,2440.0188888888893,long_rentry,219.60170000000002,0.20793921326659304,3.0
1705685820000.0,26977,1705685820000.0,0.22651111111110822,-0.00492534,1056.3076243311148,1058.4101132200037,-0.01,2462.67,0.08,2440.0188888888893,long_nclose,195.20151111111113,0.18479608270812065,56.0
1705686240000.0,26984,1705686240000.0,0.22651111111110822,-0.00492534,1056.529210102226,1058.1238878800038,-0.01,2462.67,0.07,2440.0188888888893,long_nclose,170.80132222222227,0.16166265976280594,7.0
1705686480000.0,26988,1705686480000.0,0.22651111111110822,-0.00492534,1056.7507958733372,1058.332462540004,-0.01,2462.67,0.06,2440.0188888888893,long_nclose,146.40113333333335,0.13853893832399922,4.0
1705688820000.0,27027,1705688820000.0,0.4276111111111095,-0.004965560000000001,1057.1734414244484,1059.4209969800038,-0.01,2482.78,0.05,2440.0188888888893,long_nclose,122.00094444444447,0.11540296006685423,39.0
1705689120000.0,27032,1705689120000.0,0.4276111111111095,-0.004965560000000001,1057.5960869755595,1059.316131420004,-0.01,2482.78,0.04,2440.0188888888893,long_nclose,97.60075555555557,0.09228547340286355,5.0
1705689240000.0,27034,1705689240000.0,0.4276111111111095,-0.004965560000000001,1058.0187325266706,1059.345665860004,-0.01,2482.78,0.03,2440.0188888888893,long_nclose,73.20056666666667,0.06918645617157958,2.0
1705690260000.0,27051,1705690260000.0,0.6287111111111062,-0.0050057800000000005,1058.642437857782,1059.862060080004,-0.01,2502.89,0.02,2440.0188888888893,long_nclose,48.80037777777778,0.04609712971315214,17.0
1705690380000.0,27053,1705690380000.0,0.6287111111111062,-0.0050057800000000005,1059.2661431888932,1059.8526543000044,-0.01,2502.89,0.01,2440.0188888888893,long_nclose,24.40018888888889,0.023034993656488215,2.0
1705690500000.0,27055,1705690500000.0,0.6287111111111062,-0.0050057800000000005,1059.8898485200045,1059.8898485200045,-0.01,2502.89,0.0,2440.0188888888893,long_nclose,0.0,0.0,2.0
1705878660000.0,30191,1705878660000.0,0.0,-0.009800640000000001,1059.8800478800044,1060.0012478800045,0.02,2450.16,0.02,2450.16,long_ientry_normal,49.0032,0.04623466598698342,3136.0
1705893180000.0,30433,1705893180000.0,0.0,-0.00972656,1059.8703213200045,1059.5419213200046,0.02,2431.64,0.04,2440.8999999999996,long_rentry,97.63599999999998,0.09212070385969506,242.0
1705899420000.0,30537,1705899420000.0,0.0,-0.009670000000000002,1059.8606513200045,1058.8466513200046,0.02,2417.5,0.06,2433.1,long_rentry,145.986,0.13774074904864292,104.0
1705899600000.0,30540,1705899600000.0,0.0,-0.014429219999999998,1059.8462221000045,1058.2703221000045,0.03,2404.87,0.09,2423.6899999999996,long_rentry,218.13209999999995,0.2058148582799001,3.0
1705917180000.0,30833,1705917180000.0,0.0,-0.023882800000000003,1059.8223393000046,1057.4866393000048,0.05,2388.28,0.14,2411.043571428571,long_rentry,337.54609999999997,0.3184930978365144,293.0
1705919220000.0,30867,1705919220000.0,0.0,-0.03309348000000001,1059.7892458200047,1053.8814458200047,0.07,2363.82,0.21,2395.302380952381,long_rentry,503.0135,0.47463540697735307,34.0
1705951800000.0,31410,1705951800000.0,0.0,-0.05130114,1059.7379446800046,1045.6875446800045,0.11,2331.87,0.32,2373.4975000000004,long_rentry,759.5192000000002,0.7167047323471487,543.0
1705999800000.0,32210,1705999800000.0,0.0,-0.05941676000000001,1059.6785279200046,1035.8705279200044,0.13,2285.26,0.45,2348.006666666667,long_rentry,1056.6030000000003,0.9970976783628511,800.0
1706002140000.0,32249,1706002140000.0,0.0,-0.00892652,1059.6696014000047,1007.3048014000043,0.02,2231.63,0.47,2343.054468085107,long_rentry,1101.2356000000002,1.0392254326679558,39.0
1706022720000.0,32592,1706022720000.0,-1.2240446808510705,-0.0044413000000000005,1058.4411154191537,1001.7486601000044,-0.01,2220.65,0.46,2343.054468085107,unstuck_close_long,1077.8050553191492,1.0182947729617695,343.0
1706206560000.0,35656,1706206560000.0,-1.2802446808510695,-0.00443006,1057.1564406783027,1000.1709300400046,-0.01,2215.03,0.45,2343.054468085107,unstuck_close_long,1054.3745106382983,0.9973684783699379,3064.0
1706206620000.0,35657,1706206620000.0,0.0,-0.00886568,1057.1475749983026,1000.1432643600044,0.02,2216.42,0.47,2337.6657673155282,long_rentry,1098.7029106382981,1.0393089258517783,1.0
1706285160000.0,36966,1706285160000.0,-0.6748576731552839,-0.00454036,1056.4681769651474,1025.3465240000046,-0.01,2270.18,0.46,2337.6657673155282,unstuck_close_long,1075.326252965143,1.0178501126784227,1309.0
1706405160000.0,38966,1706405160000.0,-0.5081576731552832,-0.0045737,1055.9554455919922,1032.5078503000045,-0.01,2286.85,0.45,2337.6657673155282,unstuck_close_long,1051.9495952919876,0.9962064210978534,2000.0
1706543520000.0,41272,1706543520000.0,-0.6902576731552835,-0.00453728,1055.260650638837,1024.1149130200047,-0.01,2268.64,0.44,2337.6657673155282,unstuck_close_long,1028.5729376188324,0.9747098377980375,2306.0
1706629440000.0,42704,1706629440000.0,-0.08025767315528355,-0.00465928,1055.1757336856817,1052.3266537400045,-0.01,2329.64,0.43,2337.6657673155282,unstuck_close_long,1005.1962799456771,0.9526340000585224,1432.0
1706631840000.0,42744,1706631840000.0,1.518596287913033,-0.03303104000000001,1056.6612989335947,1064.2624227000047,-0.07,2359.36,0.36,2337.6657673155282,long_nclose,841.5596762335902,0.7964327614562114,40.0
1706631900000.0,42745,1706631900000.0,1.301653961068314,-0.028312320000000002,1057.934640574663,1064.1249103800046,-0.06,2359.36,0.3,2337.6657673155282,long_nclose,701.2997301946584,0.6628951386011116,1.0
1706631960000.0,42746,1706631960000.0,1.084711634223595,-0.023593600000000006,1058.9957586088867,1063.7018167800047,-0.05,2359.36,0.25,2337.6657673155282,long_nclose,584.4164418288821,0.5518590958254456,1.0
1706632200000.0,42750,1706632200000.0,0.867769307378876,-0.018874880000000004,1059.8446530362655,1064.5852419000046,-0.04,2359.36,0.21,2337.6657673155282,long_nclose,490.9098111362609,0.46319034561328587,4.0
1706632320000.0,42752,1706632320000.0,0.650826980534157,-0.014156160000000001,1060.4813238567997,1064.3862857400047,-0.03,2359.36,0.18,2337.6657673155282,long_nclose,420.7798381167951,0.3967819410402124,2.0
1706632380000.0,42753,1706632380000.0,0.650826980534157,-0.014156160000000001,1061.1179946773339,1064.2071295800047,-0.03,2359.36,0.15,2337.6657673155282,long_nclose,350.6498650973292,0.33045322655559645,1.0
1706632440000.0,42754,1706632440000.0,0.433884653689438,-0.009437440000000002,1061.5424418910231,1064.3912921400045,-0.02,2359.36,0.13,2337.6657673155282,long_nclose,303.89654975101865,0.28627828502990404,1.0
1706632920000.0,42762,1706632920000.0,0.433884653689438,-0.009437440000000002,1061.9668891047124,1064.2718547000043,-0.02,2359.36,0.11,2337.6657673155282,long_nclose,257.1432344047081,0.242138655209384,8.0
1706632980000.0,42763,1706632980000.0,0.216942326844719,-0.004718720000000001,1062.179112711557,1064.2785359800043,-0.01,2359.36,0.1,2337.6657673155282,long_nclose,233.76657673155285,0.2200820689599024,1.0
1706633040000.0,42764,1706633040000.0,0.216942326844719,-0.004718720000000001,1062.3913363184017,1064.5094172600043,-0.01,2359.36,0.09,2337.6657673155282,long_nclose,210.38991905839754,0.19803429477077653,1.0
1706635200000.0,42800,1706635200000.0,0.4096423268447188,-0.00475726,1062.7962213852466,1065.8453600000043,-0.01,2378.63,0.08,2337.6657673155282,long_nclose,187.01326138524226,0.17596342329999023,36.0
1706635500000.0,42805,1706635500000.0,0.4096423268447188,-0.00475726,1063.2011064520914,1066.0392027400044,-0.01,2378.63,0.07,2337.6657673155282,long_nclose,163.63660371208698,0.1539093617557861,5.0
1706635560000.0,42806,1706635560000.0,0.4096423268447188,-0.00475726,1063.6059915189362,1066.0668454800045,-0.01,2378.63,0.06,2337.6657673155282,long_nclose,140.2599460389317,0.1318720909409568,1.0
1706635740000.0,42809,1706635740000.0,0.4096423268447188,-0.00475726,1064.010876585781,1066.0310882200047,-0.01,2378.63,0.05,2337.6657673155282,long_nclose,116.88328836577642,0.10985159168751528,3.0
1706635800000.0,42810,1706635800000.0,0.4096423268447188,-0.00475726,1064.4157616526259,1066.0591309600047,-0.01,2378.63,0.04,2337.6657673155282,long_nclose,93.50663069262113,0.08784784485663902,1.0
1706639640000.0,42874,1706639640000.0,0.4096423268447188,-0.00475726,1064.8206467194707,1066.0741737000048,-0.01,2378.63,0.03,2337.6657673155282,long_nclose,70.12997301946585,0.06586083133861485,64.0
1706645100000.0,42965,1706645100000.0,0.4096423268447188,-0.00475726,1065.2255317863155,1066.050616440005,-0.01,2378.63,0.02,2337.6657673155282,long_nclose,46.753315346310565,0.04389053205278344,91.0
1706645280000.0,42968,1706645280000.0,0.4096423268447188,-0.00475726,1065.6304168531603,1066.0388591800051,-0.01,2378.63,0.01,2337.6657673155282,long_nclose,23.376657673155282,0.021936927947484156,3.0
1706645340000.0,42969,1706645340000.0,0.4096423268447188,-0.00475726,1066.0353019200052,1066.0353019200052,-0.01,2378.63,0.0,2337.6657673155282,long_nclose,0.0,0.0,1.0
1706657220000.0,43167,1706657220000.0,0.0,-0.00941896,1066.0258829600052,1066.0642829600051,0.02,2354.74,0.02,2354.74,long_ientry_normal,47.0948,0.04417791420714209,198.0
1706658120000.0,43182,1706658120000.0,0.0,-0.0093486,1066.0165343600052,1065.8059343600053,0.02,2337.15,0.04,2345.9449999999997,long_rentry,93.83779999999999,0.08802658962164836,15.0
1706692260000.0,43751,1706692260000.0,0.0,-0.009295520000000002,1066.0072388400051,1065.315438840005,0.02,2323.88,0.06,2338.59,long_rentry,140.3154,0.1316270611376774,569.0
1706695020000.0,43797,1706695020000.0,0.0,-0.013872540000000001,1065.9933663000052,1064.3709663000052,0.03,2312.09,0.09,2329.7566666666667,long_rentry,209.6781,0.19669737789061417,46.0
1706697900000.0,43845,1706697900000.0,0.0,-0.0229666,1065.9703997000051,1062.8810997000053,0.05,2296.66,0.14,2317.936428571428,long_rentry,324.5111,0.30442787162882456,48.0
1706719680000.0,44208,1706719680000.0,0.4302714285714319,-0.0093578,1066.3913133285764,1069.019741900005,-0.02,2339.45,0.12,2317.936428571428,long_nclose,278.15237142857137,0.26083518118725246,363.0
1706719860000.0,44211,1706719860000.0,0.4302714285714319,-0.0093578,1066.8122269571477,1068.875584100005,-0.02,2339.45,0.1,2317.936428571428,long_nclose,231.79364285714283,0.2172768899718035,3.0
1706719920000.0,44212,1706719920000.0,0.21513571428571596,-0.0046789,1067.0226837714333,1068.9697052000047,-0.01,2339.45,0.09,2317.936428571428,long_nclose,208.61427857142854,0.19551063135234692,1.0
1706720100000.0,44215,1706720100000.0,0.21513571428571596,-0.0046789,1067.233140585719,1068.9254263000048,-0.01,2339.45,0.08,2317.936428571428,long_nclose,185.43491428571426,0.17375295728161502,3.0
1706720160000.0,44216,1706720160000.0,0.21513571428571596,-0.0046789,1067.4435974000046,1069.0174474000046,-0.01,2339.45,0.07,2317.936428571428,long_nclose,162.25555,0.15200386268202773,1.0
1706721360000.0,44236,1706721360000.0,0.21513571428571596,-0.0046789,1067.6540542142902,1068.9328685000046,-0.01,2339.45,0.06,2317.936428571428,long_nclose,139.07618571428569,0.13026334248000854,20.0
1706721420000.0,44237,1706721420000.0,0.21513571428571596,-0.0046789,1067.8645110285759,1068.8691896000046,-0.01,2339.45,0.05,2317.936428571428,long_nclose,115.89682142857141,0.10853139160598066,1.0
1706721540000.0,44239,1706721540000.0,0.21513571428571596,-0.0046789,1068.0749678428615,1068.9299107000043,-0.01,2339.45,0.04,2317.936428571428,long_nclose,92.71745714285713,0.08680800499436292,2.0
1706721720000.0,44242,1706721720000.0,0.21513571428571596,-0.0046789,1068.2854246571471,1068.9263318000044,-0.01,2339.45,0.03,2317.936428571428,long_nclose,69.53809285714284,0.06509317758356595,3.0
1706721780000.0,44243,1706721780000.0,0.21513571428571596,-0.0046789,1068.4958814714328,1068.9179529000041,-0.01,2339.45,0.02,2317.936428571428,long_nclose,46.358728571428564,0.04338690431598824,1.0
1706721960000.0,44246,1706721960000.0,0.21513571428571596,-0.0046789,1068.7063382857184,1068.909874000004,-0.01,2339.45,0.01,2317.936428571428,long_nclose,23.179364285714282,0.021689180138012135,3.0
1706722020000.0,44247,1706722020000.0,0.21513571428571596,-0.0046789,1068.916795100004,1068.916795100004,-0.01,2339.45,0.0,2317.936428571428,long_nclose,0.0,0.0,1.0
1706728680000.0,44358,1706728680000.0,0.0,-0.009273479999999999,1068.907521620004,1068.748721620004,0.02,2318.37,0.02,2318.37,long_ientry_normal,46.367399999999996,0.043378308284075844,111.0
1706731500000.0,44405,1706731500000.0,0.0,-0.00920456,1068.898317060004,1068.578517060004,0.02,2301.14,0.04,2309.755,long_rentry,92.39020000000001,0.08643497564307004,47.0
1706734560000.0,44456,1706734560000.0,0.0,-0.009152760000000001,1068.889164300004,1067.949764300004,0.02,2288.19,0.06,2302.566666666667,long_rentry,138.15400000000002,0.12925007064738517,51.0
1706736240000.0,44484,1706736240000.0,0.0,-0.01366032,1068.875503980004,1066.917903980004,0.03,2276.72,0.09,2293.9511111111115,long_rentry,206.45560000000003,0.1931521484319303,28.0
1706736540000.0,44489,1706736540000.0,0.0,-0.0226172,1068.852886780004,1066.065486780004,0.05,2261.72,0.14,2282.44,long_rentry,319.5416,0.29895751225656697,5.0
1706750460000.0,44721,1706750460000.0,0.0,-0.0313558,1068.821530980004,1064.6985309800039,0.07,2239.7,0.21,2268.1933333333336,long_rentry,476.3206,0.4456502663856902,232.0
1706798100000.0,45515,1706798100000.0,0.6316999999999916,-0.0137355,1069.4394954800039,1073.3394954800037,-0.03,2289.25,0.18,2268.1933333333336,long_nclose,408.2748,0.3817652160085515,794.0
1706798820000.0,45527,1706798820000.0,0.6316999999999916,-0.0137355,1070.0574599800038,1073.3524599800037,-0.03,2289.25,0.15,2268.1933333333336,long_nclose,340.22900000000004,0.3179539536188626,12.0
1706799300000.0,45535,1706799300000.0,0.42113333333332775,-0.009157000000000002,1070.4694363133372,1073.3225029800037,-0.02,2289.25,0.13,2268.1933333333336,long_nclose,294.8651333333334,0.2754540422460258,8.0
1706802960000.0,45596,1706802960000.0,0.42113333333332775,-0.009157000000000002,1070.8814126466705,1073.1800459800038,-0.02,2289.25,0.11,2268.1933333333336,long_nclose,249.5012666666667,0.2329868309601409,61.0
1706803020000.0,45597,1706803020000.0,0.21056666666666388,-0.004578500000000001,1071.0874008133371,1073.3510674800038,-0.01,2289.25,0.1,2268.1933333333336,long_nclose,226.81933333333336,0.21176547605834653,1.0
1706803200000.0,45600,1706803200000.0,0.21056666666666388,-0.004578500000000001,1071.2933889800038,1073.1947889800038,-0.01,2289.25,0.09,2268.1933333333336,long_nclose,204.1374,0.19055228203579472,3.0
1706803380000.0,45603,1706803380000.0,0.21056666666666388,-0.004578500000000001,1071.4993771466704,1073.1551104800037,-0.01,2289.25,0.08,2268.1933333333336,long_nclose,181.4554666666667,0.16934724418587177,3.0
1706803620000.0,45607,1706803620000.0,0.21056666666666388,-0.004578500000000001,1071.705365313337,1073.2101319800038,-0.01,2289.25,0.07,2268.1933333333336,long_nclose,158.77353333333338,0.14815035780558247,4.0
1706803800000.0,45610,1706803800000.0,0.21056666666666388,-0.004578500000000001,1071.9113534800038,1073.1873534800038,-0.01,2289.25,0.06,2268.1933333333336,long_nclose,136.0916,0.12696161819554677,3.0
1706803980000.0,45613,1706803980000.0,0.21056666666666388,-0.004578500000000001,1072.1173416466704,1073.1621749800038,-0.01,2289.25,0.05,2268.1933333333336,long_nclose,113.40966666666668,0.10578102065999623,3.0
1706804040000.0,45614,1706804040000.0,0.21056666666666388,-0.004578500000000001,1072.323329813337,1073.1975964800038,-0.01,2289.25,0.04,2268.1933333333336,long_nclose,90.72773333333335,0.0846085605067705,1.0
1706805960000.0,45646,1706805960000.0,0.21056666666666388,-0.004578500000000001,1072.5293179800037,1073.1721179800038,-0.01,2289.25,0.03,2268.1933333333336,long_nclose,68.0458,0.0634442330473139,32.0
1706806200000.0,45650,1706806200000.0,0.21056666666666388,-0.004578500000000001,1072.7353061466704,1073.1502394800036,-0.01,2289.25,0.02,2268.1933333333336,long_nclose,45.363866666666674,0.04228803359667205,4.0
1706806260000.0,45651,1706806260000.0,0.21056666666666388,-0.004578500000000001,1072.941294313337,1073.1389609800037,-0.01,2289.25,0.01,2268.1933333333336,long_nclose,22.681933333333337,0.021139957473488204,1.0
1706806320000.0,45652,1706806320000.0,0.21056666666666388,-0.004578500000000001,1073.1472824800037,1073.1472824800037,-0.01,2289.25,0.0,2268.1933333333336,long_nclose,0.0,0.0,1.0
1706881020000.0,46897,1706881020000.0,0.0,-0.009187,1073.1380954800036,1073.1286954800037,0.02,2296.75,0.02,2296.75,long_ientry_normal,45.935,0.042804369906795404,1245.0
1706889780000.0,47043,1706889780000.0,0.21320000000000164,-0.00463614,1073.3466593400035,1073.5872593400036,-0.01,2318.07,0.01,2296.75,long_nclose,22.9675,0.02139802625753978,146.0
1706890140000.0,47049,1706890140000.0,0.21320000000000164,-0.00463614,1073.5552232000034,1073.5552232000034,-0.01,2318.07,0.0,2296.75,long_nclose,0.0,0.0,6.0
1706897160000.0,47166,1706897160000.0,0.0,-0.00914624,1073.5460769600033,1073.5256769600032,0.02,2286.56,0.02,2286.56,long_ientry_normal,45.7312,0.04259826474285909,117.0
1706912520000.0,47422,1706912520000.0,0.21220000000000255,-0.004615560000000001,1073.7536614000032,1073.9691614000033,-0.01,2307.78,0.01,2286.56,long_nclose,22.8656,0.021295014696561698,256.0
1706914680000.0,47458,1706914680000.0,0.21220000000000255,-0.004615560000000001,1073.9612458400031,1073.9612458400031,-0.01,2307.78,0.0,2286.56,long_nclose,0.0,0.0,36.0
1707073620000.0,50107,1707073620000.0,0.0,-0.00913528,1073.9521105600031,1073.9363105600032,0.02,2283.82,0.02,2283.82,long_ientry_normal,45.6764,0.04253113295357503,2649.0
1707073680000.0,50108,1707073680000.0,0.0,-0.00906772,1073.943042840003,1074.047242840003,0.02,2266.93,0.04,2275.375,long_rentry,91.015,0.08474844230036088,1.0
1707079920000.0,50212,1707079920000.0,0.21125,-0.004593,1074.149699840003,1074.876449840003,-0.01,2296.5,0.03,2275.375,long_nclose,68.26125,0.0635491030814119,104.0
1707084480000.0,50288,1707084480000.0,0.21125,-0.004593,1074.356356840003,1074.779856840003,-0.01,2296.5,0.02,2275.375,long_nclose,45.5075,0.04235791942801074,76.0
1707084600000.0,50290,1707084600000.0,0.21125,-0.004593,1074.563013840003,1074.7712638400028,-0.01,2296.5,0.01,2275.375,long_nclose,22.75375,0.021174886634789683,2.0
1707084660000.0,50291,1707084660000.0,0.21125,-0.004593,1074.7696708400028,1074.7696708400028,-0.01,2296.5,0.0,2275.375,long_nclose,0.0,0.0,1.0
1707086340000.0,50319,1707086340000.0,0.0,-0.00911432,1074.7605565200029,1074.7895565200029,0.02,2278.58,0.02,2278.58,long_ientry_normal,45.5716,0.0424016305060148,28.0
1707116220000.0,50817,1707116220000.0,0.2115000000000009,-0.00459946,1074.9674570600027,1075.1780570600026,-0.01,2299.73,0.01,2278.58,long_nclose,22.7858,0.0211967347014563,498.0
1707116280000.0,50818,1707116280000.0,0.2115000000000009,-0.00459946,1075.1743576000026,1075.1743576000026,-0.01,2299.73,0.0,2278.58,long_nclose,0.0,0.0,1.0
1707145440000.0,51304,1707145440000.0,0.0,-0.00923448,1075.1651231200026,1075.2313231200026,0.02,2308.62,0.02,2308.62,long_ientry_normal,46.172399999999996,0.04294447337169302,486.0
1707148680000.0,51358,1707148680000.0,0.0,-0.009166,1075.1559571200025,1074.9747571200026,0.02,2291.5,0.04,2300.06,long_rentry,92.0024,0.08557121354416793,54.0
1707186000000.0,51980,1707186000000.0,0.2134999999999991,-0.00464282,1075.3648143000025,1075.9843143000026,-0.01,2321.41,0.03,2300.06,long_nclose,69.0018,0.06416594543770339,622.0
1707186840000.0,51994,1707186840000.0,0.2134999999999991,-0.00464282,1075.5736714800025,1076.0454714800026,-0.01,2321.41,0.02,2300.06,long_nclose,46.0012,0.042768990372088395,14.0
1707189900000.0,52045,1707189900000.0,0.2134999999999991,-0.00464282,1075.7825286600025,1075.9999286600025,-0.01,2321.41,0.01,2300.06,long_nclose,23.0006,0.02138034350553137,51.0
1707204660000.0,52291,1707204660000.0,0.2134999999999991,-0.00464282,1075.9913858400025,1075.9913858400025,-0.01,2321.41,0.0,2300.06,long_nclose,0.0,0.0,246.0
1707279720000.0,53542,1707279720000.0,0.0,-0.0094188,1075.9819670400025,1076.0217670400025,0.02,2354.7,0.02,2354.7,long_ientry_normal,47.093999999999994,0.04376839151826524,1251.0
1707298560000.0,53856,1707298560000.0,0.21860000000000127,-0.0047531200000000004,1076.1958139200024,1076.3930139200024,-0.01,2376.56,0.01,2354.7,long_nclose,23.546999999999997,0.021879847231732804,314.0
1707314580000.0,54123,1707314580000.0,0.21860000000000127,-0.0047531200000000004,1076.4096608000023,1076.4096608000023,-0.01,2376.56,0.0,2354.7,long_nclose,0.0,0.0,267.0
1707410820000.0,55727,1707410820000.0,0.0,-0.0096866,1076.3999742000024,1076.4109742000023,0.02,2421.65,0.02,2421.65,long_ientry_normal,48.433,0.04499535596514314,1604.0
1707446640000.0,56324,1707446640000.0,0.2248000000000002,-0.00488826,1076.6198859400024,1076.8358859400023,-0.01,2444.13,0.01,2421.65,long_nclose,24.2165,0.022493082578403656,597.0
1707446700000.0,56325,1707446700000.0,0.2248000000000002,-0.00488826,1076.8397976800024,1076.8397976800024,-0.01,2444.13,0.0,2421.65,long_nclose,0.0,0.0,1.0
1707488400000.0,57020,1707488400000.0,0.0,-0.009954200000000002,1076.8298434800024,1076.6490434800023,0.02,2488.55,0.02,2488.55,long_ientry_normal,49.77100000000001,0.046219930011555534,695.0
1707502860000.0,57261,1707502860000.0,0.2309999999999991,-0.0050233000000000005,1077.0558201800025,1077.3218201800025,-0.01,2511.65,0.01,2488.55,long_nclose,24.885500000000004,0.02310511631220843,241.0
1707503280000.0,57268,1707503280000.0,0.2309999999999991,-0.0050233000000000005,1077.2817968800025,1077.2817968800025,-0.01,2511.65,0.0,2488.55,long_nclose,0.0,0.0,7.0
1707505800000.0,57310,1707505800000.0,0.0,-0.009930959999999999,1077.2718659200025,1077.3604659200025,0.02,2482.74,0.02,2482.74,long_ientry_normal,49.654799999999994,0.04609310014570391,42.0
1707515580000.0,57473,1707515580000.0,0.23040000000000418,-0.005011560000000001,1077.4972543600024,1077.7187543600025,-0.01,2505.78,0.01,2482.74,long_nclose,24.827399999999997,0.023041729247604115,163.0
1707534000000.0,57780,1707534000000.0,0.23040000000000418,-0.005011560000000001,1077.7226428000024,1077.7226428000024,-0.01,2505.78,0.0,2482.74,long_nclose,0.0,0.0,307.0
1707562380000.0,58253,1707562380000.0,0.0,-0.009889400000000001,1077.7127534000024,1077.6965534000024,0.02,2472.35,0.02,2472.35,long_ientry_normal,49.447,0.0458814279073928,473.0
1707574500000.0,58455,1707574500000.0,0.22950000000000273,-0.0049906,1077.9372628000024,1078.1642628000025,-0.01,2495.3,0.01,2472.35,long_nclose,24.7235,0.02293593593358052,202.0
1707577620000.0,58507,1707577620000.0,0.22950000000000273,-0.0049906,1078.1617722000024,1078.1617722000024,-0.01,2495.3,0.0,2472.35,long_nclose,0.0,0.0,52.0
1707706020000.0,60647,1707706020000.0,0.0,-0.009966760000000002,1078.1518054400024,1078.2108054400023,0.02,2491.69,0.02,2491.69,long_ientry_normal,49.833800000000004,0.04622150586638626,2140.0
1707731460000.0,61071,1707731460000.0,0.0,-0.009891440000000001,1078.1419140000023,1077.7501140000022,0.02,2472.86,0.04,2482.275,long_rentry,99.29100000000001,0.09209455518858513,424.0
1707748860000.0,61361,1707748860000.0,0.23045000000000074,-0.005010640000000001,1078.3673533600024,1079.0221033600023,-0.01,2505.32,0.03,2482.275,long_nclose,74.46825,0.06905647668947884,290.0
1707748920000.0,61362,1707748920000.0,0.23045000000000074,-0.005010640000000001,1078.5927927200025,1079.0550927200024,-0.01,2505.32,0.02,2482.275,long_nclose,49.645500000000006,0.04602802868244989,1.0
1707749160000.0,61366,1707749160000.0,0.23045000000000074,-0.005010640000000001,1078.8182320800026,1079.0503820800027,-0.01,2505.32,0.01,2482.275,long_nclose,24.822750000000003,0.0230092051300809,4.0
1707749760000.0,61376,1707749760000.0,0.4350500000000011,-0.005051560000000001,1079.2482305200026,1079.2482305200026,-0.01,2525.78,0.0,2482.275,long_nclose,0.0,0.0,10.0
1707795420000.0,62137,1707795420000.0,0.0,-0.010568000000000001,1079.2376625200027,1079.2498625200026,0.02,2642.0,0.02,2642.0,long_ientry_normal,52.84,0.04896048556776591,761.0
1707816660000.0,62491,1707816660000.0,0.24519999999999983,-0.00533304,1079.4775294800027,1079.7258294800026,-0.01,2666.52,0.01,2642.0,long_nclose,26.42,0.024474803113990556,354.0
1707817140000.0,62499,1707817140000.0,0.24519999999999983,-0.00533304,1079.7173964400026,1079.7173964400026,-0.01,2666.52,0.0,2642.0,long_nclose,0.0,0.0,8.0
1707831120000.0,62732,1707831120000.0,0.0,-0.0106268,1079.7067696400027,1079.7033696400026,0.02,2656.7,0.02,2656.7,long_ientry_normal,53.134,0.049211509545055473,233.0
1707831360000.0,62736,1707831360000.0,0.0,-0.01054508,1079.6962245600027,1078.5648245600028,0.02,2636.27,0.04,2646.4849999999997,long_rentry,105.8594,0.09804554058076823,4.0
1707831360000.0,62736,1707831360000.0,0.0,-0.01048168,1079.6857428800026,1078.5099428800027,0.02,2620.42,0.06,2637.7966666666666,long_rentry,158.2678,0.14658691294545512,0.0
1707832260000.0,62751,1707832260000.0,0.24483333333333576,-0.005324560000000001,1079.925251653336,1081.0649183200028,-0.01,2662.28,0.05,2637.7966666666666,long_nclose,131.88983333333334,0.12212866874944688,15.0
1707832380000.0,62753,1707832380000.0,0.24483333333333576,-0.005324560000000001,1080.1647604266695,1080.863293760003,-0.01,2662.28,0.04,2637.7966666666666,long_nclose,105.51186666666666,0.09768127098035399,2.0
1707834060000.0,62781,1707834060000.0,0.0,-0.01044744,1080.1543129866695,1079.325046320003,0.02,2611.86,0.06,2629.1511111111113,long_rentry,157.74906666666666,0.14604308363171206,28.0
1707834120000.0,62782,1707834120000.0,0.0,-0.015586079999999999,1080.1387269066695,1079.6139602400028,0.03,2597.68,0.09,2618.660740740741,long_rentry,235.67946666666668,0.2181937012309631,1.0
1707834840000.0,62794,1707834840000.0,0.24309259259258853,-0.005285939999999999,1080.376533559262,1082.3084743000027,-0.01,2642.97,0.08,2618.660740740741,long_nclose,209.4928592592593,0.19390726543188838,12.0
1707834900000.0,62795,1707834900000.0,0.24309259259258853,-0.005285939999999999,1080.6143402118546,1081.9813883600027,-0.01,2642.97,0.07,2618.660740740741,long_nclose,183.3062518518519,0.16963151887833977,1.0
1707835080000.0,62798,1707835080000.0,0.24309259259258853,-0.005285939999999999,1080.8521468644471,1082.3029024200027,-0.01,2642.97,0.06,2618.660740740741,long_nclose,157.11964444444445,0.14536645451484614,3.0
1707835140000.0,62799,1707835140000.0,0.24309259259258853,-0.005285939999999999,1081.0899535170397,1082.1319164800027,-0.01,2642.97,0.05,2618.660740740741,long_nclose,130.93303703703705,0.12111206529214438,1.0
1707835500000.0,62805,1707835500000.0,0.24309259259258853,-0.005285939999999999,1081.3277601696323,1082.4489305400027,-0.01,2642.97,0.04,2618.660740740741,long_nclose,104.74642962962965,0.09686834416717245,6.0
1707836220000.0,62817,1707836220000.0,0.24309259259258853,-0.005285939999999999,1081.5655668222248,1082.2261446000025,-0.01,2642.97,0.03,2618.660740740741,long_nclose,78.55982222222222,0.0726352841030626,12.0
1707836460000.0,62821,1707836460000.0,0.24309259259258853,-0.005285939999999999,1081.8033734748174,1082.3195586600025,-0.01,2642.97,0.02,2618.660740740741,long_nclose,52.37321481481482,0.04841287806913461,4.0
1707838500000.0,62855,1707838500000.0,0.24309259259258853,-0.005285939999999999,1082.04118012741,1082.2554727200024,-0.01,2642.97,0.01,2618.660740740741,long_nclose,26.18660740740741,0.024201119040888952,34.0
1707838620000.0,62857,1707838620000.0,0.24309259259258853,-0.005285939999999999,1082.2789867800025,1082.2789867800025,-0.01,2642.97,0.0,2618.660740740741,long_nclose,0.0,0.0,2.0
1707841020000.0,62897,1707841020000.0,0.0,-0.010492959999999999,1082.2684938200025,1082.2632938200024,0.02,2623.24,0.02,2623.24,long_ientry_normal,52.4648,0.04847669529288329,40.0
1707843540000.0,62939,1707843540000.0,0.0,-0.010412600000000001,1082.2580812200024,1081.9218812200024,0.02,2603.15,0.04,2613.1949999999997,long_rentry,104.52779999999998,0.09658306259276754,42.0
1707848880000.0,63028,1707848880000.0,0.2425500000000011,-0.0052749,1082.4953563200024,1083.2308063200023,-0.01,2637.45,0.03,2613.1949999999997,long_nclose,78.39584999999998,0.0724214192165319,89.0
1707849000000.0,63030,1707849000000.0,0.2425500000000011,-0.0052749,1082.7326314200025,1083.2135314200025,-0.01,2637.45,0.02,2613.1949999999997,long_nclose,52.26389999999999,0.04827036563168504,2.0
1707849060000.0,63031,1707849060000.0,0.2425500000000011,-0.0052749,1082.9699065200025,1083.1735565200024,-0.01,2637.45,0.01,2613.1949999999997,long_nclose,26.131949999999996,0.024129894877662823,1.0
1707849840000.0,63044,1707849840000.0,0.2425500000000011,-0.0052749,1083.2071816200025,1083.2071816200025,-0.01,2637.45,0.0,2613.1949999999997,long_nclose,0.0,0.0,13.0
1707923760000.0,64276,1707923760000.0,0.0,-0.010945280000000002,1083.1962363400025,1083.2160363400026,0.02,2736.32,0.02,2736.32,long_ientry_normal,54.726400000000005,0.05052307067176887,1232.0
1707939060000.0,64531,1707939060000.0,0.25399999999999634,-0.005523439999999999,1083.4447129000025,1083.6749129000025,-0.01,2761.72,0.01,2736.32,long_nclose,27.363200000000003,0.025255741870536513,255.0
1707939660000.0,64541,1707939660000.0,0.25399999999999634,-0.005523439999999999,1083.6931894600025,1083.6931894600025,-0.01,2761.72,0.0,2736.32,long_nclose,0.0,0.0,10.0
1707960840000.0,64894,1707960840000.0,0.0,-0.01109884,1083.6820906200026,1083.6788906200024,0.02,2774.71,0.02,2774.71,long_ientry_normal,55.4942,0.05120892970395989,353.0
1707968580000.0,65023,1707968580000.0,0.2575,-0.0056009200000000006,1083.9339897000025,1084.1589897000024,-0.01,2800.46,0.01,2774.71,long_nclose,27.7471,0.025598514543934074,129.0
1707968760000.0,65026,1707968760000.0,0.2575,-0.0056009200000000006,1084.1858887800024,1084.1858887800024,-0.01,2800.46,0.0,2774.71,long_nclose,0.0,0.0,3.0
1707976260000.0,65151,1707976260000.0,0.0,-0.0110858,1084.1748029800024,1084.2170029800025,0.02,2771.45,0.02,2771.45,long_ientry_normal,55.428999999999995,0.05112551947125669,125.0
1707991320000.0,65402,1707991320000.0,0.25720000000000254,-0.005594340000000001,1084.4264086400024,1084.6798086400024,-0.01,2797.17,0.01,2771.45,long_nclose,27.714499999999997,0.025556828733779385,251.0
1707991380000.0,65403,1707991380000.0,0.25720000000000254,-0.005594340000000001,1084.6780143000024,1084.6780143000024,-0.01,2797.17,0.0,2771.45,long_nclose,0.0,0.0,1.0
1708013580000.0,65773,1708013580000.0,0.0,-0.01123688,1084.6667774200023,1084.6933774200022,0.02,2809.22,0.02,2809.22,long_ientry_normal,56.1844,0.051798765454622565,370.0
1708014540000.0,65789,1708014540000.0,0.26070000000000165,-0.005670580000000001,1084.9218068400023,1085.1462068400024,-0.01,2835.29,0.01,2809.22,long_nclose,28.0922,0.025893294634590072,16.0
1708014660000.0,65791,1708014660000.0,0.26070000000000165,-0.005670580000000001,1085.1768362600023,1085.1768362600023,-0.01,2835.29,0.0,2809.22,long_nclose,0.0,0.0,2.0
1708020120000.0,65882,1708020120000.0,0.0,-0.01123732,1085.1655989400024,1085.2079989400024,0.02,2809.33,0.02,2809.33,long_ientry_normal,56.1866,0.051776982291811935,91.0
1708026540000.0,65989,1708026540000.0,0.26079999999999925,-0.00567082,1085.4207281200024,1085.6896281200025,-0.01,2835.41,0.01,2809.33,long_nclose,28.0933,0.025882406031308116,107.0
1708026780000.0,65993,1708026780000.0,0.26079999999999925,-0.00567082,1085.6758573000025,1085.6758573000025,-0.01,2835.41,0.0,2809.33,long_nclose,0.0,0.0,4.0
1708034100000.0,66115,1708034100000.0,0.0,-0.01123592,1085.6646213800025,1085.5866213800025,0.02,2808.98,0.02,2808.98,long_ientry_normal,56.1796,0.051746735496077396,122.0
1708042500000.0,66255,1708042500000.0,0.26070000000000165,-0.005670100000000001,1085.9196512800024,1086.1808512800023,-0.01,2835.05,0.01,2808.98,long_nclose,28.0898,0.02586729134783573,140.0
1708044120000.0,66282,1708044120000.0,0.26070000000000165,-0.005670100000000001,1086.1746811800024,1086.1746811800024,-0.01,2835.05,0.0,2808.98,long_nclose,0.0,0.0,27.0
1708068120000.0,66682,1708068120000.0,0.0,-0.011289360000000002,1086.1633918200023,1086.1647918200024,0.02,2822.34,0.02,2822.34,long_ientry_normal,56.4468,0.051968976698262996,400.0
1708074600000.0,66790,1708074600000.0,0.0,-0.01120116,1086.1521906600024,1085.7015906600025,0.02,2800.29,0.04,2811.315,long_rentry,112.4526,0.1035330048284191,108.0
1708083480000.0,66938,1708083480000.0,0.260949999999998,-0.00567482,1086.4074658400025,1087.1501158400024,-0.01,2837.41,0.03,2811.315,long_nclose,84.33945,0.07763150811448938,148.0
1708086900000.0,66995,1708086900000.0,0.260949999999998,-0.00567482,1086.6627410200026,1087.2950410200026,-0.01,2837.41,0.02,2811.315,long_nclose,56.2263,0.051742180786674294,57.0
1708090320000.0,67052,1708090320000.0,0.260949999999998,-0.00567482,1086.9180162000027,1087.1593662000028,-0.01,2837.41,0.01,2811.315,long_nclose,28.11315,0.025865014270613513,57.0
1708090440000.0,67054,1708090440000.0,0.260949999999998,-0.00567482,1087.1732913800029,1087.1732913800029,-0.01,2837.41,0.0,2811.315,long_nclose,0.0,0.0,2.0
1708093020000.0,67097,1708093020000.0,0.0,-0.01126048,1087.162030900003,1087.184230900003,0.02,2815.12,0.02,2815.12,long_ientry_normal,56.3024,0.05178841644551389,43.0
1708095180000.0,67133,1708095180000.0,0.0,-0.011172600000000001,1087.150858300003,1086.715058300003,0.02,2793.15,0.04,2804.135,long_rentry,112.1654,0.1031737216078687,36.0
1708096380000.0,67153,1708096380000.0,0.0,-0.01110356,1087.139754740003,1085.2053547400028,0.02,2775.89,0.06,2794.7200000000003,long_rentry,167.6832,0.1542425426619622,20.0
1708096380000.0,67153,1708096380000.0,0.0,-0.01656156,1087.123193180003,1085.255393180003,0.03,2760.26,0.09,2783.2333333333336,long_rentry,250.491,0.23041638847504964,0.0
1708096380000.0,67153,1708096380000.0,0.0,-0.027395500000000007,1087.095797680003,1086.374497680003,0.05,2739.55,0.14,2767.6321428571428,long_rentry,387.4685,0.3564253498421259,0.0
1708099740000.0,67209,1708099740000.0,0.5137571428571482,-0.011173280000000002,1087.5983815428601,1091.043324400003,-0.02,2793.32,0.12,2767.6321428571428,long_nclose,332.1158571428571,0.30536626642614134,56.0
1708101120000.0,67232,1708101120000.0,0.5137571428571482,-0.011173280000000002,1088.1009654057173,1090.818751120003,-0.02,2793.32,0.1,2767.6321428571428,long_nclose,276.7632142857143,0.2543543504554454,23.0
1708101300000.0,67235,1708101300000.0,0.2568785714285741,-0.005586640000000001,1088.3522573371458,1090.801864480003,-0.01,2793.32,0.09,2767.6321428571428,long_nclose,249.08689285714283,0.22886605984222402,3.0
1708101540000.0,67239,1708101540000.0,0.2568785714285741,-0.005586640000000001,1088.6035492685744,1090.591377840003,-0.01,2793.32,0.08,2767.6321428571428,long_nclose,221.41057142857142,0.20338953660158074,4.0
1708101600000.0,67240,1708101600000.0,0.2568785714285741,-0.005586640000000001,1088.854841200003,1090.609591200003,-0.01,2793.32,0.07,2767.6321428571428,long_nclose,193.73425,0.17792477258629785,1.0
1708101660000.0,67241,1708101660000.0,0.2568785714285741,-0.005586640000000001,1089.1061331314315,1090.731404560003,-0.01,2793.32,0.06,2767.6321428571428,long_nclose,166.05792857142856,0.15247175965667706,1.0
1708101780000.0,67243,1708101780000.0,0.2568785714285741,-0.005586640000000001,1089.35742506286,1090.595817920003,-0.01,2793.32,0.05,2767.6321428571428,long_nclose,138.38160714285715,0.1270304896805307,2.0
1708119720000.0,67542,1708119720000.0,0.2568785714285741,-0.005586640000000001,1089.6087169942887,1090.634231280003,-0.01,2793.32,0.04,2767.6321428571428,long_nclose,110.70528571428571,0.10160095453317301,299.0
1708119780000.0,67543,1708119780000.0,0.2568785714285741,-0.005586640000000001,1089.8600089257172,1090.621344640003,-0.01,2793.32,0.03,2767.6321428571428,long_nclose,83.02896428571428,0.07618314609741166,1.0
1708120200000.0,67550,1708120200000.0,0.2568785714285741,-0.005586640000000001,1090.1113008571458,1090.582658000003,-0.01,2793.32,0.02,2767.6321428571428,long_nclose,55.352642857142854,0.05077705626353888,7.0
1708124760000.0,67626,1708124760000.0,0.2568785714285741,-0.005586640000000001,1090.3625927885744,1090.623871360003,-0.01,2793.32,0.01,2767.6321428571428,long_nclose,27.676321428571427,0.025382676929323066,76.0
1708125360000.0,67636,1708125360000.0,0.2568785714285741,-0.005586640000000001,1090.613884720003,1090.613884720003,-0.01,2793.32,0.0,2767.6321428571428,long_nclose,0.0,0.0,10.0
1708176540000.0,68489,1708176540000.0,0.0,-0.01104008,1090.602844640003,1090.632444640003,0.02,2760.02,0.02,2760.02,long_ientry_normal,55.2004,0.0506145754811607,853.0
1708180320000.0,68552,1708180320000.0,0.0,-0.01095448,1090.591890160003,1090.253890160003,0.02,2738.62,0.04,2749.3199999999997,long_rentry,109.97279999999999,0.10083772031705247,63.0
1708180380000.0,68553,1708180380000.0,0.0,-0.010887639999999999,1090.581002520003,1089.824802520003,0.02,2721.91,0.06,2740.1833333333334,long_rentry,164.411,0.15075542267845843,1.0
1708189680000.0,68708,1708189680000.0,0.25436666666666496,-0.00553124,1090.8298379466696,1092.0011712800028,-0.01,2765.62,0.05,2740.1833333333334,long_nclose,137.0091666666667,0.12560086083138938,155.0
1708189860000.0,68711,1708189860000.0,0.25436666666666496,-0.00553124,1091.0786733733362,1092.0717400400029,-0.01,2765.62,0.04,2740.1833333333334,long_nclose,109.60733333333334,0.10045777266863397,3.0
1708189920000.0,68712,1708189920000.0,0.25436666666666496,-0.00553124,1091.3275088000028,1092.1284088000027,-0.01,2765.62,0.03,2740.1833333333334,long_nclose,82.2055,0.07532615034178985,1.0
1708190340000.0,68719,1708190340000.0,0.25436666666666496,-0.00553124,1091.5763442266693,1092.1100775600028,-0.01,2765.62,0.02,2740.1833333333334,long_nclose,54.80366666666667,0.050205986009611174,7.0
1708190640000.0,68724,1708190640000.0,0.25436666666666496,-0.00553124,1091.825179653336,1092.0854463200026,-0.01,2765.62,0.01,2740.1833333333334,long_nclose,27.401833333333336,0.025097271838000347,5.0
1708190760000.0,68726,1708190760000.0,0.25436666666666496,-0.00553124,1092.0740150800025,1092.0740150800025,-0.01,2765.62,0.0,2740.1833333333334,long_nclose,0.0,0.0,2.0
1708222020000.0,69247,1708222020000.0,0.0,-0.011074480000000001,1092.0629406000025,1092.1117406000026,0.02,2768.62,0.02,2768.62,long_ientry_normal,55.3724,0.05070440351137383,521.0
1708229880000.0,69378,1708229880000.0,0.2570000000000027,-0.005588640000000001,1092.3143519600026,1092.5701519600025,-0.01,2794.32,0.01,2768.62,long_nclose,27.6862,0.0253463665933905,131.0
1708230120000.0,69382,1708230120000.0,0.2570000000000027,-0.005588640000000001,1092.5657633200026,1092.5657633200026,-0.01,2794.32,0.0,2768.62,long_nclose,0.0,0.0,4.0
1708338300000.0,71185,1708338300000.0,0.0,-0.01158132,1092.5541820000026,1092.6505820000025,0.02,2895.33,0.02,2895.33,long_ientry_normal,57.9066,0.05300112429572839,1803.0
1708347120000.0,71332,1708347120000.0,0.26869999999999894,-0.0058444,1092.8170376000028,1093.0727376000027,-0.01,2922.2,0.01,2895.33,long_nclose,28.9533,0.026494187959940647,147.0
1708356300000.0,71485,1708356300000.0,0.26869999999999894,-0.0058444,1093.079893200003,1093.079893200003,-0.01,2922.2,0.0,2895.33,long_nclose,0.0,0.0,153.0
1708362060000.0,71581,1708362060000.0,0.0,-0.011567000000000001,1093.068326200003,1093.1801262000029,0.02,2891.75,0.02,2891.75,long_ientry_normal,57.835,0.05291069058881293,96.0
1708363260000.0,71601,1708363260000.0,0.26840000000000147,-0.005837180000000001,1093.3308890200028,1093.5996890200029,-0.01,2918.59,0.01,2891.75,long_nclose,28.9175,0.026448992057582804,20.0
1708363380000.0,71603,1708363380000.0,0.26840000000000147,-0.005837180000000001,1093.5934518400027,1093.5934518400027,-0.01,2918.59,0.0,2891.75,long_nclose,0.0,0.0,2.0
1708386600000.0,71990,1708386600000.0,0.0,-0.0117494,1093.5817024400026,1093.6451024400026,0.02,2937.35,0.02,2937.35,long_ientry_normal,58.747,0.05371980883451463,387.0
1708392120000.0,72082,1708392120000.0,0.0,-0.01165672,1093.5700457200026,1093.0806457200026,0.02,2914.18,0.04,2925.765,long_rentry,117.03059999999999,0.10701701318359308,92.0
1708420620000.0,72557,1708420620000.0,0.0,-0.01158316,1093.5584625600025,1092.6360625600025,0.02,2895.79,0.06,2915.7733333333335,long_rentry,174.9464,0.15997900980113433,475.0
1708422480000.0,72588,1708422480000.0,0.0,-0.017274480000000002,1093.5411880800025,1091.2846880800025,0.03,2879.08,0.09,2903.5422222222223,long_rentry,261.3188,0.23896566754729512,31.0
1708426980000.0,72663,1708426980000.0,0.2694777777777745,-0.00586098,1093.8048048777803,1095.8854271000025,-0.01,2930.49,0.08,2903.5422222222223,long_nclose,232.2833777777778,0.21236273304150707,75.0
1708427040000.0,72664,1708427040000.0,0.2694777777777745,-0.00586098,1094.068421675558,1095.9288661200026,-0.01,2930.49,0.07,2903.5422222222223,long_nclose,203.2479555555556,0.1857726185390515,1.0
1708427100000.0,72665,1708427100000.0,0.2694777777777745,-0.00586098,1094.3320384733358,1096.6191051400026,-0.01,2930.49,0.06,2903.5422222222223,long_nclose,174.21253333333334,0.1591953147751857,1.0
1708427580000.0,72673,1708427580000.0,0.2694777777777745,-0.00586098,1094.5956552711136,1095.9535441600026,-0.01,2930.49,0.05,2903.5422222222223,long_nclose,145.17711111111112,0.13263081249409225,8.0
1708427820000.0,72677,1708427820000.0,0.2694777777777745,-0.00586098,1094.8592720688914,1095.9395831800025,-0.01,2930.49,0.04,2903.5422222222223,long_nclose,116.1416888888889,0.10607910244886792,4.0
1708428060000.0,72681,1708428060000.0,0.2694777777777745,-0.00586098,1095.1228888666692,1096.0252222000024,-0.01,2930.49,0.03,2903.5422222222223,long_nclose,87.10626666666667,0.07954017540151316,4.0
1708431600000.0,72740,1708431600000.0,0.5087777777777773,-0.00590884,1095.625757804447,1096.6537133600025,-0.01,2954.42,0.02,2903.5422222222223,long_nclose,58.07084444444445,0.053002445434300605,59.0
1708432260000.0,72751,1708432260000.0,0.5087777777777773,-0.00590884,1096.1286267422247,1096.5931045200025,-0.01,2954.42,0.01,2903.5422222222223,long_nclose,29.035422222222223,0.02648906479937272,11.0
1708434180000.0,72783,1708434180000.0,0.2694777777777745,-0.00586098,1096.3922435400025,1096.3922435400025,-0.01,2930.49,0.0,2903.5422222222223,long_nclose,0.0,0.0,32.0
1708439940000.0,72879,1708439940000.0,0.0,-0.01177236,1096.3804711800026,1096.4074711800026,0.02,2943.09,0.02,2943.09,long_ientry_normal,58.8618,0.05368738457795472,96.0
1708442160000.0,72916,1708442160000.0,0.0,-0.01167948,1096.3687917000025,1096.1471917000024,0.02,2919.87,0.04,2931.48,long_rentry,117.2592,0.1069523329081456,37.0
1708448100000.0,73015,1708448100000.0,0.0,-0.011605840000000001,1096.3571858600026,1095.2361858600025,0.02,2901.46,0.06,2921.4733333333334,long_rentry,175.2884,0.1598825658833992,99.0
1708456920000.0,73162,1708456920000.0,0.2711666666666679,-0.00589718,1096.6224553466693,1097.8782886800027,-0.01,2948.59,0.05,2921.4733333333334,long_nclose,146.07366666666667,0.13320324233237518,147.0
1708457160000.0,73166,1708457160000.0,0.2711666666666679,-0.00589718,1096.887724833336,1098.0411915000027,-0.01,2948.59,0.04,2921.4733333333334,long_nclose,116.85893333333334,0.10653682294702421,4.0
1708458540000.0,73189,1708458540000.0,0.5119666666666671,-0.00594534,1097.3937461600028,1098.927846160003,-0.01,2972.67,0.03,2921.4733333333334,long_nclose,87.6442,0.07986577316180664,23.0
1708458600000.0,73190,1708458600000.0,0.5119666666666671,-0.00594534,1097.8997674866696,1099.052100820003,-0.01,2972.67,0.02,2921.4733333333334,long_nclose,58.42946666666667,0.053219308717429074,1.0
1708460580000.0,73223,1708460580000.0,0.5119666666666671,-0.00594534,1098.4057888133364,1098.940955480003,-0.01,2972.67,0.01,2921.4733333333334,long_nclose,29.214733333333335,0.026597395635446802,33.0
1708460940000.0,73229,1708460940000.0,0.5119666666666671,-0.00594534,1098.9118101400031,1098.9118101400031,-0.01,2972.67,0.0,2921.4733333333334,long_nclose,0.0,0.0,6.0
1708494420000.0,73787,1708494420000.0,0.0,-0.01192844,1098.899881700003,1098.812281700003,0.02,2982.11,0.02,2982.11,long_ientry_normal,59.6422,0.05427446211727063,558.0
1708497600000.0,73840,1708497600000.0,0.0,-0.011834040000000002,1098.8880476600032,1098.6016476600032,0.02,2958.51,0.04,2970.3100000000004,long_rentry,118.81240000000003,0.10812056810791765,53.0
1708498980000.0,73863,1708498980000.0,0.0,-0.011758959999999999,1098.8762887000032,1097.5730887000032,0.02,2939.74,0.06,2960.120000000001,long_rentry,177.60720000000003,0.16162620108048156,23.0
1708499700000.0,73875,1708499700000.0,0.0,-0.01753596,1098.8587527400032,1097.214152740003,0.03,2922.66,0.09,2947.6333333333337,long_rentry,265.28700000000003,0.24142047313952514,12.0
1708509420000.0,74037,1708509420000.0,0.0,-0.028999400000000005,1098.8297533400032,1093.8807533400031,0.05,2899.94,0.14,2930.6000000000004,long_rentry,410.2840000000001,0.37338268166920374,162.0
1708558500000.0,74855,1708558500000.0,0.5439999999999964,-0.011831200000000002,1099.3619221400033,1103.3579221400032,-0.02,2957.8,0.12,2930.6000000000004,long_nclose,351.672,0.31988737550181834,818.0
1708561140000.0,74899,1708561140000.0,0.5439999999999964,-0.011831200000000002,1099.8940909400035,1102.6260909400035,-0.02,2957.8,0.1,2930.6000000000004,long_nclose,293.06000000000006,0.26644383528739746,44.0
1708561260000.0,74901,1708561260000.0,0.2719999999999982,-0.005915600000000001,1100.1601753400034,1102.7080753400035,-0.01,2957.8,0.09,2930.6000000000004,long_nclose,263.754,0.23974145393736607,2.0
1708561500000.0,74905,1708561500000.0,0.2719999999999982,-0.005915600000000001,1100.4262597400034,1102.7766597400034,-0.01,2957.8,0.08,2930.6000000000004,long_nclose,234.44800000000004,0.21305198592352098,4.0
1708562100000.0,74915,1708562100000.0,0.2719999999999982,-0.005915600000000001,1100.6923441400033,1102.5970441400034,-0.01,2957.8,0.07,2930.6000000000004,long_nclose,205.14200000000005,0.18637542188074568,10.0
1708584480000.0,75288,1708584480000.0,0.2719999999999982,-0.005915600000000001,1100.9584285400033,1102.9642285400032,-0.01,2957.8,0.06,2930.6000000000004,long_nclose,175.836,0.1597117524529774,373.0
1708584660000.0,75291,1708584660000.0,0.2719999999999982,-0.005915600000000001,1101.2245129400033,1102.6180129400032,-0.01,2957.8,0.05,2930.6000000000004,long_nclose,146.53000000000003,0.13306096829319605,3.0
1708585260000.0,75301,1708585260000.0,0.2719999999999982,-0.005915600000000001,1101.4905973400032,1102.7477973400032,-0.01,2957.8,0.04,2930.6000000000004,long_nclose,117.22400000000002,0.10642306006341318,10.0
1708587000000.0,75330,1708587000000.0,0.5135999999999967,-0.00596392,1101.998233420003,1103.6248334200031,-0.01,2981.96,0.03,2930.6000000000004,long_nclose,87.918,0.07978052716758934,29.0
1708587240000.0,75334,1708587240000.0,0.5135999999999967,-0.00596392,1102.505869500003,1103.566869500003,-0.01,2981.96,0.02,2930.6000000000004,long_nclose,58.61200000000001,0.05316252876420614,4.0
1708589100000.0,75365,1708589100000.0,0.7550999999999977,-0.006012220000000001,1103.254957280003,1104.015757280003,-0.01,3006.11,0.01,2930.6000000000004,long_nclose,29.306000000000004,0.026563216241739688,31.0
1708590540000.0,75389,1708590540000.0,0.7550999999999977,-0.006012220000000001,1104.0040450600031,1104.0040450600031,-0.01,3006.11,0.0,2930.6000000000004,long_nclose,0.0,0.0,24.0
1708600320000.0,75552,1708600320000.0,0.0,-0.011937040000000003,1103.9921080200031,1104.030308020003,0.02,2984.26,0.02,2984.26,long_ientry_normal,59.68520000000001,0.05406306763102203,163.0
1708607700000.0,75675,1708607700000.0,0.0,-0.011842680000000001,1103.9802653400031,1103.304065340003,0.02,2960.67,0.04,2972.465,long_rentry,118.8986,0.10769993244705482,123.0
1708607940000.0,75679,1708607940000.0,0.0,-0.01176772,1103.968497620003,1103.254097620003,0.02,2941.93,0.06,2962.286666666667,long_rentry,177.7372,0.16099843463212563,4.0
1708615920000.0,75812,1708615920000.0,0.2749333333333334,-0.005979560000000001,1104.2374513933364,1105.888118060003,-0.01,2989.78,0.05,2962.286666666667,long_nclose,148.11433333333335,0.1341326841853094,133.0
1708616100000.0,75815,1708616100000.0,0.2749333333333334,-0.005979560000000001,1104.5064051666698,1105.753738500003,-0.01,2989.78,0.04,2962.286666666667,long_nclose,118.49146666666668,0.10728001767340258,3.0
1708616280000.0,75818,1708616280000.0,0.2749333333333334,-0.005979560000000001,1104.7753589400031,1105.6937589400031,-0.01,2989.78,0.03,2962.286666666667,long_nclose,88.8686,0.08044042554068784,3.0
1708616520000.0,75822,1708616520000.0,0.2749333333333334,-0.005979560000000001,1105.0443127133365,1105.5833793800032,-0.01,2989.78,0.02,2962.286666666667,long_nclose,59.24573333333334,0.053613898240750905,4.0
1708616580000.0,75823,1708616580000.0,0.2749333333333334,-0.005979560000000001,1105.3132664866698,1105.5575998200031,-0.01,2989.78,0.01,2962.286666666667,long_nclose,29.62286666666667,0.026800426236469065,1.0
1708617480000.0,75838,1708617480000.0,0.2749333333333334,-0.005979560000000001,1105.5822202600032,1105.5822202600032,-0.01,2989.78,0.0,2962.286666666667,long_nclose,0.0,0.0,15.0
1708637640000.0,76174,1708637640000.0,0.0,-0.01190124,1105.5703190200031,1105.6797190200032,0.02,2975.31,0.02,2975.31,long_ientry_normal,59.5062,0.053823984758153906,336.0
1708656780000.0,76493,1708656780000.0,0.0,-0.011807280000000002,1105.558511740003,1105.103111740003,0.02,2951.82,0.04,2963.565,long_rentry,118.54260000000001,0.10722417560100878,319.0
1708674360000.0,76786,1708674360000.0,0.0,-0.01173272,1105.546779020003,1104.315179020003,0.02,2933.18,0.06,2953.436666666667,long_rentry,177.20620000000002,0.16028828753594856,293.0
1708678320000.0,76852,1708678320000.0,0.0,-0.01749738,1105.529281640003,1103.511081640003,0.03,2916.23,0.09,2941.0344444444445,long_rentry,264.6931,0.23942658452912227,66.0
1708769760000.0,78376,1708769760000.0,0.2729555555555544,-0.00593666,1105.7963005355587,1107.8143449800032,-0.01,2968.33,0.08,2941.0344444444445,long_nclose,235.28275555555555,0.21277223973493448,1524.0
1708782480000.0,78588,1708782480000.0,0.2729555555555544,-0.00593666,1106.0633194311142,1107.9376083200032,-0.01,2968.33,0.07,2941.0344444444445,long_nclose,205.87241111111112,0.1861307643914982,212.0
1708783260000.0,78601,1708783260000.0,0.2729555555555544,-0.00593666,1106.3303383266698,1107.843871660003,-0.01,2968.33,0.06,2941.0344444444445,long_nclose,176.46206666666666,0.15950214918047573,13.0
1708794120000.0,78782,1708794120000.0,0.2729555555555544,-0.00593666,1106.5973572222254,1107.965135000003,-0.01,2968.33,0.05,2941.0344444444445,long_nclose,147.05172222222222,0.13288638479252352,181.0
1708796340000.0,78819,1708796340000.0,0.5153555555555568,-0.005985140000000001,1107.106727637781,1109.1953498600033,-0.01,2992.57,0.04,2941.0344444444445,long_nclose,117.64137777777778,0.10626019591515592,37.0
1708796580000.0,78823,1708796580000.0,0.5153555555555568,-0.005985140000000001,1107.6160980533366,1109.1444647200033,-0.01,2992.57,0.03,2941.0344444444445,long_nclose,88.23103333333333,0.07965849673763464,4.0
1708796640000.0,78824,1708796640000.0,0.5153555555555568,-0.005985140000000001,1108.1254684688922,1109.3149795800034,-0.01,2992.57,0.02,2941.0344444444445,long_nclose,58.82068888888889,0.05308125348852599,1.0
1708797420000.0,78837,1708797420000.0,0.5153555555555568,-0.005985140000000001,1108.6348388844478,1109.1689944400034,-0.01,2992.57,0.01,2941.0344444444445,long_nclose,29.410344444444444,0.026528432458462422,13.0
1708799700000.0,78875,1708799700000.0,0.5153555555555568,-0.005985140000000001,1109.1442093000035,1109.1442093000035,-0.01,2992.57,0.0,2941.0344444444445,long_nclose,0.0,0.0,38.0
1708879320000.0,80202,1708879320000.0,0.0,-0.01211448,1109.1320948200034,1109.2556948200033,0.02,3028.62,0.02,3028.62,long_ientry_normal,60.5724,0.054612431001584215,1327.0
1708881540000.0,80239,1708881540000.0,0.2811000000000013,-0.00611346,1109.4070813600033,1109.6699813600032,-0.01,3056.73,0.01,3028.62,long_nclose,30.2862,0.02729944716313931,37.0
1708882980000.0,80263,1708882980000.0,0.2811000000000013,-0.00611346,1109.6820679000032,1109.6820679000032,-0.01,3056.73,0.0,3028.62,long_nclose,0.0,0.0,24.0
1708939080000.0,81198,1708939080000.0,0.0,-0.0061567,1109.6759112000032,1109.6484112000032,0.01,3078.35,0.01,3078.35,long_ientry_normal,30.7835,0.027740982470017515,935.0
1708939260000.0,81201,1708939260000.0,0.0,-0.0122304,1109.6636808000032,1109.5647808000033,0.02,3057.6,0.03,3064.516666666667,long_rentry,91.9355,0.08284987748154453,3.0
1708958700000.0,81525,1708958700000.0,0.2844333333333316,-0.00618592,1109.9419282133365,1110.595594880003,-0.01,3092.96,0.02,3064.516666666667,long_nclose,61.290333333333336,0.05521940542600443,324.0
1708960020000.0,81547,1708960020000.0,0.5370333333333293,-0.00623644,1110.4727251066697,1111.021658440003,-0.01,3118.22,0.01,3064.516666666667,long_nclose,30.645166666666668,0.027596505500594764,22.0
1708960500000.0,81555,1708960500000.0,0.5370333333333293,-0.00623644,1111.003522000003,1111.003522000003,-0.01,3118.22,0.0,3064.516666666667,long_nclose,0.0,0.0,8.0
1709009820000.0,82377,1709009820000.0,0.0,-0.00640744,1110.997114560003,1111.0364145600029,0.01,3203.72,0.01,3203.72,long_ientry_normal,32.0372,0.028836438529084702,822.0
1709015820000.0,82477,1709015820000.0,0.2974000000000024,-0.006466920000000001,1111.2880476400028,1111.2880476400028,-0.01,3233.46,0.0,3203.72,long_nclose,0.0,0.0,100.0
1709045160000.0,82966,1709045160000.0,0.0,-0.006483,1111.281564640003,1111.3115646400029,0.01,3241.5,0.01,3241.5,long_ientry_normal,32.415,0.029169025233043225,489.0
1709050080000.0,83048,1709050080000.0,0.0,-0.006438880000000001,1111.275125760003,1111.063725760003,0.01,3219.44,0.02,3230.4700000000003,long_rentry,64.60940000000001,0.05813987778752226,82.0
1709063580000.0,83273,1709063580000.0,0.2997999999999956,-0.0065209000000000005,1111.568404860003,1111.8434048600031,-0.01,3260.45,0.01,3230.4700000000003,long_nclose,32.304700000000004,0.029062269005449677,225.0
1709063640000.0,83274,1709063640000.0,0.2997999999999956,-0.0065209000000000005,1111.8616839600031,1111.8616839600031,-0.01,3260.45,0.0,3230.4700000000003,long_nclose,0.0,0.0,1.0
1709120700000.0,84225,1709120700000.0,0.0,-0.0066304200000000015,1111.8550535400032,1111.8656535400032,0.01,3315.21,0.01,3315.21,long_ientry_normal,33.152100000000004,0.02981692613119668,951.0
1709121120000.0,84232,1709121120000.0,0.0,-0.006585120000000001,1111.8484684200032,1111.5011684200033,0.01,3292.56,0.02,3303.885,long_rentry,66.07770000000001,0.059430490644017335,7.0
1709125560000.0,84306,1709125560000.0,0.30664999999999965,-0.006669100000000001,1112.1484493200032,1112.4488993200032,-0.01,3334.55,0.01,3303.885,long_nclose,33.038850000000004,0.02970723019953031,74.0
1709125680000.0,84308,1709125680000.0,0.30664999999999965,-0.006669100000000001,1112.4484302200033,1112.4484302200033,-0.01,3334.55,0.0,3303.885,long_nclose,0.0,0.0,2.0
1709141400000.0,84570,1709141400000.0,0.0,-0.0067491800000000005,1112.4416810400032,1112.4942810400032,0.01,3374.59,0.01,3374.59,long_ientry_normal,33.7459,0.03033498346488736,262.0
1709141460000.0,84571,1709141460000.0,0.0,-0.0067029,1112.4349781400033,1109.3233781400033,0.01,3351.45,0.02,3363.02,long_rentry,67.2604,0.06046232033485653,1.0
1709141460000.0,84571,1709141460000.0,0.0,-0.006670980000000001,1112.4283071600032,1108.0362071600032,0.01,3335.49,0.03,3353.843333333334,long_rentry,100.61530000000002,0.09044654774820314,0.0
1709141460000.0,84571,1709141460000.0,0.0,-0.013287760000000001,1112.4150194000033,1105.7329194000033,0.02,3321.94,0.05,3341.0820000000003,long_rentry,167.05410000000003,0.15017245999618292,0.0
1709141460000.0,84571,1709141460000.0,0.0,-0.019802939999999998,1112.3952164600032,1102.9216164600032,0.03,3300.49,0.08,3325.8600000000006,long_rentry,266.06880000000007,0.23918549456434732,0.0
1709141460000.0,84571,1709141460000.0,0.0,-0.02617896,1112.3690375000033,1100.2982375000033,0.04,3272.37,0.12,3308.0300000000007,long_rentry,396.96360000000004,0.35686322310099255,0.0
1709141460000.0,84571,1709141460000.0,0.0,-0.03885156,1112.3301859400033,1098.4479859400033,0.06,3237.63,0.18,3284.5633333333335,long_rentry,591.2214,0.5315160978935164,0.0
1709141460000.0,84571,1709141460000.0,0.0,-0.05740776,1112.2727781800033,1100.0213781800035,0.09,3189.32,0.27,3252.8155555555554,long_rentry,878.2602,0.7896086438769859,0.0
1709141520000.0,84572,1709141520000.0,1.207777777777792,-0.026264080000000002,1113.4542918777813,1129.7830141000036,-0.04,3283.01,0.23,3252.8155555555554,long_nclose,748.1475777777778,0.6719158417505102,1.0
1709141520000.0,84572,1709141520000.0,2.28017777777779,-0.026478560000000005,1115.707991095559,1129.1969355400036,-0.04,3309.82,0.19,3252.8155555555554,long_nclose,618.0349555555555,0.553939705091367,0.0
1709141520000.0,84572,1709141520000.0,3.3525777777777876,-0.026693040000000005,1119.0338758333367,1129.6830425000032,-0.04,3336.63,0.15,3252.8155555555554,long_nclose,487.9223333333333,0.43602105697647536,0.0
1709141580000.0,84573,1709141580000.0,2.5144333333333404,-0.02001978,1121.52828938667,1126.4272227200033,-0.03,3336.63,0.12,3252.8155555555554,long_nclose,390.3378666666666,0.34804103504168465,1.0
1709141640000.0,84574,1709141640000.0,1.140088888888895,-0.013239280000000003,1122.6551389955587,1130.1505834400032,-0.02,3309.82,0.1,3252.8155555555554,long_nclose,325.28155555555554,0.2897430780449511,1.0
1709141640000.0,84574,1709141640000.0,1.6762888888888938,-0.013346520000000002,1124.3180813644476,1130.3144369200031,-0.02,3336.63,0.08,3252.8155555555554,long_nclose,260.22524444444446,0.23145162277265954,0.0
1709141880000.0,84578,1709141880000.0,0.301944444444448,-0.0065660200000000005,1124.613459788892,1127.466270900003,-0.01,3283.01,0.07,3252.8155555555554,long_nclose,227.6970888888889,0.20246697823768828,4.0
1709141940000.0,84579,1709141940000.0,0.5700444444444475,-0.006619640000000001,1125.1768845933364,1128.799351260003,-0.01,3309.82,0.06,3252.8155555555554,long_nclose,195.1689333333333,0.1734562236442243,1.0
1709142120000.0,84582,1709142120000.0,0.5700444444444475,-0.006619640000000001,1125.7403093977807,1129.518031620003,-0.01,3309.82,0.05,3252.8155555555554,long_nclose,162.64077777777777,0.14447450839242232,3.0
1709142180000.0,84583,1709142180000.0,0.8381444444444469,-0.006673260000000001,1126.571780582225,1130.3571583600028,-0.01,3336.63,0.04,3252.8155555555554,long_nclose,130.11262222222223,0.11549430268436028,1.0
1709142240000.0,84584,1709142240000.0,1.1062444444444464,-0.00672688,1127.6712981466694,1131.1910314800027,-0.01,3363.44,0.03,3252.8155555555554,long_nclose,97.58446666666666,0.08653626888176277,1.0
1709142420000.0,84587,1709142420000.0,0.8381444444444469,-0.006673260000000001,1128.5027693311138,1130.2826582200028,-0.01,3336.63,0.02,3252.8155555555554,long_nclose,65.05631111111111,0.05764833979953039,3.0
1709142540000.0,84589,1709142540000.0,1.1062444444444464,-0.00672688,1129.602286895558,1130.6293313400026,-0.01,3363.44,0.01,3252.8155555555554,long_nclose,32.52815555555556,0.028796113404613775,2.0
1709142600000.0,84590,1709142600000.0,1.1062444444444464,-0.00672688,1130.7018044600024,1130.7018044600024,-0.01,3363.44,0.0,3252.8155555555554,long_nclose,0.0,0.0,1.0
1709142660000.0,84591,1709142660000.0,0.0,-0.00671578,1130.6950886800025,1130.5933886800026,0.01,3357.89,0.01,3357.89,long_ientry_normal,33.5789,0.0296975730558808,1.0
1709143080000.0,84598,1709143080000.0,0.0,-0.006669920000000001,1130.6884187600026,1130.5937187600025,0.01,3334.96,0.02,3346.425,long_rentry,66.9285,0.059192699677068236,7.0
1709143440000.0,84604,1709143440000.0,0.0,-0.006638420000000001,1130.6817803400027,1130.0864803400027,0.01,3319.21,0.03,3337.3533333333335,long_rentry,100.1206,0.08854887532537505,6.0
1709143500000.0,84605,1709143500000.0,0.0,-0.01322356,1130.6685567800027,1129.8676567800028,0.02,3305.89,0.05,3324.768,long_rentry,166.2384,0.14702664101089483,1.0
1709144400000.0,84620,1709144400000.0,0.0,-0.01970898,1130.6488478000028,1128.6007478000029,0.03,3284.83,0.08,3309.79125,long_rentry,264.7833,0.23418703385689624,15.0
1709144520000.0,84622,1709144520000.0,0.0,-0.02605832,1130.622789480003,1126.5822894800028,0.04,3257.29,0.12,3292.2908333333344,long_rentry,395.0749000000001,0.34943121939166233,2.0
1709144580000.0,84623,1709144580000.0,0.0,-0.03867972,1130.584109760003,1122.250609760003,0.06,3223.31,0.18,3269.2972222222224,long_rentry,588.4735000000001,0.5205039544779375,1.0
1709145720000.0,84642,1709145720000.0,0.9102833333333228,-0.01979784,1131.4745952533365,1136.342511920003,-0.03,3299.64,0.15,3269.2972222222224,long_nclose,490.39458333333334,0.43341192580955323,19.0
1709145900000.0,84645,1709145900000.0,0.6068555555555486,-0.013198560000000002,1132.068252248892,1136.4483133600029,-0.02,3299.64,0.13,3269.2972222222224,long_nclose,425.0086388888889,0.37542669184883054,3.0
1709146680000.0,84658,1709146680000.0,1.145855555555554,-0.013306360000000001,1133.2008014444475,1139.621807000003,-0.02,3326.59,0.11,3269.2972222222224,long_nclose,359.62269444444445,0.31735125318129603,13.0
1709146800000.0,84660,1709146800000.0,1.145855555555554,-0.013306360000000001,1134.3333506400031,1139.8173006400032,-0.02,3326.59,0.09,3269.2972222222224,long_nclose,294.23675000000003,0.2593917827012566,2.0
1709147160000.0,84666,1709147160000.0,0.572927777777777,-0.006653180000000001,1134.8996252377808,1139.290247460003,-0.01,3326.59,0.08,3269.2972222222224,long_nclose,261.5437777777778,0.2304554270365363,6.0
1709147220000.0,84667,1709147220000.0,0.572927777777777,-0.006653180000000001,1135.4658998355585,1139.6163942800029,-0.01,3326.59,0.07,3269.2972222222224,long_nclose,228.85080555555558,0.20154793339782237,1.0
1709147340000.0,84669,1709147340000.0,0.572927777777777,-0.006653180000000001,1136.0321744333362,1139.025741100003,-0.01,3326.59,0.06,3269.2972222222224,long_nclose,196.15783333333334,0.17266925862480856,2.0
1709147760000.0,84676,1709147760000.0,0.572927777777777,-0.006653180000000001,1136.598449031114,1139.5125879200027,-0.01,3326.59,0.05,3269.2972222222224,long_nclose,163.46486111111113,0.1438193596432018,7.0
1709148480000.0,84688,1709148480000.0,0.572927777777777,-0.006653180000000001,1137.1647236288916,1139.4832347400027,-0.01,3326.59,0.04,3269.2972222222224,long_nclose,130.7718888888889,0.11499819346450786,12.0
1709148600000.0,84690,1709148600000.0,0.572927777777777,-0.006653180000000001,1137.7309982266693,1139.2295815600025,-0.01,3326.59,0.03,3269.2972222222224,long_nclose,98.07891666666667,0.08620571718581801,2.0
1709149380000.0,84703,1709149380000.0,0.3034277777777743,-0.006599280000000001,1138.027826724447,1138.5610822800027,-0.01,3299.64,0.02,3269.2972222222224,long_nclose,65.38594444444445,0.05745548826573331,13.0
1709149680000.0,84708,1709149680000.0,0.3034277777777743,-0.006599280000000001,1138.324655222225,1138.6098830000028,-0.01,3299.64,0.01,3269.2972222222224,long_nclose,32.692972222222224,0.028720253112535694,5.0
1709149740000.0,84709,1709149740000.0,0.3034277777777743,-0.006599280000000001,1138.6214837200027,1138.6214837200027,-0.01,3299.64,0.0,3269.2972222222224,long_nclose,0.0,0.0,1.0
1709149800000.0,84710,1709149800000.0,0.0,-0.006604300000000001,1138.6148794200028,1138.6392794200028,0.01,3302.15,0.01,3302.15,long_ientry_normal,33.0215,0.02900146537415774,1.0
1709150760000.0,84726,1709150760000.0,0.0,-0.0065594,1138.6083200200028,1138.2776200200028,0.01,3279.7,0.02,3290.925,long_rentry,65.8185,0.05780609437215751,16.0
1709150880000.0,84728,1709150880000.0,0.0,-0.006528740000000001,1138.6017912800028,1138.0751912800029,0.01,3264.37,0.03,3282.0733333333337,long_rentry,98.46220000000001,0.08647641410199255,2.0
1709155200000.0,84800,1709155200000.0,0.3046666666666624,-0.00662508,1138.8998328666694,1139.5297662000028,-0.01,3312.54,0.02,3282.0733333333337,long_nclose,65.64146666666667,0.057635855913196275,72.0
1709155560000.0,84806,1709155560000.0,0.3046666666666624,-0.00662508,1139.197874453336,1139.5534411200026,-0.01,3312.54,0.01,3282.0733333333337,long_nclose,32.82073333333334,0.028810388492941087,6.0
1709158020000.0,84847,1709158020000.0,0.5751666666666643,-0.006679180000000002,1139.7663619400028,1139.7663619400028,-0.01,3339.59,0.0,3282.0733333333337,long_nclose,0.0,0.0,41.0
1709199060000.0,85531,1709199060000.0,0.0,-0.006899560000000002,1139.7594623800028,1139.8596623800029,0.01,3449.78,0.01,3449.78,long_ientry_normal,34.497800000000005,0.030267614473639026,684.0
1709203740000.0,85609,1709203740000.0,0.3201999999999998,-0.006963600000000001,1140.0726987800026,1140.0726987800026,-0.01,3481.8,0.0,3449.78,long_nclose,0.0,0.0,78.0
1709208360000.0,85686,1709208360000.0,0.0,-0.00693164,1140.0657671400027,1140.0242671400026,0.01,3465.82,0.01,3465.82,long_ientry_normal,34.6582,0.030400176024006426,77.0
1709217120000.0,85832,1709217120000.0,0.3216999999999962,-0.006995980000000001,1140.3804711600026,1140.3804711600026,-0.01,3497.99,0.0,3465.82,long_nclose,0.0,0.0,146.0
1709217960000.0,85846,1709217960000.0,0.0,-0.006916360000000001,1140.3735548000025,1140.3790548000025,0.01,3458.18,0.01,3458.18,long_ientry_normal,34.5818,0.030324975403401844,14.0
1709223480000.0,85938,1709223480000.0,0.0,-0.00686894,1140.3666858600025,1140.2483858600024,0.01,3434.47,0.02,3446.325,long_rentry,68.9265,0.060442400549450805,92.0
1709224800000.0,85960,1709224800000.0,0.0,-0.0068362200000000005,1140.3598496400025,1139.4856496400025,0.01,3418.11,0.03,3436.92,long_rentry,103.1076,0.09041672243419462,22.0
1709224800000.0,85960,1709224800000.0,0.0,-0.01361692,1140.3462327200025,1139.5430327200024,0.02,3404.23,0.05,3423.844,long_rentry,171.1922,0.15012300219703018,0.0
1709226180000.0,85983,1709226180000.0,0.31775999999999843,-0.00691124,1140.6570814800025,1141.8513214800025,-0.01,3455.62,0.04,3423.844,long_nclose,136.95376000000002,0.12006567286839838,23.0
1709228460000.0,86021,1709228460000.0,0.0,-0.013547200000000002,1140.6435342800025,1139.0063742800025,0.02,3386.8,0.06,3411.496000000001,long_rentry,204.68976000000006,0.17945112022153742,38.0
1709228520000.0,86022,1709228520000.0,0.0,-0.02019378,1140.6233405000025,1138.7929805000024,0.03,3365.63,0.09,3396.2073333333337,long_rentry,305.65866,0.26797510549452,1.0
1709241000000.0,86230,1709241000000.0,0.0,-0.033372700000000005,1140.5899678000026,1135.6314078000025,0.05,3337.27,0.14,3375.1582857142857,long_rentry,472.52216000000004,0.4142787270971813,208.0
1709281920000.0,86912,1709281920000.0,0.6264342857142856,-0.01362592,1141.2027761657168,1145.2925818800024,-0.02,3406.48,0.12,3375.1582857142857,long_nclose,405.01899428571426,0.3549053706708653,682.0
1709282460000.0,86921,1709282460000.0,1.1828342857142888,-0.013737200000000001,1142.3718732514312,1148.5100446800027,-0.02,3434.3,0.1,3375.1582857142857,long_nclose,337.5158285714286,0.2954518020570547,9.0
1709282580000.0,86923,1709282580000.0,1.1828342857142888,-0.013737200000000001,1143.5409703371456,1148.2691074800027,-0.02,3434.3,0.08,3375.1582857142857,long_nclose,270.01266285714286,0.2361197979443938,2.0
1709282640000.0,86924,1709282640000.0,0.5914171428571444,-0.006868600000000001,1144.1255188800028,1148.4929388800028,-0.01,3434.3,0.07,3375.1582857142857,long_nclose,236.26108000000002,0.20649926612184877,1.0
1709282760000.0,86926,1709282760000.0,0.5914171428571444,-0.006868600000000001,1144.71006742286,1148.3839702800028,-0.01,3434.3,0.06,3375.1582857142857,long_nclose,202.50949714285713,0.17690898586991233,2.0
1709282940000.0,86929,1709282940000.0,0.5914171428571444,-0.006868600000000001,1145.2946159657172,1148.380201680003,-0.01,3434.3,0.05,3375.1582857142857,long_nclose,168.7579142857143,0.14734891086815852,3.0
1709284080000.0,86948,1709284080000.0,0.5914171428571444,-0.006868600000000001,1145.8791645085744,1148.174033080003,-0.01,3434.3,0.04,3375.1582857142857,long_nclose,135.00633142857143,0.11781899489067917,19.0
1709287140000.0,86999,1709287140000.0,0.5914171428571444,-0.006868600000000001,1146.4637130514316,1148.185164480003,-0.01,3434.3,0.03,3375.1582857142857,long_nclose,101.25474857142856,0.0883191918058432,51.0
1709290200000.0,87050,1709290200000.0,0.3132171428571428,-0.00681296,1146.7701172342888,1147.405151520003,-0.01,3406.48,0.02,3375.1582857142857,long_nclose,67.50316571428571,0.058863729268674864,51.0
1709290320000.0,87052,1709290320000.0,0.3132171428571428,-0.00681296,1147.076521417146,1147.4139385600033,-0.01,3406.48,0.01,3375.1582857142857,long_nclose,33.75158285714286,0.029424002869001927,2.0
1709292420000.0,87087,1709292420000.0,0.3132171428571428,-0.00681296,1147.3829256000033,1147.3829256000033,-0.01,3406.48,0.0,3375.1582857142857,long_nclose,0.0,0.0,35.0
1709304000000.0,87280,1709304000000.0,0.0,-0.0068252,1147.3761004000032,1147.3342004000033,0.01,3412.6,0.01,3412.6,long_ientry_normal,34.126,0.029742644968901517,193.0
1709304000000.0,87280,1709304000000.0,0.0,-0.00677858,1147.3693218200033,1147.5186218200033,0.01,3389.29,0.02,3400.9449999999997,long_rentry,68.0189,0.05928248098189142,0.0
1709317740000.0,87509,1709317740000.0,0.3156500000000051,-0.006865020000000001,1147.6781068000032,1147.9925568000033,-0.01,3432.51,0.01,3400.9449999999997,long_nclose,34.00945,0.029633265458749888,229.0
1709317800000.0,87510,1709317800000.0,0.3156500000000051,-0.006865020000000001,1147.9868917800031,1147.9868917800031,-0.01,3432.51,0.0,3400.9449999999997,long_nclose,0.0,0.0,1.0
1709356500000.0,88155,1709356500000.0,0.0,-0.0068273200000000004,1147.9800644600032,1147.9566644600031,0.01,3413.66,0.01,3413.66,long_ientry_normal,34.1366,0.02973623066882914,645.0
1709360220000.0,88217,1709360220000.0,0.3168000000000029,-0.006890680000000001,1148.2899737800033,1148.2899737800033,-0.01,3445.34,0.0,3413.66,long_nclose,0.0,0.0,62.0
1709367720000.0,88342,1709367720000.0,0.0,-0.00681944,1148.2831543400032,1148.3193543400032,0.01,3409.72,0.01,3409.72,long_ientry_normal,34.0972,0.029694069682314545,125.0
1709439480000.0,89538,1709439480000.0,0.3165000000000009,-0.00688274,1148.592771600003,1148.592771600003,-0.01,3441.37,0.0,3409.72,long_nclose,0.0,0.0,1196.0
1709450700000.0,89725,1709450700000.0,0.0,-0.0067985,1148.585973100003,1148.583073100003,0.01,3399.25,0.01,3399.25,long_ientry_normal,33.9925,0.029595085432094513,187.0
1709450820000.0,89727,1709450820000.0,0.0,-0.0067521000000000005,1148.579221000003,1148.1556210000028,0.01,3376.05,0.02,3387.65,long_rentry,67.753,0.05898853014336381,2.0
1709450820000.0,89727,1709450820000.0,0.0,-0.00672028,1148.5725007200028,1148.2122007200028,0.01,3360.14,0.03,3378.4800000000005,long_rentry,101.35440000000001,0.08824379822472175,0.0
1709456760000.0,89826,1709456760000.0,0.3135999999999967,-0.006819680000000002,1148.8792810400028,1149.5786810400027,-0.01,3409.84,0.02,3378.4800000000005,long_nclose,67.56960000000001,0.058813489907167456,99.0
1709457060000.0,89831,1709457060000.0,0.3135999999999967,-0.006819680000000002,1149.1860613600027,1149.4812613600027,-0.01,3409.84,0.01,3378.4800000000005,long_nclose,33.784800000000004,0.029398894692489942,5.0
1709457120000.0,89832,1709457120000.0,0.3135999999999967,-0.006819680000000002,1149.4928416800026,1149.4928416800026,-0.01,3409.84,0.0,3378.4800000000005,long_nclose,0.0,0.0,1.0
1709513340000.0,90769,1709513340000.0,0.0,-0.006940520000000001,1149.4859011600026,1149.2995011600026,0.01,3470.26,0.01,3470.26,long_ientry_normal,34.702600000000004,0.030189669977665586,937.0
1709513340000.0,90769,1709513340000.0,0.0,-0.00689298,1149.4790081800027,1149.3439081800027,0.01,3446.49,0.02,3458.375,long_rentry,69.1675,0.06017291269156324,0.0
1709513340000.0,90769,1709513340000.0,0.0,-0.0068602,1149.4721479800028,1149.5522479800027,0.01,3430.1,0.03,3448.9500000000003,long_rentry,103.4685,0.09001392524545104,0.0
1709513400000.0,90770,1709513400000.0,0.32009999999999766,-0.006961920000000001,1149.7852860600026,1150.3712860600026,-0.01,3480.96,0.02,3448.9500000000003,long_nclose,68.97900000000001,0.0599929402787646,1.0
1709513460000.0,90771,1709513460000.0,0.32009999999999766,-0.006961920000000001,1150.0984241400024,1150.5457241400024,-0.01,3480.96,0.01,3448.9500000000003,long_nclose,34.48950000000001,0.029988302980060055,1.0
1709513580000.0,90773,1709513580000.0,0.32009999999999766,-0.006961920000000001,1150.4115622200022,1150.4115622200022,-0.01,3480.96,0.0,3448.9500000000003,long_nclose,0.0,0.0,2.0
1709518200000.0,90850,1709518200000.0,0.0,-0.006928840000000001,1150.4046333800022,1150.4168333800021,0.01,3464.42,0.01,3464.42,long_ientry_normal,34.644200000000005,0.030114795259657403,77.0
1709519760000.0,90876,1709519760000.0,0.3215000000000009,-0.006993140000000001,1150.7191402400022,1150.7191402400022,-0.01,3496.57,0.0,3464.42,long_nclose,0.0,0.0,26.0
1709548680000.0,91358,1709548680000.0,0.0,-0.006977580000000001,1150.7121626600022,1150.7221626600021,0.01,3488.79,0.01,3488.79,long_ientry_normal,34.8879,0.03031852893546606,482.0
1709557980000.0,91513,1709557980000.0,0.3238000000000011,-0.00704234,1151.028920320002,1151.028920320002,-0.01,3521.17,0.0,3488.79,long_nclose,0.0,0.0,155.0
1709560980000.0,91563,1709560980000.0,0.0,-0.006967340000000001,1151.021952980002,1150.9082529800019,0.01,3483.67,0.01,3483.67,long_ientry_normal,34.8367,0.030265886684270094,50.0
1709562900000.0,91595,1709562900000.0,0.32329999999999925,-0.007032000000000001,1151.338220980002,1151.338220980002,-0.01,3516.0,0.0,3483.67,long_nclose,0.0,0.0,32.0
1709614980000.0,92463,1709614980000.0,0.0,-0.007314440000000001,1151.330906540002,1151.325606540002,0.01,3657.22,0.01,3657.22,long_ientry_normal,36.5722,0.03176515091556724,868.0
1709615400000.0,92470,1709615400000.0,0.33940000000000053,-0.00738232,1151.662924220002,1151.662924220002,-0.01,3691.16,0.0,3657.22,long_nclose,0.0,0.0,7.0
1709624760000.0,92626,1709624760000.0,0.0,-0.0073700400000000004,1151.655554180002,1151.711554180002,0.01,3685.02,0.01,3685.02,long_ientry_normal,36.8502,0.031997588051609724,156.0
1709626140000.0,92649,1709626140000.0,0.0,-0.00731896,1151.6482352200019,1151.3840352200018,0.01,3659.48,0.02,3672.25,long_rentry,73.44500000000001,0.0637738136992583,23.0
1709628120000.0,92682,1709628120000.0,0.34079999999999927,-0.00741266,1151.9816225600018,1152.3102225600019,-0.01,3706.33,0.01,3672.25,long_nclose,36.722500000000004,0.031877678671985314,33.0
1709630640000.0,92724,1709630640000.0,0.34079999999999927,-0.00741266,1152.3150099000018,1152.3150099000018,-0.01,3706.33,0.0,3672.25,long_nclose,0.0,0.0,42.0
1709654700000.0,93125,1709654700000.0,0.0,-0.007520180000000001,1152.3074897200017,1152.3189897200018,0.01,3760.09,0.01,3760.09,long_ientry_normal,37.6009,0.03263096034300412,401.0
1709654760000.0,93126,1709654760000.0,0.0,-0.007467860000000001,1152.3000218600018,1152.2830218600018,0.01,3733.93,0.02,3747.01,long_rentry,74.9402,0.06503531942925263,1.0
1709654820000.0,93127,1709654820000.0,0.0,-0.00743116,1152.292590700002,1151.9840907000018,0.01,3715.58,0.03,3736.5333333333338,long_rentry,112.096,0.097280847681146,1.0
1709654880000.0,93128,1709654880000.0,0.0,-0.014799440000000002,1152.277791260002,1151.971591260002,0.02,3699.86,0.05,3721.864,long_rentry,186.09320000000002,0.1615002922138327,1.0
1709655300000.0,93135,1709655300000.0,0.0,-0.02204868,1152.255742580002,1150.782342580002,0.03,3674.78,0.08,3704.2075,long_rentry,296.33660000000003,0.2571795384039278,7.0
1709656140000.0,93149,1709656140000.0,0.34382500000000166,-0.00747718,1152.592090400002,1154.564865400002,-0.01,3738.59,0.07,3704.2075,long_nclose,259.294525,0.2249664275502819,14.0
1709658420000.0,93187,1709658420000.0,0.0,-0.029175680000000002,1152.562914720002,1147.758089720002,0.04,3646.96,0.11,3683.3902272727273,long_rentry,405.172925,0.35154083115578183,38.0
1709658540000.0,93189,1709658540000.0,0.0,-0.04327044,1152.519644280002,1143.241019280002,0.06,3605.87,0.17,3656.0301470588233,long_rentry,621.525125,0.5392750814137116,2.0
1709661420000.0,93237,1709661420000.0,0.6785970588235342,-0.01475984,1153.1834814988256,1158.883459440002,-0.02,3689.96,0.15,3656.0301470588233,long_nclose,548.4045220588234,0.47555703915047964,48.0
1709661540000.0,93239,1709661540000.0,0.6785970588235342,-0.01475984,1153.8473187176492,1158.6273996000023,-0.02,3689.96,0.13,3656.0301470588233,long_nclose,475.28391911764703,0.41191231405370266,2.0
1709666220000.0,93317,1709666220000.0,0.0,-0.04997076000000001,1153.7973479576492,1141.1376288400022,0.07,3569.34,0.2,3625.6885955882353,long_rentry,725.1377191176471,0.6284792735927346,78.0
1709667360000.0,93336,1709667360000.0,0.0,-0.08412072000000001,1153.713227237649,1127.923908120002,0.12,3505.03,0.32,3580.441622242647,long_rentry,1145.7413191176472,0.993090216934507,19.0
1709668440000.0,93354,1709668440000.0,0.0,-0.006807240000000001,1153.7064199976492,1094.7772008800023,0.01,3403.62,0.33,3575.083391265597,long_rentry,1179.7775191176472,1.022597689211135,18.0
1709674080000.0,93448,1709674080000.0,-0.5452339126559719,-0.00704112,1153.1541449649933,1136.753059760002,-0.01,3520.56,0.32,3575.083391265597,unstuck_close_long,1144.026685204991,0.9920847877971428,94.0
1709700600000.0,93890,1709700600000.0,1.6593304367201427,-0.0360827,1154.7773927017136,1164.6476770600023,-0.05,3608.27,0.27,3575.083391265597,long_nclose,965.2725156417113,0.8358948847997125,442.0
1709700840000.0,93894,1709700840000.0,3.1323304367201446,-0.0363773,1157.8733458384338,1173.0569997600023,-0.05,3637.73,0.22,3575.083391265597,long_nclose,786.5183460784314,0.6792783933625326,4.0
1709701200000.0,93900,1709701200000.0,4.605830436720135,-0.036672,1162.442504275154,1178.8690277600026,-0.05,3667.2,0.17,3575.083391265597,long_nclose,607.7641765151516,0.5228337524479333,6.0
1709701380000.0,93903,1709701380000.0,3.6846643493761078,-0.0293376,1166.0978310245303,1177.9767901600026,-0.04,3667.2,0.13,3575.083391265597,long_nclose,464.76084086452767,0.39856076265590007,3.0
1709701440000.0,93904,1709701440000.0,2.7634982620320807,-0.0220032,1168.8393260865623,1178.2939869600027,-0.03,3667.2,0.1,3575.083391265597,long_nclose,357.50833912655975,0.3058661110621147,1.0
1709701560000.0,93906,1709701560000.0,1.8423321746880539,-0.0146688,1170.6669894612503,1178.2067181600025,-0.02,3667.2,0.08,3575.083391265597,long_nclose,286.00667130124776,0.24431087053447212,2.0
1709701800000.0,93910,1709701800000.0,2.431732174688059,-0.014786680000000002,1173.0839349559383,1180.5861314800025,-0.02,3696.67,0.06,3575.083391265597,long_nclose,214.5050034759358,0.18285563128438267,4.0
1709702040000.0,93914,1709702040000.0,4.531698262032082,-0.02235684,1177.5932763779704,1182.0622746400024,-0.03,3726.14,0.03,3575.083391265597,long_nclose,107.2525017379679,0.09107771238967505,4.0
1709702100000.0,93915,1709702100000.0,1.5105660873440274,-0.00745228,1179.0963901853142,1182.0159223600024,-0.01,3726.14,0.02,3575.083391265597,long_nclose,71.50166782531194,0.060641070925570625,1.0
1709702160000.0,93916,1709702160000.0,1.5105660873440274,-0.00745228,1180.5995039926581,1182.0183700800021,-0.01,3726.14,0.01,3575.083391265597,long_nclose,35.75083391265597,0.030281932011448902,1.0
1709702460000.0,93921,1709702460000.0,1.5105660873440274,-0.00745228,1182.102617800002,1182.102617800002,-0.01,3726.14,0.0,3575.083391265597,long_nclose,0.0,0.0,5.0
1709728800000.0,94360,1709728800000.0,0.0,-0.00766438,1182.094953420002,1182.132953420002,0.01,3832.19,0.01,3832.19,long_ientry_normal,38.3219,0.0324186309138096,439.0
1709729100000.0,94365,1709729100000.0,0.0,-0.00761112,1182.0873423000019,1181.8382423000019,0.01,3805.56,0.02,3818.875,long_rentry,76.3775,0.06461239983450914,5.0
1709729160000.0,94366,1709729160000.0,0.0,-0.007573819999999999,1182.0797684800018,1181.5283684800017,0.01,3786.91,0.03,3808.2200000000003,long_rentry,114.2466,0.09664880750552564,1.0
1709729160000.0,94366,1709729160000.0,0.0,-0.0150838,1182.0646846800018,1181.8910846800018,0.02,3770.95,0.05,3793.312,long_rentry,189.6656,0.16045280978117082,0.0
1709729460000.0,94371,1709729460000.0,0.35208000000000084,-0.007657040000000001,1182.4091076400018,1184.1066276400018,-0.01,3828.52,0.04,3793.312,long_nclose,151.73248,0.12832485729312965,5.0
1709729700000.0,94375,1709729700000.0,0.35208000000000084,-0.007657040000000001,1182.7535306000018,1184.0224706000017,-0.01,3828.52,0.03,3793.312,long_nclose,113.79936,0.09621561640341961,4.0
1709730000000.0,94380,1709730000000.0,0.35208000000000084,-0.007657040000000001,1183.0979535600018,1183.9753135600017,-0.01,3828.52,0.02,3793.312,long_nclose,75.86624,0.06412507077010372,5.0
1709730180000.0,94383,1709730180000.0,0.35208000000000084,-0.007657040000000001,1183.4423765200017,1183.8167565200017,-0.01,3828.52,0.01,3793.312,long_nclose,37.93312,0.03205320407026922,3.0
1709730300000.0,94385,1709730300000.0,0.35208000000000084,-0.007657040000000001,1183.7867994800017,1183.7867994800017,-0.01,3828.52,0.0,3793.312,long_nclose,0.0,0.0,2.0
1709730360000.0,94386,1709730360000.0,0.0,-0.007647740000000001,1183.7791517400017,1183.6654517400016,0.01,3823.87,0.01,3823.87,long_ientry_normal,38.2387,0.03230222456933295,1.0
1709730420000.0,94387,1709730420000.0,0.0,-0.0075946400000000015,1183.7715571000017,1183.4684571000016,0.01,3797.32,0.02,3810.5950000000003,long_rentry,76.2119,0.06438058047846966,1.0
1709730420000.0,94387,1709730420000.0,0.0,-0.00755748,1183.7639996200016,1183.6278996200017,0.01,3778.74,0.03,3799.9766666666674,long_rentry,113.99930000000002,0.09630238800689561,0.0
1709730420000.0,94387,1709730420000.0,0.0,-0.015051400000000001,1183.7489482200017,1184.2646482200016,0.02,3762.85,0.05,3785.126,long_rentry,189.2563,0.15987874817931955,0.0
1709730900000.0,94395,1709730900000.0,0.35134000000000015,-0.007640520000000001,1184.0926477000016,1185.5380077000016,-0.01,3820.26,0.04,3785.126,long_nclose,151.40504,0.12786587290622176,8.0
1709731500000.0,94405,1709731500000.0,0.35134000000000015,-0.007640520000000001,1184.4363471800016,1185.4480671800015,-0.01,3820.26,0.03,3785.126,long_nclose,113.55378,0.09587157661140483,10.0
1709731560000.0,94406,1709731560000.0,0.35134000000000015,-0.007640520000000001,1184.7800466600015,1185.4389266600015,-0.01,3820.26,0.02,3785.126,long_nclose,75.70252,0.06389584312582916,1.0
1709731620000.0,94407,1709731620000.0,0.35134000000000015,-0.007640520000000001,1185.1237461400015,1185.4282861400015,-0.01,3820.26,0.01,3785.126,long_nclose,37.85126,0.031938656299211936,1.0
1709731680000.0,94408,1709731680000.0,0.35134000000000015,-0.007640520000000001,1185.4674456200014,1185.4674456200014,-0.01,3820.26,0.0,3785.126,long_nclose,0.0,0.0,1.0
1709732520000.0,94422,1709732520000.0,0.0,-0.00762872,1185.4598169000014,1185.5490169000013,0.01,3814.36,0.01,3814.36,long_ientry_normal,38.1436,0.03217620661301384,14.0
1709733300000.0,94435,1709733300000.0,0.3540000000000009,-0.007699520000000001,1185.8061173800015,1185.8061173800015,-0.01,3849.76,0.0,3814.36,long_nclose,0.0,0.0,13.0
1709736060000.0,94481,1709736060000.0,0.0,-0.007634180000000001,1185.7984832000016,1185.8437832000016,0.01,3817.09,0.01,3817.09,long_ientry_normal,38.1709,0.03219003948882767,46.0
1709736240000.0,94484,1709736240000.0,0.0,-0.0075812200000000005,1185.7909019800015,1185.6151019800016,0.01,3790.61,0.02,3803.8500000000004,long_rentry,76.07700000000001,0.06415717971268686,3.0
1709736480000.0,94488,1709736480000.0,0.0,-0.00754418,1185.7833578000016,1185.1832578000015,0.01,3772.09,0.03,3793.2633333333342,long_rentry,113.79790000000003,0.09596854202029843,4.0
1709737440000.0,94504,1709737440000.0,0.0,-0.015025040000000002,1185.7683327600016,1185.2207327600015,0.02,3756.26,0.05,3778.4620000000004,long_rentry,188.92310000000003,0.1593254725906379,16.0
1709737620000.0,94507,1709737620000.0,0.0,-0.022386180000000002,1185.7459465800016,1183.9703465800017,0.03,3731.03,0.08,3760.675,long_rentry,300.85400000000004,0.2537255141944536,3.0
1709739000000.0,94530,1709739000000.0,0.3490499999999975,-0.007591160000000001,1186.0874054200017,1189.1908554200018,-0.01,3795.58,0.07,3760.675,long_nclose,263.24725000000007,0.22194591123474783,23.0
1709740620000.0,94557,1709740620000.0,0.3490499999999975,-0.007591160000000001,1186.4288642600018,1187.8925642600018,-0.01,3795.58,0.06,3760.675,long_nclose,225.6405,0.19018460086162542,27.0
1709740740000.0,94559,1709740740000.0,0.3490499999999975,-0.007591160000000001,1186.7703231000019,1188.439073100002,-0.01,3795.58,0.05,3760.675,long_nclose,188.03375000000003,0.15844156728559816,2.0
1709740800000.0,94560,1709740800000.0,0.3490499999999975,-0.007591160000000001,1187.111781940002,1188.621981940002,-0.01,3795.58,0.04,3760.675,long_nclose,150.42700000000002,0.12671679473534428,1.0
1709740980000.0,94563,1709740980000.0,0.3490499999999975,-0.007591160000000001,1187.453240780002,1188.5918907800021,-0.01,3795.58,0.03,3760.675,long_nclose,112.82025,0.09501026745768262,3.0
1709741160000.0,94566,1709741160000.0,0.3490499999999975,-0.007591160000000001,1187.7946996200021,1188.565599620002,-0.01,3795.58,0.02,3760.675,long_nclose,75.21350000000001,0.0633219697175465,3.0
1709741940000.0,94579,1709741940000.0,0.3490499999999975,-0.007591160000000001,1188.1361584600022,1188.4864084600022,-0.01,3795.58,0.01,3760.675,long_nclose,37.606750000000005,0.031651885797957566,13.0
1709742120000.0,94582,1709742120000.0,0.3490499999999975,-0.007591160000000001,1188.4776173000023,1188.4776173000023,-0.01,3795.58,0.0,3760.675,long_nclose,0.0,0.0,3.0
1709742900000.0,94595,1709742900000.0,0.0,-0.007556060000000001,1188.4700612400022,1188.4496612400021,0.01,3778.03,0.01,3778.03,long_ientry_normal,37.780300000000004,0.03178902122328731,13.0
1709744160000.0,94616,1709744160000.0,0.35069999999999707,-0.0076262000000000005,1188.8131350400022,1188.8131350400022,-0.01,3813.1,0.0,3778.03,long_nclose,0.0,0.0,21.0
1709763600000.0,94940,1709763600000.0,0.0,-0.007655100000000001,1188.8054799400022,1188.8139799400021,0.01,3827.55,0.01,3827.55,long_ientry_normal,38.2755,0.03219660461350811,324.0
1709766180000.0,94983,1709766180000.0,0.0,-0.00760198,1188.7978779600023,1188.5124779600023,0.01,3800.99,0.02,3814.27,long_rentry,76.2854,0.06417020202871414,43.0
1709772120000.0,95082,1709772120000.0,0.3540000000000009,-0.0076993400000000016,1189.1441786200023,1189.5363786200023,-0.01,3849.67,0.01,3814.27,long_nclose,38.1427,0.03207575724271254,99.0
1709772240000.0,95084,1709772240000.0,0.3540000000000009,-0.0076993400000000016,1189.4904792800023,1189.4904792800023,-0.01,3849.67,0.0,3814.27,long_nclose,0.0,0.0,2.0
1709773440000.0,95104,1709773440000.0,0.0,-0.00761442,1189.4828648600023,1189.5083648600023,0.01,3807.21,0.01,3807.21,long_ientry_normal,38.0721,0.032007270659154,20.0
1709773800000.0,95110,1709773800000.0,0.0,-0.007561660000000001,1189.4753032000024,1189.4755032000023,0.01,3780.83,0.02,3794.02,long_rentry,75.8804,0.06379316980845394,6.0
1709776560000.0,95156,1709776560000.0,0.35210000000000036,-0.0076584600000000015,1189.8197447400025,1190.1763447400026,-0.01,3829.23,0.01,3794.02,long_nclose,37.9402,0.03188735114518597,46.0
1709784180000.0,95283,1709784180000.0,0.0,-0.0075355000000000005,1189.8122092400026,1189.5181092400026,0.01,3767.75,0.02,3780.885,long_rentry,75.6177,0.06355431505304615,127.0
1709790840000.0,95394,1709790840000.0,0.0,-0.00749882,1189.8047104200027,1189.0495104200027,0.01,3749.41,0.03,3770.3933333333343,long_rentry,113.11180000000003,0.09506753420069367,111.0
1709798580000.0,95523,1709798580000.0,0.3499666666666553,-0.00761078,1190.1470663066693,1190.8541996400027,-0.01,3805.39,0.02,3770.3933333333343,long_nclose,75.40786666666669,0.0633601248127062,129.0
1709798760000.0,95526,1709798760000.0,0.3499666666666553,-0.00761078,1190.489422193336,1190.8717888600027,-0.01,3805.39,0.01,3770.3933333333343,long_nclose,37.703933333333346,0.03167095198869412,3.0
1709799180000.0,95533,1709799180000.0,0.3499666666666553,-0.00761078,1190.8317780800026,1190.8317780800026,-0.01,3805.39,0.0,3770.3933333333343,long_nclose,0.0,0.0,7.0
1709848140000.0,96349,1709848140000.0,0.0,-0.0077205600000000004,1190.8240575200025,1190.8220575200025,0.01,3860.28,0.01,3860.28,long_ientry_normal,38.6028,0.03241687951820001,816.0
1709859120000.0,96532,1709859120000.0,0.3582999999999993,-0.007792220000000001,1191.1745653000025,1191.1745653000025,-0.01,3896.11,0.0,3860.28,long_nclose,0.0,0.0,183.0
1709911920000.0,97412,1709911920000.0,0.0,-0.0078832,1191.1666821000026,1190.8656821000027,0.01,3941.6,0.01,3941.6,long_ientry_normal,39.416,0.033090247227625935,880.0
1709911920000.0,97412,1709911920000.0,0.0,-0.0078282,1191.1588539000027,1190.8318539000027,0.01,3914.1,0.02,3927.85,long_rentry,78.557,0.06595006177622287,0.0
1709911920000.0,97412,1709911920000.0,0.0,-0.0077894800000000005,1191.1510644200027,1190.9916644200027,0.01,3894.74,0.03,3916.8133333333335,long_rentry,117.5044,0.0986477731581556,0.0
1709912040000.0,97414,1709912040000.0,0.3635666666666657,-0.007906340000000001,1191.5067247466693,1192.0218580800026,-0.01,3953.17,0.02,3916.8133333333335,long_nclose,78.33626666666667,0.06574555144312932,2.0
1709912100000.0,97415,1709912100000.0,0.3635666666666657,-0.007906340000000001,1191.8623850733359,1192.2296517400025,-0.01,3953.17,0.01,3916.8133333333335,long_nclose,39.16813333333334,0.03286296624834192,1.0
1709913660000.0,97441,1709913660000.0,0.0,-0.007779040000000001,1191.8546060333358,1191.5372727000024,0.01,3889.52,0.02,3903.166666666667,long_rentry,78.06333333333335,0.06549736262977528,26.0
1709913720000.0,97442,1709913720000.0,0.0,-0.007740680000000001,1191.8468653533357,1190.8108320200024,0.01,3870.34,0.03,3892.224444444445,long_rentry,116.76673333333335,0.09797125513999368,1.0
1709913720000.0,97442,1709913720000.0,0.0,-0.01541564,1191.8314497133358,1190.8710163800024,0.02,3853.91,0.05,3876.898666666667,long_rentry,193.84493333333336,0.1626445865142741,0.0
1709913780000.0,97443,1709913780000.0,0.0,-0.02296596,1191.8084837533358,1192.8073504200024,0.03,3827.66,0.08,3858.434166666667,long_rentry,308.67473333333334,0.25899692571513744,1.0
1709916360000.0,97486,1709916360000.0,0.358158333333331,-0.007788500000000001,1192.158853586669,1195.2973619200022,-0.01,3894.25,0.07,3858.434166666667,long_nclose,270.09039166666673,0.2265557067785777,43.0
1709918400000.0,97520,1709918400000.0,0.6761583333333329,-0.0078521,1192.8271598200024,1196.8367098200024,-0.01,3926.05,0.06,3858.434166666667,long_nclose,231.50605000000002,0.1940818064831239,34.0
1709918460000.0,97521,1709918460000.0,0.6761583333333329,-0.0078521,1193.4954660533358,1196.9482577200024,-0.01,3926.05,0.05,3858.434166666667,long_nclose,192.92170833333336,0.1616442741682874,1.0
1709918820000.0,97527,1709918820000.0,0.6761583333333329,-0.0078521,1194.1637722866692,1196.8756056200025,-0.01,3926.05,0.04,3858.434166666667,long_nclose,154.33736666666667,0.12924304877473428,6.0
1709919600000.0,97540,1709919600000.0,0.9941583333333301,-0.0079157,1195.1500149200026,1197.8561899200026,-0.01,3957.85,0.03,3858.434166666667,long_nclose,115.75302500000001,0.09685229766553444,13.0
1709919960000.0,97546,1709919960000.0,0.9941583333333301,-0.0079157,1196.136257553336,1198.1281742200026,-0.01,3957.85,0.02,3858.434166666667,long_nclose,77.16868333333333,0.06451496043701557,6.0
1709923020000.0,97597,1709923020000.0,0.6761583333333329,-0.0078521,1196.8045637866694,1197.4402221200028,-0.01,3926.05,0.01,3858.434166666667,long_nclose,38.58434166666667,0.03223946735679756,51.0
1709923140000.0,97599,1709923140000.0,0.6761583333333329,-0.0078521,1197.4728700200028,1197.4728700200028,-0.01,3926.05,0.0,3858.434166666667,long_nclose,0.0,0.0,2.0
1709925780000.0,97643,1709925780000.0,0.0,-0.007804640000000001,1197.465065380003,1197.451965380003,0.01,3902.32,0.01,3902.32,long_ientry_normal,39.0232,0.03258817407555552,44.0
1709928060000.0,97681,1709928060000.0,0.362199999999998,-0.00787708,1197.8193883000029,1197.8193883000029,-0.01,3938.54,0.0,3902.32,long_nclose,0.0,0.0,38.0
1709934840000.0,97794,1709934840000.0,0.0,-0.007804720000000001,1197.811583580003,1197.789783580003,0.01,3902.36,0.01,3902.36,long_ientry_normal,39.0236,0.03257908049558746,113.0
1709938680000.0,97858,1709938680000.0,0.0,-0.007750440000000001,1197.8038331400028,1197.6632331400028,0.01,3875.22,0.02,3888.79,long_rentry,77.7758,0.064932001257763,64.0
1709952360000.0,98086,1709952360000.0,0.36090000000000144,-0.00784976,1198.1568833800027,1198.5104833800026,-0.01,3924.88,0.01,3888.79,long_nclose,38.8879,0.03245643416102336,228.0
1709952480000.0,98088,1709952480000.0,0.36090000000000144,-0.00784976,1198.5099336200026,1198.5099336200026,-0.01,3924.88,0.0,3888.79,long_nclose,0.0,0.0,2.0
1709979660000.0,98541,1709979660000.0,0.0,-0.007800580000000001,1198.5021330400025,1198.4788330400024,0.01,3900.29,0.01,3900.29,long_ientry_normal,39.002900000000004,0.032543037617354165,453.0
1710033120000.0,99432,1710033120000.0,0.3619999999999982,-0.00787298,1198.8562600600026,1198.8562600600026,-0.01,3936.49,0.0,3900.29,long_nclose,0.0,0.0,891.0
1710078600000.0,100190,1710078600000.0,0.0,-0.00781384,1198.8484462200026,1198.9043462200027,0.01,3906.92,0.01,3906.92,long_ientry_normal,39.0692,0.032588939930802856,758.0
1710081780000.0,100243,1710081780000.0,0.0,-0.00775948,1198.8406867400026,1198.3818867400025,0.01,3879.74,0.02,3893.33,long_rentry,77.8666,0.06495158269256109,53.0
1710081780000.0,100243,1710081780000.0,0.0,-0.00772136,1198.8329653800026,1198.4712653800027,0.01,3860.68,0.03,3882.446666666667,long_rentry,116.47340000000001,0.09715565334248262,0.0
1710087360000.0,100336,1710087360000.0,0.3603333333333285,-0.00783696,1199.1854617533359,1199.8301284200024,-0.01,3918.48,0.02,3882.446666666667,long_nclose,77.64893333333335,0.06475139651860222,93.0
1710087420000.0,100337,1710087420000.0,0.3603333333333285,-0.00783696,1199.537958126669,1199.9333914600024,-0.01,3918.48,0.01,3882.446666666667,long_nclose,38.82446666666667,0.03236618433259023,1.0
1710087600000.0,100340,1710087600000.0,0.3603333333333285,-0.00783696,1199.8904545000023,1199.8904545000023,-0.01,3918.48,0.0,3882.446666666667,long_nclose,0.0,0.0,3.0
1710108060000.0,100681,1710108060000.0,0.0,-0.007742000000000001,1199.8827125000023,1199.9394125000024,0.01,3871.0,0.01,3871.0,long_ientry_normal,38.71,0.03226148655758713,341.0
1710109020000.0,100697,1710109020000.0,0.0,-0.0076882600000000014,1199.8750242400024,1199.6387242400024,0.01,3844.13,0.02,3857.565,long_rentry,77.1513,0.06429944656016774,16.0
1710111300000.0,100735,1710111300000.0,0.0,-0.007650660000000001,1199.8673735800023,1198.8110735800024,0.01,3825.33,0.03,3846.8200000000006,long_rentry,115.40460000000002,0.09618113013246735,38.0
1710111300000.0,100735,1710111300000.0,0.0,-0.015237040000000002,1199.8521365400022,1198.8428365400023,0.02,3809.26,0.05,3831.7960000000003,long_rentry,191.58980000000003,0.15967784209851474,0.0
1710113280000.0,100768,1710113280000.0,0.3556399999999985,-0.0077347200000000005,1200.2000418200023,1201.5550018200022,-0.01,3867.36,0.04,3831.7960000000003,long_nclose,153.27184000000003,0.12770524467535943,33.0
1710113340000.0,100769,1710113340000.0,0.3556399999999985,-0.0077347200000000005,1200.5479471000024,1201.5407671000023,-0.01,3867.36,0.03,3831.7960000000003,long_nclose,114.95388,0.09575117784981282,1.0
1710113700000.0,100775,1710113700000.0,0.3556399999999985,-0.0077347200000000005,1200.8958523800025,1201.6627323800024,-0.01,3867.36,0.02,3831.7960000000003,long_nclose,76.63592000000001,0.06381562551666631,6.0
1710116940000.0,100829,1710116940000.0,0.3556399999999985,-0.0077347200000000005,1201.2437576600025,1201.5972976600026,-0.01,3867.36,0.01,3831.7960000000003,long_nclose,38.31796000000001,0.031898571589368825,54.0
1710117000000.0,100830,1710117000000.0,0.3556399999999985,-0.0077347200000000005,1201.5916629400026,1201.5916629400026,-0.01,3867.36,0.0,3831.7960000000003,long_nclose,0.0,0.0,1.0
1710117840000.0,100844,1710117840000.0,0.0,-0.007685320000000001,1201.5839776200025,1201.5738776200026,0.01,3842.66,0.01,3842.66,long_ientry_normal,38.4266,0.03197995372417682,14.0
1710118260000.0,100851,1710118260000.0,0.0,-0.00763206,1201.5763455600024,1201.0972455600024,0.01,3816.03,0.02,3829.3450000000003,long_rentry,76.5869,0.06373868816825466,7.0
1710118320000.0,100852,1710118320000.0,0.0,-0.007594880000000001,1201.5687506800025,1199.8218506800024,0.01,3797.44,0.03,3818.7100000000005,long_rentry,114.56130000000002,0.09534310869450163,1.0
1710118320000.0,100852,1710118320000.0,0.0,-0.015126240000000003,1201.5536244400025,1199.3851244400025,0.02,3781.56,0.05,3803.85,long_rentry,190.1925,0.15828881552302032,0.0
1710118320000.0,100852,1710118320000.0,0.0,-0.022537619999999998,1201.5310868200024,1199.4888868200026,0.03,3756.27,0.08,3786.0074999999997,long_rentry,302.88059999999996,0.2520788711356692,0.0
1710118320000.0,100852,1710118320000.0,0.0,-0.02978368,1201.5013031400024,1200.9599031400023,0.04,3722.96,0.12,3764.991666666667,long_rentry,451.799,0.3760287224152557,0.0
1710118440000.0,100854,1710118440000.0,0.6989666666666653,-0.015199760000000001,1202.185070046669,1206.9359033800022,-0.02,3799.94,0.1,3764.991666666667,long_nclose,376.4991666666667,0.3131790404384668,2.0
1710118740000.0,100859,1710118740000.0,1.3195666666666603,-0.01532388,1203.4893128333354,1208.832379500002,-0.02,3830.97,0.08,3764.991666666667,long_nclose,301.19933333333336,0.25027171419098826,5.0
1710119220000.0,100867,1710119220000.0,0.6597833333333302,-0.00766194,1204.1414342266687,1209.380117560002,-0.01,3830.97,0.07,3764.991666666667,long_nclose,263.5494166666667,0.2188691537185788,8.0
1710120840000.0,100894,1710120840000.0,0.34948333333333265,-0.007599880000000001,1204.483317680002,1206.332417680002,-0.01,3799.94,0.06,3764.991666666667,long_nclose,225.8995,0.18754888231670408,27.0
1710120900000.0,100895,1710120900000.0,0.34948333333333265,-0.007599880000000001,1204.8252011333354,1206.911117800002,-0.01,3799.94,0.05,3764.991666666667,long_nclose,188.24958333333336,0.1562463859124575,1.0
1710121260000.0,100901,1710121260000.0,0.34948333333333265,-0.007599880000000001,1205.1670845866688,1206.775817920002,-0.01,3799.94,0.04,3764.991666666667,long_nclose,150.59966666666668,0.1249616493785318,6.0
1710121380000.0,100903,1710121380000.0,0.34948333333333265,-0.007599880000000001,1205.5089680400022,1206.543318040002,-0.01,3799.94,0.03,3764.991666666667,long_nclose,112.94975,0.09369465760478027,2.0
1710121440000.0,100904,1710121440000.0,0.34948333333333265,-0.007599880000000001,1205.8508514933355,1206.4706181600022,-0.01,3799.94,0.02,3764.991666666667,long_nclose,75.29983333333334,0.06244539549819234,1.0
1710121620000.0,100907,1710121620000.0,0.34948333333333265,-0.007599880000000001,1206.192734946669,1206.5569182800023,-0.01,3799.94,0.01,3764.991666666667,long_nclose,37.64991666666667,0.031213847982869285,3.0
1710122520000.0,100922,1710122520000.0,0.6597833333333302,-0.00766194,1206.8448563400023,1206.8448563400023,-0.01,3830.97,0.0,3764.991666666667,long_nclose,0.0,0.0,15.0
1710165120000.0,101632,1710165120000.0,0.0,-0.00803712,1206.8368192200023,1206.9063192200024,0.01,4018.56,0.01,4018.56,long_ientry_normal,40.1856,0.03329828802039085,710.0
1710169860000.0,101711,1710169860000.0,0.37300000000000183,-0.008111720000000001,1207.2017075000024,1207.2017075000024,-0.01,4055.86,0.0,4018.56,long_nclose,0.0,0.0,79.0
1710172980000.0,101763,1710172980000.0,0.0,-0.008024340000000001,1207.1936831600024,1207.1204831600023,0.01,4012.17,0.01,4012.17,long_ientry_normal,40.121700000000004,0.03323551188155301,52.0
1710175920000.0,101812,1710175920000.0,0.37239999999999784,-0.00809882,1207.5579843400023,1207.5579843400023,-0.01,4049.41,0.0,4012.17,long_nclose,0.0,0.0,49.0
1710215700000.0,102475,1710215700000.0,0.0,-0.00805816,1207.5499261800023,1207.5650261800024,0.01,4029.08,0.01,4029.08,long_ientry_normal,40.2908,0.03336574258876157,663.0
1710231180000.0,102733,1710231180000.0,0.0,-0.00800184,1207.5419243400024,1207.1743243400024,0.01,4000.92,0.02,4015.0,long_rentry,80.3,0.06649872636421215,258.0
1710231780000.0,102743,1710231780000.0,0.0,-0.007962120000000001,1207.5339622200024,1206.7270622200024,0.01,3981.06,0.03,4003.6866666666674,long_rentry,120.11060000000002,0.09946767855637081,10.0
1710242460000.0,102921,1710242460000.0,0.37163333333332504,-0.008081699999999999,1207.8975138533358,1208.7517805200025,-0.01,4040.85,0.02,4003.6866666666674,long_nclose,80.07373333333335,0.06629182725766913,178.0
1710243000000.0,102930,1710243000000.0,0.37163333333332504,-0.008081699999999999,1208.2610654866692,1208.6572988200026,-0.01,4040.85,0.01,4003.6866666666674,long_nclose,40.036866666666675,0.03313594041080885,9.0
1710250380000.0,103053,1710250380000.0,0.37163333333332504,-0.008081699999999999,1208.6246171200025,1208.6246171200025,-0.01,4040.85,0.0,4003.6866666666674,long_nclose,0.0,0.0,123.0
1710252780000.0,103093,1710252780000.0,0.0,-0.007989880000000001,1208.6166272400026,1208.7189272400026,0.01,3994.94,0.01,3994.94,long_ientry_normal,39.949400000000004,0.033053822940718985,40.0
1710255600000.0,103140,1710255600000.0,0.0,-0.007934140000000001,1208.6086931000025,1208.1891931000025,0.01,3967.07,0.02,3981.005,long_rentry,79.62010000000001,0.06587748413076497,47.0
1710255600000.0,103140,1710255600000.0,0.0,-0.007894920000000001,1208.6007981800026,1208.3069981800027,0.01,3947.46,0.03,3969.8233333333337,long_rentry,119.0947,0.09853931933467304,0.0
1710256260000.0,103151,1710256260000.0,0.3684666666666635,-0.00801334,1208.9612515066692,1209.7113848400024,-0.01,4006.67,0.02,3969.8233333333337,long_nclose,79.39646666666668,0.06567329314129693,11.0
1710256380000.0,103153,1710256380000.0,0.3684666666666635,-0.00801334,1209.3217048333358,1209.7000715000024,-0.01,4006.67,0.01,3969.8233333333337,long_nclose,39.69823333333334,0.03282685920104643,2.0
1710256500000.0,103155,1710256500000.0,0.3684666666666635,-0.00801334,1209.6821581600025,1209.6821581600025,-0.01,4006.67,0.0,3969.8233333333337,long_nclose,0.0,0.0,2.0
1710259800000.0,103210,1710259800000.0,0.0,-0.007950239999999999,1209.6742079200026,1209.6738079200027,0.01,3975.12,0.01,3975.12,long_ientry_normal,39.7512,0.03286107923913742,55.0
1710260400000.0,103220,1710260400000.0,0.0,-0.00789484,1209.6663130800025,1209.3207130800024,0.01,3947.42,0.02,3961.27,long_rentry,79.22540000000001,0.06549359864232274,10.0
1710260700000.0,103225,1710260700000.0,0.0,-0.00785592,1209.6584571600024,1208.6874571600024,0.01,3927.96,0.03,3950.166666666667,long_rentry,118.50500000000001,0.09796566898579147,5.0
1710260760000.0,103226,1710260760000.0,0.0,-0.015645120000000002,1209.6428120400024,1208.9402120400023,0.02,3911.28,0.05,3934.612,long_rentry,196.7306,0.16263528211954043,1.0
1710263160000.0,103266,1710263160000.0,0.0,-0.02330784,1209.6195042000024,1208.1489042000023,0.03,3884.64,0.08,3915.8725000000004,long_rentry,313.26980000000003,0.2589821004971188,40.0
1710264120000.0,103282,1710264120000.0,0.0,-0.030795760000000002,1209.5887084400024,1204.0893084400022,0.04,3849.47,0.12,3893.738333333334,long_rentry,467.24860000000007,0.3862871707876697,16.0
1710265080000.0,103298,1710265080000.0,0.7228333333333194,-0.01571952,1210.2958222533357,1213.4609889200024,-0.02,3929.88,0.1,3893.738333333334,long_nclose,389.37383333333344,0.3217179024946108,16.0
1710265140000.0,103299,1710265140000.0,0.3614166666666597,-0.00785976,1210.6493791600024,1213.4629291600022,-0.01,3929.88,0.09,3893.738333333334,long_nclose,350.43645000000004,0.289461553470706,1.0
1710265260000.0,103301,1710265260000.0,0.3614166666666597,-0.00785976,1211.002936066669,1213.9454694000024,-0.01,3929.88,0.08,3893.738333333334,long_nclose,311.49906666666675,0.25722403917402054,2.0
1710265380000.0,103303,1710265380000.0,0.3614166666666597,-0.00785976,1211.3564929733357,1213.8934096400023,-0.01,3929.88,0.07,3893.738333333334,long_nclose,272.5616833333334,0.22500534311275866,2.0
1710265500000.0,103305,1710265500000.0,0.3614166666666597,-0.00785976,1211.7100498800023,1214.0231498800022,-0.01,3929.88,0.06,3893.738333333334,long_nclose,233.62430000000003,0.19280544881437292,2.0
1710265620000.0,103307,1710265620000.0,0.3614166666666597,-0.00785976,1212.063606786669,1213.6161901200023,-0.01,3929.88,0.05,3893.738333333334,long_nclose,194.68691666666672,0.16062433982553598,2.0
1710265680000.0,103308,1710265680000.0,0.3614166666666597,-0.00785976,1212.4171636933356,1214.1528303600023,-0.01,3929.88,0.04,3893.738333333334,long_nclose,155.74953333333337,0.12846199971211236,1.0
1710266400000.0,103320,1710266400000.0,0.6823166666666566,-0.00792394,1213.0915564200022,1214.8940064200021,-0.01,3961.97,0.03,3893.738333333334,long_nclose,116.81215000000002,0.09629293797471357,12.0
1710266580000.0,103323,1710266580000.0,0.6823166666666566,-0.00792394,1213.7659491466688,1215.2021824800022,-0.01,3961.97,0.02,3893.738333333334,long_nclose,77.87476666666669,0.06415962379025057,3.0
1710267660000.0,103341,1710267660000.0,0.6823166666666566,-0.00792394,1214.4403418733355,1215.058158540002,-0.01,3961.97,0.01,3893.738333333334,long_nclose,38.937383333333344,0.03206199760563822,18.0
1710268260000.0,103351,1710268260000.0,0.6823166666666566,-0.00792394,1215.114734600002,1215.114734600002,-0.01,3961.97,0.0,3893.738333333334,long_nclose,0.0,0.0,10.0
1710275280000.0,103468,1710275280000.0,0.0,-0.00788286,1215.106851740002,1215.192651740002,0.01,3941.43,0.01,3941.43,long_ientry_normal,39.4143,0.032436900461518856,117.0
1710286380000.0,103653,1710286380000.0,0.36580000000000384,-0.007956020000000001,1215.464695720002,1215.464695720002,-0.01,3978.01,0.0,3941.43,long_nclose,0.0,0.0,185.0
1710333240000.0,104434,1710333240000.0,0.0,-0.008053399999999999,1215.456642320002,1215.483042320002,0.01,4026.7,0.01,4026.7,long_ientry_normal,40.266999999999996,0.03312911262975238,781.0
1710334860000.0,104461,1710334860000.0,0.0,-0.0079972,1215.4486451200019,1215.3926451200018,0.01,3998.6,0.02,4012.6499999999996,long_rentry,80.253,0.06602747086206721,27.0
1710337020000.0,104497,1710337020000.0,0.0,-0.00795762,1215.4406875000018,1214.6105875000019,0.01,3978.81,0.03,4001.37,long_rentry,120.04109999999999,0.09876343719158226,36.0
1710337740000.0,104509,1710337740000.0,0.0,-0.01584736,1215.4248401400018,1214.2729401400018,0.02,3961.84,0.05,3985.5579999999995,long_rentry,199.2779,0.16395740272763032,12.0
1710338220000.0,104517,1710338220000.0,0.0,-0.02360826,1215.401231880002,1213.437231880002,0.03,3934.71,0.08,3966.49,long_rentry,317.31919999999997,0.2610818482627055,8.0
1710339060000.0,104531,1710339060000.0,0.36810000000000404,-0.008006600000000001,1215.7613252800018,1218.2505252800017,-0.01,4003.3,0.07,3966.49,long_nclose,277.65430000000003,0.22837895418005136,14.0
1710339120000.0,104532,1710339120000.0,0.36810000000000404,-0.008006600000000001,1216.1214186800016,1218.2076186800016,-0.01,4003.3,0.06,3966.49,long_nclose,237.9894,0.19569542674309415,1.0
1710342960000.0,104596,1710342960000.0,0.36810000000000404,-0.008006600000000001,1216.4815120800015,1218.2740120800015,-0.01,4003.3,0.05,3966.49,long_nclose,198.3245,0.1630312487535423,64.0
1710343020000.0,104597,1710343020000.0,0.36810000000000404,-0.008006600000000001,1216.8416054800014,1217.9860054800013,-0.01,4003.3,0.04,3966.49,long_nclose,158.65959999999998,0.13038640303346163,1.0
1710354900000.0,104795,1710354900000.0,0.36810000000000404,-0.008006600000000001,1217.2016988800012,1218.3566988800012,-0.01,4003.3,0.03,3966.49,long_nclose,118.9947,0.09776087242524559,198.0
1710356940000.0,104829,1710356940000.0,0.36810000000000404,-0.008006600000000001,1217.561792280001,1218.3387922800011,-0.01,4003.3,0.02,3966.49,long_nclose,79.32979999999999,0.06515463979158491,34.0
1710357900000.0,104845,1710357900000.0,0.36810000000000404,-0.008006600000000001,1217.921885680001,1218.275785680001,-0.01,4003.3,0.01,3966.49,long_nclose,39.664899999999996,0.032567688015437815,16.0
1710357960000.0,104846,1710357960000.0,0.36810000000000404,-0.008006600000000001,1218.2819790800008,1218.2819790800008,-0.01,4003.3,0.0,3966.49,long_nclose,0.0,0.0,1.0
1710378000000.0,105180,1710378000000.0,0.0,-0.007941700000000001,1218.274037380001,1218.2941373800008,0.01,3970.85,0.01,3970.85,long_ientry_normal,39.7085,0.03259406240438023,334.0
1710389520000.0,105372,1710389520000.0,0.3684999999999991,-0.0080154,1218.634521980001,1218.634521980001,-0.01,4007.7,0.0,3970.85,long_nclose,0.0,0.0,192.0
1710391320000.0,105402,1710391320000.0,0.0,-0.00792982,1218.6265921600009,1218.657892160001,0.01,3964.91,0.01,3964.91,long_ientry_normal,39.6491,0.03253588938160495,30.0
1710408600000.0,105690,1710408600000.0,0.3680000000000018,-0.00800342,1218.9865887400008,1218.9865887400008,-0.01,4001.71,0.0,3964.91,long_nclose,0.0,0.0,288.0
1710414480000.0,105788,1710414480000.0,0.0,-0.00791006,1218.9786786800007,1219.0113786800007,0.01,3955.03,0.01,3955.03,long_ientry_normal,39.5503,0.032445440344229776,98.0
1710418980000.0,105863,1710418980000.0,0.0,-0.00785508,1218.9708236000008,1218.9399236000008,0.01,3927.54,0.02,3941.285,long_rentry,78.8257,0.06466578073394992,75.0
1710418980000.0,105863,1710418980000.0,0.0,-0.00781658,1218.9630070200008,1219.2466070200007,0.01,3908.29,0.03,3930.286666666667,long_rentry,117.9086,0.09672861220641239,0.0
1710423540000.0,105939,1710423540000.0,0.0,-0.015567240000000001,1218.9474397800006,1217.9021397800007,0.02,3891.81,0.05,3914.8959999999997,long_rentry,195.7448,0.1605851028616366,76.0
1710424260000.0,105951,1710424260000.0,0.0,-0.02319318,1218.9242466000007,1216.5015466000007,0.03,3865.53,0.08,3896.38375,long_rentry,311.71070000000003,0.25572606408435017,12.0
1710426060000.0,105981,1710426060000.0,0.36166250000000216,-0.007865100000000002,1219.2780440000008,1221.8222815000008,-0.01,3932.55,0.07,3896.38375,long_nclose,272.7468625,0.2236953776393925,30.0
1710430260000.0,106051,1710430260000.0,0.0,-0.030691120000000002,1219.2473528800008,1215.0653903800007,0.04,3836.39,0.11,3874.567840909091,long_rentry,426.2024625,0.3495619338383318,70.0
1710442200000.0,106250,1710442200000.0,0.0,-0.04552032,1219.2018325600009,1212.2851700600008,0.06,3793.36,0.17,3845.90625,long_rentry,653.8040625000001,0.5362558069053954,199.0
1710444900000.0,106295,1710444900000.0,0.0,-0.1120077,1219.0898248600008,1197.6984623600008,0.15,3733.59,0.32,3793.2580078125,long_rentry,1213.8425625,0.9956957541167211,45.0
1710446760000.0,106326,1710446760000.0,1.7600996093749928,-0.0382846,1220.8116398693758,1230.3188777600008,-0.05,3828.46,0.27,3793.2580078125,long_nclose,1024.1796621093752,0.8389334018956112,31.0
1710446940000.0,106329,1710446940000.0,1.4080796874999941,-0.030627680000000004,1222.1890918768759,1230.1958500800008,-0.04,3828.46,0.23,3793.2580078125,long_nclose,872.449341796875,0.7138415385929219,3.0
1710447000000.0,106330,1710447000000.0,1.0560597656249957,-0.02297076,1223.2221808825009,1228.3165793200008,-0.03,3828.46,0.2,3793.2580078125,long_nclose,758.6516015625001,0.6202075251898771,1.0
1710447180000.0,106333,1710447180000.0,1.0560597656249957,-0.02297076,1224.255269888126,1230.2464085600009,-0.03,3828.46,0.17,3793.2580078125,long_nclose,644.853861328125,0.5267315380942185,3.0
1710447300000.0,106335,1710447300000.0,0.7040398437499971,-0.015313840000000002,1224.9439958918758,1231.1767947200008,-0.02,3828.46,0.15,3793.2580078125,long_nclose,568.988701171875,0.46450180831132376,2.0
1710447540000.0,106339,1710447540000.0,0.7040398437499971,-0.015313840000000002,1225.6327218956258,1230.7380808800008,-0.02,3828.46,0.13,3793.2580078125,long_nclose,493.12354101562505,0.40234201666298136,4.0
1710448740000.0,106359,1710448740000.0,1.3294398437499968,-0.015438920000000002,1226.9467228193757,1234.8108419600007,-0.02,3859.73,0.11,3793.2580078125,long_nclose,417.258380859375,0.3400786465288122,20.0
1710448860000.0,106361,1710448860000.0,1.3294398437499968,-0.015438920000000002,1228.2607237431257,1234.5564030400008,-0.02,3859.73,0.09,3793.2580078125,long_nclose,341.393220703125,0.2779484958720562,2.0
1710449100000.0,106365,1710449100000.0,0.6647199218749984,-0.007719460000000001,1228.9177242050007,1234.2362835800006,-0.01,3859.73,0.08,3793.2580078125,long_nclose,303.460640625,0.24693324430755667,4.0
1710449220000.0,106367,1710449220000.0,0.6647199218749984,-0.007719460000000001,1229.5747246668757,1234.3691641200007,-0.01,3859.73,0.07,3793.2580078125,long_nclose,265.52806054687505,0.21595113759256365,2.0
1710449520000.0,106372,1710449520000.0,0.6647199218749984,-0.007719460000000001,1230.2317251287507,1234.2044446600007,-0.01,3859.73,0.06,3793.2580078125,long_nclose,227.59548046875,0.18500212262444365,5.0
1710449580000.0,106373,1710449580000.0,0.6647199218749984,-0.007719460000000001,1230.8887255906257,1234.1098252000006,-0.01,3859.73,0.05,3793.2580078125,long_nclose,189.66290039062503,0.1540861464139399,1.0
1710450840000.0,106394,1710450840000.0,0.6647199218749984,-0.007719460000000001,1231.5457260525006,1234.5354057400007,-0.01,3859.73,0.04,3793.2580078125,long_nclose,151.7303203125,0.12320315608486936,21.0
1710451320000.0,106402,1710451320000.0,0.6647199218749984,-0.007719460000000001,1232.2027265143756,1234.1125862800006,-0.01,3859.73,0.03,3793.2580078125,long_nclose,113.797740234375,0.09235309887382186,8.0
1710452100000.0,106415,1710452100000.0,0.6647199218749984,-0.007719460000000001,1232.8597269762506,1234.2367668200006,-0.01,3859.73,0.02,3793.2580078125,long_nclose,75.86516015625,0.06153592212985917,13.0
1710452400000.0,106420,1710452400000.0,0.6647199218749984,-0.007719460000000001,1233.5167274381256,1234.1997473600006,-0.01,3859.73,0.01,3793.2580078125,long_nclose,37.932580078125,0.030751573314215744,5.0
1710452520000.0,106422,1710452520000.0,0.6647199218749984,-0.007719460000000001,1234.1737279000006,1234.1737279000006,-0.01,3859.73,0.0,3793.2580078125,long_nclose,0.0,0.0,2.0
1710469260000.0,106701,1710469260000.0,0.0,-0.00773,1234.1659979000005,1234.1790979000004,0.01,3865.0,0.01,3865.0,long_ientry_normal,38.65,0.031316694890124216,279.0
1710469500000.0,106705,1710469500000.0,0.0,-0.00767666,1234.1583212400005,1233.8714212400005,0.01,3838.33,0.02,3851.665,long_rentry,77.0333,0.062417680676983195,4.0
1710469800000.0,106710,1710469800000.0,0.0,-0.007639600000000001,1234.1506816400006,1233.2535816400004,0.01,3819.8,0.03,3841.043333333334,long_rentry,115.23130000000002,0.09336890682333454,5.0
1710469920000.0,106712,1710469920000.0,0.0,-0.015216040000000002,1234.1354656000005,1233.3849656000004,0.02,3804.01,0.05,3826.2300000000005,long_rentry,191.31150000000002,0.15501661311304263,2.0
1710470460000.0,106721,1710470460000.0,0.0,-0.02267352,1234.1127920800006,1231.6744920800006,0.03,3778.92,0.08,3808.4887500000004,long_rentry,304.67910000000006,0.24688108085038746,9.0
1710470820000.0,106727,1710470820000.0,0.0,-0.0299676,1234.0828244800007,1231.2229244800005,0.04,3745.95,0.12,3787.642500000001,long_rentry,454.5171000000001,0.3683035619521872,6.0
1710471180000.0,106733,1710471180000.0,0.0,-0.04446156,1234.0383629200007,1226.3562629200007,0.06,3705.13,0.18,3760.1383333333333,long_rentry,676.8249,0.5484634192396469,6.0
1710473100000.0,106765,1710473100000.0,0.0,-0.1094487,1233.9289142200007,1218.8485142200007,0.15,3648.29,0.33,3709.2981818181815,long_rentry,1224.0683999999999,0.9920088474251907,32.0
1710474000000.0,106780,1710474000000.0,1.7215909090909236,-0.03743730000000001,1235.6130678290917,1244.447576920001,-0.05,3743.73,0.28,3709.2981818181815,long_nclose,1038.6034909090909,0.8405572245475386,15.0
1710474300000.0,106785,1710474300000.0,1.377272727272739,-0.029949840000000002,1236.9603907163646,1245.888827080001,-0.04,3743.73,0.24,3709.2981818181815,long_nclose,890.2315636363635,0.7196928618876802,5.0
1710474480000.0,106788,1710474480000.0,1.377272727272739,-0.029949840000000002,1238.3077136036375,1245.8100772400012,-0.04,3743.73,0.2,3709.2981818181815,long_nclose,741.8596363636364,0.5990915086886827,3.0
1710474600000.0,106790,1710474600000.0,1.0329545454545541,-0.02246238,1239.318205769092,1246.0913148600011,-0.03,3743.73,0.17,3709.2981818181815,long_nclose,630.5806909090909,0.5088125777332281,2.0
1710484140000.0,106949,1710484140000.0,0.6886363636363695,-0.014974920000000001,1239.9918672127283,1244.990139940001,-0.02,3743.73,0.15,3709.2981818181815,long_nclose,556.3947272727272,0.44870836816325205,159.0
1710484200000.0,106950,1710484200000.0,0.6886363636363695,-0.014974920000000001,1240.6655286563646,1245.848865020001,-0.02,3743.73,0.13,3709.2981818181815,long_nclose,482.20876363636364,0.3886694298330297,1.0
1710484380000.0,106953,1710484380000.0,0.6886363636363695,-0.014974920000000001,1241.339190100001,1245.347790100001,-0.02,3743.73,0.11,3709.2981818181815,long_nclose,408.02279999999996,0.3286956564765591,3.0
1710484560000.0,106956,1710484560000.0,0.34431818181818474,-0.0074874600000000005,1241.676020821819,1244.642202640001,-0.01,3743.73,0.1,3709.2981818181815,long_nclose,370.9298181818182,0.2987331735184139,3.0
1710484680000.0,106958,1710484680000.0,0.34431818181818474,-0.0074874600000000005,1242.0128515436372,1245.4105151800009,-0.01,3743.73,0.09,3709.2981818181815,long_nclose,333.83683636363634,0.26878694205839077,2.0
1710485340000.0,106969,1710485340000.0,0.34431818181818474,-0.0074874600000000005,1242.3496822654554,1245.092227720001,-0.01,3743.73,0.08,3709.2981818181815,long_nclose,296.74385454545455,0.23885694887797998,11.0
1710485400000.0,106970,1710485400000.0,0.34431818181818474,-0.0074874600000000005,1242.6865129872735,1244.8531402600008,-0.01,3743.73,0.07,3709.2981818181815,long_nclose,259.6508727272727,0.20894318077300306,1.0
1710485520000.0,106972,1710485520000.0,0.34431818181818474,-0.0074874600000000005,1243.0233437090917,1244.9584528000007,-0.01,3743.73,0.06,3709.2981818181815,long_nclose,222.55789090909087,0.17904562455359385,2.0
1710485580000.0,106973,1710485580000.0,0.34431818181818474,-0.0074874600000000005,1243.3601744309099,1244.925765340001,-0.01,3743.73,0.05,3709.2981818181815,long_nclose,185.4649090909091,0.1491642670441789,1.0
1710485640000.0,106974,1710485640000.0,0.34431818181818474,-0.0074874600000000005,1243.697005152728,1245.0982778800008,-0.01,3743.73,0.04,3709.2981818181815,long_nclose,148.37192727272728,0.11929909508345801,1.0
1710486180000.0,106983,1710486180000.0,0.34431818181818474,-0.0074874600000000005,1244.0338358745462,1245.0979904200008,-0.01,3743.73,0.03,3709.2981818181815,long_nclose,111.27894545454544,0.08945009552438515,9.0
1710486300000.0,106985,1710486300000.0,0.34431818181818474,-0.0074874600000000005,1244.3706665963643,1245.0795029600008,-0.01,3743.73,0.02,3709.2981818181815,long_nclose,74.18596363636364,0.05961725523414905,2.0
1710486600000.0,106990,1710486600000.0,0.34431818181818474,-0.0074874600000000005,1244.7074973181825,1245.0271155000007,-0.01,3743.73,0.01,3709.2981818181815,long_nclose,37.09298181818182,0.029800561094153837,5.0
1710486660000.0,106991,1710486660000.0,0.34431818181818474,-0.0074874600000000005,1245.0443280400007,1245.0443280400007,-0.01,3743.73,0.0,3709.2981818181815,long_nclose,0.0,0.0,1.0
1710491220000.0,107067,1710491220000.0,0.0,-0.00743128,1245.0368967600007,1245.0447967600007,0.01,3715.64,0.01,3715.64,long_ientry_normal,37.1564,0.02984361354807499,76.0
1710492180000.0,107083,1710492180000.0,0.0,-0.007380500000000001,1245.0295162600007,1244.8138162600007,0.01,3690.25,0.02,3702.9449999999997,long_rentry,74.0589,0.05948365001214494,16.0
1710492480000.0,107088,1710492480000.0,0.0,-0.00734558,1245.0221706800007,1244.5489706800008,0.01,3672.79,0.03,3692.8933333333334,long_rentry,110.7868,0.08898379692266119,5.0
1710493560000.0,107106,1710493560000.0,0.0,-0.01463204,1245.0075386400008,1243.1600386400007,0.02,3658.01,0.05,3678.9399999999996,long_rentry,183.947,0.14774769974560698,18.0
1710493620000.0,107107,1710493620000.0,0.0,-0.021807780000000002,1244.9857308600008,1242.7494308600008,0.03,3634.63,0.08,3662.3237499999996,long_rentry,292.98589999999996,0.23533273734600446,1.0
1710493860000.0,107111,1710493860000.0,0.0,-0.0288324,1244.9568984600007,1240.3393984600007,0.04,3604.05,0.12,3642.899166666667,long_rentry,437.14790000000005,0.3511349674360194,4.0
1710495480000.0,107138,1710495480000.0,0.6762166666666599,-0.01470684,1245.6184082866675,1250.6524916200008,-0.02,3676.71,0.1,3642.899166666667,long_nclose,364.2899166666667,0.29245707533155596,27.0
1710495840000.0,107144,1710495840000.0,0.33810833333332996,-0.00735342,1245.9491632000008,1248.6627382000008,-0.01,3676.71,0.09,3642.899166666667,long_nclose,327.860925,0.2631414945999458,6.0
1710495900000.0,107145,1710495900000.0,0.33810833333332996,-0.00735342,1246.2799181133341,1249.6119847800007,-0.01,3676.71,0.08,3642.899166666667,long_nclose,291.43193333333335,0.23384147421272267,1.0
1710496140000.0,107149,1710496140000.0,0.33810833333332996,-0.00735342,1246.6106730266674,1249.2700313600008,-0.01,3676.71,0.07,3642.899166666667,long_nclose,255.00294166666671,0.20455700178431868,4.0
1710497220000.0,107167,1710497220000.0,0.33810833333332996,-0.00735342,1246.9414279400007,1248.8488779400006,-0.01,3676.71,0.06,3642.899166666667,long_nclose,218.57395000000002,0.17528806494230711,18.0
1710497280000.0,107168,1710497280000.0,0.33810833333332996,-0.00735342,1247.272182853334,1248.9282245200006,-0.01,3676.71,0.05,3642.899166666667,long_nclose,182.14495833333336,0.14603465132738527,1.0
1710497340000.0,107169,1710497340000.0,0.33810833333332996,-0.00735342,1247.6029377666673,1248.6725711000006,-0.01,3676.71,0.04,3642.899166666667,long_nclose,145.71596666666667,0.11679674859335669,1.0
1710497820000.0,107177,1710497820000.0,0.33810833333332996,-0.00735342,1247.9336926800006,1249.0188176800007,-0.01,3676.71,0.03,3642.899166666667,long_nclose,109.28697500000001,0.08757434440711406,8.0
1710499080000.0,107198,1710499080000.0,0.33810833333332996,-0.00735342,1248.264447593334,1248.9152642600006,-0.01,3676.71,0.02,3642.899166666667,long_nclose,72.85798333333334,0.058367426448621716,21.0
1710499380000.0,107203,1710499380000.0,0.33810833333332996,-0.00735342,1248.5952025066672,1248.9492108400004,-0.01,3676.71,0.01,3642.899166666667,long_nclose,36.42899166666667,0.029175982410898416,5.0
1710499560000.0,107206,1710499560000.0,0.33810833333332996,-0.00735342,1248.9259574200005,1248.9259574200005,-0.01,3676.71,0.0,3642.899166666667,long_nclose,0.0,0.0,3.0
1710500700000.0,107225,1710500700000.0,0.0,-0.0073183200000000006,1248.9186391000005,1248.8827391000004,0.01,3659.16,0.01,3659.16,long_ientry_normal,36.5916,0.02929862591078691,19.0
1710500940000.0,107229,1710500940000.0,0.0,-0.00726848,1248.9113706200005,1248.7397706200006,0.01,3634.24,0.02,3646.7,long_rentry,72.934,0.05839805907427456,4.0
1710503160000.0,107266,1710503160000.0,0.33850000000000363,-0.007361100000000001,1249.2425095200006,1249.5989095200005,-0.01,3680.55,0.01,3646.7,long_nclose,36.467,0.02919128969923686,37.0
1710503460000.0,107271,1710503460000.0,0.33850000000000363,-0.007361100000000001,1249.5736484200006,1249.5736484200006,-0.01,3680.55,0.0,3646.7,long_nclose,0.0,0.0,5.0
1710518700000.0,107525,1710518700000.0,0.0,-0.00735282,1249.5662956000006,1249.5792956000005,0.01,3676.41,0.01,3676.41,long_ientry_normal,36.7641,0.029421488183103636,254.0
1710520920000.0,107562,1710520920000.0,0.34120000000000344,-0.00742106,1249.9000745400006,1249.9000745400006,-0.01,3710.53,0.0,3676.41,long_nclose,0.0,0.0,37.0
1710522240000.0,107584,1710522240000.0,0.0,-0.007341340000000002,1249.8927332000005,1249.9061332000006,0.01,3670.67,0.01,3670.67,long_ientry_normal,36.706700000000005,0.029367880158821927,22.0
1710525720000.0,107642,1710525720000.0,0.3406999999999971,-0.0074094799999999995,1250.2260237200005,1250.2260237200005,-0.01,3704.74,0.0,3670.67,long_nclose,0.0,0.0,58.0
1710532200000.0,107750,1710532200000.0,0.0,-0.007423600000000001,1250.2186001200005,1249.9488001200004,0.01,3711.8,0.01,3711.8,long_ientry_normal,37.118,0.0296892079484638,108.0
1710532200000.0,107750,1710532200000.0,0.0,-0.007372920000000001,1250.2112272000004,1249.9250272000004,0.01,3686.46,0.02,3699.13,long_rentry,73.9826,0.05917608032179731,0.0
1710533220000.0,107767,1710533220000.0,0.0,-0.0073381,1250.2038891000004,1249.1990891000005,0.01,3669.05,0.03,3689.103333333334,long_rentry,110.67310000000002,0.08852404073040568,17.0
1710533220000.0,107767,1710533220000.0,0.0,-0.014617320000000001,1250.1892717800004,1249.2100717800004,0.02,3654.33,0.05,3675.1940000000004,long_rentry,183.75970000000004,0.14698550383364414,0.0
1710533340000.0,107769,1710533340000.0,0.0,-0.02178636,1250.1674854200003,1248.6999854200003,0.03,3631.06,0.08,3658.64375,long_rentry,292.6915,0.23412183040552265,2.0
1710542280000.0,107918,1710542280000.0,0.33956249999999727,-0.007385200000000001,1250.4996627200003,1252.9998002200002,-0.01,3692.6,0.07,3658.64375,long_nclose,256.10506250000003,0.20480218438678985,149.0
1710543300000.0,107935,1710543300000.0,0.6411625000000004,-0.007445520000000001,1251.1333797000004,1255.1255547000005,-0.01,3722.76,0.06,3658.64375,long_nclose,219.51862500000001,0.17545581355413656,17.0
1710544140000.0,107949,1710544140000.0,0.6411625000000004,-0.007445520000000001,1251.7670966800006,1255.0344091800005,-0.01,3722.76,0.05,3658.64375,long_nclose,182.93218750000003,0.14613915638554642,14.0
1710544620000.0,107957,1710544620000.0,0.6411625000000004,-0.007445520000000001,1252.4008136600007,1254.9450636600006,-0.01,3722.76,0.04,3658.64375,long_nclose,146.34575,0.11685216777552307,8.0
1710544680000.0,107958,1710544680000.0,0.6411625000000004,-0.007445520000000001,1253.0345306400009,1254.8230181400008,-0.01,3722.76,0.03,3658.64375,long_nclose,109.75931250000001,0.08759480270981779,1.0
1710544800000.0,107960,1710544800000.0,0.6411625000000004,-0.007445520000000001,1253.668247620001,1254.976172620001,-0.01,3722.76,0.02,3658.64375,long_nclose,73.172875,0.058367016265198905,2.0
1710545040000.0,107964,1710545040000.0,0.6411625000000004,-0.007445520000000001,1254.3019646000012,1254.9797271000011,-0.01,3722.76,0.01,3658.64375,long_nclose,36.5864375,0.02916876360922186,4.0
1710547560000.0,108006,1710547560000.0,0.9426624999999967,-0.007505820000000001,1255.2371212800012,1255.2371212800012,-0.01,3752.91,0.0,3658.64375,long_nclose,0.0,0.0,42.0
1710565980000.0,108313,1710565980000.0,0.0,-0.0074144,1255.2297068800012,1255.2177068800013,0.01,3707.2,0.01,3707.2,long_ientry_normal,37.071999999999996,0.02953403651682699,307.0
1710575640000.0,108474,1710575640000.0,0.3441000000000031,-0.0074832200000000005,1255.5663236600012,1255.5663236600012,-0.01,3741.61,0.0,3707.2,long_nclose,0.0,0.0,161.0
1710584400000.0,108620,1710584400000.0,0.0,-0.007398260000000001,1255.5589254000013,1255.6786254000012,0.01,3699.13,0.01,3699.13,long_ientry_normal,36.9913,0.02946201827064003,146.0
1710588300000.0,108685,1710588300000.0,0.0,-0.0073478200000000006,1255.5515775800013,1255.3615775800013,0.01,3673.91,0.02,3686.52,long_rentry,73.7304,0.05872351348728407,65.0
1710596820000.0,108827,1710596820000.0,0.0,-0.00731324,1255.5442643400013,1255.0134643400013,0.01,3656.62,0.03,3676.5533333333337,long_rentry,110.29660000000001,0.08784763957165567,142.0
1710597660000.0,108841,1710597660000.0,0.0,-0.014568040000000003,1255.5296963000012,1255.1033963000011,0.02,3642.01,0.05,3662.736,long_rentry,183.1368,0.1458641723407238,14.0
1710612300000.0,109085,1710612300000.0,0.0,-0.02171358,1255.507982720001,1253.5320827200012,0.03,3618.93,0.08,3646.30875,long_rentry,291.7047,0.2323399803225743,244.0
1710612840000.0,109094,1710612840000.0,0.0,-0.028710160000000002,1255.4792725600012,1253.936172560001,0.04,3588.77,0.12,3627.1291666666675,long_rentry,435.2555000000001,0.34668473587181314,9.0
1710624120000.0,109282,1710624120000.0,0.0,-0.042618840000000005,1255.4366537200012,1246.8789537200012,0.06,3551.57,0.18,3601.9427777777782,long_rentry,648.3497000000001,0.5164336233762702,188.0
1710630720000.0,109392,1710630720000.0,0.0,-0.0629982,1255.3736555200012,1237.640455520001,0.09,3499.9,0.27,3567.9285185185186,long_rentry,963.3407000000001,0.7673736785570546,110.0
1710659880000.0,109878,1710659880000.0,0.0,-0.0616914,1255.3119641200012,1218.2350641200012,0.09,3427.3,0.36,3532.7713888888893,long_rentry,1271.7977,1.0131327800189938,486.0
1710664380000.0,109953,1710664380000.0,-0.1293138888888916,-0.00703968,1255.1756105511124,1251.279624440001,-0.01,3519.84,0.35,3532.7713888888893,unstuck_close_long,1236.4699861111112,0.9850972052972029,75.0
1710665760000.0,109976,1710665760000.0,1.6394305555555322,-0.0356556,1256.779385506668,1269.6879688400013,-0.05,3565.56,0.3,3532.7713888888893,long_nclose,1059.8314166666667,0.8432915346072436,23.0
1710666000000.0,109980,1710666000000.0,1.6394305555555322,-0.0356556,1258.3831604622235,1265.2128132400012,-0.05,3565.56,0.25,3532.7713888888893,long_nclose,883.1928472222223,0.7018473188228394,4.0
1710666720000.0,109992,1710666720000.0,1.3115444444444255,-0.02852448,1259.666180426668,1267.0347887600012,-0.04,3565.56,0.21,3532.7713888888893,long_nclose,741.8819916666667,0.5889512659737995,12.0
1710667680000.0,110008,1710667680000.0,0.9836583333333192,-0.02139336,1260.6284454000013,1266.6257954000012,-0.03,3565.56,0.18,3532.7713888888893,long_nclose,635.89885,0.5044300343375382,16.0
1710668100000.0,110015,1710668100000.0,0.9836583333333192,-0.02139336,1261.5907103733346,1266.7700020400011,-0.03,3565.56,0.15,3532.7713888888893,long_nclose,529.9157083333333,0.42003773805255645,7.0
1710668340000.0,110019,1710668340000.0,0.6557722222222128,-0.01426224,1262.2322203555566,1266.848339800001,-0.02,3565.56,0.13,3532.7713888888893,long_nclose,459.26028055555565,0.3638476923257332,4.0
1710669660000.0,110041,1710669660000.0,0.6557722222222128,-0.01426224,1262.8737303377786,1266.650977560001,-0.02,3565.56,0.11,3532.7713888888893,long_nclose,388.6048527777778,0.3077147330270607,22.0
1710669900000.0,110045,1710669900000.0,0.3278861111111064,-0.00713112,1263.1944853288899,1266.484346440001,-0.01,3565.56,0.1,3532.7713888888893,long_nclose,353.27713888888894,0.2796696336090388,4.0
1710671220000.0,110067,1710671220000.0,1.2381722222222107,-0.01437872,1264.418278831112,1269.4309677200008,-0.02,3594.68,0.08,3532.7713888888893,long_nclose,282.62171111111115,0.22351915963472152,22.0
1710671340000.0,110069,1710671340000.0,0.6190861111111053,-0.00718936,1265.0301755822231,1269.2671783600008,-0.01,3594.68,0.07,3532.7713888888893,long_nclose,247.2939972222223,0.195484662734157,2.0
1710671400000.0,110070,1710671400000.0,0.6190861111111053,-0.00718936,1265.6420723333342,1269.1321890000008,-0.01,3594.68,0.06,3532.7713888888893,long_nclose,211.96628333333334,0.1674772733673059,1.0
1710671460000.0,110071,1710671460000.0,0.6190861111111053,-0.00718936,1266.2539690844453,1269.705399640001,-0.01,3594.68,0.05,3532.7713888888893,long_nclose,176.63856944444447,0.13949695223633657,1.0
1710672720000.0,110092,1710672720000.0,0.6190861111111053,-0.00718936,1266.8658658355564,1269.3146102800008,-0.01,3594.68,0.04,3532.7713888888893,long_nclose,141.31085555555558,0.11154366011934069,21.0
1710672780000.0,110093,1710672780000.0,0.6190861111111053,-0.00718936,1267.4777625866675,1269.3326209200009,-0.01,3594.68,0.03,3532.7713888888893,long_nclose,105.98314166666667,0.08361735787015022,1.0
1710672840000.0,110094,1710672840000.0,0.6190861111111053,-0.00718936,1268.0896593377786,1269.3048315600008,-0.01,3594.68,0.02,3532.7713888888893,long_nclose,70.65542777777779,0.05571800641815457,1.0
1710672960000.0,110096,1710672960000.0,0.6190861111111053,-0.00718936,1268.7015560888897,1269.3325422000007,-0.01,3594.68,0.01,3532.7713888888893,long_nclose,35.327713888888894,0.027845566768118404,2.0
1710673320000.0,110102,1710673320000.0,0.6190861111111053,-0.00718936,1269.3134528400008,1269.3134528400008,-0.01,3594.68,0.0,3532.7713888888893,long_nclose,0.0,0.0,6.0
1710679680000.0,110208,1710679680000.0,0.0,-0.0071011400000000014,1269.3063517000007,1269.3446517000007,0.01,3550.57,0.01,3550.57,long_ientry_normal,35.505700000000004,0.027972522120012003,106.0
1710681360000.0,110236,1710681360000.0,0.3294999999999982,-0.00716704,1269.6286846600008,1269.6286846600008,-0.01,3583.52,0.0,3550.57,long_nclose,0.0,0.0,28.0
1710720480000.0,110888,1710720480000.0,0.0,-0.00723942,1269.6214452400009,1269.6251452400008,0.01,3619.71,0.01,3619.71,long_ientry_normal,36.1971,0.028510151695773804,652.0
1710722280000.0,110918,1710722280000.0,0.0,-0.00719036,1269.6142548800008,1269.4085548800008,0.01,3595.18,0.02,3607.4449999999997,long_rentry,72.1489,0.05682741803085634,30.0
1710723480000.0,110938,1710723480000.0,0.0,-0.00715698,1269.6070979000008,1269.1065979000007,0.01,3578.49,0.03,3597.793333333334,long_rentry,107.93380000000002,0.0850135448821359,20.0
1710723780000.0,110943,1710723780000.0,0.0,-0.014257760000000003,1269.5928401400008,1268.811740140001,0.02,3564.44,0.05,3584.452,long_rentry,179.22260000000003,0.14116541487445436,5.0
1710730080000.0,111048,1710730080000.0,0.33267999999999576,-0.00723544,1269.9182847000009,1271.2698047000008,-0.01,3617.72,0.04,3584.452,long_nclose,143.37808,0.11290339049954771,105.0
1710732000000.0,111080,1710732000000.0,0.33267999999999576,-0.00723544,1270.243729260001,1271.039269260001,-0.01,3617.72,0.03,3584.452,long_nclose,107.53356000000001,0.08465584794710639,32.0
1710736620000.0,111157,1710736620000.0,0.33267999999999576,-0.00723544,1270.569173820001,1271.3471338200009,-0.01,3617.72,0.02,3584.452,long_nclose,71.68904,0.056422776088975106,77.0
1710737880000.0,111178,1710737880000.0,0.33267999999999576,-0.00723544,1270.894618380001,1271.278098380001,-0.01,3617.72,0.01,3584.452,long_nclose,35.84452,0.028204163808397204,21.0
1710738600000.0,111190,1710738600000.0,0.33267999999999576,-0.00723544,1271.220062940001,1271.220062940001,-0.01,3617.72,0.0,3584.452,long_nclose,0.0,0.0,12.0
1710750120000.0,111382,1710750120000.0,0.0,-0.007198600000000001,1271.212864340001,1271.184964340001,0.01,3599.3,0.01,3599.3,long_ientry_normal,35.993,0.028313904783119976,192.0
1710750300000.0,111385,1710750300000.0,0.0,-0.007149880000000001,1271.205714460001,1271.034514460001,0.01,3574.94,0.02,3587.12,long_rentry,71.7424,0.056436498974106374,3.0
1710755700000.0,111475,1710755700000.0,0.0,-0.0071167800000000005,1271.198597680001,1270.598197680001,0.01,3558.39,0.03,3577.5433333333335,long_rentry,107.3263,0.08442921522716883,90.0
1710761220000.0,111567,1710761220000.0,0.3320666666666648,-0.0072215000000000005,1271.5234428466676,1272.227776180001,-0.01,3610.75,0.02,3577.5433333333335,long_nclose,71.55086666666668,0.0562717636620837,92.0
1710761520000.0,111572,1710761520000.0,0.3320666666666648,-0.0072215000000000005,1271.8482880133342,1272.1532546800008,-0.01,3610.75,0.01,3577.5433333333335,long_nclose,35.77543333333334,0.02812869559247169,5.0
1710761640000.0,111574,1710761640000.0,0.3320666666666648,-0.0072215000000000005,1272.1731331800008,1272.1731331800008,-0.01,3610.75,0.0,3577.5433333333335,long_nclose,0.0,0.0,2.0
1710768000000.0,111680,1710768000000.0,0.0,-0.007138120000000001,1272.1659950600008,1272.1069950600008,0.01,3569.06,0.01,3569.06,long_ientry_normal,35.6906,0.028054986643717576,106.0
1710769380000.0,111703,1710769380000.0,0.0,-0.0070899000000000005,1272.1589051600008,1271.9092051600007,0.01,3544.95,0.02,3557.005,long_rentry,71.1401,0.055920765646059474,23.0
1710772260000.0,111751,1710772260000.0,0.0,-0.0070572000000000005,1272.1518479600009,1271.4202479600008,0.01,3528.6,0.03,3547.536666666667,long_rentry,106.4261,0.08365833070215865,48.0
1710772380000.0,111753,1710772380000.0,0.0,-0.014059440000000001,1272.1377885200009,1271.5239885200008,0.02,3514.86,0.05,3534.466,long_rentry,176.7233,0.13891836371404315,2.0
1710773520000.0,111772,1710773520000.0,0.0,-0.02095968,1272.1168288400008,1270.2887288400009,0.03,3493.28,0.08,3519.02125,long_rentry,281.5217,0.22130176538636775,19.0
1710778620000.0,111857,1710778620000.0,0.32658750000000053,-0.0071033599999999995,1272.4363129800008,1274.6531254800009,-0.01,3551.68,0.07,3519.02125,long_nclose,246.3314875,0.19359042569533433,85.0
1710778680000.0,111858,1710778680000.0,0.32658750000000053,-0.0071033599999999995,1272.7557971200008,1275.0495221200008,-0.01,3551.68,0.06,3519.02125,long_nclose,211.14127499999998,0.1658929980737638,1.0
1710780060000.0,111881,1710780060000.0,0.32658750000000053,-0.0071033599999999995,1273.0752812600008,1274.6932187600007,-0.01,3551.68,0.05,3519.02125,long_nclose,175.9510625,0.13820947204776135,23.0
1710780120000.0,111882,1710780120000.0,0.32658750000000053,-0.0071033599999999995,1273.3947654000008,1274.6627154000007,-0.01,3551.68,0.04,3519.02125,long_nclose,140.76085,0.11053983715394337,1.0
1710781380000.0,111903,1710781380000.0,0.0,-0.013929720000000001,1273.3808356800007,1272.0047856800006,0.02,3482.43,0.06,3506.824166666667,long_rentry,210.40945000000002,0.1652368593152565,21.0
1710781680000.0,111908,1710781680000.0,0.0,-0.02077128,1273.3600644000007,1270.0784144000008,0.03,3461.88,0.09,3491.842777777778,long_rentry,314.26585,0.24680046028307012,5.0
1710795900000.0,112145,1710795900000.0,0.32407222222222115,-0.0070485,1273.6770881222228,1276.2448659000006,-0.01,3524.25,0.08,3491.842777777778,long_nclose,279.34742222222224,0.2193235827411036,237.0
1710795960000.0,112146,1710795960000.0,0.32407222222222115,-0.0070485,1273.994111844445,1276.3158174000005,-0.01,3524.25,0.07,3491.842777777778,long_nclose,244.42899444444447,0.19186038002214043,1.0
1710796500000.0,112155,1710796500000.0,0.32407222222222115,-0.0070485,1274.311135566667,1276.3113689000004,-0.01,3524.25,0.06,3491.842777777778,long_nclose,209.51056666666668,0.16441084192009395,9.0
1710796980000.0,112163,1710796980000.0,0.32407222222222115,-0.0070485,1274.628159288889,1276.4530204000002,-0.01,3524.25,0.05,3491.842777777778,long_nclose,174.5921388888889,0.1369749582390313,8.0
1710797160000.0,112166,1710797160000.0,0.32407222222222115,-0.0070485,1274.945183011111,1276.4554719,-0.01,3524.25,0.04,3491.842777777778,long_nclose,139.67371111111112,0.10955271879316074,3.0
1710798360000.0,112186,1710798360000.0,0.32407222222222115,-0.0070485,1275.2622067333332,1276.2566233999999,-0.01,3524.25,0.03,3491.842777777778,long_nclose,104.75528333333334,0.08214411340681912,20.0
1710798960000.0,112196,1710798960000.0,0.32407222222222115,-0.0070485,1275.5792304555553,1276.3553748999998,-0.01,3524.25,0.02,3491.842777777778,long_nclose,69.83685555555556,0.05474913191445921,10.0
1710799320000.0,112202,1710799320000.0,0.32407222222222115,-0.0070485,1275.8962541777773,1276.2240263999995,-0.01,3524.25,0.01,3491.842777777778,long_nclose,34.91842777777778,0.027367764160637163,6.0
1710799440000.0,112204,1710799440000.0,0.32407222222222115,-0.0070485,1276.2132778999994,1276.2132778999994,-0.01,3524.25,0.0,3491.842777777778,long_nclose,0.0,0.0,2.0
1710808740000.0,112359,1710808740000.0,0.0,-0.01401132,1276.1992665799994,1276.1532665799994,0.02,3502.83,0.02,3502.83,long_ientry_normal,70.0566,0.054894718900552246,155.0
1710809400000.0,112370,1710809400000.0,0.0,-0.013900040000000002,1276.1853665399994,1275.5185665399995,0.02,3475.01,0.04,3488.92,long_rentry,139.5568,0.1093546467927047,11.0
1710809700000.0,112375,1710809700000.0,0.0,-0.013811280000000002,1276.1715552599994,1274.9183552599993,0.02,3452.82,0.06,3476.886666666667,long_rentry,208.61320000000003,0.16346799075732293,5.0
1710810600000.0,112390,1710810600000.0,0.0,-0.0205956,1276.1509596599994,1272.9906596599994,0.03,3432.6,0.09,3462.1244444444446,long_rentry,311.5912,0.24416484401110053,15.0
1710811320000.0,112402,1710811320000.0,0.0,-0.0340568,1276.1169028599995,1272.0015028599996,0.05,3405.68,0.14,3441.965714285714,long_rentry,481.8752,0.37761054564831326,12.0
1710819660000.0,112541,1710819660000.0,0.0,-0.04711784,1276.0697850199995,1267.4771850199995,0.07,3365.56,0.21,3416.497142857143,long_rentry,717.4644,0.5622454260906705,139.0
1710832620000.0,112757,1710832620000.0,0.0,-0.11263486,1275.9571501599994,1255.7062501599994,0.17,3312.79,0.38,3370.101842105263,long_rentry,1280.6387,1.0036690494186373,216.0
1710848940000.0,113029,1710848940000.0,-0.8981184210526317,-0.006560580000000001,1275.0524711589467,1241.3558895799995,-0.01,3280.29,0.37,3370.101842105263,unstuck_close_long,1246.9376815789474,0.9779500920817442,272.0
1710888720000.0,113692,1710888720000.0,0.0,-0.012823680000000002,1275.0396474789466,1214.3820658999994,0.02,3205.92,0.39,3361.682260458839,long_rentry,1311.0560815789474,1.0282473052278913,663.0
1710919920000.0,114212,1710919920000.0,-1.842322604588394,-0.0063549,1273.1909699743583,1206.7357109999994,-0.01,3177.45,0.38,3361.682260458839,unstuck_close_long,1277.4392589743588,1.0033367256760282,520.0
1710946860000.0,114661,1710946860000.0,1.871864372469654,-0.040714560000000004,1275.022119786828,1286.1221964399995,-0.06,3392.88,0.32,3361.682260458839,long_nclose,1075.7383233468286,0.843701694780544,449.0
1710952020000.0,114747,1710952020000.0,0.0,-0.0386142,1274.983505586828,1228.5999822399992,0.06,3217.85,0.38,3338.971903544286,long_rentry,1268.8093233468287,0.9951574414783056,86.0
1710952140000.0,114749,1710952140000.0,0.0,-0.012695080000000001,1274.970810506828,1221.7980871599996,0.02,3173.77,0.4,3330.711808367071,long_rentry,1332.2847233468285,1.0449531176460558,2.0
1710960780000.0,114893,1710960780000.0,1.8550914979757362,-0.040339560000000003,1276.7855624448039,1291.1091475999997,-0.06,3361.63,0.34,3330.711808367071,long_nclose,1132.4420148448044,0.8869476975259583,144.0
1710960840000.0,114894,1710960840000.0,3.502091497975725,-0.04066896,1280.2469849827796,1295.6660786399998,-0.06,3389.08,0.28,3330.711808367071,long_nclose,932.59930634278,0.728452648029727,1.0
1710960900000.0,114895,1710960900000.0,2.918409581646438,-0.033890800000000006,1283.131503764426,1299.2494878399996,-0.05,3389.08,0.23,3330.711808367071,long_nclose,766.0637159244264,0.597026659915187,1.0
1710961500000.0,114905,1710961500000.0,2.3347276653171503,-0.02711264,1285.4391187897431,1295.5429751999995,-0.04,3389.08,0.19,3330.711808367071,long_nclose,632.8352435897435,0.4923105531326647,10.0
1710961800000.0,114910,1710961800000.0,1.7510457489878626,-0.02033448,1287.1698300587311,1296.9455407199998,-0.03,3389.08,0.16,3330.711808367071,long_nclose,532.9138893387315,0.4140198728200579,5.0
1710961920000.0,114912,1710961920000.0,1.7510457489878626,-0.02033448,1288.900541327719,1296.74190624,-0.03,3389.08,0.13,3330.711808367071,long_nclose,432.99253508771926,0.33593944699696227,2.0
1710962640000.0,114924,1710962640000.0,0.6183638326585787,-0.013446520000000002,1289.5054586403778,1293.12205972,-0.02,3361.63,0.11,3330.711808367071,long_nclose,366.37829892037786,0.2841231081772061,12.0
1710962760000.0,114926,1710962760000.0,0.3091819163292894,-0.006723260000000001,1289.807917296707,1292.6927364599999,-0.01,3361.63,0.1,3330.711808367071,long_nclose,333.07118083670713,0.2582331650861525,2.0
1710962820000.0,114927,1710962820000.0,0.3091819163292894,-0.006723260000000001,1290.1103759530363,1293.0820132,-0.01,3361.63,0.09,3330.711808367071,long_nclose,299.7640627530364,0.23235536147951164,1.0
1710963480000.0,114938,1710963480000.0,0.3091819163292894,-0.006723260000000001,1290.4128346093655,1293.5982899399999,-0.01,3361.63,0.08,3330.711808367071,long_nclose,266.4569446693657,0.20648968882119628,11.0
1710964140000.0,114949,1710964140000.0,0.5836819163292876,-0.00677816,1290.9897383656948,1294.9929117799998,-0.01,3389.08,0.07,3330.711808367071,long_nclose,233.149826585695,0.1805977380430977,11.0
1710964200000.0,114950,1710964200000.0,0.5836819163292876,-0.00677816,1291.5666421220242,1294.81133362,-0.01,3389.08,0.06,3330.711808367071,long_nclose,199.84270850202427,0.15472891756764928,1.0
1710965100000.0,114965,1710965100000.0,0.5836819163292876,-0.00677816,1292.1435458783535,1295.81695546,-0.01,3389.08,0.05,3330.711808367071,long_nclose,166.53559041835356,0.12888319641386944,15.0
1710965220000.0,114967,1710965220000.0,0.8581819163292903,-0.006833060000000001,1292.994894734683,1296.3992224,-0.01,3416.53,0.04,3330.711808367071,long_nclose,133.22847233468286,0.1030386685030344,2.0
1710965340000.0,114969,1710965340000.0,0.8581819163292903,-0.006833060000000001,1293.8462435910124,1296.4219893400002,-0.01,3416.53,0.03,3330.711808367071,long_nclose,99.92135425101213,0.07722815191215061,2.0
1710965460000.0,114971,1710965460000.0,0.8581819163292903,-0.006833060000000001,1294.6975924473418,1296.3569562800003,-0.01,3416.53,0.02,3330.711808367071,long_nclose,66.61423616734143,0.05145157954717582,2.0
1710965520000.0,114972,1710965520000.0,0.8581819163292903,-0.006833060000000001,1295.5489413036712,1296.3983232200005,-0.01,3416.53,0.01,3330.711808367071,long_nclose,33.307118083670716,0.025708884490426725,1.0
1710965880000.0,114978,1710965880000.0,0.8581819163292903,-0.006833060000000001,1296.4002901600006,1296.4002901600006,-0.01,3416.53,0.0,3330.711808367071,long_nclose,0.0,0.0,6.0
1710992760000.0,115426,1710992760000.0,0.0,-0.014049240000000001,1296.3862409200005,1296.3944409200005,0.02,3512.31,0.02,3512.31,long_ientry_normal,70.2462,0.054186165960962915,448.0
1710997560000.0,115506,1710997560000.0,0.0,-0.013938120000000002,1296.3723028000006,1295.7443028000007,0.02,3484.53,0.04,3498.42,long_rentry,139.9368,0.10794491651646226,80.0
1710998220000.0,115517,1710998220000.0,0.0,-0.013849760000000001,1296.3584530400005,1294.9702530400004,0.02,3462.44,0.06,3486.426666666667,long_rentry,209.18560000000002,0.16136401124970748,11.0
1711000860000.0,115561,1711000860000.0,0.3236333333333278,-0.00703758,1296.6750487933339,1298.5842154600005,-0.01,3518.79,0.05,3486.426666666667,long_nclose,174.32133333333337,0.13443717722150522,44.0
1711002180000.0,115583,1711002180000.0,0.3236333333333278,-0.00703758,1296.9916445466672,1298.2473778800006,-0.01,3518.79,0.04,3486.426666666667,long_nclose,139.4570666666667,0.10752348887753291,22.0
1711002360000.0,115586,1711002360000.0,0.3236333333333278,-0.00703758,1297.3082403000005,1298.4624403000005,-0.01,3518.79,0.03,3486.426666666667,long_nclose,104.59280000000001,0.08062293659355242,3.0
1711002780000.0,115593,1711002780000.0,0.3236333333333278,-0.00703758,1297.6248360533339,1298.4111027200006,-0.01,3518.79,0.02,3486.426666666667,long_nclose,69.72853333333335,0.053735510754718184,7.0
1711003800000.0,115610,1711003800000.0,0.3236333333333278,-0.00703758,1297.9414318066672,1298.2330651400005,-0.01,3518.79,0.01,3486.426666666667,long_nclose,34.86426666666667,0.026861201755565674,17.0
1711003920000.0,115612,1711003920000.0,0.3236333333333278,-0.00703758,1298.2580275600005,1298.2580275600005,-0.01,3518.79,0.0,3486.426666666667,long_nclose,0.0,0.0,2.0
1711029300000.0,116035,1711029300000.0,0.0,-0.014079400000000002,1298.2439481600006,1298.2945481600007,0.02,3519.85,0.02,3519.85,long_ientry_normal,70.397,0.054224785796054414,423.0
1711030800000.0,116060,1711030800000.0,0.3267000000000007,-0.00710504,1298.5635431200008,1299.0198431200008,-0.01,3552.52,0.01,3519.85,long_nclose,35.1985,0.0271057201524618,25.0
1711031220000.0,116067,1711031220000.0,0.3267000000000007,-0.00710504,1298.883138080001,1298.883138080001,-0.01,3552.52,0.0,3519.85,long_nclose,0.0,0.0,7.0
1711033500000.0,116105,1711033500000.0,0.0,-0.01406232,1298.869075760001,1298.8656757600008,0.02,3515.58,0.02,3515.58,long_ientry_normal,70.3116,0.05413293865577554,38.0
1711034100000.0,116115,1711034100000.0,0.0,-0.013951120000000001,1298.855124640001,1298.5159246400008,0.02,3487.78,0.04,3501.6800000000003,long_rentry,140.0672,0.10783897090818496,10.0
1711040700000.0,116225,1711040700000.0,0.32499999999999546,-0.00706836,1299.173056280001,1300.232956280001,-0.01,3534.18,0.03,3501.6800000000003,long_nclose,105.05040000000001,0.0808594355403252,110.0
1711043280000.0,116268,1711043280000.0,0.0,-0.01387944,1299.159176840001,1298.315076840001,0.02,3469.86,0.05,3488.952,long_rentry,174.44760000000002,0.13427731036339688,43.0
1711044660000.0,116291,1711044660000.0,0.0,-0.020694060000000004,1299.138482780001,1296.7165827800009,0.03,3449.01,0.08,3473.97375,long_rentry,277.91790000000003,0.2139247691326093,23.0
1711046460000.0,116321,1711046460000.0,0.0,-0.027375840000000002,1299.1111069400008,1294.8472069400007,0.04,3421.98,0.12,3456.642500000001,long_rentry,414.79710000000006,0.319293013341281,30.0
1711052220000.0,116417,1711052220000.0,0.6417499999999836,-0.013954920000000003,1299.7389020200008,1303.1486520200006,-0.02,3488.73,0.1,3456.642500000001,long_nclose,345.6642500000001,0.2659489913418633,96.0
1711052880000.0,116428,1711052880000.0,0.3208749999999918,-0.006977460000000001,1300.0527995600007,1302.9307745600006,-0.01,3488.73,0.09,3456.642500000001,long_nclose,311.09782500000006,0.23929630020049206,11.0
1711052940000.0,116429,1711052940000.0,0.3208749999999918,-0.006977460000000001,1300.3666971000007,1302.6400971000007,-0.01,3488.73,0.08,3456.642500000001,long_nclose,276.5314000000001,0.21265647652827754,1.0
1711053000000.0,116430,1711053000000.0,0.3208749999999918,-0.006977460000000001,1300.6805946400007,1302.1945196400006,-0.01,3488.73,0.07,3456.642500000001,long_nclose,241.9649750000001,0.1860295110091733,1.0
1711054680000.0,116458,1711054680000.0,0.3208749999999918,-0.006977460000000001,1300.9944921800006,1302.8357421800006,-0.01,3488.73,0.06,3456.642500000001,long_nclose,207.39855000000003,0.15941539433612387,28.0
1711054740000.0,116459,1711054740000.0,0.3208749999999918,-0.006977460000000001,1301.3083897200006,1302.8487647200006,-0.01,3488.73,0.05,3456.642500000001,long_nclose,172.83212500000005,0.13281411721105396,1.0
1711054800000.0,116460,1711054800000.0,0.3208749999999918,-0.006977460000000001,1301.6222872600006,1302.9569872600005,-0.01,3488.73,0.04,3456.642500000001,long_nclose,138.26570000000004,0.10622567034485735,1.0
1711054980000.0,116463,1711054980000.0,0.3208749999999918,-0.006977460000000001,1301.9361848000005,1302.9822098000004,-0.01,3488.73,0.03,3456.642500000001,long_nclose,103.69927500000001,0.07965004445738635,3.0
1711055280000.0,116468,1711055280000.0,0.3208749999999918,-0.006977460000000001,1302.2500823400005,1302.8252323400004,-0.01,3488.73,0.02,3456.642500000001,long_nclose,69.13285000000002,0.05308723027744093,5.0
1711055700000.0,116475,1711055700000.0,0.3208749999999918,-0.006977460000000001,1302.5639798800005,1302.8745548800005,-0.01,3488.73,0.01,3456.642500000001,long_nclose,34.56642500000001,0.026537218542757847,7.0
1711055760000.0,116476,1711055760000.0,0.3208749999999918,-0.006977460000000001,1302.8778774200005,1302.8778774200005,-0.01,3488.73,0.0,3456.642500000001,long_nclose,0.0,0.0,1.0
1711072560000.0,116756,1711072560000.0,0.0,-0.013882640000000002,1302.8639947800004,1302.9119947800004,0.02,3470.66,0.02,3470.66,long_ientry_normal,69.4132,0.05327739524471317,280.0
1711078140000.0,116849,1711078140000.0,0.3221000000000004,-0.007005740000000001,1303.1790890400005,1303.5184890400005,-0.01,3502.87,0.01,3470.66,long_nclose,34.7066,0.02663225668052037,93.0
1711086660000.0,116991,1711086660000.0,0.6082000000000016,-0.00706296,1303.7802260800004,1303.7802260800004,-0.01,3531.48,0.0,3470.66,long_nclose,0.0,0.0,142.0
1711096920000.0,117162,1711096920000.0,0.0,-0.01398192,1303.7662441600003,1303.7272441600003,0.02,3495.48,0.02,3495.48,long_ientry_normal,69.9096,0.053621268623227664,171.0
1711100220000.0,117217,1711100220000.0,0.0,-0.01387168,1303.7523724800003,1303.2267724800004,0.02,3467.92,0.04,3481.7,long_rentry,139.268,0.10682089861519035,55.0
1711102020000.0,117247,1711102020000.0,0.0,-0.01378424,1303.7385882400004,1302.3009882400004,0.02,3446.06,0.06,3469.8200000000006,long_rentry,208.18920000000003,0.1596863066552689,30.0
1711106760000.0,117326,1711106760000.0,0.0,-0.020557199999999998,1303.7180310400004,1301.4752310400004,0.03,3426.2,0.09,3455.28,long_rentry,310.97520000000003,0.23852949226446554,79.0
1711108500000.0,117355,1711108500000.0,0.0,-0.0339981,1303.6840329400004,1299.0697329400004,0.05,3399.81,0.14,3435.4692857142854,long_rentry,480.9657,0.36892812050121626,29.0
1711115160000.0,117466,1711115160000.0,0.0,-0.047047420000000006,1303.6369855200005,1291.9799855200004,0.07,3360.53,0.21,3410.489523809524,long_rentry,716.2028,0.5493882176979796,111.0
1711117320000.0,117502,1711117320000.0,0.0,-0.11912076,1303.5178647600005,1280.3960647600006,0.18,3308.91,0.39,3363.6066666666666,long_rentry,1311.8066000000001,1.0063587431089989,36.0
1711121520000.0,117572,1711121520000.0,0.14473333333333357,-0.00675616,1303.655841933334,1309.1747086000007,-0.01,3378.08,0.38,3363.6066666666666,unstuck_close_long,1278.1705333333334,0.9804508921908366,70.0
1711204200000.0,118950,1711204200000.0,0.3036333333333323,-0.006787940000000001,1303.9526873266673,1319.2645206600005,-0.01,3393.97,0.37,3363.6066666666666,unstuck_close_long,1244.5344666666665,0.9544322265389716,1378.0
1711204200000.0,118950,1711204200000.0,1.8734000000000013,-0.040737960000000004,1305.7853493666673,1318.6141827000006,-0.06,3394.83,0.31,3363.6066666666666,long_nclose,1042.7180666666666,0.7985371157460193,0.0
1711205700000.0,118975,1711205700000.0,3.5366000000000164,-0.041070600000000006,1309.2808787666672,1324.0592121000004,-0.06,3422.55,0.25,3363.6066666666666,long_nclose,840.9016666666666,0.642262237464882,25.0
1711206300000.0,118985,1711206300000.0,2.9471666666666807,-0.034225500000000006,1312.1938199333338,1324.2004866000004,-0.05,3422.55,0.2,3363.6066666666666,long_nclose,672.7213333333334,0.5126691827945898,10.0
1711206420000.0,118987,1711206420000.0,2.3577333333333446,-0.027380400000000003,1314.524172866667,1323.7135062000002,-0.04,3422.55,0.16,3363.6066666666666,long_nclose,538.1770666666666,0.40940826937630936,2.0
1711206480000.0,118988,1711206480000.0,1.7683000000000082,-0.020535300000000003,1316.271937566667,1323.8071709000003,-0.03,3422.55,0.13,3363.6066666666666,long_nclose,437.26886666666667,0.332202529117977,1.0
1711207860000.0,119011,1711207860000.0,0.6244666666666672,-0.013579320000000002,1316.8828249133337,1320.2480915800004,-0.02,3394.83,0.11,3363.6066666666666,long_nclose,369.99673333333334,0.28096405111645634,23.0
1711207920000.0,119012,1711207920000.0,0.3122333333333336,-0.006789660000000001,1317.188268586667,1320.5786019200002,-0.01,3394.83,0.1,3363.6066666666666,long_nclose,336.3606666666667,0.255362634703374,1.0
1711208220000.0,119017,1711208220000.0,0.3122333333333336,-0.006789660000000001,1317.4937122600002,1320.32001226,-0.01,3394.83,0.09,3363.6066666666666,long_nclose,302.72459999999995,0.2297730889969203,5.0
1711208340000.0,119019,1711208340000.0,0.3122333333333336,-0.006789660000000001,1317.7991559333334,1320.3562226000001,-0.01,3394.83,0.08,3363.6066666666666,long_nclose,269.0885333333333,0.20419540574280526,2.0
1711208760000.0,119026,1711208760000.0,0.3122333333333336,-0.006789660000000001,1318.1045996066666,1320.38473294,-0.01,3394.83,0.07,3363.6066666666666,long_nclose,235.45246666666668,0.17862957669438956,7.0
1711208880000.0,119028,1711208880000.0,0.3122333333333336,-0.006789660000000001,1318.4100432799999,1320.42684328,-0.01,3394.83,0.06,3363.6066666666666,long_nclose,201.8164,0.15307559361267611,2.0
1711210140000.0,119049,1711210140000.0,0.3122333333333336,-0.006789660000000001,1318.715486953333,1320.2851536199998,-0.01,3394.83,0.05,3363.6066666666666,long_nclose,168.18033333333335,0.1275334482663014,21.0
1711211580000.0,119073,1711211580000.0,0.5894333333333361,-0.006845100000000001,1319.2980751866664,1321.6854085199998,-0.01,3422.55,0.04,3363.6066666666666,long_nclose,134.54426666666666,0.10198170466339086,24.0
1711211700000.0,119075,1711211700000.0,0.5894333333333361,-0.006845100000000001,1319.8806634199998,1321.6321634199999,-0.01,3422.55,0.03,3363.6066666666666,long_nclose,100.9082,0.07645251786516244,2.0
1711212120000.0,119082,1711212120000.0,0.5894333333333361,-0.006845100000000001,1320.4632516533331,1321.7677183199999,-0.01,3422.55,0.02,3363.6066666666666,long_nclose,67.27213333333333,0.05094585801543727,7.0
1711212660000.0,119091,1711212660000.0,0.5894333333333361,-0.006845100000000001,1321.0458398866665,1321.61037322,-0.01,3422.55,0.01,3363.6066666666666,long_nclose,33.636066666666665,0.02546169531070347,9.0
1711212960000.0,119096,1711212960000.0,0.5894333333333361,-0.006845100000000001,1321.6284281199999,1321.6284281199999,-0.01,3422.55,0.0,3363.6066666666666,long_nclose,0.0,0.0,5.0
1711235400000.0,119470,1711235400000.0,0.0,-0.01345668,1321.6149714399999,1321.6747714399999,0.02,3364.17,0.02,3364.17,long_ientry_normal,67.2834,0.0509099862319883,374.0
1711238100000.0,119515,1711238100000.0,0.0,-0.013352200000000003,1321.6016192399998,1320.9480192399997,0.02,3338.05,0.04,3351.11,long_rentry,134.0444,0.10142572318962773,45.0
1711249740000.0,119709,1711249740000.0,0.0,-0.013270440000000003,1321.5883487999997,1320.2543487999997,0.02,3317.61,0.06,3339.9433333333336,long_rentry,200.3966,0.15163314672224512,194.0
1711270380000.0,120053,1711270380000.0,0.30996666666666445,-0.0067418800000000004,1321.8915735866665,1323.4484069199998,-0.01,3370.94,0.05,3339.9433333333336,long_nclose,166.9971666666667,0.12633197003711585,344.0
1711270500000.0,120055,1711270500000.0,0.30996666666666445,-0.0067418800000000004,1322.1947983733332,1323.4434650399999,-0.01,3370.94,0.04,3339.9433333333336,long_nclose,133.59773333333334,0.10104239821370924,2.0
1711271520000.0,120072,1711271520000.0,0.30996666666666445,-0.0067418800000000004,1322.49802316,1323.38622316,-0.01,3370.94,0.03,3339.9433333333336,long_nclose,100.1983,0.07576442326967296,17.0
1711271700000.0,120075,1711271700000.0,0.30996666666666445,-0.0067418800000000004,1322.8012479466668,1323.45398128,-0.01,3370.94,0.02,3339.9433333333336,long_nclose,66.79886666666667,0.05049803722997387,3.0
1711271880000.0,120078,1711271880000.0,0.30996666666666445,-0.0067418800000000004,1323.1044727333335,1323.3931394,-0.01,3370.94,0.01,3339.9433333333336,long_nclose,33.399433333333334,0.025243232126889545,3.0
1711272300000.0,120085,1711272300000.0,0.30996666666666445,-0.0067418800000000004,1323.4076975200003,1323.4076975200003,-0.01,3370.94,0.0,3339.9433333333336,long_nclose,0.0,0.0,7.0
1711298880000.0,120528,1711298880000.0,0.0,-0.013494520000000001,1323.3942030000003,1323.3930030000004,0.02,3373.63,0.02,3373.63,long_ientry_normal,67.4726,0.0509845062393703,443.0
1711299840000.0,120544,1711299840000.0,0.0,-0.013389680000000003,1323.3808133200002,1322.8182133200003,0.02,3347.42,0.04,3360.525,long_rentry,134.421,0.10157393748423366,16.0
1711305180000.0,120633,1711305180000.0,0.3119499999999971,-0.006783440000000001,1323.6859798800003,1324.5942298800003,-0.01,3391.72,0.03,3360.525,long_nclose,100.81575,0.07616289024164138,89.0
1711305240000.0,120634,1711305240000.0,0.3119499999999971,-0.006783440000000001,1323.9911464400004,1324.7134464400003,-0.01,3391.72,0.02,3360.525,long_nclose,67.2105,0.05076355697749055,1.0
1711305780000.0,120643,1711305780000.0,0.3119499999999971,-0.006783440000000001,1324.2963130000005,1324.6201630000005,-0.01,3391.72,0.01,3360.525,long_nclose,33.60525,0.025375929593787205,9.0
1711306980000.0,120663,1711306980000.0,0.3119499999999971,-0.006783440000000001,1324.6014795600006,1324.6014795600006,-0.01,3391.72,0.0,3360.525,long_nclose,0.0,0.0,20.0
1711353180000.0,121433,1711353180000.0,0.0,-0.013785,1324.5876945600005,1324.6252945600006,0.02,3446.25,0.02,3446.25,long_ientry_normal,68.925,0.05203505987793084,770.0
1711375020000.0,121797,1711375020000.0,0.3198999999999978,-0.006956479999999999,1324.9006380800004,1325.2155380800004,-0.01,3478.24,0.01,3446.25,long_nclose,34.4625,0.026011384559329557,364.0
1711375080000.0,121798,1711375080000.0,0.3198999999999978,-0.006956479999999999,1325.2135816000002,1325.2135816000002,-0.01,3478.24,0.0,3446.25,long_nclose,0.0,0.0,1.0
1711401360000.0,122236,1711401360000.0,0.0,-0.01441896,1325.1991626400002,1325.1581626400002,0.02,3604.74,0.02,3604.74,long_ientry_normal,72.09479999999999,0.05440299241992885,438.0
1711402020000.0,122247,1711402020000.0,0.0,-0.014304760000000003,1325.1848578800002,1324.5262578800002,0.02,3576.19,0.04,3590.465,long_rentry,143.61860000000001,0.10837627606895366,11.0
1711406520000.0,122322,1711406520000.0,0.3332499999999982,-0.007247580000000001,1325.5108603,1326.4452103,-0.01,3623.79,0.03,3590.465,long_nclose,107.71395,0.08126221612067465,75.0
1711406580000.0,122323,1711406580000.0,0.3332499999999982,-0.007247580000000001,1325.83686272,1326.49596272,-0.01,3623.79,0.02,3590.465,long_nclose,71.80930000000001,0.05416149001369652,1.0
1711415820000.0,122477,1711415820000.0,0.3332499999999982,-0.007247580000000001,1326.16286514,1326.5188151399998,-0.01,3623.79,0.01,3590.465,long_nclose,35.904650000000004,0.02707408791469186,154.0
1711415940000.0,122479,1711415940000.0,0.3332499999999982,-0.007247580000000001,1326.4888675599998,1326.4888675599998,-0.01,3623.79,0.0,3590.465,long_nclose,0.0,0.0,2.0
1711460160000.0,123216,1711460160000.0,0.0,-0.01446796,1326.4743995999997,1326.3997995999998,0.02,3616.99,0.02,3616.99,long_ientry_normal,72.3398,0.05453539097461223,737.0
1711462860000.0,123261,1711462860000.0,0.0,-0.014353280000000001,1326.4600463199997,1326.0658463199998,0.02,3588.32,0.04,3602.6549999999997,long_rentry,144.1062,0.10863968379582489,45.0
1711463340000.0,123269,1711463340000.0,0.0,-0.01426196,1326.4457843599996,1325.0125843599997,0.02,3565.49,0.06,3590.2666666666664,long_rentry,215.41599999999997,0.16240090815617964,8.0
1711471440000.0,123404,1711471440000.0,0.0,-0.02126826,1326.4245160999997,1324.3436160999997,0.03,3544.71,0.09,3575.0811111111107,long_rentry,321.75729999999993,0.24257490425919007,135.0
1711493880000.0,123778,1711493880000.0,0.33178888888889563,-0.0072165200000000014,1326.7490884688887,1329.46739958,-0.01,3608.26,0.08,3575.0811111111107,long_nclose,286.00648888888884,0.2155693878930413,374.0
1711494120000.0,123782,1711494120000.0,0.33178888888889563,-0.0072165200000000014,1327.0736608377777,1329.3737830599998,-0.01,3608.26,0.07,3575.0811111111107,long_nclose,250.25567777777778,0.1885770814106823,4.0
1711494180000.0,123783,1711494180000.0,0.33178888888889563,-0.0072165200000000014,1327.3982332066666,1329.41296654,-0.01,3608.26,0.06,3575.0811111111107,long_nclose,214.50486666666663,0.16159797512196156,1.0
1711495260000.0,123801,1711495260000.0,0.33178888888889563,-0.0072165200000000014,1327.7228055755556,1329.3152500200001,-0.01,3608.26,0.05,3575.0811111111107,long_nclose,178.75405555555554,0.13463205934620315,18.0
1711499880000.0,123878,1711499880000.0,0.33178888888889563,-0.0072165200000000014,1328.0473779444446,1329.4013335000002,-0.01,3608.26,0.04,3575.0811111111107,long_nclose,143.00324444444442,0.10767932441219472,77.0
1711504200000.0,123950,1711504200000.0,0.33178888888889563,-0.0072165200000000014,1328.3719503133336,1329.3265169800004,-0.01,3608.26,0.03,3575.0811111111107,long_nclose,107.25243333333331,0.08073976065817623,72.0
1711504500000.0,123955,1711504500000.0,0.33178888888889563,-0.0072165200000000014,1328.6965226822226,1329.3749004600004,-0.01,3608.26,0.02,3575.0811111111107,long_nclose,71.50162222222221,0.05381335843182821,5.0
1711504620000.0,123957,1711504620000.0,0.33178888888889563,-0.0072165200000000014,1329.0210950511116,1329.3548839400005,-0.01,3608.26,0.01,3575.0811111111107,long_nclose,35.750811111111105,0.02690010809026037,2.0
1711504860000.0,123961,1711504860000.0,0.33178888888889563,-0.0072165200000000014,1329.3456674200006,1329.3456674200006,-0.01,3608.26,0.0,3575.0811111111107,long_nclose,0.0,0.0,4.0
1711523940000.0,124279,1711523940000.0,0.0,-0.014328880000000002,1329.3313385400006,1329.3405385400006,0.02,3582.22,0.02,3582.22,long_ientry_normal,71.6444,0.05389506582962737,318.0
1711529580000.0,124373,1711529580000.0,0.0,-0.01421572,1329.3171228200006,1328.8341228200006,0.02,3553.93,0.04,3568.075,long_rentry,142.72299999999998,0.10736565229614194,94.0
1711544520000.0,124622,1711544520000.0,0.3311500000000024,-0.007202380000000001,1329.6410704400005,1330.6270204400005,-0.01,3601.19,0.03,3568.075,long_nclose,107.04225,0.08050462066772496,249.0
1711544580000.0,124623,1711544580000.0,0.3311500000000024,-0.007202380000000001,1329.9650180600004,1330.7145180600003,-0.01,3601.19,0.02,3568.075,long_nclose,71.36149999999999,0.05365667444704216,1.0
1711544760000.0,124626,1711544760000.0,0.625250000000001,-0.0072612,1330.5830068600005,1331.1506568600005,-0.01,3630.6,0.01,3568.075,long_nclose,35.680749999999996,0.0268158768119261,3.0
1711544820000.0,124627,1711544820000.0,0.625250000000001,-0.0072612,1331.2009956600007,1331.2009956600007,-0.01,3630.6,0.0,3568.075,long_nclose,0.0,0.0,1.0
1711547100000.0,124665,1711547100000.0,0.0,-0.014318,1331.1866776600007,1330.7382776600007,0.02,3579.5,0.02,3579.5,long_ientry_normal,71.59,0.05377908388164087,38.0
1711548120000.0,124682,1711548120000.0,0.0,-0.014205000000000002,1331.1724726600007,1330.4662726600006,0.02,3551.25,0.04,3565.375,long_rentry,142.615,0.10713487765790496,17.0
1711548480000.0,124688,1711548480000.0,0.0,-0.01411532,1331.1583573400007,1329.6335573400008,0.02,3528.83,0.06,3553.1933333333336,long_rentry,213.19160000000002,0.1601549498783992,6.0
1711548540000.0,124689,1711548540000.0,0.0,-0.0210507,1331.1373066400008,1331.1293066400008,0.03,3508.45,0.09,3538.2788888888886,long_rentry,318.44509999999997,0.2392278380385907,1.0
1711563120000.0,124932,1711563120000.0,0.0,-0.0348137,1331.1024929400007,1326.4468929400007,0.05,3481.37,0.14,3517.954285714285,long_rentry,492.51359999999994,0.37000426534562875,243.0
1711606620000.0,125657,1711606620000.0,0.6531142857143004,-0.014202440000000002,1331.741404785715,1335.2592905000008,-0.02,3550.61,0.12,3517.954285714285,long_nclose,422.1545142857142,0.3169943599926153,725.0
1711606680000.0,125658,1711606680000.0,0.6531142857143004,-0.014202440000000002,1332.3803166314294,1335.645888060001,-0.02,3550.61,0.1,3517.954285714285,long_nclose,351.79542857142854,0.2640352939623501,1.0
1711606740000.0,125659,1711606740000.0,0.3265571428571502,-0.007101220000000001,1332.6997725542865,1335.5739868400008,-0.01,3550.61,0.09,3517.954285714285,long_nclose,316.61588571428564,0.23757480284359284,1.0
1711606800000.0,125660,1711606800000.0,0.3265571428571502,-0.007101220000000001,1333.0192284771435,1335.3468856200006,-0.01,3550.61,0.08,3517.954285714285,long_nclose,281.4363428571428,0.21112699415345937,1.0
1711606860000.0,125661,1711606860000.0,0.3265571428571502,-0.007101220000000001,1333.3386844000006,1335.4355844000006,-0.01,3550.61,0.07,3517.954285714285,long_nclose,246.25679999999997,0.18469185877616306,1.0
1711606920000.0,125662,1711606920000.0,0.3265571428571502,-0.007101220000000001,1333.6581403228577,1335.5274831800007,-0.01,3550.61,0.06,3517.954285714285,long_nclose,211.0772571428571,0.15826938760465153,1.0
1711607040000.0,125664,1711607040000.0,0.3265571428571502,-0.007101220000000001,1333.9775962457147,1335.5428819600004,-0.01,3550.61,0.05,3517.954285714285,long_nclose,175.89771428571427,0.13185957154059613,2.0
1711607100000.0,125665,1711607100000.0,0.3265571428571502,-0.007101220000000001,1334.2970521685718,1335.7940807400005,-0.01,3550.61,0.04,3517.954285714285,long_nclose,140.7181714285714,0.10546240149438134,1.0
1711609140000.0,125699,1711609140000.0,0.616457142857148,-0.0071592,1334.906350111429,1336.7203215400004,-0.01,3579.6,0.03,3517.954285714285,long_nclose,105.53862857142855,0.07906069857456209,34.0
1711609200000.0,125700,1711609200000.0,0.616457142857148,-0.0071592,1335.5156480542862,1336.7333623400004,-0.01,3579.6,0.02,3517.954285714285,long_nclose,70.3590857142857,0.05268308598015448,1.0
1711609560000.0,125706,1711609560000.0,0.616457142857148,-0.0071592,1336.1249459971434,1336.7597031400005,-0.01,3579.6,0.01,3517.954285714285,long_nclose,35.17954285714285,0.026329530754242846,6.0
1711609800000.0,125710,1711609800000.0,0.616457142857148,-0.0071592,1336.7342439400006,1336.7342439400006,-0.01,3579.6,0.0,3517.954285714285,long_nclose,0.0,0.0,4.0
1711646580000.0,126323,1711646580000.0,0.0,-0.014202320000000001,1336.7200416200005,1336.6672416200006,0.02,3550.58,0.02,3550.58,long_ientry_normal,71.0116,0.053123763981229366,613.0
1711667580000.0,126673,1711667580000.0,0.32950000000000274,-0.007167060000000001,1337.0423745600006,1337.3530745600006,-0.01,3583.53,0.01,3550.58,long_nclose,35.5058,0.02655547847665217,350.0
1711676220000.0,126817,1711676220000.0,0.32950000000000274,-0.007167060000000001,1337.3647075000006,1337.3647075000006,-0.01,3583.53,0.0,3550.58,long_nclose,0.0,0.0,144.0
1711697940000.0,127179,1711697940000.0,0.0,-0.014177160000000001,1337.3505303400007,1337.3427303400006,0.02,3544.29,0.02,3544.29,long_ientry_normal,70.8858,0.05300465240177411,362.0
1711698780000.0,127193,1711698780000.0,0.0,-0.01406576,1337.3364645800007,1337.0726645800007,0.02,3516.44,0.04,3530.365,long_rentry,141.2146,0.10559392025876552,14.0
1711711380000.0,127403,1711711380000.0,0.32765000000000327,-0.007126260000000001,1337.6569883200007,1338.6750383200006,-0.01,3563.13,0.03,3530.365,long_nclose,105.91094999999999,0.07917646371587113,210.0
1711711500000.0,127405,1711711500000.0,0.32765000000000327,-0.007126260000000001,1337.9775120600007,1338.6702120600007,-0.01,3563.13,0.02,3530.365,long_nclose,70.6073,0.05277166421974487,2.0
1711711980000.0,127413,1711711980000.0,0.32765000000000327,-0.007126260000000001,1338.2980358000007,1338.6256858000006,-0.01,3563.13,0.01,3530.365,long_nclose,35.30365,0.026379512676260014,8.0
1711712040000.0,127414,1711712040000.0,0.32765000000000327,-0.007126260000000001,1338.6185595400007,1338.6185595400007,-0.01,3563.13,0.0,3530.365,long_nclose,0.0,0.0,1.0
1711726020000.0,127647,1711726020000.0,0.0,-0.01409688,1338.6044626600008,1338.6160626600008,0.02,3524.22,0.02,3524.22,long_ientry_normal,70.4844,0.05265513597641629,233.0
1711726740000.0,127659,1711726740000.0,0.0,-0.013986320000000002,1338.5904763400008,1338.2048763400007,0.02,3496.58,0.04,3510.3999999999996,long_rentry,140.416,0.10489840058023427,12.0
1711797480000.0,128838,1711797480000.0,0.3258000000000038,-0.0070859600000000005,1338.9091903800008,1339.7671903800008,-0.01,3542.98,0.03,3510.3999999999996,long_nclose,105.31199999999998,0.07865507291806026,1179.0
1711797660000.0,128841,1711797660000.0,0.3258000000000038,-0.0070859600000000005,1339.2279044200009,1339.879704420001,-0.01,3542.98,0.02,3510.3999999999996,long_nclose,70.208,0.052424236209748044,3.0
1711805940000.0,128979,1711805940000.0,0.3258000000000038,-0.0070859600000000005,1339.546618460001,1339.8800184600009,-0.01,3542.98,0.01,3510.3999999999996,long_nclose,35.104,0.02620588153949956,138.0
1711807800000.0,129010,1711807800000.0,0.3258000000000038,-0.0070859600000000005,1339.865332500001,1339.865332500001,-0.01,3542.98,0.0,3510.3999999999996,long_nclose,0.0,0.0,31.0
1711825560000.0,129306,1711825560000.0,0.0,-0.014033400000000001,1339.851299100001,1339.840099100001,0.02,3508.35,0.02,3508.35,long_ientry_normal,70.167,0.05236924429384983,296.0
1711851120000.0,129732,1711851120000.0,0.32559999999999945,-0.007081820000000001,1340.1698172800009,1340.5013172800009,-0.01,3540.91,0.01,3508.35,long_nclose,35.0835,0.02617839884739773,426.0
1711851480000.0,129738,1711851480000.0,0.32559999999999945,-0.007081820000000001,1340.4883354600008,1340.4883354600008,-0.01,3540.91,0.0,3508.35,long_nclose,0.0,0.0,6.0
1711949580000.0,131373,1711949580000.0,0.0,-0.01433696,1340.4739985000008,1340.4651985000007,0.02,3584.24,0.02,3584.24,long_ientry_normal,71.6848,0.053477202900030704,1635.0
1711950420000.0,131387,1711950420000.0,0.0,-0.014224000000000002,1340.4597745000008,1339.8057745000008,0.02,3556.0,0.04,3570.12,long_rentry,142.8048,0.10653419275730748,14.0
1711950480000.0,131388,1711950480000.0,0.0,-0.01413448,1340.4456400200008,1339.1254400200007,0.02,3533.62,0.06,3557.953333333334,long_rentry,213.4772,0.15925837917367147,1.0
1711950600000.0,131390,1711950600000.0,0.0,-0.021079800000000003,1340.4245602200008,1337.9235602200008,0.03,3513.3,0.09,3543.068888888889,long_rentry,318.8762,0.23789194070546094,2.0
1711983960000.0,131946,1711983960000.0,0.0,-0.0348629,1340.3896973200008,1334.7951973200009,0.05,3486.29,0.14,3522.790714285714,long_rentry,493.1907,0.3679457556157693,556.0
1711986960000.0,131996,1711986960000.0,0.0,-0.0482454,1340.3414519200007,1330.7177519200006,0.07,3446.1,0.21,3497.227142857143,long_rentry,734.4177,0.5479332889003528,50.0
1712025420000.0,132637,1712025420000.0,0.0,-0.12215844000000001,1340.2192934800007,1311.7078934800008,0.18,3393.29,0.39,3449.2561538461537,long_rentry,1345.2099,1.0037237238295837,641.0
1712098260000.0,133851,1712098260000.0,-1.4770615384615349,-0.006603100000000001,1338.7356288415392,1282.7782903800007,-0.01,3301.55,0.38,3449.2561538461537,unstuck_close_long,1310.7173384615385,0.9790710803713755,1214.0
1712100960000.0,133896,1712100960000.0,0.0,-0.013124200000000003,1338.7225046415392,1274.6081661800008,0.02,3281.05,0.4,3440.8458461538457,long_rentry,1376.3383384615383,1.0280983054289292,45.0
1712214600000.0,135790,1712214600000.0,-1.1333584615384553,-0.006655020000000001,1337.582491160001,1292.8121111600012,-0.01,3327.51,0.39,3440.8458461538457,unstuck_close_long,1341.92988,1.003250183722298,1894.0
1712305440000.0,137304,1712305440000.0,-1.2682584615384576,-0.00662804,1336.3076046584627,1287.2701831200013,-0.01,3314.02,0.38,3440.8458461538457,unstuck_close_long,1307.5214215384615,0.9784584155476999,1514.0
1712308020000.0,137347,1712308020000.0,0.0,-0.013092560000000001,1336.2945120984627,1270.5862905600015,0.02,3273.14,0.4,3432.4605538461533,long_rentry,1372.9842215384615,1.0274563048099201,43.0
1712416380000.0,139153,1712416380000.0,-0.7339055384615313,-0.006718140000000002,1335.5538884200012,1305.7147724200013,-0.01,3359.07,0.39,3432.4605538461533,unstuck_close_long,1338.659616,1.0023254228877825,1806.0
1712531460000.0,141071,1712531460000.0,0.09699446153846566,-0.00688432,1335.6439985615398,1339.5805881000015,-0.01,3442.16,0.38,3432.4605538461533,unstuck_close_long,1304.3350104615383,0.9765588823565856,1918.0
1712561760000.0,141576,1712561760000.0,1.9115667692308125,-0.041571840000000006,1337.5139934907706,1348.1186162600015,-0.06,3464.32,0.32,3432.4605538461533,long_nclose,1098.387377230769,0.8212156153701942,505.0
1712563800000.0,141610,1712563800000.0,3.6089667692308103,-0.04191132,1341.0810489400014,1357.2555049400016,-0.06,3492.61,0.26,3432.4605538461533,long_nclose,892.4397439999999,0.6654629447678719,34.0
1712564040000.0,141614,1712564040000.0,5.306366769230808,-0.0422508,1346.3451649092324,1368.2170541400017,-0.06,3520.9,0.2,3432.4605538461533,long_nclose,686.4921107692307,0.5098931007157533,4.0
1712564100000.0,141615,1712564100000.0,7.004366769230791,-0.042590399999999994,1353.306941278463,1369.7750637400015,-0.06,3549.2,0.14,3432.4605538461533,long_nclose,480.5444775384615,0.3550890510356012,1.0
1712564160000.0,141616,1712564160000.0,10.152061230769256,-0.05008486000000001,1363.4089176492323,1372.8259788800015,-0.07,3577.49,0.07,3432.4605538461533,long_nclose,240.27223876923074,0.17622903566121914,1.0
1712564340000.0,141619,1712564340000.0,4.350883384615394,-0.02146494,1367.7383360938477,1373.2271139400016,-0.03,3577.49,0.04,3432.4605538461533,long_nclose,137.29842215384613,0.10038354452062778,3.0
1712564460000.0,141621,1712564460000.0,2.90058892307693,-0.014309959999999998,1370.6246150569245,1373.4284039800016,-0.02,3577.49,0.02,3432.4605538461533,long_nclose,68.64921107692307,0.05008607777999955,2.0
1712565360000.0,141636,1712565360000.0,1.450294461538465,-0.007154979999999999,1372.067754538463,1373.4994490000015,-0.01,3577.49,0.01,3432.4605538461533,long_nclose,34.32460553846153,0.0250166986469321,15.0
1712565600000.0,141640,1712565600000.0,1.450294461538465,-0.007154979999999999,1373.5108940200016,1373.5108940200016,-0.01,3577.49,0.0,3432.4605538461533,long_nclose,0.0,0.0,4.0
1712584260000.0,141951,1712584260000.0,0.0,-0.01445592,1373.4964381000016,1373.6286381000016,0.02,3613.98,0.02,3613.98,long_ientry_normal,72.2796,0.05262452671518138,311.0
1712587980000.0,142013,1712587980000.0,0.33539999999999964,-0.007295040000000001,1373.8245430600016,1374.1687430600016,-0.01,3647.52,0.01,3613.98,long_nclose,36.1398,0.02630597930613735,62.0
1712588280000.0,142018,1712588280000.0,0.33539999999999964,-0.007295040000000001,1374.1526480200016,1374.1526480200016,-0.01,3647.52,0.0,3613.98,long_nclose,0.0,0.0,5.0
1712625000000.0,142630,1712625000000.0,0.0,-0.014700280000000001,1374.1379477400017,1374.1807477400016,0.02,3675.07,0.02,3675.07,long_ientry_normal,73.5014,0.0534890984714346,612.0
1712629260000.0,142701,1712629260000.0,0.34109999999999674,-0.007418360000000001,1374.4716293800018,1374.8592293800018,-0.01,3709.18,0.01,3675.07,long_nclose,36.7507,0.026738056438878662,71.0
1712630460000.0,142721,1712630460000.0,0.34109999999999674,-0.007418360000000001,1374.805311020002,1374.805311020002,-0.01,3709.18,0.0,3675.07,long_nclose,0.0,0.0,20.0
1712644620000.0,142957,1712644620000.0,0.0,-0.01466952,1374.7906415000018,1374.7140415000017,0.02,3667.38,0.02,3667.38,long_ientry_normal,73.3476,0.053351832479723714,236.0
1712645280000.0,142968,1712645280000.0,0.0,-0.01455404,1374.776087460002,1374.2246874600019,0.02,3638.51,0.04,3652.945,long_rentry,146.11780000000002,0.10628479890857223,11.0
1712650020000.0,143047,1712650020000.0,0.0,-0.01446256,1374.7616249000018,1373.1020249000019,0.02,3615.64,0.06,3640.51,long_rentry,218.4306,0.15888616327640678,79.0
1712650080000.0,143048,1712650080000.0,0.0,-0.021569280000000003,1374.7400556200018,1372.0409556200018,0.03,3594.88,0.09,3625.3,long_rentry,326.277,0.23733723234888246,1.0
1712673000000.0,143430,1712673000000.0,0.0,-0.03567290000000001,1374.7043827200018,1368.717682720002,0.05,3567.29,0.14,3604.5821428571426,long_rentry,504.6415,0.3670909224872856,382.0
1712673720000.0,143442,1712673720000.0,0.0,-0.04936750000000001,1374.6550152200018,1361.8594152200017,0.07,3526.25,0.21,3578.471428571429,long_rentry,751.479,0.5466673395722724,12.0
1712682660000.0,143591,1712682660000.0,0.0,-0.12500352,1374.5300117000018,1346.0879117000018,0.18,3472.32,0.39,3529.4784615384615,long_rentry,1376.4966,1.0014307350754503,149.0
1712714520000.0,144122,1712714520000.0,0.03151538461538621,-0.007065260000000001,1374.5544618246172,1375.4936464400018,-0.01,3532.63,0.38,3529.4784615384615,unstuck_close_long,1341.2018153846154,0.9757356675444284,531.0
1712787180000.0,145333,1712787180000.0,0.13201538461538348,-0.007085360000000001,1374.6793918492326,1377.8471610800018,-0.01,3542.68,0.37,3529.4784615384615,unstuck_close_long,1305.9070307692307,0.9499720724062877,1211.0
1712787840000.0,145344,1712787840000.0,1.9656923076922976,-0.042746879999999994,1376.6023372769248,1385.0317142000017,-0.06,3562.24,0.31,3529.4784615384615,long_nclose,1094.1383230769231,0.7948107405085862,11.0
1712787900000.0,145345,1712787900000.0,1.6380769230769148,-0.0356224,1378.2047918000017,1385.5137918000016,-0.05,3562.24,0.26,3529.4784615384615,long_nclose,917.6644,0.6658403783384661,1.0
1712803320000.0,145602,1712803320000.0,1.3104615384615317,-0.02849792,1379.4867554184632,1387.1694938800017,-0.04,3562.24,0.22,3529.4784615384615,long_nclose,776.4852615384615,0.5628798235927368,257.0
1712803500000.0,145605,1712803500000.0,0.9828461538461488,-0.021373439999999997,1380.4482281323094,1387.2562204400017,-0.03,3562.24,0.19,3529.4784615384615,long_nclose,670.6009076923077,0.48578490234262794,3.0
1712803920000.0,145612,1712803920000.0,0.9828461538461488,-0.021373439999999997,1381.4097008461556,1386.4899470000018,-0.03,3562.24,0.16,3529.4784615384615,long_nclose,564.7165538461538,0.40879729851342994,7.0
1712804100000.0,145615,1712804100000.0,0.6552307692307658,-0.01424896,1382.0506826553863,1387.0950980400016,-0.02,3562.24,0.14,3529.4784615384615,long_nclose,494.12698461538463,0.35753173947716577,3.0
1712804880000.0,145628,1712804880000.0,0.6552307692307658,-0.01424896,1382.691664464617,1386.8102490800015,-0.02,3562.24,0.12,3529.4784615384615,long_nclose,423.5374153846154,0.30631371134258667,13.0
1712805000000.0,145630,1712805000000.0,0.6552307692307658,-0.01424896,1383.3326462738476,1386.7748001200014,-0.02,3562.24,0.1,3529.4784615384615,long_nclose,352.94784615384617,0.25514314803785515,2.0
1712805180000.0,145633,1712805180000.0,0.3276153846153829,-0.00712448,1383.653137178463,1386.4225756400015,-0.01,3562.24,0.09,3529.4784615384615,long_nclose,317.65306153846154,0.22957564508271033,3.0
1712805600000.0,145640,1712805600000.0,0.3276153846153829,-0.00712448,1383.9736280830787,1386.6889511600018,-0.01,3562.24,0.08,3529.4784615384615,long_nclose,282.3582769230769,0.2040199836135369,7.0
1712806440000.0,145654,1712806440000.0,0.3276153846153829,-0.00712448,1384.2941189876942,1386.6350266800018,-0.01,3562.24,0.07,3529.4784615384615,long_nclose,247.06349230769231,0.1784761554057347,14.0
1712808420000.0,145687,1712808420000.0,0.3276153846153829,-0.00712448,1384.6146098923098,1386.601302200002,-0.01,3562.24,0.06,3529.4784615384615,long_nclose,211.7687076923077,0.15294415224231836,33.0
1712809140000.0,145699,1712809140000.0,0.3276153846153829,-0.00712448,1384.9351007969253,1386.5766777200022,-0.01,3562.24,0.05,3529.4784615384615,long_nclose,176.47392307692309,0.12742396591390867,12.0
1712809320000.0,145702,1712809320000.0,0.3276153846153829,-0.00712448,1385.2555917015409,1386.5848532400025,-0.01,3562.24,0.04,3529.4784615384615,long_nclose,141.17913846153846,0.10191558821872353,3.0
1712811000000.0,145730,1712811000000.0,0.3276153846153829,-0.00712448,1385.5760826061564,1386.5748287600027,-0.01,3562.24,0.03,3529.4784615384615,long_nclose,105.88435384615384,0.07641901096256941,28.0
1712811660000.0,145741,1712811660000.0,0.3276153846153829,-0.00712448,1385.896573510772,1386.5808042800027,-0.01,3562.24,0.02,3529.4784615384615,long_nclose,70.58956923076923,0.050934225958832395,11.0
1712812860000.0,145761,1712812860000.0,0.3276153846153829,-0.00712448,1386.2170644153875,1386.5154798000028,-0.01,3562.24,0.01,3529.4784615384615,long_nclose,35.294784615384614,0.025461225028469522,20.0
1712813160000.0,145766,1712813160000.0,0.3276153846153829,-0.00712448,1386.537555320003,1386.537555320003,-0.01,3562.24,0.0,3529.4784615384615,long_nclose,0.0,0.0,5.0
1712835360000.0,146136,1712835360000.0,0.0,-0.01419972,1386.523355600003,1386.556755600003,0.02,3549.93,0.02,3549.93,long_ientry_normal,70.9986,0.05120620558842019,370.0
1712836620000.0,146157,1712836620000.0,0.0,-0.014089280000000003,1386.509266320003,1385.921066320003,0.02,3522.32,0.04,3536.125,long_rentry,141.445,0.10201518549920374,21.0
1712838840000.0,146194,1712838840000.0,0.3282499999999982,-0.007137900000000001,1386.830378420003,1387.645028420003,-0.01,3568.95,0.03,3536.125,long_nclose,106.08375,0.07649367337976817,37.0
1712839200000.0,146200,1712839200000.0,0.3282499999999982,-0.007137900000000001,1387.1514905200029,1387.8199905200029,-0.01,3568.95,0.02,3536.125,long_nclose,70.7225,0.050983977224786155,6.0
1712839320000.0,146202,1712839320000.0,0.3282499999999982,-0.007137900000000001,1387.4726026200028,1387.8474526200027,-0.01,3568.95,0.01,3536.125,long_nclose,35.36125,0.02548608883031375,2.0
1712839500000.0,146205,1712839500000.0,0.3282499999999982,-0.007137900000000001,1387.7937147200028,1387.7937147200028,-0.01,3568.95,0.0,3536.125,long_nclose,0.0,0.0,3.0
1712842740000.0,146259,1712842740000.0,0.0,-0.01413552,1387.7795792000027,1387.7445792000026,0.02,3533.88,0.02,3533.88,long_ientry_normal,70.6776,0.05092854878347663,54.0
1712842920000.0,146262,1712842920000.0,0.0,-0.01402576,1387.7655534400026,1387.1827534400027,0.02,3506.44,0.04,3520.16,long_rentry,140.8064,0.10146267116298437,3.0
1712853480000.0,146438,1712853480000.0,0.0,-0.013939840000000002,1387.7516136000027,1386.3388136000026,0.02,3484.96,0.06,3508.426666666667,long_rentry,210.50560000000002,0.15168824012671975,176.0
1712895840000.0,147144,1712895840000.0,0.32563333333332595,-0.007081980000000001,1388.070164953336,1389.7173316200026,-0.01,3540.99,0.05,3508.426666666667,long_nclose,175.42133333333337,0.12637785737526508,706.0
1712895960000.0,147146,1712895960000.0,0.32563333333332595,-0.007081980000000001,1388.3887163066693,1389.6332496400025,-0.01,3540.99,0.04,3508.426666666667,long_nclose,140.3370666666667,0.1010790890320581,2.0
1712896200000.0,147150,1712896200000.0,0.32563333333332595,-0.007081980000000001,1388.7072676600026,1389.6592676600026,-0.01,3540.99,0.03,3508.426666666667,long_nclose,105.25280000000001,0.07579192710451708,4.0
1712896260000.0,147151,1712896260000.0,0.32563333333332595,-0.007081980000000001,1389.0258190133359,1389.7266856800024,-0.01,3540.99,0.02,3508.426666666667,long_nclose,70.16853333333334,0.05051636360739214,1.0
1712901120000.0,147232,1712901120000.0,0.32563333333332595,-0.007081980000000001,1389.3443703666692,1389.7021037000025,-0.01,3540.99,0.01,3508.426666666667,long_nclose,35.08426666666667,0.025252390562756875,81.0
1712901840000.0,147244,1712901840000.0,0.32563333333332595,-0.007081980000000001,1389.6629217200025,1389.6629217200025,-0.01,3540.99,0.0,3508.426666666667,long_nclose,0.0,0.0,12.0
1712907660000.0,147341,1712907660000.0,0.0,-0.014044919999999999,1389.6488768000024,1389.6788768000024,0.02,3511.23,0.02,3511.23,long_ientry_normal,70.2246,0.050534060202105775,97.0
1712919960000.0,147546,1712919960000.0,0.32590000000000147,-0.007087640000000001,1389.9676891600025,1390.2816891600025,-0.01,3543.82,0.01,3511.23,long_nclose,35.1123,0.025261234684684917,205.0
1712925420000.0,147637,1712925420000.0,0.0,-0.00700658,1389.9606825800024,1389.9182825800024,0.01,3503.29,0.02,3507.26,long_ientry_partial,70.1452,0.05046560012747888,91.0
1712927220000.0,147667,1712927220000.0,0.0,-0.013920360000000003,1389.9467622200025,1389.4181622200024,0.02,3480.09,0.04,3493.675,long_rentry,139.747,0.100541260858652,30.0
1712929320000.0,147702,1712929320000.0,0.0,-0.013835560000000002,1389.9329266600025,1388.2289266600026,0.02,3458.89,0.06,3482.080000000001,long_rentry,208.92480000000003,0.15031286473804503,35.0
1712933520000.0,147772,1712933520000.0,0.0,-0.0206385,1389.9122881600026,1387.4363881600027,0.03,3439.75,0.09,3467.9700000000003,long_rentry,312.1173,0.224558990274982,70.0
1712938800000.0,147860,1712938800000.0,0.0,-0.034144400000000005,1389.8781437600026,1384.8826437600026,0.05,3414.44,0.14,3448.852142857143,long_rentry,482.8393000000001,0.3473968578956044,88.0
1712942700000.0,147925,1712942700000.0,0.0,-0.04727660000000001,1389.8308671600025,1379.2304671600025,0.07,3376.9,0.21,3424.8680952380955,long_rentry,719.2223,0.5174890823008326,65.0
1712942880000.0,147928,1712942880000.0,0.0,-0.07320896,1389.7576582000024,1366.0745582000022,0.11,3327.68,0.32,3391.4596875,long_rentry,1085.2671,0.780903845786772,3.0
1712946720000.0,147992,1712946720000.0,0.0,-0.05860368,1389.6990545200024,1331.2158545200025,0.09,3255.76,0.41,3361.6719512195123,long_rentry,1378.2855,0.9917870315282437,64.0
1712946780000.0,147993,1712946780000.0,0.0,-0.0127834,1389.6862711200024,1340.0387711200026,0.02,3195.85,0.43,3353.959302325581,long_rentry,1442.2024999999999,1.0377899889862714,1.0
1712983380000.0,148603,1712983380000.0,-1.078793023255812,-0.00649216,1388.6009859367464,1342.9766789600023,-0.01,3246.08,0.42,3353.959302325581,unstuck_close_long,1408.6629069767441,1.0144475779890536,610.0
1713058320000.0,149852,1713058320000.0,-3.4618930232558114,-0.006015540000000001,1385.1330773734908,1242.5148634200025,-0.01,3007.77,0.41,3353.959302325581,unstuck_close_long,1375.1233139534882,0.9927734283560802,1249.0
1713058380000.0,149853,1713058380000.0,0.0,-0.012024440000000003,1385.1210529334908,1238.1211389800028,0.02,3006.11,0.43,3337.7802650081117,long_rentry,1435.245513953488,1.036187783669767,1.0
1713132120000.0,151082,1713132120000.0,-2.4758026500811185,-0.0061804,1382.6390698834098,1279.318958580003,-0.01,3090.2,0.42,3337.7802650081117,unstuck_close_long,1401.8677113034068,1.0139072024209606,1229.0
1713220800000.0,152560,1713220800000.0,-2.163202650081116,-0.006242920000000001,1380.4696243133287,1290.2039156600028,-0.01,3121.46,0.41,3337.7802650081117,unstuck_close_long,1368.4899086533258,0.9913219998115048,1478.0
1713220860000.0,152561,1713220860000.0,0.0,-0.012470479999999999,1380.4571538333287,1292.909045180003,0.02,3117.62,0.43,3327.5402526821526,long_rentry,1430.8423086533255,1.036498890733468,1.0
1713301800000.0,153910,1713301800000.0,-2.4016025268215255,-0.0061747600000000005,1378.0493765465071,1277.929670420003,-0.01,3087.38,0.42,3327.5402526821526,unstuck_close_long,1397.5669061265041,1.014163156931945,1349.0
1713376500000.0,155155,1713376500000.0,-3.2917025268215276,-0.00599674,1374.7516772796855,1239.808273680003,-0.01,2998.37,0.41,3327.5402526821526,unstuck_close_long,1364.2915035996825,0.992391226828178,1245.0
1713376560000.0,155156,1713376560000.0,0.0,-0.01199364,1374.7396836396856,1242.350480040003,0.02,2998.41,0.43,3312.2318688364708,long_rentry,1424.2597035996823,1.0360213795741244,1.0
1713448800000.0,156360,1713448800000.0,-2.6164186883647065,-0.00610118,1372.1171637713207,1258.909578860003,-0.01,3050.59,0.42,3312.2318688364708,unstuck_close_long,1391.1373849113177,1.013861951181865,1204.0
1713556320000.0,158152,1713556320000.0,-2.0764186883647064,-0.006209180000000001,1370.034535902956,1281.0801696800029,-0.01,3104.59,0.41,3312.2318688364708,unstuck_close_long,1358.015066222953,0.9912268856258568,1792.0
1713556380000.0,158153,1713556380000.0,0.0,-0.012381080000000001,1370.0221548229558,1281.9363886000028,0.02,3095.27,0.43,3302.1406191231463,long_rentry,1419.9204662229529,1.0364215361221258,1.0
1713627720000.0,159342,1713627720000.0,-2.152606191231462,-0.00617376,1367.8633748717245,1278.3359148400032,-0.01,3086.88,0.42,3302.1406191231463,unstuck_close_long,1386.8990600317213,1.0139163643896687,1189.0
1713748860000.0,161361,1713748860000.0,-1.2480061912314613,-0.006354680000000001,1366.609014000493,1315.604760160003,-0.01,3177.34,0.41,3302.1406191231463,unstuck_close_long,1353.87765384049,0.9906839776193672,2019.0
1713749400000.0,161370,1713749400000.0,0.0,-0.01255764,1366.596456360493,1300.573502520003,0.02,3139.41,0.43,3294.5717531174187,long_rentry,1416.66585384049,1.0366380267173685,9.0
1713880800000.0,163560,1713880800000.0,-0.8568175311741879,-0.0064177800000000005,1365.733221049319,1328.843884740003,-0.01,3208.89,0.42,3294.5717531174187,unstuck_close_long,1383.7201363093159,1.013170152840082,2190.0
1713958020000.0,164847,1713958020000.0,-0.07771753117418484,-0.006573600000000001,1365.6489299181449,1361.1956111400032,-0.01,3286.8,0.41,3294.5717531174187,unstuck_close_long,1350.7744187781416,0.9891081003220243,1287.0
1713984360000.0,165286,1713984360000.0,0.0,-0.0125298,1365.6364001181448,1302.3957813400034,0.02,3132.45,0.43,3287.0312064607942,long_rentry,1413.4234187781415,1.0349924904285375,439.0
1714047060000.0,166331,1714047060000.0,-1.5230120646079421,-0.00626946,1364.1071185935368,1299.3846118800031,-0.01,3134.73,0.42,3287.0312064607942,unstuck_close_long,1380.5531067135335,1.0120562292329016,1045.0
1714140780000.0,167893,1714140780000.0,-1.2793120646079432,-0.0063182,1362.821488328929,1312.4606936800033,-0.01,3159.1,0.41,3287.0312064607942,unstuck_close_long,1347.6827946489257,0.9888916532285045,1562.0
1714142400000.0,167920,1714142400000.0,0.0,-0.01250124,1362.8089870889291,1296.3742924400037,0.02,3125.31,0.43,3279.5092898812222,long_rentry,1410.1889946489255,1.034766433160383,27.0
1714227360000.0,169336,1714227360000.0,-1.1550928988122224,-0.006328,1361.647566190117,1310.8698644400038,-0.01,3164.0,0.42,3279.5092898812222,unstuck_close_long,1377.3939017501132,1.011564178537075,1416.0
1714272660000.0,170091,1714272660000.0,2.1308497083144315,-0.04633930000000001,1363.7320765984314,1374.9078251400035,-0.07,3309.95,0.35,3279.5092898812222,long_nclose,1147.8282514584278,0.8416816405180302,755.0
1714273140000.0,170099,1714273140000.0,1.5220355059388795,-0.033099500000000004,1365.2210126043703,1374.1252256400037,-0.05,3309.95,0.3,3279.5092898812222,long_nclose,983.8527869643666,0.7206545884373075,8.0
1714273200000.0,170100,1714273200000.0,1.5220355059388795,-0.033099500000000004,1366.7099486103093,1374.6601261400037,-0.05,3309.95,0.25,3279.5092898812222,long_nclose,819.8773224703056,0.599891237569441,1.0
1714273320000.0,170102,1714273320000.0,1.2176284047511035,-0.0264796,1367.9010974150606,1373.976546540004,-0.04,3309.95,0.21,3279.5092898812222,long_nclose,688.6969508750566,0.5034698430877025,2.0
1714273500000.0,170105,1714273500000.0,0.9132213035633276,-0.019859699999999997,1368.794459018624,1374.783186840004,-0.03,3309.95,0.18,3279.5092898812222,long_nclose,590.31167217862,0.4312639259234379,3.0
1714274160000.0,170116,1714274160000.0,0.9132213035633276,-0.019859699999999997,1369.6878206221872,1374.3079271400038,-0.03,3309.95,0.15,3279.5092898812222,long_nclose,491.9263934821833,0.3591521995564824,11.0
1714274700000.0,170125,1714274700000.0,0.6088142023755517,-0.0132398,1370.2833950245627,1374.5539873400037,-0.02,3309.95,0.13,3279.5092898812222,long_nclose,426.33620768455893,0.31112995255767273,9.0
1714276140000.0,170149,1714276140000.0,0.6088142023755517,-0.0132398,1370.878969426938,1374.3583475400037,-0.02,3309.95,0.11,3279.5092898812222,long_nclose,360.74602188693444,0.2631494318114278,24.0
1714276380000.0,170153,1714276380000.0,0.30440710118777586,-0.0066199,1371.1767566281258,1374.0178276400036,-0.01,3309.95,0.1,3279.5092898812222,long_nclose,327.95092898812226,0.23917480179184894,4.0
1714276440000.0,170154,1714276440000.0,0.30440710118777586,-0.0066199,1371.4745438293135,1374.2619077400034,-0.01,3309.95,0.09,3279.5092898812222,long_nclose,295.15583608931,0.21521058295781506,1.0
1714281840000.0,170244,1714281840000.0,0.30440710118777586,-0.0066199,1371.7723310305012,1373.8355878400034,-0.01,3309.95,0.08,3279.5092898812222,long_nclose,262.3607431904978,0.19125676852908052,90.0
1714283280000.0,170268,1714283280000.0,0.30440710118777586,-0.0066199,1372.0701182316889,1374.4515679400033,-0.01,3309.95,0.07,3279.5092898812222,long_nclose,229.56565029168559,0.1673133517312859,24.0
1714284300000.0,170285,1714284300000.0,0.30440710118777586,-0.0066199,1372.3679054328766,1374.0707480400033,-0.01,3309.95,0.06,3279.5092898812222,long_nclose,196.77055739287331,0.14338032579595145,17.0
1714284780000.0,170293,1714284780000.0,0.30440710118777586,-0.0066199,1372.6656926340643,1374.1832281400032,-0.01,3309.95,0.05,3279.5092898812222,long_nclose,163.97546449406113,0.11945768396047104,8.0
1714284840000.0,170294,1714284840000.0,0.30440710118777586,-0.0066199,1372.963479835252,1374.2091082400032,-0.01,3309.95,0.04,3279.5092898812222,long_nclose,131.1803715952489,0.09554541946810545,1.0
1714285500000.0,170305,1714285500000.0,0.30440710118777586,-0.0066199,1373.2612670364397,1374.215588340003,-0.01,3309.95,0.03,3279.5092898812222,long_nclose,98.38527869643666,0.07164352556797628,11.0
1714285740000.0,170309,1714285740000.0,0.30440710118777586,-0.0066199,1373.5590542376274,1374.133668440003,-0.01,3309.95,0.02,3279.5092898812222,long_nclose,65.59018579762444,0.047751995515059424,4.0
1714285800000.0,170310,1714285800000.0,0.30440710118777586,-0.0066199,1373.856841438815,1374.1913485400028,-0.01,3309.95,0.01,3279.5092898812222,long_nclose,32.79509289881222,0.0238708225701788,1.0
1714288380000.0,170353,1714288380000.0,0.5747071011877779,-0.00667396,1374.424874580003,1374.424874580003,-0.01,3336.98,0.0,3279.5092898812222,long_nclose,0.0,0.0,43.0
1714299420000.0,170537,1714299420000.0,0.0,-0.013147960000000002,1374.411726620003,1374.409326620003,0.02,3286.99,0.02,3286.99,long_ientry_normal,65.7398,0.04783122751845941,184.0
1714310460000.0,170721,1714310460000.0,0.3051000000000022,-0.006634999999999999,1374.7101916200031,1374.9862916200032,-0.01,3317.5,0.01,3286.99,long_nclose,32.8699,0.02391042141126854,184.0
1714310520000.0,170722,1714310520000.0,0.3051000000000022,-0.006634999999999999,1375.0086566200032,1375.0086566200032,-0.01,3317.5,0.0,3286.99,long_nclose,0.0,0.0,1.0
1714343520000.0,171272,1714343520000.0,0.0,-0.013143879999999998,1374.9955127400033,1375.0533127400033,0.02,3285.97,0.02,3285.97,long_ientry_normal,65.7194,0.04779608325341991,550.0
1714347420000.0,171337,1714347420000.0,0.0,-0.01304364,1374.9824691000033,1374.4572691000033,0.02,3260.91,0.04,3273.4399999999996,long_rentry,130.93759999999997,0.09522855959444004,65.0
1714358160000.0,171516,1714358160000.0,0.0,-0.012966440000000001,1374.9695026600034,1373.6045026600034,0.02,3241.61,0.06,3262.8300000000004,long_rentry,195.7698,0.14238119436195898,179.0
1714358400000.0,171520,1714358400000.0,0.0,-0.01934586,1374.9501568000035,1372.8810568000035,0.03,3224.31,0.09,3249.9900000000002,long_rentry,292.4991,0.21273432971617612,4.0
1714359840000.0,171544,1714359840000.0,0.0,-0.03201520000000001,1374.9181416000035,1371.2054416000035,0.05,3201.52,0.14,3232.679285714286,long_rentry,452.5751000000001,0.32916512358571015,24.0
1714363140000.0,171599,1714363140000.0,0.0,-0.04434976000000001,1374.8737918400036,1367.5119918400035,0.07,3167.84,0.21,3211.066190476191,long_rentry,674.3239000000001,0.4904624002596977,55.0
1714398000000.0,172180,1714398000000.0,0.0,-0.06872316,1374.8050686800036,1359.0061686800034,0.11,3123.78,0.32,3181.0615625000005,long_rentry,1017.9397000000001,0.7404247505265297,581.0
1714429860000.0,172711,1714429860000.0,1.476421874999983,-0.03210590000000001,1376.2493846550035,1383.5011627800034,-0.05,3210.59,0.27,3181.0615625000005,long_nclose,858.8866218750002,0.624077751787918,531.0
1714429920000.0,172712,1714429920000.0,1.1811374999999862,-0.025684720000000005,1377.4048374350034,1383.7639780600034,-0.04,3210.59,0.23,3181.0615625000005,long_nclose,731.6441593750002,0.5311758311648335,1.0
1714429980000.0,172713,1714429980000.0,0.8858531249999896,-0.019263540000000003,1378.2714270200033,1384.6171145200033,-0.03,3210.59,0.2,3181.0615625000005,long_nclose,636.2123125000002,0.4616016120101767,1.0
1714430280000.0,172718,1714430280000.0,0.8858531249999896,-0.019263540000000003,1379.1380166050033,1384.0949509800032,-0.03,3210.59,0.17,3181.0615625000005,long_nclose,540.7804656250001,0.3921148276053101,5.0
1714430340000.0,172719,1714430340000.0,0.5905687499999931,-0.012842360000000002,1379.7157429950034,1384.5380086200034,-0.02,3210.59,0.15,3181.0615625000005,long_nclose,477.15923437500004,0.34583879817099983,1.0
1714436520000.0,172822,1714436520000.0,0.5905687499999931,-0.012842360000000002,1380.2934693850036,1384.3869662600036,-0.02,3210.59,0.13,3181.0615625000005,long_nclose,413.5380031250001,0.29960150670658026,103.0
1714436640000.0,172824,1714436640000.0,0.5905687499999931,-0.012842360000000002,1380.8711957750038,1384.0610239000036,-0.02,3210.59,0.11,3181.0615625000005,long_nclose,349.91677187500005,0.2534029045906862,2.0
1714436700000.0,172825,1714436700000.0,0.29528437499999655,-0.006421180000000001,1381.1600589700038,1384.3899027200036,-0.01,3210.59,0.1,3181.0615625000005,long_nclose,318.1061562500001,0.23031809686650428,1.0
1714438020000.0,172847,1714438020000.0,1.1149687499999892,-0.01294724,1382.2620804800038,1386.7835554800038,-0.02,3236.81,0.08,3181.0615625000005,long_nclose,254.48492500000003,0.18410757886928916,22.0
1714438320000.0,172852,1714438320000.0,0.5574843749999946,-0.00647362,1382.8130912350039,1386.9023818600037,-0.01,3236.81,0.07,3181.0615625000005,long_nclose,222.67430937500006,0.16102994018962277,5.0
1714438980000.0,172863,1714438980000.0,0.5574843749999946,-0.00647362,1383.364101990004,1386.4780082400039,-0.01,3236.81,0.06,3181.0615625000005,long_nclose,190.86369375,0.13797068571855942,11.0
1714440900000.0,172895,1714440900000.0,0.29528437499999655,-0.006421180000000001,1383.652965185004,1385.199887060004,-0.01,3210.59,0.05,3181.0615625000005,long_nclose,159.05307812500004,0.11495156815114659,32.0
1714441020000.0,172897,1714441020000.0,0.29528437499999655,-0.006421180000000001,1383.941828380004,1385.2001658800039,-0.01,3210.59,0.04,3181.0615625000005,long_nclose,127.24246250000002,0.0919420599122622,2.0
1714441260000.0,172901,1714441260000.0,0.29528437499999655,-0.006421180000000001,1384.230691575004,1385.134844700004,-0.01,3210.59,0.03,3181.0615625000005,long_nclose,95.431846875,0.06894215498604199,4.0
1714441500000.0,172905,1714441500000.0,0.29528437499999655,-0.006421180000000001,1384.5195547700039,1385.078523520004,-0.01,3210.59,0.02,3181.0615625000005,long_nclose,63.62123125000001,0.04595184736164218,4.0
1714442460000.0,172921,1714442460000.0,0.0,-0.01262824,1384.506926530004,1384.108895280004,0.02,3157.06,0.04,3169.06078125,long_rentry,126.76243125,0.09155781659229778,16.0
1714464840000.0,173294,1714464840000.0,0.0,-0.012555040000000002,1384.494371490004,1383.3513402400038,0.02,3138.76,0.06,3158.960520833334,long_rentry,189.53763125000003,0.13690025409494305,373.0
1714465920000.0,173312,1714465920000.0,0.0,-0.01873458,1384.475636910004,1381.957105660004,0.03,3122.43,0.09,3146.7836805555557,long_rentry,283.21053125000003,0.20456158541156746,18.0
1714466340000.0,173319,1714466340000.0,0.0,-0.0310099,1384.4446270100038,1381.1351957600039,0.05,3100.99,0.14,3130.428794642857,long_rentry,438.26003125000005,0.3165601734440718,7.0
1714467360000.0,173336,1714467360000.0,0.0,-0.04297132000000001,1384.4016556900037,1376.8145244400037,0.07,3069.38,0.21,3110.079196428572,long_rentry,653.1166312500001,0.47176816682184497,17.0
1714469640000.0,173374,1714469640000.0,0.0,-0.06661842000000001,1384.3350372700038,1370.3151060200037,0.11,3028.11,0.32,3081.9022851562504,long_rentry,986.2087312500001,0.7124061045185031,38.0
1714479120000.0,173532,1714479120000.0,0.0,-0.07716566000000001,1384.2578716100038,1349.0448403600037,0.13,2967.91,0.45,3048.9711805555557,long_rentry,1372.0370312500002,0.991171557980169,158.0
1714488420000.0,173687,1714488420000.0,-0.14601180555555857,-0.0060687399999999996,1384.105791064448,1377.7868716200037,-0.01,3034.37,0.44,3048.9711805555557,unstuck_close_long,1341.5473194444446,0.9692520095683771,155.0
1714547280000.0,174668,1714547280000.0,0.0,-0.0116064,1384.0941846644482,1310.464865220004,0.02,2901.6,0.46,3042.563737922705,long_rentry,1399.5793194444443,1.0111879198334688,981.0
1714565160000.0,174966,1714565160000.0,-1.3098373792270512,-0.00582316,1382.778524125221,1324.0248420600037,-0.01,2911.58,0.45,3042.563737922705,unstuck_close_long,1369.1536820652173,0.9901467647766491,298.0
1714570260000.0,175051,1714570260000.0,0.0,-0.011570800000000001,1382.766953325221,1314.8112712600037,0.02,2892.7,0.47,3036.186557585569,long_rentry,1427.0076820652173,1.0319943491805383,85.0
1714647480000.0,176338,1714647480000.0,-0.6994655758556928,-0.0059324799999999995,1382.0615552693655,1348.6993387800037,-0.01,2966.24,0.46,3036.186557585569,unstuck_close_long,1396.6458164893618,1.0105525409952916,1287.0
1714739400000.0,177870,1714739400000.0,-0.3741655758556908,-0.00599754,1381.68139215351,1364.6729412400039,-0.01,2998.77,0.45,3036.186557585569,unstuck_close_long,1366.283950913506,0.9888560117206144,1532.0
1714744800000.0,177960,1714744800000.0,1.9728409690101583,-0.042901180000000004,1383.61133194252,1391.6116400600038,-0.07,3064.37,0.38,3036.186557585569,long_nclose,1153.7508918825163,0.8338692125791631,90.0
1714744920000.0,177962,1714744920000.0,1.6910065448658496,-0.036772439999999997,1385.2655660473858,1394.4186676200038,-0.06,3064.37,0.32,3036.186557585569,long_nclose,971.5796984273821,0.7013671040706048,2.0
1714745040000.0,177964,1714745040000.0,1.4091721207215415,-0.030643700000000003,1386.6440944681074,1392.1476239200038,-0.05,3064.37,0.27,3036.186557585569,long_nclose,819.7703705481038,0.5911901790939033,2.0
1714745160000.0,177966,1714745160000.0,1.1273376965772333,-0.02451496,1387.7469172046847,1393.0377089600038,-0.04,3064.37,0.23,3036.186557585569,long_nclose,698.3229082446809,0.5032062399758747,2.0
1714750320000.0,178052,1714750320000.0,0.8455032724329248,-0.018386219999999998,1388.5740342571178,1394.646722740004,-0.03,3064.37,0.2,3036.186557585569,long_nclose,607.2373115171139,0.4373100004293136,86.0
1714755180000.0,178133,1714755180000.0,0.8455032724329248,-0.018386219999999998,1389.4011513095509,1393.762236520004,-0.03,3064.37,0.17,3036.186557585569,long_nclose,516.1517147895468,0.3714922175665817,81.0
1714755300000.0,178135,1714755300000.0,0.5636688482886166,-0.01225748,1389.9525626778395,1394.2415790400041,-0.02,3064.37,0.15,3036.186557585569,long_nclose,455.4279836378353,0.3276572135385843,2.0
1714755420000.0,178137,1714755420000.0,0.5636688482886166,-0.01225748,1390.5039740461282,1394.3251215600042,-0.02,3064.37,0.13,3036.186557585569,long_nclose,394.704252486124,0.283856975494721,2.0
1714755720000.0,178142,1714755720000.0,0.5636688482886166,-0.01225748,1391.0553854144168,1394.113764080004,-0.02,3064.37,0.11,3036.186557585569,long_nclose,333.9805213344126,0.24009146209150733,5.0
1714755780000.0,178143,1714755780000.0,0.2818344241443083,-0.00612874,1391.3310910985613,1394.0144353400044,-0.01,3064.37,0.1,3036.186557585569,long_nclose,303.61865575855694,0.2182217142282266,1.0
1714755960000.0,178146,1714755960000.0,0.2818344241443083,-0.00612874,1391.6067967827057,1394.1298066000045,-0.01,3064.37,0.09,3036.186557585569,long_nclose,273.2567901827012,0.19636063205098678,3.0
1714756020000.0,178147,1714756020000.0,0.2818344241443083,-0.00612874,1391.8825024668502,1394.1619778600045,-0.01,3064.37,0.08,3036.186557585569,long_nclose,242.89492460684554,0.17450821041026088,1.0
1714762980000.0,178263,1714762980000.0,0.2818344241443083,-0.00612874,1392.1582081509946,1394.1527491200047,-0.01,3064.37,0.07,3036.186557585569,long_nclose,212.53305903098985,0.152664444160601,116.0
1714763760000.0,178276,1714763760000.0,0.2818344241443083,-0.00612874,1392.433913835139,1394.120720380005,-0.01,3064.37,0.06,3036.186557585569,long_nclose,182.17119345513413,0.13082932816063456,13.0
1714764060000.0,178281,1714764060000.0,0.2818344241443083,-0.00612874,1392.7096195192835,1394.109791640005,-0.01,3064.37,0.05,3036.186557585569,long_nclose,151.80932787927847,0.10900285727306022,5.0
1714764120000.0,178282,1714764120000.0,0.2818344241443083,-0.00612874,1392.985325203428,1394.0778629000051,-0.01,3064.37,0.04,3036.186557585569,long_nclose,121.44746230342277,0.08718502636464379,1.0
1714764360000.0,178286,1714764360000.0,0.2818344241443083,-0.00612874,1393.2610308875724,1394.1668341600052,-0.01,3064.37,0.03,3036.186557585569,long_nclose,91.08559672756707,0.06537583030621426,4.0
1714767600000.0,178340,1714767600000.0,0.5320344241443081,-0.00617878,1393.7868865317166,1394.8675553800053,-0.01,3089.39,0.02,3036.186557585569,long_nclose,60.723731151711384,0.043567443300328086,54.0
1714767720000.0,178342,1714767720000.0,0.5320344241443081,-0.00617878,1394.3127421758609,1394.9000766000051,-0.01,3089.39,0.01,3036.186557585569,long_nclose,30.361865575855692,0.02177550606650501,2.0
1714768620000.0,178357,1714768620000.0,0.7823344241443101,-0.00622884,1395.0888477600051,1395.0888477600051,-0.01,3114.42,0.0,3036.186557585569,long_nclose,0.0,0.0,15.0
1714829880000.0,179378,1714829880000.0,0.0,-0.01246072,1395.076387040005,1395.1695870400051,0.02,3115.18,0.02,3115.18,long_ientry_normal,62.303599999999996,0.04465963339268632,1021.0
1714853280000.0,179768,1714853280000.0,0.2891000000000031,-0.006288180000000001,1395.359198860005,1395.664898860005,-0.01,3144.09,0.01,3115.18,long_nclose,31.151799999999998,0.022325290882412727,390.0
1714853400000.0,179770,1714853400000.0,0.2891000000000031,-0.006288180000000001,1395.6420106800051,1395.6420106800051,-0.01,3144.09,0.0,3115.18,long_nclose,0.0,0.0,2.0
1714858440000.0,179854,1714858440000.0,0.0,-0.01242844,1395.6295822400052,1395.5835822400052,0.02,3107.11,0.02,3107.11,long_ientry_normal,62.1422,0.0445262846179148,84.0
1714869360000.0,180036,1714869360000.0,0.0,-0.012335440000000001,1395.6172468000052,1395.653846800005,0.02,3083.86,0.04,3095.485,long_rentry,123.8194,0.0887201704363457,182.0
1714869360000.0,180036,1714869360000.0,0.0,-0.012265120000000003,1395.6049816800053,1396.2439816800052,0.02,3066.28,0.06,3085.750000000001,long_rentry,185.14500000000004,0.13266289704492576,0.0
1714896960000.0,180496,1714896960000.0,0.28639999999998966,-0.00622878,1395.8851529000053,1397.1921529000053,-0.01,3114.39,0.05,3085.750000000001,long_nclose,154.28750000000005,0.11053022498266553,460.0
1714897260000.0,180501,1714897260000.0,0.28639999999998966,-0.00622878,1396.1653241200054,1397.2797241200053,-0.01,3114.39,0.04,3085.750000000001,long_nclose,123.43000000000004,0.08840643573338797,5.0
1714897320000.0,180502,1714897320000.0,0.28639999999998966,-0.00622878,1396.4454953400054,1397.3775953400054,-0.01,3114.39,0.03,3085.750000000001,long_nclose,92.57250000000002,0.06629152395057177,1.0
1714898520000.0,180522,1714898520000.0,0.5407999999999902,-0.00627966,1396.9800156800054,1398.0670156800054,-0.01,3139.83,0.02,3085.750000000001,long_nclose,61.71500000000002,0.044177439410226005,20.0
1714898880000.0,180528,1714898880000.0,0.7950999999999931,-0.006330520000000001,1397.7687851600056,1398.5827851600056,-0.01,3165.26,0.01,3085.750000000001,long_nclose,30.85750000000001,0.02207625490539745,6.0
1714899060000.0,180531,1714899060000.0,0.7950999999999931,-0.006330520000000001,1398.5575546400057,1398.5575546400057,-0.01,3165.26,0.0,3085.750000000001,long_nclose,0.0,0.0,3.0
1714991760000.0,182076,1714991760000.0,0.0,-0.01268296,1398.5448716800058,1398.5858716800058,0.02,3170.74,0.02,3170.74,long_ientry_normal,63.4148,0.04534341463339878,1545.0
1714992240000.0,182084,1714992240000.0,0.0,-0.012587600000000001,1398.5322840800059,1398.0558840800059,0.02,3146.9,0.04,3158.8199999999997,long_rentry,126.35279999999999,0.09034671665310783,8.0
1714992480000.0,182088,1714992480000.0,0.0,-0.01251516,1398.5197689200058,1397.5417689200058,0.02,3128.79,0.06,3148.8100000000004,long_rentry,188.92860000000002,0.1350918336648887,4.0
1714998600000.0,182190,1714998600000.0,0.0,-0.0186759,1398.5010930200058,1396.1847930200058,0.03,3112.65,0.09,3136.756666666667,long_rentry,282.3081,0.2018647689365528,102.0
1714999860000.0,182211,1714999860000.0,0.0,-0.030914800000000003,1398.470178220006,1394.966478220006,0.05,3091.48,0.14,3120.5864285714288,long_rentry,436.8821000000001,0.3124000116728054,21.0
1715007660000.0,182341,1715007660000.0,0.0,-0.04284434000000001,1398.4273338800058,1390.0096338800056,0.07,3060.31,0.21,3100.4942857142864,long_rentry,651.1038000000001,0.465597163488989,130.0
1715052600000.0,183090,1715052600000.0,0.0,-0.06643164,1398.3609022400058,1383.8925022400056,0.11,3019.62,0.32,3072.6937500000004,long_rentry,983.2620000000002,0.7031532406440518,749.0
1715070120000.0,183382,1715070120000.0,1.4258124999999837,-0.031012100000000004,1399.7557026400057,1407.5063901400056,-0.05,3101.21,0.27,3072.6937500000004,long_nclose,829.6273125000001,0.5926943615484357,292.0
1715073540000.0,183439,1715073540000.0,2.6923124999999803,-0.0312654,1402.4167497400058,1414.0363247400057,-0.05,3126.54,0.22,3072.6937500000004,long_nclose,675.9926250000001,0.4820197884297392,57.0
1715073600000.0,183440,1715073600000.0,2.153849999999984,-0.02501232,1404.5455874200056,1414.1587124200055,-0.04,3126.54,0.18,3072.6937500000004,long_nclose,553.084875,0.39378207439742524,1.0
1715073780000.0,183443,1715073780000.0,1.615387499999988,-0.01875924,1406.1422156800056,1413.9626531800056,-0.03,3126.54,0.15,3072.6937500000004,long_nclose,460.9040625,0.32777912316437235,3.0
1715073900000.0,183445,1715073900000.0,1.615387499999988,-0.01875924,1407.7388439400056,1414.2495939400055,-0.03,3126.54,0.12,3072.6937500000004,long_nclose,368.72325,0.2619258902936929,2.0
1715076900000.0,183495,1715076900000.0,0.5703249999999934,-0.01240484,1408.2967641000055,1411.3533891000054,-0.02,3101.21,0.1,3072.6937500000004,long_nclose,307.2693750000001,0.21818510333393082,50.0
1715079120000.0,183532,1715079120000.0,0.2851624999999967,-0.00620242,1408.5757241800056,1411.0512866800057,-0.01,3101.21,0.09,3072.6937500000004,long_nclose,276.5424375,0.1963277037597589,37.0
1715079180000.0,183533,1715079180000.0,0.2851624999999967,-0.00620242,1408.8546842600058,1411.0671842600057,-0.01,3101.21,0.08,3072.6937500000004,long_nclose,245.81550000000004,0.17447895992844248,1.0
1715079240000.0,183534,1715079240000.0,0.2851624999999967,-0.00620242,1409.133644340006,1411.1647818400058,-0.01,3101.21,0.07,3072.6937500000004,long_nclose,215.08856250000005,0.15263886669936177,1.0
1715079480000.0,183538,1715079480000.0,0.2851624999999967,-0.00620242,1409.4126044200061,1411.0509794200061,-0.01,3101.21,0.06,3072.6937500000004,long_nclose,184.361625,0.13080741893596695,4.0
1715079660000.0,183541,1715079660000.0,0.2851624999999967,-0.00620242,1409.6915645000063,1410.9883770000063,-0.01,3101.21,0.05,3072.6937500000004,long_nclose,153.63468750000004,0.10898461150577407,3.0
1715080440000.0,183554,1715080440000.0,0.2851624999999967,-0.00620242,1409.9705245800064,1411.0715745800064,-0.01,3101.21,0.04,3072.6937500000004,long_nclose,122.90775000000002,0.08717043928036088,13.0
1715080500000.0,183555,1715080500000.0,0.2851624999999967,-0.00620242,1410.2494846600066,1411.1241721600065,-0.01,3101.21,0.03,3072.6937500000004,long_nclose,92.1808125,0.06536489713536299,1.0
1715092440000.0,183754,1715092440000.0,0.0,-0.01218748,1410.2372971800066,1409.4210846800067,0.02,3046.87,0.05,3062.3642499999996,long_rentry,153.1182125,0.10857620402338257,199.0
1715093940000.0,183779,1715093940000.0,0.2842575000000033,-0.006181580000000001,1410.5153731000066,1411.6524031000067,-0.01,3090.79,0.04,3062.3642499999996,long_nclose,122.49456999999998,0.08684383902231672,25.0
1715094000000.0,183780,1715094000000.0,0.2842575000000033,-0.006181580000000001,1410.7934490200066,1411.8655215200067,-0.01,3090.79,0.03,3062.3642499999996,long_nclose,91.87092749999998,0.06512004118236953,1.0
1715106720000.0,183992,1715106720000.0,0.0,-0.01214664,1410.7813023800065,1409.9656748800066,0.02,3036.66,0.05,3052.082549999999,long_rentry,152.60412749999998,0.1081699390561491,212.0
1715122920000.0,184262,1715122920000.0,0.0,-0.01812396,1410.7631784200066,1409.5280509200068,0.03,3020.66,0.08,3040.2990937499994,long_rentry,243.22392749999995,0.17240592270943741,270.0
1715126160000.0,184316,1715126160000.0,0.0,-0.02400296,1410.7391754600067,1407.8112479600068,0.04,3000.37,0.12,3026.989395833333,long_rentry,363.2387275,0.2574811374197197,54.0
1715199420000.0,185537,1715199420000.0,0.0,-0.035710320000000004,1410.7034651400068,1402.5681376400066,0.06,2975.86,0.18,3009.946263888889,long_rentry,541.7903275,0.38405684886173397,1221.0
1715199540000.0,185539,1715199540000.0,0.0,-0.05296104000000001,1410.6505041000069,1399.5208766000069,0.09,2942.28,0.27,2987.390842592593,long_rentry,806.5955275000001,0.5717897701490611,2.0
1715268480000.0,186688,1715268480000.0,1.10916629629628,-0.02412096,1411.7355494363032,1418.384655640007,-0.04,3015.12,0.23,2987.390842592593,long_nclose,687.0998937962964,0.486705809788987,1149.0
1715268600000.0,186690,1715268600000.0,0.83187472222221,-0.01809072,1412.5493334385255,1416.631164920007,-0.03,3015.12,0.2,2987.390842592593,long_nclose,597.4781685185186,0.4229786205513232,2.0
1715270760000.0,186726,1715270760000.0,0.83187472222221,-0.01809072,1413.3631174407478,1418.226674200007,-0.03,3015.12,0.17,2987.390842592593,long_nclose,507.8564432407408,0.35932481679608536,36.0
1715270940000.0,186729,1715270940000.0,0.55458314814814,-0.01206048,1413.905640108896,1417.889513720007,-0.02,3015.12,0.15,2987.390842592593,long_nclose,448.1086263888889,0.3169296547642151,3.0
1715271000000.0,186730,1715271000000.0,0.55458314814814,-0.01206048,1414.4481627770442,1418.2128532400072,-0.02,3015.12,0.13,2987.390842592593,long_nclose,388.3608095370371,0.2745670147250588,1.0
1715271360000.0,186736,1715271360000.0,0.55458314814814,-0.01206048,1414.9906854451924,1418.2927927600072,-0.02,3015.12,0.11,2987.390842592593,long_nclose,328.61299268518525,0.2322368592707698,6.0
1715272260000.0,186751,1715272260000.0,0.27729157407407,-0.00603024,1415.2619467792665,1417.8708625200072,-0.01,3015.12,0.1,2987.390842592593,long_nclose,298.7390842592593,0.21108395158868254,15.0
1715272320000.0,186752,1715272320000.0,0.27729157407407,-0.00603024,1415.5332081133406,1418.0180322800072,-0.01,3015.12,0.09,2987.390842592593,long_nclose,268.86517583333335,0.1899391510508495,1.0
1715272380000.0,186753,1715272380000.0,0.27729157407407,-0.00603024,1415.8044694474147,1417.7868020400074,-0.01,3015.12,0.08,2987.390842592593,long_nclose,238.99126740740743,0.16880245299740096,1.0
1715272500000.0,186755,1715272500000.0,0.27729157407407,-0.00603024,1416.0757307814888,1418.0279718000072,-0.01,3015.12,0.07,2987.390842592593,long_nclose,209.11735898148152,0.14767385277203787,2.0
1715279400000.0,186870,1715279400000.0,0.27729157407407,-0.00603024,1416.346992115563,1417.9237415600073,-0.01,3015.12,0.06,2987.390842592593,long_nclose,179.24345055555557,0.1265533457220282,115.0
1715280480000.0,186888,1715280480000.0,0.27729157407407,-0.00603024,1416.618253449637,1417.9147113200074,-0.01,3015.12,0.05,2987.390842592593,long_nclose,149.36954212962965,0.1054409271982037,18.0
1715280720000.0,186892,1715280720000.0,0.27729157407407,-0.00603024,1416.889514783711,1418.0262810800073,-0.01,3015.12,0.04,2987.390842592593,long_nclose,119.49563370370372,0.0843365925549564,4.0
1715280900000.0,186895,1715280900000.0,0.27729157407407,-0.00603024,1417.1607761177852,1417.9845508400074,-0.01,3015.12,0.03,2987.390842592593,long_nclose,89.62172527777778,0.06324033715023525,3.0
1715280960000.0,186896,1715280960000.0,0.27729157407407,-0.00603024,1417.4320374518593,1417.9982206000075,-0.01,3015.12,0.02,2987.390842592593,long_nclose,59.74781685185186,0.04215215634554267,1.0
1715281140000.0,186899,1715281140000.0,0.27729157407407,-0.00603024,1417.7032987859334,1417.9890903600074,-0.01,3015.12,0.01,2987.390842592593,long_nclose,29.87390842592593,0.021072045505931176,3.0
1715281260000.0,186901,1715281260000.0,0.27729157407407,-0.00603024,1417.9745601200075,1417.9745601200075,-0.01,3015.12,0.0,2987.390842592593,long_nclose,0.0,0.0,2.0
1715349660000.0,188041,1715349660000.0,0.0,-0.012022280000000002,1417.9625378400074,1418.0251378400073,0.02,3005.57,0.02,3005.57,long_ientry_normal,60.1114,0.042392798396189035,1140.0
1715351340000.0,188069,1715351340000.0,0.0,-0.01193344,1417.9506044000075,1417.5276044000075,0.02,2983.36,0.04,2994.465,long_rentry,119.77860000000001,0.08447304132338461,28.0
1715351700000.0,188075,1715351700000.0,0.0,-0.01186708,1417.9387373200075,1417.1483373200074,0.02,2966.77,0.06,2985.2333333333336,long_rentry,179.114,0.12631998497941924,6.0
1715352600000.0,188090,1715352600000.0,0.0,-0.01771266,1417.9210246600076,1415.3162246600075,0.03,2952.11,0.09,2974.192222222222,long_rentry,267.67729999999995,0.18878152967947157,15.0
1715352720000.0,188092,1715352720000.0,0.0,-0.029329800000000003,1417.8916948600076,1413.1283948600076,0.05,2932.98,0.14,2959.473571428571,long_rentry,414.3263,0.2922129394663727,2.0
1715357040000.0,188164,1715357040000.0,0.0,-0.040669300000000005,1417.8510255600077,1409.7893255600077,0.07,2904.95,0.21,2941.2990476190475,long_rentry,617.6727999999999,0.4356401264061139,72.0
1715570040000.0,191714,1715570040000.0,0.0,-0.06310634,1417.7879192200076,1401.0954192200074,0.11,2868.47,0.32,2916.2640625,long_rentry,933.2044999999999,0.6582116319014765,3550.0
1715586780000.0,191993,1715586780000.0,1.353296875000001,-0.029433300000000003,1419.1117827950077,1427.6912859200077,-0.05,2943.33,0.27,2916.2640625,long_nclose,787.3912968750001,0.5548479735149515,279.0
1715587260000.0,192001,1715587260000.0,2.5552968749999994,-0.029673700000000004,1421.6374059700076,1433.2745122200076,-0.05,2967.37,0.22,2916.2640625,long_nclose,641.57809375,0.4512951692574804,8.0
1715587920000.0,192012,1715587920000.0,2.0442374999999995,-0.02373896,1423.6579045100077,1433.0909732600078,-0.04,2967.37,0.18,2916.2640625,long_nclose,524.92753125,0.36871746336467587,11.0
1715592360000.0,192086,1715592360000.0,3.005837499999998,-0.02393128,1426.6398107300079,1437.318441980008,-0.04,2991.41,0.14,2916.2640625,long_nclose,408.27696875000004,0.28618083252638643,74.0
1715596080000.0,192148,1715596080000.0,1.0221187499999997,-0.01186948,1427.6500600000077,1433.7623725000076,-0.02,2967.37,0.12,2916.2640625,long_nclose,349.9516875,0.24512427611287188,62.0
1715600160000.0,192216,1715600160000.0,1.0221187499999997,-0.01186948,1428.6603092700075,1433.5429030200075,-0.02,2967.37,0.1,2916.2640625,long_nclose,291.62640625,0.2041257843853801,68.0
1715601660000.0,192241,1715601660000.0,1.0221187499999997,-0.01186948,1429.6705585400073,1433.4942335400074,-0.02,2967.37,0.08,2916.2640625,long_nclose,233.30112499999998,0.16318523425302206,25.0
1715601840000.0,192244,1715601840000.0,0.5110593749999999,-0.00593474,1430.1756831750074,1433.7124988000073,-0.01,2967.37,0.07,2916.2640625,long_nclose,204.13848437500002,0.14273664891421597,3.0
1715602020000.0,192247,1715602020000.0,0.5110593749999999,-0.00593474,1430.6808078100075,1433.7501640600076,-0.01,2967.37,0.06,2916.2640625,long_nclose,174.97584375,0.12230250297258237,3.0
1715602260000.0,192251,1715602260000.0,0.5110593749999999,-0.00593474,1431.1859324450077,1433.6482293200077,-0.01,2967.37,0.05,2916.2640625,long_nclose,145.813203125,0.10188278113934213,4.0
1715603160000.0,192266,1715603160000.0,0.5110593749999999,-0.00593474,1431.6910570800078,1433.693294580008,-0.01,2967.37,0.04,2916.2640625,long_nclose,116.65056249999999,0.08147746814729259,15.0
1715603220000.0,192267,1715603220000.0,0.5110593749999999,-0.00593474,1432.196181715008,1433.701159840008,-0.01,2967.37,0.03,2916.2640625,long_nclose,87.487921875,0.06108654875076966,1.0
1715603280000.0,192268,1715603280000.0,0.5110593749999999,-0.00593474,1432.701306350008,1433.709625100008,-0.01,2967.37,0.02,2916.2640625,long_nclose,58.325281249999996,0.04071000772560974,1.0
1715603340000.0,192269,1715603340000.0,0.5110593749999999,-0.00593474,1433.2064309850082,1433.7142903600081,-0.01,2967.37,0.01,2916.2640625,long_nclose,29.162640624999998,0.02034782986911189,1.0
1715603400000.0,192270,1715603400000.0,0.5110593749999999,-0.00593474,1433.7115556200083,1433.7115556200083,-0.01,2967.37,0.0,2916.2640625,long_nclose,0.0,0.0,1.0
1715621340000.0,192569,1715621340000.0,0.0,-0.01176288,1433.6997927400082,1433.7353927400081,0.02,2940.72,0.02,2940.72,long_ientry_normal,58.8144,0.04102281404923492,299.0
1715666940000.0,193329,1715666940000.0,0.0,-0.01167668,1433.6881160600083,1433.0683160600083,0.02,2919.17,0.04,2929.9449999999997,long_rentry,117.19779999999999,0.08174567305619947,760.0
1715667060000.0,193331,1715667060000.0,0.0,-0.011612800000000001,1433.6765032600083,1432.7741032600084,0.02,2903.2,0.06,2921.0299999999997,long_rentry,175.26179999999997,0.12224640607659794,2.0
1715667420000.0,193337,1715667420000.0,0.0,-0.01733484,1433.6591684200082,1431.9581684200082,0.03,2889.14,0.09,2910.3999999999996,long_rentry,261.936,0.18270451287851883,6.0
1715696340000.0,193819,1715696340000.0,0.0,-0.028708499999999998,1433.6304599200082,1430.3117599200082,0.05,2870.85,0.14,2896.2749999999996,long_rentry,405.4785,0.28283334606508315,482.0
1715697060000.0,193831,1715697060000.0,0.5377000000000044,-0.01169264,1434.1564672800082,1437.0850672800082,-0.02,2923.16,0.12,2896.2749999999996,long_nclose,347.55299999999994,0.24233966650735247,12.0
1715766420000.0,194987,1715766420000.0,0.5377000000000044,-0.01169264,1434.6824746400082,1437.4799746400083,-0.02,2923.16,0.1,2896.2749999999996,long_nclose,289.6275,0.20187567989402921,1156.0
1715766660000.0,194991,1715766660000.0,0.2688500000000022,-0.00584632,1434.945478320008,1437.463228320008,-0.01,2923.16,0.09,2896.2749999999996,long_nclose,260.66474999999997,0.18165481123727334,4.0
1715776200000.0,195150,1715776200000.0,0.2688500000000022,-0.00584632,1435.208482000008,1438.779282000008,-0.01,2923.16,0.08,2896.2749999999996,long_nclose,231.70199999999997,0.16144135357750672,159.0
1715776200000.0,195150,1715776200000.0,0.5075500000000056,-0.0058940600000000004,1435.710137940008,1438.834587940008,-0.01,2947.03,0.07,2896.2749999999996,long_nclose,202.73925,0.14121182587099038,0.0
1715776260000.0,195151,1715776260000.0,0.5075500000000056,-0.0058940600000000004,1436.2117938800081,1439.7076938800083,-0.01,2947.03,0.06,2896.2749999999996,long_nclose,173.77649999999997,0.12099643015082952,1.0
1715776380000.0,195153,1715776380000.0,0.5075500000000056,-0.0058940600000000004,1436.7134498200082,1439.0776998200083,-0.01,2947.03,0.05,2896.2749999999996,long_nclose,144.81375,0.10079515161366541,2.0
1715776440000.0,195154,1715776440000.0,0.5075500000000056,-0.0058940600000000004,1437.2151057600083,1439.2237057600084,-0.01,2947.03,0.04,2896.2749999999996,long_nclose,115.85099999999998,0.08060797547680745,1.0
1715776500000.0,195155,1715776500000.0,0.5075500000000056,-0.0058940600000000004,1437.7167617000084,1439.1881117000084,-0.01,2947.03,0.03,2896.2749999999996,long_nclose,86.88824999999999,0.060434886978197405,1.0
1715776560000.0,195156,1715776560000.0,0.5075500000000056,-0.0058940600000000004,1438.2184176400085,1439.1663176400086,-0.01,2947.03,0.02,2896.2749999999996,long_nclose,57.92549999999999,0.040275871376373215,1.0
1715777100000.0,195165,1715777100000.0,0.5075500000000056,-0.0058940600000000004,1438.7200735800086,1439.2392235800087,-0.01,2947.03,0.01,2896.2749999999996,long_nclose,28.962749999999996,0.020130913950433146,9.0
1715777340000.0,195169,1715777340000.0,0.5075500000000056,-0.0058940600000000004,1439.2217295200087,1439.2217295200087,-0.01,2947.03,0.0,2896.2749999999996,long_nclose,0.0,0.0,4.0
1715828220000.0,196017,1715828220000.0,0.0,-0.01197604,1439.2097534800087,1439.3671534800087,0.02,2994.01,0.02,2994.01,long_ientry_normal,59.8802,0.04160630502621991,848.0
1715846940000.0,196329,1715846940000.0,0.27789999999999965,-0.006043600000000001,1439.4816098800086,1439.7613098800086,-0.01,3021.8,0.01,2994.01,long_nclose,29.9401,0.020799223688933218,312.0
1715862600000.0,196590,1715862600000.0,0.0,-0.0059558200000000006,1439.4756540600085,1439.5176540600085,0.01,2977.91,0.02,2985.96,long_ientry_partial,59.7192,0.04148677320909412,261.0
1715869200000.0,196700,1715869200000.0,0.0,-0.01185608,1439.4637979800086,1438.7557979800085,0.02,2964.02,0.04,2974.99,long_rentry,118.99959999999999,0.08266939409451732,110.0
1715871120000.0,196732,1715871120000.0,0.0,-0.01179084,1439.4520071400086,1438.3722071400086,0.02,2947.71,0.06,2965.896666666667,long_rentry,177.9538,0.12362607375397636,32.0
1715871720000.0,196742,1715871720000.0,0.0,-0.01760004,1439.4344071000087,1437.7087071000087,0.03,2933.34,0.09,2955.0444444444447,long_rentry,265.954,0.18476284760749234,10.0
1715929920000.0,197712,1715929920000.0,0.2742555555555509,-0.00596494,1439.7026977155642,1441.9391421600087,-0.01,2982.47,0.08,2955.0444444444447,long_nclose,236.40355555555558,0.16420303714834103,970.0
1715930100000.0,197715,1715930100000.0,0.5178555555555522,-0.0060136600000000005,1440.2145396111198,1444.0005285000086,-0.01,3006.83,0.07,2955.0444444444447,long_nclose,206.85311111111116,0.14362659549803233,3.0
1715930280000.0,197718,1715930280000.0,0.5178555555555522,-0.0060136600000000005,1440.7263815066754,1443.9841148400087,-0.01,3006.83,0.06,2955.0444444444447,long_nclose,177.30266666666668,0.123064774090725,3.0
1715930400000.0,197720,1715930400000.0,0.5178555555555522,-0.0060136600000000005,1441.238223402231,1444.3050011800087,-0.01,3006.83,0.05,2955.0444444444447,long_nclose,147.75222222222223,0.10251755734970297,2.0
1715931000000.0,197730,1715931000000.0,0.7614555555555534,-0.006062380000000001,1441.9936165777865,1444.8478388000087,-0.01,3031.19,0.04,2955.0444444444447,long_nclose,118.20177777777779,0.08197108254771636,10.0
1715933400000.0,197770,1715933400000.0,0.7614555555555534,-0.006062380000000001,1442.749009753342,1445.1398764200087,-0.01,3031.19,0.03,2955.0444444444447,long_nclose,88.65133333333334,0.061446123153804495,40.0
1715934240000.0,197784,1715934240000.0,1.0049555555555525,-0.00611108,1443.7478542288977,1445.6859653400088,-0.01,3055.54,0.02,2955.0444444444447,long_nclose,59.100888888888896,0.04093574145636015,14.0
1715935500000.0,197805,1715935500000.0,0.7614555555555534,-0.006062380000000001,1444.5032474044533,1445.2949029600088,-0.01,3031.19,0.01,2955.0444444444447,long_nclose,29.550444444444448,0.0204571671940108,21.0
1715936040000.0,197814,1715936040000.0,0.7614555555555534,-0.006062380000000001,1445.258640580009,1445.258640580009,-0.01,3031.19,0.0,2955.0444444444447,long_nclose,0.0,0.0,9.0
1715969160000.0,198366,1715969160000.0,0.0,-0.01228456,1445.246356020009,1445.263356020009,0.02,3071.14,0.02,3071.14,long_ientry_normal,61.422799999999995,0.042499882282456776,552.0
1715997360000.0,198836,1715997360000.0,0.2851000000000022,-0.0061993000000000005,1445.525256720009,1445.820656720009,-0.01,3099.65,0.01,3071.14,long_nclose,30.711399999999998,0.021245841162046634,470.0
1715998080000.0,198848,1715998080000.0,0.2851000000000022,-0.0061993000000000005,1445.8041574200092,1445.8041574200092,-0.01,3099.65,0.0,3071.14,long_nclose,0.0,0.0,12.0
1716043620000.0,199607,1716043620000.0,0.0,-0.01237896,1445.7917784600093,1445.8981784600091,0.02,3094.74,0.02,3094.74,long_ientry_normal,61.8948,0.04281031398997682,759.0
1716064320000.0,199952,1716064320000.0,0.28720000000000256,-0.00624692,1446.0727315400093,1446.3583315400092,-0.01,3123.46,0.01,3094.74,long_nclose,30.9474,0.021400998252032774,345.0
1716064380000.0,199953,1716064380000.0,0.28720000000000256,-0.00624692,1446.3536846200093,1446.3536846200093,-0.01,3123.46,0.0,3094.74,long_nclose,0.0,0.0,1.0
1716116640000.0,200824,1716116640000.0,0.0,-0.01235512,1446.3413295000094,1446.3139295000094,0.02,3088.78,0.02,3088.78,long_ientry_normal,61.775600000000004,0.04271163295966618,871.0
1716131580000.0,201073,1716131580000.0,0.0,-0.01226364,1446.3290658600095,1445.8280658600095,0.02,3065.91,0.04,3077.3450000000003,long_rentry,123.09380000000002,0.08510774131943934,249.0
1716168780000.0,201693,1716168780000.0,0.0,-0.012195200000000002,1446.3168706600095,1445.3094706600095,0.02,3048.8,0.06,3067.830000000001,long_rentry,184.06980000000004,0.12726796163001403,620.0
1716174360000.0,201786,1716174360000.0,0.28469999999999346,-0.0061926,1446.5953780600094,1448.0113780600093,-0.01,3096.3,0.05,3067.830000000001,long_nclose,153.39150000000004,0.10603621601895985,93.0
1716174420000.0,201787,1716174420000.0,0.28469999999999346,-0.0061926,1446.8738854600092,1448.0286854600092,-0.01,3096.3,0.04,3067.830000000001,long_nclose,122.71320000000003,0.084812644165587,1.0
1716174660000.0,201791,1716174660000.0,0.28469999999999346,-0.0061926,1447.152392860009,1447.9917928600091,-0.01,3096.3,0.03,3067.830000000001,long_nclose,92.03490000000002,0.06359724135072695,4.0
1716179460000.0,201871,1716179460000.0,0.28469999999999346,-0.0061926,1447.430900260009,1448.0255002600088,-0.01,3096.3,0.02,3067.830000000001,long_nclose,61.356600000000014,0.042390002858843374,80.0
1716179580000.0,201873,1716179580000.0,0.28469999999999346,-0.0061926,1447.7094076600088,1448.0258076600087,-0.01,3096.3,0.01,3067.830000000001,long_nclose,30.678300000000007,0.02119092397802856,2.0
1716180180000.0,201883,1716180180000.0,0.5375999999999931,-0.006243180000000001,1448.2407644800087,1448.2407644800087,-0.01,3121.59,0.0,3067.830000000001,long_nclose,0.0,0.0,10.0
1716187920000.0,202012,1716187920000.0,0.0,-0.012353120000000002,1448.2284113600087,1448.1822113600088,0.02,3088.28,0.02,3088.28,long_ientry_normal,61.765600000000006,0.04264907352701146,129.0
1716188220000.0,202017,1716188220000.0,0.0,-0.01226172,1448.2161496400088,1447.7359496400088,0.02,3065.43,0.04,3076.855,long_rentry,123.0742,0.08498330862460915,5.0
1716192300000.0,202085,1716192300000.0,0.28554999999999836,-0.00621082,1448.4954888200089,1449.309838820009,-0.01,3105.41,0.03,3076.855,long_nclose,92.30565,0.06372518983486455,68.0
1716194400000.0,202120,1716194400000.0,0.28554999999999836,-0.00621082,1448.774828000009,1449.318928000009,-0.01,3105.41,0.02,3076.855,long_nclose,61.5371,0.04247526862745825,35.0
1716194940000.0,202129,1716194940000.0,0.28554999999999836,-0.00621082,1449.054167180009,1449.339717180009,-0.01,3105.41,0.01,3076.855,long_nclose,30.76855,0.02123354026156137,9.0
1716195000000.0,202130,1716195000000.0,0.28554999999999836,-0.00621082,1449.333506360009,1449.333506360009,-0.01,3105.41,0.0,3076.855,long_nclose,0.0,0.0,1.0
1716208800000.0,202360,1716208800000.0,0.0,-0.01230564,1449.321200720009,1449.3870007200092,0.02,3076.41,0.02,3076.41,long_ientry_normal,61.5282,0.04245311527177921,230.0
1716218520000.0,202522,1716218520000.0,0.2855000000000018,-0.006209920000000001,1449.600490800009,1449.912090800009,-0.01,3104.96,0.01,3076.41,long_nclose,30.7641,0.021222467980141088,162.0
1716221100000.0,202565,1716221100000.0,0.5391000000000031,-0.006260640000000001,1450.133330160009,1450.133330160009,-0.01,3130.32,0.0,3076.41,long_nclose,0.0,0.0,43.0
1716267780000.0,203343,1716267780000.0,0.0,-0.014619280000000002,1450.118710880009,1450.1111108800092,0.02,3654.82,0.02,3654.82,long_ientry_normal,73.0964,0.05040718353026507,778.0
1716269580000.0,203373,1716269580000.0,0.0,-0.014506080000000001,1450.104204800009,1449.921404800009,0.02,3626.52,0.04,3640.67,long_rentry,145.6268,0.10042505877712705,30.0
1716272580000.0,203423,1716272580000.0,0.33789999999999965,-0.00734892,1450.434755880009,1451.5339558800092,-0.01,3674.46,0.03,3640.67,long_nclose,109.2201,0.07530162908550402,50.0
1716276120000.0,203482,1716276120000.0,0.33789999999999965,-0.00734892,1450.7653069600092,1451.386106960009,-0.01,3674.46,0.02,3640.67,long_nclose,72.8134,0.05018964794007658,59.0
1716276300000.0,203485,1716276300000.0,0.33789999999999965,-0.00734892,1451.0958580400093,1451.4061580400094,-0.01,3674.46,0.01,3640.67,long_nclose,36.4067,0.02508910751711084,3.0
1716276420000.0,203487,1716276420000.0,0.33789999999999965,-0.00734892,1451.4264091200093,1451.4264091200093,-0.01,3674.46,0.0,3640.67,long_nclose,0.0,0.0,2.0
1716311040000.0,204064,1716311040000.0,0.0,-0.01505408,1451.4113550400093,1451.4721550400093,0.02,3763.52,0.02,3763.52,long_ientry_normal,75.2704,0.051860142707733675,577.0
1716311460000.0,204071,1716311460000.0,0.0,-0.014936560000000002,1451.3964184800093,1451.1388184800094,0.02,3734.14,0.04,3748.83,long_rentry,149.9532,0.10331650132982975,7.0
1716319620000.0,204207,1716319620000.0,0.0,-0.01484416,1451.3815743200093,1449.6377743200094,0.02,3711.04,0.06,3736.2333333333336,long_rentry,224.174,0.15445559180743243,136.0
1716319680000.0,204208,1716319680000.0,0.0,-0.022140780000000002,1451.3594335400094,1447.9515335400095,0.03,3690.13,0.09,3720.865555555555,long_rentry,334.87789999999995,0.23073395346540698,1.0
1716325620000.0,204307,1716325620000.0,0.34534444444444945,-0.007510800000000001,1451.6972671844537,1454.4280227400093,-0.01,3755.4,0.08,3720.865555555555,long_nclose,297.6692444444444,0.20504911814139437,99.0
1716325920000.0,204312,1716325920000.0,0.34534444444444945,-0.007510800000000001,1452.035100828898,1454.4798119400093,-0.01,3755.4,0.07,3720.865555555555,long_nclose,260.4605888888889,0.1793762345966735,5.0
1716326160000.0,204316,1716326160000.0,0.34534444444444945,-0.007510800000000001,1452.3729344733424,1454.3232011400091,-0.01,3755.4,0.06,3720.865555555555,long_nclose,223.2519333333333,0.15371529449100388,4.0
1716328740000.0,204359,1716328740000.0,0.34534444444444945,-0.007510800000000001,1452.7107681177868,1454.227990340009,-0.01,3755.4,0.05,3720.865555555555,long_nclose,186.04327777777777,0.12806628949190335,43.0
1716328800000.0,204360,1716328800000.0,0.34534444444444945,-0.007510800000000001,1453.048601762231,1454.446779540009,-0.01,3755.4,0.04,3720.865555555555,long_nclose,148.8346222222222,0.1024292112746389,1.0
1716329880000.0,204378,1716329880000.0,0.6520444444444502,-0.007572140000000001,1453.6930740666755,1455.675307400009,-0.01,3786.07,0.03,3720.865555555555,long_nclose,111.62596666666666,0.0767878506529548,18.0
1716330000000.0,204380,1716330000000.0,0.6520444444444502,-0.007572140000000001,1454.33754637112,1455.639435260009,-0.01,3786.07,0.02,3720.865555555555,long_nclose,74.4173111111111,0.05116921535636486,2.0
1716330060000.0,204381,1716330060000.0,0.6520444444444502,-0.007572140000000001,1454.9820186755644,1455.6528631200088,-0.01,3786.07,0.01,3720.865555555555,long_nclose,37.20865555555555,0.025573275186882176,1.0
1716330960000.0,204396,1716330960000.0,0.6520444444444502,-0.007572140000000001,1455.6264909800088,1455.6264909800088,-0.01,3786.07,0.0,3720.865555555555,long_nclose,0.0,0.0,15.0
1716352500000.0,204755,1716352500000.0,0.0,-0.015059719999999999,1455.6114312600089,1455.631031260009,0.02,3764.93,0.02,3764.93,long_ientry_normal,75.2986,0.051729876794674445,359.0
1716353100000.0,204765,1716353100000.0,0.0,-0.014942240000000002,1455.596489020009,1454.618689020009,0.02,3735.56,0.04,3750.245,long_rentry,150.0098,0.10305726973894752,10.0
1716378780000.0,205193,1716378780000.0,0.0,-0.01484992,1455.581639100009,1454.0422391000088,0.02,3712.48,0.06,3737.6566666666668,long_rentry,224.2594,0.15406858260362527,428.0
1716379140000.0,205199,1716379140000.0,0.0,-0.0221496,1455.559489500009,1452.7438895000091,0.03,3691.6,0.09,3722.3044444444445,long_rentry,335.0074,0.23015713367722024,6.0
1716382200000.0,205250,1716382200000.0,0.0,-0.03663930000000001,1455.522850200009,1450.274750200009,0.05,3663.93,0.14,3701.4564285714287,long_rentry,518.2039000000001,0.3560259462287326,51.0
1716387720000.0,205342,1716387720000.0,0.6870714285714258,-0.01494324,1456.1949783885805,1460.880206960009,-0.02,3735.81,0.12,3701.4564285714287,long_nclose,444.17477142857143,0.30502424333319256,92.0
1716389220000.0,205367,1716389220000.0,0.6870714285714258,-0.01494324,1456.8671065771518,1460.425463720009,-0.02,3735.81,0.1,3701.4564285714287,long_nclose,370.1456428571429,0.25406959988738065,25.0
1716389400000.0,205370,1716389400000.0,0.3435357142857129,-0.00747162,1457.2031706714376,1460.5109921000092,-0.01,3735.81,0.09,3701.4564285714287,long_nclose,333.1310785714286,0.22860990510879228,3.0
1716391080000.0,205398,1716391080000.0,0.3435357142857129,-0.00747162,1457.5392347657234,1460.429920480009,-0.01,3735.81,0.08,3701.4564285714287,long_nclose,296.1165142857143,0.20316195078845364,28.0
1716392520000.0,205422,1716392520000.0,0.6486357142857151,-0.007532640000000001,1458.1803378400093,1462.5996878400092,-0.01,3766.32,0.07,3701.4564285714287,long_nclose,259.10195000000004,0.17768855008963133,24.0
1716392580000.0,205423,1716392580000.0,0.6486357142857151,-0.007532640000000001,1458.8214409142952,1462.7690552000095,-0.01,3766.32,0.06,3701.4564285714287,long_nclose,222.08738571428572,0.1522375388005647,1.0
1716393360000.0,205436,1716393360000.0,0.6486357142857151,-0.007532640000000001,1459.462543988581,1462.5717225600097,-0.01,3766.32,0.05,3701.4564285714287,long_nclose,185.07282142857144,0.12680888741603735,13.0
1716393480000.0,205438,1716393480000.0,0.6486357142857151,-0.007532640000000001,1460.103647062867,1462.6689899200098,-0.01,3766.32,0.04,3701.4564285714287,long_nclose,148.05825714285714,0.10140256648265346,2.0
1716393540000.0,205439,1716393540000.0,0.6486357142857151,-0.007532640000000001,1460.7447501371528,1462.62435728001,-0.01,3766.32,0.03,3701.4564285714287,long_nclose,111.04369285714286,0.07601854659872417,1.0
1716393600000.0,205440,1716393600000.0,0.6486357142857151,-0.007532640000000001,1461.3858532114386,1462.6825246400101,-0.01,3766.32,0.02,3701.4564285714287,long_nclose,74.02912857142857,0.050656798414154186,1.0
1716393660000.0,205441,1716393660000.0,0.6486357142857151,-0.007532640000000001,1462.0269562857245,1462.6556920000103,-0.01,3766.32,0.01,3701.4564285714287,long_nclose,37.014564285714286,0.025317292630328572,1.0
1716394200000.0,205450,1716394200000.0,0.6486357142857151,-0.007532640000000001,1462.6680593600104,1462.6680593600104,-0.01,3766.32,0.0,3701.4564285714287,long_nclose,0.0,0.0,9.0
1716400920000.0,205562,1716400920000.0,0.0,-0.014907840000000002,1462.6531515200104,1462.3819515200105,0.02,3726.96,0.02,3726.96,long_ientry_normal,74.53920000000001,0.05096163770784467,112.0
1716409200000.0,205700,1716409200000.0,0.3459000000000015,-0.007523100000000001,1462.9915284200104,1463.4079284200104,-0.01,3761.55,0.01,3726.96,long_nclose,37.269600000000004,0.02547492536764729,138.0
1716409320000.0,205702,1716409320000.0,0.3459000000000015,-0.007523100000000001,1463.3299053200103,1463.3299053200103,-0.01,3761.55,0.0,3726.96,long_nclose,0.0,0.0,2.0
